,square,rectangle,parallelogram,losange,isoTrapezoid,kite,rightKite,rustedHinge,hinge,trapezoid,random
square,0.0,0.004171659778927861,0.006435937986474016,0.009006199372723178,0.002423354988894122,0.0017926384088894354,0.001324680297427383,0.004526564101659747,0.00429727704511218,0.002691529818616867,0.0054441554135248316
rectangle,0.004171659778927861,0.0,0.0021218285088738797,0.004893041094932493,0.006914692932913802,0.004602860401457742,0.004462059674605778,0.00281890483779601,0.0017854627330222694,0.004626669180906151,0.007525957833742436
parallelogram,0.006435937986474016,0.0021218285088738797,1.1102230246251565e-16,0.0023205866758347904,0.008262224699341902,0.0068426044322406065,0.006108144041547248,0.0038439499035054503,0.0027127368748403047,0.004675185265927695,0.007022498813665234
losange,0.009006199372723178,0.004893041094932493,0.0023205866758347904,0.0,0.009246670354543407,0.009047343711068523,0.008402386096361236,0.004734787651377914,0.004174592321526616,0.0052479672294072355,0.005360233869645237
isoTrapezoid,0.002423354988894122,0.006914692932913802,0.008262224699341902,0.009246670354543407,0.0,0.002556953309092669,0.0022095032160919237,0.00662349337314283,0.006733787442893102,0.0029933000926645192,0.004273474896985374
kite,0.0017926384088894354,0.004602860401457742,0.0068426044322406065,0.009047343711068523,0.002556953309092669,0.0,0.0012985780726570972,0.005982489619851927,0.005788454994597236,0.0044284397485924165,0.0066361818020961305
rightKite,0.001324680297427383,0.004462059674605778,0.006108144041547248,0.008402386096361236,0.0022095032160919237,0.0012985780726570972,0.0,0.0054125438389529545,0.005196079942865861,0.0027494508260401673,0.005795737017389779
rustedHinge,0.004526564101659747,0.00281890483779601,0.0038439499035054503,0.004734787651377914,0.00662349337314283,0.005982489619851927,0.0054125438389529545,1.1102230246251565e-16,0.0005650596724735557,0.004545166187696514,0.005585430569436611
hinge,0.00429727704511218,0.0017854627330222694,0.0027127368748403047,0.004174592321526616,0.006733787442893102,0.005788454994597236,0.005196079942865861,0.0005650596724735557,0.0,0.00418510882454437,0.005735571112534199
trapezoid,0.002691529818616867,0.004626669180906151,0.004675185265927695,0.0052479672294072355,0.0029933000926645192,0.0044284397485924165,0.0027494508260401673,0.004545166187696514,0.00418510882454437,1.1102230246251565e-16,0.0025446612918578193
random,0.0054441554135248316,0.007525957833742436,0.007022498813665234,0.005360233869645237,0.004273474896985374,0.0066361818020961305,0.005795737017389779,0.005585430569436611,0.005735571112534199,0.0025446612918578193,1.1102230246251565e-16
