,square,rectangle,parallelogram,losange,isoTrapezoid,kite,rightKite,rustedHinge,hinge,trapezoid,random
square,0.0,0.03228990877740456,0.07461674807177976,0.10244309427512932,0.031161349360208757,0.029183989260917254,0.025486925739367727,0.05767381728885157,0.04803872334479542,0.042026149732725004,0.07027615537049536
rectangle,0.03228990877740456,2.220446049250313e-16,0.03886761951772155,0.07201835688326441,0.07315849513577455,0.05211931108094181,0.05251742322573527,0.048640288012538835,0.030358742088835156,0.057138270569373595,0.0919095053531378
parallelogram,0.07461674807177976,0.03886761951772155,0.0,0.022728520654394235,0.09517888266506591,0.09396211226444229,0.07667616111552056,0.07086243451842578,0.04973952415949312,0.042685362640063285,0.07176575271079966
losange,0.10244309427512932,0.07201835688326441,0.022728520654394235,0.0,0.10660401031509625,0.11506171918533425,0.09880348888794477,0.08268020145451327,0.068523944863639,0.04965740860849044,0.05916973568552064
isoTrapezoid,0.031161349360208757,0.07315849513577455,0.09517888266506591,0.10660401031509625,0.0,0.03261824967826754,0.02772598438308016,0.08070576384230699,0.07776984221670857,0.04014739799354483,0.05314684319661467
kite,0.029183989260917254,0.05211931108094181,0.09396211226444229,0.11506171918533425,0.03261824967826754,0.0,0.018348877373906336,0.07688551050899817,0.07244103952344783,0.06989394814861938,0.09200093459859149
rightKite,0.025486925739367727,0.05251742322573527,0.07667616111552056,0.09880348888794477,0.02772598438308016,0.018348877373906336,0.0,0.0732421151964936,0.06786844687463023,0.04008916790112682,0.07055107349360479
rustedHinge,0.05767381728885157,0.048640288012538835,0.07086243451842578,0.08268020145451327,0.08070576384230699,0.07688551050899817,0.0732421151964936,0.0,0.0069655835298341184,0.07164026477580798,0.07696265418304604
hinge,0.04803872334479542,0.030358742088835156,0.04973952415949312,0.068523944863639,0.07776984221670857,0.07244103952344783,0.06786844687463023,0.0069655835298341184,2.220446049250313e-16,0.059864756962944354,0.07132433160022211
trapezoid,0.042026149732725004,0.057138270569373595,0.042685362640063285,0.04965740860849044,0.04014739799354483,0.06989394814861938,0.04008916790112682,0.07164026477580798,0.059864756962944354,2.220446049250313e-16,0.02240592317087764
random,0.07027615537049536,0.0919095053531378,0.07176575271079966,0.05916973568552064,0.05314684319661467,0.09200093459859149,0.07055107349360479,0.07696265418304604,0.07132433160022211,0.02240592317087764,2.220446049250313e-16
