,square,rectangle,parallelogram,losange,isoTrapezoid,kite,rightKite,rustedHinge,hinge,trapezoid,random
square,0.582069264687539,0.6255463220468027,0.6502898875164081,0.6768355859902649,0.6099405767452695,0.6005825258500809,0.5955191107908311,0.6322946356556403,0.6297482625067329,0.6144619056215923,0.643019039608984
rectangle,0.6255463220468026,0.5762117180900334,0.6113292945633989,0.6393497178402351,0.6646465462703862,0.633122582846563,0.6310419700978473,0.6081042699139737,0.5968840388305217,0.6347584674595463,0.6657413378279472
parallelogram,0.6502898875164081,0.6113292945633989,0.5985164508329689,0.6250497466646088,0.6734469915989248,0.6563533787512029,0.6485933580329569,0.6295407928555186,0.6192441494915426,0.643324655091905,0.6690275027146105
losange,0.6768355859902649,0.6393497178402351,0.6250497466646088,0.601712596667927,0.6808518953301148,0.6754198448419126,0.6722034263394093,0.6392398071871985,0.6347896280820277,0.6512276756159663,0.6534306062588636
isoTrapezoid,0.6099405767452695,0.6646465462703862,0.6734469915989248,0.6808518953301148,0.5832676028774886,0.6133764106509321,0.6114887184802931,0.6624247972210826,0.6640061488290433,0.621194155412401,0.6369524445203661
kite,0.6005825258500809,0.633122582846563,0.6563533787512029,0.6754198448419126,0.6133764106509322,0.58489121673516,0.5983713485948853,0.6477632285731447,0.6457235318792747,0.6285906748584819,0.6509024968541671
rightKite,0.5955191107908311,0.6310419700978473,0.648593358032957,0.6722034263394093,0.6114887184802931,0.5983713485948852,0.5863323567317691,0.6415871489295514,0.638927983810449,0.6146930943285368,0.648688059011037
rustedHinge,0.6322946356556403,0.6081042699139737,0.6295407928555186,0.6392398071871985,0.6624247972210826,0.6477632285731446,0.6415871489295514,0.5903681325600953,0.5926259352999838,0.6385848125385267,0.6539810684293513
hinge,0.6297482625067329,0.5968840388305218,0.6192441494915427,0.6347896280820277,0.6640061488290433,0.6457235318792747,0.6389279838104489,0.5926259352999838,0.5859029405348993,0.6350096815421586,0.6553934707189359
trapezoid,0.6144619056215924,0.6347584674595463,0.643324655091905,0.6512276756159663,0.621194155412401,0.628590674858482,0.6146930943285368,0.6385848125385267,0.6350096815421586,0.5911501641416276,0.6241819146463371
random,0.643019039608984,0.6657413378279472,0.6690275027146105,0.6534306062588636,0.6369524445203663,0.6509024968541671,0.648688059011037,0.6539810684293513,0.6553934707189359,0.6241819146463371,0.5955671048751886
