,square,rectangle,parallelogram,losange,isoTrapezoid,kite,rightKite,rustedHinge,hinge,trapezoid,random
square,0.09791536900477615,0.10055712980828721,0.1168124772676635,0.1283103685057749,0.12644469061022054,0.14656839369321506,0.15221752214848233,0.1291740193985619,0.11444322892527987,0.10836985531975535,0.14596353643860874
rectangle,0.10055712980828724,0.044425734648208016,0.052119229117588615,0.06465986796544804,0.15840208411393725,0.15316091254491912,0.15642350031504268,0.08854608762776299,0.06741975091894714,0.09724004083491815,0.14803841587994676
parallelogram,0.1168124772676635,0.052119229117588615,0.04710856651289357,0.05222492804549326,0.17373970031060584,0.16793394634818798,0.173362984910961,0.09597885195827968,0.07506278824048448,0.10177672111711757,0.14687972779722416
losange,0.1283103685057749,0.06465986796544802,0.05222492804549326,0.050804145230815695,0.1782758303433656,0.17616458641829186,0.18515659524937667,0.10603100364858772,0.08642644366775824,0.10661607142263949,0.1441145671031809
isoTrapezoid,0.12644469061022054,0.15840208411393722,0.17373970031060584,0.1782758303433656,0.10696138184142794,0.14714534961684506,0.16777976186516125,0.1746768884223574,0.16701904084710265,0.1383750299556543,0.15265598451767567
kite,0.14656839369321503,0.15316091254491912,0.16793394634818798,0.17616458641829186,0.14714534961684503,0.15012827181098592,0.17261609817197202,0.17850186196970955,0.16936707230184583,0.1590882270551608,0.19095275397535255
rightKite,0.15221752214848233,0.15642350031504268,0.17336298491096097,0.18515659524937667,0.16777976186516128,0.17261609817197202,0.17586116632680915,0.17538542569689,0.16855133106228518,0.1644491859942881,0.20261487751495322
rustedHinge,0.1291740193985619,0.08854608762776299,0.09597885195827968,0.10603100364858772,0.17467688842235737,0.17850186196970955,0.17538542569689,0.0981673100314433,0.09352535294490517,0.12609824420176466,0.1655403843629554
hinge,0.11444322892527987,0.06741975091894714,0.07506278824048448,0.08642644366775824,0.16701904084710265,0.16936707230184583,0.16855133106228515,0.09352535294490516,0.07913435071752553,0.11058470907426748,0.15447432174067643
trapezoid,0.10836985531975532,0.09724004083491815,0.10177672111711757,0.10661607142263949,0.13837502995565426,0.15908822705516076,0.1644491859942881,0.12609824420176466,0.11058470907426748,0.10007650216450514,0.12977000939219754
random,0.14596353643860874,0.14803841587994676,0.14687972779722416,0.1441145671031809,0.15265598451767567,0.19095275397535255,0.20261487751495322,0.1655403843629554,0.15447432174067643,0.12977000939219752,0.13558371492682278
