,square,rectangle,parallelogram,losange,isoTrapezoid,kite,rightKite,rustedHinge,hinge,trapezoid,random
square,0.09820414395553355,0.10110319027718428,0.11815251505976405,0.1301654950705172,0.12791400892393512,0.14766444397058598,0.1533369809245046,0.1312016866403038,0.11642140870723205,0.11000221117564371,0.14818853332600118
rectangle,0.10110319027718428,0.045213207667881804,0.053962570175111794,0.06711034013732708,0.15964986219903618,0.15411252385738655,0.15754700991090576,0.09075411342236778,0.06954926100950741,0.09910684601566755,0.1502527035454555
parallelogram,0.11815251505976405,0.0539625701751118,0.048476143065993904,0.05380872896225803,0.1745555743168941,0.16868588233108986,0.17430114528503526,0.09810577165635935,0.07732311091896564,0.1032800027608743,0.14852481690861608
losange,0.13016549507051722,0.06711034013732708,0.05380872896225803,0.05209037252223707,0.17909254478990613,0.1770071139060703,0.18611162667162104,0.10823941951122511,0.0888448580829168,0.10810172837933961,0.14552005876009055
isoTrapezoid,0.12791400892393512,0.15964986219903618,0.17455557431689414,0.17909254478990613,0.10729331325151142,0.14758038410229757,0.1677104029056258,0.17534631685137494,0.16786340826930712,0.13868628241163825,0.15318192412572249
kite,0.14766444397058595,0.15411252385738655,0.1686858823310899,0.1770071139060703,0.14758038410229757,0.15012094687700653,0.17233274278985006,0.1788279548445639,0.16977689502364782,0.15941196173590352,0.19110786465463628
rightKite,0.1533369809245046,0.15754700991090576,0.17430114528503526,0.18611162667162104,0.1677104029056258,0.17233274278985006,0.17531170927012574,0.17576088750321142,0.16907167532872983,0.16468329751645652,0.2026361530725943
rustedHinge,0.1312016866403038,0.09075411342236778,0.09810577165635935,0.10823941951122514,0.17534631685137494,0.1788279548445639,0.17576088750321142,0.09912843418788336,0.09455451212483948,0.1275630798532809,0.16642053421890626
hinge,0.11642140870723204,0.06954926100950742,0.07732311091896564,0.0888448580829168,0.16786340826930712,0.16977689502364782,0.16907167532872983,0.09455451212483947,0.08019409911031461,0.11228705544856367,0.15560252630573126
trapezoid,0.11000221117564368,0.09910684601566755,0.1032800027608743,0.1081017283793396,0.13868628241163825,0.15941196173590352,0.16468329751645655,0.1275630798532809,0.11228705544856367,0.100980208809144,0.1307861017601691
random,0.14818853332600118,0.1502527035454555,0.1485248169086161,0.14552005876009055,0.15318192412572249,0.19110786465463628,0.20263615307259436,0.16642053421890626,0.1556025263057313,0.1307861017601691,0.13605162719110062
