,square,rectangle,parallelogram,losange,isoTrapezoid,kite,rightKite,rustedHinge,hinge,trapezoid,random
square,0.11107029930180529,0.12401616174413857,0.1474054532941863,0.1645942033858243,0.13641370600359645,0.14293572436355367,0.14097879925066595,0.14638483052719442,0.13706970354965367,0.13129536685797255,0.15854099012483147
rectangle,0.12401616174413854,0.09459517191949764,0.1162393479647588,0.13776114490819324,0.16504229379612245,0.15526757468150243,0.1533129573457304,0.1309350606363005,0.11654029618638834,0.1346617807600728,0.17234547017449944
parallelogram,0.1474054532941863,0.11623934796475882,0.10615986673360413,0.1189644914134015,0.17854880482052693,0.17767583786557992,0.17047813323429237,0.1438722710955952,0.12912788263232455,0.13477637086743996,0.16668683511449917
losange,0.16459420338582428,0.13776114490819324,0.1189644914134015,0.1093066323327458,0.1854469267381121,0.19224443725046458,0.1846256419332855,0.15359980523899466,0.14218823935239167,0.13874114970332416,0.1587922724985234
isoTrapezoid,0.13641370600359648,0.16504229379612245,0.17854880482052696,0.1854469267381121,0.12183661332037254,0.14807003948996272,0.15071128925374028,0.1770857857744078,0.17242385171713662,0.14331666376470695,0.155517436938371
kite,0.14293572436355367,0.15526757468150243,0.17767583786557992,0.19224443725046458,0.14807003948996272,0.13697846807326647,0.1501141737812602,0.18040814772941,0.17321809840456806,0.16400961454200585,0.18644112616254183
rightKite,0.14097879925066595,0.1533129573457304,0.17047813323429237,0.1846256419332855,0.15071128925374028,0.1501141737812602,0.14226718614898362,0.17445587752426886,0.1680905956794085,0.15212449820353793,0.17986947646567625
rustedHinge,0.14638483052719442,0.13093506063630053,0.14387227109559517,0.1535998052389947,0.1770857857744078,0.18040814772941002,0.17445587752426883,0.11711422723920681,0.11803506308380737,0.15184112399024063,0.17011946870191494
hinge,0.13706970354965367,0.11654029618638836,0.12912788263232455,0.1421882393523917,0.17242385171713662,0.17321809840456806,0.1680905956794085,0.11803506308380737,0.11028507969935893,0.14170246750235013,0.16494890495700393
trapezoid,0.13129536685797252,0.1346617807600728,0.13477637086743996,0.13874114970332416,0.14331666376470695,0.16400961454200585,0.15212449820353793,0.1518411239902406,0.14170246750235013,0.11450542056149422,0.1360303198643562
random,0.15854099012483147,0.17234547017449947,0.16668683511449917,0.1587922724985234,0.155517436938371,0.18644112616254183,0.17986947646567625,0.1701194687019149,0.16494890495700393,0.1360303198643562,0.12737500857185172
