,square,rectangle,parallelogram,losange,isoTrapezoid,kite,rightKite,rustedHinge,hinge,trapezoid,random
square,0.1767644961681312,0.20330181704506275,0.2307166023648221,0.25376637733944774,0.19658380363040512,0.19339792777204648,0.18929893947145454,0.21510934485163163,0.21023304189525224,0.20323325420239907,0.22823360055676903
rectangle,0.20330181704506275,0.16940621548779536,0.19857936799443562,0.22708504466127336,0.23694415169705638,0.21396738682384686,0.21175887182505457,0.2001562330193834,0.1889463330486118,0.21577898383730326,0.2472721638328609
parallelogram,0.2307166023648221,0.19857936799443562,0.18566006525364726,0.20753002952312674,0.25065545150543095,0.24122162345671677,0.23145212704516757,0.21868211503542145,0.2070819313236642,0.21749949696525667,0.24470352653110636
losange,0.25376637733944774,0.22708504466127336,0.20753002952312674,0.1891136129939954,0.2583456684237066,0.25934762235259706,0.2508453502814993,0.22948209854545012,0.22375874186929265,0.22268793304960444,0.22960604273388002
isoTrapezoid,0.19658380363040515,0.23694415169705638,0.25065545150543095,0.2583456684237066,0.1749840997521581,0.19958316736322312,0.1970741072725535,0.24042408736671636,0.23907757366618668,0.2052707359162806,0.21876998020876032
kite,0.19339792777204654,0.21396738682384686,0.24122162345671674,0.25934762235259706,0.19958316736322312,0.17928820229652243,0.19066004221184238,0.23201515290697122,0.22875042813674132,0.22038075160029666,0.24148676809797512
rightKite,0.18929893947145454,0.21175887182505457,0.23145212704516757,0.2508453502814993,0.1970741072725535,0.19066004221184243,0.1798441141304745,0.22717949744458646,0.22307603203965243,0.20386610150755355,0.2330376888282283
rustedHinge,0.21510934485163163,0.2001562330193834,0.21868211503542145,0.22948209854545007,0.24042408736671636,0.23201515290697122,0.22717949744458646,0.1803352339228994,0.18287936244240038,0.2232995707576903,0.23593252519927696
hinge,0.21023304189525224,0.18894633304861178,0.2070819313236642,0.22375874186929265,0.23907757366618668,0.22875042813674132,0.22307603203965243,0.18287936244240038,0.1776016155847846,0.2174902920817648,0.23553808910366236
trapezoid,0.20323325420239904,0.21577898383730326,0.21749949696525656,0.2226879330496045,0.2052707359162806,0.22038075160029666,0.20386610150755355,0.22329957075769033,0.2174902920817648,0.1815778764577355,0.20317957519863974
random,0.22823360055676903,0.24727216383286085,0.2447035265311064,0.22960604273388002,0.21876998020876032,0.24148676809797512,0.23303768882822828,0.23593252519927696,0.23553808910366236,0.20317957519863974,0.18439034963496537
