,square,rectangle,parallelogram,losange,isoTrapezoid,kite,rightKite,rustedHinge,hinge,trapezoid,random
square,0.09359508106287447,0.0946337377323908,0.11352587600996968,0.12436412774047877,0.12262799059474577,0.14470113182583758,0.1486322792807697,0.12414003167828602,0.10876933973056196,0.10485420580121302,0.14195673473648848
rectangle,0.09463373773239081,0.042206355846442584,0.05151573664813305,0.06319228084411348,0.1518577619702997,0.15169919042841598,0.1516900275531712,0.08632146509023804,0.06513466533042536,0.09193213126598651,0.14306202490552372
parallelogram,0.11352587600996968,0.05151573664813306,0.04729116239052889,0.05199866125765588,0.16990221349412316,0.16980148125980965,0.17126640748860708,0.09598615632124266,0.07428813871501785,0.09765051565797432,0.14320980886633725
losange,0.12436412774047877,0.06319228084411348,0.05199866125765589,0.05030722059626015,0.17388292772158379,0.17734499588283303,0.18191950893174197,0.10472231703411572,0.0843073270523047,0.10150221762849887,0.13961423494636666
isoTrapezoid,0.1226279905947458,0.1518577619702997,0.16990221349412316,0.17388292772158376,0.1044618056718401,0.14367897039821156,0.16367570261930697,0.16888086421511794,0.1606858241361523,0.13537776569339072,0.14905040223534408
kite,0.14470113182583758,0.15169919042841598,0.16980148125980965,0.17734499588283306,0.14367897039821156,0.1483939603894952,0.17049670123048713,0.1771794639202809,0.16726968322628177,0.15939287541424796,0.18997191284703804
rightKite,0.1486322792807697,0.1516900275531712,0.17126640748860708,0.181919508931742,0.16367570261930697,0.17049670123048713,0.17260232203690531,0.17163755911578643,0.16377669554406646,0.16183535367389526,0.19919175318027876
rustedHinge,0.12414003167828602,0.08632146509023804,0.09598615632124266,0.10472231703411572,0.16888086421511797,0.1771794639202809,0.17163755911578643,0.09492064950161896,0.09076060031154155,0.12188415184121595,0.16092411331968115
hinge,0.10876933973056196,0.06513466533042536,0.07428813871501785,0.08430732705230472,0.16068582413615232,0.16726968322628177,0.16377669554406646,0.09076060031154155,0.0765586675103766,0.10511061665010395,0.1487944076846105
trapezoid,0.10485420580121302,0.09193213126598651,0.09765051565797433,0.10150221762849888,0.1353777656933907,0.15939287541424796,0.1618353536738953,0.12188415184121595,0.10511061665010395,0.09433602313805801,0.12396137894876663
random,0.1419567347364885,0.14306202490552372,0.14320980886633725,0.13961423494636663,0.14905040223534408,0.18997191284703804,0.1991917531802787,0.16092411331968115,0.14879440768461052,0.12396137894876663,0.1293337767381784
