,square,rectangle,parallelogram,losange,isoTrapezoid,kite,rightKite,rustedHinge,hinge,trapezoid,random
square,0.0,0.004680328436808212,0.00882549491632667,0.012956805263955484,0.003321117263467732,0.002742597802258384,0.0018901690799626447,0.006059605789389688,0.0053984020787111175,0.0043193234489732335,0.008454982321230098
rectangle,0.004680328436808212,0.0,0.00359288712042527,0.008600130837783104,0.010258780218966757,0.006467138245621951,0.00594559351145596,0.004594687385378937,0.0027655900848849724,0.006687458000200097,0.012291244268079704
parallelogram,0.00882549491632667,0.00359288712042527,0.0,0.0029944213070294268,0.012365740693790483,0.010859969735542707,0.008759361323600001,0.006531903949365425,0.004493583517568012,0.005492138337142682,0.009954184796367227
losange,0.012956805263955484,0.008600130837783104,0.0029944213070294268,0.0,0.01418816743176421,0.014356236222964003,0.012172185414026204,0.008627113740573233,0.007505317895745933,0.006331992164590239,0.007470357850228759
isoTrapezoid,0.003321117263467732,0.010258780218966757,0.012365740693790483,0.01418816743176421,0.0,0.003761604907362104,0.00311588215010139,0.010401063825021817,0.01029316084426557,0.004685186775451267,0.006817498685944723
kite,0.002742597802258384,0.006467138245621951,0.010859969735542707,0.014356236222964003,0.003761604907362104,0.0,0.0019034871903683692,0.00939363593471787,0.009018123182243709,0.007667336114566825,0.011420060392517306
rightKite,0.0018901690799626447,0.00594559351145596,0.008759361323600001,0.012172185414026204,0.00311588215010139,0.0019034871903683692,0.0,0.008395203044651578,0.0077990089080789415,0.004191442715335225,0.009007449115827737
rustedHinge,0.006059605789389688,0.004594687385378937,0.006531903949365425,0.008627113740573233,0.010401063825021817,0.00939363593471787,0.008395203044651578,1.1102230246251565e-16,0.0006963546001150789,0.007191469212487478,0.009219334205510132
hinge,0.0053984020787111175,0.0027655900848849724,0.004493583517568012,0.007505317895745933,0.01029316084426557,0.009018123182243709,0.0077990089080789415,0.0006963546001150789,0.0,0.006216108273845777,0.009180105806008032
trapezoid,0.0043193234489732335,0.006687458000200097,0.005492138337142682,0.006331992164590239,0.004685186775451267,0.007667336114566825,0.004191442715335225,0.007191469212487478,0.006216108273845777,0.0,0.00298178495685808
random,0.008454982321230098,0.012291244268079704,0.009954184796367227,0.007470357850228759,0.006817498685944723,0.011420060392517306,0.009007449115827737,0.009219334205510132,0.009180105806008032,0.00298178495685808,0.0
