,square,rectangle,parallelogram,losange,isoTrapezoid,kite,rightKite,rustedHinge,hinge,trapezoid,random
square,2.220446049250313e-16,0.005500040985054522,0.011492705643263657,0.016720499792115873,0.0044085962837908665,0.0037607487573158016,0.002874855724820935,0.008350317895072568,0.0071838628087417256,0.005731680431887987,0.010854494799522052
rectangle,0.005500040985054522,0.0,0.004895663982177889,0.011421571218414917,0.012629984978081876,0.00797829527758076,0.007576681987177314,0.006362584762922174,0.003909233724607164,0.008436086122924458,0.015458292110088534
parallelogram,0.011492705643263657,0.004895663982177889,2.220446049250313e-16,0.0037058666632691084,0.01598577291842762,0.014190960816312437,0.011594422240675861,0.008886558869089178,0.0061997468986541016,0.007098423184403901,0.012668266136523054
losange,0.016720499792115873,0.011421571218414917,0.0037058666632691084,2.220446049250313e-16,0.018309007480446615,0.018731829344952988,0.01581014450159013,0.011882262303371638,0.010230453202641376,0.008138315066668955,0.009971818497345186
isoTrapezoid,0.0044085962837908665,0.012629984978081876,0.01598577291842762,0.018309007480446615,0.0,0.004889211131212323,0.004117138868939052,0.01372554017345795,0.013268742939524292,0.005984673785377259,0.008521692978744388
kite,0.0037607487573158016,0.00797829527758076,0.014190960816312437,0.018731829344952988,0.004889211131212323,0.0,0.0025084930241372483,0.01259020004087208,0.011817357575675369,0.010024848676997489,0.014845448958946794
rightKite,0.002874855724820935,0.007576681987177314,0.011594422240675861,0.01581014450159013,0.004117138868939052,0.0025084930241372483,0.0,0.011556874404836659,0.01059971689211725,0.005499626927180312,0.011485638596846703
rustedHinge,0.008350317895072568,0.006362584762922174,0.008886558869089178,0.011882262303371638,0.01372554017345795,0.01259020004087208,0.011556874404836659,0.0,0.0009311218771869134,0.009910547562888339,0.012253108807826707
hinge,0.0071838628087417256,0.003909233724607164,0.0061997468986541016,0.010230453202641376,0.013268742939524292,0.011817357575675369,0.01059971689211725,0.0009311218771869134,0.0,0.008428197537522775,0.011801909646041775
trapezoid,0.005731680431887987,0.008436086122924458,0.007098423184403901,0.008138315066668955,0.005984673785377259,0.010024848676997489,0.005499626927180312,0.009910547562888339,0.008428197537522775,2.220446049250313e-16,0.0036560166131965888
random,0.010854494799522052,0.015458292110088534,0.012668266136523054,0.009971818497345186,0.008521692978744388,0.014845448958946794,0.011485638596846703,0.012253108807826707,0.011801909646041775,0.0036560166131965888,0.0
