,square,rectangle,parallelogram,losange,isoTrapezoid,kite,rightKite,rustedHinge,hinge,trapezoid,random
square,0.0,0.004350345685078416,0.012394020923884863,0.018293927377559416,0.009638153249443615,0.008690523061531397,0.008449582685199242,0.013305270879534592,0.010640696260454274,0.009871892920473524,0.01684913697081103
rectangle,0.004350345685078416,2.220446049250313e-16,0.007819205274419927,0.015228971131972524,0.015706990033412804,0.012131570031679306,0.012238912638570465,0.012906394015769762,0.00925726266920901,0.01234837478780848,0.020741502889825902
parallelogram,0.012394020923884863,0.007819205274419927,2.220446049250313e-16,0.003930785502982426,0.014666522950108729,0.013622857271264666,0.012764404248078232,0.012313347723061363,0.010062467122009533,0.007483327754847835,0.014392987473650809
losange,0.018293927377559416,0.015228971131972524,0.003930785502982426,0.0,0.01633915078725179,0.01682865818670576,0.015433442817706866,0.014018917537823916,0.01304177303626386,0.00809203535038916,0.01158643897087952
isoTrapezoid,0.009638153249443615,0.015706990033412804,0.014666522950108729,0.01633915078725179,0.0,0.005777351286588517,0.004994751275342324,0.013888778804986623,0.013566777021632559,0.0052246561272103476,0.00859599493422536
kite,0.008690523061531397,0.012131570031679306,0.013622857271264666,0.01682865818670576,0.005777351286588517,0.0,0.0024124709821532475,0.011438704023197133,0.010590308919516733,0.009726894807786879,0.012826432601822702
rightKite,0.008449582685199242,0.012238912638570465,0.012764404248078232,0.015433442817706866,0.004994751275342324,0.0024124709821532475,0.0,0.009970440263361469,0.00933091069396541,0.0067079603472381955,0.010637245353205094
rustedHinge,0.013305270879534592,0.012906394015769762,0.012313347723061363,0.014018917537823916,0.013888778804986623,0.011438704023197133,0.009970440263361469,0.0,0.001185447110442106,0.012076116796203018,0.011663092567852806
hinge,0.010640696260454274,0.00925726266920901,0.010062467122009533,0.01304177303626386,0.013566777021632559,0.010590308919516733,0.00933091069396541,0.001185447110442106,0.0,0.010936518063700884,0.011624300259248654
trapezoid,0.009871892920473524,0.01234837478780848,0.007483327754847835,0.00809203535038916,0.0052246561272103476,0.009726894807786879,0.0067079603472381955,0.012076116796203018,0.010936518063700884,0.0,0.005121564431034509
random,0.01684913697081103,0.020741502889825902,0.014392987473650809,0.01158643897087952,0.00859599493422536,0.012826432601822702,0.010637245353205094,0.011663092567852806,0.011624300259248654,0.005121564431034509,0.0
