,square,rectangle,parallelogram,losange,isoTrapezoid,kite,rightKite,rustedHinge,hinge,trapezoid,random
square,0.0,0.004932427676999418,0.013047128841481737,0.019174946452988118,0.009757188835882391,0.00882815027230166,0.008796627395024625,0.014417834505743632,0.011638131737524371,0.010128431245153169,0.017444910576312367
rectangle,0.004932427676999418,0.0,0.007763701198170603,0.015433433587366263,0.016413971381580517,0.012268347107003308,0.012543994771227918,0.013098662478354561,0.009312753462508039,0.012705008036260623,0.021378713285023165
parallelogram,0.013047128841481737,0.007763701198170603,0.0,0.00435292464565773,0.01639560844592991,0.015067506586164403,0.013926793243364877,0.013650291377551249,0.010797506005372215,0.008415194877518517,0.015517215740074253
losange,0.019174946452988118,0.015433433587366263,0.00435292464565773,0.0,0.018078298462712916,0.018606610777998633,0.017099174582840715,0.0160871251182656,0.014496849547222856,0.008828073589058238,0.012084594503798507
isoTrapezoid,0.009757188835882391,0.016413971381580517,0.01639560844592991,0.018078298462712916,0.0,0.006321037835975263,0.005479790784487681,0.015579172624531235,0.015034747655998548,0.005862996475834992,0.009579741568331412
kite,0.00882815027230166,0.012268347107003308,0.015067506586164403,0.018606610777998633,0.006321037835975263,0.0,0.002879733125269457,0.013558759527089514,0.012526821941523436,0.011110565586423982,0.015153790476996942
rightKite,0.008796627395024625,0.012543994771227918,0.013926793243364877,0.017099174582840715,0.005479790784487681,0.002879733125269457,0.0,0.012015959615379934,0.011082544799374316,0.0075297896876278525,0.012544803931875737
rustedHinge,0.014417834505743632,0.013098662478354561,0.013650291377551249,0.0160871251182656,0.015579172624531235,0.013558759527089514,0.012015959615379934,0.0,0.0013128718113217808,0.013656258772065222,0.013879659905938646
hinge,0.011638131737524371,0.009312753462508039,0.010797506005372215,0.014496849547222856,0.015034747655998548,0.012526821941523436,0.011082544799374316,0.0013128718113217808,0.0,0.01217911755280321,0.013605666835558416
trapezoid,0.010128431245153169,0.012705008036260623,0.008415194877518517,0.008828073589058238,0.005862996475834992,0.011110565586423982,0.0075297896876278525,0.013656258772065222,0.01217911755280321,2.220446049250313e-16,0.005283380132034221
random,0.017444910576312367,0.021378713285023165,0.015517215740074253,0.012084594503798507,0.009579741568331412,0.015153790476996942,0.012544803931875737,0.013879659905938646,0.013605666835558416,0.005283380132034221,0.0
