,photo_face,photo_profil,photo_eyes,photo_face2,photo_walking,photo_standing,photo_hand,photo_legs,photo_bird,photo_butterfly,photo_girafe,photo_fish,photo_cherry,photo_tree,photo_flower,photo_carrot,photo_watch,photo_key,photo_truck,photo_velo,photo_road,photo_house,photo_mountain,photo_windmill,drawing_face,drawing_profil,drawing_eyes,drawing_face2,drawing_walking,drawing_standing,drawing_hand,drawing_legs,drawing_bird,drawing_butterfly,drawing_girafe,drawing_fish,drawing_cherry,drawing_tree,drawing_flower,drawing_carrot,drawing_watch,drawing_key,drawing_truck,drawing_velo,drawing_road,drawing_house,drawing_mountain,drawing_windmill,geo_face,geo_profil,geo_eyes,geo_face2,geo_walking,geo_standing,geo_hand,geo_legs,geo_bird,geo_butterfly,geo_girafe,geo_fish,geo_cherry,geo_tree,geo_flower,geo_carrot,geo_watch,geo_key,geo_truck,geo_velo,geo_road,geo_house,geo_mountain,geo_windmill,word_face,word_profil,word_eyes,word_face2,word_walking,word_standing,word_hand,word_legs,word_bird,word_butterfly,word_girafe,word_fish,word_cherry,word_tree,word_flower,word_carrot,word_watch,word_key,word_truck,word_velo,word_road,word_house,word_mountain,word_windmill
photo_face,0.0,129.7104330871958,179.7111572675819,152.35500355623478,101.4730623136263,119.93804629598822,93.33785383668315,80.67049331491049,159.20298802128013,165.27701991812347,171.08981823296872,161.38305396806385,115.06878920700655,94.24366610159214,137.6822498327363,137.1100244504216,124.23246145661471,172.38919036748578,179.0628299948197,142.65651960813108,178.09101220003765,136.6123033523352,154.43966686440265,142.23623639685545,149.5460703294641,123.72141318809986,176.06071776871863,152.64856766049493,115.522605758419,132.18866811295064,143.66845372893334,94.45769769983832,153.0814486090874,191.34981525852945,117.57048455892297,150.66365423085765,136.54523704064584,88.66086761746135,150.74092801043338,133.72075816234585,103.19925899900713,175.9694691172836,161.31071469845898,146.64550231969864,160.9885931845033,175.1725618827196,149.58710175738418,104.94269989824025,172.36902144144665,133.28566436752087,176.3132492802699,159.03986880616065,80.26994081525461,122.92019330660884,102.20678875430359,106.62786868714443,127.24866068012983,166.7815016809334,144.60570038953782,169.63872982711692,140.9370356798355,109.60684928267337,136.25820749073804,134.15347534272593,142.61145397025638,173.8093471043075,171.04528662051476,166.7856778086313,121.98134488055553,104.35577828435413,149.28755341928922,108.89855927446288,158.7412698366152,171.6153767999524,169.08088847228285,175.42935863817215,178.57610385662983,180.91150315596556,160.8459762707335,177.4013073582592,171.2633050934142,182.42850018174494,169.6500089630714,180.42777810607726,173.06649011784395,160.55397419258978,173.0990548865382,175.37643177557516,174.92404838556848,160.7087675419927,178.74816763560835,160.27244558810753,166.30607179927284,174.18450782778285,192.888384943427,166.8425075708854
photo_profil,129.7104330871958,0.0,166.03657805044907,139.03525284293585,153.44818511648552,171.7229083664159,140.0352830189363,159.4010055797859,190.81754166010504,157.39546831285935,174.04985169575608,198.6186933734875,150.22797752003302,138.43679971803215,186.4394069082986,200.93516115933,190.50238570951367,198.7095885877979,196.0327707624067,171.1653014760087,177.3589854504959,124.37083812409315,191.58297516297134,109.73953867925088,187.72369693088697,118.76959122483407,209.21647867817455,173.14734295999497,138.11815833750993,179.01262377284172,175.51397938711224,133.59058368599435,185.0503840523249,175.251865668461,156.16317152713944,194.15415478102835,155.01484278944383,166.46295560842563,165.97819658800614,198.01185710693974,176.2254274243899,214.60562874359567,202.03862789658874,173.86181270663187,201.8996897364529,165.33731744196547,199.63667602457187,129.99329999041097,129.58717433255828,196.35892756900571,213.97076656038175,179.1137009491891,158.13799497513386,163.6048345462951,149.3159796054297,168.50677235402492,193.95638152768123,152.2610713136461,174.54381342612743,195.7708197221728,160.13441405689616,179.9255439359875,196.3411430233698,197.3722627249956,203.21046164579957,211.2905900000109,197.53180484850728,191.6923087439519,143.8649740764296,130.595728888413,200.9072692183726,118.82797397507403,214.169069345901,212.69858914340534,211.0123340644372,215.2383180788358,215.67428338130134,216.78734895852355,212.08780918464353,214.45423309426533,209.59714031142178,219.99839290996698,210.3622534464446,218.6423019567105,210.65173887398234,214.25905211802072,213.6023602425534,211.75728692762954,213.3736568637577,215.39898977148982,216.17989439252622,216.03770885202056,217.5888525083529,211.8258573797935,229.02140828941234,217.76803354633606
photo_eyes,179.7111572675819,166.03657805044907,0.0,101.3657052685586,175.0399768304928,206.14359089798953,188.64179072281934,199.01298650466072,168.44543480857254,99.82751559562672,158.95584809075248,176.16684793022486,184.02300959045252,180.30483682527023,219.15111837575,210.26312372252482,208.86277660345715,176.54715129587055,113.66722686287493,148.2305222453088,66.97135051936007,136.35980698549585,144.97109029219098,160.79065662515475,160.05332972181537,156.08283728197492,186.02881112907707,136.47146254271988,193.95438261717385,190.51290392994332,218.15412005439174,182.17984829685685,161.61557348989112,148.43736842752065,191.40862534023097,172.18266786531268,118.67071742852835,179.02757254522578,197.39166303566657,211.56486288037163,189.31616809673034,193.55276459855705,151.8360341238506,125.81010672436392,179.7344724452614,98.62473086803112,182.2309862392581,174.64562619820646,174.9759394019089,215.1917802092239,193.51706589173295,229.78308921665243,186.24837075793525,200.3954818336438,183.79381099796487,205.79982128418365,221.6592939439402,147.28001619930166,196.93509250614383,174.16214753231586,166.08314200005805,190.51195275927165,209.1199568657053,211.20334240831377,215.09253760463343,193.33336406179933,158.8332369819609,155.27767005771025,187.3918924851803,179.48193138021068,168.64282134295922,185.60245056250642,203.28957165624308,202.1693012144026,199.08543360396445,197.20191794659857,193.7215798132634,195.18975713042963,201.6359501196558,194.59945063787674,195.98208178521088,200.21251894827645,198.9716858733774,194.7436614601653,191.1313988027375,200.9512814892077,203.241929148042,193.64395620300323,197.1974808389653,204.97330679528054,197.17536526069085,205.20326750488454,205.33924916637307,195.0419240691026,207.4965819258155,205.51323698614982
photo_face2,152.35500355623478,139.03525284293585,101.3657052685586,0.0,158.96200488453383,189.15730191569838,162.66899839654272,175.6972649499272,171.09289065313763,132.58006935900164,150.30737395120312,179.58136037056516,155.8325180849889,149.33102398939675,203.63961228024215,195.04701631500512,190.97623719955973,179.70945008132855,136.53910999737258,151.4798695014705,107.33095856614376,116.14424755128012,132.017757663318,137.58651751375996,145.87691964369796,132.12174722950704,189.52291483254422,156.33378229358496,164.2577152107487,172.69107549986867,198.9976649044156,151.03716598684093,160.5482564254942,163.46308588352855,167.95469022244265,174.11242495360344,119.25181486584945,161.20566532845183,185.51414395169658,195.64290918413616,171.91589589420963,195.9611061723662,155.9809281464168,130.40334397152094,181.13084447015308,108.74853215917237,175.03692458826345,150.80422712607654,164.01841808541914,200.41173968754578,195.66065743716982,208.58656029988163,161.2007712097298,171.84576136818097,154.52458921759637,178.71228781519898,204.0978042834636,148.13037571672336,176.04195571908022,176.03551857742664,137.50011270488258,173.20370045900313,193.3515187648279,194.98209958447865,198.39806473674778,192.5425512600295,160.3920170756438,157.38636564939125,161.84445562702385,150.0151498745441,159.88518803040535,163.71282410418561,197.39467861657516,195.29017435115898,193.5778500786987,198.06413918132162,194.88110033425448,195.8411141259757,194.9103660192184,195.4527299903808,192.28343810094745,200.9482710185441,193.12482833447604,195.6380069482867,192.63337066547615,197.06533106827834,196.55521058864272,194.20691881252387,196.3314697763624,198.49871977490076,198.11077711629284,198.93021853536922,200.49016420069458,194.37075654445724,208.13440097036968,200.78637012571357
photo_walking,101.4730623136263,153.44818511648552,175.0399768304928,158.96200488453383,0.0,132.8910638128683,101.29133071242767,116.3027924942605,156.34043141796363,160.97901038800896,163.11064301655264,160.56480001381385,98.57820437491596,107.95805596823422,150.59709485367966,151.95325064195544,145.09245373497225,169.71087147141884,170.9605774027057,137.00835082816556,171.76911056560155,154.18563322402346,144.0489289466242,147.20407424180397,145.8736031747506,137.2776470426075,174.5836228198307,156.48328550094675,107.92411228282022,150.13262123809668,141.73340716610957,112.3987984161992,150.78399452636998,191.2775392896137,112.05277053850436,148.98127482984478,130.7721261880862,109.3638254096923,162.49833711127692,149.65857108416085,121.04694881096155,174.1419553529249,151.41772934542752,133.12484804493488,162.63449091823026,168.5686439330086,145.30848650733122,138.67555753419575,180.1646208095355,157.97516041361357,175.81731124395273,172.70103753709907,99.0708370332467,138.16559768579054,112.95640733966614,123.42763847634849,148.3499074211851,175.4096753264332,136.11726729768884,170.8058530399165,142.01641557154994,122.74821751732345,152.92329565123296,151.39606649821073,155.3352113003741,175.96921081715763,166.65085975248448,162.46937154474773,127.43878784762147,132.39218000237042,140.5684340332202,122.38875540770344,156.65912749474867,173.48858912152173,168.75573368686264,176.97780981606533,180.40903405887912,182.7343054452733,158.43230532337586,179.07824313316627,173.5180607642924,183.5426455571612,171.99240437928452,181.82936143816053,174.77463969381367,159.24960662904428,172.89656721207183,177.27463656465807,177.28752400850186,160.34276877968557,180.99220392470917,157.1786135741108,165.29478097559212,175.1908034894266,193.8579691979103,167.38710103404537
photo_standing,119.93804629598822,171.7229083664159,206.14359089798953,189.15730191569838,132.8910638128683,0.0,126.7926637283688,113.3519799249168,172.97399508998106,187.37826410448105,177.0505509558192,170.02709099266752,138.54379316983312,150.5940310757352,71.25858040127116,112.3933896899524,102.18152429956925,176.95717150109343,198.1107194497806,165.08318323204057,199.28854093425036,186.43516581154677,179.88452005394865,174.89046260066766,170.62857244791454,172.602023136292,182.26291387845464,172.16722620720108,135.49923424283486,106.5891536542158,128.77834473467144,147.9492252997943,162.65545330438792,213.38130874906693,105.7687051001278,160.4474260159659,175.7051157134198,119.24604857576108,115.23151647417346,107.03278731449254,98.56133136883352,175.59292576377393,179.42284056472474,171.58521321830847,158.16729178732356,198.03060169675948,158.45859640640631,148.3923279145689,198.0169761434635,103.93375918063843,176.82920960170412,136.50578016730762,126.15694884492454,139.4119596174204,142.18778440620514,120.26737047578288,131.7962717510021,187.7058029266882,141.24673165540423,176.62055967518526,183.22896120504996,127.61771063418875,106.45075004718441,106.87374638831484,117.87918949572162,175.85693225196098,182.32891628621718,184.96388192636462,124.19312090681576,156.03838925776145,163.50193836652355,130.75571499962928,151.4327287742139,169.53860180331813,164.25080595457857,173.56731825689556,178.06207645851143,179.58838358172173,157.34896617614797,176.1670872432768,169.99268145678863,179.72848450463607,169.22940614161303,179.5677020170874,173.2704549817032,157.29204285585757,168.95318623301205,174.51081680009995,173.2916043927703,152.16945832400717,177.94529327669414,149.00970316085716,161.90092094499477,173.2629019145943,190.10462383026302,162.75879068065314
photo_hand,93.33785383668315,140.0352830189363,188.64179072281934,162.66899839654272,101.29133071242767,126.7926637283688,0.0,114.05678985928961,176.03290468305823,168.33778759523204,173.6018865567972,171.10455039094956,102.18564250484201,117.86438803228502,147.98664359745655,152.13520159404496,145.7084665814926,185.46287834992148,183.92718993348544,144.96422660211755,186.69225964952756,151.99951114467137,173.03021963128518,148.76400341616358,168.13394579370816,134.2702229869184,183.42823077879615,153.66598357918738,116.03854204135395,133.18190503332372,145.14136922034206,119.84563825121593,162.2433143784024,189.54071857056832,117.21980573357337,159.3764492230793,145.74522426037151,105.6540146108845,149.5636464344408,149.05951011169165,114.79303580221186,184.7533463036725,166.38360233108693,159.2277434265663,166.44469548370228,177.66641430021392,160.46797510552318,118.93203782987702,171.68413120554834,154.2739901847416,182.0241962627228,161.94171077723345,87.77390528379244,125.37895999940176,114.14849249233063,122.53181812169517,152.79910981515062,159.6463647479602,148.104750105868,170.87059808228102,163.50238360014015,117.64838539339547,144.89740747096351,147.98531077214713,152.05684183037616,180.20896623324634,172.58220468037038,166.69759116592954,133.61922181201743,122.6206176835653,164.78752195476025,99.29248155384099,164.94177739049843,174.09378263226242,173.82566931530957,178.77580294713889,182.5477800696444,183.2156956204545,166.87417756209945,179.9207718566725,174.2845797103949,185.60286100144592,172.98550947417613,183.5687227818137,178.23630045747706,167.03292504441512,175.91449670664673,178.52711693189855,177.94982058262244,166.96719319612302,182.67989912136372,168.3516921097967,171.78565727474896,177.83927365691724,194.77114039378256,172.41717003662262
photo_legs,80.67049331491049,159.4010055797859,199.01298650466072,175.6972649499272,116.3027924942605,113.3519799249168,114.05678985928961,0.0,174.72646667848167,179.0969423553677,191.02973674803627,179.80100849566554,121.3343243360759,111.48255404485522,134.3366807346537,129.78453805961186,118.25680283911392,189.0368796675733,192.3641422919585,158.94715262492718,193.82235522951748,163.2687442954809,168.53857246347144,163.74035028844176,155.38664423724134,149.1053320365985,191.9162041219296,168.14837568769548,110.14102603037846,128.69742212268972,134.4687553119164,109.45518599227023,162.028947150811,194.75361427309954,127.14620871679782,164.5138312316284,157.488664432457,105.43519053669466,148.5269895583407,123.67352588474878,91.04113783743915,189.21674944357437,175.7412047701334,163.9621967297185,174.57699986385228,189.84679727470274,159.24206466175016,122.40076891109469,185.4236825279619,116.54798657312828,189.08973148536953,152.35316860206393,84.0925268263096,111.04475849890494,102.7614245062637,90.27631325406622,107.65820421195727,171.16266565334055,161.09882772136012,182.94394516891958,148.44135042222973,113.76627987046267,128.07202132938144,122.48933770723107,129.77663345321966,186.114789996982,184.02511818239202,177.0005040543445,120.60782968858932,131.1271347273866,163.75298983327158,118.98156543657629,161.86467342422438,180.09176469407134,173.81617082344906,184.2095187713285,188.5410193678313,189.74300481580624,168.32378906779857,186.66920451598378,180.81757406778445,190.53037619296387,178.41951239525218,188.8409668149701,184.10487975023725,169.80349863677483,179.25961362135243,186.19901061111173,184.481654467492,162.73448435547098,188.62034511283866,160.58853910422792,174.17241623451304,184.07218434855918,200.06402842009493,175.25691148067028
photo_bird,159.20298802128013,190.81754166010504,168.44543480857254,171.09289065313763,156.34043141796363,172.97399508998106,176.03290468305823,174.72646667848167,0.0,145.64806191870824,169.37550296476178,80.54059623130313,173.13305018457,174.8657234578765,178.7396004551992,150.47047595061275,151.18154666736652,82.04653076391351,138.90035400083798,118.73946395487796,159.2982324063424,184.807166881291,160.25453798236936,197.23222806768192,169.6716454642889,182.01746536412992,105.0804272768861,119.97310243812424,186.588619757338,151.85993217475524,196.015151934697,173.94344898594588,71.72879434118259,191.99595082084613,156.22867655683967,71.15215635716048,164.87653404672696,149.69742338090398,160.33582536087667,155.77242243806728,147.49960408016565,106.52490179893705,133.50247106559223,123.28926210100965,91.87128360402019,146.1868526466428,110.80924127397878,176.5487072160031,212.63596338666326,157.34806922236663,111.42839902013813,200.54462156568007,159.10703428196388,180.56330300010728,175.81789414381674,177.16579235301418,178.7566048412383,169.78841175306363,160.21371781923096,103.31175303307431,189.96214105101612,141.02436374520275,167.21219253241864,164.90161019343154,156.72811834769732,107.08280009573288,129.10928561881695,140.490342717615,180.25295682997526,168.2941985235754,143.29757153704958,182.6976488308703,121.83492702843436,119.92079336715626,112.65813514390373,113.10914862738676,114.37536968339155,119.38757112706112,116.47131153316452,114.0540468569995,113.29602687238939,120.16293315080448,113.48504299975149,117.7107721718,106.87497304384759,115.98529238515539,121.32641301733116,113.90250609569318,112.368546090228,122.53854649286687,115.44667473397169,123.20301684798949,124.32975543214049,111.67091976857327,136.1314994323046,125.07414725937718
photo_butterfly,165.27701991812347,157.39546831285935,99.82751559562672,132.58006935900164,160.97901038800896,187.37826410448105,168.33778759523204,179.0969423553677,145.64806191870824,0.0,163.7842488597193,154.47920989630822,161.9003303498185,161.93317056865413,202.88074753862801,195.44217585313345,189.60816830388413,156.0577207181425,120.35976282110668,121.98244474411764,94.86327649474333,145.33233250420543,161.76842827545536,146.54813988085462,172.04886891349267,153.80974123751017,168.05389407762846,93.70116098626873,174.59605288881232,170.20530603511506,201.8749301352835,164.46986710993,134.8467241548013,116.43887652066086,171.2322572800645,149.02722880896602,117.40736160236027,160.14134747882485,179.13989929619981,193.91240459949796,168.7669140629248,174.18484736070482,143.74865712237062,108.99123582525134,159.1026610169935,107.41778673353801,166.08564969821282,152.77983677597652,162.55410660188173,197.1857943520161,173.23252036616012,209.10354431220557,163.69040719367723,173.84986786764668,167.41663563620287,183.96757759586134,205.25495140489284,126.87671334821613,181.6017274101498,148.37372792620803,179.3330903155379,169.63673385409797,189.76249255378193,193.3166729495882,196.80085322794542,173.12893567851438,139.21418030170642,131.66551056494384,170.78762335535316,167.66580397824552,160.15535854666086,165.50305586222484,180.1549341198249,178.48435782205675,175.51104805054533,173.09113630226145,174.40484624510864,175.80777376832657,178.66889177323287,172.61431337326033,171.65777810007057,179.02354331740736,174.83271093395516,177.7740341774509,168.87272028415515,178.4232159218496,179.26883169490435,170.30174496750038,173.04779462752552,182.0755403881618,175.83133527651304,183.3769811281014,183.2646858702954,171.39972535683353,188.9821326826975,183.88065768773404
photo_girafe,171.08981823296872,174.04985169575608,158.95584809075248,150.30737395120312,163.11064301655264,177.0505509558192,173.6018865567972,191.02973674803627,169.37550296476178,163.7842488597193,0.0,175.9723661705438,177.101539137282,174.9697357841493,177.0874766868725,177.81277704047216,185.82384072410898,181.76543706122638,166.72476164255207,174.69129302430747,162.29843016131332,162.35493697885448,176.02042325077616,171.59561918882625,181.0826184858601,170.604276866559,185.40409901248856,167.10215837626606,174.05499915233537,168.34920257543715,197.174064194019,172.86979256077993,161.8607924634429,182.4447328958983,136.22612171838384,168.74578583704445,164.2796131536479,171.45274205663364,177.74725776045773,175.76987061866026,171.80196379861025,191.34033959846423,177.296550193459,162.18990465435536,175.24068014187256,175.63065723141736,181.1754060474704,171.73863032758376,189.74919345689298,188.7961130414713,188.56103440310918,185.10753187536517,177.4260744226686,182.10971596219142,167.84898838253946,184.0733180566083,216.119060943281,188.95876183388702,130.44214571123726,181.95473234592046,181.77310140676505,177.8191157267163,172.61761735357456,172.37773218959373,187.9593857487657,184.8899796305465,179.79746366522036,183.01158881688667,170.39656467102094,165.9127203046285,168.47131528209616,181.2890629804794,190.49822286756705,189.51688692101914,186.49898127045373,193.88061664066063,190.1969587921925,192.3127821055602,186.7168467966265,191.90018264921054,188.54061952417624,195.06076583122456,186.96779192089224,192.0563133753602,188.75445308393384,189.4272387114898,190.6989911537572,190.25293983061118,191.31942679140934,190.35793721846034,194.1862340046389,191.36263435424533,193.24755410163618,190.61119914355467,205.60838327157094,193.44126077031842
photo_fish,161.38305396806385,198.6186933734875,176.16684793022486,179.58136037056516,160.56480001381385,170.02709099266752,171.10455039094956,179.80100849566554,80.54059623130313,154.47920989630822,175.9723661705438,0.0,173.120079404459,178.75231404966496,175.81704115544548,148.6854777297248,154.82598418921282,76.00950048313622,137.6099379026179,109.73327351719013,166.38633603974094,180.909394435567,162.02138965388443,205.53872768556195,162.83353215979847,171.61431853509444,78.71378959642374,131.15709493365907,191.35102889720503,148.00414848337044,190.59328379071212,178.15343699213435,108.77329768012754,197.3393167001962,158.59021435076,70.30095626333275,160.77561928269037,151.49895449464043,158.5497060346118,156.68019462356358,151.11550304931652,82.63365584660592,108.95898332342654,118.74607523596262,83.14919029909044,156.41327170864014,93.2639783938752,181.943481646146,220.14134068091846,156.77899182162074,88.14908646908624,200.5586476124937,162.6519655822402,188.75424813435473,180.98634034176695,180.08165955768783,169.35179754089967,174.0237296436489,160.9964600127206,73.35204931773197,193.1857247447932,143.33535489139223,163.9273270054943,165.33446392226477,159.04461219537166,87.16508752656297,101.14240369170015,122.92275555737977,183.29255004026606,174.78983515451873,134.4982982859805,191.14935963188879,107.99817455319666,105.13897802379655,97.1079800226609,95.81843060467925,94.87514401488906,100.33351745260335,101.05268067244444,93.9259399602836,93.8507590812041,104.38135623020673,98.67465302065646,101.26561196454685,85.09926931807848,99.97660712503145,106.69966506574025,90.93067239647696,93.33302371764302,109.35576649356027,96.7054096903342,108.87863691328356,109.48328244934264,91.28102956837414,121.37021893753762,109.48604861047356
photo_cherry,115.06878920700655,150.22797752003302,184.02300959045252,155.8325180849889,98.57820437491596,138.54379316983312,102.18564250484201,121.3343243360759,173.13305018457,161.9003303498185,177.101539137282,173.120079404459,0.0,95.94218815677756,158.23421069067916,160.41401952054116,149.31530319078183,185.22474679462056,178.96920813397332,135.17702181134217,181.71582806312267,160.03056529288287,149.1477108581681,138.87064207582014,159.30621776275257,153.23185409468923,187.36793539819993,162.216810574921,99.26092491705649,157.64145083116753,158.7990235906341,100.53451478924009,157.34545012865456,183.8095178151097,123.33592309128139,157.21911886206706,140.77102954092922,117.1321170082672,172.79848326080045,154.2866326753284,121.44934001626312,184.66531431911883,162.19151091602086,146.64939144298404,171.4667902953072,173.09585314532748,143.2594654079062,123.37672212144791,178.878824435485,163.5556789779316,185.3638955242168,173.14506485797338,110.25984118805839,137.86689541626882,134.72196517992165,124.0587006835899,155.921161412057,156.81533845637858,145.25060884389453,166.98360027043674,146.8499690278228,123.87541786327616,158.2968707525511,154.10746853308228,155.9791049623242,182.54516532937828,170.54801679052983,156.40364642747738,114.7152654532262,132.61725145794108,161.5155642940462,117.42826569254352,159.14267579643442,175.14258230849882,172.4458607895381,179.96320199025678,183.8589203992553,184.3521719947125,162.3900706647087,180.92721849050332,173.92380710907545,186.83552501776626,173.73285457103498,185.19864670726517,177.99937903020876,164.4976099821994,173.35870184630727,179.8752897288345,179.38000953021805,163.04549583424475,183.48459017878744,161.8787775107892,169.35062678150425,177.69152062806717,196.6855495448604,171.099278951295
photo_tree,94.24366610159214,138.43679971803215,180.30483682527023,149.33102398939675,107.95805596823422,150.5940310757352,117.86438803228502,111.48255404485522,174.8657234578765,161.93317056865413,174.9697357841493,178.75231404966496,95.94218815677756,0.0,162.4378968391656,154.4618851237739,137.49653152643114,187.14414047365045,179.4248732523433,147.131831378551,182.1927802051289,128.7616047509999,144.02418857080028,140.97964990629103,143.9425710157007,138.9886835184744,192.43904897556368,168.59800404405644,87.34824439113106,151.86493822094215,169.82974290207068,57.78613458507493,160.9011841788719,183.8855679907311,116.2612553757583,165.1071371971742,130.5868753359596,100.19376361876358,181.69820325687678,149.1335278874756,116.74736182715988,190.87491362969476,166.31144567054872,147.98754968482842,177.61089517885014,171.36507196939579,151.3048090928574,121.7700878154307,174.10387085939706,159.11897163012105,191.43297391144793,174.3587473345131,100.49547261792316,122.7226714318464,101.26988391167573,106.54119721873884,149.90165631971846,165.09381778836934,148.30870657999694,175.53580550137033,117.12423615303149,118.00750373043057,153.1021124592906,149.38097722441788,149.89694349656142,188.1053110012355,175.08993397980666,164.71660803759391,108.3980653226425,100.6419945895508,158.05019087654802,129.3378897023102,167.26060926064844,182.78024148030863,180.20771015474892,187.48417264170354,190.2674011222081,190.83743727526098,170.18884704260935,188.30000489667404,182.12205632718548,193.40097916205735,180.9898182000367,191.76940548621852,185.3615084420597,171.69422036069722,181.83373773789634,187.45027712098957,186.84501335771583,170.8158891847357,190.91274884641305,169.77884025811025,176.5373045273161,185.62032766095356,203.56792568894596,177.50085889671794
photo_flower,137.6822498327363,186.4394069082986,219.15111837575,203.63961228024215,150.59709485367966,71.25858040127116,147.98664359745655,134.3366807346537,178.7396004551992,202.88074753862801,177.0874766868725,175.81704115544548,158.23421069067916,162.4378968391656,0.0,105.85426010616023,103.47954807904661,182.3802897291733,207.29411744241034,176.66031314008836,212.93849431494326,199.93496170404268,191.02507993649118,191.4714945491984,174.3206291577617,187.42253870186227,185.23833796696377,185.00186741086605,153.59611340363574,116.81835241108817,132.6579235922289,162.3105077683417,167.1170103807823,222.47126172217313,117.73739392232808,164.16674803091124,190.19641890342294,125.52829178563202,127.71352056179055,95.20493163551359,110.97989603858366,180.06364906035512,185.80786999139096,186.45048122328816,161.88275807404156,208.83384792052695,162.84225648851137,164.9229466840136,207.86612110145472,95.6729363052091,180.05711672451397,138.51049788061977,141.65748793530935,149.55474154484511,158.82863194353533,134.35055836423848,134.7111607386378,202.68401368998326,140.79901141292981,179.04210293752786,192.34157641431304,129.84024101008728,93.02132689838602,95.05599487857405,114.39115619590115,177.29071079656293,188.90662028409955,193.26238588808366,140.27916416574908,167.6205951557976,170.64860838950528,147.05048907602196,154.33152895703984,172.96999624101883,167.41780441617504,178.1343222558445,181.16976588394493,182.57684217143853,159.4338265758262,179.81858530984167,173.6182042158487,183.05548297969406,172.62510251284587,182.7187970870971,177.0312377973289,160.12313471238372,172.2628920495312,177.85653504263416,176.96935672575427,154.89964828012364,181.777580597972,151.8348435400401,164.30844697114017,177.22147967650747,193.38922515294448,164.8264253248731
photo_carrot,137.1100244504216,200.93516115933,210.26312372252482,195.04701631500512,151.95325064195544,112.3933896899524,152.13520159404496,129.78453805961186,150.47047595061275,195.44217585313345,177.81277704047216,148.6854777297248,160.41401952054116,154.4618851237739,105.85426010616023,0.0,95.82765295173655,157.13663989396238,189.78523084112027,168.21165343344413,201.7008497284711,193.20603934618904,164.21493116619297,206.39354377656085,164.5616046334633,186.4323763292596,162.16835433141506,178.30056006482633,156.49657364934498,98.47700107347669,153.24783218869285,151.45243171227142,143.14893799144284,211.71768038334133,124.73336531089589,138.11241386237856,181.11129755630336,120.72910640086941,142.64366421080425,40.90828755619251,94.25732000528474,153.0989582840642,168.30632713875036,174.8161209950888,132.7194224169179,202.6749500930522,133.91050018953314,170.04399834426673,213.24830398964087,67.58750462917747,156.81955277210164,146.37173385978153,129.4959922914626,139.79566848722996,147.6236041902727,120.38143414104354,111.749585894571,197.67945663690713,148.90730051654168,158.668200162294,169.78109005685337,102.4269689872548,75.20275079756773,65.84617269930992,77.22440394299741,152.10356108508483,170.7785786345897,185.9284303755529,144.4601690357792,158.9606275617784,158.1341029197085,165.7977612755427,125.95444101391692,148.44320941415032,140.80713777334827,153.23951236769918,156.3068729823488,158.41315332306408,132.0498568394929,155.46657374405626,149.0928412390515,158.2816609599306,148.18155723108933,157.90585917278455,152.20280716659582,132.40879357217437,147.214009865649,154.36169746312012,152.49970523271944,125.77391441809982,157.3111669073193,121.4214117118382,136.9051623231323,152.45599117719806,168.15822365050448,137.02959974092863
photo_watch,124.23246145661471,190.50238570951367,208.86277660345715,190.97623719955973,145.09245373497225,102.18152429956925,145.7084665814926,118.25680283911392,151.18154666736652,189.60816830388413,185.82384072410898,154.82598418921282,149.31530319078183,137.49653152643114,103.47954807904661,95.82765295173655,0.0,164.91363359687008,192.3381493153216,163.58575117548313,201.83664525608555,187.326212357101,161.9457865206188,194.94184357415506,165.82967541632186,178.78110872377937,167.4811044597231,170.98970257877266,142.88946282482542,115.20286773879788,154.4007864156211,139.2264469066408,138.62360967555858,214.2834873941952,116.51748893545516,136.80276667859437,176.93941590499773,98.6808752093075,149.5313658314887,93.10441143366742,84.55530796502956,165.3660210791122,171.78965824748255,170.71055843029626,149.59277211916415,200.3849685526078,133.72966956850095,155.99542894218615,214.6253113921769,97.9872071787634,165.6486804478829,164.83088419142263,116.91593956131636,134.3328752294125,136.6933120536125,120.83987566250998,122.60026145952014,188.84753931232086,151.25459628073355,160.5939998047882,162.3550829246325,95.48652861607384,112.09130951473195,112.10483368909038,91.5206021763957,161.9113673851594,179.3003456633515,182.7290756680916,134.8826088334734,143.95842823935672,170.03896883076592,153.35211187311293,136.44271133642346,158.11392780423245,150.1460062792236,163.58254504042324,167.04475398412688,168.33789112235118,141.83823434300243,164.9924888793974,158.72984917994032,169.1145338845748,156.05116259883283,167.4744073034958,161.99167949485346,143.81439921658537,157.59447073432227,164.36568518090584,162.2755633098181,137.32416981312699,167.30772156709816,134.05813489068376,149.21907352207486,162.32185067582446,181.04569444085388,149.76603809980264
photo_key,172.38919036748578,198.7095885877979,176.54715129587055,179.70945008132855,169.71087147141884,176.95717150109343,185.46287834992148,189.0368796675733,82.04653076391351,156.0577207181425,181.76543706122638,76.00950048313622,185.22474679462056,187.14414047365045,182.3802897291733,157.13663989396238,164.91363359687008,0.0,149.99898008324126,132.3371195090886,166.77355703455726,190.6932107950823,169.7007239053567,205.06326738668398,174.32001640453527,180.73869934778233,69.26805752208575,136.3109628083865,199.06100916869303,156.57979100370957,196.19882627163628,187.41465973721444,108.61978462086033,198.67579038718108,168.49745165110744,98.77050550402681,172.02121045218004,163.55781687398752,154.73287229406844,163.7922403213481,163.5495521399571,66.36179504915309,130.91785123318823,135.61233255550374,89.84218572807728,158.93221295918656,101.44160508427424,187.1570828274542,219.19578910408188,164.11249603262053,75.06642216074135,197.0503950058727,174.25452486242787,191.81028891384318,188.02308963645834,186.53704192381988,173.68782608815144,177.7619244185708,159.40514281273312,92.78528306681397,200.12924431853273,157.23250333777304,171.41990685862035,172.47068429947035,165.90958301576038,73.65658521204567,115.82506591952503,141.3513005735056,192.13258978765637,182.62521801232523,139.96151366143292,192.8614699436449,105.01098228722441,97.17711937614236,90.04724277422223,85.69662225119612,86.20951602571303,92.52161395540811,94.33144628404186,87.94143733152356,86.67709047729663,92.2777369427822,90.96288146015748,92.88758285186682,78.62894610687258,93.47339059362658,99.46629286728816,83.21289686721238,85.20754082623674,104.94726397883859,88.99807785477752,104.69320463574039,98.84037838873998,83.4146018589064,107.94126725682526,99.497551641482
photo_truck,179.0628299948197,196.0327707624067,113.66722686287493,136.53910999737258,170.9605774027057,198.1107194497806,183.92718993348544,192.3641422919585,138.90035400083798,120.35976282110668,166.72476164255207,137.6099379026179,178.96920813397332,179.4248732523433,207.29411744241034,189.78523084112027,192.3381493153216,149.99898008324126,0.0,121.37535838470116,104.9536080584857,156.76085584180404,130.74991587504547,189.85512538217228,138.13086370004248,176.75927680689313,150.7899042804624,130.950640464949,192.1877215339943,180.93230535081403,212.3751164295377,184.3539134268917,135.57166473052575,171.52135809449186,187.07311215162446,130.30407306505404,133.70178479482138,171.30392265246977,197.51324133127176,192.6798948699263,179.20975219511018,156.1452784424164,103.58767675574104,101.58574951414644,138.67895822411427,99.44482379894204,144.0146909095717,186.6960694991213,200.49562341629473,192.55554358732394,156.2902388337665,232.46992105972808,178.35324845586658,199.06914128299167,182.6511067454942,198.38861141061508,203.92415179334117,168.76576474205007,191.0705035493353,125.03802226106752,168.78961846706645,166.03915889280964,194.9418838100771,196.7421124169018,192.5619262372631,154.05370418026828,103.07267477718536,117.91880909179874,189.20039746567113,193.5060023188206,140.5898741939379,197.64047754617764,165.84378716188252,162.91169931525465,160.0817639918318,156.54117849882707,152.93593053237328,153.86441846686353,164.0691356673508,153.23398253462065,155.4804795417179,160.00565707814675,158.9433100249645,153.65843210316524,151.45379529700153,163.52279476414077,163.53772103069858,154.7868586631869,156.5291035531318,167.49309101491843,157.60512554583596,168.91035796417708,168.17812759783104,155.14027029872318,168.04129154395633,168.54467268592344
photo_velo,142.65651960813108,171.1653014760087,148.2305222453088,151.4798695014705,137.00835082816556,165.08318323204057,144.96422660211755,158.94715262492718,118.73946395487796,121.98244474411764,174.69129302430747,109.73327351719013,135.17702181134217,147.131831378551,176.66031314008836,168.21165343344413,163.58575117548313,132.3371195090886,121.37535838470116,0.0,145.44656172232828,150.41097363638244,152.0433397445881,173.5743744524247,150.54264298057765,155.9799827085953,130.17919610367179,104.34511459626258,160.12495194579793,142.7457965719465,170.6958062604058,152.17123167728633,119.88211801289142,166.68667397716985,157.86659205958145,93.50349024594934,129.30472746947837,127.64057798162506,163.81403451282014,164.93233634046376,138.5114331683406,130.92253393073395,110.38599573799739,74.9338729385459,114.88266080856265,118.65477579644948,123.67858794124953,151.87582468906743,186.14731258317656,168.4128888635201,131.6943259720237,206.3805776402701,136.38104159318914,168.1522417429632,157.93093501020542,163.364780900328,178.12549856279554,129.19346546225805,165.55951731545636,102.49247981671886,180.84502957794896,134.69479820246247,161.45971637337735,164.40368382865654,168.86755824066785,134.11931897897068,108.01525209174186,93.7142050249946,162.64542391756615,163.4877924567316,137.4081815463644,163.03708857186348,140.4943471392026,138.49659182285853,133.604004836147,131.55012360893244,135.20664568733199,136.58922999875415,137.78624873060716,131.78162597847992,130.32427214418001,140.96436721095168,134.36732589705397,138.12852314222405,127.31385938787334,138.11293328979167,139.34111472888506,130.24918891254424,132.53684320558924,143.33904139705314,135.6677505048881,142.8755992369063,145.1773133188375,129.72574527989786,153.63634017464767,146.5892052785656
photo_road,178.09101220003765,177.3589854504959,66.97135051936007,107.33095856614376,171.76911056560155,199.28854093425036,186.69225964952756,193.82235522951748,159.2982324063424,94.86327649474333,162.29843016131332,166.38633603974094,181.71582806312267,182.1927802051289,212.93849431494326,201.7008497284711,201.83664525608555,166.77355703455726,104.9536080584857,145.44656172232828,0.0,145.7080722924367,142.64840329725064,171.93499177657404,157.65785863996695,166.57668731074054,177.09665541820848,128.86589027311192,193.09942947363933,183.5849583364461,212.23301179822832,182.83364154559322,152.75748601524532,150.031621687488,185.79908113603395,162.87684021363458,122.64060318394357,173.60760872923373,192.93889634982642,203.61369889285572,183.040358745185,184.5018682865138,141.5796419482858,116.9111248164166,170.30938149843564,106.84980837810421,173.19685098985724,181.40531157700113,186.47055926970017,207.53152746777883,185.39263062535034,225.42223975003984,180.3623505666587,195.68099235882315,182.3965286645519,199.38630853362977,214.67170622430118,157.16552850695206,190.57164897466768,165.30103151673217,167.71168306790054,182.83999493510862,201.5583965973496,203.48764156816344,208.1701316517543,184.88287743903763,149.27033240002498,151.7177744885607,184.57801882634516,184.60237233176207,160.477361330909,189.0634063689036,195.5971693539168,194.99063724301888,191.28614953698636,189.52702779058527,185.92138151580417,187.47005133555493,193.48033565993464,186.85237683006324,188.4048126456813,192.70403098365145,191.53449927621617,187.00033291149023,183.26811221217767,192.94742965426022,195.72965248942936,185.96070498285388,189.4625865664571,197.27508458100777,189.52329680358267,197.108077108959,197.64565066461017,187.19541953630426,200.30912686369317,197.59296958773066
