,photo_face,photo_profil,photo_eyes,photo_face2,photo_walking,photo_standing,photo_hand,photo_legs,photo_bird,photo_butterfly,photo_girafe,photo_fish,photo_cherry,photo_tree,photo_flower,photo_carrot,photo_watch,photo_key,photo_truck,photo_velo,photo_road,photo_house,photo_mountain,photo_windmill,drawing_face,drawing_profil,drawing_eyes,drawing_face2,drawing_walking,drawing_standing,drawing_hand,drawing_legs,drawing_bird,drawing_butterfly,drawing_girafe,drawing_fish,drawing_cherry,drawing_tree,drawing_flower,drawing_carrot,drawing_watch,drawing_key,drawing_truck,drawing_velo,drawing_road,drawing_house,drawing_mountain,drawing_windmill,geo_face,geo_profil,geo_eyes,geo_face2,geo_walking,geo_standing,geo_hand,geo_legs,geo_bird,geo_butterfly,geo_girafe,geo_fish,geo_cherry,geo_tree,geo_flower,geo_carrot,geo_watch,geo_key,geo_truck,geo_velo,geo_road,geo_house,geo_mountain,geo_windmill,word_face,word_profil,word_eyes,word_face2,word_walking,word_standing,word_hand,word_legs,word_bird,word_butterfly,word_girafe,word_fish,word_cherry,word_tree,word_flower,word_carrot,word_watch,word_key,word_truck,word_velo,word_road,word_house,word_mountain,word_windmill
photo_face,0.0,41.251687320532554,53.68598093303696,45.181023686152926,36.63107570252567,32.77736399529296,33.530917703060304,32.884583894346136,45.10326541500349,50.19904396232187,50.324495593138096,44.889163585103915,36.371789273064486,37.4377472734003,36.766778572220794,36.01140698858803,34.3443526627205,48.39248514511329,52.89530748191648,44.86623763976173,53.94676629952305,43.12507704960394,43.56243835961607,46.5109159580346,41.651125308978486,46.024740042973825,47.894097278573405,46.48077545888602,38.26602346010071,40.936054486255216,40.98578868124904,36.85856696817577,47.39896447559305,56.74105714649309,36.3775135833356,44.29073809701656,43.86734847433295,33.601412929967296,42.22299987521431,35.62989109045353,33.526566246526414,47.61312217800164,48.375013916612325,48.34979145403128,45.09677084349289,50.94343149772958,42.48681505461348,40.408066268131726,47.78469709821043,37.64491800225952,45.76895841054945,42.35661062475808,37.36524359907556,36.92917257799256,39.933969379224685,34.692940128435524,37.360493161071794,46.976519159441004,40.3691138780641,46.543593850839564,45.244888426994876,37.423047902257586,36.73108733786456,36.21414700267102,38.741454866382625,48.814369416492525,50.283780536904935,51.55760369066671,37.454258030461645,41.255995553281,43.75953879611512,38.42239259930734,39.15481696597273,44.172471038360264,43.69987409162399,46.21958619264683,48.68294882416573,48.34502261411258,42.96317408831775,48.79482248130599,46.42351200170399,47.81871838335054,44.65651201704494,48.367646862583115,47.31414468028595,41.49857144236261,44.378352285403516,46.91081186586752,46.8341956903519,38.670402689823575,48.61115467039712,39.15934358877939,44.68309200594017,46.00127152982379,49.07084458910187,44.72268816814385
photo_profil,41.251687320532554,0.0,51.63345108599323,44.341058276068985,44.73676032165242,46.098732949254185,44.55708650985827,46.18072025405988,47.96946282195385,46.930105176143634,51.2827554615252,50.48774661250622,43.177208317034065,46.03019646089034,49.20363011401442,49.6262331533647,48.3933328534018,51.19511696886017,52.82918803003162,46.60310484236555,53.407154956018054,40.52963525721919,50.79074475584487,47.647179378151385,49.751136975360765,39.31317840248156,51.93341463660712,49.04780003049245,46.07757876820833,47.696062389843,45.99582039441524,43.20962606554167,48.9828534211498,52.82709195107103,48.19084336893885,49.87829070033174,47.948965387693875,47.03834028550245,46.71882962474128,49.370281377488304,47.492828375346534,52.11788892127746,52.402970852207275,48.78607195053372,51.25381874586023,49.021165135462304,51.01116700030426,47.02397315398243,42.777803762441415,50.38760379848443,51.537276389790556,52.05016038988395,47.14716018491389,47.027227727941245,48.649237101744596,47.457999750834915,50.3525424348511,46.098174230822444,49.078466749864404,51.21266285986414,51.4347661447608,49.46345646033539,49.43987875880104,49.74196537376743,51.76971236319103,53.19523456815569,52.448287892266464,52.55518654830834,46.562572630280144,44.88319671405759,50.50243457487055,46.511372003639366,51.017888908376804,51.43073383602633,51.029687801518996,52.24378657693709,53.95228476513332,54.05371214992799,50.876380259817836,54.10319479601775,52.21523886436777,53.67597946367079,51.41049269595512,54.441664296046085,52.72771485161572,51.481983526790124,51.53070991103242,52.484231628534346,52.41607749011647,51.34824219708237,53.984253044317015,51.35185397605289,52.70186253896257,51.77747143946101,55.06037509270244,52.7529467791085
photo_eyes,53.68598093303696,51.63345108599323,0.0,45.27178169532768,53.97139779433027,55.82542963480372,56.020871712315056,55.498987725267106,48.46991406317824,43.64241419514908,50.96169893253445,49.568839101285704,53.10793791560678,52.60666391084011,56.481027392793386,54.32525396384522,54.803229426059595,49.230226663702005,40.10823326547074,43.31691616245134,37.77258293978553,48.7834051929573,47.10383574761591,52.427322447013985,51.700945818677454,53.908345240728956,49.63833156567802,46.086177248978835,55.89789360998166,53.34602661386762,58.100173819159494,55.300977789498575,48.68554252019655,47.26211393541951,56.56371152223818,50.22653041310886,50.839849649025815,53.48050456373612,55.997595531972266,56.53952980750711,53.724256361243775,51.52806655452744,45.86325319148973,42.953189639887455,49.47086040700618,40.71059117959444,49.66812491208709,54.6237015057852,53.47109617409165,55.921276737914994,50.74412139941388,61.67486612117285,54.28436178044879,55.84851159585702,56.61722063794043,57.02590761284705,57.32516906832462,49.56312190883969,55.73576281596774,50.67766729343067,54.817136716829644,54.05115967153153,55.480841645510246,56.283891722806864,56.95100944267228,52.261479606706516,47.84652923761915,46.9553101900934,55.47508955000308,53.243969629654586,49.873055609134056,57.608196250656334,53.44585209442308,52.81480309443628,52.716533357380946,52.689699163072625,52.662716786001994,52.531837435786485,52.68207198971248,52.31596476429406,52.59384803802621,52.928018129975406,52.23725908576695,52.43478573218458,52.09973303956399,52.68252928633064,52.82245702219525,52.44181163895334,52.328057147974775,53.17650158281884,52.015123914545285,53.36524300881535,53.82483584519174,52.045923725518776,53.04947971146285,53.78932520735026
photo_face2,45.181023686152926,44.341058276068985,45.27178169532768,0.0,47.297199708578205,50.93716673785528,49.85318464186092,49.86463474972072,47.22230592180597,47.68611256443427,52.58145035400715,50.30700573078193,46.16409667590813,46.36574587892633,53.61521451657803,51.68153142114616,51.20864459871425,51.19519523311258,48.28943856845376,44.992835111080254,47.361202116413,42.78197552172445,46.39656455612613,49.759014780656315,47.41134814683498,46.80892355390037,52.05126064942841,47.35167810807884,49.83063622404302,50.32842698618226,51.87868590524059,47.63001372746636,48.125053095739894,50.97398445415737,52.71952673848269,50.760155781160826,48.474438100417466,50.08687442149424,52.49369737964891,52.85253282565925,50.23603451670617,52.38684146174679,48.44902503327437,45.05074377541123,51.0519258211864,43.85385693720471,49.37880009079643,52.35354662401214,46.72347286971554,53.65033468219091,52.286837236240515,55.96290417805876,49.156386974876085,50.53638699890667,50.45832466961359,51.46948299436279,53.21410470670938,50.0245270601957,52.343241459239884,51.14765610685836,49.26185799924888,51.82525320417812,52.49468302604076,52.68344534158653,54.1714487905251,53.288055950274796,49.16036164214867,49.09001596326431,50.793584527127656,47.52302839151714,49.3412520281918,51.55030076837705,52.40799972682744,52.131205459841595,52.11619433497763,52.77108165931862,54.19554446224822,54.10853083481277,51.75215993971181,53.954980973919376,52.961557523545714,53.80629844168241,52.3111865555377,53.72886853945646,53.26108631251338,52.392236093417566,52.10362443535474,53.21191697517386,53.10289346869675,52.08809536122768,53.42471471940561,52.33483959862813,53.42499056524863,52.422201039059814,54.67144696351927,53.41732962000826
photo_walking,36.63107570252567,44.73676032165242,53.97139779433027,47.297199708578205,0.0,35.56164614880077,37.0848806760902,35.21707225331334,46.05169051104971,49.17450790445231,48.63240863255863,47.3089818229705,31.602850610269627,34.65025212341818,39.763150621228284,39.17447589257637,39.23676124015627,49.35084997501668,50.48635259033169,42.13092262343753,52.49725054976554,42.96365624270718,38.73550092400988,44.56581707703321,39.429174917413064,44.683707330156324,50.06979715961098,50.16460899851086,30.71087100301252,45.3571461402781,44.99711258920783,38.560633791543815,46.44153423268782,54.90602343676391,36.89746102012187,46.29545837983629,39.43733034526761,37.30783954583079,47.723863996062015,39.028679893868144,37.86866671114281,49.31368760268737,44.74988280237481,45.13865206907684,47.903431545098655,48.737569970638845,41.17322962002153,43.631739478756636,48.14805238706117,40.33407989363666,48.8549761690962,47.30112769165621,35.561704876283656,40.59837968130975,36.008165687855545,37.53415167851573,40.056269633967744,49.42646328399934,38.43911127368777,49.02994902687445,40.60730111783452,38.70590044923162,41.385497333920625,39.96808706401057,41.63386456532032,50.702975117108465,47.30416309084642,48.39564432826597,37.42955554678495,43.295761251608944,39.63965797369463,42.72162781823427,42.41947700364927,47.43978743530731,47.24054810016392,49.52858713936302,51.13289938773953,51.281770887315965,46.22572986613614,51.39402150624264,49.46917277379818,50.98891886967474,47.87018336004689,51.46144412788572,49.88688340598011,44.36741460544,47.716334099043024,49.679048099574516,49.70580453132535,41.86723829657531,51.14487006783078,42.19744203311348,47.83998699401287,48.72088052130988,51.88265944403827,47.741564010713475
photo_standing,32.77736399529296,46.098732949254185,55.82542963480372,50.93716673785528,35.56164614880077,0.0,33.29402330066817,30.303319396776097,44.78140462107601,51.768755145158366,48.53773939091433,44.4239191774558,37.4433678266608,39.65193278234764,29.919393134878046,31.01038656680204,31.18148388045174,48.043274244360546,52.820059196946005,44.58491337048191,54.294668641567114,46.15074810618783,43.44760157538293,46.39669798921555,42.69929936464183,48.68760926966261,47.26334224851226,47.479440911132436,37.917273928331326,36.03968705214634,39.031749465052705,37.24511239453271,47.153837694935774,56.84097780501457,31.58471576791548,43.61386663057441,45.02476945666473,31.97879191112964,39.104048875043134,30.279054349366007,31.431383494436975,46.82967642144506,48.205855668909116,48.61781761413345,43.077419452368794,51.423927927777584,41.4317015095015,39.117162411731265,50.73348699417969,32.03704744246188,44.989728671505866,38.63205741537962,36.99276067800297,33.919024865845245,39.67638219901394,32.609029689184354,34.3327681121401,47.971237078718865,37.11385651152442,46.03300671773401,45.5446833845493,34.69050573126732,31.640909321443136,31.260333036181777,34.27140774529767,47.92493703520124,50.567631958876994,51.789949597792386,35.7865402547185,43.57946490053589,42.55699418282444,36.884020503676865,37.587553019851505,43.112890565544745,42.95219581931699,45.16958982064174,47.92795034157888,47.592290761045966,42.03495838747061,47.88699211021217,45.84913575172677,46.670151982197076,43.8210958264191,47.40138021503341,46.52675340360596,40.06494336767014,43.34688379814433,46.28485206768806,46.07113617390731,37.13964333382287,47.69711912219221,37.439854916672374,43.37456386705898,45.38690378899879,48.129337605154674,43.533698330997666
photo_hand,33.530917703060304,44.55708650985827,56.020871712315056,49.85318464186092,37.0848806760902,33.29402330066817,0.0,34.18789039911996,46.57081408252312,51.06518244140888,50.9615623623315,44.66447360824001,35.405555966994676,39.20122305195434,37.54132010660287,36.87587727415474,36.00452809449259,49.65050820380302,53.847913768700444,45.034023975220926,55.310141968294,45.08264686266377,45.02281222165846,47.9240657940222,45.568118325229804,47.136878493926964,48.52171991937045,47.96873064085251,38.664887901735874,41.28707904353038,39.33007110836583,37.601166487549065,48.965850516081495,56.980852298351486,36.354554937811926,43.779816815235016,43.81093447398136,34.612005595098815,42.22124074066822,36.48536180734413,34.945023850091935,48.021495053668176,48.84850159367357,49.1084886451232,45.11144020678102,52.061783808597205,43.226484548317686,40.78847855381618,50.4635202115027,38.38677635088687,46.02435549592081,43.59454671393556,37.79446263726525,37.97283805509297,38.148269124287765,34.682386665988965,38.2812015744443,47.297880451861566,39.96127994198368,46.69482061197801,46.704812363964095,37.367733892082214,38.07475646282558,36.71710058647338,39.2050969844183,49.37683184754303,50.89200646216308,51.60688290339847,38.495139786907195,42.23053004761248,44.389112044322935,38.5768486295025,39.84159770753982,43.89170248601236,43.62876452867542,46.43228060080093,48.98320055351884,48.48814317261783,42.88556071434209,48.954712947819644,46.672291557128794,48.07573144566683,44.59314994676506,48.63850643872511,47.66913555042393,41.6285574938237,44.16710747530533,47.12758941292456,47.02375304524561,39.62178607653634,48.69748546805689,39.61908917302158,44.81621255877891,46.12724208159329,49.033052246338734,44.85415655840595
photo_legs,32.884583894346136,46.18072025405988,55.498987725267106,49.86463474972072,35.21707225331334,30.303319396776097,34.18789039911996,0.0,45.83299016231506,50.67963430375725,51.53211108050465,44.99813847266634,36.16962809146504,37.31255513586775,35.414765687456836,33.04074885120161,33.06343996680744,49.29613791164003,53.104842867773016,44.78780172304604,54.65040662612578,45.1797635221324,42.868974581797886,46.96960948727038,42.77760019537623,47.78323277992373,48.34854015469864,48.51854364500298,36.14998888984873,39.64159425472623,39.71478149273271,35.69098983109553,47.806886196883134,55.93182050707147,35.18426560095354,44.234350321022326,42.739798657412294,32.55641313887111,43.535206962867285,33.06102811660259,31.21353503124239,47.81322068972218,47.909102497323424,48.59538968954937,44.732904243702,51.43106487141758,41.59255714484821,39.66287566837009,50.16185502507449,33.23784861914938,45.959279646639274,41.16632926468338,33.8343980661453,33.445119576213685,38.17190448853699,30.30705692900502,32.60453810370972,47.146427287873486,39.52469234236509,46.99741625560612,42.56125506674669,34.7563078461017,35.30866553849852,33.70345099466905,35.73357440946919,48.994877247341,50.06375932032801,50.98891887978997,36.087482771637475,40.47605807945733,42.19345357671964,38.151470218263015,38.575364263286275,43.87002213442916,43.549915544469144,46.37501988948319,48.680889646540905,48.24155494992458,42.856959159082265,48.88529846735432,46.683650157487364,48.11759728688589,44.533272180175786,48.44624937464964,47.50124606582243,41.19442995218001,43.99996557807621,47.08180045656776,46.91489812340918,37.778982308324956,48.52409456538038,38.34127756998773,44.644332679162154,46.12227930606055,49.009539893129336,44.50925863230392
photo_bird,45.10326541500349,47.96946282195385,48.46991406317824,47.22230592180597,46.05169051104971,44.78140462107601,46.57081408252312,45.83299016231506,0.0,44.61891754800161,42.33565371929805,34.26195157113382,46.2750570620384,46.6764905347391,43.68959956018871,40.628386828428454,41.44893455183014,34.006207636274695,44.777933249930726,40.33584871889905,47.86856474248318,45.50078096440926,43.06598393457827,52.385512346182736,49.45489140942163,49.740894862503794,40.03803823329379,44.00239923498071,49.06786195843075,40.65799073982199,48.19830640517571,47.422042187969275,29.417207775111475,53.14622136818615,44.45424357510607,34.96964742614475,48.434169113314624,44.19972109921016,43.1485325606514,43.428148123177486,43.84645546272466,38.798737033193504,44.904180503728725,43.15143275304576,35.01839537845289,44.50950637560299,39.093236258234946,49.4142319390528,51.531311723405636,41.960566250855145,39.94045076941626,48.40542589052785,46.31663989843868,46.831915637928745,49.93138475373953,47.8096212108685,44.12261541693612,47.71835029074381,43.83942313579054,34.63786590561502,49.26468110786928,43.05775900524358,42.771561396289655,43.32030796672607,41.41460118342337,36.2133571863591,45.153898754342,47.38532224040626,49.2058126167656,45.584736665056695,44.87109531071875,49.449294940949216,39.9867094117678,39.94677585688947,37.54652159201396,39.52541921458507,39.01918649842767,39.83925541494726,37.71959560261953,39.336996993517076,38.91933635693609,38.401107035313665,38.8788144212771,39.76644188435583,38.090472038332166,38.02719228749911,38.2888427594254,39.33101158742219,38.092130999004496,40.50576961382744,39.63376486265234,40.13684191005336,38.08384877857377,37.572715046288934,41.961478761539254,37.967446756381655
photo_butterfly,50.19904396232187,46.930105176143634,43.64241419514908,47.68611256443427,49.17450790445231,51.768755145158366,51.06518244140888,50.67963430375725,44.61891754800161,0.0,48.06545556344068,48.67825396614001,47.338061492449356,47.98428687822719,54.06405822095941,52.548503293528846,51.883920629965715,47.141363344347184,43.759966921634266,41.905011485373784,44.98266940827624,43.86602188198857,49.30563939608561,47.5100316644222,52.93802827823068,47.59389735722654,48.02054367191832,39.47752845101966,50.06215688854686,49.826772545484104,52.758151945565274,50.22433806743819,44.59388320831116,39.11361776691956,53.04942980560943,47.18067979753468,46.04977581545368,50.47699143914917,51.79966182129056,53.60881568853367,50.53332144873605,49.514601104376524,47.2650838642859,43.7122646769221,48.597551426619425,43.95492639990034,49.736583991860236,46.22762837899525,47.03355566805357,53.62572024999192,49.32085218730449,56.60434038410043,48.08369032434065,49.333963810521254,51.58212689693842,52.11799554051773,53.553211774478314,40.56773640212455,52.19947237775792,48.60368376101562,54.01711803085816,50.47489756336104,52.00702524743046,53.45324290048689,54.38184981201908,50.83494907379614,47.46599021979146,48.35112568696265,51.97414201085756,48.37218626356,46.40755825607151,50.821934669474,51.39100978433398,50.76553151774325,50.59547250974317,51.03725632533264,51.62112957068182,52.02914290247944,50.6141260983086,52.17411460154528,50.65212662628673,52.094700906791836,50.25851224528919,53.02682509306828,50.49561015365911,50.78618002176089,50.83206979386551,50.66517158418154,50.47046350922698,50.96470180270736,52.15337881898525,51.26579893250214,52.12162243797268,49.915847689794276,53.12310204282799,52.226636817592144
photo_girafe,50.324495593138096,51.2827554615252,50.96169893253445,52.58145035400715,48.63240863255863,48.53773939091433,50.9615623623315,51.53211108050465,42.33565371929805,48.06545556344068,0.0,49.80541560338956,48.96795491956202,50.94017500946222,46.602547345421385,48.32141178094989,49.560153651086,46.46638949643476,47.93852618797646,46.59240325064495,50.451838750404434,48.770221741916394,51.11406101883695,51.959553307919556,52.77314711099505,51.55812653919125,50.28995363694107,46.144970182390146,51.229652660579966,46.23008582235045,52.13916748855566,51.712699492881136,43.25445400161894,54.03656190600679,46.270944651696496,47.689947227211206,51.64213048254811,49.82525169479477,47.25663461740459,48.326708181415654,49.9621388076661,51.05886580816714,50.18436283211973,47.94057295041164,47.18449633396143,50.020338956648665,51.277990755038225,49.89179886757623,52.891394667347235,48.8755464562983,49.70056381284534,51.94699815964016,50.311697985805544,51.292731075252945,50.639146300524516,51.63959046317256,54.526226761779775,50.63737695338024,43.14242543217741,48.107862744261276,56.35475054066695,51.196881625627874,47.05027779793051,48.02384415749563,50.758985361542535,49.139838809248644,50.62321542800602,52.030095109502575,50.92388407545864,50.04073560704205,47.85975748367721,52.078914278786414,51.47459252378439,50.508935124406484,50.13419366509222,52.155675652982524,51.32142203362526,52.10802084519269,50.04919140540923,51.511296997410575,51.58834521086215,50.628233402162245,49.65350244757907,52.19180839517733,50.83624752593515,50.29990221572322,51.17830981995065,51.242765009948,50.559696963256435,50.32781732092788,52.28503708121492,51.42404681737776,50.57273834455295,50.528082840475804,53.497373579314235,50.451430531316944
photo_fish,44.889163585103915,50.48774661250622,49.568839101285704,50.30700573078193,47.3089818229705,44.4239191774558,44.66447360824001,44.99813847266634,34.26195157113382,48.67825396614001,49.80541560338956,0.0,46.23426453807894,47.1377756649934,44.504826675015714,39.40147561517332,40.24225606020381,34.349005916070794,44.12055275937001,38.82053003959353,49.22556265878946,49.181782617584155,41.45318021278413,54.81053943385655,47.7261242839982,51.96440205451425,35.97223152874976,46.304205919793596,48.910599292575135,42.26715080770545,47.80902182383933,46.929995156384344,39.16658102318504,54.397905469175086,44.573533603512104,29.085636469450638,48.80920655129892,42.47424087813678,45.3980020993521,42.93406618458361,42.09840067356501,34.21127180588359,40.15924167973475,42.55261180600683,31.897573360432204,45.55596135951916,33.825325977504086,50.680531711314224,54.88964359676601,41.230758864096956,35.178544592448105,51.38047456425693,47.600576194939144,48.076490541785645,51.816749505789296,46.61935752349095,40.9718275777379,48.88700650280734,46.69412043750709,30.816018903136115,48.28138481599873,40.14928038583879,44.30150111785555,43.68471666115445,40.443543151340414,34.40792411899379,41.97031220077415,43.71599597071314,47.90522832962364,46.221397966059776,43.88945842218505,51.14509320939304,34.95347018060824,35.05774632440928,32.546592320644486,34.02716093318148,34.42970059363327,34.16913345689874,32.67650743614357,34.04619643918899,32.8007133295856,34.83836845675732,34.09903695025673,34.16659205268702,32.97253674929163,33.37758580809884,33.2460059010427,33.85581220985242,33.53047045592778,36.22317407479778,33.83123409717259,34.947567803197444,33.90988954451356,32.366502383666614,35.87798100994202,33.82422610178525
photo_cherry,36.371789273064486,43.177208317034065,53.10793791560678,46.16409667590813,31.602850610269627,37.4433678266608,35.405555966994676,36.16962809146504,46.2750570620384,47.338061492449356,48.96795491956202,46.23426453807894,0.0,33.62359053418212,40.86297380554052,39.56065834125933,39.51434332802866,49.206153564502166,50.968908842796544,41.13295578809648,52.90835707654189,42.42797792079604,39.79875086496404,44.081377877521646,41.756788810980915,43.88737131994187,48.790130142239,49.151772419507736,33.7785239851613,45.222037243252714,44.04514732861035,35.95772087417667,47.21864586507508,53.17597325669134,37.35144841754194,44.63860342592096,38.597554942001715,37.01798332486082,47.86242557064931,39.12845102147297,37.400734043493316,48.4511003818225,44.695484342702045,44.41286261293251,47.08435341645634,47.894313690462184,40.858258142497434,42.11454687931109,46.822116875233185,41.751367141793914,47.06301546287059,46.86142748285267,37.31610747166396,40.22384471717241,37.16687979739542,36.19945666458309,40.749949218088354,46.27186083171287,38.28510642348757,47.14494680996588,40.505023851960324,38.83784452853181,41.733907132726706,39.84468887352725,42.039042878518686,49.87782099568743,46.886329734551474,46.7761926059886,35.93764389314793,40.15500136591174,40.43212608998654,40.787375044970304,41.85196399380937,45.951031125919975,45.92134925435204,48.42623148884908,49.91916658680686,49.9601924789266,44.891517772277666,50.15851087375923,47.78714668522135,50.06841487630631,46.28259384142489,50.24708664849156,48.625432797700114,43.36358499129703,46.30148769572294,48.23751167513805,48.367704572825865,41.121135381717885,49.89001991599541,41.4878882192742,46.88759259424374,47.166347763085255,50.982055247215534,46.69852254755457
photo_tree,37.4377472734003,46.03019646089034,52.60666391084011,46.36574587892633,34.65025212341818,39.65193278234764,39.20122305195434,37.31255513586775,46.6764905347391,47.98428687822719,50.94017500946222,47.1377756649934,33.62359053418212,0.0,41.665466732306285,38.76544100069889,37.638713229127646,49.47306885693424,50.22979409713275,42.28014994664308,52.0577572860972,41.55389281855818,37.72406796074967,45.407827957000634,41.17925537647119,47.37810961285122,50.30073596215457,49.73193280360423,37.12968804861219,45.25893367424842,48.18381767553142,38.92526282853712,47.56052209231266,53.99113721945808,40.10163122678472,46.04448502727297,39.66230525138246,35.50945847486942,50.45201063348741,40.396043760847185,37.49867298904883,49.73994056134029,44.52404600604463,45.25591503458029,47.74364441430732,48.20934031063149,40.82315823668643,44.09391279418759,49.29943940609048,41.84451999587952,49.03078748423176,49.765273558297416,37.17875136838347,41.3830694882951,37.84978358073524,38.72255885278633,41.40286851909556,49.730381803689255,41.51464333764753,49.02589062111585,40.05018001054234,38.15411469966243,42.12501493516998,40.66935288515285,41.564881924302824,51.27629472506132,47.28104082453441,48.21165148768281,39.08686867579238,40.04350703298485,40.52073346461482,43.55416931306691,42.871536219712,47.52263543949869,47.41354912894024,49.902833408894324,51.347746893587136,51.211268357307524,46.48619229034951,51.36466514588464,49.39586921780985,51.41019780196968,47.999297749352394,51.46007643269736,50.04557401955442,44.657509396978064,47.82867691767543,49.88824878915001,49.90415681686058,42.30665016970217,51.16707028702264,42.71772150875704,48.18102978624769,48.98233760676693,52.2507833972962,47.98646361516006
photo_flower,36.766778572220794,49.20363011401442,56.481027392793386,53.61521451657803,39.763150621228284,29.919393134878046,37.54132010660287,35.414765687456836,43.68959956018871,54.06405822095941,46.602547345421385,44.504826675015714,40.86297380554052,41.665466732306285,0.0,26.929464089087485,31.94636449644606,47.17406855109356,53.49962373040736,46.42379240358698,54.952562582056295,49.570223966575696,45.080573683478434,49.42046038414034,44.18925389831972,52.05319180984695,47.85601053497117,49.331338696307355,41.72466033265657,36.89748850914094,42.59498708025914,41.77952615851065,46.70756592886844,58.79378335121608,32.011671779614986,42.96806032836904,47.77116494617681,33.85483207730246,38.677380066852635,27.699175641902364,33.542656933173205,47.861364689112754,49.33535418572283,50.11103487768398,40.65650381128184,52.98018348815636,42.15082109785752,43.51074723673039,53.595697935694936,29.58701095458957,44.99415519074892,37.42321638973805,40.86934593348718,38.80187034601588,43.19720904470109,36.14901072376529,37.24858631963145,50.58002346350141,35.1847400608893,44.42582340386478,47.08744582088336,35.80749588658292,29.224042678809933,26.83530081528076,32.73203237041686,46.479775766277,52.16979847167755,52.99291789285229,37.75666434094178,44.18190178426944,44.525904021892664,41.578184719894374,39.03538224308389,43.55797900440725,43.1369845327197,46.6709999564666,47.39955158340478,46.95738291558317,42.393820429994065,46.93868204866862,46.199291014523965,45.958999705847816,43.674235542067024,46.68654288475241,46.33673029160913,40.03667302883279,44.42534042640697,46.265942846880954,45.9970554805586,37.597570921609034,47.237102158880084,38.89467872392155,42.49300962109746,45.61030638608652,49.00324751820017,42.20894552113958
photo_carrot,36.01140698858803,49.6262331533647,54.32525396384522,51.68153142114616,39.17447589257637,31.01038656680204,36.87587727415474,33.04074885120161,40.628386828428454,52.548503293528846,48.32141178094989,39.40147561517332,39.56065834125933,38.76544100069889,26.929464089087485,0.0,27.783793035165125,44.15916788317804,50.82570774250084,44.250977121415204,53.09248689223816,48.694589759203744,40.48505816327903,49.91878504702997,42.2941466934094,51.96933278209227,45.09091193992169,48.71966994796619,40.85050042975646,35.48525785110176,42.667847640630775,40.567498643488626,44.570184746502115,57.00800867822992,32.901902554842266,39.525317948955525,45.66385927832834,33.06757221317417,40.092240432869346,22.660937642796565,31.20961136787906,44.2394910610623,46.52054314058561,48.176884201301235,36.83993961870056,50.94474852083388,37.22965712671946,43.90876388858307,53.729882215146425,27.711947193985644,42.166783452599596,39.40196937219185,38.862387327691835,37.18624422104507,42.03274408901614,33.786661971182816,32.44190198539654,49.59462911636435,36.039893818211326,40.76234071882872,42.44398027152146,31.74624351897519,29.01324382892268,23.998952172065113,27.33092067765606,42.918687923993716,49.2755236144098,50.58097153525667,37.6437839044623,41.99636662171799,42.58165042745937,42.544734482896985,34.5461371522666,40.0552862678052,38.983826374077374,42.73464026557883,43.46190052616788,42.88808799608597,38.192422900908745,42.85740644241319,42.20545678354989,42.21434760456699,40.38540864896937,42.4125767121611,42.27144634032886,35.761138630873376,40.04056151653648,42.52134262888908,42.146038836026,33.968405422371205,42.86697339235084,34.3802977314623,38.36513651252817,41.559818528201475,44.72113769212556,37.90190939544634
photo_watch,34.3443526627205,48.3933328534018,54.803229426059595,51.20864459871425,39.23676124015627,31.18148388045174,36.00452809449259,33.06343996680744,41.44893455183014,51.883920629965715,49.560153651086,40.24225606020381,39.51434332802866,37.638713229127646,31.94636449644606,27.783793035165125,0.0,45.074773006750625,51.59045865818369,43.91621886826069,54.048990418121164,46.48230894946419,40.53874605098483,49.49659172471306,42.578643469003,50.717892623986465,45.1267558248271,47.241481757160344,39.73212264813059,37.05495938356947,42.101204669293125,39.23072306689185,44.099192501301076,57.52102881375141,33.249236133098265,39.63695491908843,45.12650710401157,30.318039054225263,41.39591911702245,29.334517461086193,28.695478249352693,43.88206633159113,46.54786050120242,48.008271967345976,39.64555211849679,50.831896468893085,37.20305116759529,41.60544850727547,52.39935694146026,29.98709079235856,42.40607609154577,41.22125564053355,36.661349901270455,35.71691294218953,40.033950123085305,32.5873020037911,31.228125675631606,48.55734442101061,37.08091536521487,41.73273748749501,41.74842701272748,29.964339872968235,31.31091462487237,30.771959575307022,26.827239854360045,43.90677214030906,48.93150092828571,50.52225008160849,37.028103000613555,40.85169208461241,42.862399637906975,39.266547166477864,33.64767911833754,40.0490803140065,38.42945941308117,41.99740465397392,43.93250225371205,43.41522689780156,37.732283311418875,43.71120017175271,41.994988657178354,42.94044298130447,40.44263454745505,43.144171584112065,42.56726093316627,35.88681935852225,39.21033452804428,42.73841880370522,42.24158397535015,33.86791013125844,43.50171650818032,33.56451004710111,39.13238179388713,41.43409610183678,44.60933480389849,38.9828605434898
photo_key,48.39248514511329,51.19511696886017,49.230226663702005,51.19519523311258,49.35084997501668,48.043274244360546,49.65050820380302,49.29613791164003,34.006207636274695,47.141363344347184,46.46638949643476,34.349005916070794,49.206153564502166,49.47306885693424,47.17406855109356,44.15916788317804,45.074773006750625,0.0,43.7033869324656,41.495534133215145,48.5755486414483,48.79330971083381,45.252805797384106,54.487759469921215,49.32073187169295,50.859200469711766,29.696048876030762,46.85639946029939,51.994644265900966,44.48388073681464,51.38851040230603,50.91609377470315,38.06486708866099,54.1965230829209,48.11891504190104,37.1161225731021,50.41830866916643,47.24981272213869,45.87978728604273,46.88134490292058,47.026528873732175,25.917308387096465,40.63860255563987,44.099653490229336,37.06476396613279,45.934618880543546,37.53873057626517,51.6621320739628,54.183597437186975,45.457038998992424,30.94687928379501,51.41773011135195,50.24753067114606,50.33553850225129,53.39570361834436,50.96779545168299,44.72685010607448,49.43742664052057,47.27147750039474,36.29211108202138,51.72812421197271,46.123783309734286,46.37926254048564,46.98371389216186,45.065343667450314,25.800919241757846,39.553171219644014,42.9757630011286,51.539987316984536,48.76091332703322,42.821083718610424,52.82599984474758,37.17122863428366,33.98420482568137,33.64155486645424,32.17613532822543,30.384817122148036,31.720807000703836,33.55206307703765,31.23094149994555,31.082415415391853,31.020888188598356,32.45289953255726,32.418145765808,29.941511155632753,33.97608512886483,34.62123803415517,30.40513862876071,30.345709595443836,37.19642687017886,31.181628948677,37.25267281663057,31.97903614170764,31.38311989635191,34.46691258751476,32.29502941124728
photo_truck,52.89530748191648,52.82918803003162,40.10823326547074,48.28943856845376,50.48635259033169,52.820059196946005,53.847913768700444,53.104842867773016,44.777933249930726,43.759966921634266,47.93852618797646,44.12055275937001,50.968908842796544,50.22979409713275,53.49962373040736,50.82570774250084,51.59045865818369,43.7033869324656,0.0,36.888317439241675,39.98542859754933,48.33532216960598,44.1279189612784,52.839716787912124,47.1973045770185,51.87375411144404,44.66266453525084,43.74738568715977,53.17921888478644,49.27192066638681,55.13780508466817,53.37691665695975,44.0939300667046,47.67397066464297,53.24955512441531,44.191226660470406,48.65571905015342,49.992262556052324,52.81442210252027,52.760406931789326,50.29905275045718,45.32594220599644,34.973890198924,37.148625544231116,43.90539556630821,36.30587705794494,43.630925850161276,52.89812490108217,53.35323553527087,51.74414118724437,46.767855643707755,59.92779693032375,50.98965223249226,53.33650312407989,54.00110369141406,54.77235948249382,53.356919893053295,48.806957141311,52.69852618585348,44.03690752490541,52.55067776946414,49.87231203883838,52.077120608140625,52.80395814541093,53.24136661366939,46.616983104558244,37.26057537185894,40.62945193496525,53.35924936237935,51.594913713170264,44.171855978399634,56.16084235725914,48.90722322028279,48.12374704868945,47.963081337307074,47.615492995029676,47.46959353201784,47.49559168203535,47.95976179681999,47.050538514113235,47.41865125187126,47.896445547690846,47.58149605689849,47.17203862248452,46.80640094713229,48.08610899777888,47.92639992199368,47.52327936841361,47.43633628280671,48.517849684228466,46.703468955742096,48.717753433045765,49.37260242850741,47.01497846418103,47.784179340534415,49.36683845493091
photo_velo,44.86623763976173,46.60310484236555,43.31691616245134,44.992835111080254,42.13092262343753,44.58491337048191,45.034023975220926,44.78780172304604,40.33584871889905,41.905011485373784,46.59240325064495,38.82053003959353,41.13295578809648,42.28014994664308,46.42379240358698,44.250977121415204,43.91621886826069,41.495534133215145,36.888317439241675,0.0,42.687542114454175,42.12709340687326,38.98818340196905,49.63944713847536,40.63387756171811,44.9835167373203,42.293759503003685,42.50209712504804,44.42477919368329,42.99951625144637,47.280051372217294,45.64754277087559,40.40905789315977,48.4234979320563,45.427077680391655,37.27880899894182,41.3666157760975,41.45038312891566,46.8963830156788,45.13554719264676,41.402264745915204,41.928337238829094,34.306078107072636,28.633351791101223,39.7443713147621,36.061270733651924,38.4223150289882,48.79199597340249,46.655435750817716,44.90818303639164,41.05388535846653,54.246102481530365,42.854527947871205,47.27081417689978,46.331476501934645,46.31918871668834,46.23844186389063,45.00376370483512,45.0019366948263,39.27349104900632,46.60331814900602,42.2388035515536,45.22514006714647,45.185396517029794,46.481937521796524,43.3804955229212,36.06488607057771,32.66464944524461,44.1858219292999,43.56389796012559,37.503195120336976,49.01151036640144,42.261489153083645,41.3809205834286,41.545669063878975,42.773873949557554,43.73542913462442,43.83565635825936,41.46571659850601,43.671687208898646,41.81877099014815,44.64705575470495,40.76012778369377,43.895722098286306,42.0112091371218,42.27765367864827,41.643160632203966,42.1273494694511,42.60321351477696,41.84594768796194,43.00234307058043,42.12828332196548,43.86998848148053,41.47623321268812,44.957445422898736,43.95404332799605
photo_road,53.94676629952305,53.407154956018054,37.77258293978553,47.361202116413,52.49725054976554,54.294668641567114,55.310141968294,54.65040662612578,47.86856474248318,44.98266940827624,50.451838750404434,49.22556265878946,52.90835707654189,52.0577572860972,54.952562582056295,53.09248689223816,54.048990418121164,48.5755486414483,39.98542859754933,42.687542114454175,0.0,49.443511500186524,44.89479915862775,52.837397051220044,50.893979093941574,55.03006961558727,49.97898576027,47.59344585472826,55.52565914030792,52.634338608604196,57.56855237581206,55.506626378094055,48.61148164432182,50.387463310065414,55.50760477807543,50.21558427483302,51.88303767966001,52.58879308852693,55.004619922086086,55.64381518443628,53.11902600584942,51.52006142624426,45.826172224125585,43.44068061620562,47.98538036540568,41.931701633867725,49.004704311114885,55.019160771019656,55.805539654877464,54.92006520258626,51.56848499787163,61.62209417649035,54.014235054285976,55.792422624173504,56.47438963080824,56.90259832127394,56.58785966523446,51.25104583020496,55.50956453896358,50.58782080813094,55.101579260719454,52.42846941451706,54.31631047161417,55.40794335206222,56.30551861439913,52.64481271537558,48.115058289538716,48.37672686279562,55.23999991420862,54.6143073022689,49.034414988345375,57.623126264491816,53.26336135623927,52.744336338677414,52.70492227800858,52.56759316189179,52.79458188634962,52.628532428036316,52.478544657227275,52.34681372051685,52.60449182104995,52.83376502732484,52.39752080534026,52.46624178392909,52.13646258117138,52.657447831323715,52.753903525993714,52.42167778877642,52.30304334000632,53.09780380877514,52.225006928169876,53.18500550749268,53.706262727008934,52.04165149543792,52.76469133821464,53.64198151428801
photo_house,43.12507704960394,40.52963525721919,48.7834051929573,42.78197552172445,42.96365624270718,46.15074810618783,45.08264686266377,45.1797635221324,45.50078096440926,43.86602188198857,48.770221741916394,49.181782617584155,42.42797792079604,41.55389281855818,49.570223966575696,48.694589759203744,46.48230894946419,48.79330971083381,48.33532216960598,42.12709340687326,49.443511500186524,0.0,45.81873259497347,47.22697639102308,47.73267973332005,42.4349095159035,50.39511238391736,47.381076666722464,44.63854962634785,46.201630823178014,47.52292204648766,44.41706293749326,45.89592084076737,51.867308103805065,47.9813610880642,47.61096361895304,42.486068655464784,45.172153498147786,48.63825414738189,48.940420837194885,45.973712848598005,50.28512002854683,47.19651084270557,44.131107809207734,49.54043509082691,44.888324293762665,48.134312650108406,47.17737088645706,42.26966696879574,49.60511245563308,50.064468248726214,53.50813470186098,43.31849678901358,47.09728331372116,44.78185580936695,47.08237338557041,48.89507850927935,45.62838705142512,47.70079847677034,49.21748614319285,47.52169812101926,47.47896872959713,48.84994450352798,49.03522867599909,50.27303212464416,51.79852926632072,46.89175825359367,48.382648617793905,46.40140127370809,41.125071056393494,45.73265734123451,47.493298582285426,49.78770929655381,49.68097196836274,49.71057297757677,51.0880341111684,52.15268960778531,52.26366004960369,49.333622097357285,52.69165701189068,50.70492329701254,52.39019171320151,49.910569742346134,53.01282012325129,51.04535018295355,50.18041063872518,49.916971096887636,50.96427448242781,50.85544618137641,49.885548234659765,52.53055537215599,50.018028152400376,51.60147722491103,49.98968195832864,53.7155562413713,51.48887490412456
