,photo_face,photo_profil,photo_eyes,photo_face2,photo_walking,photo_standing,photo_hand,photo_legs,photo_bird,photo_butterfly,photo_girafe,photo_fish,photo_cherry,photo_tree,photo_flower,photo_carrot,photo_watch,photo_key,photo_truck,photo_velo,photo_road,photo_house,photo_mountain,photo_windmill,drawing_face,drawing_profil,drawing_eyes,drawing_face2,drawing_walking,drawing_standing,drawing_hand,drawing_legs,drawing_bird,drawing_butterfly,drawing_girafe,drawing_fish,drawing_cherry,drawing_tree,drawing_flower,drawing_carrot,drawing_watch,drawing_key,drawing_truck,drawing_velo,drawing_road,drawing_house,drawing_mountain,drawing_windmill,geo_face,geo_profil,geo_eyes,geo_face2,geo_walking,geo_standing,geo_hand,geo_legs,geo_bird,geo_butterfly,geo_girafe,geo_fish,geo_cherry,geo_tree,geo_flower,geo_carrot,geo_watch,geo_key,geo_truck,geo_velo,geo_road,geo_house,geo_mountain,geo_windmill,word_face,word_profil,word_eyes,word_face2,word_walking,word_standing,word_hand,word_legs,word_bird,word_butterfly,word_girafe,word_fish,word_cherry,word_tree,word_flower,word_carrot,word_watch,word_key,word_truck,word_velo,word_road,word_house,word_mountain,word_windmill
photo_face,0.0,32.34053386128726,38.30209622640206,33.79845065668155,29.65842955737354,28.38355774639627,29.666283227179544,28.273182487499973,33.35086130558613,35.31156396078749,36.592669311150395,32.74741385420094,30.750427059380907,30.680957858645755,30.072457754370213,29.426522224248924,29.122280429065142,34.12448440551495,36.24700627248169,33.6176204822178,38.89155175623386,33.76241185099317,33.725213436222376,37.85297124087672,30.700024215042117,33.76024235137753,34.6430001633524,34.2556774627895,30.501482095611557,31.090170286129723,32.941589971741465,31.42358645221596,33.8016007636549,37.338071189334464,29.86241640046408,33.54007190359226,34.56106944995075,28.668358214893523,31.62804109965139,29.985862018387444,28.93174478909527,34.54152027512687,34.69996492945078,35.16728647217763,33.21494232316955,36.586011917052524,32.39660725586011,33.20816547765571,35.25565776682411,30.262597966498564,34.77447683291191,33.36057888481481,31.27355612368091,31.01529605211905,31.60557688654908,30.861861464748213,30.974113095486505,35.415286976730826,32.45841889425647,35.286045642550306,34.15780475136503,30.897268045064354,29.739791554828695,30.320401340768473,30.79658256707702,34.834539137702706,36.0704432345634,36.54683004349996,31.338103514464535,33.33899278213763,33.39588716071817,33.24562389164211,31.459439324500863,33.89127890534734,32.86560818659881,34.02888241804075,35.84530928444713,36.01614439640881,32.46887966501741,35.398436290146144,34.721694916746316,35.47046970067771,33.71591193942911,36.03586213393245,34.918190464328184,32.757518005348814,33.43116774687458,34.99920214804873,34.9920817054432,31.002728765624724,35.40049259441123,31.63272068897436,33.22522046998547,34.645237633280914,35.84291564013119,33.249997030802554
photo_profil,32.34053386128726,0.0,38.937818510854875,35.345732516312864,34.25451158211085,34.61475675749028,34.000028448104246,35.194992232037926,35.8850925067356,35.487743604763615,38.37683061449451,35.96826073408245,33.863092153958995,34.90708301894767,36.212607706395495,35.941081595740265,36.14654184266095,36.58506442746416,38.01572421288497,35.940057284866306,39.37891330799525,34.30314217944147,37.05768099048686,38.555371418939764,35.922883741929844,33.12957868365093,37.236722041506134,36.73073186377836,35.48221698379012,36.11232502573327,36.814628563848295,34.90232988262455,36.75342968796042,38.20367297449199,35.863397449623456,37.20217574876068,36.90710539752043,35.68815169382694,35.18260392544055,37.17029982281018,36.171569934124214,37.74156891271892,37.73989868124398,36.905977547899106,36.92334260324109,37.63556044439102,36.706055781549665,36.77490715586146,36.09455050711536,36.979160649795084,37.92012887799652,38.1323522534827,36.93073935112425,36.80342810900026,36.62211948897515,37.41082549842625,37.81380755011623,37.00131170838088,36.966044011313734,38.40908639466737,37.46094197812191,37.49975871496567,36.869242142831425,37.364638320408865,37.81117238465749,38.33570280543601,38.66899067877484,38.57074754401636,36.584220590979236,36.43383243558568,37.734137218773,37.35006545814126,37.50095187802084,38.305741583504066,37.486528142754935,37.79547309077056,39.170686862409724,39.474138827529465,37.302748002576486,38.786742163779515,38.168199499917066,39.11059800618031,37.62993038362652,39.59946967402558,38.425933350721486,37.52707906798948,37.8702675764317,38.44773849441076,38.44486495784656,37.73414841672886,38.901612988870276,37.734122501945365,37.635331215125234,38.342791111143065,39.58423704251861,37.70758805959038
photo_eyes,38.30209622640206,38.937818510854875,0.0,36.681126477226975,38.78180327247215,39.29319976952108,39.34528021282564,40.01765280131542,36.40628292563783,35.29742514316113,39.74876956651478,36.574349653880525,38.43200256875831,39.71506145837116,40.383204598491744,39.238873019464236,40.36390352776882,36.66575107736437,35.33043503146421,35.840875494067205,33.58008558748612,38.99426525697235,36.02377296926941,41.98836339960294,38.441479447884994,39.9731262638179,36.67535351575179,37.38797569391383,40.51978714812016,39.690539219309095,41.77150502646313,40.681046367016044,37.69302399555686,38.27065303039822,40.49382508300108,37.62089347178765,38.43516269466641,39.336584186560806,40.101114779031995,40.989206450973946,39.547574177436665,37.75168479815459,36.614628094180354,36.150084073607474,37.2886348248685,35.787871794446325,37.493733394554724,41.331103945405836,41.091106357970226,40.34721444667272,37.248420774178925,42.53677215098657,40.63436998078081,41.146904095114586,41.205690195606785,41.57670278933746,41.51093079672682,39.493304438707156,40.480203622224295,38.578528206526975,41.25660432205937,40.42629768027331,40.392006553472,40.75360978029325,41.041696942543176,38.25449968845859,37.750756854651,37.24041619732164,40.92193367701002,41.25308678304304,38.525443431295884,42.32234291510037,38.82339427371857,39.28786723521818,38.94330851119999,38.487988726603525,39.0810142598498,39.00201102348573,38.57968470542362,38.53482873055232,38.78110978203816,38.94343665769373,38.249094189526815,39.08607189844173,38.22651173454799,38.63658513156203,38.944784386549195,38.710526441799985,38.76467894328081,38.94851424250788,38.3659253943577,38.950105581640706,38.723318415388505,38.574834454875926,39.420330088352245,38.85483203066919
photo_face2,33.79845065668155,35.345732516312864,36.681126477226975,0.0,35.179367540784746,36.18641574226081,35.52936408738237,36.49855883210589,34.67852364594389,35.22046136726157,38.60947545286783,35.85940752299036,35.060655073102936,36.26358783435309,37.688819107179526,36.784263915936776,37.32386962211511,36.29548302422627,36.44526404554581,35.51191249919018,36.92853496953872,35.439346558720175,35.63558570923196,39.548499962256614,35.12900600907262,36.46729866564247,37.04401975748028,34.170097026588465,36.64926518485538,36.788352030866896,38.564636228033855,36.61730867376028,35.90901160594734,37.49435652923596,37.34879539367262,37.016091795119124,36.87526529886501,36.42083371476662,37.02849263597348,38.348290348485456,36.8269384290438,37.38897130994038,36.54550290926286,35.81111624394736,36.38435487383912,36.23502143491653,36.135986717815705,38.22584080885733,37.63971233433172,37.73327049319672,37.971690642063635,39.25494608981569,37.12612347255192,37.70396467624093,37.3606489782223,38.66161956794041,38.66600219774079,37.320115643102866,37.841174945343525,37.91432816685178,37.804521758159154,37.88691450349112,37.56911188250824,38.20902752231386,38.46853698326338,37.89237244350227,37.479501579631105,37.54611256306779,37.697286085741545,37.68635678644656,36.88523744980668,39.00831516370476,37.465268975546415,38.12492015771058,37.67997313775558,37.7555236860866,39.06521499107037,39.26346609400783,37.32210410510939,38.76592432369486,38.26036880540348,38.871530488145126,37.659980978251966,39.357336128785896,38.33777195210956,37.793612735546404,37.794348852867806,38.314730235201885,38.5595805251176,37.483321872504526,38.5616700810045,37.78729262000084,37.881954687933664,38.29019063178589,39.27169536023399,37.845771555080724
photo_walking,29.65842955737354,34.25451158211085,38.78180327247215,35.179367540784746,0.0,27.349862393473085,29.759097294189882,28.05982291200274,31.929417918867458,34.466918827540674,35.11784098104628,31.911652032118443,28.046547257194884,30.272714820856585,29.225974970469135,29.263677565020156,30.032275606349064,32.95291035216305,34.482791601828104,31.69556349668579,37.97702513295689,33.99040099353188,30.813954515008938,37.0689249655382,30.053867738743953,33.13783213365332,33.52410163018023,34.01157138372974,26.202738456639448,31.195413672242722,32.5511387529255,30.25782940848287,32.147245762656084,35.74376378093782,28.098188422165443,32.46110017901629,33.001480359672044,28.563017939811346,32.20531464165919,29.804490662043925,29.271667294743196,33.658616419789354,32.66928001888194,33.34315912428626,32.27903987490539,35.27003046266406,30.35630177723067,33.14264023271242,35.20477037427385,29.193366396540277,34.55310198183906,33.269069454188546,29.042117194149707,30.628735644958034,30.008434847752273,29.909486207579818,30.256960628178568,35.23843312451806,30.02578916498145,34.57645585891341,31.635338665043047,29.690044465097216,30.52167007957975,29.906482263356217,30.437682814675593,33.92596934135919,34.14144319540693,34.926211203694166,29.83112515187602,33.73934911114089,31.335379775004846,33.38400040659894,30.97850311322538,33.51507048455403,32.63042164948594,33.81784998071464,35.1869669481059,35.62871684272444,31.937261446775313,35.01804233000929,34.47129292714085,35.22581475451282,33.35825860260856,35.80496754834228,34.56575145215679,32.19118338418911,33.03853785951514,34.435762804263476,34.58928452881318,30.86559586034585,34.95601094405754,31.238142965563917,32.74425211957305,34.2571300102309,35.55027378407789,32.64701973339678
photo_standing,28.38355774639627,34.61475675749028,39.29319976952108,36.18641574226081,27.349862393473085,0.0,29.056534275957027,25.75722402482676,31.959100672531978,35.60289954607694,34.265915684747796,31.79055808073733,30.42639424839512,31.090345269512287,24.484046305312337,24.81539718417768,26.062257902839963,32.82016199274047,35.52799548968554,32.7531586278329,38.65039299813345,34.904074598482524,32.70192268047721,36.93571236581122,31.07803326744234,34.1444832752836,33.3042362999127,33.76941082256558,29.220264399897403,26.16712450041446,30.4603115903293,30.242642726837495,32.49005429624312,35.74153971138677,25.815682247012656,32.32968215134157,34.19836175375227,27.21984216070099,28.53168727585136,25.101702332000887,26.916665479455176,32.99718474503446,33.82251428752158,34.87145401992669,30.87432526751186,36.13760139501743,30.805839039234915,31.56651191308456,35.245928897391636,25.10975533775036,33.64430065537504,29.175028387227012,29.545728103879615,27.75061804108591,30.189267628587075,28.293437997471052,27.753549524165315,35.06620999000571,28.765147804351923,34.11936633204037,33.155065247738264,28.538356778589183,26.100920046859947,25.137838853037696,26.58923123833651,33.1996919548732,35.1675024932835,35.941570743828755,28.942279869037737,32.817705236959455,31.216262117005673,31.074012989892495,29.80771017658696,32.4611247506301,31.426561131250622,32.516856121243,34.617917738381266,34.824925352289696,31.05114234946171,34.24395662664888,33.55285377893424,33.93901175621505,32.526832024010524,34.86526986261048,33.80660210248232,31.13586646158909,31.95345868856334,33.76731335745033,33.76973897826745,29.674245986998184,34.21532407679826,29.90204992803121,31.493759585266343,33.44019045482191,34.54801950434315,31.41244974562001
photo_hand,29.666283227179544,34.000028448104246,39.34528021282564,35.52936408738237,29.759097294189882,29.056534275957027,0.0,29.362468950264837,33.80389925968165,35.56617898072357,36.93270835574719,33.049797675480484,30.058676249191993,31.68661600937606,30.66957786169307,29.799724773665588,30.660620588698055,34.54615089287643,36.9011437544395,33.69612955585578,39.400658292140136,34.3061210191351,34.61612050281918,38.249234550596775,33.56541042398312,34.54760435266507,34.632399851816814,35.168256227009586,31.238498891722887,31.49639185193929,32.70819760070377,32.090756916970555,34.87563449747916,37.77540777416405,30.390647068065434,33.89121608239102,34.72425604964347,30.10652675192623,32.064136886904855,31.040358587778066,30.340526269535303,34.96723866115382,35.156947181056594,35.80536996330889,33.449989429631955,37.10276215691289,33.05721492567402,33.5547120189297,36.78605901462865,31.202161442602275,34.79258568888851,33.921722873901814,32.129709780577585,32.2866627779606,31.22605145792561,31.298217678762775,32.17524060301137,35.916917576193086,32.31553824364764,35.60900904634365,34.95199801882384,31.824669087852484,31.510951569673747,30.678682957361204,31.712514891882154,35.19067457395623,36.63611289613724,36.734293501542254,32.03248439058713,34.16433724946189,34.074766185564684,33.38192031501097,32.595359557823656,34.05290347546529,33.47686938838567,34.62898300595958,36.260125320968235,36.487655769472696,33.01396670185915,35.759420040969424,35.45277298545574,35.91525807252087,34.09760274514919,36.46977909515177,35.544036324593456,33.207387354499005,33.74607938325755,35.42206408092358,35.61524790429243,32.66341855911766,35.83892713890279,32.82638294070242,33.546466600193284,35.46458263354775,36.3585632113026,33.50827001053607
photo_legs,28.273182487499973,35.194992232037926,40.01765280131542,36.49855883210589,28.05982291200274,25.75722402482676,29.362468950264837,0.0,33.03189508459795,35.706214886467635,36.2326291575182,32.689270139870885,30.04631018115727,31.03351617109862,27.477288320997403,26.483138521298493,27.829755144779536,34.14953971857734,36.39297877953627,33.648086748589485,39.71669738512609,35.209579499464034,33.46126876089091,38.13131837137823,30.98681645472078,34.239021291629975,34.17016727595971,34.712306232567464,28.518105383594026,29.27380779079099,30.99392865714792,29.444956333895732,33.29380208649408,36.42352603176865,28.250114162846103,33.024256668454264,34.01757318966025,27.78911887686505,31.238850573709126,26.9193016696607,26.741112610475554,33.83674269234953,34.450979819602466,35.59914720226652,32.132708094192864,36.50849695462594,31.507902546177146,32.11304644651252,34.979640068848425,26.2872382559895,34.099615553450455,30.792299678106808,28.767655830254423,27.541440480517352,30.03339863100033,26.193642582387827,26.75420668315575,34.88780310164715,30.42351016544826,34.57094163040114,31.993387683974333,28.612239804094788,28.07540450192168,26.779431037663155,27.84861226680123,33.7720770192546,35.22581763558802,35.86918155075899,29.228272929273132,31.974630443775396,31.402494669317665,31.469226829988962,30.706111708003824,33.060668724643975,32.04922941067437,33.52658023900577,35.31143141385513,35.46503548231813,31.85238566165006,34.98728794409987,34.3791384316482,34.93068494700918,33.211583659267816,35.553139221192104,34.582171626345755,32.04530759683103,32.5241729023742,34.54031462613883,34.55466582024048,30.23083982334214,34.87618976789492,30.743169574401612,32.378287480350885,34.33002496179068,35.50961039859611,32.215043787964106
photo_bird,33.35086130558613,35.8850925067356,36.40628292563783,34.67852364594389,31.929417918867458,31.959100672531978,33.80389925968165,33.03189508459795,0.0,31.69494723700711,33.16917777072931,27.01061017962541,33.073302834759986,34.001805462688786,32.339310997019936,30.83894860676127,31.297441136967212,26.859480560044535,31.5754340206095,29.7536048650725,35.70727970471467,35.74218980463571,31.777449186627834,39.24990264111543,33.26827579720665,35.37201562930469,29.099634242923724,31.903748495968742,34.104415524499665,31.852270928733237,35.098488360498315,34.604792594675416,25.9627909173652,35.72689224422064,32.251632146002855,28.413395915711966,35.312797578213015,31.9791903292363,32.16574186520414,32.6610230751203,31.819494857701486,28.789723990754116,31.43158116827013,31.517067211541306,27.298126067492664,33.03527410504652,28.510780175738375,35.85347445314203,37.013637170327144,31.475196594867107,30.227302977280523,34.72443471286527,33.972844704357705,34.19145468420255,35.20224037722019,34.60943410164351,32.82870419836764,35.33050780647157,32.84556411041492,29.830625882860957,35.96716508013013,32.363008754543046,32.42999141996005,32.561431547216564,31.87988818559432,28.014549761341684,32.50001955793768,33.390249073810295,34.8670857739398,35.50572305579786,32.257450500821555,36.345241310972334,29.190781608218302,30.693660113435325,29.07964994890197,29.611243249709137,31.16700004495501,31.454642927652436,29.1227473837467,30.78281576112873,30.283949663500543,30.596605127109772,29.576621283256017,31.528147874896092,30.029273434553634,29.329889583427022,29.36480908404823,30.30801374550634,30.333420797492483,29.584626932427962,30.786135692256433,29.536942298409986,29.29502395477788,29.8569515760449,32.021259472668,29.16118219652556
photo_butterfly,35.31156396078749,35.487743604763615,35.29742514316113,35.22046136726157,34.466918827540674,35.60289954607694,35.56617898072357,35.706214886467635,31.69494723700711,0.0,36.6830636860404,33.15009411866759,33.869465385955294,35.461018799399874,36.829634588829535,35.78027348582285,36.605171475853325,33.419661458858464,33.53543208788926,31.928640943842666,34.81783196868985,35.10541312223134,34.67602553164499,37.96139953487753,35.483540117245674,35.27443831086358,33.70994435653569,30.95150763735725,35.47399393910917,35.572304667449615,37.406701549532066,36.08862823696157,32.69533638918022,32.537103839764306,36.364091253995916,33.71546027367549,34.63831691379675,35.27250669917237,35.710429105642795,37.32278129131178,35.55388862491505,34.69411760944161,33.90140273362978,32.758125503220796,33.60067178672087,33.7022243174517,33.91253682187815,35.376102315163024,36.50076604273901,36.60021261821845,34.90774723295737,38.33607700616975,35.788329493615166,35.87676603805633,36.89812394712283,37.347025870154496,37.568163745118355,33.62602155533294,36.5817395291095,35.010429536995154,38.156202734718164,36.12956739867843,36.490672621177666,36.957490852789554,37.53759855713923,35.36234689233221,35.02313837899243,34.96431255319674,36.93857721373359,37.329131373672325,34.270237383386046,37.173302940614946,35.656793396442794,36.20812154106381,35.60482604136915,35.64214628691397,36.845509961066995,37.098715447556806,35.399809309791415,36.41681138525987,35.884675157836895,36.89326336061111,35.40189339041941,37.42584029070604,35.70322486626798,35.596957823356874,35.85568650206986,35.815935263320185,36.103772318466575,35.58020020071259,36.405563181488354,35.78021517759005,35.99533584837693,35.83930408028667,37.52709848118012,36.135630508212856
photo_girafe,36.592669311150395,38.37683061449451,39.74876956651478,38.60947545286783,35.11784098104628,34.265915684747796,36.93270835574719,36.2326291575182,33.16917777072931,36.6830636860404,0.0,35.43282468470445,36.00708058291926,37.23571478786924,34.55992719580229,35.118565021123075,35.95674711760138,34.599481179488535,35.914308778324916,35.627534335350624,39.11281676834828,37.27030565985677,36.5881536178879,40.07924639681392,36.64009595086275,37.61052907164303,35.80070343820231,35.78449542698482,36.40483739482423,34.91506010243148,37.12969636861126,36.9113638802684,34.54657655448508,37.72383035079011,33.62858437626182,35.602786862300164,37.46788915793853,35.56622880702202,35.395677670579296,35.64110961680393,35.59850119286393,36.20908784463574,35.86256623984464,36.11417154004803,34.9069765854226,37.57059374193353,35.686042616188686,37.167323444416006,38.67347806740701,35.410212670938634,36.45846752624962,37.00598961751001,36.51312153964231,36.420061774719414,36.24628572033664,36.717328314907924,38.22703349015635,38.15958347474978,33.253650339474206,36.630103917210675,38.728316048129564,36.75845085161019,35.000749963690936,35.26153240265803,36.54913065504826,35.81304249948789,36.739484888220574,37.54678756155992,36.345769869400044,37.78798911776524,35.32838522766992,37.91861137193333,36.69051084260348,37.36474954961812,36.61375605919143,36.96467891641566,38.15232665611965,38.50080724109716,36.390839254659696,37.78598953031361,37.48997636991846,37.56138446835241,36.709594235878434,38.54897954296687,37.38210342034539,36.8053464314013,36.90273286515143,37.48053842539218,37.3729133133109,36.43751522785999,37.923735705911284,36.835792288265964,36.65916986652396,37.29504306458334,38.72385290504232,36.51745902914813
photo_fish,32.74741385420094,35.96826073408245,36.574349653880525,35.85940752299036,31.911652032118443,31.79055808073733,33.049797675480484,32.689270139870885,27.01061017962541,33.15009411866759,35.43282468470445,0.0,33.003265714314196,34.16720321436363,32.57567260805563,30.661019761376203,31.584440954220774,26.52158343588871,30.933872910101545,29.018424478911644,36.04237059925665,35.74953818650358,31.012015070714078,39.34115238277677,33.013553118532364,35.36743732986103,27.115504467135697,33.02754118053932,34.04100854198153,32.13000637222385,34.92710770379663,34.61511135226001,29.646168816468865,35.897360498621566,32.321166873498804,25.734636170076993,34.508081939192266,31.744996788654145,32.74297786756946,32.4217132574922,31.4078895826156,27.105514874975686,29.055276975880744,31.138523286055523,26.080584151563937,33.07477815128803,26.799850733020506,36.076370243523215,37.10128040233623,30.993551199424925,28.058587031532213,35.11049431889939,34.42882570466435,34.41140066431372,35.489081128225415,34.28113192061489,32.209500822148506,35.48167146186575,33.40536296193109,27.33953332998933,35.34701257240095,31.873382473669626,32.80191943513633,32.73658211109788,31.670921805139006,27.546536648599375,30.671170322688482,32.18917426029833,34.35630687488935,35.31099827968393,31.481662624538508,36.80668500815337,28.043875440535178,29.325023359687282,28.044201517176173,27.970420155167556,29.190094302804393,29.492031461822844,27.83717383983877,28.729635168963753,27.958346673892326,29.460874184516477,28.185055585380614,29.734905413063927,27.945732474466528,28.21422168946622,28.48553565864035,28.257485767308456,28.60496321882066,28.408684757740325,28.662525423296913,28.237674324005948,28.43713494516897,28.026254110382716,30.13005670387971,28.319922632958924
photo_cherry,30.750427059380907,33.863092153958995,38.43200256875831,35.060655073102936,28.046547257194884,30.42639424839512,30.058676249191993,30.04631018115727,33.073302834759986,33.869465385955294,36.00708058291926,33.003265714314196,0.0,30.19038218095995,31.838076411564344,30.769661631412813,31.86750324770679,33.841456329251784,35.16592065535652,32.02512442523137,38.098023796358454,33.9171487386327,31.976930921156473,36.94286757699168,32.22611427122575,33.41884836890702,34.05166932396016,34.94976684951398,29.58054124263256,32.993055954238756,33.72081501225441,30.86254474563477,33.63004381860887,36.0232196959774,30.50486584174888,33.12517476003014,33.021802878821404,30.411673649705243,33.769327371182335,31.928808779673254,30.798235591147243,34.41178271939576,33.03921950889687,33.80019793796524,33.51506702346783,35.20337925617755,31.44967424937574,33.463322567426104,35.483566982625874,32.22442715618996,34.50499258625868,34.697227675525276,31.701696657449332,32.47430188738558,32.060388677355206,31.371422190620383,32.61577212682112,34.49330820114253,31.36738983002067,35.016350812534185,32.327224959504136,31.600439750268983,32.649369053072476,31.86057568842411,32.61914406821741,34.82778386173336,34.87534567060035,34.84340954002939,30.78110003257912,33.25573841630937,32.71998166968838,33.66014165319125,32.61696207044085,34.17172742010012,33.55059807254199,34.62385791439464,35.94993812843909,36.1913548891705,32.864543037109236,35.52717173622721,34.946598772249246,36.01495721196027,33.91945317416824,36.298622330421054,35.22690775165908,33.123020480308234,33.8300257372261,35.068762911621626,35.253767783790465,32.39764805536506,35.569575820108334,32.86875256239736,33.63415884027287,35.049919037238304,36.30479557675552,33.55113787902779
photo_tree,30.680957858645755,34.90708301894767,39.71506145837116,36.26358783435309,30.272714820856585,31.090345269512287,31.68661600937606,31.03351617109862,34.001805462688786,35.461018799399874,37.23571478786924,34.16720321436363,30.19038218095995,0.0,32.173937861476226,29.832769996562273,30.228990833295732,35.0929526752933,36.66334670493581,34.03188465457879,38.94249987220942,34.20985087398836,32.08213303128843,37.451056363934285,32.77608962322807,35.71390705742343,35.93423587451484,36.1165268925351,31.288941751086163,33.120565580964055,35.88677689706302,32.34496132845853,34.972347685328096,37.74530251937282,31.53065917647625,34.80557838170237,34.877826085464804,29.227829977401296,35.16111657913595,32.19755687097717,30.970017686931346,35.90201835610638,35.084077571377804,35.609828210596184,34.74571954129683,36.7530005016801,32.71650139021307,34.53913922623543,37.20430621336643,32.62423441475127,36.662179744033985,36.52579130899217,32.560473831504645,33.23039832839121,32.696093975258236,32.740185069457084,33.451294781531125,37.115039111362556,33.45702023522913,36.85498325581472,33.9166011297075,31.474204878159668,32.953615761332,32.15800240890332,32.581821371946425,36.308113706752906,36.63008950907399,37.14267054853976,32.437697821765305,34.073597159235014,34.05929756646844,35.077789264501185,33.611197774381466,35.795521713491446,35.079602715948816,36.11693969308655,37.57818908994841,37.74801310994496,34.49986498866465,37.21353071714974,36.62767285760863,37.41674675202431,35.751363135572525,37.90313534184666,36.71080389060037,34.639850725990634,35.29589858174,36.81104630548493,36.95023211076654,33.52017242893437,37.19955586096417,33.936317481016864,35.113413526157636,36.59599057800754,37.91889424056957,35.15943929822384
photo_flower,30.072457754370213,36.212607706395495,40.383204598491744,37.688819107179526,29.225974970469135,24.484046305312337,30.66957786169307,27.477288320997403,32.339310997019936,36.829634588829535,34.55992719580229,32.57567260805563,31.838076411564344,32.173937861476226,0.0,23.63545696258807,26.310653762287657,33.437609056772374,36.36159235798978,34.16228605793487,39.75870556552131,36.37419727361295,34.180013077176106,39.20352676467561,31.96041250994895,35.7398819893715,33.995775454530154,35.08009498250562,30.558037820804362,27.915674718229226,31.208451438764627,32.036464972276775,33.2264685018108,37.45109214765408,27.00632125690979,32.83872030958683,35.789333742076145,27.752585304066482,29.380359103193573,24.68364087076931,27.796673706848956,33.73903678665714,34.66841345599944,35.96193829833054,30.871175338097732,37.36366068350206,31.569109618334917,34.220653697258754,36.3928371576645,24.651443859062105,34.13150633481787,29.725502508727285,31.20534095906672,29.652882303153362,31.68964592273736,29.13192696762767,28.899820448903313,36.66507775704276,28.96890234494119,34.50655167513141,34.06722415865436,28.65655114943625,25.824209157974018,23.88201321342241,26.811340725948483,33.464421978687895,35.869680860255116,36.878373770934424,29.46882948669316,33.92985580014033,32.39386598152902,33.371840341143226,30.441586681735405,32.92732231343898,31.91156996737941,33.47546328082153,35.027974005448975,35.04652257570798,31.541551479650703,34.572871889888525,34.14551200767171,34.48485940216043,32.93311185749375,35.183173698453324,34.20659580622904,31.615729910660228,32.48140722005246,34.3048689051999,34.322401805371044,30.145652046778963,34.54943759057945,30.688216125196963,31.94940359626559,33.997938612324695,35.33220661566769,31.63561621480334
photo_carrot,29.426522224248924,35.941081595740265,39.238873019464236,36.784263915936776,29.263677565020156,24.81539718417768,29.799724773665588,26.483138521298493,30.83894860676127,35.78027348582285,35.118565021123075,30.661019761376203,30.769661631412813,29.832769996562273,23.63545696258807,0.0,24.418234408065416,32.108052892702936,35.09508963602577,33.04099450215415,38.98239494647044,35.872037919347626,32.222777846495724,38.93036369981603,31.130175346432054,35.636160896676316,32.75538152626175,34.69277379161922,30.210049594616724,26.89623523528904,31.58218404988394,31.318738164408224,32.280844355004255,36.50081138864811,27.130143574943457,31.67375931187969,35.04071789657274,27.07616286650194,29.879974297517535,21.20674340880803,26.83469724878566,32.11442632812469,33.54081067612168,35.04869328027863,29.493695056592117,36.304679098910135,29.964143805088828,34.34478326070581,36.370560952856366,24.444327384687032,32.75683254657342,30.74326047499422,30.548740362171074,28.676064375237672,31.143882672268223,27.93320879871689,27.4097308337063,35.96267573790747,29.00956670240896,32.97749859262335,32.11823725697919,26.743808612016167,25.640542093014425,21.8539583044996,24.612551811658403,31.704462709158122,34.437080109581856,35.75834000913752,29.326762916718423,32.85273261669222,31.530460374572122,33.54602578145182,28.79433730596339,31.564060018556507,30.36519737992769,31.829743536237036,33.485086388188044,33.551994868302536,29.940505134329367,33.05104593053164,32.66295645928681,32.85130805916639,31.606244489808244,33.61410394129105,32.70933793185665,30.09119077679364,30.740753990703297,32.895365176434616,32.78086345457124,28.82635164703217,32.89713857973894,28.933194735075894,30.193898832163487,32.48030415397509,33.75051416810387,29.876532583222676
photo_watch,29.122280429065142,36.14654184266095,40.36390352776882,37.32386962211511,30.032275606349064,26.062257902839963,30.660620588698055,27.829755144779536,31.297441136967212,36.605171475853325,35.95674711760138,31.584440954220774,31.86750324770679,30.228990833295732,26.310653762287657,24.418234408065416,0.0,32.8528979222535,35.56943923569299,33.30055571969394,39.64227418631097,35.507069428891036,32.34247062648587,39.06702380270517,31.267392628408956,35.79429084541654,33.239147742489216,34.67689525820982,30.09014411293255,27.745971978785228,32.344274065215224,31.53651881933095,31.811727519713834,37.692192187269214,27.51289559299573,31.641054701994342,35.2980584862248,26.091264782742112,30.335290380525308,25.017326484057097,25.535737013334547,32.62855759367059,33.91180351704533,35.26051296845083,30.648123888453252,36.477540931316106,30.050916561278218,33.54839137078188,36.81882025602739,25.43329412668829,33.31706988789052,31.90269654355182,30.21687781553594,28.951220861941003,30.80706200202703,28.252739614050657,27.69251636565402,36.31280135102885,29.83796621948702,33.193381531558,32.3412359803805,26.863978788493238,26.385568502599885,25.882789530055092,24.07275791513245,32.30540668113683,35.328306221173456,36.33596898497039,30.404102497575263,32.707435098656994,32.58146975925705,32.79085494668989,28.799909079959402,31.734202723675537,30.405138618417407,32.0095641022893,33.799793436123046,33.958406370783315,29.99397920649626,33.381665170573314,32.77940755997779,33.11055703538609,31.722112031806173,33.909170248778416,32.785959774875884,30.272583735670427,30.97156241040424,33.10355372850684,33.04784615762409,28.614787999416208,33.23994578298986,28.964330533843906,30.589093889674693,32.570035313126176,34.114818089703434,30.536179881029103
photo_key,34.12448440551495,36.58506442746416,36.66575107736437,36.29548302422627,32.95291035216305,32.82016199274047,34.54615089287643,34.14953971857734,26.859480560044535,33.419661458858464,34.599481179488535,26.52158343588871,33.841456329251784,35.0929526752933,33.437609056772374,32.108052892702936,32.8528979222535,0.0,30.213619089600208,29.608556650154693,35.88006980012491,35.944278738541584,32.155523481085446,39.523441435452796,33.38918127575056,35.013893845249676,24.16151304567319,33.665916314781256,35.06299798303835,32.88195313723581,35.73963760840881,35.535377385026706,29.25989356488721,36.01878597607507,33.42844267356443,27.820054343262477,35.038054820356244,32.94249578168617,32.88861240154947,33.47606009271325,32.87957091631374,21.466890988413617,29.199350592381094,31.25437791401612,26.762028987001,32.83021803451142,27.06176679579802,36.752373949414995,37.08634384002841,32.07483137807224,26.17732599142296,35.13868365654727,35.45103525988641,35.32399836983313,35.79389840572818,35.2828795399435,32.564123290325895,36.09024064496556,33.40820686806318,29.061115428368847,36.29421080500385,33.23364277672492,33.326779309096175,33.4706234413433,32.54118281175533,22.91434620896022,29.727935786003705,31.76205258647239,35.08651402889457,35.970026892374044,31.596215477951244,37.26654541735575,27.64798952092415,27.80001072645992,26.82553378053918,25.9586772707949,26.453949769598964,26.976176295414522,27.00891342569867,26.4957486607286,25.934726899600946,26.7631775099272,26.423925699333378,27.582887152191077,25.444805835258542,27.070183836549777,27.400580744422047,25.48487301521448,26.36532466304499,28.025708535939778,26.100073035307528,28.141597880651666,26.52077733008729,26.44517851333685,28.101327502119094,26.572556512864377
photo_truck,36.24700627248169,38.01572421288497,35.33043503146421,36.44526404554581,34.482791601828104,35.52799548968554,36.9011437544395,36.39297877953627,31.5754340206095,33.53543208788926,35.914308778324916,30.933872910101545,35.16592065535652,36.66334670493581,36.36159235798978,35.09508963602577,35.56943923569299,30.213619089600208,0.0,29.3235417948867,34.41853325707567,36.20614855264341,31.89542898377883,39.887366252160106,33.06827796311783,36.14937851611508,30.4402377114989,32.656986804542726,36.046863950361335,34.43647237649351,37.19237626788449,36.51958190251072,31.682344380116444,35.16693665206093,35.433840441336905,30.743433140420787,34.871428370417036,34.42876816022841,35.60104680736913,35.75175548655617,34.67899049461468,30.772399837403594,26.35424706806492,29.75991050412761,30.34620360771421,31.123340523963893,29.74269013065811,37.08461643346401,37.158623029477376,34.79800553032358,32.64018075716652,38.27257936622904,35.74344392455827,36.54724801782791,36.78900146546958,37.099455486170584,36.19870033720383,36.28843861845067,35.50825007781248,31.355677041413067,36.68625714514398,34.74774216259772,35.570887800857506,35.69443218036659,35.64672472965071,31.823492748325474,27.32634947281607,30.823904276562917,36.350093375042505,37.14462402624573,32.58405298680505,38.46587029255832,32.93342320935232,33.67542688204043,32.94116912153753,32.812156430791596,33.09280510516776,33.179692380410586,32.60564819649885,32.611270709270215,32.73891344357701,33.31071196532427,32.822380107147325,33.31541994774094,32.339051338509684,32.998515856558456,33.17682840747357,32.84396462855068,33.24645579750388,33.04978607759603,32.466145029899934,33.18977678063732,33.48005908824336,32.828596170226255,33.70547213594345,33.361749894097294
photo_velo,33.6176204822178,35.940057284866306,35.840875494067205,35.51191249919018,31.69556349668579,32.7531586278329,33.69612955585578,33.648086748589485,29.7536048650725,31.928640943842666,35.627534335350624,29.018424478911644,32.02512442523137,34.03188465457879,34.16228605793487,33.04099450215415,33.30055571969394,29.608556650154693,29.3235417948867,0.0,35.29641812357281,34.866138341043154,30.769871010933645,38.499075153400035,30.8170896564362,33.82902296965197,29.4584321310506,31.93432292964651,33.21135424090835,32.74241573546019,35.330414330984055,34.324494461950614,30.482444945546373,34.52313539385621,33.3553424465292,28.074377411918686,32.46031411180642,31.635392160375655,33.79178943658965,33.791739477391324,32.00566655952616,29.88373184297903,27.830111406791424,25.427815619448662,29.02530413695212,30.82626271242609,28.08427617279398,35.13204840699855,34.799345782399016,32.91798982418983,30.04432538412612,36.53860695664762,33.40394670554127,34.4082531426339,34.855284313592925,34.817099660202025,34.27375396901491,34.80373251122985,33.96377267754073,29.79770637693461,35.200667498866586,32.4310653121653,33.431059156619995,33.6366328564415,34.11833129069204,30.460641619215462,29.38282331980235,26.58601715497539,33.876917528243574,35.14863520983012,30.07684458215423,36.01176956084708,30.7819716857762,31.394548360960936,30.811917255816557,30.9952724730839,32.26633771831057,32.41643686537955,30.457730348391657,31.535651843392166,30.884998594611343,32.48389327021451,30.178170346671532,32.60043447530369,30.841110843610473,30.912694361861988,31.2232179207111,30.764263538686524,31.353580801753704,31.00556910965866,31.44167627960662,31.037988597415048,31.379144992295316,30.958575359320424,33.04540344014249,31.432153541601327
photo_road,38.89155175623386,39.37891330799525,33.58008558748612,36.92853496953872,37.97702513295689,38.65039299813345,39.400658292140136,39.71669738512609,35.70727970471467,34.81783196868985,39.11281676834828,36.04237059925665,38.098023796358454,38.94249987220942,39.75870556552131,38.98239494647044,39.64227418631097,35.88006980012491,34.41853325707567,35.29641812357281,0.0,38.140366521142695,34.339995984404055,40.45579818225197,37.94875862408662,40.362377322571724,36.82615272502287,36.98883505668799,40.057854029198495,39.09976548738547,41.50520467247368,40.4642740310039,37.077017311294696,38.49782156700552,39.93353594768927,37.31320481802694,38.740197682959035,38.675696474374526,39.38094907854507,40.741531003437814,39.35957009641236,37.82206561884287,36.37959063809538,35.4121402805627,35.8494205901478,35.84376702583522,36.46830063324869,40.47692376757247,41.46087277634888,39.9736519385302,38.592980738583584,42.49686223246491,40.202467067052034,40.96845440012931,41.00878263267724,41.65577380851109,41.4924117672736,39.61249071132888,40.507776691446004,38.46601894837157,41.0806588160773,39.380326355012556,39.777972393323324,40.52845730390665,40.96485899772307,38.8039704654673,37.64935459964718,38.07276955412182,40.3084063762707,41.53568781104696,37.96995873763883,42.11779295901079,39.20714047782369,39.84873513561586,39.3113105255436,39.13541330476034,39.65068595335198,39.63797329641248,38.9613379613031,39.090870811935424,39.3219939601726,39.642925168429976,39.11597093594449,39.78997056936467,38.76373980030755,39.340383827454204,39.52276865338425,39.10563091873761,39.48712197274851,39.334592072618676,39.092319141624515,39.489475468193085,39.61791091092123,39.24975270176284,39.923835859756664,39.611822030070805
photo_house,33.76241185099317,34.30314217944147,38.99426525697235,35.439346558720175,33.99040099353188,34.904074598482524,34.3061210191351,35.209579499464034,35.74218980463571,35.10541312223134,37.27030565985677,35.74953818650358,33.9171487386327,34.20985087398836,36.37419727361295,35.872037919347626,35.507069428891036,35.944278738541584,36.20614855264341,34.866138341043154,38.140366521142695,0.0,35.89846051993665,38.1973778449652,35.580650246959756,35.565688901772994,36.82757355216275,36.55988322912765,35.257136219549444,35.643650511369366,37.35314864134738,35.21669513355688,36.31870452678082,38.17008518697523,35.8001231276317,36.535738599101684,35.70644155314474,34.95672196394371,36.046638143959676,36.87112068692534,35.57153440323323,37.196987691570705,36.133107783081215,35.776126033592014,36.29264328328623,36.19677444776965,35.79229613537237,36.42009836452094,36.75169381453161,36.65068568494248,37.934385360929156,38.91016633731207,35.84069848456356,36.942730227147294,35.425956678716815,37.03794672549361,37.39288970120895,37.65309970879839,36.61126759920438,37.78126160234787,36.82225759255935,36.654100270488975,36.7490328715595,36.935257716920766,37.449574062734655,38.022734388637446,36.95019094100909,37.86273650231452,35.89574068666767,35.26074198217735,36.61367771678352,37.64910052568238,37.327308805631226,37.926225387583514,37.53101869520109,37.88761328106026,39.15554469023454,39.21982561536932,37.06992755489256,38.697001443924385,38.32645955115529,39.05729804615459,37.53974979527017,39.533651557939585,38.21011060721184,37.572829466406674,37.72096560271489,38.236377603471304,38.45941289199413,37.469266314206614,38.67758508451154,37.58679015091683,37.963025566775464,38.23631627685382,39.54967694563296,37.83505936237113
