,photo_face,photo_profil,photo_eyes,photo_face2,photo_walking,photo_standing,photo_hand,photo_legs,photo_bird,photo_butterfly,photo_girafe,photo_fish,photo_cherry,photo_tree,photo_flower,photo_carrot,photo_watch,photo_key,photo_truck,photo_velo,photo_road,photo_house,photo_mountain,photo_windmill,drawing_face,drawing_profil,drawing_eyes,drawing_face2,drawing_walking,drawing_standing,drawing_hand,drawing_legs,drawing_bird,drawing_butterfly,drawing_girafe,drawing_fish,drawing_cherry,drawing_tree,drawing_flower,drawing_carrot,drawing_watch,drawing_key,drawing_truck,drawing_velo,drawing_road,drawing_house,drawing_mountain,drawing_windmill,geo_face,geo_profil,geo_eyes,geo_face2,geo_walking,geo_standing,geo_hand,geo_legs,geo_bird,geo_butterfly,geo_girafe,geo_fish,geo_cherry,geo_tree,geo_flower,geo_carrot,geo_watch,geo_key,geo_truck,geo_velo,geo_road,geo_house,geo_mountain,geo_windmill,word_face,word_profil,word_eyes,word_face2,word_walking,word_standing,word_hand,word_legs,word_bird,word_butterfly,word_girafe,word_fish,word_cherry,word_tree,word_flower,word_carrot,word_watch,word_key,word_truck,word_velo,word_road,word_house,word_mountain,word_windmill
photo_face,0.0,50.74842063528996,54.811034771964266,52.94773318839225,50.365119438815476,50.09185868364426,48.31120266219109,47.987564938308296,55.26748270761071,61.33834958044464,56.708261044014115,61.179188270369266,62.02619640602945,56.40793912026292,55.181056096828996,58.38495918151917,62.81613288969755,56.05255977435474,68.5352909387576,60.274036156419506,66.78287098498255,59.211498521393985,55.79516811246482,63.2449715236885,52.12376503996092,52.847197977677894,55.61024441955192,54.3677053129098,54.174645480006944,51.62542069116676,55.556922263468635,52.467814416831565,58.8986301815035,59.685988324874664,54.63398159538573,53.87064105009959,52.03640600712851,50.2561499304739,52.03477757654696,49.89559560621312,51.77073868315394,53.445144463250365,53.927666526719605,58.91926807206825,52.1854202784634,54.858405185575194,48.98687155650713,56.38286501902703,54.30589745200265,53.311574190951355,51.88947005620703,62.10655817062452,52.53104372134714,51.21235184954191,51.735833452611914,49.96537280620193,49.40159657487247,52.1379553193919,51.44584579245507,57.356233287627454,50.86084101793299,49.35669504782776,50.43615186523502,50.59473905862196,51.274099907236454,51.20250350117919,55.16514905933611,55.29829763082926,52.71628937596897,52.67049430402163,51.202272033004455,54.010846090166304,50.65833246349488,51.422672420657484,50.9629961923353,51.87497438623561,52.041722610118015,52.54038440905372,52.42098513027685,53.267362505838996,51.63652872720347,51.2405507361334,50.74203000100304,52.82302385124547,52.42032768545396,50.76543929656127,51.96043641097644,50.94066607312465,51.250853527619576,50.63027230880593,53.39822576044254,52.76420027720496,51.90424615570469,53.58458188484085,54.0204299896127,52.238711616896055
photo_profil,50.74842063528996,0.0,59.89441077754399,59.1063177833843,58.17235646502074,58.49270149422773,56.15220610566531,56.54177745809518,61.92372444158692,66.52151617778759,62.408354688040426,67.04323558407957,66.96273661338537,62.19418996949362,62.42732670959704,65.55711864719511,69.90210316825835,62.14831142377982,74.10830943576977,66.3869754509072,71.17784820238606,62.8158519015309,62.140883277590014,67.78696767658461,59.09799037579762,56.424289065641794,61.77262361223834,60.67829289938868,61.1899563784625,59.55235763454804,61.73838712172543,58.74598147763708,65.3673872790123,65.16060383064799,61.72268418158907,60.741101155403264,58.19434892400249,58.73932666822601,59.248006843559295,58.57897551928479,60.07307163724271,60.46777086109476,60.651488768875595,65.11818422964708,59.02799667125615,60.57869616711961,56.87841339873685,62.19529908683505,59.96302873012707,60.86778539837267,59.317142609709045,68.32315851086297,60.232253849581056,58.850930770952566,58.582176711848334,57.83931656439116,57.77380240152713,58.378665600545716,58.46296275511736,63.55409780532473,57.61643707656528,57.766796751677596,58.74078972595134,59.1873573918648,59.55874751222119,58.323635732605275,62.031686533988115,61.66068106885122,59.38756809060045,59.04680770647487,58.76399584768846,60.74611810386707,58.70432716820801,58.98332487019509,58.918483616288746,59.5863020865361,59.37967255608983,59.65972569753325,60.00910173344119,60.386501174159775,59.044033833674916,58.665584361324726,58.53285501102273,59.988539793663236,59.87304675955374,58.62356252537173,59.52526926042238,58.4647006058759,58.84760231610514,58.74858653536109,60.68291444273025,60.4115381310933,59.50358457115199,60.50684628140385,61.05258792924269,59.72422111562221
photo_eyes,54.811034771964266,59.89441077754399,0.0,49.55508571941265,56.588452328519935,57.132286409987735,54.52752393862735,53.74560644206017,59.59622263871665,64.31364300776029,60.785580942129634,64.5201459627813,65.55817016950988,61.619423543847425,60.09643276259069,63.18372686045563,67.11443710562341,58.12531847549865,71.12043401755948,63.8663626719186,60.00684827870878,62.59566256709532,57.48905721618918,67.96197520191397,56.623540091802845,56.69215617933907,52.32247563528224,56.53976892034134,59.24124835213624,57.0383794038808,58.82675470328559,56.43239790483163,62.852837979180876,61.76823193633479,60.21815209028815,56.77027209494677,55.47927686930863,56.19401199187027,56.38883121640556,54.93387248479063,56.33928119360702,56.17578746415459,57.89318796747957,62.184228361919374,55.40624651438927,56.983743232376455,52.6596440672081,60.35937322717977,56.39026981502988,57.27875616318898,52.47829472686045,63.722152906101634,56.8350120607864,55.20894799580541,56.073671412431295,54.10715946280245,54.063985051325204,54.221808369645125,55.23526468336668,58.8180562101251,53.4417162528642,53.74976010321191,54.84683754771167,54.3613128504545,54.728652488463254,52.597271778959225,56.85147555361547,56.32783495379755,55.3700196161825,55.86863936313154,53.823183616241494,57.801967908460604,52.931242517414425,52.67961246567924,52.63411769251077,53.38826887020922,53.509179356723365,53.71148278436827,54.36445126802684,54.58039068682682,53.04434328168982,52.72186633808958,52.30577395274772,54.3837064411452,54.04423178886624,52.61084561534555,53.472565418484834,52.52068146326244,53.120113850845,52.64150422169245,54.608300102773626,54.46942531682923,53.294882367632,55.09772311564195,55.99085772182709,53.82301580170305
photo_face2,52.94773318839225,59.1063177833843,49.55508571941265,0.0,56.43286737020642,56.82211667180479,54.26946996355595,53.68016410013375,60.09862396444064,64.94614989843566,60.92648442953395,64.94668403637651,66.12713025111297,62.16688518683669,60.255645286755815,63.816896289999576,67.15463101998914,59.20442152933837,72.13379857734523,64.53927241414472,64.04407550282815,62.78308074554508,58.38884857408441,67.85346786359715,56.46794199477484,57.14963834851253,57.14801516829563,55.41730840958217,59.29252262935347,57.422769744212204,59.48645937516925,56.688283754091486,63.18002616803981,62.58853709604102,60.20128600955319,57.35019072638242,56.18567286156551,56.460998872433784,56.85803316442601,55.868298670115784,56.60452865571096,57.45628197819197,58.5836586780019,62.80128731294244,55.96502028941093,58.3277224010328,53.25641957586356,60.82850572468879,57.16516499499065,57.919488006597916,54.97454376591662,64.69063008689147,57.44587766558629,55.616051377171424,56.97530001399773,54.727135882089875,54.86474209991006,55.44216087096375,55.81366763564989,59.79118011458027,54.54578504085899,54.46341147568914,55.65000440649227,55.21103554081617,55.72288873563608,54.40077054368209,57.97546092488097,57.8865600114101,56.003465242011025,56.65910261602362,54.680154905668324,58.192466172897575,54.27840261876295,54.34883858762149,54.1980180028642,54.91461384214806,54.78148297119605,55.08693741210503,55.907656823712244,55.95176049613047,54.417408109720554,54.08874445967718,53.83349943075623,55.513713442508106,55.37395104224545,54.2588576601239,54.94257813894306,53.83035792438475,54.45942500357279,53.99654447892627,55.75179720455634,55.95564898464077,54.80302697903928,56.25437059645777,57.09072254104851,55.11598374584583
photo_walking,50.365119438815476,58.17235646502074,56.588452328519935,56.43286737020642,0.0,51.004917195626874,50.99452610382704,48.92471651612554,57.38894805063229,63.325994435990765,58.65960543022595,62.09504670055132,62.29302064128984,58.285456180393375,56.21187930570685,59.495293418581674,64.33627938898493,57.53387950609497,70.22806907083438,61.63425905561683,67.79249227043769,61.7502593492452,57.702137312281714,66.51256992564795,55.315628775997745,56.22786549216726,57.09880777686389,57.70458386777298,48.552359618086975,53.73181031607537,56.83631538102385,53.69288264615514,61.530107587868535,61.9364374341714,56.33804321031415,55.685134304382146,54.33013710611825,53.44222612419896,55.05053674250837,51.963598683986156,54.019478955921755,55.84431247437685,56.557759587304524,60.885234184575026,54.52184248765743,57.17563358017649,51.47307168223052,59.33767345878875,56.60078467677306,54.77955355838765,53.40278525789738,63.165188132288385,53.90799576049991,52.78179611763058,53.887479699972545,50.98828244265961,51.25246802829589,54.133951228326055,53.12923831095428,59.155311779034705,52.20300875956935,51.519526660377316,52.73450720216038,52.152112678142515,52.5465937207339,52.86797546897215,56.733889319405236,56.61705300396104,53.407630323023625,54.916548586698966,52.88514718027507,56.221585840546496,51.849104232978576,52.62803099009018,52.27771444196186,53.35593085768704,53.4911874008087,54.077850659878926,53.72596033669873,54.60454293702869,53.15022327321489,52.77939948656637,52.0843654270704,54.26127613677234,53.90258239579529,51.88093215224384,53.06099459202287,52.63535231869687,52.93611500054263,51.700338572089,54.86335160199913,53.583675647573074,53.09235929020046,55.035063770361845,55.957852864529634,53.52714472968188
photo_standing,50.09185868364426,58.49270149422773,57.132286409987735,56.82211667180479,51.004917195626874,0.0,50.76460140839437,48.13861908059166,57.00481709067605,64.01353023614709,57.98809262873249,62.06448241723791,63.31102789947042,58.32542866746588,53.58093767046919,58.43785541724773,63.27792730758651,57.152592801700614,70.47801151675667,62.232470782119655,67.63812699393665,61.576492920159055,58.09354176210085,65.77782210232968,55.34413747824631,56.43347332533693,57.051049084566124,57.38330718407703,54.4773887247014,50.98678411744155,55.796914108793914,53.52404310965492,60.88070220408043,61.96023697864656,56.115476934093806,55.43229214373167,54.58035786368175,53.21508285523335,53.259366657649856,50.27692731523573,53.50031542526084,55.551217725550586,56.85637860391599,61.58598922191069,54.438885894200865,57.05556059969692,50.94314591114077,58.503031882029454,56.68003631983534,53.55208525688671,53.21679005024886,62.343536419287574,53.625573056307374,51.16006182547363,53.5298244336643,50.248761998336796,50.113459901952076,54.30243341889098,52.63770137374289,59.00168944380907,52.66965155942864,50.6596010974435,50.661857429337886,50.583220469641404,51.270327896597514,52.392193696295244,56.633218221175824,56.863667967770105,53.149998588661056,54.82467755951307,52.39456945217044,55.5416426883102,51.393260244137124,52.09647109177933,51.85272716128817,52.62043278639012,53.173193894286534,53.671965899206796,53.30032462043862,54.283680975449414,52.79561227025585,52.111283239032986,51.77968060638068,53.6785216014413,53.4561675502611,51.67363180024216,52.73957012222624,52.090509054095484,52.40162236858405,51.24052324235935,54.45201203439915,53.32135017872726,52.55532841571332,54.59042600426638,55.21996117026597,52.87865089530919
photo_hand,48.31120266219109,56.15220610566531,54.52752393862735,54.26946996355595,50.99452610382704,50.76460140839437,0.0,46.57284291646211,56.32647592428822,61.70162629122772,56.9508472694435,60.70367503471664,60.65954022830066,56.930911789967745,54.40378028348319,58.209096085324774,62.8461661083344,55.2326523066905,69.52697594814242,61.24364051001249,66.19587544357736,60.399681445896604,56.6040252467523,64.92532288551608,53.60806469645315,54.32694828507532,54.75804759783205,55.23999199240795,54.428473690973824,51.94649071884298,49.349889913632,52.15475109681282,59.78494915712625,59.97580544313228,55.20294205751526,53.427094032312354,52.374040671241254,51.26506323714073,52.38106839667365,49.883273472188414,52.084948368604806,53.723593097546704,55.387285596761664,60.52240591530565,53.01309153999142,55.662630921741155,49.39519095314815,57.051584916132995,54.92366193080321,53.38145140188601,51.08028806354442,61.335527305599925,52.78224159959886,50.7577943368768,51.381645949700705,49.348959992667126,49.46867225631995,51.68415648010727,51.525930314823405,56.565302998693504,50.26821390318017,49.272409229739075,50.141799617527234,50.1257596276857,50.54957937559456,50.5515013083215,54.9710729292233,54.80805814924392,51.7205567543838,52.46351182047315,51.473575625480635,54.03494382296158,50.04688925321376,50.68512562391728,50.66635100844193,51.528067690726814,51.83844283180807,52.399325300567526,52.0743488330023,52.95624715653248,51.343058579596025,50.830390948324094,50.19589016984995,52.53391458563964,52.14227984652412,50.27669867002122,51.54117564349355,50.58414350001156,50.90139379984525,50.03053541942996,53.01304564419376,52.138278685043765,51.32851699686595,53.198793498535935,53.96624942842972,51.73876134082524
photo_legs,47.987564938308296,56.54177745809518,53.74560644206017,53.68016410013375,48.92471651612554,48.13861908059166,46.57284291646211,0.0,54.75905396996733,60.7880662746535,55.676830555291296,59.42322303596146,59.00591335007372,54.37321221849416,51.29560307241232,54.498611551458524,60.705876140302784,53.706450404179115,68.40557672570425,59.91832932148921,64.76005244286645,59.701875900539804,55.031953693959224,64.38791147804112,51.28567199244053,53.81006297201113,53.622776064103725,54.33489908289465,52.4326398672121,49.7003075952992,52.81325076727296,48.18362324658386,58.73753687231376,58.563423285353274,53.76924221625185,51.707775831691215,50.784945961064444,49.36034023385897,50.762766207660526,46.22540261897225,49.577073343708626,52.10291634478852,54.27266614625345,59.07275238267333,50.70950264121515,54.80159684666062,47.428490122203996,55.445954629649044,53.73098992092187,49.50543620393169,49.401401654651146,59.96152096487411,50.152808059416756,48.39839745193996,49.92613815282672,44.780424581583226,45.717204345694235,50.39189981562557,49.326306638861276,55.53034851680912,47.384808687740104,46.68444935864255,47.93130793057717,46.44126216684318,47.724039679220404,48.33672308574088,53.6117414591591,53.3707232618075,48.68769738424989,51.29779508842783,49.02700395554939,52.39600752186286,47.65318572114532,48.42419036419048,48.003468472697236,49.199664648795256,49.7737807637526,50.286639624779205,49.630978359987814,51.043362605074954,49.22067636461253,48.85720264009752,48.10016976262659,50.514838940623335,50.041154413519,47.822810901947044,49.002227593158054,48.71498472841225,49.06999467500325,47.30052155408668,50.91022383701009,49.54624238790059,48.78968550458124,51.285747980088075,52.30973144041663,49.023700025273214
photo_bird,55.26748270761071,61.92372444158692,59.59622263871665,60.09862396444064,57.38894805063229,57.00481709067605,56.32647592428822,54.75905396996733,0.0,61.72286856879771,58.25249511488693,59.85860743891984,65.57815615262294,61.22433023646922,59.67720749672095,61.988248638000826,66.62506900773309,56.512240457416986,70.86648259389213,62.96888897520713,69.79812657804142,64.16913526935052,59.98781745523789,67.99947469487203,58.999453396549164,60.13783155984161,58.394050468411635,59.761635757909254,60.3140766608219,57.467484598896284,60.842077427330594,58.574362005187936,47.37183453247365,62.2524099808944,58.71584566719411,55.38459682230843,56.78507959975427,56.27732041819688,56.72987518446501,55.470458772664394,56.5419517884322,55.81435980872695,57.27544812755758,61.39952395391855,54.80331145964725,57.860630073516674,51.73779632921895,61.90220452626819,59.83066776413281,58.15917675726429,55.083982027028284,66.78108656945552,58.089510609085124,57.55820017957665,57.966674886223416,56.43484751107802,54.70944461424248,56.870098983014664,56.36379352307615,58.607254040731966,56.01083371870041,54.77348191432124,55.877393263922954,55.60120813384111,56.10478793534976,53.3854246159957,58.43657689731244,58.50330337512545,58.147729437729325,58.037941769415156,55.39255529928911,59.714673954189166,54.80232324695453,55.25922571513377,54.99311607153214,55.31522376658472,55.34157133287981,56.02488768265206,56.614122247743694,56.365982705917034,55.6869864657502,54.79494443404197,54.823403792877194,56.51415296653888,56.082486694067775,54.72093762661946,55.77214825200145,54.92221806989777,55.13977801438316,55.35567893949997,57.11909600105274,56.90503579487502,55.92850919427488,57.03624194499284,57.59857261181022,56.54886289475978
photo_butterfly,61.33834958044464,66.52151617778759,64.31364300776029,64.94614989843566,63.325994435990765,64.01353023614709,61.70162629122772,60.7880662746535,61.72286856879771,0.0,64.84510804947234,67.13874778531527,69.12236864168564,66.7071057548654,63.523937208271285,67.33424592405883,72.59024316170796,63.52863601337441,75.2756494202793,69.14299475826967,73.77546987117246,68.3478881442167,64.90444370424963,71.87910767287975,64.03123008819436,64.84936233260035,64.0775550391051,64.17539615138145,65.64907503717603,63.32756475020073,65.51061145601494,64.00046718982222,65.28963214254955,52.643380846986595,64.98088315385608,62.323185457042385,61.27154038934463,62.7454502470982,62.79323016740092,61.810554803935716,63.48383344016853,62.54793502422875,63.84038322764316,67.2630221445805,61.87167101780492,62.94782532323624,59.52088146200954,66.00734254916674,63.92073686775523,64.61473894515386,61.725367614427235,71.85227959269677,63.96746894017698,62.77732462334237,63.303366945309406,62.13048386985296,61.804521616085424,61.83284652098884,62.79371162075715,65.01422311859618,61.61245304498209,61.52234054536195,61.61859239298561,61.487862468787625,63.00217099664097,60.75029485410641,63.913391095945144,64.65065527090371,64.11502164084936,63.672419597680744,61.55589295276946,64.12721054859914,61.715529654888655,62.398140924266066,62.12780604037976,62.57341298925431,62.63010522287075,62.81605360478237,63.495891974187,63.34043781072007,62.26856594618968,62.15390967374298,62.04177743047485,63.264433975703525,63.019367199809714,62.08374121938379,62.74297010582879,61.99039187810784,62.74656309229766,62.08229952791254,63.735644797233434,63.75962822862217,62.94162783094275,63.92221592089164,64.22421199025774,63.3777771638179
photo_girafe,56.708261044014115,62.408354688040426,60.785580942129634,60.92648442953395,58.65960543022595,57.98809262873249,56.9508472694435,55.676830555291296,58.25249511488693,64.84510804947234,0.0,64.01850105174766,65.84067600875903,61.80481790595713,59.50664853992596,63.117144630333954,68.2545887788945,60.13946926261927,72.23235176647952,65.12857183978352,70.03004314059797,64.62422421990587,61.49891007709669,67.91544813838786,59.78708360669944,60.84301253357253,60.69025050899339,61.19531622029475,61.43460953842664,58.778367845531925,61.317537857122296,59.221338686286366,62.83691653638834,63.76864755117868,52.913312450350055,58.84120859333132,57.58953875108628,58.04893532865782,58.12468760621256,56.55407648986958,58.805507215117785,58.83643854642884,59.740188779332826,63.646230352409084,58.061757917726375,60.15840619850532,55.511793461679346,61.52294031199906,60.732284578212926,59.65590188841123,57.76958109926563,67.38952868776688,59.44533595296906,58.38251422169185,58.63717312253356,57.30858545021703,56.778789954983694,58.480892200762284,55.83203216128219,61.839974013694984,56.68550028593685,56.67255440906163,56.54384250343494,56.53256292455254,58.04288688287585,56.625814831839975,60.58463702600025,60.57780194839421,59.02935601081909,59.41476723036319,57.16904840466361,59.98969375269371,57.674789561991375,58.372298225967256,58.00004238698165,58.45121924521954,58.59674334696189,59.08977629447634,59.528147606104675,59.40828858272271,58.50036627139007,57.81551660458222,57.56661313744453,58.98015239981913,59.05011600934792,57.74477431424388,58.606136705727025,57.89946364442514,58.30552916279876,57.81512203024967,60.054281570488754,59.72734067040386,58.72176975298209,59.91596277235094,60.307694192992116,58.90947981615404
photo_fish,61.179188270369266,67.04323558407957,64.5201459627813,64.94668403637651,62.09504670055132,62.06448241723791,60.70367503471664,59.42322303596146,59.85860743891984,67.13874778531527,64.01850105174766,0.0,68.39920258427037,65.48300185871769,63.445034276445924,65.4472071962994,70.81382109003475,60.18980596936121,73.85221524053455,67.51304388535296,72.95501002115176,69.00360105831506,64.24159151104274,73.39822684718159,63.904674135962274,65.51003675986742,62.16107586264662,64.53600325702439,65.44650999001617,62.91347401626084,65.03221687659762,63.82781236496007,64.56896051408184,67.32108210625292,63.74339675594067,53.16095374056424,61.782165944312965,62.066687274177774,62.42659139874419,60.15907733101987,62.121923783904265,60.6597305945603,61.35789366839058,66.23930573978055,61.10165406869187,63.68628219536798,58.03680316625285,67.30930910894638,64.92643918582954,62.97747924723268,59.59816245957189,70.82598929565563,63.42512756666492,62.087895265140396,62.44562532985668,60.18878354034778,59.92808188142441,62.49651893333362,61.333960264216,51.54331306876504,60.61166038487273,59.97182146471424,60.70896776165172,60.16194325588935,61.145208770283574,58.43180893607676,61.868028119427606,62.337033112877414,62.83118241433814,63.093200356883756,60.50645009016679,65.20092178352816,59.51162189089123,59.52473768513855,59.211671878507445,59.65705119705567,59.21954681916286,60.36545613155648,60.4844977480142,60.93175462843782,59.8272197080762,59.239532314517405,59.12305136947712,60.25595855033075,59.50175198460284,59.373948894511486,59.97242673031419,59.37626933742719,59.613941818158175,59.28342905738511,61.16385020368461,61.19860114734013,60.20727118941613,60.96453982078382,62.28673787886756,60.5172808978503
photo_cherry,62.02619640602945,66.96273661338537,65.55817016950988,66.12713025111297,62.29302064128984,63.31102789947042,60.65954022830066,59.00591335007372,65.57815615262294,69.12236864168564,65.84067600875903,68.39920258427037,0.0,63.295279008072846,63.37204042849934,63.89872647094475,71.12171847978856,64.47361557409361,76.69625796789757,69.34974287152278,74.73270841822921,69.62374477663252,65.36392728110019,73.63324064905945,64.74806477450569,66.40013239479136,65.23574179409205,66.9814649668614,65.54174807848557,64.97284507795946,66.02429644296137,63.75709205527855,69.40658596987939,68.13083973880697,65.25663690550279,63.7724003757598,60.64428271586567,62.710286239897414,64.19524399081179,60.65493160714257,62.89178454522045,64.42201972589764,65.64046506862773,68.71943559017944,64.05367236169894,66.49738242612115,61.065590209526,67.26122690915032,65.491081354293,64.57534484404616,62.11684792179758,71.65009064054132,64.04680146901671,62.83753897039968,62.80506976316438,60.80393906155754,61.094099145316214,62.9170098156555,62.28757716832029,66.87752559528994,59.84371465149787,60.94217888805927,62.20756208449852,60.84164925859571,61.945747640905005,61.46011843424891,64.9579898634612,64.54249141393262,63.05664968392429,64.01092109901245,62.81401198101558,65.15186037107125,61.77283168400456,62.16278935883309,61.9480454291793,62.66027113035766,62.809888981503235,63.43129317717559,63.20429142494286,64.10457640140953,62.59847098809488,62.44639482526271,61.99482876423457,63.493108599424815,63.46770113573422,61.909034314050295,62.6772790096136,62.27101414924759,62.554333286827244,61.50551393724973,64.22438179182174,63.13733581498839,62.07593294223169,64.11625505339927,65.01760051618926,62.895916911093195
photo_tree,56.40793912026292,62.19418996949362,61.619423543847425,62.16688518683669,58.285456180393375,58.32542866746588,56.930911789967745,54.37321221849416,61.22433023646922,66.7071057548654,61.80481790595713,65.48300185871769,63.295279008072846,0.0,58.6553300224618,61.526625909660304,67.43366501094238,60.705437002212996,73.13794426271122,65.42853390918454,71.34291186608333,64.66325475802203,61.23935976642567,68.90821935948915,59.8859760782089,61.49562989771734,61.75010831342193,62.566696673360504,61.003713677862606,59.73416065794557,62.29700382599968,58.838679676491324,64.92316291335786,65.55756147649477,60.610816001480075,59.782128356628995,58.01908367334042,55.6424504193406,59.154077532896416,55.34750243105339,58.92697461174293,60.07422549307849,60.686024828072455,64.55343694950813,59.64935991538386,60.95518574405011,56.0591640032453,62.529685248209475,61.3026667688587,59.767981312027565,58.46809788327299,67.75720753520213,59.72300659812421,58.30014008568798,57.952117995533065,56.41121833889209,56.13303207083444,59.32676808744796,57.63236943030452,62.768058423200465,55.731618988322055,55.51870348255207,57.78057506226017,56.54155604949511,57.708614281254114,57.631446745247835,60.98110044082994,61.037456150775036,58.750595962270204,58.38820465477152,58.04525097577904,60.418098306480125,57.716215234058545,58.0327972919349,57.99644709342461,58.734246696481165,59.29851118052361,59.48145858273138,59.3531099061035,60.05094996487771,58.788911246848606,58.360730096707044,57.87080501389552,59.667039462119675,59.352846943764945,57.825381708076144,58.87705774266124,58.38204166021233,58.7942193569415,57.679260802576195,60.3390886967252,59.0829703189327,58.71641792040021,60.41834315925147,61.28855672737325,58.93515804006098
photo_flower,55.181056096828996,62.42732670959704,60.09643276259069,60.255645286755815,56.21187930570685,53.58093767046919,54.40378028348319,51.29560307241232,59.67720749672095,63.523937208271285,59.50664853992596,63.445034276445924,63.37204042849934,58.6553300224618,0.0,56.85280076049765,64.55648827125304,58.24629052633172,72.64507822622548,64.7387570701351,69.46887640602844,64.65092372509868,60.27395350638188,68.83174888542268,57.87773311625522,60.414762694041244,58.943811504995615,60.236507367529526,59.064974117632026,55.847074627689814,57.87058629363781,56.989247687713586,63.586412532443475,62.63458999489261,58.1662839132175,57.47784219301062,57.104793874914755,55.47127581818953,53.94640307606008,51.00976390380019,56.138124236329865,57.69740666807843,59.7840813325468,63.98181839982013,56.57359537095825,60.301358823609064,54.12771376721937,60.56634219386484,58.993917062253416,55.595996948247716,55.366454138434,64.01732176223852,56.832545642239104,54.70742152531295,56.26489227964923,52.415245539535775,52.3459800060466,57.006765221577766,54.35119044320025,60.61311763909059,54.05877364503299,53.106173338156424,50.37015113095213,51.11653506080428,53.64427018410699,54.1596747792962,58.761652033020454,58.90809212947755,55.507807122408465,57.301698995885666,55.231895851960836,58.065043813260736,53.75373022392279,54.68419950480252,54.210793392164256,55.4298753071061,55.975774212716765,56.391234772975466,55.860174494748605,56.83227947442699,55.50148245369209,55.061242925632385,54.4601798869841,56.29123601891969,56.177929106418176,54.15314536195233,55.22682715551981,55.03198766579989,55.38980599188709,53.600390168669946,56.936284231893126,55.41756480361847,54.97392738325077,57.15879576037717,58.32433678970368,55.3065193856365
photo_carrot,58.38495918151917,65.55711864719511,63.18372686045563,63.816896289999576,59.495293418581674,58.43785541724773,58.209096085324774,54.498611551458524,61.988248638000826,67.33424592405883,63.117144630333954,65.4472071962994,63.89872647094475,61.526625909660304,56.85280076049765,0.0,67.54295921034846,61.90569160266405,73.83050917291739,67.0259277209349,72.44855590792626,67.584061756892,62.64887685361475,71.94577595834365,60.70739186302242,63.466658660779125,62.20673485838631,63.58011007427075,62.40310579203059,59.16994597780824,62.030851230586016,60.16215263712156,65.8837351420305,65.95383796515145,60.96493511051744,60.410158073500526,59.18195147910095,57.76402278055193,58.67173719354207,48.74161875817366,59.024359429806005,60.26829599600321,61.23792879070701,66.37296732729223,59.803666143743975,62.40632445201923,56.65351277916783,64.28465037453628,62.57992594483551,58.27507475475075,58.44617792675969,67.35956956430367,59.285104036770406,57.7714561301465,58.66860196870454,54.98969396237102,55.38476740558202,60.16425332883836,57.479772432317944,63.05931657381024,57.03769922726514,55.42175335408646,55.661022628923966,53.80915579876484,56.47275096612987,57.18365250212479,61.172870637780406,61.957199529632874,58.60770431057878,60.08753842957581,57.62333974706497,61.46546262103743,56.78509477066564,57.26875002574761,57.131594760865966,58.03474939748825,58.678811559914514,58.97030256750809,58.54009220908197,59.61884492324059,58.23912400620427,57.91021386758347,57.1604454834917,59.38511703825333,58.95527000241974,57.120552538956964,58.08114936184021,57.70067720245854,57.8438056965011,56.651929365523976,59.76047271224835,58.176757566170735,57.435530104015065,59.9000462006992,60.73234905611169,58.03901311354344
photo_watch,62.81613288969755,69.90210316825835,67.11443710562341,67.15463101998914,64.33627938898493,63.27792730758651,62.8461661083344,60.705876140302784,66.62506900773309,72.59024316170796,68.2545887788945,70.81382109003475,71.12171847978856,67.43366501094238,64.55648827125304,67.54295921034846,0.0,65.88926796956744,78.64083532250187,69.6886354672563,75.94967409512016,71.59108194616884,67.5431829529294,75.65335031795736,65.80948411041814,67.45791031134044,66.61070212197394,67.90419324654883,65.98773409459571,64.096915032932,66.69198735634602,65.11643567061276,69.62184806243155,70.30739360993134,66.24752814036897,64.9260029692849,64.47543468080788,62.17677609069797,64.6783965260689,60.64885160628472,46.85291276010542,64.63408597180404,66.52646152948007,68.65966818760839,64.8561054602027,66.85568575417969,62.06335424238641,68.47768747043882,67.05333235925126,63.96112383696296,63.3141825519639,72.43155580067615,65.25717260030883,63.56802273168531,63.82539820048336,61.503643499846795,60.656822945706,64.62681420657997,62.89505801966318,67.84781474511041,61.92890465992459,61.441302855664,61.52311589888469,61.19949575716717,51.4782077132894,62.026058076721746,66.06101732145905,65.66075752972219,63.94357936685484,65.15167528579063,63.84619829850373,66.76621440157054,61.83655128712466,62.665175421029026,62.44487843056909,63.673889674211054,63.95470201063848,64.49140372430273,63.8310714559849,65.17302648130497,63.79951251349956,63.379852686317776,62.711219766162785,64.51340192414861,64.15405197252682,62.52799085443647,63.44424098934948,63.264199322899294,63.516139248409765,61.972482756375136,65.16451624619309,63.791880018221384,62.894065508745065,64.87770104987247,66.17759468796787,63.483023527916444
photo_key,56.05255977435474,62.14831142377982,58.12531847549865,59.20442152933837,57.53387950609497,57.152592801700614,55.2326523066905,53.706450404179115,56.512240457416986,63.52863601337441,60.13946926261927,60.18980596936121,64.47361557409361,60.705437002212996,58.24629052633172,61.90569160266405,65.88926796956744,0.0,69.93652518330079,62.89313906044978,68.32188519395824,64.19881870167745,59.96643261186326,68.65009351550138,58.993842906343325,59.812329544761134,55.613001573193856,59.7003361200258,60.22034318225883,57.47548952825216,59.95194406076503,58.245209707180464,61.63758159872541,62.37259324094082,60.4284655375169,54.2478188182231,56.349717690760905,56.449388930075905,57.06979405665268,54.4794079266458,56.558624421157674,45.8688268571143,56.70198622427851,61.5201091653111,53.67474884990378,57.78678907216095,50.95342596998742,61.10316078715328,59.89862394292133,57.9231190113917,52.331465938672906,66.49068425041912,58.06119940880872,56.83498944001086,57.17590814630357,55.050233576693124,53.5367156567155,55.57543606807877,55.673296399771175,58.22570861995379,54.93023707120351,53.695923056489434,54.82615865147009,54.695249943021906,54.42275997409417,46.41985059396691,56.8599166394803,56.77398220974319,57.038849085349426,57.171601516675196,54.187933613869745,58.902736166285855,52.72446426541314,52.991873394366024,52.830777602854255,53.53256673341259,53.1183107631095,54.05451173717355,54.20216453320773,54.803821675105745,53.0948607340112,52.91739118201441,52.46988211803494,54.17548964607426,53.93988363163028,52.4064546051896,53.75534530669454,52.548723086686714,53.12896687935276,52.749645894198316,54.89770041195676,54.56272633006386,53.44309734176555,54.69656538462625,55.776591175441624,53.921855394099495
photo_truck,68.5352909387576,74.10830943576977,71.12043401755948,72.13379857734523,70.22806907083438,70.47801151675667,69.52697594814242,68.40557672570425,70.86648259389213,75.2756494202793,72.23235176647952,73.85221524053455,76.69625796789757,73.13794426271122,72.64507822622548,73.83050917291739,78.64083532250187,69.93652518330079,0.0,72.58056843874138,78.28955733728033,75.21687226791195,71.72863280931995,78.92988092749098,70.50153971490535,71.68805404297609,71.03557314635917,71.34993896334161,72.65018295140176,70.3621513155238,72.75106423556424,70.96253534859386,73.86500097580748,73.89355888732823,71.60765301897197,68.77268718585444,67.90411049860603,69.4677888775789,69.941839328494,68.38805520949953,70.24188972013123,67.95907467813326,59.40575548482353,70.38123827459782,67.92448876421591,68.59447901191402,65.4670564347236,73.47940759679938,71.74284851190184,71.06270130643388,68.70858664052392,78.13598999361363,70.59057621950086,70.07212862997932,70.00007966517896,69.39219070189769,68.06852019810539,69.48222363453634,69.31623516663116,71.76860843163578,68.51573870206731,68.4672531427794,69.08034656407165,68.69396575437395,69.39428311329088,67.12707330918428,59.582721050172665,70.01425497810088,70.53005303315894,70.91657158255342,69.05460777932701,71.17666414163418,68.28287233918273,68.64907941834767,68.33120152137535,68.76479172248551,68.87823278163727,69.14049329880892,69.88863106771451,69.8129806094287,68.77231699993867,68.18447051596956,68.16180260716402,69.30397630716344,69.26002148061063,68.37056102289057,69.11701752563324,68.56455251434448,68.70641011551932,68.41846940007508,69.91020993356135,70.06822998616336,69.10652114570672,70.1220157823326,70.84039426956754,69.54569221131402
photo_velo,60.274036156419506,66.3869754509072,63.8663626719186,64.53927241414472,61.63425905561683,62.232470782119655,61.24364051001249,59.91832932148921,62.96888897520713,69.14299475826967,65.12857183978352,67.51304388535296,69.34974287152278,65.42853390918454,64.7387570701351,67.0259277209349,69.6886354672563,62.89313906044978,72.58056843874138,0.0,72.23173728147867,67.73701775248207,63.46876204998593,71.73849397062973,63.052548130722364,63.8113879665837,62.46562238653956,64.22122785305201,63.95745389147408,61.9246191824206,64.7085013348098,62.60120676379758,66.23998695945369,67.6898271098699,63.66139131164202,61.22431749040855,59.92060406045677,60.20926613384919,61.79654274857182,59.96810316504596,60.323815880836335,60.512658224267156,59.437351343598436,47.98795544819767,59.687787723751015,60.730866171791405,57.46450923607714,65.55036069708625,63.71002542237277,62.621086521837015,59.56143124734187,70.62594142753098,62.10055435834164,61.84920939141784,61.80875976906385,60.76688523184256,59.46311212186259,61.29375995334772,60.652761809243856,64.63028966830532,60.30559298141859,59.496315294943756,60.49639084267011,60.25327142949377,60.65195456146439,59.128346845901234,61.29576453721405,50.91753870400991,62.01687544209342,62.00828193160739,59.55784646676714,64.20696375402345,59.69835844856157,59.692842618779686,59.95649557200396,60.17246459270997,60.83283093697623,60.95696205851992,61.334529268017185,61.15041150130205,60.16675519358864,59.607455167121046,59.38021619185395,60.84385911483707,60.637266417727,59.69461806605634,60.26112450444965,59.622075035138735,60.17159773989752,59.74629108601733,61.3016461325897,61.18803827819076,61.03469726652367,61.508359372740024,62.36587058965422,61.148669694049346
photo_road,66.78287098498255,71.17784820238606,60.00684827870878,64.04407550282815,67.79249227043769,67.63812699393665,66.19587544357736,64.76005244286645,69.79812657804142,73.77546987117246,70.03004314059797,72.95501002115176,74.73270841822921,71.34291186608333,69.46887640602844,72.44855590792626,75.94967409512016,68.32188519395824,78.28955733728033,72.23173728147867,0.0,72.65298826933443,67.39293150012556,77.08013762775381,67.72565553276974,68.58951672157697,67.40155230371839,68.24015958126337,70.04974939528236,68.22349491165899,68.97094161287491,67.77783000422052,72.05981176450392,71.60182700058417,70.13973115546855,67.33775924627376,66.11257255826104,67.18906065001586,66.74863281144859,65.95732394204302,66.75885473640803,66.74984300242977,67.61471285271276,71.08061701528416,64.89122739076957,67.38207328796197,64.12524820393295,70.86560961670516,68.21515066891047,67.58139624091514,64.42117903628771,74.10168179415417,68.15357589588409,66.37813825984306,67.00257021233656,65.10209711555018,65.07900652987543,65.79669121117982,65.97749019262287,69.18595043376219,65.28210244226977,64.75683583735906,65.91332066087894,65.19927739085205,65.69583658315183,64.19467077956891,66.98946345555737,67.56599231464543,65.40995617812938,67.28542486934995,64.96742509924462,69.0636304468292,64.4259025414402,64.34733660597955,64.17374108129465,65.03799330231975,64.96097251984958,65.08588761524196,65.58036292130933,65.84740057008214,64.67438298031315,64.46659054089537,64.00940026915222,65.54735813979539,65.30229195764753,64.24836416780347,64.91261969801727,64.33704182179315,64.78449493624545,64.01410989527862,66.0590908614502,65.43949174548331,64.62642574800495,66.22196117953196,66.98816602502674,64.98194676331775
photo_house,59.211498521393985,62.8158519015309,62.59566256709532,62.78308074554508,61.7502593492452,61.576492920159055,60.399681445896604,59.701875900539804,64.16913526935052,68.3478881442167,64.62422421990587,69.00360105831506,69.62374477663252,64.66325475802203,64.65092372509868,67.584061756892,71.59108194616884,64.19881870167745,75.21687226791195,67.73701775248207,72.65298826933443,0.0,64.43571382938224,69.23908400910946,62.79939824852343,62.878367357607125,64.2701890585192,64.54954232296876,64.45088544208613,63.00622430526306,64.77062686399421,62.25778595114863,67.64515813437139,67.28344001146843,64.68373867217116,63.34797497283687,60.96083663145906,61.37771195611447,62.417767103741426,61.29861294946229,62.70463346426791,62.92296720407148,63.205518607900736,66.66476792526949,61.8251199848223,60.62930534571784,59.62401227448965,64.97051831190787,63.30750500882463,64.01670859409914,61.69767219085806,71.03866659148163,62.79908696883324,62.03277386615669,61.613374616985716,60.98831723253029,60.23055621101701,61.54510882233005,61.36905200536169,66.1720828569621,60.13556378038379,60.84096879000626,61.404691532417075,61.32331821795081,61.74615908033142,60.81572678725241,64.21257610069479,63.882034509509154,62.115530378264594,59.87994886074347,61.55103176588181,64.08412577578842,61.062919899647234,61.48320942446461,61.60391544208429,61.843374399168674,61.90645146625022,62.34462847529634,62.63429584304999,62.82052921888244,61.905965081352115,61.2329380393283,61.10722547027391,62.626656608575516,62.34423553407852,61.184770642689024,61.90723801897852,61.24545112347226,61.412875312709765,61.2144470194967,63.28163359781489,62.82168683850177,62.12497049631312,63.3044368613079,63.880191767585714,62.37431275599349
