,square,rectangle,parallelogram,losange,isoTrapezoid,kite,rightKite,rustedHinge,hinge,trapezoid,random
square,0.0,16.887275196270718,21.507881025654722,23.44323769915581,20.339254422454918,19.384697956879332,18.555409983603504,21.879403566020258,20.415876168649763,19.643140355584663,23.378695019522095
rectangle,16.887275196270718,0.0,19.833156755217107,22.69163278547627,22.876049027237574,21.581594437681222,21.499220897361987,21.551918999233866,19.1772702089795,21.145308978203627,24.293237161884534
parallelogram,21.507881025654722,19.833156755217107,0.0,12.016183996789126,22.119427229263334,20.046891890531548,20.87983318813004,20.56513297368699,19.03559082891208,18.342127789302506,20.89397172598466
losange,23.44323769915581,22.69163278547627,12.016183996789126,0.0,22.773762074559976,21.457331933317253,22.193615147163893,21.298330177048182,20.636408654605653,18.727093437233883,19.848100920361684
isoTrapezoid,20.339254422454918,22.876049027237574,22.119427229263334,22.773762074559976,0.0,14.591108082305524,13.975473675575584,19.779501651824873,19.28429629994983,13.636363550328813,17.379329507091615
kite,19.384697956879332,21.581594437681222,20.046891890531548,21.457331933317253,14.591108082305524,0.0,10.781526998033971,17.842898686419733,16.990939536584666,16.26245335687802,18.157858741104985
rightKite,18.555409983603504,21.499220897361987,20.87983318813004,22.193615147163893,13.975473675575584,10.781526998033971,0.0,17.486507237403316,16.36932959466458,14.868827205130653,18.817990527937056
rustedHinge,21.879403566020258,21.551918999233866,20.56513297368699,21.298330177048182,19.779501651824873,17.842898686419733,17.486507237403316,0.0,9.533088228939535,18.814678354388484,18.490746655857762
hinge,20.415876168649763,19.1772702089795,19.03559082891208,20.636408654605653,19.28429629994983,16.990939536584666,16.36932959466458,9.533088228939535,0.0,17.81919850332035,18.847472569139864
trapezoid,19.643140355584663,21.145308978203627,18.342127789302506,18.727093437233883,13.636363550328813,16.26245335687802,14.868827205130653,18.814678354388484,17.81919850332035,0.0,14.14671278182164
random,23.378695019522095,24.293237161884534,20.89397172598466,19.848100920361684,17.379329507091615,18.157858741104985,18.817990527937056,18.490746655857762,18.847472569139864,14.14671278182164,0.0
