,square,rectangle,parallelogram,losange,isoTrapezoid,kite,rightKite,rustedHinge,hinge,trapezoid,random
square,0.0,20.914959311910962,29.887882200041304,33.19625203947584,29.07666534426234,27.090497157928265,25.325931507213305,31.848373130407005,27.962181076527383,28.007941693733407,33.605563113232556
rectangle,20.914959311910962,0.0,26.452156976992516,31.87488810323908,32.277714640809606,29.53728317362507,29.13277452027453,31.034957988216483,25.23027413994922,29.47124560642391,34.357231445081425
parallelogram,29.887882200041304,26.452156976992516,0.0,15.111644794272282,30.7678447063164,26.798639593888403,28.055289897382668,28.946096516801482,24.60138335300269,23.78101304584605,27.56485600722371
losange,33.19625203947584,31.87488810323908,15.111644794272282,0.0,31.91031779283041,28.989268488752504,30.109939817864728,30.85842065950895,28.077181819122366,25.247459681649122,26.777016717978054
isoTrapezoid,29.07666534426234,32.277714640809606,30.7678447063164,31.91031779283041,0.0,20.32003664455625,18.55347122966981,29.196932980960415,27.715259240307347,19.286209337376793,24.31741037685613
kite,27.090497157928265,29.53728317362507,26.798639593888403,28.989268488752504,20.32003664455625,0.0,14.193675404288925,26.651888989159588,24.273702340929667,22.455368957399955,25.19703946806755
rightKite,25.325931507213305,29.13277452027453,28.055289897382668,30.109939817864728,18.55347122966981,14.193675404288925,0.0,26.057990031136853,23.87408871522487,20.30744780792738,25.843350381301835
rustedHinge,31.848373130407005,31.034957988216483,28.946096516801482,30.85842065950895,29.196932980960415,26.651888989159588,26.057990031136853,0.0,12.534898675289217,27.767398304674252,27.280341239950054
hinge,27.962181076527383,25.23027413994922,24.60138335300269,28.077181819122366,27.715259240307347,24.273702340929667,23.87408871522487,12.534898675289217,0.0,25.119784926650006,26.57138452522493
trapezoid,28.007941693733407,29.47124560642391,23.78101304584605,25.247459681649122,19.286209337376793,22.455368957399955,20.30744780792738,27.767398304674252,25.119784926650006,0.0,17.880334062760966
random,33.605563113232556,34.357231445081425,27.56485600722371,26.777016717978054,24.31741037685613,25.19703946806755,25.843350381301835,27.280341239950054,26.57138452522493,17.880334062760966,0.0
