,square,rectangle,parallelogram,losange,isoTrapezoid,kite,rightKite,rustedHinge,hinge,trapezoid,random
square,0.0,16.907523956862622,21.393213826604356,23.65873287325736,21.11745746745923,19.936671886732533,19.416658426010684,22.08766138237767,20.605821866348432,20.34334042184113,23.538651373900056
rectangle,16.907523956862622,0.0,19.907775538785128,23.109455476985072,22.635461746699054,21.469109718567847,21.55697917494407,21.131145079923563,18.500894633287597,21.02633324084609,23.9488863588135
parallelogram,21.393213826604356,19.907775538785128,0.0,12.367810509129482,21.721939368324367,20.147420494475245,20.757237160630183,20.550734532972605,18.92426008990055,17.980096171274248,20.701294666029955
losange,23.65873287325736,23.109455476985072,12.367810509129482,0.0,22.84002286674667,22.13973942494444,22.537700809187623,21.88094616538723,21.10761366004235,18.93808692356304,20.1097948331094
isoTrapezoid,21.11745746745923,22.635461746699054,21.721939368324367,22.84002286674667,0.0,14.620525285506558,14.163580803705624,20.28639621043278,19.476946146465252,13.45959300684291,17.092398769919225
kite,19.936671886732533,21.469109718567847,20.147420494475245,22.13973942494444,14.620525285506558,0.0,10.959504270397971,18.696582835509737,17.42981275638868,16.222489432866574,18.358607180139693
rightKite,19.416658426010684,21.55697917494407,20.757237160630183,22.537700809187623,14.163580803705624,10.959504270397971,0.0,18.17507426138219,16.91071520248739,15.046678324878272,18.92877029180965
rustedHinge,22.08766138237767,21.131145079923563,20.550734532972605,21.88094616538723,20.28639621043278,18.696582835509737,18.17507426138219,0.0,9.589062466300938,19.077613858354624,19.165626265127074
hinge,20.605821866348432,18.500894633287597,18.92426008990055,21.10761366004235,19.476946146465252,17.42981275638868,16.91071520248739,9.589062466300938,0.0,17.8879812281997,19.135306211047457
trapezoid,20.34334042184113,21.02633324084609,17.980096171274248,18.93808692356304,13.45959300684291,16.222489432866574,15.046678324878272,19.077613858354624,17.8879812281997,0.0,13.561544458177906
random,23.538651373900056,23.9488863588135,20.701294666029955,20.1097948331094,17.092398769919225,18.358607180139693,18.92877029180965,19.165626265127074,19.135306211047457,13.561544458177906,0.0
