,square,rectangle,parallelogram,losange,isoTrapezoid,kite,rightKite,rustedHinge,hinge,trapezoid,random
square,0.0,19.835797947909352,26.683243173033024,28.735718364188365,26.773355256471433,24.431570443482048,24.010857155021085,27.331620906291864,25.639705913431328,25.48868332663365,29.247014991704667
rectangle,19.835797947909352,0.0,24.705733390151433,27.758840972675813,30.130741884271632,27.812115727257357,27.906882755007487,27.734839855357748,24.721892181699843,27.36620335652516,31.10239168322844
parallelogram,26.683243173033024,24.705733390151433,0.0,14.648231024716099,28.607220106623323,26.02062907679445,26.561634381132524,25.964801993305667,23.839487712914284,22.779578837814686,26.685703525615402
losange,28.735718364188365,27.758840972675813,14.648231024716099,0.0,29.22541947404669,27.791246798756514,28.1272876705136,27.095356095018655,25.8725094317663,23.3584128925703,25.277064238969466
isoTrapezoid,26.773355256471433,30.130741884271632,28.607220106623323,29.22541947404669,0.0,19.426931436232984,19.113878879661176,26.765273334647627,26.173410815029175,18.433743713400926,22.508783090008766
kite,24.431570443482048,27.812115727257357,26.02062907679445,27.791246798756514,19.426931436232984,0.0,13.46241880492826,23.46380585671722,22.22402827567513,21.22998216292973,23.785556225900294
rightKite,24.010857155021085,27.906882755007487,26.561634381132524,28.1272876705136,19.113878879661176,13.46241880492826,0.0,22.78652822724226,21.343397541663716,19.394262715533046,24.11276572819501
rustedHinge,27.331620906291864,27.734839855357748,25.964801993305667,27.095356095018655,26.765273334647627,23.46380585671722,22.78652822724226,0.0,12.40567003935765,24.34728534747323,24.61268654373182
hinge,25.639705913431328,24.721892181699843,23.839487712914284,25.8725094317663,26.173410815029175,22.22402827567513,21.343397541663716,12.40567003935765,0.0,22.957641220851453,24.815643232415557
trapezoid,25.48868332663365,27.36620335652516,22.779578837814686,23.3584128925703,18.433743713400926,21.22998216292973,19.394262715533046,24.34728534747323,22.957641220851453,0.0,17.87447221321401
random,29.247014991704667,31.10239168322844,26.685703525615402,25.277064238969466,22.508783090008766,23.785556225900294,24.11276572819501,24.61268654373182,24.815643232415557,17.87447221321401,0.0
