,square,rectangle,parallelogram,losange,isoTrapezoid,kite,rightKite,rustedHinge,hinge,trapezoid,random
square,0.0,9.25784833017168,11.732624145355402,13.88896670063998,7.266546537809259,6.175354094831469,5.288965634091482,9.779423593879706,9.446974615615593,7.79719876193367,10.662751336229057
rectangle,9.25784833017168,0.0,7.425003590649104,10.637943558196232,12.147805603561146,10.083887944124285,9.819822276233038,7.695459207760865,6.122622770119536,10.123172439043024,12.652796675056381
parallelogram,11.732624145355402,7.425003590649104,0.0,7.216374092942854,13.13119751476858,12.359281227071675,11.361245085555515,9.390487136559047,8.029391969596801,9.921426801080557,12.175330292325066
losange,13.88896670063998,10.637943558196232,7.216374092942854,0.0,13.937124352824627,14.0432484163973,13.384272968533715,10.484700120423037,9.961253194087487,10.59328424521308,10.805307915669697
isoTrapezoid,7.266546537809259,12.147805603561146,13.13119751476858,13.937124352824627,0.0,7.321353642101516,6.974520436113196,11.984858815006843,12.009598768744656,8.175121801518332,9.567911793211906
kite,6.175354094831469,10.083887944124285,12.359281227071675,14.0432484163973,7.321353642101516,0.0,5.4854633064042595,11.211372755907627,11.086542024312314,9.985730399854738,11.84408662313618
rightKite,5.288965634091482,9.819822276233038,11.361245085555515,13.384272968533715,6.974520436113196,5.4854633064042595,0.0,10.71038468206075,10.458412293229507,7.660801294830182,10.906315330863535
rustedHinge,9.779423593879706,7.695459207760865,9.390487136559047,10.484700120423037,11.984858815006843,11.211372755907627,10.71038468206075,0.0,3.3842366657300826,10.166429898543647,11.116762371567717
hinge,9.446974615615593,6.122622770119536,8.029391969596801,9.961253194087487,12.009598768744656,11.086542024312314,10.458412293229507,3.3842366657300826,0.0,9.759793460436216,11.248890518080549
trapezoid,7.79719876193367,10.123172439043024,9.921426801080557,10.59328424521308,8.175121801518332,9.985730399854738,7.660801294830182,10.166429898543647,9.759793460436216,0.0,7.253943002526379
random,10.662751336229057,12.652796675056381,12.175330292325066,10.805307915669697,9.567911793211906,11.84408662313618,10.906315330863535,11.116762371567717,11.248890518080549,7.253943002526379,0.0
