,square,rectangle,parallelogram,losange,isoTrapezoid,kite,rightKite,rustedHinge,hinge,trapezoid,random
square,0.0,23.22467927702623,31.810247039490754,35.82365097100707,30.96519984957014,29.250208980589097,27.640279361962513,34.09039586107125,31.32893813485743,29.773486097465007,35.6879810821626
rectangle,23.22467927702623,0.0,26.20616209289026,32.239767019831895,31.171119316549152,29.1023085822732,28.555417237925578,29.82998857139323,25.010965155072924,28.658389818681123,33.807106701105
parallelogram,31.810247039490754,26.20616209289026,0.0,15.376045504353153,30.904163177061516,27.59362839181306,28.813156320466728,29.04325154222725,25.5877071985125,23.86508371219823,28.557746935471386
losange,35.82365097100707,32.239767019831895,15.376045504353153,0.0,33.00186717195006,30.60990085249213,31.937442270956367,31.51689754927507,29.51506033976502,25.89752593181243,27.921198140187965
isoTrapezoid,30.96519984957014,31.171119316549152,30.904163177061516,33.00186717195006,0.0,19.298252902715955,17.280536187081086,28.010518843615355,27.050416984142508,18.4290877691509,24.025868165261535
kite,29.250208980589097,29.1023085822732,27.59362839181306,30.60990085249213,19.298252902715955,0.0,13.73181743124554,26.206851481971878,24.889915260663773,22.811478346603067,26.128678238614008
rightKite,27.640279361962513,28.555417237925578,28.813156320466728,31.937442270956367,17.280536187081086,13.73181743124554,0.0,25.57189761362529,23.984089996946278,19.914345394183467,26.268130341136725
rustedHinge,34.09039586107125,29.82998857139323,29.04325154222725,31.51689754927507,28.010518843615355,26.206851481971878,25.57189761362529,0.0,11.25130798039429,26.746481224422666,26.18990463922546
hinge,31.32893813485743,25.010965155072924,25.5877071985125,29.51506033976502,27.050416984142508,24.889915260663773,23.984089996946278,11.25130798039429,0.0,24.74958219268529,26.38642516001148
trapezoid,29.773486097465007,28.658389818681123,23.86508371219823,25.89752593181243,18.4290877691509,22.811478346603067,19.914345394183467,26.746481224422666,24.74958219268529,0.0,18.40654602337069
random,35.6879810821626,33.807106701105,28.557746935471386,27.921198140187965,24.025868165261535,26.128678238614008,26.268130341136725,26.18990463922546,26.38642516001148,18.40654602337069,0.0
