,square,rectangle,parallelogram,losange,isoTrapezoid,kite,rightKite,rustedHinge,hinge,trapezoid,random
square,0.0,19.43545938355371,24.435827120100836,26.63040296071967,24.15499476840977,22.436511013904315,21.502180632377463,25.396448360231023,23.75270003003835,23.067134782177266,27.414461197709848
rectangle,19.43545938355371,0.0,22.530773310853693,25.766177307110393,27.479920802912165,25.234242783537933,24.891053526484104,25.055343539687946,22.128891520496428,25.02483868969817,28.942349584638936
parallelogram,24.435827120100836,22.530773310853693,0.0,13.378544899405584,26.182694606165096,23.91503802116356,24.24867021414801,23.575828415085798,21.763234753487872,20.981453092535745,24.81906456380523
losange,26.63040296071967,25.766177307110393,13.378544899405584,0.0,26.94217268369162,25.716498377430515,26.01144639462281,24.54325453519327,23.67937701565141,21.6488356662536,23.452775154662604
isoTrapezoid,24.15499476840977,27.479920802912165,26.182694606165096,26.94217268369162,0.0,17.44885473256394,16.972478758878744,24.575465688984476,23.902183110114592,16.620367875050835,20.971485611950044
kite,22.436511013904315,25.234242783537933,23.91503802116356,25.716498377430515,17.44885473256394,0.0,12.513436708467895,22.17691319698028,20.966919543981636,19.628199225601588,22.633796871620365
rightKite,21.502180632377463,24.891053526484104,24.24867021414801,26.01144639462281,16.972478758878744,12.513436708467895,0.0,21.333503176147502,19.92291920643536,17.85348649279764,22.81570329210273
rustedHinge,25.396448360231023,25.055343539687946,23.575828415085798,24.54325453519327,24.575465688984476,22.17691319698028,21.333503176147502,0.0,11.384227523140764,22.5363251737842,22.872511228369472
hinge,23.75270003003835,22.128891520496428,21.763234753487872,23.67937701565141,23.902183110114592,20.966919543981636,19.92291920643536,11.384227523140764,0.0,21.262606067389836,23.08534073525301
trapezoid,23.067134782177266,25.02483868969817,20.981453092535745,21.6488356662536,16.620367875050835,19.628199225601588,17.85348649279764,22.5363251737842,21.262606067389836,0.0,16.44122406047844
random,27.414461197709848,28.942349584638936,24.81906456380523,23.452775154662604,20.971485611950044,22.633796871620365,22.81570329210273,22.872511228369472,23.08534073525301,16.44122406047844,0.0
