,square,rectangle,parallelogram,losange,isoTrapezoid,kite,rightKite,rustedHinge,hinge,trapezoid,random
square,0.0,11.239189200265471,14.254991123188258,16.80205701078526,8.681456170028437,7.3609697810070305,6.1385551742768145,11.766476415463792,11.318194017997977,9.118108415929536,12.889052830088302
rectangle,11.239189200265471,0.0,8.532858798345409,12.426721822785428,14.626841155303664,12.05815081200587,11.783547426811253,9.235939697294809,7.218401134139279,11.89411708276137,15.252280900898041
parallelogram,14.254991123188258,8.532858798345409,0.0,8.315383195325227,15.864036727510124,14.673526799211684,13.692032701915426,11.030097244282953,9.367270871309696,11.817706145444886,14.635915309794338
losange,16.80205701078526,12.426721822785428,8.315383195325227,0.0,16.775348060217382,16.665236650022774,16.02702500370378,12.394946748034823,11.767393963688077,12.700091607785337,13.017077864842248
isoTrapezoid,8.681456170028437,14.626841155303664,15.864036727510124,16.775348060217382,0.0,8.549860527809228,8.0591036230797,14.136273738508509,14.24099606430933,9.57362317284243,11.25070128567459
kite,7.3609697810070305,12.05815081200587,14.673526799211684,16.665236650022774,8.549860527809228,0.0,6.230514391499215,13.122490034634222,12.988898025799553,11.560791099049311,13.930436636903982
rightKite,6.1385551742768145,11.783547426811253,13.692032701915426,16.02702500370378,8.0591036230797,6.230514391499215,0.0,12.479477074801745,12.211975704628383,8.805386168232335,12.822005819532595
rustedHinge,11.766476415463792,9.235939697294809,11.030097244282953,12.394946748034823,14.136273738508509,13.122490034634222,12.479477074801745,0.0,3.8947602169236952,11.778758422725252,13.104787503570495
hinge,11.318194017997977,7.218401134139279,9.367270871309696,11.767393963688077,14.24099606430933,12.988898025799553,12.211975704628383,3.8947602169236952,0.0,11.269804748716648,13.342069349258987
trapezoid,9.118108415929536,11.89411708276137,11.817706145444886,12.700091607785337,9.57362317284243,11.560791099049311,8.805386168232335,11.778758422725252,11.269804748716648,0.0,8.575722366807659
random,12.889052830088302,15.252280900898041,14.635915309794338,13.017077864842248,11.25070128567459,13.930436636903982,12.822005819532595,13.104787503570495,13.342069349258987,8.575722366807659,0.0
