,square,rectangle,parallelogram,losange,isoTrapezoid,kite,rightKite,rustedHinge,hinge,trapezoid,random
square,0.03919622333062212,0.052525527578998046,0.06323785472475488,0.07280732924621683,0.04788519083196768,0.045834683097145,0.04351293732837033,0.055226164263009594,0.05404322284574498,0.050058006665856816,0.06100955178070822
rectangle,0.052525527578998046,0.040935385517691124,0.050160662448092565,0.06042580594832198,0.06494753494436184,0.056190279184597125,0.0547956839113318,0.05112606084027456,0.047351272430518364,0.05667789442617742,0.0683188166090963
parallelogram,0.06323785472475488,0.050160662448092565,0.044640638361222104,0.051139631312728626,0.07053713665451662,0.06601128527430639,0.06296193418865854,0.05585710376244684,0.0517845424579513,0.056986119513787646,0.0653798780258426
losange,0.07280732924621683,0.06042580594832198,0.05113963131272864,0.04428612320609112,0.07420776249323077,0.0729518899450115,0.07081076321640255,0.0598851992220859,0.05770574395672087,0.05993028383813749,0.05969153318828467
isoTrapezoid,0.04788519083196768,0.06494753494436183,0.07053713665451662,0.07420776249323077,0.04112000913149702,0.049340923343393746,0.04767485953931505,0.0641157112248072,0.064452079819917,0.05187212385243424,0.05790602802919622
kite,0.045834683097144995,0.056190279184597125,0.06601128527430639,0.0729518899450115,0.049340923343393746,0.04009682096907935,0.04415971919749168,0.061283041845876365,0.06079584593948744,0.05738417908985611,0.06602916833721355
rightKite,0.04351293732837033,0.0547956839113318,0.06296193418865854,0.07081076321640253,0.04767485953931505,0.044159719197491676,0.04037397766435853,0.05917649991969731,0.058007927270679015,0.05082092408615508,0.06282999583143548
rustedHinge,0.0552261642630096,0.05112606084027456,0.055857103762446826,0.0598851992220859,0.0641157112248072,0.061283041845876365,0.059176499919697305,0.04338260911321584,0.044049149663448084,0.05692127260838632,0.0612377185094713
hinge,0.05404322284574498,0.047351272430518364,0.051784542457951284,0.05770574395672089,0.06445207981991702,0.06079584593948744,0.058007927270679015,0.04404914966344809,0.04231071764008232,0.05516955233115207,0.06154706762163677
trapezoid,0.05005800666585681,0.056677894426177405,0.056986119513787646,0.05993028383813749,0.05187212385243424,0.057384179089856116,0.05082092408615508,0.05692127260838632,0.05516955233115207,0.04171972497424693,0.0496800076240088
random,0.06100955178070821,0.0683188166090963,0.0653798780258426,0.05969153318828467,0.05790602802919622,0.06602916833721353,0.06282999583143548,0.0612377185094713,0.06154706762163677,0.0496800076240088,0.04316119474513707
