,square,rectangle,parallelogram,losange,isoTrapezoid,kite,rightKite,rustedHinge,hinge,trapezoid,random
square,0.1277794037644095,0.18145945323703316,0.31269913834536583,0.44517322115289476,0.42878163602433234,0.3660468079358602,0.38482577837899934,0.46536823540273153,0.4312428091835331,0.3761043131398884,0.5221162302474153
rectangle,0.18145945323703316,0.13471542156604738,0.27197025391799107,0.43073130017443906,0.4720863683643642,0.3964146974780792,0.41159533461961473,0.45810155554778265,0.4147497580707637,0.39893365667411596,0.5499782401095059
parallelogram,0.31269913834536583,0.27197025391799107,0.19640833155389614,0.2778884862760782,0.4088418224310532,0.37322335977327514,0.36988621582760717,0.395221862198567,0.36075130651254134,0.3130464674720589,0.4472757920496201
losange,0.44517322115289476,0.43073130017443906,0.2778884862760782,0.19842787878322576,0.3674153361752683,0.37600583459415043,0.35669360180415416,0.3695778659958808,0.3591143862156611,0.2807754751404911,0.35334780314396885
isoTrapezoid,0.42878163602433234,0.4720863683643642,0.40884182243105316,0.3674153361752683,0.15442470746219036,0.2612845761395593,0.2225161801180499,0.3172593529130846,0.3303290733973596,0.24983706278769258,0.2605623176253962
kite,0.3660468079358602,0.3964146974780792,0.37322335977327514,0.3760058345941504,0.2612845761395593,0.1711555385541217,0.19271652070633327,0.3311557554097069,0.31944660647460077,0.3201823823942063,0.3656055168116709
rightKite,0.38482577837899934,0.41159533461961473,0.36988621582760717,0.35669360180415416,0.22251618011804997,0.19271652070633327,0.147784948191126,0.28685503876289814,0.28335284425739116,0.2720801115661767,0.319035917271861
rustedHinge,0.46536823540273153,0.45810155554778265,0.395221862198567,0.3695778659958808,0.3172593529130846,0.3311557554097069,0.28685503876289814,0.14947917935282207,0.17332537626223682,0.3290102538439256,0.30986391178471245
hinge,0.4312428091835331,0.4147497580707637,0.36075130651254134,0.3591143862156611,0.3303290733973596,0.3194466064746007,0.2833528442573911,0.17332537626223685,0.16175405832854425,0.32236676943590153,0.32268378266454484
trapezoid,0.37610431313988846,0.39893365667411596,0.3130464674720589,0.2807754751404911,0.24983706278769258,0.32018238239420627,0.2720801115661767,0.3290102538439256,0.32236676943590153,0.18875023092019333,0.26489551208489426
random,0.5221162302474153,0.5499782401095059,0.4472757920496202,0.35334780314396885,0.2605623176253962,0.3656055168116709,0.3190359172718609,0.30986391178471245,0.32268378266454484,0.26489551208489426,0.17610734652345117
