,square,rectangle,parallelogram,losange,isoTrapezoid,kite,rightKite,rustedHinge,hinge,trapezoid,random
square,0.03675571893667476,0.05336037569758454,0.07747968740419237,0.08878670564300212,0.0524035163299838,0.0529068796668961,0.04498886856538937,0.06026841851626947,0.05709225830497859,0.05708029062992998,0.07518512869458424
rectangle,0.05336037569758454,0.03835293123431723,0.056292995393599804,0.07365703321479285,0.07764315814092984,0.06802121071127859,0.06160761752008686,0.06207229934491352,0.05365118892313788,0.06505062985305164,0.0939369694084338
parallelogram,0.07747968740419235,0.05629299539359982,0.04703635838483674,0.05397811867836281,0.09704580356543381,0.09877475092591229,0.0808236545014395,0.07237229789239118,0.06121669118107354,0.0620607482950145,0.08471371310206542
losange,0.08878670564300212,0.07365703321479285,0.05397811867836281,0.046430205394785595,0.09962244000930663,0.11194661450803049,0.08826240171559936,0.07723426980008041,0.06759001574565741,0.059309795843933866,0.07163670884678991
isoTrapezoid,0.0524035163299838,0.07764315814092984,0.09704580356543382,0.09962244000930663,0.0370241428035088,0.052239925772002656,0.04548035717684016,0.07961950744570749,0.0777324117200319,0.0570844893640358,0.0641999871762545
kite,0.052906879666896084,0.06802121071127859,0.09877475092591226,0.11194661450803049,0.052239925772002656,0.03666103822075905,0.04221536236470538,0.08613510561760211,0.0843851688704522,0.0787168268740255,0.09868825049462245
rightKite,0.044988868565389376,0.06160761752008686,0.08082365450143951,0.08826240171559939,0.04548035717684017,0.04221536236470538,0.03357933888816483,0.0743724045981789,0.07127022016944318,0.056041978843460925,0.07431533703386176
rustedHinge,0.06026841851626947,0.06207229934491352,0.07237229789239118,0.07723426980008041,0.07961950744570749,0.08613510561760211,0.07437240459817888,0.041249508298641165,0.04340408282853957,0.06594659564782222,0.07838304169324252
hinge,0.05709225830497859,0.053651188923137874,0.06121669118107354,0.0675900157456574,0.0777324117200319,0.0843851688704522,0.07127022016944318,0.04340408282853957,0.040715376189755556,0.05875871736740699,0.07379115856491061
trapezoid,0.05708029062992998,0.06505062985305166,0.062060748295014484,0.059309795843933866,0.05708448936403579,0.0787168268740255,0.056041978843460925,0.06594659564782222,0.05875871736740698,0.03672213753789372,0.04619431153588157
random,0.07518512869458424,0.0939369694084338,0.08471371310206542,0.07163670884678994,0.0641999871762545,0.09868825049462245,0.07431533703386176,0.07838304169324252,0.07379115856491061,0.04619431153588156,0.03985021474790312
