,1610555604.25mOvVXuL01OCiReyVWBfesjuvXmB3MoPy,1610555605.43B6oDsBtWRQ29Q9UMQuTUEPZy3FSSWXzc,1610555610.92HPGJJSmyPM40z7otPBgHalNrHFA7zk5d,1610555606.68LaSQbm9EHAFycEfFtEqAwYqlBsQPjIRW,1610555617.19EKxMEwDHfXiEJZc27TsGoERaD6Da4BZU,1610555722.52PJ3FD50MGhRXyUD28vluU8Z9UjLJLZn4,1610555617.52Ijr5puT55g9apK8auM7zaxa3NANg502t,1610555638.77ZLjTLkz4jYJdFMI2wWBztzsDILkoOtAk,1610556912.46C7tJPLF0XfNnm8f1820X9aLmXMHoc0Dw,1610555617.51LjzIROg0aeCP2GhDcAVQ0LipKJB9jmKc,1610555608.17OpjjHobqRkX0UPcaXrbu7K6L3805SZri,1610555721.82zWeNZfGUUfRJkgnAwlP8VMhPzXctnSd4,1610555735.75bom85BDF0C7W2eIseHeMxi24qR68nzMi,1610555735.77NnT5xqKnwcf2BbjIekeb2arTQj6QMNwk,1610555638.33wjf1PhdNaoWfbRzXVn50hmFyB5bYAiLV,1610555606.65jCE4ig8Pu8kvAzkxnSGfWsV0nQBjCf8H,1610555608.18ONsBCVo1i7BrX0XG9stct4oiA6ejX9Oz,1610555721.51RNoQUMP19FTMS79BmA3JkgSm2IC2AQuQ,1610555971.86O0cHB2ibBJ8jxoObg01EpGe8VVV5mpwn,1610556911.51zU3duZSGpcw1BDNsBLxdOCITAXwl6z3i,1610555988.71dMoYT8250UHHJGxgmITTmbHe7V6gH1yU,1610556042.81mlUZsSp7gbGjrp8jQSnybT1gPy6e62o1,1610555637.02UBW5nKvDyUrKnaWcYRGajZPxTRDS0q3N,1610555619.13oUYNikU4facCTpUSiSLr0vPI0tJLnXiT,1610555721.03nzkucfjAUh31zTbmCVvTVYqtjoxZFnBh,1610555722.67fhKURdXVzRbLIjXmjRwdJHTnE7PWb1AE,1610555638.39J2ZWBLuLTHP0jOlzB4tNHmYeijH5g5YJ,1610556032.17Q6yCDx9g7alRnL9jBFXD2JhhUyB2hKfJ,1610557007.49MyVgDnuUuBxrvL6SGOdhKf69VYlW1MSm,1610555638.44hjT5hbYdKoE3MB6hijrjqbjmLgvCUYKD,1610555608.13zUvmFSCRt6SsLbhqFznMEvGx54GPGQzM,1610556038.62a5C4ynd1AARyAhTv8a58NCqHvXRjscqH,1610555644.45Xse8u7pusHNsd7F3d0A32HXvXr6weOJE,1610556038.62gKXOCG7XCn55eJvyl5voNjbwOW0znQDq,1610555987.13v0oleKK97pkesp6oMgprH8SoSdoDVdIO,1610556964.96ZLLeiQW0qpmxhPGTg7K03fmzkqsC2bjC,1610555987.13VQlEedQ50VvkPMEMzZDv3KNnQCewykN9,1610555982.186TY6MMGkDecIN1woW6vsfAMXVV7jnyjO,1610555982.673LuMndkwkvdmZOn0MmE2Pkidx0FtNalb,1610555733.38zItcuH7gHNfKdALR2d9Nek6bxCyw36Vm,1610556034.15BQxSbZINGCay0yp6RBVlgcPrw76Yn9ON,1610555639.37BPZpgtGml8qUsh9AdV4m32jPLfI2aNFq,1610556965.57S0adAalhWYe6K3bkZU0bRHbqnDK8gGkR,1610555983.54zteLPCMjyrjzPdhHhlZr3faCgD0TfYr3,1610555987.79rHnNRmt9a0ufmnwCvZqBouyUoZDNpylW,1610556960.041xWER61rmArlsKfiMl4frikWmUCnQ7op,1610556035.13a7NHZDutfTMJ88qle1gTYY59Dr4WmMsj,1610556890.456ZBDaY16bMtrTZTqAgHl3wq1tRxzqDow,1610555760.24e6890pkbyZ97Or6croI1rQgjkSsR0yVt,1610556043.02YpWMIJg3W004iqlPyv8OcVAZdSC5rNYw,1610555987.03z05P26TLtONYM1HSzupoc2CeNMa6HTqr,1610556032.15OYCzUxpsz7b10AXBAuDXrvEcvxFhf0M7,1610556032.63Z80yI9pNwS3jSmsDABbuhf8wkNa2Ze9y,1610555736.28eGuESasTXdR3SqY6pHhEXWZtcdciYLCO,1610556034.61bebeZA0MkaFG2sm3VKiqrxeqQginTTW0,1610556944.5XwXOphKYT3ZkWA8gViqOS97VHVuMVUqb,1610556944.745UVLFBzf7fPh4UH37I6tYQOFPqRDytEh,1610556034.63XsUwaFaPZevO1JNFjfhvY4aKNFnV4noV,1610556964.89xwBHw9faT1HjQRMNQEyA4qJ3hWkwgj3k,1610556966.74DydzH91jtyvRyYau47JpVkZoMRSNTt01,1610555740.77UueVziDbaXyRR4OcVJIIZyzOfAzN51bj,1610556046.84e3vwjyRCzqz0wJQhrk8zsxlFfFSv98Df,1610556137.99eoPuVrDThKAOvmeprLPb2FWRqIhzUodc,1610555740.73XFwSrmTXJPlaxGZSefh0jOVA8PI3III1,1610556123.88AOfNaz9jSnqU5Czc7okOv1RCrYfKFBTo,1610556046.85nB7NvyoYQeLcOV391Lmmut1wAM8CFGLw,1610556123.89H4pdIAzDthI7bMXMhlIhKUYIQIvtmPPQ,1610555740.87GOYQUJKpkynIS2lFqppYK4b32ol7NeGh
1610555604.25mOvVXuL01OCiReyVWBfesjuvXmB3MoPy,0.0,26.540557838725732,18.135345402389312,23.62995872993751,24.00429119060565,25.528595718887058,24.198543462137955,21.289768950276677,24.877825568684763,24.588471700454797,29.992496066631297,36.74057060154692,33.75571035337154,27.947855155230435,31.600466625611606,29.170510380112926,31.150784463063097,27.854170892443474,22.44409276461749,25.568755991545277,27.688844119067994,32.426851452657225,23.69397902738725,20.176270805210365,24.61316244873635,27.699026031253428,22.865383400896018,26.251119925133686,26.166715138110707,28.74354305614597,35.707481567191586,22.832184887858553,29.75696054778767,28.99150415478888,25.10630867877261,25.658168068956293,28.945579752305225,24.666195186864517,23.930751530509554,25.954888269733296,24.296820491417463,33.05242591850926,27.325395332105128,23.705952987856588,27.94218350891482,26.61640501099106,27.440252698273728,23.331903605553617,26.488055656559798,29.05076152421955,25.21080511679029,31.51028341264101,26.27525606324715,34.460265279780046,34.431422074755126,24.66890378654686,28.626080614558497,27.878690486621483,28.99714134187321,27.162315960842772,30.43429455260181,33.31427874761648,26.079834549740127,32.42843176026803,25.967953332761248,33.30255970617041,29.86216476114134,30.177784293643523
1610555605.43B6oDsBtWRQ29Q9UMQuTUEPZy3FSSWXzc,26.540557838725732,0.0,29.883573108400466,23.76769173107892,29.042927780614367,30.753345715270648,28.06052984718907,31.987921634660825,29.351538682468675,27.05672270381169,27.568668056968146,39.033604407060075,28.98752650044146,33.37181605979401,30.01544564693947,26.659870656303912,29.05497212905317,22.146937717598274,27.83124510776649,29.139784579480498,30.181356515070547,31.644160422757466,27.46463520460029,31.22122341369058,25.545124038739555,31.441369482197626,27.08987238065183,29.383619036028755,28.136368735830754,29.459303040547432,35.79107463420638,25.1418001789228,26.537088377665214,30.65328372126069,27.688793559835037,23.930474442519877,29.97758248707772,25.335920263995032,20.771152378927052,28.205805517129168,24.130150930156855,29.891097647825067,29.746571809381138,24.60128941972855,21.93424703483587,23.748682132955874,28.115337770829658,28.197712405669968,27.814186284789393,30.524840563106984,27.186866623043805,34.47312451501665,28.15385532451601,32.3563159973498,34.174368815496,26.308249240300547,29.61383732976379,28.693164375647818,29.31056949063606,28.81800372082035,28.207000481835106,31.51636977142018,25.615957242194096,28.84961142532885,27.46758455971641,30.309103351536596,32.49599346121304,30.11157801830877
1610555610.92HPGJJSmyPM40z7otPBgHalNrHFA7zk5d,18.135345402389312,29.883573108400466,0.0,27.588543388246226,26.652295800570638,27.954022687457286,24.683857895133173,13.776898306823599,26.984568535093285,28.410833739386188,32.01281683114712,39.90034102032446,36.41366048228505,26.36019105111368,33.984669023632144,32.94495881307644,32.98944146658495,30.7387969495345,24.5362323322282,28.56959949446449,30.614031173555443,34.89246825075069,26.828606979094996,9.577578153539491,28.773920743995888,30.574683964712694,25.81837453021576,29.031220111526125,30.296684691183913,30.453600484338928,38.74544349102035,26.529417773035842,32.56442351243091,31.735617586799624,28.69685303686138,29.15564954780498,31.900528401727517,28.756189112304376,28.673869427003726,28.980927660419432,27.736959702232117,34.99628076424344,29.44006320692541,27.995657965149938,31.280831640625326,29.88725952626324,30.188848861130985,26.752372675876252,29.73176080354171,30.903962672705475,27.366427041314214,34.568052028004175,29.50048258680604,36.72201445974921,36.87442734485672,27.733172106071592,30.959909409130198,29.825089220509366,30.981276937246037,29.485691662765294,33.07590532244975,35.76874397401216,28.902022113409256,34.50562748578931,28.659572833908047,35.655931735453436,31.576309157719255,33.13832559494979
1610555606.68LaSQbm9EHAFycEfFtEqAwYqlBsQPjIRW,23.62995872993751,23.76769173107892,27.588543388246226,0.0,25.51952834532526,25.36947930190628,27.585633853613604,29.697011233768592,27.65112427468499,25.432585870250477,22.600265816715435,32.62615996444992,33.163948512367675,32.388864364445205,30.49927076237227,23.915358507915943,26.34820697835709,23.964140502532114,22.63002390118579,24.656209177148526,23.431259367354546,30.385641611838313,23.01435021086819,28.774083150436425,21.85693991620895,27.491816555741988,23.371034496095177,21.604938804425274,18.99331492282886,28.312867046921344,33.94270054536435,23.544942868630958,28.89217491792397,25.80824701596794,17.670770769821083,18.7099839506093,25.164925343244757,19.851156340570927,20.240554289713184,23.991825575943295,16.969078242155515,29.48450562815888,24.631638419339687,20.567358103296037,21.21153929860944,19.62650758271043,24.30427003101766,20.107028281816046,25.64473344107623,26.727308111953803,20.003755464046247,31.723821537577816,25.68514005934672,31.845376993357977,31.815650107432333,21.03675617125698,24.531243901207738,24.619127668017178,25.08590348372162,24.37936845473198,26.402544779314944,30.80291628206821,21.950534776606464,29.882830412864152,24.065896242647394,30.785169570298304,28.889571881190893,26.831671851480476
1610555617.19EKxMEwDHfXiEJZc27TsGoERaD6Da4BZU,24.00429119060565,29.042927780614367,26.652295800570638,25.51952834532526,0.0,25.759811446733107,26.255044886355837,27.722434845007232,23.89824085793946,28.578152454906192,29.818747757392604,38.87054031225481,35.32771390452373,30.94265935490213,32.41323304102088,30.673423240675916,31.585194323175124,29.413169530770592,20.839681937584633,26.603612603997174,28.36635991219118,32.91319480641799,21.093626444066107,27.548905418876288,26.20051992088259,27.287524372567766,25.032803031237194,27.797468395713523,27.975823149233978,29.90447506040072,37.76171135094262,26.096075176663824,31.602502303791052,29.66087989501821,26.844522306122318,26.557780806436924,29.371050829495452,26.619649733157754,27.086347845703763,27.403865221493515,24.408143206925846,33.29454035216875,28.335008963640934,24.440151965578266,28.10988463801131,27.510804853599936,28.424733978777073,26.624347426599538,29.34535373228825,28.054164369432993,27.02126350121369,33.81966066879409,30.1009950294365,35.63732548175699,36.43533084353215,23.523622741559002,26.807628033004935,27.912242528714334,30.732034150475027,25.99526944513554,30.8260303219708,34.29210011230539,27.708154341282647,33.06106999762748,28.27924226683309,33.32210676592408,30.130986129236693,30.523535937093875
1610555722.52PJ3FD50MGhRXyUD28vluU8Z9UjLJLZn4,25.528595718887058,30.753345715270648,27.954022687457286,25.36947930190628,25.759811446733107,0.0,28.45562538573634,29.432794856725124,28.90404203671196,29.589377562080312,29.098780225065752,39.8759142753916,36.828139235094454,32.22525953097259,33.118046443724396,32.26739997121482,31.637446744189038,29.95869312658332,20.561452205125313,26.8760378648938,28.43318011059386,33.57177715399096,25.36826261920133,28.806675206579044,27.113507436920045,19.692663272175693,26.430750460636002,28.178789617756667,27.890985799886238,32.119578016648546,38.780030034750354,28.15930433004331,32.79155974975797,26.69093582783102,26.969218615126422,26.726721819629027,29.676803498968717,26.63571423336441,27.895881768803065,26.436709822283564,24.742358969796616,32.72864332015819,25.054494666553236,26.81851412177245,29.8310092366706,26.77479635647811,27.745905113113082,27.17349101037527,30.4778203752981,30.206298963887765,25.147061110305142,34.72349393110554,28.469688121722665,35.46275001590872,36.88389449367258,22.726836258546836,28.796285256107222,28.630226481826337,29.26778373338356,26.97264995724849,30.393324385233182,34.53549011334132,28.011083373167907,33.33570477513939,29.25964253243593,33.67796206788743,31.597668921452343,30.08104352973175
1610555617.52Ijr5puT55g9apK8auM7zaxa3NANg502t,24.198543462137955,28.06052984718907,24.683857895133173,27.585633853613604,26.255044886355837,28.45562538573634,0.0,26.00649792446483,29.222825570625133,30.15109450957946,30.526927299209632,40.24489676608226,36.577025493462735,22.38997428105054,31.704045961796737,32.571771815047995,31.518931453009383,28.670266265098142,24.6667926314617,29.85801793099146,30.63258650836067,33.55893058459284,27.431244656294915,25.925356476485575,26.934001112611348,30.632344212672454,27.625658594419978,29.711572075598248,29.31625186828282,24.928801889194766,38.80792107434484,26.900174534901726,33.84446667483673,31.770191834297876,29.248831538791638,28.052083150098564,31.408154911329163,28.8694188924828,27.222498242554952,28.585150468267425,26.42991006298398,32.75195708283127,29.90833586889742,27.376481731436137,28.980100858511648,28.371741899662204,30.48400610536513,27.8639659675494,30.91110145799608,30.757704678343043,28.261388275567406,34.475652205511444,29.965306788011585,35.84314043538791,37.3697587180627,26.30648555478235,30.25536116656765,27.973734433304504,31.64224825654351,26.63764918981475,31.153568647443652,34.514631694251975,29.474411596024378,31.768785553585875,29.223376905705585,33.72494404365082,32.065017984380084,31.686902578241902
1610555638.77ZLjTLkz4jYJdFMI2wWBztzsDILkoOtAk,21.289768950276677,31.987921634660825,13.776898306823599,29.697011233768592,27.722434845007232,29.432794856725124,26.00649792446483,0.0,28.818799673075176,30.267391279484524,33.808873136701735,41.37905363768574,37.86296699088768,24.914564610937326,35.03603400894976,34.740774238988315,34.37962309737209,32.71026675154082,26.22558662362246,30.61405810363883,32.2472546073759,36.099742657306805,28.360309358243025,8.207797798731107,30.23006572329729,31.444863178627905,27.604656105669207,30.88806626103491,32.11018283547312,32.08152996893849,39.68778111907164,28.067251367913638,34.366998108800004,33.34011625135578,30.61369843553788,30.720602886682563,32.865475921192136,30.797088769208198,30.489284871860608,30.212834518533903,29.43107760170577,36.414648623642144,30.707624055503846,29.534156220988734,33.06314307371338,31.737352928227786,31.89433576929105,29.025932894787587,31.325512994871513,32.666738614702425,28.989582815365875,34.63075005467645,31.261924684534776,38.13544623791734,37.5287478502255,28.827155673601172,32.54556534098158,31.256244038342647,32.01523617417467,30.491021389058112,34.37092253621941,37.054869395151684,31.22376524335627,35.94149058049943,30.68950905072135,36.8093856783299,33.28713719515339,34.16803767497825
1610556912.46C7tJPLF0XfNnm8f1820X9aLmXMHoc0Dw,24.877825568684763,29.351538682468675,26.984568535093285,27.65112427468499,23.89824085793946,28.90404203671196,29.222825570625133,28.818799673075176,0.0,29.89797047411669,30.149204032994035,39.981427366048784,36.26499807364423,32.208323936309185,31.86511754036427,32.45819733722956,31.66586127571295,27.579267869790144,23.605426422518022,29.540290115762414,29.334365877715,32.62639005806212,27.67407674315174,28.255552359955583,28.169745814752577,28.444860152487703,26.192157036437177,28.918707228370533,30.24115990982621,32.134455115984544,38.66484180963432,27.78949464689508,32.634256341998906,32.054430687893294,28.05437550194926,26.63641035088303,30.1299481408776,29.6357621898124,28.752335616302993,28.115313588751675,27.10727590292886,32.084231608595964,29.754527399584457,27.546164916789216,28.697091145054262,27.798779454061258,28.03593276033248,28.108795094657147,29.513475101725106,28.628631454301196,27.51962510584912,34.20084202166695,30.70690601382148,34.85455397034776,37.08542946170845,26.72184680385893,29.230344031619538,29.498617944922884,31.107144966429054,27.721021688012307,30.034442764133196,34.04178906229546,28.97150234017327,31.79209916284385,29.19388630872019,32.42986375556502,31.138535389572755,29.885151956717227
1610555617.51LjzIROg0aeCP2GhDcAVQ0LipKJB9jmKc,24.588471700454797,27.05672270381169,28.410833739386188,25.432585870250477,28.578152454906192,29.589377562080312,30.15109450957946,30.267391279484524,29.89797047411669,0.0,31.33267976256164,39.33081283032237,31.54074710722044,33.14618039149718,33.565184846029105,30.62536299900642,32.302699605317,29.94697082065214,28.017383667157077,26.373128278908794,30.249735534480457,33.56706677864428,26.58092793146287,29.469644128035632,25.7819223825096,30.88256648541539,27.13797605355969,28.449765148513826,27.830640290563398,32.681981772322466,37.0754286582373,27.344572172478117,23.635200584266215,29.10678487360244,27.13801014937274,27.36604546964358,30.6585402082089,24.755008497258565,24.2581159533309,27.21927414063896,26.01467030298769,34.19097160739542,29.26772450097881,26.008922118836086,28.507226151509492,28.375021754312694,29.141451138374272,25.420778662942123,18.732830254868944,30.586299618281245,25.88820129307085,34.961553334038406,26.260948712260596,35.10621584371807,36.049060988348344,27.96170041487672,30.354508104969675,28.869265372332737,29.55396237137656,30.467339071024778,31.690789259875324,34.16628449950113,23.80305559530529,33.75274354560125,22.19111634468091,34.16220516634762,31.184446533054434,31.48731192185222
1610555608.17OpjjHobqRkX0UPcaXrbu7K6L3805SZri,29.992496066631297,27.568668056968146,32.01281683114712,22.600265816715435,29.818747757392604,29.098780225065752,30.526927299209632,33.808873136701735,30.149204032994035,31.33267976256164,0.0,39.85896990316356,36.175227146826025,34.92374735559876,30.956072448892197,31.69679663683579,14.81791268465304,22.462940149823154,26.499553995302374,31.187703933136284,25.755134930509033,28.027795117151665,29.806265951140038,32.94611626785005,27.888131111317442,26.56083624583277,28.24992274073183,29.31918596933794,27.835966827898556,32.87275519122836,37.7508054484472,29.955600527318552,33.21603929637331,31.58844577301837,26.403522630501207,22.11604092598304,29.00855669701432,28.550246026449475,28.458163589359998,26.644743063467278,23.465607498782724,24.647991887662325,28.146734319773152,26.84539594161275,20.871522802658326,15.332735775901602,27.694944632481057,28.921254213024856,30.93351897465073,29.21256406252448,26.712413170756683,35.312897432296005,29.07355707253281,29.672326406724075,35.490741529402214,27.418414601962777,23.574397829007097,28.025014976315823,30.216398211051292,27.854213711196337,22.885343743820325,27.319995682381002,27.26711540624858,26.019957553012663,29.069393578916713,26.550993878797584,32.476443288976206,26.382703071503716
1610555721.82zWeNZfGUUfRJkgnAwlP8VMhPzXctnSd4,36.74057060154692,39.033604407060075,39.90034102032446,32.62615996444992,38.87054031225481,39.8759142753916,40.24489676608226,41.37905363768574,39.981427366048784,39.33081283032237,39.85896990316356,0.0,43.50852825812368,43.34659746138872,42.15249031601578,38.12758980564721,40.83234772004462,39.556516730489825,38.61762617649991,38.06589155016303,29.25935876306867,41.93715705647188,38.592138206431265,40.73093211933043,36.68206153973084,40.051368202430076,38.65168513308353,26.417978012297144,29.611933708442802,41.7510858147873,44.66608301092152,37.26778842027884,40.74423975979912,38.801587555252596,28.661307188596634,35.489156981970424,39.68838786343569,36.259372542588665,35.46048841776143,38.72287292741753,35.413692744223184,42.639678204398955,40.06988756811561,35.034803534205906,36.96083241916629,38.29213643390153,39.00250720807257,30.15701202927001,38.98590667385417,37.582313782447564,38.301387383235884,43.13469390439036,40.16457407801786,43.502725978203166,43.66884419296483,37.1598036830847,40.53122218555555,38.20317926661052,41.383406152762795,39.48226850833899,40.67808132070995,42.33650431291191,36.47020346817808,43.33681776607999,38.54935039506873,42.63935730220503,38.91639274768771,40.47390639126298
1610555735.75bom85BDF0C7W2eIseHeMxi24qR68nzMi,33.75571035337154,28.98752650044146,36.41366048228505,33.163948512367675,35.32771390452373,36.828139235094454,36.577025493462735,37.86296699088768,36.26499807364423,31.54074710722044,36.175227146826025,43.50852825812368,0.0,39.96059406284554,38.23869878208115,35.69890647224374,35.56605192691302,33.86862988875118,34.855364562538526,34.69444763663201,36.62672195695814,37.712901174500644,34.59898850786087,37.256046661631345,34.050860882011335,37.38117001267563,33.69192146638133,35.560255675123074,35.22440782386229,38.15694037882668,41.855458292397614,32.77242470838593,21.03568299437017,37.13087608024984,34.638402809618924,33.66061917243853,37.34797151910223,33.25625566475953,31.689143913173506,34.59141761363313,33.389359001614956,38.229608983347525,36.96671189361609,32.8044351770023,33.35493046395225,34.21596405496534,35.26594676726202,34.86751402062293,33.681815864908145,35.84441348673723,35.065395486653955,40.74349213730672,34.87545340186387,38.82842106823585,40.76802762621685,33.908590190097236,37.61262407480382,35.55857831259694,37.35427605834426,36.94273022059539,36.072761062165924,37.58655780545561,32.56881741770689,37.573241255276585,34.501336534191914,37.502681433866314,37.78751051430893,37.157306535243364
1610555735.77NnT5xqKnwcf2BbjIekeb2arTQj6QMNwk,27.947855155230435,33.37181605979401,26.36019105111368,32.388864364445205,30.94265935490213,32.22525953097259,22.38997428105054,24.914564610937326,32.208323936309185,33.14618039149718,34.92374735559876,43.34659746138872,39.96059406284554,0.0,36.55421277024846,36.4602059808168,35.472765866531304,34.39313510211409,29.49189525257216,32.624371978301376,34.4324015822977,37.20427192320101,31.352140771440844,26.229691419507567,32.076274739800816,33.663493926281205,30.904412706787202,33.49412035585651,33.96044058072683,32.31737692264288,41.522229230378954,31.670718402224654,36.80603267571168,35.391439713812126,33.07418853223847,32.607174658412774,34.310218593929214,32.87533177354164,32.24982226008375,32.14128474088704,31.490637216625196,37.29536670201054,33.023051793038405,32.19354291842282,34.470807729747506,33.54302199674878,34.15682156548971,32.090675932492985,33.89188598308876,34.43728192226332,31.734355430316686,36.138602359084814,33.5156019680959,39.36023407863743,39.16477891693398,31.47726589852127,34.72074087974389,30.967527306563795,34.86325350496101,31.878824537712763,35.441512382457375,37.99230542825357,32.89744343534733,36.78545843259608,32.53517156213123,37.80438457407648,35.40977106177993,35.35736624991275
1610555638.33wjf1PhdNaoWfbRzXVn50hmFyB5bYAiLV,31.600466625611606,30.01544564693947,33.984669023632144,30.49927076237227,32.41323304102088,33.118046443724396,31.704045961796737,35.03603400894976,31.86511754036427,33.565184846029105,30.956072448892197,42.15249031601578,38.23869878208115,36.55421277024846,0.0,34.168744330134984,31.43458127041339,27.89097162275334,31.032216955082372,33.05395316510585,31.44202185612736,24.050509062702577,32.71413028048871,34.79938521231778,29.744563367470896,32.22482589838205,31.534145331200744,32.331026592882274,32.44992509858658,34.69570636607403,39.95153124748527,31.978900903254942,35.842721394713266,34.227727295638566,30.26112517494731,26.569063956747783,31.494255904516024,32.03189154121156,29.638253973268682,28.04702841436491,28.108486707957177,26.951995449597085,30.824238555785225,29.845161967096548,27.07058312210505,28.766182223753,29.493785499473795,32.145088507599766,33.41081728561509,32.120936190315746,30.529215554119805,35.83819183999533,32.538174641148956,31.72684194820149,38.28701316762134,30.145606082253376,32.04611326822395,31.761994316784897,33.093355096053244,28.070207308012172,22.727277010302448,29.872305355164748,30.8393286516968,25.45717957486999,31.953691136009056,25.80189386932671,35.244224917877865,22.96697597146094
1610555606.65jCE4ig8Pu8kvAzkxnSGfWsV0nQBjCf8H,29.170510380112926,26.659870656303912,32.94495881307644,23.915358507915943,30.673423240675916,32.26739997121482,32.571771815047995,34.740774238988315,32.45819733722956,30.62536299900642,31.69679663683579,38.12758980564721,35.69890647224374,36.4602059808168,34.168744330134984,0.0,33.29764618017395,29.896171059885017,29.185443737878845,28.167625792211915,30.720313798483065,35.69493127606832,28.74631399892141,34.16641919657382,27.364518471939057,33.707394089534155,29.888699883346334,29.416549824316622,28.2805660530184,29.759762895846336,36.04824420094653,28.91230420456992,32.24701656678373,29.998796827722202,26.22069431014988,24.763333702105374,28.939741291596366,21.301676154534466,24.003407412461556,28.98766540728205,24.649438635822428,34.682566124143044,30.47678973825797,24.664378130943664,25.303180244035183,28.4879437337147,29.296024543994772,28.846514077956382,31.18465849781101,32.303832231575846,25.605362395785704,35.23032052200655,31.07732465915431,36.44525431570517,33.047135292754774,28.087586887567713,31.484787761574438,28.52137322169946,28.172199035098096,30.030108415789492,31.812010535641004,35.815792852300945,27.621260972632832,35.08014175473868,29.015260704511828,35.80170960527933,33.44669307842059,32.44233976899824
1610555608.18ONsBCVo1i7BrX0XG9stct4oiA6ejX9Oz,31.150784463063097,29.05497212905317,32.98944146658495,26.34820697835709,31.585194323175124,31.637446744189038,31.518931453009383,34.37962309737209,31.66586127571295,32.302699605317,14.81791268465304,40.83234772004462,35.56605192691302,35.472765866531304,31.43458127041339,33.29764618017395,0.0,24.226234149086636,29.04730180046136,32.56783858878895,27.734281637596116,27.617165554519183,31.498038598979974,33.71249695865931,29.885225658416676,29.03041203222549,29.641630939074453,30.722590710888213,30.243486868961636,34.38629029544605,38.680235455348665,30.5582299702988,33.47026669697504,33.44424889837645,28.515245183964097,24.90665256443108,30.840232371339567,30.546805185082228,30.004578543845298,28.136606864247344,26.37312074495076,25.87953773416124,30.258013233768732,28.269210247051348,23.14331395957514,20.379065310117333,28.982637053688343,30.662202050075894,31.867808082813365,30.76260226961435,28.724610961431427,35.71531542126863,30.177882047226696,30.059790947125975,35.762565537232135,29.164168450125988,28.059251431518927,29.70654785390417,31.84770236472425,29.363958866912593,24.0251490642491,26.984639510864817,28.57518566777471,26.35450979567954,30.343240431540195,26.492918990663927,33.86341101747896,27.677906472880128
1610555721.51RNoQUMP19FTMS79BmA3JkgSm2IC2AQuQ,27.854170892443474,22.146937717598274,30.7387969495345,23.964140502532114,29.413169530770592,29.95869312658332,28.670266265098142,32.71026675154082,27.579267869790144,29.94697082065214,22.462940149823154,39.556516730489825,33.86862988875118,34.39313510211409,27.89097162275334,29.896171059885017,24.226234149086636,0.0,27.0890649807825,30.018928776048774,28.086840829368565,28.999039421623984,28.90237399958184,31.908004581868234,27.19593136682228,29.440644496918484,26.842061639761983,29.244518010199627,28.78795309756474,30.705779836219094,35.766945246481704,27.69956821313,30.976636075632722,31.236762360460276,26.39032796259466,21.65678615774615,28.624354967071362,27.49299338865074,26.180971295177088,26.802839439573635,23.970808441566025,23.7772301776891,28.762436015553323,26.282410434216814,19.36962083914201,18.74193989133761,24.93220067202224,28.432570626975686,29.40530483446419,29.329632962464274,26.221284333300748,33.816232441736375,28.179328287281674,28.97966118209037,34.38853545508042,26.23984137853965,28.122982610481543,28.49420905239378,28.797398958644116,27.03598131025746,23.682940552065023,28.232735047828495,26.231780604918367,23.023957400982088,28.29823888896521,26.403958090409834,32.98860737366939,27.11501112177039
1610555971.86O0cHB2ibBJ8jxoObg01EpGe8VVV5mpwn,22.44409276461749,27.83124510776649,24.5362323322282,22.63002390118579,20.839681937584633,20.561452205125313,24.6667926314617,26.22558662362246,23.605426422518022,28.017383667157077,26.499553995302374,38.61762617649991,34.855364562538526,29.49189525257216,31.032216955082372,29.185443737878845,29.04730180046136,27.0890649807825,0.0,25.954975969232027,26.58338362921943,31.523442104319763,23.38895895635929,25.58577753640077,23.426774281400455,23.97257710312707,23.95308304417148,25.689422247810636,25.096282733876347,28.54782965783438,37.24872162374726,24.830976794062806,31.147020226467607,28.03679187067405,24.785624932138287,23.53233523767517,28.24071195094248,24.319078795158767,24.90976964140888,23.920979110324673,21.503834287254826,30.583717758990378,25.0162908210026,23.363387206157256,26.317095327520327,24.348755077871296,26.348881817702903,24.404781352681105,28.53094769078857,26.687180238637936,23.15371265472947,33.015277473803444,27.510461668344888,33.91633329215803,35.64937406289021,21.293466526193676,23.63787789991483,25.400498366620962,28.114037842079817,22.97632187577476,27.599846099854844,32.66981975013801,25.880029991668273,30.86469397647126,27.1133735766051,32.03360172534204,28.63852241620875,27.25829596088147
1610556911.51zU3duZSGpcw1BDNsBLxdOCITAXwl6z3i,25.568755991545277,29.139784579480498,28.56959949446449,24.656209177148526,26.603612603997174,26.8760378648938,29.85801793099146,30.61405810363883,29.540290115762414,26.373128278908794,31.187703933136284,38.06589155016303,34.69444763663201,32.624371978301376,33.05395316510585,28.167625792211915,32.56783858878895,30.018928776048774,25.954975969232027,0.0,27.786040890893453,33.27902119695049,24.680643255013926,30.15664328547755,27.228666702586235,29.524672856026424,23.948256064904548,26.275854620960267,27.07037723225112,32.4902388570365,37.22281884072243,27.94914547534261,29.305852804944603,27.43572028593549,24.416813927922547,25.89726519365211,28.122300898249538,21.516180948376295,26.2905330836672,27.56092548145562,24.226322171829427,34.14076911470289,27.805245140938386,23.59169920693472,28.766581687682432,29.16515941339084,26.18863850915305,25.58538466086196,27.585373510548063,27.403533939872695,24.166388575952954,34.62918489859009,28.611608087021626,34.9632266187423,34.98778182003093,25.793212341001453,29.921050533422456,24.820188283361727,29.131415258354373,28.762614074770827,31.50958878766674,34.38125928662799,23.061563727280415,34.31284940376519,23.90950165324499,34.09434360036103,28.80367204413617,30.651299023466745
1610555988.71dMoYT8250UHHJGxgmITTmbHe7V6gH1yU,27.688844119067994,30.181356515070547,30.614031173555443,23.431259367354546,28.36635991219118,28.43318011059386,30.63258650836067,32.2472546073759,29.334365877715,30.249735534480457,25.755134930509033,29.25935876306867,36.62672195695814,34.4324015822977,31.44202185612736,30.720313798483065,27.734281637596116,28.086840829368565,26.58338362921943,27.786040890893453,0.0,30.552112259752672,28.68564012280867,31.640150506576575,26.64955402587025,28.179291980450753,28.15241573771373,17.474652636949198,21.8581174088878,33.35442863634495,38.51829033153781,29.0861454758312,32.65478950139743,29.98018076869156,18.756214909671503,23.356573696068025,29.403953066693493,26.63461533894496,26.75869938267969,27.501581484679914,23.102871994558303,31.37746515476638,29.00807233965606,24.35760568911428,24.76247187019539,24.826806906528038,27.722666847272745,23.05214890704701,29.959954198360414,26.707454682279934,26.530357630217043,35.743139876487206,30.38021848120914,33.647633691682366,36.76590460390231,27.3475714325623,27.924341244881877,26.266474820145927,31.445885636183057,27.420409985118855,28.461127637977455,32.32811307867678,26.148262763887697,32.80432425265265,28.127009437830942,31.501299426014125,29.84553035211147,27.904099071077148
1610556042.81mlUZsSp7gbGjrp8jQSnybT1gPy6e62o1,32.426851452657225,31.644160422757466,34.89246825075069,30.385641611838313,32.91319480641799,33.57177715399096,33.55893058459284,36.099742657306805,32.62639005806212,33.56706677864428,28.027795117151665,41.93715705647188,37.712901174500644,37.20427192320101,24.050509062702577,35.69493127606832,27.617165554519183,28.999039421623984,31.523442104319763,33.27902119695049,30.552112259752672,0.0,33.68608796158132,35.6948058014275,31.08806864562504,31.506011168476746,31.447499929299966,32.20731314078163,32.479207323118736,36.66722550142714,40.19931342115971,33.13815784369676,35.78763070941889,35.11075836763121,30.87535916431553,28.150408716204204,33.000640336231214,32.73142691217888,31.194646089885072,28.16728813953014,29.26217571075445,26.401212882658502,32.73264685697487,29.07330250551954,28.46234818449614,27.765498038979292,29.65776928538171,32.44623329919706,33.30266260142841,30.880613257204015,31.719359796365794,36.502743801242495,31.90149534352255,27.00866757612363,38.72628369747458,32.04758497132851,30.818261907143363,31.856353533425803,34.41642809745001,29.70119133562936,22.459022682437315,24.74694537106002,30.66823211614513,26.586301238648005,31.632060954309697,19.581964301017607,33.89320729106579,23.151447031161723
1610555637.02UBW5nKvDyUrKnaWcYRGajZPxTRDS0q3N,23.69397902738725,27.46463520460029,26.828606979094996,23.01435021086819,21.093626444066107,25.36826261920133,27.431244656294915,28.360309358243025,27.67407674315174,26.58092793146287,29.806265951140038,38.592138206431265,34.59898850786087,31.352140771440844,32.71413028048871,28.74631399892141,31.498038598979974,28.90237399958184,23.38895895635929,24.680643255013926,28.68564012280867,33.68608796158132,0.0,27.821342645073386,25.776810844930562,28.4903454501187,23.95981586561138,27.55328618421393,26.63085700412878,27.567632378454203,36.90310337003911,23.169767891762724,29.877115165673235,26.99399047760624,25.605449470599478,25.632027388347183,28.25918930451936,22.325319066915828,25.625655965024855,26.88742568878853,21.947676880059284,33.157574830359145,27.062319997987096,23.52676156804031,27.27720460717116,26.84926751195794,27.048181469960863,25.825199737439466,27.694830439786077,29.439798889371566,25.09695010269027,33.36838352781205,28.296524077786916,35.268822923066686,35.0715359395994,19.78110493926202,27.42878963856473,27.547873529920246,29.07667509184174,26.04337297596803,30.50031949953764,34.39406533470095,25.341913668854893,32.90235654346263,26.946014888718526,34.03160939468034,31.55845281065253,30.493367561894612
1610555619.13oUYNikU4facCTpUSiSLr0vPI0tJLnXiT,20.176270805210365,31.22122341369058,9.577578153539491,28.774083150436425,27.548905418876288,28.806675206579044,25.925356476485575,8.207797798731107,28.255552359955583,29.469644128035632,32.94611626785005,40.73093211933043,37.256046661631345,26.229691419507567,34.79938521231778,34.16641919657382,33.71249695865931,31.908004581868234,25.58577753640077,30.15664328547755,31.640150506576575,35.6948058014275,27.821342645073386,0.0,29.76200147050265,31.168712578784174,26.777242136833394,30.22006799690049,31.51843127060561,31.497779692290944,39.472668713598004,27.300264428596638,33.519118877243024,32.81489752486427,29.961591985295634,30.127219182398218,32.51655648380946,30.02653300021524,29.886472974721933,29.595164893262766,28.74175326659289,35.830437231653846,30.07775498845038,29.139598588426527,32.38893677217372,30.945185599072136,31.293031185750582,28.188186926538155,30.65376544867883,32.11148399942333,28.35439719296316,34.72440134451148,30.316590635223452,37.64912150326272,37.21939071247309,28.50026078095839,31.793535210907688,30.993826016674063,31.584782974977195,30.096629479000658,33.81875928865647,36.60794553181889,30.220260099245287,35.36453749463347,29.89169081229043,36.40758028755536,32.5802277053455,33.80855806766333
1610555721.03nzkucfjAUh31zTbmCVvTVYqtjoxZFnBh,24.61316244873635,25.545124038739555,28.773920743995888,21.85693991620895,26.20051992088259,27.113507436920045,26.934001112611348,30.23006572329729,28.169745814752577,25.7819223825096,27.888131111317442,36.68206153973084,34.050860882011335,32.076274739800816,29.744563367470896,27.364518471939057,29.885225658416676,27.19593136682228,23.426774281400455,27.228666702586235,26.64955402587025,31.08806864562504,25.776810844930562,29.76200147050265,0.0,28.301536455033588,27.083184318450375,26.076577455864847,23.08838977442258,29.46243496632593,36.64809293587665,23.782298611522073,30.421822360393296,27.51996358828346,24.17278844168746,22.76590011768597,26.62661928306992,23.42539284309212,16.98301573052553,24.942242181409682,22.01542923121405,30.88537313135564,26.284237505386063,21.633356897633895,24.207651702190795,24.090999395424994,27.67187198035029,23.02357924786416,26.25781664027773,28.237783522116832,24.413965170486403,32.482953291515784,27.66798766770228,33.88630129162602,35.369025921669675,23.595971970015455,25.02794837482757,26.544477176149137,28.13092900872998,23.62005156709513,27.86728707645717,32.3582629983976,25.357591979039046,31.18825592256188,25.703285976728605,31.989664178059936,29.405656934062858,27.3795560127319
1610555722.67fhKURdXVzRbLIjXmjRwdJHTnE7PWb1AE,27.699026031253428,31.441369482197626,30.574683964712694,27.491816555741988,27.287524372567766,19.692663272175693,30.632344212672454,31.444863178627905,28.444860152487703,30.88256648541539,26.56083624583277,40.051368202430076,37.38117001267563,33.663493926281205,32.22482589838205,33.707394089534155,29.03041203222549,29.440644496918484,23.97257710312707,29.524672856026424,28.179291980450753,31.506011168476746,28.4903454501187,31.168712578784174,28.301536455033588,0.0,28.62735457466472,29.685898854197532,29.483058556338218,34.0537979581162,39.08919731706466,29.435149271098066,33.84080628554516,30.511512939040042,28.476223841153534,27.501323916478736,31.256431225629452,29.524823446195178,29.290392509917186,27.118281849402848,27.265931783309306,31.165696616068324,28.11555385917509,27.789179095357422,29.867054630984363,25.745171951517513,28.74487103920809,29.191761558768512,31.37127653112418,30.887079646745395,27.935764868282916,35.10723771980015,30.0289164014106,34.04354103932788,37.32974911351406,25.985162450331178,29.133598935434506,29.961519174492274,31.12934006798513,28.97953310272021,29.055513381274565,32.494865428388074,29.736343208845113,31.864483364245412,30.56245193511711,30.987863247028898,33.00786886377949,29.433511385183685
1610555638.39J2ZWBLuLTHP0jOlzB4tNHmYeijH5g5YJ,22.865383400896018,27.08987238065183,25.81837453021576,23.371034496095177,25.032803031237194,26.430750460636002,27.625658594419978,27.604656105669207,26.192157036437177,27.13797605355969,28.24992274073183,38.65168513308353,33.69192146638133,30.904412706787202,31.534145331200744,29.888699883346334,29.641630939074453,26.842061639761983,23.95308304417148,23.948256064904548,28.15241573771373,31.447499929299966,23.95981586561138,26.777242136833394,27.083184318450375,28.62735457466472,0.0,26.595414461936752,27.495378256809197,30.67301857313762,35.06890533014798,25.783984860803173,29.601159851680816,29.186815031508694,24.91905904824012,24.94717761346355,27.12613935836591,25.563662302556754,26.359726307216114,25.122120680895485,23.146106782186614,31.957094095688536,27.02367994533217,25.135357238843227,27.257278693384155,26.06272032160959,24.64917753702368,24.741811166181822,25.335569631237778,25.043780876578076,24.666249718223014,32.202680654799686,27.448420344171517,33.40564419096486,33.30286436181676,24.276965460499962,28.859592440798277,27.51352015459001,28.57369102707344,27.122709053644094,29.158971485332675,32.56956328794095,23.356647016958576,31.173425968424393,22.4577397504638,31.724590096869168,27.07978739428984,29.206668355206407
1610556032.17Q6yCDx9g7alRnL9jBFXD2JhhUyB2hKfJ,26.251119925133686,29.383619036028755,29.031220111526125,21.604938804425274,27.797468395713523,28.178789617756667,29.711572075598248,30.88806626103491,28.918707228370533,28.449765148513826,29.31918596933794,26.417978012297144,35.560255675123074,33.49412035585651,32.331026592882274,29.416549824316622,30.722590710888213,29.244518010199627,25.689422247810636,26.275854620960267,17.474652636949198,32.20731314078163,27.55328618421393,30.22006799690049,26.076577455864847,29.685898854197532,26.595414461936752,0.0,20.71510726457307,31.877033486339336,38.09382720182009,27.428537094951484,31.353760546966843,28.57676917492056,16.508632316866283,23.723657042591803,29.29223082692805,24.964265912919405,25.194715099236173,27.298569665053208,22.60410514296885,33.15579586067702,28.079985545098918,23.773647507460126,26.59036506806147,27.387316115612414,27.62992243980269,20.016713113590384,27.85422593151004,25.98153576080736,24.273997070685862,34.828575423920235,29.517194878987226,34.90000971448248,36.3751678016102,26.360029841954077,29.506697605565897,25.543023747848114,30.436497007086253,27.582341843775243,30.160530261557614,33.65708878268283,24.399781706074158,33.6734097111308,26.256689504411327,33.19361727227155,27.655747551196036,29.392925665453372
