,square,rectangle,parallelogram,losange,isoTrapezoid,kite,rightKite,rustedHinge,hinge,trapezoid,random
square,0.0394014149290645,0.04514352981811748,0.05024123655619132,0.05548735898845892,0.0436292300784547,0.0421246913125454,0.04176580899941524,0.04759855432301132,0.04658565705337374,0.04509204866604393,0.050212993908757254
rectangle,0.04514352981811748,0.03962237378994845,0.04487640497310678,0.05035029732970689,0.05038115235266485,0.046535028872008166,0.04658971624606034,0.04528397336571438,0.043152985791253456,0.048010375844866324,0.053289687738554116
parallelogram,0.05024123655619132,0.04487640497310678,0.04335527917370492,0.04835011748161301,0.05376788425083325,0.05172007853192042,0.050603900492008545,0.04893042665879827,0.04666420379012564,0.04972505404817313,0.05442027109526803
losange,0.05548735898845893,0.05035029732970689,0.04835011748161301,0.04545842418544074,0.05636630937318078,0.0561981986810689,0.05545007324410311,0.05123635043444794,0.04996581716298933,0.0517075626748635,0.05266216393969124
isoTrapezoid,0.04362923007845469,0.05038115235266485,0.05376788425083325,0.05636630937318078,0.04081173263020717,0.044177779017143315,0.04410984933916703,0.05190178710047661,0.051373504144574964,0.04607330821870512,0.049491282196739934
kite,0.0421246913125454,0.046535028872008166,0.05172007853192042,0.0561981986810689,0.044177779017143315,0.039950133177488106,0.042141547940596186,0.050315145736517713,0.04943521976663118,0.04791329435447812,0.052426519406223546
rightKite,0.041765808999415246,0.04658971624606034,0.05060390049200854,0.05545007324410311,0.04410984933916703,0.042141547940596186,0.04062712226195372,0.04985045467836673,0.04884068937212004,0.04563369317611729,0.05159683245176843
rustedHinge,0.04759855432301132,0.045283973365714374,0.048930426658798265,0.05123635043444794,0.05190178710047661,0.050315145736517713,0.04985045467836673,0.042795717907203,0.04289431206245183,0.049784701565499655,0.05226666287343963
hinge,0.046585657053373745,0.043152985791253456,0.04666420379012563,0.04996581716298933,0.05137350414457496,0.04943521976663118,0.04884068937212004,0.04289431206245183,0.0415949235217261,0.04859627215518911,0.051919674967882835
trapezoid,0.04509204866604393,0.048010375844866324,0.04972505404817313,0.0517075626748635,0.04607330821870512,0.047913294354478116,0.04563369317611728,0.049784701565499655,0.04859627215518911,0.04236988585027921,0.04743800558950271
random,0.050212993908757254,0.05328968773855413,0.05442027109526803,0.05266216393969124,0.049491282196739934,0.052426519406223546,0.05159683245176843,0.05226666287343963,0.05191967496788285,0.04743800558950271,0.04438615303674026
