,square,rectangle,parallelogram,losange,isoTrapezoid,kite,rightKite,rustedHinge,hinge,trapezoid,random
square,0.06191919651303152,0.07199093452472503,0.08185553028513305,0.0901182029231627,0.06998815985329893,0.06798068749612221,0.06675594663288865,0.07631940954748323,0.07464475110029242,0.07221882369973531,0.0811183988016873
rectangle,0.07199093452472502,0.0622206602187744,0.0724016893602208,0.08131882562226643,0.08205180069514131,0.0756431669493802,0.07505965210648012,0.07236422654394632,0.06866846722491028,0.07715106645494707,0.08652379435663174
parallelogram,0.08185553028513305,0.0724016893602208,0.06818738939226002,0.07634144344100374,0.0880165595009575,0.08532106657075944,0.08243614318707132,0.07912463706207595,0.07524373710799413,0.07928793198811862,0.08752076294921282
losange,0.0901182029231627,0.08131882562226643,0.07634144344100374,0.06985659435657064,0.0917138302034349,0.09190723239121092,0.08990226297769023,0.08274644952717375,0.08072195678195164,0.08189281955264972,0.08380024898457211
isoTrapezoid,0.06998815985329894,0.08205180069514133,0.0880165595009575,0.09171383020343492,0.06476562848412534,0.07158926173630076,0.07087878303708631,0.08430751125664139,0.0836295391431934,0.0740386798099621,0.0798626283926442
kite,0.06798068749612221,0.0756431669493802,0.08532106657075944,0.0919072323912109,0.07158926173630074,0.06412199715658866,0.06801928648844668,0.081787162248521,0.08055031264641924,0.07834732197247264,0.08574821430375378
rightKite,0.06675594663288867,0.07505965210648011,0.08243614318707132,0.08990226297769023,0.07087878303708631,0.06801928648844668,0.06429993056170505,0.08057347009059111,0.07905606901094296,0.0732292416134959,0.0835017626022061
rustedHinge,0.07631940954748323,0.07236422654394631,0.07912463706207595,0.08274644952717375,0.0843075112566414,0.081787162248521,0.08057347009059111,0.06656632408779846,0.06727090609934228,0.0799533382767335,0.08401215032340835
hinge,0.07464475110029244,0.06866846722491028,0.07524373710799413,0.08072195678195163,0.0836295391431934,0.08055031264641924,0.07905606901094296,0.06727090609934228,0.06519146095024919,0.07804302908485027,0.08363420504672803
trapezoid,0.07221882369973533,0.07715106645494708,0.07928793198811862,0.08189281955264972,0.0740386798099621,0.07834732197247266,0.0732292416134959,0.07995333827673351,0.07804302908485027,0.06602002091207411,0.07462407809250365
random,0.0811183988016873,0.08652379435663174,0.08752076294921281,0.08380024898457211,0.07986262839264421,0.08574821430375378,0.0835017626022061,0.08401215032340834,0.08363420504672803,0.07462407809250365,0.06922685137559954
