,square,rectangle,parallelogram,losange,isoTrapezoid,kite,rightKite,rustedHinge,hinge,trapezoid,random
square,0.04286578857850773,0.051156095921807164,0.07429890069167126,0.09231651619949638,0.06067669629235764,0.05969168837809364,0.054018728328517784,0.06820020924707373,0.06322739500130094,0.06329761128295885,0.08007652069607998
rectangle,0.05115609592180718,0.04215265235964266,0.0653915912496528,0.08675488432223968,0.07168432210116354,0.06556263022895921,0.0606694773568011,0.06613615337303323,0.05904219547619718,0.06783446587280771,0.08658480965010669
parallelogram,0.07429890069167128,0.0653915912496528,0.05766394306999366,0.07239692754877881,0.08539696204065424,0.08582413515339603,0.07780922107342567,0.07955784403378305,0.07271308815817533,0.07084420424865695,0.08634356006405912
losange,0.09231651619949639,0.0867548843222397,0.07239692754877881,0.06416953921871707,0.09546331868089535,0.10028590371619955,0.09273011572000266,0.09170252806419726,0.0879311042788362,0.07793613996592033,0.08598220728383388
isoTrapezoid,0.06067669629235764,0.07168432210116354,0.08539696204065425,0.09546331868089535,0.05042431201575611,0.06381776745440507,0.05868066687090546,0.0780941884993411,0.07570038570093962,0.06488284244410446,0.07387011029190575
kite,0.05969168837809364,0.06556263022895922,0.08582413515339603,0.10028590371619955,0.06381776745440505,0.05247302373261469,0.05674237148301026,0.07843131965077339,0.07550403493525579,0.07666245371631392,0.08885719299708758
rightKite,0.05401872832851779,0.0606694773568011,0.07780922107342567,0.09273011572000267,0.05868066687090546,0.05674237148301026,0.04866222737032975,0.07478246354748151,0.07124718149413826,0.06476611782510346,0.08071545998140721
rustedHinge,0.06820020924707373,0.06613615337303323,0.07955784403378306,0.09170252806419726,0.0780941884993411,0.0784313196507734,0.0747824635474815,0.05068353677933063,0.05327264400908558,0.07565979902398906,0.08191996983784587
hinge,0.06322739500130095,0.05904219547619718,0.07271308815817533,0.08793110427883619,0.07570038570093962,0.07550403493525579,0.07124718149413826,0.05327264400908558,0.050547307463311465,0.07157154372266418,0.08032318604204217
trapezoid,0.06329761128295885,0.06783446587280771,0.07084420424865695,0.07793613996592033,0.06488284244410446,0.07666245371631392,0.06476611782510346,0.07565979902398907,0.07157154372266418,0.05342021062268142,0.06560049097985778
random,0.08007652069608,0.08658480965010669,0.08634356006405912,0.08598220728383388,0.07387011029190575,0.08885719299708758,0.08071545998140721,0.08191996983784587,0.08032318604204218,0.06560049097985776,0.05932767581410575
