,1610555604.25mOvVXuL01OCiReyVWBfesjuvXmB3MoPy,1610555605.43B6oDsBtWRQ29Q9UMQuTUEPZy3FSSWXzc,1610555610.92HPGJJSmyPM40z7otPBgHalNrHFA7zk5d,1610555606.68LaSQbm9EHAFycEfFtEqAwYqlBsQPjIRW,1610555617.19EKxMEwDHfXiEJZc27TsGoERaD6Da4BZU,1610555722.52PJ3FD50MGhRXyUD28vluU8Z9UjLJLZn4,1610555617.52Ijr5puT55g9apK8auM7zaxa3NANg502t,1610555638.77ZLjTLkz4jYJdFMI2wWBztzsDILkoOtAk,1610556912.46C7tJPLF0XfNnm8f1820X9aLmXMHoc0Dw,1610555617.51LjzIROg0aeCP2GhDcAVQ0LipKJB9jmKc,1610555608.17OpjjHobqRkX0UPcaXrbu7K6L3805SZri,1610555721.82zWeNZfGUUfRJkgnAwlP8VMhPzXctnSd4,1610555735.75bom85BDF0C7W2eIseHeMxi24qR68nzMi,1610555735.77NnT5xqKnwcf2BbjIekeb2arTQj6QMNwk,1610555638.33wjf1PhdNaoWfbRzXVn50hmFyB5bYAiLV,1610555606.65jCE4ig8Pu8kvAzkxnSGfWsV0nQBjCf8H,1610555608.18ONsBCVo1i7BrX0XG9stct4oiA6ejX9Oz,1610555721.51RNoQUMP19FTMS79BmA3JkgSm2IC2AQuQ,1610555971.86O0cHB2ibBJ8jxoObg01EpGe8VVV5mpwn,1610556911.51zU3duZSGpcw1BDNsBLxdOCITAXwl6z3i,1610555988.71dMoYT8250UHHJGxgmITTmbHe7V6gH1yU,1610556042.81mlUZsSp7gbGjrp8jQSnybT1gPy6e62o1,1610555637.02UBW5nKvDyUrKnaWcYRGajZPxTRDS0q3N,1610555619.13oUYNikU4facCTpUSiSLr0vPI0tJLnXiT,1610555721.03nzkucfjAUh31zTbmCVvTVYqtjoxZFnBh,1610555722.67fhKURdXVzRbLIjXmjRwdJHTnE7PWb1AE,1610555638.39J2ZWBLuLTHP0jOlzB4tNHmYeijH5g5YJ,1610556032.17Q6yCDx9g7alRnL9jBFXD2JhhUyB2hKfJ,1610557007.49MyVgDnuUuBxrvL6SGOdhKf69VYlW1MSm,1610555638.44hjT5hbYdKoE3MB6hijrjqbjmLgvCUYKD,1610555608.13zUvmFSCRt6SsLbhqFznMEvGx54GPGQzM,1610556038.62a5C4ynd1AARyAhTv8a58NCqHvXRjscqH,1610555644.45Xse8u7pusHNsd7F3d0A32HXvXr6weOJE,1610556038.62gKXOCG7XCn55eJvyl5voNjbwOW0znQDq,1610555987.13v0oleKK97pkesp6oMgprH8SoSdoDVdIO,1610556964.96ZLLeiQW0qpmxhPGTg7K03fmzkqsC2bjC,1610555987.13VQlEedQ50VvkPMEMzZDv3KNnQCewykN9,1610555982.186TY6MMGkDecIN1woW6vsfAMXVV7jnyjO,1610555982.673LuMndkwkvdmZOn0MmE2Pkidx0FtNalb,1610555733.38zItcuH7gHNfKdALR2d9Nek6bxCyw36Vm,1610556034.15BQxSbZINGCay0yp6RBVlgcPrw76Yn9ON,1610555639.37BPZpgtGml8qUsh9AdV4m32jPLfI2aNFq,1610556965.57S0adAalhWYe6K3bkZU0bRHbqnDK8gGkR,1610555983.54zteLPCMjyrjzPdhHhlZr3faCgD0TfYr3,1610555987.79rHnNRmt9a0ufmnwCvZqBouyUoZDNpylW,1610556960.041xWER61rmArlsKfiMl4frikWmUCnQ7op,1610556035.13a7NHZDutfTMJ88qle1gTYY59Dr4WmMsj,1610556890.456ZBDaY16bMtrTZTqAgHl3wq1tRxzqDow,1610555760.24e6890pkbyZ97Or6croI1rQgjkSsR0yVt,1610556043.02YpWMIJg3W004iqlPyv8OcVAZdSC5rNYw,1610555987.03z05P26TLtONYM1HSzupoc2CeNMa6HTqr,1610556032.15OYCzUxpsz7b10AXBAuDXrvEcvxFhf0M7,1610556032.63Z80yI9pNwS3jSmsDABbuhf8wkNa2Ze9y,1610555736.28eGuESasTXdR3SqY6pHhEXWZtcdciYLCO,1610556034.61bebeZA0MkaFG2sm3VKiqrxeqQginTTW0,1610556944.5XwXOphKYT3ZkWA8gViqOS97VHVuMVUqb,1610556944.745UVLFBzf7fPh4UH37I6tYQOFPqRDytEh,1610556034.63XsUwaFaPZevO1JNFjfhvY4aKNFnV4noV,1610556964.89xwBHw9faT1HjQRMNQEyA4qJ3hWkwgj3k,1610556966.74DydzH91jtyvRyYau47JpVkZoMRSNTt01,1610555740.77UueVziDbaXyRR4OcVJIIZyzOfAzN51bj,1610556046.84e3vwjyRCzqz0wJQhrk8zsxlFfFSv98Df,1610556137.99eoPuVrDThKAOvmeprLPb2FWRqIhzUodc,1610555740.73XFwSrmTXJPlaxGZSefh0jOVA8PI3III1,1610556123.88AOfNaz9jSnqU5Czc7okOv1RCrYfKFBTo,1610556046.85nB7NvyoYQeLcOV391Lmmut1wAM8CFGLw,1610556123.89H4pdIAzDthI7bMXMhlIhKUYIQIvtmPPQ,1610555740.87GOYQUJKpkynIS2lFqppYK4b32ol7NeGh
1610555604.25mOvVXuL01OCiReyVWBfesjuvXmB3MoPy,0.0,211.74661033918713,56.76142173068701,197.46624897723774,159.99297652205138,181.37769916642128,158.3361258911161,62.50533340611458,149.6525184093048,171.54629719466163,246.26967326393827,195.07853881850224,212.16764292134243,127.45174623898129,226.734183885678,171.69596373068163,278.60234304217926,227.83953156926805,173.13604630450845,160.83016183532385,222.4193304675107,251.07078964435937,163.11723220519565,60.93427002256139,197.34535306206723,202.85104971531797,149.5796596664633,205.71335480912012,205.7450217500651,160.17415532034093,171.53481971287061,186.49940445210044,196.29630671729834,190.1966218325061,193.02499783535512,206.95248970754167,182.99042052260268,185.00490072522544,212.20459352309308,197.70440132821207,188.17627943330402,248.4289306475594,202.8353709265134,181.54771762139305,229.26528001592445,238.39928756734938,187.3211012651908,170.57002909257957,170.71817009352083,213.56759065914326,160.6130771480168,167.64720342940458,212.6689403298732,246.4242690632745,152.56515533904843,190.09648850714927,206.12368039119067,168.44154649831032,160.0532710008314,195.44485191933495,248.64997445240726,265.60661735719816,182.25123308122846,256.2791351076361,174.5884636281469,268.6376215794419,201.68847885358946,237.2928905171804
1610555605.43B6oDsBtWRQ29Q9UMQuTUEPZy3FSSWXzc,211.74661033918713,0.0,207.01575120872585,207.63879397511164,216.36623177947195,222.79584934201088,213.46304990604133,210.17459763674543,220.9714457023139,208.3555584239173,232.2157592148174,226.1732034768923,218.27699007663557,212.0258339388282,252.12951223871804,222.3817528413503,254.3947638309568,114.71406744336284,219.08539035902834,207.51995490389046,249.32832895466026,248.1485663831539,209.58326997884544,207.9062554064805,227.9702477641774,244.9419496793588,215.47768964336151,225.6113312228671,222.11171538342484,200.2589264555147,227.6145598907432,222.263327555797,213.33562319968937,209.5394862605056,232.01090836231052,248.26771497718786,230.74718645806985,205.80368986825349,214.2552705001914,256.8709422055414,217.90004339171765,252.65939432396073,247.3498616694173,220.26854415476856,169.51377690157045,122.03492355687658,239.0432827537285,232.02318484564137,204.74046798875307,258.07024558322377,213.52870595859704,229.34549065547245,257.3656933049346,253.2173435362636,209.88315155321715,229.142737552429,229.11489969466848,208.1995856767992,213.9853207199433,222.34125148326103,249.09023995795408,259.13535969361976,213.35118121481435,257.07170318417366,214.2202305990387,263.39014569948193,249.69040170453786,246.38748219138282
1610555610.92HPGJJSmyPM40z7otPBgHalNrHFA7zk5d,56.76142173068701,207.01575120872585,0.0,192.04675037646084,153.57264341375398,177.8606597153146,151.58424594386528,74.26485372838755,146.57854321430946,165.7871493386806,241.9663960941219,198.5661983356894,207.546283158713,123.08599894920437,223.6528147914118,165.80025267472465,274.3853369829086,229.7474263524865,168.76459135421467,153.4102749353672,220.33103100062505,251.75271505619816,156.96807958358104,77.46369641813595,191.9319160903322,199.3467160530475,142.72678591061606,201.04089323448193,200.66881578553176,153.84148761690625,165.62152842557958,181.12249461086986,191.2903654143313,184.92187608554852,188.83196772612598,201.6812853588552,177.66813120074443,179.56500859240387,207.4332114228534,200.95186544159264,182.60012324191513,245.30178204735412,198.83289357189557,189.83155341387095,223.8078655031213,233.6583563319103,183.7003585483873,166.63646987709797,164.89637003050115,208.2975299894515,165.38216718391465,163.7016579992264,207.78056100621424,242.13807541826566,146.02102522006516,184.37325555551925,201.89821605628,162.64647025705995,161.50567119685277,191.34721104965664,245.73640722086932,261.30903607051897,176.7747736970435,252.81647525186207,168.82482725306343,266.42040411169836,196.0933620006693,234.5862037029517
1610555606.68LaSQbm9EHAFycEfFtEqAwYqlBsQPjIRW,197.46624897723774,207.63879397511164,192.04675037646084,0.0,207.683605319157,219.78315694561002,208.43381306395978,194.16597953721563,202.65170363703874,209.54150675116523,226.16083615500378,207.55714046392052,237.38368469651618,200.15376420136676,252.27108281478107,210.277296698325,263.91289692313336,223.94713898117428,210.7385072591951,197.78261234112426,232.00708219621234,251.82768891856026,209.9110006847593,193.03763393706893,234.88420682171707,237.9758194667721,190.57308875562742,215.12760454129705,225.91737177006638,204.48035701334345,205.47171509828016,226.04806421800404,222.12174739904623,217.89251228224518,213.08446903556487,227.38502722930752,217.1937375357793,213.22193095740064,218.02667181423374,241.96003934336517,204.64931116515237,236.305254516794,232.61671122634112,202.93416739905095,228.3427424870785,235.33945489561046,230.02849613782072,215.90310285922635,204.46264538948486,238.10624622302436,194.23489558898203,215.17248361229284,244.31014090251304,251.21285740084582,194.82701178685068,231.3231274603503,238.2721469956064,190.52492436282986,203.25098027488795,232.51477091624633,249.7326596253809,269.741570266154,206.49927115892487,271.7547512611832,200.7289912898603,282.0810099545973,226.89284251593537,245.22497614959934
1610555617.19EKxMEwDHfXiEJZc27TsGoERaD6Da4BZU,159.99297652205138,216.36623177947195,153.57264341375398,207.683605319157,0.0,198.23670921978965,135.3227655218463,156.84858905666647,166.73444755539978,181.03330414918884,243.57572017698092,214.9275142426414,220.37196057324542,160.67134395191457,231.5493068142153,181.47227923450527,273.38542571508344,236.9096781497973,185.2278600384212,176.22731210830648,232.01931905330522,252.66574167605117,162.47936941577143,155.64206045803923,200.58636424794017,214.4116180841863,160.39642677836542,215.4632169341741,218.41746527101208,154.21949824716754,182.92467018710545,178.4803656903404,204.84128993643603,201.2431892449034,203.75091493113683,218.89829422118635,195.77477974187957,195.49330814928155,216.245517390343,218.11657963800835,199.98026229817626,259.7483262211331,209.6104184717653,215.77162043879125,232.36193849627483,241.4992607459034,200.01680346727824,186.9463052424185,175.71907369279614,218.2007370873358,186.83536917220377,175.43145315203765,223.25236213697292,252.52552019092215,163.12294537074436,191.3116025195862,201.95614973438157,183.774518719527,182.82544085791523,196.22727825848867,245.7673596645016,265.7778842787233,194.84486247140555,255.32178319514009,183.78773986754342,272.4034249121096,210.38567818361273,229.60771090265285
1610555722.52PJ3FD50MGhRXyUD28vluU8Z9UjLJLZn4,181.37769916642128,222.79584934201088,177.8606597153146,219.78315694561002,198.23670921978965,0.0,190.7198038450176,178.03356991409737,187.04977250288306,205.49385299983055,247.52294847370504,224.0861427509843,233.9698940106954,179.3239503139911,247.80514097605044,204.47892000144378,275.75981461399994,236.69583411901863,123.21425271500735,195.91177362343126,242.4695965674378,246.09407245411157,190.83869217497363,176.79876819143203,215.39047843403162,130.60220489329086,184.48745291316555,232.22743672401924,232.08713380678782,174.41737661806064,202.9653593520019,192.92206949968252,226.67004792787142,221.16503180811085,216.5233228624589,227.82952678513678,213.27155774340798,216.34175311884016,231.612163242145,231.6652757299969,222.72690741346167,260.96866091715145,230.70928461389167,223.56806324113487,241.92352067807067,238.74784538136646,197.83737207856035,192.58004150767712,204.88056292925367,233.62877591467725,201.9902248858863,189.29091834296221,234.45517756924545,260.0234615291723,188.36356841195865,186.9903982507471,231.72039542013164,199.1373386672423,198.10376534952277,188.0083825907137,258.07510773929624,275.52916730113583,212.68581900873554,249.54684824869182,207.992887723327,271.4907234208927,222.0022381727384,248.57805714158246
1610555617.52Ijr5puT55g9apK8auM7zaxa3NANg502t,158.3361258911161,213.46304990604133,151.58424594386528,208.43381306395978,135.3227655218463,190.7198038450176,0.0,155.52385579554763,162.74375527163934,184.9484245982902,239.9245151903273,217.96884232629012,219.51219144690415,154.764695712614,233.76278536631438,185.10086361623945,275.40721278436143,235.18732981237312,178.30945740553628,180.55086047374192,240.40503471666935,250.99160071879834,169.11008843769233,154.1972802224471,206.28553971702925,209.9187248539097,165.42019224794345,212.5302722851752,217.70296269362902,144.33412496238253,185.99076471657094,173.4404246437539,208.2936586618267,202.81680955251477,206.0876818097629,218.10947379468197,200.88081505337897,198.67513312429796,217.4766884063861,214.32933428330196,202.53010048700557,256.6017421158793,216.47275591606532,213.7029376047785,228.92161734369913,240.0272057606878,206.38646220725437,191.0544037652807,180.7004415829768,221.23176363205704,189.7483339033378,182.64846538233098,222.5316103302009,249.02267560300496,169.31889479953563,192.4385187246925,210.6974626029482,187.65530384720896,185.29587596412992,190.39755373384247,246.10908369330122,264.90216514640616,197.08176305829184,250.47756510210698,187.33367793566342,270.01637510317164,212.5866209508751,238.19980831342212
1610555638.77ZLjTLkz4jYJdFMI2wWBztzsDILkoOtAk,62.50533340611458,210.17459763674543,74.26485372838755,194.16597953721563,156.84858905666647,178.03356991409737,155.52385579554763,0.0,145.82029128379403,169.71183171753722,244.75722272368145,195.66288698300684,210.73508174079396,115.15450701508297,223.89427892105428,169.43622221415276,275.6174263234397,228.46035115956752,168.66510868722852,158.10261119157818,220.36175859084662,249.7829869990038,161.05738062219314,78.76021552079101,195.55632791532207,199.54577775346695,147.35273912437214,204.3650987312609,203.06134731402332,157.98169290425997,168.10006988303124,184.59946331268054,194.7176217672949,188.45965601358802,191.38676267851116,204.55984516428666,181.15999534824704,182.61108480723118,210.13784098457333,196.2982787785353,186.87781181801557,245.5544998272138,201.8326511945582,182.49381022565345,227.05858448106594,236.37645558840978,185.8618663671905,167.6442760124194,168.81874591882828,211.31787963634926,162.17367018209245,165.43870079225357,208.74460185096137,244.10103925316238,150.53505418091817,188.48171723213036,203.406936724523,166.5710099819715,158.98203171087633,192.7239184879943,246.22120412545982,264.2037053287534,179.46069793559684,253.38792628849527,172.31827701713038,265.50954878942247,199.5705953906411,235.53263728367563
1610556912.46C7tJPLF0XfNnm8f1820X9aLmXMHoc0Dw,149.6525184093048,220.9714457023139,146.57854321430946,202.65170363703874,166.73444755539978,187.04977250288306,162.74375527163934,145.82029128379403,0.0,183.27430537213974,250.88839641165973,206.13241471921583,221.79953045042726,156.59155852976886,226.86346300220023,183.39425403969244,283.7349522784283,235.82576330811224,157.84974954653183,171.3638556227693,222.8483585259772,255.44214614210978,174.55277705368647,142.68032176149842,205.80326553190497,208.7733172892854,161.97038736467778,212.15039566178336,216.63686123068035,169.7050839706831,182.37279646827517,192.1264841429014,206.7663108758267,200.47633934597746,201.54911864843567,213.00045961197472,192.23977428518097,196.02670478163114,220.73503805667852,215.6631088293152,202.99196152102658,247.6008143398133,207.4041914043088,208.89713245999758,235.99345955640976,245.86957112123008,194.3453148862076,173.9803626007699,182.6227066735869,219.55507765042813,176.82964238333656,178.18400663442446,222.25362479177312,253.46236077157752,166.57245517320737,200.34653827607949,211.3914659033223,180.13433380860886,172.7949080647895,199.02438871372968,249.52711851196838,273.0312724735527,193.22466201534633,253.9085270974416,185.99026191525627,272.01693696626734,210.99368477416252,235.35597050476866
1610555617.51LjzIROg0aeCP2GhDcAVQ0LipKJB9jmKc,171.54629719466163,208.3555584239173,165.7871493386806,209.54150675116523,181.03330414918884,205.49385299983055,184.9484245982902,169.71183171753722,183.27430537213974,0.0,255.7975556381611,218.51630819401575,132.7031830812556,175.47927417515186,237.47635377194757,188.7439527108503,288.1994540755665,233.0716552755674,201.6565210965084,185.53760551388172,240.4046664713787,263.31789173960385,178.2211836381943,166.8592529436771,209.72111125175587,228.11564953249058,175.31817176988068,223.30510475208774,203.21607747523973,179.3477168364664,183.23167508814433,203.35379638551447,99.0157771115645,202.23696424831078,209.13346121128504,226.15538804180645,197.81092120173327,197.28887406774126,217.12481069330383,222.36867033126228,206.19089645767156,265.3679046843585,217.02372815136206,218.49364016380463,234.27688904362606,239.01048609562463,207.3581190647627,194.96390487671533,116.87495846332476,230.00502376189564,190.9045811889742,192.04259535695238,217.3640521681016,254.50206890988485,176.6460603727522,204.57008981540258,219.93253451160416,184.68655676612454,192.63669167973842,210.68136255769338,257.72064648740184,272.1583899805632,182.04839050862248,269.58704276589646,166.25270550434985,279.910699093008,221.37882759318217,246.79067111119255
1610555608.17OpjjHobqRkX0UPcaXrbu7K6L3805SZri,246.26967326393827,232.2157592148174,241.9663960941219,226.16083615500378,243.57572017698092,247.52294847370504,239.9245151903273,244.75722272368145,250.88839641165973,255.7975556381611,0.0,250.49496221467749,278.36382991905623,246.83447179795021,273.60125455272805,238.87004537007888,238.906622083262,247.86922545647516,249.44877880816793,244.2960987292671,263.62121767647193,271.57402358929056,244.5402854731885,243.19621588521375,253.36295920236182,262.9833980683295,238.91374879456254,257.1558140749333,256.95459469207833,240.0619826067694,252.1991643402149,253.27737856351385,267.4783396848023,252.18478500249483,251.0782934061405,257.5050745817842,257.5949979070005,254.0875063991902,261.9127665740228,279.3772767808985,249.85756972087088,240.93866323551518,265.95908012432284,255.06712134776026,251.91322206578795,229.62876429655162,266.2031288470116,253.13126223750228,249.42316738657976,266.2319771869217,247.13186581065926,256.52010583856236,262.7747066613557,271.917661271151,240.44474520895207,252.23692870457617,256.95690559077826,241.47517966422419,252.95666893299685,254.83830067037178,282.38059367872836,276.82556136849,245.4751988604489,278.4438768169424,242.01473029446285,284.2078220972844,259.4271035813721,279.69362728474147
1610555721.82zWeNZfGUUfRJkgnAwlP8VMhPzXctnSd4,195.07853881850224,226.1732034768923,198.5661983356894,207.55714046392052,214.9275142426414,224.0861427509843,217.96884232629012,195.66288698300684,206.13241471921583,218.51630819401575,250.49496221467749,0.0,243.29228925879625,194.3684015021887,256.96389639232694,207.5374508942756,280.0439283731732,197.34878179810582,219.2606078648868,190.4918006727387,175.01892867682452,192.22745127690467,216.83101138812268,191.10941164735513,238.10353185463654,241.14404444225093,207.39304039194133,220.06291691321098,218.63824502270552,217.76187243985612,221.41199390778297,235.45195846718536,227.86768503818473,218.35374348731094,209.46193160410706,219.59559379502207,223.95500748994098,214.35636271383981,235.906607144171,242.33521702384667,228.15173286695355,240.04749077226796,243.617294679794,205.50027218944405,243.3082589131162,246.97345066963067,229.46084108340966,205.06805947305102,206.22121639708317,238.71493462378544,125.24152304847534,209.02611686231612,252.07903155303495,255.1253322620861,203.54598831803432,235.2822790347784,240.67555862487998,186.6644252947102,180.3821375731134,238.68140496201644,261.10086691191395,281.63842428420764,195.46217737771067,278.8867461993024,195.2819655137214,278.3642548333075,229.64664754807816,254.0593892477115
1610555735.75bom85BDF0C7W2eIseHeMxi24qR68nzMi,212.16764292134243,218.27699007663557,207.546283158713,237.38368469651618,220.37196057324542,233.9698940106954,219.51219144690415,210.73508174079396,221.79953045042726,132.7031830812556,278.36382991905623,243.29228925879625,0.0,213.8566035885251,255.61961820757514,217.62773619864905,308.2786755787572,243.40602636111768,230.68528652757206,207.6945373545337,263.6572772794901,278.7201441091947,218.12757979766275,208.43075301683072,244.38724180735883,254.5790860339638,215.52873701251596,247.48339534818646,224.1914437908128,212.96992452299318,212.87182205075078,233.68234155325092,90.13029133178985,209.09083338559506,235.2208385940733,252.55468363007594,225.8570259282519,206.15243640524716,249.47361044187616,248.3963472114256,231.38857346488803,284.99829197077605,243.5991969126646,240.64238920600187,248.549084504891,248.13125161077244,240.39845845249047,231.76024463998814,176.6782102831851,259.7439667788968,222.73651366301522,229.0477920109584,239.16726415962023,269.253091797892,208.4655924189644,239.88095269147595,252.54797795175057,216.30168813993276,223.99130735238717,239.7699908587187,272.7834364755186,284.23535209585395,200.64079441581183,290.6797885122654,207.25792949762553,291.46833854895857,251.55122339794167,263.8550257447497
1610555735.77NnT5xqKnwcf2BbjIekeb2arTQj6QMNwk,127.45174623898129,212.0258339388282,123.08599894920437,200.15376420136676,160.67134395191457,179.3239503139911,154.764695712614,115.15450701508297,156.59155852976886,175.47927417515186,246.83447179795021,194.3684015021887,213.8566035885251,0.0,221.42389350095272,177.2305612481583,277.35521035133945,228.25588730240463,169.33651248309053,163.86516279850966,223.68247942877713,244.5516713315312,165.4786480240064,125.8862159792691,197.154156250644,201.73051087825831,156.97245148193147,209.482161352916,208.1646501214173,158.5178604606687,177.46685850241462,185.17347388507082,199.87176471079223,195.88972687930894,198.14681376881342,210.12550057429914,186.16374751077123,188.87298376900404,214.32475881875132,207.35698654458207,194.7397790054038,250.21072723071484,207.97121763008167,201.16375540537624,226.0637751196501,234.94227661582804,193.14822759039671,173.3622004443781,174.09410469517303,215.94253434580526,167.77068273367715,170.1271751722641,216.33374279324497,247.95166060616998,158.93257998112398,191.6652579867727,203.8042289241205,174.64878488182708,164.10546469866688,193.1524206747515,246.47280700092588,265.7799505864759,188.52550922088577,251.80942195282557,178.6380019174086,263.30940089846774,205.78235700276724,236.2937482640614
1610555638.33wjf1PhdNaoWfbRzXVn50hmFyB5bYAiLV,226.734183885678,252.12951223871804,223.6528147914118,252.27108281478107,231.5493068142153,247.80514097605044,233.76278536631438,223.89427892105428,226.86346300220023,237.47635377194757,273.60125455272805,256.96389639232694,255.61961820757514,221.42389350095272,0.0,226.15358439536396,296.268297622214,268.03961930882735,240.7217361362456,231.44683060089588,263.00896444045276,284.14408741274246,236.45437725544983,222.2836721987072,253.91539774745883,254.84300677841014,227.91499029383164,264.9071564902404,247.6425548569909,233.3750036504958,228.673660755985,244.86178548923573,249.2812340438641,253.24415472816423,225.71643690346806,246.55678641512824,229.05903734278442,248.15358782505572,261.51463155713014,262.9645607174398,216.43350458338335,279.1141530852605,228.8434907026066,254.93941477169102,247.5800048471397,267.9062709560959,246.93784794099463,228.5024881527893,244.38339682930743,262.88350695509547,237.31170065938403,229.22984256996168,275.8271306358974,262.31228946789076,223.28934653427376,253.2130527846511,237.9530302627459,236.37508139640846,238.35661310440364,252.15100396561425,290.1063186483048,289.220785551558,246.03558354488595,293.9970851854926,242.056366831762,287.26209488284877,257.92698838442885,282.7449475819136
1610555606.65jCE4ig8Pu8kvAzkxnSGfWsV0nQBjCf8H,171.69596373068163,222.3817528413503,165.80025267472465,210.277296698325,181.47227923450527,204.47892000144378,185.10086361623945,169.43622221415276,183.39425403969244,188.7439527108503,238.87004537007888,207.5374508942756,217.62773619864905,177.2305612481583,226.15358439536396,0.0,272.71108918623037,242.1093374462259,201.54064869120248,162.919481280342,222.7426060449385,261.489324656856,186.39138054546265,167.63618944850757,215.10335614004254,226.95568673629137,172.10499427671292,211.70338591704794,198.88941078822114,189.2845440735014,178.13965485541235,209.1304374110645,200.38708585044876,163.0364457293727,164.10012972867517,197.99760156509478,188.75409438992946,166.21671585390408,224.32114506044923,228.22231711409384,186.77994514165815,252.14275338265213,218.42549003334017,216.23342526320974,237.67032978183232,246.2352222628973,204.4858826198508,191.01545472619267,185.48147173331927,218.72978796454396,184.42893758700248,193.42786269408106,219.10183969748653,247.9190475382814,160.07174126986635,210.71304672530033,223.9033333970752,174.8306908990488,186.10517065013588,217.99758836991683,244.1181924474016,260.73843045467004,174.76719923373957,260.94183079476403,183.87417424139423,260.22307258192734,209.95961009207767,225.32706990560655
1610555608.18ONsBCVo1i7BrX0XG9stct4oiA6ejX9Oz,278.60234304217926,254.3947638309568,274.3853369829086,263.91289692313336,273.38542571508344,275.75981461399994,275.40721278436143,275.6174263234397,283.7349522784283,288.1994540755665,238.906622083262,280.0439283731732,308.2786755787572,277.35521035133945,296.268297622214,272.71108918623037,0.0,266.3195183490528,277.548022525958,277.30262880356247,285.79066305080124,290.8501252786035,269.5715110264216,276.2681010868201,273.2980560807396,280.36524868960043,273.35659312485654,285.7315562740141,273.99032655710715,266.32358647616377,277.207931775163,274.9694160149725,299.594438932938,284.90065173343606,276.7779071821539,266.3853565407328,284.8598307363057,275.03770304931885,267.4189380502065,307.61983265000526,281.36996963160186,277.34317552266043,292.91900511274935,279.3582532141527,268.9006121357769,253.48813321085245,294.87481492928833,284.7057235684335,280.65285952413774,285.71990869568754,279.0948887740696,287.22387612709247,296.557876551367,275.31994966240524,275.41642139113173,273.0963108809574,269.8421489362296,273.5340427243661,284.11618852244743,277.1393319347047,298.3222148831422,282.28886890923496,271.81124050545003,278.65803047023127,272.35629647378227,288.8547547407996,281.8856922890324,300.1551034003343
1610555721.51RNoQUMP19FTMS79BmA3JkgSm2IC2AQuQ,227.83953156926805,114.71406744336284,229.7474263524865,223.94713898117428,236.9096781497973,236.69583411901863,235.18732981237312,228.46035115956752,235.82576330811224,233.0716552755674,247.86922545647516,197.34878179810582,243.40602636111768,228.25588730240463,268.03961930882735,242.1093374462259,266.3195183490528,0.0,231.88715454529367,227.99709845758267,235.64891824831824,233.16898505765843,231.77812099453433,223.38205943368888,246.85347958508672,258.95876931919605,236.1799637755844,243.9900296023912,240.5850735646661,223.88332440901277,248.2708187524666,242.53669708357086,238.86286146764388,235.48275570046735,250.9653882278597,258.89668185485266,252.0055461254282,232.82588766067417,232.2789776696477,270.477348407834,239.36165118955188,263.9721759568458,262.8711652457306,233.78963637036514,197.61312514956285,160.57757009019323,253.49663915084565,240.15647373239557,229.85704278575827,269.427612079983,206.4605514044929,242.1102615025761,275.7532345773114,268.34779120497296,234.6351961407816,248.16435725700435,246.61504949409004,229.1947952702334,222.88133744744138,240.14809957060447,260.7809397422929,272.38819913494694,232.20261373139746,268.0210136955584,232.28008718500848,273.3886540127412,262.09046790596074,257.42114932068023
1610555971.86O0cHB2ibBJ8jxoObg01EpGe8VVV5mpwn,173.13604630450845,219.08539035902834,168.76459135421467,210.7385072591951,185.2278600384212,123.21425271500735,178.30945740553628,168.66510868722852,157.84974954653183,201.6565210965084,249.44877880816793,219.2606078648868,230.68528652757206,169.33651248309053,240.7217361362456,201.54064869120248,277.548022525958,231.88715454529367,0.0,192.20052243577118,234.7217083917962,239.01467925371549,188.2475736165105,168.38600726238442,218.34205337026205,168.08519991937936,177.7927036622166,227.5727642801611,229.66272032366814,165.96388624054276,200.82151463364625,186.56629951914456,223.2487931438446,217.46831691621534,213.10967304722126,225.59321439179658,210.80174701831268,213.13451297415054,228.39665459112427,228.1001952363656,217.61348635159976,261.80370586485435,225.16306776007676,218.48700592589998,239.03019692997864,241.60158859389225,207.82320347620143,187.397279623831,201.0579953814182,228.89686621849825,195.60985754935027,186.04725187285342,234.4990349350328,257.95197414736555,186.16455396118428,208.69609973315153,224.94682967006287,197.09821240972383,190.1332883716564,188.74137311862594,253.9603672338527,275.32195619391285,210.5675705476455,248.28750697053144,204.15137437743158,274.3920052459546,217.28058045494558,243.81485018003622
1610556911.51zU3duZSGpcw1BDNsBLxdOCITAXwl6z3i,160.83016183532385,207.51995490389046,153.4102749353672,197.78261234112426,176.22731210830648,195.91177362343126,180.55086047374192,158.10261119157818,171.3638556227693,185.53760551388172,244.2960987292671,190.4918006727387,207.6945373545337,163.86516279850966,231.44683060089588,162.919481280342,277.30262880356247,227.99709845758267,192.20052243577118,0.0,210.4624874916668,248.5141481807573,177.81123579632813,156.46905520553838,209.22816404160608,219.36706385130498,163.03382102267506,198.5349587767384,198.86072495615082,179.80479686236802,180.92384269642386,200.52257632377433,189.58788690081485,175.4753022651846,187.4743908882652,195.28649690901818,184.3953387232166,173.55270573424934,220.81834639375083,221.9568990283658,189.04274473713556,241.21437626537292,214.8969733051372,197.82888123836457,212.78371817190347,234.90481274491233,197.36874762735664,179.09545897738715,182.8640278918824,219.41836206371218,169.25399980935788,183.83920703448612,221.99082109191653,248.5752305265278,159.8430266255791,203.21040472850376,214.45628724572427,160.56478464800932,168.50922827031127,210.2102119057181,249.27172108646425,261.1702232818792,171.71833983906325,264.48681768474665,174.57799308887098,264.09478905907133,209.01423571578255,237.03966302427077
1610555988.71dMoYT8250UHHJGxgmITTmbHe7V6gH1yU,222.4193304675107,249.32832895466026,220.33103100062505,232.00708219621234,232.01931905330522,242.4695965674378,240.40503471666935,220.36175859084662,222.8483585259772,240.4046664713787,263.62121767647193,175.01892867682452,263.6572772794901,223.68247942877713,263.00896444045276,222.7426060449385,285.79066305080124,235.64891824831824,234.7217083917962,210.4624874916668,0.0,232.93310049357345,236.64855918283496,219.90414062071642,253.74788483170545,251.07016680106295,226.2741090912676,236.84433783921693,243.05659560812384,239.5849502424526,236.79925852318388,251.19769407402876,249.41864585122445,241.5491204384568,210.9689999768806,235.39328298781163,240.753433456055,236.3554002143168,255.60844762178905,262.2715459763067,240.1779040384835,251.9171995000635,256.21936504998826,230.4109041553429,255.66515486590995,261.50982923535,242.53468098455872,224.74406047587837,230.52371788548115,255.99151484150664,193.15599918543305,230.05018612108182,264.4339281614937,269.4812281046739,225.16996865776213,249.5246582264239,252.03827343675582,203.23500766952952,212.51034628510695,248.91613045336328,273.42369737200795,292.57083480300275,221.816865899667,283.6542776553852,220.04761482691075,290.1753326695025,247.64422062692162,266.5225125641302
1610556042.81mlUZsSp7gbGjrp8jQSnybT1gPy6e62o1,251.07078964435937,248.1485663831539,251.75271505619816,251.82768891856026,252.66574167605117,246.09407245411157,250.99160071879834,249.7829869990038,255.44214614210978,263.31789173960385,271.57402358929056,192.22745127690467,278.7201441091947,244.5516713315312,284.14408741274246,261.489324656856,290.8501252786035,233.16898505765843,239.01467925371549,248.5141481807573,232.93310049357345,0.0,232.65615602877352,248.22837849000257,261.3801244224834,254.98176743706082,254.61915535045546,256.67987962109174,267.62234808787076,229.0165013054983,270.7165558530892,234.730002454991,271.8016237889931,267.20056344360836,259.0151929434405,265.37534930991586,272.0705776081218,263.3584359967214,265.6535858194821,278.30207873835735,274.6961321355822,274.4289598868171,280.4277195773437,258.69474440087293,258.63719167354026,260.4599339947123,267.28798931340134,249.00289575200586,245.28282992158276,273.83536600043084,217.73196888184876,254.05505751522077,292.68920801917466,288.64605666667023,259.4862995307715,259.52125484273813,263.72338137697767,240.3268621714935,235.37032445651388,229.9137409455475,276.9517344520277,307.391988278906,247.38344514520838,284.6105342608351,248.8210343421269,288.00466881691574,265.11535787468404,268.80418236894656
1610555637.02UBW5nKvDyUrKnaWcYRGajZPxTRDS0q3N,163.11723220519565,209.58326997884544,156.96807958358104,209.9110006847593,162.47936941577143,190.83869217497363,169.11008843769233,161.05738062219314,174.55277705368647,178.2211836381943,244.5402854731885,216.83101138812268,218.12757979766275,165.4786480240064,236.45437725544983,186.39138054546265,269.5715110264216,231.77812099453433,188.2475736165105,177.81123579632813,236.64855918283496,232.65615602877352,0.0,158.10227942041377,183.6163285059293,210.50466369870782,156.59666733263197,221.64961053827682,216.2815674965297,144.37349629621986,183.9265355101651,169.11703278152532,202.40728982420362,202.72853858970524,204.9377655035731,217.24848089449267,194.26038427326694,191.79511555552992,206.84188299962693,223.71548891694627,204.40213602378668,256.53770159876257,217.235201097762,217.12461936023942,225.58323855139096,231.63463818099666,189.60181588423913,186.61684848001073,162.41760245096376,212.52096066963807,189.06344935637895,179.15782217986174,223.03686560588918,248.95782629493536,168.01835236313102,164.18310761704603,204.891314738677,181.40137742289284,185.85249401894743,174.91054548898381,240.60175455383202,262.3537551518487,187.68044581254705,247.22421429597483,181.01161505216857,262.6659502666015,208.3889938243478,239.94182173858877
1610555619.13oUYNikU4facCTpUSiSLr0vPI0tJLnXiT,60.93427002256139,207.9062554064805,77.46369641813595,193.03763393706893,155.64206045803923,176.79876819143203,154.1972802224471,78.76021552079101,142.68032176149842,166.8592529436771,243.19621588521375,191.10941164735513,208.43075301683072,125.8862159792691,222.2836721987072,167.63618944850757,276.2681010868201,223.38205943368888,168.38600726238442,156.46905520553838,219.90414062071642,248.22837849000257,158.10227942041377,0.0,193.9813205067936,200.23845359992464,143.8419909070736,203.28327476826087,202.02530875796901,155.01782025343795,166.47171333253618,182.0731763205343,192.23086899942962,185.25270616509758,188.68989129449864,201.99777242144523,178.44647046876793,180.42768574363237,208.3059116371858,199.253218038019,187.84260393623563,247.49863841618563,198.14145876758508,187.84792665972864,225.93001530010855,235.62205028320002,182.64216117512026,164.38629006810535,165.96005189392162,210.75692094737656,154.65093017472384,164.29648857596777,208.2360197487275,242.1745358865697,147.63602201506617,186.13397336794296,203.8142126253586,163.5938390410224,155.112750168264,191.10626048898698,245.59824229758266,262.77476787297724,177.68655974584775,251.4628709853986,169.76429994926966,265.4330815206585,198.37349123181374,233.8547077957867
1610555721.03nzkucfjAUh31zTbmCVvTVYqtjoxZFnBh,197.34535306206723,227.9702477641774,191.9319160903322,234.88420682171707,200.58636424794017,215.39047843403162,206.28553971702925,195.55632791532207,205.80326553190497,209.72111125175587,253.36295920236182,238.10353185463654,244.38724180735883,197.154156250644,253.91539774745883,215.10335614004254,273.2980560807396,246.85347958508672,218.34205337026205,209.22816404160608,253.74788483170545,261.3801244224834,183.6163285059293,193.9813205067936,0.0,233.84604546459954,200.68683481330427,241.37887651960344,241.1959977178421,194.52124727414028,215.56117520007373,211.37476843409155,230.63539354483794,228.4821208537139,229.82290297143962,242.3072815639909,222.46819170149254,218.6082710628492,218.0846063341591,241.80478538815413,233.67346767660823,268.862639319457,236.32783036061596,239.37693832762616,240.99916516255547,233.2610489881149,222.1487095245174,210.04355121946148,196.9094713743815,241.57297486749562,214.429707517338,208.70970894014187,244.40715824978608,267.8467667304828,200.6760623121147,188.55991618292975,206.3572435857037,210.56447369444533,211.7548556085846,197.1300972012514,260.17379882230995,273.7811392437077,216.0910474899834,249.1856216239262,212.70580563831433,271.8875582009702,231.98636161779993,259.5223681553544
1610555722.67fhKURdXVzRbLIjXmjRwdJHTnE7PWb1AE,202.85104971531797,244.9419496793588,199.3467160530475,237.9758194667721,214.4116180841863,130.60220489329086,209.9187248539097,199.54577775346695,208.7733172892854,228.11564953249058,262.9833980683295,241.14404444225093,254.5790860339638,201.73051087825831,254.84300677841014,226.95568673629137,280.36524868960043,258.95876931919605,168.08519991937936,219.36706385130498,251.07016680106295,254.98176743706082,210.50466369870782,200.23845359992464,233.84604546459954,0.0,209.11134018940916,247.80268829582116,246.08713655168884,197.4303932119536,225.43200244756926,212.8064045421486,247.4439238475052,242.15605753737643,236.43358254162965,239.56956941390277,234.47266143223217,237.8229381996895,242.65423081685773,244.29786306905936,242.77507403192718,267.11775607209836,244.64904760086628,234.10189458168045,257.84784576461016,256.07855272057907,217.72281452795377,212.91814487038067,227.54181310428916,249.35295190568553,218.36373064589193,209.249216186772,246.62294822482062,270.3544250401243,212.91100785764024,206.23479924654237,241.62960164208116,221.40390979543554,215.93406951931834,203.5905706108683,270.19431679306217,286.10184327604094,234.34837555782784,259.1355734023386,230.1431615163453,278.9562201957427,237.35399052492514,255.9363729155715
1610555638.39J2ZWBLuLTHP0jOlzB4tNHmYeijH5g5YJ,149.5796596664633,215.47768964336151,142.72678591061606,190.57308875562742,160.39642677836542,184.48745291316555,165.42019224794345,147.35273912437214,161.97038736467778,175.31817176988068,238.91374879456254,207.39304039194133,215.52873701251596,156.97245148193147,227.91499029383164,172.10499427671292,273.35659312485654,236.1799637755844,177.7927036622166,163.03382102267506,226.2741090912676,254.61915535045546,156.59666733263197,143.8419909070736,200.68683481330427,209.11134018940916,0.0,211.6080985995872,210.27827384365216,162.99773277469566,162.38437559941448,172.06462654961007,199.71724817907224,193.72040871481255,193.09742035577693,206.58793368380577,182.57938129102678,188.21433797411188,215.71700639746453,211.23865614407916,185.52867118271186,250.35512982386362,199.25270808242354,207.7029739913728,230.11996813818072,241.33290054767852,177.03556715326016,174.65285633247686,175.5607791703967,164.15069705549408,175.67468708057655,164.90066513951237,215.86329832667542,248.96647083000101,156.41579938024074,192.6333079285408,209.17853722567153,167.3080134991647,172.16399114502806,193.46273545687225,245.02681078429833,255.39067912583766,184.72428383846844,255.39259138606465,178.03740451381384,272.59229255225205,169.626341295123,235.79363523833572
1610556032.17Q6yCDx9g7alRnL9jBFXD2JhhUyB2hKfJ,205.71335480912012,225.6113312228671,201.04089323448193,215.12760454129705,215.4632169341741,232.22743672401924,212.5302722851752,204.3650987312609,212.15039566178336,223.30510475208774,257.1558140749333,220.06291691321098,247.48339534818646,209.482161352916,264.9071564902404,211.70338591704794,285.7315562740141,243.9900296023912,227.5727642801611,198.5349587767384,236.84433783921693,256.67987962109174,221.64961053827682,203.28327476826087,241.37887651960344,247.80268829582116,211.6080985995872,0.0,228.8740970710252,221.7983036420226,226.02494903865264,237.67970719356427,232.36191011246376,205.63447304933808,228.57549205075577,227.54007703215154,230.02418189723508,209.4825407337565,240.44775773315504,244.1815940743341,237.9369815373986,240.79542762021734,239.0538782540405,211.91759026989365,248.22123530334468,245.71143283671177,233.44760021880896,223.5886389090634,218.7960581822469,246.69038746087557,204.92870250003085,217.8914507854561,250.15189990613413,266.45234077289416,210.9244962041417,240.38212347349338,239.37713457510785,189.44027650551286,194.97071331382548,242.69101314531252,251.74503033454428,286.11565743572265,207.1606620579786,270.9086755179494,211.49797730002956,279.42506098803676,241.33558086535845,247.04535441235313
