,1610555604.25mOvVXuL01OCiReyVWBfesjuvXmB3MoPy,1610555605.43B6oDsBtWRQ29Q9UMQuTUEPZy3FSSWXzc,1610555610.92HPGJJSmyPM40z7otPBgHalNrHFA7zk5d,1610555606.68LaSQbm9EHAFycEfFtEqAwYqlBsQPjIRW,1610555617.19EKxMEwDHfXiEJZc27TsGoERaD6Da4BZU,1610555722.52PJ3FD50MGhRXyUD28vluU8Z9UjLJLZn4,1610555617.52Ijr5puT55g9apK8auM7zaxa3NANg502t,1610555638.77ZLjTLkz4jYJdFMI2wWBztzsDILkoOtAk,1610556912.46C7tJPLF0XfNnm8f1820X9aLmXMHoc0Dw,1610555617.51LjzIROg0aeCP2GhDcAVQ0LipKJB9jmKc,1610555608.17OpjjHobqRkX0UPcaXrbu7K6L3805SZri,1610555721.82zWeNZfGUUfRJkgnAwlP8VMhPzXctnSd4,1610555735.75bom85BDF0C7W2eIseHeMxi24qR68nzMi,1610555735.77NnT5xqKnwcf2BbjIekeb2arTQj6QMNwk,1610555638.33wjf1PhdNaoWfbRzXVn50hmFyB5bYAiLV,1610555606.65jCE4ig8Pu8kvAzkxnSGfWsV0nQBjCf8H,1610555608.18ONsBCVo1i7BrX0XG9stct4oiA6ejX9Oz,1610555721.51RNoQUMP19FTMS79BmA3JkgSm2IC2AQuQ,1610555971.86O0cHB2ibBJ8jxoObg01EpGe8VVV5mpwn,1610556911.51zU3duZSGpcw1BDNsBLxdOCITAXwl6z3i,1610555988.71dMoYT8250UHHJGxgmITTmbHe7V6gH1yU,1610556042.81mlUZsSp7gbGjrp8jQSnybT1gPy6e62o1,1610555637.02UBW5nKvDyUrKnaWcYRGajZPxTRDS0q3N,1610555619.13oUYNikU4facCTpUSiSLr0vPI0tJLnXiT,1610555721.03nzkucfjAUh31zTbmCVvTVYqtjoxZFnBh,1610555722.67fhKURdXVzRbLIjXmjRwdJHTnE7PWb1AE,1610555638.39J2ZWBLuLTHP0jOlzB4tNHmYeijH5g5YJ,1610556032.17Q6yCDx9g7alRnL9jBFXD2JhhUyB2hKfJ,1610557007.49MyVgDnuUuBxrvL6SGOdhKf69VYlW1MSm,1610555638.44hjT5hbYdKoE3MB6hijrjqbjmLgvCUYKD,1610555608.13zUvmFSCRt6SsLbhqFznMEvGx54GPGQzM,1610556038.62a5C4ynd1AARyAhTv8a58NCqHvXRjscqH,1610555644.45Xse8u7pusHNsd7F3d0A32HXvXr6weOJE,1610556038.62gKXOCG7XCn55eJvyl5voNjbwOW0znQDq,1610555987.13v0oleKK97pkesp6oMgprH8SoSdoDVdIO,1610556964.96ZLLeiQW0qpmxhPGTg7K03fmzkqsC2bjC,1610555987.13VQlEedQ50VvkPMEMzZDv3KNnQCewykN9,1610555982.186TY6MMGkDecIN1woW6vsfAMXVV7jnyjO,1610555982.673LuMndkwkvdmZOn0MmE2Pkidx0FtNalb,1610555733.38zItcuH7gHNfKdALR2d9Nek6bxCyw36Vm,1610556034.15BQxSbZINGCay0yp6RBVlgcPrw76Yn9ON,1610555639.37BPZpgtGml8qUsh9AdV4m32jPLfI2aNFq,1610556965.57S0adAalhWYe6K3bkZU0bRHbqnDK8gGkR,1610555983.54zteLPCMjyrjzPdhHhlZr3faCgD0TfYr3,1610555987.79rHnNRmt9a0ufmnwCvZqBouyUoZDNpylW,1610556960.041xWER61rmArlsKfiMl4frikWmUCnQ7op,1610556035.13a7NHZDutfTMJ88qle1gTYY59Dr4WmMsj,1610556890.456ZBDaY16bMtrTZTqAgHl3wq1tRxzqDow,1610555760.24e6890pkbyZ97Or6croI1rQgjkSsR0yVt,1610556043.02YpWMIJg3W004iqlPyv8OcVAZdSC5rNYw,1610555987.03z05P26TLtONYM1HSzupoc2CeNMa6HTqr,1610556032.15OYCzUxpsz7b10AXBAuDXrvEcvxFhf0M7,1610556032.63Z80yI9pNwS3jSmsDABbuhf8wkNa2Ze9y,1610555736.28eGuESasTXdR3SqY6pHhEXWZtcdciYLCO,1610556034.61bebeZA0MkaFG2sm3VKiqrxeqQginTTW0,1610556944.5XwXOphKYT3ZkWA8gViqOS97VHVuMVUqb,1610556944.745UVLFBzf7fPh4UH37I6tYQOFPqRDytEh,1610556034.63XsUwaFaPZevO1JNFjfhvY4aKNFnV4noV,1610556964.89xwBHw9faT1HjQRMNQEyA4qJ3hWkwgj3k,1610556966.74DydzH91jtyvRyYau47JpVkZoMRSNTt01,1610555740.77UueVziDbaXyRR4OcVJIIZyzOfAzN51bj,1610556046.84e3vwjyRCzqz0wJQhrk8zsxlFfFSv98Df,1610556137.99eoPuVrDThKAOvmeprLPb2FWRqIhzUodc,1610555740.73XFwSrmTXJPlaxGZSefh0jOVA8PI3III1,1610556123.88AOfNaz9jSnqU5Czc7okOv1RCrYfKFBTo,1610556046.85nB7NvyoYQeLcOV391Lmmut1wAM8CFGLw,1610556123.89H4pdIAzDthI7bMXMhlIhKUYIQIvtmPPQ,1610555740.87GOYQUJKpkynIS2lFqppYK4b32ol7NeGh
1610555604.25mOvVXuL01OCiReyVWBfesjuvXmB3MoPy,0.0,179.11028590127995,50.62796818041014,166.3290682919917,125.38551906292733,151.72331961733752,119.80044731672436,56.578843252612764,101.69691109903563,159.3271686686055,192.21501340021038,169.1915606560195,187.93190101199048,92.56802883078184,177.855092085209,156.2787781514646,203.1131524390953,183.13175214894227,129.06843348107606,143.314152251215,181.76937263882996,194.3491454674285,140.65114932089426,53.87234424728387,164.93885915251968,158.35503212020893,130.9943265706791,172.29205565309292,177.47142208950592,133.5897615452582,150.1346628760331,144.8923519858073,179.231864090995,168.58468390295266,165.69264548586114,169.80015414993605,162.8523001302374,164.39495016607637,179.63659894998685,163.86646101572975,164.18475808571108,193.38069444024,167.50152617825916,157.4790688072473,185.6608578416316,190.8515508380645,163.2702883827433,144.40580359599423,155.67167765731827,175.4014705236464,144.46771299077304,138.09697179859953,176.5472609417709,194.8211919409449,143.29163215417128,156.69709072925875,160.58077508098552,161.23638138575743,138.78738788118855,156.2421474114614,193.79553729416614,203.6110105383816,166.2505631210168,192.20358957780147,155.29652000551005,202.21329541670158,163.8614679168539,187.44617889965153
1610555605.43B6oDsBtWRQ29Q9UMQuTUEPZy3FSSWXzc,179.11028590127995,0.0,177.78241672677566,144.8381016962328,180.55459788262021,181.64715084294338,176.07793016538565,181.7241031227133,188.04680914382934,168.85144704185063,159.51724467644888,179.01473629571882,165.9491124453436,184.78117039217167,183.2067401282461,173.57563105521845,171.53997703960286,99.33502966372846,183.47905271925163,169.8851437075715,193.45793633822768,176.41476313377683,168.26351997721724,179.75368736920728,178.1736518752951,193.1660777447556,181.97369760640893,179.40710434087148,164.83771309488543,160.96868778405803,179.2743185260925,178.53346971055186,167.26052494325103,157.51589179107322,180.93930824152665,191.0149317673346,180.86017642337117,150.99993394101438,143.94497924375227,201.7269623732321,164.68480364711382,182.9041859092784,191.90824314607065,166.31845876379694,129.73374282950968,101.10935555567957,192.66543011528213,191.85735886998216,159.1642299558902,201.8723892643536,176.5663856678594,191.25773175064765,190.77438432449273,170.71306000543322,170.31444224052154,181.820807483261,177.98746295901023,172.09333692278392,179.96851030408487,176.20144188252124,176.0454816575932,179.30363396829603,157.87754977434375,185.2689732077433,161.10352631341752,180.72367740198325,196.5716364194354,177.66128239339946
1610555610.92HPGJJSmyPM40z7otPBgHalNrHFA7zk5d,50.62796818041014,177.78241672677566,0.0,163.78222238541514,123.4701078196081,151.27771193100355,114.74577708602594,64.17107617452646,104.63260801246537,158.22232327030773,190.34887169905014,171.34137677117062,186.7506630904196,86.81023663407652,177.86902994476787,154.3136810520631,200.82450398274568,185.6596260889432,131.1734463163273,141.9360609147286,183.84430634074664,195.13846372868474,139.61300269257075,61.56563933874401,163.78420926807019,157.57265208599256,129.39539256415833,172.06123593607492,174.84810806972885,131.61646851230887,148.63061012520538,145.30837009355463,178.12745188470876,166.96066443642454,166.36551534634162,168.5452142121379,161.36332369177904,163.02209330249624,178.08409795493725,166.83783806996655,161.26796950152269,193.4488282154811,167.24345344016822,162.1732100348559,184.50512823172494,189.9311920107657,164.12044240011227,144.91547369546242,154.43811710325664,173.59262363748888,148.50731486798486,138.91130820048662,175.01087727817503,193.33464598722418,141.42446133802667,154.8739426678355,160.4701283520789,161.53563580638053,142.4424173027513,155.8848117022099,193.1628838636498,201.49266951572932,164.76994148035942,191.27868373929337,153.70874459045902,202.25194575278746,162.43162158976637,187.41322540387063
1610555606.68LaSQbm9EHAFycEfFtEqAwYqlBsQPjIRW,166.3290682919917,144.8381016962328,163.78222238541514,0.0,169.56741297842456,183.27989674536119,168.24988814085455,166.93671455479486,174.46108832813573,175.43442761812358,147.50445776764505,156.4835686286561,190.69519971189314,172.6517439881005,181.01789951351068,160.43677353014684,168.4843951716025,157.316974510705,173.5756662822248,159.94059324254877,174.09611887229156,177.85904675267298,172.37622495721504,165.4920283316219,188.03618597381967,189.37813448606457,160.71722990548642,164.6466304011769,169.29118826244127,165.42271490974684,164.94237623835028,179.85919429696878,182.17070871062805,167.90870844395775,160.25279639429655,160.636343294864,168.1617887734701,164.38137936855645,148.50815235507827,185.7014644301856,143.5295244324804,164.10632838150596,169.88363365057393,148.52329259851538,163.35868177690907,167.00746546055998,190.73121500262909,179.45867938573406,165.50542384332653,186.0886566252359,159.3639199771014,178.76969508250548,183.3945868559894,170.5670844008297,157.16995953836133,188.10050064268182,183.6088417262694,159.48541743939765,169.3709480680875,186.41925531593972,181.2385466214456,184.36557653138445,158.41493389253816,189.40765186774692,155.4088490828001,191.1236159834476,174.30994248726577,181.17762003528364
1610555617.19EKxMEwDHfXiEJZc27TsGoERaD6Da4BZU,125.38551906292733,180.55459788262021,123.4701078196081,169.56741297842456,0.0,167.67045030635595,102.89105091730775,126.05960909521,116.72502761269602,164.4623975822689,185.31432328818445,180.75598939204497,194.34476079115143,128.03329311647207,181.51770453892544,157.15567511868332,197.65514708192535,188.88673183983735,149.3219910321055,150.15904005753205,189.9984481117724,191.72804138620572,119.54139448634854,125.10055734961014,162.46351413870767,172.75933824552416,117.81393429887595,181.3298609433372,185.18919268338848,119.77760498474167,149.71804263617435,126.87191287914732,184.04773587518568,169.86822870104652,171.42890108491792,176.50306265021288,166.90510794826767,163.78603636424407,178.47093249719208,180.02450197325496,166.01259802695637,197.72769203838462,170.07655245742941,180.02030970956042,186.36132547318516,194.67650921450775,167.61499151076444,155.77056070058347,153.7053565264257,164.582217765654,164.39422499734812,145.96126307689553,179.92418584720915,194.66832450054753,145.17537693803664,151.06866166360916,161.01619454640803,169.89742537645466,157.32681402460452,154.25532628006746,189.69162792306872,201.4690107271519,166.2267531692074,189.92407925349028,151.49002598175653,202.7623894824715,168.85340212611285,181.37964763480483
1610555722.52PJ3FD50MGhRXyUD28vluU8Z9UjLJLZn4,151.72331961733752,181.64715084294338,151.27771193100355,183.27989674536119,167.67045030635595,0.0,159.49550131092053,151.3555374015168,152.23862947851308,187.51404683942604,186.864951124221,183.57428882131092,204.0750305176941,153.2091397998006,189.48984513857107,181.21992423010815,194.76653017122229,184.17285565645122,105.26904444668754,171.1385895416113,187.9908462177617,184.05543480160554,156.58461669247475,150.47481084203082,164.79039528391704,81.64892669342564,157.60985660920082,186.38448117899273,193.70148819154446,144.7662225481215,177.61460248896861,143.65407522184486,202.59724029085515,191.54358638174403,183.7868808270574,179.5797029624037,184.73950982671428,189.28445192993257,182.12324786414933,181.53823485043407,190.56484069080796,194.82724238708337,186.28959381293305,174.09107091600677,184.01500745136997,177.7190491536065,154.67534409061824,156.4345794169715,186.01652888163926,181.21422093826456,168.01438005163135,152.20909127657902,183.48538107419634,195.07141914997862,171.81075460478456,151.07432870304584,179.46205796416294,174.33319939509676,163.94525213826068,138.06058326284997,186.6056047975228,198.076777297023,189.2797678080117,178.15621424272203,185.69786459970302,198.7166625688315,177.14809934769517,185.82932534237247
1610555617.52Ijr5puT55g9apK8auM7zaxa3NANg502t,119.80044731672436,176.07793016538565,114.74577708602594,168.24988814085455,102.89105091730775,159.49550131092053,0.0,118.20814312322968,131.64165966646954,170.44078268821852,182.12168660653208,186.3385875370422,194.22808996674257,116.73309258501536,182.63467304915167,165.7251005383013,196.52006412562176,188.2496134790921,142.1109434839604,159.7368213509075,198.89183947503474,188.29853267465597,136.95473259612697,115.47820932889333,170.77907221616232,162.66941299480982,137.4268360513957,183.64343112636436,180.08697713580642,101.77409618405173,157.00533145358705,125.54438771191569,189.3271408892002,175.5693353242522,178.4919834902441,174.49318634056854,176.9113127682418,170.48327193535104,176.27432558344196,180.42594220737004,173.03506676342883,200.41241767433416,177.97353116934505,176.99384608103173,181.97927662904942,190.48859335750208,181.03586490116106,160.75862781750956,161.12384166217527,176.1941078741116,168.6707261185318,153.5423591109577,177.9998128304597,188.14366468444433,154.44548172873453,155.07593771571283,166.08481496664726,179.4667997263167,161.6520224659073,145.55398006516788,191.55805593215888,197.3587799244914,172.67362392370634,186.14480813858074,159.19193807000892,202.08233325242884,169.2792336174164,187.7301684050939
1610555638.77ZLjTLkz4jYJdFMI2wWBztzsDILkoOtAk,56.578843252612764,181.7241031227133,64.17107617452646,166.93671455479486,126.05960909521,151.3555374015168,118.20814312322968,0.0,103.22689960816855,162.50347077155698,192.0811342232261,170.36518484819078,190.77883703441324,74.59033355826668,177.55383853890578,157.33275579904657,201.92580831177324,184.6736135354661,130.45789637952856,145.52174367014797,181.99662725848077,193.72949647787394,143.42660191740256,57.6350623794298,165.9991553225274,155.89515931707066,133.19987968352189,172.69043757474978,178.39087229166532,136.10928653982424,152.0283090794113,147.61744018514025,182.20607365224984,170.37139984154638,166.79983783663187,168.67619340999488,164.36885668714055,166.21680399887464,181.2159632279955,165.05896547110197,164.51045524848274,191.68818322552346,167.22020094045223,158.4340323012331,186.02131440083733,191.14911950676995,164.86704744815165,145.2939697937303,158.56027243145004,175.46611713761598,146.7992003176767,139.4365587318984,177.3553458497025,195.4165915118956,145.36982170000138,157.9430096964297,160.35380108711152,163.75362531579813,140.74953039629509,156.4064311293556,192.41769092558158,202.74839201251572,168.54438606828128,190.50507479078627,157.05559127967393,200.36155240339707,165.2657415734902,186.16698786447768
1610556912.46C7tJPLF0XfNnm8f1820X9aLmXMHoc0Dw,101.69691109903563,188.04680914382934,104.63260801246537,174.46108832813573,116.72502761269602,152.23862947851308,131.64165966646954,103.22689960816855,0.0,168.88139068231516,195.0131259665269,172.57363471305388,196.71410305658452,112.20575358857175,175.2202715285452,163.68481000675274,204.43031295597,186.27746162653554,121.71404321987951,150.0103640207815,179.37809570999926,194.13251216698956,145.77440282807032,99.89158610208955,167.79749359338302,156.41604411834825,133.83349935843603,174.79500844734196,185.93197724158216,141.62198074379367,159.051883681915,144.71198425949493,188.099537277936,175.6681076697841,169.82864809021504,170.51025921398335,166.44530660961638,172.9995714138249,186.5994413693507,174.39996054821697,171.60456976410686,190.59563465690334,166.34452003896135,169.7368204419111,189.21111170231512,193.9472117193842,159.59184017797415,145.48229413267535,166.69780739831907,173.3898992431564,150.9940039449169,144.01208328437977,182.79970044714614,199.2935679561178,154.29152516852756,160.77600970794552,165.4609703845202,165.5379595493844,145.57265034630606,156.67930203613776,189.64814133611875,206.51702864315666,174.56697063306078,190.06072575718719,164.8005517208065,201.41157046168374,171.6673648119456,183.9325353896479
1610555617.51LjzIROg0aeCP2GhDcAVQ0LipKJB9jmKc,159.3271686686055,168.85144704185063,158.22232327030773,175.43442761812358,164.4623975822689,187.51404683942604,170.44078268821852,162.50347077155698,168.88139068231516,0.0,203.06515606582985,193.69628328514494,114.38720180398612,169.5773555289748,198.65867258593414,166.89361525164202,217.57624172407438,191.97373357083816,186.95677264788762,165.2402934159344,205.0877757951919,217.4754126978994,159.3104025318697,160.14554315476644,178.96841131248848,197.19709380371603,162.91927325382088,195.9816688547713,175.95906428327186,166.57410620015102,159.02223718100117,183.42364071133002,85.80346313007915,169.3924421317525,183.18311142146038,195.4298769651537,172.93146172851456,163.9596499598856,169.1503266502451,186.47058856235878,177.15620847655617,214.47644483211286,183.316206329456,189.1764400209686,194.09727527980127,193.32073769415308,180.6277342769312,175.86323821657913,98.04186332274111,197.99523987224256,174.60923003015384,175.72411361825192,174.78806058130525,203.93709729107226,161.92161110663218,180.6550427701557,188.98414049554398,172.25592043341703,176.64456876159144,188.39968782902702,211.2105139431655,215.31124770590787,157.1436093733902,216.9051622040476,139.18028039425948,220.67316895749843,191.90586855421304,205.16178563163083
1610555608.17OpjjHobqRkX0UPcaXrbu7K6L3805SZri,192.21501340021038,159.51724467644888,190.34887169905014,147.50445776764505,185.31432328818445,186.864951124221,182.12168660653208,192.0811342232261,195.0131259665269,203.06515606582985,0.0,178.16698366775782,214.01596907833647,193.78510750918892,180.94389495248626,174.42553176240096,119.24477552348331,164.94160275508625,186.5350462668749,188.32145077723567,183.16021421797743,171.34691001468758,182.36721959782423,191.25111581249698,177.44156121701315,189.69464175338337,185.22275568379635,180.3689409083355,179.4821490639789,179.78111074768643,188.54963458241622,179.98105355144574,210.08445121826756,187.57121968472873,176.70485035293353,169.07358142199806,187.84922162026655,183.76252832754292,168.27943120264516,200.32892163598115,173.75233412946284,153.65621998727033,181.7240562493942,177.70452673727416,164.63886846717602,149.01131996184375,200.4060153383769,192.13406438172422,191.26479140950843,184.4712372634635,186.5817126738432,194.42570078019065,188.04986773257963,166.33627146545115,184.58218260592832,179.85165429250335,174.65537967351557,182.7776413992709,193.34431269176335,179.52881098301512,177.91650734624858,167.2731767820093,179.2825458795321,171.7745688938294,179.9924605475476,169.57004561529598,183.52559221834136,182.8913419473689
1610555721.82zWeNZfGUUfRJkgnAwlP8VMhPzXctnSd4,169.1915606560195,179.01473629571882,171.34137677117062,156.4835686286561,180.75598939204497,183.57428882131092,186.3385875370422,170.36518484819078,172.57363471305388,193.69628328514494,178.16698366775782,0.0,210.78798272157434,174.32814331763512,189.13033837652222,156.14619866243106,187.89302173573108,153.12202322412156,180.91892979519275,151.36553043258792,104.77702714455495,145.03471776726735,184.27565411376557,168.8256348952591,186.57213187639212,187.1051167599568,178.71638335835877,141.65796047014328,169.25540584634217,186.59761126015727,185.4816317377135,192.68272622092866,198.01135115617052,168.59731488674004,145.7230893036515,150.58938456889973,175.04251845347858,168.68164289180933,176.8025679479526,186.8008228375218,172.0313260624172,156.59364778104467,184.56782594529452,144.46459002098703,180.88026259027342,181.5074486031059,181.0264875646772,164.742717072551,180.77601889905762,182.74918747303605,104.47781056291875,170.5432112550448,194.66387042085654,183.7773146851608,166.8381977082486,186.75033723882595,180.50997211167203,145.23555556340452,140.18629247238488,190.60694946155868,184.01824177713803,194.90932572610336,160.17026422401673,194.4386334531977,163.700286588995,188.5775110485455,176.11083089418003,181.58171238150936
1610555735.75bom85BDF0C7W2eIseHeMxi24qR68nzMi,187.93190101199048,165.9491124453436,186.7506630904196,190.69519971189314,194.34476079115143,204.0750305176941,194.22808996674257,190.77883703441324,196.71410305658452,114.38720180398612,214.01596907833647,210.78798272157434,0.0,195.95893011591642,205.38677070771251,185.6981302216782,227.01284299554453,192.59569300474445,205.58503865009456,180.8813556278899,221.80494683073306,225.71610623525297,189.23423042713216,188.74600022649216,205.50493794972888,214.23932471199288,191.83762257631514,211.8808775415356,182.95117554710077,188.60418086069373,173.29959641357686,204.76118320931602,79.30740617998417,172.59821291102108,200.47754556983972,213.44017696931257,191.31449618076593,168.6753164163794,187.68474393389843,200.15244091511647,191.68439262015542,226.93370930584763,201.7888336409545,201.26049596294627,197.17582986370135,193.55644578763662,202.16799236288406,202.9960084059689,150.63653645164072,218.4319394172075,196.8338038369681,202.51019089268857,186.61554756091897,205.63007528681985,181.0852061495633,204.94241396382037,211.82593555305584,193.54461135269665,197.74474573231774,208.61873748381683,216.1579934002927,219.07688798580546,168.8840388949554,228.65658823463352,171.4703702281995,224.3972659909703,211.0087632547924,211.9114399792857
1610555735.77NnT5xqKnwcf2BbjIekeb2arTQj6QMNwk,92.56802883078184,184.78117039217167,86.81023663407652,172.6517439881005,128.03329311647207,153.2091397998006,116.73309258501536,74.59033355826668,112.20575358857175,169.5773555289748,193.78510750918892,174.32814331763512,195.95893011591642,0.0,177.24576998483866,164.7524706071992,202.2213672588146,187.32124775259305,135.32741974076833,153.18867797216856,186.75229307577538,192.54664125698642,147.434030611653,87.45494821240666,168.05970985116699,156.42495759545656,140.189049560418,177.60156193803905,183.593969043213,136.735917194212,159.48849483011784,148.0916478466138,188.64611042752267,177.6797712906285,173.5039670167099,172.92442289211112,170.3255040988868,172.952143139912,185.11793720842007,171.93457507938885,170.80971333893075,194.13110458263284,172.03770182147943,168.21028193291463,186.7842265773931,191.83331814609,170.68118639558188,151.3578788902667,164.4874082099398,178.5541220929886,153.94306722731008,145.0229570487639,182.54215331728048,198.16416333273494,153.82889357995035,160.4499801163,160.67012587705372,170.870589964765,148.0171890153594,155.11113508844292,192.4702596673251,203.37467564114468,176.48791849173872,189.76417358242446,163.6051541248713,200.43302002805265,170.78449888071165,186.12908133680517
1610555638.33wjf1PhdNaoWfbRzXVn50hmFyB5bYAiLV,177.855092085209,183.2067401282461,177.86902994476787,181.01789951351068,181.51770453892544,189.48984513857107,182.63467304915167,177.55383853890578,175.2202715285452,198.65867258593414,180.94389495248626,189.13033837652222,205.38677070771251,177.24576998483866,0.0,179.53302066437493,187.5275676315426,183.20821106028598,183.0214754535089,184.00259986836105,189.8377828297088,190.0983412807692,185.5821496941527,175.74317360529386,188.02190224979475,188.00965426766038,182.70107548795616,197.8590381374454,178.47374043381262,182.63979341001004,173.9098817335824,180.92380253906595,202.75656511530943,200.04498088746354,166.81467869905484,175.17402565725416,171.6634875920691,194.31471261041327,191.8813271574939,191.1969800696551,155.89452931006147,191.59587764160693,154.05211305602862,184.3883330511511,160.7330713246596,181.67629108705708,187.79086545209853,179.8211887066593,201.19566015006242,187.7642545587362,179.88261220649838,178.6281270017776,212.9254454188387,183.32775879435212,176.77307647095486,187.90031282288095,166.38382802589004,184.00652729562526,188.389851671395,182.97292292176647,203.32049240815363,188.21218702037478,191.94646859983553,201.00347309683747,194.0081555459807,182.60896832120028,188.53087853215263,202.99779034769503
1610555606.65jCE4ig8Pu8kvAzkxnSGfWsV0nQBjCf8H,156.2787781514646,173.57563105521845,154.3136810520631,160.43677353014684,157.15567511868332,181.21992423010815,165.7251005383013,157.33275579904657,163.68481000675274,166.89361525164202,174.42553176240096,156.14619866243106,185.6981302216782,164.7524706071992,179.53302066437493,0.0,190.40974259108978,186.57318405701992,181.7592595725031,128.56083103613258,165.7248851448558,194.5712677271921,160.0112991311749,156.37026579914533,177.4872802338466,189.71255074642406,153.17300776641142,161.04364412008303,150.61288522132233,169.26083705856132,143.17652016792204,180.23674352417981,171.53509672717448,127.64546555012559,124.24016396889928,145.111324200135,146.81304702786105,124.73323999506727,176.12011955406024,186.52890284770126,146.80231738469473,180.9111690996612,176.38351504049263,168.70050139525452,178.15022410014774,189.50688434530167,170.83908836683975,160.72437154130532,156.60511221654284,168.5967900470314,148.39747412097884,170.8783837859372,166.99984543476552,180.34111869075844,132.22500525653524,176.69161958433864,179.26921837140628,137.79702409298116,155.66683483011474,186.85482246994755,183.5563007133235,191.843586329257,126.94468322218242,194.6730360386769,142.54194039573102,190.38798822744835,163.52811076225265,177.65636578301346
1610555608.18ONsBCVo1i7BrX0XG9stct4oiA6ejX9Oz,203.1131524390953,171.53997703960286,200.82450398274568,168.4843951716025,197.65514708192535,194.76653017122229,196.52006412562176,201.92580831177324,204.43031295597,217.57624172407438,119.24477552348331,187.89302173573108,227.01284299554453,202.2213672588146,187.5275676315426,190.40974259108978,0.0,169.70011637535885,195.7211254346304,202.52338211480853,189.17610688616264,173.937928214409,194.38515786121255,201.4686567205729,181.21346381595765,192.78785020405405,199.41567017428972,189.5420921132758,188.14690782841345,193.9271246202808,203.0665790161341,189.25057244413884,223.5198229208119,200.00463190308315,186.6968532628161,175.53431792977835,199.99886625183797,194.69747569315027,172.89090444259008,209.1926268677072,189.90117306982157,159.9534374023639,193.1618418221341,183.27971518236507,169.55337750314933,156.5026686753042,208.08032336291342,202.6194884379557,204.81691198642804,190.77170968622718,196.29121852376215,202.7654987109963,198.9390911541047,169.89140547373526,199.8505085831031,185.76872753022394,175.65699957212107,194.63865471559134,202.61398066519178,186.34025311847492,175.3069465192027,163.90890768253647,192.816269702066,163.71746114443715,194.27203533327616,165.02207236161018,192.75073594346892,184.11494591201588
1610555721.51RNoQUMP19FTMS79BmA3JkgSm2IC2AQuQ,183.13175214894227,99.33502966372846,185.6596260889432,157.316974510705,188.88673183983735,184.17285565645122,188.2496134790921,184.6736135354661,186.27746162653554,191.97373357083816,164.94160275508625,153.12202322412156,192.59569300474445,187.32124775259305,183.20821106028598,186.57318405701992,169.70011637535885,0.0,180.82084548977716,182.46483254850298,170.79688733025566,157.6302516943108,184.47380966854115,182.0059575620992,185.62003784473228,192.910859797551,190.00772912338212,175.3778220308748,180.9068105414682,177.3066176390624,193.71439511480907,186.7257731531311,192.48931096197052,179.14326373907483,186.81884974367418,186.2657668634862,193.97573832499268,175.9932253324478,163.07877133971314,203.13491058249127,175.96115104324386,174.95773439069723,191.33921747058528,165.84877580192145,144.7652303435836,115.97233643650173,192.7486233145171,190.13485508409198,183.64519386786503,200.6526044237801,164.19851169089918,192.57682663955407,203.32381404309288,180.0395518834238,188.62601594472918,189.47342577519217,178.74747111627585,182.67316311268874,172.9700359461076,179.96517915601913,172.73659539730863,178.499751636994,177.00494664566995,179.05405820843924,179.13542808885663,175.17893924052092,196.7810370111225,174.33471979713553
1610555971.86O0cHB2ibBJ8jxoObg01EpGe8VVV5mpwn,129.06843348107606,183.47905271925163,131.1734463163273,173.5756662822248,149.3219910321055,105.26904444668754,142.1109434839604,130.45789637952856,121.71404321987951,186.95677264788762,186.5350462668749,180.91892979519275,205.58503865009456,135.32741974076833,183.0214754535089,181.7592595725031,195.7211254346304,180.82084548977716,0.0,171.7214444151765,187.17490874910274,179.35983901438564,159.91074759569094,129.70611312337962,172.35720588475468,124.90152154166177,150.91631540367266,184.23551619021075,195.18403525410153,136.67847537401826,176.61617397280065,136.83620076838693,204.07415509293492,191.55491273443295,183.060757856983,179.96910628140571,185.4781582869172,189.49764617525017,186.18520772078125,175.06179850545809,184.60232320969965,194.54881004348564,179.79690896832628,169.69768399486165,184.83531458086964,185.85031856422168,169.95348889108948,155.10373801493648,184.48794982668443,180.9928235417007,166.07586806947933,146.20414070590562,187.99736436087164,197.31355508561558,172.31878411790927,165.38429027334593,175.64218031607805,177.57102235134428,160.53161560269172,139.48812844508743,186.7341149198679,200.39777542033286,191.1566921055372,178.94127173275663,182.89252476549638,198.15817308405062,171.99461997408739,184.09672338650117
1610556911.51zU3duZSGpcw1BDNsBLxdOCITAXwl6z3i,143.314152251215,169.8851437075715,141.9360609147286,159.94059324254877,150.15904005753205,171.1385895416113,159.7368213509075,145.52174367014797,150.0103640207815,165.2402934159344,188.32145077723567,151.36553043258792,180.8813556278899,153.18867797216856,184.00259986836105,128.56083103613258,202.52338211480853,182.46483254850298,171.7214444151765,0.0,161.89339804531306,193.16957730508176,152.20363869643182,144.394045216038,175.70549472823876,179.91202508974118,146.4425640953317,161.57977876407833,164.84737111670134,160.92564926159292,149.4410923016507,171.07509781103454,166.31837468499398,146.0784055280085,145.65246409508632,156.5652097198562,138.52647533998834,145.15410490558543,176.8635297886539,185.78517564824259,149.30520123896287,186.6129480412827,175.00163420411434,158.79106120976212,171.1720187895164,188.87129380201577,165.7789167724139,149.335848255659,158.59486475062369,182.74651589399411,143.66032581557218,161.4241381216135,180.14529977885766,188.40209661443555,127.53887271888514,171.28456788308952,173.76671492799113,135.2249364656615,144.18296012018095,180.41939190513094,194.3868803844589,199.7299913541779,142.97099193900203,202.9247226003466,143.18247822241312,201.6659194566873,171.09427850770388,188.50544467533723
1610555988.71dMoYT8250UHHJGxgmITTmbHe7V6gH1yU,181.76937263882996,193.45793633822768,183.84430634074664,174.09611887229156,189.9984481117724,187.9908462177617,198.89183947503474,181.99662725848077,179.37809570999926,205.0877757951919,183.16021421797743,104.77702714455495,221.80494683073306,186.75229307577538,189.8377828297088,165.7248851448558,189.17610688616264,170.79688733025566,187.17490874910274,161.89339804531306,0.0,158.33192559327233,192.85908495312964,180.8458747821192,190.4645331129076,189.99283260762255,186.42128820346235,150.67690040163345,183.00763638177114,199.0380945417287,190.82261204121212,198.38046411526034,209.34983229050036,182.41877367976937,145.177325651887,156.05683831397914,180.01254121130282,181.14703719640693,188.85047682378843,196.19324300852026,177.88324112769482,159.9691265822304,185.776329456229,160.16879225903932,184.834616325495,185.62654409237496,183.0568283154794,173.92120806788225,194.47969345359928,187.53663344141862,136.89964964517142,179.2797844339586,199.26546491243522,190.47001154846345,177.13253715824067,190.5845837135397,184.63661606656177,144.82542824939011,158.8315357029619,196.58411631958202,188.2607465746177,198.45524693253444,173.52405163717086,196.7270106347359,177.42610078781883,191.9241881260003,182.07834305472772,185.8936168195542
1610556042.81mlUZsSp7gbGjrp8jQSnybT1gPy6e62o1,194.3491454674285,176.41476313377683,195.13846372868474,177.85904675267298,191.72804138620572,184.05543480160554,188.29853267465597,193.72949647787394,194.13251216698956,217.4754126978994,171.34691001468758,145.03471776726735,225.71610623525297,192.54664125698642,190.0983412807692,194.5712677271921,173.937928214409,157.6302516943108,179.35983901438564,193.16957730508176,158.33192559327233,0.0,182.8098307454449,193.83292215135003,185.32182534190792,183.2428109270686,197.54692164664078,170.75227273121484,194.81642350750266,174.37469991835337,209.71540416772353,169.25112863102765,222.43881205772612,198.35023812184295,184.762714849283,179.6166687324715,204.80796847530684,194.80970618801433,185.1066198721385,203.01785887910162,199.73789315011217,170.1736268990712,199.58652003812963,179.14974645709108,170.20267383878974,169.6934724570029,201.8795371629351,190.6459877978143,199.95623957194852,191.5992397807192,168.36269684061315,192.32226835576864,211.1163286761622,189.98563206918607,203.53787459166523,184.19852468259734,180.6611385459703,179.34305489996814,182.15860770339404,158.7114745149516,169.10322560259942,191.96625827096392,191.24335281244117,176.33657715459546,191.33354965551467,171.3048685221614,191.27891000629188,171.97995389565583
1610555637.02UBW5nKvDyUrKnaWcYRGajZPxTRDS0q3N,140.65114932089426,168.26351997721724,139.61300269257075,172.37622495721504,119.54139448634854,156.58461669247475,136.95473259612697,143.42660191740256,145.77440282807032,159.3104025318697,182.36721959782423,184.27565411376557,189.23423042713216,147.434030611653,185.5821496941527,160.0112991311749,194.38515786121255,184.47380966854115,159.91074759569094,152.20363869643182,192.85908495312964,182.8098307454449,0.0,141.41197185363066,141.61408797861898,166.15328513947202,113.03790756362726,188.37425895235677,181.3015813226628,113.15269067751218,147.46797353852878,118.97808055659755,178.4396895580781,171.1744522740774,172.58799551009213,175.88771141728094,163.49989518085238,157.12112953766422,163.31852002550661,185.92729511930418,169.9242089288363,197.9877556770776,175.54123714767226,184.42904468094844,178.93242267259484,180.24522959687795,157.61707054786618,154.25514276708677,142.42184172894716,160.2249040960597,170.25112045521936,143.69102840937194,178.3071689082914,188.70229315047942,145.96024952556942,111.05686970882182,163.34507845510365,165.4889201415965,164.60433730040393,134.77702408560992,187.67098689440235,198.9357397887561,158.27275031390965,185.7306507379042,146.37991474882352,195.33739231031424,169.42369728861465,186.99745324030457
1610555619.13oUYNikU4facCTpUSiSLr0vPI0tJLnXiT,53.87234424728387,179.75368736920728,61.56563933874401,165.4920283316219,125.10055734961014,150.47481084203082,115.47820932889333,57.6350623794298,99.89158610208955,160.14554315476644,191.25111581249698,168.8256348952591,188.74600022649216,87.45494821240666,175.74317360529386,156.37026579914533,201.4686567205729,182.0059575620992,129.70611312337962,144.394045216038,180.8458747821192,193.83292215135003,141.41197185363066,0.0,164.69939276395556,156.00327116917848,130.9432014081752,172.11145473321943,177.09706138922587,133.6541249918452,149.72863977540646,145.9382332443484,180.00170895654696,168.4571095638867,165.04873660713235,167.19034214412946,162.07126626864192,164.18626856862633,179.47169079885782,166.11651156752944,164.46981533429764,190.65564879689438,164.89404438114408,160.24134060692927,184.94627589159856,190.1523704702392,162.24172105556877,143.09232551178977,156.36170154789806,174.8067172452895,143.38452266228947,139.10526401298185,175.76701838655933,193.80243402213904,143.89504488656058,155.99052624294427,159.891794083107,161.49154150724672,138.97596924101242,155.4385511218761,191.7669243379931,202.069126485385,166.23938457218028,189.763016758822,155.122079139015,200.28960169817861,164.01262356378976,185.94071243036765
1610555721.03nzkucfjAUh31zTbmCVvTVYqtjoxZFnBh,164.93885915251968,178.1736518752951,163.78420926807019,188.03618597381967,162.46351413870767,164.79039528391704,170.77907221616232,165.9991553225274,167.79749359338302,178.96841131248848,177.44156121701315,186.57213187639212,205.50493794972888,168.05970985116699,188.02190224979475,177.4872802338466,181.21346381595765,185.62003784473228,172.35720588475468,175.70549472823876,190.4645331129076,185.32182534190792,141.61408797861898,164.69939276395556,0.0,172.84941304432732,165.94166699547876,187.17301272699478,194.14701286015017,158.8172462517804,173.58733005872904,157.98515264195362,195.32684475860378,184.92760200317244,179.09509370740506,185.41151421511023,178.83379643141345,173.00894199704192,156.17180469752003,181.9580621595208,189.71490258997028,189.4926363584934,178.3203739395442,189.04761480602573,181.23059433821558,164.89852206600114,174.31512663709998,153.74815044389524,162.92912884421415,178.32223338523167,174.38139966526933,162.75870604521816,180.52396437231,192.9930578905533,170.1693898940924,132.31827340429666,145.09475016036993,173.48122307451823,171.96958642083027,140.56904499647933,180.72709960801038,188.57976739647754,174.32226672152308,169.861944980868,167.9042545775537,186.46437513507632,169.43241928669758,184.2429193372875
1610555722.67fhKURdXVzRbLIjXmjRwdJHTnE7PWb1AE,158.35503212020893,193.1660777447556,157.57265208599256,189.37813448606457,172.75933824552416,81.64892669342564,162.66941299480982,155.89515931707066,156.41604411834825,197.19709380371603,189.69464175338337,187.1051167599568,214.23932471199288,156.42495759545656,188.00965426766038,189.71255074642406,192.78785020405405,192.910859797551,124.90152154166177,179.91202508974118,189.99283260762255,183.2428109270686,166.15328513947202,156.00327116917848,172.84941304432732,0.0,166.56806753227343,189.17677431554833,196.55066161587513,153.45238064325505,187.05288761762026,148.26466998245579,211.95657322452504,199.86582334796077,190.9567426434222,178.85857735584068,191.8156206980985,198.21787663552143,186.95173569530974,183.79258458945597,197.64235724392893,193.41612086608907,185.88090169228445,177.41779267020746,188.8899437151478,186.00202921296116,161.01775372302066,162.42128075527802,195.552853079586,184.39691645028412,172.67844343299797,158.3380253367159,187.9737663799957,196.95006600252088,181.11442146952936,156.25679369300528,181.03543008459198,182.8532318242863,169.0453595691081,140.78118617265278,187.3467777855577,199.28284565155116,198.48892144327937,177.66209561610052,194.77918732643624,197.1398403187495,181.64095702344244,187.15876361605197
1610555638.39J2ZWBLuLTHP0jOlzB4tNHmYeijH5g5YJ,130.9943265706791,181.97369760640893,129.39539256415833,160.71722990548642,117.81393429887595,157.60985660920082,137.4268360513957,133.19987968352189,133.83349935843603,162.91927325382088,185.22275568379635,178.71638335835877,191.83762257631514,140.189049560418,182.70107548795616,153.17300776641142,199.41567017428972,190.00772912338212,150.91631540367266,146.4425640953317,186.42128820346235,197.54692164664078,113.03790756362726,130.9432014081752,165.94166699547876,166.56806753227343,0.0,181.5980657542909,184.04988246530135,137.99253243329986,133.95585790519365,141.18920075000298,182.07074974676038,171.3099172388893,169.09325800822504,170.91719759429552,159.3217524015141,166.57679856145103,179.88290517093665,173.0120177048945,154.88268944733727,195.47482870272526,163.4559770622853,179.01855339227566,186.9215884476628,194.89992024542718,152.96536238002108,148.7513697632326,157.66949880721626,141.275555691047,160.28272945226848,130.45167979283468,178.11390904130064,196.41706918385663,142.69595024809044,148.46209322887285,172.1802824466556,161.259604726958,155.17102177882484,160.25787574332298,193.0387656415496,200.20500725139928,165.7530302145017,193.2495755139498,155.65571437563923,205.09957378345314,146.28144920563673,190.11864338795326
1610556032.17Q6yCDx9g7alRnL9jBFXD2JhhUyB2hKfJ,172.29205565309292,179.40710434087148,172.06123593607492,164.6466304011769,181.3298609433372,186.38448117899273,183.64343112636436,172.69043757474978,174.79500844734196,195.9816688547713,180.3689409083355,141.65796047014328,211.8808775415356,177.60156193803905,197.8590381374454,161.04364412008303,189.5420921132758,175.3778220308748,184.23551619021075,161.57977876407833,150.67690040163345,170.75227273121484,188.37425895235677,172.11145473321943,187.17301272699478,189.17677431554833,181.5980657542909,0.0,176.6940930835034,189.74208296941114,189.72840970728473,192.5357686775451,200.45522608779734,152.69773062383976,167.54060964075256,161.80193186665494,182.18956205879243,162.9946545519664,180.20053105209433,184.13415781114097,185.64366497578487,156.63997803398001,182.90172715814302,148.20994704556307,186.2064128177533,180.1873707318594,184.10698282417596,176.68616674432474,186.3054051169554,185.43618139816522,144.82396185680764,180.7395110085453,182.4876693764722,189.27180476988144,177.056737016037,191.47967017919174,180.79795615546735,145.30071445351413,146.77199592031639,192.60958905163994,178.31861720706343,198.78144943753193,165.40777611150773,185.40691126116562,168.51878495893862,187.13606909161874,181.38758863407637,174.91364136744616
