,1610555604.25mOvVXuL01OCiReyVWBfesjuvXmB3MoPy,1610555605.43B6oDsBtWRQ29Q9UMQuTUEPZy3FSSWXzc,1610555610.92HPGJJSmyPM40z7otPBgHalNrHFA7zk5d,1610555606.68LaSQbm9EHAFycEfFtEqAwYqlBsQPjIRW,1610555617.19EKxMEwDHfXiEJZc27TsGoERaD6Da4BZU,1610555722.52PJ3FD50MGhRXyUD28vluU8Z9UjLJLZn4,1610555617.52Ijr5puT55g9apK8auM7zaxa3NANg502t,1610555638.77ZLjTLkz4jYJdFMI2wWBztzsDILkoOtAk,1610556912.46C7tJPLF0XfNnm8f1820X9aLmXMHoc0Dw,1610555617.51LjzIROg0aeCP2GhDcAVQ0LipKJB9jmKc,1610555608.17OpjjHobqRkX0UPcaXrbu7K6L3805SZri,1610555721.82zWeNZfGUUfRJkgnAwlP8VMhPzXctnSd4,1610555735.75bom85BDF0C7W2eIseHeMxi24qR68nzMi,1610555735.77NnT5xqKnwcf2BbjIekeb2arTQj6QMNwk,1610555638.33wjf1PhdNaoWfbRzXVn50hmFyB5bYAiLV,1610555606.65jCE4ig8Pu8kvAzkxnSGfWsV0nQBjCf8H,1610555608.18ONsBCVo1i7BrX0XG9stct4oiA6ejX9Oz,1610555721.51RNoQUMP19FTMS79BmA3JkgSm2IC2AQuQ,1610555971.86O0cHB2ibBJ8jxoObg01EpGe8VVV5mpwn,1610556911.51zU3duZSGpcw1BDNsBLxdOCITAXwl6z3i,1610555988.71dMoYT8250UHHJGxgmITTmbHe7V6gH1yU,1610556042.81mlUZsSp7gbGjrp8jQSnybT1gPy6e62o1,1610555637.02UBW5nKvDyUrKnaWcYRGajZPxTRDS0q3N,1610555619.13oUYNikU4facCTpUSiSLr0vPI0tJLnXiT,1610555721.03nzkucfjAUh31zTbmCVvTVYqtjoxZFnBh,1610555722.67fhKURdXVzRbLIjXmjRwdJHTnE7PWb1AE,1610555638.39J2ZWBLuLTHP0jOlzB4tNHmYeijH5g5YJ,1610556032.17Q6yCDx9g7alRnL9jBFXD2JhhUyB2hKfJ,1610557007.49MyVgDnuUuBxrvL6SGOdhKf69VYlW1MSm,1610555638.44hjT5hbYdKoE3MB6hijrjqbjmLgvCUYKD,1610555608.13zUvmFSCRt6SsLbhqFznMEvGx54GPGQzM,1610556038.62a5C4ynd1AARyAhTv8a58NCqHvXRjscqH,1610555644.45Xse8u7pusHNsd7F3d0A32HXvXr6weOJE,1610556038.62gKXOCG7XCn55eJvyl5voNjbwOW0znQDq,1610555987.13v0oleKK97pkesp6oMgprH8SoSdoDVdIO,1610556964.96ZLLeiQW0qpmxhPGTg7K03fmzkqsC2bjC,1610555987.13VQlEedQ50VvkPMEMzZDv3KNnQCewykN9,1610555982.186TY6MMGkDecIN1woW6vsfAMXVV7jnyjO,1610555982.673LuMndkwkvdmZOn0MmE2Pkidx0FtNalb,1610555733.38zItcuH7gHNfKdALR2d9Nek6bxCyw36Vm,1610556034.15BQxSbZINGCay0yp6RBVlgcPrw76Yn9ON,1610555639.37BPZpgtGml8qUsh9AdV4m32jPLfI2aNFq,1610556965.57S0adAalhWYe6K3bkZU0bRHbqnDK8gGkR,1610555983.54zteLPCMjyrjzPdhHhlZr3faCgD0TfYr3,1610555987.79rHnNRmt9a0ufmnwCvZqBouyUoZDNpylW,1610556960.041xWER61rmArlsKfiMl4frikWmUCnQ7op,1610556035.13a7NHZDutfTMJ88qle1gTYY59Dr4WmMsj,1610556890.456ZBDaY16bMtrTZTqAgHl3wq1tRxzqDow,1610555760.24e6890pkbyZ97Or6croI1rQgjkSsR0yVt,1610556043.02YpWMIJg3W004iqlPyv8OcVAZdSC5rNYw,1610555987.03z05P26TLtONYM1HSzupoc2CeNMa6HTqr,1610556032.15OYCzUxpsz7b10AXBAuDXrvEcvxFhf0M7,1610556032.63Z80yI9pNwS3jSmsDABbuhf8wkNa2Ze9y,1610555736.28eGuESasTXdR3SqY6pHhEXWZtcdciYLCO,1610556034.61bebeZA0MkaFG2sm3VKiqrxeqQginTTW0,1610556944.5XwXOphKYT3ZkWA8gViqOS97VHVuMVUqb,1610556944.745UVLFBzf7fPh4UH37I6tYQOFPqRDytEh,1610556034.63XsUwaFaPZevO1JNFjfhvY4aKNFnV4noV,1610556964.89xwBHw9faT1HjQRMNQEyA4qJ3hWkwgj3k,1610556966.74DydzH91jtyvRyYau47JpVkZoMRSNTt01,1610555740.77UueVziDbaXyRR4OcVJIIZyzOfAzN51bj,1610556046.84e3vwjyRCzqz0wJQhrk8zsxlFfFSv98Df,1610556137.99eoPuVrDThKAOvmeprLPb2FWRqIhzUodc,1610555740.73XFwSrmTXJPlaxGZSefh0jOVA8PI3III1,1610556123.88AOfNaz9jSnqU5Czc7okOv1RCrYfKFBTo,1610556046.85nB7NvyoYQeLcOV391Lmmut1wAM8CFGLw,1610556123.89H4pdIAzDthI7bMXMhlIhKUYIQIvtmPPQ,1610555740.87GOYQUJKpkynIS2lFqppYK4b32ol7NeGh
1610555604.25mOvVXuL01OCiReyVWBfesjuvXmB3MoPy,0.0,813.9196757669708,177.764147363781,784.4240705616793,494.39770531878816,623.6495515737803,490.4345462803472,256.7554723544233,354.0454129965496,1020.1389674314421,797.1211320456684,810.646612733687,1036.2869795027098,335.08694270415043,784.9829707838124,843.2067039963647,810.3727142478696,748.165655411732,446.1105256185609,752.5430844687521,816.2342903689441,788.6536550721929,611.4376970617667,252.05947510905807,594.6344731611755,638.0240783737827,545.4385756796321,819.3027483448953,979.1269918619274,552.4961892358483,792.9962802259093,419.5680650317785,1045.1743501755998,869.2025774435267,792.0137253742212,789.3071936558052,784.5364310194135,851.4632345931091,880.5821252027724,834.3945679227248,804.0705389922341,780.6448075136858,805.6221965082502,794.288148287636,786.2320364979249,789.5974767574061,842.7421247218766,641.1859812934402,854.3875114477771,714.2046740272076,795.1066810690336,501.05837365741996,838.4017320254446,851.6334212244232,702.5688633152473,559.5229157954218,631.7312455006572,822.7965146750633,612.5867883012999,453.24310761277354,819.2276675366596,794.0993242784982,864.8193479395625,725.6951734261165,833.164531259516,817.1654983110324,639.9441759586656,830.8891926535933
1610555605.43B6oDsBtWRQ29Q9UMQuTUEPZy3FSSWXzc,813.9196757669708,0.0,812.1279289601904,431.06486605838325,735.3695540588493,879.9808556996375,661.3495950568508,824.7453692247558,808.9918430604722,810.3173756578401,554.139741503569,780.8997832085549,771.8439393131017,809.7059150332626,765.0323723813841,570.1722339855334,753.2529647334006,621.6264083669165,782.7087194157453,751.6587850863918,798.1010510110369,725.6746690654054,671.0260303500987,822.4572092413003,782.5352694845511,885.7652640911155,736.8361685224088,793.0272483699987,770.6691904111468,639.2527101667266,787.626021594602,822.530785906355,814.6868285245384,577.5955112990141,770.5711596471716,774.5163286173342,729.1876576364376,477.7979402358034,541.6608779694826,1053.9957157329097,626.8253500731015,713.0629592863712,798.7077565155197,767.6073955984807,560.590901159864,679.5774114273318,864.7328749714608,923.3490637929411,614.9480260460354,805.6444771736294,799.0490927244518,822.9131000004489,740.9116070873841,411.0311459411319,701.2860590336537,823.7966191451009,730.5499500456809,819.3675116092628,894.6047762089024,794.0705870270411,760.0094881885698,693.5073890399452,572.2076065785427,745.9443697703308,568.9815940980448,764.5473689320166,764.356344248955,777.2298379130707
1610555610.92HPGJJSmyPM40z7otPBgHalNrHFA7zk5d,177.764147363781,812.1279289601904,0.0,788.4023910379029,508.0515076165517,635.0431689512515,488.0072301864706,251.09571705096272,379.08197139782493,1027.5158687282237,798.6096404652726,817.3939338837712,1042.7485577357502,339.41293395983905,786.6428464038128,857.5876269538658,806.8146201700405,727.8845551428016,457.14887279554,772.9704651365782,820.792641892108,787.8852959224713,634.7429566724929,253.33266480434918,601.8127336273247,651.1834011938686,565.5982146723551,823.3991966942197,969.6813097310708,562.9401058113307,805.0923354056605,443.20195891867473,1052.2969300826946,883.5796710611562,796.3738651095728,794.9540422127378,799.7356411414719,864.0494051906021,898.6180654652441,848.67364533228,806.5460252354509,783.3387332364258,809.2710236882368,799.7675009912028,789.0252549702099,789.1897930655299,855.2770756590372,663.0436537896303,861.8613679958116,720.4165489047037,801.2389707113344,516.7432625835725,860.8093759351569,861.7573902070534,719.0659259133059,567.3425506765033,631.8435522353748,822.6207429165298,634.3386488781597,465.29196433971777,820.250060991192,796.0918040348485,873.1359426661687,723.6810951950331,837.3030774443647,819.3820257870192,644.6059580834348,834.5739797579296
1610555606.68LaSQbm9EHAFycEfFtEqAwYqlBsQPjIRW,784.4240705616793,431.06486605838325,788.4023910379029,0.0,696.7856113522655,821.1564490526441,638.4576300692324,760.7538911215847,732.0260251340944,910.3915006594759,394.61544567576095,702.4215509784115,905.6265450220856,743.7185476762054,696.1457224919908,537.9183066323907,648.1122146939457,638.882624615461,697.2394964119893,685.6291608756821,712.4168439657993,639.0769006461085,635.8896574631444,759.5388418115932,716.8718980335213,825.6003694228056,694.6010661935384,709.0598364474735,844.2850560654027,599.4435770561478,789.4856319411506,756.3804853315852,920.7045104711624,559.8538930032405,665.7317561950684,661.1179155789893,646.3377417948986,495.00534005222977,591.8312884302317,1014.2656632990258,486.18288276759915,619.7431860073423,705.0850996566546,680.0575358790444,483.18972854025606,615.7355369264914,798.1022625112837,860.7152538059623,685.4902395368537,720.1020480463136,701.6329056574116,749.2850090371296,690.0078149796424,449.28035533811175,632.3224091719853,754.041512998994,629.5398499288038,725.4949764699252,832.6107756677463,725.0916689611357,690.1225976300008,627.7208605161561,625.3685169857512,669.1885140862029,643.0227913854885,690.1416769847823,658.0761388534366,711.0689052000367
1610555617.19EKxMEwDHfXiEJZc27TsGoERaD6Da4BZU,494.39770531878816,735.3695540588493,508.0515076165517,696.7856113522655,0.0,666.7394725458747,386.4140360602274,525.1409641404676,498.98478411418154,894.374336150955,718.9062858219902,781.197255932518,970.0688174974847,530.8744814163737,829.8345402226958,698.7223426750553,859.9604908295353,802.0947142250695,547.1803560416188,606.9173783386424,780.9384349460605,833.3332332329543,377.37564017652863,520.9365231798207,559.7885256731306,681.7177736190949,312.81519647268254,783.2568917716187,979.7793846248388,446.9031088827127,687.8951616920199,540.2590545827625,919.5112249826218,723.5387346622449,757.447573768348,759.1121723289212,615.3980863873782,698.2176663259187,717.9262384973609,796.4526535770799,629.059011544554,747.2353350183338,773.4426514228268,771.9843644191999,825.7194199274523,834.0181914356946,811.790628297436,633.4319480846766,721.534680978531,684.4672873121086,775.9253486826686,495.38243795495623,706.9277494250982,791.0538322632857,555.4366372868583,516.7699620563967,688.0046333064646,786.9003034661133,608.4828320322874,565.8042127982677,849.2988345089032,830.7421193255211,715.1435809749688,781.5373735243395,689.5590019889465,848.8527677008947,717.6543474974882,847.5969311675858
1610555722.52PJ3FD50MGhRXyUD28vluU8Z9UjLJLZn4,623.6495515737803,879.9808556996375,635.0431689512515,821.1564490526441,666.7394725458747,0.0,663.9566234170936,604.553200853311,580.6258734018908,1115.5599879559904,829.0737131766953,636.8003989390289,1121.1063759219085,600.7976069946579,837.4434544357401,780.6924524001903,851.4705532599324,841.0448182667149,506.2196587841906,626.3709994879349,631.4648814367129,829.9904476333741,692.1878894538368,602.826656445006,642.069421865878,178.03808034076383,689.5930831822133,631.7527605096044,955.4443556622177,657.6506529010117,914.3187220521568,572.9190656394375,1132.1043120750478,798.2768891584143,713.2543475610261,713.1285956291244,621.855863580649,890.7775032568634,933.6075715599534,801.3648923583341,833.5998417709839,794.570077987333,858.431578235725,651.0580908623594,822.440640487215,809.6477238589058,636.1290806916886,443.4696395828556,961.4818146779961,759.5964332646284,620.976317341037,609.4604766466975,769.4297398832992,877.1173623796819,658.3719353777958,597.4725504550355,683.9179463583038,633.4369946650488,436.04800688625255,579.6131744872541,839.8469116656839,821.8333366456809,852.3116540465063,757.4895991277609,955.2374185429551,857.3432110051101,694.225588506864,849.0529079816394
1610555617.52Ijr5puT55g9apK8auM7zaxa3NANg502t,490.4345462803472,661.3495950568508,488.0072301864706,638.4576300692324,386.4140360602274,663.9566234170936,0.0,504.5813483847791,519.738805743207,902.2293012002596,710.4631985647101,853.2661847364154,910.1542016890013,490.72543833389557,834.623169549097,712.9347994952346,859.884178551409,803.9725392347987,544.5501342222409,636.9673309373458,855.157448699288,834.6462916978312,442.66162724218674,498.93293216950815,660.1270550786868,675.7657079408052,480.7684480167761,855.5074044349318,965.0248958389865,290.3050507388104,692.1360553630451,537.4416605409997,927.5116804243129,731.1002424245818,840.1627642570928,834.4655719242887,667.8278866233308,709.4268482104969,726.472471721796,870.8712135728831,728.0738051305085,823.2258562768774,863.0577311777774,847.2127042066296,758.9297427701413,836.9695701312986,888.2157557418668,712.6332467558598,729.4921482138329,788.0750602307204,846.8956154686265,591.0097225523072,687.0299381733441,717.41583771581,565.7888072548415,634.1574563266404,702.353706309127,851.8865698443894,675.5135989958897,534.7517196250625,847.4977539835895,829.4672746104568,723.5763230869284,774.8074236676385,707.8733565750038,847.2182818066725,730.6304352683566,842.5103142453521
1610555638.77ZLjTLkz4jYJdFMI2wWBztzsDILkoOtAk,256.7554723544233,824.7453692247558,251.09571705096272,760.7538911215847,525.1409641404676,604.553200853311,504.5813483847791,0.0,307.9117128054373,1072.1476462844823,758.1347061288677,782.3665963500122,1086.4164272698454,228.25204630602724,744.5378011402115,836.4110465318141,765.0847577250418,757.0189172650704,403.10124693913446,757.0364765942566,784.8627786993457,742.7650637801288,618.7853674758284,107.39610415049707,558.8584023468431,618.9503360563544,569.5794651316805,793.3557362442951,992.0520177485269,543.305035253837,791.3868383421596,384.367931948309,1094.3455534422449,864.449731170372,759.8582577253126,759.4771471304794,770.3289229679118,840.0409065493669,880.3249640729606,828.836729506229,769.8593501051355,741.4279045775901,772.8096447759979,767.337662881964,749.2837178402017,745.5335272898456,826.748827835577,642.5705924731193,901.4970232558904,684.1512063561619,768.8871967489604,470.8893784904891,847.3588081748543,827.0415655041493,699.6907959266001,525.515267797549,580.6863117441436,787.8867950512127,609.5095351152625,400.4169872025872,781.1872493322769,751.0623370216097,885.0517439325349,679.0447165917158,876.03882831078,779.9830198961085,601.5940127122705,799.8962381994264
1610556912.46C7tJPLF0XfNnm8f1820X9aLmXMHoc0Dw,354.0454129965496,808.9918430604722,379.08197139782493,732.0260251340944,498.98478411418154,580.6258734018908,519.738805743207,307.9117128054373,0.0,1085.1248701004113,720.618895748623,747.8967509956731,1107.594638703746,296.5904532786537,708.7586686836842,815.7697839907228,731.2724077386855,731.3695839469515,329.1930207819134,753.9952070335048,747.0920127263382,703.340588068404,608.0741891815454,305.2100210497325,509.6744454000901,589.1579767382264,567.5441028674235,758.3704349291164,965.0796874751516,546.0839644107787,772.860460693095,350.2937639230961,1106.0722613418495,838.5246468480467,714.4955438450146,718.3845557179212,745.8033402702636,809.6326908745763,871.6751081806457,816.3937959719648,729.5651762330642,694.7448409702786,728.0496427157817,732.5503030068643,713.0698833038346,707.0202190714841,801.2962693203372,639.4781364831749,912.0045288837707,633.8871571471847,738.4090392535953,445.6550314558582,849.1746055278555,796.4107820203103,701.5164697879097,473.6198221257478,530.7556009248262,749.7336008714091,603.3465365679846,358.53376106349447,749.8838113530173,714.8309954818512,874.5069576665782,643.9146734042284,882.0661053585973,743.0787370175373,555.0713796356054,770.3420798455452
1610555617.51LjzIROg0aeCP2GhDcAVQ0LipKJB9jmKc,1020.1389674314421,810.3173756578401,1027.5158687282237,910.3915006594759,894.374336150955,1115.5599879559904,902.2293012002596,1072.1476462844823,1085.1248701004113,0.0,1021.9488903174404,1056.5041153159464,571.2757755534336,1085.4468159804471,1106.1828466812049,812.1671514298849,1158.2159658761466,1069.2220905259665,1100.7259703207571,876.7797573759748,1059.737675981222,1137.1770143879473,825.3322547489464,1069.0592401716926,1041.378467189756,1117.107223414276,876.0259259143598,1056.8095976898576,821.4186640562202,903.9719735931045,810.5788305099786,1106.7842231173374,304.71664357441557,819.3037011473755,1052.4138541998566,1035.5037438603367,921.9611969059072,781.0162236473625,750.4540484221136,1001.7547393684581,946.9138001633867,1053.2788713099046,1005.6590763288764,1060.5906333957525,1014.2047067193456,1119.354347120941,1031.7091773593274,1048.7003349363326,604.4211891702957,1037.1776530190257,1052.4585075805624,1031.548069111763,868.1578066320304,902.7651144664443,883.4684550416949,1051.1438506270347,1124.6114400273989,1067.4556405976628,1048.9906761377365,1119.6631179898095,1140.3134687879608,1133.753167543957,735.6633631427978,1150.24081209263,654.8281284243831,1146.5505553437365,1122.0414006423011,1126.6685351452404
1610555608.17OpjjHobqRkX0UPcaXrbu7K6L3805SZri,797.1211320456684,554.139741503569,798.6096404652726,394.61544567576095,718.9062858219902,829.0737131766953,710.4631985647101,758.1347061288677,720.618895748623,1021.9488903174404,0.0,690.1532490953967,1024.1905336269133,728.9011451765322,613.2491017764877,647.4676756638202,446.02003128628843,539.1364733956474,671.0891965681801,786.3440976611475,686.8979386937046,500.918994958595,719.3250721464342,757.4801436718735,680.1603788459295,828.6248905962335,724.9496630747473,705.3586444443024,891.146051808858,688.482804375996,850.7977413462642,730.1347915763698,1038.226712299603,684.691508864259,635.5496151144189,630.877226771798,722.4000001532744,608.1210184316412,692.2821397964005,990.6457321058551,463.297388311868,550.9806691572832,666.5296642542787,671.7667709685675,530.3682176718636,493.399098350768,821.1494777688765,886.2633009042863,800.0878461151074,688.5880956369195,689.296400756201,750.67496380707,791.2850318460912,543.0756269739111,732.7079344952135,730.8152286492211,541.2243158560427,715.7729818009606,857.3796245109145,694.1844943363187,599.4379019010005,538.1186873082858,730.4732385406642,554.3876798103623,743.7294327596098,544.1486639374164,617.0056399944855,633.8048337342896
1610555721.82zWeNZfGUUfRJkgnAwlP8VMhPzXctnSd4,810.646612733687,780.8997832085549,817.3939338837712,702.4215509784115,781.197255932518,636.8003989390289,853.2661847364154,782.3665963500122,747.8967509956731,1056.5041153159464,690.1532490953967,0.0,1124.7441740233007,766.6843072334158,708.2622619027026,618.6737495260534,706.4753624123674,682.9909018158942,736.7493706751401,658.3458325275404,217.74987005647588,639.6780113419449,807.6273671169972,783.7219120115968,639.7484615683782,636.6550039134814,783.8797046028341,298.58867606920103,799.6696286064793,853.8589589930441,944.6689708315275,775.764737693176,1065.4066213153997,659.2334000538984,406.01429763701475,412.40219426144404,582.1010846836119,738.0331598799376,802.858845068458,870.5454213682,612.3063239950887,509.4987400664668,627.2063109414731,364.0300581121365,685.54188279716,675.2306614616357,465.0724787208134,596.1031435758429,876.3980813655746,634.2283998459076,278.93547680165545,682.9772355681181,789.5597481164889,762.0365726755563,708.6314399850806,686.1165494883543,669.9589858379894,351.94113565132136,566.2573722914419,759.113777083014,731.3882567594661,672.2898122886705,731.962972588193,702.479066444409,837.2615771093901,721.4066534182602,687.9223677656066,764.4326338201499
1610555735.75bom85BDF0C7W2eIseHeMxi24qR68nzMi,1036.2869795027098,771.8439393131017,1042.7485577357502,905.6265450220856,970.0688174974847,1121.1063759219085,910.1542016890013,1086.4164272698454,1107.594638703746,571.2757755534336,1024.1905336269133,1124.7441740233007,0.0,1101.1250990362269,1140.4300244598235,887.3467301445547,1163.7320503126518,1067.1672247006238,1112.0308227725116,941.8955394441915,1132.4633731407978,1146.9780134069574,904.0315136706415,1086.0978467384166,1120.7498755270594,1127.2682500858368,961.6403048104103,1132.746769828004,896.1267591175366,908.171506597814,891.5158073063508,1119.750809174569,503.14374440671145,883.1604934007544,1129.940412880967,1126.3768561483469,992.2250935063195,854.6857175805699,833.5873151670434,1113.8899904584657,1028.3428644868459,1130.0483685962272,1145.486060018336,1131.8992804089014,1028.4175756635339,1108.6034565637306,1138.9614326017297,1128.767314415433,742.3269372826256,1137.1269856815795,1126.371714207766,1116.301323705482,915.5370081317515,890.2372132186881,939.6937636263168,1131.7139198069956,1131.6627913489056,1141.3390923047862,1118.8405367747375,1130.5289626895228,1153.403595044178,1134.7953601305594,805.7553898871674,1156.8072059341603,765.148798389793,1146.9069625648897,1130.3150729939105,1138.3314717882345
1610555735.77NnT5xqKnwcf2BbjIekeb2arTQj6QMNwk,335.08694270415043,809.7059150332626,339.41293395983905,743.7185476762054,530.8744814163737,600.7976069946579,490.72543833389557,228.25204630602724,296.5904532786537,1085.4468159804471,728.9011451765322,766.6843072334158,1101.1250990362269,0.0,724.5822411862139,831.6841383984348,733.380306206779,727.2279229254858,378.8775112038112,771.640976918881,766.6687371190135,709.4469384516382,629.7780391517009,234.57318038265737,535.3048455513514,610.3598815834409,587.771166519244,773.9831862107364,982.3209647947028,545.1548715623508,785.9111745802259,382.1428735649546,1108.8360628352536,857.683765113486,736.2376081078102,738.057846021007,767.0474264000163,826.9935258511056,878.3013204685392,821.9656151336823,750.7731724640353,707.2431161679392,756.6742392601708,751.2001952187545,719.2975962312362,713.3275389362768,821.3474896384563,655.984744700945,907.1838692701976,668.3802047138145,754.5296038477557,462.80413555473973,851.2755463103236,803.7257132391154,708.2684860541627,511.53582331964344,548.181367020175,769.1397460997607,610.309418165031,365.154361609812,743.1013444979467,711.4248026107354,883.092908231984,638.1506302578465,880.2275178169846,742.9416002285401,572.0454297906091,760.547412333228
1610555638.33wjf1PhdNaoWfbRzXVn50hmFyB5bYAiLV,784.9829707838124,765.0323723813841,786.6428464038128,696.1457224919908,829.8345402226958,837.4434544357401,834.623169549097,744.5378011402115,708.7586686836842,1106.1828466812049,613.2491017764877,708.2622619027026,1140.4300244598235,724.5822411862139,0.0,824.8299954059755,559.1320141898066,598.0085527506058,691.3128453494122,908.0797577518316,705.385229861637,506.3554748964235,860.2437418138647,746.5735559279823,707.0703059872857,834.4557642140855,840.9297296072529,746.3591603846835,853.5447972338204,835.7682690079115,936.1079746715917,728.1314806773923,1109.2157084797652,879.634233519472,661.111573824675,648.0602901616627,827.6671187570734,832.5254509664226,902.2134785208608,940.1391759341395,658.6540748445718,624.0431247987314,517.9000344743877,719.8583916001818,572.2784364197822,587.2192606003363,833.9989490805449,881.9819834509397,1000.0416442358841,657.6550974448289,721.5118613693692,725.109930485638,974.6037024459283,732.2154423032481,854.9535332315639,729.005140226816,578.9277443966464,742.5638096128624,857.4568317553693,701.6620159687086,683.7270016435436,577.817087059752,909.6334164843037,626.7727149129615,935.3994747966655,543.2026245536456,663.4404342232685,730.55343590126
1610555606.65jCE4ig8Pu8kvAzkxnSGfWsV0nQBjCf8H,843.2067039963647,570.1722339855334,857.5876269538658,537.9183066323907,698.7223426750553,780.6924524001903,712.9347994952346,836.4110465318141,815.7697839907228,812.1671514298849,647.4676756638202,618.6737495260534,887.3467301445547,831.6841383984348,824.8299954059755,0.0,826.2016323301476,824.1466155600614,811.9837678988308,525.9945831194796,626.8236469467896,813.0852031052184,601.7213745637431,832.0454520591735,746.6854003132922,786.9313710086448,668.1276669340342,623.3922044254793,735.7217168994355,669.4173568520357,770.0734690803198,845.9367553710947,820.6507981722286,317.1791980072208,556.0987620933217,557.3182356631415,500.75544284187026,423.02788973443614,534.0167324751632,916.259159678225,553.747780147232,689.7218773130735,748.9928870408587,607.6636517402598,678.4101432436073,801.9153565890404,675.7080205203947,730.0047087200729,614.473255202803,746.180495151998,605.7644637835864,753.7059928001299,533.2741141633127,575.7622058427379,464.6447963818239,771.8917609782142,787.3375541289915,630.1654427565313,706.4964175298413,836.424215966723,826.4917981084012,792.0862270676024,408.1771561083439,827.2795545964839,578.016279374423,835.8444324338285,790.3454687939802,830.656355404827
1610555608.18ONsBCVo1i7BrX0XG9stct4oiA6ejX9Oz,810.3727142478696,753.2529647334006,806.8146201700405,648.1122146939457,859.9604908295353,851.4705532599324,859.884178551409,765.0847577250418,731.2724077386855,1158.2159658761466,446.02003128628843,706.4753624123674,1163.7320503126518,733.380306206779,559.1320141898066,826.2016323301476,0.0,478.60957944240084,685.0612664489981,932.6465986224212,697.3457058084853,382.36818360832456,883.143731447964,766.5952685948517,688.1242806227023,841.1205976699864,868.8019565937036,721.9960267782465,919.2446854267806,852.8977087927584,990.6671445682699,738.4133160845194,1178.286213718034,863.4030398997413,648.9209474037515,638.5346142986555,880.2203159055211,800.7083560498914,866.1068914863043,998.3846961306557,659.0017887133333,524.3237131506967,671.3952247927934,683.5898697280167,556.4484953820173,430.26285221703665,848.7726484266535,908.123884277414,949.545845274277,693.4155717648383,702.1802888405715,769.4165568026298,941.0102156998315,709.9352888595399,890.2522671730618,744.8773382120747,516.3136282034142,726.3951842191572,881.5896741490627,705.6039921738991,511.0123561383514,471.3944352707388,889.5372733551812,457.90794638364184,898.2811966868942,421.92007363185644,613.1351231959862,560.3744943735331
1610555721.51RNoQUMP19FTMS79BmA3JkgSm2IC2AQuQ,748.165655411732,621.6264083669165,727.8845551428016,638.882624615461,802.0947142250695,841.0448182667149,803.9725392347987,757.0189172650704,731.3695839469515,1069.2220905259665,539.1364733956474,682.9909018158942,1067.1672247006238,727.2279229254858,598.0085527506058,824.1466155600614,478.60957944240084,0.0,684.7105971054795,919.4230479711741,692.8718580754723,445.0599571053171,868.0747794017237,760.71892492576,686.102463299977,838.166636338521,837.8900016456064,703.5109013818287,843.3295325390899,840.2904634156982,972.5411785063499,740.6414752242907,1089.0207582459118,840.3911153798813,652.2076625947839,655.3181248248034,870.933573144337,788.3848153323099,852.5250299547846,1011.5638340930011,665.3652889747674,533.6482350415478,693.02678448499,668.9576524053736,547.262491741038,432.48215235767907,833.3620540491358,901.2142428613137,865.233184184106,706.3974510474774,697.5042071035126,766.3103061098951,934.7808468412753,688.8787747770098,879.5010563224723,744.2954693959376,542.5581052407816,731.177826741241,866.1500193011606,704.2166097195592,541.9699073848232,469.55765256797815,846.3664707737437,503.69901641043475,816.9844702956877,506.09871032053667,629.1223672279212,593.052127871847
1610555971.86O0cHB2ibBJ8jxoObg01EpGe8VVV5mpwn,446.1105256185609,782.7087194157453,457.14887279554,697.2394964119893,547.1803560416188,506.2196587841906,544.5501342222409,403.10124693913446,329.1930207819134,1100.7259703207571,671.0891965681801,736.7493706751401,1112.0308227725116,378.8775112038112,691.3128453494122,811.9837678988308,685.0612664489981,684.7105971054795,0.0,764.9852781872048,736.1904627609789,658.8664107390277,606.6749028751158,399.23827860598936,463.9218800170298,530.422003363808,577.6364622059112,737.0904762695229,959.2773966515035,539.3077582452089,795.1653915782766,354.00297607487124,1123.6628791155367,830.8906912377016,696.6093650809868,700.2473452993178,743.1349852102513,796.9283318335514,859.5334533806919,777.8621457895509,708.0283267025563,663.9294732502359,715.353352882592,704.8007672900943,675.5403844978981,656.9168578650017,792.6919595103416,627.9911395641676,913.2218969638898,605.2745100664204,722.2164103328557,433.3036482692648,832.2963904348984,772.2273704679723,702.3921571674324,433.9864365865439,475.32222671433516,741.0222142035155,600.7117778454232,338.4144325149529,704.3743725933983,671.4980041382514,868.9036643552599,577.4035839277175,879.2398717754328,695.7066879510676,494.79615130434405,722.922152198689
1610556911.51zU3duZSGpcw1BDNsBLxdOCITAXwl6z3i,752.5430844687521,751.6587850863918,772.9704651365782,685.6291608756821,606.9173783386424,626.3709994879349,636.9673309373458,757.0364765942566,753.9952070335048,876.7797573759748,786.3440976611475,658.3458325275404,941.8955394441915,771.640976918881,908.0797577518316,525.9945831194796,932.6465986224212,919.4230479711741,764.9852781872048,0.0,663.9039299354066,911.6612214873204,540.3280024153502,754.4075280748038,731.4101942296445,636.8307127280103,581.2959972519263,665.4071497521451,905.0229726114658,616.9345235098484,788.0914595331557,784.0587381227972,884.0363847981818,553.3855263424936,717.2444825624663,709.5180243407065,375.19862284430764,666.1507761091405,711.229741144925,877.6372921140398,701.1655665019339,811.7572940223397,860.3679925936021,683.6722387200721,810.8192548992798,907.68788381291,673.2918813234608,567.1589827420263,715.2044757791648,839.1527031807846,649.6004940940088,713.4242483439457,622.5712879221375,771.1977292108241,398.3928040777584,731.6347146085122,791.0329932079032,663.8178563158459,568.3057686373628,798.8250006862538,925.2880390739347,903.4839116357276,597.466816074469,924.7813116582926,705.6408185739153,932.6537086723371,860.769113010566,924.7037062927401
1610555988.71dMoYT8250UHHJGxgmITTmbHe7V6gH1yU,816.2342903689441,798.1010510110369,820.792641892108,712.4168439657993,780.9384349460605,631.4648814367129,855.157448699288,784.8627786993457,747.0920127263382,1059.737675981222,686.8979386937046,217.74987005647588,1132.4633731407978,766.6687371190135,705.385229861637,626.8236469467896,697.3457058084853,692.8718580754723,736.1904627609789,663.9039299354066,0.0,655.6045131880987,808.0550949146622,786.2944891725509,645.6348110283894,629.1942630067551,784.3095987634089,295.35627927438077,797.584544775369,857.3254029523973,946.7351790053058,780.5793839076064,1069.047803186759,672.2880855920765,403.579034151333,414.9111803551059,586.5490972309958,746.3844979486819,813.5613157447034,868.9177222473761,605.0588635818725,513.6677941878338,618.3456918187487,364.6003703055368,689.8718272516194,671.8508488233384,469.55437112668585,600.9708298491977,889.2676489823701,631.4233210185928,288.91886379380776,682.433176879513,798.1351152928382,779.94418142358,713.7543661640792,682.4196223091758,670.9994994892927,320.8317667280374,570.9636648612129,760.715792442824,725.583516383958,682.097838119919,741.5241840775695,704.6288020015,846.2524374179748,723.1150117486034,695.2878825536665,759.3329259447088
1610556042.81mlUZsSp7gbGjrp8jQSnybT1gPy6e62o1,788.6536550721929,725.6746690654054,787.8852959224713,639.0769006461085,833.3332332329543,829.9904476333741,834.6462916978312,742.7650637801288,703.340588068404,1137.1770143879473,500.918994958595,639.6780113419449,1146.9780134069574,709.4469384516382,506.3554748964235,813.0852031052184,382.36818360832456,445.0599571053171,658.8664107390277,911.6612214873204,655.6045131880987,0.0,861.342271172135,744.3239770198592,657.310347880741,823.7917237205552,849.7899429010114,680.6463068598282,901.2555372627551,830.3605414996931,978.2982674815338,703.3472047396613,1154.9012158826285,844.9238498880965,621.1843869041404,610.3530537067329,856.1157305323866,788.2203440002373,844.5790481327942,976.9435311612698,645.9793061018734,474.13721204904186,638.1062662483622,658.5610246311907,530.8630958065474,432.85237214765414,819.8388478040748,882.635307634473,935.9004983811784,657.6099614322611,670.625650048262,738.8884946082343,922.5554312610029,675.9278399095579,876.6165250984812,719.0119692940708,495.7981991590328,702.2640860403673,855.4430297661806,662.8352127349011,478.360852097425,420.6047950661465,880.3847056489179,411.35862673668737,884.3303942639836,387.680707565208,584.8768082800507,534.2190981114529
1610555637.02UBW5nKvDyUrKnaWcYRGajZPxTRDS0q3N,611.4376970617667,671.0260303500987,634.7429566724929,635.8896574631444,377.37564017652863,692.1878894538368,442.66162724218674,618.7853674758284,608.0741891815454,825.3322547489464,719.3250721464342,807.6273671169972,904.0315136706415,629.7780391517009,860.2437418138647,601.7213745637431,883.143731447964,868.0747794017237,606.6749028751158,540.3280024153502,808.0550949146622,861.342271172135,0.0,610.3746047614009,582.011395588734,710.8659789730972,355.07859489686103,808.1590203816836,940.4376358915471,371.9559301085834,632.072243279277,597.3487093103008,846.3244625100093,621.6428163897835,783.0172180940249,776.9375121879289,573.3717680699785,570.5662227856444,580.2494606090308,807.7709303183649,643.2153628472652,775.3733812827954,799.7794521414539,792.7793786948814,758.1373184140986,852.0044741249864,825.3424334683838,651.4989398936021,643.4498793447004,712.716759110239,800.5146137846555,543.7632471585711,613.080434061823,698.1718034452444,470.8576745573046,526.7035102253765,718.6666617165985,810.2184434376326,643.4710694169179,629.3701486710949,873.7240549206047,852.8860514568233,622.9670931710358,812.8294493866755,614.3573519479851,869.0452810591021,755.3585258596571,865.4704721842634
1610555619.13oUYNikU4facCTpUSiSLr0vPI0tJLnXiT,252.05947510905807,822.4572092413003,253.33266480434918,759.5388418115932,520.9365231798207,602.826656445006,498.93293216950815,107.39610415049707,305.2100210497325,1069.0592401716926,757.4801436718735,783.7219120115968,1086.0978467384166,234.57318038265737,746.5735559279823,832.0454520591735,766.5952685948517,760.71892492576,399.23827860598936,754.4075280748038,786.2944891725509,744.3239770198592,610.3746047614009,0.0,557.4675279195629,617.9046937958237,563.4416376861722,792.9730064734445,993.1186945748008,535.89794691578,788.5136629208328,383.04993040429827,1092.5338436301606,860.6216126443105,759.8383051684302,759.0028443891082,768.6883160483518,834.625932982945,871.7570721623664,825.0719975806568,769.1955629581591,740.5650639626367,774.0382178533483,766.5133842356314,747.8582854166549,747.9037664553721,827.8753018319255,640.3767628861395,897.2776988264005,684.7014445167504,768.9857471220904,467.773436900387,841.007690099817,822.4610635003068,694.9333831488108,523.0811710249154,581.1599775372238,788.4759051697581,607.0905294061095,399.7959018315625,778.7274537059416,749.4996663632182,880.6541142763579,677.4922406941732,870.966247954423,780.2077526740032,601.701583602996,796.8243775606908
1610555721.03nzkucfjAUh31zTbmCVvTVYqtjoxZFnBh,594.6344731611755,782.5352694845511,601.8127336273247,716.8718980335213,559.7885256731306,642.069421865878,660.1270550786868,558.8584023468431,509.6744454000901,1041.378467189756,680.1603788459295,639.7484615683782,1120.7498755270594,535.3048455513514,707.0703059872857,746.6854003132922,688.1242806227023,686.102463299977,463.9218800170298,731.4101942296445,645.6348110283894,657.310347880741,582.011395588734,557.4675279195629,0.0,650.3140916202101,561.0095728661463,647.5305526339055,918.4161258959683,648.3326504303824,767.7082199229944,509.7191075867688,1059.1238017912297,766.4705599314802,588.6995810191308,596.5584887739416,680.8339114751545,709.4144802283962,751.3411839428497,721.6460192035474,619.6883447349273,539.4346127496219,617.7252847539081,622.8819418708838,677.2562818904452,646.6842760345214,721.8645160056259,580.0818577007836,842.2811170835505,523.3618726131504,638.7094710193403,401.56087173801313,806.874372247531,772.6045965106948,683.0341741861997,326.75315908660605,471.5705412965803,669.2060973736094,570.0121921950413,482.6072346089477,711.9792821454128,661.6246373378426,803.2024102634285,597.2200366593762,802.1007916648997,687.6294562699528,550.2662504375442,735.1206911119731
1610555722.67fhKURdXVzRbLIjXmjRwdJHTnE7PWb1AE,638.0240783737827,885.7652640911155,651.1834011938686,825.6003694228056,681.7177736190949,178.03808034076383,675.7657079408052,618.9503360563544,589.1579767382264,1117.107223414276,828.6248905962335,636.6550039134814,1127.2682500858368,610.3598815834409,834.4557642140855,786.9313710086448,841.1205976699864,838.166636338521,530.422003363808,636.8307127280103,629.1942630067551,823.7917237205552,710.8659789730972,617.9046937958237,650.3140916202101,0.0,705.0373562609188,636.6099619264584,958.4974823873033,678.4858250524884,927.8291953773413,586.7197210924473,1137.0811010685745,801.7984788368013,714.2149242058996,711.1116343015934,631.0193319524436,895.2149149877775,942.0312903213801,812.5498017477115,838.9732393656126,788.8523384889382,854.5875761348226,656.6512871429588,823.8215950890037,813.3288977817274,625.9789019130618,461.6083546377833,963.1330575735132,764.0535184463481,625.2087456053916,627.1246336778856,777.9182725374466,876.2553045487714,674.6470963833423,614.5799794959546,685.7298681562763,637.6013889675316,460.56011356684377,594.1859433321945,837.0814778105602,819.0330597891517,857.763160599867,755.526262365827,962.3675844978989,849.3339632449772,697.8434752322597,847.639775208856
1610555638.39J2ZWBLuLTHP0jOlzB4tNHmYeijH5g5YJ,545.4385756796321,736.8361685224088,565.5982146723551,694.6010661935384,312.81519647268254,689.5930831822133,480.7684480167761,569.5794651316805,567.5441028674235,876.0259259143598,724.9496630747473,783.8797046028341,961.6403048104103,587.771166519244,840.9297296072529,668.1276669340342,868.8019565937036,837.8900016456064,577.6364622059112,581.2959972519263,784.3095987634089,849.7899429010114,355.07859489686103,563.4416376861722,561.0095728661463,705.0373562609188,0.0,785.9520404188265,987.9069196381555,480.3412235205509,670.609103798826,594.3239794727717,898.0546363614015,698.7671363858514,757.1438251975393,756.5009761141491,597.4676067640695,666.1267211582287,679.4077223960828,780.6652267269719,611.2148674412116,750.5547659095536,764.7503764337034,772.7184545010315,833.3468501069835,845.311324459998,801.9316461684147,618.152446066596,691.9607139414109,660.070910399795,776.063359928973,480.84680476452036,687.9487686545133,785.0815242773011,525.8855386632251,521.1180088249357,709.6270348889716,797.1951942943352,610.7831990260883,617.2166826650754,866.9584008855122,842.4579831517767,674.0817809976991,800.7479382541721,653.2845801769968,861.4326794873716,709.6980670690583,863.2952928310289
1610556032.17Q6yCDx9g7alRnL9jBFXD2JhhUyB2hKfJ,819.3027483448953,793.0272483699987,823.3991966942197,709.0598364474735,783.2568917716187,631.7527605096044,855.5074044349318,793.3557362442951,758.3704349291164,1056.8095976898576,705.3586444443024,298.58867606920103,1132.746769828004,773.9831862107364,746.3591603846835,623.3922044254793,721.9960267782465,703.5109013818287,737.0904762695229,665.4071497521451,295.35627927438077,680.6463068598282,808.1590203816836,792.9730064734445,647.5305526339055,636.6099619264584,785.9520404188265,0.0,811.3463220606218,853.5292431956334,960.960740642946,791.8372352776375,1068.506903585405,647.4355854994108,434.60259127968254,428.6415642648924,591.6004507385128,730.098706741527,804.5160804360231,878.1085160882259,625.1506724661084,508.51467428429515,647.9934772485342,340.25773210967617,699.8815456660786,675.38403680336,464.76069906217737,597.8313303608314,873.0410976101249,652.3171901740964,297.3055439904084,690.7371399472555,787.1917781289392,776.5050737778996,712.9706616495696,690.8365083824683,674.9478771125016,346.3414725367147,548.5347287889559,764.107762288817,709.8597378235403,679.517927298885,732.0306544647882,709.2860206134862,835.9889909508148,735.2090338537865,701.1185824569624,732.635875570054
1610557007.49MyVgDnuUuBxrvL6SGOdhKf69VYlW1MSm,979.1269918619274,770.6691904111468,969.6813097310708,844.2850560654027,979.7793846248388,955.4443556622177,965.0248958389865,992.0520177485269,965.0796874751516,821.4186640562202,891.146051808858,799.6696286064793,896.1267591175366,982.3209647947028,853.5447972338204,735.7217168994355,919.2446854267806,843.3295325390899,959.2773966515035,905.0229726114658,797.584544775369,901.2555372627551,940.4376358915471,993.1186945748008,918.4161258959683,958.4974823873033,987.9069196381555,811.3463220606218,0.0,958.7197924270141,776.7888620617234,989.2733173999627,821.3919087280984,778.5771023473452,763.4839581282619,741.3441242423515,858.6631394560804,813.7163076827244,890.6037237517919,871.7369219676835,865.9620011774873,857.0234773628176,825.8194574168684,789.0595122031942,782.575561218971,904.3698476110819,897.5032029967268,955.697699509594,930.9872247038238,885.14272121911,802.4974014332286,939.413333160594,957.0164718033622,821.3587442011093,864.2828040445156,933.7881574885325,910.3437658541354,817.4788506837436,930.9946332859918,971.4708892164205,970.9437714679203,929.8427179129609,782.6572714595715,945.6776730175865,870.5480880014414,950.6078947957242,935.6940165811832,998.2266305636498
