,1610555604.25mOvVXuL01OCiReyVWBfesjuvXmB3MoPy,1610555605.43B6oDsBtWRQ29Q9UMQuTUEPZy3FSSWXzc,1610555610.92HPGJJSmyPM40z7otPBgHalNrHFA7zk5d,1610555606.68LaSQbm9EHAFycEfFtEqAwYqlBsQPjIRW,1610555617.19EKxMEwDHfXiEJZc27TsGoERaD6Da4BZU,1610555722.52PJ3FD50MGhRXyUD28vluU8Z9UjLJLZn4,1610555617.52Ijr5puT55g9apK8auM7zaxa3NANg502t,1610555638.77ZLjTLkz4jYJdFMI2wWBztzsDILkoOtAk,1610556912.46C7tJPLF0XfNnm8f1820X9aLmXMHoc0Dw,1610555617.51LjzIROg0aeCP2GhDcAVQ0LipKJB9jmKc,1610555608.17OpjjHobqRkX0UPcaXrbu7K6L3805SZri,1610555721.82zWeNZfGUUfRJkgnAwlP8VMhPzXctnSd4,1610555735.75bom85BDF0C7W2eIseHeMxi24qR68nzMi,1610555735.77NnT5xqKnwcf2BbjIekeb2arTQj6QMNwk,1610555638.33wjf1PhdNaoWfbRzXVn50hmFyB5bYAiLV,1610555606.65jCE4ig8Pu8kvAzkxnSGfWsV0nQBjCf8H,1610555608.18ONsBCVo1i7BrX0XG9stct4oiA6ejX9Oz,1610555721.51RNoQUMP19FTMS79BmA3JkgSm2IC2AQuQ,1610555971.86O0cHB2ibBJ8jxoObg01EpGe8VVV5mpwn,1610556911.51zU3duZSGpcw1BDNsBLxdOCITAXwl6z3i,1610555988.71dMoYT8250UHHJGxgmITTmbHe7V6gH1yU,1610556042.81mlUZsSp7gbGjrp8jQSnybT1gPy6e62o1,1610555637.02UBW5nKvDyUrKnaWcYRGajZPxTRDS0q3N,1610555619.13oUYNikU4facCTpUSiSLr0vPI0tJLnXiT,1610555721.03nzkucfjAUh31zTbmCVvTVYqtjoxZFnBh,1610555722.67fhKURdXVzRbLIjXmjRwdJHTnE7PWb1AE,1610555638.39J2ZWBLuLTHP0jOlzB4tNHmYeijH5g5YJ,1610556032.17Q6yCDx9g7alRnL9jBFXD2JhhUyB2hKfJ,1610557007.49MyVgDnuUuBxrvL6SGOdhKf69VYlW1MSm,1610555638.44hjT5hbYdKoE3MB6hijrjqbjmLgvCUYKD,1610555608.13zUvmFSCRt6SsLbhqFznMEvGx54GPGQzM,1610556038.62a5C4ynd1AARyAhTv8a58NCqHvXRjscqH,1610555644.45Xse8u7pusHNsd7F3d0A32HXvXr6weOJE,1610556038.62gKXOCG7XCn55eJvyl5voNjbwOW0znQDq,1610555987.13v0oleKK97pkesp6oMgprH8SoSdoDVdIO,1610556964.96ZLLeiQW0qpmxhPGTg7K03fmzkqsC2bjC,1610555987.13VQlEedQ50VvkPMEMzZDv3KNnQCewykN9,1610555982.186TY6MMGkDecIN1woW6vsfAMXVV7jnyjO,1610555982.673LuMndkwkvdmZOn0MmE2Pkidx0FtNalb,1610555733.38zItcuH7gHNfKdALR2d9Nek6bxCyw36Vm,1610556034.15BQxSbZINGCay0yp6RBVlgcPrw76Yn9ON,1610555639.37BPZpgtGml8qUsh9AdV4m32jPLfI2aNFq,1610556965.57S0adAalhWYe6K3bkZU0bRHbqnDK8gGkR,1610555983.54zteLPCMjyrjzPdhHhlZr3faCgD0TfYr3,1610555987.79rHnNRmt9a0ufmnwCvZqBouyUoZDNpylW,1610556960.041xWER61rmArlsKfiMl4frikWmUCnQ7op,1610556035.13a7NHZDutfTMJ88qle1gTYY59Dr4WmMsj,1610556890.456ZBDaY16bMtrTZTqAgHl3wq1tRxzqDow,1610555760.24e6890pkbyZ97Or6croI1rQgjkSsR0yVt,1610556043.02YpWMIJg3W004iqlPyv8OcVAZdSC5rNYw,1610555987.03z05P26TLtONYM1HSzupoc2CeNMa6HTqr,1610556032.15OYCzUxpsz7b10AXBAuDXrvEcvxFhf0M7,1610556032.63Z80yI9pNwS3jSmsDABbuhf8wkNa2Ze9y,1610555736.28eGuESasTXdR3SqY6pHhEXWZtcdciYLCO,1610556034.61bebeZA0MkaFG2sm3VKiqrxeqQginTTW0,1610556944.5XwXOphKYT3ZkWA8gViqOS97VHVuMVUqb,1610556944.745UVLFBzf7fPh4UH37I6tYQOFPqRDytEh,1610556034.63XsUwaFaPZevO1JNFjfhvY4aKNFnV4noV,1610556964.89xwBHw9faT1HjQRMNQEyA4qJ3hWkwgj3k,1610556966.74DydzH91jtyvRyYau47JpVkZoMRSNTt01,1610555740.77UueVziDbaXyRR4OcVJIIZyzOfAzN51bj,1610556046.84e3vwjyRCzqz0wJQhrk8zsxlFfFSv98Df,1610556137.99eoPuVrDThKAOvmeprLPb2FWRqIhzUodc,1610555740.73XFwSrmTXJPlaxGZSefh0jOVA8PI3III1,1610556123.88AOfNaz9jSnqU5Czc7okOv1RCrYfKFBTo,1610556046.85nB7NvyoYQeLcOV391Lmmut1wAM8CFGLw,1610556123.89H4pdIAzDthI7bMXMhlIhKUYIQIvtmPPQ,1610555740.87GOYQUJKpkynIS2lFqppYK4b32ol7NeGh
1610555604.25mOvVXuL01OCiReyVWBfesjuvXmB3MoPy,0.0,673.0406700683081,364.162061565419,655.6960106068367,535.0219635364394,584.9552564005357,618.4478860708487,444.9412633433498,501.2938576459696,558.1351507848964,661.9495556563696,673.841234135829,637.5224808593475,527.9913707797882,693.333766147415,626.6024673176378,677.9161320130166,687.8549582779816,558.7606489150168,566.9696880786418,669.2533810866315,701.6663290251661,558.4801475636191,414.01263526223806,607.5969702785258,591.9987118213654,550.6259519711589,679.6530673160174,652.5826017998932,606.3892049146132,607.3263710145984,594.5219195615012,587.5842329535375,679.0655839729955,651.4184513500096,655.393334844426,668.1997037515356,613.4201063001524,648.3872178289995,650.6559725218887,649.0126451285535,691.7956261373291,676.776941054847,605.4516605534983,664.8452499321221,687.2706358531542,667.3110697016799,622.9145746352672,624.5911696164238,638.4255592130388,652.262210178014,629.2383414977766,644.2264585930886,710.6207391913489,610.580780653558,584.3899334732496,584.9324832644712,662.5955530535042,652.727197183423,640.8573992535952,670.7742106809801,709.2182413184739,656.5206085173735,686.356357510571,631.2844535896328,696.0208045359816,641.6144084965874,690.6990306976088
1610555605.43B6oDsBtWRQ29Q9UMQuTUEPZy3FSSWXzc,673.0406700683081,0.0,686.8861543289316,528.6607510657707,644.4353290058659,628.0765502829576,618.6045504097298,680.0535601833166,667.2929113727913,657.4989219842878,566.6772694093022,535.5595386672185,643.2252055726464,663.7462522911352,519.9222669857611,603.2812905630343,603.1071468630172,446.8155833678052,632.83652055135,663.6174059126441,601.885565894251,542.1917066035056,635.0582686833111,671.9729360213155,544.8630320358685,644.9257008806657,673.449285546945,618.2721540580105,578.7121177127576,611.6355025598994,611.7828865019195,627.3605930446511,638.7404054959326,649.8826059036666,574.7676514204163,606.2087248727719,626.3884585851656,589.0594862943959,478.7742761248351,633.1840082056398,600.1792850687084,555.794847438394,626.792965979851,589.9100368950377,490.0060073395603,489.40255064542964,671.6914900308826,689.1925350530305,675.795160850345,682.5586065791493,640.4461113449319,661.0589886551625,582.2605097430901,546.1225162370458,637.9328900691395,619.9519501230174,606.334318857353,663.995361078144,652.537302743955,580.1022177987046,585.0937692413532,573.5955838433971,660.4041831224552,561.3221802123467,663.6088701587423,587.3468689135757,694.7821528583936,619.5910015241295
1610555610.92HPGJJSmyPM40z7otPBgHalNrHFA7zk5d,364.162061565419,686.8861543289316,0.0,669.8964490310594,583.681592451637,602.4883592472362,614.9368866937845,341.5589226609144,551.3760352407324,595.481056518418,679.5203362833272,680.0109865691156,661.9044637941092,534.0345709462563,701.7230405264028,645.914873929561,691.3144012794503,699.6219338480828,590.9151932889024,588.8578654867209,676.8928841739142,704.2185535355288,596.1662551607459,304.90137998281693,639.0302651475714,622.771383942276,591.2267734334806,686.5587619865638,662.3726884223007,598.6921450141297,638.3472684112121,614.6684208566138,608.5771204812586,695.8749373554891,667.7007301175565,672.0953140606589,678.3232002983568,635.8231298973393,672.4277669882529,672.4753889514715,658.39215820804,701.8093647455806,690.0721169839873,619.4461707315393,681.9609696073817,698.9067259097069,676.4148286560501,651.1468644666983,659.0733664261755,659.8875029347186,662.150283732221,639.2368746596749,661.4947088665452,715.2261431378715,606.9036613903592,609.6600915535236,618.4721896648734,660.5366635454866,668.4554982031227,647.1245212861373,685.8057716154958,714.9249982725441,666.2440875243866,692.6216932824237,653.1540568990683,704.3019563910508,670.6641936789549,706.0590307775141
1610555606.68LaSQbm9EHAFycEfFtEqAwYqlBsQPjIRW,655.6960106068367,528.6607510657707,669.8964490310594,0.0,611.9591128049551,587.4527219055145,606.4792902844606,669.2245457737799,645.5651023661374,664.0331662504728,447.6517543354343,547.9948292142266,693.9599936500027,648.2936524772009,569.6217433568153,526.2510670682665,542.324872575005,531.5466276668382,573.2095686689493,633.863002272821,549.5170821423623,575.6251680520595,569.8277778178402,662.4008446920278,540.7780489216499,613.2812874524583,646.4849701666205,532.652211196704,520.6569198658563,546.1860817474263,575.3415017744845,621.4060496292108,661.1465920261448,596.842052196236,513.612176806934,498.2960140526849,555.347871514151,552.4034579829422,501.3868519516088,562.5610298347463,483.79114193524373,535.8574183390141,538.7499066198269,522.8761925138365,492.077681296039,496.6837246092844,615.8613182488917,634.7358594748408,663.0656316195424,652.5561719836637,538.9187365010863,579.3996488832977,583.5678081277117,571.4076855283363,573.2259449052352,579.887228142196,547.1234074645321,610.8718417575172,565.5365076825261,544.7063982111055,538.5542877816652,587.3307682961582,642.9268137239354,565.9355433174838,636.4275345185496,588.30599027635,650.0973939690233,545.3175610277654
1610555617.19EKxMEwDHfXiEJZc27TsGoERaD6Da4BZU,535.0219635364394,644.4353290058659,583.681592451637,611.9591128049551,0.0,498.9449966558639,489.52807771077624,596.6364386624825,415.18420448303476,608.8993714023111,618.2970161970379,607.2038071185623,659.7429156856849,541.1812441301009,645.1138751039736,606.7159498908686,653.6840345993372,638.4200568263149,484.28967394642245,567.0794000414397,588.2645957381916,654.7256602424152,456.05743318234676,577.6505431468688,537.7084887722712,512.0638396019762,528.1592096277283,610.1758084793796,605.0116559503588,536.1781368284454,603.6345080642395,511.0085850639544,630.3143518515285,633.5246603836109,585.8397938400927,606.1851486628922,577.5879088701749,591.7003209964446,600.5448329993338,623.3402514239638,581.8337862225416,647.3790452806488,620.9983779483216,582.8313961680796,627.2895009764164,641.4106005884528,635.2554356387758,616.5858873642579,624.7871420620569,622.6633901993441,609.8019177380527,601.5005409293268,622.6775532626124,673.0031717178225,607.5640348653194,495.65499430517417,550.684002237296,594.6958002497612,614.1654225038938,554.6969101275399,628.3440343207801,674.173699355131,631.4586077594455,646.9496436012026,629.034086543962,660.8657128342581,626.5438099301005,637.1390312462066
1610555722.52PJ3FD50MGhRXyUD28vluU8Z9UjLJLZn4,584.9552564005357,628.0765502829576,602.4883592472362,587.4527219055145,498.9449966558639,0.0,528.7065984642157,612.755055879881,515.0598660315482,626.3149853956876,589.7543514104807,596.1496334399867,656.928133879694,562.828165096516,647.1140831293272,589.607831905388,629.1273896794577,611.5024728108589,375.82436225082927,578.9141213586914,555.1719186130396,647.3156040280121,500.4045964602289,594.464466897326,548.0464913437914,322.25763350161253,593.6087739344435,577.0970961252771,573.7836992890726,512.8188211137004,606.353215029326,532.3983499197992,630.6017689905209,624.4706229066152,569.606322315582,596.7529875011982,587.0940630596835,582.1739443956881,593.8577544599366,603.4528927147721,564.8131159622393,639.0362042001519,630.481052390629,529.4857772002583,604.0138962319763,600.326619935689,615.2022131813561,614.3355691373233,644.3383207011524,643.1165637910549,567.9124100406838,584.026138001906,599.5288594341745,669.1244522272586,584.0748904726685,467.2955499484245,545.8149428356921,551.1408868771855,574.4774879536618,514.6006074260564,597.664834484688,669.9392593813476,636.5778445536757,632.3087678571852,648.8194851840784,655.4393311426171,642.6573570150379,622.4892838357767
1610555617.52Ijr5puT55g9apK8auM7zaxa3NANg502t,618.4478860708487,618.6045504097298,614.9368866937845,606.4792902844606,489.52807771077624,528.7065984642157,0.0,620.3548237421421,533.0684952887713,654.0526990975417,626.6185937435024,602.4661432868581,684.3861239917497,515.8752299722739,629.0954179933523,625.2482298807431,655.4184576517993,621.2963653142807,538.9281205737573,620.4667865641028,587.7813385430726,642.465895302618,574.2320396002191,603.1954047572893,589.8328818457794,540.6820042503389,628.2718936367949,618.7471243800138,614.9791662047188,482.069568557996,628.3093008077351,572.0816516093902,665.4529255789869,671.246640214825,590.4487231196332,624.3945179598569,600.3678477880953,635.8507006388405,620.5782243677464,642.3243017186054,589.0095324573565,644.1282401791351,649.9951353673727,597.9310045069808,623.84042579556,630.7558365169732,668.1554779930395,665.8646177060155,674.6690679947649,680.7816365823685,619.1233680638973,615.5020358012622,626.8777551418693,668.2617398258245,604.3907690372442,577.5701500877342,603.7959117155668,561.5861313301322,633.1049512028,542.4652193969793,635.4905186836924,675.9656676590771,672.4551332535422,643.5291681579595,671.3215897096483,667.8615205242925,669.3844142602842,655.21049009565
1610555638.77ZLjTLkz4jYJdFMI2wWBztzsDILkoOtAk,444.9412633433498,680.0535601833166,341.5589226609144,669.2245457737799,596.6364386624825,612.755055879881,620.3548237421421,0.0,569.0331543792662,620.9312999849174,682.4299022613907,673.4765307151849,664.4934221358012,498.04046361396695,694.9460652043709,647.385391986561,691.7663193569445,699.0597340139462,601.328229266132,604.0585841452408,673.3035116631637,698.1651254225746,601.8772731773417,196.02142363860082,632.3469202823235,628.4851467892796,600.6405918569515,677.6652923651276,666.0696051504852,611.8687048355497,645.1209908377294,604.4612884596613,624.7376885145527,686.6259281126023,663.6966556844486,666.4094682354345,674.6140129690257,633.69645064474,661.6035915754665,659.6944331809065,660.7468713040796,697.4570490229349,682.4605869793173,625.2820094102048,679.9908689082788,702.4632204047457,667.1606779956512,657.9665985099598,661.9877576545573,663.6130227643165,656.1769137383649,630.4425756197003,656.5046458806661,710.9534956070966,617.6961521143203,614.5502817904058,616.7296601579885,667.6117763709112,662.7132610355915,644.7299078340242,680.6433105876267,711.2862802487704,667.2380849732319,688.7483908247353,659.6332612599011,698.0129321583496,674.6722643885382,700.5250262441015
1610556912.46C7tJPLF0XfNnm8f1820X9aLmXMHoc0Dw,501.2938576459696,667.2929113727913,551.3760352407324,645.5651023661374,415.18420448303476,515.0598660315482,533.0684952887713,569.0331543792662,0.0,615.462892222154,653.6496519346887,629.406669749034,665.5932264581859,519.7717469589275,671.1332682724884,624.267092487715,676.772215966935,668.9717391956806,472.39386863794147,576.666883635714,615.8516465113646,684.4065871879379,540.1356112565576,546.1973457586328,574.5828545315482,515.057392080177,546.976069289752,640.1484763933386,629.3610410364163,570.4985028545085,622.5040592543629,562.6813314396471,639.262020168029,674.7588015737836,619.597246408852,635.3870120398936,629.1988253428375,617.8460872831447,633.1259506403971,644.398675544726,622.3369206521569,676.3940725361774,653.988290043692,588.9766380002941,655.8825247871761,671.9568239573418,660.092872116452,632.5343701019278,645.5431664643756,637.9447309542969,630.991346619168,622.3556548673012,637.9947904273208,703.4600367109148,620.7766187160281,537.6491547869654,573.2838580474138,601.1820867374042,636.6670110291618,591.7953537852483,656.1245826985981,708.9847607874322,648.7396167235912,677.7023632540779,643.5523125820384,691.4363523076723,636.4682270832453,671.6314582283215
1610555617.51LjzIROg0aeCP2GhDcAVQ0LipKJB9jmKc,558.1351507848964,657.4989219842878,595.481056518418,664.0331662504728,608.8993714023111,626.3149853956876,654.0526990975417,620.9312999849174,615.462892222154,0.0,670.5753446457772,680.9615625262917,538.6981573515969,599.7025008187867,694.2884743546794,637.654538547136,686.042522140746,680.8233390523072,630.3958589915421,557.8578834529599,671.15583992165,701.8372843329397,601.9985808901432,604.9160786406333,622.305965526435,634.6473009329588,601.3890686521275,671.8108320293176,642.7420497953043,643.0029340361799,620.5661423378374,660.6271551643393,391.1604799813265,650.5976155058253,660.904055537978,673.5296786286966,670.1440185189238,608.9258715723939,629.1779647219407,649.7486252263142,651.1227383723228,699.8702829186022,678.7468141468682,637.6655457024395,672.0805191178836,683.7913292221876,658.393604886765,638.5143847384999,496.2852592748203,626.4600336866886,660.3091086777941,657.8754641110755,632.4741795516728,706.6258535603602,629.1158779874324,627.9520349994636,627.8484272317751,655.0482955857175,665.8697290022068,664.7153961128156,675.0358196198536,712.1263864019547,615.4267201351441,698.5040830703972,552.2832161347974,701.9581660402072,627.3342171663411,689.7513891098687
1610555608.17OpjjHobqRkX0UPcaXrbu7K6L3805SZri,661.9495556563696,566.6772694093022,679.5203362833272,447.6517543354343,618.2970161970379,589.7543514104807,626.6185937435024,682.4299022613907,653.6496519346887,670.5753446457772,0.0,583.2196639605193,694.7610308899549,650.6381478491054,580.6593062518039,569.3433767533203,407.16922861762714,504.92850513026536,588.03202281122,644.5586290084133,543.0234819996462,562.9194762605183,588.7064673890872,674.9965574652341,556.4673041659845,592.1829556692021,662.6162759496508,552.9022850808283,542.6903228741994,573.6345454741931,612.5755369006062,618.7780449870937,667.7273358954787,621.859187924238,554.8039359567945,514.2113419280352,594.7840976515558,584.6678383789712,541.7272456031802,586.0200960328574,526.776522110507,513.2947310790029,561.929158659847,552.6175237579463,477.57151674457475,444.87186471524086,622.1616046174404,656.4848127932639,674.3441774353071,630.9163603933292,580.1340720770538,607.391745474509,610.9641816577454,581.30609971746,615.3651864216314,585.85911976309,538.1429760056473,632.7265300945502,603.4855935673577,554.5464466138677,513.0949873421301,573.9901128358517,653.8410827622466,540.6369167820096,655.9352354574997,548.2769660715275,643.5442512126157,534.8490727232162
1610555721.82zWeNZfGUUfRJkgnAwlP8VMhPzXctnSd4,673.841234135829,535.5595386672185,680.0109865691156,547.9948292142266,607.2038071185623,596.1496334399867,602.4661432868581,673.4765307151849,629.406669749034,680.9615625262917,583.2196639605193,0.0,685.4047700502814,638.3942277000543,520.4159161585661,584.2489696625279,622.0779560657876,514.5001570182919,592.7057757795372,634.5779588456479,407.13400980484096,489.70330046129004,624.4617428846852,663.4453925729655,543.3129045876484,609.6122505449603,659.5094511519959,485.0686329151839,571.3841913173839,614.9850146331015,630.2550267033845,619.6016837848744,670.6117023384044,643.1999709649253,495.1537435251794,522.8847962874718,544.7164445446635,613.7857286494024,545.9543878222969,598.452451240982,565.4563714690123,505.00301798922305,582.114575891889,565.5814809834786,554.7132569237987,573.4870490153309,629.7321510909461,666.9354394567267,675.9335732308612,662.7179507772795,538.2883724883179,618.5209302145449,595.5751578720935,569.1467471722849,624.2938590989564,604.4947714882752,586.5909213833918,599.4549369015659,583.8411928267828,554.5590033646555,570.2104078700033,579.9374717488356,642.4472647836898,554.3648441800989,649.905060845234,576.0072989236303,669.0539789625581,597.730341649649
1610555735.75bom85BDF0C7W2eIseHeMxi24qR68nzMi,637.5224808593475,643.2252055726464,661.9044637941092,693.9599936500027,659.7429156856849,656.928133879694,684.3861239917497,664.4934221358012,665.5932264581859,538.6981573515969,694.7610308899549,685.4047700502814,0.0,643.2421954824488,687.35418351478,692.1904528752558,702.3223301755846,678.1927984400032,662.2139599655634,627.1569936916123,681.5319531260391,695.8563766710032,660.3107242157142,658.502858756556,658.2265213869626,663.2600490313154,657.5123018236511,700.720861660105,674.1207746558977,686.1067804559839,681.1640090151033,669.38299588345,413.5146392509256,694.3805436280237,690.1896690994622,704.7585408429037,698.1363576093796,659.9744149018585,651.2942978091924,684.540705145301,685.4525226293557,701.8083336669722,705.3724076921893,672.7904442173391,687.7176355708092,688.0133462468715,707.8321498475487,708.5286596975865,632.0866521759372,664.8591311698035,708.3073484293662,705.7045463938421,651.8912487878122,701.8962053177279,685.6012249488746,663.233492349924,660.2132326554236,709.8941746440254,712.5798002845324,684.3969815299507,685.3500792186737,706.4763373722798,649.0849071002007,696.9746433062694,639.0964205093388,695.4603067210081,681.888577222883,702.219664423692
1610555735.77NnT5xqKnwcf2BbjIekeb2arTQj6QMNwk,527.9913707797882,663.7462522911352,534.0345709462563,648.2936524772009,541.1812441301009,562.828165096516,515.8752299722739,498.04046361396695,519.7717469589275,599.7025008187867,650.6381478491054,638.3942277000543,643.2421954824488,0.0,668.6438318272325,633.7309669729833,669.8845336299997,663.3238739472969,556.7070209524677,595.5744147034845,615.858105550843,680.1791614954419,592.7652096150593,487.0301321979077,618.6881149026527,570.2695330512104,603.5308280420185,642.1233433239755,653.3699416961432,584.715388543918,615.7405602166099,595.9632510248799,621.7869798093187,678.452370265672,623.3223090236379,643.3321950309586,633.699391015108,635.5824981054351,655.92678518622,639.4781447979439,624.2223682675341,680.0390058849408,655.3381307047493,620.3326553925244,658.3501243725998,671.2838652177876,658.5917177166972,665.4799498588716,647.1469005460265,647.6595447244738,632.610276330222,610.2434147829499,623.4791796037086,698.1511113317151,605.9259008016701,586.3571067145837,606.6807612401344,613.002817416786,638.9310390076636,604.1670739197883,648.5007488560127,703.2518659653824,661.9150865353698,675.6387578149521,648.0999817334184,685.1672809163506,644.091509172454,669.9935204480117
1610555638.33wjf1PhdNaoWfbRzXVn50hmFyB5bYAiLV,693.333766147415,519.9222669857611,701.7230405264028,569.6217433568153,645.1138751039736,647.1140831293272,629.0954179933523,694.9460652043709,671.1332682724884,694.2884743546794,580.6593062518039,520.4159161585661,687.35418351478,668.6438318272325,0.0,628.150196111398,611.7698821751769,505.14246249201324,635.9130634186228,683.766039627651,579.702190983521,470.30280570534205,647.3310759939869,687.6561894310107,573.9455794727764,652.426245501117,680.4087938358325,601.5219279130946,603.609043647073,636.9871116771319,634.1970543150181,627.7345157241248,681.7840677365703,676.5228404536904,546.9110591801201,559.8378469102768,584.0130204369905,649.0812918644824,565.6927256406733,600.1195998516008,586.4503773926833,511.6511178168339,532.2460104025149,625.7889927301409,511.87479060011674,550.6195168418895,656.1807036104594,693.6942165665967,705.6614845656437,659.4971581166393,629.4851594737096,638.2636341550473,624.5068398455352,505.42174688623646,664.8970730697852,632.4081166345353,591.7755268192549,684.6063707038849,651.7667642894066,562.0786871627529,576.8583698962387,507.8897718757609,688.7822142233092,520.2916844433316,684.5700169144338,516.3328474204836,680.0822279560409,604.6141003946047
1610555606.65jCE4ig8Pu8kvAzkxnSGfWsV0nQBjCf8H,626.6024673176378,603.2812905630343,645.914873929561,526.2510670682665,606.7159498908686,589.607831905388,625.2482298807431,647.385391986561,624.267092487715,637.654538547136,569.3433767533203,584.2489696625279,692.1904528752558,633.7309669729833,628.150196111398,0.0,623.4721014373766,627.4199391407,591.5319452625688,590.5151851975943,583.6803039757403,653.583021654659,537.2704969011563,637.4727754271012,556.9279748818175,619.4979190035087,619.1286842589421,573.4563819408245,530.9589839258978,560.4013962380216,504.8869052016564,636.6268711481625,643.6346897889017,545.1196090252511,498.8861352226888,503.28752730820094,533.4677876763457,434.3193186814923,561.930982170171,558.7017768585401,519.731433301028,622.4795069308336,576.6173151005929,553.7822698213507,562.554937402104,607.827454412498,578.8389360558799,586.8144676172733,649.9721031183885,658.5414159578743,515.6189305648074,563.7989204216714,584.3677304729381,641.9803581650888,492.06562281873687,569.6514201543927,584.6747572963525,581.9318462135492,529.9287895319312,588.6726803679629,594.5235086407471,657.308158490674,622.3129436080511,638.9287458637347,626.5234810068504,653.3604660238882,655.04487656201,603.3029198153981
1610555608.18ONsBCVo1i7BrX0XG9stct4oiA6ejX9Oz,677.9161320130166,603.1071468630172,691.3144012794503,542.324872575005,653.6840345993372,629.1273896794577,655.4184576517993,691.7663193569445,676.772215966935,686.042522140746,407.16922861762714,622.0779560657876,702.3223301755846,669.8845336299997,611.7698821751769,623.4721014373766,0.0,550.0525624412043,628.0069705291654,660.0589977038996,587.614280376081,582.7524136809171,636.7935737672647,685.9956935552162,595.1179231649401,615.5408731397401,676.5553074535885,606.205727067029,592.4078373157822,617.2543384767515,656.0105979114005,649.5981805100148,682.8449169252565,665.6044318058301,601.7865982903911,568.1937840988654,643.1704842175195,634.3302698626835,582.6728963044137,633.323937751083,591.7399346110993,551.2837679464883,619.9605285832814,594.1341602046328,532.6431765540366,510.12840418234464,658.410353887513,688.2415848959811,681.9725672387888,640.7090626007795,633.8426174316878,642.6112668451054,644.4391353213359,613.1299050520443,647.1589179628078,629.6148419788948,575.0463500949434,664.1909636144036,654.7693639325514,604.1890690247702,550.5087985049115,590.2165727135944,656.6437537410485,553.5926906217144,667.8674585305557,564.2294112977926,661.9294735469441,576.1899438806797
1610555721.51RNoQUMP19FTMS79BmA3JkgSm2IC2AQuQ,687.8549582779816,446.8155833678052,699.6219338480828,531.5466276668382,638.4200568263149,611.5024728108589,621.2963653142807,699.0597340139462,668.9717391956806,680.8233390523072,504.92850513026536,514.5001570182919,678.1927984400032,663.3238739472969,505.14246249201324,627.4199391407,550.0525624412043,0.0,623.5711771785406,675.0831158508048,532.3734934779189,488.85387018493907,639.3669323114761,688.292853945041,568.1201134141209,609.3586458791576,691.7403628792395,565.2981160301684,574.857417369438,617.5659416509856,643.8044514494741,631.3754707859451,668.225366014574,659.859451208777,552.3255506248476,562.3197375177299,601.0589586577339,618.6305034977071,538.5003739480678,624.693362317539,583.209872231248,477.05630870971123,596.1663577949539,582.7154199951543,474.37380853851226,385.007285625446,655.9494491020761,691.5799051538366,689.1555470894364,669.2496335883736,613.9042495605529,651.9359251802958,604.0035103100549,521.8315023304394,657.5218734394122,621.5248693116291,587.2917226921957,650.7603115168689,634.939207876731,562.4263469058978,523.0204782156244,514.6944118432077,674.6785035048226,490.24113673338627,678.311779087175,508.21310665019564,678.8980642099831,561.9605309143818
1610555971.86O0cHB2ibBJ8jxoObg01EpGe8VVV5mpwn,558.7606489150168,632.83652055135,590.9151932889024,573.2095686689493,484.28967394642245,375.82436225082927,538.9281205737573,601.328229266132,472.39386863794147,630.3958589915421,588.03202281122,592.7057757795372,662.2139599655634,556.7070209524677,635.9130634186228,591.5319452625688,628.0069705291654,623.5711771785406,0.0,588.2444233891101,567.2955304926861,634.4436323707041,510.62400246714634,585.5970155849157,542.499543948001,449.9271896696311,578.8914212049234,572.2624336355227,577.349475416748,513.5592914441146,611.1781619438459,533.6158835903389,640.3520942312585,634.1247282221099,574.4309861775147,584.1455709981217,592.183452932173,591.4733736563719,591.9335393982739,589.400114310988,561.5152159881862,632.0792865546649,613.9853455224712,526.2460614999945,602.310846206219,614.0563390270903,629.8015487955105,615.1627877395979,643.1638761862195,627.182214065022,572.9608850266385,568.5019555055055,606.9693870773481,667.3038135378376,596.1738285564346,486.1465710995897,517.0134155922473,580.4073840876333,589.4327599003667,500.4864163872174,593.072734843528,663.6778082116485,641.1212019232361,627.7670120952814,640.9717474476026,645.9312730338228,630.9421073879306,612.2672251811581
1610556911.51zU3duZSGpcw1BDNsBLxdOCITAXwl6z3i,566.9696880786418,663.6174059126441,588.8578654867209,633.863002272821,567.0794000414397,578.9141213586914,620.4667865641028,604.0585841452408,576.666883635714,557.8578834529599,644.5586290084133,634.5779588456479,627.1569936916123,595.5744147034845,683.766039627651,590.5151851975943,660.0589977038996,675.0831158508048,588.2444233891101,0.0,617.469368150463,686.8782110045311,568.0324254836247,587.5487457065284,612.1148514444719,593.1781644160249,560.1824451164439,630.8584129660911,617.997262442973,604.0882107451442,609.5731525128064,633.8937749754903,570.1543953855215,629.9095143848549,616.9497585701108,626.3370226377103,621.5980253435139,579.9745485150117,640.0417539375361,656.351365055535,600.6753412822327,670.2018488001121,665.870968989297,572.4267621758385,647.083103007298,669.7678622572181,637.1017319550696,624.9961891691775,614.9428870221566,637.3239608458334,619.3192657948933,647.3702831393964,644.7990948160302,694.4823760335,558.9578200597855,587.8991303518443,601.9658630639257,585.3202026045187,630.488809372891,642.2651768292203,662.052520228551,696.153704582357,580.947474964366,692.0259976437729,589.9005973948003,688.8986224940688,618.3322020757174,678.0140843242175
1610555988.71dMoYT8250UHHJGxgmITTmbHe7V6gH1yU,669.2533810866315,601.885565894251,676.8928841739142,549.5170821423623,588.2645957381916,555.1719186130396,587.7813385430726,673.3035116631637,615.8516465113646,671.15583992165,543.0234819996462,407.13400980484096,681.5319531260391,615.858105550843,579.702190983521,583.6803039757403,587.614280376081,532.3734934779189,567.2955304926861,617.469368150463,0.0,546.5399217322439,597.0472995344444,665.4536687955999,560.6298263494963,550.9787173219243,653.175689977492,457.8784975649372,550.1960831099998,594.0346999391875,630.0133568907453,614.8162621602152,659.8453086609185,627.9433496412231,494.36130610555335,520.0215687722391,537.5491957191795,606.8965405813216,570.9056842556432,600.5104629803462,531.7584730909668,525.7400058959843,576.0204263023624,541.9913688609874,562.1372454503015,547.3603032204276,606.216143018116,657.8422783714108,668.5343231255475,644.7754522710406,514.277832590912,596.1775155811287,611.9619797322168,615.3907440058426,613.4810223337337,580.0166886775827,566.9519246482076,560.0720279606281,557.7180913342526,549.0503969386734,550.0173797704529,608.6539584395404,632.113149456027,578.0731490898453,647.9647037810321,586.0217738346292,651.91195324262,576.3103898998893
1610556042.81mlUZsSp7gbGjrp8jQSnybT1gPy6e62o1,701.6663290251661,542.1917066035056,704.2185535355288,575.6251680520595,654.7256602424152,647.3156040280121,642.465895302618,698.1651254225746,684.4065871879379,701.8372843329397,562.9194762605183,489.70330046129004,695.8563766710032,680.1791614954419,470.30280570534205,653.583021654659,582.7524136809171,488.85387018493907,634.4436323707041,686.8782110045311,546.5399217322439,0.0,657.1552848523648,692.9532063553917,579.6364650032422,645.5051678794024,699.6985513301654,564.0576895729885,615.8968384555869,637.2367152010842,681.8095651715884,630.1115352864038,693.973768367309,677.9720145894892,583.5105305693043,571.0390710866475,624.5882426465927,657.4384564352605,568.1192397599029,620.5531580715023,618.2674400907805,444.82735618097826,599.1158610479825,626.4251764894066,537.8890218643527,534.2121229857635,664.5653385875092,698.550336381054,696.2130670365514,649.7489111157302,631.2875703037045,653.3208639993096,629.9011205629902,519.9332973793563,687.4671734451628,641.8715299955393,583.9350530971652,683.9695658165514,655.4700806625401,547.6153730752421,517.8983353920129,477.1938517610235,678.7628913125188,454.30936826323386,674.4960165547565,434.3592024339366,668.3917997595861,543.2944220303181
1610555637.02UBW5nKvDyUrKnaWcYRGajZPxTRDS0q3N,558.4801475636191,635.0582686833111,596.1662551607459,569.8277778178402,456.05743318234676,500.4045964602289,574.2320396002191,601.8772731773417,540.1356112565576,601.9985808901432,588.7064673890872,624.4617428846852,660.3107242157142,592.7652096150593,647.3310759939869,537.2704969011563,636.7935737672647,639.3669323114761,510.62400246714634,568.0324254836247,597.0472995344444,657.1552848523648,0.0,590.6857646997547,516.4418783175051,539.00431174599,526.0811468139866,595.8158462963638,562.4850673355344,493.6553633801039,561.8756109270416,494.553697317703,615.8612316622355,535.1780315331781,574.548298496831,575.4867487614933,561.3990694290264,498.19323241491975,573.1603507160212,580.2011522289547,528.9106105847414,650.0867957623801,585.7743187541017,552.733720840135,588.5998306468897,612.2630607180141,585.6524030177096,580.842885097459,604.7364484857574,622.59824876792,549.8586768892943,550.1252428260581,607.4460523667448,660.8766617154813,551.6250991478285,418.43976188363473,537.5564228378036,599.1137885050882,554.6075483575818,530.1624265354212,604.8246675926482,669.2620199753409,610.6939249259801,642.9834220753563,605.4342768491267,661.6286690866082,638.6109876783526,607.3350456996578
1610555619.13oUYNikU4facCTpUSiSLr0vPI0tJLnXiT,414.01263526223806,671.9729360213155,304.90137998281693,662.4008446920278,577.6505431468688,594.464466897326,603.1954047572893,196.02142363860082,546.1973457586328,604.9160786406333,674.9965574652341,663.4453925729655,658.502858756556,487.0301321979077,687.6561894310107,637.4727754271012,685.9956935552162,688.292853945041,585.5970155849157,587.5487457065284,665.4536687955999,692.9532063553917,590.6857646997547,0.0,624.2712066426063,612.2581450489165,590.3400179863728,672.240426449882,659.5643707725977,599.9246653287136,629.2108402070838,597.7733732256441,615.4276004348955,684.6470918007053,651.9421867118982,658.3569868814174,664.7330084380299,626.9614679671129,655.1704383631267,654.3818432070797,652.4537065249773,690.0200172044094,677.2905325646067,617.4247126918217,671.8486653854395,696.3671910151672,662.6338922841362,649.1376535235353,653.4665338521339,661.5563565540355,650.4014305408649,625.3924064930599,646.8060459523878,703.7059214131992,604.0539942592255,602.4315753578467,608.1106921759917,651.6009362963811,657.2919544313997,635.3324830007463,673.8817638249958,705.0654346187756,659.8610061507943,680.7613210985868,653.0246853929762,693.3572269057432,669.7844831204609,698.0576932404505
1610555721.03nzkucfjAUh31zTbmCVvTVYqtjoxZFnBh,607.5969702785258,544.8630320358685,639.0302651475714,540.7780489216499,537.7084887722712,548.0464913437914,589.8328818457794,632.3469202823235,574.5828545315482,622.305965526435,556.4673041659845,543.3129045876484,658.2265213869626,618.6881149026527,573.9455794727764,556.9279748818175,595.1179231649401,568.1201134141209,542.499543948001,612.1148514444719,560.6298263494963,579.6364650032422,516.4418783175051,624.2712066426063,0.0,566.626005294317,607.3872287234958,571.6668034005811,544.0708517115036,555.5375648275696,591.5793876293179,542.029013912082,627.1713368860835,611.7912227067391,535.2742320068354,538.8800310917386,578.480314411235,532.6503851921146,421.2905291115149,555.7235039296187,565.4915798611787,569.8763511783844,580.0699179879946,541.8663635214128,530.2205592711985,551.3724622434848,610.7955472655719,580.4425608871462,620.5058850539086,628.7873736006032,574.3014318685189,589.4674554430713,559.8128080491491,597.9823141744158,600.6775901979167,495.8789150358737,468.6468287726204,619.8514983733255,583.8994318564767,505.39452753845046,557.621693226891,598.9900960983291,631.9773523854772,556.3221835303359,613.9976979637139,591.7845347563369,632.794739300797,579.6170128520365
1610555722.67fhKURdXVzRbLIjXmjRwdJHTnE7PWb1AE,591.9987118213654,644.9257008806657,622.771383942276,613.2812874524583,512.0638396019762,322.25763350161253,540.6820042503389,628.4851467892796,515.057392080177,634.6473009329588,592.1829556692021,609.6122505449603,663.2600490313154,570.2695330512104,652.426245501117,619.4979190035087,615.5408731397401,609.3586458791576,449.9271896696311,593.1781644160249,550.9787173219243,645.5051678794024,539.00431174599,612.2581450489165,566.626005294317,0.0,605.3302700180957,595.3182232197908,597.5516085991139,551.4026068588117,631.7151503001727,554.766478381267,643.6368850874459,654.750053227226,594.7363956800722,605.0699667515786,611.3805463861319,614.4545005057616,605.97943054157,622.3262881291132,596.2259715296875,632.4999360140162,640.6840088110866,556.8361832425478,612.6031963402593,604.4283284637698,627.5132395760781,633.3714783765143,654.9160846341604,640.9055038681317,598.7480789183224,607.3776619525856,616.5359283705868,672.3847937908437,618.4581990764846,515.7015460891088,556.6953487121989,579.5743702708495,602.5536602951685,546.3047756239135,602.0748178143815,668.8945950347694,649.6358519813059,630.1446164668445,661.4972566903477,648.530370287297,642.2003060590413,628.2565408233698
1610555638.39J2ZWBLuLTHP0jOlzB4tNHmYeijH5g5YJ,550.6259519711589,673.449285546945,591.2267734334806,646.4849701666205,528.1592096277283,593.6087739344435,628.2718936367949,600.6405918569515,546.976069289752,601.3890686521275,662.6162759496508,659.5094511519959,657.5123018236511,603.5308280420185,680.4087938358325,619.1286842589421,676.5553074535885,691.7403628792395,578.8914212049234,560.1824451164439,653.175689977492,699.6985513301654,526.0811468139866,590.3400179863728,607.3872287234958,605.3302700180957,0.0,657.4061118507939,644.2887280320685,607.6921083196839,591.2429930968701,616.9446714477216,616.844198573886,636.8996476327588,645.9531044098441,650.5153159233815,636.6735035895393,613.7337534498616,645.945887205668,637.5966630775778,622.8065591501559,695.5245668080737,655.1654097689666,625.8875540013596,669.5859859506157,692.6416425507182,636.8945138659091,619.4475698340556,590.5064808070473,590.4171224476679,645.6484657371707,601.9040732133283,646.3601513447521,708.0726063319786,598.3482428029296,563.8544743179549,619.1966247315253,651.7689736929049,641.2263157324176,635.2251870951,680.9416372183922,712.8623494050058,576.9375376303881,696.3799694137945,576.0873820198433,704.0589280493302,604.0188911745256,689.2871843267624
1610556032.17Q6yCDx9g7alRnL9jBFXD2JhhUyB2hKfJ,679.6530673160174,618.2721540580105,686.5587619865638,532.652211196704,610.1758084793796,577.0970961252771,618.7471243800138,677.6652923651276,640.1484763933386,671.8108320293176,552.9022850808283,485.0686329151839,700.720861660105,642.1233433239755,601.5219279130946,573.4563819408245,606.205727067029,565.2981160301684,572.2624336355227,630.8584129660911,457.8784975649372,564.0576895729885,595.8158462963638,672.240426449882,571.6668034005811,595.3182232197908,657.4061118507939,0.0,549.152114031149,595.0131171247002,641.2240539961408,627.251801755611,671.5634741640323,587.2411146246812,538.540606181804,510.7259581998547,541.7274133775466,590.3670982294625,577.8277033369199,581.7785684558515,533.5530899383496,541.9850949746073,560.296651180491,545.2598062784882,572.339265235707,561.597640509242,591.8577950828758,648.4302734819689,659.8348009952725,639.6850656692912,484.9778039034429,587.9006178268941,599.7195949593781,618.7596364161145,621.5035123636428,589.4046142971671,568.9395273190846,578.4291418336467,522.4653596557802,541.8871671445311,536.5802212580106,617.291099180827,636.1631832260568,582.8131643839129,639.8063490241308,591.4542388606125,645.8053777242981,528.1831786431698
1610557007.49MyVgDnuUuBxrvL6SGOdhKf69VYlW1MSm,652.5826017998932,578.7121177127576,662.3726884223007,520.6569198658563,605.0116559503588,573.7836992890726,614.9791662047188,666.0696051504852,629.3610410364163,642.7420497953043,542.6903228741994,571.3841913173839,674.1207746558977,653.3699416961432,603.609043647073,530.9589839258978,592.4078373157822,574.857417369438,577.349475416748,617.997262442973,550.1960831099998,615.8968384555869,562.4850673355344,659.5643707725977,544.0708517115036,597.5516085991139,644.2887280320685,549.152114031149,0.0,559.9955967470341,596.2313184200588,615.8482229290187,631.7900362658778,584.7186226715304,548.0587405842224,518.7171336569066,578.0184804275425,525.9808573184449,525.1777277850613,587.8312388590454,500.8028217637869,597.3176828077977,587.0380353827921,500.7943331908679,524.7976059381646,546.4037307519444,613.7659104048629,620.9611808406563,655.2713884824055,635.9124714182676,548.2947208094267,600.3293677207049,611.5537622276752,622.8224764400603,582.4857537671604,563.3850087384033,564.0298676137052,585.6857564268886,589.6479451221874,570.9032349691079,586.8431761326048,635.6015458550171,622.2627643577524,627.2795299395799,633.8040795198943,615.6012966045627,644.3196387327172,593.3022782076175
