,1610555604.25mOvVXuL01OCiReyVWBfesjuvXmB3MoPy,1610555605.43B6oDsBtWRQ29Q9UMQuTUEPZy3FSSWXzc,1610555610.92HPGJJSmyPM40z7otPBgHalNrHFA7zk5d,1610555606.68LaSQbm9EHAFycEfFtEqAwYqlBsQPjIRW,1610555617.19EKxMEwDHfXiEJZc27TsGoERaD6Da4BZU,1610555722.52PJ3FD50MGhRXyUD28vluU8Z9UjLJLZn4,1610555617.52Ijr5puT55g9apK8auM7zaxa3NANg502t,1610555638.77ZLjTLkz4jYJdFMI2wWBztzsDILkoOtAk,1610556912.46C7tJPLF0XfNnm8f1820X9aLmXMHoc0Dw,1610555617.51LjzIROg0aeCP2GhDcAVQ0LipKJB9jmKc,1610555608.17OpjjHobqRkX0UPcaXrbu7K6L3805SZri,1610555721.82zWeNZfGUUfRJkgnAwlP8VMhPzXctnSd4,1610555735.75bom85BDF0C7W2eIseHeMxi24qR68nzMi,1610555735.77NnT5xqKnwcf2BbjIekeb2arTQj6QMNwk,1610555638.33wjf1PhdNaoWfbRzXVn50hmFyB5bYAiLV,1610555606.65jCE4ig8Pu8kvAzkxnSGfWsV0nQBjCf8H,1610555608.18ONsBCVo1i7BrX0XG9stct4oiA6ejX9Oz,1610555721.51RNoQUMP19FTMS79BmA3JkgSm2IC2AQuQ,1610555971.86O0cHB2ibBJ8jxoObg01EpGe8VVV5mpwn,1610556911.51zU3duZSGpcw1BDNsBLxdOCITAXwl6z3i,1610555988.71dMoYT8250UHHJGxgmITTmbHe7V6gH1yU,1610556042.81mlUZsSp7gbGjrp8jQSnybT1gPy6e62o1,1610555637.02UBW5nKvDyUrKnaWcYRGajZPxTRDS0q3N,1610555619.13oUYNikU4facCTpUSiSLr0vPI0tJLnXiT,1610555721.03nzkucfjAUh31zTbmCVvTVYqtjoxZFnBh,1610555722.67fhKURdXVzRbLIjXmjRwdJHTnE7PWb1AE,1610555638.39J2ZWBLuLTHP0jOlzB4tNHmYeijH5g5YJ,1610556032.17Q6yCDx9g7alRnL9jBFXD2JhhUyB2hKfJ,1610557007.49MyVgDnuUuBxrvL6SGOdhKf69VYlW1MSm,1610555638.44hjT5hbYdKoE3MB6hijrjqbjmLgvCUYKD,1610555608.13zUvmFSCRt6SsLbhqFznMEvGx54GPGQzM,1610556038.62a5C4ynd1AARyAhTv8a58NCqHvXRjscqH,1610555644.45Xse8u7pusHNsd7F3d0A32HXvXr6weOJE,1610556038.62gKXOCG7XCn55eJvyl5voNjbwOW0znQDq,1610555987.13v0oleKK97pkesp6oMgprH8SoSdoDVdIO,1610556964.96ZLLeiQW0qpmxhPGTg7K03fmzkqsC2bjC,1610555987.13VQlEedQ50VvkPMEMzZDv3KNnQCewykN9,1610555982.186TY6MMGkDecIN1woW6vsfAMXVV7jnyjO,1610555982.673LuMndkwkvdmZOn0MmE2Pkidx0FtNalb,1610555733.38zItcuH7gHNfKdALR2d9Nek6bxCyw36Vm,1610556034.15BQxSbZINGCay0yp6RBVlgcPrw76Yn9ON,1610555639.37BPZpgtGml8qUsh9AdV4m32jPLfI2aNFq,1610556965.57S0adAalhWYe6K3bkZU0bRHbqnDK8gGkR,1610555983.54zteLPCMjyrjzPdhHhlZr3faCgD0TfYr3,1610555987.79rHnNRmt9a0ufmnwCvZqBouyUoZDNpylW,1610556960.041xWER61rmArlsKfiMl4frikWmUCnQ7op,1610556035.13a7NHZDutfTMJ88qle1gTYY59Dr4WmMsj,1610556890.456ZBDaY16bMtrTZTqAgHl3wq1tRxzqDow,1610555760.24e6890pkbyZ97Or6croI1rQgjkSsR0yVt,1610556043.02YpWMIJg3W004iqlPyv8OcVAZdSC5rNYw,1610555987.03z05P26TLtONYM1HSzupoc2CeNMa6HTqr,1610556032.15OYCzUxpsz7b10AXBAuDXrvEcvxFhf0M7,1610556032.63Z80yI9pNwS3jSmsDABbuhf8wkNa2Ze9y,1610555736.28eGuESasTXdR3SqY6pHhEXWZtcdciYLCO,1610556034.61bebeZA0MkaFG2sm3VKiqrxeqQginTTW0,1610556944.5XwXOphKYT3ZkWA8gViqOS97VHVuMVUqb,1610556944.745UVLFBzf7fPh4UH37I6tYQOFPqRDytEh,1610556034.63XsUwaFaPZevO1JNFjfhvY4aKNFnV4noV,1610556964.89xwBHw9faT1HjQRMNQEyA4qJ3hWkwgj3k,1610556966.74DydzH91jtyvRyYau47JpVkZoMRSNTt01,1610555740.77UueVziDbaXyRR4OcVJIIZyzOfAzN51bj,1610556046.84e3vwjyRCzqz0wJQhrk8zsxlFfFSv98Df,1610556137.99eoPuVrDThKAOvmeprLPb2FWRqIhzUodc,1610555740.73XFwSrmTXJPlaxGZSefh0jOVA8PI3III1,1610556123.88AOfNaz9jSnqU5Czc7okOv1RCrYfKFBTo,1610556046.85nB7NvyoYQeLcOV391Lmmut1wAM8CFGLw,1610556123.89H4pdIAzDthI7bMXMhlIhKUYIQIvtmPPQ,1610555740.87GOYQUJKpkynIS2lFqppYK4b32ol7NeGh
1610555604.25mOvVXuL01OCiReyVWBfesjuvXmB3MoPy,0.0,1121.4142850510734,480.3151488931435,1090.3853353943098,784.3297241385728,870.5440279986195,853.9574104803708,584.3485069377883,667.8157017054735,1223.0083481637548,1100.3624664212878,1138.5162827431877,1230.0010134210215,703.9596358964542,1140.3356725005026,1101.0977992109226,1146.0553116297879,1110.5077762578292,747.7094755286307,987.5130079688347,1126.9363934798125,1154.4398660819406,887.1451519288495,542.3616420574785,931.2790844551083,891.6107122265347,862.5214625490862,1144.4040308491683,1233.3697174857127,887.3460296639706,1036.3076198304207,810.3844171635251,1236.9503610466347,1208.5379706958852,1079.5476444233154,1097.7904600303038,1096.3298340632946,1106.2515962481978,1147.4289633612718,1099.390820478495,1111.3609323093374,1137.6836749631439,1147.2049712751077,1050.015374088851,1114.3071245427798,1128.723066912422,1138.179041082306,973.3293537037789,1143.3774134614762,1087.5129948133633,1105.5127322353476,887.6188127941456,1076.7188111485211,1231.9031491109256,988.9114920647755,845.8666140847483,911.4864521351379,1109.5501675708401,982.924885228073,847.2862476477673,1106.9085517926226,1194.426215707743,1190.979326967276,1097.798981766549,1144.0760929091512,1173.811497284899,1025.6156677494685,1164.4365947091312
1610555605.43B6oDsBtWRQ29Q9UMQuTUEPZy3FSSWXzc,1121.4142850510734,0.0,1155.6538841720737,738.3968435773947,1034.7211771208301,1121.05190971184,963.2519001210907,1151.1981394637326,1112.67645020522,1117.8187929820979,855.7521810225786,1000.5651443099346,1036.6142412224578,1126.4239589664999,989.3935346511763,885.5274948745242,1024.988118546312,824.6303879621372,1061.8435153781081,1058.4559005900007,1069.764188840903,975.4543636518304,986.3537246018025,1135.126816173986,1012.9570995354438,1151.7273899920183,1073.085938358428,1081.8863653567619,1015.3799543379588,949.9643229516685,1033.8398904568144,1099.9731943944969,1079.9806753909781,972.3869738094645,994.3045600396397,1043.1647186081925,1016.4420282195313,820.3529177988378,769.1331909794034,1276.7934073164029,936.9144845575399,978.5779581439801,1101.9144103665792,1016.4972176110684,798.5910553038464,901.6979589896567,1171.8299579690463,1214.422302456247,1010.0712957587647,1177.5962119778465,1097.5293126040174,1125.1421743206117,979.2766589381689,798.8057653316681,997.0429457557372,1072.9032214915248,1029.9349648095347,1088.1020407948874,1179.8044201791981,1040.7406607896244,1029.9248124947671,1000.2131665695757,971.1783489956921,1016.7676197507288,966.1581972835774,1058.3144127897344,1152.3807646011442,1087.9123643689916
1610555610.92HPGJJSmyPM40z7otPBgHalNrHFA7zk5d,480.3151488931435,1155.6538841720737,0.0,1124.779025941644,863.8280212548102,917.8909521914594,882.0631375504634,487.88831075922894,758.0352396337536,1280.2932404616995,1134.2284129750756,1163.3633033150072,1279.2311576816217,752.4809686064136,1161.854820398271,1153.7291977279979,1168.4681942338843,1119.7364179507922,813.3730114183995,1041.3094517503973,1149.8990319364045,1165.9172924535121,959.8143852318291,447.11592970531075,984.545864777985,947.0692641769404,934.7695799037236,1168.4936519376006,1255.4494184164623,908.8228434099534,1100.065478860455,856.4729426566964,1280.4251701134701,1255.0679710219288,1120.9893995422735,1130.5859477497222,1137.2859182110647,1158.1803069016496,1203.3006059074373,1151.165154944625,1139.2671945900613,1161.3765176261422,1175.87985814893,1079.968299548338,1146.673111226995,1150.9389870822504,1171.192798693726,1032.6633689624664,1201.4258928369254,1122.152453511547,1135.1763653591318,931.1851002255572,1135.8039048242345,1260.4420414579051,1018.0182689087973,899.1200980807894,964.5919409270422,1129.6945235438009,1027.3165812702237,883.4167885646511,1136.6844753273213,1208.597188746219,1225.6358412475583,1115.046904015618,1184.6737590363061,1192.2832762354346,1067.5476887848317,1192.819188082119
1610555606.68LaSQbm9EHAFycEfFtEqAwYqlBsQPjIRW,1090.3853353943098,738.3968435773947,1124.779025941644,0.0,984.6432329521319,1050.4935077398322,948.4811793096698,1106.3671539381692,1056.0199776373959,1197.7512375236033,644.6460063761383,954.1941854158329,1174.3277484837731,1088.6479971426834,982.1839714901224,787.7970334529815,898.8502075589386,889.6930944650804,966.5990761428574,989.8305089840104,961.804773726816,945.4475552792956,902.6713257454161,1095.5594029801446,953.1695306626933,1079.3049600107645,1022.6832010518135,942.9487760994731,1012.7231490038271,868.2589967170775,1013.0442788515804,1048.6107151866652,1173.713021325639,895.0121734627653,866.6451986956072,864.4399450277986,890.188888347764,787.7424769138781,806.9491560578421,1190.4212477990911,730.4712771513541,886.9266359537835,949.7844166941152,892.187826291518,736.6755159935021,840.6162565809599,1070.793134334714,1123.8064696271988,1041.257815029315,1089.893278508435,945.2227812864542,1002.849205727144,944.4014467030491,830.6872598078718,892.4322696159887,993.6961206070082,903.47147880319,986.0981172156261,1059.362642332913,967.8062684114294,927.325850002418,959.8833694747054,976.2688608074823,960.1175530483952,977.6504970181894,1001.0917363943396,1044.3070639092373,962.2787257720724
1610555617.19EKxMEwDHfXiEJZc27TsGoERaD6Da4BZU,784.3297241385728,1034.7211771208301,863.8280212548102,984.6432329521319,0.0,850.410938250911,684.8398317940448,873.1430502935999,672.954497703292,1144.2350687781511,1006.4740638522178,1065.1384127281976,1177.1766280812772,823.9230214202677,1130.0069188248435,978.6522659829793,1152.7409361462394,1104.1789596045116,753.551172001902,887.2245622872587,1045.1235745122924,1143.7392401620925,654.6236845574682,848.4019016670131,854.6303103156333,879.391208455206,707.693740465663,1070.8919302968343,1195.2538746658663,766.732805481887,954.67052235528,807.6970603556302,1153.5940782761402,1064.5672910652645,1006.8244637432756,1040.1487550942902,907.3030975178397,973.5005980043544,986.6101138980351,1061.9997545853348,932.07562269855,1079.699318422134,1082.9984698802657,1019.1975307664968,1106.5965738967288,1122.7202245292942,1092.782300991923,972.1771180138401,1035.6543266636288,1053.7168579513934,1063.7127708227044,864.4566853162527,967.8521781520546,1148.6200690827861,892.8909526678207,754.4890862376046,937.511646565689,1030.319199557264,957.3463915483919,847.1392187242635,1102.2798910248641,1185.6070566068868,1056.2317420258987,1104.2577665422777,1027.890842696035,1169.685395316426,1057.8282396922598,1139.4946739114516
1610555722.52PJ3FD50MGhRXyUD28vluU8Z9UjLJLZn4,870.5440279986195,1121.05190971184,917.8909521914594,1050.4935077398322,850.410938250911,0.0,859.1350600221236,905.3246804510575,785.4029708729383,1326.0785454164525,1055.4237034658054,928.8954273167872,1286.8377097696045,846.9912178739213,1127.2368828191854,1006.2691063270571,1120.783382706034,1096.871440930444,624.3590098457697,900.8802327664899,881.492135450997,1125.4706724926832,900.6111629159668,882.661190486989,893.0057326336116,410.34005395627315,969.2498461983487,911.3169394296201,1134.2556340188228,874.1680573323845,1097.9847555197666,826.5864742192064,1314.2199006038743,1095.961194613601,933.7328706725451,975.7446126767549,903.0469924809634,1091.1757818167098,1131.687584147378,1015.3192213255257,1039.9398171807868,1076.706578278507,1126.637867988904,868.794903867944,1082.3293246564363,1052.13171152007,933.5087346565617,826.9111697168174,1210.1122124374656,1102.7573557602493,891.8454206549159,882.0646955029795,976.32840652931,1197.0465834550841,919.6117332045864,765.1937404777593,903.3739818537367,856.5504258007854,784.7244223238338,801.1830580845808,1045.1442129848533,1160.9565025736165,1145.3010265831563,1055.3360736377576,1218.9254040837607,1154.509465670288,1043.189656523232,1108.1908602730366
1610555617.52Ijr5puT55g9apK8auM7zaxa3NANg502t,853.9574104803708,963.2519001210907,882.0631375504634,948.4811793096698,684.8398317940448,859.1350600221236,0.0,889.3836503404648,790.1730802012014,1184.6773770114264,1016.8833296383691,1101.032760826639,1153.5355014695222,765.5163375008673,1120.941425089373,992.7119094793298,1161.2406115315196,1097.4584970648298,797.5647382742325,935.0371336108275,1088.4904198465,1139.8859619978466,808.2348371317737,860.7121165110369,961.5538839638283,888.7111337183645,887.2344630025193,1121.6079029806779,1187.991140118077,646.701740757912,968.8842775984396,864.1905991338999,1186.2702021861705,1102.4487741153412,1051.7678515091993,1102.431412141165,950.7125061094431,1017.4470878680523,1008.6337246967119,1122.4585342425364,1006.7691251126181,1129.005990810164,1171.2707049848132,1077.5191316444243,1064.8864360405648,1124.8576057751948,1167.9367554325177,1045.0930327395013,1086.6794745841453,1178.8131106701173,1112.3458109267642,930.7494255236855,944.5143195486191,1105.1463779342619,888.4021576377116,894.8041186600394,988.5632229569316,1035.3389193151236,1004.2918474032837,816.7095765523499,1113.9844137342316,1190.724863823,1092.8930717370733,1097.2199830151092,1082.063995353289,1180.7880723101325,1108.287144584741,1162.0955761760172
1610555638.77ZLjTLkz4jYJdFMI2wWBztzsDILkoOtAk,584.3485069377883,1151.1981394637326,487.88831075922894,1106.3671539381692,873.1430502935999,905.3246804510575,889.3836503404648,0.0,741.4079857919455,1321.0464166757113,1111.9128207717763,1130.6515650292713,1303.906490991653,670.1292534245868,1131.0220533968145,1129.9691280357113,1148.6233601190793,1140.5117878790559,791.1902980957656,1032.063357088263,1124.3376245641434,1138.6003343373618,948.0028062737781,260.4523030262608,946.0770472055553,933.779636219767,931.9885289053797,1138.3070018647625,1270.178838186029,909.603939210748,1082.6001931531769,819.6322371080005,1313.527241845495,1231.6986976777566,1087.2062130222314,1103.8782566830455,1108.8995821937806,1129.7980774797616,1171.1638575942113,1122.2546606876413,1114.5442566169909,1131.1386018866208,1142.7740767220125,1060.4367868573502,1119.4885434445105,1130.8853530671965,1138.745710028717,1019.0188841036432,1222.5402686555155,1103.427399128847,1106.9334784843543,891.7519932087146,1112.5063876989022,1232.2129685683446,1009.7554097826268,872.9591531198517,929.3815690996892,1110.512115977179,1003.7252597423062,849.8614132669533,1107.1582289582902,1184.4746770581933,1225.9857942994017,1088.8209238546483,1206.8237943496586,1167.056647590397,1048.4215676118856,1171.3119817047864
1610556912.46C7tJPLF0XfNnm8f1820X9aLmXMHoc0Dw,667.8157017054735,1112.67645020522,758.0352396337536,1056.0199776373959,672.954497703292,785.4029708729383,790.1730802012014,741.4079857919455,0.0,1302.7809639476602,1052.850516865734,1053.3960081077566,1297.4627746926344,686.2743534550535,1077.3925174296678,1076.5238408150192,1103.553623579124,1089.701909314005,611.812458948753,986.6121951595,1036.1242213057337,1095.8106648804458,872.2447445533247,710.5910316202247,854.4529306741929,797.2341206204183,855.8549249387574,1065.926351767938,1203.136920032628,860.5793852443697,1034.2608539396779,756.6430949421598,1312.4822957883882,1183.978494450694,1003.9717896710044,1037.656944132448,1037.4316866266934,1083.3494246787707,1127.0604755471225,1080.6148496838211,1040.2794970720554,1070.336271989557,1078.636677035269,987.6990622540723,1068.9781533360804,1074.216209093581,1090.841274219981,968.7389360472754,1194.20443281366,1036.8887044263017,1046.8582082367723,853.9458382459937,1079.0683199057569,1193.6228782959151,996.2211995527364,757.1412900649954,854.541241354265,1005.9124153503075,957.0624852125588,765.5381131085836,1056.928109983867,1154.3524399719831,1182.0509186073634,1050.8571178641635,1180.1110375317285,1133.9050894067213,980.1981792215166,1119.7492445412988
1610555617.51LjzIROg0aeCP2GhDcAVQ0LipKJB9jmKc,1223.0083481637548,1117.8187929820979,1280.2932404616995,1197.7512375236033,1144.2350687781511,1326.0785454164525,1184.6773770114264,1321.0464166757113,1302.7809639476602,0.0,1299.1066928229898,1357.1690207287686,838.6693152492842,1295.4293047496355,1418.6091798156638,1112.181447792082,1422.5469489314064,1361.8326178246857,1321.8103782165747,1106.597075531061,1351.7834233243182,1448.403411901521,1099.1493325366594,1298.9241411063097,1297.207992788219,1347.6580707490205,1136.24699252477,1353.8922659702575,1150.2031308155651,1191.1485170818646,1083.4147943796625,1370.9809838180217,555.8468601208427,1170.3386551931585,1305.407099875189,1330.9938045023507,1226.7363157060252,1069.2890728680693,1068.6346504431338,1288.6382760272184,1235.8898678659282,1383.1312244860428,1339.7187896594523,1303.2974806410823,1309.5946223785124,1401.2064331449517,1317.656963858408,1310.3424968724623,857.5117272471311,1334.1903385910314,1338.7415772896384,1305.1180939873884,1131.2085861507594,1289.1597015002242,1152.1726121444754,1275.527322765734,1368.1474208006355,1299.380079572857,1344.485846591471,1376.3144545774057,1407.446394089908,1472.3043559878638,1069.1762640084019,1456.7799746749258,953.3313959625011,1471.8523754824155,1386.352562358731,1438.2516498196496
1610555608.17OpjjHobqRkX0UPcaXrbu7K6L3805SZri,1100.3624664212878,855.7521810225786,1134.2284129750756,644.6460063761383,1006.4740638522178,1055.4237034658054,1016.8833296383691,1111.9128207717763,1052.850516865734,1299.1066928229898,0.0,975.6443958969155,1279.8360184147423,1085.701053621348,947.7263721860054,903.0588171488934,664.7855183213914,806.9714724526785,956.780262210515,1063.7667817826587,941.26949991199,856.9949608974333,976.1643309962608,1101.056821720088,942.662898866349,1059.9133723373116,1059.2781412569022,948.3239619099867,1074.7264670126203,947.0332712988928,1093.6418327023543,1032.78828546408,1285.2466651513532,1008.9378959312273,893.9032383295864,861.938610814307,976.090187585905,894.7023174075715,915.2179315842639,1190.8944015618297,762.4938531236327,827.848833925526,938.4422804406391,907.2335764037192,763.3937590099741,724.7118776880906,1087.8620302329693,1159.6739789238227,1138.7750304038743,1046.4412733424854,966.6677461321694,1023.9061120965924,1051.0342798026647,900.8027319159845,998.9282203409805,988.3527940408871,836.513375443409,1010.0029062277082,1099.2939462773518,952.5157973425562,841.5639848948662,897.3521829566793,1061.724163094908,876.6207360644804,1066.817980258357,877.1398394764011,1007.9430106675794,896.1179258520866
1610555721.82zWeNZfGUUfRJkgnAwlP8VMhPzXctnSd4,1138.5162827431877,1000.5651443099346,1163.3633033150072,954.1941854158329,1065.1384127281976,928.8954273167872,1101.032760826639,1130.6515650292713,1053.3960081077566,1357.1690207287686,975.6443958969155,0.0,1368.790334436808,1087.663382441816,933.5931575646282,930.6312019231889,1030.1423988609363,915.4738144417422,994.2646270959694,999.859989442336,556.3502557609778,872.6613950747967,1104.676242780367,1119.8951888899041,918.3195878672732,941.9988758736183,1122.0950259690023,653.5876486490729,1048.7079326165538,1126.911167045066,1193.4539266473844,1071.3614803376713,1330.2439191496708,1037.7126965168227,705.135940129571,750.8697535148177,865.5182987943328,1034.5390658030485,1039.1598012793756,1106.560323093259,905.1857280523868,792.3283718106393,945.8419690717349,761.8145694152125,953.8145574889021,954.830262485911,890.4526048300506,996.4876246488939,1208.6425600695836,1063.3902146664805,719.9208184560899,1001.4941615064434,1041.9109392645682,1055.7919663512,1019.6805404706283,983.3052404733597,968.4183293568093,789.6345188282932,905.5468287099065,994.7126973286735,962.0507182757823,998.2855135708184,1085.6187106378243,975.2668899316404,1156.9744395045968,1015.4308660919107,1087.5341617429929,1041.5888671544178
1610555735.75bom85BDF0C7W2eIseHeMxi24qR68nzMi,1230.0010134210215,1036.6142412224578,1279.2311576816217,1174.3277484837731,1177.1766280812772,1286.8377097696045,1153.5355014695222,1303.906490991653,1297.4627746926344,838.6693152492842,1279.8360184147423,1368.790334436808,0.0,1276.773702552389,1406.373273417681,1154.198499112747,1407.6955239749427,1319.82089445922,1290.4043508879079,1142.4255648868957,1362.6954574649685,1416.6554596670696,1143.3062561930114,1291.2054242504707,1334.8313798078977,1317.7225916729833,1189.7461272392106,1386.5125073586664,1175.7555499827517,1161.1182119381851,1116.4339977557845,1331.521097827432,685.8575450725933,1196.6007055945745,1339.7020253687035,1376.5261128421007,1242.5825809889268,1107.07675178139,1101.4947306632619,1347.1222711935745,1275.9348521737204,1399.7099876805266,1420.9446014360635,1335.2543122172026,1287.4461846590805,1361.2935151551983,1390.3399916047113,1361.2089019862942,1033.8019702114386,1403.6970867758903,1381.0916653511267,1351.5647117281962,1127.895137334375,1234.3407537385197,1178.3556105372475,1308.038037310037,1353.743640281197,1340.4456093364372,1371.899702034516,1340.4025316983398,1389.820979801039,1429.7771616084453,1097.2850409910197,1417.6843338432627,1058.0690762054146,1429.299467704442,1391.9189323102084,1414.7402341406737
1610555735.77NnT5xqKnwcf2BbjIekeb2arTQj6QMNwk,703.9596358964542,1126.4239589664999,752.4809686064136,1088.6479971426834,823.9230214202677,846.9912178739213,765.5163375008673,670.1292534245868,686.2743534550535,1295.4293047496355,1085.701053621348,1087.663382441816,1276.773702552389,0.0,1114.0427530417062,1101.8993669402241,1137.1632322712333,1118.551964742576,725.3432444066772,1009.084695408052,1061.8494480599702,1129.8227798329606,957.9070239037089,649.0206821759872,932.7511491991006,872.1413921095692,948.8084678279924,1100.7810142937196,1253.1845232307735,900.8045050979713,1039.7443240166547,835.2614757843185,1308.2633412984017,1225.8727350556478,1025.799915415654,1080.428689155229,1070.0632519790547,1126.0399973289364,1164.0597030730362,1094.252421838849,1090.270008797943,1107.5597972214514,1130.9410438776893,1051.152357216556,1105.4952590592043,1114.181274423055,1132.1770273005984,1028.3603297523448,1208.8971435033357,1112.3676138053665,1081.429330068998,872.9122513766112,1060.8629348086035,1226.8518357799758,1006.1330335180429,843.1463734792346,920.5128044551321,1040.510680363821,990.3782875380014,804.728915976428,1067.234335263159,1190.3976137708319,1223.0664481551955,1071.807581636726,1205.3803139064228,1161.6142950928504,1033.6068712862188,1152.2157730811693
1610555638.33wjf1PhdNaoWfbRzXVn50hmFyB5bYAiLV,1140.3356725005026,989.3935346511763,1161.854820398271,982.1839714901224,1130.0069188248435,1127.2368828191854,1120.941425089373,1131.0220533968145,1077.3925174296678,1418.6091798156638,947.7263721860054,933.5931575646282,1406.373273417681,1114.0427530417062,0.0,1120.557052383569,958.6084352250926,859.5909848331253,1019.4461545145701,1221.700827089789,994.4026422326383,764.2767888026726,1152.955921130162,1121.3781962776675,983.6597331333097,1129.148349220478,1178.6049067944648,1035.3027094241784,1136.4739242276592,1130.4617208182572,1193.7005066339848,1045.7476305146615,1393.2668940842104,1238.9086991653385,922.8107849542415,935.5141242258217,1081.1123171383458,1149.325447854712,1121.5494040971441,1165.0649542206713,977.2619732571112,870.9469411316825,833.4563675624336,1029.8913987940857,852.0027870880713,892.4174637921321,1154.2498258880387,1217.1186047789363,1347.5826151962356,1076.7437427169325,1056.7949408422608,1049.2189969624212,1227.3247448579705,978.6838760225253,1166.820050915144,1035.3975689039694,927.5136322331086,1108.1714706049133,1158.384519071397,957.295801540091,968.9672978305314,869.205475204322,1258.1144167334446,893.3231282278183,1271.547530080946,861.0527863314537,1096.9641121184702,1049.987469666422
1610555606.65jCE4ig8Pu8kvAzkxnSGfWsV0nQBjCf8H,1101.0977992109226,885.5274948745242,1153.7291977279979,787.7970334529815,978.6522659829793,1006.2691063270571,992.7119094793298,1129.9691280357113,1076.5238408150192,1112.181447792082,903.0588171488934,930.6312019231889,1154.198499112747,1101.8993669402241,1120.557052383569,0.0,1079.7765420511103,1096.395470718672,1032.2583952089544,857.9362416986039,934.0717826600994,1131.79426599293,861.6746001940472,1113.557521455782,989.8972759530631,1045.0389793813863,979.8804547956419,918.1593814742023,949.9085038377954,918.3782296329447,946.5708672734296,1112.684170835257,1092.5521695560099,732.7438968026813,792.20480544865,809.4941654429944,794.8589282044146,640.5662166536043,835.8001649948935,1100.8795495450897,805.7770294841504,1011.2307464879277,1023.9978268732128,865.8626706968657,926.6847503168129,1059.7237610313523,962.7223900682536,995.4471263054552,982.5170769867798,1105.2760625246808,864.4297805533506,984.2480354566314,830.4947532077342,976.7357364647102,725.2362408582607,986.98176727957,1039.5846280522733,891.4758126644385,941.2279145525985,1066.296617330304,1047.9123842090337,1133.2686776949558,851.9226217275565,1123.3702326347918,933.1335716226407,1152.470381885302,1115.6642131748952,1086.8078800026585
1610555608.18ONsBCVo1i7BrX0XG9stct4oiA6ejX9Oz,1146.0553116297879,1024.988118546312,1168.4681942338843,898.8502075589386,1152.7409361462394,1120.783382706034,1161.2406115315196,1148.6233601190793,1103.553623579124,1422.5469489314064,664.7855183213914,1030.1423988609363,1407.6955239749427,1137.1632322712333,958.6084352250926,1079.7765420511103,0.0,829.7898300052065,1017.4232083575964,1190.685905696315,991.6834147125744,837.5952076898109,1144.8000011510405,1140.7801665904528,991.3347240518527,1105.9500819599104,1180.5464469779276,1011.9655797333503,1138.342562835573,1110.6590911761323,1245.6427532185155,1085.7343154653638,1417.5543138765267,1176.4249396966754,961.7359058102913,923.4634178059104,1143.5153659891625,1078.0813969139012,1084.096807283284,1244.7804966497526,952.0015455812625,862.3383061755745,1002.0387524883939,961.2273383223911,842.6298828087859,756.995793160934,1149.3522388789636,1210.451433602208,1259.5892612361802,1058.142033927268,1030.2784286881451,1079.7357819008282,1204.0169897129686,1040.9795209475287,1149.8299295478232,1049.8611783026483,875.1076714876137,1060.4662020797396,1168.1031607238556,1018.9507516407111,836.2471381243395,896.3550849654758,1176.6565818295908,857.9883017331002,1190.5553988070237,848.0600124846842,1027.9440904626983,897.8801499905094
1610555721.51RNoQUMP19FTMS79BmA3JkgSm2IC2AQuQ,1110.5077762578292,824.6303879621372,1119.7364179507922,889.6930944650804,1104.1789596045116,1096.871440930444,1097.4584970648298,1140.5117878790559,1089.701909314005,1361.8326178246857,806.9714724526785,915.4738144417422,1319.82089445922,1118.551964742576,859.5909848331253,1096.395470718672,829.7898300052065,0.0,1008.350265197858,1205.3435776286142,930.8200474580669,750.3443678599033,1142.899147791371,1128.7553652313206,968.1291345826721,1093.91224358937,1181.4444336225836,965.4223594727137,1076.891076261285,1109.231684509828,1232.5770121227893,1066.8032232181909,1341.441121266162,1166.1035542990235,911.5177449061133,921.1583005125863,1109.569855907058,1067.7692433237544,1055.374575297201,1248.2207769932322,961.3764040264059,776.8900395250381,992.8099030308209,947.67044518843,797.9594644466018,642.9730871842432,1144.3568093364277,1214.8618522894633,1213.3365910057923,1101.8777000614475,1008.6403516873785,1088.014063238577,1172.0301836994959,951.405972336033,1159.325035798974,1039.3901558841021,899.3381644309976,1055.3321347927763,1146.0767931414164,973.039259415106,826.130510038978,807.8434531539809,1176.780913623599,804.6082521489006,1155.9590288562547,817.0459346635931,1064.819306835031,904.8303061770587
1610555971.86O0cHB2ibBJ8jxoObg01EpGe8VVV5mpwn,747.7094755286307,1061.8435153781081,813.3730114183995,966.5990761428574,753.551172001902,624.3590098457697,797.5647382742325,791.1902980957656,611.812458948753,1321.8103782165747,956.780262210515,994.2646270959694,1290.4043508879079,725.3432444066772,1019.4461545145701,1032.2583952089544,1017.4232083575964,1008.350265197858,0.0,995.4199002334154,966.9561232653704,1006.7730090066532,838.048955578863,768.1614380395921,776.0153449785015,704.2964619626117,887.9112301469017,976.8543716639365,1151.0562934958364,798.8346490537785,1026.465199697906,718.655089526104,1319.5431654367694,1135.0335191134948,931.5825672379793,963.0018334330206,986.9701470008738,1041.6844275748076,1076.5970931226418,993.973262083955,965.973164313839,992.3558858187922,1015.2547650389087,905.8631583906656,987.9224453230747,972.0856516908872,1046.67410100961,929.1268651405279,1186.7083622685573,999.3631430793262,966.6270578265359,775.8124878035252,1030.0089688469236,1131.4434614494305,963.5926654768408,672.8235021013153,748.0206626632508,961.1764346179945,890.5254566622784,652.2845550419033,953.8994991188431,1067.5093669043395,1163.0574703954226,944.2914947965726,1167.837871697986,1044.4352292907463,925.6704321351275,1017.5991663658679
1610556911.51zU3duZSGpcw1BDNsBLxdOCITAXwl6z3i,987.5130079688347,1058.4559005900007,1041.3094517503973,989.8305089840104,887.2245622872587,900.8802327664899,935.0371336108275,1032.063357088263,986.6121951595,1106.597075531061,1063.7667817826587,999.859989442336,1142.4255648868957,1009.084695408052,1221.700827089789,857.9362416986039,1190.685905696315,1205.3435776286142,995.4199002334154,0.0,975.685019914462,1228.9642972545796,868.7131423737586,1011.9205587002878,1032.1110565275753,930.3271585604255,883.9849881823146,1001.3269220502358,1138.064029044217,933.0415022244299,1020.7966537862766,1071.9916045120133,1090.2232651586141,952.899846699952,985.9539430227188,1019.1668727280139,823.6595340997873,935.2097055889492,1022.7254333768135,1148.5432057804169,973.1282549792035,1137.0300528915122,1181.5989275103273,937.9856286830078,1105.5808752864023,1192.163729491771,1019.9990719904774,936.4990571130814,1029.6388126535562,1169.0013251825812,986.7882662800091,1034.087829307243,935.3770748281764,1158.5089602886803,757.9126802308106,982.5927720974476,1055.5746157238943,908.2566671896335,951.1817555015336,1080.7409461503894,1178.1531752078322,1251.852138063471,940.2653963917842,1241.4884353274733,996.3213028693899,1252.690556422846,1146.4418289508576,1223.6966114247584
1610555988.71dMoYT8250UHHJGxgmITTmbHe7V6gH1yU,1126.9363934798125,1069.764188840903,1149.8990319364045,961.804773726816,1045.1235745122924,881.492135450997,1088.4904198465,1124.3376245641434,1036.1242213057337,1351.7834233243182,941.26949991199,556.3502557609778,1362.6954574649685,1061.8494480599702,994.4026422326383,934.0717826600994,991.6834147125744,930.8200474580669,966.9561232653704,975.685019914462,0.0,938.9619400882372,1081.5637379377251,1116.5599574918606,935.4466437965482,874.8225746290835,1114.5875537969077,614.4399020153251,1022.233883466856,1110.00266521869,1189.3568456707235,1066.697829563633,1318.950631819258,1028.9259803478246,702.4731592804653,743.0089004467716,857.9904650291177,1033.1959078017815,1070.2016417730981,1102.5301831168151,873.0497841746281,816.3690234187366,933.9077861482358,729.3688169520234,963.8075442607022,925.2534515885899,864.3492772319621,982.1798006388259,1211.1912844640356,1043.4637319772853,685.7000749566738,974.3502099739893,1063.9552754243564,1114.7358478156793,1004.5984314633023,952.1508437265625,947.0491187104845,729.4257107904048,869.7774961728098,989.531854715457,940.4427593553233,1033.7084057225795,1080.4144108033117,1003.2465000467369,1157.7984645856773,1027.1920894118443,1071.6467023433654,1018.2356877716492
1610556042.81mlUZsSp7gbGjrp8jQSnybT1gPy6e62o1,1154.4398660819406,975.4543636518304,1165.9172924535121,945.4475552792956,1143.7392401620925,1125.4706724926832,1139.8859619978466,1138.6003343373618,1095.8106648804458,1448.403411901521,856.9949608974333,872.6613950747967,1416.6554596670696,1129.8227798329606,764.2767888026726,1131.79426599293,837.5952076898109,750.3443678599033,1006.7730090066532,1228.9642972545796,938.9619400882372,0.0,1168.0301322449031,1130.4576343191754,959.5794450748318,1120.1374384759722,1206.7650866386182,962.343823305454,1174.3326833801837,1130.2749318506037,1280.0703713910543,1044.1436294889022,1436.5923174356155,1212.442505796269,936.2759460373919,918.2090792353075,1135.7547052804541,1127.0734601597023,1082.7111009556486,1227.6910586652812,992.0983038492218,712.3209488122058,971.8722937994473,997.3197691388459,850.3350231677215,787.224574429309,1155.6788258908189,1218.9147809981105,1290.2126276062395,1063.735085282276,1029.4920130940266,1080.3573670225267,1194.3053186351242,948.9811364728306,1203.7167775629014,1049.2009772442648,871.0620681139878,1087.1825479981335,1162.6512347586977,933.7333380135173,777.6153957997075,739.390474557199,1227.3075640721006,705.0298828562187,1219.7824472303823,673.4424492184157,1037.7896748488063,854.356540385187
1610555637.02UBW5nKvDyUrKnaWcYRGajZPxTRDS0q3N,887.1451519288495,986.3537246018025,959.8143852318291,902.6713257454161,654.6236845574682,900.6111629159668,808.2348371317737,948.0028062737781,872.2447445533247,1099.1493325366594,976.1643309962608,1104.676242780367,1143.3062561930114,957.9070239037089,1152.955921130162,861.6746001940472,1144.8000011510405,1142.899147791371,838.048955578863,868.7131423737586,1081.5637379377251,1168.0301322449031,0.0,928.9464830193826,843.9343208694297,951.6302236262608,735.4212925183735,1080.779501590975,1134.8337258048732,691.4939732951482,891.4152959493275,829.5085842019815,1093.0800446012995,910.0198581154356,1013.5285133936677,1023.7463844438379,873.4862416466735,809.8608000283211,875.0231058545646,1045.8849312939599,885.2559675929773,1097.509047517247,1060.5974088852447,1016.8790377271573,1018.795345228493,1104.2234469327839,1069.4414923212494,955.7747453809001,972.8445556415612,1064.6594850040256,1038.1384631522424,843.6131078397563,912.350016261544,1068.7107656052763,803.9142854883444,701.6808083024376,950.3504409959277,1050.6423853648218,931.3683196300522,879.5481116893699,1106.8428792353648,1186.0280199488097,985.1438711064517,1119.236540330674,956.0280243867369,1184.8709908905207,1092.5677131490274,1124.7360113321038
1610555619.13oUYNikU4facCTpUSiSLr0vPI0tJLnXiT,542.3616420574785,1135.126816173986,447.11592970531075,1095.5594029801446,848.4019016670131,882.661190486989,860.7121165110369,260.4523030262608,710.5910316202247,1298.9241411063097,1101.056821720088,1119.8951888899041,1291.2054242504707,649.0206821759872,1121.3781962776675,1113.557521455782,1140.7801665904528,1128.7553652313206,768.1614380395921,1011.9205587002878,1116.5599574918606,1130.4576343191754,928.9464830193826,0.0,937.6862947119331,913.1800578734383,916.2780981170685,1131.4352821624686,1258.0119895494795,888.4944833076056,1061.9018329428538,807.5306239085669,1298.5299572627932,1222.8634389150668,1073.8764370039246,1095.3505400854062,1095.7042725202125,1116.8108015805276,1154.6026283316276,1112.0947661994298,1106.0742383933784,1122.2153545109002,1138.1840722184222,1051.1293684426691,1107.7211614119715,1126.2007211987057,1134.0263479584319,1007.9448031935834,1205.381720297291,1099.4606293253212,1100.533347604907,882.9884816957455,1094.1652656437955,1215.6006230979367,992.497751510626,857.5896250987684,917.4679578478622,1094.2045998533674,996.6141535262233,834.5102138211115,1096.3248161231354,1174.5174292861286,1212.2686258611877,1075.8861151463732,1192.6415567024403,1159.5566505124857,1039.8951222399398,1164.7625715960946
1610555721.03nzkucfjAUh31zTbmCVvTVYqtjoxZFnBh,931.2790844551083,1012.9570995354438,984.545864777985,953.1695306626933,854.6303103156333,893.0057326336116,961.5538839638283,946.0770472055553,854.4529306741929,1297.207992788219,942.662898866349,918.3195878672732,1334.8313798078977,932.7511491991006,983.6597331333097,989.8972759530631,991.3347240518527,968.1291345826721,776.0153449785015,1032.1110565275753,935.4466437965482,959.5794450748318,843.9343208694297,937.6862947119331,0.0,919.4209946659062,929.9268932185662,943.9944993601299,1123.0035161345354,925.3983979677968,1029.6110019025364,822.0068796971678,1285.6107019173899,1087.237731902805,853.3647941860812,874.0146878253511,962.5284238210077,950.6660800014413,879.4633187276082,952.7306602445511,919.8142593052461,869.173239719084,928.2465680837163,890.0000518285631,937.0834667235939,904.4414294166031,1014.830551400206,901.1987307241938,1147.4649821145435,959.1254237119608,947.8373775867816,807.5963341956564,1018.2293634467843,1078.527601400934,981.9125405263575,667.911182696922,732.0822374587607,982.0474957926959,903.930856912287,762.7187850074662,940.5781329045434,1000.2859424705523,1133.8518698484513,899.4845978548335,1109.989377472657,996.4094537126899,961.1507997531642,1000.8360020284575
1610555722.67fhKURdXVzRbLIjXmjRwdJHTnE7PWb1AE,891.6107122265347,1151.7273899920183,947.0692641769404,1079.3049600107645,879.391208455206,410.34005395627315,888.7111337183645,933.779636219767,797.2341206204183,1347.6580707490205,1059.9133723373116,941.9988758736183,1317.7225916729833,872.1413921095692,1129.148349220478,1045.0389793813863,1105.9500819599104,1093.91224358937,704.2964619626117,930.3271585604255,874.8225746290835,1120.1374384759722,951.6302236262608,913.1800578734383,919.4209946659062,0.0,996.8021659297833,927.6924526499938,1160.4787384679405,924.4619352680459,1137.8877546872557,861.7233975201432,1343.7101010880294,1132.793885327352,960.7174620960911,983.0424812508168,937.1474333081035,1130.3271644695446,1156.8256320162527,1041.733957518615,1071.1304475670222,1068.2124037629644,1130.811692950227,894.6532160701172,1092.3194395028288,1060.2349581385533,940.8090887158538,859.2998157658288,1232.5334308474432,1100.8920005774023,923.8484478630781,914.3764772304966,1007.4128286448138,1207.7959360619284,967.2726584831971,823.736542660403,915.1740287258414,892.2286601349241,824.8416304201841,841.0766025484139,1048.6034871066186,1159.1405281219481,1167.6267535467082,1055.318586584838,1244.8035076201018,1144.416146095137,1045.9130080410364,1110.6834889202794
1610555638.39J2ZWBLuLTHP0jOlzB4tNHmYeijH5g5YJ,862.5214625490862,1073.085938358428,934.7695799037236,1022.6832010518135,707.693740465663,969.2498461983487,887.2344630025193,931.9885289053797,855.8549249387574,1136.24699252477,1059.2781412569022,1122.0950259690023,1189.7461272392106,948.8084678279924,1178.6049067944648,979.8804547956419,1180.5464469779276,1181.4444336225836,887.9112301469017,883.9849881823146,1114.5875537969077,1206.7650866386182,735.4212925183735,916.2780981170685,929.9268932185662,996.8021659297833,0.0,1123.8557778928741,1235.7128825375567,872.0385539218935,945.1005912450477,955.5461751054312,1139.4594089849306,1061.7791120344746,1067.5398677906605,1084.887539724419,961.6220421883887,982.1083614467431,1016.17074128144,1079.104045931746,965.4142857812923,1136.9629284697965,1113.530006535879,1069.0703568853132,1149.9158748477698,1180.9653734947588,1102.7749438933836,977.855158516452,1003.8684699571511,1017.1737296032317,1106.0276988425637,872.9769522302086,1002.7812190578633,1184.0710141730076,880.3089882938104,842.900931742445,1024.713319306519,1087.5111277484002,1001.9347214150764,975.1465741146985,1178.1647220116029,1237.3931261804912,993.3299277501164,1173.868629416631,967.4125711521262,1226.0039418854892,1044.585362735567,1209.273560266686
1610556032.17Q6yCDx9g7alRnL9jBFXD2JhhUyB2hKfJ,1144.4040308491683,1081.8863653567619,1168.4936519376006,942.9487760994731,1070.8919302968343,911.3169394296201,1121.6079029806779,1138.3070018647625,1065.926351767938,1353.8922659702575,948.3239619099867,653.5876486490729,1386.5125073586664,1100.7810142937196,1035.3027094241784,918.1593814742023,1011.9655797333503,965.4223594727137,976.8543716639365,1001.3269220502358,614.4399020153251,962.343823305454,1080.779501590975,1131.4352821624686,943.9944993601299,927.6924526499938,1123.8557778928741,0.0,1031.137979929864,1110.6687683489527,1210.652221564422,1083.730661510111,1334.8379140629402,972.2260686519752,756.2336779456826,726.4164276824423,867.3303163814019,1007.2984587956659,1065.397613707386,1090.4159040733587,875.8918823400181,822.8695999277587,923.8418460595775,719.037107532127,970.8557427944174,937.0437701643181,837.13898980041,973.4545995912753,1192.875338807568,1033.9941746853144,649.9135093951447,971.4758471197378,1037.8287786105072,1106.818737219811,1017.6846933437939,968.1537274311129,954.1584859946588,762.255415808965,832.0577966658763,985.3696708573614,916.5359655283754,1030.4192353217297,1074.9047456087858,998.9481808335584,1144.3811241843748,1030.4839570467864,1060.5510923779234,952.2701150329214
