,square,rectangle,parallelogram,losange,isoTrapezoid,kite,rightKite,rustedHinge,hinge,trapezoid,random
square,26.839172545369287,31.16219621194046,34.59589100473293,38.53771566312774,31.274762005715846,31.30536317764148,30.573703258156574,32.76011662423919,31.969755138955307,31.819313992449082,35.12184185198888
rectangle,31.162196211940458,28.75006581593549,32.425938275048914,36.227700965515,34.83656957079794,33.32163506509717,33.30323504299759,32.645832491636035,31.36795732428565,33.24974799386901,36.27318298095803
parallelogram,34.59589100473293,32.425938275048914,28.084391787562048,30.975855476525762,37.8052005301098,37.84212366396333,36.736441005700314,33.15270661949127,31.685402579373726,31.846274908476815,33.697029872893424
losange,38.53771566312774,36.227700965515,30.975855476525773,26.281177944273537,40.73343407615695,41.57370429310366,40.40080105206521,35.2849012977069,34.34463909166355,32.68050932673436,32.10943677469503
isoTrapezoid,31.274762005715846,34.83656957079794,37.8052005301098,40.73343407615695,27.570625228393247,30.898453278503062,31.043436669535144,35.64109921802615,35.6510134078579,33.69368554032152,36.07739693640689
kite,31.30536317764148,33.32163506509716,37.84212366396333,41.57370429310366,30.89845327850307,26.51530688614679,29.427831940111012,36.32357653045494,36.35507251432999,36.45299961290786,39.288389464289196
rightKite,30.573703258156574,33.30323504299759,36.736441005700314,40.40080105206521,31.043436669535136,29.42783194011101,27.75784107789561,36.08568134539771,35.75179812116447,34.13315257695473,37.69800807933204
rustedHinge,32.76011662423919,32.645832491636035,33.15270661949127,35.2849012977069,35.64109921802615,36.32357653045494,36.08568134539771,26.061855034608666,27.245344601810842,32.765941698753906,33.551039356923745
hinge,31.969755138955307,31.36795732428565,31.685402579373733,34.34463909166355,35.6510134078579,36.35507251433,35.75179812116446,27.245344601810835,26.250576957858346,31.789807458307358,33.05079510078658
trapezoid,31.819313992449082,33.24974799386901,31.84627490847682,32.68050932673436,33.69368554032152,36.45299961290786,34.13315257695473,32.765941698753906,31.78980745830735,27.365499925242002,29.83600309707277
random,35.12184185198888,36.27318298095803,33.697029872893424,32.10943677469503,36.07739693640689,39.2883894642892,37.69800807933204,33.551039356923745,33.05079510078658,29.83600309707277,27.09205064585529
