,square,rectangle,parallelogram,losange,isoTrapezoid,kite,rightKite,rustedHinge,hinge,trapezoid,random
square,88.57253743023347,112.9263075604773,129.01985155140315,145.17005980512292,113.84475039011473,114.66233101091119,109.79786603126767,120.77947521278354,119.29007147508287,113.79305647608182,131.86491597408823
rectangle,112.92630756047727,102.7075400025702,113.30362087201095,127.9971977956973,136.04381788641547,124.70563041900309,125.94726009581976,122.19691881775945,116.57333563774989,122.27345513840403,137.46106983988346
parallelogram,129.01985155140312,113.30362087201098,97.19885417914494,107.98319712958012,148.2005784329664,143.05235309957274,141.53084991170454,126.8544039000132,118.9829609502611,119.81465844018268,130.83858196572663
losange,145.17005980512292,127.9971977956973,107.98319712958015,90.25695535540005,158.18854215571596,157.01733491574703,155.3553897912845,133.5341393840795,126.75421793764762,126.88986222857598,129.2513879965999
isoTrapezoid,113.84475039011475,136.04381788641547,148.2005784329664,158.18854215571596,103.4804955923797,123.85094993942694,118.72618118616617,137.0774585492474,138.19231691525343,123.18177144807869,132.72537220453452
kite,114.66233101091119,124.70563041900311,143.05235309957274,157.017334915747,123.85094993942694,101.4736364519565,110.67914803342238,140.4252104723215,140.0428567051144,137.04372027635492,150.94324122991378
rightKite,109.79786603126767,125.94726009581976,141.53084991170454,155.3553897912845,118.72618118616617,110.67914803342238,105.38233098922169,136.96765838897477,136.77357329434727,128.1809560724374,144.09585476665998
rustedHinge,120.77947521278351,122.19691881775947,126.8544039000132,133.5341393840795,137.0774585492474,140.4252104723215,136.96765838897477,103.57077081882187,107.65464523260687,124.09675381966727,131.80126761754218
hinge,119.29007147508287,116.57333563774989,118.98296095026113,126.75421793764762,138.19231691525343,140.0428567051144,136.77357329434727,107.65464523260687,103.35548686514825,120.7748794581347,129.946806867387
trapezoid,113.79305647608179,122.27345513840403,119.81465844018268,126.88986222857598,123.18177144807866,137.04372027635492,128.1809560724374,124.09675381966724,120.77487945813469,97.72249404972317,112.35370714018609
random,131.86491597408823,137.46106983988346,130.83858196572666,129.25138799659987,132.72537220453452,150.94324122991375,144.09585476665995,131.80126761754218,129.946806867387,112.35370714018609,108.05524678714151
