,square,rectangle,parallelogram,losange,isoTrapezoid,kite,rightKite,rustedHinge,hinge,trapezoid,random
square,31.341149130405384,38.25426663927991,43.04019605472801,46.4143076967461,39.95760406764632,38.96849693883113,37.84270205854772,41.92562608800586,40.711128099543444,39.2528264622125,44.33310146060991
rectangle,38.25426663927991,34.498340727385596,40.45677551106249,44.57108046214936,44.95228626054012,42.27388997231525,41.98026881722979,43.1819475953402,40.804218590932976,41.839171617621226,46.71317736492614
parallelogram,43.04019605472801,40.45677551106249,35.18402936106742,38.91153556268844,46.51251730329137,44.80621004409186,44.25554486223783,42.77259890066268,40.714872218666684,40.65123694994743,44.47418611667179
losange,46.41430769674611,44.57108046214936,38.91153556268845,34.72105411561178,48.11906042330262,47.51505077946372,46.955991502319115,43.727145329664374,42.55926011662247,42.03378277888225,43.55924057235064
isoTrapezoid,39.95760406764632,44.95228626054012,46.51251730329137,48.11906042330262,34.73829741909526,40.209930653603095,38.8286824458279,43.31473523900394,43.50939207250463,40.55524140821409,42.54129643887616
kite,38.96849693883113,42.27388997231525,44.80621004409186,47.51505077946372,40.20993065360309,34.84901274772786,37.00789721894873,43.72650168929716,43.26963278612928,42.4561461739522,45.98029423253332
rightKite,37.84270205854773,41.98026881722979,44.25554486223783,46.955991502319115,38.8286824458279,37.00789721894873,34.569542423907706,42.567446225826416,42.172111480606,40.311184559875464,44.387463705149415
rustedHinge,41.92562608800586,43.1819475953402,42.77259890066267,43.72714532966437,43.31473523900394,43.72650168929716,42.567446225826416,34.884342087092335,36.782936277532215,41.62852478998167,43.10949527591222
hinge,40.711128099543444,40.804218590932976,40.71487221866668,42.55926011662247,43.509392072504625,43.26963278612928,42.172111480606,36.78293627753221,35.18787333415754,40.630635616605666,43.01526478307972
trapezoid,39.252826462212504,41.839171617621226,40.65123694994744,42.03378277888225,40.555241408214094,42.4561461739522,40.311184559875464,41.628524789981675,40.630635616605666,34.48464744684685,39.24623305968217
random,44.33310146060991,46.71317736492614,44.47418611667178,43.55924057235063,42.54129643887617,45.98029423253332,44.387463705149415,43.10949527591222,43.01526478307972,39.24623305968217,36.62476565025556
