,square,rectangle,parallelogram,losange,isoTrapezoid,kite,rightKite,rustedHinge,hinge,trapezoid,random
square,18.241261387379016,19.705838689814392,20.451818155004457,21.33664434507521,19.377878794312352,19.03286837140142,18.91046722317681,20.003720492069753,19.85678754608559,19.620216433397633,20.467072548634263
rectangle,19.70583868981439,18.145325719794748,19.21650141733385,20.157986125104898,20.62593802518535,19.842781331116964,19.829791102291917,19.436310682583052,19.03415436705887,20.12382560951647,20.95490495410364
parallelogram,20.451818155004457,19.21650141733385,18.606487321561048,19.68120137191332,21.088327658496585,20.584348663050598,20.40728654671775,19.92671289273383,19.523108769407447,20.270451208828007,20.99020016165207
losange,21.336644345075214,20.157986125104898,19.68120137191332,18.902810895169452,21.453060156568814,21.315095390964988,21.197023037384838,20.365653758834235,20.130793743670353,20.573445325149784,20.651542142352003
isoTrapezoid,19.377878794312355,20.625938025185345,21.088327658496585,21.453060156568814,18.457180492335223,19.39889951352217,19.346876885343434,20.757028966519226,20.7018685319471,19.76295988236308,20.196529410572374
kite,19.032868371401424,19.842781331116964,20.584348663050598,21.315095390964988,19.39889951352217,18.300486043384534,18.942226231586112,20.398333970270976,20.26840220837624,20.108448676904192,20.740508935835546
rightKite,18.910467223176802,19.82979110229192,20.407286546717746,21.197023037384838,19.346876885343434,18.942226231586112,18.373583628948612,20.27186650986059,20.12290876709205,19.65779762636396,20.583935031221255
rustedHinge,20.003720492069753,19.436310682583052,19.92671289273383,20.365653758834235,20.757028966519226,20.398333970270976,20.27186650986059,18.64418964572489,18.90209602119822,20.32806025334829,20.680944342500954
hinge,19.85678754608559,19.034154367058875,19.523108769407447,20.130793743670353,20.7018685319471,20.268402208376244,20.12290876709205,18.902096021198215,18.446335677583672,20.13848176899792,20.632595008072006
trapezoid,19.620216433397633,20.12382560951647,20.270451208828007,20.573445325149784,19.76295988236308,20.10844867690419,19.65779762636396,20.32806025334829,20.138481768997927,18.843280500744346,19.909324449733585
random,20.467072548634263,20.95490495410364,20.99020016165207,20.651542142352,20.196529410572378,20.740508935835543,20.58393503122126,20.680944342500954,20.632595008072006,19.90932444973358,18.92837171934103
