,square,rectangle,parallelogram,losange,isoTrapezoid,kite,rightKite,rustedHinge,hinge,trapezoid,random
square,33.030185114091566,39.12938187774819,43.48352619848969,49.07186960155325,39.35695030157605,39.519579221883426,38.84736427773091,40.38929269057258,39.6097087882548,40.04815539020062,44.428163862906445
rectangle,39.12938187774819,35.951247851805675,39.84518853654618,44.99468488666645,43.73297089615497,41.572675355694216,42.04322611019188,40.579399806107176,38.82467449155235,41.22539560730149,44.89005866359854
parallelogram,43.48352619848969,39.84518853654618,34.04043108729939,37.982929973767064,47.42683313741903,47.65441416545841,47.131370122580165,41.02031778256407,38.76390090080773,38.867991968538476,41.40905094557865
losange,49.07186960155327,44.99468488666645,37.982929973767064,31.780655591161636,51.44968265246218,53.032396188791125,52.18158888367971,44.071190862355884,42.45642629777658,39.94782466657619,39.73756617163443
isoTrapezoid,39.356950301576056,43.73297089615497,47.42683313741903,51.44968265246217,34.30594368733346,39.23234252996357,39.3723261400512,43.56706409552239,43.733726468299054,42.213511034948226,45.107099688106516
kite,39.519579221883426,41.57267535569422,47.654414165458405,53.032396188791125,39.23234252996357,31.826532979781017,35.92025149165223,45.70103874380166,45.757844957632805,46.69765356098789,50.28250371885245
rightKite,38.84736427773091,42.04322611019189,47.131370122580165,52.181588883679694,39.3723261400512,35.92025149165223,34.34250883922608,45.655776081556944,45.37668152227928,44.68946068578328,49.086405794678114
rustedHinge,40.38929269057259,40.579399806107176,41.02031778256407,44.07119086235589,43.56706409552239,45.70103874380166,45.655776081556944,31.62742363272464,33.07415592705695,39.47662399128382,40.85264155720479
hinge,39.6097087882548,38.82467449155235,38.76390090080773,42.45642629777658,43.733726468299054,45.757844957632805,45.37668152227928,33.07415592705695,31.631049287888064,38.053242272493044,40.02899935174361
trapezoid,40.04815539020062,41.2253956073015,38.867991968538476,39.947824666576196,42.213511034948226,46.697653560987895,44.68946068578328,39.47662399128382,38.05324227249305,32.97819076006158,36.16756131142421
random,44.428163862906445,44.89005866359853,41.40905094557865,39.73756617163443,45.107099688106516,50.28250371885245,49.086405794678114,40.85264155720479,40.02899935174361,36.16756131142421,32.938779824314324
