,square,rectangle,parallelogram,losange,isoTrapezoid,kite,rightKite,rustedHinge,hinge,trapezoid,random
square,0.0,1022.6614062086676,1400.7647224291568,1688.5526242887424,813.3613560867352,735.2726315037079,569.3819779657039,1118.6290914140661,1085.3172358458246,919.28794414907,1365.618670340079
rectangle,1022.6614062086676,0.0,777.1022875867584,1286.375694290075,1463.8884747733937,1159.9901643885723,1110.7337875331193,960.4612825874635,760.2318340867373,1142.8809768369517,1605.476355192073
parallelogram,1400.7647224291568,777.1022875867584,0.0,715.9467729171821,1622.7620212644738,1493.3074625788915,1387.2234305833085,1086.7203650081542,887.2992395114859,1086.032757969538,1427.3635108447622
losange,1688.5526242887424,1286.375694290075,715.9467729171821,0.0,1739.5228509135889,1726.2957732026123,1623.814374340048,1274.4719304440018,1172.4226399324054,1175.078174577137,1195.2852788431921
isoTrapezoid,813.3613560867352,1463.8884747733937,1622.7620212644738,1739.5228509135889,0.0,873.1988510018931,755.7983195465604,1412.3765668216345,1436.7650175825086,948.4587624862713,1180.9392383014695
kite,735.2726315037079,1159.9901643885723,1493.3074625788915,1726.2957732026123,873.1988510018931,0.0,572.2201242528052,1383.499500778104,1368.8219902974176,1230.660395102034,1551.1388710356005
rightKite,569.3819779657039,1110.7337875331193,1387.2234305833085,1623.814374340048,755.7983195465604,572.2201242528052,0.0,1295.8990224158435,1265.5751353133405,916.9641389418199,1389.52872444074
rustedHinge,1118.6290914140661,960.4612825874635,1086.7203650081542,1274.4719304440018,1412.3765668216345,1383.499500778104,1295.8990224158435,0.0,323.67542229505244,1129.7093197436968,1327.5447942452076
hinge,1085.3172358458246,760.2318340867373,887.2992395114859,1172.4226399324054,1436.7650175825086,1368.8219902974176,1265.5751353133405,323.67542229505244,0.0,1060.9322592784617,1345.69762488485
trapezoid,919.28794414907,1142.8809768369517,1086.032757969538,1175.078174577137,948.4587624862713,1230.660395102034,916.9641389418199,1129.7093197436968,1060.9322592784617,0.0,775.0840230448057
random,1365.618670340079,1605.476355192073,1427.3635108447622,1195.2852788431921,1180.9392383014695,1551.1388710356005,1389.52872444074,1327.5447942452076,1345.69762488485,775.0840230448057,0.0
