,square,rectangle,parallelogram,losange,isoTrapezoid,kite,rightKite,rustedHinge,hinge,trapezoid,random
square,0.0,0.004806726657345828,0.0078002046363503386,0.010992580914815253,0.0026797408183724114,0.0020054358642216386,0.0012704230758009416,0.00513482316418179,0.004910386593717786,0.0032506467709706444,0.0065523028711932385
rectangle,0.004806726657345828,0.0,0.002549776054210806,0.0059971140952789215,0.008556943097870695,0.005561763594527536,0.0052582644865354355,0.0031106070109220285,0.0019780598509860914,0.005471085777163598,0.008731487620173839
parallelogram,0.0078002046363503386,0.002549776054210806,1.1102230246251565e-16,0.0025701364914012537,0.009829844648434505,0.008191238267904466,0.007269108524968759,0.0041681883334674374,0.0029737769984047313,0.005398178316603941,0.007928994506437692
losange,0.010992580914815253,0.0059971140952789215,0.0025701364914012537,0.0,0.010976657846806015,0.01043363702308231,0.009916483605873494,0.005223342876153336,0.004808102626447375,0.006307877882554935,0.005731394199927742
isoTrapezoid,0.0026797408183724114,0.008556943097870695,0.009829844648434505,0.010976657846806015,0.0,0.003011782569482979,0.0024798990344709892,0.007746245490485748,0.007993035081201971,0.0036017622937722926,0.005326406920008853
kite,0.0020054358642216386,0.005561763594527536,0.008191238267904466,0.01043363702308231,0.003011782569482979,0.0,0.0013749328180329146,0.006705630352230263,0.006628645737006389,0.005324038753281024,0.007763459757235247
rightKite,0.0012704230758009416,0.0052582644865354355,0.007269108524968759,0.009916483605873494,0.0024798990344709892,0.0013749328180329146,1.1102230246251565e-16,0.006042885427088418,0.005814393378538063,0.0031808137107709467,0.007033357259656814
rustedHinge,0.00513482316418179,0.0031106070109220285,0.0041681883334674374,0.005223342876153336,0.007746245490485748,0.006705630352230263,0.006042885427088418,0.0,0.00040279296359857497,0.0051157615255654765,0.005994181538001908
hinge,0.004910386593717786,0.0019780598509860914,0.0029737769984047313,0.004808102626447375,0.007993035081201971,0.006628645737006389,0.005814393378538063,0.00040279296359857497,0.0,0.004818559701077141,0.006393643979188068
trapezoid,0.0032506467709706444,0.005471085777163598,0.005398178316603941,0.006307877882554935,0.0036017622937722926,0.005324038753281024,0.0031808137107709467,0.0051157615255654765,0.004818559701077141,0.0,0.002793178145482411
random,0.0065523028711932385,0.008731487620173839,0.007928994506437692,0.005731394199927742,0.005326406920008853,0.007763459757235247,0.007033357259656814,0.005994181538001908,0.006393643979188068,0.002793178145482411,0.0
