,square,rectangle,parallelogram,losange,isoTrapezoid,kite,rightKite,rustedHinge,hinge,trapezoid,random
square,0.10826037737395676,0.13016791618959644,0.15288526853844323,0.18241235479933543,0.13899124409376706,0.13844484355288764,0.129477021084599,0.1405492914979184,0.1384519868445794,0.13769861720544346,0.16424069975816646
rectangle,0.13016791618959644,0.11223516453441146,0.1364895894508725,0.17254949470618638,0.16608801049064392,0.1542529025123041,0.14780853249390202,0.13938817902430145,0.1320344319161595,0.15225855176271147,0.1856227821621042
parallelogram,0.15288526853844325,0.1364895894508725,0.120747692154473,0.142051332977134,0.18036324943664325,0.18001814881565342,0.1630418787576313,0.1467603258436835,0.14003533677439015,0.14576950774428973,0.17101098670873718
losange,0.18241235479933546,0.17254949470618638,0.142051332977134,0.12930737559521993,0.19585743469680175,0.20602224142082542,0.18685952720690802,0.1646448335617493,0.16290010419096654,0.1553840876619438,0.16119528237964734
isoTrapezoid,0.1389912440937671,0.16608801049064395,0.18036324943664325,0.19585743469680175,0.1261117731921379,0.14689299975431858,0.13960838821460944,0.16991309456558032,0.1706158527016254,0.1458956198652981,0.15950795119036326
kite,0.13844484355288764,0.1542529025123041,0.18001814881565342,0.20602224142082542,0.14689299975431858,0.1292164798720519,0.13620390692461118,0.1692778728368749,0.16831529972999612,0.16648727949305625,0.18735461743196277
rightKite,0.129477021084599,0.14780853249390202,0.1630418787576313,0.18685952720690802,0.1396083882146094,0.13620390692461118,0.12230418672505537,0.15760145061275954,0.15552885715064657,0.14264694226332833,0.16856779249906823
rustedHinge,0.1405492914979184,0.13938817902430145,0.1467603258436835,0.1646448335617493,0.16991309456558032,0.16927787283687493,0.1576014506127595,0.11309481211841642,0.11722543521840266,0.15025215649704413,0.16261812776178208
hinge,0.1384519868445794,0.1320344319161595,0.14003533677439015,0.16290010419096654,0.1706158527016254,0.16831529972999612,0.15552885715064657,0.11722543521840263,0.11403828115868124,0.14761210563326224,0.16460193154432323
trapezoid,0.13769861720544344,0.1522585517627115,0.14576950774428973,0.1553840876619438,0.14589561986529806,0.16648727949305625,0.14264694226332833,0.15025215649704413,0.14761210563326224,0.11988334481403393,0.13813219805214497
random,0.1642406997581665,0.18562278216210423,0.17101098670873718,0.16119528237964736,0.15950795119036326,0.18735461743196277,0.16856779249906823,0.16261812776178206,0.16460193154432326,0.13813219805214497,0.12223008913217692
