,square,rectangle,parallelogram,losange,isoTrapezoid,kite,rightKite,rustedHinge,hinge,trapezoid,random
square,0.16314055623774343,0.1964812180469606,0.219206016564789,0.2495704659889799,0.2045520662952948,0.19819828623635813,0.18980135850641808,0.20736095832921556,0.2051032875755634,0.19985240692767162,0.23398055905481016
rectangle,0.1964812180469606,0.1668392834770065,0.1919127490168891,0.22995081964964584,0.23703866746855773,0.21888707899675613,0.214456964833128,0.19946388507942064,0.19084197132124606,0.21845851143246361,0.25506691770638645
parallelogram,0.219206016564789,0.19191274901688912,0.17073629296635212,0.1951694035270172,0.2469012959991961,0.24172829126123863,0.2264977223194433,0.208859380238219,0.2012658126126171,0.20715571107707567,0.2365410252106735
losange,0.2495704659889799,0.22995081964964584,0.1951694035270172,0.17577344861357783,0.2564953238793963,0.2672294112729548,0.24947360816360065,0.2287362062172476,0.2266122690751588,0.21175919869206167,0.21725621673956663
isoTrapezoid,0.2045520662952948,0.23703866746855778,0.24690129599919605,0.2564953238793963,0.18741378823605329,0.21314357055493405,0.20609005363335672,0.23881574743263595,0.23997584426860438,0.20680030689990292,0.22228585450406127
kite,0.19819828623635813,0.21888707899675605,0.2417282912612386,0.2672294112729548,0.21314357055493405,0.18637861032298772,0.19729921273493486,0.23204146109011442,0.23191700946462815,0.23058425412768307,0.25741716585189933
rightKite,0.18980135850641808,0.21445696483312804,0.22649772231944323,0.24947360816360065,0.20609005363335675,0.19729921273493486,0.1821070581821709,0.2233483832570294,0.22217862658028614,0.20406890725394675,0.23713017428343347
rustedHinge,0.20736095832921556,0.19946388507942064,0.20885938023821896,0.2287362062172476,0.23881574743263595,0.23204146109011445,0.2233483832570294,0.17033786312233448,0.17628509056259165,0.21957221309038666,0.23609409888443592
hinge,0.2051032875755634,0.19084197132124608,0.2012658126126171,0.2266122690751588,0.23997584426860438,0.23191700946462815,0.22217862658028614,0.17628509056259165,0.17265115747016022,0.21676459437038387,0.23836922696949703
trapezoid,0.19985240692767167,0.21845851143246361,0.20715571107707573,0.21175919869206167,0.2068003068999029,0.23058425412768307,0.20406890725394675,0.2195722130903866,0.21676459437038387,0.17174558464686995,0.19488011226841484
random,0.23398055905481016,0.25506691770638645,0.2365410252106735,0.2172562167395666,0.22228585450406127,0.25741716585189933,0.23713017428343347,0.23609409888443586,0.23836922696949703,0.19488011226841484,0.17356150156813693
