,square,rectangle,parallelogram,losange,isoTrapezoid,kite,rightKite,rustedHinge,hinge,trapezoid,random
square,0.07943406465828154,0.09500183228842668,0.10709847522315276,0.1305898898286918,0.10334453381578797,0.10355401374194112,0.09173636484917766,0.09502463620752426,0.0932339692122512,0.09558013346606328,0.11459262635589673
rectangle,0.0950018322884267,0.0840267298335641,0.0983044033328705,0.12751316275624655,0.12327368120701916,0.11589681927839743,0.10579087299820372,0.09754107800654543,0.09174191662723344,0.10822174538886421,0.13486352081053754
parallelogram,0.10709847522315279,0.0983044033328705,0.08451762077949984,0.10180879916611847,0.13483354609299583,0.1368300800517884,0.11778031167428109,0.09734459769051652,0.09219501831152951,0.10077279150647135,0.11945698698089399
losange,0.13058988982869177,0.12751316275624658,0.10180879916611847,0.09390710414469577,0.1495047512189788,0.1592903859649074,0.13908146386763356,0.11216458484885097,0.11099595138289182,0.11105046242381593,0.11223385276752738
isoTrapezoid,0.10334453381578797,0.12327368120701916,0.13483354609299583,0.1495047512189788,0.09840079972542876,0.11134754699633677,0.10496537011078108,0.12368207615755458,0.12350895458009375,0.11000664366010783,0.11859224407168255
kite,0.10355401374194112,0.11589681927839743,0.1368300800517884,0.1592903859649074,0.11134754699633677,0.09997878573114363,0.10358611278903729,0.12545873200498805,0.12522585695747962,0.12571011911225152,0.1414936546961614
rightKite,0.09173636484917766,0.10579087299820374,0.11778031167428106,0.13908146386763356,0.10496537011078108,0.10358611278903729,0.09141773082355696,0.11134374853666235,0.10948275606645691,0.10374657393536034,0.1233008424845403
rustedHinge,0.09502463620752426,0.09754107800654543,0.09734459769051652,0.11216458484885096,0.12368207615755458,0.12545873200498805,0.11134374853666235,0.07650603688900812,0.07874703401902856,0.10020679300372988,0.11100966221999538
hinge,0.0932339692122512,0.09174191662723344,0.09219501831152951,0.11099595138289182,0.12350895458009375,0.12522585695747968,0.10948275606645691,0.07874703401902856,0.07683022077432987,0.09764614098841945,0.11294406869030503
trapezoid,0.09558013346606328,0.10822174538886421,0.10077279150647135,0.11105046242381593,0.1100066436601078,0.12571011911225152,0.10374657393536034,0.10020679300372988,0.09764614098841945,0.08455562708376081,0.09689942755804683
random,0.11459262635589673,0.13486352081053754,0.11945698698089399,0.11223385276752738,0.11859224407168255,0.1414936546961614,0.1233008424845403,0.11100966221999538,0.112944068690305,0.09689942755804683,0.08431669221950173
