,square,rectangle,parallelogram,losange,isoTrapezoid,kite,rightKite,rustedHinge,hinge,trapezoid,random
square,0.1108223574078766,0.13306875865715895,0.15625510270099632,0.186619142753386,0.14254437195192227,0.1419374248748509,0.13313947609814705,0.14469920539281156,0.14254602353943213,0.14144931192914423,0.16916457864058473
rectangle,0.13306875865715895,0.11480436465914927,0.13975925980103318,0.17695867162690415,0.17008966846133083,0.15796401622647296,0.1518440215452137,0.143405616627768,0.13589320086073747,0.1563069313607765,0.19078659923553368
parallelogram,0.15625510270099632,0.13975925980103318,0.12354774158858992,0.14548988357087075,0.18423532328230283,0.18392805162777368,0.16712085653982084,0.15075809930627593,0.1440149690626427,0.14945915860948555,0.17566117718244925
losange,0.186619142753386,0.17695867162690415,0.14548988357087075,0.1325190626101967,0.20011954207905008,0.21058825990542632,0.191501337408745,0.16925709400465971,0.16766677303977115,0.15933573650147823,0.16594895959391354
isoTrapezoid,0.14254437195192224,0.17008966846133083,0.1842353232823028,0.20011954207905014,0.12948101493755512,0.15086520733498923,0.14348449775110145,0.17437125321725527,0.17516062463943846,0.14969931368296682,0.16422589457954498
kite,0.14193742487485092,0.15796401622647296,0.18392805162777368,0.21058825990542626,0.1508652073349892,0.1326310205875441,0.13989673786343967,0.17374006644135906,0.17273377112808513,0.17072139215950766,0.192604343862979
rightKite,0.13313947609814705,0.1518440215452137,0.1671208565398208,0.191501337408745,0.14348449775110145,0.13989673786343967,0.12580684323653463,0.16211457833213982,0.16007693593966849,0.14675069292472132,0.1737030070126606
rustedHinge,0.14469920539281153,0.143405616627768,0.15075809930627593,0.16925709400465974,0.17437125321725525,0.17374006644135906,0.16211457833213982,0.11652248862476343,0.12082990995143837,0.1546774453598142,0.1675894199297018
hinge,0.14254602353943216,0.13589320086073747,0.1440149690626427,0.16766677303977115,0.17516062463943846,0.17273377112808516,0.16007693593966849,0.12082990995143837,0.11750015385239769,0.15208260938782558,0.16966480397135744
trapezoid,0.14144931192914423,0.1563069313607765,0.14945915860948555,0.15933573650147825,0.14969931368296682,0.17072139215950766,0.14675069292472134,0.1546774453598142,0.1520826093878256,0.12337262434807637,0.14250440087584446
random,0.16916457864058473,0.19078659923553368,0.17566117718244925,0.16594895959391354,0.16422589457954498,0.192604343862979,0.1737030070126606,0.1675894199297018,0.16966480397135744,0.14250440087584448,0.1266911850468771
