,square,rectangle,parallelogram,losange,isoTrapezoid,kite,rightKite,rustedHinge,hinge,trapezoid,random
square,0.09686305762413767,0.11601822306590533,0.1355045976064795,0.16221798798414724,0.12454243400840698,0.12437836446089126,0.11493488894290704,0.12307485513397298,0.12099849338265416,0.12173751412783185,0.14517507718403683
rectangle,0.11601822306590533,0.10061709333566518,0.12137945179406046,0.15395016416061616,0.1484857176143729,0.13838808291958254,0.13112446315001888,0.12299004037928782,0.11625644788470094,0.13497854980821405,0.16535302373969496
parallelogram,0.1355045976064795,0.12137945179406046,0.10723503565314699,0.1265602893535022,0.16220737479092648,0.1624530036495157,0.14525126513159928,0.1287003477983293,0.12233245377611138,0.12895926341745045,0.15145048412305537
losange,0.16221798798414724,0.15395016416061616,0.12656028935350216,0.115936744592891,0.176904720724394,0.18646636821081142,0.16735244927563522,0.14505657815812903,0.1430091783721884,0.13838059614512457,0.14261261954631793
isoTrapezoid,0.12454243400840698,0.1484857176143729,0.16220737479092648,0.17690472072439398,0.11430170803807715,0.1322089188090307,0.12555034590054692,0.151658795057105,0.15183177124541125,0.13129746777889686,0.14275204052696966
kite,0.12437836446089126,0.13838808291958254,0.1624530036495157,0.18646636821081142,0.13220891880903068,0.11701089580358433,0.1228805327305257,0.15174286292927805,0.15081943185499944,0.1498209584566009,0.16845787713477017
rightKite,0.11493488894290704,0.13112446315001888,0.14525126513159928,0.16735244927563522,0.12555034590054692,0.12288053273052571,0.10994535588879838,0.13992851476878118,0.13778786918830999,0.12715092809491402,0.1502217059883606
rustedHinge,0.12307485513397298,0.12299004037928782,0.1287003477983293,0.14505657815812903,0.151658795057105,0.15174286292927805,0.13992851476878118,0.09950823685822074,0.10282832247172208,0.13198916673592004,0.1433347547715589
hinge,0.12099849338265418,0.11625644788470092,0.12233245377611138,0.1430091783721884,0.15183177124541125,0.15081943185499944,0.13778786918830999,0.10282832247172205,0.10010937054721523,0.12921870054566412,0.14493786989819268
trapezoid,0.12173751412783185,0.13497854980821405,0.12895926341745048,0.13838059614512457,0.13129746777889686,0.1498209584566009,0.12715092809491402,0.13198916673592004,0.12921870054566412,0.10639577624942305,0.12223326590780186
random,0.14517507718403683,0.16535302373969496,0.15145048412305534,0.14261261954631796,0.1427520405269697,0.16845787713477017,0.1502217059883606,0.1433347547715589,0.14493786989819268,0.12223326590780186,0.10777386772421413
