,square,rectangle,parallelogram,losange,isoTrapezoid,kite,rightKite,rustedHinge,hinge,trapezoid,random
square,0.08917605845277583,0.10677734938160752,0.1233260386064221,0.1486175085274885,0.11583010321807667,0.11547442114612709,0.10507724983279493,0.1106931136724497,0.10870892969296733,0.11098366797089267,0.1325821215753819
rectangle,0.10677734938160752,0.09338497726939092,0.1118367468180776,0.1431209868732095,0.13813233064206437,0.12897985747571714,0.12049413322629608,0.111992101557537,0.10562706829768688,0.12414133158282738,0.15310741791488686
parallelogram,0.1233260386064221,0.1118367468180776,0.09790702586180264,0.11630494243512732,0.15093854428549341,0.15173689780993135,0.1336153462002395,0.11561846208857363,0.10965153866655314,0.11744949559900715,0.13847650649100288
losange,0.14861750852748848,0.1431209868732095,0.11630494243512732,0.10658729367620501,0.1653405654227802,0.174929345701343,0.1550858216664636,0.13127392101193075,0.12947238131906585,0.12684202149108295,0.1299029435845255
isoTrapezoid,0.11583010321807667,0.13813233064206437,0.15093854428549341,0.1653405654227802,0.10775988722497934,0.12337081274775678,0.11680614503375174,0.13966091631322639,0.13960482599712484,0.12256171162167273,0.13266377308307278
kite,0.11547442114612706,0.12897985747571714,0.15173689780993138,0.17492934570134297,0.12337081274775681,0.10978061840233622,0.11455872382912154,0.14016627348353006,0.1395728153304384,0.13970019351994706,0.15718634608578025
rightKite,0.10507724983279493,0.1204941332262961,0.1336153462002395,0.1550858216664636,0.11680614503375174,0.11455872382912154,0.10177866188215978,0.12742734547690268,0.12543613110123,0.11707896236903155,0.13875618946458151
rustedHinge,0.11069311367244969,0.111992101557537,0.11561846208857363,0.13127392101193075,0.13966091631322639,0.14016627348353006,0.1274273454769027,0.08924566930851713,0.0921786655559918,0.11867926535664423,0.12987627327551787
hinge,0.10870892969296733,0.10562706829768688,0.10965153866655312,0.12947238131906588,0.13960482599712482,0.1395728153304384,0.12543613110123,0.0921786655559918,0.0899256582067076,0.11595947933371749,0.1315902489106805
trapezoid,0.11098366797089267,0.12414133158282738,0.11744949559900715,0.12684202149108295,0.12256171162167276,0.13970019351994709,0.11707896236903155,0.11867926535664425,0.11595947933371749,0.09733886914843032,0.1117172972137384
random,0.1325821215753819,0.15310741791488686,0.13847650649100288,0.1299029435845255,0.13266377308307278,0.15718634608578028,0.13875618946458151,0.1298762732755179,0.13159024891068047,0.1117172972137384,0.09793459779651835
