,square,rectangle,parallelogram,losange,isoTrapezoid,kite,rightKite,rustedHinge,hinge,trapezoid,random
square,0.11578769276887219,0.13919423595527505,0.16381011125713993,0.1956020078686459,0.14962606352771593,0.14825690635044134,0.13939925611230267,0.1515820190990928,0.14932691986172614,0.14893219569709779,0.1788076198802499
rectangle,0.13919423595527505,0.1197964481059716,0.14645869198726977,0.18558518199681162,0.17831140902465537,0.1651726881009861,0.159170991947395,0.14984369489795338,0.14202543776748466,0.16441141383682706,0.20083403789513796
parallelogram,0.16381011125713993,0.14645869198726977,0.12975506584667873,0.15281404489211003,0.19236696447286838,0.19182669760421947,0.1748263285275682,0.15771652866733077,0.15089639286445838,0.1571457817361,0.1851424499162343
losange,0.1956020078686459,0.18558518199681162,0.15281404489211003,0.13883209836816082,0.20827106010258498,0.2193957379693692,0.1999718110990793,0.1771173013549324,0.175776036171611,0.16682600235418396,0.17457595638969342
isoTrapezoid,0.14962606352771593,0.17831140902465537,0.19236696447286838,0.20827106010258498,0.13544485823205552,0.15797552605292092,0.15017897653960263,0.1818630266972761,0.18272720425136535,0.15662458484920744,0.17246943029626535
kite,0.14825690635044134,0.1651726881009861,0.19182669760421947,0.2193957379693692,0.15797552605292092,0.13872843292427575,0.14628491619751993,0.18084653214199947,0.17987577651598063,0.178634798948914,0.20226671760960918
rightKite,0.13939925611230267,0.159170991947395,0.1748263285275682,0.19997181109907936,0.15017897653960263,0.14628491619751993,0.13170405439270488,0.1690521101745714,0.16706359245212113,0.15396963751262063,0.182938395321675
rustedHinge,0.1515820190990928,0.14984369489795338,0.15771652866733077,0.1771173013549324,0.18186302669727608,0.18084653214199944,0.1690521101745714,0.12150216097539711,0.12604542250801865,0.1622379455671029,0.1764270002118018
hinge,0.14932691986172614,0.14202543776748464,0.15089639286445838,0.175776036171611,0.18272720425136532,0.17987577651598063,0.16706359245212113,0.12604542250801865,0.12258881131386827,0.15970779757743025,0.17876103047384756
trapezoid,0.14893219569709776,0.16441141383682703,0.15714578173610003,0.166826002354184,0.15662458484920744,0.178634798948914,0.1539696375126206,0.1622379455671029,0.15970779757743025,0.1296386885980369,0.15032556799916547
random,0.1788076198802499,0.20083403789513796,0.18514244991623433,0.17457595638969342,0.17246943029626535,0.20226671760960918,0.18293839532167502,0.1764270002118018,0.17876103047384762,0.15032556799916544,0.13407534461604723
