,square,rectangle,parallelogram,losange,isoTrapezoid,kite,rightKite,rustedHinge,hinge,trapezoid,random
square,0.12512188332063925,0.15251639547159382,0.1696172003083216,0.1889424982379927,0.14435073689918015,0.1409429074657723,0.13556087453358115,0.15872942710956028,0.15575676717144143,0.1468961800236578,0.16801571962111683
rectangle,0.15251639547159382,0.12999839073280361,0.14559949484623388,0.16736147939687024,0.17599318620900367,0.1619906338734394,0.15861391009289358,0.15111823293936014,0.1429322882044675,0.16165710161563165,0.18552570962161244
parallelogram,0.1696172003083216,0.14559949484623388,0.13236965139201434,0.14864655912708738,0.18594957583811944,0.17889602123173934,0.17045798407572946,0.1600229480701593,0.15113451255580135,0.1609140904400643,0.18121488631412336
losange,0.18894249823799267,0.16736147939687024,0.14864655912708738,0.1367419303592904,0.1937154417199265,0.19570321249375844,0.18683503766323095,0.16964325961282617,0.1646169717017333,0.16557704132722814,0.17098310835262856
isoTrapezoid,0.14435073689918015,0.17599318620900367,0.1859495758381194,0.19371544171992647,0.13185575191548343,0.1489034322227734,0.14455501803476256,0.17845264077092973,0.1775281164554158,0.15029509215389936,0.16104948863778137
kite,0.1409429074657723,0.1619906338734394,0.17889602123173934,0.19570321249375844,0.1489034322227734,0.1342132687167197,0.14007511691049376,0.17439170259514106,0.17204446641189014,0.16302820925993328,0.18083937361665037
rightKite,0.13556087453358115,0.15861391009289358,0.17045798407572946,0.18683503766323092,0.14455501803476256,0.14007511691049374,0.12984458839717058,0.16884727502622698,0.1659572480693528,0.14758793833821449,0.17088256172291108
rustedHinge,0.15872942710956028,0.15111823293936014,0.1600229480701593,0.16964325961282617,0.17845264077092976,0.17439170259514106,0.168847275026227,0.13462917861570592,0.13685835936593893,0.16536754655663127,0.17604053937479375
hinge,0.15575676717144143,0.1429322882044675,0.15113451255580132,0.1646169717017333,0.1775281164554158,0.17204446641189014,0.1659572480693528,0.13685835936593893,0.1330148852101461,0.1612426450128329,0.17555249744303666
trapezoid,0.14689618002365784,0.16165710161563163,0.1609140904400643,0.16557704132722814,0.15029509215389933,0.16302820925993328,0.14758793833821449,0.16536754655663127,0.1612426450128329,0.1316921020725296,0.14906146148267066
random,0.16801571962111683,0.18552570962161247,0.18121488631412336,0.17098310835262856,0.16104948863778137,0.18083937361665037,0.17088256172291108,0.17604053937479378,0.17555249744303664,0.14906146148267066,0.1367240565887157
