,square,rectangle,parallelogram,losange,isoTrapezoid,kite,rightKite,rustedHinge,hinge,trapezoid,random
square,0.22438256171597146,0.27123960164166,0.300772135880388,0.3301954003869695,0.2524489194686297,0.24438794381815135,0.2379914068973107,0.27774744712082305,0.27503836602039894,0.25938813265630156,0.2938274542322469
rectangle,0.27123960164166,0.2330357719825134,0.2588702830742547,0.29143152124019167,0.30759589617331057,0.2810011698002905,0.27815657151284057,0.2646375540698331,0.25273481062934416,0.28445627123464107,0.3225378057900655
parallelogram,0.3007721358803879,0.2588702830742547,0.24614524852169256,0.270949415501598,0.3270007088517992,0.31012757701429555,0.3011267600821255,0.2804905400790415,0.2675949132113017,0.2907341361329684,0.3222308791666408
losange,0.3301954003869695,0.29143152124019167,0.270949415501598,0.2538741268130772,0.33822617950257317,0.33573956659284676,0.3271071880533915,0.2941984791825639,0.28663590009023504,0.2986876616216027,0.3051209302062013
isoTrapezoid,0.2524489194686297,0.30759589617331057,0.32700070885179927,0.33822617950257317,0.2346743065568226,0.25852776968984775,0.2538527044411235,0.30696317319698413,0.30794772179058255,0.26587395614791176,0.2854914262930109
kite,0.24438794381815135,0.2810011698002905,0.31012757701429555,0.33573956659284676,0.25852776968984775,0.23308248369452575,0.2433005449749696,0.29894956797194344,0.2962324220252942,0.2806187630893184,0.3106777973367713
rightKite,0.23799140689731063,0.2781565715128405,0.3011267600821255,0.3271071880533915,0.2538527044411235,0.2433005449749696,0.23131068535465715,0.29143691638471625,0.2883275910161183,0.26156834026689907,0.3003482243185822
rustedHinge,0.27774744712082305,0.2646375540698331,0.2804905400790415,0.2941984791825639,0.30696317319698413,0.2989495679719435,0.2914369163847162,0.24294269049616227,0.24536845408808952,0.28680866749673845,0.3056845585809217
hinge,0.27503836602039894,0.2527348106293442,0.2675949132113017,0.28663590009023504,0.30794772179058255,0.29623242202529426,0.28832759101611827,0.24536845408808952,0.23980333470487517,0.28200450052505793,0.3060611496469157
trapezoid,0.25938813265630156,0.28445627123464107,0.2907341361329684,0.2986876616216027,0.26587395614791176,0.28061876308931843,0.26156834026689907,0.28680866749673845,0.28200450052505793,0.24033759261668877,0.2702911912669765
random,0.2938274542322469,0.3225378057900655,0.3222308791666408,0.3051209302062013,0.2854914262930109,0.3106777973367713,0.3003482243185822,0.30568455858092175,0.3060611496469157,0.2702911912669765,0.2505292170115777
