,square,rectangle,parallelogram,losange,isoTrapezoid,kite,rightKite,rustedHinge,hinge,trapezoid,random
square,0.23855899252053117,0.2861823765723605,0.32587034087663796,0.36498078273118795,0.28672621461942116,0.2789876272503406,0.2749429720286844,0.31340219305285527,0.30779074815509955,0.2955605550481821,0.34337427559803874
rectangle,0.2861823765723605,0.24523883851401393,0.2865426880158007,0.33642882527548446,0.33630908796571507,0.3096696549137094,0.3105306794671967,0.2994077412070595,0.2854873215041457,0.32054453507885067,0.3707068526659784
parallelogram,0.325870340876638,0.2865426880158007,0.2580483039378628,0.28929710477841725,0.3495643748076611,0.34032798038691275,0.327836801207293,0.31798284088799017,0.3050084475428877,0.309620526973997,0.35118581678138594
losange,0.36498078273118795,0.33642882527548446,0.2892971047784172,0.2594956521620875,0.3606113543863742,0.370371471103032,0.3543628335838384,0.3406129507038685,0.3356852919300877,0.312385732485696,0.32749134255985374
isoTrapezoid,0.2867262146194211,0.33630908796571507,0.3495643748076611,0.3606113543863742,0.25285418185362646,0.2921747823587306,0.2827629256372374,0.3425088565987895,0.34216927265030994,0.28845917599341403,0.3147232524436845
kite,0.2789876272503406,0.3096696549137094,0.34032798038691275,0.370371471103032,0.2921747823587306,0.25697796827018465,0.27244588299803146,0.3330020322560489,0.32874719442821326,0.3195540611057952,0.35614576515888396
rightKite,0.27494297202868445,0.3105306794671967,0.327836801207293,0.35436283358383847,0.2827629256372374,0.2724458829980315,0.25329610568542266,0.32755433533480466,0.3232043032185899,0.2903573621812452,0.33677708551116264
rustedHinge,0.3134021930528553,0.29940774120705954,0.31798284088799017,0.3406129507038685,0.34250885659878944,0.3330020322560489,0.32755433533480466,0.25681576732874983,0.2641264875022728,0.32824031568779943,0.3488989302879268
hinge,0.30779074815509955,0.2854873215041457,0.30500844754288764,0.3356852919300877,0.34216927265030994,0.3287471944282133,0.3232043032185899,0.26412648750227286,0.2563496541317316,0.3231165037531849,0.34923384626014836
trapezoid,0.2955605550481821,0.32054453507885067,0.309620526973997,0.312385732485696,0.28845917599341414,0.3195540611057952,0.2903573621812452,0.32824031568779943,0.32311650375318485,0.25344368078214713,0.2896029361737121
random,0.34337427559803874,0.3707068526659784,0.35118581678138594,0.32749134255985374,0.3147232524436845,0.35614576515888396,0.33677708551116264,0.3488989302879268,0.3492338462601484,0.2896029361737121,0.263490880911477
