,square,rectangle,parallelogram,losange,isoTrapezoid,kite,rightKite,rustedHinge,hinge,trapezoid,random
square,0.3241139889256192,0.37790453424481857,0.4075396734909593,0.43777584362315497,0.3554942135582876,0.34556085663881997,0.3381349115101764,0.38229983516379934,0.3806360105439643,0.3603536118957591,0.3978152889590334
rectangle,0.37790453424481857,0.33314620645624793,0.36042652497526667,0.3936163019622306,0.4173031513876382,0.38767922706244323,0.38417988483427473,0.36630603550238033,0.3541425839474746,0.3896474390457278,0.4297365279667578
parallelogram,0.4075396734909593,0.36042652497526667,0.3453472865374305,0.37113396295389445,0.43573949075408563,0.4159152651466754,0.4070060663833063,0.38194083315832844,0.3693909499648484,0.39691399919265213,0.4295710919185097
losange,0.43777584362315497,0.39361630196223063,0.37113396295389445,0.3509465591223862,0.44559120950681586,0.4413385463510483,0.43350660828995186,0.3947173672464456,0.38796499675735513,0.4045335888697755,0.4099002091496945
isoTrapezoid,0.3554942135582876,0.4173031513876381,0.43573949075408563,0.44559120950681586,0.33529970030055567,0.3613833083387752,0.35676167575143447,0.4137536069177445,0.41626758457737517,0.3683770391682979,0.3889039693322554
kite,0.34556085663882,0.38767922706244323,0.4159152651466754,0.4413385463510483,0.3613833083387752,0.333025240761435,0.34402029776139303,0.4040367126803124,0.40215767940227076,0.38162468040166525,0.4133536888702607
rightKite,0.33813491151017633,0.3841798848342748,0.4070060663833063,0.43350660828995197,0.3567616757514345,0.344020297761393,0.3308458388183996,0.3953971831565578,0.3932009804596121,0.3620361432520694,0.40401911218133607
rustedHinge,0.38229983516379934,0.36630603550238033,0.38194083315832844,0.3947173672464456,0.4137536069177445,0.4040367126803124,0.3953971831565578,0.3422262095811548,0.34551777853071947,0.389808166125571,0.4100539123167281
hinge,0.38063601054396423,0.3541425839474746,0.3693909499648484,0.38796499675735513,0.41626758457737506,0.40215767940227076,0.39320098045961205,0.34551777853071947,0.34006442360562217,0.38609980006036215,0.41190829980137705
trapezoid,0.3603536118957591,0.3896474390457278,0.3969139991926522,0.4045335888697756,0.3683770391682979,0.38162468040166525,0.3620361432520694,0.389808166125571,0.38609980006036215,0.3388074297818624,0.37267915507989735
random,0.3978152889590334,0.4297365279667578,0.4295710919185097,0.4099002091496945,0.3889039693322554,0.4133536888702607,0.40401911218133607,0.41005391231672816,0.41190829980137716,0.3726791550798974,0.34926732735186217
