,square,rectangle,parallelogram,losange,isoTrapezoid,kite,rightKite,rustedHinge,hinge,trapezoid,random
square,0.13639627335849638,0.16445526952090503,0.18769011308720268,0.21797207097013585,0.17423436283489857,0.17049991490443145,0.16172642581545502,0.17568591567924602,0.17352294525175616,0.17095651913480947,0.20262571438792687
rectangle,0.16445526952090503,0.1394336876803231,0.16467728967792958,0.20261823825068226,0.20412708472793767,0.1887655892533209,0.18364739335590652,0.1704545428071932,0.16228884669359256,0.18744138680557845,0.22344102655449177
parallelogram,0.18769011308720263,0.16467728967792958,0.14654566484215314,0.17023467232143893,0.21616001943537463,0.213220854857271,0.1972612674061814,0.17881494900963402,0.17170475028803142,0.17880655191699593,0.20704076987137732
losange,0.2179720709701358,0.20261823825068226,0.17023467232143896,0.1542520915393798,0.2283402352100112,0.2389387264122893,0.22047960839272138,0.1978424461945955,0.19620671120673883,0.1861038582353682,0.19230488581012464
isoTrapezoid,0.17423436283489857,0.20412708472793767,0.21616001943537463,0.22834023521001115,0.15942123641884484,0.18303784466644202,0.17594728284126013,0.20702854673501625,0.20808782532301173,0.1792762619858167,0.19471012134494065
kite,0.17049991490443142,0.1887655892533209,0.213220854857271,0.2389387264122893,0.18303784466644202,0.16027941318546263,0.16974671931756652,0.20301917248201912,0.20270090949452704,0.20179016249488785,0.22692521037426305
rightKite,0.16172642581545502,0.18364739335590652,0.1972612674061814,0.22047960839272138,0.17594728284126013,0.16974671931756652,0.1551748254296621,0.19320936575662268,0.19170286778807852,0.17635278642177987,0.20716861624482816
rustedHinge,0.175685915679246,0.1704545428071932,0.17881494900963402,0.19784244619459557,0.20702854673501628,0.20301917248201912,0.19320936575662268,0.14269333783669794,0.14797158620105774,0.18746774385139217,0.20277300037158622
hinge,0.17352294525175618,0.16228884669359256,0.17170475028803145,0.19620671120673883,0.20808782532301173,0.20270090949452704,0.19170286778807852,0.14797158620105774,0.14454320426770514,0.1846734693025125,0.2050440011805908
trapezoid,0.17095651913480947,0.18744138680557845,0.17880655191699593,0.1861038582353682,0.1792762619858167,0.20179016249488785,0.17635278642177987,0.18746774385139217,0.1846734693025125,0.1483238258835166,0.1699987101099269
random,0.20262571438792687,0.22344102655449183,0.20704076987137737,0.1923048858101247,0.19471012134494067,0.22692521037426305,0.2071686162448282,0.20277300037158622,0.2050440011805908,0.16999871010992687,0.15137485242276985
