,square,rectangle,parallelogram,losange,isoTrapezoid,kite,rightKite,rustedHinge,hinge,trapezoid,random
square,0.12486504853809913,0.1506789908480581,0.1742109261964755,0.20513766953787632,0.161105083884689,0.15854778644156275,0.14943479132685258,0.1621894626316045,0.15994967961196369,0.15872816120124686,0.18965359501046786
rectangle,0.1506789908480581,0.1284990517829551,0.15432815364918176,0.19304049427112413,0.19050960944085346,0.176365923263569,0.1705420104566006,0.1591755726201303,0.15103244331950225,0.17484539464332932,0.2112740660268948
parallelogram,0.1742109261964755,0.15432815364918173,0.13704097361224254,0.16068993156655575,0.2033827912481633,0.20167022307464721,0.18491431036980518,0.16688422870524147,0.15981598911373587,0.16684065484069754,0.19510890878044632
losange,0.20513766953787632,0.19304049427112413,0.16068993156655575,0.1460728119729794,0.21731755804178274,0.2282204819922649,0.20898053645935583,0.18610254168707077,0.18457090699671536,0.1754288198332118,0.18236125643795026
isoTrapezoid,0.161105083884689,0.19050960944085346,0.2033827912481633,0.21731755804178274,0.14713875126555578,0.16991339516931167,0.16232751975374085,0.19367805177622896,0.1945084660917549,0.1672994435420581,0.1829393180438882
kite,0.15854778644156275,0.176365923263569,0.20167022307464721,0.2282204819922649,0.16991339516931167,0.14907329065227135,0.15739190815800477,0.19118251321206686,0.19047692020510723,0.189410003583637,0.21390607877602297
rightKite,0.14943479132685258,0.1705420104566006,0.18491431036980518,0.20898053645935583,0.16232751975374088,0.15739190815800477,0.1426960805098041,0.18014051921978427,0.17830147601592577,0.1641810708534696,0.19416641900441445
rustedHinge,0.1621894626316045,0.1591755726201303,0.16688422870524147,0.18610254168707077,0.193678051776229,0.19118251321206686,0.18014051921978427,0.1311144919023506,0.13595763746641654,0.17357881836381417,0.1885574906321278
hinge,0.15994967961196369,0.15103244331950225,0.15981598911373587,0.18457090699671538,0.1945084660917549,0.19047692020510723,0.17830147601592577,0.1359576374664165,0.13244830929638193,0.17079449025713617,0.19078941310623296
trapezoid,0.15872816120124686,0.17484539464332932,0.16684065484069754,0.1754288198332118,0.1672994435420581,0.189410003583637,0.1641810708534696,0.17357881836381417,0.17079449025713617,0.13815555293655604,0.15929526844393993
random,0.18965359501046786,0.21127406602689486,0.19510890878044632,0.18236125643795026,0.1829393180438882,0.21390607877602297,0.19416641900441445,0.18855749063212776,0.19078941310623299,0.15929526844393993,0.14181049913349203
