,square,rectangle,parallelogram,losange,isoTrapezoid,kite,rightKite,rustedHinge,hinge,trapezoid,random
square,0.12187061145196913,0.1469842137938344,0.17093126203823059,0.20238910469630225,0.15746033006914506,0.15545085041260703,0.1462915727109717,0.15898392022948446,0.15672722823130641,0.15572964927157867,0.18652268334122998
rectangle,0.1469842137938344,0.12580202844253782,0.15219580096422705,0.19147130435210222,0.18692256819237826,0.17317071522589642,0.16717876605552803,0.15673703425097574,0.14858637168686945,0.17191201417923624,0.2086880897848818
parallelogram,0.17093126203823059,0.15219580096422705,0.13494607296780856,0.15865370228006642,0.20023744611247202,0.19909178623490092,0.18202918168657545,0.16435023807510585,0.15730635218665381,0.1640227918970842,0.19242482188727802
losange,0.20238910469630225,0.19147130435210222,0.15865370228006642,0.14425752931087246,0.21503998261888005,0.22619906900165102,0.20669298542547315,0.18381961277350886,0.18239404627755795,0.17315972087801337,0.18043797534885006
isoTrapezoid,0.15746033006914506,0.18692256819237826,0.20023744611247202,0.21503998261888005,0.14352118814820222,0.16631016528077397,0.15853386066799413,0.19043120396451765,0.19121035282889154,0.16417512354009223,0.17997208367078496
kite,0.15545085041260706,0.17317071522589642,0.19909178623490092,0.22619906900165107,0.16631016528077394,0.1460684948182305,0.15406030479095748,0.18857731503145392,0.18770821476554045,0.18634263840352452,0.21072634750057387
rightKite,0.1462915727109717,0.16717876605552806,0.18202918168657548,0.20669298542547315,0.15853386066799416,0.15406030479095748,0.13927914629047014,0.17710701937385862,0.17513338871818648,0.1611500098219866,0.19095252290738438
rustedHinge,0.1589839202294845,0.1567370342509757,0.16435023807510585,0.18381961277350886,0.19043120396451765,0.18857731503145392,0.1771070193738586,0.12830094169606696,0.13301283634186575,0.17029841183086394,0.18502565366807924
hinge,0.15672722823130641,0.14858637168686945,0.15730635218665381,0.18239404627755795,0.19121035282889157,0.1877082147655404,0.17513338871818648,0.13301283634186578,0.12941955538065433,0.1675626244748743,0.18730457350330804
trapezoid,0.15572964927157867,0.17191201417923627,0.1640227918970842,0.17315972087801337,0.16417512354009225,0.18634263840352452,0.1611500098219866,0.17029841183086394,0.16756262447487427,0.13577825259237736,0.15685552982392678
random,0.18652268334122998,0.20868808978488174,0.19242482188727802,0.18043797534885006,0.17997208367078496,0.21072634750057387,0.1909525229073844,0.18502565366807924,0.18730457350330804,0.15685552982392678,0.1397227043729928
