,square,rectangle,parallelogram,losange,isoTrapezoid,kite,rightKite,rustedHinge,hinge,trapezoid,random
square,0.1530170709113736,0.18666843078314443,0.20640359990941093,0.2294594614201976,0.17362888874304855,0.16826130148724064,0.1627395343727119,0.19260010326499225,0.189552352871874,0.1776159210908893,0.2018631630695957
rectangle,0.18666843078314443,0.15883261906444193,0.17657546158506382,0.20105836215235598,0.2116720677013962,0.19406060941950098,0.19110984690966143,0.18253620035489837,0.17307503575122588,0.1953997143433469,0.22148429011425907
parallelogram,0.20640359990941093,0.17657546158506382,0.16313926334204928,0.18264214975111107,0.22394785613279,0.21366745209017757,0.20549254038647186,0.19257359749948713,0.18229475734150077,0.1966920502700114,0.21903611154846753
losange,0.2294594614201976,0.20105836215235592,0.18264214975111107,0.16883014073289374,0.2335840439875192,0.2334273064883579,0.22561718281577778,0.20255152854888897,0.19681596619262015,0.20344091874591932,0.20746971557682845
isoTrapezoid,0.17362888874304855,0.2116720677013962,0.22394785613279,0.23358404398751917,0.15970851588625923,0.17761335132266678,0.17346611929764033,0.21323930708914354,0.21255725325054134,0.18169741594080172,0.19493758018618917
kite,0.1682613014872406,0.19406060941950098,0.21366745209017757,0.23342730648835786,0.17761335132266678,0.15940857953051302,0.16658200075159954,0.2075920692894947,0.20487944563012206,0.19388113870456028,0.21446796944035293
rightKite,0.1627395343727119,0.19110984690966143,0.20549254038647186,0.22561718281577778,0.17346611929764033,0.16658200075159954,0.15635365359894327,0.2015412178389256,0.19836860806604217,0.17806623692218582,0.20530258153035622
rustedHinge,0.19260010326499225,0.1825362003548984,0.19257359749948713,0.20255152854888897,0.21323930708914354,0.2075920692894947,0.2015412178389256,0.16519286435408967,0.16705534654297421,0.19814405893368262,0.20985142056625417
hinge,0.189552352871874,0.17307503575122588,0.18229475734150075,0.19681596619262015,0.21255725325054134,0.20487944563012206,0.19836860806604217,0.16705534654297421,0.16250756002025,0.19375665620097215,0.20947594166324493
trapezoid,0.1776159210908893,0.19539971434334694,0.19669205027001144,0.20344091874591932,0.18169741594080174,0.19388113870456022,0.17806623692218582,0.19814405893368262,0.19375665620097215,0.16135830725880437,0.1822513276425227
random,0.20186316306959565,0.22148429011425907,0.21903611154846747,0.20746971557682845,0.19493758018618917,0.21446796944035298,0.20530258153035622,0.20985142056625417,0.20947594166324493,0.18225132764252272,0.16716414528089432
