,square,rectangle,parallelogram,losange,isoTrapezoid,kite,rightKite,rustedHinge,hinge,trapezoid,random
square,0.17493011311188536,0.2098680343873025,0.22867168337943025,0.25751092679096177,0.21498245343454556,0.2076976779127918,0.19943187798274462,0.2184771959915294,0.21641487513420543,0.21005692095594294,0.24251864241737361
rectangle,0.2098680343873025,0.18068029491148466,0.20292028433738832,0.2385105469567279,0.24749479297837249,0.22893917294176377,0.22470368412100855,0.21096883741385347,0.20274062602849033,0.22969068543713836,0.2638253398218631
parallelogram,0.2286716833794302,0.20292028433738832,0.1788795660326746,0.20182882549222808,0.25268561928242406,0.2473336729626394,0.23280693087907597,0.21817449693716517,0.21110242474606017,0.21464116504395248,0.24202955729762268
losange,0.25751092679096177,0.23851054695672796,0.20182882549222808,0.1814286487667647,0.2609241709015471,0.27147128180676244,0.2547683710824627,0.23750371626545697,0.23544389120676612,0.21764120025706132,0.22213747524357216
isoTrapezoid,0.2149824534345455,0.24749479297837249,0.252685619282424,0.2609241709015471,0.19622136319383562,0.222062403760116,0.21487297106051634,0.24682131484351877,0.2481188465801176,0.21439474607373388,0.22802308839372226
kite,0.2076976779127918,0.22893917294176377,0.2473336729626394,0.27147128180676244,0.222062403760116,0.19487432743243555,0.20565660070626393,0.23982583036519795,0.2395640859498256,0.23801240543035085,0.26307410516368046
rightKite,0.19943187798274467,0.22470368412100855,0.23280693087907597,0.2547683710824627,0.21487297106051634,0.20565660070626393,0.19054089064243682,0.23129406227118438,0.23039058568402646,0.21204343116636157,0.24328307551456313
rustedHinge,0.2184771959915294,0.21096883741385347,0.2181744969371652,0.23750371626545702,0.24682131484351877,0.23982583036519795,0.23129406227118438,0.18083385867023052,0.186984245484208,0.22906233782304375,0.24457805980062808
hinge,0.21641487513420543,0.20274062602849033,0.21110242474606017,0.23544389120676612,0.2481188465801176,0.2395640859498256,0.2303905856840264,0.18698424548420797,0.18364169592018098,0.2269213145024359,0.2472220117024036
trapezoid,0.21005692095594294,0.22969068543713836,0.21464116504395248,0.2176412002570613,0.21439474607373388,0.23801240543035085,0.21204343116636157,0.22906233782304375,0.2269213145024359,0.1790487842000976,0.20088485994248803
random,0.24251864241737367,0.2638253398218631,0.24202955729762274,0.22213747524357205,0.2280230883937222,0.26307410516368046,0.24328307551456313,0.24457805980062808,0.24722201170240357,0.20088485994248803,0.17908172936871913
