,square,rectangle,parallelogram,losange,isoTrapezoid,kite,rightKite,rustedHinge,hinge,trapezoid,random
square,0.08347913549645855,0.09984524064823351,0.11338082257859396,0.13722552897777257,0.10833446826230116,0.1080226457273089,0.09675333679600533,0.10094783490515512,0.09906508797596952,0.10153897287878537,0.12157156639233743
rectangle,0.09984524064823352,0.08785745862509213,0.10347349181050658,0.13321265080256708,0.12930876008198935,0.12092207017269026,0.1114837959017046,0.10296163775512807,0.09686191045581205,0.11448464555373712,0.14208561086126353
parallelogram,0.11338082257859393,0.10347349181050658,0.0896103937856228,0.1071770334473576,0.14110727101490214,0.1425265608130673,0.12386085341013982,0.10444303050078686,0.0988377595907644,0.10719551500572655,0.12676501449025063
losange,0.13722552897777257,0.13321265080256708,0.10717703344735757,0.09850635082144733,0.15540082829107385,0.1651788280364774,0.1451071379705771,0.11960394181134903,0.11807252228194207,0.11696530446294483,0.11886657493677406
isoTrapezoid,0.10833446826230116,0.12930876008198935,0.14110727101490214,0.15540082829107385,0.10237205552974862,0.11632164732424431,0.1099237656806218,0.13009117129093617,0.1299221317001026,0.11510006684429704,0.1241373011581962
kite,0.10802264572730892,0.12092207017269029,0.1425265608130673,0.1651788280364774,0.11632164732424434,0.10392237465831532,0.10808896265391776,0.13124638909176606,0.13085226123005683,0.13141625707736718,0.1480727649944465
rightKite,0.09675333679600533,0.1114837959017046,0.12386085341013982,0.1451071379705771,0.10992376568062183,0.10808896265391776,0.09570141059027082,0.11792138352454194,0.11595053529396984,0.10914146927053435,0.12973986219210615
rustedHinge,0.10094783490515512,0.1029616377551281,0.10444303050078683,0.11960394181134903,0.13009117129093617,0.13124638909176606,0.11792138352454194,0.08141890982374686,0.08393411552700802,0.10772330702100193,0.11886957969118675
hinge,0.09906508797596952,0.09686191045581205,0.0988377595907644,0.1180725222819421,0.1299221317001026,0.1308522612300568,0.11595053529396984,0.08393411552700802,0.08193222105156268,0.10502079866732072,0.12074017033000715
trapezoid,0.10153897287878537,0.11448464555373712,0.10719551500572652,0.11696530446294483,0.11510006684429704,0.13141625707736718,0.10914146927053435,0.10772330702100193,0.10502079866732072,0.08966349239334748,0.10276918107440017
random,0.12157156639233743,0.14208561086126353,0.12676501449025063,0.11886657493677406,0.1241373011581962,0.14807276499444652,0.12973986219210612,0.11886957969118674,0.12074017033000715,0.10276918107440017,0.08986412701341204
