,square,rectangle,parallelogram,losange,isoTrapezoid,kite,rightKite,rustedHinge,hinge,trapezoid,random
square,0.08660111628152632,0.1037167891965219,0.11872368874602146,0.14346439330987723,0.11239835415577401,0.11196379000327378,0.10091787198184063,0.10599225890956185,0.10408131538166232,0.10635187286980742,0.12741094624474458
rectangle,0.1037167891965219,0.09099320890433453,0.10812362281409624,0.1389018928204753,0.13422300954108157,0.12530308162149767,0.11617635161987958,0.10782373311096008,0.10152568016759775,0.11962720125543094,0.14826074743990733
parallelogram,0.11872368874602143,0.10812362281409624,0.09403520969410735,0.11204232079763132,0.14651948617357982,0.14764000771610675,0.12899458058562918,0.11010527459732893,0.1043090553882518,0.11247428399335571,0.1328920333711373
losange,0.14346439330987723,0.1389018928204753,0.11204232079763127,0.10279684680697995,0.16099967547903013,0.17077683532725865,0.1505512795083013,0.12553516160745962,0.12393375558101125,0.12225419652781644,0.1246611503434549
isoTrapezoid,0.11239835415577404,0.1342230095410816,0.14651948617357982,0.16099967547903013,0.10532788160668308,0.12019281678798842,0.11361005811024047,0.13510329045976033,0.13501281332406104,0.11914567583573929,0.12872694387020833
kite,0.11196379000327375,0.12530308162149767,0.14764000771610675,0.17077683532725862,0.12019281678798842,0.10721114990371614,0.11164390188127275,0.13602331100480486,0.1355556631988764,0.13599331008780702,0.1532859994598345
rightKite,0.10091787198184062,0.11617635161987958,0.12899458058562918,0.1505512795083013,0.11361005811024047,0.11164390188127278,0.09898653976975894,0.12276150336229154,0.12078257381573583,0.11336743845936076,0.13468480350996348
rustedHinge,0.10599225890956185,0.10782373311096008,0.11010527459732893,0.12553516160745962,0.13510329045976033,0.13602331100480486,0.12276150336229154,0.0854126262197021,0.0882014475045674,0.11314196122740697,0.12455708133371453
hinge,0.10408131538166232,0.10152568016759775,0.1043090553882518,0.12393375558101122,0.135012813324061,0.13555566319887638,0.12078257381573583,0.0882014475045674,0.08614033785845011,0.11044285865092941,0.1264977882838119
trapezoid,0.10635187286980739,0.11962720125543094,0.11247428399335571,0.12225419652781641,0.11914567583573929,0.135993310087807,0.11336743845936076,0.11314196122740697,0.11044285865092945,0.09372014662735091,0.10749758176112588
random,0.12741094624474458,0.14826074743990733,0.13289203337113728,0.1246611503434549,0.12872694387020833,0.1532859994598345,0.13468480350996348,0.1245570813337145,0.1264977882838119,0.10749758176112591,0.09427100593680834
