,square,rectangle,parallelogram,losange,isoTrapezoid,kite,rightKite,rustedHinge,hinge,trapezoid,random
square,0.1869158211084733,0.259545799423169,0.31052271311319324,0.3363711600685087,0.3027049875148295,0.2968671627246147,0.28021764709983216,0.3143157906916144,0.30171511732951184,0.3100254028422116,0.34826595408925687
rectangle,0.259545799423169,0.17899442887883735,0.2934431814884626,0.33888093638677164,0.32394969461643797,0.3207239364808243,0.3121426414609377,0.3085707068176956,0.28337165596680414,0.31821754933770297,0.3576836660327083
parallelogram,0.31052271311319324,0.2934431814884626,0.23016406694142066,0.2689952343682857,0.3301790863419949,0.3237410957043811,0.3164840444087643,0.3126512849713202,0.29603463287279075,0.30360258690564684,0.33398839912104855
losange,0.33637116006850865,0.33888093638677164,0.26899523436828565,0.24006317456680673,0.34332971176943694,0.33914476639069463,0.3328054299524081,0.3279780272049052,0.32217507038050286,0.313000963957006,0.3271100506008873
isoTrapezoid,0.3027049875148295,0.32394969461643797,0.3301790863419949,0.34332971176943694,0.18753396740279674,0.2625017436731263,0.24252975824256412,0.3059876561641819,0.2973845911049566,0.24859713959910343,0.2886076718600922
kite,0.2968671627246147,0.32072393648082437,0.32374109570438114,0.33914476639069463,0.26250174367312634,0.2132053171963286,0.2309684140326854,0.2909691210541954,0.28617980506837853,0.2866374955093967,0.30041630130196445
rightKite,0.28021764709983216,0.3121426414609377,0.3164840444087644,0.3328054299524081,0.24252975824256412,0.2309684140326854,0.19832762116685057,0.2818765645443256,0.27455605626684465,0.26439942465152655,0.2956666943481988
rustedHinge,0.31431579069161436,0.3085707068176956,0.3126512849713202,0.3279780272049052,0.3059876561641819,0.2909691210541954,0.2818765645443255,0.20644923636830584,0.2207939468626505,0.30566254872247883,0.30046643909374454
hinge,0.3017151173295119,0.28337165596680414,0.29603463287279075,0.32217507038050286,0.2973845911049565,0.28617980506837853,0.27455605626684465,0.2207939468626505,0.20454406323303204,0.2953297767933737,0.3033791203067527
trapezoid,0.31002540284221164,0.31821754933770297,0.30360258690564684,0.31300096395700605,0.24859713959910337,0.28663749550939677,0.2643994246515266,0.3056625487224789,0.2953297767933737,0.22517519400172079,0.2753647888101337
random,0.34826595408925687,0.3576836660327083,0.3339883991210486,0.3271100506008873,0.2886076718600922,0.30041630130196445,0.2956666943481988,0.3004664390937446,0.3033791203067527,0.27536478881013376,0.23143779248393995
