,square,rectangle,parallelogram,losange,isoTrapezoid,kite,rightKite,rustedHinge,hinge,trapezoid,random
square,0.1785958140550637,0.21847263780594087,0.29924956555924365,0.3434451599360172,0.28996068592620106,0.2760441934959573,0.27514612516629444,0.30858120877722056,0.29020409730665114,0.2907809639163733,0.33897862653886757
rectangle,0.21847263780594087,0.18442019878123087,0.26548696868591454,0.3200100457101338,0.32944811281307423,0.30239787656280637,0.3044537737111201,0.3018028581381301,0.27558302917634186,0.30734004730827297,0.3598809107388618
parallelogram,0.29924956555924365,0.26548696868591454,0.23039591580599642,0.2683814837377672,0.3594259564919655,0.343139589963347,0.33973407043022863,0.33018557430140194,0.30597893032075907,0.3066706799136166,0.3495293363447152
losange,0.3434451599360172,0.3200100457101338,0.2683814837377672,0.24408717609889924,0.38198959698777063,0.3737831035204557,0.3702537551932812,0.35649378754283256,0.3409870188560851,0.32106254456509675,0.3417798297003721
isoTrapezoid,0.28996068592620106,0.32944811281307423,0.35942595649196557,0.3819895969877706,0.23006979064896532,0.2823321661687673,0.2708350426439131,0.35567493050479004,0.35027277398830176,0.2792417610802616,0.31652234414399694
kite,0.2760441934959573,0.30239787656280637,0.343139589963347,0.3737831035204557,0.2823321661687673,0.23284385122196058,0.2530218023750524,0.33730095799021986,0.3277648374909848,0.31525332485130503,0.3442286175536238
rightKite,0.27514612516629444,0.30445377371112003,0.33973407043022863,0.3702537551932812,0.2708350426439131,0.2530218023750524,0.2245924227241335,0.32984636159724867,0.3228872749351635,0.28495588429444596,0.32706731960866503
rustedHinge,0.3085812087772205,0.3018028581381301,0.330185574301402,0.35649378754283256,0.35567493050479004,0.33730095799021986,0.3298463615972487,0.24315616387194486,0.2515137026918219,0.3412589096581556,0.3458058807490617
hinge,0.2902040973066511,0.27558302917634186,0.30597893032075907,0.34098701885608507,0.35027277398830176,0.32776483749098484,0.3228872749351635,0.25151370269182194,0.23825405735354713,0.3305431893618532,0.34353015645820395
trapezoid,0.2907809639163733,0.30734004730827297,0.3066706799136166,0.32106254456509675,0.2792417610802616,0.31525332485130503,0.28495588429444596,0.3412589096581556,0.3305431893618531,0.23353971488223463,0.28362678213620485
random,0.33897862653886757,0.3598809107388618,0.34952933634471517,0.3417798297003721,0.31652234414399694,0.3442286175536238,0.32706731960866503,0.3458058807490617,0.34353015645820395,0.28362678213620485,0.2541412450926365
