,square,rectangle,parallelogram,losange,isoTrapezoid,kite,rightKite,rustedHinge,hinge,trapezoid,random
square,0.10996252297463012,0.1460638649503674,0.17683105542067545,0.1909395423709213,0.1734968707823983,0.17244035367444385,0.1663623936574759,0.1863147934125836,0.17543443952601448,0.1717776106660375,0.19401035975165024
rectangle,0.14606386495036744,0.10319835191785194,0.16192661034428588,0.18267457401761866,0.1813696506960086,0.17701897136067704,0.17598279554331278,0.17436766482529598,0.15933084920402182,0.17118708245588926,0.19192696717179844
parallelogram,0.17683105542067545,0.16192661034428588,0.13268444355102424,0.15169380788315598,0.18602414329498268,0.1799675784797205,0.1804321385533398,0.1793575660712223,0.16917897944812813,0.1682956147629696,0.18333385280798525
losange,0.19093954237092134,0.1826745740176187,0.15169380788315598,0.13434130199869607,0.19170498674087882,0.1880305699355776,0.18802682774497412,0.18723921182555767,0.18204039873874003,0.17253551933823774,0.18101654865936675
isoTrapezoid,0.17349687078239834,0.1813696506960086,0.18602414329498268,0.19170498674087882,0.10944212345184239,0.15285459090439793,0.140215902630225,0.1776067800288056,0.17197325779998152,0.1416766290384783,0.1627424161069156
kite,0.17244035367444385,0.17701897136067707,0.1799675784797205,0.1880305699355776,0.15285459090439793,0.12437596444744416,0.1347422600758783,0.17022882957905713,0.165587443121397,0.15926706529989287,0.16660027788248155
rightKite,0.1663623936574759,0.17598279554331278,0.18043213855333978,0.18802682774497412,0.140215902630225,0.13474226007587833,0.11787420676914061,0.16828607086038738,0.16311041791449699,0.1498281724517547,0.16655905900125423
rustedHinge,0.18631479341258358,0.17436766482529598,0.17935756607122233,0.18723921182555767,0.1776067800288056,0.17022882957905713,0.16828607086038738,0.1258416672071731,0.13366336639149862,0.1725638730404802,0.1682672275333017
hinge,0.17543443952601448,0.15933084920402182,0.16917897944812813,0.18204039873874,0.17197325779998152,0.165587443121397,0.16311041791449699,0.13366336639149862,0.12376428169086735,0.16588141193380704,0.1686552908579719
trapezoid,0.17177761066603747,0.17118708245588923,0.16829561476296961,0.17253551933823774,0.1416766290384783,0.15926706529989287,0.1498281724517547,0.1725638730404802,0.16588141193380704,0.12609477747443623,0.15213415572649408
random,0.19401035975165024,0.19192696717179844,0.18333385280798525,0.18101654865936673,0.1627424161069156,0.16660027788248155,0.16655905900125423,0.1682672275333017,0.1686552908579719,0.15213415572649408,0.1287722182566929
