,square,rectangle,parallelogram,losange,isoTrapezoid,kite,rightKite,rustedHinge,hinge,trapezoid,random
square,0.05077348649608131,0.057396236411080374,0.061974553565699315,0.06679315050436557,0.05485895187645451,0.05257659746740419,0.05315460710596767,0.0594522815400914,0.05809490727256231,0.05609452593401478,0.06017824213078426
rectangle,0.05739623641108039,0.05224265775014677,0.05690856926474514,0.06161945861376961,0.06139596457213818,0.05743681417818058,0.058445610750115874,0.05774826623031957,0.0552729744829968,0.05963746524155547,0.06356069431491437
parallelogram,0.061974553565699315,0.05690856926474514,0.054954775493455316,0.05973020302808788,0.06470234578032832,0.06179401631558809,0.06194350531537172,0.06088713705605099,0.05839446479414105,0.06124863449573819,0.0649118124629277
losange,0.06679315050436557,0.06161945861376961,0.05973020302808789,0.057360016354904515,0.06714063250725195,0.06581394105346569,0.06627949871646403,0.06303728412189674,0.06146606763711095,0.06335837593666795,0.06398187263254546
isoTrapezoid,0.054858951876454495,0.06139596457213819,0.06470234578032831,0.06714063250725195,0.0520757776975709,0.05412455442990478,0.05487005111107039,0.06252931247775358,0.061759864633062114,0.05691907244775788,0.05915528616897332
kite,0.05257659746740419,0.05743681417818058,0.061794016315588084,0.06581394105346568,0.05412455442990477,0.04939363222927771,0.052239034892361716,0.06004927803424422,0.05908526584424043,0.05761185326278725,0.06068758327654094
rightKite,0.05315460710596767,0.058445610750115874,0.06194350531537172,0.06627949871646403,0.05487005111107039,0.05223903489236173,0.051408140015096235,0.06059833294808806,0.0596309121255497,0.056450654265528165,0.06095124807103954
rustedHinge,0.0594522815400914,0.05774826623031957,0.06088713705605099,0.06303728412189674,0.06252931247775358,0.06004927803424422,0.060598332948088064,0.05533020636011917,0.0552904146719699,0.06120711159686401,0.06281329062784691
hinge,0.05809490727256229,0.055272974482996805,0.05839446479414104,0.06146606763711095,0.06175986463306213,0.05908526584424043,0.05963091212554968,0.0552904146719699,0.05355785140303895,0.05979642830059935,0.06212008790218791
trapezoid,0.05609452593401478,0.05963746524155546,0.06124863449573819,0.06335837593666793,0.05691907244775788,0.05761185326278725,0.056450654265528165,0.061207111596864025,0.05979642830059934,0.05385432482667321,0.058084209577082484
random,0.06017824213078426,0.06356069431491437,0.0649118124629277,0.06398187263254546,0.05915528616897332,0.06068758327654094,0.06095124807103954,0.06281329062784691,0.06212008790218791,0.058084209577082484,0.0550812480038799
