,square,rectangle,parallelogram,losange,isoTrapezoid,kite,rightKite,rustedHinge,hinge,trapezoid,random
square,0.19645932284368098,0.23396491809958517,0.28218818282280533,0.32029434051579747,0.25814831086322976,0.2458316760918179,0.24561978051871552,0.2656208360299483,0.2553957469763041,0.2612871892389533,0.29202886980322884
rectangle,0.2339649180995852,0.19343125173615489,0.23916528933332834,0.28405367262408365,0.30070103324343656,0.2697649843119875,0.27525080868085106,0.25247519173800864,0.23223514084261812,0.2773673429355809,0.3108742719999489
parallelogram,0.28218818282280533,0.23916528933332834,0.20874099122440393,0.2415895171461787,0.32596838657993005,0.30749410047740083,0.30300385996254675,0.2779522606767696,0.256994644794216,0.27524775566138565,0.3028983075868602
losange,0.32029434051579747,0.28405367262408365,0.2415895171461787,0.21604831161920823,0.34459283495261905,0.33546784674158797,0.3317442672295898,0.3010593314000919,0.2877795358022908,0.2880194805271791,0.29512975279222303
isoTrapezoid,0.25814831086322976,0.30070103324343656,0.32596838657993005,0.34459283495261905,0.22842916583568593,0.2601117433407226,0.25450410750085173,0.30897152689361873,0.3074135397734349,0.2677100019977884,0.2838560349052173
kite,0.2458316760918179,0.26976498431198753,0.3074941004774009,0.335467846741588,0.2601117433407226,0.22090296803281032,0.2400752465442147,0.30024117006491613,0.29398697850635935,0.2910129497020305,0.3142657542565049
rightKite,0.24561978051871555,0.275250808680851,0.30300385996254675,0.3317442672295898,0.25450410750085173,0.2400752465442147,0.22046478986288479,0.29919817278220895,0.2950775802917618,0.2643691078959051,0.29904934676587774
rustedHinge,0.2656208360299483,0.25247519173800864,0.2779522606767696,0.3010593314000919,0.30897152689361873,0.3002411700649161,0.29919817278220895,0.211859227745267,0.21785249907729118,0.2904219813777936,0.2952503104766293
hinge,0.2553957469763041,0.23223514084261812,0.256994644794216,0.2877795358022908,0.3074135397734349,0.29398697850635935,0.29507758029176173,0.21785249907729118,0.20828962970906684,0.2832469444711234,0.2937539312212061
trapezoid,0.2612871892389533,0.2773673429355809,0.27524775566138565,0.28801948052717913,0.2677100019977884,0.2910129497020305,0.2643691078959051,0.2904219813777936,0.28324694447112336,0.22257875012883363,0.25013853136309433
random,0.29202886980322884,0.31087427199994894,0.3028983075868602,0.29512975279222303,0.2838560349052174,0.31426575425650494,0.2990493467658777,0.2952503104766293,0.2937539312212061,0.2501385313630943,0.22520203481698076
