,square,rectangle,parallelogram,losange,isoTrapezoid,kite,rightKite,rustedHinge,hinge,trapezoid,random
square,0.1401712079300336,0.15299678114262438,0.16430074681933052,0.18054983420268234,0.16048834269240117,0.1609465049470623,0.1598196600728598,0.17215863595184308,0.16515762480514173,0.15703190440598952,0.17433789029965213
rectangle,0.15299678114262438,0.12091867709875298,0.13139294209223285,0.14994711393777144,0.1787779358438064,0.1667366720531188,0.1712701106516315,0.15795185353500865,0.14394142884588965,0.15772891055352684,0.17787761783824602
parallelogram,0.16430074681933052,0.13139294209223287,0.1107055971811276,0.12461667178295528,0.18092117621392415,0.17649676338065698,0.17742645457722575,0.15935230693012845,0.14518311028503114,0.1483648834690939,0.1652170165900631
losange,0.18054983420268234,0.14994711393777144,0.12461667178295528,0.11294012140204598,0.18871979522786883,0.1898908961441707,0.1916399715489874,0.1672672791659773,0.1564294215667882,0.15273272240081173,0.15879269105872007
isoTrapezoid,0.16048834269240117,0.17877793584380638,0.18092117621392415,0.1887197952278688,0.15068699815659603,0.1683166949668138,0.1664869973058885,0.18882501851944866,0.1856003708749631,0.1624655524731028,0.1726311454380377
kite,0.16094650494706234,0.1667366720531188,0.17649676338065695,0.1898908961441707,0.1683166949668138,0.14570043982180803,0.15403987073170902,0.19606894854581186,0.18997015289427172,0.17869729637405526,0.1990300013724203
rightKite,0.1598196600728598,0.1712701106516315,0.17742645457722572,0.19163997154898735,0.1664869973058885,0.15403987073170902,0.1428969320737293,0.1991222893554351,0.1938010647083249,0.1696095475562803,0.19590640874763654
rustedHinge,0.1721586359518431,0.15795185353500865,0.15935230693012845,0.1672672791659773,0.18882501851944866,0.19606894854581186,0.1991222893554351,0.13593641429247197,0.1368489905943423,0.17016295160499437,0.17000756625721433
hinge,0.1651576248051417,0.14394142884588965,0.14518311028503117,0.15642942156678818,0.18560037087496312,0.18997015289427172,0.1938010647083249,0.1368489905943423,0.1300667976555711,0.16281804222900487,0.16611875471928597
trapezoid,0.15703190440598952,0.15772891055352684,0.1483648834690939,0.15273272240081173,0.1624655524731028,0.17869729637405526,0.16960954755628027,0.17016295160499437,0.16281804222900487,0.13578909030213665,0.14874556820298593
random,0.17433789029965213,0.17787761783824604,0.16521701659006308,0.15879269105872007,0.1726311454380377,0.19903000137242027,0.19590640874763654,0.17000756625721436,0.16611875471928597,0.1487455682029859,0.13125180432324773
