,square,rectangle,parallelogram,losange,isoTrapezoid,kite,rightKite,rustedHinge,hinge,trapezoid,random
square,0.19020421506173402,0.22830443401894507,0.29529809710291144,0.34151508512433104,0.27141055899854083,0.26816583567956254,0.27084816626728464,0.30630424737391854,0.29173755319257555,0.2801378702291039,0.3260292715731388
rectangle,0.228304434018945,0.18750175760247084,0.2528101872715684,0.30781728782553625,0.3142650936210298,0.29283919970847594,0.2994562623857329,0.29422432274810667,0.2696147703907349,0.29521314870143905,0.34634825120103935
parallelogram,0.29529809710291144,0.2528101872715684,0.22281764040532556,0.26247096699041017,0.34573672800602917,0.3408757359506265,0.3358448689279939,0.3296148036178869,0.30562248665689534,0.29332064290348864,0.33791395142184455
losange,0.341515085124331,0.3078172878255362,0.26247096699041017,0.2398156231641183,0.3711861359766709,0.377457359219659,0.37224055499331504,0.36122528697994877,0.34467173470732676,0.3090272566421758,0.3341868219718127
isoTrapezoid,0.27141055899854083,0.3142650936210298,0.3457367280060292,0.37118613597667083,0.2287501902338186,0.27873216160143527,0.2760169342422951,0.3436179840799193,0.34222623543081593,0.2772417761321304,0.3063412098503446
kite,0.2681658356795625,0.292839199708476,0.3408757359506265,0.377457359219659,0.27873216160143527,0.2418143787857088,0.26669089128141876,0.33991188508246567,0.3329706114058645,0.31868289209756984,0.3508788178719656
rightKite,0.27084816626728464,0.2994562623857329,0.3358448689279939,0.372240554993315,0.2760169342422951,0.26669089128141876,0.24453670320335594,0.3344899808321531,0.32935428652451126,0.29094196562423746,0.3347699477345448
rustedHinge,0.3063042473739186,0.29422432274810667,0.3296148036178869,0.3612252869799487,0.34361798407991934,0.33991188508246567,0.33448998083215303,0.2433869117483723,0.2542828271434241,0.32915049896044296,0.34147883088957826
hinge,0.29173755319257555,0.2696147703907349,0.3056224866568954,0.34467173470732676,0.34222623543081593,0.3329706114058645,0.32935428652451126,0.25428282714342404,0.24576218942985256,0.32108263593688663,0.3403034786761983
trapezoid,0.2801378702291039,0.29521314870143905,0.2933206429034887,0.30902725664217584,0.27724177613213036,0.31868289209756984,0.29094196562423746,0.32915049896044296,0.32108263593688663,0.2297180604292403,0.27135085032549255
random,0.3260292715731389,0.34634825120103935,0.33791395142184455,0.3341868219718127,0.30634120985034463,0.3508788178719656,0.3347699477345448,0.34147883088957826,0.3403034786761983,0.27135085032549255,0.24980488287590377
