,square,rectangle,parallelogram,losange,isoTrapezoid,kite,rightKite,rustedHinge,hinge,trapezoid,random
square,0.06831595221139102,0.0769893255831557,0.08306319603995035,0.08956445522636002,0.07612898895051697,0.07288631459460726,0.07220595745562804,0.07970984393920601,0.07825328995758149,0.07647844794550386,0.084483401386773
rectangle,0.0769893255831557,0.06585654372582228,0.07279702961089987,0.079633825317436,0.08615746137150963,0.07927071930720683,0.07897706282172644,0.07426505377940731,0.07103847863794145,0.0799892377639029,0.08834913917253354
parallelogram,0.08306319603995035,0.07279702961089987,0.06705990095760855,0.07291491333677984,0.08842360274816886,0.08502890476804101,0.08265442340699336,0.07851453800448693,0.0750930099036079,0.07886460959123943,0.08661459416273579
losange,0.08956445522636002,0.079633825317436,0.07291491333677984,0.06580131175162746,0.09028621482927948,0.09014577546256923,0.08852886235987122,0.08085443919311067,0.07912591102855088,0.07958694470176964,0.08119949310077731
isoTrapezoid,0.07612898895051697,0.08615746137150963,0.08842360274816886,0.09028621482927947,0.07053971158209718,0.07675158052146042,0.0758700449582658,0.08725048433813574,0.08665010957313375,0.07721824643550816,0.08195834205524444
kite,0.07288631459460726,0.07927071930720683,0.08502890476804102,0.09014577546256923,0.07675158052146042,0.06907480579819615,0.07273514444171685,0.0836184407272523,0.0825904714441446,0.08087110458969493,0.0875386318719869
rightKite,0.07220595745562804,0.07897706282172644,0.08265442340699336,0.0885288623598712,0.0758700449582658,0.07273514444171685,0.06943698708751048,0.08297832762046771,0.08161604111600383,0.07629504090031636,0.08539030479513487
rustedHinge,0.07970984393920601,0.07426505377940731,0.07851453800448693,0.08085443919311067,0.08725048433813574,0.0836184407272523,0.08297832762046771,0.0690133612391059,0.06975396431076249,0.08179469262688673,0.08561755902311777
hinge,0.0782532899575815,0.07103847863794144,0.0750930099036079,0.07912591102855088,0.08665010957313375,0.0825904714441446,0.08161604111600385,0.06975396431076249,0.06795925282199275,0.08012922616068358,0.08537003368809525
trapezoid,0.07647844794550387,0.0799892377639029,0.07886460959123943,0.07958694470176962,0.07721824643550816,0.08087110458969493,0.07629504090031637,0.08179469262688671,0.08012922616068358,0.06866859644564145,0.07625650245161204
random,0.084483401386773,0.08834913917253354,0.08661459416273579,0.0811994931007773,0.08195834205524444,0.08753863187198689,0.08539030479513487,0.08561755902311777,0.08537003368809525,0.07625650245161204,0.07077816941453759
