,square,rectangle,parallelogram,losange,isoTrapezoid,kite,rightKite,rustedHinge,hinge,trapezoid,random
square,0.12464713778963717,0.17151885929131416,0.2101154115839827,0.2238203697191175,0.2012809494921818,0.20800916371217332,0.19738337022441402,0.22451981974036272,0.20971906618604821,0.2073807721276417,0.2393801823743053
rectangle,0.17151885929131416,0.12555508234645946,0.2038919462163768,0.2298994164634231,0.22146112990779995,0.22984974308673725,0.22311430517254796,0.22636320141802058,0.20334864283906884,0.22041584741416606,0.2524750723408552
parallelogram,0.2101154115839827,0.2038919462163768,0.15988956643847624,0.1836531419458295,0.2241400191539704,0.22721535448250418,0.22476765698317488,0.23062196784936526,0.2124057671155471,0.20991675647270158,0.23568571476134506
losange,0.2238203697191175,0.2298994164634231,0.18365314194582946,0.16155529000129581,0.23031616991551804,0.23539176336635736,0.23306533826039152,0.23836616307012837,0.226773164871267,0.21395217107180145,0.2313284350559769
isoTrapezoid,0.2012809494921818,0.22146112990779993,0.2241400191539704,0.23031616991551804,0.12988103849991242,0.1897256667312074,0.17383411048720018,0.2229388582340156,0.2103115177698354,0.1730116580911959,0.20732196479600473
kite,0.20800916371217332,0.22984974308673725,0.22721535448250413,0.23539176336635742,0.18972566673120742,0.1607399304446558,0.17194774697769383,0.21870311914116303,0.20961397834510312,0.20466429002066877,0.21973683896552984
rightKite,0.197383370224414,0.22311430517254796,0.22476765698317488,0.23306533826039147,0.17383411048720018,0.17194774697769383,0.1481125492271619,0.2150135544653293,0.20419892588362154,0.19050271404702346,0.21772039861401993
rustedHinge,0.22451981974036272,0.22636320141802055,0.23062196784936526,0.23836616307012837,0.2229388582340156,0.21870311914116303,0.2150135544653293,0.1625903852168008,0.17083296551229316,0.2248938007404755,0.2246702794008714
hinge,0.20971906618604816,0.2033486428390688,0.21240576711554715,0.22677316487126695,0.2103115177698354,0.20961397834510312,0.20419892588362154,0.17083296551229313,0.15477891158417928,0.21122637920694964,0.22064787270128822
trapezoid,0.2073807721276417,0.22041584741416606,0.20991675647270158,0.21395217107180145,0.17301165809119592,0.20466429002066877,0.19050271404702346,0.22489380074047544,0.21122637920694964,0.15854619811828113,0.19873739642091928
random,0.2393801823743053,0.2524750723408552,0.235685714761345,0.23132843505597692,0.20732196479600473,0.21973683896552987,0.21772039861401993,0.2246702794008714,0.22064787270128816,0.19873739642091928,0.17255350581735332
