,square,rectangle,parallelogram,losange,isoTrapezoid,kite,rightKite,rustedHinge,hinge,trapezoid,random
square,0.33071470228148225,0.4284956327018427,0.5200097573997688,0.5586856595593152,0.5024903039029832,0.49232134100280156,0.4792779395681038,0.5326348632279941,0.5102810562496529,0.5035564122128856,0.563495384686224
rectangle,0.4284956327018427,0.3368085642049034,0.4886725447249081,0.5528610749168561,0.5416234153266418,0.5220706453098908,0.5137579164361863,0.5172877391743788,0.47650942495008825,0.5199419008275195,0.5807670083422396
parallelogram,0.5200097573997688,0.48867254472490823,0.37193213588557206,0.4268652535273449,0.5372775513566744,0.5312596904398621,0.5237818659249458,0.5246802378816078,0.5004830454500737,0.4849731178329478,0.53507066256194
losange,0.5586856595593152,0.5528610749168561,0.4268652535273449,0.3732848305379068,0.555203373221938,0.5565679881258137,0.5524530981951394,0.5523559604432573,0.541597935163996,0.5003805647600224,0.526379375757617
isoTrapezoid,0.5024903039029831,0.5416234153266417,0.5372775513566744,0.555203373221938,0.31307010844883876,0.4134060309388241,0.38914341356923354,0.5037468720222354,0.49831534609904005,0.40276225608650773,0.4473254781198057
kite,0.49232134100280156,0.5220706453098908,0.5312596904398621,0.5565679881258137,0.41340603093882416,0.34402382031179485,0.3710725771162473,0.48613629655775364,0.4800396396127615,0.46176289000775056,0.4854384292161451
rightKite,0.4792779395681038,0.5137579164361863,0.5237818659249458,0.5524530981951394,0.3891434135692336,0.3710725771162473,0.3274795188796555,0.4733962221936787,0.46595010480412397,0.42563967619805876,0.47201341877041114
rustedHinge,0.5326348632279941,0.5172877391743788,0.5246802378816078,0.5523559604432572,0.5037468720222354,0.48613629655775364,0.4733962221936786,0.35955683420307016,0.381869427040632,0.5040827273961486,0.4936000411249779
hinge,0.5102810562496529,0.47650942495008825,0.5004830454500738,0.5415979351639961,0.49831534609904005,0.4800396396127615,0.46595010480412397,0.381869427040632,0.36083499009273806,0.4916935794621105,0.4978807508787334
trapezoid,0.5035564122128855,0.5199419008275195,0.4849731178329478,0.5003805647600224,0.40276225608650773,0.46176289000775056,0.4256396761980587,0.5040827273961486,0.4916935794621105,0.35427181939362434,0.4288648998155007
random,0.5634953846862242,0.5807670083422396,0.53507066256194,0.526379375757617,0.44732547811980583,0.4854384292161451,0.47201341877041103,0.4936000411249779,0.4978807508787334,0.42886489981550063,0.36091425614944145
