,square,rectangle,parallelogram,losange,isoTrapezoid,kite,rightKite,rustedHinge,hinge,trapezoid,random
square,0.19531355963435512,0.2595092599383419,0.32889239885322824,0.35783733865215084,0.31545987049273,0.31333092084216824,0.29892451099566736,0.34053016470730846,0.32344702086469324,0.3184175456752451,0.3597889153762097
rectangle,0.25950925993834195,0.19471685818459009,0.3097276160337185,0.35697174546939725,0.33502774772605476,0.3346437367505825,0.3251309799491062,0.3348741127318116,0.30611700443729034,0.3277015912636094,0.3722120578898806
parallelogram,0.32889239885322824,0.3097276160337185,0.23721089347104746,0.27656155153445067,0.33603117728565823,0.33288254953649776,0.32527543468666237,0.33415432820187646,0.3137267547918169,0.30523875001095324,0.34047819973320165
losange,0.3578373386521509,0.35697174546939725,0.27656155153445067,0.2454854407579571,0.35027023321590545,0.3491681486469275,0.3428409221966308,0.35173189124553234,0.34233668231711456,0.3159137550381675,0.3343991831967896
isoTrapezoid,0.31545987049273,0.33502774772605476,0.3360311772856583,0.35027023321590545,0.19038828497221505,0.2660179974629164,0.24680471813570534,0.3179889371445459,0.30802309608882744,0.24966204006218493,0.28986332092824285
kite,0.31333092084216824,0.33464373675058245,0.33288254953649776,0.3491681486469275,0.2660179974629164,0.2195432569909028,0.23580558909574875,0.30550807769837646,0.29860641347137434,0.28802186544461816,0.30565664661968683
rightKite,0.2989245109956673,0.3251309799491062,0.32527543468666237,0.3428409221966308,0.24680471813570534,0.23580558909574875,0.20411500236551902,0.29391094224724196,0.28501669232585236,0.2655873243075995,0.29909656513500255
rustedHinge,0.34053016470730846,0.3348741127318116,0.3341543282018765,0.35173189124553234,0.3179889371445459,0.30550807769837646,0.29391094224724196,0.22927683885977895,0.24290007184781134,0.3162987531264817,0.31666736410306756
hinge,0.32344702086469335,0.3061170044372903,0.3137267547918169,0.3423366823171145,0.30802309608882744,0.2986064134713744,0.28501669232585236,0.2429000718478114,0.2249376171972892,0.303988632376155,0.31688383192795966
trapezoid,0.3184175456752451,0.3277015912636094,0.30523875001095324,0.3159137550381675,0.24966204006218498,0.2880218654446182,0.26558732430759946,0.3162987531264817,0.303988632376155,0.22311659178578255,0.2755442307418945
random,0.35978891537620966,0.3722120578898806,0.34047819973320165,0.3343991831967896,0.2898633209282428,0.30565664661968683,0.29909656513500255,0.31666736410306756,0.31688383192795966,0.2755442307418945,0.23737355741558547
