,square,rectangle,parallelogram,losange,isoTrapezoid,kite,rightKite,rustedHinge,hinge,trapezoid,random
square,0.21793577418084725,0.2698289551068696,0.38311449749279947,0.43060462935972404,0.3347155601422758,0.322587017081412,0.3165173283612926,0.3820285748555663,0.3572894639971907,0.3440329196200901,0.3991651615244991
rectangle,0.2698289551068696,0.22483721785864785,0.3435572085037557,0.4018655266073287,0.38212440139652093,0.35567521119485823,0.3507757154340476,0.37170651614808525,0.3375370315612575,0.3658289442451961,0.4228624928099114
parallelogram,0.3831144974927994,0.3435572085037557,0.2935492091546373,0.3416920910529607,0.4307950458790811,0.4208015082356977,0.4140190106405457,0.4230700772734561,0.3930185582391303,0.37442892790960824,0.421420278890241
losange,0.43060462935972404,0.4018655266073287,0.3416920910529607,0.30742087273371643,0.4529239483100082,0.45084014342490564,0.44530669872561357,0.4480527808347216,0.42974694644578537,0.387966336828973,0.4075892195312627
isoTrapezoid,0.3347155601422758,0.38212440139652093,0.43079504587908113,0.4529239483100084,0.2515411199371108,0.3161086621727157,0.3006645718086633,0.40499459628909507,0.39579570561740907,0.31828320956469136,0.3598657145616679
kite,0.322587017081412,0.35567521119485823,0.4208015082356977,0.45084014342490564,0.31610866217271566,0.26498819968363835,0.28749511612217565,0.39202581921253077,0.3805176634509828,0.3642556899125169,0.39437325446933413
rightKite,0.3165173283612926,0.3507757154340476,0.4140190106405458,0.44530669872561357,0.30066457180866335,0.28749511612217565,0.253845578439995,0.3749376724572073,0.3650590933484845,0.32988283009572983,0.37590034595037747
rustedHinge,0.3820285748555663,0.37170651614808525,0.4230700772734561,0.44805278083472155,0.40499459628909507,0.39202581921253077,0.3749376724572073,0.2761822404522489,0.2908391527968019,0.39921628234924156,0.40041133967078274
hinge,0.3572894639971907,0.3375370315612575,0.3930185582391303,0.42974694644578537,0.39579570561740907,0.3805176634509828,0.3650590933484845,0.29083915279680195,0.27638132783726305,0.38379620861077174,0.398290984520946
trapezoid,0.3440329196200901,0.3658289442451961,0.3744289279096082,0.38796633682897297,0.31828320956469136,0.3642556899125169,0.32988283009572983,0.39921628234924156,0.38379620861077174,0.27033967429267025,0.3280950222409251
random,0.3991651615244991,0.42286249280991156,0.421420278890241,0.4075892195312627,0.3598657145616678,0.39437325446933413,0.37590034595037747,0.40041133967078274,0.398290984520946,0.3280950222409251,0.2891400038205391
