,square,rectangle,parallelogram,losange,isoTrapezoid,kite,rightKite,rustedHinge,hinge,trapezoid,random
square,0.26406681426494455,0.331266488709461,0.4505005307629845,0.496390240702745,0.41007554887119146,0.4113309018036546,0.3981610186375796,0.45135427085783514,0.4299677860129687,0.4149337962185536,0.49058451411908327
rectangle,0.331266488709461,0.27421515072536495,0.41249690877861156,0.47765249642759394,0.46485278059240703,0.44816308020123347,0.43977245782502977,0.4387459420205759,0.404380665847496,0.44467981009321567,0.51540051689196
parallelogram,0.4505005307629845,0.41249690877861156,0.33137956696599247,0.3810617141114363,0.4994586249713774,0.490255829135046,0.48356667388015645,0.47006622045285956,0.44588374773630474,0.43555352532949004,0.4926995103033174
losange,0.496390240702745,0.47765249642759383,0.3810617141114363,0.3386764257062334,0.5136062512496763,0.5119701315222521,0.5069152739177487,0.493949081138476,0.4831488414631215,0.44225269360481695,0.4711007883973475
isoTrapezoid,0.41007554887119146,0.46485278059240714,0.4994586249713774,0.5136062512496762,0.29624571690107404,0.3861049735054332,0.36242580907943384,0.45685145952426565,0.45504492849031225,0.37476175638924164,0.4291979496161531
kite,0.41133090180365456,0.44816308020123347,0.490255829135046,0.5119701315222521,0.38610497350543316,0.3202086583413395,0.3515823062337468,0.45083897094925207,0.44733296603010314,0.4309105837226001,0.4659006601380174
rightKite,0.3981610186375796,0.43977245782502977,0.48356667388015634,0.5069152739177487,0.36242580907943384,0.35158230623374676,0.3051593803094608,0.43325550733770496,0.4270466368410178,0.39474623419544846,0.45401936169297585
rustedHinge,0.45135427085783514,0.43874594202057593,0.47006622045285956,0.493949081138476,0.45685145952426565,0.45083897094925207,0.43325550733770496,0.3199270261145184,0.34061745533081733,0.4500019257829301,0.4566079943665761
hinge,0.4299677860129687,0.404380665847496,0.44588374773630474,0.4831488414631215,0.45504492849031236,0.44733296603010314,0.4270466368410178,0.34061745533081733,0.32498508994194747,0.4419876051796187,0.46454209461097146
trapezoid,0.41493379621855353,0.44467981009321567,0.43555352532949004,0.44225269360481695,0.37476175638924164,0.43091058372260005,0.3947462341954484,0.4500019257829301,0.4419876051796187,0.32093341464448305,0.39367894319783053
random,0.4905845141190834,0.51540051689196,0.4926995103033174,0.4711007883973475,0.4291979496161531,0.4659006601380175,0.45401936169297585,0.4566079943665761,0.46454209461097135,0.3936789431978306,0.3368579668541765
