,square,rectangle,parallelogram,losange,isoTrapezoid,kite,rightKite,rustedHinge,hinge,trapezoid,random
square,0.1337580760910213,0.1456162979270491,0.15247306932948262,0.16272469373607076,0.14197817379979494,0.13905756709307515,0.13901505155136268,0.14993413827032226,0.14710268477251998,0.14475473990525597,0.15288329252608548
rectangle,0.1456162979270491,0.13425915289149,0.14298483523253344,0.15260034463244387,0.15341193903591663,0.14758237761041712,0.1482668484522435,0.14483629202978013,0.1401498841765312,0.15061782161275084,0.15774292056402928
parallelogram,0.15247306932948262,0.14298483523253344,0.1385038983036697,0.14903605081294868,0.157543257643766,0.15455890507410786,0.1532830146318553,0.1505315972578186,0.14576414706831595,0.15272531422510685,0.15970006162027203
losange,0.16272469373607076,0.15260034463244387,0.14903605081294868,0.14349219947807623,0.1627435295299844,0.16298599889281093,0.1629311371617435,0.15477610311420234,0.15192014574917273,0.15732091786099994,0.15796841113382093
isoTrapezoid,0.14197817379979494,0.15341193903591663,0.157543257643766,0.1627435295299844,0.13610730887049205,0.14270740154188044,0.14341381033494785,0.15676808651950344,0.15456585137008763,0.14648757916740665,0.15146407204179724
kite,0.13905756709307515,0.1475823776104171,0.15455890507410786,0.16298599889281096,0.14270740154188044,0.13521618187321374,0.1399996547288824,0.15378608984838726,0.1511430464296417,0.14945395768308298,0.1558683079421229
rightKite,0.13901505155136268,0.1482668484522435,0.1532830146318553,0.1629311371617435,0.14341381033494788,0.1399996547288824,0.13718486323379733,0.1537262870010233,0.1508952707963893,0.14613089424252335,0.15586502935439814
rustedHinge,0.1499341382703223,0.14483629202978013,0.1505315972578186,0.15477610311420237,0.15676808651950344,0.15378608984838726,0.15372628700102328,0.1411056110540022,0.1404714263589384,0.15431927123105224,0.15737287440576012
hinge,0.14710268477251998,0.1401498841765312,0.14576414706831595,0.1519201457491727,0.15456585137008763,0.1511430464296417,0.1508952707963893,0.1404714263589384,0.1369509837454237,0.15132953920459044,0.15582305131754567
trapezoid,0.14475473990525597,0.15061782161275084,0.15272531422510685,0.15732091786099994,0.14648757916740665,0.14945395768308298,0.14613089424252335,0.15431927123105224,0.15132953920459044,0.14018724816670752,0.14962549276118492
random,0.15288329252608548,0.15774292056402928,0.15970006162027203,0.15796841113382093,0.15146407204179727,0.15586830794212286,0.15586502935439814,0.15737287440576014,0.1558230513175457,0.14962549276118492,0.14261858725073168
