,square,rectangle,parallelogram,losange,isoTrapezoid,kite,rightKite,rustedHinge,hinge,trapezoid,random
square,0.2275671517785234,0.3083540683062932,0.36922909520409763,0.3990696638775847,0.3572403097833013,0.3476260934628319,0.3352182333945369,0.38381711060026025,0.36864927004779624,0.35529321404971187,0.4012670904072945
rectangle,0.3083540683062932,0.23431621688286214,0.3494217722677941,0.3989881436335594,0.3855283327399989,0.3757528081086039,0.36752774319831333,0.3808593881095283,0.3516757502668112,0.37130832602583286,0.4180357769848604
parallelogram,0.36922909520409763,0.3494217722677941,0.27642050890572706,0.3188295505203095,0.3888664019443805,0.38370291052155564,0.3755310942527718,0.38845642066183206,0.36970647058440903,0.3507544612922907,0.38955493887757797
losange,0.3990696638775846,0.3989881436335594,0.3188295505203094,0.2798109402732221,0.4041440368138834,0.4016547446639714,0.39505714414275755,0.4051517978334167,0.39685061930472354,0.35947616428258583,0.3816620061408388
isoTrapezoid,0.35724030978330135,0.38552833273999887,0.3888664019443805,0.4041440368138833,0.2335354006157135,0.30859262842763197,0.29215472072025944,0.3714139696815686,0.36449371997969393,0.29834235270007164,0.3366006017388815
kite,0.3476260934628319,0.37575280810860384,0.38370291052155564,0.4016547446639713,0.30859262842763197,0.25355001771174074,0.27337231595202455,0.35601419844872206,0.3507917805535044,0.33513732083292186,0.35588672263301674
rightKite,0.33521823339453694,0.36752774319831333,0.3755310942527718,0.3950571441427575,0.29215472072025944,0.27337231595202455,0.24004978279828063,0.34344716069181813,0.3373747516252843,0.3106686148376269,0.3468573699821558
rustedHinge,0.3838171106002603,0.38085938810952835,0.38845642066183206,0.4051517978334167,0.3714139696815686,0.35601419844872206,0.3434471606918182,0.270915692754837,0.2877856789411763,0.36699855289918176,0.36864554470962085
hinge,0.36864927004779624,0.35167575026681125,0.3697064705844091,0.39685061930472354,0.36449371997969393,0.35079178055350446,0.3373747516252843,0.28778567894117635,0.2711948844434904,0.35643065167336696,0.3703035549513413
trapezoid,0.35529321404971187,0.3713083260258329,0.3507544612922907,0.35947616428258583,0.29834235270007164,0.3351373208329219,0.3106686148376269,0.36699855289918176,0.35643065167336696,0.26033012412219836,0.31636073343393917
random,0.4012670904072945,0.4180357769848604,0.38955493887757797,0.3816620061408388,0.3366006017388815,0.35588672263301674,0.3468573699821558,0.36864554470962085,0.3703035549513414,0.31636073343393917,0.27523258035007364
