,square,rectangle,parallelogram,losange,isoTrapezoid,kite,rightKite,rustedHinge,hinge,trapezoid,random
square,0.12232972373448214,0.14378402112407962,0.16076548602832647,0.17444832326063855,0.13922365002074447,0.1353649036301162,0.1330847636542836,0.1519772765245329,0.1476668328635288,0.14098193049886498,0.1561305505148357
rectangle,0.14378402112407962,0.12367284192633173,0.14062316004210518,0.15528981053742644,0.1628905584341569,0.15097623169698487,0.1504587546217003,0.14319878897337351,0.13533601067038906,0.15152543461121784,0.1670185029154226
parallelogram,0.16076548602832647,0.14062316004210515,0.12673863224239282,0.1401621806510117,0.17157172501519777,0.1668682591283203,0.16147532973097165,0.15336608165256232,0.14521236089422274,0.15111341932159336,0.16458375589841628
losange,0.17444832326063855,0.1552898105374264,0.1401621806510117,0.12742080217470977,0.1769984277793192,0.1775596591717788,0.17363149941402015,0.1587007450688226,0.1538951411071803,0.15446442907297533,0.15724770007633182
isoTrapezoid,0.1392236500207445,0.16289055843415692,0.17157172501519774,0.17699842777931923,0.12772755008337613,0.14215548890124094,0.14021783892757847,0.16693430441618484,0.16470893284840143,0.14383226127004323,0.15180839324562767
kite,0.1353649036301162,0.15097623169698487,0.16686825912832032,0.1775596591717788,0.1421554889012409,0.12701192985014606,0.1349631128544237,0.16196246407209208,0.15891730655221076,0.15357238689141323,0.16542536516427908
rightKite,0.1330847636542836,0.1504587546217003,0.16147532973097165,0.17363149941402015,0.1402178389275785,0.1349631128544237,0.1265696759807091,0.16057792634818238,0.1569772561609188,0.14253900746779138,0.1597086734961787
rustedHinge,0.15197727652453288,0.14319878897337351,0.1533660816525623,0.1587007450688226,0.16693430441618484,0.16196246407209208,0.16057792634818235,0.12932148441975486,0.13085115287770024,0.15675167711398863,0.16205144242751013
hinge,0.1476668328635288,0.13533601067038906,0.14521236089422274,0.15389514110718028,0.16470893284840143,0.15891730655221079,0.1569772561609188,0.13085115287770024,0.12636370817303394,0.1521853228128865,0.16006962762899143
trapezoid,0.140981930498865,0.15152543461121784,0.15111341932159336,0.1544644290729753,0.14383226127004323,0.15357238689141323,0.14253900746779138,0.15675167711398866,0.15218532281288652,0.12617860318246504,0.1397799356593498
random,0.1561305505148357,0.1670185029154226,0.16458375589841628,0.15724770007633185,0.15180839324562764,0.16542536516427908,0.1597086734961787,0.16205144242751016,0.16006962762899143,0.1397799356593498,0.12802684648668974
