,square,rectangle,parallelogram,losange,isoTrapezoid,kite,rightKite,rustedHinge,hinge,trapezoid,random
square,0.19563324509887484,0.27837558525788203,0.3297704572146756,0.3570055262391998,0.3120003672591203,0.3215702421916793,0.30631330943859897,0.34742123634946503,0.3298472191123019,0.3288731751888428,0.3690661307845109
rectangle,0.27837558525788203,0.19491170203119892,0.31966856360911095,0.36749246516733725,0.34034538878764037,0.34942369275503044,0.3379966033145603,0.3467475689719939,0.3157051357090123,0.33665901299527207,0.3838596626922123
parallelogram,0.3297704572146756,0.31966856360911095,0.24584038947576536,0.28817654279983734,0.33906346612097105,0.34489217672525235,0.3389979718504695,0.34384609167157754,0.3247414932543068,0.3188936933578594,0.35122812397093156
losange,0.35700552623919984,0.3674924651673373,0.2881765427998373,0.25650655593860117,0.3560352791654093,0.3653900196122462,0.3608026633512205,0.36479735029219773,0.35625161180992254,0.3325294225372554,0.3498727528423192
isoTrapezoid,0.3120003672591203,0.34034538878764037,0.33906346612097105,0.3560352791654093,0.1933751450771716,0.27951249497548364,0.25690065835299375,0.3294039347710727,0.31606833664595196,0.26434419172862084,0.30108241573203554
kite,0.32157024219167935,0.34942369275503044,0.3448921767252523,0.3653900196122462,0.27951249497548364,0.2248795499946544,0.24487630538030575,0.31572639384918744,0.30638432000328863,0.30748884431018797,0.3133405182621655
rightKite,0.30631330943859897,0.3379966033145602,0.3389979718504695,0.3608026633512205,0.2569006583529937,0.2448763053803058,0.21089447115553075,0.3056915708615863,0.29385654558650154,0.28487987813892923,0.30996417363507484
rustedHinge,0.347421236349465,0.3467475689719939,0.34384609167157754,0.36479735029219773,0.32940393477107266,0.31572639384918744,0.3056915708615863,0.23182166126853798,0.24533614791371028,0.3348007190876161,0.32388503217703163
hinge,0.32984721911230186,0.3157051357090123,0.3247414932543068,0.35625161180992254,0.31606833664595196,0.30638432000328863,0.29385654558650154,0.24533614791371028,0.2226299256090948,0.31967114975498423,0.32192572784784207
trapezoid,0.3288731751888428,0.33665901299527207,0.31889369335785933,0.3325294225372555,0.26434419172862084,0.30748884431018797,0.28487987813892923,0.3348007190876161,0.31967114975498423,0.23861659788702747,0.2935506577674573
random,0.36906613078451095,0.3838596626922123,0.35122812397093156,0.3498727528423192,0.30108241573203554,0.3133405182621655,0.3099641736350748,0.3238850321770317,0.32192572784784207,0.2935506577674573,0.24020551783791833
