,square,rectangle,parallelogram,losange,isoTrapezoid,kite,rightKite,rustedHinge,hinge,trapezoid,random
square,0.2950959161272489,0.3847827230767614,0.4714911679630615,0.5140002305599018,0.4424618138275677,0.4334117836546501,0.4148358414685124,0.474418605973705,0.4550637779424236,0.44345005710883745,0.5109982428281441
rectangle,0.38478272307676137,0.2985714414583811,0.4504179186024074,0.5174366443222794,0.48374200836420134,0.4737107275028821,0.45661438519844766,0.4677038476385736,0.43068467765253143,0.4662098686311169,0.532346595515429
parallelogram,0.4714911679630615,0.4504179186024074,0.35017081907932124,0.4038993729643293,0.4874432430065696,0.4733284611291366,0.4622809368327745,0.4719380134421158,0.4510643015116175,0.44092295981831553,0.484746522347192
losange,0.5140002305599018,0.5174366443222794,0.4038993729643293,0.34536940439881875,0.5039793842581857,0.4940213202679903,0.4873619234165926,0.4941607380934451,0.488981948058367,0.4510815325112911,0.46870709255004106
isoTrapezoid,0.44246181382756755,0.48374200836420134,0.4874432430065697,0.5039793842581857,0.27876199597508605,0.37689926128547724,0.35135039449611855,0.45171264693647994,0.4486169036270339,0.36185592850303033,0.4109606286829496
kite,0.4334117836546501,0.4737107275028822,0.4733284611291367,0.4940213202679903,0.3768992612854772,0.3013522946941788,0.32574970600234565,0.42548507231365446,0.423466562586918,0.4051331734814019,0.42604201697665733
rightKite,0.4148358414685124,0.45661438519844766,0.4622809368327745,0.4873619234165926,0.35135039449611855,0.32574970600234565,0.2819023915940397,0.4137004468154063,0.408585522747689,0.37071421058725695,0.4178920480198101
rustedHinge,0.474418605973705,0.4677038476385736,0.4719380134421158,0.4941607380934452,0.45171264693647994,0.42548507231365446,0.4137004468154063,0.3222042789190969,0.3435763237279712,0.44247469564153374,0.4411229805119832
hinge,0.4550637779424236,0.43068467765253143,0.4510643015116175,0.488981948058367,0.4486169036270339,0.4234665625869179,0.408585522747689,0.3435763237279712,0.3225947750652373,0.4337554664132824,0.450884214426306
trapezoid,0.44345005710883745,0.4662098686311169,0.44092295981831553,0.4510815325112911,0.3618559285030304,0.4051331734814019,0.37071421058725695,0.44247469564153363,0.4337554664132824,0.3122924890836938,0.38535513920179254
random,0.5109982428281441,0.532346595515429,0.484746522347192,0.468707092550041,0.41096062868294947,0.42604201697665733,0.4178920480198101,0.4411229805119832,0.450884214426306,0.3853551392017925,0.3242390067944811
