,square,rectangle,parallelogram,losange,isoTrapezoid,kite,rightKite,rustedHinge,hinge,trapezoid,random
square,0.0,0.009158541244678409,0.014900610862806363,0.01773739943192376,0.00927117864221949,0.008410030864048568,0.00716007192848922,0.012042505981398333,0.011487218540488287,0.009967790803440457,0.01846628701811115
rectangle,0.009158541244678409,0.0,0.0064943698465174116,0.013903807950163993,0.026782291883094445,0.017319325771105176,0.016990696276621198,0.01059484218222051,0.0069848232469981175,0.01887611973138259,0.033100770017265524
parallelogram,0.014900610862806363,0.0064943698465174116,0.0,0.0071670436540473,0.027636924074371794,0.02215261867635121,0.01799204518710862,0.015403660837631228,0.009773952432177269,0.014570409889765878,0.028972006240409187
losange,0.01773739943192376,0.013903807950163993,0.0071670436540473,1.1102230246251565e-16,0.027104178390366607,0.029236721319149006,0.022483644841122863,0.017782388759817414,0.013531122688464126,0.011040886494958158,0.019629042579257683
isoTrapezoid,0.00927117864221949,0.026782291883094445,0.027636924074371794,0.027104178390366607,0.0,0.01011221423613684,0.00895692849570584,0.02521595405330257,0.02464495266838862,0.009062391829780636,0.01168394226938585
kite,0.008410030864048568,0.017319325771105176,0.02215261867635121,0.029236721319149006,0.01011221423613684,0.0,0.0038760606042754775,0.021804215788347014,0.021477706398182583,0.017256534070601237,0.027421587250086588
rightKite,0.00716007192848922,0.016990696276621198,0.01799204518710862,0.022483644841122863,0.00895692849570584,0.0038760606042754775,0.0,0.020985766880265433,0.020033545499063887,0.010156103264726712,0.0212430229130236
rustedHinge,0.012042505981398333,0.01059484218222051,0.015403660837631228,0.017782388759817414,0.02521595405330257,0.021804215788347014,0.020985766880265433,0.0,0.0019378222264690992,0.020437315006977097,0.02782238010548499
hinge,0.011487218540488287,0.0069848232469981175,0.009773952432177269,0.013531122688464126,0.02464495266838862,0.021477706398182583,0.020033545499063887,0.0019378222264690992,0.0,0.017309742127472494,0.026189920661111477
trapezoid,0.009967790803440457,0.01887611973138259,0.014570409889765878,0.011040886494958158,0.009062391829780636,0.017256534070601237,0.010156103264726712,0.020437315006977097,0.017309742127472494,0.0,0.006045830840538335
random,0.01846628701811115,0.033100770017265524,0.028972006240409187,0.019629042579257683,0.01168394226938585,0.027421587250086588,0.0212430229130236,0.02782238010548499,0.026189920661111477,0.006045830840538335,1.1102230246251565e-16
