,square,rectangle,parallelogram,losange,isoTrapezoid,kite,rightKite,rustedHinge,hinge,trapezoid,random
square,0.02319150438926384,0.030214832915986516,0.037171178365003964,0.04300862022003863,0.028177028250052777,0.027187632303209693,0.025750574507753317,0.032040431267167824,0.03132845025533057,0.0297123774025583,0.036101502814583686
rectangle,0.030214832915986516,0.024073549767513993,0.02984907680171956,0.036162624922747244,0.03746696534176051,0.03262270090752393,0.03167898816105399,0.030044351801521693,0.027823243112215616,0.03319946525211459,0.04056036779657228
parallelogram,0.037171178365003964,0.02984907680171956,0.027125132899996192,0.03111483546609285,0.041694482076006324,0.03938879049021316,0.03709529104189241,0.033592945167511004,0.031089190400205382,0.03382401360374693,0.039382324015198394
losange,0.043008620220038624,0.036162624922747244,0.031114835466092845,0.02795960890082721,0.04458261994213322,0.04415235211202592,0.04213179582384452,0.036456168908862184,0.03494111698370493,0.03566785507300163,0.036774212586073475
isoTrapezoid,0.028177028250052777,0.037466965341760514,0.041694482076006324,0.044582619942133216,0.024738573043677027,0.02936538164427921,0.028151829517925477,0.03747002237891452,0.0375114737418098,0.030841954965538432,0.03450160047251611
kite,0.027187632303209693,0.03262270090752392,0.03938879049021316,0.04415235211202592,0.02936538164427921,0.024393976234648635,0.02654510472284054,0.03610875313542479,0.035644261282408086,0.034300682072472104,0.03964785288379334
rightKite,0.025750574507753303,0.031678988161053995,0.03709529104189241,0.04213179582384452,0.028151829517925477,0.026545104722840548,0.02405605204354074,0.03469543628111584,0.03394365941644284,0.030027258068687133,0.03703052755983783
rustedHinge,0.032040431267167824,0.030044351801521697,0.033592945167511004,0.036456168908862184,0.03747002237891452,0.0361087531354248,0.034695436281115835,0.025466287256155157,0.025956570490251702,0.03371949690888958,0.03684887306933297
hinge,0.03132845025533057,0.027823243112215616,0.031089190400205382,0.034941116983704924,0.0375114737418098,0.035644261282408086,0.03394365941644284,0.025956570490251702,0.024943071695786665,0.03264299954330539,0.0368534870356892
trapezoid,0.029712377402558308,0.03319946525211459,0.03382401360374693,0.03566785507300163,0.030841954965538432,0.034300682072472104,0.030027258068687133,0.03371949690888958,0.03264299954330539,0.025260787956793013,0.030017968660855477
random,0.036101502814583686,0.04056036779657228,0.039382324015198394,0.036774212586073475,0.03450160047251611,0.03964785288379334,0.03703052755983783,0.03684887306933297,0.0368534870356892,0.030017968660855477,0.026949196795059673
