,square,rectangle,parallelogram,losange,isoTrapezoid,kite,rightKite,rustedHinge,hinge,trapezoid,random
square,0.036054454278237405,0.05441937978064567,0.07792207776906719,0.0863096061597083,0.057417865714103726,0.06356986558089536,0.05704531800567282,0.07534429552362541,0.07414674457478192,0.07325061318159662,0.08678756784583183
rectangle,0.05441937978064568,0.04341655082361441,0.0675668599422158,0.0801724576103644,0.08082986545365702,0.07490674237627301,0.07289766751975608,0.07730733146093934,0.07231463923585926,0.0847078554944729,0.10415566690327947
parallelogram,0.07792207776906719,0.06756685994221578,0.05414815698958952,0.06286340565441582,0.08536409307281403,0.08657279446960739,0.08668356079645687,0.07809108997177186,0.07508539728026961,0.07870086631220435,0.09843137389304604
losange,0.0863096061597083,0.0801724576103644,0.06286340565441582,0.05938474965161662,0.08800731829606846,0.09617878198569627,0.09383012393493995,0.08520201294238365,0.08166962601333687,0.07921932645294588,0.08880092899725088
isoTrapezoid,0.057417865714103726,0.08082986545365702,0.08536409307281403,0.08800731829606849,0.04175977040797503,0.06362720649215012,0.056845441427304313,0.08203525214482747,0.08394296459707505,0.06294019452431042,0.07422455764658542
kite,0.06356986558089536,0.07490674237627301,0.08657279446960739,0.09617878198569627,0.06362720649215012,0.04779069182452195,0.05185722173831039,0.08547842657590697,0.08562873470970694,0.08182055731327671,0.09662924028528318
rightKite,0.05704531800567282,0.0728976675197561,0.08668356079645687,0.09383012393493993,0.0568454414273043,0.0518572217383104,0.043331239514959916,0.07968933707986148,0.0817679405503083,0.0725477879328229,0.08554504195582163
rustedHinge,0.07534429552362541,0.07730733146093934,0.07809108997177187,0.08520201294238366,0.08203525214482747,0.08547842657590697,0.07968933707986148,0.05618016705641839,0.06014943059616983,0.08613389467110737,0.09251007116864786
hinge,0.07414674457478192,0.07231463923585926,0.07508539728026961,0.08166962601333685,0.08394296459707505,0.08562873470970694,0.0817679405503083,0.06014943059616983,0.05765281346610359,0.08697410807584681,0.09081243576167285
trapezoid,0.07325061318159662,0.0847078554944729,0.07870086631220435,0.07921932645294588,0.06294019452431042,0.0818205573132767,0.0725477879328229,0.08613389467110735,0.08697410807584682,0.05767813838177811,0.07304011098720146
random,0.08678756784583183,0.10415566690327947,0.09843137389304601,0.08880092899725088,0.07422455764658542,0.09662924028528318,0.08554504195582163,0.09251007116864786,0.09081243576167285,0.07304011098720145,0.057092044359130574
