,square,rectangle,parallelogram,losange,isoTrapezoid,kite,rightKite,rustedHinge,hinge,trapezoid,random
square,0.057730255484413635,0.06826894745722868,0.0757636741839662,0.0833919286093303,0.06526499368171358,0.0627103556215325,0.06148579945868861,0.07064537267964424,0.069558338032165,0.06669303933070318,0.0758886701281142
rectangle,0.06826894745722867,0.05793016192297699,0.06583669020604414,0.07440685603268156,0.07844924249760095,0.07124668412302179,0.07053351128584398,0.06663882734296209,0.06334652820834201,0.07227074427591067,0.08218423342596909
parallelogram,0.0757636741839662,0.06583669020604414,0.06176161253491752,0.06848927700099058,0.08227009077850253,0.07849879853583064,0.07590995235799235,0.07156496322608147,0.06812596892138977,0.07301359488366015,0.08137877176360418
losange,0.0833919286093303,0.07440685603268156,0.06848927700099058,0.06273590421276158,0.0849060865203226,0.08460685417067955,0.08263490853662074,0.07483839567430468,0.07314510279711492,0.07479152072720191,0.07626747203745228
isoTrapezoid,0.0652649936817136,0.07844924249760094,0.08227009077850254,0.0849060865203226,0.05999820327419692,0.06622504947241459,0.06558351917385064,0.07893357184253504,0.07879102542926528,0.06828033352743039,0.07359714313374476
kite,0.0627103556215325,0.07124668412302179,0.07849879853583064,0.08460685417067954,0.06622504947241459,0.059120962653485425,0.062433052174207596,0.07590537408479754,0.07510146937277178,0.07186341554632704,0.07965855225169775
rightKite,0.06148579945868861,0.07053351128584398,0.07590995235799235,0.08263490853662074,0.06558351917385064,0.062433052174207596,0.05930280655342311,0.07438886590715549,0.07330343260458531,0.06705938570108694,0.07748542470018431
rustedHinge,0.07064537267964424,0.06663882734296209,0.07156496322608147,0.07483839567430467,0.07893357184253502,0.07590537408479756,0.07438886590715549,0.0610032346712463,0.06164744285304928,0.07351062769368853,0.07823936795329699
hinge,0.069558338032165,0.06334652820834201,0.06812596892138977,0.0731451027971149,0.07879102542926528,0.07510146937277179,0.07330343260458531,0.061647442853049274,0.059971922249964414,0.07207694594232732,0.0783478035316633
trapezoid,0.0666930393307032,0.07227074427591067,0.07301359488366015,0.07479152072720191,0.0682803335274304,0.07186341554632704,0.06705938570108694,0.07351062769368853,0.0720769459423273,0.06065558081352407,0.06875841021247425
random,0.0758886701281142,0.08218423342596909,0.08137877176360418,0.0762674720374523,0.07359714313374476,0.07965855225169775,0.07748542470018431,0.07823936795329697,0.0783478035316633,0.06875841021247424,0.06325682329679587
