,photo_face,photo_profil,photo_eyes,photo_face2,photo_walking,photo_standing,photo_hand,photo_legs,photo_bird,photo_butterfly,photo_girafe,photo_fish,photo_cherry,photo_tree,photo_flower,photo_carrot,photo_watch,photo_key,photo_truck,photo_velo,photo_road,photo_house,photo_mountain,photo_windmill,drawing_face,drawing_profil,drawing_eyes,drawing_face2,drawing_walking,drawing_standing,drawing_hand,drawing_legs,drawing_bird,drawing_butterfly,drawing_girafe,drawing_fish,drawing_cherry,drawing_tree,drawing_flower,drawing_carrot,drawing_watch,drawing_key,drawing_truck,drawing_velo,drawing_road,drawing_house,drawing_mountain,drawing_windmill,geo_face,geo_profil,geo_eyes,geo_face2,geo_walking,geo_standing,geo_hand,geo_legs,geo_bird,geo_butterfly,geo_girafe,geo_fish,geo_cherry,geo_tree,geo_flower,geo_carrot,geo_watch,geo_key,geo_truck,geo_velo,geo_road,geo_house,geo_mountain,geo_windmill,word_face,word_profil,word_eyes,word_face2,word_walking,word_standing,word_hand,word_legs,word_bird,word_butterfly,word_girafe,word_fish,word_cherry,word_tree,word_flower,word_carrot,word_watch,word_key,word_truck,word_velo,word_road,word_house,word_mountain,word_windmill
photo_face,0.0,523.3769909113847,514.1610420361953,472.4476491757227,552.4021954916362,440.063276782992,681.8895109834655,490.25356842347793,481.1934351207108,520.5251727429538,553.1801374937309,531.3038306089401,506.7167880434099,400.4665588886931,608.0879871829252,436.3259870438353,419.9206255219398,483.09463424914725,608.8549833066207,453.4487536355369,547.6899976092557,512.7596636303326,445.1167222139997,549.6133248841321,412.5116137244597,518.3216525459836,557.3483966037319,496.52361761234954,592.2027101304427,520.6374551045835,665.5144810103897,438.41056249983546,496.37342986574123,564.1268171079291,582.7398032481947,546.3550588823789,537.2078923883607,437.14080919512384,588.9042402293956,601.4335700595286,555.715385437534,517.5849000258344,545.8381564432395,501.92187642616915,524.6082218710363,537.306646114881,478.0700684171051,550.830882650775,571.5821799910083,452.71968793582056,529.0852744266023,512.3625829483256,478.58962753010036,467.70531194965986,454.4221777573825,554.797200829942,488.1105400923349,504.1737332358983,482.62812181683233,535.6716724659811,481.13876228725627,445.1177571916124,492.1626730201731,479.93350519647373,497.01752898390424,513.9748723668366,542.1261177469958,494.638501451665,559.7551816685562,442.3910148806488,455.5328116483517,505.7284014642705,479.3051929037716,485.9827993726645,478.5561072823646,498.33994981701744,513.1448054038927,520.6160618867184,482.9207462115736,510.8526926656897,508.65059994743626,511.77961636230907,489.9471960265357,517.700779023595,512.4049461870135,486.3425345862214,490.5629792320779,508.7079963377965,496.1271199503981,483.2078224130698,500.8456969516521,479.15511789264264,484.38033676606545,513.0747070555332,514.0425487553737,485.01049783676103
photo_profil,523.3769909113847,0.0,524.0033491905431,509.74609648404294,595.2589804828563,650.571702165521,574.931481588212,716.8357394145081,649.77371987058,537.9664087371389,612.361428101796,586.1769068749322,587.3013070131228,610.5325039229837,703.5137959528813,666.1292884355337,616.8508289153484,620.2116863532053,678.5719670510442,563.2972457842571,592.6593890446227,491.8451889546718,605.3685959380468,547.426815750048,596.0717451474397,427.12405461584177,667.8877213654923,566.5484569731567,631.1297933062232,636.0739400025758,730.6843215020549,556.0896966245971,656.759254571436,590.0629751029985,624.6236988060217,646.2824039259189,555.3116765287291,634.8347063789133,572.737600573016,712.0754637495245,620.3493279937015,650.3813837160578,604.4192864700739,624.5149046862873,607.9646875070598,575.4175233766275,674.1204444474812,580.1779885521798,570.7672516668629,654.0072183230953,658.4555609743422,702.2770594200302,642.9905889115689,679.7005309139656,581.233882644998,612.9242447886534,706.1681980943149,536.0068456629807,684.3546769050388,625.2052513547959,574.8560072661867,665.3225367622289,711.9584628448808,685.3305980825397,705.8878735676427,660.8894097540583,651.7729824194151,593.2175292428143,623.7056818839994,602.2148168488054,637.8511882606095,713.6426761178797,706.0215834189917,710.6715243072098,701.9960134098717,679.124589886302,678.4699199397511,692.1162859309485,712.997042907153,692.5089445708671,671.392211503145,654.25812479092,703.106110456248,699.2238322429847,687.3493948087399,707.6530307535861,709.3927110380218,684.5871967168032,696.1789418170838,709.9030516234831,679.188561377573,708.4809671027884,706.9794775937355,701.4226092191549,673.0225494963029,706.4527934365166
photo_eyes,514.1610420361953,524.0033491905431,0.0,416.41025562585384,680.3138471509426,589.1511873744994,657.5147811392244,623.7138532192015,560.2656588515775,460.5408171761526,538.4102975394808,487.97472382717916,614.5291545829876,553.3941142681708,756.2609742195916,606.2191297886892,579.6718753265862,514.6281816716269,600.9556612061176,493.74759538921194,414.5026510868606,491.7095070609337,496.59261310193597,513.7942753158404,557.5345103579549,493.6272467909133,502.86408773461864,465.79847965541495,710.6279263396029,559.9488555889133,778.0675058977941,563.5482132106689,575.7414904870795,512.9605040661702,705.6130835948412,539.9824840559378,498.75344610864744,579.3241319081584,594.3749252925928,760.9960204621605,686.7591109286408,534.4804633176508,490.91484574655027,532.5991234045636,484.0473148796942,463.63060680810145,552.2336760036281,537.3136099598252,544.7097116222302,605.600374237229,523.2029307321613,605.918847843148,622.3264391905047,609.8275788502542,548.5062956480247,689.213878632498,627.1004715191718,468.2404874614281,617.426966092248,517.1414629978108,605.3720026899865,597.4191528329158,639.1773594796214,637.1957385919488,655.3052350041115,530.983899545471,520.1270641434821,486.98026980116737,692.641425706848,562.1939746255921,560.1249738180641,623.644885250329,566.0289827329607,567.6531114264468,558.1769601153946,531.3470965406946,531.2062521649166,539.6535050471124,568.867698200972,538.8107614667259,523.862964434118,503.8282896279251,557.676741206586,547.0021338991206,534.2561101365037,562.9781216413106,565.3758877440077,534.4692144521742,543.8698245582665,568.0099478013994,527.562620509906,569.2873383938684,561.5922387705658,549.1206985490523,520.9600545321052,559.3075368128722
photo_face2,472.4476491757227,509.74609648404294,416.41025562585384,0.0,649.9123508617564,561.9823521230553,645.5828569773496,607.0392139562056,548.3458227238953,464.11396118882743,520.164636289858,499.0974284184252,598.9988328186747,538.1823922582029,739.3667254576999,590.3475637086558,566.5889587274893,516.3219748220105,600.7014378238922,491.9675082020666,459.81348194203315,481.33263527603197,509.2116678037479,508.3546384667818,526.7813089729273,488.9491940001832,544.7769073474896,406.4819346754836,684.1400210349939,547.8863153633725,766.4224350931528,538.445750164968,564.7548658279555,503.24060200256497,681.6202579882904,542.5368477379882,499.5878260505391,569.9906308490496,591.4118234834901,741.8035431932832,665.7757710175171,539.3929085750473,505.37890711551444,536.1996175343666,505.0319748259432,483.97256384609307,559.4520911094987,525.4914070514167,536.4697620537397,588.8402823332133,537.2465785015845,592.1327283713133,609.0654241704342,593.6801081435791,535.595177514828,671.276107670733,622.0258757244891,468.7688619314295,606.9018254159167,519.8409150834124,592.5765033493219,585.8346067267721,627.2688900505916,621.942681062096,643.4988761355277,539.7418719781474,528.9468617800018,496.86847039893075,676.176181629165,553.4447301471217,552.9138608389278,613.3368784118285,574.40155388511,577.1910242383062,568.1904534849118,544.3892085210231,544.262620925796,554.4177656716798,578.9755051734459,553.9774718915603,536.7830478600373,520.568640284322,568.4048207124148,561.5125313917544,548.224615711933,573.4216105774764,574.7368949555656,547.5864467650279,558.6569195200182,576.2421782901235,542.706544305891,576.6823203167814,571.5833439148045,562.3435283077094,536.4597280539041,571.0435539314917
photo_walking,552.4021954916362,595.2589804828563,680.3138471509426,649.9123508617564,0.0,609.2943043424394,599.8885440159579,701.479264404739,645.7198737302608,671.5974829523857,686.2892660990598,701.4411167027248,453.02648609821574,585.5036177881248,518.8846529179809,608.446862446941,576.9673841879976,670.0211792520419,746.187837391449,611.6768955190763,730.8264670319575,633.4865049439436,594.5852715938942,660.1019926678316,587.1016264426191,638.0968024769024,778.3531106881417,689.0090208109795,414.44293499438334,706.3925533081596,577.679701788722,521.3613446693365,656.0684470752738,682.7996327427416,433.86562426328817,741.8012294628917,681.0800370413089,597.0628201775609,626.4290725879167,512.5790816465933,447.31290600792124,726.4831130498847,738.8712006231766,675.753496692295,724.1212884077904,712.7676638210226,683.0525201510017,689.4035673047978,665.3458830793919,582.2288843012843,748.6311782997026,708.0287279187932,536.1300336842669,633.827261906536,587.6186099733902,436.24455862242496,663.2302390514752,659.7064109181337,621.540920124344,738.1035776294533,483.29203749596064,604.4024538446225,651.980211032944,596.7168710205211,589.4593522224067,737.1081747398082,770.8843641451236,697.5628007442804,442.90173707325215,582.5961532148931,618.3956080590285,685.4636230410888,724.629934932546,732.9761555561374,729.240146275997,743.4524242374073,753.1783799346415,762.338686749209,730.0031312276392,754.6444474685518,750.2659836458465,754.1028219503369,736.3513863407696,760.4359399434575,758.1391495929234,735.1593224996225,738.1270892779518,751.9285794695776,742.8224912687424,731.0904311119266,746.3854373161881,725.5849013798363,733.5409872068874,755.7555947198797,757.9905929900418,734.256092983873
photo_standing,440.063276782992,650.571702165521,589.1511873744994,561.9823521230553,609.2943043424394,0.0,733.6326824710306,391.7813604074012,494.97328375771633,559.7660586698063,541.9616109002343,562.1791979981796,574.32039473618,411.7910324399714,589.2457188248569,374.15707874384776,421.29620124994193,493.1514308743112,596.6383521896552,477.3031986055764,575.2302447068955,564.727832751011,480.19735448066467,568.415389328309,476.0389417786465,587.7617795226321,554.4872945760476,553.0230628133858,624.2899796132727,424.66184075549813,663.9097398105174,472.0917659687961,507.53828294986647,575.3653378082521,628.8307026817304,541.7824575652403,562.7985412719029,422.50730485906655,604.5526652245987,593.7660620069919,622.5042525167718,515.6589960220767,560.610519863731,516.0670020800848,526.6802612687248,551.3848229066599,475.33856262157633,556.5660930290248,566.5604689109689,406.75648815887104,503.79174368619385,422.69912359870585,488.81213844188227,408.74028224888247,469.83327057175643,621.4551727136422,437.974719115572,525.3353121713543,448.7904139789376,532.0162447221297,548.8404576567003,425.4081319495062,435.11663149775876,416.2063530678724,462.23664543618685,492.51025070679464,528.2563580201111,507.603026080289,625.9981036217976,470.20561209650907,458.92268331507796,451.084023805175,447.66093807424625,455.4021138328791,447.75859659943893,471.5652657632422,490.3246574826583,489.2100295099323,453.0013562988709,480.3168722164312,482.8088716132227,500.86504028249266,460.153625164916,481.5453349114229,481.68595589447943,453.7876341848996,457.23812245419873,479.0053033317174,465.52425034766964,447.34298772291567,478.35437982354415,445.98156783893654,452.4566673072446,476.9157378593441,496.25393245350824,455.1519118123729
photo_hand,681.8895109834655,574.931481588212,657.5147811392244,645.5828569773496,599.8885440159579,733.6326824710306,0.0,789.6632017929674,721.7762800456577,667.7124506083895,683.3666515259545,673.6194487869097,607.3313965200989,714.7227097876308,643.7738122566311,737.4874588319753,672.9480164207324,759.3625270210532,784.1587395563306,689.1216253104043,722.1744339552984,643.3778054739143,703.1166543488323,653.0067845431763,717.6259017399065,600.3818224968256,789.3726664595382,668.2536670764896,622.0960682192903,680.3468081852325,556.1585185059982,681.9600091442327,763.3447696586893,693.5576033095556,617.4259521808407,755.8227630357558,687.6108773159679,699.3054537201265,499.4045189036903,671.9970698367273,593.1393506221387,800.3728008061925,754.4128521072333,750.3180676660484,714.3540305118441,713.972225517694,792.7046191203221,701.9157437512962,654.6703321591954,728.2531430446306,769.1579750070134,753.7253968640113,663.8069219152909,742.9552596570192,669.5717021324378,606.913496127891,747.3872250808993,665.2742875642266,731.8207138957043,771.4558386682417,680.6813464375684,746.3405432995014,747.3065305108308,736.2362718690996,707.8401364193911,784.0408151896866,806.0310033565127,742.1941041898116,612.8128224489097,689.1569260390145,749.3661461357324,756.294026344357,824.5280239281651,828.8426882927157,822.5586662973982,791.1198237791289,798.4615160864577,804.1971195594375,831.3450381273758,800.2159019740594,789.7884157069243,784.0790414927905,824.0247887915715,808.5376368497285,796.5467073170497,826.2771902211758,827.6175912009151,795.6197929505138,804.3185666387888,825.7856078170457,796.6453872216404,826.0659213301819,824.9345230221634,802.6112676016365,800.9058344882553,827.1671832173512
photo_legs,490.25356842347793,716.8357394145081,623.7138532192015,607.0392139562056,701.479264404739,391.7813604074012,789.6632017929674,0.0,511.2556524879459,600.7045848246787,610.7072590587464,591.3278961175557,626.5553338989913,430.6360495804293,661.3608093966038,420.51048492647647,465.5070642337241,528.9291401004934,650.4513048671856,524.9987708466773,600.3649428455648,625.4008504495121,499.1398438453053,625.3569585717062,522.061575578727,646.3860311080623,582.2283041339663,599.4036188568733,715.2271889510421,486.02776457058434,716.1735100046127,515.3120338718944,543.8168405503588,641.279697056404,727.06382835209,584.4523462316009,615.1998579321187,453.90249411119504,663.9477855734655,672.2499534182323,702.5989618297463,550.5765320624247,597.6844772082648,538.8503043167769,555.8352520080281,590.484536069463,485.3008605255593,618.4855770523885,627.038984628472,455.65933581525104,529.848826463791,444.9302744053206,538.793818689794,445.3629234262014,531.7298334906142,701.7107590177227,443.85205752237664,579.4006854558122,477.5915139850835,573.3533648428888,621.2199285675707,460.05928390212455,466.6535978105,470.90989561239576,496.3205613431193,516.2828872907545,557.3555156168185,540.5019990742192,702.9823787653355,507.2976527259945,499.3713428210997,468.94289732211513,436.71932017972694,442.15692920526,437.9264862262596,474.0131013071345,497.0447050986003,488.59030135137635,437.4963293326581,476.4388044276785,489.8561351990764,517.5694513058996,450.0945264634228,477.86901577546575,481.43457446133596,440.7719340884975,445.89175610290624,479.76317023443005,457.55819643060374,434.1169387447649,480.180674045988,434.03272020870685,438.9276992875487,470.2096234898892,506.68229247387546,441.7848824528748
photo_bird,481.1934351207108,649.77371987058,560.2656588515775,548.3458227238953,645.7198737302608,494.97328375771633,721.7762800456577,511.2556524879459,0.0,522.5473227237792,528.3130046539003,455.16878017599964,582.4798797806795,452.8427570510768,667.7258054964533,479.4544987126113,471.28388681639615,441.131987586718,592.619691386265,471.2979664450866,554.4238467906662,563.4060392430903,470.80649595135645,583.7586406332427,508.6739958912492,581.2715477551327,512.4241541208401,522.0455663054319,674.0139164417184,517.3818229956644,692.0705035181068,524.4468971074102,392.36664643830335,588.4318221432538,650.810281869018,495.2298459679856,563.4711354050299,475.7955507309499,593.2039968205366,666.0746566455688,635.9616678421597,474.7618300441063,532.9423192582254,497.9213915169117,475.44093416847596,533.4401289992333,465.95315141977704,585.0795931827295,617.2375648331473,500.6805523137823,481.15684340493095,518.7292809706149,506.97591039454574,493.0484637360065,500.3107575579788,639.650073652186,489.9913375661472,539.7921793785714,492.9818674312354,515.6345679643244,572.8198911516049,497.667574769115,506.36391901842717,530.9994470627647,519.0077037203163,463.6982544780036,530.7448414554344,501.5584764532265,640.803733244715,492.4365528100303,484.27671302330424,506.1847036353492,477.3678110547086,474.40744083855185,475.7688450213553,460.5480011684199,473.9969154322638,476.0201785678032,480.27200676169383,468.7925452168102,470.64809168194614,488.30464329378924,469.16086385193154,474.6281674877231,468.34809276966257,477.2998580490909,474.02869805678307,466.1379426004342,469.2796470966137,473.5591095178221,473.9011956508393,477.0552234139403,472.62748093776275,467.91284156190244,479.8159069277655,479.5046161313347
photo_butterfly,520.5251727429538,537.9664087371389,460.5408171761526,464.11396118882743,671.5974829523857,559.7660586698063,667.7124506083895,600.7045848246787,522.5473227237792,0.0,516.9765866835479,456.38468170034565,599.0807091347953,524.0293971901802,740.6641725867112,572.6336760291184,548.4970777388185,481.3047058075059,574.2944503244308,462.2695523310217,483.22862503328014,478.154734671738,516.7788711402757,492.0353177044051,545.2657096420564,483.26713967201636,521.7742900835136,447.78231217272787,688.5225472021638,515.4487350226486,763.8855870621653,534.1169921332406,523.3428135406006,395.5860270972256,681.1990729290966,499.3616341805431,460.8413636237884,545.6442604987072,568.4504505794416,737.2826594725765,667.3910031919287,499.7640165450247,460.53604196826797,493.5624615113546,456.0865556783689,441.5127691734596,534.5890894858485,486.13233543366874,530.1083398031992,575.6151401800345,509.70298779198964,579.787504516906,587.5799442492126,568.5452421649002,513.6388063604418,670.8395049674289,594.0634408506587,432.14163015033506,585.5425176441356,487.4056434841807,583.3359804003696,569.6536568484423,603.376297914008,612.3219646018339,633.4689039050894,509.08003601345007,496.64802395939034,459.09141839029974,680.888384574402,535.0510362141894,530.4202790142692,583.7825107822754,553.0307322290353,557.683339694791,547.1173107659278,519.2280523629072,521.8300920985456,533.7063464734374,560.3943253356932,531.2028778964294,513.0126846164029,498.8502930788447,547.5291645214286,539.4661168870755,524.8577937621898,552.3549279813576,554.2323037414461,523.5752632341971,536.7012141553465,555.7617998510024,519.8748501549488,555.4383957068053,552.1521003633333,541.1291555711387,518.1561278421748,552.5263311250413
photo_girafe,553.1801374937309,612.361428101796,538.4102975394808,520.164636289858,686.2892660990598,541.9616109002343,683.3666515259545,610.7072590587464,528.3130046539003,516.9765866835479,0.0,486.59292514025304,649.5993428735727,557.3833819541509,749.1081260168564,574.4444637068059,567.8859793142251,518.8738476723233,597.8946396752748,518.3840295057549,541.4868441689725,527.2158486980261,556.5144745061402,537.3684527768986,577.2758919830025,539.176109936015,547.7136688034227,497.37167157389933,702.6723629366364,513.0262755005252,763.4447971814146,564.9403210129268,551.6162395422849,528.6282687363657,666.0690861857832,515.3380662127379,534.4179240668245,568.1795440478616,587.4535178191513,746.8024545263804,689.8825190102194,533.4636570816366,527.3320280965413,553.0434766761269,500.8946956855623,524.0617137736767,574.4817912169415,543.486734423446,563.3153076726486,590.0861331250838,530.8196770186175,579.386989454493,592.706676794666,576.790291852252,530.7658006328619,697.2766874743852,609.9274210741142,509.3719853902741,572.3975348557194,533.2845780508429,631.6515293025951,594.3660159352369,604.3757060797839,618.7300329291679,627.911627829324,521.7950009552275,532.5823051340233,522.4188346850316,704.1492660940788,563.0252336172986,564.369754302437,590.389965974167,577.9821343912508,580.7480125501596,572.0204967478138,532.2373466719454,531.3069090808625,542.3236581583789,582.9382400858594,539.308681927191,527.794312114798,506.3818448743985,573.3498088787741,551.0822963095472,534.2308171237729,576.2498017459981,577.9827256874769,534.5883299671694,546.4317433306104,578.9070641710798,529.3848502394072,579.0275460362412,575.4585047877575,547.2811397641992,525.0796546102721,575.4420934034704
photo_fish,531.3038306089401,586.1769068749322,487.97472382717916,499.0974284184252,701.4411167027248,562.1791979981796,673.6194487869097,591.3278961175557,455.16878017599964,456.38468170034565,486.59292514025304,0.0,629.8127194431468,520.5800941861922,761.640152253213,562.4898348951041,544.6129788607525,433.89330248420623,571.8516450100574,457.93662136268745,501.1311100442468,512.4289936000454,514.1072638132011,527.6048365740905,559.251404869088,509.5190680881497,485.8036353809181,463.25740578304,717.9056222325775,503.2295369575776,771.1289690937086,564.9026166577262,494.1569825885118,520.5022966879075,703.5297716406599,375.73110680486417,487.58279214083615,545.447886287054,564.844167737048,759.3671605647729,688.7630342865932,452.8332201475901,430.7605583561917,489.6183848975036,403.99380027961803,453.2089560105802,499.1270608795564,520.4220671656684,565.203679165401,585.2129404605357,466.3480346926811,574.7716585346866,581.7258902159646,571.1322463592294,514.8172585185956,700.1445434015463,580.3445288611102,468.88261391087696,574.1110014667782,453.7843190125694,619.7169844337318,582.6508136942838,599.1837451724898,626.1645718808653,629.7016651766438,460.8993893241363,471.908182023643,448.69797261861186,711.2839568066056,543.2754459075943,531.0069648611915,581.3302055893877,537.1203535833714,542.0439701316202,532.0790681762801,486.0183554153967,486.817568760748,498.60269958516415,545.5964859868277,493.08084941694517,479.66664628520107,460.4147325401979,531.1655331926789,508.56282316327474,487.4791245801764,536.5123121015772,538.828041350948,486.4933887265928,503.8034281445003,540.3912218834984,482.7920932951581,538.9101934279096,536.4308315492134,504.86037812198543,484.10837254048994,538.0856682926262
photo_cherry,506.7167880434099,587.3013070131228,614.5291545829876,598.9988328186747,453.02648609821574,574.32039473618,607.3313965200989,626.5553338989913,582.4798797806795,599.0807091347953,649.5993428735727,629.8127194431468,0.0,506.37309705461655,539.0063611079535,537.5299390644836,522.0892705108354,604.7370646867527,712.9699176014973,543.0124913763643,658.2557913135212,591.7223538315768,508.34765589607287,596.5067967503454,545.5328585463827,598.2500002691238,719.6874870297478,644.561636655983,522.9272942537148,656.50116540309,597.7883166864867,505.6767124276112,605.6478765039786,619.0644204523072,511.86272056995915,688.6267245700598,590.7680302075042,538.2918238139321,613.9984022284104,551.3275611638614,498.1412466398355,658.1453009645927,663.5511687091198,593.9764975597194,663.0422958849013,636.4904664189797,598.1725260100161,629.4255847831238,622.1756768231097,534.4110304717642,683.0024226846801,644.5125527664258,527.3295936565247,575.187558078566,550.1388818447283,500.15498110036657,587.1379347459525,597.7158367216533,564.1707092559193,677.8849563164677,471.1592694019536,542.1265981508644,592.5385509612904,551.7132545528987,555.9090757768703,668.4182442778484,704.9401638701663,623.2716679826035,503.8568542904289,529.2158837049062,554.9599745124468,618.2107608702978,633.6856056142523,641.691638558239,639.0932969369809,666.1066304888255,679.3781033464279,685.2199164230215,638.1906438896723,675.6801826860717,675.2374146731783,687.7658077068204,646.9660131034168,680.338446395865,680.5606434211206,643.358191872898,648.0852899334608,674.6455310155427,659.8187841300357,640.2864693596335,669.037457207895,634.5978572366352,642.2171814370327,676.1060644609777,687.1934482464861,643.2280394875403
photo_tree,400.4665588886931,610.5325039229837,553.3941142681708,538.1823922582029,585.5036177881248,411.7910324399714,714.7227097876308,430.6360495804293,452.8427570510768,524.0293971901802,557.3833819541509,520.5800941861922,506.37309705461655,0.0,611.3648968161322,397.2196012100474,407.1306782839335,463.69686922716267,594.4015961204142,453.5084234095719,549.2306541744242,528.120084224657,413.87102675681786,545.1348462396575,445.21373351190203,560.9897511091777,546.917244764926,539.3671245032427,623.1392928665622,497.4964849141736,667.5590158659006,450.0891509623658,481.98391870308103,566.1283164117368,609.5958761773476,529.2082423409362,536.5320802419951,369.42145619355426,597.5250501411196,608.2766985132943,585.7752261976449,500.00965744698584,535.8997398056281,485.54202017833444,503.5320031815821,528.3799185856693,427.72959801492846,542.9551248957065,581.9693043896254,419.0227164669896,502.49513690677804,473.90312286277384,469.4166511091057,434.4109367377477,449.9729670561523,582.8117158026382,437.67672957413123,508.3312422498139,440.3135436195072,519.2439041233678,496.7204863909026,402.44091182919937,449.00980148385884,450.5704182681726,459.18808980388985,488.6842204267837,522.4787392887483,481.08250379870725,582.0639652869859,424.2662056385643,427.63254596649676,456.24764644886625,431.16630887250284,439.83036644225456,433.5415645555614,465.01734890124857,480.87408141065396,482.9797216881178,435.89814771405446,471.5224078128798,475.2390562962203,493.24298519955676,445.2883683847117,475.82228248466447,474.8544005791159,438.6243709729834,444.6485747576319,470.69249649123276,454.14068605631667,434.02132079680877,467.0227704648005,430.3473765006527,437.27116314867385,469.9397634629133,489.3717082179848,439.5313719954335
photo_flower,608.0879871829252,703.5137959528813,756.2609742195916,739.3667254576999,518.8846529179809,589.2457188248569,643.7738122566311,661.3608093966038,667.7258054964533,740.6641725867112,749.1081260168564,761.640152253213,539.0063611079535,611.3648968161322,0.0,533.8645592392145,553.9294302832403,727.3768832392033,786.6946405577389,668.8426514840805,789.3816343821089,711.1406774006946,631.2451230095788,734.3458115170596,630.2949544590493,717.5192313422268,822.5347445392497,754.9577152884881,479.0209086183562,670.7158951700579,477.688089677541,602.0309718859402,695.9841810891309,763.2110947600752,511.2962467315098,795.9303766034907,754.858429104657,579.5845132822382,597.2996360228807,374.5243562382976,488.87011044080236,782.7189040492839,806.0699892937288,717.1272337121711,759.972563919983,774.4634830240295,706.7366152499616,757.9495581826648,661.7215992585546,538.0760644296217,779.941756975583,638.7256366273766,562.7310456300978,590.9646591447561,631.7234462935277,496.77679503417386,615.3571678566558,728.02351348933,605.3325063516656,798.7236677028959,573.9432407757796,594.6446821017645,595.7190260103737,502.923971982842,544.2740560638664,774.9306809606895,824.6852542128956,761.477339188378,492.53241904735296,609.9696437840024,650.2040841586293,655.7162667444064,737.3078589064015,743.7082209474409,741.1104525748427,766.9614867077055,785.962050454764,785.7803871504714,741.3168710523997,775.5744334971031,781.8847528538486,802.1595275228674,750.2821968271788,776.885859160818,780.2287008099198,746.5717166673566,749.0739896488413,776.5480914610001,759.9278389983091,739.3594644662513,776.8379337630017,736.4363291172956,745.0571394900822,770.5151850551108,797.2332160919001,747.0458678823604
photo_carrot,436.3259870438353,666.1292884355337,606.2191297886892,590.3475637086558,608.446862446941,374.15707874384776,737.4874588319753,420.51048492647647,479.4544987126113,572.6336760291184,574.4444637068059,562.4898348951041,537.5299390644836,397.2196012100474,533.8645592392145,0.0,386.6202377335168,490.19307384382165,625.4070633045682,486.0830546418774,602.78979386116,589.6104100881057,456.4382761075793,603.2794968969448,466.8551172809992,605.3136776840206,573.2655637741555,571.9593482365524,600.375424804437,465.9731494785684,625.320419114878,478.42575984348383,499.4330537684437,599.6824475392197,603.9743011512656,558.4677388995445,579.5615878728776,387.4478537424885,595.4094532901211,487.7778169325103,572.1670119697386,520.1583862813683,579.189985773175,516.7211350095123,532.77409344788,571.8954268078578,460.1995172440684,590.420751442799,581.1042421753581,372.93746608083717,523.9971932234484,428.01466368673846,454.45311232316016,379.6638169575164,457.46385296252197,575.4705503956488,402.26395262373427,544.8174512433941,421.4876832398038,558.5923101162938,511.0065569013563,388.53510099333045,394.08083141149297,344.1369207524984,416.2674237984655,507.11733716218237,556.82067465805,524.8400098229714,580.2471608719633,448.53450908302034,438.48316059070055,445.88276446246186,451.7339919850167,458.7465524893816,453.3673177360487,486.10439575996645,510.11086374249805,509.92675801407046,456.4544397904204,496.1409691319474,505.65406693962234,525.450636635513,469.06365331916294,500.8115439681725,500.94168412469253,462.0722636416414,464.63857800189174,497.21641081318177,477.3467733417589,452.6850111319298,494.84820460359464,449.60715188006685,459.5971798815946,493.51524000410797,519.6407767934243,462.33104575155596
photo_watch,419.9206255219398,616.8508289153484,579.6718753265862,566.5889587274893,576.9673841879976,421.29620124994193,672.9480164207324,465.5070642337241,471.28388681639615,548.4970777388185,567.8859793142251,544.6129788607525,522.0892705108354,407.1306782839335,553.9294302832403,386.6202377335168,0.0,495.1230636794538,607.5406817333312,462.74291246116064,585.01766816086,554.911128578469,447.2049000383392,573.5833393876796,450.056612308995,559.7888310605599,568.2250585002272,542.1494919058821,579.9847849750876,472.6773421969803,587.5302401474794,451.5424667745006,482.98934459221664,585.8305188433194,556.7342362939678,543.8297088708636,559.9216067785195,368.74131752106183,536.299615027866,532.1671035505447,479.3361548068189,522.4159737559903,565.6520407858513,499.76551208611085,518.3049487078779,551.0445271900965,461.2770492325267,558.626354613292,582.4102246909483,386.4798004603489,517.2825393726421,449.09304654608417,412.1678731381508,396.9869445801947,425.6310728603798,514.4102052131318,385.5541816008365,519.8003641925142,406.4225066565259,548.3632664299716,478.108429411967,386.71244464481373,397.30723690510933,408.70621265457066,387.96771375380524,501.2091328665493,551.8878462712481,508.6573438259221,525.1165734376497,411.3036582501166,436.9660851040158,423.4076916523727,454.90477279023014,463.2417759854937,455.80073810905407,481.825885863833,506.55687915673934,506.1488418307228,459.98515460597054,491.60660981375423,500.7644347263738,516.1020092798707,473.0947440022469,499.18435585016783,496.49249999459545,465.4262863597089,468.30753854763174,494.2940809100061,474.03431730678744,457.16583336532386,490.6180855741332,453.53654585625077,462.93246437917935,489.6718739448062,516.6131341219962,464.48599300591076
photo_key,483.09463424914725,620.2116863532053,514.6281816716269,516.3219748220105,670.0211792520419,493.1514308743112,759.3625270210532,528.9291401004934,441.131987586718,481.3047058075059,518.8738476723233,433.89330248420623,604.7370646867527,463.69686922716267,727.3768832392033,490.19307384382165,495.1230636794538,0.0,530.4697223300266,434.7188337574179,516.1104528559933,528.1811630811553,463.6460706831519,549.0364963489715,500.4221980922765,563.1045010396851,442.3974946213136,505.63613245977604,693.5452785769199,522.002951278053,769.547462783758,515.2206896147734,454.6036784313441,527.9191744758118,682.7222015535253,450.0725387453112,512.1812852823838,493.73734636282376,633.3550128355288,708.2937896371441,664.5777890609745,317.45633606968937,456.6774370133849,462.39853167714915,426.02806362802204,472.9225903245298,425.231423453276,535.667972827665,571.8443055230299,499.1249007277512,406.37017392906705,520.2321176481494,548.046125208262,502.316039831355,489.04912386068133,664.289437231803,517.4455017984039,475.3233733990016,504.0408249632855,416.16896898402797,561.2124533532032,489.77300873053184,526.715304839676,539.8062058120464,555.7930320720673,375.0901786848627,433.2640599582228,420.3534380442531,672.9006986747731,495.03084006887906,449.2865411736935,518.946640557596,449.87054519103265,446.36374247791264,446.07567589740387,422.1508180102809,426.0313327695998,434.6993575713446,457.76738073669895,434.78809020626045,420.5864259552728,438.7501596344698,434.67788098071395,436.80263621852805,430.39192023093426,448.1715745943785,443.16114308814707,424.54813473458444,444.3301751223954,446.8589185149015,435.89118699883136,450.7810024101954,444.29836465565785,441.4486230851834,433.2720673817161,453.15761518166045
photo_truck,608.8549833066207,678.5719670510442,600.9556612061176,600.7014378238922,746.187837391449,596.6383521896552,784.1587395563306,650.4513048671856,592.619691386265,574.2944503244308,597.8946396752748,571.8516450100574,712.9699176014973,594.4015961204142,786.6946405577389,625.4070633045682,607.5406817333312,530.4697223300266,0.0,552.0559996199725,603.7903021662347,603.0343715479372,581.0796505585338,627.9506559731935,604.3759050938168,624.7544102995382,580.7163006433683,581.8342938735343,753.4983890743828,594.15234742913,810.6397363973881,621.5345456728932,579.457570837953,596.0667391626604,744.863225970595,557.2655591362126,587.3621535856917,597.2824577671573,667.6774561248998,767.1661864675831,731.1686306298053,560.778575535682,506.30661103712157,564.248702492109,541.0419637318024,537.6464352468049,570.0549884791255,608.3482145607475,614.2648518290449,604.3854827668913,553.42186927761,610.2585018966998,646.9829927570016,609.1071615116786,593.1379704945482,734.3028307431046,626.0147473503372,563.1815153430304,612.3333337228037,549.1738039983344,664.6525607174262,606.8621365204019,627.3045844972589,635.7263007729408,651.5825642144921,564.379578495549,462.54558196463813,545.7459744089949,743.5954179759202,604.1076416120962,576.2085509957207,615.5503854542559,599.6122493028482,602.9648899939555,596.9377674102013,578.1408942991051,579.1309951352648,584.1280572229042,606.9240965024618,582.2630702147106,572.822867582125,573.7911177779414,595.5341171043939,585.1982666581183,579.407944129063,599.6856588568043,600.4991062999104,578.4117194684898,586.4522308608549,601.020485019819,579.0071753341164,602.5912583466561,598.2712358151723,589.3424262969113,583.4294190435713,600.909536078984
photo_velo,453.4487536355369,563.2972457842571,493.74759538921194,491.9675082020666,611.6768955190763,477.3031986055764,689.1216253104043,524.9987708466773,471.2979664450866,462.2695523310217,518.3840295057549,457.93662136268745,543.0124913763643,453.5084234095719,668.8426514840805,486.0830546418774,462.74291246116064,434.7188337574179,552.0559996199725,0.0,502.11560592023847,503.39995854863,439.08579099050513,511.52954497673505,466.91362208174075,506.96272924284773,510.49858971458787,489.2102715338175,633.1630501330333,494.944614499568,707.4775123969104,472.9062382118954,464.6424664178129,505.085727869104,620.3550815913309,469.50235127513673,463.1754843103766,466.4593288475824,574.2332991265328,658.2769030767676,606.4981255594787,449.2033847075702,439.6610596320819,306.13993014125464,451.98576053911904,448.5831578914577,441.28867415239193,499.2343552683915,539.5108170533975,483.36957855791627,478.7277632894832,521.7866290272281,504.95522460688056,487.2307797240069,460.8244645617886,611.8415981675546,500.1567017315243,457.1602449034081,494.5903357109058,474.0781628064435,513.6064706931282,472.69971075070674,512.0935388322707,518.2300636270478,540.1596160102247,464.39616099183627,476.137525588287,397.280659002301,617.8824203898672,467.6505699284513,436.391204688855,511.10825679823813,479.484161807213,485.3785826788778,475.04829199241027,474.08606559043466,484.97880898859984,492.79784175896003,485.3640629717963,484.8719247619011,477.8260550152414,478.5213118364207,480.62753386096375,492.56408562837,483.44405886713463,480.8911082632898,485.8854914688516,480.60457925268724,478.55466699995117,483.4027092744761,474.77773284054695,479.3448965131908,481.89005016274007,490.7828650532928,489.4303345631661,481.5323703899026
photo_road,547.6899976092557,592.6593890446227,414.5026510868606,459.81348194203315,730.8264670319575,575.2302447068955,722.1744339552984,600.3649428455648,554.4238467906662,483.22862503328014,541.4868441689725,501.1311100442468,658.2557913135212,549.2306541744242,789.3816343821089,602.78979386116,585.01766816086,516.1104528559933,603.7903021662347,502.11560592023847,0.0,517.1422271645623,500.27397074431923,529.160836441269,580.9048815126528,547.8119303403787,530.6442468585589,499.3446110343188,760.3567241940244,550.223485095452,816.1454895196625,587.7885075048083,577.3351070748083,538.8843958347096,753.0953229976316,538.9793833154968,522.016792867992,578.4865132408746,630.791647197244,797.443567839548,738.2894118087315,529.6849676832455,493.94371815315753,533.7240754706447,481.2998680655785,480.5325502040731,542.7327088435555,554.581878146145,578.5193615180394,611.7013051454552,519.4254456936321,596.9638378078672,639.4750113621233,606.1031455198766,565.2928464198264,742.1430401638302,617.9164601586723,491.12259825482033,616.8031853980945,517.0608011554189,645.9254313045503,594.8382927863524,632.0833477703911,641.6305194993483,661.6480577104193,518.8438627153313,504.75399414726485,492.91370630167853,740.7229929894846,577.3799180413416,561.2736990344329,612.4367267295271,545.3392827565802,546.5435840486196,537.3181348130687,513.127841658559,512.8783981297072,519.3498832686979,547.2073552565805,518.0562492841246,506.4932700107472,487.8991649671017,537.3306996916758,525.8724624088404,513.2632645264501,541.4268729881738,543.5998342871756,514.8177808284137,522.7817198534408,545.8600005491274,508.5810073298562,548.1230724757019,539.2117354454008,527.1634052598561,500.24059658629267,537.2311675773517
photo_house,512.7596636303326,491.8451889546718,491.7095070609337,481.33263527603197,633.4865049439436,564.727832751011,643.3778054739143,625.4008504495121,563.4060392430903,478.154734671738,527.2158486980261,512.4289936000454,591.7223538315768,528.120084224657,711.1406774006946,589.6104100881057,554.911128578469,528.1811630811553,603.0343715479372,503.39995854863,517.1422271645623,0.0,534.5699990329518,474.23814001516934,562.4383132242139,485.0111562938508,582.6676378580344,513.6183673390669,667.4833686415054,549.6209286730934,750.0822534884323,531.4078374702281,584.332622300575,535.3801633620038,659.308942700357,561.3174725009455,500.5362794477778,562.500333337735,564.6981583840751,722.3210442749147,650.0610471256491,558.742795920372,519.776925220099,553.8924224360342,520.9763148968564,491.498131225279,584.2573513673477,515.4113653625902,538.0149240855775,592.8830510428754,564.1289157073925,612.8045030447885,602.4423610173449,604.5522252201761,525.1210249420681,648.2313090450547,626.6816763847914,480.55278189537603,611.581947709288,541.945188712831,574.0735730038263,596.2541288027891,637.2099339384379,628.8770497373309,650.6398700143721,563.813060161527,549.93601207939,513.8201792454203,653.7829008915419,536.7879958227512,568.2951730601573,625.1250693250072,602.8365774682002,606.8676079149958,597.7703293836746,574.5522309107804,571.2719955350041,583.7893695595641,608.9071583981998,583.8993748535057,566.2299208765432,550.3625805658259,599.1079760007574,590.4609306119881,578.851604422442,602.0752041729908,604.35957851024,577.2021501424454,588.2276481486066,605.5061000205493,572.2981957318201,605.2460728294361,601.7796509886253,592.3548350533418,567.2930606550038,601.7132174579676
