,photo_face,photo_profil,photo_eyes,photo_face2,photo_walking,photo_standing,photo_hand,photo_legs,photo_bird,photo_butterfly,photo_girafe,photo_fish,photo_cherry,photo_tree,photo_flower,photo_carrot,photo_watch,photo_key,photo_truck,photo_velo,photo_road,photo_house,photo_mountain,photo_windmill,drawing_face,drawing_profil,drawing_eyes,drawing_face2,drawing_walking,drawing_standing,drawing_hand,drawing_legs,drawing_bird,drawing_butterfly,drawing_girafe,drawing_fish,drawing_cherry,drawing_tree,drawing_flower,drawing_carrot,drawing_watch,drawing_key,drawing_truck,drawing_velo,drawing_road,drawing_house,drawing_mountain,drawing_windmill,geo_face,geo_profil,geo_eyes,geo_face2,geo_walking,geo_standing,geo_hand,geo_legs,geo_bird,geo_butterfly,geo_girafe,geo_fish,geo_cherry,geo_tree,geo_flower,geo_carrot,geo_watch,geo_key,geo_truck,geo_velo,geo_road,geo_house,geo_mountain,geo_windmill,word_face,word_profil,word_eyes,word_face2,word_walking,word_standing,word_hand,word_legs,word_bird,word_butterfly,word_girafe,word_fish,word_cherry,word_tree,word_flower,word_carrot,word_watch,word_key,word_truck,word_velo,word_road,word_house,word_mountain,word_windmill
photo_face,0.0,50.38902918971701,62.752272695109575,54.99137083228584,51.414142604795934,49.80208130153726,49.44048055371365,48.637350434720275,57.86444121003828,59.21503658248509,60.68900064530747,56.83826306933528,52.64627719401829,50.556109786671705,51.03751244065774,48.98554913688815,49.35787844964529,57.88253225755693,61.877125846873476,56.22531619321113,67.2360339169568,57.61426518206369,56.74388794590744,58.91260522282896,51.66817338742114,55.08299213234482,58.55607158237893,56.18925092347487,51.81442085888177,50.84129223497202,54.85866272814726,52.684237020366204,57.10341984556698,60.968092770127264,53.56990914561159,56.51648970162769,56.334335045696,48.93751644718162,51.57238521833981,49.51068043935052,49.37253816141219,58.2054841128134,59.33611978373,58.40033183956399,57.28973667620294,59.92021418186073,57.32427490775742,57.51608654818709,58.14300282475187,51.799382236463245,57.407714066343296,55.508051924562515,53.35199733560104,53.161841870489305,54.13529951769771,52.5310016652926,52.76174596851845,57.3817449356906,56.20437596658205,59.93604675856889,55.767765399583986,52.829638235968105,51.48222566809083,52.40328207785901,53.548392831620504,58.38858746141847,60.85723571251253,58.39183847489193,54.62917724754556,54.73716109408399,55.75831639282266,57.056497841663045,56.219402096984254,56.59043902182177,56.21700095482069,58.2228133668334,61.319103527754336,61.42297426165439,57.19005140841021,60.545831872664294,59.48117969412377,60.15607972093261,57.806528678493706,60.95306043349054,59.44739096398694,57.660759533915694,57.0210585357503,59.63468547624629,59.85674750177182,55.324974011219375,60.03383815896423,55.86275737811198,57.367037830054144,60.47627463047349,62.66771227987886,58.73977096510824
photo_profil,50.38902918971701,0.0,63.515715643476,57.12254846698697,56.04841440153537,57.162192806699444,53.50234091262859,56.441711738809765,60.82233232791346,58.986897929440225,62.15070504886412,59.96925244535148,55.55340084720223,55.975762165388,58.1582420687784,57.40412579827383,57.3881290360341,60.68445010049861,62.66907459956327,59.16090470326519,67.53904167285476,54.97186646920658,58.63043707305092,58.34110477214599,56.60706132927345,51.378290968288674,60.50047949587682,58.43724226232444,56.20458173739438,56.87025736285017,58.86852703609681,54.91271551094305,59.474027799114616,60.34242591004072,56.73291851087647,59.52202262198457,56.8066705218782,56.67622733950431,56.040557778322245,57.245593066041764,56.81654109663671,61.03206456310458,60.53992101121794,59.75635270958009,60.13015274546767,60.154162492332084,60.26202140358505,58.682449365941366,58.16540296559367,57.71829533892635,60.75938286981689,59.5716806233191,58.33435503798217,58.25260581368644,57.95958993992468,58.2717161823959,58.742928844649384,58.91609816385843,59.06337652524204,61.55164832487352,58.1127640607923,58.69650340055906,58.26105749523909,59.557719428673344,59.88032080319878,61.4056853927292,62.41079286024279,60.20501326024661,58.56170052881482,57.725107036389204,59.52426694827573,60.47133129752419,61.46564352297819,61.64663670445404,60.99350095252455,61.82122084256995,64.37433366792904,64.76949562424375,62.10501506864603,63.93409801185344,62.73684817408971,63.78994970671189,61.74420068536602,64.3485838557911,62.96765786045375,62.01624395412236,61.47328491818976,63.08901818983106,63.226678889252646,61.14857765154741,63.390892469508046,61.2047448526395,62.02028955827548,63.917780444461364,66.4225022035579,62.69042702952767
photo_eyes,62.752272695109575,63.515715643476,0.0,57.41290489829182,65.38460177283477,66.80229934128178,63.958958608474575,65.15877180373889,60.927194038493404,58.41579460896204,66.22444111169142,58.95545498967743,64.31077993333278,65.88433097208112,66.96848213065351,63.988932011285804,64.66413468020846,59.0999108775769,58.89636700918001,59.340108301668266,54.821464472194855,64.53004203831802,56.85573416491686,64.90703022185993,61.87529015348459,63.79332446201894,56.68567316579614,57.76263460901222,66.10091252695432,64.35163752974476,67.78488523619394,65.9948101602841,60.73626252366014,60.90154351341658,66.36284660660223,58.82053217283596,60.573819693604996,63.85113456752906,64.11046291582268,65.31309360231185,63.80297426886258,59.17991873298064,58.227045610949574,59.18274480665157,57.671170434541345,55.08325426823943,58.85082585963031,65.89602290513503,63.06514953457396,64.12615596446655,57.28223417131789,65.74428533076116,65.43416401080897,65.46487932224169,65.83021321660222,66.0758462384967,64.6333964191809,60.854348157359574,64.67072809810576,58.74711971022987,65.94736941453151,63.235813053139296,63.47463698956206,65.20185551016472,64.70499174170894,59.343880172942086,58.53230576242369,57.89420639091065,65.99382335753353,64.974707913814,60.539885342622746,65.72960599935486,60.57751291780607,60.22476096074731,60.477983746395644,59.84141034068705,61.19073224849062,60.982651538168824,60.7201662958241,60.66824141578208,60.19723118589503,60.458816682477746,59.929423298402256,60.64394291564334,60.210047080832666,60.64422829999103,60.537261979111555,60.52453166551134,60.57419540985101,60.593157939175285,60.40490663414957,60.63435325216748,60.658034997793536,60.64818339974552,63.28337961549012,60.80366863064227
photo_face2,54.99137083228584,57.12254846698697,57.41290489829182,0.0,60.3477941436436,61.40868209351955,58.165237857459694,60.35616249152827,59.837497532892385,57.99013365141592,63.65666599811437,61.106625864578355,60.178274259871564,60.972915961782945,63.03266820178424,61.11179150006001,60.93186375314915,61.70940483862505,62.49423123105732,60.306227618742255,62.22056696383242,59.57994142344067,58.89219626429497,61.503593727923594,57.45981309938932,59.832791904582706,61.178582819999065,52.986658078503034,61.75121708712685,60.58808069946717,64.378248286643,60.33666399144104,60.59641784923469,60.35535642173619,62.23294696945446,61.084993110610675,60.07900911148222,60.25554391510694,60.085286660649594,62.08045286443713,60.26128230815181,62.12349306551056,61.601798814370326,60.60000096898929,60.256766577186774,59.187569144716164,60.89485936111022,62.091932569916075,60.57809944865782,61.486833183553095,61.61205660898707,62.20773228910239,61.50465820885717,61.53843343263171,62.002040918899475,62.67733426848689,62.36200254974218,59.26950452450976,62.352600040724404,61.8834798052899,62.589061889442824,61.11761472196331,61.112257485758555,62.98647774997593,62.70875862546084,62.54099635764826,62.51065198412022,60.743439994870315,62.31685483443654,61.73073051366903,60.57389787006657,62.73707633504,62.48889470904135,62.3283433607214,62.30551262048514,62.50177441443589,65.01735292304512,65.07389842926344,62.76610958640792,64.50610104333586,63.55129500574534,64.16100185593928,62.80690674360629,64.64066624575352,63.62811422396981,63.122574670393554,62.522992204674956,63.83257032725986,63.93743808991916,61.92997535982837,63.895703736130805,62.19723746759496,63.08231550373101,64.24113918705292,66.71514951135234,63.5739226490924
photo_walking,51.414142604795934,56.04841440153537,65.38460177283477,60.3477941436436,0.0,45.037084158394116,49.495922353990885,45.34741965087622,55.35360670912163,57.887189958233506,58.13485310025707,54.26785238203852,46.7439226595585,49.25148795481307,48.17678384559347,46.544305473332884,49.4727502970738,54.94942701472369,59.39406253502589,53.68298630934793,65.8814465348596,58.362251452229586,51.58219185382129,57.18791959829793,51.348304327283195,55.232919975798815,55.783743502915605,56.373298614380204,43.20165621070662,51.06886310692229,52.04534281607317,51.68436850314689,54.447444914667145,58.56314431692769,47.24223541808618,53.34454260246481,55.133525670352036,48.67884382496753,52.037585854665515,47.46144415866421,48.7595820357646,55.48609038112586,56.073190179670256,55.826113380078205,54.33876462206428,58.25394358996722,53.10242723539369,55.859003165510146,57.928149571889335,48.7026441716883,55.37243633682686,53.58654156851423,49.44957756233501,50.88468467905513,51.90355772257519,49.184410902843524,50.252148412144216,56.17356429310739,50.69684632452351,57.190468666727654,50.85876645631743,49.64768572487518,50.83820602711378,49.98650190521722,51.014596816694024,55.332443940976574,57.868939107194464,56.046883168408236,51.2252656475868,55.39093336749071,53.074794474603976,55.7603921055019,53.65376089240123,54.13779156535041,53.86087043054849,55.90843247159566,58.36041870532415,58.630296386962286,54.5750155399407,57.82381392810163,57.05851952680462,57.50804290201895,55.240407001719205,58.32263042941073,56.710476958229144,55.11089163519284,54.41109397618128,56.94859769088622,57.237606196546686,52.51878552773162,57.093518101099136,53.346539491120545,54.924351854275116,58.06385425673559,59.927730607452,56.17739295032177
photo_standing,49.80208130153726,57.162192806699444,66.80229934128178,61.40868209351955,45.037084158394116,0.0,50.07838585987204,41.11626584468259,56.77604148658544,59.3594640320292,55.46245031347162,56.42896406617461,51.23928580855588,50.17352753143785,42.282860659731966,40.85983394554783,45.12104826191721,56.30164336286307,60.738249260827885,55.27815430137885,67.00366780985382,58.82417962279718,54.94917721104301,54.910218686262304,52.794368640892074,55.82974647915445,57.32624450374189,56.54756279927648,47.55357359100355,43.436848631288896,50.101941607238345,49.60419057274631,55.41505740039176,57.76072467663608,46.82839880223991,55.28633107770535,55.64725153214923,46.49034419844533,48.393723124505975,41.39105572109341,46.20199110375093,56.377494460891754,58.03334116509552,58.07182138620877,54.42769925236756,59.18895678390795,55.45984236590015,52.654082678846976,56.14564647570927,44.050061522039556,56.35382234778462,47.59781116629463,50.27387124623195,45.37212743904574,50.046730593044224,47.555313507933334,45.92910033595596,55.41905937764947,50.07577351055996,58.3871343181338,52.474551039667205,48.880080232395024,45.70051383899714,43.78618458047351,46.991773107930634,56.124915411624386,59.26040385138097,57.31362822083445,50.950234709810076,54.27283920087637,52.73547295321014,52.436797238770616,54.03992911039509,54.81939658117307,54.36411511161159,56.44826824055299,59.332513541066355,59.5065034951276,55.231956681948354,58.72935898196601,57.85608714651527,58.016249437878216,56.20988437932359,59.066455556365966,57.56238722740466,56.03397683065379,55.03177419506599,58.04483385841124,58.162542020108035,53.05687043810993,58.13564015073968,53.744801996144744,55.7326524832227,58.85895040423256,60.53281767238327,56.95484953467603
photo_hand,49.44048055371365,53.50234091262859,63.958958608474575,58.165237857459694,49.495922353990885,50.07838585987204,0.0,47.67688770958817,58.18918958465682,57.656504449376676,58.666259580040915,53.803080576784666,49.542464311878625,50.9277537494151,50.46775461656496,48.35475692553245,49.94443334642093,56.63626098842668,61.19179851689839,55.53434694033195,65.88894656837667,56.70514332195741,55.57836222882806,56.66832702269983,54.572607219399124,53.42148425556989,56.38134990551692,55.325437468484445,50.50275755936205,50.05785898745956,51.52695673906815,52.62718298120391,57.11043902209657,58.87549565977697,50.90215010968524,54.48497834413434,53.62367365653089,49.667211741016104,49.87358729442499,49.56484845072751,48.61999898014829,56.69603941274235,56.5692069662175,57.51390227199833,55.17879954297887,58.74581446693949,55.84010441830563,54.62228601316645,58.14783391548014,51.25276410556127,56.103261461965246,54.29613901126834,52.958509349929244,52.8390177494748,50.88840800573369,50.31468106947571,51.80387739693713,55.51161311901122,53.14359997094022,57.88139506648942,54.516988596500724,52.29024010402345,51.73180220760589,51.42775750852871,52.34215932325677,57.00682569838873,59.34436983204936,57.00600798098881,53.305054903681224,54.631391370353924,54.6275431340456,55.40346455631916,55.622177144778,55.47383300213517,55.27036642083599,56.966788824350644,59.57186515066225,59.727628024672775,56.05922474041277,59.10681722016077,58.00224703128415,58.67096033929268,56.292734620462866,59.36453601667602,58.17780300069897,56.229845178706725,55.687059631637354,58.04175711043361,58.38505948202672,54.5393611444923,58.39888089165362,55.173616530295334,56.26168534535784,59.11562915851324,61.26977288614841,57.3272942425091
photo_legs,48.637350434720275,56.441711738809765,65.15877180373889,60.35616249152827,45.34741965087622,41.11626584468259,47.67688770958817,0.0,56.06426034091543,58.74845669048936,58.169749718231245,54.46466825106624,49.19251158460808,48.399353008136536,44.220102950561206,40.948426245694485,45.3189372168346,55.434219022233776,61.12440981472336,55.11262507598685,66.2442155502333,58.60321324524842,54.17667847223812,56.634325266095225,51.44012822117654,54.92874219192629,56.22620555613036,56.49863945435736,45.24368345151649,45.10477848458536,49.472302663814034,47.89625726351115,54.01553870451777,58.513045920200575,49.048935289905266,54.09217481489056,54.69499846479171,45.09494574154106,49.15717420026318,42.55709965160374,44.66913787639869,55.55670340740173,57.772449913172515,57.303748102798615,54.20286573506764,59.063216273071376,54.419008356095475,54.18438178413428,56.0362241320822,41.66619623719189,54.81667989914985,48.8449556018494,48.463779241759276,46.04947584568536,49.75037264073053,45.00829387743206,43.89557904849615,55.00858847404066,51.20318163623765,56.966014623639076,50.45736378838302,47.56292934889688,46.38392163355437,44.54133941212252,46.50698492141778,55.07318801536484,58.341999583610395,56.3001304051454,50.266345129220454,52.40933792425218,51.923715102602166,53.26006388031776,52.262091824966575,52.68692322108762,52.57014008022394,54.90885572583841,57.552217765034285,57.582575872906254,53.31441859533633,56.88546969694009,56.07684559450096,56.518778313783216,54.321945120408266,57.37050534415087,56.009154225255315,54.23682092124161,53.19594214379286,56.04226327185089,56.1572773306527,51.029689994397906,56.4315161791026,51.8508149803905,53.74446327693179,57.05739521191041,58.95387163660526,54.944666231715566
photo_bird,57.86444121003828,60.82233232791346,60.927194038493404,59.837497532892385,55.35360670912163,56.77604148658544,58.18918958465682,56.06426034091543,0.0,53.45563437971789,55.64592581809501,46.132628167063054,55.914241375129436,56.19330504552485,56.46688203410145,53.75318101329859,54.8617021982341,44.63152441428905,54.931533057924106,51.55678831397988,62.75878452972736,61.699601551546905,53.37576866004876,60.80363896410161,55.97713537839475,58.6580543618599,49.08557340699431,54.18401462534432,57.373016207279626,56.148110675031276,60.00111748338734,58.27442923419668,42.47195351757233,57.817055352537274,56.79156298017156,48.31055237260121,57.250996376153815,55.52642711490936,56.20259459872013,55.75324402237793,55.30440306332865,47.5006438645177,54.21409267221438,53.548049218181085,47.47660190638644,54.9402793496841,50.219885159980315,60.46646640356088,60.252351115262265,54.9419952356202,49.73713989783997,58.19280737430231,57.50834516788247,57.25393368600319,58.97628090389922,57.70317859773671,54.716460748180324,56.073487493152356,56.42041918032976,51.1096397184016,58.86774314753246,55.807763226334764,55.41412614014644,56.53050229165412,56.09734968234234,48.050031523988935,55.43475589789891,53.63843390785777,59.11437699883698,59.488793358218366,53.3491955225516,59.60592790052797,51.35323528284563,51.35062517282848,50.962564821969515,49.92071696772001,53.33977164543184,53.62167196238537,52.428915063899765,52.91948723422944,51.820085439292754,51.943447483808626,51.02689667711921,53.23851446151492,51.57363079405449,51.6412787519768,50.93737081876971,52.05553793790547,52.36432060455731,51.15050611597149,52.544605492004074,51.00576224912861,51.700094383231686,52.8671721234855,54.871909851156424,52.546502254848946
photo_butterfly,59.21503658248509,58.986897929440225,58.41579460896204,57.99013365141592,57.887189958233506,59.3594640320292,57.656504449376676,58.74845669048936,53.45563437971789,0.0,60.15158313125835,53.772501354425536,55.921305066314865,57.707569800589845,60.3610084838994,57.918844280563135,58.44303164843198,54.32109497001212,55.410926611308305,52.85958196720617,60.426818681841965,59.36791120448133,55.959402816716356,57.181594427453675,56.83460547955317,56.27021735477078,53.09643200718999,47.923072370825174,57.20360647240802,56.35264094578597,60.45962156421001,58.30557480141493,52.00729671512811,47.56843179422637,58.44735071910697,53.28077373275422,53.322595728171216,56.92638406832103,56.26628160908166,58.136532865160454,57.22649131868044,54.00680120634641,53.146592251014965,53.308565320380474,52.07140477519106,51.92306694236168,54.7893248397798,55.82779772564755,56.720913704996136,58.09588747860208,54.455920268636554,59.351397202868625,57.142070309964495,56.44422443527614,58.57331607241754,58.66721409050423,57.96665860587697,51.31439250438116,57.487984267100344,54.55736776167878,58.787676196706926,56.431503425814995,57.370582431630176,58.40045016111776,59.26630850449247,55.103426016586134,55.41119580765658,53.87061465226505,59.58331544116751,59.427423865079646,54.621582669174764,56.480005517432986,56.857596205079105,56.662201502421546,56.35845588708122,56.17385128857797,58.88297096214442,59.342962650829925,57.51280215472209,58.43213995249129,57.43359669350205,58.078366426881125,56.45541004343152,59.04730686670183,57.349227629873965,57.00965680625254,56.61645375313826,57.467816715125885,58.01568438751625,56.327221295345964,57.93634987743219,56.56395988683662,57.244997701111075,58.67821600546858,60.792620959191176,57.919580354350764
photo_girafe,60.68900064530747,62.15070504886412,66.22444111169142,63.65666599811437,58.13485310025707,55.46245031347162,58.666259580040915,58.169749718231245,55.64592581809501,60.15158313125835,0.0,57.17264796918078,58.948376939787714,59.57317878129781,57.17384637642361,56.049261166452126,58.360540452477366,56.46714109449536,58.78683417932251,58.68283891269362,67.598813790271,60.42368488941313,59.57324757560365,59.88649337636086,58.476007905626034,59.06635671202846,57.761036482946785,57.91321976214805,58.455663725308504,56.53775759541568,59.71610553097176,58.166090028067984,57.65286206490906,59.23790859834453,54.38021541791839,57.37381621666232,58.78499572462521,57.9442824530254,57.75398407110081,56.94322078124122,58.173181032700334,58.100261117190314,58.00605012817539,58.81694440192664,56.266560854388146,60.40211997546403,58.998462685663384,59.07524047027579,60.268628643749544,57.19750177989345,58.57349191140484,57.973122809841485,59.0818351341293,57.447266931314054,59.42341089568222,58.858909315879416,59.49160184052828,59.327523994899956,54.175377391844115,58.86557754232243,60.23680715466712,58.8336161385541,56.47580514384114,57.23126688239806,59.0225626117604,58.055123599998744,59.49330401371827,58.432912906420725,60.00587062536167,60.69077179477096,57.115088171896026,60.315306186829055,59.94135246516352,59.79584108582745,59.792003794197115,60.00393669959846,61.602324928016785,62.06592721195853,60.504164453995145,61.52088020824579,60.69601577595982,60.58250056787866,60.14703270696008,61.61764846289278,60.33287946672041,60.48137743463078,59.78941095296005,60.64921835786801,61.180512416702044,59.352374151245904,60.73803947632389,59.59116250070085,60.415241332472064,61.63847278621105,63.51369573806551,61.20137777288854
photo_fish,56.83826306933528,59.96925244535148,58.95545498967743,61.106625864578355,54.26785238203852,56.42896406617461,53.803080576784666,54.46466825106624,46.132628167063054,53.772501354425536,57.17264796918078,0.0,54.02326944371342,54.797018096681946,55.900213023917395,51.53597077145745,53.160706610825805,42.42210386244599,52.18414907343199,48.299816787339616,61.18144414223785,60.69862735245405,50.92743766201313,59.5950465364293,55.08453270557358,57.08829361577357,44.02400549252858,53.681499547774195,56.17245255788771,54.93427520131573,58.705310132445895,58.22058293303178,48.25889984003297,56.628010767746396,55.4459280221423,40.124282627135464,53.51083255115588,53.64137980442921,54.95539324914423,54.048646025036994,53.24169514066744,43.87529122217909,46.955780071052814,50.40369790071904,43.734068125946784,52.852560266969526,46.43760145304501,59.008633413363675,58.64071633350486,53.32232763507027,45.80824206325854,57.498245476743236,57.139034930510334,56.63071075201606,58.4730426589618,56.14753518480044,53.89033451727709,55.08335859045182,54.66921803784949,44.75459824782128,57.63787240565305,54.08727395367622,54.61879330301426,55.24165570763823,54.47520074703141,45.82136024070517,50.993052975223144,50.39064378665372,57.88515202682242,58.234751454574166,50.58934977218917,59.03595489830165,48.645433829701716,48.702501003924645,48.14375394809884,47.66082016157089,49.74583511779366,50.417520004245375,49.716900499817015,49.31219695982664,48.2388731164677,49.217510804181494,47.93757217362754,50.35452539931487,48.19145749568557,48.72284377317451,48.46544687173088,48.14063379682088,49.043094477288,48.301264060540184,48.776770072872885,48.43382840944911,49.08769177768759,50.02127949524415,52.03755665543661,49.68115754510693
photo_cherry,52.64627719401829,55.55340084720223,64.31077993333278,60.178274259871564,46.7439226595585,51.23928580855588,49.542464311878625,49.19251158460808,55.914241375129436,55.921305066314865,58.948376939787714,54.02326944371342,0.0,48.7435722393793,51.44282164671222,48.79547879243483,51.63282094240713,54.015031190533726,59.15637575487815,52.1449723167703,66.33702381099322,58.22157492612904,51.838092241473674,56.398213856901975,52.304782812950215,54.58576633510988,54.96319278181521,57.086725279197026,48.71956012774738,53.28784831171972,53.58333782521389,51.6264543153811,54.62490163252831,56.93266787709068,49.879314738178905,52.98209325779844,52.424212202612885,49.712978805795416,53.56558891868428,49.467468739687824,49.64018795177111,54.650758600049606,54.24943544805988,54.25613228051121,54.86117645662942,56.87650991424031,51.75144806721234,54.912633337841264,56.83197104646178,50.94475474723915,54.00816859424175,54.498426916209155,51.64425997520152,52.6833874828585,52.70845645780196,49.72134044064554,50.98227621276546,54.07880956767691,50.57721758334228,55.71558845029576,49.57996486804446,50.42833132326905,51.759666914682974,51.334693469072285,52.2559159977755,54.519536767832335,56.83299004550276,53.545952479639254,51.648740710397526,54.233124755507276,52.331220122787784,54.77636922471041,53.6354275486947,53.75340504967386,53.551853711172846,55.86866107172043,57.87463522897332,58.28043210213328,54.32700467114527,57.63567151358779,56.18575150534431,57.66505354798565,54.50143264574677,57.80730034162268,56.59073633588883,54.65166363850798,53.960052576676574,56.3550524694349,56.901997363584414,52.4503266520692,56.88582088842974,53.401211482254155,54.47761387296058,57.70829432252888,60.26986212421143,55.61223396925036
photo_tree,50.556109786671705,55.975762165388,65.88433097208112,60.972915961782945,49.25148795481307,50.17352753143785,50.9277537494151,48.399353008136536,56.19330504552485,57.707569800589845,59.57317878129781,54.797018096681946,48.7435722393793,0.0,49.01227102554425,45.930491950527376,47.02459105994398,55.63132701442909,61.281888713429375,55.186182739671594,65.77939504452546,57.10811538464968,51.36022928465023,55.537962448161885,52.92648218143516,55.96223435759026,56.77860452134361,56.88694708441665,48.658123544776174,50.47811312520069,55.0452786492559,51.469657773086034,54.96878362018173,59.02167017808416,50.911976672206904,54.050428678703845,55.34039670303037,44.622213499732794,52.62623604886894,48.13393897459326,48.421264821702465,56.24746667352632,57.505997224449764,57.17525969980519,55.66578261326572,58.86640159479291,53.64969218396199,55.19607064571387,58.30913096701077,49.853207360765275,56.0898223401272,55.20188962584605,51.452211950841914,51.511676591007856,51.74707865837594,49.671882500912375,50.61175684325514,55.945372548937435,53.40625886476859,58.141253531198885,51.42256243970297,48.92668228678177,50.48044883863254,50.27441784460168,50.710676095650776,56.53766186458737,59.03649710275034,57.43547974762184,51.2558682191557,53.36861449439501,53.80817990461629,54.69595587660427,53.835160281095234,54.52391590459814,54.18662502913136,56.31754782012221,59.04842311840853,59.32836736366696,55.02654068350985,58.45381760512884,57.22312614476108,58.17048035113749,55.61950647453333,58.81718549567353,57.30743000099921,55.433099957482916,54.94164282352986,57.54855411909185,57.845275043525405,53.01189921801083,57.96161590959008,53.76122928112597,55.28510353412318,58.50884010502093,60.47403499814104,56.49915106925539
photo_flower,51.03751244065774,58.1582420687784,66.96848213065351,63.03266820178424,48.17678384559347,42.282860659731966,50.46775461656496,44.220102950561206,56.46688203410145,60.3610084838994,57.17384637642361,55.900213023917395,51.44282164671222,49.01227102554425,0.0,36.76536661263241,43.970619596209765,55.92230620064734,61.320660407493605,55.59101569328464,67.27023255820168,60.13599261060662,55.64551232471813,59.03064399900586,52.479648502377046,56.43761137389975,56.67203632919156,57.31252176698959,47.81539113567225,45.29875603884125,48.51235950931756,51.504189492263166,55.27671447051182,59.38864492829434,47.26137789370119,54.53778584805597,56.18386192567722,45.079111166240324,46.15011241806763,37.815814631654185,45.14503352661266,55.66344630747338,58.23711080089853,57.92635835627217,53.68094080599799,59.69390168759155,55.01714850482274,56.721211043831524,55.28242114724995,41.951104687596356,55.15276458675008,47.301277937007235,50.03471715684251,45.59950589045093,49.71749471246269,46.70331611659712,44.62980827311615,55.31738577704914,49.17375692550991,57.388154361697175,50.439895869960544,45.25154295284808,41.725970052753404,38.374182787775666,44.35347609796778,54.698035768567834,58.00960211109757,56.98836057333865,48.40419935146218,53.37144253596155,51.81609763784171,54.03087611889458,52.305211833470615,53.00786086124781,52.553363434495026,54.77654437016203,57.67367675057935,57.73274613914406,53.41474451465159,56.97068095363341,56.18166162534225,56.52038252908125,54.5844562370828,57.35353505310743,55.85076328525696,54.116342144108536,53.26742306336009,56.49960767380862,56.40354185864391,51.34437292905731,56.54003470402858,52.02601281029789,53.998823909295076,56.985795424620655,58.853571473781685,55.14206403403405
photo_carrot,48.98554913688815,57.40412579827383,63.988932011285804,61.11179150006001,46.544305473332884,40.85983394554783,48.35475692553245,40.948426245694485,53.75318101329859,57.918844280563135,56.049261166452126,51.53597077145745,48.79547879243483,45.930491950527376,36.76536661263241,0.0,40.22651079688112,52.04553636119743,58.51816670030886,53.158038816739655,65.37321741135295,59.13110072322611,51.92960175932782,57.56500338965189,49.33062642491839,55.261152588895776,52.99771080173745,55.034715627387854,46.04908407827921,41.18771037653194,47.30638564056557,49.15641261195622,52.59069910163253,56.58381851670347,45.704205657937784,50.913552732879914,53.86539739612404,42.07234248761172,45.02364834942134,30.22708388246864,41.6220158497716,51.84884784981327,54.842023547369095,55.65127133346895,50.138363961316436,56.6483718239762,51.211698935579484,55.20679689588475,53.84465039127794,39.404628788239506,50.97132733265583,45.82476685573957,47.05082743491553,42.08346170648775,47.75353652464158,42.39114812096981,40.81394790918668,52.06916445277511,46.59107548823749,53.8556420748634,46.8144690239466,41.390213654286605,39.377761516316184,31.73192766551777,38.89346384467161,50.710755915497764,54.4725623758729,53.71424433823916,46.27593146981837,50.43216671076462,48.02706509390942,51.7587079704867,47.86763607255774,48.65612362061861,48.29778472964755,50.95366914930943,53.75195073163393,53.793763035219364,49.05790604661973,52.984311017514955,52.10898151587324,52.52975861246663,50.382776766343206,53.417777772325316,51.91144344069616,50.10161206491727,49.03887174662563,52.468320611915786,52.39184421022744,47.026906323038354,52.468538266214956,47.26880878929106,49.62427403132541,53.16486405658462,55.113656530618655,50.83520206352311
photo_watch,49.35787844964529,57.3881290360341,64.66413468020846,60.93186375314915,49.4727502970738,45.12104826191721,49.94443334642093,45.3189372168346,54.8617021982341,58.44303164843198,58.360540452477366,53.160706610825805,51.63282094240713,47.02459105994398,43.970619596209765,40.22651079688112,0.0,53.18239897881322,59.00659639999761,53.615098330971676,64.75623505008701,57.77650247027084,52.26512579629318,56.926284002402745,49.55611527918283,54.601792817212036,53.827272774267506,54.774963314448605,47.203255627635706,42.92518440284342,49.20118994289108,49.59918224025263,52.414544091648104,57.95873649881575,46.57474517190856,51.32867006475248,54.12281486678797,41.0769190600294,45.895051500266575,39.94767595137117,37.00834750970535,51.812984869842445,55.305201793574604,55.80638480959134,51.48048848390545,56.23412087420598,51.128459147279166,53.31352981920618,55.152883527764295,40.76265285504999,51.46452498743168,47.548281783379515,47.39217300485733,45.07979532797913,47.61756769313386,43.01171226313192,42.04132090742722,53.16397992066754,47.722648560403925,53.45577620001269,48.98680321808585,43.130236181642765,41.570558373168645,41.55486116262801,38.33967610492251,51.052924128821175,55.287081140591305,54.19812001413925,46.898058151805685,48.52772529163897,50.237266147402124,49.88149133011971,47.3063225753535,48.56013426006014,48.024684295937476,50.79909048922161,53.99597933648964,53.934986179460125,48.72113193656456,53.161524288345504,52.12921718954117,52.72329932767876,50.363791642569915,53.457547013561104,52.046271539797324,49.88740597629806,48.9975044285358,52.564507251488735,52.41427698991556,46.33540741855777,52.64851567764065,47.39359052871178,49.55997506514996,52.860086984319,55.53495003630203,50.70841666587081
photo_key,57.88253225755693,60.68445010049861,59.0999108775769,61.70940483862505,54.94942701472369,56.30164336286307,56.63626098842668,55.434219022233776,44.63152441428905,54.32109497001212,56.46714109449536,42.42210386244599,54.015031190533726,55.63132701442909,55.92230620064734,52.04553636119743,53.18239897881322,0.0,49.25006647469613,47.921145111633486,61.317704062323806,60.38617989151887,50.89015479055562,60.09163770937679,54.392839227557936,56.87254799409986,40.06361075819008,54.3039801621672,56.57889394581836,54.813105165182634,57.740965273743875,58.00693815263792,46.267992203233185,56.58481762731346,55.93579104049355,43.36720719512699,54.13222715105346,54.04896215375651,55.07391200757401,53.76295543213649,53.58550229117339,31.162507095824555,47.04481484010134,49.66136362487055,43.336819361844796,51.45063635565118,45.10094233850639,58.92019168466083,57.074649114522735,53.036183128958676,40.66487397548403,56.25446159598836,56.72350259852444,56.6292748189442,56.894114882689045,55.39928005900871,51.85047342329678,53.90974540166353,53.472812604785965,45.55119694884493,56.221128835801686,53.516285196114325,53.32925967514641,54.15754762906653,53.09040181145837,35.17509930513917,47.98197345630156,47.847086900695984,56.17069985902128,56.56574789973774,49.855027719397256,57.529420354349625,45.69062945681746,44.96292237377382,44.21689415421187,42.39190463027538,43.705699005830404,44.893764344885604,46.511848647178795,44.63143676907688,42.937433158757855,44.14750581253723,43.63324176591226,45.037614965859945,42.70617291541515,44.674991929791425,44.475766342620766,43.057510995907265,44.60646315273992,45.177199736250344,43.459044562377464,45.370652583335875,45.17000357262906,45.24189489556273,47.37747644128172,45.74703809343009
photo_truck,61.877125846873476,62.66907459956327,58.89636700918001,62.49423123105732,59.39406253502589,60.738249260827885,61.19179851689839,61.12440981472336,54.931533057924106,55.410926611308305,58.78683417932251,52.18414907343199,59.15637575487815,61.281888713429375,61.320660407493605,58.51816670030886,59.00659639999761,49.25006647469613,0.0,51.88922540054536,61.263135952426,59.88063990180745,54.4308521569056,60.5074783966824,56.58835576487899,59.272780299511446,50.67259024398431,54.433173289359566,60.67960031704276,58.81529283711253,61.99082827199349,61.13904098441376,52.89924134400716,56.84810880879113,60.271829522717255,51.01168441222283,55.49739977380533,58.4723349262855,59.18370710059058,58.812441939997186,58.551288272265886,49.88416498958058,42.89908205563596,51.59221050177531,50.004583049667175,50.149063287717524,51.25128810573806,59.77477133764522,56.384477076640714,57.98072449708756,52.29318919132327,59.537561499332504,58.86632303091854,59.275379118527134,60.5617527918307,60.54009134901562,58.13431971318582,55.81629681754382,57.804855505885534,49.59030715120805,59.49539831840888,57.52617578523159,58.351202266915855,58.972283861828394,58.99568632542039,50.680941937903214,43.08768993251661,50.04397799572277,60.47511590231707,59.59817046270161,54.228883256666066,60.464702107771316,55.397797683904855,55.20052348133702,54.80010210729623,53.94404322231979,54.92123171474862,55.52199440041768,55.897822210393834,55.06262962370283,54.33645359990134,54.61051400271547,54.99142840221289,55.07010366075674,54.27082378166863,55.42764762311916,54.962807449738605,54.896995367685044,55.45827924508041,55.096192425240545,54.31831913469727,55.250197502233775,55.82838157200501,55.71349758993021,57.404031909326164,55.92044294178126
photo_velo,56.22531619321113,59.16090470326519,59.340108301668266,60.306227618742255,53.68298630934793,55.27815430137885,55.53434694033195,55.11262507598685,51.55678831397988,52.85958196720617,58.68283891269362,48.299816787339616,52.1449723167703,55.186182739671594,55.59101569328464,53.158038816739655,53.615098330971676,47.921145111633486,51.88922540054536,0.0,60.43407763026219,58.79568055771184,50.063933351980275,56.46471101581167,51.52399759992455,56.101551283106666,48.448547335237535,53.343092014873385,54.48954327982264,54.52188214705069,57.736396904347735,56.21529906612653,50.1571964930401,55.34047770375593,55.653751664552566,45.92998232774526,49.61874683482735,52.75693570505425,54.83243065084178,53.79954991591416,53.26643463998189,47.79701158916197,47.319825341174386,37.7632989880628,47.85516409887391,50.443063394336946,47.06242066630245,56.45950189547917,55.22309296804259,53.004606018873766,47.8120346753901,56.07714890775959,54.1610214080994,55.02059457039683,55.631297727757534,55.66376164303541,53.77534136681258,53.61172618242331,54.61634950053627,48.3359116253167,54.729977970016904,52.139732115031535,53.109281140530456,54.1031080386891,55.2820750352209,48.99747567557949,50.05068992406221,41.196929651192555,55.51598001583578,56.31992463492178,48.09015208976106,55.67188355262336,51.06546088145167,51.2208567979728,50.39837207778616,50.167254862185054,53.31604947653777,53.80272494369513,51.919314767418925,52.39273461639195,51.467127848585854,52.40224581400141,50.333284701044875,53.24843342758895,50.98388742539592,51.22778855869595,51.13519947982799,51.08688571090148,51.97870880021379,50.69141238635995,51.61334724519627,50.69466142049944,51.686937874655314,52.81361079153582,55.228802026958704,52.355491499143355
photo_road,67.2360339169568,67.53904167285476,54.821464472194855,62.22056696383242,65.8814465348596,67.00366780985382,65.88894656837667,66.2442155502333,62.75878452972736,60.426818681841965,67.598813790271,61.18144414223785,66.33702381099322,65.77939504452546,67.27023255820168,65.37321741135295,64.75623505008701,61.317704062323806,61.263135952426,60.43407763026219,0.0,64.81699613522609,55.914904992548294,64.00122099881088,64.34218004896337,66.6993138230411,60.30611972672765,60.901156118378,67.19329764801489,65.21987664228729,68.98185466901576,67.2780190637179,62.786956415605154,63.322911588972985,67.06722491555695,61.055680414983016,62.481462022864854,64.67068445925288,65.0556067650107,66.23611506560562,65.21036687729799,61.935515744968384,60.83344792967911,60.50836048589277,57.31420287240764,58.10078879507328,59.74036402869661,66.53829667825775,65.32136196213183,65.08678362895071,61.16031907346321,66.88701233884535,66.3830529405697,66.5951942498614,66.91946800021985,67.33169637778627,65.63360812351239,62.78792156306908,65.83306986191148,60.37696749374782,66.9870397246653,63.91080459269654,64.60905961959354,66.14039380370569,65.83103616272959,62.12851394450844,60.95720176816823,60.670170620301704,66.41795329307963,66.3679362242163,61.5002168323209,66.30579578287012,62.85751299342489,62.58310305393885,62.70471310013129,62.13330633007895,63.47529397733209,63.04033620148263,62.675297848612765,62.826791946021714,62.55065602627891,62.44047769581529,62.542290240153335,62.896293263507964,62.27388726093448,62.82545027189234,62.68622411679424,62.787335936416056,62.66477567813878,62.76020050474334,62.567396790877254,62.702999482922976,63.15388511337942,62.637510456888535,64.95259847294685,62.88078242797337
photo_house,57.61426518206369,54.97186646920658,64.53004203831802,59.57994142344067,58.362251452229586,58.82417962279718,56.70514332195741,58.60321324524842,61.699601551546905,59.36791120448133,60.42368488941313,60.69862735245405,58.22157492612904,57.10811538464968,60.13599261060662,59.13110072322611,57.77650247027084,60.38617989151887,59.88063990180745,58.79568055771184,64.81699613522609,0.0,58.16590204419406,56.66007171587506,58.372566945672894,56.82920609887091,60.51576702056319,58.377606806183906,59.141146561650594,57.979472039475375,61.808708328223034,57.99174809303434,60.82819385922678,60.631538196182966,59.74763886612311,59.9272657859641,56.51377713097147,57.58301723625029,58.115368545702296,59.29060578455292,58.13518151839377,61.09066689274434,58.85967893406265,59.222237431300705,59.05440031410742,58.24282060782101,60.198803506976475,58.417753451155534,58.33249475678747,58.78740115294262,61.62208278040611,61.02812841451592,59.01745460586244,60.06337060021402,58.64313709772843,59.75756062407907,59.7044492772944,59.56478653435096,60.39473622239874,61.09345538269333,58.94128011551989,59.31108570386452,59.48546851186288,60.72925623482606,61.166628787092776,61.93206876137071,61.22478144513661,59.916790659479396,59.41937668377052,57.96127752658374,59.98099109772944,60.749932683350295,62.695735485998476,62.81825070004824,62.378147165276516,62.532792915869514,64.78985746132507,65.1706156093461,63.06842140892738,64.54902462708611,63.62195504998457,64.04696374634622,62.9329800684566,64.70153759681112,63.57497281639978,63.16527160004931,62.6292626240048,63.88707483083015,63.96309648340338,62.25102040938021,63.725199651787946,62.55097325582851,63.417861533238465,64.38211054919066,66.87668055071323,63.862884542081225
