,photo_face,photo_profil,photo_eyes,photo_face2,photo_walking,photo_standing,photo_hand,photo_legs,photo_bird,photo_butterfly,photo_girafe,photo_fish,photo_cherry,photo_tree,photo_flower,photo_carrot,photo_watch,photo_key,photo_truck,photo_velo,photo_road,photo_house,photo_mountain,photo_windmill,drawing_face,drawing_profil,drawing_eyes,drawing_face2,drawing_walking,drawing_standing,drawing_hand,drawing_legs,drawing_bird,drawing_butterfly,drawing_girafe,drawing_fish,drawing_cherry,drawing_tree,drawing_flower,drawing_carrot,drawing_watch,drawing_key,drawing_truck,drawing_velo,drawing_road,drawing_house,drawing_mountain,drawing_windmill,geo_face,geo_profil,geo_eyes,geo_face2,geo_walking,geo_standing,geo_hand,geo_legs,geo_bird,geo_butterfly,geo_girafe,geo_fish,geo_cherry,geo_tree,geo_flower,geo_carrot,geo_watch,geo_key,geo_truck,geo_velo,geo_road,geo_house,geo_mountain,geo_windmill,word_face,word_profil,word_eyes,word_face2,word_walking,word_standing,word_hand,word_legs,word_bird,word_butterfly,word_girafe,word_fish,word_cherry,word_tree,word_flower,word_carrot,word_watch,word_key,word_truck,word_velo,word_road,word_house,word_mountain,word_windmill
photo_face,0.0,724.6551835313445,789.1075668643026,709.0827584651714,799.9624866231127,778.5637297397415,812.6716127066638,839.2708571601245,903.9136038333997,929.3636171091312,933.1627190642907,869.9506837533581,859.5287020842986,804.9526080260995,777.1554631035575,833.8815270257496,906.444198842481,908.9437857053002,936.7571338576867,890.1180950851912,934.4511103328613,878.0572944822605,854.8267861255014,940.625656391195,752.5176014409341,813.3081798483983,832.8579876749454,754.9420875975081,871.9448976033017,835.1029740575997,853.8028617852384,847.4468153990264,932.4514253326786,963.4147114791091,910.6586207822089,915.9501773197495,920.2530722315805,837.7388618664324,852.5082423603102,875.4704851961247,857.3927262284889,906.2366079525079,920.5311619699554,959.9663012998751,859.0310981795959,886.8276085243801,882.8654153101006,958.231341377122,934.753990527258,837.5390646850451,860.9918782776726,871.7616737471417,881.0730813958157,887.2722656602087,918.240894925766,824.8198538069073,877.4928669979065,912.1901271572083,891.9762295716899,895.878154814265,887.5114010197348,866.5155365833746,888.3905134598641,872.2906637373687,854.9943217944593,892.872760303869,902.6212023666266,926.9420904046817,848.9844877069214,871.6561836555423,900.990565419145,938.889537684212,847.9421433294601,865.2447147200556,849.5166462574958,859.0106285259519,892.2918926481742,893.1875922947264,866.9376752670894,884.9189960647614,890.4082981203919,872.667613912035,875.8733121076834,898.9479780980289,879.1764382075202,943.6465250201079,866.8247359666049,896.2664299453686,911.77396906491,864.6699663466657,884.6189618865128,861.8120593003723,853.4234388086037,904.2720473455789,893.8112094017035,887.3338605987722
photo_profil,724.6551835313445,0.0,840.9199388703555,817.2152106225797,878.7319099497428,900.0377682993768,842.8142034687272,914.9296107786159,976.4011978231532,972.3859493614799,984.5464358570407,924.8356171912467,928.413778456247,913.6205511456983,877.9397796379528,948.6502197411295,995.4282466055172,964.5041230506345,986.2306608026373,955.6892318725801,971.2392747761029,898.5816099962434,907.3425471025033,975.9225565149275,853.0417042625191,702.5166750402981,884.2261907267791,857.8559160970068,911.6226713591267,906.7385609524015,905.3961658676253,889.1571878952483,976.4344819530053,996.7003785646799,951.1120350119974,967.4976809272047,959.2856148903381,907.8943792421281,893.8370433057103,943.8256433530377,917.5796326607821,961.5427622115847,967.4870715678039,997.1052782431849,906.1369717794695,923.3705314929928,942.6409353030738,994.1983268913216,965.4679098095174,896.5837571146373,909.3856814049751,933.4400493320635,930.8658106744642,944.8228441288802,968.3524098850311,883.9621794154034,937.5804203783014,947.110852611371,931.4057041582716,939.75904961445,928.3617482899612,924.3399774459209,948.8914108040877,938.3033354245847,908.0317173623289,940.7965674141872,951.4529373590578,964.4638519609048,903.663516566994,920.8164987661057,950.3848699383987,991.8592593695182,902.6291004981382,916.0294973558281,902.5977496183567,911.9163016933691,940.9402548613352,939.7425611162693,919.5794374993485,935.0328812603722,939.6718198507241,921.051100963834,927.8515429101922,947.366591522377,929.4733698325774,994.8483610502981,919.1714245071133,946.8348211706593,963.1692906369178,918.8432164230787,935.7744066122333,914.6900962917764,906.3704893927893,954.6110228325728,950.6896565719683,936.7659012307441
photo_eyes,789.1075668643026,840.9199388703555,0.0,731.3223361517599,925.7665355028088,936.4737338328632,873.5719958116742,930.4807598366904,947.1769700253668,940.1541326773629,995.6636126715775,892.42263177023,950.9318513582507,922.6294951406315,912.79832880099,970.194207290752,1019.4299565307026,924.4582078170877,938.3891434209645,957.8525218504819,825.5472035852293,941.5976480321867,844.8052396252688,1000.7761662982854,855.8124396926266,878.9014394119164,716.4962290168181,784.8587137909179,950.5581025892576,930.3974491948699,936.0686383257985,943.3262627174719,960.295088104184,975.2345485746265,981.9970684964918,936.2330496821478,944.8914591178193,928.6247456328855,916.2504271977165,966.0460534737978,933.4374644906335,930.5015575155994,922.6639216384999,977.0530611691413,848.1473281423413,872.2257658716197,884.3371266370365,1011.4270195012471,958.0037113962875,908.6959085824075,854.1404511066736,918.9253405427785,946.7677502879495,960.297863563917,981.0210142558336,901.955263889535,940.261883408248,929.4095591800248,934.0995033198242,895.8377952758199,944.2994650818316,929.4161234633925,957.829829876029,947.5515460852647,907.1434414155403,900.4237456471652,895.5420137403557,931.799489795613,918.5190456293334,927.1049585312452,930.7318013378341,991.7928310007244,866.0748701571131,880.6524816532277,867.7820114103508,865.2974820336646,898.0624263691667,891.3028058152645,879.2316990784892,883.0173216046511,893.7742696316989,866.7475164410328,883.7515204222395,897.6721546923676,878.0351935876611,956.8211028700609,880.6194244598868,900.5023620795607,915.4522988093148,883.4647189446091,883.9852699728174,884.3184470517924,863.8912951291542,906.9025672042336,890.7714876081999,894.6907191487685
photo_face2,709.0827584651714,817.2152106225797,731.3223361517599,0.0,885.8144422289499,893.9626927430663,845.5738151687876,899.4836297456649,927.9428889424105,943.749678444912,974.6210857348989,899.1740185516255,923.4832506255756,890.1393260141139,882.61715155455,948.4144882009674,1007.0647862292111,945.4929685705554,953.3176658835778,947.0547141649922,892.0913425963006,921.5872653204912,867.3680142964762,982.1197257191068,809.9085438463044,865.2276830423885,837.4590631760781,679.2956292672035,925.007619853598,903.3448001537196,913.2686221018772,912.4883872666034,964.6358675073798,975.9971818654539,963.3595358742539,952.0855912956126,944.9145775185799,912.1224096198873,898.7723021376447,955.4536968959568,922.7182497722603,947.3297728501036,939.5538328191832,986.0748871664234,879.4832476632033,891.4474709223913,908.1854042336795,993.3863639458106,960.3637842141854,905.4581731515933,890.4166392912291,916.936924276336,934.6948253830774,948.7878954875091,974.8583127372123,896.1042601443581,940.957057014452,941.571486762932,937.3816872981303,918.0889008991146,946.7393903817625,929.9417114942249,951.3985982083634,949.2780835802263,913.7339684210322,932.270397691181,925.6978467937641,951.4805414235366,915.583023182589,926.9250501549783,939.2649580603653,988.0225674509095,891.3247300137716,904.7754501347925,891.2989066010024,894.1210235852684,922.8794567653524,920.7351158444071,906.0162365441653,913.1855038569005,921.6559404971044,900.296845362051,911.477240270804,928.46171815165,907.5765011648673,981.257423623237,906.3191841406875,927.0028653477967,944.079343369331,907.5119440945645,914.2356781820905,905.3293536771937,892.7826117843615,935.7096703364167,924.2258564285164,922.1911770496469
photo_walking,799.9624866231127,878.7319099497428,925.7665355028088,885.8144422289499,0.0,713.7483472149487,841.6261978629549,773.6041168988418,883.9362561613116,960.8849983335729,919.9861200434351,877.3013434184379,809.4929371533502,804.826108452947,793.3326934205929,860.8652808412572,976.6900810070964,913.3705420215357,950.3961822902779,902.2231165852106,985.4771581721928,894.4424757455085,882.8084246186332,930.3656946416426,859.6170313151215,891.0675574664926,903.5464636149286,898.4742147258194,735.8316635088265,839.682445421214,863.7174544060939,811.33526769246,930.1602997999836,980.1110310060983,886.343654953175,926.1267019465806,925.959552671404,853.5780199934168,885.6784162329678,888.1829305930154,892.5050670791509,910.4797472927906,932.0002172536987,964.8346621469915,885.0897757080118,906.1408873634632,900.4300081736255,960.8663433851143,960.4515092300286,838.5839004601653,885.9700806831769,910.6195578883398,846.8038156616643,902.4765321550547,935.040674216785,843.2420574684401,892.4674757012159,927.1305781020473,897.4756500147082,916.0800505989736,885.9196263391926,885.3126484990099,910.1508321007552,895.170850743077,873.8673903984236,899.5518170272859,914.2502437151081,945.171281326098,861.3014331237819,904.2245741487959,918.3582203035135,961.2867860711568,862.6627521526915,880.7664015445763,867.6795476716202,879.6007970018835,901.0800925901364,904.7393395274025,880.8425365210699,899.8876293271383,901.1462674793077,890.3853679612636,889.7573418493458,911.0879135501199,894.3700477257069,956.7641086714012,882.4205473246337,905.0183290777496,923.4906795861107,880.19316186925,897.6061061977666,877.0994703575338,871.3054654080765,916.4817242455568,910.8323690348053,901.6658429036285
photo_standing,778.5637297397415,900.0377682993768,936.4737338328632,893.9626927430663,713.7483472149487,0.0,832.7065608734283,768.229750666385,900.6895236488572,963.2404025841412,894.7554266133727,889.024911986543,851.0619552288894,807.6966143973476,724.7866378534874,790.6609951782142,919.1511530477794,921.6682711752554,938.4860737212498,876.5425442550293,987.7609086958853,897.5919759839977,882.7090055090242,922.291506751079,821.6288000916012,881.6133620257486,872.6584873030098,877.8860806829274,798.0179659889943,711.3569716729108,810.830738685996,786.6228424791268,911.8861230315605,951.8803636468813,860.365226512973,907.0229338388272,908.8579568384778,814.3967672046614,842.8229896673558,823.8113169908466,849.8178171671866,885.2708878666447,921.0128799024848,950.5235028828947,852.2601195176644,877.3413085551682,874.4113885167255,925.7149931665314,938.0174780546333,785.4083745142807,857.224199448652,854.645264369245,825.7937969461483,834.4046481648834,891.2189042001299,794.0196526917188,832.6525484987548,905.9801074476998,855.2324833405252,888.0397430930119,862.2356978349654,844.8078883895712,840.3555731584855,821.7720314974891,823.1576037568232,871.740823130973,893.9307996500821,927.7931649299862,828.4945825506658,872.4843332872056,885.0337745527544,915.7382643328683,834.282663853991,860.0242428024322,843.9921483205238,857.7171713339703,890.5704250988202,891.3676563125599,861.4862259116279,882.2300774677032,888.5973129631968,875.4237313046807,869.8164382299541,897.9014437936818,878.0351454521958,947.6655521877151,861.800100362551,891.7610365187101,911.7649892169464,853.3799001813526,880.9430663646042,852.2064163676191,846.9132205405834,905.6875927496616,893.8961592442693,887.3655642676667
photo_hand,812.6716127066638,842.8142034687272,873.5719958116742,845.5738151687876,841.6261978629549,832.7065608734283,0.0,808.0495781801251,922.8491374230641,959.1776267715566,970.194665668505,877.0512180734609,854.54762346568,857.2389607203062,827.6649622339758,907.2575894390977,957.8600392482225,928.3642949892575,967.1234762725612,952.7340519728301,953.3023124474649,907.1158037007756,878.2521761294838,966.3666732971267,855.3861993801268,887.5023631949131,861.8196797032789,874.1541580412769,885.9080795401626,859.0577684514129,755.3924510078074,881.0322308794225,954.7044952547856,978.8611264345318,924.792983915949,930.997620088264,928.3018038315952,869.6233103834554,849.7064205621621,896.9303103986207,853.9964172967342,928.5618282889492,935.7799222825574,985.6601533042453,851.1045263506373,890.568805307305,892.2897614085853,978.5598068899291,929.4656943634606,857.2801730625638,862.884195349571,902.7941184894077,889.6740428424516,895.2730685306733,914.9274024302251,818.6595313892911,884.4426591340284,915.0591494513367,885.4056681909387,890.4792764500712,906.1049491933559,891.4161315046488,904.5901247581246,910.2121452290111,852.562789786377,896.4689262253904,912.849871784194,930.5302045862419,871.9882505218312,892.8931076471006,915.2520083642415,966.4057351571946,852.2902199830554,875.0344547415298,859.7426177819817,864.1515722670526,904.9579064605931,899.783552411251,875.2485891576202,888.2329757083775,898.1783710051749,875.1302724328124,882.2368938765859,909.4235161553258,882.6108022537394,964.1270052989412,875.1138358167275,902.7993478037492,926.0698177956667,870.7253027558548,890.046675914953,872.9715428631531,856.6703861057423,919.738017397812,904.6023127995685,899.5130340250007
photo_legs,839.2708571601245,914.9296107786159,930.4807598366904,899.4836297456649,773.6041168988418,768.229750666385,808.0495781801251,0.0,907.7921907666129,992.3378019369502,958.0882811988868,901.81415654461,888.7335100646063,815.6248967179674,839.7426796787952,880.8202392095834,1000.7546347791565,933.4435135338485,993.4271856261595,951.291138564877,983.5450536528457,941.0705444505058,903.2329213821464,983.406027587721,866.3968999287979,929.1546690895676,886.43298137238,907.1782135863301,871.1087286037825,849.7763973142405,889.7703811110943,759.6850085698212,941.6773867285037,997.2867569711918,929.829863911494,943.8827245092484,946.1845876093369,864.770403446309,902.0914010110286,908.5582132183656,898.3382606319653,924.9973594524912,949.8060964236294,974.9492246657746,864.4338793413633,907.1416215787428,896.7730446336124,979.2868561628176,965.2604024618452,849.1294120972688,880.3118483249842,899.4113162209765,891.5376624922051,893.5293679500562,951.9144284947671,841.9879723010362,881.4957070932956,938.1139063285683,889.212789041781,905.3408530354848,918.0822649964686,894.8542241155378,910.8512465731903,906.1670020377403,871.5737293229628,900.9587769515671,915.4068137013093,944.6183897440609,889.4016274859703,904.2498860126882,925.1188353840212,957.9467687500181,839.4951344992439,864.7299373711368,847.941998884361,862.2377244527033,893.7077205045499,892.2486769269307,861.6581477648963,882.9683207224663,892.7329545887611,878.8174494689607,873.6958963441365,900.9820045400293,878.7103817364954,951.6933789105107,864.7415811983755,895.5049443112262,913.802521637576,859.0792592833437,884.036261194494,857.913043722223,849.3037625691079,905.9754894485301,900.0570001490329,888.9099208087798
photo_bird,903.9136038333997,976.4011978231532,947.1769700253668,927.9428889424105,883.9362561613116,900.6895236488572,922.8491374230641,907.7921907666129,0.0,953.2570070114897,936.3940552536445,802.4502317948411,894.6906530153678,872.350363756375,887.8708642560847,940.2859085411465,1042.764336228068,900.588211228963,955.78615560878,955.7965822801265,988.8311701803684,948.2570071513184,912.0028223563496,998.1296495649398,914.1075283914371,954.3673911486374,899.1128236593762,921.2064217250451,938.8073400527422,919.3491948864952,941.6811602100339,933.3122861775555,771.4959239466729,989.4226325089018,952.088215125899,885.2872173902255,955.9202811921289,915.010773551901,925.5526325579202,954.064822893018,947.793467565998,911.1717949705662,931.8521020638673,982.4338901724556,868.2412228836156,907.0247600882568,901.6054782336851,1010.0061101667854,993.5585991816429,905.3843937794675,890.2422753336464,955.2562997566494,942.9935381031038,955.2317134386572,992.6382865898689,910.425100616337,937.7234855667714,969.3769392533658,938.7224607992539,918.6259819636327,966.3920588975734,950.7655544468329,958.9678039813091,967.1437483928811,925.32967458765,908.5959164771518,932.862840629691,964.5653627124152,944.9421050044342,938.5299652646779,952.1445215958456,1006.4265065894703,881.0309644541592,892.5635404118653,887.3805177463431,884.483705170057,913.3361264603894,911.4129043924133,896.3258125403282,900.9798161492097,909.9107890458741,896.621864972461,898.0285253049054,916.612932943697,898.5951993859221,976.2929517644508,892.8345980971945,913.7968008777881,934.4999553719955,895.124716413561,902.7983486390807,901.7691543592341,881.739875647794,925.4541531167154,920.4162178768496,911.6250560564592
photo_butterfly,929.3636171091312,972.3859493614799,940.1541326773629,943.749678444912,960.8849983335729,963.2404025841412,959.1776267715566,992.3378019369502,953.2570070114897,0.0,1011.0825261319853,903.1071851194176,955.8357913436556,962.1494605327931,924.9236120784018,970.6535258008973,1028.424168382636,940.8334567762556,989.5762277127869,937.0662266002197,1011.4806579545262,976.3579210325923,958.3634030442913,1018.9052859489369,953.0720331889667,969.2109861824662,926.0414198615778,905.1708515095529,966.3214046638444,933.963309459711,972.2765294823844,965.4883600112655,954.6608888603733,720.6541951091364,985.3896715629902,957.5617169057602,968.7787403335876,953.5693414430679,946.3341273385738,970.8222380609296,966.7721172921565,946.591529028919,966.3401974757038,969.9858881836287,893.2480358381316,931.9117221233503,958.929418819424,1016.8526393119469,1027.3913380431545,944.3338564046018,945.0798992767217,985.0027474956732,963.6851049519528,964.6926814192941,1020.1397267918809,931.2882335499091,974.4083614491515,961.3126928180272,986.6033754060051,972.5617703598945,976.1173377492942,973.0261474227696,980.900800588353,983.4284325931987,963.893959833213,970.5765339998915,971.5638270889183,976.9921960174898,960.3856209761321,984.5763041611273,981.1570259011503,1017.657935707103,949.0253385919551,966.4146138354166,950.4160254098505,948.2916592572942,983.8716485023805,986.2064643316919,966.0879146475195,973.8828846267365,983.3269053515987,961.2617366992467,971.942774317536,991.5641751866269,970.6231175001709,1034.7321121502166,966.9229266075914,985.9664739748018,1001.0374747556814,964.345236030818,974.2961402692796,959.8571170717834,953.9964749115087,997.1134827668399,982.9737321370069,981.4428216323989
photo_girafe,933.1627190642907,984.5464358570407,995.6636126715775,974.6210857348989,919.9861200434351,894.7554266133727,970.194665668505,958.0882811988868,936.3940552536445,1011.0825261319853,0.0,936.025633907747,970.2400851578097,940.7461891355994,894.5316521458021,949.0888724095545,1047.6019438268495,960.2145210637092,998.9921139431418,969.4248417749932,1040.6465062917046,950.034934820386,951.663209607588,987.6747483957555,954.5010990288212,979.8806779251222,958.4257391604272,963.4550857501315,967.2786244965534,928.6035569448877,968.5210936679541,928.8788447411641,969.7279721295242,1027.880803086518,840.2658009428396,976.8203661550524,1005.4085838427344,960.260408593602,958.996101334033,974.145801712076,982.3700460000334,960.5998538288042,990.7440261567041,1011.7808070669257,944.7314090990352,969.1680158139136,975.2769988940905,1030.0899148720528,1035.7740016043704,936.1496756808496,962.6006179111777,996.2627986139188,977.2599398195662,992.9227189285983,1020.0894714478079,937.4548951797883,982.2404854950449,1012.2109731910551,947.2749079973532,989.0974617016849,996.9377235152641,992.3960825632614,995.6290438661156,977.4766759316379,966.886505605596,966.9747141281345,975.6860471695629,1021.3195486857902,961.3232932916485,983.2972123186394,996.4066996101595,1034.6226947732287,949.3645963176178,963.494196665942,952.8318167293072,956.6713547245897,980.2113391135387,979.8061982982649,964.5005622362396,974.2974960317663,983.5096508905327,960.5572406244994,974.2541108672425,989.632338259506,971.7999216496677,1040.5826545660243,964.4321718089888,986.2747569232375,1001.7249368960059,966.6669781340233,972.807993882308,965.5108153952307,952.884548739759,994.8403625313076,984.5343114975442,982.7567373768784
photo_fish,869.9506837533581,924.8356171912467,892.42263177023,899.1740185516255,877.3013434184379,889.024911986543,877.0512180734609,901.81415654461,802.4502317948411,903.1071851194176,936.025633907747,0.0,863.5176637425956,856.5982614169113,845.5975502847373,887.8463324328317,973.97922923297,814.154638364036,891.4232916353437,898.4824698233999,951.6954885177814,907.097117446975,857.0594785341077,960.0552328346373,881.3360552668637,912.7025000603286,841.4425658201432,883.1279696495603,904.2012000031392,879.2750867005636,907.9489342030304,906.7427673149051,852.9052545410864,943.7786363591998,926.7588668133276,675.7466536645892,913.7235597614113,873.3229406186983,882.5867120124691,909.173794298451,881.8638075022657,827.9482594937393,840.9533568766218,932.2272317325987,795.4905371951683,855.68376362909,826.1682343198597,971.0833397948539,955.4796939995348,856.0413324157828,836.5030717517626,921.2889023901179,911.3823260907869,912.1628441522423,960.4938421186997,857.4214463249242,884.9846637982703,914.4809833080969,893.747291225826,832.8112315647958,921.8096561834848,904.3870748346967,918.9215354677929,918.3650559702468,881.9644117096316,850.7987999450913,853.1812745124814,904.6784665507339,893.384237165411,907.1253043200455,900.8370911446775,964.2578964229572,838.7121201835453,860.3334335700954,843.793919981645,844.4828194497615,877.3095880350129,880.5834512766786,865.2436589966148,867.9355165111315,881.5084640828034,853.9449404703523,868.8728575620404,889.1247764364532,861.7886752739174,954.9252499229125,860.1112605276268,882.0659274483586,906.5125644715894,859.9569959665633,868.4497613886381,859.3885084376678,846.6126446867864,900.2123337766438,888.5374862900067,884.503795200446
photo_cherry,859.5287020842986,928.413778456247,950.9318513582507,923.4832506255756,809.4929371533502,851.0619552288894,854.54762346568,888.7335100646063,894.6906530153678,955.8357913436556,970.2400851578097,863.5176637425956,0.0,821.8688022860246,831.4005097952555,863.1147284900732,1014.6869944229705,919.9590464884925,977.8441700241942,950.3633712230463,1016.7573614975195,923.5108020701244,890.756766752844,962.7012900168224,899.5943139288952,929.4671601274445,928.3524341471264,932.0397958403579,902.6114532491621,919.3613463566003,903.3273567780134,904.3804427298688,952.6758751325169,972.1089948736392,940.2176838512459,942.2409727798955,812.4951612748164,894.9098253361686,895.1357351587683,898.1050093683999,920.7360708472463,934.8582954916803,957.6695543950533,998.2705173616819,888.8915627245879,927.5389581742307,912.3469772505618,985.9664006724621,974.2733703477616,881.9768179592264,909.3187789357655,947.7734729430699,924.2801988748606,931.4796360510699,956.5218331782643,872.0876824868288,908.7187127827938,936.5441114057331,913.8280237397095,931.9631185866936,888.3207222080928,916.6867327709265,941.3291404281292,931.0145102833478,893.9713803321729,934.119825028039,944.2792763260085,955.1690833244079,905.858159067317,920.338767655912,931.1704534422076,990.0897591119748,898.8333566590654,920.648305831975,908.9561263080055,918.0139816482249,945.4932425099971,946.1100497212664,920.4773210664385,935.3203862876416,944.9727266067778,930.2857922629217,928.8240522416547,955.784486992836,931.415239286464,1004.9682093033515,922.5279877680422,948.2137147360629,969.630965910322,917.0831628242148,936.79043300017,918.4624802034,906.8532271728225,964.0206070811452,957.2939678230829,942.8515752745385
photo_tree,804.9526080260995,913.6205511456983,922.6294951406315,890.1393260141139,804.826108452947,807.6966143973476,857.2389607203062,815.6248967179674,872.350363756375,962.1494605327931,940.7461891355994,856.5982614169113,821.8688022860246,0.0,789.5551015571609,832.9742688453888,964.2732179849031,909.801251598522,945.5654708575179,925.7833797636663,962.7137263963566,874.9614086827054,844.3303090374793,923.3421208529038,845.8398382607907,905.9072556469356,878.7470512312004,891.3774206178587,874.9645601530442,855.2847938148143,880.5105944823322,861.0778491514745,919.2648418970797,967.196032108273,910.2763332549265,912.7659105216127,910.8372513731159,766.3743495849928,870.5904874155322,869.8697228881371,866.2006409054248,900.5913026417968,913.1927633990441,966.7122646229705,837.2655882423643,883.3196816394009,846.8322709223853,960.2841034626016,935.346024134778,819.9639538176949,872.0188862259422,897.8219130254669,889.3577195366643,896.7704139770813,928.8650409479934,814.0308756448103,866.438447114578,926.7874420017469,867.5425093737407,884.7964123795967,880.0060259424101,859.7643330025776,895.4264427702587,877.4065855156149,854.8819041286226,897.3693375211221,897.3828825934361,938.0463900654073,836.9776640119111,861.6333463717544,882.6004495104708,944.2033009702185,843.0034746576894,870.4172978686157,852.18476132732,865.2147722863587,896.9329159978033,897.3550259362163,869.3274522865648,886.6887139771926,896.9244275525305,882.3000471176433,878.480159438493,905.1828148758444,882.5189165084143,958.0543476049836,868.716093347742,899.885370578007,920.9950396317186,865.1029699631689,887.3476438327502,863.6022181708915,853.1981178170848,913.479961492094,905.3158502318926,894.1123879087029
photo_flower,777.1554631035575,877.9397796379528,912.79832880099,882.61715155455,793.3326934205929,724.7866378534874,827.6649622339758,839.7426796787952,887.8708642560847,924.9236120784018,894.5316521458021,845.5975502847373,831.4005097952555,789.5551015571609,0.0,718.2861316073091,860.2318939145716,891.0739678144074,929.6691779963209,886.9709911543164,974.9456419268201,873.5922171698284,846.7449595727657,912.1742055522357,823.2055606140436,873.7211214694066,863.3518555670474,865.7549130520343,811.2030656408983,757.0228612658016,774.7162346508604,813.8771287735883,891.4807583520305,943.8375863936648,826.7408159998447,889.033414671103,877.5790622386763,763.7409656629525,702.4318975261796,744.1870379606912,782.9572613543958,861.6258855697573,910.0774521908021,952.1090593073419,821.0962834909911,871.5143962552215,869.5891625412122,919.698389574908,919.1559750502934,753.1143177824217,856.4119267852309,851.4966342776014,830.5866398152626,818.9689852126351,861.693793252683,747.8785969320655,788.825822794121,892.4528174250025,834.7100548778118,890.2650047913291,834.0513241520305,824.190413899611,784.1032260355661,783.0096809870665,791.3202161114948,866.8349977503144,897.4823858633457,930.5881359813978,789.1759773469026,862.0693741921226,881.2859927007564,900.998269203075,848.3075970494514,873.9031393172971,853.058786046845,868.1896878156599,902.9826607637048,902.8586228016258,878.068952613919,894.774409719891,905.9942189076903,883.9382163872119,888.1408935460411,913.5322434705768,890.2765787493056,964.7597403068107,874.4610529945965,907.880082476358,929.0072762874819,868.2501031634176,896.2447385259346,866.6004988146486,860.401934824945,923.3365680337497,911.5930188348773,901.9785161071995
photo_carrot,833.8815270257496,948.6502197411295,970.194207290752,948.4144882009674,860.8652808412572,790.6609951782142,907.2575894390977,880.8202392095834,940.2859085411465,970.6535258008973,949.0888724095545,887.8463324328317,863.1147284900732,832.9742688453888,718.2861316073091,0.0,914.8037150033945,914.0392866925325,987.7985442161494,929.9272839148454,1034.9218720467015,943.0095285381531,920.3227700673004,970.8232097493179,898.1025359617379,947.5152876034327,917.29670588235,932.8653603184052,899.2293977890268,831.6853452694212,866.7798705494174,888.857860414973,952.8500429346919,998.06514091311,910.0159959470805,933.7759953887061,932.2925142013695,832.0063292104684,862.7289394796964,625.2536492668862,856.3846765148236,901.2082546818276,967.9045976421918,1007.4682897311395,877.1613647750897,937.4817100000189,924.4576681532265,996.1227432667837,978.654725858654,813.9035230049026,899.7052845880781,903.3307958527732,904.1859897838743,866.4200326161218,916.5447926105057,808.2806349546651,845.9465097192415,944.0153563493359,898.4879574858043,942.6419033552221,883.4530363602511,872.4808133356873,854.3973581629915,776.1319491702751,848.7044244874058,913.9882354977859,932.232968410546,977.2388302175056,859.3901757784648,917.0243851694541,934.5987908641738,958.5502111896767,897.944714935865,923.8009980072366,904.2934585558676,912.4995402844252,956.2300052388847,954.1040210214246,922.5217589971707,941.9343489579661,954.4929897397342,931.985415327667,935.606580609048,961.5263289994092,938.0211715834631,1009.2151152484054,926.1025711547048,956.8760859875007,974.3702969186934,916.682073535599,943.9592033892081,912.6871638053913,908.958801952187,969.7862463717609,955.2939164224485,947.6587430463848
photo_watch,906.444198842481,995.4282466055172,1019.4299565307026,1007.0647862292111,976.6900810070964,919.1511530477794,957.8600392482225,1000.7546347791565,1042.764336228068,1028.424168382636,1047.6019438268495,973.97922923297,1014.6869944229705,964.2732179849031,860.2318939145716,914.8037150033945,0.0,967.9838023090825,1025.760848754827,975.2944193244114,1080.1901247445755,1003.8703341641251,994.547100394435,1033.2476339193877,950.1855112215154,991.111262490704,979.2225238257184,972.8319813764148,951.8962488096851,899.1525542431511,924.8764685229239,950.0691273447491,1008.7896410280446,1042.6889650509042,974.3425731214516,984.675045216673,1009.3580273956085,904.0109441525194,923.9178550147699,911.0963026374831,699.7031525303452,945.2658960676232,1008.1180589532942,1047.9562248553866,968.9183223374758,983.8819121281575,996.9771730684378,1018.2927044138564,1029.920668829441,888.2518483259294,952.5794368505744,966.0877854384654,939.4483847526652,934.2142600535357,957.3960534019233,867.0964890029135,910.6652463263457,980.9281065350066,960.5391965299268,999.1910248278612,934.9042804806018,941.2886790437809,924.8568594537604,915.3936703970747,879.6385274554639,952.4658260766951,982.6602267645723,1023.9231246073607,920.0672185894626,965.317559789051,1005.9845554931312,992.8210842011612,948.6353322485297,961.2805976691789,944.668510860154,963.0483024190014,999.126964136791,992.2746615449544,967.3014106810282,985.8453305844441,994.8582908792447,975.2694562732426,981.9100735246758,1002.1707170143117,985.810673282064,1039.259542512045,963.8101002177344,1001.764814429646,1010.1481494808723,962.1713500369301,989.2528254161808,958.8595744307469,954.0277470739913,1009.304259369126,996.3850187397212,984.7400632176102
photo_key,908.9437857053002,964.5041230506345,924.4582078170877,945.4929685705554,913.3705420215357,921.6682711752554,928.3642949892575,933.4435135338485,900.588211228963,940.8334567762556,960.2145210637092,814.154638364036,919.9590464884925,909.801251598522,891.0739678144074,914.0392866925325,967.9838023090825,0.0,915.7828273233567,920.3242410477252,993.3508509563321,936.9298742119971,904.6667538738312,980.8034900097559,925.4512778081868,957.5997779140914,876.7584237323894,936.7645923979792,939.0119767138501,919.0010597755535,956.4714091905795,942.1066383016797,920.8489057944845,984.6756063203654,955.2989602627579,899.8847785762266,967.9821120842051,908.2090549728179,923.4149891913902,938.4012615158803,912.3637763412706,623.8488915047717,907.0215686415142,956.6920442897145,825.355543038786,903.8832447833762,869.7111628057525,1001.1009119540399,973.9062360105529,864.8698512313634,818.4608247339193,935.175290244216,917.3645880874969,930.1052097539482,970.9454696093638,870.6545886829846,893.1026072090796,934.3097337250337,890.2257159280573,847.1622569543782,933.1082842924626,924.5199154619232,935.1632801241094,939.6168071596638,885.9683830001006,758.1906216060032,842.861916073658,913.4044815471804,915.4988788984929,932.4934050754952,924.9186236878971,981.8886639227497,855.2655404447634,881.3520265229778,858.4903017371853,869.0678239667709,893.5333654509176,899.7943697880264,881.1355369802352,895.6111853196483,902.1484552435161,891.1905902657322,891.7161256538938,912.1257833843542,886.7865293407938,962.3796519864479,879.2728537814663,904.2472624888386,926.6158891240678,881.0834655166212,893.6949971874571,868.7558475647338,863.0073956130233,919.0293241440544,917.8076657471352,904.1292509238455
photo_truck,936.7571338576867,986.2306608026373,938.3891434209645,953.3176658835778,950.3961822902779,938.4860737212498,967.1234762725612,993.4271856261595,955.78615560878,989.5762277127869,998.9921139431418,891.4232916353437,977.8441700241942,945.5654708575179,929.6691779963209,987.7985442161494,1025.760848754827,915.7828273233567,0.0,925.1546076028662,998.5549555286004,959.7763823493414,906.5148370531214,1016.3932090001354,913.1737560977414,947.7665693765291,890.1635682009231,918.1855076635472,939.265512717997,915.5253013912838,957.4450248549324,952.5258220148671,916.5321513757453,974.7393813140102,966.246646243216,894.4567426149862,948.2746517875861,905.1842546792176,920.7427199023377,952.5136381219783,933.207807780812,875.8419761462953,676.0949014412257,927.6673711277825,863.81331251325,844.1591394260821,879.0562111056204,991.1850177091341,978.0847192436387,900.881065491696,884.7513366767627,952.9479039851308,927.1752807148231,954.51466922607,967.3168112661218,899.477724064867,938.7355262898229,950.4843490216421,924.7021568230052,909.739579557474,947.9683376731302,941.6132047827625,950.18587467423,957.4223551775437,917.0337360163655,905.2508230486936,862.4401703609989,935.1646057485174,934.4761329575527,927.7946106805313,936.1612911142659,996.9239082697975,903.2245720254278,916.6034990448352,902.7517844919861,912.2936263353577,930.0940354505635,934.017396475755,923.6783227664065,927.861569683967,937.9584867327358,916.908169790157,925.9525515021354,944.3864351980717,922.2224062369395,1001.2343705908577,920.4401853765845,939.2218654052604,960.5739678128527,922.6763011525921,925.5147048884367,920.2720907867825,909.9816319052554,955.2216054231128,946.4417609734395,939.591147992347
photo_velo,890.1180950851912,955.6892318725801,957.8525218504819,947.0547141649922,902.2231165852106,876.5425442550293,952.7340519728301,951.291138564877,955.7965822801265,937.0662266002197,969.4248417749932,898.4824698233999,950.3633712230463,925.7833797636663,886.9709911543164,929.9272839148454,975.2944193244114,920.3242410477252,925.1546076028662,0.0,1009.7834266521054,967.0418801518508,932.0719233227564,1000.787758696859,895.8413097324982,942.4060677215202,904.2874854997895,916.1098015018229,900.635197480674,876.167687195851,926.6098138273054,890.9366013765173,933.8600644723982,955.9985559555859,927.1628214781911,898.5823089871138,916.935275443685,894.5052319931104,913.8615543172739,916.7695863512497,911.2370897032023,877.6926183650787,886.0047013340884,586.7620973919078,883.4645015667788,889.3119726916321,898.9471963354629,980.5128474144371,985.9169099897698,896.666274636817,903.5259160184071,956.2009500118812,914.3122073696443,930.2048270231047,960.5903854676095,882.0217518542391,921.1020735365096,930.4524218546125,940.2618809954234,933.6181513924951,911.7208454833057,927.2988595026866,926.5652316824976,920.3576211025713,927.537198350596,917.3120667986623,921.2879855813602,832.1431789563647,903.7330870754196,934.4686249627786,913.4641151355636,973.7604160451871,927.0779074975934,938.3715578225222,920.3127280534934,923.2522888097028,960.044403416141,956.2040594905726,939.8887013753033,946.8236696691215,954.2685450508576,936.5350212343634,942.1537901551849,964.9649538089922,941.9216714717165,1005.2347897009154,940.1125036617404,958.714705794807,974.2845491230372,940.190967689673,944.7326119783521,934.8050483549551,925.3090915249296,970.1061419250912,954.9797477221249,952.4563348959497
photo_road,934.4511103328613,971.2392747761029,825.5472035852293,892.0913425963006,985.4771581721928,987.7609086958853,953.3023124474649,983.5450536528457,988.8311701803684,1011.4806579545262,1040.6465062917046,951.6954885177814,1016.7573614975195,962.7137263963566,974.9456419268201,1034.9218720467015,1080.1901247445755,993.3508509563321,998.5549555286004,1009.7834266521054,0.0,989.5881888507935,900.1693372058554,1033.6775995589153,962.3190730317558,1005.6281386679094,907.320261760339,937.8231316504618,1007.9092736822946,985.8024178978669,1008.4245192199721,1002.715069899287,1011.7182063330227,1048.3783050402722,1036.2470999698542,992.4537805748182,1013.8149517016043,974.2134635194058,984.9415575647822,1028.3038986074287,995.8637372327659,992.1241591035821,971.5841864325575,1020.1113915767977,892.8297852313627,940.018632892578,931.3573294217333,1058.5233939230666,1024.705230149359,972.8070595939947,925.4397865449972,990.4937329870751,1010.1521857519755,1020.4563787636333,1044.7286500081282,966.1350797278943,1000.4882950599191,995.7917591797236,992.2419432124464,948.1371089535004,1013.299294060648,978.3599900013593,1013.010019081385,1010.473099374856,971.8486900152154,960.0390795581386,955.9574495104142,990.9227467139211,972.2330619851356,989.3273884934122,977.413343579386,1044.0191621968277,921.5275832197725,931.334578671843,920.1453070762718,919.2837282174896,945.2285713479779,939.1508431392166,926.4065429648676,929.5414702295475,939.9641072536017,917.0265614379967,931.0553280770193,946.3178950346796,926.9520247540062,997.6228481277109,931.5042023967807,944.0303448022161,957.6298744758458,932.1265480723894,928.7400825894973,935.8849372870184,915.9358040106434,951.305482434123,934.4291227833496,940.8346183882956
photo_house,878.0572944822605,898.5816099962434,941.5976480321867,921.5872653204912,894.4424757455085,897.5919759839977,907.1158037007756,941.0705444505058,948.2570071513184,976.3579210325923,950.034934820386,907.097117446975,923.5108020701244,874.9614086827054,873.5922171698284,943.0095285381531,1003.8703341641251,936.9298742119971,959.7763823493414,967.0418801518508,989.5881888507935,0.0,892.5582396693788,885.6973375289338,918.4556823795164,928.0459973170404,926.1545274172822,932.4871563340341,931.2743340570787,908.0622605189143,934.084854186835,919.4811043444698,968.4591724222638,1009.6106687302665,952.0000722356586,963.4473813089522,962.8222979330064,898.9737724511727,912.6790865187295,952.5101340473262,931.4536366422395,947.4978610623943,951.3547874062943,1005.2971116488869,896.4960212199417,878.7033886118462,933.2673648704379,976.4907645012976,976.2469629129732,897.1908750044915,923.6424081209888,959.24728018801,931.124064307456,951.9846117249429,974.2514865025526,885.8012217182398,939.1853324683177,967.5197656078162,935.4830757225636,943.2339268173497,938.7044496780876,935.8607840483828,964.7365069729184,953.164332652403,917.5441424345042,939.1220659954996,929.5870379649284,986.9006060898935,902.093913009645,889.0003009350554,958.5957202873583,991.4502052121213,912.7853984624963,930.0252804238079,915.3082271349022,920.7065213188263,948.4200003916465,950.101486252322,929.6698338142072,941.3001413611915,951.7889807455416,926.8606271068455,938.1604543896331,958.0321006473625,937.118251507564,1014.6911642407899,930.4489014695993,955.4986390177986,973.8682883350458,931.0121220306817,940.141460748075,931.0134068999771,917.1024932173589,965.3339089076048,953.0652360576715,950.9881248023001
