,photo_face,photo_profil,photo_eyes,photo_face2,photo_walking,photo_standing,photo_hand,photo_legs,photo_bird,photo_butterfly,photo_girafe,photo_fish,photo_cherry,photo_tree,photo_flower,photo_carrot,photo_watch,photo_key,photo_truck,photo_velo,photo_road,photo_house,photo_mountain,photo_windmill,drawing_face,drawing_profil,drawing_eyes,drawing_face2,drawing_walking,drawing_standing,drawing_hand,drawing_legs,drawing_bird,drawing_butterfly,drawing_girafe,drawing_fish,drawing_cherry,drawing_tree,drawing_flower,drawing_carrot,drawing_watch,drawing_key,drawing_truck,drawing_velo,drawing_road,drawing_house,drawing_mountain,drawing_windmill,geo_face,geo_profil,geo_eyes,geo_face2,geo_walking,geo_standing,geo_hand,geo_legs,geo_bird,geo_butterfly,geo_girafe,geo_fish,geo_cherry,geo_tree,geo_flower,geo_carrot,geo_watch,geo_key,geo_truck,geo_velo,geo_road,geo_house,geo_mountain,geo_windmill,word_face,word_profil,word_eyes,word_face2,word_walking,word_standing,word_hand,word_legs,word_bird,word_butterfly,word_girafe,word_fish,word_cherry,word_tree,word_flower,word_carrot,word_watch,word_key,word_truck,word_velo,word_road,word_house,word_mountain,word_windmill
photo_face,0.0,15.49039885928898,16.23282806862015,15.706780243444497,14.588628148974758,14.470733470965653,13.95017840555164,13.629874689514292,15.797039287665186,17.910027953263334,17.59256011133777,15.43872534153253,15.524624724653217,14.75559347822231,14.352081213634207,13.887231171385698,16.36082976984388,15.593486074737717,16.770949373165465,16.20842947109545,17.310573822559853,16.71868828204759,16.6470960020143,17.26871456093079,15.05950093821054,16.376488979254425,15.964333869568211,16.464289600962392,15.372786503679043,15.178287513890625,15.608709882251791,15.5295404089794,15.563775297603279,17.279287454780796,15.182788982572065,15.777110988128706,16.635581181294313,14.58667613285172,15.379386977806737,14.379294658943977,14.630260385091473,15.8760790876518,16.49273082097683,17.291072071385507,15.164635736578369,17.15810684378918,15.415824322123312,16.56908822489447,16.59436432742417,14.485886884556722,15.81840090164211,14.991234635074504,15.576613406534296,15.045682755495193,15.624925872386548,14.672964648429568,14.55673588869114,16.60252504505878,15.297823186456048,15.892615333889392,15.962686492421549,14.733614238784835,14.672305070276117,14.442045131423988,14.713041269299326,15.48399945278067,16.09895699090957,16.08086118753868,14.77831956241301,15.492811960406613,15.316615583002376,16.57377912969154,14.481721182616816,14.671177411517558,14.553206553692608,15.476378198851886,16.064732904723854,15.901951847388887,14.561244569026062,15.882395483037556,15.74588638488878,15.938255798335435,15.278593669275253,16.022466422804435,15.841280681249012,14.93733074042323,14.852238652847143,15.768542726168802,15.449611280152368,14.217249319223885,15.836224798471013,14.458634493802084,14.875817962446963,15.709288581572398,16.571639727211217,15.033185645842217
photo_profil,15.49039885928898,0.0,17.10600750855707,16.400388241878346,16.359224829434375,16.370847940714594,15.865571416108175,16.128128793520904,17.11436209741468,18.501162230511415,18.754743790196123,17.136101862586855,16.652950480785826,16.4779804155126,16.4734305039114,16.265656664623542,18.348599109533072,16.966604697765458,18.032691303377984,17.727592475977215,18.20303578521354,16.84436013638961,17.711571015212527,17.97671306748291,17.211795705469363,16.279077800286764,17.441019735214006,17.565047201071483,17.232312406457368,16.946355644265086,17.426451900169884,16.669354707411845,17.468653210529066,18.14783152091321,16.73548661798992,17.528296536452793,17.63141384983035,17.071383573542846,17.009334028638307,16.621746882709385,16.7625002327629,17.336881411330225,17.767435602184204,18.4559440473672,16.976110466913997,18.175201215355962,17.066560111783275,17.845674034148388,17.59489918949271,16.66568098063579,17.281167274433695,16.716203858752923,17.398118040643197,16.90599794343498,17.26932508984603,16.66714876304968,16.702810830375572,17.631808308875655,16.66168926980599,17.480871467598927,17.173110734737474,16.59928003476976,16.918285697923647,16.434301185545234,16.731229653051297,17.12806705148136,17.503205788048167,17.736318458640845,16.46742776357665,16.826417258669185,16.98597017196398,17.855306093049023,16.698431050459995,16.79825309391509,16.57614462509246,17.067878732185623,17.508822206260433,17.417862861779728,16.651022595580116,17.36120301810138,17.20840291644307,17.641087469793245,16.926703932332057,17.520006359107363,17.412839233986748,16.73285360241773,16.67668239367117,17.37324648026393,17.10874492017154,16.802697481861724,17.366073172438107,16.653263137011244,16.59368823220407,17.33235961736264,18.251360135954076,16.66277721956043
photo_eyes,16.23282806862015,17.10600750855707,0.0,16.268843715562017,16.029441753266585,16.30141473094297,15.880055283197633,15.921505227398182,15.174387084639132,16.953441167381975,17.63803827271655,15.062650911747934,16.317209996446618,16.678397376565755,16.411480749224943,15.60967753255668,18.311484063904636,14.790519150639966,16.091201271288483,15.731167552599176,14.50450667271345,17.747425491930578,16.15697686502013,17.86412990588998,16.49523421935039,17.1843402097004,14.988294744126447,16.479985251881303,16.952484219192897,16.615363312453802,16.96252990125245,17.002603816170808,15.678772216407477,16.950770995254512,16.748861220396073,15.62063503607202,16.42165652851965,16.379246596549486,16.671318612003407,16.243631820709943,16.081289085965544,15.247463454538098,16.009784708688816,16.33493194996956,15.114089053838335,15.922101700845353,15.516499698193591,17.690469500097194,17.273993425711353,15.974204677910304,14.605440867803496,16.501792214794577,16.97834191075338,16.458965710514743,17.052303960187913,16.028890697627695,15.948074176537695,16.687348280070058,16.134782682305687,15.589014181596399,16.998712617569893,15.890176540646866,16.335441470130466,15.88896479072527,16.019569684400096,15.024826614624855,15.703005235765096,15.536310385829662,16.225837649393583,16.832601995207913,15.78855630724595,17.682000397279328,14.975035161450519,15.008732022448294,15.130528374622235,15.230874233884924,15.359069325524315,15.132153363807873,15.080429602945399,15.137567190142176,15.23585957111598,15.35778640062846,14.93995148086009,15.161280187757235,15.077170280555933,14.9812668159696,15.02239579763499,15.175548083534137,15.165090871008005,15.153989623391961,15.036832565271094,15.041064873588692,14.878778295353824,15.271775096615615,16.152178799102458,15.087213020150891
photo_face2,15.706780243444497,16.400388241878346,16.268843715562017,0.0,15.989969684890271,16.134255765321374,15.304670792255243,15.889046692932165,15.729118059718079,17.54629081093289,17.786091458707833,16.275905950721537,16.416718227692055,16.11360872667883,16.33095531926021,15.793825374487769,18.306629869439824,16.280141934432173,17.300582469686915,16.925444010690253,17.14380903741855,17.225506725125676,17.32460637830904,17.758020862770096,16.663388598564488,17.402021654377137,16.78145260843937,15.803018341694166,16.99022415123378,16.65736360529331,17.09076036510262,16.944767937428438,16.526604382956908,17.34659498897962,16.76635024020205,16.91709192284797,17.197465328282703,16.44654331074351,16.735319224987194,16.490226442876384,16.363890164554647,16.756257440943912,17.24965910770534,17.79868707898882,16.14091744540266,17.49513624451779,16.420259191438813,17.640155688700943,17.44053830938363,16.223177565156263,16.776779831282237,16.40332545098543,16.876337884757152,16.520218741381544,16.867417933330238,16.41862572494233,16.363823170743746,16.652328041080544,16.44843827425792,16.598083625918857,17.09570540698966,16.167002148837824,16.384352939113835,16.172442634939852,16.400434239962365,16.422424826205887,16.754101344829966,16.81053241479691,16.287949651902956,16.81034480574838,16.301291559774914,17.598851074302768,16.098427030888878,16.075450880908416,16.062782417000644,16.449956962590367,16.998931393397687,16.86366888744589,16.115132386824033,16.955792995068187,16.71799874789939,17.05004328122843,16.529355324227026,17.04668583847908,16.905405234072926,16.328657291158788,16.07928652173326,16.836316988527333,16.574191091872894,16.067905143474423,16.84652416219295,16.086544471146155,16.210256651964833,16.754057237772813,17.6286276498043,16.319211924680644
photo_walking,14.588628148974758,16.359224829434375,16.029441753266585,15.989969684890271,0.0,12.788553494887964,13.82893133251767,12.365053384716042,14.548136122359157,16.728611374032127,16.7957576380782,14.240293745023141,14.004877070100894,14.604018298010441,12.595881879548967,12.427853928434244,15.746414530196734,13.894568392282572,15.605978117968265,15.018090783225398,16.640693975005714,17.155176859229023,14.970962696180935,16.905549546877275,13.833508251785707,15.480614421557135,14.222135731339453,15.155461967252688,13.107805742882194,14.0891074279983,14.263208052870105,14.40412936065658,14.092831016944762,15.529698506411314,13.286278549731641,14.12890096637829,15.365387505754663,13.708656646489818,14.212739322895237,12.950666182456073,12.976392652237312,14.146331932784772,14.949215433842287,16.22232627831829,13.420036252362626,15.845051197332355,13.326055054935654,15.475191389601072,15.22697801378907,12.425368038259725,14.190485730184367,13.320869244882237,13.847573761506242,13.274800940359814,14.453725456056663,12.733015264423875,12.826723880820555,14.990675664969036,13.020695663718445,13.912377803977527,14.057352660926652,12.491685826255697,13.478982434261857,12.663740759804455,12.736791619686263,13.493410469640137,14.238728302959379,14.610130404463767,13.330137843249902,14.620662861066865,13.588954438627141,15.315618001284284,12.769034898639164,12.958582741454357,12.984842711315299,13.862636841486632,14.380460010066455,14.19753832107398,12.92541352689756,14.208927582734114,14.177319094028714,14.305431216299949,13.705801142546003,14.448261226239117,14.218818600799578,13.322496402537633,13.158589240565245,14.199060854578018,13.896242104573018,12.774550365090265,14.111930125897691,12.799901850844305,13.18829519026666,14.112403385999476,15.052589491691435,13.400657152556299
photo_standing,14.470733470965653,16.370847940714594,16.30141473094297,16.134255765321374,12.788553494887964,0.0,13.757721450671994,11.861121474089868,14.860931820684993,17.238751163406302,16.180529725655134,14.74351489305486,14.714813966452049,14.758483759022505,11.847271174298987,11.538492378002871,14.778886512227858,14.008293692354577,15.800254287609311,15.475446397194682,16.993469659442137,17.149303066320517,15.54727261811508,16.465150361516113,14.103276695804427,15.482841742186661,14.393251693789379,15.101098689466603,14.112091196545443,12.710727260506378,13.962053566032779,13.926575954773645,14.233658142918834,14.619758108595468,13.03372358503841,14.473856639206172,15.24885066911962,13.755037215080572,13.577234529145196,11.869750323242922,12.870178775153457,14.122815990632459,15.155622081548428,16.716026468527055,13.378036192359433,15.900489028616084,13.724911137856315,14.83964807060306,14.697231697725844,11.381192039490335,14.267599589269839,12.403424258651432,13.926836526220317,12.578121652665008,13.763799939443327,12.59593667773881,12.258544493599658,14.581357942487958,12.413916074003197,14.238481049470293,13.998842640609146,12.497262756238461,12.621449217756464,11.517528664953533,11.83935843059908,13.40001271377258,14.368579217368119,14.783583406576557,12.932532455523422,14.114419170664624,13.153614808285832,14.650160451409418,12.849057410977185,13.188212124826919,13.003499577100266,13.9212928057802,14.467711120831188,14.331008966700415,12.99544092179681,14.21623998218645,14.238074923944913,14.293442686253435,13.868903333907674,14.395366868679213,14.2474455109262,13.475984850732415,13.135198835826424,14.343668125671137,14.088890111795331,12.918862913665192,14.276783188400325,12.77759644187533,13.28033054000083,14.178612197223979,15.063402014605696,13.503943079392627
photo_hand,13.95017840555164,15.865571416108175,15.880055283197633,15.304670792255243,13.82893133251767,13.757721450671994,0.0,13.212462609912563,15.575648124195515,17.36523818041623,17.30105401244744,14.858530962875628,14.656083558130538,14.593069665583775,13.956953830007723,13.06950129978361,16.15560793345485,14.918301858100525,16.72290068687978,15.60091990365863,16.991230528006906,16.522511051127285,16.176606055872174,16.975917714693857,15.18153203374872,15.987046976781572,15.099576838511735,15.801424111432405,14.98134164386348,14.583836940296399,14.64889246499219,15.041823660139578,15.411021684272967,16.533463788958663,14.596650732913945,15.151048077882034,16.0214354008277,14.664310888813672,14.858549634079814,13.820944372667665,13.987449211770347,15.201216183313504,15.797471708628958,16.853435964779557,14.52448337315505,16.63178506778397,14.744314166677128,15.990558820793316,16.237677430732226,13.855380221962882,14.938895595654373,14.46393585509438,15.185296350423805,14.563883223964499,14.499171025629572,13.762762666578746,13.909511612159871,15.786089030232173,14.33032989084932,15.195001463477311,15.169109679793605,14.094517129624732,14.468187203278363,13.539658331077579,13.862106708320056,14.823229683208538,15.533793902146,15.57580352119498,14.264384960628227,15.06276826977483,14.746473467413516,15.881496095090101,14.066553665551423,13.972917627306384,14.060426965191215,14.830968246825726,15.263288651707933,15.126276098751191,13.994875701995072,15.166375346691867,15.163763575026806,15.168839171462391,14.5988339383924,15.245203743108377,15.103164312337507,14.33692973070737,14.141309951666603,15.022369106252851,14.886109363444033,13.91059641304206,15.04506001692121,13.99660716299139,14.138748745919115,15.107668689974787,15.851771059470332,14.321536544172831
photo_legs,13.629874689514292,16.128128793520904,15.921505227398182,15.889046692932165,12.365053384716042,11.861121474089868,13.212462609912563,0.0,14.788960487604575,16.947059305104272,16.60211806135469,14.228466261749153,13.961068559084715,14.446297604986961,12.095547600639051,11.499455145743562,14.973879621686063,13.854368319953927,15.855335041180323,15.184117128007397,16.914927193549566,16.928519009033657,15.61835071691803,16.73151492537362,13.533657016999582,15.184019786550506,14.029140194135076,15.214468837603336,13.490998100902821,13.300785670834886,13.762583669935948,13.865789793414045,14.17126808407462,15.303939081410338,13.648271163867276,14.262316184776626,15.193182368306797,13.446913282536212,13.88555098842565,12.080645802773695,12.345955801583873,13.942551809369414,15.127087480447543,16.45121398139009,13.282211436308977,15.833508937623241,13.567711488434973,15.22357657150011,14.695454005987191,11.355596087023219,13.937628389810367,12.643514269384283,13.682293564223352,12.518043717962271,13.866510485087748,11.874211799490448,11.640579489424537,14.673359858345783,12.882644746106076,13.892098012420314,13.64427633435049,12.361512735466244,12.71302034772722,11.762508747515868,12.167114415480674,13.290536765609666,14.265500856518054,14.661518972003444,12.857277765453405,13.709378419446383,13.204355543001396,14.959667838323313,12.661990346653019,12.744662694417952,12.716135842896426,13.720490818893955,14.170180681462128,14.006297474803743,12.736944965004831,13.95659839247363,14.001777676546585,14.033291162646186,13.548049046535848,14.232002320125435,13.971097424027814,13.172466597801005,12.918183971375173,13.982561459124682,13.729832869190664,12.494062146531723,13.940087523059299,12.607054927302043,12.925430257009227,13.953894846321825,14.876923555172812,13.119468812467328
photo_bird,15.797039287665186,17.11436209741468,15.174387084639132,15.729118059718079,14.548136122359157,14.860931820684993,15.575648124195515,14.788960487604575,0.0,16.236908476937526,15.955395167923532,13.486128327127448,15.550017939267299,15.722934323590044,14.841329473433989,13.956500557820245,16.590161529954198,12.637573055745523,15.52773816981806,14.898242996614849,16.059981558614854,17.707884487487664,15.768814861655517,17.821876329631362,14.622442189171364,15.940371687942374,13.95897396812071,15.110090085427563,15.43096336829042,15.005755676050374,15.340757662428391,15.629727437076351,13.330692149969876,16.173967213760637,14.868487752436733,14.251711347616768,16.195089858106545,14.92256562960797,14.887866819696915,14.562326375421224,14.267111196813941,13.24405222175249,15.076101273537699,15.878481769737302,13.22484465132955,15.601714687198733,13.799510765033679,16.479924600473996,16.13778715365646,14.228101511747887,13.740142820370167,14.57472025139406,15.573944918281901,14.84662510368719,15.432995149316485,14.203389488691428,13.742365440911488,15.676762841581617,14.253223427434005,14.127492820946244,15.603422694221097,14.194798113724678,14.533495662028843,14.080060090973618,13.809175263445551,12.670516186648447,14.64089838761014,14.668733211616631,14.686296399832843,15.283067349019715,14.228433182920732,16.282264530516834,12.801062424523138,13.08326380364659,12.965465324654556,13.34167145251306,14.070767866200617,13.8029827857482,13.028505066248405,13.803335279800585,13.566752609869269,14.034849120527648,13.239437572210958,13.869117817299271,13.614591964348222,13.074500075122634,12.863155199460538,13.701920327362217,13.415867322757999,12.925683442535659,13.791424035955547,12.938067508249583,13.019308851501037,13.47393339136854,14.729723824338278,13.330243817724385
photo_butterfly,17.910027953263334,18.501162230511415,16.953441167381975,17.54629081093289,16.728611374032127,17.238751163406302,17.36523818041623,16.947059305104272,16.236908476937526,0.0,18.735117221149757,16.938301711069908,17.206088839727144,17.62997574086416,17.56504663776786,17.09984906040783,19.24927661898856,16.509659831375927,17.615262263739606,16.828463914320558,17.253626373921083,18.91343891484122,17.566378357190455,18.504417554132516,17.052156171656684,17.358829160197946,16.55721153019956,16.110122805369347,16.767691494020568,17.26732986330026,17.518004014510534,17.355390467225735,16.347754931561976,17.247218715731755,17.27561867356838,16.970931589079026,17.465499380024436,17.171816114694085,17.11957382230941,17.04949913169143,16.795008044498157,16.50821991684527,16.94177244854779,17.61868563429527,16.120709337199376,17.089307862017503,16.398084382825157,17.04014855342428,17.70776377609072,16.754136617692087,16.48824728723796,16.915414260040283,16.989958067924466,16.437565276363145,17.297858099963427,16.769627970301677,16.743056533424884,17.018473659423147,16.632440891400034,16.781033613386924,17.677644757709345,16.527374784961,17.159309959827663,16.595857307791107,16.86807631354049,16.364270178585258,16.80619445079269,16.87147596458758,16.870268088570903,17.458291356541686,16.19621652192974,17.303965420504756,16.14119797423974,16.186766716982927,16.210348963454734,16.530229907617944,16.929211838153716,16.894572296170303,16.25658787981896,16.75048214553711,16.625428419544527,17.018342230228367,16.312415843616638,17.01400031915058,16.68408573624374,16.197796028486078,16.204340744538975,16.690582722421944,16.571316194319554,16.096512179838005,16.751338171727415,16.28422131774704,16.104110606492963,16.602315254966058,17.616305990880516,16.2882906469758
photo_girafe,17.59256011133777,18.754743790196123,17.63803827271655,17.786091458707833,16.7957576380782,16.180529725655134,17.30105401244744,16.60211806135469,15.955395167923532,18.735117221149757,0.0,16.706890028431836,17.694249701068266,17.572937612329216,16.35409555005697,16.10398562818553,18.339892000721942,15.893017191110994,17.363629543407907,17.394422739577333,18.264073191935704,18.903649455553182,17.981356067701313,18.805500823130703,16.892857518956816,17.824838597566586,16.55440580905818,17.29242448208495,17.28907801666402,17.033713569402778,16.76753679991163,17.233039598482062,16.97997282919888,17.43962682559696,16.519464362373753,16.903281285933115,17.625237320150667,16.861600437575103,16.95612036961373,16.50157547864427,16.244414718936472,16.296170100846844,16.742422705399107,17.94226231975204,16.15345373966571,17.811495879237196,16.395504161786132,17.59514482384179,17.38036418467226,16.231181890253108,16.350738070453474,16.220851694829978,17.259512209085816,16.296715676007775,16.941839151855774,16.047234138274057,16.41669214985481,17.58841101807808,16.109144383536247,16.62659581093871,17.141322660219174,16.41453482181797,16.076157964151598,16.1653758982917,16.298020428634704,15.932785612181947,16.36147517462579,16.729331399034304,16.501126277312764,17.113667854024342,15.844359676116206,17.278102276389863,16.145787690769268,16.0089799734771,15.97409824856469,16.406777046618974,16.87776410625392,16.66283534794887,16.093113324128133,16.759328069380448,16.568867886898087,16.609219772813148,16.442433791630684,16.806528635259525,16.57417077985289,16.16561628653615,16.000353187959632,16.614213994769884,16.38658113276814,15.934809493241591,16.604509106470573,16.10786414888372,16.035678381301164,16.504944783326952,17.413782341290347,16.19375084662176
photo_fish,15.43872534153253,17.136101862586855,15.062650911747934,16.275905950721537,14.240293745023141,14.74351489305486,14.858530962875628,14.228466261749153,13.486128327127448,16.938301711069908,16.706890028431836,0.0,15.360492444498526,15.474597768517139,14.711885594027972,13.428974154114096,16.447102452631043,12.564777064144963,15.342538437314763,14.458266106845873,15.830092986006363,17.65907749859182,15.425995530938165,17.737986661965753,15.079690635385091,15.984532373103253,12.919051195775008,15.555235009832353,15.522807897161021,15.107206841257225,15.504194325353012,15.726655349381193,14.238454002423605,16.160395325602,14.894262135120782,13.129533886759098,15.78699907758045,14.928468016310362,15.07775350334203,14.303758944960322,13.861639525042966,13.068865572105329,14.441666037175374,15.782034625843506,12.927531321673827,15.545940210430803,13.44332619289771,16.640810328437677,16.26294780267689,13.845496464244276,12.970224828638868,14.603378081033746,15.860126828913382,14.830952136743962,15.582394886895619,14.114555747248597,13.7934764775742,15.59583825299909,14.113478451193398,13.15052954987156,15.450030301627097,13.95477333765374,14.61690280597755,13.942050313430327,13.734448378619682,12.679303838504731,14.322812582286641,14.56504735597656,14.538828304377615,15.221678788106564,14.086734598913209,16.486380630708805,12.538490627752145,12.714839399575414,12.570938543560695,12.995590546330222,13.373425726900596,13.241117858889549,12.525147366856807,13.125430403171414,12.74438017658543,13.540744133297796,12.799069123172226,13.411607254826649,13.0696195007923,12.647072829952148,12.594652247373261,12.948933025739445,12.923975923941699,12.63464726784795,13.152489814951949,12.568975081406982,12.67485636505653,12.993917742898173,14.224734236354447,12.762012373313214
photo_cherry,15.524624724653217,16.652950480785826,16.317209996446618,16.416718227692055,14.004877070100894,14.714813966452049,14.656083558130538,13.961068559084715,15.550017939267299,17.206088839727144,17.694249701068266,15.360492444498526,0.0,15.090818145456469,14.775350658240379,14.125749989730767,17.143502647929413,14.900327904513102,16.28677874276762,15.797967433143643,17.54982971401493,17.417496078840188,15.796901879216454,17.320768598640356,15.430212382749934,16.304287630099573,15.198795164524672,16.469261543721554,14.896823241685928,15.557299866732148,15.61320908446012,15.320240411454005,15.386642433717157,16.629100113864315,14.973721585973415,15.440159563536461,16.34036674059262,15.131414915448762,16.003291230339524,14.463448649859968,14.616770992642849,15.246328130885056,15.42509734501864,16.91664431054934,14.982254976716003,16.562570599492783,14.712391321999332,16.429807820698432,16.404201361291673,14.553916232857228,15.20956611187282,14.989604177990289,15.44231816186615,14.915143958110091,15.77804475518902,14.219539341868462,14.4354462830624,15.796611410540585,14.368224893689613,15.379868980231956,15.243092182455491,14.320952373204133,15.158727246072619,14.234802871687636,14.509533217933841,14.833517266097495,15.362189801841138,15.743010362174404,14.265871523851615,15.431801753536634,15.037583946015763,16.4831272815137,14.412626590003095,14.221227558122278,14.207040272843084,15.002823805083125,15.34099954697996,15.162812247365226,14.238176818056461,15.214155357541374,15.150028705663448,15.51554513078645,14.780625348453306,15.315711644938995,15.232996742085746,14.397338874916167,14.246480127320547,15.130885229542868,14.944072260780775,14.15533806494083,15.128647114351983,14.340125744480051,14.222954834989338,15.14200131997311,16.255841757349607,14.468825101218366
photo_tree,14.75559347822231,16.4779804155126,16.678397376565755,16.11360872667883,14.604018298010441,14.758483759022505,14.593069665583775,14.446297604986961,15.722934323590044,17.62997574086416,17.572937612329216,15.474597768517139,15.090818145456469,0.0,14.879096143853296,13.9021130588148,15.785114147514184,15.617821137454053,17.161589536800783,16.323819753920752,17.266363780472094,16.58025317724947,15.435947417234376,16.731750902281163,15.565447461081401,16.66538908616553,15.989520538521422,16.331416529332596,15.067372784015483,15.113921637573377,16.02773758355137,15.552084397765624,15.578882665749719,16.897379064573155,15.031856200729436,15.639671633679882,16.569229694766044,13.950610532542289,15.970948325701045,14.483858288186754,14.564281334576012,15.832781406627781,16.286859261177163,17.08286323444667,15.401033609820173,16.926065015550638,15.037616787500777,16.31375769881784,16.938680261759657,14.623090710369954,15.945573636432666,15.682069545937958,15.533507696504248,15.152077198150046,15.669615479535151,14.733330611866332,14.681545862424718,16.260441746962258,15.044116875133842,15.997199687719636,15.64417581474173,14.341403272762916,15.048490348337817,14.477184239085407,14.482693205590202,15.487436303790572,16.232484417080787,16.35895569860613,15.085478948372726,15.796679968581575,15.628887942611899,16.462430652526066,14.675875181530268,14.820446201580406,14.739797229829522,15.605008679643259,16.01665618664345,15.941517232042502,14.750507752573158,15.97682038518709,15.750683773802532,15.94776359249573,15.340497102890417,15.916526517159035,15.8247674603695,15.070783651176038,14.83028867339472,15.899871477328897,15.771967630246259,14.595391302244966,15.866612815672145,14.694181823636068,14.90584348864283,15.810716127622554,16.674687010389306,15.170259575910016
photo_flower,14.352081213634207,16.4734305039114,16.411480749224943,16.33095531926021,12.595881879548967,11.847271174298987,13.956953830007723,12.095547600639051,14.841329473433989,17.56504663776786,16.35409555005697,14.711885594027972,14.775350658240379,14.879096143853296,0.0,10.932782292615041,14.547283549023911,13.999052812946248,15.830151924312993,15.633220546132703,17.14908830179174,17.387500688030606,15.945482694342006,17.27495514391575,14.015187797649272,15.526961071714561,14.285118479134994,15.390559636831723,14.084753812797523,13.220192699082927,13.66285415077538,14.226167548499443,14.341718747396024,15.090840309949819,13.175060429660673,14.38699450113731,15.461806378206152,13.481383344134677,13.569914058867584,11.594243660283627,12.876796638454554,14.122885343766214,15.167358402222263,16.833296934472312,13.206624260476355,16.10137906824924,13.700494027207492,15.740270649138369,14.673197632654814,11.613753161136792,14.250551905181654,12.506431972610136,14.08227497461459,12.85776243170116,13.972902348681671,12.735947090700884,12.144968255784443,14.658542426288037,12.63787483482555,14.117388725741796,14.09419072968766,12.128116964856869,12.067530571127213,11.303468559999846,11.700624742206278,13.375498979340827,14.24466012894502,14.854251817041158,12.58403350791002,14.1203711966286,13.217832296495843,15.284889341663158,12.983502712094479,13.05441285744259,12.99110455095379,13.920691172280561,14.397341723934721,14.186378192299022,13.102332719274033,14.338083839823776,14.204403367162177,14.407718262874441,13.850208938635026,14.49104878469672,14.223398127395773,13.280595335187613,13.230632516358,14.276312636624349,13.979955443434696,12.775502219628814,14.192666676449806,12.974182343665724,13.255328264664515,14.096362738337183,15.049647453120183,13.489730431009265
photo_carrot,13.887231171385698,16.265656664623542,15.60967753255668,15.793825374487769,12.427853928434244,11.538492378002871,13.06950129978361,11.499455145743562,13.956500557820245,17.09984906040783,16.10398562818553,13.428974154114096,14.125749989730767,13.9021130588148,10.932782292615041,0.0,13.717320303926659,13.159350762875484,15.254002117861171,14.89098897387051,16.58977569757628,16.83966374156193,15.036847241035026,16.880189107199154,13.492592410636032,15.19303502770314,13.61137158310524,14.89514438731964,13.602547390216012,12.290249452477134,13.322401384847021,13.817304703987816,13.63877298186934,14.84093091529172,12.541362579138264,13.770708483236044,15.068336518086216,12.918488413919913,13.245225032914883,9.787507191248473,12.334814422370652,13.323080321260456,14.485103340208429,16.211980436168638,12.46036575958822,15.549992656605998,12.963223219941916,15.37221282341401,14.677929332807237,11.06095846016267,13.457272461260985,12.401984864803511,13.587072982744829,12.10287736563328,13.598263194082689,12.049372906273884,11.418470769744472,14.43426615077784,11.881374751148893,13.517212904997754,13.468955811720178,11.552221296154698,11.873312973574937,9.895263234449073,10.793414865453487,12.560807334191912,13.683991122770413,14.27314418940193,12.390179752696778,13.46791637001408,12.860172292426805,15.013407344240724,11.903290359629352,12.26778915832717,12.187663629384232,13.139915306695588,13.711175393999353,13.51486023253785,12.08020284541971,13.472940272942305,13.562533757577532,13.616127704441938,13.093280357183202,13.648235567080382,13.49427135189013,12.601487176467614,12.228614446962858,13.602575775299501,13.246524529378684,12.0862369176455,13.469799616081367,11.849418426643584,12.493703425295084,13.427867377795312,14.364109366500015,12.732631191665948
photo_watch,16.36082976984388,18.348599109533072,18.311484063904636,18.306629869439824,15.746414530196734,14.778886512227858,16.15560793345485,14.973879621686063,16.590161529954198,19.24927661898856,18.339892000721942,16.447102452631043,17.143502647929413,15.785114147514184,14.547283549023911,13.717320303926659,0.0,16.23608444110835,17.88126054270288,17.489562856596464,18.82309959053856,18.853658011405805,16.95606826113825,18.86748191332759,15.782651319249343,17.419880138435452,16.534100385503812,17.186207718643733,15.951917272193112,14.750909120352642,16.072239227705857,16.113861544441242,16.047045166413543,17.487896959654893,15.418599401301323,16.111037908406953,17.268166227441867,14.830299917978511,15.756435029453115,13.834155774814592,14.357303658572166,16.071629846793662,16.925292411158953,18.43189567948119,15.565261845722043,17.669267166929256,15.439737053977698,17.22180012369159,17.282963497280726,14.146916652295845,16.284497066419547,15.598336367742796,16.14080828894115,15.162771210286122,15.968706527619549,14.687724590770886,14.601626172766872,16.79941897237142,15.200899062165327,16.239920996812685,15.956296217540011,14.36215380881526,14.37551079658728,14.036496206213425,13.625885113789074,15.547042080337093,16.682561810204973,16.7843837756944,15.583682315545508,15.812509467799037,15.923927579368572,16.90163251426277,14.819330484695689,15.075945077545601,14.870572319799079,15.818199554785233,16.286943889475328,16.16133138499831,14.968127285876983,16.213183602389154,15.971661989100063,16.239168249755163,15.668993509839263,16.202198022235134,16.09054182273953,15.30098464325547,15.191934328837641,16.196935817784443,15.834134375235493,14.743349030861001,16.18450764622031,14.835874645954492,15.157799382890367,15.91956067215696,16.843219445029643,15.365631179322433
photo_key,15.593486074737717,16.966604697765458,14.790519150639966,16.280141934432173,13.894568392282572,14.008293692354577,14.918301858100525,13.854368319953927,12.637573055745523,16.509659831375927,15.893017191110994,12.564777064144963,14.900327904513102,15.617821137454053,13.999052812946248,13.159350762875484,16.23608444110835,0.0,14.467408318701994,14.029398595773733,15.767060444883407,17.320829652010254,15.22966335481161,17.350603194230928,14.529413068581828,15.237544170003472,11.692475869574682,15.009011550908697,14.934172589191023,14.461054697059787,14.513605646682354,14.90183238436553,12.969958423000614,15.469814435642157,14.256937989460111,13.153596604447419,15.061985062779192,14.535000695974947,14.26959481661657,13.468817842829015,13.581503612593126,9.903992760659671,13.956737048512121,15.278905650282207,12.179581012217088,14.527506014304,12.444780384492352,16.09023150755686,15.080271847830646,12.86771407350066,11.863167344196956,13.646156459867148,15.150551003828397,14.08540570637054,14.516462010377504,13.06432256081232,12.520095796522794,14.868481151417761,13.10619258633646,12.585658122991298,14.648787358088596,13.399067486199591,13.876027406959507,12.965835550717115,12.864233801938662,9.778565314807876,12.968063093790256,13.603039315327864,13.453919949864233,14.174959419840837,13.249132359947318,15.576251237693505,11.591204773062156,11.437518258877198,11.299525666568938,11.676469672346473,11.88538447454743,11.556574570933892,11.391501557395687,11.814445733962671,11.453555647890642,12.132202384420838,11.752036690644246,11.931028108763334,11.422286192698818,11.341461068839283,11.300077864505933,11.363637590046466,11.505796587498308,11.671175237707228,11.532564056198288,11.56275704973138,11.288098263079938,11.54571550388884,12.91994931632072,11.502478471584883
photo_truck,16.770949373165465,18.032691303377984,16.091201271288483,17.300582469686915,15.605978117968265,15.800254287609311,16.72290068687978,15.855335041180323,15.52773816981806,17.615262263739606,17.363629543407907,15.342538437314763,16.28677874276762,17.161589536800783,15.830151924312993,15.254002117861171,17.88126054270288,14.467408318701994,0.0,15.40410406687982,16.60135862902013,17.983878832204077,16.40065355058847,18.552030148320075,15.694652831162871,16.547138497821724,14.404054335382558,15.72177783080145,16.39879400016769,15.96792183856464,15.980444335474457,16.191564413047036,15.299222236094822,16.622149131758167,15.850957147244738,14.743457666824776,16.59055422349672,15.900667763690793,16.110887656130625,15.324295960667895,15.263476079241054,14.471986329696716,13.228101763161837,15.675595717869175,14.428683866836451,15.638308810513019,13.934323459181543,16.98134200399895,16.10963484530548,14.881576194700267,14.52073599273193,15.102992583979631,16.172069402728507,15.45385223098297,16.361079580934934,15.039555903804843,14.994736037612089,16.349497941367666,14.852188024895584,14.133434005982881,15.883079403032216,14.781617767128068,15.564138321806073,14.930596412636476,15.012655809829713,14.300200066935341,12.333439693588737,14.383952322118633,15.118531629325272,15.747225014152525,14.819729083614641,16.669255936545273,14.519661442205416,14.423441761826693,14.390143321987786,14.929273164620524,14.690184297730795,14.525386762274119,14.266755512468704,14.608715619766269,14.549884531771081,15.177616742551123,14.813616090934765,14.646250814825887,14.569436464260058,14.534208257499282,14.361578800394625,14.611258906483014,14.557402708515905,14.484248642525664,14.427188088327963,14.51896086750983,14.464542051910998,14.661811516246075,15.608133813215643,14.443538883301946
photo_velo,16.20842947109545,17.727592475977215,15.731167552599176,16.925444010690253,15.018090783225398,15.475446397194682,15.60091990365863,15.184117128007397,14.898242996614849,16.828463914320558,17.394422739577333,14.458266106845873,15.797967433143643,16.323819753920752,15.633220546132703,14.89098897387051,17.489562856596464,14.029398595773733,15.40410406687982,0.0,16.614220463222125,17.807849288304684,15.54634646116593,17.55938390668737,14.804693481527663,16.383604047537897,14.2699037354468,15.676678636491525,15.484065064802335,15.797227063079504,16.0189134750743,16.068684311836638,14.77989609204896,16.558253087152856,15.547803133137117,14.298011865514818,16.22301548088798,15.33103901296907,15.865731086707775,15.064089525619472,14.87049278620355,14.411723473914282,14.411898680081032,13.671639165042118,14.160117137745864,15.663101292146134,13.905985914132271,16.473327026659714,16.19480801579648,14.775377087047167,14.028843934236926,15.27615405967915,15.65068206866207,15.04315725680562,15.86638794947088,14.855918829694986,14.752844185552718,16.3636543951453,15.069658425915883,14.302062743664486,15.997085836139973,14.729166173230242,15.334745224979006,14.672640877614086,14.799054182846318,14.100930455476337,14.251136158176104,12.847025550033827,14.948404754357412,15.684030029051103,14.657130180603614,16.449537235222145,13.785456268027291,13.764087782570835,13.782657749099075,14.222091494315167,14.538753324089846,14.542339831551622,13.801208808677634,14.442356243237315,14.082412039238246,14.7304759921507,13.991436402098731,14.634372378217071,14.412549718325884,13.947955866621866,13.966215195270058,14.096985842914556,14.043936017547274,13.85239312029507,14.298491868107272,13.858834670040265,13.785568343192939,14.101822392225511,15.236323133970403,13.9355897065106
photo_road,17.310573822559853,18.20303578521354,14.50450667271345,17.14380903741855,16.640693975005714,16.993469659442137,16.991230528006906,16.914927193549566,16.059981558614854,17.253626373921083,18.264073191935704,15.830092986006363,17.54982971401493,17.266363780472094,17.14908830179174,16.58977569757628,18.82309959053856,15.767060444883407,16.60135862902013,16.614220463222125,0.0,18.41635921883981,16.549298862594583,18.114949572049913,17.21106360288265,18.106025990541188,15.946376476264255,17.11134762551757,17.652027208896392,17.26888525510877,17.83447162053325,17.88961237904406,16.571378350508194,17.584061411109612,17.35537526913779,16.33264745002185,17.352970870772506,16.963645008305978,17.131190680637825,17.182836251920584,16.93653711526124,16.24417060730521,16.57040600970336,17.04714982051682,15.09468283275267,16.995183336528346,16.135683351491007,18.091941093240113,18.038663478136634,16.844884034726032,16.256936980672773,17.25786030898378,17.717650821058747,17.283443960275005,17.931447565827504,17.051053799393713,16.77395028021354,17.510049927050662,17.084763376287132,16.325568504806526,17.762646144207938,16.621386264937417,16.9889420133091,16.85078831346337,16.81566854070591,16.148089954974598,16.43547128208382,16.40452865234403,16.995133357931877,17.61317489518436,16.414169636672618,18.182301259698505,16.262806204530666,16.284394350984996,16.35465121120103,16.417999336991805,16.62349818604343,16.460280899487408,16.455583571071692,16.367694009093746,16.601323196640756,16.49325725322829,16.487004574363286,16.56522683056997,16.285593883294034,16.415813968761018,16.347461959327404,16.434294382253867,16.39420721871032,16.341940980129834,16.354647402148355,16.38898350080716,16.387346642797397,16.596450849818304,17.3101981790631,16.52026758485765
