,photo_face,photo_profil,photo_eyes,photo_face2,photo_walking,photo_standing,photo_hand,photo_legs,photo_bird,photo_butterfly,photo_girafe,photo_fish,photo_cherry,photo_tree,photo_flower,photo_carrot,photo_watch,photo_key,photo_truck,photo_velo,photo_road,photo_house,photo_mountain,photo_windmill,drawing_face,drawing_profil,drawing_eyes,drawing_face2,drawing_walking,drawing_standing,drawing_hand,drawing_legs,drawing_bird,drawing_butterfly,drawing_girafe,drawing_fish,drawing_cherry,drawing_tree,drawing_flower,drawing_carrot,drawing_watch,drawing_key,drawing_truck,drawing_velo,drawing_road,drawing_house,drawing_mountain,drawing_windmill,geo_face,geo_profil,geo_eyes,geo_face2,geo_walking,geo_standing,geo_hand,geo_legs,geo_bird,geo_butterfly,geo_girafe,geo_fish,geo_cherry,geo_tree,geo_flower,geo_carrot,geo_watch,geo_key,geo_truck,geo_velo,geo_road,geo_house,geo_mountain,geo_windmill,word_face,word_profil,word_eyes,word_face2,word_walking,word_standing,word_hand,word_legs,word_bird,word_butterfly,word_girafe,word_fish,word_cherry,word_tree,word_flower,word_carrot,word_watch,word_key,word_truck,word_velo,word_road,word_house,word_mountain,word_windmill
photo_face,0.0,35.3450265017611,42.68405077490792,37.99971316750589,35.31839712598484,34.25795365125145,33.78078595701873,33.38537833147669,38.93197472963318,41.39145770657075,41.62024088673261,38.45673254014663,36.18504869257779,34.46779688106643,34.71446917920868,33.958583309436044,34.81341509062369,39.648864142337,42.518919616692195,39.19616841041469,45.897799786700865,39.81324752765665,39.178890056480796,41.13572945464346,36.55403255253406,39.10415092799932,40.73565663762504,39.77953031839821,36.23748427541528,35.57813955334359,38.436467493990975,36.94522642171634,38.85833659358327,42.82546138467464,36.66701846081214,39.597250255263866,39.984396998328705,34.228274336985876,36.419142923769556,34.75161858166958,34.596946849763185,40.0234176547981,40.982960595171974,40.831876372450814,39.62760101594626,42.33234259547768,39.38049385433654,40.042011535286164,41.035974850216476,35.90170738145463,40.741530291537885,38.21111772894019,37.357262137040486,37.18420096737949,38.13277255350095,36.359987465462076,36.41573888404555,41.23070537299426,38.80662455390558,41.03254923665694,39.75035645428221,37.09859225085066,36.0463908888265,36.27005130014374,37.03957151611163,40.511612465885015,42.63462880817027,41.121217326830624,38.079074750407,38.970557277051704,38.71641026918376,40.798350963497384,38.45797815078738,39.052425878881564,38.448040336433756,40.238279515546246,42.5386866220428,42.57653133999333,39.046642949450906,41.96315596125945,41.312077074424565,41.68018022668414,40.127420657005075,42.15632403964243,41.27572097783536,39.610003952993274,39.24679600049879,41.25229602217164,41.467441699730614,37.78309347646492,41.48207718536468,38.22160499724342,39.60566671997872,41.53554897989946,43.49296567274957,40.34494893458462
photo_profil,35.3450265017611,0.0,43.196517320871536,39.22234512803509,38.95337379399827,39.726367014078,37.8953099939976,39.40300989615343,41.25716266273905,41.47039257643774,43.39623131750653,41.27499532686394,38.5933747854455,38.94152284209975,40.09707572042437,39.91631339985264,40.751626518059915,41.93175298479351,43.98954873219128,41.848262305926546,46.63328429416202,38.82370581868095,41.250058735417944,41.702498187140954,40.4215853850035,37.457191277804604,42.528264677136185,41.422739684838966,39.91487255735618,40.08695336071313,41.740200277809656,39.21051633468847,41.31654058431358,43.160446948253046,39.69240268687986,42.21322883308269,41.198100095442854,40.135642888475424,40.09630098586279,40.46756288902712,40.131614273685024,42.33059674134323,42.780239732168916,42.4854783335982,42.10304234441686,43.28718561557496,42.15236361138878,41.65897166342168,41.88693982614288,40.6256255139538,43.3012830671397,41.409614413380865,41.284321593953585,40.813058677772005,41.317901862552624,40.65358833029928,41.002402072732394,42.59814055036208,41.26646731801025,43.03616281787247,41.69558324700943,41.348991721315436,41.30921918030485,41.401169572870955,41.95038613629088,42.989773251721374,44.50409039203431,43.14261949859463,41.10351055448065,41.42329948884085,41.86617244356797,43.17196897191538,42.821836139355085,43.373360239171,42.37806639584642,43.29833348466664,45.27002709384817,45.64147524506099,43.29414024902269,45.00230358776884,44.17249576357675,45.05040125861332,43.38874466920495,45.25348865419812,44.38657045978515,43.277062311215076,42.95570399291403,44.369118719235,44.45756006946087,42.70591226523172,44.566218602571716,42.658023099242165,43.345665645059704,44.637977019521244,46.89130056589522,43.59272990819259
photo_eyes,42.68405077490792,43.196517320871536,0.0,40.35562977227434,43.0168568286542,44.01699712390148,42.725425919142594,43.55673870832362,38.972686211990776,39.87697825496963,44.02219762769334,38.7514537748393,42.15314895899558,43.74023495583872,44.20963621239179,42.462696270452476,43.96625219695682,38.770556191831524,39.40340757848502,39.66893199918324,36.546956725862316,43.709947407402176,38.29956892192591,44.19075098355615,42.5274663976602,43.93542660534275,38.61849380100524,40.67251630878489,44.61207108433824,43.56228756587037,45.71162969669525,45.042268056140564,40.13528657783408,42.144749038823456,44.35483980582695,40.02942349026998,41.874362992964116,43.17127872615758,44.05809366838464,44.10145944355446,43.303609466455306,39.291495925973955,39.72342282684398,40.16065628480673,39.31126185790152,38.09883862104546,39.97849248921509,44.78758413920348,44.13248312173195,43.218010446615764,39.21033970007445,44.40892685484861,44.41240059826504,44.51456421875224,44.962208356344206,44.234627916372155,43.71355487703276,42.67733204015651,43.50843674814362,39.87254250952685,45.503218308652784,42.98928544606696,43.72719094047138,43.792373244510706,44.103967521373626,40.0142018176039,40.791762414896596,39.84358439189334,44.87457954036795,44.86502306723324,41.22822257857217,45.26359306669052,40.79134535146996,40.91312286775898,40.82109156042088,40.40654234971026,41.584048190959564,41.53725117063483,41.080979962921,41.30647995262343,40.924549412311144,41.10665910157669,40.498978507345626,41.211546110446605,40.92647403283447,40.900482932524845,40.88533971880555,40.96151572718562,41.23961618162068,40.75824627618755,40.94727502894939,40.786624135909086,41.06899282885658,41.07441827881585,43.265813353136934,41.26108256820072
photo_face2,37.99971316750589,39.22234512803509,40.35562977227434,0.0,40.46677938489867,41.295133457005,39.1753143765663,40.85015995471612,39.42879545586477,40.369410116799585,43.15812733159333,41.007547805665034,40.373884550897124,40.96579436032979,42.13358412189543,41.370527281643106,42.157456995886776,41.65881563195256,42.95656459058539,41.39022739060722,43.05818565756729,40.825826892584544,40.63176265088994,42.532517720883895,40.46081777710638,41.923375542029454,42.5619760178411,37.64486784887298,42.293982607164274,41.47484377436619,43.95074211305522,41.8623630550718,40.87998439797385,42.39817205476598,42.07699569537658,42.3040504316031,42.35030290044848,41.32618808223224,41.731859916636985,42.60561841083318,41.5466901310246,42.386399383112575,42.84078076421764,42.13461000558814,41.5164558581246,41.93462634564643,41.932976156651506,42.876324374448394,42.90828600812203,42.03833587648717,43.502770047269976,42.579326081380344,42.22255037623458,42.402574671629125,42.82231451902962,42.7723259116902,42.7982605024818,42.04109130823308,42.535289012177856,42.33889731806764,43.828188463683965,42.21738760890886,42.63099737164226,42.86711181308023,43.29137849666157,43.162939141643676,43.95788671357729,42.66292399883116,42.896016290526774,43.215342475682085,41.620471155119056,44.0746054066429,42.734952710199664,42.93576998642452,42.484772324355745,42.77745129781002,45.02214971534656,45.075089923356764,42.93782875326982,44.670889163022,44.031575596778445,44.32966536304217,43.37187117033258,44.73167046205677,44.06726052526466,43.26211224384359,42.767692447266214,44.042120551631356,44.24482160833372,42.35820192878308,44.12871192538886,42.571384482647126,43.474530157701984,44.106611567077344,46.09684723289907,43.717779507414235
photo_walking,35.31839712598484,38.95337379399827,43.0168568286542,40.46677938489867,0.0,31.334577695960544,34.12584188141806,31.186369224111978,36.74046033164262,40.0084921146179,40.04074388478246,36.21818731372964,32.047502602534486,33.708963293204505,32.565219601788314,31.935097587220447,34.734366389740806,37.1401454043606,40.745177111586806,37.178907005042454,44.60761821813661,40.787366232816794,34.908856675326994,39.97869305526118,35.68216303783352,38.86843033230985,38.303836835921885,38.77915658160641,30.59007990967497,35.32209371901959,36.62281836329983,36.00122641794762,36.88670363326937,40.69366084073531,32.83549202473248,36.69643379736926,38.98152311095543,33.59041346422363,36.34112416759935,33.17903635000035,33.73685266771219,37.66025883317271,38.51162038432379,39.01441003443331,37.12231240696602,40.584665563073884,35.89273020917886,38.8802041987021,41.07861320646286,33.30425990596006,39.17187543669369,36.50278809428454,34.525348953482855,35.11845286040423,36.62730580279733,33.918655469012734,34.2680018996435,40.14554044275349,35.15901296171747,38.798831795279746,36.239779409561436,33.94864287408127,35.703534988209086,34.22937360541264,35.22029221148979,37.997223151859956,40.12786989801821,39.43745995287004,35.60982265897426,39.2563294439291,36.41235914585207,39.4500279082684,36.41680926135538,37.14278635434894,36.670945754433674,38.329985902042694,40.315031171578035,40.404798630653154,37.10160661545033,39.917222436870766,39.48334684880204,39.58768631054104,38.11937005568517,40.195818439160874,39.147992586359315,37.68812831702981,37.18342086382552,39.230480267111275,39.59204810384743,35.80156203337302,39.32410862565539,36.36501135696827,37.671141549771505,39.693584622752375,41.24233893838932,38.396192094777014
photo_standing,34.25795365125145,39.726367014078,44.01699712390148,41.295133457005,31.334577695960544,0.0,33.998380058619034,28.635969449022365,38.06120617396937,41.50560708647436,38.541041531342586,37.84852682968563,35.17700257231593,34.446031424616145,28.1918210452803,27.979223883966636,31.105777022863187,38.34025770010214,41.80612673014827,38.37999965627597,45.488754691119915,41.258132214469484,37.438044106177884,38.35532417159134,36.62320724252452,39.24641136977447,39.355683872152696,39.234163575966896,33.3908437483613,30.316055546620404,35.02543572720871,34.46320584013042,37.74160066065513,39.90380013627129,31.844902804973408,37.959272637595674,39.12623844474566,32.23134800585603,33.6207762604555,28.741733707117284,31.70124447955839,38.17923174900006,39.69199468013511,40.66535103761194,37.181664918545735,41.35331338240728,37.525862932991416,36.51462944179513,39.93348371427019,29.764777848391816,39.45458753362829,32.523187171973426,35.14584897762984,31.723009637319954,35.05752889843721,32.40548872481382,31.58817170899931,39.44505261943674,34.20931740872759,39.58595913314157,37.08449582286866,33.624235785291326,31.970309997900266,29.830138470260945,31.90281103303121,38.22635440597557,40.86636841997368,40.09174909513406,34.99468759930166,38.06137704046633,36.00739383952961,37.037285007594036,36.327131095950314,37.169927192457834,36.60835069104934,38.44843000527216,40.52419010842954,40.522763945746355,37.0632497326916,39.97562550935279,39.570052969816246,39.479132294053066,38.3340951331026,40.209571040940695,39.25163079129723,37.86047676514197,37.20294430540173,39.518717071874185,39.74065050914318,35.853813702187736,39.5580817370511,36.18254593279013,37.780651146508454,39.81777945593159,41.35464271679221,38.43995979277951
photo_hand,33.78078595701873,37.8953099939976,42.725425919142594,39.1753143765663,34.12584188141806,33.998380058619034,0.0,33.07811444915777,39.42605860557688,41.05050399268679,41.19783145437292,37.237534301382944,34.598852671545444,35.26746564027828,34.99566689698506,33.57028680429315,35.50886482181215,39.21287263636707,42.87761765627026,38.99988403654078,45.05698016367053,39.718039831823425,38.548748312023726,40.11581068648539,38.6251689845875,38.942727426876274,39.651053190206845,39.34341974015346,36.20656138876,35.503199569966554,37.102143532757445,37.3903081315043,39.797269194641906,41.890140495902635,35.83596954481527,38.7740765834869,39.020172255394925,35.32947986099664,36.3795702270733,35.21755712126321,34.73337708657425,39.49832830228614,39.84997000451944,40.797286520105686,38.8029253259589,41.96249916823446,38.790056067145805,39.027342489004326,42.055600685334774,35.75780127898208,40.01342700138833,37.8715233425079,37.49814365634999,37.334185201995304,36.44611863319201,35.32586177520001,36.518525073639836,40.710021889000394,37.32874470588089,40.36184810821064,39.279554664334846,36.752204199562364,36.93479812994672,35.736105420122705,36.66123304830751,39.9422383461596,42.00442093223761,40.69993517779959,37.67896366552262,39.19779130268106,38.2356420597855,39.91449692262543,38.457184389894095,38.6306256806692,38.28432542092854,39.81183424387429,41.68225112861333,41.67729546799867,38.74733031203868,41.36281943470848,40.753667037150805,40.980247143137944,39.405749247107785,41.470420288683464,40.79818183630912,39.047787824362565,38.73322063197761,40.52387642650036,40.89654171926825,37.751079116317314,40.7458211109554,38.176703390707466,39.14723180378842,41.06490210986984,42.703057570692,39.759382147250726
photo_legs,33.38537833147669,39.40300989615343,43.55673870832362,40.85015995471612,31.186369224111978,28.635969449022365,33.07811444915777,0.0,37.894616369897484,41.39268342934111,40.49649642309042,37.2214789090441,34.46255950150888,34.06427183907471,30.4699991583262,28.863913728580112,32.526858908999415,38.374774251134305,42.455776504958884,38.80978714312292,45.57215934323143,41.190981535570984,37.7408766139457,39.93356967681419,36.12773356424253,39.09667039131412,38.92583920014389,39.72938602812762,32.95086248071746,32.4216821378842,35.422999692650315,34.48815321082693,37.63426713506928,41.12316211937698,34.27720339795693,38.0030900720296,39.41102675263117,32.28622324634655,35.25990629970135,30.569054820728965,31.577616143043603,38.35243395546678,40.117923025454694,40.703405406386096,37.532842984550136,41.75504440265737,37.52274795380383,38.212392926928594,40.292584727582,29.363081229876126,38.91074129016354,34.12851709745519,34.44295798144637,32.955037873888465,35.800303310178386,31.305792746626505,31.00892191890859,39.87722086837467,35.668868225780315,39.18278689044101,36.582212418613665,33.3929347650534,33.37153337879351,31.40993134592609,32.55201172052353,38.267028855410615,40.763221054317945,39.988891527194916,35.30044796888769,37.319911117735124,36.2260351100618,38.35400759770278,36.010037609759394,36.655276346716285,36.42044208693605,38.28781721389913,40.046343696683515,39.9476534964158,36.737837135369375,39.54856074325051,39.21789330019625,39.22310130629417,37.95751502838261,39.89437887113315,39.03805756400424,37.56993926444412,36.849317071227006,39.00156855589456,39.17073506138351,35.38699212909342,39.17923052502543,35.875761336009425,37.33533685960619,39.46428211918068,40.97185631700022,37.99117266305973
photo_bird,38.93197472963318,41.25716266273905,38.972686211990776,39.42879545586477,36.74046033164262,38.06120617396937,39.42605860557688,37.894616369897484,0.0,37.16668619777806,37.91618740482873,31.31892794846519,37.75095028467872,38.20766953771304,37.803011579291606,36.25401400001455,37.48478532633026,29.59993846766762,37.377796793725096,35.25306490044467,41.395513366422755,42.28829078190832,35.88869050643028,42.04323926070519,38.11850749488102,40.541166351798324,33.57330498742321,37.22851528305621,39.29413812396853,38.1013853107809,40.77642400965641,40.3922033146128,29.561891870232245,40.21833436409075,38.24594008520224,33.700778595100495,40.19005977894206,37.75085308648283,38.51779541352954,38.09056595574041,37.48512417058779,32.04818108062291,36.882046132335034,36.97523648010608,32.398192157079784,38.07878870208121,33.9624241495272,41.72998604091942,42.116683036846865,37.29915429378654,34.96729567277123,39.25876208774059,39.691252558086276,39.363320960463454,40.4980445073696,38.81330983925606,37.17111624382383,39.926754715670754,38.471554705599694,34.75846888493214,41.28001152323602,37.98384018559626,38.14139056207115,38.19208967692341,38.094774009666686,32.5194534562203,38.29537791082688,37.526907336675826,40.29157233404551,41.2310496527935,36.783228759757755,41.74889584790837,34.48725238715759,34.76963725607473,34.235427088497595,33.76190161224185,36.59492789622598,36.620122600915465,34.9870103738746,36.17670848654406,35.45612729846514,35.42074834041358,34.71360741238344,36.33691056076018,35.26802109661074,34.8291411026391,34.32419828227819,35.51743900888931,35.807616312832415,34.51276742606814,35.653219578423155,34.306869920781416,35.0657433643955,35.70060631159433,37.76115697965219,35.42370800236645
photo_butterfly,41.39145770657075,41.47039257643774,39.87697825496963,40.369410116799585,40.0084921146179,41.50560708647436,41.05050399268679,41.39268342934111,37.16668619777806,0.0,42.69008019846188,38.45382788610175,39.35884608944266,40.90919356536706,42.4937372520891,41.34263551526516,42.422035897426504,38.90543111962225,39.73271762755351,37.888853871306424,42.42656104721787,42.66438650046757,39.99827944915299,41.54426394655272,40.600208025034014,40.20142781292036,38.29275936634911,34.93023871016936,40.051513049563226,40.309099220508976,42.589391180992486,41.45941955121886,36.80389169315762,35.530748181148574,40.83352561646003,38.648079966671,39.05109122893078,40.727875417250935,40.54024623351892,41.67184085531889,40.805916761702406,38.63029331366193,38.23435864435802,38.52654698774425,37.74631317393893,38.42120717150996,39.096547383734745,39.863207770105106,41.46516752352365,41.15653315534933,39.60639969146987,41.797705170001095,40.638150401943975,40.166571225438034,41.9257513644357,41.43182983824738,41.21995435845769,38.17153056755448,40.74220819839929,39.13145091062361,42.91161611373453,40.38805458623053,41.46457744331567,41.37420232843092,42.30571523983512,39.45034022848915,40.39716249724758,39.21467935940315,42.38108083237168,43.094039214846994,38.70106366228506,41.011474454750704,40.10817080251484,40.37142131832042,39.875921069164825,39.9604611041265,42.07231050546812,42.46984137370012,40.65390167130022,41.73553146550736,41.06326469008094,41.566965776667075,40.238644433629,42.092509242908314,40.96700583665987,40.35472118746764,40.23609520502454,40.926252093878524,41.465471656378284,39.90558882928848,41.22599810247694,40.08075994125043,40.615849806975206,41.553345996954434,43.466772622812954,40.99377020453018
photo_girafe,41.62024088673261,43.39623131750653,44.02219762769334,43.15812733159333,40.04074388478246,38.541041531342586,41.19783145437292,40.49649642309042,37.91618740482873,42.69008019846188,0.0,39.788190404103894,40.888468352461466,41.27712173277946,39.37466094182637,39.084864068393486,41.07810317635358,38.94681063348313,41.36265304710184,41.030804007421025,46.292536495535394,42.4876397215048,41.63152089619205,42.39285681158818,41.00714887034506,42.2888951741713,40.70313643684336,40.90437736187537,41.057372307530976,39.687299759062086,41.67031966318616,41.1204278428972,40.29933124677727,42.20777492319265,37.93633309872822,40.801644717948946,42.18340188532029,40.40815882081571,41.07521871925897,40.05005310741875,40.37807831871389,40.37331079738811,40.703718125241515,41.57903194544136,39.54846344829713,42.84562684034492,40.83852050217553,41.757299300439485,43.27291430023256,39.80238890526549,41.86967482035441,40.422011857873734,41.62762007894745,40.3592499337673,41.749604190857596,40.474769516155405,41.655646926923076,43.148883755136026,38.19617924334351,41.20018914348602,42.714690833744655,41.066361345142106,40.10657743887559,39.84578582102209,41.26254429650489,40.57930890761989,41.953827518374595,41.653707659312275,41.67834239080198,42.9844974717548,39.71670006283219,42.77790822547884,41.50707579905304,41.7371161779367,41.28628973070992,41.763329035467585,43.189354770441845,43.38966794148699,41.80456053592651,43.065338599855345,42.6162974220674,42.443109052075265,42.07547654556827,43.14867982108073,42.27476937169299,41.95691378132818,41.56682995610036,42.38056884038525,42.838126824430006,41.22149912371331,42.394419005822236,41.24629765742164,42.000319780635564,42.747987169762084,44.587648337905,42.36309122777095
photo_fish,38.45673254014663,41.27499532686394,38.7514537748393,41.007547805665034,36.21818731372964,37.84852682968563,37.237534301382944,37.2214789090441,31.31892794846519,38.45382788610175,39.788190404103894,0.0,36.923222873589374,37.666184667933216,37.77770318522318,35.19328653496998,37.09513371302582,29.476240177980678,36.352230156073254,33.89014082623097,41.261591807857556,42.2348026455911,34.873295174430076,41.76682223458471,38.27524078118128,40.21353311753979,31.014635909850803,37.96960035903881,39.088054614701335,38.00813260125758,40.55191983200392,40.66182774845976,33.88905916584966,40.3741981652618,37.96052320965098,29.532846095614996,38.71049534889622,37.282324981154034,38.57632042182701,37.46811602124868,36.565076177642695,31.030330558201605,33.216196863957656,35.894726886007874,30.977917970020545,37.679557136441,32.12615615309041,41.475329471190676,41.69123954084545,36.51881980790174,32.699659070613826,39.125409510117755,39.977305399660196,39.50278100514718,40.9786108147573,38.39125310186926,37.069837828507346,40.24008469827142,37.839393005330635,31.399599616635196,40.8833357520061,37.32527647663,38.1128056942711,37.877328776066214,37.428703774351206,31.937215896597575,36.29240281998938,36.2296574683972,39.83581445052629,40.84157582138539,35.56142956579101,41.93017367693782,33.252589693094905,33.63293803649641,32.91391705222434,32.978115956130395,34.58446828073544,35.08447151940147,33.78418231457783,34.26150666462963,33.47130969659061,34.185217347075245,33.14350597494266,34.85085479326499,33.453721727919074,33.3606200587364,33.35128201795734,33.335981714865355,34.090259109217236,33.05168813217543,33.60925309537469,33.13714640877707,33.778264448304675,34.3578835475027,36.421958850982485,33.92192934168137
photo_cherry,36.18504869257779,38.5933747854455,42.15314895899558,40.373884550897124,32.047502602534486,35.17700257231593,34.598852671545444,34.46255950150888,37.75095028467872,39.35884608944266,40.888468352461466,36.923222873589374,0.0,34.29428406351163,36.11066513617535,34.2838147861404,36.86888419649584,37.184716239165375,40.76954788917629,36.45582113521076,45.04091317427975,40.81897656045396,35.91356583849453,40.03808615037704,36.878197137981154,38.854481394434934,37.98052700825104,39.90212519558601,34.57516567634578,37.14460933784222,37.89852083380807,36.43979509830401,37.805079823490104,40.18973288720206,34.77548550124772,37.08216609280332,37.59926992009107,35.1010154520368,38.182960017405,35.115888748111786,34.898747590119996,37.75072884399117,37.4374630146177,38.319226365813066,38.103885951108154,40.08727609974108,35.78272839586285,38.74387534374218,40.73513355180727,35.93003324072886,38.32760540495529,38.04238802877118,36.76101786789014,37.17781605439722,37.8440143131833,34.776808964567,35.79724902782823,38.96111697736039,35.60262785652177,38.526198617762546,36.222546462388635,35.65363800602492,37.05973790425674,35.87002042050588,36.57786100038317,37.88862477548644,39.83949310824475,38.24916893051836,36.24360902163471,38.85524660655838,36.82353889787856,39.524594761722575,36.899015669997134,37.23915204791203,36.772476236658086,38.69937667055114,40.06311727044591,40.32899448655283,37.23671400677228,39.91068252112499,39.027694149668974,39.89139316426152,37.771747492691446,39.987329176181575,39.281169429155455,37.60998831921486,37.27801310125048,38.95509768597385,39.496254115224275,36.16184851269378,39.234809346227,36.789893067888286,37.53478991127252,39.73560274776611,41.87173710247069,38.1647916212196
photo_tree,34.46779688106643,38.94152284209975,43.74023495583872,40.96579436032979,33.708963293204505,34.446031424616145,35.26746564027828,34.06427183907471,38.20766953771304,40.90919356536706,41.27712173277946,37.666184667933216,34.29428406351163,0.0,34.208759762951715,32.29187470104864,33.104882713330326,38.86580350530839,42.90649603047734,39.026612887500576,44.81296810890783,40.00348287238745,35.4066877133195,39.204147398414975,37.69084291367191,40.03378329953164,39.87915181430017,40.089615422296205,34.449871514588104,35.390958387372486,39.00593429873569,36.66017276935591,38.335577003930986,41.848804284429995,35.186034412556175,38.25806595341532,39.95585916773734,31.526538878652953,37.482969229588086,34.03733157164239,33.99656555237157,39.28352457160927,40.123341649914416,40.51448663803874,39.120540808989766,41.75319013475663,37.43354931255891,39.184850500326796,42.03433594481535,34.98484815277679,40.35584326828831,38.638575206572284,36.77678199070935,36.85267798034028,37.177559309701756,34.948729913967604,35.82464860223288,40.83067935996609,37.44059505853848,40.62005872795258,37.85627402662008,34.65648979912109,36.242046102512944,35.11729484983337,35.5396604893293,39.76318407344281,41.86033922052251,41.320911796647664,36.245103738198644,38.50135402607215,38.155259865665286,39.51740906137549,37.212672760219135,38.06608276484646,37.656099643046176,39.52150191168334,41.470387994213624,41.44250592255792,37.9436984365887,40.962718592338575,40.283400848551096,40.67612072049754,39.04663536821625,41.10522106313278,40.254528508743654,38.58049278339161,38.18588041966383,40.285262145650364,40.60755462725548,36.845034519566205,40.48089138939221,37.344280700895986,38.47661405066452,40.65277708926254,42.349161156383055,39.182797242018204
photo_flower,34.71446917920868,40.09707572042437,44.20963621239179,42.13358412189543,32.565219601788314,28.1918210452803,34.99566689698506,30.4699991583262,37.803011579291606,42.4937372520891,39.37466094182637,37.77770318522318,36.11066513617535,34.208759762951715,0.0,25.77977211207877,30.776877339129364,38.289054503287154,42.15746017368424,38.63445363177228,45.478493792841654,41.951922601297,38.26926122524456,41.20011833133445,36.229405081246085,39.53038959955049,38.81617771247086,39.66247364725986,34.15144154183253,31.48723411325194,34.65100506522655,36.08584395655741,37.752928979592795,41.33447940458508,32.64217756702698,37.684522171716935,39.73932727825934,31.45368454846589,32.76562918257315,27.103536722091395,31.80949017526174,37.94390743925936,39.71844882191113,40.64189551245006,36.70245282132382,41.662633016895825,37.35646697833039,39.518105199634334,39.521263167981026,28.987517639367493,38.891370138266765,32.79148726862567,35.27205072045683,32.58353755961869,35.32065189889615,32.74265171014162,31.48225558295258,39.84374483991741,34.17463366371485,39.23929560876237,36.510981724955315,31.59386784467365,29.729424443800013,27.1821957694701,30.749622303774487,37.57828411134578,40.11186986078959,40.190874445370746,34.09358575000857,37.65121946658557,35.92528068829844,38.53450718418277,35.37113838488739,36.24549661272954,35.820460884880916,37.73583121063056,39.574302114115085,39.45994334696314,36.07490621757213,39.075236841139706,38.7038911255278,38.69393140931147,37.477086923217236,39.32195110630906,38.370557649736845,36.79407758932914,36.33851289983886,38.65575144453496,38.78080094603579,34.970486652675056,38.64977132382238,35.36444804352058,36.9053014473788,38.75526450614704,40.32370159227122,37.4722984838428
photo_carrot,33.958583309436044,39.91631339985264,42.462696270452476,41.370527281643106,31.935097587220447,27.979223883966636,33.57028680429315,28.863913728580112,36.25401400001455,41.34263551526516,39.084864068393486,35.19328653496998,34.2838147861404,32.29187470104864,25.77977211207877,0.0,28.780418224914985,36.33701351513677,40.87568021782019,37.67961783192807,44.47427021753713,41.55746718107438,35.90548651819716,40.68218312210078,35.07940239840952,39.34768596177957,37.18086456187457,39.17433388609981,33.237806563806174,29.7592737926577,34.29282235149409,35.12691695764251,36.65301575353723,40.19579618913538,31.926567617111953,36.12657580174857,38.77555599578017,30.534693957454937,32.59958477007929,22.54771103495295,30.18436214575756,36.232334645526834,38.23993040768405,39.621451128613884,35.20009169789274,40.43447140250202,35.50281661273569,39.195022455527095,39.483254989093915,28.111397310422273,36.697393609604084,32.934179946534584,33.97247847526992,31.385804827692194,34.73216939749444,30.331156252300428,29.474501848286174,38.51494204515687,32.84231646508281,37.42185834807687,34.65313138731101,29.964246418292014,29.216210912543428,23.51196560052548,27.76910516663944,35.59529966349414,38.49655881127333,38.716491820696206,33.27366258895466,36.36872587796463,34.26775638674293,37.97800080116478,33.22839542299711,34.11648159263485,33.894474782901916,35.99730684953261,37.745226945323665,37.520173979821216,33.98294715360744,37.16135451046991,36.725718591768555,36.74446433118433,35.45943443537132,37.343804159542195,36.55186806954953,34.952725835274634,34.23381827415525,36.751319157356136,36.81800066828678,33.05014871797214,36.699080392228645,33.04868211081825,34.73941290109553,36.911348949750774,38.561644222906395,35.35744865374158
photo_watch,34.81341509062369,40.751626518059915,43.96625219695682,42.157456995886776,34.734366389740806,31.105777022863187,35.50886482181215,32.526858908999415,37.48478532633026,42.422035897426504,41.07810317635358,37.09513371302582,36.86888419649584,33.104882713330326,30.776877339129364,28.780418224914985,0.0,37.69843137332392,41.84614180043183,38.65935527426774,45.137396733110755,41.539858650993494,36.96434855424937,40.80569124063599,36.01267442474726,39.72236426273814,38.612261347450016,39.704707604779585,34.282463491415555,31.158427481865736,35.92320253977135,36.19111813251191,37.13416387813394,41.93961182309277,33.11487921004145,37.009678773816546,39.548240793518026,30.329436338872757,33.85956716103906,29.122199325346333,27.910688857836238,37.045143060888556,39.415393218403246,40.54816258544067,36.91245665070112,40.91897806683459,36.38846180773816,38.801509129784925,40.87543012752115,29.836060003990074,38.34221538208427,34.989642428655415,35.04580487204418,33.81173869156217,35.13787565106689,31.785745983351845,31.332105977335225,40.10552015358947,34.73370575367715,38.20937412045451,36.90981810125249,31.999745158137213,31.42197370131212,30.28189902048131,28.290931198689325,36.95607423216984,40.270348674197855,40.07017300916308,34.668680963588216,36.1260175446946,36.80036020674932,37.39862730252225,33.923714950256766,35.024801207162064,34.52375270805001,36.52936507203963,38.88329431730693,38.604256655821175,34.81275327202958,38.23211968414893,37.66991750445898,37.71563967026957,36.435437779606865,38.3532970769452,37.50756991316959,35.686576013866535,35.21861760883206,37.840201158542044,37.627138868129286,33.42465343702587,37.89157178476983,34.050123758732774,35.651789430308376,37.615966901654396,39.5124640686432,36.266346484597875
photo_key,39.648864142337,41.93175298479351,38.770556191831524,41.65881563195256,37.1401454043606,38.34025770010214,39.21287263636707,38.374774251134305,29.59993846766762,38.90543111962225,38.94681063348313,29.476240177980678,37.184716239165375,38.86580350530839,38.289054503287154,36.33701351513677,37.69843137332392,0.0,34.850845421432375,34.084956985737215,41.44269696332979,42.28420249791921,35.254425470065364,42.29619491647205,38.432520007363244,40.105281621381025,28.981320956570947,38.4792442033918,39.69985570706879,38.33272392219951,40.16976720514846,40.883238268275036,32.872631617959414,40.576840084959564,38.69341696085607,31.53132892017713,39.030746353542234,38.15342138531441,38.89757862123997,37.86092363764767,37.666143276645975,22.84604255946205,33.71440918710707,35.946787632312386,31.094952369117753,37.01808669122517,32.03648362356194,41.792120873461435,41.083503581010696,36.9295471117385,30.505855507680362,39.24908404185182,40.465198402454135,40.06132693449608,40.1771860037253,38.50816232504275,36.471836234154814,39.90914966089746,37.70998022131708,32.761701238299494,40.701317892469824,37.79442270499252,38.1568055523488,37.78222707217509,37.458190423659175,25.541060580534765,34.856482607580475,35.448361100985124,39.246420637971305,40.35940842468147,35.861613959437214,41.55536549960321,32.17983509296962,31.833503054795944,30.98848209717847,29.970052274808417,31.08079064753922,31.77553841993258,32.29592543049771,31.677243974670443,30.489506736122063,31.109613442914476,31.106365850506666,31.972156119661197,30.303982437535414,31.39825609999065,31.409637595592105,30.46346637417332,31.66678623495385,31.885103908116186,30.488266180585715,31.878099323358082,31.92925041664615,31.769152638520918,33.610650469563666,32.008789623635074
photo_truck,42.518919616692195,43.98954873219128,39.40340757848502,42.95656459058539,40.745177111586806,41.80612673014827,42.87761765627026,42.455776504958884,37.377796793725096,39.73271762755351,41.36265304710184,36.352230156073254,40.76954788917629,42.90649603047734,42.15746017368424,40.87568021782019,41.84614180043183,34.850845421432375,0.0,36.52574047672576,42.322086243394516,42.55585076042832,38.45443680059479,43.42359962360829,40.27125915756806,42.154164782261525,36.39133707613303,38.80698034587759,42.42389839481514,41.17528425308965,43.15581963846326,43.10865783202858,37.08408948952909,41.33769589933096,41.94934541876188,36.34297976709649,40.25340865805209,41.230481639183765,41.85506679109416,41.37115226161835,41.05395060302293,35.518312622556294,31.021790467470826,36.98991466112247,35.63104774927461,36.35091016075853,36.16656415185095,42.65292871167778,41.32250146969745,40.556157030989546,38.033519235576414,41.681154615379,41.79523473076549,41.9005894976738,43.000261802931085,42.22278030553614,41.088680438733576,41.23503920955197,40.85163630180861,35.24965541688547,42.89091185487861,40.5291801824414,41.621917389121506,41.28769776447013,41.68218346412785,36.199438419255955,31.17517116339835,36.306246517046986,42.45748047436444,42.5930029598851,38.34329986697658,43.43840856106346,38.595401010736566,38.674200604822644,37.99320197601505,37.57792752732844,38.54635258351453,38.93111516958452,38.64728443259215,38.63326505967711,38.07521890854518,38.25486719420825,38.58035200131239,38.57055060480327,38.05631039624251,38.5525699136033,38.347267872696996,38.39218677348119,38.868625060470215,38.40122404360023,37.93735976003839,38.36965133260103,39.02985651291428,38.63042257183796,40.27539528316624,38.89792011478918
photo_velo,39.19616841041469,41.848262305926546,39.66893199918324,41.39022739060722,37.178907005042454,38.37999965627597,38.99988403654078,38.80978714312292,35.25306490044467,37.888853871306424,41.030804007421025,33.89014082623097,36.45582113521076,39.026612887500576,38.63445363177228,37.67961783192807,38.65935527426774,34.084956985737215,36.52574047672576,0.0,42.460064439911555,42.11862479436977,35.78210288046898,40.91464519616519,36.706230433951795,40.08828768522602,34.30353532046128,37.794347558253676,38.35085551532446,38.46026143934406,40.73862054518321,39.97274854587714,35.29302575884079,40.035259004630355,38.70274556800354,33.0054859600536,36.425344096893724,37.47463617876586,39.10911102313178,38.23743092118436,37.6808885249667,34.007512935959255,33.24567849227147,27.89207385145241,34.361336169886414,36.264033089529185,33.444092238341455,40.3033480475642,40.16991388132195,37.45795863814239,34.85826640289212,39.44542424766875,38.572007893639146,39.082480793994975,39.75297655558976,39.07232306596165,38.24998244568186,39.9281496949365,38.784329868661075,34.392827224746554,39.99067703255132,37.37611195325598,38.42867267181019,38.092073764871046,39.23766790303007,34.91081682678606,35.83891223319474,29.82332048153246,39.42191340010297,40.694748027813546,34.93184413676792,40.43427539002574,35.764171749165065,36.14009552588625,35.20483813305831,35.3707456843574,37.72312941096426,38.035315213423566,36.225761202289235,36.94387450635951,36.45090086648727,36.92295409082763,35.60121526396549,37.47681338648091,36.01392194291192,35.85072432396702,35.99891183979537,35.94496105583587,36.7146917988817,35.670960409950524,36.23441075466557,35.57484988174947,36.30863088093198,36.924330332531845,39.036687656977456,36.63957505577649
photo_road,45.897799786700865,46.63328429416202,36.546956725862316,43.05818565756729,44.60761821813661,45.488754691119915,45.05698016367053,45.57215934323143,41.395513366422755,42.42656104721787,46.292536495535394,41.261591807857556,45.04091317427975,44.81296810890783,45.478493792841654,44.47427021753713,45.137396733110755,41.44269696332979,42.322086243394516,42.460064439911555,0.0,45.213952070502685,38.97196296441062,44.485807129025964,45.382616360208,47.42243934474419,42.648325966686095,43.51769568702928,46.78897932084316,45.4808414338508,48.13983014778122,47.517719956552206,43.2259463655106,45.12936771539075,46.43304480225661,43.1997451352557,45.0744681893808,45.18826383988028,46.05568284976215,45.93543808449064,45.83900425819372,42.838361246927434,42.89722857320601,42.874419334302424,40.04296586159878,41.70046863348517,42.0605658878128,46.441374562442256,47.239593252776764,45.42196989304977,44.34453407562096,46.76967302091302,46.26967955707476,46.76664225661801,47.1699752727307,46.85706683652099,46.29007968837645,45.59252374104572,45.897919131282194,42.7632019623883,47.76675975954617,44.45508806544173,45.927222136675866,45.83293455963838,46.35866106722239,43.7724125026653,43.87858775903454,43.76026444448289,46.63675734155044,47.35222446853719,43.284263782453024,46.79110958446634,44.0219132030784,44.126473645495146,44.02199836518287,43.791657259142134,45.057935865607504,44.65406159903583,44.09336694059388,44.69046869170596,44.540235433272024,44.030073122378134,44.35797559274395,44.63407311234444,44.322974357526455,44.170310057341425,44.03972225249317,44.46457736203209,44.4099650198746,44.001891595685194,44.37016635466249,44.031289541939394,44.67097064373184,44.209015044762175,45.932849990276594,44.56720306664565
photo_house,39.81324752765665,38.82370581868095,43.709947407402176,40.825826892584544,40.787366232816794,41.258132214469484,39.718039831823425,41.190981535570984,42.28829078190832,42.66438650046757,42.4876397215048,42.2348026455911,40.81897656045396,40.00348287238745,41.951922601297,41.55746718107438,41.539858650993494,42.28420249791921,42.55585076042832,42.11862479436977,45.213952070502685,0.0,41.49518445535158,41.088405300582195,42.08152212148146,41.59161034216938,43.339071988021004,41.97626151042211,41.830636498582756,41.197173427975386,43.899206510165335,41.318579353513805,42.72939690500571,44.198995332549096,41.689727179794716,42.88928397038866,41.70889855552252,40.937123541279476,41.89990945473766,42.067269595144616,41.37175383697936,43.026348410721305,42.282417187343974,42.76005814318696,42.11825208163156,42.258537501706385,42.52569968108377,42.02105460853295,43.05230235982477,41.623888170401266,45.051150299651205,43.121064210182475,42.080444236212394,42.742216168922546,42.00823333188869,42.01381494046794,42.49786173138767,44.23667701452246,42.51826170320707,43.329970698173796,42.9875428061643,42.178298208001785,43.03088451423344,42.546704761162935,43.42039335296685,44.12221976039101,44.05629262940807,43.66287307700396,42.02878516756638,41.8846414220969,42.454221920064036,43.80867232380688,44.12929530036159,44.47351878011668,43.735056066595384,44.20003646802153,46.029496876825526,46.1942025967857,44.16887409302799,45.78813445581308,45.299767674206855,45.4908293813698,44.71295731384439,45.908947405511704,45.245808978450505,44.42686457932317,44.10312899465501,45.350137460399374,45.401232288187316,43.90225710447125,45.18320109914233,44.00172036968441,44.76508967739684,45.2309144531319,47.393054832379185,44.84136862879598
