,photo_face,photo_profil,photo_eyes,photo_face2,photo_walking,photo_standing,photo_hand,photo_legs,photo_bird,photo_butterfly,photo_girafe,photo_fish,photo_cherry,photo_tree,photo_flower,photo_carrot,photo_watch,photo_key,photo_truck,photo_velo,photo_road,photo_house,photo_mountain,photo_windmill,drawing_face,drawing_profil,drawing_eyes,drawing_face2,drawing_walking,drawing_standing,drawing_hand,drawing_legs,drawing_bird,drawing_butterfly,drawing_girafe,drawing_fish,drawing_cherry,drawing_tree,drawing_flower,drawing_carrot,drawing_watch,drawing_key,drawing_truck,drawing_velo,drawing_road,drawing_house,drawing_mountain,drawing_windmill,geo_face,geo_profil,geo_eyes,geo_face2,geo_walking,geo_standing,geo_hand,geo_legs,geo_bird,geo_butterfly,geo_girafe,geo_fish,geo_cherry,geo_tree,geo_flower,geo_carrot,geo_watch,geo_key,geo_truck,geo_velo,geo_road,geo_house,geo_mountain,geo_windmill,word_face,word_profil,word_eyes,word_face2,word_walking,word_standing,word_hand,word_legs,word_bird,word_butterfly,word_girafe,word_fish,word_cherry,word_tree,word_flower,word_carrot,word_watch,word_key,word_truck,word_velo,word_road,word_house,word_mountain,word_windmill
photo_face,0.0,395.88255994741536,347.4499629138316,322.1520678243414,408.8753938743239,275.6532383238282,562.8676669139735,336.2442242748199,286.65267382341267,336.42603299507584,369.69058263142966,357.9723841370957,352.59775981214307,238.27513963598972,478.817104704435,267.31679722674687,246.6348695016842,294.35461016913615,432.89794623981356,258.69070080958835,359.2818689772202,336.97414612162277,255.62452795021775,353.3470112720594,230.33318138779865,351.1809370110171,399.57485260562134,328.8387414478315,431.9873414704266,356.78242734281304,517.062253921787,250.3590424018836,285.4267492133488,369.23998518233446,425.3881931299823,358.5554111628875,339.02324385917336,258.0144263320495,432.71194216353206,455.52410072454774,412.77298696900203,345.12936848433054,358.7760842453581,280.6749705321037,348.0240798391711,348.793615823048,289.89105758056775,341.2944718390904,403.4273913124438,277.7772040694468,371.073878961167,348.1738351972652,301.8995120754273,289.9661011950735,259.5628797196439,423.60918196900104,318.17334682840374,328.94001470282825,302.74485857387606,363.06670836303454,311.57935617625844,282.6897221770311,315.573115593462,316.82316584930834,343.3526893962099,353.34857235599236,387.4153789041156,324.2446526094748,427.0675074092089,250.1606846315194,260.67681829564185,333.5241916244312,335.3591632871641,342.96789911124915,336.93153589719935,351.8897165153486,360.8716490813598,370.9072797638549,342.66234722392403,363.52115025277254,360.7505271220037,368.5645986142052,344.5644927126385,366.8103653588646,365.8070234624251,343.30520125109666,346.5023850559543,361.4069980896259,351.31285693405385,341.53815217153243,353.63614322397876,336.8856401276016,343.2300073567631,366.10708001290044,369.6546751665696,344.2005759005101
photo_profil,395.88255994741536,0.0,349.93789418389116,345.95697379301583,432.927017655812,504.4139522801538,430.80928375014423,580.7368683193608,478.46816986971777,358.8736804279181,438.9593998764591,417.1205928880579,425.95012459263825,468.2164421055104,562.8180375359071,520.5035251829593,470.5979746532635,458.1932303238122,518.2694095577515,397.9548452118591,417.8778574311316,308.0524739571141,458.0229087448223,346.4052972339803,442.1052771775048,273.06170643043396,525.4925257716752,397.3308287221956,461.4552287070297,484.4002141122418,576.5353381798475,390.4823718783667,482.4842260621228,400.2791634331913,459.9747886571075,476.2748421913377,359.65178668020724,488.1597097317746,394.6307188682654,562.7080923339794,463.446948598467,499.4817368097967,435.1208234840121,450.32296880574813,447.8113054445581,405.12697321234,526.0879105944841,373.42329785209097,396.4811920549317,510.5178397364222,521.179387051807,559.7907161354626,490.5651182268589,536.8928917992558,411.98763258568135,470.08700079889564,566.3896195190728,367.0928505036435,542.3073936692588,470.6403118031008,412.3484452692407,531.9484408664573,567.4497447304158,545.9646184299448,572.1605775935965,523.3434174565151,516.6662435532082,441.34746944621423,482.4436260592465,447.5441182271778,484.93411475650964,568.4962913712926,588.1068076791793,593.5125594380916,585.6946328898832,556.9202205819574,548.7885092231935,565.7383359041548,597.2467788124911,568.908817846289,544.6146706505268,527.4680365895457,584.1745999439287,573.1965843141958,563.4900267489261,590.8701856030598,590.9313462930926,560.2678599076019,576.3587161407888,593.6086647330095,555.5717178257439,591.4275139024217,591.05740891985,577.839159746344,545.9171033611236,591.193527468278
photo_eyes,347.4499629138316,349.93789418389116,0.0,240.05647502129042,519.8267322046556,407.4343367892191,516.2948321551567,454.5520496331302,374.951556424163,259.97781581404956,335.4062723657961,296.41552009457945,445.36123210227044,384.00359662632246,612.1466856252048,434.3705329180219,408.26145998397476,335.13851928051105,435.7182996410413,297.66497681475835,246.54671210737993,288.1979013515419,348.0136510218964,283.09149870083337,381.82529617574517,285.8612426841084,371.1462310728644,282.78980626776007,543.4370133742409,372.5333999583639,623.4112931523591,376.21485415108873,383.47874252718805,298.8935139329879,544.9615908945459,343.4269791978661,268.54038726186025,408.73177242081266,417.6699443632996,611.0941977686598,538.3791419857049,361.0302679419035,290.8150062286562,326.5840067699701,309.7723377690574,264.21298977444957,389.9090938879914,296.28891726316283,358.91074322016806,443.87931660100577,367.77067913007915,440.8020533436215,457.1817120736953,441.55278804509584,355.3612362780932,551.3235457054263,465.2663208389461,269.5530379714027,455.4789460305988,338.21415751829863,444.397449151362,446.56651658961005,473.3097813475704,484.4778588642388,512.7660616123525,371.04482035100335,362.1562751270602,304.5760281352968,557.4166834602373,387.33396992388026,388.1273378111776,458.02771078600585,432.1834509002029,435.6638907154137,427.0249364860071,393.0886399237192,383.395807399977,398.1067347801768,440.01645761591675,400.96703209344633,379.8234202440916,361.2646311348252,424.7437971017093,406.1074595542745,395.31376786749706,430.8581338571125,431.8039326752136,394.00403821484065,410.0816546757592,436.2609700131917,387.8137445776025,435.86681573931133,431.6841815908672,411.07914765329025,380.56189042683314,430.87278093448424
photo_face2,322.1520678243414,345.95697379301583,240.05647502129042,0.0,496.71213557238536,387.0856326099422,512.2374791298001,448.4650413448769,370.62870742853437,264.57839276285455,317.1525103499172,306.5944267168361,437.41443398987195,373.4492296219346,598.2370879487579,421.4919273768583,398.0893008507891,328.85659079288064,426.04657062448973,298.490264709833,276.64151139089637,284.14842716166055,351.6348720573985,282.0494233954553,358.45934603306677,287.5656269618402,383.1100526909589,245.07866799334934,517.9969017759828,364.8954426218904,614.2932111351531,356.3622918663463,372.250578571575,283.1431218170157,522.355623651405,339.73275254395907,272.28950036025844,399.1744270303401,417.97765988873135,591.5780174629283,517.2882071460118,361.02552494137495,305.02295194925523,331.332066893574,321.48418791867374,282.668890901355,392.1955507300732,285.86759435772535,348.8228888359118,426.2098604076499,372.8642696847413,427.8860153869603,443.55228623924853,427.29632110538665,339.8741560236873,532.1039548801108,460.3700918867441,266.7805587490091,442.5482041990407,335.3930800578585,428.3243943456131,432.72628016132415,460.22005619985896,467.5985914614455,497.9221081707553,373.2832749290509,365.9033988740856,312.09708815885745,540.0866426003395,378.26894017746895,377.72562232101507,446.93382123078084,435.62442535541817,439.8044369883424,430.8681547549446,397.66398262046187,389.44344477198706,404.8288177401845,444.21942048049203,408.01446867966456,384.9443979062888,367.77706249501165,429.27979926937525,412.4011031163058,401.460338847265,435.4019389867142,435.7786363411461,399.8740102532182,416.71019917346007,439.3916339945627,394.771634720528,438.95385734972484,435.9221189563588,417.19130350701556,386.60676706437044,435.9544711545931
photo_walking,408.8753938743239,432.927017655812,519.8267322046556,496.71213557238536,0.0,493.9042752731358,466.7290507696477,587.1317421430288,494.92566804816573,514.2553674098572,533.4699792912746,558.9325098481071,286.97767514722307,461.48229702942984,369.67638052427213,473.02170321638584,428.9709328477463,523.8626387735035,589.5339778011016,462.805694784033,570.5473099577392,474.8920887142495,442.58238650371993,491.2063035855674,423.67423663557094,475.39376874491984,640.4472690230411,530.550375842846,239.55137822814555,576.2758605200406,412.40999995659973,362.1045569501817,488.9306382174386,512.918761961892,235.82813440421359,591.348397510663,516.9666924180771,453.7120320767481,468.8844783419782,336.2381815150368,246.92330259119404,592.1751659290527,589.0279948299443,509.217152232375,579.6639928695279,560.2181110000303,537.8254656406793,517.3491078581314,505.11637694678154,432.69436202327717,619.5509629906333,569.7430738637578,383.76615549136767,492.39191171050703,432.849553111326,255.18095077260898,523.9899652544635,510.7575633541217,475.88869270395844,595.0739001671885,298.8907290341015,465.2170854479825,505.2494003640289,447.89720490027474,446.305004709364,611.5376393262674,642.0802259416829,562.0281614673225,264.79374078240943,425.09042487306107,462.90878615109676,543.4976926897838,608.9463385174153,616.7774917993619,614.127381267026,626.034183535442,631.7553372314219,642.3314883671405,615.1586330984713,636.6639763809246,631.7543464667935,636.5051812865912,618.4196194863084,639.5136937786467,639.9337761089852,619.1249039652827,621.511263755102,634.2560949319859,626.914673005724,616.4137685455947,628.6965134776656,610.5113609494001,618.7865559082139,637.6567534224541,639.7314159453837,619.1345381479352
photo_standing,275.6532383238282,504.4139522801538,407.4343367892191,387.0856326099422,493.9042752731358,0.0,616.3567992774277,237.69980454268247,294.01223824693784,375.64091442185867,366.9108331388934,383.00700123907893,437.87318356435543,245.55821061920454,486.524246480019,212.4638295730276,256.19843264997314,294.60596657644334,418.4125569659831,292.2771649529037,376.5930153531068,396.08650640272947,288.29313713420726,384.6678027070206,290.9473812452413,421.7055649406919,379.9040308493765,366.6092062267981,494.26530898790605,277.84298879259165,533.8058002327148,320.4749013573311,305.2722667321872,391.2982540175994,504.1972232027494,352.0505578679511,379.10021564243533,247.57008961950126,462.81246908721056,476.27714855324496,498.47699274609187,345.8638942495916,376.6960189904125,300.5645160428143,346.50211142622976,369.6135767249485,278.8466195282952,367.4163704253518,411.9222605660407,242.95360365994713,334.42926397703144,242.6689508834395,336.84850770844525,235.09535331153188,298.6186141828756,509.20412750457683,264.137787379042,362.2889243426177,270.1402626111042,360.33161801825804,411.7858061884925,263.085921462122,259.9201228178344,263.07718975377185,315.21742554737585,327.3940731111331,366.2538242623661,338.0300372309854,507.3153333555104,291.7650021265074,274.9342617764469,269.771589751304,288.694721504215,294.4332923372709,288.66583862550715,305.68972787972564,321.89704169366354,320.25503662955435,295.3332100463931,312.54237173087256,318.0352245809813,342.36928684105294,295.2759844974448,309.41422660656144,314.3082144694217,291.376884039134,294.7456586224931,313.6423772790171,300.47943384160317,287.967494971191,313.68507985669083,288.5132525288995,291.21109712140947,309.25253745102845,335.80397536813797,294.34460786051716
photo_hand,562.8676669139735,430.80928375014423,516.2948321551567,512.2374791298001,466.7290507696477,616.3567992774277,0.0,683.7999933362298,581.1102136310915,530.5852981026369,538.7501680511342,545.4420183173798,472.609485781209,598.8620485035884,521.1121564836538,619.2271147694755,554.5784140700761,625.2972106534947,642.2589816860366,555.3516227843194,576.9676942942388,499.36554418826586,579.7127232733824,491.748026485216,585.3525801747695,451.9916384180598,670.2174644416217,534.323573272017,481.09704688095053,560.0986642542094,429.03227479286363,549.7201995462212,620.1833574576418,544.1099253844885,477.66737015686573,622.8596878117535,541.1636699236619,579.5191909672276,332.08820645059086,538.8267088432987,464.6553305643905,680.0247136558138,622.588540376759,607.02911525614,589.8611360411438,581.3192954103062,671.3519382925349,549.8179860812942,518.939579291139,608.6047477960593,659.2056014823286,636.4828028662545,538.0092530384801,626.8481040707483,541.6552151559171,491.47046071089767,634.4130016980085,544.8226764550075,615.2106053823223,652.536234470664,553.9192810674093,634.7410941595892,627.3984675389074,618.4832317049026,594.240505916127,675.3887532556633,694.1598109294284,627.7014825483624,493.57538897302,569.0057107897431,626.8575262137955,634.2439870002127,725.6478164253397,729.5345224543491,724.3442122170115,691.8473248638916,693.2390158976383,700.6842630344927,732.8982629693481,699.2406745218708,688.0424438254843,682.3872982360382,721.9223593993012,704.4590526711845,695.3017674181443,726.3912892964926,727.2924427588374,694.45828145545,706.0622735756101,727.2394247075912,696.3286556990587,727.6378317903053,726.5530930327783,700.6650640258575,697.1566264560521,728.1711444445145
photo_legs,336.2442242748199,580.7368683193608,454.5520496331302,448.4650413448769,587.1317421430288,237.69980454268247,683.7999933362298,0.0,317.0855119554065,429.4104227663157,437.4486832138757,418.8489452607101,497.12043447287317,275.2015607774724,549.887941653944,252.53395343939346,298.6650245592692,344.41811144565673,477.4209594775879,345.18267729487195,408.6511383782934,464.0210199192015,320.6792295951854,449.4444394851338,347.64953747979104,482.8566431516041,407.7875637291374,420.9474805605932,585.33482370884,318.8310544935757,584.803064991675,383.22457308830633,345.7504427257843,466.31394934062166,598.5922720271733,395.2705378170351,434.81049035819507,280.86318124573046,521.9136143313964,549.607885252688,583.6196051051464,376.99037741401185,411.611226183504,324.54016296485617,379.00625392477923,411.55394324358036,286.45202632013473,432.0547803388891,480.71300316127946,297.2877281627037,360.4399272316121,260.71284777876207,386.14392864034863,266.20052325573073,365.40628596569377,593.222522266324,258.0679300169826,424.8474682772887,300.63003830681123,405.181480415546,487.88443909613915,298.17131957144113,284.0859979348493,315.96932606174255,352.60208900201127,346.34866299479984,394.1740649739652,376.08866261722545,587.328403808474,338.05982271408936,319.3874910703183,281.9017826906956,263.5087381754397,267.61912651834575,264.98983110332256,302.7204680223594,324.71844072365576,314.1426846557439,265.3935365707707,302.0408254224005,322.18914729533765,358.5064383657108,274.7533146847646,299.74851198147815,309.1448779347452,264.7197258424775,270.28143660091774,308.9090440777708,282.6199404100191,260.8532489496152,309.9416369341515,261.13120578431017,264.51219316902603,293.81736755043977,343.2738221982128,267.4037150055469
photo_bird,286.65267382341267,478.46816986971777,374.951556424163,370.62870742853437,494.92566804816573,294.01223824693784,581.1102136310915,317.0855119554065,0.0,342.6809518867721,345.5580895857589,303.9383444743538,427.60726807097,268.19238721212156,530.0549253817544,288.21677792190167,272.70166701526,264.95655955081577,428.7232715468882,274.3666622218739,353.0711958448815,377.0983145404038,279.45102240717864,377.3665165128933,303.04007483104914,383.9965127904676,335.43217235712797,326.7566825127316,508.01711176150246,317.6736435812572,529.3451163534456,329.3422846386005,219.1131046162385,393.23939852787913,494.7218357182495,312.0039419439623,359.974616316189,273.0476361540958,421.39683499967293,512.0396462078985,487.60454318860155,305.39809931420007,347.0839819336715,274.6257011987056,297.33795986928897,345.3973225824017,274.9717159200498,368.2497813410875,440.6630545807426,315.79157816891666,309.6213526548175,321.83256970983365,317.19193853510683,293.65083612540366,291.2752127760855,498.76228171016305,293.984492151324,353.0088446339612,294.9701788217712,339.43908544934266,404.69951808002344,313.01354844517766,306.8009579083658,351.28299404090484,347.79534691167356,292.5478114520788,365.8268538900169,320.5688230363604,497.11054559990856,290.8773199702769,286.03387534954805,307.560697984715,307.9718061903947,306.22373822843014,307.6262535618099,291.0113639838639,301.4831478453153,305.2247887525095,314.3620716433784,300.31619968458705,301.9719313085551,323.9703333654471,300.27636463837507,302.82982749840227,301.0079546562734,308.2172469408113,305.3388252344037,296.8669206676806,299.78964890277206,306.23917296054645,304.0443004387569,308.9741175318712,306.48164090809934,297.90489725722864,314.6643153220389,312.2150795279734
photo_butterfly,336.42603299507584,358.8736804279181,259.97781581404956,264.57839276285455,514.2553674098572,375.64091442185867,530.5852981026369,429.4104227663157,342.6809518867721,0.0,316.05046297929664,272.81923036280074,443.9338596040567,353.5150325980627,603.4291641485149,405.40983479434675,384.0068135257249,303.5027011504669,413.37894758048816,272.4448261103386,270.8935102395315,275.5360362177244,347.40936182494994,266.95118979516883,364.0137972585654,279.3564582874298,359.4142321788164,264.61788778397727,532.0024730684947,339.35649160589526,615.9600844810439,352.6761430070364,344.98599764845255,247.73838679867177,532.2492381947482,308.4381059307477,240.73989341072428,379.34960989685084,407.17995501077206,596.018901046633,529.9167151462794,331.30893728672453,268.901451973442,300.00626283269315,282.76734665382946,251.96741583736582,368.27832040585935,261.47402647679644,353.3681675384944,418.07077117758683,347.0542589885572,414.0491916741273,432.32980462367703,409.66194881866136,325.13225493720864,539.5231981600208,438.4372980385517,242.50562791673133,427.64075909356166,310.2306287377575,427.57193459208196,418.97523834858123,444.6050663114649,459.63666231734004,491.51850447294674,344.4162859162481,337.8727530567298,280.8247674353085,547.5269662914627,363.6237053569368,360.68485218959177,425.42748396908166,411.2642658627105,415.4986404380841,406.26152396439505,370.6459031396275,362.6090312193934,378.82574869071067,420.77272153827147,381.1040112732224,357.69899056893365,341.6245487820757,403.9061592359969,385.9646922885823,374.1346316139388,410.24099762683454,411.24443703978943,372.2723362954292,390.54928013601545,414.850715476978,367.67558455164686,414.51452660582567,411.1262659525069,391.6263778358058,361.5594181485165,411.6840173401472
photo_girafe,369.69058263142966,438.9593998764591,335.4062723657961,317.1525103499172,533.4699792912746,366.9108331388934,538.7501680511342,437.4486832138757,345.5580895857589,316.05046297929664,0.0,287.1869548452262,487.86782261782866,381.4432915815926,617.3729244919717,406.1506084922368,395.81239832391947,320.32655757378114,420.7028049877157,321.69459012557144,328.0892619304667,340.11133814920277,377.35063366041254,324.6367559924353,384.9472076230938,335.9788510569522,356.5676189306045,281.8082204438856,538.6400908277183,322.9679662170049,607.4680999447436,384.3950794531022,350.00439237480884,309.0586339890655,526.9508752729306,297.36820085386273,312.6616453722692,390.6240658211288,418.06488577645587,598.88140297381,539.2965055982821,345.92690618391197,320.92764197637615,340.1934836059299,299.1595169265548,314.99887905263773,387.161415667953,315.43207223248265,379.61912747324163,423.4983852280876,347.6884860055809,401.0586264865928,421.23554349511784,403.54444538532465,330.7117459640891,555.1795322144977,438.52593654369605,311.30234351216984,404.99067956440706,336.1777267780439,466.40854932554953,430.03507896741496,430.7058751279362,460.09488077111934,474.2354862923935,343.576313196679,356.9638271499969,324.9008915401349,563.8274181424496,382.39777481516836,378.8184676713503,415.9831311839772,420.65632726095424,424.15725317061714,415.95992274137865,367.33780285925707,360.30172347940436,375.60706757503186,429.5285357035417,375.56960310105114,357.6277377892739,335.82441155228696,413.7893197323944,385.42358855468956,368.957732630489,419.0975996497643,419.73537046648914,368.35221919597626,387.4606955114989,422.9986101343271,363.739311616317,423.21877359766955,419.9417072551446,384.3784372544908,358.924559976074,420.96682037272103
photo_fish,357.9723841370957,417.1205928880579,296.41552009457945,306.5944267168361,558.9325098481071,383.00700123907893,545.4420183173798,418.8489452607101,303.9383444743538,272.81923036280074,287.1869548452262,0.0,492.7375146268073,363.6401346724054,635.6569424058837,404.50286302291016,386.03718989332395,285.2773411587417,425.1386488958748,284.0717788481367,286.9794478768664,319.1253196958231,359.6349689274631,311.8815909471888,384.66518079484746,305.8440017260143,322.1844525212581,258.23789171312717,567.203829801833,311.6197676072094,625.171175078626,386.88578375275824,329.34697880621354,323.29652559096326,562.7316169994696,224.9543408568143,275.20086387789496,382.32285993314076,404.0675479790038,623.0929770907464,559.6186410043439,298.2184924417022,251.18301009393198,300.2310992206464,232.4047346172739,266.20863555543315,353.79087971235094,296.4375283390356,395.8823180519067,434.8791045096297,314.186202312095,405.2788898849155,424.7995313244085,409.3267421246002,323.7321995212775,572.9187376296846,426.12093072529734,283.6723149516662,419.19584153306823,289.10099353270505,470.5919683510559,433.54627296388674,440.27083542925686,477.84326184017,490.9448197016279,302.5823496229279,316.12673071045015,274.78477106900675,581.1715461043468,374.40047063709244,370.0693960719066,417.43301894122527,392.34419542461006,397.2595987325897,386.96444072994456,332.53369990126157,324.18437936481376,341.5050997356666,402.16555647655656,339.91761917704827,321.1300822235179,293.66445884149795,384.70211595317204,354.40572679548154,333.1017012472321,390.33073837000717,392.1589008051603,331.769789525542,353.81207072436496,396.2614114426324,325.5243102309281,395.38431325386546,392.0537906260227,352.08339939396933,320.8936185108825,392.5014162209928
photo_cherry,352.59775981214307,425.95012459263825,445.36123210227044,437.41443398987195,286.97767514722307,437.87318356435543,472.609485781209,497.12043447287317,427.60726807097,443.9338596040567,487.86782261782866,492.7375146268073,0.0,380.7410419744623,390.6182737288443,400.9926574533073,364.88763703147885,462.14364145783014,556.8372016007635,386.45479626395917,487.3471913415469,430.4570846071317,350.28738025366494,421.17215261384973,372.955121437796,428.0411681253956,579.3241790316986,482.852425159992,344.12949359687013,516.1234854658526,429.03517377538094,332.6829982334608,432.06388363985394,450.5053359466297,335.15535034256,538.0158171940518,444.52405921204206,385.17728665817384,454.4421551980198,385.50243563402677,326.3935541319497,524.0882333888808,512.5487308153904,420.1903780908299,519.2343614925363,482.5950417878637,451.23461697523413,458.53489474115906,461.336462455621,380.01689959899755,552.3607940191903,500.3813646225522,360.0824509127055,424.62498896509464,390.26834930243456,341.9630058409167,441.5717984890917,450.4997999249634,412.1101510583816,537.0357004024763,299.2410204128854,397.80045007956517,438.13514620830085,397.5669255075714,404.75518045939333,539.3079212222187,574.1288164694244,490.7755791188125,341.64234747353663,365.554320760683,395.60356507469737,471.1162809842503,513.8692463053555,521.3733752246723,519.2514794587622,543.9093679231537,552.6400319567573,560.586339667454,518.7799095277385,553.1253682430249,552.8783702651307,565.7706532286187,525.3565702247686,554.7634022686309,558.1155044451019,523.5310056936353,527.1027450780452,552.3460598071497,538.6498025876662,521.1986934064987,546.6031339259458,514.9027529038055,523.6232358038966,552.7642648065639,563.8818831331649,523.7266495779074
photo_tree,238.27513963598972,468.2164421055104,384.00359662632246,373.4492296219346,461.48229702942984,245.55821061920454,598.8620485035884,275.2015607774724,268.19238721212156,353.5150325980627,381.4432915815926,363.6401346724054,380.7410419744623,0.0,496.0136498859722,234.6998861598381,233.1561716404674,287.5852072597168,431.924727329422,268.66764345129235,361.33875643597116,368.2328721554241,238.28689388659933,366.6550132346731,260.6569458705991,394.22179533299436,389.0017609064655,360.23336177793146,484.11306015433127,335.4315798664413,527.1294843780488,283.6087618598653,282.0720726504405,388.01495182027674,475.0874510524296,353.1955718757996,357.91703205766174,210.92854104747425,452.79846570989736,479.6904397716927,462.8033369481148,339.12798758019323,360.85389981601173,271.1215254421397,340.5386233255428,353.5976048342758,249.4615176969444,355.5776198424609,431.16425600017556,258.5479573033294,349.28221072706884,306.0827063494078,308.0918260472332,258.2885618692997,274.43010703744466,471.7777802613111,266.44166903655406,349.2517651795314,268.0410917502653,361.82678793449713,358.29617284183513,247.0220637021338,274.5941750388592,297.52964470858467,314.2851273364275,333.09160678630116,373.52007887376897,325.2839348483537,467.5250065300009,250.42708228551083,248.3891250561637,284.71912678457977,284.490333570361,291.96212162511756,287.11566753870113,315.3552105603397,328.95871167125387,332.03421428361554,290.5117115185422,322.0369003263071,327.2371444686672,349.9644429051808,296.14073041390304,322.5174213884326,326.183931786513,290.4693759221325,296.2705445291114,322.84724935693276,305.4667548058738,288.1956019687851,318.2260862210127,284.7881239351383,291.0296216591204,319.86004505826406,344.260398948714,293.01462615088707
photo_flower,478.817104704435,562.8180375359071,612.1466856252048,598.2370879487579,369.67638052427213,486.524246480019,521.1121564836538,549.887941653944,530.0549253817544,603.4291641485149,617.3729244919717,635.6569424058837,390.6182737288443,496.0136498859722,0.0,435.67699534994074,436.5236772716211,594.742397999782,642.4248465088775,536.5977855220392,642.5714487093285,573.0162354594171,495.2930442917114,580.6031281789149,486.00452069950563,574.4773214033439,696.0428755636718,614.3807074368366,321.2312181421459,566.1530446544672,321.14465851991,466.8693353197797,553.8134964356756,617.6965320545115,371.5518086435955,663.2163275530532,614.3256760026214,463.9963312407771,484.0972200859826,218.2502180835278,353.0391774532738,666.3373683769772,672.6524165409306,570.1301393793385,638.7395352442362,640.0738887679311,576.9793346329621,612.7560586456444,524.8002454150954,419.2107351739948,663.4297844831954,521.2831995627068,427.4515008333131,476.0574270958201,510.57664765709717,369.76081454730667,498.93829272217295,604.4737284642337,479.6153681344712,672.5983210781704,437.79985538033804,479.18503702222205,478.79886663490964,382.37915351435703,416.236602879087,663.4109447670911,706.7822601141487,641.6413268604095,356.06454226598106,475.5153956918275,520.6662764579863,530.1423516255461,628.3498297763663,634.5255955506487,633.5295849128472,657.5455715155125,672.6561586003048,672.5529564856841,632.5824981314624,664.2320675184902,671.3056151283553,693.1895922743619,638.6925281744286,662.5025068833144,669.3232220594364,636.4034455680493,639.1953384173116,666.3071190059719,650.5837978254872,631.3745162370902,666.8535538990968,628.1371200901384,635.9190102139208,658.6821088271198,687.3740227180125,637.5551245963514
photo_carrot,267.31679722674687,520.5035251829593,434.3705329180219,421.4919273768583,473.02170321638584,212.4638295730276,619.2271147694755,252.53395343939346,288.21677792190167,405.40983479434675,406.1506084922368,404.50286302291016,400.9926574533073,234.6998861598381,435.67699534994074,0.0,226.62572185882493,319.2960200930147,456.41604998150893,307.70197948223455,412.6745608557089,426.011714884401,270.6317776980838,421.0872106306983,280.1828149644422,443.12315495917994,416.34387493791337,398.03428251552856,462.56058698385095,323.4748964178548,493.7973105212159,312.74883882949297,300.4925725296314,425.56542058794247,473.7109174369098,386.2081971682323,408.8455254577314,220.59366531431266,467.0677113568857,405.1129873869876,457.3325418263926,368.897484218451,409.8945393697896,308.7543776578144,376.0258049060912,403.1402095235709,273.0449069658193,408.33559502096153,430.35975862748717,213.07950865786708,372.7439616284324,261.0871977073695,294.62101908086,207.9555238728294,295.4953971942196,468.52676739265144,236.97307892465756,394.7779094826999,245.45069167167185,400.03170195451287,374.3810014394726,232.67321920598906,228.26414978272527,199.66182557162446,269.68362641253776,355.56294523239114,407.461203299433,368.69978192546654,464.66299437723507,269.03444525109876,261.25446907649126,270.70550453447464,294.4603033224135,301.38367161610137,297.9457305404044,332.6383191666018,353.29574553976283,352.65837286096854,299.9050614026623,340.20925638902946,353.2506050728781,379.2548099381023,309.155391645079,340.3330980320189,346.40544515384903,303.1963270703759,306.7513851665699,343.62284580153465,320.51832003009196,296.79094779471876,340.35341309047755,293.56413717730004,302.4227294044719,335.8692584534363,370.3290503226051,304.91127986388165
photo_watch,246.6348695016842,470.5979746532635,408.26145998397476,398.0893008507891,428.9709328477463,256.19843264997314,554.5784140700761,298.6650245592692,272.70166701526,384.0068135257249,395.81239832391947,386.03718989332395,364.88763703147885,233.1561716404674,436.5236772716211,226.62572185882493,0.0,322.21343335061414,446.11296335016795,288.4830707292925,398.5538231332807,389.8317209337416,259.4198594561612,391.3658401179071,266.6650862179181,400.27180014142186,417.6684083873196,374.5009939799427,441.2528500682032,330.2537641463644,447.6804302849702,285.2979857434844,297.4941851178763,416.8259650086649,425.9886581109961,382.52189908124984,388.8562242098061,198.70769576095935,402.52248189611015,411.24377032202227,389.66728342850803,376.73269567773986,404.2735731037793,300.5285943554827,363.3174075225358,389.44855730611556,285.0096486985249,384.47707920949847,436.163733316329,229.64969073725743,373.98370969437065,293.2243830245065,254.02324149548238,236.6539320365408,266.8274406752295,412.9744992045856,229.5031636881173,373.6182607101476,240.15173954538682,398.168279194077,341.77879681810265,236.64705480527698,233.60991014491646,258.93171887688027,244.20061042984628,361.06479914133666,414.97018973982193,362.9953583784298,410.26965987145627,240.07132261463968,264.14217767254013,262.9671551909516,313.8726368651451,321.3500267204222,317.23985594149974,342.6290764904828,362.6846090558102,362.2379503479384,319.72398103867005,350.3785449142039,361.1787161184301,383.65189863233644,328.26040767012967,352.74019970407477,355.6915777406498,322.8601525695373,325.6318699364236,353.58999665318396,333.5242706315998,316.75139582922145,350.71639513253245,313.9405231007546,321.41422673085304,346.05985725295005,378.10121368928463,324.08194428989236
photo_key,294.35461016913615,458.1932303238122,335.13851928051105,328.85659079288064,523.8626387735035,294.60596657644334,625.2972106534947,344.41811144565673,264.95655955081577,303.5027011504669,320.32655757378114,285.2773411587417,462.14364145783014,287.5852072597168,594.742397999782,319.2960200930147,322.21343335061414,0.0,381.1644896447708,247.08657727724722,311.49443833435606,344.6424071272254,292.14196842555634,343.63397779245634,304.68713005569356,369.9985379331548,268.08401243580556,300.75210608510065,537.0190758930715,326.1506341926689,617.7115596514616,326.06984577012247,249.66832516521106,326.6752076283037,533.5812255875078,255.22371194247972,302.2273041667611,311.2134133245283,474.61936106572193,568.5094485878703,527.5843678364947,175.122074449151,268.7560905382101,250.67128654284417,259.62050074951003,284.76139969603673,256.7109932789149,309.37653231744173,403.10016991485645,333.4162102362987,241.57087111084678,336.4826235379947,381.49888968431145,322.182756216647,289.2561866020979,535.5365355348591,349.0349830133886,291.73480233589027,334.79865120149054,238.75227239084518,408.10780262507956,328.18872387267845,352.2815942019735,379.055412218791,407.90644741128324,210.15885808340724,276.3472685708881,242.25871588589285,542.3125802273463,310.41215850287256,270.14134433701406,340.9762582066443,292.29591001433715,289.3788447061384,288.13391008096255,253.7587063890866,246.89668159702038,260.85913205095267,302.2667456215277,267.1289034455474,246.24397428053172,265.2621363210471,273.757268542285,264.73645704794444,261.2121453372835,289.04303162602844,283.76835957842394,255.1769802865952,278.93531232178293,291.1976804181816,265.00874524476774,294.5673502564579,287.93689210667225,273.38158505570544,258.86458597838066,294.27912054881153
photo_truck,432.89794623981356,518.2694095577515,435.7182996410413,426.04657062448973,589.5339778011016,418.4125569659831,642.2589816860366,477.4209594775879,428.7232715468882,413.37894758048816,420.7028049877157,425.1386488958748,556.8372016007635,431.924727329422,642.4248465088775,456.41604998150893,446.11296335016795,381.1644896447708,0.0,395.8423982248183,425.38906171699585,430.97105404615127,435.4854580496509,435.761667556711,435.62888441229927,456.3597565071861,437.68443063619276,411.49569529722515,598.7905016022819,423.1296371416987,655.047304055175,452.55344475999334,424.05784030716234,424.710058762381,595.9781832257363,404.9300574815494,418.0194133694591,437.2932787023399,512.9016839425964,623.4472277367904,590.3380987976262,423.4256643417099,394.919746070444,407.5364119530012,402.21495084364346,401.7139441971778,429.7651087613699,419.2307602734487,458.9713392165714,454.50568663707276,415.47532912470064,445.19671440690536,493.64366772786235,452.64009575723895,425.3784927129639,602.2127874853998,475.9455683702456,407.319822136633,460.9349002832045,406.4892540555958,518.5228016068689,458.681982088914,469.80366421626115,484.35461867784704,506.55746485230816,422.94048519564586,329.52130079464513,401.7610068355093,606.5726487507995,443.17793884814745,428.7147813014388,457.5093685855167,463.00916473336736,465.3242755345966,459.2142455668275,435.319843877498,432.8911468851714,439.08260665942623,470.7397661281622,440.37323709664497,428.02815332816704,429.12347328499504,455.942926715507,439.3386201906592,434.65647823812253,460.18309898721054,461.5363581714664,435.9543470781172,447.398284693089,463.40550952296604,437.3794465614024,465.63488069188014,460.694894682709,444.9439035222502,437.60083908173453,462.4732442478305
photo_velo,258.69070080958835,397.9548452118591,297.66497681475835,298.490264709833,462.805694784033,292.2771649529037,555.3516227843194,345.18267729487195,274.3666622218739,272.4448261103386,321.69459012557144,284.0717788481367,386.45479626395917,268.66764345129235,536.5977855220392,307.70197948223455,288.4830707292925,247.08657727724722,395.8423982248183,0.0,292.28296602415645,304.2537541318756,257.9370342648229,297.73036067337006,281.4806706077553,318.7808239977137,346.3123822288013,294.5667558032049,484.94352882136445,321.1330311647184,559.5832635401083,288.3752752956191,276.24450889631987,314.6668069586127,480.8473785768765,293.39897145701804,267.70797414526373,288.3398834276192,419.33704539921393,522.5307022479029,474.49882001781634,289.41419501330256,269.77332109087286,170.62619513244152,279.1861206612981,269.597299321401,271.29471060735295,289.3279017146581,370.51294700721996,319.30756561167965,315.4103385768469,345.1181005695347,346.33349135269253,316.6196521348841,268.80192112193936,484.7244120137869,338.0012022373965,272.99612689292604,328.8995354480013,300.5795295095948,360.8889210660327,316.3653347087592,346.7463341448332,361.42361108662135,392.1474779012429,300.60408478928775,320.934981467919,239.3526918938971,488.42867250723174,284.11701246374935,261.8291754042081,341.97204462897906,323.9835692663919,330.64048820053137,321.70869736997116,314.0043728141297,317.221052166765,329.0853709844335,332.6450421265781,323.9745188589935,314.4210464796655,315.60195112041816,324.3697730623504,328.6572561743594,322.45902295631856,326.05639193792956,329.9724816932877,319.68096003205517,320.42045725937095,329.5076304449316,312.458312022389,325.9914630378216,327.766536930201,330.4248069347094,324.43432538190655,327.9807356029642
photo_road,359.2818689772202,417.8778574311316,246.54671210737993,276.64151139089637,570.5473099577392,376.5930153531068,576.9676942942388,408.6511383782934,353.0711958448815,270.8935102395315,328.0892619304667,286.9794478768664,487.3471913415469,361.33875643597116,642.5714487093285,412.6745608557089,398.5538231332807,311.49443833435606,425.38906171699585,292.28296602415645,0.0,312.8662693300202,337.12026271372696,298.5834713572661,384.31625202880684,326.8155703692702,348.3602804860377,291.20129723403136,590.3225178336146,339.6779487144171,653.9250272224176,391.86622264251736,365.3593518613669,313.8939984732642,590.9359869864243,312.6177442043435,278.4765602414856,390.938915324789,449.3827755042587,641.0443280251508,585.0369884642047,326.95295167322297,268.48344109121797,304.85848298795037,277.9218194744674,257.1997246021841,354.54725818340415,300.43702906756613,386.9476239583674,433.0070728743562,332.0863653270332,405.7538626873239,461.32393085354164,416.8602403368063,354.91494288487706,597.5387641838406,434.15189346486466,278.9855771978089,434.8678441451641,312.59261352150435,477.6498050834499,426.6084991738941,446.8578923239388,474.55374938545776,503.7318904954507,328.11474344947834,320.76900602270655,282.71156109344247,599.8796809789931,385.07986912319853,371.5836538133405,425.9484465751076,382.3005750669501,385.09493326860417,376.3247815261704,342.07248961961125,332.5600897828289,344.754850553909,389.8010330393834,347.8572294954932,328.7724528573489,313.0322781840363,374.54843373560607,352.2169823777568,341.6171156900581,379.4212095693946,380.25678281243665,341.8097564909784,357.1860145119769,384.8370739575961,335.93152322391705,385.5859373803264,379.8984956862803,357.21744937701135,329.91445189039445,379.64048150468494
photo_house,336.97414612162277,308.0524739571141,288.1979013515419,284.14842716166055,474.8920887142495,396.08650640272947,499.36554418826586,464.0210199192015,377.0983145404038,275.5360362177244,340.11133814920277,319.1253196958231,430.4570846071317,368.2328721554241,573.0162354594171,426.011714884401,389.8317209337416,344.6424071272254,430.97105404615127,304.2537541318756,312.8662693300202,0.0,368.51189871148847,267.0894076469004,372.7480440877541,270.27959714891335,411.9108436845229,310.18359559377933,498.49097736065477,372.88302911470413,594.0461415759302,344.72792637778423,385.5436528623998,325.8945617703186,496.72154191408725,360.9976698175601,275.6509096147215,397.2537711582188,388.64918437003814,571.0958910520226,496.9714752714521,382.792598451596,317.37781808531906,342.2859006549698,332.910876912546,291.41036943608344,410.40159539945944,284.82875332822545,356.5105904323464,431.1884358379832,399.4247081013994,449.2339966512423,436.7848136059466,440.50071659886424,333.62182259046244,506.5431956158853,465.9760235434673,284.4954098778528,451.2597440207535,360.51000037918277,408.07297237719,443.5621527426765,472.6393701410906,473.2384244851723,503.61940449096414,400.75474657844813,391.45162215536135,329.78646418471254,513.6635583423197,366.8891446548202,393.2617375536678,462.6100697458921,463.6155484507992,468.46008686563056,459.98579875627377,428.7245581682483,419.7406218689875,435.9416864500952,472.8126307955724,438.88286425196645,415.7302822359066,400.50056802019486,458.38841538475003,442.68661179486645,432.9285567992256,463.8621577080935,464.9989847785149,430.5272235475436,446.9300111789822,467.8668281337145,425.80766274223305,466.7973866508477,464.91057131172744,448.0902385583817,419.3063855085105,465.2551613284538
