,square,rectangle,parallelogram,losange,isoTrapezoid,kite,rightKite,rustedHinge,hinge,trapezoid,random
square,10.80386571699781,11.629080760158445,12.011572737217165,12.544332834400658,11.418608471464418,11.29208671814118,11.235782535684123,11.816605602596486,11.676253301661102,11.554519928887574,12.022711304627904
rectangle,11.629080760158445,10.852595761974255,11.451461352874256,12.005375409189222,12.08388789866405,11.734438474924275,11.737653407578277,11.568539312018117,11.310354674928554,11.854338967552712,12.295043811215782
parallelogram,12.011572737217165,11.451461352874258,11.056487426519194,11.741303955328332,12.308249000295772,12.12745300302488,12.026928363131438,11.829381267757125,11.566000324222436,11.909571982565696,12.30317276433757
losange,12.544332834400658,12.00537540918922,11.741303955328332,11.336741583816845,12.574932142878469,12.578306090117511,12.511327204268463,12.104079299555266,11.939946841544565,12.135636724625973,12.189141097100112
isoTrapezoid,11.418608471464418,12.08388789866405,12.308249000295772,12.574932142878469,10.87631177388607,11.46002318934696,11.44067037972297,12.195474920742067,12.099235664730697,11.616292584473983,11.88562767050607
kite,11.29208671814118,11.734438474924277,12.12745300302488,12.578306090117511,11.46002318934696,10.889083434786576,11.275961864118859,12.058249548388844,11.930714811319845,11.857894657460001,12.214164314571024
rightKite,11.235782535684123,11.737653407578277,12.026928363131438,12.511327204268461,11.44067037972297,11.27596186411886,10.93507964399261,12.00868028415166,11.86843153007634,11.611135400393266,12.132796320685761
rustedHinge,11.816605602596486,11.568539312018116,11.829381267757125,12.104079299555268,12.195474920742067,12.058249548388845,12.00868028415166,11.106951352393658,11.227944234798054,12.00035902549844,12.185638270622576
hinge,11.676253301661102,11.310354674928556,11.566000324222436,11.939946841544565,12.0992356647307,11.930714811319845,11.86843153007634,11.227944234798052,10.905198495954519,11.840238225054323,12.101719443792762
trapezoid,11.554519928887574,11.854338967552712,11.909571982565696,12.135636724625973,11.616292584473983,11.857894657460001,11.611135400393266,12.00035902549844,11.840238225054321,11.103229756856596,11.721540769313965
random,12.022711304627904,12.295043811215782,12.30317276433757,12.189141097100112,11.88562767050607,12.214164314571024,12.13279632068576,12.185638270622576,12.101719443792762,11.721540769313965,11.18236312732257
