,square,rectangle,parallelogram,losange,isoTrapezoid,kite,rightKite,rustedHinge,hinge,trapezoid,random
square,6.006398247844945,6.87836060063913,7.581573774821847,7.8268627269556275,7.008023155880766,6.908625927976337,6.81935924276201,7.316280747574117,7.2054359203077425,7.0107673672709385,7.429377407536684
rectangle,6.878360600639129,6.008209264688445,6.974468343824111,7.423085381869667,7.691862556496258,7.227614858496206,7.231116050487243,7.030944994739997,6.853337396219171,7.309437818119515,7.711592123049544
parallelogram,7.581573774821847,6.974468343824109,6.334215786673715,6.871118892684656,7.89900024322802,7.596095948910844,7.523962630486138,7.311402574048731,7.174506890464769,7.3204523287019585,7.588608560188381
losange,7.826862726955626,7.423085381869669,6.871118892684656,6.240019082964167,7.9038672715331755,7.7477508672454976,7.681639772531857,7.410927424173311,7.342518601879422,7.26962408977351,7.262858884222177
isoTrapezoid,7.008023155880766,7.691862556496258,7.89900024322802,7.9038672715331755,6.321450743365582,7.051303441252677,6.89040403853791,7.78469584929488,7.758070610400741,6.986511283440585,7.238023220380906
kite,6.908625927976337,7.227614858496206,7.596095948910843,7.747750867245498,7.051303441252677,6.291350973254586,6.663575957800479,7.462083793559934,7.380754830493888,7.288691907455005,7.459396410744934
rightKite,6.81935924276201,7.231116050487243,7.523962630486138,7.681639772531857,6.89040403853791,6.663575957800479,6.18594685656935,7.476675687568697,7.413932071370417,6.932726035411601,7.328375948231965
rustedHinge,7.316280747574115,7.030944994739997,7.311402574048732,7.410927424173311,7.78469584929488,7.462083793559936,7.476675687568696,6.234687486142566,6.40157968964667,7.474474385474297,7.416498674831361
hinge,7.205435920307742,6.853337396219171,7.174506890464769,7.342518601879422,7.758070610400741,7.380754830493888,7.413932071370416,6.40157968964667,6.167119747388936,7.403296305660639,7.367944611251029
trapezoid,7.010767367270938,7.309437818119513,7.3204523287019585,7.26962408977351,6.986511283440585,7.288691907455004,6.932726035411601,7.474474385474297,7.403296305660641,6.3263372342579975,6.8603217759953505
random,7.429377407536684,7.711592123049544,7.588608560188381,7.262858884222177,7.238023220380907,7.459396410744934,7.328375948231965,7.416498674831361,7.367944611251029,6.860321775995352,6.194696998148625
