,square,rectangle,parallelogram,losange,isoTrapezoid,kite,rightKite,rustedHinge,hinge,trapezoid,random
square,8.829241021500714,9.458728064079903,9.773869284027318,10.221019798182546,9.291840372573079,9.16823860623232,9.161119853646378,9.666092876814842,9.51845818577141,9.42998846688113,9.760606368649876
rectangle,9.458728064079903,8.892092979554073,9.40526350235503,9.867687088387694,9.814630097740404,9.53956798604826,9.564966461576207,9.484768740061268,9.26415137593785,9.684966566840554,10.004780866784353
parallelogram,9.773869284027318,9.405263502355032,9.083722347751733,9.658595482624683,9.995373517012824,9.86207444867476,9.802423187017249,9.718836681770144,9.499417105746806,9.750918165056142,10.041188064264558
losange,10.221019798182546,9.867687088387694,9.658595482624683,9.319944861486615,10.23580189580797,10.23829827745881,10.211435075641832,9.94630096061739,9.811201164171369,9.949707973377977,9.992545788835953
isoTrapezoid,9.291840372573079,9.814630097740404,9.995373517012824,10.23580189580797,8.8952885145167,9.31111246691928,9.33616304827674,9.955881735726209,9.840061690030879,9.474477922129738,9.67497768569719
kite,9.168238606232322,9.539567986048262,9.86207444867476,10.23829827745881,9.31111246691928,8.839161015935879,9.168358596145138,9.819008856538524,9.690699529783089,9.63314636475876,9.887184829184681
rightKite,9.161119853646378,9.564966461576208,9.80242318701725,10.21143507564183,9.33616304827674,9.168358596145138,8.938365127675494,9.819648315634595,9.677624358304476,9.477832283975586,9.862238688559508
rustedHinge,9.66609287681484,9.484768740061268,9.718836681770146,9.94630096061739,9.955881735726209,9.819008856538524,9.819648315634595,9.157508350567552,9.227771700595452,9.85125573663059,9.972206018729956
hinge,9.51845818577141,9.264151375937852,9.499417105746804,9.811201164171369,9.840061690030879,9.690699529783089,9.677624358304477,9.227771700595452,8.962620261237806,9.697713492011886,9.87945790201707
trapezoid,9.42998846688113,9.684966566840556,9.750918165056142,9.949707973377977,9.474477922129738,9.63314636475876,9.477832283975586,9.85125573663059,9.697713492011886,9.088727386788822,9.581360889790936
random,9.760606368649876,10.004780866784355,10.041188064264558,9.992545788835953,9.67497768569719,9.887184829184681,9.862238688559506,9.972206018729956,9.87945790201707,9.581360889790936,9.134748886595267
