,square,rectangle,parallelogram,losange,isoTrapezoid,kite,rightKite,rustedHinge,hinge,trapezoid,random
square,7.338058919295321,8.10955082154214,8.748058857397401,9.210725061257591,8.106761522289117,8.093012030635604,7.93426355555503,8.471089425477318,8.465063681295787,8.24419668947211,8.779283183539311
rectangle,8.10955082154214,7.344204130902663,8.206530171034963,8.817365441611454,8.760032942507673,8.485812132953285,8.379021602072266,8.263943920115388,8.140589609243712,8.526412440187126,9.103566127040839
parallelogram,8.748058857397401,8.206530171034963,7.310689371829434,7.96306386323024,8.973624199690864,9.006793946653168,8.677587731121221,8.539726417090376,8.42877405789348,8.307535961156278,8.78551805451943
losange,9.210725061257591,8.817365441611454,7.96306386323024,7.33542301641184,9.12931547970983,9.355287167740176,9.062311575305397,8.755033967338079,8.762661805454687,8.398738210345464,8.541724389180073
isoTrapezoid,8.106761522289116,8.760032942507673,8.973624199690864,9.12931547970983,7.30434569708474,8.114625038782817,7.997742918894261,8.83957300427248,8.916465152149733,8.146055593710972,8.424237337569334
kite,8.093012030635604,8.485812132953285,9.006793946653168,9.355287167740176,8.114625038782817,7.496895627402194,7.904551337364374,8.852349823149744,8.892489993246729,8.692760279981655,9.06697867615059
rightKite,7.93426355555503,8.379021602072266,8.67758773112122,9.062311575305397,7.997742918894261,7.904551337364373,7.347526904829605,8.766112675366434,8.795067358017448,8.14193898091161,8.732586016336034
rustedHinge,8.471089425477318,8.263943920115388,8.539726417090378,8.75503396733808,8.839573004272482,8.852349823149742,8.766112675366434,7.323797579857868,7.656288180349486,8.665857446058759,8.818882521356299
hinge,8.465063681295787,8.140589609243712,8.42877405789348,8.762661805454687,8.916465152149733,8.892489993246729,8.795067358017448,7.656288180349488,7.5079372127049036,8.662892163630968,8.865196226628472
trapezoid,8.24419668947211,8.526412440187128,8.307535961156276,8.398738210345465,8.14605559371097,8.692760279981657,8.14193898091161,8.66585744605876,8.662892163630968,7.388016176565729,8.011186885568648
random,8.779283183539311,9.103566127040839,8.78551805451943,8.541724389180073,8.424237337569334,9.06697867615059,8.732586016336034,8.818882521356297,8.865196226628472,8.011186885568648,7.455902482188821
