,square,rectangle,parallelogram,losange,isoTrapezoid,kite,rightKite,rustedHinge,hinge,trapezoid,random
square,7.186521095885775,8.04909247171794,8.735096546416532,9.274248140505597,8.119166228363023,8.087594344248286,7.954118774418982,8.458270988369678,8.427266623253335,8.218015938501608,8.785096920067257
rectangle,8.04909247171794,7.2067744641386655,8.161731812727435,8.886126365927119,8.856440102520514,8.511582248620606,8.439336616401173,8.233333096654901,8.074288135793669,8.54424793610951,9.155307835348097
parallelogram,8.735096546416532,8.161731812727435,7.336913507074056,8.018250789002664,9.034579445835883,8.910543345006564,8.683129937871835,8.509714547252646,8.36558399297341,8.331776139180759,8.82943384613461
losange,9.274248140505597,8.886126365927119,8.018250789002664,7.259672040405295,9.20245065984419,9.265735131098365,9.051014924046687,8.78368181165625,8.754738042019445,8.397550884055267,8.510165977948613
isoTrapezoid,8.11916622836302,8.856440102520514,9.034579445835883,9.20245065984419,7.36257540399773,8.14989678676239,8.027496294006873,8.884141502100231,8.945586664764429,8.156645489001297,8.42803481021066
kite,8.087594344248288,8.511582248620607,8.910543345006564,9.265735131098365,8.149896786762392,7.45405433140795,7.867623272743163,8.782402701366408,8.775665463352103,8.596266527756923,8.907882604812293
rightKite,7.954118774418983,8.439336616401171,8.683129937871835,9.051014924046687,8.027496294006873,7.867623272743163,7.314014939018111,8.686081639327012,8.70140677753405,8.106350130647687,8.655619365116172
rustedHinge,8.458270988369678,8.2333330966549,8.509714547252646,8.78368181165625,8.884141502100233,8.782402701366408,8.686081639327014,7.3014555516419986,7.6095127822634785,8.607313076205246,8.773292741980816
hinge,8.427266623253335,8.074288135793669,8.36558399297341,8.754738042019445,8.945586664764429,8.775665463352105,8.70140677753405,7.609512782263478,7.428239039832238,8.596721058561888,8.808759826657345
trapezoid,8.21801593850161,8.54424793610951,8.331776139180759,8.397550884055267,8.1566454890013,8.596266527756923,8.106350130647687,8.607313076205246,8.596721058561888,7.338853948743061,7.980769949610125
random,8.785096920067257,9.155307835348097,8.829433846134611,8.510165977948612,8.42803481021066,8.907882604812293,8.655619365116172,8.773292741980816,8.808759826657345,7.980769949610125,7.354863783224909
