,square,rectangle,parallelogram,losange,isoTrapezoid,kite,rightKite,rustedHinge,hinge,trapezoid,random
square,7.968941596552508,9.107864032206999,10.352438244037616,11.159532531892083,9.640863017025413,9.558911031035423,9.471375667429053,10.175321048139331,10.009793415545055,9.786315945159828,10.809111482407673
rectangle,9.107864032206999,7.956273484424623,9.598651367311735,10.638580337859779,10.514644793995505,10.010674998970503,10.067290233348249,9.889802341007073,9.568974859325529,10.125615561798538,11.147350038672347
parallelogram,10.352438244037614,9.598651367311735,8.226122354916065,9.151692457142833,10.577163622825502,10.460545451351555,10.339179916729734,10.130834933457917,9.975726619399028,9.679047720553015,10.44626757724278
losange,11.159532531892083,10.638580337859777,9.151692457142834,8.311788699709993,10.845048754185697,11.038289865697203,10.874151649496687,10.495038517847897,10.51494181685528,9.830576323219375,10.07583135288706
isoTrapezoid,9.640863017025413,10.514644793995506,10.577163622825502,10.845048754185697,8.337444336802667,9.523169953170198,9.3609485900293,10.628892412719527,10.683299100751062,9.41707357722169,10.059589577021494
kite,9.558911031035423,10.010674998970503,10.460545451351553,11.038289865697205,9.523169953170196,8.505382697144471,9.193419406467594,10.396981531771534,10.329923036362167,10.149429494261986,10.713210712685452
rightKite,9.471375667429053,10.067290233348249,10.339179916729734,10.874151649496685,9.3609485900293,9.193419406467596,8.463128921046271,10.41758719606041,10.373871378685656,9.518899610048898,10.417105033604418
rustedHinge,10.17532104813933,9.889802341007073,10.130834933457919,10.495038517847897,10.628892412719527,10.396981531771534,10.41758719606041,8.48550919898923,8.802218645819867,10.327614853488008,10.528295117788211
hinge,10.009793415545055,9.568974859325529,9.975726619399028,10.514941816855282,10.68329910075106,10.329923036362167,10.373871378685656,8.802218645819867,8.493031638005979,10.287611028697254,10.56376759583961
trapezoid,9.786315945159828,10.125615561798538,9.679047720553015,9.830576323219377,9.41707357722169,10.149429494261986,9.518899610048898,10.327614853488008,10.287611028697254,8.381549849839345,9.428513080759078
random,10.809111482407673,11.147350038672347,10.44626757724278,10.07583135288706,10.059589577021494,10.713210712685452,10.417105033604418,10.528295117788211,10.56376759583961,9.428513080759078,8.587499401396123
