,square,rectangle,parallelogram,losange,isoTrapezoid,kite,rightKite,rustedHinge,hinge,trapezoid,random
square,7.771694890854568,8.498770159507064,9.104530016759844,9.571127950899639,8.561571739818973,8.447588373371968,8.34939004278829,8.879835080399527,8.734194719332312,8.692182388285497,9.163458092628726
rectangle,8.498770159507064,7.754903878472059,8.614978854207687,9.191380526496339,9.188355661107801,8.851281713096432,8.798411842858549,8.651658571698423,8.389672279764236,8.954535521455444,9.46010456733517
parallelogram,9.104530016759844,8.614978854207687,7.898708305601559,8.55026007078135,9.435898159453984,9.422482617087818,9.144929657561724,8.98809914680417,8.739104211773329,8.83009118170086,9.266745778392078
losange,9.571127950899639,9.191380526496339,8.55026007078135,7.925492586129302,9.61549645377775,9.801844992748071,9.547525716784907,9.2188734634705,9.096350624686885,8.918088757345634,9.002309542140553
isoTrapezoid,8.561571739818973,9.188355661107801,9.435898159453984,9.61549645377775,7.987759923619735,8.663787909074754,8.575204417978087,9.389873320693582,9.315466000708328,8.732943890389842,8.997398380301323
kite,8.447588373371968,8.851281713096432,9.422482617087818,9.80184499274807,8.663787909074754,7.982969767825302,8.410393052413365,9.27796030642012,9.190948965610621,9.186178461693137,9.54112851870953
rightKite,8.34939004278829,8.798411842858549,9.144929657561724,9.547525716784907,8.575204417978087,8.410393052413365,7.954250042263386,9.212305702547813,9.100811403697646,8.714783460588727,9.2456819075878
rustedHinge,8.879835080399527,8.651658571698421,8.98809914680417,9.2188734634705,9.389873320693582,9.27796030642012,9.212305702547813,7.909533702186585,8.100529105572829,9.154772275221879,9.297087810007046
hinge,8.734194719332312,8.389672279764238,8.739104211773329,9.096350624686885,9.315466000708328,9.190948965610621,9.100811403697646,8.100529105572829,7.852233961926804,9.010369900111966,9.23010303551098
trapezoid,8.692182388285497,8.954535521455444,8.83009118170086,8.918088757345632,8.732943890389842,9.186178461693137,8.714783460588727,9.154772275221879,9.010369900111964,7.978788985854413,8.547354220768932
random,9.163458092628726,9.46010456733517,9.266745778392078,9.002309542140553,8.997398380301323,9.54112851870953,9.2456819075878,9.297087810007046,9.23010303551098,8.547354220768932,7.961614311252427
