,square,rectangle,parallelogram,losange,isoTrapezoid,kite,rightKite,rustedHinge,hinge,trapezoid,random
square,1.051099462929322,1.2352152189968422,1.4330678745498835,1.5635398707162915,1.2284478468181974,1.2958057381659174,1.2561367065638611,1.3642403879765999,1.36822913482873,1.3179403245279575,1.488795372881428
rectangle,1.2352152189968422,1.0753974786025635,1.306016783666181,1.4438424620397428,1.4027045634334845,1.3724657091284522,1.3432303936908412,1.3386020474952602,1.3052670324230056,1.366811038937556,1.574718303140027
parallelogram,1.4330678745498835,1.3060167836661811,1.2044180247396277,1.3211638346980128,1.5113621982094705,1.5545897494224397,1.4878730737628232,1.4411363793899012,1.4080755041052009,1.3866080363737046,1.5480161258324117
losange,1.5635398707162915,1.4438424620397425,1.3211638346980128,1.250095954702842,1.5931290997175178,1.6626605407878219,1.580674552322051,1.538327414561251,1.5116835004860387,1.4400959478478401,1.53798277535612
isoTrapezoid,1.2284478468181972,1.4027045634334843,1.5113621982094705,1.5931290997175178,1.1113606627549582,1.3238067381054979,1.2639725227714824,1.4442011848822844,1.4739082994837893,1.3241105312935046,1.452885034109316
kite,1.2958057381659174,1.3724657091284524,1.5545897494224397,1.6626605407878219,1.3238067381054979,1.2332666981953142,1.3032069282613017,1.5017756424710011,1.503940207508389,1.483953372405965,1.6204060115704557
rightKite,1.2561367065638611,1.3432303936908412,1.487873073762823,1.580674552322051,1.2639725227714824,1.3032069282613017,1.1806882604845084,1.4543595446180806,1.463713342470863,1.3511857144593662,1.5185847724771957
rustedHinge,1.3642403879765999,1.3386020474952602,1.4411363793899012,1.5383274145612513,1.4442011848822847,1.501775642471001,1.4543595446180806,1.2053441739004105,1.2662977274575002,1.432570868401401,1.5456036523040655
hinge,1.36822913482873,1.3052670324230056,1.408075504105201,1.5116835004860387,1.4739082994837895,1.503940207508389,1.463713342470863,1.2662977274575002,1.233005148493906,1.4265461606400804,1.5421422464690124
trapezoid,1.3179403245279575,1.3668110389375558,1.3866080363737046,1.44009594784784,1.3241105312935046,1.483953372405965,1.3511857144593662,1.432570868401401,1.4265461606400802,1.2110907141114675,1.380145491261751
random,1.4887953728814278,1.574718303140027,1.5480161258324117,1.5379827753561202,1.452885034109316,1.6204060115704553,1.5185847724771957,1.545603652304066,1.5421422464690127,1.380145491261751,1.3057888584256403
