,square,rectangle,parallelogram,losange,isoTrapezoid,kite,rightKite,rustedHinge,hinge,trapezoid,random
square,0.0,0.010691138606716222,0.01583644209984536,0.022742053156625364,0.0067017000618163625,0.004736854729980311,0.0031209836951001657,0.011589969069716655,0.011005459687164376,0.0073277332134555895,0.01482619442543065
rectangle,0.010691138606716222,0.0,0.005935835257873889,0.013900946284709614,0.021849270693714673,0.013031984905911287,0.012100960478789835,0.007131371520884167,0.00450126301378162,0.01267383539567346,0.02204166292883636
parallelogram,0.01583644209984536,0.005935835257873889,0.0,0.00605657650439817,0.023103583827998153,0.018104054246274592,0.015454251003800046,0.0100890896353244,0.007294896625945624,0.011598536572966944,0.019201387097448674
losange,0.022742053156625364,0.013900946284709614,0.00605657650439817,0.0,0.025200162606457743,0.023533978193552407,0.021365540345449574,0.01302290012105145,0.011592114246185226,0.012947376896951579,0.01437571902644963
isoTrapezoid,0.0067017000618163625,0.021849270693714673,0.023103583827998153,0.025200162606457743,2.220446049250313e-16,0.007491620581164593,0.006454704513680465,0.020079284907302153,0.020515086361768353,0.008965880777985213,0.012953927966446566
kite,0.004736854729980311,0.013031984905911287,0.018104054246274592,0.023533978193552407,0.007491620581164593,0.0,0.003336268114879748,0.016473823819721845,0.01603637041110939,0.011698234081740089,0.018075577757976524
rightKite,0.0031209836951001657,0.012100960478789835,0.015454251003800046,0.021365540345449574,0.006454704513680465,0.003336268114879748,0.0,0.014374007286981239,0.013772111459063874,0.007222072291279358,0.0160394506584427
rustedHinge,0.011589969069716655,0.007131371520884167,0.0100890896353244,0.01302290012105145,0.020079284907302153,0.016473823819721845,0.014374007286981239,0.0,0.0011652570312559174,0.012392884377898206,0.016448384322287013
hinge,0.011005459687164376,0.00450126301378162,0.007294896625945624,0.011592114246185226,0.020515086361768353,0.01603637041110939,0.013772111459063874,0.0011652570312559174,0.0,0.011308876963223358,0.0167976357626215
trapezoid,0.0073277332134555895,0.01267383539567346,0.011598536572966944,0.012947376896951579,0.008965880777985213,0.011698234081740089,0.007222072291279358,0.012392884377898206,0.011308876963223358,0.0,0.00737171189742325
random,0.01482619442543065,0.02204166292883636,0.019201387097448674,0.01437571902644963,0.012953927966446566,0.018075577757976524,0.0160394506584427,0.016448384322287013,0.0167976357626215,0.00737171189742325,2.220446049250313e-16
