,square,rectangle,parallelogram,losange,isoTrapezoid,kite,rightKite,rustedHinge,hinge,trapezoid,random
square,0.0,0.0157640660320304,0.01780828734157125,0.020133571410859585,0.022874270053532375,0.019576264235142027,0.0173690785663283,0.023006735977796344,0.0206395130278767,0.02027590587017869,0.02782405734033
rectangle,0.0157640660320304,0.0,0.013177057163439976,0.017598545117291864,0.02033732225445939,0.014408890098323468,0.014572354507711993,0.01819136393905596,0.013098218952541152,0.014086252533478283,0.02130808735278822
parallelogram,0.01780828734157125,0.013177057163439976,0.0,0.005162190983112658,0.02073452850827051,0.015972777750621114,0.01577617740941739,0.017983998057100603,0.014548219915443195,0.011157321632050743,0.017648785296630942
losange,0.020133571410859585,0.017598545117291864,0.005162190983112658,0.0,0.02150983598447842,0.018069420314599793,0.017304471950784217,0.018324598420184635,0.016254860722541564,0.011924230910402067,0.014825574731651026
isoTrapezoid,0.022874270053532375,0.02033732225445939,0.02073452850827051,0.02150983598447842,2.220446049250313e-16,0.010588948674336796,0.008003573867669811,0.014496358115587915,0.014194280599771791,0.010381446872086086,0.014238906878300206
kite,0.019576264235142027,0.014408890098323468,0.015972777750621114,0.018069420314599793,0.010588948674336796,0.0,0.005267521686780907,0.01585581755178833,0.014172477508627601,0.012104962199317448,0.017268648466704173
rightKite,0.0173690785663283,0.014572354507711993,0.01577617740941739,0.017304471950784217,0.008003573867669811,0.005267521686780907,0.0,0.012540503461046293,0.010925887769984377,0.008671235245050646,0.014826951209333528
rustedHinge,0.023006735977796344,0.01819136393905596,0.017983998057100603,0.018324598420184635,0.014496358115587915,0.01585581755178833,0.012540503461046293,2.220446049250313e-16,0.0035882812321226254,0.013057374850935388,0.014199624230907149
hinge,0.0206395130278767,0.013098218952541152,0.014548219915443195,0.016254860722541564,0.014194280599771791,0.014172477508627601,0.010925887769984377,0.0035882812321226254,0.0,0.010676687517215289,0.013240564104649355
trapezoid,0.02027590587017869,0.014086252533478283,0.011157321632050743,0.011924230910402067,0.010381446872086086,0.012104962199317448,0.008671235245050646,0.013057374850935388,0.010676687517215289,0.0,0.008050283958154436
random,0.02782405734033,0.02130808735278822,0.017648785296630942,0.014825574731651026,0.014238906878300206,0.017268648466704173,0.014826951209333528,0.014199624230907149,0.013240564104649355,0.008050283958154436,0.0
