,square,rectangle,parallelogram,losange,isoTrapezoid,kite,rightKite,rustedHinge,hinge,trapezoid,random
square,0.12168848995822734,0.14897502532259593,0.19651070762174064,0.22726996201514132,0.1791041842492639,0.17601606358119035,0.17160674475292906,0.1968226254066965,0.19182546374570525,0.18245792815394785,0.22707287066681894
rectangle,0.14897502532259593,0.12350130276851662,0.17235861621596363,0.2115639989533601,0.2152126034837664,0.1967857881431278,0.1949664521840573,0.1911757991186697,0.18020411484502122,0.20005074791410196,0.24967086966788216
parallelogram,0.1965107076217406,0.17235861621596366,0.14395424003119472,0.16591561394574975,0.22580626813321092,0.2281145644119472,0.2110412258768004,0.21588686778099084,0.203903590523853,0.18252897064369697,0.2233630200595502
losange,0.22726996201514132,0.21156399895336014,0.16591561394574975,0.1415935506186355,0.23620496789197107,0.24949238124798204,0.22777558771056275,0.23002634454446036,0.22274391594398332,0.18249730543828663,0.20151290159492027
isoTrapezoid,0.1791041842492639,0.2152126034837664,0.2258062681332109,0.23620496789197107,0.14324613961914542,0.18139103520944505,0.16670768533456776,0.22545692533828157,0.22362979918288978,0.17305183301191113,0.19504484496665267
kite,0.17601606358119035,0.1967857881431278,0.2281145644119472,0.24949238124798204,0.18139103520944505,0.14164160943967494,0.15414083538340426,0.21641419523597713,0.2156476415737208,0.20901758111480134,0.2374817880237004
rightKite,0.17160674475292906,0.19496645218405734,0.2110412258768004,0.2277755877105627,0.16670768533456776,0.15414083538340426,0.13338636293281342,0.21018361626878052,0.2068840800086764,0.17535558688216796,0.20793183486558564
rustedHinge,0.1968226254066965,0.1911757991186697,0.21588686778099084,0.2300263445444603,0.22545692533828157,0.21641419523597713,0.21018361626878052,0.14741391593270303,0.15400203039375152,0.21830861111965927,0.2268242169046479
hinge,0.19182546374570522,0.18020411484502122,0.203903590523853,0.22274391594398332,0.22362979918288978,0.21564764157372082,0.2068840800086764,0.15400203039375152,0.14816127275910246,0.21111852165514872,0.22381860502143183
trapezoid,0.18245792815394785,0.20005074791410196,0.18252897064369697,0.18249730543828663,0.17305183301191113,0.20901758111480137,0.17535558688216796,0.21830861111965927,0.21111852165514872,0.13435551647456884,0.16777351322290365
random,0.22707287066681894,0.24967086966788216,0.2233630200595502,0.20151290159492027,0.19504484496665267,0.23748178802370035,0.20793183486558564,0.22682421690464788,0.22381860502143183,0.16777351322290365,0.1428867223497207
