,square,rectangle,parallelogram,losange,isoTrapezoid,kite,rightKite,rustedHinge,hinge,trapezoid,random
square,0.1132943736297377,0.13829805654524077,0.17991096411989604,0.20912085215503165,0.1504171144209273,0.14932249153279106,0.14466187790742324,0.17083748497771564,0.16501642646688905,0.15681538868510284,0.1911654129395951
rectangle,0.13829805654524077,0.11517870736044206,0.1541735155111749,0.19074399250658913,0.18528975892059169,0.16776337476713715,0.16524024327023437,0.16406228319533678,0.15235516633615892,0.1714192649680113,0.21178715647878332
parallelogram,0.17991096411989604,0.1541735155111749,0.13403069087825611,0.15551642163695997,0.206713313843962,0.20514531512700826,0.1898015492938984,0.18825565498553937,0.17456147977302466,0.16760371620823106,0.19981314540361958
losange,0.20912085215503165,0.19074399250658916,0.15551642163695995,0.13520555790922306,0.21823209319784764,0.2276686203522468,0.2091967839643901,0.2034928110161727,0.19481271698231903,0.1704638314398951,0.18393854636888612
isoTrapezoid,0.15041711442092734,0.1852897589205917,0.206713313843962,0.21823209319784764,0.12613257451844634,0.1557449118710928,0.1475165839732458,0.19798967571674334,0.19620747708697292,0.15445433234806316,0.17323974135230588
kite,0.1493224915327911,0.16776337476713715,0.20514531512700826,0.2276686203522468,0.1557449118710928,0.1260245822107285,0.1375323684132883,0.19259222026444403,0.1893483650962684,0.18271715645955328,0.2086152741493072
rightKite,0.14466187790742324,0.1652402432702344,0.1898015492938984,0.2091967839643901,0.1475165839732458,0.1375323684132883,0.12132282771637172,0.1863997145310155,0.18209982194196841,0.15556952701552973,0.18737430659706347
rustedHinge,0.17083748497771567,0.16406228319533678,0.18825565498553937,0.2034928110161727,0.19798967571674334,0.1925922202644441,0.1863997145310155,0.12724698258160122,0.13231046120019016,0.1877385300905993,0.1972675048803121
hinge,0.16501642646688905,0.15235516633615892,0.17456147977302466,0.19481271698231903,0.19620747708697292,0.18934836509626843,0.18209982194196841,0.13231046120019016,0.1269963699188143,0.18084245685056272,0.19415179544193048
trapezoid,0.15681538868510284,0.1714192649680113,0.16760371620823106,0.1704638314398951,0.15445433234806313,0.18271715645955328,0.15556952701552973,0.1877385300905993,0.18084245685056272,0.12519428914597872,0.1493998661079824
random,0.19116541293959508,0.21178715647878335,0.1998131454036196,0.18393854636888612,0.17323974135230588,0.2086152741493072,0.18737430659706347,0.1972675048803121,0.19415179544193048,0.1493998661079824,0.13098103116044435
