,square,rectangle,parallelogram,losange,isoTrapezoid,kite,rightKite,rustedHinge,hinge,trapezoid,random
square,0.10005413399058674,0.12167388996643466,0.1525786698786416,0.17637351305916688,0.12424474179192672,0.12243435465211205,0.11884846007505553,0.13996588005304456,0.1354401396606536,0.13048936223853436,0.15501186141528517
rectangle,0.12167388996643466,0.10224875213893884,0.13065552568965025,0.16040122126402168,0.1546445480838121,0.1394276072124432,0.1372763955275643,0.13434148472780458,0.12485113333026422,0.14318187244174785,0.17368308539399976
parallelogram,0.1525786698786416,0.13065552568965028,0.11534267405728449,0.13393128477522656,0.17304138755413345,0.1703089371840578,0.1580955505124338,0.1543770641968647,0.14314455265736978,0.14230953382531128,0.16787637895803864
losange,0.1763735130591669,0.16040122126402168,0.13393128477522656,0.11715752113446418,0.18328316262113886,0.19033016100738562,0.17612544180066844,0.16811437032585713,0.16132549210533512,0.14582079675526313,0.1562983798017602
isoTrapezoid,0.12424474179192672,0.15464454808381212,0.17304138755413345,0.18328316262113883,0.10808781757083567,0.12927016987547868,0.12532327894568496,0.16427096236307706,0.16248309162673416,0.1315568669767044,0.14464443421103018
kite,0.12243435465211208,0.1394276072124432,0.17030893718405782,0.19033016100738562,0.12927016987547868,0.1094905446676658,0.11850833031683859,0.16030504919313096,0.15748616729312587,0.15101230529419674,0.17256173180433595
rightKite,0.11884846007505553,0.13727639552756432,0.1580955505124338,0.17612544180066847,0.12532327894568496,0.11850833031683859,0.10669179211081563,0.15620065351739576,0.15230431115315396,0.1311398378518868,0.15743016281274477
rustedHinge,0.13996588005304456,0.13434148472780458,0.1543770641968647,0.16811437032585713,0.16427096236307706,0.16030504919313096,0.15620065351739576,0.10937454457195057,0.1135053921633118,0.1546995166525286,0.165230145268696
hinge,0.1354401396606536,0.12485113333026422,0.14314455265736978,0.16132549210533512,0.16248309162673416,0.15748616729312587,0.15230431115315396,0.1135053921633118,0.10966151481589018,0.14898582798066026,0.16325068458081768
trapezoid,0.13048936223853436,0.14318187244174785,0.1423095338253113,0.14582079675526313,0.1315568669767044,0.1510123052941967,0.1311398378518868,0.15469951665252857,0.14898582798066026,0.10883692532065291,0.12695939948778875
random,0.15501186141528517,0.17368308539399976,0.16787637895803864,0.1562983798017602,0.14464443421103018,0.17256173180433595,0.15743016281274474,0.165230145268696,0.16325068458081765,0.12695939948778875,0.11418376448014518
