,square,rectangle,parallelogram,losange,isoTrapezoid,kite,rightKite,rustedHinge,hinge,trapezoid,random
square,0.08988516037307039,0.11241837042019955,0.18180126848631273,0.2213964301660076,0.17440421639128784,0.1762745859212007,0.17593637866368342,0.19938756904004423,0.1913886342585951,0.17636246088685317,0.23808880185364517
rectangle,0.11241837042019953,0.09351527388333958,0.15989446251446396,0.2067088576757575,0.2020310305029827,0.19263423271350516,0.19338210587428284,0.19578899381398043,0.18367106126680097,0.1894395281247873,0.2560017190415143
parallelogram,0.18180126848631276,0.15989446251446396,0.1279987236553869,0.15077369067688012,0.2119064309082028,0.21226518994144875,0.20724059583153612,0.20569461239582298,0.19815309368215722,0.16996736004381413,0.2231719123716307
losange,0.2213964301660076,0.20670885767575745,0.15077369067688012,0.12736377742834515,0.22102134830360756,0.2264437554157561,0.2152294872969889,0.2078419345955092,0.2057879888345237,0.17121019521804703,0.193226732969501
isoTrapezoid,0.17440421639128786,0.20203103050298266,0.21190643090820274,0.22102134830360756,0.11230585161218201,0.14468784032223567,0.13507031510818146,0.17964605426499866,0.18021036975843105,0.15239475333554497,0.16464262065528723
kite,0.1762745859212007,0.19263423271350516,0.2122651899414488,0.2264437554157561,0.14468784032223567,0.10754409993529986,0.11404335765445549,0.17480607958472327,0.1717379755193991,0.17460018840934738,0.18751581879689153
rightKite,0.17593637866368342,0.1933821058742828,0.20724059583153612,0.21522948729698896,0.13507031510818146,0.11404335765445546,0.09608862562272795,0.1630058218690544,0.16067134140173667,0.15413377914571716,0.1659679938502266
rustedHinge,0.19938756904004423,0.19578899381398046,0.20569461239582298,0.2078419345955092,0.17964605426499866,0.17480607958472327,0.1630058218690544,0.11026937882810893,0.11630162308379811,0.18950319476213678,0.1750913175156197
hinge,0.1913886342585951,0.18367106126680097,0.19815309368215722,0.2057879888345237,0.18021036975843105,0.1717379755193991,0.16067134140173667,0.11630162308379811,0.111880449189622,0.1861141806816593,0.17614526401551883
trapezoid,0.17636246088685317,0.1894395281247873,0.16996736004381413,0.17121019521804703,0.15239475333554497,0.1746001884093474,0.15413377914571716,0.1895031947621368,0.1861141806816593,0.12105920649009123,0.1581567497917052
random,0.23808880185364517,0.2560017190415143,0.22317191237163064,0.19322673296950102,0.16464262065528723,0.18751581879689153,0.1659679938502266,0.1750913175156197,0.17614526401551883,0.1581567497917052,0.11450276863987995
