,square,rectangle,parallelogram,losange,isoTrapezoid,kite,rightKite,rustedHinge,hinge,trapezoid,random
square,0.10268574232089635,0.12585066013816526,0.15664395484472057,0.18002967169479162,0.12411993300319513,0.12130996575327017,0.11732427214151049,0.14100439146947463,0.13583095836397127,0.13088120065516257,0.1551830165154018
rectangle,0.12585066013816526,0.10530580237287002,0.13228108414574644,0.1608767418165251,0.15654509878497752,0.13951386465774454,0.1370748906044915,0.1354500256816298,0.12483589027030295,0.14371892976978856,0.1746889897842701
parallelogram,0.15664395484472057,0.13228108414574644,0.11701879181361209,0.13440708715304076,0.17639458547346137,0.1715215993108954,0.15939523968556354,0.154231940491381,0.14196073341613316,0.14399786391040978,0.16956389160739746
losange,0.18002967169479164,0.16087674181652506,0.13440708715304076,0.1188317802821033,0.18758558239882622,0.19221086599972295,0.17824141329400536,0.16730392261853425,0.15952116821161247,0.1482094091990165,0.15835397727175335
isoTrapezoid,0.12411993300319513,0.15654509878497755,0.17639458547346137,0.18758558239882625,0.10917900375399094,0.12892517594385913,0.12525770211618714,0.16502291474520747,0.16270789098840593,0.13330512450768373,0.14636112123375195
kite,0.12130996575327019,0.13951386465774454,0.1715215993108954,0.19221086599972298,0.12892517594385913,0.10957871827560195,0.11901992498649684,0.16177203904108683,0.15817119432077476,0.15115699245874786,0.17365287057914736
rightKite,0.11732427214151048,0.1370748906044915,0.15939523968556354,0.17824141329400536,0.12525770211618714,0.11901992498649684,0.10796638153575541,0.1574852526706362,0.15293427499286505,0.1313337416903819,0.15885336834017855
rustedHinge,0.1410043914694746,0.1354500256816298,0.154231940491381,0.16730392261853427,0.16502291474520744,0.16177203904108683,0.1574852526706362,0.11137092705435366,0.11503305817170262,0.15342004671436935,0.1650111659042641
hinge,0.13583095836397127,0.12483589027030295,0.14196073341613316,0.15952116821161247,0.16270789098840593,0.15817119432077473,0.15293427499286505,0.11503305817170262,0.11084046741868164,0.146959591643659,0.16269906752528146
trapezoid,0.1308812006551626,0.14371892976978856,0.14399786391040978,0.1482094091990165,0.13330512450768375,0.15115699245874784,0.13133374169038192,0.15342004671436935,0.146959591643659,0.11030708295724168,0.1279940343456675
random,0.1551830165154018,0.1746889897842701,0.16956389160739746,0.15835397727175338,0.14636112123375195,0.17365287057914736,0.15885336834017855,0.1650111659042641,0.16269906752528146,0.1279940343456675,0.1156223498364872
