,square,rectangle,parallelogram,losange,isoTrapezoid,kite,rightKite,rustedHinge,hinge,trapezoid,random
square,0.11320958698230606,0.138682287764612,0.17994876337260046,0.20636970475012711,0.15511378055872316,0.15520063437596918,0.15106889040162455,0.1786501718305804,0.17365914059922613,0.15900604183609934,0.19692903494375866
rectangle,0.138682287764612,0.11439874556504336,0.15398235693228957,0.18843283303737854,0.18833572069018578,0.1738607545726108,0.17150076469649042,0.17140145324671413,0.16079185714574765,0.17327794662807863,0.2174461226208208
parallelogram,0.17994876337260046,0.1539823569322896,0.1301416367439949,0.1497486611563971,0.20374659951728388,0.20409247141856177,0.19127756369928944,0.19153283564128304,0.18028023866596346,0.1646746405722065,0.1998051158366415
losange,0.2063697047501271,0.18843283303737854,0.1497486611563971,0.12721191253238495,0.2122008324849016,0.22222720142218638,0.20660897260139255,0.20379793669788837,0.1974314431514809,0.1649096180690158,0.18037388393718032
isoTrapezoid,0.15511378055872316,0.18833572069018578,0.20374659951728388,0.21220083248490165,0.12437723263150745,0.15588116739173705,0.14729142666209397,0.20003591741985638,0.19898812466620164,0.15153184639801395,0.171548183345889
kite,0.15520063437596918,0.17386075457261083,0.20409247141856177,0.22222720142218644,0.15588116739173702,0.12573921783048092,0.136922556358718,0.19373451149085363,0.1912312888779392,0.18029987584538945,0.2050748910906053
rightKite,0.15106889040162452,0.17150076469649042,0.19127756369928947,0.20660897260139255,0.14729142666209397,0.136922556358718,0.12015504929617098,0.18777774475087755,0.18435023901337816,0.15470829437509667,0.18503074387916674
rustedHinge,0.1786501718305804,0.17140145324671413,0.19153283564128307,0.20379793669788837,0.20003591741985638,0.19373451149085363,0.18777774475087755,0.1304301928015589,0.13585829862835977,0.19113775774283895,0.19867353869843982
hinge,0.17365914059922616,0.16079185714574765,0.18028023866596346,0.19743144315148092,0.19898812466620164,0.1912312888779392,0.1843502390133782,0.13585829862835977,0.13063097777556268,0.18574701577282274,0.1967492685807764
trapezoid,0.15900604183609934,0.17327794662807863,0.1646746405722065,0.1649096180690158,0.15153184639801395,0.18029987584538945,0.15470829437509664,0.19113775774283898,0.18574701577282274,0.12114132091214669,0.14879288385186606
random,0.19692903494375866,0.21744612262082086,0.1998051158366415,0.18037388393718035,0.17154818334588898,0.2050748910906053,0.18503074387916674,0.1986735386984398,0.1967492685807764,0.14879288385186606,0.12866962770636736
