,square,rectangle,parallelogram,losange,isoTrapezoid,kite,rightKite,rustedHinge,hinge,trapezoid,random
square,0.2234169121493741,0.24683464476168607,0.2632845185251673,0.28111975640822934,0.2393115073063537,0.2354133770130659,0.23259971208291422,0.25357823505753535,0.24962998486906518,0.24286315668475725,0.26132149195363114
rectangle,0.24683464476168607,0.22242964036522206,0.2423768387901965,0.26141138136878844,0.2674863892226891,0.25422069526598584,0.25236009524047487,0.24356261664077225,0.23506390560178042,0.25486274356121863,0.2739550831311128
parallelogram,0.2632845185251673,0.24237683879019647,0.2321732506665525,0.24966862953703445,0.2754018810966855,0.2705712759648461,0.26445149941070106,0.25624386892119544,0.24737054253542662,0.25828785751909084,0.2744792278198677
losange,0.2811197564082294,0.2614113813687885,0.24966862953703445,0.23594927524984896,0.2822230407011323,0.28457434097926376,0.28064775875453934,0.26297658478221514,0.25828704495176363,0.2633477727343757,0.2648156185844624
isoTrapezoid,0.23931150730635373,0.26748638922268914,0.27540188109668556,0.2822230407011323,0.22430038192476087,0.2412900969521442,0.24061229287392605,0.2701848676179483,0.2683263969689579,0.24556041770209483,0.2560951560926858
kite,0.2354133770130659,0.25422069526598595,0.2705712759648461,0.28457434097926376,0.2412900969521442,0.22622917537192466,0.23474553007822688,0.2657786313263776,0.26265148062477583,0.2544529279541913,0.26982051622703185
rightKite,0.23259971208291416,0.2523600952404749,0.26445149941070106,0.28064775875453934,0.24061229287392605,0.2347455300782269,0.22728062122904155,0.262159163728072,0.2583113056189216,0.2444024520289687,0.2661887753123979
rustedHinge,0.25357823505753535,0.24356261664077225,0.25624386892119544,0.26297658478221514,0.2701848676179483,0.2657786313263776,0.262159163728072,0.23160860597150154,0.23201172768094255,0.2591697887367391,0.2672617471043141
hinge,0.24962998486906518,0.23506390560178048,0.24737054253542656,0.25828704495176363,0.2683263969689579,0.2626514806247758,0.25831130561892157,0.23201172768094255,0.22676645226357253,0.2547653405048603,0.2663340825613522
trapezoid,0.24286315668475725,0.2548627435612186,0.2582878575190908,0.2633477727343757,0.24556041770209483,0.2544529279541913,0.2444024520289687,0.2591697887367391,0.2547653405048603,0.22799076259780995,0.24673658461184853
random,0.26132149195363114,0.2739550831311128,0.27447922781986767,0.26481561858446234,0.2560951560926858,0.26982051622703185,0.2661887753123979,0.2672617471043141,0.2663340825613522,0.24673658461184853,0.2307827075605123
