,square,rectangle,parallelogram,losange,isoTrapezoid,kite,rightKite,rustedHinge,hinge,trapezoid,random
square,526.1419990866406,547.3410815463134,594.1796331119949,621.6563468931621,629.4227868874838,673.5482805627021,674.9401767028443,638.8698111687077,594.7095175851948,575.4475888739844,649.8880727897316
rectangle,547.3410815463133,398.7602838779227,454.5269950414635,498.3714851233613,700.4746363905217,696.2626628646593,695.093341657626,551.449374803539,486.1517204504706,548.9506988546905,661.7893113057133
parallelogram,594.1796331119949,454.5269950414635,413.626066876688,445.7815290760759,723.9853529222706,732.8417572238972,726.9816895252195,574.7415877190496,511.85393657441165,544.0614326019122,645.0896399699617
losange,621.6563468931621,498.3714851233613,445.78152907607586,418.64936977701063,729.6102620965421,751.166005680007,746.7196177344453,595.2953644007912,539.8988135917546,548.7922765243206,629.2741418482121
isoTrapezoid,629.4227868874837,700.4746363905216,723.9853529222706,729.6102620965421,568.6456045310142,674.9472320665468,704.535998551424,744.2782289895497,722.4277808935822,649.1772377577238,662.4980133632517
kite,673.5482805627022,696.2626628646593,732.8417572238972,751.1660056800071,674.9472320665467,659.4602658986985,721.2626296997938,766.2636711128732,737.9758109155011,714.895229425748,760.6838853776296
rightKite,674.9401767028443,695.0933416576261,726.9816895252195,746.7196177344453,704.535998551424,721.2626296997938,698.4490237508508,756.1785352883973,731.2755653913283,702.8498712281553,761.0613734269932
rustedHinge,638.8698111687077,551.449374803539,574.7415877190494,595.2953644007912,744.2782289895497,766.2636711128732,756.1785352883973,546.9391581577988,539.2778191803644,636.4736860742566,702.1132602183911
hinge,594.7095175851948,486.1517204504706,511.8539365744116,539.8988135917546,722.4277808935822,737.9758109155011,731.2755653913283,539.2778191803643,489.36251516993894,587.9322840350989,669.8342522469565
trapezoid,575.4475888739844,548.9506988546905,544.0614326019122,548.7922765243206,649.1772377577238,714.895229425748,702.8498712281553,636.4736860742568,587.9322840350989,515.9924491518817,589.7279432103102
random,649.8880727897316,661.7893113057133,645.0896399699616,629.2741418482121,662.4980133632516,760.6838853776296,761.0613734269932,702.1132602183912,669.8342522469565,589.7279432103102,569.4982153774213
