,square,rectangle,parallelogram,losange,isoTrapezoid,kite,rightKite,rustedHinge,hinge,trapezoid,random
square,2598.6305593778375,2761.899973279063,2986.8844571829686,3133.8359419828857,3063.1621996801696,3232.829177232275,3308.8979519061645,3145.763732360045,2967.815154315473,2830.3302876815956,3268.86712568453
rectangle,2761.899973279063,1743.2572193301075,1946.533436816008,2168.404832050038,3504.8474140748035,3357.8265388673267,3436.5405653765406,2533.69395689106,2211.779567328922,2674.1876216932833,3246.402973323786
parallelogram,2986.8844571829686,1946.5334368160075,1733.2699375328739,1828.5346379330795,3644.479783146001,3507.829966230696,3592.9618427481405,2630.3728036794287,2326.210913649209,2695.9504288082753,3195.608769816007
losange,3133.8359419828857,2168.4048320500383,1828.5346379330795,1732.479264404353,3682.2553198782853,3588.9749816391763,3698.494404556003,2768.4054345481395,2495.10148553226,2756.3897812826567,3156.0242727751797
isoTrapezoid,3063.16219968017,3504.8474140748035,3644.479783146001,3682.2553198782853,2679.1293459571066,3253.2387229676765,3454.95071412684,3656.443776529398,3583.560115410564,3199.3753998770007,3338.437714617209
kite,3232.829177232275,3357.826538867326,3507.829966230696,3588.9749816391763,3253.2387229676765,3191.4895650285875,3500.509282791625,3627.920979032329,3528.7504329573944,3386.014276803179,3686.745741458782
rightKite,3308.8979519061645,3436.5405653765406,3592.9618427481405,3698.4944045560032,3454.95071412684,3500.509282791624,3469.867881523823,3628.8436329168057,3556.0373133164903,3426.275131123908,3785.6119047895286
rustedHinge,3145.763732360045,2533.69395689106,2630.3728036794287,2768.405434548139,3656.4437765293987,3627.920979032329,3628.843632916805,2615.264480040888,2565.692665683033,3048.1592797286894,3465.4105265439116
hinge,2967.815154315473,2211.7795673289215,2326.210913649209,2495.10148553226,3583.560115410564,3528.7504329573935,3556.0373133164903,2565.692665683033,2327.5636074619597,2860.0778650983407,3334.60441157441
trapezoid,2830.3302876815956,2674.1876216932833,2695.9504288082753,2756.389781282657,3199.375399877001,3386.014276803179,3426.275131123908,3048.1592797286894,2860.0778650983407,2622.3900601299597,3021.407950373597
random,3268.8671256845305,3246.402973323786,3195.6087698160068,3156.0242727751793,3338.437714617209,3686.745741458782,3785.6119047895286,3465.4105265439116,3334.6044115744103,3021.407950373597,3026.251956543005
