,square,rectangle,parallelogram,losange,isoTrapezoid,kite,rightKite,rustedHinge,hinge,trapezoid,random
square,263.8043119157302,277.85570093134106,283.4428885025296,290.5229930191879,275.07868469799735,272.0842451192702,271.09187046481225,280.62324419063015,279.58838231327536,276.0362476078785,282.88658570322724
rectangle,277.85570093134095,262.84113142458335,274.7624015261387,282.3564827049757,287.52675273431345,279.89840740321284,279.7233437374734,275.1553104167533,272.0034208405967,280.9939608261495,288.0612786653443
parallelogram,283.4428885025296,274.7624015261387,268.0801418871815,279.02972528460634,289.59200704199793,285.1941124305856,283.7348071428987,280.3249675643497,277.48986281149575,283.07738055457554,288.94906528389305
losange,290.5229930191879,282.3564827049757,279.02972528460634,271.1168151092298,292.4502843696518,290.62066792284753,290.13416991574053,283.72777839122296,282.2562896088774,285.8935154640121,286.6956311098778
isoTrapezoid,275.07868469799735,287.5267527343134,289.59200704199793,292.4502843696518,266.0247509267521,276.22404877438373,276.0429442617788,288.3211964785112,288.18316017557714,278.7144447588673,282.5807459755358
kite,272.0842451192702,279.89840740321284,285.1941124305856,290.62066792284753,276.22404877438373,265.1214337398575,272.14789912252877,284.40788692886076,283.47858497641175,279.8540365655816,285.0541208765037
rightKite,271.09187046481225,279.7233437374734,283.7348071428987,290.13416991574053,276.0429442617788,272.14789912252877,265.8965778887614,283.2856169143545,282.23322530587467,276.8277159000461,284.7650696560582
rustedHinge,280.6232441906302,275.1553104167533,280.3249675643497,283.72777839122307,288.3211964785112,284.40788692886076,283.2856169143545,268.3684238990649,271.6725812663012,283.17462302840505,286.80056554753367
hinge,279.58838231327536,272.0034208405967,277.48986281149575,282.25628960887735,288.18316017557714,283.47858497641175,282.23322530587467,271.6725812663012,266.47091459472176,281.90338193667986,286.6156930454733
trapezoid,276.0362476078785,280.9939608261495,283.0773805545756,285.8935154640121,278.7144447588673,279.8540365655816,276.82771590004603,283.1746230284051,281.90338193667986,268.0315718455165,279.65467526591846
random,282.88658570322724,288.06127866534433,288.94906528389305,286.6956311098778,282.5807459755358,285.05412087650365,284.7650696560582,286.80056554753367,286.6156930454733,279.6546752659184,269.38869668853556
