,square,rectangle,parallelogram,losange,isoTrapezoid,kite,rightKite,rustedHinge,hinge,trapezoid,random
square,78.6266084325631,89.43653727654562,97.60029149374395,104.14281504787137,87.20063480437075,86.20884736051023,84.60069216919834,92.87714530785163,91.64293561458878,89.09171862404924,96.8133509257654
rectangle,89.43653727654562,77.38113513800431,88.25733158200046,96.9954403255965,99.18744730306022,92.75045636845476,92.17007281210891,89.294584911935,85.624475559962,93.17576058817279,102.1486923552393
parallelogram,97.60029149374394,88.25733158200046,82.42936816748335,90.53827342347299,103.61501830432974,101.05418451084702,98.44779887672546,94.91611784332993,91.32204949417844,93.73571248404512,101.23767955720143
losange,104.14281504787137,96.9954403255965,90.53827342347299,83.57715713606915,106.30155716221037,106.43058605045537,103.98356352016901,98.44332466383354,96.5968934716079,95.23154388389698,97.29282537885643
isoTrapezoid,87.20063480437075,99.18744730306024,103.61501830432974,106.30155716221037,79.24673529741891,88.84983379122608,87.53813685555026,100.36879451794803,100.11454568717006,90.31528890823924,94.91519995476689
kite,86.20884736051023,92.75045636845476,101.05418451084702,106.43058605045535,88.84983379122608,80.30234994009433,85.1037754223351,98.58986179051603,97.72726009724089,95.30823108584389,101.7303093687418
rightKite,84.60069216919834,92.17007281210891,98.44779887672544,103.98356352016901,87.53813685555026,85.10377542233512,80.17104693912997,97.11945323342034,96.02187856318096,90.0170183519913,98.89612164701181
rustedHinge,92.87714530785163,89.294584911935,94.91611784332993,98.44332466383354,100.36879451794803,98.58986179051601,97.11945323342036,80.80690919520303,82.79101953884319,95.50999261266405,99.22446242391746
hinge,91.64293561458878,85.62447555996198,91.32204949417844,96.5968934716079,100.11454568717005,97.7272600972409,96.02187856318096,82.79101953884317,80.10293486075422,93.85915786566781,99.01043815834025
trapezoid,89.09171862404924,93.17576058817279,93.73571248404512,95.23154388389698,90.31528890823924,95.30823108584389,90.0170183519913,95.50999261266404,93.85915786566781,80.79237057687226,89.03294042151343
random,96.8133509257654,102.1486923552393,101.23767955720143,97.29282537885643,94.91519995476689,101.7303093687418,98.89612164701181,99.22446242391746,99.01043815834025,89.03294042151344,82.42212059426981
