,square,rectangle,parallelogram,losange,isoTrapezoid,kite,rightKite,rustedHinge,hinge,trapezoid,random
square,26.15423412981215,30.94855426600672,50.01521203581159,56.97859252610457,48.33104563590267,47.51135553773559,46.99848657419838,52.616851589607386,47.359835992129504,48.86120677819684,57.04189598605489
rectangle,30.948554266006717,26.90384199096975,48.073486467200574,56.182474355533984,51.77699014002008,49.888195886408134,49.933297531598015,53.78432109435893,47.90613165618639,50.675244928904014,59.220052346539596
parallelogram,50.01521203581159,48.07348646720058,35.1795373148964,39.98639843741597,48.9730093024043,48.242560958466385,49.33031129697953,51.85852694250722,49.49678073786175,43.010945460128035,50.202017608891346
losange,56.978592526104585,56.18247435553399,39.98639843741597,34.95906584465946,50.221474365757345,49.903841041535436,50.32612689451311,51.58525301608701,50.933966474823194,44.00244026914764,47.17219735829024
isoTrapezoid,48.33104563590267,51.77699014002007,48.97300930240431,50.221474365757345,31.662066818580126,38.5307504026918,36.87477731341731,47.08753590237795,45.814867383307636,38.28561803818314,41.769997963699986
kite,47.51135553773559,49.888195886408134,48.242560958466385,49.90384104153544,38.53075040269181,31.8970970188976,34.01768662926024,42.54645688698829,40.8177896191901,41.86668251945501,41.915550513768764
rightKite,46.99848657419838,49.933297531598015,49.33031129697953,50.32612689451311,36.87477731341731,34.01768662926025,29.014026518010645,39.97288228525369,38.676643139718244,40.31657856883798,40.92403292183991
rustedHinge,52.6168515896074,53.78432109435893,51.85852694250721,51.58525301608701,47.08753590237795,42.546456886988295,39.97288228525369,31.69035427817288,33.83925700872192,48.543793936553875,43.831102137679395
hinge,47.359835992129504,47.906131656186396,49.49678073786175,50.933966474823194,45.814867383307636,40.817789619190094,38.676643139718244,33.83925700872192,30.906876126094804,46.753627046557376,43.86603275124502
trapezoid,48.86120677819684,50.675244928904014,43.010945460128035,44.00244026914765,38.28561803818314,41.86668251945501,40.31657856883798,48.543793936553875,46.753627046557376,33.25930056605071,41.02116307855392
random,57.04189598605488,59.22005234653958,50.20201760889135,47.17219735829024,41.769997963699986,41.915550513768764,40.92403292183991,43.83110213767939,43.86603275124502,41.02116307855392,31.54300892876683
