,square,rectangle,parallelogram,losange,isoTrapezoid,kite,rightKite,rustedHinge,hinge,trapezoid,random
square,173.8347175932897,196.83895694670116,220.22907537159855,236.31543320727334,198.05508129593665,198.34447724762182,195.089460680136,212.39067570763947,209.26624222594367,202.4802491655091,221.6244475287065
rectangle,196.83895694670116,174.02363518973434,201.86157788605215,223.9464986551322,222.28276885457214,211.266738854834,209.78236567824788,206.89120148250205,199.43551671508567,211.4272864251536,233.84813014707524
parallelogram,220.22907537159855,201.86157788605215,179.73081184066365,198.59263553141395,232.65830691765058,230.40490535611698,222.38245363926094,217.0837764083692,209.87686635307156,207.68447105909527,225.9455522410515
losange,236.31543320727334,223.9464986551322,198.59263553141398,181.4377670209105,239.75504733204858,243.3516634954624,234.32384927286398,226.5126318057389,222.8862193584981,210.80740083626665,218.6889832043679
isoTrapezoid,198.05508129593665,222.28276885457214,232.65830691765052,239.75504733204858,177.6331435865109,201.50761321816506,197.64526991445564,227.5677115719646,227.33970134758366,202.24458350912346,213.09278110679207
kite,198.3444772476218,211.26673885483405,230.40490535611698,243.3516634954624,201.50761321816506,179.2517059725204,190.70085436723377,224.5475031434343,223.4069360820836,218.28093245119274,232.45632777994646
rightKite,195.089460680136,209.78236567824786,222.38245363926094,234.32384927286392,197.6452699144556,190.70085436723377,176.7914721676859,221.0931022229049,219.62063024344604,203.18645619488325,221.73646586790827
rustedHinge,212.39067570763947,206.89120148250205,217.0837764083692,226.51263180573886,227.5677115719646,224.54750314343426,221.0931022229049,177.36443849405913,184.56516559741698,218.69633093818427,225.3386750140637
hinge,209.26624222594367,199.43551671508573,209.87686635307156,222.8862193584981,227.33970134758366,223.4069360820836,219.62063024344604,184.56516559741698,178.8828901245057,215.5752153907977,224.65445141205896
trapezoid,202.4802491655091,211.42728642515354,207.68447105909527,210.80740083626665,202.24458350912343,218.28093245119277,203.18645619488325,218.69633093818427,215.5752153907977,177.6508884024408,196.83440722123748
random,221.6244475287065,233.84813014707524,225.9455522410515,218.68898320436796,213.09278110679207,232.45632777994646,221.73646586790827,225.33867501406365,224.65445141205896,196.83440722123746,182.09882626937306
