,square,rectangle,parallelogram,losange,isoTrapezoid,kite,rightKite,rustedHinge,hinge,trapezoid,random
square,81.72977138835448,91.35149984278829,97.75031544633487,103.35395229022333,88.94533308357339,87.65076199257007,86.428305734882,93.93324278621819,92.88370095776992,90.76904992610933,97.28578870107373
rectangle,91.35149984278829,79.29727916107288,89.17682620123787,96.66409831239496,99.95452136962925,93.46370996861532,93.07158645837882,89.6043974105768,86.35181269920713,94.2128226062146,101.67560148916357
parallelogram,97.75031544633487,89.17682620123787,84.76492154119283,92.04282146524702,102.8089942824153,99.87873790560883,97.92317412843745,94.70162772479019,91.7082186280655,94.77221895654269,100.99323261003647
losange,103.35395229022333,96.66409831239496,92.04282146524702,85.72297058894769,104.7864979007204,104.22853495711469,102.69118389345901,97.53019823705127,96.10245854157344,95.9900011246238,97.07954298673873
isoTrapezoid,88.94533308357339,99.95452136962926,102.80899428241533,104.7864979007204,81.19882444085997,89.69222130736435,88.95174837241841,100.25450217241685,100.17922716705358,91.56401837456946,95.40412055780622
kite,87.65076199257008,93.46370996861532,99.87873790560886,104.22853495711469,89.69222130736435,81.8716495033805,86.47932067347203,97.90837004976913,97.1698184547559,95.1862833923692,100.36744443398987
rightKite,86.428305734882,93.07158645837882,97.92317412843744,102.69118389345901,88.95174837241842,86.47932067347203,82.502892241361,96.72375438065593,95.73882699670345,91.18227184451125,98.73867189364512
rustedHinge,93.93324278621819,89.60439741057678,94.70162772479019,97.53019823705127,100.25450217241685,97.90837004976913,96.72375438065593,82.95821464692361,84.47936456729346,95.74267930327053,98.63602470265042
hinge,92.8837009577699,86.35181269920713,91.7082186280655,96.10245854157344,100.17922716705355,97.1698184547559,95.73882699670345,84.47936456729346,81.89828130386383,94.4423903235977,98.67946640911214
trapezoid,90.76904992610933,94.2128226062146,94.77221895654269,95.9900011246238,91.56401837456946,95.1862833923692,91.18227184451125,95.74267930327053,94.4423903235977,83.58789403352978,90.91545994284043
random,97.28578870107373,101.67560148916357,100.99323261003647,97.07954298673873,95.40412055780622,100.36744443398987,98.73867189364512,98.63602470265042,98.67946640911214,90.91545994284043,83.79811264765152
