,square,rectangle,parallelogram,losange,isoTrapezoid,kite,rightKite,rustedHinge,hinge,trapezoid,random
square,457.71271689849294,526.6587922191399,627.8441850687861,680.0304363636217,591.7060666968964,582.2813712873115,576.7856837245181,635.9911991708519,610.0364269376015,595.0890956433366,667.5746599048265
rectangle,526.6587922191399,456.92880912838103,578.8971408828138,649.6250176501205,651.0233387728498,614.4300821362046,612.5874194604397,623.6630506712904,587.1222270648146,619.0711948097194,698.3231480247861
parallelogram,627.844185068786,578.8971408828138,503.832471521162,564.8114514194436,670.814126968285,659.7431379143675,645.9125798920979,650.4021402329638,623.8776917420347,600.0860366757043,669.9196407153108
losange,680.0304363636217,649.6250176501205,564.8114514194436,505.98168770833274,684.9347512043954,689.5142475284969,673.2761656452899,672.3456279008966,657.6598604130306,603.3855069343406,640.4288628045701
isoTrapezoid,591.7060666968963,651.0233387728498,670.814126968285,684.9347512043954,495.13214916215844,574.886050992306,560.6377495351654,660.4204218030023,654.687963679129,570.369220070382,615.0103808662011
kite,582.2813712873115,614.4300821362046,659.7431379143675,689.5142475284969,574.886050992306,494.38735555003115,531.3869003300831,643.690493876047,633.467077726919,621.0238612165654,663.6637472260168
rightKite,576.7856837245181,612.5874194604397,645.9125798920978,673.2761656452899,560.6377495351654,531.3869003300831,482.7052876408004,625.9521399548852,616.6031548906199,582.2937545428925,637.0705905528831
rustedHinge,635.9911991708519,623.6630506712904,650.4021402329638,672.3456279008966,660.4204218030023,643.6904938760468,625.9521399548852,499.0774220158604,520.0588254862083,645.1189099261148,655.4815134621216
hinge,610.0364269376015,587.1222270648146,623.8776917420347,657.6598604130307,654.6879636791289,633.467077726919,616.6031548906199,520.0588254862083,495.35243217271403,631.1343463527543,651.2330415510851
trapezoid,595.0890956433366,619.0711948097194,600.0860366757043,603.3855069343406,570.369220070382,621.0238612165655,582.2937545428925,645.1189099261147,631.1343463527543,493.534814950864,571.0156889335133
random,667.5746599048265,698.3231480247861,669.9196407153108,640.4288628045703,615.0103808662011,663.6637472260169,637.0705905528831,655.4815134621216,651.233041551085,571.0156889335133,512.3884286377213
