,square,rectangle,parallelogram,losange,isoTrapezoid,kite,rightKite,rustedHinge,hinge,trapezoid,random
square,134.552746121581,145.43268387669784,151.86693182123014,157.89122956308802,143.0795690890001,141.58507593298745,140.55714860336994,148.30334327972125,147.21598821281685,144.48603879943965,151.75847387375947
rectangle,145.43268387669787,133.93682564575232,143.13894690061903,150.89136068055552,154.30983236072566,148.0222551483416,147.65701394415743,144.5944797992404,141.4621981798523,148.67461226632818,156.8643987292312
parallelogram,151.86693182123014,143.13894690061903,139.0749599820327,146.97109796846522,157.78130926386507,154.33090021576038,152.78410205542718,149.12621850943427,146.03803330745504,150.22880049432553,156.64873736514042
losange,157.89122956308802,150.89136068055552,146.97109796846524,142.26110555843647,160.36053696948989,159.44529526580035,158.10645808488255,152.7305843012397,150.84836548892193,152.23128043583833,153.84786927468744
isoTrapezoid,143.07956908900007,154.30983236072566,157.78130926386507,160.36053696948989,136.62180848800972,144.66850588235607,143.92569001532735,155.0816815805474,154.93660382196103,146.57113544420676,150.63546884098443
kite,141.58507593298745,148.0222551483416,154.33090021576038,159.44529526580035,144.66850588235607,137.00354863100128,141.68158709748712,153.11009548371283,152.11677786916496,149.3956134775096,155.44484318212537
rightKite,140.55714860336994,147.65701394415743,152.78410205542718,158.10645808488255,143.92569001532732,141.68158709748712,137.31470750176595,151.78823016445068,150.67779966610925,145.87672804231943,153.81388163586044
rustedHinge,148.30334327972122,144.59447979924042,149.12621850943427,152.7305843012397,155.0816815805474,153.1100954837128,151.78823016445068,139.2776125398995,141.09092903161513,150.5715554446606,154.74316402187205
hinge,147.21598821281688,141.46219817985227,146.03803330745504,150.84836548892193,154.93660382196103,152.11677786916496,150.67779966610925,141.09092903161513,137.52281513755625,149.14211758712545,154.4232911141913
trapezoid,144.48603879943965,148.6746122663282,150.22880049432553,152.23128043583833,146.57113544420676,149.39561347750958,145.8767280423194,150.57155544466056,149.14211758712545,138.9096166157131,147.1966966484306
random,151.75847387375947,156.8643987292312,156.64873736514042,153.8478692746874,150.63546884098443,155.44484318212537,153.81388163586047,154.74316402187205,154.4232911141913,147.19669664843062,140.81914812853896
