,photo_face,photo_profil,photo_eyes,photo_face2,photo_walking,photo_standing,photo_hand,photo_legs,photo_bird,photo_butterfly,photo_girafe,photo_fish,photo_cherry,photo_tree,photo_flower,photo_carrot,photo_watch,photo_key,photo_truck,photo_velo,photo_road,photo_house,photo_mountain,photo_windmill,drawing_face,drawing_profil,drawing_eyes,drawing_face2,drawing_walking,drawing_standing,drawing_hand,drawing_legs,drawing_bird,drawing_butterfly,drawing_girafe,drawing_fish,drawing_cherry,drawing_tree,drawing_flower,drawing_carrot,drawing_watch,drawing_key,drawing_truck,drawing_velo,drawing_road,drawing_house,drawing_mountain,drawing_windmill,geo_face,geo_profil,geo_eyes,geo_face2,geo_walking,geo_standing,geo_hand,geo_legs,geo_bird,geo_butterfly,geo_girafe,geo_fish,geo_cherry,geo_tree,geo_flower,geo_carrot,geo_watch,geo_key,geo_truck,geo_velo,geo_road,geo_house,geo_mountain,geo_windmill,word_face,word_profil,word_eyes,word_face2,word_walking,word_standing,word_hand,word_legs,word_bird,word_butterfly,word_girafe,word_fish,word_cherry,word_tree,word_flower,word_carrot,word_watch,word_key,word_truck,word_velo,word_road,word_house,word_mountain,word_windmill
photo_face,0.0,290.05075479818305,388.5536207461968,318.43849221117404,344.4598675242833,318.3196263820359,235.9127946749613,270.1004484539973,391.8103518107821,386.7868651546256,422.0214767973859,380.6003291956007,328.1216006260346,233.7848875768224,322.09385143178054,328.0883540681662,279.8167650308993,430.9247109370829,433.10515914785447,369.1482668396592,403.71493334228524,315.99511149565694,357.01565127817196,324.0902180518931,319.11204666122734,381.4359177788496,436.0424826442531,394.2927440251272,312.10379928010536,311.5852625661742,344.95253049328875,337.5909561171814,357.59738331370176,431.2780137097543,340.9469128928643,381.5292523038135,346.12304656696057,259.7642083128382,300.40138737983705,340.8721481846977,289.26391594648334,422.56598568573463,413.15480663895096,369.7566207354757,389.08185594351704,364.23815747519694,383.86601586137255,309.25510842831653,429.85272026495676,361.13215127003133,412.56908118484523,387.1230322181617,307.99080008434277,352.84569865023633,322.1564605381749,358.63361164857525,363.1966955963161,388.9527196163976,392.5710871735922,417.91897115451656,389.87255325067684,356.3792414071962,325.4121764977166,352.1421612844645,356.4953884189574,421.71993359651395,424.22510409017525,396.99259371497646,380.9131086696077,326.8010468520032,393.0445097451671,333.48401870743817,359.7046805208242,366.2707329725342,367.2716309603325,383.3014613690491,406.1431593705662,400.8852019486117,357.1638489505334,399.4266172722044,393.0809741285579,389.8594649922599,376.04434028678924,400.7701591417665,402.6786145407388,371.7471737707138,370.3266359270857,399.51420551118866,388.04174706256555,354.45433413686004,397.81583784134483,357.9998911165017,370.8959829128639,391.1306483880059,409.70968380321045,371.6874343562621
photo_profil,290.05075479818305,0.0,356.1563329045729,274.6241292976962,395.3101152295621,397.9926678513153,291.58275446548924,379.3002395796501,408.22868582002474,337.16690445357386,428.64334258611774,412.70567832125784,346.3022386812087,266.13306628549435,406.61379702628625,414.1318481291621,386.10031467295386,439.7279423246768,432.4908933263982,373.46749548783947,368.57351090032563,209.25732066923695,387.204474892001,273.44187274758406,409.4572283533927,320.8510655164993,447.78537617513615,384.5028809266762,372.74621252646693,384.74424319449355,396.9640415549002,356.86415097767986,399.8916529265159,443.22682833479627,391.8756234985475,421.6717497110972,363.1481817156616,381.01355998600155,359.5635583603486,422.1357269022813,395.16846775654165,440.0481401556259,436.1012871762929,369.44776000810253,431.04084603369944,362.06610365841254,427.1407739448933,345.39206038935424,442.46779564854955,435.9635952104745,442.34584100246445,431.10029778851066,381.14386872013915,415.08333622961476,370.3502456583644,434.0499280653981,437.02301453478333,402.1503323512665,421.4954320179179,446.2964660830016,414.7436655159115,422.63513475509296,416.6862976579279,430.2682701787647,430.5294863760568,461.192601476433,452.64497694922886,430.3954478350819,412.2996506896429,360.6521803356714,450.88851839127454,365.7216121819131,432.0678910277426,421.6604964345895,428.1907260622834,421.48452972277113,441.85096807817547,438.0009966609758,422.93791964386327,435.7572424533988,428.9317228963698,428.6862519975247,414.29672531063676,438.54801547172,437.87976568390616,420.91164466823983,425.582084846923,433.33030504834414,423.0786690813642,435.7175812388022,433.3199147719907,433.27407254895763,424.6044352984631,426.5463037668423,447.67403584711445,414.6220632649511
photo_eyes,388.5536207461968,356.1563329045729,0.0,281.54307663687956,424.93882327549363,439.85397525479374,375.4011821748281,433.46335391458604,341.90678426142216,236.93098545335923,391.3006944565854,338.4102991457519,393.5888016104151,368.44549502832194,453.60927751401084,437.64483628756443,420.17633971054534,367.5681035187573,322.3241635578547,280.102094507299,89.8083355147649,328.46088531832595,294.27155402246996,320.038743847629,392.819114144995,402.59126469766676,378.43225609315107,319.4872362405584,414.4839115586653,418.31730208349006,441.2251960492882,428.1868843582484,349.66987544741323,392.86030050994634,440.5032748442636,359.6490368973316,332.7812602827306,386.9711996264351,410.0713304936394,445.7218620327851,400.96525407957915,382.40802209135995,343.5125129271106,255.88909081128853,378.2511162189492,239.70624198718028,379.9757713865851,382.7813974775474,434.58097001724366,442.8305485807854,387.48994967542956,458.6527882600166,399.4287224084538,438.4257646030034,413.0934783588497,450.3350283151483,449.5045734496836,381.40768371055674,439.0618686178171,378.9697546988245,447.8299994588984,421.70243332330307,421.3724914657751,447.2168392354965,436.76714785121396,408.24324584347823,373.3348924827425,347.84498948545314,442.34685172756895,406.7280791988621,402.43574754097074,396.34314413170273,409.28301446240454,401.17858392598197,406.8370605298323,377.8489047582152,380.4588142636555,375.7724424373299,400.5487036375993,377.04144136336663,380.2975535047827,366.7105746819591,389.5333195888698,379.53904562942154,376.40878373622445,397.4362676370115,403.6732097989268,375.622379070541,374.7448441785073,411.42368879619664,372.0896258261742,409.61166041032044,402.14394518109674,369.86819379770174,390.4491503641351,390.53888875398906
photo_face2,318.43849221117404,274.6241292976962,281.54307663687956,0.0,393.9343591119279,405.42023501178045,324.10582085864587,395.1443738184238,358.67303179864194,281.63637835976783,394.908114295553,396.49778560520707,360.10997178980097,308.1396629366802,424.56857091907347,414.8087738250393,396.72030028538984,429.4280357048842,398.6963240387458,352.2882345419233,290.16432789010327,277.4831017429444,361.40765220917416,303.3230004024429,370.3724926503088,381.5649493402011,436.84926343495,333.01309528534506,379.5224758647386,386.37433599471814,415.6650703775615,387.52728527152124,374.6274510717535,408.1387730372369,413.00960029037196,412.6026768136007,343.85462113065,366.11621425555427,376.9855514916535,428.50148277985033,389.4102027390772,430.8692229539412,419.92857664395615,337.5256268158721,404.61713062090564,313.2667486017578,419.0511042223306,347.9218239779049,454.50759504626905,433.0870933089778,432.5334734883606,442.96911326239376,368.74858968760986,414.9451944062679,381.41749484776403,440.51006702908165,444.0948360472392,365.352317177951,428.1389210707158,424.8978769934965,430.68745396776126,410.79251741334315,406.7462567872173,431.74466950428314,432.28055423816403,444.6423275776859,428.8627243708574,404.64222415669786,426.8648407873252,386.8588221642869,426.746384007743,373.9591052889572,416.07606090812544,410.5823550602998,418.5853035861501,408.5886061260283,430.8063211075673,425.0720673559075,408.2001542179092,426.97459482681194,418.4195572202891,412.4640996550125,411.15841853844887,427.3270740016048,426.40146155067936,414.5148683644174,412.2611063793126,421.2678521374758,413.65827637183787,418.46268188846483,420.44111909507086,415.75575830778314,416.0320057997177,413.0411216217129,432.5535868263747,408.3500510828414
photo_walking,344.4598675242833,395.3101152295621,424.93882327549363,393.9343591119279,0.0,305.0171189456623,323.09847413401724,275.8747623812318,364.5980944447809,399.8289814899303,420.8662410249607,361.08255543085795,303.486560538527,321.5945421298249,307.3375429545594,301.66683122994385,308.29105886829103,398.0363782379292,402.0072484081074,372.3537158242978,440.259719109958,417.4990055585361,330.1216612722484,407.2965710062506,296.298944854295,364.3268772492187,390.0721420021343,361.0072527336081,222.77224167659622,336.63950835349334,350.3680112142545,316.1248694022644,321.1746789709982,372.5822035400651,287.79704572749216,332.1587685457606,361.60934824537014,305.166303762219,338.5180400487773,313.8074341436757,283.5235631494449,378.08476150796673,375.7570262602356,368.06647217123646,337.4224111397296,347.74745007508767,324.4108715508016,334.86887777110985,365.9368381733576,291.8022458035896,376.84614756772845,329.0366289145286,266.8943861500888,317.85459324408305,316.559628884574,318.60799520871984,317.90099335167577,344.47051469339266,293.1747102791574,337.7973625204275,331.61478093245944,289.3190667203646,309.7666191922462,309.9508805825966,295.2055291820404,356.9565956661833,342.781246765803,364.1423409261796,326.8898274665005,324.274115667795,342.77011198132436,326.392188494234,316.7844224770674,322.9577503134252,330.89043828794894,346.702498519128,359.3974792362082,353.8584068179709,315.3313783074588,352.3072346045942,354.5965917422833,350.7312770910868,343.83422406115574,360.40399216403256,358.5249952294049,331.2698492638771,324.8049974435305,361.0238099898504,345.2879404702348,317.6864410386724,353.6551741178635,315.48647204286465,331.05522141488376,349.7576987259238,373.0697913310028,327.4136100239706
photo_standing,318.3196263820359,397.9926678513153,439.85397525479374,405.42023501178045,305.0171189456623,0.0,309.3106684421877,241.67123634574384,392.15294008573676,439.9398445485822,387.0232189949326,373.59865416479954,362.5487955549262,338.66482471554104,234.41861644246205,227.9125943286647,238.76638511028685,392.1053130502247,410.38487066022327,398.27909493922914,453.6439168936028,426.0006101314069,364.7287294531394,385.0445521917505,327.6123123139412,386.66202567720524,405.50276038687747,362.86874378452933,314.2779486246237,248.29478286674492,350.916966097312,325.9448623902042,338.6159226313393,321.50527191320464,273.6964148945949,354.86145132542015,342.6185245921492,300.59403680032045,311.60763600761874,249.33184158028814,272.3511733017432,374.00482808233147,383.42541816377724,405.56332923247334,330.7857916509554,371.31365037691796,343.6367344224627,307.32352766350107,343.7591681685148,260.46910528264806,381.2796197834298,271.26935108783476,297.5753979530789,288.30188665240564,304.3896250303104,327.1351759929952,289.9927207147053,320.8182656948773,280.3915767040316,360.9651935623584,344.02844644698797,298.37788169402756,266.166481331385,256.05364782556984,243.27355176194646,349.49745337742,346.4490122689143,379.96037361334317,327.1726386408287,310.8861247168518,312.57733969548855,310.4705908154484,314.3094135219367,328.4130083534855,327.0477039946228,349.2615114992788,355.7302446536098,351.75213062911297,316.9845529438743,351.6845074307922,350.46818549859915,350.2937957558831,347.008275024608,355.5274609731983,354.771972957607,328.85234331389074,322.6683299691532,361.8076944330651,348.5706399620924,320.8086370943904,353.7094744679608,312.3233191259844,331.1497535296531,345.73062883881477,372.68170535851846,329.2627555132674
photo_hand,235.9127946749613,291.58275446548924,375.4011821748281,324.10582085864587,323.09847413401724,309.3106684421877,0.0,290.4216045724601,396.23365121856125,369.6505877565564,418.74919964911135,352.3406164433553,295.81150302490386,256.71331723076304,329.17444457031974,314.6406734255286,289.26700127929394,400.8874234494725,414.85669002746795,340.9821641149541,396.1652769377933,319.19788122275975,337.3042384223047,323.71850277714805,345.1123948799002,333.7932436933222,394.5929191946242,368.22691867052583,312.25405259082845,313.76073507354914,337.13452251962195,329.12946035520747,358.5072847433143,410.3355771798088,323.43985997541193,354.0960072513871,323.85090526024925,286.00790312008496,318.4518935170567,325.4197044600371,295.15283307073787,387.39578900969866,380.4135323773702,356.3118176185438,368.65220034693004,335.4031401126331,358.1977908246578,292.5601236978916,418.08881314003554,345.7889129651058,378.23910881299076,375.1980007853534,322.82040535131495,350.29319997619245,312.5506857657162,346.41428179654514,352.98545348647724,357.1618979868777,351.17250229618315,391.44873698159756,363.12617084805686,340.0415720430138,339.2989909118028,337.3476463286088,338.0778993372399,402.93527957220977,397.8643449831856,381.96142748827907,374.4871242509181,318.9721719766762,379.62832379524383,323.7115049026937,343.97412298978867,339.37027834913306,346.4792324298703,357.8721055535445,371.8098213031224,367.6444153755479,335.6521822598528,364.59227625421346,367.367668835963,356.6031003131629,346.58692207046613,369.3510435623587,367.4167779775951,340.68961515952026,343.7802312722141,364.16426490929297,359.80149358018707,341.7303513463266,362.11273168737836,341.4139572193943,342.07801384657574,360.9964930868261,376.6432214825205,339.77021385787384
photo_legs,270.1004484539973,379.3002395796501,433.46335391458604,395.1443738184238,275.8747623812318,241.67123634574384,290.4216045724601,0.0,398.3255602169303,427.37221245295314,415.22906758747297,373.1391923930415,343.1070655687373,308.73821648966555,265.3862637525067,258.2438812732963,237.76825125533188,396.2176962752886,421.14456485834006,391.542356085072,449.9672353861502,403.67047744296656,363.39831575658553,391.657078956389,297.8694175174727,372.7942754354764,390.70446312458415,372.1220550081405,258.9278832439948,261.4757925354814,326.0861445267558,310.540553266867,343.72693628580413,369.427698613516,314.806935075024,351.6383715792967,331.18077899395735,266.0302615059746,300.30830960971423,261.7949875471367,236.4846809870881,373.7699750991799,395.9566007349226,393.48888151181114,340.14251803873674,364.6039647813704,348.11280011643004,322.6958901716291,354.1534982781364,231.74233534317236,370.90056571937214,306.9227043372394,252.3194446726821,276.0313374315922,290.9625394747424,269.468411796044,255.4652804543123,343.2016179282096,324.5455064940414,355.9638654547927,302.9862191497753,296.7672252882245,284.54453134644064,272.6452111702727,272.2042180653284,356.71113283822035,357.38074530843227,374.00673160402994,345.1470852449382,289.46440222103814,333.56535238171426,316.8656445567896,317.57602351028913,318.4488611318392,327.80296414645267,345.0912987115283,355.08304296140824,351.1915723803782,315.61699878601735,350.4516396245067,350.52557346498736,348.11176465230864,339.1518323773537,356.9211210592148,356.8491834116137,331.1285110334235,322.36480712670175,354.71773355804845,343.4320591224675,313.39194334270945,349.9045410513301,315.2849537391227,326.88207600169824,350.6501093743367,374.458706069138,325.187450671359
photo_bird,391.8103518107821,408.22868582002474,341.90678426142216,358.67303179864194,364.5980944447809,392.15294008573676,396.23365121856125,398.3255602169303,0.0,309.5494060773436,355.19026170485665,280.07019867026315,373.7760757053362,379.50349065627313,399.18832355256865,359.62434232308266,340.3462943222942,278.67161449467903,327.1227146465064,295.88196801193203,367.6596475517443,427.4442755555593,355.29748948127286,423.70359644794337,319.61287151037885,352.2984574221594,326.51395161167164,323.3818236755454,358.37154803047326,358.77547578415744,382.83753424504874,362.33690309980915,218.68204648148068,391.9703527600131,352.97408057643474,292.1437015612454,367.16987715930225,348.4854992114512,341.2024644030374,366.9686669374748,317.89281396936735,279.4417399976748,335.785837717088,290.576358094563,268.5260868428029,283.3146444435675,306.239036194004,367.84730715198657,393.16194007236044,355.8685161750162,294.6943320481388,365.3466561242485,340.7977524880535,366.7906619535927,341.0262068172258,364.6606636065422,335.43384780545085,355.6428130818436,326.9788338626903,306.07461243017235,387.6353966365026,328.57667140780313,336.2739131637341,352.2553152585671,318.3513809123094,290.861134176677,331.784673676562,307.48763971195075,362.7357265045606,323.50646006358124,341.78488072314053,349.3141784060291,275.10447428239274,279.61493798347215,280.33934773238457,252.31252257081715,281.9608569433489,270.7642074375983,269.5919903886915,270.4694132483363,261.4198885119024,261.94044201429097,263.90197838013586,271.1093071397619,266.4685446233981,266.3498782496893,267.6195709725062,271.1618664586197,258.9402276065246,279.9287763746932,271.1593966779662,277.1689573756906,275.43497735188595,250.48941967396675,292.58188013395846,263.76424844296076
photo_butterfly,386.7868651546256,337.16690445357386,236.93098545335923,281.63637835976783,399.8289814899303,439.9398445485822,369.6505877565564,427.37221245295314,309.5494060773436,0.0,404.71910410805646,336.11157541190823,362.07973188744785,358.5537178386975,454.1125034067455,434.11189482813194,415.4589121081136,367.5055566923451,346.4447195116933,280.9181028861776,261.0084435172386,336.04078493937095,342.03192891345304,332.63820926584714,379.064681522428,349.5237473740052,374.91421233715903,257.3429819433483,381.1344365256909,401.80485026824704,424.17239984882224,401.0522623057616,316.15514408705445,401.1897581363115,422.5728526933488,359.6366758004817,359.15078242463846,385.4512227578217,386.48456146059317,437.43912515063425,384.1260073388141,370.7737362051273,348.35811810170276,279.3665808573216,360.0165145635687,267.38430061312334,360.0178326417773,346.2615845453255,424.92815264587375,420.3911862072775,377.06993448992375,420.89795063508444,371.2498407417854,408.2623015691509,382.16850651751434,427.4781203079692,420.429927507303,370.44559868806465,405.1368164665586,370.4100964271053,439.27645351528344,405.10545248409255,411.51922723773407,428.36583948132915,411.25225071140017,394.5928097806474,371.6877413646605,357.91740162277154,415.05456248264824,374.5386746620926,385.2868494974661,367.4968131976857,372.77415615100506,362.1795872557422,370.4400174384131,350.676245948306,377.39016758140826,371.8985775635161,362.5091420553714,368.41497263272544,360.84110353912484,363.2849115224952,348.7537697877482,376.16092565633073,370.28499027419804,358.3057085096349,365.39495601594314,364.60951155930024,352.8412667010029,377.2736230733531,364.7406981236923,373.6423698159752,366.29127259917783,356.8958230890361,384.0886498064224,350.4157529130925
photo_girafe,422.0214767973859,428.64334258611774,391.3006944565854,394.908114295553,420.8662410249607,387.0232189949326,418.74919964911135,415.22906758747297,355.19026170485665,404.71910410805646,0.0,383.96827646872566,424.53607011674444,405.5415023922831,400.5711095893843,401.12449454077245,386.37855311347465,369.5776021912038,345.8993779918453,378.3472429993531,407.9493156183772,420.4074099078113,397.27931359044516,405.96582038194214,374.9298933772869,405.56355361498686,385.21722944595973,376.92612570728954,393.10735909818766,392.6676889229913,382.4126037224683,387.74094680911304,379.46305063982703,377.85553964995245,370.70797125797986,373.8033635527091,374.8247509532219,388.9631485830306,397.26309667047275,404.11339614791234,361.3234792928459,371.98457659106913,363.42464847672494,364.63075358785943,363.13954460055254,361.5152320633777,382.5321283621485,365.61423547826337,387.25702286642894,386.94132672495385,373.2402815197579,375.3903543418945,375.3116912299451,371.97700916713103,360.4627933541608,376.9418339923657,404.5380555081359,397.9532993160506,349.0439308976923,369.7643472438019,387.31118641893363,387.0973955821897,361.63102349887686,396.1244416829398,382.0327959830339,353.2800949593343,346.8381911089492,358.537472471935,400.2232252694079,364.17199921586166,354.53262562850426,347.15964550709833,377.3375174359474,376.2695260695028,377.06995792580864,372.4097782546264,376.03348187875486,369.86732106466656,370.6722751081235,375.00832787054816,368.67799731594283,357.6211249131929,378.3019300240163,374.83040303591616,369.7276417099425,373.68167794506246,369.21578037301697,376.25094608529236,368.1724245491256,378.6484832488131,369.1026802970766,373.9295644462353,376.5133389403214,360.22779406355306,393.76551585167584,367.69139323367443
photo_fish,380.6003291956007,412.70567832125784,338.4102991457519,396.49778560520707,361.08255543085795,373.59865416479954,352.3406164433553,373.1391923930415,280.07019867026315,336.11157541190823,383.96827646872566,0.0,374.198669884276,367.10185367307594,386.43744437658177,340.2799398487237,321.1597225297158,248.9771838835506,336.00646808348955,247.36649149725508,367.1419349784165,423.71113426433607,326.4504501910707,408.7616289960405,339.71819245349434,347.0689293374361,223.90877471826968,349.7054816881742,356.45272567282217,358.2195829238428,390.9662918825894,372.7275448360819,280.09092856142047,370.9411402645947,350.87598663877645,188.71739956700185,318.57547579584144,339.1699450539959,340.7126970411446,347.5129525600542,296.3937943072474,242.8931008976635,268.9139313316938,260.04588553288977,234.7714511972918,281.05264858409043,259.57587940188535,366.663918566387,401.6466082263413,332.12906177274476,220.75652427676903,371.42427619943487,366.6359128345529,365.805552226671,348.3641470815032,357.25331715337177,327.92838856471747,338.465150144491,320.8700687557201,239.93186244897652,377.54599719152077,322.76468578165054,337.0111641553301,336.46630015743665,307.5886831868172,270.88605758967816,322.5713658899776,301.1605994506318,356.9515532752627,318.55850534691723,315.8966223082343,350.5859401928387,249.32570335243022,242.47311998944974,249.30590722431486,210.47962929797004,221.38379139099155,216.55779178905618,238.5914226884168,206.56412949907013,203.1303922303368,199.26936335317407,214.10250885548456,219.89643061531862,202.15035616517747,230.20337086551592,243.652878010208,201.08102832909418,202.91936595899148,256.8713697762554,199.07202985371822,250.79278171043478,241.3760041274567,199.8278054963485,240.55433809198158,223.36835550999078
photo_cherry,328.1216006260346,346.3022386812087,393.5888016104151,360.10997178980097,303.486560538527,362.5487955549262,295.81150302490386,343.1070655687373,373.7760757053362,362.07973188744785,424.53607011674444,374.198669884276,0.0,270.7506462545609,379.57478562854,359.4791456842534,344.77969559690507,382.67109518578826,365.1664656732537,331.1178282909921,419.7238925864216,367.48998410612666,311.6207854517839,361.5639331642261,342.56623351923685,347.4089559621803,376.71279747065256,377.222693331486,296.0170679375544,370.5879650337255,365.42972150605704,311.9859976449416,348.44812983686325,416.0727135832253,335.9908458373093,353.94696316951416,370.0645110882502,313.7484380847416,389.7853234590515,352.83955708417244,322.0052708931505,373.12155938990037,327.22144533853594,339.96704231189426,379.8799726220837,315.2564477140356,326.08193430396585,313.5608513098992,405.5280619691797,363.6024367751048,365.73945544430114,379.51899861379474,311.40915843618876,363.15662333412337,348.88859686607174,343.11910351487694,351.488706901516,342.59039905228576,331.24436817523997,380.804390711223,350.76728007155475,329.7992700388775,368.50273509776326,357.077244578227,354.4728447958104,374.2553621314743,349.73136240447013,367.9216938306713,338.41416573170375,329.4308031796783,386.02460128239915,327.4169695015,340.982827560113,326.47139290224334,332.0649587249676,353.5814708173855,358.7169860563477,352.82883748217864,323.0697488948286,356.8660695773159,349.5331226322116,360.1814178242299,337.9655707342,357.12304534426164,362.92188314009786,334.2023848223471,328.1543091280149,359.0950337550203,349.51906806781085,333.3758806128777,353.228275215659,337.8378074102446,330.8297518946757,352.5814963648125,379.8099581529673,326.2151413120445
photo_tree,233.7848875768224,266.13306628549435,368.44549502832194,308.1396629366802,321.5945421298249,338.66482471554104,256.71331723076304,308.73821648966555,379.50349065627313,358.5537178386975,405.5415023922831,367.10185367307594,270.7506462545609,0.0,358.3789311616203,329.8409957687251,289.21557412313416,409.9985809138453,408.555043743357,340.50371142273696,386.455663986254,284.42216344537337,305.35443771781553,299.5724343090165,343.12670358253774,358.36181451237996,413.84876736989844,367.83855200109673,284.3747746678528,316.23646358188086,374.43550379477006,309.59555384774734,352.21647559248936,406.98511160791065,324.13708760494177,364.912173028978,344.2597729988954,261.00531680632935,370.2182188688311,343.71801432834906,300.22876486193235,404.1224015975855,378.94950107119354,343.70368215753143,384.0108070613268,328.78907593901664,357.33827718537185,289.6603571932007,414.38933839914813,356.601541975115,399.2558291851849,412.0436314147537,303.13221369082106,353.53555670067357,313.59116473065956,358.66424588421324,368.1484276930163,348.5906772286233,368.3629849276138,402.6649716923669,355.62558990938214,324.06550023030917,345.35144270549273,355.1200568670267,348.8925073263902,408.2981156827151,398.5958753766529,387.66356926150365,359.87086738284154,322.12604231724913,401.599825674465,313.0235737270259,356.5953818886248,356.5379043523673,361.9616826891217,374.90067053133237,391.50744368079654,386.8304712074647,348.1404733750261,384.7625439353253,379.8726327762454,378.3159849356499,365.8455354891679,386.84428685688454,389.60087090294957,361.0339195153521,360.6098238360825,388.7347253661517,376.96478024075236,354.1967106671323,384.35637475226747,355.7222519427299,361.0203355986971,378.26389574423075,397.06495371500995,359.2090241483395
photo_flower,322.09385143178054,406.61379702628625,453.60927751401084,424.56857091907347,307.3375429545594,234.41861644246205,329.17444457031974,265.3862637525067,399.18832355256865,454.1125034067455,400.5711095893843,386.43744437658177,379.57478562854,358.3789311616203,0.0,191.04222721056436,237.07931229675208,398.0106362882304,407.511078957949,406.99484516146276,468.8353878402571,440.2174677191644,386.52753998931394,432.3942971585945,307.1932946975737,385.66040222914825,396.35435142016115,372.10997722238625,308.8640244372037,263.3795543513413,302.8213194131453,325.12688602526265,347.15450819196195,348.79773642343724,287.7288914631678,357.4565381018343,347.49127245853083,293.09031408220005,288.45656323768173,222.89981815112424,282.0438361828618,375.40335754229363,383.05682930425115,414.1376209589233,332.39439780485105,384.89889113386755,352.68694807443455,354.29660089014266,335.0985139061447,247.32096708486924,377.2346203373172,283.73471856833004,284.5763530904789,281.5773353967841,282.744710429967,316.1152065893798,282.96740458640465,335.2607521786493,284.81258209062435,351.45369899847793,337.5389688102715,267.2664043780807,220.37837882499716,206.89173449934614,239.88122581399003,342.8522488409441,333.52284432053114,379.4738057787793,284.59053923686275,295.9817180394143,302.36195705979566,323.7819636174715,326.48996464729225,336.2755325968197,334.8824644377926,356.7984822327974,363.5854651095909,357.1101068094619,326.5345346737852,362.1741846744756,358.70083339259685,357.8650572802424,353.89685959224204,362.9113076160049,362.7331696500948,335.39166202438645,330.23319855539813,367.77149585581736,356.4601771106031,329.5027887451104,361.48228367403846,321.0431747143336,339.62840241720727,353.73977993133656,378.9667938783006,337.7443429675583
photo_carrot,328.0883540681662,414.1318481291621,437.64483628756443,414.8087738250393,301.66683122994385,227.9125943286647,314.6406734255286,258.2438812732963,359.62434232308266,434.11189482813194,401.12449454077245,340.2799398487237,359.4791456842534,329.8409957687251,191.04222721056436,0.0,166.42449563687217,358.4420304413046,391.98749290627063,385.0790836944406,453.0596994438346,440.56028827116444,343.94053674793236,424.668332022836,293.7625121708684,369.33682876765005,375.9990881387249,357.42576462297217,283.9769544103256,207.36053023604217,319.3142013330214,318.0826385704094,309.1790088770533,330.1137150090517,260.20454411974424,325.12464599285573,333.3296150751722,255.13568683039074,281.5925550970372,115.45862185721957,253.69307080332854,338.0740377357998,358.1580837134807,392.5029909737579,288.7321242930571,356.1033782747213,308.3236831139483,341.21329780675353,354.58670403325954,216.93682765332423,344.3653093948553,308.2047792912291,276.0177534174931,250.3828071391354,284.77242664781926,313.5329380318439,243.89528240377228,304.04543940642077,262.7558799258323,329.2243324499694,304.2878475479509,216.17156331132185,200.03602291894174,128.82794105370792,157.31545578906886,312.51674361747826,321.8370350352513,361.5204883243109,311.34038894950584,271.0644624261223,301.3545065621053,319.5760748844257,271.01521201138127,289.1854002290582,286.3316906309476,310.9353078813631,321.2831656757613,316.34612722358844,274.76636508559,316.46254321486873,314.7766917381933,312.4981445715842,309.2163693056821,318.5535691063664,319.7384907728397,289.90553307001653,282.82323419842214,327.5615352736577,312.46242064925957,278.18590260586626,318.7840403045458,268.88345153402787,293.57388060794267,309.1086075228903,336.38576481598415,291.189073250546
photo_watch,279.8167650308993,386.10031467295386,420.17633971054534,396.72030028538984,308.29105886829103,238.76638511028685,289.26700127929394,237.76825125533188,340.3462943222942,415.4589121081136,386.37855311347465,321.1597225297158,344.77969559690507,289.21557412313416,237.07931229675208,166.42449563687217,0.0,356.1465459866888,395.1089733605046,367.798518353936,437.3240351819315,413.2622468352232,322.79815086123267,396.2104344989382,276.3778013991174,359.5152130626297,375.75757598510984,362.2652547519423,277.6848844675934,210.935590526885,315.5574503977613,299.05596438645483,295.2634852570631,361.6641715584969,277.3923839939114,314.96968673428506,336.07521389972874,213.70992571876903,278.8424765700863,184.8596324838404,193.17210662039167,339.5916866820377,355.56100269221366,377.22343229123703,291.7307583876541,339.7832086357446,295.27378613844735,320.1225006998513,364.6177620546729,225.61964556375005,339.68837019755995,328.7893590371627,276.3150331377761,274.9311488196986,275.0825399564609,274.4714256896257,248.16402325750227,323.9607364209359,294.3020085031546,335.4271842446725,297.06317853096175,234.77911766337002,219.21376407992975,210.23849477204425,185.99891003722357,321.3979585806036,346.3205652613872,353.24563299079944,336.9254416595186,258.63269007686273,327.6665143487018,309.74411082053825,263.42399587293664,279.13220718263364,279.59704819897524,302.6929545683702,317.795581359861,313.9197339625965,268.3550378381928,313.3404446640622,307.62928015569014,305.35183970066294,299.4746414241502,312.9034305089454,315.12049372215137,284.6766494489774,278.8515426496761,321.39651875341366,304.39950028396214,262.210619419826,314.0727623004933,264.46488101822234,284.27937722533784,303.3400596626165,332.08548061354094,284.7659570754894
photo_key,430.9247109370829,439.7279423246768,367.5681035187573,429.4280357048842,398.0363782379292,392.1053130502247,400.8874234494725,396.2176962752886,278.67161449467903,367.5055566923451,369.5776021912038,248.9771838835506,382.67109518578826,409.9985809138453,398.0106362882304,358.4420304413046,356.1465459866888,0.0,321.7957286179317,294.27966567884613,405.3321046639877,458.1682019640976,356.2224915109613,439.1689572924417,364.5096847707217,344.3113005545101,218.564798293469,378.01729454662893,383.0070339186478,378.7710854831832,381.3560975364564,378.78780261016703,286.0401869842579,372.0710605045387,372.0298237944339,270.86414428429646,334.0216553892586,380.6178336961999,355.69933915573756,352.6512494729711,334.451086273016,111.56770173104526,295.2678280489611,297.0377088675745,268.5352460009929,289.18069298363037,261.45804325072777,377.90966769779055,365.60675440210593,331.6053333007157,191.24443034304318,360.64756352508135,374.89516887142025,363.4236942181866,338.92969395500364,348.0484832391249,306.1227420296973,333.3382633864353,312.3703406746491,273.03279199784504,367.02152839073506,341.3926853492223,336.36848305220093,334.89787300199083,304.6401747711213,171.25167823204208,281.4862705016472,295.8197170791045,346.2088561579944,309.8147417075185,324.4744098239782,341.35270939483866,242.8166830152097,228.0901775139834,225.6639666664206,186.6571286051393,170.99329231375083,158.28863473948132,231.36303043225323,175.61039891959163,169.15591140878894,187.45440650192353,213.7362894340406,175.11366848603646,160.72694103572104,214.8043775096714,226.8858781977917,165.90890243904462,170.57745842126562,254.2595019702122,164.3018316205763,243.22409176831914,218.0829417694652,160.78048555517978,220.4039202595883,210.06707506852166
photo_truck,433.10515914785447,432.4908933263982,322.3241635578547,398.6963240387458,402.0072484081074,410.38487066022327,414.85669002746795,421.14456485834006,327.1227146465064,346.4447195116933,345.8993779918453,336.00646808348955,365.1664656732537,408.555043743357,407.511078957949,391.98749290627063,395.1089733605046,321.7957286179317,0.0,289.92905045723137,345.52299891833985,428.89595070576416,339.63505900172,408.0698847891247,368.8327387459982,387.6565238068902,326.865144706167,344.39511243814957,397.80040729585846,379.49630936874973,386.9311781291735,393.0250743686707,344.29381606295925,403.7026050692109,398.0330083017278,315.803368321529,383.266774292146,382.60648694458615,394.18938926961323,382.0444122888006,364.69445406562124,335.4446185881141,217.5753834329975,272.00162145707384,337.50712580328377,289.1966137985518,304.1086998388117,371.56433210485136,376.87106743689276,372.3397954659895,340.52286515981257,370.043532244463,351.0216323674075,378.29821965157345,384.01893431253325,379.5464739999836,379.00014622320634,384.7077269964959,354.5049873866648,307.44532053537654,379.6170013907088,346.9040441766148,370.8311335541439,373.3964477612673,365.3367679570129,326.7246827735044,234.726079613001,290.0742045681702,380.93437962595834,353.5810380103813,352.1170271759134,356.0192401377851,353.60858797177343,343.9556591343376,344.73531701779217,346.1823618561678,313.48922599779877,311.6298639111439,339.1496097659058,321.18340014546754,327.58316728391844,325.3188142087238,348.97011482609065,319.2596792454263,330.2478602625703,347.6828856458355,338.9956835021183,335.16930758995403,332.19109283188953,353.7834804078085,319.239755215537,351.4797578877235,346.7202862683972,324.16474100437546,345.195612650932,335.7789870581899
photo_velo,369.1482668396592,373.46749548783947,280.102094507299,352.2882345419233,372.3537158242978,398.27909493922914,340.9821641149541,391.542356085072,295.88196801193203,280.9181028861776,378.3472429993531,247.36649149725508,331.1178282909921,340.50371142273696,406.99484516146276,385.0790836944406,367.798518353936,294.27966567884613,289.92905045723137,0.0,313.70496486305876,375.3946229696929,269.5709178262188,351.5235517443775,323.59863103773876,349.96890773254484,296.8664853313921,326.64496722240716,357.72267839830425,380.8510864996076,396.0155870885206,384.10703235478223,299.0104498458856,395.33622368432424,385.54696492439416,255.31896403149554,328.76803287829875,338.08834749598276,373.08482378510354,388.9159856832631,333.5871576722097,303.2233848596939,239.7154547158109,148.09780152160624,315.9543211545366,252.2567566044179,271.55539263101645,329.5618328788549,403.90080872559173,373.3489002533599,298.24224729280735,384.3384160954816,343.13941374667314,379.0176721312943,344.9065060156346,378.67562016342896,373.4867384943995,376.2089892764776,360.129207444627,307.5457181650194,390.2748284427154,341.2314056413504,357.05497510139213,376.61763833286085,360.71641728397276,326.73028453774936,298.55581266667156,251.0529360705296,363.16404419385447,331.05601384527023,330.71290124151324,326.85785130638754,311.2227670124402,298.08915240405224,306.9879515294688,287.28371628618794,291.5821896451044,285.53477651298675,297.4832957914134,282.20700787014005,278.9695805483525,280.87104884289806,281.60202710228896,290.26247956234,282.3616792090218,294.54250564116177,303.83959236627777,277.52960259057215,272.85286388073126,311.99287691332813,276.9993190839548,311.5647979483016,301.8120396250059,270.900842731343,308.5808070122146,284.6531720128168
photo_road,403.71493334228524,368.57351090032563,89.8083355147649,290.16432789010327,440.259719109958,453.6439168936028,396.1652769377933,449.9672353861502,367.6596475517443,261.0084435172386,407.9493156183772,367.1419349784165,419.7238925864216,386.455663986254,468.8353878402571,453.0596994438346,437.3240351819315,405.3321046639877,345.52299891833985,313.70496486305876,0.0,334.1016779024942,322.0679075186507,333.6228523739977,413.0758478784353,430.0230759211885,414.2025289067351,336.12270595993584,429.1432211148649,429.6254987676843,460.5409193960809,447.84709049562224,376.46695146748317,402.67458657988624,460.66848698582936,388.4040569138029,349.993854653404,410.3655371020949,426.17218301857156,466.2487594277991,425.4720022950188,419.5366582377245,375.1186908675834,284.4069614061605,397.0113534799997,273.6929303630607,413.51008246777394,408.67588001189836,450.87703448997144,465.442387710077,425.9212382230054,480.9447890367944,416.1666396873892,460.72490043055745,436.1520312329173,477.5968471262061,476.1110258091532,407.240950597317,465.40463388300515,406.62193079308423,472.61671151796435,443.83809880507494,442.1027188971469,467.7891108860159,458.84302915430203,441.3655471447198,402.14936156923704,378.3593014427729,466.436267526317,434.0489461602765,422.89662358340405,429.12178158597607,441.74835982465714,435.6797646078823,442.0873673590645,413.09275118462506,415.982626330728,411.25798967909714,434.9416234145669,413.15583997441337,417.93298315509435,397.82261970538684,425.797465710202,413.84635978839697,413.1174242623147,434.3419123683037,438.6851173545897,412.2696088680983,411.31870029523554,443.69246631839417,407.9983417219342,442.4066704921597,440.3084364398564,406.56836862622504,420.1471816082627,427.30946190718555
photo_house,315.99511149565694,209.25732066923695,328.46088531832595,277.4831017429444,417.4990055585361,426.0006101314069,319.19788122275975,403.67047744296656,427.4442755555593,336.04078493937095,420.4074099078113,423.71113426433607,367.48998410612666,284.42216344537337,440.2174677191644,440.56028827116444,413.2622468352232,458.1682019640976,428.89595070576416,375.3946229696929,334.1016779024942,0.0,384.10463258266077,270.3753797296825,420.34309608434546,388.7946070236508,463.0118088366678,396.2105163936946,397.7412192260802,407.9616252471166,442.1049633259369,396.4199471751072,426.13795542923145,453.49748076398623,425.09438674790454,439.14839498557785,358.90990006584605,398.3871889370768,403.3054091072511,452.70416170222796,416.02957756447665,464.4235024125504,427.7118492823776,368.94868990881804,442.6686489950686,357.4032882113917,439.3018875941382,369.02538856674397,468.10413144294705,463.44571564734156,469.47995095234256,473.79595896833445,406.85099802371025,452.96763064580193,403.3716446265586,459.19283401550354,468.4589410684261,428.8862741296394,460.3890301264387,458.26017822892527,425.55566597077006,447.83186520169096,444.1381121182685,461.5048312329395,463.8366711572832,484.3666962812063,458.51992612326444,446.26981037221725,442.4763749906596,391.35588970632404,461.2394448129946,402.7506312154359,459.60081480517476,451.6504872032916,458.0048348350415,449.402319668846,467.97467775697794,464.6686115211104,451.5101588761367,460.7075410378337,457.67442647487144,455.8794907477016,445.68055086217817,468.5528845498817,463.20594524864265,448.7073761089431,454.9489281051468,460.33176974059063,449.472408158964,462.91297078620386,458.90026614338115,460.438053756582,454.9106400343037,450.7643305077344,470.3440918089466,444.6922499438594
