,square,rectangle,parallelogram,losange,isoTrapezoid,kite,rightKite,rustedHinge,hinge,trapezoid,random
square,0.15724038065671603,0.2074017750409777,0.32665217828582577,0.4439674601295589,0.3309791641253052,0.26604684740597223,0.26744423051187327,0.3774814012332142,0.3426856303237104,0.2993939224333821,0.41532193661497485
rectangle,0.2074017750409777,0.15725146150489006,0.27420209485118424,0.42296274882188145,0.38589052607541824,0.2951175945689779,0.3004021747927512,0.36163656866074506,0.3131090711329029,0.3257178815409122,0.4491885018667281
parallelogram,0.32665217828582577,0.2742020948511843,0.21547484019521396,0.3183381316460964,0.42198574244135956,0.365355999296215,0.3552127424270274,0.3946312237485722,0.3637339698614801,0.3199307554086564,0.4194979024974031
losange,0.4439674601295589,0.42296274882188145,0.3183381316460964,0.27396385998277256,0.4821223141206335,0.45667300589188686,0.44975195188328565,0.4796201280377066,0.4715871821481623,0.37679150806645734,0.43111771750863437
isoTrapezoid,0.3309791641253052,0.38589052607541824,0.42198574244135956,0.4821223141206335,0.24516849133550161,0.3206823106153493,0.2963695628903147,0.4301765212063697,0.42834878317979075,0.3229941214573651,0.37311479210672555
kite,0.26604684740597223,0.29511759456897796,0.365355999296215,0.4566730058918869,0.32068231061534924,0.22011691199744385,0.24875126386360433,0.36829661320888585,0.3525313664532953,0.3423161372877489,0.4208721069931958
rightKite,0.26744423051187327,0.3004021747927513,0.3552127424270274,0.44975195188328565,0.2963695628903147,0.24875126386360433,0.21728620775246185,0.3569980757481236,0.34815877523334754,0.30330072523205226,0.3946290233460071
rustedHinge,0.3774814012332142,0.361636568660745,0.3946312237485722,0.47962012803770665,0.4301765212063697,0.36829661320888585,0.3569980757481236,0.216594109148001,0.2395867979175487,0.39561552090986907,0.42784051078614815
hinge,0.3426856303237104,0.3131090711329029,0.3637339698614801,0.4715871821481623,0.42834878317979075,0.3525313664532953,0.3481587752333475,0.2395867979175487,0.23071037881808304,0.38070814543109904,0.4312204410513862
trapezoid,0.2993939224333821,0.3257178815409122,0.3199307554086564,0.37679150806645734,0.3229941214573651,0.3423161372877489,0.3033007252320522,0.39561552090986907,0.38070814543109904,0.2473754823889627,0.33119047375551475
random,0.41532193661497496,0.4491885018667282,0.4194979024974031,0.43111771750863437,0.37311479210672555,0.42087210699319594,0.3946290233460071,0.42784051078614815,0.4312204410513862,0.33119047375551475,0.3022439783842416
