,square,rectangle,parallelogram,losange,isoTrapezoid,kite,rightKite,rustedHinge,hinge,trapezoid,random
square,0.03618566118840569,0.04911105604151606,0.06014753453404784,0.06966304241187474,0.044179192013953705,0.04234151603121737,0.040184467968960275,0.05236548730047229,0.05093831864049214,0.04660627423747582,0.05686076866386038
rectangle,0.049111056041516055,0.03795395402102029,0.04671683091289576,0.05760344788592512,0.06081933543117863,0.05243698394891506,0.05113177289768441,0.04880301673094721,0.04466491524679694,0.052785953034738285,0.06441111881201586
parallelogram,0.06014753453404785,0.04671683091289576,0.04154606321032295,0.04869033406407065,0.06736703227019274,0.06281834143131465,0.05964153328878123,0.053323433752679124,0.048886706743439486,0.05370888289890204,0.06256975081701838
losange,0.06966304241187474,0.05760344788592513,0.04869033406407065,0.0427450601488579,0.07129212862421277,0.06998183068872697,0.06740485568042297,0.05721196186826956,0.05481998678399056,0.05669525981981014,0.05684824715877976
isoTrapezoid,0.044179192013953705,0.06081933543117863,0.06736703227019276,0.07129212862421277,0.03759534460347995,0.04562494318432243,0.04378914905894338,0.060663544240366164,0.06071466302359061,0.04806609809469453,0.05388688473014537
kite,0.04234151603121737,0.05243698394891506,0.06281834143131465,0.06998183068872696,0.04562494318432243,0.03671407214264444,0.04071562690992831,0.05841869499819752,0.057575508448567264,0.05376840262759104,0.062203000918638195
rightKite,0.040184467968960275,0.0511317728976844,0.05964153328878123,0.06740485568042297,0.04378914905894338,0.04071562690992832,0.03684825494069759,0.05622192668351508,0.05485930631116321,0.04704512188015453,0.05880933920948627
rustedHinge,0.05236548730047229,0.04880301673094722,0.053323433752679124,0.05721196186826956,0.060663544240366164,0.05841869499819752,0.05622192668351508,0.04095749147359742,0.041572867032113305,0.053657012119995476,0.0573614079705944
hinge,0.05093831864049214,0.04466491524679694,0.0488867067434395,0.05481998678399055,0.06071466302359061,0.05757550844856727,0.05485930631116321,0.041572867032113305,0.039743236317073556,0.051698251771652305,0.05756088349804158
trapezoid,0.04660627423747581,0.052785953034738285,0.05370888289890204,0.05669525981981014,0.04806609809469453,0.05376840262759104,0.04704512188015452,0.053657012119995476,0.051698251771652305,0.03853279555467863,0.04617630359080198
random,0.05686076866386038,0.06441111881201587,0.06256975081701838,0.05684824715877976,0.05388688473014537,0.062203000918638195,0.05880933920948627,0.057361407970594414,0.05756088349804158,0.04617630359080198,0.03997993688829949
