,square,rectangle,parallelogram,losange,isoTrapezoid,kite,rightKite,rustedHinge,hinge,trapezoid,random
square,0.0,0.061875108728367434,0.15192523887379916,0.23834458723842655,0.10405936950085293,0.05429148493499347,0.04890970240185455,0.10829716495939401,0.08965471256645352,0.08915749940252393,0.16310722061491
rectangle,0.061875108728367434,2.220446049250313e-16,0.08943932473644145,0.21627257463304939,0.18057063485404767,0.10112477443398316,0.09490223817346743,0.07710175239030459,0.049011941516253654,0.12365630504032388,0.2035795154843968
parallelogram,0.15192523887379916,0.08943932473644145,0.0,0.0895927091149662,0.21017684774136225,0.1711757833687142,0.13732408426765053,0.1388263540840875,0.11153276978882398,0.09948584374558334,0.17408312380773827
losange,0.23834458723842655,0.21627257463304939,0.0895927091149662,0.0,0.2351769674299392,0.23629356650015432,0.20993151165118906,0.21672212677216773,0.214346566269227,0.11950966363548476,0.15684493087633178
isoTrapezoid,0.10405936950085293,0.18057063485404767,0.21017684774136225,0.2351769674299392,0.0,0.07577197610310937,0.07069310930304873,0.205436286125798,0.19410635431850487,0.08208999741923284,0.10730644867033212
kite,0.05429148493499347,0.10112477443398316,0.1711757833687142,0.23629356650015432,0.07577197610310937,0.0,0.02966852085483429,0.15789740531554153,0.1439391382257752,0.11580593283113338,0.1751662795864477
rightKite,0.04890970240185455,0.09490223817346743,0.13732408426765053,0.20993151165118906,0.07069310930304873,0.02966852085483429,2.220446049250313e-16,0.15297747651913396,0.14112394294941388,0.07384389525438839,0.1529390250881414
rustedHinge,0.10829716495939401,0.07710175239030459,0.1388263540840875,0.21672212677216773,0.205436286125798,0.15789740531554153,0.15297747651913396,0.0,0.013534673080880522,0.145320421240824,0.17213859869122983
hinge,0.08965471256645352,0.049011941516253654,0.11153276978882398,0.214346566269227,0.19410635431850487,0.1439391382257752,0.14112394294941388,0.013534673080880522,2.220446049250313e-16,0.13324812651972096,0.17075449657408237
trapezoid,0.08915749940252393,0.12365630504032388,0.09948584374558334,0.11950966363548476,0.08208999741923284,0.11580593283113338,0.07384389525438839,0.145320421240824,0.13324812651972096,0.0,0.05488114122467358
random,0.16310722061491,0.2035795154843968,0.17408312380773827,0.15684493087633178,0.10730644867033212,0.1751662795864477,0.1529390250881414,0.17213859869122983,0.17075449657408237,0.05488114122467358,2.220446049250313e-16
