,square,rectangle,parallelogram,losange,isoTrapezoid,kite,rightKite,rustedHinge,hinge,trapezoid,random
square,1.1102230246251565e-16,0.012356273094345838,0.01851109949178431,0.027113561655060514,0.008031654978405078,0.005347539128872314,0.004290409333464695,0.014107280476239437,0.012961791510453069,0.00945244710400528,0.017357449844084827
rectangle,0.012356273094345838,0.0,0.008262844509851375,0.016844135851327158,0.021817659992821148,0.014763574933248647,0.014454007743035291,0.008619574733312207,0.005344852854260118,0.01588293494360593,0.023130773713136987
parallelogram,0.01851109949178431,0.008262844509851375,0.0,0.009726297001454443,0.02391727760559359,0.02121951539715694,0.017849081209411755,0.013620389345522121,0.010034712527781764,0.01518421139894266,0.022446749965409296
losange,0.027113561655060514,0.016844135851327158,0.009726297001454443,0.0,0.02688504799097624,0.027685718245407887,0.02602277108998674,0.015677723020009915,0.014573132460275806,0.017092793498140746,0.016605348815570742
isoTrapezoid,0.008031654978405078,0.021817659992821148,0.02391727760559359,0.02688504799097624,0.0,0.008538020632738785,0.008105938585474481,0.022316578635961704,0.021898545645728573,0.01005843363330361,0.015080749204873789
kite,0.005347539128872314,0.014763574933248647,0.02121951539715694,0.027685718245407887,0.008538020632738785,0.0,0.004482632367479478,0.01890648822682328,0.018156841922701616,0.01455103296105087,0.02113094676447813
rightKite,0.004290409333464695,0.014454007743035291,0.017849081209411755,0.02602277108998674,0.008105938585474481,0.004482632367479478,1.1102230246251565e-16,0.017870107916132194,0.016754878883641133,0.009225271889592879,0.01957430436321328
rustedHinge,0.014107280476239437,0.008619574733312207,0.013620389345522121,0.015677723020009915,0.022316578635961704,0.01890648822682328,0.017870107916132194,1.1102230246251565e-16,0.0017327423470252512,0.016869837909959995,0.01907565259632671
hinge,0.012961791510453069,0.005344852854260118,0.010034712527781764,0.014573132460275806,0.021898545645728573,0.018156841922701616,0.016754878883641133,0.0017327423470252512,1.1102230246251565e-16,0.015447190566692193,0.019303316688686345
trapezoid,0.00945244710400528,0.01588293494360593,0.01518421139894266,0.017092793498140746,0.01005843363330361,0.01455103296105087,0.009225271889592879,0.016869837909959995,0.015447190566692193,0.0,0.00948109126835206
random,0.017357449844084827,0.023130773713136987,0.022446749965409296,0.016605348815570742,0.015080749204873789,0.02113094676447813,0.01957430436321328,0.01907565259632671,0.019303316688686345,0.00948109126835206,0.0
