,square,rectangle,parallelogram,losange,isoTrapezoid,kite,rightKite,rustedHinge,hinge,trapezoid,random
square,0.0,0.030695716552199825,0.05842866651326384,0.08359431414049179,0.023998480324476268,0.018376248083397773,0.015483040106183843,0.04212637619846016,0.0370119897918878,0.031240785019979622,0.05495779312003457
rectangle,0.030695716552199825,0.0,0.029917297076133775,0.0592428376982832,0.06341925902038004,0.04243714774819718,0.04048408523391922,0.02930218813312202,0.018242771640347377,0.04730184873645937,0.07461112688406502
parallelogram,0.05842866651326384,0.029917297076133775,0.0,0.027854106611057805,0.07565567083949598,0.07099983396963994,0.056690325845415446,0.04837179438417938,0.03524312985207456,0.040309996272111404,0.06512188822586662
losange,0.08359431414049179,0.0592428376982832,0.027854106611057805,0.0,0.08581229037865734,0.09117247644183935,0.07866731764658041,0.059579365742461476,0.053721421664752134,0.044796158752391735,0.05006098611116061
isoTrapezoid,0.023998480324476268,0.06341925902038004,0.07565567083949598,0.08581229037865734,1.1102230246251565e-16,0.02597047199474445,0.02344214791011201,0.06950385524214686,0.06707844022786746,0.03148451768804683,0.044807553122518606
kite,0.018376248083397773,0.04243714774819718,0.07099983396963994,0.09117247644183935,0.02597047199474445,0.0,0.015283590449700957,0.060160070247602615,0.057606965615006445,0.0517504811741768,0.07121401461884691
rightKite,0.015483040106183843,0.04048408523391922,0.056690325845415446,0.07866731764658041,0.02344214791011201,0.015283590449700957,0.0,0.057920982198947035,0.05375399325130681,0.02991917879815753,0.0590915908283377
rustedHinge,0.04212637619846016,0.02930218813312202,0.04837179438417938,0.059579365742461476,0.06950385524214686,0.060160070247602615,0.057920982198947035,0.0,0.005315657378041738,0.05431436721066851,0.06300934553581783
hinge,0.0370119897918878,0.018242771640347377,0.03524312985207456,0.053721421664752134,0.06707844022786746,0.057606965615006445,0.05375399325130681,0.005315657378041738,0.0,0.04764088901453423,0.061487150854450556
trapezoid,0.031240785019979622,0.04730184873645937,0.040309996272111404,0.044796158752391735,0.03148451768804683,0.0517504811741768,0.02991917879815753,0.05431436721066851,0.04764088901453423,0.0,0.02180487783257057
random,0.05495779312003457,0.07461112688406502,0.06512188822586662,0.05006098611116061,0.044807553122518606,0.07121401461884691,0.0590915908283377,0.06300934553581783,0.061487150854450556,0.02180487783257057,0.0
