,square,rectangle,parallelogram,losange,isoTrapezoid,kite,rightKite,rustedHinge,hinge,trapezoid,random
square,0.0,0.030028010276083927,0.0734810343866733,0.10999280964390934,0.053766366388630527,0.05101300986391277,0.050497391517511314,0.07173031968469201,0.06556643681472574,0.062257018167267475,0.10922339646453694
rectangle,0.030028010276083927,0.0,0.044534213503013675,0.09095076189532758,0.09435395682899439,0.07391477349307063,0.07616239696774985,0.0642531038551084,0.05115967852944048,0.08143549523180527,0.13441307049734585
parallelogram,0.0734810343866733,0.044534213503013675,0.0,0.02701344150570839,0.09607468209517522,0.09970798497173883,0.08409890848154777,0.08218659768953318,0.06770488848252154,0.05043279232326503,0.09367326288965017
losange,0.10999280964390934,0.09095076189532758,0.02701344150570839,0.0,0.10917996181478107,0.1256931989598541,0.10459646364644049,0.09977939364233634,0.09082696810466795,0.051611136663252455,0.0692408483353717
isoTrapezoid,0.053766366388630527,0.09435395682899439,0.09607468209517522,0.10917996181478107,0.0,0.04554664444712875,0.03296511865625873,0.09387402977174109,0.09129004887494219,0.03942191409867879,0.06056843069987805
kite,0.05101300986391277,0.07391477349307063,0.09970798497173883,0.1256931989598541,0.04554664444712875,0.0,0.019219534604158928,0.08404940890163437,0.08274204674301222,0.08220790702224734,0.11099611840322732
rightKite,0.050497391517511314,0.07616239696774985,0.08409890848154777,0.10459646364644049,0.03296511865625873,0.019219534604158928,0.0,0.0810772417583625,0.07683112054293839,0.04784133057995732,0.08106509251014349
rustedHinge,0.07173031968469201,0.0642531038551084,0.08218659768953318,0.09977939364233634,0.09387402977174109,0.08404940890163437,0.0810772417583625,0.0,0.00728396053585445,0.08972854405612463,0.09547519885089539
hinge,0.06556643681472574,0.05115967852944048,0.06770488848252154,0.09082696810466795,0.09129004887494219,0.08274204674301222,0.07683112054293839,0.00728396053585445,0.0,0.08095922982620285,0.09159805443964475
trapezoid,0.062257018167267475,0.08143549523180527,0.05043279232326503,0.051611136663252455,0.03942191409867879,0.08220790702224734,0.04784133057995732,0.08972854405612463,0.08095922982620285,1.1102230246251565e-16,0.03382446959980334
random,0.10922339646453694,0.13441307049734585,0.09367326288965017,0.0692408483353717,0.06056843069987805,0.11099611840322732,0.08106509251014349,0.09547519885089539,0.09159805443964475,0.03382446959980334,0.0
