,square,rectangle,parallelogram,losange,isoTrapezoid,kite,rightKite,rustedHinge,hinge,trapezoid,random
square,0.0,0.028068038996031164,0.06630141446197413,0.09786137931032646,0.04118393895450023,0.040463592361883016,0.03888580059258351,0.06460828181935707,0.05873307435979047,0.04734650579580124,0.08635386389294142
rectangle,0.028068038996031164,0.0,0.036021223644211564,0.07671598471391639,0.0782405810280078,0.0609855728237535,0.06134991738692519,0.05578847937783249,0.04349181991173534,0.06275735891331569,0.10899985215598351
parallelogram,0.06630141446197413,0.036021223644211564,2.220446049250313e-16,0.024181505105278833,0.08759792187022863,0.08708778312506593,0.07547781074356541,0.07049610530220074,0.05741042196747259,0.04463511558106481,0.08098749482633116
losange,0.09786137931032646,0.07671598471391639,0.024181505105278833,2.220446049250313e-16,0.09871231222817023,0.10933839747471652,0.09448089987077701,0.08579352870408985,0.07842392297784795,0.0464493401810927,0.06015481653883925
isoTrapezoid,0.04118393895450023,0.0782405810280078,0.08759792187022863,0.09871231222817023,0.0,0.03516267741900492,0.02841417721332029,0.08317071092908113,0.0817844364043695,0.03277019685788285,0.05147548006504088
kite,0.040463592361883016,0.0609855728237535,0.08708778312506593,0.10933839747471652,0.03516267741900492,2.220446049250313e-16,0.015901877646661067,0.07511312530817738,0.07209965947326602,0.06471699993232316,0.08907126504602791
rightKite,0.03888580059258351,0.06134991738692519,0.07547781074356541,0.09448089987077701,0.02841417721332029,0.015901877646661067,0.0,0.07113534772853491,0.0671595926492552,0.038630523096390035,0.06912242356091669
rustedHinge,0.06460828181935707,0.05578847937783249,0.07049610530220074,0.08579352870408985,0.08317071092908113,0.07511312530817738,0.07113534772853491,0.0,0.006171368195577287,0.07449329541274707,0.07912693304948148
hinge,0.05873307435979047,0.04349181991173534,0.05741042196747259,0.07842392297784795,0.0817844364043695,0.07209965947326602,0.0671595926492552,0.006171368195577287,2.220446049250313e-16,0.0682560451139177,0.07682296556087498
trapezoid,0.04734650579580124,0.06275735891331569,0.04463511558106481,0.0464493401810927,0.03277019685788285,0.06471699993232316,0.038630523096390035,0.07449329541274707,0.0682560451139177,0.0,0.027360595166411428
random,0.08635386389294142,0.10899985215598351,0.08098749482633116,0.06015481653883925,0.05147548006504088,0.08907126504602791,0.06912242356091669,0.07912693304948148,0.07682296556087498,0.027360595166411428,0.0
