,square,rectangle,parallelogram,losange,isoTrapezoid,kite,rightKite,rustedHinge,hinge,trapezoid,random
square,0.0,0.029707142310166024,0.04470627814240413,0.061624164883054,0.019213124274902404,0.01404725308691579,0.011134872601270662,0.03187676323170341,0.030660113242568787,0.020167094047945366,0.040053850391994716
rectangle,0.029707142310166024,0.0,0.01749781229928893,0.03754606303500996,0.05285682268327918,0.03562735999600364,0.03270836677667399,0.020328112710948365,0.013865739815485112,0.034489763015173924,0.05613331913830466
parallelogram,0.04470627814240413,0.01749781229928893,2.220446049250313e-16,0.018072057176537926,0.05917784857428576,0.0506254110886567,0.043410295923015596,0.0288703626470177,0.021392874419114638,0.03505326122758334,0.052080407272444895
losange,0.061624164883054,0.03754606303500996,0.018072057176537926,0.0,0.06453803999416241,0.06429220381034073,0.05877363950948866,0.03461746751501282,0.031166210223441904,0.03796450538107443,0.03847824099297936
isoTrapezoid,0.019213124274902404,0.05285682268327918,0.05917784857428576,0.06453803999416241,0.0,0.020068619104643748,0.017869833294329895,0.04978026309583594,0.05122564970700616,0.024571791123022435,0.034464181064244426
kite,0.01404725308691579,0.03562735999600364,0.0506254110886567,0.06429220381034073,0.020068619104643748,0.0,0.010537032855694517,0.044609370988661134,0.04386621993854212,0.032592275241586255,0.049029887514977166
rightKite,0.011134872601270662,0.03270836677667399,0.043410295923015596,0.05877363950948866,0.017869833294329895,0.010537032855694517,2.220446049250313e-16,0.03910264014886611,0.03783926862133935,0.021157929347999094,0.04357238187518109
rustedHinge,0.03187676323170341,0.020328112710948365,0.0288703626470177,0.03461746751501282,0.04978026309583594,0.044609370988661134,0.03910264014886611,0.0,0.004441963366863977,0.03368081693377556,0.04248853070786973
hinge,0.030660113242568787,0.013865739815485112,0.021392874419114638,0.031166210223441904,0.05122564970700616,0.04386621993854212,0.03783926862133935,0.004441963366863977,2.220446049250313e-16,0.03159870092344874,0.04400356154010154
trapezoid,0.020167094047945366,0.034489763015173924,0.03505326122758334,0.03796450538107443,0.024571791123022435,0.032592275241586255,0.021157929347999094,0.03368081693377556,0.03159870092344874,0.0,0.0204276645986593
random,0.040053850391994716,0.05613331913830466,0.052080407272444895,0.03847824099297936,0.034464181064244426,0.049029887514977166,0.04357238187518109,0.04248853070786973,0.04400356154010154,0.0204276645986593,0.0
