,square,rectangle,parallelogram,losange,isoTrapezoid,kite,rightKite,rustedHinge,hinge,trapezoid,random
square,2.220446049250313e-16,0.019041144180941494,0.07464148791789904,0.1176028678501434,0.08329450438366004,0.08509568438309922,0.09245513200209354,0.11136354094923151,0.1001956983461505,0.076799351045443,0.14938560429569214
rectangle,0.019041144180941494,0.0,0.05389284642774006,0.10372091538311556,0.10604184072423573,0.098817313874757,0.10688430258690429,0.10682614755157305,0.09221566814249738,0.08792237402989289,0.16361446225296827
parallelogram,0.07464148791789904,0.05389284642774006,0.0,0.02495998612640349,0.09290504810688516,0.09561948753097105,0.09970310835908835,0.09586843633949405,0.08696750592183355,0.04716875853018965,0.11061256724788204
losange,0.1176028678501434,0.10372091538311556,0.02495998612640349,2.220446049250313e-16,0.10171041098575162,0.10862874426081881,0.10632741335640516,0.09567173590916689,0.09283632029723465,0.04929467159958367,0.07909622363764057
isoTrapezoid,0.08329450438366004,0.10604184072423573,0.09290504810688516,0.10171041098575162,0.0,0.03589389133476306,0.03155529855402328,0.06850481496606187,0.06825176973083891,0.03566162981050092,0.05140831955620773
kite,0.08509568438309922,0.098817313874757,0.09561948753097105,0.10862874426081881,0.03589389133476306,0.0,0.012280665565905124,0.06479144816653126,0.060398928843464206,0.05936061448267549,0.07432587681665448
rightKite,0.09245513200209354,0.10688430258690429,0.09970310835908835,0.10632741335640516,0.03155529855402328,0.012280665565905124,0.0,0.058333969724359225,0.055245343760769394,0.04706628401455748,0.05924065954409685
rustedHinge,0.11136354094923151,0.10682614755157305,0.09586843633949405,0.09567173590916689,0.06850481496606187,0.06479144816653126,0.058333969724359225,0.0,0.005646277838505687,0.07750997211599531,0.06168037452227226
hinge,0.1001956983461505,0.09221566814249738,0.08696750592183355,0.09283632029723465,0.06825176973083891,0.060398928843464206,0.055245343760769394,0.005646277838505687,2.220446049250313e-16,0.07327254497591018,0.06255393360602524
trapezoid,0.076799351045443,0.08792237402989289,0.04716875853018965,0.04929467159958367,0.03566162981050092,0.05936061448267549,0.04706628401455748,0.07750997211599531,0.07327254497591018,0.0,0.04470639799464138
random,0.14938560429569214,0.16361446225296827,0.11061256724788204,0.07909622363764057,0.05140831955620773,0.07432587681665448,0.05924065954409685,0.06168037452227226,0.06255393360602524,0.04470639799464138,0.0
