,square,rectangle,parallelogram,losange,isoTrapezoid,kite,rightKite,rustedHinge,hinge,trapezoid,random
square,0.0,0.02435906652912212,0.052484312578245484,0.0778227849033154,0.020301973571773324,0.016958126827182785,0.013411763001744847,0.03800205953796654,0.03246075882905897,0.027255368299248572,0.051567529843098425
rectangle,0.02435906652912212,0.0,0.023696187189789608,0.05477035642639738,0.05517007195956103,0.035901236852040275,0.034046860134497314,0.0304353379607486,0.018755673593678912,0.04017528538477222,0.07209427123517897
parallelogram,0.052484312578245484,0.023696187189789608,0.0,0.01861963311226844,0.0712812495087386,0.06548850159474795,0.0527186072371254,0.04523090323228518,0.0316439790379488,0.03420679448404185,0.060269653471423434
losange,0.0778227849033154,0.05477035642639738,0.01861963311226844,1.1102230246251565e-16,0.08303652678702711,0.08786658256373392,0.07299337420314977,0.0588913299428977,0.05040039074235614,0.03801922436231309,0.04674514023957388
isoTrapezoid,0.020301973571773324,0.05517007195956103,0.0712812495087386,0.08303652678702711,1.1102230246251565e-16,0.021920833352751856,0.018696149218334623,0.061464005402502964,0.05911413282289313,0.026454849023058946,0.03822929206339931
kite,0.016958126827182785,0.035901236852040275,0.06548850159474795,0.08786658256373392,0.021920833352751856,1.1102230246251565e-16,0.011508398623906957,0.05763211533563861,0.05381827267351369,0.04622878055036217,0.06869632202107256
rightKite,0.013411763001744847,0.034046860134497314,0.0527186072371254,0.07299337420314977,0.018696149218334623,0.011508398623906957,0.0,0.05358739232355669,0.04877057533976792,0.024849790169976016,0.05286634858406636
rustedHinge,0.03800205953796654,0.0304353379607486,0.04523090323228518,0.0588913299428977,0.061464005402502964,0.05763211533563861,0.05358739232355669,0.0,0.004464618868836534,0.04776703024784068,0.057983798980747125
hinge,0.03246075882905897,0.018755673593678912,0.0316439790379488,0.05040039074235614,0.05911413282289313,0.05381827267351369,0.04877057533976792,0.004464618868836534,0.0,0.04080648322612035,0.05568154513368795
trapezoid,0.027255368299248572,0.04017528538477222,0.03420679448404185,0.03801922436231309,0.026454849023058946,0.04622878055036217,0.024849790169976016,0.04776703024784068,0.04080648322612035,0.0,0.01692455972941531
random,0.051567529843098425,0.07209427123517897,0.060269653471423434,0.04674514023957388,0.03822929206339931,0.06869632202107256,0.05286634858406636,0.057983798980747125,0.05568154513368795,0.01692455972941531,0.0
