,square,rectangle,parallelogram,losange,isoTrapezoid,kite,rightKite,rustedHinge,hinge,trapezoid,random
square,0.02772009816407821,0.03811824098078037,0.11143118897924392,0.15472815539152368,0.13334535632362857,0.10820752117788081,0.1167607774735912,0.171802321648094,0.14760646171417383,0.13406397597492165,0.16751203671550755
rectangle,0.03811824098078037,0.030332071118099085,0.11155819097995404,0.15937956631393763,0.14857875144024815,0.12003217681668872,0.12907028268621545,0.17683986511821542,0.1509802884130517,0.14558226283726367,0.17859650645838665
parallelogram,0.11143118897924392,0.11155819097995405,0.07415377448960389,0.10600329568568854,0.13872712375513815,0.12257697345267643,0.1321733579690545,0.18011553920119253,0.15958707060049526,0.12062642201170681,0.15379041012449884
losange,0.15472815539152368,0.15937956631393763,0.10600329568568856,0.0881443169375265,0.14462110938646927,0.13975114282058404,0.1380141115669504,0.17361682302516215,0.16166200900920794,0.12601626908553615,0.13875007898088226
isoTrapezoid,0.13334535632362857,0.14857875144024815,0.13872712375513815,0.1446211093864693,0.05655441614743486,0.08888281141754446,0.07873928938249523,0.14862347803381332,0.13395423784300342,0.09986539157403387,0.0998221489836451
kite,0.10820752117788081,0.12003217681668875,0.1225769734526764,0.13975114282058404,0.08888281141754446,0.057691336447634134,0.06652835152975226,0.14273061492637595,0.12199411857977839,0.10402514668275713,0.11510760836516937
rightKite,0.1167607774735912,0.12907028268621543,0.13217335796905452,0.1380141115669504,0.07873928938249525,0.06652835152975226,0.04922196696973063,0.12026373908197321,0.10453922447442732,0.10279138697408235,0.09977658658726647
rustedHinge,0.171802321648094,0.17683986511821542,0.18011553920119253,0.17361682302516215,0.14862347803381332,0.14273061492637595,0.12026373908197321,0.08063573032250675,0.08122057393844063,0.16435451166605777,0.14088134448759107
hinge,0.1476064617141738,0.1509802884130517,0.15958707060049526,0.16166200900920794,0.13395423784300342,0.12199411857977838,0.10453922447442732,0.08122057393844063,0.06698225054019066,0.1477922751892406,0.12984164630567124
trapezoid,0.13406397597492165,0.14558226283726367,0.12062642201170677,0.12601626908553615,0.0998653915740339,0.10402514668275713,0.10279138697408233,0.16435451166605777,0.1477922751892406,0.07605735625846342,0.10257477219220862
random,0.16751203671550755,0.17859650645838668,0.15379041012449884,0.13875007898088226,0.0998221489836451,0.11510760836516937,0.09977658658726647,0.14088134448759107,0.12984164630567127,0.10257477219220862,0.06891566487782272
