,square,rectangle,parallelogram,losange,isoTrapezoid,kite,rightKite,rustedHinge,hinge,trapezoid,random
square,21.662826073315188,23.39300484305883,24.431782590350192,25.417899884095792,22.95115963221739,22.67510653020932,22.545353103289028,23.832547484699617,23.591444355608285,23.23697868033498,24.22972431314485
rectangle,23.39300484305883,21.687217739704906,23.243572683120693,24.386308574701882,24.52967638795141,23.73458337240075,23.692433955172103,23.28646915228318,22.767809747183673,23.953101432917787,24.93505926739049
parallelogram,24.431782590350192,23.243572683120696,22.283195453387414,23.738837097727423,25.1010356577336,24.78831728752835,24.473121732034986,24.082824686909646,23.55534537903051,24.221169181919688,25.06222106063344
losange,25.417899884095792,24.386308574701882,23.738837097727423,22.690015339736092,25.553569677518844,25.594506226450545,25.378938416524896,24.550694556737962,24.26486409003353,24.53407369390136,24.658450415326058
isoTrapezoid,22.951159632217394,24.52967638795141,25.1010356577336,25.553569677518844,21.804822723550426,23.078556813155867,23.017833669407974,24.74498320457814,24.61047494808826,23.432192819334112,24.040606849722145
kite,22.67510653020932,23.73458337240075,24.78831728752835,25.594506226450545,23.078556813155867,21.7652901003841,22.593981483586536,24.437162221619797,24.240109820863108,23.912131374704384,24.730388670071598
rightKite,22.545353103289028,23.6924339551721,24.47312173203499,25.37893841652489,23.017833669407974,22.593981483586536,21.835084572698715,24.307747676449836,24.07100506286652,23.333860743891172,24.497327392545802
rustedHinge,23.832547484699617,23.28646915228318,24.082824686909643,24.550694556737962,24.744983204578144,24.437162221619797,24.307747676449836,22.221571277577905,22.51584943419846,24.279727880917026,24.678704727372736
hinge,23.591444355608285,22.767809747183673,23.55534537903051,24.26486409003353,24.610474948088257,24.240109820863108,24.07100506286652,22.51584943419846,21.917233039323197,24.005341546354824,24.578807164152522
trapezoid,23.236978680334975,23.953101432917787,24.22116918191969,24.534073693901355,23.432192819334112,23.912131374704384,23.333860743891172,24.27972788091703,24.005341546354824,22.13634368798403,23.505595583052212
random,24.22972431314485,24.93505926739049,25.06222106063344,24.65845041532606,24.040606849722142,24.730388670071598,24.497327392545806,24.678704727372736,24.578807164152526,23.505595583052212,22.33233829594277
