,square,rectangle,parallelogram,losange,isoTrapezoid,kite,rightKite,rustedHinge,hinge,trapezoid,random
square,676.9856649227074,882.5050026974623,955.8089921896852,952.3321385581692,821.99519313314,768.4827835770138,778.6399227322958,875.8670243153474,891.8419527671908,877.5615913836439,959.0564134068059
rectangle,882.5050026974623,812.1781289236869,883.8065241413542,913.9886379332979,1013.1263532489136,938.7327235359138,920.0513088425319,947.9938675286913,922.601783389115,976.2495728909416,1061.6523783894916
parallelogram,955.8089921896853,883.8065241413542,743.6169985567041,777.565222450165,1015.1178265644214,1003.9200884403895,944.2925711849111,1000.5582280185416,956.3443638546727,915.988840556265,987.0079730605893
losange,952.3321385581694,913.9886379332977,777.565222450165,718.0442249780937,983.1164290168177,998.7828705699454,930.9056871696552,998.4440007071845,959.1473247012265,860.6836312696214,932.324092038929
isoTrapezoid,821.99519313314,1013.1263532489138,1015.1178265644214,983.116429016818,694.9282221264123,801.3118501513189,791.7609002197654,976.4169433343021,993.2558065856114,853.6050906383415,896.5791602770192
kite,768.4827835770138,938.7327235359138,1003.9200884403893,998.7828705699454,801.3118501513189,677.6892460845276,748.6768529698763,936.5664090204949,958.7790923186694,925.5750458337144,986.2576157796501
rightKite,778.6399227322958,920.0513088425316,944.2925711849111,930.9056871696549,791.7609002197653,748.6768529698762,695.3921181743668,928.0055401608963,939.5828288603699,847.781835732567,944.9593636668435
rustedHinge,875.8670243153475,947.9938675286913,1000.5582280185419,998.4440007071845,976.4169433343022,936.5664090204953,928.0055401608963,795.9258461308139,848.6754000099256,972.0832188712848,1021.5476223769358
hinge,891.8419527671908,922.601783389115,956.3443638546727,959.1473247012265,993.2558065856114,958.7790923186694,939.5828288603698,848.6754000099256,831.4637467254911,961.2203844796653,1013.1767369933341
trapezoid,877.5615913836443,976.2495728909414,915.9888405562651,860.6836312696216,853.6050906383416,925.5750458337146,847.781835732567,972.0832188712848,961.2203844796654,749.3091588177501,846.4402760585375
random,959.0564134068059,1061.6523783894916,987.0079730605893,932.324092038929,896.5791602770192,986.2576157796501,944.9593636668435,1021.5476223769358,1013.176736993334,846.4402760585377,814.756159355259
