,square,rectangle,parallelogram,losange,isoTrapezoid,kite,rightKite,rustedHinge,hinge,trapezoid,random
square,21.89293297750967,23.545972836745083,24.56875010898782,25.53770389720893,23.16256646891997,22.898469934136504,22.778610405227766,24.016091709940135,23.76199721782349,23.436163773464006,24.389418349784705
rectangle,23.545972836745083,21.90350284378195,23.44135000776427,24.552611753970563,24.652177646096714,23.90149114561856,23.85984739057362,23.488125568395034,22.970969003394384,24.111946765150098,25.05037450899831
parallelogram,24.56875010898782,23.441350007764267,22.58973126250792,24.018307660228682,25.236819776683273,24.938686693966694,24.648050282394887,24.289884284788176,23.76457447468257,24.439210475322405,25.24025062813529
losange,25.537703897208925,24.55261175397056,24.018307660228682,23.053796748053053,25.700501173722234,25.7363417865663,25.543626802936902,24.76327545155346,24.463847569079107,24.77960867882885,24.90074887919127
isoTrapezoid,23.162566468919973,24.652177646096714,25.236819776683273,25.700501173722234,22.096636418534082,23.316735399269536,23.265800746307892,24.90684975838082,24.75574875851327,23.668217806543755,24.258389357919036
kite,22.898469934136504,23.90149114561856,24.938686693966694,25.7363417865663,23.316735399269533,22.05917105032178,22.861135491650455,24.623993096623003,24.40951494487428,24.09950350528681,24.888749553400647
rightKite,22.77861040522777,23.85984739057362,24.64805028239489,25.543626802936906,23.265800746307892,22.861135491650455,22.1341061248661,24.493176432066353,24.242651566631388,23.574077321000367,24.68560511316191
rustedHinge,24.016091709940138,23.488125568395034,24.289884284788176,24.76327545155346,24.90684975838082,24.623993096623003,24.493176432066353,22.548391260472425,22.808760824845525,24.472113125394685,24.866543272651757
hinge,23.76199721782349,22.970969003394387,23.764574474682572,24.463847569079107,24.75574875851327,24.40951494487428,24.242651566631384,22.808760824845525,22.191939469110753,24.188018542040997,24.746804402525918
trapezoid,23.436163773464006,24.111946765150098,24.439210475322408,24.77960867882885,23.668217806543755,24.09950350528681,23.574077321000367,24.47211312539469,24.188018542040997,22.443129848120066,23.780633868128916
random,24.389418349784705,25.050374508998317,25.240250628135286,24.90074887919127,24.258389357919036,24.88874955340065,24.685605113161913,24.866543272651757,24.746804402525914,23.780633868128913,22.655302538706405
