,square,rectangle,parallelogram,losange,isoTrapezoid,kite,rightKite,rustedHinge,hinge,trapezoid,random
square,31.39850221219553,33.34928009500638,34.54681573317794,35.65683418736745,32.995723649560645,32.66763584044625,32.56547673301023,33.929764699964366,33.64595559220455,33.25081481599397,34.40017736248315
rectangle,33.34928009500638,31.42239402496543,33.29946094833773,34.5573628953991,34.65995527304072,33.812463883718614,33.75845931336189,33.3242576433961,32.75307232185091,34.016767567123,35.1452701396759
parallelogram,34.54681573317794,33.29946094833773,32.46803462915912,34.13940305203263,35.376935409654436,35.009831498514956,34.72299614759446,34.301076921754444,33.722019460758254,34.546562786526145,35.50113163486766
losange,35.65683418736746,34.5573628953991,34.13940305203263,33.12725680720232,35.932835659432726,35.93496325591283,35.753365434336786,34.88505605464841,34.531569567012006,34.99742170396502,35.21137512833175
isoTrapezoid,32.995723649560645,34.65995527304072,35.37693540965443,35.932835659432726,31.826030143732353,33.24550794262432,33.19960804135049,34.99449479563622,34.83142422976231,33.64345513819438,34.37223363102927
kite,32.66763584044625,33.812463883718614,35.00983149851495,35.93496325591283,33.24550794262432,31.76941682856288,32.745605943321316,34.673463142781735,34.423302433112305,34.01917375617293,34.98101011470344
rightKite,32.56547673301022,33.75845931336189,34.72299614759446,35.75336543433679,33.19960804135049,32.74560594332131,31.8826403774708,34.51151734840441,34.22749042687006,33.51592536266193,34.805790510600026
rustedHinge,33.929764699964366,33.3242576433961,34.301076921754444,34.88505605464841,34.99449479563622,34.673463142781735,34.51151734840442,32.38838165233465,32.73383846576294,34.47941231972711,35.04620583418668
hinge,33.64595559220455,32.75307232185091,33.72201946075825,34.531569567012006,34.83142422976231,34.423302433112305,34.22749042687007,32.73383846576294,31.927968662648865,34.16167538893311,34.89967504260798
trapezoid,33.25081481599397,34.016767567123,34.546562786526145,34.99742170396502,33.643455138194376,34.01917375617293,33.51592536266193,34.47941231972712,34.16167538893312,32.22540657093825,33.89456598589232
random,34.40017736248315,35.1452701396759,35.501131634867654,35.21137512833175,34.37223363102926,34.98101011470344,34.80579051060002,35.04620583418668,34.89967504260798,33.89456598589232,32.651391417615045
