,square,rectangle,parallelogram,losange,isoTrapezoid,kite,rightKite,rustedHinge,hinge,trapezoid,random
square,745.7197378914911,962.83530123924,1049.4937703131739,1053.9398003210817,917.4883768528352,870.348038304578,877.135686468094,978.842566329642,994.278352573302,975.5338348644883,1067.060904561275
rectangle,962.83530123924,881.5983722045952,970.8702060583244,1010.7233922355143,1112.6522942505326,1039.8452603109483,1019.1471924026604,1048.4491182785068,1021.9568168241606,1075.5678998805186,1171.0683687045912
parallelogram,1049.493770313174,970.8702060583244,812.8823863416592,855.9782236837904,1112.695873100602,1105.0293518425906,1040.8197432312716,1099.1204220990587,1052.843944641417,1006.765540625,1087.3483104923234
losange,1053.9398003210817,1010.7233922355143,855.9782236837904,791.1616020088946,1084.5262792816225,1104.7982974378444,1032.0600980185177,1100.0702905684468,1059.3887056936865,953.098080053636,1031.4804146141332
isoTrapezoid,917.4883768528352,1112.6522942505326,1112.695873100602,1084.5262792816225,770.3004828018892,891.1233152441048,877.4333411251604,1073.3510991090654,1090.1174855293789,940.3761893047175,990.5485378111174
kite,870.348038304578,1039.8452603109483,1105.0293518425904,1104.7982974378444,891.1233152441048,755.9476475534495,830.6249422552302,1033.2356323688011,1055.253555816646,1021.5776895716241,1087.5631024691393
rightKite,877.135686468094,1019.1471924026604,1040.8197432312716,1032.0600980185177,877.4333411251604,830.6249422552302,767.7480931433,1020.9425776117193,1032.1326737066552,935.8540023334475,1039.9223378365084
rustedHinge,978.842566329642,1048.4491182785068,1099.120422099059,1100.0702905684468,1073.3510991090654,1033.2356323688011,1020.9425776117193,871.4765328319382,928.9471660199138,1067.8997646162911,1119.661661454747
hinge,994.2783525733018,1021.9568168241606,1052.843944641417,1059.3887056936865,1090.117485529379,1055.2535558166458,1032.1326737066552,928.9471660199138,909.624965466718,1056.2068650851224,1110.8444909550524
trapezoid,975.5338348644885,1075.5678998805186,1006.765540625,953.098080053636,940.3761893047175,1021.5776895716241,935.8540023334474,1067.8997646162911,1056.2068650851222,823.7180289467487,933.2286395230863
random,1067.060904561275,1171.0683687045912,1087.348310492323,1031.4804146141332,990.5485378111174,1087.5631024691395,1039.9223378365084,1119.661661454747,1110.8444909550524,933.2286395230863,893.9807408872929
