,square,rectangle,parallelogram,losange,isoTrapezoid,kite,rightKite,rustedHinge,hinge,trapezoid,random
square,22.13648678426829,24.12746085660026,25.33492033927419,26.437055442164866,23.603479101328794,23.297068216978687,23.123645834495584,24.570875269830157,24.34560925463646,23.9151962724638,25.06640985057216
rectangle,24.12746085660026,22.193604548419714,23.948127591168117,25.254814630222906,25.460049366269647,24.525977796330686,24.465684230664877,23.980568551443444,23.425630453145317,24.753981116761807,25.923817871000384
parallelogram,25.334920339274184,23.948127591168113,22.75259827760307,24.356307327174235,26.11036951771088,25.748665707474636,25.345537377788943,24.87042845349903,24.30386619287106,24.95881480658319,25.960072616279056
losange,26.43705544216487,25.254814630222903,24.356307327174235,23.095861391194127,26.596624528803225,26.65002631180267,26.343230640819815,25.39202432531977,25.106204032777562,25.252123847918504,25.43851712494999
isoTrapezoid,23.603479101328794,25.460049366269647,26.11036951771088,26.596624528803233,22.270211257712802,23.742208429041955,23.638426662745267,25.63737767395722,25.53563092260918,24.101087490014827,24.790164978525873
kite,23.297068216978683,24.525977796330686,25.74866570747463,26.65002631180267,23.742208429041955,22.23290002092521,23.155812703571183,25.280492597939837,25.109168226497907,24.725041604044417,25.667362162530345
rightKite,23.123645834495587,24.465684230664873,25.34553737778894,26.343230640819815,23.638426662745267,23.15581270357118,22.262482313181362,25.126335414527983,24.912306168822045,23.97838336478251,25.325840320669556
rustedHinge,24.570875269830157,23.980568551443444,24.870428453499034,25.39202432531977,25.63737767395722,25.280492597939837,25.126335414527986,22.59884583028216,22.990378941781305,25.064382184680298,25.524244014280466
hinge,24.34560925463646,23.425630453145317,24.30386619287106,25.106204032777562,25.53563092260918,25.10916822649791,24.912306168822045,22.990378941781305,22.39442132696353,24.79618571316066,25.457546803466954
trapezoid,23.9151962724638,24.75398111676181,24.958814806583188,25.252123847918508,24.10108749001483,24.725041604044417,23.97838336478251,25.064382184680294,24.79618571316066,22.560893045906223,24.081553333381482
random,25.066409850572168,25.923817871000377,25.960072616279056,25.438517124949993,24.790164978525873,25.667362162530345,25.325840320669563,25.524244014280466,25.457546803466954,24.08155333338148,22.766453682223638
