,square,rectangle,parallelogram,losange,isoTrapezoid,kite,rightKite,rustedHinge,hinge,trapezoid,random
square,24.401176544044546,26.076000769952984,27.1174957097984,28.120210096424586,25.740606526483848,25.478347813760447,25.379379856054886,26.605507478255216,26.32868748415468,25.99311395843587,26.95894518994791
rectangle,26.076000769952984,24.420680486102082,26.025272088044055,27.162424083079028,27.2102978165002,26.48301155921448,26.44486542065502,26.077301731295453,25.542830165695094,26.6712556626989,27.61539073099257
parallelogram,27.1174957097984,26.025272088044055,25.249057028873125,26.734924041109178,27.819828148959385,27.534145866936324,27.266342112269825,26.92417209700183,26.381441647871345,27.080490068868833,27.88263082425191
losange,28.120210096424582,27.162424083079028,26.734924041109178,25.831655865776415,28.326931552672164,28.366958065902935,28.199480713011596,27.440641087662396,27.11315270908138,27.48068167708036,27.617817085543024
isoTrapezoid,25.740606526483848,27.2102978165002,27.819828148959385,28.32693155267216,24.705117461475425,25.94812852016907,25.911914625957976,27.527137101035834,27.353117065502644,26.291884323410635,26.8985316653904
kite,25.478347813760447,26.48301155921448,27.534145866936324,28.366958065902935,25.94812852016907,24.687534401697654,25.521608569093026,27.25901384941294,27.018527785191285,26.68364387269384,27.48696755468463
rightKite,25.379379856054886,26.44486542065502,27.266342112269825,28.199480713011596,25.911914625957976,25.521608569093026,24.78805596284487,27.131010042162796,26.856140885919793,26.21062998587247,27.321198319452648
rustedHinge,26.605507478255216,26.07730173129545,26.92417209700183,27.440641087662396,27.527137101035837,27.25901384941294,27.131010042162796,25.237102316702334,25.487538062306164,27.093781541860277,27.521548577590618
hinge,26.32868748415468,25.542830165695094,26.381441647871345,27.11315270908138,27.353117065502655,27.018527785191285,26.856140885919793,25.487538062306164,24.80447762236427,26.787576143790297,27.372582180942814
trapezoid,25.99311395843587,26.6712556626989,27.080490068868837,27.48068167708036,26.291884323410635,26.68364387269383,26.21062998587247,27.09378154186027,26.787576143790297,25.06721893317489,26.460331841734707
random,26.95894518994791,27.61539073099257,27.88263082425191,27.617817085543024,26.8985316653904,27.48696755468463,27.321198319452648,27.521548577590618,27.372582180942807,26.4603318417347,25.334407335118808
