,square,rectangle,parallelogram,losange,isoTrapezoid,kite,rightKite,rustedHinge,hinge,trapezoid,random
square,24.42372676708999,26.840611265169162,28.321110732850432,29.61665208930116,26.216806965875676,25.840822374104704,25.600283122808932,27.334636013832174,27.114439668017866,26.55643590225843,27.96609876177024
rectangle,26.840611265169162,24.484679179701267,26.605311106424292,28.19766762681588,28.510816912285968,27.323867143436136,27.22926041906946,26.627755280211584,25.998843312542288,27.577117619522006,29.050032433312822
parallelogram,28.321110732850432,26.605311106424292,24.96379251903067,26.835257530635705,29.26065875464279,28.81299665846706,28.250397967304234,27.669231923018074,27.027615072844522,27.656894326150187,28.89951767939639
losange,29.61665208930116,28.197667626815882,26.83525753063571,25.2287655492917,29.796802344314237,29.863211940637573,29.39310658024002,28.30737513415315,28.009046432524208,27.92692345944152,28.194759147208227
isoTrapezoid,26.216806965875676,28.510816912285968,29.26065875464279,29.796802344314237,24.545621151632893,26.341752406594043,26.16508450798394,28.66835719003846,28.603565104032345,26.73108942408149,27.54658206708379
kite,25.840822374104704,27.323867143436136,28.81299665846706,29.863211940637573,26.341752406594043,24.464287332053683,25.559377311874986,28.196803828952145,28.053458020353148,27.55771986090267,28.70043851252594
rightKite,25.600283122808932,27.22926041906945,28.25039796730424,29.39310658024002,26.16508450798394,25.559377311874986,24.418168039165412,28.0017013894055,27.806097311344082,26.52898935739823,28.173625233349323
rustedHinge,27.33463601383218,26.627755280211584,27.669231923018074,28.30737513415315,28.66835719003846,28.196803828952145,28.001701389405493,24.72641679313176,25.27806150649958,27.902606286726808,28.460907048092817
hinge,27.114439668017866,25.998843312542295,27.027615072844522,28.009046432524208,28.603565104032345,28.053458020353155,27.806097311344082,25.278061506499583,24.64746979489805,27.625295050069372,28.427151454842402
trapezoid,26.55643590225843,27.577117619522,27.656894326150187,27.92692345944152,26.73108942408149,27.55771986090267,26.52898935739824,27.902606286726815,27.625295050069372,24.742075474497664,26.524295036438744
random,27.96609876177024,29.050032433312822,28.89951767939639,28.194759147208234,27.54658206708379,28.70043851252594,28.173625233349323,28.460907048092817,28.427151454842395,26.524295036438758,24.957669745977473
