,square,rectangle,parallelogram,losange,isoTrapezoid,kite,rightKite,rustedHinge,hinge,trapezoid,random
square,65.86552116897563,68.22567224684877,69.56742417647887,70.79906064464349,68.10034627852353,67.85826175658285,67.77130245000198,68.92343344457285,68.61855307745947,68.288647093655,69.56502053086942
rectangle,68.22567224684877,65.59024359377992,68.16638073878045,69.55212261674497,69.51415720363428,68.80205334322686,68.6741392916372,68.17510311790265,67.60559217765973,68.89331926922732,70.18050885508165
parallelogram,69.56742417647887,68.16638073878045,67.2039522497954,69.45602680926962,70.45932373035926,70.11905408839958,69.85698896091688,69.33133894132195,68.75330908125416,69.69671955503644,70.75028288075043
losange,70.79906064464349,69.55212261674497,69.45602680926962,68.25138817578033,71.15165049929881,71.19876139772674,71.00381532307841,70.10054388422496,69.69667366882386,70.29945685380575,70.67465416789415
isoTrapezoid,68.10034627852353,69.51415720363428,70.45932373035926,71.1516504992988,66.42607690571755,68.48205328694425,68.37669261034267,69.975937607403,69.80061904012231,68.79755937734073,69.56408519124523
kite,67.85826175658285,68.80205334322686,70.11905408839958,71.19876139772674,68.48205328694425,66.6834451098085,68.10275081028406,69.7973607510213,69.5014240907754,69.20136176565404,70.25873671959415
rightKite,67.77130245000198,68.6741392916372,69.85698896091688,71.00381532307841,68.37669261034267,68.10275081028406,66.66017875849055,69.56778392365666,69.25956181781464,68.71626628048864,70.05607013963146
rustedHinge,68.92343344457285,68.17510311790264,69.33133894132196,70.10054388422496,69.975937607403,69.7973607510213,69.56778392365665,66.9944880087138,67.82544489738669,69.48668311685354,70.26122811904068
hinge,68.61855307745947,67.60559217765973,68.75330908125417,69.69667366882386,69.80061904012233,69.5014240907754,69.25956181781463,67.82544489738669,66.43113974773561,69.15582476746924,70.07190171414237
trapezoid,68.28864709365502,68.89331926922732,69.69671955503644,70.29945685380574,68.79755937734072,69.20136176565404,68.71626628048865,69.48668311685354,69.15582476746926,66.9644684212782,69.2500162745392
random,69.56502053086942,70.18050885508165,70.75028288075043,70.67465416789415,69.56408519124521,70.25873671959417,70.05607013963146,70.2612281190407,70.07190171414237,69.2500162745392,67.67139507430612
