,square,rectangle,parallelogram,losange,isoTrapezoid,kite,rightKite,rustedHinge,hinge,trapezoid,random
square,95.30302583661243,118.1646792446234,129.853215006048,131.96549006876157,111.38947463714636,107.03925536238782,107.17786798188244,120.47463727397432,120.6047434829895,117.9051366926523,129.74600981061187
rectangle,118.1646792446234,106.18686950806084,119.183453380802,125.86707200764637,132.59324731614322,123.95723473220042,122.59915292588104,124.75626844875401,121.07531522362572,128.654825098534,141.42179312548834
parallelogram,129.853215006048,119.183453380802,102.20263196613926,109.82925887941711,135.06414476571683,135.27247505918416,127.57636385622457,134.80844379549666,128.82652447011205,123.47353580677552,134.50836006617578
losange,131.96549006876157,125.86707200764637,109.82925887941711,100.58006477208369,132.88064689728972,136.43200987267065,127.59240155105304,136.67972854668142,131.69240890592602,118.43894128150288,127.71585534720904
isoTrapezoid,111.38947463714636,132.59324731614322,135.06414476571686,132.88064689728972,96.76536804884141,111.26062171812931,107.68440029543177,132.7515782569857,132.7464493481254,114.04309559883973,121.6537984829257
kite,107.03925536238782,123.95723473220042,135.27247505918416,136.43200987267065,111.26062171812931,94.18982963456237,102.66147432513313,128.11406835926934,128.89891676294067,124.85782268000216,133.62908577160792
rightKite,107.17786798188244,122.59915292588104,127.57636385622457,127.59240155105304,107.68440029543177,102.66147432513311,93.21851033470841,127.21031212846034,126.92262592049896,112.91921862326552,126.54500929704595
rustedHinge,120.47463727397432,124.75626844875404,134.80844379549666,136.67972854668142,132.7515782569857,128.1140683592693,127.21031212846034,107.25413987357906,111.96148567253698,132.18151377387647,138.23506099454306
hinge,120.60474348298948,121.07531522362572,128.82652447011205,131.692408905926,132.7464493481254,128.89891676294064,126.92262592049896,111.96148567253701,109.10434828505373,129.83378748013598,136.40496344912785
trapezoid,117.9051366926523,128.654825098534,123.47353580677552,118.43894128150288,114.04309559883973,124.85782268000216,112.91921862326552,132.18151377387647,129.83378748013595,100.98662287496309,115.65599416723381
random,129.74600981061187,141.4217931254883,134.50836006617578,127.71585534720907,121.6537984829257,133.62908577160792,126.54500929704595,138.23506099454306,136.40496344912785,115.65599416723381,110.13997596034572
