,square,rectangle,parallelogram,losange,isoTrapezoid,kite,rightKite,rustedHinge,hinge,trapezoid,random
square,521.240525711448,680.1311416422345,734.5153203064326,729.0582921131618,625.6762960729966,579.2480021960673,588.4530058181145,665.882775675078,678.2788289277489,670.0083379362882,732.0164908607542
rectangle,680.1311416422345,625.2518367201693,677.2037852181767,698.6294104655956,776.0304540521039,714.3492988849648,700.6132754633126,722.9997483347308,702.4518253986976,747.0976911155904,813.323447226107
parallelogram,734.5153203064326,677.2037852181767,569.5058749501133,594.3002106366209,777.1095165217795,766.7718381390264,719.8739377841325,766.9181884108318,731.0697288742605,700.5352194255411,755.4615774345822
losange,729.0582921131618,698.6294104655956,594.3002106366209,548.2588846767036,750.2323647703428,761.0096372522729,707.0160380085986,764.2859983775337,732.0939864268433,654.9567441848257,711.5736244108045
isoTrapezoid,625.6762960729966,776.0304540521038,777.1095165217796,750.2323647703428,530.6135251306033,610.327857831917,602.0662079609588,748.055523702141,760.2145103323467,651.8294549403143,684.6073259070374
kite,579.2480021960673,714.3492988849648,766.7718381390264,761.0096372522729,610.327857831917,513.2679591465653,568.0223646016308,714.3959336742705,731.5339249221888,705.9958066500255,753.1818868293791
rightKite,588.4530058181145,700.6132754633126,719.8739377841325,707.0160380085987,602.0662079609588,568.0223646016307,527.1973411723332,708.7237171881939,717.0835765771016,644.6355541436315,720.8875561821872
rustedHinge,665.882775675078,722.9997483347308,766.9181884108319,764.2859983775336,748.055523702141,714.3959336742704,708.723717188194,608.9083462169851,648.5573151250587,744.3287201317672,784.1813905207825
hinge,678.2788289277489,702.4518253986975,731.0697288742605,732.0939864268435,760.2145103323465,731.5339249221888,717.0835765771016,648.5573151250587,635.725384535947,735.2267658498004,776.8993382623793
trapezoid,670.0083379362882,747.0976911155905,700.5352194255411,654.9567441848257,651.8294549403143,705.9958066500255,644.6355541436315,744.3287201317672,735.2267658498004,572.3449052496866,647.0505880309482
random,732.0164908607542,813.323447226107,755.4615774345822,711.5736244108045,684.6073259070374,753.1818868293791,720.8875561821872,784.1813905207825,776.8993382623793,647.0505880309483,625.3478706354484
