,square,rectangle,parallelogram,losange,isoTrapezoid,kite,rightKite,rustedHinge,hinge,trapezoid,random
square,736.5286179930424,955.629044512281,1036.849086886647,1038.1459124406144,900.2710998402883,850.7414328676248,859.1271439692164,962.4586642181923,978.2876233875095,958.4608578938642,1049.3850789533556
rectangle,955.629044512281,876.9814278661714,958.6483961634854,995.2481729997982,1098.2895685844228,1023.9897979313542,1003.5865842004905,1033.6839220006195,1007.1664647077814,1060.3278287876456,1154.264078302133
parallelogram,1036.849086886647,958.6483961634854,804.2274748100083,844.4141997536441,1098.3164680651787,1089.014154626253,1025.2209956423044,1083.5157508294951,1037.4521359325265,992.826316803147,1071.1620754146488
losange,1038.1459124406144,995.248172999798,844.4141997536443,780.3314256778106,1068.220957937471,1087.1311158394105,1014.9591119221274,1083.3909022665985,1042.6687230682342,937.7243152724417,1014.7280151592287
isoTrapezoid,900.2710998402881,1098.2895685844228,1098.3164680651787,1068.220957937471,757.2463211267296,875.4538837604555,863.7049337662485,1059.0687823388516,1076.6539088127417,927.3934096204484,976.189053867013
kite,850.7414328676248,1023.989797931354,1089.014154626253,1087.1311158394103,875.4538837604553,742.4587725894647,817.8819470289641,1019.2675058187272,1042.0903432169482,1007.5598999295473,1073.4925116871514
rightKite,859.1271439692164,1003.5865842004905,1025.2209956423044,1014.9591119221274,863.7049337662485,817.8819470289641,758.0202425461704,1008.4582827370366,1020.4010079174462,923.4245225726692,1027.4717952688623
rustedHinge,962.4586642181923,1033.6839220006195,1083.5157508294951,1083.3909022665985,1059.0687823388516,1019.2675058187272,1008.4582827370364,863.0132874793278,920.0122042511714,1054.371431091112,1106.4084420212625
hinge,978.2876233875095,1007.1664647077814,1037.4521359325265,1042.6687230682342,1076.6539088127417,1042.0903432169482,1020.4010079174461,920.0122042511716,901.0332836597922,1042.9970812023807,1097.9122819393563
trapezoid,958.4608578938644,1060.3278287876453,992.826316803147,937.7243152724419,927.3934096204484,1007.5598999295473,923.4245225726692,1054.3714310911118,1042.9970812023807,813.4695202282286,920.9221031153093
random,1049.3850789533556,1154.264078302133,1071.1620754146488,1014.7280151592287,976.189053867013,1073.4925116871514,1027.4717952688623,1106.4084420212625,1097.9122819393563,920.9221031153093,883.394979770157
