,square,rectangle,parallelogram,losange,isoTrapezoid,kite,rightKite,rustedHinge,hinge,trapezoid,random
square,59.225104122484446,69.34669918580406,76.25485999812237,79.72042566862208,67.85991416290008,67.1180282210423,66.44467903017409,72.47279137188677,72.00532546817684,70.07892080822552,76.53851318087533
rectangle,69.34669918580406,61.963584786401064,70.52422841630694,76.0793732155714,77.38985104212345,73.75276097601474,73.03861548749775,72.25917402498534,70.22286528471113,74.68774098372539,81.58304289278388
parallelogram,76.25485999812237,70.52422841630694,61.9834737423546,67.79902834655809,80.02807289311251,80.15279967741917,76.51835683691888,77.16837865149299,74.42743017506433,72.88470579280593,78.83878808727822
losange,79.7204256686221,76.07937321557138,67.79902834655809,61.64140210302219,80.66912562708916,82.48055555623098,78.69564998760066,79.23831333355315,77.49234477925654,72.11719296703876,75.51560948912629
isoTrapezoid,67.85991416290008,77.38985104212345,80.02807289311251,80.66912562708916,60.33403858376587,68.38318552497437,66.89999469007238,78.43337957296322,78.43061338725589,69.21147240050925,73.20549786535354
kite,67.1180282210423,73.75276097601473,80.15279967741917,82.48055555623097,68.38318552497437,59.75275254466087,64.22582493846936,76.81195801249208,76.79021996667537,74.95802702960093,79.36337214235846
rightKite,66.44467903017409,73.03861548749775,76.51835683691888,78.69564998760066,66.89999469007236,64.22582493846936,59.011080422126064,76.13930514078228,75.79779865198003,69.0041761748766,75.78359106582622
rustedHinge,72.47279137188677,72.25917402498534,77.16837865149299,79.23831333355315,78.43337957296323,76.81195801249208,76.13930514078228,62.31523073459618,64.77780459397019,76.83992883948628,79.04988200634108
hinge,72.00532546817684,70.22286528471113,74.42743017506433,77.49234477925654,78.43061338725589,76.79021996667537,75.79779865198003,64.77780459397017,62.92103012758519,75.78033883723108,78.4878685555386
trapezoid,70.07892080822552,74.68774098372539,72.88470579280593,72.11719296703876,69.21147240050925,74.95802702960093,69.0041761748766,76.83992883948628,75.78033883723107,61.082119210839956,68.6015851240958
random,76.53851318087533,81.58304289278388,78.83878808727822,75.51560948912628,73.20549786535354,79.36337214235846,75.78359106582622,79.04988200634108,78.4878685555386,68.6015851240958,63.72742152133869
