,square,rectangle,parallelogram,losange,isoTrapezoid,kite,rightKite,rustedHinge,hinge,trapezoid,random
square,218.56261189793804,281.86607964505237,306.3238329488372,303.91837965356336,258.0104318672523,238.46481395649886,241.9624182861035,276.9290660097954,280.5278468409067,277.56375792669655,304.19043562720924
rectangle,281.8660796450523,255.80283851877553,279.8888630671386,289.7581304449231,317.8447399398956,290.9754111817573,286.75161734077676,297.08792153718014,288.2191647912468,307.9297338098471,336.960809009141
parallelogram,306.3238329488372,279.88886306713863,236.5484364686182,248.95708136669742,319.25763965268004,315.88582213543623,296.17720529893825,320.1466725951276,304.2704082841971,290.8743888117681,315.23592226567365
losange,303.91837965356336,289.7581304449231,248.95708136669742,229.31891734797378,308.002677062215,313.49172521848755,290.1150644679397,319.7533590957154,305.24330200379086,271.7031849424866,296.90679754672067
isoTrapezoid,258.0104318672523,317.84473993989565,319.25763965268004,308.002677062215,220.34925956380525,253.6489093154014,246.870808853556,310.8374888679699,312.89770189162016,267.36651004652646,283.23049649418317
kite,238.46481395649886,290.9754111817573,315.88582213543623,313.49172521848755,253.6489093154014,210.8914733611134,232.776342053712,295.704837414021,300.6949922178135,290.9075712321522,311.65803602777777
rightKite,241.9624182861035,286.7516173407767,296.17720529893825,290.1150644679397,246.870808853556,232.77634205371197,213.07718670606002,293.6910678693199,294.99192802962256,262.9573906182664,296.14148537526734
rustedHinge,276.9290660097954,297.08792153718014,320.1466725951276,319.7533590957153,310.8374888679699,295.704837414021,293.6910678693199,252.8059120252425,266.4999004032595,310.5536315651054,327.6133713318073
hinge,280.5278468409067,288.2191647912468,304.2704082841971,305.24330200379086,312.89770189162016,300.6949922178135,294.99192802962256,266.4999004032595,261.0439964720757,305.38249218665743,323.02898198935924
trapezoid,277.56375792669655,307.92973380984705,290.87438881176814,271.70318494248664,267.36651004652646,290.9075712321521,262.9573906182664,310.5536315651054,305.38249218665743,236.58793826210263,270.22798080510137
random,304.19043562720924,336.960809009141,315.23592226567365,296.9067975467206,283.23049649418317,311.65803602777777,296.1414853752674,327.61337133180723,323.02898198935924,270.2279808051014,261.6178680252006
