,square,rectangle,parallelogram,losange,isoTrapezoid,kite,rightKite,rustedHinge,hinge,trapezoid,random
square,74.35744936922968,89.8989787948164,98.93770910902272,101.8470359154487,86.18996309725605,83.89258909878346,83.53826000000542,92.7146989087445,92.49200619482146,90.2160569452496,98.94563941407992
rectangle,89.8989787948164,80.54531796971088,91.10655142907942,97.14875724940406,100.64530170117528,94.80827990123795,93.8537407611364,94.28718622975582,91.58280300614013,97.43701908190475,106.80610994291155
parallelogram,98.9377091090227,91.10655142907942,78.87854784559113,85.46521430317962,103.24212481672123,103.39264527462699,98.01303318488357,101.47018469636744,97.39206190513754,94.19468383351685,102.32526205399859
losange,101.84703591544871,97.14875724940406,85.46521430317961,77.96906038815702,102.70426198374471,105.2626988335301,99.34963803648915,103.53096047278292,100.45965371394732,91.67369334760154,97.55872248432772
isoTrapezoid,86.18996309725605,100.64530170117528,103.24212481672123,102.70426198374473,75.559936444554,86.25976218401233,83.89852999678631,101.28522931163653,101.311711135781,88.00024378406998,93.51953443864741
kite,83.89258909878346,94.80827990123797,103.39264527462701,105.2626988335301,86.25976218401233,74.06318299861357,80.23898708593104,98.36412563494027,98.69354619073408,95.87942169467418,102.15641857484123
rightKite,83.53826000000542,93.8537407611364,98.01303318488357,99.34963803648915,83.89852999678631,80.23898708593104,73.19388632114381,97.63981867329373,97.34717309884289,87.3676191805822,97.06877720204727
rustedHinge,92.7146989087445,94.28718622975582,101.47018469636744,103.53096047278292,101.28522931163653,98.36412563494028,97.63981867329373,81.19002856777533,84.5781260606265,100.21381534892164,104.03767694000604
hinge,92.49200619482144,91.58280300614013,97.39206190513754,100.45965371394732,101.311711135781,98.69354619073407,97.34717309884289,84.5781260606265,82.28095946961196,98.6263691340579,102.95291117890349
trapezoid,90.2160569452496,97.43701908190475,94.19468383351685,91.67369334760154,88.00024378406998,95.87942169467418,87.3676191805822,100.21381534892164,98.6263691340579,77.77689813706165,88.33958897396164
random,98.9456394140799,106.80610994291155,102.32526205399859,97.55872248432772,93.51953443864741,102.15641857484123,97.06877720204726,104.03767694000604,102.95291117890349,88.33958897396164,83.16591562667278
