,square,rectangle,parallelogram,losange,isoTrapezoid,kite,rightKite,rustedHinge,hinge,trapezoid,random
square,35.547634776442976,39.67721980443663,42.587244218030854,44.81191873424533,38.999228364630305,38.599585366297454,38.11500379762251,40.934990505280226,40.61066262975715,39.52179652165188,42.2541956158615
rectangle,39.67721980443663,35.634278429147685,39.64462249353304,42.61991181883377,42.99591037670992,41.046923286702665,40.798264103385826,39.86724137996407,38.83470813660995,41.27840295697682,44.23599670986593
parallelogram,42.587244218030854,39.644622493533035,35.996817186401785,39.233297920261315,44.34711573438437,43.8856793270968,42.54659319404419,41.74378835077262,40.60756303840533,40.82606665113755,43.308751188293854
losange,44.81191873424533,42.61991181883378,39.233297920261315,35.99725760847083,45.17629883878193,45.57773988633102,44.33235922360523,42.891804721820876,42.38390484243902,41.08011024217593,41.86090916304526
isoTrapezoid,38.999228364630305,42.99591037670992,44.34711573438437,45.17629883878194,35.74954860632745,39.2444436708024,38.780492079599306,43.4479213566123,43.43627651922341,39.62001416542916,41.17599657113655
kite,38.599585366297454,41.046923286702665,43.88567932709681,45.57773988633102,39.2444436708024,35.65703015630968,37.63948112117309,42.76846963996556,42.649335286990755,41.67597968483734,43.74279567318558
rightKite,38.11500379762251,40.798264103385826,42.54659319404419,44.33235922360523,38.780492079599306,37.63948112117309,35.35185648063159,42.461691349626676,42.23703196321082,39.34829945406338,42.401741300116086
rustedHinge,40.93499050528023,39.86724137996407,41.74378835077262,42.891804721820876,43.4479213566123,42.76846963996556,42.461691349626676,35.59056793423503,36.7721216418816,42.02689718794773,42.961329434217014
hinge,40.61066262975716,38.83470813660995,40.60756303840533,42.38390484243902,43.436276519223405,42.649335286990755,42.237031963210825,36.7721216418816,35.83881232077964,41.592077210568256,42.90936666079831
trapezoid,39.52179652165188,41.27840295697683,40.82606665113755,41.08011024217593,39.62001416542916,41.67597968483734,39.34829945406338,42.02689718794773,41.59207721056825,35.61412726021228,38.770260730545374
random,42.2541956158615,44.23599670986592,43.308751188293854,41.86090916304526,41.17599657113656,43.74279567318559,42.401741300116086,42.961329434217014,42.90936666079832,38.770260730545374,36.0651895390414
