,square,rectangle,parallelogram,losange,isoTrapezoid,kite,rightKite,rustedHinge,hinge,trapezoid,random
square,0.28837892172152324,0.33278971441958444,0.35722798514828674,0.38747120432950893,0.3170619804871439,0.30938983824580124,0.3039254222673537,0.34059509656821935,0.3364410659403415,0.3233358097346741,0.3543822332580862
rectangle,0.3327897144195844,0.29220007315597807,0.3180566333709904,0.348814460275154,0.3676092118088929,0.342221779797015,0.34002271482450636,0.3233826163370144,0.3113643323351886,0.34573573723403733,0.37793154817077856
parallelogram,0.3572279851482867,0.3180566333709904,0.3008088029437138,0.32963121408312285,0.3808066342972798,0.36746190737945966,0.3571285382444784,0.3397380267165967,0.32666841942308394,0.34733201263372676,0.3766932167787984
losange,0.3874712043295089,0.348814460275154,0.32963121408312285,0.30846051022059173,0.39181625629192,0.3919732934317171,0.38420238346550906,0.3528044251124274,0.34596203441753653,0.3558462191893421,0.3615222869376152
isoTrapezoid,0.31706198048714396,0.3676092118088929,0.3808066342972798,0.39181625629192,0.29460025484312286,0.32188654332124933,0.319088486597181,0.37077765262433376,0.36946211457974854,0.3277045650519199,0.3446614632670731
kite,0.30938983824580124,0.342221779797015,0.36746190737945966,0.39197329343171716,0.32188654332124933,0.2971577165692342,0.30891788909652224,0.35928403807167225,0.355917453854874,0.3438888030087546,0.3693815354112919
rightKite,0.3039254222673537,0.34002271482450636,0.3571285382444783,0.38420238346550906,0.319088486597181,0.3089178890965222,0.29572532395234263,0.35394304449878894,0.3497112605822134,0.32501897445466355,0.36135206255083485
rustedHinge,0.34059509656821935,0.32338261633701443,0.3397380267165967,0.3528044251124274,0.37077765262433376,0.35928403807167225,0.3539430444987889,0.302558342303204,0.3052040219825958,0.3516158980530424,0.3668807592735962
hinge,0.3364410659403415,0.3113643323351886,0.32666841942308394,0.34596203441753653,0.36946211457974854,0.355917453854874,0.3497112605822134,0.3052040219825957,0.2987952627600607,0.3456066024688676,0.3659448267500011
trapezoid,0.323335809734674,0.34573573723403733,0.34733201263372676,0.3558462191893421,0.3277045650519199,0.3438888030087546,0.32501897445466355,0.3516158980530424,0.3456066024688676,0.3013537194001876,0.3316063145074009
random,0.35438223325808615,0.37793154817077856,0.3766932167787984,0.3615222869376152,0.34466146326707314,0.3693815354112919,0.36135206255083485,0.3668807592735962,0.36594482675000106,0.3316063145074009,0.3073012822304617
