,square,rectangle,parallelogram,losange,isoTrapezoid,kite,rightKite,rustedHinge,hinge,trapezoid,random
square,0.11938965176211322,0.1529601883154454,0.18139188406239998,0.2135155486113439,0.15356597662149785,0.14432184015145477,0.1431447062333625,0.1672645850326206,0.15942949895184083,0.1617721644187735,0.2010139183925364
rectangle,0.15296018831544536,0.11512366080353005,0.13127225038151918,0.16775306649479457,0.20490573152925742,0.1792998896625218,0.17834966654945453,0.148644304575547,0.13087218487456004,0.17126433590774962,0.22239431349580976
parallelogram,0.18139188406239998,0.13127225038151918,0.11426850518474274,0.14103484066094357,0.22469035424648195,0.21111365015159675,0.2033462693790016,0.16396431856949004,0.14049575827037827,0.17132552844365165,0.21922657665910877
losange,0.2135155486113439,0.16775306649479457,0.1410348406609436,0.1362691424526838,0.23726135470153997,0.24127704652795856,0.23296790275030627,0.1929979255011354,0.17041653275956703,0.17998599699509524,0.20719980515664604
isoTrapezoid,0.15356597662149782,0.20490573152925742,0.22469035424648195,0.23726135470154,0.12964957280126985,0.15868458272397076,0.15735350992268787,0.2126699159040328,0.20731359160074295,0.1712864775275507,0.18734978256943963
kite,0.14432184015145477,0.17929988966252183,0.21111365015159675,0.24127704652795862,0.15868458272397076,0.1320237240134705,0.14723740605058952,0.1896985115881822,0.18861419480764352,0.19362505739745092,0.222491657236834
rightKite,0.1431447062333625,0.17834966654945453,0.2033462693790016,0.23296790275030627,0.1573535099226879,0.1472374060505895,0.1384639607364753,0.18811486639498126,0.18501084437138784,0.17714715958117794,0.21680664279486117
rustedHinge,0.1672645850326206,0.148644304575547,0.16396431856949006,0.19299792550113543,0.21266991590403275,0.1896985115881822,0.18811486639498126,0.14070460641998658,0.13850155757376478,0.19058363485419721,0.2285389243746824
hinge,0.15942949895184083,0.13087218487456004,0.1404957582703783,0.17041653275956703,0.2073135916007429,0.1886141948076435,0.18501084437138784,0.13850155757376478,0.12459012622834316,0.17292439276008947,0.2138791291108996
trapezoid,0.1617721644187735,0.17126433590774962,0.17132552844365165,0.17998599699509524,0.1712864775275507,0.19362505739745092,0.1771471595811779,0.19058363485419724,0.17292439276008947,0.14458930059369918,0.17290030282940297
random,0.2010139183925364,0.22239431349580982,0.21922657665910877,0.20719980515664604,0.18734978256943963,0.222491657236834,0.21680664279486117,0.2285389243746824,0.2138791291108996,0.17290030282940297,0.15777521169829492
