,square,rectangle,parallelogram,losange,isoTrapezoid,kite,rightKite,rustedHinge,hinge,trapezoid,random
square,0.1698056662530536,0.21674472691820057,0.2645210890237936,0.30512722420647065,0.22257184721903647,0.2187661853517973,0.21466653822334317,0.24785655323318406,0.24239327605005284,0.2308902775389488,0.28065366363785565
rectangle,0.21674472691820057,0.16893265443103617,0.21197295696477314,0.26553657587114576,0.28842142326075304,0.25657602640654986,0.25662910554961277,0.2279973239888717,0.21188625875982064,0.2550972968620645,0.31770577538998096
parallelogram,0.2645210890237936,0.21197295696477314,0.18584521117727182,0.21706142859156927,0.3094270400232274,0.29443013098781395,0.28490372302345457,0.2445928891353088,0.22614673052521003,0.25060535259007805,0.29696164358536226
losange,0.30512722420647065,0.2655365758711457,0.2170614285915693,0.1938294040889421,0.3190030816543955,0.3266190203664111,0.31593221327240234,0.2747182251821333,0.26296274793916036,0.25673638844343516,0.2736330979034718
isoTrapezoid,0.22257184721903647,0.2884214232607531,0.3094270400232274,0.3190030816543955,0.18197408564965625,0.2238200387054818,0.2200440096458019,0.2921515164560978,0.29218287901062867,0.22973768039754588,0.24830656822047498
kite,0.2187661853517973,0.25657602640654986,0.29443013098781395,0.32661902036641105,0.2238200387054818,0.18857542910055808,0.20716693920659077,0.2712256087373218,0.27100758388102925,0.2617640818017137,0.29348143720978753
rightKite,0.21466653822334308,0.25662910554961277,0.28490372302345457,0.31593221327240234,0.22004400964580187,0.20716693920659077,0.1927813353242066,0.26688905888363595,0.2648223989556436,0.23736220412116157,0.27790893495414126
rustedHinge,0.24785655323318406,0.2279973239888717,0.2445928891353088,0.27471822518213324,0.2921515164560978,0.2712256087373218,0.26688905888363595,0.1869413944985711,0.19162669565298354,0.26563644496699046,0.291871710141034
hinge,0.2423932760500529,0.2118862587598206,0.22614673052521003,0.26296274793916036,0.2921828790106287,0.27100758388102925,0.2648223989556436,0.19162669565298354,0.182332787764212,0.2558401251606803,0.2871174418900536
trapezoid,0.2308902775389488,0.2550972968620645,0.25060535259007805,0.2567363884434352,0.22973768039754588,0.26176408180171373,0.2373622041211616,0.2656364449669905,0.2558401251606804,0.19732062401812664,0.22854232922971765
random,0.28065366363785565,0.31770577538998096,0.29696164358536226,0.27363309790347184,0.24830656822047498,0.29348143720978753,0.27790893495414126,0.291871710141034,0.2871174418900536,0.22854232922971765,0.19611591303987191
