,square,rectangle,parallelogram,losange,isoTrapezoid,kite,rightKite,rustedHinge,hinge,trapezoid,random
square,0.23154307936622218,0.26742075834881546,0.29334759376500513,0.3200857757447563,0.25717231316569195,0.2508854893385266,0.24632909333954223,0.27743075421211133,0.27328906078422,0.26637622672520694,0.2932126144913983
rectangle,0.26742075834881546,0.231193717634885,0.25680927782593566,0.28653946719390627,0.30214800956580323,0.27876811820143177,0.27644991107404093,0.25997256778692496,0.24885561652846522,0.2838183477431904,0.316293919298529
parallelogram,0.29334759376500513,0.25680927782593566,0.23701839387861282,0.26169501289007957,0.31627297827418377,0.30501654559174096,0.29482142966763775,0.2768557405592223,0.26354476885881595,0.2833381274369691,0.31085316733140356
losange,0.3200857757447563,0.2865394671939063,0.26169501289007957,0.24209679512483015,0.32588016684710697,0.326794686389791,0.31819139915653083,0.29232022372688615,0.2838150266726427,0.28989232990576097,0.2978163264817584
isoTrapezoid,0.25717231316569195,0.30214800956580323,0.3162729782741838,0.325880166847107,0.23640364204596975,0.26073748172009054,0.2573121997425785,0.3065642046139432,0.305442864404899,0.2693250249726874,0.2825777969273659
kite,0.2508854893385266,0.27876811820143177,0.30501654559174096,0.326794686389791,0.2607374817200906,0.23921184267288972,0.25023394044364655,0.2934612365467649,0.29175597381358465,0.2860731337475823,0.3078818615890571
rightKite,0.24632909333954225,0.27644991107404093,0.29482142966763775,0.31819139915653083,0.2573121997425785,0.25023394044364655,0.23659966389530018,0.28970611395034684,0.286770107033146,0.2676515352221808,0.2981271255389793
rustedHinge,0.27743075421211133,0.2599725677869249,0.2768557405592223,0.29232022372688615,0.30656420461394324,0.2934612365467648,0.2897061139503468,0.24050271292358422,0.24355348686551992,0.2913462425447946,0.3080931351849632
hinge,0.27328906078422005,0.24885561652846522,0.26354476885881595,0.28381502667264263,0.30544286440489893,0.2917559738135846,0.286770107033146,0.24355348686551992,0.23695574525787774,0.28478863901603596,0.30545844026905683
trapezoid,0.26637622672520694,0.2838183477431904,0.2833381274369691,0.28989232990576097,0.2693250249726874,0.2860731337475823,0.2676515352221808,0.2913462425447945,0.28478863901603596,0.2458760009977557,0.26951143321945675
random,0.2932126144913983,0.316293919298529,0.31085316733140356,0.29781632648175843,0.2825777969273659,0.30788186158905706,0.2981271255389793,0.3080931351849632,0.30545844026905683,0.26951143321945675,0.24857783025949132
