,square,rectangle,parallelogram,losange,isoTrapezoid,kite,rightKite,rustedHinge,hinge,trapezoid,random
square,0.21794357604289924,0.2716448420179605,0.33752725276674483,0.3961030116968824,0.2966309791151043,0.2916873356251452,0.28661673981259783,0.3277333912390807,0.31687373108889366,0.3024746250908188,0.3690284276065759
rectangle,0.2716448420179605,0.21571057811689526,0.2798742552518555,0.34975843761028474,0.36378344754898323,0.3287878577537492,0.32911368202533936,0.30645402041783393,0.2839889550056287,0.3258710246533339,0.4010281394088298
parallelogram,0.33752725276674483,0.2798742552518555,0.24199323692908487,0.28103953660540465,0.3823414763047404,0.36670510980451704,0.35746207576338357,0.32144771888878754,0.3015198338834185,0.31540249281944094,0.3687316445835184
losange,0.3961030116968824,0.34975843761028474,0.2810395366054046,0.24473642097635268,0.40118184194720685,0.40813657358824007,0.39784592691930104,0.3552373675489943,0.3460129042398673,0.3261348482016487,0.3446262392560003
isoTrapezoid,0.2966309791151043,0.36378344754898323,0.38234147630474047,0.40118184194720674,0.23207930575483293,0.2834061500978071,0.2775692150925633,0.3655857343670025,0.36540110415489774,0.2876418920805066,0.3146029758966907
kite,0.29168733562514515,0.3287878577537492,0.36670510980451704,0.40813657358824007,0.2834061500978071,0.24145067142682994,0.26572857337740874,0.34357932269971947,0.33932317671560064,0.3259561305058439,0.3609158136035455
rightKite,0.2866167398125978,0.32911368202533936,0.35746207576338357,0.39784592691930104,0.2775692150925633,0.26572857337740874,0.24532085199914339,0.3373896413823291,0.3330962340960436,0.29541547472913343,0.3423364248508517
rustedHinge,0.3277333912390807,0.30645402041783393,0.32144771888878754,0.3552373675489943,0.3655857343670024,0.34357932269971947,0.3373896413823291,0.2460585409196679,0.2519571248117318,0.33468741507191,0.3589549135904417
hinge,0.31687373108889366,0.2839889550056287,0.30151983388341846,0.3460129042398673,0.3654011041548977,0.33932317671560064,0.3330962340960436,0.2519571248117318,0.23955325966453972,0.32627328524493643,0.357510578830058
trapezoid,0.3024746250908188,0.3258710246533339,0.31540249281944094,0.3261348482016487,0.2876418920805066,0.3259561305058439,0.29541547472913343,0.33468741507191,0.32627328524493643,0.24357948733182752,0.28569910669893506
random,0.3690284276065759,0.4010281394088298,0.3687316445835184,0.3446262392560003,0.3146029758966907,0.3609158136035455,0.3423364248508517,0.3589549135904417,0.357510578830058,0.28569910669893506,0.2459802579536432
