,square,rectangle,parallelogram,losange,isoTrapezoid,kite,rightKite,rustedHinge,hinge,trapezoid,random
square,0.2597426808344389,0.31397456543867813,0.38512097049868205,0.4440619527080685,0.34269264286233087,0.3492328014874434,0.3476327124918125,0.3852466230063941,0.37215898874559883,0.34990188664257954,0.4263660786602953
rectangle,0.31397456543867813,0.2538362778373979,0.32796822960623107,0.4021754303560008,0.40757795023052534,0.3829246051709261,0.38753866607647613,0.3665714177431924,0.3416063540523117,0.3729089874580344,0.45613467414090064
parallelogram,0.3851209704986821,0.32796822960623107,0.2875210376647529,0.33291259670240075,0.4295222148671325,0.42220861967154366,0.4145541687889476,0.37744845709979546,0.35597404135163263,0.364670170687921,0.4240804735674863
losange,0.4440619527080685,0.4021754303560009,0.3329125967024008,0.29160699940640655,0.4514622666135164,0.46438548369701405,0.4551130643054839,0.41176016978354524,0.4023871160650461,0.37951851128560665,0.403522426658458
isoTrapezoid,0.34269264286233087,0.40757795023052534,0.4295222148671325,0.4514622666135164,0.2713751081792713,0.33138526791074874,0.3262036478151347,0.4136178557521939,0.4114531422535489,0.3317890884898912,0.3691735252092288
kite,0.3492328014874434,0.3829246051709261,0.42220861967154366,0.46438548369701416,0.33138526791074874,0.29157229980570654,0.31780814976049876,0.40069969575137143,0.39499088361918955,0.37626280605592166,0.41813367166405735
rightKite,0.34763271249181255,0.3875386660764761,0.4145541687889476,0.4551130643054839,0.3262036478151347,0.3178081497604988,0.2952312357845661,0.39450802105185545,0.38893794144490823,0.347636377544722,0.4004363406944644
rustedHinge,0.385246623006394,0.36657141774319246,0.37744845709979546,0.41176016978354524,0.4136178557521939,0.40069969575137143,0.3945080210518555,0.29756088829805916,0.3053821836167628,0.3875251062778404,0.41332585974164643
hinge,0.37215898874559883,0.3416063540523117,0.35597404135163263,0.4023871160650461,0.4114531422535489,0.39499088361918955,0.3889379414449083,0.3053821836167628,0.2916761352747815,0.37695653054408246,0.41074304045282317
trapezoid,0.34990188664257954,0.3729089874580344,0.36467017068792096,0.37951851128560665,0.33178908848989125,0.37626280605592166,0.34763637754472204,0.3875251062778404,0.3769565305440824,0.28844109081466,0.34166838423220697
random,0.4263660786602953,0.45613467414090064,0.4240804735674862,0.4035224266584581,0.36917352520922886,0.41813367166405735,0.4004363406944644,0.41332585974164643,0.4107430404528231,0.341668384232207,0.3016430224149696
