,square,rectangle,parallelogram,losange,isoTrapezoid,kite,rightKite,rustedHinge,hinge,trapezoid,random
square,0.0,2.1903790823555203,2.6671903246902877,3.218861935956246,1.7631405025379148,1.4606405981118213,1.2113819906465104,2.2955998913183167,2.222395193142047,1.8594133451381947,2.6278522581639083
rectangle,2.1903790823555203,0.0,1.7353691865677998,2.542753699368634,2.9744450556850506,2.450561782228793,2.3514514277239593,1.828545898971884,1.4532663536800972,2.438559804272194,3.0856466365911803
parallelogram,2.6671903246902877,1.7353691865677998,0.0,1.773395013555417,3.0767734229796253,2.8830137508049822,2.6416671886629706,2.2198593158690563,1.9002468741657246,2.3800935208071103,2.9425578618606925
losange,3.218861935956246,2.542753699368634,1.773395013555417,0.0,3.240423110039449,3.2862205133534714,3.146695912117937,2.432077721615477,2.32926559534514,2.515687899924475,2.521226358115188
isoTrapezoid,1.7631405025379148,2.9744450556850506,3.0767734229796253,3.240423110039449,0.0,1.7977950543241201,1.73313599408999,2.921709777942643,2.9343214068845977,1.9799707668520192,2.400596499083146
kite,1.4606405981118213,2.450561782228793,2.8830137508049822,3.2862205133534714,1.7977950543241201,0.0,1.274095588427131,2.733160466657012,2.701015469801618,2.34942455580596,2.8900143039317583
rightKite,1.2113819906465104,2.3514514277239593,2.6416671886629706,3.146695912117937,1.73313599408999,1.274095588427131,0.0,2.5737492860220033,2.511782245983766,1.8404491458247996,2.742737578144895
rustedHinge,2.2955998913183167,1.828545898971884,2.2198593158690563,2.432077721615477,2.921709777942643,2.733160466657012,2.5737492860220033,0.0,0.7559230189845502,2.4373708306035993,2.702910648609469
hinge,2.222395193142047,1.4532663536800972,1.9002468741657246,2.32926559534514,2.9343214068845977,2.701015469801618,2.511782245983766,0.7559230189845502,0.0,2.347420109539972,2.7508464773078747
trapezoid,1.8594133451381947,2.438559804272194,2.3800935208071103,2.515687899924475,1.9799707668520192,2.34942455580596,1.8404491458247996,2.4373708306035993,2.347420109539972,0.0,1.8755474921716466
random,2.6278522581639083,3.0856466365911803,2.9425578618606925,2.521226358115188,2.400596499083146,2.8900143039317583,2.742737578144895,2.702910648609469,2.7508464773078747,1.8755474921716466,0.0
