,square,rectangle,parallelogram,losange,isoTrapezoid,kite,rightKite,rustedHinge,hinge,trapezoid,random
square,0.0,2.9706633044658624,3.637877398763412,4.270290478760484,2.3919229856852113,2.0456277566119696,1.82094613020551,3.078148197932417,3.0184641028488137,2.4486468601583025,3.4477020911150054
rectangle,2.9706633044658624,0.0,2.2723671258332727,3.327906605194706,3.961337085836155,3.252960337883765,3.116239501842497,2.4542240972448424,2.026645807088378,3.197073489614722,4.074736525034
parallelogram,3.637877398763412,2.2723671258332727,0.0,2.3038602093068574,4.183959404369529,3.8707646453511164,3.5836939725834704,2.919644499411282,2.513086853890769,3.2172653836474816,3.9172184252957787
losange,4.270290478760484,3.327906605194706,2.3038602093068574,0.0,4.368786012327978,4.36132034648527,4.169139945630405,3.196768610231735,3.0329206238559823,3.347851017288217,3.3666506737774116
isoTrapezoid,2.3919229856852113,3.961337085836155,4.183959404369529,4.368786012327978,0.0,2.4444393146492005,2.3062161618022494,3.8455501262987415,3.9004687923516395,2.7020764529101347,3.197257613441324
kite,2.0456277566119696,3.252960337883765,3.8707646453511164,4.36132034648527,2.4444393146492005,0.0,1.7712546724893075,3.64108247128851,3.6101697705856646,3.1125594224392628,3.8141169173210363
rightKite,1.82094613020551,3.116239501842497,3.5836939725834704,4.169139945630405,2.3062161618022494,1.7712546724893075,0.0,3.4082928063599036,3.352360874919447,2.5073527882998636,3.5948768476837856
rustedHinge,3.078148197932417,2.4542240972448424,2.919644499411282,3.196768610231735,3.8455501262987415,3.64108247128851,3.4082928063599036,0.0,1.1474651486987224,3.1603946461665595,3.5463148728961613
hinge,3.0184641028488137,2.026645807088378,2.513086853890769,3.0329206238559823,3.9004687923516395,3.6101697705856646,3.352360874919447,1.1474651486987224,0.0,3.0607516916643274,3.6084945845030614
trapezoid,2.4486468601583025,3.197073489614722,3.2172653836474816,3.347851017288217,2.7020764529101347,3.1125594224392628,2.5073527882998636,3.1603946461665595,3.0607516916643274,0.0,2.459232843397799
random,3.4477020911150054,4.074736525034,3.9172184252957787,3.3666506737774116,3.197257613441324,3.8141169173210363,3.5948768476837856,3.5463148728961613,3.6084945845030614,2.459232843397799,0.0
