,square,rectangle,parallelogram,losange,isoTrapezoid,kite,rightKite,rustedHinge,hinge,trapezoid,random
square,0.0,54.49608956416415,106.4996718592241,133.82632540893698,115.48151684655434,116.37701218621753,121.89804160503189,133.28293601706952,125.68304194683272,109.08359660040472,155.16163690261732
rectangle,54.49608956416415,0.0,90.0365754683893,124.99597800210857,129.79640007686567,124.9319754142153,130.59462839882255,130.0658605506118,120.0885784701843,116.12000653386954,161.76685905759263
parallelogram,106.4996718592241,90.0365754683893,0.0,60.089080986658914,120.24286553710277,121.46528382295774,124.84881849000435,121.86215513340393,115.14320122059763,83.8586950291008,131.69601553847485
losange,133.82632540893698,124.99597800210857,60.089080986658914,0.0,125.98621548077024,129.69537619656145,129.14792776925717,122.03298563676745,119.25967697298657,85.93653790870475,111.98557254268486
isoTrapezoid,115.48151684655434,129.79640007686567,120.24286553710277,125.98621548077024,0.0,76.15730600531022,71.72018471448017,105.33359002234111,104.6235474361034,75.4506466938605,91.6710275277665
kite,116.37701218621753,124.9319754142153,121.46528382295774,129.69537619656145,76.15730600531022,0.0,44.694333298040085,102.19677804275496,98.15668698778036,96.69735223153586,110.00248615093113
rightKite,121.89804160503189,130.59462839882255,124.84881849000435,129.14792776925717,71.72018471448017,44.694333298040085,0.0,97.39869158506897,94.37426924832036,86.78193414957238,98.59427096187555
rustedHinge,133.28293601706952,130.0658605506118,121.86215513340393,122.03298563676745,105.33359002234111,102.19677804275496,97.39869158506897,0.0,30.20123384761368,110.59536019247057,100.33170169656086
hinge,125.68304194683272,120.0885784701843,115.14320122059763,119.25967697298657,104.6235474361034,98.15668698778036,94.37426924832036,30.20123384761368,0.0,106.76862347498555,100.61103636133032
trapezoid,109.08359660040472,116.12000653386954,83.8586950291008,85.93653790870475,75.4506466938605,96.69735223153586,86.78193414957238,110.59536019247057,106.76862347498555,0.0,84.8715322222001
random,155.16163690261732,161.76685905759263,131.69601553847485,111.98557254268486,91.6710275277665,110.00248615093113,98.59427096187555,100.33170169656086,100.61103636133032,84.8715322222001,0.0
