,square,rectangle,parallelogram,losange,isoTrapezoid,kite,rightKite,rustedHinge,hinge,trapezoid,random
square,0.0,2.687973372712081,3.708163800507285,4.419302916128749,2.2410925526654735,2.0393441495428237,1.7479675754284272,3.103450780725625,2.9332996761170116,2.5391864977634606,3.532246224092244
rectangle,2.687973372712081,0.0,2.374987743992111,3.569466489084222,3.862410131502009,3.1158545941404934,3.0135490298098113,2.6599906629438097,2.099375865922364,3.1898676151651713,4.222339035431713
parallelogram,3.708163800507285,2.374987743992111,0.0,2.183431107701219,4.308580486472081,4.05974262676651,3.6794252289579092,3.2162866221158897,2.696206994516952,3.0232115778621584,3.892699656097306
losange,4.419302916128749,3.569466489084222,2.183431107701219,0.0,4.581102590202347,4.626955502689568,4.27397426564245,3.627273805188551,3.3803669495994324,3.170637431536419,3.3839860333213587
isoTrapezoid,2.2410925526654735,3.862410131502009,4.308580486472081,4.581102590202347,0.0,2.3649281437412006,2.2126938120331854,3.9844078900706057,3.9412145133042498,2.6355773484529164,3.143059819974272
kite,2.0393441495428237,3.1158545941404934,4.05974262676651,4.626955502689568,2.3649281437412006,0.0,1.7005431138404388,3.786997287949081,3.701642785946769,3.3482020703965762,4.083314456402627
rightKite,1.7479675754284272,3.0135490298098113,3.6794252289579092,4.27397426564245,2.2126938120331854,1.7005431138404388,0.0,3.6334220806003916,3.503929569929799,2.484677240637616,3.6433109869538023
rustedHinge,3.103450780725625,2.6599906629438097,3.2162866221158897,3.627273805188551,3.9844078900706057,3.786997287949081,3.6334220806003916,0.0,1.038821981421865,3.410344715920571,3.7731046531318873
hinge,2.9332996761170116,2.099375865922364,2.696206994516952,3.3803669495994324,3.9412145133042498,3.701642785946769,3.503929569929799,1.038821981421865,0.0,3.182126485248869,3.7329813606330426
trapezoid,2.5391864977634606,3.1898676151651713,3.0232115778621584,3.170637431536419,2.6355773484529164,3.3482020703965762,2.484677240637616,3.410344715920571,3.182126485248869,0.0,2.1283368389056516
random,3.532246224092244,4.222339035431713,3.892699656097306,3.3839860333213587,3.143059819974272,4.083314456402627,3.6433109869538023,3.7731046531318873,3.7329813606330426,2.1283368389056516,0.0
