,square,rectangle,parallelogram,losange,isoTrapezoid,kite,rightKite,rustedHinge,hinge,trapezoid,random
square,0.0,18.409097263891855,28.87990702856087,35.502840201084915,24.030547063937142,24.150397997801548,23.782487573734837,28.981909756478164,27.628322164627278,25.610673118361237,34.2119411140268
rectangle,18.409097263891855,0.0,21.75314695061387,31.566925277673484,31.744665618406486,28.589169314431143,28.818920794419384,27.248286423276788,24.285536034273,29.027546764293554,37.71769459777569
parallelogram,28.87990702856087,21.75314695061387,0.0,17.753837927572704,33.09120940281436,33.066872835065425,31.086165383950654,29.665945933956596,26.77740414791345,23.958293987258823,32.158169535134284
losange,35.502840201084915,31.566925277673484,17.753837927572704,0.0,35.71245776829878,37.38691177083438,34.949676074736594,32.795349424937136,31.278459583278945,24.654816244094842,28.079018025203357
isoTrapezoid,24.030547063937142,31.744665618406486,33.09120940281436,35.71245776829878,0.0,21.372330094492906,19.069601348907156,31.511709055302834,31.228951458434373,20.709723883268957,26.070646137737416
kite,24.150397997801548,28.589169314431143,33.066872835065425,37.38691177083438,21.372330094492906,0.0,13.98824791744886,30.683858218987588,30.073077225844116,28.74563134301521,33.82024313065627
rightKite,23.782487573734837,28.818920794419384,31.086165383950654,34.949676074736594,19.069601348907156,13.98824791744886,0.0,29.600380183242855,28.78526158476093,22.604630210711285,29.99401108884435
rustedHinge,28.981909756478164,27.248286423276788,29.665945933956596,32.795349424937136,31.511709055302834,30.683858218987588,29.600380183242855,0.0,8.747274294255062,30.135498119141488,30.90086793337304
hinge,27.628322164627278,24.285536034273,26.77740414791345,31.278459583278945,31.228951458434373,30.073077225844116,28.78526158476093,8.747274294255062,0.0,28.77559806015173,30.39266520357774
trapezoid,25.610673118361237,29.027546764293554,23.958293987258823,24.654816244094842,20.709723883268957,28.74563134301521,22.604630210711285,30.135498119141488,28.77559806015173,0.0,19.099103729037953
random,34.2119411140268,37.71769459777569,32.158169535134284,28.079018025203357,26.070646137737416,33.82024313065627,29.99401108884435,30.90086793337304,30.39266520357774,19.099103729037953,0.0
