,square,rectangle,parallelogram,losange,isoTrapezoid,kite,rightKite,rustedHinge,hinge,trapezoid,random
square,0.0,12.073037520039184,18.524322727422028,22.66543430845624,14.515073023732246,14.408930710110175,14.166136330058293,18.170815324089112,17.324913169053993,15.637035468009751,21.051939898904077
rectangle,12.073037520039184,0.0,13.636978597062479,20.047746660273035,19.931003595432074,17.645432790978745,17.76153913346993,16.8642243900515,14.89812804687125,17.976363022049046,23.614444514119327
parallelogram,18.524322727422028,13.636978597062479,0.0,11.254418818933082,21.035854665904516,21.030373112408697,19.658158163103625,18.903008786074206,17.058371203828155,15.130890837991268,20.316557683805147
losange,22.66543430845624,20.047746660273035,11.254418818933082,0.0,22.52790402569063,23.75840859070453,22.166794294509483,21.03578640877033,20.11170490345309,15.566959541478145,17.670816515622487
isoTrapezoid,14.515073023732246,19.931003595432074,21.035854665904516,22.52790402569063,0.0,13.220359018518412,11.959637283690364,20.295369390248595,20.113633616769075,12.859860002039595,16.02874688670738
kite,14.408930710110175,17.645432790978745,21.030373112408697,23.75840859070453,13.220359018518412,0.0,8.968883310763122,19.35128821473681,18.9489932589255,18.097297998043786,21.144328160212254
rightKite,14.166136330058293,17.76153913346993,19.658158163103625,22.166794294509483,11.959637283690364,8.968883310763122,0.0,18.925748348704364,18.381320656499604,14.039301608286943,18.7116741377528
rustedHinge,18.170815324089112,16.8642243900515,18.903008786074206,21.03578640877033,20.295369390248595,19.35128821473681,18.925748348704364,0.0,5.5354515650693505,19.39044665972716,19.89987169951983
hinge,17.324913169053993,14.89812804687125,17.058371203828155,20.11170490345309,20.113633616769075,18.9489932589255,18.381320656499604,5.5354515650693505,0.0,18.554336266047542,19.597426476222605
trapezoid,15.637035468009751,17.976363022049046,15.130890837991268,15.566959541478145,12.859860002039595,18.097297998043786,14.039301608286943,19.39044665972716,18.554336266047542,0.0,11.79212951624102
random,21.051939898904077,23.614444514119327,20.316557683805147,17.670816515622487,16.02874688670738,21.144328160212254,18.7116741377528,19.89987169951983,19.597426476222605,11.79212951624102,0.0
