,square,rectangle,parallelogram,losange,isoTrapezoid,kite,rightKite,rustedHinge,hinge,trapezoid,random
square,0.04534123766774066,0.08506109934553317,0.169381343137946,0.22442298951607415,0.21578545586250564,0.23945515498371733,0.22338089033505842,0.2789179662957348,0.2418499155276302,0.22739031619699843,0.2752759650333453
rectangle,0.08506109934553316,0.05520831091353049,0.17769175903203677,0.2416441192941101,0.23857857018009782,0.2598180602755663,0.2524281577086204,0.2928201064492651,0.25394558853453764,0.238282615224533,0.2908176819151448
parallelogram,0.169381343137946,0.17769175903203677,0.10279033342842953,0.14975177769733447,0.2361580555347046,0.2547285401913127,0.2584525473258376,0.28619710239551394,0.25467176734200003,0.19318227331390933,0.25867071651604806
losange,0.22442298951607415,0.2416441192941101,0.14975177769733447,0.13621096119257595,0.25895048958126876,0.276950081454658,0.2731849922729155,0.29339483063247423,0.2708265547088597,0.21731479261567918,0.2601586363949789
isoTrapezoid,0.21578545586250564,0.23857857018009782,0.2361580555347046,0.25895048958126876,0.07387855704546027,0.15609797679306336,0.13103405756500552,0.20290269436524636,0.17042277220350383,0.15663819223128883,0.18196034142961767
kite,0.23945515498371728,0.2598180602755663,0.2547285401913127,0.276950081454658,0.1560979767930634,0.12020281138049921,0.13427291443161124,0.22066926481702057,0.18115531565230517,0.1957231410118951,0.18229437185715927
rightKite,0.22338089033505842,0.2524281577086204,0.25845254732583756,0.2731849922729155,0.13103405756500555,0.13427291443161124,0.08776231446020026,0.17846252434722587,0.14540997588811982,0.19711010192365508,0.17259065288724426
rustedHinge,0.2789179662957348,0.29282010644926504,0.28619710239551405,0.29339483063247423,0.20290269436524636,0.22066926481702057,0.17846252434722587,0.13657495022027388,0.13870633583383832,0.24646369535840904,0.20812592222807982
hinge,0.24184991552763013,0.25394558853453764,0.254671767342,0.27082655470885975,0.17042277220350383,0.18115531565230517,0.14540997588811982,0.13870633583383832,0.10110370298246904,0.21247864323104043,0.1751426575255677
trapezoid,0.22739031619699843,0.238282615224533,0.19318227331390933,0.21731479261567918,0.15663819223128883,0.19572314101189506,0.19711010192365508,0.24646369535840904,0.21247864323104043,0.1169596010963135,0.19321472503022039
random,0.2752759650333453,0.2908176819151448,0.25867071651604806,0.2601586363949788,0.1819603414296177,0.18229437185715927,0.17259065288724426,0.20812592222807977,0.1751426575255677,0.19321472503022039,0.11552500356676534
