,square,rectangle,parallelogram,losange,isoTrapezoid,kite,rightKite,rustedHinge,hinge,trapezoid,random
square,0.023202510047437636,0.03022915840102821,0.037188713196802115,0.04302823665277452,0.02819047565999886,0.027200220844029947,0.02576287909363076,0.03205556896345571,0.031343266967073125,0.029726749448515756,0.0361187219922021
rectangle,0.030229158401028206,0.024084729972895905,0.02986294287067807,0.03617902316357341,0.03748483792282413,0.03263791341972706,0.03169403477236717,0.030058401368288332,0.027836221376870134,0.03321531837519103,0.04057959897814908
parallelogram,0.037188713196802115,0.02986294287067807,0.027137544927023634,0.031128774688415652,0.0417141896067208,0.039407130698674256,0.037112771705765026,0.03360856596706273,0.031103608309116588,0.033839909527684946,0.03940077382521127
losange,0.04302823665277452,0.03617902316357341,0.031128774688415652,0.027971867799285732,0.04460296079005057,0.04417243229955453,0.04215096494973541,0.03647264774346847,0.034956878727684736,0.035683889944725905,0.03679080541852633
isoTrapezoid,0.02819047565999886,0.03748483792282413,0.041714189606720804,0.04460296079005057,0.024750212960675817,0.029379017919224443,0.02816526293412591,0.03748778411975522,0.037529294594004205,0.030856784534279817,0.03451795038088958
kite,0.02720022084402994,0.03263791341972707,0.039407130698674256,0.04417243229955453,0.029379017919224443,0.024405062581120615,0.026557355790059703,0.03612558318028298,0.03566088690191458,0.034316806739410836,0.03966643586796262
rightKite,0.02576287909363076,0.03169403477236717,0.03711277170576502,0.04215096494973541,0.02816526293412591,0.026557355790059703,0.0240674907201238,0.03471186328772496,0.03395975876453322,0.03004180297637001,0.037048205429275664
rustedHinge,0.03205556896345572,0.030058401368288332,0.03360856596706273,0.03647264774346848,0.03748778411975523,0.03612558318028298,0.03471186328772496,0.025478031360175683,0.025968573948545952,0.03373549409173973,0.03686619881817614
hinge,0.03134326696707313,0.027836221376870127,0.031103608309116588,0.034956878727684736,0.037529294594004205,0.03566088690191458,0.03395975876453323,0.025968573948545952,0.024954593918160184,0.03265850193441673,0.036870843121153775
trapezoid,0.02972674944851576,0.03321531837519103,0.033839909527684946,0.035683889944725905,0.030856784534279817,0.034316806739410836,0.03004180297637001,0.03373549409173973,0.03265850193441673,0.02527294809799006,0.030032169993476302
random,0.0361187219922021,0.04057959897814908,0.03940077382521127,0.03679080541852633,0.03451795038088958,0.03966643586796262,0.037048205429275664,0.03686619881817614,0.036870843121153775,0.030032169993476302,0.02696172822190033
