,square,rectangle,parallelogram,losange,isoTrapezoid,kite,rightKite,rustedHinge,hinge,trapezoid,random
square,0.05916388731687029,0.06997067916160275,0.0776548925664157,0.08546867952980633,0.06688412670373303,0.06426684625967223,0.0630105744625578,0.07239785050588929,0.07128724273629058,0.06834936730290302,0.0777646982846421
rectangle,0.06997067916160275,0.059378960311837405,0.06748533123106601,0.07626510162677803,0.08040266343403393,0.07302115252206766,0.07228905369834836,0.06829713570265035,0.06492590124200104,0.074071595817565,0.0842222103271609
parallelogram,0.0776548925664157,0.06748533123106602,0.06330978959435433,0.0702013804997702,0.08432106464599816,0.08045641248133382,0.0778017445971224,0.07334853830426644,0.0698270266424199,0.07483511806807283,0.08339930498488433
losange,0.08546867952980633,0.07626510162677802,0.07020138049977022,0.06429993027434934,0.0870182356189257,0.08671202156063987,0.0846893503133524,0.07669894898031943,0.07496693626243751,0.07665283723247643,0.07815676111548135
isoTrapezoid,0.06688412670373303,0.08040266343403393,0.08432106464599816,0.08701823561892569,0.06148475924501207,0.06786693108583505,0.0672079862766949,0.080889744319591,0.08074744521941565,0.06997426557373314,0.07541493439826603
kite,0.06426684625967223,0.07302115252206766,0.08045641248133381,0.08671202156063988,0.06786693108583507,0.06058726560643365,0.06398051349199758,0.07778698970926093,0.0769666208320909,0.07364713102542095,0.08162672498077066
rightKite,0.0630105744625578,0.07228905369834836,0.0778017445971224,0.0846893503133524,0.0672079862766949,0.06398051349199758,0.06077160110528358,0.07623195487978554,0.0751229546702084,0.06872215316780188,0.07939797506272493
rustedHinge,0.0723978505058893,0.06829713570265035,0.07334853830426644,0.07669894898031943,0.080889744319591,0.07778698970926093,0.07623195487978554,0.06251431796472928,0.06317743029369277,0.0753339981849929,0.080171128455727
hinge,0.07128724273629058,0.06492590124200104,0.0698270266424199,0.07496693626243751,0.08074744521941565,0.07696662083209091,0.0751229546702084,0.06317743029369277,0.0614631781546812,0.07386814025317272,0.08028580826133443
trapezoid,0.06834936730290302,0.074071595817565,0.07483511806807283,0.07665283723247643,0.06997426557373314,0.07364713102542095,0.06872215316780188,0.0753339981849929,0.07386814025317272,0.062161110448384196,0.07045731027439751
random,0.0777646982846421,0.0842222103271609,0.08339930498488432,0.07815676111548135,0.07541493439826603,0.08162672498077066,0.07939797506272493,0.08017112845572699,0.08028580826133444,0.07045731027439753,0.06481308704655526
