,square,rectangle,parallelogram,losange,isoTrapezoid,kite,rightKite,rustedHinge,hinge,trapezoid,random
square,0.1588527453620842,0.22275189999976017,0.2814850036090692,0.33094223128344347,0.19828737900799512,0.19052027492672366,0.17737697500539742,0.2352007068186524,0.2315862881986778,0.21043323327165794,0.27430388530217686
rectangle,0.2227518999997602,0.17825475193819462,0.22413350236126575,0.2868848876104368,0.28885685541560524,0.24646938619097084,0.23649018446434375,0.22806432569677124,0.20992705311247925,0.25071365351390373,0.33594306489560544
parallelogram,0.2814850036090692,0.22413350236126575,0.22149778817017654,0.26597286688093946,0.33701482713039776,0.3090531079765575,0.2878271723997022,0.2618830596315621,0.24095229444941324,0.27233760235339405,0.3474019440388033
losange,0.33094223128344347,0.2868848876104368,0.26597286688093946,0.25453179212225746,0.36320112934417026,0.3600430797582927,0.33254834147496376,0.29307069149264664,0.2790436220455311,0.2884789307047857,0.32484827526989535
isoTrapezoid,0.19828737900799512,0.28885685541560524,0.3370148271303977,0.3632011293441702,0.17751734427123977,0.2131217424562455,0.20033990341341057,0.28688614762110226,0.2902873549408591,0.22571272464451525,0.26500916161689625
kite,0.19052027492672366,0.24646938619097084,0.3090531079765575,0.36004307975829264,0.2131217424562455,0.17919997680271244,0.18863547693170704,0.2809561874288999,0.2771775993256055,0.25128463382903976,0.316453830860117
rightKite,0.17737697500539742,0.23649018446434375,0.2878271723997021,0.3325483414749637,0.20033990341341057,0.18863547693170704,0.16962883638180132,0.2620215534200261,0.2576796928785181,0.21611728202726527,0.2862974771025949
rustedHinge,0.23520070681865243,0.22806432569677124,0.26188305963156217,0.29307069149264664,0.28688614762110226,0.2809561874288999,0.2620215534200261,0.1927236882636782,0.19621435098695791,0.2540004554669806,0.3028720766198617
hinge,0.2315862881986778,0.2099270531124792,0.24095229444941327,0.2790436220455311,0.290287354940859,0.2771775993256055,0.25767969287851816,0.19621435098695791,0.18908693478349067,0.24654658187070047,0.3044939532731523
trapezoid,0.21043323327165794,0.2507136535139038,0.27233760235339405,0.2884789307047857,0.22571272464451525,0.2512846338290397,0.21611728202726527,0.2540004554669806,0.24654658187070047,0.19011265115978684,0.23937344561204896
random,0.2743038853021768,0.33594306489560544,0.3474019440388033,0.32484827526989535,0.26500916161689625,0.316453830860117,0.2862974771025949,0.3028720766198617,0.3044939532731523,0.23937344561204896,0.22649595572666215
