,square,rectangle,parallelogram,losange,isoTrapezoid,kite,rightKite,rustedHinge,hinge,trapezoid,random
square,0.0550002392671862,0.06262415749507462,0.06605396035724352,0.07012186258933445,0.05896280636059244,0.05770687532625511,0.057333261996843854,0.06287352536307302,0.06228428470394659,0.06008426922586557,0.06300251062196674
rectangle,0.06262415749507462,0.05555420060965174,0.060669465929829,0.0638817490698952,0.06636647112243872,0.06341794637750817,0.06356943470903952,0.05941371843167943,0.05774953089084788,0.06382938164135628,0.06551556945858551
parallelogram,0.06605396035724352,0.060669465929829,0.058199213615497604,0.062523745426995,0.06764262405494414,0.0667197245787772,0.06599842044363824,0.06270564955598606,0.061156587820847604,0.06580312272143424,0.06742917927599329
losange,0.07012186258933445,0.0638817490698952,0.062523745426995,0.057983074368511564,0.06914725033896987,0.06939891328668336,0.07014510998053934,0.06359787487761313,0.06302734050994915,0.06776793931799564,0.06591305124631436
isoTrapezoid,0.05896280636059244,0.06636647112243872,0.06764262405494414,0.06914725033896987,0.05522389699333586,0.05947587444803723,0.05962515195120537,0.0659811052267237,0.06581884987443624,0.061063235794180305,0.06273369730842993
kite,0.05770687532625511,0.06341794637750817,0.06671972457877719,0.06939891328668336,0.05947587444803723,0.055328760329148234,0.057740887056459494,0.06424229014736321,0.06382826074313686,0.06195950947376146,0.06360295432916667
rightKite,0.057333261996843854,0.06356943470903952,0.06599842044363824,0.07014510998053934,0.05962515195120537,0.05774088705645951,0.05610308048175009,0.06381496268937915,0.06328579697702233,0.06057725917464835,0.06443323850788568
rustedHinge,0.06287352536307302,0.05941371843167943,0.06270564955598606,0.06359787487761312,0.0659811052267237,0.06424229014736321,0.06381496268937914,0.05654310395087528,0.05676269622613953,0.063977575572923,0.06423249070066099
hinge,0.06228428470394659,0.05774953089084788,0.061156587820847604,0.06302734050994915,0.06581884987443624,0.06382826074313686,0.06328579697702232,0.05676269622613953,0.05567143181887501,0.06336437453307546,0.06426294440463587
trapezoid,0.06008426922586555,0.06382938164135628,0.06580312272143425,0.06776793931799564,0.061063235794180305,0.06195950947376144,0.06057725917464835,0.06397757557292301,0.06336437453307546,0.056566789735821105,0.06155431984681652
random,0.06300251062196674,0.06551556945858551,0.06742917927599328,0.06591305124631436,0.06273369730842993,0.06360295432916667,0.06443323850788568,0.06423249070066099,0.06426294440463588,0.0615543198468165,0.05625091645131092
