,photo_face,photo_profil,photo_eyes,photo_face2,photo_walking,photo_standing,photo_hand,photo_legs,photo_bird,photo_butterfly,photo_girafe,photo_fish,photo_cherry,photo_tree,photo_flower,photo_carrot,photo_watch,photo_key,photo_truck,photo_velo,photo_road,photo_house,photo_mountain,photo_windmill,drawing_face,drawing_profil,drawing_eyes,drawing_face2,drawing_walking,drawing_standing,drawing_hand,drawing_legs,drawing_bird,drawing_butterfly,drawing_girafe,drawing_fish,drawing_cherry,drawing_tree,drawing_flower,drawing_carrot,drawing_watch,drawing_key,drawing_truck,drawing_velo,drawing_road,drawing_house,drawing_mountain,drawing_windmill,geo_face,geo_profil,geo_eyes,geo_face2,geo_walking,geo_standing,geo_hand,geo_legs,geo_bird,geo_butterfly,geo_girafe,geo_fish,geo_cherry,geo_tree,geo_flower,geo_carrot,geo_watch,geo_key,geo_truck,geo_velo,geo_road,geo_house,geo_mountain,geo_windmill,word_face,word_profil,word_eyes,word_face2,word_walking,word_standing,word_hand,word_legs,word_bird,word_butterfly,word_girafe,word_fish,word_cherry,word_tree,word_flower,word_carrot,word_watch,word_key,word_truck,word_velo,word_road,word_house,word_mountain,word_windmill
photo_face,0.0,83.64905016517557,96.61346081292058,87.99919066001402,82.53271650373279,81.47918614246561,76.71082670026927,74.55671012707914,90.45495544941457,102.13588205206355,97.3201395772664,90.30408200863111,89.65636378488274,84.0398610687475,81.73805088228427,79.67078485234687,85.64817961534534,89.203914319877,96.99075055902716,91.27830580642154,102.95428469093794,91.88341372346585,90.79001502167993,93.8520146732823,82.59247477131562,90.56735851231282,94.36449954904086,93.13080385553971,85.19624684556163,83.79918715973453,88.0538137917344,85.45816530383506,87.38917619575753,98.8258244137327,84.95138199901277,92.10578329665678,93.35440311051708,78.56671249487856,82.57313486307103,80.43549266472066,79.79461147176329,92.20563080860438,92.90133552944235,92.97518054986209,87.37654374563567,96.69274698109963,87.86428888336621,90.51714241150047,95.18849191996128,81.19169759455994,93.34662020315072,84.0573532488077,84.78859425376997,83.14134033505646,85.79869018952627,79.76354677942857,82.17950451321153,97.30498402462393,85.56472566591034,93.08105563571176,91.30334761455543,83.21639546019219,81.96835053639384,81.08590489706538,81.4756388936191,90.37345668141074,92.97217555655479,90.88425786325644,82.32541127389216,84.80409595186471,86.88341948330464,91.25651356138323,81.27129754053666,81.50834183781717,81.5470577362057,89.08158856377769,91.44696899643328,90.27737191966341,81.2680330611449,90.18606309599873,89.9873822947501,90.30551224365126,86.32427654343101,90.22895286833197,91.15397866538781,84.35958296848733,83.21969904574759,90.37443727781556,87.68704556742217,80.34552616763486,90.91090281471003,81.4280154198726,83.64205311909384,88.07849420485711,96.00165222051362,84.37386868018352
photo_profil,83.64905016517557,0.0,98.65872713813066,92.07528756235273,92.67830695791905,92.50751274336822,89.71924062821473,89.82194727074504,96.53974669280679,103.9008986872981,103.33549254887602,98.04254918503511,95.61752792099561,93.5717157421545,93.96032673222362,92.76219827514132,98.65814983796446,95.91577222185205,102.14666064646705,99.43990743182185,106.31247474314026,92.08836998181238,96.09699530238973,97.0389071977119,96.50053709708651,86.9202319707665,99.28865765861616,97.56847215211606,95.35244690571783,93.75371835101328,97.77440580695628,91.88365810711679,96.5750574403012,100.16948707975888,92.81113065927764,98.99745362039197,97.16340990577316,94.46289202044314,91.68088718892409,93.85460711629764,93.72046387305144,97.9098652130035,99.31959677600992,99.18277023451773,96.23029408652297,98.49588029478892,96.92609315609458,96.71415077885209,98.05702949021118,94.31060614251525,98.32185337918,93.60914746163064,97.22003627032505,94.9860463692942,95.71208190688863,94.14320740224623,94.72981766312274,98.6565185970489,92.44445611345007,99.18002840877169,95.1339580155436,94.02475864177819,94.52808505708849,93.13763189581104,93.62699656722924,97.42449041072906,99.17802316501594,99.90269393701786,91.32485569735603,90.97601515270304,95.3345244871498,98.27860911162192,92.65885959238189,93.7369462340996,92.95272749794881,95.90692958636126,97.53715588560958,97.08192633291299,92.44545471974381,96.9550740658634,95.76741570022406,98.71878992639354,93.39869421066962,97.4208447154568,97.72664783080943,93.29268514234177,92.51792914454894,96.99754926823907,94.95599784611086,94.31198822090482,97.64683041589,92.82295169836748,93.25476051592472,96.03121488888817,103.40884710471322,92.91986889999575
photo_eyes,96.61346081292058,98.65872713813066,0.0,92.50144218404155,97.80806859430668,97.48946539039306,95.52220466238388,96.87622088524856,89.65780136728121,99.96326885536196,99.87418192773436,87.80052953887865,100.04775194403099,102.01671867638704,99.27068748857339,94.03991429753131,104.89235701980772,87.18017280767273,94.95914782933404,93.13401424417955,84.77032677775071,103.82121029064992,93.24461265866547,104.27492561069525,99.97070356391522,102.0750428120542,87.33678206311613,97.1272998180607,103.54000340454799,99.90500196454956,102.93393019309653,103.62208418714594,92.6094003810524,97.19492512474778,101.45744379036218,92.1948373621339,95.38261976778598,97.68680458887796,98.78801641400777,99.99708149699057,96.7665988169554,88.12011489749281,93.71748677153188,92.5449533933297,90.26136809542517,91.70613481390963,92.42254927558751,104.57858906731916,103.41172690117251,97.34934782906556,86.27433600596913,101.5829837484344,103.35327119312656,101.09260830162131,102.5819013906279,97.56965513245869,98.02041848504793,98.55672139865159,97.92846807339718,92.04938420278309,104.3256779822305,97.44360269223809,100.13043706346133,98.04461103849728,97.28138376390054,87.96900132189467,93.1632629600142,91.88824099520465,98.99137606877922,103.256673101135,94.66554288047809,106.68262115144152,88.28392222469012,87.89262568110006,89.11223649883598,87.60524582938449,87.24521630099639,86.63310628967432,88.56797087485029,86.4368684159307,86.83636803220215,87.26948122908696,86.37615162336587,86.74125938126177,85.93071319481052,87.63889956703493,88.17486294794088,86.70989369270947,86.08510657341215,89.04292140444159,86.17062622647721,88.75063846158926,87.46206492086336,86.5510037067394,93.3482683695148,87.72473596203191
photo_face2,87.99919066001402,92.07528756235273,92.50144218404155,0.0,92.3033152261756,93.44024747752573,85.03900000673733,91.34446666239505,87.92153490681451,98.7010967114817,98.2660211833916,92.53171381590367,95.56530298086282,94.37060747933582,94.2129874449235,91.50787798748627,99.8230756604812,93.53036773342099,99.31886680440859,95.64446957633211,97.50703180611914,94.73565233451274,95.14619789597046,100.93349132654949,92.92173477822456,96.85084446034666,96.89290928367052,84.2854429753818,97.4681523223476,93.93083054735578,97.81607674299454,96.6588980940383,93.12679713368074,96.9447955459297,96.50786014038786,96.90758679962973,96.19398144253927,93.0143568660177,92.87607476938946,96.57485153885776,93.4818213896646,96.23147493702179,96.80899445182307,95.17983264193764,93.37009254654238,96.2428019776451,94.52111036257442,99.3034705307057,100.3365768188967,94.08265896391617,97.29624027356991,95.46773515558957,96.03424146392966,95.97756463508364,94.95524040142386,94.95367236144287,95.51093157552077,95.72040430557841,94.55478815454632,95.74692819588961,100.17837512118749,94.242039441303,95.1299029468407,94.61591567664398,94.59613884081624,94.85947222982743,94.46373451329497,95.48834096900707,93.1131580107214,96.49622806028916,91.75738519989248,102.06431983420799,90.74803169624818,90.93666121555255,91.08336163713426,93.63664311356868,96.39849778060164,95.60769693689339,90.40256850057459,96.48365973345174,95.06452929904472,95.47780855661168,93.0139716229176,95.47461396890237,96.33714878484093,92.44106785979518,90.58555181780135,95.44435431439946,93.43878096790164,90.18576278564883,95.97896049570842,90.35063150053726,92.48465363245235,93.6863353108145,100.93742054663058,91.83078904028017
photo_walking,82.53271650373279,92.67830695791905,97.80806859430668,92.3033152261756,0.0,71.83085306943657,77.34452919828664,69.63576475921803,82.60977798215876,95.685342104893,94.82151855577331,83.85825995800619,80.98183664774356,81.16589003440991,71.15422817799598,70.4628409744587,80.11871920585152,81.52001322604522,92.11503053091994,83.00031257285568,97.29545246940802,96.14895041745032,79.94085373177278,92.31458040125892,77.88874715347953,88.65969633995451,85.33007279153641,87.11583400436145,69.68448135852981,77.20117655673707,81.35514353930061,80.60595417407667,80.67501424317055,88.6216820518974,73.37085758046369,82.39120915465487,88.8907377006705,73.33386254973253,77.92555269407606,72.89031470382227,72.40916119958027,84.50388359814585,84.87407922733506,86.58242043563669,78.80327954519186,88.20315354896664,75.65227955721252,86.92663480503714,90.93031028777703,70.4105848905918,85.24712640794253,77.69290058562228,74.7313764791474,75.30277973454972,81.61765807252554,70.87313211832044,70.29374295931491,89.31848446989567,71.95377611096225,82.34860830944798,79.13961659020914,70.3933299568185,77.10335703638744,71.8842977697678,71.4932005817503,81.25756942206048,84.79546137301689,86.29130111921859,74.73292540734725,84.7306234602026,77.73036832789563,86.20747228633044,72.38348786340948,73.85781966128738,74.59198577509227,83.09509126755201,82.43722845567893,81.9676510660019,72.79835223177444,81.75438997746245,82.56521711797782,82.77405766188436,78.53336289322915,82.46059360391588,83.21707014651838,76.45662870708804,75.20444699653753,82.6202674252662,80.61930745189275,73.46059357994939,82.57970556832551,73.16100200000874,76.24419434232894,81.1145668094925,89.24133636508947,76.45535228190681
photo_standing,81.47918614246561,92.50751274336822,97.48946539039306,93.44024747752573,71.83085306943657,0.0,76.77237589492967,65.36770561069682,85.00986384897492,96.72514243994256,89.34165493414021,86.3864926722804,87.53468511904414,82.88448295093336,61.78572516616664,62.7952752510594,74.0327116064296,80.4757347728791,91.97980115565585,88.16067033808774,99.21462926233576,95.8668380018113,83.81512097361507,88.39341276321447,79.72063400839941,89.99552546001973,85.74843924040613,86.31003693450829,78.38431140033148,66.35704999775409,76.36499561444596,79.33480476445992,80.42189797418602,80.81481240822181,69.31856456785493,84.0880938122993,85.96073186040962,73.0635446206444,71.61734954709083,61.6592522220392,70.08349268909056,83.0504868631758,85.52865476361872,90.013670207566,76.03911751808435,90.67441169839098,78.04277846483087,80.93565626116197,87.36428022154614,62.828091553807596,85.39251871618815,66.75243072386117,76.32941023994185,67.85441406796991,76.16455655885738,69.21436876525313,66.9068068985721,86.0776420697255,66.43450443240509,84.80213343436424,80.558063660511,69.29774930833446,67.42880933108678,57.571813272460965,62.43388510691966,79.26509705130016,84.31483999424802,86.41053247593223,71.98225464795173,81.163567828521,75.34865024677562,82.78270101145512,71.97747891836353,73.65953138507611,73.17037277761482,82.15857986508328,83.19464371137364,82.18499587767707,72.66391018661409,82.10653631938297,82.16038168504245,81.527511753696,79.05751530899211,82.06660150632105,83.38917478540418,75.90288721766973,74.8328485272238,82.6489861159303,80.14767522292176,72.67555953131675,83.21919382804442,72.12110827386918,74.73745109160117,80.1502031994739,87.83028489613577,74.77407804074655
photo_hand,76.71082670026927,89.71924062821473,95.52220466238388,85.03900000673733,77.34452919828664,76.77237589492967,0.0,72.36080366666444,87.37602000609425,97.46050205317702,95.43851222286519,84.26928842025153,85.64931927045967,82.49627235215218,77.22199876424638,72.09963485610545,85.37088231897887,84.15514082043512,96.7531684565352,87.15904903088341,99.72084896286616,91.55312105360714,88.54009010138707,94.72983382481388,86.16573378798306,91.6236462828325,87.38723324925012,89.81093367329585,83.72277399970004,80.60533388415332,81.07465096654506,84.64042082071484,87.59096004776096,93.91145009244357,81.73010959797628,87.25950680712084,90.05774797334522,80.77728130735689,81.60529553329707,78.28007427663272,77.86949703364633,87.36845943339307,88.78991322349944,90.53003066746356,82.4974507578435,93.54782462212823,83.36668271991115,90.08895541141383,96.20477205299157,78.55473683968687,86.61740022813936,83.79707426758608,85.07733222367759,82.7562801084127,77.19407317571648,76.05847234761923,79.08848911034355,90.45186060035708,79.90116160820124,87.88204042277849,87.07194012229017,79.54547398418534,82.06816800223689,74.89823760057283,77.12026304565234,85.25987887277276,88.93397075086679,89.33518397886458,78.31176756834618,86.50684769419608,83.7108661446509,89.79763203145001,77.89367149375067,77.83285802041125,78.60948879421393,85.59366465833435,86.5904467229836,85.18259928187622,77.71843843600391,85.52987379483214,85.76873129768414,85.51081499444001,81.89292045350628,85.62363315932662,86.61670158956447,79.73998446559497,78.89819704723384,85.58037229030337,83.53821912051403,77.49431999066718,85.95763933873019,77.55978844405072,78.46987126872772,84.15260276156745,91.32014776897054,78.54194406368991
photo_legs,74.55671012707914,89.82194727074504,96.87622088524856,91.34446666239505,69.63576475921803,65.36770561069682,72.36080366666444,0.0,85.9849044010514,97.40562786354836,94.20640814101654,84.87946661716798,83.90111887177508,82.55484596275711,68.19447707492701,62.17256270199807,79.59752166142022,81.89706933361886,94.83687671316876,87.68620640454878,100.03873767347551,95.25594291490853,86.59712920946936,91.07647712898859,79.51049918800096,91.45545677206941,85.19721308547953,90.17667663210099,76.63078622219193,75.34011655965779,79.26671114617444,78.9091606745909,83.64872802053792,89.40098822232474,76.80376261310289,85.21053278444012,89.37508039820521,74.98981813813802,76.6781912466764,68.97993897871264,71.95108724758482,84.93468528118055,88.92558306666164,90.3969951354151,78.3914896981325,92.02905759737293,79.12351670745225,85.81167928856527,91.20385759871914,66.68932104087567,84.73589320794486,73.77974416071328,79.21983948759959,72.86520809153032,81.19022038360889,67.3032105835644,67.50755268830939,90.41856331521039,74.30956371723398,84.40020346274895,80.52828902472913,72.79227289222352,74.20068726826766,67.46136592871198,69.65898702394405,81.4091711592183,86.72621348547911,87.21250332377053,76.80974253868072,82.9112050609453,79.09714975385366,85.79572843332573,73.6575330184318,74.6603138191861,74.96045666005817,83.79682489450605,84.02769181549733,82.76874993329217,73.98375817093628,82.55135626650909,83.3082040482936,83.1717387731333,79.6648651803699,83.48732079411651,83.79938560191917,77.56043507341222,76.17264573293367,83.31643913940198,80.70978379044622,73.47321677915205,83.75744209358076,73.79152021477583,76.061362681823,81.65433217739402,89.80169112821292,76.19171680730058
photo_bird,90.45495544941457,96.53974669280679,89.65780136728121,87.92153490681451,82.60977798215876,85.00986384897492,87.37602000609425,85.9849044010514,0.0,93.28948534484773,86.9216704873521,73.24263224893467,91.45010752354773,88.60953485856042,84.56263663250546,79.70718437732002,88.13715556138357,69.67892882818678,86.24562105292277,82.14048523125828,90.79009597873515,99.92591922372691,82.69110104132159,99.02352016182931,83.09617077296411,90.84624202852302,76.5111646921267,83.8501235099443,88.57233859659327,83.7690294888804,86.952690465194,90.36142128402147,68.63933856965724,91.2069890440738,84.8061992331968,77.2467158345516,91.07345094506833,82.48385998982019,81.32927903650493,84.62856671391755,78.14276951382669,72.25143517493724,82.19959395277786,82.32264579222871,72.10577783766361,84.09532599917243,72.93836923262543,92.70433039571449,94.91430603942602,80.46772120089777,76.36475502084758,84.77975839347987,89.47589719597666,86.13227783678627,88.88777797449434,82.11523402519667,79.78059844096937,91.08221656864627,81.0449165285924,76.55026114756637,91.19370390564154,80.26232986842773,83.78355293307528,82.23054621822372,78.04867733906016,68.8596371934002,82.11218970666854,81.7810737869135,84.99132050887958,90.41829956646055,80.47349117890317,93.92399150846371,69.40883595014144,70.91686724898098,69.67243487444327,72.66417458710741,75.20167669463967,74.26331720141593,69.89399007110943,74.85855315717043,73.52170862991574,74.94524330396372,71.04497833728557,73.43410651564407,73.87006979665554,70.66605057342117,69.39864107318313,73.65105665182647,71.60782087914501,69.78622392974921,74.27618311680688,69.88752679960552,70.37954939080656,71.12445922774316,81.03958373967575,70.66867646710608
photo_butterfly,102.13588205206355,103.9008986872981,99.96326885536196,98.7010967114817,95.685342104893,96.72514243994256,97.46050205317702,97.40562786354836,93.28948534484773,0.0,104.79227153703252,97.45420947248743,100.38802598061288,100.12166092220816,98.75195658679192,97.15515389375257,105.34360892418856,95.51006311979046,101.38323452710281,95.20131477189462,98.91967246639723,106.91291325429312,96.86520471420933,102.33190796809023,99.83198650713226,98.48506946232503,97.64252714614908,89.78819341371671,97.47613435864294,98.33543751979417,102.33358793072082,100.67479186306399,92.49975092282374,89.96678928949686,99.65757046599913,98.74387685034844,96.50269015467457,98.77059139538494,96.90606513281926,100.30141829188068,96.84864586652834,96.87847527296537,95.91802219930383,97.5263606384082,94.54333517309446,98.18702104229851,95.25491149446054,95.33016257339219,102.68354508096523,98.37308362620914,98.0851712424452,99.1703296945629,98.10776220269933,94.84094235357996,99.70335711628505,98.61029605668047,98.62161733639361,94.68685147966353,96.21454907164453,98.81438028788578,103.41383543177896,96.73458572712933,98.86488380956735,97.23846023650184,98.56921404029983,96.19573564477669,97.80754024426794,98.54332579462908,97.99081735154033,102.39318513016545,91.4351016722553,99.8007052060417,93.40090110411838,93.54291025617934,94.24256719502574,97.0473417988784,97.97441442644524,98.02366141412777,93.93329767710965,97.56074531780781,96.8407468244262,98.2890624771042,94.60858608139674,98.47322077213808,97.81978386144428,93.65537562592937,93.80463638276888,97.19308055753994,95.81716670788337,94.00465889507997,97.99352964271324,94.14037705029482,93.58202173164516,96.36215520762855,103.20092830311998,93.98098780142108
photo_girafe,97.3201395772664,103.33549254887602,99.87418192773436,98.2660211833916,94.82151855577331,89.34165493414021,95.43851222286519,94.20640814101654,86.9216704873521,104.79227153703252,0.0,94.46230287498874,101.24456610826611,97.49030429888171,90.03944147858087,90.0841750073873,97.2483810112732,88.25983267672055,97.12126776532068,97.13895798934834,102.03159059621248,102.46316289551454,96.81971064139194,102.38178933929713,94.33396133408027,100.2025707966312,94.02965181242422,95.46308643793733,95.28399858501515,93.26378230228775,93.87697212674219,95.23380267334694,93.86983532232479,96.20764151470921,87.96544309210638,94.39371927104814,97.14132049233883,91.837595442791,92.24726127503598,92.37864316618408,90.52248027796495,92.07976719935363,92.05663724819225,95.56229115905546,90.32126775645942,96.13449693709387,91.5478336997643,97.8505057443431,98.85396709829199,91.6838823662242,93.72801781747742,90.24626463482818,97.25868089703681,91.27240856768022,94.7789444316627,90.00126178418893,95.34459295800342,100.45031273252066,87.34217499197412,95.01916729387861,97.62419190345516,92.43600795094613,89.19732257046556,90.9262294271953,90.8698989056365,90.35153952213071,91.71885572558293,93.98982038152597,91.74587056142855,96.71723965257999,88.84364440969719,96.66671366028677,90.17557818599425,89.95765486383092,90.21654154024536,92.9403569258852,93.23373234265576,92.40279824759004,89.49220187132187,93.17596157841125,93.05231649819623,91.21199390705576,91.8853096861973,92.71303387848275,93.20051750307026,91.12498462287627,90.25067128666932,92.84705419925622,90.4739365165374,90.16541160557384,92.75631317525782,90.11987863968434,89.66341392124126,91.04204297710447,98.43256424415235,89.20556734409998
photo_fish,90.30408200863111,98.04254918503511,87.80052953887865,92.53171381590367,83.85825995800619,86.3864926722804,84.26928842025153,84.87946661716798,73.24263224893467,97.45420947248743,94.46230287498874,0.0,92.04598628997233,88.43608220237039,85.59859668409773,77.48324634770576,90.32174875164431,68.99977843014977,85.36548462052305,79.55120721430521,90.73838075016322,99.17057899347591,83.29355022281935,100.48705208164816,88.59233232180598,94.37131806637233,72.46191092889259,88.5747634656483,93.0100350050784,87.56074057984614,90.55947985142573,93.82964586874347,79.34046109287539,93.96377988956993,87.74745512940164,74.3083510903119,91.67526243232298,85.74328212103374,85.61995655980431,85.139543616223,80.38774773319803,72.40919055800765,80.09617841886359,84.12697428544791,71.50526046478542,85.08464248199411,72.500150775146,96.85545684078522,97.06952568517346,80.78621538882909,73.51112117080038,86.53052943848975,94.19396882860646,89.68117255852424,91.45265825737191,83.4111813163539,81.47724392490642,94.45413466372383,82.68665268889235,70.64148746881573,92.68639056097368,82.58304178838118,87.77079190708288,83.70216728168886,80.62417903816319,71.53476348630983,80.77294324239307,83.84126642251675,85.5529642463265,92.47438061821413,81.64185219694257,98.08693732282563,70.45967606258117,70.52533267340615,70.56464733674919,73.06069210300767,72.46876625600713,72.76493799398683,69.57586854058606,71.73520850024863,70.14957577274187,75.67093335365456,70.36818154088904,73.00436194957999,71.91218048981976,70.05918369988777,70.64764496708098,71.70951838583711,71.38323031196231,70.43020894902746,72.0801471981269,70.42057955608765,71.96261678437786,71.4343018965445,80.18865460259741,70.9133833249167
photo_cherry,89.65636378488274,95.61752792099561,100.04775194403099,95.56530298086282,80.98183664774356,87.53468511904414,85.64931927045967,83.90111887177508,91.45010752354773,100.38802598061288,101.24456610826611,92.04598628997233,0.0,87.70096418682182,87.58114991867794,83.76611419860006,93.23504949298281,89.08420946899582,97.62012598313929,92.16233959659814,106.12768341658516,99.504153090688,89.55863597522179,98.25957240247028,91.81395612159149,97.02056084542669,93.03270702096609,97.48996463833284,86.22457985627138,90.85306197817286,93.29691392321007,90.16594705100857,92.15261534087209,95.65545442758219,87.1054394091314,91.64625586827462,93.42482755378387,87.47277753286231,91.83663747616599,86.17818106613078,85.34912810537124,91.97861523632979,91.04279986532576,94.58457979305602,89.0123227612264,95.42060146615391,86.96644810320763,96.17565505078427,99.27048784788929,87.24796824035043,92.6414548545391,91.47399739727636,90.95756983721714,90.11887788573392,91.99806770268214,82.76520639383361,86.33325337391308,94.97525105710874,84.77190711213511,93.59816723258518,88.48919138942298,85.28460450366826,90.61081132802539,85.95832476261582,85.67283191526624,90.72137070451934,92.87543656501097,93.91907149837755,84.12217762000822,91.48122389365675,89.58231816755747,96.83514137773209,84.67629518343294,85.3348840597515,85.51159799204208,91.79435183771562,91.33799007301519,90.72651658481152,84.63498276970151,90.02820695870572,90.55194078787254,93.08735222532133,88.13820774951338,91.26968568134342,91.7442956682252,86.22944472057078,85.32538542529407,90.67211203208018,89.6370837928514,85.07968463548555,90.84216865926516,85.05988331505726,85.93929123705982,90.76555346265218,97.8203500937373,86.16523771145971
photo_tree,84.0398610687475,93.5717157421545,102.01671867638704,94.37060747933582,81.16589003440991,82.88448295093336,82.49627235215218,82.55484596275711,88.60953485856042,100.12166092220816,97.49030429888171,88.43608220237039,87.70096418682182,0.0,81.6224039848798,78.93563344789914,77.7263653661313,86.13977828812884,97.3473002379261,90.80141210249498,102.57271549570147,90.10408228397662,81.96922574653627,92.4811347605364,86.88037165327677,94.06996220358303,91.63373920820473,92.08044341898358,82.18829600568385,82.36344336676146,89.93323583593721,85.78224935133699,86.0387498544845,94.47876832340185,80.65083960965646,88.40902685722229,92.8007450597697,73.18198034040164,86.57559512134343,80.74610549973227,77.96145596026372,89.8992131000093,90.62169831329652,91.16421860449785,85.928406685348,92.87141275718189,82.87252298609978,89.76957311228217,97.48608801824523,80.96378315641702,91.64723000882096,87.93322911860731,85.90407310671348,84.92143714490699,85.18223714005202,79.61882145029035,80.72867713317221,93.86496509233864,81.42670761056482,91.39890012209176,86.99777500064383,78.59693814685235,83.6277031829058,81.06561356979164,78.20330086801135,87.90512458811835,92.01668785580827,93.65848507791,82.05847622183987,85.78912316060116,87.58536141168528,90.77101876566533,79.03761920252852,80.9095411655175,80.52648035416446,87.94160652960188,88.91898299768698,88.43800929092902,79.81201923871846,87.87924330588986,88.17266283624444,88.2343065331303,84.50077823362635,87.49139871798015,88.95648664477685,82.78444178234267,81.32075156097922,88.76355969233187,87.2800422571182,79.44126848052925,88.75848912145,79.91539321577592,82.1993310364223,87.088210412895,94.33172449589284,83.12297027988922
photo_flower,81.73805088228427,93.96032673222362,99.27068748857339,94.2129874449235,71.15422817799598,61.78572516616664,77.22199876424638,68.19447707492701,84.56263663250546,98.75195658679192,90.03944147858087,85.59859668409773,87.58114991867794,81.6224039848798,0.0,57.760643339705624,72.3898183895714,80.41638326654598,92.88409766797741,87.94815994889487,99.59567671892802,96.72019557530763,85.76578976730843,95.20714265311663,78.78225278520146,90.94418715622228,85.59773224144824,87.83993281274653,78.23230547645869,67.39220900081821,76.6734498490864,81.98826256024249,80.09852571665095,85.84190486462846,71.44340207014211,82.99893675701831,86.36207237685906,69.65674205458211,70.48750400674922,58.06962519376078,69.32354129000976,82.9025237394309,85.12038380938748,89.67227231511826,75.001097411414,90.68105733979965,76.87403863228884,88.67822090836886,88.50740033283003,60.714182479912694,85.19103318931585,70.00102942053941,77.56965599485022,70.85296555436953,78.82040505087825,69.73813004052124,66.62179690739966,86.96598334489282,69.2414018212124,83.92254217162397,79.51924899957291,68.06119365261175,65.18893925685087,56.62920665788375,61.76905940926386,79.21833059799252,83.9820894856372,86.86077133417078,70.70828133658154,81.31194800344022,74.7414022064311,87.06060767680438,72.38968061601017,73.37575960665242,72.99978638455588,82.2533576826257,82.46460183604546,81.16803927751772,72.16397902341453,81.90070588519201,81.90022289579156,82.42461232291377,78.43201346725482,82.24192528813067,82.8341500789057,74.79669449237558,75.10990018242693,81.94563607616715,79.39765109827238,72.2283803858227,82.60383084267761,72.38780689338475,74.5490736739757,79.40243866516744,87.6377492092506,74.51574642056423
photo_carrot,79.67078485234687,92.76219827514132,94.03991429753131,91.50787798748627,70.4628409744587,62.7952752510594,72.09963485610545,62.17256270199807,79.70718437732002,97.15515389375257,90.0841750073873,77.48324634770576,83.76611419860006,78.93563344789914,57.760643339705624,0.0,69.11485357302251,74.28140357666429,88.712898909996,84.51843745632932,98.03859335182426,95.97822418290922,81.92577112815852,94.87785424543027,79.48026394615277,90.85984315766929,79.62702374330925,87.0969660975257,79.44174285775127,65.12043634279625,75.93865991442742,80.1560070240464,78.01755225924357,86.13768806571622,70.57245783912815,80.24417283277374,87.28753778814479,69.92573458795572,72.17340093237212,52.42947736394206,68.12523182598659,77.47446405011868,82.56378900251326,86.94548169260587,70.2971072278482,87.87525525189307,72.6751317713461,90.22526431173182,88.87481517438498,58.83770617049962,79.37035506616583,72.19717155335177,78.66810529017243,69.77601216583373,78.22953295217154,65.84828651057698,62.561086787751,87.07150679206005,65.7548977678557,79.56193795934483,78.40061090769437,64.22603967526896,66.83214210756638,52.80828057997127,57.071026127184375,73.09822642019304,79.66857734483165,83.94753048477374,71.0807560712843,80.53768755609136,76.02779526953363,89.23433741633839,65.92142934423329,67.66949572764777,67.43585196392206,76.99156251026517,77.65711941868229,75.92740206747848,66.36336634566358,76.42322359800025,77.17514623559065,77.38824964168424,73.49153584922836,76.90788361154972,77.80591133162596,69.5514240722686,68.88078455214541,77.06753389865843,73.83038455646007,67.32346826336122,77.25459063013574,66.31481780075362,68.52008827060018,74.5251444392749,83.1665277584423,68.34775248831937
photo_watch,85.64817961534534,98.65814983796446,104.89235701980772,99.8230756604812,80.11871920585152,74.0327116064296,85.37088231897887,79.59752166142022,88.13715556138357,105.34360892418856,97.2483810112732,90.32174875164431,93.23504949298281,77.7263653661313,72.3898183895714,69.11485357302251,0.0,85.21490282071173,97.9036572983757,93.48136955317236,103.9160370260089,101.10792234009355,83.83811784085725,97.61315362327653,82.29455318262282,94.80042923761071,90.60853882344216,92.5158420707185,81.81723529818652,71.65230035408516,85.03107101014737,85.86081756521317,83.20401557513458,93.50723530144029,77.20750383776077,86.02531998490878,91.75249207155528,68.94815320167933,79.07736177562862,66.36646384133545,69.57648386855304,87.77063544144339,90.68170571435097,93.86857553370606,81.81727649678237,93.20542492221625,79.60879904509864,91.20717464692973,97.60478688018638,70.01134214239164,89.4278877804104,82.91157905662047,84.35993189321394,79.65415824633708,84.25775234054608,74.65742079886131,73.3481069535634,93.79766953446162,77.11458386015597,88.64603060714983,84.46329263851393,70.3922693983977,71.53911428298966,68.66672087551237,61.99934846880414,83.95700832407223,91.82941338495614,91.70972178870936,82.61570822128796,85.69131229583974,84.66959568926056,89.87063319037085,76.01587208496487,77.54713083419821,76.78568712600799,84.60494613752736,86.99021759790604,85.85114989262962,76.52856339289711,85.68499010464448,85.24391727044348,84.8886872697533,82.1035927987769,85.2178350724957,86.69065087923214,79.72425871701533,78.70085578534808,85.71296667310065,83.09583142919381,75.25414667548287,86.45213291355374,76.1252610925384,78.41576945465931,83.29355512666233,91.30965802992233,78.83124874517313
photo_key,89.203914319877,95.91577222185205,87.18017280767273,93.53036773342099,81.52001322604522,80.4757347728791,84.15514082043512,81.89706933361886,69.67892882818678,95.51006311979046,88.25983267672055,68.99977843014977,89.08420946899582,86.13977828812884,80.41638326654598,74.28140357666429,85.21490282071173,0.0,78.68988920256265,76.76300142112662,89.17007364688875,96.86577834492412,78.67040982385546,97.12249189141077,83.00680126069832,87.16300116767445,59.53400322619391,83.85000823214199,87.5176899145402,81.4035743146227,82.58833622487609,87.4421030876596,70.00915008532728,87.88009577127411,81.81904230993514,68.14290925494485,83.65907259090838,79.830169668724,77.9049792230397,78.43202703044366,75.44980617137658,46.71856345237398,73.52309304442565,76.65862262795495,62.74421766952362,76.39910883022121,62.702676388595094,91.49436643403862,87.64908966885739,73.58057125786044,62.04621415104039,79.37794682178838,88.59507014619288,83.25127241551026,83.7461998207509,76.01132501543687,72.22291892084068,87.93560327198227,75.01140559940944,67.54589859920438,86.6476272962153,76.67314558851704,81.53209909662614,76.28540520055871,73.88666786988077,47.292279971604174,70.27732877843901,76.71367009502946,77.58000487549248,84.54068684527181,75.33834885652954,90.59132516198112,58.465912376492774,58.56521600194887,58.05182082882482,59.238857992065725,58.62796459041835,57.10190272730909,57.7696608445464,58.32438161957271,57.37667987455722,62.30771227289633,59.32624852332433,58.96478736069806,57.06834020062185,56.94240043582577,58.743864812489356,56.54024454655604,55.32307802152073,59.925941233160984,57.63797438582477,58.69276805216128,56.8525786023529,57.113670082756926,68.82469100155191,56.54159598631624
photo_truck,96.99075055902716,102.14666064646705,94.95914782933404,99.31886680440859,92.11503053091994,91.97980115565585,96.7531684565352,94.83687671316876,86.24562105292277,101.38323452710281,97.12126776532068,85.36548462052305,97.62012598313929,97.3473002379261,92.88409766797741,88.712898909996,97.9036572983757,78.68988920256265,0.0,85.19218826099815,94.64543817618093,100.12133622192414,86.1161702368179,104.6614783942526,91.55681627599257,96.89901276097314,79.914223862157,88.71955456023898,98.56193800870777,92.76847448978158,94.30644332912856,96.93407122804503,84.73983533705956,95.4903736544843,93.64762563844268,82.26077799792257,94.67616814553642,91.87526742056681,92.62483829865675,91.91924230395767,89.08432218530027,79.68854229675752,67.55291149070145,81.81861100459406,83.57706990226012,81.98491243224012,79.06922036986862,98.08552124732516,94.11952163892559,88.49111184571869,82.7247757182645,91.1957700919799,95.57615225129797,92.94686005285183,95.57835872520383,89.2388630231768,89.80995298272772,95.92816758604093,88.1673681228929,79.34780005569414,95.88543724789976,88.95133054036425,93.74524444618984,90.51640185671587,89.61133613876594,79.83635177199092,60.43409566237424,79.73695890356359,89.9568307123206,95.39559069281954,86.68893209145355,100.07659214804906,81.87334254139618,82.46725994044101,82.4363355412337,85.05781711332247,80.0006674185115,80.95979320689507,81.1378277663054,81.16153605734489,80.06295781421304,86.0221697765342,83.21887040059433,82.08290230858832,81.28049656141408,82.96561085313441,82.4076378067154,81.26806741310088,81.6277913029641,82.86855828529147,80.87423273090235,82.4713471990867,83.14521777228389,82.27280747323229,89.12306871436436,82.31704896173996
photo_velo,91.27830580642154,99.43990743182185,93.13401424417955,95.64446957633211,83.00031257285568,88.16067033808774,87.15904903088341,87.68620640454878,82.14048523125828,95.20131477189462,97.13895798934834,79.55120721430521,92.16233959659814,90.80141210249498,87.94815994889487,84.51843745632932,93.48136955317236,76.76300142112662,85.19218826099815,0.0,95.5324341034089,100.11031564096113,79.41528562520571,95.67577549476363,81.48766163925256,91.82910317900537,78.08744942801044,88.18480590247766,88.52354802333537,90.39562158294115,91.70419105627805,92.40880654732538,81.14234573031939,91.62630455017198,88.96806880914535,76.185663470261,88.65897209197988,84.07918395224412,87.78937114965828,87.85485554645778,80.67351032632473,79.11512001405548,76.2653515056797,65.901464227733,78.18017309938188,81.46855677868216,74.03345915010253,91.36801221545635,93.42840823547272,84.39903891196381,77.39390758616011,88.10120469282809,89.73218169062235,87.62764921728518,90.05276088689034,84.88913905535793,85.0862392394724,95.4318000687323,85.41811493999155,78.27638428935329,92.3838073479425,82.96319554448911,88.64431897945543,86.16547266761336,84.05625997994716,78.4340040210934,78.15645703709187,64.50710375179935,84.63603689398187,92.53280098720344,79.37431381257097,93.27183271512227,75.01298440411806,74.83224294122783,75.82464746440986,78.63234084346921,77.1339360782042,76.89570828551442,75.03210957749101,75.7538117374495,76.36960377882662,79.8690074942928,74.98024142753161,77.77972412766916,77.28470388834546,75.47308641318634,75.49790959940978,76.20676785174622,76.85738369854262,75.21085926249572,76.66294826898876,75.57349983337369,75.84816529753346,77.0616830237524,84.93195572617239,75.59442887696268
photo_road,102.95428469093794,106.31247474314026,84.77032677775071,97.50703180611914,97.29545246940802,99.21462926233576,99.72084896286616,100.03873767347551,90.79009597873515,98.91967246639723,102.03159059621248,90.73838075016322,106.12768341658516,102.57271549570147,99.59567671892802,98.03859335182426,103.9160370260089,89.17007364688875,94.64543817618093,95.5324341034089,0.0,105.77468452937447,92.34317655939576,102.2524214238161,99.09974138095565,104.03604620501594,89.42301082851432,95.11232498470825,102.83469885131831,99.05378139943313,103.4394028122479,104.70996227159033,92.73567386732358,96.5121940175496,100.67671038338595,91.05373362443575,96.35385360142017,96.94471451022562,96.70914108967756,100.8717547867933,96.44486352317216,91.41314098975616,92.27813239089956,91.51361278713665,84.74648003218596,92.53531248830302,91.51175474764119,102.29333367758908,104.53372963566632,97.92334394505319,92.16987283935806,101.4702960802668,102.63460946837127,100.81322667985226,103.79589356736692,99.62913849693962,98.25609032021812,98.4531977204842,98.86658241170139,91.01701552386052,103.73801477293982,96.00285589889515,98.38503968917937,98.79802871114217,97.26241934643096,91.30866362471129,92.14150434430294,92.60556153495494,99.35924244863823,105.0197923194694,92.03145034548464,104.57549814701544,93.19423391706898,93.03641507726343,92.90812682374464,93.25294323896208,91.85922039274818,91.55615800050379,93.16984447021339,91.86304220998898,92.44320938772073,91.49399761661971,92.62455565804719,91.19531562764692,91.04910106380738,92.81058721391716,93.17352305131939,91.37146132256028,91.09359662791493,93.01940158761985,91.5102566777866,93.12688687491709,93.42462109482935,91.48469167853763,97.92871423367814,93.34763834046986
photo_house,91.88341372346585,92.08836998181238,103.82121029064992,94.73565233451274,96.14895041745032,95.8668380018113,91.55312105360714,95.25594291490853,99.92591922372691,106.91291325429312,102.46316289551454,99.17057899347591,99.504153090688,90.10408228397662,96.72019557530763,95.97822418290922,101.10792234009355,96.86577834492412,100.12133622192414,100.11031564096113,105.77468452937447,0.0,97.53088763052726,101.31608238995102,98.02372119218411,98.31681999424737,100.38529599469044,96.99186226092615,98.38445320208382,95.04921818788627,100.75782613598794,96.47443851276964,98.9666358180065,103.7960447535672,96.24898693467114,100.02814895723527,98.24777666081128,93.99825780388393,96.1031089046752,96.78295459663556,96.34818578434742,99.31761669626535,96.61875496401284,98.70205169664733,98.11042566158332,96.89219615374334,97.18924676790057,98.71734054964867,101.59468118937939,96.32242594004758,102.25126982758044,99.03738689040881,97.17748807202497,98.72878605370792,95.36163433231255,95.53933858950772,97.02189833222656,103.81294473800511,95.90252076353434,100.50370216925826,97.29235330059684,97.56094874520927,98.33910058875863,96.04224193172796,96.42914258203969,99.08312280286817,97.3082650879559,100.83798907614283,92.58927068327047,91.36891767467463,98.10021468593519,101.08173126047754,96.29736906235904,96.19412190209778,96.8245368059521,100.17568911887017,100.08355194300637,99.85647658011219,95.7989646354399,99.66332003388895,99.23133633921215,101.50581559394891,97.36679232867745,100.54101646512186,100.55205857474174,96.8454225456556,96.05833693207471,99.96460909893946,99.01568982933559,96.71938749289968,99.7131751268114,96.80314079477961,97.70748645452736,99.40452916394224,106.51066722714806,97.15501031979261
