,photo_face,photo_profil,photo_eyes,photo_face2,photo_walking,photo_standing,photo_hand,photo_legs,photo_bird,photo_butterfly,photo_girafe,photo_fish,photo_cherry,photo_tree,photo_flower,photo_carrot,photo_watch,photo_key,photo_truck,photo_velo,photo_road,photo_house,photo_mountain,photo_windmill,drawing_face,drawing_profil,drawing_eyes,drawing_face2,drawing_walking,drawing_standing,drawing_hand,drawing_legs,drawing_bird,drawing_butterfly,drawing_girafe,drawing_fish,drawing_cherry,drawing_tree,drawing_flower,drawing_carrot,drawing_watch,drawing_key,drawing_truck,drawing_velo,drawing_road,drawing_house,drawing_mountain,drawing_windmill,geo_face,geo_profil,geo_eyes,geo_face2,geo_walking,geo_standing,geo_hand,geo_legs,geo_bird,geo_butterfly,geo_girafe,geo_fish,geo_cherry,geo_tree,geo_flower,geo_carrot,geo_watch,geo_key,geo_truck,geo_velo,geo_road,geo_house,geo_mountain,geo_windmill,word_face,word_profil,word_eyes,word_face2,word_walking,word_standing,word_hand,word_legs,word_bird,word_butterfly,word_girafe,word_fish,word_cherry,word_tree,word_flower,word_carrot,word_watch,word_key,word_truck,word_velo,word_road,word_house,word_mountain,word_windmill
photo_face,0.0,102.30792423543406,126.67971252052594,114.66147083123538,108.49861283890205,110.53837374767203,103.55165361945114,103.01384541442148,124.10680519729776,130.6508204080226,135.72267475569885,124.23876532275787,115.46745824349846,110.93622892068431,114.4588162934456,111.94309625697825,110.76551263599033,130.50377066616045,139.08640226954765,124.41180934924,141.89245250921397,128.37865379672564,123.94365794788453,125.36199354957172,121.57877588978616,125.65230401331323,135.18238353359882,129.6957162150711,118.690635059889,119.09956564239127,125.15399916616248,119.41580804688853,127.6505697113658,136.9465816799799,122.35490441494869,130.19730256103992,128.06322549770115,116.7247825687265,117.59682817447595,114.50886415951895,112.93057993210967,135.35468675103203,133.88298490236548,133.3934515732318,131.37281247353602,133.43270871765108,132.11174695303137,122.427575077439,134.68312325783174,123.36139789915276,131.9694852976711,125.46891157206414,120.51119996427387,117.94830006409617,120.54793921584331,111.36699955831699,118.97856263704301,127.53250427363919,122.86752131195753,133.77189587675124,126.90148551036663,118.89302160574447,116.37282955479746,116.7410442702575,121.06200972468399,137.62412858759922,138.49775578379501,132.13509068395757,117.90538166635959,125.28934262495054,126.50949957566387,123.86794987019358,126.24252630152708,128.30191973056284,128.16305348202178,131.1299324756861,135.90006173601887,135.21586480737452,128.40060669879972,133.4345418174451,132.88292247791637,134.197852746209,128.32485175440124,134.11833081492824,133.02633578083282,129.90954081913742,128.72952035678028,132.76061983117418,134.0376908600118,125.14685387308484,134.3632874403269,126.42578572451097,128.8788565815091,132.94557245601987,141.0689755743743,132.79394904132783
photo_profil,102.30792423543406,0.0,127.79181644506069,115.77913056777729,117.86011724393727,121.74216596913439,114.07321142185548,118.71238776839166,125.80021849433706,121.87906411869874,132.69198812742647,126.81218282315388,122.08273404506791,117.6589249620549,129.99829261810524,131.40177164531232,125.83384368458962,133.54522293768989,135.99045983806715,126.54110944052361,136.67543108879843,116.83520116638604,121.36936233807347,116.19679385310474,125.02772173291407,117.79143611563569,132.3553021640526,123.18341296516328,121.33062650497344,125.70825335253146,129.02438988328095,118.77238400179596,125.42281905515101,127.87963701284617,123.06367599873728,129.29565906461917,125.17961935054048,124.86412425351807,123.5173721148675,125.68064005667829,124.40994069391067,135.1018496759357,129.94772692800998,130.41202313299993,130.4251311088636,127.23075704032256,132.42970530751225,119.90471707492517,128.64547033061132,130.05493818454835,134.83908136398327,132.10415040117755,125.77466433502185,125.60259854006837,122.77521360141515,123.48102266069182,130.02718674050988,126.01868433518375,125.59432168921354,133.81593777384745,127.69676676812722,126.57403189736343,128.06480695282855,126.65850632034999,131.97203027122026,138.2651933892153,137.57051455189324,131.22098601122667,121.9306766546896,126.35992827544484,129.13915246115724,124.74141301759562,134.93721086527236,137.9273613823838,135.5724919427834,134.63012891274906,139.47116460235247,139.84451398906003,136.54759352105364,137.38667808172463,137.3852389123346,139.93488517567408,134.24077183325065,138.64438993273055,136.30850370429067,136.00201911827185,137.8885303884247,136.12345417882202,138.57918051570888,134.2010456611285,138.27533031301726,134.76287845266796,138.4778217294894,137.27280418171603,144.7462878201852,141.30157404618222
photo_eyes,126.67971252052594,127.79181644506069,0.0,112.2965491607427,139.1657685375105,143.974993839917,132.15750696832978,140.25334086350998,130.698512612698,124.2653333135589,145.12111040479977,126.56489170872972,134.4702460879933,138.3904604196087,146.65678258514313,139.18817327791055,140.38332028571958,126.99681498832156,121.69116283223326,127.99546678221127,111.98384646979251,139.04839922692722,129.3037427340646,135.68479790674462,138.578781989748,138.39772844421287,133.004033025612,130.53604666440907,144.9101802352297,143.08207007044197,147.90767293346985,145.08334587560984,137.4147357212523,136.61777605029388,147.73196428445047,134.62896374543388,134.39772668068028,146.09289404490144,143.28192398280453,143.93304217480068,141.51573086563172,134.26839543154426,128.76880093218844,134.11755982606752,134.4503109169527,121.5716890307445,137.36255910494322,141.6881505997391,140.2103376961775,145.9598469678918,134.81739879415207,146.42109112302234,143.63104660489861,142.25112459966667,143.7593329197101,142.11265251074022,144.0534161571935,132.19851459590004,143.21821687195663,131.89378851071723,146.98649890973593,144.31335479460986,140.77627339432243,143.97785568832904,144.58860621121943,138.98767638026828,130.32425370656864,132.2793497443688,141.79215750818202,140.56553430047182,133.5134226887793,143.81848161870963,137.98695741653438,139.28359249543388,141.11427603800522,135.34208741614228,135.1940523795802,136.27582383898763,139.78525289662676,135.95709938310895,134.74010479746096,135.68096342748282,135.62737671326298,135.4970506272972,133.95805814604344,139.93314581080898,138.11325830690015,135.08220659717145,137.40920808779902,138.40645170340875,136.19248921204087,139.02445669920476,138.93587480101115,135.67746949501125,140.05220171102653,141.02832230425489
photo_face2,114.66147083123538,115.77913056777729,112.2965491607427,0.0,130.85062780154558,137.20305698553102,124.17765295814354,133.9877251186075,127.86800479614813,124.93345114198077,140.1801881297916,132.6111951641595,131.40869783961787,131.89067404565245,142.73867287132074,140.2331778957458,138.925015947552,136.11160386251717,134.7873267610724,133.3570817523785,127.23788740214177,128.96668958221122,129.22139649873915,130.48990463879372,132.35940723262846,134.886753985907,140.45223348887302,126.30296182240397,137.95527151439546,139.38088168743596,143.52116295206352,135.11423717076042,136.00453095570305,136.94808981307182,140.70187525066237,139.18796172752542,134.09537904451065,140.30461833737445,138.58192781159005,139.95378191454037,137.26783852352577,142.09750545861272,136.8647681889216,137.80843772495717,138.23448385590808,130.54224437291236,140.04445937461983,135.49998579342258,139.94388768797884,142.68235747996775,142.27111999443187,144.00227808188103,138.42048618757903,138.1001526771082,136.4088941818766,136.83982041511945,141.44779273874545,133.65017937987997,139.4491888067113,138.99176429485178,142.04232401949864,139.9651845262951,139.87993343958496,139.7862462954175,144.08905742002887,145.74587825472088,140.99438122038225,137.82793273514733,135.5015383538559,137.62406038425107,134.55847485826774,139.46831775425085,141.8541988858908,143.71765827226093,143.57699243250238,141.6041587950446,144.5624843220199,145.82387817758575,143.88090672955076,144.49562119460666,143.3376704224411,144.76428134902525,141.4941215616561,144.32246085521336,143.11673448250266,144.23119658019073,142.96775815317392,143.13529334014646,145.0831233224917,141.4825131043751,144.50064579834722,142.64106836942435,144.138485470233,143.76173795714053,149.52736593526865,147.22768382956644
photo_walking,108.49861283890205,117.86011724393727,139.1657685375105,130.85062780154558,0.0,94.46651461943289,103.23920803715305,91.0615918723524,114.81667002295312,127.12024076597082,125.1055857322777,115.94974795285054,101.49252125755302,105.3567076532737,104.03733610550843,101.56917767822435,102.5061997775651,121.94505119265781,133.4378336982036,112.21902486599454,138.86865054865493,128.6116501681913,105.88086965973109,119.76328637332745,111.76784463784466,120.84234546623506,124.03452406746398,122.607338791282,94.71916650351643,110.73495227986923,115.24662770595707,109.13153521936324,115.74363518655919,125.95286865632731,100.79876341663112,117.347617683211,119.06258367418116,104.03207040432595,111.81256375063796,100.93401475918742,104.08783648282633,124.95824257264496,122.01084327023486,121.77701697710495,117.95037026380271,125.06192897221715,114.73264576534187,112.60251201655541,129.0092904326789,107.42002807242027,122.5239655517444,116.02273377581983,105.16930217942168,105.127450612676,110.76255498758053,98.0937930879826,104.26767772528666,121.18817467125194,104.55696804423916,123.46309468074247,107.16934622713792,101.22816815084452,109.02845774467384,104.30444749002457,108.29945330056782,125.76280652931914,129.02727173901613,120.93137064636839,105.37252717209134,119.48833538650538,114.54599343953711,114.82035662053254,114.88389895473067,118.07043471896462,117.4731814191339,122.694605318517,126.42061402154916,125.10641969322775,117.88549547116331,122.74343462806362,123.90862805016377,126.09547812187027,119.16191459893858,124.67638317494989,122.87878450804904,119.60042021823088,119.64106120632648,122.81177899107682,125.465781427309,114.16639527203763,124.3308983830722,115.65860275975275,119.88980185920231,124.47420196406217,131.8480486723304,123.31367582926886
photo_standing,110.53837374767203,121.74216596913439,143.974993839917,137.20305698553102,94.46651461943289,0.0,102.08885232910636,82.27726313587384,118.33155344796704,131.19102370307306,118.400664301746,119.31259831511316,111.73649033207938,108.78655706004368,88.43971048552231,90.96121871721188,91.45685595324453,125.63689391454169,135.6666552652744,115.49461481162304,141.8506391681518,130.00276961694826,114.34151778487049,113.05421710065643,110.99782485077732,119.73776757634886,124.89306441383059,121.23848328994485,102.00288559129659,93.95549904402218,104.92852588921411,103.30795980119619,114.80134328541077,121.73798784947371,94.40029232667162,117.41427783817304,117.71442942112046,99.6471714067355,99.93905619408874,85.76391472117267,93.13921862798571,123.66650029812351,123.318527045331,124.92968241567074,114.12292666165305,125.40163754443827,115.63763084157011,105.51280926944905,123.09744668752127,94.24176440070987,121.70271636225257,101.66196251373908,103.6852211426267,92.37863878892513,105.23173600294328,89.51639231820643,93.36672738967977,119.55795634510527,97.9225493367254,124.07108912835656,108.7142321230732,101.20511584176664,92.89237084850319,86.57650486721202,96.69301154471783,123.31109539396667,128.9061402168808,122.39513283427758,103.49490409436609,114.5915791284964,111.62569018687272,107.62365113555421,111.59732438937763,115.84384695632522,114.71646976469202,120.42652557696424,125.32655443278644,123.75512838236627,115.14272954852481,121.36423828362128,122.40808150875696,123.47103880498257,117.4021089726553,122.6073524304423,121.68302629146376,117.51699206198279,117.9773182545009,121.6204404522642,123.38426439267886,111.53658286553643,123.27167768263222,112.22237902708935,117.99117880715191,122.09577996374401,129.7054886627796,121.19604580836969
photo_hand,103.55165361945114,114.07321142185548,132.15750696832978,124.17765295814354,103.23920803715305,102.08885232910636,0.0,94.83089350478724,117.88840826274222,122.81718687470304,127.64580233085489,110.50503492474112,105.55665978740755,103.27457365058979,108.44604620756863,103.39285048903416,105.80407547800046,120.67602244165761,131.4499505421333,114.30800976331176,134.9788599449381,124.48248168446885,113.2528939372423,114.61374140450424,116.60097194883505,116.59029178723472,121.51693046297403,118.62447854718003,106.80610510170271,109.83759970174982,112.52485674788437,110.14081059354372,118.3000416208241,123.54040294499244,108.85318390451138,116.54295567930522,115.04419236461308,108.18692873413421,108.56808142071333,105.77552502132006,104.56076545895272,123.77016273250932,120.85759543060453,123.87736265854201,117.47017351089964,125.18408496321354,117.71263538968023,112.47537018732642,129.3691608198894,114.35288667501354,121.28518685731743,119.64399312616766,113.05001832254305,109.04104888887133,106.60485637451582,100.52092006202759,110.11820042430413,118.66797541188733,112.10029357181115,123.40059105869999,115.6751050088917,108.58104719977887,109.6413325366931,105.08436996438299,111.56304273151045,126.21004608601024,129.88736039901534,122.50611530364394,107.86805179258822,120.1505637236637,115.46001960650479,115.16714303872898,117.37683228024619,120.52490726538517,119.50487528034449,120.94992612815787,125.95700626133387,126.01703999245845,119.29459216886904,123.73961431772513,123.43458334756173,125.65135802578374,118.42484859709255,124.48392415294144,122.64124289173716,120.29043645402638,121.03486128011245,122.39251661366396,124.9193076807354,116.25345263298425,124.2652525351548,116.68861413219234,120.22371454632898,123.96866577259145,131.34116696797534,123.55802584298122
photo_legs,103.01384541442148,118.71238776839166,140.25334086350998,133.9877251186075,91.0615918723524,82.27726313587384,94.83089350478724,0.0,117.47411962552066,128.1402738125789,124.70897054561468,114.77942300893629,106.79822929812029,104.1430662605786,92.17300591239572,88.63326371838738,94.11866153287932,124.6580912572431,136.26321620997334,114.43564014318798,139.36715813308558,129.49735557954358,114.47723254246826,115.3389030465086,107.33592603171424,114.69221095268085,123.0320448258859,120.09128489850602,94.16599744226905,97.97199812183248,103.61112190666827,100.51084186145091,113.35666925087621,122.77701017184553,98.21352068495274,115.756785782906,114.6818745375147,96.49625861150228,100.59827101031733,89.42920692993357,91.30867855658542,122.93767331779834,123.47879737791801,123.2122587141938,115.41033712291824,126.26061989192155,115.68750629198055,107.58567953147919,122.9810143667822,94.01898548096705,119.66400080823306,104.93152648439566,101.05598500914701,93.03119846857577,104.80092560968882,83.78971712425283,93.34127126859137,116.07930319373742,102.63910254087699,122.15239234358262,103.93274818911294,98.48709458066214,97.07510813359741,91.48844598848062,98.39233830700587,122.88193675297887,128.6651777749841,120.42388156269647,100.95034453458172,112.34464226038014,111.86542880909036,107.66262785444417,111.51855185002405,114.4082565683965,114.20579294311284,119.7323022812031,123.78779749982805,121.69824212059657,114.18059717567347,119.87431978288626,120.75547406076397,122.22481412606953,116.54964142337778,121.16791569404438,120.00409523394802,116.60035590359479,117.00773879426147,120.2869829058133,122.2901722182987,110.62524631198059,121.52904509934969,111.23527108731095,115.90330583034353,121.29023578217449,128.34917307035386,119.08569616298485
photo_bird,124.10680519729776,125.80021849433706,130.698512612698,127.86800479614813,114.81667002295312,118.33155344796704,117.88840826274222,117.47411962552066,0.0,116.43332560433555,111.55847579614858,92.5503387243787,117.64190508811065,117.40553171903272,119.17041679621117,115.30366290058852,109.47911343747856,95.97011967121706,120.02226187550043,103.51089035385013,131.25896585130621,134.95141736363195,106.27372933801168,127.25148843334325,114.18889190190089,122.02767393127672,102.58928402308973,110.92669982370263,117.75048136731034,114.58084447816842,122.55443675634426,120.59566113395451,91.78959380714161,121.2411463318288,115.6591321759559,101.24731122403041,118.31956389037394,113.35596782124719,113.56888410362482,114.20797887037719,111.13366075144596,102.24464968561873,112.14955841832317,112.90399870934283,100.37859708806572,114.10352133490063,105.66846238338587,122.42076075477884,128.70318277583053,115.12508272815658,105.31186220460583,120.88818527175597,118.04424379157568,116.48867350559122,122.04026384440523,115.11127154111013,116.32654877778496,118.03697993986471,114.77269926665213,105.86329752296595,123.7209623928878,115.64059984840186,115.11041966856575,115.7037738151098,114.16255802832212,103.5206996210388,115.73083893847296,110.58610739077474,120.20038677127887,125.11582000320219,111.32393968616374,123.1835174379365,105.35695225671279,108.0812969036753,105.50266010256709,103.44148524130283,109.32032839134618,109.69965077191573,106.81607115648335,107.61547127807606,107.76518583857123,107.99527389526287,103.16776213708752,108.44120746607412,105.50632136437274,106.519069012185,108.29912463578736,105.21932932775674,108.14788680741762,103.55184955303844,107.86585867102112,104.59748928194196,107.09011522120038,106.91693439532457,114.35491929359269,110.0784723630034
photo_butterfly,130.6508204080226,121.87906411869874,124.2653333135589,124.93345114198077,127.12024076597082,131.19102370307306,122.81718687470304,128.1402738125789,116.43332560433555,0.0,133.24079398513942,119.26323562395964,120.50468952775773,127.51425797552639,136.64802165231717,134.14385047666758,129.623866619743,125.26679834145455,121.4911098179292,114.07813528338673,123.58499191638029,129.86286688278247,118.86101192373961,121.29725481624507,123.91050592827737,122.8220994433048,122.20680747836272,110.51236740967238,125.6592110587945,126.9347619484346,132.58316350617702,127.49047962179893,118.53769178005956,110.78447242594676,129.7375950460574,121.10191489525468,116.91653643898808,128.95422434021702,127.0309902194932,130.02726314726647,126.4970805239161,126.14023847318089,118.02350079799014,118.6487554213097,120.91433892121448,116.27556346626275,124.90439745726302,118.28905915789703,126.53397323901416,132.7220023257809,126.16666091847743,134.30331067593545,124.57006780373057,124.10541056367605,126.0195856205999,126.41954810639614,131.91267175577516,113.11449237199847,127.04542300827431,123.28116443503481,130.174073505848,127.37768695761036,128.11975326506723,128.1856617020543,132.57073366583302,128.31466054129316,125.83249987280287,119.12789615619828,125.9507553552035,129.457432419553,119.37500176755907,123.7215229948081,129.6838445919288,132.0849751773635,130.80195588434103,127.4355672626576,131.9703166158577,132.55476205602497,131.13654217367207,130.22909158957364,129.8387573487469,132.97211446197392,126.8952126689159,131.61155864420328,128.41788533839815,130.33071550134036,132.42103243206174,128.3669582742668,132.04805267046683,128.42070418064898,130.9325028909122,128.48284893032815,132.4681970093964,130.88922847927898,137.2826097675448,134.95003814088952
photo_girafe,135.72267475569885,132.69198812742647,145.12111040479977,140.1801881297916,125.1055857322777,118.400664301746,127.64580233085489,124.70897054561468,111.55847579614858,133.24079398513942,0.0,124.49896615206633,129.79886579143297,128.09434780901225,123.67458384766056,127.34798940532902,124.12778019380906,126.23971978756268,133.9850824725894,124.58373886537917,144.18011931109191,136.16239851338145,122.94465461468157,126.73105050593388,124.89109319051884,130.04561677922806,129.84155806150568,125.49999679608958,123.12759889483702,122.48723444371804,128.1560274611855,124.4265007257527,123.17550826882336,128.3521568797555,112.28957723685886,125.64035989050645,126.49444661272771,123.7849639398677,124.04588932726918,123.25839037778329,124.25761761739518,130.31732491231128,127.07076871496135,128.90643789012643,124.46887117867273,131.33818705986255,127.6221303873588,124.9281994253075,133.92758367195373,126.3783936896389,131.50883863962096,128.13444757067631,128.56114405930336,122.53443844166833,129.55585392534618,123.3500262694492,133.76977105657917,131.75013892343972,115.31258771765195,132.72106832843096,130.91005300643553,126.95194228161536,123.77283164222351,124.50856707843725,129.0319410558863,131.08809564654092,132.8196636629705,129.31075788101626,126.38234947780674,133.3789167265199,123.59744194387055,129.0964627888461,132.19029007014294,133.7692958804518,132.17256415827563,132.07127958151787,134.9834162764278,135.6004376435975,133.02202482322534,133.4805358620981,134.7521583566506,134.06062539867415,131.58499340822883,134.49605366248994,132.18471325703482,133.4312570545825,135.1263695154583,132.39691581952724,134.8732406454113,130.6879779303398,133.65501502861628,131.40846023597004,134.5918391223312,133.85991313383744,139.17386049622988,137.3186913420743
photo_fish,124.23876532275787,126.81218282315388,126.56489170872972,132.6111951641595,115.94974795285054,119.31259831511316,110.50503492474112,114.77942300893629,92.5503387243787,119.26323562395964,124.49896615206633,0.0,115.8046565475661,117.74229063550217,119.8440646374551,112.35497674808583,110.72575143454979,90.67787541536634,113.11905036966523,99.73859186120362,128.08371854577425,133.56086641347704,103.94448431310519,127.13681305897833,118.9521813083168,122.95829483338798,95.80275299241309,115.49750537024416,120.15323775414603,117.50732367940483,124.85928540635189,124.96894931207567,102.89248624803034,124.63668662400129,120.00716312274689,92.66633536826774,115.43945368549923,117.09212170074561,116.64107365215345,115.61478024136694,113.73579404257758,98.56586597401022,104.20227469153426,110.54501210380177,95.10923123336359,111.90885318747331,99.13297384239608,124.56328511839305,131.70467281957204,117.67623340180994,101.08981932450212,124.83619111632068,123.20033837123172,121.01772199546396,125.84451168193448,117.00628562906454,117.7117054201035,120.94907855824158,118.21047457386001,97.70846243970415,125.5956907022026,117.24243647670598,118.7440216533452,119.17878491755975,117.10020120772361,104.15976129894096,113.93052530382641,109.49826721247794,121.44705176959135,127.01328823290505,109.15609108785493,125.47230021964997,104.04039972702695,106.51376017463588,104.43827633691234,100.91669493774303,105.10661013829808,106.30806090407279,104.83959733160937,102.75489434440911,102.91125189494636,105.79034637466452,99.53050637406403,104.80301883546399,100.95478028877174,103.80046545339917,105.78941088626298,100.70010043445997,104.5468051167213,102.82183675401855,103.7703153812108,103.59031164052124,104.97394888482174,104.05846905940714,110.90229583828938,107.79934294891956
photo_cherry,115.46745824349846,122.08273404506791,134.4702460879933,131.40869783961787,101.49252125755302,111.73649033207938,105.55665978740755,106.79822929812029,117.64190508811065,120.50468952775773,129.79886579143297,115.8046565475661,0.0,107.05991743238336,116.299726424035,109.63782809225806,107.95683163038696,118.9216770287252,129.96138965737535,107.49124821002103,138.14807176399594,132.00073709861465,111.65720250068283,120.18516418354116,114.05937570797978,118.81927448886366,121.43184373612044,124.60095621461726,105.86676339273008,116.16605431623043,118.51589098480082,110.9589251593934,120.35597077702727,122.03301855645574,109.77140943856728,113.98739988844216,111.86013985859063,111.40234439131615,117.51717419760433,108.579262182916,106.6507417076965,121.96514519096671,118.53447162338227,117.74546268882209,119.01034808522373,121.00413759275305,115.59976721769333,115.3666068049459,126.03535751890068,115.9504101395904,118.25395089910687,121.94167254625125,112.49554598381187,110.82140732246947,115.36184899900898,101.7892487177271,110.9308346008858,116.20202895066632,110.19394370319048,118.90139379493625,106.2499245544234,109.3830434022505,113.62060684608599,111.0133181527916,111.98012076778643,122.61578401591454,124.61662486513804,115.30959939299261,107.58446503490593,117.60279975155377,115.12729094421614,116.9126162553199,117.54303963449505,119.94868214951829,119.70891011651105,121.20740754864316,123.84686570887136,123.32748341990292,118.95206854436746,121.87799839170484,120.8153344426854,125.73741543824133,117.74397145883754,122.99697539814487,120.44786588154896,120.52145778815462,120.5698306438365,120.58527553116623,124.255535181196,115.63426184613428,122.22465702254186,116.61101264126192,120.14786904048809,123.61654296133946,130.92856881838156,122.90353626343521
photo_tree,110.93622892068431,117.6589249620549,138.3904604196087,131.89067404565245,105.3567076532737,108.78655706004368,103.27457365058979,104.1430662605786,117.40553171903272,127.51425797552639,128.09434780901225,117.74229063550217,107.05991743238336,0.0,109.79301111843276,106.48626184118388,99.30047366749676,123.72638126356347,133.88089844389125,116.24420833393508,136.81361579288705,123.08284683943944,108.0065640017503,113.68853836738818,113.49044548286963,117.80994015872486,121.63584150118122,119.35546758253503,103.53114738140427,111.10245529330416,117.02813016835022,108.60424843451725,116.43758895169847,124.2745010105673,107.41175071582938,115.8390445754276,116.33846923669424,97.97525496068255,112.44516277121312,105.66445375099852,102.37126930147011,123.20822052788459,121.5333395936894,121.82753857430313,119.72170084427827,121.54296879467111,115.89985941785642,113.0610747698255,127.18682307403265,110.19339205349286,120.82780450346242,117.84297421942499,107.52666153789812,108.6833472240195,107.71734956782065,101.78601383795788,108.26801146530133,119.57745260873517,110.34153979739078,122.90725255003827,110.84885019180764,100.77476159882676,109.00760524313799,107.3065629993549,107.48507657760447,125.05448159319462,126.98668492906435,121.12465361211035,105.95067251707948,110.07355794792511,115.39495268147662,110.96893500685209,113.83338360983699,116.32099001163908,115.53622239058708,118.91932370859148,123.94552072234936,122.9865814096657,115.4110202933007,120.84161441446126,121.15514656733697,123.34717415706612,116.22797699844146,121.95454542118989,120.7530065680339,116.79126233977748,116.86198997729241,119.99759857966491,122.03181393208591,113.47311389114999,122.02504632748398,113.80172234874209,117.26167368392468,121.33203822794866,128.67278183302463,120.77508958401174
photo_flower,114.4588162934456,129.99829261810524,146.65678258514313,142.73867287132074,104.03733610550843,88.43971048552231,108.44604620756863,92.17300591239572,119.17041679621117,136.64802165231717,123.67458384766056,119.8440646374551,116.299726424035,109.79301111843276,0.0,82.01881296705439,91.99124534445153,126.10547278218135,141.21049462267933,120.9969934841794,145.54780635831386,138.8829105543047,121.54358231126179,125.69775653773851,113.7823990846558,124.16486456948985,126.15900153921443,125.31677024943404,107.03709485828766,97.62248745954585,108.47388467192667,112.75760169832955,115.89492726631353,129.27045689250843,100.10911839109207,118.53132344361235,122.55588874985963,99.3842701126118,98.62334014540241,80.13875739786302,97.01941749112116,124.82461307589253,127.35511210857194,128.6732501725057,115.69341400848329,131.60846684386695,117.84991333879384,118.78152789448215,128.02519171385217,96.37391831873722,122.8410876098144,104.15739602561167,109.22167108093488,97.98441823791687,112.86107874407648,94.10978113068754,97.53283983348162,123.4869198785034,104.90200529133604,125.77359873095816,111.95375386097513,101.67549497515058,90.40756261968168,83.51427840850727,97.18417556930443,124.29710006379501,131.23637042000763,126.35712076807805,106.43049542839991,120.9394199679784,113.82616905574723,115.82612355938556,112.32085253631071,114.38606449915633,114.15876969618397,120.19429680459294,124.77950883969748,122.8309251043451,114.2475462431881,121.12593017459822,122.02486361839485,122.57163113241312,116.91725316204337,121.98845876562126,121.1730530567172,117.08991189787804,117.10472120883267,121.34639877783883,122.47902463232309,110.78517553726641,122.75859446734975,111.81870204330994,115.94295466009147,121.75062493988366,129.10037598253857,118.77017937073256
photo_carrot,111.94309625697825,131.40177164531232,139.18817327791055,140.2331778957458,101.56917767822435,90.96121871721188,103.39285048903416,88.63326371838738,115.30366290058852,134.14385047666758,127.34798940532902,112.35497674808583,109.63782809225806,106.48626184118388,82.01881296705439,0.0,82.85284537146502,118.16091651099309,137.25963405950188,116.7999135183521,140.96307189405707,139.7328400860695,117.63211145127251,126.58473125272465,115.15740359903872,125.22505669604459,122.55557237229586,127.30249068575974,108.54464964751365,97.58052739489528,109.55121464670302,115.42011142212495,120.1666348159272,129.92164441857656,105.34071138885261,117.14055815486273,122.15011879132048,102.7578455653998,102.21784688801398,76.4169625543096,94.48424775453272,119.12546448274455,125.51430334877739,127.97686304994062,114.21050991303969,127.29889343987229,115.27905242329737,122.93999409445166,128.03200113598874,95.41475320170414,115.58282107787012,104.58144230732518,108.44731527936597,96.12703303633438,113.07003338595673,90.89647415153777,91.99965132197617,120.4989146318642,103.72637537541627,120.19047157348271,107.55524179716305,98.43909064259566,88.71473489834959,78.66435962833289,86.94216367905126,118.17191980463673,125.33924752288938,122.47691017246487,104.85409463987655,117.14689496168612,111.85782385498999,117.32486556144792,103.53333519376623,104.81713701518339,107.07950175588752,113.26780319161476,116.19116033454114,113.28000750981413,105.52763143444096,112.96363025199241,113.44074004961317,113.31551384188059,109.34721007064958,113.45200334536649,113.47110514191235,109.80213983996093,106.7840337408447,113.81625396627149,114.14040078603331,103.85786655040535,114.70653885663381,103.35860263245151,105.30895078432188,113.6740613367476,121.41185497527617,107.55386521442513
photo_watch,110.76551263599033,125.83384368458962,140.38332028571958,138.925015947552,102.5061997775651,91.45685595324453,105.80407547800046,94.11866153287932,109.47911343747856,129.623866619743,124.12778019380906,110.72575143454979,107.95683163038696,99.30047366749676,91.99124534445153,82.85284537146502,0.0,116.05848796984667,129.99765728787312,108.28312415766617,139.1385114275731,131.50338846218585,108.35200731659228,118.82230613735383,100.16751490169679,115.67025250667861,111.5460018016453,116.27990112832434,94.69153694887369,85.53755388624239,102.83310596291355,107.42922752745253,106.99612566508087,120.96814713916828,92.93692525613568,104.24018295280284,111.36854752722206,85.88278733817793,92.64120717695856,77.04143064555055,80.24229756674852,110.46694033463687,114.08443789611498,114.85450739681065,104.57693304442131,115.41102755869503,103.33661434319689,108.57181266803514,120.93273257680947,84.76153423674181,106.27465392544245,98.18533477284501,94.42073614477967,88.69264466436577,99.29338012058197,86.0747674325747,84.76541014014586,114.01541873738589,94.18210699959243,110.01570600493442,99.43973318054286,88.11173747833458,80.17892839563284,81.2963840460913,72.55850215351761,108.81081627191143,118.55228132813971,111.9204069882431,100.6223510538264,104.77618250977292,105.42079290902728,103.8708311762506,95.13264871411606,99.77134491906331,98.66351792737308,105.26861247815305,111.25755255041098,108.95622554945881,98.77778887838886,107.09142988831233,107.62308591004337,108.56624220421638,101.62035708428678,108.09117233951574,106.99092554123278,102.34454658058003,101.85237131008498,107.18366927029601,108.2955888866543,94.21732086835361,109.08549284125384,95.02395480909095,101.4119082369246,107.11538828014358,116.59609200960452,105.7211657446549
photo_key,130.50377066616045,133.54522293768989,126.99681498832156,136.11160386251717,121.94505119265781,125.63689391454169,120.67602244165761,124.6580912572431,95.97011967121706,125.26679834145455,126.23971978756268,90.67787541536634,118.9216770287252,123.72638126356347,126.10547278218135,118.16091651099309,116.05848796984667,0.0,111.24521217306503,101.11931590977265,131.65553680825323,137.08899978125856,113.75999136290284,131.14592527530175,122.85457399750578,124.39090607319687,94.17337826258692,121.06945219281336,126.27553846116302,122.75527472710768,127.17804572524476,128.24339792937457,106.35873091380498,126.99440417055976,123.56163781551486,97.18127028782385,118.56294600892485,123.0181310006016,120.25007683094357,120.44470076333984,118.31397730104626,76.45043578368792,107.64018835963395,112.29005685043398,95.6975921032568,113.04297521644551,99.52398517144489,126.59222431946513,131.94631500580078,122.37455957385755,94.08417690110889,125.87825123142972,127.57226400675603,125.0020036535404,128.53322044540124,120.02714297026952,117.06698126337659,121.05496550427401,120.13439086492372,98.36774817311742,126.236401476505,121.3700682108111,120.96660893294214,122.18013145206963,119.63617516959816,83.49829541890425,108.00174890924394,107.50527336494925,123.34490453606091,128.000671444748,109.64828075651187,128.17146307184288,99.66161309214586,102.15226259111814,101.11618215347495,92.65941277234207,94.09026070434976,96.76746099308815,101.5078425590057,96.28650392258568,92.93958218634454,97.61827701809419,93.49926248762914,95.90575001196547,90.73589677331435,99.59829377132701,100.48511555671217,90.38587048889751,95.63820929155712,100.13765976872502,94.23545997162591,100.5734916337223,98.38383627682073,96.46593883570836,103.93273238683277,101.2464771979677
photo_truck,139.08640226954765,135.99045983806715,121.69116283223326,134.7873267610724,133.4378336982036,135.6666552652744,131.4499505421333,136.26321620997334,120.02226187550043,121.4911098179292,133.9850824725894,113.11905036966523,129.96138965737535,133.88089844389125,141.21049462267933,137.25963405950188,129.99765728787312,111.24521217306503,0.0,108.79063239213606,125.3773814681614,129.23719011306292,117.06108066653435,128.7573630399169,124.3568482797082,130.68966922924673,116.66802224202671,121.91829908621742,134.2680696128888,131.03876461240407,137.27254970273347,135.31287548245055,120.7271498203236,128.17849183326044,134.93120389006887,114.66754885890825,122.39919091233432,133.61503344521617,133.49902744292623,133.24173751109396,130.41227822600305,116.25349963834185,94.5503609657697,110.33271575082141,114.97439417578428,106.46215511991264,117.01265232635308,127.98648140265345,128.41278081621695,133.18803912505697,122.10157527500313,136.172293604843,131.3868409138094,131.76244411360912,132.16384915681127,132.6202615638484,133.1688470449683,123.74179342633565,129.3734923038784,113.12343183767481,134.11874319703594,131.15425987039472,132.16395690048842,132.82716795924782,134.1168936366229,118.87782873395992,100.96972333591101,110.77978548868039,132.7162294229099,131.67756526353085,118.3238749872349,133.72503562927312,126.81099826199117,130.40841026532746,130.31754161578766,124.74770693179913,123.33481437152184,125.61016858886416,129.78309692837263,124.06583212311952,123.24979073948606,126.67011607246899,125.05538828647256,124.4454607188695,122.31219269614958,129.29275578973616,128.90340357216292,122.87573756445842,128.29084077562547,127.5129766701642,124.3883036270923,128.3785232158309,130.64104483260303,126.49900820853635,129.88720326407488,133.07724001174017
photo_velo,124.41180934924,126.54110944052361,127.99546678221127,133.3570817523785,112.21902486599454,115.49461481162304,114.30800976331176,114.43564014318798,103.51089035385013,114.07813528338673,124.58373886537917,99.73859186120362,107.49124821002103,116.24420833393508,120.9969934841794,116.7999135183521,108.28312415766617,101.11931590977265,108.79063239213606,0.0,128.3077428181001,130.95158625395322,100.09721318253249,117.63631358275845,102.50039014184682,111.50944219106556,97.09569269027418,107.87318953320994,108.86226365965386,111.22450585715391,116.7155392615666,115.26616428816601,101.63408722172333,111.46822308250525,112.75213414620704,89.86726843741987,98.50240443657383,108.58286462002995,110.79840580115041,111.58348511328732,104.53977483489732,97.33605221447054,90.97004197688538,76.0167614623599,96.05206450434537,96.76061303989671,93.66919768457994,109.81084322807595,111.68112270105836,108.96478586331696,96.9716069538308,112.99688048369076,107.26653099797966,108.8155625889845,111.25087053055893,110.24432764807285,110.56959687037538,107.69964471686343,107.62556225506015,95.12100778985163,108.93775322013329,107.28742708813746,109.63701691863332,110.21744384132369,110.31559444799566,98.92658583466645,100.72928105920724,76.46002715493461,110.20271129433367,113.03305104413177,95.4918058478651,110.92756230832586,101.07126027668824,105.39876669274074,103.65080896755657,101.56563896336004,104.21878307273525,105.24904930306589,104.40011016242825,101.99738365431867,101.88020229518798,106.58020103739125,98.5501562747168,104.415693736891,99.99236651752769,103.61459895711819,105.52667940979482,99.48772303496393,105.77444820696627,100.33018551738252,102.77430580549711,100.81970105045971,105.31138719597699,104.88231876168025,112.66244083480525,108.47455541147755
photo_road,141.89245250921397,136.67543108879843,111.98384646979251,127.23788740214177,138.86865054865493,141.8506391681518,134.9788599449381,139.36715813308558,131.25896585130621,123.58499191638029,144.18011931109191,128.08371854577425,138.14807176399594,136.81361579288705,145.54780635831386,140.96307189405707,139.1385114275731,131.65553680825323,125.3773814681614,128.3077428181001,0.0,138.99729807202047,125.22681956454059,128.4084424067601,136.57412225192712,140.14216353874025,131.85049106131237,131.20899053434374,142.3536920909205,138.56513817731252,144.45152093726136,142.77589703582683,133.99417387376553,135.63304828691966,143.20931762866658,133.0377984356307,132.6323845196164,143.50045422388874,140.30874964979472,140.09874672310897,139.9134195548111,134.2968233096094,128.65569683250385,130.9082178625005,126.98065580376984,120.37646770775824,131.3541456441839,138.22090855876084,137.64035212226415,141.01619165391904,134.79467841916144,142.77757965109654,140.01281491161754,139.47446962171577,140.81939096408968,139.92685304520515,142.06080489726224,132.48522398670778,139.25411530589156,130.4003529299385,142.7118738937238,139.70208621125172,139.0826411042034,138.53123686832618,142.74323105516314,136.19603987455886,130.98040216718093,131.4659317156331,138.40388529156272,137.99394606566102,129.33498495661857,140.0304729931062,137.2821420758621,138.79250875834214,139.7419460304799,135.11383719169433,134.67423578915563,134.77013013115615,138.73722809077995,134.5691450938957,134.43829761796118,135.64316760997116,135.6315587443162,134.10646684297143,133.32436536225202,138.56784690636294,138.20633924136945,133.92196318263208,136.92122906154353,137.37461645181816,134.86984126353906,137.59589699466915,139.59386831181465,134.70699009434048,139.39421236644512,140.78158085013217
