,photo_face,photo_profil,photo_eyes,photo_face2,photo_walking,photo_standing,photo_hand,photo_legs,photo_bird,photo_butterfly,photo_girafe,photo_fish,photo_cherry,photo_tree,photo_flower,photo_carrot,photo_watch,photo_key,photo_truck,photo_velo,photo_road,photo_house,photo_mountain,photo_windmill,drawing_face,drawing_profil,drawing_eyes,drawing_face2,drawing_walking,drawing_standing,drawing_hand,drawing_legs,drawing_bird,drawing_butterfly,drawing_girafe,drawing_fish,drawing_cherry,drawing_tree,drawing_flower,drawing_carrot,drawing_watch,drawing_key,drawing_truck,drawing_velo,drawing_road,drawing_house,drawing_mountain,drawing_windmill,geo_face,geo_profil,geo_eyes,geo_face2,geo_walking,geo_standing,geo_hand,geo_legs,geo_bird,geo_butterfly,geo_girafe,geo_fish,geo_cherry,geo_tree,geo_flower,geo_carrot,geo_watch,geo_key,geo_truck,geo_velo,geo_road,geo_house,geo_mountain,geo_windmill,word_face,word_profil,word_eyes,word_face2,word_walking,word_standing,word_hand,word_legs,word_bird,word_butterfly,word_girafe,word_fish,word_cherry,word_tree,word_flower,word_carrot,word_watch,word_key,word_truck,word_velo,word_road,word_house,word_mountain,word_windmill
photo_face,0.0,196.89751197796588,218.2131526785748,210.49373047684978,203.45489981583788,206.7770315696785,215.35051189417763,201.72315753572326,222.87752861768857,245.4967961747943,243.44890500097,218.35741666679206,224.11323832245228,218.8681998025556,214.1281399167034,206.68820285592508,220.0650131661923,221.74612716172018,246.80061122085976,233.1522478567819,266.28024261213716,250.01584449644497,226.0591199175016,260.6697910760267,237.92475060401404,257.72825437847865,260.219797134693,251.59798414635597,248.4138244568011,238.67050890023575,239.3053468506629,227.1252374514044,229.69259871100982,255.04779867798507,233.21248268621952,258.9581672924658,245.12238977215875,270.0601590922824,247.53184203121796,226.43766518837234,228.8709189421311,269.09765819000626,252.95740739319535,254.7062691266449,232.88972427764276,260.8102684839347,241.8924324328035,251.31131419402553,258.17043727188695,255.47626575046206,296.2830528944083,278.03661790123834,252.01044279105702,243.81455870658604,248.60300835567247,220.69167522735356,244.7777958385282,252.44121126424884,236.72956947119323,252.30303541057458,257.3818929378846,240.9797300228544,268.52144960215776,229.62217932076416,285.8490684087106,268.2741571413693,291.5022278947864,253.28450077143086,236.34904110213213,258.8113516670474,238.7382345715961,273.0310468433301,315.78327819902984,352.4550431545084,341.3235327394511,310.73968513537767,311.04012708510993,316.44666461779394,359.3026098126958,321.6267796208551,305.1476675626029,302.01894901462384,301.30400506123357,303.5912223612843,299.08385899508244,362.82642885269865,368.2966539949862,293.7178506730474,333.83586280039304,320.5137295870796,308.6944899594456,337.1252419449359,355.6856507567866,324.70725326843984,315.5090262018761,340.0322489628644
photo_profil,196.89751197796588,0.0,232.31534749372244,223.29387477745595,213.5181840683733,215.84475912912777,227.51319219288823,220.52523238914603,221.08551113884707,232.5611894461386,232.76244139636785,219.59333380822565,232.1295085364026,228.03817523449973,229.99136982148133,222.93150511545932,226.9205230409598,224.36821224085645,243.32962019247157,236.672118324563,257.09806674949755,233.16510493359465,222.65772460870076,245.2227012774916,247.89189276845016,264.55729334884654,271.2859446406505,254.38733598615755,262.62282449022285,249.47662961076628,248.6809224944922,229.92870335958452,239.50649073406396,249.1291166389761,242.27577675671483,270.89298037448907,249.7174909723797,291.58484674712406,266.84393075884543,235.2655664691995,241.5814719142433,284.6238897388446,263.01807861067647,263.32707708063845,236.5141352266814,262.994902132646,251.5203328355335,249.31638471030504,251.26389179840936,269.0963082608606,318.7209432247869,294.11327951210086,265.0492834154273,254.2482930772162,255.1551617930436,230.4405405914266,260.87298220188165,260.0265357501661,245.7094165339642,263.743309907334,261.33927831220865,254.8750488458507,292.8027087325965,237.7086291322647,308.6340788267292,280.6656875332498,304.9353475292677,258.02439377262266,237.34190778852206,264.6109093775199,249.36913030881328,283.52633021572217,339.95450624410705,379.9373967014145,366.634939853191,335.79902431203874,334.3094425966246,340.72876404208836,386.8650160438497,345.68625187959856,328.87753659222363,326.0006652814293,324.41601698395925,326.5989919274093,321.69748677535546,389.9659432868553,396.3292419866813,315.47705564716136,358.78772020109886,345.74929317825575,331.71744943736866,362.97030218232277,385.0770527592865,348.9579922261938,339.6346691840708,368.377147480859
photo_eyes,218.2131526785748,232.31534749372244,0.0,215.31372939726452,234.9264691503958,236.69774947163185,247.08529634662375,237.44900420543414,233.10700342285486,246.09547402191978,254.73318450317507,226.62749275392397,245.3420993739198,236.0771392981418,244.81393264325584,231.44199022887662,238.22004734830927,224.27535952177146,234.30291785497192,240.4464790919968,220.2734460211924,256.8180687397079,231.36956434700699,265.66992881535924,250.2541659661523,267.2160059864784,264.9891657057343,258.63766671178365,267.8674563432844,255.70926213975181,259.08986868946346,246.5409634217436,240.76043269151907,256.10681295173583,253.7137881519898,266.7093048164646,252.24422612745335,289.0917765654457,269.12204294198256,246.1714667846581,247.41923607831956,270.97836056588903,249.6146828963805,259.40832197682624,239.7100644199375,245.71357843812,249.64140022214548,263.79496338218553,262.4146161052322,266.4018774027409,300.20907932909984,288.1733966348492,268.70636215158027,260.01420274936424,262.187987653834,244.83552407314824,258.21606550546875,255.34208072144693,250.71786577612613,254.3317571811209,271.0840471316565,260.29681218905,283.62956274984055,247.81996136214002,294.20269547294004,266.13490295003135,279.37501608543903,253.95781681595759,254.22901445076434,261.0814993522113,250.13980607097733,284.8557911254474,322.1514601142378,357.1521890180221,350.9161655588116,319.0661901828801,310.72590259877654,317.6673970469055,365.5705460722177,324.9062556296368,307.86117718528305,305.4389900801524,307.94215190510243,305.8830536329502,302.73543848548144,369.72882879304126,372.5632167211704,299.1708662402386,337.93339135103423,328.22374517214496,310.415159286165,346.0612328855283,362.9731611792417,328.3048141885327,318.63124913762573,346.3477149026648
photo_face2,210.49373047684978,223.29387477745595,215.31372939726452,0.0,231.31409111717036,238.59052414826238,251.4085252506148,245.4340743608939,236.0016795993448,239.484646972168,245.9607138177241,235.47681791506895,246.50839473595155,250.63521832758875,250.13323274282328,240.57716381576344,251.46417104884537,238.5806518126457,245.22632571648842,252.48832812059032,246.90547287500812,246.22541575490933,242.33844710943112,256.7302725707544,269.0701418427487,293.6042571282362,299.51696768956214,278.17067828289413,292.55175193267434,271.69377236401266,275.5520095159324,255.19762533894504,264.9052752112305,267.09241131171666,270.5968783346439,298.83966873143567,271.2825901811542,321.90554688009064,297.3819495859108,257.6533531841063,265.0102999093546,307.790310492307,281.73696927847425,280.7057605753202,253.44804665226926,279.12093558715355,274.7354880495173,269.83015971602373,271.09376837163103,291.238426085896,344.1820586667597,318.21302967028123,288.9227233870394,275.16809813618477,279.8967474414152,253.65574920337315,281.9683775104863,281.1296127279606,268.27435517622166,285.0960721220141,282.8979679311794,275.9756524899806,315.5061072463414,258.59086503601185,332.1495603371903,299.70674232099304,321.26272624397615,275.18168179196726,254.27583888874062,283.9254894461822,268.43821378654224,310.8291130894779,367.30738039221006,405.38910988193396,396.4575335867937,364.31343163801483,357.7072988975354,364.93530156851585,414.37145038008873,372.5241156289618,353.81788376733255,350.39332977696614,352.04183841940414,350.48051697480275,347.81012489159735,418.53260644864434,421.17006237827644,342.49625302952114,386.09165294281763,372.98345580867186,355.8700304345378,391.68293255727485,411.11284948031295,375.94603689501497,365.3311093957738,394.23661867981275
photo_walking,203.45489981583788,213.5181840683733,234.9264691503958,231.31409111717036,0.0,174.9174303291466,213.13369450951046,178.20291138968216,192.968256698284,216.8945214707164,213.27516088435462,196.84626774666205,198.5148628474681,204.70337934699674,194.02558245107,182.1919197966629,197.91026891140265,201.42429676832805,227.71532893003373,206.5962156025322,244.96323351443738,229.06930294130447,192.82393097754164,234.3379886794074,226.17773598071818,251.17316191276228,251.2649110823064,242.4087894554143,231.1420122554057,220.62157223555542,226.35233279760408,207.9919765164262,218.77958861951853,232.14065105311798,215.58534517860994,250.06384291685453,229.3134488292051,270.54246701891253,246.60236222978452,201.23211021893172,211.93670124878685,262.21995045422057,241.24479750205276,240.70738927760632,209.6941801832096,247.04682595444908,223.76260288077538,228.53098664548403,236.82940001167492,239.6826232984513,297.1107821076394,269.34144181718875,236.3027437165599,222.4663596047198,231.07046094317164,195.45740844448235,227.96165643125528,240.2520637322322,214.46563156120692,239.2595440021867,230.3607958658811,224.04977991838348,264.45502156474595,206.48161246707755,279.7283257114999,258.5683549957747,282.8168162623982,232.75774475999083,209.3630873743001,241.6117189606344,223.14917804734492,264.3631185192962,316.8803765006487,358.2160645554428,345.87492015660854,316.1236576823232,312.7438101063331,319.1007089155832,366.648194603607,325.03913669092543,307.134047498026,304.0674918156791,301.7486771280227,304.2365830430318,299.5858279587817,370.43144719304917,376.35528918564495,293.6866861404581,338.8664025159913,322.0967685541663,309.36300346309207,340.70613104942527,364.15073557932607,328.31104859694955,320.26948911190783,346.81600799185054
photo_standing,206.7770315696785,215.84475912912777,236.69774947163185,238.59052414826238,174.9174303291466,0.0,208.28382211766544,171.20482615148933,198.89375883171994,223.7921340259791,208.98730592883516,200.02491632558298,209.59858825262125,200.9564160437398,182.7920497752102,181.69907153326793,182.50180539837353,202.1158195252033,227.7997608156202,208.2730523980597,247.70903706462713,230.21648188627023,197.15088291016176,233.31962212948318,219.57904648364322,242.22824969318756,246.75347619394032,233.74414186484793,228.35339857274505,202.45664738638803,214.67550369639108,199.41516646542829,213.23647775890007,225.2354422636444,199.82753916922795,243.4204402437244,220.07709610220772,257.97617829797144,229.02318378007652,186.61239045324737,199.9250993847836,258.38168434196035,235.96565641805165,236.6797958600431,205.13476249216316,240.9443730723299,217.30560917111882,219.76304022136685,231.83109455118375,227.12862039319242,291.3477139304526,257.6934781585098,227.29863115913832,212.73287547036324,222.99833875759327,190.22290608617692,216.4690528055803,233.36914213218495,206.4572535008015,235.45361131194124,229.1496355825993,218.58314398470375,250.03571179226356,193.1796291500418,268.15518235753854,253.96258019474135,276.8679716800159,230.79263103466408,207.34556590614662,233.79848780195368,219.01447894088008,253.08473312968687,304.74341673835045,347.1774464739707,334.28404829450847,306.07307268656126,303.2810906575898,309.17393156284237,354.90626832879195,314.26616112216874,297.3539290037405,293.474383085707,291.461662735275,294.1950258841281,290.51523476727584,358.72348332300567,364.9795285221527,284.0785002193127,327.4587014396229,311.6051554933949,299.9905141698579,329.794916867671,353.14257933469116,317.3885233115027,308.8168267111073,335.84944472092707
photo_hand,215.35051189417763,227.51319219288823,247.08529634662375,251.4085252506148,213.13369450951046,208.28382211766544,0.0,197.93433795861782,221.90259313600737,250.66426000397246,245.57051881320703,217.95410692788582,225.93251224023822,215.05122349618054,212.48691555755943,202.99636823791093,223.2032355603624,224.2802948049465,252.73998246168946,238.38413195908626,268.72237742695614,254.162235673926,221.45840818725662,265.3558007973841,245.50918342617504,254.98377901808072,258.76836621946114,253.25521337849167,249.91255221712393,242.58838720889162,234.0612947171535,229.17086665067043,235.39455284655597,253.7940102324282,236.6303118349715,257.49208539979384,243.5108729731984,272.5086206837869,248.58925026066183,230.13171969555097,230.76024568605783,270.60124405486584,254.7150019630638,261.3112574536207,237.6260057594149,261.696281251042,244.92626478756014,255.77222620423728,259.77606464223265,256.2869324055779,295.16042659212286,276.87067719331253,257.7789177132008,245.81854731360124,245.52972344805428,223.9783610038571,245.67201049823416,255.29443228297032,240.40754772289043,255.26978770958223,258.9865978800788,248.3289457619811,269.4702830245667,232.5752665210227,286.5227578430803,270.4971553795201,289.2259665323535,255.7472051116736,237.45775130038743,260.2636020547372,246.07721650155963,275.51067919419614,311.664817111328,348.27500377842034,337.8160444209234,308.43023684601354,307.3842029994782,313.15623640752665,354.7837795669421,317.577694241909,301.9418361741263,298.98734976469296,297.2764251612444,300.67669865676385,296.37067012856994,357.967071452611,363.60221759353277,290.87815325404625,329.6612591768527,318.44318265736473,304.8535438596163,333.60185030421826,351.0441230111151,320.6534652113377,312.6339559675188,335.0030764217829
photo_legs,201.72315753572326,220.52523238914603,237.44900420543414,245.4340743608939,178.20291138968216,171.20482615148933,197.93433795861782,0.0,198.5598459910545,225.97762569386572,219.05724019586896,196.1980938944731,201.51098499548718,190.56621568994188,182.43440508252647,159.88507089271027,188.40230487782478,206.45415878236102,237.71978730952364,212.3487464390284,255.43576417100297,235.20643025559355,196.5620588958497,241.12420203534933,216.87720916430513,233.4993223928708,239.27809867236752,234.6968167044145,216.97381702229862,208.89137050873725,213.35492401930253,198.170071769378,208.77111424713087,231.03796805603844,206.17692788462531,236.443605720405,220.41487123703612,246.8541613653402,225.39712805314545,193.96105693691484,194.44049562380656,249.32556378650239,234.40345231114802,238.66982447062878,211.94592681295615,243.09331751087944,220.12200941239328,228.8608565218558,238.48613092202228,225.93083193364674,276.72648497771104,254.27210282841835,226.01479703297986,210.2639018344766,224.97695043157657,186.40784279096627,213.0800389698999,230.4550527644758,212.00916929484725,231.52597311084745,228.70892227285523,214.72947014304168,242.65260471534407,201.70217774879163,260.7159026313112,249.7850343063193,272.08443801347516,232.12066486134333,212.0778915425684,237.25953778511965,216.4585266309795,248.6211981527797,292.2510997072562,331.6022843359058,319.8675579920825,289.88441799131107,290.0474414008431,294.970394495475,338.2604670552235,300.47133669785114,283.68857017434846,279.8624007826141,278.60719224937384,282.4943406445707,276.82244357000246,342.2456945028669,348.8140440058531,271.38259303353425,313.3325853090044,297.46704298440903,286.73955315613665,313.98076533432356,334.8353067708113,303.5558051732227,294.4726004840506,318.3596591005714
photo_bird,222.87752861768857,221.08551113884707,233.10700342285486,236.0016795993448,192.968256698284,198.89375883171994,221.90259313600737,198.5598459910545,0.0,204.72720455226812,192.43923803172953,170.34429319145596,208.12098495219252,208.95187354093162,203.92144881969406,190.90662637076647,196.6299948725128,181.359089704819,215.59054820336672,197.55093212715556,238.05891336687725,232.4314414166953,186.32141553287528,238.39033915875183,225.0426292495649,248.67158213340957,235.6614876964053,231.73927607275516,244.28891448454132,222.88728293301756,230.27523882906127,215.77789280128772,200.98786396232188,226.6916000478004,224.07165137440526,239.7576071732741,226.6701590920922,271.38341343902727,244.05083090734368,207.12344416719418,213.7139631972612,248.25894208399816,234.34434269339908,234.22076940247268,196.58286176065877,240.32574028297861,217.47160139282747,237.04905860648856,232.89684702646414,242.5013330431097,288.25180294260554,269.88308905733953,242.930631971811,230.02892330633475,237.9740401690617,209.22557493666375,233.1050449464895,238.4580681361044,221.34241646784392,230.5036265439116,241.62863650029394,232.51548106810364,266.867298698137,212.71765779161228,280.32858918345863,246.42956920718848,276.82125412340065,226.3887020800891,217.5477674076441,244.208329314056,223.13842874245074,268.00890406586126,312.93386785423564,354.85206675475627,341.0631328413412,309.17530894671023,306.63567765372073,313.4732720329587,363.2007561099312,319.11388664891336,301.61938696197495,296.86385957220904,296.0305565401092,298.1622241509433,293.8060380091032,365.7869380845805,373.40149171375634,286.57128513673985,333.0959864659642,318.6839004452671,303.149339856055,337.6277999424266,360.36240124798957,322.0910887843665,313.94977359508914,341.7999095636689
photo_butterfly,245.4967961747943,232.5611894461386,246.09547402191978,239.484646972168,216.8945214707164,223.7921340259791,250.66426000397246,225.97762569386572,204.72720455226812,0.0,221.83932618555625,209.51718790808695,222.12556740609776,238.62215734134338,233.85484818368965,224.12332638634717,227.74430038134875,223.17581328049133,226.36236585371154,221.95301081506952,236.82872857331563,235.86435606496414,211.36462694635077,229.2069322487883,253.7549427157549,277.848350462664,277.44810367513736,257.0906914067039,273.1667554935407,247.50135673486892,257.9395215116415,237.50434031275861,239.87082304124363,230.46485420998397,253.203709759806,276.724644734983,246.85579706174647,308.317278762997,280.07405141382867,233.39204646245744,243.39056105706155,288.36557587251787,259.1830127936951,256.0361721437788,226.7677800519821,258.04894988370006,250.9711795376033,240.72067362861452,246.77834805105581,272.56184054487227,331.54772552778815,300.66421938851596,266.97103547765636,250.36025537379263,258.0428930029116,229.99630071411823,262.76045082172476,257.98261333963507,244.26838071324417,260.92209393506886,262.7777388236173,256.01957683394954,299.96804553039453,233.3398376107317,317.2549581136046,281.63459541269475,306.41840052542955,249.78168288590942,231.46885209138253,263.05630634662094,242.3338559429058,288.72901729994277,357.2319445702048,398.5801578738894,385.96525312973654,352.3647759603308,348.17525318509223,355.9650030159842,406.94777123815726,362.91327801295887,343.54797495312687,340.1610625865091,340.48152534474536,341.7103060421947,336.8900345497143,409.90808477243684,415.64519209300033,329.34926491332357,376.1195453723882,362.2344524348224,345.84180807115547,380.7336993701627,403.3405165897042,366.0127974054231,355.52860903996265,386.1463778408292
photo_girafe,243.44890500097,232.76244139636785,254.73318450317507,245.9607138177241,213.27516088435462,208.98730592883516,245.57051881320703,219.05724019586896,192.43923803172953,221.83932618555625,0.0,208.115771188446,230.94431982320134,237.35253481259537,219.64120464922058,214.6174134313573,221.81894076720613,219.35391449511394,233.02178308662894,223.11763937056517,252.66014669536656,237.56190991836394,214.49863493852558,239.06557495008755,251.75122114649818,277.4076805082821,277.3773674885001,259.31419923901365,271.5306955809504,243.21021403248594,253.12302059003997,232.89841232623365,243.2209579436703,241.89010208179226,239.57292541105636,277.80461935236855,248.99525351106075,303.96057973327333,275.6258011787929,228.21817313112396,240.92882638664545,290.43478375428447,264.9497912284479,260.95231008214796,228.5322719830783,266.9223597024637,252.2163072371702,248.10697400616635,246.93421742763,272.90988141876755,331.1872535306153,301.1980908359124,270.03680147260053,249.1323460835477,263.576793387407,228.99284378004975,264.8684587045727,265.696276611382,239.5608726044795,267.3693150117561,260.43349108732014,255.8416049897318,298.2702480362861,232.84291679193723,318.9112188624065,285.16167408869734,313.1330289548353,254.36133263401234,228.95926437327566,267.5262773114514,246.0787151493738,291.6231903357232,356.6039720075007,398.48779139131733,384.9992385910798,351.4864542503976,348.5568867958649,356.4428580224646,406.7653720342127,362.44888007270134,343.66814769786134,338.6604268302896,339.50601566657815,339.75181968244954,335.09926391402087,410.03403218265134,416.51446543267156,328.8052688087882,376.0109330546427,362.07067391715873,345.3246173950868,380.9971549687034,403.9450209458319,364.6063086056324,354.9250078221595,386.2831547317027
photo_fish,218.35741666679206,219.59333380822565,226.62749275392397,235.47681791506895,196.84626774666205,200.02491632558298,217.95410692788582,196.1980938944731,170.34429319145596,209.51718790808695,208.115771188446,0.0,210.16149307779685,212.94940040646887,203.01693298049616,187.51013238817202,200.35416566075708,179.08586608906418,208.070004347928,202.0364815461978,239.01255375572686,230.3686421691839,188.0614508808388,237.28040329916163,230.09252083922274,252.59194894299682,239.11279655796724,238.7610182256291,249.27637218638668,227.59295078502595,235.4692723657191,220.63380393632855,211.04819933307672,232.39910032957144,230.40732885194717,238.86283805780866,228.3661414467216,276.1698297722293,249.93636618364212,213.89057543841534,219.62940931568437,254.93735530657062,231.5146678222656,240.70715854149938,198.2120437909844,243.83178165631296,220.31224873313096,242.6715172097776,242.63920450474012,249.83862942910284,294.4751772287531,280.5451367916015,250.37648422298167,235.1572870983187,246.33075259161257,214.56279296651866,240.6987954142763,246.24166150382834,227.490964982495,234.17404764547186,248.63834332654818,238.32714519811614,275.5468831146723,222.05153734934154,290.22011568841947,254.5233142043809,283.5998923587201,233.16850104028217,221.227050651214,251.4719263464966,225.30824688653902,274.57852289720813,319.69570350747824,362.32125526041955,348.25929603865063,315.2671961541377,312.62978864671686,319.5378647565573,369.4626762377502,324.6794200984322,307.2548881523022,303.96140385411263,302.0375298087848,305.04480234659405,298.96164864900055,372.10221309805866,380.0336182308875,291.55837596859124,339.5522679569985,326.2273917329834,309.25461413211406,344.9754889313873,366.8347061711376,329.01707626345785,319.36402536585496,348.5421075673633
photo_cherry,224.11323832245228,232.1295085364026,245.3420993739198,246.50839473595155,198.5148628474681,209.59858825262125,225.93251224023822,201.51098499548718,208.12098495219252,222.12556740609776,230.94431982320134,210.16149307779685,0.0,211.85136053802492,214.26164577462038,199.42698090922121,207.26116827584713,210.81411600688995,234.0261539498484,213.06836238291987,251.71012475706513,243.10376141409773,208.51864121229656,244.24832770893576,232.78451596214958,254.42074153386085,255.82757805907727,250.41783627205328,240.38257604643834,232.01749092115108,234.69005663368134,214.82540673587235,228.60088874960803,235.24059167415717,225.32597982632075,253.0140994959457,231.4405869697641,273.516794639758,251.20313238620736,216.1652939481718,219.18730142583055,265.095112785478,243.57261024241268,241.6044956819627,217.7783556866507,249.36441468980166,232.0813700983285,240.68073252013338,245.01326672764543,246.01766179717623,298.8414581209657,274.7901996370756,246.5586755603124,231.56386928629962,241.57813171622223,208.34382732567977,234.11559056592327,244.30880178367948,223.72290353153977,244.4974159640233,237.81877140973594,233.75546229043383,269.6595230511245,219.90685811762486,282.0980295711127,262.1605990716251,284.8427922987958,234.74016919424506,215.9657190555995,250.53337490040803,232.44156127068882,269.308631184704,320.1182009005304,359.6717258138002,348.810381999628,318.15783415308783,315.1405475192535,320.7709551179007,366.84103729056585,327.02438662058825,310.149178892958,306.8589579445704,305.5345037572903,308.6803612858411,303.5580972312065,370.4922798980868,376.5816084174854,297.7638034382274,340.6138688856704,325.8949218386424,312.70726069551966,342.8881232531584,364.2285033067915,331.15014459231736,321.41089386907714,346.96036026064115
photo_tree,218.8681998025556,228.03817523449973,236.0771392981418,250.63521832758875,204.70337934699674,200.9564160437398,215.05122349618054,190.56621568994188,208.95187354093162,238.62215734134338,237.35253481259537,212.94940040646887,211.85136053802492,0.0,205.608807043856,189.397126100398,189.70143881414575,211.95199855634502,239.5955817218085,214.84906413651402,251.15706514820505,238.74415635058332,193.68960304219473,246.7013154769452,213.93319749332753,226.31372650313511,227.9235636020953,225.6379807300105,209.53198666782006,210.94873223024072,212.93249154470584,202.2381873936991,209.33990802837016,232.62762236613324,203.50169432518027,224.9382579818211,216.33409784692626,230.88644588801236,217.6640182952856,201.0177725337783,193.36004046955674,236.92577156510418,221.54116697265945,230.43380498086745,215.82991771823424,227.92612168086615,209.88853850884055,229.44689714262626,237.24514967642443,216.34829832090972,259.2390490155548,241.1322513692649,216.26284012358929,213.70693196430273,215.24719470090517,196.70515455414943,209.35529455341037,227.42266143188797,209.11522226258396,222.18232480663622,227.87428244761455,209.40225970362556,232.12118448882322,203.09797604300047,241.74135646597205,237.36170574778288,252.60138226734085,226.27764518564197,215.67120548503618,221.63007244155676,214.8104297343319,234.54842846808842,272.53099106086967,310.8180366720572,299.1643496502258,274.89829833875444,273.7302630614546,278.2598991998623,317.35021703395995,281.8486261166658,267.8567199627216,264.3317408737539,261.4724958625296,264.59659324393476,262.0969126165748,321.693800913505,326.1651660111242,256.76613517075344,294.86789790812554,279.5427526697008,269.7399690492806,295.87570517829835,316.9684802343641,284.74756556593746,280.43584684042855,301.45474201817
photo_flower,214.1281399167034,229.99136982148133,244.81393264325584,250.13323274282328,194.02558245107,182.7920497752102,212.48691555755943,182.43440508252647,203.92144881969406,233.85484818368965,219.64120464922058,203.01693298049616,214.26164577462038,205.608807043856,0.0,166.70997594848777,189.83631916011845,205.77206898037463,235.30150845194902,217.97387891411302,256.39926751686795,242.42089094230275,204.2027952928444,246.4466107218204,224.5021510483157,245.36915073869707,247.9957312023363,239.4012468705401,232.59818735101788,209.89729948026107,218.0033484907033,208.52722167259782,211.78133751929846,233.38234946013372,207.01100139869982,243.4175254882112,227.17530936034373,255.24058199161485,229.63315578904368,186.8210572353596,201.8109113938124,256.95369110190245,239.11398840599546,240.35979067556912,211.70717981703285,247.5741739756929,222.98309689932435,238.50153835455086,238.4048251508034,228.37582271503828,289.7764014704369,259.25372016404276,237.36977390676873,218.39672990208078,232.13415147304306,197.36732838547684,218.37644546857334,239.8638027106267,212.6760748325341,238.05471052815807,236.62058116370503,220.84378397771346,244.94714361191615,195.88469533100528,269.35755588437013,256.16022848602495,277.16236257427704,236.53500049396678,214.6598520475176,243.43180305093594,225.95807885807218,259.8464009455373,304.50451169004884,344.78704123042235,332.9337078296243,303.50597015419567,301.7635290314956,308.29417635534406,352.24530989548236,313.7338117330968,295.73120066742086,291.86107800704104,290.77967631208827,293.24616411606047,289.6555597636638,356.1576595815247,361.960596575285,283.4437622603252,326.0553920828672,309.88794387611887,299.0577754529162,327.8264697025815,349.3019969077175,315.8716045394081,306.73300335840054,333.42981419940077
photo_carrot,206.68820285592508,222.93150511545932,231.44199022887662,240.57716381576344,182.1919197966629,181.69907153326793,202.99636823791093,159.88507089271027,190.90662637076647,224.12332638634717,214.6174134313573,187.51013238817202,199.42698090922121,189.397126100398,166.70997594848777,0.0,175.8650436502886,195.96795153992,228.91977542606395,206.53610178935185,243.53251372915483,237.03239038493055,192.7096051128183,239.85180327189752,219.17387211796665,241.80918315082516,243.84939914504585,237.84946195137871,227.87225632219776,201.9081403062178,214.6131686447751,206.56963789609495,213.25683441051345,231.47808978584524,208.9937422761537,239.5095707970601,222.9131001614439,253.28690514486127,224.9185094562,173.36841308052092,188.92241790535067,246.92348591870064,231.64584601727424,236.03285642546862,203.2521810528369,239.50418088200377,217.95791827240197,234.05654027819395,234.8133126378951,219.30490469078256,280.4039903353516,251.81054192252276,229.0407825756353,206.93083914124975,227.24994604083201,186.85678537275942,207.66208379969228,233.24575162867262,206.47504280346595,231.81643271310207,225.86419583898243,208.78413345499612,234.31643709704628,177.41741421004588,254.50405811870985,245.47528467326265,267.5167289502208,229.08443737152095,201.64694929236467,235.15787813195575,216.04217609971755,256.98189842484373,295.476450155605,336.22243168492594,327.3765212287903,296.56193635104216,293.21068989059705,298.394882996808,344.6682193811168,305.5890895467547,288.03972299172665,282.7248484742281,283.35579926770214,284.7886067370616,281.0262371236469,349.80678136244217,353.42242058369357,275.62372063153504,319.0677863708548,302.25611017905896,290.3116129314691,320.25493710634174,340.1142032427273,308.60839382531634,299.5014643595149,322.7814403978352
photo_watch,220.0650131661923,226.9205230409598,238.22004734830927,251.46417104884537,197.91026891140265,182.50180539837353,223.2032355603624,188.40230487782478,196.6299948725128,227.74430038134875,221.81894076720613,200.35416566075708,207.26116827584713,189.70143881414575,189.83631916011845,175.8650436502886,0.0,199.47082267657535,227.4054333046662,191.94828809154384,244.7315565718709,234.41156812129614,190.9434846447962,237.17287180216684,198.9971638630657,228.94723522087625,223.61337730206063,219.61781616815514,208.52608929315525,186.27385310316092,203.2940459810535,197.956616660031,201.26092259322573,219.66682862751117,189.13805349682247,220.22786473686872,205.36874049413973,232.75742961211913,207.2205725514395,167.91333406611145,179.44050285741625,233.82287202098092,213.5459461844109,214.40912862281712,192.83437284096496,216.77484718651277,198.05350951862133,213.32863702455438,220.62420683763153,200.40639288642703,265.9552731983268,233.8372512824075,201.50018580436247,197.4246737344532,199.72326100039118,182.28401552580326,192.5926179919643,219.09719023676442,192.6007615259496,211.9336234875765,211.77322379819512,199.55757385924312,222.03948023677643,176.8328089195442,232.22247726681803,230.2950185552731,250.4250101773792,211.81069407276829,202.8328852608636,212.44922345568676,205.18552903394797,226.03147358460532,276.11787913508965,319.746856639357,307.80791497352345,280.4893854099276,278.5607831389885,282.69277469266177,326.93037624613305,288.72070827396135,272.80440314864074,267.06295245042287,266.266001248093,269.1133139183849,266.4211375716042,331.81416471785417,337.1462422044577,259.37506304935056,301.3180059808548,283.98482695168775,275.0181581767537,302.40701903032084,326.2029298640098,290.5334705358695,284.3530221187637,309.2792192939216
photo_key,221.74612716172018,224.36821224085645,224.27535952177146,238.5806518126457,201.42429676832805,202.1158195252033,224.2802948049465,206.45415878236102,181.359089704819,223.17581328049133,219.35391449511394,179.08586608906418,210.81411600688995,211.95199855634502,205.77206898037463,195.96795153992,199.47082267657535,0.0,205.46211045618693,195.66766849061958,240.8053446797581,236.08505215814256,196.3561245001521,242.73664731527222,223.65931492235535,239.9412505412346,226.54749567599725,235.86267393589952,238.5722369187681,218.59424479875602,225.75488240176847,213.99224646635744,198.9226970697364,224.08654854489163,215.12146567495384,222.2478075448137,215.88396890739344,262.3844225792341,235.63501610781526,206.59944680661562,211.57407290245231,215.17546900951393,219.06529496318,225.221544850358,189.23088474375783,234.23368065284257,203.5717244716615,231.60542157854678,235.5541337058689,238.83855618235665,273.48211299083835,261.58933660723494,238.40218047012934,227.25402167633925,235.08673959122103,207.79154297508276,221.77045759400443,229.90159648687634,218.81506702236484,218.4656640789531,231.01569709220954,228.85217505194422,256.95508032706476,212.42892518948,271.4977457258315,219.79308586525067,263.0173891492939,216.17061229522128,217.21218368419034,241.93532314365711,216.8760151696907,260.65199890759146,293.481521516467,333.3680548761305,322.37861342349197,289.5203422465895,282.6894570556867,289.58184713510786,341.88052151948403,296.99690774793555,277.8385635192345,275.74661761902746,273.55494101215453,275.6557505826263,271.16762269054374,344.85103773815973,350.8998637196283,263.68454046526796,309.51710289309614,300.10601833121035,280.4165225579873,319.19163342639405,338.7426848175461,299.7697500170408,291.59700738772415,320.94419258201305
photo_truck,246.80061122085976,243.32962019247157,234.30291785497192,245.22632571648842,227.71532893003373,227.7997608156202,252.73998246168946,237.71978730952364,215.59054820336672,226.36236585371154,233.02178308662894,208.070004347928,234.0261539498484,239.5955817218085,235.30150845194902,228.91977542606395,227.4054333046662,205.46211045618693,0.0,213.94831144773667,240.17586598979122,234.66910552378286,216.3300755666345,241.06957914032552,242.69193032103567,267.8000917614737,265.10636965973373,252.8705754907481,268.07743795542547,244.75543705699675,254.48693349490608,236.9235349511029,230.91678614491323,238.97898037303955,247.50223316523972,260.43754978905065,241.263667842425,295.7401854810451,270.29517811771467,231.78260116953933,242.39891746912744,273.82872062587677,224.33482000328888,237.80689050850097,222.02441011127829,246.2916562819574,237.20454207415966,246.39533712944436,246.28614781260418,265.97308189454355,317.3421564073799,293.7274020711312,264.4725626864005,251.90007990617053,256.3436156320482,234.3814517510447,254.93140102192407,253.48516883699654,241.52846304023385,248.51628986847592,258.0379672729968,254.36029977649127,292.2939287404353,237.2091552930266,306.72594108542523,267.0318231232041,281.2804134156064,237.22254182814146,236.93213655666176,261.88629432036674,239.17472429797533,286.16883881842256,339.98945271591253,381.09567994007,370.9614500178097,336.7322512410248,329.92607551114,337.5293051233661,388.66750918075223,344.7186592219293,326.0751210505938,323.068101018566,325.4711366980507,323.61592671443975,320.47366406447713,392.0259304640255,396.7559913705899,313.94782397341555,358.48341078016267,347.04975316624547,328.9809857096326,365.5522054962208,386.0866549328257,347.9080047167401,336.3656234477374,368.9357615785151
photo_velo,233.1522478567819,236.672118324563,240.4464790919968,252.48832812059032,206.5962156025322,208.2730523980597,238.38413195908626,212.3487464390284,197.55093212715556,221.95301081506952,223.11763937056517,202.0364815461978,213.06836238291987,214.84906413651402,217.97387891411302,206.53610178935185,191.94828809154384,195.66766849061958,213.94831144773667,0.0,236.539841170426,245.36121685131496,196.40537080064954,238.31090252486675,215.02584727343987,237.13963938995767,229.10195329594194,224.86085839995297,231.7320047511903,213.25624930022025,222.38470269542117,213.2736379100762,207.588966430306,218.5312998798397,216.68365352085442,223.47545728903637,199.75464715728128,260.5731438995973,234.01263749162987,201.64659529288824,204.0992723539783,234.6319790347905,206.91569414029172,184.34082075305764,193.2764423598611,217.76810918912278,199.92105775714887,223.31966038584613,216.14061749374838,226.46933112451092,275.14542146876397,251.8867783181212,222.68467034301975,213.92086833426498,219.40520450872717,204.0009716313929,218.55076519413035,222.19658100784733,210.26144912495135,211.86533196109016,216.81194986856684,221.14270105354453,252.30226496557881,202.09015783857717,264.54067267656654,230.747731619616,254.74036929844507,183.75435070733,210.2352911911,228.01313588299686,205.8629650494252,246.72100840087927,298.365473791148,342.04442915108393,330.1687731152743,296.72913067449105,293.9037084543178,300.5316062754302,350.4132090832151,306.08904729018354,288.8620549586388,284.0532977590183,283.5592228484283,285.7064650368125,281.01210178888084,353.19884679361746,359.6851171888638,274.7517445609837,320.4589115639756,306.26164169324204,290.7067786078669,324.62153494938076,348.14078823895295,309.41022472855167,301.23336240089304,330.8789617394999
photo_road,266.28024261213716,257.09806674949755,220.2734460211924,246.90547287500812,244.96323351443738,247.70903706462713,268.72237742695614,255.43576417100297,238.05891336687725,236.82872857331563,252.66014669536656,239.01255375572686,251.71012475706513,251.15706514820505,256.39926751686795,243.53251372915483,244.7315565718709,240.8053446797581,240.17586598979122,236.539841170426,0.0,260.8479418511087,234.99155916227193,256.3662089695693,266.77044120763094,291.6649008699703,289.0902575390413,275.04356993287655,288.9109724790533,264.6622106053954,270.59892309723915,255.48816918016792,262.79008151047185,258.60255803400264,266.9207175841808,289.57282494917956,263.124797033,317.04810176572045,290.63003816196556,247.71105750903115,256.27775467042466,293.64160979428596,270.0235034570501,267.5128514874905,241.28051372712278,253.49111290401345,257.7533322445678,271.7341622403664,256.0748058941429,272.70275041508785,329.4956861160276,298.6377551592759,283.13065426260135,265.91192044197663,268.5442223394679,250.45512660020208,271.0504493936436,271.89587136866606,259.8279960037434,266.6001188666838,275.37902526191914,273.27273546190855,302.6124889967497,247.43416202139306,311.35608457488644,280.15755797909526,294.37386035181027,257.1689942933042,248.6920352850558,262.9537105509675,260.95602015888176,300.451450266522,349.18822743837006,386.743135320697,382.2462544217627,353.60020143312056,339.2800817327528,345.6258386438656,399.0824292392123,355.9835072646048,337.56158337195683,334.1473764714124,338.3907351217791,331.9049189131861,333.30993011250814,404.58830480757763,403.3535043685959,328.52503885414103,371.1738151771229,356.8852518476137,338.1940721756454,376.6672347959129,397.0682404128005,359.29893689491644,352.18215661374285,379.322994240632
