,photo_face,photo_profil,photo_eyes,photo_face2,photo_walking,photo_standing,photo_hand,photo_legs,photo_bird,photo_butterfly,photo_girafe,photo_fish,photo_cherry,photo_tree,photo_flower,photo_carrot,photo_watch,photo_key,photo_truck,photo_velo,photo_road,photo_house,photo_mountain,photo_windmill,drawing_face,drawing_profil,drawing_eyes,drawing_face2,drawing_walking,drawing_standing,drawing_hand,drawing_legs,drawing_bird,drawing_butterfly,drawing_girafe,drawing_fish,drawing_cherry,drawing_tree,drawing_flower,drawing_carrot,drawing_watch,drawing_key,drawing_truck,drawing_velo,drawing_road,drawing_house,drawing_mountain,drawing_windmill,geo_face,geo_profil,geo_eyes,geo_face2,geo_walking,geo_standing,geo_hand,geo_legs,geo_bird,geo_butterfly,geo_girafe,geo_fish,geo_cherry,geo_tree,geo_flower,geo_carrot,geo_watch,geo_key,geo_truck,geo_velo,geo_road,geo_house,geo_mountain,geo_windmill,word_face,word_profil,word_eyes,word_face2,word_walking,word_standing,word_hand,word_legs,word_bird,word_butterfly,word_girafe,word_fish,word_cherry,word_tree,word_flower,word_carrot,word_watch,word_key,word_truck,word_velo,word_road,word_house,word_mountain,word_windmill
photo_face,0.0,80.27167500654629,102.0742466799566,87.43994734844952,83.85643680790729,82.76849152323545,76.98314698170682,77.52324813759843,97.70015747730798,99.33007080390101,104.91426043052643,98.91420378443901,88.0236718706368,82.95498392830271,85.60127293444376,85.91064136232661,85.54763582227574,101.8777524579819,105.28009183114163,94.34001033879268,107.27276347177514,92.96747923195255,96.33109880188772,95.86337451811819,83.82186471661217,89.47191354514251,104.00031888721551,95.15154993210959,84.31640488454107,84.59698292261821,90.62376019959207,84.68930372479291,94.13944054345261,100.36105156432694,87.46977101429304,99.06758591589676,93.80514414887045,79.86629194244144,84.37271414667448,85.41857680180216,79.6713328165246,104.17433765229582,100.85822578138409,95.9479617485995,98.38416754632867,102.25397470835466,98.70688077591645,89.20821306864691,98.8724605470553,88.65488037936989,103.96044678443258,89.89157844700344,83.22842144264882,86.0490922233537,87.57141686982216,83.8366882814154,88.55675792381327,97.22103481677738,92.88506478488328,102.72231679365159,92.56058204465153,87.40207092370369,86.68687522010113,85.76279880517491,86.96714599472664,104.02610207789003,107.08386982903615,97.63113441141515,87.28070204151875,90.43373963846926,95.15317598462154,90.58375721133503,95.12227013602266,95.08401924373648,94.39733989694851,101.59601497557082,105.46735390038963,105.8206013036905,95.50380912755779,104.31801589641694,103.33472466167679,104.32475040385766,98.29176100280408,104.39159676941182,104.53395718027559,97.83249911178713,96.6276578445447,103.46686126778711,103.74757522554312,92.82574324951781,104.573250808659,94.7662435475866,99.04954554633915,102.90981241281878,110.58213491829848,101.47297000019611
photo_profil,80.27167500654629,0.0,98.76356048099323,87.67470395092305,94.79598981697329,96.60644456079103,88.06474593799575,93.38397031511859,101.95361672119454,95.65131524555942,106.79220942003941,103.53467243377504,94.68093018846707,91.49162608706659,101.07738015111333,101.16285487258929,102.13847445859939,104.88289486249695,105.25746198461756,99.13970427615224,102.57400185860537,86.90283830164732,99.71670446130415,92.8473915921553,95.91567224491104,84.4162181484078,105.65331982975543,96.95799268593966,94.49671643808038,97.67773761999047,99.1906035705479,89.85754495518033,100.65210987001736,97.77907659050754,96.47682732050333,103.70462706769818,95.75710534015577,97.11562698536704,95.15310416958042,101.53007392518772,96.98471399518381,107.35092958107832,103.70784491727841,99.13531601419807,103.37178448889657,100.42405936035486,105.12454650135035,92.26202063394022,96.1259416456961,103.419427630852,107.64772152257882,100.66832757832395,95.32130741289801,98.13703572721352,95.0080521405923,98.67764378015293,102.95197567783303,97.42893748770655,100.56311483167676,105.46432410905365,97.05684835494766,100.41803630614378,101.54645744761909,101.00889111182367,102.1998232948918,107.61237211451204,108.57215363149972,102.3832522843684,93.80040055327207,93.40364179409053,101.93177135999923,96.8722207286042,105.96228130215682,105.64220570611283,104.69256196906254,106.31023707225889,109.37015229865598,110.07056248629101,105.72424384163108,108.68129922962966,107.18873385604388,110.24118275910347,104.45158090671795,109.28535180930679,108.659671595973,105.54209808361124,104.96901377615404,107.81924805637829,108.59925105689008,105.62412945361517,108.64346247579141,105.70269637208855,107.16490868524855,108.46708971701648,115.74328451241904,108.48042635101147
photo_eyes,102.0742466799566,98.76356048099323,0.0,88.15881649956073,107.32869784857111,109.28233197784375,100.66878836123531,107.6734944159888,95.84215837290753,91.57658776811262,105.79821802035492,95.54897784853863,103.55815427148228,107.91499480705929,112.9112743681892,109.06480203752209,112.32731132847726,96.893791390912,91.61452333300312,92.5716666940005,78.02750958468133,100.70782861020062,97.76521198991274,105.52618053977702,101.35014142705721,101.45112723961928,95.13255709500298,94.0068724041785,108.51868061560539,107.24970879041042,110.82248872580273,107.59042636917245,98.8010514244496,95.87858858278864,110.60221574992353,98.705347432771,96.03844209008695,106.96164227800263,106.09526416668109,112.91607124441542,105.41425115635546,98.0943279302705,94.970063632974,91.76057060525028,98.6960443982433,88.34884804435119,101.53372111173442,104.80374163518185,103.55495378188905,110.88356258074195,97.14119441390942,112.42350318756338,106.83077787644122,109.60176280710445,107.96934211162227,109.94994626288705,111.48278936437232,98.40145167586948,109.54199524643407,97.67392628668917,110.89035720682483,108.78221134850429,109.47978017345734,110.78331713458233,109.34361946676009,99.28198456868414,98.05820443689288,93.57657695145427,108.16053050759383,106.10824629021003,100.25395062622404,109.27853659626739,103.47242422106446,101.75543986555572,102.99891618513965,99.27467567138838,98.11987115540161,98.97088163702902,103.30220543469902,98.59996450710024,98.05991553174876,99.64424064165887,98.8164554702071,98.32896473041592,97.99733095562112,101.78895659368956,101.4810746442347,98.39178307974738,100.55291621951284,102.54542872379872,97.96315465279885,103.31495545442304,103.29728044654676,99.6163358938877,104.53771454849141,104.46353152671452
photo_face2,87.43994734844952,87.67470395092305,88.15881649956073,0.0,96.93746348779385,100.55629045023512,88.69927666801085,98.43841770155326,92.98685233392034,91.93178245340528,102.84223489535444,99.20196783485478,96.68858206490387,97.08536866939733,104.70552463807562,103.74865173280791,105.90934511448326,102.07670898578795,99.83487170359537,95.19615122796121,92.28514928631942,91.26322242537158,97.39444886017591,98.87306666863212,92.51692425935224,95.52685959761774,103.62176587212151,86.35406389714774,99.08461887228063,99.51272585082545,104.7871204450592,97.8154927334374,97.86363305103039,95.80216101447013,102.27942810030765,102.15868805149215,95.17800617126797,98.87869128768571,98.85341876297593,106.47226996163297,99.3609702037779,105.70310608655952,100.12906466449432,94.82687194953884,100.61528292077638,95.41461185220969,102.23874156028519,97.38774722925278,100.66994932096486,104.9429932040737,107.01268320188316,104.79956869750237,96.53295302771895,101.07327375555799,98.6703363596944,103.63493111037496,105.89692519138987,96.3346264515782,103.69782813858355,101.94916166474813,103.94702484194053,102.81904673565877,104.52316130968202,104.74640694529475,104.82289013669127,105.67670991597062,103.72134313751526,98.34820789227328,99.36693857360397,99.54574755130533,98.78238104983187,102.73148394455977,104.55233534080078,103.34346168832475,103.68685292925562,104.39842345410837,108.22360925737118,108.92710352002946,104.03245863884636,108.31607017097154,106.53475204332491,107.62729379261545,104.03632482156532,107.56066463339208,107.90170504705395,105.10330224479947,102.87115604856787,106.88801091264328,107.6973457342647,103.20228553485462,107.50414664156524,104.45746421326183,106.68380898484453,106.6319734307697,113.45074135098689,108.19016343803654
photo_walking,83.85643680790729,94.79598981697329,107.32869784857111,96.93746348779385,0.0,74.5894581197041,79.24255214142214,72.11161973446345,90.86455881324706,98.0022660557462,100.70182940032126,93.3668858586303,77.63182432486767,80.23676824189012,76.35722083286171,75.53202288577276,79.73300922636089,93.49440345059904,100.77290703638076,86.07954260683114,105.04967441359238,100.21462596863874,83.50346878463868,95.75633484380926,80.27473913775061,89.38585953901,95.18973510752501,91.90568255849092,65.6728388557047,82.34810602044712,86.79144199792029,81.68360564320355,88.06555686391938,93.80115809205645,73.4562871868019,89.68590312790293,90.47383927736372,73.65449812430738,82.82974557317988,76.54382683365218,76.211847410495,95.9532780284921,93.96758163196164,90.66096302861493,90.0689137013288,95.61148078682731,85.61809539791845,88.37367584309767,97.7157953316846,76.32647310347824,97.1764890468225,85.03920355071925,72.40765865871586,78.5455057686694,82.77217176411125,75.2015797143418,77.43337305192082,93.86962851039516,78.41275449628793,93.74542233075,80.078743263039,75.27499816534844,83.80382444346353,77.17224440718677,78.59767228109452,94.65332559702196,99.05680516149106,91.8903296243069,78.86411263215801,90.17414236666357,86.46637959245703,88.237391415357,83.99618806312237,85.40541726842783,86.33936469382168,95.31765968176944,96.21975129340487,96.35041376243868,85.54734593662943,94.60510858939283,94.7021416833042,96.28041665730586,89.77496995188311,95.74731044502066,95.68869192299837,88.48022473216184,87.39729322423597,94.50040680368929,95.98678409811772,83.96507196062028,95.12344960108064,85.76169272313847,89.86723733957307,94.7889473066205,101.96624961759733,91.87855308688538
photo_standing,82.76849152323545,96.60644456079103,109.28233197784375,100.55629045023512,74.5894581197041,0.0,79.82730219186507,66.10259557199886,94.8645611567721,101.87627264830823,95.61384733489271,97.02377640348367,87.94547762106616,84.72270772324882,61.24935573989068,65.26947470755539,70.87506538736318,96.75524154376653,102.71218462386037,92.54423150025164,107.64885779436295,100.38402324094709,93.62215795572547,90.80539414447084,84.8241347767496,91.4477853711804,98.61902735062148,93.36562650590945,77.4732103972822,68.60025150112162,79.5259024193799,79.33165699856673,89.35057730685375,90.10413439493205,70.01261563114775,92.09221299431381,90.42115820239222,71.62504175641241,73.63163025270276,63.27612321371346,69.7009780449479,96.85520691208055,96.69409021489336,96.6275823309979,88.98891045505607,98.84040328415973,90.19701915465572,81.77356051569639,93.40162436948056,65.67993625098971,98.34518989712947,70.31241712479294,76.26794165814283,68.43142101375797,79.00804309141387,70.05088330875073,69.98878155412896,93.16075329518345,73.32697265715184,96.3158092089804,84.07590494005922,75.24472561033595,69.49088075102713,60.85950242884118,67.45163481873301,94.8031467463792,100.07443362482937,94.65571593447841,78.5928665138881,87.39431580779488,85.69895777397838,82.75117504287701,84.78993738053774,86.20778075780271,86.0598952865257,95.1845957643055,97.39479683252307,97.20775708447405,86.46924096568888,95.85690780525562,95.93446442799365,95.60308671197332,91.30143797377085,96.5125044316853,97.05160866991368,89.32240045335308,88.02535139085198,95.96072388009442,95.94999030712432,84.26485587818942,96.75776712333709,85.57309850745457,89.30172713890276,94.93318506340319,101.85622515279681,91.00401787998334
photo_hand,76.98314698170682,88.06474593799575,100.66878836123531,88.69927666801085,79.24255214142214,79.82730219186507,0.0,74.84898360140771,94.44523182985745,95.6607042330574,102.10777942777192,89.58901181826471,83.64750605849801,81.11244015462509,83.7556092782316,78.57569455311311,84.83137929984831,95.43107224647244,101.88824317163389,88.57935831673181,102.30119311824623,91.69695884317716,92.66170101866804,92.43952032842506,88.44671683663861,87.71085401193496,94.43266425946885,90.25936311348342,81.04482590641132,82.73057052005957,84.65849911907465,84.31059812033033,93.04819107636104,94.19001373819938,83.36284876063603,92.13793509159298,87.87307269953095,80.48024971076308,82.02659074312216,82.74865108434305,78.49098998195747,97.23905408116076,94.1445832036489,92.78950750382353,91.13681170956663,97.03523142371768,91.61081449688315,86.62462069771671,98.01979872511853,85.26140983016491,96.40364598039696,89.68991252277519,82.7451604682004,83.79348136655737,79.85427342146627,80.25775782616384,85.05936207026372,91.76987644621053,86.3545838265547,94.97238509284591,89.11870483151229,82.2107113078356,85.35582198918527,80.31390053547108,82.81496013757665,96.74751087886114,100.3620855837205,93.19472975361636,82.2826213816999,90.48470760948531,89.19106078004458,87.77253931206215,88.61638933400314,88.89923236857447,89.07402300285642,95.4601399896114,97.69026432534314,97.79571994283921,89.06883649115794,96.35870716282466,95.80549244954642,97.27438328245032,90.80324151068903,97.20538442771465,97.15307002239827,90.59432317692428,89.38705516762896,95.90207388771928,96.70547456721849,87.75870646521686,96.4227963227815,88.78910065838794,91.20191483526972,96.2581024349201,103.54993525087194,92.57577954381647
photo_legs,77.52324813759843,93.38397031511859,107.6734944159888,98.43841770155326,72.11161973446345,66.10259557199886,74.84898360140771,0.0,95.07930031535551,100.29737899650874,101.92810050202411,94.44698931196085,84.60257431741269,80.3431661935877,70.90878782712201,66.27818705519346,76.59990192034887,97.0450615136621,104.07228076129856,92.18945561117307,108.25875774340243,97.232731697274,94.76629733897214,93.01146192289151,81.97816647634959,89.30740877832677,96.32386994365677,93.97841436754386,73.11945422985912,75.66052379214186,80.51737317515443,77.71903065999531,90.29468706892972,94.44883525635471,76.53727792847737,92.49053828305934,90.31678776610687,72.2441198272887,78.77688661487915,70.41866147004271,70.81370158141452,96.97051591609619,98.0326907564607,95.82828154426743,90.11469507528108,99.39350536258435,90.1301366948653,84.732652357434,94.57253363367128,67.86538236589584,96.08841607303437,77.01825288953992,74.76947697641529,72.09183238230226,79.8643031338465,66.53836006322317,70.41739086218126,93.70475589664622,80.36074681544494,95.41730330186056,80.86095492021533,74.92780259102372,76.38550535899894,68.87073310277071,72.14862636809384,94.83221547811442,100.51196897323388,93.65716955693306,78.84955346874874,85.130534293577,86.55084620367887,83.9998109088264,85.35276261763342,86.12244912462157,87.07191792327397,95.38027916258183,96.98348084346257,96.55508923498643,86.7475052147293,95.45089036257245,95.65953950686449,95.50126932267706,91.17031208283635,96.74153810599537,96.48482402673316,89.95187366267767,88.25088960198372,95.50117653565462,95.95383464342409,84.28836863022876,96.01651847846433,86.17141633367709,89.23759165433387,95.4614592393125,102.03076969427852,90.54711032961718
photo_bird,97.70015747730798,101.95361672119454,95.84215837290753,92.98685233392034,90.86455881324706,94.8645611567721,94.44523182985745,95.07930031535551,0.0,90.27860138625557,89.76070357782898,71.85520729997059,94.66631757064036,94.78909448802939,93.57745210106714,90.39783081077513,91.68571591343404,69.63251519245782,88.7450875204311,79.59906471716664,95.65884475597655,104.80556099174957,88.02950865431269,104.76906937931125,87.41920637338866,94.07328085288933,76.48490431550678,82.85648375069417,92.86190623349007,89.7027202210319,95.22121592911992,94.63725663318303,65.60734068601526,94.21059928411263,91.48384507525665,76.32386196057719,92.56278300781042,87.86615402597315,86.79493710742867,93.47033143100968,85.34062551362508,74.50793651183814,86.11418601792488,82.65841646575771,72.78608967746008,86.27011219336401,77.58369798288464,97.5235667005281,100.74899564749639,90.03670036197593,80.55484399679534,93.41123990682912,91.68509047388716,92.46834569975574,95.61713457760976,92.7748843923751,91.27670835594903,92.9762071476832,90.7740608085093,77.68870456373543,98.10432909922552,90.46774102034277,92.86854686135081,92.13506228935213,88.21925825792523,72.2835807286561,89.626159382757,83.26573874153529,94.23864389644245,97.42019391242646,85.48558633339053,98.62770792008597,76.21081235867489,76.14083093462565,74.62267222853019,75.65105631368976,79.40053930008982,80.29438263569345,75.80283850901831,79.6795396509888,77.58799899158265,78.25546846179546,74.8177724930234,78.35864735927753,78.04738550413302,75.70166113447094,73.99036531220355,76.86030742840377,77.64502078333706,75.11766319234596,78.30649009783255,76.06693141840589,76.44807613659911,76.33739736516836,85.72398225196056,78.36536573022867
photo_butterfly,99.33007080390101,95.65131524555942,91.57658776811262,91.93178245340528,98.0022660557462,101.87627264830823,95.6607042330574,100.29737899650874,90.27860138625557,0.0,104.86651604443864,94.4802052961798,96.46818124653085,99.01755620606174,106.33141990415356,104.243299657378,107.14534360115535,96.37697036370024,93.3143912485732,87.24355805079149,89.96203428778706,100.47796305855783,94.81740924848658,97.28522878366512,95.79366584800634,91.64451337193574,95.16033953773552,81.24494870358097,96.07029787607243,99.33269776174068,103.10023524714386,97.21900997244025,88.90468906104624,81.83346449027371,100.11910534741465,94.81315070338022,89.45928420539028,99.26773524278978,98.0369481925554,105.34207697263729,97.54301692601075,97.47675220970022,90.77295448634165,88.65490892881013,93.52256598365086,89.61307558099546,94.24947694414809,90.21433189009235,97.26748487308699,103.7511673463549,98.33416601724271,103.45458190038306,95.08165622168669,96.52004194519233,98.0776891980262,101.242501085921,103.92959081130822,86.62966519767109,98.9625185429812,94.59528746969079,102.6614353971548,99.34182882961505,102.87969631444143,102.13686734275328,103.26188973201931,97.37335341030774,96.04917601587911,91.02034506504405,98.40926319395692,99.427275452011,91.49296725952232,96.70909192206341,98.78240227269828,97.24682969063967,98.1381018980978,98.5450298506019,100.49616845366623,101.11429115048678,98.47853760149002,99.8594646928312,98.45176881990074,101.73591047566607,96.50734738678239,101.46194430540586,99.97863726084908,97.6496094566837,97.24570700871487,98.8461738281786,100.66289629145355,98.05390705118013,99.92110252781721,98.77754220547529,99.4089243078532,100.69323954552056,106.77785999341337,100.69881878323098
photo_girafe,104.91426043052643,106.79220942003941,105.79821802035492,102.84223489535444,100.70182940032126,95.61384733489271,102.10777942777192,101.92810050202411,89.76070357782898,104.86651604443864,0.0,100.25984326609385,103.83941084204392,101.84562406513542,96.81927735062668,98.50328746039052,100.8624145674649,97.41446247308745,101.00842858591022,98.1402815952341,105.54467319504543,104.58169664247663,103.32050184563963,104.05653428864554,97.58356612827622,101.73658715559688,101.04259297445768,97.2851515764085,97.61764943109085,96.69950884132327,100.14422379897863,97.62101969330523,98.10110307465884,98.67496942705374,89.56120086789933,98.53210202779937,98.16794954857106,96.5963410372487,96.48836119149655,100.08526861999593,97.46404560909015,101.29344491425701,98.36214147642585,98.32343449455558,97.11490432711322,100.14210466902531,99.28584070421404,98.88637988062949,102.09306744510523,98.5529801306241,103.28541947196487,96.03443125351431,98.88848866750735,95.40151421619694,99.5631991059589,98.67517376121947,106.3178822981588,104.31838919875891,89.7625175330456,101.47564803470515,103.19902240422648,100.1057259480361,97.87501132770072,97.99664420487237,99.17777164744768,99.48897988878407,100.42813204498698,98.50601883070065,97.67383914085298,101.78967472599984,94.36323946328417,100.14554351552223,101.0702312784078,99.95114018976199,100.40462308350563,102.30799329704247,102.26364759471373,102.96733772933281,100.11004765207906,102.78945759473726,102.50983900908453,101.30568882258078,101.0077666441475,102.38342896751465,102.509229100907,100.94041172603464,99.38636364401056,102.04066270133185,102.11584714249531,100.03403645043964,101.87913774582437,100.77311032720715,100.82163155651213,101.0870411389867,108.27252419734312,102.32191268986954
photo_fish,98.91420378443901,103.53467243377504,95.54897784853863,99.20196783485478,93.3668858586303,97.02377640348367,89.58901181826471,94.44698931196085,71.85520729997059,94.4802052961798,100.25984326609385,0.0,94.22876539161987,94.9994342515824,96.303957264422,89.51127515325093,93.90509412386226,66.7228704748983,86.20408943060644,75.86462618864559,95.08040109241149,103.75020354825472,85.43027668598893,105.20689327584837,91.97705541349805,95.56945142123506,67.28307675028317,87.74268613496838,95.93457546249581,93.37711934676268,97.13672619114074,98.84839657923708,77.87401023883163,97.27691441306227,94.81164255791947,67.94325315596198,90.87932034837972,90.58670760035028,90.67201034271517,95.07616137664469,87.3174602663387,71.0334814545997,78.26997180987661,80.75120118270152,67.98238283028623,85.02590561059276,71.2152364353288,100.07130183727138,102.71811185028473,90.78970065556778,73.31959372617322,95.62418823898714,96.51991226442465,97.06964494346703,97.99822679561957,94.56210583747551,92.14295492259339,96.52928882470817,92.60024590128842,67.56660034822622,98.89498794813011,92.21274883526343,96.17135710117523,94.68227050444196,89.7606035600376,71.67233479358,86.68844032004482,82.69318110321117,95.01976536462331,98.71005342824586,84.544697760217,101.50176792978897,73.26724624493286,71.54087971755553,71.8213504178177,71.93589501332492,71.95117867197139,73.29310671535279,71.7869244133451,70.70028986917691,69.0915249539774,74.97836242412419,68.28234142560316,72.84647121083958,70.73387538947084,70.39936303273518,70.72854147446547,69.19478387474732,71.88879933052722,72.06357647518108,70.68735159065079,72.98669652765419,73.56970057179767,71.44461829063195,81.46612226031621,74.01832937259475
photo_cherry,88.0236718706368,94.68093018846707,103.55815427148228,96.68858206490387,77.63182432486767,87.94547762106616,83.64750605849801,84.60257431741269,94.66631757064036,96.46818124653085,103.83941084204392,94.22876539161987,0.0,83.1575780776628,91.32580190156146,86.34612765905585,90.42450284678317,95.10191825767454,99.98023604377221,86.7777608523901,107.23537517661981,98.79287005479219,88.01262963430452,97.72246393377081,89.04267282452939,92.53328926232247,95.99353335687884,96.96278084097172,81.90706545860607,91.46250982909814,94.29709989758872,86.55970379313747,93.99059406811739,93.71763858129606,84.55572713722664,90.9700261170089,88.39652410194783,84.33904118293854,92.88367289831045,87.66014032508713,83.49051306755241,96.5514110199657,92.40921457635635,91.76018347948067,94.11044310973378,95.11196854916533,88.76776527720685,92.00997053128651,99.57846600552267,89.91663132383626,96.83425971771901,95.82900336719754,86.24772259607396,90.01388019663766,90.30454372674323,83.22178973905284,88.56707654495746,93.16585910098124,87.29524103214024,95.31618475521043,83.91136953309646,85.20047147648515,92.47046738221873,87.81131363900714,87.65686092584784,96.22505807070884,99.22235962962978,90.89237693146322,85.23382949800214,91.38882374381664,92.0661166754615,94.03097981352589,90.47647719998956,90.3875366038151,90.99803247974445,97.17099222069747,97.60998409833654,97.98765072257706,90.23674891214596,96.27774896928867,95.36290205660802,99.50894967038234,92.15611995650362,97.97411707370254,97.20695225081388,92.20292383050092,90.7629442456837,95.60423666447537,97.98024352422512,89.26218477174879,96.3872217434724,90.95108456829897,93.16708294758058,97.93854609167721,104.76573418971651,94.65122737614342
photo_tree,82.95498392830271,91.49162608706659,107.91499480705929,97.08536866939733,80.23676824189012,84.72270772324882,81.11244015462509,80.3431661935877,94.78909448802939,99.01755620606174,101.84562406513542,94.9994342515824,83.1575780776628,0.0,83.96896399410878,80.86266745924225,76.83171229997966,97.0641598138277,103.73218423133555,91.34003991407911,106.98400672544184,92.06443454619574,86.04780070425053,92.16162928278284,86.56980863593246,90.79504254922949,98.48836686999766,93.80561306315148,77.49879711630554,84.82369500539798,91.20624931410497,82.51085901547431,90.21413898424444,95.50812005725535,80.09164582416902,92.79188724768386,91.0676781384654,69.48873628580401,88.11624385476729,82.1982794053398,76.488664708315,99.34060009138352,96.7698830587098,93.55441632058883,94.76906821268923,97.07047531101352,89.46028505486315,87.16283860162444,100.40610648699207,84.78002788544939,100.71539244287159,92.13292277131033,81.86019137851464,84.9245157922592,83.83362606993246,79.59680846197911,84.95992989314831,95.99012382466542,86.20313923528327,98.71650664719354,84.71205265788693,78.09994982087908,87.04625641083153,82.7639590981181,81.29414823316974,99.09019421703431,102.44968370605743,95.87666176902948,79.45377863409936,86.2717248431865,90.32310623295253,88.78282831261876,89.34582523951624,89.59530102755504,89.87561766367364,97.85227050653884,100.22628150248262,100.17869734150912,89.32789980733169,98.84384704030377,98.32207251158414,99.6688836974967,93.16053660594058,99.25409502611703,99.57125415607776,92.05906933278906,90.84797081034111,98.28374548208298,98.81816402187378,88.63339566118356,98.95673263492695,89.56390638028012,93.2256121955291,98.37291471953512,105.78426608098539,95.20678218395875
photo_flower,85.60127293444376,101.07738015111333,112.9112743681892,104.70552463807562,76.35722083286171,61.24935573989068,83.7556092782316,70.90878782712201,93.57745210106714,106.33141990415356,96.81927735062668,96.303957264422,91.32580190156146,83.96896399410878,0.0,57.723666134821315,68.93498413333693,96.23777248686643,106.08311908852906,94.07551816829165,111.20972543416627,105.53068522248502,96.58211079849137,101.59924905263115,83.0019469321983,94.00870334375554,98.15865916248485,95.34893521754661,79.65062060706424,69.900914652585,81.27881195439522,85.06090628327384,89.33589365528694,97.30613524864134,73.25037693570584,91.85371443200091,93.31068283111543,69.1869199054334,73.02427203852085,56.88736840687963,70.34881425118893,96.79090502145891,97.43449678262397,98.0586212969083,88.5528953573276,102.46318617011332,89.75463807956781,92.79169203836743,97.00099835471627,61.6222184491661,98.59189261118355,73.00907851263777,78.7773863213178,72.38551796393932,84.07517877687374,71.62240134853948,71.36931071500659,97.34482971197205,77.4852906425927,96.81998577978197,84.5008622900886,73.5414612521047,67.66691516045019,55.83261075253853,66.29240980412459,94.96093848037619,101.23229294821911,96.86123476428052,79.24557461907045,91.1912981495384,85.88325029419279,89.9520398298464,84.78278871426835,86.36470407280423,85.34354665574674,94.77031223817198,97.40347333720014,97.3064679794073,86.02689216458533,96.18684623669152,95.71433195380182,95.77946393912357,91.08498043824204,96.48614640215972,96.7984027498943,88.64385179878485,88.16443729157115,95.73992338152921,95.49404300660123,83.46315935498441,96.80009180532628,84.7973907521135,88.82944204647777,94.21745896908135,101.32189363029354,90.3959073476999
photo_carrot,85.91064136232661,101.16285487258929,109.06480203752209,103.74865173280791,75.53202288577276,65.26947470755539,78.57569455311311,66.27818705519346,90.39783081077513,104.243299657378,98.50328746039052,89.51127515325093,86.34612765905585,80.86266745924225,57.723666134821315,0.0,64.1906994990867,90.70091560304917,102.69766044534975,91.81491479034796,109.70556451810955,104.06863282385964,92.52446537246855,101.11714584317448,83.65186121486367,94.10983947424238,92.75398461557327,95.5523246315074,78.53533439827852,66.83433526484059,80.26245808375677,83.48241593832111,87.1125537866687,94.72925197479465,72.13472804558702,88.3014825554,91.47263227079279,68.08262902150601,74.53675503516075,50.09045399647915,67.8814834797713,91.15935828751294,94.51657328134556,95.84913161796217,83.55352196924774,98.73958444477837,84.89494350333906,93.30574124604047,96.56687815134565,61.27758478181342,92.13542777321754,76.9153221724685,77.5018207169904,71.22168745224533,82.92946948554207,66.65967291667835,66.22023097367372,93.33895137971051,73.61319630984927,91.61021956389867,79.7066006947477,67.16607953701441,67.11541367121316,51.47262194492413,57.02313683409243,88.3559240504286,96.65754860469953,93.05016006301794,77.83295140481894,88.28017154651936,83.56332326666514,89.96150077677515,78.02625813620617,80.1973183256172,79.64972732923961,89.05629573910348,91.37688155805232,90.74841609811675,79.21913278537296,89.62836205198886,89.82402242921167,89.68428987144058,85.56820101009966,90.52692796793737,90.84767282563858,82.77582932692653,81.57339815457321,89.94524729038316,89.79453336391919,78.4280225543165,90.56389678470498,78.59315993267693,82.21483200881183,88.97701557952699,95.83811651517226,83.34062995966832
photo_watch,85.54763582227574,102.13847445859939,112.32731132847726,105.90934511448326,79.73300922636089,70.87506538736318,84.83137929984831,76.59990192034887,91.68571591343404,107.14534360115535,100.8624145674649,93.90509412386226,90.42450284678317,76.83171229997966,68.93498413333693,64.1906994990867,0.0,92.96949251665579,104.09004684987154,92.49044509574985,110.98876379201262,104.2340933387618,89.76078365609268,99.83756784186585,81.90847566733815,93.52499035608768,94.78086701861956,95.56643165989622,76.65168799824616,67.25342457777923,82.40196425741367,84.17141505048285,84.95434125115445,98.0362985235295,72.2073984411815,86.64576374875504,91.95591622159277,61.22328639103046,74.74326189603411,60.521075474928104,62.69596405198033,92.91181870242124,95.91814756999334,95.4265121458443,85.33134785731369,97.76113411496058,84.12488052529591,89.89704673450389,100.94115976971938,65.74767025531982,94.14155649604136,80.00088671743671,77.64909654284108,75.11580473375201,81.68126382500047,69.54580700060072,69.97019215878862,97.34340225648317,77.39733976487993,92.83022761846735,82.42676172201315,67.74000364193535,67.88885572517987,63.907010961252794,56.11008286143453,90.5520114003263,101.04946615608615,94.37242692439133,80.16458328375937,86.26441039575992,87.04199479647113,87.34612027565719,78.35433875414034,80.24285292184183,79.21097663621697,89.50656941833802,93.34285099153492,92.76454589930115,79.62657384553346,91.51620039605675,91.00307296523273,90.66238825663744,85.60281872144253,91.34106986722051,92.14697106966052,83.34852526547361,81.98477379296575,91.09957612412254,90.03486711008296,77.0785681123207,92.06223364333965,78.59552429373332,83.27864396645325,88.82814178840033,97.87380796231224,85.68588144725248
photo_key,101.8777524579819,104.88289486249695,96.893791390912,102.07670898578795,93.49440345059904,96.75524154376653,95.43107224647244,97.0450615136621,69.63251519245782,96.37697036370024,97.41446247308745,66.7228704748983,95.10191825767454,97.0641598138277,96.23777248686643,90.70091560304917,92.96949251665579,0.0,83.7119089737015,75.42257567688056,97.61598457427611,104.65000652286449,87.69361945733375,106.41293839014337,90.8251111223316,93.13464650904439,57.45421290212383,87.97454583425946,95.69300258473575,92.91277342619769,94.48813292796302,97.91675147496443,73.68659552627024,95.23456417850619,93.50300277390325,67.38369291675643,88.91349298098855,90.56505453745605,88.35157984845388,93.76925724084717,87.35026618408459,46.73765274483933,77.52736213018802,78.87838459971222,65.2187161511068,81.57504970939038,67.19169191859277,98.39813164952781,97.88276257988753,88.85969213515996,64.22494161916072,93.94421197742024,95.70899030633258,96.35165869674823,95.04098334500468,92.82211141766678,87.3076115279347,93.30692677643599,89.2569250632465,68.91529165068707,95.82052193976973,91.05076078510133,94.2747261605941,92.70346203044515,87.49204671141636,48.70550208011436,78.7920024597919,80.07596580266635,92.65453486162018,95.37810848630625,81.94888188950594,98.27850667184944,64.1447194753157,64.24608673447159,62.780414711266715,59.87509161090692,58.38180071436441,59.9787423687097,63.961606916196146,60.09215403889233,57.05101478998971,64.28144899398464,60.415090292596524,59.948484353908995,57.331308318038495,60.564913898610264,62.32609608680849,55.677837626080475,57.55688101028193,65.93947523395454,57.745283805340456,65.36155876045595,63.00777817795229,58.91988993775311,71.17584124048282,63.28345182744923
photo_truck,105.28009183114163,105.25746198461756,91.61452333300312,99.83487170359537,100.77290703638076,102.71218462386037,101.88824317163389,104.07228076129856,88.7450875204311,93.3143912485732,101.00842858591022,86.20408943060644,99.98023604377221,103.73218423133555,106.08311908852906,102.69766044534975,104.09004684987154,83.7119089737015,0.0,79.43558591250422,90.87779874123731,99.14625123362852,90.22073646277293,103.83215480292647,93.22514597737981,97.26729330786448,82.17173500451221,87.40750105466635,101.06348496757246,99.0136546628382,102.43052000267076,101.90523990629097,86.47719875854288,95.24660061380862,101.32922302632761,82.33064617130675,91.62962624449224,97.68683657137066,98.98104736073057,104.12790825949736,97.80399359451523,84.3039596712284,65.64762026914296,77.60482619568234,84.7266083726917,75.91664138551313,83.14813820727223,97.65987968060936,96.40792216726649,99.56345617144336,89.26204187318945,101.77002401341008,97.00365545680202,100.94430361656806,100.12803204770938,102.27156554498292,101.37943393425765,94.91196559259858,97.95764738987683,80.1984959674152,101.40068695064478,98.36770302522149,102.35879031684748,102.73151564700059,100.28634258176115,84.55676913433939,64.02380914314838,78.58883324403617,99.93657230220629,97.86497517008715,89.64781600867862,101.31951891486318,91.76079138678632,90.64551446038246,91.87580766766985,90.69692858479384,85.72942699047542,87.4923997725008,91.71447870886439,86.79884258326723,86.10156442707219,91.48856267201033,89.30749187605201,88.1130863186168,87.88408552056644,91.15729670965541,89.08693970363315,87.41239699449565,90.40885483582952,92.95939634960155,86.45919659553971,93.46670993738896,93.1887572045278,89.9201343287727,94.8902853157418,93.98980857696347
photo_velo,94.34001033879268,99.13970427615224,92.5716666940005,95.19615122796121,86.07954260683114,92.54423150025164,88.57935831673181,92.18945561117307,79.59906471716664,87.24355805079149,98.1402815952341,75.86462618864559,86.7777608523901,91.34003991407911,94.07551816829165,91.81491479034796,92.49044509574985,75.42257567688056,79.43558591250422,0.0,93.51170049101295,98.71741057531297,77.25284878916337,97.06310150906182,80.37478582491579,88.30239933374878,74.65592531611182,82.30579588195677,86.88002537331295,90.92820646687946,94.4198303598864,92.0127655283652,77.308690153126,87.63402013561262,89.75274658406559,69.048646934762,79.91100953155576,84.54225420166539,88.60073813721314,93.29851639678567,83.00191869780865,76.70903958285297,69.20422661947784,57.37266818708225,74.84653074069986,74.7441502382905,72.01251758918536,89.62644531514331,92.4287256647351,88.61701239391637,77.45265946039333,92.47105376431733,86.64738225080166,90.37117726653823,89.78080728973265,91.26986398347962,90.69538500549488,90.433353901218,89.19083363537007,73.91823434277656,91.79358643759122,86.22887616589206,92.05426787847881,91.71877185553939,88.98433461567673,76.84463794087975,78.50075316190961,58.66358807696293,89.01875434879227,91.36307970824687,78.32107978509703,92.2289644224094,78.29197756113591,77.41508984199108,78.2823777804273,79.61458485997412,78.16301258702275,79.44366636457416,78.50774172547416,76.61743072172814,77.14658348657777,81.94227233544721,74.84303067711747,79.47091583332409,77.54728658059906,78.21012969790189,77.01663788232993,76.45633050513439,80.24213848660688,77.26631651589511,77.40880343402192,78.95790175053806,80.03043448828447,79.8879736226321,88.00963876246418,81.40574526369312
photo_road,107.27276347177514,102.57400185860537,78.02750958468133,92.28514928631942,105.04967441359238,107.64885779436295,102.30119311824623,108.25875774340243,95.65884475597655,89.96203428778706,105.54467319504543,95.08040109241149,107.23537517661981,106.98400672544184,111.20972543416627,109.70556451810955,110.98876379201262,97.61598457427611,90.87779874123731,93.51170049101295,0.0,101.2511969381024,94.88183209191912,101.6185197608537,101.09360989913536,104.13326293533308,98.11817841787148,93.46879119327319,107.70862004902068,105.48134258996768,110.8035188731994,108.01193446606406,98.41903901929336,96.88211233036718,109.18604653032595,98.61653632811637,98.1503855435844,106.0707499998112,105.03083272590764,111.85562611749856,105.63637896385544,101.44061232964141,94.90450388790045,91.74179994327098,94.26478756013017,90.42476057746447,99.48510867424837,103.05333110091459,105.18808605218469,109.67927023002595,104.469062524607,111.63116340585172,105.81294652990763,109.00172520376076,108.77411287147523,110.56516507395517,111.67934500480119,100.71385939834533,109.41025280750534,97.51705935538354,110.37318127004994,107.36341876669903,109.71672524238849,109.93388843711301,109.57436922822133,102.43861972680538,99.24993861182303,96.04927982097185,107.29377906947215,107.86037352920027,98.07373191756392,108.33118573080148,106.5921427022878,105.13366910542508,105.93381806921283,104.17901729130583,102.82663145542878,103.31946154212801,106.30753238587555,103.32284939974674,103.01603303578555,104.3021824773438,103.82294411104753,103.12496543714013,103.26925289809076,105.79357235520737,105.080321629716,102.74566215140847,104.86316551720188,106.12971295057314,103.06582367987677,107.02881203951183,108.01318582977562,103.93702382686787,109.28311954013292,108.65141876242257
photo_house,92.96747923195255,86.90283830164732,100.70782861020062,91.26322242537158,100.21462596863874,100.38402324094709,91.69695884317716,97.232731697274,104.80556099174957,100.47796305855783,104.58169664247663,103.75020354825472,98.79287005479219,92.06443454619574,105.53068522248502,104.06863282385964,104.2340933387618,104.65000652286449,99.14625123362852,98.71741057531297,101.2511969381024,0.0,102.6069453246789,94.3973974710086,97.29251684200338,94.24822586988236,105.4878724768563,98.1361878567112,97.83423784199167,98.73533594403537,104.29194994688594,95.89613189355696,103.85477249750863,99.50169323140977,100.36014181332993,104.0316714191606,94.15402380982499,98.23284620551541,99.62937813203189,105.74790794045039,100.30679496864433,108.0151543092848,99.55005317318412,97.80095062410567,103.74203099863985,94.87744241162972,103.87629866019346,94.51328812336168,96.58440284375217,104.00568454012739,109.56109591388606,105.21235266377425,96.08082857038977,102.3244089493707,95.79261010408541,102.0828557908763,103.95363003350063,102.1076613243733,102.04124461961655,104.43400940903582,99.97035417477439,101.8970628362949,104.22026701280772,104.62911499506384,103.7602034404358,107.53774828839006,103.16426924321422,101.55623771155422,95.37167060361111,89.4281920026092,101.45598559269303,99.42892179394374,107.67541813920907,106.15703754164905,107.43628088534845,108.86008723012648,108.36497864758182,109.07333665158427,107.16781670475551,108.10153536315768,107.77796539128377,110.35142662910759,105.78224079405824,109.30502886912859,109.369440675935,107.1464541921247,105.77186532823902,108.4781238407217,109.82779696376149,107.58864343416678,107.88077172453211,108.65022970145509,109.03056351745163,109.67537227553584,116.3143658964999,109.68917088304536
