,photo_face,photo_profil,photo_eyes,photo_face2,photo_walking,photo_standing,photo_hand,photo_legs,photo_bird,photo_butterfly,photo_girafe,photo_fish,photo_cherry,photo_tree,photo_flower,photo_carrot,photo_watch,photo_key,photo_truck,photo_velo,photo_road,photo_house,photo_mountain,photo_windmill,drawing_face,drawing_profil,drawing_eyes,drawing_face2,drawing_walking,drawing_standing,drawing_hand,drawing_legs,drawing_bird,drawing_butterfly,drawing_girafe,drawing_fish,drawing_cherry,drawing_tree,drawing_flower,drawing_carrot,drawing_watch,drawing_key,drawing_truck,drawing_velo,drawing_road,drawing_house,drawing_mountain,drawing_windmill,geo_face,geo_profil,geo_eyes,geo_face2,geo_walking,geo_standing,geo_hand,geo_legs,geo_bird,geo_butterfly,geo_girafe,geo_fish,geo_cherry,geo_tree,geo_flower,geo_carrot,geo_watch,geo_key,geo_truck,geo_velo,geo_road,geo_house,geo_mountain,geo_windmill,word_face,word_profil,word_eyes,word_face2,word_walking,word_standing,word_hand,word_legs,word_bird,word_butterfly,word_girafe,word_fish,word_cherry,word_tree,word_flower,word_carrot,word_watch,word_key,word_truck,word_velo,word_road,word_house,word_mountain,word_windmill
photo_face,0.0,153.04842430672014,175.3352166077077,169.85477332505374,160.81811244866122,168.14431975388294,168.89960265637745,155.3503022966549,181.84203619075902,203.75985405204577,205.32940518503648,179.14936564185174,177.825928247595,171.15697488168203,170.84681556918812,159.81781816268236,168.5755827073322,182.33408078885788,202.74790035450636,183.67894521906098,209.97621722490953,200.84227318121907,181.73699742961034,210.8727026161607,183.9186427224047,209.91043528645974,214.36306273338528,201.19226913487023,200.63263537039228,187.09314978152764,192.67550695117254,182.52624200339562,185.58953444578898,202.814788459074,188.36035294910337,214.5973841165025,193.88804483556993,230.0175861626711,206.53807287513797,176.55448436127872,179.67130270680573,220.59054507554467,201.18684027785682,194.83404144261777,183.14949969376008,201.76959052487396,194.99738556330715,189.00121681283952,203.01600013623627,200.47686295981532,255.36491479523474,225.33697430110294,196.78501514357973,185.5653604385809,191.64673107468914,172.09785355792275,192.07627399509488,198.3054788344372,181.68793628538242,202.75449586755852,196.96622489381608,186.2099694040155,220.86461788132,175.37740990213737,234.99511677361463,214.3540719763221,233.1625476094528,197.17199487868942,186.78346950311658,197.98177817229873,185.57882741466665,212.5961997399296,277.62158402155933,318.0035937693319,307.7410103143514,276.4046020660213,273.8359994497599,279.515110796717,327.4685968768691,287.51360523305107,269.3720322025837,262.63866096919025,265.1293592068414,266.1104908806116,262.50312535895205,332.1846268745483,335.17786389875425,256.6848216008014,299.62458354762936,282.5739318004682,270.5322137036228,301.7083313518524,323.52492018667937,289.43668038624236,278.9999641109405,307.36893643556
photo_profil,153.04842430672014,0.0,186.5469312349152,174.62883168568092,171.07714626693252,178.592203796707,186.71715609043395,178.64253658634573,182.35499377444106,192.14061191103553,196.2875610843457,182.5062289375104,186.52515892279894,187.02970239586952,187.78980360209601,182.05665425384262,182.0561697208473,187.40054500127377,198.9967493564025,188.32677696190046,202.46599487143808,185.81487529091189,182.5585837328536,194.02907387727342,199.5531570548653,222.30325634975858,232.21012086865898,209.34956495054877,220.55802881422937,201.44255955710636,206.58636886010368,189.10383912880332,199.6251793173619,199.94796802984197,201.26803655736512,232.25409021685041,202.79583033212336,257.2901374463834,230.06955527918694,189.89882494872992,197.28159841381367,240.93016118622205,215.27735903556243,206.83370038409169,188.05625316319785,208.84011679374095,209.4288685363827,190.72041854639093,200.83702797663486,219.23882603503068,283.390934945467,247.0734302190592,215.8242025910064,202.3577223005647,205.05608512543085,187.0453598777281,212.39867509911957,209.4845451052199,193.77280907675208,218.9805844009594,203.86904208158583,203.7926852763566,248.2516045706838,189.60085790222098,263.10477703707176,231.692195750159,252.60278753207282,206.37759481994445,188.2324563622955,208.79683683882692,199.3868834875051,229.8281140243134,308.67908503756985,350.689993436297,339.33040910107513,306.662627535558,301.65376331215793,308.6468820965713,360.41812673221773,316.89065063612236,298.19994821018844,291.7217399250501,294.33828505179014,294.1311781559612,290.9157714331235,364.35476702676095,368.0226240630341,284.3703511377963,329.2634797325964,314.5977717520279,298.9228181915697,334.17165352908137,357.6704107180475,318.6626747998772,307.7940783941212,340.0579006951489
photo_eyes,175.3352166077077,186.5469312349152,0.0,175.2292370021795,190.84017527627302,195.19574959795304,198.10817783762224,189.80303816771067,188.39908811193425,202.15493501109393,213.24240858142818,184.55913699932483,196.10684232425206,192.96672897826102,197.77891750550978,185.36283250169387,190.78454178798785,182.02450793351878,189.94700863695687,187.86759898290245,177.95485027384436,209.93439144986817,185.44800534675628,216.6775089090931,197.21169002517564,218.13510629491805,214.27688138743162,204.224113751896,220.4067782560852,205.0822673696773,211.1252312337477,201.89033706401744,194.604106264128,202.59662478185098,207.93820349629937,220.34111699857644,200.03431157431126,248.14356232157226,224.44501933052476,198.0679330039592,199.38928968828316,220.50147724832368,197.5451023879696,197.35200868875577,185.54360259432974,188.2915722478003,200.47710350693322,201.2525872071331,205.92149864664208,213.83651386669538,258.4804570831875,237.89688912069855,213.85849493582958,205.41555915642164,208.05844592098182,197.12765894199902,208.65604626849156,201.17185625867495,196.54362908854273,204.03983495852685,210.84652052046354,203.16598852346496,236.35717867692796,195.17793565249792,247.84766537278173,213.99091728968952,225.6637284349407,197.41352755850244,202.504657735871,206.05146498600223,193.23783330466725,226.1343593024131,284.86774610412874,324.2691376466428,316.10260972116345,281.7608042154426,274.2410703032283,281.1639086400834,334.1035753749576,290.43009406917685,271.19792049183656,265.36327455723153,271.1265922942911,267.7637699008347,265.0254975780242,338.641416882732,340.91714658961524,260.0514747499544,303.02420465841055,290.1297826878709,272.4321275832915,309.67888242216657,330.1442497696952,292.24678386471817,281.16732418721534,313.5746911490091
photo_face2,169.85477332505374,174.62883168568092,175.2292370021795,0.0,183.2037623616717,194.82565292304952,200.36257855881595,196.05533507851672,188.30734516105503,190.13618108005957,200.4868150356969,188.81100582280126,196.43005254516416,203.85437919216966,201.60398580661814,193.38500833529585,200.1411142355131,194.82916846766167,197.3945800763187,198.57382716828286,191.86691641459245,193.39977063021908,195.20113177477478,202.44900804565944,215.44021284410434,246.63487042219518,254.1165372660914,225.01722033977418,246.11822379163746,221.31622572208616,228.19812602028065,206.97424700859807,218.8001966512281,212.01862479088598,224.32653179215475,254.60532032243066,218.90883072267778,283.20339488210215,254.87023493225738,207.56500279209865,216.62087532603448,262.1052343263461,231.88223372884602,221.310856144608,200.88118291490858,222.89281513716674,227.48251245930174,206.24443598814722,213.61175987152515,239.57999273390297,306.102323771269,269.45219698002063,236.2751324069538,220.66327528580112,223.6547820789767,202.5006794707173,233.1045836440786,226.00492020753597,212.127644936897,237.77337722123718,221.6840972301588,221.8635755213566,271.71808362378044,203.97934552066909,287.33888127914037,251.27673414419152,269.7263020026172,220.96954868483297,198.7094815708803,226.80858475029333,213.78434122050453,253.5685940842737,331.71089285787053,373.36678229868807,363.86846928361524,329.6586418866949,323.0785924816779,330.6594679751106,383.9908864316573,340.026996417865,320.1738401321792,312.89739556191375,317.3618929269812,315.4186161382523,313.06186635972364,388.5323153955657,390.6373647083804,306.6694222501403,352.8032732800811,337.7755251613007,320.5085601508418,357.86037218202966,380.4866175744358,341.5271951100603,329.5363113378735,362.7999668211875
photo_walking,160.81811244866122,171.07714626693252,190.84017527627302,183.2037623616717,0.0,142.91429669946172,172.70857063619698,145.48725741104252,163.91674246954847,182.60455497988062,182.11221564882408,166.49529895871936,161.79414896874545,171.39632956847018,161.54615297873448,150.96391042375123,158.2122660192984,171.97532028807382,187.49412865138504,165.6806396736634,196.51573063800086,188.66687457247303,160.73866693209504,189.4374751260992,181.38972170412902,214.93718019353113,217.92579266204947,199.13447679954368,193.76829938365185,179.41106429793615,189.22499581517772,171.29727622800024,183.495773183688,186.88467649956664,177.57684015308786,217.16658891250268,188.66342103280107,239.65115721786617,213.6844069049798,161.61755497737278,174.56794182119705,227.93256600058098,200.5369785546689,189.45562573132923,168.52575413403326,200.45883119653672,189.19123295576355,174.44745313741254,191.08688908710485,197.9208339718628,270.9473372260359,231.00544320807992,190.13608882455156,177.92970343589758,186.92235372356956,158.35455825931567,187.65846398966158,196.77947272070875,170.70184484836946,204.55005999851195,179.5515720301394,178.39329673102918,229.75102266018112,163.5746549355729,243.78310699103886,217.72768056840277,241.4094182944382,189.1927045936769,166.28431868451312,195.79425476856292,180.76348345608616,215.66277601976427,293.74832328961435,337.32579353473795,326.16259896008904,294.20468184040146,288.8629121927682,295.91437356368886,347.67694530696235,304.08852822940685,284.94970426910686,278.5593431881629,280.5996083105435,280.49197304866414,277.3226480146063,352.3058271312333,356.09853629068954,270.68979592358687,317.8401791865744,299.56241084496804,285.55591312118327,320.1170632819147,345.0407494882374,306.2989466164399,295.6791865189325,326.7970213027464
photo_standing,168.14431975388294,178.592203796707,195.19574959795304,194.82565292304952,142.91429669946172,0.0,168.55608771648832,134.1995832365691,171.7394045206841,192.29401301687244,180.6896755208098,170.6388797684057,172.90918603854126,169.210972612376,151.84249521105366,147.5430374396097,148.77163932506335,173.39687772251398,190.90753487212183,170.4600822144105,199.3090115692653,193.41372447109083,167.5440500281928,189.01728165958838,179.97319622103046,209.50224731523343,215.24287277402829,195.49601126804478,194.0161582573467,164.12310530151856,178.35615093142968,165.44643468761134,180.62963611821178,184.67468088183597,165.37692226563348,211.39589105469196,183.9454847280153,229.24625830438814,199.30733163955446,151.84993415693194,163.2996144920865,223.14493310962183,199.2951779397932,189.95107505339334,165.45310278003694,197.38012072007186,186.08942389322854,168.33523587681987,191.053836751264,185.45985493511117,264.76490101814085,217.89114188173886,186.63322188081912,168.4171247296115,180.39635638526426,152.57694251594688,176.02481940538246,192.54676334764912,164.1206532398179,202.2170466259511,180.8050668586394,173.70851642819102,213.04303880578766,152.89285688247878,231.31935389253127,213.9393029646641,235.88640596030982,189.64800874820804,166.64577696277948,192.41552123766337,177.40436353248947,206.76605427676859,282.5042318106797,326.00268539744906,314.9962966715435,284.92735096527923,279.2078440880309,285.60764940754876,336.33530948069716,293.60937444708986,275.43983489294715,268.5986793464508,270.71980658671333,270.5162868008724,268.6504468937784,341.1943338353593,344.70228716889477,261.82043339265033,306.7676727012729,289.5517706235394,276.2757981563799,309.7182364197206,334.36917866211445,295.6799650561269,285.33331011600444,315.94537175896505
photo_hand,168.89960265637745,186.71715609043395,198.10817783762224,200.36257855881595,172.70857063619698,168.55608771648832,0.0,157.32906043231108,186.288158317437,211.47434159638865,208.8991700833756,179.34268214694004,183.7644290757839,176.28493466412453,174.9031694852952,165.47045570375906,176.7299868202375,185.13328493188757,209.17757700150523,188.8881617944484,217.34182004675944,214.51128167518092,183.3064407180298,216.17090616566477,190.82018191148615,207.85131852099514,212.03505669423416,198.59983334189596,200.2075537215209,189.24131255710128,186.71596102044103,183.1613024004992,188.96041658114862,202.34120992360613,186.77506358005476,212.9357161068666,192.7705623236838,229.72718024101212,204.3072757861928,180.87703624780974,182.55786317439188,221.555623458745,201.62747890113394,199.72612545216495,184.08823456003992,207.0490565271815,195.678861086599,191.99095959913276,210.61606700462,204.35712543252922,255.43376734891407,227.69525251318882,201.7509709720058,191.6603591573386,189.14653878141974,176.50821452489603,193.06525007214978,201.23761849397363,186.1198501284311,205.97080625016375,199.52118863899392,191.34373576217843,222.35207546001794,179.31574002261837,236.25734793078055,216.15450352967116,235.14454986906097,201.27132989059902,190.69743595870221,207.43312024289716,191.82896025808336,217.96833804260632,275.38273636389715,315.2315343649218,305.9819374547666,274.9588008439611,271.2860838644364,277.0489473752478,324.1821853813242,284.713173391064,267.36364442067685,260.8475451215751,262.54403119530474,264.01971602741327,261.0226261795317,328.91345595920995,332.40886166986286,254.73870762668545,296.6245056642798,281.80078037523765,267.9606407727664,300.24453770106385,321.0958167539877,286.4638794768171,276.9167606495009,303.64311886449184
photo_legs,155.3503022966549,178.64253658634573,189.80303816771067,196.05533507851672,145.48725741104252,134.1995832365691,157.32906043231108,0.0,170.22256108935656,193.85971839833215,190.7558953964487,166.9807607141647,163.81470555722575,156.47449316191984,150.02039379103942,131.8848466788252,146.01763769336335,174.46606070526036,195.38411860642924,169.55453301714266,204.20581525256415,197.1860440960399,164.42222369142667,196.27348238896192,166.7510105259864,192.5285005912651,199.40472724356312,185.41652894820265,174.92882823072583,161.72144347632073,169.0513939559085,158.79002995185277,168.92325280816388,183.78738261481905,162.94368726590676,197.98523709356408,174.784178485893,209.33302068162865,186.486487438075,148.11092851347897,152.4471128038807,206.70261804877262,186.8215345189928,181.32138867201044,165.5170441998912,190.44767429822653,178.26254316743766,169.05427175285706,188.50033790769345,174.61042937042532,243.74678563582648,206.94117030487647,174.07537416233694,158.40487192380746,172.51941997799256,143.60686018102476,163.98376365598938,181.1304333048796,161.69492889456018,188.60351991318865,170.87942847510172,163.3193019297807,198.5800804929325,149.31205885014384,213.99433140361847,200.2032575470745,221.1368292446702,181.93931061934725,168.01570082715457,183.65591884816055,168.8331095122139,194.40327755340945,262.0077374737122,303.95946864857405,294.1141517344321,261.7831360788158,258.73665736958367,264.0241550181243,313.3406444130447,272.6007420855187,254.40781303943047,247.11379109878402,250.2547577498342,250.9278729380979,247.55958536338602,318.54313799728396,322.3567267240212,241.2977152474456,285.532215748832,268.40064382044966,255.35810626810564,287.64944426414775,310.12472294527277,274.93304022000825,263.67183692302206,292.2581376773688
photo_bird,181.84203619075902,182.35499377444106,188.39908811193425,188.30734516105503,163.91674246954847,171.7394045206841,186.288158317437,170.22256108935656,0.0,173.68250698359296,165.02777277543092,143.2563218526282,173.89314878818175,177.7893651280804,174.61596480724592,162.29473716761598,163.17453601987842,151.1701467800827,175.99954237734497,159.1815821248933,189.25557330362184,195.70638848454644,159.47536891581427,195.44613668367822,184.7399306041364,216.91596583038017,205.73586169464627,192.5770071487155,212.5866122801437,186.28776219366887,196.34647823774736,183.81057742848225,168.65391449461495,187.31225763571697,192.31941616659992,209.01333972974524,188.6387576119999,244.635202653865,216.1918327307214,172.88869921088713,180.80015399796926,214.4323007336369,195.36633819084096,185.50907183287026,156.98563863035517,193.25706495048883,184.43086633906174,186.7409640626606,190.48785187230675,204.97865703113118,263.39171738323324,234.71888249420223,202.47881216374452,189.115818329382,197.899861391686,174.21714731805403,198.46869130481977,197.51547572215844,181.05626784625161,193.48449044735943,196.23519753145845,190.42167746478162,235.55855387026418,173.01679667970998,247.8429329440156,204.58030712833968,234.1208993665102,182.0653755058123,180.10464471533288,200.6182780993047,180.99821127305898,223.63839444979126,291.1423459583798,334.6161490490636,322.4440750235994,287.9303297131068,282.5354719073673,289.79290929947706,344.80093406013907,299.00868615591986,279.3651505677391,271.6603776411554,275.2855125258412,274.6926421845634,271.6057312715193,348.8105280813878,353.07596094546426,264.0722871942207,312.36253649181515,297.0975807439265,279.2089608132462,317.56260126137016,341.9279492526962,300.5227992527928,289.7935730946877,322.6719861769276
photo_butterfly,203.75985405204577,192.14061191103553,202.15493501109393,190.13618108005957,182.60455497988062,192.29401301687244,211.47434159638865,193.85971839833215,173.68250698359296,0.0,189.54657703660854,177.19022011111247,185.1790417485083,206.1571055948226,199.14749006280366,191.68938584667382,191.1714669867781,192.88460235380123,185.428882412054,179.15724507728336,188.60759735803424,194.1131162069978,181.0430830596964,182.12651173613312,213.85376916470025,244.08233397392206,245.74671410026116,216.70187347567833,241.68282425398857,210.6773513526948,224.1208817932571,205.25083131104816,210.28337651557942,187.21239651155236,222.40547887094002,246.8154472685335,207.7987133792416,282.3882194794253,251.62758619910488,198.360390946985,210.85138007731413,256.0562865969044,221.15803158687322,207.32499456882354,187.10226681628646,214.96094362555914,220.04464838918355,189.74726858824383,203.02777375128284,237.79385250066028,305.3863668121987,269.57283127336416,227.95738807406005,210.94182420120478,218.79590117071757,195.86585594724036,229.08933612866295,211.89915390059875,206.32061502314212,228.51028013577047,214.02165590654732,213.86323805773222,267.67562918610014,195.1378830525007,285.3427062200442,245.2046576134874,266.55224583177966,207.38859266867397,191.3438693409608,224.65118510355876,203.81149596233215,245.74600377895396,335.13365423974096,378.5027704449195,367.0694611326253,330.6786066430469,325.07093708487946,333.42128931446103,388.91027382108444,342.06107749622015,321.7134504360812,315.4829029664424,318.8260869296895,317.82416874373496,313.65204251685816,392.4870684887402,396.7005259364274,306.55094866613695,355.63568218314,341.0748151147887,322.5674840368725,361.46302422326187,385.5333626745399,344.3968947494936,332.05225036024837,366.9626952924189
photo_girafe,205.32940518503648,196.2875610843457,213.24240858142818,200.4868150356969,182.11221564882408,180.6896755208098,208.8991700833756,190.7558953964487,165.02777277543092,189.54657703660854,0.0,179.55277389500472,195.89859517288244,207.2798114642355,191.0708997384262,186.4918756894837,190.40304855202828,189.1489306297348,194.17535967578857,187.75472571591092,204.31929826026163,200.76803946856316,186.3512934775887,193.4427624439081,216.006890364222,249.07450133104692,251.33815045591865,224.36340811120144,242.7133678511562,210.60197934866503,220.9877381627468,202.46239979997642,216.07061220602654,204.58337097759707,210.60219921248645,252.02942498259728,215.5095623086435,281.0326840469156,251.33644468459656,196.85869119293903,210.33003183432027,259.3878726729215,229.6084282720966,216.75295371415285,191.1715381617472,226.01873215248983,224.05402257038978,200.1218751279256,205.783359457693,236.26602335832456,308.63574052023233,266.9724441359006,233.8065939570773,211.69753383868303,224.43477457984832,195.30948868553804,233.69360538040186,227.41076274653605,199.46267624256998,236.02180247515676,218.32486192712187,217.68369588552181,268.25039807875174,194.8322942841844,286.60081242147044,247.62068025626382,272.0399913646798,213.9029609592716,190.8271334242825,226.79260084215994,208.95079170612257,252.63557365705182,336.825366743817,379.87165701188377,368.4243295498721,333.73792993546624,327.33761507966847,335.55932054411386,390.54648404430105,344.56811976745433,324.7833296446435,316.6773545693085,321.3038977122373,319.30590544197247,316.3127477472968,394.63712138885137,398.2787001064082,309.3969626041066,357.9882098879244,342.6461273270391,324.4738106994734,362.99726158332095,387.83869371477215,346.1311022070936,334.14898881033076,369.4495059391017
photo_fish,179.14936564185174,182.5062289375104,184.55913699932483,188.81100582280126,166.49529895871936,170.6388797684057,179.34268214694004,166.9807607141647,143.2563218526282,177.19022011111247,179.55277389500472,0.0,172.77418567297332,180.69036780907314,174.54436202224244,158.6757042675799,165.4810789391631,144.93174276863076,168.95965372458986,157.52284836691413,188.1611056079745,193.1328992540495,159.07583288146253,194.1660806048535,190.5695890143544,219.11092647422365,207.40219493389262,198.81398570526457,216.73771373163424,189.83463367119282,200.68715210077139,188.52862230759848,179.9383441796843,190.64573499987634,197.3364704790963,207.29716910802475,188.68157847900451,249.65538551821126,221.00265597445576,176.89660733711733,184.84780907077558,215.8130465950173,189.65365002237667,185.93811162165218,155.17630356955522,193.829429407451,183.31043718333635,188.79844914723577,197.40378853512144,208.80524938100547,264.83365586766564,242.23922918584364,208.64449162630788,193.58359858085754,202.71315544533917,179.077991019973,201.11954033194698,200.49441687927407,185.67544429809072,192.37047281011684,198.96300088908188,192.47971576301813,239.04065162557734,178.81832932772488,252.63922689510537,208.63440041795317,236.12290170484957,185.74208812721474,182.1411731713374,205.05861327295239,181.7236054024485,228.18202094169038,293.18403388006465,336.7614613684392,326.2690380966048,290.06415229689355,283.8384225274232,291.366067411524,347.02240782437144,300.2590375543486,280.0913620524573,273.20831389662703,276.80563801398625,275.943196412964,272.4035949306247,351.1971513680645,354.84548784506376,265.14237550602485,314.2778921999672,300.1183089809067,280.5401897473244,321.1586264182233,343.5876356349286,302.76641484183745,291.05161558608245,324.5273478146834
photo_cherry,177.825928247595,186.52515892279894,196.10684232425206,196.43005254516416,161.79414896874545,172.90918603854126,183.7644290757839,163.81470555722575,173.89314878818175,185.1790417485083,195.89859517288244,172.77418567297332,0.0,170.69160888757622,177.38988960387397,163.28545109526138,164.10934701343078,174.7248442249403,189.62633030173632,166.02312468197988,201.01487938754144,198.36505753355814,171.22145515875212,196.53965045272926,183.15928037146313,210.73120648495345,215.15266600843518,201.48523683497973,198.48023551490792,186.13390048749037,191.36260566285384,173.95221274897102,188.36384823899658,187.08653401257698,185.34124167578148,213.34803783586304,182.80117063248977,237.6988933628854,214.76909111201536,171.86288992900032,175.7859666713847,221.0707079307093,195.26985959026825,186.11412582631596,173.25196362258413,194.9791864035353,191.16010231161138,181.17923909154263,192.05333281071304,200.76588176437147,262.8077095184404,231.57542802052686,197.9373937695343,183.10667720267836,190.53708422750884,164.2215184534558,189.36503886185804,189.0669105229452,175.24917046920817,199.1343981830596,179.7612666443518,185.1040560547938,227.28352400946278,172.2904908225153,239.88100296103502,211.1517532569414,233.76554706927053,181.57216226890046,169.9053107102988,194.81829011130841,181.85632228849082,216.49128922287645,289.0266482523615,330.94666103540044,320.90816464067274,287.1448548110445,281.7738867312295,288.7838427508382,340.3849875115539,297.44841974939914,277.7087043868117,272.26576832671316,274.61748534766764,274.7696331812222,270.6517969169862,345.1699734756911,348.84668750092453,264.70466344254766,310.93035009689015,294.235588372049,278.5716865956175,314.00292224684586,337.6483038376484,299.8126393296302,288.3719900950084,319.763123981519
photo_tree,171.15697488168203,187.02970239586952,192.96672897826102,203.85437919216966,171.39632956847018,169.210972612376,176.28493466412453,156.47449316191984,177.7893651280804,206.1571055948226,207.2798114642355,180.69036780907314,170.69160888757622,0.0,170.19135325597458,157.32623379546607,147.13633224413545,174.44033020539527,197.77646085018335,171.32489369774657,205.5857597055369,198.83858153702613,161.51446955805807,204.34753709811048,161.94335423237612,183.52318663982783,186.49473179001228,177.66723032120004,166.67271370996062,164.921275085741,170.34822378286228,162.1434110852793,164.87495106308373,185.9960354904695,159.3106684252549,181.69667305084215,168.07295357330725,191.18926495842808,177.4133189475418,157.48017981458798,151.96844506708425,191.988533277151,174.02183207656532,170.85235592092266,169.01600518194624,175.0942801700273,164.40493872731685,172.0233000150346,189.84207429115665,168.43478524845762,225.3480494663937,193.38346852908958,165.23771168702135,165.3645624133937,163.51279632410504,155.18064489512975,161.5520541697576,175.01793045903622,159.20091719663665,176.76323439807197,169.92441628642,159.06228843208592,189.5421023105643,156.98666534857125,197.38233417311812,186.757394982898,201.3307565057759,174.04567826540378,173.1963244260609,168.68349549787723,167.26526146960106,178.52779082360692,240.0969251811183,280.4463318142614,270.8193670430727,243.9734138437116,238.5405047450242,243.17910038378918,289.632867706729,250.93800789509856,234.78539822172252,228.36083776978583,229.19503445359078,229.67361446563658,228.7005690577308,295.3597094569946,297.9615370462942,222.17563150415452,263.52530187503277,247.78054955745608,234.33861866490275,266.0553855321093,289.1053658708151,252.7019874631783,245.02684845300922,271.52075017853485
photo_flower,170.84681556918812,187.78980360209601,197.77891750550978,201.60398580661814,161.54615297873448,151.84249521105366,174.9031694852952,150.02039379103942,174.61596480724592,199.14749006280366,191.0708997384262,174.54436202224244,177.38988960387397,170.19135325597458,0.0,138.11768576903788,150.59679930955133,175.35791452023344,195.69722421902003,176.8459169442024,204.20570055330728,201.5039417129224,173.1832715162758,201.78837664600485,179.70441163539365,209.68938740692204,212.45538378903345,195.57214374299835,196.72012147259403,169.24449801238242,179.30924976368212,173.63307829573864,178.51270585292863,191.10179942226202,172.2499001093534,210.49519497827586,186.71708179284963,225.31960601358244,196.73197555215424,147.54105227824184,163.99526917560232,219.7659658975726,197.99201401600848,190.8667232638971,169.1895354351261,199.43125721656648,185.6511578453217,182.49005218484214,194.20046976969135,183.53638455474385,261.13961332567743,216.97846115807232,191.4743012174159,171.777973871411,184.1092970692564,156.87837027192387,177.59007782205308,194.9657002182425,167.7937477001363,199.623093969518,184.42087940835046,174.02093848597275,207.06428911051015,148.25370381429636,228.32778572187866,211.96164973481217,233.07178802325927,191.7084098093127,171.62712126186585,194.93268701144513,179.6246763204789,210.1412881504091,278.07170065247806,319.8921469984682,310.1945583463128,278.3869723760386,273.38736852563477,279.5766084251031,329.9528506811286,288.2779329246639,269.9068540858468,262.4644087371482,265.70219947173365,265.4918494146227,263.12605389412596,335.1146670892523,338.4176027523481,256.6505072221554,300.9573626530492,284.3751372775829,270.6258615473758,304.1715575985786,327.2986245217959,290.06889507305345,278.5232717688636,309.1614940782026
photo_carrot,159.81781816268236,182.05665425384262,185.36283250169387,193.38500833529585,150.96391042375123,147.5430374396097,165.47045570375906,131.8848466788252,162.29473716761598,191.68938584667382,186.4918756894837,158.6757042675799,163.28545109526138,157.32623379546607,138.11768576903788,0.0,134.09393408467778,164.02511621211147,189.3085918219357,165.00112137827938,196.06316926055626,197.66860356085286,163.4397656764373,196.79919764991368,171.41017487084747,204.38119266923533,203.70549845162256,190.6880638759783,189.90785382640246,158.58104087180857,175.0508223792577,171.6780264111806,175.43542257075347,187.13963274045824,171.29940876272948,202.98733210402673,180.96798901326702,219.4269541316171,189.4590146775418,130.14685374319507,154.39048763976533,207.52276926251116,188.89068630840163,183.12490356001658,159.0132918066012,190.255699328702,177.69145592569063,178.74363127455476,186.28484558186054,174.4867559828851,248.9610610556108,210.25705771789336,181.3480350361531,159.36620463297118,179.99894079120753,148.53779550844084,164.89237676256582,187.12198068776985,161.7325211315205,190.1562000309952,173.67493263472835,160.3211684449665,197.6012209476759,129.01312405954403,214.1721406399531,199.00904836629815,222.50972837674414,182.02088285406018,163.1436796950778,185.34326671765265,168.2699842198305,205.21718581118714,268.21458665406385,311.41421586641934,302.0705931037017,269.0182094209571,264.29946142881255,269.9367725115931,321.5695669075707,279.4577812633204,260.7321436864955,252.40149762913455,256.3894886374617,255.93110924163875,253.1761365213601,327.4979212045385,329.95373710833945,246.85070344903733,292.9786357167876,275.36727648746836,261.2073414142204,295.07978287876864,317.8429159082267,281.8573781571543,270.23604025110814,299.35152029753993
photo_watch,168.5755827073322,182.0561697208473,190.78454178798785,200.1411142355131,158.2122660192984,148.77163932506335,176.7299868202375,146.01763769336335,163.17453601987842,191.1714669867781,190.40304855202828,165.4810789391631,164.10934701343078,147.13633224413545,150.59679930955133,134.09393408467778,0.0,164.15527034292302,184.70700884039508,155.06002539810862,194.02673635628062,191.47348565104346,154.6209493700107,190.5335622612249,153.53169049535592,189.17183324497668,187.71538448621044,174.8723277414237,169.972592088441,139.9104964018776,161.80741300767403,158.93886525600942,159.62294821649445,176.57905137506307,150.28308372436967,182.04745661319518,162.1544841336921,197.58472021713422,172.507084279509,126.18545746557646,135.7143102516975,194.54177260489558,172.2045449107039,164.68390865503062,149.89464958337902,169.35733652498953,158.38702510210052,158.8685604383571,174.97789698357408,153.79263413582225,235.790250840553,192.06693368154674,156.98310604979721,148.48504183486935,153.3235359534611,137.46787383657738,149.05660821051296,173.00169088534045,145.06297384146563,172.0717677029057,157.5115524191291,147.15980821417583,181.24214232846393,129.63491102859825,191.20267540786443,184.61125395220242,206.6042466511115,164.76111050614628,158.03142356808254,162.4111605622377,159.23872001332327,177.49216083385343,253.41974733410473,297.7441631508914,286.5089492092868,257.239328551328,251.6063630570181,257.3537624189878,307.82163860350715,266.17284643386387,247.96963809248362,240.44892779608676,242.8033128419212,242.62216229923925,240.93621247607985,313.7782201601269,316.4528265689708,233.92009241582275,279.1626864436951,260.6216147641309,248.31342370884502,280.9950790638358,306.6298120171501,267.5812001543965,259.0430521998874,288.4172051927571
photo_key,182.33408078885788,187.40054500127377,182.02450793351878,194.82916846766167,171.97532028807382,173.39687772251398,185.13328493188757,174.46606070526036,151.1701467800827,192.88460235380123,189.1489306297348,144.93174276863076,174.7248442249403,174.44033020539527,175.35791452023344,164.02511621211147,164.15527034292302,0.0,167.05235085205874,152.10284830336082,192.46071257897228,198.13635275845942,164.132706968226,203.84390965101926,180.57464061439592,203.2183595309924,188.09245845666283,190.47882605055673,203.99506426576485,181.26835625987,188.51946886461744,179.85272130586165,165.1939739382736,183.6719304759847,182.80245972919863,186.4655786451864,175.51118457746483,231.9319971363542,203.20574065205668,169.60894616136096,174.31369560391602,174.98736725964153,176.0210260625698,171.61251848373098,145.52794856029118,181.53808203347734,163.59597748173158,181.96008067701973,193.95577860303703,195.1193431015887,240.09740017958583,221.87751686045019,196.48961779842975,186.87240036912905,190.10507341691667,171.5623242075564,182.54853808412437,187.10282873927744,174.32457496896933,173.10993947945838,184.55086545541576,183.37458439290484,220.78900088312898,171.18442682140892,233.5459858376639,170.70603413775123,211.22013451476656,167.0101605186453,179.49129631596753,192.4254447377752,170.10580245265137,212.1815272714424,265.9430604203704,308.17830545869947,298.3063443048151,263.6919609371906,253.56452503998938,261.556373905213,319.26980243631573,271.7133735131256,251.37524803484186,245.3282634998306,247.80655490837117,246.3764904756976,243.59426069280127,322.96492820876335,326.5965249738447,236.15328956074302,284.141662840155,273.47109565366037,251.15012651217876,294.10992530504467,316.09525917697056,273.7480350628066,263.5614013640245,297.020140353977
photo_truck,202.74790035450636,198.9967493564025,189.94700863695687,197.3945800763187,187.49412865138504,190.90753487212183,209.17757700150523,195.38411860642924,175.99954237734497,185.428882412054,194.17535967578857,168.95965372458986,189.62633030173632,197.77646085018335,195.69722421902003,189.3085918219357,184.70700884039508,167.05235085205874,0.0,167.68434252091325,189.948066263405,193.28575502640618,175.87593895560485,196.08740312794978,200.60964220355,230.04464544604963,227.01074801299944,209.3707631659474,232.30335741997135,203.5596242516185,214.66038586770227,199.98222261162684,195.73167333876927,194.59224074683308,211.11653757716024,226.55195257417702,198.78633336191697,264.6836875949214,237.26281673117674,191.53585265961027,201.2030985739234,231.89300611294618,181.5953329378214,186.8605470954932,176.17014842433275,193.60822961158402,198.69758477039645,192.06019147147822,198.71502695203526,221.4762606845504,285.4334128544215,251.80656105276637,220.73933022722733,206.58571075223747,211.27245655212488,193.5884576045752,213.5703480893734,205.67632859819446,193.9700772494184,207.34085182461902,206.1869433497369,204.9355399554572,252.55451055023732,191.70530436570542,266.9042525832954,222.24590532512912,231.8115238241541,187.42902233437323,191.3399654379807,212.56243157399416,192.28155072038933,238.23603439480175,310.12619019936324,353.3700923743071,343.8933818026984,308.0967887031335,299.18390790207826,307.79143551984265,363.61640964406547,317.13912615726156,296.5751421749868,290.6629951229111,296.36046028669733,292.56508042527344,290.4921410313062,367.5238720998288,370.3883447415487,283.5716292672905,330.1833056158633,317.4133139784596,297.9576559363725,338.0947743551847,360.50653040384765,318.9619487566975,305.91713491917506,342.48420625419163
photo_velo,183.67894521906098,188.32677696190046,187.86759898290245,198.57382716828286,165.6806396736634,170.4600822144105,188.8881617944484,169.55453301714266,159.1815821248933,179.15724507728336,187.75472571591092,157.52284836691413,166.02312468197988,171.32489369774657,176.8459169442024,165.00112137827938,155.06002539810862,152.10284830336082,167.68434252091325,0.0,187.42952564738292,197.07406421390453,155.15467740891413,189.9562036670848,166.02080576976695,196.17527012409641,189.42724862441935,178.04016846380748,193.38527170460569,170.1702045836369,180.57031740935813,172.22921994267088,166.49490392825575,170.4817323548952,178.8897460725076,185.5328069444468,157.9373090284906,227.13069678278407,199.21001148979633,162.05632711448416,163.96092172607212,194.57730173315232,162.59920262653844,134.73604122053953,144.79961329263762,166.2975818166658,161.49609986477202,166.029991506531,166.024915450197,184.36141018900702,243.85628292207292,212.31247648597815,180.71288518640387,170.33638790723734,174.95627898791574,162.5619752735943,179.3101506743861,173.86098229013194,163.34938891180894,170.73328286890452,168.59259190398598,171.71440073524676,214.0610767048586,158.15693107732886,228.1891150817036,183.87652333798977,206.30060429018675,134.95722743986323,164.31972240061705,177.8626068605355,157.0836565684551,198.74263824598884,274.3012361948849,318.75558986679147,307.52355137676113,272.7134025914125,265.8280703948847,274.0809920264275,329.51202823399456,282.82970612231117,262.6850370402849,256.78189029770175,259.24106291262734,258.18321770454384,254.4277525970286,333.24199401201685,336.689739835207,247.6163486652902,296.7099170711101,281.0438591486947,262.67766959226805,301.28629991752246,326.3648026268601,285.0472767757756,274.81670865855705,308.0256082341423
photo_road,209.97621722490953,202.46599487143808,177.95485027384436,191.86691641459245,196.51573063800086,199.3090115692653,217.34182004675944,204.20581525256415,189.25557330362184,188.60759735803424,204.31929826026163,188.1611056079745,201.01487938754144,205.5857597055369,204.20570055330728,196.06316926055626,194.02673635628062,192.46071257897228,189.948066263405,187.42952564738292,0.0,206.702568317696,187.2697820177378,201.58846307542063,212.56786483194273,244.05631336454988,240.26271024231733,220.08248661026366,241.19821183337228,212.24172099285275,221.91789690875555,208.39715585824834,213.22554051426457,205.98555620946027,218.8259285416715,242.06699869636023,211.1231690047292,274.6161843110644,245.84534201645255,199.27277152507895,210.01843190077685,248.41207415789663,220.61477536086713,210.57965363522186,187.05220271326334,205.43383813585623,211.7448705274202,206.108814085791,201.70852754610286,226.6127124450811,293.35032743668387,255.70383626456572,230.46386336776598,214.84867891304415,219.57250236310554,200.66403682134109,223.84160591900766,219.13622699119412,206.76535866200012,222.14262757357326,216.2696130623835,216.07635866376063,260.38625062065324,195.1499176512414,273.7010836097841,234.5062803130797,252.39941899388825,207.9120215070377,195.16937995409617,215.05542807839439,205.62905532555706,246.55795332729727,318.9613737485909,360.3761616576047,351.50718524254114,318.8873007143462,306.8000879620753,314.4935233400177,371.95371347577174,325.073734761558,305.1827626635557,298.9621657877771,304.9883940498399,299.08059483054456,298.76736115424444,376.94968763700626,378.06223957931593,292.7318454918412,339.3830382586421,325.6463480388771,304.78754647481287,345.76328729239674,369.7323750890454,326.96584742603903,316.4365575177105,350.42379134036497
