,square,rectangle,parallelogram,losange,isoTrapezoid,kite,rightKite,rustedHinge,hinge,trapezoid,random
square,12.120987723785783,16.991873443792787,28.045378696908884,30.473698254379133,31.969406093585764,33.07068065322837,33.28665176027328,36.49290658345745,35.25235304882513,30.50900340745133,35.12512505657912
rectangle,16.99187344379279,12.803057654324418,27.685109862111347,30.711121706142308,32.90479256271906,33.332655217336935,33.930868728943906,36.298289307195596,34.70627160231758,30.613218414927196,35.392944285148864
parallelogram,28.045378696908884,27.685109862111347,19.98741725810672,24.56299214843294,33.37583059162182,32.54166368883134,33.889172228523925,37.2979365182068,35.604304369968766,28.230884098693927,32.750278052901876
losange,30.473698254379133,30.711121706142315,24.56299214843294,22.821386940448882,34.095770389767644,33.598657887181055,34.69802724715617,37.74906375803128,36.344741193195894,29.188798137108954,32.33464501102514
isoTrapezoid,31.969406093585764,32.90479256271907,33.37583059162181,34.095770389767644,15.821584901511464,25.222502925495355,24.77419995367187,33.527042716858325,32.325709714535385,25.900052207693765,28.29457971741186
kite,33.07068065322837,33.332655217336935,32.54166368883134,33.598657887181055,25.222502925495355,17.05514055818316,20.503244306400823,29.796723611627172,27.192861739231976,26.85028247273453,25.968712136948668
rightKite,33.28665176027328,33.930868728943906,33.889172228523925,34.69802724715617,24.77419995367187,20.503244306400823,17.17317642168387,28.281967777753053,26.401724966579906,27.901705084989377,26.736313985034467
rustedHinge,36.49290658345745,36.298289307195596,37.29793651820681,37.74906375803128,33.52704271685832,29.796723611627172,28.281967777753053,21.496011746309485,24.09491209454036,33.609045252845306,31.375879163879418
hinge,35.25235304882513,34.70627160231757,35.604304369968766,36.344741193195894,32.325709714535385,27.192861739231972,26.401724966579906,24.09491209454036,20.787348773699197,32.2135034782467,29.82232589014954
trapezoid,30.50900340745134,30.613218414927196,28.230884098693927,29.188798137108954,25.900052207693765,26.85028247273453,27.901705084989384,33.609045252845306,32.2135034782467,19.187149909345283,24.811590365711243
random,35.12512505657912,35.39294428514886,32.750278052901876,32.334645011025145,28.29457971741186,25.96871213694867,26.736313985034467,31.375879163879418,29.82232589014954,24.811590365711243,18.558609321417254
