,square,rectangle,parallelogram,losange,isoTrapezoid,kite,rightKite,rustedHinge,hinge,trapezoid,random
square,26.290332903709402,29.092529329362463,30.42436045913003,31.6770987622433,28.37120977610833,27.939001552369966,27.500546469005638,29.494710058372423,29.356924032844347,28.487054060285953,30.203462562166553
rectangle,29.09252932936246,26.424740762698743,28.444352742853,29.904984575850015,30.91061003003927,29.710154622869247,29.47165567491512,28.629693087745036,27.997570938160507,29.663638053160497,31.28824854072955
parallelogram,30.42436045913003,28.444352742853,27.075714021278483,28.782701234595905,31.58958739953259,31.04835335425571,30.481798109483066,29.573702173226902,28.942220899234645,29.92690365745722,31.25664481442437
losange,31.6770987622433,29.904984575850023,28.782701234595898,27.22237226156684,32.015078979237046,32.05735733404195,31.60012839145759,30.131609414589953,29.79730814894971,30.228462363798926,30.446616870072976
isoTrapezoid,28.371209776108323,30.91061003003927,31.58958739953259,32.01507897923704,26.82122315873299,28.732110129087474,28.452580122979793,30.96862526565165,30.993018126533688,28.94050405626215,29.932026675017212
kite,27.939001552369962,29.710154622869247,31.048353354255703,32.05735733404196,28.732110129087467,26.83706395621139,27.807690600089092,30.58922667313889,30.483532185812766,29.681509710372005,31.044758795551243
rightKite,27.500546469005638,29.471655674915123,30.481798109483066,31.60012839145759,28.452580122979786,27.807690600089092,26.616420435650372,30.133178192768387,29.99338445627034,28.653426651521954,30.53430538020103
rustedHinge,29.494710058372423,28.629693087745036,29.573702173226902,30.131609414589953,30.96862526565165,30.58922667313889,30.133178192768387,27.057956626097717,27.540707535434105,29.918020651068815,30.72220187712716
hinge,29.35692403284435,27.997570938160507,28.942220899234645,29.79730814894971,30.993018126533684,30.48353218581277,29.99338445627034,27.540707535434098,26.87985498873694,29.688476736972333,30.727534630838065
trapezoid,28.48705406028596,29.663638053160497,29.92690365745722,30.228462363798926,28.94050405626215,29.681509710372005,28.653426651521954,29.918020651068815,29.688476736972333,26.852572905974412,28.94141358524592
random,30.203462562166557,31.28824854072955,31.256644814424373,30.446616870072976,29.932026675017212,31.044758795551243,30.534305380201037,30.72220187712716,30.727534630838065,28.94141358524592,27.300321301776012
