,square,rectangle,parallelogram,losange,isoTrapezoid,kite,rightKite,rustedHinge,hinge,trapezoid,random
square,12.228409979164578,14.453550678139694,15.977762150127933,17.186130930364737,13.798097350743456,13.5588478002235,13.149844970943366,14.872676004281981,14.694032060770493,14.184536999411062,15.619558017616047
rectangle,14.453550678139694,12.562072931573631,14.309032771235263,15.791857446921778,16.02467461125911,14.994901352696857,14.777691373225423,14.363420244614112,13.794814098746713,15.079436674491873,16.603329698551647
parallelogram,15.977762150127933,14.309032771235263,13.234034267831577,14.528561786983635,16.888365192171392,16.502925513708327,15.969857670795557,15.24705945343004,14.660558761330888,15.234798587529424,16.402438243616455
losange,17.186130930364737,15.791857446921778,14.528561786983637,13.49619615885821,17.473217759176865,17.519242337561344,17.01578030474914,15.935165105527698,15.601176173126309,15.586290567161832,15.812252684967175
isoTrapezoid,13.798097350743456,16.02467461125911,16.88836519217139,17.47321775917687,12.54414496736154,14.078122265722376,13.7328247140562,16.050728744400395,16.04601932811145,14.425811091039346,15.259709490742777
kite,13.5588478002235,14.994901352696857,16.502925513708327,17.519242337561344,14.078122265722376,12.552869042041864,13.305627198218234,15.803605823178007,15.698717296446894,15.320454643127118,16.472994444275916
rightKite,13.149844970943366,14.777691373225423,15.969857670795554,17.01578030474914,13.732824714056196,13.305627198218232,12.378841121917976,15.456949067915593,15.287597648104729,14.254518624660188,15.835717110129785
rustedHinge,14.872676004281981,14.363420244614112,15.24705945343004,15.935165105527702,16.05072874440039,15.803605823178012,15.456949067915595,12.816921622867516,13.153383930077881,15.259284576441654,15.93313002040334
hinge,14.694032060770493,13.794814098746713,14.660558761330888,15.60117617312631,16.04601932811145,15.698717296446894,15.287597648104725,13.153383930077887,12.72931565806609,15.00192765006197,15.908138858596875
trapezoid,14.184536999411064,15.079436674491873,15.234798587529424,15.586290567161836,14.425811091039346,15.320454643127118,14.254518624660188,15.259284576441654,15.00192765006197,12.77220631853486,14.200324225331679
random,15.619558017616043,16.603329698551647,16.40243824361646,15.812252684967175,15.259709490742777,16.47299444427592,15.835717110129785,15.93313002040334,15.908138858596875,14.200324225331679,13.116941818298445
