,photo_face,photo_profil,photo_eyes,photo_face2,photo_walking,photo_standing,photo_hand,photo_legs,photo_bird,photo_butterfly,photo_girafe,photo_fish,photo_cherry,photo_tree,photo_flower,photo_carrot,photo_watch,photo_key,photo_truck,photo_velo,photo_road,photo_house,photo_mountain,photo_windmill,drawing_face,drawing_profil,drawing_eyes,drawing_face2,drawing_walking,drawing_standing,drawing_hand,drawing_legs,drawing_bird,drawing_butterfly,drawing_girafe,drawing_fish,drawing_cherry,drawing_tree,drawing_flower,drawing_carrot,drawing_watch,drawing_key,drawing_truck,drawing_velo,drawing_road,drawing_house,drawing_mountain,drawing_windmill,geo_face,geo_profil,geo_eyes,geo_face2,geo_walking,geo_standing,geo_hand,geo_legs,geo_bird,geo_butterfly,geo_girafe,geo_fish,geo_cherry,geo_tree,geo_flower,geo_carrot,geo_watch,geo_key,geo_truck,geo_velo,geo_road,geo_house,geo_mountain,geo_windmill,word_face,word_profil,word_eyes,word_face2,word_walking,word_standing,word_hand,word_legs,word_bird,word_butterfly,word_girafe,word_fish,word_cherry,word_tree,word_flower,word_carrot,word_watch,word_key,word_truck,word_velo,word_road,word_house,word_mountain,word_windmill
photo_face,0.0,58.074405528136545,65.87126935143579,59.49756027191229,55.70448799720124,52.384028491931474,55.45118359684487,53.86586241904482,59.970007551565025,63.698026772756336,63.552764186784295,63.03345194155352,56.96307708970246,54.06612305783473,53.038043168353205,52.566260677490156,53.4769384056666,61.256123402769184,62.22477278743448,59.26546189059758,65.19143113330861,58.97104821050038,60.34785566145378,61.12320563532012,54.95860077331295,62.807874470872044,62.730474347637674,61.47150114260213,57.37389709335726,53.299106048533524,60.53601272959438,58.146020116934096,63.53082093044901,66.23735610514268,56.960383290834514,63.57218801692976,61.264878819321915,52.866530274104626,56.93246848087301,54.54967875459415,53.26231464316812,62.56786892489228,61.101740982843324,61.98664700318348,61.39875775067617,62.820274855020344,61.101947390763165,60.21704116519767,60.77790567980439,55.68669947139672,63.9370413600936,59.86739686096854,57.22404144829316,57.4149204715899,56.85207773519784,56.65610073443085,56.58899019576009,64.01946610707112,58.61670412737397,64.48705956748579,60.257495488815,57.46919042122718,55.81332082696374,55.60429878487409,56.26443643369321,63.50990992954308,64.52823831556995,64.09825936468961,60.19189301155899,60.295634701920164,60.98164196497418,61.944306158299845,58.85217392585575,60.585384863978696,59.71715287661337,59.80620492782337,61.49146103728139,62.288149353129434,59.80055755567175,61.96201781673019,61.047838171862104,61.153024694050146,61.193401079879045,61.86138577849619,61.93638480256209,59.180936985729026,58.795101086385536,61.482770739169545,60.58397368620507,58.20541668622725,61.9282413932481,58.63412361317316,59.3689433028354,60.791984667591684,62.613039458305785,58.85196231749686
photo_profil,58.074405528136545,0.0,70.39169844315214,65.33065312041171,61.82175267387572,62.775061616565985,62.95402611354031,65.03734040606122,67.70400830900151,68.74868451577956,69.24505630083499,70.7748479382782,63.40530760936272,60.3387117618914,66.31344678088335,66.40062592269996,65.61797263794847,69.22464251970118,69.02722512055686,67.05670422179813,69.7101216966614,59.008843518744314,67.06868506788368,64.8177630709819,64.42278381486408,61.435435063293106,70.33681144393971,70.03151792083152,62.91113120473689,65.41520315119672,69.51893388402615,62.71868689253016,71.1263935897854,70.4623870421185,65.59166891832669,71.19194484437753,66.42022221983711,65.59904312995175,66.88264404036977,67.0271967206436,66.9352806771376,70.57600146755776,68.59610190256018,68.12406878356612,69.74915936708256,68.15732080881101,69.24615918855191,66.10591743322792,65.80134726756953,68.26411552012407,72.29110682775277,68.74512118554348,66.45609621049978,65.72059748686351,64.74971632128921,65.89188670737617,67.40722705669263,69.25535774457543,66.65219160581438,72.05623665686745,64.40510948365839,67.88177189715748,68.6012618916484,68.62044808574603,68.61615687880968,71.8271612135122,71.629669521633,70.84771354438047,66.24658461315695,63.056802911928344,68.781026329522,69.18165019255378,70.0361640729372,70.7013891038237,70.38434724624727,70.35641196793344,70.67694441714188,71.32825229127404,69.99633836456347,71.08449107125107,70.41258020102407,71.0678861297787,71.07150606719266,70.95001970410308,70.72529851313062,69.53887426747903,70.08640157969381,70.6761840081822,69.56052675970936,70.70899996159815,70.95247932413207,70.33432487924222,70.13268733900894,69.75068217266366,72.20535223175519,69.62454066250527
photo_eyes,65.87126935143579,70.39169844315214,0.0,65.16718873603746,69.57346845690712,68.24630039975919,69.63853246108333,70.63243778609402,65.5520197548523,63.09799950982425,69.92736029474537,67.63992087262977,70.04854063620229,68.74078473433225,70.73730769916514,70.80379044897255,70.77849392684863,66.51051600562397,62.8382909462137,63.80651968855216,54.833867753907704,68.94788608258902,61.87389497517555,69.52052672126932,66.98354792034543,72.62159743465094,65.30420161246275,65.16987024419149,71.03631086541698,70.79270424552094,73.13159034223342,71.8987907558106,68.07393599126877,66.30606676294484,72.99880394305765,67.82807583345122,65.71217367702303,70.64499330558166,71.80470014339699,71.98782115851559,69.83007281514674,68.03107792109128,64.43241291165425,63.28444526219078,65.51073070590863,60.841532858605575,66.72109725565355,71.74050427449345,67.99538317454123,71.53597146390703,67.6604661878471,72.34521087136974,71.13189585186774,71.16474995922714,71.80880185095819,71.55034171600894,71.77301622101726,66.48698337153516,72.32321797833124,67.51261699105997,71.26944738162432,71.65217153581742,71.5835516514864,72.26247289260216,72.61765942275719,69.93518491848648,65.86106294848894,65.09654981026661,71.69821074131275,72.12963025555065,66.60050302235439,73.9299998721216,69.49598124018078,69.98991856454244,69.8480608470707,68.48303284787487,67.90274935803055,68.37101256590002,68.9486884836149,67.86658749483416,68.91318601690018,68.52393067117407,68.97322943494909,67.97009475269112,68.23639725789384,68.97102167095026,69.18215800029084,68.42779652141425,67.81305555936324,69.8011309030922,67.98789006014223,69.85854775325727,69.22301998359129,67.48821075524508,69.27051529932724,69.17253402290599
photo_face2,59.49756027191229,65.33065312041171,65.16718873603746,0.0,66.10774444786892,65.30258962911358,66.06384108835525,67.23733015176013,66.15274476564528,66.39363921918549,69.59553502917969,69.24536149627257,67.05446771702888,65.44501784199281,67.19412724431112,67.33176506200356,67.39701273502288,68.06768572427542,67.42100625898757,64.79307066884294,65.03330810336261,63.69175653706438,64.03946341717443,67.3237986655523,62.03850610997081,68.70739002649385,68.59258796188813,61.32120806411701,67.38274526011838,66.32264695741009,70.82544597290038,65.86590278767109,69.82713517559348,68.7224407324818,68.9495250937829,70.049002159132,65.23351449133166,66.68693105601405,68.35383805813106,68.3481426000626,66.19580933651662,69.32435759925357,66.8708736448629,66.53723662181869,67.41094977190072,66.79628328090907,67.47063174564288,69.25883323277134,66.64909177248407,68.3188625783531,70.79137253461077,69.09276456580352,68.05177119650894,68.00033666898025,68.107340903126,68.2004240375773,68.92606639135693,66.27711788698277,69.12866031602047,70.60974103965306,67.57027762839705,68.47501322898891,68.83060956492203,68.73006191610162,69.75066953601075,70.22253888996214,69.83741340187474,68.80114078563558,67.68660745835696,68.8641998503174,67.34811750621854,71.03592622599446,68.62272693485286,69.12856802026583,68.59964900135657,68.44975963646488,68.70710983243991,69.16921066742948,68.33972707106,69.16581895223138,68.73430981651245,68.98826736622163,69.3077220179558,68.99979497113844,68.91978973816944,68.12909603320868,68.31532710777589,68.59664067670737,67.61543697180936,69.13447712399454,69.16964008044832,68.60283064308291,68.56132531245275,67.6858896156859,70.63277614192685,68.01437398974964
photo_walking,55.70448799720124,61.82175267387572,69.57346845690712,66.10774444786892,0.0,51.95387889626829,56.83009653937588,54.26962519272127,61.47743950949581,66.07719302708186,64.55282004738474,64.10577299230943,54.25057167037468,52.83418927103708,55.697602312683394,54.8148600904892,57.97954279864532,63.842318624086346,64.17772337817773,60.555721850936635,66.69120097225839,60.47995527678352,61.0017915406106,63.310798080203526,58.37263248313946,64.63705852908127,65.43411417800225,67.91171456877989,48.885925728904645,57.469399116293836,61.796003387523406,57.49851491041411,65.42741905496538,67.46213802208652,54.539155995620526,65.48914902428027,62.74656565628411,57.37498893879414,60.75941263209583,56.476344262686325,59.72958941383516,64.78449232154732,62.76665350404287,62.62727155648772,63.101742487739244,64.15495413084291,62.85336002205957,62.987798189839964,65.11468670838974,58.19002785693656,66.13178124765898,62.43839707303369,56.23299405868986,57.836443467447054,58.515077661581195,56.306131887225526,57.62114398183113,65.4382859551505,57.340979466777654,66.93381176590445,57.607668960127725,58.06996896360592,59.76348539807615,58.944046669840176,58.70521647534369,65.2919440541852,65.85589582378023,65.8949877440952,57.522022788985495,61.4456947913249,62.75188255225287,63.656380736608675,62.29188859325293,63.28259904078885,63.39524870916614,63.748123631281096,63.96578252769723,65.00249464849955,63.344136666190344,64.88245115074794,63.70589295528779,65.00908279721273,63.952728349137445,65.30279542176649,64.92776588405158,61.906570820772664,62.86147315319012,63.990276605658444,63.17049075163822,61.50025227924612,64.90702178956408,62.7692270794848,62.26392586516296,63.67741396306283,66.44713999655588,62.18922498077586
photo_standing,52.384028491931474,62.775061616565985,68.24630039975919,65.30258962911358,51.95387889626829,0.0,57.495773131996536,50.48133223220665,60.28954423186553,65.19919202121507,60.55536565381286,62.600771026701025,57.480443304044165,53.6725176314033,49.363885966426444,49.25714389366571,51.61324141244395,61.1233372646284,63.60947253412031,59.89599337646629,65.53444544056016,60.87557053934519,60.269669877330784,61.67100736166437,57.77368668222135,65.2713912039262,63.21984551090915,65.59811040462105,53.984988617803516,49.6232026309466,60.29014536909734,56.711082496140406,63.634478664868915,66.79842022484301,53.00762359688811,64.34119023481283,62.22167560219429,54.23619180090434,57.4883496960874,50.723954358196806,54.12807703935214,62.352020438790504,61.98234049571048,62.61311692574575,60.85170518216793,64.02868266962432,61.10988279522483,59.228203136156665,64.04662276812483,53.244994672738194,62.479293611334505,57.84972020119896,56.08566642867081,54.287033249277215,56.95838061385322,53.92722178879949,53.84708873540513,64.64062052548444,56.84233176490399,64.65555157609549,57.48282400230527,56.97295505000689,54.46334394270807,52.71916868805437,53.16210876235838,62.75137159436478,65.17860462152986,64.76402925889126,58.316729087678,61.46286208240145,61.56939295455003,60.727372234821885,58.66824098292834,59.82485278424877,59.52080160504128,60.10251237639969,60.72649505855692,61.830681251685576,59.47420278715346,61.77929259189125,60.424673667435194,61.82349708793864,60.04403995931403,61.947681985516674,61.69296785837505,58.61253906832403,59.05074740032969,60.80214518409439,59.85518561718469,56.81319904822118,61.62526394484171,58.30676201458007,58.96673712305659,59.84284988699544,61.93380061495843,58.920275308569366
photo_hand,55.45118359684487,62.95402611354031,69.63853246108333,66.06384108835525,56.83009653937588,57.495773131996536,0.0,57.015839594808234,64.36891339397698,65.81727435012586,67.11581149731657,65.09798936539809,56.455205911596416,57.315559288313736,57.79748270374998,56.96553404625098,59.62047935118782,65.85940019221135,66.2128824354546,61.568227626563285,67.80751769936316,61.145623478103595,63.513531724866006,63.38621182751408,62.157215016776675,64.77563020530478,66.55794768337095,66.93120677017647,59.01445389743965,58.512244419561625,58.89167448333971,60.6123338818625,67.11912399109208,66.67152397016591,60.22204065857987,66.34059478139551,62.62101308837253,57.61913914273667,60.11736373075734,58.6917525790821,58.9142498892151,66.47353225614573,64.49035160369192,64.79011085050223,64.40499012712947,65.48477360609598,64.1610720618136,62.7177024722232,63.730389284428455,59.89016701367916,67.38480075429489,62.83030944761628,59.81974001419813,61.13614241735,57.08244537345062,58.60551062462686,59.88021268624262,65.07683790999062,60.98593912067302,67.71713604400782,61.26078603903405,60.460840457792365,59.92770299782839,60.16851235592882,59.780507510651866,67.20470776398079,67.4936800491809,66.2296847076595,61.15544672624959,61.597526883241315,64.29081909518854,62.70772270252506,63.90616752370381,64.67862753175325,64.28949707192716,64.81075611745354,65.66476007598925,66.30905458207587,64.94444207302935,66.37780777958358,64.77618638461476,65.8275334596785,65.26589378840082,66.53150252274217,66.19070925872813,63.8001980331968,63.71468507813837,65.26718839102922,65.34742540688623,63.90281872754734,66.20161168992041,63.65956106420169,63.997968708613186,65.38722978888056,67.02287818914324,63.47177652347297
photo_legs,53.86586241904482,65.03734040606122,70.63243778609402,67.23733015176013,54.26962519272127,50.48133223220665,57.015839594808234,0.0,64.52799391493295,66.90039978086827,66.2515613056276,66.43830555146147,59.27701349392728,55.51789229012913,53.72742540213175,52.48538720065397,55.339797209577284,65.2392450111065,66.46538469298473,63.209504555026314,68.14042627217209,64.28092976801,63.40284397974003,64.5281815397869,59.989643968362806,66.65747096631571,66.27854181036471,66.91388978412994,56.821713260329986,55.33192452617042,61.10974616777988,57.62109321116047,66.11141711797838,68.43923552194828,58.37944408870506,65.99731988801173,64.26275234756844,54.115640051097046,60.17904465770819,54.639026873435874,55.10353780272577,65.3732325562019,64.5047082805092,65.24197663299667,64.45506007373804,66.37689792038904,63.84885003284923,62.29605529757111,65.61795169313336,53.733021529063834,66.55324723382982,61.13659873873499,56.7542661994683,56.98937692884243,58.63709101972978,52.61322279211834,53.46611384606922,66.51012212689459,60.32103075367922,67.08472466762075,60.99319550054607,57.548111257184864,56.13970768955605,55.09569278984739,56.15640678950404,66.46322652762511,67.50728495520104,66.76678584956574,60.36411317364085,63.32836443439055,63.50815638184544,63.00724937680971,62.10117456177808,64.05539934146194,62.97868964501324,63.186908246932624,64.75810786181897,65.51009555905925,62.665221754060376,65.26663189786444,64.55872723635655,64.30711933687537,64.30237451575039,65.26374403138053,65.33106613876352,62.611108685810564,61.920229108687224,65.0412418904474,64.12954425308116,60.895260590338374,65.14994149472652,61.87169034068682,62.38399913128238,64.47379437381161,65.85849581037989,61.920575084408114
photo_bird,59.970007551565025,67.70400830900151,65.5520197548523,66.15274476564528,61.47743950949581,60.28954423186553,64.36891339397698,64.52799391493295,0.0,58.818050529506266,60.876230699370694,52.95140637046134,63.62486948360021,62.360812202118474,60.06524519095021,60.37071747202708,62.21912418133148,50.39009567895922,56.568988824241686,55.14570449592625,62.997262489025005,65.28448587824482,58.70978167956362,65.59660819683764,62.76019825891305,69.03417127933449,56.22715455298494,63.72063080824798,64.82930398526116,62.020578459301106,67.23186702602244,66.10733533304348,50.567018918729225,66.37158722993495,63.81551400491107,57.35317159000789,63.39374311657205,63.24797747852243,63.32497747714079,62.80891258737543,61.61695993981268,54.97218316785475,56.91719028446701,58.191458313235955,54.06242554937373,60.56568457393966,56.2601437432158,66.08383621989908,66.75616105004579,61.87562115701347,57.12967688113771,66.15860887376977,65.20802687578117,65.872924646122,65.2398586839015,66.31332872063628,64.33610311242145,66.00670061104466,63.402361043071394,56.42786852954631,66.9972123803232,63.82430487215409,63.79087924754901,63.18416689088973,63.73589977436102,55.494800263518535,59.21893746266751,60.04355660852322,67.2443643533475,68.43040123269718,59.435912421087224,68.9216050064242,55.83926288498401,55.829376896685,55.93819490391793,55.288578405075484,55.13055527461031,56.04956197924583,56.07737321470304,55.89306348591081,55.053584110288064,56.84188106354026,55.155599210791166,56.41347480762119,56.17288563816457,54.83453386716256,55.60352058557044,55.35925106250954,54.20805403808983,56.23597980134513,56.075753110008115,55.947934907846516,55.77842463171575,54.31452352730616,57.4301164984375,55.74972205309149
photo_butterfly,63.698026772756336,68.74868451577956,63.09799950982425,66.39363921918549,66.07719302708186,65.19919202121507,65.81727435012586,66.90039978086827,58.818050529506266,0.0,66.42102927696305,63.99939268862884,65.86030667425642,65.13229950314195,66.63713989597156,66.64537321210959,67.43268590453727,61.81092907307294,60.078566666553975,58.42124274008797,61.33535009682217,65.86372425023853,59.86154029919422,64.32812669818738,64.72835581368051,69.10947136690696,62.19245297651103,60.715542935911365,67.45297657135063,66.14890436937571,69.11865163149486,68.50694451736301,58.90821497809737,57.63329810659044,68.68285983949724,62.93126326803719,60.346592481955554,66.20540022948106,66.88270950393071,67.67948074521442,65.87594808447551,62.919438108471354,58.90506624612831,58.26898360560973,60.75570822569091,60.00343659074147,61.22538284829964,65.35852993154417,65.63355811949299,67.72913652143308,64.57063272432474,69.0821244133745,66.17703086054182,66.83035420918006,67.40091968486874,68.25486822081999,68.54979415470928,62.81133859061912,67.8997306025517,63.54126864891469,67.92911189493685,67.66361319858937,67.42503116459758,67.91536529386798,69.22630875966021,65.01056527375593,62.06600726663188,60.6580303858764,69.1313080353933,69.9585895174206,60.87488896876316,68.27081283383725,64.38580671349733,64.75776579948412,64.91767079386887,63.38774240273919,63.46667824913451,64.22462067039959,64.2444116224653,63.520545140727215,64.42027223630579,64.54959925480303,63.880318196374034,64.04059224077012,64.26610737034329,63.99964426151291,64.18751259992592,63.813186493633964,63.13908586878672,65.34920013545663,63.97298638215618,64.69150493063043,64.5670061494682,62.986616499465065,65.85221674947272,64.59816811956821
photo_girafe,63.552764186784295,69.24505630083499,69.92736029474537,69.59553502917969,64.55282004738474,60.55536565381286,67.11581149731657,66.2515613056276,60.876230699370694,66.42102927696305,0.0,65.4311915993023,66.10690879991797,64.3290748812686,62.17865307954163,63.368462853078185,65.49190562425474,63.42271367427144,64.93313193944364,63.88902527462096,67.38004876662494,65.67546655099318,64.08057011601052,65.31326017989859,65.33203406991178,70.62191104938522,66.73294264886557,68.68307952438366,66.54757036100624,63.77718279116871,69.36302918095767,67.59687066410466,65.93369169975932,68.7907162013037,62.80054515896636,67.80571132502182,65.19914525243082,66.08177298848088,65.86102506087218,65.32586515523309,65.32846380023817,66.0898632051717,64.40647231438687,64.05333676245404,65.33778100201253,66.55978401869736,65.41580060861486,67.08260222039911,69.15118863171375,64.64756045171828,66.89843574636008,68.36262064562614,67.20496604158066,67.17033100832388,66.26887782063902,68.16236910694766,68.22650247232617,69.23512148535,63.134583316126296,67.24551689008301,67.77841421125383,67.51522067728276,65.90404116311495,66.22323429042025,67.06515577432488,65.30130283457267,67.8597946849451,66.35508130900115,68.6557822449542,70.28588678103792,65.41591507068405,70.51918017985845,66.45821257398778,66.43055464170102,66.95995562687476,66.24217314563877,65.09969313093157,66.14049439033975,66.88077943856125,66.05844741717745,66.16022849370593,66.87332313536238,66.48183625657417,66.46661650306078,66.18056825200512,65.57515709898101,66.43659203212025,65.5491601519439,64.91955430038166,65.71868416065041,66.10537066315945,66.20845461845721,66.69923971298384,64.83037641253512,68.06353641636203,66.58322305916157
photo_fish,63.03345194155352,70.7748479382782,67.63992087262977,69.24536149627257,64.10577299230943,62.600771026701025,65.09798936539809,66.43830555146147,52.95140637046134,63.99939268862884,65.4311915993023,0.0,65.61862078464422,65.23257377284374,62.31824844268838,61.745530833030394,64.24076143498026,53.01690775165011,57.82868797359128,54.56528367805368,66.43219124758404,67.98980023751446,59.60809122042196,68.91752159364202,64.93636664047,70.80395788797259,54.458647106456084,66.73667769068035,67.02773493126375,64.62375804849295,68.73489950142694,68.33383380424739,58.59393385387265,68.94198906015335,65.61842368066809,51.67146392760127,65.63380123980517,64.74837655447826,66.14914117442287,64.171914426139,63.020269887154505,54.79559129348326,54.488430939390355,58.99146256890995,53.865183832700616,62.83088968272446,54.91086427707195,67.82481316238528,69.0532616421595,62.954429586995374,55.15749492012005,67.66377386264108,67.62779964144836,67.83682118657582,67.80357572127487,67.75728133868732,66.0794517019391,67.90132449203013,65.83046248055703,53.655047683594844,68.70612328977965,65.80449674139155,66.03647332036873,65.34199748922998,64.56383811534322,55.42001004811348,58.67756829995462,60.961803892931925,68.37126690179706,70.32668183245023,60.77317479493539,70.2396901614197,56.63108182787906,55.214615864196766,56.30772570224584,55.460870860710514,53.91577770613133,55.49317479831152,58.01395445710712,55.43301233454413,53.58985141451998,57.16965839620697,54.74821660133518,56.53097824103561,55.319130866771566,54.931112546209235,56.69414439091502,53.2736290226799,53.61430620330624,56.84216958315234,55.00443882828887,56.11409985592828,56.196636179105084,54.19526875968042,57.05085026531291,56.22030900850582
photo_cherry,56.96307708970246,63.40530760936272,70.04854063620229,67.05446771702888,54.25057167037468,57.480443304044165,56.455205911596416,59.27701349392728,63.62486948360021,65.86030667425642,66.10690879991797,65.61862078464422,0.0,54.80337776292574,57.818732594938396,57.503138861120284,59.872512847769094,66.1817631306187,66.52260358862922,60.18042773638646,68.10713167217112,61.55149105973264,63.2100526679323,63.27606370581967,62.312962683689555,66.3072060782164,66.99420841384772,69.45058557957698,57.54672398647147,60.54680061042691,62.531737188482445,60.83923791265089,67.42576656858044,67.41393145495209,58.3869267524173,67.17193595899573,63.329397974473665,58.74021884969894,62.18350214505554,58.48455933707959,60.87820497249314,67.23881494312774,65.01351256488063,64.48032916092689,65.23403336815123,65.72243848748016,64.6859335729998,62.194349187050854,64.31175908123045,61.553720371136414,67.63803574812552,62.52001115151335,59.59206280684517,60.23022967845398,60.1155620838799,60.18369988459447,59.83629297891213,65.78321401437258,58.662476648618885,68.49681190389306,58.46582524223212,59.749416587977024,62.117490892003815,61.364382564473,60.875004882615144,67.15448874648912,67.93778348940047,66.09451900366888,61.31852130829352,62.53426350940964,65.17125137286594,63.16719278665193,64.89441307992035,65.18528744727374,65.29456096703589,65.87673699546671,66.61022132938946,66.76338782532514,65.84858904290967,67.451620200987,65.1037373360694,67.18165325058094,65.71279580636393,67.22799849654767,67.03761450244933,64.48623476592549,65.03636190267514,66.02891199765983,65.88014625246358,63.562376758359,67.18457445759057,64.78127238236728,64.95395752316927,66.01435395821703,67.99828886672174,64.16811782964423
photo_tree,54.06612305783473,60.3387117618914,68.74078473433225,65.44501784199281,52.83418927103708,53.6725176314033,57.315559288313736,55.51789229012913,62.360812202118474,65.13229950314195,64.3290748812686,65.23257377284374,54.80337776292574,0.0,55.84382808635267,54.44466269773364,54.31645892689681,63.93467003609686,64.23763223516426,61.637107007094684,66.62797940950956,58.435511723956445,59.7023758995119,60.549867890642936,57.76798285560374,65.52084665371288,65.23770361373667,67.13957850785005,55.768435551729404,56.769528171127234,62.67864085517171,56.457077820207935,65.57421630556294,66.5075360765113,56.58531397858908,65.10273525317223,61.42133184182306,53.4773247918356,60.22082809108683,56.252558262792405,57.226531077728666,64.8085977292733,62.92686270867891,62.867651780404906,64.01779838530439,64.1329318078136,62.839666334368246,60.1443771669645,62.62187570741183,59.24044839838,66.53115371974911,62.436024074794574,58.25901198028457,57.8115628352364,56.308411281375015,55.43448328838697,57.691537670701216,64.45715689368188,58.04928040927382,66.561420136915,56.54852205809635,56.58264070760128,58.27101851672104,57.97842076024878,56.8059996800748,66.11547281336428,65.8343164948436,65.5336013966733,57.87098065399212,57.41700679380013,61.94245927197756,62.79955536304671,62.962829700870586,64.27508899933771,63.64089468716976,64.62230848390317,64.91024582812184,65.5022385635462,62.8520954161059,65.37712993007767,64.73171714570353,65.47799511621885,64.63740832466785,65.05740878910966,65.0531990468834,62.826205026336226,63.4614248666763,65.08625219052237,63.97129519717817,61.69761506384043,65.25015052426558,63.20045776801705,63.094356498826016,64.11445299267479,67.1685409553726,62.91645511814139
photo_flower,53.038043168353205,66.31344678088335,70.73730769916514,67.19412724431112,55.697602312683394,49.363885966426444,57.79748270374998,53.72742540213175,60.06524519095021,66.63713989597156,62.17865307954163,62.31824844268838,57.818732594938396,55.84382808635267,0.0,40.9626026364981,50.97578728209298,60.96397077553553,63.97528028115676,59.88054167269863,68.08012597732099,63.60017967447612,62.06350241736321,65.12988501195353,59.51334632339806,67.14753578718805,63.00138825499902,66.38938914213179,58.507659116828634,52.10305391404837,58.700614152662205,60.952315325250126,63.13778139927122,67.4531080790436,54.06395094377202,63.89919685276079,64.211497215289,52.3890070836943,53.39510432131138,44.66292442393279,52.29896812626214,61.74065464687298,62.91932798420139,63.822172871670524,60.15107296916457,65.51837116861158,60.69021596016969,62.99032324691699,64.1637163987892,48.008398169466886,62.46321511723156,55.70140829880804,57.31487335202096,54.798534564311495,57.82210094729448,54.535772229396386,53.121848775683674,65.7354158852735,54.047562132565524,64.41224517643472,59.990543075233866,53.6155055547704,47.72849529580904,43.9928577836164,49.206886454787956,61.678943284273444,65.41990162669579,65.65809959369552,58.73870498556618,63.9363939056152,61.0364583014395,62.340063487695176,57.360583002553994,58.2773942714209,57.657141539409395,58.93325690956264,60.29802807776991,60.73611044324983,58.3657494592438,60.633524952164095,59.457197449291144,59.80298818563657,59.33383681307673,60.909804315609485,60.81219966205811,57.23880179780467,57.1775514618393,60.14015813557812,59.31608591060451,54.99891045592857,60.836648650072746,56.59165262318787,57.32125830071573,59.69851343017501,62.26804472429727,56.64762177495473
photo_carrot,52.566260677490156,66.40062592269996,70.80379044897255,67.33176506200356,54.8148600904892,49.25714389366571,56.96553404625098,52.48538720065397,60.37071747202708,66.64537321210959,63.368462853078185,61.745530833030394,57.503138861120284,54.44466269773364,40.9626026364981,0.0,49.948198252481575,61.31622512607578,64.63014008414223,60.3590611650482,68.1781433840603,63.96221874897396,61.589272545826354,65.4247721560509,59.18923226593799,66.9988668252017,63.10734049330772,66.48239527820307,57.775420989378944,50.91871208649021,57.79940322035731,59.90696066735791,64.36092246854147,66.44841074934399,53.178782357760554,64.14946935376683,64.23481925049963,51.24572037187061,54.96789268375698,35.29326662021841,51.16132917806616,62.176896769408046,62.86476231718063,63.81177583185087,60.42752561638695,65.02063711155279,61.294301002864934,63.2845320130183,63.55740680455689,47.43676033112144,62.21442330864809,55.99731739559655,56.88546323773614,53.020834035149875,56.750959643279,51.84863621559448,51.430775705435444,65.71345973192929,53.78315123847874,64.76425078774265,59.360406171000065,53.13491727638111,47.77542890548453,37.90256319552106,45.21155552604971,61.53415557288759,65.43000650387509,65.26804815450257,58.11114695949583,62.66567749736362,59.60767211674345,62.26432665171144,56.34020552798891,57.696493941490964,57.40902688226897,58.10346988024018,60.02505220777605,60.847755545393916,58.37968012209753,60.91672789409928,58.656172010544516,59.93782806271622,59.042109749893676,61.16270941752145,60.9057783632812,56.86156639663184,56.59455056529834,59.483320531387356,59.09605227048386,54.441469400758244,60.89612290294458,55.851693124011675,56.32286412189039,59.32833428345553,61.37198874867994,56.0176745750188
photo_watch,53.4769384056666,65.61797263794847,70.77849392684863,67.39701273502288,57.97954279864532,51.61324141244395,59.62047935118782,55.339797209577284,62.21912418133148,67.43268590453727,65.49190562425474,64.24076143498026,59.872512847769094,54.31645892689681,50.97578728209298,49.948198252481575,0.0,62.236463606677255,64.59664392232064,62.04937180749701,68.66569219363728,62.49960749370034,62.67314377817108,64.80203955207271,59.77367831872794,68.75674487814375,63.958693046039905,67.07859397901325,58.67110430386977,53.5520959718556,61.854129359916556,59.71939310897347,64.73139654424185,69.12805556777516,56.13231467091038,64.93766037626403,64.37316707351938,52.61175779021532,57.5769609407816,50.272943055207215,49.54762243761982,62.55044555519297,63.33428619278542,64.19768237076298,62.12581776517667,65.71155255938564,62.23888257544509,61.35344835950032,64.78022320335745,53.276873460200285,63.83016428383045,60.553926969301635,58.15498394428338,57.03885349263753,57.04904251627028,53.4984778110696,55.05823892073762,66.39232914867762,57.76017019314349,64.83135992177793,59.98612077038972,56.49301862559251,54.58851676861396,52.317841460029896,48.33144912147557,62.86377041211293,66.19696833307617,66.4409763151653,61.07225157151312,62.3054253007282,63.28017000844461,63.16863563181978,58.99385682642521,60.68611600708691,59.696671774140995,60.92212086800857,62.0133516510231,62.77952351805209,59.82023417254215,62.50090270384374,61.601330778034566,61.59672135270461,61.4561609597255,62.247907971743054,62.15287987582286,59.32486897035154,59.448708241500604,62.2516484818963,60.890583875845856,57.41902162419518,62.40034593091509,58.55022368995393,59.62949362409622,61.188104165456934,63.406756291392554,59.02571575697479
photo_key,61.256123402769184,69.22464251970118,66.51051600562397,68.06768572427542,63.842318624086346,61.1233372646284,65.85940019221135,65.2392450111065,50.39009567895922,61.81092907307294,63.42271367427144,53.01690775165011,66.1817631306187,63.93467003609686,60.96397077553553,61.31622512607578,62.236463606677255,0.0,55.81686535655071,55.713995162962995,64.07817635020776,66.60919086848908,59.48905564185847,67.10186267760938,63.44257280741822,70.04945417916018,49.70611605159002,64.77802005809329,66.77604298066073,62.5345127395677,68.04322050527931,67.48519145181443,56.367888524721295,67.99202872697147,65.335989837083,55.68205176270855,63.89303540214183,64.00679949023805,64.40409512870627,62.73877455782428,61.81762382368507,41.37496377787956,54.421316922769094,58.06563150669303,51.360794231309164,61.44401278651903,53.38098850404654,66.62404931469996,67.21733527702796,62.69235140050346,49.34206065173656,67.24827908375244,66.39123999484517,66.66183699672695,65.45077560496188,66.58388844520417,64.87393663086064,66.9714984554735,64.02851513307472,53.70791572609648,67.4271712449521,64.07489154133962,63.68887078124463,62.55204452961205,63.15724413010406,44.30554037683138,56.293472795582616,58.79688973212628,68.16616533257329,69.31683135901352,59.17674732033577,69.62600842589309,51.09334265940963,50.704225405357974,50.22541415297019,48.65408035766426,46.94796636954669,48.109659519989854,50.48241194032825,47.80433621405088,48.256273278097446,49.559219543505534,49.343492619974725,48.24300975498364,48.08306637922535,48.839341038327845,50.06901449099713,48.08421497109821,47.22282827090879,51.34114964986156,47.82723462795646,51.56825740605864,50.092747009226166,47.517819973176906,51.92169606951706,50.275376908841245
photo_truck,62.22477278743448,69.02722512055686,62.8382909462137,67.42100625898757,64.17772337817773,63.60947253412031,66.2128824354546,66.46538469298473,56.568988824241686,60.078566666553975,64.93313193944364,57.82868797359128,66.52260358862922,64.23763223516426,63.97528028115676,64.63014008414223,64.59664392232064,55.81686535655071,0.0,54.665497385195614,61.20572869221598,65.47693290922832,56.84750750564292,65.68830611909357,62.2136487403329,69.06443529919817,56.28959089816867,62.87478161665514,66.60195783448007,64.35546902556369,68.11254750431372,67.49867054943974,58.543208791450596,65.16207255038329,66.9373989702195,56.65943350692036,61.68735514067095,64.88077544609133,65.493488693677,64.9209318829372,63.660458805890045,56.54411507348035,47.80834572671593,54.79804136252237,55.88550195282226,56.56747527071211,54.632757760754494,65.76988941522751,64.38970273795063,64.96973203213182,59.49828863935985,67.73143758442042,66.1095002286335,66.46015322913533,66.13065420953413,67.11193315071603,66.57062245265686,64.43104048187031,65.45323500327058,55.378136538826006,67.30310469170489,65.39674759803827,65.70331149031315,65.06786134704545,66.44027872879226,59.97889082437027,48.175664350403785,57.224811466113664,68.4471109943603,68.3992574296791,59.417339588273286,69.12701566725869,61.137058523700205,61.433006518699045,60.93796749082005,59.83270038269485,57.770240638713425,58.77993581858857,60.31043459418368,58.303113977961985,59.83777460746117,59.107935946093086,60.40566376615886,58.1408880068794,58.73712776254074,59.70828677954668,60.669450310996815,59.49780386126377,58.4194580786353,61.82797583225765,58.078241695287204,60.78669717697202,60.88768828460886,58.51172019535016,60.41391709279455,60.670814913258155
photo_velo,59.26546189059758,67.05670422179813,63.80651968855216,64.79307066884294,60.555721850936635,59.89599337646629,61.568227626563285,63.209504555026314,55.14570449592625,58.42124274008797,63.88902527462096,54.56528367805368,60.18042773638646,61.637107007094684,59.88054167269863,60.3590611650482,62.04937180749701,55.713995162962995,54.665497385195614,0.0,60.9334002378127,62.283888719265,54.86283438530382,62.32315982819188,60.33569670476617,66.7520127177119,56.022824791718065,61.69973434056259,63.15605210136346,60.60334841478044,64.16500889709506,64.48145118614318,57.73300840462419,64.32079397671176,63.064123499877965,55.84752767813356,58.88416823031034,60.69884226134007,61.8736408299545,61.448174590739534,60.964552371438295,55.95205541821299,52.45202733308941,46.96423851624739,53.30744093814264,57.2997611732571,52.96692755970125,62.753674014859484,63.10792493791604,61.34764461189381,56.65545675231271,62.81688418979907,62.182373695145294,63.450314588619364,63.86347081314701,63.904522895318884,63.0792748641734,62.66700506942834,62.82395819071152,56.86281985269846,63.49136571266649,62.27505724395186,62.511876152465604,62.520560507133894,63.4931820604542,56.347864544836234,55.97247161131229,50.854712248723004,64.34287259365232,67.0495030803837,56.096673692492196,64.93401742873075,56.055938591152504,55.633145446156355,57.13123912188776,55.11019116164145,55.67058254124578,56.35097129888389,57.54661288737362,56.41984989197157,54.90170397028504,57.314661149222225,54.62593807790567,56.994669300793596,56.24483045009956,55.16201305827973,56.40121884991515,54.402746825490844,54.529151917298115,56.9636976732209,56.01398321993083,56.18047747972537,56.53568650708292,54.554875905509114,58.88983079972768,55.78319523993385
photo_road,65.19143113330861,69.7101216966614,54.833867753907704,65.03330810336261,66.69120097225839,65.53444544056016,67.80751769936316,68.14042627217209,62.997262489025005,61.33535009682217,67.38004876662494,66.43219124758404,68.10713167217112,66.62797940950956,68.08012597732099,68.1781433840603,68.66569219363728,64.07817635020776,61.20572869221598,60.9334002378127,0.0,66.5476677392635,59.23080855557597,66.84919946380953,65.69997900830157,71.94007961545994,64.99213506828838,65.0367946792585,68.46927464326168,67.9358918289384,70.90020664706158,69.8986078893916,65.85752745587033,65.12772247365962,70.54477110213523,66.42847025829809,64.51877372721883,68.4404185148791,69.34378911093211,69.56124956796981,68.0887213890145,66.08323893193388,62.83545124742957,60.72952457218727,61.729550486238516,60.49059773144239,64.43489475261615,69.58834845800594,67.21591465974089,69.49023271048057,66.29444874602875,70.59122955558261,68.7702278264884,68.94017211392682,69.39144435340812,69.52955558180066,69.50625303805454,65.69936266562189,70.20863822786598,65.5846607259819,69.40077195381548,69.17424970942567,69.39971451664185,69.6797053950207,70.7740200845999,68.03847440534332,64.84843526141465,64.10074405373604,69.91988512036296,70.82723984318906,64.57698028322791,71.64944729464943,67.21351784220587,67.58638987047767,67.98061981640647,66.36824248441653,66.09098409548021,66.4149163114802,66.5287439484301,65.86137736923038,66.88091899371913,66.30606532157778,66.8654041983011,66.01818319140801,66.39169093705986,66.93135319770559,66.83575349000175,66.50987337169414,65.98637031225863,67.54081694943596,66.17579005577034,67.72051600239679,66.98120463963289,65.48459206339687,66.95664588642924,66.89421688077243
photo_house,58.97104821050038,59.008843518744314,68.94788608258902,63.69175653706438,60.47995527678352,60.87557053934519,61.145623478103595,64.28092976801,65.28448587824482,65.86372425023853,65.67546655099318,67.98980023751446,61.55149105973264,58.435511723956445,63.60017967447612,63.96221874897396,62.49960749370034,66.60919086848908,65.47693290922832,62.283888719265,66.5476677392635,0.0,63.620169783745524,60.65268196239082,62.69905881901761,65.31940501297522,68.02582680981686,67.09761332812083,62.315990863515495,62.364805705833035,66.43916190830107,61.94410533110525,68.73500575686873,67.47362095828113,63.38304592920605,69.27014793849406,63.319146041007116,62.999847651141934,64.02749482220892,64.45845732204265,64.17935959133361,67.56876891709778,65.33075547131642,64.33881306163578,65.72995803037291,64.45268845069026,66.0851905808732,63.414459046256184,63.1396613224561,65.50951006342923,69.74755114172245,65.57190366116262,63.80606727605914,63.81553681278661,62.20659943209292,64.09880606969088,65.20696687578867,66.64687508809122,64.00778030921357,69.58400374334893,61.706896839627795,65.87153221516543,66.06382816855725,65.82449448855704,66.02689320427746,68.60304114066626,68.84834950056721,67.87012421522405,64.52472936113368,60.8656449531905,66.3562925047321,66.40799156497033,66.60505304348783,67.01901333378147,67.36124164171866,67.06667166168286,67.69714082012058,68.33607792386111,67.02211585993655,68.30525779527527,67.29049191748176,67.93563451207719,67.62558636374997,67.99161851936539,67.8596792736039,66.35732278982259,66.80692915414387,67.2439747410008,66.47791513038469,67.32807231054333,68.00728902739874,67.03168600160599,66.951717531224,66.57583432900772,69.6734682039611,66.31245227927151
