,photo_face,photo_profil,photo_eyes,photo_face2,photo_walking,photo_standing,photo_hand,photo_legs,photo_bird,photo_butterfly,photo_girafe,photo_fish,photo_cherry,photo_tree,photo_flower,photo_carrot,photo_watch,photo_key,photo_truck,photo_velo,photo_road,photo_house,photo_mountain,photo_windmill,drawing_face,drawing_profil,drawing_eyes,drawing_face2,drawing_walking,drawing_standing,drawing_hand,drawing_legs,drawing_bird,drawing_butterfly,drawing_girafe,drawing_fish,drawing_cherry,drawing_tree,drawing_flower,drawing_carrot,drawing_watch,drawing_key,drawing_truck,drawing_velo,drawing_road,drawing_house,drawing_mountain,drawing_windmill,geo_face,geo_profil,geo_eyes,geo_face2,geo_walking,geo_standing,geo_hand,geo_legs,geo_bird,geo_butterfly,geo_girafe,geo_fish,geo_cherry,geo_tree,geo_flower,geo_carrot,geo_watch,geo_key,geo_truck,geo_velo,geo_road,geo_house,geo_mountain,geo_windmill,word_face,word_profil,word_eyes,word_face2,word_walking,word_standing,word_hand,word_legs,word_bird,word_butterfly,word_girafe,word_fish,word_cherry,word_tree,word_flower,word_carrot,word_watch,word_key,word_truck,word_velo,word_road,word_house,word_mountain,word_windmill
photo_face,0.0,55.94969550546991,62.84723363624073,58.78114519521171,55.95267676439079,53.95002535161223,54.25423528645943,53.22911202483875,59.05868546328189,60.794259309509194,61.1075401476118,59.12861674296715,55.74422837419767,54.57937067659084,51.8113640740158,52.10665175823281,51.243335950187685,59.08021688446351,62.84346420043141,58.09382501138317,66.5735069393107,58.88074517782539,58.17865635277508,60.684342315429454,56.17846888881281,62.90076100334269,62.40557304564132,64.59732449876631,57.68107440852329,56.865991455520856,59.83557799779263,57.183916504033355,59.50744603443274,64.0511821751588,57.41524815678077,60.65805665302417,61.8216003777851,52.987413072335386,56.480635110591095,54.79128699396677,52.3430227062207,60.390607498350676,62.14197435487669,61.18656105310425,61.399419459859786,63.523572169417825,59.763782717683306,60.40936649017842,58.52840906776051,55.90973366042427,59.997168616915395,58.83787609921595,55.93599584747644,56.2261411517657,57.51298271065521,56.233960089463935,54.97449368606756,59.11389863340281,57.23254243078879,60.65767699867253,58.94850292811906,55.45919948191041,52.38972987776835,52.89222799254817,53.78958632461771,59.826946761780015,60.85503157066947,61.07864780254406,57.359737861566465,58.1913353988656,58.46283081841543,57.795465480221225,56.70616628085585,57.852273778961894,57.572062444072635,58.21505032574898,60.08338528375243,60.35458156206556,57.95753979620051,60.302908495415195,59.40066347193515,59.976078922605375,58.28274029346165,59.83265969368961,59.72025691425035,57.62923297876581,57.21857934502975,59.5806762951317,59.123643862092415,55.76144376967683,59.896065837516424,56.12213442802106,57.130329633125946,59.732990516411725,60.849843863199986,57.9012140377875
photo_profil,55.94969550546991,0.0,66.19658732073329,62.702930116887366,61.12162279543175,62.211777059871395,59.45167390275681,61.412098117742126,63.84586133003885,63.83899046082724,65.18732412577921,64.5016233315254,59.44003697610053,59.41536174452095,61.61388065040832,62.32633415112112,60.78947939320217,64.27057560351854,67.37751497395188,63.11754070774765,69.84040265605472,58.61144492578007,62.50356737482034,62.86860659759416,64.42672438309098,61.917371305755864,67.50474976267802,69.47143981846233,62.76867922418025,65.36620254269688,65.77573490572998,61.189902151631465,64.73177304312311,67.08927847026644,63.508000874885056,66.25873247415605,65.28036509154555,62.746462460252566,63.02181216734861,64.00634365056601,62.53289586146009,65.87090264591653,66.96983953722955,65.66959934223337,66.82188615330588,66.81239792682908,65.63437453707371,64.21556226714671,61.83879769477053,65.0342144705306,65.95335951111151,64.52934848175255,62.4381309474324,62.033735695570094,62.40273064049925,62.766507176864124,62.96607639124388,63.472927180521964,62.577084946135415,66.16027910028915,61.88756494505997,63.422685094637174,62.21230365692981,62.46229659084263,62.990672333550265,65.48161238079255,66.46732282350173,65.87205734905191,62.4317762046749,60.15337670199248,64.16990244692323,62.810604505329316,64.18445543406324,64.54763609167625,64.46072679995822,64.36183934222008,65.96425600635267,66.26329417190162,64.8217622527692,66.3183914151929,65.00689915768461,66.297145439069,64.37317343125663,65.8462383769012,65.54026735879795,64.22871931781124,64.36714366460785,65.22337691122596,64.6972600754498,64.78625861614091,65.80154465131275,63.79183521685171,64.00918976364771,65.32084069013433,67.01887949092124,64.71397601136817
photo_eyes,62.84723363624073,66.19658732073329,0.0,63.52673502993224,67.64185812767786,66.64459316549518,65.39109236263013,67.39888949831409,61.33759387011693,58.460673375858306,65.80527627911121,61.2499829210282,66.04160411400599,65.83435135862642,65.27885224474608,66.34108339719245,65.58458036563327,61.44232115072014,61.633435780058974,59.90576524419868,58.52733919766386,64.93887698242179,58.653495314897846,65.98651729888542,65.42025326494742,70.41245960475669,62.06930169662611,65.46459525596482,69.09432569128063,68.02482106795905,69.2627066660895,68.14305228041393,62.05699939765554,62.59670367688748,68.68992944322208,61.852035249556785,63.38905322846746,66.15190847479664,67.18219762065371,68.28532041371503,65.56992627343439,63.042729537333905,63.39972138466372,60.895967441819806,62.824027497588816,59.9741080834938,62.94115320737524,68.4942932628102,63.80676812258829,67.9724495349313,60.738530214475965,68.29345825011275,66.51889604097529,67.12555843821494,68.85779698609508,68.3161259879404,67.66382538822522,60.62419257905661,67.0883699690169,61.54996318894196,66.58514476601714,67.03686420771483,64.73944772257859,65.69596387519714,66.71885071103998,62.75022009664508,61.26935386138513,59.743598678354765,67.78120218485546,67.503467256761,62.54481459135268,66.14576099590433,62.985105623557935,63.129302310232646,63.47350511113672,62.41614178423405,62.77571177085793,62.82498319197677,63.02076108656766,62.739110419649364,63.14863915249554,63.227316379598335,61.98138753651297,62.66766306706519,62.16421702997765,63.33984864272688,63.11155191797329,62.20860697531387,62.19621648707833,63.386663394000074,62.3311876685595,62.74466348227299,62.7180238801147,62.33118738060398,63.76156141366879,63.210403739472284
photo_face2,58.78114519521171,62.702930116887366,63.52673502993224,0.0,65.89889655008062,65.44253831135387,63.12576709798332,65.17517453766752,63.518784303280285,62.61417669490942,66.35149332784877,64.78845029747157,63.934203277493815,64.32753504197926,63.84896058248548,64.51104143296455,64.23909738722207,65.27535586908996,66.86164062804734,63.9670721465183,67.91352885453625,63.804875637113305,62.936831207791364,65.94386033636204,62.91697526213439,68.10997928521363,67.4662846269539,63.18243649484578,67.14047956562528,67.26572921578476,68.66597653279798,65.31080588886772,64.91938967347423,65.39414015133264,67.04339801143047,66.21528392747143,65.06045502013448,64.74894780131292,65.78498861310726,66.77395754801769,64.17426648324505,66.54227813377426,67.24664906833648,65.90394048805204,66.65345239193587,66.27189969170395,66.10711782522102,67.22708548008985,62.593753682020974,66.19587311507114,66.0687739731001,66.2924869374164,64.46823619601835,64.70707324661703,66.48591419222197,66.36592742693885,66.19374029873141,61.07058932460117,65.67072772946572,65.99272587581217,65.1097349675954,65.58922803034993,63.58355972024536,64.53293038639049,65.4421322073989,66.05632538773037,65.98085357259026,65.53896461257683,65.3087532013562,65.65466748222963,64.55707154629533,64.86354298283041,65.34958891808658,65.4194351427256,65.55014178862078,65.34398408394962,66.5262906371055,66.42117208466523,65.32027798694853,66.52012681994619,66.04456148634009,66.279748115411,65.30417459956489,66.26968136475082,66.0483027855205,65.54396462059421,65.22858498306387,65.91727930135922,65.49888987465606,65.43163330577181,66.06987397838476,64.70614685091671,65.16090587144801,65.7997319664269,67.35722041264327,65.54466087398276
photo_walking,55.95267676439079,61.12162279543175,67.64185812767786,65.89889655008062,0.0,50.84701474862888,54.8282451527298,50.98711118316772,59.07542088194197,62.92865489891258,62.004495126274584,59.084069266227644,53.64872484916242,53.843851895178084,53.095608172202596,52.49132445849185,53.572630519496116,59.36867895395781,64.06477410331617,57.96990928481617,67.02878300085632,60.665612191552725,56.82975250589084,61.974415539244205,60.19893835303911,66.70360856374877,64.18529570806773,70.0247935777056,50.898745399357544,58.92085752964182,60.355494694176535,57.355505324009506,60.62724913942311,65.21213563843855,55.05264328393479,61.40359110522135,63.14981694096174,55.18810638473205,60.242359482764215,56.16071281386805,56.129037879102476,61.63907126228267,62.9498814342846,61.15637013342942,62.04807785980766,64.57591950961198,60.07531022896293,61.76520990293613,62.68670008293259,57.83056931372328,61.59749487451047,60.76516494532711,54.7091876924663,56.2359471022782,58.13873482630375,55.87512394192464,55.2270265336073,61.19674979179653,55.95655592233261,62.056722785827276,57.08680310288018,55.82951595712711,55.288805037215354,54.55979913195867,55.47129002575844,60.51386141106061,61.99471947842939,62.720698270104805,57.38541365016437,60.19819639294592,59.60746299491067,59.532840934362255,58.88191802489933,59.79457777260496,59.82987930378067,60.16130748391116,61.58230732472808,62.30135450758802,60.25536508012662,62.31866649661016,60.78957913875773,62.28192698587081,59.73997429872561,62.039004063765944,61.61451515903063,59.274696889328794,59.39572919019435,61.07710602018594,60.831787650182456,58.38468929678537,61.69915313254861,58.514599794417876,59.008791161442524,61.550411900989275,63.30780169550169,59.74362703225368
photo_standing,53.95002535161223,62.211777059871395,66.64459316549518,65.44253831135387,50.84701474862888,0.0,55.39555154322966,47.29837522732114,58.95594654821653,61.838634522868624,59.623927052995555,59.24270380203376,56.96451666724178,53.819583629970154,47.100897093482416,46.98449619094814,48.22008924042796,58.73201754054329,63.33820560536412,57.852620551558076,65.66983349297298,60.32175283843807,57.023138528467896,60.566980703509785,59.75846619657099,66.55885591376632,63.49036556846351,68.71893785107443,54.74079678444022,51.31278430447831,59.656066270179146,56.09038806861235,59.926728491135734,63.145973140162404,53.10151028298474,60.90294933429873,62.40725352684489,53.00339865699846,57.228066901330514,51.095176899275515,52.453436374683534,60.56041627680862,62.79199513023015,61.39932973334156,60.99798256647152,64.31082151688337,59.595434370231,59.71793008507942,61.166312800980776,53.74090425702265,60.004846046681756,57.1511741753051,55.222587706154506,53.09747194870398,57.61525162908974,53.70693356332037,51.733680128412054,59.65596900378424,55.474531443266805,60.88493740127854,57.39289697605942,54.963396576387325,50.08803259156868,49.33982358104668,50.87037368498666,59.20420148918458,61.39191825548611,62.1219871092449,56.51714624431215,59.76410020168224,58.790044045145244,56.448558355085595,56.97188907479296,58.204306770077594,57.77270427613048,58.50947867707022,60.410210697930886,60.89634114407009,58.358263881011695,60.92456353689313,59.54849027393508,60.75725263396741,58.2116742163381,60.58557583385922,60.15940214725794,58.01582421938631,57.77895225242879,60.033359430190416,59.57599025300077,56.40108074765514,60.53391542931877,56.23497861774116,57.47451468353015,59.94374070899871,61.69144225092305,58.113314961712334
photo_hand,54.25423528645943,59.45167390275681,65.39109236263013,63.12576709798332,54.8282451527298,55.39555154322966,0.0,53.23330471967148,60.00866240131783,60.75535919563337,62.52553753778379,58.585829460885,53.82562406370401,54.20966463909607,53.33801415933249,53.487618712144865,54.37157185170415,59.62722342523517,64.01998605203595,58.02111049856316,67.29927165830539,59.41982931707657,58.17736099020876,60.35119920003327,61.495082868086676,63.573435078595715,63.278041930476235,67.10391962762509,57.98000895714027,57.97799983233718,57.15228909691135,58.21193678312034,60.73921672230978,63.395812131394926,57.88760919964423,60.24441374862509,60.87900514731737,55.16448945348868,57.168527461983885,56.87164104627895,55.01820377154082,60.97009070863868,62.398192914287485,61.76586889952823,61.53138142343226,64.19539095132312,59.78969611356145,60.145355242548604,60.19363454397272,57.44305030634975,60.450968266389076,59.79050123253829,56.014741742818856,57.17911744888193,54.93351504071497,55.75181851851342,55.78721121469642,59.28233163855054,57.01575749731785,60.91471701252627,57.50477492814627,56.75388736780782,54.22126514672972,54.36802490183898,55.20332370178841,60.03383634632228,61.23275280365148,61.018431005869715,57.927132374258726,58.06207091243836,58.86279792366811,56.71610126586941,58.01772163907923,58.596802496473266,58.496859334422524,59.051618090775456,60.86741129978719,61.005386006321004,58.82549327094195,61.08096569553359,59.99568704810869,60.484013926192695,58.69061517294755,60.914647576857234,60.65550637687445,58.55964345784511,57.9651624437258,60.15862302300885,59.946454456050475,58.05425599914675,60.52650179667582,57.33031037229237,57.84852100577843,60.62421205836025,61.85144941820402,58.529906814560576
photo_legs,53.22911202483875,61.412098117742126,67.39888949831409,65.17517453766752,50.98711118316772,47.29837522732114,53.23330471967148,0.0,59.8767826056091,62.049679468058564,62.304713306429115,59.499709360280875,55.37820923207283,53.36687393787443,48.95679545836363,47.94302817235917,49.75797948388284,59.90373885682643,64.67763280296873,59.15055313339471,67.28606869956164,61.537131133280695,58.8634700823179,61.577911640615596,59.953594553951916,65.61891126891697,64.21262260192555,69.56799216529178,54.9267020078854,55.91308697237004,58.299857241755234,55.92216828853663,60.821800031925605,64.38156280401506,56.47671223444753,61.22681443321568,63.17894326168727,52.132485314292055,58.04840636966286,53.21300579307209,51.65477336425362,61.37007483538125,63.80456141599497,62.51407058986492,62.16601717124023,65.44959625903607,60.38647191236721,60.74719234337732,61.31561580176846,52.00803262966802,60.89701880804734,58.05663196602533,53.8561975050254,53.03958857040691,57.412888188820716,51.205166719895864,49.72753444169665,60.62488334713962,56.71473244553847,61.376996608323886,56.5106374026827,54.34071362430278,51.44044402722124,50.55813844835453,52.17471039861164,60.0887928816878,61.98173256867291,62.434836079165336,56.14275828724117,58.5134760806291,58.96226006965952,57.77913204380883,57.951654796717875,59.214987434565984,58.74390734172234,59.27042144729683,61.372806532226846,61.773173895308965,59.05521864192293,61.775213414993374,60.527516167265055,61.42436673152402,59.2194877287206,61.46443526122495,61.217018852524824,58.97799044849959,58.557731701154665,60.9894930824767,60.54117983673253,56.92808425719129,61.40470541973621,57.36758484852973,58.14994831294255,61.01963409863168,62.521092144649195,58.830283009238734
photo_bird,59.05868546328189,63.84586133003885,61.33759387011693,63.518784303280285,59.07542088194197,58.95594654821653,60.00866240131783,59.8767826056091,0.0,54.51958485304434,56.869483004678955,47.95270438403034,60.01492534474266,59.04424758017873,56.83182086354251,57.452190263899695,57.54036557600341,47.928511895702876,55.42319516920231,51.80262642985821,62.62824243264798,62.25543775523069,54.33396624969097,61.93001299708296,61.036530904938,67.17726975346741,55.511484077382434,63.532710763041706,63.32844250512935,61.448006017867776,64.38317711004339,62.703757292942015,47.33160132871504,61.80899817208912,60.86288206038744,52.213178134272866,60.55096995433972,59.55905760841775,60.132253144158994,60.965958009245554,58.63826825438079,52.06164025756855,56.7026182102914,56.29621575466113,52.886929032792146,59.59549489455761,53.70325186624879,63.28277608870112,62.42765067096469,59.979488108710854,53.12945921400141,62.53224589173428,60.74524486749106,61.77186085043344,62.54952934030194,62.61789555090078,59.633554505455685,58.74254839956309,59.59076186258466,51.4823318282347,62.74395153631152,59.88280075542383,57.57876407085617,58.3502162778702,58.61294467959472,50.790755606512484,54.891639198256925,55.990701267030126,62.75820511531851,64.0038542011481,55.63105013187543,61.77480795439405,52.942282804198946,53.49002987730288,53.50814701353584,52.786541890084465,54.294513614282394,54.06087104702779,53.446167024719855,54.10594690211859,53.81691656742221,54.03737002738401,51.79939612662168,54.22670354928784,53.27240030441017,53.256858459618925,52.921912503037696,53.37232257659887,52.97691363643662,53.2762888070444,53.800907476887225,52.72182374547786,53.05529669016855,53.034596236141184,55.73655619626343,53.455144642081486
photo_butterfly,60.794259309509194,63.83899046082724,58.460673375858306,62.61417669490942,62.92865489891258,61.838634522868624,60.75535919563337,62.049679468058564,54.51958485304434,0.0,62.02703080456708,57.02206962126125,61.0698122371625,60.72723281652262,60.557941235538934,61.1591376951386,61.081505295148425,57.42954254431532,58.63762613770356,54.78588996989204,60.577496592178385,61.409750199699616,55.504133259978076,60.86026959939211,61.193980259236035,65.49486393233444,58.45799235419285,59.72847679468512,63.02885512224198,62.1950491050665,64.32737352246006,62.71279951531241,54.30094738950467,53.767521554290916,63.11644218452895,56.9372551283508,57.905715855805134,60.469660431118065,61.183598517796604,62.84578725999909,59.81245354748489,58.26473536430684,57.97173429074826,56.3192603131022,57.21839960861041,57.47904838320439,57.04328560762217,61.454536120687266,59.99220519618789,62.88510948874841,57.27228570365871,63.624621526007815,59.8891684412198,60.471485374672234,62.85204858198804,62.616728817645864,62.756100079439065,54.152960519197265,61.693571377628196,57.08216303028086,61.405344192338625,61.244960241902724,59.32375088603322,60.239847181859695,61.92092433585537,58.278496131465225,56.650152669846946,56.004958471342626,62.60321017224481,63.25916710327432,56.028433623326094,59.75963100747191,58.369191541761076,58.638397853551744,58.99780923408961,58.127214223508574,59.568295547578906,59.868995821341585,58.78679923136092,59.31204246392189,59.27586395698552,59.82364398997879,57.74752285430315,59.68077819451892,58.993502443487145,58.64479606457734,58.617758026916185,58.86831292225696,58.53915510752146,58.87196250141932,59.313460414457076,57.93025983200851,58.380019173087895,58.80494238198026,60.60392856530714,59.00412969596338
photo_girafe,61.1075401476118,65.18732412577921,65.80527627911121,66.35149332784877,62.004495126274584,59.623927052995555,62.52553753778379,62.304713306429115,56.869483004678955,62.02703080456708,0.0,59.46334672674726,61.92938372344666,62.20620104065026,58.51870635069478,60.045586516512856,59.819212175457096,58.46071023999403,62.71635310053079,59.85041180352944,66.66717920107696,62.48971846947614,58.72821217905576,61.79853519330605,64.3204508468375,68.02140735998528,63.45853907686023,68.98008375873039,64.52570097663825,63.036011767809164,65.3832214199175,63.27110232635588,60.90773134662109,64.32788729406188,60.64040669473422,62.10865382684164,62.8276212814499,61.66168888543819,63.18552660303361,62.53477923290973,61.07993735324766,61.51635621337315,62.94307397651236,61.747724654538075,62.350073346479626,65.20641995826453,62.00301126975956,64.75049368314363,64.03837537389057,62.26471782320684,61.95608881158563,64.71650653504504,63.192528465388925,63.011326838888756,64.0840588573252,63.96637337139756,63.90227583284422,62.20457453435421,59.50926129516224,61.6366871459121,64.1633828599114,62.65165214657702,59.964407851068025,60.560517447099826,61.97893400402725,60.844166539061156,62.11838370029595,62.35608532380357,63.451691788188576,66.00765776714597,60.43762474151612,62.81813220175363,62.39803401481293,62.532304572151645,62.677605628529186,61.7968955257108,62.29532192169887,62.65906564878609,63.09415581657742,62.75590216091556,62.59118042323901,62.61183852651576,61.99881689320881,62.583036128359694,62.119892078618754,62.285711654864826,62.25551838926837,62.044674883685026,61.94837045417834,62.53249967312966,62.30853141412768,61.89639596115819,62.26320081325099,62.17801908256744,63.73187672652373,62.7279489165809
photo_fish,59.12861674296715,64.5016233315254,61.2499829210282,64.78845029747157,59.084069266227644,59.24270380203376,58.585829460885,59.499709360280875,47.95270438403034,57.02206962126125,59.46334672674726,0.0,59.645762673628624,58.87688673697266,56.74295330721028,56.61498177273677,57.52267597466186,47.227310338668964,54.486375842667066,49.91081006613427,63.471404353267104,62.55352509688489,53.39043285565416,62.67097510541706,61.43563710732078,67.14121269911847,51.57427772182854,64.78824066435106,62.98991613414079,61.725210515717436,63.66102471375128,63.367565639372955,52.17104167209186,62.31709384482212,61.245234826713435,46.61661002689591,60.71037445766844,59.31537882942634,61.004492660183786,60.14103821625651,58.081647516418826,49.526312932466624,52.370489397217,54.268442695390334,50.39112599911932,59.675072308821576,50.916959933300106,62.94917122133807,62.42696542165185,59.92539128730689,49.59931747558971,62.88360878903519,61.13703323597273,62.047982405628666,62.868167900116774,62.297067342508335,59.5383362275032,59.52412777628415,59.87384094921554,47.546932998261866,62.14927723642837,59.87932237377904,58.06105619478636,58.19857430824414,58.119573265698,49.237647600264715,52.082392667987094,54.44353232990849,62.620828332368035,63.4736637799182,54.22480763172431,61.942619006080925,50.92116665405431,50.54939633441499,51.20783051306048,50.86700762149492,50.50475941618351,50.97467361012391,51.57644014876206,51.00239602885446,50.34742346427032,51.916818358881876,49.30209369399253,51.48975292054113,50.07591766960088,50.97506727919234,51.04302417898552,49.745791539117064,50.02547492008969,51.35323835484652,50.184639679727304,50.52342110974791,50.86096766632018,50.42804488423303,53.450209294234284,51.46833282715658
photo_cherry,55.74422837419767,59.44003697610053,66.04160411400599,63.934203277493815,53.64872484916242,56.96451666724178,53.82562406370401,55.37820923207283,60.01492534474266,61.0698122371625,61.92938372344666,59.645762673628624,0.0,53.94650024302303,55.07114921712433,54.68898666816707,56.24495524676211,60.9725418357385,65.1275949296327,57.2621019875489,68.61600141631224,60.46098675263246,57.89285204657703,60.85029673401124,62.17494193022734,65.10969968116298,63.754393915340216,69.1606055133486,57.275137257298184,61.26980139339718,60.38487428031837,58.74879639693455,61.45308374241515,64.12685907887729,57.6821971787294,61.579494695008904,61.4994363285951,56.24377867129119,60.60146628625495,57.52118794708805,56.84293423903567,62.326857277934145,63.043881782137184,61.972929795796205,63.16207139083888,64.84921415613404,60.50738473242369,60.75936001410953,61.29818863797441,59.28218918739997,61.514592470391705,60.47725440998424,57.02265276541477,57.84304347783409,58.74517821171458,56.900838360296994,56.353477520006464,60.11694333504996,55.9749466692266,62.520358099602845,56.72661646278259,56.48039573776619,56.722850230965946,56.46186912588755,57.14884354095583,61.461707850575486,62.81428439480786,61.56042485800974,57.527340642545056,59.02094087128698,59.41550770372506,57.94528331624961,59.42557324006028,60.05368964835312,59.91853784420569,60.78831131011251,62.2244525222058,62.664759599821956,60.380120285929664,62.816479817002026,61.07142739790001,62.50664149728742,60.10223084113215,62.35066759855827,61.95499071014504,59.58667272881939,59.833369534390435,61.33258699256392,61.180885583358695,58.96603730336343,62.16874823381611,59.063125080306456,59.151797952954034,61.85059330508311,63.46953557353463,59.960894397156046
photo_tree,54.57937067659084,59.41536174452095,65.83435135862642,64.32753504197926,53.843851895178084,53.819583629970154,54.20966463909607,53.36687393787443,59.04424758017873,60.72723281652262,62.20620104065026,58.87688673697266,53.94650024302303,0.0,52.29492473317914,52.219891712244014,51.2887490202159,59.69459073440903,63.27108234082555,58.505321958556294,66.95762921966097,57.63254533433547,56.396361870337714,59.348118432569706,59.84082573877296,65.60353614348743,63.7715549112619,68.74235479670227,56.95614549801266,57.76252414901742,61.08073163511373,56.50167903441613,60.88886118649034,62.89933362068499,56.798481906245286,60.03144822744459,61.25278220517346,51.53882754114723,58.99182665597922,56.87765893679958,54.468326894836125,61.81101595555782,62.83327156115008,61.85772070522422,62.27798452067843,64.03965104052027,59.45875676568665,60.214079741510396,60.49458882758357,57.99255907040154,61.33663630834189,61.17712200885031,55.36234143579225,56.08756550730489,56.130657347820815,55.560756547955805,54.78672397659105,59.26792774443589,56.90774868665225,60.801232151169415,55.77914109381821,54.6485111233562,53.95274033198416,54.487273365152134,54.57243699008996,60.61653084195518,61.6317634577149,62.07086647827714,56.612202676588986,55.13979684273053,59.019376814029656,57.18903821433916,58.35867450556016,59.4313431586823,58.86123172024572,59.95149810098881,61.936846480485556,61.96790473654796,58.67704828221817,61.8862398547289,60.90051718569777,61.68627809170959,59.2210042817896,61.66509715017896,61.330061929660516,59.1869896804096,58.923433802292834,61.199122027020444,60.49708254725937,57.984866688427374,61.62183170899657,57.91247640141878,58.26359236384663,60.994666954342456,63.090619605880306,58.9575400081225
photo_flower,51.8113640740158,61.61388065040832,65.27885224474608,63.84896058248548,53.095608172202596,47.100897093482416,53.33801415933249,48.95679545836363,56.83182086354251,60.557941235538934,58.51870635069478,56.74295330721028,55.07114921712433,52.29492473317914,0.0,39.1807094083729,44.69331044308307,56.3395903884976,62.30841802296372,56.810429081503635,65.92801326719966,60.49540798174914,56.95011441297171,60.98991713898755,57.97885258918254,64.78053076004628,60.28112843815,66.37423214744223,55.8374377347345,52.0664016303469,55.92552148506371,56.20537502637278,57.29088868813088,61.61895915033717,52.15663757091408,58.10621032804382,61.058154561751536,48.48200802450172,51.78992944695307,44.54998129905752,48.076209813967985,57.859203322556006,61.706934126051756,60.615412506231245,57.3605179366879,63.283479606250964,56.78773932191319,60.30323457022178,58.45729920805445,46.240338819759785,56.42648516590793,52.685663985709105,53.12071539685434,50.76579566041147,55.33944926511815,50.15944746133702,48.33082656698064,57.792251551536474,51.29830852312784,57.61481382609987,55.38530642330165,48.982717742483345,42.38778377367119,40.008697887444065,44.48648216966296,55.74456712680407,59.02313831846684,60.014061041664625,52.142709169195626,58.13906525518208,55.44627985399946,55.19921721741476,53.04297068530289,54.16043528614554,53.52833169420636,55.093723464310784,56.918947401354664,56.96352503878211,53.92047653250282,56.92776653176332,55.9741919653681,56.44525701396445,54.529771086197194,56.70602479909611,56.44286654430914,53.946876399868884,53.58371516088161,56.47587971593528,55.848096345307816,51.931108848927835,56.66494059718498,52.08124289891017,53.08961223401728,56.310767250419204,58.28880621535693,53.56503667666392
photo_carrot,52.10665175823281,62.32633415112112,66.34108339719245,64.51104143296455,52.49132445849185,46.98449619094814,53.487618712144865,47.94302817235917,57.452190263899695,61.1591376951386,60.045586516512856,56.61498177273677,54.68898666816707,52.219891712244014,39.1807094083729,0.0,44.09053523635378,56.74648952085673,62.99183274239924,57.647196694113454,66.45580575782202,61.42356580505286,56.221567124489475,61.656351474130304,58.1016416838014,65.84466845147236,60.91116080581745,67.28440385660429,56.20625243706452,52.20504130764971,56.86063815283161,56.87660414572555,58.66669600105141,62.84162234114823,52.65014707839221,59.21858331471675,61.87577904543419,49.17026240306742,53.60985210980068,38.81642750884201,48.082032217046766,58.06348001183,61.91436777332133,60.9382849644639,58.4605249630917,63.77939276892629,57.68186381601803,61.46008589625403,59.724278654223994,47.35852303928108,56.73840578133747,54.23460263594482,53.85560366931854,50.332281992662175,56.2226237910138,49.294375857860956,48.61103755593461,59.01720566966038,52.147108921681856,58.65885386960796,55.30483391040968,48.92201929272113,43.735204192026806,36.66591943581298,42.93091312558485,56.025418843020304,59.531416208981675,60.51279363295602,53.33803841228619,58.635999349882276,55.41611329073825,56.47323912271584,53.311725545805,54.60482528849661,54.225292541633515,55.45873667992869,57.27521654711676,57.571335711453784,54.7675114378548,57.59539188098878,56.22222852306155,57.11806332281801,55.118432757917574,57.27493431714492,56.937199175297295,54.339171542551405,54.07377201604577,56.94373764436027,56.43389232253582,52.362486839812654,57.261639598513455,52.44338341514234,53.4951410786662,56.921890019844355,58.89972852847735,54.21633525436815
photo_watch,51.243335950187685,60.78947939320217,65.58458036563327,64.23909738722207,53.572630519496116,48.22008924042796,54.37157185170415,49.75797948388284,57.54036557600341,61.081505295148425,59.819212175457096,57.52267597466186,56.24495524676211,51.2887490202159,44.69331044308307,44.09053523635378,0.0,56.22209759524676,61.64728497756428,56.85623228189658,65.54967315414514,58.59265550065026,55.501968245383,60.291433148309125,56.53944174273492,64.9155998006596,60.5696980892689,66.7779755853373,55.04567877828741,51.69897168551637,57.35488822297712,55.50617466406187,56.89913879395449,62.87236697254542,52.22205592930792,58.20699581589499,60.80711675023325,47.809168580420696,53.18850396027371,46.35968988055577,44.616910253547,57.52612278535254,60.58134919723158,59.60695993303676,58.05848812917288,62.58935255801525,56.65219281961237,58.654207774604,58.66738016574188,48.774156556928446,57.097617941205776,55.28654476296985,52.76541258607011,51.00913184214245,54.67762090615066,49.289655869945484,49.03182019515823,58.227181704442984,52.72793481205106,57.3792330417339,54.81813792842359,49.990649912769726,46.17285338512356,44.56797172605413,42.735333472457924,55.90336373351656,58.99579001711388,60.283251912336404,54.01226034216652,57.04207430168183,56.6240767448692,54.984118063964345,53.61848821337692,54.945591481795006,54.27913135479358,55.620295170309184,57.14982064640363,57.543211442698194,54.677849234578424,57.432484869269075,56.584544333740965,56.88932126178331,55.316637381773944,56.913678391816134,56.72531017144818,54.47113105451365,54.3826097716691,57.01536370740433,56.32527845773666,52.60327773752023,57.01179437458466,52.752396854558654,53.93968610950887,56.8324836174466,58.558978921301616,54.40097466023172
photo_key,59.08021688446351,64.27057560351854,61.44232115072014,65.27535586908996,59.36867895395781,58.73201754054329,59.62722342523517,59.90373885682643,47.928511895702876,57.42954254431532,58.46071023999403,47.227310338668964,60.9725418357385,59.69459073440903,56.3395903884976,56.74648952085673,56.22209759524676,0.0,54.76459771727656,51.464353709724165,62.59672921506002,61.78082694543992,54.18378476344337,63.04164087172898,61.519228941404144,67.24113499627798,49.39584156894491,64.9239943910261,63.36814866632672,61.047324731440845,63.63392028227593,63.21186717648727,51.59014349252282,62.69175899727211,61.11690056325199,50.07246633935976,60.88598602233212,59.21762422275142,60.05102812212606,59.32602744903193,57.43856986645842,39.86316035327087,53.85040299975453,54.12276613910517,50.40646973648543,59.30364702093486,50.54202885336381,63.300270823714456,61.64537832073084,59.50469453518432,45.95866067657984,62.12462321263709,61.11393097798577,61.552001515278846,61.838789685983336,61.39269630210096,58.88062714386088,59.047202850001476,58.83380832392152,49.30011711979378,61.80754679119729,59.10729110751249,56.57387830646783,56.39431443623273,56.88120160350903,40.19265144314554,50.86693708081508,54.0863681229264,62.24566551779959,63.7885261995996,54.13089390810926,61.77665896078209,48.44014894965302,48.21113631713394,48.37920955134866,46.786618554694705,45.95475601446232,46.325850813163385,48.937265171575966,46.831924183397476,46.51494983349918,47.39923075161471,46.32690124947412,46.59984095504095,45.70484381642563,47.515500648039975,47.86084627428785,45.898028349062635,46.39530134436143,48.87119045938737,46.00474258968639,48.31811432890753,47.5080823161134,46.588895472997564,49.70158972869481,48.203669348171296
photo_truck,62.84346420043141,67.37751497395188,61.633435780058974,66.86164062804734,64.06477410331617,63.33820560536412,64.01998605203595,64.67763280296873,55.42319516920231,58.63762613770356,62.71635310053079,54.486375842667066,65.1275949296327,63.27108234082555,62.30841802296372,62.99183274239924,61.64728497756428,54.76459771727656,0.0,54.12065308027259,63.14716952610881,63.93163557337641,56.064702835281935,64.23968590436968,62.24294269031287,68.39783458105077,57.530165572484634,65.45566286303746,65.73903627261565,63.323909422969614,66.42758168003819,65.42889808053663,56.25859866051672,62.499471853065174,64.35449879764606,53.88342144801901,61.182314182548964,62.27959705041466,63.97025559801664,64.38859443291813,61.46070914679986,55.342379982198864,50.11677382502311,54.817711606962675,56.17033120866976,58.66989670620903,54.40306165309284,64.59556584649386,62.46834872020915,64.07683632794856,56.86285668787625,66.52885411942601,63.60928056257024,64.81034246131706,65.54731206655711,65.90414022415827,63.625970211637274,60.53614944898314,63.39001381227969,52.016229552853304,64.80917698638144,63.94813263894553,61.679110964178584,62.156707794806955,62.850125787606714,55.784103562942065,46.57527607114206,55.38896102668686,65.45658044204781,65.43623650392809,58.62855243729609,64.39532207465726,58.93255744264809,59.11665693194652,59.10582009579526,58.15962559463172,57.883712562701305,57.81258389027982,58.60595266560862,58.08104469043305,58.80730177614806,58.43657015062889,57.82596838990349,57.67235956268575,57.652157503485014,59.482610885846725,58.87677388719149,58.14272762751047,58.49217660543346,59.44531549584075,57.49973582470513,58.19979953378493,59.17975024194784,58.22515988477228,59.22117074556509,59.26751107580665
photo_velo,58.09382501138317,63.11754070774765,59.90576524419868,63.9670721465183,57.96990928481617,57.852620551558076,58.02111049856316,59.15055313339471,51.80262642985821,54.78588996989204,59.85041180352944,49.91081006613427,57.2621019875489,58.505321958556294,56.810429081503635,57.647196694113454,56.85623228189658,51.464353709724165,54.12065308027259,0.0,60.91276483612092,60.41084030391298,51.82768970945362,59.8346260757993,59.956705169626666,66.2694325270111,55.380494593077024,63.86377823737629,61.1916787605898,60.25149240016203,62.34693519849996,62.183565264734696,53.92544684307126,60.58030633098793,60.99452186590986,51.14547907447771,57.65348488321403,57.877753612229036,60.43862728920828,60.460040959141686,57.76528677889739,53.62155244516698,53.46635851074858,46.90897720137407,52.81755952929262,57.31562597380522,51.799928435858355,60.54960336986875,60.14817483554867,60.421289993268836,52.582064320387076,61.601909791307705,58.43681861677258,60.34938947235757,62.08100108237464,61.16655166032037,59.24938027619349,57.24842104599423,59.62035761602707,52.09842206851979,60.10344585183852,58.74003641749512,57.042771400228325,58.01875821838536,58.871411782717,52.74931940162236,51.65038122738537,48.62518690588066,61.01924633691693,62.26477121312359,53.29832369453047,59.019065318717594,53.24897806695215,53.05110408336439,54.10414800370001,53.10572544718467,54.26236729902215,54.567806593423164,54.28632975198975,54.59329474457387,53.49305388021674,55.212593385817904,51.79451808044616,54.34321899764222,53.57248104954417,53.4984436639581,53.571665181072554,53.10776250635744,53.568928721332334,53.831769564774355,53.85634993816155,52.78150324539241,53.386012187952,53.7444572938595,56.20945750366941,53.82213409102432
photo_road,66.5735069393107,69.84040265605472,58.52733919766386,67.91352885453625,67.02878300085632,65.66983349297298,67.29927165830539,67.28606869956164,62.62824243264798,60.577496592178385,66.66717920107696,63.471404353267104,68.61600141631224,66.95762921966097,65.92801326719966,66.45580575782202,65.54967315414514,62.59672921506002,63.14716952610881,60.91276483612092,0.0,65.84213018580495,58.244649169957306,65.87587731666684,68.04373604390977,74.19583576161996,66.50954149628596,70.98555421621947,69.75331013449336,68.4694555990358,71.02212026940899,69.84748444188092,64.06330133934938,65.30940882430514,69.70098396351587,64.63377319083396,66.41170287812076,67.2086246064684,68.26689514690553,69.2066246054592,66.79653577888634,65.11617874689802,66.1566867669398,61.38913459741611,63.236482720768166,62.87567209217319,64.05530441156523,69.68622953413688,67.17983325365519,69.92026025935893,64.68629924941276,70.31860479928979,67.35157639954001,67.87388633315393,70.85577953108609,69.46664660851252,68.93681697977784,62.91807355551559,68.72756765923143,63.57089241583764,68.20970123962371,68.00187779484362,65.35354986360618,66.4364265587723,68.07024974626326,65.33885966879257,63.22066610411608,63.70474133672419,69.16124194684377,70.38632015890016,64.23603659244874,67.7221277813021,65.58732886026581,65.58989726096817,66.09554831652987,65.00245632783331,65.20410290522565,65.46276350668879,65.72861650072318,65.33221308157931,65.78678581146004,65.60474928250702,64.74649225334906,65.00161989324232,64.69590051810069,65.70594448387824,65.5137157519851,64.98752206421159,65.23719537764428,65.7881138888057,64.96098113495268,65.04393409266396,65.40536619859287,65.23519270818299,65.76889631694368,65.83702602703245
photo_house,58.88074517782539,58.61144492578007,64.93887698242179,63.804875637113305,60.665612191552725,60.32175283843807,59.41982931707657,61.537131133280695,62.25543775523069,61.409750199699616,62.48971846947614,62.55352509688489,60.46098675263246,57.63254533433547,60.49540798174914,61.42356580505286,58.59265550065026,61.78082694543992,63.93163557337641,60.41084030391298,65.84213018580495,0.0,59.55732159332263,60.80968191347521,63.62835328307281,66.32369468347913,66.09177274314858,68.64923728113088,63.06398264729713,63.20580462821465,65.14548413112108,62.063310068420584,63.113410988865226,64.85555451084659,62.806996956979845,64.11105880849811,63.08367581250428,61.23450284019928,62.68077143429329,63.495765296582015,61.43748408020486,63.986494340827136,64.38230915813578,62.56826435934231,63.95251493276735,63.25919784895564,63.26347174956476,62.63762380016655,61.56824457807573,65.01280059844305,64.68536282863818,64.55898614337804,61.51932351810191,62.079174431220935,61.98032655946882,62.86591546651275,62.93286819318389,61.23364052884694,62.17558138609339,64.00913197509674,60.744563450193425,63.487958067768396,61.08682918827853,61.48603823912735,62.891039603676994,63.93035570958227,63.673077984080344,64.31156479200445,62.406595178190756,59.974027815013905,62.76949442561737,62.13847964065608,63.08457391042569,63.323053805140816,63.555326640594714,63.17441272835424,64.38417322385993,64.90307038315404,63.55480063471544,65.0739265581536,64.08253977839958,64.74527381829718,63.214142573338144,64.43250985163114,64.00892446389459,63.17724266274738,63.18479759918132,63.94546866747437,63.61844558348155,63.59171948115087,64.12512849903757,62.63451049337842,63.08415899487184,64.16142817304926,65.40159389464405,63.72249793737124
