,photo_face,photo_profil,photo_eyes,photo_face2,photo_walking,photo_standing,photo_hand,photo_legs,photo_bird,photo_butterfly,photo_girafe,photo_fish,photo_cherry,photo_tree,photo_flower,photo_carrot,photo_watch,photo_key,photo_truck,photo_velo,photo_road,photo_house,photo_mountain,photo_windmill,drawing_face,drawing_profil,drawing_eyes,drawing_face2,drawing_walking,drawing_standing,drawing_hand,drawing_legs,drawing_bird,drawing_butterfly,drawing_girafe,drawing_fish,drawing_cherry,drawing_tree,drawing_flower,drawing_carrot,drawing_watch,drawing_key,drawing_truck,drawing_velo,drawing_road,drawing_house,drawing_mountain,drawing_windmill,geo_face,geo_profil,geo_eyes,geo_face2,geo_walking,geo_standing,geo_hand,geo_legs,geo_bird,geo_butterfly,geo_girafe,geo_fish,geo_cherry,geo_tree,geo_flower,geo_carrot,geo_watch,geo_key,geo_truck,geo_velo,geo_road,geo_house,geo_mountain,geo_windmill,word_face,word_profil,word_eyes,word_face2,word_walking,word_standing,word_hand,word_legs,word_bird,word_butterfly,word_girafe,word_fish,word_cherry,word_tree,word_flower,word_carrot,word_watch,word_key,word_truck,word_velo,word_road,word_house,word_mountain,word_windmill
photo_face,0.0,52.634304435219875,58.98872937314171,54.64079917673998,51.563692694416744,49.84823180661689,53.21754704481427,50.58375775909098,55.946226622584796,57.7040002968858,56.531465046558836,55.70670134254597,53.19229255887561,53.121589251071526,50.65763553911363,48.805389042114385,51.493402644671335,55.56592346777615,59.16511032482676,58.60046217460332,61.08386904823171,57.560615721005846,56.444463904399704,57.78894675182426,51.90552517251917,55.824190181818075,59.03202453161905,53.37364271849838,53.94035561541514,51.81930459279291,56.469208950483,56.64378759017044,56.125567269335896,59.91852613805816,52.38382424762339,55.94821185027131,57.161026522016705,53.09615450164091,51.4972133785374,53.242697155248464,51.239302646021535,56.26841503129676,57.851037148450374,60.87411521170765,58.36939850590524,58.73194085687501,56.69183947189203,56.34604879754483,55.8520082401475,53.03664832494975,56.1067972476079,56.76550469930302,53.216753114535656,51.73440217679616,53.76085284752033,53.11562961211614,51.65175187531527,58.39567170467456,54.334162997413294,59.1589173492734,54.15533558192824,52.50957619426027,51.69421365583665,52.965299264772554,52.46621017908097,56.419117212927105,56.94199245814058,57.23619905857383,54.425697843921334,52.78260367023409,55.46201482765125,54.0273831489671,51.40271478655535,52.55987897333464,52.16241584702395,52.344514166332786,53.071611799363616,53.0599553569536,52.178656026627316,53.55397065928568,52.72056015033638,53.259192690641335,52.78316426702351,52.941333433423026,53.03032471767678,51.90440853845731,52.472279238941816,52.704190658331584,52.77459714808257,51.841868275311185,52.538424701351666,51.17804896584234,51.74004549729987,52.67356338899053,53.498481749556134,52.63772877533348
photo_profil,52.634304435219875,0.0,63.24301749960631,60.31428921058178,57.998723602115916,59.017237693916535,59.92384022464174,59.1921067229351,61.30986732769366,61.84842125939402,61.399609415921596,61.700782858030834,59.693061478303555,59.66271641812177,60.09081699889274,58.2618674527174,61.017220595527924,61.5429142473934,64.08157494694022,63.71767361542316,65.3709432770129,59.55570800022383,62.09672692555171,61.255545763260685,59.41241636721463,53.14137550469127,64.17703328964166,59.22885068225834,60.226351718516504,59.787184341510795,63.43356981131901,61.1952965288658,61.63895062667484,63.52589316806599,59.364633293869176,61.76698494410274,61.58803968129003,61.850526743345576,58.86786173700835,62.007418326085464,60.217549904639675,62.33540670470404,63.609060878367536,65.52636458683598,64.15086756547763,63.20695467911328,62.66457107566685,61.23216687788961,60.084112843837,61.44521626563376,62.40847113741406,63.15875645235176,60.62722607723915,59.22982206895619,59.85355224501094,60.58203975599121,60.07744576849464,63.391981185849446,60.58010609794538,64.97492155388875,59.457453461774236,60.74397950504144,60.28751021652031,61.910283366230466,61.154074421345655,62.79525133740025,62.83029276460868,63.033380204459775,61.024137845544594,57.42830690055256,62.155288162128834,60.22687539510818,59.531705394533844,60.28728645627557,60.050115765494965,59.68869884646287,60.07853743585768,60.11520766881206,60.156053202172096,60.52370781330639,59.7627917360435,60.38814327407183,60.10674626660475,60.141690265286684,59.94917682955622,59.6387898275348,60.270458214763636,59.68741431816639,59.871180987009176,60.219664952935105,59.69417053781128,59.4485828811301,59.66940844572455,59.71567033657407,60.40812621313877,60.3522184966696
photo_eyes,58.98872937314171,63.24301749960631,0.0,58.78120743879718,62.54637140771255,62.39038524923264,63.701070672327596,62.269560333734304,60.303616864576036,60.59500908409227,63.33084062376712,58.85038770223186,63.244896073856445,63.827414078794035,62.39872352307645,60.696776489245856,63.01591915264571,59.61642880486369,60.266400213225495,61.5707505016792,55.48938281663754,64.3487032897897,58.03500850171558,63.91851973804624,59.877794909724315,64.0687580716453,58.72453074920708,57.165986282735844,63.97486871127092,62.37973175068488,65.5439764625012,65.25666712808675,59.75560219798464,63.31367394213548,63.16386220227986,59.21200028540911,61.66313577248366,63.79878797128877,61.5643424679669,64.06692587826612,62.116805869221146,59.588958815442176,60.39834424953526,62.43142937142543,61.245862952478845,59.64950021853851,59.75714073658591,64.61614399945182,61.21466999689557,63.14805524629687,59.00888413487078,64.38374890462343,63.10203352219213,61.63741446193071,63.584666938813434,63.270202095294295,62.01840314781892,63.2469293965401,63.98462742921074,61.80038056628161,62.314720002499925,62.86270940378289,62.210763817339476,63.13429860476538,62.668064701631415,60.07249859781635,59.134875020520525,59.57057365283729,64.06195951943458,61.878207264220926,61.08477824113204,62.736211946512626,57.806863899232866,58.24880447113838,58.135765448746504,57.32758756371227,57.58817867509968,57.079687033413364,57.839506474249006,57.49678998132503,57.05208088458391,57.400403227651154,57.47217042766749,57.132652189692706,57.01964795346117,58.099317512118226,58.24574083501845,56.873374459890464,57.239210481445376,58.25867392200613,56.6415721641895,57.81970006508936,57.56357296440842,57.00219072298567,58.15935115101482,58.31910464074599
photo_face2,54.64079917673998,60.31428921058178,58.78120743879718,0.0,61.49768961028307,61.09235125107467,61.45269566427683,60.53926957362287,60.706760971574354,61.359400906338564,62.51023674350294,60.59399323259056,62.24716953879671,62.8228519793332,61.47341120195776,60.014211112881846,62.33208636385699,61.107139503454356,62.75306904311951,62.96256328684593,61.99334178750758,62.84215778523358,59.6243673151166,63.463443599368375,58.43182930077194,62.415871736060744,62.74662371007456,53.76724258967333,63.01494736467329,61.48404920465856,64.76026347307588,63.75856064493793,60.84546099174109,63.79841822451537,62.04514337209641,61.057042993821945,61.93329620398386,63.4023775145235,60.523788471464634,63.384592471164005,61.16041066532208,61.31626474262695,62.35732992943792,64.59733178791721,62.604415643665654,62.37283122420832,61.572931900183335,63.342218962141,60.982650165806206,62.50833218002379,61.00917413060496,63.67002659407403,62.512403344992805,60.82570245759732,62.30345025882764,62.61567333420163,61.48186117241878,62.788037874191474,62.84129092100679,63.910398902741676,61.57189450745003,62.15491543373571,61.83975768996088,62.54266631375649,62.14911972552131,61.70175243908815,61.341957689123824,61.49168679064901,62.862333495786686,61.072203510190846,61.64841345171261,62.06669067564399,58.54488894891976,59.24742394534452,58.995510229721745,58.64721132719248,59.33690680860746,58.85333437521642,58.805220879296265,59.4617561817363,58.731381701463256,58.925085992769255,58.85458733757685,58.95797143842272,58.96523004069504,59.051784695009566,59.037284112040076,58.58885978341057,58.7818197309159,59.27729424292758,58.43835852529794,58.6337754271803,58.68086157436809,58.50927376540588,59.33681178576156,59.42193845362894
photo_walking,51.563692694416744,57.998723602115916,62.54637140771255,61.49768961028307,0.0,47.78384810529006,55.72710811854621,50.55163213411141,55.197969325629046,58.83987050276964,56.9245478753617,57.01129757531968,52.659501643617084,53.068886632104295,50.95315650732288,49.557914582889246,53.611191614112066,55.61408558219842,60.694817586845375,58.8079513692157,63.16708674496562,59.36986544301306,57.295845765946666,59.1944603667029,55.017703069018914,59.15276113659177,60.80767971340192,57.5823579353066,47.535163661456615,51.44888520857262,57.31290785418,56.23943909120025,56.41408529209171,60.57473877711429,50.68915878904567,56.97125062451728,58.38865388964465,54.485384690939796,53.49287045305145,54.19233566126994,53.558684970903045,57.22147430578861,59.02764460292459,61.23052163937072,58.787580790727795,59.95993340124062,57.57281389033869,57.609163056653145,58.45150371898178,53.755255675848176,57.626570589857685,58.35911839491377,51.54632533038153,52.153184669542895,54.21283071737755,52.88214845013593,51.948340437978835,60.24271691135483,53.744295379291586,60.58972681443599,53.309307860781615,51.835728774757584,53.47248551837023,53.98270343406038,53.6821958283005,57.62488867904332,58.46916108811622,58.53489188131679,54.60916894064268,54.567105508108256,56.42214447219683,55.58301248744548,53.02355481753997,54.17353992269115,53.88291900436838,53.88504052875362,54.63265019324675,54.69574035130765,53.807708066685336,55.126609956255734,54.10460927832497,54.92628472953495,54.2379050073906,54.73412599216212,54.64502563357524,53.31963883780504,54.05124082674287,54.2824201504233,54.1914039521222,53.604545706086405,54.21858359423678,52.85528202849746,53.453087008368534,54.19167285795665,55.09542019446652,54.075456172782594
photo_standing,49.84823180661689,59.017237693916535,62.39038524923264,61.09235125107467,47.78384810529006,0.0,55.03060102968824,47.8667691632791,56.24800301364215,59.095838321960066,55.8063112224108,57.10152536076389,54.568875588362786,53.38666217851559,47.66285604971757,45.676411597877035,50.52306793588958,55.8768331750149,60.66657792628027,59.20351118601523,62.43712312780917,59.26800609913965,57.26748473928833,58.452062616127094,54.60853292192665,59.057485187086016,60.47198444070806,56.87794747198296,50.609256309862964,46.51400546426101,55.5153005296839,55.35965561949012,56.514007187020525,60.1831400876378,49.277281154393485,56.55238430832829,58.574904806102644,52.69551684993679,51.722082458071746,50.07575336049341,51.09283641605116,56.458102380126974,58.78821206042149,61.45498720698979,58.21660725543924,60.14692713229191,56.850821805568316,56.030249767356324,57.64418799576267,50.67432557944591,56.84238945311636,56.300961773862944,51.401146467896446,49.130021152755745,53.2263365402041,50.35933282240582,48.54609796641964,59.32770503334527,52.891169545985626,59.9309800199411,53.452849584517445,50.78507635537237,50.24750435522853,50.087077304872,50.21728963515111,56.752730709210006,58.01807927405878,58.12762454922014,53.90438000327382,53.6321793670536,55.937709305493506,52.989196718953245,51.653030285248036,53.02233802662479,52.27820972279047,52.746840626844666,53.53264043701688,53.6534462465665,52.38108225352891,54.13269537743938,53.13916602139407,53.90339807379577,53.016085516723656,53.509488267066196,53.80623011263184,52.116880790974804,52.7253427824531,53.491694432391384,52.982277834552995,51.95133007030974,53.14866933866039,51.301392105108306,51.98948328248037,53.07845662391637,54.19362633005136,52.73577247905296
photo_hand,53.21754704481427,59.92384022464174,63.701070672327596,61.45269566427683,55.72710811854621,55.03060102968824,0.0,53.755789460015926,59.85877583771465,60.83662395209249,60.955723322062916,59.16029890716444,56.2807317741532,56.27320643652306,54.894672369487935,53.77129146725387,57.618963697383165,59.618573701155135,63.726635711071566,62.75443467180086,65.28476903845262,61.87364831398305,60.47576621518886,62.59019845125319,58.97419820278973,61.06026923613675,63.4956757000244,59.45346998148873,58.27177672134195,56.39820123338018,53.8906040883846,60.33045531049715,60.93404222306803,64.22290892947164,57.05459041483741,60.73694187773206,61.395573037820995,58.1774015344258,56.940459312154864,58.401542568163165,56.7387470385687,60.941873611286006,62.45063951881145,65.16429158049418,62.71452112431254,63.62125887896414,61.00074150646152,61.08458069274756,61.61038786526008,58.472615015384314,61.56546713229513,61.951335328229796,57.750271712689965,57.297481806960256,55.6910043870562,58.564997638457434,57.19784135520485,63.40410828849985,59.18856225168057,64.07440675282835,58.568725640934446,57.55206698670662,57.19604177364238,58.07443804810434,57.83514749108305,61.373904305325695,62.28224097223641,61.87868671729333,59.57300352400391,57.67473486558929,60.25245813260246,59.32316623124711,56.87348586220741,57.72349652804294,57.449947433428065,57.634107148496405,58.181170648115106,58.24965526556398,57.49885069013209,58.68217017253894,57.7447670710393,58.24261101264853,57.7114243627556,58.17132114121586,58.07718829111882,57.39012460378325,57.69570838418272,57.83346450554264,57.95073093024461,57.192306051914656,57.697111905917296,56.72783572362965,57.12665330606408,57.60319511655614,58.614609579489304,57.80918917171453
photo_legs,50.58375775909098,59.1921067229351,62.269560333734304,60.53926957362287,50.55163213411141,47.8667691632791,53.755789460015926,0.0,57.021553751759186,59.67661202304647,57.748332618273736,57.355605413444565,55.23173478335927,54.352198120913876,49.601823173521375,47.716312108420965,52.48467902496116,56.64132885885569,61.91741330336266,60.228889166016685,63.27522543906026,60.85103946888677,58.011800109859294,60.049122061309866,55.81715006418877,60.07497819765682,61.54699157553314,57.71638950673293,52.74123479557899,51.923329017007816,57.2350160617191,53.51757546263795,57.672359833154644,61.561182329247856,52.34304705958822,57.74783251572696,59.25760331156509,53.598246912433396,53.26771946430202,52.81947712472293,51.59647945118085,57.572853889554914,60.376372338776264,62.5624743567131,59.237127646257306,61.410489394383504,58.0077673131001,58.26563930088257,59.17820405414642,51.103741655978865,58.128569081029646,58.39338575447653,53.76917774340333,51.7599042329265,55.33708688986315,51.1740612172031,50.5210114333714,60.69854429555601,54.96327013246479,61.078883404032766,55.37329785390305,52.54542998396944,52.20635284684597,52.09127949477206,52.169948302256586,58.066471135816336,59.08888052537521,59.209106936600335,55.4648618266926,55.26060071473493,56.71120363942359,55.86300324397035,53.07145390430273,54.35784431159172,53.543498224353364,54.182196264743695,55.00454448474021,54.9370898722147,53.69263842325673,55.44911728167565,54.670001529899224,55.2138260947095,54.481941508643864,54.86501858981286,55.03257769420084,53.640667019280166,54.05033357278149,54.801103110812264,54.606826935608254,53.287096502096766,54.49117094231836,52.91599252155554,53.38062631602346,54.46746793341412,55.52351274051938,54.06832222463343
photo_bird,55.946226622584796,61.30986732769366,60.303616864576036,60.706760971574354,55.197969325629046,56.24800301364215,59.85877583771465,57.021553751759186,0.0,54.69918981198384,54.62883565864731,48.83901889980611,56.78046924191407,57.03091471179534,53.88568132491011,53.63670425811835,57.82192710366601,49.402437637379066,56.766345328337366,56.07833906166119,61.19522153097413,60.90277545199717,56.19992679057582,60.86157449514209,57.332709528056554,61.7246121573594,57.40170035400936,56.03077986212276,59.306120330274744,57.32026338256605,61.60878862801838,61.850277215377595,46.81398854435073,60.29678990139245,57.188272275025255,52.3801422151264,58.04130691231062,59.122597603633885,56.134629400139396,59.04428558936214,57.776251386010024,52.57594396949506,55.23109228876052,58.46508375099702,55.79630316829729,57.672971265092,54.1782523110978,60.8740748130057,59.897993312179516,57.83094269405755,54.685426506013535,61.51815599656863,58.36177801338903,57.44993542284194,59.565769644893955,58.680525600868904,56.662452828504954,60.768710058561304,59.142512216931095,56.396443569630115,58.39982306712917,57.28498033751114,57.07338034170958,58.074850143208955,57.843128096711894,53.48932421814352,55.31165023151738,55.85199600841381,59.86878906457946,58.4153693916239,56.11438829047654,59.368824847854754,52.132607060105514,53.085718960837525,52.38018655493545,51.35302503006583,51.75538849879207,51.494761059926766,52.530646448305255,52.33723257742728,51.10201820824928,51.91960608020554,51.79669305674212,51.794739648638995,51.69721956579061,52.13201888527049,52.329887140411664,51.22849675875016,51.37871296830847,52.94658690023656,51.29367244255899,52.08308218678912,52.01616635605562,50.94330512557874,52.97077734583733,52.599970113801405
photo_butterfly,57.7040002968858,61.84842125939402,60.59500908409227,61.359400906338564,58.83987050276964,59.095838321960066,60.83662395209249,59.67661202304647,54.69918981198384,0.0,59.01977614144903,56.25252359266764,57.75425326273876,58.68589929651071,57.71740296140981,56.13810903604059,60.483429618327925,56.30868122304935,60.045608149930416,59.51038540883615,61.84218019902221,62.02654158372182,57.95317208384802,60.132693223251486,58.887574370249474,61.615289763883595,60.58179789186309,55.770202561840634,60.55993764901618,59.18155705760805,61.95438097435674,62.81303413059391,55.40685181076251,54.06152334345428,59.2516573909432,56.597371094844,56.907854940336065,60.41682898866163,58.05178742639884,60.16137889756725,59.09756339332931,57.623106711910694,58.75172767902253,60.401902203555665,59.33217287965081,57.896402978367036,57.8176321779682,60.626378573583466,58.33199213114324,60.324539709180826,58.03994435119451,62.007528382284235,59.54821357434036,58.25251974119932,59.856366230847854,60.70381417774338,59.16664152739781,58.566080361856116,60.42033812096743,59.97866379079286,59.16148717584847,58.58306756526033,58.37732092317108,59.74338312011202,60.32954930518851,58.740278563933934,58.27359641567319,57.69679462106766,60.8960026776143,59.09659741500372,57.87651061704322,58.92379597082978,55.81410484173942,56.404569955727716,55.999597681510565,55.374302509999836,55.667658260235,55.52234659625448,56.12553908400985,56.0472096074326,55.15398764773445,55.958529926409554,55.73589475025166,55.662393106755474,55.26556249613637,55.86146614170463,56.161704672761935,55.01865681500159,55.19063314711685,56.48069645851449,55.16669614256022,55.61496559909223,55.80032535345039,55.09254224564967,56.399773168883414,56.32558584971388
photo_girafe,56.531465046558836,61.399609415921596,63.33084062376712,62.51023674350294,56.9245478753617,55.8063112224108,60.955723322062916,57.748332618273736,54.62883565864731,59.01977614144903,0.0,57.62350374149465,58.00411768218252,58.21968929396458,55.58116447614932,55.47782460319338,59.55172694014724,57.83560106867565,60.85045760746085,60.940230949630646,63.82884853595269,59.46716002318184,59.129873998181395,59.52069767042789,58.20056723282713,61.75301126694084,62.700195463590184,59.13101087169675,59.12279331718511,57.027332716472905,62.07429531494347,61.253030030982615,57.904486500579644,61.74256164798773,53.98571652559871,59.295742558706245,59.63413895660608,60.370900053129645,57.6866314131986,60.30008968689393,59.33378390878443,59.64660781606624,60.358356315406965,62.16697901043495,61.58563645160548,61.06074831375381,60.14479411462742,60.90125044882608,60.800513905746215,59.52336890340749,60.61929150560163,62.75688448429161,59.60114756913906,58.17312018131839,59.966350766656845,60.04324783614094,58.56335478294602,62.315268262517854,56.90646270409865,62.54819248315676,58.621610631470816,58.80205066434025,58.51505427352998,59.95831863457855,59.91730573813801,60.66555799059693,60.22869402259751,59.9594946428425,60.39555482656478,58.34447254465904,59.33720592508626,59.773059937627266,58.17271727335041,58.8583681439546,58.41485413303665,57.760322142657365,57.67100323288728,57.76135816342628,58.626183222241686,58.22806154105089,57.6459151031053,58.36105773426665,58.44748851568852,58.10609695195511,57.79743422312631,57.99311276369435,58.56037939454794,57.58052362052869,57.84822219244709,58.73609159376652,57.500113160794086,57.94101923783199,58.132257421134135,57.655963062968496,58.33589802086127,58.70089654628042
photo_fish,55.70670134254597,61.700782858030834,58.85038770223186,60.59399323259056,57.01129757531968,57.10152536076389,59.16029890716444,57.355605413444565,48.83901889980611,56.25252359266764,57.62350374149465,0.0,58.03281859337746,58.33185967981707,55.64586625450743,53.89936324483305,57.661362449683395,47.73101993065012,55.16496123612288,54.43096109551999,60.48867037838883,61.957190732029936,55.24685136469683,61.78501687116036,57.09874763094638,61.402445381942,54.26675839111877,56.02345274973313,59.6686640597062,57.505756163468035,61.05889958032075,62.83057715165783,52.16577507656811,61.20572958384549,57.475817436496904,46.419254284218844,58.53664809667328,58.485450025326074,56.75413810606885,58.74272038940468,56.788399678417754,48.12907077397672,52.22905767213131,57.02485995431232,52.847769020410624,57.827358214813906,51.20895872699549,61.036377983772816,59.46278332968961,57.386831265754914,50.9896277318346,61.44124630962046,58.59598814044275,57.37915551029552,59.404588799233906,58.52396270867856,56.6075525412156,60.70424472662006,58.68014743041542,50.375286182875364,57.84730366519364,57.19902041210726,56.98635965857941,57.85393893502545,56.91179203267328,49.443706846310356,52.82806675201087,54.111639337468745,59.88503577144705,58.32479538283863,55.0521987608928,58.985192781193255,49.57263627782175,49.89428354393123,49.6998874509118,48.61897432241371,48.01443571323006,47.61584826689437,49.66965327396922,48.345078870184615,47.6891370191906,48.70840409880377,48.790214901639885,48.073352403007306,47.68681564352954,49.563087687648675,49.64211476603077,47.34779752869107,48.037436454341936,50.440240003294406,47.17805541342449,49.42923032721395,49.318788533879705,47.56349248034846,49.76317712443115,49.92129006688548
photo_cherry,53.19229255887561,59.693061478303555,63.244896073856445,62.24716953879671,52.659501643617084,54.568875588362786,56.2807317741532,55.23173478335927,56.78046924191407,57.75425326273876,58.00411768218252,58.03281859337746,0.0,52.93909672398457,52.88794306061215,51.59506281052399,55.797272122641864,57.04986321619131,62.57127744204097,60.74645386903064,64.05245626710996,59.18625668149346,58.53777741817704,58.58713174242211,57.59066599452739,60.293349809632474,62.24410698214438,58.9407942456894,56.15825033134176,56.48932248270632,59.57053505597698,59.60374462799141,58.43936484321136,60.13965518412934,54.996444177956484,58.56044718373251,57.05507366376429,56.765485113836526,55.46661528619452,56.76765773251793,55.970736808440556,58.936072075488795,60.726798456405575,63.07775793812433,61.00450255308777,60.58401158996434,59.17179704475249,58.44474976958025,59.042804501478834,57.163444790889606,59.099690810497684,60.32513915976349,56.09383725446089,55.4116164798142,56.02333567877584,56.31504421952118,54.874963907945535,60.862783463936495,56.329453449546904,62.341158368327065,55.10680223352167,55.39217218400599,56.14900703954601,56.9142595490707,56.767564557223885,59.54818364162878,60.06612350954985,59.69301142523996,57.156523878560876,55.97352997150953,58.25717913495532,56.744400946330536,55.68097031927184,56.818709644032566,56.400621931814534,56.35179846481505,56.768103981790716,56.91793754601096,56.49319418841976,57.48817419773707,56.27943756964208,57.38891318059634,56.785104147900704,57.037037433624135,56.897940641696984,55.929072643447704,56.67886196857472,56.604416767562775,56.62586963152417,56.36104580928334,56.59175325730651,55.63369733175303,56.03217842249059,56.50577724725765,57.27085054262508,56.80444010693755
photo_tree,53.121589251071526,59.66271641812177,63.827414078794035,62.8228519793332,53.068886632104295,53.38666217851559,56.27320643652306,54.352198120913876,57.03091471179534,58.68589929651071,58.21968929396458,58.33185967981707,52.93909672398457,0.0,51.669616106862854,50.304633889482,54.50886959090842,57.39812294254685,62.672809269662665,61.1554197464744,64.59749030046954,59.06193927744746,56.64549995448385,58.7335195923792,57.19637912957925,61.08580611339915,62.626321482094575,59.41548238128771,56.334246756553746,55.57014901734736,59.56349482397719,58.762709141835494,58.84052961275533,61.60904628865474,54.57748449504866,58.96973349539538,59.49393342079447,53.4769598600349,55.55196055387223,55.976853411963695,54.88452182240188,59.672770992970975,61.237348878931016,63.18911264651976,61.19584687569897,61.45418906489975,58.64058792929866,58.965803853993584,59.82907035309244,56.25448332205716,59.96140348464772,60.330085690328545,56.57305027269492,54.84694471462627,55.19204776274071,55.45960284211322,54.19500327914349,61.69666761809234,56.46065427227488,62.79139043486971,54.83996941516274,53.37814731258665,54.67690574727759,55.34575275428515,55.653822204045326,60.42381604408132,60.57933268806265,60.69737828995067,56.32208279171666,53.69134972059042,58.25504616733599,56.54669519812892,55.27797286520939,56.696346196574524,55.98894547186316,56.17380221570327,56.77894922968609,56.81108270968462,55.96805031186129,57.32792412393853,56.33243879074577,57.153081366039295,56.412595744386294,56.815132546231446,56.89666767334957,55.89421591563717,56.41473258151741,56.60922256381093,56.5737792542416,55.88602672188871,56.50157287625462,55.10888844773017,55.61953525350816,56.3577714916341,57.12939670339447,56.39730582282079
photo_flower,50.65763553911363,60.09081699889274,62.39872352307645,61.47341120195776,50.95315650732288,47.66285604971757,54.894672369487935,49.601823173521375,53.88568132491011,57.71740296140981,55.58116447614932,55.64586625450743,52.88794306061215,51.669616106862854,0.0,39.07148980702927,48.55101865669446,53.92029438971295,60.599121733252225,59.37484254480389,63.027123126379685,59.42626258217408,57.324304305695286,59.407706055651964,55.19399272942645,59.565441104746725,59.76249532707211,57.13187571159294,54.09106635208807,51.01597567696035,55.27881050760555,57.84933919344794,55.82657500579504,59.79877250335439,50.594442479726396,56.3796260217905,58.5500045218577,50.8109887694413,49.134035783320726,46.04913362945951,50.43571932555402,55.74605592744074,59.113226039089305,61.99606820131232,57.49937179413194,60.22630147602634,56.51714144628186,57.377542634595855,57.71182430009294,47.93586533016668,56.11934350810713,55.59329981454358,53.54967947363038,50.01914597776859,53.090952931078895,50.286155379451685,48.170248780666086,59.7945369723129,52.92323799023504,59.9068450014033,54.479057464317066,49.438359244980404,45.666549620601586,44.91462136173056,48.48827860320795,56.22046342202167,57.98881283863451,58.45298151577141,53.09201796003584,53.64279126476385,55.182161925790204,54.39009228907296,50.58221755648429,51.9843686479524,51.013507206150145,51.82293637602693,52.66131592952111,52.478457083700185,51.44234185434269,53.27724944691207,52.24062616083482,52.793936861799494,52.45603783121318,52.66437528470647,52.892907525711365,51.16769608624208,51.38593433145172,52.55573186815485,52.233792158168086,50.619834757279754,52.45863353112105,50.38445017328186,50.7088882631329,52.261872737768755,53.36973263444023,51.52124372740874
photo_carrot,48.805389042114385,58.2618674527174,60.696776489245856,60.014211112881846,49.557914582889246,45.676411597877035,53.77129146725387,47.716312108420965,53.63670425811835,56.13810903604059,55.47782460319338,53.89936324483305,51.59506281052399,50.304633889482,39.07148980702927,0.0,46.1636612966866,52.423188842549514,58.83214974345627,57.62892644539626,61.22347788217102,58.20836448130822,55.25300035316817,57.747805182352444,52.796137562965455,57.44721026301555,57.601857045552144,55.47778294440515,51.77114892527077,48.425751237015696,53.38767289730434,56.196659852885034,54.40754312927142,58.18194523961218,48.67196228174869,53.63312732396027,56.59516237916481,48.096388812320846,48.36759914787381,35.30681599759079,47.024199033085495,53.197223667948876,56.90101643940857,60.18464119433609,55.64363394514409,57.994420532557,53.913728324751695,55.470379918026374,56.067831845984735,45.188826399152326,53.5443351592638,54.188942791702374,50.51772308490901,47.18184161141633,50.4058747685987,46.43071191380325,44.96939263747258,57.78071569515232,50.63847259651052,57.52144420325675,51.450448784633316,45.644867574282635,44.59545508992598,37.820646586876464,43.44577107787042,53.4489490384209,55.542684930228624,55.94975350224109,50.771344917705726,51.22278341844406,52.58379918095227,52.03308893586375,47.82794359956478,49.39849585820477,48.470170247546605,49.052625079278236,49.870491442245466,49.93134460600481,49.003668461906166,50.604074638116394,49.42403179525099,50.306721569830835,49.662460375427834,50.01317919371893,50.34188122381203,48.52763009304943,49.03308444000978,49.923694690464956,49.53173658158993,47.86578466248258,49.803274222245534,47.46314919469575,48.21085914549237,49.63435323892378,50.427147556239156,49.097803897295
photo_watch,51.493402644671335,61.017220595527924,63.01591915264571,62.33208636385699,53.611191614112066,50.52306793588958,57.618963697383165,52.48467902496116,57.82192710366601,60.483429618327925,59.55172694014724,57.661362449683395,55.797272122641864,54.50886959090842,48.55101865669446,46.1636612966866,0.0,56.031711776687644,61.05746590817663,59.90363750210729,63.6571763851116,60.69668959115755,58.169518271961365,60.71352229244337,56.096495599207906,60.79055669370902,60.63422779133701,58.311960865154695,55.47705659631117,52.58728382842783,57.300056937595606,59.32572662889782,58.07713086715308,61.55587312614833,52.86710637871127,56.993168474667684,59.72365476616076,51.65071126898774,52.19413082848763,49.70627126658127,45.10421259239618,56.91800132923643,59.8594535319622,62.592148930713556,58.895373905544446,61.138731050142994,57.26427854362609,57.77403929035798,58.26797914425513,50.15687986962333,56.65412354259208,57.50606936001849,53.96025520266138,51.54831922557074,54.5669862016899,50.26805965260306,49.860141619077915,60.64626877346394,54.63885255725682,60.1225058682348,54.886750046168935,50.81935127995253,50.494731694372305,49.588129562254984,46.4876365466242,57.1630384823166,58.72111477406047,58.99541255688229,54.38339140635037,55.07846181287622,56.499073981568934,54.829540604176586,52.08215278643388,53.42496491809213,52.919007080208196,53.35449516679652,53.72197424931727,53.849012746616424,52.93223342315534,54.53249534186783,53.41222558317192,53.91840216921596,53.28447978888769,53.75897677482189,53.897638139598286,52.548933865684575,53.405672924561834,53.90708131126826,53.60465433900874,52.08131703320367,53.38738627076661,51.665970539366334,52.56391007003613,53.517485625285126,54.3245066810277,53.193767091007416
photo_key,55.56592346777615,61.5429142473934,59.61642880486369,61.107139503454356,55.61408558219842,55.8768331750149,59.618573701155135,56.64132885885569,49.402437637379066,56.30868122304935,57.83560106867565,47.73101993065012,57.04986321619131,57.39812294254685,53.92029438971295,52.423188842549514,56.031711776687644,0.0,55.1112511695865,55.201443131109244,60.32299085015602,61.427099229511555,55.10482064305408,60.823841885952476,56.91580048666451,61.92586615895159,52.53662894087954,56.14723692640263,59.60921290166344,56.74065597426034,61.01933496107861,62.218127041972025,52.536252962905394,60.006501842481015,57.63900614802612,49.29852066249769,57.720815276202934,58.12453467788889,55.86944756069804,57.19452931249825,56.028530558955914,40.881561417282995,52.35272618729449,57.840432179588625,51.548639924916536,57.66329626545143,50.58800358613011,59.876946936713544,58.62167407611649,56.193667194773155,48.2709067624826,60.427472599313084,58.0286218297522,56.62182688109956,58.67131375608884,57.357979600916984,55.0338228918104,59.733141324932966,58.15275172255482,52.270901829308755,56.93685169309493,55.796176118517316,55.801688810240435,55.98104835274478,55.28330244743087,42.64634385357435,51.60346024750153,53.66919217229428,58.70090172341475,58.05668977149959,54.02503174714392,58.476692371011204,47.77219805272391,48.65284817106307,47.470386074278565,46.043465905742096,45.62825547719805,45.01039878783957,47.66781172627538,45.974774544644085,45.69136681674039,46.17733396647788,47.01014069592853,45.3791416495409,45.869910786216295,47.62501461717358,47.722753888639055,45.42239051850164,45.81083049102065,48.29124061290418,45.276840017337676,47.6160183773116,47.03727199117358,45.58762551519019,47.81670398243869,47.62306626172861
photo_truck,59.16511032482676,64.08157494694022,60.266400213225495,62.75306904311951,60.694817586845375,60.66657792628027,63.726635711071566,61.91741330336266,56.766345328337366,60.045608149930416,60.85045760746085,55.16496123612288,62.57127744204097,62.672809269662665,60.599121733252225,58.83214974345627,61.05746590817663,55.1112511695865,0.0,56.6058283525803,61.13885495213263,63.24214117354602,58.10822517339701,63.14741190455604,59.07548368995467,63.395753168138874,58.63075958167522,57.3897735102327,61.6629593879926,59.86766152744012,63.51583890148669,64.42542577595908,55.79349099264215,62.435695450566655,60.37024079047989,54.848213396367726,59.50485390988815,61.522417091938806,59.11511910697362,61.49273158249192,59.82814465019453,54.33195946047659,48.4082158475058,57.46877907870302,57.399241119629586,57.64263703018306,55.62104738596476,62.116322483172716,60.863090418424264,60.58117372590399,56.8318796586574,63.56613583601091,60.549499178201614,59.473615532979764,61.280433032856465,61.36069821367762,59.634996654963025,62.48942379335769,61.18362858342264,57.098525443897586,60.73489651112022,60.852633591067956,60.2848115288731,60.88115369486086,60.51384407199555,55.868482442543254,49.7749553243173,55.794650938548834,61.953029003299584,60.18013629395207,58.346746442056144,61.336656189619795,55.706611990963516,56.21611557570173,56.008977692947106,55.070828191126886,54.611276751952,54.13681749245848,55.81815094092479,54.73791072767321,54.88336334903214,54.68207905654752,55.31991895604414,54.20061636290988,54.575860320311946,56.029392243264745,56.12519135832329,54.285519855476934,55.01008254591272,56.456792510967865,53.93672094404984,55.65210837196598,55.636310659784215,54.6584889602277,55.096504212337976,56.32528877933187
photo_velo,58.60046217460332,63.71767361542316,61.5707505016792,62.96256328684593,58.8079513692157,59.20351118601523,62.75443467180086,60.228889166016685,56.07833906166119,59.51038540883615,60.940230949630646,54.43096109551999,60.74645386903064,61.1554197464744,59.37484254480389,57.62892644539626,59.90363750210729,55.201443131109244,56.6058283525803,0.0,61.94434166635978,63.2526809085767,57.28917433013334,62.302709517517435,58.61774777019865,63.07345615333142,58.99146976529494,57.2788796696613,60.67192544912921,58.880405479816694,63.53199149679021,63.69350631807151,55.76442480576565,62.40183745778937,59.61944996339097,54.39426295935913,58.03733055131175,60.26807714180887,58.52463907458061,61.01790436913972,58.825664838855495,54.764141954891194,54.361450901419694,45.99045323531065,57.07991057605521,57.613242061650766,55.39371580493027,61.31122729929352,60.056411141528976,59.98224755197555,56.12544107710327,63.03317175774325,59.40022152983066,59.147918422394945,61.232160278945294,61.02722692792081,59.00164920092916,61.84989889937673,60.48395435073376,57.734131555485014,57.92568693685283,59.108571432807345,59.48431261691564,60.501860713650736,60.10825637718075,56.079439147171456,54.72058866717142,48.538911696986254,61.86468019492976,59.68768723424526,56.94502830595032,60.35830349550793,53.66833890722998,54.112789481902176,54.07387663028764,53.15117093717522,54.01405529869711,53.55837526815873,53.95761747373431,54.008073931933836,53.05747096887796,54.05034795009123,53.12648430885137,53.754930158469065,53.22789864790026,53.77808292993598,54.254162594196714,52.594281566582865,52.89556131253288,54.65728235396965,52.869019806210034,53.70829718253241,53.555393615034816,52.82229191031594,55.24595765983723,54.0851285517898
photo_road,61.08386904823171,65.3709432770129,55.48938281663754,61.99334178750758,63.16708674496562,62.43712312780917,65.28476903845262,63.27522543906026,61.19522153097413,61.84218019902221,63.82884853595269,60.48867037838883,64.05245626710996,64.59749030046954,63.027123126379685,61.22347788217102,63.6571763851116,60.32299085015602,61.13885495213263,61.94434166635978,0.0,65.24622869239884,58.79585529309655,64.66167672372488,61.74914560712844,65.66084920022823,63.17685988925449,60.11094357806784,64.59699174758525,62.82220746110459,66.43575511271044,66.32220482430185,60.90925766187238,63.773391035917,63.70318341707783,60.291092412628856,62.224897488434046,64.5539525849055,61.950993798630975,64.34563068877192,63.06237844863044,60.4181534776582,60.849024861169845,62.488796876952556,59.68042305114804,60.685098179855466,60.37567916150817,64.81771047735826,62.59952602033266,64.05219622699897,60.593868819749545,65.40350293313081,63.62729510925914,62.19440525853052,64.26541377678583,63.763025784274596,62.88456565981218,64.18048065589313,64.22446886569158,63.008814626645005,63.09749441075783,62.759198711566704,63.02000937069683,63.45464122815079,63.48505912525453,60.83866027812412,59.88759334526319,60.43362642968575,64.03136750429142,62.793761793503194,61.28861126942768,63.14530785988787,58.887300332347856,59.39738677515497,59.05413907677483,58.35839791082981,58.295729172141584,58.03922342188367,58.847640082742906,58.52983828539698,58.212111477471844,58.14779076472253,58.66598229025037,57.94068436515341,58.21253885527267,59.04513751006714,59.185469153997694,57.93406140976474,58.32724245864959,59.23622106014915,57.77963646673934,58.75569324120779,58.65492093144953,57.90231277986605,58.93576097484853,59.26666354716638
photo_house,57.560615721005846,59.55570800022383,64.3487032897897,62.84215778523358,59.36986544301306,59.26800609913965,61.87364831398305,60.85103946888677,60.90277545199717,62.02654158372182,59.46716002318184,61.957190732029936,59.18625668149346,59.06193927744746,59.42626258217408,58.20836448130822,60.69668959115755,61.427099229511555,63.24214117354602,63.2526809085767,65.24622869239884,0.0,61.40777273678694,59.201746711778405,60.72294755262426,61.78912962898249,64.90289509308856,60.600074588918424,61.14687681700937,59.66717952240131,63.899144404095324,62.95909647266038,61.93597472290776,63.393085559878664,59.2343852699074,62.164342190756614,61.02720051302299,61.98819196259512,59.233128311314594,62.088861150445894,61.00797435102497,62.44798688393197,63.040110158557844,64.75429479066544,63.92956563769395,61.11939137438899,62.988475589575096,60.979704304162034,60.16362256814024,61.998265734617135,62.97174763454638,63.52156639473677,61.14597188714141,59.40760624179284,60.59294251364383,61.42389224511315,60.52090611860532,63.706055092395474,60.822365771351386,65.58188581692703,59.43672405970658,61.08729721713261,60.822133247374076,62.033561918623995,61.741169591342775,63.42105995258283,62.49311723749447,62.94567827928882,61.36776154816358,56.82322707438961,62.225641137514806,60.75113395606952,59.865031762285355,60.65900305312343,60.51740610631743,60.014261785226665,60.44282431411873,60.53638098531331,60.63311230222957,61.04339206630856,60.136167548436404,60.75903440551219,60.46369764767358,60.55232876276608,60.38356700011782,60.061762861521764,60.61000888465758,60.072787104283215,60.29333580461459,60.790813941153104,60.055818230982105,59.85870400694168,60.19320595958902,60.13695127370452,60.8350225803539,60.93789864776567
