,photo_face,photo_profil,photo_eyes,photo_face2,photo_walking,photo_standing,photo_hand,photo_legs,photo_bird,photo_butterfly,photo_girafe,photo_fish,photo_cherry,photo_tree,photo_flower,photo_carrot,photo_watch,photo_key,photo_truck,photo_velo,photo_road,photo_house,photo_mountain,photo_windmill,drawing_face,drawing_profil,drawing_eyes,drawing_face2,drawing_walking,drawing_standing,drawing_hand,drawing_legs,drawing_bird,drawing_butterfly,drawing_girafe,drawing_fish,drawing_cherry,drawing_tree,drawing_flower,drawing_carrot,drawing_watch,drawing_key,drawing_truck,drawing_velo,drawing_road,drawing_house,drawing_mountain,drawing_windmill,geo_face,geo_profil,geo_eyes,geo_face2,geo_walking,geo_standing,geo_hand,geo_legs,geo_bird,geo_butterfly,geo_girafe,geo_fish,geo_cherry,geo_tree,geo_flower,geo_carrot,geo_watch,geo_key,geo_truck,geo_velo,geo_road,geo_house,geo_mountain,geo_windmill,word_face,word_profil,word_eyes,word_face2,word_walking,word_standing,word_hand,word_legs,word_bird,word_butterfly,word_girafe,word_fish,word_cherry,word_tree,word_flower,word_carrot,word_watch,word_key,word_truck,word_velo,word_road,word_house,word_mountain,word_windmill
photo_face,0.0,41.83055566754621,43.25963614232604,42.92626303755376,38.447941616853555,36.63528785359013,38.10455156886002,35.328120904875064,39.75060881021224,42.72743012586141,44.43157913567485,40.12343728509257,37.886815586361095,40.262637266805164,36.071096610695975,35.694680102567695,37.8513834399881,39.73888947003407,41.89737183438088,43.07720114786072,46.55876039765842,43.66974790587551,39.89149035441192,49.67189245056498,38.603733715250364,41.06699965007322,40.24754677816696,42.227894529463796,38.574544621685725,37.47113988127079,40.11792816642091,38.94373347665329,38.06578413160367,42.67906625825927,37.18462456698755,38.99714135156005,43.18453646921657,37.54778846412291,39.04361744568856,35.83286806711963,37.03843745016914,38.771221565060074,40.14813390419117,44.137263217054155,39.597986336161384,41.86316706856714,40.580295862453575,41.141866302677315,42.19373590715104,35.41726948670891,39.08173151918238,37.53183318830113,37.85010895191627,37.917622467070416,37.50592756572903,36.376212472904626,35.90820820399476,41.62984998198349,36.954312164308696,40.234785080138316,39.420613279593866,36.60586599256598,34.81614259521641,35.281754134520156,34.82402951047419,37.61067741135116,40.01804922760753,42.26825489606474,37.58807200351897,37.345802215126305,39.40272713090939,39.79229364399834,35.89235514956792,36.43995723722105,35.42920040221959,37.02414908771285,38.40821411197435,38.51252760863968,36.081070911407025,38.417811592234,37.80919805849321,37.933533870157184,37.286770239722046,38.519279071724426,38.95382869046901,35.98486081455496,35.374719262700026,38.94346844137813,37.69033951037558,34.446575879053746,38.44223929577058,35.6549532843562,36.36612431587213,37.88534797530426,39.37049482102921,37.380867977806574
photo_profil,41.83055566754621,0.0,45.75163590253235,45.15710943083436,42.98697198660887,41.584191860235805,42.66166214884158,41.56727730470925,43.244983964328675,44.441093340929406,47.530332934327355,44.120340246821826,41.971899095810244,44.58558343388776,41.934490750251065,41.81326250566075,43.76639606518072,43.141634943013344,45.130279922017735,46.812457914443534,48.7734638398398,44.6660535438697,44.136532023589595,51.09320447464501,43.826075852725175,41.747114076062225,44.200188943396235,45.48382398061461,43.0403969625278,42.72660037398157,44.478749082284516,42.59540009412271,42.8761248220266,45.647654789650566,41.84251373709046,43.73510540863722,46.3082816371674,43.884423026151275,42.93735097982338,41.92039367206426,43.16017185031292,42.70563369282649,44.2479179565532,47.565826223445185,43.68319244409636,45.241436388746756,45.04004235528934,44.63148976650753,44.50730652157917,41.50593242862686,43.06872579635111,41.85216833314628,43.15212313937499,42.83452188608595,42.158520553134466,41.756594552620385,41.720389503510795,44.66325062008174,41.27216355905576,44.18032828513109,43.30840130466561,41.88859576348662,41.25903512298664,41.215635569401925,41.10728721169549,42.218844009358364,43.909925552202715,46.036861575055404,42.39845769187092,40.67017303652185,43.62813386097585,43.61294799868475,42.038824023774765,41.688391878063015,40.9078998893698,41.85788572484566,42.468887061793325,42.86882841098797,41.410923444949454,42.59601526640654,42.046622108285554,42.493165632248015,41.86128274693861,42.67119772487705,43.144074894574906,41.0943777880851,40.91507601391423,43.07349874034142,42.065260652825295,41.26021067409642,42.67118161416791,41.965930433596576,41.582710677812884,42.12129204432897,43.997466349774044,42.15925766366447
photo_eyes,43.25963614232604,45.75163590253235,0.0,44.7339538881933,43.197443880117945,41.86496282340789,43.49380700614991,42.121790675544645,41.013173093648426,40.885965542656045,45.87128087960352,41.329966121762325,41.78661447500202,45.30500885443107,42.31690273454582,41.65019208465145,44.51315003018326,40.252174280935606,41.697747600642046,44.62880245035647,41.20734069092883,46.849029877833146,40.43531845826168,51.12695242174761,42.921983184913884,44.94568298339047,41.05492687390537,43.041555220240895,43.697233152172714,43.31103209954563,45.01986995307639,44.27409064380277,40.50983675816555,43.36979310593029,43.211909449891365,41.33078453644377,44.50350349815656,43.56702404868216,44.341969799781126,42.3918453895094,42.809459963605875,39.97936618176493,41.53102670819385,44.67245306775526,41.43017595124826,42.113142252209705,42.85680173684167,45.22724249027961,44.70580367800211,41.39648793886892,39.530152889662574,42.905597975605346,42.82416977557749,43.20818145186853,43.273022454047194,42.28596137000545,41.88473027345181,43.44778100596973,41.4096629639188,41.22257842211183,43.82310217292929,41.62293561129201,41.12192594215764,41.359241047379825,41.02739897301004,39.43675128546586,40.803589527384815,42.88527975046223,43.24480562950694,42.21802402868824,41.74181034737921,44.19029678730093,40.129102132353864,39.89012575906272,39.59432933849778,39.63280640546141,39.55422574979588,39.543928656455954,39.769446598014156,39.756521566601116,39.98777455151151,39.71413910758373,39.75234525804811,39.59161976961502,40.07580090099568,39.4461524616829,39.37266641536831,40.42913823761332,39.947204975005526,39.43891296008986,39.34789463508909,39.98546260508745,39.913139820401675,39.84700274042576,41.187502116609714,40.8837197746455
photo_face2,42.92626303755376,45.15710943083436,44.7339538881933,0.0,43.818041638940485,42.66614656271137,43.283238837603385,42.58407271202926,42.22657249589672,44.13454558662986,47.412238840576954,44.03581254753265,42.427017879769224,45.27761699858026,42.99429081722306,42.55937269534394,45.062916550211035,43.66919508124968,45.2058185498125,46.67551416730067,47.89459018738401,46.757571283434096,44.0371526280412,51.63638186200764,43.59357994714528,45.004506644915416,44.37236175836115,43.98350442907695,43.98830114964317,43.77042479807201,45.34317095738017,44.24787540736563,42.871352524052426,44.956675856372485,43.825490747600576,43.92314474382444,45.928852390502776,44.342636593702274,44.42255262083445,43.25634543106868,43.783473877744385,43.29264887251908,44.40017998657555,47.39894427912444,43.8677731416267,44.74485532807002,45.10529307576914,45.80620215240006,45.514493722579445,42.327012116755164,43.58175351621111,43.36320875991163,43.64420118086213,43.95956325259926,43.53393610097466,43.29083659747319,42.96768500153659,43.70768170132945,42.33413528976863,44.30918194552236,44.40530776360718,42.731320799766365,41.99122583247865,42.34142569795096,42.292127176679344,42.581716700076946,43.97600501596569,45.75424646861987,43.420302743281184,42.82853188557095,43.77301249642973,44.605998010678675,42.32295380519239,42.088434780180506,41.52380437298073,42.123874186144064,43.21726096993583,43.2904073560546,41.86309811160667,43.308714765823495,42.7747585615499,42.923419592418604,42.53403855502022,43.26023664206737,43.6977358726471,41.778004327765366,41.31190291341228,43.5186380573633,42.733137574654016,41.494994588366325,43.1923066016647,42.20105929799881,42.27976026310537,42.62855208698727,44.062350038842524,42.94980925138634
photo_walking,38.447941616853555,42.98697198660887,43.197443880117945,43.818041638940485,0.0,34.202137087338784,38.29917312062623,33.94867267210061,37.30147191776884,41.10507746701867,43.176127559789734,37.96911389162885,35.40593323381102,40.00708273441792,33.78719262271014,33.923830996427334,37.516534014287544,37.33311060845898,39.56700787806655,41.14744705033476,46.038921515907305,44.590313324972264,37.7919762585884,49.50941633255534,36.744430523662885,40.30844752115723,37.550294104162425,40.08029892010451,34.05197414140753,36.888864368183455,37.74196812919003,36.81662529382821,35.819307613926995,40.03256703180577,34.23177748189,36.61788630074947,41.82418830540545,36.546870120898966,37.78937352220407,34.550816765984926,35.17850420302756,35.98455157745316,37.77938693865088,42.057830409289515,37.00092300991038,40.5479005682791,37.36908790355003,40.06392593660676,40.049808293327374,32.68598412959319,36.71940639444312,35.44460244147276,35.068970603815146,36.07885018656433,36.51004642362571,33.49060444732524,33.81533001485949,39.993878786192795,33.46777542995781,37.05311899735194,36.958597003335115,34.11699321453403,34.103766903320434,33.27477910918733,32.90228905283941,34.71634239973741,37.09325961940085,40.04279906601533,35.8370374641067,36.84942414678264,36.60267671924769,38.64679630795934,33.617598781311855,34.109884832405285,32.88918869626391,34.52307268224347,35.595137522047246,35.77585018985735,33.43641024692455,35.72599092329015,35.51724815932287,35.225116474707704,34.91597282546769,35.875150286833076,36.29445065412632,33.29603437055633,32.94193986193171,36.211342647407605,35.168640844637096,32.12398041012327,35.785544097926945,33.43692999067406,33.75235566922123,35.150059214658214,36.94935093417113,34.518309970068245
photo_standing,36.63528785359013,41.584191860235805,41.86496282340789,42.66614656271137,34.202137087338784,0.0,36.03479658076216,30.94601317620153,36.03403345359711,40.828467722722316,40.421120344193895,36.851526551789576,35.40135462369272,39.1675215903427,29.709809999915645,29.46840596685692,33.46026825511639,35.5246279455798,38.29002566538253,40.53004606697484,45.06443265168469,43.346042539469906,36.798170790040466,47.733862770314005,35.9554904746885,39.1508909026362,36.03658366835544,38.784705117187244,34.85708323237669,31.335223773912215,36.002166336509255,35.43703328340067,34.161658650518156,36.58222223043223,32.09319476884767,35.51280179993691,39.71380924981311,34.7661261378703,34.76447453499712,29.56025483980153,32.99766915273215,33.795149263501294,36.51778487748139,41.781445314475995,34.869009129276485,39.23806642193718,36.905920803673155,37.772225480097546,37.52851893544945,28.1470001277081,34.79571952554979,30.974661840613646,33.870698636306145,32.61717698941468,33.69411343967606,31.403597356599967,30.45082593649982,37.388984263496575,31.074684354461162,35.9466099070901,34.81512276611005,31.813460956722068,29.499626396661128,28.442644823561302,28.62949242123207,32.41946096716985,35.70632449041471,39.086926922457316,33.78218653227092,33.5234535571913,33.91021808422937,35.53580113670697,31.50654948913721,32.04519922998936,30.67241729388325,32.30563525608899,33.71442073429632,33.998096399853786,31.558041176540865,33.88339452700504,33.55074296505177,32.69916882679868,33.09693956553755,33.91661605770376,34.54325967877006,31.396440722457978,30.67033290404134,34.66953855645467,33.36316164978843,29.986870200965267,33.91182733649701,31.33864603248277,31.59111457228394,33.26219590213994,34.78515620220461,32.53137374272047
photo_hand,38.10455156886002,42.66166214884158,43.49380700614991,43.283238837603385,38.29917312062623,36.03479658076216,0.0,36.48644496327904,40.263475322485746,42.69712620658262,44.98562536874024,40.18565245021753,37.59069347956915,40.93192015153283,36.71325849605501,35.81053002495955,38.847239157150206,39.42633100610617,42.00762721209931,42.93141333756026,47.02202107675406,43.85740958736532,40.30214407268904,49.74218407899864,40.24745290073189,41.72137289917267,39.877286951721075,42.07623676415305,38.99895698151241,37.827753841972374,40.18259252706628,39.69400723987528,39.124617659480315,42.50888858870586,37.50565423439463,39.20916101410894,43.00533399191494,39.201436425736695,39.31898110026509,36.8430559288736,38.06144379421095,38.53010518481952,40.0612435931782,44.39289933935105,39.85911354711131,42.283429740657255,40.73849797063753,41.4850022476466,42.68377640771916,36.297211991406876,38.862488164658274,38.169649477378684,38.430743856573926,38.97053585171436,37.5158964700909,36.914950583687094,37.11854915525714,41.58239258823946,36.91172762404957,40.211232657836604,39.52452771862391,37.11191622670717,36.65943464678158,35.43719040093021,35.82703114644769,37.90819085448903,40.19541318707143,42.14903212678649,38.68825548619385,38.0367131785417,39.23206602683225,40.0601019829322,36.77852127118243,36.64994944419886,35.65162077328145,37.02750431599203,37.94652745048151,38.21010972880052,36.27653049114973,38.325284715547795,38.09001656905381,37.66525624867537,37.329579930321316,38.3152552954039,38.77850229004137,36.039357971924254,36.03098334206036,38.59898923041999,37.67554359528032,35.77397984220236,38.226931153366756,36.77457868297321,36.46175034235502,37.94720753382442,39.038902798328984,37.24360350262742
photo_legs,35.328120904875064,41.56727730470925,42.121790675544645,42.58407271202926,33.94867267210061,30.94601317620153,36.48644496327904,0.0,36.679228746597225,40.540975308840814,41.95844996516687,37.321860511281095,34.81755977116396,38.96278319280665,31.887240075212148,31.133549415517933,34.682387970457405,36.194844815830656,38.987416368026445,40.604238296180256,45.43431273281818,43.28891417824586,37.57605290107172,48.41514799271992,35.40432847369262,39.217554287216196,36.41522938523255,39.73700756040795,34.09325557535596,33.85195792353176,36.0598681076784,35.54701611980135,35.06206172932349,38.93105180223007,34.22851759626299,36.14799486825868,40.467861836693054,35.29174379507882,36.01239863728841,31.651234911399715,32.77092537634851,34.68601465898973,37.262987360452485,41.917861065641546,35.82891251591588,39.70687192861578,37.4112607234182,38.726862915794555,38.30068984010217,29.74985722691827,35.25077748867077,32.54205343520912,33.61193804363138,33.12988688417316,34.400240317038595,30.639385781513873,30.326972344115585,38.152579403017015,32.77157853821722,36.48075928973713,35.01092347603128,32.61392792749946,30.937270292468675,30.151579301303823,30.10347670478319,33.365479078681055,36.434768700554784,39.45826166013365,34.67903327727162,33.9531037688332,34.930287038177674,36.49968871303997,32.57779962803909,32.719042170418206,31.446362518337544,32.94933464985941,34.13168088272594,34.436109765979396,32.20283341997354,34.445405081710234,34.20677281664027,33.56793775840688,33.73932690961678,34.762762084704285,35.127902414916576,32.07832283484128,31.48104432037901,35.10528837387526,33.91177827998821,30.65053753945903,34.502079961737095,32.229287955710234,32.19868952336656,34.07918811857225,35.61776573172405,33.133357800048266
photo_bird,39.75060881021224,43.244983964328675,41.013173093648426,42.22657249589672,37.30147191776884,36.03403345359711,40.263475322485746,36.679228746597225,0.0,38.36362302236456,41.15422543333963,35.44104000734024,37.485234466297,41.42168708618913,35.90262796025786,35.082410017341694,37.98548003392047,33.502596756954475,37.37381599664386,39.33396622470286,43.87476327881355,44.771541586223485,37.86644818860499,49.70979990555767,36.6734638939401,39.64774245252969,35.166757399672086,38.16648717586565,37.54689094299556,36.853534694584624,39.26315094915019,38.173878514709116,32.713476035061895,39.63159896117745,36.05027829198575,34.986295365636494,41.31045795501986,37.62503449702767,37.44453487335526,35.5497855267263,35.788980972712295,32.442573901338434,35.90926657358269,40.37691979740413,33.909109894382844,38.68823677975803,36.72763143328603,40.7344071069323,40.00499384186786,33.96395856741789,33.808062471383835,35.41334400878909,37.0775330689713,36.818679404998925,37.15100866739386,35.214298216122266,34.050999905114054,38.83010103017099,34.12793309791557,35.04017300807141,38.28589962443259,34.88611408613942,34.17356827661338,34.02946804234888,32.78617720518963,31.358132857881618,35.690875201405525,38.075744017226704,37.34394220192075,36.28662082198843,35.928428447668175,38.7183260520413,31.811579408293326,32.19178150803053,31.12059764886081,31.605714703815735,33.029855728755024,33.15446041016759,31.694635863392772,32.89338992952934,32.32584099557369,32.35154469391526,32.27289349538531,33.057593191446045,33.34428180959221,31.25007568080976,30.592083443630514,33.440137608974936,32.38021052331405,30.77254910281569,33.18954971871658,31.851603391214525,31.745353177447466,31.856048944702955,34.233255665766364,32.68944810764455
photo_butterfly,42.72743012586141,44.441093340929406,40.885965542656045,44.13454558662986,41.10507746701867,40.828467722722316,42.69712620658262,40.540975308840814,38.36362302236456,0.0,45.19937557832076,39.529529618449736,39.990222567643784,44.293706359596484,41.02590274744109,40.356916288400086,43.169128852340215,38.98151062940498,40.87533768926554,42.72635319110435,44.11608746202352,46.07738072345868,40.54693554272384,50.23532574199899,41.13857504778997,42.064245511868485,39.614610838197365,38.68566325362709,40.79114839958492,41.413954688826166,43.19547688825354,42.03618390416018,37.777678260069514,42.06722769881258,41.078913786583094,39.47902834821769,43.8158547177567,42.15274503687386,42.14313534544644,40.77860377340484,40.83766815009557,38.33258189882005,39.35024550826445,43.048106190986424,39.48009867988559,40.759943857841286,41.00846257696948,42.14528973855374,42.73938129984405,39.276805938365456,38.77981432829565,40.23475837781683,40.307483848705694,40.381652358285905,41.182192102017744,40.115548911657335,39.75066721933162,41.263476536301525,39.1492933619801,39.63462797316854,42.54396896724644,39.80421385879448,39.36063814194686,39.28804854235352,39.25930306568855,37.826945647188516,39.49961343176121,41.75891252713413,41.32473912051577,40.47165342028147,39.98268603763657,41.72509478488661,38.386115022740555,38.160157561170585,37.351599518385896,37.76588733819966,38.44428350943309,38.98476156985987,37.772890508275964,38.697365680827836,37.9562226407549,38.5989471561047,38.04703797696462,38.8495121989419,38.97971520081634,37.465008265093445,37.32336473468425,38.912820309573355,37.80969893735951,37.2736506919072,38.50701742510108,38.19004294903594,38.08902225624348,38.02863968487128,40.11290249048975,39.04365573608008
photo_girafe,44.43157913567485,47.530332934327355,45.87128087960352,47.412238840576954,43.176127559789734,40.421120344193895,44.98562536874024,41.95844996516687,41.15422543333963,45.19937557832076,0.0,42.7408119838623,43.078826729193324,45.762966027991546,40.759920055168394,40.81539532653449,43.14453998366491,40.68066659097752,43.00736716429849,45.72929927724174,48.44310457463253,47.91120645136202,43.437807769201335,52.27174237813892,42.66632731323743,44.87365839821941,41.59738839618079,44.054232816246895,43.207507208857045,41.85055478667959,43.543950347390904,42.8656460958343,41.87327402762849,43.69434015231645,40.58372047635718,41.91842286654932,45.49659433343378,43.04250076583536,43.172621711901826,40.93078151776272,41.70869572304556,39.984472387299014,41.932895731555305,45.81979624903953,41.69830816397594,44.65956538465364,43.346163948108796,44.24698519220262,43.18302820361103,40.02977266732631,40.618194030732724,40.462660382228826,42.53983640772523,41.774255017077195,41.97272629278609,40.46870666462099,41.22008600746431,44.6806220424551,39.129594782478364,41.75172457509439,42.71863381312101,41.18128436658192,39.42555893625996,39.789980743217946,39.638464583599344,38.88643338447814,41.156416430575845,43.85206697848641,42.31828728118911,41.60337912420057,40.85543443528472,42.697769106375056,40.201178928846396,39.773035005121166,39.329815306549634,39.631089855387856,40.71286032032042,40.82527138600769,39.79009480068773,40.74675748601814,40.46480129145886,39.78656540130644,40.588329002489495,40.960406667926705,41.177136651414514,39.579322193656935,39.07205751309605,40.840672987458106,40.330645144269965,39.09359310676316,40.62347598112551,40.09064200039379,39.83026128779809,40.14334368915224,41.72811691430532,40.5620323786597
photo_fish,40.12343728509257,44.120340246821826,41.329966121762325,44.03581254753265,37.96911389162885,36.851526551789576,40.18565245021753,37.321860511281095,35.44104000734024,39.529529618449736,42.7408119838623,0.0,38.33751063433922,41.5550921426542,36.544431720588555,35.501917547501186,38.479058824696054,33.23581883885405,37.243577629793364,39.17765582261886,44.527812784213985,45.17621814664406,37.60130082173408,50.10352268547854,38.421364921536174,40.58846812527487,32.84163456740527,39.94515201233228,38.70127727784866,37.59733024966866,40.158516925242765,39.62909602973074,35.0675613211454,40.40617778053067,37.167456462970506,33.203813128496954,41.34168694686536,38.29983908774349,38.69139841522727,36.02831928232746,36.249319232960794,32.24694620895186,34.57265681358403,40.37475870322615,33.50166685678802,39.21947273689301,36.34950646639777,41.41031099143361,40.90900643543748,34.281083157276846,32.24425052279704,36.70844030441203,38.514610813012865,38.20650738224625,38.55733464195506,36.26161620773225,35.113971605228514,39.69313662781025,34.836113622813535,33.58317749329768,38.604075195744194,34.95390574449525,35.178333027982404,34.8365694891366,33.799572541339096,31.413269516032816,35.411021126016564,38.459075265969936,38.246049637431064,37.00068446057765,35.6895507610454,39.81810772297951,31.64978626530818,31.675969602127616,30.907065005524885,31.690121941918118,31.694551950385723,31.778450975328393,31.11127839909023,31.59789494904555,30.952092717239974,32.489349898595215,31.352121435691558,31.986989707205545,32.010304674329156,30.938306004954036,30.75400744914776,31.965292321174665,31.236050929392547,30.87132833359136,31.34742516366972,31.769480231414935,31.71943924216125,31.288479677831845,34.02254874404413,32.4768165708947
photo_cherry,37.886815586361095,41.971899095810244,41.78661447500202,42.427017879769224,35.40593323381102,35.40135462369272,37.59069347956915,34.81755977116396,37.485234466297,39.990222567643784,43.078826729193324,38.33751063433922,0.0,39.255724790620924,35.5062153471035,34.317070152906716,38.1377814168471,37.22737540675312,39.22150056584745,40.80812735774724,45.34176990671895,43.052785514537625,37.11262681086673,48.786609403449496,37.87479149870404,39.89362640601025,37.50527549930359,40.78582894322625,35.541828177442504,37.27305853659043,38.433664009081454,36.96654933506777,36.42720335151083,40.292514694330066,35.477660075248274,37.05855080740436,41.137986128796236,37.04692372189445,38.94741807877995,34.872590601559,36.15868189350987,35.98699691669804,36.98413580218636,41.88922845213924,37.6632297552294,39.38907071362249,37.86952085697163,39.77521579982057,40.55759054654825,34.59527772274523,36.42560918963718,36.206555727719284,35.96571705826967,36.855923051822145,36.80399771921136,34.53714527888625,34.899689683945134,39.14894817743466,33.55310861120867,38.06704990443038,36.90211504969797,34.51424438894694,34.57230931171209,33.984378905068205,33.87650593217063,35.18674343934402,37.28205216806204,39.939956573042835,35.438511176123214,35.95477375387082,37.127576783507095,38.23086254831718,34.53592631670685,34.174825540352465,33.168779614911216,34.92060352706694,35.85416584731108,35.906618386316566,33.894398321231485,35.95098494489682,35.59661697868833,35.59551186202037,34.90588351023954,35.968031150356666,36.79360974453602,33.47409881081414,33.12634784718727,36.5208325685726,35.336145707683926,33.08510409395758,35.98487990265723,34.412178240652786,33.914284932909545,35.628915091299596,37.23462689935417,34.62247390031173
photo_tree,40.262637266805164,44.58558343388776,45.30500885443107,45.27761699858026,40.00708273441792,39.1675215903427,40.93192015153283,38.96278319280665,41.42168708618913,44.293706359596484,45.762966027991546,41.5550921426542,39.255724790620924,0.0,39.14862903965274,37.43405130936432,39.46091977793984,41.353409786481585,43.80250993392953,44.44897024775585,48.11016502901283,45.25950876998982,40.96960076067296,50.254561530074966,41.2744508045556,43.76152475099823,41.95046996165437,43.90240940719779,39.62453308743873,39.38678674896186,42.57465570060929,40.68331352452526,40.51363788273873,43.82165312009747,39.33763670849376,41.00507110072341,44.56833968056506,38.96380220235351,42.24375868073241,38.441605174940726,39.309867225690724,40.47058111338624,41.79854226992142,45.2451920112145,41.40020238791041,43.66758242659407,41.80144093889346,43.060067989595396,44.21670165659323,38.02100343331483,41.08621429779219,40.78995083512907,40.148513476603526,40.65111334533228,40.00880364495126,38.87177155143101,38.733945393659056,43.47915427833579,38.71242854684827,42.30937662512166,41.00761241409884,38.1378304835501,38.37009812393353,37.86783264545165,37.44030585302272,39.76129760347166,42.00016547084778,44.17774478694507,40.15353064592875,39.96154570110441,41.42642816327936,41.76481572823123,38.687379613162754,38.57897078900961,37.82549762845482,39.258738184169175,40.28486337329858,40.53361702006967,38.23844887192021,40.53324610485517,39.85968167430697,39.95322603008607,39.36270133153949,40.393876527669455,40.982795246464285,38.083138798005024,37.76418879771396,40.87638450823603,39.916809321423344,37.400702910537724,40.51700224053673,38.54271539645606,38.66138888208497,39.9703532970722,41.40646179083903,39.486408798441055
photo_flower,36.071096610695975,41.934490750251065,42.31690273454582,42.99429081722306,33.78719262271014,29.709809999915645,36.71325849605501,31.887240075212148,35.90262796025786,41.02590274744109,40.759920055168394,36.544431720588555,35.5062153471035,39.14862903965274,0.0,28.446473296192714,33.04138866857605,35.55528422684325,38.21778864796077,40.627901654458476,45.504151835302736,43.34625183984739,37.5081781099714,48.78902591296695,35.429229034065585,39.1536228267675,36.00713147489818,38.908548224958395,34.589722222111575,32.10396908935807,35.546159856846366,35.54215435935291,34.2717597776088,37.65338060538549,32.177484275155365,35.28524826795063,40.21405723676732,34.02836527599994,34.380706697676054,28.701563499686014,32.45376136958945,33.80094382061614,36.41668992124061,41.6397882319165,34.47129833305677,39.49566937736307,36.59600132946412,39.038332449498164,37.38689857695328,28.050651815472925,34.7886435819616,31.279390693556667,33.882319486535614,33.317188815885125,33.65227145714949,30.953381826449537,30.573070458249163,38.022355047141524,30.708314381023637,35.79842333049368,35.28747340086026,31.147546760470526,28.4638593503703,27.063873489641143,27.971086357358274,32.225856917053086,35.486171520332235,39.27930960146789,32.58999811812447,33.5483697950214,33.62648771609745,36.52253390151224,31.6368835521841,31.929151842812015,30.603046183460666,32.26241613567667,33.71822081626702,33.82930878083432,31.651680228365166,33.93289302248424,33.592299111647144,32.917338172137924,33.12712043589864,34.025187395018946,34.5129326611969,31.18241966864513,30.77482647487595,34.65693216769904,33.33488076498829,30.000563849839864,33.989065852134445,31.50738929639168,31.619254649162343,33.34670557923538,34.78294038108676,32.540144648595664
photo_carrot,35.694680102567695,41.81326250566075,41.65019208465145,42.55937269534394,33.923830996427334,29.46840596685692,35.81053002495955,31.133549415517933,35.082410017341694,40.356916288400086,40.81539532653449,35.501917547501186,34.317070152906716,37.43405130936432,28.446473296192714,0.0,31.049567878254592,34.72700196013575,37.62815949786953,39.91028419400791,45.223418566893926,43.3413624174683,35.95705676134742,48.500511340330206,35.18492809644051,39.040108832091526,34.97072387862205,38.696186985789446,34.31657191367292,30.701373486460298,35.40656585324138,35.11171286995754,33.51123374520923,37.51013792852774,31.304665705897367,34.49851373095626,39.80494756259585,33.094549916483125,34.42660276386413,25.003561874712005,32.354909976054266,32.75881656395191,35.7646488998687,41.28706867054534,33.530513361305765,39.20156076098231,35.95822687017378,39.05363784614091,38.14969817162223,27.373006305825335,33.88053799205311,31.802017147425907,33.44311391291753,32.215619053241724,33.75628316404472,30.86383124261694,29.016484874718955,37.657723070295276,29.933479526242238,35.21034944711955,34.20240162053827,29.294339182660636,27.902192673690514,25.053968799657188,25.974163461443442,31.10189496583316,34.95828891292765,38.761621096096604,33.00197008913698,32.754537447974606,33.462341013061206,36.54301342251195,30.068146580466752,30.75313063789447,29.44307302854969,31.239746250729635,32.782142620439906,32.9306197245033,30.29674325202309,32.95993502738713,32.617789539763905,31.8467483378033,32.013427549253215,32.99771809657928,33.627143616454404,30.21992550968268,29.300069989402957,33.74124865604801,32.28725886721488,28.84350579531884,32.965261785267764,30.068374237307427,30.52933908955622,32.357070942065796,33.835330789961645,31.41627774261833
photo_watch,37.8513834399881,43.76639606518072,44.51315003018326,45.062916550211035,37.516534014287544,33.46026825511639,38.847239157150206,34.682387970457405,37.98548003392047,43.169128852340215,43.14453998366491,38.479058824696054,38.1377814168471,39.46091977793984,33.04138866857605,31.049567878254592,0.0,38.15614091118325,40.76418368086403,42.48851115965885,47.59922912983055,44.95606254024722,38.338841296893875,50.185347130676845,37.5804703129978,41.40545651739419,38.28295634204932,41.19385833051548,36.60794429208452,34.16835180678794,38.19232525915787,37.270363987466084,36.04193847500865,41.16642973455312,34.866995581341094,37.21817891612055,42.15993820232954,34.84043477187071,36.97414419585218,31.190373474219392,33.7901282140247,36.179584361852434,38.75362329599534,43.427285105397324,37.0557851654711,41.37529954190397,38.19660797271887,40.58666893231586,40.979641059672936,31.05661248149099,37.046118085973355,35.492703616405805,36.365167692847216,35.36207572927285,36.27338269565918,33.14096790599923,32.986597811801744,40.379412690196425,34.21381950782164,38.12882290577263,36.43477261845502,32.65411220299477,31.64262306021622,31.277323038838095,29.411984717354482,34.81190112944578,38.63785851714393,41.319273679603235,36.87548050829385,35.438267147267226,36.93571693171726,38.31053011746663,33.73477639289235,33.983534035067244,33.06642885802362,34.705552140341744,36.20734069273961,36.26987527672219,33.786307551903334,36.31549028106486,35.72404428511653,35.210107029875225,35.319509185516075,36.178168576602125,36.608060276491564,33.814770253308374,33.028796084144496,36.828548434385745,35.501986386531236,32.201631659351584,36.29799555417849,33.33590073041554,34.03040262968643,35.35354253007107,37.15398729747146,34.80376871204899
photo_key,39.73888947003407,43.141634943013344,40.252174280935606,43.66919508124968,37.33311060845898,35.5246279455798,39.42633100610617,36.194844815830656,33.502596756954475,38.98151062940498,40.68066659097752,33.23581883885405,37.22737540675312,41.353409786481585,35.55528422684325,34.72700196013575,38.15614091118325,0.0,35.73614917795303,38.67360640930519,43.714469603040236,44.52266672480534,36.905838325999,49.28496797857213,37.11690862024805,39.11592779448024,30.408448715730053,39.10309641699932,37.66485174947381,36.616256642701025,38.343287736957386,38.09065564674827,33.1881974586095,38.88229178798531,36.01221205755261,32.802402904617544,40.051043014973935,37.80162983349666,37.16710703654109,34.87723938506281,35.39360819345552,26.27899411522333,34.16597957663,39.53869015134351,33.29684526043126,37.88159882267526,34.85203045882831,40.34803073157345,38.049391517440675,32.90722576851533,29.99979009312591,35.196684237422105,37.38652125378687,36.93571350480387,36.42040549642575,34.19740432931508,32.62461865324152,38.62567400219466,33.35355085854751,32.900655524949904,37.244010643987494,34.16390332039692,33.57176555056192,33.14102315644814,31.917887584449726,26.305598344823604,33.568495125770724,37.05474647695303,36.54683173982413,35.32874738232934,34.74901635481307,38.02208971164211,30.098940629331768,29.884957133255128,28.477718364926307,28.781700208083052,28.69642905410856,28.767131834051643,29.325705309646978,29.132799422429493,28.996735133392715,29.058411376236744,29.691964479566835,29.519260832878288,29.27545222531455,28.87199361267815,28.925954484293477,29.32602509800496,29.3278211886676,29.28940521506153,28.824338000038523,30.412974380826288,29.30436376689732,28.856696394926693,30.758519997962257,30.243709805387816
photo_truck,41.89737183438088,45.130279922017735,41.697747600642046,45.2058185498125,39.56700787806655,38.29002566538253,42.00762721209931,38.987416368026445,37.37381599664386,40.87533768926554,43.00736716429849,37.243577629793364,39.22150056584745,43.80250993392953,38.21778864796077,37.62815949786953,40.76418368086403,35.73614917795303,0.0,39.482496145233725,44.871044695015506,45.60877702556291,38.39634407374769,50.979776789814245,38.81808180177064,41.03644733611002,35.4295113810258,39.406702578541626,39.689470632328074,38.63267554127186,40.44959084462704,40.396117746972045,36.48317308850791,40.75590145425022,38.74510277583816,35.497774195619975,42.21975925186108,39.78096288101834,40.15333554162935,37.524377487451694,38.17428149995219,34.385374255782985,32.55293017757868,39.92276283864323,36.27704831589832,38.96017693359088,35.971338524723436,41.57804319548104,40.35437296665436,35.9269324608738,34.94576933098621,37.6652952555494,38.6837865159212,38.77090370533047,39.30622738239542,37.40429782416538,36.927953521245065,40.9947413970883,36.45554977405631,34.85817466694744,39.38499230553451,36.164860018756514,36.516704483152125,36.24623524126488,35.70733428127789,33.62183005649343,30.710949083473455,37.31649198179802,38.81784964085147,37.95045773253612,36.79576206771501,39.984039160308626,34.88024001151184,34.63948402551236,33.72783908328098,34.6725593514345,33.956559342193586,34.19713385908432,34.13674858824555,34.477576847106846,34.51169670624373,34.837184471736144,34.85312776221743,34.01367555970795,34.8277173192781,34.07324272925575,33.82187128885172,34.99431103366751,34.64379503504935,33.8997665839011,33.859418954257734,34.8713971479462,35.02280149065277,34.3550180064379,36.42846330303263,35.66492620828251
photo_velo,43.07720114786072,46.812457914443534,44.62880245035647,46.67551416730067,41.14744705033476,40.53004606697484,42.93141333756026,40.604238296180256,39.33396622470286,42.72635319110435,45.72929927724174,39.17765582261886,40.80812735774724,44.44897024775585,40.627901654458476,39.91028419400791,42.48851115965885,38.67360640930519,39.482496145233725,0.0,47.05014269023021,47.28877764817225,40.414619826913295,51.149965124715095,39.9643111732219,43.35727469804296,38.42666444208573,42.253365479828396,41.152873526449135,41.43811984422983,42.895937620798584,42.63098929565178,38.51178616055427,43.4997859035929,40.96233015300211,37.74615569977622,43.827283358516546,41.291819336115644,42.22533725918552,40.090139742369516,40.16132040012844,37.76567508056768,37.647673136298565,39.3940634487671,38.98367971008758,41.46643958706898,39.44847419065251,43.31290642125754,42.68775279806372,38.81352231896262,37.90862983717475,40.25713046842142,40.40889923989271,40.95187130426757,41.25669154627667,39.9448674954248,39.44850965082191,43.61541899040636,39.26142340858747,38.59450306607504,41.88004054335766,38.87381748049703,39.08727995055478,39.10863012555768,38.51861726207243,36.9406398089899,37.76507897948786,37.59222189561878,40.58868047759931,40.3215433016465,38.95586563036454,41.9258198847019,37.02660468306723,36.74473988437573,36.195008482679725,36.975141221366826,37.35555557014059,37.47979763271905,36.49514132209005,37.23162423272618,37.16837349672432,37.753886750211855,36.834260098251356,37.6368127106498,37.612275696613175,36.12977905145869,36.234896659297526,37.44375626180215,36.61080993485035,36.30713482056468,37.07127172577414,36.83357977696479,36.264339325187976,36.6004409548499,39.12115687895948,37.367453223474186
photo_road,46.55876039765842,48.7734638398398,41.20734069092883,47.89459018738401,46.038921515907305,45.06443265168469,47.02202107675406,45.43431273281818,43.87476327881355,44.11608746202352,48.44310457463253,44.527812784213985,45.34176990671895,48.11016502901283,45.504151835302736,45.223418566893926,47.59922912983055,43.714469603040236,44.871044695015506,47.05014269023021,0.0,49.70927425634824,43.476799626601824,53.234097494105356,45.82293965693723,47.92513111540528,44.28556815593643,45.95768930369835,46.313028750399326,46.3033581402645,48.02052068391557,47.336274068142195,43.368913255730455,46.29296152428789,46.042081276042595,44.4903341770689,47.40716263190037,46.167621373356255,46.95926865835498,45.571887825477816,45.71561030891171,43.457946881031205,44.57860774381574,46.844628383110994,43.87829800730148,45.23652906638613,45.58096783263547,47.866172096180584,47.481468903076994,44.47614207008759,43.89230748311284,45.9355247564911,45.81318722261363,46.233072644566285,46.302729920789794,45.520639305209556,45.040686017146584,46.494284269077944,44.619806723033044,44.32125842291276,46.8895535744852,44.827800832156576,44.36993546238056,44.58305718405881,44.20944483194366,43.06952309379736,43.88880342589696,45.955144954358516,46.21616393872791,45.79651525570114,44.602279267468326,47.01173470046328,43.813204513350634,43.698664800465856,43.08248970234262,43.33264020280234,43.19636558165292,43.272066098611965,43.503299409704915,43.442011952346,43.833367782707214,43.15895657689654,43.73050936726847,43.34824204346981,43.728949653065484,43.26949211087984,43.14065321982434,44.04331971394564,43.581638939572684,43.09314415052238,43.202272833923516,43.79584079837654,43.69729278714657,43.64237433943085,44.70344519557152,44.41992017846865
photo_house,43.66974790587551,44.6660535438697,46.849029877833146,46.757571283434096,44.590313324972264,43.346042539469906,43.85740958736532,43.28891417824586,44.771541586223485,46.07738072345868,47.91120645136202,45.17621814664406,43.052785514537625,45.25950876998982,43.34625183984739,43.3413624174683,44.95606254024722,44.52266672480534,45.60877702556291,47.28877764817225,49.70927425634824,0.0,45.0236621315375,52.00774493553776,44.65043688240661,45.96381759619769,44.930507850275795,46.38191423159953,44.67794905461849,44.350511608501456,46.292995320874745,44.6170609754237,44.36472380330518,46.866389436282915,43.84383180448306,44.5423096688129,47.09545699117347,44.80867355407386,45.573045204743295,43.53225435668896,44.29103082675198,43.900165645907116,44.56909616708469,48.069892670477664,44.65640580213771,45.80668335598508,45.58841143809311,45.9099085720836,46.15007937210916,43.17836828605791,44.5266599080894,43.96860746096814,44.1078974777954,44.80340837478368,43.653458665493794,43.38610407404363,43.572201112667436,46.400368404923974,42.94708781356403,45.081077220982124,44.06016154691344,43.45886989190105,42.8406467830046,42.72954541668045,42.85243926545921,43.51237943914347,44.49121595111712,46.91873841666524,43.47202630382947,42.221734943428864,44.65698125384361,44.899075172371056,43.27902373500762,42.9728114809513,42.49315848668269,43.13024491221694,43.8263460351364,44.11471312711525,42.78998639315059,43.95128632750712,43.883535057505654,43.78424257052678,43.31603956496743,44.22508998349581,44.305510254638044,42.50036800904687,42.4020155213681,44.40490388331134,43.313654295771805,42.60081212767224,43.80055229892928,43.341948748311005,43.23506398146077,43.43889026333452,45.0672055558487,43.76314769961945
