,photo_face,photo_profil,photo_eyes,photo_face2,photo_walking,photo_standing,photo_hand,photo_legs,photo_bird,photo_butterfly,photo_girafe,photo_fish,photo_cherry,photo_tree,photo_flower,photo_carrot,photo_watch,photo_key,photo_truck,photo_velo,photo_road,photo_house,photo_mountain,photo_windmill,drawing_face,drawing_profil,drawing_eyes,drawing_face2,drawing_walking,drawing_standing,drawing_hand,drawing_legs,drawing_bird,drawing_butterfly,drawing_girafe,drawing_fish,drawing_cherry,drawing_tree,drawing_flower,drawing_carrot,drawing_watch,drawing_key,drawing_truck,drawing_velo,drawing_road,drawing_house,drawing_mountain,drawing_windmill,geo_face,geo_profil,geo_eyes,geo_face2,geo_walking,geo_standing,geo_hand,geo_legs,geo_bird,geo_butterfly,geo_girafe,geo_fish,geo_cherry,geo_tree,geo_flower,geo_carrot,geo_watch,geo_key,geo_truck,geo_velo,geo_road,geo_house,geo_mountain,geo_windmill,word_face,word_profil,word_eyes,word_face2,word_walking,word_standing,word_hand,word_legs,word_bird,word_butterfly,word_girafe,word_fish,word_cherry,word_tree,word_flower,word_carrot,word_watch,word_key,word_truck,word_velo,word_road,word_house,word_mountain,word_windmill
photo_face,0.0,53.4479948052077,60.99336566255277,55.13883293261727,51.744011624489104,49.921095369221504,52.46811715818028,49.9533384340001,57.67040130785169,59.26798397520601,60.03154400843893,56.503370258846736,54.14141851026395,52.34504458129517,51.15563973502734,49.05534394467795,50.404781067722965,58.00583603432933,61.08976041016465,58.78099806942111,64.05890351740025,57.601015554479304,56.98521530844688,60.7471495725781,53.03240401446416,57.58032260856602,59.03257800582822,59.26915312596884,53.739490924287395,52.464921500242255,55.503527141095375,54.289350116934884,57.40561668375526,62.44105948067072,53.764426537899816,58.25814118227504,59.24511242035302,51.232134982114175,53.855872178395565,50.95515973358389,50.54081580972021,57.97802915708466,59.50552428834656,60.566703699734845,56.27256215996996,59.50230998598745,56.2129379560057,57.002688007119026,58.60327558069552,51.32681539286185,57.0627891090148,54.468756947086426,52.52256293357031,52.68904441941091,52.80025243295004,52.57039750686174,50.89661011146652,59.26926444155064,54.268430660156646,58.91823842232102,56.253530565969726,51.76484602416,50.0060022538322,50.99580202145633,51.45673061037324,57.459149500201185,58.76602242716502,58.84572040015248,52.51635613404253,52.771813164220575,54.82911822713281,55.98996512740174,53.6377511843582,54.64547094514228,54.72306927777963,56.9661467793406,58.217938593537205,57.878392003026214,54.39063845819836,58.075940131502975,57.23810802618202,57.2360649115188,56.374612717402606,58.094997990136875,58.28255599495298,55.051521802698296,54.6713700462904,58.11368721114209,56.81234368780771,52.45210692525852,58.238805774078806,53.65508901416671,55.280650776718915,56.95283762120366,59.26336469804578,54.62387532325113
photo_profil,53.4479948052077,0.0,63.02391572419228,57.9023874625256,56.26288696629464,57.01979528804686,57.05861993330502,57.800991070778075,60.666865085615434,60.80600588163416,62.54761122051764,60.4513791113529,56.77037061350411,57.29914935451854,58.48848670984279,57.382987767658406,58.6494929809026,61.527849932417766,63.7528367787077,61.588282606872646,66.18779612374763,57.289165207166036,60.13785569100292,61.46308538014659,60.545990969099186,55.42302678105853,62.50069665834729,62.44091580050446,58.38935881809081,58.8540646744534,60.26808650858194,56.90550953617272,61.199446977627616,64.24174968646518,58.63130870878783,62.08131337253539,61.23719636269736,59.16983350407602,58.70154023021435,58.833838356720214,59.275069797661544,61.86412187149243,62.722436312553285,63.3046227663154,60.305612711878425,61.609988271371705,60.557454674406245,59.938691634777484,60.666887269027654,58.87444310343246,61.35027202708606,59.45670482662449,59.03874671526675,58.17180835641394,57.6245162042459,59.17667301154723,58.44033034696764,61.52769229039186,58.12227404659214,62.56938668211016,58.990730671065094,58.62798919847545,58.62949633633684,59.07725917760476,59.3841130861844,61.588873135457625,62.26056971199176,61.9213464232467,58.346784116078915,55.742535590253816,59.43578971265688,60.13073476547887,60.18899192586604,59.85187890516285,60.38552631226551,61.62706769951535,62.6657574083647,62.41894935414378,59.920623383371755,62.648320512701204,61.57483077807186,62.37677004547471,60.93900925503773,62.84995504176527,62.721935882189875,60.281244421072365,60.23138840200298,62.4338356649807,61.29856255252816,60.387590599768025,62.71347539047673,60.304560029202456,60.520198613927384,61.49873825259235,64.0819140252256,59.61918679263479
photo_eyes,60.99336566255277,63.02391572419228,0.0,60.9293201521992,63.04131849517424,63.37540168028307,64.26941850454058,64.23310918472505,60.70320386036309,58.78080421734348,64.42965278201991,59.69005107685433,63.029631420339,63.89305520262596,64.33158729935083,62.74026608284245,64.37271262806429,60.88176351694641,60.96305461650028,61.331449313026766,55.365558923027194,64.8340010752078,59.15385877561082,66.14091343883545,62.81402078337041,65.18409073445072,60.15072205410908,61.72131002301932,64.95167266360653,64.17344903707037,65.36665817322488,65.14486009655708,61.676400677539114,64.237628372304,65.39539345226105,61.48787553173691,62.475319550704874,64.14069071897046,64.35536635056336,64.53639035606504,63.749191872452194,60.68544326728294,61.42895484476205,61.76513481063536,59.60463480968248,57.41380207017344,61.11727456990882,65.52746585757909,64.49611172901665,63.27384118082453,58.616314494912764,63.76258388722057,63.794590913267726,63.49752453615203,64.1281759598852,64.34920495759995,62.99697870101676,62.914216066809004,62.82668070958183,60.728930787942915,64.24806282788174,62.713488859241316,62.90025250401188,63.50756222784563,63.97497669684996,60.04864527601574,59.57735972408963,59.425639431785605,63.723480585919845,62.89302229729245,59.97191531344066,64.67822779383759,61.14482129605871,60.581122813065534,61.383606803278944,61.00725690085633,60.96444786424925,60.444568521507115,60.624460272470465,61.12370208180271,60.807311305470634,60.61642052956481,60.55008940103366,60.66003328487133,60.911654107101526,61.183930155541084,60.95898281727593,60.95484997049178,60.55173316665393,61.122096372602435,60.701870017580475,61.24396571820989,61.21454365494027,60.2899209595104,62.647011654737646,60.29750058250089
photo_face2,55.13883293261727,57.9023874625256,60.9293201521992,0.0,59.06543582237057,59.36065909717865,59.4066397442617,60.533694011599714,59.59548305065518,60.424595488997866,62.71144695005208,60.62049433214772,59.977685935826486,60.32665181503087,60.67881782116179,59.46800067154355,60.89587922384152,62.46838237812189,63.95270194979885,62.32142963381026,63.92753642771693,61.03929813569537,61.2733076065291,64.33572257196195,59.56043595957391,61.52809374589472,63.011357392758434,59.204671016783195,61.54806596376725,60.497232473028,62.61843944510516,61.30998696089179,61.53067450476305,63.36581363021898,61.79195924042508,62.835413680577346,62.132835404918886,61.326098391776384,60.6828830041839,61.408276168278874,60.80599675725789,62.493939631423224,63.49191038550415,63.99190762049301,60.6068763862907,61.12375168290827,61.63706676798299,62.60434999835975,61.971107113957544,60.583233923800016,61.83239654730467,60.850266227969854,60.198262206066,59.849900174435795,60.31574385035692,61.82797617889838,60.4525845899239,60.228952046061195,60.62736016184168,62.590069621616315,61.32812359955029,60.101851425502325,59.63859680733623,60.82308563220331,61.111557858279895,62.19634217315474,61.93149053777937,62.141450298334874,60.369532198702764,59.773227234268994,59.80573248147488,61.75672389475944,61.12945400108391,60.889113906036236,61.44319223494183,61.9256497961556,62.951906115399815,62.77119898024943,60.79693425805268,63.004561003409485,62.024331179740564,62.24822103709616,61.671533382047635,63.020492905764286,63.10164005285891,61.42399886600915,60.946319431307586,62.88833979714445,61.792370356337585,60.733787054562036,62.983151019839624,61.02279955749163,61.61881631242519,61.86020684732391,64.14014398015988,60.752095845210015
photo_walking,51.744011624489104,56.26288696629464,63.04131849517424,59.06543582237057,0.0,47.12470111375703,52.186645505600936,48.122810660926014,54.75845580320403,58.33571448008205,58.20043882174534,54.25033154696638,49.494904140872336,51.926847423845004,49.211550032444286,47.705738824799305,51.41821300558261,55.42447938555142,59.668197916506216,56.29775073378904,63.732560426357516,58.5665573571205,53.74563247577162,60.59006600944182,53.51900428832978,57.75292414645771,56.295061128227445,58.57967240547895,46.900618598545485,52.33570439166448,53.86691065501895,52.767994430407896,54.7914613070043,60.38117029373678,49.64600363571628,55.40805936064406,58.21201562781835,50.84305237002175,53.94251983015987,49.923344110089815,51.49300478819603,55.92695477644153,56.768132747947014,58.57620445221447,53.82267612741336,58.29255991279429,52.3927460892729,56.56604920125359,59.35665191664865,48.6507552770258,55.04673167234206,53.148015134619165,49.727907807327675,51.1090951363884,51.76000756737431,50.382022668967444,48.878563951294666,58.13380203035378,50.27460896114222,56.96405644919329,52.52317119479183,49.21324683275245,50.88611860774056,49.86123959992384,49.978325364141035,54.992088045343564,56.597116670407814,56.9423425550757,51.42617975705392,53.996157134647184,52.580792935562286,55.76849171752025,52.44353610161381,52.9286924273661,53.330259438731375,55.3284101555417,56.47067055531553,56.224594004818066,52.30966695260241,56.356670630729376,55.4279817570155,55.8617688478542,54.31069453307914,56.78107108381292,56.370829104553316,52.93005397222366,53.03164919176895,56.28381753788986,55.037531984277905,51.54910341115893,56.39739328078605,52.45086115574816,53.19144817731981,55.19272694271368,57.82965041487426,52.200462507346565
photo_standing,49.921095369221504,57.01979528804686,63.37540168028307,59.36065909717865,47.12470111375703,0.0,51.0703458290822,45.06543504366512,56.01697881407624,59.22832438044583,56.29077301427233,55.49983401613505,52.93280483529555,52.31398148925551,43.715911601694515,42.379079974086714,46.62932320767044,56.400621637966275,60.85275750793788,57.935833531713094,63.922542959505606,59.00542593445042,55.00307820078704,58.796574497307525,54.107249011468696,58.09071507718292,57.026578819726986,58.50942938844653,51.02717571270146,46.04060539399111,52.12039240382862,51.80954149302946,55.10131226731364,58.39499848535695,48.309735221181974,56.807473492240426,57.92001542779567,49.178707873267584,51.31766283784252,44.0936080781563,48.52898260256245,55.97555805443297,58.14387253429657,60.27005611632757,53.342306295578794,59.12717006132877,54.07718814268816,54.00693221854416,57.81336257056334,44.28135668204506,55.418566263456185,48.43557643795948,50.663861248701075,47.25052445665364,50.593877341650995,47.51604783691494,45.481003231548684,57.91440632007432,49.68881653347773,57.61710371164599,53.273871621291946,48.606938564746365,45.55375236669044,44.47611754855567,45.04083316460948,54.93838427014844,57.70733758849508,58.02368441657194,50.229988089200454,52.76679331953138,52.31008756197035,52.854599406625255,52.121895465997525,53.05140476454775,53.10579870908809,55.20345262342157,56.6159189426726,56.3737701365163,52.59117544059915,56.62685445743404,55.53284400418327,55.529598658133914,54.75973412512914,56.72563336476166,56.63786431869427,53.51214513378698,52.989362446265005,56.70101507077274,55.29350352247414,51.21492366971348,56.69381933879454,52.03738996283138,53.44797807806199,55.41245243259768,57.73411741617936,52.585794764179305
photo_hand,52.46811715818028,57.05861993330502,64.26941850454058,59.4066397442617,52.186645505600936,51.0703458290822,0.0,51.47436814157781,58.634894534577896,60.50143904427944,60.91659065242694,56.68493305070612,52.68936907649628,53.74998624334,52.80268930905477,50.29783194830748,53.86101218421471,58.10709372509641,62.885096549932996,58.97629407238322,65.9891492691301,58.61732340834586,58.368281640662964,61.54077151032367,58.397615132534774,58.82054301921781,59.3110281373328,60.86102211246262,55.122408802161985,53.69295428824675,55.629775666079524,55.91929176396235,59.201745046128025,63.097664074085294,55.001641095748674,58.39990411915829,59.137264055700605,54.131048567411135,55.20717849475989,53.10247614083043,53.83903141874135,58.659455142015474,60.15106064853878,61.89917979776272,57.50083377099827,61.370459742098404,57.21872744667701,58.043335123128955,61.25857045991938,53.36118288662929,57.488005628828844,55.91074719443536,55.252568437319454,55.24390745256702,52.64301307634047,53.691312818441325,53.39723930086234,59.96467766526947,54.55204029080937,60.0413220146205,56.39276931530924,53.507617125162376,53.61915700076889,52.2774293832024,53.64312482921116,58.11405369464884,59.75769170570079,59.572197155247636,54.72024891630074,54.953189960552876,56.046378623379105,56.867895981622254,55.40818216144423,55.29182241104664,55.689202211291935,58.153108529235666,59.152753392178056,58.772568025018835,55.25865658187119,59.13421578676415,58.35827311874323,58.34103480786046,56.961388107872764,59.26747861296086,59.268367008101755,55.77683894348417,55.6310957498797,58.84630456222681,57.988169576723905,54.912344599998185,58.9836479866039,55.52352109033219,55.78149126037965,58.28673099764357,60.43334844076921,55.147945742412375
photo_legs,49.9533384340001,57.800991070778075,64.23310918472505,60.533694011599714,48.122810660926014,45.06543504366512,51.47436814157781,0.0,56.54515626923886,59.9349506101755,58.971899870593376,56.0145921351317,52.77610174984791,53.56667906697301,47.73108167398701,45.25127715319366,49.24869176090859,57.25061163043684,61.89058843426591,58.96078280934044,65.6454711759874,60.2726675100491,57.26629985309411,61.79620121493785,54.00758491900543,58.14226613381563,57.62802193123161,59.88613293951057,50.40926862893292,50.63767736023067,52.62084112341801,51.72563425316685,56.21879389935373,61.02820254200712,52.07285863313477,57.3060206068029,59.088885059128984,49.8967353076319,53.18507716347132,47.5935063675836,48.650281898340666,57.00560705324509,59.166063882976765,60.88171634766612,55.08974353759112,60.29842498925888,55.2731733751043,56.632867521980955,58.62972805972072,44.67605957588363,55.76397011899163,50.663156440495854,50.5024832299403,48.61612514417646,51.81609574973396,46.164327157743635,44.96982113430423,58.729821934349104,52.055825072598594,57.848157619595874,52.892752343528656,49.57096530663971,48.70271959162105,47.35083003221844,47.88851795270864,55.854223827652056,57.78405707883257,58.23870823685588,51.502079226984876,52.61887738862832,52.974863342124905,54.8725266899392,53.06550989769501,53.624679338073335,53.790996983858456,55.86039787981633,57.298931816261536,57.0948627767659,53.37121493158916,57.30269506048915,56.46429396121107,56.27869337424849,55.32036807068889,57.54595810131089,57.51676417108869,54.16730100131081,53.786352663121114,57.27697250488261,56.06656493595796,51.70066042768049,57.50189462350322,52.91604585252327,54.177133734843316,56.373688317845485,58.70147692948287,53.30623943945376
photo_bird,57.67040130785169,60.666865085615434,60.70320386036309,59.59548305065518,54.75845580320403,56.01697881407624,58.634894534577896,56.54515626923886,0.0,54.873275904420645,56.8328276849407,49.65330040515775,57.36987523075515,57.46753159715016,56.25519500192352,54.49398153739379,56.523591348394014,48.796883053172465,57.39487017323295,54.53545874785703,61.83769400595866,62.24481026691965,54.60127528224616,63.058187576520666,57.13898763331358,60.88331463200437,53.30724623601117,57.39887810121896,58.29058681591132,56.997768493379105,59.843038947149836,59.277389702959006,47.534236467170835,61.69504087199108,56.84973788125213,52.87632462100989,59.30833297775334,56.634654558399305,56.68333067719713,56.41245253473003,56.04351265881038,50.936035772933415,55.55928977651685,56.913234760501695,50.392549936095236,56.902746203401314,51.515774256883105,60.7476300823928,61.469101585289415,55.35525779781725,51.619239663130685,56.922783365075844,57.66382142298547,57.58537130888399,57.88806929363046,57.56712674492958,53.93294439325397,59.45491223566746,55.46769421204984,53.17518384503325,59.19559828871469,55.328772564442005,55.59765434945455,55.69611376507149,54.85520375419449,49.64880467195817,54.97038976401288,55.13850713084743,58.30167197393253,58.315146931549975,53.79786117456521,60.0990696851104,50.88558487566395,51.82662706929439,51.66667058711921,51.902686688082305,53.60457461314715,52.78062633505268,51.52266173425483,53.376283205502325,52.10610111726922,52.634041031754315,51.16276506703669,53.31614163231517,52.61875948232261,51.46584003768645,51.06686444591492,53.06436907155,52.06401601248618,51.433447340921305,53.51491236997426,51.760796793882925,51.908106331903795,51.67531262647676,55.299191539515014,51.348237449455624
photo_butterfly,59.26798397520601,60.80600588163416,58.78080421734348,60.424595488997866,58.33571448008205,59.22832438044583,60.50143904427944,59.9349506101755,54.873275904420645,0.0,62.43527042208768,56.783548744385605,58.602647710065206,59.71851045143552,59.93158199720144,58.15738949001707,60.18348963894612,58.17337098612006,59.762703219642,57.24336079594524,59.51656766190392,61.19276994630366,57.49733502178069,62.46164346655685,59.094057376941834,60.98447977794811,57.365729550931135,54.60560081015112,59.911815145786896,59.32768114233379,61.452934503159064,60.891584891809195,55.6134925373193,57.65462155587018,60.73584391776611,58.026762709344766,59.27495487217343,59.490388473834216,59.876094269800355,59.6601649194956,59.072199821744434,57.91442196767883,58.06212702353647,58.80889334097678,55.498297353751354,55.51358510031619,56.64570664263803,59.680069903699525,60.95025145462467,59.268717656503746,56.2562940994287,59.98710093374908,58.53803317744115,57.92756860755105,59.74550818259822,59.347283508012225,58.9405860602205,57.42606223449202,59.059455950521446,58.18910727019807,60.41662823953692,57.460030241901535,58.566469383564844,58.813596672398916,59.69471048022676,57.81099837640659,57.45701149267972,57.054010814088045,59.23524723833691,59.22921506082944,55.77809525591441,58.82915471888913,57.49562448760429,57.22735811676686,57.862568557286835,58.306031741782675,59.536349545013536,59.135004849992185,57.40921331776558,58.977643680772665,58.23031234312169,59.141295026813786,57.423507501414,59.80002083250008,58.86101997448254,57.83045298998374,57.61418317041475,58.96829548744111,57.960987883274335,57.595996280646084,59.20420390630049,57.71749038925347,58.07789389210297,58.1463814583751,60.96216851173631,57.13070442332202
photo_girafe,60.03154400843893,62.54761122051764,64.42965278201991,62.71144695005208,58.20043882174534,56.29077301427233,60.91659065242694,58.971899870593376,56.8328276849407,62.43527042208768,0.0,58.34145923597381,59.66615956836458,60.40690566818909,57.55440040470049,56.94961636170867,58.69993777150455,57.52798174186603,61.04420997760122,60.68867581887276,65.21425962067535,62.26757086980325,59.48109680558256,62.93692099888965,60.92036098984827,63.00996928433131,59.882688988187375,62.634386586183616,60.16793741532176,58.92926745681771,60.6565022415795,60.22432002748315,60.484432759594405,63.5742259016592,57.397718258676946,60.284104988268986,61.628506625347306,59.245208642036204,60.11401030440047,58.61635409800172,59.22829236449746,59.00487719405268,60.148580383098555,61.69599625863103,58.0915283751761,62.30968393432962,59.34035942709474,61.5487549596635,62.74685388710628,57.8954467822172,58.49682769193023,58.57155864090093,60.18495153537017,58.466325537466474,59.33076693241964,59.44960453808334,59.07432687360547,62.90593695796513,56.05104638624526,59.81921699863577,60.37798599868802,58.846728700366164,57.393750088166136,58.15674450481842,58.94682260579182,57.881859544822916,59.33211238263488,60.254240731050544,59.64887829626942,60.58712539562307,57.22229532886787,61.23244040382685,59.734592698531756,59.544593909246565,60.18115772046334,60.09985496629814,60.76711629454321,60.421706840410806,59.65835374271865,60.794504844779375,60.2213768450035,59.68430795834526,59.97645713246298,60.945304338666816,60.528502861529596,59.81066247386287,59.65208581261662,60.373585934604826,59.75648731504135,59.53774146288451,60.74093662197724,59.754031403022886,60.17736747006812,59.77235502788781,62.29588605144417,59.152279952131714
photo_fish,56.503370258846736,60.4513791113529,59.69005107685433,60.62049433214772,54.25033154696638,55.49983401613505,56.68493305070612,56.0145921351317,49.65330040515775,56.783548744385605,58.34145923597381,0.0,56.444931888299,56.9245439747459,55.63942347046435,52.761742432295485,55.509331481336865,47.769509110019456,54.5201291558324,52.193868777310755,61.25520385718234,61.3741102500218,53.372535142471236,62.16501886748859,56.57432545547622,59.7908165883982,47.76437468393204,58.006895210084195,58.123067983155565,56.26213178728105,58.716876493759464,59.176777769283476,52.21805715203026,61.2647682270147,56.964871185447485,46.6060682050731,57.90504706673068,56.314855816846446,56.733724391251286,55.47359833863587,55.1815961181895,48.07032718961949,50.84300392051796,54.884011335398945,46.54263154901272,56.3780831549108,49.37876197492666,60.10535401549463,60.49565209198829,54.005388295441,46.99577425219479,56.53587452835187,57.82275677246618,57.399505554362,57.854064764741544,56.97790214919907,53.60995495939531,59.40046175868052,55.0016069950684,47.41970984758511,58.39602544351792,54.300186705687416,55.11749615088711,55.182108777408715,54.18524802772562,47.66508758655858,51.46757924782915,52.7748804527163,57.31570771185139,57.075356464659045,51.51600098574443,59.618534497632865,48.64565612053276,48.799801163653825,49.330937155065016,49.78132185668243,49.4508969236153,49.10762351904074,48.54063553014963,49.39109574920893,48.35308238058576,49.80349802453248,48.36993860128971,49.76978880908559,48.77834667961462,49.273834395963355,48.87092182561287,49.03401822345837,48.64866165314581,49.35580746820934,49.145035738125735,49.21769035485237,49.60136370927602,48.604566852956665,52.5239661475797,48.91214913655323
photo_cherry,54.14141851026395,56.77037061350411,63.029631420339,59.977685935826486,49.494904140872336,52.93280483529555,52.68936907649628,52.77610174984791,57.36987523075515,58.602647710065206,59.66615956836458,56.444931888299,0.0,52.34179984655802,53.76190047286033,51.314331703764346,54.71164568505838,57.58756508535372,60.32911220816996,56.46139509986431,64.8500171417726,58.76728021037525,55.25085683398586,60.27064012878239,57.100100986427115,58.12771986304235,58.07098578678441,60.50903379218715,52.57965261458101,55.90500479739696,55.69693511429336,54.41597466613543,57.4787463778369,61.689372608313924,53.92921830206073,57.129080308136665,57.59153633704442,53.759815142146344,57.11734179087112,53.36872001969669,53.82588697268769,57.50190280483425,57.14749374594303,59.36501724595335,56.6736497945026,58.56657590019183,54.92336950537732,56.70849021635488,60.19938425635639,54.19373191102227,56.36366356397716,55.85439170872974,54.1208317518071,54.57289507575637,54.73925888035328,53.40828499574723,52.679139661612496,57.570282760019865,51.715790351213336,58.44390726591242,53.74062787154348,52.3644484973534,54.23119715850083,53.676103326534594,54.00153798494721,56.87044272703802,57.96239291128374,57.27683291588487,53.22372799834497,54.39775116118779,54.524651101553445,56.061542690427686,54.925172056850606,54.45871981775163,54.98434100384835,57.19145971979089,57.94497113530955,57.83744112497655,54.22457660823224,58.0779739525034,57.21334577563649,57.73399055630592,55.76703704028453,58.25104223780099,58.248780734764885,54.72828309765819,54.826910562737034,57.79919395734125,56.86170891306837,53.93159707880078,58.04929069862192,54.95222330333013,54.910325554727095,57.40131086645428,59.61849034205331,54.10001325867603
photo_tree,52.34504458129517,57.29914935451854,63.89305520262596,60.32665181503087,51.926847423845004,52.31398148925551,53.74998624334,53.56667906697301,57.46753159715016,59.71851045143552,60.40690566818909,56.9245439747459,52.34179984655802,0.0,52.65701405017277,50.337493522702566,52.209625845472715,58.176390526426204,62.67631110663308,59.187943599751684,64.95417500342967,57.64153911000079,55.063511522353224,59.913822090101895,57.00600437745118,59.712328844615705,59.39138662819332,61.000310565728384,53.392992953514934,53.40735245195184,57.80165764206444,54.16378610172842,57.788709782568596,62.68750241722222,54.169681080539554,58.4503501445752,59.68068859528208,50.466299110995195,56.61904502088632,52.87321824500953,52.80493702279647,58.782932711735256,59.86668376016807,60.588313465659056,57.5395126551627,59.91017434002803,55.50381678135196,56.78565584219695,60.8071758851116,52.90495540662569,57.37850080790502,56.77993011958169,53.82747268207712,53.97939151775401,53.427873771150644,52.963538048990195,52.436702839255865,59.0536361734836,53.70285161452481,60.10124506011573,54.72151462262457,50.60178617612589,52.1556003620978,52.35223184224146,52.44220332867698,57.55901207238632,59.353607971262356,59.80118899486787,53.18654324662166,53.24590141359654,55.29874225797705,55.838207152932625,54.77671781195393,55.35100412425822,55.68112371123529,57.97805120821897,59.048975417450315,58.7345658850804,54.79210798585035,59.07563600034153,57.839459701951135,58.52930385862425,56.58489352196918,58.958031974284125,58.92259084819266,55.70732386517044,55.818321495467465,58.868598625341065,57.64109294539643,53.960590580768766,59.06442199134447,55.06571052263745,55.76830219102561,57.828248980006634,60.61907108867166,55.30003937610519
photo_flower,51.15563973502734,58.48848670984279,64.33158729935083,60.67881782116179,49.211550032444286,43.715911601694515,52.80268930905477,47.73108167398701,56.25519500192352,59.93158199720144,57.55440040470049,55.63942347046435,53.76190047286033,52.65701405017277,0.0,38.61708507929008,45.981006171513364,56.25952049314952,60.77506216787937,58.3780331585976,64.91666984980412,60.193399269535675,56.97689489110069,62.11408816930348,54.00814014603529,58.65851860980685,56.496313824173214,59.21267528397108,51.62902341511714,47.5612124955147,51.67594723345411,53.5300662930794,55.094953099332365,59.98912764030281,49.278482593651205,56.41767241071619,58.96446414172605,47.96171327042767,49.87357224574875,41.10046610956184,47.80886855918971,55.42635353928989,58.17623389614134,60.531149792731824,53.00996005192137,59.65406116429809,53.881724567146065,57.4455931021031,57.38398179664153,42.40179198623245,54.249082982834814,48.080475094263825,51.259867131309065,47.796682443010994,51.244116024015625,47.12473377201285,45.26759221707206,57.82842973546709,48.803558939592044,56.89635986385779,52.96007612620241,45.96327296037078,42.26548671441563,39.01377063733796,43.15964974815248,53.915887491212274,56.67809733238468,58.087018641690605,48.54143523314339,52.83617446225537,51.44340873874919,54.7341006411637,50.980497633848586,51.89380847068979,51.70455937069265,54.23468458438186,55.408487676532594,55.11245533329843,51.40302683092433,55.50015187325792,54.29774434926386,54.45533775153217,53.527517682024005,55.523941500715274,55.356147028897325,52.10374094429197,51.777959804172454,55.5742238472303,54.185722458588394,49.78258888383362,55.54635359326231,51.064643587842056,52.26332826696999,54.31692647309284,56.86763124618537,51.304801683352736
photo_carrot,49.05534394467795,57.382987767658406,62.74026608284245,59.46800067154355,47.705738824799305,42.379079974086714,50.29783194830748,45.25127715319366,54.49398153739379,58.15738949001707,56.94961636170867,52.761742432295485,51.314331703764346,50.337493522702566,38.61708507929008,0.0,41.85099393156526,54.15277604173068,59.06360261757615,56.98032444364849,63.58867501229295,58.56743523258775,53.9853198835874,60.77017090730458,51.861393788944454,57.72845706295826,54.22288388928447,57.957840279242674,50.104615020578414,44.65609511704718,50.11498782885412,51.54147136956281,54.02306907847258,59.106811761031956,47.394526872859934,54.68812833837691,57.44265790358902,45.971337476506676,49.09529575688662,33.026005815885405,45.255347286882504,53.38030272804457,56.38505282778561,58.846282014308514,51.015195146283794,57.9487748669616,51.9195967353276,56.41093380680391,56.99401997579337,40.383675073070286,51.95058017076268,47.38377262373191,49.15277129079847,45.34485496714108,49.22399395788756,43.78905405356638,42.73636534272363,57.09557713946227,46.554391864043744,55.1778427333919,50.21377739351451,42.990233984691706,40.883661840815265,33.650158609060504,38.52436857441537,51.67396814768835,54.77370918437615,56.21379345085345,47.56868756169663,50.5011856062804,49.64332461150017,53.34733348410576,48.43640077474939,49.450306326080536,49.503781523328335,51.99204383407022,53.493129147910544,52.99884040252172,48.92108355426613,53.363984503299704,52.33692776906055,52.22022082465452,51.38675391283184,53.368439747721716,53.35713445669689,49.96548131700803,49.16401593277704,53.72394080081717,52.14261342805254,47.56462464010711,53.49753402573856,48.48644980526782,49.99472130248537,52.3093253849702,54.93418474757298,49.05917994680246
photo_watch,50.404781067722965,58.6494929809026,64.37271262806429,60.89587922384152,51.41821300558261,46.62932320767044,53.86101218421471,49.24869176090859,56.523591348394014,60.18348963894612,58.69993777150455,55.509331481336865,54.71164568505838,52.209625845472715,45.981006171513364,41.85099393156526,0.0,56.49510229225536,60.3935197624275,58.10055031516578,65.31170988926628,58.99827167300921,55.41097599656163,61.555289310033395,53.056861772347126,59.037721242961275,57.07401165850905,59.58566102803097,52.133765020655986,47.75302924266234,53.127812333316975,53.60220319133329,55.2400022556646,61.88515980875817,50.43370516539196,56.414117085570254,58.86048311223761,47.07738850166987,51.36370314037942,43.110755438275426,43.95116589540709,55.40679957843225,58.39390612455743,60.26465661107073,53.686918259741596,59.264053334993925,53.829736879251826,56.1387094586189,58.955198549446145,44.28230298616359,54.708723358230884,51.57858462677786,51.019658074387415,48.67796959281905,50.66116943020062,46.32363006242683,45.82996398561712,58.917579684882924,50.657178520804635,56.59563437870585,52.85890783866888,46.706163514928534,45.14936858517274,43.734329412085536,40.79498066041937,54.314631972150586,57.843383912205624,58.06678987821883,51.05628583241907,51.98970567858498,53.36806963110672,54.13995053159352,50.70063439051186,52.0519240881831,52.08032934085356,54.515808816074184,55.926037366981575,55.628178748510116,51.60326986593451,55.75054216535115,54.850844856455,54.47069276307456,53.70087345033198,55.787357502728824,55.590981631775975,52.63960782111746,51.803718389201826,55.991781729976175,54.325487467255535,50.16008209625484,55.77287377870573,50.72378122755028,52.63146880728633,54.745621312319,57.100157896478976,51.6985090269837
photo_key,58.00583603432933,61.527849932417766,60.88176351694641,62.46838237812189,55.42447938555142,56.400621637966275,58.10709372509641,57.25061163043684,48.796883053172465,58.17337098612006,57.52798174186603,47.769509110019456,57.58756508535372,58.176390526426204,56.25952049314952,54.15277604173068,56.49510229225536,0.0,55.17764573494236,53.46606960300069,62.42396615519637,62.19442521050998,55.0787516207439,63.53468483936443,57.84400690368643,60.971459403809575,46.566408033719,59.579914120174585,59.51618257300734,57.24913881509298,59.185294458503144,60.00877292991521,52.51397046434445,62.28995429918203,57.90788864592298,50.2238838895851,58.867143299239736,57.392085840629434,57.20453022775617,56.13610428720926,56.39050850442739,39.29182489248687,52.986190440371516,55.52263598673006,48.4628386884758,56.62012966950632,50.004298438471935,61.05894947309109,60.47269137380182,54.80264714242274,44.273041801898366,56.70657315580064,58.55442710806697,58.08929551346067,57.65124025593445,56.66824651400826,52.71306217537463,60.24052276459556,54.90875081955364,49.96962336300934,58.54151873435332,54.794663019251566,54.97872658928548,54.870442379866,54.080671906451194,39.093489305328504,51.11072145133109,53.119569313171894,57.19039865597565,57.69407465224546,52.09649985897092,59.74868148881046,48.21806683899642,47.766826445144595,47.86777645581669,46.687545652125635,45.70683146460301,44.94564885530774,47.76223634266468,46.3128499467827,45.56432698204694,46.34834248940573,46.75268240326189,46.364264688677146,45.22249651131585,47.26995871279445,47.467990097643245,45.40481121206921,45.83514172709308,48.77556021251273,45.55395257516436,49.04069029689337,47.433779657966,45.728621436202175,49.80034225584599,46.675345541783344
photo_truck,61.08976041016465,63.7528367787077,60.96305461650028,63.95270194979885,59.668197916506216,60.85275750793788,62.885096549932996,61.89058843426591,57.39487017323295,59.762703219642,61.04420997760122,54.5201291558324,60.32911220816996,62.67631110663308,60.77506216787937,59.06360261757615,60.3935197624275,55.17764573494236,0.0,55.838324774317805,62.27878040999016,63.30497096464606,56.48658211194214,64.85113735039178,59.611180891107644,62.97474657871524,54.39465647001344,59.67803576081317,61.597620315305356,60.156725561729566,61.53189049911479,62.27790203201999,57.38284381375295,63.31655638194652,61.39720263095839,54.94962912129373,60.4449261800924,60.36768482771821,61.15061274649278,59.986295170642876,59.45247829583291,53.81946689379687,49.19704742785297,55.98994792887985,53.309601704342896,56.36960424522848,53.00393624849369,62.06921514504018,61.52407675617693,58.70847085032362,53.91411675581632,60.08474743919515,59.95609573206487,59.92631068464025,60.868864736463784,60.98218274941238,58.63038430925815,61.52791200493348,58.68168517753534,52.62016611073317,60.88406264953547,57.95094898189328,59.38097788007863,59.461895695032375,59.10524212762502,53.298166748935564,45.09365717585907,53.239217773955026,60.381197738904085,59.747328286305915,55.080182185628544,62.002851312951044,56.15810260450484,55.56815102049478,56.10152680997008,56.20275363378001,54.77545747522541,54.558423800449965,55.692533839865185,55.38279813841009,55.46084003850278,55.45137172625649,55.89679146863369,54.95417580482542,55.07061774895662,56.26574128404406,55.67291128410381,55.52171448708577,55.846762385882684,56.18336958170144,54.86190069553285,56.1738600470608,56.47583504826938,55.47369376159265,57.49296131745902,55.469166705446774
photo_velo,58.78099806942111,61.588282606872646,61.331449313026766,62.32142963381026,56.29775073378904,57.935833531713094,58.97629407238322,58.96078280934044,54.53545874785703,57.24336079594524,60.68867581887276,52.193868777310755,56.46139509986431,59.187943599751684,58.3780331585976,56.98032444364849,58.10055031516578,53.46606960300069,55.838324774317805,0.0,62.70849805783851,62.211666263248226,55.36707534651498,62.1270121029432,57.17205920770172,61.324635369429274,54.21220700455219,58.96513518324945,58.81755323851219,58.383874476566334,60.077132537088026,60.547521296112805,55.65245920865728,62.068491210519994,59.564441876509456,52.19372184852356,57.250129440073884,57.67625548416476,59.478431172205916,58.3596720943593,57.43215148465774,53.66886563976917,53.08138157786043,47.76207981770302,52.20037308006396,55.91757324573771,52.530687177577335,59.91089574091369,59.92739194217111,57.420913460918456,52.404422470072184,58.64718295869843,57.49868665122442,58.4055136726312,59.11197941109348,59.23448964549654,56.95971025411115,59.80602359285056,57.844659738476125,53.419718817751956,58.953456585889946,56.16489765554309,57.21149757289823,57.7390590954459,57.83776595001171,53.28212418435098,52.75959878070672,46.97687265519627,58.37444572343325,58.74743896888121,52.813673710239364,59.74478023161977,53.91896098219457,53.50739529165156,54.29777515728845,54.91254408578003,55.09812688157432,54.83370163995887,53.98821048359477,54.78917542088873,53.75457103620475,55.236209641167314,53.11531236476666,55.40642545570109,54.410309335899306,54.14702432725449,54.309062414081296,54.16110143150725,53.945247274984816,54.368976745663474,54.59174671985744,54.08468355829753,54.56352916255827,54.15499874949914,57.5342010958702,53.6605942374028
photo_road,64.05890351740025,66.18779612374763,55.365558923027194,63.92753642771693,63.732560426357516,63.922542959505606,65.9891492691301,65.6454711759874,61.83769400595866,59.51656766190392,65.21425962067535,61.25520385718234,64.8500171417726,64.95417500342967,64.91666984980412,63.58867501229295,65.31170988926628,62.42396615519637,62.27878040999016,62.70849805783851,0.0,65.37329264356644,58.84768000533106,66.07370481132223,64.33108746173917,67.92351506792241,62.795134235739496,63.4580281942729,66.39652251585353,64.9243220469381,67.1561766658763,66.78725833320686,63.11039133301178,66.09018879808481,66.34123554484268,63.635525462821036,64.80493832082851,64.96745138687531,65.42650268131757,65.39470649047298,65.44187954192708,63.21806058776594,63.28991642388742,62.73391423058126,59.16509946548816,59.713893847725664,61.65696789434049,66.35743878799873,66.7073453203215,64.80806473789104,62.23780752634638,65.37247266384793,64.85036013111112,64.84480056015542,65.95855187980625,66.08624250551765,64.83526885254068,65.04656085917968,64.97231343574077,63.06373163449071,65.95521287995648,63.35809571375122,63.6651151141594,64.77308891383706,65.5206753230553,63.24586562892242,62.137628464886916,62.5114551489531,65.05128150173552,65.25969683269562,61.134806496458175,65.85940593883181,63.808050452136776,63.612960798832,64.2185331344319,64.21795912316192,63.790911189346225,63.18706976603203,63.54005957038083,63.8270810761387,63.882793255113725,63.604639276988806,63.81747141837235,63.57073321192492,63.57528419422643,64.14554501386218,63.99518214368103,63.90889908182529,63.61501199652929,63.90749044110323,63.61873810884856,63.81982123016108,64.43394654282059,63.26004472020416,65.31034252389044,63.27720635623451
photo_house,57.601015554479304,57.289165207166036,64.8340010752078,61.03929813569537,58.5665573571205,59.00542593445042,58.61732340834586,60.2726675100491,62.24481026691965,61.19276994630366,62.26757086980325,61.3741102500218,58.76728021037525,57.64153911000079,60.193399269535675,58.56743523258775,58.99827167300921,62.19442521050998,63.30497096464606,62.211666263248226,65.37329264356644,0.0,60.727606487662236,61.83405499456601,61.6735031367554,62.42131162330178,62.930212560478004,63.14767842153416,60.83900833465869,60.12303174129471,62.293476985008844,60.32519699431258,63.20546927640287,65.66230360400021,61.13310209134778,63.184913856229564,62.00962355800543,60.09769834424186,61.12753895190913,60.691514923859124,60.552059780913176,62.94036419571636,62.83059650077831,63.61394230829093,60.42759279776616,61.074339110437805,61.17502262019883,60.728686762243754,62.6737730868368,60.392080111892795,62.22753690344692,61.226466444116824,60.163179723255475,60.42402694419358,58.94500790051511,60.31615307849218,59.9731932794843,63.03715389853517,60.05672094195285,63.41357956685638,59.89044354224397,59.48008418961712,59.98273946684143,60.27093093251618,60.83340422486425,62.64473545794164,62.31592235667206,63.05736555104764,59.06935091518074,57.23462546874528,60.50026737611244,61.19275553544245,61.49004652390774,61.1097591128719,61.76079520478164,62.761477723932565,63.72456315053285,63.309516588731206,61.07729760808401,63.68462255034682,62.693224149938416,63.32171924714461,62.10676484084644,63.89677113470808,63.57571657449422,61.6835603040196,61.49053335804386,63.430104750246585,62.33305740113215,61.68988309102013,63.49873966893825,61.554571784617615,62.07075587203351,62.49689939805483,65.00529947453762,60.993690632407976
