,photo_face,photo_profil,photo_eyes,photo_face2,photo_walking,photo_standing,photo_hand,photo_legs,photo_bird,photo_butterfly,photo_girafe,photo_fish,photo_cherry,photo_tree,photo_flower,photo_carrot,photo_watch,photo_key,photo_truck,photo_velo,photo_road,photo_house,photo_mountain,photo_windmill,drawing_face,drawing_profil,drawing_eyes,drawing_face2,drawing_walking,drawing_standing,drawing_hand,drawing_legs,drawing_bird,drawing_butterfly,drawing_girafe,drawing_fish,drawing_cherry,drawing_tree,drawing_flower,drawing_carrot,drawing_watch,drawing_key,drawing_truck,drawing_velo,drawing_road,drawing_house,drawing_mountain,drawing_windmill,geo_face,geo_profil,geo_eyes,geo_face2,geo_walking,geo_standing,geo_hand,geo_legs,geo_bird,geo_butterfly,geo_girafe,geo_fish,geo_cherry,geo_tree,geo_flower,geo_carrot,geo_watch,geo_key,geo_truck,geo_velo,geo_road,geo_house,geo_mountain,geo_windmill,word_face,word_profil,word_eyes,word_face2,word_walking,word_standing,word_hand,word_legs,word_bird,word_butterfly,word_girafe,word_fish,word_cherry,word_tree,word_flower,word_carrot,word_watch,word_key,word_truck,word_velo,word_road,word_house,word_mountain,word_windmill
photo_face,0.0,41.52708488622468,43.264481636747426,42.84586430285786,38.23712438421133,37.50248354853861,37.301666960282915,35.500623123226966,40.44186822626467,42.17166187639512,44.35732282308468,40.416294011939634,38.9852370184183,39.19251246964217,37.22102327286891,37.20641731674498,38.832204662604916,40.252052717621474,43.29371748707875,43.54386060431035,46.02082054364724,43.21094103544341,41.93154928493228,47.9585911095289,41.21221024110975,44.861400068619666,43.512129065486356,44.71620219443623,41.87270589170753,40.38115933727269,42.44643339373094,42.51584109137254,40.953948281768774,44.81858574395665,40.55228956853913,42.54803482362381,44.81477572792894,39.01091294579339,41.64750370268046,39.17674478955275,39.533389485703566,42.724792727393535,43.468987306324685,44.91504083516292,42.38934677884476,45.132360324515346,42.581139608379544,42.70445918030609,45.10656507017328,39.284196957557555,43.016763095569246,41.91111199227447,41.95559001893475,41.564396023795915,41.63388159209891,40.94911233847624,39.81963367044472,44.736805946878356,41.38845689167746,43.28221350401351,42.972842252629405,39.76896615746912,39.77442425125706,39.53242792207151,40.03749760290537,42.37874022828643,44.569867200736304,44.773007273803145,41.470555516713084,42.699016605073666,42.4144260918769,43.54957589397469,39.87136822672568,41.47713528449069,39.89615991112572,42.051462753346534,43.23507850692537,43.37779992467362,40.450658335554294,43.2498179330797,42.62382799583002,43.33902191545245,41.393992632862215,43.44689134633986,43.156606903234675,40.51999950976209,40.55886013823115,42.83238394777769,42.48502434113993,39.15059798529074,43.0426258679381,40.319426877717824,41.71594018830453,43.11735965765006,44.580594358162244,42.235010745743914
photo_profil,41.52708488622468,0.0,45.56764708526581,45.60931430933428,43.41653451910041,43.04881518597009,42.14130090396688,42.43700013884849,45.33932695246611,44.75032600647973,48.379736399692064,45.79940168955747,42.91819528591358,44.214815516914115,43.51422005639672,44.18465490272691,45.88819691793024,45.19795739620598,48.21519748899489,48.273992993002665,48.2647985782118,44.42904085714948,47.32657532195059,50.729599152620715,48.18975187043942,47.33152483863582,48.80959387894749,49.288465514709856,47.49804858770955,46.96709346181533,48.129668991919594,47.28869101872614,47.19001133831349,49.38461813281033,46.55289705277271,48.57364901442446,49.58746298388663,46.85428452915063,47.44483247732405,46.58082285988379,47.02831999401371,48.178914826782425,49.21059968679147,49.672796780275114,48.02968426305285,49.71704547748629,48.40122814364692,47.69298990163354,49.421412658839486,46.54143752092599,48.486328748272555,47.766870495823085,48.42789533121436,47.92012748770644,47.69046818224489,47.513147916860994,47.19280059549498,49.62311878440926,46.56358545713077,49.023150577761875,48.23887957317905,46.83157443109574,47.43316004342078,46.6614086170159,47.29026424558466,48.657801958954586,50.20504021577723,49.98079875037964,47.49466706874795,47.10205687596564,48.285931417023036,48.7697444065319,47.457604863982134,47.892521285689746,46.774235004599,47.96808389565248,48.858608124668855,49.10121425932012,47.12424688340653,48.82775901597535,48.16137379216332,49.15900466267907,47.331667544665095,48.983585305394136,48.62757023293299,46.87664290052784,47.299295021941134,48.407808718568226,48.20267012372307,47.20273371768456,48.66860393831473,47.56210685760127,48.018672593435326,48.60084604012445,50.39515345908886,48.24489811591088
photo_eyes,43.264481636747426,45.56764708526581,0.0,44.09198879976595,43.75480395110075,42.51730621893044,42.10488862220896,43.20832592436142,41.636882351645255,39.93261057639976,45.810823195721674,41.98884197060465,42.229348650415176,44.313565399992896,43.7377288979538,43.03967439581987,45.43474953547206,41.53572415252765,43.32073004883185,44.351204155935264,38.33465516464849,46.36340580345143,42.31420926654262,50.37751787262774,46.17971805249743,48.554653578047926,43.810029288466716,45.582211526315426,47.54689083092569,46.717674016273364,47.98635690252287,48.164833783960056,43.30493153288902,46.09210823712774,46.72815582584064,44.56472686650091,46.331366011096186,45.54999131230789,47.046021650842775,45.71700790979866,45.55367491492973,43.41348962624653,44.59588910588143,45.21352338155688,44.160378765877034,44.45854963921433,44.89627547257177,47.61799669488541,48.36504445503062,45.53846080496166,43.890871289962305,47.29026696556553,47.345508376820455,47.33484673018179,47.722115983005914,47.25170526870988,46.12016558871601,47.10777562086299,45.93685236773813,44.991411172137674,48.250393685146726,45.59468066955007,45.95906568885612,45.70765313982707,46.06744408497536,44.423964603021275,45.832415942816816,46.055882057320446,47.19582857785579,47.53697108567151,45.35675087202615,48.59410307571996,44.07735210285529,44.427257785774856,43.54030754615117,43.98985892926872,43.696570084519955,44.42010200005287,43.83896929792261,44.26475381773276,44.20134165038515,44.42762075048853,43.31981368469797,43.969916017820154,43.91435390737411,43.470710241281225,43.973412450637205,43.93144303824033,44.34184130274623,43.87325825359627,43.8327425169413,44.14875723929856,44.786260909044806,44.49444353352928,45.790383817070165,45.396259979158
photo_face2,42.84586430285786,45.60931430933428,44.09198879976595,0.0,44.17900747978345,43.537451646965486,42.434286975050355,43.47520911811609,43.08948733107073,43.56832267498116,47.48365464122542,45.02870557207257,43.56295825202579,44.67916577391895,44.34362226510585,44.29475652811031,46.674218796228054,45.20571285341024,47.41228302836797,47.317577429265214,46.53441954290363,46.01067974064918,46.61364338550055,50.93565230011608,47.003480637159484,49.14406404052577,48.23455441505041,47.25176537743029,48.285425124544766,47.42082678066724,48.621416751154094,48.37404309939231,45.99447984346184,47.63847148667705,47.58789015663924,47.98913394798602,48.57612587187334,46.8098270891139,47.59365128759006,47.046488973245246,46.988533837539066,47.75219163367806,48.61425537775175,48.788178568832315,47.24119998906063,48.40121665194981,48.196537908499785,48.22584129587482,49.57652094596829,46.77252227704576,48.21489234909287,48.32075521186441,48.37707889637821,48.15330314918675,48.219552633943636,48.52216021753175,47.501431904366704,47.95593500269323,47.14209620577966,48.450609176733266,48.71959243190196,47.02589302724174,47.48949641679853,47.1155496540869,47.79111513733637,48.27633415675071,49.393741778316645,49.04513915754693,47.92034996480968,48.52072786568077,47.71893228105048,49.09631073527643,46.841116803859364,47.529372058033246,46.50644665933683,47.40711560479002,48.47693661342156,48.74951913069022,46.75193379561474,48.62009500858511,47.890494698709304,48.65727167778936,47.115159091173425,48.7303648765179,48.37893140086046,46.61145709221223,46.81028281021123,48.0976689242817,47.87602479144123,46.77297596638105,48.355253761835456,47.13130062708012,47.80001562963236,48.21484673250754,49.676361999624824,48.26877211325249
photo_walking,38.23712438421133,43.41653451910041,43.75480395110075,44.17900747978345,0.0,34.4342749465813,37.47510434653968,33.04442097717449,37.85696497882548,40.36276626424219,42.433338111225666,37.75668779851913,35.85805893239599,38.836295655254204,34.0371630250212,34.36754706947202,37.485734752723474,37.282870525655056,40.59161868952057,41.26604549809275,45.336127499143345,43.729971853711646,39.17223572175132,47.39771707600584,38.31212429838336,43.21982915332163,40.217823435045354,41.49154231992162,36.642163852972956,38.73007142853378,39.53534672947921,39.720758337126576,37.41595022309331,41.14258065991154,36.445612871360204,38.94516771891637,42.6723657372615,37.183579628602054,39.81863444056454,37.05786712906173,36.778016973896335,39.47025981184482,40.61990322605273,42.43413100804991,38.89735360388246,43.035323982340984,38.46637545987417,40.86983258329117,42.14889126729215,35.365598066662294,39.9903642188288,38.67413680714,38.58007264185051,38.809267812309926,39.82936911005397,37.56515309185062,36.6736744117854,42.05945117178392,36.84359036671759,39.31212300630382,39.61824102436102,36.25295619754219,37.97980253514298,36.83341980297233,36.96605719376789,38.93718348180619,40.76805797511804,41.7689886345253,38.40656477211971,40.78892523543562,38.66954058440928,41.278261769502485,36.91212794860434,38.15914136661231,36.64676177732646,38.90185800304742,39.966663267471326,39.98515851066813,37.14075796372105,39.97611541847255,39.526834827677945,40.205625752402796,38.14088448474473,40.38284562958878,40.076362648375884,37.19311711998884,37.22843192970052,39.62740708123738,39.39219169241151,36.314494580790566,39.8512057786182,37.49282507925274,38.29544141527838,39.82141679176002,41.46414300469199,38.669010860027484
photo_standing,37.50248354853861,43.04881518597009,42.51730621893044,43.537451646965486,34.4342749465813,0.0,35.60847901308087,31.53613328925876,38.181342319972096,41.27302448502026,40.77494035975176,38.54017409806964,36.843639242333225,38.109975125399416,30.974476771722248,30.763664549914523,34.82463536038709,37.677079665084555,41.175541105136446,41.767975335893354,44.43589813041043,43.6243631351085,40.025611996198215,46.3545253696388,39.652035760196064,43.72418867938023,40.68679072053814,41.94954867583733,38.89755864032863,34.848231249619225,39.26056269473442,39.75683402737259,38.190309465534014,39.50566268400944,36.153006695710395,39.93386730870736,42.16634112211836,36.81733417830342,38.925282122892995,33.418431231107036,36.56898226296501,39.334288013518304,41.240487586106994,43.70722706513506,38.544053814826974,43.44583255922993,39.86965859671722,39.84529509402153,41.60421058744995,33.02007729298643,40.17716939272249,36.38300624593366,38.99051662029144,37.198957964244855,39.30123089430532,37.16401369885422,35.55752764330063,41.42372262475413,36.29801351433449,40.22476787745333,39.49809113073248,35.71761708934629,35.517160772562455,33.75489896483376,34.7191527112554,38.943776484718846,41.705067405548725,42.83212783419714,38.16392786452464,39.835013872387854,37.96179961781625,40.38687810006601,36.97336501527767,38.43207288303843,36.757573890574164,38.699325160762925,40.07919069362227,40.406143958336386,37.48822366416978,40.16057983856857,39.70484674983032,39.87435351453108,38.50569904993523,40.41741332827224,40.12841512196507,37.323656560259145,37.259504016654624,40.06050009653281,39.614851727454116,36.5011317357807,40.07050102918965,37.36550086790257,38.561886458583835,40.00461621046388,41.269224485076855,39.001838458119074
photo_hand,37.301666960282915,42.14130090396688,42.10488862220896,42.434286975050355,37.47510434653968,35.60847901308087,0.0,35.94079406079907,40.3918445391543,41.27817268028404,44.03889258013588,39.792714389710014,36.88857617330127,38.24703714063724,36.81576938517947,35.747204585220416,39.12255773872526,39.76347197716989,43.24770069663957,42.335111304470125,44.761942071093486,42.55458631267415,41.86846499699076,47.34185321925902,42.46567676153994,44.6868073280297,42.58684421585013,44.10837299415465,41.85799031148117,40.56079446832607,42.25995890139439,42.726306353340625,41.481399266461004,44.24720621466143,40.41129083164974,42.09069921879304,44.15687758873562,40.1233438622319,41.44623435226396,39.374911280231544,40.039823728173744,41.88210457025639,42.96433377024843,44.79210790837481,41.886860459609096,45.19328909031234,42.14086510294765,42.788071985419464,45.39149569154415,39.51017055769908,42.19526129137404,41.850601142942466,42.35291418509005,42.08442244961777,41.57139324946901,40.991441802453465,40.51237302085976,44.604705362071655,40.60993203057161,43.19194037432371,42.90655246772209,40.05647037989875,40.76132722723258,39.10373991066877,40.218815429966,42.39919478750763,44.4069150339773,44.570836640454594,41.70540110799921,42.62341024043291,41.95379113159763,43.577422777352105,40.2447022074401,40.88488906335562,39.59151661550719,41.261630071577244,42.30501713599472,42.91474234150737,40.125184269887086,42.45735676601043,41.969237350226706,42.39704073677227,40.731352349653704,42.72384318373254,42.3148667724408,39.81555441000672,40.31569799976682,42.22834863041696,42.096887036338785,39.80560249368793,42.35081878089256,40.52847359870344,40.895118133349925,42.50190549810334,43.64537633971989,41.48392301764552
photo_legs,35.500623123226966,42.43700013884849,43.20832592436142,43.47520911811609,33.04442097717449,31.53613328925876,35.94079406079907,0.0,38.06149547292447,40.41241478680137,41.88602694049634,37.577475038163755,35.80817206256258,38.29907801380694,32.05879947516482,31.391124650479895,34.479380610104,37.22710844907283,41.06745356167115,41.77171666094087,45.49453773793871,43.31573353354337,40.38806726461805,46.87378281577485,37.92174972274549,42.96122231332091,39.8471884173011,41.996530142833954,37.4465091985149,36.50859918287293,38.202629306147884,38.987595508875025,37.98545516833287,41.01786525707833,37.214460547219836,39.398751496306886,42.254969165506175,36.173435669497415,38.80679919814593,34.5985730362121,35.12035469240681,39.056406143442935,41.19054369964034,43.2259371803856,38.46799382981591,43.22206985379566,39.10973765531285,40.39123570224009,41.01591187360185,32.628008685067435,39.242312763130414,36.47793569019637,37.776837710411094,36.35845833020645,38.63877238083259,34.84632032037858,33.77815797932179,41.52441196857901,36.69813713303817,39.44608292909174,38.40024099578081,35.12932137866608,35.574336028523796,34.280834207203576,34.731370751320284,38.17959982858077,41.085928542653846,41.952075966650526,37.88936888148323,39.092666677849856,37.31541993120115,40.035536445849324,36.42723201336675,37.4416311938365,35.93985640405912,37.992379678539024,39.55733086915787,39.59552093650433,36.65008043125414,39.597044195776334,39.07968981864063,39.22576805298919,37.826071591272715,39.88538882743666,39.698508749967395,36.638007089625326,36.50188969459461,39.35971027411881,38.823367937084505,35.68758396359839,39.42938773770412,36.81295563749631,37.70214718627298,39.556465202929466,40.98056163392928,38.09808406399558
photo_bird,40.44186822626467,45.33932695246611,41.636882351645255,43.08948733107073,37.85696497882548,38.181342319972096,40.3918445391543,38.06149547292447,0.0,37.221042030944844,41.149904681183955,35.406819583419896,38.85579136981818,40.75190746237655,37.87929579470172,36.785938740944516,38.883825064501714,33.71212895564967,38.50899411097131,39.50361071669195,43.64678736755838,44.835354024161354,39.33396413942251,48.60167737198947,39.37133331461621,43.49734965590618,37.79947474531032,39.70909959798432,41.24913902451173,40.00898307535944,42.23195373750746,41.862402648807645,34.41937865640496,41.5355023943505,39.6040848302427,37.52897020753154,43.04886584214128,39.181740639520356,40.18116873493263,38.770690420794296,38.448835399638256,36.00475129739925,39.06412727201746,40.64138374383046,36.236638719774156,41.1870393753194,38.04841886805978,42.46742851093269,43.03892765985261,37.95216643394971,37.73259827828393,39.83965420786017,41.197498616586365,40.67468623400472,41.395898839913855,39.93573397475357,37.988021805746364,42.00619541924642,38.35350531297472,38.16193694282516,42.24911073651638,38.156577618781654,39.09050924261816,38.33369699410677,37.85895481924929,36.09595126527439,40.22280895422329,40.522181122404405,40.815825936625934,41.30333880061398,38.897753070387196,42.70957957416687,35.504577543775206,36.842301807245505,35.32590532288798,36.29513715054455,37.8865455695269,37.87371896693098,35.82841398838848,37.75953044779398,37.04351119032364,37.89700144055684,35.7958783459178,38.07222761629082,37.266655305772446,35.41877845746973,35.437575335623556,37.495268174670805,37.0529464887282,35.46466247705596,37.598051091045285,36.11496642514281,36.796595455829014,36.91543958295197,39.33577676803623,37.32643385852477
photo_butterfly,42.17166187639512,44.75032600647973,39.93261057639976,43.56832267498116,40.36276626424219,41.27302448502026,41.27817268028404,40.41241478680137,37.221042030944844,0.0,44.366602231539346,38.40718823427573,39.525437251194674,42.47312256852801,41.27370002920603,40.486963664736436,42.6868052586115,38.81998867710649,40.85569302290271,41.63197366784541,42.01262046932034,44.018804132926576,40.71793184923384,47.713604871542174,41.93684229188109,44.2182171894287,40.820495812770254,38.98310879024385,42.84630055219685,42.92046325091949,44.64029129267585,44.35050824645331,38.24096548598837,42.643439827895975,42.78531699185367,40.837046993400484,43.938391209547326,41.890170651733214,43.06429602153832,42.507585468511365,41.840226142710826,40.16477622019471,41.02003680955817,41.95434608365637,40.41202931256993,42.01213931534988,41.20153789651681,42.67371577361487,44.90045121859345,41.56642554241847,41.14310285072754,43.14596868097127,43.065965433579585,42.89797872282018,43.8669289846331,43.06784105237574,42.10490567943837,43.41810224637235,42.02158673452503,41.40411140462707,45.01062979772737,41.667506395933366,42.566995278982226,42.08908806248153,42.58328850004044,41.0761483857283,42.73169005877209,42.833961521376985,43.71171733474012,43.84300282986433,41.25026617670092,44.19237885246567,40.45783590516868,40.97720233315052,39.876366232024836,40.55280679187582,41.86222060357851,42.190172839968746,40.33759982717265,41.7975826206974,40.89863097069831,42.114562065640094,40.06054642343374,42.21323264125439,41.57995241927973,39.9787231532284,40.433819285909344,41.310243856796525,40.894985764225616,40.274132529536466,41.59588023200345,40.890107814488175,41.509252149812085,41.352853328483214,43.33628714610595,42.01502809991037
photo_girafe,44.35732282308468,48.379736399692064,45.810823195721674,47.48365464122542,42.433338111225666,40.77494035975176,44.03889258013588,41.88602694049634,41.149904681183955,44.366602231539346,0.0,42.6958266813135,43.14766765888848,44.37650414181021,41.29826951383868,41.045368562757155,42.575822088773116,41.08959158242402,43.083958693553,45.26384629930904,47.435071410223586,46.68791841671853,43.664910506871344,50.29700455377035,43.82808416627715,47.021029450269154,43.3042872224237,45.10916989750826,44.9045172467666,43.223096437140256,44.326578117585896,44.41239696330146,42.91052570707589,44.32153337151922,41.96233419695367,43.62825038285235,45.68197374216988,42.95304523731941,44.18309562811223,42.35655165713087,42.48382140735282,42.32706133751205,43.30428693028614,45.28316993368114,42.665300387759416,46.06727139427043,43.62844608615257,44.68679012407996,44.95134660704947,41.92007095075847,43.06656936778453,42.64669618838524,44.50370039289191,43.46571335587685,44.10948488686196,42.826929781329206,43.098650322824234,46.188675551605925,41.34777072959849,43.55149882999832,44.56583885248299,42.43252675545276,41.96801539417535,41.98598367614739,42.41705212984067,42.1994349646179,43.86388459230138,44.63116794795411,43.66383120835449,44.3373087589364,42.207434699777814,44.67582300042433,42.42031246436718,42.96451302383765,41.90739027870951,42.74475562106175,43.71374908791298,43.916544807224916,42.46113460443464,43.90574457721343,43.54997385393999,43.332748457842925,42.857866963310215,44.07333448051636,43.73561746422291,42.17390026161138,42.11809879594237,43.522284145690925,43.42839725012754,41.9456385679518,43.621919549714896,42.60285389348077,43.07287871906931,43.731914409163,45.24528128167107,43.57295589804235
photo_fish,40.416294011939634,45.79940168955747,41.98884197060465,45.02870557207257,37.75668779851913,38.54017409806964,39.792714389710014,37.577475038163755,35.406819583419896,38.40718823427573,42.6958266813135,0.0,39.363229611911606,40.69975709728105,38.08662431369504,36.123791987042125,38.89798111525033,32.821839760157054,37.758879106193575,38.82940757201527,44.259506590232725,45.3683138197346,38.759729325023,48.70211919686228,39.95907395115123,43.68066361642348,34.04071606178065,41.2674995955184,41.43492501927075,39.8516235693927,41.99357003351785,42.55848250421881,36.60934422024808,41.422097631968235,39.507989817430094,34.74380359132289,42.197193410509186,39.19089837362724,40.5440843794231,38.4175013800535,37.875717029048744,34.48184870401002,36.943005016974894,39.90516229787998,34.8403930710469,41.541484319615904,36.76650780539095,42.802330739630314,43.244574822682004,36.959408845607705,34.889216520881746,40.04256024269445,41.872963799126424,41.07146680761963,41.98468166659993,39.758062340522244,37.76349693820961,42.22358267171999,38.42236614404015,35.68064534397678,41.80099220162377,37.56235272847287,39.1265647885501,38.13685376578543,37.772802559397654,34.714785969524144,38.89667074519224,39.76411233770027,41.04880373861373,41.12507117638905,37.46598813086232,43.159436339928426,34.05460652111593,35.09723382110039,33.908701494178075,35.09015306836276,35.55207328212257,35.61959577731853,34.1560303231064,35.53314209340495,34.81498146011354,36.54825174123403,34.050611078412395,35.82120338289721,35.07115235990065,34.0048872822205,34.24800508012098,34.79294232292589,34.921851089472355,34.52641225001603,35.017457695268604,34.8315599949243,35.6259399184182,35.2152584945876,38.146496658995275,36.06365654977018
photo_cherry,38.9852370184183,42.91819528591358,42.229348650415176,43.56295825202579,35.85805893239599,36.843639242333225,36.88857617330127,35.80817206256258,38.85579136981818,39.525437251194674,43.14766765888848,39.363229611911606,0.0,38.27477769176783,37.3599133558361,35.869398239773034,39.356394638626774,38.79765931241712,41.0110299150811,41.46706637314183,45.348746035010905,43.36000528192898,39.14566430982479,47.38471992106385,40.57117510875234,43.396671530548254,40.54046523336078,43.002003627278555,39.11697704064761,40.78274981513098,41.236990918204675,40.66992167550489,39.11911356457177,43.03457509224947,38.599369629390154,40.08086527047062,43.33517399316656,38.589361919804745,41.88526299482218,38.22846388644033,38.95882059286006,39.64624179460877,39.83930422873598,42.71043701226918,40.344252193908495,42.97991017356888,39.66931096685645,41.43965165179351,43.78417172652169,38.45001108366704,40.24222821265868,40.4038103789902,40.26757810859717,40.37053956165576,41.16558763022667,39.1382064424306,38.722900700859086,42.60719326993356,37.771738538309606,41.371415371899054,40.81666290759038,38.055246371669575,39.541014516035744,38.3177778820185,38.922300360785066,40.027274510396545,41.81512698859474,42.461932040542585,39.28146753704388,41.005182475705475,40.280663261071915,42.089666832735084,38.32852684256501,38.78367551817044,37.25543374569348,39.35029099486887,40.294328372407904,40.75739800942067,38.05377250742705,40.481118411230966,40.07450416716406,40.766087269240884,38.52824701107011,40.76863195972964,40.838332030806825,37.54881417210933,37.91603786460848,40.3748084875045,39.97741524513972,37.582333271158326,40.406252110511204,38.79681817415923,38.873732494521136,40.588178109524414,42.11614198637033,39.33720541631646
photo_tree,39.19251246964217,44.214815516914115,44.313565399992896,44.67916577391895,38.836295655254204,38.109975125399416,38.24703714063724,38.29907801380694,40.75190746237655,42.47312256852801,44.37650414181021,40.69975709728105,38.27477769176783,0.0,38.350088058570925,36.88125308440347,38.932833467332614,40.94709724941494,43.622772865783375,43.299546391956206,46.22012771944619,43.367217394812876,41.051608850126904,47.7314497038058,42.4097039050882,45.57478082944761,43.42747234122079,44.58887550086383,41.69983798332974,41.085914245420085,43.64189449612527,42.37589018092565,41.53548718733664,44.67365312475499,40.743448448026605,42.746922236587054,44.98796312960538,38.82736538988836,43.50458314134002,40.092659876158706,40.46976822354759,42.74316904497707,43.28320359840411,44.98710334799288,42.75514055576779,45.40139317745162,42.11267013606244,42.80475269010468,45.71110678298295,40.07580399504858,43.35622504373918,43.39998828686256,42.63544965676759,42.62408764859306,42.05213642921785,41.6499039970378,41.08772229275635,44.923330694007916,41.10279241903543,43.9828269549749,43.08790783649592,39.7994160943106,41.32068426387673,40.21988191192644,40.779349985110784,42.90514169231636,44.863761967379645,45.21019483647549,41.95869676033933,43.11781283336207,42.995575338786196,44.088260625314774,40.88357639004896,41.7189929517542,40.4779218021822,42.2350393600575,43.373691273084255,43.783833407252615,40.68943798996468,43.624453708731814,42.89483760019881,43.57614084201517,41.53932083222803,43.70442819495179,43.36873735368449,40.72176083588685,40.818397321560575,43.22700717825851,42.93380770007069,40.14915339269666,43.27560022004011,41.27955594397847,41.998639938940784,43.372750042684125,44.84275847165398,42.684583296796816
photo_flower,37.22102327286891,43.51422005639672,43.7377288979538,44.34362226510585,34.0371630250212,30.974476771722248,36.81576938517947,32.05879947516482,37.87929579470172,41.27370002920603,41.29826951383868,38.08662431369504,37.3599133558361,38.350088058570925,0.0,29.46839286733041,33.6633732996717,37.38183927754506,40.50252802974195,41.99891749312393,45.221499568483274,43.76119957340873,40.38556882135032,48.094289506682586,38.64911247369505,43.33362754018491,40.276230401846945,41.83519553277209,38.457447530198024,35.40358873822496,38.25688355755566,39.585306442595936,37.826222855071734,40.07202146898985,36.057514949612745,39.47396011374122,42.52854104711449,35.903231730033134,37.86054168379569,32.59464488495332,35.85956997152043,39.031248024218286,40.500884485970495,43.61221398168752,38.02662494989329,43.474893028143114,39.35126566149655,41.49253905375268,40.91745097775245,32.104411272567724,39.84065285163713,36.36845723738136,38.56268445934947,36.96899495907868,38.48126433959217,36.21827588084666,34.97654128767033,41.82264038331444,35.57452785278466,39.809985653831035,39.4584669559462,34.95006329124328,34.22855969453015,31.70834460612013,33.77008119655201,38.4111190493214,40.934822383941246,42.54510677314961,36.79527799566863,39.499849365597704,37.259556147927256,41.16191149368203,36.49630185125207,37.91482713668904,36.198359706722705,38.279116870513604,39.801756000986586,39.708971879364164,36.87048813386907,39.79486979353912,39.27717401056416,39.56734782250078,38.05171027896404,40.1305965685033,39.88288848893259,36.70963768054058,36.780004304426384,39.74607600642172,39.17039868535951,35.92576249111987,39.59169436186656,37.10410127825443,38.02873011722155,39.6397899594569,40.94698287459889,38.512941439903905
photo_carrot,37.20641731674498,44.18465490272691,43.03967439581987,44.29475652811031,34.36754706947202,30.763664549914523,35.747204585220416,31.391124650479895,36.785938740944516,40.486963664736436,41.045368562757155,36.123791987042125,35.869398239773034,36.88125308440347,29.46839286733041,0.0,30.84426326671446,36.43866362916664,39.348525686464654,41.0615841792393,45.71919553446819,44.02924406197314,38.219867858407135,47.622549909398316,37.113035354999724,42.30283632762404,37.699683380714895,40.647277665935235,37.22554733839552,33.24578896791243,37.15482096039323,38.08010024514113,35.90867012115549,39.3222526532779,34.084607420959536,37.400395897017376,41.37136610607887,33.699202669267116,37.00595877237818,27.23967079990086,34.430338549718975,36.21470993063295,38.432879944109075,42.45633347211049,35.654858227552225,42.3493671759813,37.3536289633689,40.367924707646154,40.346416197240444,29.762912905271186,37.32163825896722,34.95739143302955,36.63521912186485,34.723173663331536,37.214206780134006,34.29353884156076,31.842619343538544,40.430993115170054,33.510746137631884,37.87585714525172,37.13827003366951,31.428090619360994,31.85230849673614,28.233050167267184,30.152179329606017,35.35846830340209,38.834384099195695,40.86692874297613,35.87346088354943,37.474579496853785,35.55599475160599,39.94427880110719,33.385303105196996,34.959440626219894,33.17494170866848,35.39695354051213,37.32948325478871,37.39394312311832,34.06723587256711,37.45973348687674,36.798937559804976,36.81738733325101,35.42192349108706,37.57878024351251,37.6824654246596,33.96788569652854,33.698684389748465,37.44849698173057,36.57176652102583,33.01108170469589,37.25805495224212,34.128619192656195,35.183990441711394,37.14014342845921,38.522187173872865,35.65160727885556
photo_watch,38.832204662604916,45.88819691793024,45.43474953547206,46.674218796228054,37.485734752723474,34.82463536038709,39.12255773872526,34.479380610104,38.883825064501714,42.6868052586115,42.575822088773116,38.89798111525033,39.356394638626774,38.932833467332614,33.6633732996717,30.84426326671446,0.0,38.79783795381699,41.61907304430352,42.743359765554885,47.73582896334487,45.19031181002406,39.25205059658292,48.97180987994621,37.84885195400342,43.16751458084017,39.73412099969082,42.19178457591602,37.926989329466345,35.25664742033466,39.24803288572267,38.986794345386684,37.022688466021236,41.94948225141081,36.05207438950663,38.83815667775718,42.57755422053522,34.280679511579365,37.99651225121772,31.957355082674535,33.91007191828506,38.08467778158719,40.079069804622165,43.371956090279326,37.79402249934922,43.28766673051686,38.173937488446974,40.628658551155226,42.19098485129265,32.406769079975376,38.976771223588855,37.695420409571604,38.26919699295167,36.519990770609375,37.746772908423964,34.88032990397859,34.118830375843544,42.01643239213031,36.42425284643233,39.71733342050847,38.451407194353486,33.34327351072975,33.8158639110438,32.74314188611581,31.63293379862765,37.31887083290297,41.60440029867301,42.31605879557926,38.678321878854774,38.4649655952037,38.09116209410499,40.218807318034834,35.13370473001978,36.2214864049693,34.69584358257336,37.01894952451828,38.841191234666155,38.91092517381602,35.53606255229094,38.90195395138891,38.14764673025303,38.07418849563895,36.807483671662055,38.93976788302754,39.00899879058851,35.58832494706043,35.16659097889086,38.7767666694635,37.93268283845632,34.303001294691505,38.684028593883546,35.41892847165818,36.71294902957831,38.39801461515147,40.04846013284503,37.13376550968857
photo_key,40.252052717621474,45.19795739620598,41.53572415252765,45.20571285341024,37.282870525655056,37.677079665084555,39.76347197716989,37.22710844907283,33.71212895564967,38.81998867710649,41.08959158242402,32.821839760157054,38.79765931241712,40.94709724941494,37.38183927754506,36.43866362916664,38.79783795381699,0.0,36.84870468584167,39.09924165306285,43.647285220504294,44.58626198883006,38.78257194147787,48.35841356957993,39.516229094888864,42.67564811550243,32.566449572641815,41.28267276614037,41.059974471502215,39.67032319996398,40.92117591529597,41.66577316100961,35.2298517008899,40.61264813203691,39.00644571482877,35.2022240300532,41.43255755319652,39.035574058122066,39.61392117409286,38.1018984367862,37.71698583010027,29.44015387093317,37.23936555042905,39.61142912664042,34.743190104183064,40.52143477241269,35.77964453703713,42.4202638176715,41.230906224004556,36.55986819341399,33.412069878467975,39.15823115319555,41.54059873191182,40.52228243513013,40.832287059641146,38.73066222675618,36.125611088989025,42.119454872688294,37.32813366620058,35.424653178772495,41.23372766373264,37.3841526606209,38.47041379116139,37.500501633122056,36.804677775636286,30.81614526179353,37.9813378983807,39.09794734965461,39.82290755631414,40.04053973431067,37.27505108342532,42.23788597323722,32.98832083091302,33.90336624523009,32.246714118632994,33.1560709163914,33.30272845568138,33.10640648006127,32.92708691827706,33.579600185008346,33.28247340013362,34.18484861584512,32.80616186215156,33.78194053290359,33.02372136945014,32.67292946915462,32.8680418765488,32.778058262910456,33.53924138477235,33.60892376493261,32.86829657243733,34.30497887420602,33.3686179503678,33.91118590961761,35.62324206016049,34.1209826455161
photo_truck,43.29371748707875,48.21519748899489,43.32073004883185,47.41228302836797,40.59161868952057,41.175541105136446,43.24770069663957,41.06745356167115,38.50899411097131,40.85569302290271,43.083958693553,37.758879106193575,41.0110299150811,43.622772865783375,40.50252802974195,39.348525686464654,41.61907304430352,36.84870468584167,0.0,40.14754506492557,45.69563137809944,46.31600612643653,38.61607123762716,50.41176580121712,40.521963235948824,43.48595409176421,36.30492369783431,40.37823329395369,42.06744665772624,40.48088411783672,42.0829743178254,42.7960135872937,37.297598019046944,41.78602193508605,40.32374277589303,36.43802404116296,42.68962933685106,40.109491481052096,41.53404205244484,39.54038554892689,39.32454763905588,35.864983814097045,33.453979832603586,38.53035353430324,37.4181535393875,40.02112034335789,35.677014390638774,42.383687036812105,42.25169543531606,38.444996752682854,37.0174491572641,40.38438755404774,41.24353713031451,41.242392472995576,42.22805980327621,40.67145523483654,39.204290691844875,43.00935523536569,39.01034781940598,35.76546611241473,41.864846303303096,38.20104743798302,39.91478028080462,39.040142846080144,38.906086418306664,36.34298352118395,32.66409069838958,37.58309766036595,41.10037513988833,41.21387697022174,38.450182355265994,42.71158587074973,36.6930077923406,37.11114138809342,35.89352019451763,37.38910394255644,36.25735087848385,36.65915716538064,36.254286784751855,36.789199653363056,37.04296595179857,37.90236513900499,36.47012586599284,36.85544292034954,36.89025370768094,36.14739157876507,36.17456761858889,36.82901770329646,37.14948758498175,36.574221050479586,36.083777468519834,37.337042938652594,37.48893802633674,37.62041302698404,39.27821380155198,37.847321521121444
photo_velo,43.54386060431035,48.273992993002665,44.351204155935264,47.317577429265214,41.26604549809275,41.767975335893354,42.335111304470125,41.77171666094087,39.50361071669195,41.63197366784541,45.26384629930904,38.82940757201527,41.46706637314183,43.299546391956206,41.99891749312393,41.0615841792393,42.743359765554885,39.09924165306285,40.14754506492557,0.0,46.35767458423542,47.05485016649196,41.01644601210106,49.619158492351886,41.59263528621032,45.45234231436096,40.08176326683816,42.876890139012865,43.40702398970589,43.24396060585595,44.644222685528916,45.03857387240797,39.924600340065034,44.4811149403796,43.06507823978561,39.14845527798735,44.37727610820721,41.48773031143027,43.833391502348995,42.04775073259775,41.42954654621882,39.53322441715692,39.292007947154374,38.58903429548168,39.831333312026715,42.83366813055259,39.78358138945597,44.03293089093964,44.81141610187038,41.54649095655152,39.90599884036163,43.375168687063486,43.201147436288714,43.272365716161026,44.142316358194435,43.21809143414419,41.99067455117299,45.30533856427531,42.36361085503586,40.30854312108776,44.34436156987111,41.12666354303591,42.544950517299824,42.070650993552086,42.022482170607276,40.23469052629672,41.0238799648523,38.77744032933256,43.31193417083408,43.99904720051026,40.913317774532416,44.58613511836594,39.326811888619886,39.77795027954726,38.84342833478291,39.86654355561354,40.30107686755982,40.57646701242041,38.99702303125685,40.08293077011214,39.70918951107243,41.01379923339903,38.75270737376851,40.519992004229884,39.79584292878269,38.735865387717595,39.509849106562626,39.48161281075664,39.55783662041669,39.13055978783969,39.8237932223917,39.50692156431447,39.68517487934304,39.834338002008224,42.22300631934438,40.49425303834545
photo_road,46.02082054364724,48.2647985782118,38.33465516464849,46.53441954290363,45.336127499143345,44.43589813041043,44.761942071093486,45.49453773793871,43.64678736755838,42.01262046932034,47.435071410223586,44.259506590232725,45.348746035010905,46.22012771944619,45.221499568483274,45.71919553446819,47.73582896334487,43.647285220504294,45.69563137809944,46.35767458423542,0.0,48.02597859959339,44.81271202820171,51.35936527756606,48.547563696905925,51.304519071080996,47.060778239693,47.44633285310062,50.03677174272023,49.00759461998401,50.16280504539468,50.644716526414946,46.1306859599262,48.33746741280913,49.08426997486234,47.31574152364804,48.88485020024636,47.70452277933262,49.20814058238576,48.46649973971329,48.05050837209879,47.08473681653506,47.56959413012687,47.257723589114846,46.216734052907626,47.14024395851266,47.58698278028918,49.42851576675859,50.63453849099795,48.20695597091371,48.0879757779626,49.792497670232244,49.98448495598437,49.892163878310704,50.4143002754058,50.07624141941452,48.95025018276675,49.90789812474139,48.83006733723743,47.7674697814642,50.95571847253973,48.23728994685924,48.65473432561048,48.57371654364403,49.09550319039234,48.07950762624316,48.51818461638496,48.709331524180676,49.90271952588735,50.66115947333893,47.76306589681335,50.81866328471962,47.709655994376234,48.22867586798963,47.26057174681778,47.992801677824765,47.83915999856565,48.18085011281154,47.463669647033804,48.2697418672591,48.236101974612396,48.33721342378896,47.58119562741183,48.14954014547923,47.772049091628176,47.37435661897959,47.763234634831875,47.8722826285241,48.2679209524209,47.49830540046266,47.87279543365345,47.89678038459867,48.61172573545621,48.53782368478612,49.48867095761209,49.00784549190526
photo_house,43.21094103544341,44.42904085714948,46.36340580345143,46.01067974064918,43.729971853711646,43.6243631351085,42.55458631267415,43.31573353354337,44.835354024161354,44.018804132926576,46.68791841671853,45.3683138197346,43.36000528192898,43.367217394812876,43.76119957340873,44.02924406197314,45.19031181002406,44.58626198883006,46.31600612643653,47.05485016649196,48.02597859959339,0.0,46.08827138076159,49.861590367300245,46.67303756251524,49.02803084041005,47.670704094073216,47.55543444273767,47.40155177017224,46.41747539694794,48.05723975562343,47.10400199686135,46.1989338392005,48.093174652679814,46.22933461757256,47.13869973596559,47.8144901522499,45.54296284399195,47.40546053732855,46.40789766106298,46.134232127175196,47.41653697511965,47.45688371887743,48.21550857297923,46.90639394852055,47.74831906742778,47.19387360669442,46.79980146338669,48.97090329412306,46.1975288505593,48.03937518121524,47.873886890225165,47.81519088850867,47.779372660662624,47.21821753218762,47.290882109930806,46.98750015663675,49.07306154437733,46.486902886468584,47.78877172267682,47.197736873926154,46.329600295278766,47.00924770000655,46.6312693411233,47.226922822888675,47.95758314345465,48.73963004626906,48.90460568887445,46.770740967938714,46.546040165554025,47.40204908527093,48.150260240177175,46.62093602725709,47.13447090490331,46.283152083980234,47.6569930911427,48.374598348082365,48.429411701111874,46.481986934618384,48.29844456309381,47.86345928934439,48.736503250911476,46.615008618382944,48.64815731462138,48.02552227432438,46.29476466522649,46.65258922908941,47.870205047126575,47.745906399626925,46.81320604882255,47.935628730704266,47.1904758301101,47.66990726669357,48.09340328677927,49.71746545367551,47.87553112208174
