,photo_face,photo_profil,photo_eyes,photo_face2,photo_walking,photo_standing,photo_hand,photo_legs,photo_bird,photo_butterfly,photo_girafe,photo_fish,photo_cherry,photo_tree,photo_flower,photo_carrot,photo_watch,photo_key,photo_truck,photo_velo,photo_road,photo_house,photo_mountain,photo_windmill,drawing_face,drawing_profil,drawing_eyes,drawing_face2,drawing_walking,drawing_standing,drawing_hand,drawing_legs,drawing_bird,drawing_butterfly,drawing_girafe,drawing_fish,drawing_cherry,drawing_tree,drawing_flower,drawing_carrot,drawing_watch,drawing_key,drawing_truck,drawing_velo,drawing_road,drawing_house,drawing_mountain,drawing_windmill,geo_face,geo_profil,geo_eyes,geo_face2,geo_walking,geo_standing,geo_hand,geo_legs,geo_bird,geo_butterfly,geo_girafe,geo_fish,geo_cherry,geo_tree,geo_flower,geo_carrot,geo_watch,geo_key,geo_truck,geo_velo,geo_road,geo_house,geo_mountain,geo_windmill,word_face,word_profil,word_eyes,word_face2,word_walking,word_standing,word_hand,word_legs,word_bird,word_butterfly,word_girafe,word_fish,word_cherry,word_tree,word_flower,word_carrot,word_watch,word_key,word_truck,word_velo,word_road,word_house,word_mountain,word_windmill
photo_face,0.0,58.96464034956313,62.029115466098375,58.95840907094925,58.42425304490832,55.776081357595366,60.209842503322534,57.11440208720129,62.579842638093325,64.66633172676862,61.852502695882,63.39364904724191,61.33407254547913,56.484071702189766,56.255093248129654,54.72336479262765,61.98822607979732,61.184178515661834,61.02788009361165,60.369154512979186,60.91144710593015,58.801914186718996,60.97448482910675,61.20856688704093,51.97412723888322,58.79998415225828,62.88279102687013,56.643553370724256,55.30682416563091,54.3735807915586,62.20265423278835,61.911703940093815,60.31071942908297,63.140647232204664,56.51669878207745,60.0360778971388,60.970881691569744,55.274052095907685,56.83149566693197,55.790900236015545,56.90368151754283,59.308702681019255,58.94656610197814,60.52832117563698,58.66880911463097,59.71859511086768,57.57250561646311,58.44403031876991,58.50054409341398,56.65911679036349,58.02043895349048,60.27208061323931,57.71609370838991,58.011454049618784,56.65287150448194,56.938841074310275,55.164770532843775,57.06437465349935,58.54583966986214,64.51945061867646,58.21101563491747,55.42942479845681,56.17434180360125,55.58833177520651,54.824329030316626,58.891804335149516,59.576357401472364,58.637002895397245,56.905974659214735,55.87010978368441,60.25072802422481,58.33921068810135,55.7258893657776,56.243739053835206,55.80139265157751,56.06186824846886,55.57722460425954,56.653850600633525,55.873363872508875,56.453479361026346,55.964042503319384,56.52561748715879,56.063475763218335,56.35532557795661,56.37599620841864,55.14350509720237,55.726148849029805,55.495214460562295,55.438169592213,55.89914051642168,56.26226014240201,55.68734981957995,55.495774476166225,56.257505463227524,56.25884141764295,56.076808978926984
photo_profil,58.96464034956313,0.0,66.12972632651874,64.1022428678642,63.85796773057996,63.85963575291632,65.66394654350125,64.35082066264447,66.52945510349022,67.66546189855164,65.06590232381313,68.19805283778699,65.70927989704057,62.38247771141253,63.70952580601055,62.581151868195896,68.54179036644285,65.80311653535426,64.97850562509603,64.97258944834964,64.3391762837839,60.78338386119706,65.1129986290053,63.587913079969304,59.731488819879885,54.87131580937383,67.3469534167955,61.80467287410217,60.702628464865654,61.46314161397451,66.96563074092766,65.70472825418332,64.82375322988777,65.75487651291397,61.37169105875474,65.26888188155448,64.14935233609079,62.70269435630376,62.067731265733215,62.99295490033017,63.9679256759172,64.2643371656717,63.57432017771803,64.36956485860732,63.651682098322105,62.84514591810163,62.359953309642975,62.434336052905586,61.74563171897107,63.56266683949895,63.44092169774988,65.94409757774693,64.03788161493031,63.78899234146269,61.568394922780925,63.361907637994335,62.19098880765456,61.674133799893944,63.119425585819315,68.96004003198094,62.26386017183781,62.22726358748528,62.92541958828,62.594441752337374,62.04462421487897,64.06818009903311,64.34971886825947,63.475551047013305,62.29672841249212,59.87892503967183,65.39261823083612,62.88374487815497,62.97804093291518,62.98020901732774,62.609637994675,62.291298717480096,61.391520272792995,62.07595636929678,62.77628751236273,62.165988413537434,61.997228902469274,62.15065456573823,62.32346880577218,62.15022045303591,62.076180263899914,61.90719621926928,62.53482204081182,61.363659347908744,61.38264189692837,63.326210320335875,61.99234661610851,62.72098744328021,62.540657049453735,61.97596745009221,61.78655199765819,62.68836647118842
photo_eyes,62.029115466098375,66.12972632651874,0.0,62.0517225873326,66.2365376331619,65.13554441997145,67.71145029675544,65.53799048236235,64.97634397656385,66.24029032952751,65.88497627360766,66.20686610415655,67.5408298312876,64.11198127740003,64.24369651258779,63.481345840032624,69.61376640832036,63.34173490461283,61.86642631646869,63.19909628975358,56.44503680749393,63.46427501311025,62.31802127344494,65.7575149862438,59.51515336912599,64.40293532547419,61.15019409171084,59.24987860103206,63.03006338428317,62.29485663116305,68.17058778696965,67.85571521239717,63.055749638932475,64.44135915484438,64.01413641941309,62.47597421029845,63.536825371324404,63.590646211051606,63.600909486819226,63.77338139275148,65.05765658922047,61.89294345894565,60.81828936608997,62.006039937626994,61.17888049200507,60.68606769415705,60.2118793705801,64.20271716168871,62.27832080550338,64.27210784756505,60.22461040327429,66.13781088443307,64.89778702258283,65.16355656384049,63.656137384939015,64.31439114352169,62.74156926670039,60.64235803236857,65.00688172471013,66.59733628692975,64.04093777877449,62.73195138612857,63.59874464807617,63.111761589799436,62.739708396405874,61.70888642696697,61.02497806471968,60.600236983695424,63.55493760908357,62.6299534208398,63.90313197829569,64.27276639947469,61.50391645445691,61.56365329438744,61.29358328590487,60.46392139648189,59.48107552556524,59.794301569191866,61.24868785060578,59.92909455623313,60.12582316536628,60.027461721111266,60.59029388312591,60.01792995474344,60.04525575946237,60.7957892926128,61.030543196469196,59.4169399997714,59.3736130139812,61.902838925631286,59.91061688866973,61.756151189276046,61.00338565173004,60.18730834309356,60.02543153381344,61.111805064889545
photo_face2,58.95840907094925,64.1022428678642,62.0517225873326,0.0,65.51650868982632,64.45373610830774,66.5502522193411,64.94692215684071,65.49829344131854,66.81745173046778,64.9987576770166,67.12435227937986,66.64830748343249,63.71774041680376,64.00849436803067,63.07484168735381,69.06618272078508,64.77752018985358,64.01266429622468,64.21239681978233,61.34174897624908,62.02121893263601,63.21339309114562,64.95553361893312,57.61258002506073,63.12914338107008,65.845849587864,56.728375016746,62.14509094974008,61.92909922657615,67.87171601611216,67.12814461125556,63.785701818583924,65.15622821450842,63.189504223893124,64.02908161753376,63.770876559345155,63.227722570737676,63.04352981348464,63.32509326427399,64.38460997666553,63.06716036116635,62.41868555719115,63.290975433364956,62.14710535088371,61.97234671352033,61.20384465073173,63.002954415604854,61.4669392434183,63.76446313593825,62.100900777387146,65.27079613360966,64.67037058846212,64.79217796038299,62.89733409711316,63.75703085956694,62.536044025488316,60.193166668414435,64.26740907688884,67.86060062047927,63.34973300744943,62.47154780798276,63.54123974234479,62.74006905071971,62.22201808748249,62.96737153901048,62.912160514064276,61.97047725169628,62.51238084968012,61.91656451591508,64.32327896915497,63.62185983666959,61.90092948440056,62.02073270306969,61.8006021851173,61.30427867041919,60.52925036239599,60.96763228394118,61.675417693758874,61.13564499692248,60.96114406750117,61.120684127003905,61.30358777418778,61.1686997829751,61.05674460534991,61.25016978137582,61.51925267031781,60.28980641320159,60.434837478134774,62.36146906863657,60.99201072583294,61.97669183120976,61.66338930407435,61.10569560485225,60.877297041890614,61.885223148386316
photo_walking,58.42425304490832,63.85796773057996,66.2365376331619,65.51650868982632,0.0,53.63297452353826,64.10509888323374,56.20786121335483,62.04484519387683,65.7372750518993,61.30711169162485,64.79356265207747,61.1844019227272,56.95781104378732,57.619919575870796,55.33736829554039,64.01235594783532,61.59721696561635,61.23341995953981,59.82659709692945,62.22796590650571,60.54595390007843,61.68337877959815,62.78078825473325,56.40783231511886,61.56202848382719,64.15018251697637,61.149585463230224,49.182529752350405,55.415076258954464,64.39563968620804,61.824212832594384,60.52179051647067,64.3456367184413,54.52127612853237,61.51064452290015,62.61811416205002,56.832822833243185,58.4561533966278,56.94691436886359,59.77482527630798,60.26557512756629,59.13595856855225,60.61625889659175,59.37415774821575,60.468471750427554,58.510858042642745,60.0945502546119,61.69413808296143,57.621257646874824,59.65432592203118,62.45691808828256,56.08277382911487,58.271630863266715,57.99759832089987,57.09664765482606,55.934483994870206,58.6572929364179,57.44121018885854,66.22825641015275,58.42267023635282,55.34641067355327,57.80986948454121,56.68937743350033,56.71156615999664,60.14996251287124,60.493254669880024,59.942739056452936,57.49504612206067,58.45668575909862,60.92907725113143,59.69078728422143,56.815492711918196,57.20442832674196,57.14150590442548,57.231544639498765,56.73583471181506,57.919325999226196,56.96908223227279,57.55284637022618,56.98607349690156,57.870126317429424,57.04723905970778,57.748741877364644,57.57548970007003,56.0519102563617,56.91357672015337,56.78865125527227,56.61432487480484,56.93652971101902,57.525801635326545,56.780159410240834,56.69226423861422,57.38403281147952,57.54712748231787,57.091998798282034
photo_standing,55.776081357595366,63.85963575291632,65.13554441997145,64.45373610830774,53.63297452353826,0.0,62.545103486554886,53.20154061677163,62.18784033682554,65.22073602685971,59.785598280073195,64.02624584442363,61.59185338240829,55.464552764554774,53.78748096198208,51.506833360638296,60.74169281335759,60.65694844382172,60.800687876448194,59.23831644708932,60.861183600609465,59.311570859688274,60.659049232451004,60.989978701712424,55.302440673478515,60.89144098345241,63.37741260056125,60.05788216856698,52.900360259663266,50.65031983702406,62.37635500323191,60.27383072185151,60.36854530875412,63.654372179410124,54.239878806682476,60.45115503228334,62.09634794034251,54.63544632884294,56.28980394622199,53.50871229451301,57.10504724667968,58.97919165516765,58.763227362531175,60.50345547397287,58.15142465523796,59.74245413406673,57.043302933407915,58.37010322840571,60.32858877054539,54.74218860865382,58.23113932847412,60.76312401805439,56.23364601414912,54.70535202912413,56.61745919513239,54.73459840728309,53.01124232272889,57.43759290014586,57.47000296534343,65.00044926383633,57.85811577025999,54.17438148604908,54.93843657466612,52.752101447322715,53.33496817951829,58.44958975755687,59.373613739968334,58.72137209306853,56.255859474542035,56.97257557900451,59.79563731603351,56.96791718914204,54.68407690931603,55.47505591324673,54.781079836898854,55.132978613057446,55.09197475016343,56.21923256608204,54.80814362951577,55.866433635288914,55.06926504302795,56.20559809319065,54.939441584118214,55.81676336859957,55.82603187720023,53.96591564266207,54.83018809202825,55.13775413869222,54.54722532333966,54.69252101101355,55.824748808369804,54.72573982826449,54.535380790813925,55.483179464358855,55.97837790352892,54.960342967946644
photo_hand,60.209842503322534,65.66394654350125,67.71145029675544,66.5502522193411,64.10509888323374,62.545103486554886,0.0,62.242854037230785,66.80739804863097,68.78987596934635,67.05036892541713,67.55448201358124,64.86939408560654,62.19766848789032,60.8154458444782,60.26531526497522,66.76508881532666,65.66186728025833,66.6798665288225,66.49383674885165,66.40564952464479,64.82452110318587,66.30049510749402,66.50785712126074,61.320992218822795,64.42052326856715,67.58534128465588,63.60463874231443,61.396662898630424,60.73715893898182,58.54338784553664,66.20809271103529,65.47656540053741,67.05317399813902,62.177446258747544,65.27477446005463,65.21802913182991,61.12876847853812,61.26780214993629,61.14064148709668,61.71093820756749,64.39989475804515,64.72558848312241,66.05457065325427,63.91015547965143,65.06361159336139,63.088479770389725,63.61094473783503,64.48371313759385,62.58967534107249,63.66353527745024,66.09902207376874,63.011666183852924,63.87379380621448,58.82981322048399,62.25133521113889,61.02105182890805,62.80721084297502,63.70343197740122,69.21747832989153,62.42404819665508,61.1981957442947,61.5087434880182,60.9243397273121,59.91889736679188,63.91801841546589,65.34177531042954,63.7692611776148,62.60885751646885,61.88930807456204,65.28158426912229,63.09713592812451,62.20782376071797,62.27459396899389,61.929848553294356,61.79241328805259,61.26774409019084,62.09151872927331,62.13473298402033,61.84371954560429,61.57118410757043,62.07055252516285,61.90174114467375,61.942516898349986,61.91622859929229,61.42537177555403,62.08211052610275,61.21958017421684,61.20613975628255,62.33912196579906,61.828224019462745,62.054521804443965,61.8265739503514,61.83210325587282,61.78527999038128,62.06325250397974
photo_legs,57.11440208720129,64.35082066264447,65.53799048236235,64.94692215684071,56.20786121335483,53.20154061677163,62.242854037230785,0.0,63.03454956778854,66.69468373259349,61.95194007937707,64.73838200843203,62.6941453909331,57.79598864877083,55.150400628087525,52.52519433925143,62.19204478408917,61.54642590496727,62.50179084194017,61.76986077741475,62.298816121204005,61.22443817367762,62.04515699913208,63.29693849379895,56.76843476304701,62.26201674795377,64.32165957670544,60.9713626827618,54.44325783363546,54.38854757393632,62.93800897900662,57.09155383207553,61.22853251217,64.38085523881401,56.34012528436842,61.240367281857296,62.51567919216096,55.51081156333647,57.5766838105694,54.643824821722035,57.21568717813693,60.10776821541909,60.38460872248385,61.81963110767071,59.094780576785844,61.41970597380994,58.37910030482053,59.78092198445665,61.416298543921855,54.36587230177341,59.14911558268632,61.85297716268817,57.05922363527425,57.120243480205,57.88233931215628,54.63903262712481,53.39657212382643,58.90248450503783,58.63625243440222,65.57428173737931,58.20459061244267,54.61115726530054,55.521018489696516,53.99954913599361,54.167867004032495,59.991446055138084,60.642426384063704,59.802203899649626,57.19757618238149,58.23231743904196,60.191081184245505,59.03163406358804,56.56297199006529,56.98407603132944,56.27419071293414,56.93064697735193,56.531558115324586,57.544988481760775,56.33470734991445,57.23990786787597,57.05828166658331,57.487625237898314,56.824534642871456,57.27359485704075,57.22864577765799,55.62798185097175,56.342579655430974,56.709745292403376,56.37339631111583,56.30653512568517,57.23748953777999,56.47633615869637,56.21519134912143,57.105978699199426,57.14179093837768,56.458540009486704
photo_bird,62.579842638093325,66.52945510349022,64.97634397656385,65.49829344131854,62.04484519387683,62.18784033682554,66.80739804863097,63.03454956778854,0.0,61.791947252084654,60.02550374541375,55.68066804489249,64.18744476006783,61.268963539682424,59.6511664400191,59.76089403680003,66.8419372058305,56.954727784919896,59.59117009596203,59.233742687779966,61.858573731351406,63.260799995002486,61.69675543797519,64.79616496774946,58.494175561692444,63.840136188772654,61.699195194502366,59.67028113360899,60.41564641534122,59.70914180883648,66.65443535173164,66.11634447019415,50.841597052569796,63.18349537638674,60.24025665084129,56.64297583366726,61.890064739332615,60.985183043109764,60.50751565309599,60.92346139346345,62.80639321913711,56.340857297587185,56.99354601699998,59.36520554549187,56.930309643984,59.79571517600088,56.29433521781016,62.949280724764684,63.053405638346206,61.206180846387376,57.980123900977446,65.35111005663875,61.87012736212945,63.17991479760047,61.95902502180095,62.71202043805621,59.792504304437195,59.90582281756752,61.9168023419952,62.41586359991141,61.85682951190859,60.02991539258662,60.70837698577039,60.15429289535568,60.27611094138323,56.355214475107445,58.50101483367716,57.53616265425113,62.0288625223951,61.704524737184386,60.13331820137324,62.974853769686455,57.136264446336035,57.37182542080877,56.83805806681176,55.57371678296209,54.761748618513515,55.352014823099886,56.61649423275983,55.45416419962373,54.987049815034425,55.406760948749785,55.739776057807106,55.39858644465901,55.37931061261955,55.81367331934915,56.285795731143565,54.68721169108028,54.36356682690082,57.77015637801849,55.27123510434917,57.00966776830451,56.62534188053041,54.80781130968911,56.099039067945085,56.709177637701444
photo_butterfly,64.66633172676862,67.66546189855164,66.24029032952751,66.81745173046778,65.7372750518993,65.22073602685971,68.78987596934635,66.69468373259349,61.791947252084654,0.0,64.74840794254013,63.45201243092009,65.78383523282878,63.909893112944864,63.272848204044834,62.92100759116502,69.20684379334999,62.93087658361605,62.56978875548396,62.82243282286985,62.853393975554006,64.09458668920526,63.652782646186346,63.28768119212137,60.53609037081326,64.15428124639308,65.82588989385256,60.1229335216719,62.567316468105645,62.18654296239478,68.15426804815999,68.58253473799871,59.54865640364949,54.783914850484734,63.08001841801476,61.46105064529674,61.328262907706936,63.07858512960483,62.35300318628597,63.09020142792934,64.50868854059448,61.360143384780166,60.51449592392237,61.2815026174809,60.825548324138914,60.70284485757041,60.31497594176216,62.13322669150595,63.0992825435776,64.34451918245445,61.96031909738797,67.01927567345416,63.885425202528076,64.14221416698042,63.25290764837454,64.57796408814743,62.58788817641203,59.06019575359012,64.1162628954485,65.50659242244636,63.76405694883856,62.175269931387405,62.835476660688094,62.78589020468402,62.609882458472754,61.59158076315632,61.7701566607661,60.36607844208014,63.61771707686314,62.96533243244499,62.73290279524461,62.47381860823023,61.716677010596136,61.591690961616415,61.2589242022075,60.26694966986838,59.621659218204556,60.000475601209466,61.19061124385648,60.12675880454917,59.76031870966842,60.077165103240155,60.48130635066151,60.02152832373814,59.881555726276446,60.50619814205968,60.94750420299168,59.21106576995671,59.36934936281452,62.04207099408869,59.8978210663334,61.65515675255409,61.24195977745526,59.8296276131723,60.288244445572495,61.22405021406929
photo_girafe,61.852502695882,65.06590232381313,65.88497627360766,64.9987576770166,61.30711169162485,59.785598280073195,67.05036892541713,61.95194007937707,60.02550374541375,64.74840794254013,0.0,64.02744772547358,64.4492808225377,60.33131979478579,59.968783631578226,59.481788215536405,67.04415874178304,62.03134264093291,60.46439089816554,60.783580172752956,61.40366233993817,59.6163548116789,62.00965341066729,61.5147140624207,57.530689115489416,62.14346261897919,64.59712919317988,60.59028540859924,58.50269471838379,57.76320910979103,66.11950099448283,64.3583399999625,60.3917078501171,63.307947695950524,55.34198721162473,61.793663862739336,61.83302800204565,60.12808946082241,59.89769080901102,60.489244566875975,62.55674411319076,61.01667954469614,59.46678844626206,60.18059449092225,59.74249249716419,60.19684299714045,59.12025106902462,60.66931146026115,61.43561740975601,60.78541410420605,60.69392333993054,64.37689641764437,61.46146362153209,61.357736590301094,61.0915827149858,61.04628423174817,59.76438159774836,59.15342264303528,56.754707234320755,66.21359128108259,60.39311843974946,59.110670011351154,60.36158538486901,59.796374600210974,60.25706647946068,60.91865828470992,60.471009113411824,59.35646335480273,60.13336042565093,59.406213258229585,61.4428060694878,61.151198955766084,60.226060022767,60.22936938831233,60.059740711770374,59.17371935087161,57.89543866293081,58.751538610104376,60.128946347139106,58.677344853429496,58.69271590863418,58.82393296557982,59.5991353488382,58.83258151565963,58.63109769346872,59.06104749661948,59.74456866489665,57.97734778765472,58.39360011351571,60.611087562118065,58.60795711525438,60.12549322702491,59.9217337672055,58.88139284726598,58.41500621674387,60.08735846850696
photo_fish,63.39364904724191,68.19805283778699,66.20686610415655,67.12435227937986,64.79356265207747,64.02624584442363,67.55448201358124,64.73838200843203,55.68066804489249,63.45201243092009,64.02744772547358,0.0,66.10829201083887,62.98371286853738,61.86269034370017,60.2435485431649,67.84773889300696,56.72488975733793,60.13799372144971,60.6157015242224,62.89806217363589,64.74983736931696,61.92201228929363,65.54358574107054,59.54987077774122,65.06402743983573,60.839936413121755,61.28923490120344,62.223701375425065,60.88362714039838,67.36414608075853,68.19050012077412,57.735263710119625,64.49170920831291,61.99152540378607,50.61354574920671,62.970865555886405,61.39831773586393,62.19561285793584,61.40965491557263,63.26531564467447,54.77651107788876,55.759489802311435,60.342347820553755,55.6907821968536,61.124779341036486,55.37407267668823,63.64128684527415,64.06110164951407,61.78679202607845,56.14205745734159,66.14664808059425,63.45517214433783,63.98676352376017,62.87106103508626,63.2101440310841,60.79145695780119,60.898853892974245,63.21222237678004,55.42500816930525,63.14730933255162,60.372023855092976,61.88824364293475,61.023094334584286,60.32900619918555,55.428040346196106,58.40026126199213,58.24055601372899,62.91748864338739,62.47192284063512,60.6888621551216,63.54146266095909,56.82838921841723,56.61342522515651,56.75676100831205,55.517218533419324,54.12672400840592,54.636418739605354,56.66438916453371,54.51369747149111,54.59311327972505,54.92990426392512,55.49606059782641,54.807725014253464,54.4654141970741,55.72966896639573,56.21894701764339,53.72457856610717,54.267930792618614,57.447691151245486,54.36114615128581,56.87713206939261,56.63816370232184,54.58473685143286,55.54265008799988,56.67137153492163
photo_cherry,61.33407254547913,65.70927989704057,67.5408298312876,66.64830748343249,61.1844019227272,61.59185338240829,64.86939408560654,62.6941453909331,64.18744476006783,65.78383523282878,64.4492808225377,66.10829201083887,0.0,58.808924714753495,59.41231614140819,58.497554612428026,65.73252364980175,63.00568103292091,64.29724505672249,63.58483372287825,64.6471295054997,62.60091684932792,63.92706881970646,63.99711756774779,59.67968843415797,62.86360719162812,66.13137499322875,62.467930966898074,58.61906977960914,59.943694141702096,65.49469477913786,65.3039345918876,63.20779996069205,64.10480252191061,59.43287272474868,63.41517336395256,60.39069928419654,60.19134692966994,60.602584075496374,59.295431745118215,61.66295600629687,62.24787877871727,62.01160739755573,63.486876226303245,62.12561933451668,62.88506749000682,60.89196424874297,61.05309195419567,62.74961403324738,61.31243755719976,61.66241239040295,64.56371815620484,60.74872352279654,62.106164678891226,60.12277941745998,61.13488322579041,58.406254058028004,60.47290239651794,60.86967656036774,67.51523484097856,58.3738479847643,58.72177695662204,60.41039344582046,59.63822150746529,58.89782342589138,61.776780758880406,63.2466668936197,61.32480496948312,60.15585461334257,60.280835765295485,63.05905451952915,61.304849198154265,60.119504216929194,60.42713567794645,60.30185358653289,60.10285720466035,59.5219566041525,60.49437001690047,60.04027456860488,60.378723198603005,59.573405463819164,60.34098109853089,60.150587792616136,60.26475579182212,60.25732560887012,59.21715135360486,60.01159627667546,59.56136086127561,59.358044515201506,60.24994209864836,60.141650027699214,60.0245530956005,59.889754646564356,60.00940168229841,59.942460981736694,60.304595674535136
photo_tree,56.484071702189766,62.38247771141253,64.11198127740003,63.71774041680376,56.95781104378732,55.464552764554774,62.19766848789032,57.79598864877083,61.268963539682424,63.909893112944864,60.33131979478579,62.98371286853738,58.808924714753495,0.0,55.56449939639377,53.664994466585775,62.534343828657434,60.374625184664886,60.26885345246584,59.78629904441578,60.328848236770995,57.53464856061693,59.538108932184585,60.044233740999786,54.6359948791276,60.327022553385994,62.95689252813988,59.326836658030594,54.14250253326144,54.09178456747917,63.30869407598685,61.13778987881333,59.781299526537694,62.06338618764524,54.66327962594938,59.61357906111255,59.723084841853606,50.92837330704413,56.42808588082851,56.060347071008444,57.85628840438122,59.26461536048668,58.22062457921601,59.863640169676614,58.31652553339227,58.94498506062557,56.907228121842955,57.5588912818365,59.50559650473318,56.46412759629968,58.38244454667877,61.18222220237056,57.247546010221,57.29359474384022,55.34039763399433,55.379198688500374,54.484166344402865,56.49491936092,57.25221868125335,64.09408316788186,56.054756422076856,52.96714243047519,55.7736835848527,55.337347368129684,54.793543302549814,58.82499572948388,59.129482059848435,58.55210379414729,55.37602818105338,54.34453965879677,59.827398461869045,56.77480531092736,56.29848752501677,56.51670369777768,56.042413313649746,56.08443912974082,55.787573036549546,56.46247182082267,56.02514981909771,56.40236013711636,56.07521903571397,56.42981394096688,55.983209846367465,56.33762049721797,56.50800434467719,55.60870037900975,56.21084370271907,55.67413445730025,55.55096334898529,56.41920758040766,56.375652643423734,56.13638518600435,55.98403308928894,56.11657209876603,55.985473669328584,56.282715157095545
photo_flower,56.255093248129654,63.70952580601055,64.24369651258779,64.00849436803067,57.619919575870796,53.78748096198208,60.8154458444782,55.150400628087525,59.6511664400191,63.272848204044834,59.968783631578226,61.86269034370017,59.41231614140819,55.56449939639377,0.0,45.616744741885086,58.16359938525439,58.17778385086351,60.346252292700036,60.32943606506013,60.814561768192846,59.808926835839586,60.796287595841456,61.91393663678181,55.366288238371595,60.29212042045235,61.55020417656376,58.71395763972315,54.715798128371084,52.969087495340204,58.81476942196186,61.82422897157206,58.15053501359739,61.14723301871127,53.893035596308366,58.61550908616944,60.287131913674465,51.59645428173364,51.60073011751287,47.87156443224093,55.00987983537146,56.6923783934379,58.12907404779832,60.271979875819696,56.347923942409295,59.59242075073342,55.99454851298069,58.45850934917071,59.6242076007954,50.400399339133806,56.63490289492182,58.61516561511673,56.46550125729462,55.299172031650215,55.01727764976028,53.7363538019898,50.28671294362213,56.7030052689805,56.02234374666073,63.463044615085245,56.90719995277162,51.74594729072969,47.479152062855256,46.6797784236868,49.75339700224011,56.272956479811256,58.551119814837506,57.77303696551187,54.40719969553629,56.79826753246849,57.79563729186314,56.73856468469248,53.15202370446442,53.62180343974922,52.953400381709365,53.51389934654541,53.30689996244992,54.04066154708102,53.084127765790285,54.150435409846814,53.57284958411238,54.019826809753525,53.76900878045826,54.06004324492571,54.12420382620823,52.41034615411894,52.73153297651856,53.23680903322673,53.082816766176315,52.785369733926856,53.97953590682449,53.06575475250931,52.77420061744964,53.77995163797872,54.05625205154971,53.18186819606885
photo_carrot,54.72336479262765,62.581151868195896,63.481345840032624,63.07484168735381,55.33736829554039,51.506833360638296,60.26531526497522,52.52519433925143,59.76089403680003,62.92100759116502,59.481788215536405,60.2435485431649,58.497554612428026,53.664994466585775,45.616744741885086,0.0,56.21637892712871,56.8961929940702,58.89616645969347,58.564120292946,59.44302573717372,58.46530306747982,59.03421746386991,60.26558465835801,53.28981036863551,58.74183444948251,60.29521611072796,58.002951253173364,52.28945839038015,50.58653312557672,58.33986248005809,60.322253284302185,57.40691645998366,60.24538858631882,51.86719586020851,56.840642914110816,58.79370851869161,49.40910672390812,51.60083594649335,36.82549290943732,51.672873284700174,54.91748236855085,56.5197692495171,58.911510477756096,54.88039290207688,57.902499777730355,53.91672043195266,56.61070610683171,58.42581422796526,47.324074005314216,54.44671535213237,57.770767667513454,53.42743012250342,52.43626617747882,53.15659450137263,49.36688703777398,47.540261098377805,54.94574225028854,53.89822878086078,61.88986990243292,53.818568181210225,48.0188478967524,47.343027516798536,39.50345187335757,45.266456002556644,54.296654998967476,57.01095567346066,56.17817513071465,52.33927514939222,54.67422620370204,55.798422655998905,55.12711600164222,50.89405821846419,51.253700094147355,50.89081451900375,51.45305943984791,51.16070943317758,52.19269421808922,51.048328417549776,52.0122271997439,51.312320994401645,52.094502813665,51.38302793610414,51.95770585578841,52.02218471975062,49.97095872262374,50.887390026448095,51.12648059251825,50.842752063029124,50.39127085896265,51.87600272885305,50.49042137178896,50.678507869585125,51.700392749272055,51.99864976844833,51.02776735566227
photo_watch,61.98822607979732,68.54179036644285,69.61376640832036,69.06618272078508,64.01235594783532,60.74169281335759,66.76508881532666,62.19204478408917,66.8419372058305,69.20684379334999,67.04415874178304,67.84773889300696,65.73252364980175,62.534343828657434,58.16359938525439,56.21637892712871,0.0,64.84983488294914,66.087527577839,65.53580634553573,65.81895131125913,64.65821768215505,66.2026735876268,67.40237009595135,61.28413912165061,65.83117226729162,67.4313075539637,64.56497990578225,60.86927937750276,59.852910723820436,64.69785756372347,67.65129723657766,64.82286390364291,67.32287222810984,60.75915086442188,64.28121217306479,66.18500077696119,57.96977760287733,60.47143173888072,56.38555272220271,51.475773145081725,63.34717046481477,63.96020195016344,65.45836079481515,62.948656913919926,65.07650431429009,61.81230603482584,63.841950338539576,65.30599236988756,58.11937155173465,62.74360358023877,65.96280684814151,62.3186155023676,61.49673260758487,61.102310914273204,59.21395345855912,58.37666654958454,63.02288617297242,62.89109102032303,68.97752982696984,62.89380571429548,58.68018012172169,59.42640924509956,56.641246126801356,53.39952097394806,63.11253784470161,64.34890895475363,64.00103998324288,61.22758663227052,62.14661854804686,64.33718729614857,62.75227012347082,60.1925077043652,60.56685124456351,60.2780338154402,60.538447246005006,59.989014686492574,61.22081763537947,60.39879742365424,60.95897696943572,60.40473908289734,60.67403599141292,60.35394589938295,60.7663388245616,60.80386613641424,59.41131627573167,60.42800244286786,60.25363460007804,59.784913701988216,59.965386050613475,60.728825148575474,59.91904680478246,60.091836805445816,60.71066220291829,60.52968234778556,60.30910353480383
photo_key,61.184178515661834,65.80311653535426,63.34173490461283,64.77752018985358,61.59721696561635,60.65694844382172,65.66186728025833,61.54642590496727,56.954727784919896,62.93087658361605,62.03134264093291,56.72488975733793,63.00568103292091,60.374625184664886,58.17778385086351,56.8961929940702,64.84983488294914,0.0,57.70561171541132,57.68343078061641,60.037433936713164,61.547040806750196,59.402621997954306,63.6887183012742,56.94540363755133,62.54896652250177,56.612617179836846,58.478172694147716,59.514298320020316,58.08283511392599,64.7835801872088,65.31425155321058,56.200131222081005,62.24681867670566,59.36773130029969,53.62621217764911,60.10893395151592,58.4724150913956,58.76526177872127,57.913309906416835,60.36341177249452,41.751794234166,53.93330189836499,57.82590355940472,51.84379258166356,58.11689031839175,51.52618552693587,61.03800061793703,60.693460848338894,58.0175786937533,51.491289981295594,62.89845403034303,60.32216318181805,61.1531898334516,59.60496828549423,59.28639428109054,56.357352096010686,57.27615987320796,59.93980853967781,57.34390977095449,59.27508921038766,56.865414905318495,57.805684063580564,56.824894743063105,56.38329837192852,44.5118916365524,54.31143125619739,55.14899921939321,59.32430657885523,59.86925255437641,57.06742364363038,60.710892176550686,52.060861618468735,52.536781654893524,51.56712029744431,49.887258533477265,48.67399284236927,48.9476439153588,51.59296090450227,49.36287961680254,49.41520404363057,49.583793488962186,50.60683544649492,49.291389704487386,49.22968204247585,50.87758245571961,51.31579621237821,48.51717024961295,48.83530860278718,52.501585983433415,49.22583656658106,52.112021532144574,51.46417560582891,49.37078387155947,50.61654742845418,51.5947471760217
photo_truck,61.02788009361165,64.97850562509603,61.86642631646869,64.01266429622468,61.23341995953981,60.800687876448194,66.6798665288225,62.50179084194017,59.59117009596203,62.56978875548396,60.46439089816554,60.13799372144971,64.29724505672249,60.26885345246584,60.346252292700036,58.89616645969347,66.087527577839,57.70561171541132,0.0,55.07491744443618,57.71200926737313,59.48631478340609,59.21795510189179,61.63736024763878,55.44062045934297,61.42956400271719,59.873030558864286,57.469060168224566,58.58987703988971,57.482154361871515,64.94637937836593,64.67331506306147,57.41321963653492,61.34619747346362,59.3307252157995,55.54689317806632,59.33628101311321,58.78411352627721,59.19960398683118,59.1637231049024,60.9368549263944,55.36275436247434,47.06948241257413,53.89838322828266,54.57925940251643,54.68398302874837,53.324912419658084,60.102775699991504,59.97710458128103,59.55517897790826,56.021730090983425,63.46299564987883,60.659015111440574,60.73059658082774,59.894863366821426,60.21997840929355,58.19835795721717,56.906270603295816,60.04606462073066,60.3293758498263,60.03944122999139,57.787194909977394,59.39002858531081,58.43631283848201,58.28475734261206,55.70645466471418,49.55309671035802,54.096176702759784,59.45247665118866,58.81030389574,58.458717932760315,60.37764052859183,56.97426576001895,57.070613451058406,56.47593969872327,55.7283799429216,53.85955691318322,54.41707759169253,56.50429281970618,54.42598505513361,55.17443568761831,54.6141405320464,55.84137123500654,54.45201786510514,54.66444990099455,56.05293431590611,56.360151190273235,54.09245649173753,54.86865910520624,57.26208035724155,54.59042099721491,56.96047177070384,56.46720904931754,55.2576342147819,54.37773940077081,56.623522426067325
photo_velo,60.369154512979186,64.97258944834964,63.19909628975358,64.21239681978233,59.82659709692945,59.23831644708932,66.49383674885165,61.76986077741475,59.233742687779966,62.82243282286985,60.783580172752956,60.6157015242224,63.58483372287825,59.78629904441578,60.32943606506013,58.564120292946,65.53580634553573,57.68343078061641,55.07491744443618,0.0,58.89587246017495,59.8632163933568,58.38642835823253,61.657875029866624,55.51399254955033,61.56558393276132,59.99087168451416,57.97941470447902,57.813362640210045,57.16715454338128,65.57557944910373,64.445950427657,56.75483753945911,62.42577962991666,58.270009222773936,56.07317446294408,58.90347407563596,57.95864602872813,58.84535204407672,59.21685056714586,60.26807658765535,55.001844595001856,52.39016316571515,45.45103954011287,54.684637485779234,55.01892851292278,53.5368711759813,59.56483570200299,59.89351450228706,59.26845224327115,55.630337839946705,63.680705686849485,59.634966215379094,60.7365947774388,59.841166705620104,60.32226797722683,57.841197505323855,56.711088027009815,59.38203173540553,61.414345735092034,58.60121358145274,57.175235090312796,58.94391433781705,58.438382729281656,58.152830530856576,55.38535208370584,54.38705356733136,48.73244862133693,59.71701228298145,58.793466965292616,57.19866797828163,60.162026081337984,54.56217030979014,54.744740527566925,54.59459915114084,53.70236321324371,53.71372665104191,54.50653185529783,54.556138965292654,54.168844858480604,53.319157344732496,54.42700716545868,53.47555959331514,54.227629291341444,53.422055682549164,53.65534962267307,54.248878881227256,52.558098475552306,52.8841434233255,55.069025646042014,53.80115186033218,54.839537492226924,54.29998159976559,53.42551311771566,55.15938725601425,54.366114202266715
photo_road,60.91144710593015,64.3391762837839,56.44503680749393,61.34174897624908,62.22796590650571,60.861183600609465,66.40564952464479,62.298816121204005,61.858573731351406,62.853393975554006,61.40366233993817,62.89806217363589,64.6471295054997,60.328848236770995,60.814561768192846,59.44302573717372,65.81895131125913,60.037433936713164,57.71200926737313,58.89587246017495,0.0,58.882522539218236,58.00107022910188,61.20562950364809,56.45128914197312,61.572206972514174,62.229649765652404,58.24235389273421,59.27423347530748,58.73285076946891,65.6810762708883,65.06025323223604,59.48884256648266,61.3292038443248,59.972689793487326,59.45849132457969,60.22272616472653,59.35584497018794,59.512260785768795,59.98083945634823,61.78249488997668,58.3183059728729,57.00396855888671,57.8997233932646,55.36254268435904,56.418294950298545,56.125504725975496,60.55358972064347,60.19027244043779,60.45888598161569,57.75440279215828,63.762765983974326,61.70402189829512,61.71636603147609,60.470368915464505,60.55324823314579,58.999587623078284,56.80553221399623,61.26464014348114,63.15895164983175,60.51524593537731,58.32748551403697,60.16588647113992,59.0828030359742,59.09215723587994,58.23461768238923,57.47831390581903,57.374220284471896,59.172660898228195,58.93053493216781,59.93475332496388,60.57128085834991,57.931448802114254,58.059863568586906,57.71356994969936,56.64142233366923,55.58064548100771,56.06587222048074,57.70378421856131,56.11890397103283,56.15654006134777,56.09634615117267,56.891949587234706,56.05434785257651,56.02000308710587,56.97023775975009,57.47373171108094,55.42366909268132,55.76477554393488,58.155030156645275,56.03672817885951,58.022570573043815,57.53926492737725,56.38953492832405,56.03161904752703,57.73140557874684
photo_house,58.801914186718996,60.78338386119706,63.46427501311025,62.02121893263601,60.54595390007843,59.311570859688274,64.82452110318587,61.22443817367762,63.260799995002486,64.09458668920526,59.6163548116789,64.74983736931696,62.60091684932792,57.53464856061693,59.808926835839586,58.46530306747982,64.65821768215505,61.547040806750196,59.48631478340609,59.8632163933568,58.882522539218236,0.0,60.55400463318437,57.792764270979696,55.88467654972649,59.232010535911215,64.12335405071612,58.902856391672785,57.04890074238255,56.901706184261066,64.81796802818586,63.07463733357582,60.89410609703655,61.45359478467406,57.609660014124636,61.35244252659783,60.073392735677494,58.3413923313215,58.123542969342175,58.99169236171007,61.00769128469199,60.01022624513989,58.61054502131691,59.50453376975491,58.57876431069165,56.12822596241134,58.16461799751472,57.57464423795603,57.92353537230937,59.637364095197626,59.46707994226768,62.80762130091439,60.06834300127191,59.71690831792533,58.29255593291014,59.175908027975844,58.127270105292865,57.032489705199744,58.8912667802394,65.34275111697129,58.17670378680832,57.43377890445963,59.42033624625352,58.54848998347063,58.25373346158928,60.195419401594656,59.48714498087125,59.14909193097985,58.03201116623484,55.203160199794766,60.53860145566665,59.10533070091089,58.92627551307807,59.060017861476126,58.881350771248194,58.02374871544766,57.35773093296835,58.29731858677734,58.900944100821704,58.21568603336305,57.740318392429394,58.140219716832036,58.286870395516104,58.116405207856246,58.085072988695494,57.83182230177896,58.58929979237181,57.13083554274947,57.40960484655846,59.399971433437784,57.95939970655084,58.910905574020006,58.735444558208094,57.989683195019495,57.71654056522792,58.92845918746539
