,photo_face,photo_profil,photo_eyes,photo_face2,photo_walking,photo_standing,photo_hand,photo_legs,photo_bird,photo_butterfly,photo_girafe,photo_fish,photo_cherry,photo_tree,photo_flower,photo_carrot,photo_watch,photo_key,photo_truck,photo_velo,photo_road,photo_house,photo_mountain,photo_windmill,drawing_face,drawing_profil,drawing_eyes,drawing_face2,drawing_walking,drawing_standing,drawing_hand,drawing_legs,drawing_bird,drawing_butterfly,drawing_girafe,drawing_fish,drawing_cherry,drawing_tree,drawing_flower,drawing_carrot,drawing_watch,drawing_key,drawing_truck,drawing_velo,drawing_road,drawing_house,drawing_mountain,drawing_windmill,geo_face,geo_profil,geo_eyes,geo_face2,geo_walking,geo_standing,geo_hand,geo_legs,geo_bird,geo_butterfly,geo_girafe,geo_fish,geo_cherry,geo_tree,geo_flower,geo_carrot,geo_watch,geo_key,geo_truck,geo_velo,geo_road,geo_house,geo_mountain,geo_windmill,word_face,word_profil,word_eyes,word_face2,word_walking,word_standing,word_hand,word_legs,word_bird,word_butterfly,word_girafe,word_fish,word_cherry,word_tree,word_flower,word_carrot,word_watch,word_key,word_truck,word_velo,word_road,word_house,word_mountain,word_windmill
photo_face,0.0,33.60686352195718,34.5163737638052,34.32951618491531,31.885812050017584,30.21558025695835,31.616313916003275,28.44149219213647,32.88898265354255,34.1833969446391,36.98201467079753,32.38515922095019,31.17842582767556,32.39506869681255,30.352879505078477,29.416690864045645,31.562684317906317,33.43776230371975,33.39918023568255,34.10760269327376,39.26896831949933,36.27124672578125,32.93139844184211,41.88674797277924,32.97519739594495,33.87402553417857,33.72197749965703,35.053541364888396,32.817129930265374,31.284615956419984,35.614974175013316,33.50067414890147,31.676711481212934,37.60537319522113,31.629752348512554,32.86348408075328,37.85535735385593,31.93426171160535,34.4797668585866,29.930185832766206,31.29246342062257,31.731577906659467,32.74341310599957,37.703249896668446,32.21101452357923,35.15140364583603,32.99766144510381,34.897845169525226,34.74027340843848,29.955653096966376,32.654945764598025,31.54622672666578,31.217735711105544,31.467870265871092,30.55516935311441,30.38054935049798,29.64316326195164,34.81958573229819,30.86766346557399,32.21939601033297,32.92336320954136,30.61601160445905,29.94483039097506,29.05540931070382,29.324499476566263,30.788138946272635,32.323065580443775,34.108461973363845,30.853863514615288,31.159297501880502,32.52357909745577,34.10168283874304,29.654762271644113,30.587817145753302,29.573529269884613,31.40251795052387,32.27408456058028,31.916815584203857,29.745556118690242,32.17206886565495,31.534036751294032,31.913433986062934,30.653077339956766,32.273498478696446,32.11599786768855,30.384886755806043,29.607342887215825,31.91191883579071,31.654516674945835,28.2847839084999,31.99094986041871,29.418932497674472,30.68027081514325,31.869747516256833,33.566455385318505,30.320719321092028
photo_profil,33.60686352195718,0.0,36.130932324083524,35.400069848204566,35.534285250633204,34.5854138261815,34.8973244296644,33.74868590260898,35.31612214084856,35.31494051278625,39.287601766841746,35.568184835114415,34.27271042466405,35.99017950639058,34.89839368299981,34.31159984376468,36.36475386727054,36.05156691164616,36.29504432915204,37.15288384590105,40.753332817024464,36.572752530166674,36.33898162938201,43.16855694739009,37.852250679171945,33.99988739868672,36.81773830311709,37.61999275576455,36.99138942603948,35.645816580027066,39.160747552307406,36.59909442809504,35.55343354301371,40.03447956986331,35.9292253831157,36.55983733510456,40.44523249344902,37.4685809600722,37.31842997201611,35.1865092406478,36.70280216611491,35.146304400293126,36.33239508368756,40.46787849839195,35.79930786495345,37.63228040210561,36.749135906875885,37.982776982416524,36.776338742553214,34.96111351607266,35.69462904331186,35.0857295899087,35.71605849276894,35.872051935433845,34.7504054773604,35.01988779343729,34.71997767575632,37.22359141253322,34.104225411111564,36.00134995895813,36.53096329929898,35.286121142663184,35.283846338755275,34.23024947912302,34.39989662223941,34.694744065554275,36.01739700871349,37.49274481001024,35.200194910560015,33.80047094806634,36.2307554618748,37.40418608671907,34.45981149841364,34.426755607492666,34.242978202368434,35.30794988269352,35.873589729618196,35.355746440447874,34.21152298569501,35.49313083425915,34.962409765839304,35.698189754945005,34.39923817959514,35.6700600897686,35.487213482977836,34.392401802819315,33.90077657441855,35.264706219664326,35.19210612696126,34.375682854977306,35.41110259126896,34.5093287243655,34.674460364610496,35.37799343630945,37.192700065308536,34.198561465322214
photo_eyes,34.5163737638052,36.130932324083524,0.0,34.75088456943519,35.05545401638637,33.9339287495216,35.62657208510714,33.859112386753424,32.66076557667889,32.11310903553003,37.22309924559237,32.485741003335,33.872170291938346,36.58333735363152,35.000757644199204,33.432628166276515,36.26983894096617,33.04041536993274,32.28731100527968,34.36894110643511,32.480360347852134,37.82434081129636,32.778871175664875,43.132063335081746,36.357797209352206,36.59746104166747,33.254668866836575,35.19603672256251,36.84122003857207,35.70680880932896,38.957232243821835,37.30632211692106,32.90087783487902,37.68357969964957,36.085608693571054,33.57409806022693,38.21550999191339,36.63720849792772,37.88429193177421,34.51790345691968,35.539808053798616,31.683808173919438,32.99493224805333,37.62867178746209,32.848217366089784,33.819357072575876,34.13761215585357,38.17095246215369,35.631170024362795,33.945466824238395,32.1081540682178,34.58557061516105,34.981403746041174,35.15716657274387,34.93577255211452,34.369223451096914,33.731137795495926,35.34198755459347,33.57398286538304,32.230209117796306,35.947859308173875,34.23001300466897,34.34509786837071,33.564818915702055,33.20076232293989,31.10074785972267,31.909000461875465,33.856529084863695,35.095345582921205,34.216912924536665,33.87215272536065,37.340563381703674,32.26713612739294,32.13841831617218,32.24490534145248,33.09743500095889,32.259783438626684,31.86779946939782,32.318896507217204,32.56441988527016,32.387279638006575,32.32417678413117,31.973749622320824,32.12455585944928,32.3552014759564,32.493871160849984,31.940128771377008,32.26601923574794,32.56839333425987,32.163491790281014,31.99290957421007,32.11680207349368,32.784869824271624,32.56535836916524,34.131919220475446,32.33651689353797
photo_face2,34.32951618491531,35.400069848204566,34.75088456943519,0.0,35.43805582874988,34.34322595449336,34.74613739939977,34.03275169900484,33.67642749087078,34.352082763133005,38.200600917640934,34.60019375949296,34.24506455722676,36.22353083654155,35.17857210155071,34.16808436588739,36.794074045334135,35.71495395423995,35.61267799824897,36.41359211980769,39.12012999617486,37.567371730170365,35.80652906341206,43.206756227819824,36.730552071228715,36.174744045425854,36.13006860884343,35.98544738238861,37.088011065188525,35.69191007235955,39.25456351018426,37.08246926892475,34.553397473743736,38.44097318810562,36.0998840093946,36.03419272876472,39.63146825607525,37.529552432265106,37.498616888614706,35.26877677614291,36.354650628491946,34.51433576295496,35.82717187725979,39.81822859391641,35.03890517813979,36.39572621905046,36.239186389065885,38.04434380882559,36.48286275735637,34.86682123890876,35.322298713490596,35.06116673667023,35.445667466349825,35.66677925770624,34.85719767424013,35.27849836544785,34.779350543325506,35.228083137971154,34.24345340844837,35.205656597340436,36.255680345735186,34.981104617204736,35.00320622973172,34.2150198718675,34.375923160074855,33.939267052263354,35.238578954052485,36.40174678464021,35.42677796652854,34.52254482866891,35.5413530011089,37.13554575053945,33.95689417033091,33.85607401188681,33.74488724313872,34.651422409608365,35.13193882641925,34.792849237554535,33.72380284888251,35.064288154112575,34.4164790051112,35.02108268433254,33.89428272387928,35.21817990146047,35.05254093637712,33.99501104568524,33.51574896228138,34.79214302870175,34.59901278539014,33.72175305021944,34.89623148607903,33.85801865924138,34.30980847470157,34.790769097834776,36.409087663358584,33.900472674727965
photo_walking,31.885812050017584,35.534285250633204,35.05545401638637,35.43805582874988,0.0,28.613878516266414,32.17389447882005,27.7475844242135,31.358774854067942,33.281521482930025,36.328489422952735,30.99024344177144,29.54423782209778,32.93372720072837,28.36860824050602,27.738646607262027,30.987992567493574,31.969152247467797,31.985602598702194,32.75035309961102,39.08446939396044,37.689421391443595,31.325024952485943,42.1018522932608,32.00204895266511,33.29895641308915,31.911087716272114,33.5546656869724,29.407146261749336,30.8862862668301,34.31118600015389,32.29406978908374,29.941923285271233,35.513858159768105,29.44511245482299,31.13224854358232,37.078982613128666,31.573514233907517,33.356632921505145,28.668628096818416,29.92248505898842,29.77180843101174,31.06126177004763,36.44077759470837,29.96866549073657,34.098418813852945,30.386021327888926,34.26588326917423,33.05423348029749,27.619115934416133,30.692040274093017,29.385589169422534,29.04872537257072,29.925484142830037,30.157224860431118,27.940549528912737,28.00146509707055,32.99289776402171,27.77641685159739,30.162978191754643,31.17112868028905,28.474515500065362,29.32500502612164,27.594303871216354,27.51685984266363,28.764717603141804,30.524946770847695,32.50737252103506,30.118177454760506,30.89130390554441,30.424572568822814,32.96702459772523,27.83488594173111,28.515066888633644,28.099729590334512,29.67404967640737,30.37176834437959,30.031833166451936,28.047327206549614,30.10665590611455,29.729257597632756,29.852641213255332,28.852996889775845,30.317452595274982,30.15161222893268,28.38679831138889,27.777091472772785,29.9140838075714,29.70650024142484,27.28068629171411,30.048313369215393,27.79879959204372,28.528670755951175,29.99925704439509,31.68640099179208,28.024459921967296
photo_standing,30.21558025695835,34.5854138261815,33.9339287495216,34.34322595449336,28.613878516266414,0.0,30.40015495153656,25.459110176975248,30.724428009367,33.356336176987085,34.286479236219805,30.119481883711654,29.766678266508663,32.36184476698288,25.491565817029407,24.040963511953922,28.21055869342134,30.84588524925483,31.19259641121515,32.50691213416238,38.215548175323484,36.81407004675808,30.863898296602922,40.87463298360116,31.68798837457799,32.84077533663329,30.798005145352093,32.7935309549899,30.634854410125854,26.382229067303207,33.05855159447057,31.426721773788937,28.731223434434465,32.99811182497072,28.27427911664639,30.568879894727793,35.49365318276633,30.696196374993,31.172016922792587,24.393559803628104,28.770734031899746,28.21605626387887,30.18566333659608,36.64504335776065,28.448962182866037,33.448405255442715,30.33853667741412,32.749885266093834,31.46206140247138,24.11419093870173,29.57019025008644,26.126391695578288,28.897791797038977,27.556687312933143,28.484144214693693,26.66710519674801,25.94067314452207,31.441915810451178,26.22380504801196,29.40039900327886,29.76863528704685,27.043064003676744,25.933628234440473,23.752504915524018,23.986963390929205,27.06018670710164,29.579654738968053,32.14519952612804,28.593681522348998,28.169971791619183,28.545285234009544,31.222060731717573,26.333864972378905,27.410055873623964,26.600595845426543,28.25487089705218,28.96513244223784,28.878288215305552,26.83248915013723,28.877057792914034,28.50003934353802,28.159012028155082,27.70045391893297,28.971833476864305,28.99506824452576,27.19647145221103,26.341382306119385,28.94134687258762,28.564452803807924,25.950588104077013,28.89834044488763,26.228898909162282,27.126598387932937,28.71194217650147,30.133327183971183,26.562101481335194
photo_hand,31.616313916003275,34.8973244296644,35.62657208510714,34.74613739939977,32.17389447882005,30.40015495153656,0.0,29.989276871343176,34.18230668430547,34.934335539009574,37.787571168555544,33.069530094391396,31.27138355412855,33.87611635687482,31.10670768857211,29.77973222359859,33.16949383326122,34.106077806131346,34.421551631045695,35.03622955917776,40.13453859886791,37.060538398038126,34.093818809338295,42.457899061072354,35.3285854773367,34.98851185624985,34.35644306085974,35.91143507498051,34.14441947049043,32.173664412128026,36.449492923812144,34.407121235526866,33.39320422492439,38.14633213033203,32.621670013168824,33.83793580448429,38.49157460584875,34.07594600247234,35.093247298053306,31.519963099322414,32.92924552506521,32.78878857239854,33.64547963290472,38.86091622780058,33.3442629513126,36.11690489336203,33.87794731720488,35.90974394941919,35.93750767195985,31.340243241122643,33.0104833026636,32.71346863339625,32.929821921001974,33.132963853351306,31.70979892468976,31.346660741590867,31.648941658692166,35.23153902412549,31.379515177435515,33.337059373536555,33.79170088723688,31.97988070320486,32.00214836764863,30.00950554826598,30.98581357572705,32.15601142834337,33.78324554785751,35.19836335582876,32.844108347974085,32.08780055472224,33.460682620506866,35.08146163504654,31.33074325809327,31.336475612610197,30.905097313373766,32.51463013799773,33.00667036555984,32.67429600991914,30.888561256357388,32.65755725601238,32.56586629508514,32.6405408786303,31.708016052505943,32.95705861691529,32.77667405413519,31.242681768630124,30.848401407188422,32.57459412720115,32.76825296388027,31.011469988944985,32.6740588852813,31.363524436060207,31.2378988008678,32.88832775292848,34.13632668345028,30.894049899530835
photo_legs,28.44149219213647,33.74868590260898,33.859112386753424,34.03275169900484,27.7475844242135,25.459110176975248,29.989276871343176,0.0,30.959704068412794,32.720743930189315,34.97691447556296,30.05200987672243,28.573187002760815,31.850176651217986,26.213247372595465,25.077954019438202,28.60131608603486,30.699946486418135,31.192656951368573,32.61088588902297,38.53423390157249,36.243603824513,31.13912833715838,40.76176083726501,30.689375711883102,32.45253452498727,30.794445471826233,33.16327320681625,29.128818914660147,27.851579589406096,32.52877050731448,30.635444852874684,29.54511719498538,34.5048335398786,29.197865221716917,30.65515950489847,35.88399206755189,30.28705758177089,31.773440113470524,26.131836412366987,27.9120527574419,28.546487446419395,30.557943627820098,36.456346616112846,29.08629367352639,33.35337598038025,30.273642619684868,32.87117088938304,31.351271176122793,24.916827869617318,29.588017832276535,27.07454639402398,27.990478738933636,27.107667325886247,28.228640079935186,25.29141228634655,25.113675550793467,31.68421042222473,27.08313571435453,29.62109409578109,29.278669839359335,27.353770999140394,26.504834327065826,24.574790884546868,25.247799831662448,27.533024045257687,29.847722980861114,32.14718264196109,28.867802096366244,28.518032514546235,28.969815921486592,31.68596296426712,26.7121113287568,27.48110392660087,26.61182630338851,28.276881328184118,29.147778243200623,28.706104837665446,26.698428225217654,28.723482022315697,28.437061732708074,28.310444737327813,27.68596539806134,29.208645442392722,29.013910172067725,27.30924842142754,26.54344510623448,28.74265741648874,28.630707069734225,25.843000431633797,28.89343749798423,26.783749875309738,27.127868436459902,29.01865016337597,30.34193844883321,26.66595415074054
photo_bird,32.88898265354255,35.31612214084856,32.66076557667889,33.67642749087078,31.358774854067942,30.724428009367,34.18230668430547,30.959704068412794,0.0,30.426467336789386,34.235864589441285,28.448957835128606,31.133430471535124,33.61463799436209,30.96086629742009,29.37009700297322,31.86793248643014,28.398376786367205,30.116254400372185,31.10949344618124,36.76099395593467,37.20645717862035,31.459462388366273,42.41740025172343,32.50017589989078,33.14785866252433,29.477004175413597,31.60108735046005,33.09950477088532,31.735096140973152,35.93983300267142,33.60974265611352,27.208014950875636,35.56920786758307,31.522016474736922,29.555809447699467,36.762120123833455,33.13921589530137,33.60903825455874,30.177550398153606,31.169576586626675,26.853467122571676,29.54777644705078,34.85609078852248,28.10241375967284,32.367260455854534,30.13232367663486,35.50976417138582,32.977028592394724,29.606231391185908,28.29892600353781,29.78112721844697,31.494082864653024,31.22673076878475,31.349189256349703,29.855354977155617,29.029077706583767,32.68618877238889,28.70263802214176,28.738966829390243,32.63989836107167,30.05382893760279,30.226403276170448,29.088031623546257,28.250293519350652,25.79021485427502,29.29237046870836,31.09484151219195,31.61248956316823,30.676950038914324,30.552796386026145,34.065707328895265,26.508028427541596,27.416177481670573,26.61565708785319,27.031254773226816,28.095762730839645,27.35658312284077,26.55063516244689,27.613358046585798,26.961565917590992,27.565747754658652,26.333547940259656,27.763206081723354,27.403244443133786,26.80366328869985,25.87338192268904,27.61212447891138,27.152797509861383,26.328691346583618,27.780221139994488,26.315099298334232,26.901217088716795,27.15636519912989,29.487866601863015,26.575258851658674
photo_butterfly,34.1833969446391,35.31494051278625,32.11310903553003,34.352082763133005,33.281521482930025,33.356336176987085,34.934335539009574,32.720743930189315,30.426467336789386,0.0,36.877768395699015,30.965904179562735,32.36649943154964,35.381302949688546,33.762300756474154,32.32771315359408,35.232517416117034,32.130137571302015,32.035811539622514,33.22119515322724,36.5317190399095,37.292832235758496,33.007488677465695,42.28924740085134,35.011247684432114,34.291236024595754,32.31515847136434,31.731265588512883,34.468191976671534,34.23206878110796,38.095898291569696,35.6576757249027,30.49546562024873,36.881588633977664,34.51177244334914,32.457740943042275,38.128334216909714,35.47085258297731,36.15343111058637,33.59412166096177,34.10429026144757,30.762830437352836,31.665788459287487,36.471673658004704,31.782693252939403,33.509297338681826,32.938303512243,35.54051946069899,34.79848928046845,32.72549583252781,31.53844017341336,33.14483223021238,32.996322225688935,33.50125380676179,33.50040147909739,32.82416178323394,32.49020387422986,34.36252496466922,32.24055589037194,31.49575367533475,35.29403265684848,33.10636853626775,33.310573957442905,32.405229072622184,32.40939309287414,30.296598175953605,31.735206459382013,33.57997246284808,34.133992315341565,33.08727061456775,32.68802695350045,35.4367392555043,30.732770925579,31.053830237529986,30.577768045974643,30.89337103690426,31.69423612191254,31.379845868933398,30.32976709925511,31.182290982663293,30.531381061146305,31.65414199697432,30.3837136218252,31.783805682873236,31.168446124634045,30.794826053420255,30.292587233641132,31.014470832671563,30.803175423278894,30.385154275033546,31.21427415758611,30.8251146101914,30.94451133196161,31.15020003970777,33.192118933767404,30.657379845765945
photo_girafe,36.98201467079753,39.287601766841746,37.22309924559237,38.200600917640934,36.328489422952735,34.286479236219805,37.787571168555544,34.97691447556296,34.235864589441285,36.877768395699015,0.0,35.11566442000912,36.09467234078851,37.86792282893664,34.56210866246972,33.89428723477856,35.949808982972854,34.68919523740133,34.77728939631626,36.84910931915978,40.44167228806606,39.86929826936783,36.08337601982031,44.61518217812898,37.119376225917065,37.64795530044462,35.20011390875691,37.358498049887885,37.63054137976279,35.84701068630251,38.76260969046379,37.42991009447213,35.198489747638575,38.508510311430136,35.227108336436665,35.645345885700046,39.92897878411493,37.35375638948596,38.11320354468318,34.61444331265255,35.68077091110694,33.41130170144298,34.32040660546777,39.246483899709084,34.40970330064655,37.61422566335245,35.813462276165524,38.40624004591796,36.10613228108108,34.389151974666625,34.09458737221776,33.93175082601792,35.99162383008583,35.111007328646195,35.05055538351343,34.00414267892069,34.89157488573232,37.71413408357986,33.14528397518046,34.410485280396315,36.150276555151265,35.18945425394543,34.20963432056144,33.69733943470597,33.693484676820795,32.295553106013855,33.831625627030746,35.64370792683636,35.55409808605805,34.849951923181166,34.22265968090312,36.96744040085339,33.59347211305322,33.70910517511193,33.483702352824714,33.97009162223336,34.59656879773198,34.139842169374056,33.69950490817274,34.5231150577814,34.09833655565831,33.64980288307125,33.82106198212039,34.47130007347099,34.287636520244554,33.715054548225595,33.062886423450784,34.14087142765324,34.07363198965883,33.200564789694035,34.22621300052396,33.49575379327205,33.78783455637214,34.129194005904154,35.78172240458541,33.370607748946625
photo_fish,32.38515922095019,35.568184835114415,32.485741003335,34.60019375949296,30.99024344177144,30.119481883711654,33.069530094391396,30.05200987672243,28.448957835128606,30.965904179562735,35.11566442000912,0.0,31.235601298059855,33.62986408863038,30.38122322627599,28.471700744115676,31.484408539802722,27.72196396320881,29.019886263774435,30.483458861634407,36.45166889215065,37.349234918268465,30.55801525732025,42.22504305564747,32.79760340161271,33.04471492821073,27.017376767287658,32.807466310191764,33.120874843143945,31.26733328589685,35.78548696447069,33.974768948829805,28.939195296192967,35.4382092651055,31.421595010185502,27.749752475478314,36.05127100576232,32.979786871376234,33.527844187800326,29.68923087181094,30.62986446372052,25.96556411658106,28.030537713049902,34.50046308037463,27.44830357634477,32.47227356417044,29.1776000730424,35.320083073455116,33.32245589676232,28.601206857970848,26.59951523462282,30.058948529949298,31.881157858306658,31.282059828262163,31.47666148889754,29.672506051366632,28.592736592133793,32.82390730792346,28.843909476794746,27.024157491846285,32.06048456452952,29.439307435622567,29.998684918863955,28.575239102763934,28.164578127603487,25.252859834285314,28.37966459269477,31.00951093540874,31.81143925755578,30.611089829405127,29.673025332285683,34.117115788659774,25.540246630171396,26.4132263049365,25.716475393152507,26.28178696960534,26.514912144293273,25.939816817884395,25.021094439000187,25.875271460461917,25.324044113932512,26.86922994667806,25.279099895913493,26.617072194962855,25.90082300762678,25.9502612182039,25.36063652715183,25.9682890790244,25.76513955555173,25.413912267984507,25.924499592274167,25.57369278786597,26.261654180904983,26.12435632669743,28.38743578991579,25.804839516179115
photo_cherry,31.17842582767556,34.27271042466405,33.872170291938346,34.24506455722676,29.54423782209778,29.766678266508663,31.27138355412855,28.573187002760815,31.133430471535124,32.36649943154964,36.09467234078851,31.235601298059855,0.0,31.664717803622004,29.76130004979458,28.487256519021365,31.846285263248976,31.795862908812115,31.795294732174657,32.34165645855411,38.53552838410496,36.002413185060945,30.798244182635916,41.665084022699915,33.02400821741895,32.85620254544717,31.550543671552592,33.97844888382277,30.558293697674753,31.707378995109043,34.63250284514241,32.07627360774298,30.431041963961086,36.33451073314881,30.800529326425913,31.413124445115162,36.890584319171815,31.949230786862465,34.411791893834945,29.26089978660037,30.722136283844392,29.668714819761153,30.232139580745955,36.40369304490018,30.610918054872588,33.39586874174445,30.995922281448788,34.14928495476408,33.65329185260795,29.36820980817392,30.495948463071432,30.186762854073308,30.061374885877783,30.599589634319702,30.508110725118474,28.870463780544103,29.26318178902005,33.069222006441734,27.823255821206878,30.933941874778295,31.232499637144812,29.53992003411484,30.045324034892516,28.349680191035677,28.789059740123225,29.10978000466207,30.462806550440863,32.62637629213218,29.684686057438682,30.107358409054722,30.96666635216843,33.18332847381719,28.6505366589662,28.53443220073202,27.942923811524906,29.68999038033284,30.195129092839313,29.71128463626948,28.12898311423568,29.966690360310828,29.462797827404785,30.198331952489703,28.583601151209013,30.042270694125882,30.250181654159785,28.21480198477225,27.66166250654137,29.876404523297175,29.57757052014511,27.527529899923103,29.963087071183885,28.63959070466846,28.33109622256104,29.952552023164987,31.904425000729827,27.94545477948839
photo_tree,32.39506869681255,35.99017950639058,36.58333735363152,36.22353083654155,32.93372720072837,32.36184476698288,33.87611635687482,31.850176651217986,33.61463799436209,35.381302949688546,37.86792282893664,33.62986408863038,31.664717803622004,0.0,32.69367479972841,30.64796444582318,32.291591653663815,34.814260713293066,35.06855145225079,34.904102808358495,39.9579677733294,37.215331487487965,33.01982954410881,42.24955852435352,35.425508200932356,35.68137674113842,34.87882190248781,36.5650212451091,33.76844424415462,33.26732483355386,37.723255086832886,34.62427545746483,33.26319774677259,38.66533489065903,33.31578726892093,33.96447589906144,38.84939984065424,32.63157388236351,37.01023684949275,31.70548586903014,32.951578563280556,32.94102129402651,33.86803977740507,38.635988515827556,33.48219964016221,36.23865798557894,33.83027455070063,36.36679225377966,36.26135560738604,31.877026335795534,33.82704999826984,33.86588230043854,32.81601752063873,33.20016345899489,32.47235650365408,32.23549812212712,31.847210932215994,35.58836930294459,31.828548645131082,33.83629771773251,33.76364232381319,31.439212920560152,32.51298976281989,31.059357593846194,31.095138292856287,32.24582270925549,33.81151952191774,35.625282071894404,33.06748319557845,32.96421452934976,34.02792998045424,35.49172651319295,31.662120434372763,31.831817421789292,31.63320807199888,33.18797409958064,33.8097838131275,33.556409917343665,31.688475256168946,33.697382323541454,33.008842281954436,33.47682877474719,32.10012338191634,33.78631905931382,33.807137967312485,31.932836485936303,31.32783875411378,33.47442363132543,33.22726997564309,30.804400589212708,33.62202782487192,31.419440096915366,32.125140141112645,33.31545503621423,35.18702532208247,31.787370020149858
photo_flower,30.352879505078477,34.89839368299981,35.000757644199204,35.17857210155071,28.36860824050602,25.491565817029407,31.10670768857211,26.213247372595465,30.96086629742009,33.762300756474154,34.56210866246972,30.38122322627599,29.76130004979458,32.69367479972841,0.0,23.664384914314756,27.992678963406963,30.895734095083576,31.413975016009363,33.15538693208967,39.11504127218888,37.30979275056916,31.639162355721215,42.05187102160974,31.50472947915591,32.96200620314625,30.967570093145675,33.407856560302115,30.355250318967705,27.41224529008791,32.62272642698128,31.51726040141738,29.331690613582566,33.50623084968524,28.1703535331862,30.57966667999999,36.31586662163844,30.12636707417328,30.990261770685073,24.473356839730798,28.5445574502902,28.59627323685847,30.0915936510357,37.17511495557101,28.80535118927761,34.15877832485553,30.324603152618124,34.093636865802075,31.29141442951895,24.53605994244766,29.78668596394033,26.58598758693119,29.092280730649005,27.832838106081404,28.566406092693676,26.232307763860852,26.19352591427719,31.895686442252643,26.045790327144438,29.682071386986678,30.2625895280767,26.9328503935792,25.43193392689028,22.75046011959554,24.29665816776244,27.434750982810076,29.638076490257312,32.53094005798119,28.08877832727128,28.682771604359463,28.6747619620918,32.28164566638086,26.665595011580393,27.90315572569258,26.70889240530687,28.231272614447168,29.336603752319647,28.826605418509445,26.89263127871277,29.061795617145354,28.606062337601045,28.590344272452693,28.065708150366408,29.3130929913811,29.07886414716683,27.159965571674977,26.66528415806464,29.18063994389509,28.860710359275842,26.098891868314205,29.180112021705924,26.818859996766196,27.15451459310961,29.006305783300565,30.20698791060366,26.700661436208637
photo_carrot,29.416690864045645,34.31159984376468,33.432628166276515,34.16808436588739,27.738646607262027,24.040963511953922,29.77973222359859,25.077954019438202,29.37009700297322,32.32771315359408,33.89428723477856,28.471700744115676,28.487256519021365,30.64796444582318,23.664384914314756,0.0,25.364364511067347,29.74558495286922,30.225838299599413,31.309234953691938,37.85650686486076,36.21709415640828,29.743127610181677,41.24137298363754,30.812376004171476,32.27179124366003,29.650882149056635,32.570338046431345,29.70693074871468,25.632096699377193,32.28905050709611,30.91979256968458,28.01398560367097,33.25679665430511,27.0988761316362,29.342958827576396,35.335542567402015,28.51582036881566,30.792405611078085,20.780694086616773,27.723845652335612,27.122511102256464,28.884670611722395,35.81499113981751,27.026823505570107,33.02209985874589,29.067126421398598,33.42863939849109,31.13636538600943,22.931763967975648,28.395251557799586,26.117948394652522,27.913016458599042,26.51207314945009,28.108205977571078,25.361760284349288,24.43379268523505,31.104495197332106,24.792631100697587,28.402860801513693,28.448631560590233,24.45261982088321,24.612877041355265,20.596032994813743,21.996344543937266,25.778681921004235,28.54517130050382,31.368920667594143,27.492935852644894,27.071871346108477,27.87072527843793,31.771743628309384,24.870905785509784,26.199607423527226,25.373401484455908,27.145022803075513,28.137747179843533,27.765509976167213,25.634389905589764,27.92423688150646,27.52937905135346,27.281384541791347,26.561409644775907,27.961607546542915,27.989396439738417,26.13215134018052,25.067039274669842,27.996935608261627,27.444329304831534,24.73098291891196,27.85732360870802,24.964835336020588,26.095944594667053,27.7144044442622,29.366597663587317,25.3642317512217
photo_watch,31.562684317906317,36.36475386727054,36.26983894096617,36.794074045334135,30.987992567493574,28.21055869342134,33.16949383326122,28.60131608603486,31.86793248643014,35.232517416117034,35.949808982972854,31.484408539802722,31.846285263248976,32.291591653663815,27.992678963406963,25.364364511067347,0.0,32.73945391163687,33.05017278212097,33.44387549453406,39.96639931037844,38.11408744468233,31.682356242325554,42.56328604098477,32.412461278811065,34.13600132843298,32.17246308007712,34.58970721800779,31.100566516767437,28.87469013067646,34.35643642399451,31.999271113480145,30.03488253712152,36.44885412841267,29.721785274524265,31.349151309886285,36.924346750112264,29.20897955999867,32.49517236414191,25.047129995405292,28.642539765995295,29.5438882510174,31.572917774219874,37.34637529849367,29.591396342181312,34.86640431459638,30.861743583855713,34.83486074289403,33.42968370599663,26.342150618406098,30.864817865508765,29.56266101874591,29.74953460319562,28.518735033537887,29.62760313322399,26.568735288354787,26.89146432339848,33.534490157977515,28.112680636600917,30.71462782050212,30.116169691559595,26.765443546799798,26.782495923252746,25.4466262110332,24.125285654275686,28.400023212426152,31.405684964041257,33.49308069389577,30.600815777434402,29.467998421578137,30.297543763126203,32.808996221748124,27.787582478882662,28.186621249246546,27.70884609752413,29.711157650683315,30.49328768974928,30.352334372124417,28.440714280411736,30.678807877351225,29.904232886862467,29.568484474955167,28.91498035583856,30.28527114009809,30.484275927774682,28.54773756053308,27.599859284804495,30.417216997466713,29.747929283568677,26.964214113623722,30.390330418151137,27.427828038453082,28.607404427130863,29.90493351008953,31.912072503236683,27.86706816601491
photo_key,33.43776230371975,36.05156691164616,33.04041536993274,35.71495395423995,31.969152247467797,30.84588524925483,34.106077806131346,30.699946486418135,28.398376786367205,32.130137571302015,34.68919523740133,27.72196396320881,31.795862908812115,34.814260713293066,30.895734095083576,29.74558495286922,32.73945391163687,0.0,28.869582288846612,31.827289401783517,37.34668773739428,38.10063914793791,31.5654472092109,42.82738299135314,33.220346230578926,33.1540862232551,26.48576804896474,33.29425876509676,33.74545166620938,31.868999775668424,35.60978301700686,34.05781469798033,28.8681989345035,35.36634686493025,32.018371138100385,28.730469976020135,36.10296798915055,33.900463988561164,33.72412995741881,30.384512744856192,31.168571661547375,22.395679972396678,28.822338493969447,34.77901352966037,28.015800517709316,32.32574802841875,29.122925738445172,35.768543102588524,32.444876673016175,29.0975065360363,25.804183998766536,30.09056872241397,32.47401146588547,31.77997851793833,31.32452716123175,29.5485110497431,28.123737762497033,33.42709961787079,28.8869723575219,27.304430278311568,32.75005403109914,30.31792219970049,30.18779926253212,28.857753875928957,28.339959997031865,22.758647141146724,27.747447382802253,30.77873132409147,31.633700463014023,30.50599014519895,30.09349910223921,34.11991012037537,25.661888549098254,26.362623942266097,24.935164645492158,24.73769103289682,24.898295245440295,24.43096078570039,24.829500319922932,24.703384143679216,24.839958825168736,24.77008472976834,25.26905020264632,25.039721389173796,24.579862688195796,25.508029942772335,24.800448533433592,24.619170079192614,25.224341203596214,25.380853386311866,24.77071981412278,25.91340567292771,25.021774341184205,25.463560972386663,26.671263207873004,24.794549979364348
photo_truck,33.39918023568255,36.29504432915204,32.28731100527968,35.61267799824897,31.985602598702194,31.19259641121515,34.421551631045695,31.192656951368573,30.116254400372185,32.035811539622514,34.77728939631626,29.019886263774435,31.795294732174657,35.06855145225079,31.413975016009363,30.225838299599413,33.05017278212097,28.869582288846612,0.0,30.935444354214514,36.653715028342276,37.56008473397171,30.56223624356683,42.75513384743123,32.973662077918455,33.01823124544817,28.17345982399365,32.573665682705325,33.54661166070673,31.54829728027565,35.520242739100034,34.12333207308143,29.09989991053083,35.21602858889195,32.049443939616204,28.479584561291464,36.04566971975371,33.72306458810001,34.28537494700838,30.23718223619312,31.32834391963345,26.26858256588884,25.806570146239764,33.23774536977415,28.440097249787872,31.719331284405786,28.02693935941515,34.812162774731014,32.15669592724032,29.31379262139308,27.117879901456945,30.10653367231385,31.508192371032226,31.37845705272666,31.48519726554338,29.78189672733527,29.330740113852038,33.36995408466007,28.858829329331634,26.67026550938645,31.967551174507875,29.543263913670792,30.2006204148321,28.96082990174098,28.650221805890958,25.605501931552574,24.20692649824371,28.951248442704845,31.309076745189817,30.349643085952533,29.59458660946395,33.81152946942937,27.23873864144413,27.26169778451071,26.519039231622692,27.614780014226813,26.443965393073945,26.216238426880132,26.46762488999931,26.58893568914409,26.70824077616412,27.22551704346983,26.845199155112528,26.456298139931988,26.565323162674467,26.93805996366417,26.276224355340318,26.5275639125973,27.07269470353115,26.486221476752217,26.235980725096187,27.001327910113744,27.324423794206556,27.298305294707934,29.148219805328907,26.829637848958114
photo_velo,34.10760269327376,37.15288384590105,34.36894110643511,36.41359211980769,32.75035309961102,32.50691213416238,35.03622955917776,32.61088588902297,31.10949344618124,33.22119515322724,36.84910931915978,30.483458861634407,32.34165645855411,34.904102808358495,33.15538693208967,31.309234953691938,33.44387549453406,31.827289401783517,30.935444354214514,0.0,38.10141845621176,38.1764036144444,31.982875466739106,42.68608912126324,33.563239118140594,34.55867065549302,30.864103077591352,34.40564124999459,34.18832985063626,34.082228328219315,37.35901412443782,35.71619650294338,30.6298307457021,37.2841282997928,33.767960796243344,30.363386474163388,37.256106179699955,33.944253321257094,35.90378930748128,31.763194193319443,32.57708487095552,29.240044598696446,29.326547408916916,32.241735797591005,29.86984220461447,33.72784507137503,30.49095233932536,36.064120325694915,34.2631784643507,31.472222847802747,29.871909333176205,32.07443273422159,32.73565933171473,32.616922134445296,33.094185233129686,31.739045644734865,31.195151639195846,34.97227587534131,31.05741057022102,29.64600838182794,33.77700240749927,31.5458310684592,32.17688603733177,31.330231885944062,30.56957477301047,28.541088267864833,29.612426184342976,29.084447196075406,32.588276632981824,32.01303642114385,31.038433309064704,34.821656202482316,28.892512012017065,28.23905627828316,28.817152735728094,30.02985598721227,29.87858340685025,29.966229073036413,29.203460119461724,29.965754826528766,29.204198973654364,30.47844184758069,28.310976484961333,30.073982017176466,29.906033173573704,29.00596948033642,28.65724886884717,29.245850440190207,28.892526425347402,28.578580517966884,29.638971216972692,28.42194952368484,29.505493285511868,29.00659963739518,31.97032322094307,28.913750297474266
photo_road,39.26896831949933,40.753332817024464,32.480360347852134,39.12012999617486,39.08446939396044,38.215548175323484,40.13453859886791,38.53423390157249,36.76099395593467,36.5317190399095,40.44167228806606,36.45166889215065,38.53552838410496,39.9579677733294,39.11504127218888,37.85650686486076,39.96639931037844,37.34668773739428,36.653715028342276,38.10141845621176,0.0,41.71056164710411,36.63079592529161,45.68440590390393,40.405200985824365,40.418510372167255,37.07780001973138,39.34751072769081,40.5864523420982,39.76509575676437,42.93752968948316,41.44712914871926,37.17742736671618,41.490425281109786,39.934830473942604,37.53268190085005,41.60812340561581,40.24586260311834,41.4701321548595,38.773742605840916,39.65340728657878,36.127582072303376,37.26330249830905,40.48206011681787,35.84995485435711,37.83936664523434,38.122243462400355,41.88180625160568,39.58563991466246,38.334277606701214,37.271415446050234,38.90978494733868,39.09102426057783,39.35099105648902,39.44895381258322,38.863207115992765,38.182874440661365,39.48715637472566,38.14702989889723,36.63435983879403,40.03604174014993,38.650125213797104,38.739504624140295,38.20390086835509,37.61828675856379,35.97370775512051,36.5323896844654,37.954442394046495,39.405641250494135,38.604462491808185,37.93695810980272,41.23956080831593,37.11660159660902,36.84341542924224,37.23663246981327,37.86465712475113,36.84613055998322,36.75531127238955,37.42717810937992,37.21954292070052,37.535042795387874,37.135299416897396,36.89434376910484,36.95221976131427,37.092775041795896,37.47753547361258,36.97129584268379,37.08085942010979,37.50561949464802,37.017372780013815,36.89133487551518,36.93741014896799,37.746935829721885,37.562346113998835,38.87812802102359,37.24456557426889
photo_house,36.27124672578125,36.572752530166674,37.82434081129636,37.567371730170365,37.689421391443595,36.81407004675808,37.060538398038126,36.243603824513,37.20645717862035,37.292832235758496,39.86929826936783,37.349234918268465,36.002413185060945,37.215331487487965,37.30979275056916,36.21709415640828,38.11408744468233,38.10063914793791,37.56008473397171,38.1764036144444,41.71056164710411,0.0,37.84047984879334,44.54259693775002,38.88953042566081,38.660606200943846,38.305495254808775,39.07244348262955,38.78283438745328,38.09516858930153,41.2696926609934,38.578938761754465,37.50195999339274,41.62453104837562,38.2055709371612,38.0129634436455,41.1487123614412,38.759523898271524,39.99121478371631,37.16927587162864,38.36956317368491,36.81750390455265,37.16190553613127,41.51154799873737,37.38040531843539,38.41913097675656,38.33957592249829,39.65154779469663,38.67376231724739,37.239003679171205,37.61758454013666,37.69463745508215,37.386118133109946,37.949504053123924,37.0068339028035,37.036386570896525,37.184324982361034,39.17952862328492,36.60230569394187,37.40548101831842,37.56220883821874,37.36332244491579,37.49377795856176,36.478691721281656,36.73854001364225,36.57142494877265,37.303131061182505,39.004771922146745,37.18631479727634,36.15749720335744,37.865092859052446,39.4155086507231,36.507451390624695,36.339709327138905,36.348664176200735,37.52282106318856,37.75069289404166,37.57620864266141,36.42318323553938,37.716379313896894,37.03240530998779,37.829600164667895,36.484202128338666,37.82912581580383,37.40862692013289,36.72991027845867,36.02562762138823,37.24479076204636,37.195307438867935,36.51446150509656,37.16098407898136,36.5091763036352,36.99564555653532,37.294142477982035,39.25343742589557,36.55666519975488
