,photo_face,photo_profil,photo_eyes,photo_face2,photo_walking,photo_standing,photo_hand,photo_legs,photo_bird,photo_butterfly,photo_girafe,photo_fish,photo_cherry,photo_tree,photo_flower,photo_carrot,photo_watch,photo_key,photo_truck,photo_velo,photo_road,photo_house,photo_mountain,photo_windmill,drawing_face,drawing_profil,drawing_eyes,drawing_face2,drawing_walking,drawing_standing,drawing_hand,drawing_legs,drawing_bird,drawing_butterfly,drawing_girafe,drawing_fish,drawing_cherry,drawing_tree,drawing_flower,drawing_carrot,drawing_watch,drawing_key,drawing_truck,drawing_velo,drawing_road,drawing_house,drawing_mountain,drawing_windmill,geo_face,geo_profil,geo_eyes,geo_face2,geo_walking,geo_standing,geo_hand,geo_legs,geo_bird,geo_butterfly,geo_girafe,geo_fish,geo_cherry,geo_tree,geo_flower,geo_carrot,geo_watch,geo_key,geo_truck,geo_velo,geo_road,geo_house,geo_mountain,geo_windmill,word_face,word_profil,word_eyes,word_face2,word_walking,word_standing,word_hand,word_legs,word_bird,word_butterfly,word_girafe,word_fish,word_cherry,word_tree,word_flower,word_carrot,word_watch,word_key,word_truck,word_velo,word_road,word_house,word_mountain,word_windmill
photo_face,0.0,47.65216309077056,49.067935109664475,48.061156492988694,48.25564658265832,48.47228425738674,45.197615677915344,49.22385945286027,51.32119262892953,51.273466183309445,50.58768815929608,51.80619202229498,55.416759846190786,48.173307638947314,45.454711220540716,52.461681003639065,46.86554061837953,52.68101149051142,52.818675290076754,50.120829932579966,50.690129874791715,50.46052159414681,49.54028441184609,56.709735280744056,45.88401903580057,47.8921944113072,49.72648922151751,47.53010932777068,47.54419951052818,46.297247600408625,45.82274067964421,47.164318565968344,49.133598638996915,53.3132130719543,48.6254009850707,49.44958778933198,56.19440656927333,46.45204028423361,46.75581457977367,50.43975677431815,47.70302309959828,51.424532557240006,52.23215258354076,50.86043638925533,48.53129468506996,49.08012735344115,48.7611851466067,52.08668639570365,53.494310762506636,46.025719654024996,50.124405930810376,47.716377344212745,47.190762465747724,46.566851459338785,46.97822065462444,48.36557458644623,48.44096929380519,52.798131691393934,48.56996982116162,50.8035315401225,49.13404669794534,49.60897482741998,46.68418872506722,47.10020911549729,47.85513712036366,52.9062422368296,49.4433277841444,51.3314857321909,48.3620103678802,48.10706961110821,48.54018644956745,49.271279130960394,47.00365108662801,50.01934261135223,48.88856936643365,51.95378362215836,50.830829466490776,50.323896321579106,48.50574746243986,51.274974211691934,49.492236927277766,50.63583998814352,51.071591606344825,51.0368673501597,51.88527817879168,49.29478878635391,49.20722688852836,53.00945377090635,50.012682694102686,48.44299484298325,50.325599537636045,47.97655836503779,50.68398539259367,49.28124504772365,51.81373120932849,51.36732570962803
photo_profil,47.65216309077056,0.0,50.58612498312673,51.27251249728051,51.18318059734285,51.99564110575771,48.433114224106,52.29864595379047,52.61084196010148,51.47189318634584,51.93636579779002,53.069003155206474,57.148595658145666,50.81198026168755,49.54004061824486,55.73413467511255,49.72042168455254,54.45774772667296,53.87811614750993,51.24408513854898,51.41249227231635,50.93727006485968,51.32227239570675,56.73684080638897,48.890817801160665,47.83343891825038,50.81281848645802,48.65064920216194,50.081449781899934,49.80950429307181,49.12871295101096,49.43636913886843,50.59456444549432,53.48202317504,51.04631259135971,51.16575941526079,57.145646103910266,49.85482352394645,48.97663976922967,53.28368316114944,51.02658405509364,53.11602170010426,53.431914279895054,51.827529873057514,50.81352035189085,49.56733801158892,50.454455364845636,53.3925042693752,53.57930359225388,49.77096680766578,51.27885081676644,50.23329519600579,49.885261611473176,49.39068815681637,49.95630949190479,51.05427422069336,52.01964824623744,53.87847447111327,50.764473866355644,52.58316714466852,50.68596409560346,52.08131026209557,49.3533487784139,50.02558149079123,51.35676819383901,54.245482835278246,50.55703535369071,52.36306143101702,50.089954769359956,49.39054438790967,50.08414066715865,51.46986005656889,49.972668608925616,52.44791239595433,51.08671300004578,54.06040999278447,52.83059191282899,52.48258003557109,51.19525862693427,52.88940070900665,51.316350021525956,52.835190572441974,53.36576216960427,53.310319153725075,54.01363835335253,51.52950859995193,51.2153978843318,54.45912449449374,51.77933459122687,51.1075880105416,52.706027698527684,50.93335285739441,53.00410330154377,51.5423073080289,53.70955478203148,53.281585600957634
photo_eyes,49.067935109664475,50.58612498312673,0.0,49.3669328064267,51.34393386783577,52.42907601190272,48.69390053721118,52.18535881644223,51.33999098091636,50.02721926384351,51.38651811144615,51.75761302919076,57.667201838133856,51.038729743101136,49.37020378581811,55.68462229832133,49.37723839541446,52.87289132958281,51.71115048773834,49.42796138853135,45.99976171305836,50.98177465013568,48.68060959486666,56.34207731138145,48.273687660744784,49.44962369978542,47.83304242160023,46.075426443697474,50.133495248251435,49.80442475077335,48.75666713466174,49.33656449499961,49.09529007371442,51.817756394288736,51.13334237878907,49.62243317356706,56.4684824932957,49.782168862448984,47.95618072216039,53.679465818056734,50.75437968004456,51.54501861608366,51.69800240673977,49.86966819292306,48.16535144888062,47.757659402915166,48.80627872182959,54.14736272378027,53.40689376355842,49.0713546758745,48.66238247888557,49.72425127680605,49.942012217674595,49.18791183544123,50.68716524682846,50.67913209610611,51.468326021168494,52.67592278628992,50.91069100416899,50.718610973798704,50.7477765995315,51.59235211775259,49.44103017731434,49.78315001826671,51.099090731170264,52.955031159777185,48.68680973097176,50.10714301223937,50.097692352300896,49.82984427476351,48.9561728674647,50.96094989717349,48.51898713749986,51.34807759973565,49.95177933262473,52.83252568156713,51.47431468812803,51.30898767739288,49.53797026677914,51.751727816319224,49.81486526827997,51.46324471203165,52.043592390009806,51.87395475191106,52.70512075613195,50.618918275789675,49.81153887492374,53.325929631731796,50.432770392663606,49.8531851062536,51.30930127200393,49.95895618820689,51.69280064889732,50.2945370371377,52.379181305931496,52.356442118479976
photo_face2,48.061156492988694,51.27251249728051,49.3669328064267,0.0,52.25867602143539,52.631738431811506,49.56589160448977,53.15069968524119,52.65848099688628,51.946318410880075,52.33640567692942,53.413659652171106,58.45351342793749,52.30076162535772,50.038763438047326,56.326393433756444,50.770045743449664,54.6371507930591,53.9221614955674,51.833516755036186,50.30945628330498,51.514297736474425,50.66815543022896,57.51886608835503,49.00932614359054,50.140127416224594,50.795510463944055,47.624332963155474,50.8656951172691,50.79724164737431,50.171490175905504,50.53527281350365,50.46577595974811,53.71753199228106,52.40695023095184,51.59132528850699,57.89827791757665,50.44983732155916,49.7258619671418,54.445521082162486,52.04680588924236,53.19933787754676,53.796783128600886,51.955437503965285,50.09648169233872,50.18249218949327,50.53338900014717,54.24925101974349,55.274687273326684,50.252510501259444,51.39757504696643,50.49155790913475,51.09856682582563,50.35687086958676,50.7379163769051,51.792051016386594,52.37875579267011,53.76194103442437,51.82358338066327,52.55717803486525,51.93121986563059,52.78728707347936,50.566256343830936,50.65005556779377,52.03290675231684,54.77363546016366,50.729705348105085,52.617329121539285,50.96579285359138,50.87943025087474,50.469116999749886,52.06707149406538,49.95429986930422,52.25509989257236,51.404669265713586,54.33963756697438,53.088673067046976,52.586424097810784,51.00514229095442,53.15794108573309,51.46786449914989,53.06252084583887,53.43472743501364,53.1321348292904,53.97900655972109,51.92955610314989,51.073128604619995,54.648602487721824,51.949934291491275,50.95442189798567,52.49497404803632,51.11432071958349,53.23248579379472,51.443437375196794,53.97379936359813,53.81022295966305
photo_walking,48.25564658265832,51.18318059734285,51.34393386783577,52.25867602143539,0.0,47.89043371944568,46.94344496687876,49.40527370167411,51.644087299885335,52.21144807832437,51.636620529868374,52.53185416054365,55.92348513844471,48.88140365196059,46.375096960592096,53.15098774571364,47.76063814957285,53.49018640801089,53.98885056271346,51.16883363753764,52.09573803766169,51.62613435236023,50.48171159050447,57.77651269676128,48.440768517117675,50.52616525353665,50.44452813214856,49.502737951232824,45.95187762974615,46.87649674873922,47.796607015432514,48.376422647573364,50.1765977161032,54.309798553460034,49.12186161167608,50.76292884883562,57.56550655963299,47.61394629961987,48.408353469276854,51.58283913773079,48.64145231251523,52.448079374516055,53.24062405240372,51.907154619539824,50.03933560091939,50.54743385877915,49.548476851946724,53.78785998012104,55.67774612513328,47.20946258902398,50.99106568944535,49.50319627871625,47.31684547075307,48.237715236963616,49.205787752790506,48.99604090220995,49.66208369008247,54.33324529843004,49.3768612875499,52.252555522795824,50.1350507333767,50.280731875705584,48.2689508367404,48.334384184959426,49.283371943240816,54.00768602262318,50.69567949819986,52.39557183700591,49.364301238492445,49.99113590727355,49.43526513545728,51.077705452222304,48.607782741668345,51.58304250617134,50.3250709855235,53.61426808068643,52.15667241644582,51.642285144681736,49.93339859689354,52.57065688654368,50.94321758537014,52.14380405399199,52.77788727506558,52.47339762202856,53.339885630019154,50.867885122506,50.36954115847102,54.140302197444704,51.25628189519655,49.76848667120761,51.85901262609673,50.00263680026865,52.0335636436842,50.785116943936494,52.771728580190704,52.369270308231904
photo_standing,48.47228425738674,51.99564110575771,52.42907601190272,52.631738431811506,47.89043371944568,0.0,46.91161203320263,49.89293051389329,52.35793187250648,52.93547809572477,51.893911946840326,53.47900521267442,57.41863709456986,50.28741783715854,47.110103985548584,53.38510732168133,48.85088831262019,53.72522141072755,54.67132916214948,52.29101720582241,53.00939165507421,52.69795559488926,51.09825578173248,58.392439936623035,49.18987803920014,50.91384433644097,51.26482980148035,49.91755529525839,45.276658895865104,44.58834438115166,48.298658723629885,48.78918947575094,50.79933627729387,55.12745009433192,49.12979599028452,51.25275492366344,58.03034275030009,48.32133987406891,48.09669751484434,51.831767734273704,49.918437541463675,53.07987016008863,54.06728501337802,53.022061634831786,49.78795741275571,51.0755151497236,50.337504261768615,53.74426577056705,55.99841600890711,47.94551812520727,51.66161779291032,49.60172968530127,48.132447485888406,47.516339957866045,50.0555062652265,49.36581308218252,49.98734408285803,54.452597990337296,50.16623345286534,52.56582111118381,50.78748590847964,51.21284351783717,48.68675454686802,48.42067152049502,49.552261946148,54.55470050999192,51.2216853447712,53.04746658764061,49.96152728792771,50.29013500479817,50.247726751661084,50.79482845436078,49.356760083490364,51.93547958993187,50.73223140495066,53.948122755030425,52.89568733087737,52.405567838190535,50.48489116641361,53.00129565436684,51.320684566000395,52.81698911336828,52.79492389444538,52.78962902200472,53.85058906087266,50.929836774379645,50.777184293559365,54.53107279172424,51.47742151974004,50.173969828933366,52.23391891296215,50.46333411806396,52.568825350104476,50.97453335054909,53.60550980535994,53.41164813813869
photo_hand,45.197615677915344,48.433114224106,48.69390053721118,49.56589160448977,46.94344496687876,46.91161203320263,0.0,47.25604441144195,49.3237848241857,49.380957690419905,49.07227368405597,49.9052253996829,53.54052718862339,46.33433814916238,43.66241533899605,50.75701145531805,45.7980857098751,51.46374015233947,51.59983631007886,48.993042088680724,49.63651311639363,48.86502228789519,47.86459498509123,55.50199934791886,45.97649715485108,46.74570896558704,48.42893156762846,45.903774587875326,46.08943955203191,44.820294570325295,41.87804148255828,45.85631038927955,47.58767311495669,52.07855051349104,46.42736759508236,47.90274864991967,55.01174708078256,45.41265738694059,45.071408088811445,49.35010507940207,46.42540916595976,50.55145561098211,50.63222698901652,49.781463013146706,47.018333867127815,47.628413319564004,47.08927897726727,50.92726492799526,52.80144519142194,44.622998417481234,48.432465985302116,46.83134533738452,45.50888848595921,45.15783847831454,44.54969211206595,46.24129091706293,46.90713452765907,51.877375125260286,46.82260726689159,49.4463355358428,47.18807776091272,47.79935387341422,45.58328074719049,45.53946618959742,46.96917254481311,51.82869013084837,48.43274525956077,50.134536291070745,46.68622353398404,46.070901145944966,46.85656325336634,47.78580107263318,46.02945496131373,48.77773529352936,47.8643859808398,51.01936388298546,49.93812012773098,49.76126321588449,47.5486351521208,50.357129725525176,48.03788900377676,49.581014364508896,50.04557306670124,49.97546713163683,50.984840094615585,48.42036122817798,47.94668065996311,51.975991671923,48.59564984142522,47.23972397802374,49.528236380575585,47.38157483341038,49.890343166877905,48.10368907951053,50.66190995003882,50.53678605042043
photo_legs,49.22385945286027,52.29864595379047,52.18535881644223,53.15069968524119,49.40527370167411,49.89293051389329,47.25604441144195,0.0,52.85086559282968,53.37429748472535,52.55893669633585,53.419058615180425,57.29073244645154,49.68127549301856,46.380828127867424,53.08852371915652,47.686507358662396,53.48191307223446,55.066798274023455,52.44882927957134,52.97110990967739,53.10202476682476,51.06973050056457,58.58277074184138,49.45418862183998,51.42755631479599,51.45807510151876,50.374928432661,49.45271873484377,48.38464390746009,47.911359026583156,47.15977876320842,50.65530757686917,55.290474136449646,49.88104195678088,51.294703242074455,58.48067687178228,47.914574525655375,48.20034118840666,51.63162875428862,48.977451044355604,52.827028918235364,54.44540963449067,53.01149372091629,50.11365993420211,51.57772052920147,50.077373869661926,54.107277054914405,56.27211863911069,47.00170992365912,51.36360066806236,49.223258998767946,48.22229371082542,47.84965464740151,49.685525850437685,48.51238292811966,49.89863164441944,54.812256511656365,49.5514491913889,52.50268975236786,50.22477624321084,50.325319833875184,48.08397876622112,47.79077129520366,49.33545616979193,54.42769632163036,51.196839465996106,53.368410825269635,49.915161405326586,50.3456441902068,49.48599431676839,51.03920000971971,49.17524766789428,51.85976404499793,50.873821406559934,54.186465833034134,52.970873326717076,52.68544747519829,50.44435339891588,53.12786433160049,51.68092875219319,52.70233792907214,53.204863721357306,52.937213203191504,54.00410296499687,51.061205162302564,50.7299074841144,54.67724516890736,51.84154491598362,49.880560708687256,52.33836397738183,50.54868738150189,52.524773886458924,51.527499344840976,53.90922498065606,52.72894350586192
photo_bird,51.32119262892953,52.61084196010148,51.33999098091636,52.65848099688628,51.644087299885335,52.35793187250648,49.3237848241857,52.85086559282968,0.0,49.95062967887523,50.561817701344566,49.53150288313016,57.40458627320859,50.86721929654135,48.398537277646476,55.1680389852047,49.396102019730066,49.860599314908654,52.118043858451955,49.7419108438484,50.85407325684452,52.27234872405045,49.65843308909613,57.94604616975128,49.11694182778967,50.95571134860521,48.50167708074412,47.82466244340502,50.678349351610535,50.2580083923779,50.00535480384006,50.63980730269863,43.27363762725652,53.48410415893152,51.01891710873308,47.930887120679486,56.81485416602768,49.53104705056562,48.11792652230846,53.51785125886322,50.77121907194772,49.16730886435886,51.43745374355563,49.96149928428274,47.502126962929715,49.110952723301615,47.378452070388526,54.57166123122673,55.60332412134202,48.85014049795583,48.50756291126851,50.356369886001154,50.06995985923537,49.640783574143356,50.68861653023727,50.58635457355056,51.1396203754952,54.03570086771738,50.64240494370099,49.0556794356611,51.37956101672579,51.251042671825516,49.17823252925595,49.2304764592433,51.03032189641107,51.203880182789824,48.110517270322454,50.509062722611176,50.191525402714205,50.97122587300215,48.13547335260576,51.36351807317718,48.2940797015597,51.334157193719804,49.64404511432492,52.06901773023266,50.472247683111966,50.04469072881233,49.23181970362113,50.65427260954663,49.14385408067804,50.45513541879941,51.025237138219964,50.73560261214478,51.733890338105894,50.151852919834674,49.77880873424041,52.30010585449854,49.23655734639694,49.55359111775566,49.9481400025351,49.24474589906636,51.67195724395063,48.64793073153289,51.66061334855742,52.14347286540397
photo_butterfly,51.273466183309445,51.47189318634584,50.02721926384351,51.946318410880075,52.21144807832437,52.93547809572477,49.380957690419905,53.37429748472535,49.95062967887523,0.0,50.926958251383766,51.543471167171255,57.09910635917353,51.71603405769714,48.96009429263533,55.594518021261166,50.176283347501446,52.978939280901,52.343088700552556,50.03235436051551,49.86213910873838,51.463086673531535,49.712809316795486,56.616473766052316,49.87928444637028,49.829899718427235,49.30445779446719,46.63415167158854,50.831242202330145,50.92999967345714,49.44968180098452,50.488873401336875,47.69342989336457,47.03162334269834,51.3047994068491,49.933000649458144,55.097501559059275,50.01417080046615,48.84579611201276,53.640720069588944,51.53312950898786,51.893319924145466,51.75529363426425,49.920839114313615,48.98548511795497,48.17172514998864,48.912910512290104,53.8389421583098,53.66171216932765,49.66431395478357,49.6365123645068,50.127865177468614,50.356879310051454,49.50235982917256,50.73170415094024,51.20595177304593,51.65793289452628,51.77943495296146,50.6914869277596,50.538888198465095,51.02216195738381,51.78029643551017,49.90684071990513,49.92134319418557,51.80879124549595,53.38605788825388,48.995414439700454,50.315708193781404,50.25642540448762,50.61599615545226,49.026445315855426,51.10586168779826,49.02690053288937,51.90499462966414,50.37771542073725,53.10403918678248,52.10733221326368,51.843158101215295,50.230493109386444,52.16736171223144,50.647262607653566,52.186444653401516,52.60575631877403,52.38416497097782,53.08844699220549,51.200453212281566,50.47575495533528,53.508080800697165,50.88216434641343,50.30031585434919,51.75670156866929,50.65294086349169,52.434903446513935,50.637773469491634,53.1383086947549,53.07283927333299
photo_girafe,50.58768815929608,51.93636579779002,51.38651811144615,52.33640567692942,51.636620529868374,51.893911946840326,49.07227368405597,52.55893669633585,50.561817701344566,50.926958251383766,0.0,51.996005986123464,56.70890108656462,51.42653388259164,47.880450482103306,54.52047417606808,49.949678987461255,53.485048852916,52.99876638537436,50.81005938458845,51.42916895427391,51.207779834398885,50.61273948146603,56.363305943407866,49.37269943816651,50.35402676651192,50.43623238512078,49.036422410507335,49.80289633931103,49.73504472434418,48.92911303651816,49.779829448823534,49.53864280652748,52.7708499246433,46.05590327539622,50.15094112294911,56.02333874943101,49.264442106414656,48.630090253121715,52.5365908751656,51.34743450478268,52.679399681236106,53.16854690870976,51.08998134868779,49.38794384284574,49.84410297703086,49.59375965025458,53.296590946928625,54.67027814612616,49.265896312853044,50.95639524943064,50.26330457228936,50.03614283638819,49.18837372736568,50.48416369603902,50.88678540670774,51.29989546601428,54.07786623822833,48.25208408096872,51.674235957558494,50.74863767092454,51.2567964058165,49.49212724477629,49.6584513206646,51.616159442808616,53.96328462512996,50.53284606832247,51.41375509681966,50.13314370812794,50.38626404406954,49.68853657618239,51.67352603703114,49.76034030343012,52.101272658727,51.14881446729462,53.903866402611435,52.68783987740488,52.06480625241874,50.320750053163074,53.00013954152879,51.364021184872634,52.63527867199997,53.050937713301586,52.78215040740723,53.735216117207926,51.65613832242961,50.890082163378466,54.1787066599713,51.64782386095826,50.670568207086276,52.25392802382226,51.083599278038015,52.717482285208135,51.2149903887272,53.55291620923965,53.08695491511321
photo_fish,51.80619202229498,53.069003155206474,51.75761302919076,53.413659652171106,52.53185416054365,53.47900521267442,49.9052253996829,53.419058615180425,49.53150288313016,51.543471167171255,51.996005986123464,0.0,57.52872025399888,51.74121109378334,49.478900131457976,54.36308533587832,49.827153821388826,51.58800139263596,52.794410269679325,49.9946746205889,51.734050919604485,53.26238871805009,49.48645462380469,58.71986346670215,49.70889920079739,51.49981611602213,48.61858162923023,49.146568941908804,51.391619881951016,50.57268946091186,50.13235688011066,51.844708634938996,49.12217107322672,54.420961262553654,51.281993758466974,43.15227398754337,57.25997829050426,50.01233279245896,49.69734183088902,53.13285692182044,50.5849734229613,50.58916600249258,51.15539566701221,50.56834701129852,47.34620581239735,50.437250908163655,47.26129531508368,55.421323657412195,55.79705076068464,49.7058447689366,48.37276453512099,51.28742347724985,50.42269320428853,50.35991226127,50.848382046766694,50.67249692586982,51.844639130177185,54.54051625221325,50.99391421079947,47.37907924537646,51.28843662796015,51.68883979853754,50.19243805213263,49.53125913671613,51.03239759688816,51.84521974808884,49.06899189651377,50.22534689531425,50.79398659909487,51.299751522879454,48.36433133640457,52.549622170077576,48.224787819468126,50.4270243916057,49.72337472396209,52.590579700028876,50.846041012986966,50.096900300497005,49.528099759305924,50.70454453956824,49.47198781764329,50.909657082822406,50.95936169973175,50.75337659431506,51.508001289669615,49.901002754399705,49.620789083904974,52.13947923446451,49.15340349368942,49.37031873797394,49.66043245599712,49.324371228336936,51.29750555248395,49.12128745869186,51.663820134479174,51.6924230444222
photo_cherry,55.416759846190786,57.148595658145666,57.667201838133856,58.45351342793749,55.92348513844471,57.41863709456986,53.54052718862339,57.29073244645154,57.40458627320859,57.09910635917353,56.70890108656462,57.52872025399888,0.0,54.67062450463492,52.58419209373336,56.650580421597425,54.674298240253464,58.96139258265225,59.015488774115454,56.11999866715525,58.00091707763069,56.50443672146672,56.11362864455569,61.57801433015152,54.6647518801531,55.31895388616782,56.76497630875506,55.45721268053984,54.76416716576115,55.581939759414425,54.602737096778405,55.291570878310196,55.838482618179505,58.74254446883387,54.55188488337716,56.151383156970375,54.13242247896728,53.92499120740507,54.24252424964594,55.9568058486402,55.17752213262467,58.167459736194814,58.16349772355424,57.19140073124419,55.77217807406036,56.212327150689354,55.161619666571035,58.41042653718946,59.960733553181136,54.25787829157425,56.64369292969337,55.188561538940625,54.57757727799736,54.67095614871572,54.8406127962508,55.52289670537893,55.576293999049064,59.282068205674825,54.830228757985594,57.43911399354138,54.41011581334369,56.116336149747,54.73378389568809,54.342751389077165,56.37346542915004,59.20263993776123,56.53247698452537,56.99196627470152,54.78621574249556,54.871540082729936,54.59738004138668,56.905869004920646,55.25481592815087,56.99393763337943,56.69467421420491,58.309427220096346,58.149425583705664,57.841278358322754,55.52827460810304,57.99141779538394,56.77986660262067,57.82868119799723,57.84158970196839,57.33891119104897,58.430902797890056,56.77065554919378,56.21942895498615,59.52309026801738,56.95294939266772,55.819470947984215,57.21280879277489,56.19161252886575,57.068301894092606,55.99114036649558,58.408930127569235,58.28192104895482
photo_tree,48.173307638947314,50.81198026168755,51.038729743101136,52.30076162535772,48.88140365196059,50.28741783715854,46.33433814916238,49.68127549301856,50.86721929654135,51.71603405769714,51.42653388259164,51.74121109378334,54.67062450463492,0.0,45.994452116298945,52.054743032487565,47.359726076209355,52.802890568900985,53.41762040351399,50.55103815055585,51.449775054520735,50.656725859734365,48.88242944703443,56.76508748497729,48.27152234032191,49.85089704974668,50.360008905824635,49.14529319004147,48.74631680816825,48.412521242743495,48.00016572769694,48.725804347007916,49.37786310257423,53.78505024609142,49.078519478927866,49.80754538436728,56.312551034344196,45.85381313155467,47.83137773284913,51.1372721381369,48.06105793684547,52.098608874286306,52.49344173686088,51.35837554865443,48.79344085809266,50.06057822503242,48.67094466363761,53.095206816544454,54.93324435526559,47.282014780664184,50.480970973424974,49.085224366891175,48.3020109318598,48.02504024834573,48.38450944396811,48.90551762015017,49.582342427895895,53.506734909063674,49.00664252799944,51.39794845828235,48.88523433687414,48.05304556887146,47.78531437813693,48.41528731022896,48.89928948488261,53.441095690640836,50.06049377284733,51.734223355724964,48.52946404421684,48.75159107544812,48.34143375327003,49.893158955858276,48.417250688162476,51.59489407430213,49.85538668327128,52.863740826748405,51.864185172450036,51.304955261905654,49.64997494948724,51.98822721147348,50.26494008117158,51.7766730764821,51.99534360393508,51.738386126663364,52.68309231907546,50.14362058718033,50.088113346081684,53.561009840775206,50.54550823168421,49.30434996665918,51.18014350672873,49.769905761429904,51.60739845846103,50.26179423940139,52.59528445773407,52.27685271771193
photo_flower,45.454711220540716,49.54004061824486,49.37020378581811,50.038763438047326,46.375096960592096,47.110103985548584,43.66241533899605,46.380828127867424,48.398537277646476,48.96009429263533,47.880450482103306,49.478900131457976,52.58419209373336,45.994452116298945,0.0,46.04882031221739,43.35209688137173,49.7422667287318,51.44557005531628,48.5074814435528,49.62644270049327,49.56761711166488,47.35192390242273,55.25469116490965,46.23410362865347,47.94268492643066,47.632601468732844,46.66136051278256,46.17479631132015,45.3394375912771,43.716418306736884,46.34824791162746,46.08501457898524,51.37175084821309,45.023181198561495,47.504769171940424,54.997593764223886,42.603635460724924,42.21444956349935,44.962409762430326,45.02255253670023,49.20552256603127,51.23474231515572,49.77553647992941,45.697485442356644,48.10438797787994,45.60583793581167,50.36863822521697,52.83593325532954,41.48116015549121,47.3585493548216,44.99590431155657,45.883562165681354,44.58852408106186,44.98730564480828,44.875151559600454,44.083896396025295,50.725705422600605,45.309088546823084,48.8715482432457,46.34577920554543,45.92154854287433,40.56040395514171,40.72730663699263,44.48598095007844,50.23449041916294,47.70197268271921,49.63000523097317,45.04587111112598,46.51119916326519,45.27856354907503,47.97307970606468,44.34139459886127,47.74247591327067,46.39107160915355,49.58718813846523,48.83467110323938,48.257186653021684,46.31983354006661,49.100801863719916,47.4845887663094,48.116134913275616,49.30145263171714,48.83789921015554,49.88509263899486,47.66034007230975,46.16908343619223,50.59716247219539,47.7513458593995,44.873701516027424,48.001942362455175,45.722820308125506,48.48806868298313,46.84466003173897,49.59981102410619,49.235371765841975
photo_carrot,52.461681003639065,55.73413467511255,55.68462229832133,56.326393433756444,53.15098774571364,53.38510732168133,50.75701145531805,53.08852371915652,55.1680389852047,55.594518021261166,54.52047417606808,54.36308533587832,56.650580421597425,52.054743032487565,46.04882031221739,0.0,50.42324827943799,55.54845529985304,57.369381674841996,54.47807951862345,55.81463350872577,56.0012206701736,53.74545454120021,61.195114507359214,51.9474016282677,54.3132847228129,53.594167014502865,53.67211521097375,53.22349723112945,51.693826699287285,51.26697348733811,53.62588396919659,53.38459917696536,57.57151848440821,51.24383856513383,53.14947541293515,58.65097566820721,49.9356956931641,50.779788869743626,38.33033755776742,51.69588717086066,54.8538429165952,56.500868972675335,55.911834679144604,52.50525036402163,54.47379061177813,52.34473903159668,56.96241604275246,59.03489571870395,49.40921243934124,53.397260902217596,52.58099196577686,52.29100393121056,51.425110322045974,51.961104224898406,50.571267301522894,51.33965932991421,57.09200433682656,52.076334185961336,54.622803363401225,51.7433055740185,52.281934740317624,49.51853022453424,46.15914399442228,50.576454057864865,55.690897952369305,54.05757573968347,54.96865132078357,52.10461664420486,53.017805453091384,51.89326435528322,54.8902137125494,51.29362589655683,53.41625499328065,52.59070945305774,55.52002811655148,54.84063398320848,54.26764171667009,52.32717722545377,54.81586200866727,53.309346274051435,54.38451656190275,54.49173488156951,54.544667709401864,55.54408986774565,53.447809186030554,52.55605681430044,55.338812304566524,53.48923394329217,50.86706950756405,53.93930914012017,51.965641234518515,54.27560938099898,53.28368346258565,55.047614931516435,54.27029920244044
photo_watch,46.86554061837953,49.72042168455254,49.37723839541446,50.770045743449664,47.76063814957285,48.85088831262019,45.7980857098751,47.686507358662396,49.396102019730066,50.176283347501446,49.949678987461255,49.827153821388826,54.674298240253464,47.359726076209355,43.35209688137173,50.42324827943799,0.0,50.75731363138322,51.78827564868103,48.228921232960076,49.198470036984354,49.78411026855638,48.149245975431256,55.57909198473622,46.4918807075584,47.78951608168631,47.8255417202397,46.955555600169724,47.25410349958914,46.39585625235362,45.15825708201011,46.99086624585486,47.38601075077764,52.1387990728049,47.404567464115935,47.7997804244538,55.46369086155766,45.00184570734525,45.51382860782104,48.49931389993246,42.41764536231375,49.72103161843781,51.045921408169136,49.635528769557894,46.86964315630474,48.096703867369484,46.709374459601754,51.823443840529535,52.604602980874894,43.41686668810248,47.404915448631535,46.39127804392783,46.48224038751442,45.86170098342089,46.87045714780437,45.8188707752312,47.09425719916242,51.39955823614533,47.517272609850004,49.23856594690503,47.52256898634647,47.68105794944867,44.50788923027526,44.5582100195765,42.380707271740256,50.88693021443326,47.98854633741627,49.88520053280695,47.02812170574699,47.50088602560009,46.75422849276759,48.7121474217917,46.0075664337386,48.827193920311736,47.6473554963842,51.183052349800036,49.763026342679275,49.67772043451183,47.433508607853014,50.06492813376563,48.29731053358581,49.50882921716758,49.875848636717016,50.02763694550465,50.825240328436344,48.034481024144014,48.008854582904625,51.5667537054866,48.54054128485252,46.85517020672868,49.30143881448073,47.06671085350393,49.628341076486315,48.194319898462524,50.564437573589515,49.83737883566834
photo_key,52.68101149051142,54.45774772667296,52.87289132958281,54.6371507930591,53.49018640801089,53.72522141072755,51.46374015233947,53.48191307223446,49.860599314908654,52.978939280901,53.485048852916,51.58800139263596,58.96139258265225,52.802890568900985,49.7422667287318,55.54845529985304,50.75731363138322,0.0,53.72114814986888,51.17305720861437,52.560780737006255,54.20271937789451,50.58950172519952,59.74404051682558,50.97768728898961,53.637237994361286,48.81378188809512,50.370559086258034,52.83828482436712,51.573648482131404,51.63235854454221,52.73645833492659,49.69819011604394,55.6696870512544,52.93714722413543,49.07058254852827,58.21018406557418,51.15472853367998,50.42179040166254,54.59070247181616,52.038353273259766,40.12299108210551,52.60401013284128,51.57144754959668,48.024652150360225,51.07390545083257,47.48121668024738,56.14909448524237,56.83355441168156,50.830560464808514,48.05439862626159,51.592004147218944,51.54077229476737,51.58198227313516,52.392154680754594,52.17261634777165,52.49457200163916,55.1602872488472,52.431237669848095,50.22190071169222,52.79383109172542,52.998079400196175,50.10966929255139,50.6969017625182,51.87229027301325,44.45728110366323,49.26385553993489,51.314033308096846,52.475766018417836,52.717986120133844,49.09449785726392,53.027391261890905,49.159616476537146,51.65616441120699,49.85520102729321,52.37062410298425,51.15819284912014,50.39573061604383,49.808160027371294,50.90495445566493,49.68068414401863,50.76656786962055,51.553174372350576,50.98188502820525,52.03753630925929,50.64664924636898,50.301724104518975,52.509989217523575,49.84777543163114,49.82772757219729,50.55655885870001,49.92253129227253,51.615333726968075,49.43585893226592,52.26331740486162,52.57442025058948
photo_truck,52.818675290076754,53.87811614750993,51.71115048773834,53.9221614955674,53.98885056271346,54.67132916214948,51.59983631007886,55.066798274023455,52.118043858451955,52.343088700552556,52.99876638537436,52.794410269679325,59.015488774115454,53.41762040351399,51.44557005531628,57.369381674841996,51.78827564868103,53.72114814986888,0.0,49.62716555818945,51.93761657587652,52.87622534167498,50.48393789748905,58.307759509101075,50.26851543925537,51.75895055050893,50.14546570569383,49.50981692871604,52.1955577320091,52.01133091047684,50.96571191120315,52.19332021468373,50.18468688657121,54.58656457994297,53.203265571664126,49.95340342586771,57.19894964176248,51.46865324747268,50.373467128345155,55.391452000451324,52.50467894710503,52.249784062866524,44.371076217026115,49.48476116187644,49.60291787495062,49.02987095570713,49.37352825410562,55.56677103281636,56.364481485149575,51.59246330410626,50.64287022463609,52.06603984261727,51.897463682759664,51.61868949582968,52.52394936614364,53.12752470899527,53.49192607667249,54.95949057831595,53.14662063258961,51.18542093618035,53.04813930074768,53.809742590343276,51.814664242606824,51.65332873016223,53.438129892949355,53.79018969318346,45.701178818402674,51.45479202009503,52.5295941677473,51.96315947412616,50.56105686015816,53.85386630000925,50.1700193742435,53.27051268011967,51.643606906142224,54.44735605888704,53.177764784739544,52.647512286866444,51.40124957516144,53.09621554399842,51.64564350725952,52.71159447145122,53.762574798340815,53.110460591044216,54.08479684546485,52.26151704707796,51.67899593553603,54.52860343097693,52.188041641812795,51.0747863095577,52.54671241682182,51.46692515039546,53.626024554207355,51.90319439651126,53.94917914820054,54.084549449921106
photo_velo,50.120829932579966,51.24408513854898,49.42796138853135,51.833516755036186,51.16883363753764,52.29101720582241,48.993042088680724,52.44882927957134,49.7419108438484,50.03235436051551,50.81005938458845,49.9946746205889,56.11999866715525,50.55103815055585,48.5074814435528,54.47807951862345,48.228921232960076,51.17305720861437,49.62716555818945,0.0,49.29216870687452,50.884913052185844,48.41076517422652,56.25662640953028,47.9374031884547,49.22515869191116,47.92176348936869,47.13016841104377,49.78795946728896,49.51366620887373,48.57568604447256,49.83809276553128,48.02514121355345,52.312151853175166,50.208693393445714,47.459794660891575,54.938718848027776,48.59748680719933,47.88068667039139,52.64469262020491,49.44507907040808,49.573465188355996,49.11795699518988,41.52662807072034,47.047958654696835,47.26761548011562,46.677759792781835,52.90007218480371,53.27561122006446,48.3080498708914,48.15129642140601,49.38431443997618,48.80037621333715,49.13108803165915,49.86933911233935,50.347184716836374,50.89032353095022,52.17232554222499,50.05299735868299,48.935077306435126,49.5715274996287,51.05092152511431,48.843842757222546,48.9066113931476,50.420183444594535,51.23659837744527,47.25402192521281,45.16064849488974,49.6765762538093,49.4430007519783,47.517548079305634,51.06972227087665,47.33273215967251,49.91520544570694,48.67128599492554,51.67672470816888,50.7468046904048,50.03461120808441,48.40732075279217,50.7677611516327,49.055457365301834,50.496076024890066,50.82319041201963,50.95653589569927,51.61844134674462,49.08942652334072,48.77773921744905,51.865148026505366,49.06382705936587,48.44234430175228,50.00176841698684,48.70463937585946,50.546919969017594,49.02718882835457,51.53491500017578,51.155692495356824
photo_road,50.690129874791715,51.41249227231635,45.99976171305836,50.30945628330498,52.09573803766169,53.00939165507421,49.63651311639363,52.97110990967739,50.85407325684452,49.86213910873838,51.42916895427391,51.734050919604485,58.00091707763069,51.449775054520735,49.62644270049327,55.81463350872577,49.198470036984354,52.560780737006255,51.93761657587652,49.29216870687452,0.0,50.905650872748566,47.96288334491475,56.409233320105514,48.98813422910867,49.6857910231712,48.909579599891174,47.40853362675185,50.76504534471464,50.68723016985665,49.49256579410457,50.56097612897128,49.36877710030191,52.289767044214216,51.77568023979,49.744800731912086,56.2661460364956,50.179318748837126,48.80641479245993,54.05002605340109,50.907170987691515,51.543371080721,52.05675992318029,49.52103278799813,47.5872370294413,47.76463536077699,48.35257575726143,53.93068714285358,53.506481888886526,49.60150851698676,49.39530375660665,50.1001087898198,50.555754155728344,49.81901648112938,50.89563962688358,51.172804453319905,52.044022635040434,53.1468761559039,51.09957702329557,50.57519148336067,51.07094664022031,52.43911180029576,50.153140443658295,50.312346263760666,51.41260316564238,53.12334908487687,48.68947820756908,50.55854630093539,50.091183673864215,50.34497962221382,49.134619431699946,51.20304765246773,48.75824366169821,51.69699047569079,50.07671058786239,52.890607594242354,51.49616737275474,51.41929483053901,50.04035140237327,51.653321320687525,49.904419190309085,51.487685413559674,52.328409089367504,51.87204316475607,52.75316392159809,50.81321364380068,50.13641092185793,53.269326152811004,50.35306077475683,49.96112548748228,51.2712139156372,50.404501470407965,51.79440664103481,50.53447504341773,52.822549863581195,52.735926229059714
photo_house,50.46052159414681,50.93727006485968,50.98177465013568,51.514297736474425,51.62613435236023,52.69795559488926,48.86502228789519,53.10202476682476,52.27234872405045,51.463086673531535,51.207779834398885,53.26238871805009,56.50443672146672,50.656725859734365,49.56761711166488,56.0012206701736,49.78411026855638,54.20271937789451,52.87622534167498,50.884913052185844,50.905650872748566,0.0,50.33252754968914,55.11983191734314,49.75327785097915,49.382918174018464,51.3205771505723,48.87303891224651,50.17685276604424,50.62836057440034,49.61722468189978,50.021555227373106,50.451852496376986,52.88761530902032,51.45188968247122,51.10429310499899,56.4065592584663,49.532671818474206,49.152352294348646,53.99393329677798,51.42435235060449,53.67468562262036,53.19235280544717,51.42068860932389,50.31213110883448,49.22962293303734,50.59537388336272,53.39986448363912,54.18241569521373,50.04892751734276,51.79847098358768,50.766685303286806,50.49232481308593,49.911800726591906,49.87904638616129,51.68858823111373,52.07734728926748,54.302361578463334,51.4642415896291,52.78321087642532,50.73058707005663,52.1583769327366,50.316403507621786,50.78881037107949,52.07505333682001,55.13121591720394,50.81509370120533,52.54920701186662,50.82843215983905,48.96196512422014,50.822558370113356,51.838557424175754,50.15060162894885,52.935828805464574,51.91628397812485,54.775647660262564,53.63566039539843,53.484929870998265,51.282172784620364,54.046746558174625,52.13732137615272,53.55744578730518,53.99458863159974,53.74776106051021,54.86226907058847,52.32518134874728,51.86177216009201,55.18756005369366,52.661937237228145,51.45740729947586,53.56428957046567,51.54752018856389,53.56585736230714,52.35734798124365,54.57042040586459,54.1211544903283
