,photo_face,photo_profil,photo_eyes,photo_face2,photo_walking,photo_standing,photo_hand,photo_legs,photo_bird,photo_butterfly,photo_girafe,photo_fish,photo_cherry,photo_tree,photo_flower,photo_carrot,photo_watch,photo_key,photo_truck,photo_velo,photo_road,photo_house,photo_mountain,photo_windmill,drawing_face,drawing_profil,drawing_eyes,drawing_face2,drawing_walking,drawing_standing,drawing_hand,drawing_legs,drawing_bird,drawing_butterfly,drawing_girafe,drawing_fish,drawing_cherry,drawing_tree,drawing_flower,drawing_carrot,drawing_watch,drawing_key,drawing_truck,drawing_velo,drawing_road,drawing_house,drawing_mountain,drawing_windmill,geo_face,geo_profil,geo_eyes,geo_face2,geo_walking,geo_standing,geo_hand,geo_legs,geo_bird,geo_butterfly,geo_girafe,geo_fish,geo_cherry,geo_tree,geo_flower,geo_carrot,geo_watch,geo_key,geo_truck,geo_velo,geo_road,geo_house,geo_mountain,geo_windmill,word_face,word_profil,word_eyes,word_face2,word_walking,word_standing,word_hand,word_legs,word_bird,word_butterfly,word_girafe,word_fish,word_cherry,word_tree,word_flower,word_carrot,word_watch,word_key,word_truck,word_velo,word_road,word_house,word_mountain,word_windmill
photo_face,0.0,254.91447503246562,264.0963764015024,266.6500025188576,298.60525349198645,275.95796549555706,294.9598636341372,306.6343400193629,315.91638853006685,337.5203839481854,331.7915865186319,325.8101814218671,320.2833791185391,286.271182632942,295.76547210676284,289.41685463671354,293.6562717418565,341.6024366101688,320.15955241454293,318.08868773807353,324.5665763851847,319.9630422567091,339.0772214848699,358.8607009085006,273.7909313466308,278.6102079216268,302.98398940536606,280.1505628335652,295.19804071480263,283.2993033841646,310.9353959849423,299.3671424563215,300.8119295124959,329.21520559131795,310.2814854330389,301.62299369200383,314.38716243652823,285.65323695367385,296.918654991855,287.9702794664312,311.2365573632766,319.11213911348403,308.2016257013882,311.1901573476462,284.2419612118303,299.457994336696,293.91438430776185,325.3628372794407,294.714561355725,281.62730577873634,294.7152464898101,284.99178735187826,296.8951731198921,287.3711607287171,284.28255075920396,295.0817617758553,293.14995888305043,302.9338317850092,296.77023508688353,309.24745475898646,295.84487226399636,295.21933151345866,298.0706045561484,283.3176906794617,298.4725992906636,310.8012083018475,304.6139016592442,302.5502155940324,297.9644347043944,285.44970615629416,301.5142832919463,317.74146462899097,289.42216005151084,298.480944572747,290.69229700120997,289.42198328541645,300.6892479583768,291.8905056285101,294.7073507374359,289.7037827134799,295.52950171040555,292.39836498053506,292.9528561217372,290.277514897478,306.0684807019764,297.5944306676465,294.1595768796136,296.87407799364667,293.5097610228744,297.2469659648748,295.06483306036034,292.26180978570983,300.32590847633935,291.101468308797,296.8158180164967,291.81263786080166
photo_profil,254.91447503246562,0.0,289.43578501867796,315.55054155316697,302.49011277353316,293.41788498881175,305.23879675533595,322.59929660888986,322.94842591030744,344.78565190795206,335.7208957850035,331.31526532225416,326.62851768708293,301.33533291949135,306.40099278973435,300.3743442267061,301.9839954404559,343.62674580401244,327.36220115448,324.31230970990487,328.0912629949746,319.7559959013157,338.7910984770047,361.27013887127816,298.5700745664448,257.22753038976555,321.0039062628007,307.3253825096099,305.5802036307835,299.4741306291058,322.12105692286514,306.35279976321493,309.6431701174154,335.60776416919373,318.1013522653613,313.16959826999687,322.85586386940906,298.83480873865705,305.3725634543959,300.7322974437256,321.2440037810706,325.02238027336153,318.9544248503307,315.7603948350271,302.33377982873395,311.9281713855906,310.4149952145192,337.8053400947659,310.53964329112955,295.3073676862256,314.00977160165036,309.75549794329515,318.59954399478306,306.0208843818592,301.786918262155,314.287878205111,307.2982411439534,318.62104845886387,306.93824855522297,323.80938336202036,306.55473021407374,313.52699523024694,310.7733500946557,299.60439828982,318.8134158158375,321.85709232900706,321.5290058093697,318.10825958841383,318.69265844447324,304.19076338549075,321.6072776589351,330.1547643750287,307.69407162040307,319.79522033832774,311.1345915242856,308.0578104000191,319.62167295157667,312.18342437289465,314.2579712855534,309.4273165207629,316.35493002021434,311.03075867694577,312.1402313703443,311.5067589036072,324.60923262457675,317.86612898949926,314.9482242422057,314.4023357738143,313.0739660584398,317.83913835126873,314.9737968183036,313.2531990465156,320.9938626854605,311.08980737837567,313.8441610961832,313.6603874098971
photo_eyes,264.0963764015024,289.43578501867796,0.0,302.57883171259505,317.071010390337,303.8651948980774,303.1183293798609,329.4870224385347,320.2597769129717,343.01523271849874,339.7984150276726,329.2028231278436,327.69760576903303,305.77428482396215,301.0289406487179,303.48327664276553,307.5603019458175,342.196561734935,328.55992895388187,327.5067769043837,317.0110939322647,318.2088835555554,340.45096086508266,361.1810521920509,303.3219497825662,301.6365510675628,288.0614244154985,293.29052528792016,315.4654922798354,302.26047470120926,317.7937004516917,315.6363864941965,309.3584874758164,335.33682218441817,325.3240340288953,312.9694570633537,320.55714171241533,306.39069040842367,309.2393668823682,303.77605051439974,321.14004806611405,322.8855587853178,316.7684968266807,318.38926068346007,292.63283393636954,308.969555430231,306.9702086332254,339.75355387056334,310.65393827827535,299.0818934340553,307.3684741271823,302.1986336428462,318.71300690170193,306.0533242767062,305.8567900568135,315.9164891874224,309.4074237252811,320.40724308769705,315.67121678126614,321.049585446345,312.6418120518364,315.0409718691773,315.46781380138344,301.26126330147366,319.5377859281657,319.5669052962094,320.561241633377,313.0421321172074,319.0988193107996,303.31866056442226,320.79734773682566,334.61413956372826,304.7786620687347,313.0098055767811,304.4741808342812,304.8385762265638,316.3012553387151,306.98289060200864,310.5582403599462,306.18610768916255,311.9658981577694,307.28137586992915,308.0670199702469,306.67801884699065,322.03336650498716,313.22501863682425,310.63179808869194,311.40775848992206,307.0077092535107,313.7757521829348,311.5544765831698,308.6651935891555,316.0941876318816,308.0652588308472,311.5578479224318,306.8448267944994
photo_face2,266.6500025188576,315.55054155316697,302.57883171259505,0.0,343.5882075549104,328.25568250399147,338.1371538111518,352.24076069641075,349.16235867195076,373.49326919486754,364.05070113488404,358.76007545469935,359.1430634105268,335.3682266040605,334.6549398584077,334.67522778305073,337.3262890319719,372.93583871541,354.3845667765648,357.1014571140129,352.1689171816549,351.5524431785019,372.41686484619714,388.4185073892475,322.2587814835878,331.2382662534422,349.9788833746196,315.4546356324653,346.1996721886886,332.02549676415276,350.12364544244156,344.3349919033313,341.26391257056565,365.3702527938218,351.96548016319093,348.65583915504004,354.7221573262247,339.43618512353606,338.079110810649,335.40582519190474,351.80012643439284,357.7742525834342,349.3403487141862,351.0960571472532,332.11147486216925,340.983387047391,342.64076199460186,369.83937735552274,340.612315382849,332.7325199767445,344.99531565763743,330.1188346618851,346.43095313562065,335.5846715468972,335.385409249273,344.8962489990732,340.8382536320767,350.4581378679491,343.4671243552548,354.3478434833877,345.04314135655534,345.8869383145869,345.3149182774686,330.5481675446714,348.9839409280009,354.57510391197656,348.62136391483574,346.33916143116386,346.3041156152774,336.6752807986524,350.90729716245653,362.91293270326446,340.1536074818475,347.8025446844089,341.02690102294576,338.7147360329292,347.9059368821913,342.00100738289933,344.8374558415871,338.73429458781686,344.70752195563017,338.10323790355125,343.1679506166454,339.3999804255532,353.2378499390213,347.24206674486595,344.3788174289425,343.9975924893182,342.3428796934474,346.70793020529516,344.61805345628517,343.3944238467965,349.6954602182162,341.4002342477617,343.6779330678484,341.91429713333963
photo_walking,298.60525349198645,302.49011277353316,317.071010390337,343.5882075549104,0.0,276.9706741730171,305.5453253942892,301.45680950687307,328.37785568927364,348.3501027418584,334.7934689881986,337.54871983860323,329.28170019515005,302.75611202722706,303.203823734151,301.87864906797347,307.69588255213506,350.7497420559141,327.17597932631594,308.4372032214222,330.3234520803246,320.21641286601636,337.5720893502218,355.3916834463229,309.17514529886796,297.5586821190511,331.4788772161929,320.0571615790776,245.84689179044108,286.3446099549124,314.1208421734198,293.88182292178556,313.14031572750724,336.46403531919947,314.76639374441646,312.1975267258968,321.90488285189,298.16517455600945,304.49370683538194,298.4518106132316,313.6065216947492,328.1219951443317,313.968361746927,305.68979710929506,297.88470221800895,308.58331341182526,306.29154142265554,335.1842847433837,317.9548430870202,287.84202380265015,312.24932338661125,309.3833436168498,303.0598196328232,299.60654013641897,299.75663664684674,306.9510824324981,300.15680936529196,317.2669421174237,301.1727413504189,320.3425418985419,308.76354233414,305.38665344065765,310.27050595725655,296.81975147541567,308.0670612675134,324.0071184986405,317.44628886731465,308.8191904954149,313.88595270109437,301.7408166357981,318.0418801434931,332.06354590252425,301.1222221936042,310.51690730866767,304.4418654650564,304.2141193886522,314.42310575172525,307.32515058864726,309.26445692537413,305.7828154221872,310.33262021182617,306.288099695321,307.6244561876884,304.11451434327705,320.2916706495622,310.5884062081906,307.8714677683921,311.6538367725896,307.72593970688,310.1770460660543,310.93811256202156,306.1961498325861,313.5761847717502,306.87238235779984,310.5612227230085,306.5051808783411
photo_standing,275.95796549555706,293.41788498881175,303.8651948980774,328.25568250399147,276.9706741730171,0.0,286.9299917826575,293.8582904769885,308.5899320489335,333.3251859909524,321.68416111764896,320.61458894922373,314.58112209809013,286.46521207018077,278.9099977048042,275.92814723048855,284.2822492824032,337.77025028067715,310.3023912870323,304.0678714509844,314.89857875472586,308.7801076627828,335.11718434252595,350.18521308891417,283.0083547283272,283.64885913947444,309.92103727180626,290.79343099025783,265.8036677874897,234.13187837141604,282.6032697771671,278.586448104784,288.31050161041634,319.208105421529,296.30091605744224,295.23145450122433,303.87361305507295,277.37134684716943,279.7062447146089,266.1782641603579,299.02094113901,313.56304328280663,295.09444970513783,297.29866741173294,271.56740314114705,286.6502515524058,288.77228216427176,319.33428539640545,294.7174156695446,263.457698815239,290.2782807059856,278.6272502858276,275.3754414712264,268.0194390260317,274.4021173855165,280.6533077007629,274.97445547560795,296.06015864044133,279.6323693721506,304.6597629193985,285.0046648698732,286.94459951943736,284.8968875696563,263.02685736566843,285.9605653443195,305.77852106542923,296.86353364807263,291.13495639366107,287.05191874116537,279.50046677420306,300.03168954778147,309.5338541463246,278.40539286535795,286.66491844521863,282.7524349516842,280.55574700212827,294.66324828923456,284.5172199033919,285.5894158458371,281.60656788019344,287.42214559326453,282.94686121941095,282.8917834545691,280.71239716471655,298.3498588265212,288.7830100827885,285.4530535099505,289.61834249454614,286.12423916522835,287.3323203356974,288.10668026053406,282.8404194070024,290.8113565544494,282.8059404372118,288.5576035335919,283.2265024509137
photo_hand,294.9598636341372,305.23879675533595,303.1183293798609,338.1371538111518,305.5453253942892,286.9299917826575,0.0,305.4184046349516,321.3965727310114,336.3578792184815,334.81829413319673,332.1772585970514,323.04864687704253,297.40033215216135,297.26444473485225,293.8502425392552,302.2589769510196,348.74310062440907,327.4723182402436,321.7140601204509,329.90974617886394,319.19774205952433,343.4963794951917,361.80770031203764,301.03514610870224,296.33920027929446,322.35362869965945,311.00407003556535,308.1870545364319,289.3249000734224,244.20209565401404,299.0458564467434,307.12687656121443,329.8206982117683,316.5358345023043,308.65720906659817,317.15812077288115,296.6131405967029,298.16494489606316,292.53061573003566,309.0497684530599,326.6810866380545,312.802405631163,317.5803032012773,292.9055328089833,308.3331595144625,305.13654245805407,332.44276843622,308.82655418954516,290.00191487573807,308.76562384771495,304.13806579914706,308.69286671940944,297.0882522087166,270.9917735456133,303.64885145865685,303.80267925629465,315.01208853378387,304.5184356833702,320.35105597746883,306.66455128413827,301.942982688795,306.0303015723066,294.58966015353093,309.6386538785887,322.573028519938,319.84793367347703,310.131702919896,311.7291459676567,302.5029403319301,315.92959922912956,327.14105475201285,303.394287471575,310.48653003568705,304.381794839021,302.79395075084136,315.2532209109677,307.0823897296151,307.4916252877614,306.219951248652,310.2728753695635,305.1425755178462,306.05700537759895,303.89741999631957,319.4178986132123,311.1707436247172,307.2632048628837,310.3569248799867,306.77823358425775,309.93399775775885,310.21393897146424,306.57467031710377,312.39557763502484,305.0225992117629,310.5988973693425,305.34458944339394
photo_legs,306.6343400193629,322.59929660888986,329.4870224385347,352.24076069641075,301.45680950687307,293.8582904769885,305.4184046349516,0.0,331.1139380608504,354.8959757661256,344.62831647954056,341.7924880216636,336.5089368300344,311.9610515146423,311.08865800474825,304.9467046247304,315.1750291032756,362.05756565847554,337.9119635253002,327.68598527017167,342.175368680491,337.2143307664447,358.4477564606949,369.8595615524167,309.0007469064214,320.12682604073495,336.67282607176935,329.3171847684968,313.66928532911817,306.22604406873086,325.79096912064,276.1900015663473,320.09514716283115,343.36022796957843,327.1360714410008,324.5185551992141,330.6446744808213,313.35656162958463,315.5051404609323,307.86650527325946,330.37627680772005,343.7835699073425,328.31271100469166,326.2570349464584,314.27244577147593,322.42468087625934,324.4739252546692,345.07956715777823,324.67685007982953,304.3534645228943,326.3489598775453,318.75884501125796,321.0261431771345,309.66751642275136,311.221973504906,313.0451894952933,311.58016335814403,325.2814404812753,317.5423460101855,337.6097540497385,317.69162946332307,318.45450048476863,320.9587610752232,304.75417262875345,323.98723335747917,337.55962199723103,333.577513121104,320.1636179049306,323.6307971924095,318.45003456637517,332.24428973384073,341.79378064517454,313.3053793648029,323.3213720407922,316.6306834241217,317.7689255610465,328.0448786431573,320.57963751240896,321.6878298462305,318.6967380410138,323.2920380471248,318.9521013090334,319.95965862469114,318.5859863962648,332.5517437956292,323.61996667631865,321.06163127576525,324.0563771752565,320.8454848961587,324.16032173209777,323.63117407578795,317.3470383668626,326.8764055325262,320.0073153736517,324.5205256649918,319.8650542997375
photo_bird,315.91638853006685,322.94842591030744,320.2597769129717,349.16235867195076,328.37785568927364,308.5899320489335,321.3965727310114,331.1139380608504,0.0,343.3874830294924,327.8726257557311,317.02806282424365,334.9329330104376,309.6419869313054,298.6825326543774,304.0962296591522,306.41025451375094,343.709083257728,324.5852007291933,327.9867615209854,324.941508618207,325.50615008216937,350.6063143621023,357.805237686363,327.9796538511401,329.7931907119645,340.7253136390981,335.5274131537434,330.654392051203,316.9981276984981,329.43316581019496,331.4748594252572,262.3194685227681,343.38580928068774,324.31787331096854,312.0001575101602,329.16120523534914,319.64111574860874,315.90417898996765,311.8742136157467,327.90591637731995,330.9402623289937,323.81278300074865,322.13246443870486,311.2254349731126,326.6843391685849,327.5659566247239,345.0347236408328,323.1146490849523,313.1780112371471,328.0381829859247,327.0468473653022,332.81953874948755,319.48251714048257,320.082918733761,332.256365588763,318.83978283483117,335.92705478411415,324.87939239454624,331.62872960459646,323.5974465627622,331.93712469177905,327.2686296579449,311.48174212234244,333.63471184299203,333.2263932243209,336.85389874968234,324.07378053911,335.4448582512283,325.76323490472515,341.0084377529067,343.752533387953,316.75528502993285,328.12948805986343,319.0147096759112,319.2272449139383,329.4326571490618,321.7945875934363,324.929929637392,318.6265503762779,325.67215147047756,319.8716384247116,322.8096695941413,320.4413119275886,334.56621985453484,328.4837843688741,323.41457964351986,326.2424828649742,322.77602129064303,326.35111940818825,327.02958191046395,321.9887048763026,332.4985745749426,322.1121525609765,324.7737015037884,322.79248096700303
photo_butterfly,337.5203839481854,344.78565190795206,343.01523271849874,373.49326919486754,348.3501027418584,333.3251859909524,336.3578792184815,354.8959757661256,343.3874830294924,0.0,352.813942273495,344.0373530933276,351.65591682351595,332.1790679695379,328.36161592900487,331.7202355691624,330.3768931114484,370.778353080214,350.6690151774999,345.20373758348444,351.3533703881603,351.47605542899413,364.7931401317929,377.7131413691003,345.9399644189781,348.9999812892586,358.44866465644407,355.78835751392484,350.41368232043504,337.5842281486906,349.51329207364495,352.1118319556653,333.88367704355625,198.82776799165248,348.63563522933424,336.8552357741822,348.99271907419745,344.31131372807437,336.2721174310657,335.82428514212637,351.5634908870765,356.905248163311,346.20874369272485,340.3409587214927,334.82693186910956,346.1696273746993,353.28727819879794,364.1547916228223,346.7897384630627,335.5698378491717,346.99205783535353,345.2322105901123,353.2806953821703,337.1620061446839,337.6890369796127,345.0589747838765,340.3243599788918,346.89042996093144,345.3782372448932,351.90537526468273,343.7045815516404,347.57666423224384,344.88333283978415,334.04442456352456,353.5721278299548,357.3577583154097,356.45280499954237,340.9164020859854,352.9708331688524,347.8553834015787,360.5057383273869,358.52487882394064,340.98418048540003,351.3900029131939,343.8787496307592,342.5509165755113,351.11398925651673,345.7902228249893,346.98708516250923,344.77783431375553,348.1329220260693,342.33831109423556,346.778367888609,345.0569802348093,353.59417643229193,350.9773669416049,347.4451565637501,347.2074958278149,344.28735558749446,348.4756877756342,348.7905504660227,346.0178265827093,353.7958672129445,344.38920626487663,347.76195773348917,345.6826862460809
photo_girafe,331.7915865186319,335.7208957850035,339.7984150276726,364.05070113488404,334.7934689881986,321.68416111764896,334.81829413319673,344.62831647954056,327.8726257557311,352.813942273495,0.0,338.55063529816215,346.74416090860495,326.999553557479,314.75013147755857,320.21079343046097,323.8386826375714,365.4507426263429,336.94795714243867,329.2435552201617,336.4854306701908,337.08856910816485,355.262950679435,366.94995406757704,343.4278715581572,342.38848291976507,359.17181909919634,351.97161143168495,339.17159843737886,327.18436100056044,342.09003123167014,338.2732084006991,318.4416391593098,355.5601967348623,235.84076775909753,330.85149894852236,345.5987899166312,338.2135156791213,330.65141598615395,325.1758849470234,342.1603142526073,351.8577623994725,337.1033485415027,327.2471257326061,330.13133745135127,337.0070854358355,344.0288684020055,353.9702560495343,344.3491986447597,331.1586567102473,344.80531579133816,343.28595690201706,344.8842480939638,329.97972507256844,332.94809509651117,340.79858243758775,332.5463677196877,348.5344410592764,305.8770134103194,350.80984508456606,339.4910612406341,344.21618737908256,338.7013356372888,325.94983431091424,347.4027185397756,352.72406052170504,348.7681644549317,335.37820079906,347.8309834466691,337.938999493431,353.1549595145914,353.0026611409386,338.0149263637016,347.9882116269867,340.1712247366226,338.159093969802,346.70180771389084,341.05200541297535,343.75061914035194,338.33393156204284,344.5520071632265,337.4399676942559,342.40794146014565,339.937337094799,351.66213888468815,346.53143528286887,343.88747946984955,343.31715797512345,340.9048971253717,345.8098150645617,344.1183150734826,341.7242976820646,348.919597846911,340.25779113037396,342.0695298953618,341.6970239721364
photo_fish,325.8101814218671,331.31526532225416,329.2028231278436,358.76007545469935,337.54871983860323,320.61458894922373,332.1772585970514,341.7924880216636,317.02806282424365,344.0373530933276,338.55063529816215,0.0,343.47659728663297,322.22411096488554,309.41800674713863,311.18984202900697,315.0790028748359,357.36874141117096,335.6199496183169,331.7097947834988,338.18759574169013,335.2842405546323,356.14013927943694,364.0281582348193,335.03597442198355,340.6790777521117,346.81432500441093,345.0161074971814,341.33988619994165,323.5520788507216,340.18662032933156,341.51907769390385,315.70438710659585,346.04310627554656,333.96269414326395,255.42181324701647,338.3091850758038,329.4061148063493,325.65871748245064,321.82217339394157,335.7671712888557,344.54962421931776,332.99899212477374,327.3894937417194,320.6389869319704,334.98556080936146,335.79535130375575,351.2097514861241,337.6419351669924,321.4326039173691,333.9182572400913,335.4311713705625,343.68025670704316,327.04900127531926,327.13335957072985,341.5937130257793,329.77434264330594,343.8263750719502,337.24913180773723,336.4519910762604,336.9523194216459,339.35170244966884,335.25130201688694,322.8048180347414,345.33548684321164,347.95642573096876,345.8140937783879,329.1662190679563,345.3140441110624,336.7550304987836,346.48358760448906,351.1696737581023,327.4936326913389,338.95291935541286,330.5710082055133,327.0261390449791,337.4760748088345,332.30312420604247,333.954678994341,329.19395230825097,333.8548815308601,328.3022413570156,332.3510034380621,330.7886612740668,341.3626013896043,336.76917552415097,332.96497780718835,333.309212465397,331.61932243497023,335.9154515508683,334.23060513405994,331.53490539380294,339.7570661555527,330.85181483232077,332.5972790996125,332.3002496020702
photo_cherry,320.2833791185391,326.62851768708293,327.69760576903303,359.1430634105268,329.28170019515005,314.58112209809013,323.04864687704253,336.5089368300344,334.9329330104376,351.65591682351595,346.74416090860495,343.47659728663297,0.0,311.9473775442574,312.8971517819068,298.0299137425798,319.8535825839596,349.93355537961264,338.92463721624534,329.88291793206076,343.8058515703398,334.017912673191,346.60484603895134,373.20478456742444,328.8234559083783,331.44492227089603,343.58752258673627,340.7511669363994,328.97636098330827,319.00026274289854,332.106683382009,333.6522254551181,326.1499261362263,345.1595014716091,329.6010918705693,326.77270378557006,228.86232940433493,320.8541420001612,314.63633660222825,300.2225372697936,336.78641584109965,335.1864375757454,325.89132351207826,327.26456164078996,323.7255195848896,326.69486142428536,329.6095075084027,347.98973331235976,328.6042008196932,317.54503643844674,328.0799484215483,327.589896362695,328.45914638709473,319.91079713209194,317.8032198256096,331.897960801984,317.57735926911585,330.6690859840352,325.5970720573895,334.84023729221815,290.52067726385053,331.3200804432873,327.6443699186725,316.81236563159615,331.8936302044132,333.30178108638256,335.5348043346555,324.94049529055525,334.7612591683245,322.9016186503093,340.7645320275409,344.47008193292106,326.91943354317135,332.75386600020704,326.57870386351686,323.93819493288896,334.57153949181674,329.19066743482045,329.54617569364393,327.74190718374183,330.4106250401849,326.80992929610653,328.5269134219973,328.47232766088877,337.5914644516657,332.7668615383213,330.5695509639773,330.2517568429796,327.6130316115034,332.5050088217676,331.824103838457,328.4257914597651,333.8207398788359,327.17481565991693,330.65701466355716,326.533701405485
photo_tree,286.271182632942,301.33533291949135,305.77428482396215,335.3682266040605,302.75611202722706,286.46521207018077,297.40033215216135,311.9610515146423,309.6419869313054,332.1790679695379,326.999553557479,322.22411096488554,311.9473775442574,0.0,285.968578845304,283.4591073810838,291.98457054130114,336.06526063635204,321.6735837108558,315.4925065139058,322.14887387882527,311.5373027461006,330.5722077264187,351.20347909298016,299.14217771774145,307.32264518152044,318.2053211017388,312.5432698004794,307.1573334199434,292.3134196080973,311.2598512837817,308.405955879507,295.3697359836226,323.5034766972993,305.743270856164,299.21465765983044,307.1009476172768,237.23228748746507,292.3299757874833,283.25700172718905,313.583008264839,316.6045757622851,305.6586916403557,307.52710686993447,286.3882994892448,299.3301180853009,286.0991420651711,325.0177861089028,307.08927544015256,284.25573861062173,303.802554925728,302.42797771437273,306.61792717462055,294.34834230435246,289.55930800954536,299.9474220490452,294.15459053977867,303.3473904451962,300.4630364554727,312.7172226134076,295.51691770930313,293.8467054603718,298.57309174070826,282.63953049241354,302.62178887480337,314.56157278855824,312.9146675870219,304.45729592093846,298.93375547980173,292.0457399914594,304.56993256104664,320.76659289467347,296.7900737000337,306.9110102421082,298.93740948260046,299.0037316295038,309.5981943655555,301.925307712505,304.256235121222,300.0803979490986,306.0752197898264,300.7802291476427,302.2425332477389,300.3113875492235,314.6482962580312,307.16623571808884,303.2045508708477,305.92204548378714,302.2907105327723,305.7031227134259,305.8685577734444,301.68178998905404,308.7521776295339,301.229389625216,306.2804138708714,301.31062896511696
photo_flower,295.76547210676284,306.40099278973435,301.0289406487179,334.6549398584077,303.203823734151,278.9099977048042,297.26444473485225,311.08865800474825,298.6825326543774,328.36161592900487,314.75013147755857,309.41800674713863,312.8971517819068,285.968578845304,0.0,271.5330202010721,288.054442477529,328.7569564357383,316.0527214014121,310.44181007297595,311.71915635925785,307.2119337998797,333.5846396615248,343.57906084327334,295.94136224050504,305.9131538768294,315.3169044664695,307.7808504608468,302.7328947486114,280.21253604293867,290.6462558981793,303.252065808731,286.0342880109856,316.63316648453366,299.0508431193021,295.71349603079847,303.31865979299494,281.53341076072644,234.4963285321479,269.16633546269037,298.51091075320915,308.9313877373784,305.9342767183513,303.91703322179757,281.4994702299322,301.1507192347649,299.98393212574814,324.94855332640657,303.3733830653429,274.1909198177989,298.6967236967897,295.72239037302427,304.00192195989155,283.55649115220217,292.05732095963674,299.6626449770311,279.99814754292186,309.64328289692094,289.56770807942564,306.2483647452951,295.76835928382695,295.5888653554444,273.52043663444965,262.8604355870804,300.45022238313226,308.55129757672455,314.0628087447876,300.337758551244,300.93143250330104,299.8695257671233,310.72893363406126,318.8232678346435,287.81285093677377,299.54916485606316,292.18113645524613,291.5514798773356,303.8603078690168,295.9841434501368,295.15760937249354,293.1795509434473,297.31290723712914,292.4183466371177,294.7311012931845,292.7805878022544,308.4418271351472,299.5231811860472,295.3536328009749,299.169448068095,295.6249214004217,297.0879777592661,300.1664717169551,293.9997378336896,303.1382362582762,293.9005931191372,299.28172145760936,293.18118169936383
photo_carrot,289.41685463671354,300.3743442267061,303.48327664276553,334.67522778305073,301.87864906797347,275.92814723048855,293.8502425392552,304.9467046247304,304.0962296591522,331.7202355691624,320.21079343046097,311.18984202900697,298.0299137425798,283.4591073810838,271.5330202010721,0.0,278.9600643148353,327.2667898703184,313.99208085017176,307.5127356630839,313.7363626683099,308.8462944013236,330.2007313278217,346.2107412282667,303.8309229090786,305.3069335558917,319.5357702659612,309.6958805562299,304.45173111145834,282.0634252823984,303.29940441942455,305.4701577861092,289.8129311944524,323.4849898441264,303.65031761430373,295.34746013288293,293.08223337756493,282.8418583940256,287.6219736584111,158.0653941089489,302.85758757187904,310.9693656951491,307.20137425806786,302.2947718383988,286.7700093826082,300.7289976247331,300.2167763813022,322.46179101005526,302.01586706914384,279.77896474922886,302.97734374870515,292.9524665824949,300.04851691356765,282.32144110942784,283.7423037450732,297.21473603816395,287.6853545569583,304.46199111452324,296.9150513478622,308.9475850795152,290.98648584643365,292.9005416195466,293.33005621635533,268.85257699534844,299.81448404820736,309.79300512184153,312.7963423731163,296.55543688946256,300.1110183153607,294.09792019161125,309.3361552993893,317.62553509696346,297.1985168988813,307.3040742544938,298.4704961228855,296.90101102002757,311.7844249051252,302.6766257282687,303.3368208907478,300.34450757731764,305.3136547932492,300.243923436909,301.92587409662485,299.41488153045015,314.84702160387627,307.92370445223577,303.2694148544651,305.9659197391382,302.46104764965213,305.22290452124565,306.1268960195773,300.9505224125823,308.21074843942654,300.4974040291739,304.02381328437394,300.5734492730016
photo_watch,293.6562717418565,301.9839954404559,307.5603019458175,337.3262890319719,307.69588255213506,284.2822492824032,302.2589769510196,315.1750291032756,306.41025451375094,330.3768931114484,323.8386826375714,315.0790028748359,319.8535825839596,291.98457054130114,288.054442477529,278.9600643148353,0.0,332.6455702299488,316.8285102737215,313.23617997170356,316.3260956379459,308.4734192363396,334.96160396738816,348.9486164699432,302.06581022611886,309.16367020892284,320.61585264253404,312.6524840871189,305.70552433073067,292.91854504198784,311.3672005780998,312.9939374248426,294.66142411974454,323.5634996997074,307.9905881289146,305.58937690014506,312.58644506468875,293.8636672618868,296.4000002452947,282.47145783529976,198.73427491730803,316.8726897854511,310.41094951974355,305.89021545574883,291.37662522909636,305.6442734982349,304.37681407632334,324.71170153015123,307.6044906510421,286.82549787534447,307.03994399597593,300.4550250158662,305.31006014492857,294.1573469110264,290.86749384611517,305.04213558079385,295.6552553355354,307.0880820179616,298.8593199518717,318.2050851923242,298.4576284656926,300.744727854735,301.38789248524404,281.8551727390643,283.10872046891245,314.02858966387066,317.6661709421831,302.2261566576228,309.2145901492942,302.4879494792863,314.89479495768836,316.9863928894082,296.3264611117701,310.2685665735473,301.02757450922394,300.67568767071435,312.5326355274198,304.6351858591764,305.6104160714975,301.80003432584436,308.2076402875043,302.1769305562326,305.61207315334946,303.25706800615177,316.86676441860345,310.7199679803368,304.88633688193175,307.48901585141766,304.78823517039115,306.7026442573206,309.5263912053279,303.89256607545565,313.1896557455193,304.1361003876545,307.7150362484996,303.38687746980867
photo_key,341.6024366101688,343.62674580401244,342.196561734935,372.93583871541,350.7497420559141,337.77025028067715,348.74310062440907,362.05756565847554,343.709083257728,370.778353080214,365.4507426263429,357.36874141117096,349.93355537961264,336.06526063635204,328.7569564357383,327.2667898703184,332.6455702299488,0.0,348.2383933499975,351.18676171034906,356.63791171728997,350.1064065802275,368.66376126489735,385.6562628622989,348.4057436571855,347.9091997304209,352.03439667549776,353.35635030288444,350.211554057001,335.65338443326755,350.53741690526795,350.59431286580593,338.59426280512236,360.4444559696171,355.086701910189,342.9208075974568,346.23216836462524,336.71029786804365,333.67537800171544,329.66499286347977,351.288835380932,185.22583414601436,337.1421741176333,343.3613545671229,328.566780782972,335.9344779077785,341.4896718972444,364.1500150239724,344.7609684092458,326.2237632173273,337.9876602317875,342.65751854344575,345.3693171151077,333.86164263563586,334.0625140394711,343.5322792088024,332.995135309199,340.8387790425956,343.37004490089475,341.0373313844139,331.74948853781,338.6541296169488,334.04774354611385,330.04636132363015,346.20852566029265,250.3059883959533,344.207093257297,337.4097868205454,347.8188823846787,336.6083305425466,355.0603803845967,359.00282009955504,330.8433639940635,340.6825150511686,333.09089148467336,337.93022383909937,341.0990062517729,335.7638643345509,340.24339347502473,335.0060215702277,338.9260997382326,333.34929455138064,338.7778671318483,336.75092099524335,349.4372087666386,342.1171710043551,337.4615108206745,340.23695412839095,335.8585957360875,341.5379692842087,342.88021503329065,336.69872888268895,347.35787254195776,339.50608669779615,340.35575258501535,338.3184547322568
photo_truck,320.15955241454293,327.36220115448,328.55992895388187,354.3845667765648,327.17597932631594,310.3023912870323,327.4723182402436,337.9119635253002,324.5852007291933,350.6690151774999,336.94795714243867,335.6199496183169,338.92463721624534,321.6735837108558,316.0527214014121,313.99208085017176,316.8285102737215,348.2383933499975,0.0,323.95999931796825,329.91294787594103,330.14657707579846,351.92081346071456,366.7885241719041,320.9377422358771,325.4439428535642,339.9346518814146,331.1274686197801,328.28417854026407,313.2046819951541,331.08354558914453,331.6943561721961,310.2971802113298,340.33091701191984,327.9504431509606,314.3602556659013,323.50742065762483,322.80955479068297,320.59821332516276,313.3256313806751,334.408547791447,328.54151775618556,229.23743161666292,318.1992391891323,311.91311152263467,310.39132827936913,319.2054902908163,344.195406412325,324.76620875253263,318.3598438123378,328.45021337484576,328.242858407571,328.4644234539945,318.6895031143909,315.88363771122386,331.5169975041506,322.93968077208854,330.60550175928523,323.2570194153782,330.0037949598115,322.54612842213277,330.9315273564963,329.58242452534853,314.082557392002,331.12260992158394,328.6850870832278,291.41548004341325,313.54387159776314,327.8409943284978,319.6402077723394,337.251205054702,344.862398576462,323.42452909981733,331.9460913331671,324.4976351655356,321.4792951494099,333.44725518945495,325.1628921053582,330.0587587066838,323.45628666782926,329.0769072557129,323.3002427128488,326.13479754625365,322.65358218368965,337.11581410190996,332.1802465490624,329.6627644839109,327.9435840891389,325.7736513355254,331.1513241203735,328.55814072614294,326.5710255923834,333.70068701544864,324.9772611646483,326.7556419174271,326.24760886965294
photo_velo,318.08868773807353,324.31230970990487,327.5067769043837,357.1014571140129,308.4372032214222,304.0678714509844,321.7140601204509,327.68598527017167,327.9867615209854,345.20373758348444,329.2435552201617,331.7097947834988,329.88291793206076,315.4925065139058,310.44181007297595,307.5127356630839,313.23617997170356,351.18676171034906,323.95999931796825,0.0,335.0333342499253,332.795030465237,348.5138420315442,364.76896828150007,321.49751040756985,320.24111046400856,335.38158506101735,330.66848939876417,313.64541807840624,312.06281373042486,330.01384391911716,319.409280109366,309.87151315800077,333.19840916888757,319.3452624891859,307.8133398397113,319.57895970706716,317.6579210171417,315.38554341015106,308.0243150272543,322.3096839562452,328.7388807092611,314.73877897844983,146.8316915852583,308.1440310106099,310.06326556058633,317.9517165417519,338.89188788710464,323.59934830297146,311.3297024431625,322.507440078646,323.9660985079339,325.24120650883214,313.42484078951895,314.6161566031366,324.85918197488525,315.8374583183209,323.12849313213786,317.9830820575121,327.3990873100145,312.5117964057795,319.07855556123985,321.5929202012138,310.92104721942394,326.50238416533426,328.05835278912815,322.8411962785091,237.44257301868882,328.43517917573917,320.0589832956347,329.19739770973916,339.0851226408937,320.09188973746853,328.4440803071662,321.359464955235,318.79090112665216,329.71340881215843,321.4612268719826,327.55870507347777,321.79764174664143,326.24412012596804,320.29245877737617,322.71962942593683,321.03885606532276,335.13799396401134,328.8698414920089,326.8863937393289,324.8287465044386,322.2610255084695,329.7683744536033,325.0816672166907,323.39302241062234,330.2195970490117,322.57553584821784,324.3469966098808,323.6895797835389
photo_road,324.5665763851847,328.0912629949746,317.0110939322647,352.1689171816549,330.3234520803246,314.89857875472586,329.90974617886394,342.175368680491,324.941508618207,351.3533703881603,336.4854306701908,338.18759574169013,343.8058515703398,322.14887387882527,311.71915635925785,313.7363626683099,316.3260956379459,356.63791171728997,329.91294787594103,335.0333342499253,0.0,320.49359747923995,343.3998523768625,357.97798332489396,328.38926381002756,334.8930620458744,344.3242271729317,337.2146439915018,335.27293432291856,320.10495098171015,333.87668004004587,336.3127861111332,319.25333322233803,350.26311913278136,326.52883726897045,332.8089864518745,339.35441381413796,328.1144941475975,326.6495011202033,317.08751405285165,331.3496693038431,344.84907183101296,331.6837315079233,330.9961076123673,306.07280315230645,324.3867595693556,332.2922322922395,348.3732132069282,327.84268760508246,322.6146691286592,336.6705840919219,329.311488947546,337.6283188948534,321.87396115433154,326.25057553071815,336.00574102326124,326.2819605719494,339.7755434142405,331.9723817822407,341.64015481470807,331.60511676395464,330.7635196574592,331.5321979859119,318.14948569208485,338.6732830019071,344.9417407913642,343.3186507441162,332.23391122441046,313.3056502005153,328.88694503237394,343.44415257458365,343.8621163592543,327.95974761613513,338.09066410460645,331.3301684430361,329.5771264958153,340.91495948029916,332.76912849238767,335.9011813404858,330.4975832813652,337.73149464538136,330.89737604532036,333.59333161508033,329.9735969975804,344.3076085081078,338.57702322211395,335.9807508912598,336.79572577103545,332.8710408385193,336.18015054411745,337.5712839211134,330.981141444461,341.09855088613006,332.50950671673894,334.6749507899111,331.68873160403035
photo_house,319.9630422567091,319.7559959013157,318.2088835555554,351.5524431785019,320.21641286601636,308.7801076627828,319.19774205952433,337.2143307664447,325.50615008216937,351.47605542899413,337.08856910816485,335.2842405546323,334.017912673191,311.5373027461006,307.2119337998797,308.8462944013236,308.4734192363396,350.1064065802275,330.14657707579846,332.795030465237,320.49359747923995,0.0,341.1058312418483,353.41063353145046,329.769475661474,327.8566978864622,349.96176158793224,339.14907760468765,329.33763058754045,313.71039433419384,331.5314213816373,332.1489847979158,318.7270822911738,347.00563512267536,328.72622991881906,329.2139590609945,333.99514359718,322.5549468073461,322.10898452907435,314.5413867395684,327.2777503012549,339.71913831181615,328.7094715315574,330.26111562692654,318.4499167328494,314.4517271386884,329.669833881342,343.8237526118547,330.3888415335312,317.4103259183771,334.40925450639565,328.1436326247425,330.0594117820352,319.9286884477712,318.32655084959623,332.82585221520293,324.0544057727925,336.65911030929203,327.4453977729772,341.00224802760397,329.3904463237676,334.0736628825869,332.1068827547912,314.54280302966924,334.3401694945127,341.0469797098824,337.3051134501939,330.49614741347233,334.89496632127765,316.2404819676153,343.30573175163374,342.5601811764186,327.15068574505386,337.7650265080733,329.8961487217808,328.1641390798679,337.4820814112121,331.2998478360378,335.10222597520584,329.1156664791582,335.3338294083771,328.879022302019,333.25147143521366,330.3645293053934,341.455820194601,337.07321518118334,333.6369888365176,333.9119172986375,331.25440928054786,335.5541205783424,335.8176644119168,331.62587254613254,338.96719327725066,331.7278787582903,332.8351746427175,331.79456257063214
