,photo_face,photo_profil,photo_eyes,photo_face2,photo_walking,photo_standing,photo_hand,photo_legs,photo_bird,photo_butterfly,photo_girafe,photo_fish,photo_cherry,photo_tree,photo_flower,photo_carrot,photo_watch,photo_key,photo_truck,photo_velo,photo_road,photo_house,photo_mountain,photo_windmill,drawing_face,drawing_profil,drawing_eyes,drawing_face2,drawing_walking,drawing_standing,drawing_hand,drawing_legs,drawing_bird,drawing_butterfly,drawing_girafe,drawing_fish,drawing_cherry,drawing_tree,drawing_flower,drawing_carrot,drawing_watch,drawing_key,drawing_truck,drawing_velo,drawing_road,drawing_house,drawing_mountain,drawing_windmill,geo_face,geo_profil,geo_eyes,geo_face2,geo_walking,geo_standing,geo_hand,geo_legs,geo_bird,geo_butterfly,geo_girafe,geo_fish,geo_cherry,geo_tree,geo_flower,geo_carrot,geo_watch,geo_key,geo_truck,geo_velo,geo_road,geo_house,geo_mountain,geo_windmill,word_face,word_profil,word_eyes,word_face2,word_walking,word_standing,word_hand,word_legs,word_bird,word_butterfly,word_girafe,word_fish,word_cherry,word_tree,word_flower,word_carrot,word_watch,word_key,word_truck,word_velo,word_road,word_house,word_mountain,word_windmill
photo_face,0.0,41.36591499260872,45.324582987811304,42.93664041055148,38.32467626044435,38.282611008193356,37.587759711823075,36.98191326964264,40.943881213211014,45.755429486402306,43.56710237696993,40.059373726199055,41.33499589554469,37.80305445248538,37.34771256790636,36.600188404146074,38.14671213507995,39.97285546938448,43.36857430574025,42.75958785388213,46.15845424388499,43.78526419397615,41.317386438576754,44.16494653016622,38.20961335572428,41.658167937863816,39.57641544713249,41.60177275565288,37.98499775829584,37.89213850123937,40.16475678254788,40.40460387829693,39.17516706886924,43.123762405238175,38.265964858188106,39.22999707211025,41.81610085848254,36.80536711539856,38.32017297630916,36.92134848547457,37.40093528086423,39.15829119984775,40.785269973335346,42.26982917227177,38.83937382361146,43.84228372745661,38.461957624058414,41.27926733955829,41.46321699827395,36.8537318835036,38.92389955463122,37.96890945638724,38.56199517092402,38.38289712105286,39.097109016931775,38.15509175995136,36.74010188205065,42.32262693853392,39.22976113746648,39.752672307129416,40.63770871016909,37.675909855792995,36.61313746441225,37.03894957925749,36.4735736508175,38.38095234588295,40.17274140934063,40.65818766904255,38.7542419259453,40.7756647059417,38.180604818401235,41.07388085422805,36.06005529386791,36.70943500055298,36.24665072255994,37.99181640695681,39.12103768643995,39.05175874447967,36.276318152428196,39.05027723041108,38.46306185482102,39.130849846523574,37.774627830523286,39.2767534056195,39.020785775317556,36.89765363342329,36.828338377216625,38.69557759342505,38.06837923307647,35.47477541721213,39.072706253210775,35.943484186784346,36.63468720282493,38.38776318102351,40.679473202468074,36.88728150172626
photo_profil,41.36591499260872,0.0,47.593412496557214,44.03663838328898,43.71165128101025,44.10759199157809,43.077585799394996,43.497142572338255,44.5466724630907,46.502651920404595,47.60457965145493,45.08409110515002,44.9863888983845,42.65000710042793,43.243147768989026,43.176156494119134,43.90096918698455,44.3941441022782,46.933807592927664,46.47587601109201,48.23978616872364,42.67934339543344,44.946281418853545,45.96536027523866,44.081976857153364,41.80746917874128,44.00048614510005,45.461028443063476,43.4602957257905,43.10073306699366,45.667593002402924,44.448655615763634,44.40779119685137,47.1733222795386,42.80854826279973,44.66445275364997,45.69653908663079,43.35162279487632,43.41868250373429,42.8957487505302,43.44337847506638,43.77616426814779,45.348824046746856,45.708997467656324,43.958764878274884,47.243549222393845,43.75771491363171,45.42425678911206,44.95148090433902,42.96157420036273,43.58307763151412,42.823295448266386,44.13736266001364,43.9056806777961,44.29544677573286,43.82606171627729,42.81148328329657,46.05522128650183,43.0715798736298,45.168371453431284,44.559254675984874,43.33440366429151,43.068969258838514,42.70697169751587,42.30001147428831,43.520170265359916,45.2234693801668,45.735515567808605,44.2473945348606,43.87276061472535,43.45293784910398,45.44760241060526,42.522502069459016,42.78829422586403,42.58568220257995,43.24165179809561,44.10672968476,44.15015656269765,42.66216444957968,43.96580666255122,43.50529091467459,44.42775382320282,42.87979025085261,44.22322395512156,44.28776284791488,42.57478247273429,42.69899911144886,44.17147165837513,43.32176747027728,42.81248787062479,44.26999625693646,42.481098316216496,42.2093431986504,43.63216286898075,45.94979130208246,42.27718290984899
photo_eyes,45.324582987811304,47.593412496557214,0.0,46.11269967036284,44.992892817812546,44.71666867635885,45.747690321544006,45.53161299966161,43.39432087398666,44.364019257781926,46.650341611424274,43.45216491643407,45.99300723727481,45.50600355228264,45.14055804325429,43.45588193480428,46.68977280796333,42.85502747235789,44.56418402507677,44.62932527081266,34.959083550173816,48.237349310025216,42.092219080364785,47.49396058614921,44.76691381761473,46.92002593026745,42.03914357003852,45.33266928952843,45.40049035377588,44.620293205783746,46.702433650879115,47.23009604812329,43.27069227612996,45.68154861488559,45.11257179547082,43.309326917016534,45.18954175468915,44.04737230705757,45.20081027913012,44.270849630733125,44.56813240870722,42.46621945073901,43.408092146144,42.913698906670696,43.09584145930613,43.33935770650393,43.28149173573287,47.135203070399605,46.402788616780306,43.64757845041265,41.76675075426432,44.42467089082178,45.17998224860729,44.84696929415804,46.720870240327,44.614056668703405,43.70524363703064,46.0820946034113,44.45482245756359,43.84335638401319,46.6629017163541,43.97087781497898,43.7346877583711,43.68016280272748,42.93657662747874,42.27394841552636,43.06397568109057,43.9540713521879,45.64443544336808,47.247780282603316,43.44078559396333,47.407034371042116,42.46195017972509,42.92069186597819,42.846833710551124,43.10628212057302,42.821046694365165,42.71163814236398,42.77932730263817,42.77826401929863,43.068603815819486,42.98921684040732,42.64068223074234,42.543944462673245,42.52738290482983,42.6538107174888,42.802631342505016,42.8826239967621,43.0210485530588,42.69508499314829,42.67962830674978,42.47985928371425,42.19463187068344,42.80144099228516,44.801016096684975,42.786067710907844
photo_face2,42.93664041055148,44.03663838328898,46.11269967036284,0.0,43.64788866649034,43.66192125301966,42.15461623980605,44.078117163910264,41.82001931228882,45.466366229117114,46.065584294036164,43.659307769168166,44.509136546081166,42.74635092931955,43.659399888080436,42.632299224360025,44.90730134404096,43.64236752246154,46.206001529094436,45.838648881001596,46.11797989150925,45.701952905514524,44.57414287709248,46.78181428435434,43.48265841943863,45.549342202985734,43.242484603090354,43.16290029531159,43.811077844497795,43.25824122220807,45.08679013464235,45.48952795770292,43.19279012239312,45.45652637816833,43.56892065533405,44.03002777623238,44.85388986062662,42.73055752583992,43.417304020400074,43.11064286098229,43.13129808274885,42.90661733405946,44.466245044511155,45.13354409289158,42.775402463230414,45.99555848348345,42.95889284269086,45.344909631237165,45.80733225303427,42.422652291352136,43.02867623499935,42.75964428768814,43.84888207109412,43.61455108713852,44.09590897615163,43.51142378271315,42.531725647015875,43.63972661265885,43.16725535390692,43.723038410835336,44.899371936448674,42.631039811318885,42.49127118064446,42.39638404800261,41.89211104304655,42.58125365971801,43.802105320382076,44.51454120940374,43.89286923939155,45.03968979615291,42.86250463510634,45.80255517385475,41.61059272357308,41.78124149718007,41.70728034369082,42.45535799631133,43.59252687921003,43.444162237261786,41.68323314170687,43.603003614553366,42.923404798837296,43.67136883677491,42.60672988045632,43.60169813817017,43.69780621761605,42.12567724856431,41.730424189324935,43.31774559819654,42.779726239807395,41.81493430505388,43.66239992106208,41.58440697587777,41.66706532992346,42.88021167341086,45.04994815133866,41.88522666603971
photo_walking,38.32467626044435,43.71165128101025,44.992892817812546,43.64788866649034,0.0,33.390677138055,37.72053129039554,33.18261677830532,36.919157808753376,42.40800755917074,41.43213091529772,36.65091343714838,37.044146831877676,37.81621522613435,31.7447083248657,32.31064352572336,36.10201288885635,35.18489517596227,40.97574634893376,39.268228917726006,45.16524004893285,45.271001289823886,36.99079827654409,44.409903671404614,33.078275331693504,37.21885964013671,33.52442920817619,36.2081749095373,30.486912056521458,33.63910759525477,35.02108483952467,34.971387069784825,33.574469507629665,36.93016618437574,31.478159084016074,33.33732607044984,37.26369915955581,32.56424363869977,33.76009250315643,31.716892389046404,31.7579961726294,33.636360082909654,35.689765021065014,38.34846262110181,32.6874634871195,39.764093581841784,31.41977276810833,37.43639269606712,36.047949599867465,30.192748045910587,33.07184764331638,31.574945285325704,32.47957606686434,32.40332850723377,35.56221103267606,30.76726956056691,30.799397084626506,36.38148539868553,31.909812485206235,33.47448062140004,34.20734831352759,30.04221647806471,31.179973146786864,30.938840425454963,29.759339212673005,32.410097256650445,34.715926327121934,35.173231067304165,32.64189445052306,37.00833966992638,32.1013516348769,36.634864051737516,30.305046164676877,31.106433215326877,31.02224780062513,32.877991979253835,33.74970432729891,33.60267757402045,31.01731616045681,33.6655656592856,33.429124664941845,34.02936386739424,32.425494005244374,34.09634860275912,33.82638059635907,31.261452957480742,31.11879323427629,33.580029210639765,32.788248504769825,30.31998297854976,33.59484264756406,30.458577572593857,30.897791601824448,33.35180942847293,35.810230694960794,31.346298378947903
photo_standing,38.282611008193356,44.10759199157809,44.71666867635885,43.66192125301966,33.390677138055,0.0,36.20306309154609,32.326967330515494,37.26256554961701,43.55300413375211,39.075432889227685,36.87127984023536,38.31990893260984,38.02685925258424,30.09111544217976,28.71060817453923,32.81932634676525,34.321901843867565,40.82123464585927,39.91605660727476,45.148592448148214,45.108111348074196,38.03075983818077,43.44520225808513,34.048335466580966,36.91711734410867,33.125624293251676,35.91546678276735,33.29242547276018,29.014623212128146,34.68106512849577,35.0228296964509,33.97802650596519,34.64939558176812,30.942123747165436,33.87463615499056,36.93788841974224,32.546260579861375,32.22951957726309,27.86802209049597,31.54738773762707,32.80246321397473,35.54193599023457,39.648337384856866,32.513645534362226,39.38260435502264,32.49914143615236,35.95168750470702,35.56641397578232,28.258382568044198,32.82515617065442,29.647746050521082,32.83435972380399,30.221231873012854,33.58979447364887,31.129531351013966,29.405386648756053,35.40034906465198,30.6590162748208,34.09835277896129,33.61186481796445,30.113017364639067,30.24083682067302,27.81374538751728,27.711058526139183,31.578557740303633,34.878521410797575,35.403769233137226,32.19991328047487,35.88798980156575,30.827921013901225,35.66181033451195,29.49524307789473,31.064497611076668,30.313268546503227,32.62966108342548,33.233793862824946,33.22491074797523,30.424955414155132,32.855088590383176,32.73910871247664,33.412242095130914,31.930617277951107,33.42413813229836,33.162716324484975,30.942344268652302,30.388440206782363,33.08979276692623,32.48773547236632,29.82366367678592,33.20837100026096,29.60557217522402,30.408392338684884,32.73520644762976,35.41798721150578,30.920775347586527
photo_hand,37.587759711823075,43.077585799394996,45.747690321544006,42.15461623980605,37.72053129039554,36.20306309154609,0.0,37.481923467095434,41.10511123313089,44.96566586039761,44.051047779115,40.028109095709056,39.806274211828125,38.51229536071621,37.407357687856376,35.35679638521006,38.328007452913006,39.383547818324814,44.2494358321446,42.008109953848944,46.34010197956664,44.22964215221312,41.02260224791814,44.35210406433555,38.7398129676079,40.780438368651176,38.23831593970665,40.433059307780375,37.635289657136084,36.50178175649536,38.36899872382692,39.44916133646229,39.114635329919835,41.672841424499495,37.03525490733462,38.71880178322228,41.10500937602192,37.14978619359652,37.82632726768918,35.50370794549528,36.26044774935556,38.54352467583905,39.902987964823204,42.00096726527929,38.109992031110934,43.512758295439156,37.84039490033808,40.15731415307804,41.15850341152983,35.99766707321535,37.65208700385731,37.00047977367504,38.13351192256013,37.48646408722627,36.930396430589305,36.32966501991155,35.911262790223056,40.75125304022008,37.53944670668093,39.3497402180204,39.06755155974112,37.05336286780018,36.677343353819154,35.10971621654987,35.22719576176394,37.852962169217555,40.04714114103682,40.12885473413277,38.45262523225128,39.90802763686358,37.52501662941168,40.17087087081351,35.6878819397276,35.764929237543235,35.78350017979146,37.58743481146307,38.003715171494214,37.93748731257096,35.60443641533678,38.01233237608438,37.966001155756295,37.990867302029166,37.05125758183047,38.23388984765066,38.13071289075352,36.030532152101266,35.967159522471945,37.67153451475318,37.44652856708324,35.63478677730257,37.96231691802004,35.559407533444414,35.57963122778824,37.83625538799233,39.93350562369655,35.883571737045806
photo_legs,36.98191326964264,43.497142572338255,45.53161299966161,44.078117163910264,33.18261677830532,32.326967330515494,37.481923467095434,0.0,38.55424165084647,43.407748213913926,41.40066133924968,37.97381685749762,38.11296985353923,38.96392848724215,32.75229393015914,32.16441394380322,35.28799041837871,36.03656317789041,42.172514457890884,40.80819939109475,46.20749609535733,45.45311112408669,39.922454442914386,44.89235007554446,33.665555288469186,37.95899036637945,34.610352022806445,37.46261136443478,32.95062873622481,33.02973398739936,35.47794146196803,35.68680637469456,35.53487209785229,38.05245154665744,34.38322988612944,35.26222571803411,38.17242435811466,33.58042925148702,34.863057136942864,31.169787499778195,31.722754207996267,34.66458984864302,37.469259576051776,40.311819224473716,33.932396943755336,40.77281982155146,33.74654059902152,38.39156415805327,36.64879144405403,29.451947651164364,34.15142630959342,31.930658540701238,33.53995635295619,31.99320402696036,36.01962774356343,30.456074090024146,29.692751196759453,37.554605773041814,33.637139968824556,35.22095044960615,34.33349885781544,32.214502282877625,32.28341042877142,30.861650693252237,30.7727025992709,33.45711016020705,36.41273571564619,36.80977264714902,34.004122845123284,36.50493963561901,32.92026460076217,37.63132753057893,31.488873936993333,32.16600774083855,31.865337386221302,34.02104027002365,34.600068781124314,34.55679918231242,31.95289335174599,34.440465578974255,34.286824860645275,34.765922489939875,33.40584628730761,34.99508129799957,34.683884226266024,32.455699324212695,32.06574011226114,34.390201406716926,33.869418226205475,31.215539187428824,34.63298428483712,31.46164329633188,31.857887738886046,34.394826201324825,36.922554884059906,32.22009837321124
photo_bird,40.943881213211014,44.5466724630907,43.39432087398666,41.82001931228882,36.919157808753376,37.26256554961701,41.10511123313089,38.55424165084647,0.0,39.72730119771405,39.392141777295826,34.268963412952466,39.720427913909575,39.89039817377674,37.28019235525892,35.09315454238102,38.441044812311866,32.19606649383236,39.89567355465062,37.59531362678977,43.28000543713993,45.93321028337,38.59482422055781,45.715203386882855,34.84276380627203,37.94307825588838,33.13473075947527,36.39921039671932,36.29432300440815,35.65543670413506,37.44816135702573,38.57255091089461,31.36405789893256,38.870523435469224,35.135044166470465,33.790586146894796,38.71072046168948,34.8683730162714,35.504748312342876,34.35695879925406,35.04188620281371,30.856158453492355,35.57264372726452,36.61887593047952,32.039808642089795,38.89573550513893,33.08342120976891,39.677665113310546,38.636117552519806,33.67859070840145,32.43738587365107,34.44639551220482,36.65103001445829,35.313544995187506,38.07585087192038,34.6377448117238,32.70562579454477,38.155855096279595,34.16040494440016,34.60543992347419,37.32986387365242,33.796890529833796,34.00426092179258,33.49311953753754,31.954384884985686,30.286236116065137,36.03195047442256,35.47467924725902,36.01221015057139,38.56816031591312,33.92068857217806,39.0909985363307,30.533151493059627,31.407353664870616,30.93889116742137,31.38020750651626,32.86462883844511,32.523491758699684,30.89053204634159,32.13905266230852,31.659989153807008,33.49500081005676,31.203816278932035,32.51675787796352,32.14462864827228,30.853129954108194,30.611899629699195,32.20788987184565,31.498936998321035,30.756483513147433,32.70241720818484,30.598362496506756,30.635667105881094,31.334816278300732,34.96551090719324,31.33861286077182
photo_butterfly,45.755429486402306,46.502651920404595,44.364019257781926,45.466366229117114,42.40800755917074,43.55300413375211,44.96566586039761,43.407748213913926,39.72730119771405,0.0,45.960541426230364,42.145304483026806,43.251605316001054,44.15934338302713,43.979555418933046,42.72476791017612,45.36302934038126,41.08582448296359,44.819998689945216,42.18607333183238,43.47716510986983,47.59518259482488,42.657334810043444,46.88187827579367,42.07342806529746,43.178674118210004,40.12384854705675,40.660610895853,41.29291626757057,41.889489348490024,43.98421082910625,44.299194318580355,39.84908854779554,44.20746044969116,42.45302408760595,41.424854705549606,43.882531161502335,41.627709061239074,42.28473737287,41.51805486788244,41.97969580109063,40.02663773808604,41.51473867972947,42.03632161687483,40.22521325024806,43.41431992857301,40.41269631760462,42.660792689547854,44.54782924574013,40.83820484355582,39.88158711399041,41.41681642099167,41.71430948379742,40.8580783147628,43.75838152099954,41.80402649555751,40.75218010382572,43.37740757206146,41.347889357167645,41.8757610572328,43.655028595199454,40.90199401798875,41.671939202932705,40.87458066857889,40.62566266688339,39.77716467135198,42.08787194621769,42.25368303174629,42.60474621375751,44.53316226786188,40.09889847480261,43.45802733181519,39.409931552631264,39.75182844204838,39.882475839502426,40.128176440213736,41.064218122221064,41.32207416140794,40.07573743078889,40.69596197191753,40.515745197684126,41.38051295695513,39.74288593597603,41.35589683193797,40.686236949335665,39.646178392543,39.874600454603765,40.69459661475938,40.358535790369096,39.489062996504146,40.996209553673715,39.8161518348151,39.29885862124334,40.460388827740594,43.02089734180814,39.765385418357056
photo_girafe,43.56710237696993,47.60457965145493,46.650341611424274,46.065584294036164,41.43213091529772,39.075432889227685,44.051047779115,41.40066133924968,39.392141777295826,45.960541426230364,0.0,41.21309581261084,44.17696054826382,43.71175729307972,39.52291494124477,39.584529727887194,41.930480840600104,38.02216237470325,43.27213847442651,42.62389158606059,46.47832458355181,47.557908978633286,42.964349737496796,46.70339177511317,39.65579639847889,41.78251891544921,37.951633124429186,41.03486505508531,40.23237057633471,39.43642418588493,40.37379104125575,41.47333201866515,39.8240372301796,41.11904566241901,39.013971999043015,39.311417826379916,41.5368972502497,38.88306340303958,39.98549963246072,38.314465323446484,37.94853581558548,37.211654441574545,39.07931097125365,41.52533142134824,38.29071337881513,42.633361915529676,38.44945491787027,41.21842428714909,40.42634252124283,37.805113341123665,37.375057348475025,37.858147719267045,39.8813609109598,37.81763544761293,40.3546024691765,37.48580915732877,38.14465226638991,42.13360063127853,38.347856827224625,38.59143484566897,39.939226668607276,38.41532274627823,37.290180772493315,38.03729948064128,37.32130446787557,37.07798737272364,38.61625252017868,39.09366057410835,39.56662612167617,41.25006427666576,36.77711804463079,40.20303623759744,37.208563085909425,37.23802920447096,36.98385883202149,37.8614650232395,38.564858055119586,38.33046285332392,37.21619200537508,38.50692713084266,37.95558494787085,38.34366651208729,37.79437908205608,38.542815658842784,38.07133365256348,37.138601244788994,36.90791542908036,37.89192308230534,37.62566646752997,36.76118558503461,38.123466576932785,37.0671414170887,36.6806379034148,37.641813558635064,40.334052216167336,37.139909052223004
photo_fish,40.059373726199055,45.08409110515002,43.45216491643407,43.659307769168166,36.65091343714838,36.87127984023536,40.028109095709056,37.97381685749762,34.268963412952466,42.145304483026806,41.21309581261084,0.0,40.14070073139887,39.905679651563894,36.971050772071216,34.24574856268129,37.728536873405375,33.03907140620643,39.203621649870186,36.9407285497246,43.373627295654344,46.17627247994182,38.436349684337806,45.960758252995994,36.3826129557421,38.576621438731884,31.061764991137576,38.333359166979854,36.96665119604529,36.25477797002245,38.53503429751037,39.172078311665075,34.36390568460236,38.74655722499666,35.71360656147393,31.386913344806903,38.28361726570718,35.73987011150367,36.329924308783625,34.33332010838803,34.437593368031294,31.54136802609758,34.40448837902683,37.25998007894474,32.0292019260253,39.49324910539436,32.828199653547294,40.25087954191926,38.936098548178606,33.18860975341123,30.555708236308305,34.64031492841798,38.028243125517776,35.762806352897734,38.564924617840084,34.93163062193705,33.430373451016315,38.169897652932605,34.58508733001363,32.13760303019322,37.59228650738547,33.598194972056056,34.581850130782115,33.558979314569896,32.57513470155876,31.21036598330283,35.545966966184864,35.37784886999428,35.96124408386672,38.814116667029076,33.65918176778426,39.960103059341414,30.705384123934696,31.085855078021588,30.967942178382856,31.181862072926034,32.06712390495191,31.973226887001022,30.86889208043176,31.56011745440248,30.51263357249904,32.731360739838586,30.854137216486606,32.40350463939622,31.377205902991143,31.05058612629455,30.971572398838344,30.93017833624894,31.085283336156834,30.984864218266683,31.672229441416857,30.725431752347454,30.787535929564704,31.244516457130473,34.25518024032867,30.980481796881882
photo_cherry,41.33499589554469,44.9863888983845,45.99300723727481,44.509136546081166,37.044146831877676,38.31990893260984,39.806274211828125,38.11296985353923,39.720427913909575,43.251605316001054,44.17696054826382,40.14070073139887,0.0,39.34717693384341,37.865474606083744,36.93772480171991,40.53262716183393,38.314777753866544,44.19372669593414,40.88207823688802,47.283508448656946,45.723116125262024,39.39963719619591,45.392609552718014,37.79884298275665,39.948357901892784,37.108309823015496,40.280048555749154,35.94278886636498,37.783608004376724,39.180451300352466,38.162265053841345,37.74067809791643,41.38762136572324,36.96431527555643,37.64440724778273,41.10496195578397,36.60710998935494,39.23542450563986,35.64085964903037,36.59475836422204,37.502909592510456,37.77380055667194,41.15267732867405,37.328636682628,41.46382392828972,36.22175852429411,40.445411330801726,40.240761128440994,36.11968888764788,36.85947323111675,36.53814066532532,37.50796931826351,36.853814798853264,39.6093153121558,35.96552334802581,35.356013994433255,39.99769043740333,36.03179795824263,38.248866284444055,38.26146203252911,35.9914105103503,36.79046327593247,35.58194868407574,35.27672437871439,36.79388607925577,38.75171412995108,39.48489713162666,35.86428646551783,39.4960147039557,36.60743466265205,40.48196336289534,35.30233174407527,35.384270581827565,34.973900961081796,37.182726389746044,37.425537700793136,37.102029582361965,35.20908904199042,37.1406934979524,37.01360739488863,38.009663132221725,36.16393963117004,37.4347734948547,37.47092911862372,35.26567922209143,34.99028375480493,37.04443798637577,36.65666838924922,34.653780673839314,37.16241636272991,35.2511596916091,34.90888162593485,37.08607883902499,39.898416944379534,35.09124758996305
photo_tree,37.80305445248538,42.65000710042793,45.50600355228264,42.74635092931955,37.81621522613435,38.02685925258424,38.51229536071621,38.96392848724215,39.89039817377674,44.15934338302713,43.71175729307972,39.905679651563894,39.34717693384341,0.0,38.577227431034075,36.39004383899948,37.10175419906914,39.64964044370831,43.98653068937126,41.851914593434365,45.583734575484414,42.785515592759516,38.27972420195263,42.76214654100313,38.602859090981035,40.70705042776208,39.07834140630156,40.78329304080586,36.9774855212021,36.73610740746123,40.80035437916869,39.247457721707384,38.2763884047973,41.82024578768689,37.21269540426219,38.470223897272874,41.171472851039276,34.9173802589946,39.83141289246532,36.78391932098727,36.50705401755534,38.67053121134034,39.488988067592665,41.245449328762305,38.676134920185,42.569402867048396,37.39585965521298,39.77849308936098,41.4063239394776,36.641182970644195,38.7402637582028,38.595291710987915,38.11043077325545,38.180485860200896,38.55600587469169,37.66143239303108,36.83706960484436,40.666994338689086,37.77144862221378,39.559532375073026,39.60994050893878,36.31012648839413,37.113846734185344,36.81465895665177,35.995444782669,37.94384551562196,40.15501289254723,40.64065032363494,38.1987239010447,40.94244818191153,38.89647584401814,39.64452498647117,36.008511186757325,36.730005355377145,36.466473399336074,38.08264974387049,38.750886722833435,38.89659996914661,36.379897374389394,38.77559303911866,38.131765551845994,38.86825920256022,37.484025814316134,38.750237749213575,38.60388946244676,36.99899773422883,36.654689351384846,38.44026701925968,38.4253937515259,35.67040030831502,38.67633387967447,36.145674968458835,36.34231207708143,38.36013387393092,40.617638355356256,36.778607160368225
photo_flower,37.34771256790636,43.243147768989026,45.14055804325429,43.659399888080436,31.7447083248657,30.09111544217976,37.407357687856376,32.75229393015914,37.28019235525892,43.979555418933046,39.52291494124477,36.971050772071216,37.865474606083744,38.577227431034075,0.0,28.474613745223714,33.17897178832529,34.16052296360655,41.12126761134674,40.04198214332719,45.598135585006595,45.2240453607192,38.945602716036674,44.90836708726908,33.25070912867571,36.53543280294394,32.22046227595515,36.03843371650127,32.37923602389474,30.626680289326778,33.315895133521906,34.165383409906084,33.7551381988263,35.084036579831256,30.50647631296373,32.98995982521901,36.429242792298716,31.2760849898606,32.05204189827781,27.52914559551639,30.87582002410025,32.44025319041361,35.12130848359025,39.58075456990537,31.525969619196633,39.82969958369456,32.00596912125382,37.44172404821379,34.54712987431931,28.248245587688668,31.977186026426747,29.546465119075066,32.83423856146839,30.44032625617112,33.390308255441546,30.24867501647259,28.733605760028162,34.8834459344952,30.24492860658388,33.112650694217635,33.42997562392936,28.309603940466175,27.159248291908785,26.91274622538555,26.865617637612797,31.19830762593391,34.219314985254904,34.990197760111045,30.261915353649368,35.535146666176985,30.22375907039747,36.1373933910879,29.48458572664433,30.266066434232894,29.74012680476527,32.20361058632256,32.59089379936852,32.5127672767102,30.173245558772802,32.71308798427108,32.236828257329925,33.36002371479103,31.51064479051083,33.130649353242816,32.57088675845969,30.085271353870287,30.181911149375363,32.463957942978574,31.847815930830556,29.086644346578694,32.55539630718818,29.556911999904376,29.83407355617057,32.082956537953436,34.939985350274746,30.487526958340418
photo_carrot,36.600188404146074,43.176156494119134,43.45588193480428,42.632299224360025,32.31064352572336,28.71060817453923,35.35679638521006,32.16441394380322,35.09315454238102,42.72476791017612,39.584529727887194,34.24574856268129,36.93772480171991,36.39004383899948,28.474613745223714,0.0,30.022074589433483,32.60268259299358,39.59943996769581,38.596062505667916,44.65647952391094,44.272954624284246,36.7507725782295,44.347492855893215,32.39223662664759,36.31550209595942,31.427017203534536,35.26253482495374,32.019582294950965,27.877586235023063,32.619451219204436,34.24632457761573,32.542377771288415,34.890603826729524,28.939084351717906,32.2424690635842,36.19861783925411,30.230260281259394,31.525585512096445,21.311940781190327,30.56460689046309,31.047737774867883,33.94925930709164,38.469582209036865,30.464931789588064,38.96690424404194,30.67539002004609,36.91234580141998,35.385622099891854,26.343360081354877,31.135919226412554,29.934345507277015,31.56150303285657,28.116978157443743,33.33503064531932,30.23978413652541,27.31021559633121,34.73271252840919,28.727993562284603,32.40862616438083,32.16283846909744,27.492098444274944,27.75375434714273,22.06173101923376,24.514208818593435,29.692541190469772,33.19002560673012,34.34875715748167,31.169032351873245,34.21081674122861,30.36512277446064,35.999479726504966,27.387103135811326,29.046161325457906,28.44126969552512,30.775490521673255,31.494642841364715,31.34643395868178,28.27905361830094,31.104061237860716,31.095982597251265,31.841890953327642,30.165351345061357,31.647004628797184,31.438661808493425,28.88479368144367,28.331774042880816,31.35175719973154,30.598543995212385,27.9569747461334,31.312346337574706,27.47995316339487,28.531291620126478,30.98473731292322,33.723337628516326,29.129782473179
photo_watch,38.14671213507995,43.90096918698455,46.68977280796333,44.90730134404096,36.10201288885635,32.81932634676525,38.328007452913006,35.28799041837871,38.441044812311866,45.36302934038126,41.930480840600104,37.728536873405375,40.53262716183393,37.10175419906914,33.17897178832529,30.022074589433483,0.0,36.85787679158146,42.707535639939444,41.62776714752009,46.57609643647891,45.60263085771594,38.327920903020775,45.38981979213941,35.45033718481558,39.22564886512312,36.550379968827876,38.82387028079109,35.045290840477655,31.766851485842036,36.43266545931816,37.03938573536843,35.62574414288113,39.33155219416734,34.33301491463589,35.92299745645828,39.432161681744255,32.87678567228679,34.721848857916406,29.981959549435924,31.291724302672314,35.493786277939336,37.68341046036696,41.324927669717304,35.099329460227295,41.34464616988113,34.34419267916178,39.14706545959493,38.9932661402978,30.67549804259935,35.72939596833315,34.63015777839697,35.643900580926484,33.65406764500938,35.97937952590892,33.00536742064674,32.21970014396229,38.435190277932016,34.46788103902398,36.515614330525594,35.758467980948694,32.082339238052185,31.593981770102452,31.051224686078722,30.342006523668797,34.5254154349653,37.838493424208565,38.19264359077463,36.613500858058806,36.89833947561498,35.31163190686391,38.208420859914774,32.17002154799029,33.24796756879019,32.41013016590996,34.66310286683909,35.59852629142956,35.5236311930602,32.819704417878164,35.549200526254324,34.75582819390023,35.704952944672584,34.29187511284483,35.53365698071656,35.579180040381864,33.27655253764608,32.95474732633872,35.34687506349781,34.656562051758556,32.146891575041266,35.522429093066464,32.290691112833215,32.773044898245054,34.86173186071223,37.456326107106186,33.25850584604414
photo_key,39.97285546938448,44.3941441022782,42.85502747235789,43.64236752246154,35.18489517596227,34.321901843867565,39.383547818324814,36.03656317789041,32.19606649383236,41.08582448296359,38.02216237470325,33.03907140620643,38.314777753866544,39.64964044370831,34.16052296360655,32.60268259299358,36.85787679158146,0.0,38.17173234156742,36.367678221563544,42.757909730363515,45.248843992539285,37.375540725662724,44.69918216292713,34.035843377515846,35.5703118810865,27.5963031962207,35.5318221697588,34.37053870644193,33.41324177650395,35.13197747965407,36.04867428834409,30.343279648844163,36.33609391864428,33.196844618449035,31.051653631836828,35.3317178330758,33.130623117431156,33.44322696854485,30.977527767447143,32.85983947896415,22.431399861102186,32.41906383478172,35.84265237857199,30.086369494820218,36.00558082841746,29.28334719652275,37.85689517676601,34.56718364206477,29.818448239710175,27.052045643571876,31.433542947370327,34.86709712529454,32.664356172231784,35.30964583499078,31.165767767289122,29.43506630882182,35.691250674367446,31.19316628227802,29.65810243944679,34.44500702216085,31.23258347069557,31.368964524103635,30.191432195441326,28.890129882564832,21.653241898945918,31.357608748056844,32.622668484054714,32.42674268563825,35.122301020405594,30.94674264965471,36.645673217925626,26.820471741006177,27.018217752080453,26.301324344280815,27.502773883561275,27.14395869240971,26.921437950617175,26.457272138951996,27.241229084366907,26.363799845273473,28.729935616564273,27.363216138183216,27.268402168760808,26.334470955042732,26.37197246353186,26.68425108401007,26.333731571193407,26.73442660566667,27.216605970736488,26.80016483151636,26.75865866408374,25.922939205317753,26.743294080897225,30.842676189101155,26.817761962640784
photo_truck,43.36857430574025,46.933807592927664,44.56418402507677,46.206001529094436,40.97574634893376,40.82123464585927,44.2494358321446,42.172514457890884,39.89567355465062,44.819998689945216,43.27213847442651,39.203621649870186,44.19372669593414,43.98653068937126,41.12126761134674,39.59943996769581,42.707535639939444,38.17173234156742,0.0,39.942067002696284,43.71664443098529,46.496363353144496,41.88914705953141,47.67846201400296,40.25436192388449,42.389294378697244,37.34107756456081,40.741849650009826,41.31197674606683,40.324594726678995,41.960092687657585,42.8753094546499,39.20614024994355,42.94654616089443,40.64752351342335,38.371923542609466,42.90331724511139,40.07830041195257,40.94180811484118,39.086539361974154,39.58265097417165,37.51594993386352,35.3444444717964,39.34309208075714,38.46636779783198,41.685718218365224,37.00452850030645,43.526246812360135,41.78581057842076,38.47745199836506,37.257111194798625,38.853403309462095,40.97272779330046,39.763858429097795,42.45162570302552,39.26608960336034,38.51023386425572,42.739535735504816,39.195950096939114,37.586072394194375,41.385134623040564,38.72194698482261,39.22866307315675,38.668786682847525,37.737019167174886,37.47365871999318,32.93558338735178,38.13741479704987,40.20868013356968,42.37485894476163,38.5956678825139,42.98155784940729,36.97090959712573,37.285753458184146,37.174653215837715,38.17796587244695,37.33657124851342,37.81934474394835,36.93499585284831,37.6754620905134,37.43347173778321,38.74241933098263,37.73178950796437,37.69597014802592,37.5860651379418,37.360571246175745,37.02213309277075,37.709787069546216,37.52015906109986,37.13682905433461,37.514359159061456,37.12189342712931,36.98089230586849,37.572242782939604,39.8350507423302,37.0090318332429
photo_velo,42.75958785388213,46.47587601109201,44.62932527081266,45.838648881001596,39.268228917726006,39.91605660727476,42.008109953848944,40.80819939109475,37.59531362678977,42.18607333183238,42.62389158606059,36.9407285497246,40.88207823688802,41.851914593434365,40.04198214332719,38.596062505667916,41.62776714752009,36.367678221563544,39.942067002696284,0.0,44.394019597384315,46.523325726428055,38.71875904497588,44.99790335627419,36.93501701232101,39.97107745554155,34.963312828430595,39.05200116353533,38.352898320562296,39.065335887244935,40.66583752776405,41.12231109803811,36.30009948045802,41.40493177808797,38.40583942648477,35.13820846427349,40.62967094893458,36.99364062864182,39.49917294368955,37.30273107455375,37.43480925345114,35.34771427307461,34.31235591523928,30.123872430893588,36.243448138517024,39.64153529601451,34.54535500898772,40.30145975935747,40.759081438354,37.01505590167834,34.059046574410715,37.84377502756272,38.66047052799211,37.689445516113594,40.404463307610506,37.63044142415486,36.677705655922416,40.9431913680765,38.012134207366884,36.19920156665826,39.715011387009845,36.944635085045505,37.705589078595935,36.532939816156976,36.22459977808935,35.67356240410257,36.08630826724218,33.95703215575739,38.2391441111594,40.344778183578676,36.36013282142786,40.47506350523824,34.56498848647218,34.24264120788835,34.45028938270142,34.225948730604834,35.301117795808985,35.279122523405555,34.39354225411628,35.220182647859154,34.32099654124269,35.81394180918629,34.4651163032731,35.850047794142164,35.16145685229521,34.68492219288143,34.77166687223603,34.243229546655925,34.028840318306585,34.52043238237591,35.30918911404048,34.35111582265205,33.867506221096164,34.12630768037711,37.003943892928156,34.03827305015966
photo_road,46.15845424388499,48.23978616872364,34.959083550173816,46.11797989150925,45.16524004893285,45.148592448148214,46.34010197956664,46.20749609535733,43.28000543713993,43.47716510986983,46.47832458355181,43.373627295654344,47.283508448656946,45.583734575484414,45.598135585006595,44.65647952391094,46.57609643647891,42.757909730363515,43.71664443098529,44.394019597384315,0.0,48.02643866491789,41.76896579246029,46.93203335188024,44.777369585582456,47.002496996865624,41.970853650979805,45.07879643048032,45.0354436887861,44.57751476895345,47.182537068274804,47.57336398098812,42.87407990220054,45.7579540509537,44.94412054908751,42.832051010380454,45.2189462743419,43.69073096355969,44.545805006062004,44.71901421109005,44.507782771169644,42.05744116241575,42.643788616409715,42.55465607589807,41.37548345242983,43.31437854904075,42.77465623645933,46.36521607562376,46.696989225706155,43.96842309048298,42.45683968610422,44.718920287292825,45.10075960276325,44.941471715044706,46.703342514827995,45.119397650587025,43.75255852297402,46.136912714919646,44.8788464786925,43.43858648695053,46.5649002413549,43.65052325061857,43.542188232564705,44.22421653862525,43.083886690383046,42.45263716432305,42.562456381435204,43.964838173853295,45.694022628469504,47.209761733264735,43.41478596978956,46.73279740042062,42.675165758031724,42.96184821059936,42.96278120886939,42.972290723543644,43.024556174380606,42.957652028838744,43.103629316806675,42.752374271235496,43.12341574155822,42.86510175420241,43.015692891509765,42.90313593686579,42.52520504541588,42.96517216150483,43.108879240391744,42.72627508713089,42.95129057727816,42.74968657780144,42.83472918629827,42.78392514394208,42.636473852450926,43.028861735328945,44.810591825864975,43.090145209479864
photo_house,43.78526419397615,42.67934339543344,48.237349310025216,45.701952905514524,45.271001289823886,45.108111348074196,44.22964215221312,45.45311112408669,45.93321028337,47.59518259482488,47.557908978633286,46.17627247994182,45.723116125262024,42.785515592759516,45.2240453607192,44.272954624284246,45.60263085771594,45.248843992539285,46.496363353144496,46.523325726428055,48.02643866491789,0.0,45.43790532346496,46.671954607963016,45.132357143375465,46.653533380192,45.09813899655127,46.57552460913138,44.7235701056841,44.51964677422141,47.07854985688944,45.90853876327035,45.14055343488952,48.530045488495354,44.89331731323298,45.803137106195386,46.388888945642826,44.57435512250531,44.89226187058848,44.49668653969112,44.57154151484373,44.67048390776852,45.149079381714955,45.99596769335698,45.08069543590236,46.126323483982006,44.522053031183226,46.256925883059125,46.96649358053562,44.28438820853741,45.087900487568454,44.855176132674515,45.19507597629613,45.54763577548055,44.49491585658641,45.212017149262074,44.290170212532495,48.08024574066894,44.68107355067204,45.864345416471075,45.534372081028685,45.06254179327191,44.431234489394406,44.32368878394804,43.875652331583346,44.569250078197555,45.05107120537025,46.7421815874669,45.46184358902218,44.892937206050604,44.951867413307276,46.662515196287416,43.88366083953951,43.897441957067635,44.150727864778744,44.99555164609306,45.35853043776113,45.341336893070974,43.82403684969139,45.4370231777835,45.090136375313456,45.78966309193964,44.33246487147895,45.72249029587631,45.40006918838454,43.95100066950301,43.92805740218945,45.22339960597502,44.89183908780839,44.01666320085537,45.23079095813216,44.020330074107946,43.807112146533264,44.905143937068374,47.22338421650709,43.75518480379193
