,square,rectangle,parallelogram,losange,isoTrapezoid,kite,rightKite,rustedHinge,hinge,trapezoid,random
square,2.220446049250313e-16,0.11531515757733157,0.15577878700621084,0.22068298167435296,0.06743800060073513,0.043077132553113295,0.028067451037466773,0.11654444042557244,0.1151339608066626,0.07031052084873035,0.13950944290527245
rectangle,0.11531515757733157,0.0,0.059424803045184715,0.12902737261942754,0.21293088474727095,0.131519237523964,0.12436944976807718,0.06323835599992012,0.039681210595562066,0.12808976988334475,0.2057138562987778
parallelogram,0.15577878700621084,0.059424803045184715,0.0,0.06426364441060661,0.21643265847818915,0.168686184169478,0.14695534720907688,0.09164504175698951,0.06939827620234051,0.12534318571287928,0.19010167416204837
losange,0.22068298167435296,0.12902737261942754,0.06426364441060661,0.0,0.231979536687421,0.2155831669088626,0.20373129239210996,0.11422780808248745,0.10673541691803201,0.1405122947651326,0.14347226844898897
isoTrapezoid,0.06743800060073513,0.21293088474727095,0.21643265847818915,0.231979536687421,0.0,0.07324607708596076,0.06602071088540828,0.1925251147997895,0.20139143115393443,0.08598403080753247,0.12079459771496992
kite,0.043077132553113295,0.131519237523964,0.168686184169478,0.2155831669088626,0.07324607708596076,0.0,0.03182125740677566,0.15491990893889496,0.15440137559064415,0.10412072416073881,0.1584961274568295
rightKite,0.028067451037466773,0.12436944976807718,0.14695534720907688,0.20373129239210996,0.06602071088540828,0.03182125740677566,0.0,0.13645240399830783,0.13467869197186877,0.06544566619161929,0.14855400894773962
rustedHinge,0.11654444042557244,0.06323835599992012,0.09164504175698951,0.11422780808248745,0.1925251147997895,0.15491990893889496,0.13645240399830783,0.0,0.011111456302160483,0.12164030894895606,0.15872166454756476
hinge,0.1151339608066626,0.039681210595562066,0.06939827620234051,0.10673541691803201,0.20139143115393443,0.15440137559064415,0.13467869197186877,0.011111456302160483,0.0,0.11719432320828482,0.1670288560882266
trapezoid,0.07031052084873035,0.12808976988334475,0.12534318571287928,0.1405122947651326,0.08598403080753247,0.10412072416073881,0.06544566619161929,0.12164030894895606,0.11719432320828482,0.0,0.07684469185262521
random,0.13950944290527245,0.2057138562987778,0.19010167416204837,0.14347226844898897,0.12079459771496992,0.1584961274568295,0.14855400894773962,0.15872166454756476,0.1670288560882266,0.07684469185262521,0.0
