,square,rectangle,parallelogram,losange,isoTrapezoid,kite,rightKite,rustedHinge,hinge,trapezoid,random
square,0.0,0.005818012189738209,0.03070555266223063,0.034556495532064635,0.04664131704159369,0.030497995877041273,0.021033118794768102,0.01913453736950166,0.01808869157934101,0.013376872534342388,0.0632398174741996
rectangle,0.005818012189738209,1.1102230246251565e-16,0.019554516085830143,0.025968993006147967,0.05718432360314363,0.030702931085786034,0.025063758132265246,0.021864302007518988,0.020466217975853462,0.01987941755791578,0.07239681773073103
parallelogram,0.03070555266223063,0.019554516085830143,0.0,0.004438753219267455,0.057023899467486094,0.053463471479388125,0.05204395124805472,0.043087629064559985,0.03393159207645169,0.02853918932994448,0.0692728244576204
losange,0.034556495532064635,0.025968993006147967,0.004438753219267455,0.0,0.059921758003164904,0.053020353688470356,0.05458222495565046,0.048742851809590704,0.040842557426031045,0.030652663905004762,0.06850501478872673
isoTrapezoid,0.04664131704159369,0.05718432360314363,0.057023899467486094,0.059921758003164904,1.1102230246251565e-16,0.07731226777145994,0.05389205087859339,0.054170703833795186,0.0452466534494842,0.022716112541447786,0.010093916224557464
kite,0.030497995877041273,0.030702931085786034,0.053463471479388125,0.053020353688470356,0.07731226777145994,0.0,0.010193873943224907,0.06810026424337268,0.07003652989664833,0.05106739409194849,0.1035043063655885
rightKite,0.021033118794768102,0.025063758132265246,0.05204395124805472,0.05458222495565046,0.05389205087859339,0.010193873943224907,1.1102230246251565e-16,0.04040138436554208,0.044565138779676605,0.03020955938535652,0.07495852614613652
rustedHinge,0.01913453736950166,0.021864302007518988,0.043087629064559985,0.048742851809590704,0.054170703833795186,0.06810026424337268,0.04040138436554208,0.0,0.0027757507573599183,0.017751796693813993,0.06327485244563713
hinge,0.01808869157934101,0.020466217975853462,0.03393159207645169,0.040842557426031045,0.0452466534494842,0.07003652989664833,0.044565138779676605,0.0027757507573599183,0.0,0.01363713074721895,0.0540269367763595
trapezoid,0.013376872534342388,0.01987941755791578,0.02853918932994448,0.030652663905004762,0.022716112541447786,0.05106739409194849,0.03020955938535652,0.017751796693813993,0.01363713074721895,1.1102230246251565e-16,0.03176780805645729
random,0.0632398174741996,0.07239681773073103,0.0692728244576204,0.06850501478872673,0.010093916224557464,0.1035043063655885,0.07495852614613652,0.06327485244563713,0.0540269367763595,0.03176780805645729,0.0
