,square,rectangle,parallelogram,losange,isoTrapezoid,kite,rightKite,rustedHinge,hinge,trapezoid,random
square,1.1102230246251565e-16,0.005497338219811576,0.030109386732917298,0.033763447093190235,0.04539229082729601,0.029511754946674573,0.020048142499075827,0.01776915601780571,0.01682746778111277,0.012618864837662835,0.0618944208397455
rectangle,0.005497338219811576,1.1102230246251565e-16,0.019229287355901903,0.025407275698214438,0.05638686054895026,0.030038616671909768,0.024407905137108665,0.020973590349189886,0.019633329246843023,0.019365005371652755,0.07166238796205315
parallelogram,0.030109386732917298,0.019229287355901903,0.0,0.004180151568498935,0.0564324266468208,0.05289112734984913,0.05147654282969172,0.042207707332439504,0.03310810166921441,0.028118782054291747,0.06866901325717445
losange,0.033763447093190235,0.025407275698214438,0.004180151568498935,0.0,0.05917820438149579,0.05250683959142155,0.054020567986111656,0.04781233805384333,0.0399280506485733,0.030116936730615107,0.06778007947271647
isoTrapezoid,0.04539229082729601,0.05638686054895026,0.0564324266468208,0.05917820438149579,1.1102230246251565e-16,0.0766187973055652,0.053502525475262686,0.05386469925915216,0.04500217943506957,0.02245811116429053,0.009841203414309163
kite,0.029511754946674573,0.030038616671909768,0.05289112734984913,0.05250683959142155,0.0766187973055652,0.0,0.010066543070424427,0.06737361773568629,0.06928080521737268,0.05066098774490879,0.10289100637550286
rightKite,0.020048142499075827,0.024407905137108665,0.05147654282969172,0.054020567986111656,0.053502525475262686,0.010066543070424427,1.1102230246251565e-16,0.040051069220276125,0.04416869867719331,0.02995443465016734,0.07450964357748668
rustedHinge,0.01776915601780571,0.020973590349189886,0.042207707332439504,0.04781233805384333,0.05386469925915216,0.06737361773568629,0.040051069220276125,1.1102230246251565e-16,0.0027205580144609165,0.01736390323932646,0.06304662099770042
hinge,0.01682746778111277,0.019633329246843023,0.03310810166921441,0.0399280506485733,0.04500217943506957,0.06928080521737268,0.04416869867719331,0.0027205580144609165,0.0,0.013275981943811077,0.053786799203252245
trapezoid,0.012618864837662835,0.019365005371652755,0.028118782054291747,0.030116936730615107,0.02245811116429053,0.05066098774490879,0.02995443465016734,0.01736390323932646,0.013275981943811077,0.0,0.0314157552700941
random,0.0618944208397455,0.07166238796205315,0.06866901325717445,0.06778007947271647,0.009841203414309163,0.10289100637550286,0.07450964357748668,0.06304662099770042,0.053786799203252245,0.0314157552700941,0.0
