,square,rectangle,parallelogram,losange,isoTrapezoid,kite,rightKite,rustedHinge,hinge,trapezoid,random
square,0.0,0.005754580319096592,0.030706562780659197,0.034697249697732135,0.04660796996775096,0.030321964709730698,0.020919240813774276,0.018997401417808923,0.01789009049968182,0.013379308490580444,0.06327077783952151
rectangle,0.005754580319096592,0.0,0.019605009382188454,0.02620245997699766,0.05745069047043416,0.030735405557505535,0.025170881304867443,0.021888260436716767,0.020396799814050848,0.02003426003264852,0.07274319277563501
parallelogram,0.030706562780659197,0.019605009382188454,1.1102230246251565e-16,0.0044549337041334125,0.05739311672930769,0.05358747218400561,0.05224554124205105,0.04318428914547767,0.033928987590764126,0.028689960088421174,0.06962575073991917
losange,0.034697249697732135,0.02620245997699766,0.0044549337041334125,0.0,0.060282419193722125,0.053311803650219924,0.05490929682822954,0.048976380988058565,0.04099209051408759,0.030768575158053757,0.06874685070172004
isoTrapezoid,0.04660796996775096,0.05745069047043416,0.05739311672930769,0.060282419193722125,1.1102230246251565e-16,0.07718912493619878,0.0538617191799905,0.05446136690714998,0.04559755440068758,0.022744893528061638,0.010234490867388701
kite,0.030321964709730698,0.030735405557505535,0.05358747218400561,0.053311803650219924,0.07718912493619878,0.0,0.010172526764820833,0.06806256157039658,0.06996636050409866,0.05107236660395442,0.10357116615766226
rightKite,0.020919240813774276,0.025170881304867443,0.05224554124205105,0.05490929682822954,0.0538617191799905,0.010172526764820833,0.0,0.040520957676844716,0.04466694599987742,0.03025938209123935,0.07509307860858438
rustedHinge,0.018997401417808923,0.021888260436716767,0.04318428914547767,0.048976380988058565,0.05446136690714998,0.06806256157039658,0.040520957676844716,0.0,0.0027849548704700355,0.0179402564724519,0.06355502106269839
hinge,0.01789009049968182,0.020396799814050848,0.033928987590764126,0.04099209051408759,0.04559755440068758,0.06996636050409866,0.04466694599987742,0.0027849548704700355,0.0,0.013811238187846797,0.05431722385751181
trapezoid,0.013379308490580444,0.02003426003264852,0.028689960088421174,0.030768575158053757,0.022744893528061638,0.05107236660395442,0.03025938209123935,0.0179402564724519,0.013811238187846797,0.0,0.0318076628083338
random,0.06327077783952151,0.07274319277563501,0.06962575073991917,0.06874685070172004,0.010234490867388701,0.10357116615766226,0.07509307860858438,0.06355502106269839,0.05431722385751181,0.0318076628083338,0.0
