,square,rectangle,parallelogram,losange,isoTrapezoid,kite,rightKite,rustedHinge,hinge,trapezoid,random
square,0.0,0.053605592625028176,0.14488910011974343,0.23084846568614392,0.23825536529211,0.19309648722773498,0.2071939485167944,0.2680145507108983,0.23010088581792243,0.20134997607233818,0.321004820460393
rectangle,0.053605592625028176,0.0,0.100792445786127,0.21054077759400902,0.2826374868900484,0.2128407563089142,0.23058519236807706,0.24412592859399973,0.19565404553999288,0.2213911061034649,0.341944501014971
parallelogram,0.14488910011974343,0.100792445786127,0.0,0.05548910419426867,0.24671185605859514,0.20965736265829527,0.21495567207506583,0.22365549294997233,0.1866201929646214,0.15732286622387015,0.26126018848130905
losange,0.23084846568614392,0.21054077759400902,0.05548910419426867,0.0,0.254256494125618,0.2400493417983527,0.23948194831638026,0.2505985806778832,0.23046233694522766,0.15561975568441344,0.22211712478048173
isoTrapezoid,0.23825536529211,0.2826374868900484,0.24671185605859514,0.254256494125618,0.0,0.08775760211655537,0.0691364519024521,0.19116220942289297,0.19895884089893057,0.06700192681663786,0.122905583289452
kite,0.19309648722773498,0.2128407563089142,0.20965736265829527,0.2400493417983527,0.08775760211655537,2.220446049250313e-16,0.030175996575807273,0.1578802893266178,0.14680527291054013,0.10579685088820168,0.1572053578880811
rightKite,0.2071939485167944,0.23058519236807706,0.21495567207506583,0.23948194831638026,0.0691364519024521,0.030175996575807273,0.0,0.14381784695184552,0.14064611001114202,0.07426246423175797,0.13749447221815347
rustedHinge,0.2680145507108983,0.24412592859399973,0.22365549294997233,0.2505985806778832,0.19116220942289297,0.1578802893266178,0.14381784695184552,2.220446049250313e-16,0.020793746196747342,0.17413031801907453,0.17491037082693317
hinge,0.23010088581792243,0.19565404553999288,0.1866201929646214,0.23046233694522766,0.19895884089893057,0.14680527291054013,0.14064611001114202,0.020793746196747342,2.220446049250313e-16,0.16468941598513676,0.17286976145661181
trapezoid,0.20134997607233818,0.2213911061034649,0.15732286622387015,0.15561975568441344,0.06700192681663786,0.10579685088820168,0.07426246423175797,0.17413031801907453,0.16468941598513676,2.220446049250313e-16,0.08399966913980694
random,0.321004820460393,0.341944501014971,0.26126018848130905,0.22211712478048173,0.122905583289452,0.1572053578880811,0.13749447221815347,0.17491037082693317,0.17286976145661181,0.08399966913980694,0.0
