,square,rectangle,parallelogram,losange,isoTrapezoid,kite,rightKite,rustedHinge,hinge,trapezoid,random
square,1.1102230246251565e-16,0.004871076828137366,0.028051511037881838,0.030427122596576095,0.042116143344433254,0.02736861074962127,0.017629536276256297,0.01462493414792465,0.014414555923854544,0.010286343753622251,0.05729000936777018
rectangle,0.004871076828137366,1.1102230246251565e-16,0.017643831931577147,0.022130412936590793,0.05242179318304385,0.027601518284068427,0.02170128861821663,0.01801247429624886,0.017595150045120023,0.01667515453772317,0.06670093338990435
parallelogram,0.028051511037881838,0.017643831931577147,0.0,0.0032418226577168863,0.05271707190868535,0.04997966251623176,0.04828859347639425,0.03893052097144989,0.030736030772975487,0.025852918888021326,0.06439052880457463
losange,0.030427122596576095,0.022130412936590793,0.0032418226577168863,0.0,0.055310983947693515,0.048921236503455034,0.05025446549871282,0.04411204440902261,0.03684192853604462,0.02782719755387697,0.06415703714005394
isoTrapezoid,0.042116143344433254,0.05242179318304385,0.05271707190868535,0.055310983947693515,2.220446049250313e-16,0.07514583191655899,0.05233241775435249,0.05052111496325573,0.04170832888103726,0.021446261211288342,0.007888291549277837
kite,0.02736861074962127,0.027601518284068427,0.04997966251623176,0.048921236503455034,0.07514583191655899,0.0,0.009729942885743581,0.06570293467231536,0.06809867361984234,0.04944306049845171,0.10037238086861267
rightKite,0.017629536276256297,0.02170128861821663,0.04828859347639425,0.05025446549871282,0.05233241775435249,0.009729942885743581,0.0,0.038295309408372336,0.0426900306145932,0.028954880461795285,0.07224134819763739
rustedHinge,0.01462493414792465,0.01801247429624886,0.03893052097144989,0.04411204440902261,0.05052111496325573,0.06570293467231536,0.038295309408372336,0.0,0.002409042432038544,0.014958240323378336,0.05975974636290515
hinge,0.014414555923854544,0.017595150045120023,0.030736030772975487,0.03684192853604462,0.04170832888103726,0.06809867361984234,0.0426900306145932,0.002409042432038544,1.1102230246251565e-16,0.011107619221391363,0.050621475961018736
trapezoid,0.010286343753622251,0.01667515453772317,0.025852918888021326,0.02782719755387697,0.021446261211288342,0.04944306049845171,0.028954880461795285,0.014958240323378336,0.011107619221391363,1.1102230246251565e-16,0.029730159923607946
random,0.05729000936777018,0.06670093338990435,0.06439052880457463,0.06415703714005394,0.007888291549277837,0.10037238086861267,0.07224134819763739,0.05975974636290515,0.050621475961018736,0.029730159923607946,0.0
