,square,rectangle,parallelogram,losange,isoTrapezoid,kite,rightKite,rustedHinge,hinge,trapezoid,random
square,0.0,0.005614067231370923,0.030417842400960238,0.0342743408686087,0.04610737397975351,0.029954198578479363,0.02054651803879004,0.018561717640509845,0.017483666264989206,0.013022634971311509,0.06262908758396091
rectangle,0.005614067231370923,0.0,0.0194465126906318,0.02587976458192487,0.05707783780530218,0.030467687055240167,0.02490706787676311,0.02163784514184941,0.020162223902084775,0.01976801823479235,0.07227710136111198
parallelogram,0.030417842400960238,0.0194465126906318,0.0,0.004340424150184319,0.05707298167255681,0.05333893030045411,0.05198727379350243,0.042912165360030174,0.03369144677877012,0.028474312091755327,0.06924531733249872
losange,0.0342743408686087,0.02587976458192487,0.004340424150184319,0.0,0.05992011852242074,0.05304857868960011,0.05462515723914363,0.0486574398464652,0.04069606352878152,0.030518552886938388,0.06837970797129866
isoTrapezoid,0.04610737397975351,0.05707783780530218,0.05707298167255681,0.05992011852242074,1.1102230246251565e-16,0.07700152435762198,0.05374493854466078,0.05435017539847076,0.04546501099544331,0.022628760485612354,0.010112316836343282
kite,0.029954198578479363,0.030467687055240167,0.05333893030045411,0.05304857868960011,0.07700152435762198,0.0,0.010131656346156648,0.06787335558593499,0.06975567740460675,0.050921941452518826,0.10333506152625627
rightKite,0.02054651803879004,0.02490706787676311,0.05198727379350243,0.05462515723914363,0.05374493854466078,0.010131656346156648,1.1102230246251565e-16,0.04041422257013294,0.04453311153666417,0.03015437856155201,0.07489734674416515
rustedHinge,0.018561717640509845,0.02163784514184941,0.042912165360030174,0.0486574398464652,0.05435017539847076,0.06787335558593499,0.04041422257013294,0.0,0.002766176189416769,0.017799458441383642,0.06343181235683637
hinge,0.017483666264989206,0.020162223902084775,0.03369144677877012,0.04069606352878152,0.04546501099544331,0.06975567740460675,0.04453311153666417,0.002766176189416769,1.1102230246251565e-16,0.0136707728481128,0.05414919379020211
trapezoid,0.013022634971311509,0.01976801823479235,0.028474312091755327,0.030518552886938388,0.022628760485612354,0.050921941452518826,0.03015437856155201,0.017799458441383642,0.0136707728481128,0.0,0.03164132729476865
random,0.06262908758396091,0.07227710136111198,0.06924531733249872,0.06837970797129866,0.010112316836343282,0.10333506152625627,0.07489734674416515,0.06343181235683637,0.05414919379020211,0.03164132729476865,1.1102230246251565e-16
