,square,rectangle,parallelogram,losange,isoTrapezoid,kite,rightKite,rustedHinge,hinge,trapezoid,random
square,0.0,0.004646553031649736,0.027458564543201502,0.029462269281214426,0.041369523120017404,0.02668941090739252,0.016860880114427546,0.01387267301496986,0.013775139491570276,0.009451333574378107,0.05608942318747012
rectangle,0.004646553031649736,1.1102230246251565e-16,0.01729064127535651,0.021316257289483942,0.051419292858838395,0.026824457913159794,0.020820972827911177,0.017376533156537644,0.01711773788610127,0.015772928631498262,0.06533856034005925
parallelogram,0.027458564543201502,0.01729064127535651,0.0,0.0030256138292269474,0.05168784020406936,0.04904641466266679,0.04738431456556458,0.03825796997289743,0.030189812221032675,0.025202531657737337,0.06334571031870961
losange,0.029462269281214426,0.021316257289483942,0.0030256138292269474,0.0,0.05421736748644834,0.04774003982220398,0.049164873625167194,0.043255170976578494,0.03605866123949275,0.027200379128546337,0.06333479368126249
isoTrapezoid,0.041369523120017404,0.051419292858838395,0.05168784020406936,0.05421736748644834,0.0,0.07495072751297549,0.05214256590736033,0.04962806292958388,0.04074189752596524,0.02115273534766704,0.007311803301693565
kite,0.02668941090739252,0.026824457913159794,0.04904641466266679,0.04774003982220398,0.07495072751297549,1.1102230246251565e-16,0.009589067161899889,0.06500024328716125,0.06742505011676525,0.048897418122334946,0.09963961847259584
rightKite,0.016860880114427546,0.020820972827911177,0.04738431456556458,0.049164873625167194,0.05214256590736033,0.009589067161899889,1.1102230246251565e-16,0.03756686959905453,0.04196742076298876,0.028587240626406496,0.07163530412851382
rustedHinge,0.01387267301496986,0.017376533156537644,0.03825796997289743,0.043255170976578494,0.04962806292958388,0.06500024328716125,0.03756686959905453,0.0,0.0023306966579291766,0.014129017598644489,0.0588944477703065
hinge,0.013775139491570276,0.01711773788610127,0.030189812221032675,0.03605866123949275,0.04074189752596524,0.06742505011676525,0.04196742076298876,0.0023306966579291766,0.0,0.010303839393858705,0.049750331589280106
trapezoid,0.009451333574378107,0.015772928631498262,0.025202531657737337,0.027200379128546337,0.02115273534766704,0.048897418122334946,0.028587240626406496,0.014129017598644489,0.010303839393858705,0.0,0.029496325180281446
random,0.05608942318747012,0.06533856034005925,0.06334571031870961,0.06333479368126249,0.007311803301693565,0.09963961847259584,0.07163530412851382,0.0588944477703065,0.049750331589280106,0.029496325180281446,0.0
