,square,rectangle,parallelogram,losange,isoTrapezoid,kite,rightKite,rustedHinge,hinge,trapezoid,random
square,0.0,0.00491817006072004,0.028313740034163648,0.030846075458398126,0.04238072465896481,0.02764148290790225,0.0179238542888559,0.01485669193442285,0.014623173707365544,0.010605242367021983,0.05768343234073292
rectangle,0.00491817006072004,0.0,0.01784760647850958,0.02251471076846223,0.052709381058450466,0.027890988672851336,0.022003747237214988,0.01820418645895172,0.01776734745351538,0.016994802126350517,0.0671157433359767
parallelogram,0.028313740034163648,0.01784760647850958,0.0,0.003309955716589541,0.05296324054667534,0.050288049979973715,0.04862764282607335,0.03915340561532665,0.03098218165125377,0.026062534406619542,0.06470736307833846
losange,0.030846075458398126,0.02251471076846223,0.003309955716589541,2.220446049250313e-16,0.05560608548414203,0.04929488812358418,0.05065237859869731,0.044409079621982706,0.037181423061119157,0.02803501352391824,0.06443721542758873
isoTrapezoid,0.04238072465896481,0.052709381058450466,0.05296324054667534,0.05560608548414203,0.0,0.07521462239500876,0.052399506279696584,0.050760506950524475,0.04199013679626129,0.021495868786627903,0.008093604800306964
kite,0.02764148290790225,0.027890988672851336,0.050288049979973715,0.04929488812358418,0.07521462239500876,0.0,0.0097695665381613,0.06585515257505548,0.06825131049275168,0.04958680744607924,0.10049902632281149
rightKite,0.0179238542888559,0.022003747237214988,0.04862764282607335,0.05065237859869731,0.052399506279696584,0.0097695665381613,1.1102230246251565e-16,0.03847193269659388,0.04286994122834431,0.029067426203836844,0.07236355658314175
rustedHinge,0.01485669193442285,0.01820418645895172,0.03915340561532665,0.044409079621982706,0.050760506950524475,0.06585515257505548,0.03847193269659388,0.0,0.0024335532013941563,0.01521631208679508,0.05998816585686095
hinge,0.014623173707365544,0.01776734745351538,0.03098218165125377,0.037181423061119157,0.04199013679626129,0.06825131049275168,0.04286994122834431,0.0024335532013941563,0.0,0.011393933808083179,0.050863275725089085
trapezoid,0.010605242367021983,0.016994802126350517,0.026062534406619542,0.02803501352391824,0.021495868786627903,0.04958680744607924,0.029067426203836844,0.01521631208679508,0.011393933808083179,0.0,0.029848019787836022
random,0.05768343234073292,0.0671157433359767,0.06470736307833846,0.06443721542758873,0.008093604800306964,0.10049902632281149,0.07236355658314175,0.05998816585686095,0.050863275725089085,0.029848019787836022,0.0
