,square,rectangle,parallelogram,losange,isoTrapezoid,kite,rightKite,rustedHinge,hinge,trapezoid,random
square,0.0,49.16805545148669,79.46849285539925,100.14201948682812,102.12723805869392,92.11018235929515,95.59508034863799,108.44425715598766,100.33844620879357,93.53826367037833,118.27613509262875
rectangle,49.16805545148669,0.0,66.40880785913383,95.72163242937795,111.2932677356529,96.76238629477452,100.90802737691175,103.57699326392022,92.60698322109378,98.13625851482225,122.14839043220316
parallelogram,79.46849285539925,66.40880785913383,0.0,48.09811710604278,101.88764867199895,94.10754631156198,95.51537628352541,97.15287893254192,88.58273463389064,80.97478770429036,104.60786145538647
losange,100.14201948682812,95.72163242937795,48.09811710604278,0.0,103.3421706516332,100.60677470711244,100.72714870986452,102.74616250508389,98.35005064313091,80.45999022630026,96.36561641139816
isoTrapezoid,102.12723805869392,111.2932677356529,101.88764867199895,103.3421706516332,0.0,61.10415163082538,54.367986540393126,90.13968144166898,91.79536884354604,53.05689171126786,72.0163536603335
kite,92.11018235929515,96.76238629477452,94.10754631156198,100.60677470711244,61.10415163082538,0.0,35.98058597467749,82.06742775461646,78.99835791410506,66.79646691982508,81.60017451206697
rightKite,95.59508034863799,100.90802737691175,95.51537628352541,100.72714870986452,54.367986540393126,35.98058597467749,0.0,78.5065663094366,77.50497689754239,56.12415356092358,76.4984731108783
rustedHinge,108.44425715598766,103.57699326392022,97.15287893254192,102.74616250508389,90.13968144166898,82.06742775461646,78.5065663094366,0.0,29.7220393614503,85.64117269091763,86.03316147013349
hinge,100.33844620879357,92.60698322109378,88.58273463389064,98.35005064313091,91.79536884354604,78.99835791410506,77.50497689754239,29.7220393614503,0.0,83.13068997126165,85.3727653958082
trapezoid,93.53826367037833,98.13625851482225,80.97478770429036,80.45999022630026,53.05689171126786,66.79646691982508,56.12415356092358,85.64117269091763,83.13068997126165,0.0,59.25558805905071
random,118.27613509262875,122.14839043220316,104.60786145538647,96.36561641139816,72.0163536603335,81.60017451206697,76.4984731108783,86.03316147013349,85.3727653958082,59.25558805905071,0.0
