,square,rectangle,parallelogram,losange,isoTrapezoid,kite,rightKite,rustedHinge,hinge,trapezoid,random
square,0.0,60.391664293647054,79.62781969356269,95.81455068921375,50.70085015748446,43.71912502862785,37.47638687024223,67.10017654689538,63.6086936924392,55.21863370578264,77.01024834750552
rectangle,60.391664293647054,0.0,51.553355447334916,78.96074277069206,88.58540407252339,69.82025342391752,67.51804746963606,56.43190705688451,44.14578434368757,71.00463414282434,94.15282119220231
parallelogram,79.62781969356269,51.553355447334916,0.0,48.84900754669362,94.0030942334919,86.73576711822678,79.08689354937748,68.21974189857983,57.37644024181382,65.815472748376,86.6432175193999
losange,95.81455068921375,78.96074277069206,48.84900754669362,0.0,99.18276767116568,99.1627521194233,92.75263813166475,78.12450642401816,73.48064645887477,69.43663919124049,75.29418798425237
isoTrapezoid,50.70085015748446,88.58540407252339,94.0030942334919,99.18276767116568,0.0,52.25993682091012,48.43976885754067,87.69306625758249,87.46023136932136,57.23849593542747,68.65938857505971
kite,43.71912502862785,69.82025342391752,86.73576711822678,99.1627521194233,52.25993682091012,0.0,36.929152006455546,80.67003137710209,79.07993872587541,71.22089539741145,86.66837693549911
rightKite,37.47638687024223,67.51804746963606,79.08689354937748,92.75263813166475,48.43976885754067,36.929152006455546,0.0,76.53857034424877,74.15356243481803,53.67709669198875,78.81381443312188
rustedHinge,67.10017654689538,56.43190705688451,68.21974189857983,78.12450642401816,87.69306625758249,80.67003137710209,76.53857034424877,0.0,22.28121913661488,72.69474901265932,81.98402884301115
hinge,63.6086936924392,44.14578434368757,57.37644024181382,73.48064645887477,87.46023136932136,79.07993872587541,74.15356243481803,22.28121913661488,0.0,68.53926345718182,82.29827955110176
trapezoid,55.21863370578264,71.00463414282434,65.815472748376,69.43663919124049,57.23849593542747,71.22089539741145,53.67709669198875,72.69474901265932,68.53926345718182,0.0,48.51443919363696
random,77.01024834750552,94.15282119220231,86.6432175193999,75.29418798425237,68.65938857505971,86.66837693549911,78.81381443312188,81.98402884301115,82.29827955110176,48.51443919363696,0.0
