,square,rectangle,parallelogram,losange,isoTrapezoid,kite,rightKite,rustedHinge,hinge,trapezoid,random
square,0.0,302.256961093239,619.2386444801771,655.5113742995568,757.8140835743637,614.4996367005389,509.13878493439273,484.46076949581834,471.4010985572802,406.1149948157368,883.2800092890026
rectangle,302.256961093239,0.0,532.4025748649486,620.8965849252362,886.9366491520848,654.9256713154081,598.5628796665378,564.7243642227713,536.104907348143,535.0251601212235,989.9072313570528
parallelogram,619.2386444801771,532.4025748649486,0.0,238.2214238728696,831.6168542063668,812.5640997311609,800.2165233583208,725.3803547166326,650.1546566214499,594.5607569893921,919.4574331568973
losange,655.5113742995568,620.8965849252362,238.2214238728696,0.0,837.6220396302601,802.1626069890272,810.8425761024083,762.4672625042277,710.6390103798417,611.6054964593256,900.9840106094723
isoTrapezoid,757.8140835743637,886.9366491520848,831.6168542063668,837.6220396302601,0.0,964.9957250458804,803.9996997663991,805.3528315647425,750.3397513608352,528.0825802936898,347.4875088313699
kite,614.4996367005389,654.9256713154081,812.5640997311609,802.1626069890272,964.9957250458804,0.0,353.4337122953928,911.9766382480063,934.9950264422911,795.035573172527,1122.8049521364467
rightKite,509.13878493439273,598.5628796665378,800.2165233583208,810.8425761024083,803.9996997663991,353.4337122953928,0.0,701.7158898072163,745.9363201628274,610.5036735803577,953.1862752938799
rustedHinge,484.46076949581834,564.7243642227713,725.3803547166326,762.4672625042277,805.3528315647425,911.9766382480063,701.7158898072163,0.0,193.31936158027116,468.69992692524244,874.4801223472722
hinge,471.4010985572802,536.104907348143,650.1546566214499,710.6390103798417,750.3397513608352,934.9950264422911,745.9363201628274,193.31936158027116,0.0,414.87835440574605,819.7712972748575
trapezoid,406.1149948157368,535.0251601212235,594.5607569893921,611.6054964593256,528.0825802936898,795.035573172527,610.5036735803577,468.69992692524244,414.87835440574605,0.0,623.4707469984777
random,883.2800092890026,989.9072313570528,919.4574331568973,900.9840106094723,347.4875088313699,1122.8049521364467,953.1862752938799,874.4801223472722,819.7712972748575,623.4707469984777,0.0
