,square,rectangle,parallelogram,losange,isoTrapezoid,kite,rightKite,rustedHinge,hinge,trapezoid,random
square,0.0,131.30747227920315,212.052456739089,227.4311442273503,175.33909977213582,186.75637026658964,124.41833014145534,163.82721334193434,168.7923040158768,127.45314946874768,196.43048641713236
rectangle,131.30747227920315,0.0,128.70519140745662,164.9816379250244,235.03669998270124,202.9069008180787,166.5135478073282,134.34497920329852,141.52991291776158,152.07267591681403,223.39102547415757
parallelogram,212.052456739089,128.70519140745662,0.0,75.27099117811362,248.71019406673005,227.97951570877896,214.88269597396612,197.46492020243602,191.95086537501126,171.11342385339486,221.94541357209263
losange,227.4311442273503,164.9816379250244,75.27099117811362,0.0,256.5952127607492,220.46933742155917,220.694655737893,226.83403450512174,224.05033680222573,182.865759907475,225.04913531216968
isoTrapezoid,175.33909977213582,235.03669998270124,248.71019406673005,256.5952127607492,0.0,262.1044764180293,201.3125722907956,226.0137437607038,210.26229415348897,131.0233034021879,108.9229219258913
kite,186.75637026658964,202.9069008180787,227.97951570877896,220.46933742155917,262.1044764180293,0.0,116.10070380031878,289.3776716933596,297.8239362051684,230.21279210556258,289.2902959283807
rightKite,124.41833014145534,166.5135478073282,214.88269597396612,220.694655737893,201.3125722907956,116.10070380031878,0.0,226.93655891166145,235.128658765527,156.15419824411808,226.73779066752425
rustedHinge,163.82721334193434,134.34497920329852,197.46492020243602,226.83403450512174,226.0137437607038,289.3776716933596,226.93655891166145,0.0,45.43879168991972,167.31978543692813,208.6624737100948
hinge,168.7923040158768,141.52991291776158,191.95086537501126,224.05033680222573,210.26229415348897,297.8239362051684,235.128658765527,45.43879168991972,0.0,158.03870873637246,193.17724327565335
trapezoid,127.45314946874768,152.07267591681403,171.11342385339486,182.865759907475,131.0233034021879,230.21279210556258,156.15419824411808,167.31978543692813,158.03870873637246,0.0,107.48013521669134
random,196.43048641713236,223.39102547415757,221.94541357209263,225.04913531216968,108.9229219258913,289.2902959283807,226.73779066752425,208.6624737100948,193.17724327565335,107.48013521669134,0.0
