,square,rectangle,parallelogram,losange,isoTrapezoid,kite,rightKite,rustedHinge,hinge,trapezoid,random
square,0.0,305.80914045070864,620.6263889898686,657.7816600273766,759.7640105785932,617.1582204873791,513.0434157872749,489.9814939768085,476.8255570789552,411.3661726670601,885.3944841364633
rectangle,305.80914045070864,0.0,533.1860487239667,622.8982186803579,886.6587684856723,656.0806435847127,600.0427343409152,566.843266493702,538.3093982446966,537.117507624067,989.5684142219525
parallelogram,620.6263889898686,533.1860487239667,0.0,241.663229242459,830.1676240603293,811.4422687714505,798.9845570514939,725.2541464517835,650.5605327781718,594.7049969617004,918.4511043477298
losange,657.7816600273766,622.8982186803579,241.663229242459,0.0,836.1214184546687,800.7322080638116,809.292047765557,761.9716491845787,710.7508812165172,611.9154985764004,899.9826345836068
isoTrapezoid,759.7640105785932,886.6587684856723,830.1676240603293,836.1214184546687,0.0,962.5398257258377,801.6927887967205,802.5783016116783,747.9757112383242,527.5615875468327,348.36262946020514
kite,617.1582204873791,656.0806435847127,811.4422687714505,800.7322080638116,962.5398257258377,0.0,352.8881815231289,909.7435092532862,932.9098874009824,793.2643754095412,1119.738886744684
rightKite,513.0434157872749,600.0427343409152,798.9845570514939,809.292047765557,801.6927887967205,352.8881815231289,0.0,699.6100497189796,743.9319464404393,609.1826804458062,950.568344471795
rustedHinge,489.9814939768085,566.843266493702,725.2541464517835,761.9716491845787,802.5783016116783,909.7435092532862,699.6100497189796,0.0,193.37904379965542,468.6922984834394,871.6732299762593
hinge,476.8255570789552,538.3093982446966,650.5605327781718,710.7508812165172,747.9757112383242,932.9098874009824,743.9319464404393,193.37904379965542,0.0,415.4370480848657,817.6475897202984
trapezoid,411.3661726670601,537.117507624067,594.7049969617004,611.9154985764004,527.5615875468327,793.2643754095412,609.1826804458062,468.6922984834394,415.4370480848657,0.0,623.0384946703064
random,885.3944841364633,989.5684142219525,918.4511043477298,899.9826345836068,348.36262946020514,1119.738886744684,950.568344471795,871.6732299762593,817.6475897202984,623.0384946703064,0.0
