,square,rectangle,parallelogram,losange,isoTrapezoid,kite,rightKite,rustedHinge,hinge,trapezoid,random
square,0.0,45.72774486448221,52.43617028328412,62.46968320062879,34.9337882839273,27.83494989997264,22.47106349339483,45.75522355066811,45.52329319393526,35.5012520758195,49.85617212263687
rectangle,45.72774486448221,0.0,32.57745403452292,47.9653950775996,62.27404173471315,48.80171031297414,47.462621051647695,33.82602772779048,26.82203904943208,48.08294740105406,60.74964484133243
parallelogram,52.43617028328412,32.57745403452292,0.0,33.333027431490585,61.95057663234599,54.5186012497369,50.89785629851783,40.17447850859395,35.01702372973212,46.91023097064608,57.563918144983006
losange,62.46968320062879,47.9653950775996,33.333027431490585,0.0,64.2069595450257,61.6966953327122,59.98633787067419,44.89176321970872,43.44794313919062,49.721367787831376,50.07056334775576
isoTrapezoid,34.9337882839273,62.27404173471315,61.95057663234599,64.2069595450257,0.0,36.38285813873004,34.54622152840143,58.945563632732025,60.347085184515,39.35576747774365,46.51115661901355
kite,27.83494989997264,48.80171031297414,54.5186012497369,61.6966953327122,36.38285813873004,0.0,23.909335594884798,52.71505859785976,52.680431802649615,43.16870324356503,53.09891722167029
rightKite,22.47106349339483,47.462621051647695,50.89785629851783,59.98633787067419,34.54622152840143,23.909335594884798,0.0,49.47972689558758,49.20711453686999,34.22997076547666,51.414030355856994
rustedHinge,45.75522355066811,33.82602772779048,40.17447850859395,44.89176321970872,58.945563632732025,52.71505859785976,49.47972689558758,0.0,14.12458827589408,46.62910300591987,53.101251968518135
hinge,45.52329319393526,26.82203904943208,35.01702372973212,43.44794313919062,60.347085184515,52.680431802649615,49.20711453686999,14.12458827589408,0.0,45.817095804496034,54.531667756529394
trapezoid,35.5012520758195,48.08294740105406,46.91023097064608,49.721367787831376,39.35576747774365,43.16870324356503,34.22997076547666,46.62910300591987,45.817095804496034,0.0,36.90686834765914
random,49.85617212263687,60.74964484133243,57.563918144983006,50.07056334775576,46.51115661901355,53.09891722167029,51.414030355856994,53.101251968518135,54.531667756529394,36.90686834765914,0.0
