,square,rectangle,parallelogram,losange,isoTrapezoid,kite,rightKite,rustedHinge,hinge,trapezoid,random
square,0.0,65.34566064378211,87.95393921002004,105.2276393688653,59.060619072946324,50.80059334479782,43.706753489743804,74.65024386669853,70.47732595487179,62.22226525795449,87.16836229634461
rectangle,65.34566064378211,0.0,58.12826721854849,88.03782628920426,98.8891103568639,77.58290552848104,74.93311066663779,64.2460922526045,50.95707221038001,79.14655043616202,106.0471432274379
parallelogram,87.95393921002004,58.12826721854849,0.0,53.331416231107795,104.50448573344026,96.30151920877113,88.07171454926768,76.96930986006602,65.21830868464625,73.25337784191527,97.17394045480368
losange,105.2276393688653,88.03782628920426,53.331416231107795,0.0,109.09707886920447,109.21587693386026,102.1725569795786,88.13824548665364,82.98574234747464,76.44939762092632,84.82834286544312
isoTrapezoid,59.060619072946324,98.8891103568639,104.50448573344026,109.09707886920447,0.0,62.00248679544774,57.540151811470096,97.8766260647266,97.33081906232297,63.87596381014584,74.98421391621196
kite,50.80059334479782,77.58290552848104,96.30151920877113,109.21587693386026,62.00248679544774,0.0,42.06158005583968,90.89014245375219,89.05318685733589,81.32512608689439,98.83170675133083
rightKite,43.706753489743804,74.93311066663779,88.07171454926768,102.1725569795786,57.540151811470096,42.06158005583968,0.0,85.91057279291573,83.37919265939978,61.237610952032284,89.30939352114558
rustedHinge,74.65024386669853,64.2460922526045,76.96930986006602,88.13824548665364,97.8766260647266,90.89014245375219,85.91057279291573,0.0,25.312068637955285,81.45477207425712,92.61867935557426
hinge,70.47732595487179,50.95707221038001,65.21830868464625,82.98574234747464,97.33081906232297,89.05318685733589,83.37919265939978,25.312068637955285,0.0,76.66923111303483,92.45731378559552
trapezoid,62.22226525795449,79.14655043616202,73.25337784191527,76.44939762092632,63.87596381014584,81.32512608689439,61.237610952032284,81.45477207425712,76.66923111303483,0.0,53.74578920362458
random,87.16836229634461,106.0471432274379,97.17394045480368,84.82834286544312,74.98421391621196,98.83170675133083,89.30939352114558,92.61867935557426,92.45731378559552,53.74578920362458,0.0
