,square,rectangle,parallelogram,losange,isoTrapezoid,kite,rightKite,rustedHinge,hinge,trapezoid,random
square,0.0,304.59965108839765,618.0698503508297,653.9974067869658,757.1944995974613,615.8870756334089,511.7805537761135,488.7205852311829,476.212081493974,408.93468989811436,881.6617004431505
rectangle,304.59965108839765,0.0,530.5251392991353,618.2843222789239,882.227895131412,653.3369903255272,596.9195193920707,564.2643413521563,536.7233487197858,533.1920718170448,984.2431896566491
parallelogram,618.0698503508297,530.5251392991353,0.0,239.17351566671763,825.2175968400591,807.5525295471955,794.7586532206428,721.581051637988,647.66285025406,591.0139650739122,913.0529731953844
losange,653.9974067869658,618.2843222789239,239.17351566671763,0.0,831.232832939916,795.9015318076245,804.3407627945112,757.3844423978642,706.5515131725042,608.5549252885669,895.1820601022569
isoTrapezoid,757.1944995974613,882.227895131412,825.2175968400591,831.232832939916,0.0,959.4799812044072,798.8147721186831,797.8138565765905,742.9255297200643,525.3816411995319,344.65815473386925
kite,615.8870756334089,653.3369903255272,807.5525295471955,795.9015318076245,959.4799812044072,0.0,351.80918754897687,906.5473634112456,929.8020347794472,790.3154125990926,1115.3092097138967
rightKite,511.7805537761135,596.9195193920707,794.7586532206428,804.3407627945112,798.8147721186831,351.80918754897687,0.0,696.2076514560363,740.5452906985502,606.566693724735,946.3587936925325
rustedHinge,488.7205852311829,564.2643413521563,721.581051637988,757.3844423978642,797.8138565765905,906.5473634112456,696.2076514560363,0.0,192.24173692377806,464.71113181100657,866.8579989493576
hinge,476.212081493974,536.7233487197858,647.66285025406,706.5515131725042,742.9255297200643,929.8020347794472,740.5452906985502,192.24173692377806,0.0,411.2867077060805,812.7383457826197
trapezoid,408.93468989811436,533.1920718170448,591.0139650739122,608.5549252885669,525.3816411995319,790.3154125990926,606.566693724735,464.71113181100657,411.2867077060805,0.0,620.2260976788532
random,881.6617004431505,984.2431896566491,913.0529731953844,895.1820601022569,344.65815473386925,1115.3092097138967,946.3587936925325,866.8579989493576,812.7383457826197,620.2260976788532,0.0
