,1610555604.25mOvVXuL01OCiReyVWBfesjuvXmB3MoPy,1610555605.43B6oDsBtWRQ29Q9UMQuTUEPZy3FSSWXzc,1610555610.92HPGJJSmyPM40z7otPBgHalNrHFA7zk5d,1610555606.68LaSQbm9EHAFycEfFtEqAwYqlBsQPjIRW,1610555617.19EKxMEwDHfXiEJZc27TsGoERaD6Da4BZU,1610555722.52PJ3FD50MGhRXyUD28vluU8Z9UjLJLZn4,1610555617.52Ijr5puT55g9apK8auM7zaxa3NANg502t,1610555638.77ZLjTLkz4jYJdFMI2wWBztzsDILkoOtAk,1610556912.46C7tJPLF0XfNnm8f1820X9aLmXMHoc0Dw,1610555617.51LjzIROg0aeCP2GhDcAVQ0LipKJB9jmKc,1610555608.17OpjjHobqRkX0UPcaXrbu7K6L3805SZri,1610555721.82zWeNZfGUUfRJkgnAwlP8VMhPzXctnSd4,1610555735.75bom85BDF0C7W2eIseHeMxi24qR68nzMi,1610555735.77NnT5xqKnwcf2BbjIekeb2arTQj6QMNwk,1610555638.33wjf1PhdNaoWfbRzXVn50hmFyB5bYAiLV,1610555606.65jCE4ig8Pu8kvAzkxnSGfWsV0nQBjCf8H,1610555608.18ONsBCVo1i7BrX0XG9stct4oiA6ejX9Oz,1610555721.51RNoQUMP19FTMS79BmA3JkgSm2IC2AQuQ,1610555971.86O0cHB2ibBJ8jxoObg01EpGe8VVV5mpwn,1610556911.51zU3duZSGpcw1BDNsBLxdOCITAXwl6z3i,1610555988.71dMoYT8250UHHJGxgmITTmbHe7V6gH1yU,1610556042.81mlUZsSp7gbGjrp8jQSnybT1gPy6e62o1,1610555637.02UBW5nKvDyUrKnaWcYRGajZPxTRDS0q3N,1610555619.13oUYNikU4facCTpUSiSLr0vPI0tJLnXiT,1610555721.03nzkucfjAUh31zTbmCVvTVYqtjoxZFnBh,1610555722.67fhKURdXVzRbLIjXmjRwdJHTnE7PWb1AE,1610555638.39J2ZWBLuLTHP0jOlzB4tNHmYeijH5g5YJ,1610556032.17Q6yCDx9g7alRnL9jBFXD2JhhUyB2hKfJ,1610557007.49MyVgDnuUuBxrvL6SGOdhKf69VYlW1MSm,1610555638.44hjT5hbYdKoE3MB6hijrjqbjmLgvCUYKD,1610555608.13zUvmFSCRt6SsLbhqFznMEvGx54GPGQzM,1610556038.62a5C4ynd1AARyAhTv8a58NCqHvXRjscqH,1610555644.45Xse8u7pusHNsd7F3d0A32HXvXr6weOJE,1610556038.62gKXOCG7XCn55eJvyl5voNjbwOW0znQDq,1610555987.13v0oleKK97pkesp6oMgprH8SoSdoDVdIO,1610556964.96ZLLeiQW0qpmxhPGTg7K03fmzkqsC2bjC,1610555987.13VQlEedQ50VvkPMEMzZDv3KNnQCewykN9,1610555982.186TY6MMGkDecIN1woW6vsfAMXVV7jnyjO,1610555982.673LuMndkwkvdmZOn0MmE2Pkidx0FtNalb,1610555733.38zItcuH7gHNfKdALR2d9Nek6bxCyw36Vm,1610556034.15BQxSbZINGCay0yp6RBVlgcPrw76Yn9ON,1610555639.37BPZpgtGml8qUsh9AdV4m32jPLfI2aNFq,1610556965.57S0adAalhWYe6K3bkZU0bRHbqnDK8gGkR,1610555983.54zteLPCMjyrjzPdhHhlZr3faCgD0TfYr3,1610555987.79rHnNRmt9a0ufmnwCvZqBouyUoZDNpylW,1610556960.041xWER61rmArlsKfiMl4frikWmUCnQ7op,1610556035.13a7NHZDutfTMJ88qle1gTYY59Dr4WmMsj,1610556890.456ZBDaY16bMtrTZTqAgHl3wq1tRxzqDow,1610555760.24e6890pkbyZ97Or6croI1rQgjkSsR0yVt,1610556043.02YpWMIJg3W004iqlPyv8OcVAZdSC5rNYw,1610555987.03z05P26TLtONYM1HSzupoc2CeNMa6HTqr,1610556032.15OYCzUxpsz7b10AXBAuDXrvEcvxFhf0M7,1610556032.63Z80yI9pNwS3jSmsDABbuhf8wkNa2Ze9y,1610555736.28eGuESasTXdR3SqY6pHhEXWZtcdciYLCO,1610556034.61bebeZA0MkaFG2sm3VKiqrxeqQginTTW0,1610556944.5XwXOphKYT3ZkWA8gViqOS97VHVuMVUqb,1610556944.745UVLFBzf7fPh4UH37I6tYQOFPqRDytEh,1610556034.63XsUwaFaPZevO1JNFjfhvY4aKNFnV4noV,1610556964.89xwBHw9faT1HjQRMNQEyA4qJ3hWkwgj3k,1610556966.74DydzH91jtyvRyYau47JpVkZoMRSNTt01,1610555740.77UueVziDbaXyRR4OcVJIIZyzOfAzN51bj,1610556046.84e3vwjyRCzqz0wJQhrk8zsxlFfFSv98Df,1610556137.99eoPuVrDThKAOvmeprLPb2FWRqIhzUodc,1610555740.73XFwSrmTXJPlaxGZSefh0jOVA8PI3III1,1610556123.88AOfNaz9jSnqU5Czc7okOv1RCrYfKFBTo,1610556046.85nB7NvyoYQeLcOV391Lmmut1wAM8CFGLw,1610556123.89H4pdIAzDthI7bMXMhlIhKUYIQIvtmPPQ,1610555740.87GOYQUJKpkynIS2lFqppYK4b32ol7NeGh
1610555604.25mOvVXuL01OCiReyVWBfesjuvXmB3MoPy,0.0,2386.138792961941,627.9945462125448,2176.117224942245,1879.2375483507014,2037.0948606224606,1752.7114840578113,624.7701200322812,1767.3598160984386,2049.740778231092,2709.619173146589,2230.441678361986,2618.7713395544206,1319.4733983405515,2556.211814578394,1906.8188547557322,3157.4482321256055,2638.886425971863,1983.5433343348657,1828.9018537890086,2576.624186828017,2952.416165083344,1880.9470901061143,647.3093705562928,2223.3067271974724,2244.044198994257,1707.6792562548774,2334.256135577995,2342.7449221904894,1761.7441107176096,1888.9777382262992,2175.79749676987,2369.772142659407,2133.9426099574766,2206.2464402866603,2329.652396415229,2081.321948084629,2086.016905807593,2387.7899776548984,2183.5007548258664,2107.898873947255,2835.0357439940976,2272.4827493775692,1977.944851862966,2609.7696201587164,2748.5211108354456,2139.764909356405,1982.411706572879,1966.3797282321123,2535.8597529473845,1780.1683023386072,1898.2377133618677,2371.709324219652,2880.9380758748543,1701.146639672043,2133.3209997148656,2329.154491385804,1914.511352239961,1767.7899503564317,2210.298903961704,2835.4348752402097,3179.3328603136156,2069.582619694771,3017.8132597388126,1942.3306224567218,3179.2931373967685,2294.4736198558203,2683.4255246443468
1610555605.43B6oDsBtWRQ29Q9UMQuTUEPZy3FSSWXzc,2386.138792961941,0.0,2298.4628527968007,2398.2132611967836,2481.852695068185,2510.3783126751805,2383.031236994324,2292.066222426085,2506.375564341079,2355.5335656150264,2660.3648644808018,2636.4121736874654,2537.9447389990482,2386.250415805608,2889.1485596528514,2480.8459972416204,2986.7200008574314,1374.4157659399527,2502.4284289406605,2331.1705701649107,2893.673763911432,2991.02743345716,2369.475924213764,2289.3703568667943,2598.1803272308553,2762.816353048099,2425.8023191784378,2587.8777650635634,2503.7309452689033,2204.3925481072665,2517.2589114809252,2547.4887519774165,2451.7508797346613,2335.0120628371833,2629.281943353801,2852.1287426967915,2603.510337866349,2352.531889302405,2488.0334302354418,2862.6319020675737,2407.777575858407,3038.228964195938,2772.895750595386,2536.785231393397,1910.6204961492922,1424.7669201940446,2695.2578878060644,2616.6695517012386,2292.9007872165807,2956.208458298298,2414.3335385395476,2550.6985347837326,2837.162552328529,3003.065029605956,2327.471549143887,2578.768411008987,2618.9743030713744,2327.7899463312506,2414.673555670454,2532.278443849731,2904.510295610794,3096.5759248713675,2431.5237991024374,3131.7650401405613,2401.414128848012,3206.909768241794,2790.8071216563926,2847.0745906952066
1610555610.92HPGJJSmyPM40z7otPBgHalNrHFA7zk5d,627.9945462125448,2298.4628527968007,0.0,2079.6055960990006,1766.5805653736304,1990.79747257124,1631.3401523770474,712.539437300361,1755.8155818959835,1946.9746799465995,2632.7379744055816,2327.448595186062,2539.1408931528385,1317.1297363529045,2545.9217670974804,1795.8928952644706,3091.724885553115,2687.9152427661893,1945.7038615108502,1719.0743853022445,2565.280031381903,3028.102737397252,1768.3990223329367,826.0709742451705,2139.4230652570973,2204.936885061328,1582.8586918859678,2244.6062185597266,2253.381218693623,1641.0409678181768,1776.9383900191883,2079.2710004608807,2281.467324888331,2035.4321921890748,2111.1127148589903,2258.523510060798,2010.4315762482433,1985.1296375110114,2300.176976625502,2268.849205193637,2022.9363420954794,2799.0865061820837,2220.7469480393565,2075.245248005328,2535.362289873193,2673.204847896074,2088.510406922653,1932.2059211056562,1859.0111301473305,2453.5475711264357,1853.2422322247673,1828.20046255274,2283.479420752314,2808.7501390182015,1575.8086927279357,2034.780848344107,2259.661584207217,1804.0584425858044,1813.7376916732483,2156.768534347964,2815.4692546060965,3114.0698144797952,1967.852983876587,2990.0119523385665,1833.5543060794714,3201.9249329029576,2203.1614560731045,2652.9299405111346
1610555606.68LaSQbm9EHAFycEfFtEqAwYqlBsQPjIRW,2176.117224942245,2398.2132611967836,2079.6055960990006,0.0,2332.7550773215967,2482.9916911499263,2286.1164111085795,2090.8284766712395,2260.7447314077135,2390.459929165705,2622.4490842107875,2395.9007370218233,2834.5645699116544,2279.1300880361355,2891.0374351934247,2294.8828393925237,3136.121517802794,2638.5009944343424,2391.395563512018,2216.2615000723367,2680.0358993887785,2992.614451467846,2341.387879306131,2070.2669905250873,2637.218077521614,2657.980753030727,2119.6135382891835,2404.310932455814,2493.0499018441615,2227.6785202977912,2266.3514463559986,2567.139880307248,2578.225910176412,2431.998798551184,2415.0385290845093,2620.9281586617863,2416.7579919910154,2385.1495557179237,2511.1438016584334,2698.4326046114625,2267.8527660684376,2747.387180943705,2664.093726870898,2258.5190200373554,2588.008410484813,2786.0215040064545,2601.3619146596147,2403.6471766791997,2282.769044073562,2712.6612469282168,2173.0389731610094,2368.801179426648,2730.6776114581976,2963.5557480595994,2133.303198258108,2578.8379834009925,2695.65427293732,2108.697358449045,2267.4996004226696,2613.021076683764,2901.6627198108886,3185.8479991003805,2292.3216727490503,3297.9417172022477,2227.5953022050326,3422.147508141181,2495.1623991958163,2807.043829901999
1610555617.19EKxMEwDHfXiEJZc27TsGoERaD6Da4BZU,1879.2375483507014,2481.852695068185,1766.5805653736304,2332.7550773215967,0.0,2305.2873586141973,1584.6058651493233,1777.149301858068,1966.3615261784776,2189.536973693607,2670.74240608641,2535.813688195101,2729.2383381719424,1935.0139525067132,2613.147807791341,2019.7942490183932,3055.7070231349776,2774.76539410902,2193.5516623940125,2075.7951112422693,2682.5835918409475,3004.6321724504396,1954.9214195924403,1803.9978500131137,2310.702431585658,2425.2141702584267,1866.5285971203677,2440.779664058976,2510.4567325892876,1748.1517661325859,2060.806724726751,2146.974053184096,2491.6771278297615,2310.369151474295,2341.868889703912,2477.165602838233,2300.9704046819443,2260.5103063100264,2481.585132027009,2485.460032113009,2256.5404936440123,2986.4421001537085,2326.447934483712,2431.717344660034,2688.5718704872534,2775.667738216392,2343.6765208348234,2222.440339067033,2075.1171249473423,2587.3895746235703,2153.0265629480427,1994.6592565633684,2530.586416957356,2966.723800796388,1895.5661647038517,2212.6050261417663,2283.9975532608323,2154.910427157621,2099.724223683643,2260.68022494894,2787.7396574356762,3159.657957813534,2250.407395534221,2976.619990380214,2126.095962814407,3255.9554201293013,2417.314938944807,2563.110251972514
1610555722.52PJ3FD50MGhRXyUD28vluU8Z9UjLJLZn4,2037.0948606224606,2510.3783126751805,1990.79747257124,2482.9916911499263,2305.2873586141973,0.0,2170.0003315072126,1931.4928144713692,2101.2103220828203,2420.9023419089744,2756.270911717712,2538.451471550955,2815.409377433497,2039.3196749429726,2798.1846193108354,2293.645073763126,3139.7195300274198,2722.8948872225706,1386.9110643428787,2236.531949320892,2724.1477225357403,2862.1968184025727,2130.890302566376,1933.0637092573736,2401.9819233566122,1521.963044334015,2125.62595328965,2611.1257527678335,2653.7161336247686,1965.4134713079475,2267.674891413195,2294.697654440781,2697.2487648042425,2495.028317745785,2434.66887542118,2572.145853490899,2439.467312296474,2449.6815287230343,2629.1194166972914,2603.9547347230073,2483.065959967476,2980.503300621482,2649.2723544820533,2496.141431953781,2758.832464031984,2721.707557037499,2256.557446258476,2136.7734366605755,2350.740339128902,2757.0197890125173,2230.2389554930546,2077.867481658832,2645.8771310174775,3043.9794908347653,2107.484579128366,2084.171243322534,2570.414564840511,2261.3919496140047,2202.4627564321263,2123.3587826920616,2987.626982618889,3281.0393909593417,2422.6889191229343,2952.5673878171456,2330.9365584615007,3153.584765867931,2479.0458889670963,2848.665704785625
1610555617.52Ijr5puT55g9apK8auM7zaxa3NANg502t,1752.7114840578113,2383.031236994324,1631.3401523770474,2286.1164111085795,1584.6058651493233,2170.0003315072126,0.0,1717.7898368657998,1814.9017058142424,2170.077510276443,2611.113164287157,2596.3838384081605,2646.8628688467024,1803.872219675579,2650.8709573671845,2052.5896705930572,3076.282811425338,2764.3072205836806,2044.7030123546685,2095.377146921264,2830.7199912117944,3058.1783106957478,1951.8855523335278,1707.0924227702394,2341.5017543234003,2348.770000041888,1890.7215975490874,2389.5317418736,2441.9021718281233,1590.6912132966252,2063.9998989962296,2039.7615337521577,2474.594744758457,2274.5569132104497,2321.123427609927,2461.0180069307103,2317.629522057705,2237.429602382734,2430.577083113226,2423.8834373895934,2253.946954326792,2938.1515983438444,2445.8474631370314,2350.812802743499,2611.320059203305,2727.4493831155587,2375.0050088868256,2243.2705995117653,2065.9343707707058,2635.5393915333575,2176.2129286889617,2065.3639246775733,2478.365928794796,2869.4705547070766,1903.3083221926656,2157.9005975437067,2382.8460067360484,2129.178230369189,2144.37956682566,2180.780661771899,2800.21087681129,3124.5088903992178,2224.095901575372,2915.550697890213,2103.774866690456,3190.2190100218654,2461.9709374573267,2685.5589015092714
1610555638.77ZLjTLkz4jYJdFMI2wWBztzsDILkoOtAk,624.7701200322812,2292.066222426085,712.539437300361,2090.8284766712395,1777.149301858068,1931.4928144713692,1717.7898368657998,0.0,1652.0691034877996,1939.4191106238377,2687.2368625382296,2197.8178613495106,2533.352039804341,1142.4497053953448,2468.9835603543725,1829.6457880517628,3125.5404886916504,2609.2976387698673,1883.6681179154377,1704.350342063701,2517.8157474885797,2930.6229023030533,1760.0770393615915,757.2761758456708,2122.027615030752,2180.5868280512195,1640.1732604203075,2313.186452102595,2259.08085870665,1632.0697106304665,1775.921949542786,2072.1978611265467,2275.0229090787006,2067.879052130589,2144.7074877094374,2282.401726928261,1972.7671294319978,1977.7768961516927,2296.86271203926,2155.006786467146,2050.197567799845,2813.3840700589058,2256.3039585740057,1983.110994792474,2524.0490162605793,2667.466950520681,2075.169609650167,1870.116665775665,1851.0965572631367,2507.41299665942,1735.8101443412902,1778.5491462732896,2288.0232098956953,2830.1488390178706,1566.4739815956184,2055.183245621977,2246.909574721073,1795.9017084921156,1700.0333474052795,2114.914924212275,2804.6860823226602,3185.604371276961,1968.2686623244922,3017.964745247967,1825.5306988728264,3169.17619040786,2246.825498474957,2646.98644562865
1610556912.46C7tJPLF0XfNnm8f1820X9aLmXMHoc0Dw,1767.3598160984386,2506.375564341079,1755.8155818959835,2260.7447314077135,1966.3615261784776,2101.2103220828203,1814.9017058142424,1652.0691034877996,0.0,2193.998305514277,2797.8727514175457,2330.39976427385,2732.792811265403,1790.080317771269,2563.4218715619654,2060.8536720172715,3237.3807592754806,2706.2303559235265,1743.3188947070705,1988.6200505349873,2487.851589450332,2924.432902554461,2030.4790955553474,1635.883468036817,2351.3642139971716,2327.663357501828,1877.6343471199298,2422.02874207243,2476.3060444567604,1908.1821582735533,2040.6333298872526,2295.9772613107693,2495.5983881181546,2272.1054028678427,2302.5669332361163,2430.344857583214,2213.6579515451376,2227.7618212705056,2508.102109527274,2396.0369117134137,2314.353445292342,2838.3471945769556,2321.567852632557,2315.434623870874,2724.2238547970455,2845.6889795796,2209.661368509807,2015.3725701849814,2116.327138593717,2624.352758201993,1956.6607282470097,2012.3320338325684,2495.2178797995975,2993.455348117243,1872.9833264507781,2273.7845609380893,2405.4567902758104,2068.692615627547,1901.0881058146397,2237.2652585828127,2865.7424963327503,3289.4456537418782,2212.210310778776,3007.696026851234,2093.856217904152,3191.439801769116,2422.9154893526606,2646.7851763140734
1610555617.51LjzIROg0aeCP2GhDcAVQ0LipKJB9jmKc,2049.740778231092,2355.5335656150264,1946.9746799465995,2390.459929165705,2189.536973693607,2420.9023419089744,2170.077510276443,1939.4191106238377,2193.998305514277,0.0,2923.0205121752188,2576.0092964556525,1667.274797956706,2107.8276038517506,2750.6978676004933,2183.695832761321,3370.0405280949085,2740.6989366623193,2398.6622353539337,2199.713483996736,2825.986046280539,3162.9885582428246,2110.7211554565133,1936.2323077478984,2436.5245935328503,2666.24431002745,2105.960150144012,2581.916828221377,2320.594053207402,2059.833594613136,2126.5782316796526,2423.4823854940696,1184.8737077792982,2340.8902324705728,2424.7801043687487,2643.9966662556544,2320.8632576774694,2320.9471171054797,2561.5238370230195,2560.1030065566733,2375.2655056542467,3149.176673393737,2529.9443190936013,2537.968187744073,2731.871757019721,2766.8445239464263,2457.9551792559246,2341.2338219685125,1335.2451231394928,2795.0712695042694,2222.4231768939676,2243.9134833840217,2501.3520739516257,3037.113578182468,2048.00866161422,2370.0488709857877,2559.940897268541,2138.6531921763767,2246.6912015702496,2465.5581188698907,3004.1136985071216,3333.097042086173,2134.334607565988,3299.3828851471553,1905.8659896160052,3414.9372762247544,2605.5068090832033,2865.3149728109756
1610555608.17OpjjHobqRkX0UPcaXrbu7K6L3805SZri,2709.619173146589,2660.3648644808018,2632.7379744055816,2622.4490842107875,2670.74240608641,2756.270911717712,2611.113164287157,2687.2368625382296,2797.8727514175457,2923.0205121752188,0.0,2832.964126483279,3297.8358007010347,2759.1607594121538,3094.2603354814223,2638.8681516121515,2893.267145958854,2851.822030499422,2821.4967233601205,2732.9186500001733,2964.110864836764,3109.6500901462787,2735.742351179889,2672.7532216684262,2883.0447917912675,2924.895502397044,2655.403895639573,2877.291248172275,2926.8065410725985,2657.3185592245973,2833.4400519489127,2832.1393226110968,3094.7725542524454,2819.8588696047036,2831.213287211555,2993.2372784055083,2838.3359463114534,2919.6948096468686,3129.358890416705,3076.4703387646287,2738.113627937271,2812.880101301504,2969.369898487176,2929.392790232385,2821.389283070337,2648.4890452551413,2941.9900444953605,2768.191789670922,2825.628693237582,2940.822731105069,2750.172981581364,2825.9200923201247,2938.344361168941,3272.449517253443,2650.985722769225,2793.1372087449727,2945.1317920667275,2688.025786583234,2825.5608978004766,2853.429651104151,3310.6922320675853,3206.137027094612,2819.3340772099928,3354.0741440094034,2721.1850428429198,3371.2807961883373,2827.922905086182,3206.975922692224
1610555721.82zWeNZfGUUfRJkgnAwlP8VMhPzXctnSd4,2230.441678361986,2636.4121736874654,2327.448595186062,2395.9007370218233,2535.813688195101,2538.451471550955,2596.3838384081605,2197.8178613495106,2330.39976427385,2576.0092964556525,2832.964126483279,0.0,2955.655860049288,2231.2995260412554,2907.32915294205,2377.020284288066,3195.2187982445034,2264.1197411035123,2481.1510893677614,2186.047334598504,2095.130344440038,2229.4935083669975,2496.551689776337,2165.8688291779995,2692.3928270083775,2700.78417302514,2406.0626616433638,2654.9781936882205,2513.0100174472336,2528.343763575425,2518.608066870642,2704.2200648944317,2710.792061320217,2532.6752623237,2442.6889400221316,2505.5361816340487,2543.862387200836,2489.721652607468,2713.671480043585,2745.204515662336,2645.2476020774693,2793.51601168746,2776.537392960446,2345.6620796371226,2778.663870911956,2901.1897374394234,2619.8808532969365,2364.4520471101364,2388.6306902934894,2739.9190107168315,1415.8012943439169,2382.396889173477,2860.9421718157246,2987.4813558202545,2375.2107672479146,2667.284635288231,2717.210181231778,2204.3504910679376,2082.9035114555054,2702.62384191683,2984.2544711849446,3318.319424677986,2244.715004801524,3245.8162333168702,2212.7419875556543,3262.043795249733,2566.9962890946085,2912.183011569061
1610555735.75bom85BDF0C7W2eIseHeMxi24qR68nzMi,2618.7713395544206,2537.9447389990482,2539.1408931528385,2834.5645699116544,2729.2383381719424,2815.409377433497,2646.8628688467024,2533.352039804341,2732.792811265403,1667.274797956706,3297.8358007010347,2955.655860049288,0.0,2626.583300907209,3026.88490356478,2640.9946073391006,3676.4616843577674,2896.1541797536315,2797.2201020097245,2557.14842244243,3178.37798089162,3376.0444923882023,2666.6531183938755,2530.9131989253588,2931.388365339514,3033.908700710591,2662.7793497697685,2960.8355483555665,2694.9309564421615,2531.3248452206135,2601.289336429828,2835.129257605624,1167.8871219206874,2506.8372765700665,2836.7836600965793,3049.053661350987,2757.5760324859566,2511.477295800344,3035.1662755249004,2960.441016441711,2777.036277413054,3452.740689002404,2938.135388294167,2896.102164827356,2950.816078054374,2923.705480920578,2933.4259057360755,2850.7507856472757,2136.044192138955,3204.6124820588034,2702.431575473317,2772.543103716282,2832.605650658038,3261.0059158274075,2542.0828707649775,2876.0889259950523,3034.5478304406915,2611.6288321780366,2724.267334362237,2867.517066281133,3237.166783889046,3512.9703151775707,2450.0071931625253,3590.0963011129866,2504.9941600701786,3591.186316332441,3040.686180242486,3125.6106060281268
1610555735.77NnT5xqKnwcf2BbjIekeb2arTQj6QMNwk,1319.4733983405515,2386.250415805608,1317.1297363529045,2279.1300880361355,1935.0139525067132,2039.3196749429726,1803.872219675579,1142.4497053953448,1790.080317771269,2107.8276038517506,2759.1607594121538,2231.2995260412554,2626.583300907209,0.0,2472.4712002938672,2060.112638522615,3209.2083940768007,2632.321311712711,1853.9820439109726,1879.3198099301674,2614.3695419779788,2881.6575281521773,1932.4905454525401,1349.7656824527303,2214.05377464975,2294.3571592147828,1890.5500338428276,2449.5762866941322,2440.729525790308,1741.2455639685531,2020.397682154669,2159.2333244330034,2420.1900664490277,2277.8912006034448,2341.594730826486,2447.1725311871255,2129.5653369060324,2166.7883070807916,2457.2521212684574,2349.6107823768543,2239.043940656988,2903.725710085861,2409.385015095617,2249.9693128636627,2548.2470958412455,2675.0093685515176,2282.3500838769874,2049.2946851989404,2026.467053955432,2654.2301375503957,1890.9662710726307,1925.6611112229305,2492.419956418506,2931.919997677169,1826.48063434364,2197.0024982205437,2320.7701346668637,2026.6845506516054,1849.7033395656265,2207.595353988491,2841.350491754618,3247.778097529741,2207.102966776139,3033.9842224619115,2012.0234266864802,3167.472768125745,2409.518551722247,2729.3051183888524
1610555638.33wjf1PhdNaoWfbRzXVn50hmFyB5bYAiLV,2556.211814578394,2889.1485596528514,2545.9217670974804,2891.0374351934247,2613.147807791341,2798.1846193108354,2650.8709573671845,2468.9835603543725,2563.4218715619654,2750.6978676004933,3094.2603354814223,2907.32915294205,3026.88490356478,2472.4712002938672,0.0,2585.8289207508037,3365.591692006172,3093.011685673756,2707.0563756661422,2635.624836443206,2918.487517925556,3228.4451941324164,2721.054375915933,2496.9659631597124,2892.55026515045,2855.1858044911633,2620.684263706652,3012.4778754535073,2884.3610184497425,2661.8264577300624,2608.6677275949833,2795.0778195719513,2927.782387752791,2894.4625347465662,2577.712931478516,2779.0592882899923,2634.1793568104554,2843.680208596535,2994.098445086293,2930.9777882285102,2476.635447274743,3167.1819181199808,2607.265423989694,2875.309949488868,2858.9738710304664,3078.1994463413957,2816.121086903403,2595.9114552741366,2803.784403147503,3093.4280550498243,2703.4374670415023,2547.964493819654,3112.7797051215916,3020.2378867837406,2549.2837761794544,2874.6632516517298,2691.349514367847,2712.799654377583,2691.71516582366,2867.223115258292,3266.1619258197366,3454.0712353845133,2836.4352252933368,3384.3774483010766,2755.9554994343257,3424.6050894265854,2963.8700560640373,3156.6206104616217
1610555606.65jCE4ig8Pu8kvAzkxnSGfWsV0nQBjCf8H,1906.8188547557322,2480.8459972416204,1795.8928952644706,2294.8828393925237,2019.7942490183932,2293.645073763126,2052.5896705930572,1829.6457880517628,2060.8536720172715,2183.695832761321,2638.8681516121515,2377.020284288066,2640.9946073391006,2060.112638522615,2585.8289207508037,0.0,3122.4466481611153,2789.575985110017,2277.9448807651206,1852.15037148416,2526.002442186423,3063.2651912808424,2102.2287020388867,1824.9417947792208,2394.4932605740146,2551.5789564274487,1951.1823920085737,2357.5255750372335,2332.694139068648,2084.2152337447988,2031.742374463476,2364.4898367399724,2363.7564495242223,1804.0852580423746,1847.627414929711,2283.369750715348,2177.9771399919573,1908.8040544887494,2505.985935979483,2579.5498999981023,2054.8258441785683,2957.5605321956236,2489.9307468687093,2388.018740575323,2769.229287978147,2834.5126581141967,2272.478766214305,2151.8018800692926,2105.6052764600227,2591.448501176288,2049.391122939472,2128.547573874206,2492.8272553300912,2912.2912439614615,1784.269991533442,2320.7139263300887,2509.1880554859663,1902.5722128745317,2093.1333003579944,2453.664477251597,2770.3183774331847,3123.938685444661,2064.218233312142,3091.8893008864425,2095.1181495450232,3131.8903868797042,2397.4180811563574,2505.27522523352
1610555608.18ONsBCVo1i7BrX0XG9stct4oiA6ejX9Oz,3157.4482321256055,2986.7200008574314,3091.724885553115,3136.121517802794,3055.7070231349776,3139.7195300274198,3076.282811425338,3125.5404886916504,3237.3807592754806,3370.0405280949085,2893.267145958854,3195.2187982445034,3676.4616843577674,3209.2083940768007,3365.591692006172,3122.4466481611153,0.0,3093.427445507077,3169.77642630323,3166.577614093804,3200.2516563455356,3275.7827967783737,3043.612974405446,3140.2734294972543,3143.072494049752,3120.1037006958923,3113.620974251728,3226.010393827379,3115.295812208128,3029.8325817921814,3147.230789926725,3085.611105267476,3532.3174482858235,3276.568181510697,3143.384465624883,3042.1991449549337,3192.841363425008,3192.9040629062556,3142.8824827734666,3408.489337457945,3123.06854040671,3244.5039801153844,3298.3149680987303,3229.7117809331908,3085.1176567822195,2981.143476708151,3281.5973250985026,3179.693608894688,3262.9310283043824,3079.902713112525,3191.7489245244587,3242.2848745876704,3397.8744554768487,3213.7834864353176,3131.413788659913,3086.7311478056854,3096.939522849012,3113.3589569427295,3239.6329881415472,3138.11147258877,3534.8163829775694,3180.6926306042565,3130.8524584356833,3303.2862666911474,3152.963139284642,3372.482996115861,3071.6139969511846,3496.95116500254
1610555721.51RNoQUMP19FTMS79BmA3JkgSm2IC2AQuQ,2638.886425971863,1374.4157659399527,2687.9152427661893,2638.5009944343424,2774.76539410902,2722.8948872225706,2764.3072205836806,2609.2976387698673,2706.2303559235265,2740.6989366623193,2851.822030499422,2264.1197411035123,2896.1541797536315,2632.321311712711,3093.011685673756,2789.575985110017,3093.427445507077,0.0,2681.9986493440883,2632.4993177808065,2736.2248555392353,2736.8378093804645,2685.7412923367115,2568.130437689243,2879.278449069923,2959.338957826876,2735.2384398586464,2888.831347195033,2760.4730157174376,2610.5964016863563,2817.9620323200697,2842.34326183528,2820.9267822776205,2720.058707684541,2924.460671550648,3025.983463336728,2903.9467377659125,2734.991073101332,2736.849155628571,3037.9437510522143,2753.8106367741866,3144.2975980198407,2989.1707418065494,2696.1630209456803,2239.0466437340647,1853.5755372976578,2893.6051254262766,2800.484521923501,2687.0590433969264,3068.65213554911,2372.333819618746,2789.4266659199843,3106.990966190061,3187.2664415998797,2701.88515899799,2865.595383574146,2855.613824457527,2668.7047015864855,2561.7813508511686,2787.1779664691776,3000.1087843766454,3216.814026846584,2709.062211222269,3218.129505530506,2676.5998696949778,3252.0990057148983,2962.3420813116654,2964.0568610209016
1610555971.86O0cHB2ibBJ8jxoObg01EpGe8VVV5mpwn,1983.5433343348657,2502.4284289406605,1945.7038615108502,2391.395563512018,2193.5516623940125,1386.9110643428787,2044.7030123546685,1883.6681179154377,1743.3188947070705,2398.6622353539337,2821.4967233601205,2481.1510893677614,2797.2201020097245,1853.9820439109726,2707.0563756661422,2277.9448807651206,3169.77642630323,2681.9986493440883,0.0,2212.5242411479094,2666.038958456514,2759.6099269800957,2157.7929487986335,1887.5702704703792,2495.91121699163,1926.231925979626,2041.3830321880553,2607.1727375190326,2638.711272180207,1886.7664334159374,2260.4913002236412,2226.7412843479487,2677.305225313461,2470.643831905052,2421.6477444134125,2586.1448815632702,2424.8235951676015,2429.888957260024,2623.1534340507997,2586.1050474746094,2466.7316413831313,2992.7547105805866,2594.06480729051,2447.9728360976546,2753.1907351910572,2814.84654950498,2405.6797126127026,2087.4057415584343,2327.830000721891,2695.69833003552,2170.720041358665,2044.8126296074681,2675.151368254164,3043.9070011183,2108.8811049993324,2392.194316996357,2501.0409963006214,2284.4242256766693,2092.129476183669,2136.74805870347,2937.6640875855546,3310.335316788023,2415.396207801705,2962.6337338957096,2307.458901651222,3197.4373500486713,2455.4509668978017,2774.7396827192506
1610556911.51zU3duZSGpcw1BDNsBLxdOCITAXwl6z3i,1828.9018537890086,2331.1705701649107,1719.0743853022445,2216.2615000723367,2075.7951112422693,2236.531949320892,2095.377146921264,1704.350342063701,1988.6200505349873,2199.713483996736,2732.9186500001733,2186.047334598504,2557.14842244243,1879.3198099301674,2635.624836443206,1852.15037148416,3166.577614093804,2632.4993177808065,2212.5242411479094,0.0,2382.6271940803827,2908.1085825943433,2037.5309366638162,1751.8231805167256,2352.3415058967175,2499.6956955393143,1880.4840300840126,2234.5710152514494,2271.8487098286864,2014.0163076210395,2037.7012105452236,2307.407333905597,2269.6916290705763,1977.0058543975317,2160.7377787895553,2206.566911315104,2112.8457648805943,1950.1644299801758,2504.520831896774,2523.548954528295,2136.19787925859,2777.6306314304315,2459.575823013573,2220.377902955287,2406.8090178429584,2716.9370886086617,2228.5518575047613,2069.446782762133,2096.9891695239,2608.9681635357015,1883.4004096739056,2057.649311134717,2492.8531133535434,2931.82004242307,1848.1842270791524,2273.0327478756158,2395.3545004405287,1760.3851005310887,1907.221723358213,2400.2487324277745,2883.560607089209,3150.15382896618,1934.1618506572765,3147.1682137255766,1973.3362629653866,3176.0359477023603,2408.0538160902565,2722.1614630933686
1610555988.71dMoYT8250UHHJGxgmITTmbHe7V6gH1yU,2576.624186828017,2893.673763911432,2565.280031381903,2680.0358993887785,2682.5835918409475,2724.1477225357403,2830.7199912117944,2517.8157474885797,2487.851589450332,2825.986046280539,2964.110864836764,2095.130344440038,3178.37798089162,2614.3695419779788,2918.487517925556,2526.002442186423,3200.2516563455356,2736.2248555392353,2666.038958456514,2382.6271940803827,0.0,2678.8467532413088,2695.7355963739674,2536.916643400328,2848.1133653239413,2785.645863190965,2597.5901625309616,2756.9664470102493,2809.6588332081533,2769.6128326737603,2671.749259385344,2862.6581994062126,2952.046514893428,2792.5173895719613,2413.0402942885444,2613.16631801182,2715.798733876849,2751.0658453095143,2907.428059029009,2956.8161918613946,2744.9935615539207,2876.002798483595,2851.2949882079765,2662.6093059519717,2893.324171457459,3038.104629936433,2705.6129673068713,2586.608011644991,2672.5105198438446,2897.3303341297833,2245.4316799429716,2605.2541202814755,2981.5005126612764,3135.237795096213,2595.5094864359576,2807.5302956380137,2833.2461205052086,2377.8182610580784,2464.9517951473663,2780.970149774918,3073.115415622373,3384.4330879990125,2561.1729398782973,3188.731524772454,2512.1379447623103,3308.82280383352,2796.8169395074974,3006.5405633151768
1610556042.81mlUZsSp7gbGjrp8jQSnybT1gPy6e62o1,2952.416165083344,2991.02743345716,3028.102737397252,2992.614451467846,3004.6321724504396,2862.1968184025727,3058.1783106957478,2930.6229023030533,2924.432902554461,3162.9885582428246,3109.6500901462787,2229.4935083669975,3376.0444923882023,2881.6575281521773,3228.4451941324164,3063.2651912808424,3275.7827967783737,2736.8378093804645,2759.6099269800957,2908.1085825943433,2678.8467532413088,0.0,2735.9082077710855,2906.3526366163846,3071.1482789772213,2917.317111360877,2985.5469726658475,3048.0107236140784,3132.3233396121245,2754.124666129993,3162.7043660365753,2701.8881695724185,3273.6578002679003,3167.6197637574546,3032.243848608771,3062.830503073494,3155.6556237516716,3138.086607002596,3165.00423653644,3194.725460797843,3223.8429671231247,3115.3082170220355,3213.9050908312292,3007.614346771616,3019.332921833058,3058.170808962033,3058.919828984614,2869.6931910934745,2926.723263688474,3087.221798262811,2541.21699417247,2936.869492172286,3380.8112624062073,3370.7101972235505,3090.236201590079,3020.4410411268286,3009.6410828961684,2930.5184388731004,2742.519122718626,2683.590569431864,3134.270704092202,3563.018878374432,2931.824069227894,3238.6872743957015,2955.3546053480313,3253.3581071986573,2976.2071303672974,3103.017839803825
1610555637.02UBW5nKvDyUrKnaWcYRGajZPxTRDS0q3N,1880.9470901061143,2369.475924213764,1768.3990223329367,2341.387879306131,1954.9214195924403,2130.890302566376,1951.8855523335278,1760.0770393615915,2030.4790955553474,2110.7211554565133,2735.742351179889,2496.551689776337,2666.6531183938755,1932.4905454525401,2721.054375915933,2102.2287020388867,3043.612974405446,2685.7412923367115,2157.7929487986335,2037.5309366638162,2695.7355963739674,2735.9082077710855,0.0,1756.564899854733,2101.254973341065,2312.88327886654,1733.4740628434488,2516.539066290991,2471.040679357883,1621.5327109918924,2025.435062567536,1974.0887854214557,2422.7105783130646,2311.427053188243,2324.7766859650387,2457.498576109469,2214.6277334892075,2204.726366555658,2354.4643116781695,2519.6636868182613,2268.8520555197833,2970.650082182672,2467.6590281120443,2432.9596896957546,2575.299993086409,2609.9328333890885,2049.7999297844653,2157.597754404266,1881.8801771546857,2406.2155930931704,2120.256601991567,1987.0319240082592,2521.7570758775087,2924.425437812035,1872.3127232290167,1812.9981146736382,2366.9717165996294,2040.878333044701,2089.813682262842,2009.8106262829722,2781.764916659882,3131.501865320299,2154.8720836758407,2918.00019585175,2076.5248376982813,3122.6656647144164,2344.902997411792,2807.9313738932756
1610555619.13oUYNikU4facCTpUSiSLr0vPI0tJLnXiT,647.3093705562928,2289.3703568667943,826.0709742451705,2070.2669905250873,1803.9978500131137,1933.0637092573736,1707.0924227702394,757.2761758456708,1635.883468036817,1936.2323077478984,2672.7532216684262,2165.8688291779995,2530.9131989253588,1349.7656824527303,2496.9659631597124,1824.9417947792208,3140.2734294972543,2568.130437689243,1887.5702704703792,1751.8231805167256,2536.916643400328,2906.3526366163846,1756.564899854733,0.0,2158.697430536671,2198.00317530917,1594.1143622232887,2312.787148228776,2244.1202374691306,1628.2814877259962,1765.1855873599563,2069.2155611659186,2272.3068234168304,2028.8243465175765,2109.0659111890814,2270.97132465758,2001.0275819918938,1974.5948503109244,2291.091255847009,2193.2838361063805,2086.354116851215,2881.9996542130957,2194.8037582895704,2036.548412734901,2556.1368085646286,2698.143103975452,2031.293789104369,1884.4229533142552,1847.7574319226105,2503.360280440324,1673.9228140791283,1804.3082760460231,2274.353750454794,2801.3894855461217,1562.526178830634,2068.0626174545855,2305.0292697921273,1792.4597650934043,1669.0030073336864,2105.609902528625,2786.758084400346,3167.0940989695173,1957.2249339920575,2994.805237729278,1822.1433913268595,3166.424524327367,2248.644030915846,2628.900820803882
1610555721.03nzkucfjAUh31zTbmCVvTVYqtjoxZFnBh,2223.3067271974724,2598.1803272308553,2139.4230652570973,2637.218077521614,2310.702431585658,2401.9819233566122,2341.5017543234003,2122.027615030752,2351.3642139971716,2436.5245935328503,2883.0447917912675,2692.3928270083775,2931.388365339514,2214.05377464975,2892.55026515045,2394.4932605740146,3143.072494049752,2879.278449069923,2495.91121699163,2352.3415058967175,2848.1133653239413,3071.1482789772213,2101.254973341065,2158.697430536671,0.0,2586.4973055770906,2265.1054089851696,2690.7979545686035,2772.2858667932915,2184.0720231009586,2386.1259771849313,2441.6723332901993,2711.279189804707,2576.4872420237994,2561.6571277383346,2719.0568172065477,2500.3075720937413,2501.9975237860635,2534.595730486696,2671.360688120408,2612.4610720149253,3091.245995356213,2637.898545198579,2682.723062678561,2782.3422299277736,2651.98790396452,2463.5452869263413,2372.935555028515,2233.7106657289414,2779.591590320509,2376.1095807706483,2282.7797723406866,2759.3176424503613,3141.8229511039867,2213.3545439077125,2129.988702411329,2340.2762085491286,2366.437556069119,2351.4195591899934,2265.975819550268,2994.2821721301216,3254.625455580763,2472.927528712963,2953.264688893504,2420.0290849719077,3224.761047426009,2653.79572687359,2992.3036531897947
1610555722.67fhKURdXVzRbLIjXmjRwdJHTnE7PWb1AE,2244.044198994257,2762.816353048099,2204.936885061328,2657.980753030727,2425.2141702584267,1521.963044334015,2348.770000041888,2180.5868280512195,2327.663357501828,2666.24431002745,2924.895502397044,2700.78417302514,3033.908700710591,2294.3571592147828,2855.1858044911633,2551.5789564274487,3120.1037006958923,2959.338957826876,1926.231925979626,2499.6956955393143,2785.645863190965,2917.317111360877,2312.88327886654,2198.00317530917,2586.4973055770906,0.0,2389.893351487633,2757.5909808623724,2807.5128532556914,2243.3295581985403,2528.563379627762,2508.165698078182,2919.459105884131,2733.4801854636466,2677.990478002216,2706.690898023589,2683.393982311412,2692.383181921711,2722.2722768688204,2728.027551684929,2708.2560614878203,2956.9901115189955,2804.1406090268474,2569.588458436644,2950.5953643521034,2887.491995530113,2462.692641868843,2400.152374881586,2602.7044998812635,2885.887148562138,2397.0379506287923,2309.7729995236828,2750.0013690473784,3107.867315689193,2394.3276115198823,2294.019517305336,2636.2077018863597,2518.2229512331355,2373.550148332314,2318.144195973386,3112.884828027813,3336.1492559948106,2667.3120654049594,3014.0419158782256,2584.436182126542,3183.508216129076,2622.236759642662,2912.156152684978
1610555638.39J2ZWBLuLTHP0jOlzB4tNHmYeijH5g5YJ,1707.6792562548774,2425.8023191784378,1582.8586918859678,2119.6135382891835,1866.5285971203677,2125.62595328965,1890.7215975490874,1640.1732604203075,1877.6343471199298,2105.960150144012,2655.403895639573,2406.0626616433638,2662.7793497697685,1890.5500338428276,2620.684263706652,1951.1823920085737,3113.620974251728,2735.2384398586464,2041.3830321880553,1880.4840300840126,2597.5901625309616,2985.5469726658475,1733.4740628434488,1594.1143622232887,2265.1054089851696,2389.893351487633,0.0,2406.8860985107876,2399.478636682829,1801.010045675582,1891.8645722511844,1951.0980345012488,2418.5638102341177,2200.5828677147542,2238.1379213638597,2357.4776206166716,2111.433602185864,2146.5263824498425,2430.225827962028,2426.2898744892213,2080.5237158209666,2903.086528496754,2277.4510183240996,2326.866201580874,2632.9026099354305,2783.6665444598557,1964.1555043373983,2061.885992887371,2027.9789609193788,1925.3279692089538,1989.5059664281318,1879.061750234178,2421.560426518843,2924.407217663536,1779.0696217122759,2226.39775862094,2385.5939395303317,1901.436122099812,1958.1485193075634,2177.12350334966,2818.2180935310066,3035.634757230838,2116.815045842098,3044.923767587688,2015.7516874173211,3251.505195620733,1979.8341313715673,2716.3225341592556
1610556032.17Q6yCDx9g7alRnL9jBFXD2JhhUyB2hKfJ,2334.256135577995,2587.8777650635634,2244.6062185597266,2404.310932455814,2440.779664058976,2611.1257527678335,2389.5317418736,2313.186452102595,2422.02874207243,2581.916828221377,2877.291248172275,2654.9781936882205,2960.8355483555665,2449.5762866941322,3012.4778754535073,2357.5255750372335,3226.010393827379,2888.831347195033,2607.1727375190326,2234.5710152514494,2756.9664470102493,3048.0107236140784,2516.539066290991,2312.787148228776,2690.7979545686035,2757.5909808623724,2406.8860985107876,0.0,2569.0488906241335,2462.804377608692,2528.191133519543,2692.183984215675,2716.4386945189767,2381.095368539224,2605.505593907831,2605.1631972131872,2577.205671285786,2391.7965974970016,2715.842644843402,2777.175046483211,2687.8848902481373,2845.066047634967,2686.0684088404196,2419.1892923999517,2818.6116420048234,2849.3982289533815,2638.861387186343,2581.4465386643647,2493.317742618488,2854.2068986716713,2413.5537896052206,2448.5777505590268,2856.853464514514,3106.700825100869,2391.0002186758948,2674.961562691397,2674.3995835784704,2160.02114910665,2289.230435892214,2726.6084145447226,2852.0258272498554,3378.4160911801773,2359.0597574209073,3137.426753690047,2387.1904805469853,3278.11483977934,2729.6251545090176,2788.420067739399
