,square,rectangle,parallelogram,losange,isoTrapezoid,kite,rightKite,rustedHinge,hinge,trapezoid,random
square,0.0,0.043817296979715925,0.08514695129392535,0.10181357903344457,0.09324257010979387,0.06529341711443737,0.06422280844941708,0.07265407194919915,0.06332909024886058,0.08311755696587986,0.09969334703905597
rectangle,0.043817296979715925,0.0,0.07290060092379524,0.09500569747207777,0.10451226054103879,0.07618617365500091,0.07932392086019258,0.06893221668893501,0.054253630850381485,0.08594916564849076,0.09888021752431819
parallelogram,0.08514695129392535,0.07290060092379524,0.0,0.031423445663687266,0.11032860289264979,0.08264723773001392,0.08804233553194607,0.07585074097901578,0.06476460423432584,0.07397870546645491,0.08318256451723893
losange,0.10181357903344457,0.09500569747207777,0.031423445663687266,0.0,0.11266697881032717,0.08934071849403313,0.09549879177861753,0.08070309443488821,0.07476474082828044,0.07863852671367833,0.07100986505791929
isoTrapezoid,0.09324257010979387,0.10451226054103879,0.11032860289264979,0.11266697881032717,0.0,0.04938115873858351,0.04171899740398777,0.08287018732294826,0.08182467811911531,0.046643308747561285,0.06401268443449115
kite,0.06529341711443737,0.07618617365500091,0.08264723773001392,0.08934071849403313,0.04938115873858351,1.1102230246251565e-16,0.020437661466318313,0.05692728337726205,0.05341310308106029,0.06056582253491194,0.06363510576743403
rightKite,0.06422280844941708,0.07932392086019258,0.08804233553194607,0.09549879177861753,0.04171899740398777,0.020437661466318313,0.0,0.06090315948513014,0.05692080679298961,0.04644689080022868,0.06448595912798327
rustedHinge,0.07265407194919915,0.06893221668893501,0.07585074097901578,0.08070309443488821,0.08287018732294826,0.05692728337726205,0.06090315948513014,1.1102230246251565e-16,0.01044473930380485,0.07782444054210169,0.06259994600225638
hinge,0.06332909024886058,0.054253630850381485,0.06476460423432584,0.07476474082828044,0.08182467811911531,0.05341310308106029,0.05692080679298961,0.01044473930380485,0.0,0.07028360083223939,0.06262320855753856
trapezoid,0.08311755696587986,0.08594916564849076,0.07397870546645491,0.07863852671367833,0.046643308747561285,0.06056582253491194,0.04644689080022868,0.07782444054210169,0.07028360083223939,0.0,0.04016391120126794
random,0.09969334703905597,0.09888021752431819,0.08318256451723893,0.07100986505791929,0.06401268443449115,0.06363510576743403,0.06448595912798327,0.06259994600225638,0.06262320855753856,0.04016391120126794,1.1102230246251565e-16
