,square,rectangle,parallelogram,losange,isoTrapezoid,kite,rightKite,rustedHinge,hinge,trapezoid,random
square,0.0,0.022408100611363557,0.03749031693286331,0.053453927262135825,0.015285295751452321,0.010683688402452929,0.007557673378955965,0.02536355700953674,0.02331947568246273,0.017861903820498348,0.03357875930462817
rectangle,0.022408100611363557,0.0,0.015683661556588402,0.032650602580604926,0.03996648367126798,0.027506484976519086,0.025261111183349172,0.016495752769020156,0.010176203805702277,0.02828488672732188,0.04561807170293941
parallelogram,0.03749031693286331,0.015683661556588402,0.0,0.013595878274819784,0.04700375331020901,0.04187709323830824,0.03513460203895036,0.025442926997837456,0.018708183287294733,0.02560173771672447,0.04038366047212094
losange,0.053453927262135825,0.032650602580604926,0.013595878274819784,1.1102230246251565e-16,0.05252530909429309,0.05445651993639011,0.04906114521308558,0.032926122175454764,0.02956947187943315,0.029074858036148177,0.03162565975510834
isoTrapezoid,0.015285295751452321,0.03996648367126798,0.04700375331020901,0.05252530909429309,0.0,0.01508332789271194,0.013681242334897314,0.039164988031939574,0.0391250067049026,0.01831804239824164,0.025128950365810088
kite,0.010683688402452929,0.027506484976519086,0.04187709323830824,0.05445651993639011,0.01508332789271194,0.0,0.00824174412917189,0.03403742223454653,0.03331858489106476,0.02863436388421714,0.04050782213438564
rightKite,0.007557673378955965,0.025261111183349172,0.03513460203895036,0.04906114521308558,0.013681242334897314,0.00824174412917189,0.0,0.030548672872013904,0.02901351116142692,0.01656792164364662,0.03357955446401073
rustedHinge,0.02536355700953674,0.016495752769020156,0.025442926997837456,0.032926122175454764,0.039164988031939574,0.03403742223454653,0.030548672872013904,0.0,0.002978310300141951,0.028836022041694775,0.03561872547668343
hinge,0.02331947568246273,0.010176203805702277,0.018708183287294733,0.02956947187943315,0.0391250067049026,0.03331858489106476,0.02901351116142692,0.002978310300141951,0.0,0.025988941390795328,0.03586631157704723
trapezoid,0.017861903820498348,0.02828488672732188,0.02560173771672447,0.029074858036148177,0.01831804239824164,0.02863436388421714,0.01656792164364662,0.028836022041694775,0.025988941390795328,0.0,0.013778157242488431
random,0.03357875930462817,0.04561807170293941,0.04038366047212094,0.03162565975510834,0.025128950365810088,0.04050782213438564,0.03357955446401073,0.03561872547668343,0.03586631157704723,0.013778157242488431,0.0
