,square,rectangle,parallelogram,losange,isoTrapezoid,kite,rightKite,rustedHinge,hinge,trapezoid,random
square,0.0,0.0498615770039168,0.0994270093353894,0.1161729400475201,0.10133210145543048,0.0773565450825926,0.07042353797381617,0.10311624098888716,0.08723301408278228,0.08957580511640872,0.11625995650579257
rectangle,0.0498615770039168,0.0,0.07397062596994675,0.09506469912633086,0.10860622031043576,0.08455180466624268,0.08240087992689205,0.09308324863873707,0.07032799072360041,0.0794363656734447,0.10544228256099974
parallelogram,0.0994270093353894,0.07397062596994675,0.0,0.02093097298032387,0.10701826352779298,0.07743347663893296,0.08341673378878456,0.07507491307324887,0.06167886200271122,0.06240610877899222,0.07472438276220106
losange,0.1161729400475201,0.09506469912633086,0.02093097298032387,2.220446049250313e-16,0.11375199540697345,0.08740039692335644,0.09329245268715058,0.07830474590267833,0.06948635174392048,0.06726872597797573,0.06887321404341118
isoTrapezoid,0.10133210145543048,0.10860622031043576,0.10701826352779298,0.11375199540697345,0.0,0.045795129759571784,0.03769691402913955,0.09018306777673935,0.08733008318205071,0.038406756934264985,0.06246884663783536
kite,0.0773565450825926,0.08455180466624268,0.07743347663893296,0.08740039692335644,0.045795129759571784,0.0,0.018554132896383746,0.06612728098985388,0.06115500367273696,0.05514860318878023,0.06700436883625205
rightKite,0.07042353797381617,0.08240087992689205,0.08341673378878456,0.09329245268715058,0.03769691402913955,0.018554132896383746,0.0,0.06668381684021696,0.06116662557212893,0.04121668419768221,0.06653036080647645
rustedHinge,0.10311624098888716,0.09308324863873707,0.07507491307324887,0.07830474590267833,0.09018306777673935,0.06612728098985388,0.06668381684021696,2.220446049250313e-16,0.010527628932833655,0.07143134783571514,0.062074384379067205
hinge,0.08723301408278228,0.07032799072360041,0.06167886200271122,0.06948635174392048,0.08733008318205071,0.06115500367273696,0.06116662557212893,0.010527628932833655,2.220446049250313e-16,0.0634058144135835,0.06133022682360567
trapezoid,0.08957580511640872,0.0794363656734447,0.06240610877899222,0.06726872597797573,0.038406756934264985,0.05514860318878023,0.04121668419768221,0.07143134783571514,0.0634058144135835,0.0,0.0334220080141967
random,0.11625995650579257,0.10544228256099974,0.07472438276220106,0.06887321404341118,0.06246884663783536,0.06700436883625205,0.06653036080647645,0.062074384379067205,0.06133022682360567,0.0334220080141967,0.0
