,square,rectangle,parallelogram,losange,isoTrapezoid,kite,rightKite,rustedHinge,hinge,trapezoid,random
square,0.0,0.030966583326426322,0.046840476151535415,0.05680616925366744,0.051578889878301504,0.045709260368717586,0.048806389774187386,0.048693678549208586,0.04614882559409128,0.047647550639530745,0.057132826089506095
rectangle,0.030966583326426322,0.0,0.03363190573063213,0.044655227574027956,0.044830215045168376,0.04031243731716816,0.04270596394318149,0.040619050384598676,0.03418954094547355,0.039111386794520975,0.0482590886941332
parallelogram,0.046840476151535415,0.03363190573063213,0.0,0.01456668254997362,0.036206848337152486,0.03272922169014947,0.035145835618978105,0.03212872122515997,0.028478602009390452,0.02561349828817283,0.03202085514501385
losange,0.05680616925366744,0.044655227574027956,0.01456668254997362,1.1102230246251565e-16,0.040139394079418245,0.03744230307164664,0.039568123874484606,0.037092262273392684,0.034008936924830424,0.02878495279958404,0.03213731572766798
isoTrapezoid,0.051578889878301504,0.044830215045168376,0.036206848337152486,0.040139394079418245,0.0,0.019082846081209248,0.014177731803754812,0.029962707777601683,0.02862702989825172,0.014586725582865112,0.02442145309790944
kite,0.045709260368717586,0.04031243731716816,0.03272922169014947,0.03744230307164664,0.019082846081209248,0.0,0.0094723968257856,0.022179893390244954,0.02079725789840603,0.01981825240726054,0.02210923243373386
rightKite,0.048806389774187386,0.04270596394318149,0.035145835618978105,0.039568123874484606,0.014177731803754812,0.0094723968257856,0.0,0.0242011685709268,0.022676540196675643,0.01737057836163336,0.024549260992757782
rustedHinge,0.048693678549208586,0.040619050384598676,0.03212872122515997,0.037092262273392684,0.029962707777601683,0.022179893390244954,0.0242011685709268,0.0,0.006251227068891807,0.027045377791599656,0.025370689161038018
hinge,0.04614882559409128,0.03418954094547355,0.028478602009390452,0.034008936924830424,0.02862702989825172,0.02079725789840603,0.022676540196675643,0.006251227068891807,0.0,0.024781219054524573,0.025239924531224145
trapezoid,0.047647550639530745,0.039111386794520975,0.02561349828817283,0.02878495279958404,0.014586725582865112,0.01981825240726054,0.01737057836163336,0.027045377791599656,0.024781219054524573,0.0,0.01706469524011167
random,0.057132826089506095,0.0482590886941332,0.03202085514501385,0.03213731572766798,0.02442145309790944,0.02210923243373386,0.024549260992757782,0.025370689161038018,0.025239924531224145,0.01706469524011167,0.0
