,square,rectangle,parallelogram,losange,isoTrapezoid,kite,rightKite,rustedHinge,hinge,trapezoid,random
square,0.0,0.022015792367898968,0.03666249809917366,0.04218088815767396,0.049289247883099296,0.034178103802202986,0.03574400922315635,0.03805460299164809,0.03359722204095372,0.045691787806933504,0.05376214281958869
rectangle,0.022015792367898968,0.0,0.02501537191071812,0.031928952139803624,0.04861070614085694,0.03431893384662943,0.03565543245261926,0.03158423619741568,0.02545691592604271,0.041360525450271135,0.05012886247465176
parallelogram,0.03666249809917366,0.02501537191071812,0.0,0.010671735795939608,0.040643082010402454,0.029404135671270093,0.030212846016187123,0.027412342454533167,0.021322902270045074,0.02672278675241191,0.032958330561521754
losange,0.04218088815767396,0.031928952139803624,0.010671735795939608,0.0,0.04428081948965701,0.03475513909237371,0.036017828112227646,0.031318709932908084,0.026852487981365747,0.029933065296582684,0.0309236982661395
isoTrapezoid,0.049289247883099296,0.04861070614085694,0.040643082010402454,0.04428081948965701,0.0,0.022070115426728765,0.016024551101641027,0.03900977671028982,0.037397295940085784,0.01623295548767989,0.025847096811242087
kite,0.034178103802202986,0.03431893384662943,0.029404135671270093,0.03475513909237371,0.022070115426728765,0.0,0.009865118403908357,0.02988253784021433,0.027572562811499668,0.023911574326241247,0.03067079210914292
rightKite,0.03574400922315635,0.03565543245261926,0.030212846016187123,0.036017828112227646,0.016024551101641027,0.009865118403908357,0.0,0.031420058147200614,0.028539115516931224,0.01864561296212308,0.02962637378404498
rustedHinge,0.03805460299164809,0.03158423619741568,0.027412342454533167,0.031318709932908084,0.03900977671028982,0.02988253784021433,0.031420058147200614,0.0,0.005640203546437128,0.03407575217990444,0.030654344598471717
hinge,0.03359722204095372,0.02545691592604271,0.021322902270045074,0.026852487981365747,0.037397295940085784,0.027572562811499668,0.028539115516931224,0.005640203546437128,0.0,0.030825945262716536,0.03020017913664419
trapezoid,0.045691787806933504,0.041360525450271135,0.02672278675241191,0.029933065296582684,0.01623295548767989,0.023911574326241247,0.01864561296212308,0.03407575217990444,0.030825945262716536,0.0,0.016513062338919138
random,0.05376214281958869,0.05012886247465176,0.032958330561521754,0.0309236982661395,0.025847096811242087,0.03067079210914292,0.02962637378404498,0.030654344598471717,0.03020017913664419,0.016513062338919138,2.220446049250313e-16
