,square,rectangle,parallelogram,losange,isoTrapezoid,kite,rightKite,rustedHinge,hinge,trapezoid,random
square,0.0,0.0032159959343492917,0.004834525933064326,0.007472518642583803,0.002262735371169833,0.0015770826537562233,0.0014564512630348414,0.003987010797461332,0.0034571156503448996,0.0025595394205917277,0.004494118548197812
rectangle,0.0032159959343492917,0.0,0.002312487372429173,0.0046570472513467465,0.004883607792150579,0.0037269426722523757,0.0037596652444574774,0.002634039911588393,0.001647992051019842,0.004140171701911277,0.0056355858472179055
parallelogram,0.004834525933064326,0.002312487372429173,2.220446049250313e-16,0.0032723642199219416,0.0058282634960797886,0.005427878288666976,0.004680373646152591,0.004009761443451665,0.0029931431143034315,0.0042179034148521755,0.006009433473668668
losange,0.007472518642583803,0.0046570472513467465,0.0032723642199219416,0.0,0.007034412491295328,0.0075763720769461695,0.007281401404472532,0.004361306581614377,0.004156812704475987,0.004915444662900614,0.004684453878105788
isoTrapezoid,0.002262735371169833,0.004883607792150579,0.0058282634960797886,0.007034412491295328,0.0,0.0022107620027717045,0.0023130679007180577,0.005487622158421357,0.005090527904798248,0.002722831131669712,0.004058219553945919
kite,0.0015770826537562233,0.0037269426722523757,0.005427878288666976,0.0075763720769461695,0.0022107620027717045,0.0,0.0015153393988112107,0.004897376333056314,0.004466237478801038,0.004008959776355625,0.005474277844071396
rightKite,0.0014564512630348414,0.0037596652444574774,0.004680373646152591,0.007281401404472532,0.0023130679007180577,0.0015153393988112107,0.0,0.004726644086382681,0.004279717886271572,0.0026570193446262547,0.0051528463474384
rustedHinge,0.003987010797461332,0.002634039911588393,0.004009761443451665,0.004361306581614377,0.005487622158421357,0.004897376333056314,0.004726644086382681,0.0,0.0007045257343289979,0.004648492205792998,0.00468256300514136
hinge,0.0034571156503448996,0.001647992051019842,0.0029931431143034315,0.004156812704475987,0.005090527904798248,0.004466237478801038,0.004279717886271572,0.0007045257343289979,0.0,0.004178204453195056,0.004742658840624636
trapezoid,0.0025595394205917277,0.004140171701911277,0.0042179034148521755,0.004915444662900614,0.002722831131669712,0.004008959776355625,0.0026570193446262547,0.004648492205792998,0.004178204453195056,0.0,0.002890521272575719
random,0.004494118548197812,0.0056355858472179055,0.006009433473668668,0.004684453878105788,0.004058219553945919,0.005474277844071396,0.0051528463474384,0.00468256300514136,0.004742658840624636,0.002890521272575719,0.0
