,1610555604.25mOvVXuL01OCiReyVWBfesjuvXmB3MoPy,1610555605.43B6oDsBtWRQ29Q9UMQuTUEPZy3FSSWXzc,1610555610.92HPGJJSmyPM40z7otPBgHalNrHFA7zk5d,1610555606.68LaSQbm9EHAFycEfFtEqAwYqlBsQPjIRW,1610555617.19EKxMEwDHfXiEJZc27TsGoERaD6Da4BZU,1610555722.52PJ3FD50MGhRXyUD28vluU8Z9UjLJLZn4,1610555617.52Ijr5puT55g9apK8auM7zaxa3NANg502t,1610555638.77ZLjTLkz4jYJdFMI2wWBztzsDILkoOtAk,1610556912.46C7tJPLF0XfNnm8f1820X9aLmXMHoc0Dw,1610555617.51LjzIROg0aeCP2GhDcAVQ0LipKJB9jmKc,1610555608.17OpjjHobqRkX0UPcaXrbu7K6L3805SZri,1610555721.82zWeNZfGUUfRJkgnAwlP8VMhPzXctnSd4,1610555735.75bom85BDF0C7W2eIseHeMxi24qR68nzMi,1610555735.77NnT5xqKnwcf2BbjIekeb2arTQj6QMNwk,1610555638.33wjf1PhdNaoWfbRzXVn50hmFyB5bYAiLV,1610555606.65jCE4ig8Pu8kvAzkxnSGfWsV0nQBjCf8H,1610555608.18ONsBCVo1i7BrX0XG9stct4oiA6ejX9Oz,1610555721.51RNoQUMP19FTMS79BmA3JkgSm2IC2AQuQ,1610555971.86O0cHB2ibBJ8jxoObg01EpGe8VVV5mpwn,1610556911.51zU3duZSGpcw1BDNsBLxdOCITAXwl6z3i,1610555988.71dMoYT8250UHHJGxgmITTmbHe7V6gH1yU,1610556042.81mlUZsSp7gbGjrp8jQSnybT1gPy6e62o1,1610555637.02UBW5nKvDyUrKnaWcYRGajZPxTRDS0q3N,1610555619.13oUYNikU4facCTpUSiSLr0vPI0tJLnXiT,1610555721.03nzkucfjAUh31zTbmCVvTVYqtjoxZFnBh,1610555722.67fhKURdXVzRbLIjXmjRwdJHTnE7PWb1AE,1610555638.39J2ZWBLuLTHP0jOlzB4tNHmYeijH5g5YJ,1610556032.17Q6yCDx9g7alRnL9jBFXD2JhhUyB2hKfJ,1610557007.49MyVgDnuUuBxrvL6SGOdhKf69VYlW1MSm,1610555638.44hjT5hbYdKoE3MB6hijrjqbjmLgvCUYKD,1610555608.13zUvmFSCRt6SsLbhqFznMEvGx54GPGQzM,1610556038.62a5C4ynd1AARyAhTv8a58NCqHvXRjscqH,1610555644.45Xse8u7pusHNsd7F3d0A32HXvXr6weOJE,1610556038.62gKXOCG7XCn55eJvyl5voNjbwOW0znQDq,1610555987.13v0oleKK97pkesp6oMgprH8SoSdoDVdIO,1610556964.96ZLLeiQW0qpmxhPGTg7K03fmzkqsC2bjC,1610555987.13VQlEedQ50VvkPMEMzZDv3KNnQCewykN9,1610555982.186TY6MMGkDecIN1woW6vsfAMXVV7jnyjO,1610555982.673LuMndkwkvdmZOn0MmE2Pkidx0FtNalb,1610555733.38zItcuH7gHNfKdALR2d9Nek6bxCyw36Vm,1610556034.15BQxSbZINGCay0yp6RBVlgcPrw76Yn9ON,1610555639.37BPZpgtGml8qUsh9AdV4m32jPLfI2aNFq,1610556965.57S0adAalhWYe6K3bkZU0bRHbqnDK8gGkR,1610555983.54zteLPCMjyrjzPdhHhlZr3faCgD0TfYr3,1610555987.79rHnNRmt9a0ufmnwCvZqBouyUoZDNpylW,1610556960.041xWER61rmArlsKfiMl4frikWmUCnQ7op,1610556035.13a7NHZDutfTMJ88qle1gTYY59Dr4WmMsj,1610556890.456ZBDaY16bMtrTZTqAgHl3wq1tRxzqDow,1610555760.24e6890pkbyZ97Or6croI1rQgjkSsR0yVt,1610556043.02YpWMIJg3W004iqlPyv8OcVAZdSC5rNYw,1610555987.03z05P26TLtONYM1HSzupoc2CeNMa6HTqr,1610556032.15OYCzUxpsz7b10AXBAuDXrvEcvxFhf0M7,1610556032.63Z80yI9pNwS3jSmsDABbuhf8wkNa2Ze9y,1610555736.28eGuESasTXdR3SqY6pHhEXWZtcdciYLCO,1610556034.61bebeZA0MkaFG2sm3VKiqrxeqQginTTW0,1610556944.5XwXOphKYT3ZkWA8gViqOS97VHVuMVUqb,1610556944.745UVLFBzf7fPh4UH37I6tYQOFPqRDytEh,1610556034.63XsUwaFaPZevO1JNFjfhvY4aKNFnV4noV,1610556964.89xwBHw9faT1HjQRMNQEyA4qJ3hWkwgj3k,1610556966.74DydzH91jtyvRyYau47JpVkZoMRSNTt01,1610555740.77UueVziDbaXyRR4OcVJIIZyzOfAzN51bj,1610556046.84e3vwjyRCzqz0wJQhrk8zsxlFfFSv98Df,1610556137.99eoPuVrDThKAOvmeprLPb2FWRqIhzUodc,1610555740.73XFwSrmTXJPlaxGZSefh0jOVA8PI3III1,1610556123.88AOfNaz9jSnqU5Czc7okOv1RCrYfKFBTo,1610556046.85nB7NvyoYQeLcOV391Lmmut1wAM8CFGLw,1610556123.89H4pdIAzDthI7bMXMhlIhKUYIQIvtmPPQ,1610555740.87GOYQUJKpkynIS2lFqppYK4b32ol7NeGh
1610555604.25mOvVXuL01OCiReyVWBfesjuvXmB3MoPy,0.0,1078.1986532135081,281.8657494077635,999.8577704900608,781.9487969277649,891.7759658966822,780.4713341812028,343.11453907038106,687.5905447419943,823.7179446637116,1260.2723400663742,1010.3841817802603,1033.4355051665434,660.2224195541826,1156.8860579742084,859.555624487971,1426.9310087454553,1182.384705773354,827.9155691747758,749.4599124449952,1147.1826041509592,1306.4093640415042,794.8280034206498,321.8318041567403,969.2890873138651,985.3732559714871,730.9459989946292,1049.800174629903,1041.2832439806664,794.3882703442231,842.8295338984659,900.645665570356,941.3703398768766,940.0453825000417,974.8948455534817,1052.7772245925628,915.7218239368377,918.5803108510437,1057.0786792866074,1013.3986349724257,954.997984199204,1282.3570277471458,1032.36593466609,921.8592023350805,1170.2021691096454,1221.8320404726132,940.9959972215429,827.4306405353392,841.2499086144579,1077.1853060235242,810.8747812106354,836.2552904590825,1071.196428781946,1259.539747321788,752.709121966926,931.1120925440861,1040.9192015819476,862.8754801639896,802.5185283279075,989.9057773953174,1278.2586097299218,1379.4663727627665,899.8117560629712,1325.3094437868833,869.1680298527825,1391.2168084200418,956.6651306748983,1221.7373151400318
1610555605.43B6oDsBtWRQ29Q9UMQuTUEPZy3FSSWXzc,1078.1986532135081,0.0,1061.943459186414,1126.8225763150554,1115.8120008484873,1153.6891216227684,1110.6445770504624,1082.20031905957,1125.1740622056252,1062.4256275583107,1231.6122488382211,1213.6296118245648,1106.2775751530103,1123.6085590094185,1314.982806412611,1159.5384741656778,1391.5087231618206,638.970025342122,1140.7170342652314,1066.0068247598042,1333.3841592804504,1333.292456287337,1085.074508087978,1070.8750228237877,1185.6977825744227,1253.508032705892,1115.1939737752618,1205.9458204716482,1191.810680507389,1054.0853313866412,1166.5080721372672,1138.404804546542,1085.6823542461107,1102.6621594397232,1208.798237151011,1317.161269169819,1189.46652800073,1110.0359565414856,1137.205508633604,1320.7522893791909,1142.3802024109016,1368.5909318549416,1272.17039806323,1183.0061632686586,937.9278302272564,681.922676394261,1235.006947361104,1184.5576902609057,1063.07477892843,1326.6640397573356,1129.9344042294078,1178.802925984112,1312.3189578967424,1358.948584621629,1091.253674227286,1182.4597665043023,1184.0673914505887,1112.6011097233347,1127.3090524545157,1176.1423749337498,1336.0385948165833,1373.1605065315875,1142.8452905700349,1385.0171478127675,1144.6773542216251,1405.5285733384926,1251.3483439780587,1317.1153206161116
1610555610.92HPGJJSmyPM40z7otPBgHalNrHFA7zk5d,281.8657494077635,1061.943459186414,0.0,982.9025231640165,758.8329860345613,885.7216492431586,759.2081375452608,400.49536021076983,706.2845117200563,802.3233929362386,1247.537404774751,1031.6146045967034,1016.4647051048677,651.0638273066522,1152.3958657819064,839.71313988223,1414.4532030193554,1198.6546779641644,829.867462136113,720.4288174036942,1151.9520900837701,1313.273687568627,773.236234949633,399.5825212546972,948.6285663966902,975.8938928221858,708.9458375715969,1032.6540075886494,1024.5056385770658,772.193601029817,822.0016559005741,883.2061204386863,922.7078038531971,921.490384664612,956.8362621667595,1037.332211127775,900.0078782387066,899.4530750788246,1040.506244784474,1029.2255561908096,936.1108399306468,1277.4548368804979,1022.1603684525863,962.9937342952203,1152.6201097151138,1203.7162205324644,936.1180251160249,818.5759375271598,820.3162004105303,1060.6562760719073,837.8932372733367,822.0951146203436,1055.0044606558042,1246.0370329211057,729.3141423976965,912.9023127982788,1022.0611654103387,844.3415619400989,818.6504415502416,982.7532445126606,1273.3348377090308,1367.7995573526243,880.2767089236714,1319.8705984733167,848.9252408396069,1393.8268877338317,938.2843619394208,1216.645879181873
1610555606.68LaSQbm9EHAFycEfFtEqAwYqlBsQPjIRW,999.8577704900608,1126.8225763150554,982.9025231640165,0.0,1067.4706958782315,1138.6486050392423,1083.0271604360325,1003.9626943297958,1036.373732392064,1068.9756217205306,1209.2176150970743,1113.8283870453288,1216.6889343519747,1063.8234259274705,1343.392567227717,1089.603618204089,1370.9788674124848,1222.295195012884,1099.4394572244669,1005.5285118502727,1233.4800669977697,1341.7274632151225,1079.2487941050244,991.5927945676264,1204.5612876246407,1195.022963649749,986.9421192685111,1133.3691111776075,1193.7710352503898,1066.2773890346616,1064.4791826845944,1152.8787297063445,1124.8216177327693,1130.2063005454509,1119.6942561200615,1197.2540952685272,1114.2568212946453,1117.7607744590355,1115.509731280508,1261.0589272207433,1075.1096117621917,1258.5168730550963,1208.89483581706,1040.7763814415048,1213.3314705057649,1269.4567848044026,1195.9008223856688,1096.20222827655,1050.3590962031635,1218.7925259423635,1028.7795460873688,1111.820219768642,1280.8060000568746,1309.444094788698,1018.4598657626603,1188.5627863910036,1240.1893092417747,1026.292453971038,1071.7987059755735,1212.9422483907686,1332.7076251926787,1443.0073956787562,1065.3120931812184,1480.2161450270078,1057.0794234818113,1523.4110453539322,1120.7722300632795,1311.3343936305703
1610555617.19EKxMEwDHfXiEJZc27TsGoERaD6Da4BZU,781.9487969277649,1115.8120008484873,758.8329860345613,1067.4706958782315,0.0,1004.527842485652,704.4117070630809,792.0344384091147,791.3676628176396,893.3197118721968,1237.3815158185334,1113.2176843734303,1089.5830343289442,842.7829103086546,1188.928491828654,914.539642911986,1388.2365658162794,1231.9065041686686,942.9129886442781,854.007020423643,1202.864289123032,1307.751409520584,811.1210879494047,783.6188006486957,1000.791107580561,1060.4798030977395,773.4368539419639,1099.520595528081,1120.2335861938311,771.8532644467922,925.1248073801946,839.5420405354909,1002.8332704803153,1006.3712326296571,1035.625317142502,1110.7652335517819,1007.4299112824921,996.0370603502491,1094.0116899722893,1115.7755801470876,1015.872420637824,1350.0288749481497,1066.486033156245,1081.833903944286,1198.9282115209244,1250.7134598227744,1019.4281267137216,932.485100178664,888.5120231386451,1070.924451576597,950.9723202240185,884.2104806039703,1133.7541710903633,1302.2916222800657,827.7235667739898,969.1050256820133,1018.5715132634515,958.0442038215317,932.3768088143698,998.2599524426524,1261.1622992003156,1390.0272784023305,989.2862382664371,1322.1484325227573,936.0177813126581,1416.873564941638,1007.0528082596047,1173.853099154228
1610555722.52PJ3FD50MGhRXyUD28vluU8Z9UjLJLZn4,891.7759658966822,1153.6891216227684,885.7216492431586,1138.6486050392423,1004.527842485652,0.0,976.6685611887656,890.6723211943232,916.1356993200912,1030.6976287387595,1284.3498357217297,1173.4599177632533,1160.3585538402397,928.6461799596768,1283.1141993596852,1053.9222999132776,1424.410210174095,1233.8473421777749,592.0420040262115,972.1019435612176,1245.1967648618354,1281.9237124572628,938.004997510634,884.1880791720434,1073.044712507576,731.8644214882497,936.6351573475289,1199.4325705189558,1201.1998085960704,901.2068439474883,1037.5344543265046,972.5393433304529,1124.4049034645009,1130.4317690930168,1106.340095406995,1180.0310810233168,1099.6907671046295,1105.3606278174593,1193.342926928989,1183.2036249685477,1141.1145657416482,1357.7835662363623,1200.4103554432284,1143.2297000106676,1254.8638560486052,1234.3954755121702,1029.1602641546485,964.5205405428608,1043.7938188282544,1194.9710886477953,1038.7385717437046,947.3167872564078,1216.3352831289503,1355.9372102518867,968.0099713847803,979.7556023314651,1166.886451419311,1043.5006961823149,1023.1647271544459,964.7188556854019,1340.8823285386854,1434.3806271594997,1081.9466531620799,1319.644093245844,1066.9179621378382,1419.8108544031531,1091.4237138842398,1308.044038718861
1610555617.52Ijr5puT55g9apK8auM7zaxa3NANg502t,780.4713341812028,1110.6445770504624,759.2081375452608,1083.0271604360325,704.4117070630809,976.6685611887656,0.0,804.9578557661921,814.6650082622245,924.9881722077461,1237.7376824377427,1179.384480295922,1089.1811230989058,826.4782028230715,1209.2687435917978,954.5369592908092,1396.5259080268786,1255.7971172963157,923.0173325144567,902.9303464604432,1269.7238835094333,1347.5954513779002,871.1959829697922,779.0318266671909,1049.017606445189,1033.6817186253477,845.1702956979739,1101.572822600407,1116.787253942648,756.8253484302678,950.4289660680842,873.1667684812123,1031.1495060088007,1025.0389395191723,1056.9466044262656,1120.7993948357355,1047.1757515022548,1023.3392749929097,1110.0273583118064,1111.9636403628376,1045.8151082671166,1355.8481253566042,1116.6425580557714,1084.808632334567,1201.8993263456637,1258.4743972314247,1068.539417549143,977.3510516998797,926.528597411576,1131.7789223515376,998.6731352142097,950.6838435899301,1139.5387405611489,1276.8730571772578,874.0748967858453,975.0359637880633,1097.9884110445112,988.575727067597,971.3125328248923,1001.0919240533235,1283.2783835289954,1385.0164820355858,1009.927541259918,1307.8952933797286,963.9235274842175,1410.3645916662617,1048.445518499328,1230.6786419352102
1610555638.77ZLjTLkz4jYJdFMI2wWBztzsDILkoOtAk,343.11453907038106,1082.20031905957,400.49536021076983,1003.9626943297958,792.0344384091147,890.6723211943232,804.9578557661921,0.0,710.351090988054,828.8703489614002,1273.6139645469975,1026.2846972571983,1037.6073944565949,627.7587995512099,1157.65743483424,870.3706552340199,1431.3274920353638,1195.779754730648,837.9772484893922,752.930034272476,1154.0946348948908,1312.7391218095418,800.4977559222042,434.5155683230431,972.9622929304433,986.9350119717581,745.163683526806,1066.6554512046644,1046.4720130637686,799.756799941572,844.2508013963215,904.7891369382085,945.8820855826966,952.4770176669618,986.661996009947,1063.096308090015,919.7726181784358,920.0508924307508,1056.635250702442,1026.5603453122797,966.3846063037129,1290.6672529846217,1045.6427208876216,940.251673436919,1172.7338333592095,1221.0767183450705,953.6348533230447,833.918271714365,846.1484455848288,1080.9464731144758,830.185179567125,845.1913422122436,1070.290664335963,1263.5205845774924,762.1963231302572,939.7958163427496,1042.0052114997343,868.0017069611503,814.1891237740931,990.0886413879492,1287.7674064350158,1388.353173855256,902.1462804201007,1331.3323947331535,873.1680404213379,1401.0500939958622,963.5979034046898,1232.194990390078
1610556912.46C7tJPLF0XfNnm8f1820X9aLmXMHoc0Dw,687.5905447419943,1125.1740622056252,706.2845117200563,1036.373732392064,791.3676628176396,916.1356993200912,814.6650082622245,710.351090988054,0.0,888.0611750626605,1291.172425268009,1047.849163446926,1085.8299872753819,767.2892976574511,1161.0081937529792,920.6179027289033,1458.4555577142798,1204.6787481627955,808.6887696876319,821.6876292891417,1134.5541438570897,1312.2663975679322,857.9197771197103,678.280276712676,1023.784926437442,1004.1594125114267,805.7101981288309,1088.7720156157734,1098.0176517744335,852.8610912043492,903.8389035489124,958.4318216329526,998.1580543860922,995.6418167162531,1013.7446456653605,1086.8149616797273,965.8332587314707,978.471888158088,1105.7614342879313,1088.5763321659495,1018.5977903814539,1294.199787148991,1051.6859602767524,1034.4112846612338,1217.5251529444574,1268.2941095861952,971.6473863368628,842.708017095616,903.1097467628737,1124.863041494764,872.8376647473494,877.8420395466287,1121.1016802437655,1300.3299291381816,822.6424574548879,992.2225914587764,1071.1117484690963,926.0777797159974,856.6255625452364,1016.4877120359762,1295.5252857619912,1433.3155586400649,959.8253979557745,1335.3986086497018,930.8633929930862,1418.2746842163965,1016.3608079768048,1228.6465313676645
1610555617.51LjzIROg0aeCP2GhDcAVQ0LipKJB9jmKc,823.7179446637116,1062.4256275583107,802.3233929362386,1068.9756217205306,893.3197118721968,1030.6976287387595,924.9881722077461,828.8703489614002,888.0611750626605,0.0,1307.3980442183965,1118.4466613376997,667.9478138030946,902.4384963526009,1213.283067407377,947.482216988134,1482.5798371155286,1208.2304527630247,1012.0851376210983,887.1085727918626,1229.8582334923078,1358.5555092679856,882.2614699715677,814.1038488752314,1040.0383694413638,1122.9824571470103,877.1751724161015,1130.7741232204519,1043.4197733724284,901.3568602585008,920.9304776791736,1000.8777099411475,474.7736275449484,1015.3289851934398,1043.055913839269,1145.428034363979,1000.7657330919354,997.9059230527916,1083.3201939558717,1124.0005059891325,1048.6389727164074,1376.166548038662,1102.5503455920984,1102.5059736217356,1207.8590467243391,1239.498600346531,1054.3656836810076,957.980128518412,592.1137686742877,1168.3367269830178,960.1961696358424,959.0341999565234,1103.9596820161191,1306.985151713903,875.4303974663903,1015.2481123943992,1116.0287822663267,943.4668728495849,966.1325391048895,1074.7173545587705,1322.1168164569367,1428.666694975315,920.4366669241085,1411.9038600959127,856.4934079099507,1454.0271188726438,1074.2117124587633,1267.375723773459
1610555608.17OpjjHobqRkX0UPcaXrbu7K6L3805SZri,1260.2723400663742,1231.6122488382211,1247.537404774751,1209.2176150970743,1237.3815158185334,1284.3498357217297,1237.7376824377427,1273.6139645469975,1291.172425268009,1307.3980442183965,0.0,1322.0993382950933,1416.4864900143803,1299.4330322164953,1440.7052788314977,1251.7129023307634,1229.8350168068614,1304.9803817452764,1299.464959053961,1259.6778583748278,1377.953016388604,1404.0729890607968,1249.37667811714,1257.1599540766451,1333.8357991429032,1339.2019235264704,1241.4505681644102,1349.4260843419165,1351.2057709540625,1251.664523269242,1328.0730590009239,1285.3169194740665,1357.4001341866513,1308.1817127040495,1322.6450099000895,1389.6246191485393,1323.4079200548524,1348.0464633138456,1430.3024311662955,1435.1545364699696,1300.5388984576348,1304.9255002159819,1377.1307268268504,1359.132855310726,1337.537739851357,1239.313163903233,1373.6604605306466,1287.6327296923155,1297.4269644414487,1347.0734286287475,1293.2251434496116,1320.9794490826275,1369.836032053844,1448.4781247799713,1251.659504609723,1306.4594050746152,1350.519100479376,1286.6051118852308,1320.5652382472335,1318.0357773255498,1522.120063550822,1435.9174066254893,1306.0888388167273,1503.7189433995104,1279.9796092853742,1502.499113174297,1302.9083009199464,1491.076021328467
1610555721.82zWeNZfGUUfRJkgnAwlP8VMhPzXctnSd4,1010.3841817802603,1213.6296118245648,1031.6146045967034,1113.8283870453288,1113.2176843734303,1173.4599177632533,1179.384480295922,1026.2846972571983,1047.849163446926,1118.4466613376997,1322.0993382950933,0.0,1243.4204639891395,1036.047869436923,1350.6009599645984,1090.5438938682173,1446.3553261550162,1083.2901456656632,1148.8415006931195,977.931845977795,948.1406954511028,1097.2941524453674,1123.6477582426778,1015.1216447687211,1219.1319279383013,1225.4735748239539,1089.281290025132,1205.9106559194554,1151.1431352758982,1149.1487813227213,1150.591669025215,1201.7345748997582,1158.6478496885165,1166.053723589822,1127.0933646632877,1154.3702440953216,1166.4298801977357,1130.5453430808864,1212.905201798904,1276.0482413714997,1230.210453362537,1266.966271285782,1276.1374677914966,1098.3750219788894,1289.9573751905994,1307.456366546698,1202.189955718543,1066.5420300738897,1070.7660084431075,1227.6146521756814,683.7335474968576,1108.9890614183005,1309.2229320628342,1327.5621614809645,1078.9951637660965,1207.8750372538616,1243.2891154999036,1025.7887668005992,973.6414653525164,1248.6716530403814,1379.2046929335709,1475.351071067717,1025.4408021115305,1461.422066306944,1020.4786020243861,1470.0460705687774,1151.5197815687472,1347.3337417753096
1610555735.75bom85BDF0C7W2eIseHeMxi24qR68nzMi,1033.4355051665434,1106.2775751530103,1016.4647051048677,1216.6889343519747,1089.5830343289442,1160.3585538402397,1089.1811230989058,1037.6073944565949,1085.8299872753819,667.9478138030946,1416.4864900143803,1243.4204639891395,0.0,1086.0817983902614,1291.5581196360076,1101.328875823235,1580.8973594709385,1256.69086712212,1146.1651006721636,1021.39060342058,1348.8803116939964,1422.9281340033863,1079.851634234569,1025.7884263992978,1211.820373493862,1251.0554535582507,1076.763944289594,1253.32769781201,1151.3061674316812,1059.4942855290908,1077.4725207830127,1145.2526144784797,484.2143992537273,1071.6317365653777,1181.4059657044643,1279.8752746996804,1147.9366328484452,1062.9385360241868,1243.8171907363792,1252.744554381239,1185.6017029231728,1475.1840313584908,1238.5263857858913,1221.67283781999,1274.8627721169719,1277.5507160707916,1212.0610725437461,1143.3448636688547,892.6102156137268,1314.3219104356338,1123.295860451451,1143.5888446737408,1210.1846848781486,1370.2483311268293,1045.6018921874017,1189.2178808124672,1279.3333890687795,1101.757688502133,1129.0071642399478,1206.876439478545,1387.8922067835301,1487.5795746124572,1027.6174303134383,1506.292273623721,1058.8501294579182,1503.8608774223644,1231.6353439643,1341.3904913456631
1610555735.77NnT5xqKnwcf2BbjIekeb2arTQj6QMNwk,660.2224195541826,1123.6085590094185,651.0638273066522,1063.8234259274705,842.7829103086546,928.6461799596768,826.4782028230715,627.7587995512099,767.2892976574511,902.4384963526009,1299.4330322164953,1036.047869436923,1086.0817983902614,0.0,1156.6571937698504,951.3637735902811,1453.5266506754917,1210.448454855377,864.875314205161,827.15602741424,1184.007924868358,1301.9619085666238,866.975545128841,684.7053613144941,1009.502701884028,1019.5880353043065,843.7857703958099,1122.7377692086004,1106.4254460812228,839.4939007100787,934.0620895410407,946.4362236479905,1010.9708652252986,1035.1953506669313,1065.9354827636123,1132.514552216468,978.8738280211858,989.2141626652636,1115.9509792329393,1105.5176058950904,1040.0645164392686,1322.549648402846,1110.9154215837475,1055.7840256047805,1185.8640302118672,1237.9897095314975,1031.8627056510513,899.6061576374985,916.29477152512,1137.2366973435446,889.7153043390718,898.5249732525396,1145.374222978506,1299.2704940513975,853.6272284665276,992.2578579894835,1064.212732441181,948.9632332346582,875.2718508901366,1023.5409270811344,1308.5219220238027,1419.5872418295342,984.696148459823,1351.2478450243877,934.1937934520931,1403.2550886790643,1034.8905597972275,1253.1993423748572
1610555638.33wjf1PhdNaoWfbRzXVn50hmFyB5bYAiLV,1156.8860579742084,1314.982806412611,1152.3958657819064,1343.392567227717,1188.928491828654,1283.1141993596852,1209.2687435917978,1157.65743483424,1161.0081937529792,1213.283067407377,1440.7052788314977,1350.6009599645984,1291.5581196360076,1156.6571937698504,0.0,1196.8735703375444,1536.9357647954512,1399.9572389410507,1250.7544491309748,1187.6383553784542,1343.5908805104268,1463.148887067543,1223.5641027438965,1148.3623662123202,1327.2829584172664,1288.6209468859668,1199.799432023174,1381.7470908661635,1293.8025719628897,1210.9117003546587,1188.181092213986,1245.6130338510475,1264.3811770840857,1309.3808927162916,1185.054090658553,1296.0999080232334,1203.7095517093578,1292.7255652824504,1359.8016237521633,1341.1204645073049,1162.1673183246942,1472.1547785958505,1209.2244644381647,1326.478286088261,1289.8488195855264,1404.4502862581514,1279.8070727919055,1177.2137674566668,1270.7512269330832,1394.36525325941,1254.7109999401632,1186.2700622145658,1420.3004244819272,1376.978174523497,1167.8877822687095,1322.6818099861312,1261.9710230951405,1239.8342084115163,1240.3549624700204,1313.6240330053852,1487.8460223267166,1538.5862634715181,1292.9100806600331,1518.7721437878374,1270.4652525541258,1491.0638759266076,1337.0974263769806,1459.7014792589036
1610555606.65jCE4ig8Pu8kvAzkxnSGfWsV0nQBjCf8H,859.555624487971,1159.5384741656778,839.71313988223,1089.603618204089,914.539642911986,1053.9222999132776,954.5369592908092,870.3706552340199,920.6179027289033,947.482216988134,1251.7129023307634,1090.5438938682173,1101.328875823235,951.3637735902811,1196.8735703375444,0.0,1412.6829218491673,1273.8301444039216,1041.3998838573796,823.8728255628332,1154.2775034635195,1365.3737741611815,953.872426860981,853.5048269817127,1092.5870943502816,1144.4653835763938,902.452114581699,1097.5854773227727,1073.364552853531,983.4148429712094,925.688300734375,1049.9491230437663,1003.8428633889062,859.1482965786503,859.1586673706621,1054.9337344147614,1013.0193432375885,886.530703435366,1149.8195892189444,1196.0902481230503,987.9010034253412,1340.090891257918,1149.6666402524531,1108.720993205227,1251.1709962077816,1288.9277945833421,1058.1974322381989,960.7097177842403,963.4062196766982,1161.9096400337453,958.2917710361861,992.5926170821465,1131.864085944744,1304.4698805219973,850.081039092559,1068.1086622769515,1146.507619074972,907.9514432042699,982.1915759445194,1131.0075640132143,1264.9614462855784,1388.8359714899339,956.2518668859435,1381.0480016854208,1006.4788563756285,1380.880858063414,1062.3781116515065,1178.4466118757075
1610555608.18ONsBCVo1i7BrX0XG9stct4oiA6ejX9Oz,1426.9310087454553,1391.5087231618206,1414.4532030193554,1370.9788674124848,1388.2365658162794,1424.410210174095,1396.5259080268786,1431.3274920353638,1458.4555577142798,1482.5798371155286,1229.8350168068614,1446.3553261550162,1580.8973594709385,1453.5266506754917,1536.9357647954512,1412.6829218491673,0.0,1424.6010271918287,1437.5904415323303,1429.1669058680131,1448.2645305275573,1447.973716792859,1385.2365187686455,1430.610836371975,1417.5206212515548,1407.2195838187745,1400.9860269953372,1465.335487553132,1429.9191738137106,1388.360050445026,1438.4954535087802,1390.4885775312928,1534.5826248334017,1471.7510042185902,1427.1658397678316,1412.6065070038744,1456.5055674328703,1450.369857090088,1412.627409084828,1543.9131800629862,1435.0799748926308,1428.5060109793,1486.1092547011572,1453.305201316697,1433.9857682752695,1395.3038684508206,1491.6765651861026,1444.6492004098636,1439.0463181947523,1407.855754491039,1450.7045526149207,1471.9621295428105,1499.1400292873436,1438.8129456423471,1421.0146743653117,1409.5462257682289,1434.357592343552,1419.992950163068,1473.073052401749,1432.1198504866518,1552.220656188728,1400.9548895927437,1419.1879146289875,1451.6574109042654,1410.836801784951,1490.1601891412533,1409.7951540795561,1554.8191271122037
1610555721.51RNoQUMP19FTMS79BmA3JkgSm2IC2AQuQ,1182.384705773354,638.970025342122,1198.6546779641644,1222.295195012884,1231.9065041686686,1233.8473421777749,1255.7971172963157,1195.779754730648,1204.6787481627955,1208.2304527630247,1304.9803817452764,1083.2901456656632,1256.69086712212,1210.448454855377,1399.9572389410507,1273.8301444039216,1424.6010271918287,0.0,1211.1537367637848,1191.401444742164,1278.773960280841,1297.1388227641617,1211.145232569203,1174.1943898018903,1289.2962413815494,1330.3263401975655,1231.4600071596803,1328.471883239382,1301.2798319762833,1197.0803094479093,1290.5865621351047,1257.7418525588691,1238.6674470877679,1259.0065479060127,1324.7252011630658,1377.669323627607,1310.5959975420687,1267.676230997029,1234.1012305045238,1400.7606870951172,1280.1064256062928,1423.030194869875,1362.2487224758836,1276.3868994123577,1094.8327951295905,878.2329798776659,1312.5255855134549,1239.7891242455369,1208.794760530564,1392.9274619486584,1107.6567215652235,1265.3244244697937,1421.8771620579066,1430.992591566463,1235.5976103705566,1298.2064562799364,1269.9078285730764,1241.5507352963639,1182.1992017905413,1272.6038962425391,1397.4568319088094,1435.8716669017872,1253.5124442538884,1437.8329649874947,1249.6457368565282,1461.3560165842016,1327.1377294888136,1375.9814405908257
1610555971.86O0cHB2ibBJ8jxoObg01EpGe8VVV5mpwn,827.9155691747758,1140.7170342652314,829.867462136113,1099.4394572244669,942.9129886442781,592.0420040262115,923.0173325144567,837.9772484893922,808.6887696876319,1012.0851376210983,1299.464959053961,1148.8415006931195,1146.1651006721636,864.875314205161,1250.7544491309748,1041.3998838573796,1437.5904415323303,1211.1537367637848,0.0,953.3332657114665,1217.7476955761092,1260.2670237614961,950.5362648062817,829.5364485304826,1101.740193825182,848.1060580766998,912.3500498453814,1183.8360184949495,1190.6147895980052,861.3971994116151,1025.5319236845778,944.5120872358209,1109.4008415774717,1109.5549673974167,1091.0863757260986,1174.659928950319,1085.794656259537,1091.0013953092723,1177.4576736898562,1168.8042157284294,1116.4423226339616,1364.4403334497554,1175.6260107944815,1108.0882633229323,1245.4728649607455,1263.7277370596842,1072.6572652855568,940.964770301816,1025.3680801121623,1190.5850059531015,1003.0980791201265,932.3241666327406,1216.5034554161473,1345.5889875972593,955.8185110566409,1065.1398288469632,1137.5640956819884,1046.8559185121428,976.6795809957603,968.6049320322003,1329.4321298296159,1441.1616514606217,1074.9818243890095,1315.7482468607657,1050.3406829967944,1427.9113426929875,1069.7884525223851,1287.9425397233742
1610556911.51zU3duZSGpcw1BDNsBLxdOCITAXwl6z3i,749.4599124449952,1066.0068247598042,720.4288174036942,1005.5285118502727,854.007020423643,972.1019435612176,902.9303464604432,752.930034272476,821.6876292891417,887.1085727918626,1259.6778583748278,977.931845977795,1021.39060342058,827.15602741424,1187.6383553784542,823.8728255628332,1429.1669058680131,1191.401444742164,953.3332657114665,0.0,1083.5823431358235,1281.445727852006,865.1209000896089,748.0068771000306,1023.8564368853489,1067.140939261812,801.9843129190108,1021.6907735888166,1017.6289073113383,886.4641715255812,895.3310783424306,969.0333971291578,915.3986619502667,890.2660807963333,948.5614799742219,1017.449930983904,920.8606850617192,877.6778608167401,1095.8841972830185,1122.67879820579,953.2424506737468,1269.8150868889638,1094.1247635268417,998.1241998828795,1110.6144521067704,1213.6634426756025,989.21038788006,867.8284839002715,889.5667173385684,1105.922072938078,844.1979166772879,905.5129410863556,1117.304198556425,1279.6019090786008,813.1276525886257,994.6295156235575,1066.1362333104994,813.621962693874,861.3200967862273,1057.7392361926302,1307.3522968540904,1373.9109484202982,851.9717195390197,1379.530624828941,873.3731544905174,1399.9654630157072,1002.3779317424883,1229.89081989795
1610555988.71dMoYT8250UHHJGxgmITTmbHe7V6gH1yU,1147.1826041509592,1333.3841592804504,1151.9520900837701,1233.4800669977697,1202.864289123032,1245.1967648618354,1269.7238835094333,1154.0946348948908,1134.5541438570897,1229.8582334923078,1377.953016388604,948.1406954511028,1348.8803116939964,1184.007924868358,1343.5908805104268,1154.2775034635195,1448.2645305275573,1278.773960280841,1217.7476955761092,1083.5823431358235,0.0,1204.7621078442314,1219.3700573742574,1149.198636262426,1295.5415007254503,1261.9001312740268,1174.2911703621376,1246.614765406033,1288.829715594433,1260.0502143709734,1210.5509530426634,1281.1604911675515,1271.1515473110405,1279.1675036183842,1110.1570507687923,1197.4228944612248,1240.9779483771908,1249.2108663966987,1297.8713485936548,1365.640664410351,1275.2791551303933,1300.8094188008786,1318.4491589993158,1231.7030363177364,1341.5293373729046,1371.4085525512548,1253.1498672073162,1160.064353545919,1194.523640618562,1300.4727134582592,1037.5518182379165,1182.0717197859487,1357.151008063009,1378.0751974934808,1191.7820715384012,1290.2899848714783,1296.3227626408145,1099.5888155698071,1153.5373081109321,1297.4944533369533,1411.9710948767215,1503.7093706256117,1160.4425585280076,1451.743036562554,1159.4324066566162,1500.8962986961244,1236.1843157336646,1381.0747324970496
1610556042.81mlUZsSp7gbGjrp8jQSnybT1gPy6e62o1,1306.4093640415042,1333.292456287337,1313.273687568627,1341.7274632151225,1307.751409520584,1281.9237124572628,1347.5954513779002,1312.7391218095418,1312.2663975679322,1358.5555092679856,1404.0729890607968,1097.2941524453674,1422.9281340033863,1301.9619085666238,1463.148887067543,1365.3737741611815,1447.973716792859,1297.1388227641617,1260.2670237614961,1281.445727852006,1204.7621078442314,0.0,1222.9394173561193,1309.718269739125,1352.2809771126326,1307.3245539805623,1313.291857468259,1348.351317311696,1410.4147782583427,1212.3280292530485,1402.7953805321354,1198.825319961035,1392.0446047446756,1411.1070544657625,1369.8014735628772,1388.512674187162,1399.1242278495063,1383.8167938247216,1386.996511825604,1453.5720428726956,1452.2776990130972,1400.7718995766859,1461.1309364200797,1365.1307133041857,1365.0327655653307,1378.115951672851,1391.1508666138463,1302.4023260565427,1278.9964800159241,1401.3753502761206,1189.0523937456912,1322.2226573783662,1515.0368588273964,1498.2182867725303,1368.9685040336442,1344.83303842848,1348.9369066748345,1291.5728515294622,1263.1871864573095,1191.2397939858245,1434.0707549366955,1577.0764111972537,1296.2059228764674,1470.6798173296636,1315.3422210090748,1470.1945788656278,1353.303531853145,1423.7001710565007
1610555637.02UBW5nKvDyUrKnaWcYRGajZPxTRDS0q3N,794.8280034206498,1085.074508087978,773.236234949633,1079.2487941050244,811.1210879494047,938.004997510634,871.1959829697922,800.4977559222042,857.9197771197103,882.2614699715677,1249.37667811714,1123.6477582426778,1079.851634234569,866.975545128841,1223.5641027438965,953.872426860981,1385.2365187686455,1211.145232569203,950.5362648062817,865.1209000896089,1219.3700573742574,1222.9394173561193,0.0,785.4555243591459,905.9316199474587,1029.8940325444873,762.7831955105391,1141.8630142570166,1109.4007041073419,733.8588168175726,918.537616682794,813.7663898796733,992.1982146884981,1031.0852000481125,1045.919733573682,1111.2233534903055,985.7085220325005,979.6306288965079,1051.4059710274723,1136.7082136289912,1041.7839452368403,1336.5004125277885,1114.3854091057917,1095.752407747615,1169.487332324039,1199.1689641931418,956.6139516750346,918.5850008578412,819.7153690648048,1063.291084292791,961.1109818712594,891.7566432972314,1144.1058747568231,1284.602967635977,846.7697059261972,782.1676340206975,1052.6708168859443,939.0443636775617,944.7563726305427,897.6783741222971,1258.032851107697,1383.61841803604,947.2009915131607,1295.5386197982377,927.9469626741451,1364.821727956039,1007.4653049870207,1260.38412748904
1610555619.13oUYNikU4facCTpUSiSLr0vPI0tJLnXiT,321.8318041567403,1070.8750228237877,399.5825212546972,991.5927945676264,783.6188006486957,884.1880791720434,779.0318266671909,434.5155683230431,678.280276712676,814.1038488752314,1257.1599540766451,1015.1216447687211,1025.7884263992978,684.7053613144941,1148.3623662123202,853.5048269817127,1430.610836371975,1174.1943898018903,829.5364485304826,748.0068771000306,1149.198636262426,1309.718269739125,785.4555243591459,0.0,967.3117985587259,987.9428524499729,718.8333290511619,1061.3942773982385,1034.0446158840543,784.8330476404348,831.8851273190747,892.8791034348903,932.9694213597306,926.7898133479694,961.1817173117979,1043.4579918526736,907.976395159522,910.4544868781045,1049.8393585675092,1034.542397937971,961.0306198971477,1292.0079653764772,1025.8784833584964,959.4877792713031,1170.5122903576694,1226.1616869237146,932.7771937605904,816.4284562231879,831.8294698271087,1086.316635169052,801.6214935524982,835.1423050738082,1061.7379399200095,1249.7798979724814,744.6302222782991,930.7841506158793,1050.0352522744295,853.9748398001796,798.9998112863185,978.5062011395185,1272.0732242516085,1378.6608978212644,890.1760588357216,1320.691606947937,860.5973322148428,1391.7487284836707,958.3735725962047,1215.5058517074986
1610555721.03nzkucfjAUh31zTbmCVvTVYqtjoxZFnBh,969.2890873138651,1185.6977825744227,948.6285663966902,1204.5612876246407,1000.791107580561,1073.044712507576,1049.017606445189,972.9622929304433,1023.784926437442,1040.0383694413638,1333.8357991429032,1219.1319279383013,1211.820373493862,1009.502701884028,1327.2829584172664,1092.5870943502816,1417.5206212515548,1289.2962413815494,1101.740193825182,1023.8564368853489,1295.5415007254503,1352.2809771126326,905.9316199474587,967.3117985587259,0.0,1135.5892394816033,1005.878866294361,1233.295003855154,1242.394386625488,990.4519481763766,1077.5750267450917,1057.1745117803775,1133.6012977035953,1155.885715129258,1159.3876120531193,1237.54863978589,1129.3766272052837,1120.55025514193,1112.550680719533,1220.0214028145845,1185.9251682282413,1396.0269238520661,1202.1013043398307,1211.4235945670637,1248.1891017819248,1211.9216320628805,1124.6964938315868,1017.4213927889599,984.5941129812697,1212.98866731953,1086.0459327043257,1035.4326849629356,1254.4679777804695,1397.1319539897875,1005.8719142148434,937.3829033526807,1031.254364449849,1084.490892322097,1075.7223149818462,1002.4225280137867,1340.849231320145,1434.3604743413791,1085.5400579060404,1327.8893647598563,1092.0900127091593,1415.3604075542703,1147.3182507165375,1359.4855243808656
1610555722.67fhKURdXVzRbLIjXmjRwdJHTnE7PWb1AE,985.3732559714871,1253.508032705892,975.8938928221858,1195.022963649749,1060.4798030977395,731.8644214882497,1033.6817186253477,986.9350119717581,1004.1594125114267,1122.9824571470103,1339.2019235264704,1225.4735748239539,1251.0554535582507,1019.5880353043065,1288.6209468859668,1144.4653835763938,1407.2195838187745,1330.3263401975655,848.1060580766998,1067.140939261812,1261.9001312740268,1307.3245539805623,1029.8940325444873,987.9428524499729,1135.5892394816033,0.0,1032.85424841006,1251.3147101773948,1248.4956091066383,994.0815486501156,1129.361088895845,1032.8927620347818,1210.2136222171084,1214.0899236976816,1191.279210635365,1218.4417729150223,1188.2444335578211,1192.2747492045394,1220.8983795787044,1230.9856430320544,1216.3418809283576,1351.7632114743772,1250.008526456279,1171.4469927874118,1318.870022539487,1299.5450820749738,1114.880245018948,1053.0413464184956,1135.0141229730932,1254.7049809653154,1099.4337786013753,1028.5560331106237,1246.1060730058668,1372.4062235114486,1066.4685859567526,1055.247870752814,1203.3927065584064,1134.1328961982804,1080.7457653861927,1006.3959658888924,1365.0949307229419,1445.2757290319885,1170.748541906052,1343.0327544848622,1156.1666268067925,1415.9649385142463,1156.4398699589103,1325.729748518518
1610555638.39J2ZWBLuLTHP0jOlzB4tNHmYeijH5g5YJ,730.9459989946292,1115.1939737752618,708.9458375715969,986.9421192685111,773.4368539419639,936.6351573475289,845.1702956979739,745.163683526806,805.7101981288309,877.1751724161015,1241.4505681644102,1089.281290025132,1076.763944289594,843.7857703958099,1199.799432023174,902.452114581699,1400.9860269953372,1231.4600071596803,912.3500498453814,801.9843129190108,1174.2911703621376,1313.291857468259,762.7831955105391,718.8333290511619,1005.878866294361,1032.85424841006,0.0,1098.3243507356644,1086.402224694367,837.758847612411,847.7337624695035,871.9728742901999,988.3821963030894,987.0398287424023,1006.8491518116133,1074.8234347367036,954.2600472814732,963.721789337585,1091.2812541726216,1094.6359293494447,959.1299937642159,1308.7240252101217,1046.1813823230623,1055.5321553011338,1190.646828631397,1251.192520119883,915.2288762711374,881.901299028542,889.7043956176565,852.6874179987485,906.6370854923404,842.3551729992248,1108.8427594117595,1295.8736604392836,824.3000271940882,950.3694151489683,1064.163532255312,892.0879936740952,891.9177873739612,1002.5355732186318,1283.9244485910049,1356.093257616224,942.7767101329143,1336.8869519497396,922.9422161449526,1422.362449331895,808.135528639513,1230.606879912076
1610556032.17Q6yCDx9g7alRnL9jBFXD2JhhUyB2hKfJ,1049.800174629903,1205.9458204716482,1032.6540075886494,1133.3691111776075,1099.520595528081,1199.4325705189558,1101.572822600407,1066.6554512046644,1088.7720156157734,1130.7741232204519,1349.4260843419165,1205.9106559194554,1253.32769781201,1122.7377692086004,1381.7470908661635,1097.5854773227727,1465.335487553132,1328.471883239382,1183.8360184949495,1021.6907735888166,1246.614765406033,1348.351317311696,1141.8630142570166,1061.3942773982385,1233.295003855154,1251.3147101773948,1098.3243507356644,0.0,1189.734226341263,1144.5882008430765,1162.197870151917,1202.4861467480102,1171.1175037170117,1076.6374722039486,1192.6827658475524,1203.3457662496678,1189.8138949636646,1098.770144185109,1224.4354743360623,1274.345019462422,1237.544170720505,1271.830280397359,1239.7497545292356,1107.5231623379532,1306.9275939156082,1298.0457959828068,1212.69657321558,1164.5154647916117,1126.5203429777469,1268.9005887499095,1125.5228064821047,1136.3370795526591,1330.7888711171868,1405.5846922550438,1105.1435822969568,1233.8484798259997,1239.5613460669201,1024.9003088966203,1064.5540503022187,1261.432651602645,1343.6471395224912,1517.233909714435,1083.8542238178836,1425.1960552360117,1101.5649721355112,1465.9764022652234,1208.3155327797026,1302.2954407215639
