,1610555604.25mOvVXuL01OCiReyVWBfesjuvXmB3MoPy,1610555605.43B6oDsBtWRQ29Q9UMQuTUEPZy3FSSWXzc,1610555610.92HPGJJSmyPM40z7otPBgHalNrHFA7zk5d,1610555606.68LaSQbm9EHAFycEfFtEqAwYqlBsQPjIRW,1610555617.19EKxMEwDHfXiEJZc27TsGoERaD6Da4BZU,1610555722.52PJ3FD50MGhRXyUD28vluU8Z9UjLJLZn4,1610555617.52Ijr5puT55g9apK8auM7zaxa3NANg502t,1610555638.77ZLjTLkz4jYJdFMI2wWBztzsDILkoOtAk,1610556912.46C7tJPLF0XfNnm8f1820X9aLmXMHoc0Dw,1610555617.51LjzIROg0aeCP2GhDcAVQ0LipKJB9jmKc,1610555608.17OpjjHobqRkX0UPcaXrbu7K6L3805SZri,1610555721.82zWeNZfGUUfRJkgnAwlP8VMhPzXctnSd4,1610555735.75bom85BDF0C7W2eIseHeMxi24qR68nzMi,1610555735.77NnT5xqKnwcf2BbjIekeb2arTQj6QMNwk,1610555638.33wjf1PhdNaoWfbRzXVn50hmFyB5bYAiLV,1610555606.65jCE4ig8Pu8kvAzkxnSGfWsV0nQBjCf8H,1610555608.18ONsBCVo1i7BrX0XG9stct4oiA6ejX9Oz,1610555721.51RNoQUMP19FTMS79BmA3JkgSm2IC2AQuQ,1610555971.86O0cHB2ibBJ8jxoObg01EpGe8VVV5mpwn,1610556911.51zU3duZSGpcw1BDNsBLxdOCITAXwl6z3i,1610555988.71dMoYT8250UHHJGxgmITTmbHe7V6gH1yU,1610556042.81mlUZsSp7gbGjrp8jQSnybT1gPy6e62o1,1610555637.02UBW5nKvDyUrKnaWcYRGajZPxTRDS0q3N,1610555619.13oUYNikU4facCTpUSiSLr0vPI0tJLnXiT,1610555721.03nzkucfjAUh31zTbmCVvTVYqtjoxZFnBh,1610555722.67fhKURdXVzRbLIjXmjRwdJHTnE7PWb1AE,1610555638.39J2ZWBLuLTHP0jOlzB4tNHmYeijH5g5YJ,1610556032.17Q6yCDx9g7alRnL9jBFXD2JhhUyB2hKfJ,1610557007.49MyVgDnuUuBxrvL6SGOdhKf69VYlW1MSm,1610555638.44hjT5hbYdKoE3MB6hijrjqbjmLgvCUYKD,1610555608.13zUvmFSCRt6SsLbhqFznMEvGx54GPGQzM,1610556038.62a5C4ynd1AARyAhTv8a58NCqHvXRjscqH,1610555644.45Xse8u7pusHNsd7F3d0A32HXvXr6weOJE,1610556038.62gKXOCG7XCn55eJvyl5voNjbwOW0znQDq,1610555987.13v0oleKK97pkesp6oMgprH8SoSdoDVdIO,1610556964.96ZLLeiQW0qpmxhPGTg7K03fmzkqsC2bjC,1610555987.13VQlEedQ50VvkPMEMzZDv3KNnQCewykN9,1610555982.186TY6MMGkDecIN1woW6vsfAMXVV7jnyjO,1610555982.673LuMndkwkvdmZOn0MmE2Pkidx0FtNalb,1610555733.38zItcuH7gHNfKdALR2d9Nek6bxCyw36Vm,1610556034.15BQxSbZINGCay0yp6RBVlgcPrw76Yn9ON,1610555639.37BPZpgtGml8qUsh9AdV4m32jPLfI2aNFq,1610556965.57S0adAalhWYe6K3bkZU0bRHbqnDK8gGkR,1610555983.54zteLPCMjyrjzPdhHhlZr3faCgD0TfYr3,1610555987.79rHnNRmt9a0ufmnwCvZqBouyUoZDNpylW,1610556960.041xWER61rmArlsKfiMl4frikWmUCnQ7op,1610556035.13a7NHZDutfTMJ88qle1gTYY59Dr4WmMsj,1610556890.456ZBDaY16bMtrTZTqAgHl3wq1tRxzqDow,1610555760.24e6890pkbyZ97Or6croI1rQgjkSsR0yVt,1610556043.02YpWMIJg3W004iqlPyv8OcVAZdSC5rNYw,1610555987.03z05P26TLtONYM1HSzupoc2CeNMa6HTqr,1610556032.15OYCzUxpsz7b10AXBAuDXrvEcvxFhf0M7,1610556032.63Z80yI9pNwS3jSmsDABbuhf8wkNa2Ze9y,1610555736.28eGuESasTXdR3SqY6pHhEXWZtcdciYLCO,1610556034.61bebeZA0MkaFG2sm3VKiqrxeqQginTTW0,1610556944.5XwXOphKYT3ZkWA8gViqOS97VHVuMVUqb,1610556944.745UVLFBzf7fPh4UH37I6tYQOFPqRDytEh,1610556034.63XsUwaFaPZevO1JNFjfhvY4aKNFnV4noV,1610556964.89xwBHw9faT1HjQRMNQEyA4qJ3hWkwgj3k,1610556966.74DydzH91jtyvRyYau47JpVkZoMRSNTt01,1610555740.77UueVziDbaXyRR4OcVJIIZyzOfAzN51bj,1610556046.84e3vwjyRCzqz0wJQhrk8zsxlFfFSv98Df,1610556137.99eoPuVrDThKAOvmeprLPb2FWRqIhzUodc,1610555740.73XFwSrmTXJPlaxGZSefh0jOVA8PI3III1,1610556123.88AOfNaz9jSnqU5Czc7okOv1RCrYfKFBTo,1610556046.85nB7NvyoYQeLcOV391Lmmut1wAM8CFGLw,1610556123.89H4pdIAzDthI7bMXMhlIhKUYIQIvtmPPQ,1610555740.87GOYQUJKpkynIS2lFqppYK4b32ol7NeGh
1610555604.25mOvVXuL01OCiReyVWBfesjuvXmB3MoPy,0.0,1079.304824624034,713.2522296223826,1234.7375905703798,1241.0260727172513,1219.4373281639473,1071.143648967189,813.1936861932406,1062.330137805557,1254.2682160659622,1198.681513864539,1092.5360505882181,1075.8039276564548,1057.8052029725284,1061.8921056546912,1280.6779692291846,1286.0984244427002,1108.9227971750736,1165.4303509837953,1313.6948014027564,1155.7460467100495,1070.2356712186966,1265.2510013227325,755.3735561403957,1269.058589309035,1225.75512420255,1102.4416037587532,1133.9554438375128,1220.8745272716326,1117.1130253004042,1335.4123031207287,1033.7487120232379,1232.9429502837315,1336.4852614679742,1266.2836994580398,1226.8568878987094,1376.620807439695,1338.2180338364578,1298.6093916206253,1234.9516713540381,1230.8115801304361,1115.6826447725025,1263.7661836852365,1177.9243304898143,1181.3762802067968,1193.530673611427,1256.2205263733952,1203.025373673468,1254.1520706490455,1135.2195626011282,1305.8915537542161,1293.3278487909524,1295.1025166850304,1120.2363649818014,1279.4480321428691,1202.046970112981,1200.129669030707,1232.252830828516,1309.4774008934266,1212.523614639699,1205.692872556011,1088.0144220126517,1198.5698297676454,1085.601161500764,1257.647128963168,1112.9291857369924,1200.7083821264932,1230.976061898476
1610555605.43B6oDsBtWRQ29Q9UMQuTUEPZy3FSSWXzc,1079.304824624034,0.0,1049.2691855103699,885.5370885101055,1253.1847430387636,1082.312328640929,847.3455438924514,1014.1309217873566,1232.8786043535877,1093.7940402885336,874.6406863353277,795.487583794113,826.7271460329305,975.1973873834484,680.53514024915,956.591065591391,1073.0716824691435,647.6373589594475,1145.2533070439686,1162.5650738135173,894.2485341056733,714.8527321366955,1184.0532072004062,1030.39188512088,1071.864159534552,1078.4034237841497,1192.7279246455769,913.8867793458669,920.5812793328748,968.5259033737885,1074.7835431976252,954.7818693675099,1032.6850130086477,1156.09522224308,1024.259011785444,914.7100936407909,1176.890544594172,1050.7102333428968,962.3788771991926,964.0594605661804,982.3478971275836,759.1515529574438,1061.4807161447993,994.5081635942934,751.8242299518672,812.7299432190897,1031.3404081064728,1085.0004921034683,1110.2028939630684,1127.024426235117,1118.3503528141111,1158.4828142908586,1049.2339673979873,719.3207540847161,1029.7530732237644,1071.7658088517924,1094.7935362366638,1039.9373527156108,1117.8377177923342,978.952771261191,885.2915754326323,709.3962601346688,966.0855423021799,709.4575892534964,1114.4714127285918,766.2052661916181,1152.025561657752,951.7701202801671
1610555610.92HPGJJSmyPM40z7otPBgHalNrHFA7zk5d,713.2522296223826,1049.2691855103699,0.0,1218.0501285164466,1256.6768758026944,1213.9548791597101,1028.9493231233491,475.0132638862354,1123.802961320397,1240.084749436052,1188.1054349140393,1056.7005200373833,1046.9817543389645,1009.0409143820823,1042.214019590705,1264.1763002589967,1268.0321257500002,1093.0824209336201,1167.5377464480052,1287.369168010741,1140.3719020282265,1045.4578948647697,1254.8680754855748,369.103476653949,1257.8202546051014,1207.7733581687062,1145.1421680843703,1134.703152819778,1210.0567914828296,1090.3105086017104,1321.8141476749033,1002.6807799446597,1208.6452961547357,1331.6411415236591,1255.8762061585937,1213.1283162778807,1360.4133542782029,1319.2208525518035,1285.3149199089455,1221.696449307203,1214.9504689436953,1101.7693031282822,1245.362338995956,1122.210813557032,1166.5998682214142,1173.9861383273037,1241.2301023884029,1197.8218303085503,1249.1553103982008,1157.990246878013,1290.6416667334995,1285.3184738337645,1274.251240849902,1102.6913098141085,1248.0768205315953,1183.1938025261304,1207.4812058597659,1198.7458830957846,1295.9577919953747,1195.7538773455456,1198.3567145778159,1074.8392040021997,1173.3201302479454,1071.5990353450572,1236.6676611233786,1093.9319869803023,1206.023806995007,1219.7352073918928
1610555606.68LaSQbm9EHAFycEfFtEqAwYqlBsQPjIRW,1234.7375905703798,885.5370885101055,1218.0501285164466,0.0,1235.0340229992198,1071.0446914267027,1043.279282340161,1207.2744683305643,1288.6043117276456,1290.3560682801456,664.976024970098,940.2790397490239,1107.65537353486,1175.0200721980289,879.2933157624019,1033.5373287399318,1061.745660603209,905.3796535948221,1179.51115942055,1269.243566257504,918.5225758066091,887.9994050778661,1171.8507599742989,1217.2354182497554,1223.0384030091368,1128.0789921373523,1271.5545299723549,871.2033025946083,1047.5692527034776,1054.946823148882,1210.6128430969222,1135.8559671179044,1262.3158446585567,1284.1304644275456,950.3610241134544,876.9190073297681,1156.6969256585496,1176.447274245571,1212.3270749347193,1073.9046685018648,812.0076171506794,900.2555579084441,1062.8155124075786,1046.1087336400194,941.7804712912377,866.043413890601,1008.9963298918773,1125.2358566563983,1299.1948307315995,1232.1570492876053,967.088857559166,1209.1200907628108,1236.5321961954262,915.1896297858477,979.7771742384607,1138.4236864746524,966.4133743119478,1044.9565528624712,966.3654061093401,834.7962117797333,936.6413997247627,903.5585275807668,1140.1313438359366,905.324983787712,1219.0415946456433,893.5035709426331,1277.7320440471094,953.6205993909193
1610555617.19EKxMEwDHfXiEJZc27TsGoERaD6Da4BZU,1241.0260727172513,1253.1847430387636,1256.6768758026944,1235.0340229992198,0.0,1313.2385277231674,1147.5345264554828,1269.3242155398298,1129.894103001529,1448.0021521118636,1235.3697135457096,1203.9448981765015,1284.0115810691111,1256.5667547375733,1203.629208139981,1417.7816594465555,1365.6947102947595,1230.3511758735951,1293.2629387773184,1440.0264861122657,1236.055267100435,1188.3446963343843,1175.7740957410278,1268.347706646259,1403.7853807756626,1291.483492539969,1204.8476622686592,1192.97356342502,1361.6581912061536,1228.0033406580808,1456.1449802995135,1203.6670787109656,1416.9549054196757,1467.3938326125303,1271.4703308193593,1346.603728895817,1358.345434625942,1445.4924941660565,1455.4291003715769,1349.3829066869641,1266.5682830625422,1233.1883115453481,1342.8960782171087,1274.1995201791372,1328.4929240229603,1306.1648100198734,1322.9927637220449,1376.2394089785405,1440.0275579538272,1269.1761525589313,1394.8895530843658,1389.4488360046712,1415.9877210328202,1258.6403479814917,1434.5628175776183,1220.8074184137263,1259.0663325813132,1354.2009151388402,1391.0538276944108,1226.7757347095635,1306.517667290358,1225.2918691758891,1323.9214944914318,1232.4397189701476,1397.8633989587604,1221.1812575486717,1398.0091524398904,1304.7135088571958
1610555722.52PJ3FD50MGhRXyUD28vluU8Z9UjLJLZn4,1219.4373281639473,1082.312328640929,1213.9548791597101,1071.0446914267027,1313.2385277231674,0.0,1087.7109750847599,1208.3994814825496,1220.5037001447922,1288.1080819393512,990.8243623149838,1055.8354707614753,1117.395039192612,1174.5485976126206,1038.3511219194888,1246.4818628414484,1196.5996891226778,1051.5292970207179,810.4724755686749,1300.6421694551257,991.7079190899494,1030.2046660870237,1287.124095554749,1213.971163939749,1280.3964039398072,632.7945658916558,1251.4051732609541,879.1539824512713,1050.7371080952469,1102.195343838483,1354.3851151679814,1115.2730263129827,1274.0219705919383,1310.737401838468,1130.0548568018653,1164.7072670834445,1320.1232694360058,1277.9945099588983,1315.9049064805806,1176.5538367966876,1081.956808275772,1057.8564640610768,1122.9000680568456,1168.7624323748857,1168.7276219495154,961.0503118946965,1171.315047266529,1227.300401917052,1320.4743640439601,1201.181267604978,1157.684162998649,1192.227520247659,1298.7389266887978,1109.6833315973995,1283.3876382483622,1056.4226038443264,1185.1432642369784,1116.1752600194575,1175.8913985459405,1069.8516160207225,1033.1302121665503,1073.2532085276064,1198.0773028078222,1064.5962676326171,1301.8197538598602,1050.7038659408101,1245.143751864137,980.8739152363656
1610555617.52Ijr5puT55g9apK8auM7zaxa3NANg502t,1071.143648967189,847.3455438924514,1028.9493231233491,1043.279282340161,1147.5345264554828,1087.7109750847599,0.0,997.5381129770215,1178.8689999484557,1162.530787592976,966.843745976184,863.6097786179398,926.9637989731128,743.888050693426,771.5430446427022,1137.793769696337,1143.8071566094209,851.5785718369906,1118.7694448760035,1231.5520625366387,945.5806026771517,763.5253418662655,1208.92266113459,1025.1535693998026,1140.949553290231,1079.3313457633626,1184.5921543913064,949.994706159994,1041.261024731931,864.2580668628138,1198.9532708215213,920.8280948233686,1131.767023799518,1265.4001227049298,1111.7097133237228,1037.8362115563734,1255.5265842930778,1222.5808044119094,1155.8583957137657,1032.3759495267302,1076.7078213818186,806.225532257898,1138.5947359471766,1081.2378196643847,969.6457890667189,976.9315257826484,1127.0471937871012,1121.798128951781,1182.6341507118384,1148.6492899778461,1190.5997887214237,1171.4137843044932,1142.6668812502985,887.2953178393449,1154.7403191597714,1107.824200453291,1118.2264051933282,1077.8869433155553,1200.7361255581545,951.6698818110079,978.9020902477428,824.1929757320023,1068.6688728434924,789.6588454943989,1170.1012119556372,843.1718023805863,1199.5342946725746,1026.4704559659037
1610555638.77ZLjTLkz4jYJdFMI2wWBztzsDILkoOtAk,813.1936861932406,1014.1309217873566,475.0132638862354,1207.2744683305643,1269.3242155398298,1208.3994814825496,997.5381129770215,0.0,1165.907830407863,1225.7877138456877,1165.5706033424367,1041.9385108046833,1022.232205416268,942.627822017566,1013.2966126941391,1238.6836994573273,1263.0105430725514,1062.82961856792,1194.520988734269,1279.0737730210647,1115.7766272784197,1024.5723856310872,1266.675222622201,261.0221677009087,1245.375298343249,1198.2399643670801,1180.9614903693966,1119.2510863580765,1185.1391131728356,1093.768154764774,1303.562465755003,1010.6311992329906,1190.9149943328907,1326.7230753008782,1243.5338114715962,1188.8648653941593,1360.3031808810963,1308.5793048968303,1267.9111007752997,1199.3283729414716,1214.2529606095386,1071.4410455799698,1250.330216367439,1140.6186059937818,1132.369594873293,1153.289169779031,1242.7072998461852,1195.8415903758398,1243.4256930751103,1178.6582440737873,1286.0440504876776,1285.9770853381833,1254.1787318795189,1076.974912618778,1233.0721350189503,1186.2152270085412,1220.7372691973173,1191.8330582992294,1293.9480965095813,1187.6652819823703,1178.1841427306347,1048.6891734520532,1156.8037956196933,1039.5488394436754,1234.334705254839,1070.645423745035,1218.3986222661104,1206.9553513909627
1610556912.46C7tJPLF0XfNnm8f1820X9aLmXMHoc0Dw,1062.330137805557,1232.8786043535877,1123.802961320397,1288.6043117276456,1129.894103001529,1220.5037001447922,1178.8689999484557,1165.907830407863,0.0,1410.4736260539275,1241.9743142779341,1148.075220060863,1249.199698692177,1183.2166036665499,1161.0671753598845,1401.3425716911074,1308.1359320971078,1211.7642833363157,1107.4637967947556,1422.9826777466737,1210.7914257082277,1159.8407950839714,1339.6688003445156,1152.3426566743385,1333.0514233007016,1220.4478656218591,1225.511092726529,1184.9438687650247,1330.9081161169913,1241.6205610089398,1450.9141133736764,1168.750183485962,1389.1572791118488,1460.2400928459808,1297.0485769556115,1332.73407745296,1398.0547454955731,1441.64890739047,1409.9594800192267,1301.4479396846687,1287.2728761146343,1198.2983039428884,1298.373963371965,1253.40888842097,1314.6461124724347,1275.7019701027807,1329.4476135313907,1336.9715605592353,1412.3686379645847,1245.4269616805645,1376.244100491414,1343.7604455741337,1399.0718222017624,1246.5846963909491,1419.5324793148902,1223.6905176747798,1232.5212005483922,1328.3400175569905,1383.4276528775802,1245.0042086355215,1258.5471165994481,1203.663262362424,1318.5994754940411,1202.689900384177,1382.9728079970334,1185.6861791242843,1324.6255654685938,1244.8865875297363
1610555617.51LjzIROg0aeCP2GhDcAVQ0LipKJB9jmKc,1254.2682160659622,1093.7940402885336,1240.084749436052,1290.3560682801456,1448.0021521118636,1288.1080819393512,1162.530787592976,1225.7877138456877,1410.4736260539275,0.0,1246.5654533782556,1177.1238164750894,927.5196387128569,1182.013796275524,1120.6616015131324,1290.8077278476285,1355.830766707433,1165.1011554512347,1375.76755795075,1354.9270522453262,1202.096483810485,1137.6633826499917,1385.0160628558242,1233.2942101945946,1255.3673140721007,1273.5322829583142,1376.886969432795,1205.7605309714668,1226.4183079741224,1245.6524965475387,1370.2342181947552,1221.1219997134474,805.8235615326314,1357.421470260126,1317.053886576751,1264.6401133974907,1434.1907920196297,1326.4410504780772,1234.8420178062559,1272.7955642372713,1302.139671550339,1172.3866738496006,1355.1095518796017,1311.305654415636,1201.7488999278262,1238.729097913836,1280.9770336867398,1255.123089073341,946.2027207252492,1308.8745163622482,1374.556126876512,1387.9669603701775,1298.495781878445,1176.7054209815842,1331.1731990210276,1333.3130789790496,1343.05608785984,1276.6805697699485,1363.0323791192343,1282.537310826833,1252.1087129352393,1141.3175807090945,1139.4505342114662,1133.149954824821,1122.0599279935582,1167.0824090826416,1292.158960370787,1293.8986940909513
1610555608.17OpjjHobqRkX0UPcaXrbu7K6L3805SZri,1198.681513864539,874.6406863353277,1188.1054349140393,664.976024970098,1235.3697135457096,990.8243623149838,966.843745976184,1165.5706033424367,1241.9743142779341,1246.5654533782556,0.0,913.5661084581644,1030.6882314469065,1084.5065919259357,826.7681218187939,1005.1625546968743,769.2839145139869,812.591477069372,1100.1427506192629,1237.804929966693,777.2979317659971,836.6441817216452,1237.8342812016876,1179.5239411040918,1173.1770636748643,993.3868735100269,1259.203370040251,832.6471510115598,1015.0531101747307,1063.985243052996,1193.8332688338905,1113.2506818887887,1203.095976886271,1261.5190117679822,878.2054160687276,833.7619950768017,1130.1513097853317,1163.600447549266,1178.247422415686,1031.7562833111501,899.1174898035014,776.3943908626196,1008.3311392047794,1047.8214717087014,911.9551108707076,778.452281916561,1044.911106900193,1142.3690054591616,1272.6028090088462,1198.959712439803,994.4323125828471,1173.0975858789998,1208.5851116351353,882.5264401253385,1032.4556979858899,1106.8137351895573,982.1552388650387,1000.9672531898206,1024.2774067115504,908.3242608744898,806.9997326696681,828.4365377695453,1096.8943504791694,798.3658596698572,1223.3825149807822,800.5762704170629,1238.1128328566524,845.8543885514208
1610555721.82zWeNZfGUUfRJkgnAwlP8VMhPzXctnSd4,1092.5360505882181,795.487583794113,1056.7005200373833,940.2790397490239,1203.9448981765015,1055.8354707614753,863.6097786179398,1041.9385108046833,1148.075220060863,1177.1238164750894,913.5661084581644,0.0,950.5574095634577,958.6894387772722,652.5883463190016,1019.2910052797808,1080.969120201242,782.2656020704999,1075.8650110223748,1204.4978581984876,733.8986824564828,608.4560749194543,1217.730945929369,1061.0575878665597,1042.556887146364,1081.2092727454738,1174.5211476320785,787.7923183535298,1000.4234196414784,977.1020102311861,1181.08948930227,951.6323814072258,1136.299551404862,1216.3015164482772,969.2113340686735,909.5015172865607,1119.041073451845,1149.039388954137,1093.3319939469075,958.7156088415821,929.0498894499677,744.1053684448578,1007.3411861979114,961.1221541252341,898.4128252193389,888.892894446875,996.3036090543756,1108.5690546892845,1192.2784515249768,1131.3202274821065,1046.6090147579052,1090.3316073845676,1107.6856275239222,845.8268166420288,1101.9675901519968,1070.03348774125,1053.9150257738347,979.249340588706,1086.4513877523516,882.0240615969695,885.2297959124285,750.6057729355772,1020.232759044882,738.7057698377973,1149.511498677637,750.9024983957428,1164.8705910489819,911.9972117852109
1610555735.75bom85BDF0C7W2eIseHeMxi24qR68nzMi,1075.8039276564548,826.7271460329305,1046.9817543389645,1107.65537353486,1284.0115810691111,1117.395039192612,926.9637989731128,1022.232205416268,1249.199698692177,927.5196387128569,1030.6882314469065,950.5574095634577,0.0,947.4902344743981,884.263949814847,1134.0578551059455,1161.6224393122286,931.9317269297765,1203.10422123356,1173.8250095057808,982.504493634392,901.7639950583227,1227.764277484867,1035.0827823647337,1140.985903498136,1094.142924108518,1203.8183593909882,995.6941616663627,1069.7618494367575,1042.0060952005606,1205.3336162070655,1016.3817031259545,758.8502516231096,1217.754105086284,1140.353998766657,1088.0445243959625,1277.1409431718855,1182.7263658994455,1124.524631901159,1085.1732557722335,1123.819377153078,958.0627129070821,1181.3577086667703,1123.8366715026998,1006.432922708524,1037.159322789338,1138.9486835552098,1122.2424965361015,1098.9416054717292,1129.961298883171,1207.5113675599225,1223.3465609675109,1098.2063378492903,964.8429065933967,1149.9139270491623,1150.8872812437262,1167.322452618888,1084.799399658126,1219.9341625345712,1100.2963807116976,1054.9299013596283,919.4689192909657,1010.7193578062929,906.1629026811456,1123.6457649726733,951.6488181542192,1165.4508349245464,1102.7252290510287
1610555735.77NnT5xqKnwcf2BbjIekeb2arTQj6QMNwk,1057.8052029725284,975.1973873834484,1009.0409143820823,1175.0200721980289,1256.5667547375733,1174.5485976126206,743.888050693426,942.627822017566,1183.2166036665499,1182.013796275524,1084.5065919259357,958.6894387772722,947.4902344743981,0.0,943.1356876524106,1210.3912642952455,1199.5509752987468,1001.0852441706521,1200.2883845531376,1266.4245882561006,1042.185421595878,937.1696749653894,1280.5917086571123,986.7074181986851,1199.2387357176754,1159.309961332487,1210.7014225385044,1044.4749289585486,1154.602446628258,1049.128582298299,1275.6556298453966,1031.9556727590614,1154.5441274254383,1315.0930092178705,1194.21688199852,1148.5357414745524,1322.2529399934904,1284.9931098697518,1227.9044317299442,1132.8903125863992,1177.7922181279587,985.5897193214204,1227.7006423949308,1139.477458028141,1088.6400141700599,1112.3666431581241,1207.6090755395878,1174.6288838267506,1213.5949391875743,1189.3331683992933,1268.7076749082528,1251.0582495626206,1209.471442031492,1027.1797447286174,1226.282907807641,1193.358747230421,1173.185857190135,1135.6650828495485,1277.2345476363078,1132.6277916871297,1103.0281675438357,976.302885980269,1113.1995433236784,958.2583380517282,1201.8805855406758,993.3215235472729,1222.6472492981677,1138.095259750726
1610555638.33wjf1PhdNaoWfbRzXVn50hmFyB5bYAiLV,1061.8921056546912,680.53514024915,1042.214019590705,879.2933157624019,1203.629208139981,1038.3511219194888,771.5430446427022,1013.2966126941391,1161.0671753598845,1120.6616015131324,826.7681218187939,652.5883463190016,884.263949814847,943.1356876524106,0.0,932.9626571257535,1051.9797377154662,663.4631370767956,1072.0243283744148,1162.5334689867163,775.7186993447738,441.3083572855922,1180.0159356333495,1031.3149035255822,1023.9389087267175,1031.6795360704602,1146.507912760102,825.4584967827017,906.9626618944317,928.2432907477016,1092.0451554647439,932.2667212427226,1082.036368777009,1175.3136858796747,958.330957468337,777.6805665496107,1134.4253138490128,1106.1161369123874,1041.322779641869,828.0889266025109,906.658750291622,519.8179467660087,933.8771480334161,988.636454217378,731.6069684419042,793.0932629862917,944.9820665705248,1017.0269718888948,1139.093965898787,1102.4608979880693,1049.8020852963,1075.8520401739904,1061.5062912997332,686.1507026667332,994.4503664157111,1013.248363925936,1037.1495047606413,1006.4213436148762,1070.804463393349,798.1011677120224,747.9706660212499,517.6053471336494,983.3365293982048,465.53892460228286,1123.3302485198055,513.7792784953263,1140.2379226022304,855.4962985035277
1610555606.65jCE4ig8Pu8kvAzkxnSGfWsV0nQBjCf8H,1280.6779692291846,956.591065591391,1264.1763002589967,1033.5373287399318,1417.7816594465555,1246.4818628414484,1137.793769696337,1238.6836994573273,1401.3425716911074,1290.8077278476285,1005.1625546968743,1019.2910052797808,1134.0578551059455,1210.3912642952455,932.9626571257535,0.0,1222.9220753843383,1013.4222709258516,1284.451420276828,1276.767435096848,1078.154020748775,999.9418522942555,1360.8842356634152,1250.6227615520684,1252.7688631132294,1258.7377201480413,1354.473450655206,1079.5910258177369,1063.04251983605,1198.7561749387596,1149.0608115621917,1209.2568043729211,1238.2709024613919,1145.3965503830184,981.1906317666178,694.7197250925038,1144.5535785603531,911.3047495569846,1247.0034438208331,1038.6781006486099,995.3253172218664,1009.687907755011,1077.46577445929,1088.2043740257557,830.5380990122902,1028.5931490162463,1028.02813488599,1232.4472227744748,1300.7188501490841,1304.7136571054327,983.0772659622476,1246.8025330203368,1274.3131061757292,986.0748817611976,929.8940664362236,1236.4115485095526,1264.0319645264988,1058.5461499955663,1064.5019703280911,1164.1751963752538,964.6596375536449,973.7500953912382,1088.1857369266977,960.0275885314941,1266.497427046356,1007.8359839409952,1304.3863922043986,1046.1970628011838
1610555608.18ONsBCVo1i7BrX0XG9stct4oiA6ejX9Oz,1286.0984244427002,1073.0716824691435,1268.0321257500002,1061.745660603209,1365.6947102947595,1196.5996891226778,1143.8071566094209,1263.0105430725514,1308.1359320971078,1355.830766707433,769.2839145139869,1080.969120201242,1161.6224393122286,1199.5509752987468,1051.9797377154662,1222.9220753843383,0.0,1026.2915757767082,1245.7592931609552,1345.8335787113356,1043.155252432887,1034.7982792650262,1374.4453224946856,1273.9611178401733,1271.7361104678425,1158.0492100508357,1348.8770458931638,1103.6112877778664,1235.0736437973658,1207.8191743983357,1325.5302181086931,1217.4855073002304,1289.8923105045085,1359.7813464741505,1123.0382589013952,1104.9550462932618,1284.9281207372123,1282.8796210254798,1302.1933130101243,1214.904311754019,1161.2941720001302,1011.6727630772515,1168.704282171833,1205.1821027699893,1146.0478623452138,1066.123867395332,1216.9365009270086,1318.261164650098,1378.3781611627649,1287.3980994799963,1218.2914335163905,1308.1237467717192,1325.2121707165354,1087.088104997576,1260.337231559244,1238.2627147283922,1158.5836464981699,1198.4386112506932,1228.9525917277858,1153.7794989722934,1040.4338376619644,1039.2560386208065,1190.547591239598,1033.7236020057067,1323.2236414911408,1026.6301409186165,1340.71559424904,1075.6119283404244
1610555721.51RNoQUMP19FTMS79BmA3JkgSm2IC2AQuQ,1108.9227971750736,647.6373589594475,1093.0824209336201,905.3796535948221,1230.3511758735951,1051.5292970207179,851.5785718369906,1062.82961856792,1211.7642833363157,1165.1011554512347,812.591477069372,782.2656020704999,931.9317269297765,1001.0852441706521,663.4631370767956,1013.4222709258516,1026.2915757767082,0.0,1122.5480545135101,1210.2264137137906,837.7550499342116,692.8996404345952,1203.6373872203478,1079.1341411205976,1105.1860844686203,1026.4584320827867,1195.0487558654002,890.322645027463,968.3716501833615,972.261589524251,1117.997784487124,999.5834782590279,1121.886218944297,1201.5183501278298,1016.8099481802564,862.1652323604006,1207.1205223277664,1124.1894246937006,1079.953904753066,970.2334375170741,979.248854071628,666.5468097692088,1036.1734240967935,1020.1160712915208,761.3066138458904,737.5434230259697,993.9328108628454,1101.608728392312,1185.4369211535363,1134.3210017816757,1103.8586608408052,1145.8368661126492,1103.444121150836,715.5800084858713,1061.2026050806212,1059.3360990426381,1074.76612615773,1056.4054830955242,1109.8099600992457,929.7430360054902,837.9833471858426,687.0887993322627,1036.985611303768,650.8821093111184,1169.7887337028035,708.5863320744054,1178.0912553179742,911.3920444713606
1610555971.86O0cHB2ibBJ8jxoObg01EpGe8VVV5mpwn,1165.4303509837953,1145.2533070439686,1167.5377464480052,1179.51115942055,1293.2629387773184,810.4724755686749,1118.7694448760035,1194.520988734269,1107.4637967947556,1375.76755795075,1100.1427506192629,1075.8650110223748,1203.10422123356,1200.2883845531376,1072.0243283744148,1284.451420276828,1245.7592931609552,1122.5480545135101,0.0,1367.9776541310396,1100.673396523082,1058.9545654502065,1357.877990796678,1192.199399368742,1272.0810581967814,978.641889380776,1232.7186176792295,981.9586756374619,1117.2833050067811,1091.879620559777,1380.6430809210392,1138.8740750462607,1349.3756860340675,1399.3479148275744,1165.4151770640415,1216.9633518738863,1309.022032989506,1372.1102122369452,1337.1946194665093,1166.1847300650913,1143.0057763839427,1098.9323268278026,1122.0681515988388,1183.881421638321,1239.55056342766,1073.9038839380264,1231.8923283287484,1266.0512533595074,1376.212314220129,1242.9414183472106,1228.6883167280705,1121.3361806568073,1347.0390334327883,1157.9853945946093,1325.8647857202698,1136.4054268156167,1231.2597413884403,1196.8594244526412,1256.950694696879,1122.046174612651,1046.8562871578888,1113.3864884677712,1264.1067749045878,1117.8508442020293,1351.6852104424418,1096.4621522719083,1275.5089089084167,1003.1474491940111
1610556911.51zU3duZSGpcw1BDNsBLxdOCITAXwl6z3i,1313.6948014027564,1162.5650738135173,1287.369168010741,1269.243566257504,1440.0264861122657,1300.6421694551257,1231.5520625366387,1279.0737730210647,1422.9826777466737,1354.9270522453262,1237.804929966693,1204.4978581984876,1173.8250095057808,1266.4245882561006,1162.5334689867163,1276.767435096848,1345.8335787113356,1210.2264137137906,1367.9776541310396,0.0,1251.0211805223012,1173.5461629120477,1375.3841328786596,1289.5486981000013,1365.2181092965093,1289.6425349804506,1281.9898542252954,1206.219423443215,1311.2271333418369,1299.3905738548315,1370.0353330283845,1251.045463157258,1285.0120630409128,1287.2404415764995,1277.8473923838726,1227.1546448825345,1389.1849329711624,1206.5091553480936,1389.2739663395714,1316.2000482148644,1279.1521964446526,1223.1309076487753,1341.6032922966679,1262.6951869690042,1226.6656861832575,1279.2755146471195,1259.4473803787153,1335.3012839125308,1364.397164488732,1302.2575206069894,1331.3898677495213,1415.9041587347588,1371.7948515878195,1205.7455866454106,1291.4309211332218,1307.6901601869215,1345.4596644310118,1268.796302058249,1351.2886013306565,1296.054736785985,1269.8862200238375,1188.7957642889576,1139.6921572911642,1193.764595172658,1306.0892237548123,1202.123407107734,1332.2976968866988,1298.1970079533628
1610555988.71dMoYT8250UHHJGxgmITTmbHe7V6gH1yU,1155.7460467100495,894.2485341056733,1140.3719020282265,918.5225758066091,1236.055267100435,991.7079190899494,945.5806026771517,1115.7766272784197,1210.7914257082277,1202.096483810485,777.2979317659971,733.8986824564828,982.504493634392,1042.185421595878,775.7186993447738,1078.154020748775,1043.155252432887,837.7550499342116,1100.673396523082,1251.0211805223012,0.0,789.1365652557281,1259.544419627397,1129.2627506176627,1149.7033191923206,947.8917456038827,1239.9591440588595,730.7153293799281,1031.7892577329783,1068.1271045048766,1233.6679836865176,1074.8154883062361,1167.2029046034106,1256.2385532503145,913.9529047970368,945.279321224782,1175.3824401793124,1213.0348791330587,1178.3860921069108,1015.3926663961602,964.2632330065571,767.9951297696662,1048.3688392651354,1062.619994713613,923.8366810841234,861.8399387428045,1062.977025492644,1133.7175870610572,1225.1363086350466,1182.5098813534514,1061.2401613846685,1145.5475774249169,1179.4316880172407,914.898685045378,1124.3169410144985,1130.6460067198086,1069.945395427274,955.2222502437828,1099.5297113238537,909.1163535106638,871.3350522029117,829.461593737211,1089.7289995578458,790.1680816190149,1211.8883298614594,775.0210657375778,1214.7619768930108,884.3279136699194
1610556042.81mlUZsSp7gbGjrp8jQSnybT1gPy6e62o1,1070.2356712186966,714.8527321366955,1045.4578948647697,887.9994050778661,1188.3446963343843,1030.2046660870237,763.5253418662655,1024.5723856310872,1159.8407950839714,1137.6633826499917,836.6441817216452,608.4560749194543,901.7639950583227,937.1696749653894,441.3083572855922,999.9418522942555,1034.7982792650262,692.8996404345952,1058.9545654502065,1173.5461629120477,789.1365652557281,0.0,1181.5633927390443,1045.1106068523482,1049.9677785687888,1036.2613919834155,1150.392836518034,807.2169931699884,947.6214423285422,903.8609934672238,1131.8887331424016,923.7512423863001,1096.1327190622733,1190.5095663641084,968.8657543501946,849.9158006041409,1129.0999037033437,1121.900839326984,1066.97424243259,862.2539857125358,912.2329835382413,556.1990683059079,951.8180459103141,973.7101851643082,816.6828485421667,805.9850020242762,962.789944127454,1072.80779376026,1156.156199016625,1088.2170255639703,1050.7280859737805,1061.452493108068,1073.7313179217267,703.3046427577278,1050.5869062279742,1027.8080518098639,1027.7332485651643,990.6270454227971,1069.1686465322334,789.1053792311195,751.278536015659,525.711945940901,994.6838051324804,537.1161541614105,1133.4757035569405,489.65796249424665,1131.0565916260625,807.965173171397
1610555637.02UBW5nKvDyUrKnaWcYRGajZPxTRDS0q3N,1265.2510013227325,1184.0532072004062,1254.8680754855748,1171.8507599742989,1175.7740957410278,1287.124095554749,1208.92266113459,1266.675222622201,1339.6688003445156,1385.0160628558242,1237.8342812016876,1217.730945929369,1227.764277484867,1280.5917086571123,1180.0159356333495,1360.8842356634152,1374.4453224946856,1203.6373872203478,1357.877990796678,1375.3841328786596,1259.544419627397,1181.5633927390443,0.0,1266.1249867424876,1397.196713223633,1285.9310223740488,1191.7519974206589,1209.3721924946933,1321.5485387272486,1084.6667430779883,1317.5098406471645,1111.7191225873596,1346.8884112424937,1308.8744080097156,1307.004289454112,1298.113284821222,1420.23286124583,1320.7929848401952,1421.250846904951,1272.327484688325,1190.6095754781281,1231.0790896073627,1343.6602132273886,1177.1467453927871,1251.978009641617,1249.0032719000878,1258.2001756476666,1312.007352941984,1371.0409831290601,1255.1489950412167,1358.6878163975439,1310.9809379560922,1379.8001282637886,1210.9508713144319,1261.0844271946671,1035.3440484683265,1279.057486496549,1317.7485869228483,1358.4952291402415,1182.0230531007142,1287.4876384963272,1194.0607932375674,1275.3545229082652,1197.9046868357927,1344.9411049895602,1217.117050521327,1380.7376732835419,1303.2562327708258
1610555619.13oUYNikU4facCTpUSiSLr0vPI0tJLnXiT,755.3735561403957,1030.39188512088,369.103476653949,1217.2354182497554,1268.347706646259,1213.971163939749,1025.1535693998026,261.0221677009087,1152.3426566743385,1233.2942101945946,1179.5239411040918,1061.0575878665597,1035.0827823647337,986.7074181986851,1031.3149035255822,1250.6227615520684,1273.9611178401733,1079.1341411205976,1192.199399368742,1289.5486981000013,1129.2627506176627,1045.1106068523482,1266.1249867424876,0.0,1259.3180874858185,1205.1401564771004,1172.0884903943195,1130.754033876025,1198.3994078256671,1097.9699466054549,1314.946443587092,1023.4660854321847,1199.5831763806857,1333.091059702047,1254.6120729363515,1202.3026603203978,1369.8734788780102,1318.7343004442419,1278.8861868419522,1217.1394285043257,1219.5757736537596,1089.366065217733,1256.9872436500586,1142.9199309913895,1147.5649549812538,1165.0503327090025,1249.8483563005702,1200.884088161983,1249.197084592965,1175.013490396376,1295.701423702845,1293.7936946247542,1268.8504756657533,1092.1457908931138,1239.8936819556443,1190.3413144995016,1219.4174882258396,1202.5794540016343,1304.2797212583075,1199.7191108418463,1192.8146137562405,1066.003009552459,1170.340933066759,1057.7995302573675,1242.6679951428416,1087.3852678928508,1218.8024279030326,1220.351239431452
1610555721.03nzkucfjAUh31zTbmCVvTVYqtjoxZFnBh,1269.058589309035,1071.864159534552,1257.8202546051014,1223.0384030091368,1403.7853807756626,1280.3964039398072,1140.949553290231,1245.375298343249,1333.0514233007016,1255.3673140721007,1173.1770636748643,1042.556887146364,1140.985903498136,1199.2387357176754,1023.9389087267175,1252.7688631132294,1271.7361104678425,1105.1860844686203,1272.0810581967814,1365.2181092965093,1149.7033191923206,1049.9677785687888,1397.196713223633,1259.3180874858185,0.0,1299.8782289043468,1364.0360023792803,1115.9861470676829,1076.9825905440036,1210.4719358770524,1368.3809258608183,1138.2894150000657,1216.4313242001729,1325.3131055517667,1191.9720497762537,1187.6528878322122,1311.7945951099052,1293.607714488378,897.0484104535471,1207.606299372333,1222.4937376756657,1101.6741234539163,1223.4151068998653,1199.6523398287852,1160.2555231683493,1127.3241557652302,1260.431365074094,1042.8372893255814,1248.3963739319224,1250.600250567145,1276.8897849514212,1239.4474388987267,1284.6677307479,1109.3166324942229,1323.6619575392797,1233.0363328337132,1165.0872158788636,1236.3481168476878,1272.3851700731204,1179.7997968719842,1152.260243625835,1069.6459761477504,1154.6637637933495,1065.414845062874,1221.6897963613546,1096.1481767168893,1199.0554389392482,1194.5761151324537
1610555722.67fhKURdXVzRbLIjXmjRwdJHTnE7PWb1AE,1225.75512420255,1078.4034237841497,1207.7733581687062,1128.0789921373523,1291.483492539969,632.7945658916558,1079.3313457633626,1198.2399643670801,1220.4478656218591,1273.5322829583142,993.3868735100269,1081.2092727454738,1094.142924108518,1159.309961332487,1031.6795360704602,1258.7377201480413,1158.0492100508357,1026.4584320827867,978.641889380776,1289.6425349804506,947.8917456038827,1036.2613919834155,1285.9310223740488,1205.1401564771004,1299.8782289043468,0.0,1243.8497454450655,962.6891461198761,1135.2752291425647,1160.489183633018,1344.4084806957924,1143.575067548997,1257.8500816537264,1321.8081884432522,1154.263628961688,1176.8880051626702,1352.302288477752,1288.7817985475667,1322.5422837587212,1186.8087072382352,1152.563399247105,1027.8834218127772,1189.91171443484,1201.515152918425,1157.3099038952341,1026.0361822754428,1195.8220895242875,1247.3012085069604,1305.901519291917,1227.2400361869502,1227.192816282795,1264.8314574899787,1287.4570186010385,1102.6747372327275,1289.4488833149155,1119.2789867226525,1202.6841201435318,1164.235923796229,1241.8906673125314,1118.5922345288225,1073.3422182688857,1054.2525004379438,1183.135393813242,1039.2859739636624,1295.2872872735884,1015.0665285023778,1262.0502109808713,1051.2585438547455
1610555638.39J2ZWBLuLTHP0jOlzB4tNHmYeijH5g5YJ,1102.4416037587532,1192.7279246455769,1145.1421680843703,1271.5545299723549,1204.8476622686592,1251.4051732609541,1184.5921543913064,1180.9614903693966,1225.511092726529,1376.886969432795,1259.203370040251,1174.5211476320785,1203.8183593909882,1210.7014225385044,1146.507912760102,1354.473450655206,1348.8770458931638,1195.0487558654002,1232.7186176792295,1281.9898542252954,1239.9591440588595,1150.392836518034,1191.7519974206589,1172.0884903943195,1364.0360023792803,1243.8497454450655,0.0,1191.7059226917036,1318.0351290686078,1228.8506760976409,1351.4218040782246,1154.6606334829848,1334.5366897678607,1372.6516673321785,1323.2707806591463,1304.8117826834637,1412.6249349094924,1366.6706134085855,1404.4776806223338,1302.5576706860788,1256.7203129199975,1219.808134917757,1306.5457243339679,1244.43801454059,1283.5982846719764,1277.863348766345,1254.6058880686621,1288.7526364574328,1334.6571944588766,1086.5105927879547,1351.2457230727225,1318.6831671141363,1372.933833700367,1220.859388113895,1357.8322434481552,1176.0530110795642,1304.9926660789547,1298.8325072519285,1349.9940572063379,1255.0451294967309,1272.1860018121683,1187.9675100509126,1163.8975336740896,1187.6014156628883,1254.5075923640609,1202.367905526837,1289.7967504590754,1296.1796648916493
1610556032.17Q6yCDx9g7alRnL9jBFXD2JhhUyB2hKfJ,1133.9554438375128,913.8867793458669,1134.703152819778,871.2033025946083,1192.97356342502,879.1539824512713,949.994706159994,1119.2510863580765,1184.9438687650247,1205.7605309714668,832.6471510115598,787.7923183535298,995.6941616663627,1044.4749289585486,825.4584967827017,1079.5910258177369,1103.6112877778664,890.322645027463,981.9586756374619,1206.219423443215,730.7153293799281,807.2169931699884,1209.3721924946933,1130.754033876025,1115.9861470676829,962.6891461198761,1191.7059226917036,0.0,932.0121596867093,1021.6490838157732,1223.121261364378,1041.4307911464198,1172.429689263935,1218.4264941655097,871.9897491166639,942.4570373278794,1080.4178320165568,1182.4821839687347,1179.7103835111534,1026.6985621215656,823.0069317213504,830.9644252281474,990.5520168208283,990.466725036612,965.3666204747659,817.7845773815582,1018.4783552952812,1066.0581385219737,1228.2273940753842,1137.1085575573347,961.9646039780006,1081.5532644557466,1174.0571182570864,934.7898906969541,1115.233225726096,1096.8813388873962,1023.6699656811235,835.6774537251409,1017.6112254529227,882.2518828893376,855.4456404087086,864.7775715661678,1076.3095525837848,846.8421498919744,1197.3523915862804,816.5871603436385,1159.4814754736778,812.5498235629192
