,1610555604.25mOvVXuL01OCiReyVWBfesjuvXmB3MoPy,1610555605.43B6oDsBtWRQ29Q9UMQuTUEPZy3FSSWXzc,1610555610.92HPGJJSmyPM40z7otPBgHalNrHFA7zk5d,1610555606.68LaSQbm9EHAFycEfFtEqAwYqlBsQPjIRW,1610555617.19EKxMEwDHfXiEJZc27TsGoERaD6Da4BZU,1610555722.52PJ3FD50MGhRXyUD28vluU8Z9UjLJLZn4,1610555617.52Ijr5puT55g9apK8auM7zaxa3NANg502t,1610555638.77ZLjTLkz4jYJdFMI2wWBztzsDILkoOtAk,1610556912.46C7tJPLF0XfNnm8f1820X9aLmXMHoc0Dw,1610555617.51LjzIROg0aeCP2GhDcAVQ0LipKJB9jmKc,1610555608.17OpjjHobqRkX0UPcaXrbu7K6L3805SZri,1610555721.82zWeNZfGUUfRJkgnAwlP8VMhPzXctnSd4,1610555735.75bom85BDF0C7W2eIseHeMxi24qR68nzMi,1610555735.77NnT5xqKnwcf2BbjIekeb2arTQj6QMNwk,1610555638.33wjf1PhdNaoWfbRzXVn50hmFyB5bYAiLV,1610555606.65jCE4ig8Pu8kvAzkxnSGfWsV0nQBjCf8H,1610555608.18ONsBCVo1i7BrX0XG9stct4oiA6ejX9Oz,1610555721.51RNoQUMP19FTMS79BmA3JkgSm2IC2AQuQ,1610555971.86O0cHB2ibBJ8jxoObg01EpGe8VVV5mpwn,1610556911.51zU3duZSGpcw1BDNsBLxdOCITAXwl6z3i,1610555988.71dMoYT8250UHHJGxgmITTmbHe7V6gH1yU,1610556042.81mlUZsSp7gbGjrp8jQSnybT1gPy6e62o1,1610555637.02UBW5nKvDyUrKnaWcYRGajZPxTRDS0q3N,1610555619.13oUYNikU4facCTpUSiSLr0vPI0tJLnXiT,1610555721.03nzkucfjAUh31zTbmCVvTVYqtjoxZFnBh,1610555722.67fhKURdXVzRbLIjXmjRwdJHTnE7PWb1AE,1610555638.39J2ZWBLuLTHP0jOlzB4tNHmYeijH5g5YJ,1610556032.17Q6yCDx9g7alRnL9jBFXD2JhhUyB2hKfJ,1610557007.49MyVgDnuUuBxrvL6SGOdhKf69VYlW1MSm,1610555638.44hjT5hbYdKoE3MB6hijrjqbjmLgvCUYKD,1610555608.13zUvmFSCRt6SsLbhqFznMEvGx54GPGQzM,1610556038.62a5C4ynd1AARyAhTv8a58NCqHvXRjscqH,1610555644.45Xse8u7pusHNsd7F3d0A32HXvXr6weOJE,1610556038.62gKXOCG7XCn55eJvyl5voNjbwOW0znQDq,1610555987.13v0oleKK97pkesp6oMgprH8SoSdoDVdIO,1610556964.96ZLLeiQW0qpmxhPGTg7K03fmzkqsC2bjC,1610555987.13VQlEedQ50VvkPMEMzZDv3KNnQCewykN9,1610555982.186TY6MMGkDecIN1woW6vsfAMXVV7jnyjO,1610555982.673LuMndkwkvdmZOn0MmE2Pkidx0FtNalb,1610555733.38zItcuH7gHNfKdALR2d9Nek6bxCyw36Vm,1610556034.15BQxSbZINGCay0yp6RBVlgcPrw76Yn9ON,1610555639.37BPZpgtGml8qUsh9AdV4m32jPLfI2aNFq,1610556965.57S0adAalhWYe6K3bkZU0bRHbqnDK8gGkR,1610555983.54zteLPCMjyrjzPdhHhlZr3faCgD0TfYr3,1610555987.79rHnNRmt9a0ufmnwCvZqBouyUoZDNpylW,1610556960.041xWER61rmArlsKfiMl4frikWmUCnQ7op,1610556035.13a7NHZDutfTMJ88qle1gTYY59Dr4WmMsj,1610556890.456ZBDaY16bMtrTZTqAgHl3wq1tRxzqDow,1610555760.24e6890pkbyZ97Or6croI1rQgjkSsR0yVt,1610556043.02YpWMIJg3W004iqlPyv8OcVAZdSC5rNYw,1610555987.03z05P26TLtONYM1HSzupoc2CeNMa6HTqr,1610556032.15OYCzUxpsz7b10AXBAuDXrvEcvxFhf0M7,1610556032.63Z80yI9pNwS3jSmsDABbuhf8wkNa2Ze9y,1610555736.28eGuESasTXdR3SqY6pHhEXWZtcdciYLCO,1610556034.61bebeZA0MkaFG2sm3VKiqrxeqQginTTW0,1610556944.5XwXOphKYT3ZkWA8gViqOS97VHVuMVUqb,1610556944.745UVLFBzf7fPh4UH37I6tYQOFPqRDytEh,1610556034.63XsUwaFaPZevO1JNFjfhvY4aKNFnV4noV,1610556964.89xwBHw9faT1HjQRMNQEyA4qJ3hWkwgj3k,1610556966.74DydzH91jtyvRyYau47JpVkZoMRSNTt01,1610555740.77UueVziDbaXyRR4OcVJIIZyzOfAzN51bj,1610556046.84e3vwjyRCzqz0wJQhrk8zsxlFfFSv98Df,1610556137.99eoPuVrDThKAOvmeprLPb2FWRqIhzUodc,1610555740.73XFwSrmTXJPlaxGZSefh0jOVA8PI3III1,1610556123.88AOfNaz9jSnqU5Czc7okOv1RCrYfKFBTo,1610556046.85nB7NvyoYQeLcOV391Lmmut1wAM8CFGLw,1610556123.89H4pdIAzDthI7bMXMhlIhKUYIQIvtmPPQ,1610555740.87GOYQUJKpkynIS2lFqppYK4b32ol7NeGh
1610555604.25mOvVXuL01OCiReyVWBfesjuvXmB3MoPy,0.0,837.4361234792244,580.3978200124244,868.5188203315406,824.7566906326568,879.1852587120363,839.769067891107,738.7318774734517,720.3608122870029,970.7412191139679,813.077915375577,855.5287528551527,839.6817820691683,905.0810093324416,832.1678281954069,963.2687010769247,834.2184642907563,817.1664662276206,749.7580290988948,963.2008985330364,811.1453048417077,806.8329142806269,914.3966911058999,702.1594888881558,901.5173008315332,836.7172583762851,823.376893370753,814.9769790963481,877.7254908959529,870.8458139437392,981.6382556916824,813.6345738141315,954.7436712451095,964.6689754760307,930.9881523407776,893.3926697155313,946.2854252390099,964.058589644462,888.4573431636011,911.0588524762954,892.2124882603899,840.510419616269,899.049250232649,867.1668584442413,854.9545784378083,827.3742290648335,922.7015841989138,905.2333923903129,967.5901058456973,817.9039934867311,927.6751692341845,915.8618928909276,896.7791116313072,832.0890488676768,980.9006734524937,869.4979740948152,846.0650169019004,879.0592124779124,927.3300053406815,854.3023622176419,873.8407535599073,813.9889418610977,929.8507846522573,816.599723731343,901.6012284279797,834.956456439605,840.7501114843126,872.9885416988482
1610555605.43B6oDsBtWRQ29Q9UMQuTUEPZy3FSSWXzc,837.4361234792244,0.0,684.1274411586766,481.7789054411789,824.0108854984501,722.6896743616794,728.0376417094121,682.3917836493288,833.8360364987926,824.8151572459544,556.4785605697348,595.9320351600363,639.06707588928,755.8557692388866,487.1272080083412,704.9827441222759,621.5882429468134,328.6913163574399,724.0429845147158,798.4604758052984,582.2023121773457,563.588656063197,805.4572686007007,690.0638095816815,669.6217779088083,715.4867624107465,830.8026208464548,538.4740510354402,581.5886196088162,731.7203123284689,756.4650201066262,715.4666426154076,795.686050372269,753.7463956783023,659.6083074615062,659.1746034132299,717.0997220056327,689.9929201672361,497.636350209551,661.3967375294854,642.9443341747323,579.9994418803354,650.6875957319673,618.154042968273,509.8959146946221,406.1284486824916,742.690661611643,810.2208872962251,820.9796493308238,693.3873014622166,734.443479766233,723.4770037513015,597.8723516378742,507.4780217050888,781.9066024524973,694.6706756157354,700.0075288701939,698.0631876773798,727.186032429134,600.6581881939511,582.9801276606393,538.9523648144043,775.5047387105554,569.1654696654359,752.234621295378,581.0385875846371,724.5037700016028,567.0286245198764
1610555610.92HPGJJSmyPM40z7otPBgHalNrHFA7zk5d,580.3978200124244,684.1274411586766,0.0,731.4260439809839,775.7486615329619,767.5005305570444,694.5423972267305,503.9782162295328,740.2614422702578,858.7322604720671,670.1155515975448,688.7818749353077,698.77210514736,744.4181830018254,679.634777614965,840.1161719740768,685.1134582302822,667.459916570567,690.1065866001153,849.7848679055724,659.9789706975916,668.0732013486127,817.9437366182532,425.01587139271646,765.4916733963885,726.4161186950835,786.8169769194975,666.4006957182821,735.8005989345163,746.702354027372,868.092072995585,702.0391447026636,836.7889665212462,849.7198089794375,805.0679886599008,761.7360463363497,830.8977658460022,844.8757663128573,745.4244186161584,779.1020037786942,766.1692047440322,694.4695319598738,769.5713077115416,722.1592031375708,712.700494904492,675.6294283531018,797.3717545360103,818.479227826196,859.9774181816534,694.6234587279664,807.6409302905397,788.4381617290926,763.167696666153,684.9844165890937,859.7453950433105,754.8211941086687,749.3202171946085,744.9073858355013,808.8826300523474,698.7248205600309,744.9373745054197,682.4615133758448,814.8103652159074,672.302253722473,786.0515935230238,703.7425441707014,734.2706351366309,745.5097030808855
1610555606.68LaSQbm9EHAFycEfFtEqAwYqlBsQPjIRW,868.5188203315406,481.7789054411789,731.4260439809839,0.0,826.606677400887,754.4897015006057,756.4675917449393,738.8833724636602,851.1209044207649,878.4218438527961,526.0684923564984,611.481959810744,702.8623188544916,796.679451257291,534.7156693118463,682.6316251223551,637.4173524667051,477.2696621516033,749.1232968054463,792.141546245433,599.2691849562651,591.0776146883657,809.6315358259308,742.2322945617846,719.6869665949935,747.8060144879821,844.8448074971631,565.6212552786536,640.7501182657903,732.2092417356524,793.4020742398613,750.211370055379,850.1159192253393,802.2864861492666,615.5944658106363,651.8203518477355,702.5840598922246,754.7124006862413,603.9016790517152,659.6623476591109,622.6764571033449,596.7576550895932,647.4461528466956,657.4786476463855,586.4021440449986,524.9873615212771,741.8174179381456,814.1823090133681,864.1973208637161,726.1985619122086,708.3257262031897,727.7847104119666,667.5281454616442,581.844898812888,709.0375198515352,726.702563781646,689.6136314577242,722.415397138806,710.6357566407229,599.1967757516387,610.5237683521685,583.9922232106454,789.9976656667429,602.1208381104242,764.6061356190692,612.7030054869523,756.0536424833223,602.0327961502724
1610555617.19EKxMEwDHfXiEJZc27TsGoERaD6Da4BZU,824.7566906326568,824.0108854984501,775.7486615329619,826.606677400887,0.0,866.7715032975426,695.6257930942614,821.3677566375741,720.5056458123689,959.9620571328713,781.9751743280169,815.9874140853811,824.2990155923776,862.61838096977,801.5384517922132,932.1282579761913,796.9226667789369,801.2339503320036,823.7969585973323,935.2261286200256,768.3091174729097,768.7019759458906,708.8782886266998,810.1889373704885,885.2960937059546,834.7901901514767,764.404817323333,761.0534766052496,853.8952896218751,787.5013356995312,965.4527649457042,754.0624111448105,931.878677876128,918.5686294147125,892.2033684387299,861.8643675255605,886.58165959958,932.3570397977879,873.3323461996066,883.7451706426931,844.3266225302629,801.5067897676201,869.2229701548493,831.8954021453221,831.4841012301596,803.47274745038,884.4036291130708,918.2572948684706,932.6474633962673,738.2224712606696,894.9701545694053,890.0828165215553,870.3825155799278,800.9452862324523,948.3542441146544,800.2851871358067,849.0598811526762,820.714149783342,893.5507093905192,816.4939375752101,839.5943955747808,788.3080260288469,870.6246550482401,786.4646692196557,863.3627061068821,803.5446300208287,814.7338395450441,839.061858875061
1610555722.52PJ3FD50MGhRXyUD28vluU8Z9UjLJLZn4,879.1852587120363,722.6896743616794,767.5005305570444,754.4897015006057,866.7715032975426,0.0,739.4200038708373,784.4626522268679,789.5113107148561,902.7402425186103,700.3666158191668,747.7722772469647,759.6563619584775,824.998765237174,707.7959401893764,869.9486036651547,723.6596522418503,704.993762715347,505.5507316118411,880.277043867806,679.5937931353325,687.276384270839,890.4141355314688,776.8476227638678,803.1687583996454,473.4814563603247,869.6404022293027,652.6849622013298,739.7161026736501,732.7500097898709,915.3001875379991,746.8750410117717,896.2972027856837,884.0725394251253,824.9042343643781,802.9212474110473,855.1335990149554,886.2575862443615,774.620064395281,781.0747338015935,787.6383344864759,714.9898350594028,771.9423135460192,753.0344682965009,747.8356525252933,686.4850125495657,802.1043174361613,860.8103771224983,911.2835822461776,739.2663328850955,787.2192878505051,785.9890544929647,790.7330162333066,711.8084635172646,899.2166786614011,772.6205690760024,785.1072956575223,742.2110290404446,809.559654506802,714.9676119549854,738.4908298733385,697.0680143985927,849.8007895541568,695.713138232559,835.7625573457132,708.1808135461341,762.6375694209747,736.3280086742199
1610555617.52Ijr5puT55g9apK8auM7zaxa3NANg502t,839.769067891107,728.0376417094121,694.5423972267305,756.4675917449393,695.6257930942614,739.4200038708373,0.0,730.6267076491142,780.8736192146258,884.4805482433317,697.0046333239288,727.4252277640553,727.7866569973071,704.9999131380898,716.0464866828995,863.9357143107402,711.9526721943082,708.2133750189996,726.0185261081049,872.1572945446557,682.7867865445505,679.935128427624,825.9736815197535,714.1555565353244,802.1907369552694,719.9700396125372,854.2800951557093,692.872492453612,750.273152348026,653.5696682938091,900.3584652222601,690.5762535390106,861.5068854537552,871.9315023261612,827.2515968509111,784.2423070578506,838.7385186995671,867.6299853794296,779.6872356633919,807.9137137257818,778.2808355143127,719.8739587819252,806.4206794021455,771.1524325236061,739.6304659592394,710.3924146742239,832.6173498295216,866.5623620265344,868.2802341981111,721.1140354532303,825.503132107074,820.8868997092811,783.347160602054,704.9276912167211,892.5885368974375,788.9207789390921,787.185369170867,748.407655790778,826.5711826938062,721.0997029321123,763.1103307704512,700.2467983162263,822.8585444460585,694.2984624123434,811.6107890795134,719.7860273998556,748.0056681539759,763.9718097269176
1610555638.77ZLjTLkz4jYJdFMI2wWBztzsDILkoOtAk,738.7318774734517,682.3917836493288,503.9782162295328,738.8833724636602,821.3677566375741,784.4626522268679,730.6267076491142,0.0,788.6621776508537,864.9009147502422,672.2522997242165,698.7186263224188,702.1843420454426,694.1227640348832,676.1052847661706,845.2453334899061,687.9752024001111,667.9144247128934,745.841602003708,858.5063285423215,670.2269535210627,665.5235496525746,849.5007498531838,276.05003256162996,767.8318100155834,745.1829101595356,830.7491846226984,666.8171300855402,745.1420037175013,764.3991502413753,874.6050279129513,730.7104551174099,843.2895973133484,852.6234200341474,809.5545789386181,769.8026649196232,833.7839456263437,846.4488660209336,748.8197340270941,788.8711498857523,768.335447428259,703.6674429294533,775.9066717718894,754.5284491999847,712.4399774539248,678.3095107295793,807.6454051641864,828.7201508996571,872.9032271046407,728.7297092149383,811.7270049515768,798.0938647507643,760.6709007853907,690.6383091453208,863.786929007469,764.1625100960854,762.9588801578223,746.8949130696317,814.0931765782195,717.6705994725932,744.010838614714,680.3647082354522,819.0338858022058,675.56101690956,797.3165099944199,704.1403128674142,754.7411485870447,745.3522183654186
1610556912.46C7tJPLF0XfNnm8f1820X9aLmXMHoc0Dw,720.3608122870029,833.8360364987926,740.2614422702578,851.1209044207649,720.5056458123689,789.5113107148561,780.8736192146258,788.6621776508537,0.0,961.969899604668,783.152887336533,827.574603833729,825.564037683754,882.2342249334256,816.4031038509604,941.5887425885747,795.8036708007568,805.8463450368989,716.6418424155157,942.1246090739604,766.4510130006722,770.5937016771736,873.3022149008005,780.0284647426073,893.1497626894198,760.1370106767074,808.1020188147344,761.6209708452571,854.7609141084016,845.2991618530616,972.8275524191212,819.7259387828171,941.8374928260414,940.5068519142525,903.5506232084915,868.8909785350851,912.3528374538951,949.1404448945076,880.5126831199467,890.1021600567968,856.9268971076498,810.8465401598412,870.0703646108009,847.7756114955034,839.1377838181671,808.4180159509929,887.5998250936735,905.9875347196327,956.4785021656224,748.9160321912674,885.6945466655638,886.2094744669909,883.1898893142511,800.5032756307357,956.4489778103009,844.5409663904705,838.5605122307774,807.2868671945189,893.6771796937418,839.4435271111448,847.6024129138477,792.0970349521072,896.545497602118,787.5472049089611,881.4565211278299,806.477352991845,812.8780146427059,846.5488067143176
1610555617.51LjzIROg0aeCP2GhDcAVQ0LipKJB9jmKc,970.7412191139679,824.8151572459544,858.7322604720671,878.4218438527961,959.9620571328713,902.7402425186103,884.4805482433317,864.9009147502422,961.969899604668,0.0,814.8684896080997,854.4120838954334,706.6616660746847,912.7871537636336,837.8665814830453,935.5757719169163,829.289430291454,822.5366527597499,920.759786795615,951.7102389366318,813.0178556190848,822.8798242003975,966.0217930111825,871.1783364309161,860.7424897150388,868.2368481056435,975.3711832711637,813.2163826203422,858.3344983632112,909.6508029240799,967.6627111374447,890.7300776217271,549.0074899192405,938.9466610987855,919.7215754709323,892.2421617127363,935.7843247475628,924.6635838172169,818.2977840340253,909.3349234279282,900.6589400790925,841.7474477200786,905.5655415164588,903.9632993131386,845.8953983794256,820.5772007236578,911.8153275580592,952.9722675952537,708.6203397426332,854.963057483172,924.5756258684356,928.6058066633875,866.5905915195634,818.8739192862919,975.0167983218275,906.2725194974573,915.623550619667,860.628265086724,915.6417193598536,877.1360385924534,879.1161321916113,813.5038558100631,837.6933293443191,815.650828888108,757.2331203860484,841.9363220051366,868.8678615498708,878.5212517078281
1610555608.17OpjjHobqRkX0UPcaXrbu7K6L3805SZri,813.077915375577,556.4785605697348,670.1155515975448,526.0684923564984,781.9751743280169,700.3666158191668,697.0046333239288,672.2522997242165,783.152887336533,814.8684896080997,0.0,597.4978219939768,623.4952074877059,731.3250562752177,518.7547142773585,702.5343826997275,409.7975251538387,496.01690172213006,704.8793701754495,755.3792772421295,515.7765842518817,520.8670800087991,792.2838999574609,676.9471674439161,674.9097224076535,668.5592843068538,796.0744189007509,521.0784881100013,621.5387087353473,709.7270197784771,787.2747820541036,690.9999278823944,779.5803046636652,770.9678371762975,626.2190284711611,570.2229133415991,706.8234753102311,739.7348145101987,630.7059522104931,639.6038254990214,637.1384824704501,449.9775210822447,623.3753078351451,652.3911832396599,532.2863688559918,490.0773577373007,714.2012307799514,765.3595716391419,809.9907688019947,636.3641826747291,666.0834688755168,706.4575857552561,651.7102109463847,466.3089302656375,750.7627052005835,685.3824844077635,657.1352646453056,646.7370457497503,675.4061159766156,611.3624249113246,545.0903418646602,467.28718582592944,747.2116431557517,446.94326623315715,721.4286849902087,494.3946031443334,684.847334322833,559.4953596681457
1610555721.82zWeNZfGUUfRJkgnAwlP8VMhPzXctnSd4,855.5287528551527,595.9320351600363,688.7818749353077,611.481959810744,815.9874140853811,747.7722772469647,727.4252277640553,698.7186263224188,827.574603833729,854.4120838954334,597.4978219939768,0.0,679.5011601129254,735.3754600336227,537.1676754799569,716.6397160513459,620.52034761676,532.6574898272955,742.961093451981,799.7507468422984,464.1239243301069,522.1821214806464,832.1886125723942,694.2243053549698,654.8750497871608,719.4262999528422,824.2697636972345,495.65860575476927,661.8601155325823,760.6579580768762,824.5449354870287,750.7421035942568,823.1259679723261,806.3179558085432,633.9162045283306,654.277300697439,725.5417196046932,771.2449979913189,631.0978305715167,683.0741530095222,686.9428089572466,589.9215378802655,691.2859358118844,652.0741209425595,609.2369465491103,579.4544383868779,677.2777752024164,798.6064933041489,836.4283612590422,689.2680343480737,723.2199319305889,725.740620827918,693.027095100088,609.5977142816407,792.4053308629506,728.6875576644613,701.0207879247909,697.4466945378425,741.8347829127932,611.2172830331118,645.7603252350041,621.2692427263883,767.1453661036845,616.8287978823563,750.555984735241,628.9496983009099,717.2672417339734,632.6209031163506
1610555735.75bom85BDF0C7W2eIseHeMxi24qR68nzMi,839.6817820691683,639.06707588928,698.77210514736,702.8623188544916,824.2990155923776,759.6563619584775,727.7866569973071,702.1843420454426,825.564037683754,706.6616660746847,623.4952074877059,679.5011601129254,0.0,759.0909850454565,653.7151706645499,800.1950818916945,646.1606525571799,630.803267325797,766.4286160698371,807.4711116471714,627.6298950498336,640.5299669012974,827.3397939463528,706.8983123499756,756.9427860865777,725.591679361149,833.4253507105791,629.3578422101458,700.5265311796377,751.8257363076002,833.1723519128693,731.1467186014153,619.9422751353861,803.1897262041527,762.3205618698271,725.8840867476436,785.0602460940906,798.6570585903356,710.6212103577734,747.8956952225188,729.7610530631232,653.4966228501975,737.0819387715578,736.0113381367246,665.0312113585004,624.3327077225485,783.7424196462711,830.6440525321083,818.5118099879915,689.1369370721728,767.3482606182043,771.373561512245,687.0853561517501,621.9454251135537,832.3868650191914,740.4512892790942,763.1523751403082,697.2550051392345,762.0398689968138,706.7981526572622,703.2342020958471,618.5695693764224,776.2705546203352,619.9585097901928,747.2250913698014,656.2741618020258,717.8441241415751,703.973712919392
1610555735.77NnT5xqKnwcf2BbjIekeb2arTQj6QMNwk,905.0810093324416,755.8557692388866,744.4181830018254,796.679451257291,862.61838096977,824.998765237174,704.9999131380898,694.1227640348832,882.2342249334256,912.7871537636336,731.3250562752177,735.3754600336227,759.0909850454565,0.0,757.423257173635,881.4790104938457,726.8890725329736,741.5926675176302,833.875042114826,898.8651196497017,710.9223176414046,716.8567559867337,879.3751521166581,702.8756491181084,822.7641099844278,788.8697745948344,902.6094582568727,725.974629803744,795.3530538056842,820.268959678591,922.1785474515017,769.3318245134409,889.2437023917732,886.8825755842151,859.3115008195821,818.33594442283,876.0619577610217,884.0912373549742,812.5662284683518,848.1041225356639,811.6478795798323,773.1647207615567,831.2579121800753,813.6384798573843,771.1646778480962,743.4678745057813,850.4887773418529,874.9462877674403,903.9714897496463,774.9008144758825,860.1495507468587,845.633971388441,819.2978282589664,756.5299826691902,902.1727743075766,821.2813859959338,825.961482360765,797.5371976124287,866.135803746137,761.5513766552675,814.7433109636638,748.1977352708612,860.3277139707728,747.0145089756772,847.7648827013485,775.2733039713745,815.1729501149583,809.4406252076778
1610555638.33wjf1PhdNaoWfbRzXVn50hmFyB5bYAiLV,832.1678281954069,487.1272080083412,679.634777614965,534.7156693118463,801.5384517922132,707.7959401893764,716.0464866828995,676.1052847661706,816.4031038509604,837.8665814830453,518.7547142773585,537.1676754799569,653.7151706645499,757.423257173635,0.0,675.4209605870872,577.8065622598446,447.7610004341291,707.1327675391051,786.3363736690127,511.3287300093641,446.82633844150206,800.0159706045662,682.9605060772719,627.4288965749881,702.7323476086297,811.2414559572308,508.51004854481965,587.3869672960806,719.3002917654867,770.8570289524464,715.8572034358866,804.9642144034474,776.574999835941,572.2829179955372,559.8827819898627,666.1478476922699,733.7921964106639,572.6396151956261,561.3960388405209,612.1364409561263,445.9172053093246,531.7689681432628,628.6776768444718,496.5904176084012,466.97541411913016,671.0387801443154,788.3169088744544,834.262768647807,676.5388537778838,687.0798226393324,684.7121558724125,633.6903137144741,468.7842223101072,771.0799291498427,694.7699953418613,655.6449242501764,671.6397906710463,694.4389367977158,561.3900760792457,494.15380448341676,435.5427407684832,774.8609192237071,454.4268619197271,752.2864610282473,440.29752386783383,709.1953196714934,500.079151498112
1610555606.65jCE4ig8Pu8kvAzkxnSGfWsV0nQBjCf8H,963.2687010769247,704.9827441222759,840.1161719740768,682.6316251223551,932.1282579761913,869.9486036651547,863.9357143107402,845.2453334899061,941.5887425885747,935.5757719169163,702.5343826997275,716.6397160513459,800.1950818916945,881.4790104938457,675.4209605870872,0.0,744.3478251209799,693.3930149321048,873.455113656417,843.7020771309873,705.9977138652035,725.5783350862503,931.746548801513,849.8637086762822,796.2208782391866,852.3029023470272,938.3052237386092,694.0440008115901,727.117764647857,876.7769093514693,812.9045513462427,869.2008825948348,910.6913293007923,778.1110842322637,563.9066922917384,614.2106429018588,689.8414925498446,583.4511959056317,756.9098155724903,759.3623399003554,748.9071541859884,732.1172951560762,715.0125879507502,755.3523855592222,659.4894445995477,690.5561999176957,778.7480192172515,913.9151301413815,925.6804356430387,811.4819732602818,735.2500084706963,833.135533591588,786.3701619759175,709.646791183678,730.8828316274002,830.186240906769,835.9579240885699,796.2733486627343,761.4161185193692,779.1483543577579,724.8667038565777,710.6520634122527,821.2577860108391,713.4741935192727,850.1117273113601,740.1771651284555,811.8833453569863,698.3542388209487
1610555608.18ONsBCVo1i7BrX0XG9stct4oiA6ejX9Oz,834.2184642907563,621.5882429468134,685.1134582302822,637.4173524667051,796.9226667789369,723.6596522418503,711.9526721943082,687.9752024001111,795.8036708007568,829.289430291454,409.7975251538387,620.52034761676,646.1606525571799,726.8890725329736,577.8065622598446,744.3478251209799,0.0,560.223279359027,725.7625211694224,777.2933327969993,541.8913453625171,566.3398812444757,809.872909980909,694.8232699094671,707.3800554611106,672.7432389325398,812.8433641824,557.5463117601921,662.4765638915738,726.0478046533485,815.5065634893801,709.0467683354818,796.1377753173698,792.0568163413925,681.6438930119081,628.7110611114126,742.6828676324185,776.4326433567277,680.1675102828988,693.6254010319518,686.9617974528684,527.6440818095687,677.2058932974535,682.2859766398369,591.9263965442323,549.708571364685,734.3248594702467,790.3571815550742,816.1907840686741,643.5364433683177,711.8055075823981,718.4338679269738,687.654568410911,577.0510516485002,794.985122917708,714.5793242615828,701.196618737566,662.7350456329094,718.0472919504424,644.7891166782468,612.8066464935845,566.3012786462402,746.7735195071247,515.1179510192361,735.1551714324302,586.2229871581194,692.391516829744,628.5561873621227
1610555721.51RNoQUMP19FTMS79BmA3JkgSm2IC2AQuQ,817.1664662276206,328.6913163574399,667.459916570567,477.2696621516033,801.2339503320036,704.993762715347,708.2133750189996,667.9144247128934,805.8463450368989,822.5366527597499,496.01690172213006,532.6574898272955,630.803267325797,741.5926675176302,447.7610004341291,693.3930149321048,560.223279359027,0.0,701.8865155263514,783.1012078551638,527.6405649972165,498.2856095393601,792.1381022800871,672.6085952750498,643.8128871547784,680.9441536218441,801.0256873015858,502.69208675000027,553.3717531783118,710.0857766389848,757.6614474565945,705.2150284871232,790.8194822942771,755.1033104244041,646.1561385362651,600.11543459379,706.9177720667539,704.7309683069228,519.029927755408,621.3125583145622,623.4309042189884,499.83710332378485,613.4369158924353,593.1954530107422,479.8237346217625,369.36354849273727,687.6435715124488,787.2885299976662,817.4117073053286,667.687231208034,705.6598836571093,690.1051209249105,589.3490778426469,476.7967531533625,764.4677522188506,671.0171649806459,672.0527140131114,674.617796639985,700.8436929612236,571.5250742315351,532.0359821185273,491.46415164621897,765.4102852793129,503.71537930337473,737.2067365775038,518.1567607154799,704.2745702176927,531.0430005937937
1610555971.86O0cHB2ibBJ8jxoObg01EpGe8VVV5mpwn,749.7580290988948,724.0429845147158,690.1065866001153,749.1232968054463,823.7969585973323,505.5507316118411,726.0185261081049,745.841602003708,716.6418424155157,920.759786795615,704.8793701754495,742.961093451981,766.4286160698371,833.875042114826,707.1327675391051,873.455113656417,725.7625211694224,701.8865155263514,0.0,886.8142516147424,672.0606663317416,683.9501239511793,872.7963222936613,728.3737990521647,796.2720677500856,634.6081497609151,802.4882823750359,655.3429490328524,739.1001378150515,706.5096310967213,918.2434954838001,732.3602468786926,898.9126514272376,886.8849510609097,825.2056203630531,798.5450182856988,852.0767992801465,893.8586741782784,775.7965329874984,778.8158331068413,774.4588414063646,718.7006098425119,780.5829614091608,725.5289904813923,749.308018855111,693.5909803027494,821.9002604532947,840.6880448141718,915.4528252978292,722.0482984615559,804.2286115467742,776.8792623140228,795.6127411796186,722.3637997409096,896.2849907660091,764.724824925302,771.6139285276539,742.373574593219,820.3865671765006,708.991503905896,720.7892707466785,703.5999053744226,845.1670507806326,702.4459706788077,836.5652343347901,715.4885971325944,749.2271959226449,719.0758290884171
1610556911.51zU3duZSGpcw1BDNsBLxdOCITAXwl6z3i,963.2008985330364,798.4604758052984,849.7848679055724,792.141546245433,935.2261286200256,880.277043867806,872.1572945446557,858.5063285423215,942.1246090739604,951.7102389366318,755.3792772421295,799.7507468422984,807.4711116471714,898.8651196497017,786.3363736690127,843.7020771309873,777.2933327969993,783.1012078551638,886.8142516147424,0.0,749.2390365484418,785.4201699405755,926.9695730763765,863.6659784298123,862.5275730501196,851.256308322251,921.7112780519434,762.8108035522989,825.7688020233928,893.7625337651464,926.1657400807179,881.6408525804959,916.8330102468116,851.9206772888606,827.6889892001408,815.064132932247,884.68465861363,842.2076832087589,848.4516307374663,871.750790800715,832.776264078462,794.1617426669716,848.5915176130243,820.176570305398,770.3573775838252,772.9504399418959,850.610141330386,926.147729906166,930.2320352064785,818.1723666698172,845.6729185747988,889.0073992341835,859.4938104577075,773.0835659262259,848.1628043740748,868.7011279376454,862.3048225578387,818.6408246531416,862.1588035014972,812.3797962004248,833.0688372799519,769.1579693153002,838.1853508127438,769.3186778885049,830.6185238388691,798.6119041609213,840.4373659746892,828.3045772646119
1610555988.71dMoYT8250UHHJGxgmITTmbHe7V6gH1yU,811.1453048417077,582.2023121773457,659.9789706975916,599.2691849562651,768.3091174729097,679.5937931353325,682.7867865445505,670.2269535210627,766.4510130006722,813.0178556190848,515.7765842518817,464.1239243301069,627.6298950498336,710.9223176414046,511.3287300093641,705.9977138652035,541.8913453625171,527.6405649972165,672.0606663317416,749.2390365484418,0.0,495.5442635086977,789.383973626427,669.3582765509542,649.985412210143,647.4928422311708,789.8403236544684,417.85811446929205,628.2475053121893,714.2506424339798,806.8178844087358,710.5718154855301,780.349142070504,765.1960502556199,566.5734579127487,602.1762085883743,678.71792319788,742.8180364522493,625.1797735467808,656.3600975975949,629.2226795602154,523.8840800341989,632.8929114122886,621.9370353848942,556.2383260169446,520.1577696137505,677.7223651292326,751.3774707204788,800.3577953615936,637.4267098406431,662.114990356787,695.1985123020603,660.8180636441105,544.5707763796745,777.7674939777918,685.2553798513267,628.5433270081644,607.1294888034007,684.5342674463088,583.6120490271196,574.9348941224338,542.4903917111758,731.6671268742107,522.1205059441414,714.2195255499269,562.4903208761081,674.937744586314,582.2381835059666
1610556042.81mlUZsSp7gbGjrp8jQSnybT1gPy6e62o1,806.8329142806269,563.588656063197,668.0732013486127,591.0776146883657,768.7019759458906,687.276384270839,679.935128427624,665.5235496525746,770.5937016771736,822.8798242003975,520.8670800087991,522.1821214806464,640.5299669012974,716.8567559867337,446.82633844150206,725.5783350862503,566.3398812444757,498.2856095393601,683.9501239511793,785.4201699405755,495.5442635086977,0.0,794.9234742188678,673.6792493504967,660.8817236835852,673.6321207919983,807.3617378699328,473.9538875853405,612.6088882229492,698.4340022528936,804.0290538511956,689.4777234879867,789.6692756767096,771.714738608277,638.3565350334814,610.1352348292083,701.6281438001382,756.0605922992731,618.6734735811234,623.2192817329961,641.3505186105192,439.82568831830486,620.7786317480997,642.9198057905221,561.1571862187786,520.6614446527245,708.2652100347148,767.1754225456518,816.9183675470689,635.4460539926118,691.9283772025885,701.0657386074408,649.1440161977943,502.1585094495966,787.882595213183,690.2748652277061,658.9230908903567,647.153488873506,704.1385496792262,574.4156714032787,513.5139695435117,433.7679360706398,750.6550868263392,447.9811409179325,731.2105724435465,404.62987826135213,679.5067603680449,514.741891278813
1610555637.02UBW5nKvDyUrKnaWcYRGajZPxTRDS0q3N,914.3966911058999,805.4572686007007,817.9437366182532,809.6315358259308,708.8782886266998,890.4141355314688,825.9736815197535,849.5007498531838,873.3022149008005,966.0217930111825,792.2838999574609,832.1886125723942,827.3397939463528,879.3751521166581,800.0159706045662,931.746548801513,809.872909980909,792.1381022800871,872.7963222936613,926.9695730763765,789.383973626427,794.9234742188678,0.0,842.6624293482353,879.6485623658344,856.0590858762577,817.1276391821519,784.5839405516491,853.2509437905475,715.5508932563653,921.8047375034628,752.5746976137273,923.882421052855,894.4229529595494,887.7211120803822,865.5180365353017,906.9276628364802,908.9757716575101,861.1734240734407,883.3754671323866,841.2337186138382,818.1309993835821,874.0489538448522,826.8284379224839,827.3374226822888,789.8511395999777,884.0026283192403,928.904839039812,962.7699872766783,788.0795332372262,904.6986948537607,861.8469917991033,873.756944253187,799.8989563160733,895.2028978146398,700.9820109415771,843.3237930066971,861.1776236291034,897.3898366364687,796.8768063741038,848.6009498833555,796.960523064046,898.6628913829003,790.9963183439922,889.2603782036464,820.6272656131391,858.5325907925603,843.9396573781255
1610555619.13oUYNikU4facCTpUSiSLr0vPI0tJLnXiT,702.1594888881558,690.0638095816815,425.01587139271646,742.2322945617846,810.1889373704885,776.8476227638678,714.1555565353244,276.05003256162996,780.0284647426073,871.1783364309161,676.9471674439161,694.2243053549698,706.8983123499756,702.8756491181084,682.9605060772719,849.8637086762822,694.8232699094671,672.6085952750498,728.3737990521647,863.6659784298123,669.3582765509542,673.6792493504967,842.6624293482353,0.0,771.0575604464916,738.6612951828945,826.1071224623178,673.0547080132717,746.8769042191714,760.0815434216423,878.9571582896117,725.7294222527161,846.7756679905443,859.4618343453095,811.3010407641034,771.5210074625049,836.2606345041359,853.0899444775727,753.1370891617872,788.4085437927946,773.3442865704855,704.2369492254815,779.264737114925,752.4118114310853,717.1691388006421,680.9188427548355,807.6447852459519,836.2528050137529,876.6296095405047,722.3410011246232,811.2962143664386,798.0643585986517,766.5644192889212,696.1112740773898,869.2667477788207,768.2878849260571,763.2735233279041,750.0317919971849,812.98246145976,716.4996845316721,748.65067543838,688.7185247155091,820.2962917512313,678.0695295786796,801.5323898485982,711.2745578356623,754.4348439837441,751.5363008456076
1610555721.03nzkucfjAUh31zTbmCVvTVYqtjoxZFnBh,901.5173008315332,669.6217779088083,765.4916733963885,719.6869665949935,885.2960937059546,803.1687583996454,802.1907369552694,767.8318100155834,893.1497626894198,860.7424897150388,674.9097224076535,654.8750497871608,756.9427860865777,822.7641099844278,627.4288965749881,796.2208782391866,707.3800554611106,643.8128871547784,796.2720677500856,862.5275730501196,649.985412210143,660.8817236835852,879.6485623658344,771.0575604464916,0.0,788.4359175288794,893.4896723369618,663.6538744096414,710.8037481046466,815.3075296262085,867.7621319198291,787.1283030730165,827.6969920172984,822.586695531439,737.0542922519728,723.2122642544583,798.2829704687879,808.1140516561599,536.8675960561945,748.1082968226017,771.6973342207975,665.1474511742548,738.1739465594237,759.0450222609094,686.1242228414785,645.0354314599855,785.8599436662323,763.3657347487659,856.3200999258104,760.5173792675096,792.5170854418625,766.0599981886534,761.2156350214542,662.954616768287,867.192466613258,740.322510658435,712.6168748562662,772.0530955630888,790.1970321889285,660.6249030285538,708.7092845274498,670.6483035559336,825.584793270984,662.2998652520203,793.234704241785,694.9015554308179,741.4658618993434,704.731381714044
1610555722.67fhKURdXVzRbLIjXmjRwdJHTnE7PWb1AE,836.7172583762851,715.4867624107465,726.4161186950835,747.8060144879821,834.7901901514767,473.4814563603247,719.9700396125372,745.1829101595356,760.1370106767074,868.2368481056435,668.5592843068538,719.4262999528422,725.591679361149,788.8697745948344,702.7323476086297,852.3029023470272,672.7432389325398,680.9441536218441,634.6081497609151,851.256308322251,647.4928422311708,673.6321207919983,856.0590858762577,738.6612951828945,788.4359175288794,0.0,843.3710271040227,651.0481364325752,741.7651486388696,751.4240414917797,893.3428647170853,745.244837547589,867.0079733592922,863.5737436804769,809.4990359232548,773.1030004011026,838.7955275365239,863.8960562413979,769.0881262683953,784.9944152971032,777.0342831038387,697.032737705602,776.8885644132499,750.5210858897574,723.4307362531847,673.0784400298048,784.2799407852891,833.7141170198862,876.6642025895035,707.5872204029778,797.9449584557073,794.5978871835823,775.3476033459993,696.3497604573757,881.0043594992057,762.7250872551455,759.0825755156537,722.7257128782157,802.9761989976587,720.1021385368912,732.1579019045145,680.1674467682252,820.6794706994212,670.5680900688884,795.8683625184962,697.6119106851739,736.1909646984307,737.8165072980306
1610555638.39J2ZWBLuLTHP0jOlzB4tNHmYeijH5g5YJ,823.376893370753,830.8026208464548,786.8169769194975,844.8448074971631,764.404817323333,869.6404022293027,854.2800951557093,830.7491846226984,808.1020188147344,975.3711832711637,796.0744189007509,824.2697636972345,833.4253507105791,902.6094582568727,811.2414559572308,938.3052237386092,812.8433641824,801.0256873015858,802.4882823750359,921.7112780519434,789.8403236544684,807.3617378699328,817.1276391821519,826.1071224623178,893.4896723369618,843.3710271040227,0.0,795.1206787650143,862.428663688738,876.4549955617782,944.4718141946005,849.4638635178611,945.6111162130019,952.1726625960811,907.244148707097,875.8018293772664,922.333052467277,947.9999041115502,881.0379916092818,883.0341477118535,875.318847825658,816.6889389630487,882.0640802764983,874.9421146375006,837.3475793248566,813.2432311939107,883.6702284392983,866.9247987136199,953.6763018765671,704.6087597590575,914.8568446972938,868.6004406490612,889.6420459371767,815.8249238828789,937.4460388852652,848.6794926951978,885.8290242196308,834.0190211037911,916.333147754685,835.874051907905,850.0127077107533,808.8861911414264,876.4817205633684,801.9630534314847,866.4494358258554,826.8834702176637,804.5169651384472,851.0803702372161
1610556032.17Q6yCDx9g7alRnL9jBFXD2JhhUyB2hKfJ,814.9769790963481,538.4740510354402,666.4006957182821,565.6212552786536,761.0534766052496,652.6849622013298,692.872492453612,666.8171300855402,761.6209708452571,813.2163826203422,521.0784881100013,495.65860575476927,629.3578422101458,725.974629803744,508.51004854481965,694.0440008115901,557.5463117601921,502.69208675000027,655.3429490328524,762.8108035522989,417.85811446929205,473.9538875853405,784.5839405516491,673.0547080132717,663.6538744096414,651.0481364325752,795.1206787650143,0.0,587.613430817365,703.6174989322186,791.2865375974989,692.6594635886495,782.4742587610629,733.998552072596,603.5221377584213,602.7933961128876,664.1372731885881,722.874252847521,609.7596592499724,634.2232419589177,590.8876224312351,515.0336624581303,612.9172753939953,580.1824065859597,545.9311379179182,481.5421189308585,674.3272146747902,740.4888068755773,796.5277422646674,633.2899036738537,627.4192956767724,680.0803773164934,628.6800560845329,534.7576311857772,767.4455967299947,683.5714342642519,632.594302684439,574.9089894855315,661.065741350331,600.3142580773483,538.6803453291268,522.9588048250959,732.6940209187883,514.7573471389879,707.3273138482069,534.5184924272722,669.9803249949974,529.2142309054857
1610557007.49MyVgDnuUuBxrvL6SGOdhKf69VYlW1MSm,877.7254908959529,581.5886196088162,735.8005989345163,640.7501182657903,853.8952896218751,739.7161026736501,750.273152348026,745.1420037175013,854.7609141084016,858.3344983632112,621.5387087353473,661.8601155325823,700.5265311796377,795.3530538056842,587.3869672960806,727.117764647857,662.4765638915738,553.3717531783118,739.1001378150515,825.7688020233928,628.2475053121893,612.6088882229492,853.2509437905475,746.8769042191714,710.8037481046466,741.7651486388696,862.428663688738,587.613430817365,0.0,740.0984221683333,799.4253135989001,749.7655341237825,827.9518922825075,804.0778146962682,699.011907364711,641.6574994997811,739.6836907374435,750.3047218403578,651.9470235370892,709.1752470020891,660.9172390059201,616.061026274541,685.7837035119171,659.6860207995933,554.1202146620518,560.4382012369878,758.4708875239191,815.5464071215024,837.3160903740225,722.6859133069236,750.36846046824,742.0119640913281,706.9067263410356,594.7195689307597,810.163130786632,728.6008655348558,735.7230103398747,710.9794274312924,754.8060068522911,665.3704002263869,647.8689022325651,607.2896285335927,782.1134253610245,614.3121210506124,758.2065796881554,630.6177631918155,751.214263589344,645.2197275772374
