,1610555604.25mOvVXuL01OCiReyVWBfesjuvXmB3MoPy,1610555605.43B6oDsBtWRQ29Q9UMQuTUEPZy3FSSWXzc,1610555610.92HPGJJSmyPM40z7otPBgHalNrHFA7zk5d,1610555606.68LaSQbm9EHAFycEfFtEqAwYqlBsQPjIRW,1610555617.19EKxMEwDHfXiEJZc27TsGoERaD6Da4BZU,1610555722.52PJ3FD50MGhRXyUD28vluU8Z9UjLJLZn4,1610555617.52Ijr5puT55g9apK8auM7zaxa3NANg502t,1610555638.77ZLjTLkz4jYJdFMI2wWBztzsDILkoOtAk,1610556912.46C7tJPLF0XfNnm8f1820X9aLmXMHoc0Dw,1610555617.51LjzIROg0aeCP2GhDcAVQ0LipKJB9jmKc,1610555608.17OpjjHobqRkX0UPcaXrbu7K6L3805SZri,1610555721.82zWeNZfGUUfRJkgnAwlP8VMhPzXctnSd4,1610555735.75bom85BDF0C7W2eIseHeMxi24qR68nzMi,1610555735.77NnT5xqKnwcf2BbjIekeb2arTQj6QMNwk,1610555638.33wjf1PhdNaoWfbRzXVn50hmFyB5bYAiLV,1610555606.65jCE4ig8Pu8kvAzkxnSGfWsV0nQBjCf8H,1610555608.18ONsBCVo1i7BrX0XG9stct4oiA6ejX9Oz,1610555721.51RNoQUMP19FTMS79BmA3JkgSm2IC2AQuQ,1610555971.86O0cHB2ibBJ8jxoObg01EpGe8VVV5mpwn,1610556911.51zU3duZSGpcw1BDNsBLxdOCITAXwl6z3i,1610555988.71dMoYT8250UHHJGxgmITTmbHe7V6gH1yU,1610556042.81mlUZsSp7gbGjrp8jQSnybT1gPy6e62o1,1610555637.02UBW5nKvDyUrKnaWcYRGajZPxTRDS0q3N,1610555619.13oUYNikU4facCTpUSiSLr0vPI0tJLnXiT,1610555721.03nzkucfjAUh31zTbmCVvTVYqtjoxZFnBh,1610555722.67fhKURdXVzRbLIjXmjRwdJHTnE7PWb1AE,1610555638.39J2ZWBLuLTHP0jOlzB4tNHmYeijH5g5YJ,1610556032.17Q6yCDx9g7alRnL9jBFXD2JhhUyB2hKfJ,1610557007.49MyVgDnuUuBxrvL6SGOdhKf69VYlW1MSm,1610555638.44hjT5hbYdKoE3MB6hijrjqbjmLgvCUYKD,1610555608.13zUvmFSCRt6SsLbhqFznMEvGx54GPGQzM,1610556038.62a5C4ynd1AARyAhTv8a58NCqHvXRjscqH,1610555644.45Xse8u7pusHNsd7F3d0A32HXvXr6weOJE,1610556038.62gKXOCG7XCn55eJvyl5voNjbwOW0znQDq,1610555987.13v0oleKK97pkesp6oMgprH8SoSdoDVdIO,1610556964.96ZLLeiQW0qpmxhPGTg7K03fmzkqsC2bjC,1610555987.13VQlEedQ50VvkPMEMzZDv3KNnQCewykN9,1610555982.186TY6MMGkDecIN1woW6vsfAMXVV7jnyjO,1610555982.673LuMndkwkvdmZOn0MmE2Pkidx0FtNalb,1610555733.38zItcuH7gHNfKdALR2d9Nek6bxCyw36Vm,1610556034.15BQxSbZINGCay0yp6RBVlgcPrw76Yn9ON,1610555639.37BPZpgtGml8qUsh9AdV4m32jPLfI2aNFq,1610556965.57S0adAalhWYe6K3bkZU0bRHbqnDK8gGkR,1610555983.54zteLPCMjyrjzPdhHhlZr3faCgD0TfYr3,1610555987.79rHnNRmt9a0ufmnwCvZqBouyUoZDNpylW,1610556960.041xWER61rmArlsKfiMl4frikWmUCnQ7op,1610556035.13a7NHZDutfTMJ88qle1gTYY59Dr4WmMsj,1610556890.456ZBDaY16bMtrTZTqAgHl3wq1tRxzqDow,1610555760.24e6890pkbyZ97Or6croI1rQgjkSsR0yVt,1610556043.02YpWMIJg3W004iqlPyv8OcVAZdSC5rNYw,1610555987.03z05P26TLtONYM1HSzupoc2CeNMa6HTqr,1610556032.15OYCzUxpsz7b10AXBAuDXrvEcvxFhf0M7,1610556032.63Z80yI9pNwS3jSmsDABbuhf8wkNa2Ze9y,1610555736.28eGuESasTXdR3SqY6pHhEXWZtcdciYLCO,1610556034.61bebeZA0MkaFG2sm3VKiqrxeqQginTTW0,1610556944.5XwXOphKYT3ZkWA8gViqOS97VHVuMVUqb,1610556944.745UVLFBzf7fPh4UH37I6tYQOFPqRDytEh,1610556034.63XsUwaFaPZevO1JNFjfhvY4aKNFnV4noV,1610556964.89xwBHw9faT1HjQRMNQEyA4qJ3hWkwgj3k,1610556966.74DydzH91jtyvRyYau47JpVkZoMRSNTt01,1610555740.77UueVziDbaXyRR4OcVJIIZyzOfAzN51bj,1610556046.84e3vwjyRCzqz0wJQhrk8zsxlFfFSv98Df,1610556137.99eoPuVrDThKAOvmeprLPb2FWRqIhzUodc,1610555740.73XFwSrmTXJPlaxGZSefh0jOVA8PI3III1,1610556123.88AOfNaz9jSnqU5Czc7okOv1RCrYfKFBTo,1610556046.85nB7NvyoYQeLcOV391Lmmut1wAM8CFGLw,1610556123.89H4pdIAzDthI7bMXMhlIhKUYIQIvtmPPQ,1610555740.87GOYQUJKpkynIS2lFqppYK4b32ol7NeGh
1610555604.25mOvVXuL01OCiReyVWBfesjuvXmB3MoPy,0.0,767.1712757781788,187.43668089026224,716.9222516955921,559.8280022265996,624.690075403638,540.5580009673199,226.89245271764665,474.893634198649,587.8570518993762,906.8031712173224,731.6146280406097,746.3110267432878,458.13329151524204,822.3650763559367,616.5673649020431,1024.1703706733128,845.2769541156505,577.337065984081,545.2776243173791,820.6799185054734,937.9015109665092,561.8035693530811,214.34028365924678,685.2625757453402,696.6007669951238,517.1409938588348,760.8549006026592,747.3274184572647,565.8509156691317,607.2940551948394,628.7607866182908,681.818568988326,674.1322912618557,705.4069232376605,754.8037234843557,660.621091798111,658.7904108843669,758.6520202077511,732.552417274934,689.5954919056892,922.1632725458737,741.5890097436759,666.8119690094048,835.1149410522945,875.0321029972721,677.3586475968133,581.0086670249395,600.4148369695758,786.4443206681195,585.1149186904394,602.0769626945806,760.2823026570746,897.9807758054328,543.2510210011087,656.1202060868095,750.3364072461907,625.0500707940382,575.6429076793696,702.4380810753668,918.5111936898908,992.62580700021,648.9841758361808,949.0610213009778,620.5684281609067,997.8898598362498,695.7379699142662,876.007167222063
1610555605.43B6oDsBtWRQ29Q9UMQuTUEPZy3FSSWXzc,767.1712757781788,0.0,764.8231013217404,754.2294031068236,798.3594681335555,812.6212209037625,787.8082908354584,787.3844765957491,805.8113342420567,751.2479135739644,835.5524749654064,858.2944292115637,757.981483190147,810.5945899794673,906.0519460275523,835.3607285649509,937.1576109744228,447.23189749098043,804.5150208579236,766.4179048609371,937.8414172938564,908.5794448515763,768.2437050135574,776.4030484099918,835.2081335600835,889.3454373221069,800.0864221695723,848.7277055664786,819.8771722740005,742.2496237911896,839.576862725371,792.3563690556256,766.2230667458139,774.9793763233151,868.2408651869691,938.1670587493928,852.2192561154674,773.9189398445507,781.3780052314606,933.7974564650603,803.1737219807234,945.491946027768,904.2569942387206,803.9521443704504,632.7978288194965,467.60319709857896,879.7305685933379,851.326014235467,738.7651414026687,938.9831208200113,800.1454380179506,848.8459891329778,918.2163986222391,901.7184299255024,787.9559372637092,838.0444090235626,836.7149409560387,798.0231743928301,797.4082475665947,820.2985692973452,911.0725805228439,933.271831503304,790.457009133379,972.9737989248991,794.0744381305267,958.9986875061253,891.8473405819557,898.9114767521061
1610555610.92HPGJJSmyPM40z7otPBgHalNrHFA7zk5d,187.43668089026224,764.8231013217404,0.0,713.1447918319477,550.1331044069493,627.6937971419492,536.9318600021774,281.5789958331977,493.228700971635,584.7893521705595,902.7311577653397,741.2536159404498,743.8970391553279,450.6044614583092,819.4824880865642,613.1963481287075,1018.4803488860872,856.6047772592751,583.801838741162,531.634159923891,823.1833544633647,940.141634420782,558.7667008028641,271.8190819728807,677.2635689025727,697.1612970670931,512.1750389674637,749.7114333096014,744.993378358788,562.6651682498682,604.299184921645,626.7330829200091,679.1754073591829,671.5995414732845,700.3908174524272,747.4002155359917,653.1628435856165,656.0640229489344,756.2818588799483,744.4799577936985,681.3014157048952,918.3426257688488,743.2374332730792,691.7808508258503,826.1957340898899,867.8222445747639,684.1873995311655,579.8223633865015,597.4111415803608,779.2451821968219,602.7840257130067,597.406772085535,758.0509891788405,896.0576063170776,539.9659033103942,652.3527139430605,736.5437679251143,622.2245584086701,588.894263168416,704.6328557413414,919.6082574882226,987.8393768710134,646.224500811812,947.5405853644987,617.6694392326883,1000.2129363131149,689.1769138712665,878.4540745204229
1610555606.68LaSQbm9EHAFycEfFtEqAwYqlBsQPjIRW,716.9222516955921,754.2294031068236,713.1447918319477,0.0,758.1135454195224,801.3491243733265,754.5368755542286,728.8762814483463,742.1475515751843,775.3393247679843,801.6422300286844,768.8506991435679,871.5250126154209,762.8898180749836,923.7258065681488,778.910403612757,913.6862503273641,821.0317463019203,767.5472416958144,718.8111477046336,852.9278463184036,918.5638995649341,778.2385148472948,721.1275913773724,868.9276487209006,843.2582157608902,700.0518419882831,788.3083504350468,818.7577398639712,754.4868190694652,758.1138830090979,810.5345791434316,815.4021807941132,795.0967148856253,781.3474855732069,808.3748111512793,785.6831317938987,788.4846104446692,752.6447843271424,882.6191064992804,732.9937561743245,843.9984913143851,841.1744115391366,696.1940951413217,822.6389007707892,866.6678353029266,858.435417571661,785.0161141262791,748.8861430333333,854.6673465104786,721.270405013681,799.7358575023527,890.6251578450926,873.3902281664089,726.2702168149997,847.8837505538834,884.5258801836624,733.5763713997734,750.6791498183495,857.509485402846,922.585052746407,980.1230949506192,747.3378381351787,1008.612734916928,736.7793700983548,1034.4549837571099,782.4186547257156,906.2616867096857
1610555617.19EKxMEwDHfXiEJZc27TsGoERaD6Da4BZU,559.8280022265996,798.3594681335555,550.1331044069493,758.1135454195224,0.0,729.1805539571156,485.989669130109,581.8774355130868,552.041350096951,641.5743933656206,874.1775519828643,794.6179805963399,788.87135591267,606.741481819802,841.9049484953899,654.6668233442768,980.5975747431928,875.1129029500601,678.1986925098674,616.9792083641746,856.1202266647182,921.7586603438,601.9953684248584,569.2827078589888,714.127300913221,770.7955572357077,542.9777421427164,792.5538959175824,798.2129649081921,559.0104718239987,658.0995326303919,604.1354843489182,728.6417848655839,718.7907279336948,740.0077853071017,788.5958529686835,724.0918040936068,713.1567895940772,789.2865148823381,804.6999758282562,724.7388406125924,956.1637396254293,758.9158842353805,784.2490345985087,849.7016733900487,898.1011219955384,748.0638928772762,666.0819932120304,638.1521273881058,765.6318153232925,691.81179896477,641.8298752251322,798.8677228580117,916.8481116278992,605.2501400148459,692.232222839006,717.1362003133652,708.8688975876878,679.498510011885,713.5897125965239,898.7383309618156,985.0218358963177,711.8761786826343,933.153338807325,664.2101590414612,1006.0894581631184,719.222670286975,832.8757483337532
1610555722.52PJ3FD50MGhRXyUD28vluU8Z9UjLJLZn4,624.690075403638,812.6212209037625,627.6937971419492,801.3491243733265,729.1805539571156,0.0,692.5095546530889,640.0402338939616,637.9117077788001,748.3182020335474,893.3286626134997,832.7450860118115,834.983646787445,664.7762652971317,893.4281428988522,762.9033055165577,988.9958753601688,858.0924619578772,402.8981037378811,713.6652178327041,864.1273320373004,896.6806393951169,676.5794416111634,631.5220751690136,746.3407162134168,482.3168029675717,684.4769691141187,850.7532043505653,857.431492682736,643.8586305905206,753.7963757320757,680.2973941862926,824.1615522262806,821.5061177900521,797.1265207348914,838.4498195140756,799.6172943680405,801.8776073044285,842.1235248537575,831.858951164179,822.5817014393516,936.5933378290993,853.506286377252,797.0280090656709,874.788940833908,851.8159323376747,727.203527875929,676.746084219824,757.5494240818634,861.3265954037041,740.6468515778276,663.1865650835477,853.2996111599896,936.8033737435487,702.947128432148,694.4703342275311,820.7010876303564,756.0047909684075,727.0101157891655,662.635315587211,927.6611382014515,990.5068129941653,786.0489976834463,904.349134235585,770.8409163956458,985.6095162204266,778.8556909147933,912.0377311837373
1610555617.52Ijr5puT55g9apK8auM7zaxa3NANg502t,540.5580009673199,787.8082908354584,536.9318600021774,754.5368755542286,485.989669130109,692.5095546530889,0.0,559.3043536537145,562.6297159171825,667.3560753438089,861.3268670781712,833.4497947745366,784.610893643935,565.0477696050859,849.4863451826151,688.076060112733,970.9967730709205,881.0694099654023,642.7652929700422,660.2507340489149,904.5272219442626,941.530499448058,630.9532291415811,546.6083012927132,745.5874281115592,720.0317339503083,598.6877115459044,792.8138332754307,778.2601594976569,538.023999313997,677.3208618827246,611.0975748424105,751.4418183039035,735.9210176469524,760.6594554558259,782.9600291730301,763.3341555190055,732.5172293043175,785.0413579020784,801.522142829001,751.1744947283961,950.4318800132856,789.2548861919263,761.1926748623871,848.0696456056174,886.8895163682602,785.6071346221885,706.770043905179,667.6096443969506,802.5853259804106,720.0943892370431,684.8565169507357,786.0020796119042,881.4403807592832,637.2642212635243,685.0384838393348,770.995840857261,730.1391217814714,697.1229183300776,710.4345817175937,907.0164090932831,963.7734531452696,725.4321934407707,912.1147218475618,683.2691904758659,988.4474229091694,744.234671103823,865.7417912766109
1610555638.77ZLjTLkz4jYJdFMI2wWBztzsDILkoOtAk,226.89245271764665,787.3844765957491,281.5789958331977,728.8762814483463,581.8774355130868,640.0402338939616,559.3043536537145,0.0,497.7793524366354,613.9086412105147,917.7649678249018,749.0585840482989,766.9750702522894,445.26247536159894,832.663181641142,638.5120028666215,1026.8112001528934,860.374115955528,593.0025096412842,569.5500877671508,827.9256238394797,947.3405547218744,589.2235783505658,295.5530418233324,704.7787662687513,703.2366909973744,538.6734292876455,774.1274721533804,760.0878777974049,593.343867694291,623.6488007027544,654.4450926992901,704.4036252762897,693.3015806302521,724.7905145565921,764.891098954884,682.0686657993795,676.2270153718156,773.6825851029478,742.4408575907438,705.4834828889958,922.8405885324997,749.1364194973621,678.8232344907583,851.0161988449519,887.6352767955757,696.182779605653,602.05774420237,626.0731614569709,791.6970079234992,607.6862589065355,626.491988672288,769.738008307181,907.6302216355635,572.2195438109846,674.7639055691304,762.7100087880295,649.6239612624169,593.0358499101754,719.653638270638,927.0304240065051,997.2015163337022,666.3829137376255,949.9546560349713,640.4684236522676,999.4589592288509,705.1596745604683,888.5539398933241
1610556912.46C7tJPLF0XfNnm8f1820X9aLmXMHoc0Dw,474.893634198649,805.8113342420567,493.228700971635,742.1475515751843,552.041350096951,637.9117077788001,562.6297159171825,497.7793524366354,0.0,641.7244965975755,923.9261832337817,745.5868172881145,788.219327267109,517.991714908337,808.7706144045799,665.8341116877517,1039.6565581335215,854.8591551009973,551.5129122606677,594.3422290994885,794.8331278591584,925.6742341912882,617.3013102543481,476.76462908693827,719.9569002090524,695.6395781534262,578.8916148633934,779.467773716361,788.7726661258598,614.3239880364996,656.0296030721482,686.633206241906,728.7736134021977,719.7693925541424,730.4178195896056,771.2542404543225,694.6249692472368,707.9707544892979,797.6383854032597,777.034546350643,728.213047980792,915.2173074391266,743.7032573011472,738.507678171306,863.0778206271602,901.566438692643,697.5741963378194,587.7849099915308,652.4158835864529,814.7479369520788,624.155926157798,618.3318018648207,797.9754236262893,925.4349531099792,603.5523039623084,704.0841554666135,753.7155269572423,682.495610961618,608.0022343163164,712.4507778054971,913.5586033315624,1024.6496895909265,697.1545556758953,938.642959571383,669.6602046696623,1001.7442732437227,738.6605881503464,866.9445842467833
1610555617.51LjzIROg0aeCP2GhDcAVQ0LipKJB9jmKc,587.8570518993762,751.2479135739644,584.7893521705595,775.3393247679843,641.5743933656206,748.3182020335474,667.3560753438089,613.9086412105147,641.7244965975755,0.0,938.7092755957782,823.6536753383738,493.5109796509393,664.5809241762194,867.3762813224854,698.2357370789676,1060.130385295762,859.3259753345639,735.9431197076293,660.7624331781809,896.9586594462617,979.6933143647659,627.0858552648672,599.855195031422,736.9251607754678,821.2351513942496,632.1281785820602,833.650769586919,768.2741613350673,651.5014871184285,655.0784211251015,708.0369802848563,355.05426881114676,735.1549369538584,771.8644779546746,839.9053187722074,733.1514586516475,718.0152099893795,772.3507015850006,805.2337307692627,762.441600992169,1002.9555484328985,786.5736346014272,798.8457828070675,856.5493715774181,876.8428731472021,763.0834528332115,694.0465412131323,417.9942893176446,842.1319056370305,706.6026439110321,695.7158106970476,776.5162206305453,931.830384180106,651.3179204150387,718.4166739660035,799.6035013084922,699.7243873058911,710.6413636001744,768.9063293422194,953.1105698734859,1025.837738221311,679.4902219224468,1023.1619397918357,624.734872804489,1048.9233165647956,782.1949732451028,909.3568622186934
1610555608.17OpjjHobqRkX0UPcaXrbu7K6L3805SZri,906.8031712173224,835.5524749654064,902.7311577653397,801.6422300286844,874.1775519828643,893.3286626134997,861.3268670781712,917.7649678249018,923.9261832337817,938.7092755957782,0.0,886.226783844761,1001.8575293372866,925.5654803272006,957.4005140899105,874.0700201055553,727.664016570233,862.9823291028383,903.2965966724612,882.2583825836318,913.6103222665038,899.4882473032013,877.7602813307452,908.257517443898,913.1496186150564,915.2903888329531,881.6420699808842,906.6939157635813,903.4510160260583,869.8345557038979,922.2683578489253,884.8261817825822,976.5092282053795,914.6886872528601,901.5023370067125,911.9409013262033,919.9015875237009,937.7167373558332,940.4607879869247,984.3927073907043,886.2721031535038,823.7716881090591,934.0513859925017,900.899394110203,889.1778108505007,827.0415191217396,963.8915567151302,909.1290724079249,915.929346974212,894.7579796250797,899.4950672589599,930.800303432391,943.5195629090988,919.0069301973657,889.7614744996298,887.8126125640676,923.1977565944436,904.2615732763977,922.9104774987246,901.9341315880399,993.2098633404016,907.313678572104,899.1999826740874,963.2329063475469,891.4140426252292,947.2300325628453,877.4420531668364,991.7697693258765
1610555721.82zWeNZfGUUfRJkgnAwlP8VMhPzXctnSd4,731.6146280406097,858.2944292115637,741.2536159404498,768.8506991435679,794.6179805963399,832.7450860118115,833.4497947745366,749.0585840482989,745.5868172881145,823.6536753383738,886.226783844761,0.0,914.2070347719753,750.9518519481776,938.5895003738789,747.1300307947505,963.485618644851,756.933394407725,816.5755617328313,665.1122118173333,598.4195824899268,732.4805048820499,813.1948497180672,736.7375280827183,864.4570828755544,865.5965930917689,784.8013641359822,795.2131515574655,794.5528737982535,827.3842337738164,829.8327331287458,865.840198771625,851.7270407662216,812.7329598888108,764.802383922277,770.9239220445917,820.3082107025332,794.3887376834634,842.9509718790854,900.8670717058594,852.1998791667866,825.2076131152294,904.7640515872274,745.200740610485,892.41073101229,904.9676389395842,852.9718087324186,757.0380275324579,781.3046630307136,848.6093014700488,490.78152516229676,780.058284632116,923.5380683715109,902.7804117133722,768.9295028946848,852.9481447449454,864.6414736284519,722.1709141230785,668.6414760348304,887.7188856590714,940.8433959620572,999.0586365745619,723.3323030413007,987.4456423777564,721.7119164883331,990.1603399878965,798.0578778616477,921.2347920723902
1610555735.75bom85BDF0C7W2eIseHeMxi24qR68nzMi,746.3110267432878,757.981483190147,743.8970391553279,871.5250126154209,788.87135591267,834.983646787445,784.610893643935,766.9750702522894,788.219327267109,493.5109796509393,1001.8575293372866,914.2070347719753,0.0,795.4228599245345,909.2927344005409,807.3362109464291,1114.5903570405028,872.9031271539787,824.364613141819,752.6271096338336,982.989196128804,1015.0098980572313,776.138310634645,755.7965325827479,868.261168223384,902.8736840252747,781.3370900099385,922.4655025531383,827.8222834169486,760.1832902321348,768.6475989859637,809.1426545234463,353.27427024265586,768.2957053685923,869.4885910551711,937.3552108675052,838.414883359868,758.7492111584702,891.8998740289919,887.5496242929056,853.509954973826,1070.172861575862,885.7392403475932,880.7857917504074,886.220182197866,882.7443074567359,872.1994403057764,831.1674147913371,646.7397567323596,945.8721874956277,823.5790028777825,832.1123121319307,848.9351751084375,960.4271998387084,772.4477146810216,851.7012451144739,924.3039374238743,813.55880119459,828.5032125569763,860.5365159132401,984.0862320980989,1050.6422841971491,752.3840986093201,1084.4144859205983,770.9119854004641,1061.3401568458203,892.8703219037997,947.3156776005902
1610555735.77NnT5xqKnwcf2BbjIekeb2arTQj6QMNwk,458.13329151524204,810.5945899794673,450.6044614583092,762.8898180749836,606.741481819802,664.7762652971317,565.0477696050859,445.26247536159894,517.991714908337,664.5809241762194,925.5654803272006,750.9518519481776,795.4228599245345,0.0,813.2695224506053,700.2304427715796,1029.5476492805258,862.0570408113454,606.8148462642396,619.8263453365045,846.6848567907671,922.6944706009539,636.6905252015454,473.227834074105,722.6829426286916,722.9745761404183,607.9230489458428,814.4549431549589,794.334098161298,613.7336459806858,685.610735201449,678.7826342456211,748.9782725852465,756.0857130491029,780.1907023467829,807.798667186551,722.5308806991612,726.3335365651146,809.7763774080282,798.2112790826959,753.2942638568725,935.0824179811083,793.7193480101133,757.9743811055533,848.2956363806787,887.9262716125578,757.6887983956175,651.6302485745554,673.5268284034679,818.9514873732783,650.4626939845429,656.8599984329428,819.6254459683361,929.0933238781797,641.08499794015,708.9958319911866,758.7934816451406,713.9569258061746,638.6919089355877,732.5341512828204,927.4648870277072,1007.1628301869147,725.9493698838082,948.0837208976315,683.7681625183511,990.1488727516384,751.0928458194559,889.989735643576
1610555638.33wjf1PhdNaoWfbRzXVn50hmFyB5bYAiLV,822.3650763559367,906.0519460275523,819.4824880865642,923.7258065681488,841.9049484953899,893.4281428988522,849.4863451826151,832.663181641142,808.7706144045799,867.3762813224854,957.4005140899105,938.5895003738789,909.2927344005409,813.2695224506053,0.0,842.2876061638707,1008.5082330432589,948.4830883467853,869.9619501034864,838.4428333918353,912.4021139810175,981.3949237076631,866.2298047669304,823.2995542098055,914.8288728499872,893.6506716877017,843.2383461249325,973.6561632588792,890.1157060854567,847.3867207359352,822.1926308007372,864.7473345111964,904.3378748489071,940.146505600892,820.0573849939944,892.6277412379056,834.0104268496192,924.2387524129579,941.588222795636,929.3366062976094,791.7119979318961,1001.3633646720962,814.6571296326568,915.052366418832,849.8031709917309,947.2333806483425,890.1434509579244,832.4720229762559,906.4731383674497,949.3676122937204,870.4784208367555,833.7567936291634,1004.684315484845,936.7607492231292,835.5724649807911,922.81186428152,852.1664024229501,872.1683530221645,879.4846127081853,898.2438704675175,1021.3901477601296,1023.1850619171825,911.4022823118951,1019.2297328785933,906.5216810839796,974.9900118195396,925.0590356978863,1013.3415651909114
1610555606.65jCE4ig8Pu8kvAzkxnSGfWsV0nQBjCf8H,616.5673649020431,835.3607285649509,613.1963481287075,778.910403612757,654.6668233442768,762.9033055165577,688.076060112733,638.5120028666215,665.8341116877517,698.2357370789676,874.0700201055553,747.1300307947505,807.3362109464291,700.2304427715796,842.2876061638707,0.0,971.2186229840112,900.5014984890394,758.3481948194516,553.0992091900221,791.8789234207104,954.5035351481115,688.9713043874283,622.775407214026,789.3049016821941,837.421483545551,638.7303373241235,763.0133278665355,718.6951300816983,718.7640427382871,643.575760812061,756.1163232881393,735.8351280162643,597.3632782402573,578.4383826447723,704.4961875941447,690.5723482667929,618.4801499841276,830.4136186178963,862.1963611713394,689.1883175448507,925.8757307846305,818.7970233556929,790.8724998744707,872.9590017375215,919.6773211225212,756.6887294511317,681.0220142944185,696.7590618129442,802.3435314382434,665.6389852451218,726.5572695664466,787.0097354617907,902.5823926394993,594.5622623751689,771.3509772850852,810.7413208384362,629.1699079543686,691.3106689880171,817.258282302712,899.7484590393008,968.8642231501951,635.748580018719,970.5580870125052,690.5479593901443,964.7820736144841,738.6750926996651,837.6439562110694
1610555608.18ONsBCVo1i7BrX0XG9stct4oiA6ejX9Oz,1024.1703706733128,937.1576109744228,1018.4803488860872,913.6862503273641,980.5975747431928,988.9958753601688,970.9967730709205,1026.8112001528934,1039.6565581335215,1060.130385295762,727.664016570233,963.485618644851,1114.5903570405028,1029.5476492805258,1008.5082330432589,971.2186229840112,0.0,932.0573186567751,999.2256668034249,993.0399585398313,955.6617429455821,920.4979630088468,974.487392063018,1028.7440945724707,967.5261653913997,973.6304777005922,988.904978718483,975.2707969663423,959.2044480479781,965.9910615864505,1007.0401687271493,953.0806730573236,1100.0842184238697,1025.8637069577383,963.6022842256093,936.7527884570209,1003.298620970964,1016.9012193847,943.1594804063574,1057.5331349410706,971.9079593689756,892.5438654300516,1004.6683318144117,973.7902037419332,936.1079310487862,913.4045212932704,1040.0084100874024,1014.2185460258615,1018.7466838939728,933.8205488805343,1004.5242592015953,1029.707156708159,1020.5114376267858,917.0611594249614,1003.9779883843356,958.7367598432345,961.7392026631693,983.3299729435863,1029.950783281542,974.3399681126597,1000.6168956761752,870.5693868012231,985.2926647797352,906.170398031548,984.9438885240706,926.0690589046259,945.1174825072314,1019.6772112430111
1610555721.51RNoQUMP19FTMS79BmA3JkgSm2IC2AQuQ,845.2769541156505,447.23189749098043,856.6047772592751,821.0317463019203,875.1129029500601,858.0924619578772,881.0694099654023,860.374115955528,854.8591551009973,859.3259753345639,862.9823291028383,756.933394407725,872.9031271539787,862.0570408113454,948.4830883467853,900.5014984890394,932.0573186567751,0.0,845.7033929976635,840.7229107274378,874.2075616560559,854.5456340309053,855.2928449932105,845.9484158028588,900.7965023682444,925.3888168089244,876.2276280189442,912.7922401415674,898.5251353419426,836.3160052392251,914.176129197965,874.9628717632952,880.0700431335329,888.8123906709682,939.42277017103,956.3845268605085,932.2724460288127,888.174927234804,843.5137076943582,983.4431137382702,885.4861549993169,945.4525794354441,951.7900634219168,861.1211837168067,727.6215643739237,583.120960010175,920.6160347270003,886.3225488523445,848.4332153299073,966.3307957136973,783.5519063578175,900.4147853383189,988.6928374977683,935.020247364998,891.9353265472355,904.8613648615201,885.6735200694498,885.8062053642165,826.8393549039342,873.7789281162406,928.4009713658919,952.4701367257779,870.00309857076,971.0286482780893,867.1347791745584,970.3578091474866,925.8299128684447,922.6581902857657
1610555971.86O0cHB2ibBJ8jxoObg01EpGe8VVV5mpwn,577.337065984081,804.5150208579236,583.801838741162,767.5472416958144,678.1986925098674,402.8981037378811,642.7652929700422,593.0025096412842,551.5129122606677,735.9431197076293,903.2965966724612,816.5755617328313,824.364613141819,606.8148462642396,869.9619501034864,758.3481948194516,999.2256668034249,845.7033929976635,0.0,701.7231777886801,856.1698482274265,879.6216833216666,680.6795532190898,586.2153691322621,773.9540967872022,570.1954176901846,657.332805540671,842.8208258564028,852.5072143096089,609.8549378046239,749.8349313509594,657.1944747074812,812.8795021381102,806.8738493390138,791.1157705614944,836.9440403575833,794.555832123558,794.115035243377,832.496820843903,822.177502914209,804.5801943645756,945.5919728097783,837.1905885083482,776.1361397989428,873.0768538270793,881.1115402253197,763.3876266507551,660.3937596624185,745.2796710443569,855.9200006906188,717.714775668111,654.8892922342093,855.6782403639597,935.8157175242605,702.7418271196681,742.8781470441639,800.9004782380987,762.4950793037815,697.7028243437072,667.5169027727042,917.677016213663,1003.322125977888,784.9173562730917,906.1045908566982,761.5386440407993,990.5932612391805,766.6155857392523,896.3843712642256
1610556911.51zU3duZSGpcw1BDNsBLxdOCITAXwl6z3i,545.2776243173791,766.4179048609371,531.634159923891,718.8111477046336,616.9792083641746,713.6652178327041,660.2507340489149,569.5500877671508,594.3422290994885,660.7624331781809,882.2583825836318,665.1122118173333,752.6271096338336,619.8263453365045,838.4428333918353,553.0992091900221,993.0399585398313,840.7229107274378,701.7231777886801,0.0,733.472969467794,889.220896235048,636.3804421369952,557.1498144315751,747.8366339296489,790.8989825892011,577.803961579813,719.3177255411747,710.0985948327461,666.6196449311134,650.000180181564,705.4836455017853,675.3648710609614,626.5670388821491,644.9888684143967,695.6605089295164,633.6427056681691,625.321445249159,799.7912479135096,822.9385892551965,666.9496347254842,878.4565150740499,792.484843896177,710.7538536327472,777.4430720240057,869.5627462076559,716.5952521307428,613.1093349723068,650.6068455656157,790.8325047916272,595.938111175321,671.7650165084802,797.9621224754508,896.7472962392501,585.267176889693,726.649476550099,763.8833412790098,572.5968675330014,609.2242532181186,772.1855879987473,920.9566462744593,961.9956176397001,596.2212758714658,974.5126498216908,607.6402300551388,979.6492686529505,722.7500520198054,869.4470655048269
1610555988.71dMoYT8250UHHJGxgmITTmbHe7V6gH1yU,820.6799185054734,937.8414172938564,823.1833544633647,852.9278463184036,856.1202266647182,864.1273320373004,904.5272219442626,827.9256238394797,794.8331278591584,896.9586594462617,913.6103222665038,598.4195824899268,982.989196128804,846.6848567907671,912.4021139810175,791.8789234207104,955.6617429455821,874.2075616560559,856.1698482274265,733.472969467794,0.0,785.0252247471909,870.2355041497535,824.6379711694254,896.648247801833,880.161428941618,839.316145182149,813.4679716417269,885.9745290873142,906.238830703943,859.310205099012,909.1453541710239,925.1354717742825,892.9915257705783,748.4597892550285,791.0576633687293,851.9148782134608,873.465593415427,900.1953970569217,940.950623262742,872.191395621819,828.4576188591021,899.1718008044202,833.0489392894551,917.3777709686327,934.0346098660439,866.3698389732881,812.5183840009015,865.0158496957615,885.554116068407,701.8731371366912,824.8458766097278,947.0966364723679,937.878529896035,840.345762184401,894.1534473617461,884.932559942967,747.2017505315875,788.8118275524971,907.2002533561073,934.9855409322296,1007.4231729733983,809.9275835041884,962.6176755364551,811.520345096289,985.718502859781,843.3505096380882,924.9465111106821
1610556042.81mlUZsSp7gbGjrp8jQSnybT1gPy6e62o1,937.9015109665092,908.5794448515763,940.141634420782,918.5638995649341,921.7586603438,896.6806393951169,941.530499448058,947.3405547218744,925.6742341912882,979.6933143647659,899.4882473032013,732.4805048820499,1015.0098980572313,922.6944706009539,981.3949237076631,954.5035351481115,920.4979630088468,854.5456340309053,879.6216833216666,889.220896235048,785.0252247471909,0.0,873.315433765576,942.7829795561372,934.4242373958967,898.9000919358718,933.5656745606512,889.5139994676248,967.7923695806535,854.6055765885388,1000.5187568558384,827.9287517094004,1003.8164028456952,985.7973869089236,944.7512352025727,935.8698471362189,977.7172690710129,970.5987998106002,945.375536953739,1000.3836161444643,1013.1241715539794,896.8928141674212,1005.1056600884378,928.607699336527,904.7790890100099,905.2494135746286,975.3711303356226,914.3820631592858,919.5749070190441,948.145381530232,831.2122821543502,927.0012055960149,1053.6485616787756,987.8548420417112,984.8025917765729,926.4251258867608,912.651435649828,898.8822056546073,884.6058449365635,809.7314250064859,923.6860915865773,1025.5894373508486,916.5591516654277,934.2712831774403,917.5031607535251,936.7390508279335,930.1300606587149,931.5508546509664
1610555637.02UBW5nKvDyUrKnaWcYRGajZPxTRDS0q3N,561.8035693530811,768.2437050135574,558.7667008028641,778.2385148472948,601.9953684248584,676.5794416111634,630.9532291415811,589.2235783505658,617.3013102543481,627.0858552648672,877.7602813307452,813.1948497180672,776.138310634645,636.6905252015454,866.2298047669304,688.9713043874283,974.487392063018,855.2928449932105,680.6795532190898,636.3804421369952,870.2355041497535,873.315433765576,0.0,574.569748111027,630.7943375061707,742.2019567863214,540.4310275971214,827.2052432215253,786.207029701391,526.4434858999248,656.8554063966772,569.0033420932621,715.6990080231019,743.3473146905563,751.9933608472237,789.4800778866497,713.4817147837946,692.8911342503853,747.2079851843885,820.8927235494668,753.4101142134672,947.2349550275604,800.0497885307802,787.3031353360569,828.0227293447157,842.5963657503299,693.3701252207394,650.540864903775,582.1669627193738,758.9492533318424,702.4975007647342,637.645685114544,805.9918169482328,892.3250858465273,618.57634897396,525.5555373111863,757.0260051205461,690.0332938801649,688.1992196901017,638.1035569093474,897.2002756586921,979.5688550099081,675.0152447134404,920.8301492545198,642.3893609862022,970.485123367447,725.9529199089225,898.1547705621003
1610555619.13oUYNikU4facCTpUSiSLr0vPI0tJLnXiT,214.34028365924678,776.4030484099918,271.8190819728807,721.1275913773724,569.2827078589888,631.5220751690136,546.6083012927132,295.5530418233324,476.76462908693827,599.855195031422,908.257517443898,736.7375280827183,755.7965325827479,473.227834074105,823.2995542098055,622.775407214026,1028.7440945724707,845.9484158028588,586.2153691322621,557.1498144315751,824.6379711694254,942.7829795561372,574.569748111027,0.0,693.5779911618704,705.9559307331829,521.8688871890747,769.9249084396043,752.2228530295149,578.4892801001796,613.7118276230561,641.1717071922579,692.1899324286804,676.7779623489747,707.5224107754175,753.1465069310786,669.2673592343572,668.9986620903231,767.2057899145567,745.7371891712739,698.3016723221937,922.776952756761,744.9173127117376,693.3041328792323,843.1575110140662,884.9574103245524,685.630914926748,587.6702675808395,612.2117314683826,794.9069684686328,588.3352326692705,611.3250063093025,762.5513520776183,898.9545607042282,556.8251225581158,667.0429188025242,759.0110770433464,636.3197398857372,581.3997094847622,705.3009529682721,916.3750236628908,994.6284200319624,656.6463565638952,944.5296828734595,631.6260973390112,996.2175271247181,701.2387655076765,874.9958152291285
1610555721.03nzkucfjAUh31zTbmCVvTVYqtjoxZFnBh,685.2625757453402,835.2081335600835,677.2635689025727,868.9276487209006,714.127300913221,746.3407162134168,745.5874281115592,704.7787662687513,719.9569002090524,736.9251607754678,913.1496186150564,864.4570828755544,868.261168223384,722.6829426286916,914.8288728499872,789.3049016821941,967.5261653913997,900.7965023682444,773.9540967872022,747.8366339296489,896.648247801833,934.4242373958967,630.7943375061707,693.5779911618704,0.0,797.7657141593685,718.3943596257224,873.0840950523769,880.0743160465149,713.513709032991,766.2761068716638,740.6996106950246,813.9389015200009,827.3754733801724,823.7196009312069,879.7511379223643,803.5061327628848,791.1263147394744,794.5392453817276,849.9840376302541,850.1503170726905,959.535664294212,834.4587702220317,864.4062085632072,877.3094078466236,831.642263935821,792.6395175457377,717.5377735044839,694.7151193020295,843.4157648826291,775.5075692662743,716.5418364162239,872.2920403979126,967.0665247683945,724.5608305363102,623.3366637777433,698.332117203338,773.1066209741145,765.8331304174084,681.2794017914773,923.353215371207,980.1179257923378,769.2166842894353,901.4917184997504,758.9803626529978,973.9829182307831,810.4824087092362,941.8289413810294
1610555722.67fhKURdXVzRbLIjXmjRwdJHTnE7PWb1AE,696.6007669951238,889.3454373221069,697.1612970670931,843.2582157608902,770.7955572357077,482.3168029675717,720.0317339503083,703.2366909973744,695.6395781534262,821.2351513942496,915.2903888329531,865.5965930917689,902.8736840252747,722.9745761404183,893.6506716877017,837.421483545551,973.6304777005922,925.3888168089244,570.1954176901846,790.8989825892011,880.161428941618,898.9000919358718,742.2019567863214,705.9559307331829,797.7657141593685,0.0,753.0234654913546,875.9183432161954,885.2009067685974,704.6090262935794,829.8747963111746,715.5007426095312,890.6773142592465,889.9824638179902,865.2494705905965,855.5989218730655,869.8147430338219,872.5536615957279,864.4848989919577,858.7082530095045,880.1041974538433,922.8647021355483,880.8009663524248,816.4095822549482,924.4495670054314,899.4987950261793,784.8632542039763,741.9067630533513,829.6549519648083,894.0738188663166,788.3154667735814,712.6816315189029,875.9696164171336,951.5910061596512,784.7865712605467,729.4216960343855,850.7899053274133,830.5271514634095,771.1919125548959,682.047118872577,935.3446750484729,992.9967625875275,858.2404222686816,900.7459887819083,843.8513550874329,967.5440529770987,823.2596754642999,923.7154438943311
1610555638.39J2ZWBLuLTHP0jOlzB4tNHmYeijH5g5YJ,517.1409938588348,800.0864221695723,512.1750389674637,700.0518419882831,542.9777421427164,684.4769691141187,598.6877115459044,538.6734292876455,578.8916148633934,632.1281785820602,881.6420699808842,784.8013641359822,781.3370900099385,607.9230489458428,843.2383461249325,638.7303373241235,988.904978718483,876.2276280189442,657.332805540671,577.803961579813,839.316145182149,933.5656745606512,540.4310275971214,521.8688871890747,718.3943596257224,753.0234654913546,0.0,793.0753680159281,778.0433964737958,607.5978151182381,582.2106825094822,615.5313354662355,720.3025490690577,709.1152618209189,713.4964343023805,759.6637494716657,684.0384240950242,691.9506463282214,790.3437243794892,777.3979132935128,674.2214832734692,930.3759936818242,734.9302807309219,761.6032710118965,842.5638484978185,900.5968718205867,667.307519235468,617.2012251879673,640.4704531677787,621.5561942478248,653.3253255657002,599.5311091518344,789.9441642845862,920.2005349723509,600.6436763457748,680.2801996110843,755.1075326041504,655.9065463527995,642.8701426175937,725.4072528950238,915.5907173400933,967.3527265756068,677.3694404671894,948.0656252394128,657.6067941358785,1011.9673098714321,577.5184493290757,880.3435554824746
1610556032.17Q6yCDx9g7alRnL9jBFXD2JhhUyB2hKfJ,760.8549006026592,848.7277055664786,749.7114333096014,788.3083504350468,792.5538959175824,850.7532043505653,792.8138332754307,774.1274721533804,779.467773716361,833.650769586919,906.6939157635813,795.2131515574655,922.4655025531383,814.4549431549589,973.6561632588792,763.0133278665355,975.2707969663423,912.7922401415674,842.8208258564028,719.3177255411747,813.4679716417269,889.5139994676248,827.2052432215253,769.9249084396043,873.0840950523769,875.9183432161954,793.0753680159281,0.0,824.074370485864,837.2597336968468,840.0984479968321,860.2387345492829,861.4898177779244,729.6318662194118,826.9152931021388,817.5204739269413,842.2668847388416,769.4464294178616,846.7456234980594,882.3763439642074,892.6991627197541,836.9361539084495,866.8846076592604,752.7518729665604,908.6327977768698,891.067912876101,854.4608399862591,823.0718823893519,823.6703448549893,875.6578814674843,772.7980986806535,816.1148154493134,908.1836312330854,948.7033643936313,802.7519750592112,877.5551453960139,872.6531630636246,719.3030735081478,733.336334944937,888.1054752191953,912.7981953441174,1032.2150012571265,760.7541736902277,960.5657217801921,771.7739442344945,984.2515685368371,842.2507473519606,885.3543245482864
1610557007.49MyVgDnuUuBxrvL6SGOdhKf69VYlW1MSm,747.3274184572647,819.8771722740005,744.993378358788,818.7577398639712,798.2129649081921,857.431492682736,778.2601594976569,760.0878777974049,788.7726661258598,768.2741613350673,903.4510160260583,794.5528737982535,827.8222834169486,794.334098161298,890.1157060854567,718.6951300816983,959.2044480479781,898.5251353419426,852.5072143096089,710.0985948327461,885.9745290873142,967.7923695806535,786.207029701391,752.2228530295149,880.0743160465149,885.2009067685974,778.0433964737958,824.074370485864,0.0,794.0813674619859,801.6882623748928,850.4253440691206,787.5522121247412,744.7410834549331,774.5438148519695,760.6207417275796,816.4822361749185,679.3299250577807,886.9973201695962,933.8703327124039,754.4150779430926,929.7671483203324,889.7052077104347,792.5369024291267,899.3030827063188,884.1429283309757,855.1794966013429,826.895868427425,778.7086878577246,921.5279069021176,746.1191094698553,831.2433237265476,895.0535381419438,860.1970912964346,740.8369070001207,849.1617953087343,908.6746522840705,754.6094144630463,773.0516911725972,891.3510355003204,968.9005401504534,970.2659777530098,607.3887743523003,1038.015032899022,657.8278680819055,921.045533138052,866.5548973421736,962.9681712186189
