,1610555604.25mOvVXuL01OCiReyVWBfesjuvXmB3MoPy,1610555605.43B6oDsBtWRQ29Q9UMQuTUEPZy3FSSWXzc,1610555610.92HPGJJSmyPM40z7otPBgHalNrHFA7zk5d,1610555606.68LaSQbm9EHAFycEfFtEqAwYqlBsQPjIRW,1610555617.19EKxMEwDHfXiEJZc27TsGoERaD6Da4BZU,1610555722.52PJ3FD50MGhRXyUD28vluU8Z9UjLJLZn4,1610555617.52Ijr5puT55g9apK8auM7zaxa3NANg502t,1610555638.77ZLjTLkz4jYJdFMI2wWBztzsDILkoOtAk,1610556912.46C7tJPLF0XfNnm8f1820X9aLmXMHoc0Dw,1610555617.51LjzIROg0aeCP2GhDcAVQ0LipKJB9jmKc,1610555608.17OpjjHobqRkX0UPcaXrbu7K6L3805SZri,1610555721.82zWeNZfGUUfRJkgnAwlP8VMhPzXctnSd4,1610555735.75bom85BDF0C7W2eIseHeMxi24qR68nzMi,1610555735.77NnT5xqKnwcf2BbjIekeb2arTQj6QMNwk,1610555638.33wjf1PhdNaoWfbRzXVn50hmFyB5bYAiLV,1610555606.65jCE4ig8Pu8kvAzkxnSGfWsV0nQBjCf8H,1610555608.18ONsBCVo1i7BrX0XG9stct4oiA6ejX9Oz,1610555721.51RNoQUMP19FTMS79BmA3JkgSm2IC2AQuQ,1610555971.86O0cHB2ibBJ8jxoObg01EpGe8VVV5mpwn,1610556911.51zU3duZSGpcw1BDNsBLxdOCITAXwl6z3i,1610555988.71dMoYT8250UHHJGxgmITTmbHe7V6gH1yU,1610556042.81mlUZsSp7gbGjrp8jQSnybT1gPy6e62o1,1610555637.02UBW5nKvDyUrKnaWcYRGajZPxTRDS0q3N,1610555619.13oUYNikU4facCTpUSiSLr0vPI0tJLnXiT,1610555721.03nzkucfjAUh31zTbmCVvTVYqtjoxZFnBh,1610555722.67fhKURdXVzRbLIjXmjRwdJHTnE7PWb1AE,1610555638.39J2ZWBLuLTHP0jOlzB4tNHmYeijH5g5YJ,1610556032.17Q6yCDx9g7alRnL9jBFXD2JhhUyB2hKfJ,1610557007.49MyVgDnuUuBxrvL6SGOdhKf69VYlW1MSm,1610555638.44hjT5hbYdKoE3MB6hijrjqbjmLgvCUYKD,1610555608.13zUvmFSCRt6SsLbhqFznMEvGx54GPGQzM,1610556038.62a5C4ynd1AARyAhTv8a58NCqHvXRjscqH,1610555644.45Xse8u7pusHNsd7F3d0A32HXvXr6weOJE,1610556038.62gKXOCG7XCn55eJvyl5voNjbwOW0znQDq,1610555987.13v0oleKK97pkesp6oMgprH8SoSdoDVdIO,1610556964.96ZLLeiQW0qpmxhPGTg7K03fmzkqsC2bjC,1610555987.13VQlEedQ50VvkPMEMzZDv3KNnQCewykN9,1610555982.186TY6MMGkDecIN1woW6vsfAMXVV7jnyjO,1610555982.673LuMndkwkvdmZOn0MmE2Pkidx0FtNalb,1610555733.38zItcuH7gHNfKdALR2d9Nek6bxCyw36Vm,1610556034.15BQxSbZINGCay0yp6RBVlgcPrw76Yn9ON,1610555639.37BPZpgtGml8qUsh9AdV4m32jPLfI2aNFq,1610556965.57S0adAalhWYe6K3bkZU0bRHbqnDK8gGkR,1610555983.54zteLPCMjyrjzPdhHhlZr3faCgD0TfYr3,1610555987.79rHnNRmt9a0ufmnwCvZqBouyUoZDNpylW,1610556960.041xWER61rmArlsKfiMl4frikWmUCnQ7op,1610556035.13a7NHZDutfTMJ88qle1gTYY59Dr4WmMsj,1610556890.456ZBDaY16bMtrTZTqAgHl3wq1tRxzqDow,1610555760.24e6890pkbyZ97Or6croI1rQgjkSsR0yVt,1610556043.02YpWMIJg3W004iqlPyv8OcVAZdSC5rNYw,1610555987.03z05P26TLtONYM1HSzupoc2CeNMa6HTqr,1610556032.15OYCzUxpsz7b10AXBAuDXrvEcvxFhf0M7,1610556032.63Z80yI9pNwS3jSmsDABbuhf8wkNa2Ze9y,1610555736.28eGuESasTXdR3SqY6pHhEXWZtcdciYLCO,1610556034.61bebeZA0MkaFG2sm3VKiqrxeqQginTTW0,1610556944.5XwXOphKYT3ZkWA8gViqOS97VHVuMVUqb,1610556944.745UVLFBzf7fPh4UH37I6tYQOFPqRDytEh,1610556034.63XsUwaFaPZevO1JNFjfhvY4aKNFnV4noV,1610556964.89xwBHw9faT1HjQRMNQEyA4qJ3hWkwgj3k,1610556966.74DydzH91jtyvRyYau47JpVkZoMRSNTt01,1610555740.77UueVziDbaXyRR4OcVJIIZyzOfAzN51bj,1610556046.84e3vwjyRCzqz0wJQhrk8zsxlFfFSv98Df,1610556137.99eoPuVrDThKAOvmeprLPb2FWRqIhzUodc,1610555740.73XFwSrmTXJPlaxGZSefh0jOVA8PI3III1,1610556123.88AOfNaz9jSnqU5Czc7okOv1RCrYfKFBTo,1610556046.85nB7NvyoYQeLcOV391Lmmut1wAM8CFGLw,1610556123.89H4pdIAzDthI7bMXMhlIhKUYIQIvtmPPQ,1610555740.87GOYQUJKpkynIS2lFqppYK4b32ol7NeGh
1610555604.25mOvVXuL01OCiReyVWBfesjuvXmB3MoPy,0.0,4936.199663247079,1162.882320337405,4476.218892357299,3225.512100192822,4105.037586161803,2917.5162619163725,718.6654229604069,2359.17552475999,3746.7080775693944,5370.831507490929,4535.06996906684,4535.161811588965,1752.8153935989628,4767.437726644384,4052.039645606505,5643.703077232727,5108.612451957331,3330.463611524817,3507.309767473319,4855.986865941506,5363.666598670584,4005.9061598254902,846.1911133601749,4617.6888596023255,4153.646954058004,3453.001726007135,4573.222607577076,4687.749174228976,3756.9531814700445,3874.8499258322595,4319.684318049146,4245.610735505785,4361.364842599713,4454.124936568564,4547.598385596635,4403.595827837837,4263.173171831004,4961.738840796217,4411.08088854797,4460.512475279607,5202.076714615329,4393.833857571549,4134.432125497744,5230.01186802974,5399.946756245625,4526.821515911962,4011.6596726348316,3881.1313352854213,4772.537503305409,3687.993096466602,3812.9989862151147,4729.3451978257835,5506.228961598323,3721.1975546316107,4438.412471910838,4426.801293137896,4399.354350622881,3557.2431118170416,4526.174795916066,5335.4366210899825,5782.522501702518,4307.046941464919,5334.672192772483,3987.43926134769,5636.267054040848,4387.0638180215965,5135.042888282661
1610555605.43B6oDsBtWRQ29Q9UMQuTUEPZy3FSSWXzc,4936.199663247079,0.0,4918.125201412652,3992.320750116903,5063.429238981749,4869.595924578771,4916.144946961245,5063.83613855132,5176.126927668893,4166.2064140839675,4618.5777801114045,5207.242232541314,3449.610137011443,5070.790264916476,4937.695454140976,5007.372314860506,4724.007498197309,2714.210429783192,4972.3622873870145,4697.267968167558,5591.805933654476,4752.120992897078,4644.41011404562,4987.6571606852885,4983.566132187783,5265.250229769884,5081.713646493953,5126.447531353358,4375.221256833706,4350.341719576338,5029.68819423445,5015.08318335328,3884.7093792201417,4208.496362163061,5190.193419716849,5673.2425274876905,5094.016820260124,4012.6139654042786,3770.6874732416163,5542.731457795054,4535.3250039408695,5249.0173313618125,5453.630518893927,4416.882755238382,3633.2743290855688,2869.452225681364,5268.861901938137,5266.39294591844,4048.148107358407,5439.700803593445,4951.6608340688545,5373.860979186924,5249.164807012092,4439.396923423354,4776.703136546669,5259.514648675265,4962.577137706209,4890.43599816568,4936.877640126371,4924.980232478724,4747.3244816804445,4710.582514596647,4108.530058739268,5270.719601226121,4236.682656569892,4935.400718210969,5423.5493567182175,4801.923778790859
1610555610.92HPGJJSmyPM40z7otPBgHalNrHFA7zk5d,1162.882320337405,4918.125201412652,0.0,4428.637886871141,3268.5633230683507,4230.824121335841,2789.0513643760596,1331.5102461024794,2832.700165413473,3725.6829386714403,5318.930581837168,4739.084988702754,4518.691437146673,2042.6046509647265,4959.288850379899,3966.2552005449957,5600.620452243495,5280.8755196328,3585.6046094937174,3479.237485669371,5080.646997506341,5568.460565315742,3974.277565207691,1447.5800746793695,4587.444149655719,4363.714236742719,3423.5236804365354,4685.8344409961055,4623.719808060921,3732.3628029646184,3830.4337924832644,4335.349566963466,4226.456238994211,4312.541101731935,4541.732917971886,4597.444043965772,4424.24731405159,4232.155241294033,4920.454423143212,4635.352287220926,4460.985247944624,5381.601904843316,4612.329210093314,4278.842516099832,5218.045409659736,5381.762619434101,4752.654049216687,4184.302452294111,3855.903540103523,4743.881592951756,3922.2989515119384,3923.230827270213,4658.286902462043,5426.868941631969,3675.521596244893,4341.59727654955,4568.667452597236,4360.6923888251795,3782.3217065981944,4672.107003793432,5524.62111770808,5714.219679673621,4274.972060613576,5512.622119724799,3959.7673850280007,5839.79365953376,4330.886637983655,5322.423908524159
1610555606.68LaSQbm9EHAFycEfFtEqAwYqlBsQPjIRW,4476.218892357299,3992.320750116903,4428.637886871141,0.0,4529.256222790968,5076.581151758347,4348.104272372407,4578.212869122043,4753.215059055923,4551.796775994043,4204.56452057167,4416.165625596001,4821.763627138836,4723.627502587493,5034.065891253296,4445.584864919045,4569.197586462221,4278.551259968647,4558.036436598482,4328.43356617846,4928.130444465356,4831.783888232051,4852.388281543781,4536.647250116773,5655.220752362006,5215.897488505404,4242.426990874058,4669.986630688899,4357.772900232837,4392.149810071338,4473.8285529363975,4964.1920304928,4594.757801775481,4587.9116909271,4497.987753959513,4234.336830700983,4676.826385596076,4447.921952096671,3838.6587803223943,5178.228817762936,3684.0002704764875,4473.7168076865155,4776.125623558905,3735.863748572545,4577.184207714275,4823.903329910804,5533.705784996731,4931.801068867784,4304.797761534124,4921.522633400682,4480.996923545663,5150.570416456174,5066.47155100292,4504.051260819547,4322.152090903577,5513.682467411262,5279.6114594457795,4573.147233815912,4662.920094857456,5401.551370205235,5047.904606746462,4966.793995945539,4106.299190719048,5255.7038888695615,4186.207371757884,5308.226646764514,4409.938637377364,4978.025158087181
1610555617.19EKxMEwDHfXiEJZc27TsGoERaD6Da4BZU,3225.512100192822,5063.429238981749,3268.5633230683507,4529.256222790968,0.0,4435.172224028248,2613.5730762497096,3425.1716187533507,2814.3826670960307,4063.8856563520662,4822.990334157851,4845.681534630326,4823.38282059273,3230.894072567761,4963.366919240484,4203.785608301934,5072.200257793546,5122.33803297091,3718.8478941284975,3853.059310157395,4959.351073887695,4899.138506266909,3127.2253098346728,3450.786709809233,4557.493893751459,4474.078645411207,2516.4271346778833,4826.035940908601,4916.443712146969,3144.2470021859276,3894.177869657158,3205.6023235455496,4576.709385000224,4500.338899696701,4659.416924758818,4645.031757732502,4583.012636405455,4380.291424057896,5061.7410703810365,4938.110124892694,4409.289428225067,5166.536398810001,4433.802327714383,4772.290530844187,5204.666704551862,5392.011612708707,4573.021077322369,4336.308777996468,3977.6623250956022,3922.5695904116583,4430.6992991730685,3872.117008916565,4787.149817621137,5302.901712095387,4020.8557713251357,4181.9615265209695,4345.938447289352,4701.439909195265,4256.876102433598,4219.28025012884,4946.0110989500345,5358.238561019157,4338.431568348762,4979.3535065729175,3945.7042732807663,5438.450183403364,4134.7760617259655,4772.51297529853
1610555722.52PJ3FD50MGhRXyUD28vluU8Z9UjLJLZn4,4105.037586161803,4869.595924578771,4230.824121335841,5076.581151758347,4435.172224028248,0.0,4452.598806132761,4226.446190292269,4106.753904880969,4785.473135986267,4985.87925908767,5056.167700437565,5137.524424236995,4296.723113046849,5136.383767993893,5034.74484634905,5097.231834873715,4905.633376644515,2786.91714674156,4644.458632854351,4812.690240584487,4658.624957040529,3902.074887444655,4202.407742902729,4119.6856870634565,1901.8060284606909,4135.3969773498,5154.043339318561,5459.635380588962,3891.046551465842,4743.633259005615,3672.041798170477,5264.145158903378,5348.310236394754,4951.176340699997,4991.614267480585,5261.995013527617,5238.957058841821,4951.896913438651,4943.301570919387,5368.204838534395,4977.295997622383,5231.3063983197135,4671.617461097009,4854.1303443621755,4443.3830821254305,4078.0426641260165,4140.93891525803,4912.338725334231,4613.682787004629,4564.049448536736,3970.5464364299173,5109.550954546831,5130.277985269688,4601.446358819885,4006.463311260202,4734.326387196896,4642.424002205712,4477.381821519283,3390.3406396375126,4793.764506886258,5182.834749274894,5149.197647887601,4619.494600604363,4983.242121043267,5160.341846819103,4391.172859914544,4884.311162103245
1610555617.52Ijr5puT55g9apK8auM7zaxa3NANg502t,2917.5162619163725,4916.144946961245,2789.0513643760596,4348.104272372407,2613.5730762497096,4452.598806132761,0.0,3084.9080594635184,3391.329291213804,4221.776884305126,4825.567312774716,5222.369602467434,4708.823347218879,2937.5844792796815,5079.323155578531,4431.26617958516,5132.036709669237,5333.312870715789,3777.577089243542,4232.383560653023,5584.238952735009,5210.1865702934065,3873.2479708607843,3131.1852800722513,4964.294433490439,4314.061424908115,3559.323822603849,4950.706482351407,4509.685257838421,2731.723118757606,4121.020952170801,3459.6346522085983,4686.865381270114,4600.155893269429,4887.780205061047,4606.9507122037985,4998.876028178756,4464.601451586302,4818.629168851219,5018.806903387666,4744.348425272495,5351.814167283586,4863.735947219796,4491.247976039723,5146.541655021543,5306.564257969037,5290.854140181176,4713.298099013933,4169.160823463533,4566.837171916505,4666.833868477658,4344.47896201488,4548.254141259956,4948.5999251895055,4188.634767106974,4322.598376128491,4620.503721942859,4995.275443886773,4452.417766773527,4287.938667288925,5354.950184051007,5374.191846970879,4466.528222543076,5117.7113794861225,4108.694003360416,5548.697973003191,4382.485154725314,5168.17892175523
1610555638.77ZLjTLkz4jYJdFMI2wWBztzsDILkoOtAk,718.6654229604069,5063.83613855132,1331.5102461024794,4578.212869122043,3425.1716187533507,4226.446190292269,3084.9080594635184,0.0,2512.2847805814117,3924.120694547843,5473.551317752096,4655.717668648341,4674.214849819606,1712.4573307947198,4855.2252036089685,4213.934086195379,5737.320564392429,5186.101550800992,3425.5596751721114,3668.917287318458,4981.900316334267,5459.425042873947,4200.492104905293,992.6820434799341,4754.380537464823,4279.493898200138,3639.138907442704,4694.345466107587,4804.987114761273,3943.1033322601024,4038.5409183870906,4516.789724680572,4402.372899470881,4503.673121337119,4603.518072545974,4664.064591107543,4543.1965683420685,4413.149226964465,5086.336906786606,4489.129172530655,4559.681521236521,5267.743861057463,4511.635040465353,4174.45799519906,5329.175512207951,5513.213538465207,4689.209486703208,4160.725880038779,4053.7273984534577,4902.345658729616,3813.1390185227497,3959.4003096970623,4844.323478180645,5620.237081885463,3901.332047683752,4594.7580959566485,4546.718635624954,4570.295027762495,3683.6201205751004,4666.404816800908,5434.510081718979,5875.119725411276,4459.429593503475,5421.863978487845,4156.061955609754,5711.665102828731,4518.024084487482,5237.61242238086
1610556912.46C7tJPLF0XfNnm8f1820X9aLmXMHoc0Dw,2359.17552475999,5176.126927668893,2832.700165413473,4753.215059055923,2814.3826670960307,4106.753904880969,3391.329291213804,2512.2847805814117,0.0,4071.6261962338926,5480.61937584159,4566.480944472602,4818.991294427004,2505.7138460726737,4664.587820025059,4423.317814016766,5686.8192510277795,4984.521338293031,3072.6979239914226,3775.7354136408458,4588.087192071524,5115.8663608690385,4043.2819716863664,2508.257079473327,4700.848956252876,4079.496182513456,3549.176913353155,4618.389565416558,5144.08780649166,3893.17317913703,4183.811532792357,4118.512783617353,4551.213091031948,4705.7796636181965,4622.76611176398,4667.673990044219,4570.779576739387,4631.406252074511,5236.531971443326,4755.713725388147,4686.567741286903,5144.065415208158,4232.2977872309175,4377.734289371703,5352.848098658208,5413.919735498038,4329.07114266153,3951.8652881189055,4250.55339827083,4674.331473868675,3846.607674778867,3954.749304010359,5066.037023022993,5790.619568990029,4216.58874136935,4639.231910249156,4465.491809825222,4562.960970778013,3703.6569291334386,4366.35549965715,5126.693826784434,5882.4156468453975,4634.757992026604,5198.759303116639,4332.204424151418,5543.598276610928,4585.784743652696,4949.380070106388
1610555617.51LjzIROg0aeCP2GhDcAVQ0LipKJB9jmKc,3746.7080775693944,4166.2064140839675,3725.6829386714403,4551.796775994043,4063.8856563520662,4785.473135986267,4221.776884305126,3924.120694547843,4071.6261962338926,0.0,5438.738748789382,5114.18745821397,2844.200283727877,4145.9875188796395,5049.169995811025,4307.763222363534,5733.365883165546,4930.002619614907,4746.0176340464695,4054.026921548467,5350.062078626016,5730.524741526559,3976.6138038337403,3825.6049089689222,4624.853585194445,5034.329093012589,4024.4581462398855,5088.250852215226,4771.380113911824,4142.084811963188,4000.3576347132102,4660.623821787279,2000.505294413545,4227.422947672331,4761.995149996385,5190.231691122933,4395.491336232837,4101.2070516560625,4241.844748600038,4698.274352388662,4572.656728652448,5806.8779904754665,4552.7820364283525,4884.606533934167,5092.395247261099,4892.687031041414,4590.127850339359,4587.050549344902,2253.125825255474,4951.801730737149,4410.320906485687,4415.1715418831045,4500.542229443669,5432.61751017002,4086.2506502929946,4623.335927200361,4801.005517590212,4271.182413342863,4466.575186266368,4959.884931936152,5495.075691692612,5741.896445404135,4062.549838232111,5899.407359319064,3565.771029157506,5925.893662880156,4899.276008170832,5316.9806472164555
1610555608.17OpjjHobqRkX0UPcaXrbu7K6L3805SZri,5370.831507490929,4618.5777801114045,5318.930581837168,4204.56452057167,4822.990334157851,4985.87925908767,4825.567312774716,5473.551317752096,5480.61937584159,5438.738748789382,0.0,4865.1072522171235,5487.642943359256,5346.212583102551,4776.89319182636,4822.049522679385,2218.223545121522,4541.587172779731,4988.58330402956,5047.06378306193,4715.831473216789,3722.867586734103,4813.210761299168,5518.225093250449,4912.407812799423,4893.039293743321,4870.395902139112,4862.530246573438,4630.8030886731085,4953.01526160644,5103.922020058581,4566.636429256841,5554.467470237526,5120.096821353452,4881.46874454581,4537.148556308509,4954.634589344556,5125.919209137689,4538.147520604731,5382.991802800151,4660.4964318512875,3537.3359738328168,4963.280528537148,4801.335568182444,4357.432095926396,4234.961325225487,5558.336760345404,5085.759769209657,5164.981619990672,3951.2814010016027,5344.607670283343,5531.658415188003,5149.539613312816,3889.6656566326787,5117.742413525397,4734.3534299747025,4706.181394012623,5008.8705483172125,5468.192240885539,4938.76218133309,4307.630906415903,3263.0150903361055,4726.56977140012,3949.8061193539215,4925.219239843242,3608.2962819816744,4108.126314052072,4608.7608124257185
1610555721.82zWeNZfGUUfRJkgnAwlP8VMhPzXctnSd4,4535.06996906684,5207.242232541314,4739.084988702754,4416.165625596001,4845.681534630326,5056.167700437565,5222.369602467434,4655.717668648341,4566.480944472602,5114.18745821397,4865.1072522171235,0.0,5594.572569340853,4739.9643609700315,5346.907034563784,3897.363924116527,5013.821638422319,4471.940413509676,4834.587007215092,3647.4334446299586,2510.1680961155457,3931.112127798915,5112.696165541563,4727.470769809588,5315.992753223618,5061.5185947521995,4926.122449705148,3766.3828778384127,4578.099066400953,5373.80942963669,5108.06925583038,5464.3809820891265,5071.681205847422,4536.938609785117,3813.9143127431767,3839.862646565504,4846.236997223449,4503.485312516876,4780.837248383705,5348.127831431579,4896.600413084452,4077.0168921015747,5327.039976609869,3730.9854100849984,5286.664524165507,5311.921224590348,5186.642379077207,4471.861371314782,4828.406674650307,4758.53712297064,2962.0624722255193,4727.267622917145,5579.183873627896,5028.2785348489115,4649.635230118835,5310.579935263484,4663.222112109496,4359.947659417412,3621.5558014243493,5363.591374421467,4913.241172313096,5324.998746787494,4086.8157481498342,5059.550745043882,4250.369028917096,5027.0645583971855,4511.604174712647,4840.497084173937
1610555735.75bom85BDF0C7W2eIseHeMxi24qR68nzMi,4535.161811588965,3449.610137011443,4518.691437146673,4821.763627138836,4823.38282059273,5137.524424236995,4708.823347218879,4674.214849819606,4818.991294427004,2844.200283727877,5487.642943359256,5594.572569340853,0.0,4718.16092813989,4839.659760776512,4780.198663542069,5667.277427494731,4380.904598996327,5068.690061529287,4511.883655855711,5825.405613753845,5671.576943016731,4797.991708967027,4595.054299166058,5356.738902320739,5427.596392857033,4806.689091260224,5499.457039308228,4600.9974800296795,4552.577284082323,4390.098197641718,5090.831182925167,2020.2096399590225,4287.636450273748,5180.66067096365,5736.504581198736,4844.370131843882,4209.214360713566,4685.84854929942,4935.442214358681,4751.109790198975,6017.7999964543305,5063.194900261471,5088.9046748024375,4710.178711701598,4400.495329660883,5056.209399231117,5255.243112893685,3628.0874454089085,5465.845849862598,5020.930475660477,5144.644702577961,4643.8003008050055,5083.668455955375,4607.749078543025,5403.521988643229,5323.571420172348,4791.157728289621,5079.028416251497,5351.072895085923,5273.940362235709,5405.063440286054,4374.734111474807,5940.320528693318,4365.6922819997635,5583.969814199094,5386.800751979297,5127.83161685797
1610555735.77NnT5xqKnwcf2BbjIekeb2arTQj6QMNwk,1752.8153935989628,5070.790264916476,2042.6046509647265,4723.627502587493,3230.894072567761,4296.723113046849,2937.5844792796815,1712.4573307947198,2505.7138460726737,4145.9875188796395,5346.212583102551,4739.9643609700315,4718.16092813989,0.0,4655.827480829013,4543.419602676541,5555.802737985486,5063.575429188458,3316.684651144935,3904.9921849334783,5052.531845306197,5177.390804329925,4340.420199121204,2077.997977363352,4803.637218334216,4315.260012559913,3799.686661297398,4913.871580981832,4992.320321148367,3879.864567428279,4311.535089737485,4269.877437304709,4604.897522059736,4790.519929455769,4844.4778509661965,4849.905177765229,4736.814585413249,4695.008434647871,5241.499127431107,4697.393950100242,4776.140342946811,5243.502067740737,4681.06543541801,4448.285321236025,5188.534984591428,5392.170529239238,4964.91648806139,4373.584420293132,4252.098381839664,4823.910328778588,4054.591329401537,4036.7609376381674,5012.2486905660835,5695.621503477106,4295.46339439938,4716.589534016282,4296.096382126554,4903.71704627385,3957.6906744596868,4488.997715875485,5292.139049341753,5713.614895624812,4775.362937815124,5236.342255104661,4430.958926821005,5536.561357475418,4562.552607190282,5064.080629505247
1610555638.33wjf1PhdNaoWfbRzXVn50hmFyB5bYAiLV,4767.437726644384,4937.695454140976,4959.288850379899,5034.065891253296,4963.366919240484,5136.383767993893,5079.323155578531,4855.2252036089685,4664.587820025059,5049.169995811025,4776.89319182636,5346.907034563784,4839.659760776512,4655.827480829013,0.0,5143.56511426104,4783.4032764814265,4905.686746242058,4781.3146856129115,4909.5618393189425,5037.230996766039,4794.111826385416,5178.740423412868,4873.413035083332,5364.8108672446915,5045.687396481267,4981.082916500716,5656.791492092945,4856.551018929061,5079.287817134531,4490.401120494261,4958.68091433502,4997.521025399573,5799.181347918131,4577.286767001728,5032.2374849979215,4716.0139550611075,5550.688850017365,5377.459460866958,5158.531384222807,4207.990476819369,5173.558813549914,4013.4921796266553,4941.119024882443,3929.896394306698,4767.061079156927,5196.2180109225965,4977.083066820362,5353.183488228948,4917.53974445285,4863.38259620436,5136.098767555101,6358.002173739603,5133.259841999638,5058.730147311672,5518.357578340414,4250.2245750950015,4985.141421633924,5213.006925485333,5234.691058647009,5481.500263390371,5033.974251920553,5179.035816760694,5299.409583938036,5367.129110550879,4588.194836683871,5038.955673572935,5629.824969006491
1610555606.65jCE4ig8Pu8kvAzkxnSGfWsV0nQBjCf8H,4052.039645606505,5007.372314860506,3966.2552005449957,4445.584864919045,4203.785608301934,5034.74484634905,4431.26617958516,4213.934086195379,4423.317814016766,4307.763222363534,4822.049522679385,3897.363924116527,4780.198663542069,4543.419602676541,5143.56511426104,0.0,5109.449587923508,5304.966877452917,5107.072354999185,2768.4022998392657,4111.0722376359,5234.924556388705,4403.21258767936,4187.844376339241,4898.0519689206785,5314.944825017207,4069.3728460149114,4207.854570074297,3865.7317690719647,4715.498367364661,3674.2343238602266,4933.981537037818,4322.097091994988,3345.793586253057,3030.9673148300103,3783.1473684847924,3752.37173744704,3444.6822381022353,4945.94319723144,5320.596548723358,4026.364754236652,4948.190207891427,5034.192272391102,4607.349637046906,5117.5690038396315,5435.240005593009,4815.764692911814,4263.553378838625,4113.4229402480505,4355.843472592731,3797.7676408107486,4841.240370876784,4562.207922061153,4910.955783067359,3417.070688708717,4859.455210643355,4803.072707718449,3276.349396632248,4179.546649136341,5341.275317334433,5068.180236173583,5353.574537774674,3131.097221230893,5406.934287533228,3733.5049479100467,5404.2281614455605,4140.0260305438605,4892.6727548140625
1610555608.18ONsBCVo1i7BrX0XG9stct4oiA6ejX9Oz,5643.703077232727,4724.007498197309,5600.620452243495,4569.197586462221,5072.200257793546,5097.231834873715,5132.036709669237,5737.320564392429,5686.8192510277795,5733.365883165546,2218.223545121522,5013.821638422319,5667.277427494731,5555.802737985486,4783.4032764814265,5109.449587923508,0.0,4570.945237322034,5190.035542662994,5308.276450455797,4701.169230507627,3490.7852146158707,5076.366648876857,5802.448667183717,4906.7046485736055,4912.789239002557,5146.53177251962,4843.483517428459,4795.6575960258615,5251.412885146941,5399.24674377061,4710.940048420053,5781.006434929533,5265.6414000832365,4990.724523576782,4615.723450528237,5177.384447062382,5249.643094960509,4584.275312334961,5488.630752592814,4961.982141309518,3448.169247927369,5118.682027001833,4914.563253573319,4276.452455989796,4153.535993510554,5642.350924341189,5321.380040399454,5433.151162633076,3983.904453003822,5557.0127040764655,5655.591664354002,5192.953459071811,3796.704090489752,5443.799023005675,4854.792080846853,4523.363377842855,5138.85730508359,5665.972571236467,5004.6415363429915,3999.3036582505074,2807.883091114818,4935.3889336705115,3414.1104963358007,5138.7009287471465,3122.035096805303,4264.578147283901,4334.197045704511
1610555721.51RNoQUMP19FTMS79BmA3JkgSm2IC2AQuQ,5108.612451957331,2714.210429783192,5280.8755196328,4278.551259968647,5122.33803297091,4905.633376644515,5333.312870715789,5186.101550800992,4984.521338293031,4930.002619614907,4541.587172779731,4471.940413509676,4380.904598996327,5063.575429188458,4905.686746242058,5304.966877452917,4570.945237322034,0.0,4766.546892517682,4965.025566681954,4982.558892938832,4123.325353751737,5051.119428231153,5199.951326629072,5363.349245596261,5170.986311588002,5241.071970426661,5054.939175255947,5023.231499543042,4994.479470521468,5352.010353477928,5412.412909639015,4698.361620030289,4981.452462466378,5442.287342949532,5531.409499393967,5538.835914837211,4855.136428201928,4337.359546098086,5664.921024439034,4889.590080405803,4831.917179439927,5331.864750991287,4352.025749772951,4147.756218149576,3261.078146579036,5219.090254688014,5358.96591989059,4857.542809644036,5329.935620147702,4690.186476593496,5488.140631350158,5710.074892067641,4708.2887019763175,5472.122543345615,5572.753009438056,4969.105037072988,5446.752963918016,4773.327017329199,5056.366877190702,4384.453609349243,4631.448022028281,4659.436313077848,4827.578569593762,4795.0506477036415,4549.382725569687,5418.020787169836,4505.900479177521
1610555971.86O0cHB2ibBJ8jxoObg01EpGe8VVV5mpwn,3330.463611524817,4972.3622873870145,3585.6046094937174,4558.036436598482,3718.8478941284975,2786.91714674156,3777.577089243542,3425.5596751721114,3072.6979239914226,4746.0176340464695,4988.58330402956,4834.587007215092,5068.690061529287,3316.684651144935,4781.3146856129115,5107.072354999185,5190.035542662994,4766.546892517682,0.0,4565.789518823972,4914.553290510099,4562.119987458537,4304.86543701016,3474.762768896161,4793.0326077124655,3218.234022578991,3866.062430258938,5080.174914818148,5464.4311906784715,3712.6313729810627,4813.257415332213,3734.9826555354152,5196.288685964658,5275.335538147138,5054.9552684606815,5001.467763887145,5340.829501381864,5243.406464569877,5194.084511667273,4756.486956994065,5126.63928798996,4988.934505551837,4990.62015377968,4321.163610776798,5046.460065839698,5029.059326927829,4664.8695482837065,3996.0322889826475,4889.5630773902985,4725.101724997321,4325.765026249228,3879.4722734699185,5285.0294510682825,5391.7780949422895,4812.19153524363,4639.5638694478685,4583.329746980794,4997.012021912589,4169.540375410867,3719.7038304023977,4907.931005098339,5454.9178561522685,5250.66961427578,4775.787005930367,4946.115846057356,5217.503663203078,4294.889011346772,4886.082332318415
1610556911.51zU3duZSGpcw1BDNsBLxdOCITAXwl6z3i,3507.309767473319,4697.267968167558,3479.237485669371,4328.43356617846,3853.059310157395,4644.458632854351,4232.383560653023,3668.917287318458,3775.7354136408458,4054.026921548467,5047.06378306193,3647.4334446299586,4511.883655855711,3904.9921849334783,4909.5618393189425,2768.4022998392657,5308.276450455797,4965.025566681954,4565.789518823972,0.0,3864.0961138346934,4939.067482910937,4068.9820469864494,3666.1228048050893,4744.798272587985,4907.275250806508,3702.217740149548,4149.645517441633,4218.104636117748,4388.006941742438,3799.6936024498814,4518.334842339942,4033.8878248976766,3775.2820290183668,3388.77081825939,3850.430044077857,3381.2129247532775,3790.5412322970515,4819.2793136258715,5177.374339741398,3948.640701329417,4866.820357509778,4871.605167706896,4270.842682810779,4513.299547803423,5319.506896717511,4467.444735773423,3699.421342807362,3941.8491151941025,4665.840995336893,3571.0629809666907,4335.606702544895,4831.606339621046,5102.370746345088,3346.761630712012,4597.934436983652,4323.7154770119905,3157.351312669785,3617.031449804688,4924.299885590822,5165.674877254308,5419.970626417014,3443.410237782664,5460.378772469868,3549.4373047434397,5517.943729015435,4273.234418987621,4986.6544707669145
1610555988.71dMoYT8250UHHJGxgmITTmbHe7V6gH1yU,4855.986865941506,5591.805933654476,5080.646997506341,4928.130444465356,4959.351073887695,4812.690240584487,5584.238952735009,4981.900316334267,4588.087192071524,5350.062078626016,4715.831473216789,2510.1680961155457,5825.405613753845,5052.531845306197,5037.230996766039,4111.0722376359,4701.169230507627,4982.558892938832,4914.553290510099,3864.0961138346934,0.0,3774.198737931736,5005.6805627011845,5026.18496318479,5019.798689334408,4800.37837208086,4867.879960514627,3914.58499251131,5053.927119648374,5695.350867488839,5023.420640850975,5275.546187026283,5336.3834387742345,4982.6672051621,3590.3073219070275,3645.2528749338467,4662.4372285796535,4893.425195673243,5051.522694503151,5347.590547068508,4946.261337219001,3729.6065446151024,4853.482768510043,4339.854456352998,5119.523849590059,5153.232727108605,4817.727244536825,4576.813497253367,5140.667939402662,4439.20949758885,3725.426010671966,4791.885103413879,5533.36072805851,5087.544133756695,4744.453015552663,5044.357876060746,4549.832575868047,3866.9842181845456,4354.375030855307,5356.492935344807,4482.655193428,5019.209996148554,4476.1420526638085,4668.098161346864,4638.243217767629,4669.6541913451065,4310.899823842695,4501.231314427639
1610556042.81mlUZsSp7gbGjrp8jQSnybT1gPy6e62o1,5363.666598670584,4752.120992897078,5568.460565315742,4831.783888232051,4899.138506266909,4658.624957040529,5210.1865702934065,5459.425042873947,5115.8663608690385,5730.524741526559,3722.867586734103,3931.112127798915,5671.576943016731,5177.390804329925,4794.111826385416,5234.924556388705,3490.7852146158707,4123.325353751737,4562.119987458537,4939.067482910937,3774.198737931736,0.0,4803.467549312396,5533.365365415496,4998.1243402732825,4547.25005962343,5117.417279495924,4356.222353854776,5151.71301897138,4885.908233322021,5708.764758367448,4242.2789650100995,5732.837237498857,5366.790782048791,4889.014858181859,4539.900421262089,5450.308948699116,5214.93366255653,4862.549969047859,5493.315595375582,5535.24079892264,3476.6117196163964,5406.318768491218,4591.164860664445,4293.014640547123,4275.982910474905,5396.9614685080305,4922.272821807941,5321.971065916785,4253.852865931223,4745.580805478714,5213.146983843377,5740.404490020414,4446.74931018726,5697.873115632204,4905.451162557862,4224.271046269537,4940.261779873631,5002.472142028658,4145.017285987414,3569.6474878891186,4131.993032192109,4960.802202979759,3484.3004216977865,5009.2773042315275,3373.107701206959,4439.1049031031,3877.6482149006733
1610555637.02UBW5nKvDyUrKnaWcYRGajZPxTRDS0q3N,4005.9061598254902,4644.41011404562,3974.277565207691,4852.388281543781,3127.2253098346728,3902.074887444655,3873.2479708607843,4200.492104905293,4043.2819716863664,3976.6138038337403,4813.210761299168,5112.696165541563,4797.991708967027,4340.420199121204,5178.740423412868,4403.21258767936,5076.366648876857,5051.119428231153,4304.86543701016,4068.9820469864494,5005.6805627011845,4803.467549312396,0.0,4095.808761559411,3654.4067676044174,4125.070692082879,2878.57841656516,5200.131088162498,4826.276917979508,2941.6741119944704,3885.5443978485087,2914.105902666935,4554.6179774337925,4756.097740703831,4700.525802163316,4620.447231226935,4510.497779099357,4217.154328009968,4505.630981485896,5206.487631356065,4779.5421872048155,5299.24002895491,4780.072320352349,5151.882963328263,4884.192897112428,4716.167272822576,3997.4789276327083,4179.981704545711,3616.276999064232,3967.6106669035503,4675.4368435039305,3844.454644401629,4852.981661427656,4957.918291594567,3945.836774040384,2607.6974927268616,4613.855716183659,4376.224301813166,4573.023352920148,3519.3430543955487,5040.94612319715,5353.428025905087,4090.32428810363,5039.619604161756,3709.688067544118,5350.728896814406,4262.607993836718,5141.9539224365435
1610555619.13oUYNikU4facCTpUSiSLr0vPI0tJLnXiT,846.1911133601749,4987.6571606852885,1447.5800746793695,4536.647250116773,3450.786709809233,4202.407742902729,3131.1852800722513,992.6820434799341,2508.257079473327,3825.6049089689222,5518.225093250449,4727.470769809588,4595.054299166058,2077.997977363352,4873.413035083332,4187.844376339241,5802.448667183717,5199.951326629072,3474.762768896161,3666.1228048050893,5026.18496318479,5533.365365415496,4095.808761559411,0.0,4731.383913685948,4269.088334949035,3614.4628593490834,4718.718774139162,4759.659654254839,3825.8350119768725,3967.1272500438454,4454.997416738586,4314.463098409728,4457.231715647589,4565.886873447695,4664.608975977683,4522.308331038401,4316.646287582351,4991.969201278058,4517.625576654352,4535.3880005217125,5332.909609135337,4472.476680749726,4226.852147615716,5337.7465851063935,5508.151899255248,4594.488817663682,4136.422045254925,3956.4833773931887,4962.995550195494,3823.586325020559,3990.1781313789484,4793.342010016092,5559.3181268102635,3830.446712125681,4555.562247385143,4633.131003258914,4462.950529763545,3699.822135622021,4611.297834548217,5438.379889162121,5937.611693917839,4367.049801577461,5462.140095888953,4057.549260003303,5747.1702716879045,4565.119770639362,5266.815149063731
1610555721.03nzkucfjAUh31zTbmCVvTVYqtjoxZFnBh,4617.6888596023255,4983.566132187783,4587.444149655719,5655.220752362006,4557.493893751459,4119.6856870634565,4964.294433490439,4754.380537464823,4700.848956252876,4624.853585194445,4912.407812799423,5315.992753223618,5356.738902320739,4803.637218334216,5364.8108672446915,4898.0519689206785,4906.7046485736055,5363.349245596261,4793.0326077124655,4744.798272587985,5019.798689334408,4998.1243402732825,3654.4067676044174,4731.383913685948,0.0,4404.962121102156,4601.245434064624,5156.492232091053,5489.348321631263,4607.64848681202,4690.720076231625,4344.0710182252515,5070.432818280437,4991.414600034396,4877.5319147600885,5226.126707276574,5009.658216495977,4579.678356036722,4480.944936335108,5002.128128947524,5554.3453921085575,5091.402585359007,4968.464972220533,5512.182340958455,5230.017087832351,4345.467728273,4716.855653892612,4094.1202221939484,4192.870528625316,4562.911468609674,4854.61909282635,4510.927954578586,4914.488157139188,5223.537365705372,4644.161086989013,3251.995282396019,3983.1073253410636,4459.70908056962,4785.99963749753,3767.2000888892367,4818.500850321593,5025.548941295826,4528.530438601157,4547.664557342398,4363.9350242267265,5046.580300572385,4511.692432929744,5008.220747047147
1610555722.67fhKURdXVzRbLIjXmjRwdJHTnE7PWb1AE,4153.646954058004,5265.250229769884,4363.714236742719,5215.897488505404,4474.078645411207,1901.8060284606909,4314.061424908115,4279.493898200138,4079.496182513456,5034.329093012589,4893.039293743321,5061.5185947521995,5427.596392857033,4315.260012559913,5045.687396481267,5314.944825017207,4912.789239002557,5170.986311588002,3218.234022578991,4907.275250806508,4800.37837208086,4547.25005962343,4125.070692082879,4269.088334949035,4404.962121102156,0.0,4316.0053025540155,5034.4987271209975,5408.66295618922,4059.9121433409373,5010.192982819153,3680.7809971729903,5502.627389133527,5628.482609872994,5223.394999827353,4820.974982108544,5483.817344291997,5491.499182420418,4985.416544443653,4924.020774868677,5548.5110481058955,4746.496111204868,5100.547448990007,4656.950876544476,5102.17162796407,4686.823754814169,4271.122449934711,4393.417950977048,5159.509258326576,4598.867292915457,4655.010563431977,4165.594008015082,5191.644091334423,5100.88916022995,4889.703346726863,3990.1015327952923,4712.829640268796,4946.136301680142,4528.46898904388,3421.384577301876,4862.552461739927,5092.008659950345,5397.238069552354,4413.1304145932045,5229.208524874783,4908.154894223135,4447.093279858857,4948.303120423115
1610555638.39J2ZWBLuLTHP0jOlzB4tNHmYeijH5g5YJ,3453.001726007135,5081.713646493953,3423.5236804365354,4242.426990874058,2516.4271346778833,4135.3969773498,3559.323822603849,3639.138907442704,3549.176913353155,4024.4581462398855,4870.395902139112,4926.122449705148,4806.689091260224,3799.686661297398,4981.082916500716,4069.3728460149114,5146.53177251962,5241.071970426661,3866.062430258938,3702.217740149548,4867.879960514627,5117.417279495924,2878.57841656516,3614.4628593490834,4601.245434064624,4316.0053025540155,0.0,4971.37484758865,4970.683224794001,3682.676702560146,3437.244792347344,3588.257879609382,4556.486672689453,4682.4371189225585,4535.87412113728,4366.926964898285,4318.133011354346,4537.968878361287,5082.007135279908,4669.585559203453,4030.6743768595825,5201.055203402849,4276.650993649929,4902.2766940183255,5094.657756988414,5334.449200513723,4024.5087454677305,4044.595306345707,4037.0183731378743,3599.1135166235003,4370.3247716884125,3428.041735449903,4876.111570554742,5389.695543490384,3815.5277424893816,3986.995887574565,4652.946459432482,4288.732690968373,4291.785932606942,4490.943322879011,5125.979748754398,5383.94564430521,4402.813610742254,5138.485413449715,4152.008580199983,5543.075539196587,3551.4790024083663,5098.063087911098
1610556032.17Q6yCDx9g7alRnL9jBFXD2JhhUyB2hKfJ,4573.222607577076,5126.447531353358,4685.8344409961055,4669.986630688899,4826.035940908601,5154.043339318561,4950.706482351407,4694.345466107587,4618.389565416558,5088.250852215226,4862.530246573438,3766.3828778384127,5499.457039308228,4913.871580981832,5656.791492092945,4207.854570074297,4843.483517428459,5054.939175255947,5080.174914818148,4149.645517441633,3914.58499251131,4356.222353854776,5200.131088162498,4718.718774139162,5156.492232091053,5034.4987271209975,4971.37484758865,0.0,4755.012767406051,5384.418020192094,5176.949386548782,5301.78986072547,5043.131519347937,3697.3740704923875,4644.988896111174,4342.81934652656,5033.15579297178,4184.82019569463,4730.041713303818,4995.766762719111,5604.801952836781,3991.8394723973397,5043.365866870769,3810.5855502902846,5399.423239167045,5076.882720684805,5128.223374668323,4913.943795070518,5002.230095531858,4625.115125184886,4212.699911820595,5158.82161536247,4762.407622728442,5033.129701021238,5002.73017483438,5343.971686804236,4727.378988505977,4094.341431629879,4035.073797187039,5345.420285838687,4766.60362821054,5276.2764232484005,4199.761141839109,4722.394508766923,4381.096926725074,4889.4101938006215,4574.8362260482,4619.250323406536
1610557007.49MyVgDnuUuBxrvL6SGOdhKf69VYlW1MSm,4687.749174228976,4375.221256833706,4623.719808060921,4357.772900232837,4916.443712146969,5459.635380588962,4509.685257838421,4804.987114761273,5144.08780649166,4771.380113911824,4630.8030886731085,4578.099066400953,4600.9974800296795,4992.320321148367,4856.551018929061,3865.7317690719647,4795.6575960258615,5023.231499543042,5464.4311906784715,4218.104636117748,5053.927119648374,5151.71301897138,4826.276917979508,4759.659654254839,5489.348321631263,5408.66295618922,4970.683224794001,4755.012767406051,0.0,4698.514080415565,4573.134713205322,5190.993094542262,4588.609860182813,4046.0100151538904,4214.748274790625,4259.950209934051,4825.010305939211,3586.780549843867,4817.3969632355975,5765.497613954854,4188.75887428355,4864.136268935524,5368.07492280701,4240.352796265231,4913.233131056416,4801.926173080883,5439.421635406141,5331.547309399889,4662.994622805984,5197.861007207962,4560.218359548486,5416.093107657324,5227.226777392798,4235.430310162136,4393.530003603935,5066.9507563840825,5236.4456497596775,4652.574893208635,4722.885571371984,5332.961469568687,5410.073493007104,5018.26762830262,3242.141433176389,5630.427231328353,3703.9337662990433,5069.852110340369,5260.305047339812,5470.024517586962
