,square,rectangle,parallelogram,losange,isoTrapezoid,kite,rightKite,rustedHinge,hinge,trapezoid,random
square,0.09853637892666398,0.12888191424711162,0.14106643510011668,0.1674839669357469,0.12586208607605145,0.1202663268538888,0.12042185009169493,0.14795525931196007,0.13769073626169284,0.13292292604176695,0.173186104646302
rectangle,0.12888191424711162,0.10181384303782097,0.11886235303480591,0.15312576782257542,0.15895254986144067,0.14606522526763221,0.14369732478823122,0.14007177213710728,0.12366215823025017,0.1431698093123389,0.19297372277048896
parallelogram,0.14106643510011668,0.11886235303480588,0.11141626684420357,0.1351895803328174,0.1640693667756316,0.15778566899516022,0.15274409556453114,0.14792764162293093,0.1315642208966446,0.13972422968957596,0.18149753641010583
losange,0.1674839669357469,0.1531257678225754,0.13518958033281742,0.12956896979269653,0.1793332223264954,0.18266322018688966,0.1769438834078201,0.17190377381198554,0.15818404290328883,0.14996295514491648,0.17278092232595932
isoTrapezoid,0.12586208607605148,0.15895254986144067,0.1640693667756316,0.1793332223264954,0.12052483863809818,0.1380307949554062,0.13459781751692124,0.16799727764905725,0.16217739804727113,0.1414656810039595,0.16737543591981408
kite,0.1202663268538888,0.1460652252676322,0.15778566899516022,0.18266322018688963,0.1380307949554062,0.1210999300153698,0.1309136615665797,0.16667769795338055,0.15783681784880682,0.15447915156149794,0.19185418351245068
rightKite,0.12042185009169491,0.14369732478823122,0.15274409556453114,0.17694388340782008,0.13459781751692124,0.1309136615665797,0.12291229462320753,0.156779319172975,0.15015663443323463,0.143249474304744,0.18240329528979105
rustedHinge,0.14795525931196005,0.14007177213710728,0.14792764162293093,0.17190377381198554,0.16799727764905725,0.16667769795338055,0.156779319172975,0.130726679047345,0.12825983035686128,0.15814247979367374,0.1913712744185255
hinge,0.13769073626169284,0.12366215823025015,0.1315642208966446,0.15818404290328883,0.1621773980472711,0.15783681784880682,0.15015663443323463,0.12825983035686125,0.1180553578568544,0.1464684252229105,0.1849748068728528
trapezoid,0.13292292604176695,0.1431698093123389,0.13972422968957596,0.14996295514491645,0.14146568100395948,0.15447915156149797,0.143249474304744,0.15814247979367374,0.14646842522291056,0.12345205534606984,0.15294970894581073
random,0.173186104646302,0.192973722770489,0.18149753641010585,0.17278092232595932,0.1673754359198141,0.19185418351245068,0.18240329528979105,0.19137127441852553,0.1849748068728528,0.15294970894581073,0.1469327155960494
