,square,rectangle,parallelogram,losange,isoTrapezoid,kite,rightKite,rustedHinge,hinge,trapezoid,random
square,0.13886316502413898,0.18206972961531728,0.21644031101890918,0.2563310572464216,0.19342230355553616,0.18636584439758455,0.18510788612110557,0.21793685767093515,0.20801573510623744,0.19992405190300327,0.24811134069484747
rectangle,0.18206972961531728,0.13961455636639136,0.17836862379490487,0.23021395098417094,0.24415474891621908,0.21978247288683178,0.21831767453074785,0.20878591679414782,0.18922761214296346,0.2159246793795203,0.276227964969572
parallelogram,0.21644031101890915,0.1783686237949049,0.15899699937167863,0.18930435594713055,0.2506838472982034,0.2390620961519742,0.23149297997139254,0.2178608954645794,0.20005090417004853,0.20528511342294511,0.25258478402743484
losange,0.2563310572464216,0.23021395098417088,0.18930435594713058,0.17675666809628957,0.26774655401487424,0.27026951548618816,0.2614316298986847,0.2468723029588566,0.23458511403600235,0.21614836999196188,0.2404871250986283
isoTrapezoid,0.1934223035555362,0.24415474891621902,0.2506838472982034,0.26774655401487424,0.16231100373614768,0.1962059079582026,0.18869212896174303,0.24243488530050972,0.24075040076358586,0.1963619123346783,0.21972182139785001
kite,0.18636584439758458,0.21978247288683178,0.23906209615197424,0.27026951548618816,0.1962059079582026,0.16355324328096374,0.17863510700449972,0.23405099696745468,0.22656805499228413,0.2202503700355164,0.25279364253336517
rightKite,0.18510788612110557,0.21831767453074788,0.23149297997139254,0.2614316298986847,0.18869212896174303,0.17863510700449972,0.16453737645073205,0.22507490943487787,0.21955697760950163,0.19823326562963703,0.23671689497207915
rustedHinge,0.21793685767093515,0.20878591679414782,0.21786089546457946,0.2468723029588566,0.24243488530050972,0.23405099696745468,0.22507490943487787,0.16867321058825305,0.1710589599828066,0.22288341730259179,0.24749828026829335
hinge,0.20801573510623744,0.18922761214296346,0.20005090417004853,0.23458511403600232,0.24075040076358586,0.22656805499228413,0.21955697760950163,0.17105895998280657,0.16088632750036644,0.21392716775655574,0.2443900877553544
trapezoid,0.19992405190300327,0.21592467937952037,0.20528511342294511,0.21614836999196194,0.1963619123346783,0.2202503700355164,0.19823326562963708,0.22288341730259179,0.21392716775655568,0.16411242896294537,0.19699561207695357
random,0.24811134069484747,0.276227964969572,0.25258478402743484,0.2404871250986283,0.21972182139785007,0.25279364253336517,0.23671689497207918,0.24749828026829335,0.2443900877553544,0.19699561207695357,0.17661409170998987
