,square,rectangle,parallelogram,losange,isoTrapezoid,kite,rightKite,rustedHinge,hinge,trapezoid,random
square,0.30709905072093957,0.3697691524518943,0.4602444280778947,0.5111392502033446,0.4325624349292756,0.42573068961374017,0.4267131520679168,0.48665658017660096,0.4661631201581548,0.4270075668110475,0.5039306125554236
rectangle,0.3697691524518943,0.31186622894142424,0.40354475435504583,0.46800290499454467,0.4883835920928151,0.4581684241228112,0.4638123011096266,0.47313377503794624,0.4427038911513243,0.4482832882574473,0.5281504539316476
parallelogram,0.46024442807789456,0.40354475435504583,0.35028701719639876,0.3957433453620503,0.5032568149300461,0.49108511099227825,0.4834069230782074,0.47673121608013097,0.45401508982738825,0.4316060776678261,0.4943758281009547
losange,0.5111392502033446,0.46800290499454467,0.3957433453620503,0.3644855302470437,0.5287041063552578,0.5326888465844161,0.5257815219624381,0.5095816928176771,0.4968567727223798,0.4515209168426637,0.48876451550947597
isoTrapezoid,0.43256243492927565,0.4883835920928151,0.503256814930046,0.5287041063552578,0.34816632561516925,0.4031528260456261,0.39216708110908133,0.4924298859243028,0.48892689909709003,0.4005184766706723,0.43502704369296213
kite,0.42573068961374017,0.4581684241228113,0.49108511099227825,0.5326888465844161,0.4031528260456261,0.3405221508486066,0.3642859897322188,0.46477879735549527,0.4523075002081028,0.4320409511635813,0.46123843333811465
rightKite,0.4267131520679168,0.46381230110962673,0.4834069230782074,0.5257815219624381,0.3921670811090814,0.3642859897322188,0.33023318016654246,0.4558776751824156,0.4445855117357902,0.399663611164813,0.43837586912501364
rustedHinge,0.48665658017660096,0.4731337750379461,0.47673121608013097,0.5095816928176771,0.4924298859243028,0.46477879735549527,0.45587767518241556,0.3625582349617627,0.3708648316388513,0.466055673986559,0.4702916739767555
hinge,0.4661631201581548,0.4427038911513243,0.45401508982738814,0.4968567727223798,0.48892689909709003,0.4523075002081028,0.4445855117357902,0.3708648316388513,0.35050198741734934,0.45332651907520277,0.4664568363333408
trapezoid,0.4270075668110475,0.4482832882574473,0.4316060776678261,0.4515209168426637,0.4005184766706724,0.4320409511635813,0.399663611164813,0.466055673986559,0.45332651907520277,0.3384567781411768,0.3951656984797122
random,0.5039306125554236,0.5281504539316477,0.4943758281009547,0.4887645155094761,0.43502704369296213,0.46123843333811465,0.43837586912501364,0.4702916739767555,0.4664568363333408,0.3951656984797122,0.3442001562276706
