,square,rectangle,parallelogram,losange,isoTrapezoid,kite,rightKite,rustedHinge,hinge,trapezoid,random
square,0.24541474312481812,0.2842422270141556,0.30717515174503807,0.33234081014396516,0.2760076081835739,0.2700721441491577,0.2635654605791346,0.2965473201226039,0.291172727682398,0.282688504363263,0.31472411211961626
rectangle,0.2842422270141556,0.24547154074120442,0.2703912916109708,0.2998265984421622,0.3198200078337887,0.29770621359475724,0.29332112725494863,0.28070790733491113,0.26816904962826615,0.2996376761766786,0.335842906483804
parallelogram,0.30717515174503807,0.2703912916109708,0.2532708878986644,0.2766743587599445,0.3298196890524006,0.3201106318910913,0.3085872798824031,0.2943621172626849,0.28107240969435604,0.2970220213369245,0.32775940375181856
losange,0.3323408101439652,0.29982659844216225,0.2766743587599445,0.25610161247428387,0.33711445459233375,0.34062433735669007,0.330498381548382,0.30867600952369084,0.2999300893832953,0.3023617923505312,0.31198605030689924
isoTrapezoid,0.2760076081835739,0.3198200078337887,0.3298196890524006,0.33711445459233375,0.2578404472661474,0.28485273387511845,0.2787998432009382,0.3243245316195726,0.3224771714951497,0.28718154678777646,0.3048904215379399
kite,0.2700721441491577,0.29770621359475724,0.3201106318910913,0.34062433735669,0.28485273387511845,0.26240059753300665,0.27213013388367846,0.31599347843515774,0.31198906113755304,0.30598389883471433,0.3316474902823136
rightKite,0.2635654605791346,0.29332112725494863,0.30858727988240314,0.330498381548382,0.2787998432009382,0.27213013388367846,0.2574514038473045,0.3083991375568535,0.3036716367519701,0.285569315563964,0.3195475173356709
rustedHinge,0.2965473201226039,0.280707907334911,0.29436211726268496,0.30867600952369084,0.3243245316195726,0.31599347843515774,0.3083991375568535,0.2628744761084419,0.26476597704418886,0.3078300078098797,0.3265301942473548
hinge,0.291172727682398,0.26816904962826615,0.2810724096943561,0.29993008938329535,0.3224771714951497,0.31198906113755304,0.3036716367519701,0.26476597704418886,0.25761605450983804,0.3008639584905216,0.3242534452733174
trapezoid,0.282688504363263,0.29963767617667864,0.2970220213369245,0.3023617923505312,0.28718154678777646,0.30598389883471433,0.2855693155639639,0.3078300078098797,0.3008639584905216,0.26188270754549725,0.2898753204014103
random,0.3147241121196163,0.33584290648380394,0.32775940375181856,0.3119860503068993,0.3048904215379399,0.3316474902823136,0.3195475173356709,0.32653019424735474,0.3242534452733174,0.2898753204014103,0.2701413071513321
