,square,rectangle,parallelogram,losange,isoTrapezoid,kite,rightKite,rustedHinge,hinge,trapezoid,random
square,0.11169311669454811,0.14967665732332805,0.16973362888463842,0.2013866989940483,0.15134235626821793,0.1463355837766172,0.14494353640884927,0.17455967961467145,0.16717863299211236,0.15689442719687932,0.2020817367865031
rectangle,0.14967665732332805,0.11546576707082498,0.13984463958092147,0.1820226621615534,0.19330623054618246,0.17763063258939665,0.17394504152542117,0.16489677606199643,0.15062288639684718,0.16961290940265195,0.22608551990506093
parallelogram,0.16973362888463842,0.13984463958092147,0.1253503605125212,0.15200861530448145,0.19744113824021584,0.1913380235716952,0.18280946028284423,0.17221206431274555,0.15819153545207698,0.1615334383101524,0.20806801468935504
losange,0.20138669899404832,0.18202266216155344,0.15200861530448145,0.14310801129830758,0.21239121375653464,0.21786711008551227,0.20804414979204475,0.19891604154865714,0.1884789127146391,0.17135529251445522,0.1965903939731287
isoTrapezoid,0.15134235626821793,0.19330623054618246,0.19744113824021584,0.21239121375653464,0.13658730729110224,0.162168681452103,0.15597813411153355,0.19809279976870767,0.19630329991096693,0.16086965682542134,0.1868513760637469
kite,0.14633558377661718,0.17763063258939665,0.1913380235716952,0.21786711008551227,0.162168681452103,0.1380090037633343,0.1492772393673286,0.19275811357721892,0.18673053731934147,0.18020482647602945,0.21530659289640142
rightKite,0.14494353640884924,0.1739450415254212,0.1828094602828442,0.20804414979204475,0.15597813411153355,0.1492772393673286,0.1378217896313061,0.18268595380659156,0.17873213126487128,0.162719399496249,0.20084198104068737
rustedHinge,0.17455967961467148,0.16489677606199643,0.17221206431274555,0.19891604154865714,0.19809279976870767,0.19275811357721895,0.18268595380659156,0.1428334892040365,0.1442176660926186,0.18100795835783495,0.21313292246292034
hinge,0.16717863299211239,0.15062288639684718,0.15819153545207698,0.1884789127146391,0.19630329991096693,0.18673053731934147,0.17873213126487125,0.1442176660926186,0.13552383763604012,0.1725843557211614,0.20940082414938832
trapezoid,0.15689442719687932,0.16961290940265195,0.1615334383101524,0.17135529251445525,0.16086965682542137,0.18020482647602945,0.162719399496249,0.18100795835783495,0.1725843557211614,0.13489521555835363,0.1673380828174508
random,0.2020817367865031,0.22608551990506093,0.20806801468935504,0.1965903939731287,0.18685137606374694,0.21530659289640142,0.20084198104068737,0.2131329224629204,0.20940082414938826,0.1673380828174508,0.1562985434526206
