,photo_face,photo_profil,photo_eyes,photo_face2,photo_walking,photo_standing,photo_hand,photo_legs,photo_bird,photo_butterfly,photo_girafe,photo_fish,photo_cherry,photo_tree,photo_flower,photo_carrot,photo_watch,photo_key,photo_truck,photo_velo,photo_road,photo_house,photo_mountain,photo_windmill,drawing_face,drawing_profil,drawing_eyes,drawing_face2,drawing_walking,drawing_standing,drawing_hand,drawing_legs,drawing_bird,drawing_butterfly,drawing_girafe,drawing_fish,drawing_cherry,drawing_tree,drawing_flower,drawing_carrot,drawing_watch,drawing_key,drawing_truck,drawing_velo,drawing_road,drawing_house,drawing_mountain,drawing_windmill,geo_face,geo_profil,geo_eyes,geo_face2,geo_walking,geo_standing,geo_hand,geo_legs,geo_bird,geo_butterfly,geo_girafe,geo_fish,geo_cherry,geo_tree,geo_flower,geo_carrot,geo_watch,geo_key,geo_truck,geo_velo,geo_road,geo_house,geo_mountain,geo_windmill,word_face,word_profil,word_eyes,word_face2,word_walking,word_standing,word_hand,word_legs,word_bird,word_butterfly,word_girafe,word_fish,word_cherry,word_tree,word_flower,word_carrot,word_watch,word_key,word_truck,word_velo,word_road,word_house,word_mountain,word_windmill
photo_face,0.0,230.4886093106728,248.52879333462556,246.1512360872832,219.4268974731332,213.5238437058854,209.04303556244727,201.64486907640705,228.0006588268351,242.59457017776026,248.3781078389305,227.391135002869,221.7166435852675,207.63876119451425,211.22018264176563,206.64426991215106,227.73150972532918,222.59491139697528,234.78584396169342,232.01878773901467,238.68218015702993,237.9938589637765,229.80106332988524,241.91375276632218,209.26309642925028,232.98229328534245,231.2963860303178,232.93206084413242,217.9448488386855,213.15218208882018,217.03612856746213,210.2696638477344,219.10844566350343,237.92067794936813,214.80103256469553,225.88511198881375,228.380275182127,214.3300672074027,218.41435587034792,205.39137462803032,200.95709153639896,224.18287332517468,233.2698681897,237.78497545322577,213.78129093621993,235.58007920634714,214.23087129776158,229.26078759100136,226.2881701646834,205.8461902409297,223.90804003259774,215.4020955992155,219.13064703681323,210.2952897086457,213.72137550616173,200.6524456103814,206.9590030374012,232.73993641633376,212.31077117946654,221.3821328279161,224.01755410495542,207.78501208707385,211.42257082079954,204.84005170359654,207.12719051861689,217.8676739560553,225.8611339687563,225.8167503641896,204.50425510211318,213.07955250777613,215.2498109733682,227.33689203674408,222.13087059577998,224.2011745658573,225.44933203230596,239.39404089542347,246.27980885526927,241.50189714905667,224.7648259376433,246.5185257190997,241.94808866464612,244.19061957883292,235.79440279588817,245.87234560327522,246.0248019102741,230.34939863797624,224.85615695315795,245.2858648539387,239.29859898549898,220.0532648934658,243.121936909113,220.61793197391125,229.1856803783193,243.8755850603949,259.128590329924,229.5511584083901
photo_profil,230.4886093106728,0.0,236.14797814570645,244.24160504871224,217.8181086875099,214.34676713407057,211.316083854135,209.43833000412621,220.86722340667615,224.991252059496,241.18903591083358,223.8185554281839,213.10321193740918,205.3017556707323,214.23344019045038,209.92301760446693,233.14591061586032,216.03690092592842,226.6166411365763,226.96027609343594,228.95430337305254,219.66356713460522,225.33987639036758,229.29754600312828,220.1873889493128,203.5264258441183,223.2221531690446,226.34556085551048,217.7612555944714,213.88045797429368,213.92439891991927,200.67124052314725,215.59267784299013,222.90440752360027,210.02067264544428,221.82629533585893,218.02413511895438,223.1468763801107,217.6833548267989,209.1370555680017,208.01099151556429,218.3585055279387,228.5887424111659,230.1781606393313,210.01599111206846,224.34875478150062,211.93748460430868,222.61312977517588,211.3640035594539,210.13565702820148,217.55817210461686,214.01026255300974,219.23589288052833,209.54162306198552,210.45477158797024,203.96678101990955,209.8704606292142,218.80964107951067,205.6000333801794,214.8404583844011,213.04872589461283,208.4520810944313,218.14371266190895,207.0847529357138,209.28621660160124,213.21405323552847,218.28907056435477,218.73271584477942,200.2757120164702,203.92237617455825,213.06411669913336,220.84244148758685,225.1857975899024,225.7611342096049,226.62878699866158,236.5044290172364,242.4140398522854,238.02284524748484,227.2583890721026,242.55605395806467,236.8407773224763,241.85724969137112,232.08749209338217,242.84282517844312,242.68396218629002,229.52150285373762,225.14891188140558,242.45877874592875,236.37328690147282,227.1162120942243,239.8598799493651,223.36653697141978,228.14484610283134,240.38086304464701,257.47375436851985,226.85865585260228
photo_eyes,248.52879333462556,236.14797814570645,0.0,252.71670872794982,231.1213076781516,229.50575370911926,227.22622831109018,226.7472126428348,215.8107982401497,218.77867329456268,242.3364193004604,215.09225547827424,228.55606841765606,227.04910552618898,230.34117348467922,221.84001744220083,248.42440435623988,212.00535106739275,218.78984524465218,221.2262489307157,196.83971713618016,244.09363561579426,218.12453307465447,241.4792046841003,226.82176974400616,237.50549067941728,209.6419744340027,226.6826197708003,235.70225615733986,228.3126685835369,230.4161279069898,226.61221613858072,213.7524613864207,222.49084168696805,229.48654671422275,216.68942308492123,218.49424765579806,232.06883071138594,235.60110601213816,223.44523230389285,220.71283617683574,213.58594577581115,219.98822980469646,222.64400542492433,206.89864713996286,212.73838620976602,211.3449784172071,238.366899167272,225.29334657766435,222.00758680742024,204.71936496277252,231.3579940461429,232.2921195114955,225.4547629263135,229.55816059501183,219.3339629095201,222.852909972755,223.7814274469813,220.0650876793634,210.27629115469645,231.99369650749182,218.65904753213755,229.28679643198504,219.11596376992279,221.41336482570176,208.39344391451826,213.49777103213242,208.4547772968395,221.5322615759669,227.4933909714903,212.5454024513959,237.681240956039,224.74529708316285,224.7260673386919,229.3337339422311,233.43006599175962,234.0629538573431,229.58201068815677,227.0108978230023,235.94133987941865,233.37903859288187,233.38432302825476,227.54398888692634,233.10450070471003,233.5507226336779,227.76570610034796,224.73774276018608,235.59511438529537,232.5059991855057,226.38751778698332,231.21502034126914,223.1084779259184,227.46725065566974,234.69005797236142,250.17117096721418,227.45022360411303
photo_face2,246.1512360872832,244.24160504871224,252.71670872794982,0.0,239.3544911295817,237.2159674436938,230.11641870800597,233.7223272076325,231.68186377526024,238.74846061347054,255.50960293288367,238.7949004473814,238.17405286890616,232.4879147862037,239.3206508019408,234.5070401425644,256.5660408210229,235.21146857552037,242.22756633877074,244.31217133595263,237.69654731289197,246.30673658769007,241.1125986798482,251.95834940906738,232.20466634903562,243.68931462526055,243.00618696234528,214.15526091070464,242.28840495542585,235.17894119698235,239.04816476456122,231.2026197286767,233.39782440111495,239.46334925739953,237.096079086192,240.83862114260725,236.9990099737209,241.52664848682002,241.41179674058358,234.8367633335714,231.04916164294428,237.95151000481818,244.9841902775975,245.75189606039035,228.13566163137605,239.82712859746354,230.76083148824927,245.52512457088204,233.67275334057135,232.70859557090083,238.28432833942082,237.2461338279014,238.79666145676495,232.81964180748835,236.24167511120373,230.2857694857573,234.38670855277803,234.84982611963693,230.90338481613855,231.70169432780952,240.26144099111997,230.8070988390397,238.80544940739955,232.03935695937307,233.19951049364207,232.80911294413482,235.86134981722145,236.19959430582054,227.89602382829102,232.52844805653882,228.52253695052852,244.8364690102,242.4277313140962,242.5452004768758,245.32238795586204,252.99622911020907,259.3763892002246,254.2195212283212,244.74650187569276,260.1361401133989,255.08897872609754,258.59484554797297,251.47162932992563,259.9109439945201,259.5424239835452,247.51204818251685,242.33022943186458,258.95310885133347,253.53190579304436,243.08116996344168,256.496128097389,240.8152086755367,246.9709901468298,257.39846701651766,272.1598351486922,245.90986289729702
photo_walking,219.4268974731332,217.8181086875099,231.1213076781516,239.3544911295817,0.0,175.51670249982666,185.31429163263542,166.76855026971853,191.48995769538195,211.32727607196077,220.34084253516522,192.46774062435497,179.45942618656025,179.3557632568494,172.7473608057554,168.50103916025606,199.9813606234218,184.8478074040789,199.83365813036292,198.97672933500405,210.3988076457405,219.20085807325157,190.39367926938584,215.95356358971677,184.61198006139043,207.84946549221914,193.41751928280226,205.71773036032064,168.51124041078788,183.42620412507648,184.29680341874965,175.68387931933677,182.05184286923745,200.92778795011216,170.80542247003964,186.7486859827218,197.56134794056405,184.68638207957105,194.41163913655203,168.61825085115765,167.44726393302918,186.84310440501815,197.701823307987,203.7435077806146,173.43438648872382,200.84404847787337,171.88352903513425,199.99325677592023,194.03235751059668,163.671127481992,185.35282536487972,181.05190694111337,177.3614731475004,172.6009139234692,180.78377979029497,161.56798634239232,165.5949679059183,196.48071402792354,165.7340200657645,180.28019193966296,180.44165471603793,161.9881772785834,180.63547681732075,164.78089142311055,165.23648910890424,177.0896343793738,187.36554221882986,189.02764359102278,166.00960194817833,185.93718009449043,178.05990724688246,197.02011785802662,183.55825889649145,186.73392504845253,190.01747919949386,204.94828211411823,209.8644882772868,203.9913575800915,187.25802536692424,210.69572257216606,205.74266424045135,209.0952842648408,197.98868030722826,210.4974975380957,209.51589431854939,192.6149285654842,186.4244074811337,208.68853279036966,203.26778244142383,182.4740216250238,206.0424042382495,181.87115043757885,190.80516299735,208.65027068241372,226.17742820452685,191.22306100301262
photo_standing,213.5238437058854,214.34676713407057,229.50575370911926,237.2159674436938,175.51670249982666,0.0,177.5227099971845,152.62820786902336,191.37271784905042,211.76079082412872,209.60485436319834,192.9315810678385,188.32821775502202,178.68285491847837,152.40679137790474,148.63197999060569,182.404860848581,181.75944965852472,198.9890614057943,199.61732312759185,209.3808621868222,215.2606854491254,194.13682233950243,206.69746554231133,185.06197537078572,205.25745922340064,191.8578557368467,202.46247852545565,180.68098836068592,156.7844182522447,172.6646783063766,167.7710652005664,179.95210327969951,189.83962798253657,163.32009496004062,186.6129841378603,191.5232623259523,179.62357172149493,177.14884280086784,145.27978128084405,155.6657460253359,183.01466520778592,196.27493379151403,206.72493530572228,166.5683459919427,199.84206143575514,171.0379806555613,186.07522192740353,183.78627819876837,145.60527671118427,181.566094617148,157.58908210372104,176.62920667206592,154.08374277422618,170.35906790909934,148.85511171988912,152.0631713568591,189.88977602593852,156.2247993480741,178.6485376031464,179.04675863892217,159.13988347697867,162.70530181521738,143.82933088383527,146.92363674481987,172.19513320823123,185.4177431588929,187.53520798678423,162.03684651398578,177.51471653960118,169.77877792894694,182.02253461645006,178.17119569919475,182.28378060835362,185.46858449418337,200.9216824990707,207.0713196506709,200.651306305796,182.85122780170062,207.30946293599342,202.49406979085964,204.59841220413722,194.75147402296022,207.02206614524184,206.56822659577116,189.1699397376965,181.89778413646596,206.01150665999654,199.9510598756443,177.99169498601063,202.9804745484436,176.11092978868803,187.0625333718398,205.13825095806084,223.10639869693483,187.24184738958365
photo_hand,209.04303556244727,211.316083854135,227.22622831109018,230.11641870800597,185.31429163263542,177.5227099971845,0.0,172.02674072200574,199.2380925616988,211.32198864819662,222.19705153305603,192.95866389696735,186.72654465763227,178.65451542712717,179.7483693713216,171.67736920168423,199.9867461072738,188.7860557117106,206.68676027410513,201.51602137768046,209.8212815613645,209.2092460249062,200.99915648505393,212.60535197429172,196.71316973861985,205.09725593692463,197.1279837402214,206.23831227699665,189.32256757677098,180.94579403672418,181.80715431344362,180.0473429963323,192.19269162144002,206.07572635948932,181.76470782199237,192.5438652546198,194.70763426923438,190.3791586207191,191.11722306439142,172.70987780993846,169.76751456881678,191.83774280683534,200.75879664086307,208.5979877681545,178.42077893741754,204.21507090149817,180.80834322097311,198.58003170277183,197.63611443268556,173.66183367023044,187.7150524451136,185.6630853181276,189.99257388050214,180.23915307072772,176.958881769787,164.65483251215716,174.09776772947927,197.03024747946318,174.92933323912763,187.46914730070117,189.0277140230858,174.31517351052344,185.51152714390972,168.68896172109862,172.42940954222976,184.04879716561544,194.49433834649102,193.2030743720145,174.36547504768762,184.00966983475152,183.23065479601206,196.2323804212977,191.45632834151039,190.28363198313681,194.96615394846845,209.0559397456947,214.88257497766267,208.54466762609775,191.84818522038393,214.85862602442091,210.89009982072875,212.66798094638574,202.12303829714395,214.64621979068744,214.7735621065131,196.65668803648518,190.98715893230445,213.43577904628967,208.34409290349652,190.6483030829643,210.97693187141329,188.2033269447864,195.23715870238948,213.85456311264687,229.83707348872258,195.29495460970296
photo_legs,201.64486907640705,209.43833000412621,226.7472126428348,233.7223272076325,166.76855026971853,152.62820786902336,172.02674072200574,0.0,189.22823282192434,208.30689623647592,211.69869693427654,188.60303013933094,181.49911591417975,170.93667900647299,156.1006086852812,150.29822474374538,181.90450782304194,179.60915764793074,198.54323516049595,196.74231766158275,207.08695076889046,209.48639699392453,193.10589034213348,206.58260576286133,177.9257695042732,200.85113484471657,188.195500060878,201.96478900024488,171.0846288946036,163.06188392352925,170.0331598315172,163.4561050869405,178.17939138636785,195.45059490417813,169.90282356938627,184.55288314877424,189.90585374557273,173.49916411466478,180.1017231748719,149.4022170884145,147.9198779633154,181.19196729247193,196.41227328432137,203.59913828363608,165.20772776864544,197.86181687455237,169.25349278736812,187.8856691311358,182.70981635212468,140.41773877336823,178.67659501963135,161.61419740426544,170.05965102241703,155.36342262672872,168.27412340139296,138.01371601366242,143.47931163092753,190.10897475657654,160.96551274151602,175.94362587976354,172.47812975483572,155.39602230692586,164.49361832889207,146.12456134697322,148.82611228707927,170.92287000413222,184.70503449405416,184.8280049053073,158.8147519774261,171.220606772626,169.66789830312416,183.89727537296997,176.57451112209023,179.33080203515527,182.82604725265728,198.7668464667557,204.09457797477287,198.0099245090197,180.38502427612644,204.6409908795549,199.9998354005719,202.59674842935794,191.79028503705683,204.74519366652808,203.76454968813525,186.66751516679042,179.5458320821741,202.83334190310615,197.51564874087993,174.36266011293625,200.5104013730549,174.4577707182784,184.4310108760198,202.97682980203695,221.41741906467686,184.55057862981536
photo_bird,228.0006588268351,220.86722340667615,215.8107982401497,231.68186377526024,191.48995769538195,191.37271784905042,199.2380925616988,189.22823282192434,0.0,196.44177001973165,210.10267125625094,175.11837350874842,198.13039488957315,190.63583334578146,189.21549884017577,179.8648151361343,204.60428178389424,159.98570317994893,187.35650847545799,188.33821615830104,196.06671166897758,221.99183362177703,192.7556813643294,220.15852291460408,190.7134822904666,208.6655437865859,177.55725195246364,195.03803479588575,198.8098694987303,187.90818214199197,193.13368171478268,188.5860122729214,156.585645243255,199.90428689056588,186.45220545641038,174.87351522437868,196.20435471831325,194.7990496878754,195.77474225679848,180.55728062841106,175.57131321524452,163.43949113903386,189.9068635682064,194.64162579684717,154.92104380297397,188.8967490283321,163.36311654611737,205.44293223067248,195.9302961812522,176.45578672063488,167.63470706580108,187.52898012603973,194.23352750002766,184.8539206609274,191.85630933725247,175.32047243919553,174.36987382537177,193.31563181452478,174.77221251007845,164.7735697794466,196.56652750154993,173.81450146446784,184.72089048079982,174.88212491168667,170.79929796623676,153.10325437261628,178.82648452807453,177.7409979935756,180.51383256796427,189.43752934546382,174.90978900232653,202.08207188367635,175.09168831155972,177.46545340359796,180.20343934991382,187.85984212557796,196.39312104751448,188.47891093739688,177.953202300696,196.1654821208245,189.90514722455023,193.85559836844422,184.67130776318805,195.59366962941843,194.5384883158097,181.759642241678,175.3789119904501,194.3003373641182,187.22564799979895,176.7968016095476,191.69826988924086,173.0447176214123,181.3394210148104,191.40341249047958,213.27992763183894,179.2474273380812
photo_butterfly,242.59457017776026,224.991252059496,218.77867329456268,238.74846061347054,211.32727607196077,211.76079082412872,211.32198864819662,208.30689623647592,196.44177001973165,0.0,229.61923144523968,205.8353395424489,208.06380588227816,207.41839038256057,213.48894935653206,207.79819950739477,232.0652796555172,198.73702561394933,206.5523264602938,206.45923144477467,200.26186529107207,226.0352427092364,210.29297911693467,222.36564337555404,213.2344267732088,215.79383672177383,204.64563343886465,195.62530943487693,211.0649000284235,210.02245129800255,213.04107780863418,204.5733419027835,193.15457709328928,193.7339153222142,210.53049054068697,205.63396075797536,202.86526013363002,218.1309775543165,216.62741611265778,207.52703128766146,202.32160629048735,201.24667559917782,206.79948823595709,210.1364838998485,187.929303037267,201.6352875087677,194.23053760867433,210.24598658659136,204.8383328640427,205.24473791479355,200.1272606526911,211.3389136547583,209.95373282031593,201.1660988032361,209.0620360199382,201.29011323252416,205.144087132215,199.20814978585048,198.76306108006725,196.45099964095866,216.1494627214911,201.0740468222908,212.99260712829158,202.682751470026,204.62483380104527,195.37022751247463,200.10371071309086,198.15667639538628,201.51064655647355,208.76175265631153,192.29771391197144,212.25541333989713,211.16923277371404,210.8055845072814,214.73552853578866,221.41177887537444,227.6356386285004,222.40785883913242,213.03679286916537,227.85133910559412,223.3503502091342,226.88700641118257,217.23123381513386,228.1586581705179,227.1337189118386,214.819188049613,211.1387176812082,226.66413104607588,220.77721418458142,211.53634296399107,224.25482337031755,209.58795405124238,215.34758047649808,225.40706937526116,242.88458422940067,214.09699789174502
photo_girafe,248.3781078389305,241.18903591083358,242.3364193004604,255.50960293288367,220.34084253516522,209.60485436319834,222.19705153305603,211.69869693427654,210.10267125625094,229.61923144523968,0.0,219.4197299882271,224.12203463850958,215.5721697478386,209.85671012354982,206.25516936820551,231.00663133294148,204.4534743558046,215.8471014589059,224.92340281356857,224.13333147516494,235.4698357107651,223.83758702580775,233.4160962472319,218.4415528160691,232.0642627919527,216.26706587681454,226.82964731383439,222.18188853540886,212.36304238646932,213.9055223307573,209.8876200213357,212.61510053306048,217.82649685035628,205.90025281608052,216.64307476749568,218.94516458314212,221.65648273398014,223.06815477719832,206.48641981050886,205.89215385714485,209.3591200987926,218.2836412738251,227.29781517279457,199.60496620550052,221.3655776570423,205.68540471451115,222.6089950528868,213.70206413388627,203.83247384191947,209.34722396002707,206.8982377833344,218.72343975384726,206.0043639719631,212.9079639125844,200.88551100122055,210.7630988196719,220.89867104673786,195.3712236875119,207.53512641151514,216.7762407348851,205.8983824961701,209.1988811284789,202.1824592680187,204.89567838608173,200.51258426405633,207.2006034971223,211.04368795416906,203.88888970766914,213.39063537639066,202.68892129097208,217.77480926979217,217.20318997725593,217.14283628801303,221.12827736761287,229.50825638779784,233.46149102228983,227.8281103469282,218.57209479132203,234.45765484414858,230.3218228275654,230.75381340411042,225.1227387988319,233.6194230932694,232.63684579864852,222.5176612928429,217.1385939903902,232.1444668302958,227.67583129240649,216.76393885051542,229.77284229442242,215.24017462293722,220.98849010298372,231.69991699975043,248.31861977637206,220.26886938128672
photo_fish,227.391135002869,223.8185554281839,215.09225547827424,238.7949004473814,192.46774062435497,192.9315810678385,192.95866389696735,188.60303013933094,175.11837350874842,205.8353395424489,219.4197299882271,0.0,197.71085083028672,190.58222666908964,189.94568658591865,177.51356011137912,205.43880675484482,159.0759511598242,183.6542942756789,183.76422076955328,195.7634681227431,222.36360592653224,190.12976623651832,220.2902668135436,196.2340840992122,211.16362444264485,164.0103435930543,201.79520199793475,201.8105941791464,190.27806964527304,193.28520864332324,193.34075326493303,173.70568133515442,202.21264367597553,189.26108054244767,157.7428427300499,193.79059049345875,196.3044378475865,198.97646451152642,179.87893970081518,174.2659204910316,160.2884077424762,176.59831363793074,191.85091523384,150.12226135919667,190.46900261239142,158.20094980711684,209.77207462298605,198.2639656158707,175.1644360354889,158.3916493242179,189.4898898159996,199.46663640126744,188.96462082292976,196.2875534394173,176.56036703341115,175.37074990725066,197.80541300535015,177.01803329098723,147.73810053034427,196.51877155403199,174.93891525737357,188.75784924352493,175.65739566979465,172.24946855994784,154.3120992773176,170.7161218766563,175.7896999174873,181.8571146005371,191.6851313998307,170.92112251743336,207.4084557042102,174.72938627052648,175.3710637582788,178.80310789124226,186.0524972780657,188.8832731260642,182.96421480703873,176.4986811969449,189.56909797577018,182.7836572060239,189.9009467168041,181.79147075258308,191.21724654262547,187.35541591851225,179.73730764778819,174.8304433520639,186.88608840494496,182.97274090521,175.92229258706325,184.60845892151377,172.68422830730358,179.85142382449004,188.32929744181155,207.53172717114936,177.32117352953446
photo_cherry,221.7166435852675,213.10321193740918,228.55606841765606,238.17405286890616,179.45942618656025,188.32821775502202,186.72654465763227,181.49911591417975,198.13039488957315,208.06380588227816,224.12203463850958,197.71085083028672,0.0,177.61637574414726,187.49464178514796,178.5945329735475,208.1660197614316,188.8794040648212,201.62472440683086,199.78736154214548,213.7062240021724,215.7404201405996,193.14350707799673,216.5871413897153,195.66304689994413,207.92555735462793,197.7242019240243,211.24115650735587,185.69494374697274,191.69655085985798,190.39134491542185,178.89194659127776,188.7896921012752,203.78378979988094,181.52850278652625,192.25448615948983,194.1648109275337,193.29279714022408,202.1021299521965,177.35726556139315,175.98077478912077,192.6302517239513,197.38006110434623,206.50698123331156,181.67894875545406,200.9040670715244,177.75869640682896,200.90201579714252,198.72654741722098,181.4045253170352,191.04110116537558,192.69348922449166,188.66422049134735,184.6273759338984,187.47116013926998,170.12552918369255,178.4152437806574,195.56691513488704,173.89289247799613,188.12715854434853,186.08086397054,173.28557454015458,189.4773134813831,174.55288452010038,178.14012926088975,184.23842491959823,192.08613499663807,192.11485224988195,169.70461116302553,186.3060391662559,183.12871384250207,198.8720541816572,193.2372960338152,193.4099762508815,196.6361895012039,211.52544075844605,214.80388137937075,209.52510801881405,194.58587632597667,215.8955497227145,211.32231011912597,215.1183556549599,203.87147952060303,215.61520166044883,215.91900951711594,198.76802163783427,193.407812673864,214.74662867676815,209.09138227821433,191.56160458269687,212.34955093468452,191.3442946313048,197.19504731815704,214.39583703091284,232.69289289439158,196.29433323413468
photo_tree,207.63876119451425,205.3017556707323,227.04910552618898,232.4879147862037,179.3557632568494,178.68285491847837,178.65451542712717,170.93667900647299,190.63583334578146,207.41839038256057,215.5721697478386,190.58222666908964,177.61637574414726,0.0,176.95927389747547,164.5962331559562,190.0920222527494,182.97134152215114,198.9588526616115,196.92979088827403,205.77339284446032,204.32921585984943,183.71411683002714,205.42077664630077,186.05380376717744,201.78448694580797,193.7007166941063,202.5801646553692,176.87758345290723,175.98938132550612,183.6415757187382,167.964922565004,181.3938678325504,199.23589281925703,172.1622181799017,186.42424972956607,190.40759700821263,172.10839133813758,193.38317186616888,164.98787003752267,161.6537913835923,185.55836276405952,195.4117066132186,202.5704042823914,174.5561606811422,198.1985866566548,170.93425444724053,192.31313956202172,191.16630100038566,166.9600874851814,185.9688050708157,183.7687834665559,179.24417581251572,172.41923697885215,172.16585046692137,158.32213309313272,168.22253543841637,192.16458328080674,168.02497363533018,182.3116272681034,177.64539914476288,159.56486612169212,177.5151907536024,162.6011271182173,163.74648952026558,177.7264259630088,187.06574930068442,189.5751951161344,162.0052471259316,172.54706446586525,178.10724651141308,189.2334455310785,184.61329513098414,186.66766811705625,190.19058051898494,205.64855255072024,210.99300154344175,205.69333302397666,187.56634792985986,212.02812205832888,206.08392281748453,209.70932874799817,198.22456852160212,211.1580291865707,210.26823368783658,192.96936962190796,187.21261723129246,209.8068807759244,204.79307958888091,183.73788840006534,207.1847478259785,182.60085114838634,191.7024182675956,209.5145572130442,227.64379077144034,192.36692948621805
photo_flower,211.22018264176563,214.23344019045038,230.34117348467922,239.3206508019408,172.7473608057554,152.40679137790474,179.7483693713216,156.1006086852812,189.21549884017577,213.48894935653206,209.85671012354982,189.94568658591865,187.49464178514796,176.95927389747547,0.0,137.0778573546259,177.34694525363173,179.33199363587985,196.39931120474262,198.63462343090492,209.34615167585292,216.41679829144886,195.7076091635513,215.9636386332358,181.01605692554583,203.76886641590787,189.31766958586647,202.96252093138898,180.72452794581645,161.14680260187498,169.6080399240945,170.3046753099101,177.8847752788431,193.93641009669503,162.2426528324317,183.62269713841263,192.43171748527635,172.45079001938635,174.54901446452288,136.3376844039751,153.94375269707325,181.086318523673,193.97928331544045,205.64975566526707,161.74753945283467,200.82039795024633,167.78137011738988,196.69764208267378,181.03877088858684,140.01132636542582,179.1998952303566,159.7483458008329,177.42136729964307,157.94253474474033,171.9987358711543,149.0479819372008,150.447440987653,191.43460516874816,153.41114289416416,175.07333273401662,177.1315183133903,149.08311788640853,152.7651867955362,130.91824688224986,138.02728004622958,169.04644629017469,181.87455504642227,186.9719899648161,154.59544169031753,174.96635150499407,167.35603313916747,190.51019942790947,175.12864652639465,179.10526487087924,182.1911964677597,197.76811035597882,204.08710635990084,197.46598238828082,179.99264879457587,204.73956272720096,199.19202744898638,202.61438642586148,191.6148189223248,204.3418839533829,203.76065014205852,184.93218719766028,178.67700929810428,203.28325168578587,196.748509861521,174.30145968373293,200.28729694512248,173.2021154881247,183.86174939411003,201.95736165553316,219.85100846566615,184.15826001564463
photo_carrot,206.64426991215106,209.92301760446693,221.84001744220083,234.5070401425644,168.50103916025606,148.63197999060569,171.67736920168423,150.29822474374538,179.8648151361343,207.79819950739477,206.25516936820551,177.51356011137912,178.5945329735475,164.5962331559562,137.0778573546259,0.0,165.9051135432564,167.5542072447753,189.81523500376935,191.06203698479823,203.38207102374994,212.6988731445042,183.19011667829994,210.38141546316268,175.45898930765412,201.52318002460015,178.7722879796367,198.49130731067007,173.79382383406548,148.69580297394,163.69758108291302,164.14214965616637,170.04066823810055,189.77980334864964,155.52637133674796,175.1573613960093,186.28822263705047,163.60904073903373,171.13908672362305,105.52457208580489,143.3353914092983,169.98661484473132,185.79395271776693,198.6441039265125,152.50326939079346,191.94537119413025,157.2815970020827,193.39933636443163,182.17534127708797,131.3114275044134,167.31977421177217,157.59713807349098,167.36853403740895,146.59289878062313,164.54039679303446,134.9345233535159,139.02326069024787,185.04904648959962,143.86006370100182,166.92477486621078,162.27222546289144,135.89945640220952,146.93681249453795,106.34220543940117,121.85093566005236,157.15014589264266,174.1251078518577,178.263469379022,151.72695428773264,166.79674562283944,160.9241035158514,185.68510583286943,164.05554430372572,168.83402638997705,172.05354218536598,189.27067577180625,194.449786098405,187.88016412160172,168.78930630096488,195.23919594205904,190.3021656667408,193.23094126422242,182.2744554188161,194.6402021828256,194.48025131151203,175.87425762566136,167.69741164334124,194.27454256866483,187.44533848337915,164.71530838536327,190.57186835832283,161.75495048306993,173.6502112289613,193.09044918037497,212.09600591526805,173.8859148255815
photo_watch,227.73150972532918,233.14591061586032,248.42440435623988,256.5660408210229,199.9813606234218,182.404860848581,199.9867461072738,181.90450782304194,204.60428178389424,232.0652796555172,231.00663133294148,205.43880675484482,208.1660197614316,190.0920222527494,177.34694525363173,165.9051135432564,0.0,198.60432797836617,216.47865710182347,216.0876983174775,229.03792719631593,233.05182982091603,207.5135314477757,230.70107404982252,198.13866436295714,223.264601770259,207.98959373265407,222.032137245148,195.91623107986732,177.52551038813198,191.74286494932974,190.2908440045199,194.83688199089445,219.65625533582627,185.738322638732,200.0340273457186,211.46208730708256,187.2591276701841,197.48049490943257,161.88438277129256,160.0940637882689,198.8123940747101,212.5888338573019,222.01231609358476,185.71289802675108,215.94202196824256,185.562323641659,212.08844815516878,209.09921418946746,166.58380334096432,199.27715244328198,189.8682514411327,195.38200297468677,179.0334403881761,190.78408973399323,164.09919641559074,172.89579784662888,213.60767040333846,182.11397441050133,194.31301046877752,192.52288345809296,172.01533624592798,178.7631771274683,164.96355765343654,158.21247867171502,189.35630289593345,204.92755754176017,206.00017850548667,183.83301557784944,189.93883744624796,193.1771261096252,203.7727250505702,191.87509413169576,196.8917135220788,199.43827412421882,213.18773078581413,219.93391145660294,214.04559383128895,196.83024976273342,220.34264036757295,215.49503057143752,217.9367745496064,207.51932204817666,219.3378672704153,218.6346542772678,202.59893739095784,196.85272007635814,218.8263508672458,212.59805172355513,190.88669877984876,216.01050866260425,190.21968596230536,201.03919130220675,216.42828468810973,234.21514670511036,201.24463118060004
photo_key,222.59491139697528,216.03690092592842,212.00535106739275,235.21146857552037,184.8478074040789,181.75944965852472,188.7860557117106,179.60915764793074,159.98570317994893,198.73702561394933,204.4534743558046,159.0759511598242,188.8794040648212,182.97134152215114,179.33199363587985,167.5542072447753,198.60432797836617,0.0,170.84290301717385,177.61529100428865,190.82478305843026,215.92997666594772,181.89988642565504,214.4835551009389,185.04677892123675,198.9119547082723,146.51193968421387,193.58180644163937,192.0360094442901,179.67965424481784,181.39349750473048,181.05884709945823,158.30152488994057,192.57679893031198,177.92952104031983,156.31329663639545,183.51629544543547,187.44347121760796,187.492251498817,167.491771896372,165.04942033977514,116.35060709004469,171.01063640498745,182.81281333674804,137.28239107977015,178.08914225234872,142.23074551226048,199.02990130916007,182.6005168942327,162.23811583093678,136.44438053326925,175.9013088883975,188.47072268204957,177.64128963358414,180.39732045867652,161.73229289743446,157.13538897773972,186.60281315436882,160.8418278405863,143.63610109148848,183.69705481052227,161.44008201054802,174.4788935873311,160.4649884804106,157.5168770324376,110.05415122524722,153.86083245109344,163.11845726167596,166.41548390962618,177.1705065489947,158.93419043457115,194.19198312026305,157.5936203756796,154.59002989570456,158.80099262776585,167.36614346080307,168.04398610219735,159.91518094069926,157.07598151558733,171.16007720967448,163.65515334114832,171.06198455281844,162.95759151015017,171.04460133612156,165.92828201022158,159.42533970667688,154.57221173525113,164.34706060196308,162.34769874509334,158.14168047314723,161.86431880494018,153.77730472273058,159.22445961618152,167.67576350946342,192.15681843318535,156.819853277123
photo_truck,234.78584396169342,226.6166411365763,218.78984524465218,242.22756633877074,199.83365813036292,198.9890614057943,206.68676027410513,198.54323516049595,187.35650847545799,206.5523264602938,215.8471014589059,183.6542942756789,201.62472440683086,198.9588526616115,196.39931120474262,189.81523500376935,216.47865710182347,170.84290301717385,0.0,187.6062885011763,197.12266289918333,221.49602635404943,192.11515156094575,221.57635773935178,195.11168649155283,210.02716591310678,178.87040951052134,197.4901665986431,205.0215091843578,195.08140573961754,194.94678508115484,193.29913903406808,179.4962190347926,198.01948820255717,195.4985605106947,176.42712246190712,193.8687077726664,202.35037476106172,204.7619684708134,187.2357057081855,183.8902167999749,172.34473363034866,161.92748865999894,187.27488982005954,166.10717707404643,184.13819203489223,163.7438914419521,205.86925476469935,189.3101091261662,183.94825547190553,174.55701400721455,191.82204656724443,197.82559920479636,189.4668296739592,198.39651753095873,182.53903887884962,185.47921651253898,197.8342063406841,182.61115062120527,161.334772464313,197.2370636541,178.3101364527149,194.5191159423879,183.2919857912709,183.92587383474176,166.73542573953782,140.1042845604682,166.59133755087163,183.43522578143595,192.9978894016823,175.00483410976597,203.359682781131,189.65538914625787,189.2525986318315,192.7746632382464,200.3494816835788,199.62593579865162,193.91782535202165,190.37998273976913,201.54446982453084,197.443680940802,201.05652579493892,197.02835941536264,200.16786662342784,200.55156150987565,194.4110718094864,188.8148279482296,200.3657266655117,197.48085600908914,189.61682035746554,196.43149365918066,187.3756259314944,193.63469911505274,201.36629665047857,217.15114894970935,191.62051024207014
photo_velo,232.01878773901467,226.96027609343594,221.2262489307157,244.31217133595263,198.97672933500405,199.61732312759185,201.51602137768046,196.74231766158275,188.33821615830104,206.45923144477467,224.92340281356857,183.76422076955328,199.78736154214548,196.92979088827403,198.63462343090492,191.06203698479823,216.0876983174775,177.61529100428865,187.6062885011763,0.0,204.15190367891609,224.71526100851483,192.2025335366784,221.50015164469528,192.4216952944136,213.58127823612793,184.6358769418615,203.36021296160436,202.29215474489223,198.10040656748748,200.36676678534283,196.4194000171375,182.0872097494665,205.13606958393507,197.0460960739742,176.64663376716302,195.37934019191354,199.8188457303935,206.33858026144102,189.84408733418812,183.06084832793647,180.00784509873813,181.5964834180068,165.4583422438853,169.48580384229464,191.61490696847466,168.01432413959625,205.58539345306,198.00623469630824,186.8227170904317,176.25557255538436,197.32628856866887,197.71462811962004,191.97365413041217,197.51571567136162,184.92139444313344,188.2947068010253,206.22352928666407,186.89447927165287,171.630206251763,201.9302338691633,182.47479591394176,195.8515622342468,185.55628143028594,185.89748996944883,173.12399364477017,175.32553354108083,155.98111870330635,185.75189761402723,194.21802041537194,174.58055586698424,204.74040018020273,189.6415996309212,188.9191254105462,192.0514035827421,202.26258140535384,206.65050798776352,200.2790550920146,190.11930526046694,204.81429274900617,200.8273866206537,205.03039128950942,196.43489393142954,206.49468358294175,204.36506935287855,194.48698612471253,190.88144051717197,202.76518183945234,199.22089430702044,190.503525015453,200.91943981918453,186.4085160310818,193.86263145864785,203.06861116119478,222.10106111844655,193.11544102688558
photo_road,238.68218015702993,228.95430337305254,196.83971713618016,237.69654731289197,210.3988076457405,209.3808621868222,209.8212815613645,207.08695076889046,196.06671166897758,200.26186529107207,224.13333147516494,195.7634681227431,213.7062240021724,205.77339284446032,209.34615167585292,203.38207102374994,229.03792719631593,190.82478305843026,197.12266289918333,204.15190367891609,0.0,223.71741647453115,196.49600480311474,218.49045490924226,209.00893850063954,223.38129517243615,200.17837513383498,207.28491919688148,216.0051252279242,207.85414944725002,210.91441915958748,206.5026726988469,194.35339212747238,200.8803534958715,209.4378145196958,197.4398201686242,200.33227976301782,213.42685387397364,214.55384594699728,204.69982899767666,200.38042989630515,195.35822743102852,201.79452385750844,204.1827034348429,178.04815177346475,195.34453384835376,190.1617746894743,217.16558951252216,205.11259323733532,201.90145901380018,196.51072925344684,209.4885015253308,211.3708110834141,205.53243536148858,210.74200737257456,200.56184598497066,202.162696096938,203.2822751351669,200.75430143536263,188.05415189031274,213.03610021668987,196.95466123674998,206.92607880280232,200.34654671227585,200.04290603485933,190.4368719456292,192.17686701684707,191.69019786527798,199.3593294213077,208.5875054531393,190.0812484120488,217.53010461329546,209.32112255371499,209.60895306134384,212.7714199200905,218.29154920495193,221.1695677500103,214.91752236758538,211.30762844267778,221.75537200972386,219.13213407165938,218.5111910073307,216.4578987905314,221.1526923750833,220.5630803074838,213.845862835797,209.92553115521645,221.0079212002785,216.701232035157,209.74358074857432,217.74354673567188,207.2721406371009,214.27147614575395,220.8211795887939,236.6114628499371,212.29199369174685
