,photo_face,photo_profil,photo_eyes,photo_face2,photo_walking,photo_standing,photo_hand,photo_legs,photo_bird,photo_butterfly,photo_girafe,photo_fish,photo_cherry,photo_tree,photo_flower,photo_carrot,photo_watch,photo_key,photo_truck,photo_velo,photo_road,photo_house,photo_mountain,photo_windmill,drawing_face,drawing_profil,drawing_eyes,drawing_face2,drawing_walking,drawing_standing,drawing_hand,drawing_legs,drawing_bird,drawing_butterfly,drawing_girafe,drawing_fish,drawing_cherry,drawing_tree,drawing_flower,drawing_carrot,drawing_watch,drawing_key,drawing_truck,drawing_velo,drawing_road,drawing_house,drawing_mountain,drawing_windmill,geo_face,geo_profil,geo_eyes,geo_face2,geo_walking,geo_standing,geo_hand,geo_legs,geo_bird,geo_butterfly,geo_girafe,geo_fish,geo_cherry,geo_tree,geo_flower,geo_carrot,geo_watch,geo_key,geo_truck,geo_velo,geo_road,geo_house,geo_mountain,geo_windmill,word_face,word_profil,word_eyes,word_face2,word_walking,word_standing,word_hand,word_legs,word_bird,word_butterfly,word_girafe,word_fish,word_cherry,word_tree,word_flower,word_carrot,word_watch,word_key,word_truck,word_velo,word_road,word_house,word_mountain,word_windmill
photo_face,0.0,183.7853922103601,209.64251820046582,190.1530461413504,213.11656624512506,214.58699560927982,201.3625786425921,196.65409215394206,247.6087392599775,260.8622594270275,260.1118099771414,245.991655949274,234.81866306751039,202.0154042281775,230.13659324647023,224.89533326203448,223.5690340043538,230.4667903345895,249.10743458795528,232.42003960753166,260.98574666568396,235.13461131370047,232.4243581366333,232.54978442588708,192.64923602294058,205.49160850227997,211.94074875068375,201.08429796416524,216.9562732635973,211.88293112383096,217.59184676495727,212.8126054727653,221.0773861666312,233.3020622105954,219.9928689840694,217.92786910639973,231.42797924375614,205.4372587706811,213.83545862289208,216.61738737672013,204.54158716411163,230.63780296934252,222.32900453385318,236.3662033033607,214.11781668279107,223.62553467352157,221.65575671536968,209.7978418513173,216.47515281673216,211.9975889708239,223.4662977478779,219.14702013006556,207.97760391369835,210.4002507382926,210.27346400112305,199.77189835150912,214.15384187708918,216.9120531187417,230.64382871177116,217.10475522658112,221.13707921600115,209.63610171353977,211.78264981629206,210.9199067983991,207.14322782802094,224.8943763339832,221.96979857785587,221.85554166842624,207.0425883996029,209.7969132330086,213.05169753096206,209.36093832077694,216.75229759537234,218.90194761918727,222.03161543842273,222.58960839307093,229.40743986580142,231.81317005893303,217.44163774396532,232.45264002022424,233.46148055914955,225.5030651580845,218.31722750029775,233.9466260342167,222.51497131096176,225.7328242637043,218.79664382084354,223.04207838885046,224.78810938873625,216.6371969713848,226.74969121415324,220.3059016552297,222.45344941201716,225.97397548048468,237.55288372808033,220.47761135071042
photo_profil,183.7853922103601,0.0,217.07349242088398,222.95982585319072,216.0274048702348,225.92242565676244,215.29218893870478,214.12665109404563,255.18109884971395,263.6066611775339,262.82844022628956,250.71290838934667,238.0709442016156,216.01364171659444,244.30429836380088,242.6744672256253,240.62222806142805,234.20258497865882,246.96540455340377,237.51308901661807,257.95205971490867,235.1065218812944,233.69037688904749,233.09882730752534,213.05193460010966,198.4788471266252,216.0193400745253,218.44207047405618,226.4017617095211,227.08095718504504,229.78002383968433,220.22348158930322,230.4821313034529,235.81778965961817,230.68551006497844,226.27973157271273,235.05093324906974,222.22390357015465,227.59171082191986,235.5306193630406,223.7731673571573,235.54646171714953,225.31838992868487,238.88616263966972,223.3517559734793,225.2224482152177,226.3799159166336,221.80813315525552,229.01272370733312,225.94928438307912,231.14639259497793,232.54200964922558,224.89925835808575,226.67145341656726,219.22863972776656,217.96934612489918,231.58206586913482,224.35534805459275,238.80556141437566,223.36964875031407,229.79976210603232,227.99596179228286,228.53970331397133,230.560975657868,226.67704647559893,232.51664118238838,224.0812635812855,225.74778081544386,215.25259805379088,221.37212854069782,219.9305497564197,219.32316856371668,229.24618270278575,229.03773219152444,232.6984204835457,228.43322531899238,231.96226148103065,234.77975581428296,228.25546538553482,236.66004110164948,238.7336720604197,230.53507161252585,227.42735456275562,238.37882497693107,227.8305634806772,234.83014014095102,228.61158390458988,228.3124711276868,230.5787161780333,228.4591858626924,231.45374394441768,232.17887152413277,231.63265268688284,232.09573590294468,240.16439556945278,230.32870258614906
photo_eyes,209.64251820046582,217.07349242088398,0.0,194.46312416439727,237.14955723359202,246.97217095511152,227.9511688456305,230.97404465456168,247.36580029910493,260.3322450366369,261.4440562602314,244.17836745255516,250.0417006449601,231.0261136956367,257.2046802521535,250.389838310204,255.79618054404983,227.0446610889323,237.6627883424894,238.76131012483472,234.71762204355198,245.3649434580693,234.0394273202806,241.71991096632343,218.9478252356049,216.4275150056086,186.9875762613266,204.5473236160479,241.62719931911369,241.40984215305303,241.68002581612848,232.49244369150398,228.64034310806127,231.74451145699746,241.70489927846563,219.74513931646217,235.75932674342056,233.11340535110966,237.1500487884977,243.69934204036457,232.07857746612578,227.05635010654944,220.10469826120013,238.1591491025065,217.8695166442731,219.89358474716917,220.7763851925548,230.5613425729158,224.90528047878541,235.58203819486317,218.8400848622358,236.00708974123077,237.2026202510241,235.317033173479,233.4751472347719,226.58409163907382,239.5414882407802,220.39385412964256,245.1311873523225,213.67911375704784,238.82676656197842,233.9674231997975,235.5058177829863,237.41517099989906,234.15300008775927,224.543199179783,217.13939501926583,222.64683514406613,225.21324527303545,229.5405063664789,222.67921967739773,229.7640002423977,225.8470019494265,226.4387355630904,228.5570053170682,222.32589746985366,222.00181795931204,225.44228778131043,223.55300274543544,228.29820841167037,230.55038462220736,220.96274200766453,223.45134587154402,227.77004120516273,218.32635445850963,230.67999671225536,224.41538461696788,221.60475261456483,223.32784266649205,225.272798688456,221.1708610315208,229.27922705763098,228.04591938019638,223.9787932020125,226.36570608927187,223.79824385023474
photo_face2,190.1530461413504,222.95982585319072,194.46312416439727,0.0,233.57876943315168,245.35429753672383,230.78361999439275,233.2774966356068,251.13479036408603,269.9656331582542,264.3880759209814,253.92241808142484,253.270037533995,234.8253168251746,257.53287799656835,253.4586087947999,255.82955660518024,240.69719056921292,253.51970411883588,245.9172646409513,254.27698853529623,246.3199294279186,243.2140192499544,245.9600523147248,208.67080808246507,224.29712205826638,221.67785365593807,201.90735698439482,239.961541384876,241.67478786255526,243.7174751883719,234.1708654711613,235.24469005503238,243.7258719884323,242.58549260655457,233.64173576108823,245.27357544055724,236.889183722073,238.85862732822312,247.80780047510274,236.05140990854827,241.6987243375318,235.1856485392326,247.12036676732984,230.3625950656749,233.6857330112244,234.94596863506277,234.69324067248007,231.9981386015541,238.9730294033778,236.5556910434987,239.80701015433036,237.92107235205125,238.38645394978178,237.47114120609902,231.88844489736806,242.35166515940705,233.71863103709094,249.03300155900573,229.40036043069293,242.93751316350517,239.14425204244944,239.1686235298768,241.94051949465484,239.12730388564097,237.69850399726585,232.3838803319828,234.27585722713152,228.54423611350342,235.435769910375,231.80486983542988,233.8704808726197,234.77678554153488,234.6439207717675,237.90748752286666,233.5023560838575,236.43472679323264,238.55563400981552,232.69993912938307,240.4572307736806,242.29522998447575,233.3829019590082,233.19569097686525,240.29574456638503,231.59580560446292,240.02748911353098,234.36520828567734,233.82938028657128,235.07524639284009,233.9109019164169,234.02912906280287,238.1656144892546,236.82169620680858,235.7153846278054,240.94287101868116,233.7239046089194
photo_walking,213.11656624512506,216.0274048702348,237.14955723359202,233.57876943315168,0.0,196.84737851993032,198.9512097929593,184.28580154488247,239.3610570965817,260.5298817759828,247.84436362854944,237.32190081026087,222.84745141756378,202.9765171059776,224.83611962460913,219.53351180434737,225.98414375039732,227.62651807409782,243.9121351376852,224.29907300278236,254.7312173164354,234.01591528563176,224.95494055918763,229.7974597013264,209.80600912369124,217.10436839148997,221.67309119163815,218.38219448548347,170.06094829680575,196.12476824129047,207.37758991262223,202.59537517079727,217.02530124186953,232.79210049830183,203.76387430056855,213.90769628493706,226.8288295580145,207.01321413471223,212.18410411069763,214.34190309399628,204.7708491807319,228.19118033704547,213.58038439495024,229.01328074672202,208.58123711723067,220.71151469829948,213.7805838427055,211.36315707262906,224.73148357874578,206.3514845506293,221.65026127909135,217.01691688630356,194.80642216788453,205.3697453013321,207.51893596991465,202.3953213854899,207.9686139591342,217.57520372888362,216.0594230364447,214.23937714147735,216.79571746796324,207.45408563111098,211.0215641211606,212.2502359328499,203.6626909246629,222.03078263624352,217.98215438204346,217.484849738263,204.5343046676179,215.51009485101733,210.96197228299607,209.36965569688078,212.78400496324522,215.38017309922725,219.44489456053915,218.88947911401746,225.26615110798903,227.70761933146758,212.74364215133926,229.41585248631011,230.67399159809554,222.94466060204604,216.978882604705,229.66488506591716,218.2828100106476,223.1079437547505,215.03220681115818,221.01278062333085,222.1707938112493,212.16016051069897,222.38933177551544,217.15617634203474,217.0326109549072,224.22657157250325,232.35848493349386,217.64837014111964
photo_standing,214.58699560927982,225.92242565676244,246.97217095511152,245.35429753672383,196.84737851993032,0.0,200.64979681155944,189.10255337869185,247.01520120050765,264.97005106305767,247.91340361566816,248.27136591061904,238.06383821575542,210.47167798817185,212.60760774305612,208.16527567549522,219.90016985993051,233.525213065112,248.57427118038427,233.63820605925915,255.66919583788024,241.46356966873665,237.34760426053253,233.5693849503282,217.75993491617322,226.78065717373923,230.51462188319888,226.1820665591946,198.29943860722864,176.14884165953816,201.68658572058743,208.4713834433693,222.83434814636868,238.07550178620548,207.8703500704639,222.3677796116802,229.37614439814516,208.4636985348432,206.89259927214488,205.72986988396084,204.26310484273432,232.9742397915894,225.06158790936547,239.26172323981987,212.28660548738173,226.2601436760014,223.68000484873417,211.38779489634936,222.13330013222082,200.07220929882908,226.62432058733657,208.52959698134978,195.0136673590186,196.55725207358986,209.69844753997353,199.96630086139868,204.1362080856504,220.78812923072076,216.3713762248357,221.5752400549144,224.01785306472576,205.47063953188078,203.28333174473678,201.39824982530712,200.1929166090035,226.44443544526118,226.16012229461057,222.91269721376662,206.568049995286,218.7679700295229,215.69881900588655,211.6249119016548,217.1726263266794,217.9889753238843,223.09705196662577,222.57816384000878,229.98733265281243,232.72450713384413,216.81488774109482,234.39783581492762,234.87788835713673,227.72843236669166,220.87986645709375,234.4049049001799,223.5981217164708,227.96642984433436,219.35738786921038,226.29893662662343,227.36239488982125,216.39097364136347,227.5342461639835,220.65282909369003,221.04315527029073,228.49890100307988,236.9795144784999,221.94918499199437
photo_hand,201.3625786425921,215.29218893870478,227.9511688456305,230.78361999439275,198.9512097929593,200.64979681155944,0.0,180.462161943839,239.7744805682195,249.7985723641417,248.17934863156677,232.9140712924994,216.09610319275248,187.73835923858562,217.28652309737652,209.43919784426507,215.3724215670274,215.76551160180927,237.93874407890078,221.92946085580604,251.43201484109386,228.28834951342134,221.68992559114199,219.46589924130723,206.58395586723762,211.97221658130613,212.94051876629072,211.7483783681819,202.85424718755132,198.6762055736887,155.30860440895964,179.72460028210017,213.10630541269248,222.11505222029822,205.27593666173846,201.50495248750656,215.91410991582939,194.9178277911135,203.0111952813193,197.75333678717305,189.2086705683466,218.2066126160734,209.11432473671692,227.29050259271514,199.1232919476176,214.5804714732901,208.49231593678252,199.835536740987,209.96018926963612,199.49902249129684,210.05053655209892,207.3283079333322,195.9840212797554,199.01829751839634,188.07138622525528,187.81735747986073,203.7087165695304,202.88301282058663,210.48995230153074,204.13679714201078,211.76985293734162,198.32878854559664,199.4549798960244,199.36273616370192,195.23219335187625,211.53798425038815,211.42443462228223,209.46353488419194,191.6987354717663,204.34268824879786,198.70240351470838,195.17038149797006,205.9307412017132,208.63629583717648,212.39785497185648,211.8754528084247,220.92109083358608,222.06885152911937,206.2636217269273,224.3479389020161,225.67473980468174,217.13101867218936,209.62239569243656,224.57997195865377,212.82410880906468,216.57707262638468,207.50905538855693,214.33312667256564,216.95679121272389,206.03514445240089,217.25823634577029,210.54957802070953,210.83016164133352,217.71537842629687,228.38406225089597,210.2601238424774
photo_legs,196.65409215394206,214.12665109404563,230.97404465456168,233.2774966356068,184.28580154488247,189.10255337869185,180.462161943839,0.0,232.9181621938068,249.61326592354703,242.65665844377386,234.44943172033732,217.36549364387957,176.6914657301261,199.05537675021563,185.1305837716157,200.5824146850815,214.95599691110982,237.38681962403595,218.7916801225524,250.92462969197493,227.330334672838,218.81877289932424,210.7611150167443,194.2946008384557,207.2437534632663,210.82769138796104,207.99518216950972,184.11770500679987,179.8400308142939,181.73971985525012,164.74764712737476,201.76924064307053,215.0875333657471,190.4562837200124,193.8235407258182,207.92253841420344,174.27668943554372,188.82735761062406,174.92519049910692,168.55054036766174,210.8667818025062,206.69702644044526,223.72730712092073,185.27967906074633,210.44693493408124,200.58718359969242,180.41135215867772,202.23663765147097,166.2323579308367,202.44269510394324,188.62364134161365,172.86335072239564,175.4878155843731,175.03718398996688,159.80007595363946,170.26395705375404,189.32693173952063,198.94057030280797,196.6630545253173,195.78858811595074,177.50689187684895,178.44588362120953,172.73100679278676,168.53802780565127,203.17485717423105,205.1319589487548,204.42822492049498,175.56706866191743,190.357167746578,189.13597275890604,179.82922125919384,197.00622175333797,202.9362029455683,204.4736430039732,205.74401056493576,215.35241063963485,216.85625276433166,198.82649945699998,219.2196937924259,219.0397052282832,212.15563766456555,202.97925498256086,219.62934719914622,207.06721657734624,211.43785185526247,199.93576169676425,209.0889270192802,210.76501606736736,196.29985469575934,210.8873688324583,201.292488474926,204.95629174551758,211.89108015138294,221.70609383348608,203.29857153919227
photo_bird,247.6087392599775,255.18109884971395,247.36580029910493,251.13479036408603,239.3610570965817,247.01520120050765,239.7744805682195,232.9181621938068,0.0,252.79975018666192,250.21501836986823,217.95487312624664,253.3536831717213,233.1835418373154,250.82211855911106,247.38953866267423,249.70248520785313,214.37827937974234,245.9742699908369,233.9591289907119,262.8980586644543,258.1621442677586,240.00819636752598,249.50615225927362,239.62839027001013,244.88775296731282,225.1528537000936,233.20325059070137,242.95109098482334,242.63586471372167,245.5627874178841,239.40984735226294,159.80639810397196,236.29655357841932,235.01321738876274,206.8654836066847,240.46576405558304,233.06538797194298,232.75930397868535,243.22118065108586,230.7272849257308,218.19142054018658,223.1492778216038,233.5199609914029,203.43171044842865,228.79336737199853,218.6407711443416,236.34419742173094,242.43148520516752,233.0815497628332,220.84719166475546,243.41470764702476,238.3964470260284,240.1022839128306,240.70181921336314,234.76577192158172,237.02039929767795,233.9612995983696,243.89785858097864,210.70438638826866,246.08675130802297,232.04854333401377,233.4716143560645,239.07807684135514,232.7286569698595,213.72374232786586,227.5381704546113,227.13096807057693,232.56432414911606,241.81511529226702,218.83866714554156,235.63607831938825,222.3869943615213,223.50226745861002,225.34549554531324,220.4043511786689,223.79534723728776,226.44117119815152,221.63742062152502,228.8776880931181,229.34716489318032,221.61261335100457,219.82266859078518,228.77113144742137,218.92789996544948,227.68445185034258,221.07224487811757,222.12536881693316,223.6266327552089,221.8482860171171,222.599583222604,225.82180752823515,224.68950212544337,224.94742844165637,230.18136800987844,221.7654258114
photo_butterfly,260.8622594270275,263.6066611775339,260.3322450366369,269.9656331582542,260.5298817759828,264.97005106305767,249.7985723641417,249.61326592354703,252.79975018666192,0.0,271.8882424842957,253.92694050690906,261.1597358705566,244.98249549813278,268.17095928230475,264.3819661064092,262.9792401142621,250.20551430402267,261.4309911378366,255.3064576929527,271.98630051975647,268.43180304956053,259.3024144050167,251.45797257012663,256.8754213796577,254.8626349990531,252.356995957861,246.04660864188097,259.80403441317236,257.8294177887762,255.24753847734442,250.7146076517923,237.4019670423548,177.41582252938196,254.6687319734858,238.52910998231488,248.63124680969065,248.63595262566653,248.06574243307824,254.39108420287675,243.57889738024147,250.7780513946782,241.922754595938,255.52900023233923,234.9541051795777,245.12887383819802,247.0059226589881,236.01552913426016,248.8591691090543,257.1803605643222,246.49922678961133,258.5198299393587,249.50504487049454,248.26335776903096,248.8474460721326,240.9697416556209,257.8264599135631,232.09446933349201,264.48169415573216,237.16079229153894,254.92252392210054,244.6571259267931,245.2012081898995,252.34928845233804,251.495352738241,252.8595594366402,248.98099137894462,242.98458270178776,243.04089273551725,252.18306858055053,238.28721215291853,236.7594714490617,250.442076426626,253.05462924620588,256.13677539233413,251.041498360284,254.90504925095624,255.36635811178363,252.63466987702594,259.85621407189876,260.70213997023416,250.86512599107354,249.89341655063058,257.47566997387196,250.83018299808734,258.38425568122267,250.65559106375667,251.62931733384946,253.83285489351266,252.13552451391053,253.08590910369625,255.18387994455017,253.857739343798,253.84740686942604,258.9002927582966,252.7287607652663
photo_girafe,260.1118099771414,262.82844022628956,261.4440562602314,264.3880759209814,247.84436362854944,247.91340361566816,248.17934863156677,242.65665844377386,250.21501836986823,271.8882424842957,0.0,258.13239056644625,259.7710289759491,246.0629010036812,254.38906525329972,254.33003388608353,260.955599630637,251.13727993181746,261.80883954150903,252.29127315577875,272.3241794978258,259.6033977136866,259.58625124466136,256.71206534793725,251.38269886687803,255.0247999544669,252.4010247398412,250.99229661466725,246.67074521722222,244.85411595415033,251.72010315353177,244.10479309568115,241.393625988026,249.8179107640545,210.3132134994452,243.85739054698757,253.2997750899811,247.977511196209,245.40810517871574,252.65091754665337,245.0437911741658,255.15984550603093,245.09771241733128,253.47390615348894,242.84105299846684,249.41923069696963,248.9393809386333,243.2191711054603,254.99631939278794,244.4220973653194,253.06108188505283,249.18989728448304,244.50231984229498,245.01225447986255,246.88086065836015,245.22760506732197,254.88491941571255,249.9035725310589,243.88594797996285,246.55333129947843,257.0461439596929,248.13889270681224,243.16714357436854,249.78647960957267,247.16682541978395,252.63300190895092,249.3838630317932,248.05332318124763,244.96506105182317,253.40917572315033,243.09110950534725,245.22824137737214,252.59408203575978,253.02557819022587,255.86230887567237,250.82643680663452,253.66392838171137,254.5331058357919,250.47326101347687,257.98442923758626,259.6987277178851,250.6976008750979,251.81041431278948,257.31678038690626,249.4251987306675,258.6223629252731,251.3649036852909,252.1565915577136,253.35130822240126,251.72698810295026,251.9223043414156,255.86189430415573,254.31870281691815,253.56474717560963,258.0390933298503,251.99079744317496
photo_fish,245.991655949274,250.71290838934667,244.17836745255516,253.92241808142484,237.32190081026087,248.27136591061904,232.9140712924994,234.44943172033732,217.95487312624664,253.92694050690906,258.13239056644625,0.0,247.1723455914695,231.5536395490004,253.59922050415574,245.3521538202532,251.36400807596678,208.28054198397058,239.06638205819465,226.37668961322962,263.26063290512485,257.564899099507,237.10510193032613,251.37136098391755,237.71893685942283,242.28355570339647,218.11152518333142,237.33346984303859,243.57514618137586,244.0449604377646,244.69364440423934,242.08421034571066,212.29939953989478,234.0037817657602,238.5991127249758,188.82622895999884,236.34126965268698,233.82838985032294,234.68933539707533,240.42982504509624,230.9215189155862,213.88605236964568,214.4864799408285,227.35467990748177,208.05763531216763,228.33611758682127,215.47504284377266,237.8546087922663,243.11615149980574,237.60063638581994,215.0113449175829,246.98549204684244,239.32148955624993,242.0092194655936,239.74848531794237,234.78266418315573,238.6781779264903,234.20315616496984,245.42463652547457,200.98846831112334,246.64966793351348,234.7304927811122,236.6074542406242,240.83370549228172,234.248800028224,215.5510204374107,221.0753009600801,221.74380765111965,234.20803923293087,240.73431243794604,217.31957175068138,237.69452168869105,221.83603059741944,223.80596964223366,225.97555064455568,219.94336768186133,222.79658153301472,225.0206888357164,223.29496339887942,226.40337792714152,227.0207305609401,220.4470628711764,219.7570526268773,227.4278869717945,218.1523710034255,227.96078605850323,221.95266989682838,219.3387307909537,222.20661990123236,222.54472725074478,221.14296313854464,226.44176539409094,225.18339667141424,223.4113778090168,229.14350028629505,222.4863468540342
photo_cherry,234.81866306751039,238.0709442016156,250.0417006449601,253.270037533995,222.84745141756378,238.06383821575542,216.09610319275248,217.36549364387957,253.3536831717213,261.1597358705566,259.7710289759491,247.1723455914695,0.0,199.41702567859687,234.91316228570926,226.15942218663344,237.3089979007859,232.36219272601357,253.78508906280396,235.06397631415797,267.5576667530141,244.76752352881113,232.90217906870052,234.50267623275028,230.54375570847733,236.0387512044276,235.55257056810933,242.1452206358871,224.81309851220192,235.31936394020155,230.3224263992525,220.62872899079076,231.98915368989694,232.1718707066652,221.15984122985375,223.08727766893162,223.06053773129005,216.6225560900644,229.47098414017393,224.18466166873446,220.89725897103867,234.1070792725397,225.98980023566585,236.69887208574931,218.9504669627555,233.79745242906935,223.6876872736989,220.67431380376703,230.20397932541013,225.83915314577968,226.5281825611758,229.8765417204399,223.02930425485854,222.66357060044058,217.50340602797917,208.11955431598918,222.6812124408889,221.94990968593106,228.6115658309036,217.93015479457677,210.86379868496937,219.45926695320708,222.60754158061536,221.98731567292447,216.97894230744828,229.07105117293116,226.7091215104654,222.51883691119232,212.12826630306708,224.8914626322684,219.0739731307538,220.7928670009194,226.88292739934974,230.07203418482928,233.22278751360446,232.77925773273472,238.86298858497614,239.12437641098862,228.6336360602911,241.4012477041508,242.93673590885746,235.83925888548598,229.6437765293967,242.45892978753838,232.20999348688258,235.43309753047942,229.0040199199095,233.37823018851148,235.693326895154,227.42250154197146,235.51868069579368,231.3071924261499,231.2034101664573,237.36188347961647,245.30084852381447,230.78745387688568
photo_tree,202.0154042281775,216.01364171659444,231.0261136956367,234.8253168251746,202.9765171059776,210.47167798817185,187.73835923858562,176.6914657301261,233.1835418373154,244.98249549813278,246.0629010036812,231.5536395490004,199.41702567859687,0.0,196.65165615590598,191.78570645431287,200.25058832303694,210.94774858494094,237.62420146468065,218.79766125301282,249.2385741017212,217.9731229865559,201.5176579308185,206.93183575231708,201.38076406861313,214.4518259057979,213.75406071016644,217.5493747679485,199.347906797537,201.41655694297526,199.3306821153788,185.110919979945,203.74598442023964,211.52365137788544,196.3195074439607,193.77427286350706,210.1207891565719,157.2886580572717,197.39785783889525,185.95697300363076,182.39956550052256,211.10278970930057,205.33527744815729,220.83890789390696,189.9133373346835,206.36286647256148,189.39061060874022,186.90192143635824,207.54374600002808,188.4145674849812,204.7979487571541,199.67485552691994,189.1389496158679,189.4175364180527,178.67406898053136,166.72375472491285,186.83910635611832,193.02575966500532,206.4820922310527,198.01332750466247,180.46378325135103,174.85810018350378,180.5639606064814,179.62398991270769,178.14100389213615,204.97491251505164,204.70192251745783,202.99867162761853,175.77021675329354,184.23050374675168,186.14179162255294,183.41659224459963,196.86604225099092,203.34050331596262,205.0009521876722,207.94348012509133,214.760371928753,216.18971034883134,200.4500153024441,218.86663260656098,218.7504287293101,212.1258406733474,202.20202843192487,219.98709373583497,207.14787273300638,209.6167485998273,199.82772928072634,208.77384096372882,210.40733740057996,198.27988952680207,211.70112304640222,202.2830166555897,204.28186824074615,212.08431968766223,223.739630012474,202.82505277982216
photo_flower,230.13659324647023,244.30429836380088,257.2046802521535,257.53287799656835,224.83611962460913,212.60760774305612,217.28652309737652,199.05537675021563,250.82211855911106,268.17095928230475,254.38906525329972,253.59922050415574,234.91316228570926,196.65165615590598,0.0,192.75134217952362,212.98793202318254,236.5545808559243,259.09747169317876,239.7125019858303,266.4528552787901,246.04580269054728,242.67451142162713,239.4124764951093,230.09109578235967,240.13447619523217,237.3663748034726,237.5647981754667,221.86199865371543,211.82173464499633,210.01510184084134,215.12560500512035,225.0592466947024,239.34472826368273,213.07019360446557,226.80780434681458,240.25996089091547,197.38489220714047,189.03241165659955,192.65892731747272,202.32948343509014,235.1424766601195,233.14039649510076,242.32055935955555,214.61987830898053,235.37148696304456,226.72005381401326,214.10910493956308,231.7762452154406,196.86756127228074,229.53684848618667,207.94784177300266,209.82125797306477,203.65627513501192,209.0704101995122,196.632280914327,202.34761362845026,221.76205018222834,221.4099857200914,225.42064791535577,220.74519408806813,200.3638446924829,178.18748737264033,186.81971207989804,194.3671305353785,228.9860182570952,231.49121634641324,227.87290857493105,204.53720552919603,221.494602553236,216.5283532424247,206.63063594043348,219.81449219863427,223.6610258293009,226.18532736045208,227.01451967468194,235.05767968665512,236.7783455128575,221.4856219001644,239.4798434962453,238.60224824513506,232.487796476563,225.33982224439038,238.24622134970818,228.4853700454597,231.29630855605114,221.9774842800159,230.39009873307856,231.47555502603154,219.64133455872843,232.32447692198375,223.88381317762412,225.62716979021948,232.58666516944143,241.85057030516109,224.6497364842549
photo_carrot,224.89533326203448,242.6744672256253,250.389838310204,253.4586087947999,219.53351180434737,208.16527567549522,209.43919784426507,185.1305837716157,247.38953866267423,264.3819661064092,254.33003388608353,245.3521538202532,226.15942218663344,191.78570645431287,192.75134217952362,0.0,205.8185664388277,228.66990053356122,254.42156929933316,235.38838799946336,265.21780209877005,247.39359118655207,233.34261232174396,235.09436412861328,220.20217802534225,236.36011034028363,230.936907257967,231.95795064188925,214.4925812772126,205.18961921560714,205.51147871293045,208.71885246316975,219.86690875519875,232.19974810112555,206.3752772482988,212.74751485965984,231.33604935531855,188.80138509667103,193.98401735636463,150.40938560148174,186.70550263951463,226.32432274731997,224.86251358332441,239.75380949316943,202.269681465852,230.71915818600175,216.7060351836704,209.4772743066029,218.71282463342985,181.79709872575768,219.0946742028863,204.87581395577007,196.17384394059135,193.08506748419967,197.5834350700807,183.9475596837377,189.27394935437565,213.41814225349654,213.62363286385394,214.5483736631233,208.6044731431874,184.71653517449954,177.6381457000474,156.96991246868149,175.79480391259463,219.58150247283848,224.19984527192435,219.644861879115,197.59279464602872,211.57208939422955,206.70348870053073,202.71607649534081,211.5431834553836,216.849245834015,218.6406182422103,220.05501637962797,229.6580333973937,231.12385497742363,213.33865527325258,232.27549794930408,233.35611819043177,226.2514809900646,217.59393687173016,232.64095342093395,221.92771046217672,224.534298664946,214.8299089231807,223.59567188668956,225.01860293190694,210.84097498280113,225.1707897713286,215.4245465844205,218.60288047574647,226.2541709045033,236.3861715314544,217.16976586901532
photo_watch,223.5690340043538,240.62222806142805,255.79618054404983,255.82955660518024,225.98414375039732,219.90016985993051,215.3724215670274,200.5824146850815,249.70248520785313,262.9792401142621,260.955599630637,251.36400807596678,237.3089979007859,200.25058832303694,212.98793202318254,205.8185664388277,0.0,233.0131494621455,254.875819637728,224.87682386549517,267.92337392425634,243.9678129861851,237.27478766823913,231.56939035152047,225.2387056481391,235.3859846531174,238.31397650267613,235.78229463608722,220.052387803338,214.8360888563753,216.0240144047076,214.4929324548879,223.96852796872074,236.39608828516853,214.23965796868853,224.03907010083972,237.0600567940325,200.17807729880377,212.75847529593122,203.25854179781825,174.56777194587067,234.9958937916708,227.13107922253482,233.60559396869394,215.21238686113074,229.2084277567158,226.40021647222406,203.03148417671684,228.55448073423338,203.94477734876386,228.8743369224489,216.5015243581712,201.10081066637193,202.69152808387918,203.92156948325172,194.96074320295926,203.83816558541733,219.03069689588628,225.857484314531,223.3957223396492,216.3252468507798,199.54288957230165,199.48089403804548,195.37426554571607,181.73668916687603,229.5951795896422,229.6754265360876,221.06441237401293,203.7189684085628,209.40716590580192,216.6394147529889,202.80409318948668,220.61310578621902,224.06024670204005,228.42353500713176,229.16490343551158,237.96209509703968,238.5778723323796,222.05372844769582,240.96981826302462,241.39503230261533,233.51930153141456,226.5818170449664,241.137856630451,230.5056594798702,232.9361040389014,223.4381831294616,232.94143371165887,233.39949701338622,221.61219832085078,234.16238621786744,225.48059767410987,225.24640463761554,234.42123020642282,245.15616939062627,227.19138916165608
photo_key,230.4667903345895,234.20258497865882,227.0446610889323,240.69719056921292,227.62651807409782,233.525213065112,215.76551160180927,214.95599691110982,214.37827937974234,250.20551430402267,251.13727993181746,208.28054198397058,232.36219272601357,210.94774858494094,236.5545808559243,228.66990053356122,233.0131494621455,0.0,214.43530540503536,208.3623043162267,247.13251394787207,241.3028003464028,218.75273323084065,229.78011894174236,222.4418124238435,226.13532531182997,196.92318166279748,221.8289278975631,228.99583204279324,227.4499526663337,224.6658472522139,222.73476158974094,196.75321673000877,222.74586000634213,226.95205227024837,183.58416417233147,219.59880309389646,213.0766983106999,218.4372433982273,222.0007547261026,207.90682857563047,146.86012585115986,186.86330273175363,207.438569648493,175.3180559900703,200.90724435371177,185.87406033053384,214.2394182414699,224.87059520659014,214.70949549253393,179.61209403813598,224.96389043114655,220.74701872139198,221.93134300681774,217.41686983304044,211.564577857833,210.8530093038056,207.48976220358452,225.28253435778984,177.4218405918322,221.81977531649017,211.15463115927216,211.22146375201564,216.59242302538533,207.02461077949135,161.36238864629468,187.0657429223007,192.18944950310623,211.21038303700965,219.6132264219463,192.39678085249105,212.47223516443984,195.37133623112757,197.79814006197577,198.27778340758547,192.8127057331263,195.61734913391388,197.49960697068065,195.84621508679444,202.07593027149315,202.16332859284137,194.66895431724566,194.072352759636,201.52095021234834,190.32590176574493,201.21533706243562,193.55750561263065,192.89075785523144,195.79198974670166,195.06124161367688,193.40536608644754,200.38196091611405,197.36050440179136,197.71033995981446,204.91347984368238,195.28723703959946
photo_truck,249.10743458795528,246.96540455340377,237.6627883424894,253.51970411883588,243.9121351376852,248.57427118038427,237.93874407890078,237.38681962403595,245.9742699908369,261.4309911378366,261.80883954150903,239.06638205819465,253.78508906280396,237.62420146468065,259.09747169317876,254.42156929933316,254.875819637728,214.43530540503536,0.0,224.90904137065206,251.81875301486298,248.34303195225954,239.19828617557485,241.96683121900224,237.38620386775005,236.7278255929227,218.30214921982633,231.87452907691085,241.12571197927667,242.09626464730093,242.9318598010182,235.0160404141037,223.14370029365674,236.47677269574513,243.10019879197162,213.47496180318808,232.77538042958196,234.3170860153848,238.00909721983285,245.4165866107312,233.7081530886398,213.01102384755202,168.24485599858673,220.94978929900032,212.16470331650407,204.02555503756318,214.51616465995068,230.51756482078034,231.02611312641872,234.01637271697717,213.6415332431968,240.16956485597856,233.91689108003567,238.78906070555462,231.1693882858182,228.58672939679136,233.8879594697269,222.97110154809485,239.4277066820407,205.30551400764963,239.67902394959157,233.802240698694,236.61856697484774,238.60170664607801,232.1392911114226,210.11039080118084,184.42642654975052,210.09091626290856,224.97218176710427,226.48025885465785,216.68268475475466,230.03351166876283,225.36519007590945,224.3451532197876,227.9953374251904,220.44294399868497,220.50912977058755,223.67954906520214,222.78681029665012,227.41568849091456,229.63219506806385,220.46498853057952,222.36045258682105,226.54661242481305,217.76295298090864,229.79062763102232,222.45081672705376,220.4757543697131,223.3787929040456,225.5742654890339,220.43351538750935,228.3809101133563,225.06886206615934,223.55273963180744,227.03974867659514,224.37706374838305
photo_velo,232.42003960753166,237.51308901661807,238.76131012483472,245.9172646409513,224.29907300278236,233.63820605925915,221.92946085580604,218.7916801225524,233.9591289907119,255.3064576929527,252.29127315577875,226.37668961322962,235.06397631415797,218.79766125301282,239.7125019858303,235.38838799946336,224.87682386549517,208.3623043162267,224.90904137065206,0.0,252.05026423617647,243.69293866116502,226.89004506021132,233.98775087544587,223.6243778058323,227.8899843676222,214.43015402837258,224.69745592739548,225.66014662734213,227.11927037374102,229.7115627276184,224.8320362925788,210.06133930281504,229.05174206985282,225.04503545651033,201.17691729111897,212.9053951087231,216.2400049943144,221.80785831634927,229.96789526022812,210.0134430102128,208.32066955539824,194.17536899087693,123.10149409012348,199.0915102356685,206.62327092841727,205.94464977987383,218.49789271535673,229.04360985568155,221.07694888508152,208.80217898953163,231.16895884322432,217.24251914360764,221.90333001731886,221.11602606217596,215.54900913465627,220.31306357938968,216.7899925805582,230.13862025300853,201.1653759707387,223.98017723226374,215.80599891227564,220.04365522644255,223.8847553150524,215.34266993763902,208.25043432911713,203.39463892531762,161.6217090235907,215.16924426870196,220.904977276105,201.55901044727563,217.7974641254983,213.49873413516443,211.72250586289255,218.7511052800532,212.36319011693038,218.41846935318404,220.2502077986505,213.40514710274357,222.69977365701217,222.85582301784325,214.49243468714215,211.9044470938972,222.2794328060611,212.18804541517412,220.93726539221606,214.0065695995001,213.63863451966674,215.72085151382467,213.78022096828943,214.88809205343185,216.92967145431152,216.36686306193428,216.38692273287782,225.12567558559144,214.97196928284134
photo_road,260.98574666568396,257.95205971490867,234.71762204355198,254.27698853529623,254.7312173164354,255.66919583788024,251.43201484109386,250.92462969197493,262.8980586644543,271.98630051975647,272.3241794978258,263.26063290512485,267.5576667530141,249.2385741017212,266.4528552787901,265.21780209877005,267.92337392425634,247.13251394787207,251.81875301486298,252.05026423617647,0.0,260.69633534269786,245.6395607478518,255.2043690960489,252.71959660927877,258.7034814867923,245.39428909904046,248.5340013313655,256.9359950155972,256.74120879963857,257.5625348596029,256.1246060961055,248.81167797685828,252.8397717202034,257.40267887558025,245.21982794775707,257.95128173664034,250.79192562057176,252.76045447870413,260.9520588560994,249.52043847357993,248.9739896584589,239.6680471058266,251.43196099625746,235.3906044559942,240.04832157801496,235.66673385742553,248.72668375093622,254.9371208430915,255.38114093738028,245.85681792706134,256.996603683861,254.4575613945387,253.10141187543005,252.71467688024248,249.2668529212237,253.74172688570457,244.26692309407028,260.4338628634563,241.84430351921694,256.776380893391,249.49150637489768,249.00853622440928,253.79109677382775,250.3682764284596,246.67062559496475,242.62829758351197,242.3099075336659,244.17806953950358,255.2875228585855,241.06096468917477,246.08625550459962,247.07249389399433,245.87262744457723,250.4500716036249,242.29480508330798,246.0517238456574,248.14979441077838,243.6394733779168,250.3285462375937,251.96552209576222,243.18070323841314,244.77299951215946,250.03063006277242,241.94477633164178,251.42480502218172,245.8736132682158,244.84794423035657,245.85544995011676,248.32519951059098,244.05255750057086,249.63143507986075,243.57591432091388,247.15007652618036,248.55211016494098,246.4204729982222
