,photo_face,photo_profil,photo_eyes,photo_face2,photo_walking,photo_standing,photo_hand,photo_legs,photo_bird,photo_butterfly,photo_girafe,photo_fish,photo_cherry,photo_tree,photo_flower,photo_carrot,photo_watch,photo_key,photo_truck,photo_velo,photo_road,photo_house,photo_mountain,photo_windmill,drawing_face,drawing_profil,drawing_eyes,drawing_face2,drawing_walking,drawing_standing,drawing_hand,drawing_legs,drawing_bird,drawing_butterfly,drawing_girafe,drawing_fish,drawing_cherry,drawing_tree,drawing_flower,drawing_carrot,drawing_watch,drawing_key,drawing_truck,drawing_velo,drawing_road,drawing_house,drawing_mountain,drawing_windmill,geo_face,geo_profil,geo_eyes,geo_face2,geo_walking,geo_standing,geo_hand,geo_legs,geo_bird,geo_butterfly,geo_girafe,geo_fish,geo_cherry,geo_tree,geo_flower,geo_carrot,geo_watch,geo_key,geo_truck,geo_velo,geo_road,geo_house,geo_mountain,geo_windmill,word_face,word_profil,word_eyes,word_face2,word_walking,word_standing,word_hand,word_legs,word_bird,word_butterfly,word_girafe,word_fish,word_cherry,word_tree,word_flower,word_carrot,word_watch,word_key,word_truck,word_velo,word_road,word_house,word_mountain,word_windmill
photo_face,0.0,285.16964394123295,263.09162274208495,275.7065956360375,250.35960674152227,246.00812929999626,250.48414000519568,246.86199974515958,317.0096204210361,403.2744947109876,446.876048531164,279.8502021780528,300.7441981408274,344.59284381296163,245.8120555592526,253.18220421301137,406.63172693920876,227.97869251155439,297.4899747679874,317.4464462598875,323.1038745416729,309.8595889645984,369.02602300476633,348.8517169203392,282.90372596325824,323.79296719438963,280.77375883778234,293.7515358150985,319.0792826027159,283.78604836932647,256.63994350917153,281.15243340591195,278.67028199170693,314.6117083293169,283.9539318456152,294.0188979910107,326.1027794177686,281.33039756006855,277.2806312772262,255.77324478138792,263.3008770507725,283.8991267210538,325.5106339135596,335.6833434405713,229.92245072661706,329.4413295901163,255.378564242194,364.5933210328319,312.1068487044193,235.63820708246735,281.80207478694535,254.2224465396964,319.0016302422729,275.75834921064074,307.3545173383949,246.3464174234457,252.4526166040355,339.67502594829915,271.13481629044895,286.18373346115095,300.1550718126097,270.49963160574686,282.5943528214293,243.16017082893768,250.43339702767457,266.4682185235899,283.9046857524761,301.0694511950513,251.15326193429323,310.8624707464422,280.12469254742047,365.0708023559405,242.13654030500712,246.35126850562466,246.52976679190868,274.4098933951905,273.25056147765173,270.29464571905316,245.6507381157794,277.587840099198,271.1245366518027,274.3779792151149,263.77136848953836,276.70974901786445,281.0629171708212,250.89506003705702,243.72271968341386,274.8174392620937,265.97896101710177,234.60482203249097,271.81696397795326,241.31658532957488,251.9639968031298,272.2152431857658,300.3315964500312,254.0255360390753
photo_profil,285.16964394123295,0.0,298.99515099398434,304.2022189105682,290.31764661670735,286.1113991001991,291.3831901929227,288.23016401350424,345.1243416734158,421.38994045256703,463.1438743602826,317.6760044690899,331.94905690426486,374.04995468040914,282.5469576492844,292.3545229832856,431.09527544483797,269.8835090722799,333.71309206560557,351.7801445728167,349.7099723011383,334.5836698517131,393.19900870855355,368.4346919244712,319.2229287924758,338.60371834069304,318.9561611756571,327.8259595624406,352.0202470444508,318.8757102406283,298.8659133689799,313.1700194665454,318.78825068195357,344.2616781793283,321.02920261418063,330.6325341984695,353.76266321296725,323.0935096113213,310.91315091466396,296.5729751744962,303.56067687638773,318.3539362814434,354.86068588980993,366.0390336358108,275.66402606696937,358.8529666063359,298.560233381979,392.2516096968258,341.15255133299837,281.9389759815222,318.62996443884373,292.4301635777763,351.1645621252281,314.0576830907917,340.7504484192558,288.9799400278265,293.65741507095174,366.9089575766268,304.6490482964008,323.8308199382644,332.32942044085297,306.92226511758145,319.62007970868143,283.0733240688441,291.817169914948,303.64918505273954,319.8160346541231,338.30455318783856,292.2511558863808,337.4392353938102,314.5713111638807,389.3399538910293,288.23398466798795,291.07801578090607,289.56410045465935,311.8477196608612,310.860248608308,307.9676115754951,287.9870156258433,313.51092511653576,307.4254627339554,313.71161109833514,301.5449533712917,312.05216325412573,316.1758510072275,292.92853239150696,285.00059853440115,310.75301140087055,306.35970532752185,285.3667082777931,309.37503088193046,285.3917569839324,292.1409896677473,309.19093120829785,336.38554418648806,291.92464527428933
photo_eyes,263.09162274208495,298.99515099398434,0.0,280.7834782772338,262.3388408350227,256.7320112386201,261.6488765844143,260.7664169898061,314.1445459352539,398.42205880877225,446.5566523650109,275.97532075758755,307.7115404766044,359.6599699930141,260.10035392961413,265.7495499707464,425.47306803367775,222.3005045637435,301.5869510234936,319.98977228693485,302.12560438827825,320.47750487267206,372.26269063978157,353.5806066659427,293.10877002912144,329.73363388605094,270.3138221510941,297.11069973610057,329.84516198152664,294.3911264075417,265.2794550458989,289.192524338366,281.4053189754611,315.06689910443373,296.9891560731111,293.49780609650634,321.55490323626344,293.5504134794214,284.86338257069383,270.1814067529861,272.9359423799764,276.4218952383677,324.68460573019814,329.6959469934128,233.33328576418123,323.1443819397083,260.43205884032864,371.4039244036042,318.05656725121236,247.24765774656188,266.23243484410256,264.88282570822645,329.4917709069924,286.92165858559343,317.9491377739396,254.8482664881287,264.5711408753507,341.11458874743306,275.2385582199452,285.1551191073745,308.77474698344446,279.1147004278835,295.50853953540053,254.79476856160235,261.63559364298686,260.8678221464642,287.4909069048107,301.2140094236636,261.16250619761223,317.93967713875156,282.96935167088174,370.6829298761903,246.39557401220551,247.8785118723959,250.39435824619062,272.86509296331184,268.60691677773394,263.8187304760695,247.78615624037275,269.70951721986745,267.6147542574727,269.76145267723024,260.0604825924023,271.03509647671507,272.0082229708942,250.58664522611267,245.29676887177828,268.4453793276612,265.25284963194423,244.97460326991197,266.3179033289909,244.9702782996343,248.47054699369735,267.5261792036081,295.32502823402893,252.14252635063784
photo_face2,275.7065956360375,304.2022189105682,280.7834782772338,0.0,270.522880911673,265.8883733535083,269.6732535993001,271.07579056026964,326.7065325634379,409.132695880028,449.96652978190633,298.6009599688831,318.31285660567204,364.2042739211069,270.0812987607219,274.7357321099828,431.5671558069575,247.18901071848583,312.59211648650313,334.3588327871263,334.0999071937593,325.7126994354226,382.7542221202404,361.0272272056229,302.91137035540606,340.6323212572535,297.0290482214688,296.0129173173858,336.2251711431901,300.94489315023407,277.16384420060405,298.6438680131028,297.46438715247945,324.6441771653914,305.8073354623638,312.0682780048292,337.9641609075125,304.30469603891214,295.4598888181208,281.5162838538855,285.1931953529172,300.1617156970616,341.1240985457686,348.47913201017485,250.45594342098698,342.352923758032,276.39041562144564,376.77436588817653,325.25478985594395,258.6523785480917,300.8707971239445,273.1640047064845,332.92078804309637,295.8130545153496,325.2043063423642,268.4247699866002,276.84969943178316,348.8798594543477,287.28255846473934,301.4278361867767,318.65670573725123,289.94252873503984,299.14706206127494,267.1631784039081,273.90606891851894,282.58294569813927,298.94006221186345,311.9214204981723,272.7174829942672,324.4967451587335,294.8919454823438,375.1487356343959,266.6242430383625,266.89377591188156,268.8935328888192,290.8522360722447,292.2026127880761,288.47507815177926,268.88524359775914,296.3270794579,289.6443930088814,294.48755243190226,284.67943746352347,295.7654178211102,299.66575583844696,273.9730551274447,264.9851528586409,294.27506756372674,286.0190966026977,263.5212015469159,290.45059838465653,267.36237433979267,272.21945495114517,290.2984190015146,318.0714230158542,273.56270102835816
photo_walking,250.35960674152227,290.31764661670735,262.3388408350227,270.522880911673,0.0,233.75868811520633,247.42689670871567,241.69556176061766,318.73441482301394,402.61584782810013,448.2221533677491,278.2036605315921,300.5192787275491,348.0108255753025,235.37786105219885,246.28714634116477,412.9933850938546,217.9815277257403,294.93391629129036,315.1129191825848,320.12256231635735,310.8777078162936,363.3293057660927,349.7212884415037,276.1618083100017,322.81640492299147,274.1904050320464,285.19865145656354,308.5727765680714,278.63981155023725,248.2252489998843,272.3181634752176,274.33464769694194,304.4605736052978,273.4410123383811,285.67705900008644,317.8610399064807,276.3339612121572,268.9525014590644,251.27688027188225,252.79728661444923,277.63555530351897,322.4452017322097,333.34504263214023,220.77831943050745,324.79815959659567,245.96135684784926,360.2473892724391,304.363739720771,221.82653640102816,275.8854811228102,245.55602165357075,311.41207999071094,268.8033280098714,303.10085673246573,235.08062161609323,247.27330010846117,330.3654175100442,258.4846249028623,276.05132540105296,293.31397907089786,256.9533679784223,275.04533137314655,233.69421875828527,239.1430508913055,256.77597277664205,276.7986153150722,293.1520997007989,245.65663200556168,306.74571765284395,271.3855235712176,358.2411122418452,235.47185856067753,237.84034209814132,239.40841654767348,266.0822861085174,265.1645813765768,261.7088711743409,236.9714775393634,269.81060932005386,263.6274375412263,267.93818930365234,256.342472236776,269.3133311510481,272.80947846365007,243.97002069237138,235.08022630610708,267.820234420366,259.9475274234946,230.97617269309575,263.7393398239157,234.3665896513928,242.4751425577297,265.5450962431815,294.41061525843537,244.39066595115946
photo_standing,246.00812929999626,286.1113991001991,256.7320112386201,265.8883733535083,233.75868811520633,0.0,241.25671527360805,230.5493707705253,314.5015532282654,402.9318141604397,439.38782516365666,274.4258827386531,297.7168210250786,350.0785356891871,227.921705148176,236.9540229914355,406.07278358036245,206.38643443450002,290.2244098048461,314.2285766334175,318.9732388768891,309.3290041329538,363.8026403106415,347.12068690087995,273.75982518743103,317.52297854053734,267.0085091216842,279.965965457919,310.1615135722012,263.82186126366196,240.65822187677583,264.8235401949489,267.61703466183604,294.6884558068538,268.1697526005673,284.35392060799416,313.13437282869097,277.02568028627536,259.1163756919647,238.638319878371,251.5405711279233,270.2093333116395,317.70136373514435,333.2194161853991,212.95953942830852,320.7048946524493,241.30637319209794,354.34015546071794,296.88844971501,212.11949710097684,269.9015582390228,235.3916864913159,305.426957172295,259.2676741709851,295.07301552370245,229.69474956673153,239.08320964699064,325.17265882103464,247.09105291327873,273.7615140807403,286.45504123846416,252.3188253864412,270.41005912012923,219.81980014031222,226.67571960300103,247.58725888645347,271.2255275294962,290.78956920431824,237.0170630993968,301.7226592922712,260.4237789707428,355.2797426941938,227.5741533057995,233.1038514894628,230.58529435382312,259.65385436162177,257.7724790056848,255.9432256135566,229.66282137649043,263.4957422487414,258.20612742709056,260.5026409971499,249.9835263328145,262.1528398213606,267.8409055685154,238.12977835092627,225.79291242819505,261.3930502497102,254.33131012370032,223.24215438789815,258.37727682943296,225.9774548537874,235.4180703390164,258.8438779047564,288.26558023268393,238.0959064164307
photo_hand,250.48414000519568,291.3831901929227,261.6488765844143,269.6732535993001,247.42689670871567,241.25671527360805,0.0,245.3422072537588,321.3968833930815,401.88715238069096,445.45351174838197,279.32748229514806,301.3541022829554,351.6808551722412,243.40771476516625,250.17342323678744,415.0490152399713,223.71791124433668,301.3117288725462,315.2388129433708,322.2337701478982,311.95300325490757,373.0271145122013,348.9486293364189,285.34561563805283,326.2331089608859,276.8053480990238,290.47458115431266,317.70302185848607,281.72903886524915,251.9542964082136,277.53220233398145,280.67327434855497,311.04332071973056,284.2933020372022,293.53278951498413,326.97794378439204,286.6257018299601,276.06825681478443,254.19516610816765,261.4622739751293,282.29503067008784,325.41857567623043,336.3085660325319,228.0861802992912,329.0142794462077,256.41102488696765,364.0602515572816,310.4461259878574,234.1707101649745,278.6928068292193,252.64038484139232,317.0598299100176,275.393825600191,297.7488003718089,240.42116976633343,251.29410707393907,337.0370632779973,265.7261837704029,284.50831583874077,297.58313638274285,269.3463214854349,283.5311548105092,242.11966285470234,248.40237527763347,263.98767505664154,284.2974776518197,299.24988513019895,249.75389900336762,308.305360194457,276.35408530723646,360.73883058642406,244.38097838658624,243.1074730720585,245.7514740991118,272.0064188275185,269.69213387460667,266.2474122565307,244.01889972477554,274.701759487855,270.0254305844823,272.5590888512809,262.4656528366339,273.88683489434203,277.2333023630835,250.87922311388792,242.09546261446442,271.714429384898,264.7324738893631,238.98921563691877,268.48567521150926,241.57452510635397,247.3376934102229,269.9781753883735,298.6150458333948,249.6093267266586
photo_legs,246.86199974515958,288.23016401350424,260.7664169898061,271.07579056026964,241.69556176061766,230.5493707705253,245.3422072537588,0.0,321.36053408795635,403.39893980630876,451.42996628857225,278.8084422726148,297.9909862664009,351.8045651118715,235.89165984995353,242.93729014524288,413.0420704879296,217.32474309958954,296.60212466178837,318.2691069468358,324.3685138505108,313.237377745371,372.23586365279715,352.43813409857023,278.04252144099297,321.92908505515766,272.39238700170347,288.18107091613683,313.94719339865014,277.9023064393711,248.94608785462802,273.10563592046265,275.1536354587556,304.93189747364306,281.59119756253386,289.5609167512193,322.69375982717355,283.1196817904923,271.90904572393026,250.01120390895284,256.44152876487647,277.15448077650177,324.27159428316895,338.5927710430715,220.61564908398648,327.7935785483666,249.18475337895686,361.10816919710214,303.4825855371489,224.05703072767315,275.47440767337713,244.1989523333323,315.1117446638337,267.62048266377525,302.10094227351567,233.5688623143566,242.13287615103374,332.4540842081294,258.6858535121999,278.88901246955186,291.420043992702,261.31973708855315,278.5913485644184,232.21381476036456,241.89342135068193,257.11445318030115,278.494164771421,296.8690751851302,244.56403233663127,304.2731707348827,271.78953942937784,362.3548411390158,238.02376757595357,239.40142067911333,239.9883817180175,268.1892014798707,264.6732073195174,262.33952606025036,239.1316739665046,270.85228403518295,265.87398134415986,268.51115994591254,257.58085086334455,270.8547230496053,274.19216335013425,244.91659115035472,235.27439933995785,267.88051114858143,261.3461633675911,230.8289870590558,265.12553802301505,236.5375092954668,243.06682910008894,265.6906068982999,294.8339019912774,244.69040594546425
photo_bird,317.0096204210361,345.1243416734158,314.1445459352539,326.7065325634379,318.73441482301394,314.5015532282654,321.3968833930815,321.36053408795635,0.0,424.78371701480575,461.23463794243094,325.0708626612309,358.69828446419865,393.2469058247584,318.42309334213286,319.5159407105861,456.37818468445334,284.12470122594794,348.9956737232744,360.9134973545669,358.0060477181297,364.71654009683334,408.7738686468945,400.50968010766906,334.13866878205965,371.53616039465595,334.1549724797086,342.10733821472576,371.8815208470777,341.60132277024866,317.8208898141077,340.60142651780103,328.60108926403416,365.06754931066496,342.5648670435009,343.8255991301128,375.94417844950556,341.3435471421812,334.49139927798626,324.6196871495943,323.2062255133949,327.0703325555787,367.8671691980475,373.21195102856194,291.2134525186072,372.9002085179955,313.5478687212172,408.2490501259883,366.72373125288254,308.153010636828,330.996161727813,319.60671990080147,372.4947823931873,339.11070157254505,363.0205751782297,312.5449971765278,316.1613819624069,388.5704806951848,325.40001201011506,341.20839885617954,357.3964535257561,331.35253239650126,342.83043510264275,312.76227994326723,314.3889466782331,310.4401782713081,342.2230694998807,351.32881335950617,319.1138940474271,362.9544765172956,334.6237942441876,408.7534691445521,300.67018964274854,304.8795423824606,304.5181176958121,321.1046576561363,325.5369180309884,320.8299430742778,304.58182286852616,326.9431836511154,321.6594326320407,326.27944403265064,314.31147124381556,324.4691015749847,328.1553257950878,306.7331901161953,300.7981287956866,324.6501729523422,320.5416432539285,298.55441995183895,322.70405755929374,301.791308366269,306.10343259062734,320.996126539655,345.3766210480837,309.5275134160502
photo_butterfly,403.2744947109876,421.38994045256703,398.42205880877225,409.132695880028,402.61584782810013,402.9318141604397,401.88715238069096,403.39893980630876,424.78371701480575,0.0,532.31367486501,412.80138297046693,428.1516938033891,455.43537765343336,408.7262086287868,408.911139325143,524.3903405440567,381.7339099665381,430.75517668406815,432.8778777399395,424.50176728287425,433.4845331788886,472.8292188835684,450.59701585965036,422.9777822683243,447.4168761900567,416.0453817199594,416.8304831325651,443.93345295657724,424.5685213856609,409.2685923184538,424.0048404408607,415.0829113387925,446.63610101788083,428.74014521609854,430.0625259975039,452.67221809817846,423.4320818534414,419.0637868832787,413.0862757872244,413.02724134286547,416.3805314638573,443.5567023013105,445.34060370784147,387.7614877395162,441.78139579879445,404.3992982100037,464.2034113909795,444.616598791619,399.0278015574979,418.6120351035,408.6379463845549,444.7232520803298,419.95129733320175,438.97652560424024,404.34979121188167,408.37248049674236,460.3233606330993,413.93911996822754,424.62614928435954,438.8043136130799,415.3250463393009,428.6524701151518,402.83333219658635,408.7831878505487,406.37482713258345,423.51461620318906,433.2489712426062,407.55028029636645,443.62650384976484,420.856392373092,473.2336107870695,397.8565360853536,397.045272112599,399.5458344401744,412.09770851551707,412.9470910052106,412.16203498141704,398.4880178647419,414.1037182457241,411.37766861763123,413.1650614221952,405.84297062614024,415.0119349514338,415.8212616518943,401.41046511930983,396.39042715081985,413.37555697903156,409.64257598037,395.2921621892254,412.2785093253649,398.4097589847689,397.82414516611885,411.7863304063975,431.38881640708706,402.61977396265416
photo_girafe,446.876048531164,463.1438743602826,446.5566523650109,449.96652978190633,448.2221533677491,439.38782516365666,445.45351174838197,451.42996628857225,461.23463794243094,532.31367486501,0.0,452.297349700655,477.39302907239124,498.9045446533463,444.03906287405437,450.5607307987851,549.0816313785396,428.4592835485604,464.6307962896595,482.4363195612838,469.8299368511519,473.37698040364273,513.1354002148786,496.1098434927421,463.080199267193,485.98781432969076,461.020439786381,466.524080773416,484.78250395847965,466.76147536728206,444.97748969559666,462.865141688269,462.18519750120623,473.66675061722117,464.1877256051359,468.7073306101686,484.2550960568674,463.92617269671064,457.78689878737464,451.50083761089667,449.6221038795966,456.45727664057824,472.9166008051262,484.1358708516825,433.4922477016804,485.6347995320497,446.9149832920064,504.0716299272122,480.9708134413069,444.4355001226629,455.9806069381501,448.0510207704269,483.6072121271745,455.8164879403192,476.23062667563266,442.9502940200736,452.51733057473734,497.5311697416864,454.35079352314034,463.1989749894984,475.91279838200364,458.8831437810158,457.6896840181319,445.7900636144189,448.4358568078587,449.5715856171175,456.81451862792085,466.5887979741766,449.56952649322795,479.4685452140657,454.4154550215467,501.415575996397,445.40420505922805,442.34513349694356,441.2013894808223,454.7899228932578,456.33613602243787,453.1951305537506,442.6931071265323,458.66012746987974,453.0301170614075,453.37326878606996,450.61991093543406,457.53498687853744,459.05878668087405,443.3911808271664,439.4702483274861,455.3403618825744,450.55177238255,439.56047607555973,453.9891472015846,443.9321483056396,443.6636811873516,451.4102723338795,471.0990967061489,445.4089763652028
photo_fish,279.8502021780528,317.6760044690899,275.97532075758755,298.6009599688831,278.2036605315921,274.4258827386531,279.32748229514806,278.8084422726148,325.0708626612309,412.80138297046693,452.297349700655,0.0,324.44781980934135,370.0130572496512,277.2238903621769,278.00042153073724,432.8453110679832,244.97360877306636,314.08412179163327,329.1852294696599,328.06562893183525,335.54603517877274,383.2487033218689,372.89054532990565,307.47133410705135,344.4038390642601,288.6308050187363,313.8436180104878,343.3859752684474,310.70724012597213,284.5237493428294,305.4066760428833,298.40930312611033,331.9017095204698,310.34589484710546,306.9017537928274,342.8414658974595,309.50009163472436,300.66822277492633,285.52379947097097,284.3062411040403,294.89667449090695,335.0484600522666,345.12458484503196,249.90215062374628,343.69717630972764,276.81152282181125,383.99385117055726,334.2377690763623,263.7922480887188,291.82507152915207,280.93490705992235,345.8020212213773,302.8367600024044,332.4895846653785,272.96888148295153,279.53395986482536,354.29584970998036,289.77842461366805,298.6343887580818,324.2658102404478,292.48247412499524,309.6185546816325,271.1030433182952,276.4197220552776,278.6922674649867,305.3603327299506,318.19104329522094,278.96418912461,333.00489266111515,299.6942629014279,383.6535377412707,264.4251027699001,266.88774739381034,266.7064528068021,286.68598407644373,286.3395041699903,282.20731904892,264.26625522673163,287.0106107563463,282.3781790944967,288.8769113827545,278.72876656234547,289.8465154226458,290.72669453460236,269.5112153555581,262.2194351874628,285.8342061846542,280.56129761824053,261.2533699762716,285.1587731356954,262.1813037630452,268.5750944953024,284.2040304686406,310.2774668389686,269.8341065490027
photo_cherry,300.7441981408274,331.94905690426486,307.7115404766044,318.31285660567204,300.5192787275491,297.7168210250786,301.3541022829554,297.9909862664009,358.69828446419865,428.1516938033891,477.39302907239124,324.44781980934135,0.0,379.1027260180348,296.7217564642719,302.5583171073776,445.96347602538725,279.93940846935334,337.7625190973876,358.0136735824331,365.8123269612616,347.36583982803285,398.8600077514776,382.629961046429,331.4279659381599,365.2323538936681,321.6168670266056,336.51244368684087,354.0930029656563,328.63677277989325,306.70054581431805,322.373944236026,324.32455836737813,352.7939916766571,328.78507294562024,337.01671564861545,366.5322663518193,330.51592885440755,326.498632667509,306.22212639129725,310.51444350739365,327.1491515481772,358.11248360307,370.1516804077462,283.05498904096373,363.71129800016695,304.93568315318726,399.4128041688458,352.27255565849794,291.5398566123123,325.54737033661183,304.723095492046,356.18284297687114,322.318971107456,351.3392502010441,297.17613130457005,305.11179787156857,373.93904505696025,310.00402515522063,330.1115216940753,342.0983243665634,316.9499954102484,332.4955533288333,294.0621057245488,302.7210483924664,313.40645223416834,329.08309484894636,345.7987035899499,298.36869885360716,348.1988040029372,325.9343954501055,402.0067114596595,298.50812219302037,298.60955114105707,297.3673680556273,318.68324032808334,317.0728683182243,313.88925958538397,297.3400529806696,320.619718882104,316.4609640190674,320.97128462395364,312.79875403914866,320.7523609617449,324.5660822869092,301.35542198872923,294.4755491646454,318.8998852697032,312.1977152858426,291.8336552664713,316.54300109648403,296.2834324911175,299.65535390052395,316.02403244937227,344.11221535353195,301.815476766617
photo_tree,344.59284381296163,374.04995468040914,359.6599699930141,364.2042739211069,348.0108255753025,350.0785356891871,351.6808551722412,351.8045651118715,393.2469058247584,455.43537765343336,498.9045446533463,370.0130572496512,379.1027260180348,0.0,350.02826937964,349.5499181409113,453.6244671267139,342.4038181877086,389.6040398506808,396.47355295499585,399.6337381896314,377.2398848700526,418.1732309265624,402.2726369143412,377.28953711745504,409.926382704148,380.8829718308416,382.12812200546074,394.4365801695039,374.7271921037099,362.935495876758,371.7705389028051,371.83488740109544,396.2112253737847,375.844685832374,382.64349725543246,403.95101857299414,362.8133339774448,373.27049936317707,358.53681582193445,358.9125035944576,380.70442035096266,406.32558890042174,405.99567938061347,344.80555372914154,406.56163968823654,357.84062274129326,428.7789658787753,403.4861505089204,348.6961899311522,381.8493232214691,365.41471393744354,398.59223572832974,373.3021614681201,392.27784763865486,353.71175518558556,357.51758641994917,412.4035021927543,367.36789154951595,382.6568472745902,386.209224154074,362.6827738101695,376.60502312178846,352.03840147926053,352.4384644545109,368.01456491715084,382.0845273764303,393.50076697406325,360.47758273824036,400.6963209051052,379.38543505520056,432.45588363998775,350.8029329394528,355.0699268795757,354.17642664957725,370.6081284147784,370.45424519428826,371.6400705469399,353.02561192926925,376.39879580908536,368.92306351641383,371.96654083591875,364.63694905480946,372.48651655044023,376.24962325303335,358.1618242506395,350.5847122232502,374.334395942076,370.9739130528136,347.3376087223776,372.3968558172015,351.2406067590704,355.9696305507612,370.17809506869423,390.6631244227506,359.39235860960184
photo_flower,245.8120555592526,282.5469576492844,260.10035392961413,270.0812987607219,235.37786105219885,227.921705148176,243.40771476516625,235.89165984995353,318.42309334213286,408.7262086287868,444.03906287405437,277.2238903621769,296.7217564642719,350.02826937964,0.0,232.08572142565237,399.6702555037744,213.2621562785137,293.1214429047087,319.6984458839893,321.27284228595954,310.5124714732868,369.59872231991284,352.08623451956146,277.1826965360758,320.6644294753288,269.69613340699794,285.69557829059687,311.68323477157304,270.1126844689963,241.26053994890395,267.1784718558297,272.9126895525215,296.3059478336537,273.37954466048353,285.7246974560248,318.33986708578243,275.14211156481133,264.3350832555087,236.95542638863003,252.81042448238094,273.921093414354,321.28336774936975,338.81301034556026,215.08150333529434,325.9922579278104,245.7576845111211,362.1087819231669,299.53430939685757,219.56277453000416,272.65652659317414,240.07117143435303,309.51613921787833,261.5666813734078,299.00866070454845,232.29881983586057,239.24691281610635,324.55728214593887,252.15483472692733,276.0563975429228,287.5444928207498,253.47177447159163,266.1216392057632,224.1225270024065,231.85870597566546,253.34640332854676,273.6908215341039,293.76086854287985,237.0705688124574,303.61875487381855,266.2950086141398,356.9583175202138,234.79466440718147,235.75153178865258,237.23833140219574,264.949119049502,262.86759554278103,258.39319109048665,236.77190884490543,268.56066401521093,262.9373579710693,267.24497710338966,255.98749116249908,267.9650530940975,271.2231677061842,240.3330561262142,233.35584034298273,266.2919275685316,257.30599913493603,228.5156636486008,261.3438090855757,233.7349368241149,240.43897373395043,263.25591348135686,291.9896778628529,243.16331149641886
photo_carrot,253.18220421301137,292.3545229832856,265.7495499707464,274.7357321099828,246.28714634116477,236.9540229914355,250.17342323678744,242.93729014524288,319.5159407105861,408.911139325143,450.5607307987851,278.00042153073724,302.5583171073776,349.5499181409113,232.08572142565237,0.0,401.41409590861343,221.7209603904969,300.36177102507656,318.97841735995286,327.53910166495376,316.1588659559627,373.5406441950924,359.33973772066525,284.40762474353437,327.77933630469425,277.7618530424168,292.5688986265236,318.77744721681154,278.2865359880418,252.10501525629186,277.1342999345709,278.02483811524365,307.7998844025034,279.7539060930849,293.17502353180294,326.1394890183926,284.9523484696425,273.9676675957222,234.5288044208605,262.17274027299953,280.00008323005625,325.47800734240906,343.32167297445136,224.31083341064618,332.64305358673795,253.28797169935805,368.1808426441133,309.4817737906409,229.01115193654036,280.5437446246496,251.07340782130646,316.87648071014644,267.56633582085425,309.10231797753795,243.9939829984695,247.93536547448142,336.7126750084796,261.94577650269906,283.7715684309538,295.3466066800861,263.71905087257767,278.6607021626182,229.8845409480853,238.81889063864014,260.699926950127,282.98359567477667,302.05341877588387,248.86579405746443,308.98766037805416,276.05088152664166,365.42680683641004,239.01680569428447,243.84700307321145,244.5482699871252,270.7968787012545,270.47618866353565,266.8385002515165,242.5778951157665,273.6904260841572,269.48713312277926,273.41083597750054,261.9115826833321,273.3204575672446,277.38473175288834,249.70906634538534,238.00199101057026,272.3683066277854,264.74423605899926,237.60846469078766,268.3209013153586,238.12861035405976,247.1070825497965,270.28332385567046,298.5037968225971,249.55621599456188
photo_watch,406.63172693920876,431.09527544483797,425.47306803367775,431.5671558069575,412.9933850938546,406.07278358036245,415.0490152399713,413.0420704879296,456.37818468445334,524.3903405440567,549.0816313785396,432.8453110679832,445.96347602538725,453.6244671267139,399.6702555037744,401.41409590861343,0.0,405.2993607588455,445.9849407332261,461.2983172509628,459.6949193431156,445.39057748007525,475.2037460231236,475.2709507189687,432.0482418298931,467.47723644459376,441.4767182576065,440.37804809722496,452.2251780018703,413.19911477273246,415.8203222182005,427.98857206251364,429.1197522204689,450.13645715330705,429.9708570435166,438.9657063204555,460.6618816621214,422.62619802312304,422.66944567257605,402.2106183918197,413.13026028233253,435.69316391932443,462.90784474024736,472.89509916548616,403.8800913522357,464.4900363576466,417.6798382677531,484.75900905500794,456.80062550532665,399.00400479420074,440.4163107204744,419.4357090893736,454.47270699336894,424.08681411485367,446.0362953836166,412.18799694788635,414.52962044305576,460.2337304119715,418.8521636030593,438.2480218914366,439.41557028191767,415.02937950356437,420.0266631311171,399.3601529244758,402.16505494444203,426.8504819625441,440.5396812345709,450.97508968091535,419.724144906418,444.5907677881352,433.10344594495257,482.20486746505884,411.7112190041242,413.9985502681299,414.3556674035456,428.2495054388234,431.4627936709302,427.3149882018572,412.78712825714655,432.0341569715586,428.7194988573912,431.22634084879843,423.03844913835024,430.66347573014554,433.6942576532625,416.7458682696762,413.4754084381942,431.079262525987,425.2874961436104,409.0959800916174,430.4056222784735,411.8288384416527,417.7393410703774,427.1491889808286,447.1207666198148,418.71226679817465
photo_key,227.97869251155439,269.8835090722799,222.3005045637435,247.18901071848583,217.9815277257403,206.38643443450002,223.71791124433668,217.32474309958954,284.12470122594794,381.7339099665381,428.4592835485604,244.97360877306636,279.93940846935334,342.4038181877086,213.2621562785137,221.7209603904969,405.2993607588455,0.0,264.92713871285173,289.3035816259893,293.11962992391443,293.95356023356715,349.1688496725878,335.2155745921328,255.489681960579,296.41713449047273,232.21894169158006,260.4310578055205,296.6091196610472,257.21250664802153,219.7332607429289,248.4472425832016,241.65917835142864,281.2409144626286,257.19760610926136,259.6826242376324,295.25024854032523,258.81804420189036,244.27442653759311,224.13210670535994,229.63760736247977,227.50967854400287,293.32370906985227,305.9496210047599,180.70759631805544,294.15037680195456,211.56206028418427,345.036403157744,278.67014337705166,194.8932535883187,234.85017844703572,216.14742789456193,297.7113079351489,245.2182425155511,279.00162527761245,204.964528505961,215.15341398192137,311.0611564239833,230.5733738482383,243.74859102565853,269.7890059449736,236.11207885836717,255.1430080163413,202.04847072199334,211.49058335677523,201.04291100201738,244.79423714586363,266.3701741105802,213.103730622284,280.75239101958164,243.3380891883046,341.25620543997,196.87971823377498,197.59798472076446,197.88192300175496,228.01139540787753,224.00774541730388,217.66275311721736,196.5404207411733,228.06096049527878,223.32968495356917,231.81194255147446,216.01240650132186,226.99543985975671,228.95944276730768,201.0130344072075,194.9677158559963,223.530814558513,219.06883192787734,191.52668028802466,222.0540534240807,195.855498480403,201.08326278620012,222.68561684429773,259.139444519209,205.73466297516117
photo_truck,297.4899747679874,333.71309206560557,301.5869510234936,312.59211648650313,294.93391629129036,290.2244098048461,301.3117288725462,296.60212466178837,348.9956737232744,430.75517668406815,464.6307962896595,314.08412179163327,337.7625190973876,389.6040398506808,293.1214429047087,300.36177102507656,445.9849407332261,264.92713871285173,0.0,347.94567953314765,349.28386855103975,341.15452934867153,390.1565236440925,383.27986735875294,322.9830055307196,355.0522809796275,301.50831300438307,319.78632492953005,358.79068805941716,325.7672077419767,296.97052492536585,318.11475265876913,315.41469037543425,344.52532362258,324.27897623475644,320.30642919771765,357.5878795880992,323.37748798865175,318.01201256460297,302.0629485804118,304.74994120176655,306.4259494674323,333.402701982777,346.7632780396026,271.18503614233964,352.46677888666903,279.26356410138646,394.54913318341755,342.9665394100617,280.3470826706183,308.3078746269618,292.06878237956266,355.642538145836,315.243992717085,348.900862343055,288.7367456075449,297.8871793919683,369.27517877920036,298.0210768816745,309.3359589868105,334.1221324335834,308.5602104359055,327.1568901994964,288.3594955316017,294.64245378100907,299.7470103737798,286.1119592523012,326.0723032379745,292.0749636156735,342.09864164618153,312.25577193221346,391.6090634621827,288.94890355435984,286.9669981265383,287.9924579934589,310.23550690383775,303.1625759472482,300.5846873113594,283.1245240383805,307.8584529031096,303.3365797039958,310.61112314064616,301.61429133990487,307.5530588202529,307.55291746752556,289.76217790015875,284.5030442212517,304.08835879870276,298.19855541924915,282.70728771718274,299.9109212080935,286.7959819457737,290.2076969129431,304.0045107177408,327.2724510100389,288.88366713075595
photo_velo,317.4464462598875,351.7801445728167,319.98977228693485,334.3588327871263,315.1129191825848,314.2285766334175,315.2388129433708,318.2691069468358,360.9134973545669,432.8778777399395,482.4363195612838,329.1852294696599,358.0136735824331,396.47355295499585,319.6984458839893,318.97841735995286,461.2983172509628,289.3035816259893,347.94567953314765,0.0,365.8536283912983,363.1842040805499,404.2074829927774,393.70510960868984,337.7058862225883,376.2328097670774,330.14367788876405,345.3574188157957,370.85616378470155,345.87798281561925,322.87628516378663,341.7926376420193,333.46445363499305,367.80256735551376,344.42309443292623,343.18351532574576,379.36741304944,344.2524202261362,339.24722354404287,324.7925781901395,327.4444322064803,335.796609336984,365.73609827536023,359.6573393419728,298.52837326191747,371.2505709747236,315.3833853375016,407.79806994867226,367.2036673800235,307.26300064787574,332.32453315303775,319.7007184169066,370.1551995058438,333.8396673213595,364.2805433565966,313.5432975622375,321.084964466362,388.20027183463463,330.0272429362061,337.6319440564024,359.03358628206115,333.2491691618359,347.04965020085433,310.5499002415903,318.7160430455364,323.1469041034341,336.6112957207591,344.10174402530924,315.7000045112047,364.09816089805696,340.6524310129164,410.7122934881817,307.09216938701803,306.2360196547062,306.5036866914519,324.7390705172359,325.33808629026674,323.2010825903901,305.0805673800768,327.9383264138889,322.7929954553288,328.79647737902985,315.7948754135454,329.4194350180354,331.0974032796991,310.7273999170906,305.1339543465548,322.8878354880476,321.3126531592607,303.16401264227704,322.88598022492096,305.3692480779949,308.3205874674435,322.795083191252,346.8755867279521,308.34257225166283
photo_road,323.1038745416729,349.7099723011383,302.12560438827825,334.0999071937593,320.12256231635735,318.9732388768891,322.2337701478982,324.3685138505108,358.0060477181297,424.50176728287425,469.8299368511519,328.06562893183525,365.8123269612616,399.6337381896314,321.27284228595954,327.53910166495376,459.6949193431156,293.11962992391443,349.28386855103975,365.8536283912983,0.0,363.9085734993442,405.64508948970837,391.5621676587593,344.91131009253104,379.0986368344394,325.14553035487484,347.7736962801325,375.204527864547,343.9142587648088,328.38634491672303,346.49600426044594,337.28805153503475,362.6025051967194,349.7442146257695,341.4525105091346,370.56530413327016,346.1157620812245,334.9387901482837,332.782832540881,330.0027514855749,330.8722719196587,364.33993706420455,368.7407164699833,290.9128940673385,367.32517969890876,319.7397392953944,409.64641692791633,368.6305152677331,312.92282714462846,332.9010444984406,327.67328542674386,376.99255891025683,344.55634042253917,367.1998584754353,320.6551948191648,326.6201982123334,387.0357520225218,335.2478326806686,338.157694561447,362.72103903349523,335.5261675293651,346.8219992013408,320.30893354848286,322.78144333673424,320.98762557134114,340.4586512889392,348.8855180125192,324.0636009634713,366.59602454984207,337.53870644794694,413.4937949986485,314.7721402431581,312.29564186223956,316.7023003359864,329.13575572512667,328.53431776756884,326.31341397396363,317.44400888336526,329.3089817825875,331.31295059630094,325.7926079554379,323.8000099887381,331.55170740190874,331.2497335045491,318.8033245870486,312.5564778959988,329.26317611211834,324.85242044165227,312.41027449538365,327.96222915683325,316.19479324540913,316.5448616711198,330.1959192208153,351.6081376685914,321.39332724215257
photo_house,309.8595889645984,334.5836698517131,320.47750487267206,325.7126994354226,310.8777078162936,309.3290041329538,311.95300325490757,313.237377745371,364.71654009683334,433.4845331788886,473.37698040364273,335.54603517877274,347.36583982803285,377.2398848700526,310.5124714732868,316.1588659559627,445.39057748007525,293.95356023356715,341.15452934867153,363.1842040805499,363.9085734993442,0.0,400.0614509807391,380.5458806650439,334.66233367248174,369.4289604884137,334.2843422011171,340.3034840417028,365.5138650894478,340.2065558029162,319.55963002741703,332.77840843884354,333.4401751209261,360.81124964425624,338.3906569617704,345.50167078378973,368.84024810875405,333.8714167954425,335.16594504677187,319.8172059623217,321.95262462141864,335.821294774428,367.24410172046584,369.8972726915886,298.21619621291313,364.4638862518357,315.09061427085646,400.7154892732121,357.16838683497735,304.03317115582087,337.19156878537393,317.74642368519443,361.93644462621097,333.43819748862154,355.08688451839356,310.17811935021115,319.35631554337414,385.1898640008634,324.4914539876842,340.227621649466,347.73406021709275,327.2500130278903,342.85154046241195,308.6637896022118,314.7588523050802,323.5755872235092,330.5336871358905,353.3396562003193,312.487912263572,356.778243739941,334.352941698391,403.9909930964882,309.7566158933901,311.54758039511063,312.42469612651905,331.7247508358697,328.16183934120204,329.48803885639023,309.72707011762714,335.71485763483764,329.52765653758325,333.71050072202985,324.56022540810926,332.4017305306979,335.6281410171892,315.5316146954001,306.3443488293216,332.45289547590477,327.8364290010069,306.6840054737063,328.12933050247347,309.62886562713896,313.3689235708809,329.32114075647587,355.5519325486422,315.8067506649232
