,square,rectangle,parallelogram,losange,isoTrapezoid,kite,rightKite,rustedHinge,hinge,trapezoid,random
square,0.0,0.021557707257533476,0.048001832409044876,0.07263436293489467,0.02895641446570907,0.024090784515793162,0.02093783540809535,0.04465710690876534,0.038572672915227146,0.03053290455567159,0.058948370741264355
rectangle,0.021557707257533476,0.0,0.02521792622829455,0.057384787824513284,0.060622347825836975,0.040429480308429966,0.038537442944153844,0.03796433287468304,0.026522261714302497,0.04207894358299835,0.07745650560115747
parallelogram,0.048001832409044876,0.02521792622829455,2.220446049250313e-16,0.017334583708843776,0.06824108317358446,0.05915353257323375,0.04951744807926306,0.04362535580481686,0.03147011155263424,0.031215551509396255,0.05650286505501534
losange,0.07263436293489467,0.057384787824513284,0.017334583708843776,0.0,0.07681120050231383,0.07829353341108503,0.0664891849669661,0.05682115784867292,0.04949199466573839,0.035008623110236226,0.04489534628617431
isoTrapezoid,0.02895641446570907,0.060622347825836975,0.06824108317358446,0.07681120050231383,0.0,0.022520247294917528,0.01799373690553485,0.061434234027163526,0.0581691214783312,0.026200847628504942,0.03660127682381753
kite,0.024090784515793162,0.040429480308429966,0.05915353257323375,0.07829353341108503,0.022520247294917528,0.0,0.01090677481329827,0.053668389142145445,0.04894195405341173,0.04399044708064115,0.06371984855282231
rightKite,0.02093783540809535,0.038537442944153844,0.04951744807926306,0.0664891849669661,0.01799373690553485,0.01090677481329827,0.0,0.049081514727442044,0.04399363483635621,0.02504921632704693,0.04940382550121025
rustedHinge,0.04465710690876534,0.03796433287468304,0.04362535580481686,0.05682115784867292,0.061434234027163526,0.053668389142145445,0.049081514727442044,0.0,0.00471432229398272,0.04914019932392455,0.05885202897536401
hinge,0.038572672915227146,0.026522261714302497,0.03147011155263424,0.04949199466573839,0.0581691214783312,0.04894195405341173,0.04399363483635621,0.00471432229398272,0.0,0.04184552638225014,0.05539268323702473
trapezoid,0.03053290455567159,0.04207894358299835,0.031215551509396255,0.035008623110236226,0.026200847628504942,0.04399044708064115,0.02504921632704693,0.04914019932392455,0.04184552638225014,0.0,0.01779305270093856
random,0.058948370741264355,0.07745650560115747,0.05650286505501534,0.04489534628617431,0.03660127682381753,0.06371984855282231,0.04940382550121025,0.05885202897536401,0.05539268323702473,0.01779305270093856,0.0
