,square,rectangle,parallelogram,losange,isoTrapezoid,kite,rightKite,rustedHinge,hinge,trapezoid,random
square,1.1102230246251565e-16,0.021182129378975345,0.04563492254736712,0.06962954058754944,0.02455239142559107,0.02072518020259584,0.017452962132035954,0.03815867020006847,0.033354275450278914,0.027296865867766473,0.05215380112807222
rectangle,0.021182129378975345,0.0,0.022538131175253273,0.0539774828663212,0.056373823217430674,0.03722799725404091,0.03519645370596736,0.03159931227711954,0.02153069588489298,0.03889959433522505,0.07167569981971078
parallelogram,0.04563492254736712,0.022538131175253273,0.0,0.01684125876224163,0.06704232659661502,0.05936233944118763,0.048754992027575716,0.04090921161946581,0.029827288471370395,0.029976246380168825,0.05529264976294457
losange,0.06962954058754944,0.0539774828663212,0.01684125876224163,0.0,0.07664148274056493,0.07956722399387339,0.06593229058333139,0.05536803600852669,0.048557901724619046,0.0332048314808564,0.04401648343821807
isoTrapezoid,0.02455239142559107,0.056373823217430674,0.06704232659661502,0.07664148274056493,1.1102230246251565e-16,0.020474735773342134,0.016736978349102594,0.05808145525970265,0.055134837679073345,0.024997207758424067,0.03450261060850335
kite,0.02072518020259584,0.03722799725404091,0.05936233944118763,0.07956722399387339,0.020474735773342134,0.0,0.010361537592730952,0.051524466410420744,0.04748813214397829,0.04233136270108384,0.06144256721958086
rightKite,0.017452962132035954,0.03519645370596736,0.048754992027575716,0.06593229058333139,0.016736978349102594,0.010361537592730952,0.0,0.04643420609885318,0.0419454970463784,0.0235559574401637,0.04680926252779383
rustedHinge,0.03815867020006847,0.03159931227711954,0.04090921161946581,0.05536803600852669,0.05808145525970265,0.051524466410420744,0.04643420609885318,0.0,0.004209229530774405,0.044623313248852825,0.055873814897523744
hinge,0.033354275450278914,0.02153069588489298,0.029827288471370395,0.048557901724619046,0.055134837679073345,0.04748813214397829,0.0419454970463784,0.004209229530774405,1.1102230246251565e-16,0.038231021816979016,0.05284107692446949
trapezoid,0.027296865867766473,0.03889959433522505,0.029976246380168825,0.0332048314808564,0.024997207758424067,0.04233136270108384,0.0235559574401637,0.044623313248852825,0.038231021816979016,0.0,0.01603809619619856
random,0.05215380112807222,0.07167569981971078,0.05529264976294457,0.04401648343821807,0.03450261060850335,0.06144256721958086,0.04680926252779383,0.055873814897523744,0.05284107692446949,0.01603809619619856,0.0
