,square,rectangle,parallelogram,losange,isoTrapezoid,kite,rightKite,rustedHinge,hinge,trapezoid,random
square,0.0,0.0007772106741552598,0.002045708850745842,0.0032371949416275525,0.0015732768044754986,0.0011836225542065648,0.0011605173447919448,0.0021050752572382425,0.0017901923357757088,0.0014899672182369095,0.0027262129112680666
rectangle,0.0007772106741552598,0.0,0.001276178266236161,0.0026605438714963903,0.002584624087003995,0.0016918674242920595,0.0017147472845419065,0.0017607278545193061,0.0012756827979938379,0.0018632593468836944,0.0032084475778599852
parallelogram,0.002045708850745842,0.001276178266236161,0.0,0.0007104921754513827,0.0026140383146938673,0.0022148320065019655,0.0019305852023694392,0.0016165847307189063,0.0012651585576647362,0.0012195820299333304,0.0020296855363381994
losange,0.0032371949416275525,0.0026605438714963903,0.0007104921754513827,0.0,0.002935653435514829,0.002946677119358143,0.002605699565816799,0.002097666329214487,0.002000239971040152,0.001453526613918954,0.0016319398662367757
isoTrapezoid,0.0015732768044754986,0.002584624087003995,0.0026140383146938673,0.002935653435514829,0.0,0.0009251988832984503,0.0007071608468766089,0.0023831526163213823,0.0022977285661419655,0.001032548276760692,0.0014245644054520223
kite,0.0011836225542065648,0.0016918674242920595,0.0022148320065019655,0.002946677119358143,0.0009251988832984503,0.0,0.0004592733916620739,0.0019291210490712807,0.0017702046830786466,0.0016774324562430776,0.0023550504611968837
rightKite,0.0011605173447919448,0.0017147472845419065,0.0019305852023694392,0.002605699565816799,0.0007071608468766089,0.0004592733916620739,0.0,0.0018446767890564209,0.0016453588084378579,0.0009826729909596654,0.0018506718012495371
rustedHinge,0.0021050752572382425,0.0017607278545193061,0.0016165847307189063,0.002097666329214487,0.0023831526163213823,0.0019291210490712807,0.0018446767890564209,0.0,0.0001991222531018133,0.0019600569739459672,0.0021777762068990736
hinge,0.0017901923357757088,0.0012756827979938379,0.0012651585576647362,0.002000239971040152,0.0022977285661419655,0.0017702046830786466,0.0016453588084378579,0.0001991222531018133,1.1102230246251565e-16,0.0017299616482355784,0.002133837748530154
trapezoid,0.0014899672182369095,0.0018632593468836944,0.0012195820299333304,0.001453526613918954,0.001032548276760692,0.0016774324562430776,0.0009826729909596654,0.0019600569739459672,0.0017299616482355784,1.1102230246251565e-16,0.0007270246687746118
random,0.0027262129112680666,0.0032084475778599852,0.0020296855363381994,0.0016319398662367757,0.0014245644054520223,0.0023550504611968837,0.0018506718012495371,0.0021777762068990736,0.002133837748530154,0.0007270246687746118,0.0
