,square,rectangle,parallelogram,losange,isoTrapezoid,kite,rightKite,rustedHinge,hinge,trapezoid,random
square,2.220446049250313e-16,0.032003038174536425,0.045744278910080594,0.06596146975236417,0.020517928382826622,0.01433602619458485,0.010096427012243114,0.035460660620374895,0.033461300292337404,0.022627109445423343,0.044505837488015954
rectangle,0.032003038174536425,0.0,0.01980294727639842,0.043692372460753304,0.06512652965559651,0.03967572153678545,0.03732513543905369,0.021972932628174346,0.013610399849709465,0.04041818484610371,0.0656273314080662
parallelogram,0.045744278910080594,0.01980294727639842,0.0,0.021238068044811764,0.06580333098974911,0.05368174125301339,0.0442813555919267,0.032570486510388186,0.02386699741207765,0.034516392842584676,0.05659126298171191
losange,0.06596146975236417,0.043692372460753304,0.021238068044811764,2.220446049250313e-16,0.07113302140228728,0.06844310387800023,0.062170997131126615,0.039493766915487116,0.03650949346371668,0.03786077476423855,0.04048480158604906
isoTrapezoid,0.020517928382826622,0.06512652965559651,0.06580333098974911,0.07113302140228728,0.0,0.022550662312448844,0.020379724923513032,0.062186363941440725,0.0630341989801535,0.026588067584632724,0.039114933697937615
kite,0.01433602619458485,0.03967572153678545,0.05368174125301339,0.06844310387800023,0.022550662312448844,0.0,0.010680419359614168,0.0502487735712831,0.04909125566921446,0.036324120678681626,0.0544471152713083
rightKite,0.010096427012243114,0.03732513543905369,0.0442813555919267,0.062170997131126615,0.020379724923513032,0.010680419359614168,0.0,0.045330297647851236,0.04338090770925351,0.0218884015584212,0.04909393539780882
rustedHinge,0.035460660620374895,0.021972932628174346,0.032570486510388186,0.039493766915487116,0.062186363941440725,0.0502487735712831,0.045330297647851236,0.0,0.003613921609789572,0.04130693021640164,0.05098528586120643
hinge,0.033461300292337404,0.013610399849709465,0.02386699741207765,0.03650949346371668,0.0630341989801535,0.04909125566921446,0.04338090770925351,0.003613921609789572,2.220446049250313e-16,0.0380832779823812,0.05240424392185816
trapezoid,0.022627109445423343,0.04041818484610371,0.034516392842584676,0.03786077476423855,0.026588067584632724,0.036324120678681626,0.0218884015584212,0.04130693021640164,0.0380832779823812,0.0,0.021779705474197497
random,0.044505837488015954,0.0656273314080662,0.05659126298171191,0.04048480158604906,0.039114933697937615,0.0544471152713083,0.04909393539780882,0.05098528586120643,0.05240424392185816,0.021779705474197497,0.0
