,square,rectangle,parallelogram,losange,isoTrapezoid,kite,rightKite,rustedHinge,hinge,trapezoid,random
square,0.16981205746541703,0.26587959743104994,0.30599920540867365,0.30411894280707114,0.22499000317442353,0.19658853394683815,0.20235163675122586,0.256835489969653,0.2663429157582448,0.2600736971500067,0.3093523832515831
rectangle,0.26587959743104994,0.2434136375145879,0.269481704305704,0.28386448921876106,0.34102182346519294,0.28978896604606746,0.2819433951045235,0.30359664686306,0.2908315540992864,0.3242043653515314,0.3846666433314833
parallelogram,0.30599920540867365,0.26948170430570395,0.20920333642413577,0.21197617942175984,0.3385770213842505,0.32737208947581803,0.29173180092470996,0.33482419505699174,0.3089410996272038,0.2853397743133592,0.3355605159914376
losange,0.30411894280707114,0.28386448921876106,0.21197617942175984,0.19227799401014678,0.31840664424431797,0.3244022071104541,0.28444517570822564,0.3337021960690958,0.3094426514389429,0.25478829330157,0.30088402723638535
isoTrapezoid,0.22499000317442353,0.3410218234651929,0.3385770213842505,0.31840664424431797,0.17710200930967107,0.21072544986462333,0.2104876443402787,0.3162449965286413,0.3273024798115134,0.24679823979629098,0.2715123295426386
kite,0.19658853394683815,0.28978896604606746,0.32737208947581803,0.3244022071104541,0.21072544986462333,0.16123220384491038,0.18774226573211616,0.28984907947941235,0.3038723896058363,0.2820671135297063,0.3208540016066434
rightKite,0.20235163675122586,0.28194339510452343,0.29173180092470996,0.28444517570822564,0.2104876443402787,0.18774226573211614,0.17216998591871976,0.28745368645983593,0.2941629548452262,0.2418860938063784,0.2990761317120623
rustedHinge,0.256835489969653,0.30359664686306,0.33482419505699174,0.3337021960690958,0.3162449965286413,0.28984907947941235,0.287453686459836,0.23160036719033103,0.2538388168281756,0.3168430370285207,0.3505936198871728
hinge,0.2663429157582448,0.2908315540992864,0.30894109962720384,0.3094426514389429,0.3273024798115134,0.3038723896058363,0.2941629548452262,0.2538388168281756,0.2526934362673567,0.31029340591707094,0.3476702792963107
trapezoid,0.2600736971500067,0.3242043653515314,0.2853397743133592,0.25478829330157,0.24679823979629098,0.2820671135297063,0.24188609380637846,0.3168430370285207,0.310293405917071,0.20910748263258272,0.25474344056409703
random,0.3093523832515831,0.38466664333148326,0.3355605159914376,0.30088402723638535,0.2715123295426386,0.3208540016066434,0.2990761317120623,0.3505936198871728,0.34767027929631067,0.25474344056409703,0.2532469172764269
