,square,rectangle,parallelogram,losange,isoTrapezoid,kite,rightKite,rustedHinge,hinge,trapezoid,random
square,0.41740268798051455,0.45709045178471797,0.48590100349167187,0.5124603743330284,0.44489047925115155,0.43700227169293165,0.43337318998376856,0.4671201232501567,0.4624341156056555,0.4502906576865255,0.47996087225182343
rectangle,0.45709045178471797,0.4197825546139375,0.4532823968402255,0.48291786641512374,0.4912943797833005,0.46789558190103736,0.46507821049591647,0.45236979608740446,0.4405588995024806,0.4711686978981218,0.501929641287112
parallelogram,0.48590100349167187,0.4532823968402255,0.44005462425306446,0.46815003485159196,0.5070066436695695,0.49660834328620646,0.48743166408835564,0.4740526066981082,0.46161588356348493,0.48146839237063177,0.5074073749049527
losange,0.5124603743330284,0.48291786641512374,0.46815003485159196,0.4493024238735974,0.5181521558614401,0.5180769227073049,0.5118292744259797,0.48552653582225064,0.47896872517309624,0.49002027086645483,0.4950139314194512
isoTrapezoid,0.44489047925115144,0.4912943797833005,0.5070066436695695,0.5181521558614401,0.4248010156467664,0.4497598045593496,0.44747229217419504,0.4944786542112689,0.49316812845277863,0.45840202210801856,0.47703783281997
kite,0.43700227169293165,0.4678955819010373,0.49660834328620634,0.5180769227073049,0.4497598045593496,0.42352669412930555,0.4364381709745234,0.48568035801199805,0.4819228688549557,0.46807734726680256,0.493787612246973
rightKite,0.43337318998376856,0.4650782104959163,0.48743166408835564,0.5118292744259797,0.44747229217419504,0.43643817097452337,0.42462734807941527,0.48000136839799007,0.47527066424712555,0.4538404261545213,0.4879096615709088
rustedHinge,0.4671201232501567,0.45236979608740446,0.4740526066981082,0.48552653582225064,0.49447865421126896,0.48568035801199805,0.48000136839798996,0.4348635733652851,0.4364056050446321,0.4777422959793705,0.49268061005374275
hinge,0.46243411560565545,0.4405588995024806,0.46161588356348493,0.47896872517309624,0.49316812845277874,0.4819228688549557,0.47527066424712566,0.43640560504463216,0.42828418106778765,0.47213551210525906,0.49191124316872237
trapezoid,0.4502906576865255,0.4711686978981218,0.4814683923706319,0.4900202708664549,0.45840202210801856,0.46807734726680256,0.4538404261545213,0.4777422959793705,0.47213551210525906,0.4313029255065618,0.46244918492175835
random,0.4799608722518234,0.501929641287112,0.5074073749049527,0.4950139314194512,0.4770378328199701,0.49378761224697293,0.4879096615709088,0.49268061005374275,0.49191124316872237,0.46244918492175835,0.4413128145691867
