,square,rectangle,parallelogram,losange,isoTrapezoid,kite,rightKite,rustedHinge,hinge,trapezoid,random
square,0.3860719899941625,0.425715342225745,0.45508858169924943,0.4824731979289744,0.41356115995629467,0.40561741213941493,0.40195154019356755,0.4362696878202352,0.43121549913363305,0.419334817975935,0.44913645417747505
rectangle,0.425715342225745,0.38820280306156546,0.42205626483203057,0.45257049710129,0.4605700736442379,0.43671165692236935,0.43409449487794205,0.4213043868373255,0.4090373438910076,0.44033873670582613,0.47129201848928437
parallelogram,0.45508858169924943,0.42205626483203057,0.40797055873940374,0.43701180458319977,0.47646710077047616,0.4661476200546635,0.4566242925510871,0.4435041023077833,0.43050112032687243,0.4501961646118001,0.4764644546277207
losange,0.48247319792897436,0.45257049710129,0.4370118045831998,0.41733606727550865,0.4880187355176544,0.4882389954832332,0.48187520930685496,0.4551636169608661,0.44836604550453396,0.45888155373663436,0.4635796478982693
isoTrapezoid,0.41356115995629467,0.4605700736442379,0.47646710077047616,0.4880187355176544,0.393059211002875,0.4182354278470572,0.4161313253923373,0.4642339484955562,0.46255925181755325,0.4271082649879201,0.44594809473669283
kite,0.40561741213941493,0.43671165692236935,0.4661476200546635,0.4882389954832332,0.4182354278470572,0.39153030391552396,0.4048105088681878,0.4551276777246382,0.451122160301661,0.43745535796208185,0.46339443315192896
rightKite,0.40195154019356755,0.43409449487794194,0.4566242925510871,0.481875209306855,0.41613132539233744,0.4048105088681878,0.3928852547473675,0.44971379058330774,0.4446330439427733,0.42269404530229865,0.45736301787304406
rustedHinge,0.4362696878202352,0.4213043868373255,0.4435041023077833,0.45516361696086616,0.4642339484955563,0.4551276777246382,0.44971379058330774,0.40313487754037897,0.40449543685894696,0.4473489684745478,0.461891654186247
hinge,0.4312154991336331,0.4090373438910076,0.43050112032687243,0.44836604550453396,0.46255925181755325,0.451122160301661,0.4446330439427733,0.40449543685894696,0.3962810743196237,0.441359671700652,0.4609323940402389
trapezoid,0.419334817975935,0.44033873670582613,0.4501961646118001,0.45888155373663436,0.4271082649879201,0.43745535796208174,0.42269404530229865,0.44734896847454764,0.441359671700652,0.3994257155376177,0.4306813610348694
random,0.44913645417747505,0.4712920184892843,0.4764644546277207,0.4635796478982693,0.44594809473669283,0.46339443315192885,0.4573630178730441,0.46189165418624706,0.46093239404023884,0.4306813610348694,0.40878278550830727
