,square,rectangle,parallelogram,losange,isoTrapezoid,kite,rightKite,rustedHinge,hinge,trapezoid,random
square,0.16391185411601994,0.25429201060849405,0.2972060044541108,0.2999339377836052,0.22544126187689248,0.20258961286299215,0.2062452693842978,0.25738726784196886,0.2662622159905979,0.2573721939903763,0.30674930597266625
rectangle,0.25429201060849405,0.2315008037213857,0.2621413955224323,0.279951735403111,0.33186552412170195,0.28699032821284653,0.27824655536011444,0.29816044728940616,0.28687142288696327,0.3161669198849053,0.3746781042648689
parallelogram,0.2972060044541108,0.2621413955224323,0.2028936847739687,0.20846047667851936,0.33010044892076634,0.3206496689035638,0.2865869290296045,0.32428881900212186,0.3013373563834938,0.2785939149411753,0.32709700832700894
losange,0.29993393778360516,0.279951735403111,0.2084604766785193,0.18923246736746555,0.3144291419649011,0.3209705695411387,0.2831223552086643,0.3249891144230962,0.30380041083107695,0.2525232383551908,0.2957752096495527
isoTrapezoid,0.22544126187689248,0.33186552412170195,0.33010044892076634,0.3144291419649011,0.1744430851463208,0.20971835209181736,0.20830748659704426,0.3067513698152506,0.31763068305935993,0.24176016209185852,0.2665857292240503
kite,0.20258961286299215,0.28699032821284653,0.3206496689035638,0.3209705695411386,0.2097183520918173,0.1613238175795039,0.1861218606213768,0.2834035040879075,0.2963673575618457,0.2771095490084395,0.31393452317085535
rightKite,0.2062452693842978,0.27824655536011444,0.28658692902960453,0.2831223552086643,0.20830748659704426,0.1861218606213768,0.16958980170187637,0.279052907914858,0.2855922858871843,0.23799002938315447,0.2914834053307101
rustedHinge,0.2573872678419688,0.29816044728940616,0.32428881900212186,0.3249891144230962,0.3067513698152506,0.28340350408790754,0.279052907914858,0.2226066997857444,0.24432771683562127,0.30679812021511615,0.3367191670131568
hinge,0.2662622159905979,0.28687142288696327,0.3013373563834938,0.303800410831077,0.31763068305935993,0.2963673575618457,0.2855922858871843,0.24432771683562127,0.24326081687574383,0.30129748165944664,0.3347632168514518
trapezoid,0.2573721939903763,0.3161669198849053,0.2785939149411753,0.25252323835519075,0.24176016209185847,0.2771095490084395,0.23799002938315442,0.30679812021511615,0.30129748165944664,0.20336735901307373,0.24774602400594972
random,0.30674930597266625,0.37467810426486897,0.32709700832700894,0.2957752096495527,0.26658572922405027,0.31393452317085535,0.2914834053307101,0.3367191670131568,0.3347632168514518,0.24774602400594972,0.24306458348703866
