,square,rectangle,parallelogram,losange,isoTrapezoid,kite,rightKite,rustedHinge,hinge,trapezoid,random
square,0.2859535390828539,0.31947357457550624,0.34526669816675093,0.36978266726341635,0.3084269200921269,0.30211852523046046,0.29871616365243414,0.3290243577307257,0.323970950008325,0.3147116854099481,0.33963432416825
rectangle,0.31947357457550624,0.28725704696707444,0.3157759627893544,0.3429075723793712,0.34903257976854396,0.3282599841922777,0.32638035026403656,0.3161632475620989,0.3049291372841839,0.33238381721529736,0.35867747009988404
parallelogram,0.34526669816675093,0.3157759627893544,0.3014674430385995,0.32720961405660076,0.36314812007884223,0.3543765773663764,0.34571515156056737,0.3348817147769582,0.3228712259733092,0.339163398081631,0.3616802549566874
losange,0.36978266726341635,0.3429075723793712,0.32720961405660076,0.3087496452737838,0.3736418061083732,0.3741958143771653,0.3682454405826317,0.34487396727036634,0.3386217110741228,0.3465322510776633,0.3498859036201992
isoTrapezoid,0.30842692009212685,0.3490325797685439,0.36314812007884223,0.3736418061083732,0.28967523912803517,0.3116604491351092,0.30995106684916257,0.35271281068986055,0.35045902245170574,0.31985971458013646,0.33522531808251566
kite,0.3021185252304605,0.3282599841922777,0.35437657736637634,0.3741958143771653,0.31166044913510915,0.2885445746474251,0.30032811646012175,0.34473497619832205,0.3407359152275958,0.33044752091510776,0.3521260068546251
rightKite,0.29871616365243414,0.32638035026403656,0.34571515156056737,0.36824544058263164,0.30995106684916257,0.30032811646012175,0.2896546289169109,0.34049960505393123,0.33549758544666547,0.31640211525106204,0.3461257646459816
rustedHinge,0.3290243577307257,0.316163247562099,0.3348817147769582,0.3448739672703664,0.35271281068986055,0.34473497619832205,0.34049960505393123,0.29844251427359486,0.29963521165225443,0.3387637825122171,0.349731791573397
hinge,0.323970950008325,0.3049291372841839,0.3228712259733092,0.3386217110741228,0.3504590224517057,0.3407359152275958,0.3354975854466655,0.29963521165225443,0.2924971477997351,0.33286807631215615,0.3484611095977688
trapezoid,0.31471168540994815,0.3323838172152974,0.339163398081631,0.3465322510776633,0.31985971458013646,0.33044752091510776,0.31640211525106204,0.3387637825122171,0.33286807631215615,0.2957962048368551,0.3215807971705638
random,0.33963432416825,0.35867747009988404,0.3616802549566874,0.3498859036201993,0.33522531808251566,0.35212600685462503,0.3461257646459816,0.349731791573397,0.3484611095977688,0.3215807971705638,0.3016594457134437
