,square,rectangle,parallelogram,losange,isoTrapezoid,kite,rightKite,rustedHinge,hinge,trapezoid,random
square,0.22584597379197524,0.2573087910201229,0.28206547383201236,0.3050042064005454,0.24652489603871383,0.24088338041067014,0.23737052319288937,0.26521964852530655,0.2611924809248657,0.25267663388897355,0.2762928234752442
rectangle,0.25730879102012294,0.22727066476597493,0.2531279363263624,0.27888011529963824,0.2856571908101381,0.265377885611426,0.2636526013233634,0.2536635402525069,0.24371855222198527,0.2693367941605986,0.2953221494253129
parallelogram,0.28206547383201236,0.2531279363263624,0.23675625275197393,0.25976952237858436,0.2988940891915832,0.2904196207515146,0.28132242953746533,0.27042430753111846,0.25959214649404255,0.2726350490215146,0.29489461248848786
losange,0.3050042064005454,0.27888011529963824,0.2597695223785844,0.24073764190021393,0.30832013099360106,0.30898557587050623,0.30196390272603707,0.2796036413669123,0.2743382180137341,0.27812147196379344,0.2822826070103131
isoTrapezoid,0.24652489603871383,0.2856571908101381,0.2988940891915832,0.3083201309936011,0.22782271834725923,0.24900138776495656,0.2469250341886992,0.28792819686232596,0.28649794718981647,0.25608198332291604,0.2699983744501451
kite,0.2408833804106701,0.265377885611426,0.2904196207515146,0.30898557587050623,0.24900138776495656,0.2269331971365279,0.23814433573624036,0.2799550763816982,0.277050253399755,0.2680145274880464,0.28849256786445876
rightKite,0.23737052319288937,0.2636526013233633,0.2813224295374653,0.30196390272603707,0.2469250341886992,0.23814433573624041,0.22724412646366285,0.27631364102840644,0.2724573351542015,0.2527595015887905,0.2809984176656092
rustedHinge,0.26521964852530655,0.2536635402525069,0.27042430753111846,0.2796036413669123,0.28792819686232596,0.2799550763816982,0.27631364102840644,0.23289908069945467,0.23559087998906758,0.274189020765927,0.2842927584272303
hinge,0.2611924809248657,0.24371855222198527,0.25959214649404255,0.27433821801373404,0.2864979471898164,0.277050253399755,0.2724573351542015,0.23559087998906758,0.23015130040240292,0.26920801766024055,0.283803666979993
trapezoid,0.25267663388897355,0.2693367941605986,0.2726350490215146,0.2781214719637934,0.25608198332291604,0.2680145274880464,0.2527595015887905,0.274189020765927,0.2692080176602406,0.23216437957716807,0.25528162689599004
random,0.2762928234752442,0.2953221494253129,0.2948946124884879,0.2822826070103131,0.2699983744501451,0.2884925678644588,0.2809984176656091,0.2842927584272303,0.283803666979993,0.25528162689599004,0.23677959651431343
