,square,rectangle,parallelogram,losange,isoTrapezoid,kite,rightKite,rustedHinge,hinge,trapezoid,random
square,0.18215906172095397,0.21876276898094438,0.2547590244176175,0.28129344657286665,0.21292764214423138,0.21122683730327796,0.20575090962367537,0.23638714669817484,0.2325150333217635,0.2210398148457618,0.2553685901180017
rectangle,0.21876276898094443,0.18833690228246627,0.22204921884096576,0.2561646469595176,0.2618143721857762,0.24099033185747126,0.23663339841719372,0.22918474226979169,0.21830135394141012,0.24256588321746206,0.28319450748288416
parallelogram,0.2547590244176175,0.22204921884096582,0.19091659202470557,0.21370944622238594,0.27858102650249056,0.2762898576997844,0.25654510226775784,0.25097917267154485,0.23662980846456166,0.23452031060845543,0.2676296733210711
losange,0.28129344657286665,0.2561646469595176,0.21370944622238597,0.18847204926242164,0.287470556270936,0.295973057915297,0.2759945645847641,0.26379534132665794,0.25564524428892643,0.23602782612343637,0.24905717578422554
isoTrapezoid,0.21292764214423138,0.2618143721857762,0.27858102650249056,0.287470556270936,0.1873402350346609,0.21752386358873346,0.21209136375116042,0.2694998946075151,0.2687793041291073,0.22157768536282774,0.2407193297434104
kite,0.21122683730327801,0.24099033185747132,0.27628985769978437,0.29597305791529693,0.21752386358873346,0.18662336928755832,0.20057899730581444,0.2616855106638016,0.2601569779864565,0.24845937627652648,0.2750644768738494
rightKite,0.20575090962367537,0.23663339841719372,0.2565451022677578,0.2759945645847642,0.21209136375116042,0.20057899730581444,0.1822761329852674,0.25732683352452906,0.25409024334104957,0.2187389844658144,0.2554311851865046
rustedHinge,0.23638714669817484,0.22918474226979169,0.25097917267154485,0.26379534132665794,0.2694998946075151,0.2616855106638016,0.25732683352452906,0.1888139124606213,0.1957041351779268,0.25379154053980474,0.26492075438551294
hinge,0.23251503332176343,0.21830135394141012,0.23662980846456166,0.2556452442889265,0.2687793041291073,0.26015697798645643,0.25409024334104957,0.19570413517792679,0.1911757666918991,0.24745869264764778,0.2629460393637982
trapezoid,0.2210398148457618,0.24256588321746206,0.23452031060845543,0.2360278261234364,0.22157768536282774,0.24845937627652648,0.2187389844658144,0.2537915405398048,0.2474586926476478,0.18726516155593423,0.21499831314368817
random,0.2553685901180018,0.28319450748288416,0.2676296733210711,0.24905717578422554,0.24071932974341043,0.2750644768738494,0.2554311851865046,0.26492075438551294,0.2629460393637982,0.21499831314368817,0.19539363205681143
