,square,rectangle,parallelogram,losange,isoTrapezoid,kite,rightKite,rustedHinge,hinge,trapezoid,random
square,0.2657118741108394,0.2987589443683533,0.32387067787499746,0.3477642451355362,0.28722735639967056,0.281070697212326,0.27765465818086893,0.30737391301480743,0.30272316459270127,0.293594295332563,0.31806899432252833
rectangle,0.2987589443683533,0.2672289511262217,0.29455806529890416,0.32111948127971807,0.327575192739406,0.3068958314888037,0.3051077690208003,0.294844227352529,0.284119295492634,0.3111066709388155,0.3371389722947594
parallelogram,0.3238706778749975,0.29455806529890416,0.2790770215341228,0.3039676191561899,0.34097928730590027,0.33231371665701714,0.32351556858675384,0.3126128985146758,0.3010804509104281,0.3163851752185336,0.33874749688069766
losange,0.3477642451355362,0.321119481279718,0.30396761915618997,0.28496515860489946,0.35090477588512636,0.3515355076405206,0.34533428196862803,0.3220993096952407,0.31635515348448506,0.3229646073122977,0.3263072451446849
isoTrapezoid,0.28722735639967056,0.327575192739406,0.3409792873059003,0.3509047758851264,0.26807199128949877,0.28980960257721605,0.2880075170797642,0.33043129889961514,0.32850103189320184,0.2977308084348297,0.3126463080342372
kite,0.28107069721232597,0.3068958314888037,0.33231371665701714,0.35153550764052055,0.28980960257721605,0.26698601628555635,0.2786286030850658,0.32226561921505,0.3187225372534906,0.30880000858800627,0.3300520883267568
rightKite,0.27765465818086893,0.3051077690208003,0.32351556858675384,0.34533428196862803,0.2880075170797642,0.27862860308506576,0.2679178115820494,0.31832949229060536,0.3137419693722434,0.29434068064574315,0.32364150011778126
rustedHinge,0.3073739130148075,0.294844227352529,0.3126128985146758,0.32209930969524075,0.33043129889961514,0.32226561921505,0.31832949229060536,0.27574656709300477,0.27751187250473675,0.3166268718366852,0.32715586248047307
hinge,0.30272316459270127,0.284119295492634,0.3010804509104281,0.31635515348448506,0.3285010318932018,0.31872253725349053,0.3137419693722434,0.2775118725047368,0.27104095170260756,0.3110984453741754,0.32625920164738126
trapezoid,0.293594295332563,0.3111066709388155,0.3163851752185336,0.3229646073122977,0.29773080843482974,0.30880000858800627,0.2943406806457431,0.31662687183668525,0.31109844537417536,0.27370687159568713,0.29864423687264524
random,0.3180689943225284,0.33713897229475936,0.33874749688069766,0.32630724514468484,0.31264630803423726,0.3300520883267568,0.3236415001177813,0.32715586248047307,0.32625920164738126,0.29864423687264524,0.2790118652652309
