,square,rectangle,parallelogram,losange,isoTrapezoid,kite,rightKite,rustedHinge,hinge,trapezoid,random
square,0.34510463489491616,0.36105057196210355,0.37378864909343074,0.3856351498894572,0.3579331170899937,0.35531535897998884,0.3540850723954289,0.3660928014613195,0.36392701231305974,0.3599522443613897,0.3726899166451807
rectangle,0.36105057196210355,0.3444873430756014,0.3605020620153528,0.37357799461179847,0.3741031918455075,0.36613499885342776,0.3646026443375682,0.3596424550615127,0.3547250694427597,0.3671020840971779,0.38054140809459813
parallelogram,0.37378864909343074,0.3605020620153528,0.3585362959646113,0.3713984754235102,0.3827251820983265,0.3786322091977994,0.3756644729860994,0.37014440820213135,0.36511994720612007,0.3741048182213888,0.385128361858668
losange,0.38563514988945724,0.37357799461179847,0.3713984754235102,0.36693895854769437,0.38882738711081033,0.38888581029640246,0.3865893613456276,0.37695445138136396,0.37371835261491454,0.3793062311636592,0.38291226622183666
isoTrapezoid,0.35793311708999376,0.3741031918455075,0.38272518209832657,0.38882738711081033,0.34972299438246957,0.3610636560626696,0.3597243166484604,0.37665465038902896,0.37586169537167113,0.36429894898881643,0.3720143207580909
kite,0.35531535897998884,0.3661349988534277,0.3786322091977994,0.38888581029640246,0.3610636560626696,0.35171434470343993,0.3566490520604198,0.3743920065937498,0.3723133411949349,0.3681002547682263,0.3790426021081882
rightKite,0.3540850723954289,0.3646026443375682,0.3756644729860994,0.3865893613456276,0.3597243166484604,0.3566490520604198,0.3511418586330117,0.3717457647146747,0.3695268421818302,0.36289579906209113,0.37668653149983483
rustedHinge,0.3660928014613195,0.3596424550615127,0.37014440820213135,0.37695445138136396,0.37665465038902896,0.3743920065937498,0.37174576471467463,0.3547645911508429,0.35552430441579974,0.37098871486791035,0.3789417593460581
hinge,0.36392701231305974,0.3547250694427597,0.36511994720612007,0.3737183526149145,0.37586169537167113,0.3723133411949349,0.3695268421818302,0.35552430441579974,0.3508751463831232,0.36854785412726593,0.3780285093160319
trapezoid,0.3599522443613897,0.3671020840971779,0.3741048182213888,0.3793062311636592,0.36429894898881643,0.3681002547682263,0.36289579906209113,0.37098871486791035,0.36854785412726593,0.3545892318032119,0.36834891412887366
random,0.3726899166451807,0.3805414080945982,0.385128361858668,0.38291226622183666,0.3720143207580909,0.3790426021081882,0.37668653149983494,0.3789417593460581,0.3780285093160319,0.36834891412887366,0.3613400419944962
