,square,rectangle,parallelogram,losange,isoTrapezoid,kite,rightKite,rustedHinge,hinge,trapezoid,random
square,0.20911247111080242,0.239927637907758,0.2647976258249352,0.2873135879983374,0.22942842221707155,0.2238896075412045,0.2203288546553193,0.24766944388893056,0.2439467691057295,0.23557501595045993,0.25887649068889523
rectangle,0.239927637907758,0.2104994380192798,0.2358466133668883,0.2613942964668193,0.268270138742896,0.24785215228387877,0.2460925832683709,0.23649061110385597,0.22689788197856153,0.2518420987792125,0.2779442186245895
parallelogram,0.2647976258249352,0.2358466133668883,0.21895809083903844,0.24102190784766456,0.28145888323704316,0.2728752274517843,0.26352959118348357,0.252986991231012,0.2424522227352004,0.2542083012026514,0.2763632945599875
losange,0.2873135879983374,0.26139429646681933,0.2410219078476646,0.22230549183288412,0.2905752389358042,0.29113163713493995,0.283479220485689,0.2623493403279933,0.25722196062196406,0.2591778619310396,0.2637015118319866
isoTrapezoid,0.22942842221707155,0.268270138742896,0.28145888323704316,0.29057523893580417,0.21087756479472483,0.23169460432906208,0.22937664503085636,0.2703933664188041,0.26920584956910737,0.23855346349513787,0.25197004246177446
kite,0.2238896075412045,0.24785215228387877,0.2728752274517843,0.29113163713493995,0.23169460432906214,0.20976717232450182,0.22069132976233005,0.26221312191729257,0.2596209955606855,0.250741528738696,0.2708953385088116
rightKite,0.2203288546553193,0.2460925832683709,0.2635295911834836,0.2834792204856891,0.22937664503085636,0.22069132976233005,0.20966909416703405,0.25864123161024033,0.2551327454045109,0.23499937736607385,0.26272889263447735
rustedHinge,0.24766944388893056,0.23649061110385597,0.252986991231012,0.2623493403279933,0.2703933664188041,0.26221312191729257,0.2586412316102404,0.21491093152931368,0.21807930349130158,0.2566615776643895,0.26669429013919377
hinge,0.2439467691057295,0.22689788197856153,0.24245222273520034,0.25722196062196406,0.26920584956910737,0.2596209955606855,0.2551327454045109,0.21807930349130158,0.2131216166665743,0.2518879762359149,0.26629882826663615
trapezoid,0.23557501595045996,0.2518420987792125,0.2542083012026514,0.2591778619310396,0.23855346349513792,0.250741528738696,0.23499937736607385,0.2566615776643895,0.2518879762359149,0.2146587714462978,0.23683572919295007
random,0.25887649068889523,0.27794421862458946,0.2763632945599875,0.2637015118319866,0.25197004246177446,0.2708953385088116,0.26272889263447735,0.26669429013919377,0.2662988282666362,0.23683572919295007,0.21898381745432652
