,square,rectangle,parallelogram,losange,isoTrapezoid,kite,rightKite,rustedHinge,hinge,trapezoid,random
square,0.17866337766119675,0.21856427282455387,0.2573930183394734,0.28396714684355,0.2125810415228375,0.21109678676288027,0.20595921072809872,0.23883907161848061,0.23504743667235198,0.22308120099387443,0.2607634744399636
rectangle,0.21856427282455387,0.18821703806047982,0.22411596903640746,0.25917864882446306,0.2651940538760426,0.24437499034396315,0.2396955468426387,0.2341751620467812,0.22290068394264995,0.24697926953321173,0.2915211252171963
parallelogram,0.2573930183394734,0.22411596903640746,0.19035741116350177,0.21288356028946887,0.2819738528505456,0.281809917347631,0.25975609396825067,0.25849238639134076,0.24294157735741592,0.23667791711158936,0.27311625853718197
losange,0.28396714684355,0.25917864882446306,0.21288356028946887,0.1875854629781897,0.29006942005668623,0.3009509763376225,0.2781021837340768,0.27207362014337766,0.26243443795542426,0.23673158467820465,0.2534860523585815
isoTrapezoid,0.2125810415228375,0.26519405387604256,0.2819738528505456,0.2900694200566862,0.1843600881801769,0.21686967832639598,0.21052553170859442,0.27411442477045134,0.2734694447500005,0.22141872743353902,0.24285322594845205
kite,0.21109678676288027,0.24437499034396315,0.281809917347631,0.3009509763376225,0.21686967832639598,0.18346493812392453,0.19852711220362226,0.26588198409222297,0.2647509884193073,0.2520788523072075,0.28061176652601494
rightKite,0.20595921072809872,0.2396955468426387,0.25975609396825067,0.27810218373407686,0.21052553170859442,0.19852711220362226,0.17884755203083835,0.2613625254791644,0.2582514597832059,0.21919850669908852,0.2585092200448268
rustedHinge,0.23883907161848061,0.23417516204678127,0.2584923863913408,0.27207362014337766,0.2741144247704513,0.26588198409222297,0.26136252547916433,0.1906510236033832,0.1982442868805497,0.2603438866376092,0.2728373783619191
hinge,0.23504743667235195,0.22290068394264995,0.24294157735741595,0.26243443795542426,0.2734694447500005,0.2647509884193073,0.2582514597832059,0.1982442868805497,0.1936342808301579,0.25347787630288804,0.2701514692381177
trapezoid,0.22308120099387443,0.24697926953321173,0.2366779171115894,0.23673158467820465,0.22141872743353896,0.2520788523072075,0.21919850669908858,0.2603438866376092,0.25347787630288804,0.1862266248483187,0.21694040493732483
random,0.2607634744399636,0.2915211252171963,0.273116258537182,0.2534860523585815,0.24285322594845205,0.28061176652601494,0.2585092200448268,0.2728373783619191,0.2701514692381177,0.21694040493732483,0.19802709235563112
