,square,rectangle,parallelogram,losange,isoTrapezoid,kite,rightKite,rustedHinge,hinge,trapezoid,random
square,0.1752729992144305,0.22233713526437193,0.26431223911782714,0.2880955939314481,0.2130470207703461,0.20963487669310277,0.20540844418033027,0.24215108837703564,0.2390276256859158,0.22730314315317587,0.26883265274043827
rectangle,0.22233713526437193,0.19216394556883282,0.22975940211686813,0.26371076893899065,0.273633783054917,0.2504552073129332,0.24517627328794794,0.2426227384082583,0.23092941616765095,0.2564053527978286,0.30576557211381616
parallelogram,0.26431223911782714,0.22975940211686813,0.1931533647506971,0.21439480166396258,0.28987477519684507,0.29120811829802296,0.265798427106639,0.2716651645530085,0.2541695291253816,0.24389655782805106,0.284784990499215
losange,0.28809559393144807,0.26371076893899065,0.21439480166396258,0.1897066719995038,0.2946347595899884,0.30771256213291953,0.2807111666422422,0.28498879696125223,0.2727940830372911,0.24030741188457996,0.26312573364779995
isoTrapezoid,0.21304702077034607,0.273633783054917,0.28987477519684507,0.29463475958998847,0.182314511077515,0.2166680608135729,0.20926169958735544,0.28192053449051196,0.281283244817937,0.22314332847196353,0.24730647374180295
kite,0.20963487669310277,0.2504552073129332,0.29120811829802296,0.3077125621329195,0.2166680608135729,0.1791679754172817,0.19581346941675734,0.27114911837392197,0.27066962963068203,0.25725487002578623,0.2881048420317856
rightKite,0.20540844418033027,0.245176273287948,0.265798427106639,0.2807111666422422,0.20926169958735544,0.19581346941675737,0.17472537785529793,0.2664919036857868,0.263426982358388,0.2206415506483017,0.26368009642987006
rustedHinge,0.2421510883770356,0.2426227384082583,0.2716651645530085,0.28498879696125223,0.28192053449051196,0.27114911837392197,0.2664919036857868,0.19609134399814837,0.20446397930383775,0.2709323198932611,0.2868115842257063
hinge,0.2390276256859158,0.23092941616765095,0.25416952912538165,0.2727940830372911,0.28128324481793693,0.2706696296306821,0.263426982358388,0.2044639793038377,0.1995309209967532,0.2631238957576672,0.2828208521679394
trapezoid,0.22730314315317587,0.2564053527978286,0.2438965578280511,0.24030741188457996,0.22314332847196353,0.25725487002578623,0.2206415506483017,0.2709323198932611,0.26312389575766715,0.18753357850384822,0.22272676596408733
random,0.26883265274043827,0.30576557211381616,0.28478499049921496,0.26312573364779995,0.24730647374180295,0.2881048420317856,0.26368009642987,0.2868115842257063,0.2828208521679394,0.22272676596408736,0.20594771205764606
