,square,rectangle,parallelogram,losange,isoTrapezoid,kite,rightKite,rustedHinge,hinge,trapezoid,random
square,0.18749230212630003,0.21814396901589947,0.24412345596918125,0.26672054812159407,0.20903640816021707,0.20473450702818294,0.20008412842006817,0.22632888314236405,0.22331826869904023,0.21448995646173571,0.2389307805811241
rectangle,0.21814396901589947,0.18885633870969154,0.21455170199831627,0.24137399350001934,0.24927676550381908,0.22860156658265632,0.2258294583108724,0.2156217033347623,0.20668923599234776,0.23114713304963788,0.2599708138123549
parallelogram,0.24412345596918125,0.21455170199831627,0.19251115529583854,0.21325160477412233,0.2620697258932734,0.255064609026936,0.24254167237106714,0.23121999587684458,0.22100903622187876,0.22856330753308007,0.2521571384345432
losange,0.2667205481215941,0.24137399350001934,0.21325160477412233,0.19207953805469383,0.27053524737491946,0.27299334832331335,0.26155487298770624,0.2408402145094051,0.23623238992292114,0.2318613893529115,0.23742014025699829
isoTrapezoid,0.20903640816021704,0.24927676550381908,0.2620697258932734,0.27053524737491946,0.1889548387742427,0.21160868097085728,0.20801074727588684,0.2514195363376367,0.25115181223771504,0.21654342030232918,0.2296867524286605
kite,0.20473450702818294,0.22860156658265632,0.25506460902693606,0.27299334832331335,0.21160868097085725,0.18855355408253857,0.1994995647004346,0.24359291422452004,0.2420690171447892,0.2326422922136819,0.25346339728299355
rightKite,0.20008412842006817,0.2258294583108724,0.24254167237106714,0.26155487298770624,0.20801074727588684,0.1994995647004346,0.18615446766970237,0.23963258446146854,0.23699681032044018,0.21260227009068647,0.24135206820740251
rustedHinge,0.2263288831423641,0.21562170333476227,0.23121999587684458,0.24084021450940515,0.2514195363376367,0.24359291422452004,0.23963258446146854,0.18797755732517918,0.1930848626621032,0.23547500673228938,0.24526764336833765
hinge,0.22331826869904023,0.20668923599234781,0.22100903622187876,0.23623238992292114,0.251151812237715,0.2420690171447892,0.23699681032044018,0.1930848626621032,0.18927773468183862,0.2312159527931641,0.2454054217641201
trapezoid,0.21448995646173574,0.23114713304963788,0.22856330753308005,0.2318613893529115,0.21654342030232923,0.23264229221368193,0.2126022700906865,0.23547500673228938,0.2312159527931641,0.1891064963155376,0.21010523822758967
random,0.2389307805811241,0.2599708138123548,0.2521571384345432,0.2374201402569983,0.2296867524286605,0.25346339728299355,0.24135206820740251,0.24526764336833765,0.2454054217641201,0.21010523822758967,0.1920303140681869
