,square,rectangle,parallelogram,losange,isoTrapezoid,kite,rightKite,rustedHinge,hinge,trapezoid,random
square,0.16516562396640072,0.24786752468935416,0.2897793607029541,0.2885461114326701,0.21112629135289532,0.1865397558415166,0.18960488016662724,0.24670599840621013,0.25108333404850014,0.2431398475293466,0.29169456860448784
rectangle,0.24786752468935416,0.22068175918734032,0.24999794005365816,0.2654565195230114,0.31013633318159844,0.26412587942413523,0.2575258890879594,0.280182021860506,0.2669739614365442,0.29626292114361913,0.35711496063767056
parallelogram,0.2897793607029541,0.24999794005365816,0.19717641500371702,0.20329679962199468,0.3099463075700014,0.3051899877735505,0.26899407328703157,0.3190278105612156,0.2921976339551088,0.2651670584587111,0.3163355199465081
losange,0.28854611143267006,0.2654565195230114,0.20329679962199473,0.18373997556521596,0.2916150575295257,0.30267322659381735,0.26103224311671397,0.31980091925803517,0.29441710519578834,0.23742409632530875,0.2837509377571132
isoTrapezoid,0.21112629135289532,0.31013633318159844,0.3099463075700014,0.2916150575295257,0.1710611364899425,0.20420142172666794,0.1956233630632342,0.30310218316775395,0.30466761072781545,0.2265221902074107,0.2544997707224732
kite,0.18653975584151658,0.26412587942413523,0.30518998777355044,0.30267322659381735,0.20420142172666794,0.15426431393479187,0.1760863312165325,0.2773230971751325,0.2846508721506367,0.2635181888110911,0.30302401087637304
rightKite,0.18960488016662724,0.2575258890879595,0.26899407328703157,0.261032243116714,0.19562336306323416,0.17608633121653253,0.15522189848765622,0.27408239067425216,0.2742055240867324,0.21884852677412167,0.27497338500058893
rustedHinge,0.24670599840621013,0.280182021860506,0.3190278105612156,0.31980091925803517,0.30310218316775395,0.2773230971751325,0.27408239067425216,0.22259895113557077,0.23775264655677875,0.3033622119827101,0.33674276536353204
hinge,0.25108333404850014,0.2669739614365443,0.2921976339551088,0.29441710519578834,0.30466761072781534,0.2846508721506367,0.2742055240867324,0.23775264655677877,0.2351349051483887,0.2926367011280782,0.3289922237225993
trapezoid,0.2431398475293466,0.29626292114361913,0.2651670584587111,0.23742409632530878,0.2265221902074107,0.26351818881109107,0.21884852677412167,0.3033622119827101,0.29263670112807816,0.19395931956803192,0.24124009467343596
random,0.29169456860448784,0.35711496063767056,0.3163355199465081,0.28375093775711313,0.2544997707224732,0.30302401087637304,0.27497338500058893,0.33674276536353204,0.3289922237225993,0.24124009467343596,0.2413401114232799
