,square,rectangle,parallelogram,losange,isoTrapezoid,kite,rightKite,rustedHinge,hinge,trapezoid,random
square,0.1838128543639558,0.21758082681519456,0.2510618565879616,0.27742187785982075,0.21167408463820805,0.20948978210789163,0.20425974460218932,0.23297094628739642,0.22914551138259293,0.21867296659807756,0.24992459192924046
rectangle,0.21758082681519458,0.18734415593668913,0.21931474703951906,0.25226630958607926,0.25696871185784137,0.2364220521420141,0.23267609381835452,0.22380761723390077,0.21341904432355946,0.23798294678488402,0.27506260907178687
parallelogram,0.2510618565879616,0.2193147470395191,0.19086979412549038,0.21373496887811064,0.2732932718566013,0.2699368638692024,0.2521509514989808,0.24395036865143968,0.23085598060015644,0.23151975869066618,0.26173918718201783
losange,0.27742187785982075,0.25226630958607926,0.21373496887811064,0.1890478829600894,0.28291546217512137,0.29010804042640537,0.27252222831047124,0.25627788172956434,0.24947475606839967,0.2342365083107656,0.2444016266556694
isoTrapezoid,0.21167408463820805,0.2569687118578414,0.27329327185660124,0.2829154621751213,0.18796154613384944,0.21608754728859456,0.21140640734707586,0.26369363248463523,0.26302112994105964,0.22011289006507967,0.23725845074546728
kite,0.20948978210789163,0.2364220521420141,0.26993686386920235,0.2901080404264053,0.21608754728859456,0.18797301589638682,0.20108410583395314,0.2563352085129282,0.25468241607587405,0.24408716635197586,0.268974963913252
rightKite,0.20425974460218932,0.23267609381835452,0.2521509514989808,0.27252222831047124,0.21140640734707586,0.20108410583395314,0.18413297456023625,0.25239261642910327,0.24914367583459482,0.21713325733357355,0.25144674207051615
rustedHinge,0.23297094628739642,0.22380761723390077,0.24395036865143968,0.2562778817295643,0.26369363248463523,0.2563352085129282,0.25239261642910327,0.18683247598885103,0.19337191125035155,0.2475053493186556,0.25788827000539083
hinge,0.22914551138259293,0.2134190443235595,0.23085598060015644,0.2494747560683996,0.26302112994105964,0.25468241607587405,0.24914367583459482,0.19337191125035158,0.18910993880109747,0.24174747839773783,0.2566076634222581
trapezoid,0.2186729665980776,0.23798294678488402,0.23151975869066618,0.2342365083107656,0.22011289006507967,0.24408716635197586,0.21713325733357355,0.2475053493186556,0.24174747839773783,0.18723095148799118,0.2124781212977164
random,0.24992459192924046,0.27506260907178687,0.26173918718201783,0.2444016266556694,0.23725845074546734,0.268974963913252,0.2514467420705161,0.2578882700053908,0.2566076634222581,0.2124781212977164,0.19300946222961077
