,square,rectangle,parallelogram,losange,isoTrapezoid,kite,rightKite,rustedHinge,hinge,trapezoid,random
square,0.16617454114589794,0.23390917682809342,0.2770701722472551,0.2856428950299783,0.20856592003061158,0.19391338666083746,0.19375020364944692,0.24366269101854646,0.24394740502675863,0.2333572948190619,0.2800363979719703
rectangle,0.23390917682809345,0.20534307025718834,0.23955478502207522,0.2622683584479067,0.290702416255739,0.25547297695355053,0.24972946738915042,0.26281141645696143,0.250009005511216,0.27638309959011215,0.33376921538325194
parallelogram,0.27707017224725516,0.23955478502207525,0.1929529872904967,0.20494070104849557,0.2970965362224889,0.2971276598447607,0.2647690348555924,0.29938084058504366,0.2760757518998453,0.2531405902693755,0.3011207187825796
losange,0.28564289502997836,0.2622683584479068,0.20494070104849557,0.1835426516929414,0.2877141699800487,0.30140336613966073,0.26469136108262165,0.306146257760772,0.2855127869243342,0.23518667645957225,0.2732962540248871
isoTrapezoid,0.20856592003061158,0.29070241625573895,0.297096536222489,0.2877141699800487,0.17217619414763086,0.2061319732629115,0.19624070544725847,0.2921173053561356,0.29141038215273035,0.21990183185752943,0.24747245580805774
kite,0.19391338666083746,0.25547297695355053,0.2971276598447607,0.30140336613966073,0.2061319732629115,0.16042526382052133,0.17955799419087112,0.2722877547218008,0.27545353261608846,0.2568429812517276,0.2933562602687129
rightKite,0.19375020364944692,0.24972946738915042,0.2647690348555924,0.2646913610826217,0.19624070544725847,0.17955799419087112,0.15732016827839898,0.2688222618886379,0.2667953858522601,0.21384587073524938,0.265131736511567
rustedHinge,0.24366269101854646,0.2628114164569615,0.29938084058504366,0.306146257760772,0.29211730535613567,0.2722877547218008,0.2688222618886379,0.21066911331896793,0.22208888294457946,0.2897982282376605,0.31612831905081706
hinge,0.24394740502675863,0.2500090055112161,0.2760757518998453,0.28551278692433424,0.29141038215273035,0.27545353261608846,0.2667953858522601,0.22208888294457946,0.21801304269077645,0.2793163962417616,0.3088691372436701
trapezoid,0.2333572948190619,0.27638309959011215,0.2531405902693755,0.23518667645957225,0.21990183185752943,0.25684298125172755,0.21384587073524933,0.2897982282376605,0.2793163962417616,0.18726882685577725,0.23097678244166828
random,0.2800363979719703,0.33376921538325194,0.3011207187825796,0.27329625402488716,0.2474724558080578,0.2933562602687129,0.265131736511567,0.31612831905081706,0.30886913724367016,0.23097678244166828,0.22473986035643484
