,square,rectangle,parallelogram,losange,isoTrapezoid,kite,rightKite,rustedHinge,hinge,trapezoid,random
square,0.0,0.07352999659062087,0.1431369220802554,0.1499094936539671,0.061794078572291467,0.03632958841279532,0.03726379160211446,0.06831328394592384,0.06748323035132375,0.08693761578908354,0.12299300173814065
rectangle,0.07352999659062087,0.0,0.05530090239877006,0.08345615124730732,0.1639646360917153,0.10754322127520843,0.09153376718361483,0.08525914846662641,0.05582542874658236,0.12619259276362327,0.18142370083991688
parallelogram,0.1431369220802554,0.05530090239877006,0.0,0.014003557754026175,0.178943497715769,0.17354346346147143,0.12347163556746865,0.14598444823997203,0.10025084661871775,0.09582775408736133,0.1348979955311913
losange,0.1499094936539671,0.08345615124730732,0.014003557754026175,1.1102230246251565e-16,0.16287064974278054,0.17837342168000458,0.12363391450561811,0.1539605320922769,0.11073767330543283,0.06713224714785238,0.09955325269615067
isoTrapezoid,0.061794078572291467,0.1639646360917153,0.178943497715769,0.16287064974278054,0.0,0.05000743659086171,0.0436557779444221,0.13990869604731537,0.14164908948702426,0.06588271183176819,0.07033946363690124
kite,0.03632958841279532,0.10754322127520843,0.17354346346147143,0.17837342168000458,0.05000743659086171,0.0,0.02546229900758612,0.11501022056410548,0.12036374024544971,0.1185279024047895,0.1422856936653858
rightKite,0.03726379160211446,0.09153376718361483,0.12347163556746865,0.12363391450561811,0.0436557779444221,0.02546229900758612,0.0,0.10629986536217761,0.10201053598864906,0.06290121551563854,0.10893834104671507
rustedHinge,0.06831328394592384,0.08525914846662641,0.14598444823997203,0.1539605320922769,0.13990869604731537,0.11501022056410548,0.10629986536217761,0.0,0.01501408109289204,0.12390743201226684,0.14352185718076838
hinge,0.06748323035132375,0.05582542874658236,0.10025084661871775,0.11073767330543283,0.14164908948702426,0.12036374024544971,0.10201053598864906,0.01501408109289204,2.220446049250313e-16,0.10291478553989808,0.12745055028404018
trapezoid,0.08693761578908354,0.12619259276362327,0.09582775408736133,0.06713224714785238,0.06588271183176819,0.1185279024047895,0.06290121551563854,0.12390743201226684,0.10291478553989808,0.0,0.03009311851634422
random,0.12299300173814065,0.18142370083991688,0.1348979955311913,0.09955325269615067,0.07033946363690124,0.1422856936653858,0.10893834104671507,0.14352185718076838,0.12745055028404018,0.03009311851634422,0.0
