,square,rectangle,parallelogram,losange,isoTrapezoid,kite,rightKite,rustedHinge,hinge,trapezoid,random
square,0.0,0.02494740644776061,0.03397913586457424,0.0460477145834961,0.0162129339812751,0.01065322427545723,0.009219217501955423,0.024980790155220145,0.024567201584520526,0.0156088201250979,0.030166606289580677
rectangle,0.02494740644776061,0.0,0.013905150548395362,0.02775255518945763,0.04158862657580675,0.027828929116472056,0.025877533160255095,0.015504432729927964,0.010888147775558688,0.027111941734677236,0.042872060716915406
parallelogram,0.03397913586457424,0.013905150548395362,2.220446049250313e-16,0.013697522228467984,0.04453074777729338,0.03663191181151226,0.03240559706776758,0.021163730803784753,0.016263395553617666,0.027402915671940642,0.03963396350235049
losange,0.0460477145834961,0.02775255518945763,0.013697522228467984,0.0,0.0477421220984261,0.046338084035310256,0.04310601483942944,0.025333553401104103,0.023165441167464995,0.02910404959645707,0.029725694596568375
isoTrapezoid,0.0162129339812751,0.04158862657580675,0.04453074777729338,0.0477421220984261,0.0,0.016055049382002196,0.014435318206135639,0.03792109052474257,0.03957705801547895,0.018927128675356286,0.02572645320146061
kite,0.01065322427545723,0.027828929116472056,0.03663191181151226,0.046338084035310256,0.016055049382002196,0.0,0.008120340406678972,0.032944075295313624,0.03262064864971426,0.023264313145372917,0.0351868288619247
rightKite,0.009219217501955423,0.025877533160255095,0.03240559706776758,0.04310601483942944,0.014435318206135639,0.008120340406678972,0.0,0.029210892351720363,0.02869109889419308,0.015597636721958685,0.031912529063091055
rustedHinge,0.024980790155220145,0.015504432729927964,0.021163730803784753,0.025333553401104103,0.03792109052474257,0.032944075295313624,0.029210892351720363,0.0,0.004220036558777229,0.02542680448152601,0.032729329859364054
hinge,0.024567201584520526,0.010888147775558688,0.016263395553617666,0.023165441167464995,0.03957705801547895,0.03262064864971426,0.02869109889419308,0.004220036558777229,0.0,0.024557312547519583,0.03420662734148083
trapezoid,0.0156088201250979,0.027111941734677236,0.027402915671940642,0.02910404959645707,0.018927128675356286,0.023264313145372917,0.015597636721958685,0.02542680448152601,0.024557312547519583,2.220446049250313e-16,0.016285456658886033
random,0.030166606289580677,0.042872060716915406,0.03963396350235049,0.029725694596568375,0.02572645320146061,0.0351868288619247,0.031912529063091055,0.032729329859364054,0.03420662734148083,0.016285456658886033,0.0
