,square,rectangle,parallelogram,losange,isoTrapezoid,kite,rightKite,rustedHinge,hinge,trapezoid,random
square,0.0,0.07320218434706494,0.14295093822314686,0.15069787719295058,0.0635354011802931,0.038599510959972716,0.03921046060440303,0.07047389494863043,0.06979551494895975,0.08781267237475998,0.1249462187287741
rectangle,0.07320218434706494,0.0,0.055719559461431145,0.08446100262544387,0.16522273951972066,0.10946299881646748,0.09315050627501598,0.08719605262205177,0.05804581891808469,0.12700645850390502,0.18256557268110885
parallelogram,0.14295093822314686,0.055719559461431145,0.0,0.014196175789341181,0.18039057520251245,0.1747861823361192,0.1251388625551212,0.14628522554769874,0.10123038789177197,0.09659169324231309,0.13597111267102402
losange,0.15069787719295058,0.08446100262544387,0.014196175789341181,0.0,0.1650938389628942,0.18030103496307903,0.1261886583799129,0.1545574126491549,0.11207466931417576,0.0686409723311664,0.10111712398684047
isoTrapezoid,0.0635354011802931,0.16522273951972066,0.18039057520251245,0.1650938389628942,0.0,0.05026877661085161,0.04422041780225472,0.14008764382176053,0.14238024313782194,0.06649718006901417,0.07179176203404103
kite,0.038599510959972716,0.10946299881646748,0.1747861823361192,0.18030103496307903,0.05026877661085161,0.0,0.02546563481876074,0.11572840243071958,0.12108257515974485,0.1190107316793958,0.14328575731124815
rightKite,0.03921046060440303,0.09315050627501598,0.1251388625551212,0.1261886583799129,0.04422041780225472,0.02546563481876074,0.0,0.10663680172044088,0.1026505315364531,0.06393318887293142,0.11034660447811773
rustedHinge,0.07047389494863043,0.08719605262205177,0.14628522554769874,0.1545574126491549,0.14008764382176053,0.11572840243071958,0.10663680172044088,1.1102230246251565e-16,0.015203808644966732,0.12401897717024757,0.14329955514322734
hinge,0.06979551494895975,0.05804581891808469,0.10123038789177197,0.11207466931417576,0.14238024313782194,0.12108257515974485,0.1026505315364531,0.015203808644966732,0.0,0.10338878405131213,0.12757469840054447
trapezoid,0.08781267237475998,0.12700645850390502,0.09659169324231309,0.0686409723311664,0.06649718006901417,0.1190107316793958,0.06393318887293142,0.12401897717024757,0.10338878405131213,0.0,0.030616273254845172
random,0.1249462187287741,0.18256557268110885,0.13597111267102402,0.10111712398684047,0.07179176203404103,0.14328575731124815,0.11034660447811773,0.14329955514322734,0.12757469840054447,0.030616273254845172,0.0
