,square,rectangle,parallelogram,losange,isoTrapezoid,kite,rightKite,rustedHinge,hinge,trapezoid,random
square,0.0,0.03927824262860591,0.07848751737662463,0.11202197439364048,0.03164792588257648,0.02896592824769184,0.02498511822944871,0.05851391251285021,0.05246859438055085,0.04078416428171561,0.07577373105702334
rectangle,0.03927824262860591,0.0,0.037215535536669675,0.07867868223046026,0.08524326591016962,0.06002959516570372,0.05769493057184982,0.045168873008340715,0.031026075814737375,0.06222874425457958,0.10459018740209691
parallelogram,0.07848751737662463,0.037215535536669675,0.0,0.029294756953571865,0.10344986429033343,0.09917640227681879,0.07948655621578005,0.06810171404340237,0.05068287233553792,0.05237386088136009,0.08641326160630713
losange,0.11202197439364048,0.07867868223046026,0.029294756953571865,0.0,0.11653625344525231,0.1251548415701541,0.10566232105778195,0.08417812059663488,0.0745375250225555,0.0568820340928603,0.06622605222731204
isoTrapezoid,0.03164792588257648,0.08524326591016962,0.10344986429033343,0.11653625344525231,0.0,0.03461018411389527,0.03128407718583892,0.09387918786514515,0.09175174707062383,0.040145316555550314,0.05782680008471397
kite,0.02896592824769184,0.06002959516570372,0.09917640227681879,0.1251548415701541,0.03461018411389527,1.1102230246251565e-16,0.01854513297399074,0.08486310416963794,0.08150892529172449,0.06948701317363948,0.09691216733771257
rightKite,0.02498511822944871,0.05769493057184982,0.07948655621578005,0.10566232105778195,0.03128407718583892,0.01854513297399074,0.0,0.08210644076750906,0.07686469759361603,0.038592048560214365,0.07745157822741933
rustedHinge,0.05851391251285021,0.045168873008340715,0.06810171404340237,0.08417812059663488,0.09387918786514515,0.08486310416963794,0.08210644076750906,0.0,0.006677850774694849,0.07434022927742245,0.08383744588893993
hinge,0.05246859438055085,0.031026075814737375,0.05068287233553792,0.0745375250225555,0.09175174707062383,0.08150892529172449,0.07686469759361603,0.006677850774694849,0.0,0.06598013508570866,0.08093203406538618
trapezoid,0.04078416428171561,0.06222874425457958,0.05237386088136009,0.0568820340928603,0.040145316555550314,0.06948701317363948,0.038592048560214365,0.07434022927742245,0.06598013508570866,0.0,0.02762975557939573
random,0.07577373105702334,0.10459018740209691,0.08641326160630713,0.06622605222731204,0.05782680008471397,0.09691216733771257,0.07745157822741933,0.08383744588893993,0.08093203406538618,0.02762975557939573,1.1102230246251565e-16
