,square,rectangle,parallelogram,losange,isoTrapezoid,kite,rightKite,rustedHinge,hinge,trapezoid,random
square,0.0,0.05333603693521749,0.10954002593579526,0.13240525702839512,0.04498383149582208,0.03803397720063362,0.03785245377840596,0.06824869717920201,0.06361740832589668,0.06304723206749652,0.10078753763996928
rectangle,0.05333603693521749,0.0,0.04854702137960176,0.08682602491836022,0.11637483221449507,0.08434368736915865,0.0797326257937937,0.06410778502484393,0.045833165901695616,0.09130667883398114,0.14228265526784456
parallelogram,0.10954002593579526,0.04854702137960176,0.0,0.023816616168515603,0.13327090766390837,0.13868266567544418,0.10496425200143122,0.10928950655787928,0.0808567371111314,0.07232234067482357,0.11139700019558496
losange,0.13240525702839512,0.08682602491836022,0.023816616168515603,0.0,0.13373787353158018,0.15457442224666906,0.11733961868245013,0.1259564391099307,0.10247420602074331,0.06272477334707649,0.08474003782728423
isoTrapezoid,0.04498383149582208,0.11637483221449507,0.13327090766390837,0.13373787353158018,1.1102230246251565e-16,0.045659812497541474,0.03744050503750285,0.11923533229534944,0.11577348856530123,0.047894657025591814,0.06281299344048075
kite,0.03803397720063362,0.08434368736915865,0.13868266567544418,0.15457442224666906,0.045659812497541474,1.1102230246251565e-16,0.02402729061131681,0.10467304200645589,0.10363571573035124,0.09587492085389016,0.12169842787856633
rightKite,0.03785245377840596,0.0797326257937937,0.10496425200143122,0.11733961868245013,0.03744050503750285,0.02402729061131681,1.1102230246251565e-16,0.10196622380781495,0.09614523336976255,0.04914944899894069,0.09082960972794785
rustedHinge,0.06824869717920201,0.06410778502484393,0.10928950655787928,0.1259564391099307,0.11923533229534944,0.10467304200645589,0.10196622380781495,0.0,0.009077787505233359,0.10642675148962788,0.11749823467231169
hinge,0.06361740832589668,0.045833165901695616,0.0808567371111314,0.10247420602074331,0.11577348856530123,0.10363571573035124,0.09614523336976255,0.009077787505233359,0.0,0.09209932065452808,0.107299380370807
trapezoid,0.06304723206749652,0.09130667883398114,0.07232234067482357,0.06272477334707649,0.047894657025591814,0.09587492085389016,0.04914944899894069,0.10642675148962788,0.09209932065452808,0.0,0.03161279526107896
random,0.10078753763996928,0.14228265526784456,0.11139700019558496,0.08474003782728423,0.06281299344048075,0.12169842787856633,0.09082960972794785,0.11749823467231169,0.107299380370807,0.03161279526107896,0.0
