,square,rectangle,parallelogram,losange,isoTrapezoid,kite,rightKite,rustedHinge,hinge,trapezoid,random
square,1.1102230246251565e-16,0.04294135465917426,0.08932596871850274,0.123566912700384,0.03789124659234866,0.036641032739004764,0.03319990076660073,0.0663484070467083,0.05998197429942764,0.04971488524376444,0.08906988951933714
rectangle,0.04294135465917426,0.0,0.04280901818258964,0.08738789657808677,0.09674869819781895,0.0718147455889998,0.06871164746620106,0.05507173998163839,0.03942754328870757,0.07327053995681754,0.12157460980262458
parallelogram,0.08932596871850274,0.04280901818258964,0.0,0.029390770615646544,0.11627434584221918,0.11642535984670976,0.0919979163378013,0.08392971588090403,0.06308780713290008,0.05957578635569283,0.09788215104158504
losange,0.123566912700384,0.08738789657808677,0.029390770615646544,0.0,0.1280222858990161,0.14157461832224139,0.1161426980651824,0.10220299372337704,0.08871411791144579,0.06140892038515944,0.07547370667932307
isoTrapezoid,0.03789124659234866,0.09674869819781895,0.11627434584221918,0.1280222858990161,0.0,0.040323328109109546,0.03544476501251004,0.1063707487367277,0.1039499016955252,0.044422147806252865,0.06380414042048399
kite,0.036641032739004764,0.0718147455889998,0.11642535984670976,0.14157461832224139,0.040323328109109546,0.0,0.021254908067065426,0.09689039243256459,0.09381061504177612,0.08235791026042116,0.11087604697693687
rightKite,0.03319990076660073,0.06871164746620106,0.0919979163378013,0.1161426980651824,0.03544476501251004,0.021254908067065426,0.0,0.09381417768223366,0.08836392544478933,0.04476637333342692,0.08619127985293273
rustedHinge,0.0663484070467083,0.05507173998163839,0.08392971588090403,0.10220299372337704,0.1063707487367277,0.09689039243256459,0.09381417768223366,1.1102230246251565e-16,0.007573593782927435,0.08839735839600638,0.0972280565673872
hinge,0.05998197429942764,0.03942754328870757,0.06308780713290008,0.08871411791144579,0.1039499016955252,0.09381061504177612,0.08836392544478933,0.007573593782927435,1.1102230246251565e-16,0.07831393107246332,0.09223705253656445
trapezoid,0.04971488524376444,0.07327053995681754,0.05957578635569283,0.06140892038515944,0.044422147806252865,0.08235791026042116,0.04476637333342692,0.08839735839600638,0.07831393107246332,0.0,0.030695346358224684
random,0.08906988951933714,0.12157460980262458,0.09788215104158504,0.07547370667932307,0.06380414042048399,0.11087604697693687,0.08619127985293273,0.0972280565673872,0.09223705253656445,0.030695346358224684,0.0
