,square,rectangle,parallelogram,losange,isoTrapezoid,kite,rightKite,rustedHinge,hinge,trapezoid,random
square,0.0,0.06732418677944307,0.13233012234101937,0.13840617030589564,0.051768392994791856,0.03200489577100574,0.03518625688757537,0.06460636877859849,0.0626145038840088,0.07758956229775382,0.11038407035364539
rectangle,0.06732418677944307,0.0,0.05171788128749377,0.07883470284504313,0.14135840371926678,0.09344420988852842,0.08461228129651444,0.07475471543223633,0.05038118948535841,0.11191488201739086,0.16379660208939906
parallelogram,0.13233012234101937,0.05171788128749377,0.0,0.01575540758420002,0.15380897702771912,0.15674833846138692,0.11216239829227737,0.1372205999021605,0.09634633045166596,0.08618294538087912,0.1236424678484912
losange,0.13840617030589564,0.07883470284504313,0.01575540758420002,2.220446049250313e-16,0.13896094493712785,0.16079635545878102,0.11013962231253704,0.1456916564928108,0.10700693663872485,0.059939428314788934,0.09007596720109379
isoTrapezoid,0.051768392994791856,0.14135840371926678,0.15380897702771912,0.13896094493712785,0.0,0.04950682570703102,0.03901344814946295,0.13146951426026765,0.12660290660743756,0.05378530791316505,0.06012703981947287
kite,0.03200489577100574,0.09344420988852842,0.15674833846138692,0.16079635545878102,0.04950682570703102,0.0,0.025410471282999447,0.10859610897428573,0.11057025123755215,0.10810008822429107,0.13015620023291152
rightKite,0.03518625688757537,0.08461228129651444,0.11216239829227737,0.11013962231253704,0.03901344814946295,0.025410471282999447,0.0,0.10385263362468355,0.09692893860936214,0.053505828164539304,0.09489052228445649
rustedHinge,0.06460636877859849,0.07475471543223633,0.1372205999021605,0.1456916564928108,0.13146951426026765,0.10859610897428573,0.10385263362468355,2.220446049250313e-16,0.011434406511338313,0.11970322316223725,0.13620564988694972
hinge,0.0626145038840088,0.05038118948535841,0.09634633045166596,0.10700693663872485,0.12660290660743756,0.11057025123755215,0.09692893860936214,0.011434406511338313,0.0,0.09913750090125084,0.11925803789059519
trapezoid,0.07758956229775382,0.11191488201739086,0.08618294538087912,0.059939428314788934,0.05378530791316505,0.10810008822429107,0.053505828164539304,0.11970322316223725,0.09913750090125084,0.0,0.029772624801714276
random,0.11038407035364539,0.16379660208939906,0.1236424678484912,0.09007596720109379,0.06012703981947287,0.13015620023291152,0.09489052228445649,0.13620564988694972,0.11925803789059519,0.029772624801714276,0.0
