,square,rectangle,parallelogram,losange,isoTrapezoid,kite,rightKite,rustedHinge,hinge,trapezoid,random
square,0.0,0.0688201888964235,0.13973653565351163,0.15175332301894895,0.07027015001167425,0.0511483554301132,0.05093814664715346,0.08181677559337952,0.08061101482914734,0.09334359707049933,0.13279705165590527
rectangle,0.0688201888964235,0.0,0.059340791018060224,0.09092983822508749,0.16282374347794593,0.11520536652053748,0.09972619214459943,0.09535692399853679,0.06878740255381055,0.12894878420788158,0.1841155436274804
parallelogram,0.13973653565351163,0.059340791018060224,0.0,0.01595925236143758,0.17512543062037245,0.1715598736340278,0.12542543713075271,0.14410918188598765,0.10323324550532387,0.09594362537799261,0.1363529467412644
losange,0.15175332301894895,0.09092983822508749,0.01595925236143758,0.0,0.1637000716059187,0.1793075580911272,0.1289399209039067,0.15254287855580984,0.11439885863046484,0.07163095416009257,0.10387993429453624
isoTrapezoid,0.07027015001167425,0.16282374347794593,0.17512543062037245,0.1637000716059187,0.0,0.05127546541741068,0.04490301007788855,0.1355509732361191,0.13715587497243664,0.06524262914067447,0.07352875561280148
kite,0.0511483554301132,0.11520536652053748,0.1715598736340278,0.1793075580911272,0.05127546541741068,0.0,0.025271561990558244,0.1135823546008714,0.11750003584365609,0.11660061483968243,0.14055996003669413
rightKite,0.05093814664715346,0.09972619214459943,0.12542543713075271,0.1289399209039067,0.04490301007788855,0.025271561990558244,1.1102230246251565e-16,0.1032873666470071,0.09900620187570486,0.06390343087808892,0.10773161359796957
rustedHinge,0.08181677559337952,0.09535692399853679,0.14410918188598765,0.15254287855580984,0.1355509732361191,0.1135823546008714,0.1032873666470071,0.0,0.014542511307488404,0.12050922679718512,0.1367917611993289
hinge,0.08061101482914734,0.06878740255381055,0.10323324550532387,0.11439885863046484,0.13715587497243664,0.11750003584365609,0.09900620187570486,0.014542511307488404,0.0,0.10138849432626773,0.12224299092046853
trapezoid,0.09334359707049933,0.12894878420788158,0.09594362537799261,0.07163095416009257,0.06524262914067447,0.11660061483968243,0.06390343087808892,0.12050922679718512,0.10138849432626773,0.0,0.03196707308310476
random,0.13279705165590527,0.1841155436274804,0.1363529467412644,0.10387993429453624,0.07352875561280148,0.14055996003669413,0.10773161359796957,0.1367917611993289,0.12224299092046853,0.03196707308310476,0.0
