,square,rectangle,parallelogram,losange,isoTrapezoid,kite,rightKite,rustedHinge,hinge,trapezoid,random
square,0.0,0.07201130300292413,0.1394512998628964,0.14354420044925642,0.05557394973708174,0.030828569574016806,0.03351339396163133,0.06379758005127067,0.06261411260291139,0.08210711890064715,0.11475423449104516
rectangle,0.07201130300292413,0.0,0.05297540175820126,0.0792554231501712,0.1533280404127212,0.0988365598228429,0.08627894258998692,0.0791393254315157,0.05134492582692196,0.11967144426599174,0.17272685301937585
parallelogram,0.1394512998628964,0.05297540175820126,0.0,0.014168990061806053,0.16681542225328216,0.16552348143039608,0.11696433169438636,0.1443484128789675,0.09917041523770309,0.09156132124491378,0.1294770533116023
losange,0.14354420044925642,0.0792554231501712,0.014168990061806053,0.0,0.14929634084669785,0.1683293123689067,0.11413092545833792,0.15124576919269572,0.1082435908503725,0.062030874700169325,0.09412289203312274
isoTrapezoid,0.05557394973708174,0.1533280404127212,0.16681542225328216,0.14929634084669785,0.0,0.04983325814695394,0.041272663108780416,0.1363878598733933,0.13414910977305183,0.05975982306441274,0.06353300993181477
kite,0.030828569574016806,0.0988365598228429,0.16552348143039608,0.1683293123689067,0.04983325814695394,0.0,0.025610000587234394,0.11140319365016826,0.11533815927535662,0.11362598422360592,0.13545631795011848
rightKite,0.03351339396163133,0.08627894258998692,0.11696433169438636,0.11413092545833792,0.041272663108780416,0.025610000587234394,0.0,0.10451359946393557,0.09853211829887054,0.0577220755963227,0.10072238960066926
rustedHinge,0.06379758005127067,0.0791393254315157,0.1443484128789675,0.15124576919269572,0.1363878598733933,0.11140319365016826,0.10451359946393557,0.0,0.013253693951568835,0.1225466835861112,0.14091676609398407
hinge,0.06261411260291139,0.05134492582692196,0.09917041523770309,0.1082435908503725,0.13414910977305183,0.11533815927535662,0.09853211829887054,0.013253693951568835,0.0,0.10104689592545069,0.1234783545540088
trapezoid,0.08210711890064715,0.11967144426599174,0.09156132124491378,0.062030874700169325,0.05975982306441274,0.11362598422360592,0.0577220755963227,0.1225466835861112,0.10104689592545069,0.0,0.02945201377190021
random,0.11475423449104516,0.17272685301937585,0.1294770533116023,0.09412289203312274,0.06353300993181477,0.13545631795011848,0.10072238960066926,0.14091676609398407,0.1234783545540088,0.02945201377190021,0.0
