,square,rectangle,parallelogram,losange,isoTrapezoid,kite,rightKite,rustedHinge,hinge,trapezoid,random
square,2.220446049250313e-16,0.03844246777620097,0.0650475130851339,0.09197637960551985,0.024778556055954137,0.0184137716646815,0.013996651786187475,0.045645048376188435,0.04195849858554224,0.030322545651144006,0.05746261018199905
rectangle,0.03844246777620097,0.0,0.027068815324536866,0.057837267492342526,0.07354250370838933,0.04816411491536099,0.04599936959215489,0.030563308162208647,0.019376514767624142,0.05022183748979003,0.08116194408282384
parallelogram,0.0650475130851339,0.027068815324536866,0.0,0.026468942872738932,0.08547864976445518,0.07506350048053612,0.06312696586420596,0.046584115565736384,0.03410832140980391,0.048147241842276256,0.07427051050209332
losange,0.09197637960551985,0.057837267492342526,0.026468942872738932,0.0,0.09524405753317844,0.09660986968034624,0.0867783610556423,0.056494098704877094,0.05093232932580305,0.05245682822286246,0.055809292656198606
isoTrapezoid,0.024778556055954137,0.07354250370838933,0.08547864976445518,0.09524405753317844,2.220446049250313e-16,0.02729006926360933,0.024485892139252452,0.07368555527464316,0.07319785684522462,0.03312447900664495,0.047597416451919394
kite,0.0184137716646815,0.04816411491536099,0.07506350048053612,0.09660986968034624,0.02729006926360933,2.220446049250313e-16,0.01406850216430322,0.06391635979126042,0.061649554482621105,0.04933026159457843,0.07256992298775511
rightKite,0.013996651786187475,0.04599936959215489,0.06312696586420596,0.0867783610556423,0.024485892139252452,0.01406850216430322,0.0,0.0593336408237356,0.0559402498573206,0.029240672615704733,0.06216556777479709
rustedHinge,0.045645048376188435,0.030563308162208647,0.046584115565736384,0.056494098704877094,0.07368555527464316,0.06391635979126042,0.0593336408237356,0.0,0.005240197684103776,0.05379826061219617,0.06409872357971658
hinge,0.04195849858554224,0.019376514767624142,0.03410832140980391,0.05093232932580305,0.07319785684522462,0.061649554482621105,0.0559402498573206,0.005240197684103776,2.220446049250313e-16,0.048738931914567685,0.06462158167424448
trapezoid,0.030322545651144006,0.05022183748979003,0.048147241842276256,0.05245682822286246,0.03312447900664495,0.04933026159457843,0.029240672615704733,0.05379826061219617,0.048738931914567685,0.0,0.02584874235616863
random,0.05746261018199905,0.08116194408282384,0.07427051050209332,0.055809292656198606,0.047597416451919394,0.07256992298775511,0.06216556777479709,0.06409872357971658,0.06462158167424448,0.02584874235616863,0.0
