,square,rectangle,parallelogram,losange,isoTrapezoid,kite,rightKite,rustedHinge,hinge,trapezoid,random
square,0.0,0.04249268959342578,0.06910866303457142,0.09795824680509069,0.02694703964083711,0.01956709063473616,0.014563034228175287,0.04899602807432035,0.045575917138282906,0.03220805451205433,0.06146382171282816
rectangle,0.04249268959342578,0.0,0.028813943386874485,0.061204064780826184,0.07956330564721437,0.052593317935552775,0.049817066434739044,0.0318237410991431,0.02035014960734749,0.05428480589425222,0.08639974269656026
parallelogram,0.06910866303457142,0.028813943386874485,0.0,0.029900647267928182,0.09089334968497542,0.07976352032325995,0.06719490763891722,0.04840180678774064,0.03567106881054538,0.05334363093292671,0.08092467893938216
losange,0.09795824680509069,0.061204064780826184,0.029900647267928182,0.0,0.10100034386371326,0.10247991432306691,0.09309093917466882,0.05772155837870774,0.05268848661726311,0.058395010659681224,0.060417542788511525
isoTrapezoid,0.02694703964083711,0.07956330564721437,0.09089334968497542,0.10100034386371326,0.0,0.029559247039784964,0.026719970564287765,0.0786085424973113,0.07868362856804056,0.036037288313199634,0.052254187500105576
kite,0.01956709063473616,0.052593317935552775,0.07976352032325995,0.10247991432306691,0.029559247039784964,0.0,0.015096428387317617,0.06813342893649366,0.06616526316730686,0.05202237055658254,0.07703344450161254
rightKite,0.014563034228175287,0.049817066434739044,0.06719490763891722,0.09309093917466882,0.026719970564287765,0.015096428387317617,0.0,0.06248414360584875,0.059240579692537154,0.03153851992173351,0.0673840020170886
rustedHinge,0.04899602807432035,0.0318237410991431,0.04840180678774064,0.05772155837870774,0.0786085424973113,0.06813342893649366,0.06248414360584875,0.0,0.005581283872682752,0.05676733193710948,0.06761831572297528
hinge,0.045575917138282906,0.02035014960734749,0.03567106881054538,0.05268848661726311,0.07868362856804056,0.06616526316730686,0.059240579692537154,0.005581283872682752,0.0,0.052089114423099825,0.06909144135885414
trapezoid,0.03220805451205433,0.05428480589425222,0.05334363093292671,0.058395010659681224,0.036037288313199634,0.05202237055658254,0.03153851992173351,0.05676733193710948,0.052089114423099825,1.1102230246251565e-16,0.029641995964657553
random,0.06146382171282816,0.08639974269656026,0.08092467893938216,0.060417542788511525,0.052254187500105576,0.07703344450161254,0.0673840020170886,0.06761831572297528,0.06909144135885414,0.029641995964657553,0.0
