,square,rectangle,parallelogram,losange,isoTrapezoid,kite,rightKite,rustedHinge,hinge,trapezoid,random
square,0.0,0.056881527444181734,0.0873257151820952,0.12299328736512072,0.035631041072885394,0.025253296717147378,0.018870243420917365,0.06295869589286773,0.05982491133184731,0.040143762513419,0.07799730382120063
rectangle,0.056881527444181734,0.0,0.03640634325044745,0.07625135291236562,0.10393985145778217,0.06955657247776015,0.06501401317827027,0.03947123417989762,0.02578720134523882,0.06963785380886311,0.10994103211444017
parallelogram,0.0873257151820952,0.03640634325044745,0.0,0.03874460003306168,0.11528057890088172,0.10078316337269133,0.08525316665612237,0.05966941544171589,0.04439516626304629,0.07062293258922203,0.10491209481237562
losange,0.12299328736512072,0.07625135291236562,0.03874460003306168,0.0,0.12705425489865252,0.12862056212888395,0.11779044094260482,0.07019128139157371,0.06440606146642525,0.07736230278350331,0.07844325145747078
isoTrapezoid,0.035631041072885394,0.10393985145778217,0.11528057890088172,0.12705425489865252,2.220446049250313e-16,0.03889163397830664,0.03520097678450318,0.1005120435914566,0.10203273737695961,0.04700400767723467,0.06854081237878551
kite,0.025253296717147378,0.06955657247776015,0.10078316337269133,0.12862056212888395,0.03889163397830664,0.0,0.019347251062568183,0.08788508211284984,0.08629764969940956,0.06407264415711211,0.09657046648641232
rightKite,0.018870243420917365,0.06501401317827027,0.08525316665612237,0.11779044094260482,0.03520097678450318,0.019347251062568183,2.220446049250313e-16,0.0789056747249296,0.07574608622454349,0.040349399544257425,0.08642711274284587
rustedHinge,0.06295869589286773,0.03947123417989762,0.05966941544171589,0.07019128139157371,0.1005120435914566,0.08788508211284984,0.0789056747249296,0.0,0.007341882546585965,0.07079578126431108,0.08580326606767152
hinge,0.05982491133184731,0.02578720134523882,0.04439516626304629,0.06440606146642525,0.10203273737695961,0.08629764969940956,0.07574608622454349,0.007341882546585965,0.0,0.06607295291428394,0.08869606292056631
trapezoid,0.040143762513419,0.06963785380886311,0.07062293258922203,0.07736230278350331,0.04700400767723467,0.06407264415711211,0.040349399544257425,0.07079578126431108,0.06607295291428394,0.0,0.04078496900673323
random,0.07799730382120063,0.10994103211444017,0.10491209481237562,0.07844325145747078,0.06854081237878551,0.09657046648641232,0.08642711274284587,0.08580326606767152,0.08869606292056631,0.04078496900673323,0.0
