,square,rectangle,parallelogram,losange,isoTrapezoid,kite,rightKite,rustedHinge,hinge,trapezoid,random
square,0.0,0.0728171882189681,0.14294955464311188,0.15102343970991894,0.06445476329914157,0.0399096412276394,0.040396828140497165,0.07161428602026199,0.07090768059877861,0.08864861104034305,0.12615247058580192
rectangle,0.0728171882189681,0.0,0.05617177939473572,0.08517259055178861,0.16530798179456152,0.1102319930083453,0.09398320017791262,0.08803567116294098,0.059176984610145755,0.12761410156979147,0.18310171692683885
parallelogram,0.14294955464311188,0.05617177939473572,0.0,0.014392804735121167,0.18032834515317897,0.17474588606974018,0.12553365680267192,0.14613150464907854,0.1014864380469348,0.09699411792715817,0.13632160336441268
losange,0.15102343970991894,0.08517259055178861,0.014392804735121167,0.0,0.1652713882601229,0.18040625996087922,0.12676065797717118,0.154447642140765,0.11237714306959179,0.06932186800909645,0.10166376042750258
isoTrapezoid,0.06445476329914157,0.16530798179456152,0.18032834515317897,0.1652713882601229,2.220446049250313e-16,0.050403159143454945,0.04434603955516303,0.13976299414289461,0.14205558378569294,0.06651706416527092,0.07225162992226475
kite,0.0399096412276394,0.1102319930083453,0.17474588606974018,0.18040625996087922,0.050403159143454945,0.0,0.025479579997158552,0.11571081404312111,0.12091396694269418,0.11899754796587658,0.14367578574915474
rightKite,0.040396828140497165,0.09398320017791262,0.12553365680267192,0.12676065797717118,0.04434603955516303,0.025479579997158552,0.0,0.10649709974758215,0.10251099546372433,0.06412016593376813,0.11067509321336488
rustedHinge,0.07161428602026199,0.08803567116294098,0.14613150464907854,0.154447642140765,0.13976299414289461,0.11571081404312111,0.10649709974758215,0.0,0.015224489340674108,0.12396223773404702,0.14315816994197983
hinge,0.07090768059877861,0.059176984610145755,0.1014864380469348,0.11237714306959179,0.14205558378569294,0.12091396694269418,0.10251099546372433,0.015224489340674108,0.0,0.10345876039733914,0.12754532167965538
trapezoid,0.08864861104034305,0.12761410156979147,0.09699411792715817,0.06932186800909645,0.06651706416527092,0.11899754796587658,0.06412016593376813,0.12396223773404702,0.10345876039733914,0.0,0.030784620256452344
random,0.12615247058580192,0.18310171692683885,0.13632160336441268,0.10166376042750258,0.07225162992226475,0.14367578574915474,0.11067509321336488,0.14315816994197983,0.12754532167965538,0.030784620256452344,1.1102230246251565e-16
