,square,rectangle,parallelogram,losange,isoTrapezoid,kite,rightKite,rustedHinge,hinge,trapezoid,random
square,1.1102230246251565e-16,0.03656055998589891,0.06440086963444869,0.09138949526261197,0.024524681962320383,0.019031166241612718,0.01491721272556279,0.04537193744222445,0.041292475375569127,0.03057005943778024,0.057625277178177226
rectangle,0.03656055998589891,0.0,0.0276608319402033,0.05921311146314778,0.0721667488167489,0.04725353852356662,0.04538277525347456,0.031369377073756866,0.02004029475768221,0.04977468087956194,0.08172328803382034
parallelogram,0.06440086963444869,0.0276608319402033,0.0,0.025309876230154904,0.08495598489830491,0.07558093655497855,0.06284091823026461,0.047465462806187686,0.03480109356469285,0.04582651388715597,0.07206986750940714
losange,0.09138949526261197,0.05921311146314778,0.025309876230154904,1.1102230246251565e-16,0.09513035830968675,0.09728701719067911,0.08600353425399154,0.05856608787885953,0.05259436174471055,0.050044247496230376,0.05445220812413554
isoTrapezoid,0.024524681962320383,0.0721667488167489,0.08495598489830491,0.09513035830968675,0.0,0.026938364586601038,0.024142996074714596,0.0738747903535455,0.07305608292503996,0.03273092374871578,0.04667116261972304
kite,0.019031166241612718,0.04725353852356662,0.07558093655497855,0.09728701719067911,0.026938364586601038,1.1102230246251565e-16,0.014203105005629046,0.06451843451053962,0.062059660016758444,0.05054498808224417,0.07373032036008809
rightKite,0.01491721272556279,0.04538277525347456,0.06284091823026461,0.08600353425399154,0.024142996074714596,0.014203105005629046,0.0,0.06071792784163166,0.057080532704127274,0.029193346506140805,0.06165242803490345
rustedHinge,0.04537193744222445,0.031369377073756866,0.047465462806187686,0.05856608787885953,0.0738747903535455,0.06451843451053962,0.06071792784163166,0.0,0.005255584525363566,0.05444211104642638,0.06468372572645198
hinge,0.041292475375569127,0.02004029475768221,0.03480109356469285,0.05259436174471055,0.07305608292503996,0.062059660016758444,0.057080532704127274,0.005255584525363566,0.0,0.04895403849300539,0.0645720204708995
trapezoid,0.03057005943778024,0.04977468087956194,0.04582651388715597,0.050044247496230376,0.03273092374871578,0.05054498808224417,0.029193346506140805,0.05444211104642638,0.04895403849300539,0.0,0.02393474884038782
random,0.057625277178177226,0.08172328803382034,0.07206986750940714,0.05445220812413554,0.04667116261972304,0.07373032036008809,0.06165242803490345,0.06468372572645198,0.0645720204708995,0.02393474884038782,1.1102230246251565e-16
