,square,rectangle,parallelogram,losange,isoTrapezoid,kite,rightKite,rustedHinge,hinge,trapezoid,random
square,0.0,0.0722453713382577,0.14233967912004153,0.15118957490731177,0.06563833805218,0.04203237168659535,0.042234238005567915,0.07337228635762516,0.07264949977178492,0.08928598444173119,0.12751960809867602
rectangle,0.0722453713382577,0.0,0.05659846854775108,0.08608883843711557,0.16524537903669367,0.11142584814469314,0.0949459873516445,0.08932464398080675,0.06089521280498289,0.12769019178768204,0.18342286158138266
parallelogram,0.14233967912004153,0.05659846854775108,0.0,0.014681288465283382,0.17994688126986125,0.17434008867534678,0.12559239874531358,0.1454188413503581,0.10163227847656364,0.09677699133999695,0.13637164223018305
losange,0.15118957490731177,0.08608883843711557,0.014681288465283382,2.220446049250313e-16,0.16552450053896428,0.18040385440948636,0.12741979794983194,0.15387987914277446,0.11271666233083244,0.06983645939187832,0.10219524844467454
isoTrapezoid,0.06563833805218,0.16524537903669367,0.17994688126986125,0.16552450053896428,0.0,0.05043579575402801,0.04462195564181659,0.1389727978667611,0.14156235016117147,0.06668077116729221,0.07284248925091485
kite,0.04203237168659535,0.11142584814469314,0.17434008867534678,0.18040385440948636,0.05043579575402801,2.220446049250313e-16,0.025449965912617056,0.11536285657274692,0.120573091810254,0.118743033917865,0.14339100937320104
rightKite,0.042234238005567915,0.0949459873516445,0.12559239874531358,0.12741979794983194,0.04462195564181659,0.025449965912617056,0.0,0.10589245917789691,0.1021282122910806,0.06440134673816,0.11070236047291548
rustedHinge,0.07337228635762516,0.08932464398080675,0.1454188413503581,0.15387987914277446,0.1389727978667611,0.11536285657274692,0.10589245917789691,0.0,0.015213079760721726,0.12319078857357035,0.14198877725431647
hinge,0.07264949977178492,0.06089521280498289,0.10163227847656364,0.11271666233083244,0.14156235016117147,0.120573091810254,0.1021282122910806,0.015213079760721726,0.0,0.10304959261815538,0.12675944600029143
trapezoid,0.08928598444173119,0.12769019178768204,0.09677699133999695,0.06983645939187832,0.06668077116729221,0.118743033917865,0.06440134673816,0.12319078857357035,0.10304959261815538,0.0,0.031015612539293302
random,0.12751960809867602,0.18342286158138266,0.13637164223018305,0.10219524844467454,0.07284248925091485,0.14339100937320104,0.11070236047291548,0.14198877725431647,0.12675944600029143,0.031015612539293302,0.0
