,square,rectangle,parallelogram,losange,isoTrapezoid,kite,rightKite,rustedHinge,hinge,trapezoid,random
square,1.1102230246251565e-16,0.07345500530043458,0.14260264693442148,0.1479773357080787,0.059382284102582505,0.033208426635093824,0.03491667965508305,0.06570457756996984,0.0647675360359301,0.08532264820448043,0.11956788635705651
rectangle,0.07345500530043458,1.1102230246251565e-16,0.05450039298235565,0.08176492981903383,0.16066114782224283,0.10369905759009856,0.08886075171373964,0.08224229696747609,0.05306293388979888,0.12418747799668028,0.17823631058544764
parallelogram,0.14260264693442148,0.05450039298235565,0.0,0.013908274145129407,0.17528622015301465,0.1708848375334101,0.12098589970486118,0.1459018829942892,0.09976786542725347,0.09462305624975342,0.13303547620609113
losange,0.1479773357080787,0.08176492981903383,0.013908274145129407,0.0,0.1581853532796047,0.1747273733374598,0.11978028623789394,0.15341696480593747,0.10968393393903353,0.06513903194507797,0.09749272677688203
isoTrapezoid,0.059382284102582505,0.16066114782224283,0.17528622015301465,0.1581853532796047,0.0,0.04993339479603576,0.0428684068052565,0.13867187982288565,0.1388871302482303,0.06390346303691685,0.0674127639309604
kite,0.033208426635093824,0.10369905759009856,0.1708848375334101,0.1747273733374598,0.04993339479603576,0.0,0.025522732661483638,0.1132101340346805,0.11809284776611018,0.11685499009376787,0.13947331760252346
rightKite,0.03491667965508305,0.08886075171373964,0.12098589970486118,0.11978028623789394,0.0428684068052565,0.025522732661483638,1.1102230246251565e-16,0.10516744090667507,0.10017711259758877,0.06092936271442806,0.10561684808978578
rustedHinge,0.06570457756996984,0.08224229696747609,0.1459018829942892,0.15341696480593747,0.13867187982288565,0.1132101340346805,0.10516744090667507,0.0,0.01443823285187773,0.12328649932004565,0.14278364471903549
hinge,0.0647675360359301,0.05306293388979888,0.09976786542725347,0.10968393393903353,0.1388871302482303,0.11809284776611018,0.10017711259758877,0.01443823285187773,0.0,0.10201857924715962,0.12608539229490578
trapezoid,0.08532264820448043,0.12418747799668028,0.09462305624975342,0.06513903194507797,0.06390346303691685,0.11685499009376787,0.06092936271442806,0.12328649932004565,0.10201857924715962,0.0,0.029618846197716597
random,0.11956788635705651,0.17823631058544764,0.13303547620609113,0.09749272677688203,0.0674127639309604,0.13947331760252346,0.10561684808978578,0.14278364471903549,0.12608539229490578,0.029618846197716597,1.1102230246251565e-16
