,square,rectangle,parallelogram,losange,isoTrapezoid,kite,rightKite,rustedHinge,hinge,trapezoid,random
square,0.0,0.058702999540054535,0.11863903102643136,0.13440146583224,0.04737829458976217,0.036626881082657325,0.038292713631183806,0.06748609086684876,0.06360170974965429,0.06884486574002657,0.10463073220348651
rectangle,0.058702999540054535,0.0,0.05023995687992433,0.08375157535676359,0.1250809474257153,0.08832502650682383,0.0828999872395193,0.06880757258405068,0.04836565065332099,0.09924299465301034,0.15071968454662732
parallelogram,0.11863903102643136,0.05023995687992433,0.0,0.02044435537989031,0.13979301205138106,0.14603314938427314,0.10832565336189581,0.12159274527639441,0.08831761010827244,0.0775684406946967,0.11605298061986757
losange,0.13440146583224,0.08375157535676359,0.02044435537989031,0.0,0.13369573958911363,0.15620703665668179,0.11352396306792378,0.13530030992062114,0.10563694976623839,0.06117383479301852,0.08672718206944074
isoTrapezoid,0.04737829458976217,0.1250809474257153,0.13979301205138106,0.13369573958911363,0.0,0.04765747800607578,0.03778281174273068,0.12383600745141599,0.1190516101429907,0.04898613149214304,0.06067070352975046
kite,0.036626881082657325,0.08832502650682383,0.14603314938427314,0.15620703665668179,0.04765747800607578,0.0,0.024731023379876427,0.10592339927505312,0.1057360974358188,0.10035547495799257,0.1241201613300752
rightKite,0.038292713631183806,0.0828999872395193,0.10832565336189581,0.11352396306792378,0.03778281174273068,0.024731023379876427,1.1102230246251565e-16,0.10317686221069877,0.0966517741035563,0.050054834536430115,0.09095154980094589
rustedHinge,0.06748609086684876,0.06880757258405068,0.12159274527639441,0.13530030992062114,0.12383600745141599,0.10592339927505312,0.10317686221069877,1.1102230246251565e-16,0.009862877922995228,0.11297358524490952,0.1254450380099903
hinge,0.06360170974965429,0.04836565065332099,0.08831761010827244,0.10563694976623839,0.1190516101429907,0.1057360974358188,0.0966517741035563,0.009862877922995228,0.0,0.0958716423935102,0.1122080680646883
trapezoid,0.06884486574002657,0.09924299465301034,0.0775684406946967,0.06117383479301852,0.04898613149214304,0.10035547495799257,0.050054834536430115,0.11297358524490952,0.0958716423935102,0.0,0.031207829427993827
random,0.10463073220348651,0.15071968454662732,0.11605298061986757,0.08672718206944074,0.06067070352975046,0.1241201613300752,0.09095154980094589,0.1254450380099903,0.1122080680646883,0.031207829427993827,0.0
