,square,rectangle,parallelogram,losange,isoTrapezoid,kite,rightKite,rustedHinge,hinge,trapezoid,random
square,0.03127403927887228,0.033229055996293326,0.035497487120545915,0.03755557889572561,0.03325437388651859,0.03299174013289929,0.032751861409335475,0.03433268537458247,0.03393681703189894,0.03376160059010928,0.03505076081826789
rectangle,0.033229055996293326,0.03166229428540284,0.034225399198162254,0.03627948595542722,0.035227781373292154,0.03441186847303553,0.03422592517755946,0.03374494870098005,0.033054336161416946,0.0347655811372355,0.036002716582514395
parallelogram,0.03549748712054592,0.034225399198162254,0.03469147950699487,0.03686938495425945,0.037026209935288545,0.03670224695157489,0.03626679601435615,0.035817237261300476,0.03509062642300278,0.0364033483048405,0.03747514173716661
losange,0.037555578895725604,0.03627948595542722,0.03686938495425945,0.03681993282803879,0.03844824467259854,0.03855287699080461,0.038255438520065674,0.037179114531617895,0.03666265778330813,0.037699246199931626,0.03797395880635688
isoTrapezoid,0.033254373886518585,0.035227781373292154,0.037026209935288545,0.03844824467259854,0.03303677566591964,0.03429968071472053,0.03410693507829982,0.0361252608601069,0.03584042225339305,0.03484452789537072,0.035714769932702305
kite,0.03299174013289928,0.03441186847303553,0.03670224695157489,0.03855287699080462,0.03429968071472054,0.03321594235785914,0.03371712559723812,0.03584351100025246,0.035458945181708904,0.03531008980596551,0.03642395706829091
rightKite,0.032751861409335475,0.03422592517755946,0.03626679601435615,0.038255438520065674,0.03410693507829982,0.03371712559723812,0.03303023819495717,0.03552829241998368,0.035124688867774596,0.034644308364276476,0.036151062063903484
rustedHinge,0.03433268537458247,0.03374494870098004,0.035817237261300476,0.037179114531617895,0.0361252608601069,0.03584351100025246,0.03552829241998368,0.03370794438072837,0.033629237078659,0.03579988137823104,0.03649670824504553
hinge,0.03393681703189894,0.03305433616141695,0.03509062642300277,0.03666265778330812,0.03584042225339305,0.035458945181708904,0.035124688867774596,0.033629237078659,0.03301611342288212,0.03534747624702458,0.036202055466230565
trapezoid,0.03376160059010928,0.0347655811372355,0.0364033483048405,0.03769924619993162,0.03484452789537073,0.03531008980596551,0.03464430836427647,0.03579988137823104,0.035347476247024584,0.03393033696760241,0.03550306915619218
random,0.03505076081826789,0.036002716582514395,0.03747514173716661,0.037973958806356886,0.0357147699327023,0.03642395706829091,0.036151062063903484,0.03649670824504553,0.03620205546623056,0.03550306915619218,0.03460164439184839
