,square,rectangle,parallelogram,losange,isoTrapezoid,kite,rightKite,rustedHinge,hinge,trapezoid,random
square,0.09998788730639861,0.12647790456854474,0.18383544764070406,0.23480048585017424,0.14199579833349468,0.1428982497654671,0.13244279917779359,0.16864491534940626,0.15425576524618348,0.15367822517034313,0.19592291649903099
rectangle,0.1264779045685447,0.10318726084387249,0.16134306402252524,0.22160686580706934,0.17972088956650767,0.16648136276918396,0.15903549356963864,0.16748925014479762,0.1458581575700045,0.17176050885566674,0.21843108531928404
parallelogram,0.18383544764070406,0.16134306402252524,0.13677320474384663,0.1747509860351664,0.2117005988072019,0.21606955230865152,0.1990599347513909,0.1934591336270508,0.17495708704720278,0.1724718294304299,0.2108227372526832
losange,0.23480048585017418,0.22160686580706937,0.1747509860351664,0.1537587296425505,0.23746667898109922,0.2556275401876572,0.2390228615823672,0.22385870480302458,0.21553009399083992,0.19041348288697282,0.20592650505987706
isoTrapezoid,0.1419957983334947,0.17972088956650767,0.2117005988072019,0.23746667898109922,0.1177059575668493,0.15138630659356703,0.14287049792578094,0.1992657675610344,0.19240567852358048,0.15429167726782678,0.17987716461794118
kite,0.14289824976546708,0.16648136276918393,0.21606955230865152,0.25562754018765727,0.15138630659356703,0.12559856101942482,0.1385307625148556,0.20329710448395677,0.19562113226869424,0.18966046483912097,0.2251254386764398
rightKite,0.1324427991777936,0.15903549356963864,0.1990599347513909,0.23902286158236724,0.14287049792578094,0.1385307625148556,0.12139000371147447,0.1944308520295269,0.1860566522838796,0.16229048368738336,0.2022073510011694
rustedHinge,0.1686449153494062,0.16748925014479762,0.19345913362705078,0.22385870480302458,0.19926576756103445,0.20329710448395677,0.1944308520295269,0.13396972662113374,0.13960395563727512,0.18550574851183851,0.2012547043859587
hinge,0.1542557652461835,0.1458581575700045,0.1749570870472028,0.21553009399083992,0.1924056785235805,0.19562113226869426,0.1860566522838796,0.1396039556372751,0.13017198993299303,0.17463002578736372,0.19837504632775493
trapezoid,0.15367822517034313,0.17176050885566674,0.1724718294304299,0.1904134828869728,0.15429167726782678,0.189660464839121,0.16229048368738336,0.18550574851183854,0.17463002578736372,0.12256416352082482,0.1499335690309224
random,0.19592291649903099,0.21843108531928404,0.2108227372526832,0.20592650505987706,0.17987716461794118,0.22512543867643986,0.2022073510011694,0.20125470438595872,0.19837504632775493,0.14993356903092242,0.13105366535673832
