,square,rectangle,parallelogram,losange,isoTrapezoid,kite,rightKite,rustedHinge,hinge,trapezoid,random
square,0.014619789781118914,0.01779846453638078,0.020605894648629497,0.023221348777950426,0.01698491761493311,0.016350456913604497,0.015892341377578886,0.018892961700712876,0.01846669699650687,0.01763417588958662,0.020647323056714878
rectangle,0.017798464536380783,0.014862606352160659,0.01755202514190631,0.02053603326618541,0.02107218989367063,0.01886639935882191,0.018600639322235404,0.01784667735444616,0.01675741779398978,0.019284151715256784,0.022663048319907262
parallelogram,0.020605894648629497,0.01755202514190631,0.016084921659247842,0.018225875974039366,0.022632870673445663,0.021623020262437037,0.020646815941622685,0.01952135248768991,0.018343660614692732,0.019380522056808788,0.022116136985780167
losange,0.02322134877795043,0.02053603326618541,0.018225875974039366,0.016299067436489668,0.02371087869129064,0.023765242375938456,0.022908705474656836,0.020727179150061552,0.02012868241654844,0.019992206558081694,0.020502192365796628
isoTrapezoid,0.01698491761493311,0.02107218989367063,0.022632870673445667,0.02371087869129064,0.015256542152964892,0.017348424332376718,0.017030123353033493,0.021475596760173486,0.021353419013916183,0.01802274003593997,0.01979684670325974
kite,0.016350456913604497,0.018866399358821905,0.021623020262437037,0.02376524237593846,0.017348424332376718,0.014997698328391575,0.01613318031264268,0.020719049903119905,0.020440691360939824,0.01956467013978649,0.022145181475215367
rightKite,0.015892341377578886,0.018600639322235404,0.020646815941622685,0.022908705474656836,0.017030123353033493,0.01613318031264268,0.015041460590464753,0.02024133068263209,0.0198337185143894,0.017739700412382355,0.02110729431566023
rustedHinge,0.018892961700712876,0.01784667735444616,0.01952135248768991,0.020727179150061552,0.021475596760173483,0.0207190499031199,0.02024133068263209,0.015788747326044014,0.01603847335743899,0.019830391372037293,0.021310483665780353
hinge,0.01846669699650687,0.01675741779398978,0.018343660614692732,0.020128682416548443,0.021353419013916186,0.020440691360939824,0.0198337185143894,0.01603847335743899,0.015510356340185683,0.019279241690486903,0.021295767591742263
trapezoid,0.01763417588958662,0.019284151715256784,0.019380522056808788,0.019992206558081694,0.01802274003593997,0.01956467013978649,0.01773970041238235,0.019830391372037293,0.019279241690486903,0.015479200614360292,0.017890093694649136
random,0.020647323056714878,0.022663048319907262,0.02211613698578017,0.020502192365796625,0.019796846703259742,0.022145181475215363,0.02110729431566023,0.021310483665780353,0.021295767591742263,0.017890093694649133,0.016193345563065165
