,square,rectangle,parallelogram,losange,isoTrapezoid,kite,rightKite,rustedHinge,hinge,trapezoid,random
square,2.220446049250313e-16,0.009729924026640857,0.018416994616420324,0.019714226542427382,0.005320470844544345,0.005367818031542737,0.003664411148719182,0.010777949718700164,0.01054389352313756,0.008040899727535633,0.01424221356578792
rectangle,0.009729924026640857,0.0,0.005777861046213806,0.012093847546217673,0.01936521314594708,0.012840131496462903,0.011600036731441388,0.009192729077968531,0.005560332383034106,0.012997097931318646,0.02570645930307358
parallelogram,0.018416994616420324,0.005777861046213806,0.0,0.0045409915623221275,0.025676647951341613,0.02234744793987753,0.018556365667847685,0.013453584258547702,0.008543118022279028,0.011324750889999069,0.023013479899985256
losange,0.019714226542427382,0.012093847546217673,0.0045409915623221275,0.0,0.0226848181255902,0.023014427617160882,0.01878245868141981,0.015151142214823277,0.011688767860194571,0.007835166153464135,0.014352110394154405
isoTrapezoid,0.005320470844544345,0.01936521314594708,0.025676647951341613,0.0226848181255902,0.0,0.006275674076738569,0.0050663059700328805,0.018839154822647863,0.0189160115650836,0.007088659353104987,0.009648668921908077
kite,0.005367818031542737,0.012840131496462903,0.02234744793987753,0.023014427617160882,0.006275674076738569,0.0,0.0024901738525021644,0.01985994307668837,0.018713720597616113,0.012760771030567497,0.02018488513301475
rightKite,0.003664411148719182,0.011600036731441388,0.018556365667847685,0.01878245868141981,0.0050663059700328805,0.0024901738525021644,2.220446049250313e-16,0.01721712743735837,0.01630262033546548,0.007845279957883644,0.016057803434240125
rustedHinge,0.010777949718700164,0.009192729077968531,0.013453584258547702,0.015151142214823277,0.018839154822647863,0.01985994307668837,0.01721712743735837,0.0,0.0011491627793281944,0.012867295294996195,0.01832771646695519
hinge,0.01054389352313756,0.005560332383034106,0.008543118022279028,0.011688767860194571,0.0189160115650836,0.018713720597616113,0.01630262033546548,0.0011491627793281944,0.0,0.011142488251942306,0.018169077945367595
trapezoid,0.008040899727535633,0.012997097931318646,0.011324750889999069,0.007835166153464135,0.007088659353104987,0.012760771030567497,0.007845279957883644,0.012867295294996195,0.011142488251942306,0.0,0.004283170226750399
random,0.01424221356578792,0.02570645930307358,0.023013479899985256,0.014352110394154405,0.009648668921908077,0.02018488513301475,0.016057803434240125,0.01832771646695519,0.018169077945367595,0.004283170226750399,1.1102230246251565e-16
