,square,rectangle,parallelogram,losange,isoTrapezoid,kite,rightKite,rustedHinge,hinge,trapezoid,random
square,0.04975549500355613,0.05423849872436429,0.05791473326178547,0.06149894840751707,0.05336845871609113,0.052327275495612474,0.05198293737711491,0.05600182038002409,0.055061975764583326,0.05425486065891019,0.05778075650850049
rectangle,0.05423849872436429,0.04948002898700721,0.053834771059193265,0.05712375138779701,0.05783891381016427,0.05548955032105449,0.05564749048178798,0.05396349040336319,0.05215946120143697,0.056296184458167677,0.05934961293864463
parallelogram,0.05791473326178547,0.05383477105919328,0.052885779142257866,0.05618450378329925,0.060438542730191606,0.059351301420465644,0.058744210255827295,0.05706717287274284,0.05518859036428709,0.05822966653032383,0.06090298831956758
losange,0.06149894840751705,0.05712375138779701,0.05618450378329925,0.053676622057277454,0.06229250032245365,0.06237673395744734,0.06227396058542694,0.058436769686753834,0.05712823578737661,0.06008316807626875,0.06041253163157129
isoTrapezoid,0.05336845871609113,0.05783891381016427,0.06043854273019161,0.06229250032245365,0.051556748144716634,0.05427735521557147,0.054280325524738667,0.05897724091375555,0.05836329490816509,0.055589585778895646,0.05790243302573095
kite,0.05232727549561247,0.05548955032105449,0.05935130142046562,0.06237673395744734,0.05427735521557147,0.051003927047738915,0.052747291870130004,0.05829269513527702,0.057402135000918224,0.05658551468381208,0.05942640044703935
rightKite,0.05198293737711491,0.05564749048178798,0.05874421025582731,0.06227396058542694,0.054280325524738667,0.052747291870130004,0.05168791885232306,0.05784802514227528,0.056922570464480675,0.05531673471326193,0.05922394858921979
rustedHinge,0.056001820380024096,0.05396349040336319,0.05706717287274284,0.058436769686753834,0.05897724091375555,0.05829269513527702,0.05784802514227528,0.05262708582931003,0.05234498225346373,0.05773869587405168,0.059176727913269826
hinge,0.05506197576458333,0.05215946120143697,0.055188590364287075,0.05712823578737661,0.05836329490816509,0.05740213500091824,0.056922570464480675,0.052344982253463714,0.05106984333178736,0.056642202577215944,0.05864833140382786
trapezoid,0.054254860658910206,0.05629618445816768,0.05822966653032383,0.06008316807626876,0.055589585778895646,0.05658551468381208,0.05531673471326193,0.05773869587405168,0.056642202577215944,0.05261936051163739,0.05684884878378406
random,0.057780756508500494,0.05934961293864463,0.06090298831956759,0.06041253163157129,0.05790243302573095,0.05942640044703934,0.05922394858921979,0.05917672791326981,0.058648331403827865,0.05684884878378406,0.053751140210144606
