,square,rectangle,parallelogram,losange,isoTrapezoid,kite,rightKite,rustedHinge,hinge,trapezoid,random
square,0.03469500395823447,0.046629569907328985,0.05755652239074178,0.06738666138724972,0.04289247445000796,0.04124167013388958,0.039181650053972505,0.05019815475841513,0.04864769434278003,0.045467566291677995,0.056148744126793056
rectangle,0.04662956990732898,0.03648473465143891,0.045514213417879305,0.056030040662304645,0.058378026177694754,0.05069816226572842,0.04944653187221151,0.04722444183309889,0.043150688350365105,0.05141656593792704,0.06350052438454848
parallelogram,0.05755652239074178,0.04551421341787931,0.040555113059548245,0.04722195889911302,0.06481953323246349,0.06130235176828591,0.05799433279648823,0.05190640870075686,0.047526037658926594,0.05175607106708314,0.06063408848566314
losange,0.06738666138724972,0.056030040662304645,0.047221958899113015,0.040955860491521744,0.0692037287921801,0.06875519850842474,0.06611331979544689,0.05578915306955989,0.053300228770197654,0.05497596832009002,0.05517080669781857
isoTrapezoid,0.04289247445000795,0.058378026177694754,0.0648195332324635,0.0692037287921801,0.03696575071390779,0.04450236819934751,0.043050267567503464,0.05887128150707173,0.05860299792576403,0.04720795847199552,0.053295722130797724
kite,0.04124167013388958,0.05069816226572843,0.061302351768285905,0.06875519850842474,0.04450236819934751,0.03612689617745572,0.04010515092880622,0.05697765826791869,0.05604868450740066,0.05315873166737431,0.06202780759592926
rightKite,0.039181650053972505,0.04944653187221151,0.057994332796488246,0.06611331979544689,0.043050267567503464,0.04010515092880622,0.03655814570015436,0.054902766846485096,0.053393922927245104,0.04651168988219111,0.05839574971105896
rustedHinge,0.05019815475841513,0.04722444183309889,0.05190640870075686,0.05578915306955988,0.058871281507071715,0.0569776582679187,0.05490276684648509,0.03938272832957263,0.03990313305034582,0.05239804689358274,0.05662227890256858
hinge,0.04864769434278003,0.0431506883503651,0.047526037658926594,0.053300228770197654,0.05860299792576402,0.05604868450740066,0.053393922927245104,0.03990313305034582,0.038067733061280806,0.050283003357297774,0.05658240308148646
trapezoid,0.045467566291677995,0.05141656593792704,0.05175607106708314,0.05497596832009002,0.04720795847199552,0.053158731667374295,0.04651168988219111,0.052398046893582725,0.050283003357297774,0.03781967398854958,0.04552394627610356
random,0.05614874412679306,0.06350052438454848,0.060634088485663123,0.05517080669781857,0.053295722130797724,0.06202780759592926,0.05839574971105896,0.05662227890256859,0.05658240308148646,0.04552394627610356,0.03926316221154415
