,square,rectangle,parallelogram,losange,isoTrapezoid,kite,rightKite,rustedHinge,hinge,trapezoid,random
square,0.00027743865915250886,0.00032796206009997247,0.00040055322335660746,0.00045604628251419004,0.0003258618999195421,0.00032722448407256945,0.000326448632443444,0.00037010908298122056,0.0003546936000283453,0.00034418349880379495,0.00040419730157385846
rectangle,0.00032796206009997247,0.00028355113506173924,0.000350633980970695,0.00041825664935573643,0.0003986036078441756,0.0003681776920747652,0.00036996084600709545,0.0003598810473096171,0.00033283128385455473,0.00037211523703650063,0.00044844095392996175
parallelogram,0.00040055322335660746,0.000350633980970695,0.00030400952543736804,0.0003416681825797252,0.00043839681010055453,0.0004331048267597839,0.00041071591165160206,0.00039387915990676397,0.00036617026275504117,0.00036017483900027545,0.0004197900421489895
losange,0.00045604628251419004,0.00041825664935573643,0.0003416681825797252,0.0002976993050774266,0.0004632572909301362,0.0004731472829995904,0.0004487394820676246,0.00041842810913555957,0.00040386863101307945,0.0003688267602000617,0.00039003405584455103
isoTrapezoid,0.0003258618999195421,0.0003986036078441756,0.00043839681010055453,0.0004632572909301362,0.00028316186111228183,0.00033527019350306723,0.0003345062324224606,0.0004190247328578466,0.0004107858316834915,0.00034281978329663026,0.0003774706408686369
kite,0.00032722448407256945,0.0003681776920747652,0.0004331048267597839,0.0004731472829995904,0.00033527019350306723,0.0002848136014744932,0.0003160183601575324,0.00040696601823501683,0.000398681016098671,0.0003880954305249212,0.00043375598314096797
rightKite,0.000326448632443444,0.00036996084600709545,0.00041071591165160206,0.0004487394820676246,0.0003345062324224606,0.0003160183601575324,0.0002963292783067184,0.00040560670067792993,0.0003941217634578305,0.00034869243677192055,0.0004059579151910532
rustedHinge,0.00037010908298122056,0.0003598810473096171,0.00039387915990676397,0.00041842810913555957,0.0004190247328578466,0.00040696601823501683,0.00040560670067792993,0.00029223974339385815,0.00029937191669903893,0.0003918158372394397,0.0004129395564525701
hinge,0.0003546936000283453,0.00033283128385455473,0.00036617026275504117,0.00040386863101307945,0.0004107858316834915,0.000398681016098671,0.0003941217634578305,0.00029937191669903893,0.00028649675657622703,0.0003754640598453655,0.00040633997142900253
trapezoid,0.00034418349880379495,0.00037211523703650063,0.00036017483900027545,0.0003688267602000617,0.00034281978329663026,0.0003880954305249212,0.00034869243677192055,0.0003918158372394397,0.0003754640598453655,0.0002854947534433177,0.00032880128251285446
random,0.00040419730157385846,0.00044844095392996175,0.0004197900421489895,0.00039003405584455103,0.0003774706408686369,0.00043375598314096797,0.0004059579151910532,0.0004129395564525701,0.00040633997142900253,0.00032880128251285446,0.00029552657437972933
