,square,rectangle,parallelogram,losange,isoTrapezoid,kite,rightKite,rustedHinge,hinge,trapezoid,random
square,6.450250617570069e-05,7.461866045438432e-05,8.205830462682548e-05,8.844264708984001e-05,6.617525602860497e-05,6.758803164028275e-05,7.247256029695975e-05,7.898859426426948e-05,7.27231244640579e-05,7.081618977592666e-05,7.754529899751821e-05
rectangle,7.461866045438432e-05,6.865755598645809e-05,7.763334645571928e-05,8.582308787287526e-05,7.970598173238748e-05,7.692380338210742e-05,8.22680772992413e-05,7.890841252489735e-05,7.069913370433732e-05,7.80430968456351e-05,8.647684569620984e-05
parallelogram,8.205830462682548e-05,7.763334645571928e-05,7.1970676997045e-05,7.518118140195197e-05,8.327209321669832e-05,7.971414940853906e-05,8.345661707919622e-05,7.9905190848122e-05,7.33947784023386e-05,7.570125728597102e-05,8.09626602544247e-05
losange,8.844264708984001e-05,8.582308787287526e-05,7.518118140195197e-05,6.504493323976508e-05,8.544599764991451e-05,8.097739421208735e-05,8.544957608061895e-05,7.899596686674605e-05,7.551138269809225e-05,7.449375456312817e-05,7.284459357392448e-05
isoTrapezoid,6.617525602860497e-05,7.970598173238748e-05,8.327209321669832e-05,8.544599764991451e-05,5.7388985743630277e-05,6.549240806879325e-05,7.081935585353226e-05,8.164519337951761e-05,7.637060180762079e-05,6.768214103132043e-05,7.156577362065839e-05
kite,6.758803164028275e-05,7.692380338210742e-05,7.971414940853906e-05,8.097739421208735e-05,6.549240806879325e-05,5.8259244854163325e-05,6.728368085922208e-05,7.73334671329872e-05,7.327278369953899e-05,6.99940827722952e-05,7.365968832506233e-05
rightKite,7.247256029695975e-05,8.22680772992413e-05,8.345661707919622e-05,8.544957608061895e-05,7.081935585353226e-05,6.728368085922208e-05,7.085306757455245e-05,8.23512293263636e-05,7.791960094634158e-05,7.211126742242916e-05,7.801485131972953e-05
rustedHinge,7.898859426426948e-05,7.890841252489735e-05,7.9905190848122e-05,7.899596686674605e-05,8.164519337951761e-05,7.73334671329872e-05,8.23512293263636e-05,7.013054375445851e-05,6.746326144355828e-05,7.667616858615144e-05,7.788063435035361e-05
hinge,7.27231244640579e-05,7.069913370433732e-05,7.33947784023386e-05,7.551138269809225e-05,7.637060180762079e-05,7.327278369953899e-05,7.791960094634158e-05,6.746326144355828e-05,6.216499841144492e-05,7.172717199470191e-05,7.51485201072284e-05
trapezoid,7.081618977592666e-05,7.80430968456351e-05,7.570125728597102e-05,7.449375456312817e-05,6.768214103132043e-05,6.99940827722952e-05,7.211126742242916e-05,7.667616858615144e-05,7.172717199470191e-05,6.187313551096751e-05,6.627714373566504e-05
random,7.754529899751821e-05,8.647684569620984e-05,8.09626602544247e-05,7.284459357392448e-05,7.156577362065839e-05,7.365968832506233e-05,7.801485131972953e-05,7.788063435035361e-05,7.51485201072284e-05,6.627714373566504e-05,5.9065018444973296e-05
