,square,rectangle,parallelogram,losange,isoTrapezoid,kite,rightKite,rustedHinge,hinge,trapezoid,random
square,0.00013218121689914628,0.00015618204731553576,0.0001844436331433207,0.00020647686524511127,0.00014749164393701382,0.00014755973836462702,0.00014951752389465682,0.00016916430495942373,0.00016025036138287037,0.0001563401447066414,0.00017917018074946746
rectangle,0.00015618204731553576,0.00013690822081211128,0.00016372107940223546,0.00019080023412299736,0.0001819604787258907,0.0001678894461314845,0.00017116145062146633,0.00016600999524473363,0.00015148499982454096,0.00017094049767923467,0.0002010891695582921
parallelogram,0.0001844436331433207,0.00016372107940223546,0.0001461953684684515,0.00015987408321630148,0.0001982000667197811,0.0001915260900748691,0.0001866351021241184,0.00017769735791630083,0.00016420014530375281,0.00016650625869368092,0.0001892520219467206
losange,0.00020647686524511127,0.00019080023412299736,0.00015987408321630148,0.00013979134424410276,0.00020804467527754143,0.00020604726959187302,0.00020104963625833337,0.0001854744720809224,0.00017818532909620127,0.00016868840543258232,0.0001743724889743446
isoTrapezoid,0.00014749164393701382,0.0001819604787258907,0.0001982000667197811,0.00020804467527754143,0.0001283975879958222,0.00014935841909659598,0.00015207368754562253,0.00018746983741702004,0.00018162709905162214,0.00015461423894342217,0.00016736059176699546
kite,0.00014755973836462702,0.0001678894461314845,0.0001915260900748691,0.00020604726959187302,0.00014935841909659598,0.00012946464529927252,0.00014473569317471755,0.000180453939344592,0.00017538349461959963,0.00016903498012979558,0.0001873164208647834
rightKite,0.00014951752389465682,0.00017116145062146633,0.0001866351021241184,0.00020104963625833337,0.00015207368754562253,0.00014473569317471755,0.00014085401295565284,0.0001826917475515092,0.00017634076068218747,0.0001576379023731546,0.00018119244095980813
rustedHinge,0.00016916430495942373,0.00016600999524473363,0.00017769735791630083,0.0001854744720809224,0.00018746983741702004,0.000180453939344592,0.0001826917475515092,0.00013995062503492365,0.00014055506174336457,0.0001739034421603156,0.00018314923234878528
hinge,0.00016025036138287037,0.00015148499982454096,0.00016420014530375281,0.00017818532909620127,0.00018162709905162214,0.00017538349461959963,0.00017634076068218747,0.00014055506174336457,0.00013321775945721997,0.0001655746788305765,0.00018011894112446465
trapezoid,0.0001563401447066414,0.00017094049767923467,0.00016650625869368092,0.00016868840543258232,0.00015461423894342217,0.00016903498012979558,0.0001576379023731546,0.0001739034421603156,0.0001655746788305765,0.00013249830432205659,0.00014815636860010965
random,0.00017917018074946746,0.0002010891695582921,0.0001892520219467206,0.0001743724889743446,0.00016736059176699546,0.0001873164208647834,0.00018119244095980813,0.00018314923234878528,0.00018011894112446465,0.00014815636860010965,0.00013357113711225024
