,square,rectangle,parallelogram,losange,isoTrapezoid,kite,rightKite,rustedHinge,hinge,trapezoid,random
square,0.0005558057090409032,0.0006571649209143094,0.0008400007729049803,0.0009747557098277033,0.0007138868003736817,0.0007283533206492793,0.0007245510538913285,0.000818022725288465,0.0007796945832483339,0.0007556590649601678,0.000906981557791854
rectangle,0.0006571649209143094,0.0005617930441982929,0.0007367218047078433,0.000899915148308242,0.0008607224678703452,0.0008095178864853794,0.0008124300842222898,0.0007935537860692944,0.0007322539649730083,0.0008136048038744451,0.0009940418362051541
parallelogram,0.0008400007729049803,0.0007367218047078433,0.0006289959693113938,0.0007269368780099742,0.0009514875115858535,0.0009534546982574844,0.0009086311349375902,0.0008796997852182258,0.0008162928700260558,0.0007902606639487832,0.0009341504630778606
losange,0.0009747557098277033,0.000899915148308242,0.0007269368780099742,0.0006333675172785512,0.0010097812431798443,0.0010429333024269403,0.0009947281873998492,0.0009481821751564601,0.0009110584372225481,0.000812981132270163,0.0008743197132083891
isoTrapezoid,0.0007138868003736817,0.0008607224678703452,0.0009514875115858535,0.0010097812431798443,0.0005938445884408691,0.000731822527342988,0.0007210266720373335,0.0009285118246415401,0.0009138010165864097,0.0007360804982260891,0.0008260259867162504
kite,0.0007283533206492793,0.0008095178864853794,0.0009534546982574844,0.0010429333024269403,0.000731822527342988,0.0006008939570604447,0.0006686919723092288,0.0009024424464512956,0.0008823559433501163,0.0008613362975841613,0.0009508371002418192
rightKite,0.0007245510538913285,0.0008124300842222898,0.0009086311349375902,0.0009947281873998492,0.0007210266720373335,0.0006686919723092288,0.0006132954407361503,0.0008928230268058511,0.0008693410089579893,0.0007678465793416998,0.0008871850468561556
rustedHinge,0.000818022725288465,0.0007935537860692944,0.0008796997852182258,0.0009481821751564601,0.0009285118246415401,0.0009024424464512956,0.0008928230268058511,0.0006204372074681093,0.0006426134631729109,0.0008877200057666835,0.00091704207172582
hinge,0.0007796945832483339,0.0007322539649730083,0.0008162928700260558,0.0009110584372225481,0.0009138010165864097,0.0008823559433501163,0.0008693410089579893,0.0006426134631729109,0.0006122840148411183,0.0008545484519030199,0.0008998131240979744
trapezoid,0.0007556590649601678,0.0008136048038744451,0.0007902606639487832,0.000812981132270163,0.0007360804982260891,0.0008613362975841613,0.0007678465793416998,0.0008877200057666835,0.0008545484519030199,0.0006098598256233569,0.0007266512362594507
random,0.000906981557791854,0.0009940418362051541,0.0009341504630778606,0.0008743197132083891,0.0008260259867162504,0.0009508371002418192,0.0008871850468561556,0.00091704207172582,0.0008998131240979744,0.0007266512362594507,0.0006372225302107968
