,square,rectangle,parallelogram,losange,isoTrapezoid,kite,rightKite,rustedHinge,hinge,trapezoid,random
square,0.001001428433577925,0.0011896495223709192,0.0016122466930680855,0.0018826060644910668,0.0014264745574051774,0.0014514354605736615,0.001429521366355167,0.0015961892354401299,0.0015163590380916163,0.0015096129958522646,0.0018348217604180902
rectangle,0.0011896495223709192,0.001008538086540205,0.0014210717135079215,0.0017496766412948448,0.0016925633425307358,0.0015927565676563955,0.0015846256443326277,0.0015481213739120773,0.0014255633606462992,0.0016158535676082876,0.0019880127506309874
parallelogram,0.0016122466930680855,0.0014210717135079215,0.0012073334211647605,0.0014224624325827706,0.0018632316281582896,0.0018532542759864073,0.0017783832948044455,0.0017213526977584118,0.001599694232132386,0.001566558196500594,0.0018724620634375402
losange,0.0018826060644910672,0.0017496766412948448,0.0014224624325827706,0.0012516363147940129,0.0019730946677139764,0.0020187691755897694,0.001940436256810304,0.0018576603225300343,0.0017860622869993194,0.001612712240595315,0.0017553712759403525
isoTrapezoid,0.0014264745574051774,0.001692563342530736,0.0018632316281582896,0.0019730946677139764,0.0011340402028579325,0.001422088547386138,0.0013822532241968295,0.0017995214455220566,0.0017785690551990853,0.001426688684891557,0.001619205888064593
kite,0.0014514354605736615,0.0015927565676563955,0.0018532542759864068,0.0020187691755897694,0.001422088547386138,0.0011373514142729744,0.0012642509149715848,0.0017451665815784627,0.0017028325015218688,0.0016748347945109586,0.0018524791240187022
rightKite,0.001429521366355167,0.0015846256443326277,0.0017783832948044455,0.001940436256810304,0.0013822532241968295,0.0012642509149715848,0.0011427685949229622,0.0017055873143837674,0.0016626091557824221,0.001490012554516935,0.0017283100780677194
rustedHinge,0.0015961892354401299,0.0015481213739120773,0.0017213526977584118,0.0018576603225300343,0.0017995214455220569,0.0017451665815784627,0.0017055873143837674,0.0011710797806658655,0.0012211465354683333,0.0017494286872631307,0.0017959707965164693
hinge,0.0015163590380916163,0.0014255633606462992,0.0015996942321323863,0.0017860622869993194,0.0017785690551990853,0.0017028325015218688,0.0016626091557824221,0.0012211465354683333,0.001155914956541447,0.0016857790656156833,0.0017634386072369718
trapezoid,0.0015096129958522646,0.0016158535676082876,0.001566558196500594,0.001612712240595315,0.001426688684891557,0.0016748347945109586,0.0014900125545169352,0.0017494286872631307,0.0016857790656156833,0.0011730309919932836,0.001442770498882658
random,0.0018348217604180902,0.001988012750630988,0.0018724620634375402,0.0017553712759403523,0.001619205888064593,0.0018524791240187022,0.0017283100780677194,0.0017959707965164693,0.0017634386072369718,0.001442770498882658,0.0012524772446313934
