,square,rectangle,parallelogram,losange,isoTrapezoid,kite,rightKite,rustedHinge,hinge,trapezoid,random
square,9.83195515540748,10.444317087550079,10.848623452818202,11.202444624900322,10.320835087824696,10.268876472684461,10.243212971429278,10.645851389581953,10.53500311788309,10.435434532645324,10.781960966447924
rectangle,10.444317087550079,9.887429219317456,10.486411642559757,10.898956596908937,10.825077159530744,10.613169038664452,10.590643081811391,10.499040789780267,10.306593667747592,10.675878385511623,11.02557624465439
parallelogram,10.848623452818202,10.486411642559757,10.288416473718314,10.813193886259645,11.097039091676583,11.013833789525005,10.931684804792987,10.818546349664514,10.618821170425134,10.873626926488082,11.154004215227447
losange,11.202444624900322,10.898956596908937,10.813193886259645,10.55400339442706,11.291423537297636,11.319779623529636,11.262100120198106,11.028468174437416,10.889839935312384,11.035954395159056,11.097301442754533
isoTrapezoid,10.320835087824696,10.825077159530744,11.097039091676583,11.291423537297636,9.949424754566369,10.418388112443639,10.40240929697087,10.948993951990609,10.877508454998242,10.557662262336102,10.758456169605244
kite,10.268876472684461,10.613169038664452,11.013833789525005,11.319779623529636,10.418388112443639,10.0099240822507,10.319256662904237,10.905291515365773,10.803124066386006,10.707978699786839,10.991442026027489
rightKite,10.243212971429278,10.590643081811393,10.931684804792988,11.262100120198106,10.40240929697087,10.319256662904237,10.044380989714599,10.848582647663436,10.738448477415705,10.560002098143023,10.930870516782049
rustedHinge,10.645851389581953,10.499040789780265,10.818546349664514,11.028468174437416,10.94899395199061,10.905291515365771,10.848582647663436,10.23729548258027,10.331525489510987,10.83462874231087,11.010107833932873
hinge,10.53500311788309,10.306593667747592,10.618821170425138,10.889839935312384,10.877508454998242,10.803124066386006,10.738448477415705,10.331525489510987,10.045155796457344,10.713243126622704,10.938752273242216
trapezoid,10.435434532645326,10.675878385511622,10.873626926488082,11.035954395159056,10.557662262336102,10.707978699786839,10.560002098143023,10.834628742310871,10.713243126622704,10.171014488187666,10.663452581530153
random,10.781960966447924,11.02557624465439,11.154004215227447,11.097301442754532,10.758456169605246,10.991442026027489,10.930870516782049,11.01010783393287,10.938752273242216,10.663452581530153,10.29011630654327
