,square,rectangle,parallelogram,losange,isoTrapezoid,kite,rightKite,rustedHinge,hinge,trapezoid,random
square,58.15722226327092,66.73986935606887,77.3993240362357,83.63847103156583,73.36974138372686,72.98729860761708,71.97953207471683,77.1806692452614,76.12111483951074,74.09961049500407,83.42292702521863
rectangle,66.73986935606887,58.295031068812115,72.01128614485982,80.47921236486862,80.59235832635427,77.26073374103231,76.82916224887893,75.85736003837175,73.40379412278824,77.58898774129682,87.23157150805177
parallelogram,77.3993240362357,72.01128614485982,62.9784164376266,70.47278906840717,83.00361616872962,83.87393887122778,80.47343581731268,81.30939871716436,78.8453969087235,74.20594283457679,82.73917671138939
losange,83.63847103156583,80.47921236486862,70.47278906840717,62.962043104254256,85.19735066713625,88.12316172241226,83.99523972570867,84.35979707839309,82.90842668028118,74.3308578675096,78.62389868491798
isoTrapezoid,73.36974138372686,80.59235832635427,83.00361616872962,85.19735066713625,63.11101475384589,74.09740935567463,70.77982727636805,82.66128396123055,82.30204236939322,71.8086880483248,77.02685878024532
kite,72.98729860761708,77.26073374103231,83.87393887122778,88.12316172241226,74.09740935567463,63.34217820728256,67.82985341488157,81.39480882599612,81.18130730352554,79.91129944613245,85.73276476313039
rightKite,71.97953207471683,76.82916224887893,80.47343581731268,83.99523972570867,70.77982727636805,67.82985341488157,61.165617440470385,80.04951007212712,79.38525379445177,72.7934660234499,80.0193603531147
rustedHinge,77.18066924526138,75.85736003837175,81.30939871716437,84.35979707839309,82.66128396123055,81.39480882599612,80.04951007212712,63.83025784739236,66.60290695885543,81.36453409701375,83.48652787391525
hinge,76.12111483951075,73.40379412278824,78.8453969087235,82.90842668028118,82.30204236939322,81.18130730352553,79.38525379445178,66.60290695885541,64.07721032322303,79.95980031587138,82.83599450304926
trapezoid,74.09961049500407,77.58898774129682,74.20594283457679,74.3308578675096,71.80868804832478,79.91129944613245,72.7934660234499,81.36453409701375,79.95980031587138,60.83033473834687,70.8056671744401
random,83.42292702521863,87.23157150805177,82.73917671138939,78.62389868491798,77.0268587802453,85.73276476313039,80.0193603531147,83.48652787391525,82.83599450304928,70.8056671744401,63.39463956452669
