,square,rectangle,parallelogram,losange,isoTrapezoid,kite,rightKite,rustedHinge,hinge,trapezoid,random
square,11.408534869280654,13.04562291492252,14.68706314897408,15.838103415037876,13.192856218868089,13.051641249567199,12.858345144573184,14.039044491529857,13.807901423057322,13.503870684403719,14.7931578413124
rectangle,13.04562291492252,11.49815204732412,13.515591600374348,15.098795659549866,14.812560254510847,14.001722642766739,13.917694353637005,13.70660420523013,13.157467581325955,14.212651565516802,15.666937868644933
parallelogram,14.68706314897408,13.515591600374345,12.155993546361664,13.602134876353839,15.674316751570384,15.53384057608245,14.964697569113419,14.765799884127318,14.182937616245937,14.111469347426068,15.354826655480913
losange,15.838103415037876,15.098795659549866,13.602134876353839,12.288278285488127,16.152907293124333,16.459820175877834,15.833119902452847,15.474991642788932,15.160558075184428,14.267843362745234,14.783149347284102
isoTrapezoid,13.192856218868089,14.812560254510847,15.674316751570384,16.152907293124336,11.852075159424068,13.430293617083402,13.193910386434563,15.247913508267983,15.183352139562512,13.523454626923685,14.24806710587336
kite,13.051641249567203,14.001722642766739,15.533840576082449,16.459820175877834,13.430293617083402,11.896550378081393,12.712954169853752,15.045790470155001,14.922734491802922,14.604138757196779,15.627379288352722
rightKite,12.858345144573184,13.917694353637005,14.964697569113419,15.833119902452847,13.193910386434563,12.712954169853752,11.761642073397237,14.858796207208078,14.69205207205245,13.547858658624515,14.920127781492548
rustedHinge,14.039044491529857,13.706604205230134,14.765799884127322,15.474991642788932,15.247913508267981,15.045790470155001,14.858796207208078,11.853817135533985,12.312904095711634,14.783275593165744,15.283992264824631
hinge,13.807901423057322,13.157467581325955,14.182937616245937,15.160558075184424,15.183352139562512,14.922734491802924,14.692052072052451,12.312904095711634,11.899396412406528,14.51942989823278,15.197839110723418
trapezoid,13.503870684403719,14.212651565516802,14.111469347426072,14.267843362745234,13.523454626923685,14.604138757196779,13.547858658624518,14.783275593165742,14.519429898232781,11.84620099948141,13.187188505497174
random,14.793157841312402,15.666937868644933,15.354826655480913,14.783149347284102,14.248067105873357,15.627379288352722,14.920127781492548,15.283992264824631,15.197839110723416,13.187188505497174,12.1111262105031
