,square,rectangle,parallelogram,losange,isoTrapezoid,kite,rightKite,rustedHinge,hinge,trapezoid,random
square,36.89239907850612,42.76116258326727,50.042988467634174,54.431139214803906,46.64852646164764,46.62083496846177,45.8601604541003,49.7927169406234,48.94082475228506,47.38609802555253,53.26610648060471
rectangle,42.76116258326728,37.44437872542849,46.393055836276446,52.192666191685035,51.48074652767214,49.460247382745834,49.09495410501329,49.00587208758382,47.2405042023945,49.69315490119349,55.79094576465899
parallelogram,50.042988467634174,46.393055836276446,40.96240781773914,46.27552577614745,53.891404775877064,53.86068260972957,52.12420727654883,52.15033165747023,50.41828141202007,48.43362232983747,53.62353080586188
losange,54.431139214803906,52.192666191685035,46.27552577614745,41.56972513745093,55.78421237048858,56.9100188742538,54.81304448562659,54.3521821603895,53.35544088143721,48.9419819114196,51.37965269734828
isoTrapezoid,46.64852646164765,51.48074652767213,53.89140477587705,55.78421237048858,40.084573440823604,46.683380287942605,44.9959576925243,52.629606363368985,52.42280919174983,46.227545768583774,49.68442789615315
kite,46.62083496846177,49.460247382745834,53.86068260972959,56.91001887425381,46.6833802879426,39.97896676002229,42.7463695521628,52.1168194023373,51.69679158551835,50.615623675342384,54.29737369312464
rightKite,45.8601604541003,49.09495410501329,52.12420727654883,54.8130444856266,44.9959576925243,42.74636955216279,38.69926243955812,50.95077521429732,50.44435048508125,46.63381578408637,51.41469511514428
rustedHinge,49.79271694062339,49.00587208758382,52.15033165747023,54.35218216038952,52.629606363369,52.1168194023373,50.95077521429731,40.55925448516046,42.212876531629256,51.75905700068524,52.84703239370804
hinge,48.94082475228506,47.2405042023945,50.418281412020065,53.35544088143721,52.42280919174983,51.69679158551835,50.44435048508125,42.21287653162926,40.50318146798035,50.918443733143185,52.458780330020204
trapezoid,47.38609802555253,49.69315490119349,48.43362232983747,48.941981911419596,46.22754576858377,50.615623675342384,46.63381578408637,51.75905700068525,50.91844373314319,39.629222833009564,45.842182949985556
random,53.26610648060471,55.79094576465899,53.62353080586188,51.379652697348284,49.68442789615316,54.29737369312464,51.414695115144276,52.84703239370804,52.458780330020204,45.842182949985556,41.07647248185168
