,square,rectangle,parallelogram,losange,isoTrapezoid,kite,rightKite,rustedHinge,hinge,trapezoid,random
square,111.37506439082215,128.1051143470902,166.190274366794,186.16822218383572,170.22569597683872,168.89311836954676,170.79140681477796,182.95193847300362,177.2563746897592,166.96845726366314,200.55304989978848
rectangle,128.1051143470902,112.39725841098179,156.24778099699998,180.28318820123465,180.87826011541534,175.54761101129125,177.76307703554087,180.98653431160287,173.58823022635588,172.12574186821806,205.9003427254974
parallelogram,166.190274366794,156.24778099699998,130.19374696302566,149.07066136451542,181.7632665888552,180.84245941283936,181.09706437754383,182.77587466983528,178.05945911693266,159.66099953027856,189.86236070625012
losange,186.16822218383572,180.28318820123465,149.07066136451542,132.20769721993113,186.57268979445212,187.59245086481846,185.24655264354246,184.26516968813974,182.09359747744816,161.2279375253124,177.02207017636135
isoTrapezoid,170.22569597683872,180.87826011541534,181.7632665888552,186.57268979445212,128.720254457269,151.53352575985483,147.0204106614466,170.2317048867219,169.73985379417422,153.71401313747003,163.5694618232921
kite,168.89311836954676,175.54761101129125,180.84245941283936,187.59245086481843,151.53352575985485,124.05645865242529,132.68038870237928,166.7998790522315,164.20547799304347,164.0650958429999,172.99956548425965
rightKite,170.79140681477793,177.76307703554085,181.09706437754383,185.2465526435425,147.0204106614466,132.68038870237925,118.597899610619,161.72195330059876,159.85825553631585,155.74204129585556,163.6742756392721
rustedHinge,182.9519384730036,180.98653431160287,182.77587466983528,184.2651696881397,170.2317048867219,166.7998790522315,161.72195330059876,127.57609927105726,133.99310557630542,174.41323116675292,168.944188649892
hinge,177.2563746897592,173.58823022635588,178.05945911693266,182.09359747744813,169.73985379417422,164.20547799304344,159.85825553631585,133.99310557630542,127.745953099551,171.79986586758204,168.8299564108259
trapezoid,166.96845726366314,172.12574186821806,159.66099953027856,161.2279375253124,153.71401313747003,164.0650958429999,155.74204129585556,174.41323116675292,171.79986586758207,128.0971088068584,158.26805451539974
random,200.55304989978848,205.9003427254974,189.86236070625014,177.02207017636138,163.5694618232921,172.99956548425968,163.6742756392721,168.944188649892,168.8299564108259,158.26805451539974,130.06739326659857
