,square,rectangle,parallelogram,losange,isoTrapezoid,kite,rightKite,rustedHinge,hinge,trapezoid,random
square,316.40047102538585,368.10605006015146,472.8331664702882,524.6464338702328,456.83631091472176,460.2142588037911,460.8760268946833,491.97062561825066,482.29409871524,461.07483284921244,537.4319147254913
rectangle,368.1060500601514,322.7517723441253,442.4171188706362,507.17845541580425,493.40172890308537,482.6226208844076,484.7732977662819,487.8129854525043,472.1689733974728,478.771759299114,557.5293599275951
parallelogram,472.8331664702882,442.41711887063616,374.4406338358226,424.85262052148056,506.6722818831144,508.58162757812437,503.05865342833675,501.9336814569894,492.5713948344859,451.52794559736054,520.0263338921922
losange,524.6464338702328,507.1784554158043,424.85262052148045,374.1038336895867,519.4574173143459,527.9119897238554,515.134820948505,507.38279730459084,504.92624295391175,453.10717075336896,483.1116898973584
isoTrapezoid,456.8363109147218,493.40172890308537,506.6722818831144,519.4574173143459,347.70931480834935,411.82553658006265,398.1772099237008,462.2020407417393,463.79180014230553,421.57115594561566,441.4185101129794
kite,460.2142588037911,482.6226208844076,508.58162757812437,527.9119897238555,411.82553658006265,341.92996351125197,363.664515168805,457.9239855699258,454.47573787285626,455.8252988598101,474.05957909824934
rightKite,460.87602689468343,484.7732977662819,503.05865342833675,515.134820948505,398.1772099237008,363.664515168805,323.8155530364933,442.5602817434461,440.3719038793361,427.5069089547549,446.00183176306626
rustedHinge,491.97062561825055,487.8129854525043,501.9336814569894,507.3827973045909,462.2020407417393,457.9239855699258,442.56028174344624,345.38515692738014,364.85021426854513,476.2300369944454,459.25085324805985
hinge,482.29409871524,472.1689733974729,492.5713948344859,504.92624295391175,463.7918001423055,454.47573787285614,440.3719038793361,364.85021426854513,350.7803025384103,472.55024591370585,461.1172297638988
trapezoid,461.07483284921244,478.771759299114,451.52794559736054,453.10717075336896,421.57115594561566,455.82529885981006,427.5069089547549,476.23003699444547,472.5502459137059,356.9578578203466,427.2221640959154
random,537.4319147254912,557.5293599275951,520.026333892192,483.1116898973583,441.4185101129794,474.05957909824934,446.00183176306626,459.25085324805985,461.1172297638988,427.2221640959155,349.58619086188446
