,square,rectangle,parallelogram,losange,isoTrapezoid,kite,rightKite,rustedHinge,hinge,trapezoid,random
square,27.868412336617258,28.715270370403715,29.30165752101914,29.781348780715067,28.731360889052723,28.630035031280915,28.66349921688093,29.030024365395995,28.868868204441757,28.88367692863179,29.296742379938998
rectangle,28.715270370403715,27.72670559842587,28.855766627402378,29.378520283991406,29.13360706930862,28.905194830110826,28.90568995675247,28.757569285309145,28.518080825275632,29.05553210199125,29.45469658778206
parallelogram,29.30165752101914,28.855766627402375,28.608220558816683,29.53668094765091,29.591314226334728,29.484988236867903,29.446997648579288,29.316212980508215,29.075581630424416,29.494098576610785,29.827891628834156
losange,29.781348780715067,29.378520283991406,29.53668094765091,29.12034658749866,29.902009418086095,29.910152481573647,29.901119207579697,29.64310008001442,29.459507265215855,29.77869055842907,29.908860366092075
isoTrapezoid,28.731360889052723,29.13360706930862,29.591314226334728,29.902009418086088,28.08727560999557,28.85636000074762,28.870795955812614,29.3810879553024,29.259536350576003,29.07938669970548,29.33843953192114
kite,28.630035031280908,28.905194830110833,29.484988236867906,29.910152481573647,28.85636000074762,28.158977453006045,28.769224478058646,29.30474878645763,29.14646708435816,29.177355959262506,29.51450343697389
rightKite,28.66349921688093,28.90568995675247,29.446997648579295,29.901119207579708,28.870795955812614,28.769224478058646,28.240583332965393,29.280582923040644,29.11861724569881,29.082248032179002,29.512236863626235
rustedHinge,29.030024365395995,28.757569285309145,29.316212980508215,29.64310008001442,29.381087955302394,29.30474878645763,29.280582923040644,28.374078519606602,28.685047721105942,29.343366086132878,29.59492352244404
hinge,28.868868204441757,28.518080825275632,29.075581630424416,29.459507265215862,29.259536350576003,29.14646708435816,29.11861724569881,28.685047721105942,28.06531327933877,29.179371144356878,29.47276253770792
trapezoid,28.88367692863179,29.05553210199125,29.494098576610785,29.778690558429076,29.07938669970548,29.177355959262506,29.08224803217899,29.343366086132878,29.179371144356875,28.48344850826616,29.352490173786123
random,29.296742379938998,29.45469658778206,29.827891628834156,29.908860366092075,29.338439531921143,29.51450343697389,29.512236863626235,29.594923522444034,29.472762537707926,29.352490173786123,28.744816500251343
