,square,rectangle,parallelogram,losange,isoTrapezoid,kite,rightKite,rustedHinge,hinge,trapezoid,random
square,17.262777597043225,19.827251849936886,22.644476176130798,24.411574720123504,20.574440642956322,20.468262895445974,20.183453066960936,22.052669719872135,21.65606919412856,21.038908922259424,23.31584586541331
rectangle,19.82725184993689,17.37082540383157,20.855948482851403,23.31977278610527,22.982345265387316,21.800368318354902,21.70500252147459,21.56063775000786,20.689713072966708,22.095267778761386,24.55099824061683
parallelogram,22.644476176130798,20.855948482851403,18.441097363192185,20.609035186217525,24.17339120939045,24.083867620339486,23.201392058036287,23.09502276911856,22.176726987175076,21.640998271431652,23.654440182433238
losange,24.411574720123504,23.31977278610527,20.609035186217525,18.475039990850874,24.79403268947261,25.35706412529836,24.345817837287385,24.03122968224233,23.49652219352319,21.738506308364624,22.56661428649807
isoTrapezoid,20.574440642956322,22.982345265387316,24.17339120939045,24.79403268947261,17.989123184694957,20.790559251010748,20.216774171526534,23.643932532122136,23.54563895048271,20.67028114423087,21.985069650001932
kite,20.468262895445974,21.800368318354902,24.083867620339486,25.35706412529837,20.790559251010745,17.981931531473446,19.357857595711394,23.318241506734392,23.118487098793704,22.696664535374737,24.24965192987138
rightKite,20.183453066960936,21.70500252147459,23.201392058036287,24.345817837287385,20.216774171526534,19.357857595711394,17.719402384982626,22.98198959601543,22.730401452338494,20.883547380579238,23.012042890106954
rustedHinge,22.052669719872135,21.56063775000786,23.09502276911856,24.03122968224233,23.643932532122136,23.318241506734392,22.981989596015435,18.07404278800676,18.796406743896977,23.05636686910882,23.620330476067153
hinge,21.65606919412856,20.689713072966708,22.176726987175076,23.49652219352319,23.54563895048271,23.118487098793707,22.730401452338494,18.796406743896977,18.080453783907338,22.63125601389316,23.420550227852488
trapezoid,21.038908922259424,22.095267778761386,21.640998271431656,21.73850630836462,20.67028114423087,22.69666453537474,20.883547380579238,23.05636686910882,22.63125601389316,17.917591991349862,20.20526673118703
random,23.31584586541331,24.550998240616835,23.654440182433238,22.566614286498073,21.985069650001932,24.24965192987138,23.012042890106954,23.620330476067153,23.420550227852488,20.20526673118703,18.25163983679539
