,square,rectangle,parallelogram,losange,isoTrapezoid,kite,rightKite,rustedHinge,hinge,trapezoid,random
square,0.06204802126993196,0.07106058405670881,0.07651906890985603,0.08352947165958743,0.06705795615687019,0.06555322108150194,0.06456613378198887,0.07350382675077057,0.07192282843487967,0.06944505599950561,0.07443058920070819
rectangle,0.07106058405670881,0.06416909299993569,0.0690207613864348,0.07592712529613573,0.0761879696456297,0.07199296554780397,0.07181418110312279,0.07099142569278756,0.06800554087784726,0.07404444388006184,0.0788323871384877
parallelogram,0.07651906890985603,0.0690207613864348,0.06572439209302283,0.07211527934890376,0.08002318454208435,0.07733869636748324,0.07598835558813342,0.07388435339467722,0.07081676741057556,0.07530532141946691,0.07951250880787375
losange,0.08352947165958743,0.07592712529613573,0.07211527934890376,0.06954841349759301,0.08401409844136397,0.08337223638703158,0.08237961999191737,0.07747549428757508,0.0755225613764588,0.07858485343989713,0.07871041105521857
isoTrapezoid,0.06705795615687019,0.07618796964562968,0.08002318454208436,0.08401409844136397,0.06340843515063968,0.06767703332831519,0.06706196563119754,0.07754920125049848,0.07658271499909808,0.07037702479368076,0.07300297354681456
kite,0.06555322108150194,0.07199296554780397,0.07733869636748324,0.08337223638703159,0.06767703332831519,0.06278734435934126,0.06512766234267278,0.07594057970551443,0.07444422815932243,0.07284606625415103,0.07669355253149146
rightKite,0.06456613378198887,0.07181418110312279,0.07598835558813342,0.08237961999191737,0.06706196563119754,0.06512766234267278,0.06269517778937896,0.07495213568016719,0.07344371261613031,0.06958011520439573,0.07527347468077905
rustedHinge,0.07350382675077058,0.07099142569278756,0.07388435339467722,0.07747549428757507,0.0775492012504985,0.07594057970551443,0.07495213568016719,0.06772080576164241,0.06760696288014822,0.07572863620324564,0.07730779750054012
hinge,0.07192282843487968,0.06800554087784726,0.07081676741057556,0.07552256137645878,0.07658271499909808,0.07444422815932245,0.07344371261613032,0.06760696288014822,0.06558680638146351,0.07403521788934135,0.07656474292279908
trapezoid,0.06944505599950562,0.07404444388006184,0.07530532141946691,0.07858485343989713,0.07037702479368076,0.07284606625415103,0.06958011520439572,0.07572863620324564,0.07403521788934134,0.06657121548477862,0.07152994690244581
random,0.07443058920070819,0.07883238713848771,0.07951250880787375,0.07871041105521859,0.07300297354681456,0.07669355253149146,0.07527347468077904,0.07730779750054012,0.07656474292279908,0.07152994690244581,0.06695774506062756
