,square,rectangle,parallelogram,losange,isoTrapezoid,kite,rightKite,rustedHinge,hinge,trapezoid,random
square,0.040277243396400354,0.04364925354328149,0.04612075222251645,0.05175457691444092,0.04335745267330937,0.04241973421595812,0.04285857696190248,0.04708802495301844,0.044916548196871096,0.04427376860308117,0.04712403446136815
rectangle,0.04364925354328149,0.04086850832188819,0.04400102686938103,0.04936152060642549,0.04616209208500138,0.04477294401576096,0.04535784853944304,0.046086765035205,0.043478277188356985,0.04608267893342708,0.04851074307878034
parallelogram,0.04612075222251645,0.04400102686938104,0.042706946149266393,0.048950333360646456,0.04798410751367719,0.0473212808314136,0.04715909693587112,0.04831342447777721,0.045680081023841065,0.0470739118630754,0.04978287632891797
losange,0.051754576914440915,0.04936152060642549,0.048950333360646456,0.04894562089236504,0.052245077468122826,0.052484045429483886,0.05275129268383293,0.05176340751689304,0.04991322090957039,0.050851146563626715,0.05162775763210192
isoTrapezoid,0.04335745267330938,0.04616209208500138,0.04798410751367719,0.052245077468122826,0.042103617620070935,0.043940034483710456,0.04458904465635847,0.04943278036998082,0.0473934381746897,0.04533842801392217,0.04761787427509732
kite,0.04241973421595812,0.04477294401576096,0.0473212808314136,0.05248404542948389,0.04394003448371046,0.041541945524619005,0.04354462172038707,0.04858859437540867,0.04651474090517583,0.04629151020956289,0.048692744240661806
rightKite,0.04285857696190248,0.04535784853944304,0.04715909693587113,0.05275129268383295,0.04458904465635847,0.04354462172038707,0.04265831796426655,0.04897964960404691,0.04689020699781625,0.045554074215474055,0.04893648220615585
rustedHinge,0.04708802495301844,0.04608676503520501,0.0483134244777772,0.05176340751689304,0.049432780369980805,0.048588594375408675,0.04897964960404691,0.04628256624309807,0.04528514934475695,0.04926059320671316,0.05029221618624766
hinge,0.044916548196871096,0.043478277188356985,0.045680081023841065,0.04991322090957039,0.0473934381746897,0.04651474090517583,0.04689020699781626,0.04528514934475695,0.04294467749478795,0.04715137026942589,0.04869103365278943
trapezoid,0.04427376860308117,0.04608267893342708,0.0470739118630754,0.050851146563626715,0.04533842801392217,0.04629151020956289,0.04555407421547406,0.04926059320671315,0.047151370269425875,0.043371999015641635,0.04713054143711725
random,0.047124034461368154,0.04851074307878034,0.04978287632891797,0.05162775763210191,0.04761787427509732,0.048692744240661806,0.04893648220615585,0.05029221618624765,0.04869103365278943,0.04713054143711725,0.0453713533881397
