,square,rectangle,parallelogram,losange,isoTrapezoid,kite,rightKite,rustedHinge,hinge,trapezoid,random
square,0.09238888107790423,0.11410382363750632,0.13832429060485124,0.15113383750754614,0.12590420749926146,0.12518274821009706,0.1264507522269824,0.13450967797460964,0.13046145226938058,0.1288623221479698,0.13760108273041205
rectangle,0.11410382363750633,0.07920263412997268,0.12007209177393037,0.13395880596917528,0.11332092790201401,0.11385204564861011,0.11448296270267055,0.12085362989110947,0.11319549157698616,0.11470266681340299,0.1231752600795054
parallelogram,0.13832429060485127,0.1200720917739304,0.09960883442042978,0.11665053500113584,0.11533841964116293,0.11684260838121495,0.1174837707836163,0.12298860880517497,0.11792071372697364,0.11230943500518833,0.11817842916221388
losange,0.15113383750754614,0.13395880596917528,0.11665053500113584,0.10762016278757337,0.12284009473248389,0.12502774906476305,0.1254052882878534,0.1313586460072678,0.12682934681860092,0.11910313538430935,0.12218333052732133
isoTrapezoid,0.12590420749926143,0.11332092790201401,0.11533841964116293,0.12284009473248386,0.06423764017224105,0.08693881521928777,0.08074976221688165,0.10390498734766603,0.10088422024709837,0.08480145243546099,0.09397574453633196
kite,0.12518274821009706,0.11385204564861011,0.11684260838121498,0.12502774906476302,0.08693881521928776,0.07417273539526367,0.08125872178413777,0.10153043198509927,0.09845962851627751,0.0944685389551199,0.09669052238128678
rightKite,0.12645075222698238,0.11448296270267057,0.11748377078361627,0.1254052882878534,0.08074976221688165,0.08125872178413777,0.07082442983828341,0.1017618062357905,0.09856777883619232,0.0905976362097369,0.09730172288693177
rustedHinge,0.13450967797460966,0.12085362989110945,0.12298860880517497,0.1313586460072678,0.10390498734766605,0.1015304319850993,0.1017618062357905,0.0880860883281617,0.09197511894458232,0.10794408452793805,0.10650046323010111
hinge,0.1304614522693806,0.11319549157698616,0.11792071372697362,0.12682934681860092,0.10088422024709837,0.09845962851627753,0.0985677788361923,0.09197511894458232,0.08443128516410206,0.10408623207109625,0.10458554458820803
trapezoid,0.1288623221479698,0.11470266681340299,0.11230943500518836,0.11910313538430935,0.08480145243546099,0.0944685389551199,0.09059763620973692,0.10794408452793805,0.10408623207109625,0.07821665261088,0.09396081500338123
random,0.13760108273041205,0.1231752600795054,0.11817842916221388,0.12218333052732135,0.09397574453633196,0.09669052238128678,0.09730172288693176,0.10650046323010112,0.10458554458820803,0.09396081500338123,0.07839801711657376
