,square,rectangle,parallelogram,losange,isoTrapezoid,kite,rightKite,rustedHinge,hinge,trapezoid,random
square,0.10479665342028018,0.14864984005744178,0.20537211907801614,0.22037663045768535,0.20339215270801023,0.18278244696785706,0.1776044809023198,0.20986864413849415,0.19478111514584165,0.1984168283219637,0.2193035147952271
rectangle,0.14864984005744178,0.10327537477072078,0.18225625658314842,0.20111727996415193,0.20913913426725794,0.18840076959006083,0.18744620133925685,0.20027004675768345,0.17909972982892622,0.18880193312772048,0.2091090281447427
parallelogram,0.20537211907801614,0.18225625658314842,0.13039830343966538,0.14875724693242726,0.21978952930796697,0.19459460809313098,0.20076638613742545,0.1967153120861266,0.1839760069424494,0.18633520498322487,0.1942501191317221
losange,0.22037663045768535,0.20111727996415193,0.14875724693242728,0.1309578399245004,0.22595859806963103,0.20351722717209234,0.2095980133243167,0.19993099859057045,0.19118173767859462,0.19089899919013517,0.18958375475989667
isoTrapezoid,0.20339215270801023,0.2091391342672579,0.21978952930796697,0.22595859806963103,0.12239676524813188,0.1631422674685769,0.1570221642506823,0.2063879295261551,0.2028285467478152,0.16172122290206362,0.1799602546000747
kite,0.18278244696785706,0.18840076959006086,0.19459460809313095,0.20351722717209234,0.1631422674685769,0.12353420464698729,0.14092707420869655,0.18594195739051086,0.1804909964954709,0.1769504570012918,0.18448195041016724
rightKite,0.17760448090231984,0.18744620133925685,0.20076638613742545,0.2095980133243167,0.1570221642506823,0.14092707420869657,0.1257205537831518,0.18741524775824028,0.1815062021295296,0.16578642457604137,0.18505896632520297
rustedHinge,0.20986864413849418,0.20027004675768345,0.19671531208612658,0.19993099859057045,0.2063879295261551,0.1859419573905109,0.18741524775824028,0.13315428622534461,0.14107953110837154,0.1955345192619778,0.18469154559092837
hinge,0.19478111514584165,0.1790997298289262,0.1839760069424494,0.19118173767859464,0.2028285467478152,0.1804909964954709,0.18150620212952956,0.14107953110837154,0.1307844946645606,0.18748918621048707,0.1829630544778703
trapezoid,0.1984168283219637,0.18880193312772048,0.18633520498322487,0.19089899919013517,0.16172122290206362,0.1769504570012918,0.16578642457604137,0.1955345192619778,0.18748918621048707,0.13412698662337913,0.16031303993967297
random,0.2193035147952271,0.2091090281447427,0.1942501191317221,0.18958375475989667,0.1799602546000747,0.18448195041016724,0.18505896632520297,0.18469154559092835,0.1829630544778703,0.16031303993967297,0.12824872293885486
