,square,rectangle,parallelogram,losange,isoTrapezoid,kite,rightKite,rustedHinge,hinge,trapezoid,random
square,0.14924978053029808,0.17814291131016177,0.21687005273419016,0.2501485821800338,0.1930692773294047,0.18474490130062254,0.18607250323635424,0.21455658333816507,0.20193531295480013,0.19428004925099293,0.22563235061039064
rectangle,0.17814291131016174,0.14908575078311065,0.19043145025427408,0.2307626527366814,0.22837755711987764,0.20647485707587257,0.2087682321136916,0.2059690670320509,0.18654956104184042,0.20818735365439864,0.24605779527360777
parallelogram,0.2168700527341901,0.19043145025427405,0.16794016216935037,0.19636457525217801,0.24849630217779878,0.23899345670707509,0.23176521994310081,0.22913936317844677,0.20970241381695648,0.20589587631742623,0.23905562277311312
losange,0.2501485821800338,0.2307626527366814,0.19636457525217801,0.1752620400245246,0.26436008248476023,0.2630112065056537,0.2574986342199208,0.24734826770209267,0.2352260838006517,0.21870320071590382,0.2304866107943293
isoTrapezoid,0.19306927732940474,0.22837755711987764,0.24849630217779878,0.26436008248476023,0.17065157026603783,0.1957555328575502,0.19719150837141497,0.24588554845483393,0.2401523616319288,0.20258939194104905,0.21748963917477515
kite,0.18474490130062254,0.20647485707587257,0.23899345670707514,0.26301120650565374,0.19575553285755024,0.16607449234295898,0.1837451864434862,0.23834853977152737,0.2300884627748439,0.21902670724993345,0.24094568391294002
rightKite,0.18607250323635424,0.2087682321136916,0.23176521994310081,0.2574986342199208,0.19719150837141494,0.1837451864434862,0.16962490007345304,0.23803826856987084,0.2295954192835845,0.20096655579839867,0.23244137247715238
rustedHinge,0.21455658333816507,0.2059690670320509,0.22913936317844677,0.24734826770209273,0.24588554845483399,0.23834853977152737,0.23803826856987084,0.17550234791179,0.1786350813762265,0.23096585282390886,0.2408452794779112
hinge,0.20193531295480013,0.18654956104184042,0.20970241381695648,0.2352260838006517,0.2401523616319288,0.23008846277484385,0.2295954192835845,0.1786350813762265,0.1685760472300107,0.21891560788048403,0.23537340724785305
trapezoid,0.19428004925099293,0.20818735365439864,0.20589587631742623,0.21870320071590382,0.20258939194104905,0.21902670724993345,0.20096655579839867,0.23096585282390886,0.21891560788048403,0.1674519497516958,0.19464578415441555
random,0.22563235061039064,0.24605779527360777,0.23905562277311318,0.2304866107943293,0.21748963917477515,0.24094568391294002,0.23244137247715238,0.2408452794779112,0.23537340724785305,0.19464578415441555,0.17715672759857798
