,square,rectangle,parallelogram,losange,isoTrapezoid,kite,rightKite,rustedHinge,hinge,trapezoid,random
square,0.05141763448935812,0.07795510115941369,0.08595187446186488,0.0896761678716796,0.07137419308679864,0.06836212175846504,0.06811045574845191,0.07996687116253719,0.07405320965815551,0.07475205177206982,0.07913504051249952
rectangle,0.07795510115941369,0.049463130523398714,0.08502922554450786,0.09105715963088164,0.07616013275668365,0.07477674643207989,0.07740886140583482,0.08003939551043614,0.0711697470048055,0.07478929312751154,0.0829441183096567
parallelogram,0.08595187446186488,0.08502922554450786,0.0688844348400833,0.07694232372737282,0.07809493684106487,0.07697524072813816,0.07829615013894164,0.08158401325071356,0.07568995722388877,0.07515498306818291,0.08003710675881408
losange,0.08967616787167959,0.09105715963088164,0.07694232372737282,0.06754340795388408,0.07848753968480626,0.07830675947222747,0.07999352186426763,0.08312036748990546,0.07928384551754086,0.07670871320848732,0.07803562952215666
isoTrapezoid,0.07137419308679865,0.07616013275668365,0.07809493684106487,0.07848753968480628,0.040181993184135956,0.055048153874158345,0.053871400126968935,0.06568537198079175,0.06295453037656482,0.055838416059068,0.060788996729128034
kite,0.06836212175846504,0.07477674643207989,0.07697524072813816,0.07830675947222747,0.055048153874158345,0.04710874211911579,0.053338254524355234,0.06633929899320772,0.062247570297622436,0.06150341942073364,0.0642371658741199
rightKite,0.06811045574845191,0.07740886140583482,0.07829615013894164,0.07999352186426763,0.053871400126968935,0.053338254524355234,0.04720118878562036,0.06816934656928675,0.06457740646372598,0.060301756025811365,0.06625377243977093
rustedHinge,0.07996687116253719,0.08003939551043612,0.08158401325071356,0.08312036748990545,0.06568537198079176,0.06633929899320773,0.06816934656928675,0.05396237315985015,0.055758719884788345,0.07012069287061246,0.06839090431738347
hinge,0.0740532096581555,0.0711697470048055,0.07568995722388877,0.07928384551754086,0.0629545303765648,0.062247570297622436,0.06457740646372598,0.055758719884788345,0.048486124204309256,0.06569164748718787,0.06632344302546492
trapezoid,0.07475205177206984,0.07478929312751154,0.07515498306818291,0.07670871320848732,0.055838416059068,0.06150341942073364,0.06030175602581137,0.07012069287061246,0.06569164748718784,0.05091685883131772,0.06266383169563262
random,0.07913504051249952,0.08294411830965671,0.08003710675881408,0.07803562952215666,0.060788996729128034,0.0642371658741199,0.06625377243977093,0.06839090431738347,0.06632344302546493,0.06266383169563261,0.0539831179703685
