,square,rectangle,parallelogram,losange,isoTrapezoid,kite,rightKite,rustedHinge,hinge,trapezoid,random
square,0.16098476798967665,0.2502839374239157,0.36031447731904614,0.39907140916287315,0.3413997701006599,0.31169854345134723,0.29339388055594484,0.3498510084565828,0.323727473416962,0.3420449728946648,0.4064580317711218
rectangle,0.25028393742391575,0.16924716121561384,0.32781317317206715,0.3757874465058858,0.36131518017175224,0.3388278876924856,0.334449336427345,0.3332220781848376,0.2942551861393797,0.3438357612056186,0.40714577903448596
parallelogram,0.3603144773190462,0.3278131731720671,0.23547155984500148,0.27177712768623896,0.37362934542110077,0.35324117488590284,0.35156609728464644,0.3520152794937079,0.33097224351825966,0.32216574282140326,0.36404435938692264
losange,0.39907140916287315,0.3757874465058858,0.27177712768623896,0.23925130845085288,0.38756039724650515,0.37180015785753995,0.3705004271271144,0.3624493321800616,0.35063763693548733,0.3326738683298889,0.3482930196492971
isoTrapezoid,0.3413997701006599,0.36131518017175224,0.3736293454211008,0.38756039724650515,0.1982005240956769,0.2764529876630445,0.26533870174519575,0.3451667461546063,0.34360125788339424,0.2739736094988627,0.3158348427772552
kite,0.31169854345134723,0.3388278876924856,0.35324117488590284,0.37180015785753995,0.27645298766304455,0.21907414754653173,0.24347211094527524,0.3249472546702563,0.32029106302686683,0.31073969692322273,0.3399459573134474
rightKite,0.29339388055594484,0.3344493364273449,0.35156609728464644,0.3705004271271144,0.2653387017451957,0.24347211094527524,0.20957739197317188,0.32326458274268455,0.3174987974753634,0.2841244900327276,0.3353388704191167
rustedHinge,0.34985100845658285,0.3332220781848376,0.35201527949370787,0.36244933218006165,0.3451667461546063,0.3249472546702563,0.32326458274268455,0.2246414724989467,0.2384347719623066,0.3401840912008353,0.34136134687666103
hinge,0.323727473416962,0.2942551861393797,0.33097224351825966,0.3506376369354874,0.34360125788339424,0.32029106302686683,0.31749879747536336,0.2384347719623066,0.22169116879394404,0.3298202120572404,0.3434546645338324
trapezoid,0.3420449728946648,0.3438357612056186,0.32216574282140326,0.33267386832988893,0.2739736094988627,0.31073969692322273,0.2841244900327276,0.3401840912008353,0.3298202120572404,0.23096327558683033,0.2904542025905795
random,0.4064580317711219,0.40714577903448607,0.36404435938692264,0.3482930196492971,0.3158348427772552,0.3399459573134474,0.3353388704191167,0.34136134687666103,0.34345466453383244,0.2904542025905795,0.24094584318908058
