,square,rectangle,parallelogram,losange,isoTrapezoid,kite,rightKite,rustedHinge,hinge,trapezoid,random
square,0.010605344537261925,0.014783894758833498,0.018224471607263603,0.020363103311233886,0.01787376375947093,0.016211280957711828,0.016507300108361267,0.017826913824106637,0.016856515772614506,0.01768000370384905,0.019545764293676566
rectangle,0.014783894758833502,0.009727606472873998,0.016582681757422908,0.019533598971612182,0.017332755196386683,0.016530001226488227,0.016671410608704505,0.017027590158639378,0.015524011733216561,0.01655858663548678,0.0190044958935825
parallelogram,0.018224471607263603,0.016582681757422908,0.013433552996733412,0.016215302811536086,0.018189502813007477,0.01695078391652276,0.017300391736387272,0.017459002041047805,0.01640231237146728,0.01634849229302431,0.01793127660306791
losange,0.020363103311233886,0.019533598971612186,0.016215302811536086,0.015002141864784456,0.01987440098385162,0.018310560481801227,0.019006938370032242,0.018959582232675045,0.018304368880317872,0.017939366936828006,0.01843214523345355
isoTrapezoid,0.01787376375947093,0.017332755196386683,0.018189502813007474,0.01987440098385162,0.009549991065218108,0.013555057756742612,0.01255714313417576,0.016690862742089335,0.016240443055615197,0.01286118473061304,0.014516464596215646
kite,0.016211280957711828,0.01653000122648823,0.01695078391652276,0.018310560481801227,0.013555057756742612,0.010611245369297936,0.012092228344411121,0.015340533344815176,0.014949164624223221,0.014379509427713332,0.015207736888036845
rightKite,0.01650730010836127,0.016671410608704505,0.01730039173638727,0.019006938370032242,0.012557143134175764,0.012092228344411121,0.0106522352952265,0.015802641066941618,0.015279056897192722,0.01353302608826892,0.015364880049971748
rustedHinge,0.017826913824106637,0.017027590158639378,0.017459002041047805,0.018959582232675045,0.01669086274208934,0.015340533344815176,0.015802641066941618,0.012082545453625932,0.012614895331875983,0.016307146153394486,0.016262508261410145
hinge,0.016856515772614506,0.015524011733216561,0.016402312371467276,0.018304368880317872,0.016240443055615193,0.014949164624223221,0.015279056897192722,0.012614895331875983,0.011522415019322298,0.015622253299323296,0.01603860107866313
trapezoid,0.017680003703849048,0.01655858663548678,0.01634849229302431,0.017939366936828006,0.01286118473061304,0.014379509427713329,0.01353302608826892,0.016307146153394486,0.015622253299323296,0.011529510141014155,0.014079860388440696
random,0.01954576429367657,0.019004495893582503,0.017931276603067915,0.01843214523345355,0.014516464596215646,0.015207736888036845,0.015364880049971748,0.016262508261410145,0.016038601078663135,0.014079860388440696,0.012080962687650902
