,square,rectangle,parallelogram,losange,isoTrapezoid,kite,rightKite,rustedHinge,hinge,trapezoid,random
square,0.021337554681334223,0.0247968352912377,0.026652847143313427,0.0292919892200414,0.023810716971212554,0.023199654481243056,0.022813157957888863,0.025634460805112665,0.02498886209404816,0.0243889444841937,0.02689880620627121
rectangle,0.0247968352912377,0.021916751353974275,0.023771587651513576,0.026197507147962495,0.02690429340269707,0.025478888734814818,0.02541512960779707,0.02457570632973766,0.02336022062609926,0.026016922855483477,0.02815086779145357
parallelogram,0.026652847143313427,0.02377158765151358,0.0224587281971724,0.024809755637963813,0.02815362640255837,0.027279591141832225,0.026781967288204974,0.02557803862719988,0.0243096810098853,0.026237050472186343,0.028222102105636644
losange,0.029291989220041396,0.026197507147962495,0.024809755637963813,0.023481360207043427,0.02951651520827406,0.029494535668411526,0.029190406211979766,0.02670674611656697,0.025861099355874457,0.02732051213151487,0.027555882545553217
isoTrapezoid,0.023810716971212554,0.026904293402697062,0.02815362640255837,0.029516515208274058,0.022504311809711457,0.024312081168530543,0.024099111585840577,0.02743977233907632,0.026973704450273916,0.024987178020239302,0.026406081703908443
kite,0.023199654481243052,0.025478888734814818,0.02727959114183222,0.02949453566841153,0.024312081168530543,0.022291602955329434,0.023355077003978035,0.026952656301724807,0.02633653099428416,0.02617468843335623,0.02801011097958926
rightKite,0.022813157957888866,0.02541512960779707,0.026781967288204974,0.029190406211979766,0.024099111585840577,0.023355077003978035,0.022318114154287593,0.026612825338485815,0.025961385983794136,0.024873281276460373,0.027595556512190686
rustedHinge,0.025634460805112665,0.02457570632973766,0.025578038627199887,0.02670674611656697,0.027439772339076313,0.026952656301724807,0.026612825338485815,0.023148848422382552,0.023098920998955427,0.026570203304590225,0.027440482148267387
hinge,0.02498886209404816,0.02336022062609926,0.0243096810098853,0.025861099355874464,0.026973704450273916,0.026336530994284162,0.025961385983794136,0.023098920998955424,0.02221704188680684,0.025810113486305433,0.02704999962552051
trapezoid,0.024388944484193705,0.026016922855483477,0.026237050472186343,0.02732051213151487,0.024987178020239302,0.026174688433356234,0.024873281276460373,0.026570203304590225,0.025810113486305433,0.023160217401169886,0.025597440650643514
random,0.026898806206271202,0.028150867791453565,0.028222102105636644,0.027555882545553217,0.026406081703908443,0.02801011097958926,0.02759555651219068,0.027440482148267387,0.02704999962552051,0.025597440650643514,0.023965284158649063
