,square,rectangle,parallelogram,losange,isoTrapezoid,kite,rightKite,rustedHinge,hinge,trapezoid,random
square,0.1664650081648658,0.21628740278027972,0.2589410996150514,0.2719716521538503,0.2518010952010526,0.2306930353855467,0.23079863825320257,0.24914475893840968,0.24188184562513282,0.24943202735695438,0.2645063305729537
rectangle,0.21628740278027972,0.1488370710584703,0.2325249386436294,0.2505593710347378,0.2368466922320532,0.22519989505783103,0.22115471509731813,0.22891580978998602,0.21836541320013209,0.22914706807353355,0.24900133466384716
parallelogram,0.2589410996150514,0.2325249386436294,0.18550629219908538,0.20724379897315776,0.24252001384128755,0.23209947721900895,0.22938876171072553,0.2307406200471302,0.22520644943153456,0.2224752953134764,0.23434214867765557
losange,0.27197165215385033,0.2505593710347378,0.20724379897315776,0.18413157588853699,0.24674605302396876,0.2387358899827545,0.2367623697585645,0.23824120392141887,0.23654384903227169,0.22494506273126064,0.22702589952693358
isoTrapezoid,0.2518010952010526,0.2368466922320532,0.24252001384128755,0.24674605302396876,0.13077846989454975,0.18753013076716363,0.16598983642961387,0.21994865671593702,0.22062846771847242,0.17485823650813892,0.19370235390196286
kite,0.2306930353855467,0.22519989505783103,0.2320994772190089,0.2387358899827545,0.18753013076716363,0.15320045650156885,0.16637367891752325,0.21180455119976418,0.210920992907278,0.19679621276586032,0.2072433769555231
rightKite,0.23079863825320251,0.22115471509731813,0.2293887617107255,0.2367623697585645,0.16598983642961387,0.16637367891752325,0.1419160997560615,0.20783035754849757,0.20662804300084442,0.17923502146963402,0.1988369997751488
rustedHinge,0.24914475893840968,0.22891580978998605,0.2307406200471302,0.23824120392141884,0.21994865671593702,0.21180455119976418,0.20783035754849757,0.16782264659615476,0.17941818182915456,0.21580591845406266,0.21696771776645282
hinge,0.2418818456251328,0.21836541320013209,0.22520644943153456,0.23654384903227166,0.22062846771847242,0.21092099290727806,0.20662804300084442,0.17941818182915453,0.16835458830073968,0.21473974462250037,0.2196624092622483
trapezoid,0.24943202735695438,0.2291470680735336,0.2224752953134764,0.22494506273126064,0.17485823650813892,0.19679621276586032,0.17923502146963402,0.21580591845406266,0.2147397446225003,0.15595267865689938,0.18576468107228042
random,0.26450633057295364,0.24900133466384716,0.2343421486776556,0.22702589952693358,0.19370235390196286,0.2072433769555231,0.1988369997751488,0.21696771776645282,0.2196624092622483,0.18576468107228042,0.1583051869244728
