,square,rectangle,parallelogram,losange,isoTrapezoid,kite,rightKite,rustedHinge,hinge,trapezoid,random
square,0.09291881891333771,0.11301252290933851,0.16074960880784264,0.18173377323269502,0.15336510189927702,0.14619729562955253,0.14951561645935227,0.1593838139259637,0.14836445917729205,0.15718642280582043,0.18048011079944418
rectangle,0.11301252290933851,0.09468045087482174,0.1430509059274473,0.16812390535868021,0.17374821183553665,0.15862180044544738,0.16323084164916615,0.15593350949792004,0.14074835504663394,0.16531943423779719,0.18985964504955355
parallelogram,0.16074960880784264,0.1430509059274473,0.11715902258422509,0.13393906944316458,0.19005810547192714,0.18291194938118202,0.18507507402874895,0.17285954473808748,0.1598371365386351,0.15975798711139516,0.17739132735461374
losange,0.18173377323269502,0.16812390535868021,0.13393906944316458,0.11964444518390906,0.19913515465082993,0.19624816580864907,0.19790301228341775,0.1840313832471656,0.17373169049959353,0.1654138350261049,0.17258420497585772
isoTrapezoid,0.15336510189927702,0.17374821183553665,0.19005810547192714,0.19913515465082993,0.1124507390077415,0.140233360780656,0.134682320305218,0.17263067588421294,0.1724137960302576,0.14294523131629244,0.15895792897078218
kite,0.14619729562955253,0.15862180044544735,0.18291194938118202,0.19624816580864907,0.140233360780656,0.11760575305114573,0.13050406101358683,0.16966271529121243,0.16607489808895606,0.1627701947330116,0.17693391603348302
rightKite,0.14951561645935227,0.16323084164916615,0.18507507402874895,0.19790301228341775,0.13468232030521798,0.13050406101358683,0.11397026175823499,0.16986929313609997,0.16671318213631348,0.14766039116832858,0.17087609592369718
rustedHinge,0.15938381392596368,0.15593350949792004,0.17285954473808748,0.18403138324716561,0.17263067588421294,0.16966271529121246,0.16986929313609997,0.11568892535471893,0.12124895976996604,0.16997006066153866,0.17127923356231292
hinge,0.14836445917729205,0.14074835504663394,0.1598371365386351,0.1737316904995935,0.1724137960302576,0.16607489808895604,0.16671318213631348,0.12124895976996604,0.1150603151141728,0.16532437603778796,0.1703633526114944
trapezoid,0.15718642280582043,0.16531943423779719,0.15975798711139516,0.1654138350261049,0.14294523131629244,0.16277019473301163,0.1476603911683286,0.16997006066153866,0.16532437603778796,0.11733481861279976,0.13981305850483913
random,0.18048011079944418,0.18985964504955358,0.17739132735461374,0.17258420497585772,0.15895792897078218,0.17693391603348302,0.1708760959236972,0.1712792335623129,0.1703633526114944,0.13981305850483916,0.1247002916142892
