,square,rectangle,parallelogram,losange,isoTrapezoid,kite,rightKite,rustedHinge,hinge,trapezoid,random
square,0.06632425416970769,0.08079750210566576,0.1067272708523795,0.11407343794419657,0.11734867597385748,0.10419753888627054,0.10239311718752431,0.10851209311416092,0.10077480372498714,0.11690110973518056,0.1305480655406079
rectangle,0.08079750210566576,0.05384625424832481,0.08989216460448134,0.09861842923986429,0.11082073575048304,0.09839439391874909,0.09632034488441382,0.09652273455979563,0.08715319884591578,0.10697601419927265,0.12138572700085233
parallelogram,0.1067272708523795,0.08989216460448134,0.07910287443738151,0.09126510940026333,0.11542385129423006,0.10602661649398815,0.10343520497926091,0.1048260502106413,0.09560586312139971,0.10553866914053052,0.11756052774640917
losange,0.11407343794419657,0.0986184292398643,0.09126510940026333,0.0838294009981417,0.12102463816855205,0.11320462458708269,0.11107188315993434,0.11066837884687812,0.10298196267012259,0.11079620606815309,0.11798338115434977
isoTrapezoid,0.11734867597385748,0.11082073575048301,0.11542385129423006,0.12102463816855205,0.07685017904837721,0.09814839988128646,0.08921831154757076,0.11442622223242328,0.10936637213618502,0.09481432852049938,0.10997686052656229
kite,0.10419753888627054,0.09839439391874909,0.10602661649398813,0.11320462458708269,0.09814839988128646,0.07872564380156755,0.08441293238129459,0.10692689711540995,0.10119635749195612,0.10283712124417424,0.11529860373926788
rightKite,0.10239311718752431,0.09632034488441382,0.10343520497926091,0.11107188315993431,0.08921831154757076,0.08441293238129459,0.07191575871735378,0.10506223346758076,0.0987722824444463,0.09462830571655528,0.11107311061956306
rustedHinge,0.10851209311416092,0.09652273455979561,0.10482605021064127,0.11066837884687812,0.11442622223242328,0.10692689711540995,0.10506223346758073,0.08013048801636301,0.0816120528674255,0.11277925012425948,0.11591709019647295
hinge,0.10077480372498714,0.0871531988459158,0.09560586312139971,0.10298196267012259,0.10936637213618502,0.10119635749195612,0.0987722824444463,0.08161205286742551,0.07269928524886594,0.10621473816823825,0.11194869060705266
trapezoid,0.11690110973518054,0.10697601419927265,0.10553866914053055,0.11079620606815309,0.09481432852049938,0.10283712124417424,0.09462830571655528,0.11277925012425948,0.10621473816823826,0.08293298238210782,0.10443559279470857
random,0.1305480655406079,0.12138572700085236,0.11756052774640917,0.11798338115434977,0.10997686052656229,0.11529860373926788,0.11107311061956306,0.11591709019647295,0.11194869060705266,0.1044355927947086,0.09578508991275504
