,square,rectangle,parallelogram,losange,isoTrapezoid,kite,rightKite,rustedHinge,hinge,trapezoid,random
square,0.0505812719448479,0.05688381646490458,0.061233347659083504,0.06833564211714249,0.05507147381038142,0.053510055459335806,0.0526123425595615,0.058154578856424145,0.05738007258709949,0.05596688742844024,0.0619573113583697
rectangle,0.05688381646490458,0.04926366328709043,0.053989853535926,0.06117299930037115,0.06154541267735283,0.05798165014034144,0.05730489663505392,0.05456091504117619,0.052490686002626685,0.058446514325079336,0.06442201363459149
parallelogram,0.06123334765908351,0.053989853535926,0.049474533136184745,0.055942876564762836,0.06344439575553384,0.06187138579726357,0.05978543598014989,0.056352175927894634,0.05450627014740911,0.05756720440384867,0.062337511954128816
losange,0.06833564211714248,0.06117299930037115,0.055942876564762836,0.05393580622119004,0.06728923540918196,0.06784290546110679,0.06632522952651075,0.06052853917140921,0.05985876568079542,0.06105354172134547,0.06179837410566194
isoTrapezoid,0.05507147381038142,0.06154541267735281,0.06344439575553386,0.06728923540918196,0.05032721884395455,0.05452705501357988,0.054108910094225963,0.06152327757297691,0.06145228936709791,0.055654404790521465,0.05875863640288218
kite,0.053510055459335806,0.057981650140341436,0.06187138579726357,0.0678429054611068,0.05452705501357989,0.050078944669004366,0.052448327135834104,0.0603179632992877,0.05984558949510097,0.05863612993186159,0.06318887076138181
rightKite,0.0526123425595615,0.05730489663505392,0.05978543598014989,0.06632522952651076,0.05410891009422595,0.05244832713583409,0.0499383149560265,0.05890228173568606,0.05831598540138636,0.05507535615168383,0.061147694925244106
rustedHinge,0.058154578856424145,0.05456091504117619,0.056352175927894634,0.060528539171409226,0.06152327757297691,0.0603179632992877,0.05890228173568606,0.04978124510216965,0.05058135526825295,0.05821330979511175,0.06062433749402434
hinge,0.05738007258709949,0.052490686002626685,0.05450627014740911,0.059858765680795435,0.06145228936709791,0.05984558949510096,0.05831598540138636,0.05058135526825294,0.04949680169757334,0.05754113963564228,0.061047077190284856
trapezoid,0.05596688742844024,0.058446514325079336,0.05756720440384867,0.06105354172134547,0.05565440479052147,0.05863612993186159,0.05507535615168383,0.05821330979511175,0.05754113963564228,0.050602134461383896,0.0555046308234504
random,0.0619573113583697,0.06442201363459149,0.062337511954128816,0.061798374105661955,0.05875863640288218,0.06318887076138181,0.061147694925244106,0.06062433749402433,0.061047077190284856,0.0555046308234504,0.051199364933225015
