,square,rectangle,parallelogram,losange,isoTrapezoid,kite,rightKite,rustedHinge,hinge,trapezoid,random
square,0.15843324688044122,0.2117924778335166,0.26892691795893503,0.2930816584315191,0.25588013730662945,0.245954534007136,0.24058624787840135,0.2762252735529979,0.2597772062095203,0.26085526032576906,0.2948883142153204
rectangle,0.2117924778335166,0.15949783662912878,0.25618875078260417,0.2896583293508856,0.2797398226818047,0.26675645418010424,0.2643898995595088,0.27572871775367325,0.24964659105590942,0.2737797807448362,0.30605929935929815
parallelogram,0.26892691795893503,0.25618875078260417,0.18663926905770414,0.21467581615336148,0.2518511397384335,0.25948689491051774,0.254271549584392,0.2620741772572918,0.2540391894811107,0.23614427757129086,0.25824277260874196
losange,0.29308165843151907,0.2896583293508856,0.21467581615336148,0.19041389735718617,0.25584144070238457,0.26981467617082666,0.2650765545790782,0.2695250722815401,0.2692614912272109,0.24096432834420412,0.24778940634351534
isoTrapezoid,0.25588013730662945,0.2797398226818047,0.2518511397384335,0.25584144070238457,0.15175721852936194,0.20939076190122063,0.19791412936870378,0.24802551895788794,0.25122293509299864,0.198706460435302,0.22154742341572886
kite,0.24595453400713593,0.26675645418010424,0.25948689491051774,0.2698146761708266,0.20939076190122063,0.1716052052946682,0.19008791992096138,0.2395055020892396,0.23932841771577928,0.233607304595402,0.2433867825299434
rightKite,0.24058624787840135,0.26438989955950887,0.254271549584392,0.2650765545790782,0.19791412936870378,0.1900879199209614,0.16838344399636962,0.237864345603757,0.23768252567448692,0.21669492444211122,0.23859377956695
rustedHinge,0.2762252735529979,0.27572871775367325,0.2620741772572918,0.2695250722815401,0.2480255189578879,0.2395055020892396,0.23786434560375702,0.1784064287602305,0.1929008893436027,0.25511377165397164,0.24473938634423287
hinge,0.2597772062095203,0.24964659105590942,0.2540391894811107,0.2692614912272108,0.25122293509299864,0.23932841771577928,0.23768252567448692,0.1929008893436027,0.1834507472557234,0.253477341931555,0.25233353650344836
trapezoid,0.260855260325769,0.2737797807448362,0.23614427757129086,0.24096432834420414,0.19870646043530196,0.233607304595402,0.21669492444211122,0.25511377165397164,0.25347734193155497,0.1770063381257596,0.21594111276391884
random,0.2948883142153204,0.3060592993592981,0.2582427726087419,0.24778940634351532,0.22154742341572886,0.2433867825299434,0.23859377956694997,0.24473938634423287,0.25233353650344836,0.2159411127639188,0.1796461229914099
