,square,rectangle,parallelogram,losange,isoTrapezoid,kite,rightKite,rustedHinge,hinge,trapezoid,random
square,0.05973762994927808,0.06743317351606871,0.07186316848044724,0.0766926139653252,0.06487237793618163,0.06301930592232853,0.0623937534146572,0.06902364070044413,0.06816659327171767,0.06561882889145247,0.06965576981652444
rectangle,0.06743317351606871,0.05963196572406648,0.06541015060137156,0.06942193477984444,0.07269557500929462,0.06872107262117266,0.06859790828528152,0.06506870850141502,0.06298429266544528,0.06918044930441343,0.07217297436345857
parallelogram,0.07186316848044726,0.06541015060137155,0.06279745773987187,0.06759273025833112,0.07477688151096086,0.07291882307440081,0.0717391964913707,0.06894459915783946,0.0668857348414824,0.07136304219815927,0.07413152868925556
losange,0.0766926139653252,0.06942193477984444,0.06759273025833112,0.06290810100324949,0.07694531379766223,0.07649605651341716,0.07667837258728806,0.07038757458892314,0.06929953726717654,0.07371389075774791,0.07293693990994145
isoTrapezoid,0.06487237793618163,0.07269557500929462,0.07477688151096086,0.07694531379766223,0.06144246409982451,0.06575814440328853,0.06558042832928372,0.07342969253789494,0.07306639599962458,0.06727039183179064,0.07006634465176531
kite,0.06301930592232853,0.06872107262117266,0.0729188230744008,0.07649605651341716,0.06575814440328853,0.06065338894162057,0.06308066419541716,0.07111765939272828,0.0704096709781114,0.06813840430937403,0.07089043252331688
rightKite,0.0623937534146572,0.06859790828528152,0.0717391964913707,0.07667837258728805,0.06558042832928372,0.06308066419541716,0.06100669967838489,0.07038695132997964,0.06957616770935765,0.06623898400095796,0.0711220631456094
rustedHinge,0.06902364070044413,0.06506870850141502,0.06894459915783946,0.07038757458892314,0.07342969253789494,0.07111765939272828,0.07038695132997964,0.06294649432949256,0.06294378602166804,0.07060233532515445,0.07183737196974907
hinge,0.06816659327171767,0.06298429266544528,0.0668857348414824,0.06929953726717655,0.0730663959996246,0.0704096709781114,0.06957616770935765,0.06294378602166804,0.06149585750977406,0.06962026453790837,0.07154342993900543
trapezoid,0.06561882889145247,0.06918044930441343,0.07136304219815927,0.07371389075774791,0.06727039183179062,0.06813840430937403,0.06623898400095796,0.07060233532515445,0.06962026453790837,0.06178367104656492,0.06783344687690308
random,0.06965576981652444,0.07217297436345857,0.07413152868925556,0.07293693990994145,0.07006634465176531,0.07089043252331688,0.0711220631456094,0.07183737196974906,0.07154342993900543,0.06783344687690308,0.06270144034449392
