,square,rectangle,parallelogram,losange,isoTrapezoid,kite,rightKite,rustedHinge,hinge,trapezoid,random
square,0.02622731760106381,0.042610482192237155,0.06210125341397086,0.07355758895713102,0.039525618686528236,0.044670757106129715,0.03517939261032527,0.04910130383953595,0.04709277936274864,0.048478558704840385,0.06862097761501387
rectangle,0.042610482192237155,0.03326947568438712,0.04874461903114854,0.06715712645812696,0.06104670232226688,0.0587191994518497,0.05017493776266753,0.04741550276056881,0.04194385066199347,0.059164118153288696,0.08728914611927828
parallelogram,0.06210125341397086,0.04874461903114854,0.041387740390297655,0.04998005273372654,0.07200420748820492,0.0845732790843097,0.06571901707776909,0.05455336359679537,0.0470793390293081,0.05170391700366124,0.0730219103393045
losange,0.07355758895713102,0.06715712645812696,0.04998005273372654,0.04369727625498411,0.07719847794412832,0.10241534685551355,0.07752965610160496,0.06274102241356037,0.05613304703257642,0.04860347355496046,0.05927959990811105
isoTrapezoid,0.039525618686528236,0.06104670232226688,0.07200420748820492,0.07719847794412832,0.029749459403761662,0.04421872012446875,0.03747608221788731,0.06310537895278252,0.06234950017859118,0.045622514562007374,0.058112212659040687
kite,0.044670757106129715,0.0587191994518497,0.0845732790843097,0.10241534685551355,0.04421872012446875,0.025970511450383524,0.03253240457161186,0.07531941090526101,0.07575430530941149,0.0736784677909713,0.09954812044929987
rightKite,0.03517939261032527,0.05017493776266753,0.06571901707776909,0.07752965610160495,0.03747608221788731,0.032532404571611856,0.025077120100815153,0.06358067877055734,0.06183053271834039,0.051537042589582194,0.07498793745119543
rustedHinge,0.04910130383953595,0.04741550276056881,0.05455336359679537,0.06274102241356039,0.06310537895278252,0.075319410905261,0.06358067877055734,0.031798042342571255,0.033311466820093096,0.053369395422239306,0.06710472297554149
hinge,0.04709277936274864,0.04194385066199348,0.04707933902930811,0.05613304703257642,0.06234950017859118,0.07575430530941148,0.06183053271834039,0.033311466820093096,0.03086606826117085,0.049976419269225414,0.06593151113588108
trapezoid,0.0484785587048404,0.0591641181532887,0.05170391700366125,0.04860347355496046,0.045622514562007374,0.07367846779097131,0.051537042589582194,0.05336939542223933,0.04997641926922543,0.029678478303837953,0.03855261123549845
random,0.06862097761501387,0.08728914611927828,0.0730219103393045,0.05927959990811105,0.0581122126590407,0.09954812044929987,0.07498793745119543,0.06710472297554149,0.0659315111358811,0.03855261123549845,0.030932956634539554
