,square,rectangle,parallelogram,losange,isoTrapezoid,kite,rightKite,rustedHinge,hinge,trapezoid,random
square,0.08512150373248532,0.11852555465308329,0.15746600659998117,0.17812935835249977,0.15362939004796913,0.17011788189953658,0.15635904466817044,0.20935960629302588,0.19395075598199757,0.15902753366254077,0.18949112170376553
rectangle,0.11852555465308329,0.11210683274326773,0.15396986240324745,0.17945221452609972,0.18673087874382369,0.1935929780660037,0.1813370205286387,0.2158826695432517,0.19802359943263628,0.1809257460764962,0.213182636274093
parallelogram,0.15746600659998117,0.15396986240324745,0.10672555421038012,0.12408422216276634,0.17707340475151662,0.18545722275202142,0.17034525685672383,0.20514297971936113,0.18578029998115683,0.15012420883192748,0.17415763982342836
losange,0.17812935835249974,0.17945221452609972,0.12408422216276635,0.10897164648345763,0.186003015135352,0.19710166216831362,0.18144592350475683,0.2136721978669998,0.19736827319225225,0.15301319669301322,0.16473477646749937
isoTrapezoid,0.15362939004796913,0.18673087874382369,0.17707340475151662,0.186003015135352,0.1119323444015218,0.1469595669651678,0.1324572027933972,0.20908603670082326,0.19509203575574816,0.1354793176583064,0.1542850911121646
kite,0.17011788189953658,0.19359297806600373,0.18545722275202142,0.19710166216831362,0.1469595669651678,0.11680656987119907,0.12097270514281436,0.20758306930631057,0.1920314566968906,0.1594926173645894,0.17337996796786267
rightKite,0.15635904466817044,0.18133702052863868,0.1703452568567238,0.18144592350475686,0.1324572027933972,0.12097270514281436,0.09930113174351689,0.19215095655558423,0.17673959856544275,0.13590524393230835,0.15266920921252722
rustedHinge,0.20935960629302583,0.2158826695432517,0.2051429797193611,0.21367219786699979,0.20908603670082326,0.20758306930631054,0.19215095655558426,0.1829826019725569,0.17819610602832897,0.1979149877401844,0.20018988041086588
hinge,0.1939507559819976,0.19802359943263628,0.18578029998115683,0.19736827319225225,0.19509203575574816,0.1920314566968906,0.17673959856544275,0.17819610602832897,0.16076087661599475,0.1809091938586758,0.1845012113584213
trapezoid,0.15902753366254077,0.1809257460764962,0.15012420883192748,0.15301319669301322,0.1354793176583064,0.1594926173645894,0.13590524393230835,0.19791498774018437,0.1809091938586758,0.10606719608899813,0.13005781830305083
random,0.18949112170376556,0.21318263627409306,0.17415763982342836,0.16473477646749937,0.15428509111216457,0.1733799679678627,0.15266920921252722,0.20018988041086588,0.1845012113584213,0.13005781830305083,0.10889806922443242
