,square,rectangle,parallelogram,losange,isoTrapezoid,kite,rightKite,rustedHinge,hinge,trapezoid,random
square,0.09276912309270721,0.12112508526790018,0.17140550383887532,0.1947936913699603,0.171011533577994,0.18697875183134463,0.17421311294209824,0.20791034755419535,0.1986806559555578,0.17520399082177068,0.21111772291904757
rectangle,0.12112508526790018,0.10736617610109722,0.16023140690878349,0.188196884556252,0.1961273921872525,0.20255004953273487,0.19098981532656906,0.20708612146005098,0.19506223473478776,0.18927483921082297,0.22643934234189836
parallelogram,0.17140550383887532,0.16023140690878349,0.11985979581216973,0.1398807256061369,0.19564522659538824,0.20363569881107987,0.1882358477846247,0.20417764393648868,0.19166010426692304,0.16764482517508278,0.19664030259418105
losange,0.19479369136996033,0.188196884556252,0.1398807256061369,0.12353729427035043,0.20589590844634006,0.2166021145148915,0.20030273624735181,0.21398475079083634,0.2045529675601323,0.1709452609287786,0.18680129919554597
isoTrapezoid,0.171011533577994,0.19612739218725248,0.19564522659538822,0.20589590844634006,0.12438781922863082,0.16175901573779797,0.1467943380722772,0.20479453232051748,0.19820788160463762,0.1504682003378399,0.17226573330546333
kite,0.18697875183134463,0.20255004953273487,0.20363569881107982,0.2166021145148915,0.16175901573779797,0.12838178921360852,0.13388276351049516,0.20437445567012447,0.19650090331674097,0.17499708900035268,0.19243536188439894
rightKite,0.17421311294209824,0.19098981532656906,0.1882358477846247,0.20030273624735181,0.14679433807227718,0.13388276351049516,0.11065480659705758,0.1875420050748512,0.18006885776038212,0.1504406541460379,0.17032080356145232
rustedHinge,0.2079103475541953,0.20708612146005098,0.20417764393648863,0.21398475079083634,0.20479453232051748,0.20437445567012447,0.18754200507485116,0.16213432669305308,0.1635898029126559,0.19445618464423595,0.2001687501679856
hinge,0.1986806559555578,0.19506223473478776,0.19166010426692304,0.2045529675601323,0.19820788160463762,0.19650090331674097,0.18006885776038212,0.1635898029126559,0.15201260583747161,0.1848671044257988,0.19186625564621676
trapezoid,0.1752039908217707,0.18927483921082294,0.1676448251750828,0.17094526092877857,0.1504682003378399,0.17499708900035268,0.15044065414603794,0.19445618464423592,0.1848671044257988,0.11867603860019953,0.14628300895804858
random,0.21111772291904754,0.22643934234189836,0.19664030259418105,0.18680129919554597,0.17226573330546333,0.19243536188439894,0.1703208035614523,0.2001687501679856,0.19186625564621676,0.14628300895804858,0.12342706303056596
