,square,rectangle,parallelogram,losange,isoTrapezoid,kite,rightKite,rustedHinge,hinge,trapezoid,random
square,0.12246182613351388,0.15257312968645506,0.17902150862300636,0.20125730600935768,0.1417677133896148,0.13710744217503396,0.13257168778700312,0.16004741496657116,0.15763596889265413,0.14835806154345837,0.1744969219495174
rectangle,0.1525731296864551,0.12595913483200133,0.1486090179595078,0.17503947673430728,0.1824932931386225,0.1614629770927249,0.15898488985507886,0.15107674973177343,0.14216301851620328,0.1646456516625826,0.1963589892260136
parallelogram,0.17902150862300636,0.1486090179595078,0.13728844252987843,0.15589414579470928,0.19891289081341026,0.18791460562770643,0.17899676327209893,0.16617139831991604,0.15609417398168515,0.16817786528833367,0.1939898507397231
losange,0.20125730600935768,0.1750394767343073,0.15589414579470928,0.1409404995199751,0.20835772084754314,0.20746769545169558,0.19860424007508382,0.1767166926451944,0.17113839552579488,0.17303878414972934,0.18004375262370814
isoTrapezoid,0.1417677133896148,0.1824932931386225,0.1989128908134102,0.20835772084754314,0.1268747542023913,0.14576631626569578,0.14166083670690047,0.18353202592672777,0.18398460816492518,0.15211967991993616,0.16740711389218693
kite,0.13710744217503398,0.16146297709272486,0.18791460562770645,0.20746769545169558,0.14576631626569578,0.1263253527593103,0.13457770899587654,0.1773316188583156,0.1755161590026214,0.1650624972788425,0.1891646069676119
rightKite,0.13257168778700312,0.1589848898550789,0.17899676327209893,0.19860424007508382,0.14166083670690047,0.13457770899587654,0.124487167133503,0.17223883467346862,0.16969531804343463,0.1486749456023502,0.1787702628733021
rustedHinge,0.16004741496657116,0.1510767497317734,0.16617139831991604,0.1767166926451944,0.1835320259267278,0.1773316188583156,0.17223883467346862,0.13100907260044786,0.13392729959211055,0.16809709101566261,0.18246568610459163
hinge,0.15763596889265413,0.14216301851620328,0.15609417398168518,0.17113839552579488,0.18398460816492518,0.1755161590026214,0.16969531804343466,0.13392729959211053,0.13028612264895265,0.1641836593735545,0.18290917650342942
trapezoid,0.14835806154345837,0.1646456516625826,0.16817786528833364,0.17303878414972934,0.15211967991993613,0.1650624972788425,0.1486749456023502,0.16809709101566261,0.1641836593735545,0.13093142292080917,0.15199727456672954
random,0.1744969219495174,0.1963589892260136,0.1939898507397231,0.1800437526237081,0.16740711389218693,0.1891646069676119,0.17877026287330208,0.18246568610459166,0.18290917650342942,0.15199727456672954,0.13868015619047874
