,square,rectangle,parallelogram,losange,isoTrapezoid,kite,rightKite,rustedHinge,hinge,trapezoid,random
square,0.2295757774294526,0.26253751237858824,0.2892622519088342,0.31376386394694145,0.25119888485282965,0.24523096396487465,0.24124201117680255,0.2708550691695297,0.2672608576500624,0.25730664413892806,0.28470213118036936
rectangle,0.26253751237858824,0.23176249489771422,0.2574723667866304,0.2855371049804352,0.29339233089268635,0.2715772920650863,0.26921203051050363,0.2592960919286495,0.2487985553694697,0.27448751095738,0.30572026028086347
parallelogram,0.2892622519088342,0.2574723667866304,0.24890116098516463,0.27110120523082637,0.3100043972432541,0.2980186941517459,0.290533095522085,0.27618320068038515,0.26493758237370035,0.2830386512573931,0.30839124253993216
losange,0.3137638639469415,0.2855371049804352,0.27110120523082637,0.25753939222464645,0.3209895837922367,0.31921848006724685,0.3127267737959334,0.2880600026070985,0.28137302492666294,0.29099544968043695,0.2965876389083663
isoTrapezoid,0.25119888485282965,0.29339233089268635,0.3100043972432541,0.32098958379223663,0.23599730007881378,0.2558914868458644,0.2528082565128666,0.29475638972846807,0.2944517494999538,0.2635216249639238,0.2802932796941404
kite,0.2452309639648747,0.2715772920650863,0.2980186941517459,0.31921848006724685,0.2558914868458644,0.23489718153211794,0.24421939337028387,0.28814123819818965,0.28494934911762376,0.2733661146310288,0.2981141581517208
rightKite,0.2412420111768025,0.26921203051050363,0.290533095522085,0.3127267737959334,0.2528082565128666,0.24421939337028387,0.2351346312189615,0.282409851000574,0.2786161946143365,0.2598165009962001,0.2908642218691583
rustedHinge,0.2708550691695297,0.2592960919286495,0.2761832006803852,0.2880600026070985,0.294756389728468,0.2881412381981897,0.282409851000574,0.24330311283898964,0.24412678726974313,0.2786954474403804,0.2940140492514826
hinge,0.2672608576500624,0.2487985553694697,0.26493758237370035,0.28137302492666294,0.2944517494999538,0.28494934911762376,0.27861619461433645,0.24412678726974313,0.23824301745180332,0.2739293778024746,0.2936612811400078
trapezoid,0.25730664413892806,0.27448751095738,0.28303865125739297,0.29099544968043695,0.2635216249639238,0.2733661146310287,0.2598165009962,0.2786954474403804,0.27392937780247456,0.24185810112170222,0.2667137925617252
random,0.28470213118036936,0.30572026028086347,0.30839124253993216,0.2965876389083663,0.2802932796941404,0.29811415815172077,0.29086422186915833,0.2940140492514826,0.2936612811400078,0.2667137925617252,0.2506933972851196
