,square,rectangle,parallelogram,losange,isoTrapezoid,kite,rightKite,rustedHinge,hinge,trapezoid,random
square,0.15532097280928364,0.19429627111385267,0.309278603405539,0.35310323666087845,0.31873804100787007,0.33026924118377665,0.31932462593101807,0.33909320814094,0.3374739616472836,0.318015864856391,0.3816377695730787
rectangle,0.19429627111385267,0.1607948812576674,0.27934329641643224,0.32967810012949567,0.34233054504704713,0.33986488545590765,0.3292083896315748,0.3252640743533032,0.3180553624118195,0.3261470123549773,0.3902391539777951
parallelogram,0.309278603405539,0.27934329641643224,0.20080920595516383,0.23266883559203985,0.34292124574197885,0.34542437415648786,0.3279131564098169,0.3169700920905518,0.31182757320885773,0.28902381370001734,0.33751606334987727
losange,0.35310323666087845,0.32967810012949567,0.23266883559203988,0.20398998247412936,0.3580122087792998,0.36379430662968004,0.3433460097765942,0.3263707337494327,0.3273810546224124,0.29176342732342236,0.31544285507320197
isoTrapezoid,0.31873804100787007,0.3423305450470472,0.34292124574197885,0.3580122087792998,0.19322209347394195,0.25126405716935235,0.2303110581815434,0.2878137520265634,0.29305058154215613,0.2375182877734923,0.2706529493749971
kite,0.33026924118377665,0.33986488545590765,0.3454243741564879,0.36379430662968004,0.25126405716935235,0.1908185059213679,0.20040192365428997,0.2740491199475064,0.2743319107489064,0.2686098951829601,0.28838490386591814
rightKite,0.31932462593101807,0.3292083896315748,0.32791315640981683,0.3433460097765942,0.23031105818154346,0.20040192365428997,0.16665853163329195,0.24799051983218076,0.2505717216175887,0.23486296766497028,0.2567162165954045
rustedHinge,0.33909320814094,0.3252640743533032,0.3169700920905518,0.3263707337494327,0.2878137520265634,0.2740491199475064,0.24799051983218076,0.18295408923424875,0.1976772472834497,0.26852577431084107,0.2675034723812821
hinge,0.3374739616472836,0.3180553624118195,0.3118275732088578,0.3273810546224124,0.29305058154215613,0.2743319107489064,0.2505717216175887,0.1976772472834497,0.19270123089340208,0.26994051102286665,0.2713445440058896
trapezoid,0.318015864856391,0.3261470123549773,0.28902381370001734,0.29176342732342236,0.23751828777349232,0.2686098951829601,0.23486296766497028,0.26852577431084107,0.26994051102286665,0.18655768608340878,0.22650628057245528
random,0.38163776957307866,0.3902391539777951,0.3375160633498772,0.31544285507320197,0.2706529493749971,0.28838490386591814,0.2567162165954045,0.267503472381282,0.2713445440058896,0.22650628057245528,0.18132293012609518
