,square,rectangle,parallelogram,losange,isoTrapezoid,kite,rightKite,rustedHinge,hinge,trapezoid,random
square,0.14013638474439816,0.16938070701680988,0.20306110960090296,0.23063460900758218,0.16307988246267013,0.16175989040742106,0.15657173969685226,0.1832829785906598,0.18004090481099308,0.17175901359813092,0.1999126850778308
rectangle,0.16938070701680985,0.14283814538011722,0.17321862557683546,0.20588965597377298,0.20294062116079845,0.18470027777461054,0.18156033402108715,0.17465048310148637,0.1650888863342419,0.187727628474934,0.22258106302499003
parallelogram,0.20306110960090296,0.17321862557683546,0.15409662181857672,0.17641696577021004,0.22286604337191418,0.21802376175090968,0.20460919277270836,0.19490194614164408,0.18348123457563995,0.18752211770028854,0.21624265041884094
losange,0.23063460900758218,0.20588965597377298,0.17641696577021004,0.1562303662738536,0.23602985982094477,0.24104962656699427,0.2274249304450722,0.2093220096536342,0.20335483850317132,0.19373568946785844,0.2036113731929851
isoTrapezoid,0.16307988246267013,0.20294062116079845,0.22286604337191412,0.23602985982094477,0.1438240795836361,0.16846404068939147,0.16355795521620622,0.2088167631964343,0.20884709396985995,0.17337722087530547,0.1894744134364179
kite,0.1617598904074211,0.18470027777461054,0.21802376175090968,0.24104962656699422,0.16846404068939147,0.1466070901760505,0.15726260517382962,0.20496097374012676,0.20313042081705865,0.1942005038181573,0.21867833445926563
rightKite,0.15657173969685226,0.18156033402108715,0.2046091927727084,0.2274249304450722,0.1635579552162062,0.1572626051738296,0.14287504808790022,0.20063175253532856,0.19756039128989272,0.17147010145734787,0.20324131993476816
rustedHinge,0.1832829785906598,0.1746504831014864,0.19490194614164405,0.20932200965363415,0.2088167631964343,0.20496097374012676,0.20063175253532856,0.1461409615144158,0.15158189940182104,0.19548364265674578,0.208057528658513
hinge,0.18004090481099305,0.16508888633424187,0.18348123457563995,0.20335483850317132,0.20884709396985995,0.20313042081705865,0.19756039128989272,0.15158189940182104,0.14793194255143927,0.19081385052571492,0.2077963334417802
trapezoid,0.17175901359813092,0.187727628474934,0.18752211770028854,0.19373568946785844,0.17337722087530547,0.19420050381815732,0.17147010145734787,0.19548364265674578,0.19081385052571495,0.146943528123384,0.1693328148608871
random,0.19991268507783086,0.22258106302499006,0.21624265041884094,0.20361137319298517,0.1894744134364179,0.21867833445926563,0.20324131993476816,0.208057528658513,0.20779633344178025,0.1693328148608871,0.15397326942353756
