,square,rectangle,parallelogram,losange,isoTrapezoid,kite,rightKite,rustedHinge,hinge,trapezoid,random
square,0.08631930318365369,0.11683680707343963,0.13799601574678408,0.15629033989265853,0.12069507464842816,0.12941723955884163,0.12040847721836333,0.1717725369285792,0.15574292525790456,0.12631964312121166,0.15097239894431788
rectangle,0.1168368070734396,0.10956760009757557,0.13063403957172595,0.15398718785251414,0.15589271418135425,0.15353483427372203,0.1460150182002822,0.17622335041616416,0.15713603563803233,0.147681514123713,0.17619890437455715
parallelogram,0.13799601574678405,0.13063403957172595,0.10076171523631962,0.11641432526388347,0.15754754972995044,0.16328543600570622,0.1502438960020955,0.1808995775638536,0.1605987421523138,0.13329762657422653,0.1565950828756947
losange,0.15629033989265853,0.15398718785251414,0.11641432526388347,0.10175152804101735,0.16477309871210882,0.17509518866722676,0.16118553963760582,0.18932463764777954,0.17241226723159872,0.13488054765869903,0.1459101953817789
isoTrapezoid,0.12069507464842816,0.15589271418135425,0.15754754972995044,0.16477309871210882,0.09788183883157048,0.12478326358351885,0.11564644933140207,0.18698261667960017,0.1736705462382906,0.11820721197843986,0.13396682498805548
kite,0.1294172395588416,0.15353483427372203,0.16328543600570622,0.17509518866722676,0.12478326358351885,0.10154802343977468,0.10658301642383206,0.18349400519647469,0.16837746593262315,0.14028007183995791,0.15336245649795932
rightKite,0.12040847721836334,0.1460150182002822,0.15024389600209553,0.16118553963760582,0.11564644933140207,0.10658301642383206,0.09062607062618387,0.17497540074607315,0.15943226724287027,0.11979157884345716,0.13713987858500118
rustedHinge,0.1717725369285792,0.17622335041616416,0.1808995775638536,0.18932463764777954,0.1869826166796002,0.18349400519647466,0.17497540074607318,0.1608259795801554,0.1551340607312539,0.17859652234619314,0.18158394408639525
hinge,0.15574292525790456,0.15713603563803233,0.1605987421523138,0.17241226723159872,0.1736705462382906,0.16837746593262315,0.15943226724287024,0.1551340607312539,0.13959672031399098,0.16236473508182842,0.166988373967038
trapezoid,0.12631964312121166,0.14768151412371297,0.13329762657422653,0.13488054765869903,0.11820721197843985,0.1402800718399579,0.11979157884345716,0.17859652234619314,0.16236473508182842,0.09586189629331879,0.11713407881695405
random,0.15097239894431788,0.17619890437455715,0.15659508287569468,0.1459101953817789,0.13396682498805546,0.15336245649795935,0.13713987858500118,0.18158394408639525,0.166988373967038,0.11713407881695405,0.10051538055850975
