,square,rectangle,parallelogram,losange,isoTrapezoid,kite,rightKite,rustedHinge,hinge,trapezoid,random
square,0.140436601470712,0.16909631641327258,0.20691646365975694,0.2353009137049135,0.1716693379700856,0.1739248366480083,0.16758528768876524,0.19385771248538491,0.189389782666248,0.181014285721386,0.2117159559086057
rectangle,0.16909631641327258,0.14359554950983347,0.17867234070738564,0.21339244810453414,0.21026013020721931,0.19571694670642234,0.19096486538888832,0.18667687953203235,0.17613023091849178,0.19680451720103787,0.23411558525653717
parallelogram,0.20691646365975694,0.17867234070738564,0.15617932422865796,0.17908457780648337,0.2317137217920826,0.23187526770223896,0.21548179807314577,0.21035834627327954,0.19719232012825952,0.19457170034680568,0.22632255445617194
losange,0.2353009137049135,0.21339244810453414,0.17908457780648335,0.15681807314388757,0.24435819085436772,0.25409972363833183,0.2369592182657299,0.22558351932096338,0.21778888234191973,0.19878104658347853,0.21206900504634932
isoTrapezoid,0.1716693379700856,0.21026013020721931,0.2317137217920826,0.24435819085436772,0.1485470616293961,0.17780351317340207,0.17130204178282313,0.22238838648413134,0.22132142853040904,0.17971358352884123,0.19729335742776968
kite,0.1739248366480083,0.19571694670642234,0.23187526770223896,0.25409972363833183,0.17780351317340207,0.1509020596397283,0.1624466532359758,0.21933312489249102,0.21679711326794035,0.2063038698459537,0.22955291092657437
rightKite,0.16758528768876524,0.19096486538888832,0.21548179807314577,0.2369592182657299,0.1713020417828231,0.1624466532359758,0.14516680696992412,0.21366393944739026,0.20993420858473166,0.17963040623849955,0.2108109534397506
rustedHinge,0.19385771248538491,0.18667687953203235,0.21035834627327948,0.22558351932096338,0.22238838648413134,0.21933312489249102,0.21366393944739026,0.14962105277254514,0.15580771641491692,0.2116601427180885,0.22034466472595068
hinge,0.18938978266624804,0.1761302309184918,0.19719232012825952,0.21778888234191973,0.22132142853040904,0.2167971132679404,0.20993420858473166,0.1558077164149169,0.1513877435993312,0.2058526808656815,0.21851622048477756
trapezoid,0.18101428572138598,0.1968045172010379,0.19457170034680568,0.19878104658347853,0.17971358352884123,0.2063038698459537,0.17963040623849952,0.2116601427180885,0.20585268086568154,0.15019408221641514,0.17547363299683874
random,0.21171595590860573,0.2341155852565372,0.22632255445617194,0.21206900504634932,0.19729335742776968,0.22955291092657437,0.2108109534397506,0.22034466472595063,0.2185162204847775,0.17547363299683874,0.15658885690931637
