,square,rectangle,parallelogram,losange,isoTrapezoid,kite,rightKite,rustedHinge,hinge,trapezoid,random
square,0.0,0.004021576166316043,0.006741007092640916,0.009430609708036886,0.002302542696026477,0.0017021545168965924,0.0010637597776818053,0.004478584764134874,0.004326216264342153,0.0027751120671806184,0.006139849728787561
rectangle,0.004021576166316043,0.0,0.002031570028731,0.005359545206730654,0.00776038912698207,0.0048608701766172935,0.0045691358934243365,0.0030302487002383804,0.0018950402264100719,0.0047638841422772416,0.008955610157956873
parallelogram,0.006741007092640916,0.002031570028731,0.0,0.002054268471438636,0.009416628666988669,0.007657851498155233,0.006664939331781805,0.003956296486140154,0.00267493592298651,0.004708833637991239,0.007842068137030034
losange,0.009430609708036886,0.005359545206730654,0.002054268471438636,0.0,0.0103409876623477,0.010126249928877118,0.008981821772017673,0.005136585474775579,0.004365755791835957,0.005095133317644773,0.005523719360624124
isoTrapezoid,0.002302542696026477,0.00776038912698207,0.009416628666988669,0.0103409876623477,2.220446049250313e-16,0.0026238149384598675,0.0020702398377280273,0.007252954599630157,0.007549073114124116,0.0030893131202470725,0.004769975757363043
kite,0.0017021545168965924,0.0048608701766172935,0.007657851498155233,0.010126249928877118,0.0026238149384598675,0.0,0.001114089413296937,0.006777975916120171,0.006630314657197212,0.004837983087130793,0.007962693828713396
rightKite,0.0010637597776818053,0.0045691358934243365,0.006664939331781805,0.008981821772017673,0.0020702398377280273,0.001114089413296937,0.0,0.0059003209650136945,0.005697240045683616,0.002784897646835871,0.006524058469376648
rustedHinge,0.004478584764134874,0.0030302487002383804,0.003956296486140154,0.005136585474775579,0.007252954599630157,0.006777975916120171,0.0059003209650136945,0.0,0.0004152305720459548,0.004581726788326579,0.006378824227287194
hinge,0.004326216264342153,0.0018950402264100719,0.00267493592298651,0.004365755791835957,0.007549073114124116,0.006630314657197212,0.005697240045683616,0.0004152305720459548,0.0,0.004152226808012971,0.006551840236516893
trapezoid,0.0027751120671806184,0.0047638841422772416,0.004708833637991239,0.005095133317644773,0.0030893131202470725,0.004837983087130793,0.002784897646835871,0.004581726788326579,0.004152226808012971,0.0,0.0024268668408325977
random,0.006139849728787561,0.008955610157956873,0.007842068137030034,0.005523719360624124,0.004769975757363043,0.007962693828713396,0.006524058469376648,0.006378824227287194,0.006551840236516893,0.0024268668408325977,0.0
