,square,rectangle,parallelogram,losange,isoTrapezoid,kite,rightKite,rustedHinge,hinge,trapezoid,random
square,0.0,0.06842925431635716,0.14167612811135477,0.19448466345187576,0.20500893029899592,0.1589121980120478,0.15617100993435684,0.24351893448135975,0.19185827156087,0.1701559774217849,0.2688634728924495
rectangle,0.06842925431635716,2.220446049250313e-16,0.12655488078935173,0.19415422658043946,0.22073710124980206,0.16824767940460084,0.17447037895897477,0.2412502431451682,0.17332124455259879,0.16819820232515426,0.2716939570709481
parallelogram,0.14167612811135477,0.12655488078935173,0.0,0.054250843476275734,0.15171432913365246,0.1228093998181472,0.11968146808262281,0.17707060816899212,0.1282180749598465,0.073828189223487,0.17482983774087624
losange,0.19448466345187576,0.19415422658043946,0.054250843476275734,0.0,0.15509118858764637,0.1419409254565862,0.13938897340259193,0.16621230639421325,0.14851839589455496,0.07691427921538796,0.12574295349730125
isoTrapezoid,0.20500893029899592,0.22073710124980206,0.15171432913365246,0.15509118858764637,0.0,0.11176021661023006,0.08707076411363257,0.16039122935740946,0.14389884539248055,0.08591065777949858,0.13226767857977384
kite,0.1589121980120478,0.16824767940460084,0.1228093998181472,0.1419409254565862,0.11176021661023006,2.220446049250313e-16,0.042178762786609925,0.1556523524555481,0.11417896569756159,0.09655635008107144,0.14859512740314573
rightKite,0.15617100993435684,0.17447037895897477,0.11968146808262281,0.13938897340259193,0.08707076411363257,0.042178762786609925,0.0,0.1389200207796537,0.10680014200786148,0.0746849589066092,0.14514171999915793
rustedHinge,0.24351893448135975,0.2412502431451682,0.17707060816899212,0.16621230639421325,0.16039122935740946,0.1556523524555481,0.1389200207796537,0.0,0.035610869824627245,0.15207054178093105,0.14809338703774244
hinge,0.19185827156087,0.17332124455259879,0.1282180749598465,0.14851839589455496,0.14389884539248055,0.11417896569756159,0.10680014200786148,0.035610869824627245,0.0,0.11997770298495913,0.14529394927483041
trapezoid,0.1701559774217849,0.16819820232515426,0.073828189223487,0.07691427921538796,0.08591065777949858,0.09655635008107144,0.0746849589066092,0.15207054178093105,0.11997770298495913,2.220446049250313e-16,0.07528735858906321
random,0.2688634728924495,0.2716939570709481,0.17482983774087624,0.12574295349730125,0.13226767857977384,0.14859512740314573,0.14514171999915793,0.14809338703774244,0.14529394927483041,0.07528735858906321,0.0
