,square,rectangle,parallelogram,losange,isoTrapezoid,kite,rightKite,rustedHinge,hinge,trapezoid,random
square,0.0,0.008640186660987315,0.012059034079940134,0.017420736384299418,0.004547227102451701,0.003435167938499961,0.0023081184802077326,0.008747794304289958,0.00854353831027399,0.005309749786414297,0.009525890658219294
rectangle,0.008640186660987315,0.0,0.0045189519684868396,0.00902411473156517,0.013148490528541279,0.009462714246548098,0.00907238290280199,0.004335032032458996,0.002842541069669413,0.009242613115630793,0.011937342436196596
parallelogram,0.012059034079940134,0.0045189519684868396,0.0,0.0051760546468409,0.013825504932670096,0.012636149175498379,0.011216401035309853,0.006405103826722658,0.004942575120892911,0.009923546316092713,0.012327458361497623
losange,0.017420736384299418,0.00902411473156517,0.0051760546468409,0.0,0.015887441481182152,0.016067430610797184,0.01623617412340761,0.007538000331735906,0.007255553346059651,0.012788005640444244,0.01071152662093744
isoTrapezoid,0.004547227102451701,0.013148490528541279,0.013825504932670096,0.015887441481182152,0.0,0.005300010850230241,0.004728469617126585,0.012070694503505175,0.012417102078997488,0.006282682760452074,0.008875740528197507
kite,0.003435167938499961,0.009462714246548098,0.012636149175498379,0.016067430610797184,0.005300010850230241,0.0,0.0024955484198423417,0.010264704080149012,0.01030852118776715,0.007950573771500435,0.010371345894261252
rightKite,0.0023081184802077326,0.00907238290280199,0.011216401035309853,0.01623617412340761,0.004728469617126585,0.0024955484198423417,0.0,0.00925463639516999,0.009117814217241116,0.005479808880886505,0.010733283013564576
rustedHinge,0.008747794304289958,0.004335032032458996,0.006405103826722658,0.007538000331735906,0.012070694503505175,0.010264704080149012,0.00925463639516999,0.0,0.0007096133837602991,0.008814541261055853,0.009019581417398115
hinge,0.00854353831027399,0.002842541069669413,0.004942575120892911,0.007255553346059651,0.012417102078997488,0.01030852118776715,0.009117814217241116,0.0007096133837602991,1.1102230246251565e-16,0.008532723676901721,0.009633040596414899
trapezoid,0.005309749786414297,0.009242613115630793,0.009923546316092713,0.012788005640444244,0.006282682760452074,0.007950573771500435,0.005479808880886505,0.008814541261055853,0.008532723676901721,0.0,0.005896647911547426
random,0.009525890658219294,0.011937342436196596,0.012327458361497623,0.01071152662093744,0.008875740528197507,0.010371345894261252,0.010733283013564576,0.009019581417398115,0.009633040596414899,0.005896647911547426,0.0
