,square,rectangle,parallelogram,losange,isoTrapezoid,kite,rightKite,rustedHinge,hinge,trapezoid,random
square,1.1102230246251565e-16,0.01145680912140401,0.022107184209580244,0.03336803827810553,0.014909502973016298,0.010717609745056533,0.007753486004272392,0.018647930197037588,0.015715240471605108,0.012793777482930424,0.028551150885880894
rectangle,0.01145680912140401,1.1102230246251565e-16,0.009655559110439693,0.02997015229386757,0.04170523811481108,0.02514588415205332,0.0248630475417132,0.01984545860789555,0.011011003437743416,0.026985423796509256,0.05260112963293806
parallelogram,0.022107184209580244,0.009655559110439693,0.0,0.011412741392508363,0.04615933005295203,0.03503759996044242,0.029137558974368316,0.025613391954306564,0.015498359246986282,0.021493599650104445,0.04446704248173172
losange,0.03336803827810553,0.02997015229386757,0.011412741392508363,0.0,0.04472572208695358,0.04309693854967889,0.03419835688728501,0.028791456967056428,0.02498877512171871,0.016810969170607093,0.027610460574306828
isoTrapezoid,0.014909502973016298,0.04170523811481108,0.04615933005295203,0.04472572208695358,0.0,0.011512411919532117,0.009688785251428023,0.04246065585350245,0.04099421855965091,0.01207326436538525,0.01659953150958904
kite,0.010717609745056533,0.02514588415205332,0.03503759996044242,0.04309693854967889,0.011512411919532117,0.0,0.004845748856709853,0.038938489629587125,0.0357916953258377,0.020540605968610848,0.03488853857388485
rightKite,0.007753486004272392,0.0248630475417132,0.029137558974368316,0.03419835688728501,0.009688785251428023,0.004845748856709853,1.1102230246251565e-16,0.0357793567934912,0.03336809191181711,0.011360458926296557,0.026220217612611507
rustedHinge,0.018647930197037588,0.01984545860789555,0.025613391954306564,0.028791456967056428,0.04246065585350245,0.038938489629587125,0.0357793567934912,0.0,0.003512102710730658,0.027879800178854608,0.03527231640144024
hinge,0.015715240471605108,0.011011003437743416,0.015498359246986282,0.02498877512171871,0.04099421855965091,0.0357916953258377,0.03336809191181711,0.003512102710730658,0.0,0.024653432223619154,0.03685439884289077
trapezoid,0.012793777482930424,0.026985423796509256,0.021493599650104445,0.016810969170607093,0.01207326436538525,0.020540605968610848,0.011360458926296557,0.027879800178854608,0.024653432223619154,0.0,0.008531350870154553
random,0.028551150885880894,0.05260112963293806,0.04446704248173172,0.027610460574306828,0.01659953150958904,0.03488853857388485,0.026220217612611507,0.03527231640144024,0.03685439884289077,0.008531350870154553,0.0
