,square,rectangle,parallelogram,losange,isoTrapezoid,kite,rightKite,rustedHinge,hinge,trapezoid,random
square,0.049277753301234684,0.08105462735822459,0.21111442957956297,0.24611373472275558,0.29420844966000126,0.27984595052684114,0.2685029730388899,0.30606242490532565,0.2789275419257428,0.2784624510331252,0.31959863836844477
rectangle,0.08105462735822459,0.0537769178398383,0.20240048412466885,0.24794308348496308,0.3117140419730995,0.2847770679203269,0.2790551349476995,0.30563894076846443,0.2727278004775197,0.28404833960915826,0.32870024932820013
parallelogram,0.21111442957956297,0.20240048412466885,0.12230688345844262,0.15943408516511048,0.30133114606062966,0.2674413355876734,0.27672423355231124,0.30059980409342335,0.2757203353414678,0.22158522815638934,0.26838055253006204
losange,0.24611373472275558,0.247943083484963,0.15943408516511048,0.15376095339382823,0.3110573745494756,0.28659795186580045,0.29036761472087397,0.30710585661390244,0.2879830591698132,0.2298724236398522,0.2581134006309951
isoTrapezoid,0.2942084496600013,0.3117140419730995,0.30133114606062966,0.3110573745494756,0.08223654938556886,0.16710026511071133,0.1549361971144877,0.25762565238905033,0.24161621000424666,0.19115889073367384,0.19862271770689546
kite,0.27984595052684114,0.2847770679203269,0.2674413355876734,0.2865979518658005,0.16710026511071133,0.09430490235867281,0.11675730150920562,0.2055738820495812,0.17807036282829783,0.1984203394837359,0.1835890439013326
rightKite,0.2685029730388899,0.2790551349476995,0.2767242335523113,0.29036761472087397,0.15493619711448772,0.11675730150920562,0.08854998448277775,0.17751536285258537,0.15917149777002257,0.20244168328339385,0.1784536521279236
rustedHinge,0.30606242490532565,0.30563894076846443,0.3005998040934234,0.30710585661390244,0.25762565238905033,0.2055738820495812,0.17751536285258535,0.11971611798484216,0.13216636887673694,0.2593201015591315,0.2131231236985131
hinge,0.27892754192574276,0.2727278004775197,0.2757203353414678,0.2879830591698132,0.24161621000424666,0.17807036282829783,0.15917149777002257,0.13216636887673694,0.11037329084350832,0.2416160737206181,0.19961856890483615
trapezoid,0.2784624510331252,0.28404833960915826,0.22158522815638934,0.2298724236398522,0.19115889073367384,0.1984203394837359,0.20244168328339385,0.2593201015591315,0.24161607372061805,0.13284195228193482,0.16624658969556533
random,0.3195986383684447,0.32870024932820013,0.26838055253006204,0.2581134006309951,0.19862271770689546,0.1835890439013326,0.1784536521279236,0.2131231236985131,0.1996185689048362,0.16624658969556533,0.10402269789572648
