,square,rectangle,parallelogram,losange,isoTrapezoid,kite,rightKite,rustedHinge,hinge,trapezoid,random
square,0.028261220357127505,0.03430594576444427,0.06377966626640312,0.0662376634810433,0.0545304440350213,0.05985573612482704,0.05152282712005325,0.06415645501511845,0.058161534552296855,0.05490874419005104,0.06640869560406322
rectangle,0.03430594576444427,0.026409766529496323,0.05256204616003518,0.06093152673164815,0.062171129680663476,0.06057264366036641,0.05272119551319497,0.0594269022495493,0.05054423518766566,0.05657846952107891,0.07277764461620849
parallelogram,0.0637796662664031,0.05256204616003518,0.037525799966675946,0.04650079181845289,0.07574813143838337,0.07677878439513663,0.06475264533245548,0.06955009410831874,0.05948727088952988,0.05519934805873102,0.07339735616951178
losange,0.0662376634810433,0.06093152673164816,0.04650079181845289,0.04031291672125852,0.07473032295839313,0.08301978636600399,0.06874448712644757,0.07239648384952192,0.06493560055059047,0.05471152719499036,0.0653994830765587
isoTrapezoid,0.0545304440350213,0.06217112968066346,0.07574813143838337,0.07473032295839313,0.039239233922875316,0.059689267877462586,0.05206425573130128,0.07910136104423306,0.07422064148373544,0.050761132990354146,0.058756334659506096
kite,0.05985573612482704,0.06057264366036641,0.07677878439513663,0.08301978636600399,0.059689267877462586,0.045077674745824775,0.051881017074391765,0.08132508018091199,0.07366316873278597,0.06881459821725958,0.08380354952054402
rightKite,0.05152282712005325,0.05272119551319497,0.06475264533245548,0.06874448712644758,0.052064255731301294,0.05188101707439177,0.04167736542733566,0.06772206004531384,0.06224880521184215,0.05440543423537179,0.06744810353082743
rustedHinge,0.06415645501511845,0.0594269022495493,0.06955009410831872,0.07239648384952192,0.07910136104423307,0.08132508018091199,0.06772206004531382,0.04743818642094242,0.04855476479268013,0.06982802042748777,0.07527016098502701
hinge,0.058161534552296855,0.05054423518766566,0.05948727088952988,0.06493560055059047,0.07422064148373544,0.07366316873278597,0.06224880521184215,0.04855476479268013,0.04281074494486045,0.06306383494736474,0.07173803806608896
trapezoid,0.054908744190051054,0.05657846952107891,0.05519934805873102,0.05471152719499036,0.05076113299035413,0.06881459821725958,0.05440543423537179,0.06982802042748777,0.06306383494736474,0.0370809932681786,0.04841735402990403
random,0.06640869560406323,0.07277764461620849,0.07339735616951178,0.06539948307655871,0.05875633465950612,0.08380354952054402,0.06744810353082743,0.07527016098502701,0.07173803806608896,0.04841735402990403,0.042546354740475835
