,square,rectangle,parallelogram,losange,isoTrapezoid,kite,rightKite,rustedHinge,hinge,trapezoid,random
square,0.03847631879743414,0.06827426832902952,0.16518230185832605,0.19446223766857829,0.24081226035700234,0.2436789946771378,0.24620629885872466,0.2923219702250226,0.2688586411600189,0.21453688203756727,0.26513719638876676
rectangle,0.06827426832902954,0.04436189888110819,0.16167440533767416,0.19876753040192907,0.2561347508576568,0.2484047732124428,0.2567334404032369,0.29019995178082647,0.26146013685850855,0.21714892309256084,0.2703859113672046
parallelogram,0.16518230185832605,0.16167440533767416,0.09497667303210813,0.12555046242620183,0.2366949199866685,0.21694305859162388,0.2345204458347084,0.28188697246860167,0.25443917119052184,0.16773072935625338,0.21559005191882788
losange,0.19446223766857829,0.19876753040192902,0.12555046242620185,0.12226230619661137,0.2446976699548023,0.22906262920038914,0.24364372724572714,0.28647314671915947,0.26282218663865786,0.17760799250717085,0.2088720223089744
isoTrapezoid,0.24081226035700232,0.2561347508576568,0.23669491998666845,0.24469766995480224,0.06838785746614788,0.1445484649741145,0.13870613439565815,0.25084019510632605,0.22920197952974783,0.15798784432627128,0.17361292173260223
kite,0.2436789946771378,0.2484047732124428,0.21694305859162386,0.22906262920038914,0.1445484649741145,0.06997993091165171,0.09208933114812787,0.18941134802317489,0.15566694733771827,0.16131927271057872,0.14062799480560803
rightKite,0.2462062988587246,0.2567334404032369,0.2345204458347084,0.24364372724572714,0.13870613439565815,0.09208933114812787,0.07156673212625492,0.17097545261134475,0.14639749929621773,0.17324549463827088,0.14830726308807735
rustedHinge,0.2923219702250226,0.29019995178082647,0.28188697246860167,0.28647314671915947,0.25084019510632605,0.18941134802317486,0.17097545261134478,0.11294411856025974,0.12619419201439033,0.24748921913036145,0.20454365438042568
hinge,0.26885864116001895,0.2614601368585086,0.2544391711905218,0.26282218663865786,0.22920197952974783,0.15566694733771827,0.14639749929621776,0.12619419201439036,0.10055641304350238,0.2241549566418273,0.1818624893887655
trapezoid,0.21453688203756732,0.21714892309256084,0.16773072935625338,0.17760799250717085,0.15798784432627128,0.16131927271057872,0.17324549463827088,0.2474892191303614,0.2241549566418273,0.09986163020776555,0.13558762022270343
random,0.26513719638876676,0.27038591136720463,0.21559005191882785,0.2088720223089744,0.17361292173260223,0.14062799480560803,0.14830726308807732,0.20454365438042568,0.18186248938876548,0.13558762022270343,0.08159542163462898
