,square,rectangle,parallelogram,losange,isoTrapezoid,kite,rightKite,rustedHinge,hinge,trapezoid,random
square,0.07796914821722296,0.09147124590431051,0.10025602862685958,0.10861741220063251,0.0868131217374285,0.08456559917653797,0.08226404176841792,0.09374217122889442,0.09289771884526798,0.08813121613707235,0.09850778558995481
rectangle,0.0914712459043105,0.07906768539245744,0.0882032651381521,0.09723662325063682,0.10274826847300099,0.0951216465190076,0.09370459314676184,0.08889515820240668,0.08539130161900925,0.09515505306963201,0.1057908398690123
parallelogram,0.10025602862685958,0.0882032651381521,0.08339764623350333,0.09077075807978818,0.10751495775818376,0.10389021462612771,0.10039919729475294,0.09462795032057834,0.0909009641184826,0.0970953422342547,0.10582896754569619
losange,0.10861741220063253,0.09723662325063682,0.09077075807978818,0.08422092685537015,0.11052049121872576,0.11071935997589849,0.10792471720878742,0.09811660366780198,0.09607599641405663,0.0993743646199749,0.10076055716291923
isoTrapezoid,0.0868131217374285,0.10274826847300099,0.10751495775818376,0.11052049121872576,0.08055105477339741,0.08873957580403377,0.08727490485029606,0.1028143373572657,0.1030189257557125,0.09048213872506619,0.09644070618686021
kite,0.08456559917653798,0.0951216465190076,0.10389021462612771,0.11071935997589849,0.08873957580403376,0.08065660734866115,0.08393553211640968,0.10042508670351337,0.09978649143052264,0.09471281080308744,0.10346651943155495
rightKite,0.08226404176841794,0.09370459314676184,0.10039919729475294,0.1079247172087874,0.08727490485029607,0.08393553211640968,0.0797127192704914,0.09766556474517486,0.09680169869264016,0.088782484328921,0.10043927119664377
rustedHinge,0.09374217122889442,0.08889515820240668,0.09462795032057836,0.09811660366780198,0.1028143373572657,0.10042508670351337,0.09766556474517485,0.08235805044226224,0.08320467912799005,0.09633610766021125,0.10153237734061227
hinge,0.09289771884526798,0.08539130161900925,0.0909009641184826,0.09607599641405663,0.1030189257557125,0.09978649143052264,0.09680169869264015,0.08320467912799005,0.08139638771361092,0.09493666680357127,0.10168057074882718
trapezoid,0.08813121613707237,0.09515505306963201,0.09709534223425471,0.09937436461997493,0.09048213872506619,0.09471281080308742,0.088782484328921,0.09633610766021124,0.09493666680357128,0.08128470989094959,0.09096403380788715
random,0.09850778558995482,0.10579083986901232,0.10582896754569619,0.1007605571629192,0.09644070618686021,0.10346651943155495,0.1004392711966438,0.10153237734061227,0.10168057074882718,0.09096403380788715,0.08404777807422345
