,square,rectangle,parallelogram,losange,isoTrapezoid,kite,rightKite,rustedHinge,hinge,trapezoid,random
square,377.3063316180792,422.2704590646206,454.4118501627003,480.74845868500233,410.4116603680868,404.91524707328693,398.2307777728822,434.30486663158297,428.8480841937655,420.18237562913515,452.29142383040477
rectangle,422.2704590646207,362.03496761764336,411.01324494932646,446.41355462201363,462.6513955406877,432.44497230170396,429.2870182688986,410.02817847332864,394.4218179194253,433.4267870173525,471.09049220728
parallelogram,454.4118501627003,411.01324494932646,393.8389057348795,426.7802925456645,476.4307546035326,464.012188023606,454.19050259183376,436.842174654413,422.33386574899885,437.6523426285669,469.5797475511081
losange,480.7484586850023,446.41355462201363,426.7802925456645,398.30784427119204,485.29988036827933,484.7393613306309,476.68468771914223,450.70294817917954,443.0606694751375,442.71818458954306,449.93643494533234
isoTrapezoid,410.4116603680868,462.6513955406877,476.4307546035326,485.29988036827945,370.38281459400247,413.2568727396523,408.3912382408171,462.5522262259229,461.8236992202944,420.86802050487836,440.72497751248045
kite,404.91524707328693,432.44497230170396,464.012188023606,484.739361330631,413.2568727396522,377.3171529407141,398.5550992244205,453.22265696744824,449.28540893431517,440.29727162535494,466.1480978724432
rightKite,398.2307777728822,429.2870182688986,454.19050259183376,476.68468771914223,408.39123824081713,398.5550992244204,378.8807671568581,446.26056595389537,441.0436808594021,420.39573857554007,458.23016749135655
rustedHinge,434.30486663158297,410.02817847332875,436.842174654413,450.70294817917954,462.5522262259229,453.22265696744824,446.26056595389537,380.0110410857576,385.8366906931675,440.1788304743061,456.2209901016029
hinge,428.8480841937654,394.4218179194253,422.3338657489989,443.0606694751375,461.8236992202944,449.2854089343151,441.0436808594021,385.83669069316744,373.4122986696957,433.27746762161735,455.61610021655906
trapezoid,420.18237562913515,433.4267870173525,437.6523426285669,442.71818458954306,420.86802050487836,440.29727162535505,420.3957385755402,440.1788304743061,433.27746762161735,383.265056089752,419.27783559973193
random,452.29142383040477,471.09049220728,469.5797475511081,449.93643494533234,440.72497751248045,466.1480978724432,458.23016749135667,456.2209901016028,455.61610021655906,419.27783559973193,385.948240926969
