,square,rectangle,parallelogram,losange,isoTrapezoid,kite,rightKite,rustedHinge,hinge,trapezoid,random
square,19508.534500463906,21591.199130447334,24437.25670978749,26339.786452333108,25039.017035984376,23834.189048655775,22989.252771582323,25535.261240374177,24885.935805310357,24861.365540484472,26582.367642338693
rectangle,21591.199130447334,19333.51562429826,23629.852728509995,26006.52779975048,25262.087360551614,24067.45232358563,23376.838819930224,24966.164332021574,24034.888531417128,24900.551007208836,26592.810304561528
parallelogram,24437.25670978749,23629.852728509995,19865.3525811639,22369.836617262798,25993.241078238407,24477.327040893702,23839.505432172555,25061.941365918232,24446.262006438712,23925.119915232368,25633.103232276273
losange,26339.786452333108,26006.52779975048,22369.836617262798,20661.64127591479,27756.578363444933,26358.062754455208,25579.306229844016,26805.94216915259,26467.971149505604,25083.476520339264,26189.727187875807
isoTrapezoid,25039.01703598438,25262.087360551614,25993.241078238407,27756.578363444933,19740.997733585755,22916.99362806597,22542.74553295436,24692.697919291437,24377.856386342184,23537.612158453067,24666.72017934875
kite,23834.189048655775,24067.45232358563,24477.327040893702,26358.062754455208,22916.99362806597,19077.133921278346,20178.546904506948,23759.57661687895,23296.11320802615,23559.439287201887,24460.19504460381
rightKite,22989.252771582323,23376.838819930224,23839.50543217255,25579.306229844016,22542.74553295436,20178.546904506944,18302.79227730848,23261.550754501644,22898.829050222284,22740.95710942567,23905.112082345175
rustedHinge,25535.26124037418,24966.164332021574,25061.941365918232,26805.942169152586,24692.697919291437,23759.57661687895,23261.550754501644,20190.98634806559,21301.388924027666,24571.478217539672,24727.943272576867
hinge,24885.93580531036,24034.888531417128,24446.262006438712,26467.9711495056,24377.856386342184,23296.11320802615,22898.829050222288,21301.388924027666,20271.443000144223,24091.20235056225,24459.425481323422
trapezoid,24861.365540484472,24900.551007208836,23925.119915232368,25083.476520339264,23537.61215845307,23559.43928720188,22740.957109425675,24571.478217539672,24091.202350562246,20608.68224284373,23234.7138799904
random,26582.367642338693,26592.810304561528,25633.103232276277,26189.727187875807,24666.72017934875,24460.19504460381,23905.112082345175,24727.943272576867,24459.425481323422,23234.71387999039,20756.39378407806
