,square,rectangle,parallelogram,losange,isoTrapezoid,kite,rightKite,rustedHinge,hinge,trapezoid,random
square,2235.53847589949,2463.1128227750405,2952.089281852383,3145.743672199098,2770.2693040874524,2908.022714986166,2800.301822618916,2978.378707046356,2900.1359574508474,2852.708397073889,3137.1840339079245
rectangle,2463.1128227750405,2210.3220621318374,2786.0913108064588,3027.5099465986073,2936.2091744728114,2983.4534256614697,2896.3493500308946,2918.865908012072,2803.5436391469593,2898.9439832892544,3204.8529619232177
parallelogram,2952.089281852383,2786.091310806459,2488.9856948021306,2773.335398896319,3154.74633626867,3249.1889828445373,3156.2314533538447,3121.5571364883863,3024.623566172763,2924.8753614084058,3212.0495512664747
losange,3145.743672199098,3027.5099465986073,2773.335398896319,2552.0709428028795,3280.895621328698,3404.0094405642126,3317.6007753896647,3246.019779981094,3181.5044645943244,2997.7536993676563,3166.141905589957
isoTrapezoid,2770.2693040874524,2936.2091744728114,3154.74633626867,3280.895621328698,2401.7275229844345,2848.517024211068,2765.289133209625,3082.758759220354,3055.622055273742,2754.783003995069,2993.8379695305052
kite,2908.022714986166,2983.4534256614697,3249.1889828445383,3404.0094405642135,2848.517024211068,2469.477891540119,2634.6758237684976,3100.96430449126,3049.945674073995,3022.36419046328,3155.2481615735373
rightKite,2800.3018226189165,2896.3493500308946,3156.2314533538447,3317.6007753896647,2765.289133209625,2634.6758237684976,2409.6887704370283,3013.6817746243314,2967.968460938045,2845.263729036408,3049.965211831953
rustedHinge,2978.378707046356,2918.865908012072,3121.5571364883863,3246.019779981094,3082.758759220354,3100.9643044912596,3013.681774624332,2462.914815004802,2553.5659437337854,3017.0805004931917,3062.250426210825
hinge,2900.1359574508474,2803.54363914696,3024.623566172763,3181.5044645943244,3055.622055273742,3049.945674073995,2967.968460938045,2553.5659437337854,2439.800830576689,2955.1254164212733,3016.508509877346
trapezoid,2852.708397073889,2898.9439832892544,2924.8753614084058,2997.7536993676563,2754.783003995069,3022.36419046328,2845.2637290364087,3017.0805004931917,2955.1254164212733,2426.087635542264,2777.707093570043
random,3137.1840339079245,3204.8529619232177,3212.0495512664747,3166.141905589957,2993.8379695305052,3155.2481615735373,3049.965211831953,3062.250426210825,3016.508509877346,2777.707093570043,2494.3389335260495
