,square,rectangle,parallelogram,losange,isoTrapezoid,kite,rightKite,rustedHinge,hinge,trapezoid,random
square,955.2814043181568,1073.3881691163976,1229.4069977132042,1339.8619786606466,1103.364079290991,1123.3651366590798,1092.2399193631834,1185.87002067701,1157.380692867754,1134.7637950732085,1255.9749729941393
rectangle,1073.3881691163976,941.078241797864,1126.1503860011062,1262.0994689339589,1225.9040380254112,1189.6445533745728,1169.101755486507,1157.2452206219662,1103.2032352006077,1174.8773748627623,1319.4989071522
parallelogram,1229.4069977132042,1126.1503860011062,1027.6866949399348,1155.1374026306128,1315.1406277021924,1326.5394506280122,1274.450765001462,1246.4425595653809,1191.6570391630494,1181.2615817890362,1308.8037386465314
losange,1339.8619786606469,1262.099468933959,1155.1374026306128,1064.125747792233,1381.3400063138718,1418.0670781135686,1365.9504676499623,1312.4639865124166,1277.4601146588623,1221.287743880329,1277.8688335212516
isoTrapezoid,1103.364079290991,1225.9040380254112,1315.1406277021924,1381.3400063138718,981.9631899999841,1128.238894688793,1101.4017082224545,1275.1334761303553,1264.1814412726724,1133.6590285584239,1214.5256360877945
kite,1123.3651366590798,1189.6445533745728,1326.5394506280122,1418.0670781135689,1128.238894688793,1005.2712610601785,1071.0982645315983,1281.7833256893693,1264.1620189942403,1240.7015166379044,1327.5450235281594
rightKite,1092.2399193631834,1169.101755486507,1274.450765001462,1365.9504676499623,1101.4017082224545,1071.0982645315983,987.9253550684421,1248.9741757391146,1229.5892780733047,1149.7049748609293,1265.6174007131897
rustedHinge,1185.87002067701,1157.2452206219662,1246.4425595653809,1312.4639865124166,1275.1334761303553,1281.7833256893693,1248.9741757391146,1003.1191803648993,1033.0957395613261,1231.3271629456858,1275.0034924777526
hinge,1157.3806928677543,1103.2032352006077,1191.6570391630494,1277.4601146588623,1264.1814412726721,1264.1620189942403,1229.5892780733047,1033.0957395613261,990.9389544023315,1200.4069312305455,1260.094155873212
trapezoid,1134.7637950732085,1174.8773748627623,1181.261581789036,1221.2877438803287,1133.659028558424,1240.7015166379044,1149.7049748609293,1231.3271629456858,1200.4069312305455,998.8572227762011,1129.7544440473368
random,1255.9749729941393,1319.4989071522,1308.8037386465317,1277.8688335212516,1214.5256360877945,1327.5450235281594,1265.61740071319,1275.0034924777526,1260.094155873212,1129.754444047337,1032.201858324948
