,square,rectangle,parallelogram,losange,isoTrapezoid,kite,rightKite,rustedHinge,hinge,trapezoid,random
square,1842.936113889045,2037.1140133134352,2417.856615464411,2591.831149992543,2242.459966609993,2336.094268016005,2246.792211046979,2384.7911326814165,2325.8117299055266,2308.7511778798043,2549.1670405438977
rectangle,2037.1140133134347,1821.3557718189109,2268.7092557659535,2481.453754163579,2404.2984180889093,2415.257005200408,2342.6252327305697,2342.9681121502526,2249.0983037484957,2354.7256721562017,2624.3730984657805
parallelogram,2417.856615464411,2268.7092557659535,2027.1967686049038,2263.149331851529,2573.906367049435,2644.0511895891796,2553.05192891041,2505.5670410798334,2422.938318897714,2367.3545898257953,2613.422757934275
losange,2591.831149992543,2481.4537541635796,2263.1493318515295,2084.2991661635333,2682.6503099121087,2780.0503844962595,2694.502492519892,2611.8753487433805,2558.175386960623,2429.9054557098425,2571.4635104419976
isoTrapezoid,2242.4599666099925,2404.2984180889093,2573.9063670494356,2682.6503099121087,1963.3735095511113,2301.3494095695232,2228.4127782174096,2497.738766287957,2479.4911784937995,2246.8846865180553,2437.933642455581
kite,2336.0942680160047,2415.257005200408,2644.0511895891796,2780.0503844962595,2301.3494095695232,2006.8571254978233,2136.5821589581105,2513.7526801238237,2479.5508136263347,2468.9624142843218,2593.6133112283806
rightKite,2246.792211046979,2342.6252327305697,2553.05192891041,2694.502492519892,2228.4127782174096,2136.5821589581105,1953.062353061612,2434.814490282694,2401.5697743791934,2305.029938502828,2489.8560513880366
rustedHinge,2384.7911326814165,2342.9681121502526,2505.567041079834,2611.8753487433805,2497.738766287957,2513.7526801238237,2434.814490282694,1979.4271729674865,2051.5420475117544,2434.1752118812833,2487.2466913087264
hinge,2325.8117299055266,2249.0983037484957,2422.938318897714,2558.1753869606227,2479.4911784938,2479.5508136263343,2401.569774379194,2051.542047511754,1965.936808099327,2384.303168743491,2454.9301509161724
trapezoid,2308.7511778798043,2354.7256721562017,2367.3545898257953,2429.905455709842,2246.8846865180553,2468.9624142843213,2305.029938502828,2434.1752118812833,2384.303168743491,1976.731512372348,2262.302641947852
random,2549.167040543898,2624.373098465781,2613.4227579342746,2571.4635104419976,2437.933642455581,2593.613311228381,2489.8560513880366,2487.2466913087264,2454.930150916172,2262.302641947852,2041.4116914157057
