,square,rectangle,parallelogram,losange,isoTrapezoid,kite,rightKite,rustedHinge,hinge,trapezoid,random
square,13334.903733542407,14920.174512929341,17382.4353843683,18764.86689248692,17809.1617146566,17135.499502989038,16521.78027565845,18264.161322293498,17856.484845966308,17790.450958811023,19088.965170607004
rectangle,14920.174512929341,13265.500954517134,16888.754873412185,18591.55034868691,18051.27425709577,17388.43995304162,16869.777114658635,17925.30395731327,17315.209689972282,17866.518403894745,19113.29107064161
parallelogram,17382.4353843683,16888.754873412185,14559.39856379274,16374.72366376254,18890.029093579702,17942.31451209525,17607.062572156516,18353.612925142617,17955.165558981313,17509.696239409663,18727.285322319734
losange,18764.86689248692,18591.550348686913,16374.72366376254,15114.729500452298,19935.63931196407,19079.092830751448,18745.674938561882,19433.595974541826,19227.39464283554,18202.66095301322,18968.345596511143
isoTrapezoid,17809.1617146566,18051.27425709577,18890.029093579706,19935.639311964074,14234.750412810956,16805.730238296084,16368.304165315507,17854.903791807028,17761.725695004807,16974.883722029816,17827.809846346503
kite,17135.499502989038,17388.439953041623,17942.314512095254,19079.092830751448,16805.73023829608,14057.775284642172,14863.894551122037,17424.419505165857,17122.057440455912,17248.812944840443,17846.42277373799
rightKite,16521.78027565845,16869.777114658635,17607.062572156516,18745.674938561882,16368.304165315507,14863.894551122037,13539.23735682441,16992.343694396943,16758.077473807774,16638.636575916953,17462.36052061279
rustedHinge,18264.161322293498,17925.30395731327,18353.612925142614,19433.595974541826,17854.903791807028,17424.419505165853,16992.343694396943,14708.200038708113,15553.112049211762,17874.29500006941,17979.48106300294
hinge,17856.484845966308,17315.209689972286,17955.165558981313,19227.39464283554,17761.725695004807,17122.057440455912,16758.077473807774,15553.112049211759,14861.199288786309,17585.88396829218,17807.235857553882
trapezoid,17790.450958811023,17866.51840389475,17509.696239409663,18202.66095301322,16974.883722029812,17248.812944840443,16638.636575916953,17874.295000069407,17585.88396829218,14910.461099956314,16865.412338891812
random,19088.965170607004,19113.29107064161,18727.285322319738,18968.345596511143,17827.809846346503,17846.42277373799,17462.36052061279,17979.48106300294,17807.235857553882,16865.412338891812,15030.689419551545
