,square,rectangle,parallelogram,losange,isoTrapezoid,kite,rightKite,rustedHinge,hinge,trapezoid,random
square,6920.274539366867,7845.862213372422,9229.746294483806,9790.051145221616,9356.513885082291,9338.281475448228,9017.121508863027,9815.9161026642,9697.279049903436,9478.172214360282,10231.664016036202
rectangle,7845.862213372422,6916.166448626715,8887.918483578056,9617.827489006617,9528.986853160157,9474.629303649821,9219.810073650699,9553.218813544814,9338.71610111435,9499.411371395043,10213.02634234146
parallelogram,9229.746294483804,8887.918483578056,7618.4651399179875,8521.436093681974,10168.78425773682,9913.970756032157,9802.084079377495,9979.964033390035,9831.769481079778,9438.12708154797,10123.498435618952
losange,9790.051145221616,9617.827489006619,8521.436093681974,7810.636759703073,10563.557962876512,10372.014643976194,10280.974993686918,10398.676455082381,10348.938158834726,9660.081062097424,10077.316928280647
isoTrapezoid,9356.513885082291,9528.986853160157,10168.784257736821,10563.557962876512,7567.312224858044,9198.09118524167,8948.675044105184,9689.967232274628,9730.86129969505,8999.66934182017,9621.640738145685
kite,9338.281475448228,9474.629303649821,9913.970756032155,10372.014643976194,9198.091185241668,7653.958883286312,8197.749497664348,9555.451081369829,9467.347681176738,9422.454505248303,9728.223377679677
rightKite,9017.121508863027,9219.810073650699,9802.084079377493,10280.974993686918,8948.675044105184,8197.749497664348,7478.588101353058,9318.44996865362,9282.807248612598,9087.85965299548,9563.716296831175
rustedHinge,9815.9161026642,9553.218813544814,9979.964033390035,10398.676455082381,9689.967232274628,9555.451081369829,9318.44996865362,7729.433636234938,8200.779239951238,9602.17109453402,9620.360503288675
hinge,9697.279049903436,9338.716101114349,9831.769481079778,10348.938158834728,9730.86129969505,9467.347681176736,9282.807248612598,8200.779239951238,7911.857588186417,9539.628269018876,9609.233268799973
trapezoid,9478.172214360282,9499.411371395043,9438.12708154797,9660.081062097423,8999.66934182017,9422.454505248303,9087.85965299548,9602.17109453402,9539.628269018876,7853.499393654359,8937.772663194997
random,10231.664016036202,10213.02634234146,10123.498435618954,10077.316928280647,9621.640738145685,9728.223377679677,9563.716296831175,9620.360503288675,9609.233268799973,8937.772663194997,7882.223710110622
