,square,rectangle,parallelogram,losange,isoTrapezoid,kite,rightKite,rustedHinge,hinge,trapezoid,random
square,829.583841471939,931.019128762049,969.2228186885,1014.5891297310952,896.2306028592129,864.7428900089965,861.3453102962342,934.2555692018408,936.3351534254533,909.9642688635442,960.8753581928527
rectangle,931.019128762049,853.4996298705308,916.9787846403425,964.4039236548897,990.5040807449838,930.4129876230613,934.049153583793,910.0124306831143,896.6370122538891,954.3882217186635,1004.5786415934376
parallelogram,969.2228186885,916.9787846403425,879.5169534679225,937.854955336784,1009.5563461553143,969.573599655156,960.9049053509024,938.852816881799,927.4305868823384,966.8406548914397,1009.9490032884472
losange,1014.5891297310952,964.4039236548897,937.854955336784,884.1204234149654,1026.9563816120562,1005.5432675762557,1002.3084226106689,954.0269859957901,952.8054977251403,980.7744971518006,983.8414570250882
isoTrapezoid,896.2306028592129,990.5040807449838,1009.5563461553143,1026.9563816120562,851.8806456839371,897.7609513777202,893.795967793211,981.3433253852281,989.7071713077008,928.5342465373905,956.8629014233999
kite,864.7428900089967,930.4129876230613,969.573599655156,1005.5432675762557,897.76095137772,824.5414151614654,856.9757634842773,945.9283784092663,948.3246727541487,927.816142706143,968.0898242073187
rightKite,861.3453102962342,934.049153583793,960.9049053509024,1002.3084226106689,893.7959677932109,856.9757634842774,827.7781366363699,942.1901888325746,944.3122111786143,906.7733160148822,965.5768879181783
rustedHinge,934.2555692018408,910.0124306831143,938.852816881799,954.0269859957901,981.3433253852282,945.9283784092663,942.1901888325746,852.4400939278906,873.2054567243898,951.0942471764549,975.6134083141153
hinge,936.3351534254533,896.6370122538891,927.4305868823384,952.8054977251403,989.7071713077008,948.3246727541487,944.3122111786143,873.20545672439,858.2758045171145,952.0911789619329,983.6029741871803
trapezoid,909.9642688635442,954.3882217186635,966.8406548914397,980.7744971518006,928.5342465373905,927.816142706143,906.7733160148823,951.0942471764549,952.0911789619329,869.8116634800178,934.9376774394959
random,960.8753581928527,1004.5786415934376,1009.9490032884472,983.841457025088,956.8629014233999,968.0898242073187,965.576887918178,975.6134083141153,983.6029741871803,934.937677439496,882.6725039083793
