,square,rectangle,parallelogram,losange,isoTrapezoid,kite,rightKite,rustedHinge,hinge,trapezoid,random
square,382.97850018059347,434.0631488132767,478.1707444816465,513.5842588944984,422.97026653431107,418.33656451748845,409.74271399514396,450.8417341668718,444.06590274118827,436.3893640533921,474.020974167675
rectangle,434.0631488132768,372.7891009551502,431.5274049911318,476.98276948254613,480.48158112271057,448.46916866561156,444.3094394144607,430.3332876061551,412.55230231703524,453.4073245851535,498.55880922903407
parallelogram,478.1707444816465,431.5274049911318,405.5249527528635,446.6778997486724,504.8486633395376,493.105683522994,478.2169172500656,462.5685464030859,444.60396974212154,456.8060981513509,494.633888786237
losange,513.5842588944984,476.98276948254613,446.6778997486724,414.45172580468045,521.3648825562333,521.310278225178,508.47675545108655,481.6453729726986,472.29892523148146,467.1048555298361,477.1128749261967
isoTrapezoid,422.97026653431107,480.48158112271057,504.8486633395376,521.3648825562333,380.4182133300152,428.30745876179924,420.79993186624455,484.66919162563295,482.5404536728436,438.5773764706097,461.8717485295426
kite,418.33656451748845,448.46916866561156,493.105683522994,521.310278225178,428.30745876179924,385.20142536761904,409.42280999862436,475.5288953558688,471.4198956909161,464.7292466402333,495.4636888842973
rightKite,409.74271399514396,444.3094394144607,478.2169172500656,508.47675545108655,420.79993186624455,409.4228099986243,384.2546313690675,468.3353800713999,461.97048837099993,437.0320796575764,481.08965568596864
rustedHinge,450.8417341668717,430.3332876061551,462.5685464030859,481.6453729726986,484.66919162563306,475.5288953558688,468.3353800713999,388.0082943212346,397.1070962826136,463.25881867716987,480.7961785833362
hinge,444.06590274118815,412.55230231703524,444.60396974212154,472.29892523148146,482.54045367284357,471.4198956909163,461.97048837099993,397.10709628261367,383.66960908465524,454.5468111631236,479.6600415099171
trapezoid,436.3893640533921,453.4073245851535,456.8060981513509,467.1048555298361,438.5773764706097,464.7292466402333,437.0320796575762,463.25881867716987,454.5468111631237,393.5421504439649,433.4179098298643
random,474.020974167675,498.55880922903407,494.6338887862371,477.1128749261967,461.8717485295427,495.4636888842972,481.08965568596864,480.7961785833362,479.6600415099171,433.4179098298643,399.45253629902544
