,square,rectangle,parallelogram,losange,isoTrapezoid,kite,rightKite,rustedHinge,hinge,trapezoid,random
square,589.0470391644773,657.2039589801163,698.8793142807136,735.0451435333404,635.2089952411201,621.6092755039755,614.591965889213,668.1101504421891,666.7341784456825,648.2095209611474,693.0720805616555
rectangle,657.2039589801162,577.7207443616355,638.7968374488024,686.1662563196724,714.2779324043671,663.1456528523527,662.5533191906115,636.6184033194494,621.474652691352,671.4940460429821,724.2499426926064
parallelogram,698.8793142807136,638.7968374488023,616.6500110036943,661.5202463733152,733.5821672069775,704.0217517984659,694.6106527380666,668.0242626604106,654.1207988461214,679.1156252955979,722.6303145932661
losange,735.0451435333404,686.1662563196724,661.5202463733152,621.1332166730048,744.1776128679688,732.057218834112,725.1088285914092,684.7830177809562,679.290128599495,687.6671021930296,695.4703210077373
isoTrapezoid,635.2089952411201,714.2779324043671,733.5821672069776,744.1776128679688,582.6201368408776,636.1206341388901,630.842754530742,708.1342686774274,713.3599729362304,652.485763031822,677.7428607552444
kite,621.6092755039756,663.1456528523527,704.0217517984659,732.0572188341117,636.1206341388901,581.3494614435282,610.7188040630123,687.6570993824985,687.0250603978566,669.1806191585523,704.6875553758516
rightKite,614.591965889213,662.5533191906118,694.6106527380666,725.1088285914093,630.842754530742,610.7188040630123,586.3230339695039,680.1945147175437,678.9965198286076,645.9013093364894,697.6216345446446
rustedHinge,668.1101504421891,636.6184033194494,668.0242626604106,684.7830177809562,708.1342686774273,687.6570993824986,680.1945147175436,590.6301134805683,604.7033745927835,674.8092668686146,698.6745306286751
hinge,666.7341784456825,621.474652691352,654.1207988461214,679.290128599495,713.3599729362304,687.0250603978567,678.9965198286076,604.7033745927833,592.5069081635919,671.326268282102,702.6923991897886
trapezoid,648.2095209611474,671.4940460429821,679.1156252955979,687.6671021930295,652.4857630318221,669.1806191585523,645.9013093364895,674.8092668686146,671.326268282102,603.0755790941676,651.94896628325
random,693.0720805616555,724.2499426926064,722.630314593266,695.4703210077373,677.7428607552444,704.6875553758517,697.6216345446447,698.6745306286751,702.6923991897886,651.94896628325,607.3892171679621
