,square,rectangle,parallelogram,losange,isoTrapezoid,kite,rightKite,rustedHinge,hinge,trapezoid,random
square,354.35112926234297,396.69568898270757,427.6707144551794,453.8538701932345,386.2680945828536,381.12759044452264,374.74808815400763,409.0576237114688,403.1530648760484,395.8885706058835,426.22805894530603
rectangle,396.69568898270757,340.26608372890945,387.2309346254489,421.83546530118207,434.83336793640353,406.64102165067794,403.7288346488674,386.9964756119752,371.498041594827,408.35319056646216,443.5501821071143
parallelogram,427.6707144551794,387.2309346254489,370.0931254533084,402.6813790069341,448.40861026393566,437.0896955473168,427.59982518638327,412.3123623637742,397.84697775038757,411.9863519837318,441.8605544352233
losange,453.8538701932345,421.83546530118207,402.6813790069341,375.5426282324352,457.9788855402082,457.4441551296989,449.92898462386785,425.8377164659981,418.1771849001958,418.0798061433486,424.318930524855
isoTrapezoid,386.2680945828537,434.8333679364036,448.40861026393566,457.97888554020807,348.6767864270913,388.90869282322467,384.31612784181436,435.7006000041213,434.240028878154,396.8480400657247,415.81851935304906
kite,381.12759044452264,406.64102165067794,437.0896955473168,457.4441551296989,388.90869282322467,354.09959087879787,374.68411971445727,427.0172427530966,422.7432768084754,415.4843069768421,439.6874840526172
rightKite,374.74808815400763,403.7288346488674,427.5998251863832,449.92898462386785,384.31612784181436,374.68411971445727,355.7689468615431,420.7635481347608,415.141033180023,396.3535501553779,431.96669713582594
rustedHinge,409.0576237114688,386.9964756119752,412.3123623637742,425.83771646599797,435.7006000041213,427.01724275309647,420.7635481347609,358.06619274274044,363.22211244313814,415.42653288251495,429.52754734695793
hinge,403.1530648760484,371.49804159482704,397.84697775038757,418.1771849001958,434.240028878154,422.7432768084754,415.141033180023,363.22211244313814,350.8490735457825,408.2595450643525,428.5811194102475
trapezoid,395.8885706058835,408.35319056646216,411.9863519837318,418.0798061433486,396.8480400657247,415.4843069768421,396.3535501553779,415.42653288251495,408.2595450643526,360.8715834927786,394.89720883656537
random,426.228058945306,443.5501821071143,441.8605544352232,424.3189305248549,415.81851935304906,439.68748405261726,431.96669713582605,429.52754734695793,428.5811194102475,394.89720883656537,363.4709003786264
