,square,rectangle,parallelogram,losange,isoTrapezoid,kite,rightKite,rustedHinge,hinge,trapezoid,random
square,4786.852048887013,5363.407601073941,6390.396963325043,6752.0910538872995,6393.751641763673,6567.543253654287,6368.908986991969,6819.646295441221,6733.557371196578,6517.774490288892,7087.678839292806
rectangle,5363.407601073942,4759.766228957708,6105.600380130685,6581.4532812536845,6553.575197807904,6659.761163490795,6500.953244495921,6629.806941696,6482.854004998201,6542.282187760391,7106.887102665742
parallelogram,6390.3969633250435,6105.600380130685,5317.252223749688,5929.981098263597,7060.575506445298,7041.646330091275,6960.608044155293,6991.051392039126,6870.818408871335,6545.814554041723,7085.752045993867
losange,6752.0910538872995,6581.453281253685,5929.981098263598,5459.086437030549,7322.692579426092,7321.538204667693,7260.405644510343,7253.092097564514,7201.248945694707,6686.701946865598,7024.071049627638
isoTrapezoid,6393.751641763673,6553.575197807904,7060.5755064453,7322.692579426092,5236.662246203107,6446.249161112468,6264.350251596656,6820.7871153187125,6846.653223262946,6194.442027364044,6700.8588683918815
kite,6567.543253654288,6659.761163490795,7041.646330091275,7321.538204667693,6446.249161112469,5399.889882120357,5798.516819317631,6797.57099599288,6729.2011732722385,6612.107551041492,6846.074877308825
rightKite,6368.90898699197,6500.953244495921,6960.608044155294,7260.405644510342,6264.350251596656,5798.516819317631,5289.840884868281,6622.292462129361,6591.489549029237,6353.196707256594,6726.227903026515
rustedHinge,6819.646295441221,6629.806941696,6991.051392039126,7253.092097564514,6820.7871153187125,6797.570995992882,6622.29246212936,5419.335979949299,5735.588930589397,6718.573577942585,6776.924039099069
hinge,6733.557371196578,6482.8540049982,6870.818408871334,7201.248945694707,6846.653223262947,6729.2011732722385,6591.489549029237,5735.588930589397,5532.366838999563,6668.194374044314,6755.12457711232
trapezoid,6517.774490288892,6542.282187760392,6545.814554041723,6686.701946865598,6194.442027364044,6612.107551041492,6353.196707256594,6718.573577942585,6668.194374044314,5397.403342733723,6171.0939513373905
random,7087.678839292806,7106.887102665742,7085.752045993869,7024.071049627638,6700.8588683918815,6846.074877308825,6726.227903026514,6776.924039099069,6755.12457711232,6171.0939513373905,5487.881850867986
