,square,rectangle,parallelogram,losange,isoTrapezoid,kite,rightKite,rustedHinge,hinge,trapezoid,random
square,484.14495396855455,552.7646618417015,618.1888660203963,668.777206249133,540.8170704018012,534.9105068459348,522.6654299742186,578.587595564326,568.5527991669236,559.4858082699125,609.961943905104
rectangle,552.7646618417015,474.3046585264304,556.4583320164829,621.4477511463142,616.8374578386134,574.982602687087,568.8979799712091,556.4158182795435,531.1042508421867,584.3713440150954,647.2505474423765
parallelogram,618.1888660203963,556.4583320164829,514.6526670019205,573.4055717897669,655.9480807856494,641.4076342169967,618.0510582909534,602.9370995270797,576.085692039121,587.8626622183411,641.5011593296724
losange,668.777206249133,621.4477511463142,573.405571789767,528.0897691111054,681.8924601729697,682.8653315279219,661.6830709992036,632.4043870502736,616.7582673560851,602.8321299677066,619.7215384028251
isoTrapezoid,540.8170704018013,616.8374578386134,655.9480807856494,681.8924601729698,483.6263448302075,546.7604297768609,535.8388536440285,625.8868185675947,621.3628457609432,562.192616952186,591.7597664247141
kite,534.9105068459348,574.982602687087,641.4076342169966,682.865331527922,546.7604297768607,487.83293917873647,519.4390429717632,615.6366170770714,608.7401725616343,599.9631056210399,641.493560972464
rightKite,522.6654299742186,568.8979799712091,618.0510582909534,661.6830709992036,535.8388536440285,519.4390429717632,483.37842095210266,605.1424057317084,595.7542536669881,558.8746419470367,617.2325906893872
rustedHinge,578.5875955643259,556.4158182795435,602.9370995270797,632.4043870502736,625.8868185675947,615.6366170770714,605.1424057317084,491.63935216229305,504.77357576150536,600.089626396772,623.5886275166558
hinge,568.5527991669236,531.1042508421867,576.085692039121,616.758267356085,621.3628457609432,608.7401725616343,595.7542536669881,504.77357576150536,486.4172836208241,586.4776768792611,619.2648003505851
trapezoid,559.4858082699125,584.3713440150954,587.8626622183411,602.8321299677067,562.192616952186,599.9631056210399,558.8746419470367,600.089626396772,586.4776768792611,500.3766888704964,553.0092985255998
random,609.961943905104,647.2505474423766,641.5011593296724,619.721538402825,591.7597664247141,641.493560972464,617.2325906893872,623.5886275166558,619.2648003505851,553.0092985255998,508.4873851004641
