,square,rectangle,parallelogram,losange,isoTrapezoid,kite,rightKite,rustedHinge,hinge,trapezoid,random
square,441.52107608931107,503.7907111927894,558.7127802730132,602.3436666763056,490.7423654536827,485.0217036392463,474.45655722013475,525.7378440960459,517.4339603961032,506.81390587585446,551.079518019567
rectangle,503.7907111927894,433.90484445456315,504.0026401122416,559.420282649614,559.5225997645089,521.4390848907328,516.507244179259,505.2257061083203,483.40123341785113,529.2031204210069,583.9771772328376
parallelogram,558.7127802730132,504.0026401122416,467.32089452763836,517.9587019381586,591.6593252607606,577.5074969968313,557.6740179063773,544.3452717427442,521.5271936539378,531.5840782411625,578.5781650646663
losange,602.3436666763055,559.4202826496139,517.9587019381586,477.80742761201316,613.5801391135553,612.7381941571244,595.2232947481293,568.25163363787,555.6040522741254,544.4251253368311,559.1502456292299
isoTrapezoid,490.7423654536827,559.5225997645089,591.6593252607606,613.5801391135554,440.096821066407,496.04291485783335,486.4554579108826,567.2547472404046,564.0354251006366,509.5235954531487,536.1775572934843
kite,485.0217036392463,521.4390848907328,577.5074969968313,612.7381941571244,496.04291485783335,443.4313123758865,471.75510151164707,556.4483581900348,551.1125172117872,541.6847580090831,578.4648747039904
rightKite,474.45655722013475,516.5072441792591,557.6740179063772,595.2232947481292,486.4554579108826,471.75510151164707,439.9059550082055,548.1475066070083,540.4016691827444,505.8832532529389,558.1340741655208
rustedHinge,525.7378440960459,505.2257061083202,544.3452717427442,568.2516336378701,567.2547472404046,556.4483581900348,548.1475066070084,449.6104357421023,461.5089641207334,543.4749192049834,563.9470859886811
hinge,517.4339603961031,483.40123341785113,521.5271936539378,555.6040522741254,564.0354251006366,551.1125172117872,540.4016691827444,461.5089641207334,445.5167829886483,532.1754159239115,561.2413454717387
trapezoid,506.8139058758546,529.203120421007,531.5840782411623,544.4251253368311,509.52359545314863,541.6847580090831,505.8832532529389,543.4749192049834,532.1754159239116,454.44130975648835,501.6850083964456
random,551.079518019567,583.9771772328376,578.5781650646663,559.1502456292299,536.1775572934843,578.4648747039904,558.1340741655208,563.9470859886811,561.2413454717387,501.68500839644537,462.66392689185295
