,square,rectangle,parallelogram,losange,isoTrapezoid,kite,rightKite,rustedHinge,hinge,trapezoid,random
square,364.7492640994836,411.8854463634071,452.43536051371655,484.83826082792757,401.55833625349095,397.12179816095335,389.3174819599477,426.5477024592757,420.3006705707656,414.100811132928,448.6760730206122
rectangle,411.8854463634071,353.56873549108684,408.8377867039583,450.5024808288689,455.06823542439736,424.6381808537349,421.00581369036746,406.4213622425644,389.9390157828048,429.1956904299915,470.92510014155044
parallelogram,452.43536051371655,408.83778670395833,386.0042180402942,423.8652180761534,476.6954802551217,465.26597802413187,452.1187983417117,436.67179116016234,420.4020055658839,432.8455200507247,467.49495312950233
losange,484.8382608279275,450.5024808288689,423.8652180761534,393.77670672963484,491.52078633849385,490.7622066893193,479.8139788622587,453.97664127382325,445.61718512331265,442.1494336359096,450.89887649522683
isoTrapezoid,401.558336253491,455.06823542439724,476.6954802551217,491.52078633849385,361.4858258700887,405.9505716829348,399.33668916279817,457.47624625469524,455.7739477164427,416.1052338652588,437.6140679804081
kite,397.1217981609533,424.63818085373487,465.26597802413175,490.7622066893193,405.9505716829348,366.12975986858737,388.89369204911605,448.4849454011214,444.7073872505261,439.521553739641,467.6087196022238
rightKite,389.3174819599477,421.00581369036735,452.1187983417117,479.8139788622587,399.3366891627981,388.893692049116,365.8787304069039,442.06515958825366,436.25367338532436,414.61975637948717,455.0793981727419
rustedHinge,426.5477024592757,406.4213622425644,436.6717911601623,453.97664127382325,457.47624625469524,448.4849454011214,442.06515958825366,368.41436133197226,376.4702994195311,437.0937839091839,453.40754061775215
hinge,420.3006705707656,389.9390157828048,420.402005565884,445.6171851233126,455.7739477164426,444.70738725052615,436.25367338532425,376.4702994195311,363.79673543330404,429.389786088256,452.7220521748569
trapezoid,414.100811132928,429.1956904299915,432.8455200507247,442.1494336359096,416.1052338652588,439.521553739641,414.61975637948706,437.0937839091839,429.3897860882559,374.24465179686314,411.20598527516944
random,448.67607302061225,470.9251001415504,467.49495312950233,450.89887649522694,437.6140679804081,467.6087196022238,455.0793981727418,453.4075406177522,452.7220521748569,411.20598527516944,379.3250470472958
