,square,rectangle,parallelogram,losange,isoTrapezoid,kite,rightKite,rustedHinge,hinge,trapezoid,random
square,1112.2152490362528,1245.6531270626726,1437.9084204193443,1558.0029068439658,1296.0779772916444,1323.0106753334856,1284.2753111520626,1393.714176612939,1360.0856916562311,1331.8565332316841,1472.5955142308328
rectangle,1245.6531270626726,1098.540388737178,1323.3180893115766,1472.2063116246222,1431.6039918702036,1393.3350210560864,1368.2582970810133,1362.2713632076343,1300.221943172685,1376.2669435484331,1541.8843915879959
parallelogram,1437.9084204193443,1323.3180893115768,1206.0677900895917,1351.3984487302107,1540.8335097573622,1554.7635923174876,1497.7132526975795,1463.8616247692585,1401.681352027006,1391.4716963602689,1537.2571973160989
losange,1558.0029068439655,1472.2063116246222,1351.3984487302107,1242.4491849368374,1611.1226897458182,1652.2728561600027,1595.8006466834438,1534.748923355139,1494.625722903978,1433.9195473041018,1501.4404717165378
isoTrapezoid,1296.0779772916444,1431.6039918702033,1540.8335097573624,1611.1226897458184,1153.6673155966646,1325.755040615036,1293.1576725105351,1491.4764138522642,1479.9806301912952,1328.5820544121384,1425.4061013398798
kite,1323.0106753334856,1393.3350210560864,1554.7635923174876,1652.2728561600027,1325.755040615036,1175.0963013731189,1250.8234859693298,1496.307044882941,1476.1272127630725,1450.02685805252,1545.6232448314029
rightKite,1284.2753111520626,1368.2582970810136,1497.7132526975793,1595.8006466834438,1293.1576725105351,1250.8234859693298,1152.126499984024,1456.1263036169844,1434.4921535422648,1347.0277879779517,1474.788280081888
rustedHinge,1393.714176612939,1362.2713632076343,1463.8616247692585,1534.748923355139,1491.4764138522642,1496.307044882941,1456.1263036169844,1173.553437308627,1211.2072019077107,1441.8822278317357,1487.0877698163845
hinge,1360.0856916562311,1300.2219431726853,1401.681352027006,1494.625722903978,1479.9806301912952,1476.1272127630727,1434.492153542265,1211.2072019077107,1161.3160738685306,1406.4860754623933,1468.2917059263125
trapezoid,1331.856533231684,1376.2669435484331,1391.4716963602689,1433.919547304102,1328.5820544121384,1450.02685805252,1347.027787977952,1441.8822278317357,1406.4860754623935,1170.8657626812496,1325.8488073748586
random,1472.5955142308328,1541.8843915879959,1537.2571973160989,1501.4404717165378,1425.4061013398798,1545.6232448314029,1474.788280081888,1487.0877698163845,1468.2917059263127,1325.8488073748586,1209.4958391431212
