,square,rectangle,parallelogram,losange,isoTrapezoid,kite,rightKite,rustedHinge,hinge,trapezoid,random
square,531.3959469688642,594.1016357840442,635.5105419723518,669.7071193639181,575.4531236057542,565.8179026236927,557.2999463387393,607.3877863313852,602.8953056269762,587.9737794465726,630.4832768367594
rectangle,594.1016357840442,514.403266868936,576.2847916249393,622.9779482538875,649.2144770196546,604.2399280086091,600.989615977254,575.1582281471508,557.2827590503886,607.7706383560482,658.7703520891961
parallelogram,635.5105419723518,576.2847916249393,554.8179639162452,597.3257914538495,666.9841705910552,644.5608401387051,633.1114063511343,608.0845660668188,591.3350414145169,613.8373626196839,655.9237366502616
losange,669.707119363918,622.9779482538876,597.3257914538495,559.427531136333,677.0028730397155,671.2067877504513,661.8081213051619,625.3429043371276,616.8815871982638,620.8210874667919,629.3198492917429
isoTrapezoid,575.4531236057543,649.2144770196546,666.9841705910552,677.0028730397155,522.6068709950889,577.8780274364103,571.6265234534801,645.9071401316544,647.5480449854966,590.1174481137845,615.0622104230771
kite,565.8179026236927,604.2399280086091,644.5608401387052,671.2067877504513,577.8780274364103,528.1171092054564,555.8237824702201,630.0212893333187,626.7461972803821,611.9706399550497,645.8682173562099
rightKite,557.2999463387393,600.9896159772541,633.1114063511343,661.8081213051619,571.6265234534801,555.8237824702201,530.8491165650704,620.9461931603369,616.6501936946086,586.7650273987779,636.4183779151762
rustedHinge,607.3877863313851,575.1582281471508,608.0845660668188,625.3429043371276,645.9071401316544,630.0212893333187,620.9461931603369,533.3283117740406,543.5036250934609,613.7450217979732,636.1605462531825
hinge,602.8953056269762,557.2827590503886,591.335041414517,616.8815871982638,647.5480449854966,626.7461972803821,616.6501936946087,543.5036250934609,529.3766038438705,607.1111548228257,637.1205332450165
trapezoid,587.9737794465726,607.7706383560482,613.8373626196839,620.8210874667919,590.1174481137846,611.9706399550497,586.7650273987779,613.7450217979733,607.1111548228257,541.2699216982444,587.8258039770178
random,630.4832768367593,658.7703520891961,655.9237366502615,629.3198492917429,615.0622104230771,645.8682173562098,636.4183779151762,636.1605462531824,637.1205332450165,587.8258039770178,543.9311672855644
