,square,rectangle,parallelogram,losange,isoTrapezoid,kite,rightKite,rustedHinge,hinge,trapezoid,random
square,823.6469028132402,930.8511170138735,1063.4831220685837,1160.5239970885773,942.6525473233672,956.2975362773432,931.4529496888232,1017.936408726077,995.1004182098467,973.8783281740108,1075.2955299577156
rectangle,930.8511170138735,811.7751076122829,968.2333356171101,1088.0922100047126,1057.4855805818008,1017.9710044781442,1003.6944312350613,989.9448136964583,943.320694486473,1010.9300024428494,1133.012444112531
parallelogram,1063.4831220685837,968.2333356171101,887.7011060117811,998.620364522479,1138.3369553402076,1141.0316506788433,1097.2424362833924,1070.8751179191408,1021.8107776604463,1019.2155688771996,1127.4159276038233
losange,1160.5239970885773,1088.0922100047126,998.620364522479,919.1003724793368,1196.6370214398598,1223.036624010418,1179.8654517420687,1129.8802471212355,1098.3448154517664,1053.6064138609613,1099.283759048271
isoTrapezoid,942.6525473233672,1057.4855805818008,1138.3369553402076,1196.6370214398598,841.598943597354,966.3408416725928,943.9493034167232,1101.068690213568,1091.5184563540133,976.9449964567956,1044.9878630248663
kite,956.2975362773434,1017.971004478144,1141.0316506788433,1223.036624010418,966.3408416725925,864.2314719284328,919.8720252432655,1104.6686154693314,1090.429307420169,1066.4998365947915,1145.7136116854017
rightKite,931.4529496888231,1003.6944312350611,1097.2424362833924,1179.8654517420687,943.9493034167232,919.8720252432657,850.3372621721107,1079.2858736809667,1063.2193656496113,989.1840121706334,1094.3529338713797
rustedHinge,1017.936408726077,989.9448136964583,1070.8751179191408,1129.8802471212355,1101.068690213568,1104.6686154693311,1079.2858736809667,863.1665731363004,888.8677667473434,1061.5417343881772,1100.987214595941
hinge,995.1004182098467,943.320694486473,1021.8107776604463,1098.3448154517664,1091.5184563540133,1090.4293074201692,1063.2193656496113,888.8677667473434,853.824614334357,1034.1744978365684,1088.4519404665177
trapezoid,973.8783281740109,1010.9300024428496,1019.2155688771996,1053.6064138609613,976.9449964567956,1066.4998365947915,989.1840121706334,1061.5417343881772,1034.1744978365687,861.4477549235227,970.9856251474502
random,1075.2955299577156,1133.012444112531,1127.4159276038233,1099.2837590482707,1044.9878630248663,1145.7136116854017,1094.35293387138,1100.987214595941,1088.451940466518,970.9856251474502,889.8607876759028
