,square,rectangle,parallelogram,losange,isoTrapezoid,kite,rightKite,rustedHinge,hinge,trapezoid,random
square,350.3336298716846,395.128909670505,433.44525775545867,464.8700148887608,384.80850044437267,380.0957763868902,373.1755345956466,409.0621770740313,402.99518082767935,397.9577343285411,430.79582050212167
rectangle,395.1289096705049,338.9954737706622,391.58680473281623,431.7314197369181,435.4494866586539,406.0324866616889,403.35108930280154,389.1231593039129,373.30174343611327,411.65553028391565,451.1717401747661
parallelogram,433.44525775545867,391.5868047328163,371.75071128112086,408.58978988997063,455.87988864172974,444.30941747426135,432.9263599836945,417.9796803465145,402.55846315591646,416.06158003229456,449.1369275919201
losange,464.87001488876064,431.7314197369181,408.58978988997063,380.09008666185497,470.19130972478007,469.2624915151427,460.047262491349,434.79186472016744,426.92633649489443,425.3889801045607,433.00573708139484
isoTrapezoid,384.80850044437267,435.4494866586539,455.87988864172974,470.19130972478007,346.17045993634616,387.84430465623603,382.3070497588428,437.65044139248585,436.0340934492144,399.24506645172136,419.69531432102826
kite,380.0957763868902,406.03248666168884,444.30941747426135,469.2624915151427,387.84430465623603,350.3929623335947,372.4868236670849,428.40962147780897,424.601157995263,420.81866008085177,447.3209354719831
rightKite,373.1755345956465,403.35108930280154,432.9263599836944,460.04726249134916,382.30704975884277,372.4868236670849,351.3536663723692,422.98222110903214,417.316534777641,398.13705982378343,436.6989079680095
rustedHinge,409.06217707403124,389.1231593039129,417.9796803465145,434.79186472016744,437.65044139248585,428.40962147780897,422.98222110903214,354.1105603453452,361.3972752237765,418.9483469391319,434.3433243183669
hinge,402.99518082767935,373.30174343611327,402.5584631559164,426.92633649489443,436.03409344921437,424.601157995263,417.316534777641,361.39727522377655,349.2461598935399,411.6627536353565,433.9019939866178
trapezoid,397.9577343285411,411.65553028391565,416.06158003229456,425.3889801045607,399.24506645172136,420.81866008085166,398.13705982378343,418.948346939132,411.6627536353565,360.98610363445835,396.29043223383894
random,430.79582050212156,451.1717401747661,449.1369275919201,433.0057370813949,419.69531432102826,447.320935471983,436.6989079680096,434.34332431836685,433.9019939866179,396.29043223383894,365.20173300509754
