,square,rectangle,parallelogram,losange,isoTrapezoid,kite,rightKite,rustedHinge,hinge,trapezoid,random
square,5864.2580890664785,6571.517243137254,7753.335564383948,8206.608590151214,7823.799078872462,7938.5465455564245,7681.360592310164,8269.122165866538,8159.634769944578,7959.360778321455,8603.784011981568
rectangle,6571.517243137253,5835.866728687233,7434.013536986893,8025.57181245305,8000.124620477847,8050.3715483353135,7843.469263087374,8048.969970842323,7865.512320317353,7989.5786676062025,8616.309002187356
parallelogram,7753.335564383948,7434.013536986893,6371.6691901729855,7116.784705729741,8517.986645504432,8390.574707990667,8301.704196625678,8377.54510427099,8237.21472963603,7882.1881288903505,8480.73743681186
losange,8206.608590151214,8025.57181245305,7116.784705729741,6541.084745635777,8826.557036747523,8739.475006067401,8676.155502516254,8702.926028062539,8644.94645840125,8050.642061440113,8414.219032719448
isoTrapezoid,7823.79907887246,8000.124620477847,8517.986645504434,8826.557036747523,6352.864318375273,7781.958139674096,7577.6404403013175,8202.38222345565,8235.287559158707,7542.699237091789,8072.204242692406
kite,7938.546545556426,8050.3715483353135,8390.574707990667,8739.475006067401,7781.958139674097,6497.15274525863,6975.308243093814,8112.4653406290345,8035.935755238323,7953.430738352633,8209.482563017618
rightKite,7681.360592310161,7843.469263087374,8301.70419662568,8676.155502516252,7577.6404403013175,6975.308243093814,6358.448778015888,7915.279997514423,7880.081233771722,7669.936652963448,8084.287614034157
rustedHinge,8269.122165866538,8048.969970842323,8377.54510427099,8702.926028062539,8202.382223455652,8112.465340629036,7915.279997514423,6506.298392120401,6892.989778384727,8082.586055947935,8112.509679573013
hinge,8159.634769944578,7865.512320317353,8237.21472963603,8644.946458401251,8235.287559158707,8035.935755238323,7880.081233771722,6892.989778384727,6650.266353981129,8028.393851283021,8098.4941132725635
trapezoid,7959.360778321455,7989.578667606202,7882.188128890351,8050.642061440111,7542.699237091789,7953.430738352633,7669.936652963448,8082.586055947935,8028.393851283021,6557.8306709979015,7452.941575246757
random,8603.784011981568,8616.309002187356,8480.73743681186,8414.219032719446,8072.204242692406,8209.482563017618,8084.287614034157,8112.509679573013,8098.4941132725635,7452.941575246757,6594.3700478133105
