,square,rectangle,parallelogram,losange,isoTrapezoid,kite,rightKite,rustedHinge,hinge,trapezoid,random
square,649.9666970339936,745.2314638927254,848.0603890598296,925.3112690594988,739.662594696446,738.6194958021697,721.3115843492375,795.3185260224301,780.556513048658,768.6533621601096,846.5462011966187
rectangle,745.2314638927254,640.3391454348144,763.2567039295388,862.5723913580844,843.7859021564828,795.2599359581252,786.6645486763932,768.7665431875741,732.702384775431,803.4864262539244,899.352811210085
parallelogram,848.0603890598296,763.2567039295388,702.7489520845127,791.6855357808491,909.6918382144984,897.5494800861875,863.5008470613102,838.7576394855699,800.4677666899357,810.8808094106269,895.7559216899573
losange,925.3112690594986,862.5723913580844,791.6855357808492,726.6827608610398,952.8670918702586,963.5668453030282,930.2189050337431,887.0656825211248,864.486069274199,834.6321411444723,866.7841228030506
isoTrapezoid,739.662594696446,843.7859021564831,909.6918382144981,952.8670918702584,663.8547950787921,757.0685736077095,740.6948859826279,869.920889089314,863.6345425659678,774.909314880778,825.1578928189712
kite,738.6194958021697,795.259935958125,897.5494800861875,963.5668453030282,757.0685736077094,673.4821008764819,718.4904761954435,862.0379430027441,852.317469023683,837.9005601909947,903.4543829592055
rightKite,721.3115843492374,786.6645486763932,863.5008470613102,930.2189050337431,740.6948859826279,718.4904761954435,664.649928766961,846.3975057176121,834.3766629446912,776.4155651541313,864.8700653508029
rustedHinge,795.31852602243,768.7665431875741,838.7576394855702,887.0656825211248,869.920889089314,862.0379430027443,846.3975057176121,670.5903530857294,691.5644921601139,836.204782645434,871.3267303013968
hinge,780.556513048658,732.702384775431,800.4677666899356,864.4860692741993,863.634542565968,852.317469023683,834.3766629446911,691.5644921601139,666.0144232965914,816.7249013420249,864.4712180542166
trapezoid,768.6533621601096,803.4864262539243,810.8808094106269,834.6321411444723,774.909314880778,837.9005601909947,776.4155651541313,836.204782645434,816.7249013420249,685.1502401097731,766.7395871045796
random,846.5462011966188,899.352811210085,895.7559216899573,866.7841228030505,825.1578928189712,903.4543829592056,864.8700653508029,871.3267303013968,864.4712180542166,766.7395871045796,702.6794158188931
