,square,rectangle,parallelogram,losange,isoTrapezoid,kite,rightKite,rustedHinge,hinge,trapezoid,random
square,1305.597173218495,1457.173551819754,1704.3095862652128,1837.4913764188732,1543.2185751555626,1580.821115140538,1532.2427377535262,1646.4278100976915,1607.4368498174824,1589.2169076094428,1746.9463064181648
rectangle,1457.173551819754,1289.36190580598,1576.0434855046715,1741.3028930271203,1689.1990745145254,1654.41657492109,1620.8363425555674,1610.547440342895,1541.0301651272457,1633.913752867693,1820.043613301915
parallelogram,1704.3095862652128,1576.0434855046713,1425.1936251180175,1591.5821216959646,1821.492608333422,1844.4033478610886,1779.2250490282543,1733.2945195540274,1666.2000265561014,1654.0331624524958,1818.0679001544083
losange,1837.4913764188732,1741.3028930271203,1591.5821216959644,1462.1940431601581,1898.8452941655341,1950.1809576357878,1886.4187374382627,1811.982662180088,1769.610158753904,1700.3335367744075,1780.2654042744848
isoTrapezoid,1543.2185751555626,1689.1990745145256,1821.492608333422,1898.8452941655341,1365.0568042218556,1573.1822520966546,1532.1475811630653,1751.1490157081582,1738.569760637076,1572.8956360120862,1684.2032623958457
kite,1580.821115140538,1654.41657492109,1844.4033478610886,1950.1809576357878,1573.1822520966546,1386.9913239157404,1479.415770467656,1756.5442175509593,1734.4922779137628,1717.456206476577,1816.7570120096264
rightKite,1532.2427377535262,1620.8363425555672,1779.2250490282543,1886.4187374382627,1532.1475811630655,1479.415770467656,1360.4592821874621,1708.2694721798582,1684.276114877552,1597.0001618272418,1733.9426111309274
rustedHinge,1646.427810097691,1610.547440342895,1733.2945195540274,1811.9826621800876,1751.1490157081585,1756.5442175509593,1708.2694721798578,1374.1166719252599,1421.0555307739282,1700.1816545412287,1743.788684490229
hinge,1607.4368498174824,1541.0301651272457,1666.2000265561014,1769.610158753904,1738.5697606370761,1734.4922779137628,1684.2761148775523,1421.055530773928,1363.2689884336482,1660.4109376498159,1721.697018152605
trapezoid,1589.2169076094426,1633.913752867693,1654.0331624524958,1700.3335367744073,1572.8956360120862,1717.456206476577,1597.0001618272418,1700.1816545412287,1660.4109376498154,1385.1917565740064,1566.1914528846048
random,1746.9463064181648,1820.043613301915,1818.0679001544083,1780.2654042744848,1684.203262395846,1816.7570120096264,1733.9426111309274,1743.7886844902284,1721.697018152605,1566.1914528846046,1423.684843190384
