,square,rectangle,parallelogram,losange,isoTrapezoid,kite,rightKite,rustedHinge,hinge,trapezoid,random
square,334.80579594148406,375.87685060545743,408.49835826112627,435.42796842037575,365.6418049566419,360.91858491197326,354.9787175663744,388.2424901882662,382.3813837791973,376.9036182093222,406.57328482069096
rectangle,375.87685060545743,322.70408756094804,369.53632765901375,404.55344616598927,412.12701038841465,384.8116532876607,382.54666955138185,368.4686769780593,353.48377466212384,388.75577836485866,423.7546883715121
parallelogram,408.49835826112627,369.53632765901375,352.1366860966818,384.7249754747331,428.13994201644283,417.0909473568789,407.82189788648435,393.6081586320773,379.42924635250637,392.7637505343814,422.010454915559
losange,435.42796842037575,404.55344616598927,384.72497547473307,358.3754254772803,439.30353210558,438.2126468938659,430.9417669692614,407.6400983080875,400.1745160241595,399.923640108076,406.1219273200974
isoTrapezoid,365.641804956642,412.12701038841465,428.13994201644283,439.30353210558013,329.57807489209415,367.8667641477801,363.43214145301795,413.3891669872108,411.70306655332547,377.81754643923387,396.2135398592739
kite,360.9185849119732,384.8116532876607,417.0909473568788,438.21264689386607,367.86676414778015,333.46272328807123,353.8778395155315,404.9611552609849,400.8700289732351,396.17192996594713,419.9693944069532
rightKite,354.9787175663744,382.54666955138185,407.82189788648435,430.9417669692614,363.43214145301795,353.8778395155315,335.4517407062913,399.94527341036246,394.3230814112739,377.1172319970603,411.8656919924567
rustedHinge,388.2424901882662,368.4686769780593,393.6081586320773,407.6400983080874,413.3891669872108,404.9611552609849,399.9452734103624,338.24485298877397,343.7945183590195,395.38025005188314,408.9175657237639
hinge,382.3813837791973,353.48377466212384,379.42924635250637,400.17451602415946,411.70306655332547,400.8700289732352,394.3230814112739,343.7945183590195,331.95761869513234,388.40290033877915,408.13001234043264
trapezoid,376.9036182093222,388.75577836485866,392.7637505343814,399.923640108076,377.81754643923387,396.17192996594713,377.1172319970603,395.38025005188314,388.40290033877915,343.0970575160704,375.60244050315157
random,406.5732848206911,423.7546883715122,422.01045491555914,406.12192732009737,396.2135398592739,419.9693944069532,411.8656919924567,408.9175657237639,408.13001234043264,375.60244050315157,346.02022884802466
