,1610555604.25mOvVXuL01OCiReyVWBfesjuvXmB3MoPy,1610555605.43B6oDsBtWRQ29Q9UMQuTUEPZy3FSSWXzc,1610555610.92HPGJJSmyPM40z7otPBgHalNrHFA7zk5d,1610555606.68LaSQbm9EHAFycEfFtEqAwYqlBsQPjIRW,1610555617.19EKxMEwDHfXiEJZc27TsGoERaD6Da4BZU,1610555722.52PJ3FD50MGhRXyUD28vluU8Z9UjLJLZn4,1610555617.52Ijr5puT55g9apK8auM7zaxa3NANg502t,1610555638.77ZLjTLkz4jYJdFMI2wWBztzsDILkoOtAk,1610556912.46C7tJPLF0XfNnm8f1820X9aLmXMHoc0Dw,1610555617.51LjzIROg0aeCP2GhDcAVQ0LipKJB9jmKc,1610555608.17OpjjHobqRkX0UPcaXrbu7K6L3805SZri,1610555721.82zWeNZfGUUfRJkgnAwlP8VMhPzXctnSd4,1610555735.75bom85BDF0C7W2eIseHeMxi24qR68nzMi,1610555735.77NnT5xqKnwcf2BbjIekeb2arTQj6QMNwk,1610555638.33wjf1PhdNaoWfbRzXVn50hmFyB5bYAiLV,1610555606.65jCE4ig8Pu8kvAzkxnSGfWsV0nQBjCf8H,1610555608.18ONsBCVo1i7BrX0XG9stct4oiA6ejX9Oz,1610555721.51RNoQUMP19FTMS79BmA3JkgSm2IC2AQuQ,1610555971.86O0cHB2ibBJ8jxoObg01EpGe8VVV5mpwn,1610556911.51zU3duZSGpcw1BDNsBLxdOCITAXwl6z3i,1610555988.71dMoYT8250UHHJGxgmITTmbHe7V6gH1yU,1610556042.81mlUZsSp7gbGjrp8jQSnybT1gPy6e62o1,1610555637.02UBW5nKvDyUrKnaWcYRGajZPxTRDS0q3N,1610555619.13oUYNikU4facCTpUSiSLr0vPI0tJLnXiT,1610555721.03nzkucfjAUh31zTbmCVvTVYqtjoxZFnBh,1610555722.67fhKURdXVzRbLIjXmjRwdJHTnE7PWb1AE,1610555638.39J2ZWBLuLTHP0jOlzB4tNHmYeijH5g5YJ,1610556032.17Q6yCDx9g7alRnL9jBFXD2JhhUyB2hKfJ,1610557007.49MyVgDnuUuBxrvL6SGOdhKf69VYlW1MSm,1610555638.44hjT5hbYdKoE3MB6hijrjqbjmLgvCUYKD,1610555608.13zUvmFSCRt6SsLbhqFznMEvGx54GPGQzM,1610556038.62a5C4ynd1AARyAhTv8a58NCqHvXRjscqH,1610555644.45Xse8u7pusHNsd7F3d0A32HXvXr6weOJE,1610556038.62gKXOCG7XCn55eJvyl5voNjbwOW0znQDq,1610555987.13v0oleKK97pkesp6oMgprH8SoSdoDVdIO,1610556964.96ZLLeiQW0qpmxhPGTg7K03fmzkqsC2bjC,1610555987.13VQlEedQ50VvkPMEMzZDv3KNnQCewykN9,1610555982.186TY6MMGkDecIN1woW6vsfAMXVV7jnyjO,1610555982.673LuMndkwkvdmZOn0MmE2Pkidx0FtNalb,1610555733.38zItcuH7gHNfKdALR2d9Nek6bxCyw36Vm,1610556034.15BQxSbZINGCay0yp6RBVlgcPrw76Yn9ON,1610555639.37BPZpgtGml8qUsh9AdV4m32jPLfI2aNFq,1610556965.57S0adAalhWYe6K3bkZU0bRHbqnDK8gGkR,1610555983.54zteLPCMjyrjzPdhHhlZr3faCgD0TfYr3,1610555987.79rHnNRmt9a0ufmnwCvZqBouyUoZDNpylW,1610556960.041xWER61rmArlsKfiMl4frikWmUCnQ7op,1610556035.13a7NHZDutfTMJ88qle1gTYY59Dr4WmMsj,1610556890.456ZBDaY16bMtrTZTqAgHl3wq1tRxzqDow,1610555760.24e6890pkbyZ97Or6croI1rQgjkSsR0yVt,1610556043.02YpWMIJg3W004iqlPyv8OcVAZdSC5rNYw,1610555987.03z05P26TLtONYM1HSzupoc2CeNMa6HTqr,1610556032.15OYCzUxpsz7b10AXBAuDXrvEcvxFhf0M7,1610556032.63Z80yI9pNwS3jSmsDABbuhf8wkNa2Ze9y,1610555736.28eGuESasTXdR3SqY6pHhEXWZtcdciYLCO,1610556034.61bebeZA0MkaFG2sm3VKiqrxeqQginTTW0,1610556944.5XwXOphKYT3ZkWA8gViqOS97VHVuMVUqb,1610556944.745UVLFBzf7fPh4UH37I6tYQOFPqRDytEh,1610556034.63XsUwaFaPZevO1JNFjfhvY4aKNFnV4noV,1610556964.89xwBHw9faT1HjQRMNQEyA4qJ3hWkwgj3k,1610556966.74DydzH91jtyvRyYau47JpVkZoMRSNTt01,1610555740.77UueVziDbaXyRR4OcVJIIZyzOfAzN51bj,1610556046.84e3vwjyRCzqz0wJQhrk8zsxlFfFSv98Df,1610556137.99eoPuVrDThKAOvmeprLPb2FWRqIhzUodc,1610555740.73XFwSrmTXJPlaxGZSefh0jOVA8PI3III1,1610556123.88AOfNaz9jSnqU5Czc7okOv1RCrYfKFBTo,1610556046.85nB7NvyoYQeLcOV391Lmmut1wAM8CFGLw,1610556123.89H4pdIAzDthI7bMXMhlIhKUYIQIvtmPPQ,1610555740.87GOYQUJKpkynIS2lFqppYK4b32ol7NeGh
1610555604.25mOvVXuL01OCiReyVWBfesjuvXmB3MoPy,0.0,7934.937311667344,5317.096355659123,8392.352142452797,6313.599665632864,7695.45094815063,6826.181510310363,5295.607024540827,6132.7141386638195,8415.20117119915,8932.72633384777,8382.503255406562,8506.736582123991,6571.093221439611,9025.622421587907,8171.465382905946,9371.303372177415,9248.507049799933,7047.540340892216,8072.940981966514,8640.699713038659,9219.995698562436,7027.064099647419,5498.706633700988,8179.917199210495,7761.985652331464,7115.953522373929,8055.3873197478815,8488.889784833014,7259.760080568445,8289.823218846675,6889.383574408521,8442.474656637793,8823.583192585065,8261.792544261276,8571.786704658638,8474.900048655165,8684.701512881808,8515.462012729711,8798.386633378059,8791.736119864318,9000.850637736748,8449.962568041095,8184.832821376888,8980.691818054705,8725.01164738226,8996.544267403084,7619.187212443923,8497.623591692964,8866.985144726474,8028.568427967039,7917.090701695967,9367.50666643578,9148.719787945338,8375.359351340257,7780.320890525105,8123.619835597485,8273.87220138358,7862.9505547554645,8009.932633245824,9304.899347086517,9514.212129509782,8706.659885717601,9022.98202039885,8278.45878041121,9446.376008567237,8179.494414835788,9051.748115952125
1610555605.43B6oDsBtWRQ29Q9UMQuTUEPZy3FSSWXzc,7934.937311667344,0.0,8556.96402461428,7343.641030100273,8051.266480631035,8432.682794381575,7827.093932855961,8471.292737046282,8351.502057086833,8524.735172906428,7760.26832733876,7806.4282549465615,7547.345142217798,8525.041821761073,8529.055090609832,7602.424290101866,8156.200047556458,6924.06629723977,8254.73376340568,8148.183284671727,8112.181721409263,8028.958086175988,7950.582478308355,8528.602825541675,8147.067533045392,8370.333950181745,8469.794324762672,7578.764169137393,8045.205581393801,7941.211898872303,8237.528302341254,7934.008408744867,7938.062911367725,8289.690776615367,8041.910705805687,8355.00806014328,8375.508728524006,8022.095963771579,7389.061983345183,8958.72351863323,8262.491779807247,8010.821875196354,8625.535571737048,7804.031621448035,7474.739890162851,6551.710884889799,9001.249513827282,8361.18116745061,8461.30641441595,8712.370552383796,7867.387277450008,8800.635820633575,9170.807881784403,8178.783092271546,8285.777427716146,8227.461556903307,8228.98353935815,8106.752246905215,7996.528375688191,8319.803665477079,8499.127410785879,8545.286115128023,7937.154187565939,8383.90031758417,8114.878533477195,8544.710439591714,8397.947813277262,8443.087218544724
1610555610.92HPGJJSmyPM40z7otPBgHalNrHFA7zk5d,5317.096355659123,8556.96402461428,0.0,8895.276554443799,7064.095313998837,8239.397944255632,6808.0993342788515,4959.344073588752,7139.269881587978,8956.570344608313,9453.504502442189,8816.107242069522,9068.440689473202,6639.805472314633,9520.28982162271,8701.170506136472,9852.193161174753,9816.731351134034,7765.378007923408,8507.038213191483,9191.716933187452,9665.778729206415,7698.650896041042,4537.747360578952,8833.681768186665,8293.21206712994,7833.067123833191,8629.031737494815,8999.655382701034,7718.8935542641075,8786.735886341874,7672.693472651942,9016.42302346067,9347.275030837061,8768.912724806023,9102.204292752273,8944.30782928076,9216.836474106745,9138.128193933357,9307.121399798167,9239.717530346143,9519.321704092892,8966.897574578137,8749.577697027828,9506.406268865105,9321.898917254293,9493.339346731274,8184.801595513276,9024.25680796238,9349.148207036493,8548.513325022288,8447.624785151687,9863.823676575883,9675.765520030784,8544.413586290208,8408.348423914851,8767.695088881619,8684.291599321796,8448.708642196203,8617.750879917223,9791.187759405399,9971.201269379764,9224.215541251839,9519.802720018664,8772.99148814806,9883.971779302792,8722.236747234963,9507.528079795238
1610555606.68LaSQbm9EHAFycEfFtEqAwYqlBsQPjIRW,8392.352142452797,7343.641030100273,8895.276554443799,0.0,8046.426029810753,8113.818647564439,8374.839961339316,8810.23413650174,8527.15731867018,9188.631328689144,6754.182370070806,7975.342307425936,9059.891203348263,8893.961300715708,8890.913579121037,7696.545012912074,8056.888819474854,8471.436554908667,7886.093219207172,8205.804611918915,7710.522946356495,8634.907432110025,8055.451656050477,8881.719784724624,8326.456519495685,8247.032236180312,8357.935053775569,7192.178176191266,8024.007164921318,8265.922093489939,8333.194358322113,8425.075708825178,9099.840942686815,8467.992196645804,7406.469968483872,7817.733334124939,7961.984445401122,8346.498568346957,7898.596168050172,8672.15215653776,7848.560310526864,8005.833214820281,7856.883716157405,7328.216162605072,7939.313133554243,7432.962816736592,8967.447970655918,8330.312486283681,8994.48970063651,8845.11878716943,7390.264342556945,8676.312067448369,9565.027240225003,8673.290651083165,8335.772664303127,8310.219749325355,7715.516659223373,8017.382961675714,7561.6997632096045,8340.431200689265,8418.99759629198,9020.75310526794,8343.587184672919,8579.627613369492,8236.9520275389,9032.136639997236,8234.437706249379,8143.793991129323
1610555617.19EKxMEwDHfXiEJZc27TsGoERaD6Da4BZU,6313.599665632864,8051.266480631035,7064.095313998837,8046.426029810753,0.0,7291.313607488281,6362.3578644482395,6927.13508999786,6101.082834882108,8746.137385902393,8605.295982807966,8325.312824556107,8826.49241370717,7117.004263717778,8786.359980138493,8174.3519496230565,9041.89020726185,9013.479753366975,6870.9590011435475,8111.763063418587,8336.835698006393,8955.872497572624,5726.74918551957,7028.229054661489,7723.443323912857,7303.537175492071,6481.457722891501,7906.646448500323,8208.13134292006,7017.105235813195,8160.243077069064,6641.414491936806,8732.109395102207,8578.928322756055,7964.477910095152,8267.911486218594,8050.213848220202,8380.532658283306,8373.596392017545,8738.946042296697,8383.211733692398,8698.346512732824,8096.732261986176,7981.693678303393,8607.827580732854,8491.570714582038,8741.33561905149,7604.5963376934205,8668.033826830582,8410.766718345747,7946.03481214118,7802.0754846363825,9343.374282362469,8884.168782440473,8398.205679595494,6822.355170471324,7632.6935272864675,8300.500773892622,7881.465000685718,7504.844474288937,8974.78981556533,9288.698219038932,8596.465875496471,8680.202176154064,8172.458971505816,9174.900121639294,8100.933138200294,8675.626563216045
1610555722.52PJ3FD50MGhRXyUD28vluU8Z9UjLJLZn4,7695.45094815063,8432.682794381575,8239.397944255632,8113.818647564439,7291.313607488281,0.0,7901.930240197736,8196.31604537115,7555.567146926888,9166.11608762798,8378.629188076316,8601.48556321865,9216.979132442491,8251.666800674015,9204.442193954477,8630.25081365029,8996.057678362104,9186.940230150112,5311.701235378538,8620.352875246446,8377.55342274254,9139.500369160642,7272.409775255716,8238.66468055973,8044.519778938905,4131.10468686752,7926.379449170227,7872.55679438373,8392.09110192441,7849.1805811633585,8761.700160934297,7582.254799975176,9236.305810690072,8833.433609795598,8308.168675607936,8548.172123759949,8643.62766574378,8930.909017903381,8569.057330942816,8839.044602851649,8877.564011636574,8743.494718860687,8440.570337280951,8121.438298329326,8606.195413906684,8094.0074514379385,8785.860684643842,7948.847471222176,9219.189671305741,8815.792446974794,8006.882334497982,8231.252627570015,9379.062141055578,9200.237647605023,8967.745199782737,7455.644370168295,8022.698150563793,8513.763407402665,7892.491033674579,7751.377126835718,8927.83359731011,9367.991331687472,9078.528783010765,8738.667530983712,8944.526031219246,9331.875267209385,8423.926266355389,8585.48544661472
1610555617.52Ijr5puT55g9apK8auM7zaxa3NANg502t,6826.181510310363,7827.093932855961,6808.0993342788515,8374.839961339316,6362.3578644482395,7901.930240197736,0.0,7138.715628834685,7140.338969224407,8933.159373746588,8871.069264289414,8490.802376498572,8799.136073918135,6478.777391722284,8947.422191300553,8420.064175678732,9222.721233141463,9135.019143659132,7468.412403669138,8520.022426149395,8726.390099294058,8974.242504626152,7283.507589965937,7109.786341616038,8085.896386583862,7803.085034023988,7717.7644476457435,8132.566391261329,8534.604613239035,6276.50496035431,8518.164389594831,6871.074131924294,8877.360072983027,9011.852552357199,8369.607299867397,8645.13761653138,8588.294939153453,8905.627592616533,8450.532502547172,8958.617516948705,8765.903657872199,8894.370212831585,8633.602599578653,8265.62807338205,8872.675314047314,8636.878523044856,9143.072381176371,7931.813944241773,8868.340601371321,8952.763771691947,8205.045162854336,8103.754601845523,9424.697705489027,9035.090911170359,8609.759810319518,7917.03711085098,8198.631443233333,8304.842762747863,8221.383655106962,7762.183019190571,9227.87713241065,9423.608948172216,8880.981972142446,8811.651510036709,8555.511024669968,9325.912348968897,8399.493814663227,8961.336309792257
1610555638.77ZLjTLkz4jYJdFMI2wWBztzsDILkoOtAk,5295.607024540827,8471.292737046282,4959.344073588752,8810.23413650174,6927.13508999786,8196.31604537115,7138.715628834685,0.0,6979.916336005195,8946.62180466949,9298.100198761418,8734.25165322549,9011.421388151115,5832.424926129505,9360.339517400418,8616.443367726175,9718.200163845959,9656.123760092665,7686.95802432856,8449.955196314928,9057.772105605158,9527.859704125252,7604.299594424578,4043.385601428329,8630.120717524716,8191.6821523983,7661.350556253511,8453.666374918688,8950.950462745526,7859.902346505325,8742.171437633062,7508.500034258624,8964.830447740305,9304.603174519143,8664.504442028103,8958.840766926936,8885.57135723158,9172.985607409624,9005.263459524154,9214.797996324873,9120.424678009991,9301.070044501625,8854.980014398527,8625.188628101478,9382.568782591308,9150.886061784511,9383.695568677025,8138.995091640195,9003.04976720189,9228.305256022235,8401.667277649687,8324.507044853937,9739.564146560071,9549.617873731957,8535.12017884127,8285.074458290163,8582.992142246489,8632.381951317406,8269.16841672203,8507.914102261242,9617.352834564206,9870.050620027725,9183.35651617369,9370.44429455038,8722.433638696135,9731.861037412133,8591.778462614848,9384.016861396616
1610556912.46C7tJPLF0XfNnm8f1820X9aLmXMHoc0Dw,6132.7141386638195,8351.502057086833,7139.269881587978,8527.15731867018,6101.082834882108,7555.567146926888,7140.338969224407,6979.916336005195,0.0,9088.788653109124,8861.86264826663,8445.4873759034,9099.256446251484,7158.487929026839,8979.379758856434,8508.807668795513,9214.726075638702,9015.326643433995,6943.785794439849,8490.55735536158,8324.093585097531,9049.352793947603,7256.705327341147,7035.3532926155785,8155.017526206075,7383.429042214383,7257.260286645613,7943.174852165176,8601.19018216453,7533.550254795831,8683.297218570688,7282.812708369943,9122.36655613871,8984.568358323717,8234.282061191176,8500.844080416802,8354.553443791228,8888.689831367563,8721.420766702944,8952.5255158905,8741.443697585682,8766.926994647025,8405.96502934714,8243.679118811362,8889.29068556645,8623.646126061249,8937.301171536676,7882.26670984691,9069.895626434205,8779.6199399603,8088.390542989591,8112.550036202374,9508.730786195209,9100.288426933428,8809.104258528074,7552.053649935524,7966.538899082606,8366.433997817701,8066.39451756239,7951.356806839816,9140.784213187246,9445.84700339841,9086.168493874136,8896.043104752287,8771.283652834914,9323.862363778991,8414.639744561482,8900.002236729226
1610555617.51LjzIROg0aeCP2GhDcAVQ0LipKJB9jmKc,8415.20117119915,8524.735172906428,8956.570344608313,9188.631328689144,8746.137385902393,9166.11608762798,8933.159373746588,8946.62180466949,9088.788653109124,0.0,9876.800447507787,9261.415722325155,7582.647108482216,9246.493079196249,9834.306570115223,8819.462961289979,10247.023868222612,10064.52217919579,9181.365479678867,8476.659334962958,9532.616033412318,10120.43135207212,8713.647279349952,8966.528032040009,8990.948242458067,9328.311717863728,9022.623259124832,8939.702979529748,8959.627897393544,9121.553581916716,8625.539413897477,9235.942927392254,6389.402742808257,9335.003021046143,8974.55266055913,9515.61835454216,9144.655720817678,9034.906896860914,8766.461010292669,9163.882927524244,9410.504185802414,9891.839995942571,9272.470974037797,9140.29666297156,9640.45755206492,9531.83730286969,9537.920783056345,8546.299123123365,6501.760114212504,9689.153384279463,8725.06984818135,9171.93783522184,9445.93120207902,9940.277203119444,8957.244024810903,9144.03826680242,9300.434154753359,9041.404393884019,8597.518796356848,9476.831904549477,10041.824247327431,10253.74991236192,8977.038282911992,9992.454081188906,7897.749381752638,10323.812045807445,9076.897112593508,9829.653814677022
1610555608.17OpjjHobqRkX0UPcaXrbu7K6L3805SZri,8932.72633384777,7760.26832733876,9453.504502442189,6754.182370070806,8605.295982807966,8378.629188076316,8871.069264289414,9298.100198761418,8861.86264826663,9876.800447507787,0.0,8518.44771238067,9419.858287588975,9279.645593420766,8913.03702987605,8430.399898187168,5802.526539035114,8344.722671779396,8124.552722738388,8961.52890320705,7796.147108901724,8284.719079720599,8526.129731628323,9414.97201576898,8446.210688891915,8064.711766565323,8863.212186700726,7877.625938321685,8505.267285457765,8707.41729746335,9131.034731260106,8594.410630672308,9568.039201314996,9069.664804734093,8210.200541501781,7899.377697064827,8503.165702809929,8906.907614311762,8452.3754145825,9157.448016618135,8383.47330101706,7485.3649010205745,8471.016729030893,8205.074707384721,7763.699571838457,6885.601018667874,9313.937393075914,8886.286758826396,9594.89116511086,8837.535319523087,8145.598622481811,9262.6934510073,9831.875039862362,8520.792134331205,8987.108815709824,8619.370917385597,7745.360108807104,8617.15430533005,8389.788697355227,8571.802520399218,8235.739284730196,8454.878599109681,8822.903648842414,8261.40274761343,8992.952971045781,8361.511377555056,8651.625424838196,8159.2915882883535
1610555721.82zWeNZfGUUfRJkgnAwlP8VMhPzXctnSd4,8382.503255406562,7806.4282549465615,8816.107242069522,7975.342307425936,8325.312824556107,8601.48556321865,8490.802376498572,8734.25165322549,8445.4873759034,9261.415722325155,8518.44771238067,0.0,9048.480698969144,8830.455232285249,8668.516904869302,7860.8932726331495,8999.012347345677,8452.365495435724,8393.190028226985,8142.924797123207,6168.501586859643,8003.419617722641,8450.839923280222,8792.752682123999,8436.479952941045,8595.09789417941,8632.737681598384,6698.053682892688,8070.39458958642,8620.998593459137,8842.931636223337,8499.223772322408,9102.849221544231,8669.892612641182,7013.956170467119,7868.066856878945,8270.026459890996,8700.259161391965,8338.485632842883,8853.6844497916,7972.315287211712,7623.217399213645,8468.008357612567,7133.207168831985,8584.622826283045,8332.318891227389,8873.347507904968,8302.081703189531,9189.766783764213,8845.94857248711,6872.011028300744,8715.484033252324,9646.563119994193,8847.40402561529,8661.421288411408,8436.011857037181,8501.156016134706,7314.431746888289,7550.181740261134,8206.747530031342,8914.606397598005,9074.578780982543,8481.638231750516,8886.053531316957,8383.13497007009,8928.47338792553,8300.596333529822,8727.002966406899
1610555735.75bom85BDF0C7W2eIseHeMxi24qR68nzMi,8506.736582123991,7547.345142217798,9068.440689473202,9059.891203348263,8826.49241370717,9216.979132442491,8799.136073918135,9011.421388151115,9099.256446251484,7582.647108482216,9419.858287588975,9048.480698969144,0.0,9206.539541732765,9510.589547385038,8774.56133385459,9669.77781049499,9439.64372231171,9231.568143290635,8642.379060632511,9245.782464623682,9600.920731403547,8814.709933201511,9054.561307289396,9137.666570355,9216.582762234502,9039.555655073716,8802.496899746317,9046.031759371443,9073.285104783525,8587.09433249,8961.133896564701,5218.146910667964,9098.511805924158,8996.346225540472,9470.388498598355,9106.720143496934,8940.844401127717,8759.5664429369,9161.876228991601,9302.455826626756,9440.89402759527,9351.370003674283,9071.342248038625,9330.898671655897,9007.418344046793,9580.074612775721,9031.791808979686,8556.09561584416,9420.98828422112,8854.368085510736,9363.2417908219,9414.34145123261,9276.73581816916,8876.302875463243,9168.476678458976,9395.749620740438,9084.061153171084,8844.73908560668,9524.36837946256,9769.748579160178,9611.61265201811,8783.91327133703,9641.819293331911,8732.414029897454,9736.201681228767,9031.596392704037,9609.730922482475
1610555735.77NnT5xqKnwcf2BbjIekeb2arTQj6QMNwk,6571.093221439611,8525.041821761073,6639.805472314633,8893.961300715708,7117.004263717778,8251.666800674015,6478.777391722284,5832.424926129505,7158.487929026839,9246.493079196249,9279.645593420766,8830.455232285249,9206.539541732765,0.0,9291.074880063026,8754.33172754886,9618.238336644576,9557.345854417994,7829.413456993029,8639.955352504494,9038.68527578746,9448.894714609934,7816.960575602047,6380.581219611962,8663.32097240785,8147.767980728496,7974.248478550909,8521.375491150839,9063.900839039703,7763.224699423721,8967.046078164438,7494.181771084546,9227.930214902042,9441.829642945548,8711.22909817449,8967.873318847962,8908.220329754547,9314.345737295049,9122.557695545467,9316.197702307449,9193.205628262698,9269.613557665178,8945.630596784727,8725.007056616949,9345.30577618306,9085.950219504783,9491.610135100758,8318.08664678063,9249.56972270291,9356.848794712436,8551.508111357349,8467.185423811112,9833.495864677763,9536.468896033763,8932.63687320479,8422.289840985302,8601.568087865486,8646.219459817612,8457.96911298522,8434.158473400847,9586.53495196066,9833.960697002565,9362.196801549506,9228.962594741633,8967.536509720761,9641.960266528782,8765.96570009938,9326.893118449862
1610555638.33wjf1PhdNaoWfbRzXVn50hmFyB5bYAiLV,9025.622421587907,8529.055090609832,9520.28982162271,8890.913579121037,8786.359980138493,9204.442193954477,8947.422191300553,9360.339517400418,8979.379758856434,9834.306570115223,8913.03702987605,8668.516904869302,9510.589547385038,9291.074880063026,0.0,8836.173459244952,9244.35343592108,9080.850721016985,8912.775441097265,9280.599682230202,8623.666301709447,8301.813035785757,8991.569092826454,9393.887141428808,8962.684705312384,9028.013913029565,9017.34413670052,8491.205631495275,8838.75305297841,8995.06743770866,9065.077422809742,8852.766068926383,9699.465834292305,9656.711890091623,8522.910942543593,8125.202616801818,8490.280788572676,9550.246680702174,9066.322610449457,8814.070862002616,7482.527599279704,8232.89302255767,8017.979458527572,8829.18559993011,8282.032320004588,8794.699235226322,9206.132987191102,9044.096166375686,9766.799357665603,9188.661365547037,8633.507354614174,9042.678069380463,10131.929999889233,8686.724266236079,9133.320299857367,9116.59709000427,8612.238802440057,8968.621758211593,8785.485936734538,8663.820415134489,8364.481303217603,8741.239070912261,9376.63204974404,8469.550648318605,9494.775687210393,8145.200339678732,9041.556506061881,8457.467314532396
1610555606.65jCE4ig8Pu8kvAzkxnSGfWsV0nQBjCf8H,8171.465382905946,7602.424290101866,8701.170506136472,7696.545012912074,8174.3519496230565,8630.25081365029,8420.064175678732,8616.443367726175,8508.807668795513,8819.462961289979,8430.399898187168,7860.8932726331495,8774.56133385459,8754.33172754886,8836.173459244952,0.0,8996.52248692852,9082.356989278713,8486.47039465446,7443.980330211105,8075.483475732062,9040.52150635506,7974.185227332484,8707.951563758706,8222.370686077742,8661.8001751533,8315.092050383611,7623.849585306154,7773.828392779711,8347.916649432154,7601.118868963005,8466.643040231995,8353.427250556317,7660.50191502105,6745.847635734884,7444.289704330093,7410.425627695745,6820.4290651292295,8114.716426068218,8593.262506663785,7856.343095356642,8681.88791488971,8185.247052242886,7800.187592363525,8207.30343947301,8470.77532531797,8787.446105627683,8133.749276266932,8578.451906636625,8545.375678458664,7200.858691690968,8627.574276049969,9148.964486961328,8905.98803168861,7632.126749833877,8376.341324605648,8416.769792427762,7417.019254799399,7379.288223232072,8645.931063142803,8903.318905373577,9202.298219141838,7069.27536726566,8967.286553328682,7615.396126683461,9263.117181736365,8005.165495669227,8691.699200012235
1610555608.18ONsBCVo1i7BrX0XG9stct4oiA6ejX9Oz,9371.303372177415,8156.200047556458,9852.193161174753,8056.888819474854,9041.89020726185,8996.057678362104,9222.721233141463,9718.200163845959,9214.726075638702,10247.023868222612,5802.526539035114,8999.012347345677,9669.77781049499,9618.238336644576,9244.35343592108,8996.52248692852,0.0,8691.442035326258,8738.64983814908,9452.908346987,8378.310132056242,8495.650470011458,8985.419825185141,9801.38108544024,8926.71990391497,8594.648822015495,9239.114700911394,8529.62119477283,9049.55327988741,9067.20237487186,9600.75773921763,8936.554134436463,9930.484143792874,9439.597439131605,8853.953991909584,8532.194438580245,9088.329322980575,9296.9625153657,8838.14530161632,9693.64414181245,8807.03623366898,8066.9322037163465,9119.412177471539,8750.725220123439,8159.116979116748,7729.660660397645,9724.59747342458,9374.660607860322,9834.55841885435,9083.131084125243,8794.733051884763,9716.788137321726,10195.439933282281,8690.036777583578,9424.545157567141,9082.69911037361,8296.48642040894,9153.726241668935,8988.378265707215,9019.091573341751,8684.764019003076,8492.50998559739,9055.384219569623,8415.11937383349,9388.305437544383,8471.727659313734,9133.993455542013,8639.18579882881
1610555721.51RNoQUMP19FTMS79BmA3JkgSm2IC2AQuQ,9248.507049799933,6924.06629723977,9816.731351134034,8471.436554908667,9013.479753366975,9186.940230150112,9135.019143659132,9656.123760092665,9015.326643433995,10064.52217919579,8344.722671779396,8452.365495435724,9439.64372231171,9557.345854417994,9080.850721016985,9082.356989278713,8691.442035326258,0.0,8985.944155420999,9402.960221673766,8320.047276360798,8265.300947682725,9090.479390817041,9775.050468011896,9169.921836124471,8952.172195141298,9335.808140528565,8234.10648135333,9073.716688655953,9030.75427912823,9573.855529778059,8979.6710713537,9692.270037664344,9343.774360609534,8986.0747656345,8532.310730763302,9247.12333766718,9225.01616830927,8909.970109990976,9630.49251441216,8889.194270676451,8114.880772149767,9186.018549888302,8605.693022639365,7899.698982851713,7105.5013026879,9466.604587942362,9342.536950747659,9858.590803402933,9288.661457959573,8683.59399886796,9613.929290932378,10160.029188977805,8746.71654103507,9598.934598701591,9092.18315015617,8846.374760183618,9109.24444548473,8819.734950762278,9064.759206775761,8722.128334094545,8952.71089699402,9256.583642936866,8589.94618188276,9397.549458936244,8707.497439031915,9193.057433070699,8738.994502800213
1610555971.86O0cHB2ibBJ8jxoObg01EpGe8VVV5mpwn,7047.540340892216,8254.73376340568,7765.378007923408,7886.093219207172,6870.9590011435475,5311.701235378538,7468.412403669138,7686.95802432856,6943.785794439849,9181.365479678867,8124.552722738388,8393.190028226985,9231.568143290635,7829.413456993029,8912.775441097265,8486.47039465446,8738.64983814908,8985.944155420999,0.0,8675.8366097448,8243.723817221487,8817.398748734448,7152.337006083373,7782.3269337463635,7833.676086244992,5815.4408142396305,7693.201280599911,7685.727253012003,8181.150232890226,7312.24073144795,8726.818248614283,7261.827333377018,9260.24056183457,8816.133012256154,8196.6268270978,8267.924719052064,8342.129462276887,8784.381699728776,8301.710505911102,8484.477502023748,8551.45604936534,8476.58761648575,8183.756787014655,7810.098471485328,8501.350697008336,8138.748332364326,8961.907134441306,7616.615871442319,9144.833345174737,8694.294818430857,7908.685435990001,7887.626308701126,9517.3339920435,9037.614410901793,8843.63473054578,7439.78985044176,7655.480249119643,8426.79301224807,7849.584758409576,7297.755943063034,8664.434275750564,9219.565332973076,9029.342175753436,8503.080354144646,8718.355372574075,9026.416379695094,8172.187432283936,8346.02487568456
1610556911.51zU3duZSGpcw1BDNsBLxdOCITAXwl6z3i,8072.940981966514,8148.183284671727,8507.038213191483,8205.804611918915,8111.763063418587,8620.352875246446,8520.022426149395,8449.955196314928,8490.55735536158,8476.659334962958,8961.52890320705,8142.924797123207,8642.379060632511,8639.955352504494,9280.599682230202,7443.980330211105,9452.908346987,9402.960221673766,8675.8366097448,0.0,8217.997291886972,9428.744196930638,8037.425264806977,8525.20622958256,8673.19926125524,8783.943350870593,8229.517040291825,7904.214687696267,8389.17425694119,8777.617707553492,7940.810097559404,8719.775756260813,8309.703825855704,8330.272073109458,7566.36614451553,8316.433215604691,7835.686076386889,8073.562160425255,8740.557962102332,9041.074979944611,8461.67625113142,8981.400084807035,8493.861800415954,8061.245400108799,8774.261073448692,8842.984231505843,8856.663892647346,8221.423306612136,8544.641431642134,9015.023784133544,7474.198561965687,8696.232538278955,9498.405925816212,9205.616698223474,7723.827059936063,8506.1183921444,8645.40266107737,7689.50355504924,7467.536303076471,8930.314944056063,9371.02804006382,9639.906961658113,8084.3706943113075,9361.212299697652,7798.472556562706,9650.805567165487,8438.425928976094,9176.233726891769
1610555988.71dMoYT8250UHHJGxgmITTmbHe7V6gH1yU,8640.699713038659,8112.181721409263,9191.716933187452,7710.522946356495,8336.835698006393,8377.55342274254,8726.390099294058,9057.772105605158,8324.093585097531,9532.616033412318,7796.147108901724,6168.501586859643,9245.782464623682,9038.68527578746,8623.666301709447,8075.483475732062,8378.310132056242,8320.047276360798,8243.723817221487,8217.997291886972,0.0,8035.728434215489,8429.299994717969,9132.129295913479,8340.21614144245,8205.082812751823,8629.940695766301,6518.565864548857,8149.795421157833,8732.107181229494,8903.884138800497,8568.096907662435,9377.958931362477,8653.62223222886,7136.966185182777,7666.030591544926,7963.640482574706,8758.409436215788,8364.638654156339,8913.951021682298,7765.265356580477,7184.968733105263,8104.132504347575,7251.771996298083,8207.720387690093,7831.085078488151,8679.682370592784,8469.823461844113,9350.36050003302,8744.11303528588,6854.386288149259,8876.066890969565,9604.664756915643,8593.962414076323,8705.084455404676,8368.924563390568,8031.6979602030915,7410.814739562799,7419.996483307488,8272.623468380381,8434.070334161264,8813.449470312476,8669.431909397801,8497.370257164392,8631.33948862254,8618.412292246423,8337.57228394927,8226.975757861524
1610556042.81mlUZsSp7gbGjrp8jQSnybT1gPy6e62o1,9219.995698562436,8028.958086175988,9665.778729206415,8634.907432110025,8955.872497572624,9139.500369160642,8974.242504626152,9527.859704125252,9049.352793947603,10120.43135207212,8284.719079720599,8003.419617722641,9600.920731403547,9448.894714609934,8301.813035785757,9040.52150635506,8495.650470011458,8265.300947682725,8817.398748734448,9428.744196930638,8035.728434215489,0.0,8957.910394158871,9627.92980745132,8947.471547339575,8847.399684462362,9263.124866740296,7929.588648387143,9115.215454489935,8661.14410754202,9610.697511490358,8701.880044268582,9842.183538680278,9447.833426187923,8776.512300415417,8386.31051873658,9044.840896833108,9459.706656769848,8934.743655170776,9111.822165706582,8458.374016253514,7416.449812160004,8987.155444892778,8656.136238443949,8278.779902164319,8196.868681790747,9300.011555586485,9281.699602907132,9824.696394848952,8986.813881736398,8423.81246016466,9258.140897792715,9961.30919704622,8462.871004379665,9351.82328487556,9104.251173251723,8741.848155234455,8707.026698914184,8716.371654359693,8534.283635129721,8072.285541840513,8171.251840047116,9129.390667126429,8063.788644752882,9336.042211125381,7635.260733988494,8922.616845432336,8209.436866083199
1610555637.02UBW5nKvDyUrKnaWcYRGajZPxTRDS0q3N,7027.064099647419,7950.582478308355,7698.650896041042,8055.451656050477,5726.74918551957,7272.409775255716,7283.507589965937,7604.299594424578,7256.705327341147,8713.647279349952,8526.129731628323,8450.839923280222,8814.709933201511,7816.960575602047,8991.569092826454,7974.185227332484,8985.419825185141,9090.479390817041,7152.337006083373,8037.425264806977,8429.299994717969,8957.910394158871,0.0,7651.693172860758,7448.901065540461,7520.9810133224355,6564.600627503204,7969.509176008271,8175.32531633926,6774.713084061439,7956.910186899993,6572.72820523688,8658.558864560979,8258.442040138973,7991.651722681872,8300.616304833104,8059.144876845106,7932.148422629275,8123.277836532245,8728.976356464189,8366.832156718943,8749.423633660615,8132.734719499985,8139.979108004949,8495.634734939551,8340.356469004466,8644.176850443077,7581.881058234884,8504.385344848979,8416.521515147871,7927.048374085355,7746.223432129754,9323.201266260789,8868.573550454596,8237.187506422559,6252.28503434058,7566.839524100758,8182.777493192672,7812.944143845033,7283.8774779951345,8879.018548937382,9266.6946439529,8265.41697321212,8642.403548812066,7949.585100551861,9192.52062843672,8201.487486563365,8708.863665456349
1610555619.13oUYNikU4facCTpUSiSLr0vPI0tJLnXiT,5498.706633700988,8528.602825541675,4537.747360578952,8881.719784724624,7028.229054661489,8238.66468055973,7109.786341616038,4043.385601428329,7035.3532926155785,8966.528032040009,9414.97201576898,8792.752682123999,9054.561307289396,6380.581219611962,9393.887141428808,8707.951563758706,9801.38108544024,9775.050468011896,7782.3269337463635,8525.20622958256,9132.129295913479,9627.92980745132,7651.693172860758,0.0,8726.220984407719,8274.131572378788,7750.946965011923,8547.421608845167,9005.016062271947,7883.851325413049,8770.686810483026,7693.984037191388,9051.765716296723,9382.003445708327,8705.69741515289,9044.090199713062,8973.45687782317,9211.394254956047,9079.132841834778,9272.468234046848,9208.392129815245,9400.093259543819,8953.380678733487,8688.519028912715,9479.321917394123,9232.924844744606,9449.537572670813,8161.602341814072,9042.486419719578,9304.224671082142,8455.632154216426,8407.478111060609,9808.157014516752,9656.540080611432,8594.425697597788,8359.28888994015,8682.437046756795,8665.81438140338,8354.736725719496,8586.744723574175,9694.835942894513,9935.602985550106,9224.912659378071,9483.055852190513,8782.64761286351,9807.987559638817,8664.029790087356,9469.134492689105
1610555721.03nzkucfjAUh31zTbmCVvTVYqtjoxZFnBh,8179.917199210495,8147.067533045392,8833.681768186665,8326.456519495685,7723.443323912857,8044.519778938905,8085.896386583862,8630.120717524716,8155.017526206075,8990.948242458067,8446.210688891915,8436.479952941045,9137.666570355,8663.32097240785,8962.684705312384,8222.370686077742,8926.71990391497,9169.921836124471,7833.676086244992,8673.19926125524,8340.21614144245,8947.471547339575,7448.901065540461,8726.220984407719,0.0,8100.501806207494,8444.515150224865,7893.996114877192,8252.384706595669,8046.7974665983775,8809.858012726667,7677.658572463859,9035.533931749731,8667.24500855648,8011.476486313946,8331.058104467042,8339.17789650454,8510.039021178103,6751.8145026734155,8561.880183573632,8655.565927355125,8697.920259434748,8303.822235801932,8208.87435237446,8497.561380395535,8212.63151409562,8985.23752727651,7417.722955037335,8831.342448231402,8840.078971553123,7979.338161949149,8391.768040313249,9215.6246954719,8890.695297702143,8982.49919110541,7316.55465606173,7109.921185940356,8272.645505777908,7949.340135300979,7500.271611968615,8696.306705143188,9133.640827554547,8611.217260985613,8479.949495006114,8292.893106740674,9108.921802492876,8081.0253395162035,8619.14648635168
1610555722.67fhKURdXVzRbLIjXmjRwdJHTnE7PWb1AE,7761.985652331464,8370.333950181745,8293.21206712994,8247.032236180312,7303.537175492071,4131.10468686752,7803.085034023988,8191.6821523983,7383.429042214383,9328.311717863728,8064.711766565323,8595.09789417941,9216.582762234502,8147.767980728496,9028.013913029565,8661.8001751533,8594.648822015495,8952.172195141298,5815.4408142396305,8783.943350870593,8205.082812751823,8847.399684462362,7520.9810133224355,8274.131572378788,8100.501806207494,0.0,7938.7955965383235,7896.150949780879,8441.738441099846,7858.485069064424,8861.800317050967,7517.545302325627,9293.384445318898,8880.026152617578,8398.126015974134,8414.514002990862,8620.593455252108,8944.66517109739,8533.872000459434,8844.618399204131,8806.175084724264,8430.472661607082,8450.858874020892,8155.490048207707,8498.77221420222,7967.392865992537,8809.976797281444,8093.122772196554,9315.716289224609,8701.06899535543,8088.347283039011,8444.829037674068,9378.661071116421,8989.552378174267,9024.940297295901,7581.68422469206,7957.027315938138,8617.473587587512,7986.73232075084,7753.302891679618,8734.230352410086,9091.490480060853,9074.0472034711,8442.1573434578,9009.016203144523,9022.48033386762,8380.17803342761,8446.51607217406
1610555638.39J2ZWBLuLTHP0jOlzB4tNHmYeijH5g5YJ,7115.953522373929,8469.794324762672,7833.067123833191,8357.935053775569,6481.457722891501,7926.379449170227,7717.7644476457435,7661.350556253511,7257.260286645613,9022.623259124832,8863.212186700726,8632.737681598384,9039.555655073716,7974.248478550909,9017.34413670052,8315.092050383611,9239.114700911394,9335.808140528565,7693.201280599911,8229.517040291825,8629.940695766301,9263.124866740296,6564.600627503204,7750.946965011923,8444.515150224865,7938.7955965383235,0.0,8211.57368908394,8590.70969577843,7948.684655093886,7948.554655333088,7647.2309958264,8980.351594614516,8944.460808736469,8317.254285954245,8626.254727878095,8158.865965820909,8821.337044880813,8871.412276366984,8844.628972279243,8463.723493876938,8976.188762214992,8372.44841984261,8497.251503868378,8905.77243154008,8843.668460359873,8797.482175115745,7855.667742112664,8791.49301354242,8219.410373296745,8253.73912144517,7835.4217379258325,9469.393084743602,9287.124254602717,8403.264325921928,7641.563066379588,8389.753836847982,8555.586098653808,8120.6931079344085,8352.7745666351,9236.709961123006,9454.583366518185,8646.351905723155,8997.594045037404,8377.60563532169,9462.54671490356,8000.700807703918,9000.709737999756
1610556032.17Q6yCDx9g7alRnL9jBFXD2JhhUyB2hKfJ,8055.3873197478815,7578.764169137393,8629.031737494815,7192.178176191266,7906.646448500323,7872.55679438373,8132.566391261329,8453.666374918688,7943.174852165176,8939.702979529748,7877.625938321685,6698.053682892688,8802.496899746317,8521.375491150839,8491.205631495275,7623.849585306154,8529.62119477283,8234.10648135333,7685.727253012003,7904.214687696267,6518.565864548857,7929.588648387143,7969.509176008271,8547.421608845167,7893.996114877192,7896.150949780879,8211.57368908394,0.0,7691.343205407679,8177.734568316669,8538.722241891805,8146.360698051456,8846.494170048332,7790.465844531602,7106.692850377171,7464.062472641098,7684.746979972478,8047.794286002983,7902.024698639984,8376.83767301545,7656.75602032199,7049.954859162275,7702.8823140707655,6859.230285196851,8064.530502126012,7560.522487470348,8378.052624325835,8019.697005356936,8825.689989545952,8445.141885404248,6148.335418268715,8328.112691819528,8948.548849437644,8373.195218516685,8330.28557148043,7959.353291198242,7637.758226144943,7170.336030074207,6505.182255759209,7786.639073668881,7908.1635184572815,8645.227574028433,8319.097831913119,8131.969861254957,8097.855113115837,8457.767604860186,7970.209753078252,7538.280664989373
1610557007.49MyVgDnuUuBxrvL6SGOdhKf69VYlW1MSm,8488.889784833014,8045.205581393801,8999.655382701034,8024.007164921318,8208.13134292006,8392.09110192441,8534.604613239035,8950.950462745526,8601.19018216453,8959.627897393544,8505.267285457765,8070.39458958642,9046.031759371443,9063.900839039703,8838.75305297841,7773.828392779711,9049.55327988741,9073.716688655953,8181.150232890226,8389.17425694119,8149.795421157833,9115.215454489935,8175.32531633926,9005.016062271947,8252.384706595669,8441.738441099846,8590.70969577843,7691.343205407679,0.0,8567.22994989266,8519.02309653493,8649.491996495983,8871.178961338945,8530.418742761898,7709.166129128045,7749.5382063921725,7990.398416407646,8016.922008768436,7932.734671299207,8858.875144796459,7961.71884140747,8546.881639386109,8174.387158676621,7573.671475724608,8033.588619737423,8236.186366145877,9116.133989748736,8243.634293010979,8943.576780263811,8918.563642476893,7872.645202171964,8730.551769746273,9730.106064281705,8866.443896502878,8595.425244096507,8243.671390542511,8288.328352884608,8244.296888520275,8047.8071203001045,8447.204264743023,9039.685941578451,9231.952493743012,8358.546865086144,9037.867927030653,8215.522356508454,9083.142986701589,8432.001627483589,8719.471104180731
