,1610555604.25mOvVXuL01OCiReyVWBfesjuvXmB3MoPy,1610555605.43B6oDsBtWRQ29Q9UMQuTUEPZy3FSSWXzc,1610555610.92HPGJJSmyPM40z7otPBgHalNrHFA7zk5d,1610555606.68LaSQbm9EHAFycEfFtEqAwYqlBsQPjIRW,1610555617.19EKxMEwDHfXiEJZc27TsGoERaD6Da4BZU,1610555722.52PJ3FD50MGhRXyUD28vluU8Z9UjLJLZn4,1610555617.52Ijr5puT55g9apK8auM7zaxa3NANg502t,1610555638.77ZLjTLkz4jYJdFMI2wWBztzsDILkoOtAk,1610556912.46C7tJPLF0XfNnm8f1820X9aLmXMHoc0Dw,1610555617.51LjzIROg0aeCP2GhDcAVQ0LipKJB9jmKc,1610555608.17OpjjHobqRkX0UPcaXrbu7K6L3805SZri,1610555721.82zWeNZfGUUfRJkgnAwlP8VMhPzXctnSd4,1610555735.75bom85BDF0C7W2eIseHeMxi24qR68nzMi,1610555735.77NnT5xqKnwcf2BbjIekeb2arTQj6QMNwk,1610555638.33wjf1PhdNaoWfbRzXVn50hmFyB5bYAiLV,1610555606.65jCE4ig8Pu8kvAzkxnSGfWsV0nQBjCf8H,1610555608.18ONsBCVo1i7BrX0XG9stct4oiA6ejX9Oz,1610555721.51RNoQUMP19FTMS79BmA3JkgSm2IC2AQuQ,1610555971.86O0cHB2ibBJ8jxoObg01EpGe8VVV5mpwn,1610556911.51zU3duZSGpcw1BDNsBLxdOCITAXwl6z3i,1610555988.71dMoYT8250UHHJGxgmITTmbHe7V6gH1yU,1610556042.81mlUZsSp7gbGjrp8jQSnybT1gPy6e62o1,1610555637.02UBW5nKvDyUrKnaWcYRGajZPxTRDS0q3N,1610555619.13oUYNikU4facCTpUSiSLr0vPI0tJLnXiT,1610555721.03nzkucfjAUh31zTbmCVvTVYqtjoxZFnBh,1610555722.67fhKURdXVzRbLIjXmjRwdJHTnE7PWb1AE,1610555638.39J2ZWBLuLTHP0jOlzB4tNHmYeijH5g5YJ,1610556032.17Q6yCDx9g7alRnL9jBFXD2JhhUyB2hKfJ,1610557007.49MyVgDnuUuBxrvL6SGOdhKf69VYlW1MSm,1610555638.44hjT5hbYdKoE3MB6hijrjqbjmLgvCUYKD,1610555608.13zUvmFSCRt6SsLbhqFznMEvGx54GPGQzM,1610556038.62a5C4ynd1AARyAhTv8a58NCqHvXRjscqH,1610555644.45Xse8u7pusHNsd7F3d0A32HXvXr6weOJE,1610556038.62gKXOCG7XCn55eJvyl5voNjbwOW0znQDq,1610555987.13v0oleKK97pkesp6oMgprH8SoSdoDVdIO,1610556964.96ZLLeiQW0qpmxhPGTg7K03fmzkqsC2bjC,1610555987.13VQlEedQ50VvkPMEMzZDv3KNnQCewykN9,1610555982.186TY6MMGkDecIN1woW6vsfAMXVV7jnyjO,1610555982.673LuMndkwkvdmZOn0MmE2Pkidx0FtNalb,1610555733.38zItcuH7gHNfKdALR2d9Nek6bxCyw36Vm,1610556034.15BQxSbZINGCay0yp6RBVlgcPrw76Yn9ON,1610555639.37BPZpgtGml8qUsh9AdV4m32jPLfI2aNFq,1610556965.57S0adAalhWYe6K3bkZU0bRHbqnDK8gGkR,1610555983.54zteLPCMjyrjzPdhHhlZr3faCgD0TfYr3,1610555987.79rHnNRmt9a0ufmnwCvZqBouyUoZDNpylW,1610556960.041xWER61rmArlsKfiMl4frikWmUCnQ7op,1610556035.13a7NHZDutfTMJ88qle1gTYY59Dr4WmMsj,1610556890.456ZBDaY16bMtrTZTqAgHl3wq1tRxzqDow,1610555760.24e6890pkbyZ97Or6croI1rQgjkSsR0yVt,1610556043.02YpWMIJg3W004iqlPyv8OcVAZdSC5rNYw,1610555987.03z05P26TLtONYM1HSzupoc2CeNMa6HTqr,1610556032.15OYCzUxpsz7b10AXBAuDXrvEcvxFhf0M7,1610556032.63Z80yI9pNwS3jSmsDABbuhf8wkNa2Ze9y,1610555736.28eGuESasTXdR3SqY6pHhEXWZtcdciYLCO,1610556034.61bebeZA0MkaFG2sm3VKiqrxeqQginTTW0,1610556944.5XwXOphKYT3ZkWA8gViqOS97VHVuMVUqb,1610556944.745UVLFBzf7fPh4UH37I6tYQOFPqRDytEh,1610556034.63XsUwaFaPZevO1JNFjfhvY4aKNFnV4noV,1610556964.89xwBHw9faT1HjQRMNQEyA4qJ3hWkwgj3k,1610556966.74DydzH91jtyvRyYau47JpVkZoMRSNTt01,1610555740.77UueVziDbaXyRR4OcVJIIZyzOfAzN51bj,1610556046.84e3vwjyRCzqz0wJQhrk8zsxlFfFSv98Df,1610556137.99eoPuVrDThKAOvmeprLPb2FWRqIhzUodc,1610555740.73XFwSrmTXJPlaxGZSefh0jOVA8PI3III1,1610556123.88AOfNaz9jSnqU5Czc7okOv1RCrYfKFBTo,1610556046.85nB7NvyoYQeLcOV391Lmmut1wAM8CFGLw,1610556123.89H4pdIAzDthI7bMXMhlIhKUYIQIvtmPPQ,1610555740.87GOYQUJKpkynIS2lFqppYK4b32ol7NeGh
1610555604.25mOvVXuL01OCiReyVWBfesjuvXmB3MoPy,0.0,6757.4206791894785,4403.102887561239,7187.005679594806,5241.50774726566,6557.024290546496,5599.224743623496,4395.028918230546,4932.948258940555,6908.68455551238,7817.375688471187,7180.204840752144,7178.717744801898,5275.2392925832055,7696.682171118934,6965.663218571248,8213.120724121873,7715.0876780369945,5952.622386252283,6791.34652055651,7415.223822126001,8046.8258060716025,5986.908514622406,4601.081095121973,6926.145594234604,6642.935793796616,5880.3771618274595,6913.003589935644,7253.042494298369,6144.38804634765,6963.4516804717205,5753.634743430197,7120.462763288924,7543.132710998483,7064.000692076067,7187.123702870426,7254.735838197598,7417.443813209352,7280.283089199881,7542.150819456673,7444.443544556692,7747.127056616872,7238.666017119106,7029.989111446825,7770.212772682675,7512.716483934712,7615.307800252254,6384.402830869812,7102.8554570484075,7597.365481051038,6885.962974427865,6685.932751691952,7879.653709330951,7833.073782804017,7080.311958270926,6643.254919597826,6952.148599986716,7008.4201932534115,6720.2077618938565,6639.347202409993,7950.992613095733,8173.33963267801,7430.24370527639,7638.6608633867945,6916.807150652947,8139.173150722732,6960.497509637939,7646.000282130645
1610555605.43B6oDsBtWRQ29Q9UMQuTUEPZy3FSSWXzc,6757.4206791894785,0.0,7415.193973488352,6233.572898297722,6876.1894210124265,7194.04166609663,6611.263579914545,7367.746236286199,7050.3600846862755,7051.278558828574,6690.870216326056,6547.150813803265,6364.902322289977,7173.831481982748,7223.140350997005,6462.9978932093245,6967.511317752393,5454.573931746704,7041.016149187624,6854.25251485145,6856.893335269018,6872.8728373124895,6780.722657296031,7443.364923666543,6847.624719811672,7198.211568889739,7101.437836245742,6437.233792959225,6794.724038594876,6687.849781491072,6988.502649552212,6676.451662828751,6717.556868627315,6951.6500830064415,6847.32830145083,6968.077352321678,7138.286226268324,6738.848817415548,6174.672914274646,7657.133750881682,6869.379540849508,6807.6195389879,7342.55229440243,6639.9695693682725,6319.089628687653,5470.499312217652,7587.2001562245405,7056.488472315646,7049.936934347754,7369.99159674191,6736.338276017591,7416.790741826664,7653.186830252101,6837.708380129969,6973.8041064021845,7037.599669496781,6995.302354532749,6825.281981410283,6852.534776156423,6918.47627671071,7109.50378201739,7193.084460536606,6649.849462929553,6953.320658322283,6721.90956237032,7205.046587253545,7096.433355587621,7003.80221192545
1610555610.92HPGJJSmyPM40z7otPBgHalNrHFA7zk5d,4403.102887561239,7415.193973488352,0.0,7714.581002020693,6022.668820354656,7143.806870002767,5731.142968751567,4186.898913763779,5888.532493583082,7555.026526448988,8303.539691918515,7642.84433700451,7798.19330147437,5490.701602442035,8200.393853160136,7535.383661711686,8662.600308567375,8271.305383017438,6644.495011421675,7334.422373077205,7958.081785530922,8487.330608735148,6674.911657647276,3887.231909128435,7579.8590849745015,7174.771549050976,6598.266165729345,7488.278843539954,7781.354014829567,6596.159680653557,7533.37758750663,6459.683310323883,7743.388825254493,8074.013834470904,7610.183134002162,7725.559176605522,7753.59918433713,7980.628666044437,7913.009299427519,8049.189847327766,7912.50958615928,8242.912111416743,7780.924907589433,7624.317999632771,8297.526078826475,8094.968145850699,8148.73478753191,6948.672804531376,7698.919969218901,8073.983955419149,7439.883484493949,7220.458556289729,8401.315335509787,8351.698527252598,7379.802161738148,7269.3316487679385,7562.428646487415,7507.28905689146,7309.37675496827,7249.99651586221,8441.924361211311,8602.525439425975,7964.212756201679,8137.385074280481,7465.14157726137,8581.67018530057,7492.773664541326,8124.159401225649
1610555606.68LaSQbm9EHAFycEfFtEqAwYqlBsQPjIRW,7187.005679594806,6233.572898297722,7714.581002020693,0.0,6877.334374840297,7006.918315249323,7104.405572512701,7655.248936120869,7240.802560012032,7688.329305022503,5797.262930496416,6717.83945346872,7722.316292348009,7524.506180935077,7505.965595332649,6550.710848375803,6863.347167309948,6929.251468513212,6785.816479419727,6897.863280041026,6550.842824450204,7394.938856362828,6946.429004224149,7734.214753041097,7098.486442743856,7147.066273141122,7036.062111101926,6137.596573725209,6862.167075371347,7020.476348026903,7097.819104211378,7105.9845732573385,7746.626025190425,7197.5057665401155,6302.32407478807,6520.263139319976,6794.924435634921,7090.618361873983,6703.678813483852,7434.555388912502,6532.946283084073,6777.176561132999,6688.521035877005,6271.8540931100715,6765.585545515519,6391.844864975071,7597.617895724628,7099.712621070082,7559.79772645906,7498.124570472781,6327.6608520560885,7359.993366745839,8005.688371182173,7280.508214945504,7006.521283657746,7146.085248207842,6596.7972616529905,6781.972814372782,6522.628467500723,6989.999699641349,7119.588139966184,7626.823604844555,6998.2239990225125,7203.978722046566,6880.314935431613,7685.2938857971085,6946.009517986823,6845.515893138405
1610555617.19EKxMEwDHfXiEJZc27TsGoERaD6Da4BZU,5241.50774726566,6876.1894210124265,6022.668820354656,6877.334374840297,0.0,6239.621783678673,5249.646832250021,5889.069967092256,4979.131765380825,7231.281299760189,7486.043344318855,7130.849071609602,7499.088757231215,5817.5176312313915,7490.28952565023,6986.082147808524,7879.3118202401365,7505.366986315308,5844.495631151961,6857.729405929265,7161.745884078632,7808.7141286396745,4825.898615010868,6008.382465719449,6561.648231816538,6284.703932589214,5253.033502084322,6792.555482797145,7024.727992032047,5901.504409176106,6841.693688631931,5500.536459966013,7400.365985124044,7342.856705863562,6837.76239862664,6950.389189866534,6915.720057040522,7174.643145865115,7187.901035165717,7491.63557928545,7071.863179146833,7481.812347994093,6929.423365232163,6890.707286082476,7484.381958497161,7326.405099844152,7374.862845554365,6370.928903129552,7253.631030669413,7163.547381935104,6848.593258607414,6532.8238836977425,7862.216158644818,7620.404528544474,7091.946924805388,5779.305591942366,6546.774855440737,7109.678219560986,6736.282403898226,6203.651076442288,7654.297844721481,7966.9025922736455,7336.38532257503,7360.604405681537,6839.82477251318,7909.006358260206,6895.418442249706,7327.960427819087
1610555722.52PJ3FD50MGhRXyUD28vluU8Z9UjLJLZn4,6557.024290546496,7194.04166609663,7143.806870002767,7006.918315249323,6239.621783678673,0.0,6677.289970931211,7095.553855620866,6330.044312570008,7717.946758614058,7261.390596297928,7341.360847071468,7843.760174976767,6888.62219427795,7787.137340468162,7421.350708282475,7801.729395839504,7621.922546608422,4489.04599641244,7361.155815165099,7148.152712005473,7884.61780420188,6301.295097252407,7148.52924025832,6781.854596344717,3417.5377111561174,6672.170025461015,6753.465779138871,7191.761328117024,6670.690650184298,7485.878021272149,6336.7259014326555,7881.746435886344,7598.700430769583,7171.192238511186,7208.276800665986,7487.718735796716,7735.680814593441,7311.440789204879,7552.380950014441,7552.511784346387,7469.652459036963,7263.447830682129,6954.760994092178,7408.93743733941,6905.252180956887,7397.386085502431,6717.1703294740855,7887.821223217965,7469.253358410101,6857.59435320678,6944.619074936651,7857.772806673127,7792.1290296078105,7666.621369492795,6346.475479769516,6872.244139419904,7244.470215605878,6757.5114445850395,6349.246105194859,7540.057234005965,7963.76759912827,7821.0622371172,7352.88746819005,7628.39287647313,7948.203695989508,7149.845067580915,7223.147435239711
1610555617.52Ijr5puT55g9apK8auM7zaxa3NANg502t,5599.224743623496,6611.263579914545,5731.142968751567,7104.405572512701,5249.646832250021,6677.289970931211,0.0,6035.762658148086,5855.4991023716275,7344.931504845992,7647.841329618727,7245.102617472033,7418.504300098469,5270.275136722996,7598.947851270741,7142.079374655613,7963.499149661845,7558.5423055958,6270.385548513824,7188.254366063593,7451.474091570392,7768.8411735341315,6129.160341685919,6034.751617953404,6792.12624936257,6622.169134584053,6328.462104249587,6941.863811843664,7232.05822117158,5200.711867707651,7111.079800747345,5637.798990385157,7472.757373504068,7628.83414834425,7137.119627589624,7188.3566032646695,7326.601572287366,7552.450303336205,7143.950999666482,7636.996973749902,7370.5100668183,7599.374508331402,7353.81548201539,7079.743403632889,7599.968117983269,7365.110319893882,7712.968646237977,6585.2312635649705,7373.585867417096,7595.639749368809,7035.017249667704,6782.257178743294,7871.546844472949,7642.67535311659,7223.523155795163,6675.057483968139,6933.324608989155,7102.5704702189305,7010.779053612204,6377.152429582665,7823.594856413475,7994.800533927853,7499.041220085023,7394.944858629865,7100.9599463198965,7975.7709009940445,7070.484165505628,7522.8143522585615
1610555638.77ZLjTLkz4jYJdFMI2wWBztzsDILkoOtAk,4395.028918230546,7367.746236286199,4186.898913763779,7655.248936120869,5889.069967092256,7095.553855620866,6035.762658148086,0.0,5727.888490994598,7552.658667068055,8205.711493604247,7587.280540885719,7756.574239461273,4849.0086133090845,8069.478246059299,7483.0569711831695,8564.156730523138,8151.568384136596,6562.046776144149,7280.736015733826,7861.3788798830665,8384.072806612641,6613.64308068487,3421.965310720152,7436.563424429781,7086.8842307578425,6448.753869343865,7366.054027674447,7756.676312938146,6767.366000330956,7496.302834295872,6348.090563815754,7715.159812759892,8041.20959516237,7535.184578788977,7614.977229169318,7711.2564661981,7954.858302806702,7850.0112488637415,7983.082415225093,7816.285505544888,8061.502255825861,7688.763870295835,7522.222789007141,8210.578187394678,7967.6593909122175,8068.65134033106,6917.149386384473,7681.612869009468,7986.234187481963,7325.988525901614,7129.142679155896,8328.007305912692,8261.815814327436,7355.969742430255,7191.942331281985,7409.5962565734635,7493.287923633463,7166.573641117771,7166.245183643409,8300.557928238026,8529.440615355701,7943.310930861779,8008.4576929481345,7431.942429123019,8446.497271846803,7399.982144834528,8024.542281596294
1610556912.46C7tJPLF0XfNnm8f1820X9aLmXMHoc0Dw,4932.948258940555,7050.3600846862755,5888.532493583082,7240.802560012032,4979.131765380825,6330.044312570008,5855.4991023716275,5727.888490994598,0.0,7479.141381127392,7646.133344316953,7119.465201928213,7642.302054529719,5720.972724526606,7536.545917058476,7161.342426785631,7971.909388431512,7455.761129773521,5757.712130859922,7073.500109981668,7046.9335985608495,7798.851798469766,6112.599397580219,5807.657258130449,6854.803087850522,6214.234729257647,5897.40945372251,6714.075258583284,7296.286989437507,6335.369585049312,7259.137270353512,5985.671456832117,7655.844849585659,7609.098063846364,6998.057969043265,7050.387477537706,7109.239225432995,7547.431508520609,7414.82539438119,7587.1201463257175,7326.464471527967,7451.550479736629,7087.528415930212,7005.907246804686,7603.123498231786,7340.918534137962,7473.497819346871,6555.559621037971,7567.396641479288,7385.039268988597,6833.470190643531,6722.556752682388,7931.570088691425,7741.337888699557,7361.123668615022,6346.184125723367,6751.684292778713,7023.996504122176,6779.450593198945,6501.136852359309,7712.302988170157,8019.03397419957,7667.979528466056,7457.806602640167,7298.800500025721,7926.696123186322,7092.9264593328035,7426.962386319729
1610555617.51LjzIROg0aeCP2GhDcAVQ0LipKJB9jmKc,6908.68455551238,7051.278558828574,7555.026526448988,7688.329305022503,7231.281299760189,7717.946758614058,7344.931504845992,7552.658667068055,7479.141381127392,0.0,8432.911239606949,7749.359378099125,6088.416928097883,7579.6652117821895,8310.934969614564,7336.622866725987,8775.9844833945,8249.046439559696,7726.306291454093,7099.3599037972035,8024.2351585612805,8719.991730512338,7240.738101031984,7603.4710819890315,7425.328590861864,7891.104159002285,7368.424186528118,7504.350712854653,7489.4847625924485,7632.671030317547,7115.160486213059,7652.850059872609,5075.503354669954,7759.521539818272,7486.4669278246665,7890.140639107859,7643.950365861803,7513.402652261724,7220.865383468844,7713.762019148079,7820.974354568263,8401.284828337553,7790.84170479595,7716.4942966602175,8173.963156088186,8004.033969071829,7989.106296265843,7036.562167266818,5299.033964576418,8160.450654430452,7368.658836485879,7611.089762835814,7770.613397792016,8370.074375934937,7413.930340298151,7667.146613778573,7808.1544547051735,7489.26781270482,7240.420201689051,7822.542709600859,8463.989304411158,8664.854914380077,7439.840964082908,8348.529027082452,6347.822930397098,8769.522525855535,7563.495383327919,8190.937954875494
1610555608.17OpjjHobqRkX0UPcaXrbu7K6L3805SZri,7817.375688471187,6690.870216326056,8303.539691918515,5797.262930496416,7486.043344318855,7261.390596297928,7647.841329618727,8205.711493604247,7646.133344316953,8432.911239606949,0.0,7242.487836648359,8149.681752569335,7962.535997605172,7536.116901653054,7233.103599589359,4912.594764162012,6875.962160069664,7047.967919242402,7641.923989159991,6621.846395437016,7081.841559566125,7449.226670306073,8320.226315280323,7217.831058231507,7011.3497037164525,7590.995565185197,6760.605964555313,7287.597071521882,7494.045450751944,7864.211799792881,7348.300198859401,8285.238831318766,7761.103361446899,7086.114688320199,6682.724280561848,7328.7823700322715,7653.537390249321,7224.491738694013,7857.321484671407,7043.599423384826,6361.862033592651,7232.927119618391,7071.679180948851,6626.870138294179,5908.445330441986,7919.499913321181,7668.080865845103,8183.820457509017,7453.229141942319,7039.814253494753,7905.457087944122,8238.973172379605,7217.813269580709,7651.819761547535,7430.258320449252,6626.182596482702,7356.876702172361,7266.449975988115,7223.082692152727,6961.7073345824065,7159.194270249731,7509.070388260301,6951.23473622489,7642.83503513714,7104.960724795298,7324.527456677306,6881.4265435866955
1610555721.82zWeNZfGUUfRJkgnAwlP8VMhPzXctnSd4,7180.204840752144,6547.150813803265,7642.84433700451,6717.83945346872,7130.849071609602,7341.360847071468,7245.102617472033,7587.280540885719,7119.465201928213,7749.359378099125,7242.487836648359,0.0,7638.843086411316,7454.532475336291,7305.302848702845,6606.693059081885,7673.786275467805,6870.490520223361,7167.499061594189,6762.3104977551675,5106.125896909292,6786.328579703842,7267.589811223129,7665.479602962534,7110.3332734278565,7346.91343833351,7271.073501596448,5652.965502027828,6883.5595117213625,7377.336089994243,7496.355967082747,7179.460215248756,7696.482204677521,7269.260143736794,6032.408658342723,6493.175266152823,7031.335187401852,7331.137075094103,7025.804907864073,7534.014346634,6701.486812770907,6426.749971912686,7163.251473427716,6070.0016322707515,7281.9754166318035,7039.439139222898,7455.952709852764,7034.006226346311,7723.268085287226,7431.80195402923,5756.674678955489,7342.887920547743,8067.663571163336,7407.656129661643,7248.196454672218,7187.036377451032,7172.358597925629,6086.386641712138,6365.649117459666,6988.2115035285615,7457.139036178416,7617.263955011836,7092.298028307606,7396.148943501172,6991.536474149406,7522.701079421818,6960.61888950063,7264.615696920313
1610555735.75bom85BDF0C7W2eIseHeMxi24qR68nzMi,7178.717744801898,6364.902322289977,7798.19330147437,7722.316292348009,7499.088757231215,7843.760174976767,7418.504300098469,7756.574239461273,7642.302054529719,6088.416928097883,8149.681752569335,7638.843086411316,0.0,7706.807299110622,8053.132543535186,7448.034489277264,8340.544107710948,7724.3327775759535,7873.367566813753,7291.61535497,7866.20416402371,8292.892636377746,7498.33575681795,7826.845989496661,7686.570772922648,7919.991174152411,7575.20078496935,7495.896621792217,7621.766169147108,7678.555922405106,7186.112540660408,7563.947092135011,4304.574286753915,7592.597307218411,7642.009386996119,7935.220222527029,7726.929686971708,7484.5358545096815,7348.327187006769,7741.51116072983,7800.495442211162,8055.701278017994,7921.4879359829465,7729.058394804685,7946.766273705525,7613.155389232182,8034.032149152302,7569.06798647271,7076.558053649344,7980.887944749608,7591.523240727239,7854.653419130964,7800.79135115019,7824.386246910495,7451.5040146489455,7816.512677611786,7997.307495025589,7644.691737593394,7561.024228887862,7983.591169109657,8232.174140315154,8127.575885286844,7389.803519848183,8072.805062390741,7239.276102708146,8259.688427747747,7629.689381789181,8027.716903383273
1610555735.77NnT5xqKnwcf2BbjIekeb2arTQj6QMNwk,5275.2392925832055,7173.831481982748,5490.701602442035,7524.506180935077,5817.5176312313915,6888.62219427795,5270.275136722996,4849.0086133090845,5720.972724526606,7579.6652117821895,7962.535997605172,7454.532475336291,7706.807299110622,0.0,7820.297664822197,7384.496097713548,8256.05609569737,7865.620142499569,6450.632564056637,7221.2114631951545,7605.381927092443,8092.472568377214,6553.486312320506,5341.316566364816,7229.946446243111,6801.148461832016,6510.606373404423,7202.359905862742,7654.4908857375995,6481.255560273244,7467.268859618224,6135.366059280498,7729.483755693759,7951.905270590752,7359.0815024478525,7419.714507338432,7533.510016757664,7883.242060719607,7699.952753093566,7858.376951731576,7682.816457988623,7811.37592440148,7551.047425222144,7402.485308627969,7963.950436101251,7679.618115112546,7943.952860288572,6861.08129957038,7670.746994224051,7886.718721442939,7235.899430255987,7030.624934839945,8196.323139630242,8022.274013929995,7466.283890375287,7061.198912433379,7174.59146540241,7307.03021242813,7122.738120408169,6866.455807903056,8058.635584212231,8277.422576463481,7881.993210370285,7669.528251039653,7429.082293423489,8158.952297676285,7350.475421723075,7753.947208861703
1610555638.33wjf1PhdNaoWfbRzXVn50hmFyB5bYAiLV,7696.682171118934,7223.140350997005,8200.393853160136,7505.965595332649,7490.28952565023,7787.137340468162,7598.947851270741,8069.478246059299,7536.545917058476,8310.934969614564,7536.116901653054,7305.302848702845,8053.132543535186,7820.297664822197,0.0,7509.115351325804,7813.717381938825,7395.608222311916,7531.348700699418,7837.206841466597,7240.7803804948635,7015.450740759578,7685.602582884613,8126.24974816999,7531.171117520771,7674.300416457768,7556.10461802296,7191.311477466915,7467.609617424757,7630.963589541229,7666.61135437281,7417.98999860662,8232.20027353548,8165.484396095024,7231.676858518159,6755.9246283609855,7198.123657581303,8123.1120867553445,7680.105285901977,7493.86227895959,6298.736931285883,6902.252385281112,6684.61932081139,7497.806759031356,6971.542356538308,7374.065333150222,7748.144399759311,7637.789067855751,8281.812693670172,7659.078964627532,7336.3820054022135,7576.454391232714,8488.362375050456,7275.386703811894,7673.4773527536345,7709.156167134171,7197.642175126071,7595.485631086869,7483.300002346254,7204.582011311706,7059.026280088772,7257.14913830662,7944.330654744315,7046.438130498923,8013.135881258724,6756.750777224257,7559.2588979774555,7127.054144065492
1610555606.65jCE4ig8Pu8kvAzkxnSGfWsV0nQBjCf8H,6965.663218571248,6462.9978932093245,7535.383661711686,6550.710848375803,6986.082147808524,7421.350708282475,7142.079374655613,7483.0569711831695,7161.342426785631,7336.622866725987,7233.103599589359,6606.693059081885,7448.034489277264,7384.496097713548,7509.115351325804,0.0,7705.007546890579,7476.841084700281,7296.79883955705,6200.023433775153,6798.355178306634,7781.965273040237,6851.241335001383,7576.3979019749895,6952.013489642019,7480.936133961447,6983.979795145539,6432.293754068659,6603.839475041285,7149.797446724649,6395.952121262056,7159.209924612968,7094.859667916901,6367.162898439328,5612.98184771513,6140.833996468014,6274.069749746096,5651.482962909913,6898.9081845154005,7352.764875521628,6559.721011670886,7366.411394903015,6944.6120007575655,6656.024832296606,7027.164284926342,7233.024017582849,7409.890909296599,6882.894613865757,7206.740439950193,7192.776420445397,6112.621572897364,7305.413036097205,7604.092988269376,7526.43121847245,6343.655183645178,7184.16845560903,7159.509566740648,6201.699263345894,6293.6295768503105,7293.585138848151,7538.606927098807,7791.455535425453,5920.342116899348,7541.127362413252,6379.858135897712,7878.063252813117,6689.402426148739,7294.0367614119305
1610555608.18ONsBCVo1i7BrX0XG9stct4oiA6ejX9Oz,8213.120724121873,6967.511317752393,8662.600308567375,6863.347167309948,7879.3118202401365,7801.729395839504,7963.499149661845,8564.156730523138,7971.909388431512,8775.9844833945,4912.594764162012,7673.786275467805,8340.544107710948,8256.05609569737,7813.717381938825,7705.007546890579,0.0,7143.719867382352,7575.200727529934,8083.237411843257,7125.518672344911,7216.888554447325,7839.407101041362,8655.569685366683,7616.345915308718,7470.079303379045,7934.430701599274,7318.518657556411,7743.591783784726,7800.7089986687515,8258.86596928413,7652.758865695983,8585.457148470558,8050.089739482577,7656.34971211524,7218.158864776475,7837.588508425435,7977.024520371317,7529.072284933959,8325.569166864505,7389.233905021621,6828.768852318255,7799.088623864306,7517.02387924717,6940.893485798755,6587.791131877043,8276.017894692175,8100.165805674411,8389.965161351744,7637.456940314572,7592.192763368376,8287.33290371682,8545.778919225528,7327.07128505832,8027.857161751274,7830.951215493332,7094.439618814526,7844.498242446684,7781.507382709649,7614.947387819556,7298.848865568798,7121.939470173297,7706.538602826995,7047.9816333063545,7973.560201256577,7154.657055393236,7747.609606949297,7260.63254885422
1610555721.51RNoQUMP19FTMS79BmA3JkgSm2IC2AQuQ,7715.0876780369945,5454.573931746704,8271.305383017438,6929.251468513212,7505.366986315308,7621.922546608422,7558.5423055958,8151.568384136596,7455.761129773521,8249.046439559696,6875.962160069664,6870.490520223361,7724.3327775759535,7865.620142499569,7395.608222311916,7476.841084700281,7143.719867382352,0.0,7454.060339707137,7686.03812898728,6803.665112594091,6787.363307510368,7591.538192505423,8276.616116626687,7564.2879010353345,7469.058292500021,7672.834670706655,6757.475597670881,7518.145090139771,7476.240278677249,7889.38091725438,7354.911574158238,7991.436210115352,7695.517123480766,7475.73236802349,6982.49872217091,7706.482634280795,7627.294351150234,7318.128053906338,8020.641978576639,7210.171991559814,6658.535170632592,7574.298177110276,7081.184609038832,6508.996955809365,5748.466769983823,7783.633776812022,7771.555888300547,8112.745799265654,7607.456612109471,7144.449998139559,7918.8157513097985,8289.155897491137,7150.296164682109,7847.868613702632,7557.172542263966,7313.953078213084,7471.583819243316,7298.255251153266,7348.485918410683,7081.526554130788,7315.5513124583285,7589.6091810408525,6920.337444292601,7700.647540640214,7114.015026436407,7570.935681982005,7065.196098869936
1610555971.86O0cHB2ibBJ8jxoObg01EpGe8VVV5mpwn,5952.622386252283,7041.016149187624,6644.495011421675,6785.816479419727,5844.495631151961,4489.04599641244,6270.385548513824,6562.046776144149,5757.712130859922,7726.306291454093,7047.967919242402,7167.499061594189,7873.367566813753,6450.632564056637,7531.348700699418,7296.79883955705,7575.200727529934,7454.060339707137,0.0,7425.156896642252,7059.203393653689,7610.243591391057,6200.033211918594,6667.485463477978,6644.615018517543,4933.459230549939,6453.505928511879,6591.319563810512,7047.846396400125,6197.008144917119,7467.12248291158,6039.098830431018,7915.927625214785,7590.714502706977,7079.654671162621,6971.035150597017,7253.438280062912,7629.449407806996,7110.22916874939,7236.583392752738,7267.684794984754,7247.42864387581,7034.699973159191,6697.442593501907,7340.156747547025,6970.486576944334,7569.398371322921,6440.704413570936,7785.946428457544,7353.210912365475,6794.8169385497395,6590.330099166719,7980.68648382643,7695.931088721546,7565.754538850707,6332.534557478481,6546.47883142825,7206.117868228718,6736.560333135772,5970.7949844921695,7326.158128449431,7841.965897122139,7778.6446730175485,7171.007870001836,7442.197192404248,7703.446969226778,6905.270405803729,7017.028635906577
1610556911.51zU3duZSGpcw1BDNsBLxdOCITAXwl6z3i,6791.34652055651,6854.25251485145,7334.422373077205,6897.863280041026,6857.729405929265,7361.155815165099,7188.254366063593,7280.736015733826,7073.500109981668,7099.3599037972035,7641.923989159991,6762.3104977551675,7291.61535497,7221.2114631951545,7837.206841466597,6200.023433775153,8083.237411843257,7686.03812898728,7425.156896642252,0.0,6828.143695039251,8085.932064737265,6854.754314194919,7401.808740437972,7306.339159693359,7517.61369013706,6802.336222661455,6616.539982581489,7109.904292540338,7473.94296609295,6689.723900933491,7321.829269564004,7033.765075555047,6989.142098995381,6301.702155965126,6828.90464421209,6518.401841043985,6760.754412755953,7393.398858009121,7740.059731281315,7024.143483133275,7603.595440373404,7174.096331189163,6802.690069505887,7402.982159482516,7482.574305559424,7423.209946276725,6914.736472609073,7225.272387068613,7668.416252548441,6298.188534870631,7342.634132925431,7979.994807837072,7741.375400072385,6431.720906045508,7252.3914635919855,7297.837429893672,6368.79212300127,6310.349490570102,7445.321333058856,7913.95166237091,8150.904033280084,6752.499206366474,7849.697443453816,6474.67151205291,8203.176585844258,7111.244002188441,7666.5408713364395
1610555988.71dMoYT8250UHHJGxgmITTmbHe7V6gH1yU,7415.223822126001,6856.893335269018,7958.081785530922,6550.842824450204,7161.745884078632,7148.152712005473,7451.474091570392,7861.3788798830665,7046.9335985608495,8024.2351585612805,6621.846395437016,5106.125896909292,7866.20416402371,7605.381927092443,7240.7803804948635,6798.355178306634,7125.518672344911,6803.665112594091,7059.203393653689,6828.143695039251,0.0,6858.888585348729,7270.207723245574,7944.025637687836,7031.493298368151,7027.375264396727,7294.506736409333,5521.716927576415,6948.970587783045,7488.331647586472,7578.443844898468,7253.750912553787,7980.109466010773,7329.452309556076,6069.301693361797,6355.045225486924,6810.627774485518,7425.211687980481,7090.859719118523,7620.1518979700595,6502.4938342274845,6097.759448264614,6867.449531196945,6171.15954227837,6965.471270011813,6620.698849503667,7278.8540587444595,7204.900743010807,7909.749148453294,7334.371510526545,5781.664146014129,7467.714188985451,8029.450293340759,7231.88144987809,7279.629836330267,7140.804872558438,6808.971371149154,6125.835364818556,6288.2919254153285,6981.176552352606,7079.022331848925,7410.581579959662,7294.3792897965495,7084.73647137664,7239.061769807551,7284.976343295611,7030.2500029088515,6881.848749653142
1610556042.81mlUZsSp7gbGjrp8jQSnybT1gPy6e62o1,8046.8258060716025,6872.8728373124895,8487.330608735148,7394.938856362828,7808.7141286396745,7884.61780420188,7768.8411735341315,8384.072806612641,7798.851798469766,8719.991730512338,7081.841559566125,6786.328579703842,8292.892636377746,8092.472568377214,7015.450740759578,7781.965273040237,7216.888554447325,6787.363307510368,7610.243591391057,8085.932064737265,6858.888585348729,0.0,7814.971310380594,8498.475359481286,7655.4745528880885,7662.681816230377,7971.1793016231895,6832.907029027998,7890.337622506769,7446.010836080765,8317.929688522137,7389.88137580606,8525.478479838983,8086.044664126058,7640.23317366922,7087.995300471536,7867.214116286677,8151.7450007277885,7670.189658867979,7867.458304559645,7227.892556318888,6259.869884854212,7697.206467591006,7492.784748384226,7102.47925541232,6984.172216864368,7942.862377870339,7998.187398127641,8424.249469640681,7532.9860791016545,7298.416961661516,7929.976497121326,8372.435691589855,7110.044451449075,8043.283727263764,7842.541318955588,7463.084206256151,7492.97971268869,7554.245682758192,7198.747828400929,6783.820378140669,6817.876498159396,7831.616557406824,6711.833774020695,8004.840719101307,6423.939707264446,7577.230559163021,6907.46460910931
1610555637.02UBW5nKvDyUrKnaWcYRGajZPxTRDS0q3N,5986.908514622406,6780.722657296031,6674.911657647276,6946.429004224149,4825.898615010868,6301.295097252407,6129.160341685919,6613.64308068487,6112.599397580219,7240.738101031984,7449.226670306073,7267.589811223129,7498.33575681795,6553.486312320506,7685.602582884613,6851.241335001383,7839.407101041362,7591.538192505423,6200.033211918594,6854.754314194919,7270.207723245574,7814.971310380594,0.0,6670.891736655342,6313.07861211499,6536.957965581205,5399.325442687375,6924.686764398005,7049.199673559612,5767.408854442112,6695.43429204995,5492.1943644622015,7341.742567670147,7131.274906763172,6889.772329040987,7023.412370050599,6947.9935109061225,6836.498044708084,6964.736438546986,7535.653332667296,7107.394287911672,7579.60625791638,7007.0526379734465,7103.823730458394,7370.404404792001,7205.920488205143,7320.7693427596305,6417.717357296737,7139.221993310798,7170.228790507774,6917.80668503377,6540.477364421309,7893.668911059989,7588.608197813908,6976.123005993821,5276.790824550456,6558.154670979231,7034.738057240777,6779.70215430086,6036.836504932473,7593.548292089163,7949.379538896469,7047.145194116976,7351.833196752671,6691.648596183184,7944.723650496014,7013.020770538289,7399.966650277155
1610555619.13oUYNikU4facCTpUSiSLr0vPI0tJLnXiT,4601.081095121973,7443.364923666543,3887.231909128435,7734.214753041097,6008.382465719449,7148.52924025832,6034.751617953404,3421.965310720152,5807.657258130449,7603.4710819890315,8320.226315280323,7665.479602962534,7826.845989496661,5341.316566364816,8126.24974816999,7576.3979019749895,8655.569685366683,8276.616116626687,6667.485463477978,7401.808740437972,7944.025637687836,8498.475359481286,6670.891736655342,0.0,7527.3401747275,7173.072050859984,6547.789969735689,7466.784369517859,7818.185618654568,6791.9343049388635,7549.672543849284,6508.1281303881915,7817.543902383975,8130.150973010369,7588.5798536010625,7718.120912851746,7810.614407628083,8016.479484998825,7922.792299289644,8053.7870211836425,7909.762297857386,8174.274161909569,7785.8832619994755,7607.625988169799,8310.783065891359,8063.784957449018,8139.735756170043,6960.959568895457,7744.3876098024075,8069.830626234374,7398.507480811967,7229.0009687604415,8409.156892216584,8377.837254575019,7443.428431223642,7275.790171759154,7527.665506475969,7537.066308678083,7269.186948805047,7253.925371072989,8389.594838444988,8606.966801807685,7999.583110124163,8119.412691965964,7513.454017314219,8536.537174427162,7483.559699548434,8123.814435554701
1610555721.03nzkucfjAUh31zTbmCVvTVYqtjoxZFnBh,6926.145594234604,6847.624719811672,7579.8590849745015,7098.486442743856,6561.648231816538,6781.854596344717,6792.12624936257,7436.563424429781,6854.803087850522,7425.328590861864,7217.831058231507,7110.3332734278565,7686.570772922648,7229.946446243111,7531.171117520771,6952.013489642019,7616.345915308718,7564.2879010353345,6644.615018517543,7306.339159693359,7031.493298368151,7655.4745528880885,6313.07861211499,7527.3401747275,0.0,6890.270056064484,7050.101966886787,6680.462437215138,7063.4820574102505,6795.2761655772,7372.4552942624105,6403.5162889008,7610.233487253848,7305.857223059628,6800.021921300014,6983.167565969205,7106.109591583111,7195.238399755397,5710.603039640426,7252.743322207856,7259.064328236884,7395.198476364373,7041.23370674164,7035.115149408032,7260.871832325179,6925.0673800722525,7542.028803476304,6206.01433916345,7319.401295542582,7427.6292457841755,6798.385436528375,7025.780679667039,7573.359647051515,7544.917182242266,7520.801194633358,6173.987280193393,5984.5294462060065,6974.230365209825,6762.36210328186,6162.932500962283,7267.532419262593,7706.441770293315,7241.766634465234,7066.701563565201,6853.04479477798,7699.740721145695,6794.208261243164,7156.275757155615
1610555722.67fhKURdXVzRbLIjXmjRwdJHTnE7PWb1AE,6642.935793796616,7198.211568889739,7174.771549050976,7147.066273141122,6284.703932589214,3417.5377111561174,6622.169134584053,7086.8842307578425,6214.234729257647,7891.104159002285,7011.3497037164525,7346.91343833351,7919.991174152411,6801.148461832016,7674.300416457768,7480.936133961447,7470.079303379045,7469.058292500021,4933.459230549939,7517.61369013706,7027.375264396727,7662.681816230377,6536.957965581205,7173.072050859984,6890.270056064484,0.0,6717.123645812819,6783.562648203625,7236.775312472242,6684.602679929162,7607.592489073388,6312.502346706598,7986.8066552074115,7690.816846811701,7296.302852457079,7135.463809090578,7517.766699025343,7797.1059685337395,7344.544422377428,7590.07135418887,7514.497374519921,7235.198403487313,7286.258075665742,7007.743742464143,7365.303467398808,6849.61616323628,7427.239149818437,6881.906480156278,7997.905418693711,7372.344200118813,6940.873531332094,7121.239499436381,7863.604985622832,7674.37724387658,7730.453642002472,6478.285708376002,6841.627453351057,7364.931983013153,6849.692436920595,6377.005187187493,7418.810325793819,7771.042708533683,7863.0469580108675,7129.6840035856685,7725.554044778718,7712.911002582463,7141.13034017734,7144.336524648929
1610555638.39J2ZWBLuLTHP0jOlzB4tNHmYeijH5g5YJ,5880.3771618274595,7101.437836245742,6598.266165729345,7036.062111101926,5253.033502084322,6672.170025461015,6328.462104249587,6448.753869343865,5897.40945372251,7368.424186528118,7590.995565185197,7271.073501596448,7575.20078496935,6510.606373404423,7556.10461802296,6983.979795145539,7934.430701599274,7672.834670706655,6453.505928511879,6802.336222661455,7294.506736409333,7971.1793016231895,5399.325442687375,6547.789969735689,7050.101966886787,6717.123645812819,0.0,6951.428926630339,7255.88962389722,6608.421193865598,6521.930913544222,6271.975516814516,7495.719458388528,7549.905749972526,7007.763767612014,7138.7460717367285,6889.766563751491,7443.748184937853,7472.168725084644,7443.0688292614195,7019.883404916011,7605.553479890401,7039.067785115988,7223.785819314102,7598.580113991155,7508.481916067439,7303.8116377674205,6469.9934837287165,7316.074693355977,6810.706236466845,6982.963227662029,6426.957492510053,7883.477945137114,7834.318131029793,6950.478138803662,6348.926908303572,7095.306005608026,7155.550208796481,6866.8188947423705,6827.418991507344,7782.092410613257,7986.59653828445,7270.7321473930915,7497.049707615823,6944.890415391207,8039.432271925548,6656.222773982016,7539.6627301883445
1610556032.17Q6yCDx9g7alRnL9jBFXD2JhhUyB2hKfJ,6913.003589935644,6437.233792959225,7488.278843539954,6137.596573725209,6792.555482797145,6753.465779138871,6941.863811843664,7366.054027674447,6714.075258583284,7504.350712854653,6760.605964555313,5652.965502027828,7495.896621792217,7202.359905862742,7191.311477466915,6432.293754068659,7318.518657556411,6757.475597670881,6591.319563810512,6616.539982581489,5521.716927576415,6832.907029027998,6924.686764398005,7466.784369517859,6680.462437215138,6783.562648203625,6951.428926630339,0.0,6611.199092378832,7011.274049953271,7286.317230506926,6902.689754683518,7533.642329288698,6555.449158636112,6123.78422158617,6203.874123937895,6637.2646755977285,6814.279783567722,6715.991609686048,7177.325184317552,6481.656413352572,6022.281137855562,6605.158395015821,5854.58761584222,6928.900791572453,6452.945450881911,7060.1247554836,6828.3057707221005,7466.510266540032,7131.468447628161,5213.158984184239,7092.832821089759,7433.479933177697,7090.528691418784,7023.896505166649,6850.769327335706,6523.227661876444,5982.478695736299,5551.206594818648,6591.239631763714,6663.195285601633,7311.761574311325,6997.648482750129,6803.836862778981,6797.3019331890355,7190.096935093323,6757.701100709174,6318.565413517095
1610557007.49MyVgDnuUuBxrvL6SGOdhKf69VYlW1MSm,7253.042494298369,6794.724038594876,7781.354014829567,6862.167075371347,7024.727992032047,7191.761328117024,7232.05822117158,7756.676312938146,7296.286989437507,7489.4847625924485,7287.597071521882,6883.5595117213625,7621.766169147108,7654.4908857375995,7467.609617424757,6603.839475041285,7743.591783784726,7518.145090139771,7047.846396400125,7109.904292540338,6948.970587783045,7890.337622506769,7049.199673559612,7818.185618654568,7063.4820574102505,7236.775312472242,7255.88962389722,6611.199092378832,0.0,7306.339337598461,7209.476712650634,7314.259238529949,7501.957526184984,7251.496797505111,6652.6532003086095,6463.6478840086,6877.7415439862525,6822.323941160465,6758.7476794877575,7623.612133033086,6677.123759974444,7307.004688665769,6973.629031426066,6493.362208582738,6877.180754687999,7015.414720113729,7751.424184748003,7087.186670035948,7565.500002965679,7566.988023769184,6782.29490026504,7404.454904605778,8201.918277444642,7494.040634657455,7227.858383363385,7059.795286404181,7114.70241105153,7010.402791310812,6955.962222767539,7125.078313896322,7669.466968111377,7837.019294281424,7063.538391380129,7651.83166704545,6903.222397948125,7738.216221897467,7190.514995731408,7356.813865303335
