,1610555604.25mOvVXuL01OCiReyVWBfesjuvXmB3MoPy,1610555605.43B6oDsBtWRQ29Q9UMQuTUEPZy3FSSWXzc,1610555610.92HPGJJSmyPM40z7otPBgHalNrHFA7zk5d,1610555606.68LaSQbm9EHAFycEfFtEqAwYqlBsQPjIRW,1610555617.19EKxMEwDHfXiEJZc27TsGoERaD6Da4BZU,1610555722.52PJ3FD50MGhRXyUD28vluU8Z9UjLJLZn4,1610555617.52Ijr5puT55g9apK8auM7zaxa3NANg502t,1610555638.77ZLjTLkz4jYJdFMI2wWBztzsDILkoOtAk,1610556912.46C7tJPLF0XfNnm8f1820X9aLmXMHoc0Dw,1610555617.51LjzIROg0aeCP2GhDcAVQ0LipKJB9jmKc,1610555608.17OpjjHobqRkX0UPcaXrbu7K6L3805SZri,1610555721.82zWeNZfGUUfRJkgnAwlP8VMhPzXctnSd4,1610555735.75bom85BDF0C7W2eIseHeMxi24qR68nzMi,1610555735.77NnT5xqKnwcf2BbjIekeb2arTQj6QMNwk,1610555638.33wjf1PhdNaoWfbRzXVn50hmFyB5bYAiLV,1610555606.65jCE4ig8Pu8kvAzkxnSGfWsV0nQBjCf8H,1610555608.18ONsBCVo1i7BrX0XG9stct4oiA6ejX9Oz,1610555721.51RNoQUMP19FTMS79BmA3JkgSm2IC2AQuQ,1610555971.86O0cHB2ibBJ8jxoObg01EpGe8VVV5mpwn,1610556911.51zU3duZSGpcw1BDNsBLxdOCITAXwl6z3i,1610555988.71dMoYT8250UHHJGxgmITTmbHe7V6gH1yU,1610556042.81mlUZsSp7gbGjrp8jQSnybT1gPy6e62o1,1610555637.02UBW5nKvDyUrKnaWcYRGajZPxTRDS0q3N,1610555619.13oUYNikU4facCTpUSiSLr0vPI0tJLnXiT,1610555721.03nzkucfjAUh31zTbmCVvTVYqtjoxZFnBh,1610555722.67fhKURdXVzRbLIjXmjRwdJHTnE7PWb1AE,1610555638.39J2ZWBLuLTHP0jOlzB4tNHmYeijH5g5YJ,1610556032.17Q6yCDx9g7alRnL9jBFXD2JhhUyB2hKfJ,1610557007.49MyVgDnuUuBxrvL6SGOdhKf69VYlW1MSm,1610555638.44hjT5hbYdKoE3MB6hijrjqbjmLgvCUYKD,1610555608.13zUvmFSCRt6SsLbhqFznMEvGx54GPGQzM,1610556038.62a5C4ynd1AARyAhTv8a58NCqHvXRjscqH,1610555644.45Xse8u7pusHNsd7F3d0A32HXvXr6weOJE,1610556038.62gKXOCG7XCn55eJvyl5voNjbwOW0znQDq,1610555987.13v0oleKK97pkesp6oMgprH8SoSdoDVdIO,1610556964.96ZLLeiQW0qpmxhPGTg7K03fmzkqsC2bjC,1610555987.13VQlEedQ50VvkPMEMzZDv3KNnQCewykN9,1610555982.186TY6MMGkDecIN1woW6vsfAMXVV7jnyjO,1610555982.673LuMndkwkvdmZOn0MmE2Pkidx0FtNalb,1610555733.38zItcuH7gHNfKdALR2d9Nek6bxCyw36Vm,1610556034.15BQxSbZINGCay0yp6RBVlgcPrw76Yn9ON,1610555639.37BPZpgtGml8qUsh9AdV4m32jPLfI2aNFq,1610556965.57S0adAalhWYe6K3bkZU0bRHbqnDK8gGkR,1610555983.54zteLPCMjyrjzPdhHhlZr3faCgD0TfYr3,1610555987.79rHnNRmt9a0ufmnwCvZqBouyUoZDNpylW,1610556960.041xWER61rmArlsKfiMl4frikWmUCnQ7op,1610556035.13a7NHZDutfTMJ88qle1gTYY59Dr4WmMsj,1610556890.456ZBDaY16bMtrTZTqAgHl3wq1tRxzqDow,1610555760.24e6890pkbyZ97Or6croI1rQgjkSsR0yVt,1610556043.02YpWMIJg3W004iqlPyv8OcVAZdSC5rNYw,1610555987.03z05P26TLtONYM1HSzupoc2CeNMa6HTqr,1610556032.15OYCzUxpsz7b10AXBAuDXrvEcvxFhf0M7,1610556032.63Z80yI9pNwS3jSmsDABbuhf8wkNa2Ze9y,1610555736.28eGuESasTXdR3SqY6pHhEXWZtcdciYLCO,1610556034.61bebeZA0MkaFG2sm3VKiqrxeqQginTTW0,1610556944.5XwXOphKYT3ZkWA8gViqOS97VHVuMVUqb,1610556944.745UVLFBzf7fPh4UH37I6tYQOFPqRDytEh,1610556034.63XsUwaFaPZevO1JNFjfhvY4aKNFnV4noV,1610556964.89xwBHw9faT1HjQRMNQEyA4qJ3hWkwgj3k,1610556966.74DydzH91jtyvRyYau47JpVkZoMRSNTt01,1610555740.77UueVziDbaXyRR4OcVJIIZyzOfAzN51bj,1610556046.84e3vwjyRCzqz0wJQhrk8zsxlFfFSv98Df,1610556137.99eoPuVrDThKAOvmeprLPb2FWRqIhzUodc,1610555740.73XFwSrmTXJPlaxGZSefh0jOVA8PI3III1,1610556123.88AOfNaz9jSnqU5Czc7okOv1RCrYfKFBTo,1610556046.85nB7NvyoYQeLcOV391Lmmut1wAM8CFGLw,1610556123.89H4pdIAzDthI7bMXMhlIhKUYIQIvtmPPQ,1610555740.87GOYQUJKpkynIS2lFqppYK4b32ol7NeGh
1610555604.25mOvVXuL01OCiReyVWBfesjuvXmB3MoPy,0.0,4115.732268746873,2077.5010105442784,4360.933897671304,2990.386833780406,4003.0344924092137,2978.4328741310374,2150.14671401465,2615.974581107589,4181.461464787557,4773.773517712504,4300.317558628088,4260.884891544615,2680.7521527391186,4563.019708518305,4269.899847205858,5035.492311384767,4641.950901052597,3353.8929386004106,4123.593097192304,4527.016915432006,4854.274597417813,3608.5152545186243,2237.592718363107,4222.744228763131,4121.46838388757,3514.1059290524563,4339.482198892341,4637.487071802642,3556.3437510434824,4320.193459455623,3275.9826853299787,4286.620262498251,4571.741313439525,4526.586126352684,4426.352021736074,4519.174778300703,4493.97137790719,4502.424571351529,4723.230176275565,4570.828215326254,4703.407124560603,4463.897961914244,4413.217349986712,4691.876536332461,4652.874619815306,4639.542579103258,3882.0123363069974,4243.428452271392,4595.662253972409,4291.436598244175,3969.386606749176,4670.619405828666,4861.737211618332,4344.6353193023815,3965.6034046613445,4197.5424976107,4276.184670631875,4231.271049665141,3931.121639719111,4732.517284113027,5100.798272183568,4472.872922961246,4642.946666526463,4171.4806247267325,4991.736896158803,4305.149395931337,4615.874985576425
1610555605.43B6oDsBtWRQ29Q9UMQuTUEPZy3FSSWXzc,4115.732268746873,0.0,4425.239734060763,3684.818343629772,4223.613071731343,4419.730871411712,4005.157780443797,4407.3342535493975,4245.867839861508,4231.43907079461,3955.888847429555,3872.81063421222,3795.4474567002953,4241.09081705924,4253.597958567645,3979.5558712659426,4063.311138874598,3051.9452810018624,4226.991014551227,4168.180304367832,4163.753169228501,4036.9096568659734,4115.8819974280295,4450.676584774851,4163.023161060354,4528.051506370944,4360.377477964072,4048.9945723148135,4168.01805619774,3978.1278802156357,4374.313424202932,4007.931863140756,4028.585458234946,4082.4529360805154,4334.946094359521,4244.436999339458,4409.739322618357,3905.964161618396,3563.0376165593343,4781.710182453474,4145.12386251544,4076.33229425303,4523.040075414212,4108.882768725916,3557.755666294095,3227.540238696409,4523.312149811432,4345.22922949372,4180.5559367870255,4420.061799375937,4185.27116748566,4467.782594027214,4420.535105314867,4026.3451397002746,4244.7975670420865,4286.903362355204,4240.614748604325,4126.271182989034,4262.599247976393,4125.290510151569,4038.9571702942344,4299.288548112023,3878.609721957209,4072.5002373735474,4005.9345339450574,4260.991324229487,4353.3802815025965,4102.958300239656
1610555610.92HPGJJSmyPM40z7otPBgHalNrHFA7zk5d,2077.5010105442784,4425.239734060763,0.0,4559.461596139459,3298.7616103761266,4195.845386794251,2940.154991748566,2129.4164087304275,2997.9160543641206,4483.980710943575,4947.737045459056,4478.917154776034,4568.2024860531465,2737.597290877652,4744.606248041431,4494.063198180228,5200.3366679333185,4860.297149961038,3584.215643580045,4363.8444447391585,4731.678319412466,4993.552104739074,3880.770295476874,2083.628985783066,4464.029369149356,4268.927804161194,3779.753915869943,4536.703596937874,4811.294670711567,3647.8044748073025,4554.39834093356,3554.107534138493,4574.095266661637,4783.230804555829,4730.649005638313,4608.109098055732,4704.32377168765,4735.140669650836,4760.254768872331,4898.067693702611,4714.400717417294,4859.104686431791,4676.154293619438,4601.6059093706235,4905.9704260145445,4878.134437159742,4855.494734343831,4080.623738947461,4518.260157733088,4786.473778781832,4519.413333605602,4164.042756928886,4850.162180320536,5068.859962794277,4477.601424887307,4200.59874773675,4393.521099150872,4519.261158952204,4451.193601236955,4134.215814000814,4907.153927726131,5228.762709883256,4701.0213198099855,4816.406341693303,4413.736283664276,5145.63486212964,4496.56572525011,4765.291318628232
1610555606.68LaSQbm9EHAFycEfFtEqAwYqlBsQPjIRW,4360.933897671304,3684.818343629772,4559.461596139459,0.0,4184.717039210399,4348.253773107205,4256.701561816144,4514.092244616356,4358.663922546314,4732.856879327052,3384.426540528796,3822.7780757872365,4636.4129695521,4410.5012819177255,4263.758843663783,3909.2073909911173,4074.9724739473036,3962.048482548622,4101.365117049465,4065.07742982523,3844.786562440215,4250.850196849184,4234.746878734908,4558.072131350646,4360.878584553274,4481.73050620934,4227.473025600746,3709.559521139882,4240.061532290113,4150.390322497257,4393.026515664039,4197.074870923509,4695.49110697712,4273.937326248885,3898.4646476737344,3815.2773038997707,4077.064782483964,4236.617640166094,3998.7770457519123,4587.77264643225,3756.164307136403,3898.113334221043,4096.659248516712,3787.395613557283,3893.5716682238663,3943.7134414722323,4545.663540595104,4289.87192348409,4573.585554971242,4404.741431199248,3802.7889042785973,4379.592749869508,4599.92774517087,4220.854378110556,4114.500239973451,4370.118603730226,4012.681288237614,4056.379330728254,3951.615855107774,4171.728434616275,4069.532189536158,4478.424703091552,4123.411884283444,4178.956330831534,4112.3807913188875,4523.0264716464435,4161.064948166546,4022.679750834382
1610555617.19EKxMEwDHfXiEJZc27TsGoERaD6Da4BZU,2990.386833780406,4223.613071731343,3298.7616103761266,4184.717039210399,0.0,3891.6363643877758,2873.6586742527597,3245.106262526561,2826.7767787441903,4433.288290813762,4578.932394498264,4319.236524571958,4515.018911358621,3150.56735439232,4457.558822383784,4284.61054804644,4863.040971244169,4520.375506678867,3475.026851760984,4208.369906119196,4436.603559041368,4737.886959136003,2782.55071589417,3295.625200499065,4059.869149348725,3988.0378022250534,2983.73739318647,4299.257024996805,4534.207052287244,3340.145585083365,4245.361323846111,3047.1771329025746,4509.615900019938,4484.828200223759,4440.773701275307,4311.106921714258,4378.780630867612,4400.198762512042,4492.015377369017,4754.052885029934,4317.670018964559,4556.320924663148,4342.113565236523,4375.653476916707,4582.658516796182,4593.880885307709,4469.707250648311,3893.3366374414018,4370.395149329639,4273.373963226266,4347.954412514248,3873.0839575526566,4651.9873878178805,4723.845685854353,4323.178455581917,3410.316595071547,4030.592890230565,4407.012075004595,4276.579157781431,3675.8160161672477,4546.8797205727615,4957.513075033454,4417.611960314184,4475.255751918722,4136.00985765884,4869.382548358792,4316.191627187265,4443.143847716127
1610555722.52PJ3FD50MGhRXyUD28vluU8Z9UjLJLZn4,4003.0344924092137,4419.730871411712,4195.845386794251,4348.253773107205,3891.6363643877758,0.0,3926.8950288862147,4185.581846233201,3773.5314892172937,4893.857599980532,4398.656091310847,4365.602514263293,4806.71267555007,4012.2843627011384,4551.964028994644,4622.271944541585,4771.976053140771,4489.030692817272,2632.1950180469375,4663.19303865663,4323.167333116817,4648.077084733659,3950.2045192081337,4201.698569187144,4141.011555648273,1961.06531506662,4091.4772049645644,4179.714784773972,4581.9952975706865,3871.413919315239,4766.732288881538,3656.134829301008,4895.474844593465,4710.4987870554305,4622.288890215466,4396.207847172024,4737.14458453031,4842.001227025135,4485.064947183972,4668.177167165304,4674.786177807158,4409.606375721927,4511.835862895883,4278.994107196683,4490.797542617982,4164.968581889621,4423.830833631553,4091.6095311827967,4955.639393612983,4411.994533899282,4296.0949615206355,4124.173043240484,4592.386295684682,4732.231141499589,4761.890772767194,3813.1443829064865,4228.255547095627,4449.458336658083,4281.325761180443,3652.3163219086805,4344.22927863534,4801.058114221538,4851.589815907977,4318.870497164748,4797.473338426562,4740.003424803268,4353.389111119728,4229.128666187469
1610555617.52Ijr5puT55g9apK8auM7zaxa3NANg502t,2978.4328741310374,4005.157780443797,2940.154991748566,4256.701561816144,2873.6586742527597,3926.8950288862147,0.0,3132.732181257308,3207.8550462468343,4401.986138932363,4617.601793756129,4325.860710172832,4405.903511597992,2692.471281185746,4495.204424912399,4351.393768962534,4854.806544972393,4543.631136893121,3475.2880984015283,4362.517027828032,4550.661440622211,4664.1062899765675,3513.8165666758587,3122.851321056981,4097.005474306263,3979.945465380493,3642.2568945569346,4314.228428582981,4550.413205471296,2780.133319915239,4376.046524024933,3036.6256975221254,4468.64486256543,4581.412305370833,4557.120742817576,4368.714709733828,4562.591854383755,4529.444537663784,4363.934455940628,4753.435285922489,4504.72958713026,4568.722883610669,4509.279055819928,4424.5350566368115,4559.0578592537495,4520.673129640862,4687.0625227349265,3922.3120695711773,4376.5336965072565,4551.461820756244,4388.9844192926175,3975.671305686871,4589.4482555047825,4684.206711614226,4390.943162009154,3868.1300056628993,4152.554076296841,4383.302516501664,4363.043461931409,3648.4259338331394,4580.027422262775,4937.238936773552,4470.026819806072,4439.997861486015,4249.725992238337,4872.584476277469,4323.0352522757,4477.747454244158
1610555638.77ZLjTLkz4jYJdFMI2wWBztzsDILkoOtAk,2150.14671401465,4407.3342535493975,2129.4164087304275,4514.092244616356,3245.106262526561,4185.581846233201,3132.732181257308,0.0,2930.1005867626955,4506.510466799109,4887.68200506509,4414.64994946807,4557.843517164473,2384.269993362279,4649.979311076979,4451.69229924679,5120.219497250028,4782.859405529162,3564.026818167147,4311.388504433198,4652.609672655144,4900.334267551617,3878.5712749570175,1778.8860094624733,4401.496459152405,4230.946767256199,3707.532293476162,4453.226009719411,4794.235441748657,3769.9879637828953,4529.478855131547,3493.9433607538836,4579.095380906977,4766.777428475238,4660.961909304291,4525.839446478982,4662.013180263929,4722.119037502453,4754.036265574918,4830.592069405444,4645.601068620739,4752.236773810338,4582.833790292411,4540.881728316729,4843.910652058363,4805.551486119256,4800.610621125862,4033.6667660973394,4521.737408460267,4735.725752890119,4437.258285350553,4094.4259164151026,4813.660821344582,5009.395050575059,4445.395904802787,4173.159523500432,4293.42505838125,4472.59526841921,4364.952665927362,4070.9093592475115,4810.840623144076,5174.980864321276,4685.937856395449,4719.4884261099105,4404.502105514961,5038.655065268774,4440.798959260088,4695.4983791660225
1610556912.46C7tJPLF0XfNnm8f1820X9aLmXMHoc0Dw,2615.974581107589,4245.867839861508,2997.9160543641206,4358.663922546314,2826.7767787441903,3773.5314892172937,3207.8550462468343,2930.1005867626955,0.0,4520.481224029926,4604.210444472467,4166.034546390455,4513.978652194303,2953.158373490099,4339.625515540624,4323.117779937364,4838.852261037025,4394.279182382592,3222.214674078917,4233.62246439063,4237.6057496297835,4600.31356006945,3619.4225747265154,2938.0206175620606,4134.21594683489,3787.721026929163,3463.304004301774,4110.448631711015,4589.805112278139,3631.370460570361,4471.143343866864,3353.899891101747,4574.074633314873,4586.015780984969,4424.815078806982,4252.440898241991,4413.84533554776,4559.627918936127,4566.507943748386,4667.277218047395,4415.7455011604625,4425.1154318628005,4286.258049949471,4316.562102887902,4530.632418266136,4436.668188746314,4441.207374624204,3902.592942137075,4530.624005349241,4351.442759530654,4178.727853373979,3921.4532462596826,4638.550563616178,4753.8194320441435,4439.790205117138,3712.3630313828476,4039.8197895884787,4222.97159277316,4174.673060253463,3757.731746790076,4476.925359427081,4920.555735251804,4582.870874148201,4427.779848498341,4376.714998159949,4757.514325069314,4325.151556097221,4381.183543116666
1610555617.51LjzIROg0aeCP2GhDcAVQ0LipKJB9jmKc,4181.461464787557,4231.43907079461,4483.980710943575,4732.856879327052,4433.288290813762,4893.857599980532,4401.986138932363,4506.510466799109,4520.481224029926,0.0,5254.134950769187,4722.043941806296,3250.5441750759383,4445.330397988126,5136.842271815698,4499.238863988505,5467.615262866624,5064.859328073681,4759.676236040721,4381.359047625524,4966.6751040479485,5459.001441077086,4430.297345163355,4526.790434161966,4542.428050416188,5087.815277834448,4501.564190927024,4779.6837038222475,4786.830023750947,4660.853163715432,4362.380788069804,4628.341083393246,2673.2424290781655,4608.541537747014,4827.803149935893,4982.444076849454,4775.223805750124,4452.454330705184,4331.396729138977,4894.874681006927,4882.781326888036,5257.101800442565,4912.981023852648,4955.0170500827635,5016.125418755975,5022.373561681242,4879.442727355667,4426.2433647643265,3018.8655308795583,5032.109329379372,4638.033345732469,4693.294958980961,4603.227848313369,5213.997980738006,4556.257028109504,4738.13969975092,4880.714565099113,4518.643403182898,4583.622773629752,4858.1353023858255,5164.572128823816,5444.447071150802,4366.714103552643,5218.302847181957,3721.9626815319552,5511.840161529323,4763.722998735877,5076.500480589931
1610555608.17OpjjHobqRkX0UPcaXrbu7K6L3805SZri,4773.773517712504,3955.888847429555,4947.737045459056,3384.426540528796,4578.932394498264,4398.656091310847,4617.601793756129,4887.68200506509,4604.210444472467,5254.134950769187,0.0,4106.455288594644,4993.865618417441,4741.610019463071,4185.574160167631,4260.406553031047,2899.2816839407965,3869.955741746653,4259.004017970447,4561.462171773908,3862.8466933776494,3973.7602922614005,4514.127571458926,4945.68308973458,4354.0903810763475,4334.981820238567,4603.444777017764,3991.9215543574264,4334.682493431012,4396.626540178521,4857.4366384886935,4331.102671751267,5112.473632453772,4645.936174366935,4286.817732805988,3856.993390036523,4370.265892872549,4591.949659973637,4288.858467555911,4779.916366756633,4036.5832194435416,3603.592562957336,4314.461887878819,4176.13559145997,3778.1743533591225,3566.7426970944152,4710.805418275876,4595.801932514728,5020.088925349245,4348.721327107805,4205.965931883418,4694.403194904401,4729.032089634224,4133.77213044558,4502.472714572423,4463.766457525716,3975.826988144369,4376.4012063216205,4370.192999251194,4197.883966700632,3921.0231761297237,4149.174702448035,4429.913895968455,3935.330906115151,4631.415178811469,4099.012285093515,4339.21769821632,3977.365543872689
1610555721.82zWeNZfGUUfRJkgnAwlP8VMhPzXctnSd4,4300.317558628088,3872.81063421222,4478.917154776034,3822.7780757872365,4319.236524571958,4365.602514263293,4325.860710172832,4414.64994946807,4166.034546390455,4722.043941806296,4106.455288594644,0.0,4546.18512344647,4317.070381054605,4176.34484319774,3822.5444824236633,4413.428731805991,3836.382080161698,4182.561266660632,3867.2533676639673,2769.8323548951576,3759.4493339874457,4367.256450278349,4473.692930185369,4187.309528644333,4432.98325960106,4359.031189637055,3243.9180366672945,4118.351834165392,4352.59076888594,4584.025616363212,4229.311735384579,4589.313414214439,4198.084592948243,3691.9514049452637,3645.863793073789,4135.657493961778,4233.967833173893,4114.007849624413,4518.334237759321,3879.7057320731833,3634.236991364367,4219.443699480437,3606.27362885163,4113.685002600126,4107.103436611831,4296.676000365427,4110.527686699409,4627.538572641431,4305.500702329768,3265.3477616717487,4274.914841597724,4573.415411030964,4331.33277866149,4222.858369198473,4257.1659153107785,4178.36598338434,3479.539623871323,3691.6225258316877,4149.334660884077,4172.560822643553,4462.10434523279,4048.350532952742,4221.4507649673815,4119.910396172882,4355.394554876974,4066.6602212529065,4132.894093354781
1610555735.75bom85BDF0C7W2eIseHeMxi24qR68nzMi,4260.884891544615,3795.4474567002953,4568.2024860531465,4636.4129695521,4515.018911358621,4806.71267555007,4405.903511597992,4557.843517164473,4513.978652194303,3250.5441750759383,4993.865618417441,4546.18512344647,0.0,4472.874731651568,4831.619079256389,4430.549795748443,5108.248982969499,4640.53792023456,4715.898803066165,4334.508889837943,4799.445675951883,5113.584648498334,4518.788568618924,4582.550989679284,4649.476595118255,4959.664482163136,4541.166005805439,4659.005417126663,4678.418598748084,4587.889707748331,4203.436961892491,4537.80408275184,2256.0810838192538,4387.613204499152,4776.606239840823,4853.4974309061645,4644.9831054899105,4269.7998853838135,4370.750806499157,4693.73325747664,4713.648313468169,4976.143108817207,4789.567139093197,4810.897349734148,4761.632369816265,4699.005245936325,4710.582642488285,4561.225675372924,4013.4104439913513,4835.121384688292,4653.230600086312,4672.037249115502,4405.029054148627,4782.110217167236,4424.653638391102,4717.8677642053135,4903.180756648371,4526.732243065733,4625.321567002624,4832.162943980393,4905.474934447941,5045.572953997381,4250.044987734835,4964.959551883743,4209.855509559348,5100.137007334716,4663.451610332386,4857.857066323559
1610555735.77NnT5xqKnwcf2BbjIekeb2arTQj6QMNwk,2680.7521527391186,4241.09081705924,2737.597290877652,4410.5012819177255,3150.56735439232,4012.2843627011384,2692.471281185746,2384.269993362279,2953.158373490099,4445.330397988126,4741.610019463071,4317.070381054605,4472.874731651568,0.0,4507.813908131561,4347.842983477193,4957.918486310876,4610.78667235788,3483.102339012856,4233.111732692082,4482.351996243122,4740.479996037909,3755.9697643335303,2656.796597252742,4235.658680290784,4041.5191861449093,3669.62243563438,4312.825127456048,4713.906955681757,3546.073550356729,4466.155614022118,3360.980921174006,4513.883216557199,4679.200025216185,4544.743087159648,4387.311870578452,4538.98489887024,4628.752503136918,4610.054178295452,4742.102710756062,4562.191077133328,4600.166949747193,4489.723014449086,4495.783338005535,4675.792510959613,4620.014380775072,4686.386865382601,3938.126785046298,4462.440318971116,4635.4667669826595,4318.239008397113,3989.6368530771665,4706.182655766485,4864.081822569624,4418.304289459767,4026.5549027178563,4155.498232158977,4302.417107049663,4273.148079271375,3842.9584355406582,4652.891478622417,5037.397673423694,4614.032958773403,4522.7084823913065,4344.280502129834,4890.177940769523,4367.9648388213445,4515.155711857898
1610555638.33wjf1PhdNaoWfbRzXVn50hmFyB5bYAiLV,4563.019708518305,4253.597958567645,4744.606248041431,4263.758843663783,4457.558822383784,4551.964028994644,4495.204424912399,4649.979311076979,4339.625515540624,5136.842271815698,4185.574160167631,4176.34484319774,4831.619079256389,4507.813908131561,0.0,4399.314643171002,4396.846103145341,4167.056197959859,4335.133925781261,4613.899228764338,4113.708777135891,3992.4528409278723,4556.953871973568,4669.659066160666,4356.624679529959,4533.883055139908,4459.318187112713,4233.028740424628,4333.884047989736,4425.324144631282,4564.962145475666,4307.325261525569,4998.363632227266,4856.5318532412,4214.496263108423,3873.421135139403,4161.281542715816,4858.973235995126,4532.903534773467,4476.955988957823,3625.2575191963774,3954.985651084107,3732.6110111887897,4303.6688265541625,3817.578011203932,4134.816965235043,4459.358589434079,4420.229657265898,5046.161392432844,4339.416471364309,4299.2245470863545,4387.517208532762,4951.6487692706505,4256.576208707469,4439.865325248024,4461.7029743959665,4000.0009133320746,4453.294723157478,4453.6526891374615,4140.781825334098,4202.9242052252575,4128.141288532964,4672.844657263993,4116.31763564556,4796.34260160502,3866.043085913414,4376.8249405500665,4271.04158265169
1610555606.65jCE4ig8Pu8kvAzkxnSGfWsV0nQBjCf8H,4269.899847205858,3979.5558712659426,4494.063198180228,3909.2073909911173,4284.61054804644,4622.271944541585,4351.393768962534,4451.69229924679,4323.117779937364,4499.238863988505,4260.406553031047,3822.5444824236633,4430.549795748443,4347.842983477193,4399.314643171002,0.0,4589.2102747092185,4432.428140667144,4453.274023415364,3611.167129818342,3949.0459240668133,4626.241651257254,4214.935308190901,4509.048826196076,4248.598684722408,4744.721760689142,4262.331551235651,3855.177511749187,4019.1498023374415,4407.48456912695,3946.286445471077,4334.43575356411,4298.189439430914,3566.096682781768,3297.382463902182,3510.6163628239806,3718.0264582550108,3170.9794923619256,4224.243369861813,4549.908557327766,3873.6004611898747,4310.615522057308,4210.460068270086,4144.601239509263,4100.929649310554,4431.4173048500315,4415.926109032355,4223.708318353102,4359.799299468784,4216.826472829494,3647.471363462179,4416.213951495332,4342.05921216016,4493.945355812773,3669.7823114000225,4386.033794439078,4314.827290600451,3586.527359301709,3813.473597671687,4442.140651746833,4350.420942488328,4663.529223633619,3462.3541728923637,4445.265785703554,3855.8089521973798,4652.346501642304,4008.901924045697,4296.200538701597
1610555608.18ONsBCVo1i7BrX0XG9stct4oiA6ejX9Oz,5035.492311384767,4063.311138874598,5200.3366679333185,4074.9724739473036,4863.040971244169,4771.976053140771,4854.806544972393,5120.219497250028,4838.852261037025,5467.615262866624,2899.2816839407965,4413.428731805991,5108.248982969499,4957.918486310876,4396.846103145341,4589.2102747092185,0.0,4031.9048657669173,4619.034907506182,4899.736265338722,4217.007219593929,4100.362843842442,4802.625300056162,5177.025820158901,4625.630521623613,4646.000447891202,4880.381566499931,4378.6628400355285,4607.092521568808,4631.767659099967,5133.644775001781,4560.876666615563,5295.982550369234,4851.488116826596,4662.904387603443,4204.106739899922,4728.84790744328,4822.285653442683,4480.460112026108,5087.21862980525,4319.85013940746,3926.0265377128567,4676.911504225008,4474.601136331978,3986.145985403095,3898.9040909454793,4973.8011215853585,4904.818320023964,5156.301150862022,4501.940621782167,4622.892087467666,4979.739966020723,4946.961537230649,4231.264345650608,4799.650715200438,4764.397434678153,4306.467380683186,4733.372553364003,4760.996288287144,4478.058508685381,4127.549345257876,4157.883884306878,4567.085573922936,3990.4365279731965,4857.638443579983,4120.3793814736,4610.270814763715,4200.784371770417
1610555721.51RNoQUMP19FTMS79BmA3JkgSm2IC2AQuQ,4641.950901052597,3051.9452810018624,4860.297149961038,3962.048482548622,4520.375506678867,4489.030692817272,4543.631136893121,4782.859405529162,4394.279182382592,5064.859328073681,3869.955741746653,3836.382080161698,4640.53792023456,4610.78667235788,4167.056197959859,4432.428140667144,4031.9048657669173,0.0,4349.0286682400765,4581.745149026244,3918.827929235932,3745.3138795961663,4530.60499416568,4857.559208950086,4507.865262203801,4469.185237029245,4585.020004449771,4007.3631260696243,4480.77132842532,4366.008996400852,4798.270725213797,4326.4415122231985,4834.040378444477,4565.828811704082,4537.607808400375,4094.050364791934,4630.921813248032,4514.364674669466,4248.07919448645,4863.116291535762,4155.036408379442,3802.221038325903,4453.152818057768,4148.208851995846,3626.2811449997394,3209.7977749390056,4480.857181500999,4634.225977235363,4933.927398106514,4362.885828221813,4254.453934601665,4682.997842464289,4727.934389720149,4094.5121244592947,4649.382221066873,4433.531876933909,4279.224387209233,4476.992411515625,4353.882581262694,4214.826954961614,3901.2319140407976,4172.383254925505,4453.100225257415,3871.232414702313,4628.577406987893,4034.547776698387,4480.9864761722865,3992.7551782634137
1610555971.86O0cHB2ibBJ8jxoObg01EpGe8VVV5mpwn,3353.8929386004106,4226.991014551227,3584.215643580045,4101.365117049465,3475.026851760984,2632.1950180469375,3475.2880984015283,3564.026818167147,3222.214674078917,4759.676236040721,4259.004017970447,4182.561266660632,4715.898803066165,3483.102339012856,4335.133925781261,4453.274023415364,4619.034907506182,4349.0286682400765,0.0,4538.391298951512,4240.053055871814,4430.5243872185565,3795.726876345136,3613.653476635934,4024.815888782302,2970.2667399470156,3815.6754807677958,4031.6899623240024,4457.919651953043,3481.860432255362,4644.175037911214,3352.737030967369,4794.428300680296,4644.102838108997,4488.587788410388,4219.0002266632155,4533.8209314628075,4694.344607854484,4337.141643358613,4388.041254535859,4438.911129784427,4244.6894721534645,4292.2120850680885,4082.9460567547717,4402.725690539458,4227.467969491946,4529.276162411048,3827.251901975371,4742.660788735787,4311.252962612438,4188.984368855142,3717.8294170235463,4619.5307888155485,4672.542306044153,4602.735099801809,3741.265809593635,4017.2072943047974,4371.484376020287,4187.284220552952,3429.825323245696,4202.440299914192,4738.411961161818,4722.57906698461,4210.523180369829,4558.879790791957,4594.485983189206,4115.3979118849265,4078.2400010659367
1610556911.51zU3duZSGpcw1BDNsBLxdOCITAXwl6z3i,4123.593097192304,4168.180304367832,4363.8444447391585,4065.07742982523,4208.369906119196,4663.19303865663,4362.517027828032,4311.388504433198,4233.62246439063,4381.359047625524,4561.462171773908,3867.2533676639673,4334.508889837943,4233.111732692082,4613.899228764338,3611.167129818342,4899.736265338722,4581.745149026244,4538.391298951512,0.0,3987.5821795585007,4856.205212195952,4224.305040913842,4400.92153745527,4482.138666521998,4816.643877249261,4157.262634426858,4021.044078544611,4418.264321777208,4589.818524151383,4163.672933195467,4425.652541167039,4225.437216453267,4069.8188570610873,3852.9668974606784,4026.5603059229725,3829.964177886869,3938.5403276558354,4560.680356000004,4896.98804244394,4128.306689396377,4548.1760660463,4378.82498185495,4183.197372066656,4355.240614175076,4648.09404931294,4394.190966682888,4226.740002433349,4371.141634835905,4649.571377830134,3785.3179709561523,4466.956699645316,4715.943828414411,4678.428108966352,3755.956132436023,4419.684208643174,4381.668469832671,3657.9916543271916,3887.2281452435923,4551.68034806021,4698.958494412352,4984.1430261217065,3930.420144411565,4759.563087077681,3864.903203339611,5000.885268956187,4397.407323348279,4634.741712469775
1610555988.71dMoYT8250UHHJGxgmITTmbHe7V6gH1yU,4527.016915432006,4163.753169228501,4731.678319412466,3844.786562440215,4436.603559041368,4323.167333116817,4550.661440622211,4652.609672655144,4237.6057496297835,4966.6751040479485,3862.8466933776494,2769.8323548951576,4799.445675951883,4482.351996243122,4113.708777135891,3949.0459240668133,4217.007219593929,3918.827929235932,4240.053055871814,3987.5821795585007,0.0,3926.878869109646,4443.741209267767,4691.739257880498,4203.768719917312,4327.252210278801,4429.841658318686,3265.6952709641973,4237.8104981650695,4524.369359964373,4684.869818528234,4368.3844862555,4855.7473608462415,4388.256882975935,3697.105903660913,3646.2395155533595,4083.008719624198,4429.438940224872,4258.56581138096,4664.430200074255,3785.9900581741354,3518.0422831185533,4111.724775823993,3734.470654218409,4017.0321279655045,3968.959329917485,4206.047856743958,4284.246278674183,4824.149076281617,4283.539694106671,3378.5172092874773,4402.698551597465,4644.306338467377,4295.733421550972,4291.827485157962,4271.5224188426855,4074.407125716981,3467.6773733368173,3755.851569075684,4165.63780346113,4024.859840748273,4406.523072672725,4287.114990212286,4099.407493557891,4359.902435475805,4289.766398731724,4211.272352930539,4000.087054328006
1610556042.81mlUZsSp7gbGjrp8jQSnybT1gPy6e62o1,4854.274597417813,4036.9096568659734,4993.552104739074,4250.850196849184,4737.886959136003,4648.077084733659,4664.1062899765675,4900.334267551617,4600.31356006945,5459.001441077086,3973.7602922614005,3759.4493339874457,5113.584648498334,4740.479996037909,3992.4528409278723,4626.241651257254,4100.362843842442,3745.3138795961663,4430.5243872185565,4856.205212195952,3926.878869109646,0.0,4683.680077977135,4975.082551608569,4495.29332547196,4568.99683392709,4834.798020313942,3992.0154280091638,4626.568422106833,4315.566222523097,5169.181866166144,4274.6717151831945,5279.037534510898,4865.239200184214,4598.2005598118685,4067.833091257416,4722.514044244825,4872.72860428394,4476.505948584859,4772.185564613196,4284.257769154367,3585.0188230632175,4545.4428106719215,4343.548817627267,3965.875777447452,3932.330261573735,4670.5164868448055,4687.1364716043645,5177.191142851114,4315.972371549018,4369.68875972405,4684.282667203971,4838.853444236427,4146.816776698388,4850.824954032152,4614.281387783921,4293.026267859917,4496.588386800126,4529.046025216846,4054.4895043446104,3763.874932827302,3962.0407159039737,4660.990159076048,3748.346526943476,4826.203457811421,3701.1581794844706,4427.388789614807,3901.927594288633
1610555637.02UBW5nKvDyUrKnaWcYRGajZPxTRDS0q3N,3608.5152545186243,4115.8819974280295,3880.770295476874,4234.746878734908,2782.55071589417,3950.2045192081337,3513.8165666758587,3878.5712749570175,3619.4225747265154,4430.297345163355,4514.127571458926,4367.256450278349,4518.788568618924,3755.9697643335303,4556.953871973568,4214.935308190901,4802.625300056162,4530.60499416568,3795.726876345136,4224.305040913842,4443.741209267767,4683.680077977135,0.0,3906.486466355525,3842.4338189242203,4126.924510013001,3064.817753752763,4364.513967863001,4495.992224669436,3297.0143308147112,4113.171361785642,3106.3443755275907,4479.955313357007,4361.00782146941,4391.531641188541,4332.664401844156,4332.303529610181,4189.239789342155,4311.504633691693,4794.885513796969,4292.680613466839,4577.196897337049,4374.993627024785,4534.591608953606,4441.019044526034,4440.2243702677615,4341.713074413983,3930.575837746813,4275.661987486317,4216.073202614609,4399.453343391576,3836.4818295238006,4653.732077121512,4613.02296041104,4216.031931608568,2940.771973100867,4029.2272321240343,4338.485642139674,4336.614694726355,3520.425935355178,4477.74399748678,4864.00899947834,4223.260573977365,4419.574927694545,4023.88043463589,4838.692248647442,4376.8694303650445,4455.498451991726
1610555619.13oUYNikU4facCTpUSiSLr0vPI0tJLnXiT,2237.592718363107,4450.676584774851,2083.628985783066,4558.072131350646,3295.625200499065,4201.698569187144,3122.851321056981,1778.8860094624733,2938.0206175620606,4526.790434161966,4945.68308973458,4473.692930185369,4582.550989679284,2656.796597252742,4669.659066160666,4509.048826196076,5177.025820158901,4857.559208950086,3613.653476635934,4400.92153745527,4691.739257880498,4975.082551608569,3906.486466355525,0.0,4449.827934591438,4272.630325411145,3761.160742277094,4502.074847340832,4835.5849984953575,3743.557172694096,4561.893138418461,3561.7317146727432,4623.008845734927,4811.380107522213,4688.47121784017,4574.205679693049,4717.063116072536,4756.343354250613,4780.76738936821,4873.830486360118,4701.312097601208,4803.392182303687,4632.661798952733,4591.790978208826,4899.268316221287,4845.321752197849,4829.65080581826,4063.513921967893,4555.165887292798,4785.627514638459,4475.315438045279,4156.145424274474,4848.937806465681,5064.351241872013,4496.342492902806,4206.124112355438,4356.222156539193,4483.707724456587,4420.301081704421,4120.006713960352,4850.071751659667,5231.407522489363,4714.108810769781,4774.953497403416,4448.925418052233,5092.290547197894,4492.519437526434,4746.146166430997
1610555721.03nzkucfjAUh31zTbmCVvTVYqtjoxZFnBh,4222.744228763131,4163.023161060354,4464.029369149356,4360.878584553274,4059.869149348725,4141.011555648273,4097.005474306263,4401.496459152405,4134.21594683489,4542.428050416188,4354.0903810763475,4187.309528644333,4649.476595118255,4235.658680290784,4356.624679529959,4248.598684722408,4625.630521623613,4507.865262203801,4024.815888782302,4482.138666521998,4203.768719917312,4495.29332547196,3842.4338189242203,4449.827934591438,0.0,4286.793231131303,4316.9377070968585,4071.1684203079903,4468.966068644905,4048.321007201428,4610.988880910512,3785.358067012885,4644.74069525883,4381.706638011762,4234.3239823588565,4235.467359834228,4375.023671731061,4350.326637564866,3483.445745839864,4459.857066638118,4438.234004213345,4330.415586431059,4292.13977236893,4380.623080088038,4338.046815031325,4137.546445437633,4482.9181854904,3633.067432636742,4357.628404755201,4430.020019566298,4167.180811059857,4157.755756465005,4286.824824964071,4562.266469242187,4569.493932844421,3706.470873204556,3551.1219915830375,4186.130379775712,4153.352441707547,3627.3752885119293,4161.987693466787,4594.923661766339,4317.537881303894,4100.177894029351,4098.628253095937,4550.813584467796,4088.6671559237516,4190.235338913377
1610555722.67fhKURdXVzRbLIjXmjRwdJHTnE7PWb1AE,4121.46838388757,4528.051506370944,4268.927804161194,4481.73050620934,3988.0378022250534,1961.06531506662,3979.945465380493,4230.946767256199,3787.721026929163,5087.815277834448,4334.981820238567,4432.98325960106,4959.664482163136,4041.5191861449093,4533.883055139908,4744.721760689142,4646.000447891202,4469.185237029245,2970.2667399470156,4816.643877249261,4327.252210278801,4568.99683392709,4126.924510013001,4272.630325411145,4286.793231131303,0.0,4199.189921964489,4260.049194774526,4625.851284776357,3955.07622711478,4909.38324960463,3718.8453248404885,5059.018421209797,4866.438960998476,4768.745538935351,4413.499702005378,4825.5022509293685,4975.905971020273,4593.8046354897415,4763.208532877174,4700.222750039867,4337.238652490643,4556.624366839124,4365.408796688979,4526.704517717452,4214.7517547616435,4529.551513515037,4268.066501253014,5115.842146667405,4427.757674912591,4446.034359531847,4295.411971846089,4672.24321721814,4731.892472029428,4868.511312888862,3927.085641442384,4294.470853652575,4619.317411276626,4414.396051960231,3709.6983790186528,4345.183523288675,4757.853807065338,4972.132110980081,4253.256694855119,4951.70139197685,4658.658255220995,4433.844775516929,4247.8601699178325
1610555638.39J2ZWBLuLTHP0jOlzB4tNHmYeijH5g5YJ,3514.1059290524563,4360.377477964072,3779.753915869943,4227.473025600746,2983.73739318647,4091.4772049645644,3642.2568945569346,3707.532293476162,3463.304004301774,4501.564190927024,4603.444777017764,4359.031189637055,4541.166005805439,3669.62243563438,4459.318187112713,4262.331551235651,4880.381566499931,4585.020004449771,3815.6754807677958,4157.262634426858,4429.841658318686,4834.798020313942,3064.817753752763,3761.160742277094,4316.9377070968585,4199.189921964489,0.0,4350.693815872484,4668.738407676864,3850.0921669030204,3973.5758549835436,3619.393182447053,4542.901766667917,4613.514660959955,4493.584977148989,4372.610423781819,4307.663285208454,4574.4588765038225,4658.661439805431,4668.265479092784,4193.233314096656,4620.480072525065,4317.095940942117,4565.181992478323,4633.883030053307,4695.249412169701,4356.1128579869155,3926.344937903871,4462.0755541107665,4004.3147062244675,4356.202696776317,3723.1205285843166,4700.4258044205335,4838.063763626843,4170.788580530517,3698.9260462471557,4353.179042310457,4341.791343080298,4318.155719333267,4052.922388534406,4637.354540574259,4949.710126043938,4410.803704659113,4560.427792568477,4232.335632950217,4940.614590581915,4076.53884341659,4580.482612755991
1610556032.17Q6yCDx9g7alRnL9jBFXD2JhhUyB2hKfJ,4339.482198892341,4048.9945723148135,4536.703596937874,3709.559521139882,4299.257024996805,4179.714784773972,4314.228428582981,4453.226009719411,4110.448631711015,4779.6837038222475,3991.9215543574264,3243.9180366672945,4659.005417126663,4312.825127456048,4233.028740424628,3855.177511749187,4378.6628400355285,4007.3631260696243,4031.6899623240024,4021.044078544611,3265.6952709641973,3992.0154280091638,4364.513967863001,4502.074847340832,4071.1684203079903,4260.049194774526,4350.693815872484,0.0,4179.759133071456,4328.592063130086,4643.002243183121,4230.515031282126,4699.036116274756,3906.896212790514,3870.405643175453,3669.5562205423307,4073.934495872897,4106.16559361831,4133.7176603914695,4440.80243397108,3981.4559564398173,3532.9418122113584,4066.0583960725216,3588.409282263597,4085.6317915103355,3945.67759333242,4229.334434448076,4136.5824000795465,4676.053111324018,4229.409735234213,3203.991927772788,4307.881401766267,4244.571963839714,4341.298857782619,4305.86085007167,4227.787032644309,3909.71016361246,3549.2535509295894,3435.649839825434,4043.386576073315,3834.4445862242574,4407.271673283448,4212.102169358218,3988.178688997885,4217.333383657195,4278.011068228877,4095.7319426313893,3731.1837117433774
1610557007.49MyVgDnuUuBxrvL6SGOdhKf69VYlW1MSm,4637.487071802642,4168.01805619774,4811.294670711567,4240.061532290113,4534.207052287244,4581.9952975706865,4550.413205471296,4794.235441748657,4589.805112278139,4786.830023750947,4334.682493431012,4118.351834165392,4678.418598748084,4713.906955681757,4333.884047989736,4019.1498023374415,4607.092521568808,4480.77132842532,4457.919651953043,4418.264321777208,4237.8104981650695,4626.568422106833,4495.992224669436,4835.5849984953575,4468.966068644905,4625.851284776357,4668.738407676864,4179.759133071456,0.0,4468.270387069599,4581.830680488891,4498.683640628214,4689.741529772916,4418.247939875498,4215.565637546063,3860.6301745564065,4275.085954321426,4124.152203226761,4244.604842877548,4819.822398681985,3983.943151964428,4284.473795311818,4323.87433227468,4067.1554550398882,4043.3193155785025,4282.722956180415,4774.427824000557,4568.1138557270815,4724.3195734138835,4586.1704255609675,4313.572703226615,4571.3866666054355,4866.392105384614,4410.869655266991,4434.178475925467,4443.654913861595,4444.5026123246935,4354.581254929308,4484.742474485371,4419.913392302947,4455.913723755899,4632.532282170451,4196.6232970742685,4558.350704692181,4306.214669898543,4505.101205461437,4508.783771395828,4398.565845255416
