,1610555604.25mOvVXuL01OCiReyVWBfesjuvXmB3MoPy,1610555605.43B6oDsBtWRQ29Q9UMQuTUEPZy3FSSWXzc,1610555610.92HPGJJSmyPM40z7otPBgHalNrHFA7zk5d,1610555606.68LaSQbm9EHAFycEfFtEqAwYqlBsQPjIRW,1610555617.19EKxMEwDHfXiEJZc27TsGoERaD6Da4BZU,1610555722.52PJ3FD50MGhRXyUD28vluU8Z9UjLJLZn4,1610555617.52Ijr5puT55g9apK8auM7zaxa3NANg502t,1610555638.77ZLjTLkz4jYJdFMI2wWBztzsDILkoOtAk,1610556912.46C7tJPLF0XfNnm8f1820X9aLmXMHoc0Dw,1610555617.51LjzIROg0aeCP2GhDcAVQ0LipKJB9jmKc,1610555608.17OpjjHobqRkX0UPcaXrbu7K6L3805SZri,1610555721.82zWeNZfGUUfRJkgnAwlP8VMhPzXctnSd4,1610555735.75bom85BDF0C7W2eIseHeMxi24qR68nzMi,1610555735.77NnT5xqKnwcf2BbjIekeb2arTQj6QMNwk,1610555638.33wjf1PhdNaoWfbRzXVn50hmFyB5bYAiLV,1610555606.65jCE4ig8Pu8kvAzkxnSGfWsV0nQBjCf8H,1610555608.18ONsBCVo1i7BrX0XG9stct4oiA6ejX9Oz,1610555721.51RNoQUMP19FTMS79BmA3JkgSm2IC2AQuQ,1610555971.86O0cHB2ibBJ8jxoObg01EpGe8VVV5mpwn,1610556911.51zU3duZSGpcw1BDNsBLxdOCITAXwl6z3i,1610555988.71dMoYT8250UHHJGxgmITTmbHe7V6gH1yU,1610556042.81mlUZsSp7gbGjrp8jQSnybT1gPy6e62o1,1610555637.02UBW5nKvDyUrKnaWcYRGajZPxTRDS0q3N,1610555619.13oUYNikU4facCTpUSiSLr0vPI0tJLnXiT,1610555721.03nzkucfjAUh31zTbmCVvTVYqtjoxZFnBh,1610555722.67fhKURdXVzRbLIjXmjRwdJHTnE7PWb1AE,1610555638.39J2ZWBLuLTHP0jOlzB4tNHmYeijH5g5YJ,1610556032.17Q6yCDx9g7alRnL9jBFXD2JhhUyB2hKfJ,1610557007.49MyVgDnuUuBxrvL6SGOdhKf69VYlW1MSm,1610555638.44hjT5hbYdKoE3MB6hijrjqbjmLgvCUYKD,1610555608.13zUvmFSCRt6SsLbhqFznMEvGx54GPGQzM,1610556038.62a5C4ynd1AARyAhTv8a58NCqHvXRjscqH,1610555644.45Xse8u7pusHNsd7F3d0A32HXvXr6weOJE,1610556038.62gKXOCG7XCn55eJvyl5voNjbwOW0znQDq,1610555987.13v0oleKK97pkesp6oMgprH8SoSdoDVdIO,1610556964.96ZLLeiQW0qpmxhPGTg7K03fmzkqsC2bjC,1610555987.13VQlEedQ50VvkPMEMzZDv3KNnQCewykN9,1610555982.186TY6MMGkDecIN1woW6vsfAMXVV7jnyjO,1610555982.673LuMndkwkvdmZOn0MmE2Pkidx0FtNalb,1610555733.38zItcuH7gHNfKdALR2d9Nek6bxCyw36Vm,1610556034.15BQxSbZINGCay0yp6RBVlgcPrw76Yn9ON,1610555639.37BPZpgtGml8qUsh9AdV4m32jPLfI2aNFq,1610556965.57S0adAalhWYe6K3bkZU0bRHbqnDK8gGkR,1610555983.54zteLPCMjyrjzPdhHhlZr3faCgD0TfYr3,1610555987.79rHnNRmt9a0ufmnwCvZqBouyUoZDNpylW,1610556960.041xWER61rmArlsKfiMl4frikWmUCnQ7op,1610556035.13a7NHZDutfTMJ88qle1gTYY59Dr4WmMsj,1610556890.456ZBDaY16bMtrTZTqAgHl3wq1tRxzqDow,1610555760.24e6890pkbyZ97Or6croI1rQgjkSsR0yVt,1610556043.02YpWMIJg3W004iqlPyv8OcVAZdSC5rNYw,1610555987.03z05P26TLtONYM1HSzupoc2CeNMa6HTqr,1610556032.15OYCzUxpsz7b10AXBAuDXrvEcvxFhf0M7,1610556032.63Z80yI9pNwS3jSmsDABbuhf8wkNa2Ze9y,1610555736.28eGuESasTXdR3SqY6pHhEXWZtcdciYLCO,1610556034.61bebeZA0MkaFG2sm3VKiqrxeqQginTTW0,1610556944.5XwXOphKYT3ZkWA8gViqOS97VHVuMVUqb,1610556944.745UVLFBzf7fPh4UH37I6tYQOFPqRDytEh,1610556034.63XsUwaFaPZevO1JNFjfhvY4aKNFnV4noV,1610556964.89xwBHw9faT1HjQRMNQEyA4qJ3hWkwgj3k,1610556966.74DydzH91jtyvRyYau47JpVkZoMRSNTt01,1610555740.77UueVziDbaXyRR4OcVJIIZyzOfAzN51bj,1610556046.84e3vwjyRCzqz0wJQhrk8zsxlFfFSv98Df,1610556137.99eoPuVrDThKAOvmeprLPb2FWRqIhzUodc,1610555740.73XFwSrmTXJPlaxGZSefh0jOVA8PI3III1,1610556123.88AOfNaz9jSnqU5Czc7okOv1RCrYfKFBTo,1610556046.85nB7NvyoYQeLcOV391Lmmut1wAM8CFGLw,1610556123.89H4pdIAzDthI7bMXMhlIhKUYIQIvtmPPQ,1610555740.87GOYQUJKpkynIS2lFqppYK4b32ol7NeGh
1610555604.25mOvVXuL01OCiReyVWBfesjuvXmB3MoPy,0.0,856.92943013086,220.85016320453602,805.699036799104,700.312679093769,753.9395123869816,634.9653264461773,217.15783135261464,676.5919694068575,728.2152351937791,958.982654008578,778.1712299071121,921.3365606215821,544.9860443716304,903.1146198072341,699.6446621857281,1094.6319763720862,925.2296565436916,823.6260420628876,650.8655608909012,926.8140938445333,991.6176358836536,703.0146239079105,258.9115286383226,780.4247535554392,808.7662334323812,609.8454622348606,851.0774713069133,822.6736328129824,654.5714865131437,657.4262160022722,782.8449470973163,844.265905307492,780.6970487341785,781.9059264777816,829.0158284618399,744.182791438966,764.7377212221514,856.0072002021169,763.5171421813101,779.6145286296867,979.4791662841384,826.0116944921119,729.7394419177817,905.4237086045263,979.3892588488103,759.3598626287262,762.0597497823148,702.1521727643767,850.8733146918639,630.7493554931117,678.6154388519066,867.2079558591612,974.7496827464541,623.5405941028897,756.4780298982769,827.9272976189258,715.295753172329,659.4965902617506,785.599345522083,983.4294220227856,1057.2055009197102,759.0405332306359,1026.9480597430058,700.5413915944758,1094.3225491426929,783.1524789450854,960.317690003735
1610555605.43B6oDsBtWRQ29Q9UMQuTUEPZy3FSSWXzc,856.92943013086,0.0,826.3709893198902,834.5242246423808,897.8287618882111,873.3844613044726,849.4094053929707,828.1174245159259,855.8695994742565,829.8980427896852,942.8750548732097,887.3560775860814,893.725507236522,812.105574113097,1016.012167563212,892.4756049406265,1044.546998135882,468.82686719450663,878.9490858597749,800.5668388876398,1007.8707208896992,954.4429584769471,849.9129724509288,823.1706677633947,900.1799818719566,975.6100065754996,835.7055891532827,918.8000655188761,891.8229761598338,790.9862890544322,879.7415664063417,901.968794984849,856.3458681744546,839.9075293637778,884.0929204957451,1004.6537163508043,910.4673653581714,839.1448660135284,919.5532093005113,981.1922226847423,906.9643909015028,1008.6171008064016,996.3333504532854,891.6827499953417,662.6203988889436,508.3512174768995,940.4038116300156,958.4321058909144,795.7502247996988,973.2184219231124,839.6011088970788,902.4986446456647,1016.2667548115785,1003.6527800585951,818.0757275353509,909.5470101936434,943.9522059070034,847.9304225222314,863.9767536552082,873.7570049551746,1027.3583913815,1063.8093324851059,867.9437534134287,1061.6013309033435,825.1851212405312,1090.4261746607951,925.1416847070358,1036.9889021901784
1610555610.92HPGJJSmyPM40z7otPBgHalNrHFA7zk5d,220.85016320453602,826.3709893198902,0.0,771.2433156099511,662.9792460062181,728.2964887331005,593.8905354112048,254.78655601592317,650.6720296478095,692.0034737339766,931.1715255895148,791.5214354644069,892.7877169384838,499.8386193379855,878.1145405360683,662.3604842274754,1067.1385088858842,930.3224996142909,771.5728179621102,613.3745605262405,907.6256770377788,994.0277486225503,665.5849839973321,302.01316539550805,751.6269138643214,792.4604814500583,566.3954472646753,821.7702115402304,791.3949450131047,614.5513011261756,617.0674349152289,750.1282614032023,813.2754979812328,747.3451265574071,755.2198619266765,808.2282045883343,713.6935087363374,730.7156347584196,825.1639329639875,783.1210572998488,749.7061603732376,956.6669826802186,805.8298945752329,762.4708729019035,880.368869171874,952.7812385031164,744.681354995306,743.9527169032816,664.5555583916924,817.6056364738622,646.1063277011939,650.5119968853073,837.0430973910229,947.3974205121539,581.2639075613228,720.3785781559827,799.8395975136498,678.9550783537377,665.1551545574628,770.1245631654763,975.6318847203266,1031.0748934073633,724.7610795960295,1006.3736042664457,663.1914705984195,1077.1194874349849,745.2423206425683,949.8984474803211
1610555606.68LaSQbm9EHAFycEfFtEqAwYqlBsQPjIRW,805.699036799104,834.5242246423808,771.2433156099511,0.0,853.3754987602849,875.4512231828359,826.4587439776742,770.1619996106938,800.6948624448092,864.3859586858225,935.3373868335773,822.7943899977133,996.962206370474,772.575856518574,1020.794271472402,850.6054980503185,1131.8961610339088,895.2873349205535,858.9413582727077,770.2812958449872,967.8328663081946,982.696541243224,874.8504880393397,762.4551474551853,944.4605368437674,957.738755023935,771.4285563834576,889.812952319191,886.5312836500874,793.3125338475543,812.220318302264,911.1476375814839,926.8793949122461,865.8940852118546,829.6778084292512,949.6613596257201,886.1019206019088,855.16134760337,940.2601690727281,944.563199887882,855.5104978633217,962.6038889453242,967.4733594547863,827.2437856531795,890.8370423558497,975.654158585341,929.9619688544087,919.390195469639,819.9660588007258,929.8818621262373,774.6035468436407,880.0237687439768,980.2687566280582,1028.9932629446207,787.9161542142361,934.179840039983,971.1087150415835,771.4465826249636,815.635058977772,932.661915256435,1000.2790304386555,1083.3366623067857,858.8578015961479,1099.4468152319039,775.2416747858109,1155.3742752072953,868.89373221451,1002.8186435317481
1610555617.19EKxMEwDHfXiEJZc27TsGoERaD6Da4BZU,700.312679093769,897.8287618882111,662.9792460062181,853.3754987602849,0.0,825.1180526106162,588.1062142172532,665.946465032142,697.61576852701,792.8023142986344,980.4152220475956,885.7888679671049,966.1079902578538,695.5604794024877,952.2313232855147,759.982039204592,1096.0548412007367,964.3051156732156,762.7270794367998,755.4544751240793,961.6020279317978,985.9774770678548,747.348616096429,675.1442298776514,854.8149905444558,881.0011730902623,673.496316773081,902.4503377204179,895.9899786754328,658.4109783354594,759.1343569118043,764.745733736129,901.8692243523903,856.603511650193,839.3179763959671,929.8554818219541,830.7003695416547,836.601773226704,926.6641016694567,916.6604654264428,832.3892562402605,1076.7099668875937,866.6234004668329,893.7637328827894,960.5921336312657,989.928446691348,838.2530976237864,864.8269584214974,754.584391044598,859.7677805757523,776.8349317150844,740.20604558378,912.3985657703553,1037.3253801396083,709.4380248741302,798.4446978334049,832.9326478729544,812.8082858792422,787.0010157996088,817.5890316147049,989.2131063999041,1064.9725227999543,859.021719284052,1020.8640193180283,792.6403377283092,1116.9974624751048,840.8363226696015,946.7669916384646
1610555722.52PJ3FD50MGhRXyUD28vluU8Z9UjLJLZn4,753.9395123869816,873.3844613044726,728.2964887331005,875.4512231828359,825.1180526106162,0.0,762.1164346529556,718.5572711213607,717.0628000920404,843.9081754857064,1003.3902784641584,886.0651791468445,986.799101751935,695.223263271059,994.0191332201106,825.8107946301307,1125.2303240290166,940.7964749581934,493.96998470470135,780.3223037179152,990.7237333111827,959.5556128726932,774.3517272901788,703.8397283129399,839.1557337767841,547.4947436270631,770.1610367334171,947.2610977644518,917.3172758830315,694.3951248130808,785.6165113043095,836.7832124665055,947.4500244394679,896.9790796849006,858.0038507282387,915.0281919199871,863.6616212876784,862.3014207054663,916.7902571940248,905.4060200048336,924.2847460410692,1034.3968371964818,922.661263367675,876.622770680627,953.7300492155563,937.4990725346695,818.4485079786604,803.3509978532189,823.4832460618894,956.7867281687319,780.9145402588575,775.9564324720326,945.6944553794292,1033.8235951328857,754.8344417103165,749.905147758485,946.3024802112678,815.5032607362399,790.61302263499,759.2860692517995,1033.9834534368783,1105.0870969586983,878.1663205145911,984.1555235588725,821.5886834943586,1088.1641668570462,823.2992851728173,1022.0027614994807
1610555617.52Ijr5puT55g9apK8auM7zaxa3NANg502t,634.9653264461773,849.4094053929707,593.8905354112048,826.4587439776742,588.1062142172532,762.1164346529556,0.0,626.2783469938876,631.5544171442915,763.6961920491048,948.2849764971821,887.4018541721694,931.9118075601571,631.9283095443495,943.2459675573136,754.0168697999823,1083.0297373699048,949.0168158365677,732.8145419255246,736.4338377429686,999.7144092192104,985.9385377684465,715.5143474727994,621.347703910739,834.7367351650903,822.5184934333819,665.4299839761966,863.9361433565316,846.5783696338701,577.2977028526849,731.4725889795446,720.6884639089726,875.9261709140295,836.3585889614544,821.7370376754274,886.7967053369122,831.5949452622324,812.1237936777185,865.362246160215,862.4706003929681,818.7405179369904,1042.3118464882145,855.6519899271605,818.9900553172795,914.6377364208962,964.8249838767069,845.1339523935006,847.5783695623179,723.007231925818,867.911167134049,762.8427213395656,749.2989834358768,894.8779272876997,1001.3056890351538,693.8870674607344,758.9221998839421,857.1570292654156,785.6544439238096,775.4937237914496,764.222803797015,979.9291940929328,1046.2430026718591,811.7612622807648,999.1080416270299,758.0901334792087,1094.2486812208401,831.2070612053061,969.447166930936
1610555638.77ZLjTLkz4jYJdFMI2wWBztzsDILkoOtAk,217.15783135261464,828.1174245159259,254.78655601592317,770.1619996106938,665.946465032142,718.5572711213607,626.2783469938876,0.0,610.4698487081203,693.9265460702186,946.5188499903579,761.8342341904525,894.2186579480818,473.0674552542109,869.4531986638543,677.0645076125937,1077.1906933079028,907.2480116726958,762.0300926900251,605.4444175325169,892.0780994652697,968.1141124519443,667.7364665548906,257.5899914204652,749.0331380022023,778.4121978733609,567.1649006302248,845.2242501662892,796.5069960535274,617.1069142714198,619.0519730479582,751.9706971093132,814.8358256933277,749.583832014848,751.7699279181355,796.9722956974782,711.0661537656102,731.7294884083803,827.76781116762,743.9484720227399,758.782670412586,956.0518691223591,806.2161864104853,725.916803538078,873.6976107198667,954.2401523598828,732.8333883614258,727.3722793644139,666.6577242794816,821.7675535288856,614.4572062362977,640.1651099333849,836.270475933445,948.8400529056028,585.9104066758199,736.9671858521835,793.7946786696036,680.8094745714205,626.5613554832152,750.243521511842,958.6306272063605,1047.1692239237298,727.7754237939743,1001.4149709944528,664.3117987967405,1072.9600806258022,750.2040824368083,939.9867083526943
1610556912.46C7tJPLF0XfNnm8f1820X9aLmXMHoc0Dw,676.5919694068575,855.8695994742565,650.6720296478095,800.6948624448092,697.61576852701,717.0628000920404,631.5544171442915,610.4698487081203,0.0,741.1043159289113,1010.158617197839,802.3952839519343,925.0063884244872,551.5772937954913,913.9463673422237,732.9131863666469,1159.5623705467378,919.427365907987,612.079739980247,674.0318733587852,886.6461702770845,965.7677323455081,711.8254577466665,590.2845515792072,803.6300043152077,828.266689688395,622.0734712103006,853.8990857609451,851.2016766710382,641.9775672715866,687.3379162673119,764.8150415046474,857.2254371160288,803.4337813993977,768.3825054075908,863.2701258275268,779.6592275899279,769.5955025761684,881.1386592587979,857.4103297190788,863.6504779361338,1014.0444417944681,824.1251941589493,852.091927959871,922.2127196103902,981.080929662405,775.8911553533112,760.3369717456115,717.0548643605833,841.5621165728451,687.0604726493323,693.4339392323169,895.7554391557804,1025.291928651551,651.4650419454309,785.9403131118811,838.729262745905,731.9822314070601,689.9900454853737,753.3489063366421,987.1610963544775,1091.6361208158196,789.8511729101664,998.0655811233889,719.6351682454547,1083.925298444916,781.1062062894795,960.2984062839316
1610555617.51LjzIROg0aeCP2GhDcAVQ0LipKJB9jmKc,728.2152351937791,829.8980427896852,692.0034737339766,864.3859586858225,792.8023142986344,843.9081754857064,763.6961920491048,693.9265460702186,741.1043159289113,0.0,1050.9505332256754,896.8971839471609,579.9382452119146,704.3696374457891,979.8747090254205,798.8052959794738,1190.5983542735432,940.3162650994866,851.9342551462489,767.4361761805698,1006.5725683030466,1046.7535437184893,754.0756238727118,687.4646790730955,846.9041976574125,938.951772783412,720.1753201926,934.9505705280509,814.5524658732,720.5890209317131,723.2990844357157,841.3235699545075,429.7076008277215,842.6312672948784,856.6685063917313,950.3763784579533,828.382775779613,817.0171318473353,960.3054519057057,898.4537323470917,880.224943689947,1097.865549918723,896.0301369554289,913.2935459248496,940.6745355241542,971.5686841796149,860.5891909962095,868.2796215942884,468.5929335716423,929.2687365272898,787.5107988130978,787.9593625310536,919.4792622410869,1047.5540018431025,741.3958389838735,825.8485129211142,906.6517669599441,789.9344642065851,806.0550036755349,851.319171636553,1051.6251721040978,1113.0025398257453,772.8955922851974,1103.9200548449837,649.05096706056,1153.1976557619057,876.4985727833094,1036.8672470770782
1610555608.17OpjjHobqRkX0UPcaXrbu7K6L3805SZri,958.982654008578,942.8750548732097,931.1715255895148,935.3373868335773,980.4152220475956,1003.3902784641584,948.2849764971821,946.5188499903579,1010.158617197839,1050.9505332256754,0.0,982.269539695706,1184.7986194289829,996.9599903622782,1107.1473011454445,956.5659833537518,1046.4168838670796,990.8831160508776,1023.0280365041504,957.555929112471,1061.2122082132425,1052.9953456684284,969.4749221584232,941.5729189227851,1006.6669528309153,1068.9144295639917,967.0726487814916,1014.5192809754227,1038.1846920914154,969.0719902558886,997.8134664613001,1030.0711444524102,1111.878437795095,1014.4471247814586,974.297269117708,1041.8484870787604,1002.5418192780073,1048.67098063742,1110.4500107060821,1088.8906800429575,1015.5858833922427,962.319869841701,1058.9825293230963,1028.023399938449,997.0898843539198,913.7621384986713,1050.8461655839853,1022.37517953501,1003.0181562106002,1026.2697173812296,975.6808438111804,1009.5230834197778,1059.51064237108,1128.7057578324338,957.0013594530768,1002.3538685530292,1047.0945350754523,962.8014429141335,1026.0684546382918,1030.7820029395502,1168.6115797372318,1119.0092122199228,1030.0663241799048,1148.2554954402797,972.8084367655995,1152.8463408348277,993.4557195904091,1153.3952466222966
1610555721.82zWeNZfGUUfRJkgnAwlP8VMhPzXctnSd4,778.1712299071121,887.3560775860814,791.5214354644069,822.7943899977133,885.7888679671049,886.0651791468445,887.4018541721694,761.8342341904525,802.3952839519343,896.8971839471609,982.269539695706,0.0,1012.6531153162651,758.6091414658218,1016.5554363841967,838.087106835487,1097.6060526421957,751.5383664785471,895.2706198076037,744.0991575483481,736.7295038749324,760.1193575186039,886.4931656734535,739.7934645714279,915.822730913676,975.9994087003241,802.6995517151203,892.4879922153139,862.4976747899287,870.7009616728955,849.5264671485417,914.2948241504051,940.8632508268645,876.5975637303235,807.5376124576585,846.1828763834811,862.8962108503255,845.012900392363,983.5555054110365,940.327444571728,931.1039745063488,959.1217059586209,953.3937793556892,835.4506043638006,946.3661559886467,958.6688395384201,903.1076893565692,859.4848357376488,821.4264217302587,883.8728011794267,486.2158700056763,840.3653017801893,994.3040603638839,1011.6423726611595,817.1592045507111,924.7501829260618,961.9688289047072,759.7116801320236,733.5736381657456,906.0828498270015,1005.5939711912024,1099.0691948965982,781.0199455428728,1097.8075133559196,775.9075085093989,1112.8732054839527,841.3225995926427,1023.3406217202692
1610555735.75bom85BDF0C7W2eIseHeMxi24qR68nzMi,921.3365606215821,893.725507236522,892.7877169384838,996.962206370474,966.1079902578538,986.799101751935,931.9118075601571,894.2186579480818,925.0063884244872,579.9382452119146,1184.7986194289829,1012.6531153162651,0.0,881.018377508865,1080.5399735080857,931.1177499054197,1301.790325280438,997.1688287690198,994.4115895817761,864.9713869619308,1116.52017160783,1125.209312245878,932.8938655349014,889.6731056348378,1008.663900604761,1070.3172686698108,917.9983462477531,1044.1452153744353,937.9567554254079,887.4669191148752,877.6084819920953,988.457532944464,392.4154118783555,874.668638604315,983.4867117595604,1072.168687530945,960.2084867640799,861.3871271681211,1091.8778479504383,1041.9633913970556,993.311167170773,1189.3030465428265,1020.530172655288,1014.5310128277825,1017.1529841000406,1027.672233250701,1019.8105847928384,1029.9615946577253,745.8016665300065,1081.6624908276458,939.319992255987,962.9753823708121,1036.4970092334777,1132.2518126745963,890.2090734833015,993.8848775909802,1054.052188771853,930.0058827851066,947.6337453337,995.1294774691246,1137.8924783618197,1178.7791503378742,847.8597775237207,1212.3907854581053,842.0059572868983,1229.766875859104,1033.0370688660014,1129.9704509017101
1610555735.77NnT5xqKnwcf2BbjIekeb2arTQj6QMNwk,544.9860443716304,812.105574113097,499.8386193379855,772.575856518574,695.5604794024877,695.223263271059,631.9283095443495,473.0674552542109,551.5772937954913,704.3696374457891,996.9599903622782,758.6091414658218,881.018377508865,0.0,856.9751911924501,726.2577254809048,1128.2196103638623,883.097581327774,650.249993494474,642.282481571355,893.2494469581814,936.0732223633695,679.7210248280617,490.3523473265209,769.3717026536902,800.1859997357651,605.7988548263061,858.2009016592154,827.0276981414287,597.829965447196,657.1018701161677,739.2098766109252,826.0772046727673,789.6870379483776,782.411225646415,843.691696915355,739.9743997534305,740.5269184661367,856.2452000022076,802.713185534055,807.734303008902,994.8449601205567,820.574906140892,822.4263924241548,882.4042046748717,939.0521245389954,763.9577685554952,752.2270047801479,678.9066982743649,823.8313129434497,643.4245854888502,678.0810622805068,874.5529700804296,990.5797197419315,626.4211327843863,749.183388499388,795.7550206701599,713.0226353134988,643.0083118445467,739.8906649166267,972.748327918091,1060.9309185734433,774.1098528000904,981.7656128030858,676.8887755800874,1059.9926315822058,756.6509796432977,973.4886889854928
1610555638.33wjf1PhdNaoWfbRzXVn50hmFyB5bYAiLV,903.1146198072341,1016.012167563212,878.1145405360683,1020.794271472402,952.2313232855147,994.0191332201106,943.2459675573136,869.4531986638543,913.9463673422237,979.8747090254205,1107.1473011454445,1016.5554363841967,1080.5399735080857,856.9751911924501,0.0,927.4724313125504,1185.0474908660706,1070.717545687236,966.0139904856627,926.9635798652264,1022.965036145435,1111.607109083823,954.3463534104486,877.4848695949261,1010.0801734950247,1035.8153296236908,920.4617013111889,1061.9622007754508,1009.6223986813704,938.7139502820073,912.5883682712687,1004.2547106573918,1041.9187707149356,1018.1559426328688,894.097534924785,989.3630151926295,903.0043682331567,994.464288261348,1055.1858503789545,1053.0838663768266,845.2146006009903,1098.003525065719,923.0758957727328,1011.5491191681248,1013.9105349575386,1066.502899926154,983.8398391631849,954.3123923130261,982.0091554410151,1039.0837661176201,946.406644584096,906.1611366723445,1107.356397220976,1023.6822727955986,901.2336095381322,1013.4434918199939,937.5150979468139,979.8583383565101,969.5387689044097,1010.1730223702683,1117.4560672132516,1142.5103268511857,1022.3852192652905,1123.2247611693347,966.5734781165892,1166.7113287354266,1025.501599283305,1131.0003230051566
1610555606.65jCE4ig8Pu8kvAzkxnSGfWsV0nQBjCf8H,699.6446621857281,892.4756049406265,662.3604842274754,850.6054980503185,759.982039204592,825.8107946301307,754.0168697999823,677.0645076125937,732.9131863666469,798.8052959794738,956.5659833537518,838.087106835487,931.1177499054197,726.2577254809048,927.4724313125504,0.0,1133.7569837999256,972.7887445553407,852.365887039881,665.1111540319305,915.3602801184682,1028.5474630581532,775.5289336747792,676.6149749733545,852.1127659355071,922.1468941239219,697.7797744100072,871.6532519505985,822.3969652346032,765.0713089968276,713.2451901484694,862.9976670503878,853.6594288557798,638.0522095887552,653.4539848530226,857.3939439661925,759.0288394235199,666.9327987761311,922.8762724043071,923.090629258752,774.0321551154233,1032.0157389620438,888.0802118504664,870.4258143199428,983.032008624913,996.0140054003226,828.5035275669184,847.7192219958137,773.5228316368913,875.8678370196525,730.4282933615915,773.1888905159005,911.60744471015,1011.8448201111721,648.7342380418683,839.5480102506434,921.7207976803021,717.7254633295474,762.1865423540222,886.6491662182618,981.1723904012188,1080.0556162937492,761.0991653784109,1057.1005374042775,754.720821926686,1060.300935948436,821.5136816357212,913.6044372945249
1610555608.18ONsBCVo1i7BrX0XG9stct4oiA6ejX9Oz,1094.6319763720862,1044.546998135882,1067.1385088858842,1131.8961610339088,1096.0548412007367,1125.2303240290166,1083.0297373699048,1077.1906933079028,1159.5623705467378,1190.5983542735432,1046.4168838670796,1097.6060526421957,1301.790325280438,1128.2196103638623,1185.0474908660706,1133.7569837999256,0.0,1062.8980137448268,1142.1375091773873,1116.6093181754263,1143.447379322342,1137.3925565385862,1101.5513882830467,1081.8192160360713,1151.6729738109648,1138.8087230175572,1125.381051587541,1158.0310756952074,1133.6174599526182,1100.7246645615382,1134.9033870324124,1152.2525929146966,1242.4769114495305,1162.9345355748796,1103.7775874337956,1102.7667814149465,1140.9054571413344,1130.6371790137598,1173.7219541314146,1204.0438883340164,1136.9472328774668,1154.95944972955,1220.9765767263686,1151.7616040009275,1066.952679982056,1071.9482963575983,1186.7591603252913,1150.6214368568894,1135.6162165705477,1106.4502732639382,1115.105053233772,1127.9977888904355,1213.2404665972792,1132.154419346309,1121.149848498857,1121.055549234396,1111.3135477966573,1146.1515790374617,1161.7709401460363,1120.0150686402205,1260.2314572808164,1161.8703863847097,1127.4817384378323,1172.3459734980847,1105.6014480706895,1233.0092146574762,1098.6884247601533,1278.2657953082212
1610555721.51RNoQUMP19FTMS79BmA3JkgSm2IC2AQuQ,925.2296565436916,468.82686719450663,930.3224996142909,895.2873349205535,964.3051156732156,940.7964749581934,949.0168158365677,907.2480116726958,919.427365907987,940.3162650994866,990.8831160508776,751.5383664785471,997.1688287690198,883.097581327774,1070.717545687236,972.7887445553407,1062.8980137448268,0.0,941.6412496290524,884.0555727150571,943.0995053122019,885.3728333322073,936.2964232133269,880.3667784141539,972.3881539260672,1041.1225373208142,907.5033504565399,984.4421412031486,968.322301947146,897.7041767834058,961.9298581938037,966.1949034693781,962.7683082984896,945.4090440551441,964.1712358860933,1042.0259623362251,994.8056766041416,947.3856552693866,993.8232469075897,1028.389490857962,984.8655573729172,1052.2142450038411,1035.6043651300524,942.9948752815828,768.0635327323946,629.9905833118289,985.5553685355326,986.7579795254829,910.5195598312146,993.242947355837,797.6264041355505,963.8169099135595,1085.7223599440129,1063.0536923926688,937.4782036568055,994.1244592695734,1013.0036171257528,930.6231955279951,885.5663863220472,924.0854238302367,1039.2810329593572,1086.9129087380563,937.2852169132652,1086.9903510621282,904.9499606794965,1107.4031206788968,973.6833984725654,1044.9975991541223
1610555971.86O0cHB2ibBJ8jxoObg01EpGe8VVV5mpwn,823.6260420628876,878.9490858597749,771.5728179621102,858.9413582727077,762.7270794367998,493.96998470470135,732.8145419255246,762.0300926900251,612.079739980247,851.9342551462489,1023.0280365041504,895.2706198076037,994.4115895817761,650.249993494474,966.0139904856627,852.365887039881,1142.1375091773873,941.6412496290524,0.0,796.2829135796846,956.7285566922488,915.0285942177608,784.221608424393,750.7462918534136,870.0450680126438,702.2678950607586,735.7774447209258,939.11816243687,942.7804259542818,672.099454435462,805.0534971674475,786.1761497854994,954.9465392336896,906.8158031072162,862.498736990018,941.9617252275383,883.8313247019223,870.8791031671244,921.5181738542817,933.7830439626186,944.1718540889725,1053.7457333373068,907.8134631097448,914.9142891286932,953.9658038803235,979.0984438261833,850.6172442380544,796.9009975417683,831.7401265960526,897.6640236326388,792.2113739571441,789.0880604044637,960.2529479017352,1060.5176013439832,779.6288196121163,849.3332999495268,908.9622174177925,838.7092404969694,791.1870715658645,773.2755647973139,1015.6967382286729,1114.2827356152657,905.1978728614698,965.7763572660185,831.4588902838956,1087.9266708077278,825.0408087894336,1013.063503724819
1610556911.51zU3duZSGpcw1BDNsBLxdOCITAXwl6z3i,650.8655608909012,800.5668388876398,613.3745605262405,770.2812958449872,755.4544751240793,780.3223037179152,736.4338377429686,605.4444175325169,674.0318733587852,767.4361761805698,957.555929112471,744.0991575483481,864.9713869619308,642.282481571355,926.9635798652264,665.1111540319305,1116.6093181754263,884.0555727150571,796.2829135796846,0.0,854.2964004665885,949.7713786159449,737.1974830273718,619.7160189766485,826.3528437978993,885.4665448317571,643.1823839194183,784.7531534969966,775.5678085041393,713.783383246729,688.1971630959002,808.3237486097596,783.1168980403152,686.3557342548924,722.4237878730837,788.9304212749399,748.7320264211678,659.769985260563,890.3126963066762,868.1873035037095,783.5669275248407,963.0271366560874,860.7177357905598,781.0551833170058,825.1972349028875,936.4556166001223,791.0458944143932,777.0088324494544,726.7817717959268,848.0046478303858,663.5024412600123,733.5242229372261,887.0632462452742,1001.6211271566118,641.3678657857641,798.0391852609638,836.7495864174955,661.9166573234818,679.4925506504537,836.1853721785527,988.2748848355996,1041.6233578418253,690.5604974090371,1060.5544015739802,671.0157800034639,1054.3157672201712,782.5560259871098,965.1933475722415
1610555988.71dMoYT8250UHHJGxgmITTmbHe7V6gH1yU,926.8140938445333,1007.8707208896992,907.6256770377788,967.8328663081946,961.6020279317978,990.7237333111827,999.7144092192104,892.0780994652697,886.6461702770845,1006.5725683030466,1061.2122082132425,736.7295038749324,1116.52017160783,893.2494469581814,1022.965036145435,915.3602801184682,1143.447379322342,943.0995053122019,956.7285566922488,854.2964004665885,0.0,918.6314336336654,980.6226896760957,892.1932781776491,987.1158492268712,1052.7778013793818,896.119121705392,947.8595098975958,992.1475042696659,982.9963598426438,945.2409830095883,1002.3668853913666,1050.8566598220398,988.2191363829705,849.1327410263248,959.8016754129009,969.7862213351676,955.589092858696,1089.5942116869458,1053.0018728793727,992.7336911385595,1023.6546130772085,993.9347157730501,960.3124926423366,1003.7967084747926,1047.6466572736904,945.7686246007053,926.6173983914972,945.7088057028877,996.8754136656307,804.5915401829208,916.3208790212065,1077.5754079101152,1101.8853163183435,935.7878404988355,1007.7115288212667,1014.258262293345,857.2555508160555,880.2278407446797,963.3759537072295,1052.2700178177076,1171.2267614395419,921.434699741939,1101.5374069496113,908.5800445191898,1152.1374638841262,1000.0696539538874,1089.1876657309258
1610556042.81mlUZsSp7gbGjrp8jQSnybT1gPy6e62o1,991.6176358836536,954.4429584769471,994.0277486225503,982.696541243224,985.9774770678548,959.5556128726932,985.9385377684465,968.1141124519443,965.7677323455081,1046.7535437184893,1052.9953456684284,760.1193575186039,1125.209312245878,936.0732223633695,1111.607109083823,1028.5474630581532,1137.3925565385862,885.3728333322073,915.0285942177608,949.7713786159449,918.6314336336654,0.0,904.6356352427022,964.4812909775821,1015.4347771571573,1028.593367556842,991.960181895041,1008.5668991725266,1026.7350445903035,896.4728323783537,1031.1718666913198,911.5387872882025,1088.201759115152,1051.0176130872335,1000.9516542976324,1031.603727924632,1035.5208384228386,1021.8750693389998,1079.3076777605866,1050.6387161528423,1080.4818878311494,1037.5038718594353,1076.7977892196961,1015.7274905005472,949.3886254292402,987.9655848293247,1031.2167346311428,984.3991233097297,954.4665140202317,979.2593430837486,849.6843013172075,999.754647759724,1133.2370827808263,1120.797637608874,1020.09007418594,1016.8543553487403,1043.6826114078726,963.1733866591934,923.7902742386509,903.6868871985672,1041.749574332575,1163.338085011939,959.032423133738,1067.2592192199927,975.8759171666597,1129.3142215875732,962.3525457561883,1058.0836413289553
1610555637.02UBW5nKvDyUrKnaWcYRGajZPxTRDS0q3N,703.0146239079105,849.9129724509288,665.5849839973321,874.8504880393397,747.348616096429,774.3517272901788,715.5143474727994,667.7364665548906,711.8254577466665,754.0756238727118,969.4749221584232,886.4931656734535,932.8938655349014,679.7210248280617,954.3463534104486,775.5289336747792,1101.5513882830467,936.2964232133269,784.221608424393,737.1974830273718,980.6226896760957,904.6356352427022,0.0,661.0446946344744,771.1391851630301,873.5045265961359,656.5118418154054,904.960293582439,884.4619478040562,602.076249043929,709.6567485284688,756.9190672361888,868.1113953409001,845.8585882574505,824.0829893296652,881.3368573510597,813.4148010441123,801.291881556788,857.7960657091677,892.8772638050136,845.3792151007399,1032.3718209824835,893.769577758461,901.880184337165,900.6027829623041,941.6109323302352,773.5977111324556,837.3446598367657,683.7654689171978,842.9823599849859,776.7723926954958,713.7219544155153,914.0118075583628,1000.0085661978404,699.134274442437,703.8927484678982,875.8132234779036,771.5361081327105,794.657791239999,744.3026648246894,973.4548878693025,1042.088725780976,783.0367939974843,996.6678400026719,736.6511273369508,1095.7651510558794,794.89608738389,1010.7333582835295
1610555619.13oUYNikU4facCTpUSiSLr0vPI0tJLnXiT,258.9115286383226,823.1706677633947,302.01316539550805,762.4551474551853,675.1442298776514,703.8397283129399,621.347703910739,257.5899914204652,590.2845515792072,687.4646790730955,941.5729189227851,739.7934645714279,889.6731056348378,490.3523473265209,877.4848695949261,676.6149749733545,1081.8192160360713,880.3667784141539,750.7462918534136,619.7160189766485,892.1932781776491,964.4812909775821,661.0446946344744,0.0,762.3374168395657,787.9716609050726,558.2380368223385,836.8191856272078,791.2361784911059,609.7122023368731,611.4641450226727,746.3989676141781,809.7155866786875,745.8448049960447,747.8974758674673,800.1860491169402,712.2087902648565,726.6656090560152,822.2887455336753,762.124098419557,775.4218379635618,990.2602915621706,794.8745058761662,756.9757435553591,880.9509804234162,951.3492974126226,717.0734231327177,725.136793868271,659.9884803144137,817.5719061609481,582.6130604681015,651.2884039468488,829.9766628421306,937.5871130458133,580.8680352007796,734.2166070937429,820.9563697296277,674.4426834925745,605.5669116956102,750.847181237517,968.2272029173871,1046.1531946641126,720.5014027581353,1004.8642311771896,658.6506457475134,1074.1359920778884,737.9444418817972,942.6512124076415
1610555721.03nzkucfjAUh31zTbmCVvTVYqtjoxZFnBh,780.4247535554392,900.1799818719566,751.6269138643214,944.4605368437674,854.8149905444558,839.1557337767841,834.7367351650903,749.0331380022023,803.6300043152077,846.9041976574125,1006.6669528309153,915.822730913676,1008.663900604761,769.3717026536902,1010.0801734950247,852.1127659355071,1151.6729738109648,972.3881539260672,870.0450680126438,826.3528437978993,987.1158492268712,1015.4347771571573,771.1391851630301,762.3374168395657,0.0,911.9718033884216,788.3520413179292,981.9820216043896,962.99863359402,788.9278566144089,819.0666765599038,878.4563988762621,949.4411132763898,925.4703488138717,885.4276357957804,952.649013253759,884.1987661100928,885.244145367059,894.7976762463236,955.3699736646851,964.9178231075758,1074.564923079813,943.7845586339911,950.0337556611321,945.5800367727448,915.1100284920428,876.8662774824372,855.3634274551583,793.4090553096547,948.052636094709,809.3553627858271,803.4206646246723,992.9259936691245,1074.2207164123222,781.726234106103,786.4357898216994,868.0457366915819,867.0180675510616,849.9496106235032,786.2022754071638,1057.3053931911593,1139.741388249875,886.7007090830703,1004.0724298807039,837.9922116510909,1095.421520872041,897.7121805082729,1066.9784452585623
1610555722.67fhKURdXVzRbLIjXmjRwdJHTnE7PWb1AE,808.7662334323812,975.6100065754996,792.4604814500583,957.738755023935,881.0011730902623,547.4947436270631,822.5184934333819,778.4121978733609,828.266689688395,938.951772783412,1068.9144295639917,975.9994087003241,1070.3172686698108,800.1859997357651,1035.8153296236908,922.1468941239219,1138.8087230175572,1041.1225373208142,702.2678950607586,885.4665448317571,1052.7778013793818,1028.593367556842,873.5045265961359,787.9716609050726,911.9718033884216,0.0,885.942791314328,1018.1662666541399,985.5900843358744,807.3783723983591,885.2563650964912,962.3718984549449,1033.289008334986,984.4682607389657,966.0319364952064,969.8398878590427,954.0628805952762,955.1310933248155,939.8257991807548,954.3486154777707,1007.7643356884995,1047.2947488800094,980.3627562517402,883.2086170864461,1016.2029232917507,1017.9818692552049,909.6791817222392,920.1457598964191,920.6013748022172,1041.8616807027765,873.8369641703177,870.5383222006874,1001.5815718228605,1063.7830388256539,860.7324904107927,815.0585077368755,967.1042506604444,915.5365594242571,860.411510502353,875.1076266634592,1091.4202008202478,1151.2213404749343,972.1212206534252,1021.3297568939823,920.361845048338,1108.2600230484013,911.7955990019263,1072.6420119324725
1610555638.39J2ZWBLuLTHP0jOlzB4tNHmYeijH5g5YJ,609.8454622348606,835.7055891532827,566.3954472646753,771.4285563834576,673.496316773081,770.1610367334171,665.4299839761966,567.1649006302248,622.0734712103006,720.1753201926,967.0726487814916,802.6995517151203,917.9983462477531,605.7988548263061,920.4617013111889,697.7797744100072,1125.381051587541,907.5033504565399,735.7774447209258,643.1823839194183,896.119121705392,991.960181895041,656.5118418154054,558.2380368223385,788.3520413179292,885.942791314328,0.0,852.7796374465224,826.4920201695455,627.1661860215579,620.2706977074085,667.8341287766201,838.4138199603531,778.6361439993186,763.0987257156273,826.6065116487572,741.3340556770098,749.5075702249036,874.1938620948963,821.286899294838,778.5707981383614,1028.0403074500252,811.4705684282511,832.576600254456,893.7108157229621,970.8758649051177,679.0828936023811,762.3373909972299,693.8774422371439,639.6291064672894,677.4502856144547,667.7836795803022,874.3901270693889,996.0732843794267,620.6200954298193,821.6136108807631,842.3466426890483,678.4785079623241,699.7984025590221,738.8638592705023,971.4380574509026,1029.3802873374198,767.8616312113745,1021.4156967037646,693.6960773263849,1097.514251648193,687.1583497879221,970.9809150786459
1610556032.17Q6yCDx9g7alRnL9jBFXD2JhhUyB2hKfJ,851.0774713069133,918.8000655188761,821.7702115402304,889.812952319191,902.4503377204179,947.2610977644518,863.9361433565316,845.2242501662892,853.8990857609451,934.9505705280509,1014.5192809754227,892.4879922153139,1044.1452153744353,858.2009016592154,1061.9622007754508,871.6532519505985,1158.0310756952074,984.4421412031486,939.11816243687,784.7531534969966,947.8595098975958,1008.5668991725266,904.960293582439,836.8191856272078,981.9820216043896,1018.1662666541399,852.7796374465224,0.0,921.9149458678951,887.5129898330395,905.069672046532,964.6513316001456,974.2990362978942,856.6791528837251,902.6971747255718,915.5629324664467,929.8528995547758,854.8075723320773,1007.5723075672826,983.2089292722487,985.3575159407384,988.107948576325,952.1093893716726,871.3389161747017,1000.1609860985669,994.2384377896674,936.386160148202,958.2601244622401,881.7659630656236,959.8181965411426,841.7030380075257,896.5221582968792,1029.3744602810273,1080.706860450064,874.4393286776583,963.8607622891202,980.5220972883517,788.3431669438456,835.6714239508927,969.9802824206938,999.2264577625434,1143.5866202325183,841.6882159572519,1084.0882316692966,844.0057502896918,1132.6752943100673,956.4760983895568,1042.8924873654234
1610557007.49MyVgDnuUuBxrvL6SGOdhKf69VYlW1MSm,822.6736328129824,891.8229761598338,791.3949450131047,886.5312836500874,895.9899786754328,917.3172758830315,846.5783696338701,796.5069960535274,851.2016766710382,814.5524658732,1038.1846920914154,862.4976747899287,937.9567554254079,827.0276981414287,1009.6223986813704,822.3969652346032,1133.6174599526182,968.322301947146,942.7804259542818,775.5678085041393,992.1475042696659,1026.7350445903035,884.4619478040562,791.2361784911059,962.99863359402,985.5900843358744,826.4920201695455,921.9149458678951,0.0,862.3321872575773,850.0304367596697,960.201798356845,847.7308661024219,818.0234535997804,865.9795150583008,842.156224513191,878.7953245718629,746.2480785316619,1024.9625387832054,992.7485005336985,832.2825483619267,1059.9328980719417,962.9716848040756,919.1699416998263,972.5935003053117,987.3724588605219,928.3503117743768,940.4890486809289,840.6599062506833,982.9579986234957,806.6412929114541,891.7379216586075,1013.4679029033782,1023.7872891617983,788.1076644298638,934.7386583949541,1002.7783144599384,804.5099038112412,857.5171835654737,927.8062623162956,1057.663193691212,1078.087897214447,677.3229978820448,1144.3936064717793,728.4634080809936,1024.7788385700435,956.6838923954746,1082.892815236265
