,1610555604.25mOvVXuL01OCiReyVWBfesjuvXmB3MoPy,1610555605.43B6oDsBtWRQ29Q9UMQuTUEPZy3FSSWXzc,1610555610.92HPGJJSmyPM40z7otPBgHalNrHFA7zk5d,1610555606.68LaSQbm9EHAFycEfFtEqAwYqlBsQPjIRW,1610555617.19EKxMEwDHfXiEJZc27TsGoERaD6Da4BZU,1610555722.52PJ3FD50MGhRXyUD28vluU8Z9UjLJLZn4,1610555617.52Ijr5puT55g9apK8auM7zaxa3NANg502t,1610555638.77ZLjTLkz4jYJdFMI2wWBztzsDILkoOtAk,1610556912.46C7tJPLF0XfNnm8f1820X9aLmXMHoc0Dw,1610555617.51LjzIROg0aeCP2GhDcAVQ0LipKJB9jmKc,1610555608.17OpjjHobqRkX0UPcaXrbu7K6L3805SZri,1610555721.82zWeNZfGUUfRJkgnAwlP8VMhPzXctnSd4,1610555735.75bom85BDF0C7W2eIseHeMxi24qR68nzMi,1610555735.77NnT5xqKnwcf2BbjIekeb2arTQj6QMNwk,1610555638.33wjf1PhdNaoWfbRzXVn50hmFyB5bYAiLV,1610555606.65jCE4ig8Pu8kvAzkxnSGfWsV0nQBjCf8H,1610555608.18ONsBCVo1i7BrX0XG9stct4oiA6ejX9Oz,1610555721.51RNoQUMP19FTMS79BmA3JkgSm2IC2AQuQ,1610555971.86O0cHB2ibBJ8jxoObg01EpGe8VVV5mpwn,1610556911.51zU3duZSGpcw1BDNsBLxdOCITAXwl6z3i,1610555988.71dMoYT8250UHHJGxgmITTmbHe7V6gH1yU,1610556042.81mlUZsSp7gbGjrp8jQSnybT1gPy6e62o1,1610555637.02UBW5nKvDyUrKnaWcYRGajZPxTRDS0q3N,1610555619.13oUYNikU4facCTpUSiSLr0vPI0tJLnXiT,1610555721.03nzkucfjAUh31zTbmCVvTVYqtjoxZFnBh,1610555722.67fhKURdXVzRbLIjXmjRwdJHTnE7PWb1AE,1610555638.39J2ZWBLuLTHP0jOlzB4tNHmYeijH5g5YJ,1610556032.17Q6yCDx9g7alRnL9jBFXD2JhhUyB2hKfJ,1610557007.49MyVgDnuUuBxrvL6SGOdhKf69VYlW1MSm,1610555638.44hjT5hbYdKoE3MB6hijrjqbjmLgvCUYKD,1610555608.13zUvmFSCRt6SsLbhqFznMEvGx54GPGQzM,1610556038.62a5C4ynd1AARyAhTv8a58NCqHvXRjscqH,1610555644.45Xse8u7pusHNsd7F3d0A32HXvXr6weOJE,1610556038.62gKXOCG7XCn55eJvyl5voNjbwOW0znQDq,1610555987.13v0oleKK97pkesp6oMgprH8SoSdoDVdIO,1610556964.96ZLLeiQW0qpmxhPGTg7K03fmzkqsC2bjC,1610555987.13VQlEedQ50VvkPMEMzZDv3KNnQCewykN9,1610555982.186TY6MMGkDecIN1woW6vsfAMXVV7jnyjO,1610555982.673LuMndkwkvdmZOn0MmE2Pkidx0FtNalb,1610555733.38zItcuH7gHNfKdALR2d9Nek6bxCyw36Vm,1610556034.15BQxSbZINGCay0yp6RBVlgcPrw76Yn9ON,1610555639.37BPZpgtGml8qUsh9AdV4m32jPLfI2aNFq,1610556965.57S0adAalhWYe6K3bkZU0bRHbqnDK8gGkR,1610555983.54zteLPCMjyrjzPdhHhlZr3faCgD0TfYr3,1610555987.79rHnNRmt9a0ufmnwCvZqBouyUoZDNpylW,1610556960.041xWER61rmArlsKfiMl4frikWmUCnQ7op,1610556035.13a7NHZDutfTMJ88qle1gTYY59Dr4WmMsj,1610556890.456ZBDaY16bMtrTZTqAgHl3wq1tRxzqDow,1610555760.24e6890pkbyZ97Or6croI1rQgjkSsR0yVt,1610556043.02YpWMIJg3W004iqlPyv8OcVAZdSC5rNYw,1610555987.03z05P26TLtONYM1HSzupoc2CeNMa6HTqr,1610556032.15OYCzUxpsz7b10AXBAuDXrvEcvxFhf0M7,1610556032.63Z80yI9pNwS3jSmsDABbuhf8wkNa2Ze9y,1610555736.28eGuESasTXdR3SqY6pHhEXWZtcdciYLCO,1610556034.61bebeZA0MkaFG2sm3VKiqrxeqQginTTW0,1610556944.5XwXOphKYT3ZkWA8gViqOS97VHVuMVUqb,1610556944.745UVLFBzf7fPh4UH37I6tYQOFPqRDytEh,1610556034.63XsUwaFaPZevO1JNFjfhvY4aKNFnV4noV,1610556964.89xwBHw9faT1HjQRMNQEyA4qJ3hWkwgj3k,1610556966.74DydzH91jtyvRyYau47JpVkZoMRSNTt01,1610555740.77UueVziDbaXyRR4OcVJIIZyzOfAzN51bj,1610556046.84e3vwjyRCzqz0wJQhrk8zsxlFfFSv98Df,1610556137.99eoPuVrDThKAOvmeprLPb2FWRqIhzUodc,1610555740.73XFwSrmTXJPlaxGZSefh0jOVA8PI3III1,1610556123.88AOfNaz9jSnqU5Czc7okOv1RCrYfKFBTo,1610556046.85nB7NvyoYQeLcOV391Lmmut1wAM8CFGLw,1610556123.89H4pdIAzDthI7bMXMhlIhKUYIQIvtmPPQ,1610555740.87GOYQUJKpkynIS2lFqppYK4b32ol7NeGh
1610555604.25mOvVXuL01OCiReyVWBfesjuvXmB3MoPy,0.0,758.9949309337753,193.20345756642575,696.2266965549508,573.8044073299826,663.8838970652279,531.9978693368166,175.33097113307886,542.0976912842871,633.7000701041005,833.2925354550837,688.0547372295368,788.4863192378338,405.8241316246471,765.4367962691714,616.8693411852743,920.4475001399766,806.4566585163163,657.5085608294223,594.0792908503771,786.519821091247,859.1328335539604,597.12653224506,206.48907749206816,686.4490574141979,683.9051285420147,533.6613620614191,734.4498465402261,730.8253157252639,571.3467210315127,599.8232118560409,675.1966692921449,735.537979593428,691.8396425680448,693.3997321697587,712.9316477591709,666.8925935059159,674.9616073227543,751.8006284889693,672.503686169315,677.649576257532,840.3040376949872,718.4435402183482,643.5386820656339,795.8514227322651,846.9048325993598,673.8510693084623,636.2302226203855,623.4123192198266,741.0636801008078,561.849242944413,593.1701993833977,753.2961492643718,846.8133578755532,561.2030182764382,663.1146932079138,698.4913751392552,637.6769108115245,567.5408392972039,681.8977914624851,842.2530884753318,916.2690098045256,667.3904607245994,867.8116482964399,625.3289554114531,923.5329328215666,698.4091001834622,816.7491846573287
1610555605.43B6oDsBtWRQ29Q9UMQuTUEPZy3FSSWXzc,758.9949309337753,0.0,732.4756513945819,696.9758666674485,769.7161416931351,770.0328796402076,745.6059998121896,738.4297813503326,771.6779451369242,713.7371195961615,788.634308774428,781.9087793767851,735.4485786970354,739.697251510283,855.1885058698748,773.1915424847543,856.8545636532064,405.1847691042921,763.0585506821135,716.8283359404817,862.5943749892359,821.8480457080177,724.5235326028857,734.8089109431332,775.8813236310276,845.7133489611517,740.7597293421254,789.93979911563,756.5691533179562,686.641210734023,773.2598719884535,776.7805347310064,717.8622200286422,711.2568682883667,785.242347506867,866.979448855114,789.8724625608609,705.4588580285028,740.9757996470388,866.2415931395551,752.7788933251674,860.9403019221169,854.9005151923851,750.6835299288193,571.513207301522,423.35389144528,820.8746142983841,828.7310757549526,687.727840560523,846.0799847196672,743.7112231635931,795.2653518059423,869.6017276568804,833.9385917001275,715.4207880815762,786.2556681524035,802.577162630102,734.0743159883444,753.9621165692334,763.5242060649476,852.7447497947337,880.5174484902868,730.8800908639979,891.554331010906,717.5969868708634,902.9392655497013,816.5399219255477,846.811196931993
1610555610.92HPGJJSmyPM40z7otPBgHalNrHFA7zk5d,193.20345756642575,732.4756513945819,0.0,666.0660467923032,540.1953946549509,647.688773991754,495.93366869888285,222.18047161063544,536.3855940689069,602.3451419932125,808.6065176261989,704.4846586117426,762.5989780203835,387.2664596597663,756.5582539553534,585.3625528223803,895.3791211611945,813.7180294244631,628.5439081652012,561.9217746122517,778.1613259150245,867.2489895151709,564.4493159570932,256.7004496969911,664.3065300474374,681.8580403561167,496.7880070423404,713.1634045054585,703.6033414623358,537.0656400555242,567.0280962105242,646.1771452391063,708.1260333532761,663.4223826382264,675.5312407510944,696.6388182866913,640.5301472809734,645.6852028378257,725.0553713136427,692.7023255060479,651.0046789755952,828.7616643093105,706.6011632075448,669.9358757137915,773.2862532273037,825.1629567460933,665.6432672487587,627.8268112242068,591.5710178589826,712.4142726468865,579.5853018597385,579.8777211416151,727.02490146018,822.9206049760976,526.1654459019666,632.05035509631,683.3354305233911,606.9355264146607,576.312662075546,672.2320745864089,843.0277169593094,892.9909318241708,637.9502416266733,858.2163360562356,593.935601313154,917.4325905374361,666.491441484054,814.9434089998553
1610555606.68LaSQbm9EHAFycEfFtEqAwYqlBsQPjIRW,696.2266965549508,696.9758666674485,666.0660467923032,0.0,711.1891321077485,771.6592574616704,703.8253857653368,670.7505099525802,700.4637442151509,740.9667048682265,755.7824966316205,702.470663470313,841.5701411386517,690.8301541971236,854.1121368673229,719.5173815550099,891.5923174947101,744.2700629014063,722.8885655063849,677.4506880310231,801.1369781995571,826.4848646152295,738.2681316917613,665.510225430406,809.3482735635105,823.3463934493611,659.3265699603501,741.4856806708274,746.3908447213679,691.3572917917752,707.2154548973132,778.0232478987574,785.4216585993967,741.7037992730421,713.2922179146165,773.4228224450252,754.7134509516109,725.052243169818,751.39701961544,815.6087687294614,691.2600321934445,786.0111442497799,812.3983630792666,684.1873024922937,752.0388079021512,809.3778494594969,809.4768964468318,772.860134293954,703.0061683067654,790.1784037805023,665.7119793074069,763.7961624202709,834.4232810415115,835.4457753865972,675.6270288158212,807.9657409238716,821.4128987600441,663.9219498453042,701.8009987336164,802.4081754514916,841.0562390484106,898.7671417453486,712.3987152344456,912.705297436496,668.3674982870449,949.0601642271166,739.5567502866145,830.3444000541664
1610555617.19EKxMEwDHfXiEJZc27TsGoERaD6Da4BZU,573.8044073299826,769.7161416931351,540.1953946549509,711.1891321077485,0.0,714.8929127052245,467.6909113182486,548.7482167070036,534.7818487839482,657.8948299418194,816.312205796521,762.0758195953574,806.8797126256034,576.3812403767917,805.5441033655001,636.5286168114942,906.2952689035511,823.8463194436919,626.020667394575,643.0361149954829,811.5987740974587,844.4374103756747,589.352801357868,558.1527587743177,710.2189147917163,754.9186347377002,544.7167765245753,768.6707821010817,772.070601786296,534.1799725944346,637.6429342566189,611.8207504355136,757.0236625337857,720.9891408297967,719.0475528394672,770.2193121821879,710.4442685494425,700.3994319774805,776.3952847760268,775.1383758337457,693.934428213433,893.5926327426915,728.9723306293153,764.6591565808034,816.379080497469,847.792756465171,717.9108598766646,705.9204075875539,630.251611254499,724.2108803242295,669.1291220959395,624.5952099965922,770.7954789955704,870.3804376563802,596.4754364651278,676.9752210307987,699.8788015978979,689.4718211659446,658.8825420107092,681.1309400785359,827.4941572642726,905.9230492771379,710.1201435778861,850.6782277778763,654.2053200931774,938.5167147153198,714.5247815798043,784.6689556344875
1610555722.52PJ3FD50MGhRXyUD28vluU8Z9UjLJLZn4,663.8838970652279,770.0328796402076,647.688773991754,771.6592574616704,714.8929127052245,0.0,680.1568858102049,639.0045415993679,647.5656176828471,743.5232988492118,836.4962931601427,774.6202792758205,851.8246246749,633.8498093888272,847.7928674017395,724.3250314041027,912.0220951004512,803.8416496589595,434.62048324904157,709.4922315801894,815.6927092122722,817.2386123524432,657.9745874883375,630.9800172722721,692.8544117700737,444.7968305729422,658.9520513922836,808.8148113127532,808.0231512980376,607.9879683136431,707.5674870540998,685.9093047366108,833.023165350843,800.5813062481895,754.6669729199119,776.128027886422,765.3472264033279,770.5647146768678,788.2488121025078,785.6499846735429,799.7601393186042,862.9417466173084,801.1071922313746,758.0824673745534,814.8371595587004,786.4954500803617,678.2709529654787,675.4680404842443,736.4955176699339,801.2658644476384,693.7056751526477,667.1259288334753,799.8159796358641,874.2673787851005,675.7358244933662,634.5396358772734,792.4128523252,711.1245321999418,689.954133309665,633.8786116005613,860.9542685707167,922.7847354027195,762.3018647222327,821.3785699390746,733.6958266490303,909.323533679112,723.7912702771848,851.568806792859
1610555617.52Ijr5puT55g9apK8auM7zaxa3NANg502t,531.9978693368166,745.6059998121896,495.93366869888285,703.8253857653368,467.6909113182486,680.1568858102049,0.0,523.6073595397162,531.8269498082589,665.1483954567867,797.7292337636081,787.7385988861519,794.6255125509479,536.5619118687556,804.6035284379846,659.9802746087665,895.2414467289389,825.1960975086431,611.2714143688528,667.1702175773702,861.4768795618878,853.8622614100327,601.2564785173194,523.1075950333457,730.4920935092695,705.521878587982,573.4383250403379,753.0312482791273,749.3062546515916,476.10018686097857,645.3626340646572,594.620156781775,762.9211771816022,728.0828809351971,728.4463688336158,752.0851235507067,739.236769786029,709.946684083588,745.7776723564376,751.5559766334268,711.0458295642844,886.0273300149055,749.0648864821187,723.6064087692815,790.0918920822468,836.129178376976,752.1771627694809,719.381609795869,637.8839157462226,745.4133158572309,682.2656984084292,660.2282728679795,756.9866054110852,839.4227655751274,617.5729390183841,664.8041333464789,727.43047017184,698.5887381214364,672.9658379275924,655.6067175894935,839.1599462391054,894.3735931125207,704.3069366037511,839.0467595877601,657.9360890136791,926.7897085197714,721.936269093757,822.4209413054948
1610555638.77ZLjTLkz4jYJdFMI2wWBztzsDILkoOtAk,175.33097113307886,738.4297813503326,222.18047161063544,670.7505099525802,548.7482167070036,639.0045415993679,523.6073595397162,0.0,494.2356662706027,609.3714060034298,823.1376174716299,678.2486203037623,768.1877563252174,347.1636794390736,743.1238973051001,599.0957261425419,908.0343316170135,793.6627844667682,615.8536706631047,563.8912341497476,761.6699206851248,846.2874730499615,572.1865867181934,214.65156327130006,664.703232493157,664.9547356633769,505.17350042544473,727.1638771784267,711.3868358473152,545.2664608879675,574.0254334826055,652.7110226347555,713.9185551790846,670.1570872302938,672.7566591916599,692.4572653495349,644.0444472049415,650.8044553547555,732.6329230771967,662.2217241129558,661.710325666047,823.6338775824722,705.3158407583983,639.6338403220286,773.7204370286515,828.1098483471003,656.3298486291246,609.9106244619344,598.8514439373097,722.4284766205616,551.8864952943541,567.4880858073371,730.1487856099179,830.2148666568962,535.8258051440605,649.8930749561832,676.7465218722292,613.2688505306585,549.450416820483,657.9909515794468,825.2902860318964,908.2364392189992,644.107682502662,850.9534609311733,599.6730771341918,909.1236763763903,677.1216748213092,802.3177444450953
1610556912.46C7tJPLF0XfNnm8f1820X9aLmXMHoc0Dw,542.0976912842871,771.6779451369242,536.3855940689069,700.4637442151509,534.7818487839482,647.5656176828471,531.8269498082589,494.2356662706027,0.0,659.0817390803871,849.9619088895734,702.2140803973492,805.109086099135,489.41277468611764,764.6635766321942,651.4687901686826,949.2491133998805,795.2218613876922,509.7041718954643,619.0069327242292,745.3351739896841,825.6947206383362,618.382510034809,488.38540663429114,705.6391854284166,694.3944783242317,555.3998410533368,737.5905146793133,758.4737161474316,566.8054268773316,632.4553439592731,646.2960982056461,757.6208771966827,717.6266251901692,695.7388496414601,733.6706162522693,689.7642869662654,699.0763233420146,773.8302944958307,747.6627652175177,734.2219828264306,844.717883715097,703.9096849454514,722.4396652760298,812.4475573753261,853.2549708118638,674.4782778296366,633.4986013267635,651.1329792015366,736.1489275094331,604.5403598380121,617.5423440683758,776.540778080085,879.2645955457332,605.5810191087778,696.7079936949015,704.8803053244009,662.0215715220157,594.8068533773176,664.2750486829111,831.0949074099053,932.5956847113995,696.9573536524018,835.6306408366804,649.9914961149339,910.3457675401332,713.8631286724925,796.4470082000066
1610555617.51LjzIROg0aeCP2GhDcAVQ0LipKJB9jmKc,633.7000701041005,713.7371195961615,602.3451419932125,740.9667048682265,657.8948299418194,743.5232988492118,665.1483954567867,609.3714060034298,659.0817390803871,0.0,898.5661771684456,790.6145829464573,492.0094365110958,627.6619563433516,837.0182337838888,685.9362653337894,995.0712480756843,812.0269603670322,732.7733009758552,685.4202059506025,861.617179682578,914.0369376485684,628.4800708500744,604.335184979764,733.7818840734053,813.0215803932122,624.2840980848878,811.195465521294,722.7337145442622,627.9380941991296,640.190921232159,725.6362565514061,373.3950566727201,723.1635191154459,753.1852590633526,821.8180155463851,713.6953603999264,705.3182718044906,785.1836399088398,784.9700687848746,746.0416291872141,943.9860189044543,764.630473292434,786.6630521326515,817.2616186673927,827.708781962443,745.3033095967697,733.3622077240389,396.2693577123975,802.3853983866178,692.1525432525711,692.122906136046,777.4169672428291,896.8638846336631,646.2460479642616,719.4137218956239,777.4402031651848,679.0369962169719,702.6940504539562,741.5929891812281,905.7689390408951,960.9159473135501,661.2506629084346,950.5995762355213,567.0506907979383,989.0477731959799,774.3129976337383,875.9693589381037
1610555608.17OpjjHobqRkX0UPcaXrbu7K6L3805SZri,833.2925354550837,788.634308774428,808.6065176261989,755.7824966316205,816.312205796521,836.4962931601427,797.7292337636081,823.1376174716299,849.9619088895734,898.5661771684456,0.0,821.7415385141541,989.5844878805925,859.2294809503104,904.0963721962761,802.2716899495522,776.3532225374688,812.4452887907979,843.6910225594689,817.3295275040831,865.7624792994208,848.2618957285342,822.321507547365,822.1726326363907,828.6141155180658,871.7021491627133,825.1165714954346,837.5256263056751,844.8970958755663,810.7589430685356,859.8408844244541,839.4378051383728,942.9037437600606,851.7940262896647,822.068205192093,843.0609676174453,848.5531580059316,867.7295775712594,889.4288533713077,910.850227537275,822.65445130513,765.5877867559892,882.3200518263513,854.8678728310327,814.4381942145128,761.3302331351931,895.3416769392705,853.7725891612449,855.1859350607309,831.1625938314227,834.0120468525246,865.4242670630812,872.1494195831376,890.3788456134816,813.3475806669857,823.9979840075241,860.9303788467037,820.6731143542839,866.3818032648383,852.5287799339777,931.2379026262961,877.5174148670836,850.7777242262442,902.4554628652918,823.8126487712912,900.0800914857415,816.7219181636337,927.6016470549495
1610555721.82zWeNZfGUUfRJkgnAwlP8VMhPzXctnSd4,688.0547372295368,781.9087793767851,704.4846586117426,702.470663470313,762.0758195953574,774.6202792758205,787.7385988861519,678.2486203037623,702.2140803973492,790.6145829464573,821.7415385141541,0.0,873.5500565453674,680.8123844697685,857.8897344401646,712.5540837518458,892.1926787926443,663.8086619517422,759.9419121259048,625.6785086734939,584.9444959576741,641.9505853123628,772.5368253220064,669.4262165247063,802.9015605737615,818.9932543791851,719.4941771224168,737.1542489820127,738.4093356383597,778.0347860430406,773.2117973583738,806.847286773807,815.7494821368385,756.307184633331,692.416769720209,698.6547774196757,763.0511864918186,736.7921859638516,819.8180817992262,816.7690207544225,795.9759183027209,780.2908484358682,825.3727599213865,687.1550950284259,811.5398471575618,824.6563806496829,792.7666631049489,720.8371255872897,735.4332387689861,763.8227716300796,427.23086509787163,731.6461242197319,862.084302754744,849.11670546611,712.5571238292392,804.7516694802142,803.0343027061663,663.1885727094747,621.7223129572377,800.3779550963746,843.1590512122559,922.6321785425399,675.2417569981159,907.0364435420332,684.6697660100067,916.263078040384,735.8775540936849,844.2927051551774
1610555735.75bom85BDF0C7W2eIseHeMxi24qR68nzMi,788.4863192378338,735.4485786970354,762.5989780203835,841.5701411386517,806.8797126256034,851.8246246749,794.6255125509479,768.1877563252174,805.109086099135,492.0094365110958,989.5844878805925,873.5500565453674,0.0,772.0780521252898,898.4399664513171,787.1516958442677,1070.5507249456493,833.7952726965087,843.2138141290949,755.8647703876285,941.435084800356,964.2187404948279,782.6940877399214,765.093908563893,868.4206092268764,915.5092131321752,783.9279902548325,889.5144053502147,794.6983587546009,756.8233542326858,747.4858914656508,840.4180261174484,327.31278139314696,735.7715784133679,845.7319342026768,916.685941992309,814.7675699917448,727.9219001358063,896.2260603311477,884.6600536261456,827.1362324427625,1010.5910079856278,862.0900073579578,857.0207083639885,853.9995963974746,849.26053793022,868.1099979453192,869.150928309615,631.2587412668825,917.8181707807278,807.5129795069546,832.8121948409379,860.392441314148,937.0797620601157,755.7874983844818,857.3428368253046,898.0948602286836,787.0909297246894,811.2147794771968,854.9810737528971,954.1915987394424,995.4032186277583,714.3116949427744,1030.6877981928446,723.3690275010185,1029.2692671524599,889.8418231410694,930.3628180958557
1610555735.77NnT5xqKnwcf2BbjIekeb2arTQj6QMNwk,405.8241316246471,739.697251510283,387.2664596597663,690.8301541971236,576.3812403767917,633.8498093888272,536.5619118687556,347.1636794390736,489.41277468611764,627.6619563433516,859.2294809503104,680.8123844697685,772.0780521252898,0.0,739.5484882523567,643.2758190738446,943.0485461006577,787.789074826906,570.9619249195687,593.3189235452386,771.3136037427348,830.3489146085849,588.7645236473934,384.27957547513546,681.3334189652971,685.7348821944682,548.3978270530182,749.822705134058,743.4983097860248,540.6819855548101,614.1526316671827,652.7424869360226,732.4428190186234,708.9216638052687,707.9830441904069,736.8457113095084,669.8357662919169,675.4797442639997,758.0646007216604,706.9752823172885,704.331158585809,855.3574257226585,726.6604070299261,705.5751527093196,782.0616832482242,824.3052113187761,685.9706976384234,636.8542724873691,616.6898618592127,741.7737959082332,578.7717207276013,599.5905213770853,767.2841547130114,864.1616632325956,573.332923807183,668.4170076499528,683.3481510622985,644.9814485201099,568.2935248488665,657.6134481037568,840.7046453018796,924.6732007679619,688.3290244411206,847.9099076459347,625.4645442419992,910.2664116848687,702.9341374286321,826.3283860729616
1610555638.33wjf1PhdNaoWfbRzXVn50hmFyB5bYAiLV,765.4367962691714,855.1885058698748,756.5582539553534,854.1121368673229,805.5441033655001,847.7928674017395,804.6035284379846,743.1238973051001,764.6635766321942,837.0182337838888,904.0963721962761,857.8897344401646,898.4399664513171,739.5484882523567,0.0,785.5700898825991,943.6108845788342,889.0708290160303,808.1234027783354,802.5602210166228,850.8357133962332,910.1086777436525,813.207335872273,749.6068459057315,849.8718680572231,857.5817863625379,790.5412599598978,898.7942929068239,847.0851245924526,802.3528834228465,768.5140292907382,830.9373000643885,874.5883969978726,876.0815378179583,752.4605438051697,827.78401483263,767.0034846252642,851.8841918312131,886.0601709683885,863.3634761969062,715.6125060493802,903.0522189331198,746.7006215586879,841.0434560149012,815.1490985378769,883.2705038153905,829.9419848536025,797.3147734516482,850.0183319572114,865.4375056519501,801.5905673755653,769.6313925312076,951.5368713895701,863.0554322515509,777.7949346959684,851.7930545598571,767.701290725014,826.8591018578211,823.1933035776415,849.4616935320852,934.9976920545264,940.7765965176081,859.7037236059917,927.7652130060685,841.2737286399687,932.5110997645702,866.4594664791841,933.8648173659949
1610555606.65jCE4ig8Pu8kvAzkxnSGfWsV0nQBjCf8H,616.8693411852743,773.1915424847543,585.3625528223803,719.5173815550099,636.5286168114942,724.3250314041027,659.9802746087665,599.0957261425419,651.4687901686826,685.9362653337894,802.2716899495522,712.5540837518458,787.1516958442677,643.2758190738446,785.5700898825991,0.0,912.5766772746593,838.0712712279163,730.9054397613271,551.9268567753699,750.0974751647233,881.5989959071861,662.8417611545682,602.4805789118494,741.9475542748991,795.980797360343,602.0465369136082,724.3059976049892,684.8117267949694,680.5493840650594,612.0275373644633,745.7975878603387,724.2333510215645,546.7630285396494,551.545443684261,695.5049351573084,644.1740566848306,563.4216764674321,783.2219707516836,804.8743078862117,636.0635191795797,850.832485947214,756.1652661695684,739.4103402724592,831.865418114519,850.659701734113,714.396508782728,703.4416510261178,668.3263685488226,732.8510982788581,635.8322280935279,688.5018722323957,765.6516105646252,854.28534909628,550.8512114660266,728.99003376188,783.4241353243522,594.9605999902353,654.2867689736288,772.0343663221614,832.4022089387541,901.0182151139654,616.644525260093,890.8153052191152,641.722779863025,889.1863386792937,700.1524208485082,776.3822245021022
1610555608.18ONsBCVo1i7BrX0XG9stct4oiA6ejX9Oz,920.4475001399766,856.8545636532064,895.3791211611945,891.5923174947101,906.2952689035511,912.0220951004512,895.2414467289389,908.0343316170135,949.2491133998805,995.0712480756843,776.3532225374688,892.1926787926443,1070.5507249456493,943.0485461006577,943.6108845788342,912.5766772746593,0.0,858.1646886081426,919.0514539807175,915.3859598251677,906.2937376225619,880.8019527591017,903.9936643594807,915.1825044406645,903.0047216586318,908.9664473485312,928.5642315515009,926.3472801516737,912.9950192020864,901.017039749419,941.336535959042,913.00919265125,1032.6656881825095,951.7676998060383,893.7931793540649,872.5628443791625,937.1906461916305,931.1877092369815,909.4531865054423,987.0752608761741,915.7258396542795,878.1874675510275,979.1061212567481,923.4698425734471,851.8872626463741,848.0903478476715,978.855127756773,944.7302704930544,945.9339146698031,881.6681859167711,923.4205310719739,940.1982592429373,970.2497947409404,886.8031191945806,922.8521895391846,890.7810846636435,888.6591049997256,927.423244357821,950.9629886373918,904.9218844245773,981.0691095204268,882.9416274445847,918.6181664412348,885.7405995068552,917.2017613937367,922.539037238851,872.2625704026098,997.5336090053889
1610555721.51RNoQUMP19FTMS79BmA3JkgSm2IC2AQuQ,806.4566585163163,405.1847691042921,813.7180294244631,744.2700629014063,823.8463194436919,803.8416496589595,825.1960975086431,793.6627844667682,795.2218613876922,812.0269603670322,812.4452887907979,663.8086619517422,833.7952726965087,787.789074826906,889.0708290160303,838.0712712279163,858.1646886081426,0.0,791.8537667497003,770.7049695028365,798.0483664713195,747.1083707369917,799.2924471719508,776.986791194306,836.3076787097976,873.1168981973249,795.6422535104236,833.7606739807303,825.9806243352245,772.0324034599245,845.7638036253984,824.6264175924796,816.7913705071256,806.4501349071688,843.8994910131803,880.2250581855861,863.6283948201378,804.4928487319881,805.4200492871055,895.1258105894922,824.1851865561948,868.8477089596578,879.5632893590467,782.7465048954904,646.6333289438413,522.5206730092144,846.8566011197344,843.4648033588049,789.4040319915259,857.0018796013625,706.4102417586848,832.2626786067403,925.069157721371,877.2318840736118,814.7692127700335,839.4581606251037,842.6632134329747,810.2336399268148,759.8264694504884,800.241124879803,848.9088841542269,893.1567229150319,798.4997021454751,888.2912127106365,787.9752470114242,900.5299116543042,845.7057706194089,841.3721884088908
1610555971.86O0cHB2ibBJ8jxoObg01EpGe8VVV5mpwn,657.5085608294223,763.0585506821135,628.5439081652012,722.8885655063849,626.020667394575,434.62048324904157,611.2714143688528,615.8536706631047,509.7041718954643,732.7733009758552,843.6910225594689,759.9419121259048,843.2138141290949,570.9619249195687,808.1234027783354,730.9054397613271,919.0514539807175,791.8537667497003,0.0,703.2107556797557,794.8476865171028,773.9033259421811,658.7025787839925,611.8913335325541,725.7224137446199,578.1740150451294,618.0397572911465,794.7535486427572,816.3341211734776,565.8914568455143,709.8982453251092,631.5377476711396,823.8794901032871,788.5108975648412,750.6843627352241,787.936475583916,767.979708797499,767.658566868491,790.4225242534785,784.2923980724445,792.4092108137268,867.6379869655829,775.8892384332187,759.5790225034668,811.8954640320112,829.1436994491239,713.8051726412111,653.9873741578224,725.5047726604207,763.4591035606269,675.5344471903795,657.6356799130676,813.7608273734577,885.2427737137715,683.9085651857199,717.2595987204888,749.8334166673482,722.0551062290062,664.1066190876778,635.1718039488362,839.7720082542351,937.9893138778721,772.5917150474916,808.7501329940544,725.6293940320403,909.164381359636,710.3170438150208,831.4663254583414
1610556911.51zU3duZSGpcw1BDNsBLxdOCITAXwl6z3i,594.0792908503771,716.8283359404817,561.9217746122517,677.4506880310231,643.0361149954829,709.4922315801894,667.1702175773702,563.8912341497476,619.0069327242292,685.4202059506025,817.3295275040831,625.6785086734939,755.8647703876285,593.3189235452386,802.5602210166228,551.9268567753699,915.3859598251677,770.7049695028365,703.2107556797557,0.0,689.0297413928375,812.4256030481179,645.3208367670626,577.7083703510267,735.4556831021828,784.0278564113366,581.3127997954205,672.2242140400688,672.9494528819657,660.1822815425328,633.5161916071933,715.6772763538505,690.6722463758874,604.4982560858747,614.9837935591605,663.5084617105535,640.9374425342875,588.0492096676857,777.7525133308079,790.6647888396944,665.0973643490794,799.4981164247673,760.9692752483071,680.8484575044986,715.9957477761585,811.3934664925628,702.7884285945897,650.987659392064,651.4829119428771,748.2466494117583,583.8327601923054,670.9556698781407,774.2402854286358,846.4602404858409,569.9141933709026,715.5888560040847,715.3765247081313,567.4729683443351,584.2003256983339,748.6599630523015,844.0275256191514,890.2387270520339,590.8455066150269,902.9302881783959,592.8743014875474,895.3556721669322,708.5531858743078,806.7322458375191
1610555988.71dMoYT8250UHHJGxgmITTmbHe7V6gH1yU,786.519821091247,862.5943749892359,778.1613259150245,801.1369781995571,811.5987740974587,815.6927092122722,861.4768795618878,761.6699206851248,745.3351739896841,861.617179682578,865.7624792994208,584.9444959576741,941.435084800356,771.3136037427348,850.8357133962332,750.0974751647233,906.2937376225619,798.0483664713195,794.8476865171028,689.0297413928375,0.0,752.534717345551,829.0882837604972,767.7600865431583,833.3334982061288,841.1943862506018,771.2625596904705,764.7287245647016,824.5053402730867,849.2121607150634,815.3908893073334,848.0863326150549,887.2288896405897,827.6092191752144,694.2127879421789,753.5110990083023,812.385735553284,805.3865662520856,887.3286775064728,884.7070360001949,822.9659352804568,801.4161470540215,835.3523808844769,780.5506009211662,839.4504424438962,869.3313039915907,801.9293373973663,774.6178360041263,816.3725281373576,820.8944534771897,662.1355633744282,780.5125721750842,897.5542833921644,901.2354705610907,783.7780610686665,832.1571453265105,830.1329133668364,698.94168942988,735.5281170352366,830.9658791336631,864.5995264117233,955.1375637019157,757.9279157201756,894.0172435931348,766.140281497143,922.5406178532685,821.3390231344692,875.1144663747348
1610556042.81mlUZsSp7gbGjrp8jQSnybT1gPy6e62o1,859.1328335539604,821.8480457080177,867.2489895151709,826.4848646152295,844.4374103756747,817.2386123524432,853.8622614100327,846.2874730499615,825.6947206383362,914.0369376485684,848.2618957285342,641.9505853123628,964.2187404948279,830.3489146085849,910.1086777436525,881.5989959071861,880.8019527591017,747.1083707369917,773.9033259421811,812.4256030481179,752.534717345551,0.0,785.8757080183591,844.8453533623002,855.5586877058319,842.9130617269,858.0997254124511,835.0411589772236,874.5104303567853,778.791415737661,917.105532804885,757.400219168676,940.4588641473289,902.1027688283016,849.3496710752457,850.9289692893029,897.6501399781708,881.836179322105,888.3022988336008,897.1950689470033,919.3023293454984,826.889879096898,914.1992702088576,841.6898703926464,796.527522350484,828.3353782049438,884.8496163377889,833.3209918396198,841.525648188179,822.4067563184974,732.8678756769634,847.8211013499256,964.4686782090865,915.2813034068947,893.2624337743329,844.3626291362928,839.8653121564603,827.157528316311,793.4340440668858,754.2924792647909,837.6378858364909,945.2102541165318,828.7666577666163,850.7102802870015,841.22304441822,881.529666730014,815.7617355791148,848.0264326261687
1610555637.02UBW5nKvDyUrKnaWcYRGajZPxTRDS0q3N,597.12653224506,724.5235326028857,564.4493159570932,738.2681316917613,589.352801357868,657.9745874883375,601.2564785173194,572.1865867181934,618.382510034809,628.4800708500744,822.321507547365,772.5368253220064,782.6940877399214,588.7645236473934,813.207335872273,662.8417611545682,903.9936643594807,799.2924471719508,658.7025787839925,645.3208367670626,829.0882837604972,785.8757080183591,0.0,566.0752751621195,633.0013926719312,733.8018139710668,528.3810853290566,784.6730931891893,761.2182289450033,482.1612022471259,618.4242138335728,586.0757630826383,731.6961812125913,726.6777552499506,720.4026394130917,751.763318623965,689.0688583129738,675.8843251697446,720.931506311539,780.3082473304629,715.7210290467873,875.1025960689827,754.9714941743132,771.320857475127,775.1017531404434,792.2177962512097,663.0804197853962,686.9102886085395,566.2675065822131,703.888886775533,680.3144831058626,608.0704215987013,777.6119159180263,842.6215838016391,600.0334375367916,552.9931208287486,729.3907410915375,664.4051209708173,675.718213316977,606.2126452777766,826.3871470510784,893.8414359148567,660.7736536470956,836.8157781641208,621.951604877777,914.3038891613731,689.674347451844,836.2567625165036
1610555619.13oUYNikU4facCTpUSiSLr0vPI0tJLnXiT,206.48907749206816,734.8089109431332,256.7004496969911,665.510225430406,558.1527587743177,630.9800172722721,523.1075950333457,214.65156327130006,488.38540663429114,604.335184979764,822.1726326363907,669.4262165247063,765.093908563893,384.27957547513546,749.6068459057315,602.4805789118494,915.1825044406645,776.986791194306,611.8913335325541,577.7083703510267,767.7600865431583,844.8453533623002,566.0752751621195,0.0,675.2547543107409,671.6175165187627,498.86198855601117,726.2736739804242,711.1302416663516,539.2846862735323,568.1168803821407,648.9043998860583,710.7003646048147,670.9384985868338,671.9144542534291,692.9095310649144,643.1012670949666,647.5224510864406,727.7544488421801,676.9291118610328,674.7724044191992,849.469457944702,695.2625513965301,664.6383760788785,780.7897355385801,830.5453251924464,643.1571579361148,607.8272461581856,593.6013744230876,725.6460590044998,534.6847315106796,579.9844118951913,728.7761091134315,820.2832420678506,535.4678345066206,649.3019761896904,698.0862500116334,608.9598640278978,537.3632753883682,658.6032080478788,835.793644343732,911.7701791789783,639.9722428759212,856.6099439838639,595.7931430534206,913.4706794926481,673.8231784684383,805.3584635818489
1610555721.03nzkucfjAUh31zTbmCVvTVYqtjoxZFnBh,686.4490574141979,775.8813236310276,664.3065300474374,809.3482735635105,710.2189147917163,692.8544117700737,730.4920935092695,664.703232493157,705.6391854284166,733.7818840734053,828.6141155180658,802.9015605737615,868.4206092268764,681.3334189652971,849.8718680572231,741.9475542748991,903.0047216586318,836.3076787097976,725.7224137446199,735.4556831021828,833.3334982061288,855.5586877058319,633.0013926719312,675.2547543107409,0.0,749.1417713573722,686.0315357699076,818.6495416617888,837.2455896733751,679.8447760525987,726.2302045256752,725.2889609137945,823.7885133328078,795.6290047655679,765.9935580233741,819.5706272171432,761.973166511312,753.9005409566072,737.1510642421824,802.6862115305381,821.729731546839,874.0210473742405,795.7274260786775,813.8336666492908,810.740886589335,764.8429652821101,746.6692222290515,695.6483142130061,675.7443713004013,790.9988442557716,719.811120263373,692.6947346040121,830.0212604874147,894.0050841220882,691.528924777771,625.811916862272,700.4789346414359,736.1793435869946,730.2880508682682,643.7202757025946,860.7515183138805,919.2829738886352,757.8543467982123,811.2017654641387,726.441910606668,888.3862780024505,757.1725514802657,868.5581206686956
1610555722.67fhKURdXVzRbLIjXmjRwdJHTnE7PWb1AE,683.9051285420147,845.7133489611517,681.8580403561167,823.3463934493611,754.9186347377002,444.7968305729422,705.521878587982,664.9547356633769,694.3944783242317,813.0215803932122,871.7021491627133,818.9932543791851,915.5092131321752,685.7348821944682,857.5817863625379,795.980797360343,908.9664473485312,873.1168981973249,578.1740150451294,784.0278564113366,841.1943862506018,842.9130617269,733.8018139710668,671.6175165187627,749.1417713573722,0.0,740.8650566097635,838.3373675725609,843.5875923729552,681.6610972578062,780.8549473475591,762.3732375865806,895.923255294024,864.7296521254874,824.217010728624,788.3185814699231,829.6530839016561,838.6947594266711,801.5967511717525,801.398702340236,859.3465065521109,852.7964279114201,826.7110439317836,755.3365748081497,857.4551141743606,842.3900877566019,737.629935200153,743.1755085236622,806.3208012843975,843.5979037846192,737.8256280474039,721.0546282371367,831.1512420482237,885.6159797718768,752.6107033176512,677.4582895935612,793.1428477148081,781.7114387138328,726.1361835850289,696.6219619511861,889.8338144512535,936.5828982241983,831.7899619600984,824.8440595740587,805.22328766663,901.6779950332448,768.7014400933338,874.8228796038783
1610555638.39J2ZWBLuLTHP0jOlzB4tNHmYeijH5g5YJ,533.6613620614191,740.7597293421254,496.7880070423404,659.3265699603501,544.7167765245753,658.9520513922836,573.4383250403379,505.17350042544473,555.3998410533368,624.2840980848878,825.1165714954346,719.4941771224168,783.9279902548325,548.3978270530182,790.5412599598978,602.0465369136082,928.5642315515009,795.6422535104236,618.0397572911465,581.3127997954205,771.2625596904705,858.0997254124511,528.3810853290566,498.86198855601117,686.0315357699076,740.8650566097635,0.0,746.9778957205556,737.855180185125,551.5172956046267,549.6204739919937,577.8454383833191,728.0035647236535,690.5750990379212,681.0499787630314,711.403712279104,653.8198459364144,662.7739935906569,755.8268892066674,728.7167737681057,654.9889020561835,870.0218880241723,691.432182793973,732.466905209562,785.0254495028693,839.5430854879644,601.3823797159142,636.88139729566,613.5112337093466,566.9789468611665,608.8802888564128,571.1935683607755,759.2469184422332,863.3267942469403,555.7575722256023,681.0029433672937,728.7659206890961,603.2299483928989,610.1763737208599,652.3669289698786,840.250328879011,889.5988599935865,665.2619378210925,867.6702863162938,616.1953163123324,931.7247745250152,594.6400474781981,826.2786013845481
1610556032.17Q6yCDx9g7alRnL9jBFXD2JhhUyB2hKfJ,734.4498465402261,789.93979911563,713.1634045054585,741.4856806708274,768.6707821010817,808.8148113127532,753.0312482791273,727.1638771784267,737.5905146793133,811.195465521294,837.5256263056751,737.1542489820127,889.5144053502147,749.822705134058,898.7942929068239,724.3059976049892,926.3472801516737,833.7606739807303,794.7535486427572,672.2242140400688,764.7287245647016,835.0411589772236,784.6730931891893,726.2736739804242,818.6495416617888,838.3373675725609,746.9778957205556,0.0,778.749053795151,781.4607661186627,796.3417947396258,823.4141599981338,832.4470095170901,701.4151151061499,766.5965622010317,752.0719016143673,796.9970409867442,717.2562548845824,819.3988378734298,829.5890472546744,836.6449628844688,793.0118121433416,817.1042408097924,713.913568484747,843.4112696866644,833.5771523541317,810.3677732300373,797.1133081522702,772.4328097975749,813.3750411736308,708.0239481131471,780.278775273403,852.5941622083145,889.9024169174467,757.0634414330535,824.5045913909305,813.1420708871075,661.6763906578835,690.9016422829667,832.0392758555538,827.7982175473454,952.7740662170199,708.7658598049198,882.2841265946126,722.9725052185299,921.2802243379053,808.0984573985533,844.6774426732952
1610557007.49MyVgDnuUuBxrvL6SGOdhKf69VYlW1MSm,730.8253157252639,756.5691533179562,703.6033414623358,746.3908447213679,772.070601786296,808.0231512980376,749.3062546515916,711.3868358473152,758.4737161474316,722.7337145442622,844.8970958755663,738.4093356383597,794.6983587546009,743.4983097860248,847.0851245924526,684.8117267949694,912.9950192020864,825.9806243352245,816.3341211734776,672.9494528819657,824.5053402730867,874.5104303567853,761.2182289450033,711.1302416663516,837.2455896733751,843.5875923729552,737.855180185125,778.749053795151,0.0,752.5349356859434,749.8544553804485,825.1033283161948,734.3999975570208,694.4272031357098,730.4579925244016,706.696299888305,749.4641309348447,635.4309156458575,852.0765445558707,879.0479054106657,694.2467566014391,872.365110415835,828.8538267499074,769.2815249359344,820.8696969388046,821.6321430443796,810.9766349349093,805.8392560742069,735.105418424864,848.1770443376461,704.5094711205106,783.8395620887262,871.0582099796603,838.1782675691844,680.5401036139937,804.0208401402997,852.9756163954407,695.9834033273919,734.5447465036003,813.2473480712591,891.6009970476626,897.2855429961446,566.5548285601832,963.546536123878,622.5493861260602,850.3112442697666,832.7450298645136,902.7692200344344
