,1610555604.25mOvVXuL01OCiReyVWBfesjuvXmB3MoPy,1610555605.43B6oDsBtWRQ29Q9UMQuTUEPZy3FSSWXzc,1610555610.92HPGJJSmyPM40z7otPBgHalNrHFA7zk5d,1610555606.68LaSQbm9EHAFycEfFtEqAwYqlBsQPjIRW,1610555617.19EKxMEwDHfXiEJZc27TsGoERaD6Da4BZU,1610555722.52PJ3FD50MGhRXyUD28vluU8Z9UjLJLZn4,1610555617.52Ijr5puT55g9apK8auM7zaxa3NANg502t,1610555638.77ZLjTLkz4jYJdFMI2wWBztzsDILkoOtAk,1610556912.46C7tJPLF0XfNnm8f1820X9aLmXMHoc0Dw,1610555617.51LjzIROg0aeCP2GhDcAVQ0LipKJB9jmKc,1610555608.17OpjjHobqRkX0UPcaXrbu7K6L3805SZri,1610555721.82zWeNZfGUUfRJkgnAwlP8VMhPzXctnSd4,1610555735.75bom85BDF0C7W2eIseHeMxi24qR68nzMi,1610555735.77NnT5xqKnwcf2BbjIekeb2arTQj6QMNwk,1610555638.33wjf1PhdNaoWfbRzXVn50hmFyB5bYAiLV,1610555606.65jCE4ig8Pu8kvAzkxnSGfWsV0nQBjCf8H,1610555608.18ONsBCVo1i7BrX0XG9stct4oiA6ejX9Oz,1610555721.51RNoQUMP19FTMS79BmA3JkgSm2IC2AQuQ,1610555971.86O0cHB2ibBJ8jxoObg01EpGe8VVV5mpwn,1610556911.51zU3duZSGpcw1BDNsBLxdOCITAXwl6z3i,1610555988.71dMoYT8250UHHJGxgmITTmbHe7V6gH1yU,1610556042.81mlUZsSp7gbGjrp8jQSnybT1gPy6e62o1,1610555637.02UBW5nKvDyUrKnaWcYRGajZPxTRDS0q3N,1610555619.13oUYNikU4facCTpUSiSLr0vPI0tJLnXiT,1610555721.03nzkucfjAUh31zTbmCVvTVYqtjoxZFnBh,1610555722.67fhKURdXVzRbLIjXmjRwdJHTnE7PWb1AE,1610555638.39J2ZWBLuLTHP0jOlzB4tNHmYeijH5g5YJ,1610556032.17Q6yCDx9g7alRnL9jBFXD2JhhUyB2hKfJ,1610557007.49MyVgDnuUuBxrvL6SGOdhKf69VYlW1MSm,1610555638.44hjT5hbYdKoE3MB6hijrjqbjmLgvCUYKD,1610555608.13zUvmFSCRt6SsLbhqFznMEvGx54GPGQzM,1610556038.62a5C4ynd1AARyAhTv8a58NCqHvXRjscqH,1610555644.45Xse8u7pusHNsd7F3d0A32HXvXr6weOJE,1610556038.62gKXOCG7XCn55eJvyl5voNjbwOW0znQDq,1610555987.13v0oleKK97pkesp6oMgprH8SoSdoDVdIO,1610556964.96ZLLeiQW0qpmxhPGTg7K03fmzkqsC2bjC,1610555987.13VQlEedQ50VvkPMEMzZDv3KNnQCewykN9,1610555982.186TY6MMGkDecIN1woW6vsfAMXVV7jnyjO,1610555982.673LuMndkwkvdmZOn0MmE2Pkidx0FtNalb,1610555733.38zItcuH7gHNfKdALR2d9Nek6bxCyw36Vm,1610556034.15BQxSbZINGCay0yp6RBVlgcPrw76Yn9ON,1610555639.37BPZpgtGml8qUsh9AdV4m32jPLfI2aNFq,1610556965.57S0adAalhWYe6K3bkZU0bRHbqnDK8gGkR,1610555983.54zteLPCMjyrjzPdhHhlZr3faCgD0TfYr3,1610555987.79rHnNRmt9a0ufmnwCvZqBouyUoZDNpylW,1610556960.041xWER61rmArlsKfiMl4frikWmUCnQ7op,1610556035.13a7NHZDutfTMJ88qle1gTYY59Dr4WmMsj,1610556890.456ZBDaY16bMtrTZTqAgHl3wq1tRxzqDow,1610555760.24e6890pkbyZ97Or6croI1rQgjkSsR0yVt,1610556043.02YpWMIJg3W004iqlPyv8OcVAZdSC5rNYw,1610555987.03z05P26TLtONYM1HSzupoc2CeNMa6HTqr,1610556032.15OYCzUxpsz7b10AXBAuDXrvEcvxFhf0M7,1610556032.63Z80yI9pNwS3jSmsDABbuhf8wkNa2Ze9y,1610555736.28eGuESasTXdR3SqY6pHhEXWZtcdciYLCO,1610556034.61bebeZA0MkaFG2sm3VKiqrxeqQginTTW0,1610556944.5XwXOphKYT3ZkWA8gViqOS97VHVuMVUqb,1610556944.745UVLFBzf7fPh4UH37I6tYQOFPqRDytEh,1610556034.63XsUwaFaPZevO1JNFjfhvY4aKNFnV4noV,1610556964.89xwBHw9faT1HjQRMNQEyA4qJ3hWkwgj3k,1610556966.74DydzH91jtyvRyYau47JpVkZoMRSNTt01,1610555740.77UueVziDbaXyRR4OcVJIIZyzOfAzN51bj,1610556046.84e3vwjyRCzqz0wJQhrk8zsxlFfFSv98Df,1610556137.99eoPuVrDThKAOvmeprLPb2FWRqIhzUodc,1610555740.73XFwSrmTXJPlaxGZSefh0jOVA8PI3III1,1610556123.88AOfNaz9jSnqU5Czc7okOv1RCrYfKFBTo,1610556046.85nB7NvyoYQeLcOV391Lmmut1wAM8CFGLw,1610556123.89H4pdIAzDthI7bMXMhlIhKUYIQIvtmPPQ,1610555740.87GOYQUJKpkynIS2lFqppYK4b32ol7NeGh
1610555604.25mOvVXuL01OCiReyVWBfesjuvXmB3MoPy,0.0,978.1467671835609,239.70093145879912,937.5073301341434,629.8819049719498,847.2781081161136,578.1466294874016,293.66673679899515,502.5842745247048,836.3183706513497,1066.1905478878555,1001.5715354037642,963.3174851982089,439.31212018414965,1007.7895796701189,913.4248023914133,1128.899365803431,1026.4269200818205,690.4018035816998,852.654202803953,1062.6873073934785,1126.7859525227657,765.2609013937608,279.12535515464333,931.8964340520229,865.4130614012503,697.2634047086823,1004.5236159197459,975.8870682284743,697.2926702635274,891.2191578753858,758.8439823499702,929.5886485073138,972.1402034576189,993.1222531213981,977.4740788389657,969.3815731315573,947.341861081019,1002.7879168362998,1015.47542491243,956.3578160997747,1098.8226916689534,974.2594405670557,948.0425008628667,1041.852810791504,1069.295605660565,978.6904662034766,837.6954740895295,838.2003659921995,981.3639417274392,875.7924020430856,807.987404277402,1016.0951320912252,1097.8915623545472,850.663469592911,867.0415328373678,916.9280782382696,953.6067309415828,849.6711324513117,852.9848185256204,1093.1162475066155,1191.8263615600324,931.4003236111764,1079.4341983046772,855.8698938259691,1176.246356582977,909.9750746043195,1049.2020914363484
1610555605.43B6oDsBtWRQ29Q9UMQuTUEPZy3FSSWXzc,978.1467671835609,0.0,1004.9607686920946,737.9599968636805,1006.3221153498425,967.3418107512626,980.5255497138829,1029.7213409945605,1061.0501440174012,965.7423286963152,800.2436953817544,940.562117898369,887.6329018546702,1054.1703323497197,932.7114906420701,951.2696028670184,837.8169034859835,495.1143302553836,981.3266638828587,969.6479864447474,1021.3673702034158,904.3979996727525,910.3342717702317,1020.7178495266157,943.0448821504331,1033.7472601591126,1003.4709492425026,946.2411755289629,817.9411957420949,869.751693157208,1008.3213334615517,919.9137641729138,925.3097167734146,828.6451422179751,983.5409976124538,999.6232512011985,1008.209787455097,800.6786917740102,716.7917319659733,1106.3842901061128,858.0302159468096,941.2200245945075,1034.3816163021525,833.840956407661,638.4038185414618,525.0774550104602,1052.6146197855442,1038.2075934320337,898.7253357197154,998.0248506046948,962.1351166122394,1051.0718418901986,1000.540571527027,806.2271168002542,950.2251980831101,972.0714652501708,944.4152237886151,932.7321567392569,980.5502559713661,920.77135953526,872.9757975450227,882.2300833639882,821.6831912780032,938.6940952824068,880.2725207003493,917.1213327668784,977.1330322878102,875.9671293333096
1610555610.92HPGJJSmyPM40z7otPBgHalNrHFA7zk5d,239.70093145879912,1004.9607686920946,0.0,935.2596324943487,623.5835565501878,852.5950412735863,556.183186129354,274.72756171913727,503.39307776599685,865.2881949478165,1054.391267496584,982.5581370029387,991.4645422001232,375.462707075793,1000.5292530285826,913.222942589817,1115.1050225960716,1027.7898115018022,689.4989267106163,844.7398470954499,1050.1913932771347,1118.4252081037657,786.1559301466554,279.12022584254817,929.986206540747,861.1852362372614,700.433320942575,990.4823814819518,975.656994670288,711.6334764259732,905.6301772926847,777.2769710400039,956.3719096437283,982.0494938897114,994.053670610365,961.1952189191186,964.3650936767559,965.2177533041097,1019.1628381501215,1008.8964389303526,945.3957893845769,1080.4191023972382,971.0549420341058,944.2544651033569,1040.5331934090261,1070.871316311562,986.9669876376171,836.4144017024736,865.8104924221626,968.0497488534794,866.8695683014247,792.325665922103,1024.6286593436432,1105.2004649556268,856.5946190865653,865.290245957457,894.733349263015,969.8508779536704,836.7500715006045,857.0863399871382,1090.9720113352655,1178.9248388626008,949.5170556141215,1067.3730937247003,878.0672097261435,1170.5200637796988,901.0327643295662,1044.3432518410077
1610555606.68LaSQbm9EHAFycEfFtEqAwYqlBsQPjIRW,937.5073301341434,737.9599968636805,935.2596324943487,0.0,932.492096384522,990.6077019183019,908.5040427648578,934.9569549969448,998.0889137047466,1019.0860142549367,698.9205137337473,769.135134461641,1038.2036096421057,972.3208352964392,898.2851970062706,845.5921506340298,791.7388489558127,759.9992095383808,916.056914544638,877.4435573868715,862.1765785210923,881.6896429609948,957.6231958573437,933.177771206966,1006.3292431177022,1017.2497673189804,887.2222381273756,821.8144454992625,822.3068250647167,882.1497687583916,931.7394700347901,915.3887418372249,1024.5031519657089,907.3033723255987,839.6400402265749,763.3188906472701,898.389126779122,888.2041690598729,738.5095857959228,1007.6344243787232,690.0517806777412,783.1410457055155,890.5734248566991,705.1347617123851,793.6998811130968,852.3284632631838,1052.082892155769,967.4172089913441,952.2813769027997,932.615742343301,842.0526052114918,968.2645748432057,986.2659400713835,841.198112493583,857.5318210113965,1015.5053490651472,943.855477425672,847.9734087460686,899.9690636212184,968.1173357135959,896.6478394279806,914.0354112635678,829.2036640341919,924.7596688842739,863.8860676356265,962.7252730082621,851.0652670482791,879.6657968166469
1610555617.19EKxMEwDHfXiEJZc27TsGoERaD6Da4BZU,629.8819049719498,1006.3221153498425,623.5835565501878,932.492096384522,0.0,946.9950773363631,520.6463499967981,645.2475852836229,610.200103857744,929.7825094080141,996.2441369663612,1031.5650787002273,1048.704894069134,651.7742094828682,1007.011701614599,929.7947885119122,1059.6496104443875,1017.6709174411955,806.2374971183162,918.5131673425066,1070.9110478651526,1065.7857022597327,605.9950704796189,638.6718439007486,910.7089084646229,954.2724466201249,582.4491341078588,1033.5113650618846,1003.6217574029439,611.1441093239854,886.764913445472,629.650124338645,1014.8343186221555,987.7523383281002,1005.1842784303758,974.0248462078143,981.7990516274979,946.2549697294832,1013.0573693116779,1081.477145299149,919.0870173790898,1076.8209323557378,968.8907088990996,1005.7666959934716,1026.9456100666491,1073.8738969750113,983.7084175952721,890.6327749253309,881.3408336390846,860.8693772209872,973.5286642657554,810.996850866358,1041.6898117477097,1075.0900950483917,881.896822670825,792.5612328168868,903.9922966255191,1028.636549910395,934.3889914488037,817.4400616260581,1039.9803910896496,1135.9936479647408,930.8093681103958,1023.948346785072,859.2415622329374,1148.3825483610115,928.4794906790647,995.8484915424185
1610555722.52PJ3FD50MGhRXyUD28vluU8Z9UjLJLZn4,847.2781081161136,967.3418107512626,852.5950412735863,990.6077019183019,946.9950773363631,0.0,880.912347914665,854.0364678232564,840.6770073015368,1051.7357711626491,965.721531948619,970.6387146651007,1073.1546853092955,874.5706103322881,1010.7702070457383,1056.6693436434725,994.9011826716758,939.2969457729394,531.3743737372976,1058.4866562986442,980.6605388073825,960.8379900070231,883.9663699168611,851.4566373922045,888.8003736378855,369.86819618247455,881.0226099230048,976.5274509468131,1038.0701012036388,765.3675415307526,1069.2841002512966,755.8477145684154,1096.083576989115,1070.4431454107366,1057.1433150347448,976.3565143571593,1094.3314175304347,1094.5383154627589,970.5355483300858,1011.7435615241102,1055.4129510098023,992.6572348522872,1045.0018350876521,921.8830522207032,966.3188920860131,911.9391523224547,859.6095353029411,851.9527035844145,1082.0699557858832,935.6439585543915,936.7557216205755,817.9909947641182,998.3939027565688,1006.5650345882494,1030.6195567493605,822.3795184070065,961.8318339770332,978.7015566627165,920.4136948701314,697.7905180436026,948.7014766997085,1042.5333176895842,1076.6549565929706,898.1402846831496,1095.8587342414435,1041.9162263494109,925.2681282837449,948.9677741315417
1610555617.52Ijr5puT55g9apK8auM7zaxa3NANg502t,578.1466294874016,980.5255497138829,556.183186129354,908.5040427648578,520.6463499967981,880.912347914665,0.0,575.962118180533,692.3263381491774,984.3335619719533,975.3025710973219,1065.5705287514336,1063.2646410977989,569.6112235480931,1005.8487136273864,1000.7959145566549,1039.352752593974,1017.9177256541955,732.993617983143,1004.8879612143314,1140.0801780040279,1055.4723994286728,757.4191955907112,570.2378813071956,956.5442028488956,860.282019553296,752.1434688208572,1033.5902292282813,961.0188677723323,485.1484320235197,962.1860377962889,581.4145625740379,1060.7978315894243,1031.2697187537206,1059.7422467270223,967.6232397235502,1072.1066200407495,1003.391425394669,979.9146390967991,1066.7001512564752,985.0231037051484,1068.8390070089752,1015.114942015411,963.9582691467438,1008.3379991373207,1041.7625981072013,1089.6551748258953,922.490559620881,942.1380760555957,954.3011894971959,1001.3667287427668,853.5128376450856,1009.7013456090627,1025.664339574019,958.0734787373387,825.204898034508,900.8648724864348,1104.560862648899,956.5031745219884,758.8203503167546,1046.3645658471553,1103.056136096043,988.9868853410679,992.6593092589065,927.2279479257013,1117.705110896861,919.4866972055228,1006.2689860565829
1610555638.77ZLjTLkz4jYJdFMI2wWBztzsDILkoOtAk,293.66673679899515,1029.7213409945605,274.72756171913727,934.9569549969448,645.2475852836229,854.0364678232564,575.962118180533,0.0,480.62601083219454,901.3942627156231,1057.130486135441,971.9977238288473,1021.3348679730176,317.82620314822356,989.1646548819575,929.3624874868226,1115.4722176819926,1025.7656004270991,678.6379567101687,874.9001154041986,1035.9602970188296,1105.0041003996382,819.3011123613717,229.03114853046972,944.418564909575,852.7899863562735,726.8030884252306,978.6190761417465,979.4348112042768,739.6499741374756,926.2168698937296,794.1631869236339,987.3295818871442,998.2992093167462,989.317834107779,948.7456578935657,982.3562248406346,981.8908830090323,1032.5568626121835,987.8572937972418,948.1234783866704,1054.364352798235,955.1684687775531,919.3297665332425,1052.7962058503954,1080.0483828509728,987.7060775067037,843.9158887163468,899.2709882658439,985.0821635792829,856.1210033662296,797.8120840225198,1031.47192410676,1110.162274221819,881.0391072759966,884.3989311650955,892.9701939677282,985.7663874639114,824.680211745276,859.2144105751341,1074.3686498331933,1183.9817922430486,969.8055133181748,1051.94910876007,901.5416809681843,1147.718245088429,922.3239505657091,1029.1490289633055
1610556912.46C7tJPLF0XfNnm8f1820X9aLmXMHoc0Dw,502.5842745247048,1061.0501440174012,503.39307776599685,998.0889137047466,610.200103857744,840.6770073015368,692.3263381491774,480.62601083219454,0.0,944.261865436735,1073.6961637405527,976.0835503427062,1053.906847706015,518.6089193788608,964.2875460835742,976.6618684946827,1122.1503089139082,1019.3905068377542,657.9466197857192,908.3517938986392,994.3060931974715,1073.8625861535768,822.5673360803179,465.00080364477896,948.8254822269216,832.0727574509099,738.3033696055029,978.3170481110467,1035.2944057344876,787.9412716678348,982.1851431023248,792.0250608250726,1024.8393438607714,1032.6812231845906,1006.4128113683373,964.4652175025457,987.4167882955946,1026.584679839897,1075.2874463319124,1028.487005890554,979.9461718633412,1046.2058537696403,943.6438469669872,963.1551226450148,1055.25968970515,1074.992111308424,927.7621381405478,849.6219463771934,959.7487290317106,959.4260551573885,871.8390467441079,815.0943047489928,1077.025812193459,1137.8333777538658,942.8207888794036,887.6029497108832,913.8943631206962,973.4343972335871,848.797865682417,848.2972918373799,1046.296328923394,1196.0561442698265,1013.3387430885057,1037.73846840207,958.463515492692,1131.8751355031907,984.0561658622975,1011.0197185517895
1610555617.51LjzIROg0aeCP2GhDcAVQ0LipKJB9jmKc,836.3183706513497,965.7423286963152,865.2881949478165,1019.0860142549367,929.7825094080141,1051.7357711626491,984.3335619719533,901.3942627156231,944.261865436735,0.0,1167.0759326781426,1100.2202154776055,566.31321760182,971.106011774752,1142.7263810487611,955.7296704078151,1228.3387178016774,1089.4795847369555,1053.7991786167643,922.9288224613297,1160.0743013110123,1281.277394936789,899.5526171607195,886.4160521232201,997.5045215256138,1105.9999682611656,887.3165262956381,1108.2157678714875,1004.3842195631148,966.4731339513907,881.8307317407571,1028.486627322141,430.5868238552136,935.7993800823112,1053.3875521451523,1118.6133048961212,977.5531239762045,922.2932706648521,950.0254970857637,1037.5200464500042,1011.819000635529,1226.0447385838881,1053.0801284761224,1084.9644680473134,1114.8956048097084,1106.637399688282,1007.8924178698476,948.7034323625395,524.2206614254894,1065.4788752350637,990.885911452484,985.8778070387153,947.6108772751624,1167.8981640541424,895.3135801082469,1023.9000594460622,1082.4128655580967,965.2120116918882,980.0666003425348,1080.0796177570073,1194.2010737371352,1253.6777149776526,868.7429185779278,1232.7221509401716,773.9123042961232,1295.6303580763356,1012.6099325162778,1152.955348282691
1610555608.17OpjjHobqRkX0UPcaXrbu7K6L3805SZri,1066.1905478878555,800.2436953817544,1054.391267496584,698.9205137337473,996.2441369663612,965.721531948619,975.3025710973219,1057.130486135441,1073.6961637405527,1167.0759326781426,0.0,822.9224451714704,1145.2791082705075,1058.0874667771595,831.826177835355,900.4612250293931,479.2211646631888,755.188170153113,949.4308034092101,1022.7319957959833,839.3459706969329,748.0776554502584,970.2280810645523,1057.5061679670837,887.2088764781021,968.0744312106112,993.9761891010153,840.63804733332,836.9981884090223,922.6502449852268,1047.3712095409603,884.8633213001373,1160.436822612501,985.275367045387,885.8876763858827,784.225360100138,958.0188259102607,980.4232566926255,824.5418056191156,1034.52826145534,810.5124558664448,663.4000389904725,893.4877944736055,841.6900938959058,748.9711692649786,702.4299471311664,1042.1577870452018,1001.5451909189406,1092.2980747916763,859.4003516799356,954.3542682735746,1012.8164909815314,989.4810403972178,773.1772959481219,988.7458031103106,900.585723974712,843.8665925695285,925.1620462682868,1011.073124009755,871.9989321785594,789.2893579820346,725.0399308601918,939.428972065121,757.2168798873969,1009.2612994281867,753.0393140448612,867.2327632489277,817.39404117848
1610555721.82zWeNZfGUUfRJkgnAwlP8VMhPzXctnSd4,1001.5715354037642,940.562117898369,982.5581370029387,769.135134461641,1031.5650787002273,970.6387146651007,1065.5705287514336,971.9977238288473,976.0835503427062,1100.2202154776055,822.9224451714704,0.0,1127.2158938557495,998.9482882596379,936.6278071119489,780.2300854344003,870.0095293417959,778.9822380558434,962.8979915885814,799.1934676498607,447.60446100321303,714.582502562957,1024.4991552207905,975.4375413455,953.9184985450449,974.6532270128902,1005.1662836433816,654.4836718746894,830.6729970819085,1041.01755344985,1051.1232134073339,1037.9873394405886,1085.943024355282,890.8926228972374,726.3422557775335,678.118923717716,905.794687692833,895.9725872217805,886.9800657634332,1000.3870946393272,845.1139005896267,689.1350563094995,943.938470138336,687.2607400891924,889.9743669526139,897.2177711604731,936.1058050852981,897.4821426999544,1041.3485007783208,932.798933254902,554.4789549166239,919.5559681467524,1045.5192246795727,912.3334607706406,908.3658076172688,983.4449792013902,886.6973431504346,734.0058027927748,713.1246628414909,976.3926918273086,883.6975274017376,968.3016058077425,844.1226900731862,910.2594816583895,915.4760524507592,909.0929067335713,894.3985575423435,865.8540174163695
1610555735.75bom85BDF0C7W2eIseHeMxi24qR68nzMi,963.3174851982089,887.6329018546702,991.4645422001232,1038.2036096421057,1048.704894069134,1073.1546853092955,1063.2646410977989,1021.3348679730176,1053.906847706015,566.31321760182,1145.2791082705075,1127.2158938557495,0.0,1070.0745844984613,1101.702488118429,1013.6026432021704,1188.4881504061648,1012.6444598179953,1091.3362126838506,979.699596782945,1184.5300114533804,1248.297477232168,1009.2323742589944,1010.3706814655926,1083.9104783714067,1127.347751632746,999.2993738542743,1130.8843931774509,972.4083828213307,1029.872383902397,897.5518637861429,1078.090906956114,344.9310269849463,897.3333861986016,1088.9041293372463,1153.1862406120213,1018.2159054454208,903.428884635633,986.7945337598311,1009.6091388982356,1017.9046802308748,1215.9883323030822,1069.423449666681,1078.2954195124942,1052.980020492248,1035.1803397042343,1022.5049671912683,1052.5732847434845,772.4053753173641,1105.4600291808724,1060.964750881735,1067.4029750636216,956.0029421602902,1095.0209017940747,958.1889299467183,1089.5228928979377,1136.8795590706818,1032.948964112857,1047.7075804056187,1121.721340250546,1152.8857890039158,1183.8299350648506,893.0282616992076,1216.2286097979134,910.8205654902887,1220.5824787681786,1058.300606170575,1121.6952929216056
1610555735.77NnT5xqKnwcf2BbjIekeb2arTQj6QMNwk,439.31212018414965,1054.1703323497197,375.462707075793,972.3208352964392,651.7742094828682,874.5706103322881,569.6112235480931,317.82620314822356,518.6089193788608,971.106011774752,1058.0874667771595,998.9482882596379,1070.0745844984613,0.0,977.070137334878,996.403210986202,1106.5214435525008,1025.6264223015062,691.1101942179475,936.2257552044277,1062.810148291207,1077.2701609131334,856.7798409222003,383.02724028616734,959.8038291169235,861.1289738145595,784.2674702970806,1015.0555580999837,1021.3352632202494,744.7550713969866,989.5723470546807,784.595799417141,1051.4736833949823,1060.840421043639,1042.0849024989336,981.1273691304904,1030.2489234821694,1040.7130629717083,1065.5937893816547,1022.2805043250179,993.0883143920909,1062.2488495988482,986.7447494420754,963.6356561280073,1049.8786809495193,1079.0556285465568,1037.456482899952,893.5980371297734,959.7280731682754,1003.3932126705422,907.1373133353004,828.7273427476332,1071.7956892857892,1130.8859553349696,956.7047502480127,904.6155274474075,876.6570494511026,1051.6077989980606,877.2932602469579,846.4603687931385,1068.3779654580435,1177.252869535443,1039.8479802186482,1036.794483004803,967.4193336220949,1133.3735351141195,957.235549941047,1021.5886615519503
1610555638.33wjf1PhdNaoWfbRzXVn50hmFyB5bYAiLV,1007.7895796701189,932.7114906420701,1000.5292530285826,898.2851970062706,1007.011701614599,1010.7702070457383,1005.8487136273864,989.1646548819575,964.2875460835742,1142.7263810487611,831.826177835355,936.6278071119489,1101.702488118429,977.070137334878,0.0,988.6312504715811,859.1040021716826,869.6665582333989,954.2255188395822,1036.352132668638,925.546187417167,885.3534981353239,1016.1445547461115,986.2141102655258,987.9249225232394,990.7094331626139,979.0903456053052,1005.7971125265574,870.9011704066639,982.5513888374118,957.4027199685373,948.2859586394627,1117.215658867723,1112.7963482641846,860.460867503604,869.4862384608932,903.08964080484,1083.2497084907825,980.8411120787049,998.2635546428996,764.4816843750663,911.791759114933,739.4770595437668,918.5023928109403,740.1399550050359,867.6324589668507,1004.5832816767024,965.6079315834533,1135.0705120800392,945.5746394802954,945.6197509762841,954.2628027097572,1193.8375525241784,908.8759993179852,979.7834756503794,980.4140116295317,811.0545084269302,983.5375948785785,1017.9251795873857,931.1291751096117,988.913192797636,926.8086783964015,1034.2446187075363,963.463119913936,1093.096357108393,859.1935124121123,952.1533742530974,1004.5227379781113
1610555606.65jCE4ig8Pu8kvAzkxnSGfWsV0nQBjCf8H,913.4248023914133,951.2696028670184,913.222942589817,845.5921506340298,929.7947885119122,1056.6693436434725,1000.7959145566549,929.3624874868226,976.6618684946827,955.7296704078151,900.4612250293931,780.2300854344003,1013.6026432021704,996.403210986202,988.6312504715811,0.0,970.7096337840701,988.0669559835467,1054.6510100969049,663.5237850969752,822.0919657451941,1053.3479962937104,917.7250563184281,924.8432026492331,970.6650973562848,1106.1495194617742,880.6670360960026,816.1477288963877,765.3555992681307,1003.6837109383731,807.2057899339551,1025.938805688444,951.0048778561779,675.5861092509331,601.4191185645287,723.0993548631096,746.1719306910908,673.4519196528141,957.0645839483404,1057.497612843972,768.3592732500279,929.2480356208918,949.2808511278963,896.0249394220319,956.6024066202511,1016.0392000824909,946.3526508040426,909.2341081252644,904.3329981467709,856.7177849558653,768.7113704306746,988.7689592067226,935.3867392134301,971.0442560897352,698.7060021529212,986.5442097986372,976.5313794780424,668.0976437825076,836.176257909883,1049.0244711940563,981.8194795047604,1042.6117658579938,653.3064044273981,1036.1559447091383,786.2376820802778,1033.760418905584,823.8384884770082,941.1867860614921
1610555608.18ONsBCVo1i7BrX0XG9stct4oiA6ejX9Oz,1128.899365803431,837.8169034859835,1115.1050225960716,791.7388489558127,1059.6496104443875,994.9011826716758,1039.352752593974,1115.4722176819926,1122.1503089139082,1228.3387178016774,479.2211646631888,870.0095293417959,1188.4881504061648,1106.5214435525008,859.1040021716826,970.7096337840701,0.0,770.1830590113047,998.1346133794567,1089.4556264750731,871.5038875466563,743.2486868855101,1024.153896717859,1119.4756264928703,902.2082733072906,983.7690970755597,1064.039147068224,872.5763891402776,875.87166757023,979.6337513344043,1117.6219534666175,925.7004888884155,1213.0200930276642,1031.5175063196014,932.7109318078176,814.8552799537259,1016.5063179017014,1021.9363990101483,830.3582718732532,1068.8715398575318,882.7563645187195,694.529214384504,944.7399367592535,874.478044926998,761.9395414316123,720.053680487191,1073.8026543511724,1055.4612427544914,1147.298002338402,887.2387115452827,1011.4384631489203,1060.270289759412,1016.8529724065845,772.2336980649376,1065.191736206565,931.6274100341667,847.7386065789569,977.3233723415278,1065.9207100132128,896.6248344532025,773.819291134679,693.3635110539338,996.2271458015471,705.5590188200501,1066.9173498502425,710.5074617501333,913.8286937957365,807.1923441095433
1610555721.51RNoQUMP19FTMS79BmA3JkgSm2IC2AQuQ,1026.4269200818205,495.1143302553836,1027.7898115018022,759.9992095383808,1017.6709174411955,939.2969457729394,1017.9177256541955,1025.7656004270991,1019.3905068377542,1089.4795847369555,755.188170153113,778.9822380558434,1012.6444598179953,1025.6264223015062,869.6665582333989,988.0669559835467,770.1830590113047,0.0,935.9436718598778,1012.5690497422877,857.3400817121474,741.0445996064036,973.313197719671,1022.6481305753007,950.0513456696638,982.7720586515087,1020.1237387953964,880.4136827663505,884.8726818076813,935.6916113249832,1060.6487718996955,951.5136495824296,1046.4089446628955,940.1365088805852,989.1915147495565,922.8446290507537,1040.2927918911073,927.0455837004472,799.0883947963752,1070.3415930413787,864.8286069129947,821.6745125088491,976.7871593736555,799.036585660316,669.29544901222,534.4065185686255,996.8267889210637,1021.0001949530244,1035.107214383501,963.7486138661449,886.189497061854,1036.308235463612,1047.9514001265943,829.0600971924931,1033.4888608264055,980.8006819535567,899.4741935205724,970.4490141530142,919.9276497797154,897.5432907905221,786.3852796043468,831.064658997276,919.1696250092916,829.6814720304653,982.6105297542217,814.8109121228703,981.8934984472954,795.5115521732074
1610555971.86O0cHB2ibBJ8jxoObg01EpGe8VVV5mpwn,690.4018035816998,981.3266638828587,689.4989267106163,916.056914544638,806.2374971183162,531.3743737372976,732.993617983143,678.6379567101687,657.9466197857192,1053.7991786167643,949.4308034092101,962.8979915885814,1091.3362126838506,691.1101942179475,954.2255188395822,1054.6510100969049,998.1346133794567,935.9436718598778,0.0,1046.0852466887447,998.798572574364,936.3139079537515,886.0459681877338,679.7761823555795,924.294368086795,604.7597424317621,830.5815717781015,977.4552254583738,1036.2313225913317,697.5888140628613,1055.5145443969595,698.0000561613044,1111.1448503411962,1085.4178555496815,1050.6171815450266,973.5253268545924,1091.2858743226745,1097.953839277588,994.0286898868034,966.3010442331788,1016.7346635639055,986.7181171451119,991.6452172399562,900.124191786261,981.3053718461612,969.0561953753518,971.1383117270658,845.4396935653167,1064.877397246875,947.6369204279973,923.4101081891368,772.8623322644294,1049.2806984908602,1038.8597902883996,1030.95318808622,871.7551790386234,933.6490430197097,1023.5790179131367,900.649096702016,704.0895037110166,962.2993621545493,1076.062853594083,1090.168315846364,915.8840745196205,1061.0603591013444,1041.910967087681,891.842172427393,949.7247791549461
1610556911.51zU3duZSGpcw1BDNsBLxdOCITAXwl6z3i,852.654202803953,969.6479864447474,844.7398470954499,877.4435573868715,918.5131673425066,1058.4866562986442,1004.8879612143314,874.9001154041986,908.3517938986392,922.9288224613297,1022.7319957959833,799.1934676498607,979.699596782945,936.2257552044277,1036.352132668638,663.5237850969752,1089.4556264750731,1012.5690497422877,1046.0852466887447,0.0,840.3192407252969,1096.0008225118165,922.3730274002342,869.8236045461979,1005.737031595366,1104.9403541911202,865.4169670559423,870.7055302369275,897.8359531980487,1014.928099197214,887.3836111402359,1038.3249610110497,909.8496857314054,806.1516848311701,758.3165382752061,839.8848921047934,707.1426481508281,807.3943014098469,1006.4819662599748,1105.9735221446451,811.1801248289537,1005.391805021458,986.8569405100665,888.4314551631026,954.0364702454558,1063.7848462618708,951.16594058464,873.3289904184544,896.5272168409033,1005.0736618891627,795.4399367501013,970.1263062741125,1040.4039434654053,1056.2113760371665,676.6153772634581,1010.638305025956,960.371461501,687.4038277423252,826.2435562145782,1064.4089971978049,1088.2154380673956,1139.9594140097115,751.7136469307537,1134.4126773919309,770.134409628949,1157.1001960063086,936.8958950660868,1044.201357864519
1610555988.71dMoYT8250UHHJGxgmITTmbHe7V6gH1yU,1062.6873073934785,1021.3673702034158,1050.1913932771347,862.1765785210923,1070.9110478651526,980.6605388073825,1140.0801780040279,1035.9602970188296,994.3060931974715,1160.0743013110123,839.3459706969329,447.60446100321303,1184.5300114533804,1062.810148291207,925.546187417167,822.0919657451941,871.5038875466563,857.3400817121474,998.798572574364,840.3192407252969,0.0,765.6187402498214,1053.414905847622,1035.470484829027,954.7761635727808,987.209555082144,1022.9711797360527,690.3015825953277,910.3898776004794,1108.8666452811767,1066.4947157386084,1069.9284332746233,1144.1265816936057,966.3171021426541,722.3554635053016,683.9141474413182,911.3035060283427,967.1724195257705,948.0674089904983,1055.084280943391,864.4012184325746,693.7549546444501,922.0077964814615,775.9409568452121,903.2252203846236,911.5175625712526,905.4834958830667,945.5450752342186,1111.5198976127313,940.8077545330237,682.1928255574619,967.8686609380844,1065.9349265276696,950.4652775326349,951.1226757936482,987.119515607233,902.6105141948178,689.8087639960779,818.5352204177306,1000.9554917405943,880.2568946684293,973.075313414329,920.3491428737656,908.4560437970974,987.3779814345346,919.8187019614047,932.2456046824979,868.8020707013324
1610556042.81mlUZsSp7gbGjrp8jQSnybT1gPy6e62o1,1126.7859525227657,904.3979996727525,1118.4252081037657,881.6896429609948,1065.7857022597327,960.8379900070231,1055.4723994286728,1105.0041003996382,1073.8625861535768,1281.277394936789,748.0776554502584,714.582502562957,1248.297477232168,1077.2701609131334,885.3534981353239,1053.3479962937104,743.2486868855101,741.0445996064036,936.3139079537515,1096.0008225118165,765.6187402498214,0.0,1014.7346313748476,1109.626626158524,951.8839028161956,948.5379516772382,1103.3978074431313,827.4708106719465,963.2378270106548,945.5405522258111,1210.2798238995879,882.4739252775584,1264.7203225318156,1089.1675186933587,973.5485126906049,856.5375543108237,1111.7371798084255,1069.6962367689132,926.9658200763392,1095.3748908480231,1015.9198464104721,740.6522847431795,1028.5505067049248,878.8003015707651,791.9699024031827,787.3178084245795,1066.255202552582,1031.0279496732485,1182.0945779897231,958.3924596105761,911.9338871068152,1038.3402538112277,1133.7755453768495,882.6197921988104,1161.261685934083,952.400226827711,860.6640098164111,981.3700091911136,985.9809587823661,783.0799264680101,742.0018052639207,878.193676686961,1053.2215734741928,753.6854978463599,1098.2437017498637,745.4342270898106,983.8306129683502,771.1368759418889
1610555637.02UBW5nKvDyUrKnaWcYRGajZPxTRDS0q3N,765.2609013937608,910.3342717702317,786.1559301466554,957.6231958573437,605.9950704796189,883.9663699168611,757.4191955907112,819.3011123613717,822.5673360803179,899.5526171607195,970.2280810645523,1024.4991552207905,1009.2323742589944,856.7798409222003,1016.1445547461115,917.7250563184281,1024.153896717859,973.313197719671,886.0459681877338,922.3730274002342,1053.414905847622,1014.7346313748476,0.0,804.6491076005655,762.5980642852307,932.93604975937,598.5956100231028,1050.9712660685072,957.1001673789602,591.0624089788806,845.9794815506076,622.3904079525611,973.1866650215082,962.4924284246748,981.9734991164532,960.6335861432595,945.9098084718728,873.3415699861508,900.066232283811,1114.6428983354465,926.3819697850994,1071.814088579172,990.2715834246884,1033.9839547780261,956.28473022239,964.9513390514145,891.5802178244826,847.3211217231262,812.0833272961115,838.5853707924063,996.4133507546378,798.181255143418,1022.3435474142174,997.5999132384147,847.9925330176641,549.0523546289787,910.3748831342862,955.0863705858601,967.985088399358,699.3616408570695,1018.2876443208817,1095.831680370037,848.6956508438894,992.8257848850058,799.1202177070138,1097.3308816268473,927.8614063267058,1011.7011421914196
1610555619.13oUYNikU4facCTpUSiSLr0vPI0tJLnXiT,279.12535515464333,1020.7178495266157,279.12022584254817,933.177771206966,638.6718439007486,851.4566373922045,570.2378813071956,229.03114853046972,465.00080364477896,886.4160521232201,1057.5061679670837,975.4375413455,1010.3706814655926,383.02724028616734,986.2141102655258,924.8432026492331,1119.4756264928703,1022.6481305753007,679.7761823555795,869.8236045461979,1035.470484829027,1109.626626158524,804.6491076005655,0.0,941.2953844155264,856.0154094378453,714.7572960332661,980.4009371593223,978.2562039466699,726.8123753926862,913.9613668735333,785.2831975373011,974.9013852607062,990.5190427200572,983.4715924398062,945.4193486739325,972.8586240268228,971.5392060459602,1026.1729788735086,990.513155095371,947.1068051204073,1061.1703163596553,947.3563231055332,930.8097098137185,1050.8817661397632,1078.1415112622478,974.549212502021,833.4610402868909,884.8646634782973,984.9105596913608,852.3237911993194,798.0851232824991,1026.616095316735,1104.5737046885577,872.1550646504639,877.0046262588241,897.2671982198789,972.99307135686,823.0497595053542,856.0660804331719,1075.0206499808721,1186.065818984093,959.4811083080211,1052.7397779651064,888.551168648823,1149.5032086521078,919.5643910621952,1032.8684296243312
1610555721.03nzkucfjAUh31zTbmCVvTVYqtjoxZFnBh,931.8964340520229,943.0448821504331,929.986206540747,1006.3292431177022,910.7089084646229,888.8003736378855,956.5442028488956,944.418564909575,948.8254822269216,997.5045215256138,887.2088764781021,953.9184985450449,1083.9104783714067,959.8038291169235,987.9249225232394,970.6650973562848,902.2082733072906,950.0513456696638,924.294368086795,1005.737031595366,954.7761635727808,951.8839028161956,762.5980642852307,941.2953844155264,0.0,921.843265560412,918.497974014049,934.2317969752862,1025.384342844687,868.7181979354685,1002.4201978067441,841.5970711669785,1055.1504585288606,982.1614175702498,950.5872105713727,959.2401066580115,987.6718442628314,934.7318536662636,794.5219141329978,1001.2380109296878,1013.8982919360477,938.4302110084138,941.7216683518702,1021.3949186462131,952.8604620724435,833.3721114983401,944.5487511871037,786.3918526310289,904.3220051742053,935.8290703514049,942.5332684380068,897.7490160723356,944.4589449946496,990.0746544860536,966.5519657630553,678.031696523701,716.2345496892259,912.9699811213367,932.8125135706981,702.8970162769634,869.0578065846722,951.870639672231,925.2300549060661,815.8260127012318,888.5805380466204,955.2052091277882,885.3096263937697,897.7615422265095
1610555722.67fhKURdXVzRbLIjXmjRwdJHTnE7PWb1AE,865.4130614012503,1033.7472601591126,861.1852362372614,1017.2497673189804,954.2724466201249,369.86819618247455,860.282019553296,852.7899863562735,832.0727574509099,1105.9999682611656,968.0744312106112,974.6532270128902,1127.347751632746,861.1289738145595,990.7094331626139,1106.1495194617742,983.7690970755597,982.7720586515087,604.7597424317621,1104.9403541911202,987.209555082144,948.5379516772382,932.93604975937,856.0154094378453,921.843265560412,0.0,916.442485782464,977.0098023300624,1034.294419889858,782.2217670377527,1123.907615780798,749.647896281553,1147.2419690800361,1122.7428527775078,1098.978411853925,959.3043614135561,1134.1975400555748,1143.7905843622723,989.8410610368657,1019.736766040227,1082.406961565648,970.4843384231037,1030.331979804556,924.2635024842862,996.6970554232355,949.1990062398776,898.6532920498909,888.5429139493824,1133.4721855439375,952.6126940601441,948.7979911799624,841.2271805128009,1023.9882729481811,1015.6775751921991,1085.7080345054765,824.3294785135989,951.6654246177579,1035.8954290874021,932.3877325904903,695.8506028771741,951.494395644599,1048.1800217854852,1124.4714922442904,890.3286305546363,1143.7097515441,1020.2464374297884,950.3915457394073,949.3773745700867
1610555638.39J2ZWBLuLTHP0jOlzB4tNHmYeijH5g5YJ,697.2634047086823,1003.4709492425026,700.433320942575,887.2222381273756,582.4491341078588,881.0226099230048,752.1434688208572,726.8030884252306,738.3033696055029,887.3165262956381,993.9761891010153,1005.1662836433816,999.2993738542743,784.2674702970806,979.0903456053052,880.6670360960026,1064.039147068224,1020.1237387953964,830.5815717781015,865.4169670559423,1022.9711797360527,1103.3978074431313,598.5956100231028,714.7572960332661,918.497974014049,916.442485782464,0.0,1028.6655688947708,997.1133008623233,742.4237730444004,755.6860330952459,755.8359819535227,965.0386044631176,1002.372711003548,977.2541151975358,935.4244057520139,899.7919507546247,971.0960221040956,1011.4995403855277,1011.1225658311239,822.857506468907,1071.9425317635116,910.0363626190949,1017.3731906885824,1016.2933608708286,1062.9022563624549,876.9473853318013,815.1319552884551,889.2682977621972,750.3667469319214,929.0512193416993,700.9102974111502,1045.1034099667927,1098.4746493193113,809.7463967228568,798.8166723024484,966.9917676410666,912.0390152144657,912.7815487601666,868.1601693552614,1074.0258712854318,1136.3880947019827,914.5281685419185,1054.2679546234945,889.6015717533631,1155.6179836766428,794.6095209686888,1056.4135078687757
1610556032.17Q6yCDx9g7alRnL9jBFXD2JhhUyB2hKfJ,1004.5236159197459,946.2411755289629,990.4823814819518,821.8144454992625,1033.5113650618846,976.5274509468131,1033.5902292282813,978.6190761417465,978.3170481110467,1108.2157678714875,840.63804733332,654.4836718746894,1130.8843931774509,1015.0555580999837,1005.7971125265574,816.1477288963877,872.5763891402776,880.4136827663505,977.4552254583738,870.7055302369275,690.3015825953277,827.4708106719465,1050.9712660685072,980.4009371593223,934.2317969752862,977.0098023300624,1028.6655688947708,0.0,877.979517853336,1048.07231992854,1086.0270236545018,1022.8733511473849,1097.6834577372783,787.6171050898652,857.2389089885612,762.593649631798,975.4560031713507,857.1541850575863,897.6562980998974,987.6649123078967,968.5135716751709,704.1421227652453,940.0019783101316,713.4576837154979,922.6094483299514,881.1329819692563,962.8427539524813,957.210648745351,1066.9567579924933,932.9571674409921,726.8175588226127,996.2003114509733,928.8130774978347,929.7725400507541,986.8889056819482,1003.8463914079917,885.1303164852582,741.2208498980114,749.010880144657,984.9553972586978,834.0116602069255,980.7254966592051,879.2495953952033,848.0406756779076,932.475318460466,898.6825654968504,919.7225819376305,814.8906343346207
1610557007.49MyVgDnuUuBxrvL6SGOdhKf69VYlW1MSm,975.8870682284743,817.9411957420949,975.656994670288,822.3068250647167,1003.6217574029439,1038.0701012036388,961.0188677723323,979.4348112042768,1035.2944057344876,1004.3842195631148,836.9981884090223,830.6729970819085,972.4083828213307,1021.3352632202494,870.9011704066639,765.3555992681307,875.87166757023,884.8726818076813,1036.2313225913317,897.8359531980487,910.3898776004794,963.2378270106548,957.1001673789602,978.2562039466699,1025.384342844687,1034.294419889858,997.1133008623233,877.979517853336,0.0,942.9773365910158,939.4475098973726,979.322274888042,968.613538709991,836.4839051983231,825.5547427098436,750.0602727996077,928.2844351200995,767.5575812895504,892.315431781332,1077.6981197202304,771.7624435072382,882.2066550459393,962.6023909045659,794.3868067868525,846.3285364559362,859.0637105446699,1033.7387611321155,1035.7485699744993,998.9950377960675,970.2384686685077,875.3273032093164,1003.5742220635727,1016.1145985454681,807.0487229419572,875.7712063672437,939.5248428852477,984.6126462944625,885.5513142821476,928.6402987068119,978.5726254220341,978.5358714897601,943.0998597049402,741.9075664978265,1011.2867190493761,839.7141259568501,900.7058593158881,974.4637326884033,966.8769819849327
