,1610555604.25mOvVXuL01OCiReyVWBfesjuvXmB3MoPy,1610555605.43B6oDsBtWRQ29Q9UMQuTUEPZy3FSSWXzc,1610555610.92HPGJJSmyPM40z7otPBgHalNrHFA7zk5d,1610555606.68LaSQbm9EHAFycEfFtEqAwYqlBsQPjIRW,1610555617.19EKxMEwDHfXiEJZc27TsGoERaD6Da4BZU,1610555722.52PJ3FD50MGhRXyUD28vluU8Z9UjLJLZn4,1610555617.52Ijr5puT55g9apK8auM7zaxa3NANg502t,1610555638.77ZLjTLkz4jYJdFMI2wWBztzsDILkoOtAk,1610556912.46C7tJPLF0XfNnm8f1820X9aLmXMHoc0Dw,1610555617.51LjzIROg0aeCP2GhDcAVQ0LipKJB9jmKc,1610555608.17OpjjHobqRkX0UPcaXrbu7K6L3805SZri,1610555721.82zWeNZfGUUfRJkgnAwlP8VMhPzXctnSd4,1610555735.75bom85BDF0C7W2eIseHeMxi24qR68nzMi,1610555735.77NnT5xqKnwcf2BbjIekeb2arTQj6QMNwk,1610555638.33wjf1PhdNaoWfbRzXVn50hmFyB5bYAiLV,1610555606.65jCE4ig8Pu8kvAzkxnSGfWsV0nQBjCf8H,1610555608.18ONsBCVo1i7BrX0XG9stct4oiA6ejX9Oz,1610555721.51RNoQUMP19FTMS79BmA3JkgSm2IC2AQuQ,1610555971.86O0cHB2ibBJ8jxoObg01EpGe8VVV5mpwn,1610556911.51zU3duZSGpcw1BDNsBLxdOCITAXwl6z3i,1610555988.71dMoYT8250UHHJGxgmITTmbHe7V6gH1yU,1610556042.81mlUZsSp7gbGjrp8jQSnybT1gPy6e62o1,1610555637.02UBW5nKvDyUrKnaWcYRGajZPxTRDS0q3N,1610555619.13oUYNikU4facCTpUSiSLr0vPI0tJLnXiT,1610555721.03nzkucfjAUh31zTbmCVvTVYqtjoxZFnBh,1610555722.67fhKURdXVzRbLIjXmjRwdJHTnE7PWb1AE,1610555638.39J2ZWBLuLTHP0jOlzB4tNHmYeijH5g5YJ,1610556032.17Q6yCDx9g7alRnL9jBFXD2JhhUyB2hKfJ,1610557007.49MyVgDnuUuBxrvL6SGOdhKf69VYlW1MSm,1610555638.44hjT5hbYdKoE3MB6hijrjqbjmLgvCUYKD,1610555608.13zUvmFSCRt6SsLbhqFznMEvGx54GPGQzM,1610556038.62a5C4ynd1AARyAhTv8a58NCqHvXRjscqH,1610555644.45Xse8u7pusHNsd7F3d0A32HXvXr6weOJE,1610556038.62gKXOCG7XCn55eJvyl5voNjbwOW0znQDq,1610555987.13v0oleKK97pkesp6oMgprH8SoSdoDVdIO,1610556964.96ZLLeiQW0qpmxhPGTg7K03fmzkqsC2bjC,1610555987.13VQlEedQ50VvkPMEMzZDv3KNnQCewykN9,1610555982.186TY6MMGkDecIN1woW6vsfAMXVV7jnyjO,1610555982.673LuMndkwkvdmZOn0MmE2Pkidx0FtNalb,1610555733.38zItcuH7gHNfKdALR2d9Nek6bxCyw36Vm,1610556034.15BQxSbZINGCay0yp6RBVlgcPrw76Yn9ON,1610555639.37BPZpgtGml8qUsh9AdV4m32jPLfI2aNFq,1610556965.57S0adAalhWYe6K3bkZU0bRHbqnDK8gGkR,1610555983.54zteLPCMjyrjzPdhHhlZr3faCgD0TfYr3,1610555987.79rHnNRmt9a0ufmnwCvZqBouyUoZDNpylW,1610556960.041xWER61rmArlsKfiMl4frikWmUCnQ7op,1610556035.13a7NHZDutfTMJ88qle1gTYY59Dr4WmMsj,1610556890.456ZBDaY16bMtrTZTqAgHl3wq1tRxzqDow,1610555760.24e6890pkbyZ97Or6croI1rQgjkSsR0yVt,1610556043.02YpWMIJg3W004iqlPyv8OcVAZdSC5rNYw,1610555987.03z05P26TLtONYM1HSzupoc2CeNMa6HTqr,1610556032.15OYCzUxpsz7b10AXBAuDXrvEcvxFhf0M7,1610556032.63Z80yI9pNwS3jSmsDABbuhf8wkNa2Ze9y,1610555736.28eGuESasTXdR3SqY6pHhEXWZtcdciYLCO,1610556034.61bebeZA0MkaFG2sm3VKiqrxeqQginTTW0,1610556944.5XwXOphKYT3ZkWA8gViqOS97VHVuMVUqb,1610556944.745UVLFBzf7fPh4UH37I6tYQOFPqRDytEh,1610556034.63XsUwaFaPZevO1JNFjfhvY4aKNFnV4noV,1610556964.89xwBHw9faT1HjQRMNQEyA4qJ3hWkwgj3k,1610556966.74DydzH91jtyvRyYau47JpVkZoMRSNTt01,1610555740.77UueVziDbaXyRR4OcVJIIZyzOfAzN51bj,1610556046.84e3vwjyRCzqz0wJQhrk8zsxlFfFSv98Df,1610556137.99eoPuVrDThKAOvmeprLPb2FWRqIhzUodc,1610555740.73XFwSrmTXJPlaxGZSefh0jOVA8PI3III1,1610556123.88AOfNaz9jSnqU5Czc7okOv1RCrYfKFBTo,1610556046.85nB7NvyoYQeLcOV391Lmmut1wAM8CFGLw,1610556123.89H4pdIAzDthI7bMXMhlIhKUYIQIvtmPPQ,1610555740.87GOYQUJKpkynIS2lFqppYK4b32ol7NeGh
1610555604.25mOvVXuL01OCiReyVWBfesjuvXmB3MoPy,0.0,693.356435365964,177.0598121255359,627.8526559246112,508.89987122435815,600.3795408162284,469.07468347609245,146.43412306975938,462.2113898422294,588.6216934412072,755.6636700505156,628.858540768143,722.6328203942253,323.41687736963684,678.9326425461791,569.3196643848893,817.0932230019646,724.1357979201126,555.1682236738984,555.4136151022144,700.9537996497406,768.8207097268192,545.5733858860754,170.60664543865218,634.8190182446107,608.1143619748494,497.27253120639057,661.0524606501046,669.4845255386613,519.7123188803597,561.9079368774569,615.443061765158,684.3558960950692,633.0867707139522,636.730059882303,639.0387981390681,616.9786858937504,619.5648491928094,689.2670973120338,615.1706625407028,616.8494050663321,755.1107775146652,644.9455863035842,590.8847465187157,722.0701648928855,763.553880596378,617.8451799757881,569.3923800718982,579.9564105850034,676.5645688415732,517.0376738245292,538.6793416058399,677.2895596866688,762.0807933749489,525.0100373796126,609.2263003012148,628.4194047805944,589.7484757112262,513.6150634898855,617.8787763948915,748.168785964584,820.1291612297975,619.4791061889237,768.6394958383603,582.2811329024508,814.5443760579476,643.2432116783528,728.8056765632293
1610555605.43B6oDsBtWRQ29Q9UMQuTUEPZy3FSSWXzc,693.356435365964,0.0,669.1361443986563,609.7676259568495,692.3820082336324,694.4808937439196,674.8308559457647,678.2668234390402,709.0719423641092,639.5068777991588,695.6920797083509,707.0823443728669,642.6108466772471,680.9019571209577,754.1666237410354,694.4355348518429,746.883072786867,363.0695162857804,687.6725350194386,657.9529233524671,772.2922766606068,728.2169598049311,652.3037461745428,673.7910575286946,702.5534598100124,758.8388226272756,682.3790290394052,703.458479305,668.729460474566,617.1141715499381,703.349929877416,701.8668807270057,637.2413458791123,627.5410160932537,716.0822243591983,774.18105338028,711.506596500713,618.2853643142616,639.773712656442,785.5444015801789,659.4464709088234,766.9087569606248,762.5565778279754,668.7763675505017,510.0314125740587,377.5472514251015,740.5904744395243,746.634739553495,618.2023474008565,766.4588270382567,675.5957780433245,723.2158936437161,771.3708788154491,727.8187129879996,649.4356860221583,708.6692563879853,720.2743200593626,656.9296374829484,679.6941634273007,690.4378809220376,740.4534528645589,762.5672670246262,648.24478611718,784.174957578782,647.9912607792246,787.0439841906673,746.8412457711071,734.7183403384797
1610555610.92HPGJJSmyPM40z7otPBgHalNrHFA7zk5d,177.0598121255359,669.1361443986563,0.0,600.2567275088692,477.49898206690443,589.6113283234369,434.4758820498858,197.7665907863416,465.93985006566425,560.1911546186217,733.716056773978,645.7400933631238,698.9786167290023,316.39064742730693,678.2017897640518,540.9220984957701,795.1167764965207,733.9640439543484,541.5937325042128,526.3885684977079,700.0263251166923,779.5275367446148,515.7108591218883,228.3046107485343,615.8230083957425,610.8094501808318,463.8004765655791,644.7311111974839,644.5855331582003,488.0035598089184,532.362559276468,589.4037258321885,659.7131713704063,607.2400919026189,622.7179048637538,624.8875700984898,592.8418473123735,592.7434595231094,665.0463961080128,633.7703436030007,592.1470773048545,751.6590789974199,636.9476603149805,613.5824518729813,701.8867291497937,744.5847491154266,613.1576719644811,564.928595977062,551.3073711814293,650.500613721636,535.2067521412214,531.2268482993964,652.8529453952594,740.2875566879276,493.610503859196,581.3158530777742,619.2829557115473,562.3785398422499,524.3982064322869,611.320450699241,752.309622834765,798.987644483692,593.2836835401463,764.73467773374,553.9477215539913,814.5619531189632,615.1491545851438,731.2219335738316
1610555606.68LaSQbm9EHAFycEfFtEqAwYqlBsQPjIRW,627.8526559246112,609.7676259568495,600.2567275088692,0.0,632.8227686612566,698.8137182042888,630.3483145702227,609.5806691507302,639.3891982186234,664.3824671727228,655.9346718359438,623.135439147862,749.5998827252062,633.3857810409421,751.8241673103362,636.4871890716165,755.4104397335117,648.4575431053798,642.128842386344,615.3739276679695,703.0903098153536,725.6815258605352,662.3173640233845,604.081674577534,733.1107261376443,738.9055479489315,596.7556563072488,648.6588834494758,656.1739573228733,622.8840206146714,640.7327662635619,698.7558191043446,702.7333975036678,658.1136713865059,641.2363153406502,665.5194786340666,669.8682266086679,638.729250523367,645.9008700001751,735.1674566343771,594.2346447803465,683.7502240753846,714.4399870215378,601.0825856526377,662.9431912563302,708.2702293615605,729.5304311527927,688.0103744832625,630.9889231243725,706.7586058247707,596.601659458764,688.6306930690115,739.1298904593701,721.8864318636571,607.6533426631001,730.4306307172587,734.5587525759886,595.0888589902236,629.0549508201728,721.7352128021239,738.1885498385149,778.4571547271388,625.4485159589941,799.4671415235931,602.1591147115939,822.4921972989895,662.901305043063,728.4042299354202
1610555617.19EKxMEwDHfXiEJZc27TsGoERaD6Da4BZU,508.89987122435815,692.3820082336324,477.49898206690443,632.8227686612566,0.0,643.2660978910313,401.20462478746634,488.72533125240153,459.376843256357,593.1367269204292,724.7699245175976,687.3104587922961,729.4808419121441,511.1789385414364,714.2248294215109,569.6965203120291,799.084229281163,737.7276816430631,550.5980189136397,581.8118810312646,723.8521632983501,754.5994229690625,513.5640269076291,496.80721997458835,636.6404064239912,675.1257340776024,478.6176990515907,687.3422145404735,695.1900517412354,470.16946925535655,570.0003842095007,540.1021546568361,688.7768237635537,641.6889734218577,649.4210534386567,678.8916067588904,638.6141381253858,622.9618914620113,692.8903716089741,693.9295877862286,618.3283587383431,791.9275162365599,647.2026124411481,693.2051171625594,731.3293228116258,760.8899351371656,645.1606314610577,621.7306552480794,567.8651481647895,647.7310963456414,606.4138233015972,553.6081025431859,682.2563153565991,768.1971074484386,535.7363721872961,608.3356610977384,626.4238871595995,619.0316062939111,587.9663985048717,605.9964457212322,732.8212486128675,803.957293994365,632.490385446877,754.8886784272357,582.3716282974493,830.5213955593632,640.4616162827745,691.50376089194
1610555722.52PJ3FD50MGhRXyUD28vluU8Z9UjLJLZn4,600.3795408162284,694.4808937439196,589.6113283234369,698.8137182042888,643.2660978910313,0.0,618.0148568612015,581.1993188247632,592.2968554327364,682.1634289500267,739.956486932046,696.2698876138509,775.467454924079,580.1697217535551,754.3446822491456,659.3029301904029,796.4894669998703,712.3874792049376,392.77567379319123,654.0277057675509,716.7079389829177,723.6676372442222,591.7898932794456,575.2508139123004,615.0565264680079,378.102073917877,590.2172887581603,722.2760702805526,733.8792015951386,543.8382612627275,650.7351497222796,592.3984260950948,766.898544306242,728.4984153791391,685.9409603851632,690.8994007709499,696.8164930970346,705.3114368981916,709.2325721583873,708.3321439955574,720.4828728813106,763.658940251283,717.6509927316571,682.3410594212633,725.1214323084881,695.9899713858796,591.5286018792265,596.6834102149735,676.8132447430951,706.9916456491019,628.4667273654516,594.4639681030569,707.5100807049695,772.4699373094505,618.6903486530092,567.1924608343169,705.5410209833215,640.6429961388366,618.5339264500082,554.5588269445171,756.7366125748287,810.6437659178417,696.1353278616914,722.8479345669741,675.8110564186082,803.6035886429408,658.650074598482,746.7145401882794
1610555617.52Ijr5puT55g9apK8auM7zaxa3NANg502t,469.07468347609245,674.8308559457647,434.4758820498858,630.3483145702227,401.20462478746634,618.0148568612015,0.0,461.4191498046152,474.7301199891005,610.5442199210203,708.8825412590414,716.9663533336866,724.3675727970293,473.2549779558134,718.0349027389191,600.1360448876801,787.8048653233379,741.6459001214232,539.0454192266459,616.1539899984988,775.7279270238806,763.3078450060844,538.3498367450204,461.3880055027144,667.4970139664354,634.006023120674,518.7486076982381,682.1580370222237,682.6289643077222,412.8288211319576,588.0528476878933,526.1677986982222,704.1265983105335,657.5651973920278,667.1618748606109,668.9464940003759,675.4270968320658,643.2265294395359,672.399028256607,680.0449985342441,642.3762504487245,795.3602975095461,674.0604389977212,665.0922338521912,711.7803935531962,751.7923151659392,686.3089410085666,641.5946819985645,585.640047964835,672.9124543147883,623.2844022401345,594.738060019591,669.3214949617545,740.2181215066452,566.0480523040562,605.692991245741,652.633918824678,639.3629749788903,604.9004823439968,585.9292808279725,748.0599020308679,795.1117387176574,641.3427495136299,744.4159161179545,599.2065532950767,820.4976541199475,650.0111214695042,731.7753802165535
1610555638.77ZLjTLkz4jYJdFMI2wWBztzsDILkoOtAk,146.43412306975938,678.2668234390402,197.7665907863416,609.5806691507302,488.72533125240153,581.1993188247632,461.4191498046152,0.0,428.816414225559,570.1205101852705,750.4230219660317,622.5653831677041,708.1743373956795,274.4246173431918,663.0203900467444,555.3784684955175,809.3845478298114,716.4712137694138,526.810353737303,534.2918158194615,685.2808492289856,763.04027168942,525.7476253485374,182.45723889825183,618.589469533043,594.5018701033061,476.99603613086606,654.925472278264,654.7246955296015,499.01367682877736,542.0647762075234,598.5245018246887,668.8091674965311,617.9307540552693,622.2806181722281,626.0580727887071,599.453380812987,600.6129987845367,675.2294672625356,609.0386063845953,604.5246508332917,745.8622677055151,636.1981442886521,588.2058894038609,707.3889194406249,750.0944280562117,604.8431717888817,549.03729715198,561.2922021323888,664.8163965292692,509.9049059766795,518.6953264012097,660.3728246578535,751.6114669126638,504.75789137077237,598.8823785251527,613.7991146320071,570.8409463498073,501.50191719454796,599.9255851137025,738.727834273916,815.8617091688678,602.0611927330481,760.0234410038784,562.2496577702187,806.977434080858,629.1490389030821,720.1670597152715
1610556912.46C7tJPLF0XfNnm8f1820X9aLmXMHoc0Dw,462.2113898422294,709.0719423641092,465.93985006566425,639.3891982186234,459.376843256357,592.2968554327364,474.7301199891005,428.816414225559,0.0,611.6797469646772,765.2245300280412,642.9906853771139,740.5404766439018,447.28070094510065,680.4935108606484,598.5159739992831,839.0194109377961,718.5253708038688,452.4290870760101,575.8571658674033,669.9503090685059,744.8336159622282,563.108953680469,425.7125112853212,648.5770632693223,618.6767828056765,514.1703621208486,665.9140753371291,695.3537631465249,517.1717878693904,589.1918842202476,586.3536963579865,705.2411922292803,657.301892480811,642.8396267963554,655.5438612435256,632.1249839328766,646.1503421704638,706.943568296325,678.3166721991474,660.0042802650355,752.4508744340731,632.846668011803,652.5450710874418,739.5240361051704,772.2771367377858,609.6965816538698,566.6958992883222,606.054058263515,673.4921866675834,554.2730751773536,563.4688099125831,697.9792239424168,786.6558260224091,565.7137030795826,638.6885517949596,636.3512612939555,609.5066095348329,539.3104410116393,606.1612424234746,738.834361534176,833.013636895855,644.5182020889384,747.9810998319585,605.3326491562161,810.9454666979397,663.7457743782948,707.679789591285
1610555617.51LjzIROg0aeCP2GhDcAVQ0LipKJB9jmKc,588.6216934412072,639.5068777991588,560.1911546186217,664.3824671727228,593.1367269204292,682.1634289500267,610.5442199210203,570.1205101852705,611.6797469646772,0.0,807.4420020772957,721.963152776692,450.60028163181346,584.4070260955733,748.3220533391896,622.3802414776435,882.2865625537012,729.0334906700728,669.0161574033771,634.1442321841522,777.3833134502471,825.7264169263575,571.0210967900247,564.7463167307806,676.0655471556338,740.8083414064668,582.3438679880963,733.2114608073962,659.209071882393,579.9293090660691,592.7366696086453,670.6252416036554,348.683025545972,648.5346682056016,688.682954117853,742.42336432542,644.312344442821,636.072728926991,683.5376646422302,713.9331284416814,666.6346169833587,851.3640317671279,682.3635969868767,716.8243211923539,738.3794924838965,741.0639623968176,678.3882629523298,663.5603842345702,352.97817501474435,733.0962825478277,634.7388531001909,637.4179199482538,688.6201303506269,802.1782357191742,591.6683819065788,661.0045413656325,708.8604773275802,614.0706072500965,642.8642632365207,681.8714785819083,810.6088342055795,858.4645582180887,599.6049031958323,859.68083879284,513.8754638280484,885.1705718685323,716.3316313777827,782.2136681502137
1610555608.17OpjjHobqRkX0UPcaXrbu7K6L3805SZri,755.6636700505156,695.6920797083509,733.716056773978,655.9346718359438,724.7699245175976,739.956486932046,708.8825412590414,750.4230219660317,765.2245300280412,807.4420020772957,0.0,721.1587824971695,875.81701049888,774.6818560536468,779.6379253554766,708.4553603665911,626.5652504029018,703.5544201784122,740.9643053861593,737.7237491899268,749.9570882230372,719.7613754260439,739.0782486707959,749.5881427992548,732.8767093631185,762.472408769598,740.9449756189978,731.267582913908,730.6107034220414,718.2081022944153,776.2276210085138,727.7313109277067,845.0597223921252,753.1032303622112,728.9789619856928,727.1651909077381,752.9841627779538,759.5322815388045,767.9028024979939,809.6756074629761,713.4505450963569,650.0085462576328,772.0988793722081,755.7660040899306,705.2916888972421,661.4989620198294,798.6907208837905,755.5164943568375,766.772500588983,716.7289648063795,748.0947652564703,777.2812802965724,759.1538265536802,751.3451154418108,732.6705680946961,729.3192122152018,753.3636250100637,731.2579509213185,770.6635120961791,745.4456892377748,790.1618248837284,734.5822039858839,743.3671038940166,759.7830595729763,734.6116214109504,751.0599086260667,716.2599430377371,790.9732133819527
1610555721.82zWeNZfGUUfRJkgnAwlP8VMhPzXctnSd4,628.858540768143,707.0823443728669,645.7400933631238,623.135439147862,687.3104587922961,696.2698876138509,716.9663533336866,622.5653831677041,642.9906853771139,721.963152776692,721.1587824971695,0.0,791.5141976710315,624.6977222178242,759.5347790950404,629.6818480855187,777.5538670965929,600.3855323086624,674.9452261745381,557.1685767420346,493.8506276387581,563.5789295687393,697.2530606170775,619.6636828627094,728.7258511944983,721.5402232955189,665.7656724153685,640.115711794032,652.6570881319001,708.3598412045186,713.1863862085637,732.2294699802322,741.4975448751634,672.5645051585852,615.308483785058,605.4100245203044,688.6685845014915,659.7372840135943,718.8226049065098,736.0947969782808,707.7078458700097,673.1220702767777,740.0850384884454,595.018434610654,721.1013600491943,735.0821987927802,713.3990613857254,637.5748124876409,674.1725384128905,690.7541740350459,386.09442298524766,657.2339091222632,769.8295676098862,743.700788652345,643.7171255761403,726.9855050521247,707.442461838528,595.2272370014035,550.9779593332995,724.4293779106438,737.0359604075276,807.499013314474,607.6879349938096,789.9769170325221,618.0712796574961,789.5865910216362,666.7892613272469,735.3528671955847
1610555735.75bom85BDF0C7W2eIseHeMxi24qR68nzMi,722.6328203942253,642.6108466772471,698.9786167290023,749.5998827252062,729.4808419121441,775.467454924079,724.3675727970293,708.1743373956795,740.5404766439018,450.60028163181346,875.81701049888,791.5141976710315,0.0,713.4813157571566,792.7476720466938,709.712343241035,939.265208211355,735.574029931613,765.4253037197165,692.4826272487967,844.1089793532319,862.9674733456518,712.2082995924609,703.788891346465,797.2564078012407,831.0524761725133,722.3775311279358,798.8774244654695,708.5219110288065,693.3518832749319,678.718326178006,770.9934317849395,293.9276318205003,649.5037848362605,765.7577224177703,825.0715174343795,732.0408882380688,646.783160618395,786.175457614743,792.2222342477911,732.5853650802242,904.369603282558,767.7242219107385,772.330026983653,757.862389050865,745.8602562595248,783.553060712165,786.3005923198737,570.5892871477037,829.5402098769093,734.6208115755679,762.1060431551955,757.465855706209,822.5333851982515,683.3782434305791,783.4755238324245,814.5960296603921,707.6491264024729,737.2659152303597,782.7413706503582,842.1706490081359,879.0956901508495,641.2247261901299,925.2437155273612,655.9506117250977,907.9062064303796,812.1282538559783,819.8158206675139
1610555735.77NnT5xqKnwcf2BbjIekeb2arTQj6QMNwk,323.41687736963684,680.9019571209577,316.39064742730693,633.3857810409421,511.1789385414364,580.1697217535551,473.2549779558134,274.4246173431918,447.28070094510065,584.4070260955733,774.6818560536468,624.6977222178242,713.4813157571566,0.0,663.6648793743846,587.591009610015,835.5219324935814,716.5341566734907,511.8908255644291,552.6751647941106,695.2801039128543,752.7269169176243,538.7831289837955,318.3690196475003,626.9932918673702,611.6624425311712,511.3202862761327,676.8952126033076,682.2501620691,496.03544571725274,574.0658636745641,599.4808120037158,683.2819440389625,647.8018144037122,650.1970657800897,662.4528277457312,615.362844815219,623.8071693660709,694.0897366209289,639.6300181387478,636.1011208642612,771.2717682350656,656.3417321440976,634.8779902306018,712.2429674291735,746.8203033193676,627.4880817090747,569.9251234033582,574.8034978553678,684.3562972530855,530.8366572209927,539.6305782022134,689.7651404614124,778.0202901494566,531.1624642463885,612.942780155365,618.48853998459,594.0036358049477,517.5180699931457,601.6929473694574,752.0086872618756,829.8954410938378,636.6032548315177,762.4233690107147,584.3810537776507,812.7402729135858,654.074394007704,738.9141842653792
1610555638.33wjf1PhdNaoWfbRzXVn50hmFyB5bYAiLV,678.9326425461791,754.1666237410354,678.2017897640518,751.8241673103362,714.2248294215109,754.3446822491456,718.0349027389191,663.0203900467444,680.4935108606484,748.3220533391896,779.6379253554766,759.5347790950404,792.7476720466938,663.6648793743846,0.0,697.8768870271459,802.6012473390693,776.1570867960864,713.8471573294202,723.0954703901776,747.4716162896764,785.7370836090355,725.7207777280273,668.4813112802931,754.3283600644831,749.9326231147766,711.1557682892002,795.8506212289454,741.0829218428703,716.3179974732847,681.4391351427648,727.5657075363575,777.9353375783401,781.305483227137,662.1234457839251,728.6577914928274,684.3855092156148,759.1786066977292,781.9675975629431,754.6750152148262,632.6599412261373,783.8830256956958,641.6972115142029,739.6433013303953,698.7625431979241,770.8342747724513,733.078692709364,706.4517296460275,764.4736467658907,757.3500873288492,711.0264962733297,687.2038897273208,845.9184121279537,757.8693266325192,700.2006575736839,753.0316446994293,669.4888879753667,731.0417476956432,729.2356816272145,750.5619438268722,819.0920231073285,814.1898162264922,761.5234457322979,808.3493724976868,757.3410609158606,795.0118949110807,767.1752506538453,816.9213955106817
1610555606.65jCE4ig8Pu8kvAzkxnSGfWsV0nQBjCf8H,569.3196643848893,694.4355348518429,540.9220984957701,636.4871890716165,569.6965203120291,659.3029301904029,600.1360448876801,555.3784684955175,598.5159739992831,622.3802414776435,708.4553603665911,629.6818480855187,709.712343241035,587.591009610015,697.8768870271459,0.0,790.9070639656786,748.2090881434964,658.5499182169887,487.6768157511962,651.9294429378248,780.6582174592635,600.8185871680832,558.1933171162622,677.6948493191682,717.8454259314135,553.5782910191233,633.0226295763484,607.0695567060126,624.9292991774122,550.6565604954025,675.7011459945103,655.2215463019211,490.935538814113,483.8573820729026,596.5724616881021,576.4549351333154,500.58030700744797,701.3430800259463,727.8359992052202,557.9500431720344,745.3116300508684,673.6893041170302,666.2327566898048,736.5766862104294,758.864312436509,643.691094750173,621.8519717527421,603.389481009028,647.6136319334801,571.3839826107229,630.5257559963845,673.3800878210592,754.6603948764581,495.6881655286969,664.7386234987447,703.3347571295664,518.6568346917784,585.1907046694981,700.7428246951946,736.8707003196964,788.5730075088888,534.9933307910679,790.1702080922369,571.6138712953642,782.862373612552,626.1776694623187,693.0093036337233
1610555608.18ONsBCVo1i7BrX0XG9stct4oiA6ejX9Oz,817.0932230019646,746.883072786867,795.1167764965207,755.4104397335117,799.084229281163,796.4894669998703,787.8048653233379,809.3845478298114,839.0194109377961,882.2865625537012,626.5652504029018,777.5538670965929,939.265208211355,835.5219324935814,802.6012473390693,790.9070639656786,0.0,740.2624609351897,795.9692452606178,810.4063715304111,778.5326477273596,736.3367588507556,796.1617845520049,817.07680023367,778.9467242101399,788.2651493298555,815.3480367167157,793.6796407513978,782.1684578050374,787.5378584067704,833.814087966853,775.0905747652628,915.031354773773,828.1009684708941,779.1358024749193,745.892137426256,821.7368886148979,812.0892660632534,770.7101039824033,863.5678557575271,785.8115368649259,725.376748575466,838.5351871294231,794.3678117782874,732.0642581789659,722.5267670839617,857.7286185456594,829.0856427279994,836.7297062809084,749.9467698410426,816.8429519170016,834.5826692264268,830.9369948570649,744.9992061542625,817.778811420245,771.2657307908888,762.5744665753701,806.7938122813791,835.3949452211092,783.3025344308737,820.7053656352032,727.331183965868,799.5878905717846,732.7714226434555,808.0181024688654,749.5620638692493,750.293341220631,833.4346985526564
1610555721.51RNoQUMP19FTMS79BmA3JkgSm2IC2AQuQ,724.1357979201126,363.0695162857804,733.9640439543484,648.4575431053798,737.7276816430631,712.3874792049376,741.6459001214232,716.4712137694138,718.5253708038688,729.0334906700728,703.5544201784122,600.3855323086624,735.574029931613,716.5341566734907,776.1570867960864,748.2090881434964,740.2624609351897,0.0,696.4658961349195,699.4145995561205,705.9498723796315,653.314766310848,714.823614176003,704.3136277259863,750.0632078265323,766.1890429710163,724.4344100813155,734.1839331526029,730.155953569617,688.890245067741,766.443717371638,738.504433557459,729.2066827133963,713.7813132643773,761.5776548523859,774.2733427086065,775.942451869102,709.4432268133202,695.205333831491,804.187759599448,722.8468658463028,754.0539610138164,779.3084668488364,681.9462839535855,568.7873882837475,455.71683008921735,753.3237604974441,754.2827590183745,710.1198134011003,769.7065199796451,639.6912581852713,747.2103844940461,817.1967743986346,761.5218581355288,736.343713029763,746.5689334951148,741.4088111453729,725.3157419859642,675.7638845691519,715.6976408153103,727.6367135982763,771.4835363116158,707.5396023520157,763.7244485875237,708.645980901163,771.1508115158633,765.0953071562884,722.9458933191349
1610555971.86O0cHB2ibBJ8jxoObg01EpGe8VVV5mpwn,555.1682236738984,687.6725350194386,541.5937325042128,642.128842386344,550.5980189136397,392.77567379319123,539.0454192266459,526.810353737303,452.4290870760101,669.0161574033771,740.9643053861593,674.9452261745381,765.4253037197165,511.8908255644291,713.8471573294202,658.5499182169887,795.9692452606178,696.4658961349195,0.0,643.1052099964561,701.1311687375315,686.9064619912966,588.844506113459,524.8685775859449,648.9378998080019,503.9901755313775,549.1460091918158,706.3857195960753,735.8615628168019,502.13267344543465,647.9448603005209,548.2064482362508,756.1882416136018,711.4657382571005,681.329552682332,692.5190775990501,694.2124463664032,699.5251129509538,712.9379879821449,692.593851311321,701.8026998691771,761.9753317049547,691.5031756527317,668.5079876760726,725.6415375944645,737.2703883613178,629.9470616867952,573.5786686376244,663.4842003068528,681.7965339857575,602.8910128736441,578.3993766292184,721.2099612744822,777.2155021509727,624.289486303784,640.5028214864034,665.0527619525869,650.5002909824608,585.2018976311759,555.0277142122999,734.2403401353557,824.8683877747274,701.0329985521918,711.6847065511772,663.1539992093839,801.5793509459027,640.2762093870016,725.1733806240543
1610556911.51zU3duZSGpcw1BDNsBLxdOCITAXwl6z3i,555.4136151022144,657.9529233524671,526.3885684977079,615.3739276679695,581.8118810312646,654.0277057675509,616.1539899984988,534.2918158194615,575.8571658674033,634.1442321841522,737.7237491899268,557.1685767420346,692.4826272487967,552.6751647941106,723.0954703901776,487.6768157511962,810.4063715304111,699.4145995561205,643.1052099964561,0.0,602.3166735106298,728.902723066561,591.5419755076254,545.1179702148125,679.2024076201877,714.2350760231991,546.7578102404472,602.513123534487,606.0208216956937,615.6723616057456,589.1902476877987,658.0045123646656,636.3060586911912,546.7291904493035,550.7202150757221,587.0141543820063,571.7309277946565,536.9010331310346,706.2550185318225,731.8493539627353,590.9859343005887,711.3084075590139,692.0247698418132,619.0838602380377,646.9357648978277,734.4335364160405,642.3286863210261,582.8760414670255,603.4241821954685,688.3806149138284,531.1431878613382,619.2154987519831,699.5315163076141,752.0027989421162,518.6515737306166,660.8140683053418,648.1798251726993,502.48021295995767,528.5007052107532,687.7062078076227,753.7341106274636,793.6137701485321,537.9140008488904,809.8511019162457,544.5819748965077,797.1990388964932,656.2505694014106,717.9117768874626
1610555988.71dMoYT8250UHHJGxgmITTmbHe7V6gH1yU,700.9537996497406,772.2922766606068,700.0263251166923,703.0903098153536,723.8521632983501,716.7079389829177,775.7279270238806,685.2808492289856,669.9503090685059,777.3833134502471,749.9570882230372,493.8506276387581,844.1089793532319,695.2801039128543,747.4716162896764,651.9294429378248,778.5326477273596,705.9498723796315,701.1311687375315,602.3166735106298,0.0,652.2956084637378,740.1122288970323,692.837885308515,743.9912937260314,725.445073006643,701.1335062107047,656.664541797918,722.7133515912659,767.721855183739,736.4462626013784,756.8308734900379,796.9200605411468,728.8922186289988,602.752632192102,635.8881338737709,719.2993369661481,714.0220503018464,776.6726763914338,783.453372476514,723.5340683932025,672.9653805506459,737.9996982037208,672.5552333012928,739.8939122628285,760.4008478029934,711.0632660286846,688.2034203525407,739.4279504204083,723.5685450201947,576.7688786429953,697.3657653237412,787.8071455920167,784.7330112455861,697.8673020998814,737.0255426152659,723.7976761972438,608.828754045406,646.5943132156075,744.0403815333727,748.376583442382,821.8149889807607,670.100054434782,774.2997262673599,682.5189984284006,784.8834003980464,723.6862274562136,755.1119581257609
1610556042.81mlUZsSp7gbGjrp8jQSnybT1gPy6e62o1,768.8207097268192,728.2169598049311,779.5275367446148,725.6815258605352,754.5994229690625,723.6676372442222,763.3078450060844,763.04027168942,744.8336159622282,825.7264169263575,719.7613754260439,563.5789295687393,862.9674733456518,752.7269169176243,785.7370836090355,780.6582174592635,736.3367588507556,653.314766310848,686.9064619912966,728.902723066561,652.2956084637378,0.0,705.5425545609735,761.3729600687124,759.2789913785273,734.2038951345816,767.5984163585082,727.0226966167585,771.0702304275103,695.9399625044963,831.3558075430611,655.0768637800498,847.4653537649291,798.6340854761038,750.7364514699419,740.471842180794,801.8704823243951,784.8055272492758,773.4394383238885,800.0906058930102,811.2770356687065,703.8277082753073,808.7664061217371,732.0437534456779,697.1685580276221,720.226428247172,785.2829125113153,738.9810487767439,762.3716031253945,720.3424990313121,653.8505665807655,751.3553339136853,851.2205693466656,787.3025945908228,806.0113633439182,743.9508564634033,722.5638336827392,733.4584125225158,707.1144082748826,656.871355483507,716.1567457700286,808.5684445209799,742.2406036762156,724.8326207997819,753.090208752583,737.823010618304,723.6766210765999,721.5132139429876
1610555637.02UBW5nKvDyUrKnaWcYRGajZPxTRDS0q3N,545.5733858860754,652.3037461745428,515.7108591218883,662.3173640233845,513.5640269076291,591.7898932794456,538.3498367450204,525.7476253485374,563.108953680469,571.0210967900247,739.0782486707959,697.2530606170775,712.2082995924609,538.7831289837955,725.7207777280273,600.8185871680832,796.1617845520049,714.823614176003,588.844506113459,591.5419755076254,740.1122288970323,705.5425545609735,0.0,520.2142717124966,564.5502021955506,653.6871074738842,455.7370130656214,710.4099385157176,687.3096369974573,423.75619258587864,562.6655020442746,496.9697034753509,670.0339863231651,655.2148653375202,657.288886468927,672.8008227130103,619.4289854909418,606.3628408703157,647.5014439770608,710.4002575688035,642.0537895173834,785.6207849776135,673.5206236352091,701.8491206469553,697.9474824779926,708.1650665254155,592.274887076882,606.3800192982409,511.713967783848,619.8735494109465,620.9912256975804,544.5029019625701,691.4951673560423,747.8985030795637,544.0607512915552,484.6676275978686,655.9333493151466,601.9284704754764,608.812177641895,527.1052728431699,736.9120758902461,797.2069261999159,598.7498868251255,747.0529030630187,562.0896550391301,809.0324597416045,629.9033074695071,742.4566217205692
1610555619.13oUYNikU4facCTpUSiSLr0vPI0tJLnXiT,170.60664543865218,673.7910575286946,228.3046107485343,604.081674577534,496.80721997458835,575.2508139123004,461.3880055027144,182.45723889825183,425.7125112853212,564.7463167307806,749.5881427992548,619.6636828627094,703.788891346465,318.3690196475003,668.4813112802931,558.1933171162622,817.07680023367,704.3136277259863,524.8685775859449,545.1179702148125,692.837885308515,761.3729600687124,520.2142717124966,0.0,626.1942489735939,599.863923646874,471.2498375119899,655.5767802858317,654.0105955598223,493.10462335733376,535.6177134014946,594.1529277125627,664.4577972234425,617.6752775796601,620.5785754030691,625.2976311861464,597.6263358552619,596.5393300733665,670.0461528755619,620.1601760129666,613.8960496431524,763.8333627527389,626.9833296819643,606.479164596106,712.3053754695962,753.6162803801865,593.9927681367186,547.8455380803459,555.9927215510314,669.6679069060627,499.58054772814023,530.040992412804,659.5014260019004,742.0160854577525,505.7863928701127,599.1459325126599,630.7666748373543,566.470032602988,495.1151777005131,598.9506533530196,745.0861150108673,818.8887434217219,597.039776465728,764.4149456743967,557.8871561725937,811.5806070174475,629.6652787466468,721.137003980681
1610555721.03nzkucfjAUh31zTbmCVvTVYqtjoxZFnBh,634.8190182446107,702.5534598100124,615.8230083957425,733.1107261376443,636.6404064239912,615.0565264680079,667.4970139664354,618.589469533043,648.5770632693223,676.0655471556338,732.8767093631185,728.7258511944983,797.2564078012407,626.9932918673702,754.3283600644831,677.6948493191682,778.9467242101399,750.0632078265323,648.9378998080019,679.2024076201877,743.9912937260314,759.2789913785273,564.5502021955506,626.1942489735939,0.0,660.2308440654236,631.3436904752737,727.7933519031269,760.8844789764161,616.7488936085505,668.3411307438823,642.1489030211553,762.247353977325,719.530348465229,694.3490897640783,738.0105835385681,689.0163179757749,681.2385807520083,650.2914832178708,716.5937918213142,739.6887408938409,765.6601370429147,709.8683401487403,740.9110238530459,727.4579061501018,678.5103083495602,666.9808468378374,611.9897300877045,613.2016547131651,704.379348604814,661.6358625729972,628.1361964796587,731.4685257070571,788.1728688743336,635.6135580005646,546.0344091488909,614.3503227583799,658.5335740740713,659.7019542892642,569.336290868142,753.5397303966705,795.290729860539,687.6037643846032,704.8870998728454,663.3680307560676,775.3702705396956,678.487432640862,758.471093366506
1610555722.67fhKURdXVzRbLIjXmjRwdJHTnE7PWb1AE,608.1143619748494,758.8388226272756,610.8094501808318,738.9055479489315,675.1257340776024,378.102073917877,634.006023120674,594.5018701033061,618.6767828056765,740.8083414064668,762.472408769598,721.5402232955189,831.0524761725133,611.6624425311712,749.9326231147766,717.8454259314135,788.2651493298555,766.1890429710163,503.9901755313775,714.2350760231991,725.445073006643,734.2038951345816,653.6871074738842,599.863923646874,660.2308440654236,0.0,655.1152335959023,734.3060911703622,755.4102778736993,601.0029390408777,710.5616527034333,643.6795312454925,819.9465665562849,781.7634393857869,737.5751708663952,689.3658875166107,748.2163646645432,761.3573586473041,718.3706356232616,711.4108338546506,768.0138854954615,743.5435145826118,728.6644428438284,674.9669209229615,758.2778527061652,737.5870043664369,636.3194589629624,644.9905661455564,735.3414608641777,730.4988238048895,654.6690313322702,632.5777671608216,729.3655313748375,779.3728380984512,681.6786485100824,596.871554244839,699.15230371218,696.0476880897569,643.3428605217432,594.5757923755164,773.4204874885427,813.7363074989385,752.3375356224499,712.3126921049538,733.9945668334381,785.6790604566962,683.6394524335443,758.2562887529632
1610555638.39J2ZWBLuLTHP0jOlzB4tNHmYeijH5g5YJ,497.27253120639057,682.3790290394052,463.8004765655791,596.7556563072488,478.6176990515907,590.2172887581603,518.7486076982381,476.99603613086606,514.1703621208486,582.3438679880963,740.9449756189978,665.7656724153685,722.3775311279358,511.3202862761327,711.1557682892002,553.5782910191233,815.3480367167157,724.4344100813155,549.1460091918158,546.7578102404472,701.1335062107047,767.5984163585082,455.7370130656214,471.2498375119899,631.3436904752737,655.1152335959023,0.0,682.7309336408339,681.0388929175724,503.70465674833673,509.1374280100163,526.0430289940383,680.4972348894123,639.0678529342424,633.5949317124679,640.3626409121518,601.5101954411462,614.4105540742556,689.9330964905857,667.7215994414614,586.1800701367214,779.4136610106747,621.3609430099326,677.9935193800085,717.6564210975596,761.408727833718,550.0937777094156,574.9437408331411,573.4211242538483,522.1160206960922,570.0184395140695,508.44939177733494,683.7706790237363,778.9164565263466,519.5247016833682,603.7320859382144,667.4254947743311,561.2490880772814,562.3543215631144,594.4670748974718,754.4912778340305,796.4040328839164,616.6586809138639,774.8263129268955,577.1352136124714,830.3120549581274,542.6438567334312,740.9304788667041
1610556032.17Q6yCDx9g7alRnL9jBFXD2JhhUyB2hKfJ,661.0524606501046,703.458479305,644.7311111974839,648.6588834494758,687.3422145404735,722.2760702805526,682.1580370222237,654.925472278264,665.9140753371291,733.2114608073962,731.267582913908,640.115711794032,798.8774244654695,676.8952126033076,795.8506212289454,633.0226295763484,793.6796407513978,734.1839331526029,706.3857195960753,602.513123534487,656.664541797918,727.0226966167585,710.4099385157176,655.5767802858317,727.7933519031269,734.3060911703622,682.7309336408339,0.0,683.0979268316623,709.0258753860415,725.7300941645653,734.4138051066515,749.6147436708576,608.1087622680074,679.8702682273814,651.5085872999349,712.08208754452,627.6966501395325,712.5586621032646,737.3736369718357,741.752786158723,674.3878228992966,727.2501042882309,620.2291290857506,741.2790638297851,730.5718852758765,725.3314680763878,702.6714549521611,699.4302786891218,724.1557496289756,620.3894494051201,702.0994045601161,739.9838274882559,772.4771385407091,682.1821330312375,744.0069036902615,713.956755554151,578.5510865611639,603.9340006773044,743.6392728922124,721.1662537087941,829.3613111751539,629.2206413505589,761.5322132159704,643.0778060633154,792.4819136527566,716.2316865346683,728.0708799455746
1610557007.49MyVgDnuUuBxrvL6SGOdhKf69VYlW1MSm,669.4845255386613,668.729460474566,644.5855331582003,656.1739573228733,695.1900517412354,733.8792015951386,682.6289643077222,654.7246955296015,695.3537631465249,659.209071882393,730.6107034220414,652.6570881319001,708.5219110288065,682.2501620691,741.0829218428703,607.0695567060126,782.1684578050374,730.155953569617,735.8615628168019,606.0208216956937,722.7133515912659,771.0702304275103,687.3096369974573,654.0105955598223,760.8844789764161,755.4102778736993,681.0388929175724,683.0979268316623,0.0,678.9074892760904,681.679003121638,740.8950750330952,664.9842177200886,612.918992801861,647.2626046600577,619.7582026296589,667.605236316358,564.8438812765302,747.0316783021462,800.5531593627003,610.7980143859409,761.3150518299002,735.0147535612808,677.8167318056011,722.7339147472587,718.923624917664,736.3665785675787,722.2744687900921,666.177447546801,761.1557114065102,633.1499701552327,711.6321264714297,773.8705010768816,720.0726836862377,613.0226216156242,724.3956812361702,761.1796574705897,620.4752274551397,659.945759977823,737.5190216239628,784.9207997292676,782.1298069152285,500.00224673257236,850.410271742217,555.662284722759,741.6035141494826,754.5055759699626,792.3756610118014
