,1610555604.25mOvVXuL01OCiReyVWBfesjuvXmB3MoPy,1610555605.43B6oDsBtWRQ29Q9UMQuTUEPZy3FSSWXzc,1610555610.92HPGJJSmyPM40z7otPBgHalNrHFA7zk5d,1610555606.68LaSQbm9EHAFycEfFtEqAwYqlBsQPjIRW,1610555617.19EKxMEwDHfXiEJZc27TsGoERaD6Da4BZU,1610555722.52PJ3FD50MGhRXyUD28vluU8Z9UjLJLZn4,1610555617.52Ijr5puT55g9apK8auM7zaxa3NANg502t,1610555638.77ZLjTLkz4jYJdFMI2wWBztzsDILkoOtAk,1610556912.46C7tJPLF0XfNnm8f1820X9aLmXMHoc0Dw,1610555617.51LjzIROg0aeCP2GhDcAVQ0LipKJB9jmKc,1610555608.17OpjjHobqRkX0UPcaXrbu7K6L3805SZri,1610555721.82zWeNZfGUUfRJkgnAwlP8VMhPzXctnSd4,1610555735.75bom85BDF0C7W2eIseHeMxi24qR68nzMi,1610555735.77NnT5xqKnwcf2BbjIekeb2arTQj6QMNwk,1610555638.33wjf1PhdNaoWfbRzXVn50hmFyB5bYAiLV,1610555606.65jCE4ig8Pu8kvAzkxnSGfWsV0nQBjCf8H,1610555608.18ONsBCVo1i7BrX0XG9stct4oiA6ejX9Oz,1610555721.51RNoQUMP19FTMS79BmA3JkgSm2IC2AQuQ,1610555971.86O0cHB2ibBJ8jxoObg01EpGe8VVV5mpwn,1610556911.51zU3duZSGpcw1BDNsBLxdOCITAXwl6z3i,1610555988.71dMoYT8250UHHJGxgmITTmbHe7V6gH1yU,1610556042.81mlUZsSp7gbGjrp8jQSnybT1gPy6e62o1,1610555637.02UBW5nKvDyUrKnaWcYRGajZPxTRDS0q3N,1610555619.13oUYNikU4facCTpUSiSLr0vPI0tJLnXiT,1610555721.03nzkucfjAUh31zTbmCVvTVYqtjoxZFnBh,1610555722.67fhKURdXVzRbLIjXmjRwdJHTnE7PWb1AE,1610555638.39J2ZWBLuLTHP0jOlzB4tNHmYeijH5g5YJ,1610556032.17Q6yCDx9g7alRnL9jBFXD2JhhUyB2hKfJ,1610557007.49MyVgDnuUuBxrvL6SGOdhKf69VYlW1MSm,1610555638.44hjT5hbYdKoE3MB6hijrjqbjmLgvCUYKD,1610555608.13zUvmFSCRt6SsLbhqFznMEvGx54GPGQzM,1610556038.62a5C4ynd1AARyAhTv8a58NCqHvXRjscqH,1610555644.45Xse8u7pusHNsd7F3d0A32HXvXr6weOJE,1610556038.62gKXOCG7XCn55eJvyl5voNjbwOW0znQDq,1610555987.13v0oleKK97pkesp6oMgprH8SoSdoDVdIO,1610556964.96ZLLeiQW0qpmxhPGTg7K03fmzkqsC2bjC,1610555987.13VQlEedQ50VvkPMEMzZDv3KNnQCewykN9,1610555982.186TY6MMGkDecIN1woW6vsfAMXVV7jnyjO,1610555982.673LuMndkwkvdmZOn0MmE2Pkidx0FtNalb,1610555733.38zItcuH7gHNfKdALR2d9Nek6bxCyw36Vm,1610556034.15BQxSbZINGCay0yp6RBVlgcPrw76Yn9ON,1610555639.37BPZpgtGml8qUsh9AdV4m32jPLfI2aNFq,1610556965.57S0adAalhWYe6K3bkZU0bRHbqnDK8gGkR,1610555983.54zteLPCMjyrjzPdhHhlZr3faCgD0TfYr3,1610555987.79rHnNRmt9a0ufmnwCvZqBouyUoZDNpylW,1610556960.041xWER61rmArlsKfiMl4frikWmUCnQ7op,1610556035.13a7NHZDutfTMJ88qle1gTYY59Dr4WmMsj,1610556890.456ZBDaY16bMtrTZTqAgHl3wq1tRxzqDow,1610555760.24e6890pkbyZ97Or6croI1rQgjkSsR0yVt,1610556043.02YpWMIJg3W004iqlPyv8OcVAZdSC5rNYw,1610555987.03z05P26TLtONYM1HSzupoc2CeNMa6HTqr,1610556032.15OYCzUxpsz7b10AXBAuDXrvEcvxFhf0M7,1610556032.63Z80yI9pNwS3jSmsDABbuhf8wkNa2Ze9y,1610555736.28eGuESasTXdR3SqY6pHhEXWZtcdciYLCO,1610556034.61bebeZA0MkaFG2sm3VKiqrxeqQginTTW0,1610556944.5XwXOphKYT3ZkWA8gViqOS97VHVuMVUqb,1610556944.745UVLFBzf7fPh4UH37I6tYQOFPqRDytEh,1610556034.63XsUwaFaPZevO1JNFjfhvY4aKNFnV4noV,1610556964.89xwBHw9faT1HjQRMNQEyA4qJ3hWkwgj3k,1610556966.74DydzH91jtyvRyYau47JpVkZoMRSNTt01,1610555740.77UueVziDbaXyRR4OcVJIIZyzOfAzN51bj,1610556046.84e3vwjyRCzqz0wJQhrk8zsxlFfFSv98Df,1610556137.99eoPuVrDThKAOvmeprLPb2FWRqIhzUodc,1610555740.73XFwSrmTXJPlaxGZSefh0jOVA8PI3III1,1610556123.88AOfNaz9jSnqU5Czc7okOv1RCrYfKFBTo,1610556046.85nB7NvyoYQeLcOV391Lmmut1wAM8CFGLw,1610556123.89H4pdIAzDthI7bMXMhlIhKUYIQIvtmPPQ,1610555740.87GOYQUJKpkynIS2lFqppYK4b32ol7NeGh
1610555604.25mOvVXuL01OCiReyVWBfesjuvXmB3MoPy,0.0,556.8930708380545,121.51077579556458,506.80146383798996,376.48022393780036,458.8629714818629,352.97699036105934,116.71078629978155,301.9518080270781,427.635979702335,617.008473202169,521.6973812941835,511.63524068464335,230.6670441379541,561.0125368915078,459.3601380752586,684.7513404520868,590.8315861622808,398.7948098616762,408.3583008518965,573.7732293677956,640.2448699441766,411.3773414084967,120.43771296862522,507.1724319527975,481.3049586411065,368.2470155760279,534.6333267000424,531.7939763481994,392.27082662174587,450.97552235413906,447.3314211642043,486.01804751432184,496.00070595773485,510.3460516439124,526.1554371684157,496.0062244651706,487.4944625133874,555.6981505579419,524.6774214842085,500.24923688151586,624.3006642279322,519.5549096810555,488.260567928551,592.0931917706876,617.8313413250291,497.32623930776697,432.9253486758025,437.0595646942534,529.5642510660721,420.5519079510424,423.0880792123562,551.87636803873,635.2659818929081,411.7123988997849,479.7981639772341,506.2012352534502,468.91220416721865,410.47294810967145,492.2355036529289,616.8899635838083,677.5147014027702,469.26186735516575,630.1024274598097,451.76953211564154,670.4375052676301,491.0658548049489,596.1367264238987
1610555605.43B6oDsBtWRQ29Q9UMQuTUEPZy3FSSWXzc,556.8930708380545,0.0,551.9486273317399,489.31665157833896,575.2348690154988,572.2167097375961,561.7724347565555,564.227879533491,588.8719538584103,523.5357424358513,548.6982876674986,592.5088873858606,489.93683370452794,582.4949109391406,607.647039354273,577.237982870709,601.6762467665726,304.8164334971225,570.370893586103,540.4824728357638,643.5715349194893,598.8636413510472,536.7016422073449,558.333617156909,579.1992709617679,624.4119146225418,570.1911949309916,585.442569431881,534.9828963272638,509.0947246169314,587.1575759766038,555.2337660804175,504.5015530052992,513.0956739524376,598.2035131359744,646.7699534393478,590.5926143155644,498.6200420629477,495.644928456163,663.4332270158985,532.5256693200283,627.9932023453415,628.0599380688874,537.6723789221033,419.21428601999156,313.6562437005646,622.1269474218316,617.7385379922232,507.73294293860454,624.6828228437114,566.4718477648486,609.3697750958123,633.167151317275,579.2514299410176,542.8341738822442,582.0481574401,579.5951682817213,548.5692774355572,568.391087724519,571.3679718488753,591.5398630810097,606.9777089863699,511.4459692027191,634.0055752500518,531.1532614624547,625.8486569088982,608.0247959116523,586.7405697992014
1610555610.92HPGJJSmyPM40z7otPBgHalNrHFA7zk5d,121.51077579556458,551.9486273317399,0.0,498.4116105900059,368.99560204937154,464.1887570620809,343.31924830865773,160.48245153094024,323.7929266116513,420.41196635820006,611.4164448822204,536.2815816942697,506.15511337927484,236.86125057948445,568.045542357957,452.8576829272843,677.3137483080269,602.3730601094774,407.0455018704426,399.1011077556175,581.4479816914102,652.8662308599903,404.5026800110592,165.1135481556363,503.3897432262296,491.1638909104268,358.7514128969666,533.4960198313252,524.9912922930511,384.85727582920686,443.81872848069696,442.74685580821983,480.1188077632068,489.9044202554884,512.2021760451936,524.3303056594044,489.0407265389725,481.0538303386491,550.3322755527154,540.2978089986931,491.6018729372529,629.3564925829852,524.3217916032172,502.0646298596143,587.2329594896095,613.8028151739853,505.7547150804503,439.50418463319215,430.1561107813757,520.750247067174,437.54211087879867,427.88475987433725,545.9457978033387,630.6822903018484,404.23586919359354,471.0577522440957,506.8624399754414,464.05743706140913,422.51662051575676,499.1624936823539,625.2363400052368,671.1370067843205,463.2902809944559,633.5496669889809,444.78707737691246,678.7003205506035,481.4522973606447,606.4804185325221
1610555606.68LaSQbm9EHAFycEfFtEqAwYqlBsQPjIRW,506.80146383798996,489.31665157833896,498.4116105900059,0.0,525.8534675989447,577.5773851617743,520.3427800118276,506.3767132175709,535.1535566349652,539.1455212199702,507.0855402615881,509.1977334179486,578.6399872050819,539.8988862244579,606.8390636183841,521.1710807180731,582.9957939554571,518.1120414927756,534.1308461089196,501.1175264117103,568.1507201788083,594.1922340461043,545.1667066453701,502.8242686080865,610.4861787852377,605.3335191023652,489.54343639980215,528.8352215132043,524.2027973345906,514.4846362338903,531.728815019515,553.619784888466,549.0598097008939,540.4249958025196,521.201968004212,526.2041751582597,543.9189741074221,522.6212649266051,494.9675538614536,615.3385063803656,461.7359513936918,542.7384042728345,570.3230838801683,468.25351052029583,539.701633670138,569.2250941935824,614.8483712120972,565.447402806609,514.2995579089179,567.1061295555379,498.9754745176531,569.5417584038402,609.0649957106986,576.5665981844544,498.5546548256598,603.8079028724958,601.0727785424788,496.68367469959213,528.1754952458606,598.8718694095182,594.9377402328084,619.6899722333235,491.15137547201505,643.2961137663591,495.54917441249245,649.7885729962557,526.3855483183261,588.1193102213562
1610555617.19EKxMEwDHfXiEJZc27TsGoERaD6Da4BZU,376.48022393780036,575.2348690154988,368.99560204937154,525.8534675989447,0.0,531.1800106193631,312.03911925620196,378.547288449645,362.76398356744147,462.19992318361795,595.207790406471,578.8217828751959,546.7144284739609,409.5650350745816,593.651770825863,482.5636202463602,663.4062229120649,612.0588869245836,458.1408269247597,456.9434627675587,606.2038972445216,637.389341651993,394.68704382033246,382.964618081814,517.382348947737,555.8911499903018,365.3469270840412,573.6068728724839,570.0295510399744,369.86162223232225,469.55025853515286,401.3246315550114,517.9088843902606,516.7679233349236,537.6518268415888,565.0092904361411,534.6837943234685,503.93488840736615,569.2178377668763,587.0773495731308,511.20646841590894,651.7363875567722,534.3941457293876,568.1214804124317,607.4106696742571,634.475007061415,541.3913614553386,497.6313962633936,450.6871520071011,511.31036832464474,509.6376310898197,455.562318867744,571.8992030946717,644.2153554597174,445.34291405266515,488.4736275451364,510.02863293260526,521.6706692974618,489.8383805405635,495.76079507268554,607.0740908375319,669.4068665891792,497.55531700987353,624.6825824152585,462.6775534130777,687.1245952456853,506.075528497482,573.4343375136826
1610555722.52PJ3FD50MGhRXyUD28vluU8Z9UjLJLZn4,458.8629714818629,572.2167097375961,464.1887570620809,577.5773851617743,531.1800106193631,0.0,507.60102954898474,460.9482198042901,471.9276528088421,545.9190659844818,595.2637297376925,577.7109377339077,585.1563186522329,479.4350447765996,614.862353329999,561.3460019402668,643.3732966477182,580.5592894068827,297.4545205913851,528.5819376547473,585.815673413625,593.2232428793639,484.63980671460905,456.3099516711206,509.6014310159099,285.40216190264465,474.13600782805327,595.6106347084753,604.3353407390696,438.3901573128037,553.6592602064027,446.49733389692665,591.8199014772581,599.9956428850587,574.0832132765825,578.7867562923054,587.08771681532,590.368465815556,581.5325150639982,591.8907761061131,597.4685357009386,625.4298886124838,598.0736560273697,550.0350102095304,590.0175091973094,569.168552920082,483.110042118848,476.41528800411817,556.0909973893903,556.03349651717,518.8284952611664,470.78401401867353,589.0432214088701,632.0087060713765,526.3023034437896,476.3747499030534,569.8493449705742,533.9552973456814,507.67544763823173,438.8132463863584,605.6644094909049,653.9937314504189,564.679352353893,584.8779367733684,564.6794088530188,652.7384482654985,524.1880946784859,599.9288313783485
1610555617.52Ijr5puT55g9apK8auM7zaxa3NANg502t,352.97699036105934,561.7724347565555,343.31924830865773,520.3427800118276,312.03911925620196,507.60102954898474,0.0,357.69814256552587,389.1305534353261,488.238640549014,579.3886388439275,605.3111111368833,546.6302675166592,377.66919051586973,595.5193067025863,514.1454048626179,653.2668323302063,614.1050607345785,439.79332706386333,494.80918118741636,652.158913124148,641.072975232765,434.29872573158895,357.5384679206246,552.0013270143334,518.8306287857122,414.11054654268855,572.7443787728624,556.2346189140201,319.80651167747766,494.2650306008721,384.8842636939683,540.5095635072471,536.9273460032141,560.4086330740018,557.0833065521895,571.7453414194229,527.7435587611719,557.1131319378494,579.9945636773999,537.1198499755885,653.4844831644085,563.0306983300189,548.8358318198219,592.3507836355675,625.4136227111824,582.306466761268,519.863946444858,478.4595588073929,540.1834984597328,527.929580984104,493.5904069867809,556.0531512034717,615.0286280487396,478.97443008375296,495.0136414158977,534.9192991844131,548.054825499071,507.03179896006657,478.15476949878274,617.26363170805,655.437724072805,516.6232293081132,608.9216292152832,488.14061520849793,674.5760661321597,517.0069246152714,601.2147217223794
1610555638.77ZLjTLkz4jYJdFMI2wWBztzsDILkoOtAk,116.71078629978155,564.227879533491,160.48245153094024,506.3767132175709,378.547288449645,460.9482198042901,357.69814256552587,0.0,295.77886452679854,436.27955919014084,619.7457383609665,524.5693052538787,519.8719175520566,205.97176837895657,560.0058385371705,462.7900027037862,683.7640195202988,594.451770177825,397.15663065283286,413.3946097388979,571.9307284676007,644.0101161862567,419.6702523038945,142.5952862531062,512.2921270604045,478.61388295107486,372.34955867645056,535.5927839087769,533.3869060007917,400.71271779483067,454.44947445925146,454.5108363908937,494.0983459714877,499.30978484493056,512.3065955126564,524.7124157420938,501.89273832264513,491.03156224950726,559.673460189891,525.9714546319008,501.91670152960234,619.2883980437617,521.7095095014948,487.6266006282596,595.7070224466778,621.8283770960328,502.6042100838083,434.025302811662,445.26711429735803,531.1377968891155,425.4352271644551,425.73365905579294,550.0841780798853,637.1249382090234,418.760992760257,487.1072903285302,506.99762925543104,475.6901101428961,413.52011264613833,495.4894923225581,615.9106637291317,678.83581889596,474.2261712265703,629.0336800583465,455.87965026278863,668.2106462546134,492.34129089186433,595.5633967022246
1610556912.46C7tJPLF0XfNnm8f1820X9aLmXMHoc0Dw,301.9518080270781,588.8719538584103,323.7929266116513,535.1535566349652,362.76398356744147,471.9276528088421,389.1305534353261,295.77886452679854,0.0,471.8071205492435,630.1225598322817,532.9661416872725,548.4483517650899,341.1522905794803,558.6293280249779,499.57955176641184,696.7975320565268,590.2840356694537,369.78517841371155,444.9167439107958,554.0969823088558,627.0513191891529,447.9859735036367,291.1710409280481,531.5297470332648,488.95611525173723,400.6498081686387,550.5714889299861,569.2684177791086,419.59795602950595,490.87597115515723,452.4964934991819,526.4693063783889,531.87816919161,532.1886977202156,538.4276079977332,521.2834288777511,529.8726956528986,584.8756902815936,563.484120953235,534.072003954109,617.0336671316718,519.062218540028,524.4729147284119,613.17615905886,637.7676690513571,496.85015780762177,439.53622419150577,483.51300754322864,538.0928007916139,448.3327568653871,453.7324738393444,583.2044222863595,658.8993397240744,468.6436468724684,516.4187924831627,521.2476065201264,505.1811864553881,435.4585420046269,496.1627747775117,609.6515715171275,694.1882154416542,509.7475598289818,621.5512809917442,493.03043672232593,665.8221847092549,525.8962980873106,584.1650001924891
1610555617.51LjzIROg0aeCP2GhDcAVQ0LipKJB9jmKc,427.635979702335,523.5357424358513,420.41196635820006,539.1455212199702,462.19992318361795,545.9190659844818,488.238640549014,436.27955919014084,471.8071205492435,0.0,655.8214430306754,596.3075053826421,319.7830071403514,469.7935429496385,616.4767331815419,500.54278414941257,731.6907703363219,604.1689605415593,533.9875946516969,475.2168255567091,639.4525124859063,698.940887188908,444.0524880819059,427.36604742147944,541.5046169857831,595.3802108154758,448.86014519876966,600.6483233936746,545.0492191630915,464.14101462614553,474.25939937620615,518.661257151619,237.68977991713624,507.7390894597758,557.7019939892444,609.3990236930614,517.0361976270052,498.65269425740024,532.8916856509396,587.9078677137836,534.0417506124924,698.6957271561379,555.7996546439061,575.7081079137652,611.9090066612501,612.3089984871514,545.2812204784635,516.4228526646425,275.0504823370376,578.6787539151128,510.4917486066701,512.1307590898956,553.4239097312854,665.626462038035,464.8994783702728,529.2458159211345,571.166440977482,491.14517283747944,514.6058757679328,560.1963865455012,666.7949551011303,711.6831155528268,460.2756218767612,709.0164939776361,419.7319403003751,731.9188642140776,556.8066998414598,640.6716039332292
1610555608.17OpjjHobqRkX0UPcaXrbu7K6L3805SZri,617.008473202169,548.6982876674986,611.4164448822204,507.0855402615881,595.207790406471,595.2637297376925,579.3886388439275,619.7457383609665,630.1225598322817,655.8214430306754,0.0,571.7320782410686,676.7652855003381,640.7458957618061,605.4426037155403,568.4158690662706,428.65284713710054,548.7917395585904,595.1232710095087,597.6282758567156,584.3814291542645,551.0281961858132,598.3068962201754,620.2396521418626,585.8074293919443,608.0021652065104,596.8713128779194,578.7317672176838,570.3387156237204,579.0591563039575,630.3047066853178,562.5958145784447,667.4373273141058,604.8555587575278,582.0309799124583,569.6475455770311,608.2699580947286,607.125581274427,587.6341591687958,661.0812068893487,561.7163383276516,495.59302559951027,606.4835653577301,588.8175937819182,549.8972763386391,515.8528806075796,649.0385354947861,616.6321573509973,623.6364018473273,554.8964404106725,608.2565037327845,636.3340213225123,612.6844037258809,570.2835493084118,600.0563792725312,581.1008073548643,590.5842868928888,592.2629972455829,627.3772519291953,587.5863710859629,600.2911942238874,543.8716928888888,585.316998683788,570.6402454878461,594.4895464916128,562.8519962829715,556.6297916426355,609.1100153465773
1610555721.82zWeNZfGUUfRJkgnAwlP8VMhPzXctnSd4,521.6973812941835,592.5088873858606,536.2815816942697,509.1977334179486,578.8217828751959,577.7109377339077,605.3111111368833,524.5693052538787,532.9661416872725,596.3075053826421,571.7320782410686,0.0,629.9223009560413,536.9151335328243,622.8095763841682,508.79950475523555,619.6651183523612,502.8522054475552,561.3736975362494,455.765857323793,367.51957011206605,459.3472675902335,586.3381435818407,524.7686055436258,602.8941927598487,586.7594038628021,562.488037202675,500.80297637516344,530.8528840653472,598.3527027571755,604.9469596052171,604.7419191664338,594.2038866183132,549.5879425975396,490.47180475886904,484.40689994846707,570.3354895991855,545.6099471522722,572.6682044287476,619.6380624020934,576.3075678403,516.2226036975724,612.0105885469416,470.773128252,591.1263123664171,603.5931867699652,593.2164454849144,523.5198851849556,563.9020115552647,564.4222138631733,329.53790916962856,547.3892374522474,641.6216495158293,604.2258460552559,540.0326667004169,600.9986545212838,570.5208308780158,489.16447913935826,451.88672346322124,610.1952822360323,593.2621039299158,650.9189494066501,489.34616146642384,632.0792090684038,512.7760398879236,622.7838201058375,537.984304855002,587.3854657888012
1610555735.75bom85BDF0C7W2eIseHeMxi24qR68nzMi,511.63524068464335,489.93683370452794,506.15511337927484,578.6399872050819,546.7144284739609,585.1563186522329,546.6302675166592,519.8719175520566,548.4483517650899,319.7830071403514,676.7652855003381,629.9223009560413,0.0,544.0217437954556,617.9297458645146,545.9454823259615,743.34279986215,578.3743557358923,577.5200399514134,513.2722884661513,671.5517348467927,701.2712746394853,531.3071552125986,512.8191400320807,611.1247860649239,634.4526099161849,533.3190525174438,632.4110210040627,549.8755295544729,520.3538801086879,509.47667298904645,568.5001466138206,218.1508262386209,505.8465970006384,597.1963357598388,652.3208143751102,563.826300781965,501.5450924875139,586.5526198665508,612.1495054117833,563.6543813717556,720.8389254824315,597.7116549915356,598.5392422693689,596.4967741605147,585.0739509878647,594.0493891177154,591.3643506192926,420.1003185344968,629.9420673123736,565.179770927337,582.3827066657212,577.0148790359343,648.7546601901178,514.1748561810238,597.7255934476652,627.520528260359,542.24712580212,567.7030913212341,607.7630497580102,662.4948793783936,701.1649055219283,487.0022534887559,727.6028762103002,504.6114095246441,718.5956610785754,606.0880442818583,639.8828167403074
1610555735.77NnT5xqKnwcf2BbjIekeb2arTQj6QMNwk,230.6670441379541,582.4949109391406,236.86125057948445,539.8988862244579,409.5650350745816,479.4350447765996,377.66919051586973,205.97176837895657,341.1522905794803,469.7935429496385,640.7458957618061,536.9151335328243,544.0217437954556,0.0,562.370217448884,505.96214176126875,701.1437659274627,604.8194915725933,414.57739603525135,447.31978725734825,592.5271770696901,640.668603464291,449.73746929858845,243.00957748147002,527.7600349116051,498.7098945702087,420.746313151782,567.0410644698806,567.984213002227,417.341724374948,496.2978500763638,471.4236709836001,526.2898967687875,540.7729901257607,549.6921545627046,560.4375937554522,530.1219482053255,528.3177185753245,585.5646715188708,551.8352894944298,536.1329170985321,639.3271319087194,553.9519568550664,527.6699812715168,604.722127967372,629.3231415508824,540.5919322919837,466.5622165021387,475.97051872748966,559.0886675932123,454.3852056758696,449.1236414897268,584.935587560299,662.6476833603263,460.7073620713885,510.15720061724437,511.98909383302004,515.8353351498872,441.42225688204934,507.37056417166184,628.1023647685332,693.6201072268254,519.5452855574523,635.292243788291,491.6525559813556,675.1579960630482,526.7612004026906,611.9912287824661
1610555638.33wjf1PhdNaoWfbRzXVn50hmFyB5bYAiLV,561.0125368915078,607.647039354273,568.045542357957,606.8390636183841,593.651770825863,614.862353329999,595.5193067025863,560.0058385371705,558.6293280249779,616.4767331815419,605.4426037155403,622.8095763841682,617.9297458645146,562.370217448884,0.0,584.8773214877103,630.8778896353516,614.885687839542,587.2091247171782,591.3378809944975,608.9378240160372,625.5046274745322,605.4945138890276,560.099437122709,622.8100063377155,604.8481690518155,585.1221429863386,651.5740431808664,589.0449424709992,592.3003929366752,559.0077582949565,578.2232845460422,618.7653158184836,653.3341198835163,542.4599989286929,593.2620642035891,562.3301723258443,636.2738044536359,636.7188920265849,620.1814802625603,516.0646846865388,630.750637260929,507.23356016080055,600.648967757298,535.6762569769232,611.1503696099795,606.7219672398046,579.2856133281055,636.1584694896978,601.7193396891374,585.7552365109411,572.5679741176602,710.8362360995641,614.8030749313259,586.128695624002,615.6229705919701,539.6838128976303,597.6935233282707,608.5806739217883,611.8628879507825,665.4040382127704,645.9522390922168,617.0047179382739,657.2542339503744,631.0496939635162,610.7680881061983,606.817269415356,665.7297651948048
1610555606.65jCE4ig8Pu8kvAzkxnSGfWsV0nQBjCf8H,459.3601380752586,577.237982870709,452.8576829272843,521.1710807180731,482.5636202463602,561.3460019402668,514.1454048626179,462.7900027037862,499.57955176641184,500.54278414941257,568.4158690662706,508.79950475523555,545.9454823259615,505.96214176126875,584.8773214877103,0.0,639.0812021292493,618.7207250906238,558.2723412776706,378.30170931900705,525.3659870506546,647.9397399147084,501.1171762322334,464.02394657428346,565.3541112881239,607.2716813327114,462.61573458894685,507.1969158588002,481.8551138228986,531.8476195685832,457.1880410212842,550.0379473335671,505.3059738102273,396.5011086176681,383.88793241082817,472.9424129952863,473.24547753218934,405.68390569634573,576.8807525012734,620.4548226193089,459.2588014058076,600.0272494252971,560.4383206741977,539.4230092683858,601.9741474388142,628.1703392372476,540.4743341140831,504.5169027010061,488.58150953383796,513.901683157145,467.64226661355485,540.1072771486139,550.6532063253359,616.9062895082111,417.1533210718106,557.6353344434567,575.7511998776232,410.9277659357176,487.0875963783759,593.925875255621,601.8081138223143,641.9673310197243,410.8980073346488,647.311311461912,460.71635331481184,639.6684557494218,495.30185397659574,568.9486406512591
1610555608.18ONsBCVo1i7BrX0XG9stct4oiA6ejX9Oz,684.7513404520868,601.6762467665726,677.3137483080269,582.9957939554571,663.4062229120649,643.3732966477182,653.2668323302063,683.7640195202988,696.7975320565268,731.6907703363219,428.65284713710054,619.6651183523612,743.34279986215,701.1437659274627,630.8778896353516,639.0812021292493,0.0,583.0228632026111,647.6913554340255,664.7152172466327,611.2285983166673,553.7600141663814,652.0831288150974,689.6601889267624,614.663807433074,634.3713311175514,666.0997696008397,623.2164529556629,613.7482311826543,641.2525636502315,688.5281144862439,604.5226454382981,738.8158384005109,670.5972586714877,625.2537022657945,586.5416787143113,666.6864091459389,657.8499687633979,591.0666755557685,704.9808064367389,628.9907549441411,531.6426347726261,657.5627561250188,621.6710247909957,576.0529271116134,555.4286793185867,697.5197111416828,681.278476873137,693.2644051522585,582.8257845409464,670.672626950498,689.9584790573188,662.1381113445317,566.4703832617924,675.0280442144923,615.7566378382968,601.1264759717639,650.1260383394388,689.2693676228711,623.1338276472886,611.5481118043356,524.5963247160005,644.237272443279,537.0008673097376,661.659666641964,540.7896616781672,594.3420081067202,627.7211221114145
1610555721.51RNoQUMP19FTMS79BmA3JkgSm2IC2AQuQ,590.8315861622808,304.8164334971225,602.3730601094774,518.1120414927756,612.0588869245836,580.5592894068827,614.1050607345785,594.451770177825,590.2840356694537,604.1689605415593,548.7917395585904,502.8522054475552,578.3743557358923,604.8194915725933,614.885687839542,618.7207250906238,583.0228632026111,0.0,568.6169144575642,578.9218300558887,571.7783427218618,523.4259430157853,591.6580640070106,587.5785590478436,612.8826210232028,618.047767565799,604.7125160901471,600.2222779238267,589.3753507655554,569.2227915282024,637.0334597902824,593.1158770574123,589.0000935372578,588.0609096759391,630.1877747178594,631.8940352287374,641.1892097469309,580.0942500077227,541.2970475542387,672.2270586799592,580.1986432243327,594.2573587715918,635.5326769122454,546.7914023169991,460.70035683752957,367.4087535428627,623.4123858840479,622.0096919264912,590.1015550970818,626.3986992716938,536.0883502027868,623.0893255386966,669.0782795779381,599.5982020568384,615.0959938385935,610.5199442639394,587.9040236183992,604.3676276820354,558.7540791815419,588.1494987295318,570.3407739066213,604.4018537982247,568.1140813935165,600.8300050810942,587.0309251910325,595.5895375036608,620.3362368636725,569.8699082301728
1610555971.86O0cHB2ibBJ8jxoObg01EpGe8VVV5mpwn,398.7948098616762,570.370893586103,407.0455018704426,534.1308461089196,458.1408269247597,297.4545205913851,439.79332706386333,397.15663065283286,369.78517841371155,533.9875946516969,595.1232710095087,561.3736975362494,577.5200399514134,414.57739603525135,587.2091247171782,558.2723412776706,647.6913554340255,568.6169144575642,0.0,518.6030623595759,582.1261137722191,574.4773880002112,482.7599227380904,394.3773369134984,536.8498360119405,383.9304085337019,443.99854881433066,585.0574513569946,604.0777539201426,406.3581380897309,549.5351346773327,419.1799036286234,583.1121365525271,587.6750589849913,570.4285261106158,574.7360723657287,585.5729036159091,585.4046115733711,585.9071209566989,572.2410011634115,576.4654795378622,624.8669856119915,577.7719164762372,532.5841841916337,595.4719162418327,603.7746036175078,526.1043068028146,460.7928297892796,544.1171390511554,548.3269224390305,499.59712361217197,456.5021227405603,601.0572026275529,638.7546388379982,527.5890772683274,519.9484175962087,545.7206621813095,546.3094784602597,483.2504698882415,442.5341251358683,598.6407601105071,670.8245796196353,568.1434386464001,584.9815875674065,554.0449631060151,650.6332853236414,508.66622798505296,588.9377173888105
1610556911.51zU3duZSGpcw1BDNsBLxdOCITAXwl6z3i,408.3583008518965,540.4824728357638,399.1011077556175,501.1175264117103,456.9434627675587,528.5819376547473,494.80918118741636,413.3946097388979,444.9167439107958,475.2168255567091,597.6282758567156,455.765857323793,513.2722884661513,447.31978725734825,591.3378809944975,378.30170931900705,664.7152172466327,578.9218300558887,518.6030623595759,0.0,488.5503034155043,615.7712833789332,464.2584672777011,413.70585132538173,546.5627301439216,577.3260351610579,423.7047616780761,492.6575353350047,486.28096366161077,494.8159831063001,470.2109084627045,514.7403414095116,469.8039055366322,438.9775117265157,432.8689680898645,476.9860511651757,437.7315155989247,437.28275294706856,565.9489502600085,611.6870117967613,464.3188774122461,583.3986943855799,557.3340279994926,496.44056412730174,538.438312143188,605.2656376405976,519.2946157477743,450.09092182427213,462.4265575079463,545.963965185714,426.8549570445091,500.4183803632765,573.2067120940909,617.9661420115509,397.9880091036486,532.0698423051291,523.4561424748042,387.0730986393867,425.5369845913984,562.9747726298092,619.1017483022449,655.089454675522,402.5018651081591,660.2145151085308,418.93374175484547,662.0264701960132,510.23260943650644,588.8543688747624
1610555988.71dMoYT8250UHHJGxgmITTmbHe7V6gH1yU,573.7732293677956,643.5715349194893,581.4479816914102,568.1507201788083,606.2038972445216,585.815673413625,652.158913124148,571.9307284676007,554.0969823088558,639.4525124859063,584.3814291542645,367.51957011206605,671.5517348467927,592.5271770696901,608.9378240160372,525.3659870506546,611.2285983166673,571.7783427218618,582.1261137722191,488.5503034155043,0.0,514.8260852813894,616.2457811718068,575.7714730208862,611.2392911910691,588.8851747473935,584.1267169009634,517.4768170761951,585.9747513920013,645.5842092801206,613.6077141347617,622.8952666995342,637.7680634084566,595.2726337801712,479.4573560052046,492.1725508790687,585.3728930934661,589.1848242078324,618.0825513816254,648.0801102999753,586.2491115691282,508.9939269798767,601.0226217876652,530.762156682689,599.8611721548925,617.3630300618506,584.4241759235226,563.2529180264185,616.3157473092951,575.2010515388549,457.9273889123817,580.5896342590496,649.0536993044453,629.6202774854011,578.870791701443,609.094480351101,580.0995801041342,486.1522514262996,526.4125568987703,623.6294194469591,599.8998037374482,650.5309241272083,539.2899664943078,619.9485813757558,563.2635561146976,614.6341758662929,565.4582386186524,594.6535365414757
1610556042.81mlUZsSp7gbGjrp8jQSnybT1gPy6e62o1,640.2448699441766,598.8636413510472,652.8662308599903,594.1922340461043,637.389341651993,593.2232428793639,641.072975232765,644.0101161862567,627.0513191891529,698.940887188908,551.0281961858132,459.3472675902335,701.2712746394853,640.668603464291,625.5046274745322,647.9397399147084,553.7600141663814,523.4259430157853,574.4773880002112,615.7712833789332,514.8260852813894,0.0,600.8161262304278,642.9198565905198,618.2408186803707,587.6441342528716,643.9993940815491,573.4121809028545,629.649287412155,586.4535027973218,705.9712082030613,536.7738512837929,699.7127095548649,661.81804261906,612.9120006582529,594.391819136461,674.8257670987771,650.1422843872917,616.5143718691121,667.9697877500702,671.6766476761718,540.5279545053103,666.2833946215685,587.9411298423896,559.3819303058392,570.5451173387796,655.1250360299383,615.0424512657914,650.7949234477047,593.2218140204697,547.7756278020257,624.7220486089001,705.4198068282246,623.249871367048,685.2019224394037,606.6852231219611,575.9937204622913,609.6011682959015,594.4511951830993,526.201395420064,549.8014575474144,633.5303758497569,617.333455094834,556.1864858922409,631.6533958561778,554.4159594780643,598.191225622209,560.6762948747947
1610555637.02UBW5nKvDyUrKnaWcYRGajZPxTRDS0q3N,411.3773414084967,536.7016422073449,404.5026800110592,545.1667066453701,394.68704382033246,484.63980671460905,434.29872573158895,419.6702523038945,447.9859735036367,444.0524880819059,598.3068962201754,586.3381435818407,531.3071552125986,449.73746929858845,605.4945138890276,501.1171762322334,652.0831288150974,591.6580640070106,482.7599227380904,464.2584672777011,616.2457811718068,600.8161262304278,0.0,411.7214918118911,446.4714070091478,533.4727274613355,352.66140700267385,597.4851316155134,555.7151061879472,335.81327329775047,466.8872347286617,365.123434358425,501.17818072179057,527.8298196418492,544.0668956071833,562.1584893752691,514.2022887518049,483.7254419499065,526.1837551566973,607.3473382399343,528.8974188442194,647.6753574980298,558.3195090338922,575.8490944102408,578.7958287858818,582.2246649824306,491.8539117417319,483.58648645704716,403.12172670909194,492.0569312197138,521.6109260561408,447.35990454348286,574.891563254993,621.8967460097375,449.94054927992397,364.2092486533522,528.7299602894414,502.38471980071745,505.9335284112055,422.50484908526306,606.5397258675387,663.9740795416136,465.1351260779208,615.0524350952327,444.0977923405572,661.6748788741701,506.3507602587677,608.8726215920666
1610555619.13oUYNikU4facCTpUSiSLr0vPI0tJLnXiT,120.43771296862522,558.333617156909,165.1135481556363,502.8242686080865,382.964618081814,456.3099516711206,357.5384679206246,142.5952862531062,291.1710409280481,427.36604742147944,620.2396521418626,524.7686055436258,512.8191400320807,243.00957748147002,560.099437122709,464.02394657428346,689.6601889267624,587.5785590478436,394.3773369134984,413.70585132538173,575.7714730208862,642.9198565905198,411.7214918118911,0.0,512.6642296564266,483.5852346571632,367.02561198233525,538.444433257961,533.9490359849185,392.77033074132186,447.8817555239957,449.15171304299776,486.8448942989759,497.96617271207316,510.43361103699795,522.5467481587077,494.4718371394242,485.9954250579899,556.1002461814556,530.6441524933547,504.4929286464411,629.9881958069607,515.8470432740329,499.77214798508163,595.2568499520738,623.1746461031275,494.6223090668058,428.7860170025822,437.19748563298464,534.7115135973183,417.9054325305008,429.1021479930566,551.1498435007748,632.5933651042664,416.8802764806983,482.8874253055011,514.2619812836192,469.2560827762456,409.1131990232196,492.64954719491675,620.1520706112682,682.4925980946074,468.70125643698685,632.1173419747404,450.33727858557984,671.8911471841185,493.7314294061066,598.6791460841649
1610555721.03nzkucfjAUh31zTbmCVvTVYqtjoxZFnBh,507.1724319527975,579.1992709617679,503.3897432262296,610.4861787852377,517.382348947737,509.6014310159099,552.0013270143334,512.2921270604045,531.5297470332648,541.5046169857831,585.8074293919443,602.8941927598487,611.1247860649239,527.7600349116051,622.8100063377155,565.3541112881239,614.663807433074,612.8826210232028,536.8498360119405,546.5627301439216,611.2392911910691,618.2408186803707,446.4714070091478,512.6642296564266,0.0,542.5802452210397,517.5900615868399,598.3060580247562,619.6556899452032,505.5167164802745,560.4730037424665,497.1078811428937,588.489753098645,581.3785087661388,572.6080635638808,611.7111641925834,569.4755750593254,548.3317615496871,520.1675904274869,594.2162213920518,609.7903875540584,615.5739111530169,579.6277796365472,612.3332590423611,597.1639702167778,545.8003781043733,547.3575860430277,494.93413452965206,492.3750527355887,552.735652085441,551.2552707931478,519.1864489518458,593.0650298050051,640.5090541246756,534.3565857493389,418.0090100366291,473.1744211513436,539.0302654238566,543.5578488094695,453.81502783137137,595.0347491225641,626.7838604564186,537.1040431474406,560.0313602718993,532.5394749785955,625.6984763020537,531.7995069775483,605.4835624023443
1610555722.67fhKURdXVzRbLIjXmjRwdJHTnE7PWb1AE,481.3049586411065,624.4119146225418,491.1638909104268,605.3335191023652,555.8911499903018,285.40216190264465,518.8306287857122,478.61388295107486,488.95611525173723,595.3802108154758,608.0021652065104,586.7594038628021,634.4526099161849,498.7098945702087,604.8481690518155,607.2716813327114,634.3713311175514,618.047767565799,383.9304085337019,577.3260351610579,588.8851747473935,587.6441342528716,533.4727274613355,483.5852346571632,542.5802452210397,0.0,521.0530062692543,599.0798877340501,613.8436822772205,478.1884262588663,601.835418808707,472.0629227304237,637.7686956649582,643.2851967821472,611.311912630372,569.6360506336454,627.6862577798586,635.3964706689643,590.534361804679,591.1427607933922,634.2471562252003,606.2089742136467,598.9470167069868,550.3473746637692,618.7431439136308,598.1264218489732,515.1964261828435,509.4817054513905,603.7727963386739,570.2170001765554,534.8763698095512,495.67197885518016,600.8688779070616,636.2965144687805,576.5455311278399,494.34876213536825,570.4296956147288,579.5486061562867,526.4923435343022,454.41296223286906,611.712470381087,652.591981222761,610.8102248003465,571.0663297487478,611.3516908382704,634.3563836570931,542.6312744979749,600.9511811385971
1610555638.39J2ZWBLuLTHP0jOlzB4tNHmYeijH5g5YJ,368.2470155760279,570.1911949309916,358.7514128969666,489.54343639980215,365.3469270840412,474.13600782805327,414.11054654268855,372.34955867645056,400.6498081686387,448.86014519876966,596.8713128779194,562.488037202675,533.3190525174438,420.746313151782,585.1221429863386,462.61573458894685,666.0997696008397,604.7125160901471,443.99854881433066,423.7047616780761,584.1267169009634,643.9993940815491,352.66140700267385,367.02561198233525,517.5900615868399,521.0530062692543,0.0,569.0024672932755,557.7220348283959,409.44110809700237,414.4730666603791,418.7267284465128,505.8190476327109,520.2109379673273,521.6923159433657,531.436177334966,494.39469942444305,504.57193683523246,567.4465516754357,561.305813091603,467.71498878728084,634.5825132059579,506.5662747312157,553.6887247665142,596.7065537463542,628.9002590719682,464.992051408662,454.4164089419564,455.8156202248968,420.3414517381332,478.52392485282985,402.19144071653164,572.1629275550498,654.5439768552078,430.32101686304577,472.3375265134053,540.6509775947463,469.5499077814466,467.605671485497,497.5673631030113,621.3149293326692,662.1834148066563,484.03585930456285,635.3342779659454,467.7047052540305,682.9323097571994,416.73851978113305,607.8094670835635
1610556032.17Q6yCDx9g7alRnL9jBFXD2JhhUyB2hKfJ,534.6333267000424,585.442569431881,533.4960198313252,528.8352215132043,573.6068728724839,595.6106347084753,572.7443787728624,535.5927839087769,550.5714889299861,600.6483233936746,578.7317672176838,500.80297637516344,632.4110210040627,567.0410644698806,651.5740431808664,507.1969158588002,623.2164529556629,600.2222779238267,585.0574513569946,492.6575353350047,517.4768170761951,573.4121809028545,597.4851316155134,538.444433257961,598.3060580247562,599.0798877340501,569.0024672932755,0.0,550.3592770028799,599.5340798995773,612.2966275517708,595.0422571314368,598.0120387777905,479.7044066618068,549.0306623533925,522.1055137840899,589.5288050411139,509.237421266924,573.0936497505949,606.0368611641147,610.2875548882366,518.1312070708406,594.5028385684611,482.20673130926684,605.4330085583484,593.0177059935016,596.6512112835228,571.2700438745377,582.711290828146,572.4116836090442,497.28482784415996,584.5702154037256,596.8916017726347,624.962376380554,569.9769294019808,616.1059245729617,573.9996758764952,473.2901511341711,484.0061105818414,616.1843912151559,578.0828524904423,662.5914913571681,506.37037607701353,601.266659911965,527.2775347891961,621.6227523328831,561.1861355305026,572.716681353217
1610557007.49MyVgDnuUuBxrvL6SGOdhKf69VYlW1MSm,531.7939763481994,534.9828963272638,524.9912922930511,524.2027973345906,570.0295510399744,604.3353407390696,556.2346189140201,533.3869060007917,569.2684177791086,545.0492191630915,570.3387156237204,530.8528840653472,549.8755295544729,567.984213002227,589.0449424709992,481.8551138228986,613.7482311826543,589.3753507655554,604.0777539201426,486.28096366161077,585.9747513920013,629.649287412155,555.7151061879472,533.9490359849185,619.6556899452032,613.8436822772205,557.7220348283959,550.3592770028799,0.0,549.5630372503471,558.2281072071698,580.7758186334698,531.6610145197955,495.39220388556606,515.5488108334223,497.94008073782317,547.0642523639287,454.4243886021578,587.035078462406,666.1942015515707,490.4960177051673,600.6825078254509,600.4695394743754,526.6112690787214,578.0718128031795,574.5827944934066,606.810300703698,591.308585858716,544.773578425945,605.8665479784862,517.8574983135998,585.6261912784064,626.0259162440939,555.4262217797966,501.33469407559227,580.5107196667456,614.205603918782,509.7788758277971,540.279159111566,606.4523989304666,632.8770636604658,623.7305831843628,398.2850209581136,675.9993467365667,452.0909949981768,591.9293471291409,598.5089365464423,637.3139002388251
