,1610555604.25mOvVXuL01OCiReyVWBfesjuvXmB3MoPy,1610555605.43B6oDsBtWRQ29Q9UMQuTUEPZy3FSSWXzc,1610555610.92HPGJJSmyPM40z7otPBgHalNrHFA7zk5d,1610555606.68LaSQbm9EHAFycEfFtEqAwYqlBsQPjIRW,1610555617.19EKxMEwDHfXiEJZc27TsGoERaD6Da4BZU,1610555722.52PJ3FD50MGhRXyUD28vluU8Z9UjLJLZn4,1610555617.52Ijr5puT55g9apK8auM7zaxa3NANg502t,1610555638.77ZLjTLkz4jYJdFMI2wWBztzsDILkoOtAk,1610556912.46C7tJPLF0XfNnm8f1820X9aLmXMHoc0Dw,1610555617.51LjzIROg0aeCP2GhDcAVQ0LipKJB9jmKc,1610555608.17OpjjHobqRkX0UPcaXrbu7K6L3805SZri,1610555721.82zWeNZfGUUfRJkgnAwlP8VMhPzXctnSd4,1610555735.75bom85BDF0C7W2eIseHeMxi24qR68nzMi,1610555735.77NnT5xqKnwcf2BbjIekeb2arTQj6QMNwk,1610555638.33wjf1PhdNaoWfbRzXVn50hmFyB5bYAiLV,1610555606.65jCE4ig8Pu8kvAzkxnSGfWsV0nQBjCf8H,1610555608.18ONsBCVo1i7BrX0XG9stct4oiA6ejX9Oz,1610555721.51RNoQUMP19FTMS79BmA3JkgSm2IC2AQuQ,1610555971.86O0cHB2ibBJ8jxoObg01EpGe8VVV5mpwn,1610556911.51zU3duZSGpcw1BDNsBLxdOCITAXwl6z3i,1610555988.71dMoYT8250UHHJGxgmITTmbHe7V6gH1yU,1610556042.81mlUZsSp7gbGjrp8jQSnybT1gPy6e62o1,1610555637.02UBW5nKvDyUrKnaWcYRGajZPxTRDS0q3N,1610555619.13oUYNikU4facCTpUSiSLr0vPI0tJLnXiT,1610555721.03nzkucfjAUh31zTbmCVvTVYqtjoxZFnBh,1610555722.67fhKURdXVzRbLIjXmjRwdJHTnE7PWb1AE,1610555638.39J2ZWBLuLTHP0jOlzB4tNHmYeijH5g5YJ,1610556032.17Q6yCDx9g7alRnL9jBFXD2JhhUyB2hKfJ,1610557007.49MyVgDnuUuBxrvL6SGOdhKf69VYlW1MSm,1610555638.44hjT5hbYdKoE3MB6hijrjqbjmLgvCUYKD,1610555608.13zUvmFSCRt6SsLbhqFznMEvGx54GPGQzM,1610556038.62a5C4ynd1AARyAhTv8a58NCqHvXRjscqH,1610555644.45Xse8u7pusHNsd7F3d0A32HXvXr6weOJE,1610556038.62gKXOCG7XCn55eJvyl5voNjbwOW0znQDq,1610555987.13v0oleKK97pkesp6oMgprH8SoSdoDVdIO,1610556964.96ZLLeiQW0qpmxhPGTg7K03fmzkqsC2bjC,1610555987.13VQlEedQ50VvkPMEMzZDv3KNnQCewykN9,1610555982.186TY6MMGkDecIN1woW6vsfAMXVV7jnyjO,1610555982.673LuMndkwkvdmZOn0MmE2Pkidx0FtNalb,1610555733.38zItcuH7gHNfKdALR2d9Nek6bxCyw36Vm,1610556034.15BQxSbZINGCay0yp6RBVlgcPrw76Yn9ON,1610555639.37BPZpgtGml8qUsh9AdV4m32jPLfI2aNFq,1610556965.57S0adAalhWYe6K3bkZU0bRHbqnDK8gGkR,1610555983.54zteLPCMjyrjzPdhHhlZr3faCgD0TfYr3,1610555987.79rHnNRmt9a0ufmnwCvZqBouyUoZDNpylW,1610556960.041xWER61rmArlsKfiMl4frikWmUCnQ7op,1610556035.13a7NHZDutfTMJ88qle1gTYY59Dr4WmMsj,1610556890.456ZBDaY16bMtrTZTqAgHl3wq1tRxzqDow,1610555760.24e6890pkbyZ97Or6croI1rQgjkSsR0yVt,1610556043.02YpWMIJg3W004iqlPyv8OcVAZdSC5rNYw,1610555987.03z05P26TLtONYM1HSzupoc2CeNMa6HTqr,1610556032.15OYCzUxpsz7b10AXBAuDXrvEcvxFhf0M7,1610556032.63Z80yI9pNwS3jSmsDABbuhf8wkNa2Ze9y,1610555736.28eGuESasTXdR3SqY6pHhEXWZtcdciYLCO,1610556034.61bebeZA0MkaFG2sm3VKiqrxeqQginTTW0,1610556944.5XwXOphKYT3ZkWA8gViqOS97VHVuMVUqb,1610556944.745UVLFBzf7fPh4UH37I6tYQOFPqRDytEh,1610556034.63XsUwaFaPZevO1JNFjfhvY4aKNFnV4noV,1610556964.89xwBHw9faT1HjQRMNQEyA4qJ3hWkwgj3k,1610556966.74DydzH91jtyvRyYau47JpVkZoMRSNTt01,1610555740.77UueVziDbaXyRR4OcVJIIZyzOfAzN51bj,1610556046.84e3vwjyRCzqz0wJQhrk8zsxlFfFSv98Df,1610556137.99eoPuVrDThKAOvmeprLPb2FWRqIhzUodc,1610555740.73XFwSrmTXJPlaxGZSefh0jOVA8PI3III1,1610556123.88AOfNaz9jSnqU5Czc7okOv1RCrYfKFBTo,1610556046.85nB7NvyoYQeLcOV391Lmmut1wAM8CFGLw,1610556123.89H4pdIAzDthI7bMXMhlIhKUYIQIvtmPPQ,1610555740.87GOYQUJKpkynIS2lFqppYK4b32ol7NeGh
1610555604.25mOvVXuL01OCiReyVWBfesjuvXmB3MoPy,0.0,1663.48324183433,464.5371203382138,1594.3285400750062,1005.8798027624855,1403.3908445782906,912.1738451290295,525.2388956508547,825.9247741204038,1520.830569857294,1811.4204457575904,1670.1590920794883,1660.750643128508,739.6412841965124,1633.9010331264626,1574.9784873693918,1950.9621124897242,1745.8847915413303,1130.3847465410754,1520.9589732499633,1767.5021525603345,1792.457377007038,1309.1492697418225,526.0902935175536,1563.6517552066139,1422.717077957605,1208.2341872226668,1699.4016569006194,1682.1719523641784,1152.4568059404492,1514.9199194331147,1229.0767399437743,1645.146219474396,1701.672365032439,1654.6656904184103,1656.2878267067315,1646.2877347169576,1650.4054279639538,1705.108345084672,1681.7634867808492,1630.710129436571,1834.8413675020734,1626.6720256621393,1577.2776968638495,1744.425122839196,1799.2612128917315,1670.3585914981877,1430.3289465005416,1498.2664757937994,1638.7995382338243,1508.2317768287553,1354.3396947367119,1710.2511633534084,1831.8227817354457,1482.5094346824333,1437.602102396835,1522.1064294341263,1659.4746266839156,1453.51280483998,1373.4682686744763,1801.0365299300584,1912.3561974701697,1641.0768379383521,1781.337769137886,1510.2698475519949,1911.7605816673251,1549.6437398289233,1721.3733877928344
1610555605.43B6oDsBtWRQ29Q9UMQuTUEPZy3FSSWXzc,1663.48324183433,0.0,1695.2427953974918,1168.954106440685,1665.886460856029,1568.5289830733986,1602.6799069880185,1714.579446052302,1739.0396579174683,1609.8401349726678,1280.181658844549,1449.6804868588529,1460.1980888701833,1726.1160239914034,1442.7379858054164,1507.8243228494541,1386.4758854276288,812.7227842702488,1595.3681735472876,1610.0187022978023,1570.1332354416456,1348.9586192230722,1522.7343998977476,1709.516964859434,1504.2291622822418,1648.7452923792932,1680.6066457528577,1525.323553141901,1296.2643392957025,1442.141944062243,1632.6747321424386,1540.3632497837152,1532.5631514434924,1363.064051987828,1540.0232348963714,1544.3495172426378,1628.2952601874783,1295.5883130560242,1113.4387320296494,1733.0596504956054,1394.5925800856378,1440.4654610017699,1647.4073602502885,1327.3245651331076,1019.970784861144,888.1257386314168,1675.5365990137889,1680.7370343299053,1495.6414724080246,1561.5912987727168,1534.876792927324,1710.2663015668184,1583.4017470632361,1278.4503315019804,1551.8711322885104,1570.7433006110884,1493.334858111734,1527.6884196295496,1571.0985074451453,1482.1915618715673,1342.786546622323,1343.048589216544,1330.5366460512496,1460.56686613125,1424.0887942965462,1397.3264671440418,1584.311904165719,1349.8807898260445
1610555610.92HPGJJSmyPM40z7otPBgHalNrHFA7zk5d,464.5371203382138,1695.2427953974918,0.0,1568.3430851702435,979.9224883837342,1370.2866651777945,828.537862610206,453.56555601053725,796.6457373793767,1573.775065891825,1764.5310216979453,1614.4675562949462,1708.8980053823273,613.1434405213134,1590.6312191261145,1558.4813468021975,1901.5211071174904,1725.6583909597555,1094.626742218279,1507.7244774394842,1715.9907039865986,1739.9470887718753,1310.2129318302186,486.71625195728984,1538.5488585771682,1379.071338429346,1191.744820256223,1643.8317376116775,1660.355535688367,1126.4616512337682,1525.1577414835674,1220.310426439642,1691.7457161933162,1704.3342024999827,1627.3869693517183,1603.7039235356217,1617.3245829569591,1669.7420967293156,1713.2213421123386,1649.0276996473328,1583.812058936926,1775.2194338885847,1593.080852124779,1545.8109806044324,1718.3198278174218,1777.8182510884262,1650.052109925724,1396.2209300338661,1537.872415757739,1601.370623481636,1471.104724393424,1305.1783630809332,1702.4263732154125,1818.263775929675,1467.6524379846314,1409.571722168463,1458.7281248061438,1658.7912705048695,1413.2069599144909,1330.5353218099096,1761.057395115251,1866.1077699478722,1653.400781306456,1725.6602606945737,1530.3827545718636,1867.2687245276593,1516.2264361178202,1671.3666351221264
1610555606.68LaSQbm9EHAFycEfFtEqAwYqlBsQPjIRW,1594.3285400750062,1168.954106440685,1568.3430851702435,0.0,1538.737577091187,1565.3725871090614,1508.0659657256815,1572.7695019391417,1626.357851699986,1699.9762429497875,1076.6069683507874,1174.5627788954002,1672.1407794631562,1599.2395310453787,1344.4134937816857,1322.5674181703027,1297.4323016338149,1195.997525584696,1468.8949104932976,1429.2156844487681,1301.5199964790747,1299.179777128262,1545.434460453674,1564.5197716167859,1550.2901840522757,1603.7484680302355,1477.482207621602,1288.4665447280843,1309.3155795940072,1436.08483206124,1506.3723533901923,1494.3505472415889,1685.6505834869542,1453.6660628850686,1288.5904623801994,1191.9247566107013,1413.54636507721,1426.2987821064924,1188.1132059785878,1571.7666814364784,1093.0045011541552,1194.0906157813915,1402.6548652171084,1115.7610165029857,1211.773688291873,1318.5567147552786,1645.4745897786001,1553.225042269022,1582.3052369384202,1463.0712073870661,1316.4726030396255,1551.2906578926063,1543.9685725943966,1317.5318004764054,1359.5531307315287,1592.7971849274238,1432.4458638030144,1371.0365063071483,1406.7147600495705,1506.3975374486197,1350.568968932926,1382.6695341647621,1337.556498373831,1407.3795780121773,1393.581895468708,1453.982288007591,1367.8737151215428,1324.147655881664
1610555617.19EKxMEwDHfXiEJZc27TsGoERaD6Da4BZU,1005.8798027624855,1665.886460856029,979.9224883837342,1538.737577091187,0.0,1439.689197114229,814.3983091468364,994.2542226240358,930.8450216472776,1636.018021978965,1672.6240589532463,1651.4357491432636,1770.3840993601775,986.0938114573578,1566.9761901277259,1561.6558831378466,1806.8360985433665,1678.7251649903499,1229.8040715404506,1590.155394739643,1716.5564688908935,1659.9825813334462,948.6393125473884,990.2378490786859,1475.3738934748624,1442.3681115404731,938.1097511380517,1675.004861141522,1667.606772064097,971.1701703220814,1471.1424313213513,989.6517698627275,1754.3550725665216,1688.4846169386124,1628.1414316823682,1591.361510245078,1620.9235856021414,1622.8272898364694,1674.8088561390955,1733.9959886277293,1526.966070358146,1743.5667009506933,1579.63032800128,1604.1899231482857,1672.5138684178492,1746.9624608419592,1589.863533658898,1428.2033317749617,1538.1610804921631,1427.7387796198443,1583.4225778185246,1297.105547010839,1700.4977797968966,1742.4858030347823,1479.5512644526104,1227.9834309594492,1451.1486119485312,1713.2716456725389,1518.2617833431445,1250.5956323442294,1678.3894928001305,1795.3463674518669,1596.3897506548008,1639.9432455741776,1483.4387815089037,1808.8204668810574,1544.8853802622623,1607.8061921541293
1610555722.52PJ3FD50MGhRXyUD28vluU8Z9UjLJLZn4,1403.3908445782906,1568.5289830733986,1370.2866651777945,1565.3725871090614,1439.689197114229,0.0,1328.6613485832393,1374.4247484432835,1340.1274487177784,1780.1429386142634,1561.5736072130733,1536.5793758580182,1774.7872548773053,1368.0366768447604,1556.5840728191483,1685.6643464484982,1658.6587329413514,1531.3929506270672,847.829063144699,1743.994768326467,1558.4972799171653,1494.8907554268121,1366.33886650619,1372.0891245171047,1389.5778516779217,537.5397840236959,1404.201798540699,1531.338819353927,1656.1311277210948,1189.0857320533205,1697.814949832372,1170.7999639628222,1831.4852879052664,1737.2191228824197,1667.1381552862877,1552.9766567091,1733.9705572987882,1773.8223027960573,1552.8717161516454,1603.8816279659204,1647.937545644991,1569.635067601508,1632.6817449461792,1444.5240854215194,1553.6129893164161,1462.1691094235978,1404.816082611425,1368.3533671643447,1795.2069174229885,1454.6489345557561,1507.7353592353318,1313.0106149790859,1557.2263450585351,1614.936261220315,1647.0007197999437,1249.6576681990696,1493.1959828932615,1590.5143903386725,1472.3162380442516,1092.145754702104,1495.185815473899,1605.526705186736,1745.2080901804932,1429.823382371963,1779.843885710403,1627.0587079775196,1489.7683288020526,1469.8407196281184
1610555617.52Ijr5puT55g9apK8auM7zaxa3NANg502t,912.1738451290295,1602.6799069880185,828.537862610206,1508.0659657256815,814.3983091468364,1328.6613485832393,0.0,866.9188184812825,1037.5690792347682,1676.410243764345,1631.8064298646725,1667.6134619897696,1769.9536448597598,832.1903432219951,1560.3316925701563,1625.0046760206726,1763.2902498908486,1658.0822702572257,1108.1976845404029,1679.8163032734321,1778.3411935255622,1618.3887408793514,1178.5154099003755,858.6975363681352,1485.2831693217743,1301.0871476654183,1204.4625730661785,1667.3197892940154,1603.3162632699507,746.7478064982638,1555.2278751991582,911.8029354411306,1784.0163503550066,1718.7856224203656,1671.8168239178253,1571.1813992056473,1709.4342399910697,1667.4296692418045,1604.9765179306612,1686.6713536994303,1597.9651338706758,1713.1008903389327,1616.7967234246025,1544.7923675174752,1627.0073084077926,1678.953881045995,1710.8516045181925,1413.7347403943945,1582.900016261317,1543.3287514585875,1594.2368948215303,1322.5353033499014,1652.0368738649363,1676.0191389418967,1558.2584533455583,1278.923644068332,1414.3178557107585,1783.4704662451343,1522.311082468939,1136.0378341753799,1661.3299705767186,1740.2699222810043,1646.0336250227358,1580.7980099228184,1547.5662616995842,1759.7733567523187,1499.9831053489213,1586.6686316654516
1610555638.77ZLjTLkz4jYJdFMI2wWBztzsDILkoOtAk,525.2388956508547,1714.579446052302,453.56555601053725,1572.7695019391417,994.2542226240358,1374.4247484432835,866.9188184812825,0.0,786.5607161320462,1591.5858830124032,1774.1170188281008,1608.8392615722728,1728.7660480014545,514.904549330682,1588.4943592897941,1571.372379108687,1907.6003744386915,1727.350027184677,1094.7152128020257,1527.0375379619122,1705.7132292176439,1734.7165116759047,1328.9422929243124,401.9203633080021,1550.074643209992,1375.585567745633,1206.8477015507497,1640.2574654106131,1669.3630443038096,1151.265308724336,1537.7168608799918,1233.0451168359036,1710.1851087965658,1717.4751502189808,1624.8612250559906,1595.273702664745,1632.5587456807623,1677.6092071764435,1730.892476005422,1643.6880354940386,1586.0300471834287,1761.6646659998803,1585.108005920863,1529.4901532728954,1736.1678928796234,1786.0162984050758,1648.486163362181,1402.216088618957,1554.9089893672624,1622.5141068658731,1457.6018699772908,1308.7749146586552,1715.1555282014124,1827.923112563979,1484.6084973301377,1424.648797529248,1465.2676762750789,1660.4807463613054,1398.7988782219866,1335.4774658772048,1751.6842584245644,1880.0352216840513,1665.5996031781506,1719.7101902653678,1543.8347500523003,1855.6758281653583,1541.4500227412016,1666.5493667582825
1610556912.46C7tJPLF0XfNnm8f1820X9aLmXMHoc0Dw,825.9247741204038,1739.0396579174683,796.6457373793767,1626.357851699986,930.8450216472776,1340.1274487177784,1037.5690792347682,786.5607161320462,0.0,1672.2475599446752,1754.770514472153,1579.2994280729806,1782.573061214044,825.053534663263,1523.1109679672597,1620.3519202863117,1866.3732535538986,1687.9844721455966,1062.7777162589994,1573.1928493904302,1611.7900721700373,1660.8118027410815,1318.0166955926647,756.4999100826659,1533.9917936733884,1317.8342321408848,1205.285913271516,1576.5943275195048,1706.846418761092,1230.7751780236779,1617.4965307233188,1231.0651205160598,1772.9800983007922,1744.4527840702926,1625.704864659538,1577.7984479319946,1630.2245138636993,1724.391993785702,1762.8503618208613,1678.665145661123,1589.0486302202175,1703.1625225640419,1543.6442514919454,1548.9672863325777,1702.923927832951,1737.9060379473158,1546.5339351001608,1424.449332317776,1653.3542876600113,1550.211425647239,1447.6132051768318,1311.3037111045824,1748.580706520318,1827.1582026856054,1562.8146691261732,1391.1936627625114,1469.1041198835605,1620.6989304390515,1406.692986226838,1306.8170595767795,1680.977058086343,1856.7090719542045,1711.9234294214389,1664.72559343325,1624.1448748071948,1786.4520170519008,1612.5547904495832,1616.131475855616
1610555617.51LjzIROg0aeCP2GhDcAVQ0LipKJB9jmKc,1520.830569857294,1609.8401349726678,1573.775065891825,1699.9762429497875,1636.018021978965,1780.1429386142634,1676.410243764345,1591.5858830124032,1672.2475599446752,0.0,1953.6759158020702,1803.7023174187782,961.5050769097182,1677.3389242066562,1848.7530047512023,1611.164732583977,2082.1566090665465,1822.5060644912571,1788.0393351094017,1584.3908351806047,1900.3310616486865,2047.9450409524402,1606.8216394135043,1590.7760955779859,1664.5031717730865,1856.3719623129207,1594.394682692585,1859.382561456894,1676.7307204270626,1681.879470217998,1487.1053707805454,1786.7445188691322,761.9491709445243,1600.504389432402,1729.5068775013492,1862.5815647685984,1649.2484423581907,1538.9722113948667,1560.1116206326767,1677.3997584473934,1712.7922013078353,2008.6728515311947,1752.7103190959658,1787.2956321864278,1837.5890118718428,1836.4173574338583,1709.8242767425747,1621.5900586541798,891.7035641921217,1775.405095672126,1663.4967112944964,1688.4354991165735,1582.9560463558769,1928.1392609775198,1512.0763750245812,1742.0396130165643,1798.0261164115677,1646.8980363936103,1638.4528199802662,1806.804355435848,1951.3490963209413,1995.106388651226,1484.539810322838,2016.4443820029594,1292.733465057896,2087.27993576123,1721.9529733227698,1888.1939990127944
1610555608.17OpjjHobqRkX0UPcaXrbu7K6L3805SZri,1811.4204457575904,1280.181658844549,1764.5310216979453,1076.6069683507874,1672.6240589532463,1561.5736072130733,1631.8064298646725,1774.1170188281008,1754.770514472153,1953.6759158020702,0.0,1288.0910171932555,1858.4932947837021,1745.1721862632087,1280.7919305579685,1445.2483377163678,767.1796688399219,1210.8039725705626,1536.555576358148,1706.9039805768248,1311.8016136057836,1132.5333282448937,1590.2914262092213,1770.4243862426283,1430.795558800667,1559.4005745960296,1661.6442835412665,1322.47145958573,1328.5575969291388,1506.2728220438185,1719.785367159444,1466.1493511249773,1910.063525194085,1588.8890292353512,1401.2766984697066,1225.5167339122133,1552.4049462047612,1572.7305987876505,1293.112588189722,1643.096177301107,1276.3045733324902,1048.881440199952,1436.2905096387992,1312.5377353742954,1165.5166795965697,1118.9125905715055,1683.3309906428528,1641.288675923243,1797.9797341901126,1391.0220408905172,1504.4333134325823,1650.2309977855334,1575.0691525745592,1231.3234658423353,1602.5316443313598,1485.2509204478508,1320.2417937310101,1510.3238740161862,1599.644811672825,1414.9128491550239,1222.560311716862,1154.4295630422127,1489.6308941914544,1202.8616181440993,1623.4661988647188,1170.0676518082544,1415.9287344744494,1253.9448389175825
1610555721.82zWeNZfGUUfRJkgnAwlP8VMhPzXctnSd4,1670.1590920794883,1449.6804868588529,1614.4675562949462,1174.5627788954002,1651.4357491432636,1536.5793758580182,1667.6134619897696,1608.8392615722728,1579.2994280729806,1803.7023174187782,1288.0910171932555,0.0,1791.0485025387104,1626.607093192377,1408.3623771621424,1234.1626831792541,1404.9005667669217,1230.760956341109,1528.600932633802,1299.2667444449235,705.4837878695608,1084.6636755552968,1621.1314731620519,1609.0224147634867,1482.5987467047835,1555.4162796942992,1619.2353146117648,991.5752936854504,1300.7428229680802,1622.1796460974106,1659.4278185736352,1620.6578069496607,1762.122537460574,1410.9807453932058,1124.2756387433626,1062.5048448464631,1392.0718001244347,1425.681161776818,1387.677417814789,1566.5773117056194,1245.6616823397892,1071.1109349341084,1446.5078209352084,1064.9211178027892,1355.1209846439538,1381.4453370001447,1458.6087068138083,1441.1622092622604,1691.489321106797,1437.137109126115,907.182103122191,1473.8730369753687,1613.7376023295308,1417.4641023074298,1412.3949471180892,1535.8404199065542,1384.1476623115877,1127.294836352212,1135.006506234763,1501.6218649010757,1357.4735821861818,1458.023774716165,1318.8015453776195,1419.1519360527761,1449.319354556462,1397.769862864037,1409.184843773531,1321.8519456547267
1610555735.75bom85BDF0C7W2eIseHeMxi24qR68nzMi,1660.750643128508,1460.1980888701833,1708.8980053823273,1672.1407794631562,1770.3840993601775,1774.7872548773053,1769.9536448597598,1728.7660480014545,1782.573061214044,961.5050769097182,1858.4932947837021,1791.0485025387104,0.0,1791.20979801297,1748.55766125899,1639.1134115072837,1964.8171740500004,1669.822992010324,1805.339845824984,1620.0763552923397,1885.480337554236,1960.4755157762786,1727.1036006191232,1723.9577070377065,1757.9852676224314,1847.6554982919606,1716.2734603758236,1837.8333500055237,1588.998419194573,1742.0948410767783,1467.5934418629545,1827.6862486038383,577.4605986614847,1485.57356178734,1723.9539811865623,1852.9388463724772,1647.0452251224176,1457.931282133109,1576.6935726027166,1586.505590885959,1667.6456280751238,1937.0120520939363,1716.0398571160247,1727.2264096106526,1709.3375960561634,1698.9539341590942,1676.3456751603367,1736.6312530442337,1315.6888114593853,1775.137934692103,1719.478146669386,1770.9196962618169,1569.5087691607469,1782.213437309075,1558.146218579737,1799.8462997861313,1836.4163560596712,1699.411137232101,1691.1231970125268,1846.5955515044184,1856.6946114219704,1859.6495789547805,1468.0197235107803,1960.2484294647375,1501.7916717438459,1933.8901474611364,1732.975085219744,1806.8325053137285
1610555735.77NnT5xqKnwcf2BbjIekeb2arTQj6QMNwk,739.6412841965124,1726.1160239914034,613.1434405213134,1599.2395310453787,986.0938114573578,1368.0366768447604,832.1903432219951,514.904549330682,825.053534663263,1677.3389242066562,1745.1721862632087,1626.607093192377,1791.20979801297,0.0,1556.1770492155183,1630.9527923454884,1868.369980612601,1705.4933050873865,1093.804420215326,1598.216940013453,1717.8642165467604,1682.6374614488952,1345.4145333557615,634.6365929317641,1540.1858350486807,1353.2569803425442,1253.361244522946,1654.8465793636535,1706.1343440905812,1133.3740631663363,1603.8662436049685,1197.7481420913623,1787.9667010842986,1775.8426199530468,1666.6718377140803,1610.5768238218252,1673.6327326752753,1738.7826086568207,1749.6915349736107,1671.7064599788941,1616.4395698543674,1749.076198858097,1605.227790727755,1568.5855702860104,1712.577914909806,1761.4104405373303,1684.0147433527204,1434.51919015153,1623.56079926987,1621.3529711257263,1507.2407603700185,1315.6579067654684,1744.0388916974694,1832.783086845997,1562.7072104161305,1423.4943299503004,1427.829450883924,1719.2335180750015,1450.0193730310723,1287.842593384453,1722.8004471556703,1850.574772981835,1733.8915564687168,1675.9482739949337,1617.823511567032,1813.319007438712,1564.203010061045,1633.8223533808602
1610555638.33wjf1PhdNaoWfbRzXVn50hmFyB5bYAiLV,1633.9010331264626,1442.7379858054164,1590.6312191261145,1344.4134937816857,1566.9761901277259,1556.5840728191483,1560.3316925701563,1588.4943592897941,1523.1109679672597,1848.7530047512023,1280.7919305579685,1408.3623771621424,1748.55766125899,1556.1770492155183,0.0,1517.3014167586875,1391.496576083789,1358.4355415772259,1477.044227094433,1633.510517626456,1407.5844399826244,1315.8462036511903,1560.974392027944,1577.3870478345546,1502.3488620227097,1543.5398501436764,1531.6417968807361,1509.7968578671826,1322.2872499197558,1512.800403285314,1501.9697173523914,1487.1400904005288,1787.2974380861187,1715.5961640085495,1306.6013080566108,1321.451128757158,1374.1846188185593,1677.5750200727773,1512.9557986929822,1535.6012058836914,1113.8597144897712,1391.5493408621,1123.9868357085618,1378.5803171452624,1143.017710607024,1340.9842410315264,1549.4320421722189,1525.3877773651402,1801.3686354153963,1437.5066030436556,1442.9475470801046,1474.3438850193252,1836.5699897204863,1408.149944175724,1482.9128686199983,1501.800659152402,1257.8327732521211,1527.3052825159102,1556.5544774384946,1412.133807059807,1506.656500131484,1379.1718106026494,1585.2999279648202,1484.0514395824578,1702.4616377243933,1300.6857721379151,1483.1187644669862,1511.4018410023357
1610555606.65jCE4ig8Pu8kvAzkxnSGfWsV0nQBjCf8H,1574.9784873693918,1507.8243228494541,1558.4813468021975,1322.5674181703027,1561.6558831378466,1685.6643464484982,1625.0046760206726,1571.372379108687,1620.3519202863117,1611.164732583977,1445.2483377163678,1234.1626831792541,1639.1134115072837,1630.9527923454884,1517.3014167586875,0.0,1594.7617656959533,1564.7333250100166,1677.7033068788353,1132.1393698748236,1300.2106302975344,1593.3953775416321,1513.3703183742014,1568.623963824379,1534.336987740495,1753.5508232129735,1497.3553681075146,1311.6314224532628,1236.054225692153,1614.4258991169886,1318.6157369550203,1659.576515719332,1574.6537954811895,1086.2599482000196,924.9114278323545,1138.001760120559,1184.1131057696446,1040.347298252779,1506.2595227190568,1617.165154813757,1236.858071797034,1457.1629125398729,1476.2516984001138,1407.0038655445032,1457.5258229733258,1585.4740491200635,1513.7639147077507,1496.7215233522243,1491.1349274414133,1341.4097934949393,1223.1788480233758,1602.3948715540353,1480.286614450794,1515.3268576403418,1138.6949551534583,1565.368699121901,1534.8065622945446,1136.6596432289011,1308.1525055558182,1637.8446726997674,1515.2272176815143,1581.6210042704636,1045.6569020054042,1612.77337545546,1260.8471168591775,1592.6106373806454,1315.5707314645565,1466.234945347878
1610555608.18ONsBCVo1i7BrX0XG9stct4oiA6ejX9Oz,1950.9621124897242,1386.4758854276288,1901.5211071174904,1297.4323016338149,1806.8360985433665,1658.6587329413514,1763.2902498908486,1907.6003744386915,1866.3732535538986,2082.1566090665465,767.1796688399219,1404.9005667669217,1964.8171740500004,1868.369980612601,1391.496576083789,1594.7617656959533,0.0,1283.997669178796,1659.7610090279206,1856.9579012597424,1412.6136933807636,1184.890093511377,1709.2699398674608,1905.6258837538312,1498.9261633358271,1638.8455435380738,1807.9749730109286,1426.0100555307245,1435.3833705211885,1628.074913031494,1867.5895567144212,1565.600915425273,2026.3742893953474,1694.2199347438163,1521.7355179599847,1334.6682591459735,1681.7916276119765,1687.5006081475647,1380.9679459285712,1731.953908312955,1422.9257006840196,1144.6947560715766,1556.8581414783205,1424.7311971766997,1245.5796967343174,1197.5437028353767,1765.5272349948348,1744.328725051878,1909.3085219505872,1469.787686130504,1642.5152489892316,1757.587792969321,1655.2747876174246,1287.6436240161718,1758.1204380589547,1576.8064881276225,1386.0734665123925,1646.2922205901518,1732.539964543131,1498.9776479038894,1252.2443759975904,1168.881884621237,1599.1202960168903,1191.3088255482146,1742.9942539472866,1162.33101095858,1525.7721445824102,1301.4423456304398
1610555721.51RNoQUMP19FTMS79BmA3JkgSm2IC2AQuQ,1745.8847915413303,812.7227842702488,1725.6583909597555,1195.997525584696,1678.7251649903499,1531.3929506270672,1658.0822702572257,1727.350027184677,1687.9844721455966,1822.5060644912571,1210.8039725705626,1230.760956341109,1669.822992010324,1705.4933050873865,1358.4355415772259,1564.7333250100166,1283.997669178796,0.0,1538.4948039513354,1673.7794981855866,1337.1336029025604,1122.0440096146012,1598.8899821476648,1723.5663486667186,1526.955957242683,1580.8553814866548,1691.78746315484,1381.7234534478926,1398.1653048109795,1531.3220811368003,1715.7840658302077,1573.7439196064597,1730.6915653752833,1510.2442705063477,1535.5593742130914,1423.0052477479094,1662.596511824377,1491.2794396943534,1264.0979803493804,1695.1558297670515,1360.8290444563968,1265.5978955921325,1555.4474788809616,1258.1520161698327,1055.4438012742646,873.9804033615605,1583.3616991204149,1670.7968331704935,1720.8516998154316,1515.0893689301458,1428.1834769775535,1688.7704443646599,1648.4557126655193,1309.8641420426788,1652.550315322737,1575.933214670649,1430.5186089264591,1560.9260788856639,1483.5568201473625,1448.0698010877763,1219.7950304819233,1263.1317044035327,1467.6375144402857,1293.3816100508254,1587.3390675834373,1247.925354332496,1591.2292074598174,1234.3303919996665
1610555971.86O0cHB2ibBJ8jxoObg01EpGe8VVV5mpwn,1130.3847465410754,1595.3681735472876,1094.626742218279,1468.8949104932976,1229.8040715404506,847.829063144699,1108.1976845404029,1094.7152128020257,1062.7777162589994,1788.0393351094017,1536.555576358148,1528.600932633802,1805.339845824984,1093.804420215326,1477.044227094433,1677.7033068788353,1659.7610090279206,1538.4948039513354,0.0,1734.6657225448498,1595.0195927579614,1462.1283681084126,1368.6548950070292,1095.2115625296346,1440.5207865000825,927.3414266707114,1304.976416575954,1533.0080621565155,1660.801723916922,1084.3147500262096,1682.0483148444744,1075.2634130978145,1859.0828567093113,1772.5979404462905,1653.5327524625025,1548.8817210379198,1720.5510193540056,1785.2458137233957,1596.5602691932215,1529.7476471210252,1587.4043765005513,1564.066763223823,1555.203480611312,1414.3045875251541,1576.7197555158066,1558.4638020722352,1568.6661589609707,1354.778100642022,1761.2056238963937,1482.7845323800796,1490.5070073749578,1202.0158026153513,1650.3897638964895,1675.4428599435182,1647.4066805520172,1326.0712007039278,1454.0947149694123,1662.7258545537109,1450.1540963156056,1096.5184892236975,1512.5777753599002,1660.291525685938,1773.8894724480049,1455.7328765279274,1726.0287159449736,1626.4836925422906,1430.203223555358,1472.6309322249251
1610556911.51zU3duZSGpcw1BDNsBLxdOCITAXwl6z3i,1520.9589732499633,1610.0187022978023,1507.7244774394842,1429.2156844487681,1590.155394739643,1743.994768326467,1679.8163032734321,1527.0375379619122,1573.1928493904302,1584.3908351806047,1706.9039805768248,1299.2667444449235,1620.0763552923397,1598.216940013453,1633.510517626456,1132.1393698748236,1856.9579012597424,1673.7794981855866,1734.6657225448498,0.0,1357.4267112665855,1735.4619945023305,1580.2794647704036,1535.1852677357301,1664.6164841627442,1810.229441082508,1513.8667246349278,1447.5252880380974,1501.7259450780296,1707.1818657384526,1438.264561580769,1752.7010288213028,1544.0021974359124,1352.8141818655715,1222.8786858408407,1391.2039418901504,1166.4750949439933,1350.237328564472,1663.6562616624744,1783.7272208333743,1348.8144096460237,1652.3076047033737,1579.4717906784174,1434.9412047291578,1562.08857409361,1740.9705204288102,1537.4790329926502,1499.5403026824376,1549.111478838731,1643.5375941042253,1280.9098266345684,1636.6335065855988,1715.5975024253125,1707.5838003137123,1105.13964741834,1671.1448057280313,1593.6296242208273,1140.3323415043678,1345.6766326133552,1727.5847000431347,1764.2346168207634,1797.073230324288,1269.1979510460867,1855.7090827319373,1311.4215161670413,1861.8414462908747,1561.7114857821043,1705.2694087495004
1610555988.71dMoYT8250UHHJGxgmITTmbHe7V6gH1yU,1767.5021525603345,1570.1332354416456,1715.9907039865986,1301.5199964790747,1716.5564688908935,1558.4972799171653,1778.3411935255622,1705.7132292176439,1611.7900721700373,1900.3310616486865,1311.8016136057836,705.4837878695608,1885.480337554236,1717.8642165467604,1407.5844399826244,1300.2106302975344,1412.6136933807636,1337.1336029025604,1595.0195927579614,1357.4267112665855,0.0,1171.1219163402611,1660.8112835214222,1699.6124226899085,1491.2794533416245,1576.62080012581,1652.0046678145109,1027.5620821274172,1409.5677095806745,1721.4522240761432,1698.6447145758486,1681.6413829144692,1855.766222505873,1511.7120278976731,1138.6488187025207,1100.4259515846504,1407.1968865013046,1527.6230595750542,1480.0326699723294,1660.5116946408875,1268.7834867405938,1091.4102620581143,1427.434640323987,1184.8397044144233,1383.383537336288,1394.4212002796357,1415.804214511543,1530.4938231821598,1794.8765063984952,1462.6378340952929,1055.9219830855714,1546.7886139133354,1649.3296629541871,1466.697468292769,1468.3491938488974,1542.8126473616624,1406.965464479298,1052.1708828013952,1260.6034693498889,1538.9530889539074,1355.6607877156866,1475.4723380534217,1430.7716763789167,1424.342858649721,1560.5117866971902,1422.0919754466984,1488.6871569344792,1337.0631110076754
1610556042.81mlUZsSp7gbGjrp8jQSnybT1gPy6e62o1,1792.457377007038,1348.9586192230722,1739.9470887718753,1299.179777128262,1659.9825813334462,1494.8907554268121,1618.3887408793514,1734.7165116759047,1660.8118027410815,2047.9450409524402,1132.5333282448937,1084.6636755552968,1960.4755157762786,1682.6374614488952,1315.8462036511903,1593.3953775416321,1184.890093511377,1122.0440096146012,1462.1283681084126,1735.4619945023305,1171.1219163402611,0.0,1564.5562425494895,1735.0862872355524,1449.8877016177041,1489.2579766480574,1716.2611452787248,1234.127308665565,1454.4537478364055,1445.7357468273724,1862.5400372274776,1388.2320612512863,2000.4346979333056,1666.2289510586613,1469.4200602655612,1282.4166590261948,1672.6028838302336,1649.8059922498305,1395.3346022156097,1688.159991191614,1457.0809122998487,1099.179778981832,1549.1082730935962,1315.134757206711,1182.0043042606096,1175.5928168865971,1629.598084767171,1602.8713453179782,1861.6145483306295,1450.8888579455672,1399.8697979721733,1602.917387476359,1704.1154690708786,1330.9845868686323,1747.7699607613906,1479.166861489687,1310.7112878143828,1491.6633776569838,1509.94025484453,1230.0502094321582,1126.840569377907,1293.8245547282409,1587.8801365004103,1160.6032928437564,1690.2643523792144,1125.690899006593,1511.882292151796,1157.6394309495013
1610555637.02UBW5nKvDyUrKnaWcYRGajZPxTRDS0q3N,1309.1492697418225,1522.7343998977476,1310.2129318302186,1545.434460453674,948.6393125473884,1366.33886650619,1178.5154099003755,1328.9422929243124,1318.0166955926647,1606.8216394135043,1590.2914262092213,1621.1314731620519,1727.1036006191232,1345.4145333557615,1560.974392027944,1513.3703183742014,1709.2699398674608,1598.8899821476648,1368.6548950070292,1580.2794647704036,1660.8112835214222,1564.5562425494895,0.0,1324.6315608284362,1252.085132723135,1422.2220746219693,950.0276725455018,1677.175106020386,1581.8466145550092,961.4078856998798,1378.6396813487177,985.0160471198916,1707.380732491226,1626.07008790508,1562.3823467528427,1547.433098855746,1545.4826554114152,1505.1007960797835,1495.8758197092845,1752.7148576333602,1502.08089853872,1689.8527680993213,1578.7858962034993,1648.55918168004,1542.2430502778766,1572.0802494807901,1450.996218727753,1366.2308638620962,1458.8618668932263,1345.143916114341,1622.6651739284791,1277.4222584548272,1650.3280272585512,1601.8897724824008,1407.792694402483,847.9124415534391,1418.8239210817621,1595.3273306240364,1576.9449052641728,1084.6332725077507,1603.2320942603108,1679.5107511736314,1465.6704219011974,1558.0144312678235,1397.928662955121,1707.3370795529577,1523.434611732533,1582.544449657801
1610555619.13oUYNikU4facCTpUSiSLr0vPI0tJLnXiT,526.0902935175536,1709.516964859434,486.71625195728984,1564.5197716167859,990.2378490786859,1372.0891245171047,858.6975363681352,401.9203633080021,756.4999100826659,1590.7760955779859,1770.4243862426283,1609.0224147634867,1723.9577070377065,634.6365929317641,1577.3870478345546,1568.623963824379,1905.6258837538312,1723.5663486667186,1095.2115625296346,1535.1852677357301,1699.6124226899085,1735.0862872355524,1324.6315608284362,0.0,1546.4627549200823,1376.0835999818416,1197.646190881652,1633.2545306452078,1664.2533623662641,1137.5209368641526,1529.8094038509678,1227.8015221548992,1707.1738339036845,1711.7815895560473,1612.133254018087,1586.3718183650599,1626.940149019261,1669.6438674702051,1724.756438695869,1635.5087225382265,1581.6853420433695,1755.3012742725327,1569.3764571689362,1533.7582750917948,1732.3929764382626,1780.2135015355157,1635.5314420105692,1395.172031667282,1550.6101541429248,1620.4256275512257,1454.0226679294235,1306.8735085671735,1708.0160272902563,1819.3511591608583,1480.3657592578932,1418.8826838278555,1463.2383573648463,1651.1081681959952,1396.9089318468095,1330.3292646256705,1741.481080679497,1876.4145023872065,1656.9755063231423,1712.5864623456605,1538.3355498131743,1849.6931308939427,1537.8192478655885,1662.3279058566475
1610555721.03nzkucfjAUh31zTbmCVvTVYqtjoxZFnBh,1563.6517552066139,1504.2291622822418,1538.5488585771682,1550.2901840522757,1475.3738934748624,1389.5778516779217,1485.2831693217743,1550.074643209992,1533.9917936733884,1664.5031717730865,1430.795558800667,1482.5987467047835,1757.9852676224314,1540.1858350486807,1502.3488620227097,1534.336987740495,1498.9261633358271,1526.955957242683,1440.5207865000825,1664.6164841627442,1491.2794533416245,1449.8877016177041,1252.085132723135,1546.4627549200823,0.0,1442.9390694113242,1504.307337255649,1456.8797062675685,1621.077740398268,1351.917917508685,1610.622472603065,1320.3605233827784,1744.0573996681117,1581.698691132952,1489.4576520818905,1501.4571156045158,1583.3687463072536,1521.609702033265,1215.2770819199595,1557.201800789815,1577.9881330512144,1485.9468474460186,1492.5632410908315,1568.0515600794392,1508.866751514699,1335.8108939476504,1522.324706865281,1227.5816390232494,1495.6188552901529,1480.4345268107515,1475.3928793053797,1437.8834835731575,1439.230378225238,1557.837199951875,1562.905578947649,1116.410966013221,1100.7142326758747,1481.556343892477,1461.5652901863584,1113.5785204236142,1360.332754746582,1471.7416564357775,1488.964284289962,1291.1948185124447,1426.6053004434018,1493.5454491251148,1415.3778479529678,1381.7332441410829
1610555722.67fhKURdXVzRbLIjXmjRwdJHTnE7PWb1AE,1422.717077957605,1648.7452923792932,1379.071338429346,1603.7484680302355,1442.3681115404731,537.5397840236959,1301.0871476654183,1375.585567745633,1317.8342321408848,1856.3719623129207,1559.4005745960296,1555.4162796942992,1847.6554982919606,1353.2569803425442,1543.5398501436764,1753.5508232129735,1638.8455435380738,1580.8553814866548,927.3414266707114,1810.229441082508,1576.62080012581,1489.2579766480574,1422.2220746219693,1376.0835999818416,1442.9390694113242,0.0,1446.5313942650407,1541.3305662627536,1670.8679919600156,1202.7284934364093,1773.1890689639395,1151.2401513255434,1902.6332823215596,1810.9734324746028,1724.0364854790923,1549.0291979696221,1784.8374631705246,1842.3022933784107,1590.5520302810212,1621.4943120905523,1673.1431633406476,1555.9181826779607,1622.100863993879,1463.2758314524951,1589.4160403564779,1516.8769453556674,1457.2118192275796,1410.039000769885,1865.8060824073991,1494.1796695489475,1541.1892311450829,1338.396370623975,1607.4887223373814,1634.7213264037323,1719.2200312880748,1261.1265590004118,1490.8893704519035,1670.0403866842519,1500.7703589452965,1092.8253691292368,1511.6533849912648,1627.3394865138932,1806.0413725528304,1429.182179633733,1847.5518747052506,1612.407520397044,1530.841636177121,1482.442390460227
1610555638.39J2ZWBLuLTHP0jOlzB4tNHmYeijH5g5YJ,1208.2341872226668,1680.6066457528577,1191.744820256223,1477.482207621602,938.1097511380517,1404.201798540699,1204.4625730661785,1206.8477015507497,1205.285913271516,1594.394682692585,1661.6442835412665,1619.2353146117648,1716.2734603758236,1253.361244522946,1531.6417968807361,1497.3553681075146,1807.9749730109286,1691.78746315484,1304.976416575954,1513.8667246349278,1652.0046678145109,1716.2611452787248,950.0276725455018,1197.646190881652,1504.307337255649,1446.5313942650407,0.0,1682.7694925144963,1672.3346531442628,1205.4676758473302,1270.501493477656,1219.9816868865278,1696.9104680383662,1716.2958038468223,1582.382962941228,1546.8172495108631,1494.8288282729823,1662.3472526374555,1681.6197584953898,1630.1564456845065,1384.5460250997617,1734.696862361897,1497.0566578529993,1647.7255566880378,1661.9014458171382,1748.268654870484,1465.9143585063453,1361.0850329657992,1563.45473681185,1265.3796711770135,1552.3167925937396,1151.2913829910885,1714.554162418166,1771.4599203015082,1350.9970862737885,1249.172657578628,1565.8252605180865,1562.9824938487923,1521.396496394929,1361.887932763804,1721.3603988190357,1783.5720958517588,1573.019027076556,1685.4451167114362,1523.8837332986784,1820.2319866994042,1368.660733816907,1684.9685371566577
1610556032.17Q6yCDx9g7alRnL9jBFXD2JhhUyB2hKfJ,1699.4016569006194,1525.323553141901,1643.8317376116775,1288.4665447280843,1675.004861141522,1531.338819353927,1667.3197892940154,1640.2574654106131,1576.5943275195048,1859.382561456894,1322.47145958573,991.5752936854504,1837.8333500055237,1654.8465793636535,1509.7968578671826,1311.6314224532628,1426.0100555307245,1381.7234534478926,1533.0080621565155,1447.5252880380974,1027.5620821274172,1234.127308665565,1677.175106020386,1633.2545306452078,1456.8797062675685,1541.3305662627536,1682.7694925144963,0.0,1421.5915256587266,1656.301727473702,1751.9448838134674,1619.930705035911,1823.1812812951391,1319.0761530999878,1319.7680637077942,1192.9493043919153,1497.6759195108195,1419.6210971409464,1440.679788010393,1553.8592676921908,1449.829816685801,1086.3128365172909,1459.235225258148,1119.042180421214,1420.9783178172418,1369.6071629054031,1493.2535412570776,1520.2293093568192,1759.5022690389383,1456.793539959851,1097.257694961885,1586.149853796145,1443.0621607458859,1467.71319272663,1557.911819534512,1576.3019763811774,1351.4794050087303,1191.7206215916606,1153.4353788074175,1522.2374457725198,1269.4656503163292,1470.5541828571152,1430.8739446806608,1317.6627745810556,1523.9493078371927,1385.9470665749727,1459.064964285337,1235.9615071798953
