,1610555604.25mOvVXuL01OCiReyVWBfesjuvXmB3MoPy,1610555605.43B6oDsBtWRQ29Q9UMQuTUEPZy3FSSWXzc,1610555610.92HPGJJSmyPM40z7otPBgHalNrHFA7zk5d,1610555606.68LaSQbm9EHAFycEfFtEqAwYqlBsQPjIRW,1610555617.19EKxMEwDHfXiEJZc27TsGoERaD6Da4BZU,1610555722.52PJ3FD50MGhRXyUD28vluU8Z9UjLJLZn4,1610555617.52Ijr5puT55g9apK8auM7zaxa3NANg502t,1610555638.77ZLjTLkz4jYJdFMI2wWBztzsDILkoOtAk,1610556912.46C7tJPLF0XfNnm8f1820X9aLmXMHoc0Dw,1610555617.51LjzIROg0aeCP2GhDcAVQ0LipKJB9jmKc,1610555608.17OpjjHobqRkX0UPcaXrbu7K6L3805SZri,1610555721.82zWeNZfGUUfRJkgnAwlP8VMhPzXctnSd4,1610555735.75bom85BDF0C7W2eIseHeMxi24qR68nzMi,1610555735.77NnT5xqKnwcf2BbjIekeb2arTQj6QMNwk,1610555638.33wjf1PhdNaoWfbRzXVn50hmFyB5bYAiLV,1610555606.65jCE4ig8Pu8kvAzkxnSGfWsV0nQBjCf8H,1610555608.18ONsBCVo1i7BrX0XG9stct4oiA6ejX9Oz,1610555721.51RNoQUMP19FTMS79BmA3JkgSm2IC2AQuQ,1610555971.86O0cHB2ibBJ8jxoObg01EpGe8VVV5mpwn,1610556911.51zU3duZSGpcw1BDNsBLxdOCITAXwl6z3i,1610555988.71dMoYT8250UHHJGxgmITTmbHe7V6gH1yU,1610556042.81mlUZsSp7gbGjrp8jQSnybT1gPy6e62o1,1610555637.02UBW5nKvDyUrKnaWcYRGajZPxTRDS0q3N,1610555619.13oUYNikU4facCTpUSiSLr0vPI0tJLnXiT,1610555721.03nzkucfjAUh31zTbmCVvTVYqtjoxZFnBh,1610555722.67fhKURdXVzRbLIjXmjRwdJHTnE7PWb1AE,1610555638.39J2ZWBLuLTHP0jOlzB4tNHmYeijH5g5YJ,1610556032.17Q6yCDx9g7alRnL9jBFXD2JhhUyB2hKfJ,1610557007.49MyVgDnuUuBxrvL6SGOdhKf69VYlW1MSm,1610555638.44hjT5hbYdKoE3MB6hijrjqbjmLgvCUYKD,1610555608.13zUvmFSCRt6SsLbhqFznMEvGx54GPGQzM,1610556038.62a5C4ynd1AARyAhTv8a58NCqHvXRjscqH,1610555644.45Xse8u7pusHNsd7F3d0A32HXvXr6weOJE,1610556038.62gKXOCG7XCn55eJvyl5voNjbwOW0znQDq,1610555987.13v0oleKK97pkesp6oMgprH8SoSdoDVdIO,1610556964.96ZLLeiQW0qpmxhPGTg7K03fmzkqsC2bjC,1610555987.13VQlEedQ50VvkPMEMzZDv3KNnQCewykN9,1610555982.186TY6MMGkDecIN1woW6vsfAMXVV7jnyjO,1610555982.673LuMndkwkvdmZOn0MmE2Pkidx0FtNalb,1610555733.38zItcuH7gHNfKdALR2d9Nek6bxCyw36Vm,1610556034.15BQxSbZINGCay0yp6RBVlgcPrw76Yn9ON,1610555639.37BPZpgtGml8qUsh9AdV4m32jPLfI2aNFq,1610556965.57S0adAalhWYe6K3bkZU0bRHbqnDK8gGkR,1610555983.54zteLPCMjyrjzPdhHhlZr3faCgD0TfYr3,1610555987.79rHnNRmt9a0ufmnwCvZqBouyUoZDNpylW,1610556960.041xWER61rmArlsKfiMl4frikWmUCnQ7op,1610556035.13a7NHZDutfTMJ88qle1gTYY59Dr4WmMsj,1610556890.456ZBDaY16bMtrTZTqAgHl3wq1tRxzqDow,1610555760.24e6890pkbyZ97Or6croI1rQgjkSsR0yVt,1610556043.02YpWMIJg3W004iqlPyv8OcVAZdSC5rNYw,1610555987.03z05P26TLtONYM1HSzupoc2CeNMa6HTqr,1610556032.15OYCzUxpsz7b10AXBAuDXrvEcvxFhf0M7,1610556032.63Z80yI9pNwS3jSmsDABbuhf8wkNa2Ze9y,1610555736.28eGuESasTXdR3SqY6pHhEXWZtcdciYLCO,1610556034.61bebeZA0MkaFG2sm3VKiqrxeqQginTTW0,1610556944.5XwXOphKYT3ZkWA8gViqOS97VHVuMVUqb,1610556944.745UVLFBzf7fPh4UH37I6tYQOFPqRDytEh,1610556034.63XsUwaFaPZevO1JNFjfhvY4aKNFnV4noV,1610556964.89xwBHw9faT1HjQRMNQEyA4qJ3hWkwgj3k,1610556966.74DydzH91jtyvRyYau47JpVkZoMRSNTt01,1610555740.77UueVziDbaXyRR4OcVJIIZyzOfAzN51bj,1610556046.84e3vwjyRCzqz0wJQhrk8zsxlFfFSv98Df,1610556137.99eoPuVrDThKAOvmeprLPb2FWRqIhzUodc,1610555740.73XFwSrmTXJPlaxGZSefh0jOVA8PI3III1,1610556123.88AOfNaz9jSnqU5Czc7okOv1RCrYfKFBTo,1610556046.85nB7NvyoYQeLcOV391Lmmut1wAM8CFGLw,1610556123.89H4pdIAzDthI7bMXMhlIhKUYIQIvtmPPQ,1610555740.87GOYQUJKpkynIS2lFqppYK4b32ol7NeGh
1610555604.25mOvVXuL01OCiReyVWBfesjuvXmB3MoPy,0.0,581.3854804567691,129.08644825157623,549.0938651191324,387.5647544226878,487.51982704768176,383.2382592424522,159.68839170360448,313.3824091450979,425.0573357412899,671.170205315405,587.430883189173,501.64936637568604,280.77874467463414,614.070143938831,495.9260865772529,751.0764339234272,631.0121541647485,424.51308538201386,432.1766860275252,662.8628052492171,695.3884672045199,427.0653693779559,145.88701037702737,545.1870762237508,540.5005490684628,381.51007203218546,598.5122129277329,572.0491744873436,415.2201853317595,477.01686053069216,447.02105770965477,480.16455253134467,540.8300608394964,566.2143224852973,581.4417121336929,544.0484013824879,519.951682030679,589.7366496284058,578.8110988212361,559.5524166388333,690.5102947039971,568.0862447471359,546.3710929686152,628.2394738961366,652.8768729036469,539.4205926452819,462.7396933020609,443.1313439916224,558.0576558214904,480.72796476404784,463.1456910035449,592.1432696710966,681.923597733626,446.7674933759359,504.9257149960168,554.5204087152222,529.8273235894161,466.3605572194626,531.0871085799274,680.2226377085269,737.9576926414895,500.7537167812108,680.1267173448209,472.44362449128727,737.4290983736597,506.5716716149596,648.8963878634308
1610555605.43B6oDsBtWRQ29Q9UMQuTUEPZy3FSSWXzc,581.3854804567691,0.0,592.7037418739806,490.49821254081394,615.9905147948641,611.8214599608431,615.5187065448148,613.8074992832661,639.548670836235,573.307541164824,562.1898175082775,621.3546467374022,537.5585407053505,644.7045474354162,624.7885134309394,605.4321655131182,624.6141854644148,334.6982927530426,613.9114579354934,576.5686622934534,700.15365136822,618.7882042692718,563.9184493817562,606.0747524861198,611.0812426125115,681.1385797542941,606.8279208639469,619.5039503450199,543.3228762278354,544.8521987692154,622.4204235580454,568.5151976462458,557.2682904767161,538.4212510331009,634.9708052884032,673.3912822460034,633.0156298118404,517.7578022285454,490.9085492873821,699.6170549420509,559.9357312865179,647.286278423844,659.8213800681464,546.6859801268246,432.8354042070169,339.95850745591656,660.5368162878669,649.9398578732855,539.5964637798229,644.4044208219564,607.6390971607913,655.659642024464,652.3094760999678,570.59617974461,582.8824931652059,616.1194515434156,611.1900435582969,596.727798707007,613.3707279325473,605.4034828262841,611.6189730319784,614.3372061070456,527.8476867987708,652.0677965756134,549.0382936810882,643.1550871161587,622.1351306730594,604.186500167814
1610555610.92HPGJJSmyPM40z7otPBgHalNrHFA7zk5d,129.08644825157623,592.7037418739806,0.0,552.8379951295792,393.40089660371217,493.6728921933915,385.5903685874203,186.83101038644017,327.9234148558712,437.02610981744607,672.1185553818857,584.4091309011868,513.5016072861736,257.5662599881698,615.2053344321504,501.29144899003506,747.2539367855296,636.2080718495173,431.70559214371383,434.45665197143,661.7569343617878,697.0960972526456,439.1219147825941,168.01213046404726,544.5196790534027,542.2002339299152,387.75040965970055,598.031755990027,575.9122743784744,428.91189438781606,485.627288344621,460.7043470311357,491.3900127400227,547.9247163053848,573.8893145450768,580.3544383419596,543.5076973446753,529.2199780549631,599.2619668331472,582.7696377819761,558.2281839242768,688.9246238392411,574.3206744826264,551.2024221403339,630.7555569814259,654.412754920183,550.048688544927,468.8959464017096,455.21980928006457,555.7570517247968,484.11939245495796,461.07817953891737,598.8792313246495,689.2325170506086,454.3094835267427,505.30124854323907,549.4076193178707,539.098850255019,467.33048317770346,542.2496587787434,684.4171137422235,734.4400921571654,510.5814907886695,678.7007511591372,482.85628330885163,739.4431612882905,505.41860402381093,657.4510170448391
1610555606.68LaSQbm9EHAFycEfFtEqAwYqlBsQPjIRW,549.0938651191324,490.49821254081394,552.8379951295792,0.0,569.9740136714674,617.3112970722851,564.9628391477089,555.6075272616324,603.8619334408986,585.5839844494362,511.0639059158441,521.9415619902874,609.3934940512858,597.9027018306999,617.4249839123383,544.4438293091893,589.8069113413876,523.0773322097646,582.2225925101201,536.0704284773367,609.7637921848086,605.0691899329437,586.6861902117918,554.4887177792706,655.1617279083447,657.942389298662,531.5684984503956,556.1283550755944,538.579517448761,553.7204164674084,566.9660049616251,573.7533462388094,592.9366861866421,577.5127738031129,549.6358759607037,532.0681745765717,577.1510863678983,556.4955854050193,490.09192135919125,643.5550702669815,472.00074813152594,555.2877569039498,587.5067792398045,465.3292357303977,543.9074036763142,580.7222251199963,656.5056349365182,604.3849083874925,547.6374982029554,588.3002491102592,537.4157117175672,613.636992049203,633.6977787677898,574.2236475434727,533.186540788227,640.9450620980327,629.8735676489987,541.3856229341777,571.6761737244657,639.4926183531687,621.0829712839463,631.7822485656934,518.5444975243242,651.6399438390768,521.7647539312321,668.6970866947627,540.3090094802718,605.543558785421
1610555617.19EKxMEwDHfXiEJZc27TsGoERaD6Da4BZU,387.5647544226878,615.9905147948641,393.40089660371217,569.9740136714674,0.0,581.3024036012665,345.7117684831948,404.9156541625369,405.49570442751923,501.18407031763354,641.7730285460697,634.3785519963162,572.7510038703422,437.16865519599315,637.1164135177081,529.281769882874,716.7865200285315,648.3854627701,514.1996947507402,507.4457041629586,692.9129210714723,677.8416408695291,390.83198580979735,401.52777052286166,557.60319867884,625.2447330110418,373.04720800169156,636.1963213230631,610.8034061264473,390.4438365867921,500.8474026460983,398.7168159906291,550.2989826069262,567.3527797567218,595.8485052921241,606.9841173539013,587.9110642493622,541.9652156560304,615.0251411166059,635.262282391099,564.596138601554,699.4170815535857,584.506617110052,609.2035138779971,640.188258316496,676.6046344663317,587.1523725603712,532.8512475030425,484.14306727421007,515.9594292118429,568.8212986315071,497.9329945865424,621.530557716167,684.3068924573123,498.59255816811003,501.0334222708604,556.8382173466383,603.9359489134772,546.2218687893775,537.0688679871085,663.3246614038208,719.1850388789081,536.920808773588,661.9663498207431,489.2132120437673,736.0773006107198,531.3798084962212,628.2793538998628
1610555722.52PJ3FD50MGhRXyUD28vluU8Z9UjLJLZn4,487.51982704768176,611.8214599608431,493.6728921933915,617.3112970722851,581.3024036012665,0.0,562.1713624715325,498.355049328925,503.0329632163331,585.8161740826115,649.6888600872599,623.98971701635,614.1151347988954,531.5355617384462,650.6948659650611,629.3284692699021,697.8572277494436,616.4542279019072,291.0695588709029,592.4005023278133,654.1356992741253,630.5914990445688,539.6232702780322,494.40757654678913,558.3363134831027,296.6640203166243,525.3425188719809,639.3629293844775,656.5772063978134,484.96662695822954,614.9930817639234,477.5603128357823,623.4715183559908,656.587655120241,638.3571831307017,629.4279911475543,662.5235034801618,650.4132285676965,617.1687398324755,621.7901555882039,663.7163555779515,665.7794420790714,648.272809563703,580.6800547524374,623.4732196696273,602.5185581612824,529.8193244882405,510.88506075476465,609.4053186293763,592.4271419402145,569.0918346981315,498.51294409481,630.2865355611744,667.8089517834774,594.1525129632533,529.9726451314227,615.8485843378656,603.384148727947,558.7302556424158,464.0306996550768,637.5124552394916,693.7682561439559,625.8022382514507,610.976325481641,627.476913074851,696.7102696255639,558.5124223860847,635.1628296205268
1610555617.52Ijr5puT55g9apK8auM7zaxa3NANg502t,383.2382592424522,615.5187065448148,385.5903685874203,564.9628391477089,345.7117684831948,562.1713624715325,0.0,386.2377473683379,463.435364923751,554.0851786390161,631.0696209400762,674.6961536431323,598.6438897279041,407.569928258829,648.6440782644498,587.1917020548276,705.5293686417577,663.2966828079174,494.6649050810736,571.2784544828063,751.317110013127,684.1248288602379,481.4036912393108,384.6193878737875,609.4881293078706,573.4833157809232,467.60326720319875,646.8869875761054,598.7070247802941,344.8689989010636,555.0287961158364,383.7521444924565,596.9539689849246,609.8221575034421,645.1986741360357,609.3281721227089,652.8690497223552,588.6085450722017,606.686943024776,641.5208674944262,612.864241148085,702.1390749688985,623.3217225543432,592.0784744714363,639.9867356664494,673.0546596907687,660.5217740943066,582.1732024597711,541.0712857123992,578.0617960041404,606.4706756940794,551.782123248477,608.2451532182426,657.4305859396947,558.4399554702666,526.9827574889687,591.9350572484033,657.6840535960298,581.2190280784044,525.7767267143943,679.661329827118,704.1055979312741,584.0724606650832,647.1752364231372,542.4894082771262,724.9872852243564,554.1369522385454,654.1031788550905
1610555638.77ZLjTLkz4jYJdFMI2wWBztzsDILkoOtAk,159.68839170360448,613.8074992832661,186.83101038644017,555.6075272616324,404.9156541625369,498.355049328925,386.2377473683379,0.0,307.49366202375467,465.1879442950732,676.2726370042717,586.440477383005,537.9512896311103,241.0530966544385,615.5966177610381,513.1321731911414,749.190230564149,638.7672641465161,429.5824636418824,460.8655161338779,658.1321932334979,698.0089335390162,465.0437445480304,153.12993893174192,564.9913258370431,532.8612449695578,403.8954627970202,594.4021857110184,581.5147596868236,452.0705916824544,500.20030451850664,479.732587884782,516.446196125361,559.065465619423,576.6607961209108,576.8273270102171,566.2512988341483,544.2153989212544,608.8709909330302,572.7310118978467,566.4875316434278,673.9045437576492,568.6014116661584,537.602462433526,646.0459043253984,670.2151175779718,555.0489213547238,478.35597908586027,481.7038504982636,566.4008999502897,485.0594147000369,471.7396838311245,600.5849622084334,692.4864808016163,474.54458071707325,525.0151180137158,556.5659651298097,558.4725630143934,466.6973958746759,546.6641664560246,676.7019198998205,739.6918051702003,527.2891782048229,671.9795241204118,500.29137841242255,727.1700796671664,519.3037393790153,646.2819205761815
1610556912.46C7tJPLF0XfNnm8f1820X9aLmXMHoc0Dw,313.3824091450979,639.548670836235,327.9234148558712,603.8619334408986,405.49570442751923,503.0329632163331,463.435364923751,307.49366202375467,0.0,502.91027241663767,701.9510421474708,590.8384018759259,569.2157030488694,356.4907910423832,601.8807455681921,558.3075514799486,771.2590145781502,632.0637677170786,413.5071539901524,492.24442180627904,636.3683180646623,679.6231712820561,489.6223365089486,297.2467010219996,581.2989772266166,540.4329430521504,442.0991004717204,610.3108409397902,627.7904418077288,482.6875197747978,545.6893912074598,489.93124774695474,550.8874325892075,597.0538547037534,593.7454076156322,595.1472874352507,577.5988097338462,585.3726957068876,644.9248579588259,600.0301145571464,597.1985881701488,676.3270565890117,573.851601535003,580.6786431035034,653.5456325491303,679.9466188823444,536.4163196406804,475.0216526895618,526.3882696689386,575.4998107205327,499.2858151813978,489.3634860116412,645.7598961515621,721.4428048650881,526.0142340264833,552.5089885069839,568.8991235935914,578.3372518469741,485.2234739121092,542.2003865185869,667.1043541657838,761.6692615750422,567.4665374692861,669.0057711685639,543.4826208400514,723.0283431170105,567.6409710967848,642.7020394831286
1610555617.51LjzIROg0aeCP2GhDcAVQ0LipKJB9jmKc,425.0573357412899,573.307541164824,437.02610981744607,585.5839844494362,501.18407031763354,585.8161740826115,554.0851786390161,465.1879442950732,502.91027241663767,0.0,715.2047809551599,646.3000930649632,303.40701766637324,527.3237808293815,676.2551904586229,530.961231290431,799.9417161027156,662.4355350278285,580.3456119176556,487.8127203585644,717.8689354805941,767.5777537685614,477.6296835636177,451.0173330218648,579.163615204386,656.6835658753669,464.5017513872033,652.9906641714019,586.8889907612289,522.4474254359499,488.7899989983434,555.2408266948834,231.51128827682655,542.8878780460373,605.2759726368607,653.8449955520981,560.369068772774,524.867141585712,571.0067929311696,604.8096183534014,588.8171232824656,754.811268174581,603.216062909462,620.5327315990681,666.007334689776,667.8274860615146,573.7819754129225,532.5888009229323,296.6565394682315,603.5558043552754,553.6502210029574,546.1514802250089,572.602269672092,717.8495902672852,489.2779549422142,566.6686346721684,626.7846840681796,547.9470528284547,550.6326593758216,624.6412894058154,735.6708438137387,776.4372234124731,487.25042567776103,760.7623113556756,444.4743358313479,799.1532286707766,564.6114138800964,703.1293260748246
1610555608.17OpjjHobqRkX0UPcaXrbu7K6L3805SZri,671.170205315405,562.1898175082775,672.1185553818857,511.0639059158441,641.7730285460697,649.6888600872599,631.0696209400762,676.2726370042717,701.9510421474708,715.2047809551599,0.0,583.1111384368621,720.118319588885,696.1198002155207,604.3073827089509,601.1141953178256,383.0601179030638,550.3863237348752,644.7261950755474,651.14405973782,605.5115556097232,540.4917929556221,635.6668112822098,675.9069764030454,607.4372094535935,660.7528230813862,645.9682045552024,593.1972819715525,582.1548251133638,621.0106218531566,670.4412458971553,592.9631307238228,720.8030675375444,648.0353141678825,606.272422248777,568.831824406813,640.4330220926147,649.5087430217366,584.1573459775512,692.4035649210323,575.2916784589734,483.57085235679665,616.8263036212346,592.3075385311388,547.5290045901522,513.8265135747322,687.8655000037918,659.605615101819,672.0907207707077,577.9252305345269,646.7308039204058,678.4196729518164,645.7221901844975,551.0913357467896,645.3701063082212,606.1655436283714,596.5201945255446,631.6196954003926,675.1195664868621,610.4792822744082,588.4381447313715,515.5015366008647,618.9490281185971,550.3991253247422,634.6067208393994,548.1114474275067,588.645921968458,602.9407858575474
1610555721.82zWeNZfGUUfRJkgnAwlP8VMhPzXctnSd4,587.430883189173,621.3546467374022,584.4091309011868,521.9415619902874,634.3785519963162,623.98971701635,674.6961536431323,586.440477383005,590.8384018759259,646.3000930649632,583.1111384368621,0.0,674.8321890087038,607.0623576203521,640.8743445373764,517.9093661627958,633.5832524363603,519.4487390821376,611.6637090330047,496.955362008081,355.23712929223416,476.0419629504544,636.6286623418914,582.3676897818387,638.5569183118704,641.3629949672229,614.4502629059598,484.4706860485909,549.9871212922153,659.3727824727292,646.7453217401278,659.7142522977912,644.5318069254096,581.391045928333,493.9426472454836,486.00415593755775,599.9615156975553,575.6942745986054,590.3711442963167,650.6347157643535,591.8874073301847,502.1640966306103,638.8868759250595,476.9873417743624,608.4950185151255,619.1349460338909,616.7476705939721,560.2500645125641,610.8435552213946,598.3672751397849,359.82066316364825,585.5993426348653,676.3321733386096,618.5325659817108,580.6588467361264,637.2144281419875,591.3541131323092,508.48030083601043,472.2841875797038,650.8039840793273,611.529750235076,662.9638625855856,521.9063537835136,638.4237296636052,549.1507313892548,632.6241428571635,573.2206073065117,600.0810536932768
1610555735.75bom85BDF0C7W2eIseHeMxi24qR68nzMi,501.64936637568604,537.5585407053505,513.5016072861736,609.3934940512858,572.7510038703422,614.1151347988954,598.6438897279041,537.9512896311103,569.2157030488694,303.40701766637324,720.118319588885,674.8321890087038,0.0,588.4090218121222,665.6717616537528,572.0732250491706,795.7013148889903,632.3732781342508,612.9195810921577,526.3435533406246,742.1876775896217,762.2607310338443,552.2343977946678,527.9768365591993,636.7856789803878,681.0863752184168,537.6802479187419,676.7477985889393,580.900378140615,564.6096671861762,510.67471125655175,590.4762668799278,194.17733874373667,535.1037151145885,637.3783073361849,687.3417963967111,596.6818066623708,524.3086431076422,603.7700680785362,609.6232713325355,606.6423354343782,764.4014987296498,628.344011954929,631.9021977590683,643.5820546098485,637.7158276489873,602.904241484962,597.5898795147478,424.0766922156182,643.1680648214847,601.3147318657336,605.5271207482424,583.6072528595726,692.0430416254751,534.3872323938048,621.9380913553981,669.0102309776967,592.7463935030564,597.6866559101381,658.4924111691593,723.3774415606148,755.4331273083608,508.29756633296023,766.8300256373893,517.4936314614157,774.8399108435749,605.2312111673654,693.5966448066649
1610555735.77NnT5xqKnwcf2BbjIekeb2arTQj6QMNwk,280.77874467463414,644.7045474354162,257.5662599881698,597.9027018306999,437.16865519599315,531.5355617384462,407.569928258829,241.0530966544385,356.4907910423832,527.3237808293815,696.1198002155207,607.0623576203521,588.4090218121222,0.0,615.1832755301646,576.6023712248713,759.5752768826808,649.9090939155993,455.27358081567667,516.4773420221605,683.0324236108639,688.5125323356535,510.75517703650024,267.03373943932166,587.8575790282505,556.6796971318859,470.8260767140063,636.7820954119993,626.0413358116755,477.92931171774967,559.2024633154508,501.288837477965,575.2366242217015,617.4773289543756,627.7682842046405,617.3292911532311,607.9977633995512,597.5275469355506,648.2533447209462,608.1690623536159,611.0236738761,692.4136306906373,607.7677403904179,584.2961857013061,655.5408957816193,682.7306014650288,608.216185184324,526.3336196926916,535.1133884671602,600.8915307717626,527.0157734388506,507.3016289418919,645.8284196627309,722.9229037408612,540.7992201774232,557.62844227292,557.3974056770606,618.8722759835867,509.5722314998749,559.8278006137642,686.266896868314,749.5031772217836,592.5067666233,674.5207786573617,553.3620941001301,729.0361944145478,567.4358377232351,660.7409096524858
1610555638.33wjf1PhdNaoWfbRzXVn50hmFyB5bYAiLV,614.070143938831,624.7885134309394,615.2053344321504,617.4249839123383,637.1164135177081,650.6948659650611,648.6440782644498,615.5966177610381,601.8807455681921,676.2551904586229,604.3073827089509,640.8743445373764,665.6717616537528,615.1832755301646,0.0,629.7397686163229,636.0571606394059,612.0222385197266,624.6659540373468,636.0777559605668,639.7347824492039,625.0573889175777,647.5811009138512,612.9393246002937,651.2568195075605,649.3982982584113,618.4119286679045,684.9826593028691,595.6714562155098,637.823776116377,597.5925926523162,611.9072641981185,672.0157156291767,712.0484113427566,566.5159774021066,600.6844600973648,589.8013765848049,690.1106731695794,657.5897430804158,651.7479979747602,527.1572575320214,640.1255787476772,510.2656835160967,621.9716866421958,519.2566967571869,606.8473795762397,641.1442520798311,610.9055901937107,681.29281796184,621.0633440569351,616.8766229489114,612.8562307146369,762.5337201533627,631.1243484537972,623.6817539693533,648.9785528818396,553.3091175105443,639.8113703906383,653.6180366622729,636.2117364158385,685.2454027201636,646.5167651081641,655.3220734215537,671.6443998982417,673.0955401413246,605.7629609397102,623.182930649994,690.5165058694071
1610555606.65jCE4ig8Pu8kvAzkxnSGfWsV0nQBjCf8H,495.9260865772529,605.4321655131182,501.29144899003506,544.4438293091893,529.281769882874,629.3284692699021,587.1917020548276,513.1321731911414,558.3075514799486,530.961231290431,601.1141953178256,517.9093661627958,572.0732250491706,576.6023712248713,629.7397686163229,0.0,677.2527212979334,645.3185220095521,627.5948708357938,401.90445169562884,572.1831822480792,682.1282350295194,537.193744911073,508.974216192371,604.1949939628348,693.6113331893109,493.4925766440257,532.662364304579,488.9383762824365,591.4071137948654,476.7485721330426,600.9396221160055,535.2036939261853,421.5767407883634,404.6414605739361,485.236852751894,488.20896570626985,426.73538417333776,608.9492177675855,650.2999392262233,493.77553607969753,624.59557406359,601.2090193756675,566.0831055289809,623.7467729124021,658.774070153931,578.7841671646906,537.2997203292392,514.0833107718107,517.2510261028973,487.5477241310429,587.7178421782246,576.0199694972936,638.9242384966361,433.1163288292783,595.6487260999262,608.2332859583953,434.67512902909664,520.4612798140847,653.939844002247,640.6682945507292,683.2865328360916,410.458331456307,680.4251371396368,477.19837354919855,680.7391096860028,496.9237137837789,607.7379110648359
1610555608.18ONsBCVo1i7BrX0XG9stct4oiA6ejX9Oz,751.0764339234272,624.6141854644148,747.2539367855296,589.8069113413876,716.7865200285315,697.8572277494436,705.5293686417577,749.190230564149,771.2590145781502,799.9417161027156,383.0601179030638,633.5832524363603,795.7013148889903,759.5752768826808,636.0571606394059,677.2527212979334,0.0,588.7843813451261,700.1776575182193,728.6602494794603,629.92880748042,541.8346966555717,704.079359602342,753.5585966869713,642.5526039828161,688.2987479311604,724.0603192498602,633.8165423971143,628.339047278135,692.1843671987868,743.8481049511537,649.1123971099545,801.4153876695464,713.8698016169883,655.5079632621718,592.398658389513,705.6148243174832,706.8595792804169,604.531982843875,739.1376401457909,648.7701965185419,506.26536240815915,674.4361148912316,630.5148766750443,575.2075248773542,551.2215395515454,739.6997720086362,727.511513185434,752.8274463101282,619.8039145198303,713.6006782975896,736.5297589846487,694.2636161128323,557.402063440366,728.2035317969991,652.0922738569406,616.720867761965,690.7873955197914,741.9952886380603,649.876936080596,585.8043144751259,493.25692182591024,689.6741911989518,515.0302468653161,709.5700135832662,517.9612545683557,644.6396942015886,611.7808716265446
1610555721.51RNoQUMP19FTMS79BmA3JkgSm2IC2AQuQ,631.0121541647485,334.6982927530426,636.2080718495173,523.0773322097646,648.3854627701,616.4542279019072,663.2966828079174,638.7672641465161,632.0637677170786,662.4355350278285,550.3863237348752,519.4487390821376,632.3732781342508,649.9090939155993,612.0222385197266,645.3185220095521,588.7843813451261,0.0,606.6985135875003,625.9045039661416,592.2157198040892,524.1258279603819,625.0444149775559,632.8820521518714,639.4164067722562,663.3199715592632,645.199390056648,607.0648452773373,602.9149741209285,610.3705467101988,672.5388120928139,616.0458496668533,648.0092697492187,621.2615735705026,658.33074796029,642.4833397451101,676.4166990836318,609.4005322100268,545.8915891346402,700.4160750206642,595.058926471467,586.4352258798971,653.1635073482727,548.7931772712334,471.7743547209516,379.04472728371434,649.2001337757524,650.9072702162425,634.7427779781035,643.3754099305665,571.1095848212583,665.317569909416,693.3548671998611,591.3645039411896,659.2816704784019,646.7585606464955,606.0779539262059,647.1689295746004,593.093925587946,610.7831709707993,567.9140647699685,593.882861700104,595.0949898145516,597.9058188786743,615.8958944787707,589.5694891393767,643.0085175983355,567.8597926805866
1610555971.86O0cHB2ibBJ8jxoObg01EpGe8VVV5mpwn,424.51308538201386,613.9114579354934,431.70559214371383,582.2225925101201,514.1996947507402,291.0695588709029,494.6649050810736,429.5824636418824,413.5071539901524,580.3456119176556,644.7261950755474,611.6637090330047,612.9195810921577,455.27358081567667,624.6659540373468,627.5948708357938,700.1776575182193,606.6985135875003,0.0,585.386154384319,654.2426272207948,612.2551262304993,539.1133964044038,425.2246320041778,581.2590107832567,390.5449866926633,503.9003554760467,634.8191442740304,655.1012837624228,452.1859793644923,610.7792431593555,449.8103561621767,621.4299461762174,655.9695154910654,636.6876444963787,625.7504880113287,660.8097965151856,649.4267289694156,623.8671818236621,603.5188640290592,646.6367497730619,664.475379412705,626.9905075878465,567.2840247307176,627.9133225048625,631.2031722663188,579.2128160003447,503.32396471963136,600.9333696629033,592.4075389616366,556.7738126175043,482.0454748411228,649.0763679994574,677.9264641352527,595.7280419611405,555.2978086446537,598.8307862283616,618.9907712083337,542.7901144814738,463.41787054003316,640.60585036586,709.2756765867124,634.0744020967829,614.7714163884824,615.9716024073138,692.6245145733066,543.9857997581237,630.0976280556424
1610556911.51zU3duZSGpcw1BDNsBLxdOCITAXwl6z3i,432.1766860275252,576.5686622934534,434.45665197143,536.0704284773367,507.4457041629586,592.4005023278133,571.2784544828063,460.8655161338779,492.24442180627904,487.8127203585644,651.14405973782,496.955362008081,526.3435533406246,516.4773420221605,636.0777559605668,401.90445169562884,728.6602494794603,625.9045039661416,585.386154384319,0.0,561.3536617616244,673.7083880717515,503.65485004677294,449.9390840397509,588.1540567760353,658.2862048433583,460.57960874964476,537.9198255318925,530.0360828782484,560.3703107136726,501.851645508638,570.4426269072148,485.79724485535706,478.7480367262321,467.84181311974515,524.0702059543585,447.756290125409,466.42425872291165,598.0612262820805,650.8724568115917,504.9508384420619,640.0012943844513,595.5611711239344,534.4608047986258,583.5157208155522,650.7151783713638,559.1506011557775,487.4900821923965,475.9983372152895,574.7852619449646,475.12873763086714,542.574698840041,613.2327934946742,658.6850878181909,406.5376966762592,571.7054183960341,571.9869728105753,424.291682463114,481.3792882174937,626.3488937162552,680.2230023755865,715.5040527752433,424.3575932690189,712.2061862982442,431.9716269196299,728.1839781594878,530.7838907505271,649.0523620073986
1610555988.71dMoYT8250UHHJGxgmITTmbHe7V6gH1yU,662.8628052492171,700.15365136822,661.7569343617878,609.7637921848086,692.9129210714723,654.1356992741253,751.317110013127,658.1321932334979,636.3683180646623,717.8689354805941,605.5115556097232,355.23712929223416,742.1876775896217,683.0324236108639,639.7347824492039,572.1831822480792,629.92880748042,592.2157198040892,654.2426272207948,561.3536617616244,0.0,518.0576703153281,688.7243904924234,656.085437068001,656.3945659685818,665.5926734847308,661.6346450175461,519.3204680140618,630.7155017214451,735.2208053130882,681.2676678394964,706.4725052617121,714.4241513751181,659.3452536745442,507.7740352936822,503.3783469135118,633.0196665722508,651.3325678166445,652.823772461049,699.9107906404224,623.9042962748365,502.11329698144823,640.3910701931353,560.1077833677826,631.6679424672127,643.8624957856298,621.92993689635,617.1038173506455,690.9702629278992,622.847089864272,491.8928512491691,641.2923451467941,705.5891630845408,656.7869288694518,643.8372840927063,667.6798271613687,612.5427263781222,514.1984728391639,572.246228370747,682.7051809753632,616.1587256449499,668.8878566982063,599.560667074367,636.404300292057,627.9497915708228,630.6942225479407,617.1693454185134,609.7031974226871
1610556042.81mlUZsSp7gbGjrp8jQSnybT1gPy6e62o1,695.3884672045199,618.7882042692718,697.0960972526456,605.0691899329437,677.8416408695291,630.5914990445688,684.1248288602379,698.0089335390162,679.6231712820561,767.5777537685614,540.4917929556221,476.0419629504544,762.2607310338443,688.5125323356535,625.0573889175777,682.1282350295194,541.8346966555717,524.1258279603819,612.2551262304993,673.7083880717515,518.0576703153281,0.0,650.4966974271517,696.8555505914995,641.5652065118567,626.0622967163542,699.6893656921159,571.1324472388128,646.8307677778445,623.6033561047356,754.5513216658163,578.1377580055845,766.5726429981725,703.1957064562433,637.1296156491037,595.5033810004634,717.8906757994363,688.8333842505688,628.6770600264529,708.9191458091224,696.1971755868229,527.8339440724266,692.6289316613364,601.7478222167623,557.4173136469794,566.2514052179637,694.0197698361861,656.4058450359854,710.1203534647113,635.8011471792162,587.606225076024,670.558695030016,738.4526263040974,615.3904596321454,737.9178353091145,635.9672634195036,589.2043470680675,641.7382363918488,635.818555182067,534.9624656309325,535.2660540689734,617.8556729116755,662.1545379177456,540.4409144457676,672.8686021907336,535.9334083603636,646.0825249648474,553.9089681230421
1610555637.02UBW5nKvDyUrKnaWcYRGajZPxTRDS0q3N,427.0653693779559,563.9184493817562,439.1219147825941,586.6861902117918,390.83198580979735,539.6232702780322,481.4036912393108,465.0437445480304,489.6223365089486,477.6296835636177,635.6668112822098,636.6286623418914,552.2343977946678,510.75517703650024,647.5811009138512,537.193744911073,704.079359602342,625.0444149775559,539.1133964044038,503.65485004677294,688.7243904924234,650.4966974271517,0.0,452.0271175481395,460.46570886669343,607.6869098281894,368.43445012175374,650.6374593291717,586.2241250944413,367.08838789798295,488.40425051560067,380.63915699182064,528.1280231029613,567.9398558674108,593.614842651764,601.0059230983115,565.0020662750943,505.5437785958777,552.170039517621,654.2530415871219,575.9667838318076,696.3092741730927,601.5475387690253,622.7554568861254,606.3517088736236,612.5785808495444,534.9511099365221,510.0434125952876,430.8890600532524,509.67296723577806,578.9096865014077,483.7473902747667,614.5438883443232,650.581413048587,484.92857243713604,355.2933694240997,564.3146247209402,567.0821530488575,561.6688271232829,458.0613375302809,663.3578145319628,711.4175864877809,488.13050763369216,653.8809521476556,455.6305198786939,711.6691966470038,532.5324376012011,654.939687382622
1610555619.13oUYNikU4facCTpUSiSLr0vPI0tJLnXiT,145.88701037702737,606.0747524861198,168.01213046404726,554.4887177792706,401.52777052286166,494.40757654678913,384.6193878737875,153.12993893174192,297.2467010219996,451.0173330218648,675.9069764030454,582.3676897818387,527.9768365591993,267.03373943932166,612.9393246002937,508.974216192371,753.5585966869713,632.8820521518714,425.2246320041778,449.9390840397509,656.085437068001,696.8555505914995,452.0271175481395,0.0,559.3439232229402,541.1262954391876,392.7306824016218,595.2183275042713,582.2456480672678,441.989095392238,489.14332585592814,472.91483895976256,505.0705558989126,553.1353477021552,570.4603989353529,571.9771442368458,552.6015367308136,535.2125840545959,606.3957356860815,574.8010539481776,563.9086888187535,680.423018116738,563.8778668156065,549.6092364355757,641.4607345213885,667.5577188313808,546.2810431476515,466.3316380100727,468.57111886480635,563.2586857682367,476.0055893145761,467.21259222972316,600.5656549361422,690.0472542223299,466.157998563527,516.0875403409199,557.2485306854902,548.1203834963185,460.0592224437297,543.6956199956463,681.528672272764,741.4180269515045,518.3560250505759,674.2752283359006,489.78785061892154,731.9224863437408,513.7229178679183,652.8601324439525
1610555721.03nzkucfjAUh31zTbmCVvTVYqtjoxZFnBh,545.1870762237508,611.0812426125115,544.5196790534027,655.1617279083447,557.60319867884,558.3363134831027,609.4881293078706,564.9913258370431,581.2989772266166,579.163615204386,607.4372094535935,638.5569183118704,636.7856789803878,587.8575790282505,651.2568195075605,604.1949939628348,642.5526039828161,639.4164067722562,581.2590107832567,588.1540567760353,656.3945659685818,641.5652065118567,460.46570886669343,559.3439232229402,0.0,604.4031512956286,555.7676715011385,632.285031582486,652.9187553840183,550.9051133357688,592.2152435309163,528.655316065929,616.5142766073056,618.6162285321145,609.6071604729833,633.7650974330576,617.0914644640213,575.3119036131097,536.6560271816691,628.1008067104929,657.8151201555356,638.2074735935898,602.4099238390302,654.3405924984426,623.2149230536402,553.7803080460886,584.0971644730851,514.2072322054694,527.5550543706694,581.3602131958398,599.001200015626,557.3180957131478,613.9101874769003,663.887524061486,576.2849244406177,420.2457677880573,480.44723538588346,583.1360466350536,588.8165478820101,466.27602819067016,609.1761401210143,644.8095596300917,560.1909343996307,571.5393452191505,545.356242546787,650.0999437366743,555.888217451528,625.9570006397072
1610555722.67fhKURdXVzRbLIjXmjRwdJHTnE7PWb1AE,540.5005490684628,681.1385797542941,542.2002339299152,657.942389298662,625.2447330110418,296.6640203166243,573.4833157809232,532.8612449695578,540.4329430521504,656.6835658753669,660.7528230813862,641.3629949672229,681.0863752184168,556.6796971318859,649.3982982584113,693.6113331893109,688.2987479311604,663.3199715592632,390.5449866926633,658.2862048433583,665.5926734847308,626.0622967163542,607.6869098281894,541.1262954391876,604.4031512956286,0.0,590.6617155848222,653.0441200626078,671.7985481960113,533.4322580005959,683.0410746677529,510.9280163556915,689.5923514715582,719.3808291278251,693.2981039147138,627.4635610100627,718.6322614819913,713.5656880647745,642.4644658570752,639.3702199420648,709.7673938117372,652.7620588476939,661.2932529092923,596.5728162319825,664.2267537533745,641.6956308500544,582.7710084243795,567.7895478269023,677.0248718119439,626.2674032684988,601.3917495448474,536.7208612237686,659.3102786465935,682.5213745438689,663.6962351395115,553.2049671685787,630.9746634390774,670.4287923037672,591.6133849416019,481.20262235262,648.9438342095574,695.8802110770249,690.454373860239,603.2497251883458,692.3518126269778,677.3276423829651,600.2385225369823,645.0920215255597
1610555638.39J2ZWBLuLTHP0jOlzB4tNHmYeijH5g5YJ,381.51007203218546,606.8279208639469,387.75040965970055,531.5684984503956,373.04720800169156,525.3425188719809,467.60326720319875,403.8954627970202,442.0991004717204,464.5017513872033,645.9682045552024,614.4502629059598,537.6802479187419,470.8260767140063,618.4119286679045,493.4925766440257,724.0603192498602,645.199390056648,503.9003554760467,460.57960874964476,661.6346450175461,699.6893656921159,368.43445012175374,392.7306824016218,555.7676715011385,590.6617155848222,0.0,626.3477001944045,595.2937725948906,457.7927137399257,426.3637513483737,459.21695707853036,515.2456861585866,566.9463697662165,570.9223932156299,571.2440776640142,537.7350519610792,542.067477470708,609.525522925851,596.602853012674,506.2406250351942,687.3040536621869,546.6542553172496,598.7371451322981,629.1513339788467,668.568244229537,506.57769178117354,473.86892388194497,474.4642328375197,436.00527682468936,527.422481968238,429.5109073007978,618.619669229966,695.9560109695747,459.49653982242506,494.5556178132679,584.3140718393413,529.8043664958144,515.382205648584,558.8758352409989,684.3725161169446,722.9799193251301,514.2607878634341,682.2628155542769,494.30331470174673,740.2111739822293,431.158983279882,663.7473523741256
1610556032.17Q6yCDx9g7alRnL9jBFXD2JhhUyB2hKfJ,598.5122129277329,619.5039503450199,598.031755990027,556.1283550755944,636.1963213230631,639.3629293844775,646.8869875761054,594.4021857110184,610.3108409397902,652.9906641714019,593.1972819715525,484.4706860485909,676.7477985889393,636.7820954119993,684.9826593028691,532.662364304579,633.8165423971143,607.0648452773373,634.8191442740304,537.9198255318925,519.3204680140618,571.1324472388128,650.6374593291717,595.2183275042713,632.285031582486,653.0441200626078,626.3477001944045,0.0,579.5875201107654,667.5793114107055,663.2889719186257,649.7886246637024,650.4211289500923,503.0385634612617,577.4394208930117,535.7864586626592,632.3124450905748,543.4290668971754,595.9667881385188,638.1893371289909,658.029710489856,511.6349530325358,628.3416859425214,489.22570225474095,629.9050998246447,607.0301153490134,627.0551038401633,609.9000263420106,633.3032790117176,593.8193717831319,512.2755475647018,634.2660574467402,612.8387721809303,635.8134423941714,622.6101260046701,650.8550377271681,604.1150874902736,497.9644368204352,512.7875594755527,658.4985803011317,587.689010576571,677.5033383719698,541.731065470174,602.2479965281177,568.6599283700688,628.6974889810945,595.111826913659,575.5160742536208
1610557007.49MyVgDnuUuBxrvL6SGOdhKf69VYlW1MSm,572.0491744873436,543.3228762278354,575.9122743784744,538.579517448761,610.8034061264473,656.5772063978134,598.7070247802941,581.5147596868236,627.7904418077288,586.8889907612289,582.1548251133638,549.9871212922153,580.900378140615,626.0413358116755,595.6714562155098,488.9383762824365,628.339047278135,602.9149741209285,655.1012837624228,530.0360828782484,630.7155017214451,646.8307677778445,586.2241250944413,582.2456480672678,652.9187553840183,671.7985481960113,595.2937725948906,579.5875201107654,0.0,589.4757673264414,580.4207170048909,606.3021792701923,573.0868528645689,527.6692153536607,538.6633420006931,510.4719345721971,592.0191357205518,477.3565452602243,594.7635990477379,692.4303830250791,517.5085265995501,608.4330132181608,633.3113736131208,525.8786719249322,582.9308614487128,582.9956674339692,647.8911356961918,636.0447930555637,583.7861924047685,620.4151540239665,554.5171326417025,629.2375448994834,646.4474625169945,551.9543418120379,544.5911039583012,600.2020041976297,643.3695750576237,559.5194593338949,581.9520381411072,641.4730928719259,661.2770781531781,642.8075477823278,438.0652348397694,689.1084319979702,488.1020105785348,614.1560940060081,612.4357169634701,659.3192752752362
