,1610555604.25mOvVXuL01OCiReyVWBfesjuvXmB3MoPy,1610555605.43B6oDsBtWRQ29Q9UMQuTUEPZy3FSSWXzc,1610555610.92HPGJJSmyPM40z7otPBgHalNrHFA7zk5d,1610555606.68LaSQbm9EHAFycEfFtEqAwYqlBsQPjIRW,1610555617.19EKxMEwDHfXiEJZc27TsGoERaD6Da4BZU,1610555722.52PJ3FD50MGhRXyUD28vluU8Z9UjLJLZn4,1610555617.52Ijr5puT55g9apK8auM7zaxa3NANg502t,1610555638.77ZLjTLkz4jYJdFMI2wWBztzsDILkoOtAk,1610556912.46C7tJPLF0XfNnm8f1820X9aLmXMHoc0Dw,1610555617.51LjzIROg0aeCP2GhDcAVQ0LipKJB9jmKc,1610555608.17OpjjHobqRkX0UPcaXrbu7K6L3805SZri,1610555721.82zWeNZfGUUfRJkgnAwlP8VMhPzXctnSd4,1610555735.75bom85BDF0C7W2eIseHeMxi24qR68nzMi,1610555735.77NnT5xqKnwcf2BbjIekeb2arTQj6QMNwk,1610555638.33wjf1PhdNaoWfbRzXVn50hmFyB5bYAiLV,1610555606.65jCE4ig8Pu8kvAzkxnSGfWsV0nQBjCf8H,1610555608.18ONsBCVo1i7BrX0XG9stct4oiA6ejX9Oz,1610555721.51RNoQUMP19FTMS79BmA3JkgSm2IC2AQuQ,1610555971.86O0cHB2ibBJ8jxoObg01EpGe8VVV5mpwn,1610556911.51zU3duZSGpcw1BDNsBLxdOCITAXwl6z3i,1610555988.71dMoYT8250UHHJGxgmITTmbHe7V6gH1yU,1610556042.81mlUZsSp7gbGjrp8jQSnybT1gPy6e62o1,1610555637.02UBW5nKvDyUrKnaWcYRGajZPxTRDS0q3N,1610555619.13oUYNikU4facCTpUSiSLr0vPI0tJLnXiT,1610555721.03nzkucfjAUh31zTbmCVvTVYqtjoxZFnBh,1610555722.67fhKURdXVzRbLIjXmjRwdJHTnE7PWb1AE,1610555638.39J2ZWBLuLTHP0jOlzB4tNHmYeijH5g5YJ,1610556032.17Q6yCDx9g7alRnL9jBFXD2JhhUyB2hKfJ,1610557007.49MyVgDnuUuBxrvL6SGOdhKf69VYlW1MSm,1610555638.44hjT5hbYdKoE3MB6hijrjqbjmLgvCUYKD,1610555608.13zUvmFSCRt6SsLbhqFznMEvGx54GPGQzM,1610556038.62a5C4ynd1AARyAhTv8a58NCqHvXRjscqH,1610555644.45Xse8u7pusHNsd7F3d0A32HXvXr6weOJE,1610556038.62gKXOCG7XCn55eJvyl5voNjbwOW0znQDq,1610555987.13v0oleKK97pkesp6oMgprH8SoSdoDVdIO,1610556964.96ZLLeiQW0qpmxhPGTg7K03fmzkqsC2bjC,1610555987.13VQlEedQ50VvkPMEMzZDv3KNnQCewykN9,1610555982.186TY6MMGkDecIN1woW6vsfAMXVV7jnyjO,1610555982.673LuMndkwkvdmZOn0MmE2Pkidx0FtNalb,1610555733.38zItcuH7gHNfKdALR2d9Nek6bxCyw36Vm,1610556034.15BQxSbZINGCay0yp6RBVlgcPrw76Yn9ON,1610555639.37BPZpgtGml8qUsh9AdV4m32jPLfI2aNFq,1610556965.57S0adAalhWYe6K3bkZU0bRHbqnDK8gGkR,1610555983.54zteLPCMjyrjzPdhHhlZr3faCgD0TfYr3,1610555987.79rHnNRmt9a0ufmnwCvZqBouyUoZDNpylW,1610556960.041xWER61rmArlsKfiMl4frikWmUCnQ7op,1610556035.13a7NHZDutfTMJ88qle1gTYY59Dr4WmMsj,1610556890.456ZBDaY16bMtrTZTqAgHl3wq1tRxzqDow,1610555760.24e6890pkbyZ97Or6croI1rQgjkSsR0yVt,1610556043.02YpWMIJg3W004iqlPyv8OcVAZdSC5rNYw,1610555987.03z05P26TLtONYM1HSzupoc2CeNMa6HTqr,1610556032.15OYCzUxpsz7b10AXBAuDXrvEcvxFhf0M7,1610556032.63Z80yI9pNwS3jSmsDABbuhf8wkNa2Ze9y,1610555736.28eGuESasTXdR3SqY6pHhEXWZtcdciYLCO,1610556034.61bebeZA0MkaFG2sm3VKiqrxeqQginTTW0,1610556944.5XwXOphKYT3ZkWA8gViqOS97VHVuMVUqb,1610556944.745UVLFBzf7fPh4UH37I6tYQOFPqRDytEh,1610556034.63XsUwaFaPZevO1JNFjfhvY4aKNFnV4noV,1610556964.89xwBHw9faT1HjQRMNQEyA4qJ3hWkwgj3k,1610556966.74DydzH91jtyvRyYau47JpVkZoMRSNTt01,1610555740.77UueVziDbaXyRR4OcVJIIZyzOfAzN51bj,1610556046.84e3vwjyRCzqz0wJQhrk8zsxlFfFSv98Df,1610556137.99eoPuVrDThKAOvmeprLPb2FWRqIhzUodc,1610555740.73XFwSrmTXJPlaxGZSefh0jOVA8PI3III1,1610556123.88AOfNaz9jSnqU5Czc7okOv1RCrYfKFBTo,1610556046.85nB7NvyoYQeLcOV391Lmmut1wAM8CFGLw,1610556123.89H4pdIAzDthI7bMXMhlIhKUYIQIvtmPPQ,1610555740.87GOYQUJKpkynIS2lFqppYK4b32ol7NeGh
1610555604.25mOvVXuL01OCiReyVWBfesjuvXmB3MoPy,0.0,27911.597830722007,23416.23878267964,31803.260414394343,25230.019261811813,26838.01043950203,25362.002178594725,21898.647784530916,24818.39507492182,30076.48490658829,32613.8453587259,29033.89595017955,31319.661225160275,30182.060354149267,33368.57628451337,33656.77459255541,36498.41804266303,40209.1383999366,26166.710085665258,28287.899229747123,33025.12123111119,34571.21304283785,24777.301236256946,22993.458888977573,32782.40395072482,31111.887205537834,25491.239038470176,28499.30455693242,30541.58405949814,26485.096008336608,30371.236790099923,24368.81161080493,29042.70124670487,32703.791686001336,28653.53799916622,32343.049588598118,28751.867035208303,28514.475545735135,32498.483050499955,29578.546099804662,31735.102087036965,35837.16676616186,30025.448851024357,28710.65218828648,34563.5013396836,32371.53604119767,30516.444129657866,25412.775569183814,28571.968139864195,35108.23450469615,31090.418927252118,28720.19554620929,32646.24826110294,34554.20555458519,30609.231028208207,27521.869607050747,31951.850940958775,32179.832872579533,31323.493245246336,28248.365453789458,35304.75407606594,37959.68964376367,31158.340299426825,33750.945588757335,29274.31035004662,37343.22479830668,31302.901444088286,34349.29574907309
1610555605.43B6oDsBtWRQ29Q9UMQuTUEPZy3FSSWXzc,27911.597830722007,0.0,30617.543965755183,29020.569147712948,28748.549359162993,29014.933847719392,27872.85459415394,30010.296667855702,29875.61775068376,30046.259059842083,29191.07255331323,27946.59097296462,26905.702930615793,34827.928512725106,32122.965250611876,32084.85121323248,33094.96202822288,34893.32475024866,28933.890733816388,29178.028119960247,31743.1904229979,32022.034812544236,28337.970171157656,29714.465265283998,32831.26759714989,31823.945757975038,28270.543590924663,28112.883340447734,29502.31396437031,30032.979812783073,29412.434386590277,28651.651720003014,25665.031766993223,32276.98884956539,28116.746014528606,31882.06680285937,29201.990068772073,27362.962065068914,29971.796425749184,29934.49050278749,31048.5065069289,33709.55208370208,30780.23547279474,27420.64459715437,30534.372182221316,27066.694103217324,31292.884064313894,27721.4042920142,28711.142679230383,33826.98922356436,31224.837712696815,31337.438874768308,31859.653453132156,31685.96973382068,30308.630546635337,29102.575911107575,32516.452437750482,32615.43852577963,31842.228617180383,29158.827836824305,34016.717298081196,35684.709773000206,28846.331672658045,32626.69234879677,28658.847103843607,35455.98019844131,30904.671303237286,33389.68714038366
1610555610.92HPGJJSmyPM40z7otPBgHalNrHFA7zk5d,23416.23878267964,30617.543965755183,0.0,33682.72941470929,27949.3756388654,29470.748076822027,25980.591098335994,20759.977127994796,29532.395441050652,32837.49066168345,34625.773858222376,31623.085126501253,33444.12087319743,30521.30659449759,35512.91819783013,35659.466815406304,38175.15499947224,42048.147339874864,29351.021125238934,31339.141113554062,35217.864257850924,36234.895132260564,28346.140913543684,19130.819833739322,35454.55671087657,32947.84411796651,28559.72367226852,31660.232809857385,33446.72519405169,30047.191398267376,32909.81582463083,29049.523738433214,31563.99584162642,34433.899493889585,31762.3373415568,34307.38421063168,31670.51269889889,31636.654579093603,34800.70546446929,32119.646572150577,34013.24407848674,37888.13282218298,32685.087922767714,31427.24134626213,36719.12864108994,35133.86799499556,33226.969363732176,28913.630492325796,31095.454430554877,37034.852285255045,33427.40768942109,31879.247402943354,35142.29443541133,36209.34399017589,32130.93210137437,31059.351567064637,34776.857204775784,34774.414941030955,34065.528148327605,31048.54869474017,37662.003384303534,39644.85772805648,33050.32364808053,35817.46915434967,31339.63473978086,39450.02398763362,33328.99101836117,36535.07585795475
1610555606.68LaSQbm9EHAFycEfFtEqAwYqlBsQPjIRW,31803.260414394343,29020.569147712948,33682.72941470929,0.0,31537.420843714328,31908.319747503156,31745.353698881027,33264.94437462888,32985.16596662018,34534.44648423274,29576.502653055253,31565.828996684446,33663.46642335381,37138.70141046476,35392.259462678994,28142.212937591477,35032.94090355226,39578.06196964802,31123.397119022087,32188.61572178077,33578.39440777475,35515.18338287955,31121.282062061055,33307.40506335156,35350.63084270845,34344.45264752092,31632.047909805446,30517.760918144417,31622.986283893115,31120.86830880559,30133.127403820883,32489.640214748466,32473.42447728619,33792.63306792037,30219.857430555916,32478.951390882754,30980.500826163352,30816.14904251768,33559.75509689201,31989.03385675312,29737.693103900885,35823.07824235163,32037.38290355891,29425.51434125394,33406.17445197755,32071.933517065783,33352.92170514328,30947.068545383725,32899.32696428111,35296.91548777795,29441.750339452214,33939.373499623325,35248.77466340616,35214.88628141915,33390.22156399457,32067.72857812794,34117.08981049802,29815.346969243903,29105.367839164446,32424.012506001698,35875.085891574694,37940.52518771174,32188.271763014724,35064.40819550689,31474.26848405331,38200.58265610337,32896.60499083603,35158.11047895859
1610555617.19EKxMEwDHfXiEJZc27TsGoERaD6Da4BZU,25230.019261811813,28748.549359162993,27949.3756388654,31537.420843714328,0.0,26145.68962130362,24519.527300284622,27068.8352772381,25182.94092246055,31447.01120158473,30897.884259299706,30074.672582636427,31906.663985074545,32191.683185868456,32188.281906182277,34163.86457691193,34693.574873776306,38634.412896783106,24909.22883506217,29686.5670064177,31955.990272633324,32954.21830050907,22973.738674369946,27215.098188831176,31661.212217443488,28548.262524693382,24665.18140797506,28644.236730096804,30359.077666145928,28373.800479933452,30678.95573390405,26083.52890165786,29813.852980087533,31819.28456766188,29047.618862640644,30867.049036851953,28392.780969692896,28272.038018303258,32220.880990679314,29162.14265114821,31057.498042691885,34107.63560852724,28736.873190466365,28065.650318565393,32997.77323914228,31170.907560768497,30077.141129180884,26516.68493583394,29215.182012799807,33605.03569378626,30581.461821029945,29623.854730465602,32882.294698465186,33456.94955109949,30981.881628105166,26439.756383136548,29898.172557398968,33647.68745140418,31990.25892090564,27007.073592671833,33870.2174204759,36836.129586872165,30128.508799560794,31992.847557896377,28892.44144351022,36010.9546847842,30361.191686786016,32808.41195661055
1610555722.52PJ3FD50MGhRXyUD28vluU8Z9UjLJLZn4,26838.01043950203,29014.933847719392,29470.748076822027,31908.319747503156,26145.68962130362,0.0,27335.502979175657,29186.219488597053,27976.61910743913,31558.859309637974,30738.827176831543,30324.9959287788,32551.665983624953,33496.80613246793,33039.30687802194,34880.40245699743,34588.5529842928,39358.584641219866,20598.48205350044,30127.017002380293,32519.60727625826,33540.90268205265,25967.663538974906,28997.876131204703,32267.083840264626,21555.175735336292,27221.666268991237,29041.61763966844,30822.625639518716,29740.027181537695,31356.28481944282,27910.040923683475,30804.231842070945,32856.031063922776,29518.927784141415,31499.250979488013,29497.601891396363,29043.933462709178,32554.526570088598,29102.884740706086,31990.036576491166,35421.6493648657,29726.02828766585,28602.289689699523,33131.01959761173,30691.79612765543,30528.044892614198,26764.129572784594,29855.210929954836,34060.2610487841,31385.912690372348,29708.708057888733,32752.819230245215,33876.95292020465,31525.428039509145,27021.458322661096,30644.170222849534,34102.29886537316,32259.534799742236,27892.174698289185,34539.44581588457,36846.82323651238,31308.24097494267,32500.276459499582,30008.968702909784,36368.46268837249,30999.108183678363,33413.70747625156
1610555617.52Ijr5puT55g9apK8auM7zaxa3NANg502t,25362.002178594725,27872.85459415394,25980.591098335994,31745.353698881027,24519.527300284622,27335.502979175657,0.0,25486.032704113582,27576.803919241556,31244.368277524816,31967.935076342746,30042.225079581443,31993.963829974364,28813.27721485821,33326.23367257588,34611.3570902109,35778.41821695907,39134.96767947628,26843.602213579572,29854.14973290946,33040.18207523351,33341.645160095555,26101.478777655313,25752.43000494739,32898.198014119436,30861.086308910457,26509.64571284553,28993.290776233076,30961.834201412046,26482.268465208133,30902.278734236155,26103.425605627137,30205.493187920652,32870.094979681824,29477.467978943096,32477.584685556143,29671.598987168676,29279.295470527835,32815.24541909359,30009.530564917943,31928.206347050695,35337.48005377037,30262.186616507952,28340.016621765008,34233.21199882728,31629.69668044834,30755.633799992895,26767.42756547038,29369.379962046514,35153.53618056002,31613.00923060263,29988.757267413246,33013.28601613313,33980.287206164285,31152.825579448938,28885.624402715282,32224.24150767271,32976.061558740104,32659.97864385077,27517.81939403449,35144.716873789686,37635.4524244734,30969.406740247177,33405.46122271262,29580.45713834945,36651.595700313206,31597.64887574948,34100.64075635715
1610555638.77ZLjTLkz4jYJdFMI2wWBztzsDILkoOtAk,21898.647784530916,30010.296667855702,20759.977127994796,33264.94437462888,27068.8352772381,29186.219488597053,25486.032704113582,0.0,28162.06350856053,32202.962020929735,33699.291159019354,30949.29271176707,33038.45790516557,25358.605627186927,34275.70451364448,35424.04985192457,37684.834074614846,41294.42812351165,28369.89219046786,30834.513609217687,34512.45112083755,35304.904421818166,27588.248441545755,16669.15442301672,34395.72998293936,32606.59000030397,27309.080466853327,30637.033168873593,32859.28680091241,29678.382577924556,32594.384656909682,27479.217662616727,31035.573428141513,34364.52888135766,30438.020437873285,33782.20987894818,30852.939644637918,31003.090881045304,34292.597146209766,31217.319395862545,33212.367716372886,36825.367776635925,31543.33223938727,30570.300148994076,36235.78657026873,34308.3056925179,32338.33433725657,28031.76272804642,31009.762118760398,36328.345501458534,32697.473137835466,30795.83743727996,34455.528442238145,35774.666836358105,31898.609629502458,29980.702309399014,33528.254924696244,34236.13549374685,33226.662489898044,29926.6907930203,36504.131847621094,39347.270769051414,32711.19293302774,35017.86450866159,30888.430002018795,38365.0608441761,32521.06598110336,35645.434312976286
1610556912.46C7tJPLF0XfNnm8f1820X9aLmXMHoc0Dw,24818.39507492182,29875.61775068376,29532.395441050652,32985.16596662018,25182.94092246055,27976.61910743913,27576.803919241556,28162.06350856053,0.0,31847.224408578106,33144.27683042476,30617.196649092555,33514.49244588465,32967.95487904238,33843.72550723714,35614.19763086254,37011.90419759019,40520.697462102886,27129.843769592553,30055.116919782082,33182.329527626185,35150.11389975942,26788.210719855433,28458.973334279686,33755.9966579045,31576.561607632426,26748.189320355104,29338.027651660323,31548.067524305294,29076.613651301333,31995.099230057458,27500.83208961988,31319.02004307647,34046.2463465653,29446.94639220985,32850.58096118417,29114.706695323137,30019.686939329375,33983.39152201488,30675.178222728235,32465.91233164996,35857.36344397027,30607.96418814817,29550.623010927953,34986.40765708202,32774.17576507548,30753.13044175671,27095.37659733365,30705.085490742113,35493.306264849976,32039.52524474686,30571.393279889235,34018.02061079674,35067.2539412018,32496.287586702274,27942.242987375048,32062.6128278255,33506.61594540949,33133.68637806231,28813.95127477831,35268.07699554691,38729.164082298055,33045.10137615918,34004.63256170057,31628.73815322272,37503.4523511276,32401.95515003504,34421.222652153345
1610555617.51LjzIROg0aeCP2GhDcAVQ0LipKJB9jmKc,30076.48490658829,30046.259059842083,32837.49066168345,34534.44648423274,31447.01120158473,31558.859309637974,31244.368277524816,32202.962020929735,31847.224408578106,0.0,35307.95279269159,31972.237580248526,30433.765620589893,36689.00699699707,36128.99944934478,36179.94161190566,38888.129482690754,42713.796600690526,31896.824492658994,28597.391717575898,35384.22028464144,36753.62931751179,30877.240042241476,31908.07093159577,36215.615969135084,35303.45523327477,30940.827479957352,31869.344007620733,32834.00047189243,32986.285841788485,31956.891271525266,32210.558723656588,26489.649294071918,35384.13461927979,31317.311411525978,35653.355487334025,31961.166137853084,31331.90746150569,34636.15854873359,31886.371948234326,34341.52139962345,38318.90360687255,33007.84633193478,31862.0120800445,37147.40690126759,35159.05467234748,33193.74762642096,29268.936820384206,23312.764712687404,36999.904397734404,33472.06274797932,33077.057357582744,33764.80162267326,36767.72103264875,32806.49979088126,32243.046492053632,35581.87803296351,35324.43478974517,34144.60173448813,32428.62777359806,37980.28227989701,40100.53883979786,33038.517670251014,36741.951408430796,30109.708102932622,39348.72149873369,33674.80199074615,37043.71827486672
1610555608.17OpjjHobqRkX0UPcaXrbu7K6L3805SZri,32613.8453587259,29191.07255331323,34625.773858222376,29576.502653055253,30897.884259299706,30738.827176831543,31967.935076342746,33699.291159019354,33144.27683042476,35307.95279269159,0.0,32337.972113011456,33862.78920735751,37152.465072116145,33849.39488207251,35284.75664862577,22921.174619434772,38079.50340646081,29969.162849120687,33272.12945393498,31487.37015555239,31900.544532966327,31316.792769163432,33826.70343048035,33460.32342493929,31305.0772467478,31692.812863684325,29687.615961174924,32014.080029611054,33669.16895553771,33452.28446896082,32133.889194357183,32604.057134322826,34396.329105227356,31315.7322443629,30056.236775393067,31426.82714800317,31736.8699606587,32755.146522078365,30826.167871594764,31890.265764077332,31051.633335134524,30875.274199692045,29843.779548778228,31171.047812946825,26887.67693530555,33152.533300172996,31186.270191254665,33615.117570962626,33614.25398340228,32540.74524392465,33926.25663162664,35259.48361428532,32327.29888301687,33492.4692673164,32287.729374039427,30572.111870353263,35493.31528989512,34188.68653754537,31385.96921944831,32571.033636201686,32117.874557313677,32099.060448637636,30875.39153838691,31998.268613271404,32811.554770912044,32077.51034529394,32240.58945475622
1610555721.82zWeNZfGUUfRJkgnAwlP8VMhPzXctnSd4,29033.89595017955,27946.59097296462,31623.085126501253,31565.828996684446,30074.672582636427,30324.9959287788,30042.225079581443,30949.29271176707,30617.196649092555,31972.237580248526,32337.972113011456,0.0,31767.41030343325,35416.26156264218,33406.56456739127,33722.578044671005,36103.98048782913,39216.43716914331,30119.655900465557,29509.73659108278,25998.34974268647,33904.19447242519,29598.19527838668,31146.71599492103,34735.78489472953,33669.139737356745,29445.48997910835,25620.524109740883,28852.80923337209,31504.495544904337,31257.64453837564,30783.48043016071,30151.688612827067,34192.32524699844,24409.938507066803,31368.38687107406,29658.426485122003,29625.7024243907,33179.10232764809,30349.12802942388,30660.407426037782,31456.961488372264,31038.282988265273,26493.725160560567,34255.63089074171,32393.821399066732,31556.383913015383,27395.95179852211,30736.06745994015,34693.201638816805,30250.53467681064,31768.411715258375,33852.0887216307,35063.96566036016,31746.96012632934,29414.388525972074,34122.60324716917,32135.21058611331,32157.080314029747,27390.692392997258,35449.71796360232,37902.289209038114,31567.50287797608,34350.762902468065,30154.367369725358,37389.94438862662,31409.855571615513,34771.00899447939
1610555735.75bom85BDF0C7W2eIseHeMxi24qR68nzMi,31319.661225160275,26905.702930615793,33444.12087319743,33663.46642335381,31906.663985074545,32551.665983624953,31993.963829974364,33038.45790516557,33514.49244588465,30433.765620589893,33862.78920735751,31767.41030343325,0.0,37371.355416085535,35316.23196099308,34700.916504888184,37226.19106341482,40782.24360717651,32730.35927932127,31839.47804031121,35029.26576487254,36495.28267549346,32169.80169549024,32603.549316310462,36537.32426193114,35098.647749187425,31365.696124715192,32305.99581909191,32914.94048105733,34283.26877812841,31464.471707711808,32734.960995766025,19107.16286055174,35266.240750939105,31952.644117665615,35567.283568265026,32627.70754530398,31683.583634299404,34164.34785843428,31671.77706144084,34364.63389284918,37392.244163351636,33706.373726978316,31719.669939891926,36002.03727454287,33983.4715981847,33871.54960124278,31206.520406274,30729.037226049848,36159.29292274949,34138.501139336055,34147.552298567505,33525.803500337344,34895.54085069326,32848.326024067755,32882.38801338321,36098.21126196106,36337.00717083493,34752.52612054249,33106.94874691384,37660.25294224664,38629.423679858664,31852.029540728523,36175.03149262512,31223.19909308434,38778.23362816266,33607.34657724835,36978.53137164178
1610555735.77NnT5xqKnwcf2BbjIekeb2arTQj6QMNwk,30182.060354149267,34827.928512725106,30521.30659449759,37138.70141046476,32191.683185868456,33496.80613246793,28813.27721485821,25358.605627186927,32967.95487904238,36689.00699699707,37152.465072116145,35416.26156264218,37371.355416085535,0.0,37891.00525054438,39123.1542749737,40629.49748807557,44002.453099567414,32969.58732192215,35388.24826353037,38359.059920629705,38631.99756591703,32866.46391257341,28228.692846042897,38755.45644222387,36396.26864906706,32494.327170545985,35210.19210222244,37098.471971669096,33973.42265092723,37159.13061766262,32298.207912411744,35963.31139574305,38759.83488446521,34824.28475522875,37272.006135211566,35428.01763912416,35713.562659482326,38794.42817616493,35620.33950669517,37322.26022211051,40131.821858062445,35859.07280568852,34826.440339902125,39426.59594952449,37796.241099767976,37089.91208454168,33507.65412005607,35817.50526353394,39818.30430745339,36635.09532592371,35646.46553628458,38964.35845585413,39500.066519965374,36895.6083544582,35017.688386383634,37281.679927155375,38450.63225332682,37472.056263936225,34152.024108526566,39902.81109749582,42548.40547284233,37134.38382515601,38485.17096081861,35802.246835377766,40848.84509374708,36996.882454356564,38888.23917514352
1610555638.33wjf1PhdNaoWfbRzXVn50hmFyB5bYAiLV,33368.57628451337,32122.965250611876,35512.91819783013,35392.259462678994,32188.281906182277,33039.30687802194,33326.23367257588,34275.70451364448,33843.72550723714,36128.99944934478,33849.39488207251,33406.56456739127,35316.23196099308,37891.00525054438,0.0,37549.43810859713,36614.407262805566,40890.455070802294,32592.218158137577,34571.95398621868,34259.1715893709,34634.64724682872,33416.78301639201,34230.433230327246,36856.86463339112,34311.72940247514,33167.143464259425,32193.36632964478,33870.0835572741,35237.47197867479,34590.226675461236,33635.42589972166,34008.598196256076,37490.77947506292,32657.549892131665,33695.77259722124,32265.153751325317,34070.633279529015,36339.58866340599,31804.37468550363,30259.817700794098,34830.74115608203,32070.444046304703,32032.95198461165,34196.67732754593,34065.76410292305,33866.08777855906,32369.507645375987,34534.89500071049,36531.1027632298,34377.790127440436,35433.740533922544,37302.66633280978,34287.63859054432,35172.6833568915,33922.01039450949,34485.211979843094,37374.21311953804,35949.59397432851,32438.074071826475,30954.295060918408,37267.976593171545,34524.3742790503,32287.165570198595,34475.48426356535,35586.20345454014,34691.15399303797,30719.02701395801
1610555606.65jCE4ig8Pu8kvAzkxnSGfWsV0nQBjCf8H,33656.77459255541,32084.85121323248,35659.466815406304,28142.212937591477,34163.86457691193,34880.40245699743,34611.3570902109,35424.04985192457,35614.19763086254,36179.94161190566,35284.75664862577,33722.578044671005,34700.916504888184,39123.1542749737,37549.43810859713,0.0,38926.92119021299,42540.810113950436,34393.55684651099,33490.75327535013,37001.54872121803,38829.99716492027,33318.15602184062,35329.96395541653,37732.24674940629,36987.1809559757,33834.18650778834,34150.06173773618,33859.16209375134,33361.09872230195,30190.393147746134,34663.85966739743,33325.2718317897,34938.25461550087,32067.96278749375,34574.28715928951,32367.695227228796,30978.492312784976,36194.53681145789,34234.08404089238,31759.92830723038,39332.977122489094,35202.3684186339,32949.0749989554,36062.66643133219,36390.581559265935,35184.79753900762,32952.376653818275,34305.34320632858,36813.08603283096,31685.32678465508,35774.69008822293,36869.69207261799,38007.096587695945,33992.419024476534,34361.1286024954,37686.55183413228,30580.08598938616,31202.818750671802,35087.67167890427,38779.24654151931,40346.09336689698,32117.97470399938,37902.901209894066,32801.473418396614,41001.585570589494,34580.63037631502,38228.46325400009
1610555608.18ONsBCVo1i7BrX0XG9stct4oiA6ejX9Oz,36498.41804266303,33094.96202822288,38175.15499947224,35032.94090355226,34693.574873776306,34588.5529842928,35778.41821695907,37684.834074614846,37011.90419759019,38888.129482690754,22921.174619434772,36103.98048782913,37226.19106341482,40629.49748807557,36614.407262805566,38926.92119021299,0.0,40516.489903811715,33899.19382175733,37265.593035418184,34831.52923393641,33936.1785650352,35257.63885948581,37520.014882694944,36872.47847776686,34007.611182287204,35692.86207507162,33577.29386086038,35480.41801370966,37540.096944598496,37410.28218037156,35676.15086972043,36122.22096743715,37912.6305333708,35452.01320497506,33776.35211695832,35669.052383954964,35542.90579805643,35039.71206176318,34562.40658367369,35476.44292603301,33777.206741688366,35081.035848312946,33445.81464162086,33820.86886816557,30770.55186496152,36775.22570059198,35335.632864733336,36792.82644803474,36348.368748369314,36770.21755904273,37783.23026255029,38485.52096155837,34347.94592492476,37215.51007815604,36100.31506071558,33476.20332224561,39416.44105445192,38263.502942926265,34922.10946859715,34828.931825004554,33294.178053820295,35012.30327517171,32208.25588634007,35750.2967822934,34206.23567962264,35623.80931369832,34731.50250419095
1610555721.51RNoQUMP19FTMS79BmA3JkgSm2IC2AQuQ,40209.1383999366,34893.32475024866,42048.147339874864,39578.06196964802,38634.412896783106,39358.584641219866,39134.96767947628,41294.42812351165,40520.697462102886,42713.796600690526,38079.50340646081,39216.43716914331,40782.24360717651,44002.453099567414,40890.455070802294,42540.810113950436,40516.489903811715,0.0,39241.78770064712,41424.174349945075,39780.22164563627,40089.49965535778,39459.62443780798,41451.956251996824,42094.06654606072,39773.54600147659,39618.16663264285,38032.45128003584,40304.7824740544,41278.7652630293,41253.15346825505,40017.88961988302,39887.33157015728,40936.36801955348,39712.3847050396,36898.545613696624,40557.45626510731,39065.902522364,41066.575424329654,39121.861334422145,40243.88087091455,40017.04674962263,40003.7424383365,37932.0973392152,34753.64952102386,32883.932793397944,40227.303773779415,39120.17141263061,40619.901746816766,42292.12501993505,40446.74075836482,41121.511792875266,42073.2535686872,39584.34764821528,41804.91693977259,40246.59629157831,40753.071165251786,43176.45397828183,41341.09218535453,39532.69418682579,40478.08011526316,41988.584031197315,39746.583939993856,39573.31157383741,39824.98193921313,41466.7082462264,40174.15123435248,40469.84755836455
1610555971.86O0cHB2ibBJ8jxoObg01EpGe8VVV5mpwn,26166.710085665258,28933.890733816388,29351.021125238934,31123.397119022087,24909.22883506217,20598.48205350044,26843.602213579572,28369.89219046786,27129.843769592553,31896.824492658994,29969.162849120687,30119.655900465557,32730.35927932127,32969.58732192215,32592.218158137577,34393.55684651099,33899.19382175733,39241.78770064712,0.0,30391.14427774991,32024.55294698808,32311.427198435507,25827.874551722656,28571.69805918603,32059.497382479378,24391.527674605422,26954.92639569526,28171.594015868188,30279.141864681063,28511.497362475657,31009.341118407494,27417.4932906414,30871.28031507563,32190.188271659925,29227.272439269254,30955.22453158081,28588.87712385266,28968.56372276278,32097.701766085742,28326.794803591427,31061.402439707235,33623.8779694175,28826.563673078406,27744.21548495254,32756.959158794612,30388.232517873676,30830.167723380244,26171.374830385987,30226.85130859768,33572.65708840477,30796.50608836275,29605.357841367764,33259.98628872069,33647.978575511755,31448.01387670221,27514.3416534439,29255.360753388464,33515.93125116197,31798.92657437686,27082.51802941945,33384.31598038039,36404.80596951648,31148.30875152675,31547.728456220608,29576.08043043576,35319.64685377338,30645.587605295197,32353.23385233609
1610556911.51zU3duZSGpcw1BDNsBLxdOCITAXwl6z3i,28287.899229747123,29178.028119960247,31339.141113554062,32188.61572178077,29686.5670064177,30127.017002380293,29854.14973290946,30834.513609217687,30055.116919782082,28597.391717575898,33272.12945393498,29509.73659108278,31839.47804031121,35388.24826353037,34571.95398621868,33490.75327535013,37265.593035418184,41424.174349945075,30391.14427774991,0.0,32582.129247062363,35790.025357772836,28742.864624319154,30890.57002863643,35339.769336866084,34335.171778895325,29218.567578714246,29536.279366708317,31213.367230793803,31383.055729386768,29684.39706913004,30454.347237040907,29378.1290870968,33184.212278202474,28120.826147351883,32997.70471477238,28819.21413361989,28937.870581101983,34097.37646965465,30657.08029726286,31704.39723170293,36500.974770527,30823.54941049271,29357.2609895823,35168.722890888086,33943.69773341139,30990.93662530832,27825.702440001387,28358.929369148456,35817.3700221008,30678.49556089252,31934.44881227979,33811.515409983294,35270.72692894061,29583.939222549983,30523.859252777384,34107.949150016044,31732.8781448946,31222.097437832675,30662.74748624852,36411.02183739002,38787.97982017952,30962.679007168612,35168.43552848446,28655.244081478937,38087.779445435335,31977.821945592565,35776.89153292316
1610555988.71dMoYT8250UHHJGxgmITTmbHe7V6gH1yU,33025.12123111119,31743.1904229979,35217.864257850924,33578.39440777475,31955.990272633324,32519.60727625826,33040.18207523351,34512.45112083755,33182.329527626185,35384.22028464144,31487.37015555239,25998.34974268647,35029.26576487254,38359.059920629705,34259.1715893709,37001.54872121803,34831.52923393641,39780.22164563627,32024.55294698808,32582.129247062363,0.0,34076.965467080656,32529.888573088363,34547.549862157335,36202.12624187791,33744.899857727614,32380.454522599444,25704.80505598156,31714.130069126448,35137.74676642544,34349.7859375664,33626.47002252349,33786.68329903623,35835.22327310702,28829.771782583914,31798.846025763283,31234.08110570142,32774.18684005517,34715.38367485286,31759.508049512173,31532.376807565444,29011.942732522304,31281.71623257637,28305.35540632882,35115.90559460131,32338.57184691863,32499.30933123136,30721.85721496948,33735.2088947598,35382.32344910233,30958.181260689813,35158.486948058184,36142.718092837174,35295.95370341645,34448.02117446842,32780.503561787555,33780.0153852657,34937.53473308097,33883.80259571272,30310.787758280676,34028.141962844114,37426.84185032989,33931.4258680192,33792.760260029296,32861.432177761184,36462.70007723966,32864.733657304896,33338.44770060134
1610556042.81mlUZsSp7gbGjrp8jQSnybT1gPy6e62o1,34571.21304283785,32022.034812544236,36234.895132260564,35515.18338287955,32954.21830050907,33540.90268205265,33341.645160095555,35304.904421818166,35150.11389975942,36753.62931751179,31900.544532966327,33904.19447242519,36495.28267549346,38631.99756591703,34634.64724682872,38829.99716492027,33936.1785650352,40089.49965535778,32311.427198435507,35790.025357772836,34076.965467080656,0.0,33667.26779719582,35336.7652510038,37314.19382656789,34363.17211803202,33918.02650832081,31964.772108406494,35360.24856334838,35410.591047326525,36574.784309791416,33955.83481684542,35235.58846987436,36724.328380476436,34437.243014882886,34514.42851119668,34458.142360717946,34890.878454397105,36193.495263562865,32506.02689187532,34225.45717181501,33383.02966506163,34265.01736016201,32461.170024284573,34998.0580919978,32548.90429680979,34417.62739838993,33732.005578921104,35314.11254090727,36671.39364057228,34810.02081394849,35510.91497118075,36667.12761113708,34524.73142503931,36368.93153896065,34519.70440329106,34327.185221493935,38097.56960105793,36628.69710031544,32945.42470120187,33861.67519788372,35517.1341906512,34683.03054066906,33011.7823158436,34613.462297321326,32158.765053852076,34959.35222785147,33732.21188864342
1610555637.02UBW5nKvDyUrKnaWcYRGajZPxTRDS0q3N,24777.301236256946,28337.970171157656,28346.140913543684,31121.282062061055,22973.738674369946,25967.663538974906,26101.478777655313,27588.248441545755,26788.210719855433,30877.240042241476,31316.792769163432,29598.19527838668,32169.80169549024,32866.46391257341,33416.78301639201,33318.15602184062,35257.63885948581,39459.62443780798,25827.874551722656,28742.864624319154,32529.888573088363,33667.26779719582,0.0,27576.129953576838,30850.050325159813,30369.199577632367,24162.661119766675,28554.55570552725,29992.59832580856,26042.597932397573,30135.211221606056,24692.254431138397,29708.85293143542,31353.133712793046,28352.25703953068,31273.29610894285,27810.350313287225,26701.141679668435,31545.126829457276,29331.078382190288,31038.543217163926,35228.977812302925,29288.732018598017,28387.613337659746,33245.71856664292,30984.036172504188,30103.46399612499,25754.347817062582,28646.606735168414,33965.53224706605,30227.477768536854,28881.757270598588,32372.532471090828,33605.65885160617,30169.1236735,25272.114156403673,30225.133189243035,31523.769130478104,30816.94572464042,26707.606870739495,34293.05084995064,37257.219867923544,29657.560778083964,32757.567653658523,27886.770432839094,36515.27040037484,30691.153449984206,33371.998559399784
1610555619.13oUYNikU4facCTpUSiSLr0vPI0tJLnXiT,22993.458888977573,29714.465265283998,19130.819833739322,33307.40506335156,27215.098188831176,28997.876131204703,25752.43000494739,16669.15442301672,28458.973334279686,31908.07093159577,33826.70343048035,31146.71599492103,32603.549316310462,28228.692846042897,34230.433230327246,35329.96395541653,37520.014882694944,41451.956251996824,28571.69805918603,30890.57002863643,34547.549862157335,35336.7652510038,27576.129953576838,0.0,34376.48543459854,32428.71953253238,27407.872369867888,30777.378934372173,32875.23929061013,29851.310503485503,32146.449888680396,28084.54939929022,30857.596784221223,34451.448321980584,30828.103396529685,34066.76862603766,31143.507040723725,31119.793998958106,34368.864478488445,31133.114246782116,33411.76981973318,36861.58387256793,31793.401748762026,30369.927868914558,36232.72900099478,34035.211862264965,32580.96360103398,28057.675567168688,30787.87045012584,36387.4731945955,32761.394921197963,31151.305141469118,34301.96514554099,35658.05838412167,31977.436724389296,30111.77182294504,33547.07520344436,34457.974190082365,33111.56203186689,30101.02991368283,36789.87498286668,39235.62314273813,32332.054990893248,35207.13113665425,30700.451827266945,38338.23201197714,32389.364481066244,35811.05383632157
1610555721.03nzkucfjAUh31zTbmCVvTVYqtjoxZFnBh,32782.40395072482,32831.26759714989,35454.55671087657,35350.63084270845,31661.212217443488,32267.083840264626,32898.198014119436,34395.72998293936,33755.9966579045,36215.615969135084,33460.32342493929,34735.78489472953,36537.32426193114,38755.45644222387,36856.86463339112,37732.24674940629,36872.47847776686,42094.06654606072,32059.497382479378,35339.769336866084,36202.12624187791,37314.19382656789,30850.050325159813,34376.48543459854,0.0,34076.85183977595,33300.98843545564,32628.91177758225,34236.37256040821,33971.1033241096,35670.53932039461,32041.45772440409,34663.01666780766,35872.439390011474,33552.72803663705,34832.63915065079,33505.978023099655,32834.63360378879,30453.12871284446,33120.64391110162,35650.4494136462,37748.82078087244,33637.1377174604,32791.053440191856,36092.76567747461,33854.51323944536,35085.080199927295,31129.025395302262,34804.77416795548,37294.775585612304,34890.314788345066,35239.06263555302,37041.630380971095,36509.53669865495,36093.3657747405,31623.61482822972,31939.143309907162,36391.41495925188,35403.77424241502,31962.520202419964,37195.32862505062,39165.25253539787,35053.80676867041,35344.93569976109,33916.70544920126,39095.17996598515,34608.1482639396,36332.621781574155
1610555722.67fhKURdXVzRbLIjXmjRwdJHTnE7PWb1AE,31111.887205537834,31823.945757975038,32947.84411796651,34344.45264752092,28548.262524693382,21555.175735336292,30861.086308910457,32606.59000030397,31576.561607632426,35303.45523327477,31305.0772467478,33669.139737356745,35098.647749187425,36396.26864906706,34311.72940247514,36987.1809559757,34007.611182287204,39773.54600147659,24391.527674605422,34335.171778895325,33744.899857727614,34363.17211803202,30369.199577632367,32428.71953253238,34076.85183977595,0.0,30713.918859340964,31138.027148893998,33384.98192314916,33240.07946387984,34200.097352375,31147.02464257489,33761.67036038157,35178.542966188004,32961.791688647514,32333.529447326127,32587.459852896023,32404.7163140132,34399.096727299824,31309.592166779945,34177.66326511691,35193.959279221795,32065.071061511666,31248.308668984748,34636.99708437365,31694.532134166326,33244.39056133131,30577.512376391172,33212.8302400866,35029.39884497418,34037.68422116633,33878.429613244174,35597.71423887669,34825.37927445009,34616.342272480935,31213.082896834323,31785.416554250874,37068.48311650874,35042.61657229154,30865.51526203421,34889.89293915546,37335.86953941546,33406.04188395211,32535.383580961723,32762.283256140283,36537.58145446651,32722.149030201825,34080.72745180096
1610555638.39J2ZWBLuLTHP0jOlzB4tNHmYeijH5g5YJ,25491.239038470176,28270.543590924663,28559.72367226852,31632.047909805446,24665.18140797506,27221.666268991237,26509.64571284553,27309.080466853327,26748.189320355104,30940.827479957352,31692.812863684325,29445.48997910835,31365.696124715192,32494.327170545985,33167.143464259425,33834.18650778834,35692.86207507162,39618.16663264285,26954.92639569526,29218.567578714246,32380.454522599444,33918.02650832081,24162.661119766675,27407.872369867888,33300.98843545564,30713.918859340964,0.0,28772.22875501881,30097.852452582345,29167.59297558373,29621.10431155359,28003.67453429688,29192.13123377807,31960.059125688582,28544.174145464644,32218.123487293746,28276.054078734887,28462.922855259592,33094.13551500862,29366.270710740828,31572.608310929125,34991.19416724239,29879.129160352364,28566.924861053067,34007.07441769006,31783.56211952076,29829.029561732008,25878.42532281724,28920.16207010115,33213.69465033932,31481.465431971086,28894.958570657724,32504.772353639422,33804.18876533777,30265.204038414387,27992.464810152276,32187.811815499863,33298.02907844285,32224.225388094477,28352.03242959061,34675.10759372642,36986.487844657466,29979.353632758335,33336.555631991534,28476.876437305218,36382.79153942421,29752.515959449553,33615.78614354524
1610556032.17Q6yCDx9g7alRnL9jBFXD2JhhUyB2hKfJ,28499.30455693242,28112.883340447734,31660.232809857385,30517.760918144417,28644.236730096804,29041.61763966844,28993.290776233076,30637.033168873593,29338.027651660323,31869.344007620733,29687.615961174924,25620.524109740883,32305.99581909191,35210.19210222244,32193.36632964478,34150.06173773618,33577.29386086038,38032.45128003584,28171.594015868188,29536.279366708317,25704.80505598156,31964.772108406494,28554.55570552725,30777.378934372173,32628.91177758225,31138.027148893998,28772.22875501881,0.0,28755.193108852414,30835.338987251216,31726.962994844846,29846.220572229184,30582.740051604396,32091.195098183263,26256.766129924235,29572.823634973844,27933.712179586186,28523.08825743584,31852.63063596186,28408.08423726864,29447.467536407537,27497.714567191048,28695.73996738506,24666.41250460318,32503.07630560678,29262.78880136844,30005.220138704182,27119.072294254267,30527.49216782021,33134.46915764889,27104.574629734325,31462.423532318735,32658.426055026994,32966.70086114366,31818.202580110323,29277.216930043633,30332.115054856808,32083.588501898594,29325.70824915572,27447.28124566178,31415.86587755821,36023.67611329921,30738.458232729947,30990.22914718607,29335.621271755215,34692.063598424786,29892.890149530882,30172.361191612534
