,1610555604.25mOvVXuL01OCiReyVWBfesjuvXmB3MoPy,1610555605.43B6oDsBtWRQ29Q9UMQuTUEPZy3FSSWXzc,1610555610.92HPGJJSmyPM40z7otPBgHalNrHFA7zk5d,1610555606.68LaSQbm9EHAFycEfFtEqAwYqlBsQPjIRW,1610555617.19EKxMEwDHfXiEJZc27TsGoERaD6Da4BZU,1610555722.52PJ3FD50MGhRXyUD28vluU8Z9UjLJLZn4,1610555617.52Ijr5puT55g9apK8auM7zaxa3NANg502t,1610555638.77ZLjTLkz4jYJdFMI2wWBztzsDILkoOtAk,1610556912.46C7tJPLF0XfNnm8f1820X9aLmXMHoc0Dw,1610555617.51LjzIROg0aeCP2GhDcAVQ0LipKJB9jmKc,1610555608.17OpjjHobqRkX0UPcaXrbu7K6L3805SZri,1610555721.82zWeNZfGUUfRJkgnAwlP8VMhPzXctnSd4,1610555735.75bom85BDF0C7W2eIseHeMxi24qR68nzMi,1610555735.77NnT5xqKnwcf2BbjIekeb2arTQj6QMNwk,1610555638.33wjf1PhdNaoWfbRzXVn50hmFyB5bYAiLV,1610555606.65jCE4ig8Pu8kvAzkxnSGfWsV0nQBjCf8H,1610555608.18ONsBCVo1i7BrX0XG9stct4oiA6ejX9Oz,1610555721.51RNoQUMP19FTMS79BmA3JkgSm2IC2AQuQ,1610555971.86O0cHB2ibBJ8jxoObg01EpGe8VVV5mpwn,1610556911.51zU3duZSGpcw1BDNsBLxdOCITAXwl6z3i,1610555988.71dMoYT8250UHHJGxgmITTmbHe7V6gH1yU,1610556042.81mlUZsSp7gbGjrp8jQSnybT1gPy6e62o1,1610555637.02UBW5nKvDyUrKnaWcYRGajZPxTRDS0q3N,1610555619.13oUYNikU4facCTpUSiSLr0vPI0tJLnXiT,1610555721.03nzkucfjAUh31zTbmCVvTVYqtjoxZFnBh,1610555722.67fhKURdXVzRbLIjXmjRwdJHTnE7PWb1AE,1610555638.39J2ZWBLuLTHP0jOlzB4tNHmYeijH5g5YJ,1610556032.17Q6yCDx9g7alRnL9jBFXD2JhhUyB2hKfJ,1610557007.49MyVgDnuUuBxrvL6SGOdhKf69VYlW1MSm,1610555638.44hjT5hbYdKoE3MB6hijrjqbjmLgvCUYKD,1610555608.13zUvmFSCRt6SsLbhqFznMEvGx54GPGQzM,1610556038.62a5C4ynd1AARyAhTv8a58NCqHvXRjscqH,1610555644.45Xse8u7pusHNsd7F3d0A32HXvXr6weOJE,1610556038.62gKXOCG7XCn55eJvyl5voNjbwOW0znQDq,1610555987.13v0oleKK97pkesp6oMgprH8SoSdoDVdIO,1610556964.96ZLLeiQW0qpmxhPGTg7K03fmzkqsC2bjC,1610555987.13VQlEedQ50VvkPMEMzZDv3KNnQCewykN9,1610555982.186TY6MMGkDecIN1woW6vsfAMXVV7jnyjO,1610555982.673LuMndkwkvdmZOn0MmE2Pkidx0FtNalb,1610555733.38zItcuH7gHNfKdALR2d9Nek6bxCyw36Vm,1610556034.15BQxSbZINGCay0yp6RBVlgcPrw76Yn9ON,1610555639.37BPZpgtGml8qUsh9AdV4m32jPLfI2aNFq,1610556965.57S0adAalhWYe6K3bkZU0bRHbqnDK8gGkR,1610555983.54zteLPCMjyrjzPdhHhlZr3faCgD0TfYr3,1610555987.79rHnNRmt9a0ufmnwCvZqBouyUoZDNpylW,1610556960.041xWER61rmArlsKfiMl4frikWmUCnQ7op,1610556035.13a7NHZDutfTMJ88qle1gTYY59Dr4WmMsj,1610556890.456ZBDaY16bMtrTZTqAgHl3wq1tRxzqDow,1610555760.24e6890pkbyZ97Or6croI1rQgjkSsR0yVt,1610556043.02YpWMIJg3W004iqlPyv8OcVAZdSC5rNYw,1610555987.03z05P26TLtONYM1HSzupoc2CeNMa6HTqr,1610556032.15OYCzUxpsz7b10AXBAuDXrvEcvxFhf0M7,1610556032.63Z80yI9pNwS3jSmsDABbuhf8wkNa2Ze9y,1610555736.28eGuESasTXdR3SqY6pHhEXWZtcdciYLCO,1610556034.61bebeZA0MkaFG2sm3VKiqrxeqQginTTW0,1610556944.5XwXOphKYT3ZkWA8gViqOS97VHVuMVUqb,1610556944.745UVLFBzf7fPh4UH37I6tYQOFPqRDytEh,1610556034.63XsUwaFaPZevO1JNFjfhvY4aKNFnV4noV,1610556964.89xwBHw9faT1HjQRMNQEyA4qJ3hWkwgj3k,1610556966.74DydzH91jtyvRyYau47JpVkZoMRSNTt01,1610555740.77UueVziDbaXyRR4OcVJIIZyzOfAzN51bj,1610556046.84e3vwjyRCzqz0wJQhrk8zsxlFfFSv98Df,1610556137.99eoPuVrDThKAOvmeprLPb2FWRqIhzUodc,1610555740.73XFwSrmTXJPlaxGZSefh0jOVA8PI3III1,1610556123.88AOfNaz9jSnqU5Czc7okOv1RCrYfKFBTo,1610556046.85nB7NvyoYQeLcOV391Lmmut1wAM8CFGLw,1610556123.89H4pdIAzDthI7bMXMhlIhKUYIQIvtmPPQ,1610555740.87GOYQUJKpkynIS2lFqppYK4b32ol7NeGh
1610555604.25mOvVXuL01OCiReyVWBfesjuvXmB3MoPy,0.0,9432.792874121,6600.4693691842,9980.1192018338,7809.4364369215045,9221.84643820692,8435.286489869386,6512.053422698768,7623.470131235256,10073.822242836608,10590.598221423807,9887.768821128797,10151.96860586254,8232.160411317205,10692.519442225183,9735.516948486758,11133.257273946087,11162.080998996904,8497.423062310421,9684.553503023657,10397.797574347716,11043.26006256368,8489.95436642384,6737.34462573459,9955.457863570913,9310.521266551124,8584.040200509618,9540.003963726916,10144.029401071255,8721.13672234089,9872.638541439963,8287.280026571976,9946.926699639276,10451.279708977881,9772.968632427903,10307.19517598046,10035.046640249677,10279.763647578346,10263.108643799958,10426.52032417062,10567.649608078082,10782.410267482584,10099.934515178456,9867.55733738397,10682.50282080867,10339.891739161454,10735.025917634266,9130.687887083512,10257.192016655204,10732.36928799313,9651.550295212024,9515.869664813263,11009.83521999157,11052.535582193745,10068.242991096167,9425.350688848179,9786.815489314089,9956.909882690288,9382.934591894784,9724.244481074851,11042.476220276669,11599.488056748572,10219.108607810304,10809.409193203881,9979.738938904438,11422.838564257045,9903.106075726151,10766.618332097243
1610555605.43B6oDsBtWRQ29Q9UMQuTUEPZy3FSSWXzc,9432.792874121,0.0,10063.048528896248,8593.564155375723,9562.735766005766,9904.687087213964,9255.7079919189,9948.243365173534,9934.218548457922,10132.482333803458,9172.171867863828,9167.689354585258,8861.87348946396,10154.024420204705,10001.030244174792,8944.18648305727,9762.452932084656,8459.801498282814,9716.113328610514,9654.411320924492,9736.808696241056,9586.39503681552,9404.057527913263,9956.305285508892,9783.424131546122,9859.470021082612,9915.814019663127,8916.905666922205,9528.082199882607,9384.077667804268,9638.407433772574,9352.35647357017,9233.437436227723,9813.061323067952,9442.101646747316,9997.090356890905,9836.623550170105,9449.573997279847,8901.600961437742,10463.328701408906,9881.87705151061,9560.524054579566,10175.469140924237,9252.322829361945,8924.152929146945,7736.804833058373,10627.597934106263,9798.482787947343,10158.50837004827,10432.045507088673,9344.224595800008,10309.788051963722,10660.206078407411,9887.727743071222,9846.412110171052,9772.778930741302,9795.777693282718,9688.11951644739,9401.568758115947,9946.82999020601,10071.769019034124,10489.219400815673,9313.915093435742,10047.928218132987,9699.2291314938,10265.999199747366,10007.328383763364,10008.232411265064
1610555610.92HPGJJSmyPM40z7otPBgHalNrHFA7zk5d,6600.4693691842,10063.048528896248,0.0,10481.635130470677,8626.489349417025,9787.13472356224,8280.629257042247,5974.451941592566,8766.468884283115,10639.052944238847,11105.662233278112,10328.063310039477,10678.433434647692,8116.301071318597,11171.439411162643,10254.951033524701,11619.617559918994,11687.048328852803,9282.409201882801,10109.83263284793,10921.475561122654,11441.873470034434,9211.174367514865,5371.718972062019,10585.006406543724,9842.994992206552,9287.72890946101,10108.924749052132,10644.792790622996,9192.870393548086,10378.292106480225,9151.184972770348,10519.580819455607,10946.082578631916,10237.547271566158,10829.853809280583,10490.458682858625,10825.11509295662,10895.370168074489,10919.44335753318,11000.874243960618,11287.42717303416,10560.52512156026,10390.2169022489,11227.923788656022,10959.71578243983,11215.150772341278,9716.488227290689,10798.928954323861,11193.424025232493,10165.054202417135,10023.699617442726,11466.045266117262,11567.451319396465,10147.3970700073,10082.443023497493,10447.837332672594,10314.93024163236,9971.46997070304,10320.390738815535,11538.9296343899,12045.639273479133,10742.758357551897,11306.409304345601,10460.659315935593,11816.2695902514,10422.160440398597,11218.79742663624
1610555606.68LaSQbm9EHAFycEfFtEqAwYqlBsQPjIRW,9980.1192018338,8593.564155375723,10481.635130470677,0.0,9563.25147567644,9548.81288460573,9842.97998604553,10366.498301459953,10128.758393598411,10916.035961186317,7957.77326633163,9386.697462067144,10646.336859982504,10547.056731142851,10427.111674080352,9017.93350250862,9546.280388356217,10244.361733029153,9253.569953979551,9833.445882153348,9253.288266891357,10274.139176348608,9479.209078614389,10417.049518615917,9901.834227183972,9737.386359824819,9870.166332924859,8489.808884139053,9429.286095422265,9680.233907197902,9757.75823486029,9907.025725700363,10595.623211256981,9955.608249648983,8763.057060757326,9377.907740942208,9377.883805784119,9738.72399056508,9354.707035004692,10182.973590614618,9304.83732783467,9557.613310191306,9356.051533908658,8625.651623678401,9404.489551914932,8688.429368724173,10578.524772492041,9762.907014433471,10816.718551422471,10489.738872371958,8730.967317852448,10224.560372188473,11156.990532921976,10414.62086989941,9944.554052846881,9818.745538523119,9185.332361641918,9464.489008033313,8887.656958714684,9881.203531131923,9942.949218980477,10955.629418151804,9748.291034383581,10211.27036995539,9811.12686495739,10784.213077812796,9813.478388909547,9647.612627163473
1610555617.19EKxMEwDHfXiEJZc27TsGoERaD6Da4BZU,7809.4364369215045,9562.735766005766,8626.489349417025,9563.25147567644,0.0,8719.105794730154,7775.102619834158,8427.356830036977,7484.721428554928,10509.293866179287,10198.656572587359,9796.949125912535,10454.364524424642,8752.774391725676,10345.161051700305,9697.917919718966,10749.589306158341,10867.614950376144,8238.461975897524,9746.840471186626,10030.282720646028,10655.452703789892,6998.863836546909,8506.12843560508,9303.14528017399,8748.92975365515,7895.497909068066,9379.344789956243,9764.603500000734,8444.594530295779,9768.417392377047,8032.732625490036,10262.70762551101,10113.146002231859,9418.733685119081,9961.623697246687,9495.798952402432,9874.546337127367,9999.384539272722,10301.02756896834,10070.29335344751,10416.308333320438,9653.242533953346,9537.437533716724,10242.172160348624,10043.069016958127,10474.250921608429,9106.062021981157,10475.824459030033,10176.229154535242,9480.097788782321,9357.044912901254,11000.294178136466,10749.788322618873,10113.926495767259,8305.914211023171,9176.47585091817,9969.09007827518,9375.627745818332,9120.912426506262,10658.234857500685,11341.290653300945,10071.482901517968,10415.261326395195,9822.775197209616,11074.356707494735,9755.219856742335,10341.468866279014
1610555722.52PJ3FD50MGhRXyUD28vluU8Z9UjLJLZn4,9221.84643820692,9904.687087213964,9787.13472356224,9548.81288460573,8719.105794730154,0.0,9414.316570825888,9679.85310054326,9042.410661715385,10846.485812426185,9940.257237607404,10091.263186087084,10822.586564839656,9860.34664634181,10811.959917534938,10197.876149341739,10659.25816914313,11103.923372893229,6421.398828191587,10225.753059634084,10060.951610973203,10863.995532676327,8670.070903233103,9696.401192064766,9712.093356010833,5100.620439710023,9417.143742381346,9325.305435802424,9915.398129860077,9357.634473499847,10345.141496086073,9039.10389094395,10755.521384367827,10400.689577974119,9760.522977274011,10229.954563403338,10138.204109919014,10427.450823039842,10212.789565524208,10448.319016383684,10572.62704433479,10482.198450498763,10034.582852143816,9681.008739108704,10224.111172463616,9596.995439841712,10541.100111393222,9404.772974037212,10972.406579507237,10596.564126528649,9545.966699203498,9745.818722102318,11050.841816597562,11069.858657945408,10646.66982134689,8925.780043512288,9652.081305565385,10172.042831307623,9375.994997629361,9438.278080161886,10632.006048299258,11428.495449872678,10578.435504868285,10500.277254769004,10597.180409584658,11235.842533996414,10071.409046569608,10264.092818654177
1610555617.52Ijr5puT55g9apK8auM7zaxa3NANg502t,8435.286489869386,9255.7079919189,8280.629257042247,9842.97998604553,7775.102619834158,9414.316570825888,0.0,8645.987595303037,8731.45405399582,10663.037884279722,10428.601209755474,9938.073682242037,10379.253208374561,7938.6623834905495,10527.319498581071,9924.162020723545,10914.289245393094,10959.066122461609,8912.539732362226,10119.762752715766,10374.160554318434,10647.191815783808,8730.296148236794,8562.63635012566,9707.360595275111,9313.212443914517,9209.295145991824,9538.22798377385,10047.107483636508,7591.479220923782,10063.316787894963,8227.101621401003,10366.302779559132,10552.733516227738,9795.975620431791,10320.675407063432,10055.886972537313,10446.584226483865,10046.125960952251,10502.85793137466,10424.524398853007,10567.009998830123,10147.800071856158,9751.848537214104,10493.514647777009,10168.224868222325,10795.747685093243,9411.898468180618,10662.615422875406,10722.924355212848,9692.583560283412,9615.166524981614,10984.060977252773,10862.988993301125,10285.237813742522,9515.22252544718,9822.202862722452,9849.731078440518,9684.142132037734,9338.40460791266,10885.305402545515,11465.069017936145,10377.445661664093,10530.305275217663,10236.00985394565,11170.636802667557,10042.015461015364,10601.657416505419
1610555638.77ZLjTLkz4jYJdFMI2wWBztzsDILkoOtAk,6512.053422698768,9948.243365173534,5974.451941592566,10366.498301459953,8427.356830036977,9679.85310054326,8645.987595303037,0.0,8535.410218767636,10611.85694331773,10908.010080411155,10213.189632031132,10592.420384902118,7074.948850970441,10947.790959500848,10133.910840247112,11471.908857448283,11484.851550563151,9129.880694358462,10045.831915434945,10771.181652709416,11262.345094454558,9073.034525941974,4837.952102967076,10353.477653975277,9692.582565058152,9088.774072507846,9900.289393631272,10587.220475518336,9334.79709321653,10320.511853022292,8926.939808792955,10439.946103116306,10897.551113015079,10113.242826281317,10650.887583919222,10406.627185517596,10750.557947654317,10731.78528006251,10795.668900894796,10841.380932463959,11021.411691959971,10422.000592914106,10243.1202769391,11066.042127231536,10735.636298967947,11072.410893144955,9643.322585586535,10758.552840072898,11043.681143792091,9989.169355218419,9872.44031141891,11322.036516447086,11421.488428618592,10138.361494163131,9918.825743241741,10204.3477331108,10265.321242931279,9737.59070000367,10184.864242306256,11310.549645901054,11934.63559831233,10671.177278486224,11122.202590328288,10373.716793391528,11641.484724303125,10249.996428128708,11049.753828295297
1610556912.46C7tJPLF0XfNnm8f1820X9aLmXMHoc0Dw,7623.470131235256,9934.218548457922,8766.468884283115,10128.758393598411,7484.721428554928,9042.410661715385,8731.45405399582,8535.410218767636,0.0,10830.336034202324,10587.866376913616,9982.440673137167,10817.24819999896,8860.28773481696,10687.889823881294,10106.55268180322,11056.02712132759,10943.921169815843,8435.08855274293,10160.37704056651,10082.387034807294,10862.37512284432,8768.334762372262,8572.769003688025,9870.379188260176,8890.24952516176,8785.578337828263,9472.399438267395,10216.687043199443,9015.589369046147,10328.443024053182,8805.227520527813,10716.10663311971,10639.167603239222,9753.312488864003,10298.926511939377,9892.770621773954,10445.609585564967,10435.02943397564,10586.426669394106,10516.086190983806,10575.366795380032,10081.699666749504,9898.775982804356,10642.699473864697,10266.842584918222,10690.288867374004,9393.642800411673,10893.850394211766,10617.872851963808,9681.0469839694,9721.78232279851,11217.98841290594,11063.655067078707,10586.00698609171,9101.258566043462,9608.987359512888,10071.829305424615,9636.661859384527,9683.403146984929,10950.074537192786,11628.683052081973,10669.840474859873,10764.267248715001,10501.835878438716,11334.608444560523,10125.76145464581,10685.503869891716
1610555617.51LjzIROg0aeCP2GhDcAVQ0LipKJB9jmKc,10073.822242836608,10132.482333803458,10639.052944238847,10916.035961186317,10509.293866179287,10846.485812426185,10663.037884279722,10611.85694331773,10830.336034202324,0.0,11720.193879121909,10941.133954512214,9171.874806820102,11076.508537994803,11641.591201369763,10511.028479319206,12230.955139513339,12138.398325994141,10908.135054819606,9939.852376990282,11465.82381200796,11999.678116543166,10381.797712555297,10598.11840742999,10936.12881164593,11074.378706414502,10673.228468120247,10595.23613971066,10732.222011173535,10737.67613812733,10230.492836973523,10948.377460815509,7742.851385937085,11114.318225381208,10613.819120964705,11470.888778835784,10846.026872493421,10756.267720194737,10662.313907441014,10847.618883020512,11303.151114127435,11877.774683287682,11039.036223840903,10888.84129238808,11543.210636857963,11291.66303141242,11284.674486777905,10118.782949290271,7789.6677872678265,11661.650659246132,10427.69552446755,10868.553646358145,11032.39243741021,11989.774506850312,10731.419468545966,10977.093191665346,11139.03435484598,10828.316829158215,10171.510691909798,11365.908111312869,11971.46282695093,12467.76196600936,10599.508469441475,11987.057280118923,9639.194530284802,12418.220023652553,10888.38816176548,11724.693102682733
1610555608.17OpjjHobqRkX0UPcaXrbu7K6L3805SZri,10590.598221423807,9172.171867863828,11105.662233278112,7957.77326633163,10198.656572587359,9940.257237607404,10428.601209755474,10908.010080411155,10587.866376913616,11720.193879121909,0.0,10112.438247656082,11104.361897701934,10974.054942291725,10560.22716228659,9959.10103815173,6929.347657873236,10219.622214451892,9622.798829676618,10711.08995688785,9375.838808816387,9960.287490536632,10069.114541264787,10998.960042516284,10050.930543395943,9581.13252434765,10466.924010951458,9355.328929040139,10088.04864496924,10346.63450860109,10722.414922996782,10152.721184616581,11180.052422828452,10723.219121050512,9723.198127224614,9456.03606280568,10067.664132077518,10463.008624138489,10020.096384627765,10790.691140575991,10050.39156001201,8988.311532084563,10110.762879481666,9722.910476692086,9321.77010782846,8179.421317325756,11056.941404303565,10428.350005449269,11552.006333155801,10542.828065230033,9641.91737229417,10949.515688522422,11520.091630640916,10254.864021598349,10718.355058732774,10215.494994613597,9226.84047848254,10242.806598814574,9922.226603599764,10281.751984341721,9795.677767989358,10290.709037208428,10426.01673305426,9892.971119568661,10698.85882812003,9997.496541130151,10311.033832804804,9755.672527669247
1610555721.82zWeNZfGUUfRJkgnAwlP8VMhPzXctnSd4,9887.768821128797,9167.689354585258,10328.063310039477,9386.697462067144,9796.949125912535,10091.263186087084,9938.073682242037,10213.189632031132,9982.440673137167,10941.133954512214,10112.438247656082,0.0,10605.681274678986,10415.515750747885,10252.672183581135,9282.60749428513,10738.516761161125,10249.23480977959,9851.171827824443,9711.28414222256,7478.915594346766,9698.678192429366,9896.817571556961,10248.032156630428,10074.217040379532,10144.036156259455,10074.383031254962,7935.829258997364,9497.396547255958,10108.841377587958,10364.957237304176,9951.565415692403,10562.111758938827,10233.858544196213,8209.71274123909,9516.965088083154,9743.37813500855,10165.838050886405,9961.875000976646,10429.370263506873,9541.1232686444,9127.962713140922,10045.56246932542,8568.204097340977,10237.443998586894,9839.53738144537,10549.737890165072,9673.882372308472,10980.547234166495,10541.908851098236,8314.11567028424,10253.322196281997,11216.101443302263,10657.243952992965,10322.5144286632,9929.28460433241,10120.917395533497,8877.87427461046,9028.315708114746,9692.281552745191,10637.317237030515,11116.342094153042,9950.874604976752,10648.86650432015,9977.974531305937,10793.05225217316,9874.771811659723,10422.74127324704
1610555735.75bom85BDF0C7W2eIseHeMxi24qR68nzMi,10151.96860586254,8861.87348946396,10678.433434647692,10646.336859982504,10454.364524424642,10822.586564839656,10379.253208374561,10592.420384902118,10817.24819999896,9171.874806820102,11104.361897701934,10605.681274678986,0.0,10918.5538567272,11137.73101525583,10374.648976877788,11513.665565607824,11306.40726104925,10871.204098323142,10235.066095342787,11041.288886624714,11379.399261265842,10418.990166896541,10583.766962415673,10955.536239248095,10843.793354142455,10627.847758780052,10346.816418678533,10710.365694817334,10667.432896460195,10167.856338874846,10547.318065994128,6187.8488378940965,10793.012211585983,10587.86947419421,11295.258993756323,10748.874948715747,10602.109676955224,10511.737462821757,10774.221569885969,11123.375220422517,11239.257363479202,11035.097282155453,10746.815118721433,11066.273802425807,10596.209060574169,11347.629104030006,10638.149177337758,10330.592663404317,11303.875924668459,10519.110403102008,10999.100324159355,10978.85275649682,11155.513329443278,10587.164319521522,10858.59302016978,11139.020033099758,10861.742396374268,10425.936841548251,11330.449670193742,11525.154402421338,11700.885482537775,10360.514724350209,11462.165281711163,10454.331412634861,11660.339018092427,10780.651312134529,11328.808848796061
1610555735.77NnT5xqKnwcf2BbjIekeb2arTQj6QMNwk,8232.160411317205,10154.024420204705,8116.301071318597,10547.056731142851,8752.774391725676,9860.34664634181,7938.6623834905495,7074.948850970441,8860.28773481696,11076.508537994803,10974.054942291725,10415.515750747885,10918.5538567272,0.0,10990.255362018035,10402.676474575735,11454.70060556356,11518.794202028854,9410.675860354078,10386.029610363743,10844.182018789485,11262.411898075368,9439.133079022575,7702.301506635404,10463.539185295964,9750.837396655183,9580.615152459137,10088.727774181289,10785.241964952396,9359.162298044392,10703.719857142782,9015.91458817805,10858.457507910145,11173.343655739232,10300.868949767668,10740.186153156093,10538.487792357051,11003.21131393619,10938.894893722634,10995.09732667457,11015.98417331362,11067.476850628396,10610.86988546764,10434.68395186122,11117.958744325702,10767.394370135617,11313.267782434137,10007.778466190251,11159.711433973634,11279.881117620156,10251.737008671173,10120.174857682503,11533.06833003829,11506.368868592059,10727.438268789016,10167.011206391466,10346.528520714477,10401.806879279362,10075.616457640632,10215.732666852295,11370.425681611758,11965.983080252701,11002.27387072922,11049.80016325829,10779.828762319117,11602.011878533289,10562.929418801361,11079.29984712092
1610555638.33wjf1PhdNaoWfbRzXVn50hmFyB5bYAiLV,10692.519442225183,10001.030244174792,11171.439411162643,10427.111674080352,10345.161051700305,10811.959917534938,10527.319498581071,10947.790959500848,10687.889823881294,11641.591201369763,10560.22716228659,10252.672183581135,11137.73101525583,10990.255362018035,0.0,10400.403673316821,11042.152587124443,10858.789171441991,10505.604094361694,10995.710581747577,10317.829084795478,9917.735004923263,10585.401191973315,10948.354626911807,10673.26113614235,10640.2800146935,10618.656619653664,9988.827343336363,10416.229400197837,10580.747692839459,10668.997022572568,10432.9802335447,11265.013286666874,11349.557084728025,10074.16352480845,9652.715211271618,9984.638540532425,11178.708530922631,10737.734041537913,10317.601597415403,8909.065041848708,9807.799942666126,9556.566644389528,10470.38339111165,9741.234758364637,10335.722220568086,10881.813817075543,10626.716683812687,11654.453862329014,10970.712778462983,10168.809067125256,10667.134880451757,11779.280580905745,10396.397963986707,10829.606064467394,10795.568703590914,10257.407443720314,10658.629661036966,10303.498354010198,10382.58309303926,9834.655782224449,10753.815206216997,10989.478052897539,10092.655446942135,11210.559221914595,9886.344562318975,10756.138792503067,9936.54722409453
1610555606.65jCE4ig8Pu8kvAzkxnSGfWsV0nQBjCf8H,9735.516948486758,8944.18648305727,10254.951033524701,9017.93350250862,9697.917919718966,10197.876149341739,9924.162020723545,10133.910840247112,10106.55268180322,10511.028479319206,9959.10103815173,9282.60749428513,10374.648976877788,10402.676474575735,10400.403673316821,0.0,10707.445844508635,10921.689054518592,9983.989269204734,9024.761609851064,9779.823041737998,10783.890249866989,9418.08565345346,10218.872145529831,9882.57653028913,10250.793826256342,9792.302460351415,9073.028882375496,9239.944644943636,9726.601252664808,9009.23473072355,9989.44103156996,9819.876114762197,9134.722374072766,8135.404391919777,9066.311162545315,8840.63557424321,8144.959713511892,9696.396080079357,10076.330318634451,9398.107444128349,10403.103359102393,9745.731256130519,9235.97657631167,9780.749934931888,9975.929023844747,10397.185151712232,9550.250722408831,10366.3810169786,10232.315531680179,8602.42191484285,10153.804023962797,10727.512300579365,10743.271674250265,9200.987607715097,9924.445954402052,10026.948800974913,8852.177495229884,8773.413347490674,10244.467805716118,10560.882455199915,11260.249530213752,8395.270604312967,10746.4647160906,9170.854727587266,11153.978586768319,9603.905807895646,10332.937126583129
1610555608.18ONsBCVo1i7BrX0XG9stct4oiA6ejX9Oz,11133.257273946087,9762.452932084656,11619.617559918994,9546.280388356217,10749.589306158341,10659.25816914313,10914.289245393094,11471.908857448283,11056.02712132759,12230.955139513339,6929.347657873236,10738.516761161125,11513.665565607824,11454.70060556356,11042.152587124443,10707.445844508635,0.0,10707.050282649307,10363.304500201682,11308.60165800471,10104.583800001228,10306.133849457021,10655.602671022865,11508.80751252576,10659.769120866682,10226.340221982897,10956.94778169534,10176.36293399549,10762.874649418482,10849.503185600492,11343.713849321763,10615.355609345412,11705.394623358849,11237.028638023305,10529.092938061434,10243.908870411258,10811.466732483726,11001.83627815058,10497.6434330534,11473.015914873647,10642.734812123796,9727.810062524764,10939.776710548036,10410.430282260264,9834.499679354994,9218.352344031095,11597.483141016726,11045.896686583164,11867.289891205894,10926.448294801106,10467.416215723255,11539.858517022414,12025.513479439873,10525.26827801881,11272.320313632114,10776.925467336023,9896.328410370332,10931.850350286028,10676.3360510521,10845.119274441438,10395.888876737788,10437.253031030454,10791.021931628713,10174.554508122632,11217.089294669024,10235.585727442445,10915.747774898253,10371.245628880231
1610555721.51RNoQUMP19FTMS79BmA3JkgSm2IC2AQuQ,11162.080998996904,8459.801498282814,11687.048328852803,10244.361733029153,10867.614950376144,11103.923372893229,10959.066122461609,11484.851550563151,10943.921169815843,12138.398325994141,10219.622214451892,10249.23480977959,11306.40726104925,11518.794202028854,10858.789171441991,10921.689054518592,10707.050282649307,0.0,10901.225335693878,11364.501442762641,10270.113152441689,10080.36160600718,10949.00937169876,11567.964114006965,11112.8811415757,10852.33096492017,11220.276724054482,10020.029328953246,10966.00216815914,10920.584337382776,11484.68166960228,10795.131618102436,11523.606788354547,11303.76334195382,10857.268947519091,10363.63189481833,11145.479568247129,11081.712622251136,10797.274710385886,11499.866026796493,10866.699394531977,9865.163022563953,11147.476451170405,10529.846374289004,9586.033920658718,8693.648507444685,11466.099998780723,11205.410826168303,12029.733092095721,11286.600838048493,10568.924994114404,11530.52692897736,12108.433007991343,10720.688753910405,11569.72749124573,11059.392830266941,10757.26183563822,11080.11231536666,10694.831388927678,11116.768151679715,10578.424257299213,11199.406349344175,11092.088996579996,10530.037910949082,11350.69471667573,10664.42540266769,11107.512562939697,10626.149898203872
1610555971.86O0cHB2ibBJ8jxoObg01EpGe8VVV5mpwn,8497.423062310421,9716.113328610514,9282.409201882801,9253.569953979551,8238.461975897524,6421.398828191587,8912.539732362226,9129.880694358462,8435.08855274293,10908.135054819606,9622.798829676618,9851.171827824443,10871.204098323142,9410.675860354078,10505.604094361694,9983.989269204734,10363.304500201682,10901.225335693878,0.0,10287.950778763243,9865.897148990456,10506.576610499977,8519.47235976073,9213.558960050312,9432.351023281035,7018.569515274734,9189.870553623377,9103.145431953173,9654.854372386615,8723.149899652177,10262.760452017448,8664.584409108067,10796.907112111347,10363.292384407701,9618.274896625422,9889.965789759335,9757.928285745751,10261.137870093156,9867.339676442929,10035.10404667527,10169.95077279204,10163.319054248814,9728.423743914494,9278.06027609121,10061.40766077713,9627.769344094319,10699.818954951475,9032.077782233104,10960.882512257205,10398.458497615427,9370.721520057657,9429.281504957984,11189.587550773447,10896.172093800957,10505.536132363919,8918.384738567287,9174.466594092566,9978.382860635802,9284.127870843504,8836.145398219162,10320.607415029799,11269.547760064383,10518.1465992641,10231.018302487795,10332.788921708747,10892.222662950342,9757.508934613032,9960.726562937496
1610556911.51zU3duZSGpcw1BDNsBLxdOCITAXwl6z3i,9684.553503023657,9654.411320924492,10109.83263284793,9833.445882153348,9746.840471186626,10225.753059634084,10119.762752715766,10045.831915434945,10160.37704056651,9939.852376990282,10711.08995688785,9711.28414222256,10235.066095342787,10386.029610363743,10995.710581747577,9024.761609851064,11308.60165800471,11364.501442762641,10287.950778763243,0.0,10056.776044333825,11255.242468610737,9606.470052864313,10068.172167318928,10527.51203068684,10437.741291527662,9783.628651480158,9474.803960711512,10041.945253131733,10308.595667651583,9405.971828137948,10344.511523303574,9740.047605110927,9952.466940013126,9133.729905652433,10198.377981982792,9485.384442152219,9672.25575663232,10532.691466774972,10669.287991798705,10266.695994520698,10838.333394049452,10193.903890753956,9733.966539213778,10580.762476724853,10527.534371391526,10588.62685859523,9733.00805605723,10123.645998877926,10889.670321249396,9116.781255660613,10295.88941848992,11107.504312106697,11146.059063292707,9353.653026517597,10269.178065031841,10460.744002460393,9382.815888592613,9004.89078981059,10706.275513120729,11221.470349747167,11775.255102387653,9586.683073536531,11263.453644379942,9380.536669015584,11637.677475402463,10173.004517714036,11007.065980072624
1610555988.71dMoYT8250UHHJGxgmITTmbHe7V6gH1yU,10397.797574347716,9736.808696241056,10921.475561122654,9253.288266891357,10030.282720646028,10060.951610973203,10374.160554318434,10771.181652709416,10082.387034807294,11465.82381200796,9375.838808816387,7478.915594346766,11041.288886624714,10844.182018789485,10317.829084795478,9779.823041737998,10104.583800001228,10270.113152441689,9865.897148990456,10056.776044333825,0.0,9791.702565700709,10108.400651720682,10811.529397923734,10121.978560973203,9880.620703188624,10333.737391120221,7863.957763594954,9781.798166268745,10436.516027891652,10646.575032259956,10246.339735532832,11105.582726010181,10364.915223678849,8597.697423253036,9441.421260467583,9589.238215823396,10443.506573159042,10120.928977590136,10606.729314809694,9393.435693332785,8708.811149932148,9811.866207193905,8799.558032741617,9997.243075723403,9436.738504657169,10490.699024573674,10064.185822459474,11365.497243478767,10564.771331614413,8350.782544995214,10626.345534888467,11406.020217928552,10515.749134694768,10559.965730586322,10065.223216714838,9693.597456422618,9142.864288710321,9024.04215981839,9965.693059184136,10192.389609135831,10940.762460271002,10377.979287756876,10347.18998014621,10419.078911897352,10519.272908787243,10076.64089760542,9972.065255305806
1610556042.81mlUZsSp7gbGjrp8jQSnybT1gPy6e62o1,11043.26006256368,9586.39503681552,11441.873470034434,10274.139176348608,10655.452703789892,10863.995532676327,10647.191815783808,11262.345094454558,10862.37512284432,11999.678116543166,9960.287490536632,9698.678192429366,11379.399261265842,11262.411898075368,9917.735004923263,10783.890249866989,10306.133849457021,10080.36160600718,10506.576610499977,11255.242468610737,9791.702565700709,0.0,10656.263172611149,11317.426794397554,10737.939851163726,10586.679262097086,10996.201003570097,9494.428415011218,10835.167405382137,10357.541112159535,11393.731628125715,10423.273524946042,11550.443956978474,11255.009326184663,10483.183308152335,10170.527016952527,10725.685530873652,11207.329166217354,10683.748464614247,10789.378999845296,10196.29597972442,9012.123771565048,10771.236948299293,10380.900594350449,9950.977261123608,9771.414550326921,11101.343715914978,10969.022725659717,11814.104442617672,10862.679958525552,10063.541643589995,10978.2558445585,11709.360543793104,10206.399197507872,11191.957720534752,10807.907913133482,10506.867735500218,10474.89730509631,10388.308117274782,10365.92281772547,9718.426410690934,10054.40798010464,10877.602539077654,9805.924550536136,11162.529836857888,9227.74742698865,10739.313031772,9885.061858665276
1610555637.02UBW5nKvDyUrKnaWcYRGajZPxTRDS0q3N,8489.95436642384,9404.057527913263,9211.174367514865,9479.209078614389,6998.863836546909,8670.070903233103,8730.296148236794,9073.034525941974,8768.334762372262,10381.797712555297,10069.114541264787,9896.817571556961,10418.990166896541,9439.133079022575,10585.401191973315,9418.08565345346,10655.602671022865,10949.00937169876,8519.47235976073,9606.470052864313,10108.400651720682,10656.263172611149,0.0,9082.49011436611,9006.32323317822,8986.88476838747,7966.886505422756,9390.04893621189,9692.547156281802,8047.1241339653325,9465.88903463193,7873.098800442805,10126.73368859378,9701.972962463535,9410.655284813109,9972.440441708264,9491.257661779402,9308.590800636486,9697.81782230491,10249.746560384343,10007.976444403956,10445.668544836775,9662.773137789682,9628.23420811708,10105.124262318677,9822.874661627988,10312.705451079824,8995.25843302974,10223.29598635409,10163.59340864733,9389.333500703653,9233.172221530658,10931.13616620112,10703.081200402097,9855.716614373341,7725.708325450619,9076.523281264539,9729.668355479334,9187.983613941533,8830.90892161935,10557.175874740413,11278.46771679802,9659.061987821295,10346.007953767634,9499.434890820594,11049.064538954415,9829.124420262331,10370.850509660955
1610555619.13oUYNikU4facCTpUSiSLr0vPI0tJLnXiT,6737.34462573459,9956.305285508892,5371.718972062019,10417.049518615917,8506.12843560508,9696.401192064766,8562.63635012566,4837.952102967076,8572.769003688025,10598.11840742999,10998.960042516284,10248.032156630428,10583.766962415673,7702.301506635404,10948.354626911807,10218.872145529831,11508.80751252576,11567.964114006965,9213.558960050312,10068.172167318928,10811.529397923734,11317.426794397554,9082.49011436611,0.0,10406.162991958163,9742.571892587555,9135.755625871423,9958.652996514542,10600.003849781764,9320.923401269423,10301.424376556273,9107.690940197734,10486.868494252962,10944.620081797566,10122.851754118112,10716.65722974341,10470.912648516463,10756.407258655063,10775.278018115165,10812.473362279508,10905.998138463023,11083.860868208438,10507.274075109495,10268.224657170025,11134.852595503997,10779.815067105399,11106.819002472539,9633.641230553578,10748.917196783974,11101.985271931673,10004.810693893241,9916.994448943424,11350.431677107192,11488.227352639688,10164.648829884249,9961.215295059197,10274.896468831335,10258.708965352711,9786.659479520105,10233.826037976143,11359.969160879986,11951.74837382681,10663.302435518437,11195.68272206349,10390.072823727389,11654.841537937322,10293.176319067652,11105.807282893044
1610555721.03nzkucfjAUh31zTbmCVvTVYqtjoxZFnBh,9955.457863570913,9783.424131546122,10585.006406543724,9901.834227183972,9303.14528017399,9712.093356010833,9707.360595275111,10353.477653975277,9870.379188260176,10936.12881164593,10050.930543395943,10074.217040379532,10955.536239248095,10463.539185295964,10673.26113614235,9882.57653028913,10659.769120866682,11112.8811415757,9432.351023281035,10527.51203068684,10121.978560973203,10737.939851163726,9006.32323317822,10406.162991958163,0.0,9762.207506180393,10149.028407170541,9496.990002454388,9903.568464116397,9641.563821377349,10564.397441227471,9300.987221535675,10773.754491920357,10364.52409745413,9563.281787606551,10070.119267735246,9918.75028661689,10155.015393556434,8188.818902321244,10213.024208751252,10422.362070145944,10464.959962343502,9975.118530048829,9861.47010426815,10179.166779500823,9823.44708887946,10766.325654054972,8939.36652300323,10849.206560104867,10652.994423758555,9624.477449876538,10122.330361955308,10979.76958929954,10801.221579763016,10838.193017624008,8879.54760058183,8643.957730059952,9988.564753655714,9601.476824668522,9148.050678981786,10421.36944967118,11212.5238791092,10266.674842019063,10279.673704526542,10083.645275196406,11030.78573135774,9809.509296407818,10371.312666819846
1610555722.67fhKURdXVzRbLIjXmjRwdJHTnE7PWb1AE,9310.521266551124,9859.470021082612,9842.994992206552,9737.386359824819,8748.92975365515,5100.620439710023,9313.212443914517,9692.582565058152,8890.24952516176,11074.378706414502,9581.13252434765,10144.036156259455,10843.793354142455,9750.837396655183,10640.2800146935,10250.793826256342,10226.340221982897,10852.33096492017,7018.569515274734,10437.741291527662,9880.620703188624,10586.679262097086,8986.88476838747,9742.571892587555,9762.207506180393,0.0,9429.60712191808,9374.59259046608,10013.128479223888,9442.728412520577,10487.28226845109,8993.929145387709,10836.546948811429,10476.291613236543,9902.279238425966,10042.25045969346,10150.861761552467,10484.615919695118,10171.783658013437,10455.865481354866,10530.048172740486,10139.523612968222,10053.859333352595,9747.321957301163,10113.451338619436,9459.56738388771,10587.07463201507,9590.36850391643,11141.703941972713,10491.162047399905,9628.847341976581,10046.648428340744,11076.905724628363,10851.532415842115,10754.309011675054,9111.074088331829,9560.123480010177,10330.87801118914,9478.752030386615,9485.032217218715,10445.990225472598,11170.546319407596,10634.319894131626,10183.257175999268,10708.422643974083,10911.931554857589,10013.702210285102,10130.96359708204
1610555638.39J2ZWBLuLTHP0jOlzB4tNHmYeijH5g5YJ,8584.040200509618,9915.814019663127,9287.72890946101,9870.166332924859,7895.497909068066,9417.143742381346,9209.295145991824,9088.774072507846,8785.578337828263,10673.228468120247,10466.924010951458,10074.383031254962,10627.847758780052,9580.615152459137,10618.656619653664,9792.302460351415,10956.94778169534,11220.276724054482,9189.870553623377,9783.628651480158,10333.737391120221,10996.201003570097,7966.886505422756,9135.755625871423,10149.028407170541,9429.60712191808,0.0,9675.74873568375,10166.879874610519,9450.605593602595,9427.851441722192,9132.518009876128,10461.389625550215,10447.70660255356,9761.038230924176,10328.080130248563,9675.988406072429,10308.689788697313,10543.717113021816,10431.876606623982,10148.302296253189,10686.984427825177,10007.67280016458,10066.347829925066,10542.199452133686,10393.45082674512,10437.96743701797,9301.536850154745,10469.30213389896,9981.128799673048,9799.113623041669,9399.048450084354,11046.804751332113,11091.366485123379,10037.499289335188,9262.038299008336,10017.571473734743,10205.052102674057,9585.132792282802,10040.452685162878,10933.104826235705,11466.115559527334,10052.964237059987,10745.211842364171,9960.792450332312,11326.692935165225,9653.69828246103,10668.236083131449
1610556032.17Q6yCDx9g7alRnL9jBFXD2JhhUyB2hKfJ,9540.003963726916,8916.905666922205,10108.924749052132,8489.808884139053,9379.344789956243,9325.305435802424,9538.22798377385,9900.289393631272,9472.399438267395,10595.23613971066,9355.328929040139,7935.829258997364,10346.816418678533,10088.727774181289,9988.827343336363,9073.028882375496,10176.36293399549,10020.029328953246,9103.145431953173,9474.803960711512,7863.957763594954,9494.428415011218,9390.04893621189,9958.652996514542,9496.990002454388,9374.59259046608,9675.74873568375,0.0,9070.600087765637,9594.576279292936,10042.477516283187,9532.466417657923,10303.76660560887,9229.32642436054,8330.356266000917,9057.007270018663,9071.937616941519,9428.546333426693,9456.154312293267,9814.820274197515,9101.36596478394,8427.927337514917,9152.971012754013,8202.353369469445,9626.916504983785,8955.72478271136,9943.139388377145,9397.772115039863,10565.249598275585,10084.49223818216,7386.898351580859,9794.764257137667,10486.02177792836,10104.491424225496,9940.50731419715,9431.679981888115,9163.451672083489,8662.62217719331,7744.327038564878,9300.682298461998,9419.876423060963,10650.900229341092,9739.568556067983,9748.922682848517,9630.95551400433,10208.575357765354,9506.864225950529,9013.091812782757
