,photo_face,photo_profil,photo_eyes,photo_face2,photo_walking,photo_standing,photo_hand,photo_legs,photo_bird,photo_butterfly,photo_girafe,photo_fish,photo_cherry,photo_tree,photo_flower,photo_carrot,photo_watch,photo_key,photo_truck,photo_velo,photo_road,photo_house,photo_mountain,photo_windmill,drawing_face,drawing_profil,drawing_eyes,drawing_face2,drawing_walking,drawing_standing,drawing_hand,drawing_legs,drawing_bird,drawing_butterfly,drawing_girafe,drawing_fish,drawing_cherry,drawing_tree,drawing_flower,drawing_carrot,drawing_watch,drawing_key,drawing_truck,drawing_velo,drawing_road,drawing_house,drawing_mountain,drawing_windmill,geo_face,geo_profil,geo_eyes,geo_face2,geo_walking,geo_standing,geo_hand,geo_legs,geo_bird,geo_butterfly,geo_girafe,geo_fish,geo_cherry,geo_tree,geo_flower,geo_carrot,geo_watch,geo_key,geo_truck,geo_velo,geo_road,geo_house,geo_mountain,geo_windmill,word_face,word_profil,word_eyes,word_face2,word_walking,word_standing,word_hand,word_legs,word_bird,word_butterfly,word_girafe,word_fish,word_cherry,word_tree,word_flower,word_carrot,word_watch,word_key,word_truck,word_velo,word_road,word_house,word_mountain,word_windmill
photo_face,0.0,30.248845559027988,40.639248475226985,34.64242753358187,33.23729644677612,30.887145710958983,24.82528724567033,27.188124973947673,39.583087231265274,36.93760312078292,41.84901753297355,39.90167848860628,30.06831790910509,24.70937678306616,32.09610561243407,31.983108246031268,28.156306598802402,44.273113868408174,44.14554436345339,37.703537279323626,40.760402303504655,33.30761688869978,37.40934216768282,35.22653602044524,32.45425634776198,32.129678190944006,43.60547702704561,36.38530009591112,29.4768026360404,29.33497269341684,31.033173543788227,27.944076471416558,36.306917128544356,39.17225170138264,32.74988502887733,38.581355608846394,33.41632834007954,25.750800718906913,29.43936445881972,32.76479862573305,27.04442694057421,43.49001100445774,40.76405414045513,37.715684052841254,41.33989338225395,37.74737797335488,39.74028893266931,29.59002424435856,39.06531237163215,35.14751996909603,42.20192322116083,36.0963012292974,27.962708679916737,30.53806041214119,29.69709617057138,29.914591059150673,34.80113381961789,34.20270256207708,36.662241589933906,40.85890715456231,34.10697663107627,32.409560902757974,32.976035774870574,33.335703977821794,35.72270277185705,43.49246363236417,43.21318774015504,38.091689198765096,30.92225552339743,30.329853379250633,37.19726761951022,30.177354241873655,40.04681746937307,40.31290586777064,40.39173176915393,42.00809854612918,44.09417413687836,44.15443835334514,40.61036387246279,43.495880405121035,42.71491556633373,42.98545645548166,40.87022803436358,43.859562597265274,43.16535175075503,40.74009422084285,40.51182987376045,42.78662203672548,42.37632711314661,39.4589681662962,43.42004794268267,39.87598517528612,41.17370817329265,42.62782164176579,44.65585605710783,41.44511364836334
photo_profil,30.248845559027988,0.0,37.555440813872195,30.81312181816916,39.266484307714215,40.91731945243376,31.727504796103172,38.229568104520496,42.59045967147416,34.326038258682004,42.686860475942154,42.888301667184486,34.082466508259216,30.472602461891935,42.07305164978213,42.84252843966232,40.297133853361316,45.747831539600504,43.605336426813984,38.69439707747481,37.81697092621786,26.675797698255387,40.09232464063296,31.222950838417155,38.14534332283282,28.565193695047128,45.28517088962745,36.56233725164604,36.735383420675625,39.18166279972176,38.386329160754045,31.613945833895528,40.95729535744626,36.38323504269405,39.66279303587011,42.31066007587622,33.74271099536814,38.205825922943184,37.496423066997956,43.31158295077634,39.022107445390034,46.26042133914899,42.36006039139875,38.51346483402949,44.76718220237051,36.27399930471605,44.32115343575581,32.70343812164049,35.804655946085305,44.36734790381648,45.420104638281764,42.31568869452493,36.08985561479381,38.77078729152217,34.99365930993971,39.8390356684392,43.843474401900814,33.69708913623507,41.174213801850385,42.692031034929684,36.32128257492224,41.053344655139355,42.63148000303862,43.369700965442036,45.01391533438809,46.74973092599662,44.467745790822505,39.64851963620569,34.763475903958856,32.24818512090343,41.974372403092445,33.097391459864745,47.53504290739256,46.53701979650836,46.81232296123278,46.33736397482349,47.48292028183037,47.888582809811524,47.30162624283157,47.23373848031511,46.57985840644386,47.219607366887246,45.783860597892286,47.74972652895374,46.76500366793048,46.42331390148977,46.918749816249445,46.42753088060725,46.363158275451276,47.38293250683913,47.08050985748625,47.35669983876032,47.36151147579824,46.72346675810135,48.961021712019466,46.66299409699645
photo_eyes,40.639248475226985,37.555440813872195,0.0,31.406676543970168,44.14771257133623,46.39549259669518,39.421839348194815,45.45988639227644,35.87358263058804,26.797673450461176,41.142977129125484,35.181392530078156,39.681692891019914,39.81295133452167,48.06256265521479,46.36187726921448,45.15206293870025,39.05539584462723,31.797057082887758,30.482960529332257,19.56763906920212,36.83094773763312,32.66418073251339,36.76287704207261,39.24897297171211,37.007938620505456,38.3452983614467,30.046954021061296,43.14771166269663,42.77424565141056,44.202796413450045,41.26611058063499,35.544470451359544,31.98511766108524,45.15759478234109,35.749954402100784,31.435062623384237,41.14457586082298,42.52539642765986,46.48170517054463,42.49292912402592,40.24637769487432,33.64951726060657,29.532621444981665,38.37031342721121,24.823508056499097,38.904455955935106,38.78603664270409,39.07992698173502,46.98415397199491,39.310425234115485,47.84362267539216,41.198302395198425,43.88607222113124,43.00331605168313,44.98885669173641,46.73736318511775,32.648054517109294,44.724785619573936,35.04276187261872,42.93289556124471,42.947056488722005,45.05601972796233,46.402572921060994,46.781946344751404,41.13110939439193,36.065148508696126,31.47515123803665,41.831120559308054,40.41857932249857,36.82500282197279,40.05678492988801,44.81571615437354,43.631983794176904,44.094216066003426,41.90196659034708,41.58624514073811,42.23804853377874,44.576568239219135,41.659877136168,41.85711695391233,41.29289329081775,42.089393734150626,41.69404898160339,41.153142799068966,43.21459301667063,43.95382289478124,41.055291934939426,41.756646826301385,44.63971913206664,41.43266428708377,44.616393028386526,44.30006699839561,41.79406936402265,43.12659783172132,43.53997920468671
photo_face2,34.64242753358187,30.81312181816916,31.406676543970168,0.0,40.23041446863729,43.03252767365253,35.99509378932332,41.7136660647304,38.85198061846863,29.602265861899262,40.72777716516919,42.172162365406024,36.66391022459619,34.917941608560966,45.041944980730726,44.704629412305984,43.140683225442146,45.75796810612963,40.98477010814077,36.69684686385699,31.180270534494163,31.272210531341308,37.69174016751092,34.28345220266505,36.191691979748086,33.37963760056417,45.15160495978391,31.527350373384362,38.90996487271028,40.6517836928556,41.75218578664696,35.38972431049542,38.906477851797945,34.02129821978242,42.70594181680532,41.71733413626203,33.140311196956404,39.32756851342159,39.71017166483749,45.21407655391738,41.06146809512203,46.15283201782556,41.3357052440983,35.51940683630213,43.586081095845316,31.756234447024543,44.11213958568076,35.35154595389089,39.08913009046787,46.28861062520154,45.41212426109566,45.67895461474955,37.39505602970117,40.472434634429504,39.07540729312921,43.21462004224708,46.07047171712563,31.9048293994624,43.33580270714938,41.57907186896157,39.794034105979335,41.93152092717603,43.906618081820305,45.25205142576209,46.935829652529655,46.64605101803233,43.08582892700597,37.51506488573185,38.35323185431901,37.32660226313836,40.15090745468409,36.70250628544738,47.74795420397241,46.80228597065624,47.41960638352988,46.40264109461472,47.64884440313453,48.116083604528654,47.640791980968515,47.61144090089661,47.09276321083684,46.62048591922273,46.23861052629136,47.672133423647566,46.9201499479001,46.90108474552091,47.08689970116087,46.615447192598594,46.81312220782546,47.308965706851964,47.17937816637759,47.481979872473715,47.82965985942998,46.982646375041675,48.68726531960736,47.2722925395723
photo_walking,33.23729644677612,39.266484307714215,44.14771257133623,40.23041446863729,0.0,31.010063546832896,31.076680729914816,28.203297869333948,39.69322021163428,40.382311437735524,43.31506232557478,39.252316442686244,27.1594546225548,29.79712916034579,32.51979140901137,30.610586895640704,32.064630875784644,42.70374083932403,44.09463717861085,38.72343530885477,43.7832491980812,42.11339885063179,33.992493687710784,42.26764093408981,30.06963144228176,35.368132752925185,41.36964265158234,36.982931987861846,22.95946177244256,33.028326789016866,33.792437261511814,31.692023720410823,36.72305667061323,39.13200640004988,29.51713892142719,36.33467649549019,36.62795323386293,28.391333064131754,34.52114790674139,30.8305666886579,29.66437712606197,41.22194705786186,38.35765319655364,37.56046182983072,39.485895693731,38.94649283414815,34.96213456977031,33.83622074197106,39.28705448997112,31.445664541650743,40.15912177352687,35.051458159642884,26.799641206616215,29.993013414958764,31.674576369578528,30.353498334877692,32.24196316512134,36.06076121178308,31.05431686755968,38.17243673175415,30.17907079320714,28.50197218590097,33.72498004431793,31.46250813049659,32.592071197509405,40.736115320299554,40.263758641062914,37.548805623625896,30.55759741908105,34.37536092221808,35.26639526160937,34.29806279080831,35.69147156466461,36.98985193647009,37.1214883510797,39.35547142622022,40.13437372934183,40.338557625446086,36.43736686680667,39.62831913616829,39.22523484655856,39.86733488826917,37.67067145623242,40.39287568048336,39.58681948003693,37.189466437463985,36.90416010077093,39.555456460049335,38.846356664219776,35.24502551273182,39.74392380349247,35.87602002776714,37.560933759376404,39.20486004645506,41.15257652206387,37.61631696822593
photo_standing,30.887145710958983,40.91731945243376,46.39549259669518,43.03252767365253,31.010063546832896,0.0,30.559701727025114,22.304321677780987,40.63091008829992,43.303289098451636,39.69495213233599,40.92284887945034,34.25995903852781,32.742337655936765,22.48010179936915,21.862384747208143,24.783859410570074,43.30823005430285,45.31630149648699,42.25906345731042,45.61824224986823,44.00713193907079,39.32444004452739,41.00381849507724,33.8981839598046,37.74520093445984,43.45033996718451,38.884255668808,29.45642644606318,24.59625099425368,30.82802251818567,30.49179672637315,36.617688304794875,37.41313172805037,27.211139569518217,37.728789847177964,37.265356618705624,25.90229440465453,27.44897382796807,22.644499725989444,24.78821564517965,41.31024612509153,40.484862870233776,41.79976959695032,38.45769191745722,41.691172839132385,36.82346374049434,30.15873854052793,37.20815660947603,25.039615189067067,40.55310833894529,25.212045846459787,29.436647804181728,24.32101526323284,30.45240808075483,26.227242307244822,26.650154643499082,35.50290789339217,29.597176280060772,39.73920109681941,33.50559138961608,28.61453601520998,25.554725849782397,22.711722398691094,26.237541967395735,40.369198345896855,41.06993703895658,39.85755491290003,31.617060806616323,33.803494179661406,33.85594228686606,31.064447644914985,34.91838039452476,36.88615898877387,36.24593739817051,38.72404575989711,39.85440918615762,39.7343505338146,35.95992810762866,39.36454236023129,38.92718127242268,39.26608559092398,37.646610933577634,39.834300584644566,39.323544265979166,36.820841506915826,36.36976060747353,39.60293601438996,38.59455918860479,34.68155761702645,39.55696896075463,34.95461270392753,36.8474153031722,38.68153445562695,40.50323681066236,37.127686555920455
photo_hand,24.82528724567033,31.727504796103172,39.421839348194815,35.99509378932332,31.076680729914816,30.559701727025114,0.0,28.29882537212968,39.78697669357713,36.39144829726689,40.91651479475754,36.44296080936149,27.617424436246313,26.11848128222084,32.727265377843814,31.331057582731784,29.35087248060879,40.824812399118585,41.95949495732706,35.475588040714364,39.66448621796386,34.972189126124945,35.88364865151116,35.68205179796827,33.45238049764661,31.200564036723314,39.26676125564158,34.027238489113806,29.4129627410704,29.682428010384573,29.952076844356533,29.846975622890636,37.072049385394266,36.715581564889064,31.277979344804574,34.90465515091747,31.098088779506607,27.010967581864296,30.062498818755177,31.614122476826147,27.440340055415327,39.792901790236826,36.25835369683484,35.87297413846308,37.97811108737276,35.45585070348439,36.45163072224242,28.923825118951928,37.86063281380707,33.75577953210129,38.00441564153243,35.30006817636635,29.26180550975331,31.293919764997096,28.010661268499618,29.36972715855693,33.977609376440235,31.805041089519076,33.39323697957783,37.20238432697064,32.65415415213219,31.122528734489187,32.783250699983284,31.906070551133066,34.19682873351663,40.127111031528784,39.44321918495941,35.48997243780456,30.735925109074135,29.905416498850027,34.83365181042744,29.86616309389163,37.33801370326592,36.79907142037949,37.17162526925558,38.51622381674424,39.92217898370345,39.92315540721299,37.327474325854695,39.27914117470096,38.84238159038537,39.17517030778985,37.07973198356663,39.96152881430038,39.09784417201392,36.92102325082765,37.27266215790849,38.74185297891906,38.48228238818202,36.71129477267571,39.357451697746235,37.11832009185465,37.649312581577185,38.86073128551716,40.83619424093607,37.46364182129816
photo_legs,27.188124973947673,38.229568104520496,45.45988639227644,41.7136660647304,28.203297869333948,22.304321677780987,28.29882537212968,0.0,41.32837024948868,42.47284570032529,43.14504771417949,40.81616459691748,32.599029623968605,29.544587750939687,24.969555771647908,23.99467705599331,24.594707930424,43.81619667856342,46.377696980434315,41.38574327963844,45.19568146604557,41.31454453022614,38.53911619379261,40.53503714720168,32.08929163080101,35.78306665921093,42.40672833801417,38.6727685651683,25.735043253909527,25.374101071205633,29.319980511571064,29.09846940253271,36.966534762727434,39.17492991530315,29.612894344565994,37.81412074265192,36.002202629976836,24.0641242895828,28.619485582020435,24.198040106990753,23.283819911967193,41.57450991554275,41.31689455010034,41.0937819777784,39.387186424966764,40.97134455697041,37.578706596487,31.040879692257928,36.90296401123204,22.970991098268836,40.311655580544056,28.86597002511741,25.6847935679807,24.46803801060709,28.21341564897341,23.69744933464861,25.445121071769034,35.40047850859668,32.65223960357164,39.572323649408375,30.664239473662935,27.982506123089497,28.075581159914044,24.69771495218476,27.70045570174581,41.27244280379718,42.10516475108835,39.53462663190461,31.06670661120566,31.469773992060407,35.40426298231532,31.492501520871645,35.689914838990745,36.987324051822064,37.00540714190608,39.150795379294095,40.13834515459502,40.14318368557583,36.52648783692266,39.71472413424422,39.45009052881005,39.61126836792607,37.812289984656985,40.403675523419615,39.74852689568715,37.43846598159588,37.00347449413117,39.54487364421993,38.76969076437471,35.045729911116716,39.88600744015033,35.74801615844506,37.38496299681681,39.28087675402921,41.111162340580954,37.497456383635644
photo_bird,39.583087231265274,42.59045967147416,35.87358263058804,38.85198061846863,39.69322021163428,40.63091008829992,39.78697669357713,41.32837024948868,0.0,33.38522014702158,37.84458954102156,28.482065696732914,38.84319093541231,38.259172727379024,41.55115179766734,38.57351978257189,37.500198686615,27.957910065621377,34.93287287837767,32.107378920238766,36.26371382145505,44.94748428755418,36.26778731064062,45.06411917981461,36.28293041234651,36.57075787465292,30.645606172970314,31.096433200499703,38.62604889425228,36.08463284968919,39.55694747426002,37.33033008255107,20.993528447245684,36.86829319147415,37.24994031137757,27.89447210057161,36.692348693525965,35.327594364498935,36.405975721159116,38.26443446827504,34.76986683053916,28.043914072637325,33.26868807758662,31.2349086578345,26.776926547971716,31.739702729561884,30.41544957302837,39.088623521924006,40.825974839645575,38.87931593745983,29.060493181744334,39.48596695078497,36.888615294639735,37.794115620560206,38.94414935422041,37.84490229081586,37.327253121479416,35.42424731951565,36.59202580077022,28.049248432372476,40.58913370665177,35.548233541652706,36.257671824774825,38.0491246046858,35.820226319344776,27.526250272851275,33.99625111623695,30.879820130607964,37.276593415030206,37.179642673635094,32.79301236622705,38.541932564375834,30.963425990769903,30.280483715312133,30.48057075725798,28.461716705065335,29.868708314053755,30.319680766513617,30.670012988384094,29.932470715699406,29.079784944068866,28.354991717546767,28.7182701588291,29.510129470793316,28.90145653025827,29.577989384690145,29.885067573703473,28.62244944927045,29.018151793393177,30.840943780899472,29.122994905482447,30.473395380638074,30.61039638309306,28.744217970315013,31.63444396656449,29.99177872718017
photo_butterfly,36.93760312078292,34.326038258682004,26.797673450461176,29.602265861899262,40.382311437735524,43.303289098451636,36.39144829726689,42.47284570032529,33.38522014702158,0.0,40.371702506971744,35.389425516867426,36.65740860817231,36.514760657606054,45.9773502602012,44.79483490864122,43.41559037558464,39.291055324189806,34.39769176203112,31.177041966084712,27.14448017309434,35.47552032004565,35.49386656894788,34.15821825057321,38.22261975950779,32.7285864702126,38.560853608830996,24.014127094264783,38.96039313050993,40.11549645943217,41.24882282657989,37.10142035910825,32.73848457488061,28.89624497042692,42.151125904217785,35.54779858809873,31.906803363554307,38.94857561281216,39.27577783201652,44.82573120761391,40.02676331695549,39.929839159183146,34.0866028137676,30.800399171531136,37.157436320991955,27.61969914034252,38.07310773086885,33.30909695546932,37.05557227882179,45.13543996779096,39.205889129791146,43.90106036031676,37.59323519387998,39.55243686098537,39.660382314575514,42.29679551223121,44.43381216679807,29.935444072315327,41.66953749044511,35.19181305319904,41.73362488868747,41.20634860075883,43.11782920322938,44.66324870217082,45.06953134178981,40.703133792334334,36.81700897820891,32.14074674294242,38.89492433989557,37.967057575674275,35.68972363452715,35.66998933298293,42.501903736390524,41.431907284406556,41.970164700809384,40.575375170697505,41.68565390134066,42.367245921916535,42.364495833765424,41.49535381446982,40.963929344754554,41.12829001844143,40.31471805543157,41.91850684383355,40.82147084570109,41.09250787791486,41.79626999802971,40.616024982797796,40.80574092051432,42.4174699606515,41.24891096734439,42.2911720778005,42.42839072242736,41.000926878403064,43.14888894140878,41.67122851992189
photo_girafe,41.84901753297355,42.686860475942154,41.142977129125484,40.72777716516919,43.31506232557478,39.69495213233599,40.91651479475754,43.14504771417949,37.84458954102156,40.371702506971744,0.0,42.42131743769103,41.489594413953476,39.72639481663231,40.150159243319365,40.54477338516125,41.00591045082588,41.75023050550061,39.330772043885304,41.05746092057656,40.627563720460095,41.968029704518216,42.10674508856272,41.73212664307678,39.10646016347503,39.560429350889315,42.93892778048381,37.48050804222417,40.1275963700471,38.48409155787901,39.71955643104218,37.1830895094516,39.54178073195618,37.19201466092085,34.7428033154971,40.21917126732963,37.82157694586611,39.23923315041861,40.01996717928773,40.46633875315472,38.85817622801319,42.00423392327831,39.337676235045976,39.17271820974797,39.776871597433306,39.13738377062504,41.016279432396715,37.749943505802634,38.91421236459317,41.64176560525236,41.62270489737968,39.0360263047802,39.41363680921555,38.492539019165406,38.6500053468026,39.77205715754999,44.967984730381275,38.81180686853834,33.6018319162879,40.311114809202614,40.82573365020229,40.261097561332015,38.18811723919756,39.883443518277,41.26156147747431,40.178360107432475,38.27423342156103,38.22376644629974,38.54519066971877,38.17713636769578,37.53423561513859,37.62375509945377,42.61253396840116,42.20506176356872,42.6010667859772,42.30096546416461,42.390488326241375,42.473911879642785,42.36056838614365,42.30791854595595,42.1134046092443,41.24547570382323,41.93228208250729,42.26853099287334,41.779417073469176,41.74114421373131,41.70222907794342,41.98648621207667,41.96608669795329,42.13453993249551,41.76112621861894,42.002618814469876,42.43888534902426,41.70445724251715,44.095345045687495,42.15866537257334
photo_fish,39.90167848860628,42.888301667184486,35.181392530078156,42.172162365406024,39.252316442686244,40.92284887945034,36.44296080936149,40.81616459691748,28.482065696732914,35.389425516867426,42.42131743769103,0.0,37.80071663775202,37.76450499226468,42.21030510342138,38.21354448511509,36.91620019530268,25.593411958420777,32.6791447769699,27.16887253162103,35.49515766820623,44.72548206173415,32.626622307634236,44.30200898165392,37.69814572621231,37.17989294245382,24.32594351549911,33.145494590956844,39.13059515051281,37.12701071879776,39.96347370988204,40.41142223791297,29.125478909167878,37.66696798018522,38.453094943931546,19.478322941863578,33.69898308459991,35.04814864153813,37.16538259779543,38.053459392276864,34.36200968280635,25.758759684850187,25.625424704224024,27.41128575795267,22.96276937526335,30.99698183275488,25.981608829191675,39.68695349109849,42.37373722997066,38.20784633863413,24.62134328619712,41.291790445534964,39.330376902871755,40.062269146284734,40.691950739929695,38.42964943136042,37.05377587752459,36.558595918680226,37.49678929186179,21.863936777080323,40.517849359889034,35.45945806036137,37.76954617398872,38.33052447804255,35.89150637525865,27.034437806617102,31.22563635547014,28.46893685927953,37.94597227121303,37.970665782741754,30.05942193571747,39.89671067871184,29.832377036390806,28.324351074238308,29.113549109945517,26.50916880906242,26.8595594735067,27.37138866949902,29.478114004865784,26.209496019341255,25.945201805295923,26.15578547539377,26.354562457101693,26.785603241988373,25.583556004853993,27.816538559278257,28.83809618820013,25.169368428588687,26.077720151389766,29.826655805060188,26.081626108301958,29.73731005976843,29.36652762317321,25.981786560444107,28.937754769842567,28.259052610111908
photo_cherry,30.06831790910509,34.082466508259216,39.681692891019914,36.66391022459619,27.1594546225548,34.25995903852781,27.617424436246313,32.599029623968605,38.84319093541231,36.65740860817231,41.489594413953476,37.80071663775202,0.0,25.20871664158936,36.492894252352066,33.539603187166634,32.94016981110891,39.46809111433424,39.753199083972675,34.508267073111405,40.589982258926774,37.09420509762871,30.80188996493177,37.20211534342264,31.68358435795786,32.77819577322978,38.99860293911109,35.81205848042917,27.22364109458898,34.38366803781919,33.92746447902911,29.486492835234653,36.14430121282893,36.83836910637846,30.480592935311495,34.99550204724631,31.960987348841883,28.730936722079534,35.653529222490526,33.45786387561058,30.40675693609844,39.291075418992236,34.58504927287534,33.93449959461784,38.95325775178754,34.93043241939706,33.20404768742692,30.497482772474065,38.235636956413465,36.54366966130411,38.18196179390044,38.28335321750987,29.082057925073574,33.540654327109316,32.42482495365518,30.996960912870094,35.043382621768565,33.0160065444973,32.05421234141012,37.306041420437346,29.445347350982974,30.323960081180495,35.664635214548575,34.102262259330026,35.35921226899804,38.906777432140075,37.52603012697537,34.38080928445948,29.07079379006075,31.26972835077369,35.31522078610788,31.441214871679872,36.874779012278104,36.4517996262022,36.70770443680754,38.755240016990015,39.17847646744876,39.452808979793865,36.75447505834626,38.91557059230336,37.936098648261265,40.063432584577576,36.5841798108992,39.46039535868093,38.865605361167596,36.347985601826664,36.299248543371746,38.45197120797975,38.23855952694153,36.21682666865513,38.92075846782891,36.71534388138917,36.98518698197147,38.58375821905725,41.269048117930474,37.02449414171834
photo_tree,24.70937678306616,30.472602461891935,39.81295133452167,34.917941608560966,29.79712916034579,32.742337655936765,26.11848128222084,29.544587750939687,38.259172727379024,36.514760657606054,39.72639481663231,37.76450499226468,25.20871664158936,0.0,33.92620231098936,31.03699847076329,28.53633745975294,40.60964345493094,41.40999525033212,34.973078028783576,40.234635606909386,32.64655871749515,31.512832744167753,34.737222568068866,30.388820787383896,31.74279792108202,39.88877683582506,34.86825521267241,25.494407307886725,30.224339187743997,33.11773245561369,26.741263156795362,35.03924376429207,36.6486256898983,30.24111837025744,35.39680129663072,30.790243447784977,24.301257148552935,33.402914054064055,31.681372870220464,27.217836850742835,39.9304283460559,36.52277421383851,34.75459494280125,39.05000272844928,35.43346926583151,35.12083181521653,29.274145702222565,37.368365735620856,33.90114681530869,38.81744682193545,37.41639123234896,26.483066513281237,30.639003072168528,27.18056288139884,28.17140818189002,33.43004187042056,33.31230250133943,33.40671752447308,37.59584741418685,27.32005997964003,28.043692544903298,33.11561479045871,32.21584739963829,33.68825753698968,39.78105564464612,38.748808483448954,34.86824154166669,27.176560700714745,27.072894206519937,34.85459348971117,29.78482800046522,36.958970910740035,36.828385076654435,37.19751195223593,38.94629353695951,40.49920601054767,40.55072457194187,37.145311481838576,39.89025623428761,39.0550521148627,40.15956346966811,37.31849756862071,40.57585918126352,39.68698831682007,37.00893442432599,37.059723974186916,39.34042527666597,38.91771191697374,36.38732854656057,39.85532417002386,36.878414019650656,37.5543139601383,39.27770282255172,41.49939950364478,37.73470208803386
photo_flower,32.09610561243407,42.07305164978213,48.06256265521479,45.041944980730726,32.51979140901137,22.48010179936915,32.727265377843814,24.969555771647908,41.55115179766734,45.9773502602012,40.150159243319365,42.21030510342138,36.492894252352066,33.92620231098936,0.0,18.526736926833774,24.05179501038237,44.176557701212964,45.64522936523582,43.85476012909305,47.08250820221791,45.34988030072202,41.15435395367984,44.73023293830519,32.913951617711454,38.71467247076145,44.14627633620361,40.398054631684445,30.78538112445749,24.909341040714118,30.11590001495478,32.32717159942875,37.796955343131586,40.458260687846575,28.70791588194539,38.578942648616945,38.827669799273316,25.24597535388739,26.963764843930836,19.89204109272957,25.901264558449324,42.11245898870425,41.33888705164831,43.2367921453467,39.022385058356605,43.29561997956202,38.190545009015786,35.872366880828466,37.32055116269608,23.297152393897974,41.45116105540922,27.01882756679709,29.76136380990376,26.393155518892797,31.047870236324048,27.943881037734933,27.763800865046914,37.805061034628025,30.923711813556075,40.2225152125563,34.06284730892087,26.43926369456071,22.64246709993669,18.894608775428807,24.98176386455419,40.904854022533726,40.84464917106767,41.1583363681281,30.76729791230746,33.63043527470264,34.42163355851418,34.53121739753256,36.01445416463874,37.880280570571585,37.2156969993737,39.479303930188,40.72129711703572,40.52645194179445,36.99380217466449,40.26197762296256,39.80669860910916,40.288557773668835,38.57350229946965,40.6263308665483,40.164891533265006,37.68403147923252,37.215701872764136,40.518962770276616,39.51967606512696,35.789596655738976,40.4708650410312,35.99540032171779,37.921397036552015,39.50652064094367,41.23960666181499,38.1729285403423
photo_carrot,31.983108246031268,42.84252843966232,46.36187726921448,44.704629412305984,30.610586895640704,21.862384747208143,31.331057582731784,23.99467705599331,38.57351978257189,44.79483490864122,40.54477338516125,38.21354448511509,33.539603187166634,31.03699847076329,18.526736926833774,0.0,18.792860229874098,39.9509285378196,44.088121629804306,41.68851006373233,45.84886516151507,45.56893038434674,37.24507195694086,44.9922098928087,31.64989916521548,37.95225223801158,40.43437675648839,39.249800837231234,28.009086765706893,21.40757948184383,29.99003405385423,31.692743762117928,34.680013663869985,39.26236231409039,25.832616700630584,34.85584711181745,37.06813078765841,21.142699646448797,26.326782740963193,11.583070384488195,22.216261268247504,37.71668578564454,38.52804206532046,40.91914724667085,35.11659973977327,41.129093842517435,33.55971474183297,35.30620660423178,38.37024584118497,20.17404089523187,37.14840756941694,28.421559471189145,28.09031728523029,24.6746392972102,30.327911387320498,24.26149347199783,22.380961981090078,36.053951071605105,28.469288630780568,37.089230218600015,30.21699936049872,21.64151215830368,20.576560241948027,12.315830568009668,17.689132937663153,36.569819306737124,38.76682816888576,38.79680179416478,30.6744144142535,31.864281564240937,32.50928629247703,34.519413377800284,30.67196294387953,32.85207496638552,32.13078137283064,34.84463874948214,36.17666279034187,35.87120439373075,31.761266562535205,35.53806729426492,35.10360495161867,35.54879461572553,33.7859667826854,35.92266950826822,35.5650711557211,32.78323046590933,32.245026530833435,35.9014825951116,34.70648802086146,30.52331832498916,35.7312322857319,30.68136022337149,32.744079210074915,34.769680389372,36.819357030396056,33.07942238720956
photo_watch,28.156306598802402,40.297133853361316,45.15206293870025,43.140683225442146,32.064630875784644,24.783859410570074,29.35087248060879,24.594707930424,37.500198686615,43.41559037558464,41.00591045082588,36.91620019530268,32.94016981110891,28.53633745975294,24.05179501038237,18.792860229874098,0.0,40.47316506614523,44.71890994673022,40.16602973669096,44.89677842923933,42.893100333243005,36.49190367780393,42.79745200740925,31.615667463271826,37.46023784565392,40.77850997295278,39.39131064800071,27.918193003034556,22.269706595796627,29.67783279500104,30.618003454620897,33.84324159891191,40.66704078543501,27.290518292887143,34.733566203475455,36.64046639009022,20.71518959313244,26.942072931822114,19.871619850778163,18.4632406970709,38.68059029842043,39.05155492826061,39.9652534526398,35.79284666266613,40.18789801652678,33.843054206060486,33.696378398951275,40.28005010508283,23.951852783959943,37.94036333968768,31.24860940952511,27.874757199203906,26.393782664078596,29.488075853722243,23.43941972838862,25.11250950363753,36.729389371278664,31.244769168600182,37.24169823847592,30.70867543454236,23.81436580196891,23.867508406821138,20.716034191715565,20.97154537977677,38.018828202816046,40.7734285829009,38.70250560034421,31.45306115015765,30.930477154068157,34.63145037859503,32.80691894502265,31.93288132624072,33.65358361183309,33.329459779127774,35.94388186381854,37.811089566981146,37.56631909898334,32.985806524754665,37.041285052716994,36.37618531980858,36.617457310431725,34.605287161420584,37.399899017045655,36.933562388635565,33.95669411935858,33.43619228299293,36.8858099011031,35.94276369043522,31.28333869684245,37.135513466818516,31.9180564820869,34.033651558002134,36.055241433913146,38.219727588405355,34.470367443826625
photo_key,44.273113868408174,45.747831539600504,39.05539584462723,45.75796810612963,42.70374083932403,43.30823005430285,40.824812399118585,43.81619667856342,27.957910065621377,39.291055324189806,41.75023050550061,25.593411958420777,39.46809111433424,40.60964345493094,44.176557701212964,39.9509285378196,40.47316506614523,0.0,32.937158461978086,32.10625441127516,40.25509069355419,48.87430150156672,36.39090223148625,47.96214228076781,39.26791096760885,37.03490276727422,20.286945114396097,36.129693057728616,41.70248742906914,39.29325915217182,40.29874881474769,41.422757450819596,29.6488595118849,39.534850145563205,39.690718966152524,24.338884884703475,36.87484981241843,38.10838297964173,38.74702508979771,38.84101966296158,37.700895532160416,14.071194758604388,29.10036060459908,31.22938700253634,24.552170144389777,34.06112539752831,24.986133461647967,41.844971315649204,40.4721676871284,38.78481243285683,19.127449928606506,40.540864902931666,41.512034890925044,41.51909084514429,40.913994012616214,38.62383079626029,35.65726519464184,38.25263247649027,37.13797754409335,25.390182112252965,40.330112101570265,36.665512332716446,37.2509562191714,38.642879840263696,35.47306312656651,15.402444247411255,28.566449621946624,29.281262178687182,37.63716860671981,37.78067329900663,31.250619079060463,40.18503452414816,25.96155570293796,23.89227928167437,23.953358279003577,20.468498256505818,18.879572145268956,19.513208188142478,24.979093953006963,19.57287827524817,18.870406199146913,20.92458454203234,21.38439879034449,19.56050641790001,18.428056801285365,22.494640072067746,23.858490926192275,18.38915827752082,19.539688201440075,26.794313909104194,18.584833780383818,25.567390313911844,23.486590719351966,19.425863002962366,23.73532145065003,22.404979705307756
photo_truck,44.14554436345339,43.605336426813984,31.797057082887758,40.98477010814077,44.09463717861085,45.31630149648699,41.95949495732706,46.377696980434315,34.93287287837767,34.39769176203112,39.330772043885304,32.6791447769699,39.753199083972675,41.40999525033212,45.64522936523582,44.088121629804306,44.71890994673022,32.937158461978086,0.0,30.111559975104047,32.36386415427511,43.28395783217711,35.62008782916441,42.6362165376786,39.40918749874355,38.78895477979435,32.903771898910804,32.77621151602933,43.497613628925265,41.46161255251354,42.43401710614212,41.68753314473241,35.63977259514609,36.73684266425327,43.37976526304555,31.100585471352197,35.35704829246912,40.708513906617355,42.21525937883811,43.4119502757177,41.31214455058544,34.97799893109845,24.008097631862807,29.296381710078798,33.7500721195635,29.458782528697505,32.90427444575232,39.69267550499236,37.89507406689894,44.2361630745858,34.55551019079683,43.254759540366,40.45640270478896,42.43836870480194,43.726349652744666,42.69674057311689,43.82153456515421,36.587434300893115,41.69541042545136,29.645685123312546,42.08353546995956,39.903914305134094,42.18095951980458,43.11206545686502,43.376293499414565,34.56492946287982,23.5833657371225,27.781057150734664,40.4337662001836,39.875690138796784,34.11457490913782,40.029203178033434,40.252143776585896,39.053748358446455,39.11359982609212,37.295094701705594,35.13937791352921,35.961140820428255,39.81870540323452,35.74445908964786,36.05878124510857,36.465033255448326,37.576793222327154,35.71962461351364,35.49334388399597,38.27705075007321,38.79035376293652,35.85970043976317,36.87793902705589,40.247909292852455,35.52636242268061,39.86923176598059,39.37441481325137,36.417119793017044,37.51466568957543,38.66410959116323
photo_velo,37.703537279323626,38.69439707747481,30.482960529332257,36.69684686385699,38.72343530885477,42.25906345731042,35.475588040714364,41.38574327963844,32.107378920238766,31.177041966084712,41.05746092057656,27.16887253162103,34.508267073111405,34.973078028783576,43.85476012909305,41.68851006373233,40.16602973669096,32.10625441127516,30.111559975104047,0.0,31.066045880057455,39.40237442487629,28.178677212288612,38.79985864995055,34.04955473782158,35.418170466465334,31.79660156629128,31.516337478595414,37.94135257864223,39.2408515470623,40.82711476802551,38.80575999417628,31.836342208152576,36.11736880253726,40.649060405755954,26.046641766271005,29.688174466294672,35.47371539553603,39.66829344029216,41.58511623935313,36.60082189846179,33.084692706056934,25.425004616991817,18.19349150937201,31.858347616433218,26.65908183585805,29.172440770902995,35.96856615512805,40.047191464294244,41.78455276954833,31.768451418928215,43.57728432446999,36.59589617905111,40.218765891766864,38.708942062247786,40.018105109575096,41.09225716499337,35.632426856693726,39.95669280042601,28.345363064073016,38.829281140211044,36.32621507872931,39.95375332268548,41.39655029966641,41.2064436028061,34.07712490976083,30.94204391196332,20.82508695349994,36.64303300366096,36.184430111727956,30.138029292800088,36.611000198419276,36.88073411317616,35.263383970385114,36.13537436295048,34.31006919369758,34.1651207512892,34.53730576754873,36.41304522591131,33.525966203058935,33.5626339264406,34.22106893100486,33.5399706712759,34.34332175757113,33.19063214538117,34.84471380032909,36.00955559159376,32.882855787480864,33.551966772696204,36.68175243383325,33.598624326959296,36.65506358363293,36.44407371562006,33.65963337887043,36.16167416802846,35.504182681243066
photo_road,40.760402303504655,37.81697092621786,19.56763906920212,31.180270534494163,43.7832491980812,45.61824224986823,39.66448621796386,45.19568146604557,36.26371382145505,27.14448017309434,40.627563720460095,35.49515766820623,40.589982258926774,40.234635606909386,47.08250820221791,45.84886516151507,44.89677842923933,40.25509069355419,32.36386415427511,31.066045880057455,0.0,36.56753589756369,33.751627174619784,35.936386901784445,39.29753845233321,37.40784083138975,39.67135736878232,30.28728041080272,42.86552052295685,42.2005155004515,44.260432531883595,41.21190797214504,36.180795582646695,31.185665237471415,45.02009980471089,35.94636319082707,31.681664804539103,41.38417255019732,41.58807540747588,46.22581998525782,42.58573736061384,41.228330059252706,34.294165044002646,29.814637768933057,37.49696780992315,25.562083361288867,39.629843894232806,38.746572018180075,38.599573900832226,46.907057643749496,40.69050176793075,47.3566728433553,40.898381703952964,43.529409761563905,43.07562477077723,45.38379589909873,46.71029246729661,32.77812463141483,44.74635739694863,35.10505596379187,43.54473286841763,42.923265053967576,44.53597594511974,46.12001385685542,46.7312557404272,42.07505912273729,36.716537399065714,31.920222338032236,41.80903513985569,40.66274333089136,36.137372809163395,40.149040776624375,45.763265321520564,44.58865771336829,45.14100386911548,42.71282859906665,42.34850268554748,42.91204472866109,45.52876883479419,42.41669039313244,42.7379201539394,41.56715113367693,43.109163025893686,42.45262505441771,41.923649034705555,44.229865522133466,45.00700342899282,41.8433760561865,42.4828395705807,45.52529790906802,42.22699585346547,45.574235714786475,45.54948487028456,42.37759997022531,43.4293406625075,44.49732295046054
photo_house,33.30761688869978,26.675797698255387,36.83094773763312,31.272210531341308,42.11339885063179,44.00713193907079,34.972189126124945,41.31454453022614,44.94748428755418,35.47552032004565,41.968029704518216,44.72548206173415,37.09420509762871,32.64655871749515,45.34988030072202,45.56893038434674,42.893100333243005,48.87430150156672,43.28395783217711,39.40237442487629,36.56753589756369,0.0,40.95735225991748,32.50447997910577,39.75372338550511,34.34225008666154,48.09454533254779,38.504210396657136,39.499582370795764,41.40862134798529,42.4929173249569,35.334995551428094,44.212255080113096,38.013406630998716,43.48816174685394,44.599009974598026,33.01881644656271,40.72162048492447,41.193823441707245,46.33974373313551,41.504090746022214,49.56551247135337,42.89665792273751,39.18275149666795,46.813035191920775,36.312548333874815,46.855088329406556,35.64705691987336,38.534390406410516,47.55870581771984,48.777629399393035,47.024527577930535,38.022964366101675,42.49919228091496,38.21020914917307,42.95766548305996,47.3569037018269,36.26260134120124,45.01951913400542,44.617916799887325,38.49535472805047,44.009973995889844,46.01102704636775,46.479787477916844,48.61381179186067,50.074628409872915,45.87378348051356,40.99114415259583,38.265813691192456,34.98106199938546,43.15013645156405,37.56575306438249,51.371673992738586,50.24944934439738,50.933951528992615,50.1182564433201,51.007584441051584,51.39958098242119,51.08801730645612,50.708125743175835,50.38822390756966,50.372997442872425,49.60115891131715,51.18517549415365,50.34842340449248,50.121181241650085,50.61427535036237,50.004305152257466,50.050235917589546,51.02104956448461,50.51494594616564,51.160443380844896,51.305122313727665,50.25995258919475,52.2243435335883,50.61382618851206
