,photo_face,photo_profil,photo_eyes,photo_face2,photo_walking,photo_standing,photo_hand,photo_legs,photo_bird,photo_butterfly,photo_girafe,photo_fish,photo_cherry,photo_tree,photo_flower,photo_carrot,photo_watch,photo_key,photo_truck,photo_velo,photo_road,photo_house,photo_mountain,photo_windmill,drawing_face,drawing_profil,drawing_eyes,drawing_face2,drawing_walking,drawing_standing,drawing_hand,drawing_legs,drawing_bird,drawing_butterfly,drawing_girafe,drawing_fish,drawing_cherry,drawing_tree,drawing_flower,drawing_carrot,drawing_watch,drawing_key,drawing_truck,drawing_velo,drawing_road,drawing_house,drawing_mountain,drawing_windmill,geo_face,geo_profil,geo_eyes,geo_face2,geo_walking,geo_standing,geo_hand,geo_legs,geo_bird,geo_butterfly,geo_girafe,geo_fish,geo_cherry,geo_tree,geo_flower,geo_carrot,geo_watch,geo_key,geo_truck,geo_velo,geo_road,geo_house,geo_mountain,geo_windmill,word_face,word_profil,word_eyes,word_face2,word_walking,word_standing,word_hand,word_legs,word_bird,word_butterfly,word_girafe,word_fish,word_cherry,word_tree,word_flower,word_carrot,word_watch,word_key,word_truck,word_velo,word_road,word_house,word_mountain,word_windmill
photo_face,0.0,404.11831595355414,776.6696756297672,612.385687468049,788.8124972611247,626.0180753497555,427.03246686632303,839.4041206806238,1239.0260407097142,770.3502349228271,1089.201126460322,1136.2990321943357,596.6608972583897,589.4011716187748,1007.863896061357,878.6821848044739,536.2166151628471,979.4691484995908,1098.6998850420948,986.8577813678214,929.8277610293336,713.4435445977015,822.103517863941,711.7368070135616,425.5460051658923,471.2091924967274,745.9298330545616,653.6951509290113,494.71696898161184,462.9672366867387,507.0085041322837,472.9274103091995,920.9461977165694,672.71939059703,566.6917360734801,851.90964677354,565.7737725106899,462.92434991703266,479.0141494375386,580.577505800015,429.33552278153655,827.2782120667907,860.5431946463752,835.0681971575059,804.1904845484631,718.4512418699208,699.0536383090099,488.32091751794826,556.9433766567968,609.0232531171736,732.6000439297095,594.1367308844219,532.1750165189737,555.9542501558753,494.7206391254792,509.77792383689433,653.7689831881985,625.7050277346269,675.2054431524297,757.8680215983755,601.648704161545,489.112228312463,518.3909082543039,636.3312177848505,591.6053091339621,825.2281124468551,745.9648072153763,668.5834450636495,505.324455267065,449.8637551746329,587.083243496584,514.261177679537,663.8632059505439,672.6983429932081,659.4377014097905,722.4883042740712,744.9079687176267,747.7478168869208,653.8470344964959,739.6433483630822,707.6934868805916,745.2273580989181,689.8806442195689,763.4132580353221,731.2876525026257,690.6897927062396,675.9516277896761,720.1438713060141,705.8102202480164,649.3742354607479,732.2327481453796,662.8140109068466,678.0202104733195,728.526409136889,787.8708604297285,672.1230861680551
photo_profil,404.11831595355414,0.0,720.4066458064709,519.3502963151751,807.7461538039275,683.5075907468996,438.7437215346628,932.026827665249,1256.4797113550276,731.2306770948026,1069.0294533743483,1164.8352593664365,602.6856853721688,656.0166754226904,1144.0533375522716,1029.6194652912332,666.5691388320583,984.9369940389074,1071.6002199612187,1018.624184282565,887.0572015253554,641.7028546425267,855.7781707641219,690.042298044889,476.9784634787923,431.72270684634606,740.1877580227858,608.0222942089433,568.3394316783704,576.8358730504411,531.0063264892674,483.22147664622935,951.1788808749084,624.4933768257251,605.452501299283,894.4894170444451,597.6460545933535,524.7072112731202,545.9496643550775,706.6431054552246,581.9572735434891,830.0780697292755,880.8084772375202,849.3265637580221,826.7433683559034,699.9375256086563,729.1242649534433,506.5458091851541,548.2418177430781,712.4014507685531,744.5189113927484,618.771896808474,621.7924325033765,675.2824528061184,524.6198671185597,633.156894280796,737.4341678734713,595.4908491055636,688.5957607094872,746.2791893007922,633.4111246455857,590.5817875680183,615.4895442795405,741.0729025029585,669.8985504665545,835.3772475779967,737.7865640126499,675.2091605030337,518.627768330414,465.31690940390376,682.0548077728557,490.1150908686411,676.7110695505214,680.2591688035153,669.0437886051938,723.8520937920488,731.4146967736435,733.4391380387233,667.5480663364455,731.2464658668215,705.4410919674849,742.2288272049132,692.5854464168375,757.506718639004,725.7351441866614,691.2387359849423,678.6731700372414,717.1746411048739,701.433133273155,663.910701399593,724.7235157675577,675.8322694789914,678.6629569440447,728.5212131115294,773.8840312729423,672.412402387803
photo_eyes,776.6696756297672,720.4066458064709,0.0,545.4617066194485,1133.118338840939,995.3944761992728,648.8115362307499,1278.8770605522463,1312.196751380321,714.9466029973327,1169.9266192411105,1156.0473722589863,943.1493223843472,984.4319400107302,1421.1376409120605,1312.6771817967683,962.8338181834521,918.3997393333678,925.2817132105539,1004.4772993968697,590.4548656933737,877.5877876420765,857.436436895517,936.3630196757969,655.194676193585,595.9895088981885,577.6009643070571,446.79710736237524,871.6203548952682,783.8088035458243,688.2082363514702,685.1962936274886,903.2614846429141,434.6363180688784,843.1370462780982,739.6914406731973,569.579099680774,669.6389891772844,698.7693532070549,833.2993264548707,834.0911180901768,680.1485401016832,709.0607250963443,719.5446762483936,701.2144636412712,397.42052604545296,561.5112458869735,712.9668569560536,499.1182745268074,817.4247370674001,672.196104255171,697.5246002781236,797.5260799954282,934.1231110515083,767.6033803807724,956.794818585159,957.6180071663181,485.65475136908583,823.2183418295133,525.6241568122111,883.973322673658,823.9543788801475,666.3933253271925,777.5622176214077,765.1195893615,706.9509407415383,462.91362496338235,555.660080544708,679.1058036180434,605.9212229309647,620.454828639079,665.3938059770738,516.0799949437154,501.0734513882743,505.67013028445933,504.04193077363385,500.66433462854474,498.15286149314494,499.70360229725065,502.48784897217007,514.3138534305808,502.25239847757337,495.282175070106,520.3696882783336,514.7092062672734,489.79662220473557,494.15658297346744,514.9223058689082,495.0303667370818,514.1727705619072,499.31249257067196,514.3171719692776,497.6962921507512,503.86746634830195,536.8777553305687,484.695690740765
photo_face2,612.385687468049,519.3502963151751,545.4617066194485,0.0,1024.092483165946,842.2314472325127,542.611318656817,1147.724991388715,1369.6602506401155,815.867720566962,1142.8515273896232,1315.654768431823,827.282256414482,872.8851610289144,1325.7997444787816,1211.9559509759204,832.0885310352603,1055.4543813313023,1122.7904765496166,1149.9045255709418,837.899897311594,818.3777533391662,933.7762190671649,877.7733198577963,480.72721028252533,433.97344589082434,715.1619581962152,482.0441072250342,716.9537252101271,668.3811904938011,573.788114793022,461.20245721469183,1006.2056184298464,485.66118497423815,712.311507967063,892.59845252849,611.2707618273838,546.1529122640087,590.2104351733584,718.1595726143102,713.3981952465396,786.244803242923,927.8652246844531,883.4465344767134,848.0919490823669,587.6464050628639,673.9947987194596,595.8507075305009,463.97232752110745,726.722893540954,715.0735877155108,562.307161746302,691.0607728580668,796.4768798069806,625.0829252124138,788.7815287808932,839.3873151122713,497.94942427628604,743.4510507273062,681.0220673307541,731.1830000234725,708.6183185988352,593.0518871029548,712.0054172121824,664.961306375114,797.4370877475861,661.4465688402095,669.2121699020778,502.2877127947393,458.1598054010963,679.2149667386499,533.1882114946159,579.8966296734653,568.958243011441,566.3913692427752,592.8712317897923,601.4655128611445,602.70040191502,561.1533543635527,612.9867887494655,598.1381803151647,606.6916214153223,580.5498016496047,628.7535800525729,606.9143573877923,580.1827581073791,573.0810538780768,594.6028951175896,577.6038462660827,563.6356590521827,598.4559565860802,575.3674918987862,567.8551467372216,601.6274743526786,626.0674478397456,557.1023597703202
photo_walking,788.8124972611247,807.7461538039275,1133.118338840939,1024.092483165946,0.0,754.5612174093973,785.6825160672701,717.2701212042168,1238.4578887417233,934.2798414039364,1141.195906954158,1109.557865650471,585.0000233568602,670.9513772190096,929.5582919772813,831.5974805379766,779.5611292147664,1113.6648615097852,1171.6576769169528,975.2161184553414,1094.0997983470972,907.8110374998367,876.3507206934893,886.6696673141706,872.4541554240717,947.1668323374791,1052.8306506358338,1050.2219325392268,600.6434113779206,869.6173295250435,881.8716945175656,923.6291489455231,1100.9996539005747,1070.9658590515633,752.7236596805658,1072.553571970824,898.9152383286907,864.7383174468287,889.3444036435833,854.8009951408276,791.5842926744007,1128.5327060730401,991.6509898681389,949.8470800491989,1036.6170197419729,1057.955527720761,991.0321201643795,835.5908874825753,989.6702679771083,928.5303672704752,1068.9148746211124,1008.1392239640556,709.8680323808312,798.6808401931509,711.6867685349793,726.8225741082475,815.3387665370761,1014.6117403981327,826.2808481825176,1098.694879258628,762.3394751720402,718.9191131267198,944.192036489219,952.5807896038856,921.0342251429795,1116.0284991535873,1081.7458041468524,934.7846210600377,853.7870451816708,903.4097586371208,900.3483474901158,895.1935937613678,1038.5299273377373,1066.330781961067,1047.4737802169893,1122.0122751795882,1132.114970155629,1137.6449893882677,1043.0354476550956,1122.350642521364,1095.8820331513537,1136.7625744660784,1079.2509921804362,1136.504110341993,1112.6921065378206,1072.219265052373,1063.1534070149685,1115.0002097753822,1100.820465799118,1023.8011252333984,1125.8650406233871,1039.443998097589,1068.5636072875097,1120.0199269107527,1164.36573108559,1062.3641087651808
photo_standing,626.0180753497555,683.5075907468996,995.3944761992728,842.2314472325127,754.5612174093973,0.0,659.5307685910825,585.9956102129925,1231.4851785450435,839.075006920053,1016.5917167964266,1176.878596474693,781.5185987234803,730.5082719681366,708.8825123927995,694.8352502713457,560.4456293421132,1106.1398476538786,1198.849131451285,1093.9009473906472,1039.3912453771634,876.9421989634595,1033.1663624985079,692.6556681488112,754.4513215534656,758.4350013145378,924.7221136788631,844.3591228441946,630.8552464729207,544.4663367580754,629.3454636428952,698.0655882158856,981.0023356105074,859.2720995075117,595.134257510982,966.200116806089,812.8649650062778,636.3438548045987,560.6542090031002,546.0520177804259,571.8685503170186,999.1240357771421,1020.8692246997094,992.530136048803,900.2180794790048,903.4024365672807,903.7654973166558,579.2121913710515,770.0397531183994,583.0591272847798,923.5904147878002,650.8160857143685,656.0713221800867,449.89091029246,612.6104104668987,525.7574039035065,581.811447890174,783.0779232208035,683.2667635609081,949.6244477709029,798.3209707634212,663.7902714419099,627.7462696667742,625.2461494830635,643.5094901193854,981.1427109249034,953.9866649887487,873.8615416720778,718.1597862854137,692.19182828429,799.9912321033199,625.0789385586502,833.2732905685741,865.6595042902871,848.3830643332834,914.5259603708699,942.9471168818052,952.9557126726188,852.9918327365898,949.7876231231202,915.6439991687304,938.0666952811418,893.3211085093337,956.8987401814809,925.9512259250878,891.9587405162644,864.0913378211554,924.1275865764159,907.8989090450245,819.269111051417,937.5821285191221,836.4179397054393,873.7285408169402,924.3488491105322,968.6979719732321,877.6346308613173
photo_hand,427.03246686632303,438.7437215346628,648.8115362307499,542.611318656817,785.6825160672701,659.5307685910825,0.0,930.2211777943623,1318.4051643481055,744.3062463770308,1084.977646001533,1125.3319874570957,575.6980782651169,666.7247239540247,1125.4493220185652,991.2176885581474,620.6363682710078,944.9720676734094,1057.801229718764,984.6350355054255,857.5898757012069,714.5684704258515,816.5474086415815,765.6343848373924,468.2503295752717,403.6149472201681,627.6942268415703,521.9787507021988,525.7288168148907,481.7652498059291,393.602726333994,449.9680501325443,951.1906309638296,503.0424110582157,530.2175829948729,766.3506866731061,481.2601657544779,412.0063221422084,416.221657815469,564.1638287760289,470.0859132228173,719.373252613273,772.002625724351,761.5295339477248,739.3178587010353,582.6297507031856,601.7400339790423,432.5462549321399,431.52235657720115,607.1165565752116,633.7189680428407,523.6679135005312,524.1405859984253,644.6281350454045,443.0235619326958,583.3689225237717,673.8300500183452,476.03508481313025,596.5032702898752,614.4970258646058,596.7517592680143,494.22411897104877,472.64338869898745,584.8685077267029,532.368724915706,731.403079241866,611.0121215550423,559.5339307011982,453.2666013387405,405.4615936859665,551.0176829100419,436.52353681565654,537.6493697310879,541.7237589411188,530.5525243287312,584.0030724729564,587.2412303762942,590.9850957794046,529.4209694916486,584.6704417851093,567.1691520665426,587.6559795728015,544.0873416512834,606.9672335471045,577.2481664980526,549.0240089532623,539.159713486241,571.1544500041593,568.2629416810573,511.48445920622123,579.516503347717,531.2264730360497,545.2082650224334,585.0118459465176,621.4760130795171,530.0314479846537
photo_legs,839.4041206806238,932.026827665249,1278.8770605522463,1147.724991388715,717.2701212042168,585.9956102129925,930.2211777943623,0.0,1291.5260816179214,1061.798647147047,1248.6996416594864,1269.9777144543768,868.1998677070042,757.0766966731927,644.4265182879811,610.5180094864368,696.4802675410888,1275.9313459004309,1375.9615644473317,1176.109253185739,1250.8867169120876,1040.9650282037169,1104.489867642056,904.0528023058739,976.4324486218354,1035.785361035924,1184.8825493877084,1160.3874385564368,731.0281652829151,818.510916448864,950.3848568571851,986.3292671532972,1145.0002711771072,1183.5327463015567,872.4079213461753,1179.6439023752062,1050.0255913193314,883.6116682144467,879.4204386906888,798.3940501593731,748.8634052898361,1249.1363385832278,1202.6839128085437,1161.3925651695981,1139.244744910037,1192.5755320155756,1136.1199004887244,893.9819985758759,1064.816982452191,782.5487799252759,1181.5880424058923,1006.8451427350393,790.7968937368971,668.7891052943733,782.8209361415342,636.9167734933044,678.8382911307069,1099.0950422987455,978.8500825610674,1231.1633421677916,887.6801433765241,781.9897399014617,930.4928550726407,888.5043877391288,895.0973811712579,1231.086309966192,1234.4190951289745,1131.4563917516682,947.5960421922424,958.66722163044,1007.9968956601313,940.736362372514,1129.7919623976813,1167.2235359058611,1148.6315446221197,1223.5200487144693,1244.7866683499738,1256.142727267614,1145.6979630122887,1249.4496881894536,1207.5777634211324,1243.247040063076,1191.0497409328289,1251.0819804089085,1226.3655931563792,1188.4143706149914,1168.3623436725354,1221.7082778613103,1207.4858426940834,1115.3650049443286,1235.0640568847587,1136.1135315923825,1172.2696073224024,1228.3642746141534,1278.6646573536918,1173.381747981624
photo_bird,1239.0260407097142,1256.4797113550276,1312.196751380321,1369.6602506401155,1238.4578887417233,1231.4851785450435,1318.4051643481055,1291.5260816179214,0.0,982.6025909322257,1246.0384319745021,893.8095471340152,1224.2409814801188,1179.9659922601202,1275.7201058855755,1250.135979722517,1211.1706328723842,853.461129030078,993.3682227622566,942.847476346144,1071.8031807065447,1239.2168637974105,1139.0776471845727,1183.6703629477227,1325.1840069262255,1392.6080772260377,1138.8568323859606,1348.8577390527557,1299.0250058751662,1286.4607532719876,1385.2180837990816,1385.767264767156,762.1061209133628,1402.321261505462,1292.320004667006,1053.0012875891232,1226.5488148615216,1327.6175364689057,1314.4561144426168,1341.8265147906968,1284.0500984136565,1171.1210859592654,1124.7801654384139,1039.0312835103828,981.7267832656458,1242.0585318881867,1202.339314499106,1285.8189675060091,1352.0525185870972,1296.0547551327845,1192.5296923983672,1439.1597204166221,1292.6476643668323,1273.7630207639206,1337.8404720597562,1298.7349544146832,1287.4209173558093,1307.0495868609787,1296.0330361291565,1254.5787698503166,1367.10225124195,1252.3744800331824,1370.8446510205854,1377.4501442587348,1378.9394274773076,1113.9852555685184,1269.6029795949269,1176.8584982896234,1380.8241802979815,1338.8185416082222,1174.655777813736,1326.3356702967749,1273.1335444207189,1295.664024571764,1281.866373851208,1320.6632469228307,1352.58670931693,1339.0369789659976,1281.8898690861804,1333.8278269505256,1302.6854057376318,1346.4570834010337,1316.3683095611943,1336.3351857036441,1336.4813952005054,1302.2611329102842,1292.8193486968187,1339.7251565465658,1310.9345082103182,1298.581129551916,1348.1206496961777,1284.2356140935108,1300.4653699139826,1323.254540119409,1400.915193349298,1303.6230512489344
photo_butterfly,770.3502349228271,731.2306770948026,714.9466029973327,815.867720566962,934.2798414039364,839.075006920053,744.3062463770308,1061.798647147047,982.6025909322257,0.0,1086.1186572047725,899.9137101834991,839.27865483301,855.4847842549481,1186.8272612973105,1126.7607053258403,886.4518642210727,781.3643819436472,741.6309603749356,747.1553788232861,616.8839602510383,808.7982492728371,835.5004121758395,717.8002497085366,833.0070797218069,775.304663269045,628.9505664347851,662.0759053539084,850.5528167123856,808.3153390087872,801.1710595798316,827.2948445941172,732.0244893889122,714.3220807346381,856.2160850664017,757.5651882603912,659.0263321661735,790.6639522129991,772.0344948668849,923.4972571168229,838.2187868990918,806.5575101249094,646.4364103812686,644.4847535488934,637.495839868658,626.4079949363166,742.4440664628385,720.4834456649961,762.882906697262,899.885844882005,785.3233155826246,899.5678760034357,837.1687332634806,863.1009531311885,827.4626509092969,910.875736600059,914.0904263890682,667.022356804261,898.885210956659,766.1693535219548,939.4924486704282,815.6761324018106,854.7423760736714,933.897046077033,922.9541055657588,804.8286195422035,708.8204460447231,625.484619015924,841.7659438416997,776.4076885447247,723.3151811466549,732.2307659581584,774.05325442992,790.7197233147605,774.0319646090215,814.4289408726231,830.8584454442945,824.329390921469,775.0230535533246,825.8873920404691,811.2505252556252,829.3860119047259,797.2476388691219,850.0799277891183,831.8590836734516,795.1005930210886,782.4240550155131,825.5899944809704,803.1014060271687,781.411019534909,831.2535782299105,782.3149960406812,791.5938774180925,828.3181855044772,871.536796137965,785.580572275667
photo_girafe,1089.201126460322,1069.0294533743483,1169.9266192411105,1142.8515273896232,1141.195906954158,1016.5917167964266,1084.977646001533,1248.6996416594864,1246.0384319745021,1086.1186572047725,0.0,1205.1921407436146,1089.9314733723409,1104.8158629551758,1157.860445847918,1151.2977539952635,1033.9552223187143,1213.132289511857,1217.1497404425395,1151.3257769005877,1105.0660558829695,1068.010529777788,1200.4510017254815,993.9711249885368,1126.695106977446,1182.223806775031,1177.673226782188,1173.6632188026163,1113.936845115479,1061.7948161758632,1103.2461146403928,1137.8895689381166,1222.3668394187373,1182.3459168426814,931.7164787075578,1144.0350688895423,1101.895602857316,1112.925693429729,1073.0591157086594,1066.0236030786386,1105.0787971215734,1241.3285229484825,1172.3198501634693,1128.212434537187,1102.1635345047994,1177.278346338179,1189.7339635602766,1053.3842678045428,1135.4005987785729,1113.9647041929838,1199.538464389397,1140.3667861497534,1098.420293483006,1066.2554664318334,1128.608895672989,1092.3703844341328,1191.0917152476425,1151.9251234745211,880.287399006276,1195.9087859764322,1203.8458903809606,1122.4845337891245,1082.2614351638806,1088.913250895699,1124.2852828962675,1192.3141824393774,1196.7298300248128,1095.1279303619142,1169.7547296249904,1125.7984830475193,1087.2591653681293,1104.4537909470241,1177.9094459318087,1191.118578920935,1188.0352385472904,1227.818670066677,1239.911747441933,1230.5899574499124,1188.851848255764,1227.423805937667,1214.8271652616825,1226.05914977353,1208.816563666884,1238.9589142617524,1229.2187968723506,1203.2290247039123,1185.7113910092212,1234.490408253608,1208.2466981200394,1161.6802056414012,1233.0326752301542,1178.3493933665163,1193.9326409529804,1223.8508935196407,1271.5507269590723,1197.3642876396252
photo_fish,1136.2990321943357,1164.8352593664365,1156.0473722589863,1315.654768431823,1109.557865650471,1176.878596474693,1125.3319874570957,1269.9777144543768,893.8095471340152,899.9137101834991,1205.1921407436146,0.0,1047.983295367082,1060.4021855710237,1272.8390091699043,1180.3023600540976,1106.3626186570543,661.3781179780243,784.1738366684327,616.0274521917888,905.9725413395652,1126.4547328514677,886.3038029292377,1090.0396605311403,1192.151550657153,1265.7784425644923,900.5193088074703,1210.4283226400194,1157.851471035155,1148.8076197993537,1229.4151651881243,1309.3335425447835,859.6557743920271,1231.5777338799865,1173.3505920937707,761.1799297917698,1004.0187431665553,1202.2422462257907,1179.7831817494177,1206.42937497961,1133.4079785839972,966.799454991834,742.0850909852271,777.137595994567,725.5826340411309,1059.1965897724917,980.9427296070747,1149.8416165984534,1196.4478418821095,1189.1715384671245,990.7165847837196,1337.667181454143,1140.872235122521,1202.4361211061246,1211.3652296492733,1199.0933279496942,1159.2478711734616,1154.1745500173295,1161.2417509229224,1023.0009568964384,1234.421902226207,1102.1158011721118,1218.0123590691317,1253.2943299684882,1225.4795500399566,954.3661396915572,1046.9259210690752,926.5563878307435,1266.3350833821635,1224.4086337947053,995.7908190476323,1213.9515435372587,1106.121875914406,1133.35110903852,1114.7025682404328,1149.6738316282724,1156.6382382362945,1149.3344006147142,1114.2699695478086,1127.558119960602,1115.871652488363,1152.8102204528188,1121.7155473063547,1147.4098952012805,1135.5551311154593,1115.251259947478,1121.4588065320388,1152.3341026631647,1137.0594953638893,1122.0262061489634,1149.1009596749059,1104.039908752198,1129.052532751665,1135.3646910838274,1207.894397024077,1124.7405887824805
photo_cherry,596.6608972583897,602.6856853721688,943.1493223843472,827.282256414482,585.0000233568602,781.5185987234803,575.6980782651169,868.1998677070042,1224.2409814801188,839.27865483301,1089.9314733723409,1047.983295367082,0.0,562.4834238710845,1032.2563035012467,880.9794095245816,692.7716674011014,985.0108467214997,1078.1087263377476,872.4664033283201,964.2280613051664,704.4522353841816,691.4297901326092,739.313676758265,678.4966269923924,738.3835449501565,895.3758449589949,901.1403212031832,578.1391814722185,728.478333603877,759.3712543081994,748.5583050140659,1003.5600531131283,896.641675819037,690.0726119071785,940.2473345838142,697.7025762393765,736.0553121451794,758.8583046792239,775.7218398804099,656.9079126558647,973.2720863344047,867.3850575724612,816.4601786704835,905.6282713443868,901.0484575510366,818.7095898219779,697.1965680630396,796.071184306495,851.451140975925,923.9894805856699,883.261177604406,672.5420351461192,773.2118033097515,671.8740338630919,660.0309519929183,800.8045621251006,840.7137491671648,766.1498244999967,929.3759042661694,627.7618642490984,595.3505572946407,812.4051775859692,876.1554078074518,830.9748832663835,974.0871908180461,902.0081233298423,750.6523200101221,731.1998150535854,746.9783882880297,741.750028098102,748.9400720838037,886.6681873718101,908.5729336941055,888.4861932225538,956.6026782577712,959.335716535583,961.5477635437924,885.2845109445483,948.5428168327059,917.8474492383206,968.0193626671913,917.2017734083674,965.4186707039481,946.4136947510679,909.5110157141587,901.9488517512623,946.4671122189434,932.3957013511864,878.2956931219128,947.1356892441571,887.7567937196026,908.8007611575962,949.2795463200141,999.7368776513055,895.2053379641112
photo_tree,589.4011716187748,656.0166754226904,984.4319400107302,872.8851610289144,670.9513772190096,730.5082719681366,666.7247239540247,757.0766966731927,1179.9659922601202,855.4847842549481,1104.8158629551758,1060.4021855710237,562.4834238710845,0.0,913.3212047192402,722.2599110620558,516.6373880111325,1007.1901686672954,1131.2657879232743,974.6672772349937,1049.2350393257298,774.9546476364445,704.7627659433053,810.2119119617565,666.6400378539374,798.9896758890449,914.7785073188054,923.9908839436146,568.5709207365137,688.121174646348,793.5629625305698,755.1089514940178,935.2250873010262,930.7672573847267,659.2252159261155,932.9446635271906,751.4299793409333,645.2939463170295,767.4701781109982,695.7882081706776,549.1985155396392,969.527969066847,932.2242998475053,902.0351026388712,906.5805101978298,931.016948084232,811.3198777902086,702.5686813494514,822.0811888062881,713.3428448494572,931.6487128653628,909.8899515030614,622.7576198101449,674.7279134081891,644.7162743963398,525.3711982078922,629.8721698080917,863.7475753188743,774.6372127680958,970.8636538616133,462.8032706043332,463.40724170705533,769.95696477058,789.7914279836166,717.3753744450626,965.2297865031653,930.4339341656387,851.5937039587446,670.713918599488,716.2633244311045,738.1739926095972,754.2534095908363,870.3869615063433,901.0880983283896,872.9830723964313,958.5060880252242,972.1065924318365,974.3929128019543,869.4761612009742,956.6544483834226,919.8207868953701,976.6942831779768,918.9265741968118,974.4131309906429,949.6431045087938,906.6094398386581,895.3856807632674,953.9470808899135,932.4897385268813,869.9847285660186,958.6715698379461,866.2972763944503,899.8959513903937,949.243997911895,1014.4200915482639,898.1532708072285
photo_flower,1007.863896061357,1144.0533375522716,1421.1376409120605,1325.7997444787816,929.5582919772813,708.8825123927995,1125.4493220185652,644.4265182879811,1275.7201058855755,1186.8272612973105,1157.860445847918,1272.8390091699043,1032.2563035012467,913.3212047192402,0.0,418.7380243624208,801.5209123655034,1353.54471928404,1409.2820012188756,1211.2152978472204,1330.2736498551474,1181.6291346362332,1217.1735901682393,1015.629373456999,1154.9419539041721,1255.3052529209608,1308.017505075223,1333.7076817123075,961.431771937649,922.8502725560114,1106.8554122587266,1173.1217430017653,1202.847665828439,1366.7233267740544,934.5921741448803,1249.814304620423,1196.5516669940578,1055.807707215646,1018.797258571243,840.5391052988819,910.9264180348807,1376.8101153858274,1297.1353660373936,1256.722428994217,1206.8092537041782,1340.160341123568,1266.2450425336579,1071.1161542779448,1227.5755759571032,889.1402589951317,1322.0420516320846,1142.0538571451357,973.809952006304,750.4343262604882,1020.7214038165928,835.2225923224613,865.3903194842037,1252.4926819966454,1023.8033677367408,1369.0236516280947,1089.9598608444924,940.1105719890847,1028.06524478519,923.7976767801453,1027.157509660701,1341.3174487558815,1366.265372788567,1239.7071949221229,1154.322938720639,1159.8512593713676,1128.0955800046931,1124.8063959690546,1275.3876399223948,1313.0992488836305,1293.8700429033322,1370.5503489496257,1401.2935863370656,1409.173767892872,1297.5886461668783,1399.560231337646,1359.1119735997165,1396.0243373231128,1348.8942376903367,1401.183130441999,1378.5447380338687,1339.6529149425896,1312.0871354803196,1380.9968333757547,1358.4063717085228,1271.3621033215068,1389.8557557116262,1279.316152806065,1323.0713359088363,1370.7198393952572,1431.5270471358162,1329.143437713693
photo_carrot,878.6821848044739,1029.6194652912332,1312.6771817967683,1211.9559509759204,831.5974805379766,694.8352502713457,991.2176885581474,610.5180094864368,1250.135979722517,1126.7607053258403,1151.2977539952635,1180.3023600540976,880.9794095245816,722.2599110620558,418.7380243624208,0.0,632.4974246203898,1231.5185899264725,1352.5976388504705,1138.6684452418756,1270.1142456931623,1086.8809447153083,1037.5121307840486,996.8851718087952,1006.1600853524286,1143.5608445536468,1192.92927671559,1247.2083881926687,831.913411350165,796.93420430718,1006.394368319524,1079.5212771001093,1128.5663571427733,1266.1785814091247,872.7569395732858,1126.4869510960655,1076.2417865943291,930.640044089906,907.586813466407,698.3494328528424,759.9089680878244,1238.83393037898,1192.2668007681075,1147.6551753901356,1088.2927859785937,1236.20414097762,1114.8848407147634,970.8425676648222,1118.6020425007557,784.2369229569484,1192.1824144759796,1079.8137957574158,844.3459598394277,670.0035778200331,904.7019125644151,663.1134084481121,691.2337769874946,1159.0478192673665,966.5641345190411,1252.3601350828385,902.1517956490702,759.6341734006438,917.874011921876,832.3608434125259,888.0381511004042,1216.5544454279413,1247.123857667742,1127.4037197485657,1020.2744822418247,1032.7446322288363,988.4841275100101,1041.0949579508213,1139.2824002091995,1181.1659928522215,1158.741590753377,1242.539949167473,1276.3676644919772,1283.6380116016655,1158.6225934887173,1270.01779017135,1224.2813940382293,1267.7069248776472,1213.8370740839523,1269.280138063703,1250.4210097804737,1204.6317680203956,1182.8628259052134,1252.8415077297848,1230.8168074638118,1135.0869488493524,1262.2110048521163,1139.4930670570432,1190.1737076388306,1240.8882546767506,1307.9459515708297,1195.3703603885226
photo_watch,536.2166151628471,666.5691388320583,962.8338181834521,832.0885310352603,779.5611292147664,560.4456293421132,620.6363682710078,696.4802675410888,1211.1706328723842,886.4518642210727,1033.9552223187143,1106.3626186570543,692.7716674011014,516.6373880111325,801.5209123655034,632.4974246203898,0.0,1048.3487848256802,1195.1133971812453,1066.367516799388,1063.4437414986878,833.9672905032611,870.2552104941561,798.9434109234758,661.293627125619,732.3376360478449,865.4402397331439,842.4577906474469,560.3524890074627,465.57197453215656,648.4305471285334,680.0458654947018,934.3662823494707,858.3393260768462,554.9100145573274,856.5825522863973,726.3073518772759,545.2266460854141,564.2547286776559,483.6119155108808,348.10035827702563,916.8368342659098,954.2252351447269,937.7445415800255,839.9569270756008,881.8513334218597,783.5299624655183,645.8404681453407,728.4739535109135,509.9000144624127,863.8371151540493,724.0825448869658,543.947923478285,513.567432402831,600.9436707080242,397.59728892521485,524.5082578680274,777.7095644184272,657.9916051758393,895.420986346334,596.794775436657,467.39527323024026,583.3731120279073,596.6668574928119,506.44481890554965,900.8539869328822,894.9533234826473,835.4145353479602,633.7560432396483,612.2099984060648,687.2140774006571,668.7435813229528,758.2983289744636,796.4393036919523,769.2288478712084,860.6040192422622,884.3422313596526,891.920391658669,773.8276728495404,881.4877761358692,837.3296883521682,874.1172223915789,828.2993440153791,889.2343151783974,866.1786613070319,822.3396974313803,792.4969762234608,867.4082871412483,840.4159690266306,746.7906278537879,870.2086588468671,758.3893969276955,802.9154718799483,855.7743693093863,924.9950564499244,810.2298439109755
photo_key,979.4691484995908,984.9369940389074,918.3997393333678,1055.4543813313023,1113.6648615097852,1106.1398476538786,944.9720676734094,1275.9313459004309,853.461129030078,781.3643819436472,1213.132289511857,661.3781179780243,985.0108467214997,1007.1901686672954,1353.54471928404,1231.5185899264725,1048.3487848256802,0.0,697.3198472031335,682.8527878597749,795.8646146989965,1061.3294014321891,817.296104572282,1045.5425904777462,966.5067906313027,1020.8173102915906,623.0010290837977,960.6501237826384,1037.5230383695002,1002.706567730042,1029.8127491947935,1077.8649512717311,685.0536519278337,977.5464043364656,1049.2623584602088,597.2193325835499,812.2142123551941,993.0706720628293,998.2349732820009,1063.3646308261189,1013.5455618073878,582.5321977847655,643.7253359533127,605.388296958655,567.2676531127736,786.6015375342885,696.5723015112346,964.2427147557137,949.6733957100913,1041.4346967942593,664.0807891288415,1116.1765317369482,1009.1974609968788,1085.577568612112,1034.8330287740673,1079.5624902608092,1039.955713279553,905.0435344038304,1039.0847929130412,728.4912783149563,1062.867200369745,957.3807634956546,1024.7254788751386,1077.199014518852,1049.0973644559454,573.4950426966305,745.4997309470064,699.0405251898494,1036.5582338178706,998.4198760299106,781.9754305597879,999.0868167809763,820.1934207734223,825.756460138247,816.1204424195198,816.5745558649049,828.9647697094618,814.3514237010248,816.4993839529706,803.4129812202999,779.9000632738995,837.626669421143,811.0006762957579,807.1888317184219,815.7664318605234,806.8797089272284,822.4405652873176,821.9365592618223,808.7669261629004,843.7950193070845,828.0014742367999,818.7755315515741,824.9191914907517,811.8547557245607,881.2035465496826,807.8123193726079
photo_truck,1098.6998850420948,1071.6002199612187,925.2817132105539,1122.7904765496166,1171.6576769169528,1198.849131451285,1057.801229718764,1375.9615644473317,993.3682227622566,741.6309603749356,1217.1497404425395,784.1738366684327,1078.1087263377476,1131.2657879232743,1409.2820012188756,1352.5976388504705,1195.1133971812453,697.3198472031335,0.0,631.5322285168926,664.6807947356162,1031.361028410286,842.4543634686529,1008.189850064953,1074.8601182645073,1123.9911010239036,823.831675477125,986.4768854414806,1147.9870475583655,1114.8619637754953,1114.962138513208,1155.9100247848698,852.7737280416293,1038.9858748676545,1160.4673999191966,830.695232836519,870.9717848541351,1125.0089316785638,1102.206783992894,1184.6210064470927,1170.636269126788,952.1573089472336,590.2225150722741,627.9032219324998,757.1345558681271,819.2526383423414,866.2036087068602,1059.9854134365526,1028.2671489725365,1154.124067167202,975.993387001311,1204.6106269691127,1108.4961369277933,1191.8658685304013,1146.0747336344095,1228.577630975888,1193.5498652550848,984.8740184326464,1161.7716463396791,900.81979340279,1187.177679258862,1105.7063638057384,1122.190570918166,1173.356591300173,1191.5463718713872,948.8513365395063,816.5677252604463,782.9055184675561,1164.2642943587873,1130.3113680111692,929.8082361497829,1097.9603375987892,1010.2059043324502,1015.5740140766758,1006.9371166599491,1024.0215965026623,1019.7668296851039,1006.8358218817951,1010.0159351172038,1001.8411614095277,1003.893056289314,1025.1738987959702,1012.2126824970137,1016.0735859627879,1022.2167994163293,1002.5331464163993,1000.4733320947662,1029.8869846163223,1009.1591320202447,1022.0851045826375,1017.8766951536032,1014.4439056022044,1013.4519325220554,1016.6632149076087,1052.9936470869825,1005.3828509757948
photo_velo,986.8577813678214,1018.624184282565,1004.4772993968697,1149.9045255709418,975.2161184553414,1093.9009473906472,984.6350355054255,1176.109253185739,942.847476346144,747.1553788232861,1151.3257769005877,616.0274521917888,872.4664033283201,974.6672772349937,1211.2152978472204,1138.6684452418756,1066.367516799388,682.8527878597749,631.5322285168926,0.0,717.2816558031012,946.8269267136429,678.5946994347001,912.6012925823342,1019.7498541159405,1111.0524655233567,828.4376767112273,1064.5267625989784,1010.78640019319,1048.1417316479615,1105.7178991367607,1144.7903841097373,847.7584086600486,1097.1678519067755,1075.1219183891828,781.7169480633348,793.430154282281,1085.5989976766964,1074.493967699004,1111.4170660525467,1049.8488938454789,965.3277713618664,605.3251359874723,492.64860222700605,744.824442189517,906.8192367139837,868.3603671172694,1009.2010047180554,1040.6218233503196,1111.008675550864,962.4784331807506,1208.6452292841445,998.6292019881093,1080.6135886471804,1056.072522006154,1098.9367567014642,1113.269500301609,1024.1508700827462,1091.9509582635578,970.6761414705043,1100.6328651724225,978.0703691723705,1101.4964208907072,1139.3291706006657,1176.8339038166248,954.644402295225,923.1735013193083,704.0048604815387,1123.272823710602,1097.4783614775806,824.5150077212556,1076.5518433358752,1045.0603341088718,1054.9973363196298,1046.6639627555899,1073.1881050686384,1080.6077658263082,1074.808530564125,1039.4766074585384,1058.1085699359603,1046.8752072259435,1080.614356308764,1046.8482179625296,1082.6384846403894,1069.8568757992,1045.9218896608743,1052.7151019453088,1071.0478307505805,1058.392134006591,1046.240522526084,1073.5198118432895,1047.9436009167446,1057.7605034093601,1072.7558590091833,1124.8917008949854,1037.0059449290932
photo_road,929.8277610293336,887.0572015253554,590.4548656933737,837.899897311594,1094.0997983470972,1039.3912453771634,857.5898757012069,1250.8867169120876,1071.8031807065447,616.8839602510383,1105.0660558829695,905.9725413395652,964.2280613051664,1049.2350393257298,1330.2736498551474,1270.1142456931623,1063.4437414986878,795.8646146989965,664.6807947356162,717.2816558031012,0.0,846.8088229822781,791.4873079424631,887.6501492954463,879.3903548684627,895.1597861103361,683.4476683018617,753.0862773963669,992.4557631859667,942.5269929768107,922.8049595902037,955.0142747396534,853.4827277269891,787.047088902195,980.777595436454,767.1296787830117,725.9099249824033,928.0442785065555,897.2180145599542,997.7432123421336,1009.6957156714257,830.7621465441447,647.5424479574102,611.9911039055717,675.0779755927954,642.5359879033214,754.5119038858003,897.1807965002816,790.1614177171839,972.5295378768853,831.2599407740946,966.0708318948496,938.9043269815952,1036.5232856048954,956.0130597565415,1100.0222721541563,1055.2704956364098,761.484593591944,977.0677445664387,768.0898546692691,1063.3848081452297,973.7523755324727,915.6654890958727,969.3767632590078,1002.7295796293199,832.7543771647921,716.2931847850773,656.6343639527192,955.1375195521492,895.1572088348647,768.4079849973112,899.738980301281,818.4154740678293,821.6629773507387,815.926407530219,827.761554686655,832.8298489618096,822.4195495978045,815.0348598364171,825.7374906828948,823.9205388361736,831.0843299862178,816.8125881129761,843.3484517378482,837.3247732770224,811.8468798542871,814.6291602162003,835.2917336193426,818.1505347270723,821.3811435189141,831.9222870046402,820.5447206562899,823.519151117052,831.0688030756686,877.7566874919032,808.1981466874045
photo_house,713.4435445977015,641.7028546425267,877.5877876420765,818.3777533391662,907.8110374998367,876.9421989634595,714.5684704258515,1040.9650282037169,1239.2168637974105,808.7982492728371,1068.010529777788,1126.4547328514677,704.4522353841816,774.9546476364445,1181.6291346362332,1086.8809447153083,833.9672905032611,1061.3294014321891,1031.361028410286,946.8269267136429,846.8088229822781,0.0,849.9504523476035,688.1275274288843,749.955600001369,802.2024560265835,917.9839645908477,848.3166117060929,783.9939334342338,790.1092247327484,813.260813136068,786.1568721651879,1079.9198532617993,868.8563329937909,804.9774722850955,1034.6793909422495,712.965617143025,835.1478429331272,805.8899328928688,909.2830302585115,828.2487853975043,1044.4195034489412,965.2855310033178,908.4903638700464,943.0515449609674,893.5563157250814,927.2768279181854,757.6209598883178,782.7674863354785,939.803806304181,1002.5644143673688,901.0888476534407,851.5089917899866,885.1380077387106,794.1358497815233,857.948218980325,919.9394950948727,827.4499798532883,905.8443175762831,985.9572289811323,813.442266522256,834.1691385565119,876.566218713653,952.2207464182915,938.8087638861757,1044.7123061771683,942.0239701026027,860.1893290023372,814.1887364167302,799.0917977307854,862.6277572449048,802.8108182511893,930.3518720980617,941.527800027647,928.5340683599428,977.4361948780482,983.4759267325488,974.6958934717992,927.9284873608683,974.5482060647971,966.9733459507742,979.9949655582901,956.2596324654089,1001.1745211981537,981.5449057644632,939.3203944416707,931.3052033433818,983.409970379248,958.4504287555457,921.2767004369177,977.745873548253,929.5334377595544,939.3400804893408,979.0006778731372,1019.7263551490798,934.3303796464273
