,square,rectangle,parallelogram,losange,isoTrapezoid,kite,rightKite,rustedHinge,hinge,trapezoid,random
square,0.0,0.05579751601004679,0.0806523911790743,0.11546186694369509,0.0342851620340997,0.024654458958348724,0.01773859850859949,0.06204834404692228,0.058278703212438,0.038692588512174275,0.07538382750075012
rectangle,0.05579751601004679,0.0,0.03431111274720278,0.07395611817232028,0.10882849193465316,0.06777432862189448,0.06448013395327135,0.038278873714107875,0.023821561625133048,0.06855707809896427,0.11019621788711109
parallelogram,0.0806523911790743,0.03431111274720278,1.1102230246251565e-16,0.03630765540710579,0.11254767194238158,0.0930806382623024,0.07784471482282973,0.05585342803791582,0.04112715897691732,0.0606284573298701,0.0975189730069066
losange,0.11546186694369509,0.07395611817232028,0.03630765540710579,0.0,0.12293865343644605,0.118790557879907,0.10850770127956866,0.06670379128722448,0.06171195008369568,0.06770903684871887,0.07169973981923006
isoTrapezoid,0.0342851620340997,0.10882849193465316,0.11254767194238158,0.12293865343644605,0.0,0.038280632365062184,0.0346685958025571,0.10391433596955246,0.10530348130773404,0.04545234353010941,0.06624557912688034
kite,0.024654458958348724,0.06777432862189448,0.0930806382623024,0.118790557879907,0.038280632365062184,0.0,0.018524885517192002,0.08544415065566169,0.08341824552343413,0.06221397325488198,0.09219908961767953
rightKite,0.01773859850859949,0.06448013395327135,0.07784471482282973,0.10850770127956866,0.0346685958025571,0.018524885517192002,0.0,0.07729156966545547,0.07395884925002982,0.03799427221524232,0.08318721066044976
rustedHinge,0.06204834404692228,0.038278873714107875,0.05585342803791582,0.06670379128722448,0.10391433596955246,0.08544415065566169,0.07729156966545547,0.0,0.006323619236614952,0.06990445706045822,0.08518040213940381
hinge,0.058278703212438,0.023821561625133048,0.04112715897691732,0.06171195008369568,0.10530348130773404,0.08341824552343413,0.07395884925002982,0.006323619236614952,0.0,0.06436277073541508,0.0876632621944724
trapezoid,0.038692588512174275,0.06855707809896427,0.0606284573298701,0.06770903684871887,0.04545234353010941,0.06221397325488198,0.03799427221524232,0.06990445706045822,0.06436277073541508,1.1102230246251565e-16,0.03787100627395257
random,0.07538382750075012,0.11019621788711109,0.0975189730069066,0.07169973981923006,0.06624557912688034,0.09219908961767953,0.08318721066044976,0.08518040213940381,0.0876632621944724,0.03787100627395257,1.1102230246251565e-16
