,square,rectangle,parallelogram,losange,isoTrapezoid,kite,rightKite,rustedHinge,hinge,trapezoid,random
square,1.1102230246251565e-16,0.023546731413598865,0.0434187094635341,0.06108046830564151,0.022563598859735023,0.021410857423698082,0.01602647128276047,0.036306137124305526,0.029613676715765758,0.020800075707273602,0.04446287930415338
rectangle,0.023546731413598865,0.0,0.017610793788904178,0.039835209494389234,0.06362922913397828,0.0442862060834025,0.0390240839190793,0.027772521040530407,0.015576558422754183,0.03357478513179879,0.06872838830054917
parallelogram,0.0434187094635341,0.017610793788904178,1.1102230246251565e-16,0.012557371800587025,0.07274714987259356,0.06357822798533475,0.052402385916391125,0.03603171237414027,0.023314381320780342,0.027438784589098653,0.056238314067343365
losange,0.06108046830564151,0.039835209494389234,0.012557371800587025,0.0,0.07897644982154428,0.07854312549015718,0.06690732568804036,0.04539035155083282,0.03633215689921854,0.030246436834619805,0.045734238254875104
isoTrapezoid,0.022563598859735023,0.06362922913397828,0.07274714987259356,0.07897644982154428,1.1102230246251565e-16,0.021342447761289796,0.021219364751102865,0.06536579777036844,0.06374165060041403,0.028475065446074588,0.03527736864062003
kite,0.021410857423698082,0.0442862060834025,0.06357822798533475,0.07854312549015718,0.021342447761289796,0.0,0.012120177280181776,0.06085713941090343,0.05629930243227699,0.043580969216220344,0.062291529343513785
rightKite,0.01602647128276047,0.0390240839190793,0.052402385916391125,0.06690732568804036,0.021219364751102865,0.012120177280181776,1.1102230246251565e-16,0.05130847785529058,0.0475733951864028,0.02682585480215882,0.05159023723067291
rustedHinge,0.036306137124305526,0.027772521040530407,0.03603171237414027,0.04539035155083282,0.06536579777036844,0.06085713941090343,0.05130847785529058,0.0,0.004840955419754156,0.04061770382125229,0.05441954895241319
hinge,0.029613676715765758,0.015576558422754183,0.023314381320780342,0.03633215689921854,0.06374165060041403,0.05629930243227699,0.0475733951864028,0.004840955419754156,0.0,0.032970849951563075,0.05223355432038812
trapezoid,0.020800075707273602,0.03357478513179879,0.027438784589098653,0.030246436834619805,0.028475065446074588,0.043580969216220344,0.02682585480215882,0.04061770382125229,0.032970849951563075,0.0,0.017035759459708033
random,0.04446287930415338,0.06872838830054917,0.056238314067343365,0.045734238254875104,0.03527736864062003,0.062291529343513785,0.05159023723067291,0.05441954895241319,0.05223355432038812,0.017035759459708033,0.0
