,square,rectangle,parallelogram,losange,isoTrapezoid,kite,rightKite,rustedHinge,hinge,trapezoid,random
square,0.0,0.0314344496320359,0.04870678317604615,0.06048888207861258,0.0296892035752373,0.027446184585158795,0.019783788758190646,0.03778183786604106,0.03175663590116484,0.012818199408637376,0.03686169473362899
rectangle,0.0314344496320359,0.0,0.008386729776568402,0.021053078800515657,0.09117406546363171,0.061612514782204975,0.052074367612812256,0.020852574051413386,0.008500631066832187,0.029148929646628408,0.06623573388312376
parallelogram,0.04870678317604615,0.008386729776568402,2.220446049250313e-16,0.004078950381917856,0.10493818003401678,0.07535698025112891,0.06850199222448805,0.026321972796498727,0.014578872584614322,0.03121288312913506,0.06175415496253367
losange,0.06048888207861258,0.021053078800515657,0.004078950381917856,0.0,0.10808282479688858,0.08268278337860635,0.0798026602910149,0.03525690100472645,0.0249892653196101,0.034538344908368046,0.0563774110344063
isoTrapezoid,0.0296892035752373,0.09117406546363171,0.10493818003401678,0.10808282479688858,0.0,0.021853466721222237,0.03016045483806551,0.08063797452693244,0.08239430112080492,0.03835857328179981,0.035741508308060554
kite,0.027446184585158795,0.061612514782204975,0.07535698025112891,0.08268278337860635,0.021853466721222237,0.0,0.011344628050534045,0.06076126514374558,0.06056776129840835,0.03779363311420625,0.0550981009829401
rightKite,0.019783788758190646,0.052074367612812256,0.06850199222448805,0.0798026602910149,0.03016045483806551,0.011344628050534045,0.0,0.04377245088177106,0.04631340918212212,0.02968633450307312,0.05469700345173545
rustedHinge,0.03778183786604106,0.020852574051413386,0.026321972796498727,0.03525690100472645,0.08063797452693244,0.06076126514374558,0.04377245088177106,0.0,0.0052032708625801005,0.030950334991223016,0.05493338467241471
hinge,0.03175663590116484,0.008500631066832187,0.014578872584614322,0.0249892653196101,0.08239430112080492,0.06056776129840835,0.04631340918212212,0.0052032708625801005,0.0,0.02476931080437561,0.05322932265282854
trapezoid,0.012818199408637376,0.029148929646628408,0.03121288312913506,0.034538344908368046,0.03835857328179981,0.03779363311420625,0.02968633450307312,0.030950334991223016,0.02476931080437561,2.220446049250313e-16,0.013984283521067953
random,0.03686169473362899,0.06623573388312376,0.06175415496253367,0.0563774110344063,0.035741508308060554,0.0550981009829401,0.05469700345173545,0.05493338467241471,0.05322932265282854,0.013984283521067953,2.220446049250313e-16
