,square,rectangle,parallelogram,losange,isoTrapezoid,kite,rightKite,rustedHinge,hinge,trapezoid,random
square,0.0,2136.4010218562075,4360.805284151144,4524.640835905237,4112.550208710122,3787.2843773209543,3204.5268755922866,4154.436115429093,3644.2855692608323,4163.194873633861,4841.175981421062
rectangle,2136.4010218562075,0.0,3340.409206263258,3687.7747850126484,4225.191367266126,3619.081365646127,3313.591484857422,3689.3774455368357,3060.234757305315,3781.754330987353,4866.208593765486
parallelogram,4360.805284151144,3340.409206263258,0.0,1255.794682243497,3286.7416165054965,2980.4325871942056,2933.2212992424347,2372.8384191948307,2050.026419252372,1988.4960936659566,3222.2262607011185
losange,4524.640835905237,3687.7747850126484,1255.794682243497,0.0,3517.8538995956646,3354.1083646468824,3210.0036589056413,2322.3087204749627,2061.8188950167455,2077.4048859889217,2782.196017032531
isoTrapezoid,4112.550208710122,4225.191367266126,3286.7416165054965,3517.8538995956646,0.0,1675.4785298755785,1851.6551450604852,3134.923288687457,3163.4761648907206,1987.1816902145367,2583.1742075344387
kite,3787.2843773209543,3619.081365646127,2980.4325871942056,3354.1083646468824,1675.4785298755785,0.0,1264.2415113243135,2922.8367520324664,2883.705885852987,2368.5594044463405,3247.8723635514825
rightKite,3204.5268755922866,3313.591484857422,2933.2212992424347,3210.0036589056413,1851.6551450604852,1264.2415113243135,0.0,2727.8677055850903,2570.458993092602,2259.517582812693,2968.880407770158
rustedHinge,4154.436115429093,3689.3774455368357,2372.8384191948307,2322.3087204749627,3134.923288687457,2922.8367520324664,2727.8677055850903,0.0,1121.4122051004679,2378.5135063177704,2789.9530980111854
hinge,3644.2855692608323,3060.234757305315,2050.026419252372,2061.8188950167455,3163.4761648907206,2883.705885852987,2570.458993092602,1121.4122051004679,0.0,2304.44336049771,2824.05768415193
trapezoid,4163.194873633861,3781.754330987353,1988.4960936659566,2077.4048859889217,1987.1816902145367,2368.5594044463405,2259.517582812693,2378.5135063177704,2304.44336049771,0.0,2101.326816477661
random,4841.175981421062,4866.208593765486,3222.2262607011185,2782.196017032531,2583.1742075344387,3247.8723635514825,2968.880407770158,2789.9530980111854,2824.05768415193,2101.326816477661,0.0
