,photo_face,photo_profil,photo_eyes,photo_face2,photo_walking,photo_standing,photo_hand,photo_legs,photo_bird,photo_butterfly,photo_girafe,photo_fish,photo_cherry,photo_tree,photo_flower,photo_carrot,photo_watch,photo_key,photo_truck,photo_velo,photo_road,photo_house,photo_mountain,photo_windmill,drawing_face,drawing_profil,drawing_eyes,drawing_face2,drawing_walking,drawing_standing,drawing_hand,drawing_legs,drawing_bird,drawing_butterfly,drawing_girafe,drawing_fish,drawing_cherry,drawing_tree,drawing_flower,drawing_carrot,drawing_watch,drawing_key,drawing_truck,drawing_velo,drawing_road,drawing_house,drawing_mountain,drawing_windmill,geo_face,geo_profil,geo_eyes,geo_face2,geo_walking,geo_standing,geo_hand,geo_legs,geo_bird,geo_butterfly,geo_girafe,geo_fish,geo_cherry,geo_tree,geo_flower,geo_carrot,geo_watch,geo_key,geo_truck,geo_velo,geo_road,geo_house,geo_mountain,geo_windmill,word_face,word_profil,word_eyes,word_face2,word_walking,word_standing,word_hand,word_legs,word_bird,word_butterfly,word_girafe,word_fish,word_cherry,word_tree,word_flower,word_carrot,word_watch,word_key,word_truck,word_velo,word_road,word_house,word_mountain,word_windmill
photo_face,0.0,715.9748465051312,802.0978849675586,748.8994504443451,711.7953160298845,696.7604286510668,663.9462682566855,669.7652405778165,746.3200148821917,838.4358466297434,818.705722048456,745.1096041804411,756.8607978929891,638.8441070652733,699.43318522633,700.564831093631,674.2868390865309,747.0899032811673,808.5093240339606,779.3218528226234,798.2404384214232,740.6248480663727,737.7130795231647,763.0084083453272,730.7060091166317,834.121007739793,786.5723646710536,805.2771055068848,732.545979698188,734.1384995302451,766.2552701011923,807.9120592663143,746.9051017268893,836.7052875088125,743.6357781704633,770.3456755062251,799.4329604678364,699.9186737852975,744.1614054963479,727.3078281816805,720.0368474235263,772.4929288502734,804.2905023912679,810.1085050949204,736.9636413700397,784.1584773773571,737.7902545345635,770.3194056729998,844.671689356525,725.5921777089677,774.6774360429043,752.6436271318536,744.7649211184767,756.6640333721678,751.2686393037618,770.7158249488056,723.2943294202537,834.3873662394491,769.8450384414142,779.6624062244185,806.9328965322053,749.7536646350131,717.4483548767997,738.1845013455288,714.0754599963473,745.2251707954033,802.7773263169192,805.3766256045709,813.3334294989456,755.459608773353,768.5720825667892,784.7041637083303,693.3309746106464,704.2485800813944,698.2043004623715,739.8685427239303,754.0358127989653,752.4398811613509,693.4511243372025,758.2439368598648,735.5638475890837,752.2200599179245,726.50079887398,754.3563503212528,758.8658620514315,719.7333978223642,707.0204522529225,752.4066447579376,743.6537220423454,682.6324888388876,752.9406294538337,685.0649334935802,705.5295043195358,744.2655068933745,786.1158883886287,709.9521859800514
photo_profil,715.9748465051312,0.0,804.989686202997,755.5120750705943,808.1690594336621,812.3304523483861,751.6746793560637,810.2183903781165,807.4904128000851,819.5986816890374,883.66060333646,834.1617470516856,805.4200922306138,716.1643510540899,808.435336770787,823.5550218212485,799.6794000729546,820.2913797454285,859.9850204852178,824.4150695630034,799.4612376133225,703.8867553613901,801.48326964897,758.4595981521848,853.6493589065832,813.7463035635609,851.7043379693545,877.1789690035496,830.145059342515,834.6517865039611,855.5312069429658,878.6094670431105,838.8964247986459,914.3240601799662,827.7320272583895,862.1508832898658,868.7193910352127,831.8575639530045,819.5667035355276,841.7587107650334,838.595220864836,843.2685963276452,872.0489167857728,845.0299784885758,835.345824612589,844.2385004032125,835.9282884198998,827.6949615152428,908.1617047849016,841.8168523282689,841.3751316678447,832.2888829770221,848.9600210053808,861.8235801222777,849.6356831645979,880.6422922220129,839.8791662960875,906.4017317036314,841.9392463593545,876.3722166002602,894.7751225705415,851.725224876947,841.5667764564963,849.246495923362,825.448462928594,848.1774570446119,897.8492532601697,902.1935022373326,909.1715703343857,838.9967161953944,866.361594963106,850.9711534685563,819.711178814484,822.5281212481474,813.9178968614385,831.391271393132,842.5239210585819,843.6864508967461,812.4065104294918,841.1078717489443,828.2858526214909,843.3250886771473,813.615486154092,838.8560194894354,847.8814318599497,818.1367025924391,816.049041293113,842.6361486804548,832.3268929706956,825.6103553603957,840.9424424248789,814.4211594205619,807.8638562104134,837.7218704518787,878.8131585292529,801.8009641818071
photo_eyes,802.0978849675586,804.989686202997,0.0,741.5126937658844,809.0540122623365,810.3436919935205,784.9592533281362,820.3921369427684,733.5076717805348,747.4810987943994,832.0375107122343,743.8255242071203,816.4060575085911,772.406382991635,837.1701401399092,801.204711987208,824.455143280022,739.966124172249,777.5534191520023,722.5773889181335,560.2428538033017,787.4841561554146,708.4099122882741,782.5242811178847,833.8434355981478,877.8643221129647,764.8436722211283,824.079839419162,849.7495592171472,844.1770612797832,856.6988235051957,911.9786003642743,784.0773628708636,869.2705373057324,848.382190121821,791.2206659078953,840.3476778641954,807.9648431773156,833.2433846279096,846.8221365883846,808.7321186950747,769.3686376945399,793.1481286327161,725.3874120943746,783.5609119943199,744.560649375989,784.2265873559372,834.2151080146342,896.5501314382448,817.950812201682,755.9240804076908,834.3481902118359,848.4601801822475,859.316541610838,863.0516663506065,853.8641585372391,820.1141151999507,888.8053559138701,836.0940459520652,809.1736632779201,892.3783559635018,822.8782411233856,830.4248978595812,834.9260639589762,803.5361211436636,781.3023973715777,830.1980305274368,826.9676312943669,886.8514211938615,864.6605006730606,823.2069457319074,861.7355623984463,777.2242098570704,787.3843206485163,772.4134044511736,769.7253668750358,776.6150783146305,771.398602135653,771.4270756977996,765.8288300447059,768.7502055395788,778.5677052959826,769.650480902118,773.3988187492972,766.9817790449212,778.3159601355625,779.7232747474261,767.0678778984978,770.7566320248314,781.0980676560662,764.4206046552746,771.1339538668301,765.7373803742079,770.7583535562106,813.5777160250132,768.9094770041918
photo_face2,748.8994504443451,755.5120750705943,741.5126937658844,0.0,790.9374879753018,787.8336712585865,733.1709826722644,794.7826727708815,732.482151832457,773.1114497016816,838.2602305298376,785.0843297020112,792.3122933031517,725.4897159196081,814.4109712278231,787.6481192574863,798.7568352181089,784.9965162071418,819.4096736913115,787.575918841367,744.5327590309985,760.3467280379738,772.5054851919165,790.1886360594635,820.1545056597354,885.477744334575,814.5976066539685,810.5844185481977,818.4181727833712,812.1266735325914,839.4117913074922,893.1529113952128,791.4030433133801,877.7146397836298,831.4303547427759,829.0880338653737,841.631415186191,793.7433172858945,811.9780824688407,834.0850760726811,806.7247008198503,809.3014781031031,841.9398101510598,814.2844432587885,795.1986335979814,790.6469079895975,801.8807337275385,815.0738659780317,910.2265322259684,802.5135952942359,811.6037641078973,814.8986732079696,810.6133350256328,836.4808148478113,827.2748369523803,854.2044308680395,819.1745423897452,863.9435279453536,828.0437582201552,830.4123691424631,888.6635468351498,808.7096688298485,807.4273741959759,826.0340968956282,795.7414063412251,805.0657596604063,854.4547818074847,848.4614071326229,877.9575087723225,838.547786088984,828.6808488855729,837.7775915670601,777.2072334220378,777.0592094655917,775.9137788190342,791.6813626991576,810.3201418664444,812.788780912296,772.8318268451727,813.170971715876,792.4458301497322,811.9637990011628,789.1029459487256,811.8710895504804,818.1252071843211,788.8160517799013,776.5111129527158,807.5472686588031,799.7462896045733,780.0262838407186,810.3199021647717,772.8807970203782,774.0021024471664,797.3892870921204,838.8383457472222,774.9850798177511
photo_walking,711.7953160298845,808.1690594336621,809.0540122623365,790.9374879753018,0.0,599.2072052890258,689.7821137574738,604.3881522229175,674.5550863380333,800.9795909022029,771.7493340655484,666.923377534559,689.0908484182409,683.9775178437669,589.0520578394986,577.143778039577,642.7625342750586,631.7225002721013,694.1345393360676,709.8800165894486,802.8630425181186,794.3014561576799,666.0877088164037,804.6050529498144,625.3253009096976,747.8535104237584,661.6309845983893,693.5708244146648,602.9679357401916,655.0573630150777,672.6795616250121,681.1970946915143,635.0114549917978,715.3562385560934,598.7366571586205,644.9241804924787,733.3443618452469,628.5121248269455,650.681998654555,618.5341385622321,594.6623470089255,648.0720997050016,694.689925844032,758.6697745981076,597.5053427943826,698.2155001008416,594.6312663899297,727.8364380578445,715.7176646024964,562.9359857174711,660.5343017405651,606.633750676392,643.7373113290363,644.4216834907295,665.0366386335177,607.6773645807406,592.6705228371584,721.7877006368169,581.3675104848396,628.3299949546185,694.5961909485333,580.8151919726656,618.8220222243748,592.9225672209899,555.3510680260054,606.5003459813643,634.7799268674809,681.7515002039303,652.2914055290975,662.1894468449361,637.3743278797109,703.9323218227545,566.2305443360807,568.4703593163275,588.8119837728508,634.929081737008,643.8243048333197,636.1014150733464,574.9894847497458,647.3670323453885,633.9653926686719,642.7458839955882,609.519783990954,646.611089448794,649.969968732724,593.7118119316283,567.0454783168371,639.1951197969822,625.935842335001,565.2834533146179,638.842766718134,572.9468038894692,592.4369761091374,633.5721359218667,678.044717307438,589.2337266741179
photo_standing,696.7604286510668,812.3304523483861,810.3436919935205,787.8336712585865,599.2072052890258,0.0,662.0915953313595,592.4921121864119,671.0494310614228,824.6905201506893,723.7024736050366,660.4601502865605,698.0302170226603,678.002482788099,561.5957234872299,513.0577169931304,572.1987110023186,606.466921624503,684.9306415404808,719.6702297204469,801.6432902652354,794.9460099137084,680.2482904660587,780.8463288907909,649.0923050066848,728.6962318628113,643.0810355508685,667.0648001494138,663.9821581993934,557.717127468586,647.6021174165678,679.6791327517841,635.3040158786617,652.1900633180417,587.5695026292261,655.4106403390663,708.8520007888945,639.1421832169325,624.1643799989606,549.7463231913569,608.8617361700913,620.2909281482254,679.1757984464778,784.4239924680817,585.1962443243201,690.3073872322816,593.7139230876217,701.5159250199499,688.2130713606159,524.4000048520647,649.0162235449646,557.2820810404259,654.6350795929333,602.2849878984704,625.9410133011837,620.0140817140976,571.0137380518233,686.5655142066526,560.5222157668364,634.671529183789,675.5782494784163,594.856694269808,599.9463721748543,547.2686721127543,508.15837039869075,574.022369891822,624.9194671455502,686.4143239559178,643.1441185548852,638.6595437129796,596.8571050693643,688.5205899089923,541.7883850616993,557.5244438049981,564.9855703463004,619.8770621732083,618.8478702548167,612.8864813266322,552.3976291117596,622.4813543289658,608.8467837882771,619.7676659463413,590.4208901092768,621.6723125951418,630.3678360692186,575.5905353020963,541.9487706122172,620.3613102912695,605.9285733631343,551.4373906358657,620.8664681360314,549.7394800041051,567.4165350176206,610.4390701280722,659.5953292569736,570.5327766118302
photo_hand,663.9462682566855,751.6746793560637,784.9592533281362,733.1709826722644,689.7821137574738,662.0915953313595,0.0,677.6375138137928,741.5330355708242,810.6564466032136,828.024937729228,716.497259437719,721.4343142320621,661.2305303976094,706.1548994874726,664.0199365900623,689.8687091761913,705.8900559634712,780.7758811946177,742.917899323793,784.525824729138,749.7978313595394,710.2006660564383,769.3477670916709,740.8664258956007,792.5925567210039,731.918760763666,775.0500268825074,727.0675747169926,712.0222171738594,746.6571041493401,780.9192470571717,719.5074796799064,806.9419178343774,716.3338628476916,739.2702532818088,784.0188661911155,707.5745892425089,739.0234617602279,699.5138180310581,698.6486842217715,728.926972513113,767.613683675341,787.8395759968263,701.5523494187672,758.5694978940066,710.9365462603024,751.3249960580719,819.1580358740824,687.9136338023849,723.6708806120176,722.7243118034528,748.6993718184389,741.7071685956062,721.5251119603267,724.2504429626273,696.994309537218,800.6592112334049,720.1657481094953,745.3583512388902,778.07006416933,718.6996412318617,731.2951234490035,694.372251541103,679.707109832742,714.8124162179106,761.6396353420172,778.7114951531232,782.6745534992947,735.0440995439213,743.71545470828,775.7094421770281,661.904715318949,666.1392683639472,671.9582060297741,711.5567775448501,707.3107399023943,708.5108792377084,661.7573742096072,713.5832010761893,707.8756520788055,712.7421088550736,690.2605447104045,709.3617066503133,714.0805683393999,677.2967176198879,668.169306583077,708.3853779135512,704.8561001462099,667.1738206939917,704.5424844003472,660.14566671773,665.482216548625,703.9484996245874,746.9906016369459,664.7011414798892
photo_legs,669.7652405778165,810.2183903781165,820.3921369427684,794.7826727708815,604.3881522229175,592.4921121864119,677.6375138137928,0.0,704.2887946196715,826.289310037386,785.5237575525912,691.4908989175472,707.3031542541728,693.6109468119213,612.6805719236903,592.3041256247614,641.9983074032007,646.2191481255561,726.9245459903451,740.3930769446811,822.1604664555583,799.8252208322036,718.8661358066083,814.2038700617649,638.9355564128082,759.1677464283213,678.63344839023,707.1063350134023,646.1068911575361,642.7037910920016,683.5269412553534,715.2446592901163,671.5369800014113,733.6056449040352,678.3650597937736,688.8374142210921,734.4887534554864,643.7580888021304,681.2624364579323,606.4669493007088,611.3761235349972,659.4596963935103,727.1902257989838,796.2534460388099,622.0016187127915,719.8252322952442,634.1615312101776,756.0945028233327,723.5432651542667,567.555385130517,679.3742302831938,615.9051119708336,658.5825331552315,639.7508549755971,667.1338938786196,607.8200276235549,564.7308593430181,742.4867086116393,632.0661847627802,667.6986248074917,673.0036726357492,631.7002039280227,640.6340244305534,605.9675900120579,591.2426720159435,619.4357190465117,667.4369054776164,714.7510393237461,684.7186602289516,649.0735343710015,656.1075431768011,740.5787649965011,584.0022781803391,590.421647701512,607.4620068866644,653.2845549501204,655.5927459764403,652.2805782044112,593.5208856675451,658.936635003544,647.9875588860676,660.7881176605471,628.1999746466812,660.2596131879633,666.8280501219884,619.4444808456351,586.0782242878404,654.7357630190372,641.1579023234461,585.0372709220162,656.7903605296897,591.135604354395,609.6539316686772,652.8633988768634,695.967581969029,607.418482123461
photo_bird,746.3200148821917,807.4904128000851,733.5076717805348,732.482151832457,674.5550863380333,671.0494310614228,741.5330355708242,704.2887946196715,0.0,728.3167255660487,706.5044215006021,603.2915228975693,712.2807017373384,713.6357617044633,699.1336098878778,631.3262219001653,672.1748759228938,571.2378784474358,649.6526057230444,659.4449307271966,735.212749254435,793.0511759771354,695.2287735080183,819.7027046140437,655.6988705999976,729.8180423145856,645.275148293909,699.6112372320712,703.6542500096904,681.307641881446,676.2998253126315,737.493098335462,606.3031269224466,754.6554019151705,656.3459987465071,660.271999517342,760.7271625059452,664.8361742676885,667.6031098991793,662.6408027358773,641.2155962082676,585.3439356080853,661.6599349460629,697.163273350181,583.2775917677955,669.1242774894981,604.39798546562,751.7844809570687,754.2397265831141,624.8778115807888,620.4566520325152,644.0240284214585,710.9815026291346,690.3595846215272,691.7208211048218,658.0038798523733,602.9100363378582,751.0329376181181,630.99481009071,672.439887979778,725.3367018852673,633.6162342839439,657.0560401974408,633.0625861404438,585.2270370872218,580.8312669808325,664.8229740224681,672.0365281792615,689.8478293282137,682.1369677266736,658.6281601033575,737.4786689619189,564.893149391368,574.6778110384226,566.4656917025302,577.4312602358387,600.8620067209138,589.3716517288177,551.4294671386853,596.0608820635766,581.4550077270478,604.7859331629053,567.8672425321915,592.8762377683048,604.047829656721,566.524063620983,561.7680389429827,594.9937284183986,572.6594462885926,557.8548651904865,598.1761226735116,557.7560926500998,559.5997220548358,568.4226333213936,638.8456996792381,558.0091683598852
photo_butterfly,838.4358466297434,819.5986816890374,747.4810987943994,773.1114497016816,800.9795909022029,824.6905201506893,810.6564466032136,826.289310037386,728.3167255660487,0.0,878.8351108946046,779.1893909416156,801.9248083118775,794.530787060483,856.0942830942353,820.244875382886,838.2967179405466,765.6703977402428,800.8323463529736,750.7441054961361,747.3518738624344,812.3520103163935,765.648425633569,820.7947655434624,812.2479514780096,844.073795629934,788.937712478914,773.5608321593389,809.2620491359027,824.6066084155974,841.0043624023997,885.2961132340613,764.3664146533891,920.5893159259126,837.588978788286,812.763642030443,882.0838690896131,807.7073044186203,825.6814427726614,832.918126456334,793.200587145681,787.629897346983,802.8820157476733,778.1845491918108,777.6016330303273,773.9509205049416,772.7750493910881,797.8264367609278,900.2642615340883,793.182692260295,787.094240191343,805.139347607099,807.8566260116876,824.2795232168239,840.2604213503836,834.8148670895572,792.5030472737982,889.0545611139931,811.7279209920758,817.0943777510845,876.7768265107848,798.5953524822976,832.6014397803108,811.6264802393447,784.318423811912,790.4390170759192,826.0057347634495,843.459642684989,859.6152394196135,834.4212223607985,805.6832187890027,835.9974319807319,759.6931006491154,767.8064580953926,757.2790724762278,769.7168252147294,786.1826253919919,794.1681163314385,757.684479102161,785.5792760920199,772.069639091042,792.0431120465016,754.6879611181316,788.8621482317311,795.0262998761104,764.2216288939649,762.8640817110885,785.2254892378321,776.582650907155,761.854051725233,787.6122451385825,759.5040961316338,753.30084905573,778.6673374881009,821.4215705380498,750.0276335625443
photo_girafe,818.705722048456,883.66060333646,832.0375107122343,838.2602305298376,771.7493340655484,723.7024736050366,828.024937729228,785.5237575525912,706.5044215006021,878.8351108946046,0.0,749.987036015443,821.3832067279885,808.2533671132004,730.7989490797995,729.5159927175172,766.6047296832156,680.0211066412692,712.1208253674222,777.3754113714465,825.0624798831693,852.4540190965816,802.6187236939837,852.9352585240532,759.9732608124145,816.1110838770019,727.4601870385299,793.8932601851469,803.707027403374,773.0358784444749,739.0578610002784,803.6122794987301,761.1199566911345,779.4354189423926,748.1811914795237,759.2584606884136,814.742159844648,748.0328925630414,757.9296628098851,744.9555764893589,713.6307924828905,695.978187785345,722.8530820020566,809.9365585281736,702.3961715311718,758.7286487814913,709.988376520912,792.9809615961756,791.4343774241481,721.0390467557614,710.700178681156,726.7791602390671,782.7124206706421,730.5123477592415,742.2526980170322,712.7689108486408,719.190728182094,835.5986692472641,720.7063545802966,735.8861335291624,782.4711528834409,727.8773908611151,699.4135610539765,729.9427519922978,708.1917941989545,689.6779973679143,729.8567294096862,740.2200707948034,764.9895434777649,754.9741189509679,704.0335880486591,763.7929258657041,708.9335285519863,698.7940988249564,690.4853285654007,717.8059654402393,723.73154869854,719.8290192354605,695.1052859235658,727.6166290223009,713.5043359025306,714.669912208085,710.3441323020518,733.2884784436067,727.9548363372965,698.2525344601518,688.0900755983308,719.4228623265292,703.0556871156032,692.2437147812002,720.9655280762636,701.4712751094929,686.271075270642,705.2905564923828,763.7382718088431,688.4637528326898
photo_fish,745.1096041804411,834.1617470516856,743.8255242071203,785.0843297020112,666.923377534559,660.4601502865605,716.497259437719,691.4908989175472,603.2915228975693,779.1893909416156,749.987036015443,0.0,725.9532238864484,711.3088658235131,686.7209865717283,611.5934083359648,669.0040097745624,579.592027094113,695.3637304242494,648.5202513047899,741.6390103723106,819.2469500747254,688.5927516321848,826.1930763752716,693.08898664982,740.2616583800614,572.2681494114362,747.5446807507685,724.5663053053273,707.1562870606889,711.3493842675742,752.528757162396,641.9156910763766,737.4389622987791,670.8133211756997,600.6111793124508,729.5508404026292,677.783455676262,686.375500507116,661.6566598174883,628.3068517027966,590.8710907460123,653.3938395559396,707.6072263160136,582.8636720481251,681.4759318857672,601.7481295623534,760.5103844149016,761.0134706771529,615.0880921042071,560.2158506897323,652.0909477196881,758.7726677447298,695.1005158420053,701.9130124682722,668.0256017615048,614.9046077216934,723.9094282190991,633.7709996907685,619.3098699334166,738.3959801736653,631.4483498602544,669.7373577718876,634.0943123025528,596.7994407030341,588.4182717247363,672.7109945142961,688.304630368716,689.2161260962791,692.6639468029034,664.1360258762442,754.8111139397447,561.3983494506914,573.7050308036509,561.7433909684205,570.5867486802292,585.1000178447041,580.0814099898798,557.8354410587308,570.2030941392001,554.7967329869883,592.503948996989,555.4692602957297,587.8349492750681,572.3584701812281,573.7437630397677,565.3317053693071,562.6113087004483,561.8970985210098,564.3596881661838,571.186588883219,559.0160542139754,559.2902592203054,564.7810367803178,630.0247277926353,558.6244625839918
photo_cherry,756.8607978929891,805.4200922306138,816.4060575085911,792.3122933031517,689.0908484182409,698.0302170226603,721.4343142320621,707.3031542541728,712.2807017373384,801.9248083118775,821.3832067279885,725.9532238864484,0.0,694.2166174980823,711.1805504222905,685.7899552425359,738.4516275799026,685.9044504737616,720.6228006025824,720.6012299463534,825.5483200659542,784.5864615926813,703.5078737225754,811.2316141926981,732.7313786909547,775.3016158452547,712.3024061224946,764.7476654537278,704.9582327116257,732.4243899167308,741.490306546904,743.2675421434828,715.2443445312728,810.122984841243,710.7445400718788,730.5587049522321,819.6299165059803,708.2424629404703,769.367155094184,681.6795181272241,697.3830290771422,703.7966623578033,694.2160860839133,789.5014611992219,684.9178334148829,724.0252602816407,687.991466117647,772.1628662920218,783.8134513212008,670.6391575871087,711.4120055686695,686.2780893596943,716.9799674932342,714.5019367425211,750.1144098640128,704.9003001960474,681.0988612097126,782.5511203608031,675.7826399347302,730.7940718868924,752.5705233739528,684.8201255869446,729.4025598434158,675.768683377752,673.160306382171,683.6605327370613,701.9624444477848,759.2454299960589,710.822134803376,723.2720649583371,729.5828314203642,779.4443456992609,663.1558343409691,657.0223363106882,650.2337182457611,702.4912454524449,696.9764101814467,686.4302181074179,645.952101441153,701.0973262214465,694.2860325598161,710.0335013139788,683.2972835347565,706.6088863608136,715.0885876874462,664.1991491055968,644.0961057704171,704.3383268197884,684.7181006719819,653.1503661159711,697.870345354354,658.5620205679314,651.8959612632918,699.0208454936312,748.4926679131061,644.751798986568
photo_tree,638.8441070652733,716.1643510540899,772.406382991635,725.4897159196081,683.9775178437669,678.002482788099,661.2305303976094,693.6109468119213,713.6357617044633,794.530787060483,808.2533671132004,711.3088658235131,694.2166174980823,0.0,718.1335621092641,670.9015148044006,638.7793703840197,719.3941196263293,778.8372956392187,742.7813356532859,762.1968677238414,709.1983028571663,661.8192857082411,724.5339392838697,736.8659125679803,798.9303005971743,760.4583009243235,780.7701954175078,695.0858329864217,709.44790654792,771.5928540729047,764.8692603929444,719.7342584144651,801.8000548685072,703.5239071502233,740.2433576928837,790.4785946378548,653.4415862375288,769.6478898867337,711.9847727563364,681.608437854707,742.4004805441645,759.6585810895965,778.2421322715119,715.386039084455,739.9492172278746,704.4084822485642,740.5866687541927,818.9854629417625,699.2020711165128,754.9598502764826,748.8181181053458,733.9875912409718,746.5168241869887,733.3319084197301,736.8802975341871,711.5579608210757,791.3064580909543,724.7794121525066,760.2887705231828,781.9923320848162,697.6149704492112,724.8535995841444,715.1233619375743,680.3489889542337,723.6709382817882,774.4080544000818,789.9620901467778,780.7518140518785,766.9557291684537,767.0468182413758,751.0964597924858,675.7389861627927,683.4358174400709,682.6738098121197,721.9344501947741,725.4695849792852,728.1646057042925,673.1323940694629,734.8191741666565,713.7860425264316,728.6530343058238,705.6087987345566,727.6181993323497,736.1893881281313,702.2960319485644,682.5507821067769,727.6603993256289,723.6404578554709,672.6837672350447,727.0996486400471,672.6949796895605,684.8271451289885,723.8379523067975,762.1447766352724,681.2237105319734
photo_flower,699.43318522633,808.435336770787,837.1701401399092,814.4109712278231,589.0520578394986,561.5957234872299,706.1548994874726,612.6805719236903,699.1336098878778,856.0942830942353,730.7989490797995,686.7209865717283,711.1805504222905,718.1335621092641,0.0,522.7174997386651,614.779915300848,618.1884539285627,687.7423091229134,744.5716445847926,831.0784616503803,809.0171599039791,730.969216316424,827.2997716130562,648.3715278701382,736.3663292798253,635.9369555230484,699.412916148176,659.9479903737744,606.4375712522792,625.8545018884175,668.4780187138667,664.0039850847754,682.2208548431641,594.1770391663771,664.2545949445924,728.7273488591201,626.5117228886727,626.3860225053769,534.2429949616535,608.41326344781,627.0228101577227,687.5823438633203,817.1322686045993,591.6649795543208,705.0542023843568,610.146719886,739.885164137883,676.3789472377287,535.3537999631164,643.0754929119515,574.2123688564448,659.4769386187529,599.2384080884098,615.8755579895759,597.7748630357843,555.0646497852755,700.5019310540312,552.8755987462457,631.2922618622913,665.7865772593169,567.0498955047275,541.326205659129,536.1340975892247,539.8347233301536,576.3321110868802,625.1120886760822,683.3122542985334,604.581889371438,625.544973402665,592.5215655874783,695.4972286186878,568.2767014094179,571.0928357227529,577.5611844359627,637.6662269570854,633.0480867042985,616.8077349703557,572.2420195816812,639.4679795809523,631.8716410211191,639.566486834338,610.3984690064559,645.8502185458832,644.6756343415103,582.1999920531966,565.678714649791,634.8031144858896,614.9637055407128,565.878971986334,627.9813924051549,575.3774298984263,585.1823637635439,626.7954708345754,675.0532313607239,586.9846444837018
photo_carrot,700.564831093631,823.5550218212485,801.204711987208,787.6481192574863,577.143778039577,513.0577169931304,664.0199365900623,592.3041256247614,631.3262219001653,820.244875382886,729.5159927175172,611.5934083359648,685.7899552425359,670.9015148044006,522.7174997386651,0.0,538.111772188729,570.1825583470205,660.7800134480212,703.2823748166185,802.1991708864823,798.4598504551702,668.8686802758842,819.8252668035761,631.8098312767047,717.8074586951897,605.1096060823243,672.7458610709432,649.3190862912791,557.3695469913241,618.2887613549306,653.9830100155162,604.9550956427626,652.4106054878727,549.7736013531749,628.8692694900877,707.7585916288475,611.8073276011045,620.9192678244972,433.33753780232627,592.6391273152129,583.0709028553605,659.0758746165792,781.1553454452841,534.9620193274778,686.1849230941373,559.878177342584,724.8846703206069,687.2635693602914,482.71950308366627,616.3861281725456,561.0560136184621,660.573408816968,561.3737305607384,617.3545031713426,604.6161843612741,517.8845568274962,670.9960562664961,513.1931000361504,598.3657748644667,645.0262819400452,529.5861597354716,552.5498352564324,436.59876273980234,452.73122485774724,534.4756580620773,585.2649310742934,665.3230283932401,602.6645955586367,615.4931085322652,589.9507585418783,694.9013274694594,494.56956964860143,518.6682363969255,528.0624316711231,585.4463566200676,589.219413221457,575.0350138442683,512.8311302342939,587.6003206432167,580.2086602222859,583.6687545574584,558.7549180398981,589.0271719147203,598.0730078234011,535.6273545047571,501.2166939378989,590.2519186908835,570.2797138236219,511.09859193640943,584.3190269501583,506.36958166281477,532.1723718303016,578.8931149806375,626.0704725836023,533.9898876257179
photo_watch,674.2868390865309,799.6794000729546,824.455143280022,798.7568352181089,642.7625342750586,572.1987110023186,689.8687091761913,641.9983074032007,672.1748759228938,838.2967179405466,766.6047296832156,669.0040097745624,738.4516275799026,638.7793703840197,614.779915300848,538.111772188729,0.0,653.381816026308,733.2378310961944,744.0732492229863,810.2668034697319,792.7539906061652,676.0157516462854,805.9741657363223,662.7631073814642,767.7976553288968,708.9051964926739,727.4579900916538,670.8682273357676,590.9789380201984,679.2411054830478,699.4457642529416,649.9469593110009,737.8587592589333,637.0229972609746,684.5369722656413,746.8381278021625,608.8656652255282,661.6827482072208,559.4466216306732,598.7282989335436,669.2005122714048,714.5146704668756,791.8220033248515,619.0963514117213,720.0154236665817,617.7210240652554,734.405174003575,760.8611730091312,571.7263200948572,691.8892573437191,659.7234172024364,706.0463129212364,641.6623928161316,664.4260248487827,652.2746305067936,601.3559692127525,726.0558872417658,631.5504526972823,680.2296989964701,688.6141664742387,596.6156073446596,594.70918175597,585.325847309089,525.419270369812,636.3797871881621,698.2588295747211,723.6979951828272,716.4141011444207,652.4386857656089,680.4634949397516,720.3428977608271,584.7031896046176,593.1152291435515,594.7390416651837,646.7468347294933,655.5467120790211,649.0341101844762,587.5960733023749,660.8280522404981,643.0739517898264,655.3484602648724,629.3419503123732,653.8121308685211,663.4756678672115,616.7979660551276,590.3455294153151,655.1992463946474,636.0676270916441,583.3136351241933,658.7604970130071,587.7260958411765,603.5360330448462,642.9850340450075,693.6154714908861,603.3828977408816
photo_key,747.0899032811673,820.2913797454285,739.966124172249,784.9965162071418,631.7225002721013,606.466921624503,705.8900559634712,646.2191481255561,571.2378784474358,765.6703977402428,680.0211066412692,579.592027094113,685.9044504737616,719.3941196263293,618.1884539285627,570.1825583470205,653.381816026308,0.0,610.4142867816233,619.1351062952398,732.5805475551659,789.8117479212693,669.6797579091497,796.6389457136335,648.4653107697393,686.8144345626332,522.5638340426366,676.5775823205508,677.0615639731031,641.1188489809429,633.7265113663053,673.1246357097264,574.614617446911,693.2808522671073,622.206975445441,604.9531894427107,679.0471057658102,628.0768821718926,626.0203127322114,575.3801593797884,603.5375020729961,403.446986136924,603.588856331842,684.8226776224884,543.102392222165,606.2275725873699,521.4202650171208,722.6248826666998,663.7519387146315,533.1025224427193,502.76457497364174,573.4284263503038,684.7856226801454,619.6644106105235,628.0109190218117,574.4918553411251,528.501759717859,686.5344192899386,543.929740762496,544.4961998257608,661.503647934092,574.2878437401044,602.176144168292,548.7148177479156,528.1680054339201,391.3921593506279,543.8345269624473,607.5012325808576,602.5140647623602,600.5800193208422,603.2294905641552,686.6512525107261,493.0284549775056,477.6054923111731,472.6213267585143,513.7333277915807,495.6652486398552,477.6231693300556,463.14049966450403,489.24646963889194,490.41038443036297,507.3806538877804,494.39644859467546,496.54957804842593,486.4963496125427,475.3329861661345,478.99224296219495,482.0143893894366,483.2621087399107,495.73243931003395,480.32928431418424,482.3468278773482,463.91885728892834,492.06381417618604,567.5831247082062,476.35964982600615
photo_truck,808.5093240339606,859.9850204852178,777.5534191520023,819.4096736913115,694.1345393360676,684.9306415404808,780.7758811946177,726.9245459903451,649.6526057230444,800.8323463529736,712.1208253674222,695.3637304242494,720.6228006025824,778.8372956392187,687.7423091229134,660.7800134480212,733.2378310961944,610.4142867816233,0.0,660.4534546394037,768.9344941262307,823.4579457871307,718.4472596674966,831.1055338500339,708.1409847533935,753.673796501848,645.0111684206898,716.3096022439141,746.6896650604491,695.2966911645324,692.5556666524342,742.2444984542107,699.8962569022497,763.7921747383043,692.247477192847,669.0688241897275,794.2922547903399,702.154150282844,704.2307920577682,661.58994501331,668.541522637396,620.469523708115,564.3745981550417,700.5016869740736,629.040364554479,690.8735629875548,613.0016015207502,764.977931519903,750.0067764164435,629.5878237603347,647.4464303822785,640.6269742535692,721.9137300911999,689.3717215336965,717.9626713404277,660.2847440714094,642.1636527641011,774.623419552972,637.6405398304287,645.0464108775104,719.675992449057,640.5002789833537,683.2364623249659,641.8733930162359,632.55297103537,622.3164827833303,557.3780207562962,663.0413430643758,686.2554953394392,692.071534347243,667.7153074722413,748.8278769530482,632.147416327074,626.8307653209399,626.4395580817755,670.1796401573819,638.8985384691799,643.3715739302871,616.8967651372756,646.7776989930433,648.5211649637769,668.1519843845157,643.9567954952057,657.8326412344909,657.73074793786,639.0053500905927,612.4251850403642,652.4951288979894,642.3674635363652,628.7448271814513,640.4244286971007,632.6261301056413,625.8046893421945,653.9454820273913,693.8412379020291,621.8391162594493
photo_velo,779.3218528226234,824.4150695630034,722.5773889181335,787.575918841367,709.8800165894486,719.6702297204469,742.917899323793,740.3930769446811,659.4449307271966,750.7441054961361,777.3754113714465,648.5202513047899,720.6012299463534,742.7813356532859,744.5716445847926,703.2823748166185,744.0732492229863,619.1351062952398,660.4534546394037,0.0,720.005914843855,795.4912111972837,666.9103405065496,777.41632205981,698.1080833350187,772.096915598246,642.1124739086437,737.1785901153706,733.333314072831,744.809983139935,747.2043091653917,785.6486174137588,673.8512520884093,793.2225057096098,717.6754509635842,660.7207934124335,781.7060236567382,701.1115977827618,737.3479228985303,707.4193697388492,696.0991871523648,639.5111620835162,635.5380593272803,561.9433503178949,659.2233062507099,676.1288454766692,637.1758596043555,747.4363594745264,785.6464716282555,678.7106724173158,630.1913436969494,697.3418603147791,730.5326313660476,719.9148825100481,736.989980802005,707.5912269105598,673.6886508321666,791.5772790694323,696.3604314466668,677.00731671231,762.2379949825719,685.7331711096493,721.3035797612022,683.7067262634773,671.8898128840125,648.4626344872743,661.6051887184285,635.6594445690681,725.295544424867,722.6568551168782,714.5749542119852,754.1245182809206,634.9265323059442,630.2536793068259,622.987060934456,636.9208633668984,650.8423713140376,643.5612687647505,627.1710928330743,639.1512434566363,627.5639495879983,657.0324608580103,624.7431662884137,650.5952197083418,644.6382247582069,642.1196958078096,634.5619146375415,630.0844274016378,627.0143559340911,631.7958799071947,640.2433928588041,635.6830104840103,619.1311676278931,631.9905015797513,676.5230035107379,622.3206621108892
photo_road,798.2404384214232,799.4612376133225,560.2428538033017,744.5327590309985,802.8630425181186,801.6432902652354,784.525824729138,822.1604664555583,735.212749254435,747.3518738624344,825.0624798831693,741.6390103723106,825.5483200659542,762.1968677238414,831.0784616503803,802.1991708864823,810.2668034697319,732.5805475551659,768.9344941262307,720.005914843855,0.0,774.6317083515494,693.257134378685,765.6509131902883,828.3492248035974,870.8073450158997,759.2725743545127,829.168169645796,833.5657260919199,836.6330960650461,854.1123158297279,901.2178067737985,774.9574005090712,859.9115032066625,837.3140896290352,783.339949729707,828.1985284957326,800.5495463341838,819.3674136005344,839.8477370146819,805.3867572163676,759.7025100605711,782.5078389497961,716.4968815131904,760.0766068629715,730.9247947182146,774.5638830952761,821.819384853954,886.8866629350827,814.6751235196382,762.5327420986755,831.6200896157877,839.0319162044448,852.826234622234,847.9794638816778,854.1085861851751,810.7151702368393,877.1241716704993,830.7014078139576,801.2582614671112,888.5872593992829,818.4695391258318,817.5075333010279,831.9941657545652,793.4035535290149,779.5746413523733,820.5244068003173,817.3825991143217,880.6768160192228,857.5575296211845,816.1573847385899,846.0652942758932,772.1419691840033,777.7978985160231,766.915171217455,766.6236961911092,768.5764204194918,765.0068751010742,768.7157987312955,757.0611380755425,764.3612980403202,766.0590228575085,767.6646384110569,768.0964630304387,758.4901558839628,775.3916606776214,775.0891188259965,760.167600368664,767.7266611647265,774.2603219590177,757.664897507269,767.7779417920032,762.9597991661959,768.0545341985043,805.0098052779767,765.0649670077607
photo_house,740.6248480663727,703.8867553613901,787.4841561554146,760.3467280379738,794.3014561576799,794.9460099137084,749.7978313595394,799.8252208322036,793.0511759771354,812.3520103163935,852.4540190965816,819.2469500747254,784.5864615926813,709.1983028571663,809.0171599039791,798.4598504551702,792.7539906061652,789.8117479212693,823.4579457871307,795.4912111972837,774.6317083515494,0.0,785.2922072870848,759.2041311112979,826.9058322066945,876.3994834042942,827.3959999703752,849.4375668613181,813.9505525057008,814.5011874403273,845.0105162699817,858.4878698076917,816.754507241752,890.9785311996828,817.7535482318153,842.7830455243773,845.4073685760405,803.6029445726496,819.1928770170355,822.4196637382187,816.2746110163831,817.4436386163246,831.4707207399946,825.7242276739574,809.5150240704962,795.7956043255718,804.6294717338538,822.1290713738949,898.1469998146647,810.4546868909757,824.7335972781741,823.8676197948635,827.7538670305711,848.6777154889145,822.555548734172,847.6651457970034,821.0572897385985,900.5112034054295,833.3092073159308,845.8794423009916,858.4266087448773,823.6771351109545,826.4863386972676,822.1065591376199,805.3818765989608,814.4950123905553,849.126058215805,873.0154225650799,877.6449613992407,819.1396313902052,838.5877552636689,840.8910733256497,796.0123269996818,794.333081723063,793.1887082903562,817.5765481048195,824.1125656184562,826.7680490004797,787.3685826748839,826.333790571522,816.1067267792415,832.3514660983152,797.6860085761413,833.0608675637131,831.1057181971817,794.6257882103868,791.1337539542535,822.2523108001116,816.092342300222,796.48623485026,820.2918812451937,793.3830869389435,788.290129715778,819.2128589367959,860.3483658884127,782.9619630129392
