,photo_face,photo_profil,photo_eyes,photo_face2,photo_walking,photo_standing,photo_hand,photo_legs,photo_bird,photo_butterfly,photo_girafe,photo_fish,photo_cherry,photo_tree,photo_flower,photo_carrot,photo_watch,photo_key,photo_truck,photo_velo,photo_road,photo_house,photo_mountain,photo_windmill,drawing_face,drawing_profil,drawing_eyes,drawing_face2,drawing_walking,drawing_standing,drawing_hand,drawing_legs,drawing_bird,drawing_butterfly,drawing_girafe,drawing_fish,drawing_cherry,drawing_tree,drawing_flower,drawing_carrot,drawing_watch,drawing_key,drawing_truck,drawing_velo,drawing_road,drawing_house,drawing_mountain,drawing_windmill,geo_face,geo_profil,geo_eyes,geo_face2,geo_walking,geo_standing,geo_hand,geo_legs,geo_bird,geo_butterfly,geo_girafe,geo_fish,geo_cherry,geo_tree,geo_flower,geo_carrot,geo_watch,geo_key,geo_truck,geo_velo,geo_road,geo_house,geo_mountain,geo_windmill,word_face,word_profil,word_eyes,word_face2,word_walking,word_standing,word_hand,word_legs,word_bird,word_butterfly,word_girafe,word_fish,word_cherry,word_tree,word_flower,word_carrot,word_watch,word_key,word_truck,word_velo,word_road,word_house,word_mountain,word_windmill
photo_face,0.0,1410.0316586774009,1877.0916800704642,1679.9760851996057,1587.1912506114143,1528.7091514008657,1043.1315143167437,1275.6758399793846,2046.9528366862621,1970.1954339547858,2193.9034250422415,1992.1297862474057,1410.9881938232118,1224.631496207682,1820.879807577549,1590.3053908859124,1574.6078310258538,2316.3281108307992,2173.039255172743,1893.0450333761394,1959.6781063345377,1570.3144717441357,1952.3882240182422,1658.6803181146213,1892.91767866246,1819.5832851112852,2550.852817955637,2072.2898989184378,1748.5507496890204,1716.0632522288192,1807.70927324759,1529.0496674745875,1997.328389849882,2472.1667670079632,1937.53698302575,2224.7613622496697,1889.9978033840039,1588.6903555684476,1602.7167068775084,1889.4413824981564,1555.5582783552588,2392.864626565775,2179.528999987328,2004.1380880136041,2201.445111231444,1882.6724292633794,2260.292901905393,1599.3143069428093,2226.037898746769,2148.9653887872805,2406.388952128556,2263.5895711242806,1653.8675799749408,1830.7613034039066,1577.874990749026,1790.7708402346782,2046.1865701682611,2020.665152875225,2132.924848856468,2387.016122320236,2034.8396443233405,2079.7730200220662,1852.3971290102866,1933.111083783369,2038.766826221069,2372.8036131011227,2336.7821329830363,2103.5361598365644,1814.1986369237409,1513.7718784835088,2329.1873579197822,1770.7538954916447,2170.602114041042,2158.1326017559168,2178.048345274634,2249.0733134408124,2414.643724974229,2366.5454848006025,2158.366097450289,2338.7380561529826,2302.794836629138,2343.6827089234816,2224.090264483586,2360.438760613938,2348.00576272031,2193.5104842623236,2177.153648947158,2347.922389313718,2312.6191043896456,2129.452344056428,2346.0634965877266,2149.2120220254396,2211.8247569725254,2318.3605511784076,2425.91588736137,2246.9693335537427
photo_profil,1410.0316586774009,0.0,1642.5056611599223,1361.0080605928722,1936.118531028511,2025.336326205487,1325.8469135900125,1869.7254780318285,2200.873350817071,1828.2864074238105,2219.083748175442,2171.688358980493,1569.5972660303262,1511.0448026564782,2341.247241041076,2210.7856848805463,2156.994054921155,2404.583646462305,2146.5460784638494,1987.785329278993,1713.0583270102663,1121.5216527727928,2108.69691352475,1372.4460950417401,2446.8995950050403,1617.8899837204513,2730.2095595699775,2130.77494115764,2193.8219862539895,2266.4856505682856,2231.3599915102427,1771.4268256404757,2295.6149414668644,2448.0913862020047,2324.456418638181,2501.7884501067515,2028.9834709399643,2338.4704765937577,2067.996626921859,2441.056754414583,2244.2782067113426,2588.2055197261216,2334.5133179287077,2097.469750169014,2499.607105962152,1845.2451769553938,2566.9255481524187,1834.6992316279327,2174.9098109902443,2681.2157737430225,2640.8996785892837,2595.3436542458753,2248.0424670475704,2340.2237607091843,2015.2555354322792,2371.445741950615,2554.6919751172422,2055.429364662608,2366.678719057492,2568.4476341395102,2170.5323248563445,2583.7780709064873,2445.353860005574,2482.910891970353,2546.2526397377114,2605.872616869594,2448.0711646215414,2265.1634698286603,2147.091423314164,1720.0020346307588,2694.1389475292935,2058.7947923547526,2676.4929471190135,2559.6722351534017,2632.8119047799705,2536.2069829448856,2630.9026323131534,2598.0902018330144,2608.729916999329,2576.9443216428967,2548.2958400502184,2602.6709097047965,2526.7847341477272,2591.621134130716,2576.053780674524,2568.574137430739,2578.535000008321,2586.808355828089,2570.8615868377346,2667.150939580233,2578.4642551667453,2650.7291579390576,2604.7478379833346,2576.4313098698462,2669.184567909834,2588.1251325031667
photo_eyes,1877.0916800704642,1642.5056611599223,0.0,1391.0524456375701,2129.8870739080426,2329.23051720087,1781.7811792988482,2223.3978416859236,1780.1747054565958,1384.2288081741972,2116.094259214324,1665.6947106966416,1843.3170535765514,1933.141739335328,2571.6033360559068,2370.8954713451076,2300.617979509702,1937.232643200795,1522.6193211096283,1490.7435333609158,649.8800849371474,1642.8385629189195,1696.959412904738,1665.1736096335435,2344.751120154877,2096.757216535151,2339.4530880040274,1756.8826011751264,2416.6372044263103,2432.310710678881,2481.2523351307655,2252.188471701946,1996.3587029471114,2202.78714177048,2550.4126874580784,2149.03179492736,1892.7765031362972,2360.3233057934517,2333.463382140296,2551.0495935295066,2325.4407043037263,2230.0643611224787,1827.8002672505793,1551.4560121015966,2164.679674698084,1216.7957966307824,2308.632983706465,2178.213340390126,2274.837263603062,2704.3451674687153,2288.8999374887326,2750.0304134786884,2385.135302410609,2529.121248453722,2379.243748369199,2487.94570315013,2622.615110449975,1999.9771243245314,2515.742757726264,2148.9609634518138,2448.5043161583476,2560.417650982325,2499.775043405375,2578.3391035718378,2602.850194275379,2254.9915152540184,1934.178977330283,1741.4454445901217,2372.0439611798615,2157.5882759452584,2419.423902215038,2378.903008876499,2502.0981445477673,2380.828048053447,2470.7389023978653,2246.2294819484996,2248.682967244948,2220.9339639046357,2433.000880144287,2207.664837886367,2223.581024374538,2214.0536949227426,2310.5419239023877,2203.5593691720064,2201.732714179437,2394.539611969999,2400.7511077973822,2227.681388533189,2252.5929432742837,2486.3975611630435,2191.341685688549,2471.13198224129,2423.376448967374,2231.2618873969145,2288.1054722258,2403.8321243605533
photo_face2,1679.9760851996057,1361.0080605928722,1391.0524456375701,0.0,2027.5701222382736,2193.9954722828934,1672.172654718134,2108.625011578534,1955.848978229544,1471.66506787685,2077.0740730722587,2103.387601945601,1724.3207970381159,1740.0822525292233,2496.544837322745,2335.3057634422526,2290.276730659693,2318.594340746873,1989.8392089326965,1869.8568938308024,1382.1753043273686,1442.616642102899,1990.7506312032358,1564.0916454712772,2308.930514868775,1961.149877138927,2686.63565916436,1801.9585447176655,2301.8488282406215,2352.108015234643,2406.2664575525264,2036.3655270561894,2175.0456502172224,2290.0512223185265,2475.40969169481,2490.3909265954744,1939.75156158652,2355.3722950385886,2248.5366477453267,2559.0983136579043,2345.072970076127,2550.691739447899,2260.2943328709234,1917.9850215670479,2415.314413899298,1588.3384878301126,2559.3085809471418,1975.3258235630274,2310.6040782443993,2747.1226358146696,2598.96043638504,2732.43124292807,2248.288210920422,2420.4439146767368,2219.072141852279,2494.176198445584,2682.5752306393156,1930.2644717554354,2459.991746805899,2509.4265239810284,2329.8361641608562,2599.9958372495644,2491.1562837415677,2582.9974605928996,2647.290122592309,2555.818666194817,2321.007272344337,2118.496529332896,2306.8961012970994,2016.0674702361475,2596.134464514872,2251.5314527634046,2648.070486833117,2534.8912732600415,2625.9430404525588,2507.793287855274,2580.795275177487,2561.6005751046014,2587.099949369484,2545.947751277505,2525.3238763208637,2537.0492851499857,2519.333696394307,2548.4324073722173,2532.7655961975593,2568.388796324968,2549.1256172103817,2550.1974816790375,2548.7064754249864,2628.589494313141,2530.017794389178,2626.8553588593454,2592.480960843155,2543.289044769131,2598.9528056979793,2594.316994599711
photo_walking,1587.1912506114143,1936.118531028511,2129.8870739080426,2027.5701222382736,0.0,1586.6742872774305,1538.0985511708836,1368.1491559705012,2078.6038542256993,2137.75758434832,2281.596230225161,1960.258758763311,1327.991557513411,1458.701554952499,1809.9568974894266,1565.7641575430537,1641.6320922045034,2291.1434436815734,2175.493011736886,1928.9193089542553,2183.213350885863,2074.4533261748543,1681.3345375947458,2022.6584753618786,1799.7111537048604,1944.0414229493554,2451.2263211860777,2069.4477576016143,1211.5008566682745,1879.757107035627,1902.1330845085743,1688.8806505075822,1968.72935069189,2338.7943033945235,1660.5564243690467,2064.4593960663874,2061.645510814566,1619.7886595205352,1924.8552176765625,1725.9515039012106,1586.2367275139754,2320.756234381343,2032.3526508759674,1954.4791937502075,2102.761440568462,1955.3389146638688,1975.0545005677336,1793.3514119942372,2210.7819222964536,1862.566247586727,2354.8852768275283,2173.4786968388767,1426.9310294651073,1752.9623164695643,1639.3867770593336,1735.8704677244825,1876.7557089199508,1978.366828582688,1773.7987775736483,2235.033433027495,1748.661590518384,1701.7257642928578,1876.6813673203073,1777.7192123780571,1824.9398262770683,2268.868363458211,2215.981631288775,2065.801679839569,1699.6165156196346,1762.9273015608637,2189.9705679056065,1889.1424545005198,2017.720217092997,2049.5576953214877,2046.186147489514,2202.324778692938,2278.949268914335,2250.7024036016683,2023.3064120753904,2198.7273910800927,2203.632085543234,2261.576472791714,2124.72397825496,2254.522420344985,2222.374079935957,2069.6104391230974,2067.496234182546,2236.463852925158,2225.6880398561,1956.7532000206077,2221.074780761875,1992.3385928329744,2087.4107979589326,2224.818792552112,2344.8602553037485,2126.2123488198463
photo_standing,1528.7091514008657,2025.336326205487,2329.23051720087,2193.9954722828934,1586.6742872774305,0.0,1607.7844003006278,1080.2055872552319,2253.2003888316794,2415.35461440797,2168.3624558097927,2176.0525172462217,1809.1774221344092,1719.4603471160483,1249.3736341817525,1174.0605974874607,1294.1766469233053,2413.065298084767,2389.4597225530306,2262.4528242721385,2390.6791384538865,2218.8717731626107,2097.473958814405,1976.0571761688304,1987.6379642472866,2183.280977170331,2612.8765145914285,2254.039754849865,1750.7395739528824,1449.8604648146227,1830.6133359254181,1691.8827222045154,2118.4185970819913,2148.3140693732707,1623.8240415780324,2262.6654063992933,2089.076182718549,1573.8595152470386,1544.248218179647,1358.5775358396945,1426.9071295582337,2377.3580558174885,2276.655911254009,2327.369582088773,2089.281965515937,2212.0232662708445,2195.231012775821,1586.2750505647762,2051.9680381012313,1627.8468637891892,2458.451777691143,1632.6478535512651,1726.5871876303295,1517.2358675474295,1716.7881619240923,1654.8099203672532,1632.8388859336073,1970.0131155941704,1773.9523611429445,2385.9854619118246,2017.2372755715785,1792.9004095536172,1514.1675909343398,1400.8602329968173,1499.7873458952902,2336.077573953964,2357.504256380374,2348.958509264703,1824.0572255536417,1828.7720605810043,2108.6036300317833,1715.5449195484598,2059.88997286945,2130.368221617424,2104.2775093080063,2264.115024711312,2370.5080301881267,2332.9017280943444,2094.519094496558,2300.2698396864635,2292.0590186739573,2332.864500730629,2228.0390036718704,2334.036471380767,2314.7644926510834,2146.2941502262397,2118.5486666598026,2340.627646034548,2317.361274475671,2028.9791023205198,2321.753583879499,2045.8169051676605,2137.549364379087,2308.7020023478412,2406.295457356455,2187.9341801705627
photo_hand,1043.1315143167437,1325.8469135900125,1781.7811792988482,1672.172654718134,1538.0985511708836,1607.7844003006278,0.0,1415.7498879819755,2153.6502055149695,1947.7872272230568,2198.87604469156,1874.708263199356,1278.3478837398757,1338.177413062691,1948.271528289727,1707.826894809904,1692.3561046786415,2266.711995598525,2093.936829225559,1820.9096229689792,1868.0146120575318,1533.4873530991292,1897.8226321249329,1568.7227776906448,2124.220069842725,1712.746042847345,2473.100308057956,2043.5343014172104,1841.9935467833898,1865.2900377976712,1880.4391950024553,1695.217536336251,2166.319025926188,2431.0680893802046,1949.4023213524072,2163.2894789275583,1805.7903146885785,1786.53660784792,1776.0518420551641,1957.5771860064997,1704.9491283213756,2351.5072679206414,2034.6369727997114,1988.6494219023014,2199.587860805753,1812.0694444129895,2221.7219018901255,1607.6812609271458,2257.8299273353855,2235.951303105849,2363.1729125634683,2342.907645980492,1859.5770777480966,1999.6391374796722,1640.9146511777894,1911.6500577864385,2169.602824442881,1906.2974742378244,2059.963711533117,2339.2303817496895,2033.070097767668,2129.0986380545933,2055.0914831377536,2014.7254226891982,2076.5139871884217,2366.125113066569,2285.020424180263,2080.0008758393265,1955.9625220813898,1596.0117456863377,2394.951056149229,1824.1801566652207,2263.799516666831,2174.455976797042,2231.4453913652706,2245.520862785345,2351.614151645402,2307.4402893975644,2199.29684969633,2274.4423640457876,2270.4557625833027,2305.49513299844,2202.671726659095,2306.05046924964,2288.9689485965446,2179.327927664084,2209.897317576532,2294.6048716609866,2278.4184589811143,2228.5282466881467,2286.4112943586347,2228.5659181425162,2227.858634496042,2279.4546183041434,2375.1705586784815,2236.5329999669093
photo_legs,1275.6758399793846,1869.7254780318285,2223.3978416859236,2108.625011578534,1368.1491559705012,1080.2055872552319,1415.7498879819755,0.0,2253.375362282406,2317.5235177765326,2320.4142102893456,2106.2296204082604,1613.8935263914655,1430.8956041194065,1516.9657162055146,1242.1984490693976,1290.6323481816612,2396.709969637877,2364.1590861739073,2155.093941677461,2298.8380986565453,2011.8564932652223,1976.615635255167,1926.796549808349,1898.8498732607504,2049.786475732727,2515.4647845611235,2239.47144741621,1462.0647305120287,1482.88272336974,1781.2550216560069,1597.1390118277022,2123.4089857434315,2318.0719867203807,1744.4708597560254,2230.360834585106,2011.4280135444242,1429.473587981977,1671.1194570025796,1453.4902928655292,1301.2071605320791,2361.660153197328,2250.1512086709267,2229.153420293004,2132.1283066380893,2117.0501191129333,2181.6354953593686,1622.869321142375,2062.6866101784794,1522.7917323161382,2394.1746360202287,1945.7738038139942,1460.5037466012925,1481.5531306259622,1546.658599443884,1385.7878932599756,1549.190265509712,1997.5565608869142,1941.8209399581456,2362.378611053048,1724.868329012175,1780.6159733592385,1697.8080177880202,1515.2507945067837,1603.6940414029834,2332.6565457924758,2360.329871607748,2264.717232365896,1860.301112889753,1662.972404792881,2196.7232358554484,1761.4398329167818,2090.113634734387,2098.274966135612,2108.8414306095992,2240.4501511936132,2340.17252015266,2308.6286840079756,2103.0765178935853,2277.892351095451,2269.763337305819,2313.988767998816,2192.030421086977,2324.2849637117993,2298.8735791402323,2140.7260161129857,2132.1011807422037,2297.9881049970054,2282.862891358004,2025.3672573299132,2291.0130996004664,2061.4760460332127,2130.0280052123844,2290.80503278889,2398.5857143845724,2170.011841286515
photo_bird,2046.9528366862621,2200.873350817071,1780.1747054565958,1955.848978229544,2078.6038542256993,2253.2003888316794,2153.6502055149695,2253.375362282406,0.0,1726.0608963306809,1961.3708415545912,1478.3172392137235,2039.7631055896752,2017.9758696015772,2377.0384214239953,2094.1928745215305,1940.5924842065563,1399.010701866865,1736.5424252987864,1584.7143258427914,1851.0877154448287,2269.7499026828423,1945.1287823510577,2300.442656846555,2120.4644549912277,2108.561590857561,1918.8745755621876,1734.0621792804966,2242.2725670931154,2189.7317953476963,2389.7124752797463,2095.8565405558893,1199.0098040736614,2353.9472871501057,2197.7251519811502,1688.6723515454028,2146.6581994133153,2127.3066571310355,2148.869088551728,2236.2198747420657,1992.8089016416386,1616.9665583582869,1842.2884614190828,1605.5313502919478,1594.6462617191658,1578.7377315906242,1856.1100026051508,2227.2516734434007,2390.745417972113,2346.1839729701746,1728.723428359294,2390.0409047573744,2181.1500757813583,2254.8091803787634,2237.652438934461,2206.7868016545353,2215.6994009668115,2082.6882640671283,2063.1046983492547,1677.1227846946886,2417.0629209681924,2158.173037188387,2139.988307224308,2219.161574294039,2150.42616656785,1540.0366767352207,1933.4118183093387,1693.2264616166844,2159.3824071363656,2042.8740117307655,2133.46983095162,2273.32543469555,1770.6900999971847,1669.3245902859826,1769.308956786994,1558.3262184954233,1634.9777499938768,1607.9723504567185,1689.8110792239945,1604.1286241667435,1567.471390914023,1535.380232114252,1587.1770585093197,1577.395963364822,1571.1086752528436,1667.3501477128546,1627.2034021704233,1585.86878376013,1571.5871286532392,1742.8072048144954,1572.1166981752385,1762.375052717298,1676.0804558955383,1561.976302378137,1683.3733523955834,1663.2913696604905
photo_butterfly,1970.1954339547858,1828.2864074238105,1384.2288081741972,1471.66506787685,2137.75758434832,2415.35461440797,1947.7872272230568,2317.5235177765326,1726.0608963306809,0.0,2259.5846959520395,1796.6402773740908,1942.4256438867974,2010.8836030057962,2681.9025695938867,2482.8241170619285,2395.9910444423567,2049.418707285862,1738.7243849634342,1592.8290550859099,1361.7217980432808,1851.880551188114,1913.774279619806,1806.2424974164496,2417.307469765813,1976.1234132507,2417.7747153454507,1253.2900553669608,2358.4137921821907,2491.8941742208176,2555.8378124226047,2242.8408520872613,1841.8735336785535,2158.9812061319954,2572.5862484531262,2193.91993678854,2012.527429465421,2423.4965360405636,2380.9514830966214,2659.0841017916114,2394.5542080111227,2278.186847643992,1901.6388878519595,1638.0668939738855,2151.3908953259374,1391.157681563237,2256.952700923968,2052.4163579399715,2336.1638414905674,2765.911848540821,2343.246542177923,2721.8555221285887,2331.3635481373167,2473.816204513361,2383.8557995965616,2547.684086285781,2646.2380415298485,1907.3337364423649,2475.6950597649843,2208.205013585338,2578.777907980795,2607.1519616539854,2559.706802061626,2661.538576358149,2663.8272955742186,2305.381458750105,2047.2208537043082,1828.8309275436281,2400.4905616883084,2176.699635937972,2394.2632515490145,2341.586831604462,2437.249929671111,2312.2321042804924,2405.0427885004165,2229.934773724853,2340.5365938487853,2311.352676789469,2372.4332518488623,2274.529036953318,2247.739887631761,2308.681889525674,2243.6902909416726,2303.900310315029,2267.947994981366,2306.723492223419,2332.4057635414015,2281.007719015898,2260.128837116339,2427.2180054508945,2273.998118957545,2412.321251330214,2361.7139852868054,2260.4857633352867,2379.9128239965635,2334.879139913849
photo_girafe,2193.9034250422415,2219.083748175442,2116.094259214324,2077.0740730722587,2281.596230225161,2168.3624558097927,2198.87604469156,2320.4142102893456,1961.3708415545912,2259.5846959520395,0.0,2260.3032323393827,2185.8866094144014,2105.883132011088,2296.785737102518,2208.188659160915,2166.629371113483,2201.5812384352303,2077.9205570841905,2220.4160208175267,2154.1227529887105,2184.7161649827676,2308.0641798114466,2140.8050283994467,2346.7187396374907,2402.359612232709,2541.9956261179022,2265.2588645154815,2358.7694615883256,2294.0367857773376,2296.797785469868,2091.9911072382365,2278.244608737845,2306.9771418909763,2081.167134797302,2400.5724337611555,2269.7124132632516,2349.072595142741,2338.7112928016836,2361.9107576725587,2220.7532285365924,2363.6920277174836,2205.9639137221834,2168.3879939040075,2276.591792877068,2141.602026152459,2428.1371158994116,2175.5103416206725,2296.5205429267926,2492.3294063719086,2430.331559680152,2366.0387225951654,2374.8375167959057,2278.8949309405307,2272.839422089569,2286.9380186301532,2614.7097431627512,2311.8255921380864,1991.215190674491,2407.763476749252,2366.00472996246,2483.303358435335,2263.6818827333595,2339.3530585108433,2405.632713545553,2261.287597284901,2123.0148548006773,2220.010853847103,2304.75927767655,2214.3604064888696,2327.36326388033,2232.9267626480987,2444.6331550892874,2390.975384567953,2447.9024538515146,2404.3046821534103,2397.4594379790437,2385.5743894540815,2403.9430334757653,2382.391716116027,2356.554808803156,2367.8029678089956,2393.600750629539,2384.111136718921,2356.7848454601212,2422.417807376461,2353.0824319406265,2400.473338944709,2395.394575834388,2396.1670183225874,2364.204389993659,2438.0745130697114,2397.6130953713305,2373.5797923884843,2474.224062570911,2409.0126458104696
photo_fish,1992.1297862474057,2171.688358980493,1665.6947106966416,2103.387601945601,1960.258758763311,2176.0525172462217,1874.708263199356,2106.2296204082604,1478.3172392137235,1796.6402773740908,2260.3032323393827,0.0,1924.483361935694,1936.8248985691991,2337.220507285137,2004.1731874234579,1885.2793610035249,1261.8644942553053,1513.5854194804574,1201.9405287902355,1743.8765388871866,2213.1208946848096,1634.6932688951179,2185.5154554389346,2177.5573428362923,2094.545913157893,1527.7805331654574,1855.1214828265947,2191.4723062722437,2178.707551257062,2368.8103168626812,2235.4098253203356,1635.4839559243217,2302.1032335113314,2209.5361352099835,1094.5077993951697,1842.211968408613,2039.841514343453,2140.641314840338,2125.7734817148844,1884.1105389153342,1429.5442081068275,1321.3665740653798,1344.624556450199,1365.3545232128129,1502.3220334635423,1540.8961217461435,2224.8316156437654,2459.948826786373,2216.0873166477168,1444.1397035492132,2461.3247306242847,2253.8760022549827,2272.8743550313247,2264.277672821643,2156.386858451592,2132.813560014113,2091.430654428187,2107.23684242399,1235.801071120127,2360.443706003892,2073.95432604383,2158.6584719271136,2150.9247990300223,2078.3659899554787,1464.9930780621398,1701.5790848388558,1473.4578626170457,2138.066206945381,2015.7028898183153,1964.9840630113522,2305.1947472036813,1685.6108325828482,1529.3442511885862,1651.2746269045856,1384.9207428894476,1399.5842477657916,1332.433647142768,1585.4320516703278,1290.4461178571705,1302.5601576734437,1341.1993502575883,1392.5095516886463,1333.8705498749473,1300.2196871112121,1505.6969415445265,1572.1428280607893,1306.4868991314188,1332.167204879947,1682.200754072661,1290.1473587813275,1652.203105422871,1599.892104880538,1302.2038923741868,1434.6177880874416,1547.9771497071101
photo_cherry,1410.9881938232118,1569.5972660303262,1843.3170535765514,1724.3207970381159,1327.991557513411,1809.1774221344092,1278.3478837398757,1613.8935263914655,2039.7631055896752,1942.4256438867974,2185.8866094144014,1924.483361935694,0.0,1173.6659297201932,2137.224207126122,1820.639204450328,1796.6601377873008,2124.4700113249532,2001.4888969191009,1713.2408045030047,1936.0123972014162,1681.6047762627313,1560.43581417532,1707.0576295467426,2070.2337320353845,1880.0563335694007,2369.8735151757833,2116.9900520089395,1643.636886658963,2037.1312524244388,2003.79173279764,1624.7333352550706,2043.6814641997703,2386.7624830274226,1872.7036438465943,2115.202011423814,1904.246242880632,1790.2611892911273,2080.8549758555014,2009.1771938904953,1775.2625808239916,2253.491040492228,1882.5116315398025,1801.511396434521,2244.395402159043,1731.3665566792881,1964.9421274266228,1654.200100709376,2264.811765358535,2288.6307823404068,2278.755977983009,2437.8939820189257,1794.6291790544499,2076.543887891095,1822.318089593398,1894.6868091374472,2126.0727351163355,1931.0514687642878,1915.7707015491405,2316.9561077168833,1814.6544756932942,2029.5851418102384,2142.4033345596545,2066.7351613887736,2089.473825577808,2245.4714750153994,2091.204099525596,1956.1058422163023,1792.9395075585094,1626.7686035367856,2368.682266505898,1846.046148068615,2153.871908913889,2071.503643669491,2111.632039281387,2200.71509036997,2233.4635786168346,2212.4262457540335,2088.931816307691,2182.9005990693004,2148.8990560822144,2297.870988880309,2096.66472425971,2205.6756814958767,2204.6586768906345,2088.998228885434,2077.3973612555574,2201.4487097206857,2195.2700746594182,2103.8661097883955,2191.6833932542895,2138.9317394429418,2104.0491209560805,2207.8649400488466,2334.3440237842838,2118.340098431496
photo_tree,1224.631496207682,1511.0448026564782,1933.141739335328,1740.0822525292233,1458.701554952499,1719.4603471160483,1338.177413062691,1430.8956041194065,2017.9758696015772,2010.8836030057962,2105.883132011088,1936.8248985691991,1173.6659297201932,0.0,1992.4694641626552,1615.2146670827397,1569.4317289382166,2185.043107625408,2130.174328655355,1801.7152949737867,2023.4444703437066,1590.5861955073951,1658.8881491703826,1678.1528068976586,1990.2777979906098,1920.5150187508675,2412.109928212884,2077.5299929565454,1594.7670872366652,1775.325613960296,2000.5769677737226,1499.783245329983,1976.6652153187295,2353.926001109188,1846.4678667636917,2109.8558872237354,1839.8667312518419,1568.3730007055624,1977.8294241009044,1869.551366191831,1580.4239378426919,2278.4573048012808,2022.0792897296753,1902.8404486082604,2181.654444253928,1839.2318618618501,2048.9965453576906,1592.6268842726563,2217.0098660191234,2089.4241161944988,2298.8151653097257,2398.832794456027,1680.5226082960821,1882.8580401325878,1540.4166430862267,1753.944018159198,2030.1174773125406,1953.9523899854153,1955.8070228085624,2280.4997751239625,1653.3007360753036,1899.0658989431804,1965.6339441380064,1911.5287270390213,1965.3610588109036,2258.667432256564,2169.376867548821,2005.4538841306776,1694.0059386769308,1308.5963429963813,2293.21752879255,1772.0607186358027,2103.389289777866,2057.3665693135763,2095.911697853215,2191.4511806158603,2301.3514139443932,2265.9599539092333,2061.3241000764306,2226.6589137669266,2194.1100400572177,2282.695546412649,2114.2031670951314,2262.8720569456978,2241.5190942577683,2082.785693915084,2079.521697527155,2245.2811249578144,2223.762239916417,2059.059317510518,2239.3767222248025,2087.123219047235,2109.348251951649,2229.157620012023,2351.669333755537,2142.1980262996026
photo_flower,1820.879807577549,2341.247241041076,2571.6033360559068,2496.544837322745,1809.9568974894266,1249.3736341817525,1948.271528289727,1516.9657162055146,2377.0384214239953,2681.9025695938867,2296.785737102518,2337.220507285137,2137.224207126122,1992.4694641626552,0.0,1057.394676557895,1412.5951413264006,2495.6583245720985,2477.93627332388,2456.663166451918,2612.594928832656,2542.9984940642075,2354.0002667293734,2441.028611944526,1953.5045240680363,2383.387087299836,2665.8398522684515,2413.1160815087114,1942.0499953838787,1524.581900230849,1750.2259669076375,2000.4004543271685,2226.135835809414,2360.013431545981,1805.4973796351833,2354.553634511005,2260.268040652006,1697.440375334873,1578.0122888057713,1166.0740143432083,1611.8200621232356,2429.2442956303134,2369.022989909464,2479.1875062820527,2114.1210744766454,2429.9727917774776,2309.7454062058177,2165.4226485716817,2087.9986536786,1445.9890225074612,2540.6962450881824,1684.930073459884,1814.3062338227717,1580.1235354697928,1832.4638538263227,1795.8503018695196,1775.265074131367,2256.2145828421144,1865.2556618131628,2411.639654206074,2199.8661108096917,1730.7954999425622,1261.3153306486408,1080.9712244518453,1411.1564597927634,2376.365351460574,2351.6084789548977,2487.2165813848283,1731.184344661978,1978.060550813284,2044.8457897186195,2120.778113367022,2143.3689376635125,2226.542052273766,2188.153631050729,2346.1021780568294,2450.811194850819,2413.6202775998963,2192.406629256833,2390.5312899772325,2371.0197168183468,2419.935283340326,2315.8403048983687,2410.366597778016,2398.7158233288023,2239.455010577387,2197.447645948654,2422.1056583679397,2410.150168584268,2106.488149171272,2415.6019997422063,2139.8433001876433,2221.698663273441,2389.3257334345544,2477.5883921646955,2266.782191690212
photo_carrot,1590.3053908859124,2210.7856848805463,2370.8954713451076,2335.3057634422526,1565.7641575430537,1174.0605974874607,1707.826894809904,1242.1984490693976,2094.1928745215305,2482.8241170619285,2208.188659160915,2004.1731874234579,1820.639204450328,1615.2146670827397,1057.394676557895,0.0,882.7411398207012,2199.1153075136062,2306.4340125999306,2189.662315390412,2430.037262245438,2371.057537236798,1964.9475261209614,2286.5564165942055,1781.5647467721021,2243.3067755238994,2416.453345029259,2244.1995499616887,1601.836433899303,1134.5765556971926,1727.0903745188496,1783.7054441405803,1950.9213022220595,2278.390309948869,1531.418149230277,2052.7900567373313,2057.1993098665253,1186.5432653436378,1486.6515176437358,617.5881399022376,1137.606769232072,2142.058265502093,2114.3726023380386,2227.7139252556344,1845.5152812326176,2175.1651929016375,1955.353925109301,1949.7688747328157,2187.526933717757,1302.2609794212556,2225.8950981865178,1868.343230809337,1519.7849985593618,1382.037985407101,1652.4478433650888,1457.4933015512206,1417.6543385331458,2073.089931915525,1674.729789722847,2195.2577138685338,1793.5377021083566,1273.626115667721,1125.8848932881394,670.4590886971968,916.6083722723602,2075.618054504677,2214.070048180597,2232.8070484995797,1726.7360980182523,1674.292404406838,1952.6218209847905,1952.4816963329818,1764.6264616364049,1867.0544488531402,1828.9845207655753,2022.486100977861,2146.9941840458896,2104.30286422766,1816.4006076050216,2068.5249175156573,2052.4980511327167,2096.651778673391,1976.2457075803684,2098.406568123569,2087.388628875239,1886.1412362059668,1847.2033390370655,2108.4142439631933,2080.2934004501612,1728.7242634478148,2097.2083748280475,1754.4506469733642,1870.2908692475376,2069.5326769781886,2174.024066203842,1924.5259010358452
photo_watch,1574.6078310258538,2156.994054921155,2300.617979509702,2290.276730659693,1641.6320922045034,1294.1766469233053,1692.3561046786415,1290.6323481816612,1940.5924842065563,2395.9910444423567,2166.629371113483,1885.2793610035249,1796.6601377873008,1569.4317289382166,1412.5951413264006,882.7411398207012,0.0,2102.0238817155837,2289.6967207401417,2100.052841615082,2380.5562843663533,2317.5479904310073,1880.6286043429802,2211.07300344243,1763.1065128041255,2195.5594698471627,2327.186189283559,2241.609914390359,1636.6260914294003,1275.393247934466,1789.4794459947486,1725.535403155133,1837.1372244580268,2377.9177028906847,1580.8095954548558,1963.3653308705118,2073.856980844515,1222.7944745053962,1562.4557497256828,1062.2138953751578,987.479688616836,2062.658792263546,2085.9960962818577,2175.536305645958,1801.042511924054,2105.5799405071584,1845.5283112025768,1848.7303023299344,2266.3394918767567,1453.1242940765326,2115.559415999347,1984.3012037215105,1625.1762181496633,1535.9686893662863,1628.0790358604927,1404.9554453436508,1481.4474950764497,2138.5610793273,1757.8115958509297,2135.1774270056867,1801.1187236248181,1396.1888954899157,1296.6226061296531,1184.444390324717,1094.9096358749798,1989.1940200178467,2242.4978608045744,2148.2937115097866,1805.6722676894947,1636.9729427999946,2083.232711438492,1872.6350476405134,1639.672882415338,1743.708003573752,1711.027523010554,1916.459305082425,2058.476553482934,2006.7763378843429,1687.568064598975,1971.3716706002092,1949.3001245737155,1982.4094319882433,1856.5759000177839,2000.9670769208712,1994.5051739738599,1770.4713977320782,1733.7157813841927,2010.0895082976974,1964.490979811966,1583.8393266072467,1994.6220182964294,1634.0757949708168,1752.0172085926001,1968.7010374728964,2081.021633283283,1811.1551898858438
photo_key,2316.3281108307992,2404.583646462305,1937.232643200795,2318.594340746873,2291.1434436815734,2413.065298084767,2266.711995598525,2396.709969637877,1399.010701866865,2049.418707285862,2201.5812384352303,1261.8644942553053,2124.4700113249532,2185.043107625408,2495.6583245720985,2199.1153075136062,2102.0238817155837,0.0,1617.5980891866363,1589.1329583678046,2044.0421105658704,2486.3561511535167,1922.9753090353515,2479.3490788393847,2352.749312321912,2159.184673979972,1263.3067911419455,2108.2052793325433,2456.6626326181877,2365.9093796213206,2424.7470213758897,2381.436736872669,1706.0332469916277,2392.5765767839202,2358.380360325817,1445.6358048766972,2082.512851688879,2325.483038190018,2277.5074724219708,2264.8572074264393,2142.2284508046696,765.1624876779715,1626.2847403789674,1548.205426689299,1486.2115800806025,1715.4816218046756,1549.4256375079283,2417.563032599813,2407.466353722203,2309.6344389354113,1076.347972586012,2456.887841185638,2471.811308609083,2419.6098336652576,2390.1814938679663,2228.5811925716703,2108.393417152658,2208.678055059241,2144.9732349880774,1461.942163568599,2410.680009520799,2252.6639390226583,2222.132571451807,2217.4384972885587,2126.122422687464,822.8983122487302,1662.1345437284153,1621.015274805625,2182.562280805182,2165.383042831889,2035.0163334146475,2365.4025231231853,1586.7349510070744,1415.830807652522,1507.9971425633587,1170.2743036627808,958.7099043113576,963.7021728735982,1485.1839298174505,1001.0818016018304,974.708880173072,1132.8171592579704,1240.030698488894,987.1568404536877,941.6809305511558,1391.244725126185,1392.2027472249881,990.9640435012625,1051.634657066114,1637.278409666938,952.1846758588923,1569.6745143120106,1393.3778251500567,1013.1215280152612,1171.6553839125904,1344.901426223785
photo_truck,2173.039255172743,2146.5460784638494,1522.6193211096283,1989.8392089326965,2175.493011736886,2389.4597225530306,2093.936829225559,2364.1590861739073,1736.5424252987864,1738.7243849634342,2077.9205570841905,1513.5854194804574,2001.4888969191009,2130.174328655355,2477.93627332388,2306.4340125999306,2289.6967207401417,1617.5980891866363,0.0,1365.9868644849746,1532.56982625684,2146.576547497288,1787.5085740455775,2107.219062009324,2234.1658486956226,2168.598554959088,2012.7081785446562,1870.5132785578617,2459.821654127213,2353.6587286168333,2383.042712968041,2356.6311328286974,1976.7337786811265,2399.927419413002,2497.9859585261574,1841.219294013398,2106.6974155540775,2348.33843562893,2328.171875313113,2427.2763469067395,2298.685903332711,1962.8062331190856,1228.788547500357,1311.2706085885052,1973.2564860206592,1422.8663945808826,1922.868051117067,2238.550012340425,2216.1609988965706,2487.574492427054,2057.8306774512203,2470.508376481175,2332.7698466329707,2443.2023439699174,2453.626434179433,2401.6652002536757,2475.42095775431,2227.246277398643,2341.506578727049,1783.577521208297,2451.360816487478,2302.5058736353903,2380.2341642746437,2416.477663202359,2447.22845701634,1953.091307060532,1189.9922028074582,1404.4419060073,2289.5382839801396,2219.3007297225226,2194.1556210084686,2332.218764374626,2271.4344884312823,2156.1212875852166,2225.476987897898,2078.037521734395,1912.7940882380758,1921.0655035054237,2198.914807726134,1917.11183163515,1952.8680964864575,2022.9012711409075,2106.865363707555,1920.3469376268706,1926.1863840689039,2175.0284057508943,2139.3986326383506,1974.815090026225,2039.9326290635336,2258.416294922864,1912.032396093177,2253.071793704239,2171.5372562201924,1999.604683118164,2066.033752609589,2160.545942385009
photo_velo,1893.0450333761394,1987.785329278993,1490.7435333609158,1869.8568938308024,1928.9193089542553,2262.4528242721385,1820.9096229689792,2155.093941677461,1584.7143258427914,1592.8290550859099,2220.4160208175267,1201.9405287902355,1713.2408045030047,1801.7152949737867,2456.663166451918,2189.662315390412,2100.052841615082,1589.1329583678046,1365.9868644849746,0.0,1539.4468237409774,1985.444533900482,1410.8031214891457,1970.9677393208135,2052.7107518831112,2072.7437661343265,1976.5731608579588,1821.6839382554049,2188.4255217055443,2294.256713962757,2424.7706130241545,2225.79939761816,1756.8311175953565,2368.8203731105327,2373.6628854515952,1527.0374411049397,1819.6021004349022,2100.3714928158956,2277.184154599625,2359.8837009697927,2066.490171898852,1863.2960751618143,1255.8344759919617,953.6232179250962,1847.2134874806122,1343.379462226716,1721.1076345831675,2027.383304160604,2400.784992740375,2458.7932300623393,1900.3746911781666,2560.785584324224,2159.1438001585543,2336.0176000626307,2205.29260796875,2291.4503325092533,2356.0228842906818,2222.2204779059716,2281.1118933008092,1756.4779377729508,2333.032264716643,2207.536390384181,2278.6065449516004,2367.7732360600044,2357.508732186334,1879.9542930723537,1620.8827489936261,1060.0249645417339,2136.804158037225,1971.7128424804096,2006.6467702210136,2195.2527684301576,2056.438709204934,1921.7625452764198,2012.3662028036738,1839.7821087593104,1814.8081275638424,1781.6094159865934,1975.4742586405027,1720.2005567317474,1752.0558571894724,1838.7641872553772,1826.2944521336508,1779.9242045862813,1746.378529887909,1908.5139880240522,1954.3907811974027,1763.2864460600802,1790.8397000624343,2041.4179501208341,1737.5931011626988,2024.817716280255,1980.3695806866724,1777.5651825964944,1908.084171237766,1933.5266512789926
photo_road,1959.6781063345377,1713.0583270102663,649.8800849371474,1382.1753043273686,2183.213350885863,2390.6791384538865,1868.0146120575318,2298.8380986565453,1851.0877154448287,1361.7217980432808,2154.1227529887105,1743.8765388871866,1936.0123972014162,2023.4444703437066,2612.594928832656,2430.037262245438,2380.5562843663533,2044.0421105658704,1532.56982625684,1539.4468237409774,0.0,1684.2985971081446,1754.1563600119046,1686.1262551396164,2381.4245924085153,2159.8693862789137,2465.0455178634907,1759.2654872803982,2460.123381308565,2470.026160091986,2555.396808050089,2325.801183017526,2079.6430131447178,2190.8540717607875,2628.2561237586588,2229.8953476803117,1920.9638173376936,2436.674045047823,2381.5658738047496,2617.7739266815556,2412.23131847711,2347.878488303848,1868.8265936013024,1576.4774861815415,2216.9196942354656,1261.5849526541201,2396.475132352802,2245.4142372246292,2284.8368512798093,2771.9073182389043,2426.262209243849,2799.7203459976095,2419.5982786653085,2584.8588507189097,2462.111208873922,2599.163110637497,2707.816311664537,2054.627525231129,2591.4684628878604,2231.560520307376,2547.1868239820647,2617.836783414845,2552.366978109063,2644.120294932267,2677.299301952672,2371.673809198505,1980.0592974345916,1796.687346706326,2435.3453496817897,2259.710499854996,2457.155127595833,2466.893023448572,2613.037619247629,2504.122303247728,2592.0187985631997,2370.405865574486,2352.9922170525997,2327.839596998761,2554.2326911528953,2315.606156948548,2343.748727118373,2313.653274912898,2436.841275013651,2307.599270177505,2308.8725215567297,2514.8643730417216,2520.4449732412772,2345.8431167033436,2374.800895451095,2596.31627204196,2302.2300854174287,2584.720696152349,2552.702183728517,2345.597603816452,2396.098232745796,2530.843985086794
