,1610555604.25mOvVXuL01OCiReyVWBfesjuvXmB3MoPy,1610555605.43B6oDsBtWRQ29Q9UMQuTUEPZy3FSSWXzc,1610555610.92HPGJJSmyPM40z7otPBgHalNrHFA7zk5d,1610555606.68LaSQbm9EHAFycEfFtEqAwYqlBsQPjIRW,1610555617.19EKxMEwDHfXiEJZc27TsGoERaD6Da4BZU,1610555722.52PJ3FD50MGhRXyUD28vluU8Z9UjLJLZn4,1610555617.52Ijr5puT55g9apK8auM7zaxa3NANg502t,1610555638.77ZLjTLkz4jYJdFMI2wWBztzsDILkoOtAk,1610556912.46C7tJPLF0XfNnm8f1820X9aLmXMHoc0Dw,1610555617.51LjzIROg0aeCP2GhDcAVQ0LipKJB9jmKc,1610555608.17OpjjHobqRkX0UPcaXrbu7K6L3805SZri,1610555721.82zWeNZfGUUfRJkgnAwlP8VMhPzXctnSd4,1610555735.75bom85BDF0C7W2eIseHeMxi24qR68nzMi,1610555735.77NnT5xqKnwcf2BbjIekeb2arTQj6QMNwk,1610555638.33wjf1PhdNaoWfbRzXVn50hmFyB5bYAiLV,1610555606.65jCE4ig8Pu8kvAzkxnSGfWsV0nQBjCf8H,1610555608.18ONsBCVo1i7BrX0XG9stct4oiA6ejX9Oz,1610555721.51RNoQUMP19FTMS79BmA3JkgSm2IC2AQuQ,1610555971.86O0cHB2ibBJ8jxoObg01EpGe8VVV5mpwn,1610556911.51zU3duZSGpcw1BDNsBLxdOCITAXwl6z3i,1610555988.71dMoYT8250UHHJGxgmITTmbHe7V6gH1yU,1610556042.81mlUZsSp7gbGjrp8jQSnybT1gPy6e62o1,1610555637.02UBW5nKvDyUrKnaWcYRGajZPxTRDS0q3N,1610555619.13oUYNikU4facCTpUSiSLr0vPI0tJLnXiT,1610555721.03nzkucfjAUh31zTbmCVvTVYqtjoxZFnBh,1610555722.67fhKURdXVzRbLIjXmjRwdJHTnE7PWb1AE,1610555638.39J2ZWBLuLTHP0jOlzB4tNHmYeijH5g5YJ,1610556032.17Q6yCDx9g7alRnL9jBFXD2JhhUyB2hKfJ,1610557007.49MyVgDnuUuBxrvL6SGOdhKf69VYlW1MSm,1610555638.44hjT5hbYdKoE3MB6hijrjqbjmLgvCUYKD,1610555608.13zUvmFSCRt6SsLbhqFznMEvGx54GPGQzM,1610556038.62a5C4ynd1AARyAhTv8a58NCqHvXRjscqH,1610555644.45Xse8u7pusHNsd7F3d0A32HXvXr6weOJE,1610556038.62gKXOCG7XCn55eJvyl5voNjbwOW0znQDq,1610555987.13v0oleKK97pkesp6oMgprH8SoSdoDVdIO,1610556964.96ZLLeiQW0qpmxhPGTg7K03fmzkqsC2bjC,1610555987.13VQlEedQ50VvkPMEMzZDv3KNnQCewykN9,1610555982.186TY6MMGkDecIN1woW6vsfAMXVV7jnyjO,1610555982.673LuMndkwkvdmZOn0MmE2Pkidx0FtNalb,1610555733.38zItcuH7gHNfKdALR2d9Nek6bxCyw36Vm,1610556034.15BQxSbZINGCay0yp6RBVlgcPrw76Yn9ON,1610555639.37BPZpgtGml8qUsh9AdV4m32jPLfI2aNFq,1610556965.57S0adAalhWYe6K3bkZU0bRHbqnDK8gGkR,1610555983.54zteLPCMjyrjzPdhHhlZr3faCgD0TfYr3,1610555987.79rHnNRmt9a0ufmnwCvZqBouyUoZDNpylW,1610556960.041xWER61rmArlsKfiMl4frikWmUCnQ7op,1610556035.13a7NHZDutfTMJ88qle1gTYY59Dr4WmMsj,1610556890.456ZBDaY16bMtrTZTqAgHl3wq1tRxzqDow,1610555760.24e6890pkbyZ97Or6croI1rQgjkSsR0yVt,1610556043.02YpWMIJg3W004iqlPyv8OcVAZdSC5rNYw,1610555987.03z05P26TLtONYM1HSzupoc2CeNMa6HTqr,1610556032.15OYCzUxpsz7b10AXBAuDXrvEcvxFhf0M7,1610556032.63Z80yI9pNwS3jSmsDABbuhf8wkNa2Ze9y,1610555736.28eGuESasTXdR3SqY6pHhEXWZtcdciYLCO,1610556034.61bebeZA0MkaFG2sm3VKiqrxeqQginTTW0,1610556944.5XwXOphKYT3ZkWA8gViqOS97VHVuMVUqb,1610556944.745UVLFBzf7fPh4UH37I6tYQOFPqRDytEh,1610556034.63XsUwaFaPZevO1JNFjfhvY4aKNFnV4noV,1610556964.89xwBHw9faT1HjQRMNQEyA4qJ3hWkwgj3k,1610556966.74DydzH91jtyvRyYau47JpVkZoMRSNTt01,1610555740.77UueVziDbaXyRR4OcVJIIZyzOfAzN51bj,1610556046.84e3vwjyRCzqz0wJQhrk8zsxlFfFSv98Df,1610556137.99eoPuVrDThKAOvmeprLPb2FWRqIhzUodc,1610555740.73XFwSrmTXJPlaxGZSefh0jOVA8PI3III1,1610556123.88AOfNaz9jSnqU5Czc7okOv1RCrYfKFBTo,1610556046.85nB7NvyoYQeLcOV391Lmmut1wAM8CFGLw,1610556123.89H4pdIAzDthI7bMXMhlIhKUYIQIvtmPPQ,1610555740.87GOYQUJKpkynIS2lFqppYK4b32ol7NeGh
1610555604.25mOvVXuL01OCiReyVWBfesjuvXmB3MoPy,0.0,69.46325510238566,48.94224392295468,70.62780725420006,58.32991566933413,65.48148267057303,59.33189680411122,51.14863091245872,54.17083910418477,68.80959760575429,75.88210571057192,73.13714066965413,74.49753738117447,59.49155467362587,73.76838135083506,68.82389398584837,74.00710053027548,72.25069955261492,64.63647052502341,68.13826528071492,76.0994177787831,80.50672834316637,64.75097756597873,50.39474224289915,71.24525200410778,68.25724421233365,58.40682192041398,72.97450732815544,79.087228622844,61.81808312978024,67.03041914413741,60.25079374521381,74.59175207238842,72.97074496639208,73.97896571433846,72.11112120289995,71.43143496038392,70.97505317256798,74.75009572622399,74.08010545245745,72.66647386385543,73.68802542851463,70.08149732761179,71.276554245127,74.20714060015989,73.57510838739063,72.56644891793785,64.66209079846682,67.17537387808325,77.3663106794545,67.28028802263701,63.31365070845652,71.64041143823601,77.72588190554194,66.23988292339214,69.33962570248039,72.61176459330214,71.4663311392801,65.88002752435312,68.94449212536357,74.98138234650064,77.05322465663836,71.47367515181253,72.20473064311096,72.0751767956537,75.62307220319126,74.08927002722442,75.00119716212653
1610555605.43B6oDsBtWRQ29Q9UMQuTUEPZy3FSSWXzc,69.46325510238566,0.0,73.46082411146791,60.99354175008911,71.76522969845183,70.02368805131283,67.81967343042172,72.17760811290358,73.54688401511386,64.99459303268738,67.16559523982332,63.46658340673485,60.29054037180046,76.11959760009202,64.68588782450675,63.47620932365618,64.7790754820643,56.7461662956393,71.33469848143238,67.23713296958199,68.55713056264693,73.74957519421014,71.51167619138177,71.71994412121305,69.55392458801829,71.32574609425791,70.43034337099934,66.40424710410336,70.14457517425583,70.37321894821986,64.03590394651569,66.12443685186311,62.42753047501233,63.57216086157308,68.28202405105661,66.00001675566635,66.79195095872852,62.50493630210253,61.73187240819319,70.18011564028977,64.16341763906485,63.85669429798087,64.24169133083345,62.73187600108058,63.31433502682083,61.252740304808704,69.68226161119028,70.76968852429951,63.11545143249426,72.3509887596895,64.38684228133245,69.86506948665362,65.45166903700951,70.39191372369295,64.5410330121076,71.74124631496095,69.05263283666241,66.7533412770995,66.10088378540537,69.58051407459813,68.04762003445128,70.16571271830485,61.55061891287094,64.73066793554263,65.48898903925341,67.53636062372547,69.05938526037214,67.90809033366376
1610555610.92HPGJJSmyPM40z7otPBgHalNrHFA7zk5d,48.94224392295468,73.46082411146791,0.0,74.92964383389491,64.5230117687595,69.4123950480486,61.31136640832016,48.774848623326754,60.77118510571786,72.94441369506995,78.80293950739511,75.43147623380955,78.0620912906426,62.60016466958216,77.19891736181668,73.55001290038715,76.6203207861231,75.09124306684407,68.82059293127134,72.90762959999762,78.65326744373063,83.08926723193362,69.26596585448215,46.26879464356995,74.69768696697486,71.78767282475745,64.27137676638932,76.02081720483852,82.31165012269395,64.60026233897273,71.37928947828955,64.59884567275499,78.35094374073108,76.32523474367633,77.141999305862,75.14403879043401,75.24562326694416,74.77581524670529,78.10266058266032,76.81624257128786,76.0477752774771,76.99847523613927,73.25926241108374,73.863988601071,77.39006940766231,76.89860209728073,75.79919172553504,69.16294611884892,70.97988964913235,80.09794615175636,71.50435634264423,68.50284133847335,75.02978101926463,80.26132333690613,70.61776890958433,73.07104577043792,75.17110596757664,75.11071771023653,70.02071195504197,72.4311615184386,77.8241486801473,80.01204651471603,75.10248133666711,75.30532193453126,75.78207554843021,78.35934445996166,77.21540331943807,77.6949305742357
1610555606.68LaSQbm9EHAFycEfFtEqAwYqlBsQPjIRW,70.62780725420006,60.99354175008911,74.92964383389491,0.0,72.91000615709778,68.99577276068014,69.70580317117258,73.41281954543675,74.2289253473864,68.52427342250827,62.965499045499264,64.38054163014303,68.82592503865618,77.74383933314785,67.71236734164702,63.58843206236855,64.81584002386649,63.42172182851513,70.1758725745801,67.12853212002184,66.45607004222377,74.12511526849804,72.0539910366312,72.98337611116528,71.04267696114721,71.2582073966347,70.86203695337973,64.3155267487564,68.53938932700395,71.21575246539828,65.72226953193339,69.33316807338146,68.96515585192516,65.5472295536788,65.6550920931787,60.694115213291006,65.2678861777711,63.29181968422444,65.80795782188818,68.92260112213793,59.636388148001735,63.676169307454394,60.01531836034873,59.07537585641039,63.24366895615521,61.36229025263394,70.38605957987389,71.07447586949606,66.65136252645445,73.44803549629184,61.52802984459503,67.61609895423219,67.68843175413889,70.91843006182579,64.72721975658071,70.82346219477029,67.67169015640972,66.18770363006676,64.03739664423198,69.34172495982416,67.40474471147034,70.58117387604219,64.9412102152636,68.01841966786361,67.29962595659754,69.30307427417851,69.26895405458365,66.80213005279852
1610555617.19EKxMEwDHfXiEJZc27TsGoERaD6Da4BZU,58.32991566933413,71.76522969845183,64.5230117687595,72.91000615709778,0.0,64.52198380397465,61.53475605130219,63.783914715701385,54.51536578966177,70.76822853522009,77.39779256882223,74.28824655650995,76.76815422003881,67.56583213757928,75.11237467241843,70.38643559714497,76.08978218231366,73.27761642668099,62.35053807391636,69.30985319715397,76.98777071299968,82.83760682596132,61.273069719005996,63.22605114552517,70.56532311775439,67.10160510059865,56.74975228062952,74.63047005145278,80.39267596012778,64.39695815949007,67.83580734355155,61.448791626709564,76.3404163768876,73.86235449516181,74.43677803190612,73.23844234062878,70.60967084123082,71.4383506825631,75.52218689200882,75.8945165761584,72.23693166934204,75.60772915814151,71.24186551082029,72.63964829969345,75.26274948531568,75.86213897388663,72.6462584403644,67.19190213103661,67.85586865019698,78.9892581276164,69.85475883250058,64.61618094611296,73.73801032159054,79.82721658285523,68.75169436437368,66.79731464325658,72.77014345103245,73.60598535846853,68.4918359129924,68.60257466057135,76.91569159189525,79.37870498859819,72.24787306572037,74.21948633100033,72.52984699019915,77.92529146001533,76.54687586198668,76.57225814280677
1610555722.52PJ3FD50MGhRXyUD28vluU8Z9UjLJLZn4,65.48148267057303,70.02368805131283,69.4123950480486,68.99577276068014,64.52198380397465,0.0,66.91755264267985,68.7702689541593,66.74379749982332,72.06646774275916,72.84345324258257,73.12875821127025,75.36058103311943,72.6560738585941,73.75383526552612,71.10633047709901,72.35639917084748,71.6708818024515,50.562397047137615,71.97394183051743,74.01113534325935,80.207965077534,62.75534716576368,68.46525028400089,69.3386229319507,49.75378639756977,64.24003843694477,72.31997857086036,75.71775165944993,65.92645276665922,69.90175153850916,62.927453833966155,75.81355200910514,72.99162476697379,72.32531030414435,70.30543021588561,70.97770166963143,71.02733417202617,73.06782002288125,73.33796794943595,72.72744235289409,73.62272455744605,69.12662896725506,68.85172053002238,71.99464267177534,70.31593724433982,70.92415699113364,66.14922168521177,70.34514007196525,77.26985128094034,66.85770451189336,62.81997981646446,71.68088881229674,77.8137470467778,70.94462625888569,63.32440943160094,69.58359609582423,72.65185478018034,66.25404615046988,62.58821715379955,73.7102336377604,76.96644071952979,73.63975320610777,71.71707263829738,73.74580598374749,75.51788955971728,73.87680798482508,72.89015761509724
1610555617.52Ijr5puT55g9apK8auM7zaxa3NANg502t,59.33189680411122,67.81967343042172,61.31136640832016,69.70580317117258,61.53475605130219,66.91755264267985,0.0,61.44776030239965,62.01105901158547,69.4644364073826,73.50825320715192,70.92861241524952,73.40850782073832,61.301171840812614,70.65659101417127,69.84232216818887,71.5370317447918,68.6591192366795,65.3879140413924,71.27300487530938,74.80403316735746,78.0313431325847,67.50352545972501,61.424904301928336,70.3541781504813,68.46886754531889,63.09670631633982,71.97608088740638,77.53845294264079,58.36749329907864,68.66587969890189,59.17750893189217,74.52719366949262,72.1919753720183,73.49985215229215,70.16393991792903,71.70236176832788,71.18794359661116,72.97529966178078,72.42744971071043,70.53954451689145,71.45977781193467,68.86759009629823,69.80309395369042,71.61284078844332,72.27511453934565,72.28252929082534,66.70597858571911,65.76052933604426,75.23437812554016,68.03945130727122,65.16478677092967,70.50417958903421,76.08292602445029,68.06160710980359,69.67118844184269,71.28204726578467,70.43644160357854,68.27313650527363,66.55903424568724,73.01078065851297,75.38688018014396,70.12950610616538,69.6559146530684,70.7036417451117,73.03177224936378,72.64701108373657,73.49452590355298
1610555638.77ZLjTLkz4jYJdFMI2wWBztzsDILkoOtAk,51.14863091245872,72.17760811290358,48.774848623326754,73.41281954543675,63.783914715701385,68.7702689541593,61.44776030239965,0.0,60.69915967127619,72.06260910073401,77.2930568488689,74.54104700132193,76.86627473086644,58.98115994731478,75.61855550362526,72.84277834567008,75.35025780897949,73.85456446748155,68.39618511683159,71.9043106758241,77.63468341358477,80.92958542595389,68.79946383489781,32.89212139681383,73.82506488983458,70.48068782895214,63.660292018387544,74.94738929374628,80.6318787635109,64.85809878205978,70.07472766086443,64.03720641775318,77.42135923721227,75.2690244477317,75.55371883932646,73.72652580265134,73.50492330748187,73.86826632612917,76.95316939648492,75.65951131704837,74.4556619351357,75.45880413701859,71.80844093000886,72.34993111306952,75.63017365941778,75.65275444366773,74.6695477107854,68.58591519078499,69.77753743967403,79.29032860979852,70.47790343546562,67.35307774524215,73.2442280147698,79.11965627388918,69.65706746504259,72.43852739834361,74.41929824937597,74.09275960563092,69.29166429403797,71.45821250914507,76.66984540528216,78.27854658228217,73.65079499997948,73.89284256783486,74.65716425230588,76.60364143685098,76.54842147424377,76.61796345253103
1610556912.46C7tJPLF0XfNnm8f1820X9aLmXMHoc0Dw,54.17083910418477,73.54688401511386,60.77118510571786,74.2289253473864,54.51536578966177,66.74379749982332,62.01105901158547,60.69915967127619,0.0,72.82708148007964,78.6459991880617,74.86602164393315,78.87874427207012,64.2920236484198,76.6437219915208,71.33459167620309,76.87256493192781,74.52075227319293,63.63436843823981,69.75034886020043,77.4951736545035,83.69082233399654,66.54013072975323,59.80549813437623,73.17548487641989,69.0820985373082,59.61373934616274,75.30636021131178,81.25949914034096,65.80912237300643,70.12764945220923,63.15271324696486,78.87194950177636,75.02194562221815,75.08876139278568,73.50602919860502,72.22437460587254,72.91799509505806,77.12417150327677,76.42926694306409,74.72206765073521,76.34429180421866,72.3700881303449,73.59621216673517,76.69963043949738,76.75910472599881,73.50665469101746,66.31729020068317,69.83085695149808,80.01890965109197,69.57059150804118,65.41259269483662,74.72348218285208,80.85143443972886,70.37230456910011,69.44894843178474,74.22478840987128,74.02268297888222,67.74459184584583,70.27646811683817,77.97909880405776,80.71538341424375,73.54377918575017,75.42017635642401,74.5306528284598,78.75112576403926,76.87253953855047,77.92760107744627
1610555617.51LjzIROg0aeCP2GhDcAVQ0LipKJB9jmKc,68.80959760575429,64.99459303268738,72.94441369506995,68.52427342250827,70.76822853522009,72.06646774275916,69.4644364073826,72.06260910073401,72.82708148007964,0.0,73.79277729137904,70.80941326356142,63.020201852102396,76.1355085293496,72.46675574548762,68.26233090443971,71.78005010636272,68.48782336754209,72.86730540531455,68.2917123670445,74.76342683724204,79.0808440228479,71.22210580768419,71.42404274094531,72.29273396021702,72.99614250669043,68.16145515770735,72.29530295558745,75.83914481678521,71.83891791885671,65.15552609004284,69.03868365350539,55.18540588375463,68.79988407593171,72.33858708467673,71.69637423379928,70.34410301791736,66.92453265864636,71.3226036736949,72.58565895428356,69.51754414163732,71.70635732460488,67.72595719154278,69.74743082002895,72.2850141620578,71.68182220126177,70.25505402729279,69.4094845025054,49.33045236080793,75.88960709673404,67.53213834174849,69.589599642474,67.71804517223863,75.29107693486297,67.00917920209446,72.69005078784838,72.91932516212141,71.29052609769766,68.30634540174515,72.91242852527095,73.02428832802234,74.78920118125343,66.90071514315221,71.5153624248737,64.77721727473856,73.47211487140557,73.50068810654565,73.0192304693521
1610555608.17OpjjHobqRkX0UPcaXrbu7K6L3805SZri,75.88210571057192,67.16559523982332,78.80293950739511,62.965499045499264,77.39779256882223,72.84345324258257,73.50825320715192,77.2930568488689,78.6459991880617,73.79277729137904,0.0,69.94608813635298,73.59393214540897,81.78449488342544,70.55736568232356,72.1523786513888,50.312304757803346,66.59556647767045,74.68166590120559,74.52885042871449,68.30322832451499,75.23586954160938,76.70195126650562,77.04004077489054,75.01180759687753,71.72126913160916,76.12777334505665,70.45160811418324,72.86238632457153,75.58543856411896,71.79585452908134,72.88484075557265,74.13352188735536,72.2035377639996,71.90381886591678,65.13718516267643,72.1858798094506,71.06819498491241,72.16465760799662,71.7993648838991,70.42346909508954,64.6139035414443,66.40059297331084,66.7828169956862,66.52120412700246,61.55168009374169,74.8417651833214,75.30821836368173,71.61890220441752,74.26497945495383,70.18837223113968,73.88885331282977,71.72794161732786,73.05275574674394,72.08368612891985,75.17577704852467,69.99017642705064,73.82070481995198,71.70632366688187,73.74688551294278,68.4485296332755,72.77162456370617,71.79558063243272,69.38397068359279,73.63879885648349,69.60830970492046,71.54875661580624,69.32916911223657
1610555721.82zWeNZfGUUfRJkgnAwlP8VMhPzXctnSd4,73.13714066965413,63.46658340673485,75.43147623380955,64.38054163014303,74.28824655650995,73.12875821127025,70.92861241524952,74.54104700132193,74.86602164393315,70.80941326356142,69.94608813635298,0.0,71.91001191813095,78.47967054152927,68.69643381465357,64.89058537037069,67.7877895376068,65.19374038045396,73.68082606027487,65.95386729890951,56.30747854531235,73.84325732351368,74.57147697955068,74.18539800461774,71.51823553421688,73.49299421411105,72.4392794303223,60.667836874499876,71.31666737847672,73.88485797276661,69.11117685073734,70.4569450668109,71.7838841539082,67.07282615894515,64.99245890821044,62.50415737001396,67.2485200522613,66.45547214161161,69.18562181076253,72.32820375021339,65.17576792476734,63.21833034725882,65.18732298584438,59.68061428842034,67.9321378129829,68.20012377084569,71.69323981336194,72.30017055176936,68.25279581693799,73.88528027697934,61.28826758446647,71.70457689769452,69.87378193599528,72.2373612638499,66.61813518290617,72.85920550044375,71.47008152098779,64.16402712718475,65.69458822232642,72.27965871304305,70.33253152183661,72.20261086129139,65.53657241269867,68.84509902189872,69.10685498869647,70.19220316523186,69.85926873862488,70.69261763414525
1610555735.75bom85BDF0C7W2eIseHeMxi24qR68nzMi,74.49753738117447,60.29054037180046,78.0620912906426,68.82592503865618,76.76815422003881,75.36058103311943,73.40850782073832,76.86627473086644,78.87874427207012,63.020201852102396,73.59393214540897,71.91001191813095,0.0,80.5292910372758,72.07512058152328,70.74830695725906,71.31410794895837,66.79144053749891,77.06855158243383,72.25751756464251,75.11640322804091,78.94877215653605,76.12376924466668,76.51297322018544,76.21270341207824,76.15502178512273,74.60815606185028,72.74289349402956,75.13851137486188,75.23946860530843,68.05350774787298,72.78933780113209,45.777522603653516,69.14957369999202,74.04243194901841,72.57286410284482,72.53379846477583,68.37330212433274,71.30417193040178,73.4646085552205,70.43152876486216,71.35083538322303,69.51075297781777,69.56186002816104,71.40996974280314,69.95875065656202,73.95445985578374,75.19106509829531,65.70162675458229,77.45311542787051,70.3569439566122,74.53302024551827,68.72162075477377,75.01452480385537,69.70965538735547,77.34107165690328,75.4181234255422,73.01796897460329,71.84426795254497,75.89941024950691,73.01965401973182,74.09976983828179,67.58935664362313,71.75681726601573,70.1314843128051,72.49265142182067,75.05040998997237,73.2398873526525
1610555735.77NnT5xqKnwcf2BbjIekeb2arTQj6QMNwk,59.49155467362587,76.11959760009202,62.60016466958216,77.74383933314785,67.56583213757928,72.6560738585941,61.301171840812614,58.98115994731478,64.2920236484198,76.1355085293496,81.78449488342544,78.47967054152927,80.5292910372758,0.0,79.31189881803395,75.91481161396904,79.7988051066802,78.2892515451441,72.59624905788215,75.08651307447954,81.3209810034184,83.27342493193937,73.9465105642488,61.867708435437436,78.03198778830927,74.5196184698914,68.2878816300033,78.9646179503262,84.96961789653858,68.60685212959041,74.60438855430293,68.10321051995268,81.06389290779511,79.59685963573499,79.92109830815753,78.21699155497856,77.81585397366466,77.9372531343863,81.61122936556607,80.20847882340658,78.67598224262507,79.25230111431003,76.15416804335236,76.57968414103964,80.11737514424573,79.69564747075594,79.15861945544482,72.93750567738104,74.32891307723395,83.0205420726453,74.31954178923263,71.88412209382,78.0990332087793,83.41602769255873,73.19907059092046,76.25342271324838,78.9104389330757,77.23712767472936,74.01525074305326,75.22613058171184,80.64740983936787,82.1565790969505,78.10406584126169,77.01567764809167,79.14071186155074,80.20826863448009,80.69651155412008,80.73126437037556
1610555638.33wjf1PhdNaoWfbRzXVn50hmFyB5bYAiLV,73.76838135083506,64.68588782450675,77.19891736181668,67.71236734164702,75.11237467241843,73.75383526552612,70.65659101417127,75.61855550362526,76.6437219915208,72.46675574548762,70.55736568232356,68.69643381465357,72.07512058152328,79.31189881803395,0.0,71.41506552580611,69.05119783250011,66.45585259626749,74.10870781853656,73.067325592566,72.61830348888805,73.54979653638492,76.22077604407917,75.10411688955183,74.08680748345996,74.1405241050284,74.19794801476893,71.5108421683872,74.13227984548969,73.89695928007072,68.97012710227673,71.15854990064807,72.95509374731137,72.74880830711702,70.9390690279182,68.43128816246308,70.18626464123041,71.3817278001132,72.75639063312468,70.60770682552722,66.70634626461312,65.01377848255673,64.76438608088351,67.0415684283875,66.66842186329349,68.79584372685918,72.74073264846542,74.05188212881157,70.62221071444455,74.63873881525281,69.78016501493222,72.48713426470941,71.68135309944725,71.22794408421905,69.17172474190754,75.01765026394744,72.02938864124965,72.47467840118196,71.70033021957484,71.52911863759452,69.70999950949957,69.59184135232327,71.6706213190973,65.42496841716901,73.8203870732105,67.14752275511366,72.07125091785981,71.80782778606925
1610555606.65jCE4ig8Pu8kvAzkxnSGfWsV0nQBjCf8H,68.82389398584837,63.47620932365618,73.55001290038715,63.58843206236855,70.38643559714497,71.10633047709901,69.84232216818887,72.84277834567008,71.33459167620309,68.26233090443971,72.1523786513888,64.89058537037069,70.74830695725906,75.91481161396904,71.41506552580611,0.0,70.54789447845033,68.06429460082494,72.25875223179565,58.4380627015498,68.563533419337,78.55599664471798,70.72975454040964,72.25954450935876,70.82757089445336,73.85706230127634,69.2962678046158,65.38080228996968,72.43108256967183,70.08614755046507,60.91053249710913,69.24966770408294,69.20624040864305,60.47689953995711,63.07716571569687,63.09191478391783,62.79067010031947,54.92851192539238,69.19138822188262,71.82183676584845,63.24323980058097,68.59055503985194,65.98132606031669,63.7469023662841,68.6744527710643,69.98207549157095,69.48869896476397,68.99818713274468,65.7927152327255,74.03626007626767,57.67406555206171,68.63753735516966,69.37085574885553,75.47978157656858,58.73245357174451,72.15210395796623,72.05326654182238,60.3655028158602,59.255081448131605,72.83842225034934,71.98718807570144,74.68925434369918,59.10852796530395,71.15313233919402,64.82034774222126,72.95653606552138,69.85422144461796,71.85427438510648
1610555608.18ONsBCVo1i7BrX0XG9stct4oiA6ejX9Oz,74.00710053027548,64.7790754820643,76.6203207861231,64.81584002386649,76.08978218231366,72.35639917084748,71.5370317447918,75.35025780897949,76.87256493192781,71.78005010636272,50.312304757803346,67.7877895376068,71.31410794895837,79.7988051066802,69.05119783250011,70.54789447845033,0.0,64.16691403438476,73.79346799177668,73.05661854262787,67.51923838204519,74.43299379943178,75.25712883075043,75.10166436364665,72.63929184343812,70.59015777529304,74.01139656888346,69.13681397104224,72.29905278162052,74.04762854498045,70.2912616407766,71.0660750951047,72.38269656215441,70.28037040269814,71.28078265715087,64.92074128967148,71.22609873519733,69.15184707042769,69.72108234458912,71.01852838059376,69.71716383042745,63.256126257767896,65.88976760114251,65.38999465796071,65.28664049388564,62.469597149527544,73.18593443911477,73.56316171751499,69.41189626962058,72.48488372718052,68.81805706819574,72.66147058767073,69.87629211200496,71.26728020233716,70.80700526710736,73.91296295112566,69.63217604405486,72.60895386238063,70.34619657135698,72.88670630360316,67.94276092362779,70.47622752414503,69.63712364853967,66.71929763730115,71.33565664660931,66.95669109085725,70.37261496080988,68.63512046098404
1610555721.51RNoQUMP19FTMS79BmA3JkgSm2IC2AQuQ,72.25069955261492,56.7461662956393,75.09124306684407,63.42172182851513,73.27761642668099,71.6708818024515,68.6591192366795,73.85456446748155,74.52075227319293,68.48782336754209,66.59556647767045,65.19374038045396,66.79144053749891,78.2892515451441,66.45585259626749,68.06429460082494,64.16691403438476,0.0,72.3342748963954,70.56329612915468,68.96380417362748,73.38762764254339,73.89343668681278,73.43445124376852,72.29537490705415,72.34457791813941,72.258236089742,67.88873474280085,71.1504556610724,72.42622454856959,67.37304228622176,69.57884153983596,68.16530857320004,67.40702946865234,69.90785035879874,66.49867407342332,68.69351526706048,66.22753459808528,67.54365526641,70.84244069422903,66.44915186696083,63.26915357926645,65.6900084170726,64.4595130655188,62.09287046451087,58.43851870490589,70.69308106642637,71.49717192174403,66.14969148195138,73.13365513117178,66.82505020442326,70.79912766960935,67.34349963373153,69.55043272322376,67.66229402486705,73.23616532097533,68.97344878364285,70.31916397117992,68.29250233491257,71.4680011975608,66.27195441853868,69.8495334943376,66.27390819333907,65.73829600851282,68.77220404572378,66.7885259381061,70.63798564663436,67.2637399740994
1610555971.86O0cHB2ibBJ8jxoObg01EpGe8VVV5mpwn,64.63647052502341,71.33469848143238,68.82059293127134,70.1758725745801,62.35053807391636,50.562397047137615,65.3879140413924,68.39618511683159,63.63436843823981,72.86730540531455,74.68166590120559,73.68082606027487,77.06855158243383,72.59624905788215,74.10870781853656,72.25875223179565,73.79346799177668,72.3342748963954,0.0,73.53599416849873,74.97899669606034,80.9484792384086,63.73552169576781,68.02285307659358,69.24512903113352,60.73965985534363,64.95808377577283,73.34374278079514,77.08717466021396,65.86480012914122,70.95536141180494,61.93551325640311,77.36433719654949,74.09878567922529,73.01523569322028,70.5543590958199,71.64056944317808,72.47069038281353,73.39879445700961,72.89861953662887,73.22113338286186,74.6481018033654,69.10012360214868,70.0941790624234,73.47094569589277,72.96776382365567,72.53155521169778,65.40631631060094,70.61476351429782,77.42727213676717,68.61683887730342,63.10826994627265,72.89727611253988,78.84321616955289,72.76150730430994,64.71875527202276,69.35418717230439,74.38152075249982,67.98932964858189,62.44599082761314,75.33282153106667,78.353793871328,74.18112998151985,73.26043567831567,74.03198521326878,76.40736352103943,73.6481263444441,74.90547801284656
1610556911.51zU3duZSGpcw1BDNsBLxdOCITAXwl6z3i,68.13826528071492,67.23713296958199,72.90762959999762,67.12853212002184,69.30985319715397,71.97394183051743,71.27300487530938,71.9043106758241,69.75034886020043,68.2917123670445,74.52885042871449,65.95386729890951,72.25751756464251,75.08651307447954,73.067325592566,58.4380627015498,73.05661854262787,70.56329612915468,73.53599416849873,0.0,69.6328210047736,79.8739542727462,71.85888949428457,71.22511290344644,73.08696896508488,74.15593454404141,67.39502745387841,68.31654652283585,75.97265212526342,73.15628543590195,64.37386173721198,70.48006817682776,70.24512091304068,64.87859882291262,66.44885955345816,67.26926709063498,64.0064971981749,61.809278998724274,73.5706797241709,75.49429981716933,66.08391301409613,70.94473062561681,68.03734707993164,65.54521546875435,71.53573537463416,73.00865669024998,70.19576282503616,69.51311037127704,66.75669752058194,77.37847623415611,60.94543228389655,70.97557134063604,71.45326162966234,76.8247664265963,61.36353574554859,72.9335599499773,73.5559814448968,63.16455029694202,61.76019834043371,74.88509546171082,74.9999864740274,75.81621609464096,63.587783593323145,72.69757186419247,68.0144829325356,75.62199054420839,73.60979970472448,74.69856486053126
1610555988.71dMoYT8250UHHJGxgmITTmbHe7V6gH1yU,76.0994177787831,68.55713056264693,78.65326744373063,66.45607004222377,76.98777071299968,74.01113534325935,74.80403316735746,77.63468341358477,77.4951736545035,74.76342683724204,68.30322832451499,56.30747854531235,75.11640322804091,81.3209810034184,72.61830348888805,68.563533419337,67.51923838204519,68.96380417362748,74.97899669606034,69.6328210047736,0.0,76.57539451601352,77.38183571429362,77.13565812986428,74.47920458429651,73.86864859080264,76.17955753087115,64.11337222826963,72.47767217796269,76.7855634248888,72.67016530051309,74.2031133662843,75.1683804362611,71.07233189521439,65.74756123729058,62.08790424926518,68.44945699266232,69.5777048463757,72.75376531466422,73.78046185584607,68.72908466671986,65.52161085917074,66.94454029127887,62.797544931451384,68.26728539647365,67.31484951468427,73.11908416187494,75.12818399202241,72.38333372004442,76.39905909638995,65.26827001685102,74.03686425246013,72.80365270480313,74.6594302274089,70.75590657171611,74.84634615393637,71.89874812416531,67.51659695430541,68.28265860545413,73.65732507124136,72.10097325824273,74.90885166565107,70.62092262114825,71.90576690539052,73.64502511724292,72.94511515392232,73.44588640763268,71.40225137019831
1610556042.81mlUZsSp7gbGjrp8jQSnybT1gPy6e62o1,80.50672834316637,73.74957519421014,83.08926723193362,74.12511526849804,82.83760682596132,80.207965077534,78.0313431325847,80.92958542595389,83.69082233399654,79.0808440228479,75.23586954160938,73.84325732351368,78.94877215653605,83.27342493193937,73.54979653638492,78.55599664471798,74.43299379943178,73.38762764254339,80.9484792384086,79.8739542727462,76.57539451601352,0.0,83.15427177493066,81.25553253441134,80.81418001896908,80.45643966456436,81.97750065573574,75.31035423096478,80.25934869486574,80.28457680368498,78.18841944443288,78.64383054816743,79.49743726446036,78.7155552994191,78.10091995835904,74.21477875652624,79.03446384879315,77.60606895168402,78.72436505931677,77.42837754505469,76.81344943330916,69.90133027898338,74.58813179665188,72.85352576323243,74.20721977105923,74.01856538629616,78.68181351851332,80.73901354461204,76.95139986983246,80.93626345250132,75.52170656773886,79.71777104777082,76.29153706124039,75.90290111925782,77.88719779988998,81.59614208818434,77.52084762268063,77.54870278403448,77.66110965693125,78.82993289823877,72.41131786150514,73.29933364295498,77.9098026456789,71.94376535766602,79.47931304109588,69.10868752777189,79.36823803951812,73.77849102647214
1610555637.02UBW5nKvDyUrKnaWcYRGajZPxTRDS0q3N,64.75097756597873,71.51167619138177,69.26596585448215,72.0539910366312,61.273069719005996,62.75534716576368,67.50352545972501,68.79946383489781,66.54013072975323,71.22210580768419,76.70195126650562,74.57147697955068,76.12376924466668,73.9465105642488,76.22077604407917,70.72975454040964,75.25712883075043,73.89343668681278,63.73552169576781,71.85888949428457,77.38183571429362,83.15427177493066,0.0,68.17961998764663,69.33230197257852,68.74187199126489,61.486814823934886,75.18629777195765,78.31259993948984,63.93203304154493,68.5332538421055,60.72733582360782,75.89656990652348,71.65530839618646,74.68237309093675,73.04424468027801,72.08711578019275,68.3394417198957,74.16018026133442,76.2136043024176,73.04572321070857,76.11017030638996,71.23586489018471,71.78336338427262,74.47212460935198,75.5575767463115,73.30452948854871,67.34935042117607,69.073363632055,78.44571370360461,70.26761412962334,65.34332662576034,73.88266925397713,79.66049411191509,70.74438295580084,59.88498209077353,71.95491414800037,73.80496449112783,68.88677981206453,66.79188338418247,76.27426200689214,79.70600796214373,72.67440933525575,74.65584142722457,73.24141340604325,78.00359216076009,76.0263331503736,76.34341409239745
1610555619.13oUYNikU4facCTpUSiSLr0vPI0tJLnXiT,50.39474224289915,71.71994412121305,46.26879464356995,72.98337611116528,63.22605114552517,68.46525028400089,61.424904301928336,32.89212139681383,59.80549813437623,71.42404274094531,77.04004077489054,74.18539800461774,76.51297322018544,61.867708435437436,75.10411688955183,72.25954450935876,75.10166436364665,73.43445124376852,68.02285307659358,71.22511290344644,77.13565812986428,81.25553253441134,68.17961998764663,0.0,73.29407650293608,70.22867734585621,63.307935062555245,74.34942671677094,80.05665103756166,64.51197948529885,69.93098326018861,63.62762993995047,76.82899796804284,74.81701276644789,75.22635486668766,73.2695055903715,73.15537199660896,73.37860407518183,76.51317898790678,75.34240575318734,74.0625102514755,74.91890601669826,71.50258749824364,72.10954469846232,75.20804167385158,74.95380827239438,74.2908773090471,68.1343353734022,69.31114214963172,78.85350816852281,69.9182502362979,67.00167842443872,72.9192780971231,78.64833554688067,69.35935947147325,71.94569490186909,73.95490136046162,73.57191828095361,68.68611749069939,70.90386984695047,76.17550899034988,77.87070840670796,73.3943632830926,73.59240807449018,74.27112085191735,76.39440690572935,76.21181856261772,76.12775751279612
1610555721.03nzkucfjAUh31zTbmCVvTVYqtjoxZFnBh,71.24525200410778,69.55392458801829,74.69768696697486,71.04267696114721,70.56532311775439,69.3386229319507,70.3541781504813,73.82506488983458,73.17548487641989,72.29273396021702,75.01180759687753,71.51823553421688,76.21270341207824,78.03198778830927,74.08680748345996,70.82757089445336,72.63929184343812,72.29537490705415,69.24512903113352,73.08696896508488,74.47920458429651,80.81418001896908,69.33230197257852,73.29407650293608,0.0,71.77042712300319,71.29431193665371,72.8457416478036,76.07692641928637,71.46857009050663,71.0477980732418,67.83417284275347,75.0531488067273,72.26735635886456,72.62337565009139,69.19401567458314,72.30125459921892,69.7612059289701,63.45086423109081,74.08381288773255,72.40016139418695,73.89836466190424,70.13378694133073,69.38989401521789,71.82541925702024,73.18563289355649,73.24611414823339,68.16898314271126,69.41188344487242,77.91366383633842,68.45384356257469,69.36705076349517,71.6447425330244,78.44934197102369,72.62740680320798,65.84526188877213,66.05214367627205,73.29466721781219,68.50465480798073,65.53628189091376,74.67110099731289,77.72370758434587,71.86355360470652,71.49499978938685,71.73296534936912,76.04423904256747,73.37921568079837,74.29269894510058
1610555722.67fhKURdXVzRbLIjXmjRwdJHTnE7PWb1AE,68.25724421233365,71.32574609425791,71.78767282475745,71.2582073966347,67.10160510059865,49.75378639756977,68.46886754531889,70.48068782895214,69.0820985373082,72.99614250669043,71.72126913160916,73.49299421411105,76.15502178512273,74.5196184698914,74.1405241050284,73.85706230127634,70.59015777529304,72.34457791813941,60.73965985534363,74.15593454404141,73.86864859080264,80.45643966456436,68.74187199126489,70.22867734585621,71.77042712300319,0.0,66.6342663333744,73.80427078451353,77.78671267117207,69.83949723955891,71.927436015218,65.62475638218542,76.75762368074778,74.7178033125319,74.16856099634512,71.00316497249135,73.13836645709891,73.0517770699288,74.77236787715324,74.30021444472685,74.9073006681235,73.93495878973359,70.93108799642603,70.66034465820572,72.5473512708973,71.34904933781827,72.16053452304787,68.33120760649277,71.27862708981597,77.5776278990684,69.67470003107755,67.30804516345616,72.20914861775825,77.79246945017418,73.01418167775934,67.29186816453894,70.46394151693815,75.38720945263164,69.57898856599249,66.7349589786566,74.26188097806053,77.14691624948206,74.81661715822318,71.92631156842732,74.71876766460484,75.49303272813124,75.0266167948466,73.54178327877753
1610555638.39J2ZWBLuLTHP0jOlzB4tNHmYeijH5g5YJ,58.40682192041398,70.43034337099934,64.27137676638932,70.86203695337973,56.74975228062952,64.24003843694477,63.09670631633982,63.660292018387544,59.61373934616274,68.16145515770735,76.12777334505665,72.4392794303223,74.60815606185028,68.2878816300033,74.19794801476893,69.2962678046158,74.01139656888346,72.258236089742,64.95808377577283,67.39502745387841,76.17955753087115,81.97750065573574,61.486814823934886,63.307935062555245,71.29431193665371,66.6342663333744,0.0,73.6437396280612,78.99722688123849,63.538635745007355,64.32575071994958,61.192574796539176,74.17631149543314,71.5575619390527,74.09855896757595,72.15523790487718,70.84459368924264,69.91481283541994,74.50664636844097,74.6035118219489,70.65144939933546,74.3485919284976,70.06138984368495,71.42438582138028,74.45799417528262,75.54566915278758,70.31784203197294,64.26089667762959,64.41679332133343,76.13043871317437,68.70500609962873,62.02403938427248,71.82239579243662,78.5127901753303,67.77977893677449,66.9897617253949,73.31645350279712,73.15051474780827,67.4506826756174,68.69589105210224,75.54328595176544,78.00397980972541,68.59380169498078,72.71955995318906,68.63556277903348,76.61120790255006,73.49181598773468,75.74521583900737
1610556032.17Q6yCDx9g7alRnL9jBFXD2JhhUyB2hKfJ,72.97450732815544,66.40424710410336,76.02081720483852,64.3155267487564,74.63047005145278,72.31997857086036,71.97608088740638,74.94738929374628,75.30636021131178,72.29530295558745,70.45160811418324,60.667836874499876,72.74289349402956,78.9646179503262,71.5108421683872,65.38080228996968,69.13681397104224,67.88873474280085,73.34374278079514,68.31654652283585,64.11337222826963,75.31035423096478,75.18629777195765,74.34942671677094,72.8457416478036,73.80427078451353,73.6437396280612,0.0,72.80599514576552,73.81244907593212,69.70120314208845,71.61698701806911,72.55886212005873,66.63411063098462,67.0951087242814,63.90124995221381,68.13222146056219,66.55912466925466,71.4106279243403,72.23169682180722,66.14749036166059,63.19481755513593,65.70804453550201,61.249789460810675,70.08834340815037,68.13504679185336,71.85227745408254,73.05196235564333,70.05590879513434,75.03937006906101,60.68135438856485,71.42369914396552,68.57137931967574,74.41229991596936,67.92925321805863,74.07494073442926,72.33692237352226,65.32486759523397,63.484186484476815,72.53634047587883,69.04353149543913,73.34910978036359,67.39601678020846,69.70220435032769,70.53215178983338,70.3892995485906,72.014126427646,68.55948151144192
1610557007.49MyVgDnuUuBxrvL6SGOdhKf69VYlW1MSm,79.087228622844,70.14457517425583,82.31165012269395,68.53938932700395,80.39267596012778,75.71775165944993,77.53845294264079,80.6318787635109,81.25949914034096,75.83914481678521,72.86238632457153,71.31666737847672,75.13851137486188,84.96961789653858,74.13227984548969,72.43108256967183,72.29905278162052,71.1504556610724,77.08717466021396,75.97265212526342,72.47767217796269,80.25934869486574,78.31259993948984,80.05665103756166,76.07692641928637,77.78671267117207,78.99722688123849,72.80599514576552,0.0,78.92706504789037,74.55549810066003,77.23382692518639,74.76496927661279,72.825212643076,71.0560519018505,67.51546768561974,72.62029201892358,69.72843290837281,71.95860513944115,75.43529137460173,70.57671921676595,72.01361206440426,69.72968017092172,67.32485676337569,69.14701239352472,70.48766245883861,77.3859225865981,77.53356029708853,74.59576948256758,79.20745172318873,71.4109446119073,75.5500611498419,74.69813667621666,77.08688756329163,74.95260510139889,75.87276425771557,75.42541829285243,74.77935982349416,73.54788212169738,74.16274189516076,75.22957232678117,77.23633651630854,72.40345769856324,75.95313399687475,74.3217022088604,74.60613693815078,75.51141960135557,74.93310137862166
