,1610555604.25mOvVXuL01OCiReyVWBfesjuvXmB3MoPy,1610555605.43B6oDsBtWRQ29Q9UMQuTUEPZy3FSSWXzc,1610555610.92HPGJJSmyPM40z7otPBgHalNrHFA7zk5d,1610555606.68LaSQbm9EHAFycEfFtEqAwYqlBsQPjIRW,1610555617.19EKxMEwDHfXiEJZc27TsGoERaD6Da4BZU,1610555722.52PJ3FD50MGhRXyUD28vluU8Z9UjLJLZn4,1610555617.52Ijr5puT55g9apK8auM7zaxa3NANg502t,1610555638.77ZLjTLkz4jYJdFMI2wWBztzsDILkoOtAk,1610556912.46C7tJPLF0XfNnm8f1820X9aLmXMHoc0Dw,1610555617.51LjzIROg0aeCP2GhDcAVQ0LipKJB9jmKc,1610555608.17OpjjHobqRkX0UPcaXrbu7K6L3805SZri,1610555721.82zWeNZfGUUfRJkgnAwlP8VMhPzXctnSd4,1610555735.75bom85BDF0C7W2eIseHeMxi24qR68nzMi,1610555735.77NnT5xqKnwcf2BbjIekeb2arTQj6QMNwk,1610555638.33wjf1PhdNaoWfbRzXVn50hmFyB5bYAiLV,1610555606.65jCE4ig8Pu8kvAzkxnSGfWsV0nQBjCf8H,1610555608.18ONsBCVo1i7BrX0XG9stct4oiA6ejX9Oz,1610555721.51RNoQUMP19FTMS79BmA3JkgSm2IC2AQuQ,1610555971.86O0cHB2ibBJ8jxoObg01EpGe8VVV5mpwn,1610556911.51zU3duZSGpcw1BDNsBLxdOCITAXwl6z3i,1610555988.71dMoYT8250UHHJGxgmITTmbHe7V6gH1yU,1610556042.81mlUZsSp7gbGjrp8jQSnybT1gPy6e62o1,1610555637.02UBW5nKvDyUrKnaWcYRGajZPxTRDS0q3N,1610555619.13oUYNikU4facCTpUSiSLr0vPI0tJLnXiT,1610555721.03nzkucfjAUh31zTbmCVvTVYqtjoxZFnBh,1610555722.67fhKURdXVzRbLIjXmjRwdJHTnE7PWb1AE,1610555638.39J2ZWBLuLTHP0jOlzB4tNHmYeijH5g5YJ,1610556032.17Q6yCDx9g7alRnL9jBFXD2JhhUyB2hKfJ,1610557007.49MyVgDnuUuBxrvL6SGOdhKf69VYlW1MSm,1610555638.44hjT5hbYdKoE3MB6hijrjqbjmLgvCUYKD,1610555608.13zUvmFSCRt6SsLbhqFznMEvGx54GPGQzM,1610556038.62a5C4ynd1AARyAhTv8a58NCqHvXRjscqH,1610555644.45Xse8u7pusHNsd7F3d0A32HXvXr6weOJE,1610556038.62gKXOCG7XCn55eJvyl5voNjbwOW0znQDq,1610555987.13v0oleKK97pkesp6oMgprH8SoSdoDVdIO,1610556964.96ZLLeiQW0qpmxhPGTg7K03fmzkqsC2bjC,1610555987.13VQlEedQ50VvkPMEMzZDv3KNnQCewykN9,1610555982.186TY6MMGkDecIN1woW6vsfAMXVV7jnyjO,1610555982.673LuMndkwkvdmZOn0MmE2Pkidx0FtNalb,1610555733.38zItcuH7gHNfKdALR2d9Nek6bxCyw36Vm,1610556034.15BQxSbZINGCay0yp6RBVlgcPrw76Yn9ON,1610555639.37BPZpgtGml8qUsh9AdV4m32jPLfI2aNFq,1610556965.57S0adAalhWYe6K3bkZU0bRHbqnDK8gGkR,1610555983.54zteLPCMjyrjzPdhHhlZr3faCgD0TfYr3,1610555987.79rHnNRmt9a0ufmnwCvZqBouyUoZDNpylW,1610556960.041xWER61rmArlsKfiMl4frikWmUCnQ7op,1610556035.13a7NHZDutfTMJ88qle1gTYY59Dr4WmMsj,1610556890.456ZBDaY16bMtrTZTqAgHl3wq1tRxzqDow,1610555760.24e6890pkbyZ97Or6croI1rQgjkSsR0yVt,1610556043.02YpWMIJg3W004iqlPyv8OcVAZdSC5rNYw,1610555987.03z05P26TLtONYM1HSzupoc2CeNMa6HTqr,1610556032.15OYCzUxpsz7b10AXBAuDXrvEcvxFhf0M7,1610556032.63Z80yI9pNwS3jSmsDABbuhf8wkNa2Ze9y,1610555736.28eGuESasTXdR3SqY6pHhEXWZtcdciYLCO,1610556034.61bebeZA0MkaFG2sm3VKiqrxeqQginTTW0,1610556944.5XwXOphKYT3ZkWA8gViqOS97VHVuMVUqb,1610556944.745UVLFBzf7fPh4UH37I6tYQOFPqRDytEh,1610556034.63XsUwaFaPZevO1JNFjfhvY4aKNFnV4noV,1610556964.89xwBHw9faT1HjQRMNQEyA4qJ3hWkwgj3k,1610556966.74DydzH91jtyvRyYau47JpVkZoMRSNTt01,1610555740.77UueVziDbaXyRR4OcVJIIZyzOfAzN51bj,1610556046.84e3vwjyRCzqz0wJQhrk8zsxlFfFSv98Df,1610556137.99eoPuVrDThKAOvmeprLPb2FWRqIhzUodc,1610555740.73XFwSrmTXJPlaxGZSefh0jOVA8PI3III1,1610556123.88AOfNaz9jSnqU5Czc7okOv1RCrYfKFBTo,1610556046.85nB7NvyoYQeLcOV391Lmmut1wAM8CFGLw,1610556123.89H4pdIAzDthI7bMXMhlIhKUYIQIvtmPPQ,1610555740.87GOYQUJKpkynIS2lFqppYK4b32ol7NeGh
1610555604.25mOvVXuL01OCiReyVWBfesjuvXmB3MoPy,0.0,66.09316134856647,51.98468351747743,69.47061384425331,58.890816956831465,67.90628771951107,60.538082247393746,52.99518117783663,56.85332974569114,67.53438341419161,74.15971076773789,76.73880286698792,68.39854973085782,67.56383431723123,71.13400554100612,68.30233482166312,73.35962275856942,70.82019749903714,68.35886372970423,67.27075215480718,76.04482560006323,78.84617928764443,63.29299373175028,52.40045082250068,68.082607492307,68.38668621393852,61.3229239160912,72.07006837358215,76.20006266410972,62.66031319804014,65.22690978233683,62.12706233729517,69.83309781066829,71.50939535317359,71.4346855835082,70.08452066511275,69.21019221870918,71.93503520340069,70.49971061915285,75.17879129141912,69.41377560477645,70.57469449808772,69.0788371038302,74.3902138423457,68.98035150088549,71.65130928625699,70.98157595335947,66.74183624889804,67.58504030202899,78.73233656272272,70.17296129591017,62.43302655030769,72.09200110524985,72.01423748344568,63.50313818001165,70.62707991043354,71.60303975550664,70.58016851096048,69.3254595564857,67.04823671816283,70.97969234290736,72.52994970283571,69.19527775018722,69.13186076360665,70.8556272328325,72.22881791123571,82.13483789203943,73.45859486906778
1610555605.43B6oDsBtWRQ29Q9UMQuTUEPZy3FSSWXzc,66.09316134856647,0.0,69.73866525893239,59.09683984653815,68.505236548373,70.68238184028773,66.23166482360512,67.5084570638539,71.11343456717228,61.96915438786386,64.5769666671597,67.56144456596473,54.87432170926779,75.23523078684079,60.710707879031666,63.792005618178756,63.594356166284605,54.86795240567275,73.4589959274786,63.51244494749956,68.80112025256517,68.96696397754242,69.0433162701903,66.4777900220421,65.68262859100933,70.04306536387614,71.06239686539573,63.55194535526817,66.7819146394328,72.7094941963326,61.66807507059134,66.10403984518166,58.27093541651334,63.587161823237935,63.32925474296663,62.39823768506159,62.504128225380065,65.01485476628167,59.30727524453447,68.57414221087816,61.55702000205398,60.147630138199695,61.32432484644228,66.34099399196583,56.69092267465738,59.69009317213308,66.868342868638,71.46664427668387,64.11322507374062,72.9108331343646,66.93632316733188,66.36810737353744,64.87007790961053,63.06485702567202,60.121784448473505,72.34706913950498,65.38284149863898,66.02371216181784,67.51378757201266,66.95421829599314,62.438786862344266,63.63284692267406,63.02890073025598,59.30300561647539,66.52513977078937,63.452083191721535,76.99491998733393,64.70394103304237
1610555610.92HPGJJSmyPM40z7otPBgHalNrHFA7zk5d,51.98468351747743,69.73866525893239,0.0,73.84618397865232,65.64433269939757,71.7637404127548,62.595435483384826,52.04762554284148,64.4606442693545,71.43713933321666,77.63363987831008,79.2595504394045,72.15256466669867,70.43830472744742,74.3752260543558,73.07893401912085,76.62359756032016,73.60601587708256,72.59420767120338,72.37640661419618,79.3344141372994,81.56638812686205,68.30819521025082,49.62301963798141,71.62864866113078,72.372567917429,67.51190679231085,75.60296301706357,79.49015905620371,65.91939772430874,70.3311896370766,67.01519307820124,73.55335197992741,75.65247603683622,75.15274345357277,74.0030662473457,73.72112955614588,76.43790419217736,73.79708800279504,78.31962413015911,73.30479093451558,74.10417323950273,72.59575484352534,77.56965059357822,72.88490286029761,75.16082588804869,74.69828173613428,71.39024446821863,71.77758664254794,82.11918680769556,74.5202774623562,66.85273892932035,75.94138073489754,75.3176823549722,67.62127644424218,73.90018853592478,74.55761586818187,74.340619719586,73.77028566161727,70.14161385663553,74.71194199349384,75.79552335638547,73.82335718091429,72.49698074746411,75.74407498130873,75.45621424303135,85.48306108696353,77.10314576951122
1610555606.68LaSQbm9EHAFycEfFtEqAwYqlBsQPjIRW,69.47061384425331,59.09683984653815,73.84618397865232,0.0,70.99705283173833,71.54040200343896,71.40085057921144,71.70857228276013,73.52164364482428,68.61311778969586,63.17407900922995,70.83182863991858,65.73504146980929,79.19968241177438,67.11167357450152,63.64777781702231,67.42383933858662,65.14359817460247,73.92607535723586,66.55656730219428,67.6328044634076,73.6620371243021,71.18306009165818,70.81350443812876,69.15173709993876,72.50372866695614,73.87435471904377,62.623478755351535,68.45573725935715,75.29347197151179,65.84957513448535,71.43686468231336,67.3896155036331,65.44717996267278,64.261242555461,60.115125511126074,62.515640349337104,65.78907336885595,64.35169949164549,70.89169042325538,58.885785665906674,62.578618089531474,60.06952375251605,64.8810343538518,60.5592844327421,61.652625690868454,70.6256614559448,73.56163404977933,69.27736108103605,75.64420271120738,64.46498711836294,67.2793445884541,69.96926335475838,68.25284628393031,62.545788644070775,74.58459850017657,67.84867039490152,65.94387487776254,65.03890228187414,69.37168473301728,64.55254955059631,69.3559609412804,66.92782289814909,66.1208485217322,68.17918078664476,69.35867211833539,78.17624604650679,65.90621730017894
1610555617.19EKxMEwDHfXiEJZc27TsGoERaD6Da4BZU,58.890816956831465,68.505236548373,65.64433269939757,70.99705283173833,0.0,65.72908995318052,62.79663385342692,64.53340754301726,56.23000087144551,70.27825518887003,75.78244627725607,77.93381212790413,71.27176034857759,73.4692892957193,72.69221029844994,70.47971999511441,75.38066029182177,73.2676826299996,64.17893017455303,69.0364667258622,75.99856488430366,80.26392412064098,58.13063140975874,63.70480264595132,66.10008346519642,66.95758472863906,59.85044216450038,72.9576578734932,77.39675335622194,63.711975598374124,67.34655944732178,61.420267874400444,72.44715502841612,72.69065018676076,72.40807393495535,71.31104451741159,69.1262033085955,72.63922100241358,71.24454773839356,76.80872959344923,69.48124167618775,73.15127690858581,70.3857730387287,75.63994462561602,70.61601967097117,73.17593171394223,72.46114215662955,67.72443535681269,68.6168726717732,78.41122874587772,72.21667639274905,62.826189596476205,74.69474291534662,74.74334607990139,67.16177512854989,66.1285766474926,71.25787469112908,73.30932632966656,70.6753946103383,64.87949534716623,73.15073001963006,75.11114414662421,71.39313886861773,71.45475918817093,71.88263518787132,75.34439651234318,82.27721517809472,74.66422109365857
1610555722.52PJ3FD50MGhRXyUD28vluU8Z9UjLJLZn4,67.90628771951107,70.68238184028773,71.7637404127548,71.54040200343896,65.72908995318052,0.0,70.63594859087739,71.16961399816981,69.12832378486794,75.03479582450723,75.7589778133891,80.11944876311169,74.00913746930897,78.41624940662604,74.8806754057077,73.59287958514805,76.61800392332448,74.43786705772361,53.38762092960426,73.97028778930822,76.02918679913725,80.8532097987948,62.119729152986636,70.54845286435274,67.14925506279724,51.5713335625454,68.53419502571218,73.7803620190545,76.6127079778562,67.5006564290303,72.2677499900857,66.77986717983116,75.42540200159762,73.95184780658518,73.47107173421458,71.99685836155903,71.69240228094756,74.93249659517052,72.15498706038176,77.35163822590265,72.9749044021222,74.38390744597196,71.54617616745013,74.80314321390065,71.2127699407546,71.41034461618206,73.83979363634104,68.71418157909446,73.63670798506728,79.75939493949281,72.04694601063287,63.51951213923863,76.0730092811499,76.08954669159134,72.07334434008186,65.47389385431399,71.02453464967428,74.67143423693838,71.60613864525325,62.78123153984606,73.22953887222498,77.09590139471358,74.93308526542442,72.75749542809197,75.62537014653807,76.99958978866032,82.63007459315327,73.09803675220802
1610555617.52Ijr5puT55g9apK8auM7zaxa3NANg502t,60.538082247393746,66.23166482360512,62.595435483384826,71.40085057921144,62.79663385342692,70.63594859087739,0.0,62.174845023310155,65.2820930167538,69.64961068138807,74.49703631681624,77.03191997493059,70.02707379161724,65.64938866822692,70.30682582396754,71.55136241159914,73.40767906332614,69.48006804936031,71.57403876179232,70.56847717000757,77.29049389087494,78.05379051231205,67.8184860099827,61.54285458472142,69.84851355188319,70.38035849992852,67.20910687991464,73.29380927935244,76.69872338102581,61.43648108669099,69.56167136179694,63.528320733174965,71.74694327415565,74.03127794803888,72.12831781187256,70.79631746076204,71.19817593601381,75.25682200594542,71.56750882151059,75.71852332777462,70.20726390531023,70.93070990073156,70.70760337410985,75.72951573454864,69.57764081930367,72.55409585081212,73.54839793519027,70.68325249640736,68.91495391649192,79.7797518415184,73.37654666934364,65.61570247520979,73.88453433631169,72.42205332250875,66.82753664167409,73.07218506474906,72.46644854334382,71.36630146280311,73.45709806498691,66.98173681845239,71.38976795198384,72.68004175813306,71.07321360220796,68.814684672213,73.31522046598506,71.77254813719644,83.24574440340024,74.27342583755166
1610555638.77ZLjTLkz4jYJdFMI2wWBztzsDILkoOtAk,52.99518117783663,67.5084570638539,52.04762554284148,71.70857228276013,64.53340754301726,71.16961399816981,62.174845023310155,0.0,63.3829139959212,69.93663648117484,75.77119787374835,77.46998316927208,70.29158780335823,63.959090528347694,72.96463314996049,71.84420778094186,74.95633409747883,72.00293619982422,71.89229964949533,70.29625155666602,77.43351180234802,78.75076192363822,67.01779103096808,34.97201120583698,69.95300118516626,71.12737233837797,65.83582189729874,73.68229383162792,77.65442359078656,66.34283562485116,68.30836375935628,66.04306094069386,71.90585521189479,74.19293416500614,72.94186181816669,71.91376980814633,71.15010757627414,74.72243207756574,72.10319333951104,76.65926653602396,71.29792065467217,71.84660818714885,70.79935324178128,75.53790649764792,70.67500453446372,73.86148201617674,72.90994549707558,70.52804198686043,70.34320728190816,80.79135319243153,72.22686631162784,65.22711116273587,74.45176194153532,73.39134585883079,66.17285116406094,73.29289660235216,73.19115493568933,72.97494509519679,71.42449089413438,69.04349148475949,72.70443689180306,73.76630810898548,71.82104693144699,70.01966932679268,74.1801966841842,72.93189202856651,84.01296026959649,75.58081999988963
1610556912.46C7tJPLF0XfNnm8f1820X9aLmXMHoc0Dw,56.85332974569114,71.11343456717228,64.4606442693545,73.52164364482428,56.23000087144551,69.12832378486794,65.2820930167538,63.3829139959212,0.0,73.18134809525384,77.87695315949324,79.57733394997439,74.23944866739895,73.10927176431838,75.63581183271847,71.73189268349212,77.64814667872422,75.75712940892141,68.25784026619961,70.52727282265093,77.03887887348812,82.54023239934499,64.41486243947874,62.78112783511904,69.69255385963535,69.5773418140354,62.11004318033072,74.77835639194645,79.1228762636015,65.89003822609034,70.09577214806609,64.7380051147292,75.7973260905905,74.14530107400294,74.3348763782588,72.72031724146856,71.39070874309289,73.75360975785236,73.33816130139455,78.83951239539074,72.3630239305594,74.86126882976554,72.85383127436782,76.92763020745183,73.1482108550849,75.27339379030313,74.0374031700921,68.4214244078224,70.94855247434667,80.82929022477298,73.16596548743641,65.24942852564787,76.27123221810362,76.790081814633,69.48141266595239,68.79336314509628,74.33055298315254,74.57058834871579,71.19049731346163,68.59417371524363,75.97037806685215,77.60997895185449,72.31443377351765,74.04928294657135,73.18633121882542,77.61743825860636,83.1467130952501,78.02586109405168
1610555617.51LjzIROg0aeCP2GhDcAVQ0LipKJB9jmKc,67.53438341419161,61.96915438786386,71.43713933321666,68.61311778969586,70.27825518887003,75.03479582450723,69.64961068138807,69.93663648117484,73.18134809525384,0.0,72.74361069451696,74.77121236827139,58.91072149687612,77.81647362498205,69.53867093158904,70.04186076723123,71.26060539502924,67.3788627372312,76.94435815148279,67.0617640551843,76.19180097898517,76.19690369605804,72.1042515519025,68.51539918174308,70.32322111862928,74.04735229201907,71.84377077977476,70.59748698639929,73.27887462833037,76.75851760269303,65.06746973426493,71.26906391835156,53.66273815048563,70.27904701923181,69.53149882303781,70.12497415325886,69.16869045831953,71.69690425307046,68.85272900121132,73.2436096176879,68.16453720892446,69.05597542334851,66.90343719949301,73.03428196283289,67.52055013859301,70.47113730051841,69.95317884860815,73.20662228387384,53.70858491219714,78.2516024451124,71.83364092344769,69.282317723156,68.76735913252757,69.86451990401471,64.80543070325193,76.68203807400887,71.39686238026192,71.83117081013626,71.77726833405346,72.65301285538179,69.30499705803152,69.74808629591438,68.45484820011482,67.86434341691893,68.0573875684536,69.68338318343127,82.11186333451882,71.59856754829987
1610555608.17OpjjHobqRkX0UPcaXrbu7K6L3805SZri,74.15971076773789,64.5769666671597,77.63363987831008,63.17407900922995,75.78244627725607,75.7589778133891,74.49703631681624,75.77119787374835,77.87695315949324,72.74361069451696,0.0,75.19441110411613,69.2673063343275,82.08648139750207,69.45686105256038,73.00904992458975,53.34251171583494,66.42760214860526,78.60706883062491,72.08449385900032,70.02977234411641,73.67989978146882,76.51158469523364,74.63729215563421,73.41693766342021,73.81227562946658,78.53551733776331,69.77656047465901,71.67717039521364,80.33379813309965,71.29646714647579,74.95523691924747,70.91694703925768,72.51550174834786,69.57323606533694,65.12214019444805,69.71726442109329,74.11726311517897,69.877381676715,73.51358564605952,68.60136240483797,63.9876098262489,65.72667982719315,71.3560819635239,63.601936278787,61.56714894526441,73.92376295475324,78.2542293961856,73.96399292921171,77.95880285522959,73.08281655316699,72.80450007229753,73.09747963221729,69.25140173259663,69.20314396537951,78.79671363727218,70.35134371254968,73.34642830484451,74.45994357430085,73.5054050584,65.9574193609686,70.3044079227681,73.13084986931968,67.20121727829516,75.51077047319274,69.15899355879651,81.49046826051925,67.85813173099132
1610555721.82zWeNZfGUUfRJkgnAwlP8VMhPzXctnSd4,76.73880286698792,67.56144456596473,79.2595504394045,70.83182863991858,77.93381212790413,80.11944876311169,77.03191997493059,77.46998316927208,79.57733394997439,74.77121236827139,75.19441110411613,0.0,73.03299673565274,84.09548280925993,72.89174959069781,72.2134520126131,74.96374510562555,69.4937806585495,82.24120614064068,71.16276678614405,59.00892960457892,76.39896412733762,79.01363246993958,77.3640150518571,74.58345144780692,79.18211545650053,80.01787989656499,65.47457164606774,73.728868115806,82.58522577258569,74.64524445722472,77.496915410406,74.21255151838535,73.28384068762398,68.08906393552112,67.39445590275527,70.72258898188149,74.95075495112985,71.42214641744074,77.96078402011564,70.16450495342528,69.61868379690395,70.15086216967691,65.85065403856616,70.23736211741519,73.12553787254126,76.30438403788408,79.97792273325591,75.86714979723209,80.58203759916208,70.9237532534461,75.9545321036105,76.77210476373297,74.1132810649906,71.0581142290562,81.28774731212901,75.19253618169262,70.08908891055404,74.13206013970125,75.52103276129324,73.78215705698057,75.35596580495758,73.10366982781149,72.58308515285377,75.79727370934438,74.659615809129,83.47400119148892,75.61275562858219
1610555735.75bom85BDF0C7W2eIseHeMxi24qR68nzMi,68.39854973085782,54.87432170926779,72.15256466669867,65.73504146980929,71.27176034857759,74.00913746930897,70.02707379161724,70.29158780335823,74.23944866739895,58.91072149687612,69.2673063343275,73.03299673565274,0.0,77.74025964031291,65.53432865778205,69.64399677770102,68.16140861472762,62.72492672310702,77.17097088968578,66.68959296138341,74.31296835473913,73.12422428506657,72.42582968410598,69.05336519122638,70.48436982033668,73.45639060744492,73.54837223811738,67.97252256678483,70.30927454656849,76.67581127895184,63.70493832506029,70.80697613622998,43.1556859484639,67.9010723276763,67.54095359898962,67.9981219154015,67.33029772929329,69.94003370008234,66.60161209664253,70.0925302067815,66.33407951224564,65.33389251120366,64.77637786957915,70.34642798321939,63.943694096120176,66.73621255021729,69.35949689842349,74.11904057583699,64.78502286206803,76.78019378434647,71.20728626357872,69.26216161619917,65.54747933392709,66.03423175198364,63.756844210201194,76.40649910539939,70.14854531539439,70.96933427458929,71.89133006323264,71.7126004496325,65.86127606552533,65.42339438983753,66.8554524378283,63.93196837121194,70.6796516041172,66.03263868909232,81.38010682343221,68.32653211680308
1610555735.77NnT5xqKnwcf2BbjIekeb2arTQj6QMNwk,67.56383431723123,75.23523078684079,70.43830472744742,79.19968241177438,73.4692892957193,78.41624940662604,65.64938866822692,63.959090528347694,73.10927176431838,77.81647362498205,82.08648139750207,84.09548280925993,77.74025964031291,0.0,79.20099908259081,79.1213244903967,81.18885972024917,78.79415862350588,79.82830514109101,78.33627804675201,84.11019913727404,82.25989886514809,76.6353707354084,66.34341780969754,78.25034693893294,77.68744712344478,76.19696855983752,80.80444982447113,84.30373681903356,75.06417805855605,77.62496476087689,73.91369890015795,79.37351791406,81.38625471608071,79.71725055577075,78.58021363656523,78.8995333819214,82.69094019297681,80.04361970590729,83.20249719704601,78.57639044669617,78.32940386441469,77.96945509717968,81.68900953337725,78.24672310158391,80.29522888524906,80.79384565460708,79.1096443651916,78.50805296848574,86.65663558013681,79.12449136695321,74.37318384262163,81.55481617971559,80.24875997969768,74.78357541149501,81.51534187389575,80.04224221639015,79.67536891076152,79.84128970077275,76.11679364832852,79.34005551430558,80.62148147778474,79.98942065157947,76.36362467285292,81.85223295732209,79.11106416428571,90.2717948856485,82.03566276971267
1610555638.33wjf1PhdNaoWfbRzXVn50hmFyB5bYAiLV,71.13400554100612,60.710707879031666,74.3752260543558,67.11167357450152,72.69221029844994,74.8806754057077,70.30682582396754,72.96463314996049,75.63581183271847,69.53867093158904,69.45686105256038,72.89174959069781,65.53432865778205,79.20099908259081,0.0,71.03882604087484,69.47404313959966,63.67969282133208,77.17019429235506,70.02436939395527,73.39955549053184,70.60906218991104,74.260736703157,71.60196546396806,70.89126424624989,74.63596636924845,75.51767564533682,69.29899850580088,70.99373208746896,77.21898878694866,67.14297454763066,71.57864170532129,67.75753780043918,71.57858234895345,66.991913723948,66.53239885239098,66.96915563026916,73.23911489391847,67.935299325239,70.92223477763422,65.42130575348246,62.19944137269234,63.499617165068436,70.65029701430136,62.17383087022201,67.0979112580576,71.21355497001512,74.48830910960073,71.28494323443992,74.55090125760005,72.34757019514892,69.44881406248605,70.88455275686107,66.19861296853405,66.21195902536775,76.67734399841363,69.95033876774667,71.00679887657894,72.60988838018638,70.05293569711309,65.87073742749122,66.37877809042413,70.98897202264794,62.38492408287361,73.91598478926544,64.94360083261284,79.28156753309605,69.82270357020697
1610555606.65jCE4ig8Pu8kvAzkxnSGfWsV0nQBjCf8H,68.30233482166312,63.792005618178756,73.07893401912085,63.64777781702231,70.47971999511441,73.59287958514805,71.55136241159914,71.84420778094186,71.73189268349212,70.04186076723123,73.00904992458975,72.2134520126131,69.64399677770102,79.1213244903967,71.03882604087484,0.0,73.84678485731446,70.60670078823895,76.21722221325646,60.6271676911862,69.81992397076932,78.2819977543332,70.73423375260604,71.07869649482879,69.15140525436651,74.00421084928836,71.60731620418964,66.35187372235632,72.49242371256229,72.79139939581772,62.98394746565424,71.32183826271734,69.62028378296154,62.09636492234417,63.99481476156326,62.565719251474064,61.988376515628026,57.10241281875433,68.7016573263562,75.05263535774324,63.6801620552846,67.95577386109282,66.84732956090458,69.72729535887905,66.92870084492849,70.03540793047686,69.85740268206833,71.08942630531907,67.80305335905975,76.79946894685969,60.842322745044925,68.823179782719,72.48944981966015,72.89587812139388,58.50762991636883,74.26491071497871,72.73858834758144,62.67851617047558,61.52748571644663,71.80198206161435,70.49771032147822,73.45629540763012,61.05878465755842,69.94858053968784,64.50157973109779,73.08906991710889,79.07818071660553,72.49825895392696
1610555608.18ONsBCVo1i7BrX0XG9stct4oiA6ejX9Oz,73.35962275856942,63.594356166284605,76.62359756032016,67.42383933858662,75.38066029182177,76.61800392332448,73.40767906332614,74.95633409747883,77.64814667872422,71.26060539502924,53.34251171583494,74.96374510562555,68.16140861472762,81.18885972024917,69.47404313959966,73.84678485731446,0.0,65.70314734868849,79.06840858444875,71.96064682516644,71.50882979468633,73.72726841514945,76.28986274535087,73.86084052494346,73.15742670376784,73.9902736212434,77.39582391914432,70.28887791759348,71.81994806868273,80.17673628022447,70.7989818488034,74.00887271049412,70.19074396108911,72.48160751083456,69.86139891924928,66.15893256436996,70.38067553920506,74.72229550482335,69.08016161940117,73.43263007954438,69.58737984563744,64.63180934997465,66.25570906978706,71.47702780016334,63.729198833576795,64.6748581510937,73.38876737837182,77.84366591931293,73.01032504518915,77.7650201980194,74.00783548945354,72.64532479806063,72.52593247659935,68.86247302619677,69.61767682727586,78.99064082762932,70.0029883573607,74.12836693157927,75.37859448377881,73.65716156830788,66.63376643973426,69.39585528255716,72.65617093287605,66.68824797185395,75.21791827269652,68.15971782547139,81.57954609584209,69.12278141328574
1610555721.51RNoQUMP19FTMS79BmA3JkgSm2IC2AQuQ,70.82019749903714,54.86795240567275,73.60601587708256,65.14359817460247,73.2676826299996,74.43786705772361,69.48006804936031,72.00293619982422,75.75712940892141,67.3788627372312,66.42760214860526,69.4937806585495,62.72492672310702,78.79415862350588,63.67969282133208,70.60670078823895,65.70314734868849,0.0,76.88607984920168,68.78021593490253,71.42839107461774,69.63149372997215,74.72666068771568,70.808222336511,71.12925056941377,73.95252769296246,76.1388813999858,67.64112503501505,69.004746178944,77.9200967782501,67.78661565916012,72.10393713437537,65.26924543711597,70.0939550472017,67.2750426222547,66.25700422250019,68.15128018821127,72.35207463739786,65.98140369629766,71.54097174513322,66.50578164834336,61.91053223057862,65.76589359347892,69.38206952175044,59.391978742406394,59.96599934589382,70.32727997924489,75.59542653165613,69.76333086591508,76.18823943800342,71.60049821353526,69.82233713692494,68.71017231343426,64.86491379477023,65.32633844448021,77.19268212530936,68.22294414104249,70.52967929287874,72.60176990987662,71.09460888640484,63.5000221954499,65.83825962850837,69.96312402816221,62.800240467471845,73.52299539107808,64.38898603611324,80.97738418798015,66.5440130747557
1610555971.86O0cHB2ibBJ8jxoObg01EpGe8VVV5mpwn,68.35886372970423,73.4589959274786,72.59420767120338,73.92607535723586,64.17893017455303,53.38762092960426,71.57403876179232,71.89229964949533,68.25784026619961,76.94435815148279,78.60706883062491,82.24120614064068,77.17097088968578,79.82830514109101,77.17019429235506,76.21722221325646,79.06840858444875,76.88607984920168,0.0,76.46139929037413,78.58190011890876,82.68564546288313,64.90665214621764,71.37685280288886,68.6684730505398,64.25541043753303,70.4602424099546,76.14311405701108,79.14570644303886,69.33100233441623,74.64243130208513,67.92508063506901,78.4753524237228,76.94199620962559,75.7795148080903,73.76444696915001,73.98517854119062,77.87654887062517,74.08070635460255,78.5724161213667,75.07265443015385,77.00461102833575,73.34790893671934,77.20236481626688,74.34893556372893,75.15075807470984,76.42532851628087,70.03900658422947,75.60989582654288,81.1418764749107,74.63284449135064,64.13499458436428,78.76810278599535,78.73131869229935,75.11178430619063,68.18090080055386,71.70408965490307,77.70837012737894,74.13929893115734,63.83949638984428,76.458166522153,79.8216209670032,77.57776695487175,75.6581572048614,77.5172887589975,79.44842694029438,83.5056480927317,76.3431382864736
1610556911.51zU3duZSGpcw1BDNsBLxdOCITAXwl6z3i,67.27075215480718,63.51244494749956,72.37640661419618,66.55656730219428,69.0364667258622,73.97028778930822,70.56847717000757,70.29625155666602,70.52727282265093,67.0617640551843,72.08449385900032,71.16276678614405,66.68959296138341,78.33627804675201,70.02436939395527,60.6271676911862,71.96064682516644,68.78021593490253,76.46139929037413,0.0,70.13455444554543,77.22612089815462,70.8367385222735,69.3795466574567,69.17131986679196,74.06471189325536,70.22457651271785,67.49540760242094,72.53281750835816,75.76406170344362,64.25593475397955,71.4551943237144,66.58515293805856,65.69325706514634,64.98602586656054,65.6067524947415,62.5962853137521,65.32493524496302,69.08060786822398,74.8477262392861,65.48983963381202,68.29597550751706,66.6817697913744,69.64529914653559,66.54591554141044,70.28836373154512,69.50254594465929,71.96390907276484,67.94265647263114,77.87222547142866,65.53014068283152,69.36813577256147,71.92809180141806,71.65550504086184,60.82537512177443,75.29522234789246,71.8889356628408,65.26621297005624,65.45595714610847,72.1189069398613,70.52095241915092,71.58311498161264,64.47820187428711,69.02412762232063,68.09859131778862,72.34088113225623,80.8778885892193,72.61654455731593
1610555988.71dMoYT8250UHHJGxgmITTmbHe7V6gH1yU,76.04482560006323,68.80112025256517,79.3344141372994,67.6328044634076,75.99856488430366,76.02918679913725,77.29049389087494,77.43351180234802,77.03887887348812,76.19180097898517,70.02977234411641,59.00892960457892,74.31296835473913,84.11019913727404,73.39955549053184,69.81992397076932,71.50882979468633,71.42839107461774,78.58190011890876,70.13455444554543,0.0,76.32610294800484,76.30772754383578,77.16363444595312,72.68981271137311,74.9573792652037,78.36237114565313,63.71675984192779,72.1899187206326,80.53998573010902,74.16168610627412,76.4036065053532,75.56613341886946,71.16816822307194,65.4349493553492,62.41116521995953,67.31377429194201,71.72375206549513,70.50850656819695,76.75081276757358,68.40731890400716,67.99902851301867,67.68257433905937,65.31323637688054,67.74635088705067,68.65209227511684,74.29299666018298,78.02999103260349,75.35952071509166,78.40001310276763,68.87009603192301,74.18834218553086,76.74482070309507,73.93175197169057,71.33210199339176,77.71810274581537,71.97271950709694,68.33642082204412,70.85631396984617,73.01628287459862,72.10763272572093,75.84902013021137,72.15971201488071,72.33996599089991,74.42098882572589,74.9046162958473,80.7293465797803,72.56807539908039
1610556042.81mlUZsSp7gbGjrp8jQSnybT1gPy6e62o1,78.84617928764443,68.96696397754242,81.56638812686205,73.6620371243021,80.26392412064098,80.8532097987948,78.05379051231205,78.75076192363822,82.54023239934499,76.19690369605804,73.67989978146882,76.39896412733762,73.12422428506657,82.25989886514809,70.60906218991104,78.2819977543332,73.72726841514945,69.63149372997215,82.68564546288313,77.22612089815462,76.32610294800484,0.0,81.39984381560619,77.56634402898803,76.690406385519,80.22614464050896,83.68008021476432,73.54663093622001,76.14539532742842,84.3183443241683,76.29536966810659,79.12698276412047,74.74877872247045,77.30638147808772,74.00561846667097,71.49199061766623,75.31692329320191,78.76281377971699,74.21037325306173,76.94753152322393,74.25915615601652,67.36969646985752,72.52385156378375,74.66168606212572,68.69776368897902,71.2782098532502,77.14303195882837,81.38215918943878,77.47708148334438,79.94388901936792,76.80794342293794,77.2674721791958,76.11558298184482,69.63553744196773,74.9521858981863,82.85976543590702,75.25444650088636,77.25778299982979,78.77512171097693,76.04392716373667,69.69164795709577,69.50584485432391,77.00606076314305,69.45597097288693,79.43606049386732,67.39027492102109,84.76513699964184,72.67400439488695
1610555637.02UBW5nKvDyUrKnaWcYRGajZPxTRDS0q3N,63.29299373175028,69.0433162701903,68.30819521025082,71.18306009165818,58.13063140975874,62.119729152986636,67.8184860099827,67.01779103096808,64.41486243947874,72.1042515519025,76.51158469523364,79.01363246993958,72.42582968410598,76.6353707354084,74.260736703157,70.73423375260604,76.28986274535087,74.72666068771568,64.90665214621764,70.8367385222735,76.30772754383578,81.39984381560619,0.0,66.70968534747027,64.65242901292889,66.09182497197358,59.440215161029755,73.86686876777785,77.20465077965652,62.06327071870976,68.15172106510974,61.79775699831518,73.68055567815038,70.88500213487913,73.85575050518045,71.87416031512068,70.68128894332975,70.03406779603898,70.56077375423072,77.90341203959484,70.65819106059689,74.25761129690429,71.56286211064268,75.60871536740427,70.83944179990044,73.46266343838973,72.64256914072803,66.79981521123167,69.2239847431548,78.506043133038,72.87017677111402,62.359649741873376,75.42765227636256,75.45274733608234,68.89823857708944,58.92186256773221,70.8999328682773,73.81783890731542,70.24345575202913,63.88590166776491,73.43398381091487,76.56712983319348,71.35560095418884,72.27398734144367,71.41281209568328,76.60715559745304,82.45950160863366,74.72856512483168
1610555619.13oUYNikU4facCTpUSiSLr0vPI0tJLnXiT,52.40045082250068,66.4777900220421,49.62301963798141,70.81350443812876,63.70480264595132,70.54845286435274,61.54285458472142,34.97201120583698,62.78112783511904,68.51539918174308,74.63729215563421,77.3640150518571,69.05336519122638,66.34341780969754,71.60196546396806,71.07869649482879,73.86084052494346,70.808222336511,71.37685280288886,69.3795466574567,77.16363444595312,77.56634402898803,66.70968534747027,0.0,69.56767571201992,70.57524930483811,65.64963455751011,72.57297263790755,76.46780556743118,66.57871534086931,67.65272594423026,65.33502184767646,70.48657123369331,73.17171630373383,72.09338738686482,71.13991223165151,70.45259315476892,74.09928588792071,71.30007769409414,75.42131191958694,70.37777397902192,70.18404378019704,70.0138007839927,74.98950936253044,69.58047573374098,72.58853867565463,72.22791532421087,69.85449822275474,69.20260355387116,79.74160966700923,71.85462083928724,64.65248089400218,73.10252797887986,71.86282380718903,65.2347472533608,73.02599745969745,72.40180155806493,72.19729416852597,70.80787036465395,68.34268132076329,71.53259396772768,72.35656278040165,71.09710187229847,68.69312474805206,73.3939244730049,71.6005808630995,83.20746611365773,74.44516546890344
1610555721.03nzkucfjAUh31zTbmCVvTVYqtjoxZFnBh,68.082607492307,65.68262859100933,71.62864866113078,69.15173709993876,66.10008346519642,67.14925506279724,69.84851355188319,69.95300118516626,69.69255385963535,70.32322111862928,73.41693766342021,74.58345144780692,70.48436982033668,78.25034693893294,70.89126424624989,69.15140525436651,73.15742670376784,71.12925056941377,68.6684730505398,69.17131986679196,72.68981271137311,76.690406385519,64.65242901292889,69.56767571201992,0.0,68.9158780635823,68.57842989943678,70.06296812166467,71.79884663858,70.56525598625193,68.76909867464488,67.01613331121168,71.11878938278711,68.42224045841144,69.33088634905158,66.26022101775719,68.32733750015264,69.46505479075205,59.64920473613142,73.64886337904706,69.00420424752697,70.53140614828658,67.43907832353449,71.74830719259361,67.03146307377635,69.48718932847284,70.69740817816651,66.13182664743505,68.25777799250557,75.4859970506664,69.91329736072993,64.8620920015455,72.38151844214443,73.5948866548535,68.43828650691496,64.84646071162037,63.91607301797493,72.09352657016586,69.11009306091437,61.858272398619185,70.88313364556454,74.0979952650217,69.5554726376737,68.92343703404067,68.44981687914058,73.46377967654662,76.39502922503789,72.27121543839777
1610555722.67fhKURdXVzRbLIjXmjRwdJHTnE7PWb1AE,68.38668621393852,70.04306536387614,72.372567917429,72.50372866695614,66.95758472863906,51.5713335625454,70.38035849992852,71.12737233837797,69.5773418140354,74.04735229201907,73.81227562946658,79.18211545650053,73.45639060744492,77.68744712344478,74.63596636924845,74.00421084928836,73.9902736212434,73.95252769296246,64.25541043753303,74.06471189325536,74.9573792652037,80.22614464050896,66.09182497197358,70.57524930483811,68.9158780635823,0.0,68.5407607250576,74.16553352426118,76.90817497301155,70.01717348589112,72.46915290525992,67.11982846052156,74.84534710277997,74.3775867213885,72.99368154954686,71.31586990141268,71.8112549094521,75.57980671337742,71.84406380138923,77.53256701306535,73.22195740763705,73.84936101893085,71.63399390770115,75.66351466519275,70.58037840939824,71.98477133607804,73.62541035197302,70.54117923596432,73.70867619376516,79.42939175175196,73.38935976469432,66.10911976842074,75.27175224172419,75.05335363743988,72.44393527619489,67.38897515986709,71.42103315933198,75.52669796127202,73.58112518785491,64.98069611246359,73.2112603757816,76.5547125622502,74.97276159248312,71.8475334347567,75.92524537401638,76.01275209573028,82.7535605000309,73.97556953603319
1610555638.39J2ZWBLuLTHP0jOlzB4tNHmYeijH5g5YJ,61.3229239160912,71.06239686539573,67.51190679231085,73.87435471904377,59.85044216450038,68.53419502571218,67.20910687991464,65.83582189729874,62.11004318033072,71.84377077977476,78.53551733776331,80.01787989656499,73.54837223811738,76.19696855983752,75.51767564533682,71.60731620418964,77.39582391914432,76.1388813999858,70.4602424099546,70.22457651271785,78.36237114565313,83.68008021476432,59.440215161029755,65.64963455751011,68.57842989943678,68.5407607250576,0.0,75.79214049476678,79.50597508290542,63.814944810202256,67.07865541506038,64.87861733266264,74.40644450818588,73.59323364906551,75.4545035817281,73.98632103210251,71.99120826837908,73.25864819976375,72.83484302172502,79.53594123572435,72.01907446947537,75.78464839596053,73.50967552199594,77.93161832174982,73.29297153263502,76.43633268176795,73.43224365504727,66.87886388126608,68.63224195782182,79.53923003937099,74.99978422518662,63.53798440795301,77.27130135183914,76.80430324729842,69.21068681249155,67.18172177124887,74.95854434415861,75.85696775958415,72.46587805123949,67.96568177263035,76.26399167099801,77.88976645747174,70.15945561365177,74.37349898639084,70.20270584936546,78.08984901664896,82.75283184592222,78.51128671219452
1610556032.17Q6yCDx9g7alRnL9jBFXD2JhhUyB2hKfJ,72.07006837358215,63.55194535526817,75.60296301706357,62.623478755351535,72.9576578734932,73.7803620190545,73.29380927935244,73.68229383162792,74.77835639194645,70.59748698639929,69.77656047465901,65.47457164606774,67.97252256678483,80.80444982447113,69.29899850580088,66.35187372235632,70.28887791759348,67.64112503501505,76.14311405701108,67.49540760242094,63.71675984192779,73.54663093622001,73.86686876777785,72.57297263790755,70.06296812166467,74.16553352426118,75.79214049476678,0.0,69.87692382220094,77.91254577350436,69.24402454334873,73.17879859897806,69.27121305287066,66.37553659451184,64.66741665790228,62.10087857343165,64.85388740026762,68.07792183559499,67.83113432859291,72.4579177708732,63.76840918680977,62.7305314559198,63.56857824227249,63.68845650238016,65.35942972539307,66.41415825199148,70.66372043301675,75.00596877191794,71.30024105379096,75.94719385464006,63.23079024949674,69.51552969358129,70.38248548155589,70.2102283405058,65.91563237957867,75.85427338956674,70.62667878321764,66.20043873884667,64.62718083967992,71.12487200643173,67.38145473975551,70.84966910384746,68.34970380728615,67.51319202597706,70.68931006375138,69.35416830505119,78.81081759542081,68.32314970209944
1610557007.49MyVgDnuUuBxrvL6SGOdhKf69VYlW1MSm,76.20006266410972,66.7819146394328,79.49015905620371,68.45573725935715,77.39675335622194,76.6127079778562,76.69872338102581,77.65442359078656,79.1228762636015,73.27887462833037,71.67717039521364,73.728868115806,70.30927454656849,84.30373681903356,70.99373208746896,72.49242371256229,71.81994806868273,69.004746178944,79.14570644303886,72.53281750835816,72.1899187206326,76.14539532742842,77.20465077965652,76.46780556743118,71.79884663858,76.90817497301155,79.50597508290542,69.87692382220094,0.0,81.79990372510078,73.08687519039879,77.26257263905553,71.26975927721563,71.04698443470629,67.08595556823401,64.2092500568573,68.39584673409517,72.05138816036965,67.27651436751496,74.08744276947392,68.65911727657736,68.66827980648173,66.29054155198286,68.45850483857471,64.63392200212711,68.26474847945352,74.22301559846096,78.00188138310477,74.23153782310885,76.41591260152988,73.08758423057473,73.08407579623648,74.47605969170961,71.3714183103246,71.84241399837072,78.72706480683871,72.29648247288904,73.90557504189862,74.313032276915,73.08759337206375,70.61667617350712,73.05664377376857,72.27151896951287,71.32042002464593,74.32236940688773,71.7051152248018,80.01610040963584,71.98984956465843
