,1610555604.25mOvVXuL01OCiReyVWBfesjuvXmB3MoPy,1610555605.43B6oDsBtWRQ29Q9UMQuTUEPZy3FSSWXzc,1610555610.92HPGJJSmyPM40z7otPBgHalNrHFA7zk5d,1610555606.68LaSQbm9EHAFycEfFtEqAwYqlBsQPjIRW,1610555617.19EKxMEwDHfXiEJZc27TsGoERaD6Da4BZU,1610555722.52PJ3FD50MGhRXyUD28vluU8Z9UjLJLZn4,1610555617.52Ijr5puT55g9apK8auM7zaxa3NANg502t,1610555638.77ZLjTLkz4jYJdFMI2wWBztzsDILkoOtAk,1610556912.46C7tJPLF0XfNnm8f1820X9aLmXMHoc0Dw,1610555617.51LjzIROg0aeCP2GhDcAVQ0LipKJB9jmKc,1610555608.17OpjjHobqRkX0UPcaXrbu7K6L3805SZri,1610555721.82zWeNZfGUUfRJkgnAwlP8VMhPzXctnSd4,1610555735.75bom85BDF0C7W2eIseHeMxi24qR68nzMi,1610555735.77NnT5xqKnwcf2BbjIekeb2arTQj6QMNwk,1610555638.33wjf1PhdNaoWfbRzXVn50hmFyB5bYAiLV,1610555606.65jCE4ig8Pu8kvAzkxnSGfWsV0nQBjCf8H,1610555608.18ONsBCVo1i7BrX0XG9stct4oiA6ejX9Oz,1610555721.51RNoQUMP19FTMS79BmA3JkgSm2IC2AQuQ,1610555971.86O0cHB2ibBJ8jxoObg01EpGe8VVV5mpwn,1610556911.51zU3duZSGpcw1BDNsBLxdOCITAXwl6z3i,1610555988.71dMoYT8250UHHJGxgmITTmbHe7V6gH1yU,1610556042.81mlUZsSp7gbGjrp8jQSnybT1gPy6e62o1,1610555637.02UBW5nKvDyUrKnaWcYRGajZPxTRDS0q3N,1610555619.13oUYNikU4facCTpUSiSLr0vPI0tJLnXiT,1610555721.03nzkucfjAUh31zTbmCVvTVYqtjoxZFnBh,1610555722.67fhKURdXVzRbLIjXmjRwdJHTnE7PWb1AE,1610555638.39J2ZWBLuLTHP0jOlzB4tNHmYeijH5g5YJ,1610556032.17Q6yCDx9g7alRnL9jBFXD2JhhUyB2hKfJ,1610557007.49MyVgDnuUuBxrvL6SGOdhKf69VYlW1MSm,1610555638.44hjT5hbYdKoE3MB6hijrjqbjmLgvCUYKD,1610555608.13zUvmFSCRt6SsLbhqFznMEvGx54GPGQzM,1610556038.62a5C4ynd1AARyAhTv8a58NCqHvXRjscqH,1610555644.45Xse8u7pusHNsd7F3d0A32HXvXr6weOJE,1610556038.62gKXOCG7XCn55eJvyl5voNjbwOW0znQDq,1610555987.13v0oleKK97pkesp6oMgprH8SoSdoDVdIO,1610556964.96ZLLeiQW0qpmxhPGTg7K03fmzkqsC2bjC,1610555987.13VQlEedQ50VvkPMEMzZDv3KNnQCewykN9,1610555982.186TY6MMGkDecIN1woW6vsfAMXVV7jnyjO,1610555982.673LuMndkwkvdmZOn0MmE2Pkidx0FtNalb,1610555733.38zItcuH7gHNfKdALR2d9Nek6bxCyw36Vm,1610556034.15BQxSbZINGCay0yp6RBVlgcPrw76Yn9ON,1610555639.37BPZpgtGml8qUsh9AdV4m32jPLfI2aNFq,1610556965.57S0adAalhWYe6K3bkZU0bRHbqnDK8gGkR,1610555983.54zteLPCMjyrjzPdhHhlZr3faCgD0TfYr3,1610555987.79rHnNRmt9a0ufmnwCvZqBouyUoZDNpylW,1610556960.041xWER61rmArlsKfiMl4frikWmUCnQ7op,1610556035.13a7NHZDutfTMJ88qle1gTYY59Dr4WmMsj,1610556890.456ZBDaY16bMtrTZTqAgHl3wq1tRxzqDow,1610555760.24e6890pkbyZ97Or6croI1rQgjkSsR0yVt,1610556043.02YpWMIJg3W004iqlPyv8OcVAZdSC5rNYw,1610555987.03z05P26TLtONYM1HSzupoc2CeNMa6HTqr,1610556032.15OYCzUxpsz7b10AXBAuDXrvEcvxFhf0M7,1610556032.63Z80yI9pNwS3jSmsDABbuhf8wkNa2Ze9y,1610555736.28eGuESasTXdR3SqY6pHhEXWZtcdciYLCO,1610556034.61bebeZA0MkaFG2sm3VKiqrxeqQginTTW0,1610556944.5XwXOphKYT3ZkWA8gViqOS97VHVuMVUqb,1610556944.745UVLFBzf7fPh4UH37I6tYQOFPqRDytEh,1610556034.63XsUwaFaPZevO1JNFjfhvY4aKNFnV4noV,1610556964.89xwBHw9faT1HjQRMNQEyA4qJ3hWkwgj3k,1610556966.74DydzH91jtyvRyYau47JpVkZoMRSNTt01,1610555740.77UueVziDbaXyRR4OcVJIIZyzOfAzN51bj,1610556046.84e3vwjyRCzqz0wJQhrk8zsxlFfFSv98Df,1610556137.99eoPuVrDThKAOvmeprLPb2FWRqIhzUodc,1610555740.73XFwSrmTXJPlaxGZSefh0jOVA8PI3III1,1610556123.88AOfNaz9jSnqU5Czc7okOv1RCrYfKFBTo,1610556046.85nB7NvyoYQeLcOV391Lmmut1wAM8CFGLw,1610556123.89H4pdIAzDthI7bMXMhlIhKUYIQIvtmPPQ,1610555740.87GOYQUJKpkynIS2lFqppYK4b32ol7NeGh
1610555604.25mOvVXuL01OCiReyVWBfesjuvXmB3MoPy,0.0,49.091946901098645,12.349032617586447,45.88426062944989,34.993044843879,39.18084586809833,34.19688855074904,18.43023826116199,29.167626836555804,35.63286279032545,56.65822648844912,47.19967478108297,43.8511243918119,30.55459122501164,53.17737094892967,40.73611387777985,63.3424018782141,54.37285361485071,37.0928186772117,33.94495006011513,53.46837655347022,60.7193022270736,38.36815360344155,14.484933372630564,43.82654657673106,44.89519360320116,31.97284629872947,48.79160053586367,47.70550799864893,39.049230686405075,40.464453299262196,40.826953616497875,41.62126297738136,44.631814471267305,45.64436868329188,48.67063741247422,43.63865413274222,42.98020187470478,50.642387803973946,48.062993654859966,47.56519968349957,59.35610798120879,47.70944978930661,43.63728935265452,53.062663685759915,56.1234677798297,44.6120317509498,37.716779871223146,37.08633386727383,47.91325550910162,37.96601777517774,39.415978946887215,49.91038334239331,60.183913316880776,36.94253079409868,40.790216297989794,46.08687898810726,42.37350339730627,38.720135211333414,45.622684314977015,57.849406963991946,64.2094355412879,40.26237108485591,59.51768950944946,38.87722180073689,64.81309604113562,44.12729764575621,55.18100969730156
1610555605.43B6oDsBtWRQ29Q9UMQuTUEPZy3FSSWXzc,49.091946901098645,0.0,49.11987469876557,50.10415057725745,51.45680935520659,51.82230290887942,52.00529697062237,51.45361449400506,51.565802881200646,48.27436956097988,55.70125441027899,55.56107599644764,48.72922019432743,53.062229487746166,59.73611420853806,53.91896108333952,61.79610224060572,30.063541156950492,51.929478735043844,48.64696112725771,61.11295807940459,60.55513814153002,50.135791164057565,49.99609995459329,53.279385339524715,57.73028521272789,50.728784986320846,56.20364632214255,54.017626103393845,50.20793492418869,54.79979323365744,51.390009260024975,48.879485486274795,51.22850400033565,56.589644231485096,60.49080568563301,56.004575156320044,49.69321493975272,51.86229602401232,61.28975045101872,54.61447619913138,61.93649748685294,59.01422192248782,53.30699559786281,44.83406397971679,31.66642780563617,57.83212823964073,53.85369017753177,47.61366281357837,59.43112680452395,51.93162862425503,56.04029787610521,59.371627793673916,61.96355463294019,50.9442716059581,52.6170700177455,54.13294429552641,52.17125055953851,52.979010729520844,53.862742933531365,60.48440983136064,64.7118347308502,49.43731630984052,63.26706828585462,50.487016548685396,65.54846379563807,56.41354396477403,59.758231124949184
1610555610.92HPGJJSmyPM40z7otPBgHalNrHFA7zk5d,12.349032617586447,49.11987469876557,0.0,45.86128590566166,34.93086498449858,39.588764103156755,34.10972608351443,21.650604874751288,31.447271740529608,35.61143545563893,56.67790750747913,48.26589993690679,43.89137100461156,30.912297646574995,53.773747654272874,40.69997127607028,63.36343827390143,55.32576430791161,37.995960283776036,34.10080251555152,54.56528899731565,61.49132226749826,38.358202400602494,18.59301537140446,43.685681800843454,45.92265081153365,31.905711124743174,49.15769090025483,47.70628846784491,39.02509313164093,40.41313592560654,40.84215003939067,41.65041858636237,44.63451677684179,46.4082090433448,49.07598531729156,43.845724084514345,42.97978748720912,50.66315920814158,49.23125836991266,47.440208346150406,60.078572198860854,48.393096748963536,45.525731246453105,53.15812950793195,56.17107579785842,45.554741091207916,38.88971873697766,37.04972259687107,47.95671277241344,39.43704994271239,40.31276299564752,49.91207117862,60.20106668337573,36.892324754990334,40.78472062479846,46.80276699587661,42.352077030590216,39.665636154141204,46.276951841369964,58.73912003294817,64.18764385727106,40.27009446899714,60.002159459782426,38.86719058594674,65.63822558006507,44.09179516985603,56.14443651656644
1610555606.68LaSQbm9EHAFycEfFtEqAwYqlBsQPjIRW,45.88426062944989,50.10415057725745,45.86128590566166,0.0,49.159424373856055,51.39888558342251,49.86416860355241,48.334024016431066,48.195089821489184,49.18475196373317,53.81803771612658,52.799397880989005,53.889783095416554,50.82080142296151,60.490055927374286,51.10217915159882,59.920389089905946,55.46544060793628,50.381532326674915,46.3120445610442,58.023845108840874,62.61670256420646,51.23333496723162,46.975604129951854,55.64459649623342,55.81334011642684,45.34177941724901,53.698224873176926,53.777375083839274,51.35185767986267,50.47531991654362,52.60260754062249,51.60445904981885,52.905285336189905,52.84186802811769,54.34145956635925,52.77395997046294,51.258106632513446,52.045021757417274,58.69250244322621,51.60030544380514,59.26728967646051,54.93608823306955,48.06328499406515,55.0285760942071,57.6671206957575,56.4534812567817,50.532663171688405,48.16018465080672,55.531038006541756,48.562261254126014,53.165767918018076,58.259748029323084,60.37520970848554,48.539268116165495,53.83715547304384,56.81729623044022,49.76036824987479,50.09111967460833,56.273495790428605,60.6235548706083,65.92075552661717,48.53490815611249,64.98293099586418,48.18823599612976,69.21797578739766,51.61169901975726,59.55108527337009
1610555617.19EKxMEwDHfXiEJZc27TsGoERaD6Da4BZU,34.993044843879,51.45680935520659,34.93086498449858,49.159424373856055,0.0,45.09506936385536,34.742231129040434,38.6235473167638,34.931632120967784,40.39473444374397,56.44190948957681,51.88550253917029,47.81693419806742,39.69083025607179,55.607015183577886,44.02909711091488,62.20445280280146,56.13192548427437,41.6610144917154,39.63300359371935,56.51136827587107,59.92440197967034,37.020925461716324,36.85089586480119,45.4036850448869,49.619005076311936,32.719099622401096,51.86710159338568,51.255205984865896,38.253870253272616,43.290463306837125,38.28903517562871,45.75755649486213,48.130742015018356,49.30584151145109,51.710485791469075,47.54288279095251,46.609462096185176,53.22034116735002,53.48848588147859,49.804387551506075,62.33877747319368,49.9812652785657,50.90673797207994,54.56390906512947,57.657281285132925,47.90958875978725,43.6345547542435,40.69002342212482,47.294055927574085,44.8413887883815,43.20919957918424,53.087485125879006,61.336990083193626,41.72519514535291,42.92858614456937,47.6687829197673,47.233653575502494,45.329690314097135,46.393340713858144,57.93364211823193,64.08410033882141,44.49624987955032,60.031361360871685,42.04270355585454,65.92634281241854,46.250421822827384,55.625155049933674
1610555722.52PJ3FD50MGhRXyUD28vluU8Z9UjLJLZn4,39.18084586809833,51.82230290887942,39.588764103156755,51.39888558342251,45.09506936385536,0.0,44.95918337810198,41.89080976571038,41.014804895680946,45.31987244315358,57.69125480303941,53.455856725265996,50.39049874715871,43.19616632572236,58.71936068329944,49.61606622264854,63.40240214091031,55.96611950739181,26.27756326702088,44.2489308153509,56.72160334673168,59.992688929835076,44.23066984621493,40.14130664719397,48.32162539648228,35.672307026011374,42.69373369965059,55.609420798730824,54.905020448204745,43.36329393568325,49.15130196150654,43.41782852421538,50.025911669265795,52.58711080804252,52.11504408672816,55.46899496885253,51.908945042362724,51.34742365476187,55.39607565330892,54.81657645786117,54.45861471782374,62.10820871989595,55.10632655060395,51.30334909061922,56.57985455847571,55.99187662712441,48.21188800719921,43.107897846394096,46.53686014392801,53.25058001942453,46.78053145395593,43.61829305836071,55.70543177593088,62.38727643461031,46.01566452342444,45.20861779982498,53.00626936040549,48.738545703604075,46.683946106878,45.01020590705993,60.19455062745426,65.43060863620752,48.62587729587894,60.06436535140997,48.14434336419596,66.48700981280732,48.4600138800284,59.24068306707767
1610555617.52Ijr5puT55g9apK8auM7zaxa3NANg502t,34.19688855074904,52.00529697062237,34.10972608351443,49.86416860355241,34.742231129040434,44.95918337810198,0.0,37.85149688843453,38.28820113985076,42.59692854589932,57.216230693632994,55.04668274727109,48.79128605818772,39.039582829711165,57.21047549702594,46.907474781197394,63.808757748611825,58.09656734622969,42.80323800130878,43.20375533871836,60.4023083451653,62.578549151333206,43.05024043997975,36.03548338316092,49.04297188860825,49.203976850306816,39.41940551741935,53.460589973829094,51.73997961175526,38.32109641695514,46.393577048279425,40.17657731327938,47.687891479217,50.25994015529204,51.848415129086135,53.14572228551728,50.69371124777564,48.8792586618742,53.83546784010349,53.96985316882499,52.5714326408811,63.25545124827886,53.1603935864698,51.164033913254,56.20711037896603,58.65080832375873,52.63464158520863,46.94588184013291,43.02822830419657,52.12901932244897,47.799909675015265,46.83071374649706,53.62802856719776,61.33437148301348,44.16140371959878,44.19256808993293,50.835897729653254,49.654552893928226,47.272320068211876,47.68942605656169,61.16247743520083,65.2681731158827,46.90954760688398,60.96706757022301,44.645163148685214,67.25023898977311,48.67456341145352,57.97302631955527
1610555638.77ZLjTLkz4jYJdFMI2wWBztzsDILkoOtAk,18.43023826116199,51.45361449400506,21.650604874751288,48.334024016431066,38.6235473167638,41.89080976571038,37.85149688843453,0.0,33.0656585770617,38.878301310340206,58.79218124998241,49.75247709060272,46.47261969558902,33.1436367233177,55.357777218869224,44.07112190739315,64.93480110189107,56.456233522743986,39.97513931967303,37.31671816270797,55.50014809734545,62.51489379485713,41.408101853619556,23.18957099678128,46.46651626086991,47.092479507444146,35.67261808952702,51.46036979487309,50.3913685345712,42.06310300077537,43.276774122930306,43.68556875095013,44.39312598194951,47.59059439583895,48.45999735837788,51.346563206364394,46.297329949719284,45.64412877258099,52.80497683659385,50.34798402537497,50.016851639206756,61.07894675629378,50.21696125426058,46.171896375938466,55.1935250005449,58.02507287481242,47.314912823056666,40.918228148051966,40.22410156509118,49.76119401997365,41.01212630428729,42.80969795925848,52.10982743245623,62.17645027866549,40.46557143540158,43.524736426243244,48.86504308896621,45.149372872174666,41.15265579425116,48.0002111010415,60.01467481418774,65.83392903651729,43.32117629210637,61.06667841749025,41.841378856698924,66.40420320919262,46.73588128770515,57.60468600915913
1610556912.46C7tJPLF0XfNnm8f1820X9aLmXMHoc0Dw,29.167626836555804,51.565802881200646,31.447271740529608,48.195089821489184,34.931632120967784,41.014804895680946,38.28820113985076,33.0656585770617,0.0,39.343738145970384,57.862113091671056,48.70292527572463,46.75013871352199,35.9236337046916,53.71804167454425,44.095524075995314,64.48350031877945,54.66410258558297,36.210765351837225,37.44621593027597,53.352270288490615,60.77677186701435,41.54224653522863,30.52980626051306,46.50543238700902,46.470603698202666,36.155881323279196,50.39119747285863,50.91057692687421,41.907670321189904,43.5975727251313,43.51155847290038,44.72105484680308,47.5974514814993,48.28633385353057,50.96475453036205,46.091275322301186,45.97662804033408,53.16246931365044,51.16000430970834,49.847216757229276,60.05914565269261,48.6155198607293,47.396004464301896,55.15889983435855,57.82255802751032,46.02042728602696,39.25124292554672,40.68627008619351,50.22154485596473,40.61426336916715,42.46120188705887,52.492669542731406,61.76964529202984,41.34059988990385,44.12471815796402,48.35000824618511,45.67734916494383,41.06370661514927,47.176848905006395,58.15432360415977,65.80201526319605,43.62177490602326,60.06674435319193,42.31720829771294,65.80473875935176,47.02066184961682,55.7216477556632
1610555617.51LjzIROg0aeCP2GhDcAVQ0LipKJB9jmKc,35.63286279032545,48.27436956097988,35.61143545563893,49.18475196373317,40.39473444374397,45.31987244315358,42.59692854589932,38.878301310340206,39.343738145970384,0.0,59.340737805292356,52.647439523560784,28.303041376179724,42.24462419807169,56.29558950611387,44.65274940992253,66.19025047671806,55.723691162530464,45.522744607518916,39.575730940399644,57.99065470515287,64.03022479384704,40.82663542548184,36.83161580621083,45.98305829535473,51.86341243051336,37.640824557623375,53.55626264678149,50.09944630262584,43.0034889043181,42.305228507221855,44.60488548012291,21.89670479432179,47.06122896130647,49.72845677807628,53.977171723584604,47.257947053999395,45.13331589125035,51.55578479766748,52.35336195408861,50.65653440937948,64.56063133912782,51.05163196779539,51.68232851137504,55.081708914607255,56.63486113381362,48.61921165952031,42.982244910673224,25.31688363964455,51.52530858573737,44.62877306563762,45.12168557080556,50.458813750786724,61.81180009344284,41.63712900875161,44.090262842824394,50.51791098502286,45.0753787162843,45.38395943695018,49.3007323039245,60.68760776258283,66.74427438987807,42.31656154217983,64.51643093320214,39.81315932861299,68.77344201448231,48.650550735273825,58.35846855975705
1610555608.17OpjjHobqRkX0UPcaXrbu7K6L3805SZri,56.65822648844912,55.70125441027899,56.67790750747913,53.81803771612658,56.44190948957681,57.69125480303941,57.216230693632994,58.79218124998241,57.862113091671056,59.340737805292356,0.0,58.764258338187815,62.0979707600709,59.78647334803143,62.344015092319786,56.88923504514245,51.735141088737514,58.65457196493155,57.006185535076305,56.30127441802178,61.05403450869011,62.078945469139946,57.00549787812518,57.69816977150609,58.14229640091125,60.064993671922984,56.095229044491035,59.89180394716626,57.65832893380763,58.54524912004616,59.87876031109714,57.20291001455304,61.186332039041076,59.7033666094651,59.00311903570248,59.79370279718965,59.88690430424521,59.73816595412355,61.18670454050157,64.08818750064316,60.04777990211873,57.287944362988476,60.775553167653094,59.01115099653014,58.53108261837071,56.26119415394339,62.35614067737077,56.73572743473572,58.38259995335268,58.194091816496666,58.629930787790876,61.04788311731515,61.171498989862314,62.43037886812774,58.007447690035455,57.12852187596661,59.17603815815939,57.9085328926478,60.44062156962409,59.48987019851015,64.31871704826888,62.282488336524736,57.01157750851908,63.21357872474489,57.2844940008988,64.98853011383517,56.18103858016039,63.3533925451354
1610555721.82zWeNZfGUUfRJkgnAwlP8VMhPzXctnSd4,47.19967478108297,55.56107599644764,48.26589993690679,52.799397880989005,51.88550253917029,53.455856725265996,55.04668274727109,49.75247709060272,48.70292527572463,52.647439523560784,58.764258338187815,0.0,56.252834862950635,50.68419557976576,61.69513167897341,49.26289232637426,63.73823517636549,49.31550080732161,52.92117891264662,44.84464391487329,44.09362238382654,53.32034930670147,54.096099536302766,48.87010774203641,56.39354536741967,57.24515481444429,50.62818345239596,53.32756350364983,53.116450144241966,55.72338109415545,54.586374056416545,56.37518763490878,54.08186359572968,53.509494731194756,51.061273974636244,53.43948990367446,54.59301386797988,51.94926108433228,58.387932777931816,59.68063430042388,57.584145474509604,57.203869496251514,58.58783299033694,50.52747104988424,58.264047884500734,59.202241565578234,55.881926591571734,48.726955183406645,51.067188861921714,56.13707825370943,32.47831431605728,53.002655474373775,61.24129434760609,63.0823217948967,51.28207347523424,54.8468578098177,56.595113353693186,48.91817371816039,46.47022037375111,58.19132839269348,61.90120391160966,67.01156610024535,47.582678583937465,65.23874719292915,47.765763199600116,67.27108954246432,53.15583592139451,60.41473613702499
1610555735.75bom85BDF0C7W2eIseHeMxi24qR68nzMi,43.8511243918119,48.72922019432743,43.89137100461156,53.889783095416554,47.81693419806742,50.39049874715871,48.79128605818772,46.47261969558902,46.75013871352199,28.303041376179724,62.0979707600709,56.252834862950635,0.0,48.83517394162872,58.305287768433445,49.45438272715667,68.66999867724034,56.108081824550574,50.49316648521121,43.66162361509754,61.26542248997153,65.419156087087,48.02108442337473,44.86240336314727,52.54214618163504,56.387386803859066,45.643701337592745,56.93399671184279,52.37889695371609,48.906683599363824,47.36195490062641,50.11205459083189,18.842613949426475,47.31467265856001,53.86908333947561,58.097219600585916,51.83782331839199,46.088396491841266,56.13399579850533,56.151405856691774,54.61576415729099,66.9140217024549,54.879916357884376,54.76460115525594,56.144253595080436,56.857485213861025,54.052790535612196,49.69520534351788,37.88003434409414,56.139117450299864,49.87926542862537,51.92966724775955,53.70083015938537,62.90629848506451,47.17103704166111,50.892875366579794,56.142374388101985,50.029234601835036,50.538457296912696,54.224744231231455,62.05189540708527,67.40470132582516,44.60401200767532,67.09017711802235,46.57525053110719,69.18102691902739,53.31983806010006,60.122634391589706
1610555735.77NnT5xqKnwcf2BbjIekeb2arTQj6QMNwk,30.55459122501164,53.062229487746166,30.912297646574995,50.82080142296151,39.69083025607179,43.19616632572236,39.039582829711165,33.1436367233177,35.9236337046916,42.24462419807169,59.78647334803143,50.68419557976576,48.83517394162872,0.0,55.71886790633504,47.33129523288454,65.61361956097598,56.92893541716109,41.368853401033306,40.568372948964374,56.8415705951635,61.802222156239225,44.203386218178785,33.18222541959624,48.12564990205866,49.32383833423169,39.3751612977484,54.40911372321696,52.79798975622161,43.34729795603415,46.684476635086206,44.945169801264754,47.35960861737507,50.924647354983016,51.75270714535615,54.56137130368753,49.04343907578608,48.54827584510066,55.263367668964825,53.678635818356724,52.85842561118931,63.0385336825133,52.96465805320121,50.80708057175212,55.67749993011168,58.61281949623789,50.51690153304987,44.12486796549424,43.3770809884091,51.751663178017765,43.7967795917187,45.103333107836,55.44081853974439,64.1985527621661,44.39235894123922,45.988556088687886,49.86296025129076,48.78566011891906,44.01424255300321,48.66736701204401,60.99674136580875,66.87994181002149,47.121796118268406,62.33860496411011,44.74627244578055,66.71815649689157,49.107332063856546,58.54570769767727
1610555638.33wjf1PhdNaoWfbRzXVn50hmFyB5bYAiLV,53.17737094892967,59.73611420853806,53.773747654272874,60.490055927374286,55.607015183577886,58.71936068329944,57.21047549702594,55.357777218869224,53.71804167454425,56.29558950611387,62.344015092319786,61.69513167897341,58.305287768433445,55.71886790633504,0.0,57.109024134427266,67.03279259543642,62.376206018131086,56.983038375094054,54.5858052160933,62.568798717874714,66.54803832883405,56.92608526889363,54.142519229599365,59.54351819639892,60.01351086328518,54.22564372518131,63.920042371951475,58.3719192391775,57.645359109655494,56.143362479564125,56.68497001968534,58.190875361318696,61.895248929615974,55.98556080444414,60.71325576243454,57.183431404773906,60.179247915314335,63.06555432596076,62.49438281962214,57.041459287283644,67.63058829282467,55.757678342074726,60.7838576832862,57.3884225032613,62.864705877246806,58.73059548595453,54.448640198894395,58.046552476485985,60.50066142017398,57.184469665349184,57.40330604123487,66.39244128601945,63.77014739369194,56.53124625160732,59.580421462522374,56.60331980050724,58.2318534247156,58.95983199547574,59.88989149911739,67.00467463691456,69.16244343435308,58.3067761329797,67.49206751611744,58.2221281966329,67.79180938749018,58.185375712810355,66.85018844839503
1610555606.65jCE4ig8Pu8kvAzkxnSGfWsV0nQBjCf8H,40.73611387777985,53.91896108333952,40.69997127607028,51.10217915159882,44.02909711091488,49.61606622264854,46.907474781197394,44.07112190739315,44.095524075995314,44.65274940992253,56.88923504514245,49.26289232637426,49.45438272715667,47.33129523288454,57.109024134427266,0.0,62.99190202998253,58.579890030612184,49.68074314655584,37.311219745733176,53.93139482805383,63.49838746145181,46.72985068545378,42.18816045360787,50.969364076445565,55.383834112073664,41.64998016190724,50.92241105462207,47.857693030882096,49.39312569355834,44.07137077915302,49.80104207243179,46.892363321105464,42.79768241375085,41.336899963878224,48.34838225715898,46.55135711980057,42.58240022940604,55.85871425461213,57.23881012398904,48.78777667670358,61.25543829251506,54.20273443683815,51.66415135703719,56.51131694351818,59.763975558516286,50.63779590389786,44.66706326459566,44.804140641119396,50.82364431639863,44.030243507807995,49.31293195581839,52.97857755863513,61.27347971177789,41.543681704257445,49.26059746432172,53.20869330001093,42.8610266077109,46.99185438266103,54.20792742836451,59.62579352127737,64.6991808689129,41.02067292836978,63.116058614779526,44.73177457547828,65.63639826761282,47.99559367349461,56.48379854732546
1610555608.18ONsBCVo1i7BrX0XG9stct4oiA6ejX9Oz,63.3424018782141,61.79610224060572,63.36343827390143,59.920389089905946,62.20445280280146,63.40240214091031,63.808757748611825,64.93480110189107,64.48350031877945,66.19025047671806,51.735141088737514,63.73823517636549,68.66999867724034,65.61361956097598,67.03279259543642,62.99190202998253,0.0,63.28513272080309,62.817617123248766,62.99877395505547,65.35432633889583,64.96014123971611,62.81186381797229,64.65014650483418,62.91196154887876,64.02257792969267,62.19648125253708,64.74877503741604,62.62282160513966,64.26747027065196,65.0634294051996,62.104851419968995,68.08925703542363,65.78384914267035,64.14983523050043,62.48035209156154,65.26702109139052,64.30317337661184,63.521907744001,68.94127586316488,65.2402399088866,62.084092463021854,65.22416432114899,63.56597577849125,62.45860741185257,60.97370684007369,67.07200330927212,63.0215834287676,64.55441405510541,61.94279674430785,64.82751498153071,66.36181379785744,65.83522319845729,64.42131904799923,64.51474844711558,61.904879775655175,62.77178000028395,63.9451849277094,66.52661052223033,64.36466485794782,65.81333345895534,63.3935287168323,62.8866382944982,63.581672689634736,62.42386699109698,66.97150979515432,61.16516841323167,66.1414217745433
1610555721.51RNoQUMP19FTMS79BmA3JkgSm2IC2AQuQ,54.37285361485071,30.063541156950492,55.32576430791161,55.46544060793628,56.13192548427437,55.96611950739181,58.09656734622969,56.456233522743986,54.66410258558297,55.723691162530464,58.65457196493155,49.31550080732161,56.108081824550574,56.92893541716109,62.376206018131086,58.579890030612184,63.28513272080309,0.0,55.04348808745275,54.273775828565626,58.596019507900074,58.65365848204652,55.7905459834929,55.132203014479295,58.52598113622775,60.36970109477948,56.19401626032526,60.02282088935551,59.045982421994495,56.641219722851936,59.66549704726622,57.67396572704761,56.2754278312317,58.24187931856285,60.91405834255161,62.6264764208208,61.35045795240914,57.17675518970402,57.208997199970845,64.57588793014357,59.88605588016393,63.07647331723856,62.005345795836035,57.18590002215109,50.941446105976475,39.86045425975022,60.67049282483989,56.45058484583344,55.25087877679211,62.418824159792464,50.55590291712635,59.97252490493314,64.49361816612534,65.21360771006546,58.049425684275185,57.98874247450413,58.02832012107059,58.15550775841577,55.49123487558977,58.41791084133065,62.468092565513665,66.3929908974747,55.17022707642325,64.40253844374347,55.756002276283354,66.78280481694706,59.96738016074861,61.85643473238583
1610555971.86O0cHB2ibBJ8jxoObg01EpGe8VVV5mpwn,37.0928186772117,51.929478735043844,37.995960283776036,50.381532326674915,41.6610144917154,26.27756326702088,42.80323800130878,39.97513931967303,36.210765351837225,45.522744607518916,57.006185535076305,52.92117891264662,50.49316648521121,41.368853401033306,56.983038375094054,49.68074314655584,62.817617123248766,55.04348808745275,0.0,44.37816014996404,55.901901475631995,58.33592532879381,45.286119105493505,38.42566848926555,49.56250622186761,39.805880545643326,41.46410331832107,54.850298372452926,54.89934057687416,42.27232498902023,49.332196161311096,42.26443972009159,50.09510273777131,52.47083406320926,52.30137752821917,55.056484530845175,52.159624560317255,51.2950754437894,55.51184684911156,53.80310508727265,54.15471724682304,61.43936031893248,53.51092073358314,50.3634217539992,56.29554901946995,57.03484484727614,49.7134192962184,42.85895015225704,46.74436997005713,52.19986286849566,46.02719036372072,44.52502767381584,55.91614372596997,61.993335424168706,47.339858818957346,46.9547740746991,51.31068242618812,50.15619003539923,45.69468160168198,45.245523503385584,59.10424521114815,64.95047558554246,49.15684384835971,58.72049442712113,48.01525636075907,65.65692958464342,48.0374035401754,57.61011906710422
1610556911.51zU3duZSGpcw1BDNsBLxdOCITAXwl6z3i,33.94495006011513,48.64696112725771,34.10080251555152,46.3120445610442,39.63300359371935,44.2489308153509,43.20375533871836,37.31671816270797,37.44621593027597,39.575730940399644,56.30127441802178,44.84464391487329,43.66162361509754,40.568372948964374,54.5858052160933,37.311219745733176,62.99877395505547,54.273775828565626,44.37816014996404,0.0,49.934557965220804,59.87121129464844,41.63821066275303,35.843494430912344,46.6792941678949,50.72952752245858,35.8996430647794,47.11505158204028,46.46738164933608,44.786611515999475,41.95599169120167,44.7567998167022,40.68230736180099,41.5019201477781,43.25523539984798,46.62164416295343,41.379204906026715,40.31170235107594,52.503051034885004,53.872441438601115,45.83334026086038,58.386909567530175,51.178108919200554,46.185845533784935,50.264396423579626,55.81292543385763,46.42051028601788,39.07333447832511,39.842919045462686,49.561807186700086,38.78727515759002,44.080580566382146,52.18900316581287,60.719645412113145,38.728108597901596,44.53261337829683,48.742229170553635,37.2445619623839,40.32720354503155,49.95099223235738,58.926733038198606,63.82166951272123,37.00327802527061,61.837382895863946,38.85830063600727,65.19334865883451,45.83942773305439,56.73169075535831
1610555988.71dMoYT8250UHHJGxgmITTmbHe7V6gH1yU,53.46837655347022,61.11295807940459,54.56528899731565,58.023845108840874,56.51136827587107,56.72160334673168,60.4023083451653,55.50014809734545,53.352270288490615,57.99065470515287,61.05403450869011,44.09362238382654,61.26542248997153,56.8415705951635,62.568798717874714,53.93139482805383,65.35432633889583,58.596019507900074,55.901901475631995,49.934557965220804,0.0,56.177905631384746,57.54233733402536,54.725363941777715,58.96467401586811,58.96355716035358,55.01663847562458,55.38515290423623,59.206079064194675,61.43516149225471,57.87402375464611,60.08386062316987,59.29557517510019,59.303690729671835,52.7475324752794,56.16377043715911,58.23786173228635,57.55566988444023,61.855069873325945,63.037523201033764,60.62355371273745,59.686280204930334,60.910047504202424,55.70097383370306,60.78963438241765,62.020554667426985,58.33847377960799,53.57715636897688,56.79162940490067,58.31460259838178,47.70531916882109,56.135458878010745,64.19210412751718,66.57690084897635,56.97524720571167,58.69343171721269,59.15852481425102,50.99434296838674,54.229747711738675,60.87094278615505,63.09988983112112,69.07908617230092,53.58591630898923,65.78790111225196,54.362934901939276,68.53170547708919,55.65532015486467,61.93027885461363
1610556042.81mlUZsSp7gbGjrp8jQSnybT1gPy6e62o1,60.7193022270736,60.55513814153002,61.49132226749826,62.61670256420646,59.92440197967034,59.992688929835076,62.578549151333206,62.51489379485713,60.77677186701435,64.03022479384704,62.078945469139946,53.32034930670147,65.419156087087,61.802222156239225,66.54803832883405,63.49838746145181,64.96014123971611,58.65365848204652,58.33592532879381,59.87121129464844,56.177905631384746,0.0,58.811688393273336,62.067873774600905,62.095447065951326,60.575719180162494,61.64375806192825,61.55374917476619,64.2455128717806,58.99396993659008,66.48255552198029,56.18654297581732,65.08683324322135,65.14658343998646,63.68422762814114,63.788944722349015,66.0521603843628,63.60924355488193,64.90087931791469,66.7382038071712,68.20428269887562,63.05187677282617,66.57834196312568,62.04708137046952,61.692222519834694,61.794933809847905,64.7496673556954,59.95402860939177,61.677546223884846,63.67686524137688,56.73725659917333,62.47093246712988,69.72291282741064,68.39960023755003,65.63919781039573,61.207679449825626,61.926034740793355,60.922413723063336,60.287376531239126,56.153456521337134,63.44517423003599,69.7717804849419,60.77210524607915,65.86685065462964,61.105010526423285,67.06380203852125,61.43716170633347,62.931222459767234
1610555637.02UBW5nKvDyUrKnaWcYRGajZPxTRDS0q3N,38.36815360344155,50.135791164057565,38.358202400602494,51.23333496723162,37.020925461716324,44.23066984621493,43.05024043997975,41.408101853619556,41.54224653522863,40.82663542548184,57.00549787812518,54.096099536302766,48.02108442337473,44.203386218178785,56.92608526889363,46.72985068545378,62.81186381797229,55.7905459834929,45.286119105493505,41.63821066275303,57.54233733402536,58.811688393273336,0.0,39.49690080333113,41.33175016063133,48.95354607954005,36.6721028665684,54.87675930621221,52.289135020551655,38.4003560295373,44.67132026448553,37.80024198518878,46.01610465968766,50.3182685685404,51.34243635190799,53.29140537962968,48.5196682365207,46.78644074234881,51.287219328826254,55.6689255513295,52.00099080133313,63.054584530344854,52.44766829040621,53.05388275729571,53.90198428417712,55.2808623250305,46.41522956157517,44.05556427848374,39.31013109192771,49.510696292487694,46.88957331074547,45.028252126192,54.36406444732397,61.009855089096206,43.15744630633541,37.13432068810991,49.73020174057638,47.07379678149233,47.49224920860614,43.167802002162475,58.45537254737521,64.57447792271176,44.494091988508615,60.2834799074895,42.8841781771235,65.49309330289393,48.038166546860495,58.54568221433809
1610555619.13oUYNikU4facCTpUSiSLr0vPI0tJLnXiT,14.484933372630564,49.99609995459329,18.59301537140446,46.975604129951854,36.85089586480119,40.14130664719397,36.03548338316092,23.18957099678128,30.52980626051306,36.83161580621083,57.69816977150609,48.87010774203641,44.86240336314727,33.18222541959624,54.142519229599365,42.18816045360787,64.65014650483418,55.132203014479295,38.42566848926555,35.843494430912344,54.725363941777715,62.067873774600905,39.49690080333113,0.0,45.009480965483604,46.065264575528445,33.25300657272473,50.329004930016026,49.005660830650555,40.148494236093235,41.47591775948716,41.906841004706486,42.68289149741699,45.70581895955807,46.61152807018386,49.9547890892495,45.01858923073744,43.987159769318644,51.52030116443025,49.539215591573814,48.49956987943702,60.354004785361255,48.683891533735334,45.57302654444829,54.1957410593978,57.24213727880152,45.545619865741344,38.97273267285213,38.23637014534729,49.69911665502643,39.69837814661811,40.975530415772496,50.73081082261645,60.834822581438885,38.36303006870551,42.29010484181498,47.8543000866666,43.395700856432484,40.4828974734851,46.827472241051666,58.672222907154755,65.1652157146415,41.31193903474072,60.4258904282939,39.98683574969163,65.42644643646625,45.47686822629971,56.225257418575076
1610555721.03nzkucfjAUh31zTbmCVvTVYqtjoxZFnBh,43.82654657673106,53.279385339524715,43.685681800843454,55.64459649623342,45.4036850448869,48.32162539648228,49.04297188860825,46.46651626086991,46.50543238700902,45.98305829535473,58.14229640091125,56.39354536741967,52.54214618163504,48.12564990205866,59.54351819639892,50.969364076445565,62.91196154887876,58.52598113622775,49.56250622186761,46.6792941678949,58.96467401586811,62.095447065951326,41.33175016063133,45.009480965483604,0.0,52.573403720981155,45.326384005387226,57.06651147747545,56.01785399124216,47.39805529258383,50.226105670140285,46.626118305967076,50.5672403174827,53.66785977337704,53.552015202482785,57.09488093416446,52.34179250992152,50.75083476066852,52.91209550999571,56.939155763632286,56.63541555624875,63.070562739866254,54.95852945174807,57.008016585621725,56.127151395444464,55.02725779841459,52.163287653753464,44.93799628297355,44.36092274713232,53.63356439703244,50.083646565697194,48.980262294096185,56.60591361505726,63.432355824163366,47.48083383345239,40.53246505829291,46.366928116490946,50.03910780401628,50.761708292992786,45.360150116970615,59.651621021328445,64.80491661976167,48.126626268762905,59.61024141158815,47.48005775865622,65.60310634160035,51.12206403938468,60.40405004748096
1610555722.67fhKURdXVzRbLIjXmjRwdJHTnE7PWb1AE,44.89519360320116,57.73028521272789,45.92265081153365,55.81334011642684,49.619005076311936,35.672307026011374,49.203976850306816,47.092479507444146,46.470603698202666,51.86341243051336,60.064993671922984,57.24515481444429,56.387386803859066,49.32383833423169,60.01351086328518,55.383834112073664,64.02257792969267,60.36970109477948,39.805880545643326,50.72952752245858,58.96355716035358,60.575719180162494,48.95354607954005,46.065264575528445,52.573403720981155,0.0,48.09969539620513,58.017459765600506,57.726577893931626,48.8284561482582,54.81148927727294,47.33239112821895,55.93041800928246,58.01312360681079,56.906214138932945,57.5149336729113,57.49067101573404,56.92601768131788,58.3879705068295,57.70148197727703,59.57579369575255,62.18413196950336,57.33638515345201,54.20010215728586,60.14859592948849,59.597099116744936,51.41944607058679,48.334453670433234,52.98913148571522,55.73901837306613,51.43967620969478,48.99243990385108,58.58949832199285,64.66890148829053,52.673743985510704,49.51553484428489,55.96627579948472,54.348112035955964,51.519868153847966,47.92488468362965,61.17331613820414,66.51068389278991,54.395498416254256,61.23578539823763,54.00781704524895,66.13044138750578,51.97442656546459,60.67692832599392
1610555638.39J2ZWBLuLTHP0jOlzB4tNHmYeijH5g5YJ,31.97284629872947,50.728784986320846,31.905711124743174,45.34177941724901,32.719099622401096,42.69373369965059,39.41940551741935,35.67261808952702,36.155881323279196,37.640824557623375,56.095229044491035,50.62818345239596,45.643701337592745,39.3751612977484,54.22564372518131,41.64998016190724,62.19648125253708,56.19401626032526,41.46410331832107,35.8996430647794,55.01663847562458,61.64375806192825,36.6721028665684,33.25300657272473,45.326384005387226,48.09969539620513,0.0,51.44467278565068,49.675263585310944,41.56509867512753,38.80814766596551,41.08021335557595,43.295183642677365,46.500390666679586,46.93318826669194,49.98152519348189,44.56752584909262,44.77338314447093,52.64644640599643,50.94156598906348,46.64314299121875,61.03176931202112,47.98739729372971,49.198521529809675,54.512591780792114,57.900731199537134,44.06992317889901,39.50971299723784,39.163334311017685,38.45827308268944,41.781751061407704,40.296646567801844,52.0191691167154,61.37600739639533,39.290460873296894,43.54233724949153,48.42357690890023,43.40691564672395,42.38670464540496,47.064236204682025,58.95312249715209,63.691942284799424,41.78641870679834,60.974420734829785,40.699406820044906,66.9626581467256,37.497774294216455,56.60968813734882
1610556032.17Q6yCDx9g7alRnL9jBFXD2JhhUyB2hKfJ,48.79160053586367,56.20364632214255,49.15769090025483,53.698224873176926,51.86710159338568,55.609420798730824,53.460589973829094,51.46036979487309,50.39119747285863,53.55626264678149,59.89180394716626,53.32756350364983,56.93399671184279,54.40911372321696,63.920042371951475,50.92241105462207,64.74877503741604,60.02282088935551,54.850298372452926,47.11505158204028,55.38515290423623,61.55374917476619,54.87675930621221,50.329004930016026,57.06651147747545,58.017459765600506,51.44467278565068,0.0,54.67626648656848,57.09750258896396,55.98675514390389,56.302684208708996,54.811734530510236,49.54762238976398,55.16724854996622,54.882709201819054,56.11403383475476,51.15767911507962,58.13763266097245,59.19148739061992,60.015969101550446,58.07574455291944,57.75674217715609,50.573460241608956,60.24662450973835,59.50493343412564,57.289086465128484,53.05107607707302,53.408661005646856,56.82847631019548,50.270490407170364,54.80063860299721,59.61411807797654,64.59304283588787,53.97957602013174,56.24995122040532,56.55113218664592,49.256427663682224,49.5183863666816,59.21091320834141,61.22151975013082,68.58106080708401,49.570827474386945,64.09564964809836,50.607384442639564,67.10997995266482,54.68228389622438,59.38743553641215
1610557007.49MyVgDnuUuBxrvL6SGOdhKf69VYlW1MSm,47.70550799864893,54.017626103393845,47.70628846784491,53.777375083839274,51.255205984865896,54.905020448204745,51.73997961175526,50.3913685345712,50.91057692687421,50.09944630262584,57.65832893380763,53.116450144241966,52.37889695371609,52.79798975622161,58.3719192391775,47.857693030882096,62.62282160513966,59.045982421994495,54.89934057687416,46.46738164933608,59.206079064194675,64.2455128717806,52.289135020551655,49.005660830650555,56.01785399124216,57.726577893931626,49.675263585310944,54.67626648656848,0.0,53.375226913418444,52.65522913859279,54.26647932734959,50.95527920438051,49.96199764568129,51.93112812602755,52.47312664575756,54.298311778714904,46.464149485788205,58.38180686873939,61.40128837657015,52.668179891324556,61.72626296552063,58.16062233133526,52.797822724517346,58.117042849174865,58.55535075329563,56.87089805423394,52.74812179534522,50.38881643120512,57.98456106563541,49.794791686072394,55.018434282679934,58.55864346056514,59.531034714704845,50.09488455724765,53.830066560746836,57.74689148291684,50.26977268403934,52.06111427617115,57.31871288246134,62.73056904057292,64.89820963657657,42.43896204914069,66.42974053515269,45.46773311396071,62.5478524957345,55.47787151038587,62.56681324905812
