,1610555604.25mOvVXuL01OCiReyVWBfesjuvXmB3MoPy,1610555605.43B6oDsBtWRQ29Q9UMQuTUEPZy3FSSWXzc,1610555610.92HPGJJSmyPM40z7otPBgHalNrHFA7zk5d,1610555606.68LaSQbm9EHAFycEfFtEqAwYqlBsQPjIRW,1610555617.19EKxMEwDHfXiEJZc27TsGoERaD6Da4BZU,1610555722.52PJ3FD50MGhRXyUD28vluU8Z9UjLJLZn4,1610555617.52Ijr5puT55g9apK8auM7zaxa3NANg502t,1610555638.77ZLjTLkz4jYJdFMI2wWBztzsDILkoOtAk,1610556912.46C7tJPLF0XfNnm8f1820X9aLmXMHoc0Dw,1610555617.51LjzIROg0aeCP2GhDcAVQ0LipKJB9jmKc,1610555608.17OpjjHobqRkX0UPcaXrbu7K6L3805SZri,1610555721.82zWeNZfGUUfRJkgnAwlP8VMhPzXctnSd4,1610555735.75bom85BDF0C7W2eIseHeMxi24qR68nzMi,1610555735.77NnT5xqKnwcf2BbjIekeb2arTQj6QMNwk,1610555638.33wjf1PhdNaoWfbRzXVn50hmFyB5bYAiLV,1610555606.65jCE4ig8Pu8kvAzkxnSGfWsV0nQBjCf8H,1610555608.18ONsBCVo1i7BrX0XG9stct4oiA6ejX9Oz,1610555721.51RNoQUMP19FTMS79BmA3JkgSm2IC2AQuQ,1610555971.86O0cHB2ibBJ8jxoObg01EpGe8VVV5mpwn,1610556911.51zU3duZSGpcw1BDNsBLxdOCITAXwl6z3i,1610555988.71dMoYT8250UHHJGxgmITTmbHe7V6gH1yU,1610556042.81mlUZsSp7gbGjrp8jQSnybT1gPy6e62o1,1610555637.02UBW5nKvDyUrKnaWcYRGajZPxTRDS0q3N,1610555619.13oUYNikU4facCTpUSiSLr0vPI0tJLnXiT,1610555721.03nzkucfjAUh31zTbmCVvTVYqtjoxZFnBh,1610555722.67fhKURdXVzRbLIjXmjRwdJHTnE7PWb1AE,1610555638.39J2ZWBLuLTHP0jOlzB4tNHmYeijH5g5YJ,1610556032.17Q6yCDx9g7alRnL9jBFXD2JhhUyB2hKfJ,1610557007.49MyVgDnuUuBxrvL6SGOdhKf69VYlW1MSm,1610555638.44hjT5hbYdKoE3MB6hijrjqbjmLgvCUYKD,1610555608.13zUvmFSCRt6SsLbhqFznMEvGx54GPGQzM,1610556038.62a5C4ynd1AARyAhTv8a58NCqHvXRjscqH,1610555644.45Xse8u7pusHNsd7F3d0A32HXvXr6weOJE,1610556038.62gKXOCG7XCn55eJvyl5voNjbwOW0znQDq,1610555987.13v0oleKK97pkesp6oMgprH8SoSdoDVdIO,1610556964.96ZLLeiQW0qpmxhPGTg7K03fmzkqsC2bjC,1610555987.13VQlEedQ50VvkPMEMzZDv3KNnQCewykN9,1610555982.186TY6MMGkDecIN1woW6vsfAMXVV7jnyjO,1610555982.673LuMndkwkvdmZOn0MmE2Pkidx0FtNalb,1610555733.38zItcuH7gHNfKdALR2d9Nek6bxCyw36Vm,1610556034.15BQxSbZINGCay0yp6RBVlgcPrw76Yn9ON,1610555639.37BPZpgtGml8qUsh9AdV4m32jPLfI2aNFq,1610556965.57S0adAalhWYe6K3bkZU0bRHbqnDK8gGkR,1610555983.54zteLPCMjyrjzPdhHhlZr3faCgD0TfYr3,1610555987.79rHnNRmt9a0ufmnwCvZqBouyUoZDNpylW,1610556960.041xWER61rmArlsKfiMl4frikWmUCnQ7op,1610556035.13a7NHZDutfTMJ88qle1gTYY59Dr4WmMsj,1610556890.456ZBDaY16bMtrTZTqAgHl3wq1tRxzqDow,1610555760.24e6890pkbyZ97Or6croI1rQgjkSsR0yVt,1610556043.02YpWMIJg3W004iqlPyv8OcVAZdSC5rNYw,1610555987.03z05P26TLtONYM1HSzupoc2CeNMa6HTqr,1610556032.15OYCzUxpsz7b10AXBAuDXrvEcvxFhf0M7,1610556032.63Z80yI9pNwS3jSmsDABbuhf8wkNa2Ze9y,1610555736.28eGuESasTXdR3SqY6pHhEXWZtcdciYLCO,1610556034.61bebeZA0MkaFG2sm3VKiqrxeqQginTTW0,1610556944.5XwXOphKYT3ZkWA8gViqOS97VHVuMVUqb,1610556944.745UVLFBzf7fPh4UH37I6tYQOFPqRDytEh,1610556034.63XsUwaFaPZevO1JNFjfhvY4aKNFnV4noV,1610556964.89xwBHw9faT1HjQRMNQEyA4qJ3hWkwgj3k,1610556966.74DydzH91jtyvRyYau47JpVkZoMRSNTt01,1610555740.77UueVziDbaXyRR4OcVJIIZyzOfAzN51bj,1610556046.84e3vwjyRCzqz0wJQhrk8zsxlFfFSv98Df,1610556137.99eoPuVrDThKAOvmeprLPb2FWRqIhzUodc,1610555740.73XFwSrmTXJPlaxGZSefh0jOVA8PI3III1,1610556123.88AOfNaz9jSnqU5Czc7okOv1RCrYfKFBTo,1610556046.85nB7NvyoYQeLcOV391Lmmut1wAM8CFGLw,1610556123.89H4pdIAzDthI7bMXMhlIhKUYIQIvtmPPQ,1610555740.87GOYQUJKpkynIS2lFqppYK4b32ol7NeGh
1610555604.25mOvVXuL01OCiReyVWBfesjuvXmB3MoPy,0.0,120.28495778406368,69.97069484952551,119.0573190037348,83.39670129357143,98.03747245694056,91.0193851527838,69.43623533813799,78.6099431202185,125.62753605931422,124.10806126826462,129.2366478197832,131.07924381114304,79.09909392642847,123.57991104623378,113.33259142259104,124.29881244907614,128.325296673153,89.24852285867212,115.70020207262138,140.74699665680373,122.15273510719955,92.05602207934578,72.72095037350047,109.35119126163684,107.03570202730835,88.928423675222,126.02735056124872,136.97492275372647,86.11492455782412,108.82254749734105,92.38934047359584,134.57368428947132,120.27359074032879,120.93460513953475,123.09361597231944,119.26860638642947,118.34341614878409,126.65967842511594,122.4915485753973,116.52750580752009,123.18325426325572,123.18171586103848,130.90440100804068,121.61785097334878,126.9635593983692,115.43438949057305,110.0538119151701,115.49646373010482,112.89121289733578,110.14918311912011,93.76366001924431,116.9722149556336,132.2842702598683,104.68650688640687,99.4426916904177,111.00803434716865,118.41048016848914,104.43088300527619,101.59564682402427,123.3171964525561,128.22688095142257,117.87670801681634,118.57755981317703,120.21289291086643,126.69706929751995,116.45562438092475,122.42239272618217
1610555605.43B6oDsBtWRQ29Q9UMQuTUEPZy3FSSWXzc,120.28495778406368,0.0,127.36278915083639,93.84150260458803,123.46140812521455,120.97248124971293,128.37909949952058,128.9273040515803,128.70553255097695,111.88064885377922,105.67368899063744,114.4725711933095,97.26842353654389,124.36441479307375,108.90633717276671,104.8122856218792,101.92833524761791,89.4796085152592,123.10500371604783,116.71083831894785,127.53648499050944,101.91562365104943,116.11199705351586,128.73734213921375,110.41824312295728,126.61639848883758,118.68031240379376,117.52868033289546,111.90125489114034,117.24519405022956,115.7332219367026,117.51775775909273,99.19543160098954,100.7785228307894,106.66374506698565,114.79332131988042,105.52131195181836,90.61107985733952,90.19854564179104,129.79235048668983,100.19834965511227,105.70813845218025,113.03149345128011,125.33920649176301,94.9885090528468,85.76277592073167,123.62066533877596,125.98120881097735,107.68499992504155,110.57251272072034,122.63787210860728,124.50536073281411,112.56304002962797,114.00655394648375,101.28932790939824,114.13395379466343,111.91173840699435,107.93453677412474,119.73808241834544,120.20123971472815,106.9456235329349,105.56442616340182,97.76583903963879,108.35354422484366,108.40111062850397,105.28297657019891,119.20460859127459,107.36260530529523
1610555610.92HPGJJSmyPM40z7otPBgHalNrHFA7zk5d,69.97069484952551,127.36278915083639,0.0,124.02885540783656,85.0672771523365,101.80494827914903,80.14136387169893,58.109605018048086,83.00194094217694,131.6174819066846,126.3920360365195,129.12630920397712,140.90944571569264,70.32099159361924,125.66882695442071,119.20531039191158,126.27792324773979,130.69179837954368,91.26330132336444,119.89100944588274,137.29173882265914,119.22328488001158,95.32571539120579,52.59825015194172,111.92437347214806,107.30466440717025,89.59924832403998,123.42498009339273,137.73411926210818,90.23669588561594,112.33067422229777,95.66017489342376,138.53570759407913,121.30579216561843,123.10134564789682,122.95353132733116,123.82234605079357,119.3239263228367,129.78457993386724,122.95759525400292,121.38349519338952,125.86065027499292,127.16642453718484,125.17385002013411,123.49535381284807,130.15706329786482,115.03266128686117,108.82352149839652,120.0650443227292,110.68085453749191,111.65768554198327,100.30280592337357,122.10772122200326,133.72563110836563,116.0652076881123,102.83112712434868,112.09675181847562,120.29975012616441,103.52433197629529,101.85347105792235,124.58902855896125,132.14903508292417,118.94289050154478,118.5620043850198,115.10088188253695,128.07457555978758,118.73008348534258,122.26632128485669
1610555606.68LaSQbm9EHAFycEfFtEqAwYqlBsQPjIRW,119.0573190037348,93.84150260458803,124.02885540783656,0.0,119.82136750580698,124.26182536477809,124.61276451840178,126.0939158911903,123.6782754047899,129.24729492556395,89.74974200899194,105.88220645606039,125.67179870888683,121.37108907572893,108.7798883014709,106.60410759549943,93.66017382424403,100.33933435819685,120.56831169617615,115.65104645207249,111.93376322771576,100.63569109380056,117.84281935543949,125.43240827968461,113.55611440894316,130.030499264639,119.22654642305994,103.40483046291548,113.91421350416634,120.35610123942908,120.7388793116342,119.79110417831414,122.4520790256569,107.58063830297786,100.58850777180822,90.87570220494233,100.75606768222637,101.87417641692261,99.34963489979776,123.35406382606986,88.17145544335635,92.1485806089562,96.41190658725496,109.96263931082687,98.61708033240537,102.11907903352625,123.91162311597304,127.71501534737507,121.36929590543222,108.11745638532338,115.6477155623036,121.99906493154649,116.22594644211473,114.34564830170945,103.22439006167158,117.83573222383986,109.62616789807362,109.46928849172492,113.51870786485297,116.95937470009368,104.67403969910409,105.5575402555307,101.98979843348613,107.91936011262686,109.52803227689141,106.22715104657219,109.94487808173103,106.10940501177618
1610555617.19EKxMEwDHfXiEJZc27TsGoERaD6Da4BZU,83.39670129357143,123.46140812521455,85.0672771523365,119.82136750580698,0.0,95.62545381897897,76.17607373576881,88.35092504750072,66.66752021502276,122.4686753101523,124.56715265933063,130.76322577833463,137.49553865237465,78.8839213514042,125.70750335741045,118.5978871709156,122.83904115723966,127.05479003948801,79.95530241487957,121.17528880302325,139.915927246784,116.86127300381828,77.85023578034173,87.39147543609296,103.1915779075585,102.46324918843543,69.81817034059965,125.79038564471927,141.19395808381336,78.77284438582211,107.0321971078361,79.3788596894539,136.0968960855593,120.47649980262878,122.78727937080303,121.76250667269528,119.28516535648917,117.6102666136971,127.07007585201092,122.2812018626399,113.29052479855798,125.45622439992677,119.89058897379215,130.25184494232658,122.05808509905464,126.61447837690476,113.62720725038673,109.34800171329785,111.61773392883113,107.9053387000545,115.13064031340147,88.78541811956951,120.0036663265834,131.29620126622694,111.00851581672768,88.84749639949978,106.23670655596732,122.9413868528108,108.90438719119258,90.63597224949129,121.4979937911145,127.61885883040966,121.28890627084897,114.23240863721632,120.3086348315138,125.4906492830694,119.14935920334457,119.04102855740071
1610555722.52PJ3FD50MGhRXyUD28vluU8Z9UjLJLZn4,98.03747245694056,120.97248124971293,101.80494827914903,124.26182536477809,95.62545381897897,0.0,102.60276657571052,105.68592477491151,96.6386946436719,130.9838089173717,126.12047247710787,123.13454302052251,134.51926486511118,98.88196240169154,128.7585062296188,120.55519268557417,124.30379181336126,124.89664490931581,70.19776194930063,120.59053394653554,131.74174392077654,120.28486092875627,91.58324113814405,104.81221315171183,104.58174692002349,59.48992613820849,96.16311876397477,121.90001107278358,137.0920028963185,91.42147939593995,123.0251693324271,94.02834490856019,137.62934675900067,120.51975337851384,121.83908987469063,126.04742602534742,120.67798247409584,122.62462735883588,125.2996182371534,127.90800104906157,120.3987504251806,126.05369811135887,129.57553387345908,126.28484557614668,123.81395992027632,121.940006978609,99.83672435007621,106.01788341032972,120.67882778704413,110.84954696647678,112.38240697543694,99.82922929617433,113.661464569692,128.25774167134918,116.7293687123748,91.92548772406964,111.01525816949986,117.31119165648164,104.60049139064951,94.77844970716787,116.07633563279258,122.4097431033679,124.9325414961162,113.78422241343337,129.35019939786963,124.34058837760762,118.46383996064485,116.41136860791164
1610555617.52Ijr5puT55g9apK8auM7zaxa3NANg502t,91.0193851527838,128.37909949952058,80.14136387169893,124.61276451840178,76.17607373576881,102.60276657571052,0.0,88.65262317670448,84.78729470988554,129.21551409898288,126.20460275725534,132.07132612058453,144.2492243182789,74.81565860123224,127.07668321834761,123.78038411125551,124.01147833896981,130.53723971645923,88.43073891324978,127.4913131155784,139.56707022104433,117.29441492131859,94.93868886521581,86.80638522785289,109.17280613218807,106.63224415687289,83.82761795283865,127.3043836565401,142.9754663501111,82.96095055651959,115.75699438387691,86.43812775862436,143.66933279489345,125.97992682944135,125.63971211149082,123.963483870859,128.15702458621755,122.97274845733021,129.7894571013576,126.38689574775708,122.07944198167941,127.54181179487762,125.95845221497943,128.06367591894008,125.87200365488331,128.99613059467794,117.49261470714623,111.0292354828717,117.79765496826465,109.45529860137495,117.34383222106595,98.81140106296866,125.29288989870247,129.24727417234993,120.73676918411107,101.53182176674285,114.03479222489982,125.47890804517505,111.16287142614698,94.53561036972629,123.92241445327525,131.03990153108538,125.99895681192108,115.77628977632072,121.97499184848164,126.28366260441554,118.92043319723594,121.36996126913296
1610555638.77ZLjTLkz4jYJdFMI2wWBztzsDILkoOtAk,69.43623533813799,128.9273040515803,58.109605018048086,126.0939158911903,88.35092504750072,105.68592477491151,88.65262317670448,0.0,84.73508641626857,133.3124661299392,127.82664666765109,130.4842272239238,140.2471370685841,73.2387898348398,126.94977308019934,119.06342677362726,128.3913927288688,134.20363918156295,95.48116759417199,118.48359380003662,138.89603864519276,121.71930555386317,99.36866757364832,38.74670766927226,114.15981446125384,111.02626077347671,95.06655744743473,125.12257549174146,138.59158432052257,94.15507528220677,114.0633081365848,99.65680522109929,140.14711956092194,122.8052679900292,123.92362713165384,126.37051375425865,125.17678361223719,122.14740182406818,132.5109088880911,125.55056346989615,122.5511555596401,126.96615486633254,128.90273937229915,127.26849133331078,125.4284050624864,133.66991714677644,116.28375227472279,113.39865786248596,121.96632473140203,114.410925368412,110.64137816158646,101.52309634997937,122.91834058554471,134.87279789541734,115.10526614493992,106.07784825137128,114.48644039712273,120.17887570431189,102.5076429719196,105.33672446932026,128.24108899404806,134.3780927958014,121.62632968503259,122.35945384077498,118.87536882810315,130.83795677708838,120.8698579752119,125.08889193373848
1610556912.46C7tJPLF0XfNnm8f1820X9aLmXMHoc0Dw,78.6099431202185,128.70553255097695,83.00194094217694,123.6782754047899,66.66752021502276,96.6386946436719,84.78729470988554,84.73508641626857,0.0,128.49350149598465,129.24316993244787,132.06579177994317,140.33286720562987,79.47556056540641,128.8269916268475,118.12461852703994,127.71564813519193,132.55308525692632,79.08769833637575,118.77100322787892,138.29264380508923,122.80920242988238,89.48565280997967,84.55426035871783,109.6428652252689,101.93723448499222,80.87323113794902,123.92879845034561,143.13790543474423,85.64996423911204,111.96653559611666,88.01730207731623,140.4911520377352,122.5671803132632,125.20343340200499,125.01440656905137,123.81390008155405,121.3354362337371,131.20774598847888,125.05490857731606,118.7577752224093,127.97734285130974,123.27387680828976,128.2704472606737,126.96108585388664,131.6549163534686,113.46777351244751,114.48809487725215,117.84681256780983,113.7870894521804,110.68744862832148,92.40914479169459,121.96071099428978,135.72347973936272,115.22090304140052,96.23617679696349,112.59779836156409,121.19178727855241,104.11441970230014,97.97908846431187,127.23989396569962,133.52928738245515,124.18871319037326,118.75093478907476,125.12933661259122,130.73293187140118,122.04321352753387,125.16432991155071
1610555617.51LjzIROg0aeCP2GhDcAVQ0LipKJB9jmKc,125.62753605931422,111.88064885377922,131.6174819066846,129.24729492556395,122.4686753101523,130.9838089173717,129.21551409898288,133.3124661299392,128.49350149598465,0.0,136.34324233083808,145.92441214407498,98.14706544894445,126.18326939010416,132.14926551527114,130.80059154737975,133.2847062373395,129.65936168317845,129.07144367850037,132.71390670701965,158.2191250528695,133.61700384233126,119.55599800010019,131.94583603466515,122.41226125225649,133.29544982760117,119.73263566825585,146.42294049333003,140.17852842192096,123.10218650693932,115.37583403366175,123.21914025929925,92.90664998143838,125.82598105708105,133.50738333314337,144.4161306826722,126.17760970291843,120.03241657248982,122.07020270191103,128.54918036811668,123.33217589250093,139.96352595136352,129.35830022913402,153.50255637728,129.8508998014475,130.94488105656822,133.44372294691016,132.8359641170431,77.74492240924548,134.3494062148703,135.86921989408322,126.65286759611547,119.5456581928901,139.04249928315483,118.5271578912758,123.36578198653774,125.03679350157637,131.8317345765425,129.14255911075276,131.59092433923968,136.9997846555834,131.7578065856817,120.07791680647681,132.51155209425514,119.38206926646451,137.95887205659415,140.30890488953153,134.5103382092495
1610555608.17OpjjHobqRkX0UPcaXrbu7K6L3805SZri,124.10806126826462,105.67368899063744,126.3920360365195,89.74974200899194,124.56715265933063,126.12047247710787,126.20460275725534,127.82664666765109,129.24316993244787,136.34324233083808,0.0,105.98602380656881,133.15577671493853,123.7773172860493,102.30021392707748,117.13167973912745,66.09208933102242,99.46279656079535,123.58789109126836,123.1809145148037,105.78841071920013,92.21781819267353,120.77581905062351,127.74379544922925,116.97333295490947,126.50441246985896,124.73666861824165,105.81794107136614,109.66858564229314,123.70850759826479,124.58111010661443,122.15418946064983,130.94703915451723,113.7564463657115,104.45719519041253,93.89825031567715,108.09398144399148,110.50647897783236,104.81739221414514,121.32684669619927,101.96577627470322,81.5932813801053,100.33599754817263,113.34424381572353,95.39756820423942,92.65672331729371,121.2242243587897,128.53643012727974,125.94924374691219,101.0722333586717,125.68357920658212,126.87243502067057,115.83013132474468,103.77626805959022,113.69486025022964,118.1978470658782,109.18787397120613,116.46440656657381,122.6776529985122,117.55937879106456,94.63560349758416,93.80191998745678,111.3679854145663,102.04221688745913,117.89660030554818,90.53415637404137,106.13915677556265,98.34640416051407
1610555721.82zWeNZfGUUfRJkgnAwlP8VMhPzXctnSd4,129.2366478197832,114.4725711933095,129.12630920397712,105.88220645606039,130.76322577833463,123.13454302052251,132.07132612058453,130.4842272239238,132.06579177994317,145.92441214407498,105.98602380656881,0.0,140.081043364281,128.04916905932632,121.10029536208,106.14715331069924,107.61872641422055,110.50830043131734,128.4835139124221,106.06985123466517,75.17722205438045,104.42519011998404,129.59833468378503,130.20099693177417,124.41576682636021,124.54832681560143,131.13288497537945,88.96943433198352,114.32046122288762,129.97925910494754,136.41191421724696,129.36969922200097,138.18579485782612,110.98966868275741,91.84186674864614,94.08057893861235,108.51760469392228,110.16739021534613,115.36443879204077,131.58641532587453,107.0093018902072,86.4405410146204,116.3077016516895,93.77433592675922,112.53751956489236,111.95922838463508,113.1888829348869,124.70295048588054,131.64391787894402,116.26975831049938,107.5625442358545,131.28713367383762,118.15377508648992,113.5177396327567,113.78133427020067,125.29674272922078,119.95376067857694,98.15657131383679,112.6796224631688,128.32530619225005,109.14835315937641,109.64520092914906,109.60390042947317,112.97158689758444,118.95612569219035,109.8285319319449,114.92466619607667,110.28261245988224
1610555735.75bom85BDF0C7W2eIseHeMxi24qR68nzMi,131.07924381114304,97.26842353654389,140.90944571569264,125.67179870888683,137.49553865237465,134.51926486511118,144.2492243182789,140.2471370685841,140.33286720562987,98.14706544894445,133.15577671493853,140.081043364281,0.0,137.54063869028792,127.20171846575106,126.30135487077845,129.16933646874077,119.73613251326303,138.37700963387869,131.40865166890146,152.2817623310444,131.06883550811844,130.9886874436497,140.34993824947156,130.08052021451255,138.1095318765973,132.4194558631117,142.1192312768399,132.66160558144438,134.84392357768223,118.78803927845762,135.84136999834337,73.0247161561289,121.3779623101265,130.15871597440426,143.82336376103822,127.81876425646126,115.10541757265545,116.49787333275958,131.8723774444808,121.01555275339675,133.94817106252523,131.55415411412977,145.79926327494712,126.82282136249707,120.18444404095212,136.0921265838073,144.56266656926914,111.90260063802133,132.6368564406309,137.91558375851548,137.18501491765542,117.47283198738127,131.52490604991755,118.75418944119028,131.55808705998598,131.18020690932468,128.68003730855867,132.4275519340712,141.00428071670683,131.2391930875789,122.994677543358,115.89363523638505,129.12994861828724,127.08876918475492,131.86630158158252,140.52768671114248,129.52632182880745
1610555735.77NnT5xqKnwcf2BbjIekeb2arTQj6QMNwk,79.09909392642847,124.36441479307375,70.32099159361924,121.37108907572893,78.8839213514042,98.88196240169154,74.81565860123224,73.2387898348398,79.47556056540641,126.18326939010416,123.7773172860493,128.04916905932632,137.54063869028792,0.0,122.13717790535105,114.88447750146489,123.2859043445621,129.55692199922734,83.7203249791957,116.86286606543065,135.32110526856084,118.08274528873162,95.02892570560742,74.13909763542429,107.23394366032296,102.39764505243319,86.1150616637038,122.26965820933711,135.50931061269085,87.9826736641533,110.5026260420391,91.06198973017759,136.81569235615146,118.80317979202424,122.12427172602946,120.53635276728133,118.93433587933002,116.99651418887589,129.40984400553194,120.02301354724065,118.03278880902654,123.58241962530636,120.9511867403659,122.92806266710178,120.90536604907376,127.99832312981421,112.5680110179522,106.68421628555946,118.67549052725398,110.97730978629512,108.55846045360053,93.38783636304397,121.17123071406975,130.28931467643412,114.15988126595336,99.67208245289368,109.48345583730013,118.68533498524901,100.5806695719808,97.06527308337955,122.90913182556638,128.1439231111272,119.43903961431049,115.38728374489627,115.99683960008353,126.24142390120508,117.53129364307102,120.4862054301793
1610555638.33wjf1PhdNaoWfbRzXVn50hmFyB5bYAiLV,123.57991104623378,108.90633717276671,125.66882695442071,108.7798883014709,125.70750335741045,128.7585062296188,127.07668321834761,126.94977308019934,128.8269916268475,132.14926551527114,102.30021392707748,121.10029536208,127.20171846575106,122.13717790535105,0.0,120.82704230173465,103.33071322834616,113.35126667767811,125.34226144221488,120.35902536073893,126.08846171413873,108.62173202414593,118.99870477861728,127.12034741431233,119.84161598136333,129.84880677680556,123.9510985443817,123.58634415140031,113.38210421804568,124.88756034205369,111.98006397609826,120.59605054526051,131.8749777827952,123.46108504210747,106.41743256196368,114.52127585963176,106.8006902431896,114.38018711875964,121.58492101293908,121.13423979818033,98.92303566828853,108.83240612884545,92.37927979532333,123.38664234611112,102.11827638864663,115.32907305490242,126.64710183065162,118.26719309577705,127.16989691923439,109.77922698612741,130.52873441598746,121.60497236765217,128.49502642639186,117.78293508571036,107.9567845989625,117.33553074564553,109.63612351062487,119.29486744241326,126.63739878245582,116.35828729892658,121.49996888581589,109.43112496008419,114.90382585695973,110.24670510198553,121.9186604997383,110.01685054084479,111.09925254376078,121.73206585234666
1610555606.65jCE4ig8Pu8kvAzkxnSGfWsV0nQBjCf8H,113.33259142259104,104.8122856218792,119.20531039191158,106.60410759549943,118.5978871709156,120.55519268557417,123.78038411125551,119.06342677362726,118.12461852703994,130.80059154737975,117.13167973912745,106.14715331069924,126.30135487077845,114.88447750146489,120.82704230173465,0.0,117.56449004482809,120.32951309500683,121.15053118370204,86.94166505828461,113.84604490007035,115.58452357576904,117.76037670346425,120.56328007542251,119.54413998648651,125.61710061586601,116.16234817944861,103.78141020603094,116.59422628073774,118.77767819680764,111.72264363344893,121.39122697655213,125.96979175758553,88.80800864707444,89.83003674838122,100.9664961943373,91.95163779071653,85.00240385584645,118.46307892331218,128.5973238254364,99.2417614972891,104.30603023758935,120.29307052059175,115.87582782342795,110.47315886256075,117.70120578146667,110.1487722632057,120.53710331231628,117.27425555125556,114.50752620937129,94.90713526662203,119.33132078391282,119.3202537341254,122.46004487472257,90.69209415190001,118.83392108221747,120.8046736377223,87.15440019198772,95.84969882066763,125.77309160003433,115.13972881254709,121.03333463880675,88.44263435375947,115.82720005039418,103.19653716259465,121.23376154190082,120.46039282126118,113.35564708840904
1610555608.18ONsBCVo1i7BrX0XG9stct4oiA6ejX9Oz,124.29881244907614,101.92833524761791,126.27792324773979,93.66017382424403,122.83904115723966,124.30379181336126,124.01147833896981,128.3913927288688,127.71564813519193,133.2847062373395,66.09208933102242,107.61872641422055,129.16933646874077,123.2859043445621,103.33071322834616,117.56449004482809,0.0,94.52148182512649,121.99041829410069,123.83489369590819,108.67259924241178,89.7238471806741,118.68605566187557,127.83517578650769,111.24467373651616,124.24097445437745,122.53924573412134,107.51749382664488,108.77649263171787,121.93217509025881,125.02102010103665,120.09603983295678,128.4432327493969,113.4974738250301,105.82278771025726,96.57718065381283,111.77937260777885,107.94903599338804,101.01920236085931,122.15669552224931,101.54889828657217,86.9003980485166,102.69510039706446,116.13213248829662,92.54050790955813,90.08119675062841,118.25975933818356,128.20585974413527,124.01712257549407,96.92558930522445,126.61354041294508,127.32442883827386,113.55781701630252,96.75278590575915,114.9510948167641,115.67030614040632,106.36714927187509,117.44199400896922,123.39863320582543,115.30468422532422,93.4668874798862,90.90955363650032,111.18631333254511,96.43514713516677,117.33925984573813,81.2983706425702,109.0456879707668,98.21919327325647
1610555721.51RNoQUMP19FTMS79BmA3JkgSm2IC2AQuQ,128.325296673153,89.4796085152592,130.69179837954368,100.33933435819685,127.05479003948801,124.89664490931581,130.53723971645923,134.20363918156295,132.55308525692632,129.65936168317845,99.46279656079535,110.50830043131734,119.73613251326303,129.55692199922734,113.35126667767811,120.32951309500683,94.52148182512649,0.0,125.8602647100523,127.01868425199235,125.0610994680259,94.91593494336051,123.9509622637498,132.68511485468167,120.31917808499205,129.3452747326219,126.59941033182922,118.65063131259912,119.69399950141997,124.77550729917479,129.97980482062366,125.61007282477733,120.98525830661376,117.11169922332404,117.45577417854993,116.53205689014756,119.15611098472041,111.61713606243576,102.06348099115692,134.6397694837742,109.26583818272265,101.29685062715792,116.17748196630467,125.22521244858632,94.67992718282463,80.46763327523799,127.00437949084764,131.77786608670937,123.82407672863592,111.17180355808442,129.09527382884608,132.02599063750122,118.49830015291998,107.36006009390142,118.6902736494436,123.17903505462654,113.44188563279546,120.95172948414289,127.58139217412902,125.56800555604322,98.08271641196951,97.24901778690622,115.18069153927492,103.47554003920568,122.96157399007943,90.40876430022935,122.75163671062444,102.1388994675901
1610555971.86O0cHB2ibBJ8jxoObg01EpGe8VVV5mpwn,89.24852285867212,123.10500371604783,91.26330132336444,120.56831169617615,79.95530241487957,70.19776194930063,88.43073891324978,95.48116759417199,79.08769833637575,129.07144367850037,123.58789109126836,128.4835139124221,138.37700963387869,83.7203249791957,125.34226144221488,121.15053118370204,121.99041829410069,125.8602647100523,0.0,124.4708194971476,135.9050354410906,117.70351027285417,87.09289318427496,94.60511950565899,101.42840016251833,82.02110626448508,85.07060763697095,122.77704468375816,138.23026011426077,82.08004392426236,114.53698255797124,82.15943296972664,139.97153708293823,122.79680621681823,125.14396358214319,123.81067874268301,123.19144316390457,121.86667959874022,128.07151311948735,121.78638746576205,117.74592156764704,127.07798337881879,122.23665025106077,127.32738857515331,122.7532175908407,124.74998056100485,111.27604063218013,105.94842168409312,120.35176822715731,108.73565049925851,116.5182623096184,87.25310208779374,119.16172420601988,131.34288063328123,118.82229583272836,90.67254261421138,107.12644085854811,124.13048904527517,107.81576461369025,88.13125957698021,119.11136464527827,124.08900951987052,125.6446725690091,111.68505374740785,125.93800042060533,121.99316388487043,114.40091098086978,117.75016714724009
1610556911.51zU3duZSGpcw1BDNsBLxdOCITAXwl6z3i,115.70020207262138,116.71083831894785,119.89100944588274,115.65104645207249,121.17528880302325,120.59053394653554,127.4913131155784,118.48359380003662,118.77100322787892,132.71390670701965,123.1809145148037,106.06985123466517,131.40865166890146,116.86286606543065,120.35902536073893,86.94166505828461,123.83489369590819,127.01868425199235,124.4708194971476,0.0,110.55519722871685,120.73462409215118,123.28893417229769,119.19623626542653,124.13139838281519,123.20099787254688,123.62896335574716,110.48730322267538,122.78721134728718,127.18492744231237,119.58940478309465,127.30507504801184,130.9322930707468,104.49747575610998,96.9651623666055,111.66473946199385,94.56246999794708,101.7249491649717,129.8632723862665,133.76143980953634,104.86205096719327,111.04998939790389,121.19153200443856,112.1009418677508,110.4248730836617,126.61441692643152,104.5660896982744,118.2000150916885,119.23729837682538,123.93674001055848,95.86529355540485,124.5146339922517,123.5853176070324,125.91576149213442,93.59811768085316,122.58783748899842,118.97087817893774,86.99150165760094,96.10399957812483,128.57700093067052,127.31986164397155,125.2498854661243,99.46784663059893,123.85051260636268,107.852910116934,130.34924836813104,127.00998157280245,124.79849389440443
1610555988.71dMoYT8250UHHJGxgmITTmbHe7V6gH1yU,140.74699665680373,127.53648499050944,137.29173882265914,111.93376322771576,139.915927246784,131.74174392077654,139.56707022104433,138.89603864519276,138.29264380508923,158.2191250528695,105.78841071920013,75.17722205438045,152.2817623310444,135.32110526856084,126.08846171413873,113.84604490007035,108.67259924241178,125.0610994680259,135.9050354410906,110.55519722871685,0.0,111.72024934515379,138.9838547032083,138.98164469325138,131.86469453394164,131.01277511496068,140.36124878572514,89.32605644983501,119.9239063817336,142.16844994177237,145.05351636014026,141.78586672979057,148.9560358272916,119.43740184819261,97.68887066239856,93.98098433213917,114.39008238829487,118.3626339647232,123.71087276477166,139.06818610850576,117.40677529148563,91.24136247333473,121.20872226338817,90.86560684333477,117.37063882758608,118.80040799730457,113.61342929379204,135.05956103723,142.48509068016637,121.86910321504867,112.74854801448939,139.64016785919227,128.42225345250534,117.69039736664602,125.98766521265796,133.6238722646468,125.50549057743626,101.08696895614612,117.51503469752117,134.02049084197319,118.51013808339256,120.9610838638192,119.99303163850696,120.84339610081643,128.09989376945316,117.99312486558986,122.41933410685971,119.12646026289961
1610556042.81mlUZsSp7gbGjrp8jQSnybT1gPy6e62o1,122.15273510719955,101.91562365104943,119.22328488001158,100.63569109380056,116.86127300381828,120.28486092875627,117.29441492131859,121.71930555386317,122.80920242988238,133.61700384233126,92.21781819267353,104.42519011998404,131.06883550811844,118.08274528873162,108.62173202414593,115.58452357576904,89.7238471806741,94.91593494336051,117.70351027285417,120.73462409215118,111.72024934515379,0.0,115.4956749581334,120.71097614176362,110.47306654627333,121.64326998183299,117.68615300267662,106.71822307201984,119.0942287370156,116.35761040971198,128.09972452923927,115.49311551478608,129.75592536746103,112.75101490965918,109.3245631174225,102.94072460114135,117.67488251276268,108.43818034841703,102.25885855709139,131.4995182154447,107.63297833117497,90.22722645273869,115.31118908843766,114.35074344126699,93.14058732650379,92.76888715766951,115.89721634557054,123.97690139200631,118.5807636747842,99.93613559294774,118.5334248831112,123.84481086765989,115.84437870723195,97.36635672564535,116.8880111820643,113.93757041171928,104.6680657181978,109.37049110129865,118.696997217796,110.77673121360627,91.08495781761297,96.72300127489876,111.3655826539619,94.84974947708838,112.09395311944155,88.56649795600465,114.39017747614827,88.55848884706025
1610555637.02UBW5nKvDyUrKnaWcYRGajZPxTRDS0q3N,92.05602207934578,116.11199705351586,95.32571539120579,117.84281935543949,77.85023578034173,91.58324113814405,94.93868886521581,99.36866757364832,89.48565280997967,119.55599800010019,120.77581905062351,129.59833468378503,130.9886874436497,95.02892570560742,118.99870477861728,117.76037670346425,118.68605566187557,123.9509622637498,87.09289318427496,123.28893417229769,138.9838547032083,115.4956749581334,0.0,98.04652682225569,95.20617881426378,99.4622249446409,74.87865493959744,126.37533217164867,135.50364287353764,75.20696736516183,99.51833668842522,71.90211375543481,131.63005835348028,115.6919969035496,118.36958020654492,120.36094384091193,114.41177749414788,111.25745611933887,119.35189164311964,121.28600140544903,106.65821638288014,123.99391319118224,118.66801701038361,134.73248916104512,118.74582177084534,122.1984441109007,109.58171312861307,104.96701126985474,106.0752703577333,107.30898371514179,122.34761884436001,94.66242678541775,116.24079746205037,126.71798412858914,108.4017965063879,73.18152941706977,100.70927258345574,121.98490608367877,113.96532145283771,81.7157796968472,118.46223327651501,122.57216417664807,115.63650457896215,107.96238931901732,114.19927561924713,121.53750802975847,113.62567671744429,115.84584095459006
1610555619.13oUYNikU4facCTpUSiSLr0vPI0tJLnXiT,72.72095037350047,128.73734213921375,52.59825015194172,125.43240827968461,87.39147543609296,104.81221315171183,86.80638522785289,38.74670766927226,84.55426035871783,131.94583603466515,127.74379544922925,130.20099693177417,140.34993824947156,74.13909763542429,127.12034741431233,120.56328007542251,127.83517578650769,132.68511485468167,94.60511950565899,119.19623626542653,138.98164469325138,120.71097614176362,98.04652682225569,0.0,113.7377869291344,110.87831225356472,93.12824547369748,124.9970830110051,138.3263509911768,92.84458906643846,113.89674755968363,98.38823332977564,138.2785402932096,122.1867781309056,124.28117356309197,125.09792495114846,125.59101907558598,121.60240670799084,131.92862235714588,124.75081726153667,122.37280969334653,127.75812827185122,129.1316322661713,127.88968841755316,124.64529534242271,132.4892487058496,117.06488898125224,111.0661416778163,120.46552246154134,113.5429807831288,111.93892381759096,103.9764800105293,122.58393345388718,136.30979647753446,117.79005624644374,105.38317853974822,113.61824033378136,120.89629698581648,102.93067474344035,104.30468185116939,127.47235503910808,133.68563872186178,120.84569905196823,120.29500876661018,117.27164956394785,130.33258683093004,121.09908520540057,124.57330590563711
1610555721.03nzkucfjAUh31zTbmCVvTVYqtjoxZFnBh,109.35119126163684,110.41824312295728,111.92437347214806,113.55611440894316,103.1915779075585,104.58174692002349,109.17280613218807,114.15981446125384,109.6428652252689,122.41226125225649,116.97333295490947,124.41576682636021,130.08052021451255,107.23394366032296,119.84161598136333,119.54413998648651,111.24467373651616,120.31917808499205,101.42840016251833,124.13139838281519,131.86469453394164,110.47306654627333,95.20617881426378,113.7377869291344,0.0,109.5095885688919,104.79407151632596,119.61133128554354,130.53868141908532,101.48967389393442,118.10074716336405,98.13199696182082,130.67157019714966,118.5579634485353,115.41901269379635,113.49979748459822,116.03343940076988,111.39924921330169,102.70700212496097,121.82869665175086,112.25434154427683,117.49891060806063,115.8851960885399,130.21431550285124,111.24809397692582,112.38819481349728,107.49492011501862,107.62888868068808,109.33553590283977,110.65721945242731,121.060422608174,100.97826705922006,113.25056499570248,123.16767252879819,114.33067847091505,82.17564730739872,84.5471789138012,119.00915614512084,112.2820029488652,82.59917326219079,113.74903954516647,114.57235022822549,119.52946954650656,98.47925672468253,115.83409897678123,115.18680319437708,111.3888431979306,111.3520358640305
1610555722.67fhKURdXVzRbLIjXmjRwdJHTnE7PWb1AE,107.03570202730835,126.61639848883758,107.30466440717025,130.030499264639,102.46324918843543,59.48992613820849,106.63224415687289,111.02626077347671,101.93723448499222,133.29544982760117,126.50441246985896,124.54832681560143,138.1095318765973,102.39764505243319,129.84880677680556,125.61710061586601,124.24097445437745,129.3452747326219,82.02110626448508,123.20099787254688,131.01277511496068,121.64326998183299,99.4622249446409,110.87831225356472,109.5095885688919,0.0,102.30934575723153,123.86527327146169,138.80274169885627,99.64970889377864,128.1379446215937,98.75248750379929,140.76472558979245,123.93886876840162,124.97940889323993,127.5048412894573,123.42815002638011,126.4282651608064,128.31734639968673,129.00874742251358,123.86539338684732,128.34601811339854,131.51189160585415,126.08221214209644,126.27011028535296,125.12895894312061,100.11124056133643,111.51753107843818,126.17605568313851,111.12678700158789,114.45625148943442,105.63871620881758,116.87677227722233,129.18890166808148,122.587951663958,97.15723309376338,114.24134881407218,120.06205764156243,107.03769448905001,99.74438946511994,118.65057539304814,126.05349631421889,129.3132415257309,116.82421165109183,132.07460504369223,124.84745961999744,121.33044861368717,118.99165568741064
1610555638.39J2ZWBLuLTHP0jOlzB4tNHmYeijH5g5YJ,88.928423675222,118.68031240379376,89.59924832403998,119.22654642305994,69.81817034059965,96.16311876397477,83.82761795283865,95.06655744743473,80.87323113794902,119.73263566825585,124.73666861824165,131.13288497537945,132.4194558631117,86.1150616637038,123.9510985443817,116.16234817944861,122.53924573412134,126.59941033182922,85.07060763697095,123.62896335574716,140.36124878572514,117.68615300267662,74.87865493959744,93.12824547369748,104.79407151632596,102.30934575723153,0.0,126.92830114441661,140.12234833591356,77.47687895720713,99.63156468415231,82.94309000355021,129.93214936949533,117.65982483222407,121.9948703090032,124.13255596904389,118.10383729235035,113.6238142534622,123.40778602374291,122.6099046394209,112.01608502132426,126.64747626779956,120.74608260502744,131.89607630351594,121.7608808793076,127.50925331774053,113.5122794206677,109.02635305553108,110.45916854749211,107.53853397051293,119.95226826855132,87.30678390440832,121.53856791435429,130.21943372286657,109.5847415019194,89.11219898312473,109.91714217815363,124.32028682688868,111.56749462525275,94.94769677185192,122.16026785930659,126.75389326690552,116.1561432596912,115.13349525572664,114.4562665021387,126.78604533472274,117.96295139822615,119.36511697566095
1610556032.17Q6yCDx9g7alRnL9jBFXD2JhhUyB2hKfJ,126.02735056124872,117.52868033289546,123.42498009339273,103.40483046291548,125.79038564471927,121.90001107278358,127.3043836565401,125.12257549174146,123.92879845034561,146.42294049333003,105.81794107136614,88.96943433198352,142.1192312768399,122.26965820933711,123.58634415140031,103.78141020603094,107.51749382664488,118.65063131259912,122.77704468375816,110.48730322267538,89.32605644983501,106.71822307201984,126.37533217164867,124.9970830110051,119.61133128554354,123.86527327146169,126.92830114441661,0.0,116.88005207509303,129.24652196770023,133.004818652698,128.49513065985064,138.50702966727337,102.86125261240993,99.16043233535217,90.29378137967616,113.6293134041081,104.40505252135792,114.52464695657916,128.48194797279064,110.62784350202286,83.4115718978461,116.5043496228273,90.87535623978711,113.6258390977379,115.4175757936905,109.78049373553625,130.27306402458044,132.19679289632654,111.08991465689355,104.4643333723897,128.81566299039355,113.5912365796717,116.88440469086292,120.13616676037812,122.86790962793867,117.13539653832865,100.70524097177426,105.10753270070337,122.88950089935229,101.59633164982509,114.97950086541063,107.6881386739428,109.01145846489787,117.55099633687709,110.11977895608105,113.98177025352138,104.43686210021042
