,1610555604.25mOvVXuL01OCiReyVWBfesjuvXmB3MoPy,1610555605.43B6oDsBtWRQ29Q9UMQuTUEPZy3FSSWXzc,1610555610.92HPGJJSmyPM40z7otPBgHalNrHFA7zk5d,1610555606.68LaSQbm9EHAFycEfFtEqAwYqlBsQPjIRW,1610555617.19EKxMEwDHfXiEJZc27TsGoERaD6Da4BZU,1610555722.52PJ3FD50MGhRXyUD28vluU8Z9UjLJLZn4,1610555617.52Ijr5puT55g9apK8auM7zaxa3NANg502t,1610555638.77ZLjTLkz4jYJdFMI2wWBztzsDILkoOtAk,1610556912.46C7tJPLF0XfNnm8f1820X9aLmXMHoc0Dw,1610555617.51LjzIROg0aeCP2GhDcAVQ0LipKJB9jmKc,1610555608.17OpjjHobqRkX0UPcaXrbu7K6L3805SZri,1610555721.82zWeNZfGUUfRJkgnAwlP8VMhPzXctnSd4,1610555735.75bom85BDF0C7W2eIseHeMxi24qR68nzMi,1610555735.77NnT5xqKnwcf2BbjIekeb2arTQj6QMNwk,1610555638.33wjf1PhdNaoWfbRzXVn50hmFyB5bYAiLV,1610555606.65jCE4ig8Pu8kvAzkxnSGfWsV0nQBjCf8H,1610555608.18ONsBCVo1i7BrX0XG9stct4oiA6ejX9Oz,1610555721.51RNoQUMP19FTMS79BmA3JkgSm2IC2AQuQ,1610555971.86O0cHB2ibBJ8jxoObg01EpGe8VVV5mpwn,1610556911.51zU3duZSGpcw1BDNsBLxdOCITAXwl6z3i,1610555988.71dMoYT8250UHHJGxgmITTmbHe7V6gH1yU,1610556042.81mlUZsSp7gbGjrp8jQSnybT1gPy6e62o1,1610555637.02UBW5nKvDyUrKnaWcYRGajZPxTRDS0q3N,1610555619.13oUYNikU4facCTpUSiSLr0vPI0tJLnXiT,1610555721.03nzkucfjAUh31zTbmCVvTVYqtjoxZFnBh,1610555722.67fhKURdXVzRbLIjXmjRwdJHTnE7PWb1AE,1610555638.39J2ZWBLuLTHP0jOlzB4tNHmYeijH5g5YJ,1610556032.17Q6yCDx9g7alRnL9jBFXD2JhhUyB2hKfJ,1610557007.49MyVgDnuUuBxrvL6SGOdhKf69VYlW1MSm,1610555638.44hjT5hbYdKoE3MB6hijrjqbjmLgvCUYKD,1610555608.13zUvmFSCRt6SsLbhqFznMEvGx54GPGQzM,1610556038.62a5C4ynd1AARyAhTv8a58NCqHvXRjscqH,1610555644.45Xse8u7pusHNsd7F3d0A32HXvXr6weOJE,1610556038.62gKXOCG7XCn55eJvyl5voNjbwOW0znQDq,1610555987.13v0oleKK97pkesp6oMgprH8SoSdoDVdIO,1610556964.96ZLLeiQW0qpmxhPGTg7K03fmzkqsC2bjC,1610555987.13VQlEedQ50VvkPMEMzZDv3KNnQCewykN9,1610555982.186TY6MMGkDecIN1woW6vsfAMXVV7jnyjO,1610555982.673LuMndkwkvdmZOn0MmE2Pkidx0FtNalb,1610555733.38zItcuH7gHNfKdALR2d9Nek6bxCyw36Vm,1610556034.15BQxSbZINGCay0yp6RBVlgcPrw76Yn9ON,1610555639.37BPZpgtGml8qUsh9AdV4m32jPLfI2aNFq,1610556965.57S0adAalhWYe6K3bkZU0bRHbqnDK8gGkR,1610555983.54zteLPCMjyrjzPdhHhlZr3faCgD0TfYr3,1610555987.79rHnNRmt9a0ufmnwCvZqBouyUoZDNpylW,1610556960.041xWER61rmArlsKfiMl4frikWmUCnQ7op,1610556035.13a7NHZDutfTMJ88qle1gTYY59Dr4WmMsj,1610556890.456ZBDaY16bMtrTZTqAgHl3wq1tRxzqDow,1610555760.24e6890pkbyZ97Or6croI1rQgjkSsR0yVt,1610556043.02YpWMIJg3W004iqlPyv8OcVAZdSC5rNYw,1610555987.03z05P26TLtONYM1HSzupoc2CeNMa6HTqr,1610556032.15OYCzUxpsz7b10AXBAuDXrvEcvxFhf0M7,1610556032.63Z80yI9pNwS3jSmsDABbuhf8wkNa2Ze9y,1610555736.28eGuESasTXdR3SqY6pHhEXWZtcdciYLCO,1610556034.61bebeZA0MkaFG2sm3VKiqrxeqQginTTW0,1610556944.5XwXOphKYT3ZkWA8gViqOS97VHVuMVUqb,1610556944.745UVLFBzf7fPh4UH37I6tYQOFPqRDytEh,1610556034.63XsUwaFaPZevO1JNFjfhvY4aKNFnV4noV,1610556964.89xwBHw9faT1HjQRMNQEyA4qJ3hWkwgj3k,1610556966.74DydzH91jtyvRyYau47JpVkZoMRSNTt01,1610555740.77UueVziDbaXyRR4OcVJIIZyzOfAzN51bj,1610556046.84e3vwjyRCzqz0wJQhrk8zsxlFfFSv98Df,1610556137.99eoPuVrDThKAOvmeprLPb2FWRqIhzUodc,1610555740.73XFwSrmTXJPlaxGZSefh0jOVA8PI3III1,1610556123.88AOfNaz9jSnqU5Czc7okOv1RCrYfKFBTo,1610556046.85nB7NvyoYQeLcOV391Lmmut1wAM8CFGLw,1610556123.89H4pdIAzDthI7bMXMhlIhKUYIQIvtmPPQ,1610555740.87GOYQUJKpkynIS2lFqppYK4b32ol7NeGh
1610555604.25mOvVXuL01OCiReyVWBfesjuvXmB3MoPy,0.0,53.73412954798556,16.856612704646956,51.546716412094604,36.49173492001718,47.10606104002099,37.368370234586486,20.87946017920925,32.31263158980198,38.18303151338603,57.74493210550043,52.67835945033884,51.09964460961999,34.39037785845746,55.71499385908888,44.796283908895504,60.88916654304422,58.484836012826975,42.24775239573259,39.540108420888515,54.743868676091964,61.211336175755875,39.386401498621204,19.099139833953704,49.21735260207075,45.929353689636855,35.13702009033315,51.98151174687825,52.03558282106139,40.823185349884604,42.619168340464626,42.56662615131849,42.81804727583628,48.571789862145174,49.9845850300347,52.66049899134579,47.04812235012933,46.92720616970128,53.0890516967146,50.54702184124585,51.68793630104194,59.50539560734219,51.30947723463607,48.484097725670814,57.518513795803386,58.927694714343154,47.363790056710755,41.04952108717437,40.98321975488492,49.593066985951765,43.50144649607905,41.3727208122206,52.73053154160637,60.12129856194999,41.47595505690125,47.288656101925284,50.71847140710265,47.198655176011705,43.10381292190628,49.39821630140084,60.42881176065019,63.91772344642666,46.532026011797186,59.659016044422245,42.765882636296226,63.43795853526978,45.11372864143593,58.9940937207723
1610555605.43B6oDsBtWRQ29Q9UMQuTUEPZy3FSSWXzc,53.73412954798556,0.0,55.27382972792811,54.17678888556361,55.71913514850562,59.088648016393606,56.360182246363465,57.115245878151306,57.242391386245686,52.60048416500844,57.371885971583666,59.748998323933925,55.20273482040106,59.615202090427935,62.50108487769783,56.47746428427257,60.05329617877146,33.392994205231965,57.77388278559182,54.56983984321234,62.39875791717576,59.201341499216845,52.97524080403463,56.52329084048384,57.605179439488445,59.64001055687587,55.800987560536115,59.26972029988567,56.27577549929859,53.617292301831334,57.21056154151853,55.231620905736655,52.84376707487707,53.81419101578812,59.79534706160837,62.62263740466276,59.43349180788387,52.5770460718588,50.590862637542756,63.50768818995986,58.10371600807689,60.832148029650185,62.44825226136354,56.21610879497976,46.7126338412764,31.947955250163503,60.417725045450275,58.55497073052553,52.306658200873095,61.60274399507608,57.055585343897874,59.28209928615313,61.009422024047055,62.064477979610075,55.89253282026771,58.98894545224934,58.2930726412924,57.09808650046476,57.676633237888595,57.46758316991474,61.80150132152855,62.52396194428987,54.95645978518125,61.03726468069261,54.03415009196172,62.08626240124531,59.604268188676855,62.28253962247815
1610555610.92HPGJJSmyPM40z7otPBgHalNrHFA7zk5d,16.856612704646956,55.27382972792811,0.0,52.92695373177233,37.92025958934416,48.916499877799744,38.810648751832204,24.560979316885597,34.72609165535705,40.278501065734055,58.85543516255909,54.300991271791695,52.72426147879111,35.49184547275748,56.97461394099321,46.32050701364802,61.781403662050074,60.27879207792296,44.25865138184311,41.044964658000104,56.24699152423429,62.32333764365396,41.34420536883035,23.63690459456782,50.102525763114414,47.48860841297246,37.00322284301785,53.245195500112374,53.33932425592307,42.7185562900039,44.386834490433685,44.5697685555514,44.672967950684075,50.011060989740244,51.6172780036967,53.87916722854373,48.46165748557066,48.59331095944468,54.58275031698357,52.015385739544904,52.428660377864475,60.747175503822454,52.64929972166266,50.736790734457315,58.64283366294411,60.157232603463996,48.962937026227934,42.95070339845595,42.93428508347768,50.54760322811509,45.60123238244732,43.12290909373925,54.12606312004859,61.48920627223731,43.04107066321318,48.748492588568276,51.76389670212971,49.084827559264326,45.19224679283395,51.14248456278801,61.6520704824308,64.66476788802754,48.16428552139894,60.75154190628406,44.59997645988628,64.65362196413982,46.39465017481365,60.39491225558008
1610555606.68LaSQbm9EHAFycEfFtEqAwYqlBsQPjIRW,51.546716412094604,54.17678888556361,52.92695373177233,0.0,54.01244992516092,59.852329444410536,55.36893458617439,54.189016058785135,54.829363416983924,53.634322295312174,55.73862069702613,54.91435719152945,60.86078684681226,56.53130420590531,62.79786703418111,54.618707455140765,60.37301688812791,58.241149045213945,56.94393260319056,52.08435751485995,58.42469696847545,61.274284457856396,54.44737909674356,53.73688808516414,60.18211921594475,58.985134311976566,50.79003081809971,55.911968176362635,57.542244919335886,54.76031201420544,53.66510575725345,56.599915966301964,55.031873812922164,56.78624261657382,56.22946210509945,57.55084650005102,55.97680045061711,55.2592878318237,53.846947613678005,60.84297478763809,54.65988265336344,57.9420584268256,58.264981212789294,52.54250946192713,58.80313744034379,59.07224846308977,59.8227896062195,56.08536366206022,53.26573986006711,58.51864356874537,53.28531314209698,56.40532809179912,60.736158168952734,61.46717536557982,53.53979242257032,60.100896382085914,60.152337788611,54.27377723377753,55.50027571318595,61.24839420063733,62.30291418322422,64.93011944708518,54.31151979671165,64.77731894526728,51.72740331987467,66.25328762868483,54.69884938415359,61.85294957205804
1610555617.19EKxMEwDHfXiEJZc27TsGoERaD6Da4BZU,36.49173492001718,55.71913514850562,37.92025958934416,54.01244992516092,0.0,51.511701135347096,33.93371692769812,40.33288138631664,38.30334535562189,43.337833990570196,57.327845655061644,56.38627861166135,54.94612073377826,42.03482475209183,57.77714563580326,47.57364836927926,60.64560296819172,60.318928037529304,47.531182387577864,44.65335576427158,57.462003026218945,60.41867377237856,36.09092019981629,39.9185863608302,50.00920313959433,49.584736750856244,35.827105534819324,55.30242750862363,55.0647432211617,38.84660791995926,45.57045433672413,39.161830371718864,47.43996196592358,51.37621769510642,52.95474813480418,55.19612326487147,50.206680724141066,49.86079753234163,54.68090609171302,55.005002642342056,53.599226875237406,61.267583744625654,53.725646331839364,54.39918291577639,57.372373328665084,60.414125052824204,50.218647782671766,46.077202456954026,44.208746478176494,49.075019386762214,49.6848220549163,44.406694940365796,55.161520642398244,61.266191883342636,44.63149838803719,46.814919954266266,51.25042686602714,51.35232800011158,48.746312108838744,49.55798540568938,60.54309198307509,64.55053057580936,49.82105936222449,59.883879304516554,45.93030072138259,63.388253481269956,47.93456594073055,59.370375521080476
1610555722.52PJ3FD50MGhRXyUD28vluU8Z9UjLJLZn4,47.10606104002099,59.088648016393606,48.916499877799744,59.852329444410536,51.511701135347096,0.0,51.62310689372702,50.027150031671596,48.682305264675264,53.592282384435414,61.98309226118224,60.49215492587182,60.75047353848572,51.69488925887135,63.02707441449597,57.03583166789787,64.77211505350806,61.85579505866349,31.165781277960537,54.13113191387467,61.15628554075533,62.51119798962237,51.084745305436236,49.2464505282752,55.710411797791146,38.37947229078121,49.83320293449931,60.14202725972636,61.77932479767465,49.48924117974914,55.90192037598335,49.273590020731326,56.91984757796919,60.14897782931678,59.572095395629894,60.183859117835084,58.67443206648452,59.414056246420444,60.18390490407549,59.014583675892055,62.20961488462892,63.885932825138624,60.73032945357374,57.84641801947108,62.95549697775324,60.525694296804566,53.057730997993914,51.12727496865587,55.829724257400656,57.67786902215813,55.03869787284026,49.626069048594374,60.15545764505494,65.48866686301943,55.07337939722537,51.99417861323261,59.550003826165806,56.45664167343092,54.48804195301082,49.22018271726634,64.17619388413678,67.33824036437754,58.991282263706644,61.55269452169897,56.852730531851314,67.08008243947691,54.614245597555445,63.625330238417284
1610555617.52Ijr5puT55g9apK8auM7zaxa3NANg502t,37.368370234586486,56.360182246363465,38.810648751832204,55.36893458617439,33.93371692769812,51.62310689372702,0.0,40.662924901440796,41.91358431700212,46.60161546370296,58.30783677862844,58.8353476130681,56.33303936726702,41.61535591891131,59.20411237093485,50.715464612569654,61.98063410022389,61.59828190812024,47.01650225175634,48.35391519677214,60.15766918458688,61.36070232567151,42.94504802705748,40.146680809225295,53.4588308830984,49.83184201423888,42.53756882920742,56.23448121719612,55.97825266026926,38.6229765932637,48.96272274118027,40.97536307692236,50.453908107140585,53.97117119583662,55.51626390874018,56.53888885376617,53.86008855005068,52.804575700583165,55.41764470191162,55.69700352150015,56.38812519210107,62.91040729263481,56.35833733523015,54.35208837134497,58.76001132295086,60.72788234129563,54.49529067512817,49.074329200933164,47.651153660874535,53.684155737924975,52.12207909002719,47.93521318830696,56.36146106202472,61.69832416463099,48.51373835553363,49.18282395317023,53.75238198875193,54.93502878823027,51.07551525896981,49.648400901111245,62.0307160480703,64.7415721069745,52.95807736036132,60.310552538045464,49.03741198413703,64.21557708505169,50.1922277067854,60.9802839352302
1610555638.77ZLjTLkz4jYJdFMI2wWBztzsDILkoOtAk,20.87946017920925,57.115245878151306,24.560979316885597,54.189016058785135,40.33288138631664,50.027150031671596,40.662924901440796,0.0,36.26093216245393,42.83016968249282,60.067459368040346,55.20650142002729,54.72558504645533,35.35102298576083,58.037709170102836,48.13557944146298,62.853143410787446,61.14831863543359,45.4480399157019,43.65431799011638,57.36680588329258,63.30723169884465,43.69855259012034,24.878264121742742,52.317881805584705,48.637871103338405,39.5879426009563,54.48029360038332,54.857708698153125,44.86261678806749,46.16734970577366,46.39598687977479,46.98380171107711,51.86334032413934,52.68074273363481,54.9896274853422,50.258462840995996,50.37980815928687,56.26702301260981,53.09124758585912,54.41092624808654,61.460574435412965,53.385450828141515,50.407939510955075,60.13230002322473,61.61000059453019,50.607556595387116,44.80071190041103,45.30217782517476,52.28897632128459,46.89505887500701,44.88488767922828,55.45143878484431,62.510923847926584,45.35094068786618,50.53491746640756,53.472767158513925,50.8824653970905,46.222195533426984,52.16721221021548,62.4153156339618,66.06649025955339,49.90798951565968,61.240683377311385,46.490994338432785,65.19871167868783,48.44654660515499,61.367314782251114
1610556912.46C7tJPLF0XfNnm8f1820X9aLmXMHoc0Dw,32.31263158980198,57.242391386245686,34.72609165535705,54.829363416983924,38.30334535562189,48.682305264675264,41.91358431700212,36.26093216245393,0.0,43.18033006072,59.82874807344131,54.897575069847,54.84641271034508,40.0348296385595,56.301881591244666,48.2940429184207,62.50832462395192,60.71464833219437,42.26432383444993,43.58241657575474,55.33870797102059,62.59451572246134,43.169919882412415,34.7964250832994,51.83199815840292,47.61136743663442,39.2857119344451,54.14142629884938,55.684458702698656,45.040140915973794,46.753845815926596,45.369007629945514,47.243073632786576,51.71215166602141,52.62604733384176,54.608739403611786,49.75003893805596,50.9653334730694,56.47961633074178,54.048917593814714,54.79100456767257,60.28729891339372,53.14154960483288,53.091776579310526,59.664085444082666,61.23745962170962,48.94950338802935,42.906945475407404,45.916302228525005,51.521655992737195,47.0141138093603,44.618834946864084,55.76455861979861,62.52019274204397,46.08516623311837,50.079295439612004,53.198435561694936,49.83002273642757,46.69555241499537,50.695399856652934,61.50775621021956,65.76435256514223,50.43172538557752,61.21906303653718,47.14066613332877,64.90573782808374,48.52719075545577,60.18236665234182
1610555617.51LjzIROg0aeCP2GhDcAVQ0LipKJB9jmKc,38.18303151338603,52.60048416500844,40.278501065734055,53.634322295312174,43.337833990570196,53.592282384435414,46.60161546370296,42.83016968249282,43.18033006072,0.0,60.268086734007156,56.847151670318894,37.626974720035925,47.62621098381059,59.15328113783838,47.4003589208526,63.52125360563106,60.014861262093696,51.541754045239735,43.91713433925122,58.33136609008686,64.29199553909888,42.80111061723379,41.961147743094166,51.5765326879892,52.65293666816377,41.18753696880656,56.33739252484312,53.14426466843316,46.57720896821591,44.05492310216418,48.66296097480202,22.634816359159608,49.69861389422504,53.09624563183745,56.75486438857062,49.55821806933882,47.88054976192791,52.431737506238,53.39144376715229,54.117594074580566,63.01999231422801,54.417712778879896,54.73945947974043,59.019195931481775,59.499504019994625,50.51959027822667,46.52641797812433,28.105552722719576,53.094322179152094,49.23980024643114,47.14667970574469,52.654282754737245,62.02262495385272,45.02971757326936,51.17868051440812,55.063607312276304,49.255230632696275,49.513546019504524,54.63596211506028,63.37842821055898,65.74735356149966,46.153326293682596,63.71460042415508,41.74277637603409,66.29779427724554,50.00119681336262,62.065867065607705
1610555608.17OpjjHobqRkX0UPcaXrbu7K6L3805SZri,57.74493210550043,57.371885971583666,58.85543516255909,55.73862069702613,57.327845655061644,61.98309226118224,58.30783677862844,60.067459368040346,59.82874807344131,60.268086734007156,0.0,59.80084938473126,66.41396475303806,61.207130443139945,62.35736790050456,57.487001979038524,50.759431558527226,60.35180671805027,60.47314833987003,59.40728380560273,60.59896725515563,61.525165231401026,57.636457506441054,59.61654173787745,60.6400379664239,60.4172100992814,57.17634523132283,60.28600921229723,59.74408979482359,58.639038603647975,60.54221691389173,58.1628917867908,61.891667017712344,60.79875367525538,60.15983774110911,60.488921054085964,60.33301667025713,60.94033430176841,60.680372521130536,63.84034707011681,60.26941743879445,56.68859864443425,61.369203167439906,59.40808702204317,59.966673878396286,56.74424544847416,62.974607316768605,59.3428317415371,59.83047474217214,60.161664908207065,59.5574058862212,60.431990135716035,61.40450176996699,61.94309244643783,58.921249639773684,59.9162300077003,59.49504568127194,59.333506135849866,61.35484993281949,60.50784308829261,63.490351483991276,62.49582908881751,59.473057357109106,62.54966564139812,57.63772371746963,62.838084444105775,58.110177633068005,64.03901379085063
1610555721.82zWeNZfGUUfRJkgnAwlP8VMhPzXctnSd4,52.67835945033884,59.748998323933925,54.300991271791695,54.91435719152945,56.38627861166135,60.49215492587182,58.8353476130681,55.20650142002729,54.897575069847,56.847151670318894,59.80084938473126,0.0,64.71087672128024,56.56315771038243,63.79219252053573,53.34079739951062,63.84382577278295,53.51826680323074,58.85930650080796,51.296492564595844,44.62396282996875,51.3052375490139,57.06429724115096,54.59707174126655,60.12628901327762,59.756103322690265,54.97382264291102,54.89677196120687,56.18661304120249,59.433021453930344,57.92960751690627,60.04316988637699,57.76551660755545,57.29679488684693,54.134947114983554,54.73581907397246,57.06204502055981,56.51436637866551,59.465674559078295,61.519420231027546,60.02320549235449,56.85561314866195,61.17976643434331,53.00726091566076,61.6672405534889,62.475557404885144,58.48613436965606,53.35552250539735,55.12344664576019,58.36060894105381,36.94400246401458,55.228129237573896,62.48268781704078,62.187528319210784,55.041525278233436,60.65855642511213,60.0473201245166,51.0555837556945,49.86414885879842,62.52590278229351,63.80527383089141,66.84243098432287,53.02234126255121,65.4973219322418,51.070932159850685,65.59170703081243,55.87250723123324,63.037052710927085
1610555735.75bom85BDF0C7W2eIseHeMxi24qR68nzMi,51.09964460961999,55.20273482040106,52.72426147879111,60.86078684681226,54.94612073377826,60.75047353848572,56.33303936726702,54.72558504645533,54.84641271034508,37.626974720035925,66.41396475303806,64.71087672128024,0.0,58.01971367650734,63.803489187350486,56.802116242113115,69.28702304031552,62.505074093176866,59.09299733410511,53.08963361124982,66.2807271604927,68.49157331593419,54.53130916983246,54.06009345187856,61.59099802770842,60.70581513071742,53.55051849896993,63.97254680792762,59.49262999551466,55.768348034041495,53.48493857862113,57.57444615597424,31.731908220778646,55.82305046269006,61.7370964358369,64.89231159777229,58.64776352797643,54.74625637050408,60.592152826127624,60.62252394815133,61.38628902068103,69.06619814259122,62.59546272893647,61.50251575176669,63.94825799723636,62.05690450072629,59.678741781003744,57.426242582937526,46.81073857941376,62.29991703966373,58.78832885826507,58.04362041124719,59.004829970224684,66.40029937913904,55.086596720920674,61.34452615791208,63.97640876394413,58.6536856861518,58.96456434141113,62.29048010482341,67.25489703234526,68.98441401210209,54.2418370582861,68.73906005541382,53.6083174767365,69.81130897846535,59.37493732990779,66.23601597749425
1610555735.77NnT5xqKnwcf2BbjIekeb2arTQj6QMNwk,34.39037785845746,59.615202090427935,35.49184547275748,56.53130420590531,42.03482475209183,51.69488925887135,41.61535591891131,35.35102298576083,40.0348296385595,47.62621098381059,61.207130443139945,56.56315771038243,58.01971367650734,0.0,59.316839662841694,51.90932941989136,63.812801836260086,62.29725985996746,47.77516361763189,47.732555677359024,59.634897593580305,63.599513161286175,46.70145511822759,36.67043189477983,54.30983771309391,51.09584584477612,43.87420442740882,57.27702318764394,57.67921326015452,46.97306037537637,50.130742200195755,47.69766820646652,51.408088037374476,55.38521029484871,56.26738428982086,57.41147483214181,53.57647792453436,53.965120498940976,58.64855171860421,56.46526114893107,57.456788897695226,63.117490803404536,56.10775460691655,55.346324636991696,60.71726992636236,62.80800226683592,53.98282289195174,48.47669748153341,49.62262073563794,54.75705851157117,50.271609543888374,47.63171812458561,58.31691046962262,64.37946741266695,49.94765209138595,52.87564705368415,54.90590512875693,54.810137054906725,49.358660181968375,53.36428846857296,63.52405005626266,67.1713154721754,54.32548853839124,62.79105738523414,50.32180500969576,65.74319933205028,51.77173288328802,62.47409881407451
1610555638.33wjf1PhdNaoWfbRzXVn50hmFyB5bYAiLV,55.71499385908888,62.50108487769783,56.97461394099321,62.79786703418111,57.77714563580326,63.02707441449597,59.20411237093485,58.037709170102836,56.301881591244666,59.15328113783838,62.35736790050456,63.79219252053573,63.803489187350486,59.316839662841694,0.0,57.27094633787127,65.07952672941789,65.36246981272103,61.01449382487708,58.369383617075286,63.411950837156546,66.59283529176844,58.81706208191677,57.55050349984194,62.47654376483897,60.78584712268573,57.33182432531541,64.34198879819346,60.197998232056214,60.36123505081225,57.961825358607584,59.618808657821454,60.390202864468506,63.52165358090496,57.475989705162355,60.66079914696614,58.20919273257551,62.198159019700014,63.33990490773702,62.64163586483295,55.61215699877093,64.79264104434714,56.61670994968896,61.90862650392781,60.17183351925843,64.07852741820764,60.692025886478206,56.83987367591977,61.25194993145423,61.34260515755931,60.17204343599267,58.10834301522236,66.98238803512511,62.991225070056885,58.2360796587401,62.181502885610435,58.84823895448922,60.526615657782536,61.481835594724764,61.98979325795775,67.41189775072847,66.5743104236416,62.00618622877027,67.12796068856649,60.37132104868609,65.90278922408261,59.88733117573655,67.52613589831348
1610555606.65jCE4ig8Pu8kvAzkxnSGfWsV0nQBjCf8H,44.796283908895504,56.47746428427257,46.32050701364802,54.618707455140765,47.57364836927926,57.03583166789787,50.715464612569654,48.13557944146298,48.2940429184207,47.4003589208526,57.487001979038524,53.34079739951062,56.802116242113115,51.90932941989136,57.27094633787127,0.0,61.42525981751779,61.698719520474945,55.6903629132357,42.52130235073402,54.49995954628213,63.31711884702986,48.21220967983419,47.619535941784086,54.83920881187226,56.05994915576231,45.99157631417587,53.26375759264826,50.54231462593089,52.38058669450296,46.92254181776159,53.31431223913004,48.63003052124492,43.69644492998951,43.04047848345697,51.054128705615014,48.607101414315835,43.91691960297599,56.36575434087231,57.576654600879095,50.58830086095141,60.023350841973965,56.367606798740574,54.1458823812574,59.23236004706674,61.606037443039554,52.49872993211889,48.16261867294888,47.95151487131286,52.06742846308947,48.56373447911346,51.663501518935185,54.59830549905287,61.06049025552801,44.10606202725525,54.729831091945265,56.16494930385804,46.99703186777247,50.228527212799285,58.26239330848411,60.588828160071486,63.90925399449657,45.97328738032436,62.86490110060032,46.84760613874216,63.19772634749109,48.96431426327902,58.572039022408866
1610555608.18ONsBCVo1i7BrX0XG9stct4oiA6ejX9Oz,60.88916654304422,60.05329617877146,61.781403662050074,60.37301688812791,60.64560296819172,64.77211505350806,61.98063410022389,62.853143410787446,62.50832462395192,63.52125360563106,50.759431558527226,63.84382577278295,69.28702304031552,63.812801836260086,65.07952672941789,61.42525981751779,0.0,62.621139239200325,63.302377769056775,62.63707641269012,63.93839858359009,64.33963835653974,60.777446080728744,62.644691541559396,62.23197070349839,62.494738327125255,61.03612473007154,63.4464340244732,62.55282222343289,62.231961436291414,63.382419567004504,61.34967048337461,65.05023238406949,64.36453897628431,63.230988425936005,62.47296645378753,62.89095683614385,63.160216538767784,61.54458936503474,66.6249217985634,63.21727322309259,61.588426634802936,63.77331832717868,62.42881294490711,61.67730113135167,59.98228443333264,65.70768872274603,62.65233310382331,62.925373162020215,62.51075495655425,63.23328186812318,63.349641768736205,66.12562331021795,63.59190756432109,62.41376436894098,62.40410247740603,61.14989348232824,62.7445178111497,64.70115750746054,63.13568295868192,65.62108955484409,62.23122885397784,62.930670048765926,63.86788844150014,61.45599573792082,63.709180739545566,61.48689465364927,65.99156007710737
1610555721.51RNoQUMP19FTMS79BmA3JkgSm2IC2AQuQ,58.484836012826975,33.392994205231965,60.27879207792296,58.241149045213945,60.318928037529304,61.85579505866349,61.59828190812024,61.14831863543359,60.71464833219437,60.014861262093696,60.35180671805027,53.51826680323074,62.505074093176866,62.29725985996746,65.36246981272103,61.698719520474945,62.621139239200325,0.0,60.28377082916897,60.23782203622952,61.60160449260874,57.928530366697125,59.02992754077518,60.23531191946999,61.70209532144824,62.9297593574566,60.4429987693161,62.1422071194161,62.08509530685741,59.96135881165269,62.66959347003701,60.555675596519414,60.498270229432386,61.02374350400557,64.04275464028044,64.3770015599444,63.98596733955999,60.656057871584224,56.86635633024969,66.27224044743805,62.76731818265638,62.4713578748743,64.78227271652072,59.421537010635404,53.155308459971664,40.639591551106605,63.494531390711465,60.75876270648605,59.81380128326395,64.47980014971581,55.64874581762037,62.3162188609517,65.61846419353385,65.24296570959261,62.23498072845435,63.520768472401514,61.14187729170535,61.99958823584382,59.21444898752863,61.399983416034125,64.07727139911337,64.95998116362735,61.024600279997955,63.16594099334423,59.89461176373631,64.18961560110736,62.88891038608298,63.971116148365965
1610555971.86O0cHB2ibBJ8jxoObg01EpGe8VVV5mpwn,42.24775239573259,57.77388278559182,44.25865138184311,56.94393260319056,47.531182387577864,31.165781277960537,47.01650225175634,45.4480399157019,42.26432383444993,51.541754045239735,60.47314833987003,58.85930650080796,59.09299733410511,47.77516361763189,61.01449382487708,55.6903629132357,63.302377769056775,60.28377082916897,0.0,52.35530256035875,59.60126462803336,60.28315214644208,49.75537538693924,44.710579405260944,55.56713930806411,42.20813274281672,47.140381996139574,58.22192226012905,60.19216927685207,46.19580653189316,54.18694916599686,46.07898022429002,55.07912774698539,58.33391171769085,58.06030244807276,58.523611029703396,57.093673358199524,57.79473181793414,58.73264910904196,56.83285456740372,60.194189989729665,62.87891759178888,58.625435544530596,55.582269092483216,61.528087765196176,60.21955964816798,54.296744974517864,48.91267059517924,53.78104227166095,55.84435617646349,52.87099251507435,48.11881167345479,59.2075823352185,63.7671576912375,53.84412359953375,54.20893854619708,57.6729988680779,55.823787541012955,52.25130488684326,48.68791021197397,62.78671340162193,66.33990464051385,57.77211160670429,60.18770155589218,54.77514547993632,65.61222580156877,52.2887056914444,62.150153303360234
1610556911.51zU3duZSGpcw1BDNsBLxdOCITAXwl6z3i,39.540108420888515,54.56983984321234,41.044964658000104,52.08435751485995,44.65335576427158,54.13113191387467,48.35391519677214,43.65431799011638,43.58241657575474,43.91713433925122,59.40728380560273,51.296492564595844,53.08963361124982,47.732555677359024,58.369383617075286,42.52130235073402,62.63707641269012,60.23782203622952,52.35530256035875,0.0,52.7217014408472,61.71175067884582,45.34697905746556,42.89661068666409,53.81587944533954,53.0657041297791,41.92352354160542,52.28785442911714,51.91309703949862,49.350407755011815,46.36852014405088,50.58957104946077,44.07650576097901,46.6196280061001,49.208233317128695,51.685894652196325,46.01479632054736,45.93800603648376,55.67110336185287,56.81438759029568,51.102797698845194,59.69294387192609,54.76085562330801,51.070780858204984,56.530152455053965,60.62984831040759,50.28816119255694,45.178075853307995,45.12729467885988,52.67946321141626,46.162385135195045,48.300999158113996,56.33466107242457,61.70321039617207,42.53010530818926,52.909354948380795,54.613896404265176,44.1318138519606,46.8580434334321,56.21814852340638,62.52434138455191,64.74670421111037,44.13053352177304,63.55036215326963,42.77336785643942,64.69065118507817,48.759863832453036,61.52147256292224
1610555988.71dMoYT8250UHHJGxgmITTmbHe7V6gH1yU,54.743868676091964,62.39875791717576,56.24699152423429,58.42469696847545,57.462003026218945,61.15628554075533,60.15766918458688,57.36680588329258,55.33870797102059,58.33136609008686,60.59896725515563,44.62396282996875,66.2807271604927,59.634897593580305,63.411950837156546,54.49995954628213,63.93839858359009,61.60160449260874,59.60126462803336,52.7217014408472,0.0,55.717899318210236,57.79264528463325,56.66375720187854,60.331432906041535,59.47759330624871,55.954200994969604,55.42315533447316,58.60439793837869,61.00381495262006,58.99800010139687,60.73499249561996,59.59514049567378,59.212625674283366,52.99426229491885,55.25958207189461,57.602597755850596,58.36495593238515,60.702367488244775,62.981967983030664,60.06635381763847,57.934601178512295,61.54957461335374,56.15042368822718,62.26162498366507,63.36013858933188,58.44123381329365,54.9683093253231,56.49389124740177,59.02042381708704,49.33687569907574,56.91393971280209,63.20335457696832,63.482639788325365,56.659459954717185,60.51407680788675,60.2153682420796,50.80667089739982,54.38031886360298,62.39028766710464,63.98490914000213,67.25016127726246,54.889052868715375,64.95701537762251,53.293424031196366,66.43612341209347,56.959878053311535,63.90601620471016
1610556042.81mlUZsSp7gbGjrp8jQSnybT1gPy6e62o1,61.211336175755875,59.201341499216845,62.32333764365396,61.274284457856396,60.41867377237856,62.51119798962237,61.36070232567151,63.30723169884465,62.59451572246134,64.29199553909888,61.525165231401026,51.3052375490139,68.49157331593419,63.599513161286175,66.59283529176844,63.31711884702986,64.33963835653974,57.928530366697125,60.28315214644208,61.71175067884582,55.717899318210236,0.0,57.97659474889749,63.04004348231238,61.54652617697941,61.22029476053564,61.84423079021627,61.59357451163668,63.820373265399255,57.68099868029044,65.43224044878744,56.23991119239687,65.37306273184885,65.28019877703305,63.66945061239305,61.93240501125173,64.88920852545608,63.96647815343896,62.341777592585515,66.62203322082192,67.02521491344872,60.8273734227777,66.31593704279074,61.9608785293286,60.66240778911296,60.42523998742828,65.32806392510898,62.195858028098876,60.75273379356089,63.3696723450407,56.14263217611576,62.79311909490829,67.74395567253389,65.78794178493284,64.36514924115701,62.683758345326105,61.87254889563478,59.92838327345598,60.85106015619986,56.12599658780064,63.20156677437323,68.96682677908788,60.90290265307964,64.33680610390225,60.06114142563661,64.34186851690441,62.06633127079701,64.54109095046017
1610555637.02UBW5nKvDyUrKnaWcYRGajZPxTRDS0q3N,39.386401498621204,52.97524080403463,41.34420536883035,54.44737909674356,36.09092019981629,51.084745305436236,42.94504802705748,43.69855259012034,43.169919882412415,42.80111061723379,57.636457506441054,57.06429724115096,54.53130916983246,46.70145511822759,58.81706208191677,48.21220967983419,60.777446080728744,59.02992754077518,49.75537538693924,45.34697905746556,57.79264528463325,57.97659474889749,0.0,42.914497660558,44.494172302125364,49.48481388299826,36.07752092758965,56.98243464811409,54.59769308813405,36.674399305453285,45.12368046086312,36.96618876826595,46.964762497300214,51.80114531560186,53.2960896925619,55.09590059482021,50.140849349749644,48.63717387464218,51.153746538801265,56.400565882413474,54.525396638310156,61.60588227542452,54.52206890189392,55.805272949196564,55.33308680751802,57.475594223162105,49.42197666144522,45.732235380136096,40.609046569000895,48.870412753496346,51.00846007340235,44.5889576332416,55.090525012411725,60.84362445680761,45.384588738217154,39.347989497350994,51.32398774474054,50.35785984274051,50.315768384746015,44.24459074407116,60.49316564313803,64.7487606724261,48.0864804774184,58.66100154009128,44.932545803985846,62.09232406255311,47.96520549081566,60.509737687572716
1610555619.13oUYNikU4facCTpUSiSLr0vPI0tJLnXiT,19.099139833953704,56.52329084048384,23.63690459456782,53.73688808516414,39.9185863608302,49.2464505282752,40.146680809225295,24.878264121742742,34.7964250832994,41.961147743094166,59.61654173787745,54.59707174126655,54.06009345187856,36.67043189477983,57.55050349984194,47.619535941784086,62.644691541559396,60.23531191946999,44.710579405260944,42.89661068666409,56.66375720187854,63.04004348231238,42.914497660558,0.0,51.29133383195246,48.060536326483856,38.52935073678298,54.11278225354851,54.25117357987549,44.16292192729733,45.529515693918725,45.796919720869376,46.212205261618614,51.21891218492322,52.11466994539883,54.44473892362186,49.847572489090375,49.75283553015831,55.64669430979458,53.02273868287068,54.254259680171806,60.96923448272379,52.77054417802083,51.032305498497315,59.866823463890455,61.05982342243811,49.88118862853187,43.752297545281905,44.48540056284499,51.95666441925023,45.850459772327945,44.19312202351863,54.837211259223075,61.93087889810399,44.77488293582319,49.88855544835238,52.65763062166273,50.18523168095473,45.640846867870884,51.62083780514339,61.85145438654398,65.39336601335233,49.32357301270921,60.79304769112516,45.849057167024135,64.7184788307218,47.64449446685976,60.90247170147274
1610555721.03nzkucfjAUh31zTbmCVvTVYqtjoxZFnBh,49.21735260207075,57.605179439488445,50.102525763114414,60.18211921594475,50.00920313959433,55.710411797791146,53.4588308830984,52.317881805584705,51.83199815840292,51.5765326879892,60.6400379664239,60.12628901327762,61.59099802770842,54.30983771309391,62.47654376483897,54.83920881187226,62.23197070349839,61.70209532144824,55.56713930806411,53.81587944533954,60.331432906041535,61.54652617697941,44.494172302125364,51.29133383195246,0.0,54.89794074261411,50.29036711155014,59.095761383030265,60.668756044983056,51.404652533334996,54.107914092530116,51.051386102496764,54.9359048534423,57.42774157933371,57.63818720207353,59.35466993222363,56.22268972966241,54.716316490229694,53.20449589608143,59.079339688424135,61.07612227663778,63.10781715624485,57.8235050800781,60.05283954996183,59.282335056381605,57.00878743310415,56.069032263011216,50.102697269565596,49.485317977359,55.69123734976436,55.52672862543555,51.57105082344354,58.591322650284845,64.42026049500504,53.647611961803484,46.127199355001785,50.042572605977156,55.091080612056885,55.322904473106995,49.31977167362671,62.08352997074282,65.57805357992784,54.8328121987908,58.79189434620137,52.73765138248756,63.14551499421938,54.00308686629688,62.70129450232624
1610555722.67fhKURdXVzRbLIjXmjRwdJHTnE7PWb1AE,45.929353689636855,59.64001055687587,47.48860841297246,58.985134311976566,49.584736750856244,38.37947229078121,49.83184201423888,48.637871103338405,47.61136743663442,52.65293666816377,60.4172100992814,59.756103322690265,60.70581513071742,51.09584584477612,60.78584712268573,56.05994915576231,62.494738327125255,62.9297593574566,42.20813274281672,53.0657041297791,59.47759330624871,61.22029476053564,49.48481388299826,48.060536326483856,54.89794074261411,0.0,48.48560767224583,58.953891169255236,60.20252692310654,49.154910741134465,54.992601983410715,48.13703036409249,56.0428875096601,59.031670031824184,58.889840201106495,58.624425445286036,57.36240027391586,58.50416218577465,58.70401586089753,57.63971307570613,60.90204374148091,62.49326507464832,58.69306791694313,56.28578889169858,61.53618859919421,61.194371050455935,51.98890007906676,49.693649190416856,54.862902750218026,56.04621664177123,53.665142118434645,49.0779655476739,58.800073322334164,63.74469085987236,54.347131333695245,52.365444365845484,57.76412774270899,55.31944230942998,53.42598520795588,49.53083171142455,63.04511172035789,66.25828113117078,58.226717754027696,60.45384780660245,55.89565137628221,65.40859292477401,52.9984199329958,61.886245295437654
1610555638.39J2ZWBLuLTHP0jOlzB4tNHmYeijH5g5YJ,35.13702009033315,55.800987560536115,37.00322284301785,50.79003081809971,35.827105534819324,49.83320293449931,42.53756882920742,39.5879426009563,39.2857119344451,41.18753696880656,57.17634523132283,54.97382264291102,53.55051849896993,43.87420442740882,57.33182432531541,45.99157631417587,61.03612473007154,60.4429987693161,47.140381996139574,41.92352354160542,55.954200994969604,61.84423079021627,36.07752092758965,38.52935073678298,50.29036711155014,48.48560767224583,0.0,54.597807000433015,54.20236493622192,42.710223964164285,40.86695900823447,41.92392606562107,45.551451878153884,50.7682953958001,51.034686894880636,53.5598666128224,47.63937633118398,48.923585189221626,54.56971778258835,52.91910822403589,50.383087763789206,60.885997024541204,51.719659588943685,53.50164397393295,58.60721271258337,60.39933144104172,47.13490228069679,42.4035244113299,43.21916316484764,40.98108671973704,47.57736691452815,41.112697883081545,54.37414229154893,61.25313569392693,43.3261539227671,47.80594528058772,52.225987323332134,48.17918850675972,46.97475347133105,50.76185067843896,61.35528963950856,64.27158536574065,47.752404797658286,60.78380393440024,44.57178024465737,64.5352986597484,38.92587957821541,60.216359545610175
1610556032.17Q6yCDx9g7alRnL9jBFXD2JhhUyB2hKfJ,51.98151174687825,59.26972029988567,53.245195500112374,55.911968176362635,55.30242750862363,60.14202725972636,56.23448121719612,54.48029360038332,54.14142629884938,56.33739252484312,60.28600921229723,54.89677196120687,63.97254680792762,57.27702318764394,64.34198879819346,53.26375759264826,63.4464340244732,62.1422071194161,58.22192226012905,52.28785442911714,55.42315533447316,61.59357451163668,56.98243464811409,54.11278225354851,59.095761383030265,58.953891169255236,54.597807000433015,0.0,57.8669751055199,58.96625708712514,58.22548559963853,59.05662041005229,57.49150462324172,53.031456418982465,56.93032883679485,56.02920479652652,58.005694086890266,53.66105043885482,58.51299317320041,59.757649931660445,61.513929426458596,56.806922524487995,59.922158649509676,51.16984641021881,62.14331746529767,61.284476184148076,58.069991182878084,55.920006599792416,56.523542999684786,58.19582120214003,52.13753558276764,56.7091827000593,60.71291818825071,63.88323849494733,56.27556075637752,60.167606850638116,59.16286899380315,50.72029096544394,51.51007290183767,61.942786255445014,61.10491906161643,66.80146459382829,54.503579027730474,62.98100416825204,53.69151019912041,64.7213294325984,55.89622921886953,60.73420224315284
1610557007.49MyVgDnuUuBxrvL6SGOdhKf69VYlW1MSm,52.03558282106139,56.27577549929859,53.33932425592307,57.542244919335886,55.0647432211617,61.77932479767465,55.97825266026926,54.857708698153125,55.684458702698656,53.14426466843316,59.74408979482359,56.18661304120249,59.49262999551466,57.67921326015452,60.197998232056214,50.54231462593089,62.55282222343289,62.08509530685741,60.19216927685207,51.91309703949862,58.60439793837869,63.820373265399255,54.59769308813405,54.25117357987549,60.668756044983056,60.20252692310654,54.20236493622192,57.8669751055199,0.0,56.48175060877516,54.95202190207849,58.10123777414083,53.47588904895268,54.027490713160795,55.00100469801118,53.91134356870446,56.72670555756289,49.53317921783644,59.29817547146218,62.44555440698805,54.47712392156285,61.265516943724144,60.78512998841939,56.51506108536986,60.056959191112135,60.76025681300207,59.57835294942731,56.51156746626569,54.46419560164846,59.3833451455455,53.78836803176854,57.490866543020296,61.364504381036404,59.70689625471596,53.21094787951095,59.22009515504765,60.80670890584234,54.89901834721186,54.980094386350856,61.44068299030108,64.60892898901594,63.82563239359835,47.48049202469574,66.20090189159052,48.28107113455997,60.50654902562523,57.32750081597085,64.29937853317611
