,1610555604.25mOvVXuL01OCiReyVWBfesjuvXmB3MoPy,1610555605.43B6oDsBtWRQ29Q9UMQuTUEPZy3FSSWXzc,1610555610.92HPGJJSmyPM40z7otPBgHalNrHFA7zk5d,1610555606.68LaSQbm9EHAFycEfFtEqAwYqlBsQPjIRW,1610555617.19EKxMEwDHfXiEJZc27TsGoERaD6Da4BZU,1610555722.52PJ3FD50MGhRXyUD28vluU8Z9UjLJLZn4,1610555617.52Ijr5puT55g9apK8auM7zaxa3NANg502t,1610555638.77ZLjTLkz4jYJdFMI2wWBztzsDILkoOtAk,1610556912.46C7tJPLF0XfNnm8f1820X9aLmXMHoc0Dw,1610555617.51LjzIROg0aeCP2GhDcAVQ0LipKJB9jmKc,1610555608.17OpjjHobqRkX0UPcaXrbu7K6L3805SZri,1610555721.82zWeNZfGUUfRJkgnAwlP8VMhPzXctnSd4,1610555735.75bom85BDF0C7W2eIseHeMxi24qR68nzMi,1610555735.77NnT5xqKnwcf2BbjIekeb2arTQj6QMNwk,1610555638.33wjf1PhdNaoWfbRzXVn50hmFyB5bYAiLV,1610555606.65jCE4ig8Pu8kvAzkxnSGfWsV0nQBjCf8H,1610555608.18ONsBCVo1i7BrX0XG9stct4oiA6ejX9Oz,1610555721.51RNoQUMP19FTMS79BmA3JkgSm2IC2AQuQ,1610555971.86O0cHB2ibBJ8jxoObg01EpGe8VVV5mpwn,1610556911.51zU3duZSGpcw1BDNsBLxdOCITAXwl6z3i,1610555988.71dMoYT8250UHHJGxgmITTmbHe7V6gH1yU,1610556042.81mlUZsSp7gbGjrp8jQSnybT1gPy6e62o1,1610555637.02UBW5nKvDyUrKnaWcYRGajZPxTRDS0q3N,1610555619.13oUYNikU4facCTpUSiSLr0vPI0tJLnXiT,1610555721.03nzkucfjAUh31zTbmCVvTVYqtjoxZFnBh,1610555722.67fhKURdXVzRbLIjXmjRwdJHTnE7PWb1AE,1610555638.39J2ZWBLuLTHP0jOlzB4tNHmYeijH5g5YJ,1610556032.17Q6yCDx9g7alRnL9jBFXD2JhhUyB2hKfJ,1610557007.49MyVgDnuUuBxrvL6SGOdhKf69VYlW1MSm,1610555638.44hjT5hbYdKoE3MB6hijrjqbjmLgvCUYKD,1610555608.13zUvmFSCRt6SsLbhqFznMEvGx54GPGQzM,1610556038.62a5C4ynd1AARyAhTv8a58NCqHvXRjscqH,1610555644.45Xse8u7pusHNsd7F3d0A32HXvXr6weOJE,1610556038.62gKXOCG7XCn55eJvyl5voNjbwOW0znQDq,1610555987.13v0oleKK97pkesp6oMgprH8SoSdoDVdIO,1610556964.96ZLLeiQW0qpmxhPGTg7K03fmzkqsC2bjC,1610555987.13VQlEedQ50VvkPMEMzZDv3KNnQCewykN9,1610555982.186TY6MMGkDecIN1woW6vsfAMXVV7jnyjO,1610555982.673LuMndkwkvdmZOn0MmE2Pkidx0FtNalb,1610555733.38zItcuH7gHNfKdALR2d9Nek6bxCyw36Vm,1610556034.15BQxSbZINGCay0yp6RBVlgcPrw76Yn9ON,1610555639.37BPZpgtGml8qUsh9AdV4m32jPLfI2aNFq,1610556965.57S0adAalhWYe6K3bkZU0bRHbqnDK8gGkR,1610555983.54zteLPCMjyrjzPdhHhlZr3faCgD0TfYr3,1610555987.79rHnNRmt9a0ufmnwCvZqBouyUoZDNpylW,1610556960.041xWER61rmArlsKfiMl4frikWmUCnQ7op,1610556035.13a7NHZDutfTMJ88qle1gTYY59Dr4WmMsj,1610556890.456ZBDaY16bMtrTZTqAgHl3wq1tRxzqDow,1610555760.24e6890pkbyZ97Or6croI1rQgjkSsR0yVt,1610556043.02YpWMIJg3W004iqlPyv8OcVAZdSC5rNYw,1610555987.03z05P26TLtONYM1HSzupoc2CeNMa6HTqr,1610556032.15OYCzUxpsz7b10AXBAuDXrvEcvxFhf0M7,1610556032.63Z80yI9pNwS3jSmsDABbuhf8wkNa2Ze9y,1610555736.28eGuESasTXdR3SqY6pHhEXWZtcdciYLCO,1610556034.61bebeZA0MkaFG2sm3VKiqrxeqQginTTW0,1610556944.5XwXOphKYT3ZkWA8gViqOS97VHVuMVUqb,1610556944.745UVLFBzf7fPh4UH37I6tYQOFPqRDytEh,1610556034.63XsUwaFaPZevO1JNFjfhvY4aKNFnV4noV,1610556964.89xwBHw9faT1HjQRMNQEyA4qJ3hWkwgj3k,1610556966.74DydzH91jtyvRyYau47JpVkZoMRSNTt01,1610555740.77UueVziDbaXyRR4OcVJIIZyzOfAzN51bj,1610556046.84e3vwjyRCzqz0wJQhrk8zsxlFfFSv98Df,1610556137.99eoPuVrDThKAOvmeprLPb2FWRqIhzUodc,1610555740.73XFwSrmTXJPlaxGZSefh0jOVA8PI3III1,1610556123.88AOfNaz9jSnqU5Czc7okOv1RCrYfKFBTo,1610556046.85nB7NvyoYQeLcOV391Lmmut1wAM8CFGLw,1610556123.89H4pdIAzDthI7bMXMhlIhKUYIQIvtmPPQ,1610555740.87GOYQUJKpkynIS2lFqppYK4b32ol7NeGh
1610555604.25mOvVXuL01OCiReyVWBfesjuvXmB3MoPy,0.0,85.72431609016496,65.27091578286499,89.69823655059277,73.9714396406602,85.88680821493827,76.0969273620864,60.11628145772616,67.53150694826272,94.28427701911002,97.54647947568867,96.24840264582002,90.5260839182177,72.80752688437913,89.66752927234586,86.87283941801792,98.33931064818564,91.42783836119493,79.98812986113812,85.73329413067319,95.19366787790905,87.07445625965056,79.18971570432757,61.48835461162298,92.8455250965328,90.47120807277479,75.46033487291461,91.40244738739874,94.68680537814826,79.79136895197801,90.62301726134228,78.97065836499021,92.22840836637586,88.0363539019661,93.37590514095379,90.48276295984066,89.97770871791997,85.90023525412835,95.81038424966344,88.96369974505605,87.6899071794942,87.56187776926375,90.42497591429185,93.88481088618825,91.99735858897738,93.67095947505736,88.6789518137406,84.0574628336021,87.45489843851719,88.19175244988934,85.61845569530746,82.64500336923439,91.48834741274365,85.93103576826036,89.41855559026547,85.35782738401628,90.10215419310106,88.20743123053468,85.45779392458,84.79636480686503,93.86397472041764,87.95932093588453,88.65136529956823,86.09574602280131,85.71751308858875,89.1014699260637,88.66613342255532,96.28968134483976
1610555605.43B6oDsBtWRQ29Q9UMQuTUEPZy3FSSWXzc,85.72431609016496,0.0,93.70069101462465,79.85219809982308,86.68885229095874,86.804141651865,86.59181272116176,88.04326326898816,87.30855948182601,90.14775348712689,89.04005130080495,88.73368651633265,79.88226413451002,89.44920192199085,78.53541636233577,80.86482414394187,89.83394545375072,69.9787496324212,85.62180843375035,85.9507566257181,89.19742241874911,75.24989415852274,83.30712855438271,90.03175409858902,87.66083049001332,92.0135936045058,83.41866786973146,84.73430151927259,86.17896193580653,83.9767394272,87.04851450051405,84.64733469581977,83.07146010841616,80.07899332407354,88.12270368478765,85.78510784146826,84.18872217257508,78.10682698668873,80.59951631194046,87.01879659494251,80.89588929785462,76.63658937933458,86.55262750881003,86.58633730076629,76.739766585118,74.5902642956182,84.39054415782695,87.19054163232082,83.39665240780542,82.92979969954291,82.89271269521802,86.76045215669268,86.86959099577632,76.68893245765395,86.09997883911493,85.41277736220266,88.33409111215616,85.33470362193206,84.05367026988219,84.63604184959355,84.13050302272603,76.75674146846696,80.62622754580761,77.22619015298483,79.8549157208338,77.73536345580504,85.94750126253875,88.7129712245362
1610555610.92HPGJJSmyPM40z7otPBgHalNrHFA7zk5d,65.27091578286499,93.70069101462465,0.0,96.9074606922338,84.94568611182156,92.8017199366982,79.79354885625993,58.401771591801946,81.83889651931302,102.33593948779713,103.42718562500323,101.80720493147625,98.200314462863,80.71348928845772,96.6256593179371,93.78013605037926,103.75935511899682,97.99070750259305,88.51963769462989,94.30648618565064,101.34777953321846,92.73799931903946,88.06104743152451,58.03949870457362,99.40676091423553,97.13699373604828,84.93399832102166,98.00704896259967,101.27556982897647,84.05961710549717,98.6789240981386,87.48740898655436,100.09520030362204,95.17170938356433,98.95948600918335,97.10012852938951,96.40617707120111,94.12880976213846,101.8995903361815,96.58314460246778,94.7463490357928,94.19666026261613,97.97244933070641,100.25731495001465,98.43818872499031,100.02465457403432,94.7124252948646,92.44302414801626,95.59512541519103,93.92105592850893,92.65161499291213,90.33546419106989,98.12314444021334,92.88815927388998,94.47172969423252,92.47360102647754,97.44203936456512,93.49129696492652,92.68177208949305,91.71467431453341,99.92188348361498,93.85217205757479,95.52083727607555,93.45134486501823,93.735888237873,94.98606153368205,95.54243066842136,101.66009948811319
1610555606.68LaSQbm9EHAFycEfFtEqAwYqlBsQPjIRW,89.69823655059277,79.85219809982308,96.9074606922338,0.0,88.07609906746795,87.84588239359144,90.97938935615858,91.56561481830357,89.62322396247332,94.11026901271248,82.71981018358599,89.69069957603996,89.1951816630877,93.19025197706551,85.73290374548131,81.56057020792406,89.78226047154624,85.37758667619846,86.83332846753552,85.47351909261693,87.18629957325287,81.22315155587395,84.32774886137875,93.28715345178811,92.88262051572111,93.51842911157367,84.59160097356543,81.19118775292854,86.48032527621848,88.08438400670703,87.93500322876551,88.8027301912971,89.29201402066998,81.43357121621622,84.4737824108441,82.6458130431882,82.68955480013246,80.38698879163017,88.1266353616914,86.23787963618722,75.9254874358251,79.01040633349916,81.01303200033215,82.1089751232874,85.21817863200097,83.28991884941756,87.02708491024116,88.5207771722856,87.17662575624138,84.83309119425564,78.84343922119058,86.7319582304702,89.11812483863628,81.41082863758487,84.39752537747017,87.039357099083,87.71227613066883,84.08172712513746,80.74868939289374,87.32392888079364,85.92492772088691,82.18073981707248,83.65838707123206,83.62462045680333,81.66422538811057,84.19358032972102,85.78012579739752,88.49450420794817
1610555617.19EKxMEwDHfXiEJZc27TsGoERaD6Da4BZU,73.9714396406602,86.68885229095874,84.94568611182156,88.07609906746795,0.0,81.56227724851944,76.12178970315267,78.8978915870504,68.8500869638281,94.81371328097573,95.18054514693584,95.05307051093122,91.23384729247012,78.14410478160585,87.98402499043141,86.29604542146825,96.06557416337714,90.04410797489732,77.39071545127867,84.93693943336358,92.90308459492095,84.76863438228438,69.13261388977614,80.70252383367004,88.53946637330729,85.36877273718872,69.70155084092896,89.36421413134079,92.08382961302941,78.66096753782699,89.26766188534336,76.00448641856998,92.51486825619892,87.00263241289989,91.04754211872108,89.5565400262735,86.40144006477456,85.08656573788173,94.03366719813793,89.41782179738264,83.82191691120586,86.19398122610339,87.89828739475735,92.56052977604044,91.17593240863553,91.77161067812699,86.11451095934704,82.59544159680091,86.41407780850341,86.5963677577559,84.49460353602876,82.35378524129678,91.15060581457851,84.81929397006088,88.18306779413474,79.06935484237424,87.74465926025331,88.01027099089787,84.04159312039418,81.28525501008973,92.08620274733383,86.14280818149082,88.52372294641465,84.33583339160408,85.60887523667381,87.49252783820619,89.3636779248782,94.03366168090497
1610555722.52PJ3FD50MGhRXyUD28vluU8Z9UjLJLZn4,85.88680821493827,86.804141651865,92.8017199366982,87.84588239359144,81.56227724851944,0.0,87.05882985076997,87.49954789024952,83.77666479966983,96.99090850986241,90.56990402919845,95.90395337223865,92.31540601965297,87.57711377536273,89.88991289115786,87.95591486483211,93.7798956287274,89.47511143684171,63.09579423748622,88.46404887348939,91.30305972648418,84.15818367088191,77.18267158115042,89.28331463640998,90.43077962696685,55.39632579598475,79.1355051004843,88.31068531475329,90.77567010668749,83.60739679312034,91.87932188591616,82.6566021247043,94.1773583452052,88.18742337711453,90.84302642215094,88.52369195471724,88.82679133732815,87.30961370788673,93.96297019213867,89.54455153050637,87.45752131511013,85.97424048246224,89.05678719871447,91.10605339189598,89.29066227302663,86.32528463817742,84.53541918483684,85.07877327272548,89.92161076117783,85.75422188191268,84.1005517779194,83.15390197674557,91.1387541782692,84.36009655026034,90.30414637727185,77.88185077198693,89.1332941256716,88.84273773139873,83.81743733285435,79.12483117648418,89.58815454662917,85.52023367338997,90.1024497052243,83.84432316518236,88.63664746816725,86.84382252895803,88.40639470231751,89.91312698595135
1610555617.52Ijr5puT55g9apK8auM7zaxa3NANg502t,76.0969273620864,86.59181272116176,79.79354885625993,90.97938935615858,76.12178970315267,87.05882985076997,0.0,78.83087268804493,77.32095664737416,97.63964696352842,98.0219032084431,96.2149523648569,93.41053397817534,72.82365119587281,88.56080651597613,87.81741810074894,98.64162334984647,91.55014359545052,82.89368982574328,89.42563469609667,95.44774778381243,86.4069664393178,81.70830678678942,80.38999009029943,93.18267218885632,91.51428529953414,79.82775528079763,92.2637329906437,95.48499930597292,74.18047593611034,93.28703806578866,79.36015762912785,95.36456902093607,89.94981778800398,93.83989023494338,90.61479415224711,90.3107355789221,88.48173513041536,94.83043981716486,91.17245890583632,88.47434897676277,87.33623415210613,92.41401996426436,94.28798165811857,91.20047536274937,94.02922774697196,89.25659449766101,86.87868874657563,89.55186092003721,89.14134102730713,87.35097755115353,85.22325052012923,93.31524128503041,86.47478133480139,90.30660314000514,86.04973775319424,92.3219775234611,86.69601684565662,87.78805358718299,83.57589728145614,93.21733494204287,87.95182146734686,90.3524944127914,85.68076976680344,89.34509752007644,88.80868143005213,90.93496427493213,96.07939021531647
1610555638.77ZLjTLkz4jYJdFMI2wWBztzsDILkoOtAk,60.11628145772616,88.04326326898816,58.401771591801946,91.56561481830357,78.8978915870504,87.49954789024952,78.83087268804493,0.0,74.32544605956468,97.39526411859228,98.75516898557403,97.29107709742574,92.8190213285653,71.03121379356843,91.39997172320192,88.42269293950488,98.94962027000533,92.79227713071192,83.16391930653316,88.76156395406873,95.93752301849798,87.27409866266946,82.59111871015361,40.38654303169192,94.53926538613548,91.96356963847174,79.10868140283938,92.75800957007996,96.10102069068762,81.77762769467081,93.41406332338951,82.70683260924692,94.480968609348,89.93230962873737,93.86590745385855,91.90790613519373,91.06928500827877,88.33997900977194,97.27972640995627,91.71544701196754,89.55360071756249,88.37864506089495,92.799550057419,95.16196783919271,93.42051853217762,95.07291772087659,89.31164306313111,87.35574893237397,90.35931161992612,89.77225603914889,87.18049309664467,85.05832596859894,92.96996486073665,87.43150650362344,90.39709532465677,87.25729432027822,92.82036735379157,89.21303188354568,87.5742577226359,86.84622060833968,94.4215896271308,88.27627202248246,90.04944474956068,87.51174474092403,88.3688648611956,89.27749114107813,92.25778395433899,96.54304540888039
1610556912.46C7tJPLF0XfNnm8f1820X9aLmXMHoc0Dw,67.53150694826272,87.30855948182601,81.83889651931302,89.62322396247332,68.8500869638281,83.77666479966983,77.32095664737416,74.32544605956468,0.0,94.62791748973859,96.88471984202246,94.93996661531011,91.55512528619431,73.34777947265624,89.05322084697734,86.519081539826,97.12440753797507,90.71184291427659,77.5452376838043,85.58008871384084,93.24380955099626,85.52321926731908,77.74520191431287,75.84782604356978,91.63583723866661,87.18056538507733,74.72969367295804,89.93359355071289,93.62019407056411,79.7868748306889,91.22416314172781,78.94332178366477,93.07766189934264,87.64935287742483,91.02944568992896,89.32385239750582,88.2121017887374,86.25444395229559,95.84483217107997,89.1417041823089,86.96260121369895,86.56412316126041,88.97261529348181,92.64846461673868,91.48777113719875,93.121404358086,86.62293060587764,83.49680175222402,87.26339241315863,87.52265333044619,83.70334552582656,82.22444218520396,91.17963676439493,85.44174640819367,89.4364288299761,82.62203419724749,88.88704963091297,87.80940051973873,83.73378470560014,83.85914367717713,92.92212938728748,86.72339010305133,88.91869442945365,84.34338161843523,86.40970230711548,88.14114820821862,89.83412254118969,95.00547638851712
1610555617.51LjzIROg0aeCP2GhDcAVQ0LipKJB9jmKc,94.28427701911002,90.14775348712689,102.33593948779713,94.11026901271248,94.81371328097573,96.99090850986241,97.63964696352842,97.39526411859228,94.62791748973859,0.0,103.07007637822731,102.33641169179089,82.60218439553303,98.31082495724526,97.00346403193538,92.3038884195513,104.21459889034571,97.17330090871499,95.92914807122138,93.76447150727391,101.87369288299321,92.68035704153817,91.30976634276153,99.02084252255686,97.2928366602805,101.28457354615608,90.57956988297735,97.43010951106338,97.11977896518972,96.20685032911065,94.20914163075807,96.29863165426782,64.88072436346559,90.69849265885809,98.30714601530597,98.13239181524712,94.54023643154555,88.62788553811417,96.75800053547202,96.37959300185476,92.85843497128059,94.01880335526995,95.34111415105056,99.24964847047039,98.63525388235755,99.05979883751613,93.74819460631036,93.90941392788538,64.36097138148084,94.580857653712,92.59360769870555,95.26448954612027,95.96520853472751,92.14274232095326,94.61002732340674,95.76531465313744,98.54030111458718,95.91805577650514,92.73260105873955,97.89230103159821,99.5355931318463,92.89518073461996,90.423644496889,94.27712467514515,81.12935369775572,95.01352242461655,96.13206130054485,101.62017925373615
1610555608.17OpjjHobqRkX0UPcaXrbu7K6L3805SZri,97.54647947568867,89.04005130080495,103.42718562500323,82.71981018358599,95.18054514693584,90.56990402919845,98.0219032084431,98.75516898557403,96.88471984202246,103.07007637822731,0.0,98.72383740936895,97.60922087590586,100.27304881273061,92.54554611042798,91.75035701327565,69.65416176299367,90.11551545060931,93.16772686251969,95.50127837048741,91.72936017714898,87.50155696963624,91.51734921696129,100.31259444153768,97.57434514437358,93.40685414841366,92.44910929755551,91.55468251696612,92.49813866650368,96.75849672963379,97.58145612528139,94.13809497376175,98.1230567977802,91.18996419743439,94.07573692302306,89.52225903322652,91.9133659721888,90.36053695566908,96.64923016374811,94.16642301056943,88.61451020960251,84.18196603195385,90.08693943526362,93.70353404079849,89.50968044344152,82.24965798130313,93.57925067410343,96.01578087716153,96.42685586054057,90.10653114075257,90.2232158483037,95.29506549536309,96.52501042216579,87.20559786989627,94.92616433426083,91.75497662597674,92.56308054465426,94.14415865360426,92.19762020151107,92.60646640697796,90.28372050718286,88.24164740166394,91.96501446567623,89.42041897945779,91.26263912193129,88.65120939909013,91.80831609325568,92.02521632742257
1610555721.82zWeNZfGUUfRJkgnAwlP8VMhPzXctnSd4,96.24840264582002,88.73368651633265,101.80720493147625,89.69069957603996,95.05307051093122,95.90395337223865,96.2149523648569,97.29107709742574,94.93996661531011,102.33641169179089,98.72383740936895,0.0,97.73301626224638,97.69590129896145,91.98330847419791,87.10007476302208,100.67446243115612,90.14972612019292,94.8962493811254,89.82338706685707,72.33257315061574,85.75939311270746,93.71023067048714,98.91878857934317,97.17723935574806,100.71131462753672,92.05575530758725,83.18615214692825,93.47221449541485,96.27063068424432,98.70366901057612,94.82641031548715,98.18914819074031,90.50381815618009,85.49918570933643,85.06597573000116,90.75692555776347,90.38198091167087,96.76113636726271,94.37822922834947,87.39836831756249,84.53274484612243,92.94440877817392,83.69175396079945,93.53808357572484,95.54514425734902,92.8623515461225,94.38394774332441,96.31824075043596,90.87647279455093,79.91643642236735,95.01442912185598,97.26674917649129,88.46226786775807,93.81958659691257,94.1974284547246,96.18498475466147,84.71077177654472,86.89799725084514,93.25303991891975,94.9787402202838,91.0912157072527,90.58717628750134,90.98922897467202,90.79598164473327,92.51809267652493,92.5502883160037,97.77898237697518
1610555735.75bom85BDF0C7W2eIseHeMxi24qR68nzMi,90.5260839182177,79.88226413451002,98.200314462863,89.1951816630877,91.23384729247012,92.31540601965297,93.41053397817534,92.8190213285653,91.55512528619431,82.60218439553303,97.60922087590586,97.73301626224638,0.0,93.9735195295525,88.88937921235274,87.95987795532366,98.2050429120416,90.25720049812345,91.70934622540429,89.60271089095079,96.3721061311109,85.72317441347944,87.89899250373732,94.62752730745134,95.78717288811556,97.00803942190117,87.79581559352191,91.82356770280326,93.1498120334311,91.02008771295463,89.4254431458464,91.14027760815496,59.417519261281356,85.95144302765273,94.35354766720532,93.2596855687742,89.98003206121405,84.70973097018441,93.96360999990198,89.65586397876943,88.16138982056427,87.37620120693522,91.32609125736782,94.20236648307524,92.47539881559027,92.55911332525551,89.20955177980993,91.33629449207801,83.7656892331841,90.13705686954216,87.8449598604781,91.57866748354097,90.11877977325283,85.054931832217,90.07440281075029,90.9704021250819,94.52714686142495,91.53323727611101,88.76097344113347,92.39056459880182,92.8372152128828,85.50849728485079,86.48235817494277,86.90012045761607,84.09110095631638,87.88474233184165,91.76343323182155,95.62153798153038
1610555735.77NnT5xqKnwcf2BbjIekeb2arTQj6QMNwk,72.80752688437913,89.44920192199085,80.71348928845772,93.19025197706551,78.14410478160585,87.57711377536273,72.82365119587281,71.03121379356843,73.34777947265624,98.31082495724526,100.27304881273061,97.69590129896145,93.9735195295525,0.0,92.04469741947467,89.16666791332295,100.05746060004586,93.44150079032678,83.61013600210865,89.68108216237025,96.07119483568844,87.437117678468,84.05012559859115,73.94326309599072,96.07885983485981,91.39744689265935,80.06987737935772,93.51261057875216,97.36243772156476,81.67804473716134,94.69885481664046,83.9666805052737,95.66265769294274,91.22884035281803,94.84999222395663,93.6714673309179,91.47960707486017,89.84876604681122,98.84985850756551,93.24982412070044,90.55529943607311,88.41376512147136,93.90467269925841,96.04975130825281,94.62482365518017,96.18346162675498,89.79414723363037,87.80733594577563,91.15051258105859,90.84518507544153,88.12645090343082,85.88644024796778,94.23602670113097,88.32048200516746,91.48787323067715,88.48478734610622,94.67970967143951,88.9638137624774,87.89410946057814,87.82693078151836,95.1273848811524,88.81340067497734,91.77605495570621,87.50062828530497,90.7432908445364,89.51370856741326,93.9511987618651,97.96127882306361
1610555638.33wjf1PhdNaoWfbRzXVn50hmFyB5bYAiLV,89.66752927234586,78.53541636233577,96.6256593179371,85.73290374548131,87.98402499043141,89.88991289115786,88.56080651597613,91.39997172320192,89.05322084697734,97.00346403193538,92.54554611042798,91.98330847419791,88.88937921235274,92.04469741947467,0.0,85.38446088761569,93.95341899174778,83.35928700774097,88.66179302272667,88.73624005838174,91.19329410015108,75.86411498751296,85.99113094945149,92.91555612417822,91.44638284643845,94.46311206258173,86.47319664333097,88.63099300548018,87.18185975057632,89.00423978823106,89.82524875452626,86.94088817899784,91.16838886060307,85.76233406442822,89.94029894946989,85.28020732039066,86.86587388915345,85.18442837728516,91.16698206245815,87.05905182611028,78.85045513757954,76.59646436916462,83.26583396028396,89.77858308467778,81.8910375418257,86.7228671859296,86.16011642952971,89.2434142824013,89.85429215646495,85.40256758566065,84.67951913913778,88.35152956929122,91.16964221861532,77.92095965430659,89.601901356499,87.57815638668086,89.60906446333331,87.32166815709556,86.52327699762768,86.02795834412684,84.4775931885549,78.23429767461161,87.90259487854736,77.0047755101131,87.09745690525381,76.516191178297,87.2931468428497,90.66771470093944
1610555606.65jCE4ig8Pu8kvAzkxnSGfWsV0nQBjCf8H,86.87283941801792,80.86482414394187,93.78013605037926,81.56057020792406,86.29604542146825,87.95591486483211,87.81741810074894,88.42269293950488,86.519081539826,92.3038884195513,91.75035701327565,87.10007476302208,87.95987795532366,89.16666791332295,85.38446088761569,0.0,93.64967914133865,87.29177056300276,87.53568948089104,75.33871859316682,85.04031849945657,82.05732291718762,82.43354344396757,90.33895410178972,91.77988651900783,92.45591345323317,81.50821840957114,82.91839133444418,85.62360673924552,84.77810336291253,79.95262024003391,87.77842589744998,87.93193562946124,75.12107583518602,74.54425917606649,77.16916113449514,76.26594923534167,69.2641864515697,90.95384076342111,86.48271858276756,77.21175218573352,80.39884461147533,84.55338224428684,85.53237420348977,85.23512721347687,89.09448791623,80.48251828447965,85.10957014391272,84.00765548819628,81.00226432680043,72.24033715227665,84.81576568434788,87.35686800210262,80.36484960038997,75.93848891299082,85.92415193801132,89.5984657600745,75.74778230678572,75.54304940625451,88.32685113743561,87.5007600413255,81.71490917446955,73.54728366698542,83.48058323716725,76.64095687020557,83.36308464474675,83.42398891142702,90.62923949135354
1610555608.18ONsBCVo1i7BrX0XG9stct4oiA6ejX9Oz,98.33931064818564,89.83394545375072,103.75935511899682,89.78226047154624,96.06557416337714,93.7798956287274,98.64162334984647,98.94962027000533,97.12440753797507,104.21459889034571,69.65416176299367,100.67446243115612,98.2050429120416,100.05746060004586,93.95341899174778,93.64967914133865,0.0,91.1570774495689,95.18035595745744,97.24130957104073,94.47058793754601,87.93728810911344,93.47761588322248,100.49918796252143,98.49895032278856,95.37658291537305,93.62752602914247,93.47730020063796,94.9258168266133,97.66693318489206,99.31435972259544,94.87951597963375,99.09208465559924,92.69531723836316,97.68757999744457,91.88691404932786,94.22821117617177,92.07206366470076,97.04058196877503,96.02122148264961,91.47872740255676,86.24421571352029,93.38237170867282,96.18032938294945,89.98440236915675,86.6403095902498,94.39547427441775,97.21188679026751,97.92473034158196,91.5362203970815,92.37277732283486,96.5627426962785,97.86894679769532,88.2026567665102,96.86609094804477,93.20399555788758,93.98439585511689,96.03946542452488,93.69759230804387,94.4216259854425,93.11442378549245,88.11434482315315,93.5491406267664,89.3060090257939,92.65666804770487,88.80966254049343,94.00988797955323,94.75127851753382
1610555721.51RNoQUMP19FTMS79BmA3JkgSm2IC2AQuQ,91.42783836119493,69.9787496324212,97.99070750259305,85.37758667619846,90.04410797489732,89.47511143684171,91.55014359545052,92.79227713071192,90.71184291427659,97.17330090871499,90.11551545060931,90.14972612019292,90.25720049812345,93.44150079032678,83.35928700774097,87.29177056300276,91.1570774495689,0.0,88.80602969344699,90.58678872722261,90.54408731010248,78.6300306488036,88.20943438537103,94.37240426275291,93.12774705540777,93.99477292069457,88.02544228416306,87.76963211873225,89.08152069173401,89.90383029054165,92.77948673412574,89.4019996886164,91.59829957795164,86.53714528644288,92.19978556692043,87.4719731207337,89.2528485496276,85.7245097419094,89.11572285360391,90.14155760445728,84.84973667997154,78.75580966502227,89.83695939109111,89.376512875864,79.37720027949968,74.57553144216689,87.45097628135898,91.08420382806395,90.78428636067716,85.6899017133578,85.41114731797121,89.99537189856729,92.51460502484785,79.80450839984125,91.16271135979144,89.0844247479446,90.26087160594331,89.91204399630533,87.22064666396705,88.66162713423725,84.96275021412279,81.17007479251261,87.54972011075253,80.83206310488134,87.38054550104731,80.10791103194346,89.34115595001188,89.8895945634171
1610555971.86O0cHB2ibBJ8jxoObg01EpGe8VVV5mpwn,79.98812986113812,85.62180843375035,88.51963769462989,86.83332846753552,77.39071545127867,63.09579423748622,82.89368982574328,83.16391930653316,77.5452376838043,95.92914807122138,93.16772686251969,94.8962493811254,91.70934622540429,83.61013600210865,88.66179302272667,87.53568948089104,95.18035595745744,88.80602969344699,0.0,87.99925954184751,92.14197453297041,83.13971757801755,78.42771223112877,84.81213786898296,89.59843904438024,76.12259867542899,77.65812163492387,88.19148047937976,92.05124395848422,80.08031679101431,91.26105346032946,79.59624215410267,93.53267258426288,87.54847784028743,91.11608539024687,88.93759402532211,88.50891079405622,86.67339741604835,93.58018209514601,88.09448089525652,86.18150658192346,85.61301584806709,88.51537985473628,90.25248182250816,89.94431422354138,89.04102192375328,85.86600872452962,83.62380515528139,88.37442449516465,85.87757244430735,83.46523148873773,79.56264918138783,90.68250113913264,84.15934765016554,90.14468175152656,81.18789431383344,87.88693256180615,88.79908948334321,83.22689289596362,77.432794145732,90.569435228749,85.42949843524563,89.41363031688809,83.33258768769412,87.26932136685144,86.7116389247161,87.80356525644284,91.90773595420481
1610556911.51zU3duZSGpcw1BDNsBLxdOCITAXwl6z3i,85.73329413067319,85.9507566257181,94.30648618565064,85.47351909261693,84.93693943336358,88.46404887348939,89.42563469609667,88.76156395406873,85.58008871384084,93.76447150727391,95.50127837048741,89.82338706685707,89.60271089095079,89.68108216237025,88.73624005838174,75.33871859316682,97.24130957104073,90.58678872722261,87.99925954184751,0.0,87.40578467324255,85.3381395025597,82.56848970716436,90.69286723509538,93.85234120761149,93.44683089318158,80.38921290387964,86.53466732643724,90.73884486692118,88.20140964514873,86.65333113984781,88.38389322439315,89.64960942955905,80.75687523517394,84.17237483232948,84.35535169125042,80.51656271387539,78.99354469507969,95.7588658337832,89.76110214795571,82.48402761140007,84.12896796968369,87.29365868157714,88.17791679172421,90.47706025122672,93.09517885599061,84.31360797994957,85.86670014925467,85.98045831057398,86.51898089377546,77.25326773185205,87.68121440310298,90.98275410215531,83.81717166814846,82.89996406756447,87.51036710332845,91.33356962971047,79.76783659219753,79.00488838250759,89.51911360979214,92.18796940504674,85.22708989820836,81.35945748080005,85.93712157019034,79.84611929020157,87.5210122176082,87.18910740828073,94.8372928928585
1610555988.71dMoYT8250UHHJGxgmITTmbHe7V6gH1yU,95.19366787790905,89.19742241874911,101.34777953321846,87.18629957325287,92.90308459492095,91.30305972648418,95.44774778381243,95.93752301849798,93.24380955099626,101.87369288299321,91.72936017714898,72.33257315061574,96.3721061311109,96.07119483568844,91.19329410015108,85.04031849945657,94.47058793754601,90.54408731010248,92.14197453297041,87.40578467324255,0.0,85.51033226991254,91.64386586226718,97.50122401525732,96.77564186319078,95.9403616252665,90.72944327912163,79.54046110068482,91.2600450197319,95.17432903809183,96.6666404426659,94.04358589985237,97.45770028236554,89.04007099827244,81.2778516382434,83.35802147946417,85.39082830222574,88.57771534238425,97.27820899687917,92.81528347272447,85.53274032909205,82.86728396709651,89.1638804434069,83.75247273363938,90.9856659206858,90.21477948580538,89.79402748936181,92.94879947112658,95.19787424065841,89.51610865114758,78.85281183525566,92.45146027464189,95.81108048067398,86.6553358555576,91.24683015685159,92.10676262943512,92.96060285342627,82.35706538411145,83.98963965688313,90.97554899603094,92.27402332941745,88.7949978096772,89.30493705093211,89.54977544045929,89.99511396039689,89.97659431222242,91.65560167161634,93.35958706046686
1610556042.81mlUZsSp7gbGjrp8jQSnybT1gPy6e62o1,87.07445625965056,75.24989415852274,92.73799931903946,81.22315155587395,84.76863438228438,84.15818367088191,86.4069664393178,87.27409866266946,85.52321926731908,92.68035704153817,87.50155696963624,85.75939311270746,85.72317441347944,87.437117678468,75.86411498751296,82.05732291718762,87.93728810911344,78.6300306488036,83.13971757801755,85.3381395025597,85.51033226991254,0.0,81.93836687908136,88.87204920270304,89.16844689148778,89.06127560018908,82.48426477788871,81.41871484759064,85.57926927919804,83.12802298552214,88.69856691794446,83.74298684010321,87.19219031945012,81.50391050094004,86.1445566515875,82.88029844078532,84.31498283791781,80.94742162091563,87.20793375013129,84.40110503684734,80.17843926135296,68.51665779556821,84.35888606051793,84.68862653322952,81.09976515298908,82.27369496703743,81.00977278338173,86.22690113002362,85.45664314429625,80.1601687672611,78.9502063788981,85.75578751966931,85.69210177270605,71.24156367696756,86.04320473166564,83.6834225808568,86.73775167443218,82.85357800979567,82.08369389996919,82.50703530959991,77.63244239239668,68.80926142056835,82.35474468185676,71.10104164527377,81.37955357742253,65.05262844116352,84.88024295750454,84.24170082599197
1610555637.02UBW5nKvDyUrKnaWcYRGajZPxTRDS0q3N,79.18971570432757,83.30712855438271,88.06104743152451,84.32774886137875,69.13261388977614,77.18267158115042,81.70830678678942,82.59111871015361,77.74520191431287,91.30976634276153,91.51734921696129,93.71023067048714,87.89899250373732,84.05012559859115,85.99113094945149,82.43354344396757,93.47761588322248,88.20943438537103,78.42771223112877,82.56848970716436,91.64386586226718,81.93836687908136,0.0,84.3433100036563,85.24094045118493,83.26932872185105,66.43954800621376,87.26667912135082,88.46764375755254,74.80248256950527,85.12264927860869,74.47709802974109,88.5604065093793,82.11559774079618,88.8619048826226,86.37710543092592,84.61688492649867,78.9398942362692,90.78754791181449,86.95307179409018,81.29364622622771,83.0445328551535,84.50096680361585,89.49481047978448,86.91823283339204,88.77732514492824,81.87944364301731,80.7732300960062,82.92472793779672,82.3165490659968,81.83979144993073,78.75791193803798,88.10556185590684,81.21454597020646,84.92023609393571,66.10270857277976,85.23530861112066,85.55833785449708,82.49774130513892,76.35994711812978,88.40450562073751,82.9193699077308,84.6273402327074,80.87589614455122,81.54870322155372,84.4835593756401,86.308964812456,90.5618775828815
1610555619.13oUYNikU4facCTpUSiSLr0vPI0tJLnXiT,61.48835461162298,90.03175409858902,58.03949870457362,93.28715345178811,80.70252383367004,89.28331463640998,80.38999009029943,40.38654303169192,75.84782604356978,99.02084252255686,100.31259444153768,98.91878857934317,94.62752730745134,73.94326309599072,92.91555612417822,90.33895410178972,100.49918796252143,94.37240426275291,84.81213786898296,90.69286723509538,97.50122401525732,88.87204920270304,84.3433100036563,0.0,96.35428533577985,93.5373752704288,81.05352400079545,94.32307994505999,97.49565738310535,83.69466326353322,95.26012212848303,84.31354149872783,96.20483934169816,91.52929062736156,95.5074605337743,93.37805884756372,93.03172332988561,90.05047746482484,98.90361490939789,93.32905137884678,91.29960244159815,90.17258046670227,94.29002011275178,96.76893029082197,95.08099017798078,96.63461087349309,91.07787216818072,89.1518707462807,92.0868797909433,91.46321985412546,88.83540025724037,86.90762149259446,94.60775990207395,89.15892516241072,92.41885691140283,89.09232907125701,94.49354243659428,90.70059799707904,89.2825445943214,88.38657434157062,96.23084753084417,90.17959260648288,91.76652591735491,89.46738778065759,90.09315995330107,91.18497778454082,93.76676511333105,98.26776642884647
1610555721.03nzkucfjAUh31zTbmCVvTVYqtjoxZFnBh,92.8455250965328,87.66083049001332,99.40676091423553,92.88262051572111,88.53946637330729,90.43077962696685,93.18267218885632,94.53926538613548,91.63583723866661,97.2928366602805,97.57434514437358,97.17723935574806,95.78717288811556,96.07885983485981,91.44638284643845,91.77988651900783,98.49895032278856,93.12774705540777,89.59843904438024,93.85234120761149,96.77564186319078,89.16844689148778,85.24094045118493,96.35428533577985,0.0,95.64959634352401,87.40872635437526,93.71605738199425,94.84599233228033,91.77424928755464,96.02084402065121,88.32019525820161,95.42727487150243,90.75324471494358,95.50535195926437,92.130740497,92.64719929595688,89.04568880988901,82.24459432286045,91.79833267612135,91.54032798240789,89.47309785080701,90.79603401495531,95.5370102437359,92.15401331222387,93.80150570134828,90.49465963554042,86.78518276705323,90.10155164386543,89.06336611130853,89.94367281961453,89.96123890767242,94.96482980308518,88.88631336296667,95.18300282237884,82.52663836119532,85.17997812215074,93.68631860195447,89.98729252699407,85.02702983645109,93.77368610647783,89.83597897092189,91.7376935044966,86.12018315702329,87.56412625187929,91.35813360699098,89.30112211157375,97.12294685543324
1610555722.67fhKURdXVzRbLIjXmjRwdJHTnE7PWb1AE,90.47120807277479,92.0135936045058,97.13699373604828,93.51842911157367,85.36877273718872,55.39632579598475,91.51428529953414,91.96356963847174,87.18056538507733,101.28457354615608,93.40685414841366,100.71131462753672,97.00803942190117,91.39744689265935,94.46311206258173,92.45591345323317,95.37658291537305,93.99477292069457,76.12259867542899,93.44683089318158,95.9403616252665,89.06127560018908,83.26932872185105,93.5373752704288,95.64959634352401,0.0,83.8305238858066,94.20323374523942,96.28710705751888,89.3528361595458,96.56112061028921,87.70046353884726,98.5498640275117,92.84838143212212,95.62119411726552,93.25869623963196,93.55509514374762,92.14650983089915,98.64460045353879,94.19972835035476,92.50535638079415,90.89510102368166,93.92523917940797,96.69494995792843,93.8921019548272,91.63669772441776,89.00096299256776,90.37411888072744,94.63512491322702,90.38234859868682,89.96610630949924,88.6186456193404,95.09408482132719,88.97714986202163,95.37065102935122,84.02708147669404,93.37122004019247,93.54398319506463,89.45255189657819,86.20923189225354,95.193916914402,90.64867454928402,94.1957038530852,88.97145771755201,92.96092825898218,91.52686158304394,93.4632453542164,94.63934141390162
1610555638.39J2ZWBLuLTHP0jOlzB4tNHmYeijH5g5YJ,75.46033487291461,83.41866786973146,84.93399832102166,84.59160097356543,69.70155084092896,79.1355051004843,79.82775528079763,79.10868140283938,74.72969367295804,90.57956988297735,92.44910929755551,92.05575530758725,87.79581559352191,80.06987737935772,86.47319664333097,81.50821840957114,93.62752602914247,88.02544228416306,77.65812163492387,80.38921290387964,90.72944327912163,82.48426477788871,66.43954800621376,81.05352400079545,87.40872635437526,83.8305238858066,0.0,87.8652381874243,89.73398743555529,78.63056190696464,82.18170012187595,77.57098988939683,88.40876208335483,83.418630041722,87.8080059979452,86.34790402437154,83.66760901566659,81.69178175261855,92.05425256667365,85.98508041913483,81.25970218842222,83.56862903017917,85.31463142392995,89.28920858919601,88.70131313456537,89.99965416153104,80.56949215001539,78.61642788946648,81.75846530545914,79.70731487840428,81.79151241701474,76.50403385786356,88.1026642918313,82.2939481633298,83.87068793059493,76.99984311216126,88.28436251539499,84.64758050306281,81.66242839118156,81.40541555715336,89.73366444510353,83.4977446541227,83.92576646150039,82.44397072175074,80.48409718439972,84.98360340954844,83.75116559362809,92.12513389783007
1610556032.17Q6yCDx9g7alRnL9jBFXD2JhhUyB2hKfJ,91.40244738739874,84.73430151927259,98.00704896259967,81.19118775292854,89.36421413134079,88.31068531475329,92.2637329906437,92.75800957007996,89.93359355071289,97.43010951106338,91.55468251696612,83.18615214692825,91.82356770280326,93.51261057875216,88.63099300548018,82.91839133444418,93.47730020063796,87.76963211873225,88.19148047937976,86.53466732643724,79.54046110068482,81.41871484759064,87.26667912135082,94.32307994505999,93.71605738199425,94.20323374523942,87.8652381874243,0.0,87.01145772332093,90.44920239440115,92.60297495920658,90.87023428197057,92.49769264362112,81.82512108853417,84.59457951446232,82.13056047441147,85.88339374752067,82.22851364181827,93.9687904730028,88.53177740880366,82.00556774472,77.69525941205106,85.72173420172545,78.61278566608415,89.22442917916449,87.30361894789523,87.14205951580838,89.34989468591928,90.35818978445978,86.34603949630274,75.05025939760384,88.89493497625662,89.2853191025692,82.98855778348367,88.29064198725378,88.57199632441332,90.72971776732842,81.90556794329397,77.23421975635146,87.93253078771272,87.95244845458005,84.2572640845658,84.84154192486756,85.02343923222686,84.55713771814072,84.96065292499284,88.29496253077879,88.178403771367
1610557007.49MyVgDnuUuBxrvL6SGOdhKf69VYlW1MSm,94.68680537814826,86.17896193580653,101.27556982897647,86.48032527621848,92.08382961302941,90.77567010668749,95.48499930597292,96.10102069068762,93.62019407056411,97.11977896518972,92.49813866650368,93.47221449541485,93.1498120334311,97.36243772156476,87.18185975057632,85.62360673924552,94.9258168266133,89.08152069173401,92.05124395848422,90.73884486692118,91.2600450197319,85.57926927919804,88.46764375755254,97.49565738310535,94.84599233228033,96.28710705751888,89.73398743555529,87.01145772332093,0.0,93.12554225491309,92.95963474716683,93.69479956540196,92.88263396786823,85.58741528633504,88.3105347498577,85.67545676345607,86.7554345289009,83.25381098015734,92.07194436150343,91.60803070162119,81.25799402351328,84.60050733950511,87.91689442406005,87.21800460526772,86.68899212136726,88.30239847256563,89.85371704700702,92.2964730963282,90.58014239397498,88.3405257510979,84.8057053437061,91.5315115119062,93.4635728360997,83.29329599045816,91.78561668744403,89.5206927840293,92.36416660938318,89.59278398271567,86.70095579693529,90.98477478209256,90.51344253958744,84.91698393227696,86.14628276615733,88.44368618709596,85.29706609992971,85.14973950777697,90.59563987339841,92.43912221870734
