,1610555604.25mOvVXuL01OCiReyVWBfesjuvXmB3MoPy,1610555605.43B6oDsBtWRQ29Q9UMQuTUEPZy3FSSWXzc,1610555610.92HPGJJSmyPM40z7otPBgHalNrHFA7zk5d,1610555606.68LaSQbm9EHAFycEfFtEqAwYqlBsQPjIRW,1610555617.19EKxMEwDHfXiEJZc27TsGoERaD6Da4BZU,1610555722.52PJ3FD50MGhRXyUD28vluU8Z9UjLJLZn4,1610555617.52Ijr5puT55g9apK8auM7zaxa3NANg502t,1610555638.77ZLjTLkz4jYJdFMI2wWBztzsDILkoOtAk,1610556912.46C7tJPLF0XfNnm8f1820X9aLmXMHoc0Dw,1610555617.51LjzIROg0aeCP2GhDcAVQ0LipKJB9jmKc,1610555608.17OpjjHobqRkX0UPcaXrbu7K6L3805SZri,1610555721.82zWeNZfGUUfRJkgnAwlP8VMhPzXctnSd4,1610555735.75bom85BDF0C7W2eIseHeMxi24qR68nzMi,1610555735.77NnT5xqKnwcf2BbjIekeb2arTQj6QMNwk,1610555638.33wjf1PhdNaoWfbRzXVn50hmFyB5bYAiLV,1610555606.65jCE4ig8Pu8kvAzkxnSGfWsV0nQBjCf8H,1610555608.18ONsBCVo1i7BrX0XG9stct4oiA6ejX9Oz,1610555721.51RNoQUMP19FTMS79BmA3JkgSm2IC2AQuQ,1610555971.86O0cHB2ibBJ8jxoObg01EpGe8VVV5mpwn,1610556911.51zU3duZSGpcw1BDNsBLxdOCITAXwl6z3i,1610555988.71dMoYT8250UHHJGxgmITTmbHe7V6gH1yU,1610556042.81mlUZsSp7gbGjrp8jQSnybT1gPy6e62o1,1610555637.02UBW5nKvDyUrKnaWcYRGajZPxTRDS0q3N,1610555619.13oUYNikU4facCTpUSiSLr0vPI0tJLnXiT,1610555721.03nzkucfjAUh31zTbmCVvTVYqtjoxZFnBh,1610555722.67fhKURdXVzRbLIjXmjRwdJHTnE7PWb1AE,1610555638.39J2ZWBLuLTHP0jOlzB4tNHmYeijH5g5YJ,1610556032.17Q6yCDx9g7alRnL9jBFXD2JhhUyB2hKfJ,1610557007.49MyVgDnuUuBxrvL6SGOdhKf69VYlW1MSm,1610555638.44hjT5hbYdKoE3MB6hijrjqbjmLgvCUYKD,1610555608.13zUvmFSCRt6SsLbhqFznMEvGx54GPGQzM,1610556038.62a5C4ynd1AARyAhTv8a58NCqHvXRjscqH,1610555644.45Xse8u7pusHNsd7F3d0A32HXvXr6weOJE,1610556038.62gKXOCG7XCn55eJvyl5voNjbwOW0znQDq,1610555987.13v0oleKK97pkesp6oMgprH8SoSdoDVdIO,1610556964.96ZLLeiQW0qpmxhPGTg7K03fmzkqsC2bjC,1610555987.13VQlEedQ50VvkPMEMzZDv3KNnQCewykN9,1610555982.186TY6MMGkDecIN1woW6vsfAMXVV7jnyjO,1610555982.673LuMndkwkvdmZOn0MmE2Pkidx0FtNalb,1610555733.38zItcuH7gHNfKdALR2d9Nek6bxCyw36Vm,1610556034.15BQxSbZINGCay0yp6RBVlgcPrw76Yn9ON,1610555639.37BPZpgtGml8qUsh9AdV4m32jPLfI2aNFq,1610556965.57S0adAalhWYe6K3bkZU0bRHbqnDK8gGkR,1610555983.54zteLPCMjyrjzPdhHhlZr3faCgD0TfYr3,1610555987.79rHnNRmt9a0ufmnwCvZqBouyUoZDNpylW,1610556960.041xWER61rmArlsKfiMl4frikWmUCnQ7op,1610556035.13a7NHZDutfTMJ88qle1gTYY59Dr4WmMsj,1610556890.456ZBDaY16bMtrTZTqAgHl3wq1tRxzqDow,1610555760.24e6890pkbyZ97Or6croI1rQgjkSsR0yVt,1610556043.02YpWMIJg3W004iqlPyv8OcVAZdSC5rNYw,1610555987.03z05P26TLtONYM1HSzupoc2CeNMa6HTqr,1610556032.15OYCzUxpsz7b10AXBAuDXrvEcvxFhf0M7,1610556032.63Z80yI9pNwS3jSmsDABbuhf8wkNa2Ze9y,1610555736.28eGuESasTXdR3SqY6pHhEXWZtcdciYLCO,1610556034.61bebeZA0MkaFG2sm3VKiqrxeqQginTTW0,1610556944.5XwXOphKYT3ZkWA8gViqOS97VHVuMVUqb,1610556944.745UVLFBzf7fPh4UH37I6tYQOFPqRDytEh,1610556034.63XsUwaFaPZevO1JNFjfhvY4aKNFnV4noV,1610556964.89xwBHw9faT1HjQRMNQEyA4qJ3hWkwgj3k,1610556966.74DydzH91jtyvRyYau47JpVkZoMRSNTt01,1610555740.77UueVziDbaXyRR4OcVJIIZyzOfAzN51bj,1610556046.84e3vwjyRCzqz0wJQhrk8zsxlFfFSv98Df,1610556137.99eoPuVrDThKAOvmeprLPb2FWRqIhzUodc,1610555740.73XFwSrmTXJPlaxGZSefh0jOVA8PI3III1,1610556123.88AOfNaz9jSnqU5Czc7okOv1RCrYfKFBTo,1610556046.85nB7NvyoYQeLcOV391Lmmut1wAM8CFGLw,1610556123.89H4pdIAzDthI7bMXMhlIhKUYIQIvtmPPQ,1610555740.87GOYQUJKpkynIS2lFqppYK4b32ol7NeGh
1610555604.25mOvVXuL01OCiReyVWBfesjuvXmB3MoPy,0.0,59.14931289493606,43.641701620147956,59.757707392310195,50.48086168028904,54.25776625313796,50.90845831064655,44.98408561878209,47.45738460608896,54.5827103637043,60.57351149056079,59.79320511217759,57.19731861009757,50.38778517449145,61.89323337616965,58.166396038511245,62.336418136824065,59.8486151545138,53.33057174526374,54.68341928292605,59.321068318318574,68.30622891988315,53.42394478571753,46.27018737341684,57.280738839173814,56.29837407766564,52.10363329185372,60.850376386681944,59.9216671069513,54.75156526544674,57.539596702176276,56.2454388223064,56.94473851721475,59.97275805144007,58.01672487490661,58.37748631606276,57.229039521667026,59.11006649736768,59.73741716680614,63.18405994401024,61.51193212241459,60.8936105729161,59.20018565829547,57.479483624519375,59.5993061905417,61.07656669562772,59.99950569970413,54.351829452931476,57.071830785523595,65.75749547305159,56.64506987397394,54.25524017715686,60.724556809143216,66.45690254404364,58.498688422979875,57.14859006355373,59.12354580324182,58.26174763486124,56.92944147169475,54.40399267194076,63.15793564502333,65.87303566081134,62.05570392254056,60.52662401512167,58.765287337579586,64.32765495874237,60.562184680643135,63.15085713865236
1610555605.43B6oDsBtWRQ29Q9UMQuTUEPZy3FSSWXzc,59.14931289493606,0.0,63.09839196726038,58.83793326488934,61.13977665577753,60.08286616865264,60.43844910536475,62.05124795633573,61.04320375385968,57.13767097765862,59.11797245432874,59.511406990228814,53.673749933832354,61.68806847539885,60.390976538531426,58.84762839560355,59.966639108468826,53.4097007801639,60.74373750422626,59.49907983334488,60.21909439168432,66.5307466896616,60.95179137325839,63.10817062847138,59.39226597988573,61.559391002235124,62.44494683046472,62.007679366660646,60.176610269463524,62.546655141389884,60.70954052621799,62.463458132614264,55.195943418273146,60.27190084365555,59.48126978997553,59.61754006463798,59.77768478142728,59.180278683490634,55.149402324591726,65.4673575865408,61.89284476223885,60.43458146004776,61.35616640177797,58.06559056125899,57.01914223750831,55.8193249810272,63.69036652536878,60.33859137948682,59.40585253858296,67.58310654249932,59.175461343384235,61.48099489953008,61.6109445718369,66.71384743837781,61.69468874280909,61.10451132658352,61.26070613286746,60.99424848730351,61.15748780969456,58.08348775494441,63.867028147456985,66.56129602572913,60.96528052109282,60.43633513159714,59.656262566021375,63.736169705454714,62.535865124252275,64.15699820874163
1610555610.92HPGJJSmyPM40z7otPBgHalNrHFA7zk5d,43.641701620147956,63.09839196726038,0.0,63.75469509853425,56.54790535585125,58.51014159588152,53.03090222871805,42.08385591920333,53.75314122161079,58.966982682013956,63.875108747074535,62.27649025356571,61.11362539076037,53.2232489091115,65.00223935384409,62.10393829024995,65.25187794941515,62.8201594265162,57.61351239831234,59.76956964030968,62.29172028005958,70.2208757635011,58.195385305227205,41.438932425656965,60.87872164898226,60.24744613364166,58.218777572336165,64.13550976914924,63.26773892846918,57.36555860430029,61.81691982926233,60.018502711999886,61.12319903262788,63.96896978521926,61.77927290520033,61.73958706793314,61.598766899915915,63.00163111021218,62.99369217746958,66.03806007393689,64.6343204766999,63.692777566952145,62.57132207267015,60.77244725579682,63.11190322220199,64.27112666487012,63.0074385317956,58.87118568559793,61.380063178339896,68.47110574076315,60.29012976183317,58.481829968341295,64.00108690928433,68.88151272453767,61.63058458483723,60.93726252111366,61.70387298812125,61.184902892623846,60.81185232612473,58.296795803259585,65.67620621937209,68.84901399745942,65.6991423258416,63.2548826070223,62.784921292057405,66.81834389342872,63.37206911559289,65.85104568796339
1610555606.68LaSQbm9EHAFycEfFtEqAwYqlBsQPjIRW,59.757707392310195,58.83793326488934,63.75469509853425,0.0,61.03394918590893,58.054621311282204,61.72322876374594,62.27625169364437,60.69213396383778,59.14304129534446,54.38259025363912,59.5347437460818,59.73914344872664,61.72839670777731,62.33046438542595,57.82578413005986,59.91632365081836,59.30200228927341,58.43035929925092,57.74165415811495,56.61947070565118,67.75856470272423,59.47818791217168,63.20668371763559,60.51087638465671,60.660253493489414,61.23905879360378,58.80215971778323,57.8060973591267,62.744888851781646,60.03105316453465,63.800519631907775,59.351914188951596,59.798773842086085,55.80272505551319,54.17822072498451,56.9063741897048,57.907433314618004,58.38194647661498,62.879363771129356,56.409680626212996,59.14829253384354,55.25596966958625,52.95563343213403,56.766668783972655,57.076885968972036,62.17281127174091,59.978601856468444,61.704397245613116,66.72689930896377,56.47968217647604,58.41548223387417,62.0966402687838,67.3758305090283,60.53832140733331,59.81134623019485,59.35955462176349,59.41419076314224,57.606838800333364,56.84951665517002,61.24526877885956,67.67475759168812,63.58454454579472,61.31858247534449,61.358203572442584,65.01262907693776,61.07117243717357,60.61391941806132
1610555617.19EKxMEwDHfXiEJZc27TsGoERaD6Da4BZU,50.48086168028904,61.13977665577753,56.54790535585125,61.03394918590893,0.0,53.123307466397996,53.1156027530908,54.87552731302444,47.01235984056639,56.937288611547245,60.93043385694518,60.27169815986201,59.31881955210928,54.86147344628025,62.83857319462207,59.93851163665686,62.61648515362577,60.3711968159304,51.133029167537394,55.72366011668014,59.09049172271232,68.87318846123239,50.59816475096634,56.10125009026579,56.04798476412991,54.726491021867425,51.42197831927132,61.127785260364206,60.87699193108836,57.7662535949143,59.03819105729719,56.58713113229494,58.90642864279246,61.23100492537216,58.425445258728224,59.15430312561484,56.801462595851596,60.40138273006857,59.94539047406113,63.980234387502136,61.447528676169746,62.40154838715095,59.65694150058511,58.2405502709347,60.52705077160697,62.150390946501346,60.39248757485197,56.23688551154271,58.370063745885886,66.31703168771847,58.05908149476224,55.49997241329661,62.06821187881567,67.86311493791094,60.660676769982096,55.36259842107906,58.6132070359378,60.54230691215332,58.32775364868384,54.48523518201174,64.04076291981426,67.6654492865089,63.26399869519304,61.64345894038517,60.02840412946255,65.27412993465941,61.747914453727546,63.70689013233877
1610555722.52PJ3FD50MGhRXyUD28vluU8Z9UjLJLZn4,54.25776625313796,60.08286616865264,58.51014159588152,58.054621311282204,53.123307466397996,0.0,56.65164342950704,57.05026579915943,53.60994704256787,56.35746926650978,57.76967894923985,59.512733252764804,57.98245413159427,56.78782401389188,62.119111245574416,59.928324018692685,60.27864541141333,58.80617611764719,43.188019823178074,55.61119348285433,56.727707047660054,66.68053586283104,50.82256316595418,58.341617103468465,56.54789652467071,39.48071017116543,55.42325650346379,59.208163882808954,57.699616396129024,57.68680905432643,59.05399879331827,57.04091574406443,57.89044041133421,59.59722827336023,56.49043096864923,57.248811127490455,56.10691378406363,59.302531310866335,59.34040182325743,62.70807330268085,61.5700945880318,60.61571884976297,57.778506130322654,55.57507127545477,58.27652552826653,58.54580392068635,57.99098999788407,54.984335693436094,58.96900333057381,64.97982121337809,55.47191470882465,54.15706133495246,60.70406005149456,66.32085186309851,60.66771517584368,52.713164321102454,56.807101792761635,59.076563338622606,55.9593964813124,51.46953543062018,61.52001537354977,66.2242098631896,63.492158413474016,59.47745482245984,60.48937154856795,63.85860620783072,60.33598188216725,60.577563673745686
1610555617.52Ijr5puT55g9apK8auM7zaxa3NANg502t,50.90845831064655,60.43844910536475,53.03090222871805,61.72322876374594,53.1156027530908,56.65164342950704,0.0,53.53449494494092,52.44089024053408,57.99152776099502,61.98663726566715,60.39268258237221,60.10138298119213,48.91180953850117,62.31486481365355,60.06010920332009,63.2943594092626,60.31408248768359,55.67062333682485,57.91927107239832,60.387385198993044,68.32682754826932,57.18814630619248,54.64404040783654,58.43201954786813,58.34674393944869,57.162791131221844,62.30493834900571,61.324616068863364,52.62823174136123,60.898348735183255,57.56142621998331,59.969075610505854,62.58669821007408,59.57612440434297,59.53606318098739,59.24996607319906,61.48255348351194,60.62134768602694,64.39039079667258,62.200005853085145,61.66748055966893,61.497883068354284,58.98433204092619,61.06107860608723,62.55750122110675,61.84359971896912,57.53104391944745,59.72773177399943,66.79984739658177,58.64792033539305,56.550052863528684,62.58640095421266,67.52153540336506,60.98873336023585,59.30453890063615,60.35008466429977,58.60073437324275,60.14718710211866,54.93689814556813,64.18323283079935,67.15263451268926,63.6817519682652,61.151356132444604,61.397967832469966,65.01033729307476,61.76360688359698,64.39170676563707
1610555638.77ZLjTLkz4jYJdFMI2wWBztzsDILkoOtAk,44.98408561878209,62.05124795633573,42.08385591920333,62.27625169364437,54.87552731302444,57.05026579915943,53.53449494494092,0.0,52.18434507620203,58.39374465626014,62.413483353199815,61.6404100381327,60.16548184763666,50.49649943702656,64.18188592475266,61.202509218725126,63.83043639936884,61.588764957903095,56.28580099671183,58.28118139488055,61.21015131018652,69.44943748511275,57.02860230501499,28.883816805249424,59.75497734231014,58.8790963802465,56.93378592239955,62.91744657431731,62.06603595672552,57.30813462310253,60.817012306995885,59.46684204059857,60.20813556764786,62.74938868719239,60.24412796838399,60.42089440636658,60.03625266205841,61.57742798384973,62.072014801347024,65.07951404717578,63.760774780816114,62.77996652629204,61.29177204912178,59.212813171626486,61.7603213576782,63.12121747421145,62.094535711700665,57.743011869324185,60.63100665481346,67.6116440552158,59.28862244266191,57.330563375596874,62.771464851797326,68.14445379507671,61.28633403311335,59.71103179099107,61.11414772806003,60.35324039533689,59.79496897094103,57.19152636239679,64.66923579789194,67.71326592663381,64.45860804475957,62.134882106967794,61.857040236023046,65.71663144227685,62.64960881853439,64.85083823047249
1610556912.46C7tJPLF0XfNnm8f1820X9aLmXMHoc0Dw,47.45738460608896,61.04320375385968,53.75314122161079,60.69213396383778,47.01235984056639,53.60994704256787,52.44089024053408,52.18434507620203,0.0,56.22983769205183,60.78570354489385,59.749876388969554,58.92168125948013,51.69562446912953,62.38379061823152,59.34900512269842,62.3839684592755,60.10501364410646,51.474958087451135,55.203476555123984,58.507519380596925,68.56243203775234,53.50888383844125,53.50226088703158,57.35268133031828,54.963619148549455,53.44160860099849,60.7825112417923,60.139181806459746,57.29867640691135,59.136265943322876,57.03367313604451,58.76221443496604,60.203544775677884,57.5950893821237,58.22553594536475,56.81071863662091,59.86685187549431,60.06836321379795,63.45747438455188,61.812272700405295,61.28610807145977,59.16066943941163,57.34998594013258,60.469392440305924,61.261397604885516,59.36359235201197,54.949497565624924,57.820606976162246,65.95226717726376,56.78132761486078,54.59260185658446,61.3268904405427,67.46432360425669,60.514096426147745,56.14170000857814,59.01161771373272,58.855772737375055,57.31076898980774,54.83182953804005,63.66563708871485,67.10256129236663,62.56972783457929,61.290419769854466,59.62184506962368,64.76867914786344,60.754530549834605,63.414716469277636
1610555617.51LjzIROg0aeCP2GhDcAVQ0LipKJB9jmKc,54.5827103637043,57.13767097765862,58.966982682013956,59.14304129534446,56.937288611547245,56.35746926650978,57.99152776099502,58.39374465626014,56.22983769205183,0.0,59.83614972078739,59.32720169648287,49.7435738466876,58.39097022819354,62.36181788159017,58.32579347730728,61.185240216625104,59.1704499447512,56.86778362158205,54.22851604245325,59.08175593492152,67.5963244040258,56.1008997486514,59.22402127002186,57.12937867949271,57.762867644516405,55.66537542823576,60.33811687738744,59.069678215816815,61.031495169199005,56.569909631918264,60.407436404017,41.950434612519146,58.43390157369706,57.816067972580804,58.86318632495467,57.55811829487236,57.46373588340889,57.80578722896665,63.07822007130973,61.455080370580056,61.02921845723374,58.82953677367658,57.27943625033782,59.58514231444908,60.517792353725945,58.98082603171668,55.53527839205951,43.78411176682323,65.3819936361312,56.94672533376897,56.71812747528337,58.941716532644165,66.3787524610026,59.31875723853003,57.773039156480266,59.336687884910056,59.485478495812465,57.93632273694533,56.68517789084102,62.72902468619572,66.01694100260119,59.77344586036217,60.76114323875932,54.18026130228485,63.61751899670508,60.55471705345195,62.75889824688746
1610555608.17OpjjHobqRkX0UPcaXrbu7K6L3805SZri,60.57351149056079,59.11797245432874,63.875108747074535,54.38259025363912,60.93043385694518,57.76967894923985,61.98663726566715,62.413483353199815,60.78570354489385,59.83614972078739,0.0,59.46503031902915,59.30248658641341,61.80646209615358,61.69294121011619,61.308623463210026,45.63748409875604,57.28943769144686,58.71473515903556,58.996108691282245,55.34864362712494,65.01433087053539,60.504014211157745,63.51539928278834,60.086857598866736,58.299411545687526,61.56531766241218,60.21980311832451,58.358578670747576,64.47924224020005,61.73836389925515,63.251970405506135,59.498821332881654,61.362328969486875,57.854938472379146,55.085191868577986,58.64480135109123,60.64771365017861,60.20763650332985,63.101029570978945,61.678224903258105,56.40235514455377,57.0753381099209,56.342704627935206,56.51187650286063,53.36422583586462,62.4505103371085,60.29501161037657,62.11398017246271,66.28723534969495,59.38472579974569,60.20723601444401,62.21960440370865,65.66653889642274,62.81565025135951,60.32932631120162,58.47882212600367,61.609045218737194,60.26536027966996,57.134190730711325,59.05477804261804,65.71335917549489,63.98158195673056,58.98293958534111,61.795911484767316,61.56979346377918,61.17296036204532,59.678201101562024
1610555721.82zWeNZfGUUfRJkgnAwlP8VMhPzXctnSd4,59.79320511217759,59.511406990228814,62.27649025356571,59.5347437460818,60.27169815986201,59.512733252764804,60.39268258237221,61.6404100381327,59.749876388969554,59.32720169648287,59.46503031902915,0.0,60.30179511262817,60.5948169911047,61.87398438434425,59.12100544479797,61.06027580640751,58.25889974894993,59.78427157248196,57.04561225292499,49.21454330179921,65.39570931764025,60.47817410564388,62.61078721713435,59.266373336137676,60.11794998438041,61.13276261288549,55.93771370852827,57.74095262003571,63.889145253952385,61.888310435709485,63.27287576611043,59.91158747352831,61.191468045468355,55.4095293467638,55.175652847983145,57.894592477605386,60.419571653428235,58.99517021026936,64.28111613740889,60.82045864033506,58.344660404920404,59.547288923782006,52.467010332107286,59.92680578069262,61.00564065678315,61.449707879184785,59.11215901687488,61.59665425056158,65.37427815969266,54.701552065388285,60.16889836328957,62.107299023388556,66.82601503774735,61.9670845142004,60.731616085556865,60.54311016399001,57.2678678473968,58.414920234790365,57.6431625584006,63.248497923072826,66.92288578388812,62.3603643278843,61.38951589115275,60.686953036158926,64.31009160073869,60.20875998754353,63.278979174837275
1610555735.75bom85BDF0C7W2eIseHeMxi24qR68nzMi,57.19731861009757,53.673749933832354,61.11362539076037,59.73914344872664,59.31881955210928,57.98245413159427,60.10138298119213,60.16548184763666,58.92168125948013,49.7435738466876,59.30248658641341,60.30179511262817,0.0,59.60121525675467,61.73065304059653,60.35899974293602,60.50246352547434,58.46736196019672,59.13582177003325,56.61135437346176,59.78173260148282,67.20139699337817,59.20196941716467,61.0691543632508,58.757631635999374,59.387626190749465,59.46517464405656,61.067402687342714,59.23515472309138,62.665087319842854,58.479749110440174,61.53200782689641,37.81461078893266,58.62404939552354,58.84297379508195,59.53056277909873,58.16353292566301,58.512687347812296,58.24010136717327,62.721331335865415,62.64193921613652,61.101465331632305,59.568547809471795,57.53903655847174,59.26211466262834,59.653899483809994,60.99017212760365,58.139498291612114,56.03573727804211,65.83264061663037,58.93525483666153,59.144058419209685,59.32520853501403,66.21510797152435,60.89714477674425,59.49167853397229,60.47870728535283,61.092306956040616,59.81070251004684,57.805328745480296,63.144541462672294,65.77181453434879,60.62262358183558,60.61040581224349,58.51198008590599,63.45644413613068,61.111554417831236,63.04584029226176
1610555735.77NnT5xqKnwcf2BbjIekeb2arTQj6QMNwk,50.38778517449145,61.68806847539885,53.2232489091115,61.72839670777731,54.86147344628025,56.78782401389188,48.91180953850117,50.49649943702656,51.69562446912953,58.39097022819354,61.80646209615358,60.5948169911047,59.60121525675467,0.0,63.198919261819356,60.31948863521422,63.22168561904338,60.96509418438017,56.28232655909835,58.12563886564761,59.78685276272545,68.17707065356716,57.65560572483563,52.20097550921563,59.34667207038712,57.93464552929356,57.66831025138897,62.5053930985651,61.52210050830974,56.636490248438825,60.47667200374045,59.28886308063702,59.65978535723117,62.28681011396454,59.61045884777859,59.43504066069632,59.409455939176375,61.410664812386074,61.72282217728333,64.29970002384587,63.12283246627099,61.80015307744327,60.87451736154187,58.29685834319559,61.5084441022224,62.624698920403176,61.221341372886116,57.51115079155862,60.532264845886516,66.68190863056084,58.50282346152559,56.72184364234962,62.606343212453076,67.7564953705106,60.874055023517776,59.565098635291974,60.64342964628408,58.846464987682,59.631644067271,55.818726166589045,64.05716186011306,67.07320402720529,64.14074308985039,61.1635211783062,61.6927473807074,65.03336935777075,62.014370054245774,64.15251646296954
1610555638.33wjf1PhdNaoWfbRzXVn50hmFyB5bYAiLV,61.89323337616965,60.390976538531426,65.00223935384409,62.33046438542595,62.83857319462207,62.119111245574416,62.31486481365355,64.18188592475266,62.38379061823152,62.36181788159017,61.69294121011619,61.87398438434425,61.73065304059653,63.198919261819356,0.0,62.99406539577916,63.746068874021404,60.74142173755017,61.82842211877979,61.30728341625811,61.68793567791183,65.3742525527681,63.32652085964705,65.05500465832068,62.73318302130002,63.28903354438086,63.392141404152184,63.800104636503754,61.9208334328519,65.4305288115468,62.614582591059126,65.61179666413119,62.196277590279074,65.06394741698604,60.71425932767872,60.28471366556756,61.020971449192444,64.3303209501928,62.35522800276418,65.53997302100021,61.520544059947554,59.33101915818259,60.367294168862216,60.36018209143033,59.98269016336889,62.513859055975225,64.1656009274425,62.571602480308904,64.88688180376982,67.72789436437691,61.582094403467096,61.816981171723526,64.96825654620115,66.90521545264797,64.35052809375732,63.83199111068495,62.888473623503614,63.14234785328565,62.974037739624244,59.1545071327882,63.40171064228575,65.81874135074298,66.67941423369487,60.259392561728845,65.24194183087789,61.89168024353995,63.137385531923506,64.99677237983389
1610555606.65jCE4ig8Pu8kvAzkxnSGfWsV0nQBjCf8H,58.166396038511245,58.84762839560355,62.10393829024995,57.82578413005986,59.93851163665686,59.928324018692685,60.06010920332009,61.202509218725126,59.34900512269842,58.32579347730728,61.308623463210026,59.12100544479797,60.35899974293602,60.31948863521422,62.99406539577916,0.0,63.88794636500584,61.28890867791645,60.549460950349804,53.39253551963584,58.80312701391206,69.27759345328722,59.59415119483665,62.20743617382561,59.95549428412061,61.62700608020375,60.040875632283814,60.63304093700483,59.20042746208003,61.21575495817886,55.243137510887394,63.61206438358568,59.287477532306625,57.8568912679587,54.15282984354917,55.16439413545484,54.75047167159778,52.61329997544833,60.74319622220933,64.7866736770304,58.51757733525353,61.38504724672527,59.11939604347144,56.9400389150884,59.83459830766993,62.427187577562535,60.45500119976293,57.81935579174869,59.401322083778034,67.03608229593699,52.42075676422897,58.9095926119385,61.64334743242614,67.80905205574545,54.70789464876695,60.79008485786723,61.78948797548541,55.48531436032436,54.878692934239226,59.36881783854107,64.31440789125794,67.79316815717797,58.55256745906331,62.31007740468871,57.727429681131895,65.88785325496546,61.54805114621366,64.34306150734933
1610555608.18ONsBCVo1i7BrX0XG9stct4oiA6ejX9Oz,62.336418136824065,59.966639108468826,65.25187794941515,59.91632365081836,62.61648515362577,60.27864541141333,63.2943594092626,63.83043639936884,62.3839684592755,61.185240216625104,45.63748409875604,61.06027580640751,60.50246352547434,63.22168561904338,63.746068874021404,63.88794636500584,0.0,58.66491034556248,60.901417556112506,61.00174103100866,58.49598482472246,66.33419302900876,62.49694997937231,64.82368723857215,60.89084535067027,60.35941427054958,62.85583469030288,62.321212520382424,60.78089554408169,66.48807734463414,63.547807065200125,64.83682211346166,60.99931918884802,62.75928798121156,60.89145981922103,58.67063979414004,60.977752382819034,62.181389882829635,60.44361694840727,65.72087448679764,64.08841775036896,58.72501071910289,60.693454529156796,58.88524440833378,58.71296178874239,57.07692679216202,64.52474434189457,61.6972535726918,63.22954672538768,67.4829090599615,61.869198258209025,62.30713947211393,64.12493065840738,67.15339112674518,65.07844986472146,62.00839627984969,60.424937828689934,64.17107078960689,62.57841949399179,59.48740386318189,61.98236249605632,66.48574157986319,65.10402443326882,59.78713822629455,62.94250519581539,61.892970995314926,63.11097899761056,62.74992891925252
1610555721.51RNoQUMP19FTMS79BmA3JkgSm2IC2AQuQ,59.8486151545138,53.4097007801639,62.8201594265162,59.30200228927341,60.3711968159304,58.80617611764719,60.31408248768359,61.588764957903095,60.10501364410646,59.1704499447512,57.28943769144686,58.25889974894993,58.46736196019672,60.96509418438017,60.74142173755017,61.28890867791645,58.66491034556248,0.0,58.89669008794317,59.52852916102196,58.03323384547164,65.42793597003129,60.65088175579581,62.60766346412221,60.15234703564998,60.08602571872983,62.027646734729665,60.905869622421456,59.15633745130152,63.7565412148098,61.59834580626175,63.52864018589524,59.099183121063376,61.95930488744977,59.42732739534986,58.813155440404195,59.833999190204125,60.58736870982377,58.494397776922646,65.06364231398291,61.98651566468763,58.4837489401773,60.98957431647804,57.08096749996778,55.153061326914546,52.91846581308738,62.311464601142696,60.03194460022825,61.47499885424802,66.83790215936934,59.575527279302634,60.52589769495734,62.41725562317459,65.51379644310185,62.957863472365275,60.77947021709591,59.45879075158689,61.95128961149496,60.83462380266875,57.75357800102736,61.243368466128686,66.03362953305447,64.21207465932773,59.15332697409619,62.01087400430493,61.763967565729565,62.206579748734,61.895842914379514
1610555971.86O0cHB2ibBJ8jxoObg01EpGe8VVV5mpwn,53.33057174526374,60.74373750422626,57.61351239831234,58.43035929925092,51.133029167537394,43.188019823178074,55.67062333682485,56.28580099671183,51.474958087451135,56.86778362158205,58.71473515903556,59.78427157248196,59.13582177003325,56.28232655909835,61.82842211877979,60.549460950349804,60.901417556112506,58.89669008794317,0.0,56.864521935786,57.74163253643069,66.96629229623996,52.72980099959798,57.447396411887446,56.824326263339735,49.157500209514254,55.280430720338245,59.64508634488753,58.95914904508116,57.66035193397638,59.585666785607515,56.27067914052388,58.96864789094028,60.40738994606893,57.23064551020449,57.41707734878874,57.06789331115348,60.39714415802398,59.82315795783068,62.52504957580288,61.23234103367626,61.01416406667779,57.34669817464051,56.22140631404013,59.43738796290956,60.07487442584781,59.40611149365399,55.396097911064174,59.321572233731494,65.42174255718355,56.35428776484765,53.3489939281112,61.760875903133005,66.93294232738778,62.118540433231026,54.802518925060625,56.82815783263126,60.03182070617881,57.04612895245459,51.3561690891629,62.44136755118543,66.69427464745016,64.09140649036321,60.330497418261835,60.48783220489962,64.26800515166242,60.09239871191627,61.79287759420972
1610556911.51zU3duZSGpcw1BDNsBLxdOCITAXwl6z3i,54.68341928292605,59.49907983334488,59.76956964030968,57.74165415811495,55.72366011668014,55.61119348285433,57.91927107239832,58.28118139488055,55.203476555123984,54.22851604245325,58.996108691282245,57.04561225292499,56.61135437346176,58.12563886564761,61.30728341625811,53.39253551963584,61.00174103100866,59.52852916102196,56.864521935786,0.0,55.60837568279421,67.87230947715061,56.24371099201326,59.21077972006708,57.962118340697835,57.665771231831755,54.415328412655384,57.77711264580307,58.02794623967702,60.93191489278352,55.93760526997226,60.540715751621356,55.30135269004874,55.40582332076269,53.62593502232127,55.054108364338795,52.18114417326555,54.7862144728555,59.824403437165316,63.58349339058148,58.63772136892541,59.81388486854298,57.763485206005015,55.14613387490297,57.92802842671485,61.05185906408152,57.91739832328678,55.15354385490823,56.563324465740166,64.79749948852498,52.66203298432028,56.87792480491125,60.229244989131516,66.08221592814115,55.54783409531848,57.66444125260563,59.286199803394766,55.005850662964676,53.20773880455902,56.866580063877734,62.86418306398844,65.90352121361481,57.75995133564195,59.85188520705449,56.28870836023812,63.6031704544822,59.86353303202063,62.41093658015646
1610555988.71dMoYT8250UHHJGxgmITTmbHe7V6gH1yU,59.321068318318574,60.21909439168432,62.29172028005958,56.61947070565118,59.09049172271232,56.727707047660054,60.387385198993044,61.21015131018652,58.507519380596925,59.08175593492152,55.34864362712494,49.21454330179921,59.78173260148282,59.78685276272545,61.68793567791183,58.80312701391206,58.49598482472246,58.03323384547164,57.74163253643069,55.60837568279421,0.0,65.06936759090392,59.55864692077471,62.15479472510416,59.02426950258016,57.28312517758233,60.75714804577326,53.54574503428269,55.56078673109265,63.57947976452357,61.1502048706083,62.769687276706435,59.472473987099185,59.98485219016006,52.3905936364756,51.831926829234824,54.67000668482698,59.44108771153778,59.39296229506803,62.69476463107241,58.84792519267496,56.51413803657012,56.33352082811211,51.385067875545715,57.292645157372434,57.5885108381656,59.10683894576848,58.54308090611957,61.421196118489526,65.11649250617567,54.73333427127512,58.55457709487484,62.03143806521059,66.15031408450213,61.14036818490109,59.57816344795255,57.704050338784036,56.96009405384647,56.891924498779765,55.882084916831204,60.91009440989449,66.11941748152897,62.58031759780349,60.16210882703865,60.90467512179513,63.077846121345516,60.075437205197396,59.673709923761116
1610556042.81mlUZsSp7gbGjrp8jQSnybT1gPy6e62o1,68.30622891988315,66.5307466896616,70.2208757635011,67.75856470272423,68.87318846123239,66.68053586283104,68.32682754826932,69.44943748511275,68.56243203775234,67.5963244040258,65.01433087053539,65.39570931764025,67.20139699337817,68.17707065356716,65.3742525527681,69.27759345328722,66.33419302900876,65.42793597003129,66.96629229623996,67.87230947715061,65.06936759090392,0.0,68.85442004897693,70.14266369956421,68.04027877902072,67.5102148377094,70.01431309442296,67.65469817734792,67.51566281862091,70.45234424496107,69.97153995368679,70.48660282295307,67.29240087695457,70.14367842648826,67.40612011149345,65.95191002103235,67.87203145190436,69.46013470158198,67.89588973386427,70.99436735427315,69.81775458477944,61.67196747576262,67.41370619594454,65.40236366975819,66.1979633239066,65.54025713449492,69.11745002481571,68.54475629470146,69.6404060867199,72.08756732935414,66.62276337065575,68.33459236566061,70.07564980672589,69.55822395679198,70.80439169881915,68.98263806556628,67.37908215583228,68.47139406638914,68.39035684022059,64.31592612860837,65.19779699343869,66.91813921968907,71.52575571895387,64.00132721110718,69.65405774281771,62.451840463954966,68.47023675421836,66.91603149181148
1610555637.02UBW5nKvDyUrKnaWcYRGajZPxTRDS0q3N,53.42394478571753,60.95179137325839,58.195385305227205,59.47818791217168,50.59816475096634,50.82256316595418,57.18814630619248,57.02860230501499,53.50888383844125,56.1008997486514,60.504014211157745,60.47817410564388,59.20196941716467,57.65560572483563,63.32652085964705,59.59415119483665,62.49694997937231,60.65088175579581,52.72980099959798,56.24371099201326,59.55864692077471,68.85442004897693,0.0,58.416063652953795,56.289375380672716,54.91396609271915,53.406575594937145,61.096934526945724,59.70844411809913,56.576742693317975,58.61801445142467,54.13950480453542,58.69998341993084,59.11616845977598,58.243776228032736,58.692328532885405,57.12981837111143,56.93604056880807,59.6959732378598,64.2189041594134,61.351657285779055,62.24240262090004,59.2727128988048,57.49464086695173,59.85971714259485,61.578191312807014,59.86111794980128,55.80899726050825,57.89704837025986,65.62140031507221,57.63149469916018,55.48803119849197,61.78954854095527,67.64141468879095,60.83080927490236,50.017701473082475,58.1673707317544,60.2806832117324,57.66505538484036,53.630188268480964,63.60180751238557,67.36636438643804,62.94348575009395,61.5103056728611,59.81906436320631,65.1204954989036,61.556994688581135,63.31210593932645
1610555619.13oUYNikU4facCTpUSiSLr0vPI0tJLnXiT,46.27018737341684,63.10817062847138,41.438932425656965,63.20668371763559,56.10125009026579,58.341617103468465,54.64404040783654,28.883816805249424,53.50226088703158,59.22402127002186,63.51539928278834,62.61078721713435,61.0691543632508,52.20097550921563,65.05500465832068,62.20743617382561,64.82368723857215,62.60766346412221,57.447396411887446,59.21077972006708,62.15479472510416,70.14266369956421,58.416063652953795,0.0,60.9721169274478,59.94904123611245,58.21235056075926,63.54266210443387,62.954635776607184,58.58617771946445,61.92997396118937,60.4848879259369,60.95315254434015,63.47196772943018,61.26674797973753,61.32106460335883,60.95877334581556,62.74657105005066,63.011991997367446,65.73729491160687,64.42505186470694,63.472592926789964,62.14537802863314,60.23518438586819,62.855447899363874,63.83108416415917,62.78745270438167,58.962403663685116,61.588734673440314,68.24425338465954,60.2163629125836,58.51852466805685,63.58731088381798,69.04443725959364,62.365055023716316,60.80952978128823,62.03851812891815,61.12954898253912,61.04156129288986,58.35556961432765,65.66328879919173,68.59276886672258,65.54134138262707,63.08369090747095,62.7793971467784,66.41572277700563,63.56169654032866,65.57803888867447
1610555721.03nzkucfjAUh31zTbmCVvTVYqtjoxZFnBh,57.280738839173814,59.39226597988573,60.87872164898226,60.51087638465671,56.04798476412991,56.54789652467071,58.43201954786813,59.75497734231014,57.35268133031828,57.12937867949271,60.086857598866736,59.266373336137676,58.757631635999374,59.34667207038712,62.73318302130002,59.95549428412061,60.89084535067027,60.15234703564998,56.824326263339735,57.962118340697835,59.02426950258016,68.04027877902072,56.289375380672716,60.9721169274478,0.0,58.19431359933726,58.97033133213016,61.30790697896094,59.081333736998744,61.64031220518195,60.49371092896799,60.261472245964455,58.12568553843383,61.07737063547941,58.56056702705426,57.91116178522638,58.37370190701067,59.2895730471855,49.49881084520833,63.68741472552402,62.45069962987416,61.679234334593154,59.689576242873535,57.46717622189992,58.72568913155192,60.83179065822091,61.414234665552975,55.61943488994941,58.340377077067195,66.25138610289889,57.59197358271392,57.578228738146144,60.65887254653515,67.9249048028375,62.36611486466419,55.689842031890436,55.13394478837751,61.10013460351869,58.97646467311836,53.32058148905711,63.48114886394172,67.81177947626115,62.5468012399033,60.245658876384546,59.2013515557887,64.94143661590006,60.693308559713984,63.54439990005428
1610555722.67fhKURdXVzRbLIjXmjRwdJHTnE7PWb1AE,56.29837407766564,61.559391002235124,60.24744613364166,60.660253493489414,54.726491021867425,39.48071017116543,58.34674393944869,58.8790963802465,54.963619148549455,57.762867644516405,58.299411545687526,60.11794998438041,59.387626190749465,57.93464552929356,63.28903354438086,61.62700608020375,60.35941427054958,60.08602571872983,49.157500209514254,57.665771231831755,57.28312517758233,67.5102148377094,54.91396609271915,59.94904123611245,58.19431359933726,0.0,56.72835680612448,60.89480590931227,59.9505129760128,60.98698834999265,60.666274051506946,58.68242075156766,59.5894956109981,61.18821304877074,58.17240088697005,58.81753061393593,58.05491721707888,61.36743777076295,60.298733825971176,63.87811650321255,63.704009170963324,61.68139434472078,59.4320709809041,57.52987663150904,59.71231204261275,60.158641926977765,59.38980733900336,56.59961485757982,60.51552111309261,65.99321672771578,57.91644416512388,56.41930461276126,61.63870907732698,67.52613357010844,62.81081452960368,55.139312753861695,58.079509889896244,61.41843724645217,58.52543632953116,53.906699657053665,62.959110483629566,67.4690067451,64.73164783002476,60.616181512102756,61.546407301528,64.85780572317799,61.18127859702265,62.13020677991773
1610555638.39J2ZWBLuLTHP0jOlzB4tNHmYeijH5g5YJ,52.10363329185372,62.44494683046472,58.218777572336165,61.23905879360378,51.42197831927132,55.42325650346379,57.162791131221844,56.93378592239955,53.44160860099849,55.66537542823576,61.56531766241218,61.13276261288549,59.46517464405656,57.66831025138897,63.392141404152184,60.040875632283814,62.85583469030288,62.027646734729665,55.280430720338245,54.415328412655384,60.75714804577326,70.01431309442296,53.406575594937145,58.21235056075926,58.97033133213016,56.72835680612448,0.0,61.61256815276608,61.70403818257525,60.05990491184461,56.42428975727096,58.43465848533609,58.817283904246835,60.697641598946035,59.285828886120484,59.87358444419076,57.5463120564298,60.57845095814397,61.632247560825306,64.61947357084831,61.938046931693115,62.96779206316605,59.81177694540558,59.37477588208447,61.585625024474346,63.650375203289094,59.8491512562627,55.83872846837962,56.25369191311546,65.80668788410749,58.81148145616083,54.65417232805243,62.49084448107685,68.3672555540519,60.303596406511936,56.94354969652938,61.341606887095,61.603838305254385,58.267574675927186,56.473749921761836,64.82125352760684,67.98420506678751,62.56912807159647,62.093486581930804,58.7813542772029,66.13142832999057,60.687433363080025,64.81266183297657
1610556032.17Q6yCDx9g7alRnL9jBFXD2JhhUyB2hKfJ,60.850376386681944,62.007679366660646,64.13550976914924,58.80215971778323,61.127785260364206,59.208163882808954,62.30493834900571,62.91744657431731,60.7825112417923,60.33811687738744,60.21980311832451,55.93771370852827,61.067402687342714,62.5053930985651,63.800104636503754,60.63304093700483,62.321212520382424,60.905869622421456,59.64508634488753,57.77711264580307,53.54574503428269,67.65469817734792,61.096934526945724,63.54266210443387,61.30790697896094,60.89480590931227,61.61256815276608,0.0,59.40582333876653,64.5102844170554,62.069350035629576,64.05797035651985,60.57264350242417,60.08987224331768,57.14690690455421,56.66884753967314,58.99851242093516,60.799386942455435,62.21261779604344,64.96382001281863,60.78480588548061,58.116772941721,59.215206110949076,54.19279699368696,61.0520970286497,61.45751914802282,61.71905282659132,60.476783400220384,62.31057901505459,67.12900542805608,55.79745792191625,60.23448826287183,62.28605674480897,68.42991250124302,62.965733579223354,61.763401821767125,61.092659541801076,59.62562263154645,56.459546852007584,58.57332349596419,63.1340131039426,67.71606380922536,64.1160329898273,61.9940144262551,62.145553230683184,64.71063050302944,62.18907575365251,62.08379382196722
1610557007.49MyVgDnuUuBxrvL6SGOdhKf69VYlW1MSm,59.9216671069513,60.176610269463524,63.26773892846918,57.8060973591267,60.87699193108836,57.699616396129024,61.324616068863364,62.06603595672552,60.139181806459746,59.069678215816815,58.358578670747576,57.74095262003571,59.23515472309138,61.52210050830974,61.9208334328519,59.20042746208003,60.78089554408169,59.15633745130152,58.95914904508116,58.02794623967702,55.56078673109265,67.51566281862091,59.70844411809913,62.954635776607184,59.081333736998744,59.9505129760128,61.70403818257525,59.40582333876653,0.0,64.12973485508337,61.05765666781395,64.1369360848607,58.8563663613557,60.39239020024135,56.011081575880866,54.12525810905335,57.228792229829025,57.86532891338833,58.27593215288149,63.85345055712433,59.4681137910258,59.98518026885975,57.7862375494599,53.32171590516049,56.27633710140005,58.97555876598706,62.13966297749892,59.1642096315945,61.90188635055891,66.05323443685772,57.294407351974904,59.504491189770384,61.90794647669049,66.79900200233412,62.36951677920709,59.82980636496668,59.44491267957804,60.182710201305724,59.198581794289495,57.1097927507849,62.64344225317114,66.97831163110705,62.26714683396292,61.89806259365649,60.61064746285957,63.2504179786023,61.068386831219804,61.9207482819499
