,1610555604.25mOvVXuL01OCiReyVWBfesjuvXmB3MoPy,1610555605.43B6oDsBtWRQ29Q9UMQuTUEPZy3FSSWXzc,1610555610.92HPGJJSmyPM40z7otPBgHalNrHFA7zk5d,1610555606.68LaSQbm9EHAFycEfFtEqAwYqlBsQPjIRW,1610555617.19EKxMEwDHfXiEJZc27TsGoERaD6Da4BZU,1610555722.52PJ3FD50MGhRXyUD28vluU8Z9UjLJLZn4,1610555617.52Ijr5puT55g9apK8auM7zaxa3NANg502t,1610555638.77ZLjTLkz4jYJdFMI2wWBztzsDILkoOtAk,1610556912.46C7tJPLF0XfNnm8f1820X9aLmXMHoc0Dw,1610555617.51LjzIROg0aeCP2GhDcAVQ0LipKJB9jmKc,1610555608.17OpjjHobqRkX0UPcaXrbu7K6L3805SZri,1610555721.82zWeNZfGUUfRJkgnAwlP8VMhPzXctnSd4,1610555735.75bom85BDF0C7W2eIseHeMxi24qR68nzMi,1610555735.77NnT5xqKnwcf2BbjIekeb2arTQj6QMNwk,1610555638.33wjf1PhdNaoWfbRzXVn50hmFyB5bYAiLV,1610555606.65jCE4ig8Pu8kvAzkxnSGfWsV0nQBjCf8H,1610555608.18ONsBCVo1i7BrX0XG9stct4oiA6ejX9Oz,1610555721.51RNoQUMP19FTMS79BmA3JkgSm2IC2AQuQ,1610555971.86O0cHB2ibBJ8jxoObg01EpGe8VVV5mpwn,1610556911.51zU3duZSGpcw1BDNsBLxdOCITAXwl6z3i,1610555988.71dMoYT8250UHHJGxgmITTmbHe7V6gH1yU,1610556042.81mlUZsSp7gbGjrp8jQSnybT1gPy6e62o1,1610555637.02UBW5nKvDyUrKnaWcYRGajZPxTRDS0q3N,1610555619.13oUYNikU4facCTpUSiSLr0vPI0tJLnXiT,1610555721.03nzkucfjAUh31zTbmCVvTVYqtjoxZFnBh,1610555722.67fhKURdXVzRbLIjXmjRwdJHTnE7PWb1AE,1610555638.39J2ZWBLuLTHP0jOlzB4tNHmYeijH5g5YJ,1610556032.17Q6yCDx9g7alRnL9jBFXD2JhhUyB2hKfJ,1610557007.49MyVgDnuUuBxrvL6SGOdhKf69VYlW1MSm,1610555638.44hjT5hbYdKoE3MB6hijrjqbjmLgvCUYKD,1610555608.13zUvmFSCRt6SsLbhqFznMEvGx54GPGQzM,1610556038.62a5C4ynd1AARyAhTv8a58NCqHvXRjscqH,1610555644.45Xse8u7pusHNsd7F3d0A32HXvXr6weOJE,1610556038.62gKXOCG7XCn55eJvyl5voNjbwOW0znQDq,1610555987.13v0oleKK97pkesp6oMgprH8SoSdoDVdIO,1610556964.96ZLLeiQW0qpmxhPGTg7K03fmzkqsC2bjC,1610555987.13VQlEedQ50VvkPMEMzZDv3KNnQCewykN9,1610555982.186TY6MMGkDecIN1woW6vsfAMXVV7jnyjO,1610555982.673LuMndkwkvdmZOn0MmE2Pkidx0FtNalb,1610555733.38zItcuH7gHNfKdALR2d9Nek6bxCyw36Vm,1610556034.15BQxSbZINGCay0yp6RBVlgcPrw76Yn9ON,1610555639.37BPZpgtGml8qUsh9AdV4m32jPLfI2aNFq,1610556965.57S0adAalhWYe6K3bkZU0bRHbqnDK8gGkR,1610555983.54zteLPCMjyrjzPdhHhlZr3faCgD0TfYr3,1610555987.79rHnNRmt9a0ufmnwCvZqBouyUoZDNpylW,1610556960.041xWER61rmArlsKfiMl4frikWmUCnQ7op,1610556035.13a7NHZDutfTMJ88qle1gTYY59Dr4WmMsj,1610556890.456ZBDaY16bMtrTZTqAgHl3wq1tRxzqDow,1610555760.24e6890pkbyZ97Or6croI1rQgjkSsR0yVt,1610556043.02YpWMIJg3W004iqlPyv8OcVAZdSC5rNYw,1610555987.03z05P26TLtONYM1HSzupoc2CeNMa6HTqr,1610556032.15OYCzUxpsz7b10AXBAuDXrvEcvxFhf0M7,1610556032.63Z80yI9pNwS3jSmsDABbuhf8wkNa2Ze9y,1610555736.28eGuESasTXdR3SqY6pHhEXWZtcdciYLCO,1610556034.61bebeZA0MkaFG2sm3VKiqrxeqQginTTW0,1610556944.5XwXOphKYT3ZkWA8gViqOS97VHVuMVUqb,1610556944.745UVLFBzf7fPh4UH37I6tYQOFPqRDytEh,1610556034.63XsUwaFaPZevO1JNFjfhvY4aKNFnV4noV,1610556964.89xwBHw9faT1HjQRMNQEyA4qJ3hWkwgj3k,1610556966.74DydzH91jtyvRyYau47JpVkZoMRSNTt01,1610555740.77UueVziDbaXyRR4OcVJIIZyzOfAzN51bj,1610556046.84e3vwjyRCzqz0wJQhrk8zsxlFfFSv98Df,1610556137.99eoPuVrDThKAOvmeprLPb2FWRqIhzUodc,1610555740.73XFwSrmTXJPlaxGZSefh0jOVA8PI3III1,1610556123.88AOfNaz9jSnqU5Czc7okOv1RCrYfKFBTo,1610556046.85nB7NvyoYQeLcOV391Lmmut1wAM8CFGLw,1610556123.89H4pdIAzDthI7bMXMhlIhKUYIQIvtmPPQ,1610555740.87GOYQUJKpkynIS2lFqppYK4b32ol7NeGh
1610555604.25mOvVXuL01OCiReyVWBfesjuvXmB3MoPy,0.0,64.37656823609987,47.30258567549723,65.90115751205153,54.23088487181516,64.69518493720815,56.617372985980936,49.18454639574278,51.36372632089636,60.27849492901481,69.36126087685653,67.60037705872841,63.85043023846,55.85994907702856,69.05723291910346,60.75186887209148,69.02187822298986,67.0226558166874,59.13106796137408,59.83109056239231,68.01500441393783,74.84851373463476,57.04257389782129,49.143865647760705,62.50537318966984,67.2202293462849,54.48557867327577,68.15424148744586,68.2267286343546,59.08253348761935,60.912695339265234,59.37330943590402,62.17987016557388,63.28302860533518,66.17019492698195,63.42981552746107,62.576848776850234,61.444920190724154,63.70227462973438,64.88765939141278,65.5669511703488,67.78382674094881,64.80216491059589,65.76258791720021,64.21313781706984,69.16148532556534,63.17633519363542,60.61431015369239,61.53466308284602,67.58016108652416,61.336170378210376,57.18505470399403,68.39083645729433,69.87408430415914,62.59944663629791,62.42053755900317,65.85244504033236,66.08439830662192,60.64067361116523,63.38592564162066,69.59164559204501,67.11541630054148,63.872921254373956,66.46175177365689,62.48081768764854,70.09864078347421,64.73884259338651,71.62318268875731
1610555605.43B6oDsBtWRQ29Q9UMQuTUEPZy3FSSWXzc,64.37656823609987,0.0,68.04973894005734,61.0104175823029,64.1054263937602,67.7311858066767,64.60893665055492,66.64616288817186,64.97831549431562,60.26646374117548,66.37007141839543,64.57339474104766,58.376135794105146,66.85674170714034,64.56068577341308,59.59115994304676,65.83152232714242,57.781608505016294,64.62294555938819,61.730735713438214,65.92271192219755,71.04883375144875,63.01753401663264,67.07677202427264,61.465943782866184,69.68450579939129,64.13892589237823,66.26349758360638,65.94477743568852,66.03974460696415,62.519133319230356,64.10197418096784,58.80596927845167,60.594748747403294,65.19796684964437,62.96513107235461,61.75152298950122,58.27015797966576,56.23217662668206,65.79204890216484,63.01921399383218,64.11690776211564,64.48862284986473,63.843355540623286,58.50000487582222,62.14845278261543,64.0308726435582,64.41859697825195,61.777622192573865,67.59165333591584,61.619068809001874,62.90558044946846,66.54711932388572,66.89940499648844,63.414653821960094,63.95298952580654,65.89079536898144,66.1552456216783,62.142077623910424,64.06027115120432,67.66395729286825,64.47881083182938,60.584798995468965,62.98179029545233,61.09959102044771,66.28473057248395,64.70266127522943,70.0778789678164
1610555610.92HPGJJSmyPM40z7otPBgHalNrHFA7zk5d,47.30258567549723,68.04973894005734,0.0,68.60685700392973,60.1170536253787,68.61549939475941,58.73710161669799,43.359417327716855,58.077169373716295,63.50981653306164,71.83325855174256,69.50440255715928,67.09381777275586,59.23643795499267,71.59037314493533,64.05284216341683,71.21901896656281,69.9174298006178,63.44091358778514,63.67827440155835,70.16935299737602,76.5405139082448,61.33334585597485,40.84808752163456,65.59359955070117,70.92345474340311,59.22400817455056,70.42805055051905,70.4028885197795,61.08105544053304,64.9183992380502,63.354906836330336,65.21080006264546,65.9095961099008,68.82627461554634,65.73040701994964,65.82080640492788,64.50738343402065,66.31042928798779,67.38667568248034,67.77683284926101,69.97083101314688,67.40887362519284,68.02098608409807,66.91401739736656,72.08182233555036,65.56632505291296,63.88690406356851,64.4439986053725,69.69030797160428,63.99115394672924,60.92319849701749,70.9409297276481,71.81260666421997,65.28120719514705,65.72915562011873,68.12994441055353,68.18389743961667,63.670171469782375,66.3136388797741,71.46564795948576,69.3700797170556,66.16589553354972,68.63851916882757,64.83660937236903,71.82373408577308,66.87084861994627,73.64242455287766
1610555606.68LaSQbm9EHAFycEfFtEqAwYqlBsQPjIRW,65.90115751205153,61.0104175823029,68.60685700392973,0.0,63.91716634065625,64.62117163668125,65.97021670855177,67.00636315791299,64.95104603185358,61.49742370124579,59.551586446174845,63.68480945082508,64.03168266094302,67.51098002724227,66.1422708692271,57.83316817248675,63.672993947184565,64.16829890112503,61.73458421793991,59.56506956480314,61.91416379027841,71.35382732570531,61.63933446252706,67.46754326403287,62.13052600296614,67.72994569384653,62.74435463298583,61.33286306250173,62.1015868808436,65.8194720266906,61.74208856478917,65.50693499078349,61.842082613839246,59.204245691314796,59.91713610110268,56.84321433835155,58.43289021395498,57.02209908068947,59.097078892489705,62.17635478585988,56.97792231295655,62.19744031055777,57.49299108103207,59.01953964965268,58.15673084083107,62.12172908276305,62.39582279495926,62.41061895269198,62.943129231468696,65.56526104890327,57.37955734376466,59.40082699939087,66.18313415618972,66.29074645295849,62.36850253458741,62.017663046565914,62.799969604784046,63.90436875988047,58.17633351097462,63.07042277425809,65.02221398459984,64.17747910215614,61.59548431683903,63.428813544135636,60.52066183518809,66.55751597761923,61.69898050134628,66.3732418801187
1610555617.19EKxMEwDHfXiEJZc27TsGoERaD6Da4BZU,54.23088487181516,64.1054263937602,60.1170536253787,63.91716634065625,0.0,60.18069700830851,55.175666609846544,58.77056229037229,48.55305821199984,59.836259436360045,66.74770009128544,65.10391948541417,63.429711443803804,58.10446473708908,67.4093060130455,60.30383154432165,66.87305070989926,65.05908045000766,53.2835248628895,57.67354401041213,64.57672216542103,72.49215847057397,49.48647754707643,59.08624783426339,57.140337505302845,61.94511689219504,50.72094044859977,65.27485631918312,65.77118678456542,59.309077423796346,60.43765434163193,56.00159007585532,61.43521976742464,61.18959601462006,62.47731097455435,60.637675846082786,58.16544166290674,59.096910033836295,60.64582164520925,62.728751497537246,63.18375401780071,66.02737229261272,61.975576066548534,63.72086905945979,62.21118459913902,67.59260929345871,60.520350856152206,58.621370043738345,60.41183970358926,64.72561413788847,59.89538685534907,55.411352544545295,67.107734459324,68.38229171522914,63.03519712551946,55.64484674727477,62.520454110800124,65.7836066335175,59.57522659906358,59.55491477507255,67.90043867782832,65.3748950987601,62.6881795745017,64.54085080351817,61.40760083688226,67.86019067832348,62.82359558880762,69.74622238274894
1610555722.52PJ3FD50MGhRXyUD28vluU8Z9UjLJLZn4,64.69518493720815,67.7311858066767,68.61549939475941,64.62117163668125,60.18069700830851,0.0,65.58238141925975,66.85511263021361,62.24253383801602,64.66071118784562,66.4222119671318,69.23028828919175,66.88535998149091,66.01377441351035,71.06538113954531,65.39247102681767,68.22465022704405,68.20833273094874,46.835016962867456,63.04813767033713,66.36934058223392,74.71138358868754,57.19397271352739,67.38673564068942,62.658979845467826,44.06915015101641,62.017013387104825,67.01654721366782,65.24018809929089,65.40890100332767,66.11905468926936,63.76891301106885,65.66011889501078,64.36294506782066,65.43567779264208,63.368580535884824,62.832316390163776,63.08501960377084,64.22262546603,66.14253759507366,67.68565036361831,68.66125504846309,64.59371335506425,65.12621900449166,63.84129275756772,64.62671140737541,63.06322069239937,62.52293925761,66.19181023387053,68.30340061262764,61.732474423045076,59.72230867636454,69.3759777982577,70.6771739172807,68.19673157779765,59.43456240913086,65.22063723146594,69.39732413023054,61.70827935784695,61.3654205671284,68.87123126467326,67.55396073854466,67.40029471192105,66.40423763818022,66.4759628947946,70.1481092285394,65.79539124838314,69.08712688768132
1610555617.52Ijr5puT55g9apK8auM7zaxa3NANg502t,56.617372985980936,64.60893665055492,58.73710161669799,65.97021670855177,55.175666609846544,65.58238141925975,0.0,58.85926146822075,55.91797839568224,62.68567681428076,69.1592481296031,66.82765823160511,65.75586842497918,52.9381764102264,68.07750702379819,62.06561356627154,68.77783785513213,66.55987548623077,60.45830071458166,62.01257481000543,67.23976144374564,74.07486928359938,59.49258824891852,59.195052975471654,62.007365945720515,67.52864560334402,58.324935398647234,67.86839715280234,67.93348200019034,56.43104677354862,63.65258246048893,58.254624983569926,64.24200704697107,63.9443043312194,66.09030034359925,62.81402234361867,62.84399735918227,62.49093952774885,63.09730011149839,65.10757627273834,65.15492405696456,66.91726338059958,65.39029923258771,65.81106281827782,64.15696154666554,69.8787911067576,64.1806311939155,62.41726834173167,63.05050370698939,67.178558263935,62.45813184660614,59.140213575424355,68.92310504249922,69.72814788642286,65.07407178352302,62.728412113365664,66.46158211030762,65.02711316023617,62.45310828250466,61.67796574025887,69.69239512149043,67.36218550959865,64.38639082488012,65.67671909965424,63.579306319652595,69.40099509380842,64.72383114005139,71.81712337974517
1610555638.77ZLjTLkz4jYJdFMI2wWBztzsDILkoOtAk,49.18454639574278,66.64616288817186,43.359417327716855,67.00636315791299,58.77056229037229,66.85511263021361,58.85926146822075,0.0,56.86323654563832,62.346219003335996,69.91262368177236,68.15535767359307,65.67490799445046,55.65554070036545,70.2094674554518,63.06051677219842,69.27700952659998,68.25352275327916,61.921785895836926,62.125993756789576,68.41503718884373,74.7090779088425,60.21915657208796,28.348893286072418,63.65137825489205,68.99630181135188,57.95703073546532,69.11107588827086,68.61802781286488,61.739450029754835,63.31191795985779,61.99044849986474,63.811941093180224,64.2109288419417,66.8528372343193,63.74250432766518,63.91833204683735,62.84771955396612,64.4630601382093,65.70231388617846,66.80289011157046,68.01347371652797,65.5229509316674,66.3295907426891,64.99986276573749,70.5579624265688,63.610516477091274,62.341320537068235,63.185128064076444,68.17211382847479,62.493056770654285,59.26051967517954,69.2685358631201,70.29954576178812,64.58371587737555,64.33710368428271,66.98516293521303,67.23173415617156,62.12841460243776,64.79013972488995,69.99802172558151,67.32338333079484,65.06521859161748,66.61813670280365,63.77594010410659,69.81415640901882,65.48363378713869,72.10377825685055
1610556912.46C7tJPLF0XfNnm8f1820X9aLmXMHoc0Dw,51.36372632089636,64.97831549431562,58.077169373716295,64.95104603185358,48.55305821199984,62.24253383801602,55.91797839568224,56.86323654563832,0.0,60.90535422179602,67.86321797716809,65.73040682452756,64.20008551946127,55.861221673043545,68.38201400963446,60.63193158486328,67.55054023849023,65.89340640492023,55.38076372478946,58.742312043739325,65.71272939295622,73.33437297942835,55.703545949539716,56.971689667464176,60.36558510070336,63.89929384036111,54.502564053779864,66.14161811608115,66.3441785131528,60.02705541752812,61.534014732080244,58.2956772173559,62.67550942601154,61.90346980767321,63.46819087246717,61.14781792531827,60.06231946627217,60.08551358758172,62.45643274179717,63.45847431090016,64.8337424881682,66.29406257361197,63.09844930130524,64.32446302273233,63.42635546713692,68.4770437907177,60.57905217733263,59.090223680164534,61.659874877517524,65.63715151766827,59.68814294591445,56.09356876125505,67.20539668644041,68.8214834380488,63.69668833335193,59.38336414026618,64.58214928989098,65.2116975158503,59.480085483935426,61.679053802841366,68.72655261897418,65.82435963658402,62.74764311666758,64.86687964175373,61.97376753884473,68.50707086587596,63.458717289615144,70.42347252766362
1610555617.51LjzIROg0aeCP2GhDcAVQ0LipKJB9jmKc,60.27849492901481,60.26646374117548,63.50981653306164,61.49742370124579,59.836259436360045,64.66071118784562,62.68567681428076,62.346219003335996,60.90535422179602,0.0,65.88559576660653,64.12404225893718,53.73030382029428,63.17739783695529,67.00979581638815,58.34271806474791,65.442752774494,64.13056875829012,61.50127398184943,56.40568922270191,64.47629395727066,71.33122087460225,57.82823717677984,62.513855163733844,58.69405150246461,66.68901393594494,57.468007831390736,64.38870916364093,63.364079072962184,64.35198727767802,57.86331305557775,63.21996884484553,42.59277991278531,57.780767802263235,62.09883833439094,60.62889039428727,58.602438780750695,55.817418646089585,58.07683011525922,61.752448113837666,62.477723770204925,64.77961888651934,60.78336069014898,62.10482677752175,60.58235269336859,66.07166993369111,58.780328654650724,59.315566545599225,44.72141881711552,63.82621914080822,58.972023430236746,57.72673045504894,63.306650827470264,66.13564841797736,61.60999067152861,60.46351349681874,63.038785411628524,64.677123057133,58.95587317279272,63.143103274647736,66.59472232300315,63.27511036097771,58.29590675959202,63.26790546248545,53.950203366831495,66.01761337254257,61.34679122045874,68.47835453705412
1610555608.17OpjjHobqRkX0UPcaXrbu7K6L3805SZri,69.36126087685653,66.37007141839543,71.83325855174256,59.551586446174845,66.74770009128544,66.4222119671318,69.1592481296031,69.91262368177236,67.86321797716809,65.88559576660653,0.0,67.65833272325442,67.1766370657804,69.73781820356868,68.08512886027317,64.80173704220142,50.57372044846343,65.0866247273154,64.79955090358975,64.00321862450173,63.19429686735988,71.20787972473968,65.30826192022282,70.37621223904483,64.99473984197265,66.43497148112675,66.19426574795762,66.06980681645565,65.32989153158441,70.3770530883825,65.68058433781225,68.64003772430073,65.59155361291887,63.93493168196774,64.70763013735234,60.41177415714007,63.13788480684804,62.85999988913017,63.95109053131294,65.40504727494977,65.33202428790403,61.288501359241785,62.151929611008725,64.26589864163044,60.37919879279325,59.61788367781563,64.87293315974709,65.7273918770115,67.50768824410137,67.82788932829844,63.625640012136785,64.17755860615475,69.04818119008185,67.13784071604626,67.86617645516073,65.27595426608609,63.77424521949434,69.98156343273338,63.935177487444676,66.06791926673456,64.91684796221129,63.79602881128015,66.36278897666102,62.82372644541896,65.8995542687183,64.91160149415064,64.44966296372004,67.51437918863736
1610555721.82zWeNZfGUUfRJkgnAwlP8VMhPzXctnSd4,67.60037705872841,64.57339474104766,69.50440255715928,63.68480945082508,65.10391948541417,69.23028828919175,66.82765823160511,68.15535767359307,65.73040682452756,64.12404225893718,67.65833272325442,0.0,66.61778941044548,68.02518540530751,67.19680732005246,61.18656374635015,67.30626256692148,64.38476727816541,65.84618702631276,60.935659820692386,53.165530118454434,69.40991744358628,64.76454936852055,68.49773091597662,62.74961932449742,70.68756038039294,64.49668438353551,60.33554434103731,64.90703063839047,69.33836457984896,65.69359111481906,66.9792092773886,64.43480586303123,62.41201122875268,60.652003305130854,58.46003420763173,61.13997807037516,61.60828017944398,61.82554298961567,65.36837146329866,63.558257056153415,62.270570524137305,63.37248520122191,58.66708738446599,62.80494913685364,69.12400534525848,63.49309824316501,64.45306423910885,65.30011814406696,65.590572338963,58.28098415785833,63.475359606177335,68.89300176451015,68.10318854435918,66.42742628512752,64.97317048682349,66.54070923568425,65.01685197756056,61.03837413710223,64.38325653330857,68.12430710831822,66.16522421545795,62.834325046024695,65.31800662054452,63.101977655678,67.2791629264828,63.012954291788446,70.71340772733403
1610555735.75bom85BDF0C7W2eIseHeMxi24qR68nzMi,63.85043023846,58.376135794105146,67.09381777275586,64.03168266094302,63.429711443803804,66.88535998149091,65.75586842497918,65.67490799445046,64.20008551946127,53.73030382029428,67.1766370657804,66.61778941044548,0.0,66.04074736603009,67.77602628397169,61.85410264249256,66.49903386182041,65.04790053108582,64.27769322990912,60.0293050726316,66.55570654290422,72.15651974272674,62.431105012966505,66.02833612754475,62.27104986346875,68.69579863944948,62.72582098991954,66.71048348312391,65.51477909361179,66.94232464668326,60.85726620643044,65.27768692879475,40.887537957909586,60.31723979675564,64.82876759072,63.158769656142546,61.26617660305532,58.7800970775224,60.40201393122345,63.261381977320234,65.16664820983752,65.9403343451351,63.205192961307546,64.27373340837032,61.973692299984464,66.75524253436718,62.20097914847439,63.06776881372179,59.89567420153051,66.27657491916952,62.33448924771474,61.67414248322199,64.50699994325917,67.05920560145309,64.72441902444919,63.679491915416115,65.86145470364306,67.93765737957641,62.26667956681224,65.07883479463158,67.75925103535268,63.952103565665034,61.096789819881245,64.69227450962872,61.059234771274696,66.94086652048554,63.55099886218453,69.66677398933874
1610555735.77NnT5xqKnwcf2BbjIekeb2arTQj6QMNwk,55.85994907702856,66.85674170714034,59.23643795499267,67.51098002724227,58.10446473708908,66.01377441351035,52.9381764102264,55.65554070036545,55.861221673043545,63.17739783695529,69.73781820356868,68.02518540530751,66.04074736603009,0.0,69.90628239350457,63.84521576492596,69.04239616303991,67.78327730124413,61.71180760002492,62.3318675807972,67.83494171226108,74.53812712407505,60.848554466742854,56.641994985310106,63.57093028514869,67.49925765880536,58.92325818452092,68.78376873607402,68.88876033492737,62.06817562804835,64.07302616243702,61.95961029186249,64.58220516230627,64.74199126414227,66.945839182868,64.03652625721021,63.778956079472756,63.4960454007291,64.7372808801698,65.88204304469194,67.98219900464282,67.3684328941208,66.05194042909446,66.62239437538322,65.16061647588576,70.65206261616883,63.90463329544312,62.76543549768453,64.22773952989476,67.91264038965184,63.20245618884132,59.69242157000195,69.54995062122966,70.48621402693212,65.71061362195047,64.24257277060308,67.14689713967292,67.78850627037541,62.56214691906078,63.8020365404931,69.70189550708596,67.60646541513417,65.8252252217544,65.55032038063231,64.60134958687208,69.6006302954679,65.80216360642413,72.116553038506
1610555638.33wjf1PhdNaoWfbRzXVn50hmFyB5bYAiLV,69.05723291910346,64.56068577341308,71.59037314493533,66.1422708692271,67.4093060130455,71.06538113954531,68.07750702379819,70.2094674554518,68.38201400963446,67.00979581638815,68.08512886027317,67.19680732005246,67.77602628397169,69.90628239350457,0.0,66.096463735224,68.27711256137258,66.28804133166176,67.52895591879145,65.9744756504238,67.73234430267497,67.32687144522316,67.12443932880475,70.42684041145543,65.93329512283984,72.31717979488171,66.47173553769682,69.64230174011979,68.60419327343807,70.72855255697928,66.3042364176953,68.47816874365444,66.7307639327462,66.85705952500304,67.23781596188401,63.93927204816885,64.69116509757542,65.44698621542729,64.8816944997219,66.29109304712237,64.41017951846447,62.78819626813814,64.08791724900142,67.46676833842098,62.347066146170484,68.89013470798677,66.35933468419047,66.9652701695165,68.31966340380185,68.84190204124842,65.72833838609144,64.70675947802162,70.9261933955344,67.52876533479541,68.84756613425725,67.52116976731199,67.85589179483392,71.16219056890814,65.85575363949063,66.36666690388053,67.83226988561924,64.80638049922797,67.58059858216536,62.75428667290718,67.67420334698842,62.96221826734742,66.34882304654299,71.96577857011076
1610555606.65jCE4ig8Pu8kvAzkxnSGfWsV0nQBjCf8H,60.75186887209148,59.59115994304676,64.05284216341683,57.83316817248675,60.30383154432165,65.39247102681767,62.06561356627154,63.06051677219842,60.63193158486328,58.34271806474791,64.80173704220142,61.18656374635015,61.85410264249256,63.84521576492596,66.096463735224,0.0,65.5233745796487,64.58591296557171,62.03027090946106,51.79766618754453,61.48001527800045,72.21633296183614,58.89261980914067,63.43607686289987,59.90155021009104,67.74974043522381,57.944760882512455,61.86439637442379,62.32525419780785,61.8146793038719,54.928025125857154,63.13336043343141,58.59539814603974,54.23771659069549,56.228410648734936,54.37601704088677,54.07291898630839,48.360644010009274,59.7006932754316,61.75347295568068,56.43574820552376,63.71832922689311,60.02155646928121,60.16742896836859,59.01244631564434,66.45618308664046,58.205634016861055,59.08459706026754,57.9383015150361,63.9549601577092,51.01564981917618,57.32520965798841,63.91135293923126,66.87745384871634,52.806780578487285,61.0988688890435,63.51274112243922,55.402600445856855,52.445863240461854,63.26022874847972,66.3593847758063,64.1672489021014,52.171890537872926,63.307576184932785,53.443501557326684,66.83526312597589,60.89745363093419,68.52579878419452
1610555608.18ONsBCVo1i7BrX0XG9stct4oiA6ejX9Oz,69.02187822298986,65.83152232714242,71.21901896656281,63.672993947184565,66.87305070989926,68.22465022704405,68.77783785513213,69.27700952659998,67.55054023849023,65.442752774494,50.57372044846343,67.30626256692148,66.49903386182041,69.04239616303991,68.27711256137258,65.5233745796487,0.0,64.68891971070155,65.90303757377163,64.40766086167558,63.87351840190472,70.84213974679577,65.69275179746356,69.72630695630471,64.82111091142288,68.1832302020975,65.88461164334035,66.71491289151449,66.00169623708399,70.26587223635897,65.71942126705525,68.60147698665949,65.23497045552082,64.0175742091737,66.05566892429763,61.6442214237171,63.856565447370045,62.991548935798804,63.536084948321324,65.82314821790555,66.53906655870028,61.62750619410171,63.32759960537726,64.87835090543234,60.972916644531374,63.31939346447191,64.72053677853539,65.80909363569529,66.93685826211008,67.11580798817275,64.28670843065711,64.20336566506423,68.80752966857014,66.65050998497851,68.33049893416921,65.77848675650816,65.06286777806618,70.56119750724514,64.47730083450524,66.23919807341349,65.74666618447571,63.23691234967369,66.15659167810873,62.03892479065546,65.59388084467865,63.81296977771374,64.40665451942931,68.86021940222103
1610555721.51RNoQUMP19FTMS79BmA3JkgSm2IC2AQuQ,67.0226558166874,57.781608505016294,69.9174298006178,64.16829890112503,65.05908045000766,68.20833273094874,66.55987548623077,68.25352275327916,65.89340640492023,64.13056875829012,65.0866247273154,64.38476727816541,65.04790053108582,67.78327730124413,66.28804133166176,64.58591296557171,64.68891971070155,0.0,65.03166672016077,63.70211870389833,65.23152309482695,70.81188467234098,64.70964216201438,68.78816141457152,63.96585609008892,69.46958179612078,65.18477048097289,66.60716474548916,65.97306649640217,69.4775685460245,65.2493703032511,66.50678745213108,64.02957440908206,63.56371820029985,66.33339454585357,62.93641113548279,63.89420102078854,62.25706433477958,61.39216248259503,66.46351846732132,65.34180677386321,63.20103890203879,65.10725923111028,64.835272910924,58.34173812558705,60.319931392678,64.51419609609289,65.21906235989383,65.37832095618386,67.54551449963017,63.78062023644185,63.78766734626142,68.65033975373514,66.78682916685645,67.9268673615013,65.31546287229108,65.25326081287163,69.53574120059758,63.652497112445516,65.31797502081228,66.62964977128802,64.70001961500208,65.00003534662818,62.99855170417141,65.08420352393576,65.14825593654862,65.21426058977579,69.43773145765886
1610555971.86O0cHB2ibBJ8jxoObg01EpGe8VVV5mpwn,59.13106796137408,64.62294555938819,63.44091358778514,61.73458421793991,53.2835248628895,46.835016962867456,60.45830071458166,61.921785895836926,55.38076372478946,61.50127398184943,64.79955090358975,65.84618702631276,64.27769322990912,61.71180760002492,67.52895591879145,62.03027090946106,65.90303757377163,65.03166672016077,0.0,60.06277652456276,64.30719085018902,71.85793997754567,54.00813900252563,62.4037115629702,58.409760261717906,55.25664030024373,57.00889554207781,64.3805575598328,64.09914576056805,61.04437176436589,62.573171501912405,58.1569599856905,62.66761955904529,61.58378872373991,62.56353295415736,59.55246507680801,59.64016860446381,60.163396239662895,60.84520837491764,62.19181283442007,63.7699075558396,65.62727131671292,60.79038542527659,62.447729468299734,61.27823288081231,65.14958644017449,60.82226707265008,58.615187227447215,62.862710459204536,65.06391745732351,58.9155207821769,54.970113035523475,67.03882598921028,67.9944102582634,65.56709838614147,56.8893508753459,61.494194214831225,66.96086655823753,59.12571112307935,56.99347887998855,66.8979441224865,64.8722896922287,64.19845223653418,63.75537472608106,62.68958804587772,67.0459052158953,61.92243077077404,68.21841824237359
1610556911.51zU3duZSGpcw1BDNsBLxdOCITAXwl6z3i,59.83109056239231,61.730735713438214,63.67827440155835,59.56506956480314,57.67354401041213,63.04813767033713,62.01257481000543,62.125993756789576,58.742312043739325,56.40568922270191,64.00321862450173,60.935659820692386,60.0293050726316,62.3318675807972,65.9744756504238,51.79766618754453,64.40766086167558,63.70211870389833,60.06277652456276,0.0,60.136212284353824,71.06252553033679,57.40317678606749,62.405332731430285,59.040899187903605,65.14732619006041,55.07620697140829,61.43453522758234,61.9581284696424,63.69288070315889,56.748930378947556,62.34684056744956,56.69726671651426,55.203070159574466,57.25722388126351,55.750488330338456,53.116642119010294,52.22268249221425,59.74261239909308,61.76899302144633,59.03820581461183,63.26745455638523,59.31743569725157,59.3263603366277,58.916760568333835,66.12921435779928,57.27769554310257,57.569719453643465,57.92999469839905,63.28723754144016,53.615446734497034,56.88371878401783,64.10316386649707,65.60249800562755,56.7925033726741,59.30584584502916,62.33898564702331,58.834365904955874,54.18145093848004,62.56476219215307,66.27031836212565,63.04111600159886,55.45718511132094,62.71350749345051,55.43927691105855,65.97187366420285,59.676244170892076,68.2782567198975
1610555988.71dMoYT8250UHHJGxgmITTmbHe7V6gH1yU,68.01500441393783,65.92271192219755,70.16935299737602,61.91416379027841,64.57672216542103,66.36934058223392,67.23976144374564,68.41503718884373,65.71272939295622,64.47629395727066,63.19429686735988,53.165530118454434,66.55570654290422,67.83494171226108,67.73234430267497,61.48001527800045,63.87351840190472,65.23152309482695,64.30719085018902,60.136212284353824,0.0,70.55363984737652,64.02370559523891,68.7556911241326,62.76103853198842,67.43867738282185,64.72921312390065,58.12592014942084,63.04522921878208,69.31848258403016,65.28493210954099,67.15528206599375,64.73527966448505,61.63176447579885,58.63603625543218,56.544958002200275,58.56232758724749,60.779672753219494,62.57892749816268,64.66415748011595,62.48671130945185,61.512045077974186,61.18204569742723,59.40749440015862,61.07886664696367,64.98345850220281,61.61810114100951,63.87448384646664,65.47357457118481,65.82365824252915,58.239098661995264,62.511383496083944,68.13482373219502,67.60852586899152,66.2083215515082,63.85566197283782,64.31584530015925,64.85999553976347,59.71294510937535,63.770373412521984,67.02170323297416,65.34332141835114,63.370688413402874,64.29025783353786,63.61425149387761,66.65459974546572,63.00225417834336,68.45043501236356
1610556042.81mlUZsSp7gbGjrp8jQSnybT1gPy6e62o1,74.84851373463476,71.04883375144875,76.5405139082448,71.35382732570531,72.49215847057397,74.71138358868754,74.07486928359938,74.7090779088425,73.33437297942835,71.33122087460225,71.20787972473968,69.40991744358628,72.15651974272674,74.53812712407505,67.32687144522316,72.21633296183614,70.84213974679577,70.81188467234098,71.85793997754567,71.06252553033679,70.55363984737652,0.0,71.92629864859452,75.20721313750644,70.53699177758094,75.87673189618154,72.49147785020169,71.85455316704875,72.78435474388012,75.44790422802105,72.71862900026414,73.38711476374311,71.14167925036692,71.20307631468906,72.07208288906894,68.8661925258418,70.78715170722757,70.4313981472448,69.27594433592708,71.19914184658347,73.14080609955029,63.37078755823618,70.86249177545572,71.02323833996266,68.05922939449763,72.37319675169614,70.11359633641656,71.90286577049989,72.83572421727816,71.24245138323286,70.29855434237558,70.04872661528198,74.6346114396418,69.35433184495352,75.15574579452665,71.80795844403069,72.12649226727464,76.13592443543364,70.75682084648975,70.32347894106174,68.40575270723899,64.90790877064386,72.65320233167496,65.09244352531955,71.78856239632341,61.19818317603937,70.14721951897546,73.00024646920815
1610555637.02UBW5nKvDyUrKnaWcYRGajZPxTRDS0q3N,57.04257389782129,63.01753401663264,61.33334585597485,61.63933446252706,49.48647754707643,57.19397271352739,59.49258824891852,60.21915657208796,55.703545949539716,57.82823717677984,65.30826192022282,64.76454936852055,62.431105012966505,60.848554466742854,67.12443932880475,58.89261980914067,65.69275179746356,64.70964216201438,54.00813900252563,57.40317678606749,64.02370559523891,71.92629864859452,0.0,60.719626886139366,55.65754542876088,61.36338842917722,51.88245992526723,64.38573159774536,63.437692515318545,57.001235116556586,59.323715159931574,54.70181640142233,59.92277923811274,58.14794831108105,61.943421057756524,59.51220236257192,58.199337420062875,55.447023817859474,59.3378732817168,62.256179143957546,61.49376485893488,64.86896106504892,60.23483151900966,62.32653498309302,60.128914639788064,65.72044166306706,58.90422680445627,57.893484118425164,58.59126202195834,63.95861743328288,58.45555165633904,54.463394168134066,66.22276981103488,66.79195249738825,61.776189645699716,49.38073047661479,60.552392086857715,64.45385454621392,58.427775111287545,56.92417464266471,66.2875448973201,63.82881101062308,60.773412766419476,63.07763152610606,59.30493889694909,66.74576694574617,61.312084409000526,67.89204980211483
1610555619.13oUYNikU4facCTpUSiSLr0vPI0tJLnXiT,49.143865647760705,67.07677202427264,40.84808752163456,67.46754326403287,59.08624783426339,67.38673564068942,59.195052975471654,28.348893286072418,56.971689667464176,62.513855163733844,70.37621223904483,68.49773091597662,66.02833612754475,56.641994985310106,70.42684041145543,63.43607686289987,69.72630695630471,68.78816141457152,62.4037115629702,62.405332731430285,68.7556911241326,75.20721313750644,60.719626886139366,0.0,64.09387651674558,69.40044899112695,58.27133088874154,69.20990664243011,68.96335568993373,62.122506638749634,63.83546979890363,62.34979085226117,64.06933260247486,64.58337279861773,67.2342793303628,64.11095994145859,64.32833147593891,63.238637285050345,64.89661989625922,66.09862553866681,67.01269308732856,68.39108210889314,65.90351487156578,66.76835209842721,65.50202530540096,70.85678980878258,64.13038896601772,62.93864221890014,63.47088699226879,68.58637570228936,62.845922473661055,59.67654894852908,69.61685624185085,70.7138191566009,65.16547430401728,64.96079516826148,67.31279871538244,67.32208063281861,62.64574676477389,65.22054803000842,70.1712306448917,67.91360424816723,65.44853282455517,67.15814102546184,64.05316899608674,70.25095617772315,65.98247326109191,72.32569599684287
1610555721.03nzkucfjAUh31zTbmCVvTVYqtjoxZFnBh,62.50537318966984,61.465943782866184,65.59359955070117,62.13052600296614,57.140337505302845,62.658979845467826,62.007365945720515,63.65137825489205,60.36558510070336,58.69405150246461,64.99473984197265,62.74961932449742,62.27104986346875,63.57093028514869,65.93329512283984,59.90155021009104,64.82111091142288,63.96585609008892,58.409760261717906,59.040899187903605,62.76103853198842,70.53699177758094,55.65754542876088,64.09387651674558,0.0,64.5830927339611,59.24431022394434,63.63332768283961,63.112373288474586,63.7199801268251,61.50054038206703,60.89707014710925,59.69347312488468,59.34528759162113,62.0830066583774,58.68157315229657,58.74649211372258,57.408488089223034,49.865411764529746,61.70776276731282,62.578346943551516,63.97188485392175,60.09418558979679,61.835341628109056,59.51932710626302,65.22165493137878,59.950661137996036,57.15072606231706,59.08823668612151,63.634715643532964,58.83952937203277,57.34547590797103,65.12353027764377,66.96238156507665,64.06085221695317,54.5152893896877,57.899131682908695,65.57667345253897,59.23197693355519,56.85969334638242,65.98288184971832,64.07185733979875,60.74860248231964,61.87483137778296,59.44443812096926,66.0237645161916,60.330309430608416,67.66871171483838
1610555722.67fhKURdXVzRbLIjXmjRwdJHTnE7PWb1AE,67.2202293462849,69.68450579939129,70.92345474340311,67.72994569384653,61.94511689219504,44.06915015101641,67.52864560334402,68.99630181135188,63.89929384036111,66.68901393594494,66.43497148112675,70.68756038039294,68.69579863944948,67.49925765880536,72.31717979488171,67.74974043522381,68.1832302020975,69.46958179612078,55.25664030024373,65.14732619006041,67.43867738282185,75.87673189618154,61.36338842917722,69.40044899112695,64.5830927339611,0.0,63.82722339021961,69.30265531599832,67.8673280690717,68.57050279128498,68.17510669994694,66.1402101749622,67.56602049900148,66.65890394582784,67.69268719081482,65.51070901839758,64.87775444073947,65.41115821552671,66.03085281826452,68.0493292213775,70.11465463607873,69.8824907488062,66.9504568600177,67.88083891343561,65.4535806397568,66.76775446263335,64.7587815923509,64.61132996359571,68.26917085073521,69.62735817238892,65.08056384220053,62.80360571798014,70.95715499179863,72.18330676055045,70.63222352584316,61.804765381893695,66.5529459858663,72.03918627273356,64.69704693883546,63.929323864141864,70.86025679490379,69.15694823106047,69.25972117740505,67.85550358254918,68.24403429966907,71.36525079055134,67.52942921461613,71.10369907119251
1610555638.39J2ZWBLuLTHP0jOlzB4tNHmYeijH5g5YJ,54.48557867327577,64.13892589237823,59.22400817455056,62.74435463298583,50.72094044859977,62.017013387104825,58.324935398647234,57.95703073546532,54.502564053779864,57.468007831390736,66.19426574795762,64.49668438353551,62.72582098991954,58.92325818452092,66.47173553769682,57.944760882512455,65.88461164334035,65.18477048097289,57.00889554207781,55.07620697140829,64.72921312390065,72.49147785020169,51.88245992526723,58.27133088874154,59.24431022394434,63.82722339021961,0.0,65.02795777281897,65.05809746301111,59.95188505357957,57.05907812860659,58.40823930562843,59.71203648074147,59.517302544083,62.62208697727568,59.48928769108831,58.17307287845221,57.7432319642936,61.55201059093866,62.20261845922643,61.02404087253966,65.23726887413638,61.361166310074765,63.398050855316,61.222526049321814,68.0159217221724,58.71255084345597,57.36078714873416,56.97866061940216,62.78344788683463,58.67844009967826,53.51246974785085,66.23299638395426,67.32359056773556,60.785088570659966,57.57541802370635,63.9178213245318,64.78033050137502,58.387124737720626,60.78309120308445,66.97657612932257,64.66018667639688,59.62756811854414,63.468325917491924,57.253578614010806,67.59604281935057,60.51463398311115,69.39086542241722
1610556032.17Q6yCDx9g7alRnL9jBFXD2JhhUyB2hKfJ,68.15424148744586,66.26349758360638,70.42805055051905,61.33286306250173,65.27485631918312,67.01654721366782,67.86839715280234,69.11107588827086,66.14161811608115,64.38870916364093,66.06980681645565,60.33554434103731,66.71048348312391,68.78376873607402,69.64230174011979,61.86439637442379,66.71491289151449,66.60716474548916,64.3805575598328,61.43453522758234,58.12592014942084,71.85455316704875,64.38573159774536,69.20990664243011,63.63332768283961,69.30265531599832,65.02795777281897,0.0,64.03231123229584,69.29094878499119,65.52409703655891,67.79512256817189,64.3108554992223,60.94994978917478,61.34951624373645,58.62785182980875,61.30311338912907,60.95704845172006,63.9943725344375,64.61697182256763,63.568856835385375,62.014300475692174,61.65551607516831,59.26260632628429,63.28800141155286,66.74629620337089,63.06267451717518,64.39181606792428,65.70500356087061,66.13683447480598,56.65725258031707,62.66792828782633,66.94911731396361,68.41018617948856,66.9423504806042,64.85750935947563,65.63735808676697,65.54233031838004,58.15275779849373,65.22795672226805,66.58224953761534,65.64142216342005,63.776366868221146,64.85924688077998,63.455503454880734,67.55469213483364,63.13438015498352,67.45353451885363
1610557007.49MyVgDnuUuBxrvL6SGOdhKf69VYlW1MSm,68.2267286343546,65.94477743568852,70.4028885197795,62.1015868808436,65.77118678456542,65.24018809929089,67.93348200019034,68.61802781286488,66.3441785131528,63.364079072962184,65.32989153158441,64.90703063839047,65.51477909361179,68.88876033492737,68.60419327343807,62.32525419780785,66.00169623708399,65.97306649640217,64.09914576056805,61.9581284696424,63.04522921878208,72.78435474388012,63.437692515318545,68.96335568993373,63.112373288474586,67.8673280690717,65.05809746301111,64.03231123229584,0.0,69.13937586778529,64.33362415395398,68.59754710586803,63.238173095866436,61.43451155411603,62.29598028251031,58.25112068526552,60.788865534701706,58.76887358542688,61.43318668879085,65.17826445828742,62.66731421301334,65.17480520093433,61.540384414790466,60.73909450780317,59.19541395816759,65.9342531786905,63.478874817943904,64.19196827483675,64.68005015571396,66.19675153063099,61.63427901609091,62.65762039335269,68.58414028208355,67.80178001595822,67.00202944782937,63.687073592817896,65.02396373887794,68.18114858271161,62.00924183196424,63.971877980672524,67.67769224321516,65.49404885845274,63.03112741361677,66.06261606478681,62.28521916527502,66.77994479074357,63.228731257581906,68.57668139449258
