,1610555604.25mOvVXuL01OCiReyVWBfesjuvXmB3MoPy,1610555605.43B6oDsBtWRQ29Q9UMQuTUEPZy3FSSWXzc,1610555610.92HPGJJSmyPM40z7otPBgHalNrHFA7zk5d,1610555606.68LaSQbm9EHAFycEfFtEqAwYqlBsQPjIRW,1610555617.19EKxMEwDHfXiEJZc27TsGoERaD6Da4BZU,1610555722.52PJ3FD50MGhRXyUD28vluU8Z9UjLJLZn4,1610555617.52Ijr5puT55g9apK8auM7zaxa3NANg502t,1610555638.77ZLjTLkz4jYJdFMI2wWBztzsDILkoOtAk,1610556912.46C7tJPLF0XfNnm8f1820X9aLmXMHoc0Dw,1610555617.51LjzIROg0aeCP2GhDcAVQ0LipKJB9jmKc,1610555608.17OpjjHobqRkX0UPcaXrbu7K6L3805SZri,1610555721.82zWeNZfGUUfRJkgnAwlP8VMhPzXctnSd4,1610555735.75bom85BDF0C7W2eIseHeMxi24qR68nzMi,1610555735.77NnT5xqKnwcf2BbjIekeb2arTQj6QMNwk,1610555638.33wjf1PhdNaoWfbRzXVn50hmFyB5bYAiLV,1610555606.65jCE4ig8Pu8kvAzkxnSGfWsV0nQBjCf8H,1610555608.18ONsBCVo1i7BrX0XG9stct4oiA6ejX9Oz,1610555721.51RNoQUMP19FTMS79BmA3JkgSm2IC2AQuQ,1610555971.86O0cHB2ibBJ8jxoObg01EpGe8VVV5mpwn,1610556911.51zU3duZSGpcw1BDNsBLxdOCITAXwl6z3i,1610555988.71dMoYT8250UHHJGxgmITTmbHe7V6gH1yU,1610556042.81mlUZsSp7gbGjrp8jQSnybT1gPy6e62o1,1610555637.02UBW5nKvDyUrKnaWcYRGajZPxTRDS0q3N,1610555619.13oUYNikU4facCTpUSiSLr0vPI0tJLnXiT,1610555721.03nzkucfjAUh31zTbmCVvTVYqtjoxZFnBh,1610555722.67fhKURdXVzRbLIjXmjRwdJHTnE7PWb1AE,1610555638.39J2ZWBLuLTHP0jOlzB4tNHmYeijH5g5YJ,1610556032.17Q6yCDx9g7alRnL9jBFXD2JhhUyB2hKfJ,1610557007.49MyVgDnuUuBxrvL6SGOdhKf69VYlW1MSm,1610555638.44hjT5hbYdKoE3MB6hijrjqbjmLgvCUYKD,1610555608.13zUvmFSCRt6SsLbhqFznMEvGx54GPGQzM,1610556038.62a5C4ynd1AARyAhTv8a58NCqHvXRjscqH,1610555644.45Xse8u7pusHNsd7F3d0A32HXvXr6weOJE,1610556038.62gKXOCG7XCn55eJvyl5voNjbwOW0znQDq,1610555987.13v0oleKK97pkesp6oMgprH8SoSdoDVdIO,1610556964.96ZLLeiQW0qpmxhPGTg7K03fmzkqsC2bjC,1610555987.13VQlEedQ50VvkPMEMzZDv3KNnQCewykN9,1610555982.186TY6MMGkDecIN1woW6vsfAMXVV7jnyjO,1610555982.673LuMndkwkvdmZOn0MmE2Pkidx0FtNalb,1610555733.38zItcuH7gHNfKdALR2d9Nek6bxCyw36Vm,1610556034.15BQxSbZINGCay0yp6RBVlgcPrw76Yn9ON,1610555639.37BPZpgtGml8qUsh9AdV4m32jPLfI2aNFq,1610556965.57S0adAalhWYe6K3bkZU0bRHbqnDK8gGkR,1610555983.54zteLPCMjyrjzPdhHhlZr3faCgD0TfYr3,1610555987.79rHnNRmt9a0ufmnwCvZqBouyUoZDNpylW,1610556960.041xWER61rmArlsKfiMl4frikWmUCnQ7op,1610556035.13a7NHZDutfTMJ88qle1gTYY59Dr4WmMsj,1610556890.456ZBDaY16bMtrTZTqAgHl3wq1tRxzqDow,1610555760.24e6890pkbyZ97Or6croI1rQgjkSsR0yVt,1610556043.02YpWMIJg3W004iqlPyv8OcVAZdSC5rNYw,1610555987.03z05P26TLtONYM1HSzupoc2CeNMa6HTqr,1610556032.15OYCzUxpsz7b10AXBAuDXrvEcvxFhf0M7,1610556032.63Z80yI9pNwS3jSmsDABbuhf8wkNa2Ze9y,1610555736.28eGuESasTXdR3SqY6pHhEXWZtcdciYLCO,1610556034.61bebeZA0MkaFG2sm3VKiqrxeqQginTTW0,1610556944.5XwXOphKYT3ZkWA8gViqOS97VHVuMVUqb,1610556944.745UVLFBzf7fPh4UH37I6tYQOFPqRDytEh,1610556034.63XsUwaFaPZevO1JNFjfhvY4aKNFnV4noV,1610556964.89xwBHw9faT1HjQRMNQEyA4qJ3hWkwgj3k,1610556966.74DydzH91jtyvRyYau47JpVkZoMRSNTt01,1610555740.77UueVziDbaXyRR4OcVJIIZyzOfAzN51bj,1610556046.84e3vwjyRCzqz0wJQhrk8zsxlFfFSv98Df,1610556137.99eoPuVrDThKAOvmeprLPb2FWRqIhzUodc,1610555740.73XFwSrmTXJPlaxGZSefh0jOVA8PI3III1,1610556123.88AOfNaz9jSnqU5Czc7okOv1RCrYfKFBTo,1610556046.85nB7NvyoYQeLcOV391Lmmut1wAM8CFGLw,1610556123.89H4pdIAzDthI7bMXMhlIhKUYIQIvtmPPQ,1610555740.87GOYQUJKpkynIS2lFqppYK4b32ol7NeGh
1610555604.25mOvVXuL01OCiReyVWBfesjuvXmB3MoPy,0.0,66.92169824554396,49.588027332866936,71.29818949535911,60.25091547525777,73.54750970266026,59.55882913367358,49.52293336728576,58.1719401793977,75.75499640810612,78.71701026715633,74.55800955195224,77.05406011533448,59.452654256287275,76.27701631117938,70.08652710075846,80.60039088177975,78.10728591071599,63.98318959192359,73.80072709257402,76.65639133797148,92.85528637598655,67.04363327556328,50.85749638419556,70.27188458756437,75.09368071133238,62.7752976185985,73.5737623439597,79.4883122388068,66.92384443287898,71.15039542451912,69.94497450881343,77.7163388801556,74.54643009942635,72.28978039304886,71.6494037755595,72.61588324391778,76.07364650082516,73.27885005926518,74.23398008858494,73.63074483100934,78.29954847411338,74.27517120172156,71.77503572976093,73.17009685121575,75.94534782337679,78.43909127842134,71.1440570379693,74.39778829128072,82.60213679131134,68.46636206641605,64.42606008125207,76.8251697425191,82.92006325449255,70.81316050406687,67.18816703350625,72.14831785769809,71.60027326243573,69.91354586736271,66.47469228320098,77.61157365342146,95.44832498766958,76.59363673042319,77.76524184124466,74.29370683007862,89.68643540311952,79.00762621988444,78.21122209286793
1610555605.43B6oDsBtWRQ29Q9UMQuTUEPZy3FSSWXzc,66.92169824554396,0.0,73.85549661351963,58.05190782801855,68.25171613176589,71.27493433747131,64.98679821877572,72.74377446777972,73.87693391383289,67.0332419135497,66.37707246598231,64.97303943055206,62.49219437195461,73.4371564671089,63.61859571107686,61.31329617402593,68.31109977498119,57.60962960215606,65.7986236659462,70.26389320288543,67.42467344175117,81.40019498358811,68.2452463338286,74.67449020499593,63.883153328270936,73.49184153937591,67.98911306225162,62.41609313130591,67.45501513271282,69.40437087554807,62.27495145276947,73.35656817574251,65.32962964333542,63.04130520788213,63.430367374855095,62.63245979029493,63.3456083669504,65.39252628838567,58.91498235178415,66.1488020651336,62.66051846044716,66.00305600645295,65.09988939271199,59.94706782639048,56.7499166307525,54.2971611297734,70.17852029898866,71.86313568041528,64.97529011716209,73.384570001002,61.63309828522938,64.92312620900861,67.09400825552319,71.24859713382163,62.93597980506078,64.46220028665577,65.01954746904265,64.76061668329521,63.69633425622238,62.98892929488391,65.23254625620521,84.71600580451727,66.35608541463,68.09349202940955,63.76734590429742,77.9819456780424,70.20267155315322,66.54369439134494
1610555610.92HPGJJSmyPM40z7otPBgHalNrHFA7zk5d,49.588027332866936,73.85549661351963,0.0,77.96216259134518,68.8975504764389,78.96565488079999,62.70344293899949,48.292437355117485,68.03231371360073,82.0409136461725,84.20461690525896,81.11183100432036,83.38530766964976,65.412771945646,82.39946902368146,76.66161197580266,86.1334321781003,84.22666259195479,71.24142180898191,80.88816216518727,82.69853610735531,98.73541649881204,74.34043702405113,48.505602735716415,76.64366518448205,80.61359679541772,71.20026028395006,79.9336676868147,85.26377751939249,71.29574694599678,77.9210873813803,78.40697412395538,83.7689017124421,80.68431973757599,78.52646635153214,78.17312858659977,78.61596521323442,82.33742801501982,79.43562322603333,80.54023252817734,79.70877185004034,84.41082404955594,80.63450456870005,78.25796617517221,79.36514217195713,81.54391136486763,84.11508939470463,78.63308255374794,80.43484977969656,87.71513555902654,75.08485490334752,71.54552333835363,83.34903525200798,88.93942515353987,76.05249023288577,74.55943066215062,78.14710857852829,77.21683384457617,76.29867612315469,73.5207007022364,83.11367357185279,100.70254127794958,82.29723019796943,83.70370551954873,79.97116892918724,95.00113475949175,84.88451392125155,83.5691130269141
1610555606.68LaSQbm9EHAFycEfFtEqAwYqlBsQPjIRW,71.29818949535911,58.05190782801855,77.96216259134518,0.0,72.13995358127885,74.76665263557088,70.49421888872374,76.57272372365266,77.15322174718374,72.549673482755,64.75012186374782,68.89032712828806,71.91086786087286,77.70161288771581,71.09380168383326,64.38255297559827,71.74810287923448,70.27406570236585,69.24861940810122,72.29776278657235,69.68075543428252,87.26813625757576,71.81110496258056,78.40156925248664,69.69728642117116,77.18438726171983,71.2817053779578,63.7262690105224,70.8763848196236,73.93806349783405,66.531749373903,78.58366700670514,72.41543386145499,67.41289315897612,64.02370335962473,62.438915926657955,65.0769067127667,69.49509491781441,65.04306210487749,69.3568591846879,62.91641047312965,69.8162313298568,65.452578794611,59.67505056248915,65.33103123226074,64.32969960274292,74.75850977503372,75.46282909449495,71.07803227670561,77.21737602925569,62.66201022922956,68.35422935363442,72.66451649973857,77.45830814773157,65.22515796464461,68.68993947835732,68.84919579818698,67.30302508840151,64.4689123139975,67.76904774082358,69.33121757507462,90.75175641220747,69.95877952091506,74.6651502448951,67.85002440403153,84.9348186329493,72.15255670069051,69.89807601693775
1610555617.19EKxMEwDHfXiEJZc27TsGoERaD6Da4BZU,60.25091547525777,68.25171613176589,68.8975504764389,72.13995358127885,0.0,71.50081997151193,61.63363825878121,67.16319829008071,60.971992914546696,77.43743580647404,78.4179937688042,76.19429110723712,78.26822751972456,67.53289958974736,76.35198880135297,71.89586419758956,80.33909216482269,78.3362827034824,63.47959017863304,76.2554958698013,77.4357422837039,92.86770964929785,61.43009680619285,68.94112979584301,68.68518710567555,72.34013059865683,59.45251759950274,74.47953195561713,79.34937615271092,68.05659932111074,72.39767052490518,70.10864400393157,79.26894897327891,75.72585955775583,72.43074502197312,72.64609652255419,71.53041700607832,77.22620879503366,73.1188729815736,75.69280678079461,73.29038935194573,78.95471155326528,74.18257911806016,72.44886233688766,73.49588387112644,75.7859554385278,78.10828792544953,71.95867110244045,75.02666898559035,81.198796561458,70.41253036277841,65.83910126947343,78.50517765929399,82.69551453452753,72.02639072064356,64.27148384500475,71.90934523543162,73.75066734380765,71.67548500394906,65.21198784424543,78.03590042570413,95.48378961033845,77.76432227176697,78.04995978081608,74.97451920711094,89.96245063762983,79.88236110408953,78.54397901264682
1610555722.52PJ3FD50MGhRXyUD28vluU8Z9UjLJLZn4,73.54750970266026,71.27493433747131,78.96565488079999,74.76665263557088,71.50081997151193,0.0,72.3014924932696,77.90059608201649,77.29543970429917,81.43903231774075,78.83351376662618,80.06608858064178,81.23649178848297,78.23161401298582,80.56579322708173,76.09739221508957,81.91134448178958,81.19015536760917,54.36682231668651,81.40895292327455,79.96608006471082,95.23461090978365,70.30552598609316,79.7291239064851,73.47714331857163,50.46650830474726,71.51990645230474,77.0677861742354,79.8366215527223,74.14947006910225,76.73467912979133,77.60580395703268,82.42219823060698,78.92865258163722,75.99025715143448,75.7839013176197,76.59850271174692,80.87123592934394,76.32313494005739,78.38621673543527,77.41151064902725,82.41402009069589,77.80228197868348,74.81098377457658,75.91811122631518,73.8895779804075,79.772420392451,77.45044431182002,79.54302211073454,84.8273647836929,73.72415917437216,70.28233620114474,80.41400167470789,85.83591237476269,76.4419732099162,68.0227981969584,75.35931430220529,77.72405058862023,74.66361026978188,69.43733973206974,78.96479071576144,98.28796426432642,81.40188529999345,80.81028925364963,79.69295506341862,92.84668788582138,82.94521845544206,78.53594166028029
1610555617.52Ijr5puT55g9apK8auM7zaxa3NANg502t,59.55882913367358,64.98679821877572,62.70344293899949,70.49421888872374,61.63363825878121,72.3014924932696,0.0,65.23571733053156,67.10955576995396,75.33058527901827,77.28743078074066,73.72249701545832,76.21999809997837,61.66504980085499,73.497380648053,69.58218658074983,79.37639207699759,77.09239556079814,64.65372851314936,75.49288702989466,75.36312438086257,91.35552826958856,68.7183211788838,66.63521578649433,69.03325159455909,74.11015768499517,65.05421816848533,72.04152856158858,78.14097191826625,61.87595743602483,71.17590011882244,70.71787051931744,77.1923453004439,73.99443840898526,71.71782605812956,71.20873407759267,71.37187161420123,76.01196525942701,71.71297893276216,73.60666441429225,71.82579793262451,76.47443032713126,73.33249106952705,71.41343379651565,71.80903847062854,74.10812805633938,77.18147604185074,72.56016026070938,73.15763116266905,81.05119375910657,68.80989912563147,64.7483737665085,76.38987126719029,81.86232755376349,69.6856313893553,67.15500029940002,72.0955998460798,69.40075782455023,70.44091922234092,63.92427043152013,75.30185321715456,94.40394672176292,75.88686793946566,75.63946225799242,74.15105462396282,88.02676510223763,78.24920547568166,76.52369663129033
1610555638.77ZLjTLkz4jYJdFMI2wWBztzsDILkoOtAk,49.52293336728576,72.74377446777972,48.292437355117485,76.57272372365266,67.16319829008071,77.90059608201649,65.23571733053156,0.0,67.24525166236732,81.2416445595268,82.94305202079869,79.47823498213256,82.3284815894978,57.93346038634952,81.9521633275409,75.33963291985194,85.05769073896086,83.33628038197398,70.25912721656437,79.89801064399529,81.17128334091242,97.25126171955264,73.3030137724872,35.51735250907587,75.47915914775967,79.28867719754743,69.99479440577969,78.83011716589031,83.96260677318128,72.19433908532241,76.81045505726888,76.19158780151481,82.63645978076627,79.70441904251389,77.15973264672569,76.38148014836095,77.22455959038682,81.17407512572184,78.31621642713839,79.20012355388565,78.79778770245278,83.11981570829676,79.18045777508732,76.62765209686576,77.96938459945747,80.30346573647,82.95848703440826,77.15867379541926,79.52008395174043,86.95501113370698,74.10684402411904,70.45816174785166,82.28741257613531,87.72382680639231,75.58739062400862,73.2378853749922,77.09444201283041,76.41402664083938,75.44354021132406,72.26432167210311,82.18533839081135,99.44591291553819,81.33847140693449,82.91653723909954,79.25809412992592,94.01664104978579,84.02421971175734,82.51030085381046
1610556912.46C7tJPLF0XfNnm8f1820X9aLmXMHoc0Dw,58.1719401793977,73.87693391383289,68.03231371360073,77.15322174718374,60.971992914546696,77.29543970429917,67.10955576995396,67.24525166236732,0.0,81.949438447114,83.62924087077799,80.2471876366743,82.92937496617677,67.49485602631987,81.57893867262547,76.29456256648417,85.54908294167538,83.4877347355086,68.01370248055267,79.8639409139465,81.8149759605252,96.94810297688304,71.62213625019743,68.5457834889363,75.5149965835833,77.66801460498804,68.190394976895,79.16884525136334,84.32177945002951,72.45179636915907,76.9541073463322,75.53437807927726,83.68043084856518,80.36481643538181,77.19106562691387,77.10747453733947,77.81081898190203,81.66301991630371,78.93523728215216,80.05886154571522,78.9552044381035,83.28664036359858,78.99494442363826,77.6982846968254,78.57423451946246,80.8181300266766,82.5216435456062,76.52504033503138,80.13192486659392,86.67981079542972,74.60574088706562,70.32283525141813,82.64212012235336,87.04439824502415,77.04194897272335,70.81364106103261,77.60112998360559,77.42594448650999,76.00934175397992,71.7447594851996,82.6022972729267,99.21028687904555,82.56775903871173,82.7367603577727,80.21526565448357,94.25639356314876,84.0865285167637,83.10571772752394
1610555617.51LjzIROg0aeCP2GhDcAVQ0LipKJB9jmKc,75.75499640810612,67.0332419135497,82.0409136461725,72.549673482755,77.43743580647404,81.43903231774075,75.33058527901827,81.2416445595268,81.949438447114,0.0,79.52839140998401,78.23957430866491,66.03491572042176,81.95779913605529,77.94827083242,72.83977250694122,81.89686068200336,79.14915523208684,76.7175699616095,78.63726356463037,80.04944799918245,93.84178687711317,76.1636235638487,82.78944525884012,72.85976564911525,82.891437049431,76.08373111071998,76.03543036279254,77.71047247740732,79.71378231016122,70.67434697969983,83.56823859243997,51.65118222932835,73.30414075013792,75.02279824495807,74.8431724714106,74.34372691471494,75.04362126698982,71.48239920313226,75.72295713248312,75.0824699579833,80.16516720176462,75.02215696190386,73.98538845590893,73.99609970842607,76.58968285132848,79.0440122533866,79.28588395489633,53.91474695354516,83.35991694969,72.7908149828411,75.014420181142,77.28125260627492,83.6856230857152,72.99339948548256,74.95953873680833,75.82412235041107,75.95182419786376,74.12348139845295,75.08744580366424,78.67414011870001,95.78962367746355,74.46875185321737,81.01283990474946,66.59651425860672,90.74698556378863,79.80271349361507,79.25737395142718
1610555608.17OpjjHobqRkX0UPcaXrbu7K6L3805SZri,78.71701026715633,66.37707246598231,84.20461690525896,64.75012186374782,78.4179937688042,78.83351376662618,77.28743078074066,82.94305202079869,83.62924087077799,79.52839140998401,0.0,77.44852694595465,78.50943629388362,83.46819495564213,76.76422545602725,73.21318709868167,55.91227651286919,75.00903822145797,75.89393052548617,80.67669548599525,75.11838477121687,91.42190836428027,77.86005144076665,84.51681236490485,75.00789201473383,78.85976621129049,78.67139282233026,72.85010524211619,76.89052893001997,80.60555529582226,74.33808361445112,84.04954567360045,79.27691658431196,75.4790957524186,72.96098658826678,70.35395388472016,73.35261567114044,77.23716282956505,73.29145764014683,76.2984918483857,73.43771748311634,73.45845066645239,72.58355479563407,69.77567942433967,69.53407714927225,66.42669627139661,80.04677831341749,81.44645028958082,78.44619541505377,81.75137844117027,71.77557262411331,75.36666121306543,78.32259955244845,81.92326799863892,73.82335333607058,74.59369413878389,72.82052305572839,76.09643270756628,73.6942211771849,74.63116861654551,73.7860398939076,93.37487357858731,77.79960589183672,78.08598867800035,76.19529879148955,86.72762934694934,78.19930343535813,74.91677990312417
1610555721.82zWeNZfGUUfRJkgnAwlP8VMhPzXctnSd4,74.55800955195224,64.97303943055206,81.11183100432036,68.89032712828806,76.19429110723712,80.06608858064178,73.72249701545832,79.47823498213256,80.2471876366743,78.23957430866491,77.44852694595465,0.0,77.66788344922658,79.25907428798006,73.07155379359858,68.39843572322538,80.02912040022188,76.1053024128421,75.06607137088196,73.69641834158256,54.831159086224616,87.49717006090673,76.8146844364239,81.27708250621069,73.70143492702304,81.57754703228028,76.06553936158171,61.387225443054966,76.11333649880389,78.5945202219813,73.6917380862175,80.19931475445631,78.22079144804071,73.75410182672665,67.99407502853875,67.3190809400657,70.9434503469783,76.17721083460772,72.3345994222925,75.34960889449857,69.24217260972301,72.37168120456208,73.46190680331567,65.6488224039371,72.58924765014059,74.19085321803227,78.87928514386394,78.85449954736687,76.67998781251026,81.56390463459505,62.440076824041725,73.810858089475,76.6428696513713,82.65846452914444,70.77770009672463,74.21990672965131,75.23530085516501,65.8258292810248,68.40983410628971,72.73990513125584,76.29446267064007,94.98140396707252,74.55106124300988,78.49519204280197,73.92072554009934,88.33967554178204,77.96288377584065,77.21381794841152
1610555735.75bom85BDF0C7W2eIseHeMxi24qR68nzMi,77.05406011533448,62.49219437195461,83.38530766964976,71.91086786087286,78.26822751972456,81.23649178848297,76.21999809997837,82.3284815894978,82.92937496617677,66.03491572042176,78.50943629388362,77.66788344922658,0.0,82.54969999888091,75.49178207212648,73.39970206471362,80.6108079785156,76.85649944932774,77.01351286346382,79.52113292498935,79.33451056192123,92.30696330597613,77.87486569680149,83.98621645507974,75.40883729219195,82.84204775426872,77.51253391999217,74.67479497047913,78.46021235857843,80.32850604157998,71.46444393308971,83.2364989132828,50.199167636214085,73.35854272553411,74.83488289864763,74.65425276279873,73.71751526171505,75.7737463809112,73.26279626973972,73.75124422621458,74.34425434415179,78.48786359133385,74.50812513630964,73.19031759904769,73.07599832410963,73.619795540188,79.0456376748663,80.76768276684817,71.57812313731107,83.14091756264543,73.11783017662525,75.31913938442686,75.80278748269482,82.24868704621989,73.14120715654774,75.48683730978625,76.36091163000738,76.22841252155338,74.27285531354504,75.26104090935281,77.35654777965676,93.37027106437158,75.08311320620795,79.31435791433482,73.00537550645207,88.23394580576758,80.09355128670973,78.56852320391043
1610555735.77NnT5xqKnwcf2BbjIekeb2arTQj6QMNwk,59.452654256287275,73.4371564671089,65.412771945646,77.70161288771581,67.53289958974736,78.23161401298582,61.66504980085499,57.93346038634952,67.49485602631987,81.95779913605529,83.46819495564213,79.25907428798006,82.54969999888091,0.0,81.41577647052571,76.21209135942117,85.49669518663919,84.01779680971238,71.33948211050809,80.88627791742529,81.12814315483284,96.85537812050212,74.54466959393422,60.35356315195474,76.38826605651576,79.24933252227741,70.90805420920456,79.32306215799726,84.67130039730691,71.91174046034749,77.89819708441894,76.41451140634189,83.43905430687406,80.64760318042596,77.849264679674,77.35086629936673,77.94558308253059,82.18033233285698,79.21473736919786,79.83135000487313,79.4038637071729,82.95290450059126,79.76257224699228,77.84020055117124,78.64316844491923,80.91020919560926,83.60021605725433,77.75010728457409,80.38209213553566,87.30207913388814,74.858038405096,70.88520745365798,82.61152678240435,87.70016949282638,76.85655281338865,73.70443291384493,78.5352599823192,76.43260626993539,76.08297383191778,71.85921880217633,82.37286172796189,99.10775947740021,82.27932347564727,82.81766488117145,80.75879199933149,93.68019470473484,84.78571350853893,83.10730079965188
1610555638.33wjf1PhdNaoWfbRzXVn50hmFyB5bYAiLV,76.27701631117938,63.61859571107686,82.39946902368146,71.09380168383326,76.35198880135297,80.56579322708173,73.497380648053,81.9521633275409,81.57893867262547,77.94827083242,76.76422545602725,73.07155379359858,75.49178207212648,81.41577647052571,0.0,72.6189693140913,78.91286030851748,74.75771989724323,74.9589568324221,79.43481715278651,76.0037984944298,80.46105054972875,77.36681026941415,83.4429497764005,73.86818952073585,82.11400352510428,75.94452489866275,72.43010192838493,75.66547030297788,79.37845254180672,71.94325689308167,82.43176986628556,77.49807505746271,75.30902534099003,72.42137305074013,71.66914985445355,72.21379449972778,77.76223374729479,73.10928045512229,72.77905934055701,69.13480429677809,68.76620932285641,71.04892515024821,71.75381884903456,69.07944272727154,72.11810327747,76.12754856420091,79.46200172238444,76.23624467283152,81.19894257845883,71.89739325195688,73.0618588651396,77.3418390776697,77.14168572059641,72.78449497164667,74.01052550799133,73.77466443420138,73.77997866821713,73.49663648982362,71.79086991378264,70.8278587106633,86.74054018442393,77.90631719003615,70.67786509410402,75.80094613498777,76.4469449832611,78.41029675347242,74.98213428189123
1610555606.65jCE4ig8Pu8kvAzkxnSGfWsV0nQBjCf8H,70.08652710075846,61.31329617402593,76.66161197580266,64.38255297559827,71.89586419758956,76.09739221508957,69.58218658074983,75.33963291985194,76.29456256648417,72.83977250694122,73.21318709868167,68.39843572322538,73.39970206471362,76.21209135942117,72.6189693140913,0.0,76.10801817258502,74.84102408972646,70.95889967898461,65.90085551870152,69.81574548858092,89.68369395011332,71.63152755965145,77.10937950116723,70.16000978542053,77.68374157724921,70.28467048065369,66.50551133588877,71.44262912199437,73.64484740942737,63.241013197079305,78.44597555876075,73.18431089425567,64.35851141590274,58.85523642156458,60.9039055069637,63.061061802746785,60.44336053855956,69.15873850206742,71.41302896074349,65.29590811611664,73.2602669029334,69.76220679135288,64.71962442099498,67.86280546778657,71.01485003837168,73.57467944609135,73.54158332729061,70.25690307840529,76.36768783285413,58.130355610338334,68.5414013836928,72.95881571784962,79.12919282985214,59.707264020663494,69.54941252992188,71.65784878750881,62.72227354710134,62.2261069103274,69.32900708266116,72.7092620537731,91.63302791365976,63.00270665765351,75.75397140484154,65.95900887425118,85.34694294932245,73.64964871549972,73.40299606265226
1610555608.18ONsBCVo1i7BrX0XG9stct4oiA6ejX9Oz,80.60039088177975,68.31109977498119,86.1334321781003,71.74810287923448,80.33909216482269,81.91134448178958,79.37639207699759,85.05769073896086,85.54908294167538,81.89686068200336,55.91227651286919,80.02912040022188,80.6108079785156,85.49669518663919,78.91286030851748,76.10801817258502,0.0,77.82622278746575,78.7475718924117,82.67306130807825,78.03707798206996,93.13419415903245,80.14430225379161,86.494675313542,76.8335774617326,80.8139022963448,80.43145449021314,76.09573909607167,79.27634216952667,82.7016890480836,76.47674233183541,85.86010906928969,81.49009722954534,78.22829031275295,76.57321847747833,73.02541699627879,76.52552041454541,80.06033002816694,74.45674227162924,78.51414823437064,76.59092761828384,76.3691624434543,76.2710510549738,72.93110647878981,71.75388690639895,71.08561135419319,81.54479173239939,83.38730525163308,80.77793992533613,83.67255668337329,74.94692617195405,77.70088068998757,80.77963976920547,83.79064285113463,76.23434247645282,77.10445335584538,75.1006634496844,78.85326083648685,76.3335424548904,77.13262344406114,76.86338280572816,94.4893530812107,80.38801109017521,79.08081754305292,78.63514308274938,87.77119719610577,80.5834820146468,78.02330826376232
1610555721.51RNoQUMP19FTMS79BmA3JkgSm2IC2AQuQ,78.10728591071599,57.60962960215606,84.22666259195479,70.27406570236585,78.3362827034824,81.19015536760917,77.09239556079814,83.33628038197398,83.4877347355086,79.14915523208684,75.00903822145797,76.1053024128421,76.85649944932774,84.01779680971238,74.75771989724323,74.84102408972646,77.82622278746575,0.0,75.70124277883991,81.60083399742855,77.33871386974388,88.5489600571979,78.69975050880416,84.84913828340227,75.29557603509188,82.34964121738868,78.84197288884847,73.5514223495068,77.99010060371481,80.93736864239052,74.87412098753741,84.26588129883177,78.49683466196272,75.76718233978774,74.70535480333896,72.72000158309929,74.51489998065034,77.75619300295129,72.71120467599133,76.59738353430821,73.85864122831738,74.21385539365548,75.28817293197868,71.74225119651659,67.07215654589938,62.17180880112614,79.60173142653636,81.21934965021539,77.00902432823743,82.23654325852351,73.3683176838755,75.91678358570825,78.78401608562174,79.5531392149484,74.77636124198817,75.32428741570502,74.25046285126979,76.86098973747106,75.12883412994579,73.7565851949821,73.90184516015277,91.48989250143154,78.56244288047284,76.63006820660304,76.46818321775432,84.64793636717368,80.30819921182477,75.48960193116127
1610555971.86O0cHB2ibBJ8jxoObg01EpGe8VVV5mpwn,63.98318959192359,65.7986236659462,71.24142180898191,69.24861940810122,63.47959017863304,54.36682231668651,64.65372851314936,70.25912721656437,68.01370248055267,76.7175699616095,75.89393052548617,75.06607137088196,77.01351286346382,71.33948211050809,74.9589568324221,70.95889967898461,78.7475718924117,75.70124277883991,0.0,76.84564353256451,75.76868227862093,90.4841858790559,65.80899751894894,71.95789648095409,67.62152149944494,63.38993643193322,65.32825857850713,72.02165956893727,76.92310150619592,67.84573140815365,71.68496606015245,71.0045432206245,78.250399883317,74.55362883800034,71.57539451833425,70.97897409808375,71.73095620404888,76.29887261563775,71.33111558763655,73.17944710408165,72.00183218102522,77.40544613279481,72.64699673500287,69.8437818303492,71.22736079002948,71.1747251718171,76.5136052258463,71.31821249390492,74.43668306533564,80.18620470361088,68.86113328655327,63.42845231045246,76.32203677333573,81.6467375358663,71.71291046871954,64.50090684426229,69.3778111010089,73.04055944163875,69.85708246439141,61.89926768430572,74.53338115617319,94.0464930522203,76.94730964493642,75.43551343154245,74.75982097316619,88.27832361868896,77.57444910466488,74.50099977132548
1610556911.51zU3duZSGpcw1BDNsBLxdOCITAXwl6z3i,73.80072709257402,70.26389320288543,80.88816216518727,72.29776278657235,76.2554958698013,81.40895292327455,75.49288702989466,79.89801064399529,79.8639409139465,78.63726356463037,80.67669548599525,73.69641834158256,79.52113292498935,80.88627791742529,79.43481715278651,65.90085551870152,82.67306130807825,81.60083399742855,76.84564353256451,0.0,75.41262528691068,95.36332325129062,76.51641527101522,81.33235622473526,76.71040639027056,83.02567021989769,74.57905049802179,73.49113226011285,79.97497844394798,80.22422766182181,72.64802946767762,83.32250110279915,78.93763865828959,73.2686774913404,70.35745857923196,70.77080208463248,71.02011579901773,74.33445422781998,76.95789998120895,78.60644850650799,74.41947268726939,79.89259035925377,76.51473773987793,71.79033881152289,75.58302218016294,78.70666618405492,80.16682811566636,79.21176954150762,77.21993315415861,85.13888953517288,67.39858251162211,75.02811759410689,80.75826494280989,85.79986286219541,70.53082719762435,75.43108425066481,77.60016259165181,70.46901706580657,70.01133627184073,75.7778147167576,80.59779277059253,97.7296276701735,74.11629489786836,82.25656604574333,73.81105300002964,92.33295664461598,80.70188217447247,81.41533624938013
1610555988.71dMoYT8250UHHJGxgmITTmbHe7V6gH1yU,76.65639133797148,67.42467344175117,82.69853610735531,69.68075543428252,77.4357422837039,79.96608006471082,75.36312438086257,81.17128334091242,81.8149759605252,80.04944799918245,75.11838477121687,54.831159086224616,79.33451056192123,81.12814315483284,76.0037984944298,69.81574548858092,78.03707798206996,77.33871386974388,75.76868227862093,75.41262528691068,0.0,89.41603232098518,78.12295289848898,82.92703488877383,75.11946363872096,81.12994519773945,77.61285736734615,62.77106557448857,76.89935670893614,79.96237231997564,74.81571322422664,82.1335010463669,79.9453748534371,74.84122412310492,67.94895810541273,67.56857737504991,70.58641205426954,77.47393657925052,74.20323203102333,76.23277907113841,71.34077605346585,72.64237965509011,73.5673459850709,65.81575671009973,72.74819290056054,73.14275038261029,78.83668553158536,80.20219594640137,78.25957533968965,82.36830977868794,64.7688094984074,74.61541999127611,78.17378797989791,83.04926765188702,72.11842772219191,75.13112333928623,75.09360180036072,68.4721545740531,69.25081184592324,73.85535332627136,76.57711241728833,95.10468475671172,76.22105397908622,79.41760749299281,75.82232735527077,88.57277495917536,78.94948915133244,77.04016731382505
1610556042.81mlUZsSp7gbGjrp8jQSnybT1gPy6e62o1,92.85528637598655,81.40019498358811,98.73541649881204,87.26813625757576,92.86770964929785,95.23461090978365,91.35552826958856,97.25126171955264,96.94810297688304,93.84178687711317,91.42190836428027,87.49717006090673,92.30696330597613,96.85537812050212,80.46105054972875,89.68369395011332,93.13419415903245,88.5489600571979,90.4841858790559,95.36332325129062,89.41603232098518,0.0,93.4628165784012,98.45864508702,90.12919348917828,96.35779560238724,93.00511363797645,86.20268938360775,93.03478893456618,93.99388889621258,90.40742694537788,95.91046458442071,93.47791043902943,90.81866856178891,89.47934177096262,87.75625437305709,89.83130772674077,92.42057381353303,88.65282500969849,88.4450481771218,87.99567561819235,79.14757472017963,89.92099999983994,87.04593298331643,85.96585841557291,86.23984927998434,91.58233962635302,95.67910929716128,92.67990444776684,94.06374258567496,88.31111115658638,91.41373116404247,92.32128881494228,84.74143591276312,90.93010039775761,90.5399314150021,89.87434733818353,89.95430049289689,90.47831256802546,86.91433020167366,83.13673410399417,83.2746117063658,93.1195414281701,83.92836731973239,90.78840302687917,77.18807008976971,92.71444448892333,86.84180016880626
1610555637.02UBW5nKvDyUrKnaWcYRGajZPxTRDS0q3N,67.04363327556328,68.2452463338286,74.34043702405113,71.81110496258056,61.43009680619285,70.30552598609316,68.7183211788838,73.3030137724872,71.62213625019743,76.1636235638487,77.86005144076665,76.8146844364239,77.87486569680149,74.54466959393422,77.36681026941415,71.63152755965145,80.14430225379161,78.69975050880416,65.80899751894894,76.51641527101522,78.12295289848898,93.4628165784012,0.0,74.92430070682526,68.58607008926826,72.4733650706307,60.95127081211827,74.53815694674472,78.6270518471645,68.00379531189064,70.18571045090843,69.09543453302004,77.98755156658802,74.05647215428284,73.0303460854271,72.86721050316794,72.63603720930122,73.91421644138745,72.76745223653703,75.62223963004732,72.99432629244265,79.40966739840616,74.03826039140114,72.50280215371936,72.98642470590218,75.54482317189343,77.68598656650083,72.88181480913735,74.18775528364974,80.9743679040024,71.17069214405655,64.99628039388823,78.01247620798283,82.67383721732948,71.36219457380362,56.88802131321959,72.03376227219746,74.4750916332313,72.32704025696003,65.21648407468903,77.93941489967087,95.73938359908418,76.77957935738458,78.71634550485031,74.18858072205853,90.34783682793231,79.23174436058233,78.00028760147308
1610555619.13oUYNikU4facCTpUSiSLr0vPI0tJLnXiT,50.85749638419556,74.67449020499593,48.505602735716415,78.40156925248664,68.94112979584301,79.7291239064851,66.63521578649433,35.51735250907587,68.5457834889363,82.78944525884012,84.51681236490485,81.27708250621069,83.98621645507974,60.35356315195474,83.4429497764005,77.10937950116723,86.494675313542,84.84913828340227,71.95789648095409,81.33235622473526,82.92703488877383,98.45864508702,74.92430070682526,0.0,77.37558201958443,81.02089009887581,71.66517768763846,80.5666605688168,85.6510752342684,73.88054512342825,78.50194193385812,78.1675650373098,84.25307382343999,81.23683196774594,78.82162131531611,78.15612097033517,78.8934234419558,82.69265174313938,80.10890766937811,80.86009446223062,80.43520418252524,84.62026551648043,80.8598454890088,78.53019934687319,79.64768069960188,82.01780745496222,84.44122348561166,79.0370210388237,81.16908784495665,88.36663626866807,75.79028238721104,72.270415629624,84.1977775658803,89.06788493526379,77.31496006804838,74.95858177414117,78.8537790650019,78.17740321941257,77.06583436368487,74.08226217507743,83.75516312318871,100.72357526339539,82.84647149799069,84.35587477972898,80.68072221466818,95.11204051619708,85.42626303665627,84.23305047316992
1610555721.03nzkucfjAUh31zTbmCVvTVYqtjoxZFnBh,70.27188458756437,63.883153328270936,76.64366518448205,69.69728642117116,68.68518710567555,73.47714331857163,69.03325159455909,75.47915914775967,75.5149965835833,72.85976564911525,75.00789201473383,73.70143492702304,75.40883729219195,76.38826605651576,73.86818952073585,70.16000978542053,76.8335774617326,75.29557603509188,67.62152149944494,76.71040639027056,75.11946363872096,90.12919348917828,68.58607008926826,77.37558201958443,0.0,75.4562361257833,69.48998742862472,71.14272669730977,75.69974581621818,73.18576619050931,70.67645290276467,75.17982153231358,75.5462720767533,72.1704009850995,70.83648946865902,69.40982368522761,70.5205074334722,73.56942536046752,59.01745768311989,71.86352900172369,72.12554115976239,76.25103000441749,71.11279249930182,69.63397670302889,69.26151289804622,71.79644842202558,74.96844847282168,68.72268372446159,70.0405016805457,78.2745632270545,68.4730324687653,67.14748762889727,74.32953780799747,80.82335729642618,70.77060136766873,62.68551016432908,63.71763961221015,72.91875837636944,69.62762817370427,63.8726998988104,73.87731785551618,93.17751242633202,74.684766954516,74.44151304007697,70.02946688638028,87.31044268886862,74.93205540286951,74.88171895240367
1610555722.67fhKURdXVzRbLIjXmjRwdJHTnE7PWb1AE,75.09368071133238,73.49184153937591,80.61359679541772,77.18438726171983,72.34013059865683,50.46650830474726,74.11015768499517,79.28867719754743,77.66801460498804,82.891437049431,78.85976621129049,81.57754703228028,82.84204775426872,79.24933252227741,82.11400352510428,77.68374157724921,80.8139022963448,82.34964121738868,63.38993643193322,83.02567021989769,81.12994519773945,96.35779560238724,72.4733650706307,81.02089009887581,75.4562361257833,0.0,73.05743792589742,79.30492187616932,81.95296115913207,76.37916960101747,78.24895624947376,80.03354519796522,83.8166682482912,80.29902908241256,77.31641631499387,77.07539161029423,78.11972892280737,82.28601501066197,78.03147200635773,80.41472611236325,79.19623573212638,82.857444391809,79.09473489157217,76.95230991600984,77.0829987889448,76.70398684256567,80.87164246806834,78.8498284664491,81.13960370353605,85.83216833963453,75.73419692522755,72.78682658398685,81.89031766893443,86.73138927422623,78.47831112825901,70.02973929045613,76.3376945323464,78.97162557102871,76.70519976314634,71.8870911944657,80.20905081850579,98.85620325886427,82.78949785761066,81.51056694012894,81.16773883518755,93.27138056688474,84.36192858897513,79.64912300759563
1610555638.39J2ZWBLuLTHP0jOlzB4tNHmYeijH5g5YJ,62.7752976185985,67.98911306225162,71.20026028395006,71.2817053779578,59.45251759950274,71.51990645230474,65.05421816848533,69.99479440577969,68.190394976895,76.08373111071998,78.67139282233026,76.06553936158171,77.51253391999217,70.90805420920456,75.94452489866275,70.28467048065369,80.43145449021314,78.84197288884847,65.32825857850713,74.57905049802179,77.61285736734615,93.00511363797645,60.95127081211827,71.66517768763846,69.48998742862472,73.05743792589742,0.0,74.61474160114736,78.90054288883374,69.21853266515042,68.85949945073823,73.22611220824052,78.03375584696221,74.41839660687832,72.669243334937,72.00889867933097,71.46053595714618,76.40078160174275,73.11873529663335,74.31814214177636,72.51378609740401,78.5673998399056,73.24094728618499,72.46594997294234,73.55060685375283,76.08814901575873,75.65117204461805,70.01501071315133,73.15714390055686,79.35309814762694,70.37378169563861,63.1391147834205,77.92517572827987,83.15391597044568,70.46250093048356,64.07747021142912,73.16550313329496,73.14715784044333,71.56847285664163,66.34682143887376,77.54406381693948,95.8121096252643,75.95653135287657,78.06644576160477,73.50946722741352,89.7948580683513,77.729952458751,78.58980415370807
1610556032.17Q6yCDx9g7alRnL9jBFXD2JhhUyB2hKfJ,73.5737623439597,62.41609313130591,79.9336676868147,63.7262690105224,74.47953195561713,77.0677861742354,72.04152856158858,78.83011716589031,79.16884525136334,76.03543036279254,72.85010524211619,61.387225443054966,74.67479497047913,79.32306215799726,72.43010192838493,66.50551133588877,76.09573909607167,73.5514223495068,72.02165956893727,73.49113226011285,62.77106557448857,86.20268938360775,74.53815694674472,80.5666605688168,71.14272669730977,79.30492187616932,74.61474160114736,0.0,72.89714912064994,76.45639224018767,71.18022306049066,78.39339701768941,75.53600886364254,68.66327067803877,66.56270626815716,64.76698792425435,67.89650561889042,72.33288345890591,69.71322928504684,72.03770593944505,65.70087966464658,68.61578236451564,69.04375886662169,60.70237700480888,69.75859681138614,68.82650302712855,75.83205791041155,76.86634452870436,73.99896731799781,78.94529809457754,60.99686307074021,71.37121524239018,72.9692014747959,79.51218431908573,68.91065411841146,71.52462694633773,71.44583536581125,65.1545267203098,63.34608114854969,69.9573721522478,72.32597484669058,92.07056686551635,71.73804866603008,75.77637223754334,70.5807135179642,85.68904209774178,75.42053028956482,71.55208609905857
1610557007.49MyVgDnuUuBxrvL6SGOdhKf69VYlW1MSm,79.4883122388068,67.45501513271282,85.26377751939249,70.8763848196236,79.34937615271092,79.8366215527223,78.14097191826625,83.96260677318128,84.32177945002951,77.71047247740732,76.89052893001997,76.11333649880389,78.46021235857843,84.67130039730691,75.66547030297788,71.44262912199437,79.27634216952667,77.99010060371481,76.92310150619592,79.97497844394798,76.89935670893614,93.03478893456618,78.6270518471645,85.6510752342684,75.69974581621818,81.95296115913207,78.90054288883374,72.89714912064994,0.0,81.29353922877675,73.46084356083468,85.59168698189671,78.36265408664778,74.97758581312878,71.43304869108503,69.46220896639308,72.99354233899766,74.9632793208644,72.13608218086549,76.10856327646124,70.2924018009144,77.41271305523334,73.80483042008224,69.02203229783865,69.47767143544088,72.37354709771905,80.24223434527937,81.75375162768708,76.87561663060157,82.8021232159439,71.39420897392866,75.89560202150855,79.25104273779105,82.27019003147566,74.01314949768727,75.41795117824493,76.68618820195974,75.51298262557714,73.31187230303921,75.11208740547495,77.51742877930843,95.36191642969933,75.19257633661907,81.15623690394217,73.98954214976327,88.66743276669563,79.82483364194832,77.34145950464276
