,1610555604.25mOvVXuL01OCiReyVWBfesjuvXmB3MoPy,1610555605.43B6oDsBtWRQ29Q9UMQuTUEPZy3FSSWXzc,1610555610.92HPGJJSmyPM40z7otPBgHalNrHFA7zk5d,1610555606.68LaSQbm9EHAFycEfFtEqAwYqlBsQPjIRW,1610555617.19EKxMEwDHfXiEJZc27TsGoERaD6Da4BZU,1610555722.52PJ3FD50MGhRXyUD28vluU8Z9UjLJLZn4,1610555617.52Ijr5puT55g9apK8auM7zaxa3NANg502t,1610555638.77ZLjTLkz4jYJdFMI2wWBztzsDILkoOtAk,1610556912.46C7tJPLF0XfNnm8f1820X9aLmXMHoc0Dw,1610555617.51LjzIROg0aeCP2GhDcAVQ0LipKJB9jmKc,1610555608.17OpjjHobqRkX0UPcaXrbu7K6L3805SZri,1610555721.82zWeNZfGUUfRJkgnAwlP8VMhPzXctnSd4,1610555735.75bom85BDF0C7W2eIseHeMxi24qR68nzMi,1610555735.77NnT5xqKnwcf2BbjIekeb2arTQj6QMNwk,1610555638.33wjf1PhdNaoWfbRzXVn50hmFyB5bYAiLV,1610555606.65jCE4ig8Pu8kvAzkxnSGfWsV0nQBjCf8H,1610555608.18ONsBCVo1i7BrX0XG9stct4oiA6ejX9Oz,1610555721.51RNoQUMP19FTMS79BmA3JkgSm2IC2AQuQ,1610555971.86O0cHB2ibBJ8jxoObg01EpGe8VVV5mpwn,1610556911.51zU3duZSGpcw1BDNsBLxdOCITAXwl6z3i,1610555988.71dMoYT8250UHHJGxgmITTmbHe7V6gH1yU,1610556042.81mlUZsSp7gbGjrp8jQSnybT1gPy6e62o1,1610555637.02UBW5nKvDyUrKnaWcYRGajZPxTRDS0q3N,1610555619.13oUYNikU4facCTpUSiSLr0vPI0tJLnXiT,1610555721.03nzkucfjAUh31zTbmCVvTVYqtjoxZFnBh,1610555722.67fhKURdXVzRbLIjXmjRwdJHTnE7PWb1AE,1610555638.39J2ZWBLuLTHP0jOlzB4tNHmYeijH5g5YJ,1610556032.17Q6yCDx9g7alRnL9jBFXD2JhhUyB2hKfJ,1610557007.49MyVgDnuUuBxrvL6SGOdhKf69VYlW1MSm,1610555638.44hjT5hbYdKoE3MB6hijrjqbjmLgvCUYKD,1610555608.13zUvmFSCRt6SsLbhqFznMEvGx54GPGQzM,1610556038.62a5C4ynd1AARyAhTv8a58NCqHvXRjscqH,1610555644.45Xse8u7pusHNsd7F3d0A32HXvXr6weOJE,1610556038.62gKXOCG7XCn55eJvyl5voNjbwOW0znQDq,1610555987.13v0oleKK97pkesp6oMgprH8SoSdoDVdIO,1610556964.96ZLLeiQW0qpmxhPGTg7K03fmzkqsC2bjC,1610555987.13VQlEedQ50VvkPMEMzZDv3KNnQCewykN9,1610555982.186TY6MMGkDecIN1woW6vsfAMXVV7jnyjO,1610555982.673LuMndkwkvdmZOn0MmE2Pkidx0FtNalb,1610555733.38zItcuH7gHNfKdALR2d9Nek6bxCyw36Vm,1610556034.15BQxSbZINGCay0yp6RBVlgcPrw76Yn9ON,1610555639.37BPZpgtGml8qUsh9AdV4m32jPLfI2aNFq,1610556965.57S0adAalhWYe6K3bkZU0bRHbqnDK8gGkR,1610555983.54zteLPCMjyrjzPdhHhlZr3faCgD0TfYr3,1610555987.79rHnNRmt9a0ufmnwCvZqBouyUoZDNpylW,1610556960.041xWER61rmArlsKfiMl4frikWmUCnQ7op,1610556035.13a7NHZDutfTMJ88qle1gTYY59Dr4WmMsj,1610556890.456ZBDaY16bMtrTZTqAgHl3wq1tRxzqDow,1610555760.24e6890pkbyZ97Or6croI1rQgjkSsR0yVt,1610556043.02YpWMIJg3W004iqlPyv8OcVAZdSC5rNYw,1610555987.03z05P26TLtONYM1HSzupoc2CeNMa6HTqr,1610556032.15OYCzUxpsz7b10AXBAuDXrvEcvxFhf0M7,1610556032.63Z80yI9pNwS3jSmsDABbuhf8wkNa2Ze9y,1610555736.28eGuESasTXdR3SqY6pHhEXWZtcdciYLCO,1610556034.61bebeZA0MkaFG2sm3VKiqrxeqQginTTW0,1610556944.5XwXOphKYT3ZkWA8gViqOS97VHVuMVUqb,1610556944.745UVLFBzf7fPh4UH37I6tYQOFPqRDytEh,1610556034.63XsUwaFaPZevO1JNFjfhvY4aKNFnV4noV,1610556964.89xwBHw9faT1HjQRMNQEyA4qJ3hWkwgj3k,1610556966.74DydzH91jtyvRyYau47JpVkZoMRSNTt01,1610555740.77UueVziDbaXyRR4OcVJIIZyzOfAzN51bj,1610556046.84e3vwjyRCzqz0wJQhrk8zsxlFfFSv98Df,1610556137.99eoPuVrDThKAOvmeprLPb2FWRqIhzUodc,1610555740.73XFwSrmTXJPlaxGZSefh0jOVA8PI3III1,1610556123.88AOfNaz9jSnqU5Czc7okOv1RCrYfKFBTo,1610556046.85nB7NvyoYQeLcOV391Lmmut1wAM8CFGLw,1610556123.89H4pdIAzDthI7bMXMhlIhKUYIQIvtmPPQ,1610555740.87GOYQUJKpkynIS2lFqppYK4b32ol7NeGh
1610555604.25mOvVXuL01OCiReyVWBfesjuvXmB3MoPy,0.0,67.90018198781281,55.209611692235406,71.73360070885788,59.293309067773116,72.04783916227261,60.31591279166544,54.8638319907207,56.096668655624555,72.45428754922786,77.24696398451213,72.15467359643681,68.62927073688577,59.86236565997079,68.97811406874615,69.00083244499163,76.45743652048982,73.20376746989169,67.32935030151539,69.19075943656114,74.42340791634727,70.86225212979622,69.49549527490974,56.10950360454044,74.70380279545194,69.82186365158384,63.340131757881544,70.74677844449813,77.07939752837076,63.64441281424409,72.33399774839424,67.5484831619952,71.7425162734988,72.40593612874576,71.82126516199429,72.58519132552594,72.06407524129962,72.77686503374262,75.81800167675183,74.3916424975702,70.9124660604356,71.00388958406111,73.71370777986604,70.40605514673945,72.9300101903339,79.2538017905143,73.18309253283395,67.31778870479273,71.90003229738595,70.84895373185115,64.96436750976883,69.47445017632498,78.76760976591585,75.79485747179643,70.86932811043413,73.64051545168614,74.76457752144997,68.1286458391953,66.65260718114854,71.87678357208563,74.8234645093565,74.49375546751891,74.32952305053662,71.17601872023035,72.99010085561008,74.44441759459333,70.18589509899907,76.4475024829784
1610555605.43B6oDsBtWRQ29Q9UMQuTUEPZy3FSSWXzc,67.90018198781281,0.0,76.39436129967648,62.152628902960075,65.75872770809524,71.43956907198971,64.46126123279073,72.9908009224247,68.75744211340843,66.84153528230193,69.62669960109048,64.51398469885241,56.38844032965812,69.87366268839722,59.09078709968122,62.13380705690947,69.44159993415667,57.26749738872344,69.39977527587692,66.80238489537649,68.16558582654979,61.57337557681537,71.18019465003957,75.00104810604483,70.24242670511074,69.22073280824473,68.91449000535326,63.29476699870286,69.54861486614556,66.43838871066103,68.33996822126544,69.7566178777662,61.957571701881534,64.2334750573467,65.50756583485963,67.1093615497892,66.37926125835504,64.41590021201412,64.08926362784591,70.15181400233334,63.014972348500216,62.47262454173149,68.10833486127503,62.59487059969226,61.049224955128174,65.39603026722618,68.8835409194244,68.6095750170239,66.10185389559075,65.45137014046105,60.16821761792576,70.72217867814817,72.31463438135577,67.61869587306877,67.00345573789146,72.26479077408435,70.14472089301755,63.65554360904982,62.88325301262877,68.7914365462823,67.48910835733872,66.7900422240906,65.18571316599693,63.889153870671564,66.0081400587386,65.85823751604481,64.97207837129885,69.1248766523636
1610555610.92HPGJJSmyPM40z7otPBgHalNrHFA7zk5d,55.209611692235406,76.39436129967648,0.0,79.54262330919373,69.80749949722119,79.80655118896166,66.27604253800118,54.90213976956968,67.72931335490998,80.1034585626589,84.39316675394623,79.70987524083677,77.20107689687721,68.79588887748882,77.41971226585763,77.0893421411366,83.67297849754932,81.07849975744273,75.29931714203404,77.24911550386106,81.69210890539611,78.75142263318241,77.40304641553143,53.259839967310924,82.15506764591561,78.20898895900757,72.73219555731784,78.35081243217066,83.87248913473924,70.20041827529387,80.06581542859004,75.8386377587311,79.7475861489048,80.07876126237171,79.51261950903826,80.2186027543034,79.74702006787227,79.99698258673,83.07603252759235,82.035624172483,78.34378282246215,79.0296942104519,81.1570973907104,78.12499614825197,80.5630586080782,86.1566136512017,80.17837593032225,75.64237132291066,79.40894083765272,78.73391430099949,73.29268392979354,77.38031244602048,85.26859665110523,82.93848938564558,77.81176452897053,80.7946053312475,81.44282310055308,75.60993530155721,74.95952334334714,79.74853451678028,82.20522936572476,81.68019935811355,81.56929564862384,79.08691769434598,80.3160485883695,82.06333039448482,78.18045953697509,83.66117424284302
1610555606.68LaSQbm9EHAFycEfFtEqAwYqlBsQPjIRW,71.73360070885788,62.152628902960075,79.54262330919373,0.0,69.25876679098296,71.96946545867081,68.72670372684804,76.26032743735257,72.35071710907043,71.00584482240055,65.4039047432098,67.04499083334619,66.77543777557028,73.49012159707634,64.79340945326956,62.87653865452935,70.04322309297056,68.09606461426732,70.38521857317812,67.64379320789679,68.47008993955693,66.67330005670324,72.53904343268762,78.17530907959771,73.84161679409377,71.43883743240737,70.73372883591374,62.46635301141976,69.94786073231603,69.92553168711639,70.35334924857474,73.72470223942788,69.28690984140489,66.22046831910689,64.7078208404907,64.2886744563119,66.69044626125859,65.49767330928871,69.15288390998663,70.55490873912377,60.3162677768136,65.34991608603282,64.85353403965883,60.64619307591146,65.58332278322763,69.98981433479183,71.04849657080143,70.60905877289082,69.97003339272948,68.35511356275087,59.786508108512926,70.75799704430409,76.01359507086794,71.50115404765263,67.9826003227833,73.84792472264483,71.05509263245793,64.64649494536187,62.06448487404445,71.71223420359136,68.83854382735288,71.28951799804922,69.34471352140284,69.15946528852949,68.49861702772682,71.04093453406956,66.94219751190592,69.7862895669113
1610555617.19EKxMEwDHfXiEJZc27TsGoERaD6Da4BZU,59.293309067773116,65.75872770809524,69.80749949722119,69.25876679098296,0.0,67.14585997362678,57.28162878703065,65.80142233861203,54.01230659704687,70.71849034131094,73.88012150665426,69.35104491823932,66.70994655909936,62.517929174482916,66.47224349165877,67.05727093510275,73.57338654419848,70.34231388113388,62.53379765349168,66.28089035389736,70.53050871603143,68.29733673916708,62.26521170342859,67.78238234103434,70.31584118222533,63.806401292704365,58.41258126424834,67.75209573574972,74.0715425373604,61.98442542918268,70.5014212473781,64.26893156575125,69.80528541201936,69.95158810577402,67.53565582116337,69.3225780438405,67.08502357413012,69.7761886296129,72.52270036061651,72.50882328815295,67.53090436717578,68.90280265068347,70.21028548369222,67.66663004372367,70.11416286978923,76.74539041403222,70.13394960159086,64.98544040076281,69.59372733224147,68.19322119516885,62.70488990200495,67.36499930743835,76.66321677694975,73.44354510212547,69.71002710639526,67.46025382112532,70.6437971885681,66.33849963227891,64.33239477989707,67.68665445916099,72.33208940325225,72.37673110627671,71.82818315589714,68.6460451945872,71.08132758136661,72.08348569702294,68.34110575141499,73.58750913198186
1610555722.52PJ3FD50MGhRXyUD28vluU8Z9UjLJLZn4,72.04783916227261,71.43956907198971,79.80655118896166,71.96946545867081,67.14585997362678,0.0,70.22550498586403,76.5188145521609,70.37105943190473,76.69044906402505,75.22364014788475,75.01269217657918,72.63856485517297,74.0982179553445,72.5346502270842,72.87164057276213,76.86189790118395,75.39792556939118,54.41044105482104,73.28514874488263,74.2036721798482,73.33792842678727,70.41290287015339,78.66815652734924,76.41620310023788,47.02797708756987,70.92093456714932,71.90041597574039,76.29394320899415,70.31752229089092,76.82973199272433,73.51896929116666,75.701107649147,74.6900536305503,73.41347569511106,73.5923967180987,73.91367246417306,74.88051459272985,77.33797451094526,76.30925127211515,72.9270307704176,73.91072292917048,74.44586717179615,71.03898208373211,73.82228337442474,75.84106675632708,73.37219679114115,71.33620458454939,75.8656731558952,73.52967114787809,67.37710100421896,72.26782252169244,80.9797810028545,78.06184948151314,75.89369255815718,70.49405766116124,76.31184488317025,71.82730188644237,68.73221225508858,69.82524925262624,75.10836380103015,77.12764561806416,77.89508536747562,73.653073722746,76.7934541365241,77.03583525447414,73.50544469220088,75.18548906868863
1610555617.52Ijr5puT55g9apK8auM7zaxa3NANg502t,60.31591279166544,64.46126123279073,66.27604253800118,68.72670372684804,57.28162878703065,70.22550498586403,0.0,64.07708431664135,59.808653261167564,71.14547243013962,74.24796799324722,69.31165079219737,66.28246657834856,57.00011133839706,65.41275008415637,66.79411984259343,73.78802726047975,69.86150782462782,65.9622684024771,67.61977529370692,71.4047026911995,67.4264965424789,69.17177053551868,65.88363804959532,72.19221438366263,67.46607327012262,63.74134130432499,67.43618342823335,73.87702580825919,57.29502689884845,71.09814188176625,64.93961151153698,70.2291776050124,70.38730693572444,68.91509132293574,69.38062588575117,69.35782160086524,70.40898212400985,72.57354665978164,71.99194572887822,67.49321311178993,68.06129233961315,71.45456148257419,67.34128206738487,69.6829710371891,76.61119630878797,70.91911148445587,66.42758119093124,69.82029535636634,68.0329677282698,62.88396069297668,68.29238236838914,76.05884344913497,72.6872245072229,69.33343363717822,71.42177536207359,72.55945501977212,64.60780429886951,64.94152355021025,67.32478472680747,72.17749220793338,71.55501636544359,71.7064241018206,67.91905121950111,71.19942780848038,71.59659314747091,67.45293422309592,73.67929706680127
1610555638.77ZLjTLkz4jYJdFMI2wWBztzsDILkoOtAk,54.8638319907207,72.9908009224247,54.90213976956968,76.26032743735257,65.80142233861203,76.5188145521609,64.07708431664135,0.0,64.15758435581294,77.40802189155688,80.9008449436166,76.47426814805345,73.76359069770605,59.070166803543266,73.94260388989494,73.99376047938965,79.87363111082016,78.00404914634777,72.57775966883544,73.90515212073038,78.28768230736753,74.93370895854852,74.74987458692414,37.331014474494616,79.26064146831588,74.47500985924322,69.0111674947941,74.92539247852952,80.74397806603352,68.78709492534253,77.34133323094544,71.88825616890097,76.84622246944473,76.88590981322986,76.16775327299511,77.03172130621836,76.35862789470733,77.18264600394434,80.11882290480538,78.78166050335508,75.14633137491435,75.78393925060631,77.83373588096153,74.57757769208166,77.44969231771064,83.2374188252305,77.13394835069299,72.42757175024326,76.60121875799926,75.02223707018945,69.66759107899412,73.99197734398896,81.94958546584107,79.84239680204928,75.15834412719832,78.00014970050586,78.36551791625051,72.17432073473829,71.49648654878156,76.47149408393325,78.94973769167544,78.31024759579942,78.82848287807941,75.64395973848293,77.61712627766775,78.56365825744408,74.70335612734058,80.39182496155885
1610556912.46C7tJPLF0XfNnm8f1820X9aLmXMHoc0Dw,56.096668655624555,68.75744211340843,67.72931335490998,72.35071710907043,54.01230659704687,70.37105943190473,59.808653261167564,64.15758435581294,0.0,73.5747893934114,77.04296470842574,71.44548690208774,69.56963147539798,61.65787553727409,69.3613653372476,68.9860905984272,76.23006864460582,72.7335275376904,64.66498345801575,68.70974967700458,72.94055396417933,71.02756247092714,69.36864460852367,65.8838455102934,73.97530932135291,67.39973938693763,62.77302810995825,70.43012282643392,76.850994510363,64.32453538368881,73.13368174187426,67.60913981212335,72.72086361766674,72.71219778450994,70.28926517729968,71.75623564581807,71.06873120879598,72.7916273890338,75.91389191948552,74.66777724111414,70.89060703759887,70.89565232782113,73.37285574222801,70.44542548172274,73.06997596383813,79.3539592552626,72.28164784834084,67.0255930488119,72.334607190563,70.84519231961104,64.84908129936227,69.67986105240128,78.41848422989216,75.97690540025859,71.89181980243677,71.51229348160469,73.82043787319115,67.96528321449314,66.73150056479068,70.82536473742992,74.81262534959899,74.64166238709615,73.83431901511618,70.94179317475708,73.24678117820552,74.5405997247012,70.75214954492593,76.35006642051901
1610555617.51LjzIROg0aeCP2GhDcAVQ0LipKJB9jmKc,72.45428754922786,66.84153528230193,80.1034585626589,71.00584482240055,70.71849034131094,76.69044906402505,71.14547243013962,77.40802189155688,73.5747893934114,0.0,78.24872561041381,73.53054268894252,60.38273005483581,75.21880052623801,70.56123072018232,68.52758205064403,77.46105729512071,73.89000455742311,75.54260630519086,69.41875051120527,76.02409552777165,72.28667807171996,74.32135534836837,79.09475640827677,75.29511321404159,74.83857906727124,70.60088967052815,71.64623035048326,76.58543092145995,73.29326005885429,71.64185918173571,76.85827791509382,49.75417531807449,70.41575831203039,72.41317581457236,74.5647154818886,72.75864899567284,70.03444079318554,74.07779879067981,75.71023885659636,70.67736082787795,72.93649693117834,74.15668913019978,71.00981537330324,73.33604840366948,79.80665960713455,72.38654596100066,71.74986516477219,53.114333058449404,70.76152792931882,67.09489590538715,74.58105118524311,77.55493394085013,76.35967502082342,71.64031423500221,77.50591407006276,75.98327203296621,69.99988939507689,68.96791185454188,77.03784040746876,75.956212994885,75.59274730526025,70.04695352113374,73.40715565444071,65.43092557066586,75.6004997929462,70.98816347679035,77.4790599756977
1610555608.17OpjjHobqRkX0UPcaXrbu7K6L3805SZri,77.24696398451213,69.62669960109048,84.39316675394623,65.4039047432098,73.88012150665426,75.22364014788475,74.24796799324722,80.9008449436166,77.04296470842574,78.24872561041381,0.0,73.64916040887847,72.87356341026417,78.28394362513914,69.89387185046778,72.54933886363716,55.68980716850557,71.87624928593371,75.26002614665043,74.90308924701513,71.0135587066295,70.36493315861811,77.66759670060404,82.7894820189614,77.85716343121646,72.91513219365999,76.4511538287769,70.4913746287021,74.88700300525817,76.25573643938148,77.02209647067961,79.07393910803368,76.10232177093776,74.49577469403116,72.40009980299193,70.09815770758472,73.87354193651068,73.99097418650378,76.23035633254706,75.20033123524104,70.78490066215629,67.71571837645087,71.51899030064016,69.5032337998565,69.30204994065282,69.0176349193076,75.72925273804672,75.93007728885738,77.5622644707633,73.22861142477474,69.02637594138919,77.2254791006669,80.89841874361927,75.51608299951312,75.88172469678234,78.04266780450124,73.90546084284051,73.1187243763281,70.60639965534453,76.17830526712414,71.15552470141793,74.74264712704536,77.135748549115,71.64013691769034,77.04517462365938,72.81851390691149,72.49604655223831,72.48039621258181
1610555721.82zWeNZfGUUfRJkgnAwlP8VMhPzXctnSd4,72.15467359643681,64.51398469885241,79.70987524083677,67.04499083334619,69.35104491823932,75.01269217657918,69.31165079219737,76.47426814805345,71.44548690208774,73.53054268894252,73.64916040887847,0.0,68.2845910206624,73.71616861250115,65.53993693224604,64.92318543683643,73.69466260155993,68.21871566329916,73.14551328312685,67.40583107139283,54.56756555679451,64.95091186619192,75.04807145416494,78.2154627734096,73.86893648299633,72.70892827146349,71.83846155620148,59.06705259703404,71.46224163928937,71.76016291568408,73.82528952944996,75.02494489682816,71.31298222116725,69.67377006985436,64.5623565864662,64.3440404117618,68.14266172430597,70.37035505970033,72.33440125045064,73.06914772444838,64.42451268426515,64.44845100514061,69.38186102124821,61.22985122334469,69.56831452967104,76.55130569024881,71.09228287629473,70.82129547352844,72.44998599540726,68.31896900111919,57.973707744801104,73.4428278222532,77.77838721596251,72.9226843743246,70.32772803634849,75.76106130698771,73.44568539437921,63.16270710121823,63.14090347572339,71.99172564715398,71.7683978716279,72.36819192414393,69.99403908817766,69.98847591743348,70.47892210328736,71.20378527060262,66.50816043101779,73.1770207312952
1610555735.75bom85BDF0C7W2eIseHeMxi24qR68nzMi,68.62927073688577,56.38844032965812,77.20107689687721,66.77543777557028,66.70994655909936,72.63856485517297,66.28246657834856,73.76359069770605,69.56963147539798,60.38273005483581,72.87356341026417,68.2845910206624,0.0,70.48186120870176,63.035704122572156,65.16961562668399,71.81072844650623,67.50094646717957,71.38891685269425,66.81902486190518,70.7523560318521,65.53613408881779,72.26616928032882,75.8378891189392,72.69377108271256,70.27445352393504,68.9332267324117,66.25784067185619,71.9526576563185,68.89405207253667,68.37220450459353,72.64576166105262,45.09643348700084,65.72931298373466,68.00032088677972,70.09978800222477,68.0062131228195,66.42365320723718,69.8418363003525,69.80909812866444,66.12193753245953,66.64150106485641,69.23996627837238,65.3866142007961,67.61450096623885,74.1791383061383,68.77147135976921,68.83048635141024,64.4814129208246,66.3828356512531,61.962953147504024,71.55003287257759,72.45870203059623,70.42581936721123,68.09123078528238,74.2527607360078,72.43438217078136,65.54256943822367,63.904220268926586,72.25299503323589,70.29910330794091,69.28063143211952,67.03994749691992,67.2783407659796,66.82379769631123,69.12666047788298,66.1848871619269,72.16103593850161
1610555735.77NnT5xqKnwcf2BbjIekeb2arTQj6QMNwk,59.86236565997079,69.87366268839722,68.79588887748882,73.49012159707634,62.517929174482916,74.0982179553445,57.00011133839706,59.070166803543266,61.65787553727409,75.21880052623801,78.28394362513914,73.71616861250115,70.48186120870176,0.0,70.39668054008843,71.42590491187951,76.9252689328496,74.82441535839502,70.29214034293149,71.1951832956758,75.28441807574475,71.5577028705199,72.852661541899,62.11390657421935,76.89141253045989,71.2596245960798,67.2021068216547,71.89614399045385,78.59651747677191,65.14077425840927,75.00311858660143,69.87214370669071,74.26491006120028,74.68752679236323,73.37519938086403,74.48563206633123,73.6257222448723,74.88355361145915,77.74292072069721,76.18541069953818,72.74855601018068,72.17211090185658,75.55814621992968,72.22267793688906,74.67692879669241,80.67076540770178,74.46547648217448,69.95579785674127,74.20884988640567,72.09355502107547,66.79515417764019,71.89359159497967,79.52709124216037,76.97712903787809,73.13448206247914,75.63755495741928,76.18989733737878,68.98470568281778,68.54627500618484,73.47538919439614,75.66618104489773,75.3060868455724,76.31459324916051,71.69208580508182,75.56858399977993,75.21909534846857,72.18972008710402,77.36686516707105
1610555638.33wjf1PhdNaoWfbRzXVn50hmFyB5bYAiLV,68.97811406874615,59.09078709968122,77.41971226585763,64.79340945326956,66.47224349165877,72.5346502270842,65.41275008415637,73.94260388989494,69.3613653372476,70.56123072018232,69.89387185046778,65.53993693224604,63.035704122572156,70.39668054008843,0.0,64.82108076628678,69.97673285672369,64.55011344884036,69.99953026345989,68.12919262830341,68.24725384380244,58.016521364237704,72.64630301923975,75.93750665857202,71.73763866200339,69.76287918002465,68.51598732645466,64.70195510001818,70.04095944838701,68.1400450129216,68.42610326794778,71.39148407991838,67.6183346190296,68.21710996461138,65.665547781897,65.38735841972172,66.42673020350317,68.1884059815213,70.22564243308616,67.78908853465892,62.112073195697924,60.1055279204427,65.2892639984051,64.34281538333632,63.20785121808324,71.87979549486563,68.27592217899819,68.14782107047533,70.01169219915289,64.1595329905543,61.401746466844415,70.15471522448718,74.06134136508027,66.56475618237033,68.43365710049642,73.60064695300984,70.43086928351141,65.80070504258649,63.945517285318836,69.45167986971953,67.12564326551494,65.34370989299794,69.89478467049312,62.51695638618565,70.26758763752656,62.34775299514977,63.876903437323975,70.35837907684285
1610555606.65jCE4ig8Pu8kvAzkxnSGfWsV0nQBjCf8H,69.00083244499163,62.13380705690947,77.0893421411366,62.87653865452935,67.05727093510275,72.87164057276213,66.79411984259343,73.99376047938965,68.9860905984272,68.52758205064403,72.54933886363716,64.92318543683643,65.16961562668399,71.42590491187951,64.82108076628678,0.0,73.24032029034286,69.89748490574227,71.11321275465012,61.137057071321316,68.27938874064532,68.14126680831458,71.37260965278527,75.67785857180739,72.35986147047193,71.47008165533944,66.83083425241608,63.57438025593341,70.48548484337728,67.5154094671027,63.84857307390024,72.36095869295636,66.66551894822989,61.06618091248927,59.81457048945984,62.96118883050446,63.00045923425317,58.31364317176382,71.5465936941949,70.26922297212752,60.986915291721395,66.61142205371603,68.24124428801267,63.78777131591367,67.26014216810285,75.40377520791266,67.42206336731023,67.11816468663064,65.33939051757949,65.85460179130894,54.35089734213674,69.19751578263234,73.87898157763964,72.18174346039582,60.08732008908951,73.34249525208725,72.53554676093228,58.45279224401707,58.418821069828056,72.52106628245555,71.15018838096816,71.44966843881325,58.96782480550206,69.22536664200751,61.58086190135238,71.45891068328255,65.71083775989815,72.28138959727849
1610555608.18ONsBCVo1i7BrX0XG9stct4oiA6ejX9Oz,76.45743652048982,69.44159993415667,83.67297849754932,70.04322309297056,73.57338654419848,76.86189790118395,73.78802726047975,79.87363111082016,76.23006864460582,77.46105729512071,55.68980716850557,73.69466260155993,71.81072844650623,76.9252689328496,69.97673285672369,73.24032029034286,0.0,72.37795930846285,76.3280642331256,74.57100394692968,72.00437330986385,70.14708022416295,78.12768901654168,81.77520705848623,78.17021900003641,72.92494560514972,75.46979173146592,71.27361640185325,76.02367208532482,75.94647646401285,77.07685100079209,78.71011109139616,75.41753351027586,74.30313623643498,73.55574312236689,71.4287449851795,74.52246117217946,74.3280636948354,76.54103579544946,75.99752047893281,72.18117305517751,68.11512138609078,73.36235015661822,70.63827897704222,70.07904033013568,72.85735554952403,75.71195110006308,75.31550184752773,76.57266509534135,72.32652522262913,69.38131260532961,77.58399075893446,80.48996438745732,75.63574459776238,75.67162176619655,78.90814603826186,75.15023647717774,73.04725626789266,70.93098192974422,77.16226949023866,72.19599862234053,74.01017383086227,76.32415822666187,70.22983696598143,76.33289105469147,72.09511314668484,72.2400089071434,74.16348541623432
1610555721.51RNoQUMP19FTMS79BmA3JkgSm2IC2AQuQ,73.20376746989169,57.26749738872344,81.07849975744273,68.09606461426732,70.34231388113388,75.39792556939118,69.86150782462782,78.00404914634777,72.7335275376904,73.89000455742311,71.87624928593371,68.21871566329916,67.50094646717957,74.82441535839502,64.55011344884036,69.89748490574227,72.37795930846285,0.0,73.58357454833799,72.5629064792236,71.41106597852531,65.77910089508009,75.81105636684968,79.82035008475872,75.74852236861216,72.72543210617701,73.52547612269329,68.15989725656864,73.86315982021131,72.67596398781349,74.0897400698082,75.81318641725133,71.22320810473472,71.52946958061055,70.53628578317723,70.55557685105477,72.06198519902868,71.01494638129896,72.19931666884872,74.71298879617883,68.82601246532649,65.1863038936062,72.71703004016294,67.886623202339,64.14590326800753,66.2751817969843,73.20452512530197,72.93065156303228,73.10543144180107,69.9702009880255,66.6751682190287,75.08521518505133,77.58299688551797,71.02836233663666,73.43419189275573,76.51261676216822,73.34702152915399,70.06994000529025,68.3942208064583,73.86945632225166,69.91239002412343,70.94932025898981,73.35569043622645,67.5965157060849,73.48235289075802,69.40297995026816,69.60414329102133,71.98323170517024
1610555971.86O0cHB2ibBJ8jxoObg01EpGe8VVV5mpwn,67.32935030151539,69.39977527587692,75.29931714203404,70.38521857317812,62.53379765349168,54.41044105482104,65.9622684024771,72.57775966883544,64.66498345801575,75.54260630519086,75.26002614665043,73.14551328312685,71.38891685269425,70.29214034293149,69.99953026345989,71.11321275465012,76.3280642331256,73.58357454833799,0.0,72.11613566582984,73.43758591470865,71.10283839719241,69.94701936844552,74.38209554046743,74.10519201527696,60.877292526772344,67.80951428596829,69.97254131387074,75.83614343843605,66.12657520856501,75.5867755237782,69.18963134999761,74.64993161338955,73.62810883087283,71.56100171166395,71.39564480992884,72.48780238362839,73.87258944683954,75.70011546400336,73.86055637989683,70.79021131068843,72.0198704657213,72.51567522776232,69.41751346115997,72.38751813583666,76.87973696719028,73.27915407959347,68.94268889324647,74.63395217220057,71.62817619655159,65.93211001828675,68.89422168154178,79.91263589793434,76.50187922875976,74.64572909074549,70.53907968469859,73.65058188240305,70.73497459495577,67.26556085656405,66.2915965969669,73.77210514506042,75.43701371977251,76.34586178741333,71.9251086937619,74.82184835506347,75.22426598329302,70.7210061487254,74.62763980779654
1610556911.51zU3duZSGpcw1BDNsBLxdOCITAXwl6z3i,69.19075943656114,66.80238489537649,77.24911550386106,67.64379320789679,66.28089035389736,73.28514874488263,67.61977529370692,73.90515212073038,68.70974967700458,69.41875051120527,74.90308924701513,67.40583107139283,66.81902486190518,71.1951832956758,68.12919262830341,61.137057071321316,74.57100394692968,72.5629064792236,72.11613566582984,0.0,69.6783559426412,70.07473304330338,72.1141320464857,75.69034690824274,74.426623114858,71.26214152061,65.55751025338542,66.68833967381467,73.8015265182862,70.00956390312302,69.26046824263359,74.33051535212196,67.94041978010495,66.51852010016228,65.17430158628845,67.6548488523216,65.93302125548253,65.91714255240026,74.28993478191911,74.1564577376971,66.3220404862156,69.22600004140955,70.76953091876149,66.10917818799906,70.61092168715969,78.56522716468197,69.02065133811881,67.98033985089336,68.39772748190175,68.5080029117529,59.47649065231474,71.8737642209202,77.41869557465057,74.39675490421696,66.10628489214565,74.62529869521607,74.06219744430535,62.28640074754219,62.10174821543575,74.17336138187703,73.71432191317277,73.29156409789896,67.28812446508917,70.49505087646322,66.86996986766546,73.09769992837303,68.17383486020721,75.11778374232775
1610555988.71dMoYT8250UHHJGxgmITTmbHe7V6gH1yU,74.42340791634727,68.16558582654979,81.69210890539611,68.47008993955693,70.53050871603143,74.2036721798482,71.4047026911995,78.28768230736753,72.94055396417933,76.02409552777165,71.0135587066295,54.56756555679451,70.7523560318521,75.28441807574475,68.24725384380244,68.27938874064532,72.00437330986385,71.41106597852531,73.43758591470865,69.6783559426412,0.0,67.16448202769979,76.28654915237179,80.00865807244529,75.38639214465745,72.0434326176412,74.20699190887346,59.8769165133647,72.1429578438385,73.77203794567912,75.49937393740356,77.4379770559924,74.00187973126629,71.6157730293376,64.19500591982437,64.7781796565269,68.19689939744144,72.20729903269431,75.0602633839533,74.21016637660823,66.07567853542822,65.82184265482591,69.61662812659289,63.83299003600357,69.7905011800067,75.40677124051795,71.66666794897519,72.81510552505272,75.24176309781471,70.7012503831221,61.13766552080952,74.75696062853204,79.37807720960386,74.36503284379037,72.87470674785376,76.8835164699885,73.57446553689229,65.64252026755285,64.2103606756993,72.54144697551435,71.92683868996043,73.80769992821084,74.28889126911415,71.17418080148062,74.47051145749435,72.42881199283775,69.9869709896472,72.441444207527
1610556042.81mlUZsSp7gbGjrp8jQSnybT1gPy6e62o1,70.86225212979622,61.57337557681537,78.75142263318241,66.67330005670324,68.29733673916708,73.33792842678727,67.4264965424789,74.93370895854852,71.02756247092714,72.28667807171996,70.36493315861811,64.95091186619192,65.53613408881779,71.5577028705199,58.016521364237704,68.14126680831458,70.14708022416295,65.77910089508009,71.10283839719241,70.07473304330338,67.16448202769979,0.0,73.84540824062158,76.99980340544427,73.72675900880499,70.56144298219559,71.63052426149618,63.502524527622214,71.84730188811157,69.32737116485873,72.73419526894271,72.91131758513639,69.45939812060443,69.6809464920185,68.08203642908099,67.17031984333258,69.64408805612936,70.04284333065534,71.61948253044635,70.46558631221849,66.49573814529033,57.90130342144364,68.8808565046022,64.97908063240362,65.56006707620847,71.89571792437111,70.10402653783055,70.44199346119527,71.92433798892894,65.37050391538578,62.61483661845614,72.74936912822743,74.70478052718133,64.56236069502195,71.8938340289384,75.16117181809446,70.95423630655367,66.53012549095942,65.08567366845053,69.96701715833808,64.45932626482033,60.28979870916698,72.18951629069801,61.666682417410165,71.64724046291515,57.03312123262295,65.77928746649344,67.93757252267942
1610555637.02UBW5nKvDyUrKnaWcYRGajZPxTRDS0q3N,69.49549527490974,71.18019465003957,77.40304641553143,72.53904343268762,62.26521170342859,70.41290287015339,69.17177053551868,74.74987458692414,69.36864460852367,74.32135534836837,77.66759670060404,75.04807145416494,72.26616928032882,72.852661541899,72.64630301923975,71.37260965278527,78.12768901654168,75.81105636684968,69.94701936844552,72.1141320464857,76.28654915237179,73.84540824062158,0.0,76.41607753748524,74.22778728988227,69.77598583049523,65.52774597397166,72.53326949878485,77.51578034375753,66.29205120996176,73.12942673968647,67.22689879842933,74.44428962720447,71.70284847625024,73.45052896905366,74.21794673652293,73.99315269475319,69.7162634451877,76.60356955692701,76.9831429894285,71.62299864142055,74.2658391473962,74.4703392278184,72.06291830641207,73.15912865262617,79.55612308504578,74.0522693921981,71.25464948733304,72.44480392639183,72.92371489252903,67.80110433428769,71.9301382048556,81.37910124712808,78.34648114834584,73.8780405566117,64.25249740015467,73.38716256129717,71.63709536952847,69.27694795383957,70.65013818260265,76.3518233525777,77.61292797380389,75.6644343451645,74.15992057446606,74.13705279251764,77.32585606993925,73.11184099835803,77.01496968667746
1610555619.13oUYNikU4facCTpUSiSLr0vPI0tJLnXiT,56.10950360454044,75.00104810604483,53.259839967310924,78.17530907959771,67.78238234103434,78.66815652734924,65.88363804959532,37.331014474494616,65.8838455102934,79.09475640827677,82.7894820189614,78.2154627734096,75.8378891189392,62.11390657421935,75.93750665857202,75.67785857180739,81.77520705848623,79.82035008475872,74.38209554046743,75.69034690824274,80.00865807244529,76.99980340544427,76.41607753748524,0.0,81.1857201664726,76.72223902396247,70.81754382343323,76.78747857477046,82.5162643614206,70.63227107272661,78.96245685895975,73.62422243719506,78.6452066814923,78.78872217442006,78.0571501113844,78.83462571542941,78.27239815776687,78.96225698469459,82.03556716563912,80.64589223544462,76.94689667778445,77.67612622211762,79.77055037005289,76.73970698155894,79.38332366858918,84.96091255058342,78.86601928505175,74.51764239746393,78.31176953328365,77.16736359101142,71.69585489377727,75.97446989453543,83.75838425527704,81.68182860548642,76.9290273505332,79.83318327992751,80.35181571238788,74.09366017382389,73.43326142077431,78.52194848287628,81.0929571780858,80.31318751779686,80.4828506141669,77.78456085086675,79.33153827404196,80.57144954330715,76.68980366007654,82.52336309966044
1610555721.03nzkucfjAUh31zTbmCVvTVYqtjoxZFnBh,74.70380279545194,70.24242670511074,82.15506764591561,73.84161679409377,70.31584118222533,76.41620310023788,72.19221438366263,79.26064146831588,73.97530932135291,75.29511321404159,77.85716343121646,73.86893648299633,72.69377108271256,76.89141253045989,71.73763866200339,72.35986147047193,78.17021900003641,75.74852236861216,74.10519201527696,74.426623114858,75.38639214465745,73.72675900880499,74.22778728988227,81.1857201664726,0.0,74.73462924034685,74.08233309437941,72.42799044425804,76.65873198730691,73.63096052143624,76.96271737356845,75.69673067675379,74.91104287209262,74.63511790496538,74.36794629775059,74.24623075685544,74.49318816458445,73.9705783360701,64.60232012250145,76.23993684824421,73.26319238391402,74.15990916896314,74.63098745909183,72.01168342967692,73.59495510218699,79.61570201237045,75.09339474533174,70.6969450499485,73.51934158316789,73.01628443171596,69.20141294535237,74.89453008638347,81.56448328176397,78.87720665496023,75.69080865467278,72.5407006567437,70.67843453174318,73.20345779330908,70.74534196914931,70.6239694046025,76.07774266061338,78.2353012666612,76.02201340186882,73.94996973724227,74.05778874018056,77.69399113608948,72.30108328743275,77.45599452826679
1610555722.67fhKURdXVzRbLIjXmjRwdJHTnE7PWb1AE,69.82186365158384,69.22073280824473,78.20898895900757,71.43883743240737,63.806401292704365,47.02797708756987,67.46607327012262,74.47500985924322,67.39973938693763,74.83857906727124,72.91513219365999,72.70892827146349,70.27445352393504,71.2596245960798,69.76287918002465,71.47008165533944,72.92494560514972,72.72543210617701,60.877292526772344,71.26214152061,72.0434326176412,70.56144298219559,69.77598583049523,76.72223902396247,74.73462924034685,0.0,68.97311584725702,70.46487989481754,75.18079548935444,68.997269529695,75.16201215215405,72.04953674655361,73.6490503634792,73.14148859847039,71.25054148869943,71.8170273474512,71.83480271713184,73.4577102930935,75.72075389210373,74.51148127390368,71.52258838005997,71.15343992285695,72.90146415806454,69.88188208983824,71.35475203808925,75.20295461233778,71.40866420994911,69.14644235884215,74.31385064176172,70.78722821542775,66.11581770467217,71.81205927280368,78.86615584422655,75.7745652867954,74.49741674938734,70.15673264698414,73.799468404344,70.35843363390977,67.64452501869901,68.94952331247103,73.25991656258033,74.65551788821612,76.01365333209965,70.67928021087909,75.03836190603305,74.26816382528861,70.91306498832809,73.6153165787518
1610555638.39J2ZWBLuLTHP0jOlzB4tNHmYeijH5g5YJ,63.340131757881544,68.91449000535326,72.73219555731784,70.73372883591374,58.41258126424834,70.92093456714932,63.74134130432499,69.0111674947941,62.77302810995825,70.60088967052815,76.4511538287769,71.83846155620148,68.9332267324117,67.2021068216547,68.51598732645466,66.83083425241608,75.46979173146592,73.52547612269329,67.80951428596829,65.55751025338542,74.20699190887346,71.63052426149618,65.52774597397166,70.81754382343323,74.08233309437941,68.97311584725702,0.0,70.61200264475191,76.4701162672501,65.68159289138339,68.98741186478934,68.68455156360778,70.5573135504041,70.42362527302402,70.77681513026246,71.95854464937406,70.36587216368362,70.64930921962491,75.66563228919276,74.33101332329173,68.83776268338966,71.44903121316122,72.37867145645872,70.58471755192286,72.85029759181167,79.99941064383572,70.18815614820065,66.27017159722993,67.73312605007459,67.43641472074914,64.85543663986799,66.83080605749,78.29366292219584,76.1514516614275,69.70709008352657,71.26283394997414,75.40238954803777,68.57511045826547,66.40854835156874,71.85359454311609,75.02249376782277,74.95034426657651,70.2569329371942,71.08302357667844,68.04641295966259,74.79940275008235,68.3251878818551,77.06358585849355
1610556032.17Q6yCDx9g7alRnL9jBFXD2JhhUyB2hKfJ,70.74677844449813,63.29476699870286,78.35081243217066,62.46635301141976,67.75209573574972,71.90041597574039,67.43618342823335,74.92539247852952,70.43012282643392,71.64623035048326,70.4913746287021,59.06705259703404,66.25784067185619,71.89614399045385,64.70195510001818,63.57438025593341,71.27361640185325,68.15989725656864,69.97254131387074,66.68833967381467,59.8769165133647,63.502524527622214,72.53326949878485,76.78747857477046,72.42799044425804,70.46487989481754,70.61200264475191,0.0,69.0190630073337,69.59872740222949,71.89884051314432,72.95247376739955,69.36528197443225,65.97868298589995,64.72310833641473,62.981327656440016,67.11243327183895,67.01260634146207,71.55805728185564,70.55848914239576,62.20575318662762,60.549641894432725,66.74659311083126,57.993478069013335,67.76929134059067,72.92704474344053,68.59305223731343,69.15427684709765,70.68178293425274,67.32658650061397,55.30513150458098,71.45507637583118,74.42119576641342,70.64797705252192,69.0120385856975,73.60010246354254,71.4615365874368,61.38345692293099,57.73406362843489,70.3285404252324,67.48665852347608,69.72460751779525,69.43667807166916,66.98597608513106,69.2021287274316,68.38866683024588,65.79058718389963,68.21235580814175
1610557007.49MyVgDnuUuBxrvL6SGOdhKf69VYlW1MSm,77.07939752837076,69.54861486614556,83.87248913473924,69.94786073231603,74.0715425373604,76.29394320899415,73.87702580825919,80.74397806603352,76.850994510363,76.58543092145995,74.88700300525817,71.46224163928937,71.9526576563185,78.59651747677191,70.04095944838701,70.48548484337728,76.02367208532482,73.86315982021131,75.83614343843605,73.8015265182862,72.1429578438385,71.84730188811157,77.51578034375753,82.5162643614206,76.65873198730691,75.18079548935444,76.4701162672501,69.0190630073337,0.0,76.02388560568562,76.32389429782869,79.61009282958562,74.65723667256061,72.56142687476088,70.96000906087424,68.96645495112342,72.30639849946563,70.71452197526655,74.04494679882241,76.52227056710288,67.28118621472761,71.3217693930633,72.91679921710616,67.17810418910389,69.60736402445747,77.19422286194867,75.54612685558007,74.64799475382556,76.06630864406164,72.62492664790264,67.12289118876124,77.45855328148387,81.06220644419398,75.82805669535499,74.92716843690022,78.31130855376007,76.53772990183252,71.12243221893841,69.5164371212155,75.46125474981979,74.76794001094346,75.71923224747216,75.02549431962348,74.54450985302306,74.74697601371427,74.66785039553191,71.6912074707735,75.19184959124387
