,1610555604.25mOvVXuL01OCiReyVWBfesjuvXmB3MoPy,1610555605.43B6oDsBtWRQ29Q9UMQuTUEPZy3FSSWXzc,1610555610.92HPGJJSmyPM40z7otPBgHalNrHFA7zk5d,1610555606.68LaSQbm9EHAFycEfFtEqAwYqlBsQPjIRW,1610555617.19EKxMEwDHfXiEJZc27TsGoERaD6Da4BZU,1610555722.52PJ3FD50MGhRXyUD28vluU8Z9UjLJLZn4,1610555617.52Ijr5puT55g9apK8auM7zaxa3NANg502t,1610555638.77ZLjTLkz4jYJdFMI2wWBztzsDILkoOtAk,1610556912.46C7tJPLF0XfNnm8f1820X9aLmXMHoc0Dw,1610555617.51LjzIROg0aeCP2GhDcAVQ0LipKJB9jmKc,1610555608.17OpjjHobqRkX0UPcaXrbu7K6L3805SZri,1610555721.82zWeNZfGUUfRJkgnAwlP8VMhPzXctnSd4,1610555735.75bom85BDF0C7W2eIseHeMxi24qR68nzMi,1610555735.77NnT5xqKnwcf2BbjIekeb2arTQj6QMNwk,1610555638.33wjf1PhdNaoWfbRzXVn50hmFyB5bYAiLV,1610555606.65jCE4ig8Pu8kvAzkxnSGfWsV0nQBjCf8H,1610555608.18ONsBCVo1i7BrX0XG9stct4oiA6ejX9Oz,1610555721.51RNoQUMP19FTMS79BmA3JkgSm2IC2AQuQ,1610555971.86O0cHB2ibBJ8jxoObg01EpGe8VVV5mpwn,1610556911.51zU3duZSGpcw1BDNsBLxdOCITAXwl6z3i,1610555988.71dMoYT8250UHHJGxgmITTmbHe7V6gH1yU,1610556042.81mlUZsSp7gbGjrp8jQSnybT1gPy6e62o1,1610555637.02UBW5nKvDyUrKnaWcYRGajZPxTRDS0q3N,1610555619.13oUYNikU4facCTpUSiSLr0vPI0tJLnXiT,1610555721.03nzkucfjAUh31zTbmCVvTVYqtjoxZFnBh,1610555722.67fhKURdXVzRbLIjXmjRwdJHTnE7PWb1AE,1610555638.39J2ZWBLuLTHP0jOlzB4tNHmYeijH5g5YJ,1610556032.17Q6yCDx9g7alRnL9jBFXD2JhhUyB2hKfJ,1610557007.49MyVgDnuUuBxrvL6SGOdhKf69VYlW1MSm,1610555638.44hjT5hbYdKoE3MB6hijrjqbjmLgvCUYKD,1610555608.13zUvmFSCRt6SsLbhqFznMEvGx54GPGQzM,1610556038.62a5C4ynd1AARyAhTv8a58NCqHvXRjscqH,1610555644.45Xse8u7pusHNsd7F3d0A32HXvXr6weOJE,1610556038.62gKXOCG7XCn55eJvyl5voNjbwOW0znQDq,1610555987.13v0oleKK97pkesp6oMgprH8SoSdoDVdIO,1610556964.96ZLLeiQW0qpmxhPGTg7K03fmzkqsC2bjC,1610555987.13VQlEedQ50VvkPMEMzZDv3KNnQCewykN9,1610555982.186TY6MMGkDecIN1woW6vsfAMXVV7jnyjO,1610555982.673LuMndkwkvdmZOn0MmE2Pkidx0FtNalb,1610555733.38zItcuH7gHNfKdALR2d9Nek6bxCyw36Vm,1610556034.15BQxSbZINGCay0yp6RBVlgcPrw76Yn9ON,1610555639.37BPZpgtGml8qUsh9AdV4m32jPLfI2aNFq,1610556965.57S0adAalhWYe6K3bkZU0bRHbqnDK8gGkR,1610555983.54zteLPCMjyrjzPdhHhlZr3faCgD0TfYr3,1610555987.79rHnNRmt9a0ufmnwCvZqBouyUoZDNpylW,1610556960.041xWER61rmArlsKfiMl4frikWmUCnQ7op,1610556035.13a7NHZDutfTMJ88qle1gTYY59Dr4WmMsj,1610556890.456ZBDaY16bMtrTZTqAgHl3wq1tRxzqDow,1610555760.24e6890pkbyZ97Or6croI1rQgjkSsR0yVt,1610556043.02YpWMIJg3W004iqlPyv8OcVAZdSC5rNYw,1610555987.03z05P26TLtONYM1HSzupoc2CeNMa6HTqr,1610556032.15OYCzUxpsz7b10AXBAuDXrvEcvxFhf0M7,1610556032.63Z80yI9pNwS3jSmsDABbuhf8wkNa2Ze9y,1610555736.28eGuESasTXdR3SqY6pHhEXWZtcdciYLCO,1610556034.61bebeZA0MkaFG2sm3VKiqrxeqQginTTW0,1610556944.5XwXOphKYT3ZkWA8gViqOS97VHVuMVUqb,1610556944.745UVLFBzf7fPh4UH37I6tYQOFPqRDytEh,1610556034.63XsUwaFaPZevO1JNFjfhvY4aKNFnV4noV,1610556964.89xwBHw9faT1HjQRMNQEyA4qJ3hWkwgj3k,1610556966.74DydzH91jtyvRyYau47JpVkZoMRSNTt01,1610555740.77UueVziDbaXyRR4OcVJIIZyzOfAzN51bj,1610556046.84e3vwjyRCzqz0wJQhrk8zsxlFfFSv98Df,1610556137.99eoPuVrDThKAOvmeprLPb2FWRqIhzUodc,1610555740.73XFwSrmTXJPlaxGZSefh0jOVA8PI3III1,1610556123.88AOfNaz9jSnqU5Czc7okOv1RCrYfKFBTo,1610556046.85nB7NvyoYQeLcOV391Lmmut1wAM8CFGLw,1610556123.89H4pdIAzDthI7bMXMhlIhKUYIQIvtmPPQ,1610555740.87GOYQUJKpkynIS2lFqppYK4b32ol7NeGh
1610555604.25mOvVXuL01OCiReyVWBfesjuvXmB3MoPy,0.0,77.87740049016287,22.325469174956257,72.82453010619426,61.85062977368649,63.67703027520098,59.333176050355235,24.414553395596972,56.38694523604941,60.52511490002075,92.72156308006616,73.85231591249838,74.19355863270928,55.18093556169468,83.66213869169025,64.40136946135512,98.453860568652,85.70713974144395,68.49684121245164,61.01229202244403,82.11278450755631,93.57764823424586,61.04723312462012,25.046018110078816,69.23009230117357,71.82091029764563,53.36039480419142,77.97463872693422,76.96060420523371,59.43058003952794,64.16454102508041,66.34013203576262,69.8996201250015,71.47680529489429,71.50672673252413,75.82750248408324,67.58957460208725,68.8118013423934,76.02506431099907,77.30364819418058,69.03984435831299,92.87480459748929,76.92338720203992,66.82479970178488,85.0824235195128,88.79147217529824,68.7404472989703,66.89262823772795,60.19188614992801,75.61339104174607,61.99081465032235,63.39016942120299,78.54156014542409,91.76397457757909,55.866817554026554,67.10368619095645,77.36367623935197,63.71736122168567,60.89715887294899,71.67177743792422,92.16316979482049,99.62313433987107,64.83923885863418,94.06019333125062,62.36347436442773,99.86582555574302,73.89276124993395,89.17480711683973
1610555605.43B6oDsBtWRQ29Q9UMQuTUEPZy3FSSWXzc,77.87740049016287,0.0,76.30344523624369,81.42330799804053,80.82404235663421,80.7920726721388,78.86392832977421,77.18243854621298,79.21163886452551,76.37750102652956,94.41513167302713,87.0226638413825,81.56439430506684,79.39657597145487,96.35469695739965,83.56058749786267,98.1783457105268,44.19268430482585,83.45102829792273,77.89878770299082,92.90980153752403,96.19490077583552,77.67785026276746,76.8319680933308,82.39674779551609,88.65841691649302,77.36674091905782,87.54014984550163,87.21631528372295,75.47565861693325,84.70175634523133,81.05253292401868,79.81457927101276,83.12862055965824,86.74203210755762,91.85475739066507,86.43080113586433,80.84047771951141,82.59116718788239,97.13008204888241,83.1179172671549,98.3286219735194,93.77752453242204,86.04516801400462,68.62801921539965,49.42690485437558,87.86624192771234,86.9307993983789,74.83394050672906,93.14498130978001,81.08040457614848,84.57892011990934,94.49319398658275,101.2836159490982,77.56629767686705,82.24475644150398,86.79869509970668,79.4056767589577,79.85826422237264,83.3670306520475,99.08330377830968,104.11801704913911,79.19689826572275,99.73775637907058,79.8320655032287,104.0763070391726,91.79168497242142,98.26138248011203
1610555610.92HPGJJSmyPM40z7otPBgHalNrHFA7zk5d,22.325469174956257,76.30344523624369,0.0,71.12120301160549,59.83906238892355,62.04477212667336,57.21943346866953,29.321989002186502,54.83000684635188,58.486266326825465,91.37569935602187,74.9783466134338,72.53531554585845,53.256171118175665,82.66024566821565,62.48280133421137,97.1800238238411,86.45474980550244,66.46294025721011,58.37671022209608,80.67883743493098,93.45063134655175,59.02565957452773,32.20851889528531,67.22386138103766,70.26330515622044,51.018694263165074,76.43252982281247,75.35926167029434,57.35400522092208,62.235030661709715,64.48473198578195,68.1384819534218,69.74811626415136,69.99045975847096,74.1243594013009,65.82465856073404,67.0197399955737,74.4058600302585,78.0634482405174,67.18535460174307,91.54322465362243,75.51410522863104,70.98052140100177,83.09160723137515,87.26591264060154,67.31585142915229,65.63254584419155,58.14530222457891,73.92000715460854,63.554364686518674,61.82241564720386,76.96181279831293,90.40402262502843,53.65697424228646,65.24556813675792,75.90875871549865,61.79202253204986,60.61772179218829,70.18266377439583,91.08916806694602,98.34014872312024,62.93645941924913,92.67420655295051,60.37527436478489,98.82942563228673,72.14025997024272,88.0761704880996
1610555606.68LaSQbm9EHAFycEfFtEqAwYqlBsQPjIRW,72.82453010619426,81.42330799804053,71.12120301160549,0.0,78.19417212385046,78.35485991840072,76.8975514713468,72.00852604660199,73.20092861060601,75.80185540159827,92.81006431326023,82.13462158969608,85.4868490325544,75.96785938666815,94.30496638646103,78.57845306567343,99.1951914096762,89.56500399733396,80.57455107869009,74.31509687282514,88.30919618224704,97.92610303318808,77.02853552087086,71.5549133101209,83.80685195062851,84.94695342734855,69.58542393544336,84.29959351089708,86.56695340367249,75.92336575126203,77.28199108917977,81.52385947187902,81.36639519991775,82.45775802108572,81.7109280530303,86.98489735484758,81.00307443544395,80.26361674429712,85.46594881550985,92.15139396518116,78.65990135933903,94.08434762278685,89.21775592016992,80.3006933072177,88.45746340462675,92.02497929166537,83.59044829822514,81.67144204619632,74.2425506892918,86.47739222491143,75.07942577182284,78.98039669778318,90.59308265010539,99.16163028517745,71.4890836358654,82.18004383274345,89.94356513624636,73.8841337813375,75.08948826095174,85.33342877619914,95.24974590211272,105.15817341976343,76.84119301347458,103.02257849294905,74.53189088755646,107.76119653362906,84.99714343909208,94.90852133558431
1610555617.19EKxMEwDHfXiEJZc27TsGoERaD6Da4BZU,61.85062977368649,80.82404235663421,59.83906238892355,78.19417212385046,0.0,70.52734518891418,57.73689304639427,61.11409773620777,65.4357676658026,65.47685175623641,93.90454910149624,81.77018715072514,78.27890738135186,63.987466541098975,86.76348003681254,69.05909069343966,98.31206177189574,89.93620293924128,72.18740420274557,68.09692358097047,85.91819626411932,94.81496472683632,62.83470541432825,60.71740561794076,71.82966851377387,76.16289244497533,58.74673908326585,82.36574654586515,82.28040450940192,60.46191855315147,70.04896641308387,67.36137657313758,74.23299571163317,76.95801090462227,77.17915476307088,81.31824995087806,73.76439859230821,74.57938953755138,78.97152821026629,84.991896349811,74.97172632184571,98.0164608737264,80.54238887295134,81.3641849053048,87.5888137626698,91.53965018922631,74.58286971425645,73.47387889812325,64.49428329553226,78.93275190778616,71.92867628587437,67.77204974924047,83.67585086395398,95.23094040911108,62.07667662624879,69.17688526390066,76.51656494101096,70.45917565040246,69.24681713090241,73.45202053394868,93.6664192993645,101.29318790493063,71.21864657553361,95.80719107883753,68.30615892534351,102.14165972977449,78.39277787293305,88.21794671907917
1610555722.52PJ3FD50MGhRXyUD28vluU8Z9UjLJLZn4,63.67703027520098,80.7920726721388,62.04477212667336,78.35485991840072,70.52734518891418,0.0,67.14434957012102,62.31203673526873,63.9464670276828,68.90338527877483,94.72945591696092,81.09829250392714,79.67726561234436,64.43028546594698,89.5342918948163,72.33222851007173,98.22496526726455,88.53228161660576,42.62117497543436,69.40602266275113,86.94283399792106,92.42091208735243,67.90658148738474,61.96548573294308,75.65812598510844,56.38876121093179,62.85214949346809,83.79278932807436,83.19559963869781,63.23763044150518,72.04968279280398,69.18127502340312,77.2791731292918,78.80262800874684,77.2827045610088,82.13960534083556,75.18477288498786,76.42180614026496,81.85336869563983,86.15051656030636,77.07970300215203,96.8116246927965,83.91004946681205,81.29921633225824,89.72756114498992,89.85775353775857,72.82747702356494,71.12227371756548,68.65242308450587,81.58143867593509,72.56466104109069,67.87871797045923,84.4586991500557,95.88014964309014,64.69966478302977,69.06395522109025,83.86881835248558,71.10385480714007,69.9130433817566,70.90977317614481,96.10718741898316,102.84953102566476,72.56634194379967,94.35149553339667,70.83169479988695,101.36088119588138,79.21346338652725,93.06075496282457
1610555617.52Ijr5puT55g9apK8auM7zaxa3NANg502t,59.333176050355235,78.86392832977421,57.21943346866953,76.8975514713468,57.73689304639427,67.14434957012102,0.0,58.85393873559452,60.234382391071144,64.4653831847549,91.91919144303967,81.34111380252499,76.49774006688828,60.64654847467845,86.74499936975151,67.80030827016752,98.97718445489873,88.66491552602726,69.1005325795161,67.18135589779644,87.25562197871236,93.71527305512211,62.94511552455907,58.32522812688582,71.73256561549846,74.7961632781294,59.27599816616486,80.49106321955634,80.70668989156998,56.57488743407136,69.27310703961754,63.90137529010793,73.3414640770025,76.2309835741076,76.13127286110462,80.01089003508446,73.04842688932236,73.58996860160566,77.95554083924183,82.10351926329189,74.00368114029718,95.3677510181412,81.46454857656569,79.8151749431936,85.84476756085704,90.07082569411699,74.52210341250736,72.96844125886437,63.6068782533916,79.63346613953848,71.07538035609964,67.72927319951697,82.45918298837837,93.80791050431621,61.866864076581074,67.66148091577567,78.82709212055849,69.49139195267104,68.0448822940196,71.11125891276477,93.18211098842706,100.55699303763146,70.1661032569194,92.95018333929433,67.37938452928054,100.7955772795332,78.39350841459115,89.87500378168748
1610555638.77ZLjTLkz4jYJdFMI2wWBztzsDILkoOtAk,24.414553395596972,77.18243854621298,29.321989002186502,72.00852604660199,61.11409773620777,62.31203673526873,58.85393873559452,0.0,54.66372928795946,59.617461174830815,92.36092801742157,74.59421142326616,73.45337553645093,52.77564601776604,82.8417249812783,63.7928502953054,97.69138852491471,86.50235639432594,66.79918406888487,60.07870996805905,81.30264860955651,93.24134649519877,60.148750724872556,32.11757290199101,68.43245683105069,70.60824980730435,52.80011871187047,77.82158160629282,76.20952088663131,58.509303726281736,63.23412539818223,65.51356182976812,69.11290148618224,70.98021605496524,71.00057822996763,75.23160746023673,66.75891585892714,67.94386694162192,74.86845143097942,76.59632385104874,68.95994324725835,92.11476349875561,76.5996202711721,67.35170169679012,84.38302506299115,87.91863651584892,68.14015840565854,65.74717153335004,59.28627606801832,74.77754583490734,63.129554434306776,62.60987204765735,77.30108868913617,91.1441569548267,55.000594661555205,66.26813255089543,76.8770838376403,62.87227834699687,60.08801805823943,70.62535687379658,91.62470713834712,99.22697129073363,64.03410421406593,93.1861869381958,61.410596712561116,98.68273270074228,73.08082037340722,88.69462058725007
1610556912.46C7tJPLF0XfNnm8f1820X9aLmXMHoc0Dw,56.38694523604941,79.21163886452551,54.83000684635188,73.20092861060601,65.4357676658026,63.9464670276828,60.234382391071144,54.66372928795946,0.0,62.4651681328081,93.75028751676562,76.632095361766,75.76806896879965,59.42791080904707,83.66424070363004,66.27000311022937,99.39527971932912,87.6425587247362,63.187413205617574,62.82595361490871,81.67845930309846,94.53276989245653,62.91690288967939,54.455729220246376,70.72775623455932,73.13794455710016,55.562600259378826,78.94822724668494,78.75427874882297,61.23405780340119,65.95125042328843,67.96264782243821,71.58321739377199,73.18747202517075,73.04116389880974,77.2549566672861,69.55914702757882,70.55571897728325,77.50869052622411,81.62497095257616,71.903989703445,92.84778919317054,77.6901215800749,76.69382382837564,86.21358390900207,89.95997292623127,69.87482064422304,66.57001362241398,62.1720001715868,76.77330651803204,66.06760705271502,65.18472417527698,80.00509353854765,92.43464329199269,58.23638505564885,68.70055765303549,78.89922274945074,65.6644025436256,63.066431611453446,72.06571558979401,92.26675526478553,100.50330313320259,66.77173274846554,93.19414188124142,64.48361558127644,100.85230226169062,75.47709948149901,88.7637670822529
1610555617.51LjzIROg0aeCP2GhDcAVQ0LipKJB9jmKc,60.52511490002075,76.37750102652956,58.486266326825465,75.80185540159827,65.47685175623641,68.90338527877483,64.4653831847549,59.617461174830815,62.4651681328081,0.0,95.64533097003002,79.73355523374057,44.95316432695367,63.45259671679996,85.05891356455571,68.3704871002219,101.42591337621043,86.71609478858768,72.42919265278718,66.14860711123795,85.6305680912319,95.5077361162424,63.002423783285856,59.16612817980301,70.60023970574531,77.33187656862958,58.691885762642656,81.7826399590466,76.67681774442144,62.56512081816216,65.22241302577618,69.16869200763556,36.59859597327244,74.47308806748777,75.00943903982582,80.09544829969,71.25537792413724,71.92563845247709,76.74408112492576,82.09779888786741,73.26097095630502,96.8867052913738,80.68161302271484,79.73872923388484,86.80331302483219,89.16721474877369,72.9870489727748,71.55710115907809,38.43048973485757,78.60358383897896,69.62590319867343,67.88619014055601,78.62006283643971,92.46436229687488,61.28308239658565,68.98564933275755,79.23388636727425,67.31570234951029,67.6977083632695,73.94456908224855,93.35113428072252,100.23549661643777,65.77424524102094,96.37394930830799,61.95657121689072,102.19620050223139,77.76010031223969,90.4471382786561
1610555608.17OpjjHobqRkX0UPcaXrbu7K6L3805SZri,92.72156308006616,94.41513167302713,91.37569935602187,92.81006431326023,93.90454910149624,94.72945591696092,91.91919144303967,92.36092801742157,93.75028751676562,95.64533097003002,0.0,98.29607554887163,103.82781813176433,94.55331266484315,106.1857060810477,93.08071264633833,99.90359595549718,101.04930676355046,97.73947697073862,93.98686708466695,101.7994331024364,107.97103863473433,94.2454991795218,91.9602365342675,97.32857292289721,100.53527871563534,89.67064609460496,100.86450920963296,101.2885093568693,93.14390079632058,96.38259739880785,96.90857133749192,100.4750503905486,98.71174807904801,98.19934267214065,101.19349334002918,98.32188549285318,98.05063049043505,102.54390421582691,107.54157417463752,96.74763302922064,101.38195229000031,103.79104393377462,99.71394850526896,100.14154749509325,97.74586605739132,100.22166116027007,97.40397346990453,94.10526012425343,101.09026764298338,95.10691126867206,96.97111901671803,102.47537051899043,110.96536943073298,91.37469346180254,96.79605289345561,101.47306976934073,92.97894933846867,96.05733803538142,99.43156435736988,112.89069304374033,113.35111430284238,94.14516612474573,113.35026228621967,93.09020391822594,115.58407369348545,100.44252726761344,110.31398821516977
1610555721.82zWeNZfGUUfRJkgnAwlP8VMhPzXctnSd4,73.85231591249838,87.0226638413825,74.9783466134338,82.13462158969608,81.77018715072514,81.09829250392714,81.34111380252499,74.59421142326616,76.632095361766,79.73355523374057,98.29607554887163,0.0,88.08690800805405,74.97189004592039,96.81923270003429,79.71714434668107,103.64234081622341,77.00739760987253,84.15853376029138,75.11015220586926,72.05057286947451,83.72951795950937,81.08195889830284,72.40596407478498,86.70731169780379,88.49809900851649,75.42674639768802,88.86579480868731,84.82239154115015,80.92767167532357,82.30191336483988,85.47833692906703,84.09183713521925,84.27751407262906,82.92957061970378,85.9560212403582,84.17588052843354,81.43390934838867,90.07036126881543,94.29966250709991,85.85910648039516,95.16945900239888,92.27297630886767,81.86606231715626,93.42018399523506,95.79118167274575,85.67034470579281,79.95721041122324,75.94493090929171,88.39712201932178,46.93555065384194,80.60330430301457,93.92210315841707,100.09763907109078,76.63501130504787,85.1396649259928,92.5400669931429,74.52516746411747,72.5640862972356,88.89077128142375,101.14136221445422,108.73509190627392,74.26302991139565,106.12645060902811,72.9240403030139,107.81018924481043,87.21046389337744,99.63483010713547
1610555735.75bom85BDF0C7W2eIseHeMxi24qR68nzMi,74.19355863270928,81.56439430506684,72.53531554585845,85.4868490325544,78.27890738135186,79.67726561234436,76.49774006688828,73.45337553645093,75.76806896879965,44.95316432695367,103.82781813176433,88.08690800805405,0.0,76.15626850318895,93.16843905863183,78.19033788010756,109.236074228093,91.77580818790766,82.75300841183284,72.60645132548109,93.61697793201131,101.11835612673765,76.21850475922686,73.0882664883145,82.71041805822456,87.1892953359835,72.78594377005571,89.9069005489907,84.52674077790701,74.51101044844874,76.75702877673376,80.15528253164324,27.338600738560835,75.15778022362974,83.80470346110413,89.06283828278373,80.65529630958372,73.37010208961901,87.82707759576807,91.56081887569596,82.17910367900345,103.63266850321311,89.19330773599268,87.42249709081632,92.73828692295547,93.69620488131604,84.4972661096189,83.40561460389422,59.235531835715804,88.9467495698749,79.9298299559851,80.4082934395991,87.79968202137364,100.05690468504449,72.42155991244063,81.320599290608,90.10013868987622,77.82261737059277,78.34404991094753,84.286416878281,100.36776144120769,105.10058465645963,70.62147907868139,104.1415265112545,74.96446021431842,107.2212402756921,88.11064409045656,98.03673574202156
1610555735.77NnT5xqKnwcf2BbjIekeb2arTQj6QMNwk,55.18093556169468,79.39657597145487,53.256171118175665,75.96785938666815,63.987466541098975,64.43028546594698,60.64654847467845,52.77564601776604,59.42791080904707,63.45259671679996,94.55331266484315,74.97189004592039,76.15626850318895,0.0,83.96585082715757,68.35641547953867,100.29306093520566,86.7753361165745,65.96170430311395,64.19447393901957,83.61061960110946,92.84415794772845,63.53774989207768,53.72485011227377,71.25541728800303,74.21205638514925,58.13654515533115,81.39759474086064,79.84346105527818,60.82075808094274,67.98194945623817,67.59825814662813,72.45723825536757,75.01528138092749,75.11533117632476,78.85550905234216,70.56462141032166,71.49316592198936,78.30030974525675,82.38612542494424,73.09674715790817,95.29594201323506,79.31880369684582,77.87970014604328,85.67822544935167,88.9142599560307,72.34931600365678,69.38770086801182,63.09252448244032,77.86901032181822,65.58711070801907,66.24432597711201,81.80526508326324,94.22032974284366,60.29722379537615,69.13816462210127,78.74135586160904,67.58178769603548,62.82812137411955,72.73268021110736,92.99774455100606,100.98171041368606,69.00852004695993,94.41787441432096,65.31498840924186,99.08007716923771,76.55138542976303,91.23990856339209
1610555638.33wjf1PhdNaoWfbRzXVn50hmFyB5bYAiLV,83.66213869169025,96.35469695739965,82.66024566821565,94.30496638646103,86.76348003681254,89.5342918948163,86.74499936975151,82.8417249812783,83.66424070363004,85.05891356455571,106.1857060810477,96.81923270003429,93.16843905863183,83.96585082715757,0.0,86.80417109139107,110.43308093881416,103.5768289273893,91.35362266637419,86.634205921464,98.78814649009618,108.66166944137272,87.24045294960737,82.47141895865776,92.26045713202109,93.72960608550132,82.03828925354212,99.33187513064901,96.35964694019859,86.56156348247943,88.01526875710314,90.49196194705272,91.25260922615006,95.14781776351072,87.28422614393698,94.58116499500528,88.06452544765929,92.61306008366738,96.23522699719098,100.4463372462475,86.38614516052111,107.39843978790442,91.83835524631726,96.79304654395088,98.2560880492689,104.15919204231533,91.58306347451965,88.37499973420839,87.17889358182047,96.8406906753503,89.4631651012716,86.21074777809602,100.8917007341828,100.99409615189253,82.88083798511674,91.97602389133874,93.71912274108793,88.54633354339195,87.87831548303329,94.18157093289192,108.63466234245504,112.82847697410116,89.90148529273556,110.11933622637261,87.68877659063301,112.56433731485569,96.0867334621235,107.11688757417082
1610555606.65jCE4ig8Pu8kvAzkxnSGfWsV0nQBjCf8H,64.40136946135512,83.56058749786267,62.48280133421137,78.57845306567343,69.05909069343966,72.33222851007173,67.80030827016752,63.7928502953054,66.27000311022937,68.3704871002219,93.08071264633833,79.71714434668107,78.19033788010756,68.35641547953867,86.80417109139107,0.0,99.50697815866386,92.25965000402182,75.80108569723453,65.26453956835381,83.88468225584765,98.25288107891947,69.74749629566453,63.38913416888927,76.73492771901567,80.3235422893557,62.367962967055,82.03670653990432,78.98440595985349,69.34257754068048,69.87879542319901,74.89112571972777,73.68004010928259,67.37645927981471,66.61342920967634,77.62239077431356,72.70701001552061,65.86978463288357,82.2668166934178,87.25052983151657,71.04106049763794,96.93552866575709,83.40676387201607,81.6026769755301,90.69429873480502,93.36587123176092,75.76830237274034,73.60929215685566,67.68766395066412,79.54702743971346,70.95687974809469,71.65707549968053,82.92403627417934,94.71849726733298,60.98944290028469,74.82724768905412,84.01047666959795,67.9234830520915,69.78425124276234,79.68966933682692,93.56236773424096,100.4341762140572,66.37083353681675,97.98444315599825,68.92553443125449,100.22585251064011,78.58581652358723,86.70827676285326
1610555608.18ONsBCVo1i7BrX0XG9stct4oiA6ejX9Oz,98.453860568652,98.1783457105268,97.1800238238411,99.1951914096762,98.31206177189574,98.22496526726455,98.97718445489873,97.69138852491471,99.39527971932912,101.42591337621043,99.90359595549718,103.64234081622341,109.236074228093,100.29306093520566,110.43308093881416,99.50697815866386,0.0,104.0809001246454,101.00573278796004,99.92428105620455,105.92722164546069,110.37722317449848,97.40662820856113,97.88009267515659,101.2580150414241,100.57747678862853,96.43725105332618,106.6925479754691,101.39414499264802,95.58190708448895,100.02831734882602,98.96794683955214,106.41894672668948,104.4130666218581,102.7855169370426,100.43027066868248,102.92117823978774,99.8515958185224,102.35132472165938,112.15372926133509,101.42115525225381,109.1680581869397,108.01312943623633,104.54491239609499,103.67231637488705,101.70774524450674,104.6834146226725,103.15393608381109,99.3725071554313,104.30299552213779,101.20487278256275,102.16105881270072,107.70634652245226,108.76624195211288,97.53387695029873,100.59395324926979,102.97608257780009,99.4020813822094,101.19328242997632,101.76734070504001,114.87560408769802,113.10184966583273,97.73021066689691,111.2057916374694,97.77868517960049,113.53667484740585,104.54996298116838,113.75335325081272
1610555721.51RNoQUMP19FTMS79BmA3JkgSm2IC2AQuQ,85.70713974144395,44.19268430482585,86.45474980550244,89.56500399733396,89.93620293924128,88.53228161660576,88.66491552602726,86.50235639432594,87.6425587247362,86.71609478858768,101.04930676355046,77.00739760987253,91.77580818790766,86.7753361165745,103.5768289273893,92.25965000402182,104.0809001246454,0.0,90.76747835302545,87.46747889487989,92.2996567255713,96.05639198415224,87.32366160126762,84.36922245267685,91.41700056317083,96.4996603330995,87.12003113392845,96.15572003088647,94.9841731570376,85.88300455071347,93.14439160546853,90.58417516841735,90.2037895108569,93.16955872828198,95.13732703272095,98.6836568978039,95.29036483416945,91.27935880818896,90.91157468695542,104.05743387761754,92.45578138220131,104.66785622364412,101.13716471146135,92.27697900273043,79.81355356244728,64.21867628629384,95.5911455508727,91.4659140939817,85.35294112843152,100.02601223989254,77.88371919673959,92.42524203412925,102.58642884813239,107.92725029508966,87.8891289991769,91.52253792829045,94.78694618925613,88.68350552793682,86.86809081646084,92.07502863647542,105.0068151888396,110.19059259040658,87.96106786095378,106.19658516147152,87.6755910121658,110.22345575599549,98.92615147340364,104.60367595672977
1610555971.86O0cHB2ibBJ8jxoObg01EpGe8VVV5mpwn,68.49684121245164,83.45102829792273,66.46294025721011,80.57455107869009,72.18740420274557,42.62117497543436,69.1005325795161,66.79918406888487,63.187413205617574,72.42919265278718,97.73947697073862,84.15853376029138,82.75300841183284,65.96170430311395,91.35362266637419,75.80108569723453,101.00573278796004,90.76747835302545,0.0,72.91939470824475,88.40404862631878,93.65353261186482,70.86648378401962,66.51017292390588,79.001668207911,64.72446457196197,65.96860349175397,86.60830154758222,86.17770216157781,65.55160209324242,75.46483736019148,71.20755344271362,80.43309781033065,81.78517089506678,80.30002244409849,84.7307856323717,78.5469784396621,79.58692531405102,84.14206620625939,89.39242066937867,80.2970346222087,99.59051392171904,86.3270811381647,84.48977231813346,92.04822957197649,92.87420891241183,78.17880561171545,74.32986196350674,72.17892692144878,83.29808565116657,75.45628539744875,71.55392239835506,87.66716053845755,98.06323602051118,68.87955748406182,76.23883471594945,85.6655663555442,74.99853299138182,72.1697865351669,74.32525848687905,97.97081486357607,104.74831492169481,76.226978327223,96.06911424122782,74.19328279075627,104.23233222355952,81.43498863137894,94.67813520108378
1610556911.51zU3duZSGpcw1BDNsBLxdOCITAXwl6z3i,61.01229202244403,77.89878770299082,58.37671022209608,74.31509687282514,68.09692358097047,69.40602266275113,67.18135589779644,60.07870996805905,62.82595361490871,66.14860711123795,93.98686708466695,75.11015220586926,72.60645132548109,64.19447393901957,86.634205921464,65.26453956835381,99.92428105620455,87.46747889487989,72.91939470824475,0.0,80.53665660383228,94.46628045534217,66.8350885830568,59.886812518122866,74.36160115584372,77.71570032440776,59.135192901315605,76.82912648206573,76.20648608122394,66.3950278381475,68.59036231047521,72.14151603556641,67.75127969033171,67.32196708010206,73.26140800044018,74.90187063840746,70.44565494048122,65.1186189919913,80.64099293990371,84.91216795454271,70.75659049833659,92.00959080913941,81.44489100498724,75.56765697580788,80.92433502018416,88.86132893540429,72.92685627485713,70.71785428575473,65.54204493914085,79.0830267588143,66.20553053841273,68.69484308508964,82.52169165006151,95.1485720875733,61.06791109064762,72.48152919209865,82.00525369968062,62.94954370124951,64.34805556664223,77.31674941321353,94.93733259238633,99.73339614913283,62.31325914597346,98.27878928685797,64.19287444215381,99.10860223911091,77.76283006240968,92.08496786352748
1610555988.71dMoYT8250UHHJGxgmITTmbHe7V6gH1yU,82.11278450755631,92.90980153752403,80.67883743493098,88.30919618224704,85.91819626411932,86.94283399792106,87.25562197871236,81.30264860955651,81.67845930309846,85.6305680912319,101.7994331024364,72.05057286947451,93.61697793201131,83.61061960110946,98.78814649009618,83.88468225584765,105.92722164546069,92.2996567255713,88.40404862631878,80.53665660383228,0.0,92.82832576858038,86.321344985776,81.39053238390214,90.89340335290267,91.52294663391132,81.01810374993052,92.96969328399928,91.99526888843972,86.62040364997523,87.01835093843712,90.37379666405951,89.85401422920894,90.5205555363252,83.93213171011946,90.28019599091544,89.06608939127867,87.40775405880783,94.41451812305876,99.14637201628983,89.38947866812349,98.73352554805628,95.96826767202883,88.50737734097598,97.12553182470693,99.80651388449668,89.78329108613099,86.25802684712626,82.86875308311649,93.61114163764339,74.98379507767397,85.50483025011933,98.32497252531813,103.85546216236136,82.40839347376551,89.9648872196636,95.47285732690227,77.74193891732513,81.14340607289053,91.6124796593752,104.06518879003116,111.76215471499678,81.77343717805945,107.40681033028807,80.93576942660764,110.82041494657936,92.84632743426116,103.04189300919907
1610556042.81mlUZsSp7gbGjrp8jQSnybT1gPy6e62o1,93.57764823424586,96.19490077583552,93.45063134655175,97.92610303318808,94.81496472683632,92.42091208735243,93.71527305512211,93.24134649519877,94.53276989245653,95.5077361162424,107.97103863473433,83.72951795950937,101.11835612673765,92.84415794772845,108.66166944137272,98.25288107891947,110.37722317449848,96.05639198415224,93.65353261186482,94.46628045534217,92.82832576858038,0.0,87.78298396627771,92.61759840686734,96.48106839560455,96.65493261032702,93.68700008715213,103.07181316488823,102.4970203676508,86.37731690562913,99.80821715801989,88.58107027214355,99.16042074102248,101.4432178772897,99.66196251306312,102.43446748161361,101.5161936263804,98.96696789058994,101.08133854761242,107.288336642561,102.38334306520694,108.73845029850429,106.78902041304183,100.27568224328908,102.36189119786474,103.3547101274849,100.75971680189662,97.80362019872149,90.85341856214514,103.20164219820074,87.15816466054316,96.10300166692045,108.77715998102292,113.30183539841526,95.76866522777951,97.1050331444659,102.2265644670225,93.23097771705903,91.03065359313726,88.39474363296497,110.14409781119159,119.05872183718847,93.13332289834966,111.66049032260158,94.0999442172154,113.48997203419638,101.3507581011489,107.40792429187799
1610555637.02UBW5nKvDyUrKnaWcYRGajZPxTRDS0q3N,61.04723312462012,77.67785026276746,59.02565957452773,77.02853552087086,62.83470541432825,67.90658148738474,62.94511552455907,60.148750724872556,62.91690288967939,63.002423783285856,94.2454991795218,81.08195889830284,76.21850475922686,63.53774989207768,87.24045294960737,69.74749629566453,97.40662820856113,87.32366160126762,70.86648378401962,66.8350885830568,86.321344985776,87.78298396627771,0.0,59.70077544470094,65.98621733000634,74.72286166568354,58.49519966180409,83.05887826952387,81.1222423186072,56.48252373809625,68.50163812580296,63.80543429346327,72.04474441480572,76.31345322545647,76.24737937585739,80.13260896797291,72.30460564099391,72.73049770808522,75.15242520082155,84.7816989321566,74.47007016529224,96.49848387904915,82.01158621483766,80.87572658541927,84.83995832701687,88.13198099398353,70.17189473029407,72.14036892885045,58.88245018374819,77.98314823458914,70.8310001309273,67.12146274685773,82.73016583608661,93.60540248273729,61.818016066362354,62.491293633633134,77.34524707932363,68.36845994649816,68.45738054750788,67.38064603130748,90.97602431071878,99.55288936780158,68.23055194301068,91.76126660102832,66.82115194787016,98.37304343052058,77.34562922597652,91.9676295830803
1610555619.13oUYNikU4facCTpUSiSLr0vPI0tJLnXiT,25.046018110078816,76.8319680933308,32.20851889528531,71.5549133101209,60.71740561794076,61.96548573294308,58.32522812688582,32.11757290199101,54.455729220246376,59.16612817980301,91.9602365342675,72.40596407478498,73.0882664883145,53.72485011227377,82.47141895865776,63.38913416888927,97.88009267515659,84.36922245267685,66.51017292390588,59.886812518122866,81.39053238390214,92.61759840686734,59.70077544470094,0.0,68.24654033194301,71.08454939022765,51.632757446779394,77.45269622465028,75.95264526982749,58.04965628655546,62.80350712440185,65.10517194073758,68.72468235595058,69.91403188534964,70.13204001623349,74.9569410247319,66.53757658228122,67.61286955969697,74.94335496054626,77.89873427568855,68.74790486309492,92.83321608929165,75.84738137687592,69.79506381237748,84.29309479865445,87.99091808799591,67.49566605740138,65.55516315653676,58.83217815260381,74.73968569719396,60.13730213171581,62.161471974379914,77.46936844465642,90.79833082510676,54.52642865651957,66.14283100485439,76.77544559669187,62.43859704564615,59.169029970064834,70.58494584125074,91.16949456324022,98.69275873577656,63.54481709484594,92.75272971404041,61.03244968080696,98.76145566078583,72.75616835494804,88.42266652364576
1610555721.03nzkucfjAUh31zTbmCVvTVYqtjoxZFnBh,69.23009230117357,82.39674779551609,67.22386138103766,83.80685195062851,71.82966851377387,75.65812598510844,71.73256561549846,68.43245683105069,70.72775623455932,70.60023970574531,97.32857292289721,86.70731169780379,82.71041805822456,71.25541728800303,92.26045713202109,76.73492771901567,101.2580150414241,91.41700056317083,79.001668207911,74.36160115584372,90.89340335290267,96.48106839560455,65.98621733000634,68.24654033194301,0.0,82.36808401635085,68.42993321736964,88.1843331062352,87.11174512863639,68.23540686151692,76.20049628917444,73.35855408777012,78.7925819418023,82.62267985765689,81.89187796590217,85.89201542115259,79.25251102250355,79.33703669726727,78.73938157661355,89.88089182183269,81.47533924554389,100.4356044242016,86.81234114765876,86.8469211410629,89.21066774609976,89.68182835039475,79.53003162700399,77.64444082549205,67.50292511908042,85.6474121201774,77.49544731287573,74.7867054294463,88.47062567284289,98.62734756787115,69.23889945026123,68.32293735295802,78.464798295683,75.6677897898308,75.40368760957291,71.7316505186962,97.86104268425083,104.15444947740981,75.37895363395022,95.26382105427042,73.99544083039552,103.08643075573833,84.49355455986813,96.46229921846752
1610555722.67fhKURdXVzRbLIjXmjRwdJHTnE7PWb1AE,71.82091029764563,88.65841691649302,70.26330515622044,84.94695342734855,76.16289244497533,56.38876121093179,74.7961632781294,70.60824980730435,73.13794455710016,77.33187656862958,100.53527871563534,88.49809900851649,87.1892953359835,74.21205638514925,93.72960608550132,80.3235422893557,100.57747678862853,96.4996603330995,64.72446457196197,77.71570032440776,91.52294663391132,96.65493261032702,74.72286166568354,71.08454939022765,82.36808401635085,0.0,71.89444801968283,90.91303122715662,88.91888142677514,71.90980912821566,79.96949624683779,76.89190637615792,84.89681657892186,86.29251627605186,84.6155304489539,88.2183840133457,82.88167133335618,84.06340579996866,86.43895307348863,91.40640199331165,84.53659431877409,99.8628664166608,89.70575540136589,84.83971493996353,95.59036928595198,96.49612024966524,79.7305781669982,78.68537014448572,77.11158580167155,88.27936218170616,79.60564526160984,75.10105195670825,89.52754771036966,100.79784437049307,73.73118903401172,77.13235281388559,89.35016721505072,79.19012613063077,77.48757939212814,77.42919780932583,100.82034231358054,107.26484666889195,80.50651788766652,99.02566262719373,78.99394966705103,104.83927339242291,85.85907902795465,96.63754336704854
1610555638.39J2ZWBLuLTHP0jOlzB4tNHmYeijH5g5YJ,53.36039480419142,77.36674091905782,51.018694263165074,69.58542393544336,58.74673908326585,62.85214949346809,59.27599816616486,52.80011871187047,55.562600259378826,58.691885762642656,89.67064609460496,75.42674639768802,72.78594377005571,58.13654515533115,82.03828925354212,62.367962967055,96.43725105332618,87.12003113392845,65.96860349175397,59.135192901315605,81.01810374993052,93.68700008715213,58.49519966180409,51.632757446779394,68.42993321736964,71.89444801968283,0.0,77.57596184126635,75.79773640327022,58.77849105118451,60.349546388350966,63.34878276321605,68.32827793900572,70.16350954662995,69.9277538122674,74.2452771376575,65.66671849535516,67.59801776722414,75.45108694466116,79.46790336799981,67.30151250222718,92.36764488540315,75.25049659608707,75.0736354939182,84.31705386320085,88.54517251770571,64.39492761819058,65.72039005403279,59.26774382002798,57.14346002420483,64.00053647861102,61.23724825038635,77.47312688646004,90.77981207743485,54.338373226640385,66.73098128929212,76.73988378263527,61.33170918647582,61.01811000174513,69.92435901014711,91.06479838915132,96.23811484674788,63.201939152636506,93.26527907032288,61.09092761487111,99.96562261941251,60.01328945476263,87.28427904932457
1610556032.17Q6yCDx9g7alRnL9jBFXD2JhhUyB2hKfJ,77.97463872693422,87.54014984550163,76.43252982281247,84.29959351089708,82.36574654586515,83.79278932807436,80.49106321955634,77.82158160629282,78.94822724668494,81.7826399590466,100.86450920963296,88.86579480868731,89.9069005489907,81.39759474086064,99.33187513064901,82.03670653990432,106.6925479754691,96.15572003088647,86.60830154758222,76.82912648206573,92.96969328399928,103.07181316488823,83.05887826952387,77.45269622465028,88.1843331062352,90.91303122715662,77.57596184126635,0.0,88.9682625962599,82.58372004490381,84.38967520171713,87.10911557862401,85.99415071231849,83.54997357426143,87.75449448660174,87.56882229498855,86.16990295778668,82.20380573126005,91.92067797023483,95.81926772956419,88.42741949139399,95.95572235783555,92.00545846934213,84.68525010165213,95.87669866760663,96.2758468186477,87.50924977962539,86.65061982545302,80.9403478002167,91.65709356101532,81.12556466189262,82.6560419587285,94.72392010785791,103.94158884057298,78.76787105994585,87.40339813649977,92.11435817524088,76.02172233562194,76.3717450125836,90.78356452724469,99.97226897027339,110.36941704693055,79.45329375541212,105.49379454753598,79.75255957590383,109.28293520468006,90.9340265748729,97.83853415984223
1610557007.49MyVgDnuUuBxrvL6SGOdhKf69VYlW1MSm,76.96060420523371,87.21631528372295,75.35926167029434,86.56695340367249,82.28040450940192,83.19559963869781,80.70668989156998,76.20952088663131,78.75427874882297,76.67681774442144,101.2885093568693,84.82239154115015,84.52674077790701,79.84346105527818,96.35964694019859,78.98440595985349,101.39414499264802,94.9841731570376,86.17770216157781,76.20648608122394,91.99526888843972,102.4970203676508,81.1222423186072,75.95264526982749,87.11174512863639,88.91888142677514,75.79773640327022,88.9682625962599,0.0,79.8923050191906,82.6745103637614,85.38761759535357,80.39790497871358,80.9911124472418,83.91643024535419,82.68886489138556,84.26945737238397,75.77420445067489,91.00627918023145,96.37693289667794,79.37526721897493,101.97290372736478,92.19750310467958,87.66962938049289,94.13412083036498,96.32996920463219,86.72229395408601,85.74687728693597,78.39904416806743,90.73816872186912,78.51724325296229,83.1988825148959,92.87673304725486,98.62842378898155,75.84231615243255,84.85287937396512,93.54274254515444,77.45312221800518,80.28623944631904,88.78564314060972,100.50715936923983,103.7694845729683,67.84894286145062,105.71279169439428,72.60045711886168,96.73425997988389,89.76094364268361,101.3419123938688
