,1610555604.25mOvVXuL01OCiReyVWBfesjuvXmB3MoPy,1610555605.43B6oDsBtWRQ29Q9UMQuTUEPZy3FSSWXzc,1610555610.92HPGJJSmyPM40z7otPBgHalNrHFA7zk5d,1610555606.68LaSQbm9EHAFycEfFtEqAwYqlBsQPjIRW,1610555617.19EKxMEwDHfXiEJZc27TsGoERaD6Da4BZU,1610555722.52PJ3FD50MGhRXyUD28vluU8Z9UjLJLZn4,1610555617.52Ijr5puT55g9apK8auM7zaxa3NANg502t,1610555638.77ZLjTLkz4jYJdFMI2wWBztzsDILkoOtAk,1610556912.46C7tJPLF0XfNnm8f1820X9aLmXMHoc0Dw,1610555617.51LjzIROg0aeCP2GhDcAVQ0LipKJB9jmKc,1610555608.17OpjjHobqRkX0UPcaXrbu7K6L3805SZri,1610555721.82zWeNZfGUUfRJkgnAwlP8VMhPzXctnSd4,1610555735.75bom85BDF0C7W2eIseHeMxi24qR68nzMi,1610555735.77NnT5xqKnwcf2BbjIekeb2arTQj6QMNwk,1610555638.33wjf1PhdNaoWfbRzXVn50hmFyB5bYAiLV,1610555606.65jCE4ig8Pu8kvAzkxnSGfWsV0nQBjCf8H,1610555608.18ONsBCVo1i7BrX0XG9stct4oiA6ejX9Oz,1610555721.51RNoQUMP19FTMS79BmA3JkgSm2IC2AQuQ,1610555971.86O0cHB2ibBJ8jxoObg01EpGe8VVV5mpwn,1610556911.51zU3duZSGpcw1BDNsBLxdOCITAXwl6z3i,1610555988.71dMoYT8250UHHJGxgmITTmbHe7V6gH1yU,1610556042.81mlUZsSp7gbGjrp8jQSnybT1gPy6e62o1,1610555637.02UBW5nKvDyUrKnaWcYRGajZPxTRDS0q3N,1610555619.13oUYNikU4facCTpUSiSLr0vPI0tJLnXiT,1610555721.03nzkucfjAUh31zTbmCVvTVYqtjoxZFnBh,1610555722.67fhKURdXVzRbLIjXmjRwdJHTnE7PWb1AE,1610555638.39J2ZWBLuLTHP0jOlzB4tNHmYeijH5g5YJ,1610556032.17Q6yCDx9g7alRnL9jBFXD2JhhUyB2hKfJ,1610557007.49MyVgDnuUuBxrvL6SGOdhKf69VYlW1MSm,1610555638.44hjT5hbYdKoE3MB6hijrjqbjmLgvCUYKD,1610555608.13zUvmFSCRt6SsLbhqFznMEvGx54GPGQzM,1610556038.62a5C4ynd1AARyAhTv8a58NCqHvXRjscqH,1610555644.45Xse8u7pusHNsd7F3d0A32HXvXr6weOJE,1610556038.62gKXOCG7XCn55eJvyl5voNjbwOW0znQDq,1610555987.13v0oleKK97pkesp6oMgprH8SoSdoDVdIO,1610556964.96ZLLeiQW0qpmxhPGTg7K03fmzkqsC2bjC,1610555987.13VQlEedQ50VvkPMEMzZDv3KNnQCewykN9,1610555982.186TY6MMGkDecIN1woW6vsfAMXVV7jnyjO,1610555982.673LuMndkwkvdmZOn0MmE2Pkidx0FtNalb,1610555733.38zItcuH7gHNfKdALR2d9Nek6bxCyw36Vm,1610556034.15BQxSbZINGCay0yp6RBVlgcPrw76Yn9ON,1610555639.37BPZpgtGml8qUsh9AdV4m32jPLfI2aNFq,1610556965.57S0adAalhWYe6K3bkZU0bRHbqnDK8gGkR,1610555983.54zteLPCMjyrjzPdhHhlZr3faCgD0TfYr3,1610555987.79rHnNRmt9a0ufmnwCvZqBouyUoZDNpylW,1610556960.041xWER61rmArlsKfiMl4frikWmUCnQ7op,1610556035.13a7NHZDutfTMJ88qle1gTYY59Dr4WmMsj,1610556890.456ZBDaY16bMtrTZTqAgHl3wq1tRxzqDow,1610555760.24e6890pkbyZ97Or6croI1rQgjkSsR0yVt,1610556043.02YpWMIJg3W004iqlPyv8OcVAZdSC5rNYw,1610555987.03z05P26TLtONYM1HSzupoc2CeNMa6HTqr,1610556032.15OYCzUxpsz7b10AXBAuDXrvEcvxFhf0M7,1610556032.63Z80yI9pNwS3jSmsDABbuhf8wkNa2Ze9y,1610555736.28eGuESasTXdR3SqY6pHhEXWZtcdciYLCO,1610556034.61bebeZA0MkaFG2sm3VKiqrxeqQginTTW0,1610556944.5XwXOphKYT3ZkWA8gViqOS97VHVuMVUqb,1610556944.745UVLFBzf7fPh4UH37I6tYQOFPqRDytEh,1610556034.63XsUwaFaPZevO1JNFjfhvY4aKNFnV4noV,1610556964.89xwBHw9faT1HjQRMNQEyA4qJ3hWkwgj3k,1610556966.74DydzH91jtyvRyYau47JpVkZoMRSNTt01,1610555740.77UueVziDbaXyRR4OcVJIIZyzOfAzN51bj,1610556046.84e3vwjyRCzqz0wJQhrk8zsxlFfFSv98Df,1610556137.99eoPuVrDThKAOvmeprLPb2FWRqIhzUodc,1610555740.73XFwSrmTXJPlaxGZSefh0jOVA8PI3III1,1610556123.88AOfNaz9jSnqU5Czc7okOv1RCrYfKFBTo,1610556046.85nB7NvyoYQeLcOV391Lmmut1wAM8CFGLw,1610556123.89H4pdIAzDthI7bMXMhlIhKUYIQIvtmPPQ,1610555740.87GOYQUJKpkynIS2lFqppYK4b32ol7NeGh
1610555604.25mOvVXuL01OCiReyVWBfesjuvXmB3MoPy,0.0,81.4639153530343,60.61962982239369,79.7672491054342,67.70993559301539,82.07236507973039,70.4783687139134,57.18743403201474,61.58009364503849,82.31729313887213,90.72217937107246,84.46905109577814,92.40384308730752,63.50710909989458,82.753846760361,76.26300138401996,92.94264195113276,89.26466015943731,72.44167341089462,79.07405818488364,89.61655495769665,98.99652953698096,71.57890339821417,58.49161241344345,83.21552701167349,88.35077268550286,68.8775407123523,84.1686899020978,84.62530533050985,72.57376094914265,75.67820658444091,78.583236473351,86.13726788197468,82.18985369138541,85.4894531194291,81.59955231427989,79.86438056634209,79.69889082470192,84.14030025956265,84.77618786998995,82.69313192508287,81.32144964094672,80.85512601170655,84.92105986337972,83.4401414146643,85.6396945414656,83.83234438575305,78.7213973298319,79.57673421387987,80.082139733108,79.8990891095466,74.02667958234315,91.96820431555759,85.95074446131986,81.41822065027566,77.814328090456,82.65148018072534,80.22002244192608,74.47656578689218,80.3489759866816,86.07490836257874,89.16553144852705,82.91580730927254,77.27223143067458,78.95682228439908,85.459243610117,80.39862797246006,90.91919238630265
1610555605.43B6oDsBtWRQ29Q9UMQuTUEPZy3FSSWXzc,81.4639153530343,0.0,92.9222416242714,77.43166566765927,82.53075379346713,88.14064430008689,84.823578266643,88.17519771093575,83.6278565334839,82.82777390843845,89.56046367003962,83.56473393401501,82.66405723936609,84.77200342954627,78.79497229070435,78.92340760384128,91.48168044640306,78.08252920272294,82.83525861416673,84.9515694426711,90.54890653257812,97.39703678275066,80.69303561796744,90.18914375578285,84.63004647096746,94.26930254166217,82.41864423997745,84.38699314947227,83.52103607592339,83.51077443889774,79.39385775012111,87.53262503677584,80.69326196813007,80.24437609127978,88.12671107641495,84.78626579551502,83.01551876695383,78.88500769856411,76.51531759649077,88.11379611559734,83.09740981650769,79.69050684503267,83.65918056608794,85.9176027163901,77.80973613510703,74.32997081332097,87.18160151339836,86.0050453335824,80.33808500161015,83.38469020902035,84.24422580403046,83.07212618936013,90.96117574405477,84.42387675117102,86.14277797895907,82.91015980963219,86.45757055655845,84.52413613318299,80.34327131792388,85.33133350426296,84.57358816417879,88.16425100411597,81.2203892838219,77.3616642792462,78.45855407332459,83.52050452064293,83.67055979653027,89.89920328862148
1610555610.92HPGJJSmyPM40z7otPBgHalNrHFA7zk5d,60.61962982239369,92.9222416242714,0.0,90.85273702967788,80.4356132826018,92.0641413737009,76.56107401826833,57.75428281892361,76.59011039110757,93.98487322285968,100.13697464405095,93.96967594753333,103.46703279084294,74.66124720987759,92.5616101088826,87.94418425683118,101.99699050980699,99.05599141034823,83.81954081001004,90.37809160831296,98.67482500327957,107.76493927513023,83.27087122142557,57.158165327459066,93.08083829216724,97.53440762682462,81.44479060132117,94.54986921551222,94.97407431543434,80.69239909882033,87.68230816240586,89.21990904876391,97.4882856947246,92.66880461092265,94.89685698123088,92.42617960336271,90.38372014853825,90.73476020646844,94.27242898671301,94.90113511241941,92.58411846232181,92.09693034650147,91.48076035990341,93.95634674287894,94.10104011474266,95.4550847554743,93.97829358407111,89.76870666929908,91.27429943019479,91.05114837156557,89.93997114782707,84.76854494422533,101.58600598589386,96.17545236792976,90.31501054228286,88.79235520628423,92.22757558275772,89.97418721504839,85.70611947607918,89.8604293596137,95.67777572145044,99.58042631149499,93.75941922136309,88.41452551895969,90.33636928973277,95.59478212420414,90.6961144719683,100.0855787040142
1610555606.68LaSQbm9EHAFycEfFtEqAwYqlBsQPjIRW,79.7672491054342,77.43166566765927,90.85273702967788,0.0,79.5156074035411,83.58183089189595,83.08608291435392,85.55674601304067,81.2037906839262,84.15787824306256,79.9359331059813,78.77616468821162,91.78366996020107,82.36359469099055,81.06553876303197,73.52238282587365,88.16312990365313,86.39387216788214,78.39947565451308,79.4567670453456,83.38673129771398,96.2566436731651,77.7857331082177,87.76945770191948,84.62180212727354,91.5680926665045,77.94245363091545,76.19512657876933,78.96267966825674,81.83176133293657,77.16788312032531,87.68895570770087,85.92913423587275,76.44835386227173,79.8710321755132,75.76865581921753,76.09915668017342,75.16962355695914,78.77503911950251,82.731920151471,75.0191999560615,75.52817359649586,75.27084606489707,75.93760214488445,80.33540148972116,78.45052642381347,84.14537844574896,82.92860712501682,80.8460896794633,79.11971782011734,76.12836642359889,78.06449141110745,89.96156894969744,83.15570512649529,80.63346142063236,79.92118092573239,82.05206161686003,78.0130948670044,72.86442354237668,83.22782786029447,81.90818746903547,87.47846736543276,79.62146413100655,77.72746793213446,75.56701223135494,83.71340372077894,78.73759029912159,85.92164244891367
1610555617.19EKxMEwDHfXiEJZc27TsGoERaD6Da4BZU,67.70993559301539,82.53075379346713,80.4356132826018,79.5156074035411,0.0,78.03105454962788,69.87976145542403,74.37160164612801,63.01939192511807,83.645909987951,89.12704159640026,84.29838097114208,93.88983246132508,70.33386047197418,82.3397392268081,77.46829575338617,91.4620002494174,89.06326948987419,70.46881648557813,79.31205831752162,86.92686578092244,98.20153951626351,64.40608989741058,76.77260488538094,80.23191811223613,83.33710127083326,65.58713717402743,83.81264876051837,83.9730247672039,72.75541791622396,76.97237582785834,78.19873970143911,87.32166251034235,82.3638318546295,84.0400461182167,81.50903478825335,77.46868161822572,80.04787375742849,82.53714671770425,84.6528072548778,79.95305036178378,81.45108697660272,79.55870171717602,84.54053513610765,83.09126753309397,85.00414045402758,82.90701591561395,79.17243559302229,79.97975585199181,79.0042049781679,80.6756147584575,73.7225684295459,92.6418563862504,85.74157297936489,81.51694790667405,73.44529423496147,80.52182528125704,80.59335929611194,75.7580883969122,78.16059291756213,85.83620641492652,89.15826775756511,83.84515578660935,77.12116490559517,79.6936390790396,84.76641483902014,81.09039561876563,89.41124818213646
1610555722.52PJ3FD50MGhRXyUD28vluU8Z9UjLJLZn4,82.07236507973039,88.14064430008689,92.0641413737009,83.58183089189595,78.03105454962788,0.0,83.73457984608166,86.68362892184307,80.47185794835869,91.52088526818949,89.05507167352296,89.56497481102836,99.33951756641231,83.24819790205856,88.79321985734691,84.769418958448,93.10422575996813,94.36511759083918,60.709208028223806,87.53704456429499,89.80733629046621,102.7771373314929,75.84645818902078,88.70117016915817,86.75912181998491,56.56623190153102,79.49438449634128,87.12591108515716,86.7222798277843,81.5227256220181,85.3191048491396,87.0735023713701,93.91219787324887,88.26132708821646,89.56269761146868,85.74845534188488,85.04297044302554,86.848235742843,88.7383966856679,89.12303810254961,88.36628342633763,86.69985221609606,84.3035603028488,86.9556670695813,86.57839775647166,85.16784928514754,86.71777471213653,84.49964384660048,88.45969244446816,84.88440959522458,84.86722984979801,79.60468791505025,96.36234551745713,90.17006605721396,89.84020640356768,76.36146812897155,85.2283532465618,86.72190863836602,81.70376198519006,79.99903254052363,88.54702480316017,93.59442910797446,90.83454706528369,82.27467759097239,86.91728534180416,90.31638293653303,84.85714271714502,89.56532432999698
1610555617.52Ijr5puT55g9apK8auM7zaxa3NANg502t,70.4783687139134,84.823578266643,76.56107401826833,83.08608291435392,69.87976145542403,83.73457984608166,0.0,75.80693347912785,73.07820244352446,87.49637519143627,92.95364121070526,86.80475471392197,96.97316088163757,68.185112146856,84.15984189535749,80.71945027997694,95.19962939921442,91.86296661954883,75.97174729109469,83.70244214065092,91.79376286513471,101.2764010582912,75.20405155427622,77.30166627822832,84.79556022541861,90.04388881788117,74.8606402416066,87.06875229317542,87.03245952247542,68.20507990601844,81.28855361962805,79.56246104901695,91.25275813097737,85.8498966181375,88.39414397634512,84.8509340741394,83.21436103623525,83.95251282695459,86.19616130481943,87.75234153106716,84.23675832341478,84.37638682140182,84.52669594228239,87.62795001114912,85.81912724919943,88.28553533160836,86.99039281705245,82.6582268569378,83.99144178193274,83.77784704880176,83.60494789558953,76.92273375062166,95.1646321458375,89.07968986661939,84.09283149957018,80.59191780233762,86.12321476595108,81.5669487821537,79.12216401029073,78.41027248028287,89.16009741516105,92.75906248553115,86.57026131514534,80.11248740083875,83.67989001276334,88.4416902665641,84.02923478396877,93.25818875006418
1610555638.77ZLjTLkz4jYJdFMI2wWBztzsDILkoOtAk,57.18743403201474,88.17519771093575,57.75428281892361,85.55674601304067,74.37160164612801,86.68362892184307,75.80693347912785,0.0,70.4834404349101,88.85928573643237,95.03713741764332,89.60850540836705,98.55918947355978,65.42415133814043,88.33071757922951,82.46661592519146,96.88899531749708,94.42742167649497,78.85283684194673,84.72385674835154,93.5518939721879,103.41330326113146,78.18597040697787,40.51870940440524,88.48336239115677,92.25082620965469,75.66028473382794,89.35488542248103,89.59138237204631,78.08751624300506,82.14295570135012,85.17832212394819,92.34986271162953,87.50641594034212,90.13066697461751,86.4674091172867,85.15358982894216,85.44636668111143,89.6045541359273,89.70178221037695,87.68605034851008,86.66533472229852,85.81197881910838,88.9562120983184,88.83714164628809,90.56366661390886,88.66424478314461,84.33769728830565,85.86313352871835,85.05704811845673,84.63560426801791,79.39311999899572,96.74261175182271,91.12236928905345,86.40835812842013,83.25532640609225,87.37077730337826,85.4345702711468,80.1285773917074,85.46904465016425,91.02526444037007,94.4623150118026,88.83948509025659,82.92560148244006,84.90343135953526,90.68418582486518,85.47269692831715,95.54082941796432
1610556912.46C7tJPLF0XfNnm8f1820X9aLmXMHoc0Dw,61.58009364503849,83.6278565334839,76.59011039110757,81.2037906839262,63.01939192511807,80.47185794835869,73.07820244352446,70.4834404349101,0.0,84.71699416698006,90.28835709850883,85.30050807688043,94.35801019188001,67.14466731497798,83.55290905082879,77.94012739192918,92.5876065492959,90.3202648053981,71.27903553203225,79.99033530639662,88.68241217969202,98.80828203574364,71.69672111512635,72.28785280464209,84.03042928892856,85.00762576466907,68.57461968065853,85.02348714732969,85.37218862954435,75.28450519963974,77.42206020959249,80.92064982780231,88.14841747569314,83.57551876840517,85.16958318205953,82.24082719199336,80.07954478147886,81.17984287151677,85.22532430844764,85.70277064210416,83.0936862715956,82.03592607100016,81.04398380011922,85.67430238714692,84.334686551734,86.29905347107534,83.30288106538349,79.89723978155483,81.75611362308594,79.99874616306647,80.5724262926297,75.38458145849742,92.03291716084412,86.50641510424495,83.30473209155242,76.86234435817536,82.5742991595777,80.92988153765833,75.93695764690678,80.754973809282,86.5495649322051,89.24535983909865,84.55526124007851,77.87856667883183,80.62802580434155,85.55743746881863,81.70650268434385,90.71895033257718
1610555617.51LjzIROg0aeCP2GhDcAVQ0LipKJB9jmKc,82.31729313887213,82.82777390843845,93.98487322285968,84.15787824306256,83.645909987951,91.52088526818949,87.49637519143627,88.85928573643237,84.71699416698006,0.0,95.48619298382476,89.88849142538132,85.19728502846093,86.1127003828323,89.05032075128463,81.42675694413394,97.8212263747786,94.75102465202404,86.75422216769536,85.16437496013943,95.1544620054606,103.81821022559544,81.27243022808578,90.84096317889313,87.3916474057315,97.10711233281094,81.95604730945273,89.38282982176592,88.27998697274529,87.03301786522162,80.0613308575464,92.90676821828235,62.28350420707014,82.99841945329186,90.89351667408495,88.46154556992472,84.92937961266854,81.09941714007911,85.77487593478708,90.02236326426319,87.58257704823382,87.70316246874388,85.03591314475602,90.45927164960618,89.4257776457052,90.83385869277679,88.22870737684704,87.18612369457975,60.30510497837719,86.20346643862935,86.14693423088215,84.69036111668309,94.8256752417557,91.52963031515861,87.58014258408845,85.17217804101917,88.87007083856774,87.03392440708757,81.66098788954923,89.89464716723927,91.51891377646496,95.23153641798497,83.61324882592255,85.19274722970988,73.09429203910838,91.03723024664738,86.35574203020283,95.8499796992943
1610555608.17OpjjHobqRkX0UPcaXrbu7K6L3805SZri,90.72217937107246,89.56046367003962,100.13697464405095,79.9359331059813,89.12704159640026,89.05507167352296,92.95364121070526,95.03713741764332,90.28835709850883,95.48619298382476,0.0,92.58873291375102,100.85002478951259,91.85325094647506,90.77681337397428,87.85600802013525,66.99264112152264,94.03288214690384,87.58089448152877,91.95130136693192,89.87400871481606,103.6674977478257,87.64969349317293,97.05099568134746,93.08993148414443,93.16529474203884,89.51922456944129,90.03060981134425,89.45686878670067,91.77368932260175,88.59784540092508,96.2949781017869,96.41132720725646,89.84045669843626,91.98108549178909,85.3871858962451,88.22986912836623,89.0561408688351,91.85276581460349,92.1087191263048,89.20304721818572,83.2457408982695,86.05488452225777,89.87177712409293,87.81153199903201,82.46787739732342,92.8571704356481,92.31835663589358,92.47406733550034,88.95013187321477,89.82835860752323,89.15437628410587,99.11669695706794,91.13096466094832,92.80999374254577,87.90056508925781,88.33479488544506,90.644315955643,86.31677278818545,91.65513055039632,87.50038186115118,93.98301408530594,92.51859965737104,85.26752538341444,89.23494122353709,89.91328858435774,89.08853750253616,91.35062222809948
1610555721.82zWeNZfGUUfRJkgnAwlP8VMhPzXctnSd4,84.46905109577814,83.56473393401501,93.96967594753333,78.77616468821162,84.29838097114208,89.56497481102836,86.80475471392197,89.60850540836705,85.30050807688043,89.88849142538132,92.58873291375102,0.0,96.72407117348735,86.5925429305483,85.65900844394731,76.53031573626666,95.82121533130423,89.70878085015019,84.24733135212988,81.31184357252775,71.6762212140088,98.71541325953237,83.8387643714197,91.22167222534212,87.71494517698412,95.64960474697821,84.24020726813517,76.66214519384809,83.50684561403226,87.02771964578402,84.3579340871013,91.35498111085364,90.7794198542101,83.46748122532972,81.56972591050314,79.83998684073862,81.44138000691021,82.11416866718571,85.91647354351691,87.94645877597709,82.12341759452721,79.75093711513942,82.16958794715296,78.18290011866657,86.20123310944822,87.13126027306342,87.48100974861693,87.29858155805937,86.55718102883401,84.82075181038866,72.07865865354118,83.42255571850919,95.13841363318723,88.71422444100025,85.64106373686758,85.31684262964954,88.20096860077003,76.10832638177676,74.87631121344809,87.04196288334504,88.71410619555331,93.76945622123066,82.51733682012713,82.60164735412845,81.46481958250075,88.5988180838885,83.79170857390001,93.113491841414
1610555735.75bom85BDF0C7W2eIseHeMxi24qR68nzMi,92.40384308730752,82.66405723936609,103.46703279084294,91.78366996020107,93.88983246132508,99.33951756641231,96.97316088163757,98.55918947355978,94.35801019188001,85.19728502846093,100.85002478951259,96.72407117348735,0.0,95.46537329605108,93.02652381490974,90.18751234928206,102.43932537146827,98.38441361335835,95.0345262373098,94.38776030776283,101.52492653739846,109.41258866372159,91.95372194403937,100.68938580443941,97.11911334320519,104.5289570586823,92.58939312880767,95.85825097924578,95.95824111251574,96.05116775719002,88.81915459592736,100.35326691043284,62.660583909117804,90.27841990368877,98.51776236370138,95.88849343686375,92.83316467896444,89.36052309116553,93.77116041077713,95.96499885619657,94.40449404571739,94.10566843355097,93.14939253900837,97.52571527738996,95.27372999240959,94.72180770319423,96.14478086190286,96.31098415602524,87.54994801045257,94.63340137343734,94.49654354465787,93.99691617363676,99.61954179350386,96.5051378648305,96.16216603526729,94.1827579757736,97.79210933379775,94.97551512076362,90.54945906011608,98.47750413852327,97.97344513796679,100.21020802371882,90.71914937006979,92.07220087164151,87.82424776522474,96.14934540842145,94.92525719693053,102.38382276710831
1610555735.77NnT5xqKnwcf2BbjIekeb2arTQj6QMNwk,63.50710909989458,84.77200342954627,74.66124720987759,82.36359469099055,70.33386047197418,83.24819790205856,68.185112146856,65.42415133814043,67.14466731497798,86.1127003828323,91.85325094647506,86.5925429305483,95.46537329605108,0.0,84.38106067026692,79.09668266014934,93.7817033100158,90.89622066658872,75.33305526155483,81.70637891842176,90.38968821135933,100.08227190109362,74.62585159194285,68.44887684419902,85.32716167084848,88.7467931863854,72.34518150046958,86.0737960286462,86.37891176753845,74.30138249829817,79.19926181770423,81.48481430914049,89.6313376129018,84.69491168684777,87.48323919608312,83.58859236127952,82.13163645425588,82.53797846924886,86.68726926068992,86.97843941984472,84.62223317057642,82.81570067976372,82.93408195606963,86.54267711488681,85.3266098998486,87.15988487300393,85.39571199623138,81.73951412857451,83.0741893582997,82.27178432894253,81.93991741505504,76.40994340512395,94.25924684229366,88.12531820135383,83.66458343471712,79.66963574457527,84.75329354961255,81.917013677916,77.37132400292303,81.32159790561532,87.68443687211047,91.09470802521489,86.09033383093661,78.65205840306434,82.32893739748516,86.89675877849245,83.0272992767262,92.23683092511793
1610555638.33wjf1PhdNaoWfbRzXVn50hmFyB5bYAiLV,82.753846760361,78.79497229070435,92.5616101088826,81.06553876303197,82.3397392268081,88.79321985734691,84.15984189535749,88.33071757922951,83.55290905082879,89.05032075128463,90.77681337397428,85.65900844394731,93.02652381490974,84.38106067026692,0.0,80.46903097880175,92.7414935715388,87.52957857704214,82.95289042359039,86.01679300779138,91.42592826307835,91.90338696675138,81.63511287559183,90.11073251728435,86.07632624121587,94.1303288543846,82.3676717438292,86.88714421151776,83.70704183200516,84.74901961791475,80.53485482459975,88.21590767599247,88.56422358899967,84.72192293917152,87.33035650756858,82.72036524160606,82.26401559660468,83.29549240162233,83.85017190967626,85.05613878515925,80.82725956657777,77.34701232653913,79.34475885830905,87.04072168414268,80.00553287345457,83.98364859426522,85.76208216926277,85.85988403124269,85.65343019482965,82.33182388537385,85.07432068202543,81.6566174406306,93.07863393837292,82.88019678180743,85.98520663909918,83.07619005051808,86.11847768763779,84.95109896431866,81.51258402093904,85.17503787990096,82.67920951059254,85.56826233468078,85.38243505861215,74.39633624824138,83.45684450308062,77.67844732635953,82.92964579298163,89.9654539260859
1610555606.65jCE4ig8Pu8kvAzkxnSGfWsV0nQBjCf8H,76.26300138401996,78.92340760384128,87.94418425683118,73.52238282587365,77.46829575338617,84.769418958448,80.71945027997694,82.46661592519146,77.94012739192918,81.42675694413394,87.85600802013525,76.53031573626666,90.18751234928206,79.09668266014934,80.46903097880175,0.0,91.4284909011457,89.17370784286572,79.27704545460372,70.31090200374273,82.59809096246288,98.05570158349275,75.13644935266566,84.71852708597093,83.16253600869213,91.15422003461543,75.17099044178815,77.16884682612304,78.61540433505249,79.71356555845841,69.61426835598861,86.53048234769336,83.00112094282126,70.46514217706596,71.97544245409863,71.6511250431572,71.62933360138989,63.98679242926929,82.231364364255,82.93597644649607,75.16482539063375,77.87938941537563,77.22551136863103,79.66387161842422,80.68506798251369,83.78036181656016,80.44733934685536,79.76486821198625,76.7360510060874,77.58583778919308,70.09517726763195,76.57518385951069,88.9119577750751,84.36775795816018,71.98563339543227,78.95840677349432,83.45013040787627,70.39217747807572,67.26236438446355,83.51664126317397,83.72941339750122,87.96582700817287,69.18752119439505,77.12435066119932,70.8950788123592,83.84845311683043,77.44799060118879,88.56199296242396
1610555608.18ONsBCVo1i7BrX0XG9stct4oiA6ejX9Oz,92.94264195113276,91.48168044640306,101.99699050980699,88.16312990365313,91.4620002494174,93.10422575996813,95.19962939921442,96.88899531749708,92.5876065492959,97.8212263747786,66.99264112152264,95.82121533130423,102.43932537146827,93.7817033100158,92.7414935715388,91.4284909011457,0.0,96.74530698488871,90.87129523764641,94.78333042346482,93.92797940586077,105.37925994375964,90.60735935453604,98.77156208060246,95.3470849643747,95.07483527294572,92.08386541741928,94.20196351422457,92.94062295083684,94.04824278865526,91.46728312064822,97.92664296696519,98.37751148475517,92.96472505217014,96.84150008666685,89.23383875636532,91.92068219021598,92.24359787661976,93.91345417827833,95.1680765652148,92.62545369971974,86.71002807181614,90.48243976917115,94.45300912890313,89.67642592706048,87.75287894448185,95.48826533900144,95.12977386131557,94.5754343414567,91.70262067130804,93.42493606381359,92.18041030828797,101.08578602987988,93.5241080272986,95.78555656461677,90.5653932021181,91.02926120796376,93.93213514085406,90.05086177192892,94.23915850760106,91.07181345827195,94.72961291307978,95.17088718750426,86.7565629407334,91.76716086632106,90.78958180428664,92.29089759078062,95.023446727742
1610555721.51RNoQUMP19FTMS79BmA3JkgSm2IC2AQuQ,89.26466015943731,78.08252920272294,99.05599141034823,86.39387216788214,89.06326948987419,94.36511759083918,91.86296661954883,94.42742167649497,90.3202648053981,94.75102465202404,94.03288214690384,89.70878085015019,98.38441361335835,90.89622066658872,87.52957857704214,89.17370784286572,96.74530698488871,0.0,89.65125208245563,92.70773727419973,96.46586807215068,101.31814103569145,88.38338245128949,96.25283894843156,93.30815377953328,99.68306416024988,89.37705594684773,91.46272903173555,91.25233744328594,91.24560219683217,88.78012250676242,95.42329525158185,94.53860205097652,90.54524272991091,94.82726834152989,90.31058407263687,90.80516582875532,89.40508257694201,89.95243155626854,93.89966068716035,89.98400162223507,84.44187765333082,90.51610928459134,92.36045462314424,83.07046429222542,78.43326348285113,93.13049304497369,92.71971249006411,91.52919520433126,90.13711394984193,91.24404280283018,89.73461676286435,99.15365416552568,88.99565828613026,93.91459649265667,90.41704942042159,91.81588347867195,92.01837363332054,88.09326741035787,91.99075924824228,89.05286874806247,92.18155338389629,91.76262041369833,82.94951462712437,89.42624048806978,87.42459731493175,90.58320211805552,94.82907652537487
1610555971.86O0cHB2ibBJ8jxoObg01EpGe8VVV5mpwn,72.44167341089462,82.83525861416673,83.81954081001004,78.39947565451308,70.46881648557813,60.709208028223806,75.97174729109469,78.85283684194673,71.27903553203225,86.75422216769536,87.58089448152877,84.24733135212988,95.0345262373098,75.33305526155483,82.95289042359039,79.27704545460372,90.87129523764641,89.65125208245563,0.0,82.72362290828931,87.12579190991067,97.92150515911372,71.76807753455371,80.78785341583352,81.77705661108712,74.35661073735676,73.33874192411943,82.76487179364405,83.65017937836545,73.75216112789157,79.70289750558543,79.52931345553658,89.66393534394528,83.7403740531556,85.02553206309625,81.51187261056204,80.25572605227423,82.28515411967942,83.5581772828344,84.08914612073114,83.16710583287046,81.75886164869424,79.77541915656079,83.16091676328429,82.30047707716963,83.17336330148433,83.28777488610316,78.5786154146801,83.29676736188854,80.27435900586421,80.16954449654331,72.98064301493037,92.12863707384565,85.73218966101761,85.11270064724654,75.6897930533944,80.75594738505674,82.26884567675093,76.43850351597662,74.28360893007111,84.63226303658634,88.69329951156645,85.98645469875478,76.38263340986059,81.7071359361293,84.84393301849941,80.16358145573068,87.42555155180001
1610556911.51zU3duZSGpcw1BDNsBLxdOCITAXwl6z3i,79.07405818488364,84.9515694426711,90.37809160831296,79.4567670453456,79.31205831752162,87.53704456429499,83.70244214065092,84.72385674835154,79.99033530639662,85.16437496013943,91.95130136693192,81.31184357252775,94.38776030776283,81.70637891842176,86.01679300779138,70.31090200374273,94.78333042346482,92.70773727419973,82.72362290828931,0.0,86.58160880997923,101.34376798422535,78.65381518891589,86.70712361662524,87.38127827933056,93.62811478882632,76.36499617202247,82.52392109776497,85.11024202953469,83.64016782530835,77.43931042064064,89.63230170951554,87.26894992390525,78.81315250552085,81.11861291643211,80.05559470097404,76.26792048818604,76.6093008951223,87.38335123735875,87.62410026085487,82.12895461250132,82.88010212074971,81.69661253747708,83.52865863073525,85.67356486238654,88.63828512687834,83.82531566194123,83.69900227275305,81.62844045809584,82.3323773811676,76.4734086209014,80.9771541895159,94.59058493512535,88.64518492638696,79.53836837933602,82.67444585712109,86.45336819606172,75.4551791923995,73.24816259300076,87.4811280459993,88.61111956665867,92.30180400456672,79.23440327885609,81.74286728855667,77.17161836795887,88.04382991091197,82.25012407229897,93.29992594246443
1610555988.71dMoYT8250UHHJGxgmITTmbHe7V6gH1yU,89.61655495769665,90.54890653257812,98.67482500327957,83.38673129771398,86.92686578092244,89.80733629046621,91.79376286513471,93.5518939721879,88.68241217969202,95.1544620054606,89.87400871481606,71.6762212140088,101.52492653739846,90.38968821135933,91.42592826307835,82.59809096246288,93.92797940586077,96.46586807215068,87.12579190991067,86.58160880997923,0.0,103.0338053884459,88.23801394543374,95.34156553626482,92.86290874014576,95.60116090647942,89.18534629809356,79.01058820383783,88.13000672687372,91.91722176516848,89.07984431634998,96.27213947438753,96.18995594773146,88.70687235243658,83.53702463345721,81.61894490709935,82.92360264680981,87.6903779573735,91.88555177656096,91.37706372909209,86.36360936981205,83.49339207498844,84.83530090638652,83.17803615915858,89.88671032055151,88.05120384391245,89.74809692618537,91.94022032725165,91.84967477092924,88.87321940137772,80.39391656706348,87.33729664511701,99.96736469865763,92.44612907815228,90.76991544816144,89.00173842944245,90.12100961033515,81.85352221334243,80.5552522659151,90.71409108132694,90.80644772329042,96.73296163982512,89.33484936689307,87.08205298312603,87.95847588955806,92.51856074142987,88.93142037982373,93.36733501518538
1610556042.81mlUZsSp7gbGjrp8jQSnybT1gPy6e62o1,98.99652953698096,97.39703678275066,107.76493927513023,96.2566436731651,98.20153951626351,102.7771373314929,101.2764010582912,103.41330326113146,98.80828203574364,103.81821022559544,103.6674977478257,98.71541325953237,109.41258866372159,100.08227190109362,91.90338696675138,98.05570158349275,105.37925994375964,101.31814103569145,97.92150515911372,101.34376798422535,103.0338053884459,0.0,97.76820248306362,105.09340377549516,102.32226596430003,107.12679883325916,98.7459816397965,98.46037182408736,100.20038681899331,99.94433784784722,98.90142549239815,105.66174440638625,104.74988711763316,99.81598321801191,103.34863804733199,97.91887253574568,99.3016688677921,99.32205972060322,100.79096695852328,99.74154193624213,99.41375884015937,86.6998880137033,98.00129505286033,100.42819792314035,97.50450743011949,97.24556559922928,100.45896297305164,101.38457726180953,100.66646456831431,96.75842869862143,98.55799443325667,99.21518012294146,106.85778214035932,92.40950349422394,103.1663626322911,99.87673869729403,100.25226479513937,98.85923798122634,97.19472807483749,100.07954886011944,93.2493793301893,86.38412957278597,101.93975961388361,87.28875033507944,98.49627518908675,81.58284423438222,97.52861815188213,100.32025762077777
1610555637.02UBW5nKvDyUrKnaWcYRGajZPxTRDS0q3N,71.57890339821417,80.69303561796744,83.27087122142557,77.7857331082177,64.40608989741058,75.84645818902078,75.20405155427622,78.18597040697787,71.69672111512635,81.27243022808578,87.64969349317293,83.8387643714197,91.95372194403937,74.62585159194285,81.63511287559183,75.13644935266566,90.60735935453604,88.38338245128949,71.76807753455371,78.65381518891589,88.23801394543374,97.76820248306362,0.0,80.30367662652233,78.27760413192783,83.59759640020589,64.92717324886173,82.9135643876624,81.48807656927521,69.8731424294556,73.79248407541083,75.6349513698331,84.78811400288042,79.18569946959077,83.49444293973262,80.49213474720926,77.37776330035653,75.13672603436265,81.0903008491593,83.92935853580228,79.70884480613934,80.24856747035489,77.50597053182749,83.10959306300397,80.60564966948361,83.05437204855573,81.10462898234061,77.87812120851483,77.28304442966302,77.10139858264478,79.60480244050255,71.82837315962092,91.37404529627007,84.36410672709631,78.95535060067738,63.234283690428654,78.71393868383005,79.61532985969188,75.01306139496295,74.73323242614178,83.79078022896779,88.02562004862399,81.08307199261267,75.53483551328671,76.69919431962063,83.70926810915373,79.04315891106111,87.53152361670335
1610555619.13oUYNikU4facCTpUSiSLr0vPI0tJLnXiT,58.49161241344345,90.18914375578285,57.158165327459066,87.76945770191948,76.77260488538094,88.70117016915817,77.30166627822832,40.51870940440524,72.28785280464209,90.84096317889313,97.05099568134746,91.22167222534212,100.68938580443941,68.44887684419902,90.11073251728435,84.71852708597093,98.77156208060246,96.25283894843156,80.78785341583352,86.70712361662524,95.34156553626482,105.09340377549516,80.30367662652233,0.0,90.5520296728719,94.07232623349363,78.05064518553462,91.16348178173108,91.7629643265533,79.94240357945742,84.30189401207002,86.73867805273841,94.34720895031555,89.53564330906758,92.02637619596919,88.57312314559316,87.03648700846705,87.52323100256608,91.65291533104,91.75107493858516,89.75650971445035,88.60697301867654,88.0406442305469,91.07561842868208,90.88434158585194,92.60034680227001,90.92973139803806,86.52887323999958,88.03210321642885,87.25581794396044,86.64978967008786,81.73341046989925,98.58918420776698,93.12928920579654,88.36068797357242,85.4422555993873,89.46301227106638,87.26364799946147,82.26670242216919,87.20857075178351,92.96269408535014,96.42445027408782,90.82581192126564,85.15350406503114,87.0649230894172,92.70030016464469,87.7911754725986,97.43761689950101
1610555721.03nzkucfjAUh31zTbmCVvTVYqtjoxZFnBh,83.21552701167349,84.63004647096746,93.08083829216724,84.62180212727354,80.23191811223613,86.75912181998491,84.79556022541861,88.48336239115677,84.03042928892856,87.3916474057315,93.08993148414443,87.71494517698412,97.11911334320519,85.32716167084848,86.07632624121587,83.16253600869213,95.3470849643747,93.30815377953328,81.77705661108712,87.38127827933056,92.86290874014576,102.32226596430003,78.27760413192783,90.5520296728719,0.0,93.37457594840033,81.97921449973768,87.40115006580082,85.94236014790411,84.46247483723106,83.25941317389189,88.34577719028525,90.2609577194356,85.94855618625567,89.8848295653526,85.96054486778708,84.81858153377827,84.02606495177298,73.1017807646314,88.0674091191833,86.77346050979475,85.34780567888735,83.3510833311913,88.39936611699481,86.20559915044659,87.91616120717852,87.43288228145488,82.55855873654252,83.20863994090688,84.74499213059394,85.28846473066977,81.40728406260584,94.21172775043757,90.36415991249237,88.75970971142203,78.51577545729056,79.45530990224617,87.06638725295196,81.49334636778121,81.82591448614217,88.5740853198601,93.7082995785013,87.44372570951909,81.15151414304334,81.84185008195772,88.53523960592113,83.35963861671692,93.17035307051206
1610555722.67fhKURdXVzRbLIjXmjRwdJHTnE7PWb1AE,88.35077268550286,94.26930254166217,97.53440762682462,91.5680926665045,83.33710127083326,56.56623190153102,90.04388881788117,92.25082620965469,85.00762576466907,97.10711233281094,93.16529474203884,95.64960474697821,104.5289570586823,88.7467931863854,94.1303288543846,91.15422003461543,95.07483527294572,99.68306416024988,74.35661073735676,93.62811478882632,95.60116090647942,107.12679883325916,83.59759640020589,94.07232623349363,93.37457594840033,0.0,85.53671365017517,94.46521214242352,92.9393985369171,88.776330428571,91.60235281115096,93.21749340444966,99.269757818918,94.62661334237451,95.45579601731133,91.83092451033589,91.10407347561156,93.24716774484315,94.91969928359778,94.75562965038353,94.47270764650852,92.39324321860884,90.59837673432911,94.88542260435621,92.83862874638503,91.62289571118797,92.65470736242192,91.0878689176526,94.35114305534371,91.33838899337931,92.24480086872921,87.35273630538384,101.43771270682196,95.82472215095311,95.9032097822385,83.61965129046888,90.85331330858894,93.07689717529323,88.94725518493233,87.27984223508544,94.12624542000246,98.56498625535482,96.56740886516015,88.06455350790239,92.9196153332263,95.18193313393577,91.48243902091082,93.85954650868345
1610555638.39J2ZWBLuLTHP0jOlzB4tNHmYeijH5g5YJ,68.8775407123523,82.41864423997745,81.44479060132117,77.94245363091545,65.58713717402743,79.49438449634128,74.8606402416066,75.66028473382794,68.57461968065853,81.95604730945273,89.51922456944129,84.24020726813517,92.58939312880767,72.34518150046958,82.3676717438292,75.17099044178815,92.08386541741928,89.37705594684773,73.33874192411943,76.36499617202247,89.18534629809356,98.7459816397965,64.92717324886173,78.05064518553462,81.97921449973768,85.53671365017517,0.0,83.84429516018984,83.66095135356386,74.59329263373608,72.14640766330042,80.71222577394731,85.65877253701345,80.5440818711736,84.7133079012676,81.56995700495617,77.90989657811748,78.11906774438359,83.39686887617259,83.76703935416405,80.06464343126433,81.32698545851679,78.84206913776221,84.1973877398349,83.6055425732315,85.73055721700926,80.28464960581215,76.88164281192385,77.96818873592964,76.17107716120636,79.93903025074066,71.25172057693074,91.50287002052343,85.83102860237874,80.32054567088743,73.92552803009853,82.79021423197493,80.28244673324608,75.18914897624943,79.96650120222041,86.21075264253693,89.21927500844114,81.25615083281866,77.29461235044238,77.03231861381742,85.05243792786527,78.09827449223211,90.90068255093024
1610556032.17Q6yCDx9g7alRnL9jBFXD2JhhUyB2hKfJ,84.1686899020978,84.38699314947227,94.54986921551222,76.19512657876933,83.81264876051837,87.12591108515716,87.06875229317542,89.35488542248103,85.02348714732969,89.38282982176592,90.03060981134425,76.66214519384809,95.85825097924578,86.0737960286462,86.88714421151776,77.16884682612304,94.20196351422457,91.46272903173555,82.76487179364405,82.52392109776497,79.01058820383783,98.46037182408736,82.9135643876624,91.16348178173108,87.40115006580082,94.46521214242352,83.84429516018984,0.0,82.61959985527339,86.54224956991268,83.80302960637088,91.3492221243331,90.47171647248221,79.67431043123136,82.6717146648139,78.68615634736312,79.64749888998466,80.11415197746933,86.71971130633682,85.95468574507773,80.55319558239648,77.50318131693328,79.24506796277771,77.1833455521143,86.39301431649977,84.28143056429026,85.8714021513189,86.8933086157132,86.04953972580189,83.69919666055907,73.47529627440534,82.61303116180396,93.54266376083267,87.67127579080689,85.39864903769438,84.71294397907278,86.55050939346378,76.69797685624367,70.9965008765769,86.87818042639162,86.2737199746363,90.87013116388296,82.9365717427123,81.65101060226871,81.14451833896962,86.94776999606205,83.33494291826588,88.304387393739
1610557007.49MyVgDnuUuBxrvL6SGOdhKf69VYlW1MSm,84.62530533050985,83.52103607592339,94.97407431543434,78.96267966825674,83.9730247672039,86.7222798277843,87.03245952247542,89.59138237204631,85.37218862954435,88.27998697274529,89.45686878670067,83.50684561403226,95.95824111251574,86.37891176753845,83.70704183200516,78.61540433505249,92.94062295083684,91.25233744328594,83.65017937836545,85.11024202953469,88.13000672687372,100.20038681899331,81.48807656927521,91.7629643265533,85.94236014790411,92.9393985369171,83.66095135356386,82.61959985527339,0.0,86.27029267454,81.54047263068666,92.4261955679286,89.90527631501664,81.23010373265981,84.63984635482326,79.09586092261738,81.46662949419967,78.70683742600698,83.3927739130698,86.86972866826349,79.40565529175095,81.66617386009351,80.6459837974616,80.63714780110702,80.54158218903137,84.10165795110832,86.23212620914545,86.56937579068693,85.04465574564499,82.75304009629822,82.01978838898516,83.17275193364617,94.60448466234531,86.80942796763566,86.2749544491652,82.71272314509,86.78332607616395,83.4976680680696,79.10162816488152,86.1118113650716,87.60698136773003,90.67493574283499,83.34998564384783,82.16908859509418,80.32896666413453,85.2332169776786,82.56643002695404,90.82124484201572
