,square,rectangle,parallelogram,losange,isoTrapezoid,kite,rightKite,rustedHinge,hinge,trapezoid,random
square,0.009045937678974865,0.012783336502492627,0.015742595181440708,0.01848939314400517,0.016634587624148173,0.0157437548709886,0.0147635096720253,0.019077501670527346,0.018145837772044843,0.016069056533730617,0.01941016156698922
rectangle,0.012783336502492625,0.010431687154519477,0.01612230337268992,0.019652742201979167,0.01894297299242221,0.017634869772418977,0.016864231732356884,0.0197490965867174,0.01840605377204269,0.01780143246106023,0.021188893315528572
parallelogram,0.01574259518144071,0.01612230337268992,0.011624434747444361,0.014070813185590664,0.01777335727467003,0.016321667957416443,0.015706378910751852,0.017944435166861086,0.016844164497818163,0.015042481564159287,0.017752334080923107
losange,0.01848939314400517,0.019652742201979167,0.01407081318559066,0.01312428736610405,0.019435286147159538,0.01841173834252658,0.017729106684598137,0.01986214370141404,0.019076079929345048,0.016107705783128853,0.018056052570162275
isoTrapezoid,0.016634587624148173,0.01894297299242221,0.01777335727467003,0.019435286147159538,0.010301253836421385,0.01265779024108378,0.012224070226795771,0.01619789399369487,0.015749644910419414,0.013537567444159104,0.014792519920837396
kite,0.0157437548709886,0.01763486977241898,0.016321667957416443,0.018411738342526584,0.012657790241083784,0.009122204151391084,0.010005797836773635,0.01457692851483462,0.014002000283135538,0.013594973939214786,0.014603051519324317
rightKite,0.0147635096720253,0.016864231732356884,0.015706378910751852,0.017729106684598133,0.012224070226795771,0.010005797836773637,0.008773649235333112,0.014217226093304258,0.013743186249639527,0.012643456960269934,0.013961187864650025
rustedHinge,0.019077501670527346,0.019749096586717405,0.017944435166861086,0.019862143701414044,0.01619789399369487,0.01457692851483462,0.014217226093304254,0.011918927533789259,0.012341150050835536,0.015874605686896682,0.01602587196719652
hinge,0.018145837772044843,0.01840605377204269,0.016844164497818167,0.019076079929345048,0.015749644910419414,0.014002000283135538,0.013743186249639534,0.012341150050835536,0.011479592165389685,0.015065863621730666,0.015486290298575293
trapezoid,0.016069056533730617,0.01780143246106023,0.015042481564159287,0.016107705783128853,0.013537567444159107,0.013594973939214786,0.012643456960269932,0.015874605686896685,0.015065863621730666,0.010725204822399583,0.012984288922192277
random,0.01941016156698922,0.021188893315528572,0.017752334080923107,0.018056052570162275,0.014792519920837396,0.014603051519324317,0.013961187864650025,0.01602587196719652,0.015486290298575293,0.012984288922192281,0.011051471574636668
