,square,rectangle,parallelogram,losange,isoTrapezoid,kite,rightKite,rustedHinge,hinge,trapezoid,random
square,0.09338382876929789,0.1358098615329632,0.18782618185237018,0.22847085857461472,0.21889521222226457,0.20674918051966598,0.1932368595126693,0.2534421109423438,0.2391859762919579,0.20749599998304563,0.263564008362421
rectangle,0.1358098615329632,0.10367824145318894,0.1887152406624234,0.23791621607955984,0.2453466686470922,0.22951393110177215,0.21828388532472437,0.2561351404544656,0.2354203695756667,0.2266213188399346,0.2834919152649185
parallelogram,0.1878261818523702,0.1887152406624234,0.13353382600400476,0.16367839178026453,0.24764759491381694,0.22475013771808697,0.21489779092307645,0.24388737407258737,0.2264145643330231,0.19634989407305115,0.24223232605858572
losange,0.22847085857461472,0.23791621607955984,0.16367839178026453,0.1525167075396965,0.27587450704016436,0.25912975331563953,0.24759128469547842,0.27337486164896013,0.26097771213419446,0.2147403755781832,0.2469077443364949
isoTrapezoid,0.21889521222226463,0.2453466686470922,0.24764759491381694,0.27587450704016436,0.13343193346416443,0.17665922840793288,0.16953935396702915,0.22549284664867084,0.21790263839309615,0.18927175114057068,0.2074655291475608
kite,0.20674918051966598,0.22951393110177215,0.22475013771808697,0.25912975331563953,0.17665922840793288,0.12579940568397183,0.13732132376220804,0.20435886765870093,0.19419699916589347,0.19037121445721306,0.20470182720282862
rightKite,0.1932368595126693,0.21828388532472437,0.21489779092307645,0.24759128469547842,0.16953935396702915,0.13732132376220804,0.11786377555430294,0.19589154896963537,0.19055270563858712,0.17686441630673191,0.19402538232580502
rustedHinge,0.25344211094234376,0.2561351404544656,0.24388737407258737,0.27337486164896013,0.22549284664867084,0.20435886765870093,0.19589154896963537,0.16094833976250195,0.16691605199590387,0.22316550458620774,0.22019353241364004
hinge,0.2391859762919579,0.2354203695756667,0.22641456433302304,0.26097771213419446,0.21790263839309615,0.19419699916589347,0.1905527056385871,0.1669160519959039,0.1528796596506984,0.2089013191273889,0.21302840022748906
trapezoid,0.2074959999830457,0.22662131883993455,0.19634989407305112,0.2147403755781832,0.18927175114057065,0.19037121445721306,0.1768644163067319,0.22316550458620774,0.2089013191273889,0.14400160686260466,0.17654867785554684
random,0.26356400836242105,0.2834919152649185,0.24223232605858572,0.2469077443364949,0.2074655291475608,0.20470182720282862,0.194025382325805,0.2201935324136401,0.21302840022748912,0.17654867785554684,0.1426100801570236
