,square,rectangle,parallelogram,losange,isoTrapezoid,kite,rightKite,rustedHinge,hinge,trapezoid,random
square,0.014372651964498705,0.017291357951942248,0.021415667532287755,0.025246508595749558,0.016952182234343662,0.01673100394278983,0.016185067770484188,0.019136230948254986,0.018609892029561755,0.017976900180503238,0.021329342515153706
rectangle,0.017291357951942248,0.014240822176375479,0.017838546120036707,0.022212106067137062,0.021355729441709104,0.0190479920831474,0.01863142600869421,0.018053783723597686,0.01682402838019718,0.019442539875544406,0.023875573198140015
parallelogram,0.02141566753228776,0.01783854612003671,0.015649496331086116,0.018268507987983483,0.023704157571703025,0.022853366497630968,0.021268013016188667,0.020125229805169162,0.018768335887756043,0.019171650992595643,0.022772715644434286
losange,0.02524650859574956,0.022212106067137062,0.018268507987983483,0.016313527432739786,0.025737299855598122,0.025983623155372025,0.0243989563330533,0.022218846281319704,0.021539362582370568,0.02034663272480449,0.021631318391924764
isoTrapezoid,0.016952182234343662,0.0213557294417091,0.023704157571703025,0.025737299855598125,0.014545318032857428,0.01718659507450163,0.016756535901149845,0.02200417866541369,0.021868221825459947,0.017961604186024275,0.019777194222008833
kite,0.01673100394278983,0.019047992083147402,0.022853366497630968,0.025983623155372018,0.01718659507450163,0.014681894485820194,0.015889555786955903,0.021277207328582758,0.021045395903185653,0.020165335076981906,0.023012261024833627
rightKite,0.016185067770484188,0.01863142600869421,0.021268013016188667,0.0243989563330533,0.016756535901149845,0.015889555786955903,0.014442209892046472,0.020650720965521,0.020269871733050362,0.017682849124952004,0.021325282190953802
rustedHinge,0.019136230948254986,0.018053783723597686,0.020125229805169162,0.022218846281319704,0.02200417866541369,0.021277207328582758,0.020650720965521,0.014557376752745928,0.015137499238342254,0.020249200361374578,0.02183549742287227
hinge,0.018609892029561755,0.01682402838019718,0.018768335887756043,0.021539362582370568,0.021868221825459944,0.02104539590318565,0.020269871733050362,0.015137499238342258,0.014721445390058473,0.01958728436935552,0.021771604357614185
trapezoid,0.017976900180503238,0.019442539875544406,0.019171650992595643,0.02034663272480449,0.017961604186024275,0.020165335076981903,0.017682849124952004,0.020249200361374578,0.019587284369355522,0.014973791627675155,0.017451288989090548
random,0.021329342515153702,0.02387557319814002,0.022772715644434286,0.021631318391924764,0.019777194222008833,0.023012261024833627,0.021325282190953806,0.02183549742287227,0.021771604357614185,0.01745128898909055,0.015705259829722783
