,square,rectangle,parallelogram,losange,isoTrapezoid,kite,rightKite,rustedHinge,hinge,trapezoid,random
square,0.02260946995654285,0.026902918305934078,0.031633773593909086,0.03574976200933317,0.02555776104110303,0.025151316501268384,0.024345283795324767,0.02850666569180294,0.027779064855304136,0.026950966090816805,0.031210243353741625
rectangle,0.026902918305934078,0.021440385351043208,0.026203754739097168,0.031095751805852893,0.03233504034059476,0.028498918259248437,0.027987551995690873,0.02622442453869092,0.02440216351642935,0.028861553033599868,0.034336364635430605
parallelogram,0.031633773593909086,0.026203754739097168,0.024796389002256666,0.028211212481815545,0.03487234305273638,0.033188867240558036,0.03161295655624485,0.02937404160214651,0.027487910499671486,0.029419631814699785,0.03396264296322377
losange,0.03574976200933317,0.031095751805852893,0.028211212481815545,0.02545964183999631,0.03654827645673969,0.03645633439217266,0.03517215288026124,0.03130502847656797,0.030328150869243883,0.030534905560086405,0.031599865790948915
isoTrapezoid,0.02555776104110303,0.03233504034059476,0.034872343052736364,0.03654827645673969,0.022093336604856885,0.02604860452294203,0.02549319420245817,0.03240267429476265,0.032309111201755454,0.02721275990717761,0.029642065537750395
kite,0.025151316501268384,0.028498918259248437,0.033188867240558036,0.03645633439217266,0.02604860452294203,0.02279546617930932,0.024486828117186513,0.0313264486815668,0.030812520294326982,0.029705444397355032,0.033416830410154634
rightKite,0.02434528379532477,0.02798755199569088,0.03161295655624485,0.03517215288026124,0.02549319420245816,0.024486828117186513,0.022799219706068984,0.030393625609581424,0.029706405731529426,0.026998620558855796,0.0320291963915971
rustedHinge,0.02850666569180294,0.02622442453869092,0.02937404160214651,0.03130502847656797,0.032402674294762644,0.03132644868156681,0.030393625609581424,0.023028814435057415,0.02331602050163843,0.0296007163611595,0.03175634554330725
hinge,0.027779064855304136,0.024402163516429348,0.027487910499671486,0.030328150869243876,0.032309111201755454,0.030812520294326993,0.029706405731529426,0.02331602050163843,0.022473761605201883,0.02871909135174392,0.031823636121648534
trapezoid,0.026950966090816805,0.028861553033599868,0.029419631814699785,0.030534905560086405,0.027212759907177603,0.029705444397355032,0.026998620558855796,0.0296007163611595,0.028719091351743928,0.023544326330628404,0.027081599929891995
random,0.03121024335374162,0.034336364635430605,0.033962642963223766,0.031599865790948915,0.029642065537750395,0.033416830410154634,0.0320291963915971,0.03175634554330725,0.031823636121648534,0.02708159992989199,0.024099898151476506
