,square,rectangle,parallelogram,losange,isoTrapezoid,kite,rightKite,rustedHinge,hinge,trapezoid,random
square,0.09980926600031434,0.11370328785382484,0.15333329695261166,0.17004219415258634,0.14316132173489377,0.14398152903613748,0.1396581833833951,0.15557612068302398,0.14886320605031703,0.14795041632825445,0.17089390784693737
rectangle,0.11370328785382484,0.09792641337241066,0.13830326422799838,0.16009334382641505,0.16169507738454147,0.15279484992093004,0.14953694683186772,0.14927078782381223,0.13925114310391215,0.15455656429020512,0.1803806724000467
parallelogram,0.15333329695261166,0.13830326422799838,0.11686811920934677,0.13422683895156579,0.17638624374715323,0.17532549835725764,0.16874161943400748,0.16721074233366315,0.15678161336872745,0.15081269827878954,0.1742732012595191
losange,0.17004219415258634,0.16009334382641507,0.13422683895156579,0.11812738935025442,0.1818254636758353,0.18615914241326023,0.1797720809375009,0.1766369390558127,0.17012932551564452,0.15195799753278763,0.16439286211862836
isoTrapezoid,0.14316132173489377,0.16169507738454147,0.17638624374715323,0.1818254636758353,0.11256386620290229,0.1392151736645952,0.13417525020515017,0.17098035125664177,0.1701056813834466,0.13768144651464434,0.15201945666710415
kite,0.14398152903613745,0.15279484992093004,0.17532549835725764,0.18615914241326023,0.1392151736645952,0.10960181767343069,0.12083401244242434,0.16388026026554658,0.16074247250894344,0.1565466338459763,0.1655011551630909
rightKite,0.1396581833833951,0.14953694683186772,0.16874161943400748,0.1797720809375009,0.13417525020515017,0.12083401244242434,0.10832222559111239,0.15817410130451587,0.15535307369430634,0.1408513455247373,0.15677101522092923
rustedHinge,0.15557612068302398,0.1492707878238122,0.16721074233366315,0.1766369390558127,0.17098035125664177,0.16388026026554656,0.1581741013045159,0.11027526930506826,0.11514053820146011,0.16274318075054056,0.1630786128284407
hinge,0.148863206050317,0.13925114310391215,0.15678161336872742,0.17012932551564452,0.1701056813834466,0.1607424725089434,0.15535307369430634,0.11514053820146009,0.1099821796671827,0.15760576878747834,0.15994910026150574
trapezoid,0.14795041632825445,0.15455656429020512,0.15081269827878951,0.15195799753278763,0.13768144651464434,0.1565466338459763,0.14085134552473733,0.16274318075054056,0.1576057687874783,0.11368537220619895,0.13323892290552347
random,0.17089390784693737,0.18038067240004674,0.1742732012595191,0.16439286211862836,0.15201945666710415,0.1655011551630909,0.15677101522092923,0.1630786128284407,0.15994910026150577,0.13323892290552347,0.11279810316679029
