,square,rectangle,parallelogram,losange,isoTrapezoid,kite,rightKite,rustedHinge,hinge,trapezoid,random
square,0.1918367720194542,0.2151052500266748,0.23403662727502547,0.25239352394687203,0.20827499915886205,0.20453197461063993,0.20044394516988512,0.22151238443356103,0.21905651603878157,0.21218533220520142,0.23232404344313629
rectangle,0.2151052500266748,0.18613895361202765,0.20817825167816786,0.23007100255346868,0.24334736517321817,0.22267144915539433,0.2198848785052185,0.20827585179309072,0.20029563038871417,0.2229140984087965,0.2479565745001956
parallelogram,0.23403662727502542,0.20817825167816792,0.20224318006355121,0.21884009178346872,0.2518043706962923,0.24078642330737599,0.23410716919126315,0.222328018327752,0.21446941037582173,0.22656237700728432,0.24721181837268286
losange,0.25239352394687203,0.23007100255346868,0.21884009178346875,0.20594018885283455,0.2579710559043628,0.2549727286176851,0.25013974633139,0.23107245316351227,0.227057134807561,0.23198818763369608,0.23628272249768173
isoTrapezoid,0.20827499915886208,0.24334736517321817,0.2518043706962923,0.2579710559043628,0.1920039524495876,0.21103724899108423,0.20860174044661883,0.24253681268069183,0.24324580935047213,0.21615576802849548,0.22738653806603046
kite,0.20453197461063996,0.22267144915539433,0.24078642330737596,0.2549727286176851,0.21103724899108423,0.19444173125173742,0.20228179773867144,0.23474856360604326,0.23294113068696573,0.22402365005283786,0.24075476351452973
rightKite,0.20044394516988506,0.2198848785052185,0.23410716919126315,0.25013974633139,0.20860174044661883,0.20228179773867144,0.19436482861615612,0.22947332856089617,0.22709104898041935,0.21295328675116956,0.23626229376116334
rustedHinge,0.22151238443356103,0.20827585179309072,0.222328018327752,0.23107245316351233,0.24253681268069183,0.2347485636060432,0.22947332856089614,0.19572654532084863,0.19698601937253024,0.2260981455233967,0.23790776047175888
hinge,0.21905651603878157,0.20029563038871417,0.21446941037582173,0.227057134807561,0.24324580935047213,0.2329411306869657,0.22709104898041935,0.19698601937253024,0.19284074497182038,0.22280648385281204,0.23842038421026787
trapezoid,0.21218533220520142,0.2229140984087965,0.22656237700728438,0.23198818763369608,0.21615576802849548,0.22402365005283786,0.2129532867511696,0.2260981455233967,0.222806483852812,0.19759957165075087,0.2159424694125269
random,0.23232404344313629,0.2479565745001956,0.24721181837268286,0.23628272249768173,0.2273865380660305,0.24075476351452973,0.2362622937611634,0.23790776047175882,0.23842038421026782,0.2159424694125269,0.20109874424884447
