,square,rectangle,parallelogram,losange,isoTrapezoid,kite,rightKite,rustedHinge,hinge,trapezoid,random
square,0.023920668056029763,0.02855404944556317,0.03420755657634615,0.039118066124083875,0.0275080015463241,0.027215932498623273,0.026351614236640248,0.03093875023348366,0.030140198448323746,0.02896714280839241,0.03379275909044256
rectangle,0.02855404944556317,0.02355534833865718,0.028603194749713057,0.03433377027739641,0.03447839683535936,0.030874396363238483,0.030271830394667926,0.029094000926544475,0.027197181075250505,0.03125021901246205,0.037684642634400474
parallelogram,0.034207556576346144,0.028603194749713064,0.025298355448782065,0.028834995485458204,0.03748445139204149,0.036330966525950845,0.03403049761684395,0.032129490936154456,0.030068793622437744,0.0307078916783626,0.03598531922389942
losange,0.039118066124083875,0.03433377027739641,0.0288349954854582,0.025530617002069107,0.039744795294123295,0.04020776879787191,0.03793897929464932,0.034598974573423036,0.033574390230491545,0.031854184326748886,0.033709453142127976
isoTrapezoid,0.0275080015463241,0.03447839683535936,0.037484451392041485,0.039744795294123295,0.023685513692246186,0.02806988487182611,0.027285254196228625,0.035185644689686976,0.034979638160897525,0.02888024457873336,0.03146154685738173
kite,0.027215932498623273,0.030874396363238483,0.036330966525950845,0.04020776879787191,0.02806988487182611,0.02442926544037281,0.026278321454581206,0.03410462771943643,0.033719488827923944,0.03233369420986039,0.03648666962877871
rightKite,0.026351614236640248,0.030271830394667926,0.03403049761684395,0.03793897929464932,0.027285254196228625,0.026278321454581206,0.024022223093633607,0.03318837825493694,0.03257555838852943,0.028577368712619837,0.03394865618836582
rustedHinge,0.030938750233483664,0.029094000926544482,0.03212949093615446,0.034598974573423036,0.03518564468968698,0.03410462771943643,0.03318837825493694,0.024333256826722882,0.025151955725304393,0.03239631512413236,0.03487577258499764
hinge,0.030140198448323753,0.027197181075250505,0.030068793622437737,0.033574390230491545,0.034979638160897525,0.033719488827923944,0.032575558388529435,0.025151955725304397,0.024439733892835453,0.031399811061222256,0.03482128293121413
trapezoid,0.02896714280839241,0.03125021901246205,0.0307078916783626,0.031854184326748886,0.02888024457873336,0.03233369420986039,0.028577368712619837,0.03239631512413236,0.031399811061222256,0.024284576820894813,0.027975511646012526
random,0.03379275909044256,0.037684642634400474,0.03598531922389943,0.03370945314212797,0.03146154685738173,0.03648666962877871,0.03394865618836582,0.03487577258499764,0.03482128293121413,0.027975511646012526,0.02534849241225356
