,square,rectangle,parallelogram,losange,isoTrapezoid,kite,rightKite,rustedHinge,hinge,trapezoid,random
square,0.0017544994020155004,0.0022236640797382336,0.0029798331998912237,0.003250953473658585,0.002796258955502065,0.002806674700733603,0.0026769915229234434,0.0030790632824733615,0.0030518099689882156,0.0029229294607545243,0.003195200466291409
rectangle,0.0022236640797382336,0.0017946334064967776,0.002883245351413538,0.0032593339457654092,0.00297712314085809,0.002937772782086006,0.0028282503484663964,0.003002614172235806,0.0029242319391094406,0.003027707359577769,0.0033162999976086953
parallelogram,0.0029798331998912237,0.002883245351413538,0.0021161619595088544,0.0024573793753064795,0.003188578073296045,0.0030545891658804217,0.003030272850734502,0.003128896605739385,0.003041935834745589,0.002801573248058416,0.003092217235465198
losange,0.0032509534736585846,0.0032593339457654092,0.0024573793753064795,0.002227385086253096,0.003369158659476883,0.003270421552409574,0.0032463548382381867,0.003323972385541376,0.0032887274045476063,0.0028924833521135236,0.00305488178421601
isoTrapezoid,0.0027962589555020644,0.00297712314085809,0.003188578073296045,0.003369158659476883,0.0017533588666314784,0.0021811413575925534,0.0020969568164525662,0.0025766212619021908,0.0026167768064834793,0.0023261765565361792,0.002410958039231918
kite,0.002806674700733603,0.002937772782086006,0.0030545891658804226,0.003270421552409574,0.0021811413575925534,0.0016059182182245773,0.001785263951148585,0.002400655851703501,0.0023902334865597546,0.0024260801428102412,0.002410511679385116
rightKite,0.0026769915229234434,0.002828250348466396,0.003030272850734502,0.0032463548382381867,0.0020969568164525662,0.001785263951148585,0.0015807833851675616,0.0023047198351435986,0.002312745736907592,0.002281763393892691,0.002324394448691838
rustedHinge,0.0030790632824733615,0.003002614172235806,0.0031288966057393857,0.003323972385541376,0.0025766212619021908,0.002400655851703501,0.0023047198351435986,0.001726043172922438,0.0018732545936231203,0.002608558157172963,0.0024571605741957325
hinge,0.003051809968988215,0.0029242319391094406,0.003041935834745589,0.0032887274045476055,0.0026167768064834793,0.002390233486559755,0.002312745736907592,0.0018732545936231203,0.0018259337123673672,0.0025668919512123094,0.0024484454297634363
trapezoid,0.0029229294607545243,0.003027707359577769,0.0028015732480584166,0.0028924833521135236,0.0023261765565361792,0.0024260801428102417,0.002281763393892691,0.002608558157172963,0.00256689195121231,0.0019070070149831454,0.002156026172387699
random,0.003195200466291409,0.0033162999976086953,0.003092217235465198,0.00305488178421601,0.002410958039231918,0.0024105116793851156,0.0023243944486918385,0.0024571605741957325,0.0024484454297634363,0.002156026172387699,0.0017201775330830398
