,square,rectangle,parallelogram,losange,isoTrapezoid,kite,rightKite,rustedHinge,hinge,trapezoid,random
square,0.0667652275139331,0.07616237313906532,0.09927238715947823,0.11169100925192844,0.08932838862898503,0.0899937332716611,0.0870627975559108,0.0984964829288606,0.09381684359177456,0.09308063986217846,0.10826290505760613
rectangle,0.07616237313906532,0.0655694702942457,0.08823670463084965,0.10364676128110252,0.10265221082919627,0.09640634562124441,0.09411303446313785,0.09441281468340493,0.08742996800736176,0.09770419696422238,0.11560916598103371
parallelogram,0.0992723871594782,0.08823670463084965,0.0754490701090257,0.08671768286811454,0.11095306332549403,0.11149714874967458,0.10480803532446045,0.10461739459678328,0.09734106042357474,0.09424668284974994,0.11039074942565842
losange,0.11169100925192844,0.10364676128110249,0.08671768286811454,0.07661642313122423,0.11616208119462561,0.12105498842068924,0.11407498846778803,0.11207113860570685,0.10738169899777199,0.09625125675650201,0.10487496563379031
isoTrapezoid,0.08932838862898503,0.10265221082919627,0.11095306332549403,0.11616208119462564,0.07238760839438071,0.08703548812116546,0.08413658622452413,0.10906877393870047,0.10733616499142866,0.08751176914357492,0.09621737305462932
kite,0.0899937332716611,0.09640634562124442,0.11149714874967458,0.12105498842068924,0.08703548812116546,0.0708389567351558,0.07716852545924209,0.10579920532377525,0.10339281080162505,0.10023583252550675,0.10870850593886353
rightKite,0.0870627975559108,0.09411303446313785,0.10480803532446045,0.11407498846778803,0.08413658622452415,0.07716852545924209,0.06933007320060887,0.10228543889695126,0.09963436175764859,0.08876182308960362,0.10083277067054848
rustedHinge,0.09849648292886058,0.09441281468340491,0.10461739459678328,0.11207113860570685,0.10906877393870047,0.10579920532377522,0.10228543889695127,0.07231221675927513,0.0748333437415611,0.10340017208888046,0.10539026708777695
hinge,0.09381684359177456,0.08742996800736176,0.09734106042357474,0.10738169899777196,0.10733616499142866,0.10339281080162503,0.0996343617576486,0.07483334374156109,0.07146427392091748,0.09932298995083019,0.10310034735035091
trapezoid,0.09308063986217846,0.09770419696422238,0.09424668284974995,0.09625125675650201,0.08751176914357492,0.10023583252550675,0.0887618230896036,0.10340017208888048,0.09932298995083019,0.07231764191427262,0.08480117775932723
random,0.10826290505760611,0.11560916598103371,0.11039074942565842,0.10487496563379031,0.09621737305462934,0.10870850593886353,0.10083277067054848,0.10539026708777693,0.10310034735035091,0.08480117775932723,0.07313995501585682
