,square,rectangle,parallelogram,losange,isoTrapezoid,kite,rightKite,rustedHinge,hinge,trapezoid,random
square,0.04643412435607804,0.0533417149397546,0.0696081309306054,0.07877609488229097,0.06079147033248787,0.06144661713855399,0.059275497851534464,0.06765444463039734,0.06437571897378858,0.06318497761957957,0.07434249501753548
rectangle,0.0533417149397546,0.04585703124479848,0.061404601349422744,0.0725768043049396,0.07073204904843765,0.06628456615398305,0.06455176874258428,0.06481243334405402,0.05987123047100211,0.06665470103325485,0.07982675507968026
parallelogram,0.0696081309306054,0.061404601349422744,0.05309225935075027,0.061090633639083305,0.07721141129462952,0.07747177087462069,0.07282500999216006,0.07225057114998487,0.06730932269168556,0.06538620472085006,0.07710849774716017
losange,0.07877609488229097,0.0725768043049396,0.061090633639083305,0.05426224886991851,0.08119361775430096,0.08448937336120269,0.07978656242823717,0.07769097396734023,0.07458008726483807,0.06733210370071238,0.07336565737915154
isoTrapezoid,0.06079147033248787,0.07073204904843765,0.07721141129462952,0.08119361775430096,0.05033385273002917,0.06010989520235018,0.05836468497387675,0.07496541825215693,0.07374650211750836,0.060378595849178214,0.06648835818782102
kite,0.06144661713855399,0.06628456615398305,0.07747177087462069,0.08448937336120269,0.060109895202350196,0.04957956965625515,0.053669346394515476,0.07263699124663751,0.07087436651421256,0.06895406932770386,0.07501376867773303
rightKite,0.059275497851534464,0.06455176874258428,0.07282500999216006,0.07978656242823717,0.058364684973876736,0.053669346394515476,0.048364321552804915,0.07025736115191762,0.06819490147513835,0.061134115502791755,0.0696900860332198
rustedHinge,0.06765444463039734,0.06481243334405402,0.07225057114998487,0.07769097396734023,0.07496541825215693,0.07263699124663751,0.07025736115191762,0.05056626289753714,0.05216601602159409,0.07094644472065248,0.07298395478288221
hinge,0.06437571897378858,0.05987123047100211,0.06730932269168556,0.07458008726483807,0.07374650211750836,0.07087436651421256,0.06819490147513836,0.052166016021594076,0.0498398259337912,0.06804652691565967,0.07144906432219716
trapezoid,0.06318497761957957,0.06665470103325485,0.06538620472085006,0.06733210370071238,0.060378595849178214,0.06895406932770386,0.061134115502791755,0.07094644472065248,0.06804652691565967,0.05025804284370959,0.05919081004006366
random,0.07434249501753548,0.07982675507968026,0.07710849774716018,0.07336565737915153,0.06648835818782102,0.07501376867773303,0.0696900860332198,0.07298395478288221,0.07144906432219716,0.05919081004006364,0.0512926813432431
