,square,rectangle,parallelogram,losange,isoTrapezoid,kite,rightKite,rustedHinge,hinge,trapezoid,random
square,0.02327468090037416,0.027906378158359484,0.03336392410009483,0.0381518119418331,0.026540056533589942,0.026104507773905133,0.02515858258607303,0.02976838434400229,0.02901637493363864,0.028119752035020516,0.032976436433127
rectangle,0.027906378158359484,0.02231770160053951,0.027502938230144797,0.03316061280580233,0.03381335715437793,0.029866473413442257,0.029192244707941475,0.027600930607389818,0.025664879512663923,0.030326235186752832,0.03672828253585268
parallelogram,0.03336392410009483,0.027502938230144797,0.025449402551390648,0.0291668207261611,0.03680336277704329,0.03528216089397576,0.03326154229554551,0.031031840266573525,0.028999167164404052,0.030537163555611008,0.0359473348062326
losange,0.0381518119418331,0.03316061280580233,0.0291668207261611,0.026141979404932247,0.03889621973572908,0.039179473484142247,0.0373887168485058,0.033335263810549264,0.032377783459088656,0.03179013310234608,0.033367400041078674
isoTrapezoid,0.026540056533589942,0.03381335715437793,0.0368033627770433,0.03889621973572908,0.022697201766577493,0.0270128712876755,0.026295002254452776,0.03404497442051328,0.03398818474397625,0.028170149094463193,0.030974751454368697
kite,0.026104507773905133,0.029866473413442257,0.035282160893975754,0.03917947348414224,0.0270128712876755,0.023571521897647548,0.025375352372833105,0.03303102646773621,0.032576460839180324,0.031333817429713466,0.0356357676061873
rightKite,0.02515858258607303,0.02919224470794148,0.03326154229554552,0.0373887168485058,0.026295002254452783,0.025375352372833098,0.02336060462919386,0.031984838643703495,0.031303059930833946,0.02797468649579207,0.033684361160867496
rustedHinge,0.02976838434400229,0.027600930607389818,0.031031840266573525,0.033335263810549264,0.03404497442051328,0.03303102646773621,0.03198483864370349,0.023752677661967585,0.02427392938649918,0.03108554998480841,0.0336928500696265
hinge,0.029016374933638636,0.02566487951266392,0.028999167164404052,0.03237778345908866,0.03398818474397625,0.032576460839180324,0.031303059930833946,0.02427392938649918,0.023466660873534523,0.03021181931805324,0.03388642968999141
trapezoid,0.02811975203502051,0.030326235186752825,0.030537163555611008,0.03179013310234608,0.028170149094463193,0.031333817429713466,0.02797468649579207,0.03108554998480841,0.03021181931805324,0.024036643969562486,0.027957045156505423
random,0.032976436433127004,0.03672828253585269,0.0359473348062326,0.03336740004107867,0.030974751454368697,0.0356357676061873,0.0336843611608675,0.0336928500696265,0.03388642968999141,0.027957045156505416,0.025015682696839802
