,square,rectangle,parallelogram,losange,isoTrapezoid,kite,rightKite,rustedHinge,hinge,trapezoid,random
square,0.005419919801396022,0.00726078211392294,0.009146796475932664,0.010527320105239555,0.009294889995694638,0.008963273943718583,0.008547641443293301,0.010144177314778449,0.009989866295992975,0.009302361428135073,0.010911502578323034
rectangle,0.00726078211392294,0.005702856584539735,0.00878844727254225,0.010553008684766588,0.009909533588453121,0.009389770985734206,0.009101328596849567,0.009744782135505538,0.009378132332218129,0.009690423983483921,0.011238140203270474
parallelogram,0.009146796475932665,0.00878844727254225,0.006357941874163718,0.0076034709889988596,0.009847742541404655,0.009223832152129015,0.00902778316110381,0.009427164610945542,0.009105651854118532,0.008437106495906793,0.009719781571530054
losange,0.010527320105239555,0.01055300868476659,0.0076034709889988596,0.006937661448907511,0.010606017142893439,0.010210476335465506,0.010010835359855457,0.010331955594728466,0.010191394337597795,0.008831407771451891,0.009663975777074752
isoTrapezoid,0.009294889995694638,0.009909533588453121,0.009847742541404655,0.010606017142893439,0.005302606058709008,0.006788586576503544,0.006586660299513308,0.008184229082596323,0.008286413797045885,0.00726821448694089,0.007778333707610987
kite,0.008963273943718583,0.009389770985734206,0.009223832152129015,0.010210476335465506,0.006788586576503542,0.005027694084167753,0.00557235810735082,0.0075391171829044465,0.0075270713350674865,0.007577104539209079,0.007894468477516186
rightKite,0.008547641443293301,0.009101328596849567,0.009027783161103808,0.010010835359855457,0.006586660299513308,0.00557235810735082,0.0049522952100441685,0.007342522985390101,0.0073922479464647965,0.007127873100191438,0.007623516506649731
rustedHinge,0.010144177314778449,0.009744782135505536,0.009427164610945542,0.010331955594728465,0.008184229082596323,0.007539117182904446,0.007342522985390101,0.005569624231590242,0.00601629854822378,0.008265982184637602,0.008111352433665849
hinge,0.009989866295992975,0.009378132332218129,0.009105651854118532,0.010191394337597795,0.008286413797045885,0.0075270713350674865,0.007392247946464796,0.00601629854822378,0.005836679273618755,0.008121283921088065,0.008105836498276089
trapezoid,0.009302361428135073,0.009690423983483921,0.008437106495906793,0.008831407771451891,0.00726821448694089,0.007577104539209078,0.0071278731001914375,0.008265982184637602,0.008121283921088065,0.00589668705947602,0.006917626037639436
random,0.010911502578323035,0.011238140203270474,0.009719781571530053,0.009663975777074752,0.007778333707610987,0.007894468477516186,0.00762351650664973,0.008111352433665849,0.008105836498276087,0.006917626037639436,0.005658158658358235
