,square,rectangle,parallelogram,losange,isoTrapezoid,kite,rightKite,rustedHinge,hinge,trapezoid,random
square,0.026915694859756683,0.0314529402259745,0.03944070156909664,0.04641089353099091,0.0324160980786183,0.0321309145766471,0.031108073753276247,0.03631763954924936,0.035018943479525985,0.034329561875469594,0.040996134637051256
rectangle,0.03145294022597451,0.02660451524293835,0.03376920545395815,0.0417868223783142,0.03926798808086485,0.03566060112710623,0.03489116910581329,0.03462734186241546,0.0321921234939541,0.03657105351584723,0.04493780496223214
parallelogram,0.03944070156909664,0.03376920545395815,0.029267397665920635,0.03423732326449153,0.04338841924205775,0.042461944394941394,0.03924549376606388,0.03868799102295286,0.035905610093998314,0.03556058371438714,0.04258394227756497
losange,0.046410893530990906,0.0417868223783142,0.03423732326449153,0.03062884849534718,0.04702178063782994,0.048077697898842205,0.04472311279794048,0.042552145911295795,0.0409662821235808,0.03753351777944002,0.04060317170213482
isoTrapezoid,0.03241609807861828,0.03926798808086486,0.043388419242057746,0.047021780637829934,0.02750699367737812,0.03231882002265157,0.03126910877224758,0.04118468421701911,0.040643339873147576,0.03341817065478732,0.037149633799768524
kite,0.0321309145766471,0.03566060112710623,0.042461944394941394,0.048077697898842205,0.03231882002265157,0.027297594104792745,0.02938630468058899,0.04028250785269858,0.039562456719069654,0.0377985269182346,0.04315659635649881
rightKite,0.031108073753276254,0.03489116910581329,0.03924549376606388,0.04472311279794048,0.03126910877224758,0.02938630468058899,0.026489338273990644,0.03908040466203381,0.03815141839674544,0.03298494505347102,0.039711206782110216
rustedHinge,0.03631763954924936,0.03462734186241546,0.03868799102295286,0.042552145911295795,0.04118468421701911,0.04028250785269858,0.03908040466203381,0.02732868375172226,0.028419166837551225,0.03863289234448906,0.04117627442354659
hinge,0.03501894347952599,0.0321921234939541,0.035905610093998314,0.0409662821235808,0.040643339873147576,0.03956245671906966,0.03815141839674544,0.028419166837551225,0.027569385471087463,0.03712932925745641,0.0406827484879993
trapezoid,0.0343295618754696,0.03657105351584723,0.03556058371438714,0.03753351777944002,0.03341817065478732,0.0377985269182346,0.03298494505347103,0.03863289234448905,0.03712932925745641,0.027884743862638235,0.03274061059079612
random,0.040996134637051256,0.04493780496223214,0.042583942277564964,0.04060317170213482,0.037149633799768524,0.0431565963564988,0.039711206782110216,0.04117627442354659,0.0406827484879993,0.03274061059079612,0.029463069873718994
