,square,rectangle,parallelogram,losange,isoTrapezoid,kite,rightKite,rustedHinge,hinge,trapezoid,random
square,0.1393101152602716,0.16558605768118057,0.24278489922979068,0.26858588537608735,0.22940582990410352,0.23865091123486126,0.22735837298121347,0.2590467525770819,0.24779789213585415,0.23928047026591817,0.2794896606578143
rectangle,0.16558605768118057,0.1372271414079193,0.22432730465381984,0.257566394318467,0.24750476751719921,0.2466619538714135,0.23645025869954855,0.2449721274823807,0.22912365872248358,0.24498762104353927,0.28632277993393157
parallelogram,0.24278489922979068,0.2243273046538199,0.17387379388394758,0.202134014603755,0.2768744853978052,0.27434204045438454,0.26904362562916617,0.273625401940822,0.25661245690330337,0.2364646237876539,0.2742599802015533
losange,0.26858588537608735,0.257566394318467,0.202134014603755,0.17916203796338773,0.2895101311800668,0.2915217595196672,0.2879194863762532,0.2906307404393182,0.2790521302487768,0.2409660391163113,0.26443368751271396
isoTrapezoid,0.22940582990410352,0.24750476751719921,0.2768744853978051,0.2895101311800668,0.16076375412276678,0.21367395564200353,0.20145926051705684,0.24943305439853733,0.24912591287194086,0.20859933175226988,0.23377065597232072
kite,0.23865091123486126,0.24666195387141351,0.27434204045438454,0.2915217595196672,0.21367395564200353,0.16419744003994735,0.18141815927993446,0.24635571489814279,0.23938894580171657,0.23423859590968998,0.24775659284160761
rightKite,0.22735837298121347,0.2364502586995485,0.26904362562916617,0.2879194863762532,0.20145926051705684,0.18141815927993443,0.15884210607170163,0.23321752362167475,0.22874329027710102,0.2140862447304906,0.23811758827866591
rustedHinge,0.2590467525770819,0.2449721274823807,0.27362540194082197,0.2906307404393182,0.24943305439853733,0.24635571489814279,0.2332175236216748,0.16303773597510537,0.17265801606005468,0.24610827732553678,0.24826713277056842
hinge,0.24779789213585415,0.22912365872248358,0.25661245690330337,0.27905213024877673,0.24912591287194086,0.23938894580171657,0.22874329027710108,0.17265801606005465,0.16363133043254874,0.23721707814105486,0.2419688797314602
trapezoid,0.23928047026591823,0.24498762104353922,0.2364646237876539,0.2409660391163113,0.20859933175226983,0.23423859590968998,0.21408624473049065,0.24610827732553678,0.23721707814105486,0.1703853259597932,0.20261345146799692
random,0.27948966065781433,0.28632277993393157,0.2742599802015533,0.26443368751271396,0.23377065597232072,0.24775659284160761,0.23811758827866591,0.24826713277056842,0.24196887973146017,0.20261345146799692,0.17172280323110933
