,square,rectangle,parallelogram,losange,isoTrapezoid,kite,rightKite,rustedHinge,hinge,trapezoid,random
square,0.003894038770265765,0.00503062718393071,0.006472587267875934,0.007205116376001082,0.006275336986236326,0.006234069419102898,0.00591797654909218,0.006994310616046335,0.006913748171489147,0.0064411333856917745,0.007362731022986282
rectangle,0.00503062718393071,0.004001777510308725,0.006207496174101919,0.00719962713465533,0.006711186655795856,0.006515886590794642,0.006276080389971503,0.006710272179450435,0.006498910672213526,0.00671023604410768,0.007626507257756941
parallelogram,0.006472587267875934,0.006207496174101919,0.004603254555767437,0.005391406837718465,0.006951958706664909,0.006621356595089036,0.006457662716206053,0.006687840262594928,0.006471013722082881,0.006079436714332141,0.006890891630993214
losange,0.007205116376001082,0.0071996271346553295,0.005391406837718465,0.004862128277031059,0.007297762681778614,0.007125053499124115,0.006946847392311564,0.007104518003867489,0.007016909517618527,0.006204127594675437,0.006701733792321432
isoTrapezoid,0.006275336986236326,0.006711186655795854,0.006951958706664909,0.007297762681778614,0.003800534760759936,0.004844343892598982,0.004652849274300849,0.005857366092109838,0.005924117430583342,0.0051185582398314755,0.005426723333952612
kite,0.006234069419102898,0.006515886590794642,0.006621356595089038,0.007125053499124115,0.004844343892598982,0.0036176361470967528,0.003994982981341745,0.005454787004104496,0.00543560375537645,0.005440851527903682,0.005594164084659248
rightKite,0.00591797654909218,0.006276080389971503,0.006457662716206053,0.006946847392311564,0.004652849274300849,0.003994982981341745,0.003535512433728882,0.005280434575726248,0.00529262691640459,0.005046168451208377,0.005322597862367237
rustedHinge,0.006994310616046335,0.006710272179450434,0.006687840262594927,0.007104518003867489,0.005857366092109838,0.005454787004104496,0.005280434575726248,0.003946678361567553,0.004261484348290299,0.005855987141384063,0.005705306254476515
hinge,0.006913748171489146,0.006498910672213527,0.006471013722082881,0.007016909517618527,0.005924117430583342,0.00543560375537645,0.005292626916404589,0.004261484348290299,0.004146290225305932,0.005763710017153588,0.005686783568339751
trapezoid,0.0064411333856917745,0.00671023604410768,0.006079436714332141,0.006204127594675437,0.0051185582398314755,0.005440851527903682,0.005046168451208377,0.005855987141384063,0.005763710017153587,0.004182278269580876,0.004828208930912403
random,0.007362731022986282,0.007626507257756941,0.006890891630993214,0.006701733792321432,0.005426723333952612,0.005594164084659248,0.005322597862367237,0.005705306254476516,0.005686783568339751,0.004828208930912403,0.003924297736339002
