,square,rectangle,parallelogram,losange,isoTrapezoid,kite,rightKite,rustedHinge,hinge,trapezoid,random
square,0.012225288633782375,0.014693159245005296,0.01810544407390983,0.02124454087619136,0.01426171481203744,0.014062438124909156,0.013642926394456982,0.016153308335996243,0.01570910105865615,0.015171913427983689,0.01791115950554769
rectangle,0.014693159245005296,0.012143497513668989,0.015098117533123012,0.01866004288428685,0.017939385067676332,0.01601626645779145,0.015725080426757448,0.015277317742934338,0.014242231995864989,0.01641200762300572,0.020039784676482868
parallelogram,0.01810544407390983,0.015098117533123012,0.01328341628401112,0.015495052261343796,0.019919646905460484,0.019241204788200638,0.01798101180321338,0.017043237840372,0.015915194234031003,0.016241606508987958,0.019246793083415786
losange,0.02124454087619136,0.01866004288428685,0.015495052261343796,0.013842123266266783,0.021602854219942284,0.021805820137448126,0.020567064312661792,0.01873101584691529,0.018170310529469835,0.017230858312813287,0.018329964426131884
isoTrapezoid,0.014261714812037437,0.017939385067676332,0.019919646905460484,0.021602854219942284,0.01227032618356818,0.014466337890144076,0.0141205555014353,0.018411869609443892,0.018301395497072794,0.015129862563714496,0.016635448232401033
kite,0.01406243812490916,0.016016266457791445,0.019241204788200638,0.021805820137448126,0.014466337890144072,0.012421794937998864,0.013446876727703748,0.01783060243095678,0.017627874201516968,0.01695018299510648,0.019302517901518098
rightKite,0.013642926394456982,0.015725080426757444,0.01798101180321338,0.02056706431266179,0.0141205555014353,0.013446876727703748,0.012266522378004066,0.017397829562639668,0.017066627325856513,0.014931716226164009,0.0179602560200267
rustedHinge,0.016153308335996243,0.015277317742934338,0.017043237840372,0.01873101584691529,0.018411869609443892,0.01783060243095678,0.017397829562639668,0.012495796021476543,0.012958314096050064,0.017064227333429112,0.018387978242559916
hinge,0.015709101058656146,0.01424223199586499,0.015915194234031003,0.018170310529469835,0.018301395497072794,0.017627874201516968,0.017066627325856513,0.012958314096050067,0.012595677717318388,0.01652691895706611,0.018355156368772323
trapezoid,0.015171913427983689,0.01641200762300572,0.016241606508987958,0.017230858312813287,0.015129862563714496,0.016950182995106478,0.014931716226164009,0.01706422733342911,0.016526918957066105,0.012709997357784346,0.014798567755345006
random,0.01791115950554769,0.02003978467648287,0.019246793083415786,0.018329964426131884,0.016635448232401033,0.019302517901518094,0.0179602560200267,0.018387978242559916,0.01835515636877232,0.014798567755345006,0.013380490449560783
