,square,rectangle,parallelogram,losange,isoTrapezoid,kite,rightKite,rustedHinge,hinge,trapezoid,random
square,0.09139758419596455,0.10591995640801345,0.12202876493872142,0.13609261357619704,0.1018501096582251,0.10021154835685452,0.09724832915368795,0.11223633187663516,0.10931313229562907,0.1065470061111646,0.12156599181518282
rectangle,0.10591995640801345,0.08370836240983805,0.10179831438340681,0.11893974712494058,0.12657654625120582,0.11154183334453191,0.10948966409606213,0.10185818118572852,0.09492613742092298,0.11210965750983315,0.13176319548804383
parallelogram,0.12202876493872142,0.10179831438340681,0.09799446832532785,0.11009425336206523,0.13396138996469184,0.12728459567501715,0.12183320780541528,0.11378518569423264,0.10690995661917366,0.11421986677145093,0.13078419454165494
losange,0.13609261357619704,0.1189397471249406,0.11009425336206524,0.09976543171369345,0.13887682356373113,0.13778662626105606,0.1337928033153408,0.12013969146073877,0.11663870367361408,0.11770615720803822,0.12124331593374588
isoTrapezoid,0.1018501096582251,0.12657654625120582,0.13396138996469184,0.13887682356373113,0.088345535118298,0.10319875626235304,0.10136348999567706,0.12680236698787434,0.1262585475020383,0.10742176388218136,0.11632402005249966
kite,0.10021154835685453,0.1115418333445319,0.12728459567501715,0.13778662626105606,0.10319875626235304,0.09115209350624301,0.09752981029417962,0.12188631840874083,0.11976185334768709,0.11556975196459411,0.12829116147897426
rightKite,0.09724832915368795,0.10948966409606213,0.12183320780541528,0.1337928033153408,0.10136348999567706,0.09752981029417962,0.09170216761335029,0.11827367264090656,0.11549314742184957,0.10651209634191502,0.12459988601192465
rustedHinge,0.11223633187663516,0.10185818118572852,0.11378518569423264,0.12013969146073877,0.12680236698787434,0.12188631840874083,0.11827367264090656,0.09177547564975701,0.09223981019318796,0.11540913292211136,0.12299724663538363
hinge,0.10931313229562907,0.09492613742092297,0.10690995661917368,0.11663870367361408,0.12625854750203827,0.11976185334768709,0.11549314742184956,0.09223981019318796,0.08880057015043444,0.11207981298986172,0.12327444166802841
trapezoid,0.10654700611116458,0.11210965750983314,0.11421986677145093,0.11770615720803822,0.10742176388218139,0.11556975196459411,0.10651209634191502,0.11540913292211136,0.1120798129898617,0.09367643577388216,0.10693688636206064
random,0.12156599181518282,0.13176319548804383,0.13078419454165494,0.12124331593374588,0.11632402005249967,0.1282911614789743,0.12459988601192462,0.12299724663538363,0.1232744416680284,0.10693688636206064,0.09486999044150837
