,photo_face,photo_profil,photo_eyes,photo_face2,photo_walking,photo_standing,photo_hand,photo_legs,photo_bird,photo_butterfly,photo_girafe,photo_fish,photo_cherry,photo_tree,photo_flower,photo_carrot,photo_watch,photo_key,photo_truck,photo_velo,photo_road,photo_house,photo_mountain,photo_windmill,drawing_face,drawing_profil,drawing_eyes,drawing_face2,drawing_walking,drawing_standing,drawing_hand,drawing_legs,drawing_bird,drawing_butterfly,drawing_girafe,drawing_fish,drawing_cherry,drawing_tree,drawing_flower,drawing_carrot,drawing_watch,drawing_key,drawing_truck,drawing_velo,drawing_road,drawing_house,drawing_mountain,drawing_windmill,geo_face,geo_profil,geo_eyes,geo_face2,geo_walking,geo_standing,geo_hand,geo_legs,geo_bird,geo_butterfly,geo_girafe,geo_fish,geo_cherry,geo_tree,geo_flower,geo_carrot,geo_watch,geo_key,geo_truck,geo_velo,geo_road,geo_house,geo_mountain,geo_windmill,word_face,word_profil,word_eyes,word_face2,word_walking,word_standing,word_hand,word_legs,word_bird,word_butterfly,word_girafe,word_fish,word_cherry,word_tree,word_flower,word_carrot,word_watch,word_key,word_truck,word_velo,word_road,word_house,word_mountain,word_windmill
photo_face,0.0,570.1278131719866,567.0747568945873,520.4895057422889,698.667443005782,644.6597827975351,575.9859520649383,579.5697173149803,688.9394930119611,708.8859709533085,651.384827394848,682.9608693635861,558.9204423005868,620.8317204239014,751.6005696194363,722.3756374272626,690.0256574239919,815.3832025361844,744.3426060866088,630.532075387426,672.0481260360528,648.2952486220395,597.6149950474111,739.750510889439,633.6230614613552,623.1552739911168,620.9745762758562,642.6782907268631,652.2774402018129,693.1442387958813,693.0136853553149,702.7503992269816,726.4928098356263,675.8027337697323,651.0598171685507,667.8168731168513,716.2648500825304,714.9891804856702,697.634173196785,811.5606256166193,709.3063223496997,823.6615395719905,735.8133332251101,666.7938916656287,747.1309269861365,671.274800220291,689.4597371536506,690.938064886588,655.5277294444369,709.786131137986,657.4993128374181,677.4109668642782,738.6779235412429,752.9415747590224,734.5062011948355,695.3346396637495,752.5807064695751,643.6707725607569,751.6833183398113,726.3128990198333,662.2352548390322,743.2388292877263,693.7908326308217,703.5508697059634,735.2601305301647,725.8331675482295,679.2697412234787,709.4957150601211,661.6758266876014,686.9442809619385,696.2200656436374,660.2418957839211,636.0055858935456,648.4080861736448,607.6360753195709,614.9152496609421,614.541351319098,635.1945790726998,648.1807333635378,618.0172239559782,624.1034402933224,646.8607344973537,637.1816266755795,647.8614858377299,618.5154973818919,633.3343938780129,635.2927870404794,612.7954854560978,634.9984302017683,621.0791170481119,625.1321374951534,609.4843092566348,629.5404566030661,656.5386969756956,647.5465256719377,648.2595941893724
photo_profil,570.1278131719866,0.0,640.4884634100473,644.7304903333878,761.1581683780514,719.4430048974647,631.4000284827009,645.4364942209979,745.8366780368796,742.8262731149283,708.5989097013963,736.1282521793559,637.1795857051454,685.4435507947741,799.8697007110242,778.76211177752,733.2155643390284,862.6576449274444,785.0808481882876,671.1099203988593,712.7773649366756,708.2137461233734,652.3624564971785,781.7665350200106,692.7478830044284,669.5181991195802,680.3456975718843,698.6312222939162,704.181588420492,737.9201252680376,731.3552298895362,747.9150764821442,760.2695806925173,714.2866193023715,698.6323821758134,712.9946228227046,753.8838032778207,774.1938508720108,735.9572175127291,841.2703307077498,736.4836446109641,856.849190212395,763.1813514205337,698.8198728986508,780.5174851009813,716.8604534597894,727.9120397123958,731.9565533884851,700.1348612466526,751.0379092044925,688.1248701466725,730.1471263195261,790.5664894909276,804.8490651153973,769.966560014439,749.8247651746997,779.7665883660925,690.7011595023359,787.8170987620548,748.5622804811435,706.6879226596907,776.754142891365,731.3473619734204,759.6400897103439,758.5769358905808,765.2039609090917,719.4097010089787,737.6079840729682,717.7651645509663,729.2805241876277,740.8467667833709,717.9889542854759,689.5325219328922,698.3554568001354,655.1020849177185,670.935584183597,669.2401642144151,690.3346635917027,694.3648081324943,670.9873349544335,678.1995597406726,695.9363926846922,686.3140976867667,697.2428341466518,671.9957894234415,684.2464710476241,689.5064085227095,666.7537444602775,686.744405276614,674.6490425824757,677.5705741851076,661.8555267711522,678.8217323282088,706.4168536335553,696.0776854051879,694.5161792645232
photo_eyes,567.0747568945873,640.4884634100473,0.0,547.5976517193163,707.6609201522643,692.7927321618681,591.6256713040787,616.8290124604905,661.953672337141,701.1448509869161,629.0268753681589,666.2023407487767,582.8921775220493,612.3764905953075,753.2880561416259,745.1713256591387,699.1305687743326,799.850723511183,722.3869738384475,622.2830883223074,654.4198766017585,654.0297189740116,595.796170748177,743.0584303800916,642.6974150777346,613.1718929514601,589.8314847400753,621.5655139216535,647.7975941606124,691.998911592817,680.5649154741461,716.805520780705,713.6858974003892,657.7095211997947,646.6119010637053,644.3420372653646,699.3370918739764,752.7517975561573,700.74289437454,825.1294101178054,711.0530071079726,797.2068708351488,718.9985072379048,642.3198652030762,722.4427915470117,648.0755598917847,667.379220913614,685.7665224160298,649.2605822257285,717.3384698875049,621.606661509928,682.3027200796336,741.7406413463455,775.2572991943686,742.139328610774,728.1158437647557,757.0873344656854,628.5719442629002,758.4538967868067,694.1251834027598,662.4440265924093,759.1663910923627,694.6965925627217,726.5424074755981,749.3619374413455,698.8099371663096,646.0211180142102,676.2874185711811,667.2493196830549,695.7827041308007,683.4120301281644,663.0936088807601,622.1708705745259,635.5657386755454,595.4834073639958,590.9136888576362,586.1439067690125,607.4874162852086,632.0497573971029,591.6568107091147,597.9200696691227,621.0466840214319,614.2962747099599,614.669124091697,590.8858127487762,614.478319376288,620.3799811342748,585.6939865615927,609.1031009257131,607.883212604345,598.345747030518,600.0495487430244,613.1263534363402,630.5804402921226,612.5114940952398,627.125893650744
photo_face2,520.4895057422889,644.7304903333878,547.5976517193163,0.0,684.7033933984312,673.902447878999,586.5246615318928,589.367762765461,648.9741258740825,707.706475615385,614.8139472378891,673.5750389869547,567.0408554487198,608.0320922797176,744.1877031857587,716.5270020375509,691.1276078155462,796.3806568422124,730.3603437509564,612.4508777171085,649.5634729318998,644.1611018547688,583.8998252213399,742.689712808392,624.5587065397347,616.4166780454752,609.6461253019869,609.4973017727907,642.7274117671469,684.6888591929962,674.646739395269,709.5055389778365,701.9725287280473,658.1542320791121,647.2186691762759,649.3469482912817,691.3973935746058,735.3316089141052,689.8920090374929,806.7201139718543,705.0598389333206,794.8490353061788,718.2753694478868,645.5021219298803,717.4737322328538,655.1967059248559,683.4358101219227,684.8446370638193,649.007372675573,704.1485094426898,639.5612482001445,675.2451392721712,736.0709672920689,756.0711843031266,737.5826513337491,711.4476624957612,748.7343234759484,628.809745653167,739.7272464445145,704.5318127450623,650.9775291115902,748.8514794735083,678.6832040305992,708.6483998762766,739.7658988036495,695.2645935012362,657.5746104131676,676.946038223733,651.7595489619306,684.8958948689343,667.9419847767356,650.9369107415569,617.3549789632897,625.1221695890816,598.6411045784898,587.1374727394375,585.0343106119902,607.7257980673767,625.5346732251421,589.5999378286512,595.2050403474232,614.15058830839,609.0949421154344,612.3964031025431,588.2800724100329,607.3767980197844,615.3616619417504,585.6486822255323,606.3214679380558,602.4982610744839,596.7095156842496,599.0217744486894,608.6283503699372,627.7505780378852,613.7464536437299,621.3626605998148
photo_walking,698.667443005782,761.1581683780514,707.6609201522643,684.7033933984312,0.0,703.4646302281759,679.4999873391597,642.4540643570085,732.3714627905897,791.9213009989355,697.2687438016152,749.6918272607159,665.2395500653785,681.7976762085023,780.8709965579934,783.5768940888798,749.2517175165785,867.2378086928342,805.2375616424126,699.1421839346518,722.3583979069462,706.7929109806859,658.5439223769927,808.6650473632533,735.7528440833862,707.2739014858267,713.659710284888,731.6429750912366,698.4570319591352,740.052448230136,738.4408240584924,770.6731881347272,780.3348752382968,747.5202988139459,716.7645063105119,739.6045477375897,775.6581413561476,808.9761291677993,765.1996194491605,867.2684935173861,777.862806909162,865.575027123153,799.2509606895566,715.6607549142892,801.0530879603892,734.409423775377,759.3530576579219,748.9880934561273,726.2507656249799,761.0628722865453,727.6305277759126,735.0266214176304,797.0640108637178,817.8617645255147,804.6254119229826,781.970347562043,821.6965576793042,710.1744921297593,808.1683977588765,784.9998713973173,724.9273805765253,820.3034407122856,753.2317701345406,770.4137980036859,812.6798900007458,786.2796950038468,730.6292344386169,777.198220427634,716.1855146390503,746.9652980650909,747.5506004954552,723.3685226393225,689.946573525545,696.7785800253919,682.0461392276579,671.1907699546284,665.5469770373616,683.1436752815632,698.2648856293388,667.8682119390473,673.2524019390747,693.2081965632863,682.6474873808172,688.0699052629409,670.2729842344096,684.7936267871729,688.4901701226457,664.9076832072473,682.1789110408928,675.673776463969,674.3477652440578,680.4576682982168,683.8735131286177,702.7025494337348,687.8832925129655,693.5126037801236
photo_standing,644.6597827975351,719.4430048974647,692.7927321618681,673.902447878999,703.4646302281759,0.0,619.5385142283445,629.1815085264269,739.3624229688982,778.0369384473931,693.0936077369321,741.0458889035773,653.4396387425461,677.7006243381454,772.9266989216709,749.7250325708915,718.8904633005056,864.5379069562573,791.0961000317792,677.4769312101947,713.4634062911153,705.1439810913366,661.6799212640203,798.4633200460944,709.0324138879828,686.8492734979461,692.4337731120071,711.9702038958075,693.0417458099346,687.546381980963,704.5368790808528,741.3844098427261,766.1112763463728,718.8353002332398,697.9776023536327,719.8655151395863,751.2660639029561,778.0196747444191,737.0397902716422,817.6353748444875,743.4623339540819,862.7962432666124,779.1237185119651,708.5445679480189,779.3630166637118,715.711230151549,741.028409948043,722.7573226055908,700.7139391627876,735.7786756881555,703.1136147572207,689.5881514601245,739.6127398601034,772.2526432625833,763.960524670294,743.265023302568,779.3040747100383,687.8697250326982,777.319683634109,765.0147592556799,703.9813411882143,767.6978876169709,714.6693615082081,719.797800019478,767.1837445254713,773.5412148995887,724.8582846627054,747.566770252208,695.3029480614217,724.7778490438054,717.758752722407,689.7342980526658,694.3367174796668,701.004307610333,674.6739668177119,673.9301205630213,672.2917489831525,688.0825087601077,699.9577730028318,676.0691983830486,681.2292129228989,697.7039896878312,690.8146659415901,696.5603124558482,674.9182990662688,685.8289847872074,693.6813431647707,671.9857451018128,687.2740060401642,682.2137669361487,680.8072046673328,673.8858807946202,686.6437837964911,706.9001729447469,696.1893724558423,698.4977713074989
photo_hand,575.9859520649383,631.4000284827009,591.6256713040787,586.5246615318928,679.4999873391597,619.5385142283445,0.0,556.1176726714405,671.4894707621154,678.7205984688777,618.918573417263,641.7096485697087,556.5090821543228,617.6878242198574,718.3757036562085,675.0838080085188,647.8676280171447,802.7764107093451,726.9143576611631,584.6869542923324,656.761588470567,627.5953636753587,582.4879717325407,736.5037922132789,633.1575468005118,614.14174613612,628.7538814027149,649.784336286253,628.6938898326058,654.6510270595137,612.1596585969393,684.5420614631072,708.3425271580461,644.9775739599542,632.3835270067499,640.1472086940252,682.7239461521899,709.2608716066478,661.6378677545642,772.3048301028881,667.4883335277657,808.1890032620565,711.9842258903551,639.0795049573488,719.8961576553281,648.9249534191489,668.5914994412747,667.3801365604234,615.5504321969389,674.9371755165513,630.7423750538337,626.7079112236504,704.515509658344,718.2413228859513,693.074746319944,687.4724349789077,716.1088578895955,606.062459675134,719.2658539987741,678.7421520802956,631.1017301082305,701.4022807105796,647.9476655274159,675.1236596260583,693.3020348490834,702.6339878784755,646.5629485467451,653.4164805547981,637.7001853448318,647.1344284765897,648.6122283477295,627.9353647699487,602.7514007295057,615.3998724162772,579.2435673936322,588.2592566649846,586.3942548372141,606.9345737260778,613.7296375692288,588.5007286659254,595.4875096076928,612.613613576263,605.1429367595265,615.5306317731572,591.3665152467664,600.5508805676923,605.5870787255717,584.4091124285145,605.4340663018795,589.6382375652377,595.8803519278754,581.0140568300391,599.5939678197468,625.4147041724108,614.1105897589953,614.1654080932752
photo_legs,579.5697173149803,645.4364942209979,616.8290124604905,589.367762765461,642.4540643570085,629.1815085264269,556.1176726714405,0.0,638.7464694723245,700.7940969036378,590.5259790962227,645.2315576027075,533.9035599130958,558.2472376552173,681.7271475105978,659.8086660444197,651.2000661981729,790.525009999751,716.6125433771805,584.024034435243,614.815068200841,617.3839955988084,541.7746876895657,708.6051287429277,604.3178935464641,576.3559163954097,592.8823855019983,604.1311871740315,567.4653449546112,618.0188371420562,610.677727272389,624.1676137301952,674.2831272839708,628.4202715496479,590.0084710891825,617.1202492975007,660.4253639896766,711.0364507220307,645.080008864626,767.3221853957052,660.3966946505082,768.4913041029416,691.6377594469384,594.4651184895965,695.2821387269234,626.9506092930772,639.4509190528096,636.6542484995127,609.4294332632942,644.8955493307465,596.6561367477469,620.6884980749704,707.9788352719547,719.1037810360717,707.323689668732,674.0448679986721,705.9805824150096,580.4053978554786,729.787419611664,677.2726558044583,593.6301690956072,727.2851421617368,637.8936998755547,675.1208582503893,692.8705049521541,690.4746711583238,626.6307573565867,650.2635753650432,617.1774844110495,637.0580308456431,655.286618850083,617.5313542075173,570.7391255313987,583.5489278010265,553.8686350953491,544.3760571134854,533.5666473930606,564.5466466296838,583.2632874970061,540.2410492165354,545.8381431041984,571.7118495931787,557.9715083891017,567.8112112032136,543.2587353607549,569.4476406162981,570.9099962122093,531.0465524893755,561.0005955815916,549.4515484870718,548.92960877477,560.8772615772253,558.048212523009,589.6383219953083,566.5369896086315,574.9239166592641
photo_bird,688.9394930119611,745.8366780368796,661.953672337141,648.9741258740825,732.3714627905897,739.3624229688982,671.4894707621154,638.7464694723245,0.0,765.1079331052928,612.4551304682057,689.2951301672449,608.1463525457336,629.3008119911136,758.9248658622334,746.0783508442742,720.7891563463519,783.8932240594078,745.3041854725857,652.3346281010645,690.3835496147996,690.0426197957004,633.2915410577457,752.0066091433823,685.3969128390331,646.1367678300563,656.7804783272827,664.258177056993,678.5387087802924,713.9418872934738,698.6279883427417,737.558481768524,717.5884784954783,705.9984029930919,679.3387408834911,695.8143764008512,727.7163083361226,795.5449368783994,726.3658493606208,844.7294265125727,740.1743109577335,790.939444159809,756.1377060307242,655.3375616508479,745.3829471980769,696.3652981574404,717.409623457195,699.1376706630442,689.1008272730653,750.5535646095159,676.6833133565283,709.9336035315392,775.3703667788087,813.8120456648955,783.3717535475757,765.251660959325,794.3897620925679,668.8673801833468,797.4528274669769,745.0969380892567,687.9116329259028,814.7002015584566,722.5529690364282,753.8363298089802,776.7841912545464,702.1046412728675,675.0902465237488,716.485356280954,695.752742815488,726.2833190551459,718.3482894251449,686.8370542810674,650.4814489281046,660.5412032496706,641.2384251627947,613.6421477084667,601.0784854810806,623.5150826372208,654.6524881595609,611.1758437464842,616.3784841200957,641.4529333260157,633.6822047295539,627.7363195688597,611.4587763588114,631.8790282834179,643.2609616839675,604.1108294122897,624.4355985624278,633.2296861063753,616.3139024829567,637.9649409868013,640.2332749637793,648.9138564051108,624.9756075564959,645.2265544054528
photo_butterfly,708.8859709533085,742.8262731149283,701.1448509869161,707.706475615385,791.9213009989355,778.0369384473931,678.7205984688777,700.7940969036378,765.1079331052928,0.0,706.2839929596464,725.747626195828,659.061291034047,708.9225458492481,827.2394947124945,790.4873571112485,745.461418720685,870.6917512437561,799.3175422482158,681.127927708589,734.0897598102987,732.8880662327748,682.2346875555661,816.3503525349794,724.362561505982,698.2501662712185,705.3387994827057,719.8144924527415,723.2819148223413,747.6805054836992,742.2323950958161,766.7234269214661,762.7461844833678,647.648372048971,718.1222677648152,731.5697859391234,757.4880859902776,807.5390159510365,745.3636100601914,861.4348943349407,745.0022128111809,868.7252702972199,782.9995418188358,720.6574919992416,767.908071114937,734.6316088142769,733.4078685615925,745.7849767708299,714.0744068172905,777.016236802093,698.9127895183516,742.5652951407311,795.4961005246234,816.5849334126435,792.1393163996283,770.9911855285877,805.8344071269275,705.2082293387965,804.7801962177884,762.2556480549094,717.9947342025945,776.129023965594,742.8260438399496,791.6493673654369,781.7261596131781,771.7682106217609,732.958182155415,736.7085820508175,743.0461329576743,748.0077698959124,747.7921110441334,730.6133972283171,717.513272471137,724.601269042376,696.0798905816032,701.1143624086951,695.5654869891224,712.2971036521001,722.5159535885375,700.5610906982764,705.7989810291009,717.9703172586204,716.8830268899976,718.5841321180417,701.3346208522916,712.1062184878996,714.6110261347948,699.1995122899306,714.4406254521713,704.926949519855,704.0680453260892,694.8378676482286,706.8294025363278,728.9574339270657,720.6868728488407,718.4753276685364
photo_girafe,651.384827394848,708.5989097013963,629.0268753681589,614.8139472378891,697.2687438016152,693.0936077369321,618.918573417263,590.5259790962227,612.4551304682057,706.2839929596464,0.0,644.5076286186343,563.229399518015,588.8472989505328,715.3580091871182,696.3215655018131,675.8206521709351,783.4480805659867,719.4586668985409,618.7526328931708,655.986523028707,645.7016730255365,593.0356042102552,743.7269466090388,637.1511457912408,600.4409697727862,616.8662345571829,614.2152648606958,625.6667687562766,666.5819616324806,643.3718776505016,693.1731682826672,673.1734247272037,652.7261915275519,578.857575673804,656.993584028146,685.8884177265685,752.0409768956665,675.5985138900226,796.6166420746285,696.7738961647141,778.1225942583001,720.7161926413075,624.4880492232186,720.677270619641,657.3963970616854,670.850975259558,660.6664531473023,640.331458027478,698.6634741118216,632.8165831171974,653.4401517727056,726.744968378429,761.2762731527748,743.363414433511,733.0899235672531,752.7858272643484,621.9195665361983,751.4202366381716,707.3854117488556,648.8592710910897,768.9900376545893,671.2914267359721,710.0919317160345,727.9018816298227,686.3586759787236,641.8587120312991,677.878038653246,656.905544197134,684.7368352568886,673.875344516646,645.9881937522817,611.2260707792359,622.4142356814375,600.675858100921,582.1133934361848,569.5575598128399,590.6055021809335,625.3144859513176,577.5562411000394,581.7708440751393,608.927817471309,597.4428031172831,595.9372062465144,575.7995525441758,600.7447087842401,608.8481420299146,569.6081864584389,593.9639335521462,595.8056640509822,582.6038605120137,603.3938338551168,598.9883042588275,623.8541820196286,598.339825618408,614.3121037159129
photo_fish,682.9608693635861,736.1282521793559,666.2023407487767,673.5750389869547,749.6918272607159,741.0458889035773,641.7096485697087,645.2315576027075,689.2951301672449,725.747626195828,644.5076286186343,0.0,618.8079573233383,659.8623127597411,778.8046743910938,720.2906699920233,723.3399651725679,813.5651135568421,752.1010097949164,652.2519584177534,697.9341524045851,693.6730496159131,631.819828628988,782.6637434410867,691.4440158417593,661.3550485040547,675.2898263235538,688.483785431765,694.043767661485,727.9741571851335,716.818870585476,744.0704778636201,741.7830084665837,703.8803213964759,685.8283823383346,685.0090404611084,738.9058304950697,784.6692949070263,731.201659641777,835.8405368876481,731.9163914575932,827.6614666419372,754.2861916907256,677.6245129121464,760.3261502536204,697.8819818422462,701.0465473681187,712.9379230981845,688.0806738822048,746.7561238061434,669.78404363775,716.2048727317214,775.443301905191,808.062827738275,781.4481569824084,759.4024276590025,788.8432771027635,671.0560480384082,782.0959227029929,721.3727859385399,695.9886106201046,782.6166208560102,727.3164369453807,759.709376020416,774.9209813252843,736.375306953641,683.379398194119,723.7928725977297,716.9649571507464,715.9643733108369,725.1726094255619,700.4580222168986,654.9669757079382,666.2035687070666,645.3936645868579,636.1910514248344,632.0619522078736,652.6581530499494,663.8864787901801,636.6141664424509,641.3252953020897,656.8500155332079,649.2629195248896,654.4727914906537,635.0999496503111,651.687803598325,653.2466539938916,633.73775783197,648.3459200749102,645.488132924667,642.645303672522,646.0828650323054,645.8812220116725,668.1246717249767,654.1144133573794,658.36119801045
photo_cherry,558.9204423005868,637.1795857051454,582.8921775220493,567.0408554487198,665.2395500653785,653.4396387425461,556.5090821543228,533.9035599130958,608.1463525457336,659.061291034047,563.229399518015,618.8079573233383,0.0,545.7913698380248,694.8307688481977,641.8210409467572,650.0588721444666,761.400773901169,691.1758431127166,553.876876735208,610.0302084425809,601.4384686699794,526.7801195632144,689.2397679420012,590.9122531174719,555.6628437015686,570.2780996502314,587.4690386153072,584.2012937538124,633.7187797354344,626.9620364465331,654.2110806158173,660.600380415837,605.3131247785665,586.8286061315565,606.5133732409932,603.4996397970082,693.5239464705661,633.4078172560689,780.7503330453127,656.3028531196503,762.3737723409797,679.3731581647419,568.0186495627268,684.8931805611878,610.3141070292231,616.6006492828585,619.2460196600257,612.1332146710615,660.1690175760828,589.0072755059443,632.6190136386025,693.1814690834636,724.0322621578653,705.4476936127405,657.481920715559,711.7048209139557,575.4544379802442,710.4124517366362,678.1669325633283,562.1695402823689,712.9236887832877,643.5034216476248,667.5690701044558,694.7810140748744,673.1069774901262,608.7032097907687,637.3220980813459,604.2604617341678,636.7763374108342,640.3211651430362,607.6896689046667,586.0970025470824,600.4674591100652,566.7036823203225,556.1296198730994,548.1956582643168,575.2151778254474,594.0471023208909,552.8965212189903,562.024604272961,583.1124223861045,573.5904218032132,581.1586649005885,555.1884781349393,579.4654522134113,582.0857755730233,547.7958912240526,574.1764120047139,567.3794651894291,559.768231470805,570.3428277191766,573.7966761016189,599.4014577405134,579.1431854670875,587.3351440752253
photo_tree,620.8317204239014,685.4435507947741,612.3764905953075,608.0320922797176,681.7976762085023,677.7006243381454,617.6878242198574,558.2472376552173,629.3008119911136,708.9225458492481,588.8472989505328,659.8623127597411,545.7913698380248,0.0,700.663750102166,688.8521341760833,679.5366287827271,784.7726380171182,706.3567191767717,601.5446811723581,618.7703910729857,631.3656042323829,539.7161957704313,706.4706642799233,606.3670962849433,586.4948350167034,574.4778980387578,586.2107222741337,598.0145481175118,654.7456777266669,629.8775480752546,659.016466529253,675.1267035741072,642.5410558858863,606.8997823049388,621.4228978193042,672.63116005349,719.1179758735911,659.4505893745408,797.8019425729753,676.3765838720683,760.000683160885,700.7492964128211,592.8433879967998,695.3328142081499,626.038076328397,631.0086102858354,636.3044990057863,623.1297560105213,679.2765462274227,609.9940260575502,648.4816615171834,720.6160110926998,755.4571242279297,734.6242537912715,686.0714812188714,744.0716428505791,600.9944659017173,736.6630935085283,700.4302129389623,617.4573991321352,745.4621807018756,660.7578030401661,691.5843180859341,717.157147075836,686.8582830580973,615.9128940744871,666.5192274085676,613.711435472507,649.6313557767395,666.0303466871216,617.3322305972881,584.5424763539837,593.192899714894,572.738358678095,550.8073001177772,536.3242738914086,565.9629118068608,589.4479583770541,540.6863241057301,547.705415471913,574.7010601209829,557.6968223624052,566.2291593207603,541.9191520702432,573.6388586043532,577.3915890504943,534.5662401594066,562.3168943585171,561.6420605953112,549.3813378056852,577.6498827592861,567.6168185829665,590.5389502516452,566.5661805769569,578.331756758585
photo_flower,751.6005696194363,799.8697007110242,753.2880561416259,744.1877031857587,780.8709965579934,772.9266989216709,718.3757036562085,681.7271475105978,758.9248658622334,827.2394947124945,715.3580091871182,778.8046743910938,694.8307688481977,700.663750102166,0.0,776.0726254250691,769.3216133258915,893.8284956528444,839.1195675278586,751.6280355415505,762.2713284305295,750.8421659128778,708.2940909716182,830.3662639823601,763.6295992888112,728.0597298723112,750.9211486490741,753.9713788287065,740.9748262324858,775.5767503266945,731.6060165364738,778.5054295754843,806.5924967141193,771.6884411619717,724.1260068464876,773.0539869707475,799.3748199800291,834.9062402252521,761.8884801523485,860.7971904242871,801.225618802986,887.3914362515873,834.3093211875736,748.3684102902228,831.5080797193413,769.858404135542,789.838052606895,765.0528954354942,762.5522926517276,768.6564658258244,764.0811298800535,750.7730954796581,839.4606798607956,846.9328470109593,835.664029414069,796.4318690798211,838.2875650646955,729.2729141096625,855.4643601912644,825.6283317360009,752.8848213730406,855.86656977767,772.5801587614076,782.8411424829421,832.9520408881154,821.6889573383394,777.2557198545882,804.7811959348247,734.9879200253545,780.8540876247436,784.1296277430247,757.7196125049912,730.5314956933456,740.5919108799469,718.7236077047667,707.4405217055668,699.2426551549438,714.5310713646271,737.247014366156,704.0996715697263,709.2466854148862,730.4385261767663,718.6936912426245,720.9719806231725,707.7924365269708,724.8285062858813,728.5053009070997,698.9422834166212,717.1981043919516,715.5818065777893,710.0649022097258,717.9604511961575,724.2688573567663,739.469743413912,720.2770231442837,730.8426759173138
photo_carrot,722.3756374272626,778.76211177752,745.1713256591387,716.5270020375509,783.5768940888798,749.7250325708915,675.0838080085188,659.8086660444197,746.0783508442742,790.4873571112485,696.3215655018131,720.2906699920233,641.8210409467572,688.8521341760833,776.0726254250691,0.0,736.4076530149412,870.6072255052686,826.0162432020959,690.230208660638,737.487829250719,734.1044354189174,686.669276510298,830.2223924908106,725.4773409573647,701.0084271994523,726.1036997390971,722.0639911429176,725.6545753000729,739.2522650088943,715.965089708757,761.161511272688,788.2578557301325,741.6956755753374,734.5984591994538,751.1897034284577,774.8988092178229,822.8665288172132,759.1043098651146,786.1029772366537,758.954289441677,875.8798353045066,808.8242770671669,719.7415412966371,806.3552107289744,752.7622728471837,760.4886340212936,752.1961394326187,729.812183813779,754.7213017579251,729.1520993751203,725.9707782455707,802.4432521220658,827.1967714517547,803.2637322302616,769.0887055480148,816.3597927750176,716.1556870097737,807.6231560831628,796.156511962587,732.3865811670063,803.8141623846715,742.4972920486198,706.0533093290198,799.4254990741139,798.547407865658,751.6832159653925,769.9747383115025,732.3736816399876,738.1388456780724,755.0889451733954,730.9947446108732,712.9004362808172,724.049245588786,706.2564371656782,694.7956011892925,687.1293264269455,711.1046462685225,718.708644978654,692.6589864619127,697.9975497678042,713.1205988675059,707.2561588438498,713.186296203744,693.920224570476,708.4009428504274,710.3874222622471,688.0418396527335,706.6795558056223,696.6282682055163,697.2670975887697,703.6371927812688,705.7264042154083,726.4431587152942,711.0770727652721,714.6919035939806
photo_watch,690.0256574239919,733.2155643390284,699.1305687743326,691.1276078155462,749.2517175165785,718.8904633005056,647.8676280171447,651.2000661981729,720.7891563463519,745.461418720685,675.8206521709351,723.3399651725679,650.0588721444666,679.5366287827271,769.3216133258915,736.4076530149412,0.0,839.4966986436046,786.3498309122408,664.9177074756328,709.3792618477869,715.9739206183262,653.3765369411655,778.8426229057944,699.757487007293,673.6366382074021,682.5234910501356,698.3932979237845,688.7326815448631,711.472112334377,692.0587311684543,738.2529712330914,744.4560041641829,705.1242207338295,693.1272663708038,712.9969358418439,750.6185866280758,767.9448200820657,717.01691027999,806.5635046995976,584.4952164670557,836.3296327416563,775.3558659241755,693.3733569201931,749.7396841288459,721.3314612493598,730.7338361193168,701.937913869822,662.3660876305345,721.2391418017711,680.9547885087102,672.1140491067266,748.9726041777524,763.4686941936616,746.861930601787,740.2193461661536,764.9368762847872,675.9856434207487,764.5844902935754,741.0679072934753,698.1624303871818,744.5565104251772,693.6687500752071,728.796404519065,695.766244483453,737.7840235721136,705.5624655425524,715.3662441466523,690.872950040788,700.7876430814829,715.7269044819378,685.2897068714344,661.2542307853885,682.6999054889886,651.141548017549,652.5800516378501,648.6437552095748,670.34807595163,678.7327913992823,653.6013002783367,660.235026877992,678.7248608473935,668.5391864877431,677.0259325541143,653.2408708135689,662.4275874791003,668.0868866994576,648.7062006880559,667.998662368552,651.3069370665537,657.876563394294,647.2851046368281,658.6905017632528,689.2122323681326,676.8796017833708,676.6612531763917
photo_key,815.3832025361844,862.6576449274444,799.850723511183,796.3806568422124,867.2378086928342,864.5379069562573,802.7764107093451,790.525009999751,783.8932240594078,870.6917512437561,783.4480805659867,813.5651135568421,761.400773901169,784.7726380171182,893.8284956528444,870.6072255052686,839.4966986436046,0.0,853.3889369289309,789.2038613951911,826.5821681302926,825.9277182458478,774.643285361458,868.1872605461792,823.0109422571966,792.8655532194407,795.4984810001276,810.7803650949353,817.15788221798,838.0075762306524,843.6918172796834,863.2924208238508,861.6345203594133,839.0190827439735,815.088377053513,816.3381422107952,853.6430482037997,905.4726518142116,847.6907202472048,939.1557525353496,845.2141454525213,604.8824406980898,824.8977580021042,806.3645580574181,861.0676778729166,817.5795344845707,825.1418525143761,834.9038468537469,817.8110067549254,873.4662741067333,804.0203709898616,839.1801302522499,891.8586025463576,920.221435868494,897.4346638802338,875.0656630876089,879.6345921365948,806.5361986971926,914.4055258746457,851.669235569421,818.6003941698957,901.86336477682,830.5994767691362,868.1127439414043,866.2208259138243,677.6036754932867,790.8415078801296,835.4572387050094,821.4322771066941,841.5328258267189,850.7315901321595,829.7581304923735,785.7146544551465,789.5119300120629,773.7991515628594,763.3386689435001,754.0729233250692,770.7114450145588,789.8810565004651,761.2232579632088,762.9789218517067,781.1106317618543,779.9887830666711,774.4628152314364,761.1900874249784,775.0613762318117,780.1897517349388,756.8232659952296,772.3254371873653,776.3340988594141,762.2035835559752,777.5291142802304,776.4877877354693,790.3873088035607,775.019058682387,783.7136837174078
photo_truck,744.3426060866088,785.0808481882876,722.3869738384475,730.3603437509564,805.2375616424126,791.0961000317792,726.9143576611631,716.6125433771805,745.3041854725857,799.3175422482158,719.4586668985409,752.1010097949164,691.1758431127166,706.3567191767717,839.1195675278586,826.0162432020959,786.3498309122408,853.3889369289309,0.0,700.11940822829,744.7863809237296,752.4564097545671,688.6577614488023,815.9885117563938,737.0528707278536,714.4031547674707,714.6545622002362,732.6787820083305,736.2441309905784,766.3942696229731,766.8440670022559,791.2905764367005,791.4349892053206,750.491706997923,736.8460160645709,736.5582158739968,778.7104027023752,830.0379241130055,778.8234655098,897.5769354877414,790.2383526592281,848.1883783063962,674.7787967018239,721.6058095864893,800.5651162458655,729.5624666472277,752.0037477321769,758.3835955029357,743.0564898517297,808.6227811244253,725.952909406013,771.7342556785834,815.5674204917365,843.0461481570815,823.1610481646817,800.23078466697,830.081839088773,723.7585350190373,833.233045436834,786.2893396367335,739.8022614881252,839.4280997873158,778.6434460571435,807.2444562581418,813.4230677884738,764.3093129529544,673.4402839838008,769.4354948596932,754.25822540659,774.3282544352292,773.3818926334915,752.7099757555983,724.8592320528834,730.3912849661053,701.637435822465,698.7367823053681,687.615626724933,704.8250903150458,727.6778392645975,693.8139603357256,702.1030060387055,721.6187125631694,711.8680026881259,713.4982453018291,694.6185030208129,713.3590431803752,721.5412349871235,688.3069557171173,707.1479015121074,712.5902316626272,698.0853390819274,708.8714585237171,710.9443555275338,728.7509031833439,714.1054585578414,721.0023344209795
photo_velo,630.532075387426,671.1099203988593,622.2830883223074,612.4508777171085,699.1421839346518,677.4769312101947,584.6869542923324,584.024034435243,652.3346281010645,681.127927708589,618.7526328931708,652.2519584177534,553.876876735208,601.5446811723581,751.6280355415505,690.230208660638,664.9177074756328,789.2038613951911,700.11940822829,0.0,634.391355593838,650.9460011542931,555.2710577407057,749.3923389742887,609.8162395180045,591.9236699942006,583.9766129047293,603.1934767445118,625.798243188649,653.5440608761621,638.9317470192562,678.8153799527513,682.7502134347827,628.6705889515846,625.6754949901803,623.638835364252,635.4435917090328,735.4815569363959,667.6531334248524,786.393282118728,665.5293360814287,764.4753238709607,677.9599185210271,433.33767183681306,680.9371420238282,619.3733669035674,625.6860694661001,665.100682853112,593.9239009832334,682.6978363054742,576.4998654112364,652.8184719648316,715.384306426171,750.9927373834352,702.745883649379,686.7261947665371,724.8886080609562,598.1037305422592,710.4985557777575,665.0314549139861,606.4822834106077,716.6585405387243,666.7322520657129,686.5389965465575,694.9324061173038,664.7475414418149,598.1327475923621,578.3017515786512,633.6316868210704,636.817729288604,624.6353190519721,637.6568949605497,601.6160817844357,611.2889149061771,582.8011922984289,578.8944806221061,572.2305379954308,599.9811389580786,608.1837985730244,578.769042902934,583.3895851680991,600.3918343745324,592.9464498888656,602.7974715764128,576.5859345590625,596.8690591470715,598.3482960119504,572.9264625721171,596.5983234973179,585.9067445067288,582.198770985832,588.6375016117893,591.1753268189328,617.8288422421605,603.8878237508563,602.8963778815585
photo_road,672.0481260360528,712.7773649366756,654.4198766017585,649.5634729318998,722.3583979069462,713.4634062911153,656.761588470567,614.815068200841,690.3835496147996,734.0897598102987,655.986523028707,697.9341524045851,610.0302084425809,618.7703910729857,762.2713284305295,737.487829250719,709.3792618477869,826.5821681302926,744.7863809237296,634.391355593838,0.0,664.5360468748911,579.6906223304669,757.0415998872755,653.3450127191371,623.581675752504,627.3452385823334,639.905775275788,661.2775922814875,702.8909286725636,682.5676050595014,713.2694011335677,713.1362494919999,667.4609818321408,667.378438083106,663.0699370349284,700.5390058901107,766.0358177979343,704.6466633755542,828.9099659952363,712.3620080320642,807.8903885817253,715.1895535810348,624.5536261283139,692.4961186226816,665.7008112608023,675.0703541498197,674.6316764842412,651.674398598656,715.245476617636,646.6130713232824,686.031260905858,755.5315279375932,786.8951492187118,752.0974632114876,736.0117108368834,774.3159940590368,645.6437045360275,768.4485848581336,730.4911365046804,657.7882443011475,765.9539556243656,700.4008290967988,734.889307181792,754.6106436481174,725.3482579590033,659.3199917942596,691.594878357017,676.8531088339365,685.252311887968,697.177207337137,670.9173543351689,624.2007375442197,635.8295099755836,611.9301822352469,598.4208394179975,589.3539066417247,613.772844369084,628.9571805179828,594.1988469680011,600.6833873651067,622.0450380918543,610.240604102998,617.971356801512,592.4840075491652,614.2004498877546,621.9096931696396,590.7311418848961,610.4698565358971,606.087097831323,599.8260166022194,611.2995270507391,609.790679602283,633.7862151179148,619.8653424838403,623.4465197855241
photo_house,648.2952486220395,708.2137461233734,654.0297189740116,644.1611018547688,706.7929109806859,705.1439810913366,627.5953636753587,617.3839955988084,690.0426197957004,732.8880662327748,645.7016730255365,693.6730496159131,601.4384686699794,631.3656042323829,750.8421659128778,734.1044354189174,715.9739206183262,825.9277182458478,752.4564097545671,650.9460011542931,664.5360468748911,0.0,600.5461909436876,751.0246979259762,676.8691214291505,641.915434931948,656.4951450677725,664.513035641598,660.8254178553004,696.0645017062508,694.1181184641684,718.6704822325634,725.787746853222,682.9275465692397,658.4145420470816,685.3659810330239,717.4827917337878,762.6298589522245,716.6518370829001,825.5036987286095,733.3615847038727,826.208961266644,747.9803963649083,658.6895049425207,748.0736223553951,622.2789713114273,698.3050364498205,687.8956007808929,665.0010937596936,729.4623020502877,672.3312715334397,682.7768723101536,753.4464216264125,780.3563771460967,757.2080315490114,738.0414945471181,776.2764454649459,649.5923950686018,776.9671192604142,738.4392293064454,669.1369926610507,771.7276344686861,709.7456527999636,726.0370914692804,763.052120259747,733.7314195265399,679.7942937922937,716.3905049355877,672.8619947956432,668.1066968486645,701.5161516298114,674.9757381075267,654.269161643935,664.8872392858419,633.4116356902883,631.3309291031657,625.149429352699,641.3385862067048,663.3504667282879,628.6848375570796,635.9664326875749,659.8958153857383,648.0064656985791,653.8150564902079,632.0295973869447,647.5204435379741,651.9744775793856,624.8748366526228,644.1518815598776,641.8956713919471,635.6154509490663,636.2500295002615,644.7917865761967,668.7405452048484,653.9301761300329,659.1394179556165
