,square,rectangle,parallelogram,losange,isoTrapezoid,kite,rightKite,rustedHinge,hinge,trapezoid,random
square,0.0,0.010789809612479329,0.01842717084032075,0.02544642792429974,0.006030538635539151,0.00435228190356296,0.0026301641671954146,0.01187602999781745,0.011511610637108927,0.007300049032322842,0.01673166996654063
rectangle,0.010789809612479329,0.0,0.0049883752029423745,0.014279459367571912,0.021496850751781538,0.013057202795871192,0.01225608240783993,0.008169395223130649,0.005032863746001759,0.012716614385831604,0.02514194774889844
parallelogram,0.01842717084032075,0.0049883752029423745,2.220446049250313e-16,0.0051071548921389764,0.026219522605033352,0.02066426871192506,0.01817719237110249,0.010409000861397177,0.006888024741738441,0.012481225373262239,0.021656629054548793
losange,0.02544642792429974,0.014279459367571912,0.0051071548921389764,0.0,0.028299270016194478,0.02728229013052652,0.02411181506485105,0.013724444111820278,0.011560638772319942,0.01302570144299997,0.014454539236656405
isoTrapezoid,0.006030538635539151,0.021496850751781538,0.026219522605033352,0.028299270016194478,0.0,0.006754259239061811,0.005268887261599686,0.019669761485921144,0.020652409608703404,0.008111506585387618,0.012461791173898673
kite,0.00435228190356296,0.013057202795871192,0.02066426871192506,0.02728229013052652,0.006754259239061811,0.0,0.0028152413975299773,0.018269027944519345,0.017870219496884276,0.01280247498852305,0.021622597867714366
rightKite,0.0026301641671954146,0.01225608240783993,0.01817719237110249,0.02411181506485105,0.005268887261599686,0.0028152413975299773,0.0,0.015838885599681052,0.015330940646167801,0.007168886165750177,0.017510117018164628
rustedHinge,0.01187602999781745,0.008169395223130649,0.010409000861397177,0.013724444111820278,0.019669761485921144,0.018269027944519345,0.015838885599681052,2.220446049250313e-16,0.0010046144497519727,0.011885764903402762,0.01747904338026962
hinge,0.011511610637108927,0.005032863746001759,0.006888024741738441,0.011560638772319942,0.020652409608703404,0.017870219496884276,0.015330940646167801,0.0010046144497519727,0.0,0.01079825317043337,0.018084336643267918
trapezoid,0.007300049032322842,0.012716614385831604,0.012481225373262239,0.01302570144299997,0.008111506585387618,0.01280247498852305,0.007168886165750177,0.011885764903402762,0.01079825317043337,0.0,0.0060724722116271
random,0.01673166996654063,0.02514194774889844,0.021656629054548793,0.014454539236656405,0.012461791173898673,0.021622597867714366,0.017510117018164628,0.01747904338026962,0.018084336643267918,0.0060724722116271,0.0
