,square,rectangle,parallelogram,losange,isoTrapezoid,kite,rightKite,rustedHinge,hinge,trapezoid,random
square,0.052175365714624604,0.06686407383548645,0.07612403795534908,0.08338125950863655,0.07233299958365054,0.06474706598370834,0.057941506598968004,0.07224810546711309,0.07428517231023973,0.06288871619289581,0.09061604904326513
rectangle,0.06686407383548645,0.05172433473384872,0.05729861371563855,0.0719454383678736,0.10665399021128337,0.0824615965125783,0.07871334676015544,0.07782016086668178,0.07155629611552478,0.07776832984668829,0.12004620978830313
parallelogram,0.07612403795534908,0.05729861371563855,0.0439385821153606,0.05209548116003572,0.11452567677838911,0.0961693967331697,0.08693139074242938,0.08092994149087744,0.07256405669801473,0.07037353105709802,0.10914362972252346
losange,0.08338125950863656,0.0719454383678736,0.052095481160035706,0.039398358274265084,0.11322334103614681,0.1033612091405001,0.09145651870594268,0.08243757001181666,0.0789544808303774,0.06579571659935998,0.09128244764819446
isoTrapezoid,0.07233299958365054,0.10665399021128337,0.11452567677838914,0.1132233410361468,0.053057614313226406,0.06745740474335672,0.06399773418091105,0.09961548109626003,0.10581097728834316,0.06844271087799629,0.07823280186993417
kite,0.06474706598370834,0.0824615965125783,0.0961693967331697,0.10336120914050007,0.06745740474335672,0.05741794294512427,0.05733867777776034,0.09318583933780629,0.09571344972950317,0.07454339879902067,0.10154298410647153
rightKite,0.057941506598968004,0.07871334676015546,0.08693139074242938,0.09145651870594268,0.06399773418091105,0.05733867777776034,0.04766832964077767,0.09080423899811206,0.0928643242432968,0.06192258874060125,0.08935471317733075
rustedHinge,0.07224810546711309,0.07782016086668178,0.08092994149087744,0.08243757001181666,0.09961548109626003,0.09318583933780628,0.09080423899811205,0.05387072023864132,0.06242774236011936,0.0805625057325198,0.10073584277346796
hinge,0.07428517231023973,0.07155629611552478,0.07256405669801472,0.0789544808303774,0.10581097728834318,0.09571344972950317,0.09286432424329681,0.062427742360119366,0.06430864441351508,0.08086013651585774,0.10676158495190992
trapezoid,0.06288871619289581,0.07776832984668829,0.07037353105709802,0.06579571659935998,0.06844271087799629,0.07454339879902067,0.06192258874060125,0.0805625057325198,0.08086013651585774,0.046976547238387,0.06526547124953591
random,0.09061604904326513,0.12004620978830313,0.10914362972252346,0.09128244764819445,0.07823280186993417,0.10154298410647156,0.08935471317733074,0.10073584277346796,0.1067615849519099,0.06526547124953591,0.06016162585649423
