,square,rectangle,parallelogram,losange,isoTrapezoid,kite,rightKite,rustedHinge,hinge,trapezoid,random
square,0.05510451953268187,0.06274297648369474,0.06617871926791297,0.07025456653131767,0.05907418808960336,0.057815641678536006,0.05744153660031435,0.06299303750975885,0.062402640901039495,0.060197995096366565,0.06312076147113338
rectangle,0.06274297648369476,0.055659579059475106,0.06078402839371678,0.06400257593533301,0.06649188745541347,0.06353754099192346,0.06368955437485771,0.05952664990792941,0.05785927910375441,0.06395019946653416,0.06563853081302465
parallelogram,0.06617871926791297,0.06078402839371678,0.0583085571244028,0.06264147823301673,0.06776990721205985,0.06684502470523881,0.06612259999623303,0.0628243589718661,0.06127233852060245,0.06592715404711982,0.06755526041557511
losange,0.07025456653131767,0.06400257593533301,0.06264147823301672,0.05809234703246963,0.06927760127437116,0.06952947993501074,0.07027732276417509,0.06371842246430459,0.06314675942470056,0.06789591448842193,0.06603649518288263
isoTrapezoid,0.05907418808960336,0.06649188745541347,0.06776990721205985,0.06927760127437115,0.055327782568989674,0.05958758686129027,0.05973735967297492,0.06610602825960028,0.06594342060512921,0.06117840392396744,0.06285106458074086
kite,0.057815641678536006,0.06353754099192346,0.06684502470523881,0.06952947993501074,0.05958758686129027,0.05543244465511005,0.05784932532743933,0.06436366097426716,0.06394881736888926,0.062076071926761976,0.06372168962571188
rightKite,0.057441536600314355,0.06368955437485771,0.06612259999623303,0.07027732276417512,0.059737359672974916,0.05784932532743933,0.056208624097002106,0.06393575487440244,0.06340555576814892,0.06069143526705898,0.06455373845681532
rustedHinge,0.06299303750975885,0.05952664990792941,0.06282435897186611,0.06371842246430459,0.0661060282596003,0.06436366097426716,0.06393575487440244,0.05665073894963587,0.0568707356114729,0.06409891329292199,0.06435323430659468
hinge,0.062402640901039495,0.057859279103754394,0.061272338520602466,0.06314675942470056,0.06594342060512921,0.06394881736888926,0.06340555576814892,0.05687073561147289,0.05577737688048351,0.06348449960851253,0.06438370682584617
trapezoid,0.060197995096366565,0.06395019946653416,0.06592715404711982,0.06789591448842193,0.061178403923967443,0.062076071926761976,0.06069143526705898,0.06409891329292199,0.06348449960851253,0.05667355118175566,0.061669646188043076
random,0.06312076147113338,0.06563853081302465,0.06755526041557511,0.06603649518288263,0.06285106458074086,0.06372168962571188,0.06455373845681532,0.06435323430659468,0.06438370682584617,0.061669646188043076,0.05635547623687249
