,1610555604.25mOvVXuL01OCiReyVWBfesjuvXmB3MoPy,1610555605.43B6oDsBtWRQ29Q9UMQuTUEPZy3FSSWXzc,1610555610.92HPGJJSmyPM40z7otPBgHalNrHFA7zk5d,1610555606.68LaSQbm9EHAFycEfFtEqAwYqlBsQPjIRW,1610555617.19EKxMEwDHfXiEJZc27TsGoERaD6Da4BZU,1610555722.52PJ3FD50MGhRXyUD28vluU8Z9UjLJLZn4,1610555617.52Ijr5puT55g9apK8auM7zaxa3NANg502t,1610555638.77ZLjTLkz4jYJdFMI2wWBztzsDILkoOtAk,1610556912.46C7tJPLF0XfNnm8f1820X9aLmXMHoc0Dw,1610555617.51LjzIROg0aeCP2GhDcAVQ0LipKJB9jmKc,1610555608.17OpjjHobqRkX0UPcaXrbu7K6L3805SZri,1610555721.82zWeNZfGUUfRJkgnAwlP8VMhPzXctnSd4,1610555735.75bom85BDF0C7W2eIseHeMxi24qR68nzMi,1610555735.77NnT5xqKnwcf2BbjIekeb2arTQj6QMNwk,1610555638.33wjf1PhdNaoWfbRzXVn50hmFyB5bYAiLV,1610555606.65jCE4ig8Pu8kvAzkxnSGfWsV0nQBjCf8H,1610555608.18ONsBCVo1i7BrX0XG9stct4oiA6ejX9Oz,1610555721.51RNoQUMP19FTMS79BmA3JkgSm2IC2AQuQ,1610555971.86O0cHB2ibBJ8jxoObg01EpGe8VVV5mpwn,1610556911.51zU3duZSGpcw1BDNsBLxdOCITAXwl6z3i,1610555988.71dMoYT8250UHHJGxgmITTmbHe7V6gH1yU,1610556042.81mlUZsSp7gbGjrp8jQSnybT1gPy6e62o1,1610555637.02UBW5nKvDyUrKnaWcYRGajZPxTRDS0q3N,1610555619.13oUYNikU4facCTpUSiSLr0vPI0tJLnXiT,1610555721.03nzkucfjAUh31zTbmCVvTVYqtjoxZFnBh,1610555722.67fhKURdXVzRbLIjXmjRwdJHTnE7PWb1AE,1610555638.39J2ZWBLuLTHP0jOlzB4tNHmYeijH5g5YJ,1610556032.17Q6yCDx9g7alRnL9jBFXD2JhhUyB2hKfJ,1610557007.49MyVgDnuUuBxrvL6SGOdhKf69VYlW1MSm,1610555638.44hjT5hbYdKoE3MB6hijrjqbjmLgvCUYKD,1610555608.13zUvmFSCRt6SsLbhqFznMEvGx54GPGQzM,1610556038.62a5C4ynd1AARyAhTv8a58NCqHvXRjscqH,1610555644.45Xse8u7pusHNsd7F3d0A32HXvXr6weOJE,1610556038.62gKXOCG7XCn55eJvyl5voNjbwOW0znQDq,1610555987.13v0oleKK97pkesp6oMgprH8SoSdoDVdIO,1610556964.96ZLLeiQW0qpmxhPGTg7K03fmzkqsC2bjC,1610555987.13VQlEedQ50VvkPMEMzZDv3KNnQCewykN9,1610555982.186TY6MMGkDecIN1woW6vsfAMXVV7jnyjO,1610555982.673LuMndkwkvdmZOn0MmE2Pkidx0FtNalb,1610555733.38zItcuH7gHNfKdALR2d9Nek6bxCyw36Vm,1610556034.15BQxSbZINGCay0yp6RBVlgcPrw76Yn9ON,1610555639.37BPZpgtGml8qUsh9AdV4m32jPLfI2aNFq,1610556965.57S0adAalhWYe6K3bkZU0bRHbqnDK8gGkR,1610555983.54zteLPCMjyrjzPdhHhlZr3faCgD0TfYr3,1610555987.79rHnNRmt9a0ufmnwCvZqBouyUoZDNpylW,1610556960.041xWER61rmArlsKfiMl4frikWmUCnQ7op,1610556035.13a7NHZDutfTMJ88qle1gTYY59Dr4WmMsj,1610556890.456ZBDaY16bMtrTZTqAgHl3wq1tRxzqDow,1610555760.24e6890pkbyZ97Or6croI1rQgjkSsR0yVt,1610556043.02YpWMIJg3W004iqlPyv8OcVAZdSC5rNYw,1610555987.03z05P26TLtONYM1HSzupoc2CeNMa6HTqr,1610556032.15OYCzUxpsz7b10AXBAuDXrvEcvxFhf0M7,1610556032.63Z80yI9pNwS3jSmsDABbuhf8wkNa2Ze9y,1610555736.28eGuESasTXdR3SqY6pHhEXWZtcdciYLCO,1610556034.61bebeZA0MkaFG2sm3VKiqrxeqQginTTW0,1610556944.5XwXOphKYT3ZkWA8gViqOS97VHVuMVUqb,1610556944.745UVLFBzf7fPh4UH37I6tYQOFPqRDytEh,1610556034.63XsUwaFaPZevO1JNFjfhvY4aKNFnV4noV,1610556964.89xwBHw9faT1HjQRMNQEyA4qJ3hWkwgj3k,1610556966.74DydzH91jtyvRyYau47JpVkZoMRSNTt01,1610555740.77UueVziDbaXyRR4OcVJIIZyzOfAzN51bj,1610556046.84e3vwjyRCzqz0wJQhrk8zsxlFfFSv98Df,1610556137.99eoPuVrDThKAOvmeprLPb2FWRqIhzUodc,1610555740.73XFwSrmTXJPlaxGZSefh0jOVA8PI3III1,1610556123.88AOfNaz9jSnqU5Czc7okOv1RCrYfKFBTo,1610556046.85nB7NvyoYQeLcOV391Lmmut1wAM8CFGLw,1610556123.89H4pdIAzDthI7bMXMhlIhKUYIQIvtmPPQ,1610555740.87GOYQUJKpkynIS2lFqppYK4b32ol7NeGh
1610555604.25mOvVXuL01OCiReyVWBfesjuvXmB3MoPy,0.0,734.8280569504319,140.62164835904005,673.5598261225755,443.01343303649736,580.5521931903238,391.29714774037467,133.33778041538224,332.8982748322044,559.614753397924,757.2631775244547,686.6547942515093,633.5644720816282,266.70858280230397,690.4231098693566,624.7525214491847,757.878612883591,739.1891992518607,473.4564621880208,533.8830399115952,711.8547337267332,750.7806761913627,558.9872891785832,133.92599499187799,664.8418222833934,569.1972417040939,495.6400146299742,692.8604921331283,705.4962569677224,524.3169375041416,596.1168663604766,554.5911860799563,633.4311917228989,669.3356520010246,675.0674246560043,670.6459027568256,658.240598729716,652.7325775781114,725.9667571867003,676.3758201232739,680.2149406615415,752.7521935926094,652.266064547974,628.8560919019836,754.9508016195609,781.9787634711585,677.0611087723936,582.1115292750526,584.7873426000494,683.0424332525693,573.372629136094,559.7496270632245,700.143345495207,781.1275724004936,589.572394037413,606.1342918614815,643.6523639224814,682.3989551892163,551.9674254870584,616.4997030924208,767.8861826440292,812.4650895395669,652.0183387784099,745.1649480618703,600.6790649240761,798.34749066715,616.4149436432697,750.852903671381
1610555605.43B6oDsBtWRQ29Q9UMQuTUEPZy3FSSWXzc,734.8280569504319,0.0,745.9721808384243,554.7489021194197,732.462017037599,717.7966012192785,723.0027939429906,783.514695736094,773.8310132855244,657.0924472145878,612.0525505915118,730.7649519406071,541.0941342343283,785.8603367327714,669.9247938990915,713.1140622041304,592.5914198775796,389.4777799342966,730.8122216571392,685.2034278863925,765.9012458225675,615.216411317948,675.6655500223152,769.1119254664308,728.6335531336663,745.1590757322804,743.453027973452,729.5697483421748,601.3786529708248,650.7181706019754,738.1199686383216,691.6089228811,619.6818961747009,624.2449006276745,738.4017787352386,768.9855250862149,754.5345760399879,588.5559501639784,525.7328128248715,811.4830685151109,651.2655933669096,689.1489413415741,782.663203604332,618.6048489247935,500.7601862441605,403.37581230655184,789.6870106974859,772.5083622604543,638.0221947363107,748.7751651622012,733.2132726825856,797.8690076253686,719.6874596887676,563.2222429884227,711.7838141133282,742.5275527239716,717.675071167713,725.4503900230486,737.3650317136282,710.5298344006267,644.3626133474467,607.2739799531722,604.2607322200473,692.7254720612656,626.5850692945218,636.8118748580193,747.4141857330075,672.7344506902607
1610555610.92HPGJJSmyPM40z7otPBgHalNrHFA7zk5d,140.62164835904005,745.9721808384243,0.0,679.3413644728007,455.4073051748658,604.4348036704303,390.1480676933528,189.54043915536417,386.3349610377101,573.6839646544221,764.0639729028665,702.7948234263728,646.0566665386541,277.8256619179635,710.4452010442046,631.5257815688628,765.1070998813433,757.3650922891053,500.86079961029503,541.9691218462024,730.8180463306662,770.1094140001716,575.5522353884536,201.83859733050423,679.7802144413836,600.0412155321515,507.98795984558507,706.6414636096034,710.1512001897631,538.9944927559723,606.9425286974738,574.8726230013413,645.8787301277421,677.254359569489,692.1542349295879,681.247898279905,673.3031664892753,663.8910733276324,735.6691527269784,697.5449415000464,688.7316852895691,769.0565680121667,680.7212786896059,638.0526773498715,765.328162898131,791.9972147971233,710.272287061055,605.5029164259632,598.469499569777,687.866873667592,595.7326899538716,578.6030707801044,709.3230895128638,788.009212566191,599.9614387413648,614.1679390170681,659.0927071780455,698.7574340493153,574.3682003719804,645.9767410740756,790.4469267074793,817.8415414350891,663.0462475158926,763.2113605208143,612.9337766549814,817.9866769923151,622.1661317311435,772.1644645242206
1610555606.68LaSQbm9EHAFycEfFtEqAwYqlBsQPjIRW,673.5598261225755,554.7489021194197,679.3413644728007,0.0,657.8788929640974,722.4439469110229,645.1555614303362,702.2239447166099,723.4667516058836,692.1589259966725,529.438819291406,583.985767075358,679.661940384711,720.4241270218309,650.0618676059689,629.9208540844365,563.900450689833,565.4603348237276,666.4434199092793,624.1921881001088,640.2376857444511,587.3720101291798,702.9238476323562,698.406834461873,786.9844552267632,732.8255438794871,636.6093670824058,633.7629949515134,584.9006994111994,641.5205194332915,671.6284713725655,666.2909321770352,692.9370769229741,671.079452154548,636.2555532318783,565.300638407853,666.272991604055,647.7831411842704,552.6968898678253,726.8482152184373,516.6546498672628,552.7833360592082,669.4566387629447,516.0086072048168,594.9798445543938,637.4843409129,797.1654612824195,706.2749575452048,662.0156613831608,679.7816836915879,645.7866209669421,737.9998284208472,695.7877036195615,583.8984461231902,652.3232192753715,757.5417078535112,728.6260580033966,665.1345426419572,679.7292769188449,740.8185721512114,653.7466716418608,621.2916360266698,616.356319441356,670.7243079076138,616.4350266119592,659.7601253421616,612.9812772031792,663.7907822461866
1610555617.19EKxMEwDHfXiEJZc27TsGoERaD6Da4BZU,443.01343303649736,732.462017037599,455.4073051748658,657.8788929640974,0.0,655.6475575649678,376.7978650593807,489.9567742304546,433.6226855346449,600.4404552715583,691.7221549106451,704.9776031219004,670.9169014884927,482.18613137944686,696.3766035613489,616.4728624372644,698.6908873339086,722.2428562320348,556.7092563365509,575.0616468212496,714.6030155652998,699.4916861000693,438.4803896515599,487.04697882706336,645.2616114265844,640.5356903339821,371.8001537578933,711.3479337651203,701.4571738789753,447.48887563335467,568.3904260606034,441.0567281275391,670.5092778145721,659.8734540932446,674.9341249302696,656.0428866227711,664.5195640653646,636.1666496104793,721.3105727782921,717.8099834102225,635.5200768355537,738.2426130389761,650.7722374728498,682.713472389284,725.6888905831117,763.6344809328484,675.8842223312595,626.6240689208473,592.7017608387948,552.7361759886068,657.1751866967037,558.7016240233801,690.6869251941988,736.729491181348,606.4065176608183,563.2606062926828,634.6930723983102,713.843710753812,629.8944255946958,588.4283673377715,728.0677782165502,763.2283848061074,640.1977124186582,697.5788634578023,579.743987086188,768.552736538684,591.3829615412869,721.2239170427267
1610555722.52PJ3FD50MGhRXyUD28vluU8Z9UjLJLZn4,580.5521931903238,717.7966012192785,604.4348036704303,722.4439469110229,655.6475575649678,0.0,639.8904797950548,622.7864433162771,588.228756342953,712.3656064231875,696.1673678511428,685.736007650572,724.6694867937086,635.0633462445631,713.6231661653134,759.3515226996293,680.0272272261196,691.8013077951942,365.6171227278305,693.380640472629,669.8583014917833,655.3026668727359,625.0870420878935,614.7978461387468,615.6475063865192,217.46712251343868,632.3120697375668,696.2638496198313,768.3089588013701,587.2031704426875,728.4297188480257,547.7078010189234,767.5462683928396,786.9459492863397,743.6268877717955,696.410581479963,779.6010435188524,787.3114895551387,683.4344483613454,693.1837763568144,775.9238181968173,686.09498147788,751.4866300815428,632.0729509807821,700.7218795521674,649.5156801332798,602.2660666123954,602.322943664609,739.9769027589713,685.6173418021925,642.0422672363756,577.9332382246508,695.6797004335803,698.9475024910805,716.689957525718,585.0357245936492,685.6227608856539,702.3303718023774,625.9894511426263,496.8291250026882,680.1551182705281,708.9393429448066,766.5132652945404,635.9442140639155,759.4208227578363,716.9502678432614,631.8033611747964,690.9440828201051
1610555617.52Ijr5puT55g9apK8auM7zaxa3NANg502t,391.29714774037467,723.0027939429906,390.1480676933528,645.1555614303362,376.7978650593807,639.8904797950548,0.0,420.15159319577583,494.54678844090415,631.5787392567195,710.8372419604408,766.7942485777994,674.3209595948067,426.9399972554989,718.6827411642346,677.5121328269221,725.7442685398671,762.4302047371827,534.0002918393889,640.990911009148,797.9419184692171,734.7867439106558,561.5435305615298,431.0940859343929,711.8274269072812,616.9221701451222,526.1440024910725,738.304363794901,664.7662195333128,390.59366907946963,631.2200532914023,450.3008066602438,698.5747670481252,697.8079544963664,735.3705148876835,677.9735479976381,748.8257742176993,674.2902253153347,695.0667392989839,741.2448827576841,713.0948824769387,761.4967994770036,712.4586205852942,658.737092311018,742.9156092450303,768.2355024817452,787.2748150369373,680.4326225443815,629.763723377296,667.0957136725477,698.1077508170035,626.44688009349,666.9611747348937,716.9298929505275,649.4368168177906,594.2013025018235,670.2821029484347,773.9170341048062,667.1113353738904,591.1142179048047,766.4596727632795,776.0329056858601,684.8568441351823,723.6274357327119,624.1327673403651,787.0794990009839,629.2375593513185,755.2630590171052
1610555638.77ZLjTLkz4jYJdFMI2wWBztzsDILkoOtAk,133.33778041538224,783.514695736094,189.54043915536417,702.2239447166099,489.9567742304546,622.7864433162771,420.15159319577583,0.0,370.7069367517022,622.9808737997671,778.5784120060621,707.7841838115019,689.8144745753044,253.7392736317324,708.3961350323334,670.6173141976064,776.1958151502511,759.9195200124469,504.71282535670883,590.887642032415,737.0579209828174,768.6467227613499,622.0916753718271,137.1668922278338,707.6149440376599,603.613816641074,546.1646087656503,708.0083346398673,731.2667249867969,581.6304656040253,644.8824524887852,609.7729093028605,690.1233155207253,709.8570177744342,710.5351832571725,687.0817270641843,702.8071067057269,699.1797669514418,766.0464658447554,690.4399144446692,709.3917582490296,758.3177061131238,668.0251698396204,635.2725300037835,787.5059910164883,813.9543208565067,719.976385016977,628.5048273139903,645.909481532527,710.1792377999534,604.3355089394781,592.2449145407686,730.567650063658,810.285006966891,644.1022406013091,650.2008358954917,665.8529269186809,738.3786247464989,581.7205585119578,657.5319559965059,786.2585766895515,828.8667205462032,701.4000616902396,757.8357973210736,651.6320520821234,807.1968364966242,649.9342021453053,768.6614452886558
1610556912.46C7tJPLF0XfNnm8f1820X9aLmXMHoc0Dw,332.8982748322044,773.8310132855244,386.3349610377101,723.4667516058836,433.6226855346449,588.228756342953,494.54678844090415,370.7069367517022,0.0,604.6275910122096,789.0562440144272,676.452367742935,677.0141673934651,375.07425674924394,692.3678928655225,666.1182375640657,778.664396886307,736.4515079049352,459.04506056041635,564.6399212572187,684.5118863542234,743.0799971517652,594.1937164096842,356.8616506439903,680.2203345357292,569.1664485379565,536.6772548209917,694.3505403830926,760.3697427851772,575.6689731765549,647.8968500639448,575.20330690453,674.025419733303,710.4336000336298,687.7015918257056,687.5017557405413,670.322731776097,702.1225492071552,771.4286471068742,699.3162022958861,700.7806323942782,758.8510414333459,659.7403135561235,661.4795984805218,774.6399660919458,793.0859145881657,647.644542960214,578.6716120075704,637.1472777371051,687.4350595183213,574.2307142301441,568.6873561298278,750.8036653892277,825.3219918386341,647.8813366316496,641.3404265531614,656.4087982594491,702.243514895753,553.4593756879223,617.105066631336,769.3838946954469,834.0772197650963,694.9830402164179,749.1642126084922,654.6621248537174,801.229379301678,665.2065110862089,751.6022443573314
1610555617.51LjzIROg0aeCP2GhDcAVQ0LipKJB9jmKc,559.614753397924,657.0924472145878,573.6839646544221,692.1589259966725,600.4404552715583,712.3656064231875,631.5787392567195,622.9808737997671,604.6275910122096,0.0,805.6666828423454,753.3315996442315,371.2255111310758,655.4906623294964,772.7730932321963,630.5236494998221,814.898125061913,764.8152316217293,706.2443341741505,577.0798295414276,774.0619037188987,838.1661236742151,588.0200276425329,603.3206307683832,701.6026518171033,724.9169921860916,588.732345241027,766.7232853880469,708.6895735331065,634.128891439639,594.2617912563152,671.6362428607789,297.3150602656089,628.1410787649512,697.5965492058949,762.4229258294005,654.3931965272089,600.897605591904,662.6735285515022,695.9394495336048,694.9895655518617,843.4548425064135,702.3508727997266,734.2816988104531,776.6560484992784,765.3381946576645,695.649684536583,649.5294191342216,316.3607789672164,729.2219513759142,656.4555959793729,667.1214153862325,654.8259246396361,799.906403233363,595.5238150982128,675.0734628610567,730.4972124132526,654.3890902711344,660.9603882487262,745.1757872466874,829.9191882032133,852.6205866410379,584.0518572945168,856.3780236452307,512.143034748551,870.0699653820178,688.5785500527212,823.8702302118875
1610555608.17OpjjHobqRkX0UPcaXrbu7K6L3805SZri,757.2631775244547,612.0525505915118,764.0639729028665,529.438819291406,691.7221549106451,696.1673678511428,710.8372419604408,778.5784120060621,789.0562440144272,805.6666828423454,0.0,574.063220314486,777.4646148314658,773.3454329107415,540.0809874119701,663.8520948362506,261.9576378452094,522.7591543297264,683.8483211373878,728.2309657843459,561.389175403964,391.7676736994447,696.4242705902474,781.4986259760223,649.1227542687423,682.8644288653172,716.9865629828911,589.5290670507343,592.8974625361222,696.9031273983543,745.5136734405164,621.1946629020149,811.9341490870988,727.8720556929873,633.982068310643,538.8911145839837,687.0541544383559,720.8051675184635,595.9989946198937,713.5199976880679,594.5916769896032,409.4232030703727,626.1879140451799,594.0846365759871,511.6069526274256,509.5163514991991,760.5600258456544,713.9090771427439,768.8931461268417,559.1195934961777,712.5065469955384,749.2060591274538,680.4765287461574,486.02119900604896,742.3141805790991,648.8108336846961,612.1978153612537,692.2599637363717,743.6220376178239,617.1164897500705,502.8101843089256,389.9998364546257,689.5979907631199,477.61852530272944,713.2460211158276,405.38529104657033,593.9693279446583,549.6113279508733
1610555721.82zWeNZfGUUfRJkgnAwlP8VMhPzXctnSd4,686.6547942515093,730.7649519406071,702.7948234263728,583.985767075358,704.9776031219004,685.736007650572,766.7942485777994,707.7841838115019,676.452367742935,753.3315996442315,574.063220314486,0.0,769.4970671155652,718.1562211588255,657.2585692936243,539.9067805310505,567.2727027669719,603.3628903106408,680.100217018079,540.8836612887887,272.97581820393486,487.0537164416228,730.4930031161144,708.8652749701241,694.2151264866097,676.9896221825543,712.0608937768054,446.27889674053654,613.4338923986058,781.32837331533,735.1532545811015,740.3615724949934,742.7524214450265,644.9765095675057,502.9663253708429,441.7373637831177,635.699630123497,649.4734903954422,661.1914742433281,706.3473673400971,628.2323252301546,464.23890300224235,664.3776015686062,487.1246278910727,658.6625767419988,675.4419144210547,679.8504287662803,631.7195785810675,721.818995874027,630.8713756146362,435.15755518961197,665.0072513810057,730.8157483759956,623.2926441294102,676.4281502584848,702.7699891045398,618.9945148253763,571.6455825915904,531.7343788882231,712.5824989604397,604.9705999313708,620.6287436039481,598.9912698005235,620.6204319414105,635.0256618896295,602.0859357767274,602.8567937504706,610.367381937108
1610555735.75bom85BDF0C7W2eIseHeMxi24qR68nzMi,633.5644720816282,541.0941342343283,646.0566665386541,679.661940384711,670.9169014884927,724.6694867937086,674.3209595948067,689.8144745753044,677.0141673934651,371.2255111310758,777.4646148314658,769.4970671155652,0.0,708.4694385423273,717.3024476042814,661.4026534247108,773.8256075485385,668.0088120336313,723.1623166336345,603.0311331557994,793.8482030761166,794.0720126607231,657.3842171837232,672.3696285946588,760.98799281011,738.792241265875,660.1456382328643,775.4128040946969,656.0571132149242,662.8643993328888,593.6707718115617,698.0632331042373,231.0685293103077,594.6543816067098,720.5961480899417,786.4995940875424,681.9221470947917,574.722735974227,668.7385989059662,685.1064231597319,683.8415706824692,824.1720213351501,717.9322888567111,713.6362074375177,699.7475964945577,672.8694712380066,710.0952316237378,714.2188262870725,487.73755143629637,753.5115908933458,698.5173281720031,729.7816830846883,649.6652003942274,717.0773161602434,631.792798940049,735.0845956538153,768.3737952275724,691.5137410833594,701.2601529161259,766.3055538124225,771.17908240886,773.6334074926143,589.454542548323,832.7464442379136,592.9277523835208,795.3622180539593,715.9346734754639,770.3437099305683
1610555735.77NnT5xqKnwcf2BbjIekeb2arTQj6QMNwk,266.70858280230397,785.8603367327714,277.8256619179635,720.4241270218309,482.18613137944686,635.0633462445631,426.9399972554989,253.7392736317324,375.07425674924394,655.4906623294964,773.3454329107415,718.1562211588255,708.4694385423273,0.0,693.882117030901,708.4886149620081,764.9074631240472,751.7522480570417,504.93651818470084,620.4030255659184,752.914692893358,751.3308667028056,645.7953499472906,293.76543767454734,712.7104195312123,624.8346521863401,580.3596912834793,739.7986346549943,753.0616901839788,578.7471825523759,681.8035341055141,594.2304366461867,719.8292741290561,746.4694472976961,738.8929459792419,711.4953114294811,725.4315567867425,732.0204625864236,785.4278994048615,715.976141543245,735.9850497353798,765.478205345912,697.8861707816526,674.6416952991646,773.3716953360621,800.1981867037598,748.7792051336315,652.9926471264713,671.0479678876153,714.8504933654717,632.4049456752432,608.8658460933831,756.1004829656953,819.15756842704,686.1891262964474,666.9789522645098,645.2315830351442,775.5139661961674,613.8693301189803,643.0556679908518,777.1272880157845,817.6024180590368,742.3926567919427,750.085611689082,684.3052942281226,798.7677308543882,669.2829018333264,757.5429704881984
1610555638.33wjf1PhdNaoWfbRzXVn50hmFyB5bYAiLV,690.4231098693566,669.9247938990915,710.4452010442046,650.0618676059689,696.3766035613489,713.6231661653134,718.6827411642346,708.3961350323334,692.3678928655225,772.7730932321963,540.0809874119701,657.2585692936243,717.3024476042814,693.882117030901,0.0,705.3722623327684,516.3855121971934,594.4812701499491,674.06320784626,704.1635921034949,636.0138965011614,551.9309008572674,722.9797453723214,707.2985456348694,708.6260113271325,692.0966221467698,700.0250336789068,703.0583958900614,616.6865948470481,723.5279438126404,658.4509038933471,660.905234133466,761.3257988608372,806.8224965836195,599.1371460952471,613.6618912785315,641.2645906115105,774.569561181874,696.4389310254504,691.3037550996526,556.5318556956772,611.6671767147652,515.6213994758056,630.4984482340965,486.8190830786953,586.4085872352443,722.3549311159677,692.7508454169538,790.2164898613905,630.2314557465256,679.6690205219427,697.6571151965196,838.6057347469546,597.500732312015,721.4005673339258,707.3428814165882,582.3153601020533,706.889542161788,737.9415963791885,668.8134189561573,678.3838936930948,566.4009240152994,729.8638193139142,643.953026650829,766.6960885183253,535.2169624650442,661.1099887557466,708.2084039496951
1610555606.65jCE4ig8Pu8kvAzkxnSGfWsV0nQBjCf8H,624.7525214491847,713.1140622041304,631.5257815688628,629.9208540844365,616.4728624372644,759.3515226996293,677.5121328269221,670.6173141976064,666.1182375640657,630.5236494998221,663.8520948362506,539.9067805310505,661.4026534247108,708.4886149620081,705.3722623327684,0.0,675.4977724588055,738.5843482273606,765.6605257838727,428.938750444079,560.6913111636485,705.2431746971688,631.0714096899651,660.5070676718722,700.9868382038269,772.4394549863607,602.1522551396736,590.8744019027687,561.1227112331547,710.8798718842914,553.308654051102,705.4253326079149,626.3210459993451,481.8458412824319,400.4120334451556,528.4642181243447,504.5893721064881,484.02582859845353,717.0876715908859,746.6103778866457,550.8391610149372,670.6217954422658,685.2989000416746,651.0893000357784,706.5964616868781,763.5072179193126,690.4544133613213,627.4819685582779,604.0748247796047,584.8461609787746,553.8458906010159,712.4605827550059,662.569409183273,685.5984890740666,501.1695405830234,694.0827500054916,684.7724843042694,486.5885268296737,604.5531520779437,769.5004622592132,717.4362057461517,737.848713635389,446.5783992883302,745.5075155846049,539.8903278910846,728.2092555534953,559.0045696412473,714.1535487355704
1610555608.18ONsBCVo1i7BrX0XG9stct4oiA6ejX9Oz,757.878612883591,592.5914198775796,765.1070998813433,563.900450689833,698.6908873339086,680.0272272261196,725.7442685398671,776.1958151502511,778.664396886307,814.898125061913,261.9576378452094,567.2727027669719,773.8256075485385,764.9074631240472,516.3855121971934,675.4977724588055,0.0,484.0974053442659,674.1348820693418,732.4021979538556,546.4505530168708,350.15805934090787,705.2895939099228,779.2652886638616,623.8673405249694,661.2170721504068,724.6149379066381,566.0290381346632,592.0373003451,709.9314529739348,758.0638716369918,618.413113370811,814.6866304696513,719.842886502678,626.0095505549123,536.6550983311656,686.527594717001,715.3992675685225,591.5403761938751,698.7129203321151,608.131657234652,389.03503404652133,625.1662199114612,587.1841925081477,475.34073246746124,462.00298470407233,735.9284626414775,716.5859843126742,780.3608119161847,551.421876358442,709.1265046806703,731.569227450787,671.5585143482897,467.45006074383616,753.169903245623,642.0116510109186,564.0399145599991,690.7039749841757,736.845605390721,596.8651268119256,449.6531769297333,326.17341505645794,698.2917819370483,412.846904588326,725.3767481592239,333.6450354984981,595.1561835953861,496.0369484581975
1610555721.51RNoQUMP19FTMS79BmA3JkgSm2IC2AQuQ,739.1891992518607,389.4777799342966,757.3650922891053,565.4603348237276,722.2428562320348,691.8013077951942,762.4302047371827,759.9195200124469,736.4515079049352,764.8152316217293,522.7591543297264,603.3628903106408,668.0088120336313,751.7522480570417,594.4812701499491,738.5843482273606,484.0974053442659,0.0,684.238875296629,726.6103945507288,643.7345327325656,469.01988799380143,718.4776802269691,758.4017379210169,721.6349017543747,698.9577517044967,746.6803149887814,651.2797393353208,657.36729334307,722.5577299859996,766.7285214141499,715.8046244149523,732.1328209968767,712.8998992534137,738.0138977255907,688.51285933369,770.1066304842511,692.5159389879615,587.3765059402242,769.7869495210746,643.3858206327537,559.5059398942429,699.4817819150977,561.0491099869507,510.14719063344546,376.2238018861531,738.1001466218047,766.8809033603611,749.1400632557612,686.6982309910695,682.9708543299045,786.0935698361599,740.063530820909,557.4897468212525,790.3345703704994,749.2639651534929,660.7094986120142,771.6276990928585,693.7654817051088,677.2080068059538,523.701860789815,496.76312375268895,682.0279487635996,558.5809910092955,705.4549644531281,494.81570397637836,717.0770971095882,556.7614979888945
1610555971.86O0cHB2ibBJ8jxoObg01EpGe8VVV5mpwn,473.4564621880208,730.8122216571392,500.86079961029503,666.4434199092793,556.7092563365509,365.6171227278305,534.0002918393889,504.71282535670883,459.04506056041635,706.2443341741505,683.8483211373878,680.100217018079,723.1623166336345,504.93651818470084,674.06320784626,765.6605257838727,674.1348820693418,684.238875296629,0.0,690.7202140139473,690.8080374685753,635.4336975909715,631.450484658937,504.2510547104419,664.7055096046985,392.0311140273455,594.626329396085,697.7383908214213,770.4763999104284,534.2270388154681,733.2610084036943,501.24961601500434,765.7743724945836,787.0015231729865,746.520705495938,693.0192343651267,782.5646290541407,788.6971044266019,710.1472192589176,667.2082622764138,760.9629061901843,686.7705180796273,715.5032199503383,613.7786356829432,713.4706077369813,694.9007217773735,684.9768565146112,588.2157637605133,733.3014587663154,676.1404996862123,633.7630064533223,547.657786132345,726.2964588933118,725.5695019914878,740.2607718732057,614.8891706475773,664.1968350915749,747.36087410383,612.6767047079142,501.95530607903953,686.9125118994203,727.1988223741824,784.6643259624635,644.8670563698854,746.9001314994383,712.3170007390203,610.6898378261621,686.0107194477933
1610556911.51zU3duZSGpcw1BDNsBLxdOCITAXwl6z3i,533.8830399115952,685.2034278863925,541.9691218462024,624.1921881001088,575.0616468212496,693.380640472629,640.990911009148,590.887642032415,564.6399212572187,577.0798295414276,728.2309657843459,540.8836612887887,603.0311331557994,620.4030255659184,704.1635921034949,428.938750444079,732.4021979538556,726.6103945507288,690.7202140139473,0.0,561.0666509576967,720.4873604842207,595.4866557372808,577.7290716224569,686.0067036751836,702.3961721723989,544.2916232644,613.311613861793,627.1258716704921,669.4864285378513,564.8155156794314,663.1782407549769,565.3000832034834,549.0953651008804,498.26010194111484,571.9306218593565,477.7377212628475,545.4673947830345,702.7411918934522,748.3203766239884,562.2549050045358,699.1910599750295,679.9975049093404,607.293783563377,667.4073495523427,764.6241683958037,653.9977535729477,560.9239217532787,572.8245116195449,673.095391776531,531.2188780770421,642.5586548931807,707.5121923328251,726.5323325341184,483.1539257723594,663.6987087810509,649.0999866744527,470.46581065612435,539.603805197947,725.8490679693572,759.9696163554256,774.723741345345,491.27607794663487,787.5435390258731,504.38686068607166,790.1371123033756,606.8602205004834,753.1774315228831
1610555988.71dMoYT8250UHHJGxgmITTmbHe7V6gH1yU,711.8547337267332,765.9012458225675,730.8180463306662,640.2376857444511,714.6030155652998,669.8583014917833,797.9419184692171,737.0579209828174,684.5118863542234,774.0619037188987,561.389175403964,272.97581820393486,793.8482030761166,752.914692893358,636.0138965011614,560.6913111636485,546.4505530168708,643.7345327325656,690.8080374685753,561.0666509576967,0.0,486.4600139775413,721.178302489553,735.1831663343065,657.4002527306536,656.1776873382523,704.1299749960627,454.52505906833085,650.579608379667,811.0296186667194,729.4990989597181,729.7745705166276,767.3013285309579,681.5233331030141,487.82180020777093,426.7135476620219,613.935418355313,682.3335354326123,681.585527412427,716.4478703069572,623.8419142394832,442.6753072073119,615.9304142410025,531.0523974908276,641.0359111142342,661.7088080900642,622.9825025022798,649.171294629404,749.3646995668291,602.1148203568267,502.9514445315847,671.6328502123849,725.6759098771055,628.3515682695347,686.2496160176743,671.5013647831304,608.4976838562465,505.0140382917368,593.1329184735713,707.8561473032485,574.5757880233534,598.4674586407576,634.4156965910398,597.8184531399197,667.7000347693678,583.1082047116015,602.1418254726724,586.4754248529591
1610556042.81mlUZsSp7gbGjrp8jQSnybT1gPy6e62o1,750.7806761913627,615.216411317948,770.1094140001716,587.3720101291798,699.4916861000693,655.3026668727359,734.7867439106558,768.6467227613499,743.0799971517652,838.1661236742151,391.7676736994447,487.0537164416228,794.0720126607231,751.3308667028056,551.9309008572674,705.2431746971688,350.15805934090787,469.01988799380143,635.4336975909715,720.4873604842207,486.4600139775413,0.0,696.8390761464048,770.4244121631698,638.4228054832408,633.9235506690384,743.5306371053086,520.5625360280064,630.8486235001913,687.5366439708969,803.2169095822121,593.2069550807802,830.7815675895183,736.4033909885973,641.7199999696523,527.4879062228572,740.4132124376933,717.5485914368738,605.2307191591574,733.7251171907506,688.5172810167835,376.9420996175848,676.3472122795363,555.8102342030688,477.4673164934278,477.66605523897647,735.6791504631507,703.7402859774987,783.2176920760339,575.8929981938705,651.6888296775659,722.7368140935059,714.2281518866757,485.2010895726462,806.3880188172748,646.3496431939407,556.9132363936556,683.8372345932502,693.069218790573,536.836938791203,408.1289946323044,423.4995874574206,703.8004597261902,397.7404119287507,717.701500052617,363.6655988514895,624.8613016258487,455.06106008954623
1610555637.02UBW5nKvDyUrKnaWcYRGajZPxTRDS0q3N,558.9872891785832,675.6655500223152,575.5522353884536,702.9238476323562,438.4803896515599,625.0870420878935,561.5435305615298,622.0916753718271,594.1937164096842,588.0200276425329,696.4242705902474,730.4930031161144,657.3842171837232,645.7953499472906,722.9797453723214,631.0714096899651,705.2895939099228,718.4776802269691,631.450484658937,595.4866557372808,721.178302489553,696.8390761464048,0.0,604.3284255907463,546.5170535872921,626.6906915363248,418.79854025326364,751.8563612122123,677.2596563198531,449.5944706037247,551.4216247163854,450.0408442226154,655.1975118659503,670.7250536769897,677.8411930250228,661.2720281782986,659.9846799124431,597.4680799984532,649.3357864003518,758.084615688861,673.8919036337667,754.5286307805515,691.7504262531406,728.3171002202597,693.9208468107632,696.4076781609082,626.6367319167066,604.8717746148932,543.0023815007168,567.5696222512593,690.9906991738504,564.1013378358558,694.291809897393,692.2823949023141,579.8344094093421,392.7541233274304,663.2359274606578,676.4360680220638,669.1250573624552,527.7481086184109,740.1748060439022,765.3347132095546,580.2928305041568,707.1847737032325,535.5973834172852,761.446790102052,617.2738177855339,759.4273070563052
1610555619.13oUYNikU4facCTpUSiSLr0vPI0tJLnXiT,133.92599499187799,769.1119254664308,201.83859733050423,698.406834461873,487.04697882706336,614.7978461387468,431.0940859343929,137.1668922278338,356.8616506439903,603.3206307683832,781.4986259760223,708.8652749701241,672.3696285946588,293.76543767454734,707.2985456348694,660.5070676718722,779.2652886638616,758.4017379210169,504.2510547104419,577.7290716224569,735.1831663343065,770.4244121631698,604.3284255907463,0.0,700.5574206324451,598.4432445371153,536.5608006898183,709.2854284752796,727.1273258733241,567.8298025117742,631.3710860955225,596.8421043184708,672.389913554206,699.1522271347175,701.1930233325721,688.3058465770795,691.630427465863,685.5093592224395,755.1758710079894,691.2367056486146,702.9220057554492,763.4441575417669,667.9496536454986,644.6250797983124,783.7015389942142,810.148689930975,707.0202397681543,617.8940432576535,627.3439822719317,711.3567165097564,598.1774785019035,586.7883466157103,722.8010666449176,804.5635960538765,628.1340793944871,641.957461624165,667.4236910564161,721.4833034786135,575.5875654654966,646.7508970515374,785.346661602026,832.5883305128662,685.8365831103862,760.0468772767485,637.167666566449,809.7020387026396,648.9545313012603,768.3262246272365
1610555721.03nzkucfjAUh31zTbmCVvTVYqtjoxZFnBh,664.8418222833934,728.6335531336663,679.7802144413836,786.9844552267632,645.2616114265844,615.6475063865192,711.8274269072812,707.6149440376599,680.2203345357292,701.6026518171033,649.1227542687423,694.2151264866097,760.98799281011,712.7104195312123,708.6260113271325,700.9868382038269,623.8673405249694,721.6349017543747,664.7055096046985,686.0067036751836,657.4002527306536,638.4228054832408,546.5170535872921,700.5574206324451,0.0,620.9597817179775,662.9102749512879,671.5437444296408,757.8697057460502,673.6379857880394,688.3435761055708,599.1406422705682,756.5314802938607,713.2857515563908,666.6390520105308,680.9559847030393,702.3024454658371,668.9447922029416,617.2966540515496,688.919650291415,773.6869554798453,658.4159688558271,663.8472766432832,754.3792210666522,709.7959298552228,620.6542001156643,667.9305985621203,578.6884021230308,644.6941977584225,636.5096037250831,684.4983083388727,644.1109255781955,654.2681844564165,689.6264402527709,689.3459756192418,467.1640649096678,519.6045107929663,658.0325658631017,670.9888068693231,511.6597025710211,625.5225012782439,655.41511664486,664.1832494520511,567.6257123537932,639.996692355288,651.8942852912246,624.4375617253693,654.0322418918935
1610555722.67fhKURdXVzRbLIjXmjRwdJHTnE7PWb1AE,569.1972417040939,745.1590757322804,600.0412155321515,732.8255438794871,640.5356903339821,217.46712251343868,616.9221701451222,603.613816641074,569.1664485379565,724.9169921860916,682.8644288653172,676.9896221825543,738.792241265875,624.8346521863401,692.0966221467698,772.4394549863607,661.2170721504068,698.9577517044967,392.0311140273455,702.3961721723989,656.1776873382523,633.9235506690384,626.6906915363248,598.4432445371153,620.9597817179775,0.0,631.7088618563795,667.2655256381694,754.3730747218505,581.4678368211631,745.6891842598567,520.4049150985985,777.9709646212114,801.999394899924,755.080680004486,668.8557651746291,783.1854779355405,798.1274691890233,688.6027815939186,683.3468779691985,782.6704967983025,662.2365434408895,720.7571118902557,625.1195788330973,702.1704982085984,654.0929219840758,591.2354419574956,604.3785908321544,752.4196474205378,669.3583718917787,637.8345123352943,576.9852807333779,695.8782246972709,697.3260069827147,736.1792527662038,566.7911939731148,663.6704646754737,718.9772105696254,617.8382875054922,465.023248476743,666.9285274615603,693.9327216746041,777.7220198267644,614.2005715111811,770.2224491424572,691.1883826806003,631.8431111349329,677.957750784426
1610555638.39J2ZWBLuLTHP0jOlzB4tNHmYeijH5g5YJ,495.6400146299742,743.453027973452,507.98795984558507,636.6093670824058,371.8001537578933,632.3120697375668,526.1440024910725,546.1646087656503,536.6772548209917,588.732345241027,716.9865629828911,712.0608937768054,660.1456382328643,580.3596912834793,700.0250336789068,602.1522551396736,724.6149379066381,746.6803149887814,594.626329396085,544.2916232644,704.1299749960627,743.5306371053086,418.79854025326364,536.5608006898183,662.9102749512879,631.7088618563795,0.0,740.1757878386195,722.3224124322285,541.213165159323,503.70500227352284,518.6289563035532,658.3038421278993,695.0610268800209,667.4476221750032,647.3359371738923,625.8744121548377,669.4022356697928,735.0733719013551,686.1335371841177,590.5240912298395,763.0914393770562,634.9895804903612,709.4807207668879,727.623539319158,777.3974261603445,620.4842027900803,582.1301034412323,593.656310846343,523.7804768683098,639.124425005917,507.7704018037942,729.1006907762293,769.7754561220889,570.9058425190586,572.9752114118583,684.5437073626451,651.0680836583878,626.312786615182,646.6703211784073,774.5261451165231,796.7459317143977,647.760767614698,745.6804336863254,609.9717684885642,801.1279936134382,510.9851190385609,776.8498580646642
1610556032.17Q6yCDx9g7alRnL9jBFXD2JhhUyB2hKfJ,692.8604921331283,729.5697483421748,706.6414636096034,633.7629949515134,711.3479337651203,696.2638496198313,738.304363794901,708.0083346398673,694.3505403830926,766.7232853880469,589.5290670507343,446.27889674053654,775.4128040946969,739.7986346549943,703.0583958900614,590.8744019027687,566.0290381346632,651.2797393353208,697.7383908214213,613.311613861793,454.52505906833085,520.5625360280064,751.8563612122123,709.2854284752796,671.5437444296408,667.2655256381694,740.1757878386195,0.0,649.522789403059,781.8444499183839,767.4322666548935,719.6798788489646,757.4537847894425,571.3509774559584,610.0971027297934,523.0490181730896,697.0244781152011,623.4777940846265,659.5659552373337,689.7846022909497,745.5514304524712,457.57627877644376,672.6539360342247,497.1055842826931,681.745458534873,652.148971243515,684.490878046067,680.919924172153,755.7076667277265,636.3684801316822,553.3145671403151,731.0433192995954,623.2606632880313,627.3439058519554,745.4811490909971,713.3420826419433,626.1758286908939,568.4629012795583,555.8467739530698,706.6759827212082,575.1384616287277,622.776964077916,629.4297586717549,579.913037910693,655.7510544705603,590.008846583751,630.976142152025,571.3460395621589
1610557007.49MyVgDnuUuBxrvL6SGOdhKf69VYlW1MSm,705.4962569677224,601.3786529708248,710.1512001897631,584.9006994111994,701.4571738789753,768.3089588013701,664.7662195333128,731.2667249867969,760.3697427851772,708.6895735331065,592.8974625361222,613.4338923986058,656.0571132149242,753.0616901839788,616.6865948470481,561.1227112331547,592.0373003451,657.36729334307,770.4763999104284,627.1258716704921,650.579608379667,630.8486235001913,677.2596563198531,727.1273258733241,757.8697057460502,754.3730747218505,722.3224124322285,649.522789403059,0.0,679.3844247519253,665.5918062952703,696.6351445347815,681.5166287915081,604.4332239506847,593.4036178039144,555.1970287303268,682.4532023397136,546.3911090606408,648.5562966004483,794.7923805824151,575.9778551621756,609.2686959467334,719.6134582524685,570.0311443882539,624.1538939850424,630.817953768638,776.6473079033062,762.1892354328942,704.5761608271897,689.5768626048593,664.762980697591,756.9780527132625,720.0121315397574,545.4751502255402,650.0350492703883,677.077443743731,718.2390464995256,682.3683181261794,696.8540900304573,720.2769887304241,700.5650517286753,628.5914540118915,517.2509362598454,721.9385701243093,580.63299205995,627.186134317809,708.842633505099,722.8377342354585
