,1610555604.25mOvVXuL01OCiReyVWBfesjuvXmB3MoPy,1610555605.43B6oDsBtWRQ29Q9UMQuTUEPZy3FSSWXzc,1610555610.92HPGJJSmyPM40z7otPBgHalNrHFA7zk5d,1610555606.68LaSQbm9EHAFycEfFtEqAwYqlBsQPjIRW,1610555617.19EKxMEwDHfXiEJZc27TsGoERaD6Da4BZU,1610555722.52PJ3FD50MGhRXyUD28vluU8Z9UjLJLZn4,1610555617.52Ijr5puT55g9apK8auM7zaxa3NANg502t,1610555638.77ZLjTLkz4jYJdFMI2wWBztzsDILkoOtAk,1610556912.46C7tJPLF0XfNnm8f1820X9aLmXMHoc0Dw,1610555617.51LjzIROg0aeCP2GhDcAVQ0LipKJB9jmKc,1610555608.17OpjjHobqRkX0UPcaXrbu7K6L3805SZri,1610555721.82zWeNZfGUUfRJkgnAwlP8VMhPzXctnSd4,1610555735.75bom85BDF0C7W2eIseHeMxi24qR68nzMi,1610555735.77NnT5xqKnwcf2BbjIekeb2arTQj6QMNwk,1610555638.33wjf1PhdNaoWfbRzXVn50hmFyB5bYAiLV,1610555606.65jCE4ig8Pu8kvAzkxnSGfWsV0nQBjCf8H,1610555608.18ONsBCVo1i7BrX0XG9stct4oiA6ejX9Oz,1610555721.51RNoQUMP19FTMS79BmA3JkgSm2IC2AQuQ,1610555971.86O0cHB2ibBJ8jxoObg01EpGe8VVV5mpwn,1610556911.51zU3duZSGpcw1BDNsBLxdOCITAXwl6z3i,1610555988.71dMoYT8250UHHJGxgmITTmbHe7V6gH1yU,1610556042.81mlUZsSp7gbGjrp8jQSnybT1gPy6e62o1,1610555637.02UBW5nKvDyUrKnaWcYRGajZPxTRDS0q3N,1610555619.13oUYNikU4facCTpUSiSLr0vPI0tJLnXiT,1610555721.03nzkucfjAUh31zTbmCVvTVYqtjoxZFnBh,1610555722.67fhKURdXVzRbLIjXmjRwdJHTnE7PWb1AE,1610555638.39J2ZWBLuLTHP0jOlzB4tNHmYeijH5g5YJ,1610556032.17Q6yCDx9g7alRnL9jBFXD2JhhUyB2hKfJ,1610557007.49MyVgDnuUuBxrvL6SGOdhKf69VYlW1MSm,1610555638.44hjT5hbYdKoE3MB6hijrjqbjmLgvCUYKD,1610555608.13zUvmFSCRt6SsLbhqFznMEvGx54GPGQzM,1610556038.62a5C4ynd1AARyAhTv8a58NCqHvXRjscqH,1610555644.45Xse8u7pusHNsd7F3d0A32HXvXr6weOJE,1610556038.62gKXOCG7XCn55eJvyl5voNjbwOW0znQDq,1610555987.13v0oleKK97pkesp6oMgprH8SoSdoDVdIO,1610556964.96ZLLeiQW0qpmxhPGTg7K03fmzkqsC2bjC,1610555987.13VQlEedQ50VvkPMEMzZDv3KNnQCewykN9,1610555982.186TY6MMGkDecIN1woW6vsfAMXVV7jnyjO,1610555982.673LuMndkwkvdmZOn0MmE2Pkidx0FtNalb,1610555733.38zItcuH7gHNfKdALR2d9Nek6bxCyw36Vm,1610556034.15BQxSbZINGCay0yp6RBVlgcPrw76Yn9ON,1610555639.37BPZpgtGml8qUsh9AdV4m32jPLfI2aNFq,1610556965.57S0adAalhWYe6K3bkZU0bRHbqnDK8gGkR,1610555983.54zteLPCMjyrjzPdhHhlZr3faCgD0TfYr3,1610555987.79rHnNRmt9a0ufmnwCvZqBouyUoZDNpylW,1610556960.041xWER61rmArlsKfiMl4frikWmUCnQ7op,1610556035.13a7NHZDutfTMJ88qle1gTYY59Dr4WmMsj,1610556890.456ZBDaY16bMtrTZTqAgHl3wq1tRxzqDow,1610555760.24e6890pkbyZ97Or6croI1rQgjkSsR0yVt,1610556043.02YpWMIJg3W004iqlPyv8OcVAZdSC5rNYw,1610555987.03z05P26TLtONYM1HSzupoc2CeNMa6HTqr,1610556032.15OYCzUxpsz7b10AXBAuDXrvEcvxFhf0M7,1610556032.63Z80yI9pNwS3jSmsDABbuhf8wkNa2Ze9y,1610555736.28eGuESasTXdR3SqY6pHhEXWZtcdciYLCO,1610556034.61bebeZA0MkaFG2sm3VKiqrxeqQginTTW0,1610556944.5XwXOphKYT3ZkWA8gViqOS97VHVuMVUqb,1610556944.745UVLFBzf7fPh4UH37I6tYQOFPqRDytEh,1610556034.63XsUwaFaPZevO1JNFjfhvY4aKNFnV4noV,1610556964.89xwBHw9faT1HjQRMNQEyA4qJ3hWkwgj3k,1610556966.74DydzH91jtyvRyYau47JpVkZoMRSNTt01,1610555740.77UueVziDbaXyRR4OcVJIIZyzOfAzN51bj,1610556046.84e3vwjyRCzqz0wJQhrk8zsxlFfFSv98Df,1610556137.99eoPuVrDThKAOvmeprLPb2FWRqIhzUodc,1610555740.73XFwSrmTXJPlaxGZSefh0jOVA8PI3III1,1610556123.88AOfNaz9jSnqU5Czc7okOv1RCrYfKFBTo,1610556046.85nB7NvyoYQeLcOV391Lmmut1wAM8CFGLw,1610556123.89H4pdIAzDthI7bMXMhlIhKUYIQIvtmPPQ,1610555740.87GOYQUJKpkynIS2lFqppYK4b32ol7NeGh
1610555604.25mOvVXuL01OCiReyVWBfesjuvXmB3MoPy,0.0,152.01151039699937,31.718833572706963,142.08239204717952,103.34624011230754,119.78586309844938,111.54776986676491,38.00800830971867,92.08162002788609,96.71100467062156,179.2794327090048,147.19173387544691,119.40406167771256,91.58895970488796,167.38149878063993,120.01328128597929,206.15086937084345,170.45282121195777,115.10802764463224,95.80518195971221,165.47725650990822,190.4336202802059,103.84710218527779,36.76450750246583,134.08290592062173,137.32255785759412,96.67802393541432,151.54690966131406,144.38900456457142,110.99041795682857,118.30231155459326,117.83226632056913,108.8052514178913,126.51134673387506,138.07304500689136,149.83290102735316,127.33770869470885,123.96420572380006,146.72084331356638,147.79762700939116,135.59096659990857,184.22378716971664,146.80645650869909,132.57241123203303,167.75515802185453,174.36447761569744,132.25566470151068,107.90338021728246,105.39801799602482,146.7234592607969,114.34582259669621,118.56623812103702,153.74564215983347,181.49464479197187,103.27536825794508,123.03310528289495,145.6071957143226,119.03520857982774,113.29039072627887,141.8723087865589,183.28575401361104,199.55676181299407,116.4679978295977,190.60465327534982,115.67543250761874,200.76818364567347,124.07081253444348,175.20480505807
1610555605.43B6oDsBtWRQ29Q9UMQuTUEPZy3FSSWXzc,152.01151039699937,0.0,151.91754883723598,163.37920690130306,158.16769574059325,163.79746430959537,160.18904250361885,156.09076856951293,157.7520504775654,150.14275212054943,176.13622921219792,177.70283064520441,152.3211976024048,162.79232109213623,189.86684403831902,171.15309939274448,199.2633654775418,93.04593925175448,161.4836042382333,153.44677964760143,194.14887275821286,189.94396457489668,153.67743609956338,154.07726312550338,170.08393410119248,179.59982878859947,159.93941055844738,175.46711988191063,172.25882471205094,151.45010189373008,170.66403351019775,156.69094027477573,152.2864327423068,159.49827755169017,178.21536463207826,193.69032947929523,172.77835186446381,162.1926524058074,165.73141063457197,191.7701754831748,165.98877342034584,196.98241122310014,184.28092781832967,170.8345420202466,133.85696342561548,98.39922510853263,179.45294987702258,169.8833983222008,150.28641450262992,186.30147456461822,163.66253428867674,170.91995511208137,190.7459735481305,195.04199145835693,158.75544564787668,166.72816671087742,169.9159628366652,162.3928172627403,162.37421207095042,169.53304377079297,191.22947065132612,196.22671274237368,165.97033996341372,200.02945302872675,165.3429559424696,200.05675103899569,174.27471956707245,188.9964949130731
1610555610.92HPGJJSmyPM40z7otPBgHalNrHFA7zk5d,31.718833572706963,151.91754883723598,0.0,142.0810656742575,102.99961107169541,120.84259548086415,111.63780785100359,48.79239107195869,97.43483089779308,96.56327052176977,179.23598475920016,149.4853885057116,119.28443031776695,92.14358308366471,167.0969344972232,120.05580214104121,205.97761261060901,172.92204366654445,116.4278867047441,94.50292825790802,165.81012722081218,190.62028174151214,103.7457423145042,50.162184391140165,133.1211536301259,137.44329041436504,96.6632931478946,150.186146252389,144.38207265918277,110.85634341860269,118.20608171051047,117.86468383880354,108.67395973999305,126.44514979534203,137.0949644023288,149.2346586237044,127.14994185165523,123.84460509556833,146.61815911413868,149.5952925477996,134.79361394850872,183.25536838819676,147.1293176090631,136.0782674801314,166.88058967062844,173.3624663810525,133.5231895364699,108.1880918572583,105.26244954887169,146.5607121621772,118.27862696902172,117.77501354008973,153.66826183130138,181.43096904298525,103.18882025061356,122.82342589493949,144.26695553921917,119.06977100642044,115.60681739184572,143.06362903559992,183.6397755255124,199.49306954240515,116.34154044678438,190.56824910788507,115.54710163333776,201.52529588428064,123.83255562351012,176.2488088676847
1610555606.68LaSQbm9EHAFycEfFtEqAwYqlBsQPjIRW,142.08239204717952,163.37920690130306,142.0810656742575,0.0,152.04755822304173,160.67492354599358,155.77622940194405,145.88784790279254,147.29298616378696,150.2821137551935,172.45064529248103,162.5480874033019,165.18650517097566,154.25337827907728,196.0208781437992,160.14608907041887,192.38356862921916,176.7857370181057,157.03609571868765,145.09174406263568,179.32726088843978,193.56650235874272,154.81524184438297,143.6004874969916,175.24034741348243,168.64861125063695,141.41497115771048,164.09416501119054,173.11001767618708,154.9720657471495,155.11941713480462,161.3472794706215,154.98129306935104,162.0364741761273,163.02485131279082,173.16632958954756,161.33846909826957,161.89245279307812,159.81719026931273,183.70557770054052,155.29008762990404,178.05806921586068,174.55890979504824,146.60076020312763,176.52343811429583,185.08101300795073,174.71531045658153,155.80314439095653,147.6893928378957,170.49613800233547,148.89727609557897,161.45937131372844,187.51285405961312,186.72521970425976,148.27968189218336,169.12700163279067,180.30261952338068,149.2879317502029,154.8097994277921,176.44063337981208,193.02206397925835,208.21693359466687,152.37812465705636,213.34224940075964,151.2966184140641,219.82527582692268,154.5363095063131,190.20812526322965
1610555617.19EKxMEwDHfXiEJZc27TsGoERaD6Da4BZU,103.34624011230754,158.16769574059325,102.99961107169541,152.04755822304173,0.0,139.7206950867812,97.68696498309161,109.17827282011771,107.7605191784576,112.0299855224434,175.52990743880116,160.49733210707842,132.0834954836483,120.85870982286639,172.42305481141537,128.67232981092073,199.9345788801512,176.98412575576592,134.506302570637,115.44322884337353,174.8856630622905,188.857715458749,113.15298220628289,107.53068435595536,139.74831075344002,151.63105402000906,107.39899423747663,159.26087672802086,156.26807719051828,110.49724130820329,131.00005147170864,115.79962962630553,122.62237812445642,136.35996256922894,146.3715379812153,157.91694344867278,144.08903948347194,136.45213397843708,152.83581900264136,160.33371144692757,143.76085587481893,192.75226893069282,153.70674193010603,152.0052187442855,171.6458790883344,179.44765345441903,149.16955461387482,125.94615347527785,116.20470668390158,145.9517524182236,134.50364850977164,125.50663740617,162.98726079650095,187.79626659050913,115.96502935365478,129.28649028527516,141.01442547826173,137.10531709876207,132.1298480407278,144.55302630637996,181.48895775526273,200.51805683087517,133.58811331606572,189.55872931221666,126.1763246360445,203.28635697214762,132.49231635517867,169.01549136526702
1610555722.52PJ3FD50MGhRXyUD28vluU8Z9UjLJLZn4,119.78586309844938,163.79746430959537,120.84259548086415,160.67492354599358,139.7206950867812,0.0,137.67241525519245,123.93548878977765,121.47289016436703,134.26726573949193,183.68801990250088,167.51203800353625,144.93309001956885,129.62202944779096,183.12668229021008,151.44416831058084,205.6714281430299,175.63770125907374,69.06839548713864,133.63282622940378,177.73481326942192,183.80970595618743,136.07702906697986,121.9232399183374,154.16424533694055,104.2471711359503,134.35889056402704,172.91231500388062,168.79905020743965,127.3398610351268,150.14445517029446,133.96749857220743,142.97665659209656,158.1843561148531,158.19283428378833,171.47412518776778,157.4908958856017,154.8131223285111,168.71439008534276,170.36525637353955,163.66255944303845,193.48964623510267,171.90689134391263,161.57044068169617,180.02354212859345,177.92222257757814,151.07778096406585,131.36220116263195,140.45656392491279,170.49807168970662,147.2730010491065,130.73505371377567,176.00322734612377,194.94442269576783,137.72362057501587,143.62335110250805,165.48817355199634,151.27472756913357,144.60792985386462,136.8634778151632,191.44892282623044,206.83736904223557,148.30528039465776,188.46125928647655,148.32915581190994,204.14417436535754,149.77875220789244,187.21309562921013
1610555617.52Ijr5puT55g9apK8auM7zaxa3NANg502t,111.54776986676491,160.18904250361885,111.63780785100359,155.77622940194405,97.68696498309161,137.67241525519245,0.0,118.43573380918696,113.93646868078338,122.56266666167859,175.0814215324829,173.41656548319938,136.99286480947785,119.70087809797408,175.17370639860172,139.80828448562585,199.62558152863727,181.8921669811889,131.52601713028037,128.67817634563738,185.51825218501432,195.10201435060068,122.96652655642445,114.17638692189092,150.99311379412617,144.9116127460048,121.25282529381154,161.0865582393958,157.13230540170792,111.87308982644544,138.7362376792406,118.94290919577422,132.3148079401519,144.08903738046698,154.44996906692617,161.59686034535375,153.7630704334964,144.94282511100977,157.64036486959048,163.7275286127832,151.88195883081525,193.91766483370336,161.24341914908538,155.29793800509302,175.01691050133672,181.88231890784596,157.21765394507955,138.432981439781,127.21311291841815,157.96069339718946,146.2304038897954,139.78011860491944,165.17319680739385,183.3538010424201,128.1068547129807,134.2303168495427,158.01220352200838,144.92990179481868,141.66050040866492,146.97740325270257,183.61134348446328,197.58907235220408,141.15680890043257,186.48617750195706,134.80943271399832,200.95759626028047,143.57404118786582,177.05605548912712
1610555638.77ZLjTLkz4jYJdFMI2wWBztzsDILkoOtAk,38.00800830971867,156.09076856951293,48.79239107195869,145.88784790279254,109.17827282011771,123.93548878977765,118.43573380918696,0.0,97.91245602934237,102.9843861135324,183.07427146987902,151.66326975512905,124.54360277189649,92.69171676751563,170.48625398242163,125.74741679644521,208.0816294799291,173.87164004714018,120.00859265035294,102.1013656951259,168.3059359622844,193.6663478120109,109.74562809569954,54.86246789200314,138.80901680690243,140.2611503245099,102.30231611589542,156.08825112902204,148.09048758312824,116.54138873227514,122.51628553375615,123.00543851407883,114.41742915697053,131.4625106111279,142.90592348447265,153.74820837478495,132.33828804789206,128.32530591247172,150.24856507898554,151.06710320467002,139.95959153607268,186.3037968286409,150.5896606820068,134.80467578501882,171.41691736228177,177.42194445394273,136.92400928410217,112.84805651669441,111.18669085770267,149.2760655983691,119.48946972248405,124.39698908307041,156.33178029420907,184.42549270875318,109.56725951876278,128.31350455954544,149.5149080231604,124.1654209269655,117.6435109500292,145.50334750571096,186.8694679521165,201.81874680228282,121.0483991512635,192.7898907443671,120.88907540697441,202.8838949933728,127.81053205695153,179.18330064713365
1610556912.46C7tJPLF0XfNnm8f1820X9aLmXMHoc0Dw,92.08162002788609,157.7520504775654,97.43483089779308,147.29298616378696,107.7605191784576,121.47289016436703,113.93646868078338,97.91245602934237,0.0,106.77957307103341,183.9387369907396,147.55843548264053,127.64370880925333,105.11718145259329,164.79071920484088,128.2510336245539,211.43607037383865,170.7985784830353,112.82307332780357,106.5994877219072,160.09446429219727,186.79215117984901,112.09268519445091,92.62578176541541,141.71586631528342,137.66438043370545,108.70946049656007,156.8760685230349,151.56852646270372,118.09911315745086,126.72931765258303,126.6580971207788,117.84504130436949,134.50455029605374,143.4520572610326,154.12270472852424,133.4881015711271,132.248750638055,153.1591514813537,152.2266928769985,143.43391552597058,184.0054356344889,149.039797179517,146.443128536392,173.2068573107362,180.5132377943379,134.37962036300075,108.15859446994284,114.44575455999129,154.37972923598005,118.91774942936489,120.20732428061218,160.2834114472235,186.70390599279648,111.79546689393955,132.40278420751503,149.08335131681895,128.52185177790224,116.96240347247694,143.04461556181454,183.37320075521527,207.69308883763284,125.21824499558343,190.19184526931707,124.43918781233486,201.68239342247864,133.2557558763224,175.11923436348047
1610555617.51LjzIROg0aeCP2GhDcAVQ0LipKJB9jmKc,96.71100467062156,150.14275212054943,96.56327052176977,150.2821137551935,112.0299855224434,134.26726573949193,122.56266666167859,102.9843861135324,106.77957307103341,0.0,184.32230734889487,157.34632716535626,76.61488868102259,117.51142218769425,171.4921644302839,129.06706630792877,211.8835921142441,172.3706656509572,131.80067121444063,110.308571753823,172.39102720847626,192.98485551917415,110.71207081649396,99.93205708353372,138.53443593960034,150.2784203082455,110.4516368588189,159.11333966873894,146.91385956309767,119.5142799371845,122.9927021010852,126.34206971915407,52.48269466276898,136.00382679880545,144.7918393563102,159.01965993374836,136.6780400961501,133.90740695308318,151.6407593401495,156.97476868948752,145.8692405855893,194.09777912980277,153.44923001289737,150.9619903978621,170.55191938241825,176.03078685032034,143.40546741560775,121.41275923064636,77.63492085867875,153.03967198513456,129.3082146473015,127.0749011712207,154.8629503443939,185.99052186741125,114.83438220446986,129.83081492922148,151.27836704475115,128.01391842606904,128.62919800924175,147.92138822539874,187.12182694216457,204.7456294800416,120.84851650871394,198.60239172449232,117.45401503335849,206.94860924123023,134.8540422661196,178.90540428879305
1610555608.17OpjjHobqRkX0UPcaXrbu7K6L3805SZri,179.2794327090048,176.13622921219792,179.23598475920016,172.45064529248103,175.52990743880116,183.68801990250088,175.0814215324829,183.07427146987902,183.9387369907396,184.32230734889487,0.0,188.23105716578627,194.38612633983777,187.07819719726575,205.32117025015475,180.02502097889092,164.11647775729185,185.242973417111,185.17935317557254,178.37082097950596,194.54407819249698,194.70403476852056,178.6807955477711,180.72619061618565,190.7440175455007,188.78589191208576,178.3590894798505,191.51321658929075,191.4800772802722,178.74339689600987,190.27450081955863,181.45720883706076,188.6890506034388,185.48526040116346,188.78488123841316,198.15474379879393,188.87349420347186,193.11750009127064,204.74365899190573,205.21172259666523,185.38458681961237,181.53099960315402,195.9518084918789,191.978179009303,191.06995113033497,177.84971746161116,197.6467816525133,183.6827633302338,183.10313781296352,187.58498065063824,184.26651611870778,188.0265097789079,197.67306667373046,202.97623573861023,179.20511182577218,183.4200924456868,192.4770965691168,186.36991503018504,188.02136435233962,187.78939814177136,216.09193839421442,197.13090617230569,186.6401562272917,210.45041628688858,182.33720959332467,206.81102412348943,182.4404794034684,212.94166903324484
1610555721.82zWeNZfGUUfRJkgnAwlP8VMhPzXctnSd4,147.19173387544691,177.70283064520441,149.4853885057116,162.5480874033019,160.49733210707842,167.51203800353625,173.41656548319938,151.66326975512905,147.55843548264053,157.34632716535626,188.23105716578627,0.0,169.02734921310503,151.32003877920928,196.40988601138272,157.9612591190633,202.0253234191683,157.40988236675074,166.18906783894724,141.31888072740315,132.50773241780036,153.99697063590506,163.01217906332215,149.2718613605646,176.4874960535271,174.24781751942774,158.95151965247857,174.98068563739756,165.99696550444594,169.78702856939393,169.81980043928692,173.6731475862139,160.62915143298187,169.06449921075588,163.673939200955,164.56063253204283,169.9647339850911,164.23373402287896,173.9967445328162,187.2904129604981,180.20995954134895,177.7278411491442,186.28350333936672,160.72869013182748,187.35291325574744,189.1133784894927,174.60175792958646,152.17969917286302,152.23860513434502,174.12170938005744,100.61422518797276,161.58516876224175,192.39403731375205,190.21953343344867,158.09376722835927,171.9663348975562,178.57640809173307,149.55584599003095,140.31302749859947,181.99763574882962,197.35951235563076,210.28919279265855,146.82846324982177,206.02979458516077,147.53113456395974,207.840497614961,162.47460756607012,193.72027399434342
1610555735.75bom85BDF0C7W2eIseHeMxi24qR68nzMi,119.40406167771256,152.3211976024048,119.28443031776695,165.18650517097566,132.0834954836483,144.93309001956885,136.99286480947785,124.54360277189649,127.64370880925333,76.61488868102259,194.38612633983777,169.02734921310503,0.0,134.9871192656438,177.68326353564518,143.43334911546117,220.92036524791828,175.3410929273757,142.85245662011886,124.26784134835646,184.03714326111003,197.3657029337843,130.85685541993686,122.02489107857117,155.11770196509468,160.99553889422572,130.73052498100967,170.69103369142786,156.9563635064048,132.9872466881959,138.04452073792228,139.1511139576175,58.04667679833044,142.21364556749015,157.5578399938662,171.5334201596965,150.61936545953034,140.91711424127035,167.85986429386105,168.09901765250396,159.73195673056884,204.20436482127462,166.13262655250801,163.2147908504515,175.70240118598542,178.06222369303453,157.8066456499593,140.0762430343419,109.07347112996062,166.99662456542842,144.80252605216984,144.93096879332637,164.1649309971321,191.34626287620063,131.3933844243236,147.32655132529246,167.50885726032826,143.2767962688469,144.21745485446291,158.6114266989194,192.24173836835166,209.52565103207507,131.98514837573148,207.11790798155283,136.73613660636966,210.23768552070885,150.59257456028638,184.93819058167452
1610555735.77NnT5xqKnwcf2BbjIekeb2arTQj6QMNwk,91.58895970488796,162.79232109213623,92.14358308366471,154.25337827907728,120.85870982286639,129.62202944779096,119.70087809797408,92.69171676751563,105.11718145259329,117.51142218769425,187.07819719726575,151.32003877920928,134.9871192656438,0.0,167.3242884891839,138.9154611041924,210.7844153443437,175.2329453600128,123.18318438879807,115.41403017003745,171.66663607329087,189.6633547599087,121.66032389189772,97.93726843692791,144.37350691134392,144.5767156082989,119.58596656896326,165.24701978055197,157.16132408849867,123.71052435483003,136.9745092494076,130.07797625216716,127.6499082643253,146.51785905552634,157.37435875740195,164.49281019248508,142.21500420478776,139.6849053928528,159.58557949762204,161.2496831010432,151.58789062034137,188.2765806159892,161.91781429552574,152.8005223602687,172.73195999387082,179.45766222597172,150.61698752205598,123.99718523063498,124.62785463798764,158.61806057895325,127.92597818926527,131.61865575397317,168.06858239842066,189.35606406745003,124.86422609252732,137.29105098826972,153.10498335716795,138.13763865158612,125.66070451898118,151.00581780581078,188.81699042245097,205.49924095997667,135.87552584359827,194.9146251085076,130.73757497187214,201.96531805870953,140.60995782701013,181.02509443910378
1610555638.33wjf1PhdNaoWfbRzXVn50hmFyB5bYAiLV,167.38149878063993,189.86684403831902,167.0969344972232,196.0208781437992,172.42305481141537,183.12668229021008,175.17370639860172,170.48625398242163,164.79071920484088,171.4921644302839,205.32117025015475,196.40988601138272,177.68326353564518,167.3242884891839,0.0,174.66069649752856,216.09678644691812,201.31130045116194,180.1361412274766,171.62086269551602,190.6921332171721,206.53495753731428,176.16807347486983,168.46152991529212,190.62531937998213,183.3848757365741,172.76673073957937,202.6637248603867,185.81852453096164,174.5625279625768,171.2008169312706,178.36276065497128,176.74683798436303,191.3002182589179,171.48263512639022,187.29038822473134,173.73373475062772,189.23598898763137,194.6141271459397,194.13959037281398,168.23833697130763,209.9105522332964,174.19232176676226,192.79794152388,181.9679634401043,201.57797600893636,183.97159085789764,167.79204152314762,179.89156160135772,196.0366405704516,181.94756408354166,172.18489831411978,207.23967167215594,197.41754032747005,170.32000265142614,188.46952340324899,180.88094417345218,180.3503868358986,180.6936846444889,189.55684478968274,213.49819320810192,220.24307453026458,186.43651379968298,214.94422315182044,183.04443484250245,207.2417380748155,187.36587964926176,211.59184614703588
1610555606.65jCE4ig8Pu8kvAzkxnSGfWsV0nQBjCf8H,120.01328128597929,171.15309939274448,120.05580214104121,160.14608907041887,128.67232981092073,151.44416831058084,139.80828448562585,125.74741679644521,128.2510336245539,129.06706630792877,180.02502097889092,157.9612591190633,143.43334911546117,138.9154611041924,174.66069649752856,0.0,201.78009945612533,186.1172201525754,149.87755898185537,116.42848694016196,165.61312544105016,197.41048480950082,136.87716480720627,121.98254346182622,159.19185919535428,165.92600692582934,128.22260775995898,160.17531431837415,151.84610959814836,145.70178767833627,134.34416727175912,148.96934522866263,133.33642355629087,121.74053415737691,123.33247887896435,149.87635714015465,146.43550629446824,129.06936781590775,168.3953796678142,177.01097091174108,142.98664626172624,192.4813173157558,167.61430289127063,161.36442978759862,182.5430783171111,188.8318200535134,153.82743250453703,135.5589368786617,135.75290417971772,160.80144175034235,138.62109421546293,145.18154072020724,165.0162514353304,189.6998716304668,123.47104998083587,151.51328456955298,164.48518870879556,129.32838211610508,143.53665604887777,167.14625897450077,184.6671532134286,199.9930186080171,135.46338648293823,198.70231787066277,145.3924884115483,197.6262861896071,144.70203499593862,171.3585192886052
1610555608.18ONsBCVo1i7BrX0XG9stct4oiA6ejX9Oz,206.15086937084345,199.2633654775418,205.97761261060901,192.38356862921916,199.9345788801512,205.6714281430299,199.62558152863727,208.0816294799291,211.43607037383865,211.8835921142441,164.11647775729185,202.0253234191683,220.92036524791828,210.7844153443437,216.09678644691812,201.78009945612533,0.0,199.8104796959185,206.27831480301697,202.69943431131298,200.1293806301045,195.30782691993562,201.61405705795852,208.16171189093706,202.72268747317872,200.18887491241966,202.11659646906594,206.0235766873258,202.65066020172392,199.65745745073482,206.81296092239094,199.06414474696737,216.6402201759125,209.8559131954534,200.70998994874824,199.5311954473536,206.54717270805065,209.04437651279952,201.25677141873302,220.67861293392747,203.56595939032454,193.73389697888953,210.51949755416962,204.90944718213248,202.72076204740472,197.941586621795,213.89898794221145,208.056697775892,205.0035114326517,195.10389714029037,206.48577726187628,210.8468121068512,214.175139391617,198.51149737411725,204.21725300928418,200.6700741418244,204.37149334244512,202.17206324957326,210.8268221507441,204.25453072016634,217.40241339740524,187.10187978666139,203.0848824162772,197.8133494505465,200.49251269675193,201.2502807108511,198.02555662043875,219.91819733703736
1610555721.51RNoQUMP19FTMS79BmA3JkgSm2IC2AQuQ,170.45282121195777,93.04593925175448,172.92204366654445,176.7857370181057,176.98412575576592,175.63770125907374,181.8921669811889,173.87164004714018,170.7985784830353,172.3706656509572,185.242973417111,157.40988236675074,175.3410929273757,175.2329453600128,201.31130045116194,186.1172201525754,199.8104796959185,0.0,173.57812928620146,172.32126267630366,184.6497130283074,181.71529359466678,173.90723663041095,170.91770176744998,184.7052929284905,189.7734070249723,178.03552632864017,193.233286917252,188.51151673494974,172.968928049142,187.97008825864086,176.67277817756906,175.29316327092712,182.66965317246294,194.69224652103318,199.85829471944606,190.65858232062473,185.25079356608046,177.63263438902175,203.73762850412072,185.91354459471466,202.2410823231474,197.1518989535608,185.9274223599675,155.81481535910748,124.60285352844004,188.85039003434753,177.82935192622548,172.49686528052905,196.88698447518462,160.9002286414517,183.20590277457373,206.39232234380276,202.8051935886069,180.24229724250992,184.46118775581706,181.5980714505579,180.9122830408486,169.90186025337124,182.33974134307374,197.61144038366143,203.0709091659772,181.46926914589136,204.14675553573346,180.46031857069931,206.6061670205479,186.43604911000645,195.82990189519236
1610555971.86O0cHB2ibBJ8jxoObg01EpGe8VVV5mpwn,115.10802764463224,161.4836042382333,116.4278867047441,157.03609571868765,134.506302570637,69.06839548713864,131.52601713028037,120.00859265035294,112.82307332780357,131.80067121444063,185.17935317557254,166.18906783894724,142.85245662011886,123.18318438879807,180.1361412274766,149.87755898185537,206.27831480301697,173.57812928620146,0.0,131.32863774698467,175.39254966598037,180.66297059684274,133.36927186865395,118.0129364826861,156.2639432085023,113.44617789520916,130.2092718036113,171.99736967905108,167.6069610886983,121.2125859670961,148.63333635267682,126.84731894575343,140.853738937428,156.0570862536017,156.2416255730775,170.28142565443633,155.9533442549875,153.21883471683427,165.59450585379042,169.68614788861888,161.56490694164958,194.73767825853724,170.0961692802493,158.77142077586413,178.13555113914606,179.8328734902521,154.11776063441417,129.21535067802895,138.09168958436143,167.83256782567065,143.98225752063803,129.5590508493166,176.09096252333524,193.1125608822868,136.00424544913983,148.39367356779732,162.22445571121784,150.50577724863774,140.67487208330235,136.76965574469773,188.95671410051975,207.35367423113905,147.09292641277727,186.96668054911248,146.57060504436026,204.03375688287215,147.6387786046756,184.53318285637394
1610556911.51zU3duZSGpcw1BDNsBLxdOCITAXwl6z3i,95.80518195971221,153.44677964760143,94.50292825790802,145.09174406263568,115.44322884337353,133.63282622940378,128.67817634563738,102.1013656951259,106.5994877219072,110.308571753823,178.37082097950596,141.31888072740315,124.26784134835646,115.41403017003745,171.62086269551602,116.42848694016196,202.69943431131298,172.32126267630366,131.32863774698467,0.0,154.8230683362809,183.3380809575256,118.15753477762708,99.98764641207855,143.66893182266523,149.72984530483086,108.46309249059172,146.8769727137613,142.02713776051914,126.06151642308998,128.44310682103338,130.8386854060523,112.46382287481359,124.13656307714928,134.1589056832631,145.53257595430148,129.60220839969224,123.16167117778276,155.01794159512917,161.95813802448842,137.26597635764801,180.94063019967388,155.8947778299219,142.62248159818924,161.60790350715556,174.95735471053945,141.00562805471606,116.42234809685742,114.57551892170943,149.71991335317676,120.06337859258143,127.81790084577685,160.35116879139008,184.14184218226632,116.21169390806696,134.77944198410157,148.94935425290723,115.78437588562295,121.84451273416968,152.0651722327209,188.51430755170153,197.45387083502897,113.61232712802055,196.15095676168204,116.45385504611544,199.9888796083993,132.28421382699972,177.02997371610635
1610555988.71dMoYT8250UHHJGxgmITTmbHe7V6gH1yU,165.47725650990822,194.14887275821286,165.81012722081218,179.32726088843978,174.8856630622905,177.73481326942192,185.51825218501432,168.3059359622844,160.09446429219727,172.39102720847626,194.54407819249698,132.50773241780036,184.03714326111003,171.66663607329087,190.6921332171721,165.61312544105016,200.1293806301045,184.6497130283074,175.39254966598037,154.8230683362809,0.0,165.1954040634713,177.1713464439798,167.6255562498617,185.40896797786442,179.0826858917509,170.08650545115415,176.9636331962086,185.4700648664432,184.94213034896987,175.78196452401156,186.36420269280077,176.3492448815743,184.49032407927385,159.05684694704297,168.6277000395953,177.20407656888852,180.29850988197435,185.54338825741155,197.64711233911277,183.46638878831962,178.76126624191718,188.12400898385496,179.213321991847,192.9077274861347,195.97718677076307,178.87133061282734,164.02473575238955,169.127093568597,182.18799486086564,149.63630273387088,169.09408112104157,197.2603096030759,196.64561488361494,173.80224749498467,183.32391715995996,183.50523234543513,158.21266786356603,168.11659715322543,187.55272478750447,197.72244596704277,212.23584809175213,164.53258372341068,201.3571296587409,165.8338486769587,208.34586831556595,172.55528368887147,194.84534506418746
1610556042.81mlUZsSp7gbGjrp8jQSnybT1gPy6e62o1,190.4336202802059,189.94396457489668,190.62028174151214,193.56650235874272,188.857715458749,183.80970595618743,195.10201435060068,193.6663478120109,186.79215117984901,192.98485551917415,194.70403476852056,153.99697063590506,197.3657029337843,189.6633547599087,206.53495753731428,197.41048480950082,195.30782691993562,181.71529359466678,180.66297059684274,183.3380809575256,165.1954040634713,0.0,178.57532466983199,192.20616007541963,192.1568861139986,185.22318264170875,190.92601957196473,189.90515678614545,201.77987547235648,176.10455855070865,204.79237785208684,173.53197157009006,195.7015598399388,202.75763093629752,197.06781400362865,198.01992816721415,200.29474428706538,199.4299967772408,195.96132504745364,209.10789624371455,210.5704580321595,192.00200796312365,209.18002618977377,196.79196702490847,192.29115829548337,193.23573977223245,200.91417578283168,187.89161474036644,182.73922693951712,198.10109584463086,170.84680307199764,189.8868301882766,220.4309489303951,210.22822611890368,200.06985304040367,192.11490988924209,191.30600943589332,186.5016176423317,182.53253905666733,168.90954898334297,197.6021413506005,218.76283256329774,186.00494691656965,199.94535914395544,187.8881220846379,199.76075126753815,193.23385292920312,199.44631709915276
1610555637.02UBW5nKvDyUrKnaWcYRGajZPxTRDS0q3N,103.84710218527779,153.67743609956338,103.7457423145042,154.81524184438297,113.15298220628289,136.07702906697986,122.96652655642445,109.74562809569954,112.09268519445091,110.71207081649396,178.6807955477711,163.01217906332215,130.85685541993686,121.66032389189772,176.16807347486983,136.87716480720627,201.61405705795852,173.90723663041095,133.36927186865395,118.15753477762708,177.1713464439798,178.57532466983199,0.0,106.88618325054735,126.2007146971192,151.6028739558229,109.26081184707232,165.12212573771498,154.58166621955462,102.95803765708257,131.95759085020998,108.7959170063586,121.29549422189746,142.0979122502903,150.32308468708302,161.00957112559672,140.08030027856466,133.61951017390135,146.15912616748938,164.38828399040696,150.00485015204478,192.02728984828568,160.25401127687815,155.09633091111638,168.21856107480764,172.59084265877365,140.98113238287274,125.4003907250175,105.14421985017965,150.15351081997878,136.5988907415812,127.54175084892272,165.5014220398484,184.4436188328857,120.39521899912711,109.95470304581409,146.62892260765855,135.18091165699246,133.2354810131715,129.68014769726273,181.55332425739994,201.88024079220247,125.88859991967738,186.84613580368446,123.753813282043,198.33675840573798,135.88562409577585,181.5735024026979
1610555619.13oUYNikU4facCTpUSiSLr0vPI0tJLnXiT,36.76450750246583,154.07726312550338,50.162184391140165,143.6004874969916,107.53068435595536,121.9232399183374,114.17638692189092,54.86246789200314,92.62578176541541,99.93205708353372,180.72619061618565,149.2718613605646,122.02489107857117,97.93726843692791,168.46152991529212,121.98254346182622,208.16171189093706,170.91770176744998,118.0129364826861,99.98764641207855,167.6255562498617,192.20616007541963,106.88618325054735,0.0,137.03317717690047,140.50441106460218,98.96297421104438,154.85689291953707,146.04254466493322,113.82264715477878,120.4915105411376,120.51609339098206,111.6780208664886,127.66758820746307,139.40762599114086,150.33238854505834,129.56503513223385,126.63732675327523,148.80455029662983,151.10215933387056,138.2527038377374,186.03808491427813,148.50466109010983,138.104528727556,170.11264702514038,177.61166590751628,134.55370626439782,109.90684246662872,108.36004443347655,150.28379357070287,115.2100071652368,121.10416570702444,154.99220356318006,182.38536095161578,106.33155928090729,126.10660778436825,149.0882070409987,121.66999160125582,114.98932302697715,143.39015580754216,184.3181964090723,201.00927098987196,119.18512194486819,190.96798500909628,118.56608396706604,201.58628212637976,127.32231682062927,176.61967510041768
1610555721.03nzkucfjAUh31zTbmCVvTVYqtjoxZFnBh,134.08290592062173,170.08393410119248,133.1211536301259,175.24034741348243,139.74831075344002,154.16424533694055,150.99311379412617,138.80901680690243,141.71586631528342,138.53443593960034,190.7440175455007,176.4874960535271,155.11770196509468,144.37350691134392,190.62531937998213,159.19185919535428,202.72268747317872,184.7052929284905,156.2639432085023,143.66893182266523,185.40896797786442,192.1568861139986,126.2007146971192,137.03317717690047,0.0,163.0110862311413,143.38038712515478,179.20748775249615,176.16416973269776,142.33806295997996,156.130013669646,146.84305389186997,146.95255957354163,163.7965725631361,167.71750269879448,179.76045678397716,162.22575358955376,158.428910916473,161.05008294906804,176.7694505288056,171.87570769102362,198.8048130645815,171.03870891250187,175.46106638767637,180.26925265157362,171.95156617725098,162.4683290988817,146.0100946696545,133.39692833706417,169.93397749001738,156.72329914761497,146.65748758727545,183.60927612558373,201.73432069847476,145.0914907277928,126.22220996756388,143.26706752467285,156.60061158760993,155.03093753098636,141.3966568990467,191.44870593507449,205.6082900722699,149.31913950752016,190.10098162043198,151.38134605316557,202.15426737044015,159.71268855661478,195.8947013476465
1610555722.67fhKURdXVzRbLIjXmjRwdJHTnE7PWb1AE,137.32255785759412,179.59982878859947,137.44329041436504,168.64861125063695,151.63105402000906,104.2471711359503,144.9116127460048,140.2611503245099,137.66438043370545,150.2784203082455,188.78589191208576,174.24781751942774,160.99553889422572,144.5767156082989,183.3848757365741,165.92600692582934,200.18887491241966,189.7734070249723,113.44617789520916,149.72984530483086,179.0826858917509,185.22318264170875,151.6028739558229,140.50441106460218,163.0110862311413,0.0,149.49223625053972,179.49004801643173,175.48459202360985,141.69297803457388,164.75282015111338,145.6512172571194,158.1744156328008,171.85115707523371,171.69986947610028,174.4083744324011,171.82675106838008,169.07900507863522,171.98828217490023,176.2007857681624,175.7015554761548,188.66732135867233,180.33114444835536,164.709676885782,189.8296549944584,186.50710570135922,163.28780127045897,145.70778118313245,155.83292671468996,178.6545583886707,157.0142444378724,142.27499979558186,179.23228392204177,196.03829424887604,153.77757689627947,151.47200563132722,171.92490472813006,165.995716983435,154.13727359109296,141.7373227687972,193.25055867615737,205.77726531924247,162.99845884435192,188.24023052866144,163.11541993588617,199.53601219219345,160.19268141665344,189.5516855991297
1610555638.39J2ZWBLuLTHP0jOlzB4tNHmYeijH5g5YJ,96.67802393541432,159.93941055844738,96.6632931478946,141.41497115771048,107.39899423747663,134.35889056402704,121.25282529381154,102.30231611589542,108.70946049656007,110.4516368588189,178.3590894798505,158.95151965247857,130.73052498100967,119.58596656896326,172.76673073957937,128.22260775995898,202.11659646906594,178.03552632864017,130.2092718036113,108.46309249059172,170.08650545115415,190.92601957196473,109.26081184707232,98.96297421104438,143.38038712515478,149.49223625053972,0.0,159.7583558777429,152.73039200104714,121.6830772924849,118.97368922957932,121.63502497441546,121.16147393035716,135.99012911106212,143.75524905414767,154.43114562786135,136.20823699751077,133.23447073517687,154.87293251805303,158.81846468433616,136.4682329413481,187.56554535117334,148.60635435550168,150.5207464645256,171.95386752175688,181.95181457506584,133.89518590663067,119.63581341986128,117.24500309304543,116.45118184490705,129.00225805336547,122.37120086375393,161.5848416048536,188.4308341546702,118.87891713502623,135.21954158382334,149.16819205866315,127.65883794863915,126.9277498696182,147.77909865383833,185.60041081595227,197.53556922859534,127.39666552678754,193.0815960683916,126.9652611464685,205.34244259915897,101.25750624258593,177.67847409458275
1610556032.17Q6yCDx9g7alRnL9jBFXD2JhhUyB2hKfJ,151.54690966131406,175.46711988191063,150.186146252389,164.09416501119054,159.26087672802086,172.91231500388062,161.0865582393958,156.08825112902204,156.8760685230349,159.11333966873894,191.51321658929075,174.98068563739756,170.69103369142786,165.24701978055197,202.6637248603867,160.17531431837415,206.0235766873258,193.233286917252,171.99736967905108,146.8769727137613,176.9636331962086,189.90515678614545,165.12212573771498,154.85689291953707,179.20748775249615,179.49004801643173,159.7583558777429,0.0,169.80111762154274,169.0407442195509,171.0501156401138,172.6728355021827,162.3804215670886,152.48999837779309,173.6327178534285,174.11327884960488,172.88265363712114,158.7578002730587,175.8280367340461,184.8039443837827,182.568783308718,180.47593538947578,179.59603853487394,158.84058722547059,189.98346683653241,186.70072097306317,177.14710723843987,167.6258041088853,161.2179213582905,178.95666846620384,164.6971191238773,166.71021909971,195.42017782178397,201.15342655173765,162.88421906716647,176.07733049022826,180.04540403413526,149.3439265310531,154.80985145655373,183.7373670902716,192.13438295582267,218.61157809096204,154.2660470093456,202.8103400636268,157.97627980145023,207.29134584505653,170.38495864239056,188.0429380597857
