,square,rectangle,parallelogram,losange,isoTrapezoid,kite,rightKite,rustedHinge,hinge,trapezoid,random
square,2.220446049250313e-16,0.037698180172264006,0.0625421154588176,0.09611302836819646,0.035336598076085024,0.02823580176882401,0.020639854484127196,0.04864928651147993,0.044655187897269855,0.038759714475171236,0.07875976088220671
rectangle,0.037698180172264006,0.0,0.027636490151189408,0.07081745980628618,0.07263807174735992,0.051304061511238785,0.0483681764073276,0.037012403020954654,0.025417568011296687,0.0591466349438069,0.10239721337021301
parallelogram,0.0625421154588176,0.027636490151189408,2.220446049250313e-16,0.026770734631588522,0.08250702017695788,0.07671980943018641,0.06079709451287718,0.04600314822801821,0.03555658217663071,0.04339301360678027,0.07806572999489814
losange,0.09611302836819646,0.07081745980628618,0.026770734631588522,2.220446049250313e-16,0.09117099747671309,0.10492632650515354,0.08587563769161499,0.06719856901364607,0.06336419214403699,0.04589356971272518,0.051488207982611556
isoTrapezoid,0.035336598076085024,0.07263807174735992,0.08250702017695788,0.09117099747671309,0.0,0.03214877628029733,0.02614324272012003,0.07278275627242137,0.0730329214631873,0.03299520959050006,0.050776721156337024
kite,0.02823580176882401,0.051304061511238785,0.07671980943018641,0.10492632650515354,0.03214877628029733,0.0,0.01583529470749645,0.0651910008535459,0.06382252475960604,0.062443395351293285,0.09412029139056
rightKite,0.020639854484127196,0.0483681764073276,0.06079709451287718,0.08587563769161499,0.02614324272012003,0.01583529470749645,0.0,0.05716975411915226,0.054475540850170034,0.032961002014868734,0.07218267398249079
rustedHinge,0.04864928651147993,0.037012403020954654,0.04600314822801821,0.06719856901364607,0.07278275627242137,0.0651910008535459,0.05716975411915226,0.0,0.00572457013062988,0.05845829009894088,0.07754604618250716
hinge,0.044655187897269855,0.025417568011296687,0.03555658217663071,0.06336419214403699,0.0730329214631873,0.06382252475960604,0.054475540850170034,0.00572457013062988,0.0,0.05383678430165084,0.07908406945589708
trapezoid,0.038759714475171236,0.0591466349438069,0.04339301360678027,0.04589356971272518,0.03299520959050006,0.062443395351293285,0.032961002014868734,0.05845829009894088,0.05383678430165084,0.0,0.026885866010588066
random,0.07875976088220671,0.10239721337021301,0.07806572999489814,0.051488207982611556,0.050776721156337024,0.09412029139056,0.07218267398249079,0.07754604618250716,0.07908406945589708,0.026885866010588066,0.0
