,square,rectangle,parallelogram,losange,isoTrapezoid,kite,rightKite,rustedHinge,hinge,trapezoid,random
square,1.1102230246251565e-16,0.018519940216005337,0.035678809424302904,0.05986133236501223,0.020219982534652403,0.018567282015054754,0.011889011024305396,0.026120499268748376,0.02351289281023461,0.021119328738117504,0.04547862462224839
rectangle,0.018519940216005337,0.0,0.01862657250689126,0.049409711191694905,0.044220573180959066,0.03200493605509169,0.027480602740862947,0.02428343592637916,0.016697658417338723,0.03354844370143906,0.06583320444302987
parallelogram,0.035678809424302904,0.01862657250689126,1.1102230246251565e-16,0.01641779158579182,0.05606921109911078,0.05496780090178932,0.039518838053270056,0.026624905629690776,0.01941956346754825,0.0237542678567626,0.0475186293896841
losange,0.05986133236501223,0.049409711191694905,0.01641779158579182,0.0,0.06760757979577503,0.07677273552127584,0.05915389423168593,0.039449054221297186,0.03695199980259489,0.029456137679950256,0.03297146400576634
isoTrapezoid,0.020219982534652403,0.044220573180959066,0.05606921109911078,0.06760757979577503,0.0,0.01773031361621147,0.01446926217753508,0.04819654043710542,0.04791810759348647,0.022786795081950695,0.034238304806549436
kite,0.018567282015054754,0.03200493605509169,0.05496780090178932,0.07677273552127584,0.01773031361621147,1.1102230246251565e-16,0.010212994822641486,0.047045738854258445,0.04576865967356536,0.041280034197432314,0.060756373455585266
rightKite,0.011889011024305396,0.027480602740862947,0.039518838053270056,0.05915389423168593,0.01446926217753508,0.010212994822641486,0.0,0.03760187553338423,0.03494514708710028,0.020288664053918826,0.0446637861822865
rustedHinge,0.026120499268748376,0.02428343592637916,0.026624905629690776,0.039449054221297186,0.04819654043710542,0.047045738854258445,0.03760187553338423,0.0,0.003125521766931927,0.030568571343327022,0.042308151830151464
hinge,0.02351289281023461,0.016697658417338723,0.01941956346754825,0.03695199980259489,0.04791810759348647,0.04576865967356536,0.03494514708710028,0.003125521766931927,0.0,0.027196018161980806,0.043742935715781806
trapezoid,0.021119328738117504,0.03354844370143906,0.0237542678567626,0.029456137679950256,0.022786795081950695,0.041280034197432314,0.020288664053918826,0.030568571343327022,0.027196018161980806,0.0,0.016420810298477972
random,0.04547862462224839,0.06583320444302987,0.0475186293896841,0.03297146400576634,0.034238304806549436,0.060756373455585266,0.0446637861822865,0.042308151830151464,0.043742935715781806,0.016420810298477972,0.0
