,square,rectangle,parallelogram,losange,isoTrapezoid,kite,rightKite,rustedHinge,hinge,trapezoid,random
square,0.0,0.03252606565177674,0.05152806334953797,0.07316610111971333,0.018828061893584325,0.013172196651687118,0.008964986367471228,0.03580606295629696,0.03376477999994176,0.022150239496358748,0.04510764668836953
rectangle,0.03252606565177674,0.0,0.017103005912122327,0.04052193879493082,0.05636872929597725,0.03770603758656044,0.0360660464479583,0.022366666734260576,0.013525131358431364,0.03802206926461571,0.06365199636551111
parallelogram,0.05152806334953797,0.017103005912122327,0.0,0.017586883536496845,0.06721940762400869,0.056571919101230606,0.04933700941306285,0.031243980840364394,0.02153222026412971,0.03664749206588669,0.05820730495542226
losange,0.07316610111971333,0.04052193879493082,0.017586883536496845,1.1102230246251565e-16,0.07459781434171919,0.07475821708123875,0.06764251474814165,0.039533123963976236,0.03463498888883787,0.04065054627196174,0.042967786853878476
isoTrapezoid,0.018828061893584325,0.05636872929597725,0.06721940762400869,0.07459781434171919,0.0,0.01949901685353206,0.016675348778854127,0.05499212180728341,0.0554875480489766,0.022868683853654148,0.033448514720759825
kite,0.013172196651687118,0.03770603758656044,0.056571919101230606,0.07475821708123875,0.01949901685353206,0.0,0.009573958663775195,0.04896768200512458,0.04749803452312373,0.03638528751881798,0.05537970265990266
rightKite,0.008964986367471228,0.0360660464479583,0.04933700941306285,0.06764251474814165,0.016675348778854127,0.009573958663775195,0.0,0.04423595298981753,0.042183355893712915,0.020666893362583316,0.046666164146241584
rustedHinge,0.03580606295629696,0.022366666734260576,0.031243980840364394,0.039533123963976236,0.05499212180728341,0.04896768200512458,0.04423595298981753,0.0,0.00354056431154004,0.03811115602164317,0.04795489640766404
hinge,0.03376477999994176,0.013525131358431364,0.02153222026412971,0.03463498888883787,0.0554875480489766,0.04749803452312373,0.042183355893712915,0.00354056431154004,1.1102230246251565e-16,0.034609711458925774,0.04887675271640468
trapezoid,0.022150239496358748,0.03802206926461571,0.03664749206588669,0.04065054627196174,0.022868683853654148,0.03638528751881798,0.020666893362583316,0.03811115602164317,0.034609711458925774,0.0,0.019039566469911895
random,0.04510764668836953,0.06365199636551111,0.05820730495542226,0.042967786853878476,0.033448514720759825,0.05537970265990266,0.046666164146241584,0.04795489640766404,0.04887675271640468,0.019039566469911895,1.1102230246251565e-16
