,square,rectangle,parallelogram,losange,isoTrapezoid,kite,rightKite,rustedHinge,hinge,trapezoid,random
square,1.1102230246251565e-16,0.05845510776063789,0.10310131732864292,0.1543143600628606,0.0542377449035184,0.04138322874053213,0.03848101833701156,0.08735345779122283,0.08015771509299707,0.06569745667534177,0.12312365933670688
rectangle,0.05845510776063789,1.1102230246251565e-16,0.046617966236245034,0.11241608999631536,0.11605391994561565,0.07824175881122852,0.08168286522435275,0.06465105380128244,0.046287241850789806,0.0948244301970409,0.1558465756863524
parallelogram,0.10310131732864292,0.046617966236245034,0.0,0.04119025211889027,0.12621152201521713,0.11151680377928741,0.09689229909601427,0.08161692495826744,0.06442272039227837,0.07236641860259929,0.12218135892759507
losange,0.1543143600628606,0.11241608999631536,0.04119025211889027,0.0,0.14027716727460482,0.15120536409698015,0.13167299560890877,0.11112936236995863,0.10479563839353256,0.07519020347564465,0.08923943558972891
isoTrapezoid,0.0542377449035184,0.11605391994561565,0.12621152201521713,0.14027716727460482,0.0,0.049933695714749704,0.039715706081068114,0.11749224467703623,0.11733215144171039,0.047272131403323314,0.0762071349167256
kite,0.04138322874053213,0.07824175881122852,0.11151680377928741,0.15120536409698015,0.049933695714749704,0.0,0.0232794122762241,0.1025038119543813,0.09705344364635449,0.08639580803575331,0.1296734022473569
rightKite,0.03848101833701156,0.08168286522435275,0.09689229909601427,0.13167299560890877,0.039715706081068114,0.0232794122762241,1.1102230246251565e-16,0.09732107933258993,0.09182909230637548,0.04951202531723331,0.10562705941791362
rustedHinge,0.08735345779122283,0.06465105380128244,0.08161692495826744,0.11112936236995863,0.11749224467703623,0.1025038119543813,0.09732107933258993,0.0,0.010201391258282122,0.09812384204785052,0.11981374156153468
hinge,0.08015771509299707,0.046287241850789806,0.06442272039227837,0.10479563839353256,0.11733215144171039,0.09705344364635449,0.09182909230637548,0.010201391258282122,0.0,0.0915600072066356,0.1205774285994492
trapezoid,0.06569745667534177,0.0948244301970409,0.07236641860259929,0.07519020347564465,0.047272131403323314,0.08639580803575331,0.04951202531723331,0.09812384204785052,0.0915600072066356,0.0,0.041941296757549096
random,0.12312365933670688,0.1558465756863524,0.12218135892759507,0.08923943558972891,0.0762071349167256,0.1296734022473569,0.10562705941791362,0.11981374156153468,0.1205774285994492,0.041941296757549096,1.1102230246251565e-16
