,square,rectangle,parallelogram,losange,isoTrapezoid,kite,rightKite,rustedHinge,hinge,trapezoid,random
square,0.0,0.05524810553447168,0.08582112275813059,0.11984192495133716,0.029795829005085595,0.020276144204625535,0.013163099814822998,0.05761735882834007,0.056005379178605263,0.03521156480638166,0.0739826920918707
rectangle,0.05524810553447168,0.0,0.025310693816899432,0.06334924172581768,0.09617189627235823,0.06257410605966174,0.05999482792620914,0.035043535564639905,0.02140219159879253,0.0626381112452099,0.10647027513736951
parallelogram,0.08582112275813059,0.025310693816899432,1.1102230246251565e-16,0.028008416984699358,0.11400895570577863,0.09287744078588489,0.0821492171378666,0.04773185531687685,0.03261074362246996,0.06296599102976419,0.09848556335967651
losange,0.11984192495133716,0.06334924172581768,0.028008416984699358,0.0,0.12428296058616317,0.12215506294069667,0.11180441120304596,0.06092209966054252,0.05279451230095178,0.06869238847255443,0.07084644161121678
isoTrapezoid,0.029795829005085595,0.09617189627235823,0.11400895570577863,0.12428296058616317,1.1102230246251565e-16,0.0321832254458575,0.027313431758881124,0.08946558384818715,0.09261441151999783,0.03719926522594985,0.056596207916201124
kite,0.020276144204625535,0.06257410605966174,0.09287744078588489,0.12215506294069667,0.0321832254458575,1.1102230246251565e-16,0.014535037638286896,0.08001425850484556,0.07833419709243983,0.057553248233567444,0.09091581626770462
rightKite,0.013163099814822998,0.05999482792620914,0.0821492171378666,0.11180441120304596,0.027313431758881124,0.014535037638286896,1.1102230246251565e-16,0.07124096397062885,0.06908031613517207,0.03375806535919601,0.07844360795313488
rustedHinge,0.05761735882834007,0.035043535564639905,0.04773185531687685,0.06092209966054252,0.08946558384818715,0.08001425850484556,0.07124096397062885,0.0,0.00529531517658377,0.05964971475604053,0.07822712206229543
hinge,0.056005379178605263,0.02140219159879253,0.03261074362246996,0.05279451230095178,0.09261441151999783,0.07833419709243983,0.06908031613517207,0.00529531517658377,0.0,0.055251670140753384,0.08062508158080095
trapezoid,0.03521156480638166,0.0626381112452099,0.06296599102976419,0.06869238847255443,0.03719926522594985,0.057553248233567444,0.03375806535919601,0.05964971475604053,0.055251670140753384,1.1102230246251565e-16,0.03305852913517271
random,0.0739826920918707,0.10647027513736951,0.09848556335967651,0.07084644161121678,0.056596207916201124,0.09091581626770462,0.07844360795313488,0.07822712206229543,0.08062508158080095,0.03305852913517271,0.0
