,square,rectangle,parallelogram,losange,isoTrapezoid,kite,rightKite,rustedHinge,hinge,trapezoid,random
square,0.0,0.02428260344354427,0.046709503403795205,0.07819069912674026,0.027355754519320374,0.0239136504443771,0.017851938618319463,0.03746263085104817,0.03430277615168198,0.02982300593217624,0.061455711348302744
rectangle,0.02428260344354427,0.0,0.024727763793477298,0.06484312804629899,0.058031645258898035,0.041283658256918265,0.03828210297086665,0.03330040116278299,0.023817383324689856,0.045284997908169755,0.08465509551340789
parallelogram,0.046709503403795205,0.024727763793477298,1.1102230246251565e-16,0.0216197126859905,0.06885435966964792,0.06648169362057599,0.05065978529532,0.03673469985486599,0.028318907548665506,0.03149576533271681,0.06141709222615299
losange,0.07819069912674026,0.06484312804629899,0.0216197126859905,0.0,0.08233170535309042,0.0936720412230313,0.07478776964030165,0.05395130295317241,0.05183053629738199,0.03756258610364305,0.04398131411493089
isoTrapezoid,0.027355754519320374,0.058031645258898035,0.06885435966964792,0.08233170535309042,0.0,0.024146833424068426,0.019242094939559418,0.061236860262188775,0.061673664062151135,0.02772715440288709,0.04346438668163921
kite,0.0239136504443771,0.041283658256918265,0.06648169362057599,0.0936720412230313,0.024146833424068426,1.1102230246251565e-16,0.012788860312623496,0.05835514911726203,0.0566951875478815,0.051209493815874585,0.07609823114472236
rightKite,0.017851938618319463,0.03828210297086665,0.05065978529532,0.07478776964030165,0.019242094939559418,0.012788860312623496,0.0,0.048611979064560495,0.04580023131082289,0.026750391263138384,0.05770953887881147
rustedHinge,0.03746263085104817,0.03330040116278299,0.03673469985486599,0.05395130295317241,0.061236860262188775,0.05835514911726203,0.048611979064560495,0.0,0.004553586742733096,0.041934574829582294,0.055746492952646554
hinge,0.03430277615168198,0.023817383324689856,0.028318907548665506,0.05183053629738199,0.061673664062151135,0.0566951875478815,0.04580023131082289,0.004553586742733096,0.0,0.0384621556036181,0.05784734940568825
trapezoid,0.02982300593217624,0.045284997908169755,0.03149576533271681,0.03756258610364305,0.02772715440288709,0.051209493815874585,0.026750391263138384,0.041934574829582294,0.0384621556036181,0.0,0.02134793012594971
random,0.061455711348302744,0.08465509551340789,0.06141709222615299,0.04398131411493089,0.04346438668163921,0.07609823114472236,0.05770953887881147,0.055746492952646554,0.05784734940568825,0.02134793012594971,0.0
