,square,rectangle,parallelogram,losange,isoTrapezoid,kite,rightKite,rustedHinge,hinge,trapezoid,random
square,0.0,0.021502687927234088,0.041369315467115086,0.0686122766984889,0.022997858664313142,0.02106299585181204,0.01463953570609322,0.03152583941045439,0.02865456957783674,0.024852848790639093,0.052309212033257446
rectangle,0.021502687927234088,0.0,0.02137892875320946,0.055853702918360004,0.05036423090881481,0.03630295772257053,0.03251577060509858,0.02846290164597165,0.019920108851128937,0.03864130791329812,0.07381662544081868
parallelogram,0.041369315467115086,0.02137892875320946,0.0,0.018636859178748244,0.06250916084230307,0.06059117965079808,0.04501673009041329,0.03186379631865277,0.02366379858685419,0.02759618978476175,0.05391840502687495
losange,0.0686122766984889,0.055853702918360004,0.018636859178748244,0.0,0.0750866131940584,0.08471592920612103,0.0665535960981043,0.04644432214718852,0.04350756425343827,0.03358846224331735,0.038202305725575925
isoTrapezoid,0.022997858664313142,0.05036423090881481,0.06250916084230307,0.0750866131940584,0.0,0.020734284060036523,0.016760083359026567,0.054535454629710545,0.05447398790852709,0.02514722991530427,0.03847737314881794
kite,0.02106299585181204,0.03630295772257053,0.06059117965079808,0.08471592920612103,0.020734284060036523,0.0,0.011505074088267842,0.052665339674017764,0.051048938363061236,0.04592642766924693,0.06755279248593593
rightKite,0.01463953570609322,0.03251577060509858,0.04501673009041329,0.0665535960981043,0.016760083359026567,0.011505074088267842,0.0,0.04314144527677166,0.040240723776526544,0.02323216733049771,0.05035926810528113
rustedHinge,0.03152583941045439,0.02846290164597165,0.03186379631865277,0.04644432214718852,0.054535454629710545,0.052665339674017764,0.04314144527677166,0.0,0.003855026552364249,0.03613953130248582,0.0484434005007246
hinge,0.02865456957783674,0.019920108851128937,0.02366379858685419,0.04350756425343827,0.05447398790852709,0.051048938363061236,0.040240723776526544,0.003855026552364249,0.0,0.032467904957293126,0.04990009313609789
trapezoid,0.024852848790639093,0.03864130791329812,0.02759618978476175,0.03358846224331735,0.02514722991530427,0.04592642766924693,0.02323216733049771,0.03613953130248582,0.032467904957293126,0.0,0.018641752005253642
random,0.052309212033257446,0.07381662544081868,0.05391840502687495,0.038202305725575925,0.03847737314881794,0.06755279248593593,0.05035926810528113,0.0484434005007246,0.04990009313609789,0.018641752005253642,0.0
