,square,rectangle,parallelogram,losange,isoTrapezoid,kite,rightKite,rustedHinge,hinge,trapezoid,random
square,0.0,0.022855435521669465,0.04417915038772913,0.07387973444901264,0.02534688871352797,0.022868333887290704,0.01680709507946354,0.03512004692071391,0.032132664005028344,0.02752385834455373,0.057106792535652096
rectangle,0.022855435521669465,0.0,0.02332398205566044,0.06103609109049091,0.05453986550396239,0.03912793536469672,0.035914051483841525,0.0315054299522467,0.02246261087557533,0.04218560474397259,0.07968217234768038
parallelogram,0.04417915038772913,0.02332398205566044,0.0,0.020239735767974554,0.06601148925655653,0.06398627472355589,0.04838218344327272,0.034977778574852625,0.026750930481306057,0.02960132651923497,0.05786844169360161
losange,0.07387973444901264,0.06103609109049091,0.020239735767974554,0.0,0.07941274035253776,0.08996831764553925,0.07149202691242718,0.05107940752941942,0.04873969134148348,0.03589741619414821,0.041580017937114966
isoTrapezoid,0.02534688871352797,0.05453986550396239,0.06601148925655653,0.07941274035253776,0.0,0.022729455868509496,0.018249165137124934,0.058556307709943356,0.05894434899327661,0.026606602005165514,0.041322795385244526
kite,0.022868333887290704,0.03912793536469672,0.06398627472355589,0.08996831764553925,0.022729455868509496,0.0,0.012269379825853188,0.05620486718686801,0.054558125848682804,0.04884319674424231,0.07212045659708255
rightKite,0.01680709507946354,0.035914051483841525,0.04838218344327272,0.07149202691242718,0.018249165137124934,0.012269379825853188,0.0,0.0465796590275086,0.04378871324307587,0.025243631484391238,0.054279252018105795
rustedHinge,0.03512004692071391,0.0315054299522467,0.034977778574852625,0.05107940752941942,0.058556307709943356,0.05620486718686801,0.0465796590275086,2.220446049250313e-16,0.004328285417420141,0.0394678276636341,0.05232786868750694
hinge,0.032132664005028344,0.02246261087557533,0.026750930481306057,0.04873969134148348,0.05894434899327661,0.054558125848682804,0.04378871324307587,0.004328285417420141,0.0,0.03599364260668436,0.05417012775897523
trapezoid,0.02752385834455373,0.04218560474397259,0.02960132651923497,0.03589741619414821,0.026606602005165514,0.04884319674424231,0.025243631484391238,0.0394678276636341,0.03599364260668436,1.1102230246251565e-16,0.020057288457496214
random,0.057106792535652096,0.07968217234768038,0.05786844169360161,0.041580017937114966,0.041322795385244526,0.07212045659708255,0.054279252018105795,0.05232786868750694,0.05417012775897523,0.020057288457496214,0.0
