,square,rectangle,parallelogram,losange,isoTrapezoid,kite,rightKite,rustedHinge,hinge,trapezoid,random
square,0.0,0.030781739975160316,0.05368193068498295,0.0848022882517313,0.03075015821057503,0.025849097837608026,0.018621002351682736,0.04199472990223285,0.038475386683558654,0.03323019562286511,0.06848887380521862
rectangle,0.030781739975160316,0.0,0.025193430087270263,0.06552908700005355,0.06415686611559457,0.0457516375439847,0.04260635440758598,0.034185579853238335,0.02371575133603343,0.0508140743363068,0.09134503204407407
parallelogram,0.05368193068498295,0.025193430087270263,0.0,0.023613131732783232,0.07446236878637325,0.07051462442219136,0.054579525111142724,0.03986814160558294,0.03054613526558725,0.03678280643869514,0.06837104546117356
losange,0.0848022882517313,0.06552908700005355,0.023613131732783232,0.0,0.0845452410813956,0.09680875438459724,0.07776816097529515,0.05789581031666946,0.05498178913855656,0.04093344861460835,0.046398479123629266
isoTrapezoid,0.03075015821057503,0.06415686611559457,0.07446236878637325,0.0845452410813956,0.0,0.027499522642475793,0.022144636645528237,0.06578451917815276,0.06611709601352977,0.029884940882983324,0.046376550819769546
kite,0.025849097837608026,0.0457516375439847,0.07051462442219136,0.09680875438459724,0.027499522642475793,0.0,0.014171759308830856,0.06065012318573215,0.0593495213993368,0.055907026921089176,0.08397618752133751
rightKite,0.018621002351682736,0.04260635440758598,0.054579525111142724,0.07776816097529515,0.022144636645528237,0.014171759308830856,0.0,0.052017298452484595,0.04928298361739325,0.02897392196596682,0.0636767076788669
rustedHinge,0.04199472990223285,0.034185579853238335,0.03986814160558294,0.05789581031666946,0.06578451917815276,0.06065012318573215,0.052017298452484595,0.0,0.00504797475397456,0.04905800413955497,0.06536920037240035
hinge,0.038475386683558654,0.02371575133603343,0.03054613526558725,0.05498178913855656,0.06611709601352977,0.0593495213993368,0.04928298361739325,0.00504797475397456,0.0,0.044812035757559654,0.06705910039113483
trapezoid,0.03323019562286511,0.0508140743363068,0.03678280643869514,0.04093344861460835,0.029884940882983324,0.055907026921089176,0.02897392196596682,0.04905800413955497,0.044812035757559654,0.0,0.023732403852887884
random,0.06848887380521862,0.09134503204407407,0.06837104546117356,0.046398479123629266,0.046376550819769546,0.08397618752133751,0.0636767076788669,0.06536920037240035,0.06705910039113483,0.023732403852887884,0.0
