,square,rectangle,parallelogram,losange,isoTrapezoid,kite,rightKite,rustedHinge,hinge,trapezoid,random
square,0.0,0.015534861508637143,0.029291403890069456,0.05082170541637565,0.016931754378659458,0.015680190054871534,0.007830509879630076,0.020241080835859515,0.017881797956482037,0.016326054709427384,0.0381472714707094
rectangle,0.015534861508637143,0.0,0.01616517787350591,0.04451487319333702,0.03779768758219526,0.027736735713015714,0.02172792301605031,0.02011430065677522,0.013183829616351561,0.028230872407800978,0.058530077033564165
parallelogram,0.029291403890069456,0.01616517787350591,0.0,0.014740012090425747,0.0498461809556382,0.05057133886610077,0.03427336883128229,0.020740324744100036,0.01429608071818711,0.01923920480691188,0.04079943422414034
losange,0.05082170541637565,0.04451487319333702,0.014740012090425747,0.0,0.06098629192530147,0.07117764310122743,0.05312426421737115,0.032616145357159065,0.0306412103094148,0.02519138255677511,0.027066485279821917
isoTrapezoid,0.016931754378659458,0.03779768758219526,0.0498461809556382,0.06098629192530147,0.0,0.014655316597890211,0.01214924041577714,0.04204920987855165,0.04156817622427589,0.021022118064018547,0.03079897630696482
kite,0.015680190054871534,0.027736735713015714,0.05057133886610077,0.07117764310122743,0.014655316597890211,1.1102230246251565e-16,0.009160803782492288,0.04244209987609915,0.04174880497973865,0.03812706561918666,0.05632679048850897
rightKite,0.007830509879630076,0.02172792301605031,0.03427336883128229,0.05312426421737115,0.01214924041577714,0.009160803782492288,0.0,0.032172515432411286,0.029736752948842482,0.018063499055853804,0.040684810079294476
rustedHinge,0.020241080835859515,0.02011430065677522,0.020740324744100036,0.032616145357159065,0.04204920987855165,0.04244209987609915,0.032172515432411286,1.1102230246251565e-16,0.0024381211339923325,0.024290910238790375,0.03638891789055809
hinge,0.017881797956482037,0.013183829616351561,0.01429608071818711,0.0306412103094148,0.04156817622427589,0.04174880497973865,0.029736752948842482,0.0024381211339923325,0.0,0.02103049138421298,0.03813238558733767
trapezoid,0.016326054709427384,0.028230872407800978,0.01923920480691188,0.02519138255677511,0.021022118064018547,0.03812706561918666,0.018063499055853804,0.024290910238790375,0.02103049138421298,1.1102230246251565e-16,0.014377781192061567
random,0.0381472714707094,0.058530077033564165,0.04079943422414034,0.027066485279821917,0.03079897630696482,0.05632679048850897,0.040684810079294476,0.03638891789055809,0.03813238558733767,0.014377781192061567,0.0
