,square,rectangle,parallelogram,losange,isoTrapezoid,kite,rightKite,rustedHinge,hinge,trapezoid,random
square,0.0,0.020322942939334232,0.039281603477354654,0.06543709591124036,0.0219148161353393,0.02027338252065214,0.01368776717027409,0.029572530484449078,0.026712037236611974,0.023446240694474985,0.049724523196478576
rectangle,0.020322942939334232,1.1102230246251565e-16,0.020333005118830183,0.053434165632684105,0.04791646787730053,0.03462357690105,0.030496850319814084,0.027027820629161647,0.01878772441554155,0.03659505422288356,0.07074877190424822
parallelogram,0.039281603477354654,0.020333005118830183,0.0,0.017775033887366343,0.060040647216747844,0.058641366380665305,0.04290939212481404,0.02998663202148677,0.02211675002413005,0.026018248228497853,0.05138352143567859
losange,0.06543709591124036,0.053434165632684105,0.017775033887366343,1.1102230246251565e-16,0.07234401295821968,0.08192657485237964,0.0637142183026912,0.04388948260526826,0.04104604595742378,0.031998111557357656,0.03620728804775597
isoTrapezoid,0.0219148161353393,0.04791646787730053,0.060040647216747844,0.07234401295821968,0.0,0.01969961749032978,0.01593737463206124,0.05210935993261212,0.051887301675657804,0.024271930936263342,0.03687090156055195
kite,0.02027338252065214,0.03462357690105,0.058641366380665305,0.08192657485237964,0.01969961749032978,0.0,0.011023441374050091,0.05080559795040662,0.049213030929922796,0.04429435612281496,0.06517908865873645
rightKite,0.01368776717027409,0.030496850319814084,0.04290939212481404,0.0637142183026912,0.01593737463206124,0.011023441374050091,0.0,0.04116917764512096,0.038265335393316,0.022156812909315704,0.048169442549657826
rustedHinge,0.029572530484449078,0.027027820629161647,0.02998663202148677,0.04388948260526826,0.05210935993261212,0.05080559795040662,0.04116917764512096,1.1102230246251565e-16,0.00359778297730029,0.034040052459894166,0.04603920122113769
hinge,0.026712037236611974,0.01878772441554155,0.02211675002413005,0.04104604595742378,0.051887301675657804,0.049213030929922796,0.038265335393316,0.00359778297730029,0.0,0.030393025333290025,0.047377071505618984
trapezoid,0.023446240694474985,0.03659505422288356,0.026018248228497853,0.031998111557357656,0.024271930936263342,0.04429435612281496,0.022156812909315704,0.034040052459894166,0.030393025333290025,1.1102230246251565e-16,0.0177163603089997
random,0.049724523196478576,0.07074877190424822,0.05138352143567859,0.03620728804775597,0.03687090156055195,0.06517908865873645,0.048169442549657826,0.04603920122113769,0.047377071505618984,0.0177163603089997,0.0
