,square,rectangle,parallelogram,losange,isoTrapezoid,kite,rightKite,rustedHinge,hinge,trapezoid,random
square,0.0,0.014999793603883926,0.0254810262079892,0.036778025657585145,0.01005896356515168,0.007504898523501113,0.005536579584532242,0.01831919850994579,0.01680270424430952,0.012501193406815991,0.023597513621654298
rectangle,0.014999793603883926,0.0,0.01090499561953917,0.02318640043263298,0.028093132058364056,0.018872238096373173,0.017873355390746415,0.012112005148789962,0.007540713441877345,0.019727343728397906,0.03156826381691169
parallelogram,0.0254810262079892,0.01090499561953917,0.0,0.011181161923633165,0.03274013518673602,0.029099237482188456,0.024600234268190913,0.017927412464627812,0.013052095281403386,0.018535746202620662,0.028697931539190202
losange,0.036778025657585145,0.02318640043263298,0.011181161923633165,1.1102230246251565e-16,0.03711267696984033,0.03787674978258104,0.034706430731834215,0.022142732632592255,0.020077631753522063,0.02123049412032274,0.02173356167694851
isoTrapezoid,0.01005896356515168,0.028093132058364056,0.03274013518673602,0.03711267696984033,0.0,0.01083571987712817,0.009651654706687274,0.028317228086132684,0.02829716739393706,0.013145137068922397,0.019580127918801815
kite,0.007504898523501113,0.018872238096373173,0.029099237482188456,0.03787674978258104,0.01083571987712817,0.0,0.005800547836535164,0.024977097451245323,0.024114025919531823,0.020142146454667498,0.028997178813669477
rightKite,0.005536579584532242,0.017873355390746415,0.024600234268190913,0.034706430731834215,0.009651654706687274,0.005800547836535164,0.0,0.022989941304281336,0.021714464685915424,0.012248408940826683,0.025469140534112644
rustedHinge,0.01831919850994579,0.012112005148789962,0.017927412464627812,0.022142732632592255,0.028317228086132684,0.024977097451245323,0.022989941304281336,0.0,0.0021202787090272013,0.020762816674035123,0.024536448170006775
hinge,0.01680270424430952,0.007540713441877345,0.013052095281403386,0.020077631753522063,0.02829716739393706,0.024114025919531823,0.021714464685915424,0.0021202787090272013,1.1102230246251565e-16,0.01888097424572699,0.024972142158204647
trapezoid,0.012501193406815991,0.019727343728397906,0.018535746202620662,0.02123049412032274,0.013145137068922397,0.020142146454667498,0.012248408940826683,0.020762816674035123,0.01888097424572699,1.1102230246251565e-16,0.010676342802411698
random,0.023597513621654298,0.03156826381691169,0.028697931539190202,0.02173356167694851,0.019580127918801815,0.028997178813669477,0.025469140534112644,0.024536448170006775,0.024972142158204647,0.010676342802411698,1.1102230246251565e-16
