,square,rectangle,parallelogram,losange,isoTrapezoid,kite,rightKite,rustedHinge,hinge,trapezoid,random
square,1.1102230246251565e-16,0.08291818048955657,0.22831071306484274,0.3666309703694832,0.16238537125816888,0.13527399225092795,0.09095684853346198,0.20334115440097023,0.16988304874805515,0.163587725674329,0.2792991280375935
rectangle,0.08291818048955657,0.0,0.17748066290192788,0.3437158904671658,0.26317943653404674,0.1947946224109176,0.1608410502061448,0.20186214506982925,0.15140199372221608,0.2123390834904627,0.33415682752737597
parallelogram,0.22831071306484274,0.17748066290192788,0.0,0.13013391100222405,0.268144157732783,0.26114027520329675,0.21580186341106666,0.22821305208310017,0.19636895670091292,0.1443686115944619,0.24014580682725073
losange,0.3666309703694832,0.3437158904671658,0.13013391100222405,0.0,0.324845924684816,0.3606386796776596,0.32672612663406186,0.3246554531080498,0.32496050888329775,0.1926918004641167,0.21121128457949156
isoTrapezoid,0.16238537125816888,0.26317943653404674,0.268144157732783,0.324845924684816,1.1102230246251565e-16,0.13098892431084008,0.09599704084937555,0.23452806955026206,0.2313194422268574,0.11457882481171888,0.16585084071889933
kite,0.13527399225092795,0.1947946224109176,0.26114027520329675,0.3606386796776596,0.13098892431084008,0.0,0.06151689706583452,0.21179058480296475,0.19371570003686966,0.20227039244354317,0.2637518743167052
rightKite,0.09095684853346198,0.1608410502061448,0.21580186341106666,0.32672612663406186,0.09599704084937555,0.06151689706583452,0.0,0.20590068252150406,0.19182066784878704,0.1288332095156649,0.23371277710517846
rustedHinge,0.20334115440097023,0.20186214506982925,0.22821305208310017,0.3246554531080498,0.23452806955026206,0.21179058480296475,0.20590068252150406,0.0,0.02304435856553544,0.21172088338410466,0.2288403285133872
hinge,0.16988304874805515,0.15140199372221608,0.19636895670091292,0.32496050888329775,0.2313194422268574,0.19371570003686966,0.19182066784878704,0.02304435856553544,0.0,0.200410804797587,0.2345263447423872
trapezoid,0.163587725674329,0.2123390834904627,0.1443686115944619,0.1926918004641167,0.11457882481171888,0.20227039244354317,0.1288332095156649,0.21172088338410466,0.200410804797587,0.0,0.09313045496874972
random,0.2792991280375935,0.33415682752737597,0.24014580682725073,0.21121128457949156,0.16585084071889933,0.2637518743167052,0.23371277710517846,0.2288403285133872,0.2345263447423872,0.09313045496874972,0.0
