,square,rectangle,parallelogram,losange,isoTrapezoid,kite,rightKite,rustedHinge,hinge,trapezoid,random
square,2.220446049250313e-16,0.04297907737489737,0.15885226935960783,0.21092739000926763,0.17478867533982423,0.18995083533144053,0.18873550020726237,0.20428141564368663,0.197572834489663,0.1771216797206553,0.25612228397554426
rectangle,0.04297907737489737,0.0,0.1193739698109354,0.17941475030788057,0.20064952345507037,0.19888160168008218,0.19782369952216228,0.18496219214921716,0.17137814357669723,0.18407967207741371,0.263889743215877
parallelogram,0.15885226935960783,0.1193739698109354,0.0,0.03802615867999959,0.18211639629022836,0.186049780450522,0.17665427300993575,0.15509170770814185,0.1437287977202647,0.11865894890484463,0.18165710807936597
losange,0.21092739000926763,0.17941475030788057,0.03802615867999959,2.220446049250313e-16,0.1993525137029346,0.20749868205951205,0.19401021329002577,0.16502245823341521,0.1612198371181981,0.12003601050863033,0.15251523809672174
isoTrapezoid,0.17478867533982423,0.20064952345507037,0.18211639629022836,0.1993525137029346,2.220446049250313e-16,0.0731176956353845,0.0613535520170273,0.12251079828228129,0.12379766660763247,0.058921014094036606,0.10230893947907882
kite,0.18995083533144053,0.19888160168008218,0.186049780450522,0.20749868205951205,0.0731176956353845,2.220446049250313e-16,0.026343401010688106,0.10710434044480943,0.10215349865410395,0.09839268509458698,0.12534361616704115
rightKite,0.18873550020726237,0.19782369952216228,0.17665427300993575,0.19401021329002577,0.0613535520170273,0.026343401010688106,2.220446049250313e-16,0.08861564255387433,0.08635728737694315,0.0706402459271972,0.0999588131343977
rustedHinge,0.20428141564368663,0.18496219214921716,0.15509170770814185,0.16502245823341521,0.12251079828228129,0.10710434044480943,0.08861564255387433,2.220446049250313e-16,0.012018420796162999,0.10271706391210633,0.10415452485492527
hinge,0.197572834489663,0.17137814357669723,0.1437287977202647,0.1612198371181981,0.12379766660763247,0.10215349865410395,0.08635728737694315,0.012018420796162999,0.0,0.09904189808357011,0.10339229007341222
trapezoid,0.1771216797206553,0.18407967207741371,0.11865894890484463,0.12003601050863033,0.058921014094036606,0.09839268509458698,0.0706402459271972,0.10271706391210633,0.09904189808357011,0.0,0.05212209659279432
random,0.25612228397554426,0.263889743215877,0.18165710807936597,0.15251523809672174,0.10230893947907882,0.12534361616704115,0.0999588131343977,0.10415452485492527,0.10339229007341222,0.05212209659279432,0.0
