,square,rectangle,parallelogram,losange,isoTrapezoid,kite,rightKite,rustedHinge,hinge,trapezoid,random
square,0.0,0.03527120467478251,0.07469105869228498,0.11138479876774421,0.03105382899769127,0.029210604271150964,0.025882362864700914,0.05811326562172803,0.051326601735301236,0.04164449836278805,0.07553104477989547
rectangle,0.03527120467478251,0.0,0.035334020323676274,0.07973000225212945,0.08042669794316215,0.05677908776926899,0.05535944536102322,0.046331190151655655,0.03139766617936768,0.06042272076587063,0.10395311630583715
parallelogram,0.07469105869228498,0.035334020323676274,0.0,0.02919600644279363,0.10057036797683583,0.09599464982393324,0.07887976538804897,0.06878510143516214,0.0505637827589791,0.05063572926812465,0.08692284775685555
losange,0.11138479876774421,0.07973000225212945,0.02919600644279363,1.1102230246251565e-16,0.11755918236921925,0.1262026939761407,0.10813679699052736,0.0881792371235629,0.07735993190118873,0.05713491274180982,0.06883163737594522
isoTrapezoid,0.03105382899769127,0.08042669794316215,0.10057036797683583,0.11755918236921925,0.0,0.03332862121852198,0.029529744424450333,0.09130060003247431,0.08884794697230802,0.038777274265009654,0.05619829568061252
kite,0.029210604271150964,0.05677908776926899,0.09599464982393324,0.1262026939761407,0.03332862121852198,0.0,0.01819880007989716,0.08468699127708956,0.0805271397781756,0.06853748910121105,0.0962939285890454
rightKite,0.025882362864700914,0.05535944536102322,0.07887976538804897,0.10813679699052736,0.029529744424450333,0.01819880007989716,0.0,0.08202662086401813,0.07632079900761846,0.038271619685129044,0.07603916302460856
rustedHinge,0.05811326562172803,0.046331190151655655,0.06878510143516214,0.0881792371235629,0.09130060003247431,0.08468699127708956,0.08202662086401813,0.0,0.006681120799367446,0.07429160967521709,0.08397459084211789
hinge,0.051326601735301236,0.03139766617936768,0.0505637827589791,0.07735993190118873,0.08884794697230802,0.0805271397781756,0.07632079900761846,0.006681120799367446,0.0,0.06568439665866621,0.08098863284281843
trapezoid,0.04164449836278805,0.06042272076587063,0.05063572926812465,0.05713491274180982,0.038777274265009654,0.06853748910121105,0.038271619685129044,0.07429160967521709,0.06568439665866621,1.1102230246251565e-16,0.026582527573078996
random,0.07553104477989547,0.10395311630583715,0.08692284775685555,0.06883163737594522,0.05619829568061252,0.0962939285890454,0.07603916302460856,0.08397459084211789,0.08098863284281843,0.026582527573078996,0.0
