,square,rectangle,parallelogram,losange,isoTrapezoid,kite,rightKite,rustedHinge,hinge,trapezoid,random
square,0.0,0.020805643124571116,0.04899182546845782,0.06861165178971473,0.03145505486271727,0.03908527350447144,0.03504806213101097,0.053985024047574215,0.047663278389753705,0.0387244345320269,0.06341418064218818
rectangle,0.020805643124571116,0.0,0.0283497755314277,0.0538503168200023,0.05807174687362149,0.0534892750758843,0.05089474962672036,0.04694699532832969,0.0369736735078513,0.049967834804716005,0.07936045021815119
parallelogram,0.04899182546845782,0.0283497755314277,0.0,0.016875338703051135,0.06470708991714713,0.06909592817622656,0.06031737521392888,0.05704053510023166,0.04568498090669315,0.03884747002233091,0.06234427114403718
losange,0.06861165178971473,0.0538503168200023,0.016875338703051135,0.0,0.07218406347223905,0.08169135784207049,0.0718611700993732,0.06606375770352013,0.05845107576996844,0.040027780063699336,0.04988812066485704
isoTrapezoid,0.03145505486271727,0.05807174687362149,0.06470708991714713,0.07218406347223905,2.220446049250313e-16,0.027822353262738186,0.023679299694809197,0.06540195416302996,0.06190338596855505,0.02367112377256686,0.0385936453984177
kite,0.03908527350447144,0.0534892750758843,0.06909592817622656,0.08169135784207049,0.027822353262738186,2.220446049250313e-16,0.011655446533287872,0.05944130653998869,0.053968628016275555,0.046102770790280356,0.05818713112453011
rightKite,0.03504806213101097,0.05089474962672036,0.06031737521392888,0.0718611700993732,0.023679299694809197,0.011655446533287872,0.0,0.0553872599805143,0.04958326464355489,0.029254020391022983,0.04595830496968334
rustedHinge,0.053985024047574215,0.04694699532832969,0.05704053510023166,0.06606375770352013,0.06540195416302996,0.05944130653998869,0.0553872599805143,0.0,0.0057267414820392215,0.05682744976575338,0.05780701372647323
hinge,0.047663278389753705,0.0369736735078513,0.04568498090669315,0.05845107576996844,0.06190338596855505,0.053968628016275555,0.04958326464355489,0.0057267414820392215,0.0,0.050152929422163095,0.05292481338236521
trapezoid,0.0387244345320269,0.049967834804716005,0.03884747002233091,0.040027780063699336,0.02367112377256686,0.046102770790280356,0.029254020391022983,0.05682744976575338,0.050152929422163095,0.0,0.02103526998702865
random,0.06341418064218818,0.07936045021815119,0.06234427114403718,0.04988812066485704,0.0385936453984177,0.05818713112453011,0.04595830496968334,0.05780701372647323,0.05292481338236521,0.02103526998702865,0.0
