,square,rectangle,parallelogram,losange,isoTrapezoid,kite,rightKite,rustedHinge,hinge,trapezoid,random
square,0.0,0.05538152271570107,0.09157484541287664,0.12889655714596981,0.0314060380956277,0.022674846267598525,0.01514042517364167,0.06134481806415859,0.059171426750925016,0.03841164095135052,0.08190535988332615
rectangle,0.05538152271570107,0.0,0.0292307950241687,0.07497769541880694,0.10722793459998403,0.06737325752250511,0.06325932773067988,0.04038778653996278,0.02527267872984873,0.06709006939577122,0.12139114548568541
parallelogram,0.09157484541287664,0.0292307950241687,2.220446049250313e-16,0.031541796319948134,0.12683780213030948,0.10374620013012825,0.08971630822898868,0.05526050908266733,0.038084908304580445,0.06697619559450374,0.10947032950766156
losange,0.12889655714596981,0.07497769541880694,0.031541796319948134,2.220446049250313e-16,0.1398224320359156,0.13672914827563187,0.12262221095594517,0.07052479504910647,0.061355796127601114,0.07264590064516574,0.07739911685411327
isoTrapezoid,0.0314060380956277,0.10722793459998403,0.12683780213030948,0.1398224320359156,0.0,0.035617517370659546,0.029044073730358444,0.1001129593482557,0.10397817962210054,0.04327801275058407,0.06645223422707058
kite,0.022674846267598525,0.06737325752250511,0.10374620013012825,0.13672914827563187,0.035617517370659546,0.0,0.015776075378504117,0.09001719979660938,0.08835128030231054,0.0644919981324874,0.1047853025919443
rightKite,0.01514042517364167,0.06325932773067988,0.08971630822898868,0.12262221095594517,0.029044073730358444,0.015776075378504117,0.0,0.07928983359799191,0.07659502023303899,0.03804247495727775,0.08824608754413577
rustedHinge,0.06134481806415859,0.04038778653996278,0.05526050908266733,0.07052479504910647,0.1001129593482557,0.09001719979660938,0.07928983359799191,0.0,0.005821926461873961,0.06465539645197782,0.08747311417795589
hinge,0.059171426750925016,0.02527267872984873,0.038084908304580445,0.061355796127601114,0.10397817962210054,0.08835128030231054,0.07659502023303899,0.005821926461873961,0.0,0.05979285755330366,0.0908154065585397
trapezoid,0.03841164095135052,0.06709006939577122,0.06697619559450374,0.07264590064516574,0.04327801275058407,0.0644919981324874,0.03804247495727775,0.06465539645197782,0.05979285755330366,0.0,0.03466043106115413
random,0.08190535988332615,0.12139114548568541,0.10947032950766156,0.07739911685411327,0.06645223422707058,0.1047853025919443,0.08824608754413577,0.08747311417795589,0.0908154065585397,0.03466043106115413,0.0
