,square,rectangle,parallelogram,losange,isoTrapezoid,kite,rightKite,rustedHinge,hinge,trapezoid,random
square,0.0,0.016370900713565284,0.04828278775117745,0.06418458177779307,0.040534708977060574,0.050737610154133694,0.04545102155853187,0.06185427679946909,0.05532002096742272,0.047408705300095555,0.07040549313276812
rectangle,0.016370900713565284,0.0,0.034556996731657685,0.05476418163600205,0.058335307641846135,0.060434969298310715,0.05623862673551794,0.05606441902615522,0.04776997436395225,0.05539661586214506,0.08063997292465297
parallelogram,0.04828278775117745,0.034556996731657685,1.1102230246251565e-16,0.013160454903449526,0.054960425488350784,0.059588956896565515,0.053567128706075606,0.05371836831033128,0.04405505243944219,0.03510340405405521,0.05431276099725724
losange,0.06418458177779307,0.05476418163600205,0.013160454903449526,0.0,0.061355385490742376,0.06850232052445238,0.062133477150797645,0.06008443380562034,0.053385193164448785,0.036570664345177306,0.0450758250295995
isoTrapezoid,0.040534708977060574,0.058335307641846135,0.054960425488350784,0.061355385490742376,1.1102230246251565e-16,0.02591525137339823,0.021186578630899566,0.05575240921595781,0.05050398100021192,0.021017559103948757,0.03527395535501121
kite,0.050737610154133694,0.060434969298310715,0.059588956896565515,0.06850232052445238,0.02591525137339823,0.0,0.010234070277849727,0.05143902695420077,0.04521905377419955,0.038861231616538094,0.04884082672418588
rightKite,0.04545102155853187,0.05623862673551794,0.053567128706075606,0.062133477150797645,0.021186578630899566,0.010234070277849727,0.0,0.04633532555087472,0.039994990225129645,0.026402183516893052,0.039204172338998866
rustedHinge,0.06185427679946909,0.05606441902615522,0.05371836831033128,0.06008443380562034,0.05575240921595781,0.05143902695420077,0.04633532555087472,2.220446049250313e-16,0.005986871717353459,0.048658057510759134,0.049203820299909995
hinge,0.05532002096742272,0.04776997436395225,0.04405505243944219,0.053385193164448785,0.05050398100021192,0.04521905377419955,0.039994990225129645,0.005986871717353459,0.0,0.041101449633274334,0.04296892871481428
trapezoid,0.047408705300095555,0.05539661586214506,0.03510340405405521,0.036570664345177306,0.021017559103948757,0.038861231616538094,0.026402183516893052,0.048658057510759134,0.041101449633274334,0.0,0.018392572009489516
random,0.07040549313276812,0.08063997292465297,0.05431276099725724,0.0450758250295995,0.03527395535501121,0.04884082672418588,0.039204172338998866,0.049203820299909995,0.04296892871481428,0.018392572009489516,0.0
