,square,rectangle,parallelogram,losange,isoTrapezoid,kite,rightKite,rustedHinge,hinge,trapezoid,random
square,1.1102230246251565e-16,0.03153782666198102,0.06876368137019861,0.10176430648973567,0.03174800549137735,0.03304373849049447,0.028918664012921425,0.05712919008541373,0.05086530858497029,0.04176188597963093,0.07415891200616886
rectangle,0.03153782666198102,0.0,0.03378153073801482,0.0741772193958723,0.07511407712551788,0.05677669453524159,0.054422930020942006,0.04699739050085172,0.03360479257235027,0.0584365340087496,0.09873944496193143
parallelogram,0.06876368137019861,0.03378153073801482,0.0,0.026749861403221664,0.09357204391424645,0.0924431423761084,0.07624769862192216,0.06794568327810757,0.05139946015975361,0.04887054458376683,0.08294956013528043
losange,0.10176430648973567,0.0741772193958723,0.026749861403221664,0.0,0.10818749073975098,0.11836316435381,0.10120643327081957,0.085438567249849,0.07525061451838722,0.053501394546111136,0.0657770402781227
isoTrapezoid,0.03174800549137735,0.07511407712551788,0.09357204391424645,0.10818749073975098,0.0,0.033012227667629124,0.028648091308693613,0.08616961110740295,0.08389137291371651,0.035671940283433345,0.052740147508254065
kite,0.03304373849049447,0.05677669453524159,0.0924431423761084,0.11836316435381,0.033012227667629124,0.0,0.01695156741628201,0.08128381088430292,0.07728259163569673,0.0656239992303369,0.08952480053462508
rightKite,0.028918664012921425,0.054422930020942006,0.07624769862192216,0.10120643327081957,0.028648091308693613,0.01695156741628201,1.1102230246251565e-16,0.07770409297932668,0.0723370282186302,0.037465063413509636,0.07054305798132532
rustedHinge,0.05712919008541373,0.04699739050085172,0.06794568327810757,0.085438567249849,0.08616961110740295,0.08128381088430292,0.07770409297932668,1.1102230246251565e-16,0.006255882996385798,0.07265096504923196,0.07933688934095662
hinge,0.05086530858497029,0.03360479257235027,0.05139946015975361,0.07525061451838722,0.08389137291371651,0.07728259163569673,0.0723370282186302,0.006255882996385798,1.1102230246251565e-16,0.0648099453850316,0.07616135856385786
trapezoid,0.04176188597963093,0.0584365340087496,0.04887054458376683,0.053501394546111136,0.035671940283433345,0.0656239992303369,0.037465063413509636,0.07265096504923196,0.0648099453850316,1.1102230246251565e-16,0.026095427465282928
random,0.07415891200616886,0.09873944496193143,0.08294956013528043,0.0657770402781227,0.052740147508254065,0.08952480053462508,0.07054305798132532,0.07933688934095662,0.07616135856385786,0.026095427465282928,1.1102230246251565e-16
