,square,rectangle,parallelogram,losange,isoTrapezoid,kite,rightKite,rustedHinge,hinge,trapezoid,random
square,0.0,0.01061311074134963,0.0291133901150904,0.03928601547615718,0.021435681982483246,0.026906494200291897,0.024512945269160924,0.038616406045264506,0.031983894520466793,0.025651399611022585,0.039236817829152226
rectangle,0.01061311074134963,0.0,0.02040469656076871,0.03348764031618634,0.03398499200168603,0.03341054300778057,0.03227846124103928,0.03407621476405365,0.026724426173191262,0.03159793826795376,0.04680204961932288
parallelogram,0.0291133901150904,0.02040469656076871,0.0,0.008621618502770656,0.03418749956530309,0.036148958498038786,0.03309829088117078,0.036342346764873246,0.0274199005302157,0.021317188368609963,0.032762794931880945
losange,0.03928601547615718,0.03348764031618634,0.008621618502770656,0.0,0.03799431361334982,0.04200168404199178,0.038462352429153746,0.040690942087666326,0.03365008291784799,0.021964184015709765,0.0270488104364095
isoTrapezoid,0.021435681982483246,0.03398499200168603,0.03418749956530309,0.03799431361334982,2.220446049250313e-16,0.01537799999066014,0.012825300221837588,0.038722875724394146,0.032791841127239096,0.012261098205035403,0.020619077596187307
kite,0.026906494200291897,0.03341054300778057,0.036148958498038786,0.04200168404199178,0.01537799999066014,0.0,0.006375897692596277,0.03420005839752216,0.028286235583411923,0.02385757157649704,0.029895759306928116
rightKite,0.024512945269160924,0.03227846124103928,0.03309829088117078,0.038462352429153746,0.012825300221837588,0.006375897692596277,0.0,0.03264434823314899,0.02621585511023794,0.016182424056976452,0.024107998277092868
rustedHinge,0.038616406045264506,0.03407621476405365,0.036342346764873246,0.040690942087666326,0.038722875724394146,0.03420005839752216,0.03264434823314899,0.0,0.004493207863939697,0.034408010356006935,0.034167722500409226
hinge,0.031983894520466793,0.026724426173191262,0.0274199005302157,0.03365008291784799,0.032791841127239096,0.028286235583411923,0.02621585511023794,0.004493207863939697,0.0,0.027218731249628814,0.027657965811095253
trapezoid,0.025651399611022585,0.03159793826795376,0.021317188368609963,0.021964184015709765,0.012261098205035403,0.02385757157649704,0.016182424056976452,0.034408010356006935,0.027218731249628814,2.220446049250313e-16,0.010903846481272739
random,0.039236817829152226,0.04680204961932288,0.032762794931880945,0.0270488104364095,0.020619077596187307,0.029895759306928116,0.024107998277092868,0.034167722500409226,0.027657965811095253,0.010903846481272739,0.0
