,square,rectangle,parallelogram,losange,isoTrapezoid,kite,rightKite,rustedHinge,hinge,trapezoid,random
square,0.0,0.03456662380024833,0.06244601031333952,0.08903681898641336,0.022112359416236682,0.017068976138565173,0.01277825313182146,0.04270898716334792,0.03933224022702608,0.02837441934843521,0.056310214834992545
rectangle,0.03456662380024833,0.0,0.023554972329791424,0.05547224493298375,0.06981773089669185,0.0444168143225403,0.04253814885128138,0.02979023109407608,0.01857732043291427,0.04636104124508178,0.08147024708662154
parallelogram,0.06244601031333952,0.023554972329791424,0.0,0.022011972902201027,0.08426841185691647,0.07250374834751816,0.061258086484843766,0.043496031201809116,0.030575674851566204,0.042458108578431686,0.07017053201416956
losange,0.08903681898641336,0.05547224493298375,0.022011972902201027,0.0,0.09486455820390383,0.09520032246893839,0.08398121445259132,0.05558472481294252,0.04864977428730888,0.04687550421408182,0.05169554191968839
isoTrapezoid,0.022112359416236682,0.06981773089669185,0.08426841185691647,0.09486455820390383,1.1102230246251565e-16,0.02478726805775089,0.02077195774621765,0.07008036056540456,0.07019698116034911,0.029943533327382643,0.04419804177158371
kite,0.017068976138565173,0.0444168143225403,0.07250374834751816,0.09520032246893839,0.02478726805775089,0.0,0.012386065177291905,0.06252445687169417,0.06034086474039979,0.04809911810439205,0.07322474598893047
rightKite,0.01277825313182146,0.04253814885128138,0.061258086484843766,0.08398121445259132,0.02077195774621765,0.012386065177291905,0.0,0.058214815511769435,0.05483935127907913,0.027274565065754208,0.060077901227796215
rustedHinge,0.04270898716334792,0.02979023109407608,0.043496031201809116,0.05558472481294252,0.07008036056540456,0.06252445687169417,0.058214815511769435,0.0,0.004422472792251386,0.049684400386294514,0.06226097172675382
hinge,0.03933224022702608,0.01857732043291427,0.030575674851566204,0.04864977428730888,0.07019698116034911,0.06034086474039979,0.05483935127907913,0.004422472792251386,1.1102230246251565e-16,0.044376949552525136,0.06248567330521548
trapezoid,0.02837441934843521,0.04636104124508178,0.042458108578431686,0.04687550421408182,0.029943533327382643,0.04809911810439205,0.027274565065754208,0.049684400386294514,0.044376949552525136,0.0,0.02123478541055379
random,0.056310214834992545,0.08147024708662154,0.07017053201416956,0.05169554191968839,0.04419804177158371,0.07322474598893047,0.060077901227796215,0.06226097172675382,0.06248567330521548,0.02123478541055379,0.0
