,square,rectangle,parallelogram,losange,isoTrapezoid,kite,rightKite,rustedHinge,hinge,trapezoid,random
square,0.0,0.03453953411711541,0.06615421227388252,0.09653695684472108,0.024052707166633547,0.019765552020335697,0.015386220235548809,0.04587836846219184,0.04165002782954663,0.03163778447772336,0.06089042006182277
rectangle,0.03453953411711541,0.0,0.02731106957956797,0.063420659987385,0.07183526868127332,0.04686736518183421,0.04481960734645152,0.03326781141009083,0.021122160217112107,0.049723183362944345,0.08665441090457615
parallelogram,0.06615421227388252,0.02731106957956797,0.0,0.024786752875525453,0.0884768100664568,0.07854431102929882,0.06545376175962125,0.04952065943819528,0.035211942838443644,0.04430696053289296,0.07337511542987996
losange,0.09653695684472108,0.063420659987385,0.024786752875525453,0.0,0.10168731883997251,0.10397183464624049,0.09081573798041065,0.06440921472049332,0.056588214746597254,0.05019289181082909,0.056130166078832366
isoTrapezoid,0.024052707166633547,0.07183526868127332,0.0884768100664568,0.10168731883997251,0.0,0.026633134014740212,0.02266330645508219,0.0744136269504212,0.07395275615593255,0.03239831750621702,0.0473254509388521
kite,0.019765552020335697,0.04686736518183421,0.07854431102929882,0.10397183464624049,0.026633134014740212,0.0,0.013921476763540719,0.06746831559685618,0.06483287825458506,0.053618514036043674,0.07936975491479059
rightKite,0.015386220235548809,0.04481960734645152,0.06545376175962125,0.09081573798041065,0.02266330645508219,0.013921476763540719,1.1102230246251565e-16,0.06347345980398433,0.05945505380468308,0.030209300051184718,0.06436105954956262
rustedHinge,0.04587836846219184,0.03326781141009083,0.04952065943819528,0.06440921472049332,0.0744136269504212,0.06746831559685618,0.06347345980398433,1.1102230246251565e-16,0.005096556427982235,0.054936919925322236,0.06726302532310768
hinge,0.04165002782954663,0.021122160217112107,0.035211942838443644,0.056588214746597254,0.07395275615593255,0.06483287825458506,0.05945505380468308,0.005096556427982235,0.0,0.048845528691348394,0.06672891130445013
trapezoid,0.03163778447772336,0.049723183362944345,0.04430696053289296,0.05019289181082909,0.03239831750621702,0.053618514036043674,0.030209300051184718,0.054936919925322236,0.048845528691348394,0.0,0.02218246799107504
random,0.06089042006182277,0.08665441090457615,0.07337511542987996,0.056130166078832366,0.0473254509388521,0.07936975491479059,0.06436105954956262,0.06726302532310768,0.06672891130445013,0.02218246799107504,0.0
