,square,rectangle,parallelogram,losange,isoTrapezoid,kite,rightKite,rustedHinge,hinge,trapezoid,random
square,0.0,0.04142840038275597,0.06568758404393482,0.09272204068129519,0.024018358696687003,0.01693344965558241,0.011604631472361904,0.045080712328693706,0.04354358460879448,0.02826370229256503,0.05861063147943224
rectangle,0.04142840038275597,0.0,0.02250627164727781,0.054039848746718855,0.07772528258734146,0.049912190747434027,0.04667027014622793,0.028590796536022256,0.01808656988293944,0.04929776317526102,0.08494807983964814
parallelogram,0.06568758404393482,0.02250627164727781,2.220446049250313e-16,0.0240186464436003,0.08923354138310924,0.07400791897805237,0.0639776553099658,0.0400250191350946,0.028325455809271594,0.04989138097965917,0.07820482679325569
losange,0.09272204068129519,0.054039848746718855,0.0240186464436003,2.220446049250313e-16,0.0985474861323068,0.09683710489817288,0.08804350646549364,0.050243952983560214,0.044480533214550366,0.05498275512998907,0.056964975474046886
isoTrapezoid,0.024018358696687003,0.07772528258734146,0.08923354138310924,0.0985474861323068,0.0,0.026784596444245357,0.022627261526032783,0.07253586419775826,0.07520311789054779,0.03240763276384484,0.048869397296870676
kite,0.01693344965558241,0.049912190747434027,0.07400791897805237,0.09683710489817288,0.026784596444245357,0.0,0.01208433394120989,0.06452879199730932,0.06344331990766883,0.04598324813192234,0.07307766795781845
rightKite,0.011604631472361904,0.04667027014622793,0.0639776553099658,0.08804350646549364,0.022627261526032783,0.01208433394120989,0.0,0.0567848366491428,0.054949437581779614,0.028018348636424384,0.06335850433542123
rustedHinge,0.045080712328693706,0.028590796536022256,0.0400250191350946,0.050243952983560214,0.07253586419775826,0.06452879199730932,0.0567848366491428,2.220446049250313e-16,0.004425901687082789,0.04769000961524439,0.06244722656057533
hinge,0.04354358460879448,0.01808656988293944,0.028325455809271594,0.044480533214550366,0.07520311789054779,0.06344331990766883,0.054949437581779614,0.004425901687082789,2.220446049250313e-16,0.04455617451376015,0.06506861117325968
trapezoid,0.02826370229256503,0.04929776317526102,0.04989138097965917,0.05498275512998907,0.03240763276384484,0.04598324813192234,0.028018348636424384,0.04769000961524439,0.04455617451376015,0.0,0.027162259244151277
random,0.05861063147943224,0.08494807983964814,0.07820482679325569,0.056964975474046886,0.048869397296870676,0.07307766795781845,0.06335850433542123,0.06244722656057533,0.06506861117325968,0.027162259244151277,2.220446049250313e-16
