,photo_face,photo_profil,photo_eyes,photo_face2,photo_walking,photo_standing,photo_hand,photo_legs,photo_bird,photo_butterfly,photo_girafe,photo_fish,photo_cherry,photo_tree,photo_flower,photo_carrot,photo_watch,photo_key,photo_truck,photo_velo,photo_road,photo_house,photo_mountain,photo_windmill,drawing_face,drawing_profil,drawing_eyes,drawing_face2,drawing_walking,drawing_standing,drawing_hand,drawing_legs,drawing_bird,drawing_butterfly,drawing_girafe,drawing_fish,drawing_cherry,drawing_tree,drawing_flower,drawing_carrot,drawing_watch,drawing_key,drawing_truck,drawing_velo,drawing_road,drawing_house,drawing_mountain,drawing_windmill,geo_face,geo_profil,geo_eyes,geo_face2,geo_walking,geo_standing,geo_hand,geo_legs,geo_bird,geo_butterfly,geo_girafe,geo_fish,geo_cherry,geo_tree,geo_flower,geo_carrot,geo_watch,geo_key,geo_truck,geo_velo,geo_road,geo_house,geo_mountain,geo_windmill,word_face,word_profil,word_eyes,word_face2,word_walking,word_standing,word_hand,word_legs,word_bird,word_butterfly,word_girafe,word_fish,word_cherry,word_tree,word_flower,word_carrot,word_watch,word_key,word_truck,word_velo,word_road,word_house,word_mountain,word_windmill
photo_face,0.0,388.0399770151181,471.72259083647856,421.99214560491725,385.85932263705905,383.62995049186287,362.44067083402194,362.76878242650145,430.99109410675874,469.68017664867205,462.28004168708145,434.50463553752195,414.97217502228096,388.21314929856413,388.92819476425564,388.5084864476579,400.3560719413052,436.68885520808163,463.1167462921488,428.9090486945568,488.71730723302073,435.43971308851013,431.38453918679795,445.1982668759861,395.15247392147995,425.2385454828735,453.23648407224505,435.6381629477425,400.4073469924512,394.69578790748346,413.4515189225051,409.2580561601546,422.67137565794195,462.3457365544293,403.5921285011512,436.63699525446714,429.60200890654033,374.65566156611106,391.5896550289561,393.06119576399453,381.28963402398455,450.61585708060136,445.7664453268346,431.5388144083854,429.53414292579174,461.0578643076059,425.245176861565,419.09408383478024,451.51389014935216,400.3925431466771,456.01506263965086,412.7814745828677,401.7697843916519,404.23878906123105,414.48729626362655,397.7002692725682,402.7104688378518,455.3176308972712,422.421524146476,450.38204317542323,438.38164618989657,401.9663965020298,402.08545039271644,394.69937340276925,406.7103048214513,447.74575517387507,465.02112415959544,440.34450720681514,416.42869465405573,420.7719368451191,423.6968160319461,427.6537336927755,417.0316070815822,415.23087106061877,411.3906725627164,440.1504712202121,458.04100019828695,457.66265143150343,412.2136193244481,452.4912701911974,446.39719093258725,456.4307456270232,430.4224972254998,456.04166268582037,452.55238137315223,422.04139795894224,419.49133900554943,451.6908500966343,443.7455555940317,404.82540361056033,451.799687817577,413.9621604045125,422.209137033722,442.5249781412316,473.1722778045668,428.52738139570573
photo_profil,388.0399770151181,0.0,472.58180505047744,428.8340720292919,427.2910755209868,436.8894516442492,417.05186062944387,429.2824860956831,451.1260341357548,466.6281340131146,478.52545591142643,466.9662420346057,447.8244263861667,433.3681469826281,453.71433954561184,454.45713173214403,465.08993677882324,458.25980003142683,479.74097813371844,459.00827802211165,486.35368603277243,425.6730098982513,455.0811650749813,442.9882568598843,451.6889186591141,413.99189447836784,470.77873694883345,452.15669073270766,443.88532427528486,444.1497682474577,452.4124955515859,428.82918197293674,457.04423376132735,464.9229063934742,439.2484224203672,464.21688120691965,443.45892669587244,443.7127134820607,432.2367024922695,455.85279853494194,447.22357553420335,473.86430790821487,471.31376451538654,452.814431118866,457.86850598366874,465.95629518511913,461.82117578680516,442.9809100244234,457.2209542502336,460.8440209914498,477.6294687209443,455.36094251839734,451.9757269148435,451.9526627340013,453.90999062246453,457.91592928023186,462.21400495741227,463.2756030832324,454.1314682497626,472.21819951847107,459.3905162042782,454.4077690297363,462.2891995682211,455.0518614683519,464.86757250843607,471.83551296576576,484.7077543753148,470.80695933693056,452.8485292318315,445.118339926425,459.0600942016877,456.7138286462601,471.974568985265,469.3710546894783,462.08984471788233,472.411786877919,486.52547820854926,486.658454153037,465.18916562548037,484.458228289405,476.13650800205227,489.4106962727904,466.6324953081136,486.35568382115724,481.26696864529407,466.2331119040617,463.6101101803561,482.70031183997486,474.8804800903007,469.19362090904457,480.305965550783,468.1828387907285,466.83518885157605,476.05077438136453,506.65188627433423,467.453424443371
photo_eyes,471.72259083647856,472.58180505047744,0.0,434.0336121690077,472.85053173853254,488.2075799265966,468.5506268152233,486.08860876653483,428.63500541864414,454.8624465494261,483.0510910320883,439.257097166767,481.76130669752877,498.1677129088818,493.5543059253058,484.4773452647921,505.74706652973083,431.0442794613178,440.6154434731383,445.03558649160044,393.6475751742789,493.5019339517201,446.93059224961326,496.37512609486726,478.2809210353036,484.2615547736456,433.5072580085403,454.5331782440894,496.0615411939065,487.25385780134496,500.6506360654264,504.00878535207477,448.30479458058613,463.4083033672669,498.1446763130947,450.3624439280312,455.39026818110864,479.75877898768334,478.5722614646436,498.8632111356097,475.5434998867538,446.04219633815006,448.00130943401444,439.77717696891557,444.0983302537126,429.0688683527233,456.73073678618243,491.4109605610047,496.06243444001115,491.8483636324242,436.729589136273,507.6400436726914,492.02222499364706,497.69914187171275,506.3151160010833,495.40125657314127,493.37085489658745,470.3577792767688,495.31691919098614,451.9396370397342,509.3073368002571,485.54471408177693,499.46898012243895,492.57674863370426,498.227090953671,443.74476251525385,457.1208338240252,446.16578647727937,503.8490140879917,505.4660467928271,466.79024213419075,508.6190843517931,463.94342513312114,457.90044544086055,459.74106878254935,449.85550275374413,450.257929719715,448.7577588775762,461.64055838741416,450.21303168628435,447.9296639096302,450.85333486165115,446.52167594754377,449.2429963070661,445.0869520583432,453.539471655481,455.64809826797364,449.6246638416016,448.6532226349134,461.86255000484306,442.6734376174446,462.22231714879047,454.7543326061382,446.1482703767676,471.20100446959896,457.6545435088855
photo_face2,421.99214560491725,428.8340720292919,434.0336121690077,0.0,436.99835521242716,456.3558568352908,416.79818591189235,445.6031151690802,415.9566906202799,452.8807997158728,466.6710202822327,449.0214735166734,454.91162726564653,458.02537242008407,464.55382137521923,462.43035825984623,478.53503142562835,450.6359702525425,465.75925053363363,450.5036425165917,445.9606280601421,447.25233162987877,452.5464621852554,475.51827564948144,444.7274013175275,458.03465000611914,466.63670117604414,412.6315056706356,461.90973565315414,459.3404089188402,473.23045582952807,466.53542523387347,446.4380810500473,455.6274807829029,468.071668901133,462.2403433218421,452.30847400693784,451.42824268251707,448.9495293607456,476.92089479115543,454.70368087271686,470.13906339986477,463.95740460811356,447.1242701929913,450.38709227607075,454.96859130310355,456.7575264926125,465.1603870079712,475.6560170506532,470.18474285512895,478.5846901653271,475.407883655472,458.4209533939557,466.8294210170007,471.5484132248446,473.1471097896018,475.3500258715033,455.1695835450998,473.6536888344702,462.34625990367766,483.13777060304767,465.11955922352126,475.12232193653006,472.35423788701866,480.384689986372,466.459145647329,469.2279544173186,460.64175770397856,473.01720533678906,476.94018487465405,454.3543663896758,484.3625744122833,467.2659574908044,461.4981154494253,459.8006883745033,463.5199666308573,478.5593187310458,478.5001675701686,460.3730222569885,481.03560559599805,471.0012593575793,476.3029232830638,465.3666684305332,477.20295326271264,475.7554169698025,464.99703340468596,457.57808651855686,476.21567602995503,469.0028698807679,459.9694106206929,474.24225681252824,464.11944873109337,467.0981032289953,466.80519089855557,494.43920595321725,466.31577463817297
photo_walking,385.85932263705905,427.2910755209868,472.85053173853254,436.99835521242716,0.0,333.2285360704132,356.7630365024262,330.7693181218325,390.39444654643034,441.4689884387178,434.41325998688393,398.59462905390177,365.8008178824893,370.04061198539574,341.84785080336667,338.4767169184762,366.90332630238026,387.8673602787263,424.40824230623394,377.17921757299945,454.9946132510424,450.04317497207313,367.898403404341,426.82519063539615,356.893682976839,398.73453156624504,397.1433957462847,392.2333825004562,315.6478004015123,365.9097183684538,374.93125552208016,371.08885245277776,379.51322690890515,409.0246582696208,342.0028288220241,379.52895769733226,395.718818444206,334.759459945328,365.11624280507175,343.9441152068795,339.90855582150186,400.9743649585155,397.46036458912045,389.00854890652477,375.33115818294743,417.05019616868736,356.37717128504437,392.7156874782804,416.5423800595632,339.72960203885646,408.1561803127632,376.95774062079937,341.74006055038245,353.00574928197716,379.49051140928043,343.69263660610847,343.6307078277844,411.5247589439776,355.808993761852,391.8456202782,367.5183249661761,335.7284950729221,373.73000541170467,346.7708791492138,353.173943650051,393.6407912069042,409.1563842532351,399.86438617306135,364.3889958506127,401.1331488579869,367.75036037572784,395.1651027682389,365.71530808623515,367.3120801122063,366.070250329804,395.18861214410043,405.18983856527433,406.2208325580603,363.24975109372053,401.25231576009287,395.94008546884214,408.7197254893018,383.36432693751317,407.0219744164393,400.02037166094556,373.41869391846535,368.50099947089734,401.9500151750369,397.5805345775981,359.38615072704937,400.41423916849027,365.4171694747148,373.53250808552434,395.9739713161283,424.6632922986773,377.3724392191639
photo_standing,383.62995049186287,436.8894516442492,488.2075799265966,456.3558568352908,333.2285360704132,0.0,362.0630573597082,314.9865311709802,410.00851190876176,463.0914785434934,418.8630145588837,420.7979373788704,397.55389990353785,383.6043888661124,295.3926751093075,301.27910147742364,338.44244711308056,400.65764031544927,434.7401138990308,400.5519152518579,472.9491796214794,455.53186893280724,397.29188619349213,415.36094521927623,370.1025018372949,405.1794459374208,410.6856987389028,397.41403605504877,350.831440231472,311.4506335447686,347.7988199161305,360.27118810606146,383.0304971714002,390.3347844255693,319.0814939132616,388.89593403166634,394.37813606761915,327.4224310477983,332.23214786790516,289.4735223298112,322.7545533538609,403.50033863804106,408.28912343774925,411.02523068480565,370.837426876692,427.92682239552494,370.93559915868144,364.27985001099955,402.7135399474152,297.9727503922021,413.84313555074533,327.1840018824212,348.40469347240946,317.3725280268785,360.0994617656373,327.7177171385837,318.51736365357874,404.96282856344067,330.2502645964875,401.386360798258,380.1221437286891,325.7554686447985,324.63698978501594,284.5684734157752,309.5601920130336,394.49593848933637,417.3172625122713,408.39936610970614,350.04558008135405,383.21622962952904,361.2832357486934,372.6245226201001,365.4544735377708,368.9998162168372,363.63413260026147,395.3565887124888,410.94881829236,409.7395369517573,362.43501538637275,404.82160134213467,399.7612502541014,407.2249172713876,387.4415977956879,408.6984818022498,404.3012490530286,374.1518186017987,368.93208406177007,406.28787920441425,400.0873989984175,358.36752893547816,405.6098833339351,360.6798677580152,371.67023085558355,397.25110695415896,425.44716719661375,376.3012602535099
photo_hand,362.44067083402194,417.05186062944387,468.5506268152233,416.79818591189235,356.7630365024262,362.0630573597082,0.0,340.9306020300119,417.05067922094526,453.6324460909615,452.62132305741994,403.9070682651055,390.30624482641184,384.405173229946,373.7090852629671,354.98607469490776,395.4799760553276,412.8627366274965,459.9688034876576,405.86011350250635,470.90872876771346,434.50142083603606,422.89197822326713,436.1147934809765,412.7462850570061,425.7810905180356,429.4236358254072,424.37830473115935,392.38361080752685,388.9650735051388,392.7450729285811,405.6509412312468,425.8799708409442,445.7504792326833,389.0969850797658,419.82075238807147,415.5708690544455,381.6554105368081,387.7161018999754,384.0112633249067,376.7216918554615,433.3226268787031,432.34733408085674,425.1678174143549,410.9020937872571,451.0592243065993,407.9882141714219,413.53679440235766,450.86804332303035,391.22111550051073,433.0322863372431,411.3131217534952,399.897496728816,398.0571061593442,389.48352578806885,383.32987989198114,392.20893700094433,435.2663838889421,402.89202843233625,430.19187161005755,419.70982141653855,388.5717755804195,403.7951614238635,374.4988188434348,389.2543393095922,429.6457288689942,449.9145326815454,431.3711925407061,401.0594309189817,425.87957970829035,408.3940978385,420.8121403166248,406.9039229559922,404.2415710163235,401.3261059263288,426.58312213190857,439.16784563824564,439.2866567542985,401.01584665268336,435.15706389141496,429.13699666516175,439.3476278636223,414.43458616608785,440.1907910283186,435.35331981167093,408.1386630432359,404.1575434338322,435.40811709039565,428.55260694980876,398.19738957442644,432.9336123221621,402.33055966227556,404.93368320409826,428.7506410596069,455.8088884911371,408.56461206512637
photo_legs,362.76878242650145,429.2824860956831,486.08860876653483,445.6031151690802,330.7693181218325,314.9865311709802,340.9306020300119,0.0,412.35498437121316,460.4809223443602,445.0903933916293,407.07906152684234,387.59853929978715,386.99493214403435,327.5975091159243,301.56798549080014,367.6192077107155,411.7544567197048,458.33742083737,409.6097877859162,483.9297992353494,455.16404806927386,419.1821088278044,434.8999153694792,380.4114166933016,421.12209984826137,422.2978130382465,422.83888241296916,361.45478461759444,363.1565540753232,376.29139595375824,376.53271594981004,407.9973766267042,432.1031573762925,368.17024186594006,408.1691224582141,417.4302475570181,353.8522731618943,369.8753765513454,335.9070003565826,343.4695305382873,424.4298272923647,431.93167169278274,426.9090174987429,396.98712356542467,449.2194311903464,391.2478115769665,397.2171327251137,429.2636653884474,331.72436452551773,424.2180296399985,369.4841652140937,369.9210231951317,351.9477463973323,387.0277428700742,335.7388314164442,339.5615874485967,428.84856885474716,379.92285699012496,417.6733697086196,385.51704979472834,353.10485316353197,368.24760598393226,331.22327294557226,352.55088292468923,415.1577014548385,438.91584175836783,421.37257203093634,379.39580340423646,403.4781930329027,385.5350564536218,400.71997879890563,386.3072675547551,387.35904987711444,383.79197575615814,414.31501205480504,428.1816294298525,427.3247684526842,382.53165035141933,422.4226655674019,419.1664798735977,427.6407746108727,405.0354051098474,430.14211292374085,423.6186220740006,394.9450867842352,390.2347845907864,423.8762568021965,416.59763272249444,377.7514144813691,422.54187184533913,381.59730357165836,391.6777785635831,417.92456287449573,445.10565098024085,396.1042387787163
photo_bird,430.99109410675874,451.1260341357548,428.63500541864414,415.9566906202799,390.39444654643034,410.00851190876176,417.05067922094526,412.35498437121316,0.0,418.5687526830082,399.30342998437317,337.69377518816606,420.9304488326342,422.8022249181964,405.63052611392857,392.7505836230929,410.20211352570516,323.3532165173136,396.18913886366647,370.5899169570265,421.02048797742935,467.8357709293116,390.8314884378135,465.1465801416918,395.2136664722739,419.4606534686868,357.9527471776345,379.8105407992697,409.8854110678739,399.3309952503084,413.9175442804263,428.9565085023976,327.54380773619897,413.94747425332866,406.975107765442,360.1186460302085,411.09212468370384,391.4816735011489,388.1749140422867,407.0257666501912,378.50832008439073,347.30989484413146,386.91415797114445,377.4998529065195,338.1268704025699,394.7338717978545,349.97443213045705,429.74425444369,438.2488787575514,396.05549996523615,367.3700676448193,416.68521446915236,412.22308735153126,410.56122821146135,434.62642119431223,405.87136475929105,395.35642355963245,414.54381750260245,406.8257842519646,359.4131390777902,433.6497827019146,392.0892016093095,411.14625237900043,403.1683664249644,397.67418201815207,334.2058925502946,397.72153507731656,384.77734309327747,424.69348313434625,436.055030828704,381.8313604619536,436.2831340580247,361.7397901482474,360.237362620102,352.8985951411294,354.0169684306211,371.0580914615704,372.4358787235644,357.7099622124271,373.42336981073436,360.0040629411792,370.42586885179804,355.0184769051081,370.0179280295322,364.561966746182,356.62363398149745,351.2594012527005,366.0076786767124,359.4535428908084,355.1597367948751,363.88855146792423,360.5031061721284,356.0686974334677,356.29177888351586,392.789416249299,359.0882234380327
photo_butterfly,469.68017664867205,466.6281340131146,454.8624465494261,452.8807997158728,441.4689884387178,463.0914785434934,453.6324460909615,460.4809223443602,418.5687526830082,0.0,480.55819544826153,436.3334929647847,456.06882467584546,468.58519404314245,472.6551407643426,468.64031754541486,485.33911852429503,438.047630229627,446.06953123697406,422.98149339524656,440.4457131929761,488.1703608638038,446.9700676729929,466.9747426689521,455.9981062791677,442.72586540790724,438.6139871517792,402.8643467986454,446.26410260819637,456.13916002115224,466.7957308795007,462.7779544716499,419.8674600918672,411.03083788277513,463.2888234262843,439.3454200195532,430.35496229420306,457.76502833296945,446.30333726752497,473.6800373131542,448.52220688092603,445.7894298428678,434.5783792335225,429.39136364736675,426.3264450117811,434.3648205218528,437.51804023962865,437.3113398526072,465.9393135186862,468.1763883214341,449.72026375785697,470.88307109006644,448.79578317723013,448.96771737855903,468.34034933799137,465.11111978071654,468.4847340416683,427.57606865427914,461.25551222535256,439.93573678861225,478.4839277302402,455.02858177763136,472.4807488037604,465.2133829712032,477.8642595274789,442.40823521338405,450.5941551050569,438.8712891061584,471.5030738065726,475.1492110764414,432.4490272222613,456.10338750402525,456.5438268137569,448.7738296808271,448.2870271611295,451.03325607935494,462.09431518308753,463.82994164721015,451.8505149167694,460.9752468161355,454.5381940335509,463.2417624699236,446.1601462375735,464.0226331394021,459.1216050442769,446.2596937701293,446.5814761817003,459.0737998525113,454.0988647280566,450.6578831443605,457.18851365409927,454.2352928577272,450.0346775129095,452.8505228537415,480.1138361619439,452.4911055151615
photo_girafe,462.28004168708145,478.52545591142643,483.0510910320883,466.6710202822327,434.41325998688393,418.8630145588837,452.62132305741994,445.0903933916293,399.30342998437317,480.55819544826153,0.0,442.47303842319684,464.0014818725128,453.85200784158303,424.77927701939416,427.87439608899075,442.2068708117818,414.7454865352004,447.7161603128419,439.22456176702127,476.3664825311425,478.81953725027466,446.24407888114854,474.1172087079592,435.0616062734198,454.7632683328449,434.1597175099777,432.3202551513096,436.79704952950175,430.2639324181667,435.42719340383184,442.9572662527526,433.99506140154324,439.3652787806079,409.92440579279497,433.4863670745921,442.36458861412564,425.4587911155938,429.7063828190562,431.89085813212097,425.35351852463316,433.09736419367596,433.58079574704016,433.64922814803913,419.6142102456308,451.1864992912748,426.4063024899452,443.09359935511236,454.30299561654084,429.9001531099344,445.55293561206986,430.92564083965203,441.41610407472604,426.72311899195023,451.68583912694,430.1005818124272,449.96865427687413,459.9041895625497,412.4712702215651,437.5811246749763,453.7846221067153,433.1091359698363,432.6623934835103,427.5303197129539,437.75445194173807,427.6455480235432,442.0985837114557,438.77157183357446,442.8837503042384,456.32233980406346,418.177918885784,448.0465674226269,437.17464779928076,433.9389500401486,431.86230775907995,439.59412852915204,445.2222552626097,444.73862351834873,433.4386605632433,447.9163227979594,442.2714347846719,440.61909328550485,438.1092307894297,445.1529399246325,441.6238690146706,435.2489081876437,430.336537378833,443.59129892192834,436.38223079988063,431.6863516207135,440.93700422966253,435.90268640825667,432.35854491553914,434.83921182663664,464.7567707186586,433.3590994423122
photo_fish,434.50463553752195,466.9662420346057,439.257097166767,449.0214735166734,398.59462905390177,420.7979373788704,403.9070682651055,407.07906152684234,337.69377518816606,436.3334929647847,442.47303842319684,0.0,422.8210839568873,423.9722414706335,415.2057885588715,386.8226117010482,422.66097855893895,328.65043529438077,399.0699296047912,364.04307201061926,436.1773548696294,474.2219775397249,397.9593895164744,472.2153058932537,417.7888918422964,440.16404988941144,349.9179218116523,412.11958026060705,429.0644726092362,422.4792957534285,433.3944174943318,447.97124381227735,379.3782205079942,440.8588717910395,421.9547448427215,345.57692965260946,416.84385294215156,410.0616098630945,413.1042276631974,417.13853706062724,390.03264813697854,355.8794761772916,379.51764842993884,389.5550695215813,344.96621541495654,410.16102382518005,350.20504206986476,445.4091277052478,455.9706167180714,405.05751511794017,362.97435476590454,434.003703271476,434.24991317824635,430.151281007916,447.75846415872746,417.1828933833961,407.2886126407525,441.45687314537923,419.1617888522211,342.5996390875871,442.95279431898854,402.66554319713055,431.6380280520673,415.9990038693391,411.58060517003776,353.6448844712477,403.4802647765566,397.05645131863895,433.4218445589463,448.1551087748242,391.7841125028546,455.7784904846277,365.65832338350407,363.0534836392962,354.3856444313492,363.32603764585144,362.5695983508439,370.52293824560905,357.6083196306627,362.9762362231535,352.548479907924,374.462730415842,353.10949070909885,369.85009585196167,359.1264444104422,354.8934589642762,355.8906240517882,359.61217200796335,361.03294573603756,359.3059973323858,357.0110604664527,363.11501235300665,359.65989446038424,356.8667564360603,390.46088301644136,360.10165727373294
photo_cherry,414.97217502228096,447.8244263861667,481.76130669752877,454.91162726564653,365.8008178824893,397.55389990353785,390.30624482641184,387.59853929978715,420.9304488326342,456.06882467584546,464.0014818725128,422.8210839568873,0.0,395.1605238490524,409.0822887839957,389.85182039533504,419.83393451741193,418.76789621979356,446.4524458796697,406.79660049430674,487.2552090299401,468.0028264061434,406.30210550350336,453.2117452949795,417.3580321774496,430.79466093076405,426.92808372331274,438.3255260274059,393.3506207964374,417.50009996329175,421.92520650913815,410.9747812136298,422.02733065342255,441.8273424901377,395.17686844572233,413.32823334536016,416.5882424655888,394.49903755239586,419.39474213345693,397.9159147648255,386.1760572304419,430.3767988773625,417.77073697598826,422.205912605712,416.7565751445382,440.21948085422906,399.157290671854,425.1534889762002,452.2242769819155,408.32401483476923,432.9082079361573,427.59877477071194,408.67249824238166,413.6356122892859,424.012144899905,387.6542269285137,401.39206868299163,430.0606784712161,401.48681063952216,428.7916677207447,402.1341784274491,390.20015681963565,424.52663757240055,396.511857637561,405.34528960899394,423.7255462905031,439.4665754394391,422.6469954178565,404.6176588108056,429.1322947386599,413.04047850842494,434.2937419703888,408.75076070307614,406.9321805766465,401.34756849829006,427.1728775354329,436.18585603764245,436.27385864924736,400.77946783100236,429.695142911775,424.7012761139238,440.29592618195596,414.20287492931897,438.0092476067416,431.93434110476034,408.14839924759525,404.5122841058281,431.47488901518074,425.993170644027,399.8433503976147,429.4323051945255,405.80323650552697,407.6381245268557,428.7027944532315,456.97589972135694,410.4127775296641
photo_tree,388.21314929856413,433.3681469826281,498.1677129088818,458.02537242008407,370.04061198539574,383.6043888661124,384.405173229946,386.99493214403435,422.8022249181964,468.58519404314245,453.85200784158303,423.9722414706335,395.1605238490524,0.0,380.32408273969725,369.85494850001027,364.3971580262944,415.9924772403483,459.2411054708666,418.63977046691974,484.0997941076513,428.76320527947007,386.6261922105949,430.6278964354833,405.7788432675718,432.73461656443277,434.2891188092175,428.25398414440605,373.20695028757876,389.52307640044364,415.96733229817676,396.9783758216235,411.64691825794534,444.43933304243785,376.788153519557,414.83764379035756,424.34995360070195,338.6669168395052,402.10288942000557,379.33033736024464,365.3899682512197,434.54462275541636,431.17537622790786,424.007884718092,416.0837788045612,443.8606582288067,393.803235128552,409.9098095588981,448.2371535861988,386.4835930232107,444.13224726415916,417.60755757421924,396.0172335742037,400.2082201591611,402.640050993856,376.8664653210987,388.71139576237283,447.62230099026823,396.66836975811646,436.2584272772507,410.2838535223611,369.4803322263675,407.26959072083105,384.4386208634274,382.4565285057403,429.8901821963678,451.72522603085315,441.23086660736783,392.83499665191465,412.94120667643597,412.59291880633396,418.9049662873804,395.9891194782003,399.78031910901746,396.0598359520326,425.4454422702016,440.28593278410807,441.1769789739899,394.1427348932004,434.7486015648799,428.3887187895125,441.1537881539659,412.7707186829749,439.2707939676457,432.7477188485922,405.5854138095569,401.11035442735664,434.4373312179984,431.23325889211094,390.89215515430175,434.50014983427985,397.185947821806,404.0477558735523,429.25489623161275,458.1258239074505,410.2971450450046
photo_flower,388.92819476425564,453.71433954561184,493.5543059253058,464.55382137521923,341.84785080336667,295.3926751093075,373.7090852629671,327.5975091159243,405.63052611392857,472.6551407643426,424.77927701939416,415.2057885588715,409.0822887839957,380.32408273969725,0.0,285.2720110885131,328.81006602381365,399.1072204240877,442.2522708877484,405.1046794212135,482.07588117461063,466.57327643360185,408.69319367148876,452.02958967530145,366.4891543240383,414.86385915371983,407.77301281253665,405.3863653533223,352.666335143259,321.84236963676904,353.9143182198388,379.6046643248658,383.3369557874411,415.3129784997426,334.24210197750784,387.08014151295447,401.45918497144066,322.09066637626523,334.24216608470846,280.17295014534784,325.2462991938864,401.83076973095604,409.24828584246256,415.51036134895526,372.53654843860016,437.43050827977345,370.8082952616982,399.88461712381655,412.6540321462006,292.5728149671491,411.8694622443088,341.15097436830695,355.3995491719732,331.64202051431545,372.5366128818984,331.9776087689301,323.3676946482169,417.0976181979262,348.8726397967009,402.52508420918514,378.8795130959666,323.24108529362906,318.2992780894064,274.49697059308187,313.9303965258055,393.7184228348098,419.100500775326,411.6810651230497,350.6829465669633,394.0590876758489,360.74586300838644,395.6523324823337,359.5399610596928,364.29315403770505,357.8288319929743,391.0093658445646,406.62675826063696,404.9895340976517,358.27802482858095,400.38513319941444,395.66724398539816,406.59792591270565,381.8649949161899,405.74188514237227,399.7925947296533,367.963576003825,366.3136862109402,400.95336432597816,393.81954039150133,352.23259789011587,401.372808807355,356.0106658050933,365.89008029406796,392.5552433040345,420.42419164537165,372.0715857295317
photo_carrot,388.5084864476579,454.45713173214403,484.4773452647921,462.43035825984623,338.4767169184762,301.27910147742364,354.98607469490776,301.56798549080014,392.7505836230929,468.64031754541486,427.87439608899075,386.8226117010482,389.85182039533504,369.85494850001027,285.2720110885131,0.0,318.37656194447356,385.99514729814473,437.48322789436247,399.773914676157,480.44577144937796,466.8537029323179,396.2536537297277,453.6574639676928,377.13948381131723,420.38218267973417,397.6282869865105,412.14720394493435,357.6211340795352,319.5563703681973,360.43693065435366,378.1706386103696,387.3835290217437,421.7058555000078,335.7903049144429,383.83843367084614,408.7031719832356,326.8438538217411,346.4940997358302,255.4323002014318,322.83210745399265,391.1545783209456,407.0854057269382,414.86181325277596,364.12284460289465,433.89652971824944,362.0204883425579,407.956957914095,423.42138314662293,297.1557038764165,400.700385308939,359.3048409060226,360.98366148012946,331.2460984093623,376.4140781811438,322.7750490997018,309.2989765302251,417.6188557839972,340.9310008113993,394.58006326082204,371.90077608661505,312.58073144376317,329.9859203441971,258.9105161910297,293.75422494886516,380.6161777323076,411.73794101028864,409.1938051784211,358.03700139219694,394.6109701512033,366.93315468822357,401.71933839706213,348.1886930518989,356.1250635185762,349.3743996081809,382.8091532031671,398.307615131241,396.2718252318251,346.77138812968406,391.38702534046683,386.6350664441674,397.83965234701964,374.56894226465664,398.2518259298982,392.0433469273683,360.57168244789807,354.6569957317483,393.33336540766044,386.53863497580215,343.56035480172574,392.65936980773336,344.7927406651946,355.7675927530067,384.7834288699687,412.9354107037532,360.8510797712964
photo_watch,400.3560719413052,465.08993677882324,505.74706652973083,478.53503142562835,366.90332630238026,338.44244711308056,395.4799760553276,367.6192077107155,410.20211352570516,485.33911852429503,442.2068708117818,422.66097855893895,419.83393451741193,364.3971580262944,328.81006602381365,318.37656194447356,0.0,400.8483483249753,443.61945452785864,411.2911892453322,491.53073471159746,469.90664878542924,390.6525536903127,457.2170351549199,371.49307267367624,416.54080018119055,407.3072931313886,411.00914280485483,354.45291870195695,323.9487760479998,377.30361959955314,386.75951822152456,378.428258573434,431.46705430288057,340.1541456289213,381.65403999137624,409.4780473652429,305.84152394344875,352.1385060228644,300.60079238389363,314.88191056406345,397.05084403559124,410.68391309380723,417.81736628031393,378.5824395182462,429.51696447662596,360.7772556968648,399.088504355714,431.75869057356255,317.1826270545172,407.5501477013984,373.4390984281928,367.1364549900974,355.3494174292243,378.6679276292279,338.30135230914027,327.33499925992,427.5951412001995,353.6729633701151,400.81176989862337,386.2965241860139,318.52726948614696,332.29812479012656,314.15292646982226,289.9129432591256,389.0847894532869,425.56387006364486,414.1986942261159,373.36638742660733,384.0187199051547,378.6433568289743,394.1489086398045,351.4971071819201,355.4750308961274,351.0684155275735,382.4491924900794,402.05396672842426,399.4286840324172,351.2468298917859,395.16144703006063,388.46022782030076,399.1417976793726,374.57738303031664,396.7969531034495,392.3407819197412,364.08156519106353,358.7205679920216,393.44722542999676,386.12883582515013,340.9786752465735,395.19664531044594,348.9991181706275,359.92034204703594,384.5494824494056,418.3863995795387,366.7054097096429
photo_key,436.68885520808163,458.25980003142683,431.0442794613178,450.6359702525425,387.8673602787263,400.65764031544927,412.8627366274965,411.7544567197048,323.3532165173136,438.047630229627,414.7454865352004,328.65043529438077,418.76789621979356,415.9924772403483,399.1072204240877,385.99514729814473,400.8483483249753,0.0,363.8792162035694,346.13373601091837,423.6706412041431,459.12781207505645,380.6300709701489,459.1631102137882,391.960128484766,404.21823466613534,284.0895196171649,383.8106849786302,403.5823029093796,391.7156562321896,398.7899768076382,418.91288770812497,334.9081129269781,406.38483850382494,392.25750799024814,319.2387907982095,384.61910446059215,380.47397666579326,376.2256342598676,387.7894534536932,365.86847510241466,244.50428916714603,347.39919359553875,351.31284950254576,303.53287184854673,365.665997488536,311.03424245414794,418.0465290416707,413.5579820362901,375.1425686346235,304.64425764656437,405.290162169106,406.1179841828969,403.1301954329127,413.55048459877156,386.9242099422869,370.017894823385,408.4952201675099,381.83002655889413,321.4127477759368,415.6499437600915,375.10320916183616,401.17050702694996,383.92831794005565,377.5563291019052,243.99783549931556,350.30208711576734,360.8613504802776,398.1039955776065,410.6954980816202,358.4198330740913,421.050287445412,313.4451796790339,307.9792415462862,301.93282024966726,297.15103677573796,294.06582335542987,297.0504506372071,305.7076455338917,301.3283762245794,287.7447621482661,314.30610873075,301.63106641355876,306.18569584013704,286.3683160108662,299.2801041211544,301.7244381579789,288.594098169311,287.5897065518895,310.67466735287474,288.18942809944593,313.9155684636714,300.385153501697,291.71371382244155,334.5920747058818,296.84870246000264
photo_truck,463.1167462921488,479.74097813371844,440.6154434731383,465.75925053363363,424.40824230623394,434.7401138990308,459.9688034876576,458.33742083737,396.18913886366647,446.06953123697406,447.7161603128419,399.0699296047912,446.4524458796697,459.2411054708666,442.2522708877484,437.48322789436247,443.61945452785864,363.8792162035694,0.0,372.8810328883669,428.3932508330251,467.76962027924765,394.58777616616527,472.59220111673386,405.1112914300876,422.2681873444787,353.46859940680315,383.5681953834646,429.2859714302727,418.7149148419061,427.2608495153718,438.8485583696932,372.82846850076476,416.1493940349446,424.6036614707178,357.29055855754444,402.97860198547113,412.27490946096174,413.55859409378206,425.09394741176357,403.7828959524672,358.93077042196757,301.1960109044785,356.0012532933906,361.2573820180968,360.8288128175646,353.5285353567773,425.4605222631805,421.97111227634673,412.68956527044554,379.7910830630493,429.2636779443944,418.76254523903907,421.8130845047303,438.354688748751,423.62222580834435,419.08040855549814,417.86090414817534,413.8315946516871,350.76516091738887,437.43516804018543,405.595553188916,431.47826285461883,422.60571510667745,424.29029417318463,360.2494969969398,289.28033280415633,357.70254738524966,430.5414516607736,430.97418812096447,387.42036954310436,438.0459094186706,389.1303582349147,383.55328060381953,382.34099888690963,383.37574258368966,370.31394999709465,374.65541082806686,381.93611564051633,377.31565222255324,370.3951737181328,386.85186667492974,381.17260039130383,377.3040568528031,371.9417525081662,381.4564955012605,376.93031691551755,375.9441628345203,377.90764200587586,386.5009174206782,369.74603994425144,390.5658627121041,386.61946995703534,374.73453106169114,398.79630952232037,383.02066558914464
photo_velo,428.9090486945568,459.00827802211165,445.03558649160044,450.5036425165917,377.17921757299945,400.5519152518579,405.86011350250635,409.6097877859162,370.5899169570265,422.98149339524656,439.22456176702127,364.04307201061926,406.79660049430674,418.63977046691974,405.1046794212135,399.773914676157,411.2911892453322,346.13373601091837,372.8810328883669,0.0,434.440755836171,461.68381849627934,362.87417558207545,437.2830763151773,362.439786464687,397.10124966175795,343.0112078654138,374.2650992160299,382.2286051939462,396.55679913199964,400.75906594599377,404.2108625076803,354.80668933474743,393.2707829846623,391.5315649310653,325.17040090683264,365.070240199109,371.6729724450287,386.41651083321403,394.89368965880027,359.6875863510451,346.6430485180069,333.4082135879673,290.06779856448526,337.0076240096468,360.2119874306419,321.27843930894966,396.6598575517503,406.9522911554464,382.26666999818366,348.02722313569467,403.98606157714875,383.9887971733546,390.0481468689478,405.5696012886515,388.29171792487887,387.41743752766104,407.8598451589859,391.7114016770133,339.3583478114547,406.7615415893603,370.6782130888835,399.270396958134,389.0898424345909,392.2933571477334,345.49744851119937,356.1312868831125,290.192469490891,396.8592078989794,410.2291948439296,348.6685047139603,407.1782934606536,360.369151756357,352.7096608355111,350.5145784893889,359.37846969858424,361.41052348999824,361.2939498328716,353.86817119184485,354.7270459101282,351.70585922378206,371.2811772467945,347.46144026489435,365.37331077083473,353.65421174687685,351.58746080078174,349.96244259209783,352.8305308311924,356.522948453232,353.65329670883364,350.16761364738664,357.53941666466534,353.0341072611791,354.8827109608595,389.50317219877866,352.93138220729196
photo_road,488.71730723302073,486.35368603277243,393.6475751742789,445.9606280601421,454.9946132510424,472.9491796214794,470.90872876771346,483.9297992353494,421.02048797742935,440.4457131929761,476.3664825311425,436.1773548696294,487.2552090299401,484.0997941076513,482.07588117461063,480.44577144937796,491.53073471159746,423.6706412041431,428.3932508330251,434.440755836171,0.0,482.01979819150296,428.2985126140958,469.60531631727844,461.44302144765606,478.27877057035124,433.8411562316304,434.7512648450175,477.6364863655756,469.0973272606636,483.6792330166157,489.77928667715395,439.1326129197141,444.9808600155746,481.0923868843584,438.0092381032963,444.5853655674822,462.2199264672943,460.32941745302844,486.7636469368522,463.9699354338638,445.353669922713,436.1940941629041,415.8356907496313,410.31832921646014,421.23268474244827,436.5198834117339,469.26887724091665,483.00014227390204,476.49396985331424,455.73293027049215,492.40825941287886,473.67774000515004,480.0154318247184,497.71353016455384,485.8368230973203,481.68020393328726,456.1207965275919,483.5314228694731,437.0172610778908,494.22479984131803,467.308001675016,483.6663861361609,480.3358789886182,484.42646937866186,442.84980553684164,444.73975903403095,441.6169405394262,491.036226158488,497.9498003309191,446.5830539774035,488.4298681352278,471.52047100487954,464.45850369804145,463.7187327949743,460.3676775341782,459.4094316134236,457.161985250317,466.29893229647445,462.12058498117335,460.78064793757915,459.98478951139435,462.30228935324357,459.1309348810372,456.3006101139982,463.2900143955887,462.3630770336453,460.15683097910227,457.89699855989846,467.58774380004536,455.5346180524694,470.8160237834813,467.379753527394,455.8830453406406,480.1113341605237,466.1597483220447
photo_house,435.43971308851013,425.6730098982513,493.5019339517201,447.25233162987877,450.04317497207313,455.53186893280724,434.50142083603606,455.16404806927386,467.8357709293116,488.1703608638038,478.81953725027466,474.2219775397249,468.0028264061434,428.76320527947007,466.57327643360185,466.8537029323179,469.90664878542924,459.12781207505645,467.76962027924765,461.68381849627934,482.01979819150296,0.0,462.1702769696158,464.19837685878093,459.05004447026835,457.23622476050025,476.0524014025282,455.84851898236917,456.2743283675889,450.59482793753784,468.4588754836243,452.72505363268573,467.2487223557479,477.7947152904117,455.2312053683729,469.0115404693531,449.7491243121925,441.02450037119013,448.37490144149314,468.62374734373975,456.0467512844401,478.75501867128384,460.2356167837367,454.25611148894507,460.5902036822147,456.9050469477499,461.032915895312,451.4800827318808,467.4417784579332,466.67781541072594,494.28077929432794,477.1485141003825,454.31431297733405,471.07648365729705,456.91023263060094,468.90229685403386,468.33357985903456,484.30549428076574,466.17086086044515,473.4574109493514,472.9964245296395,462.88874480809767,474.3536113732061,470.34502207691605,472.78960493368646,477.6051568964806,474.9547169045326,475.73485464957594,461.2854149096673,442.03721146049276,467.3150245556728,468.1472790825292,479.8200124397875,472.8882638055095,474.860820398958,482.756529390836,488.29064696211276,487.8942267039071,473.0603677420636,488.08244218807727,483.4830127052688,493.5951098667986,477.12207573013177,491.85386281585454,486.5439062487375,473.2198921161834,470.67163898356915,488.8796128390255,484.6976652001756,476.57681975570483,482.98254470282205,479.6203257041276,478.22556799956214,482.1895663003509,509.7615945825167,475.7837069056639
