,photo_face,photo_profil,photo_eyes,photo_face2,photo_walking,photo_standing,photo_hand,photo_legs,photo_bird,photo_butterfly,photo_girafe,photo_fish,photo_cherry,photo_tree,photo_flower,photo_carrot,photo_watch,photo_key,photo_truck,photo_velo,photo_road,photo_house,photo_mountain,photo_windmill,drawing_face,drawing_profil,drawing_eyes,drawing_face2,drawing_walking,drawing_standing,drawing_hand,drawing_legs,drawing_bird,drawing_butterfly,drawing_girafe,drawing_fish,drawing_cherry,drawing_tree,drawing_flower,drawing_carrot,drawing_watch,drawing_key,drawing_truck,drawing_velo,drawing_road,drawing_house,drawing_mountain,drawing_windmill,geo_face,geo_profil,geo_eyes,geo_face2,geo_walking,geo_standing,geo_hand,geo_legs,geo_bird,geo_butterfly,geo_girafe,geo_fish,geo_cherry,geo_tree,geo_flower,geo_carrot,geo_watch,geo_key,geo_truck,geo_velo,geo_road,geo_house,geo_mountain,geo_windmill,word_face,word_profil,word_eyes,word_face2,word_walking,word_standing,word_hand,word_legs,word_bird,word_butterfly,word_girafe,word_fish,word_cherry,word_tree,word_flower,word_carrot,word_watch,word_key,word_truck,word_velo,word_road,word_house,word_mountain,word_windmill
photo_face,0.0,5604.935387382971,6267.87031865009,6020.3242638771035,4705.089943092963,3153.033835279359,3289.555098770701,3250.80477171828,6065.664359965961,5888.772447995712,6210.4150233689825,5709.656065655378,3804.661277804901,3041.8817981211164,3731.374596518296,3772.431140393191,2073.936763339572,6296.23693082845,6115.7035793278765,5100.012737168556,6043.954724997642,6532.841633927199,5251.38639969966,5591.979179671702,4005.1359787003666,5514.137019367509,6756.009131565849,5999.334854636304,4526.311863501759,2768.262497402276,2769.3939844536526,3974.687110927036,5794.701442524298,6002.18038274342,3920.831198874759,5701.571292597781,4504.447306858064,2427.1323353411935,3014.5893692668055,3891.8315972625537,3913.33120902187,6471.096326736133,5588.243467017286,5513.614351940501,6119.690398815805,6149.1726470408885,5374.95601148429,3943.19410644753,5572.462533427363,4298.746917832286,6437.654660435221,3062.703483151886,3520.2202135535895,4373.5174107343555,2832.498284716718,4240.525298505049,3885.887988257209,5632.963671979203,3757.130681535798,6093.2387969700785,5143.502791428549,2804.9577046796976,2974.407957672859,3938.1722230043647,3662.834626348442,6420.740060053324,6473.088562400469,5787.883560461392,3512.933069643365,3954.692768242083,5013.0434641423835,3498.1855015926585,5349.459757758876,5728.941037038838,5388.080291234666,6405.763055211176,6598.468009757119,6597.005604264039,5209.716955781358,6271.206637291622,6464.065978509095,6596.248109114491,6061.544472572819,6479.71777343861,6499.882351890624,5917.373181704289,5984.540827354004,6553.383738704291,6611.4345280667085,5219.130929483961,6434.997567638474,5326.838107229869,5988.981724232459,6515.59672852451,6483.951181485912,6068.5570543170215
photo_profil,5604.935387382971,0.0,6713.1959814237725,6591.605904537189,6403.352886032511,6125.371072395178,4824.942375847196,6033.053007498185,6594.73472885854,6116.13868552109,6305.943608361721,6708.251065564688,5714.728754170666,5346.2175011047675,6472.763114217187,6567.184874488601,5739.583447194722,6737.512256873745,6688.845036197278,5999.735810355168,6775.872120323403,4736.275497387174,6339.008258599601,4527.744622241798,6536.913861597508,5253.127306527968,7228.338533934259,6373.505235580232,6128.857358257367,5440.294194579636,5990.732270163896,4490.715357950461,6393.8315723051865,5914.765373937518,5948.62240053662,6614.318125352149,5719.406105626009,5751.146503544998,5765.362651369572,6567.416456852223,6582.596114038041,6963.32308821066,6616.180626272964,6327.007886735005,6684.495221524987,6528.092605544302,6561.292152443367,5279.966564338752,4971.568393786067,6388.622662488784,6918.091321969625,5910.873749042843,6138.195305389873,6426.645665112597,5706.466853867733,6384.641190079575,6284.97710648272,5717.998763072384,6145.5143421865105,6562.496827476786,6130.667531361729,5948.828061748823,6090.319149012913,6622.39275431513,6446.287812859708,6915.999546723624,6950.898023878301,6745.908085293919,5893.332738979824,3882.082697922347,6323.405820632532,5094.219533881469,7141.413967471577,7075.712341133676,7201.56810489429,6929.187850376815,7096.222353966479,7101.491750698054,7180.961471238236,7049.450326443349,6983.508567506712,7113.495011574827,7032.176265334418,7002.7493699765855,7010.4026748458045,7021.281543372929,7042.466330980048,7059.32460540145,7124.825520002866,7151.363684362084,6939.229317938043,7120.862517071416,7059.661866357969,7036.9123520645135,7009.264893329841,7048.68680423979
photo_eyes,6267.87031865009,6713.1959814237725,0.0,2082.429564179336,4732.203031396175,5745.3063749459125,5538.433111914902,6565.129831333355,2869.9508402962633,2925.5082212710536,5666.1576853482875,3447.330666654638,4667.444760303619,6724.261253740503,5984.745505563088,6629.901231051647,5961.815005378688,2976.385484735478,2348.625718296635,3670.2830165319547,1876.0699730437877,6795.302689444488,3541.316362824126,6159.3305576818175,5305.6775436903,4757.459640355743,3805.0203575827463,2406.485619011361,5780.155917228076,5652.803260710098,5616.768584416312,6765.1030791517915,3036.4886675848365,2620.7408829598844,6387.838959585112,3266.831651493295,4018.326573118255,5712.177017564707,5230.118809347014,6431.297220130035,5292.484375594551,3207.1176423388306,3375.149441410756,3145.33136067763,2227.74705276189,2570.6587663500386,3632.0655364547492,5599.485289672637,5371.316368920108,5594.964678164363,3608.8104530650703,6125.639913257855,5184.2262740502365,5791.771081763159,6561.093299429716,6089.368587594188,5731.786622446452,3139.892166900831,5789.993108098122,2862.4407446634063,6279.397917888464,6151.886295171117,6076.135425401317,6593.279480582673,6423.405109295989,3196.3440664995182,3462.8493760949477,3731.0970654720504,6532.473587578234,6067.426202100055,4616.655885893853,6245.56769897433,4752.178081676993,4549.418865732869,4534.341498257914,3610.4347650976993,3894.612615358508,3965.2633693672333,4805.844557558773,4055.8905317682784,3964.4975178557,3807.009351384243,4139.178271038508,3638.4786773686965,3943.260973141705,4286.390040950125,4267.912244475823,3976.6238922926545,3854.0761272344494,4729.932770284725,3867.0538257344606,4723.356907530258,4444.273801986111,3704.646168774722,3694.0883583122086,4380.330594799076
photo_face2,6020.3242638771035,6591.605904537189,2082.429564179336,0.0,4502.279356433086,5497.754902981071,5456.566285002139,6400.901928929421,2450.100727343749,2926.6158621065497,5442.263286511357,3554.0319483825538,4711.571284648455,6656.938964983296,5812.0884850298235,6498.922350589555,5717.494668845566,3057.7418990864044,2349.0529880293957,3572.9815863573112,1690.31925948346,6829.834768318268,3264.3005767782024,5983.9384025162635,5116.818382043797,4788.748302014271,3755.619089333554,2371.2775491379066,5598.444363121188,5537.0827500639925,5434.885451581374,6601.619509330867,2699.6559244188325,2707.061318913901,6183.614569857216,3177.49133925973,3834.939056427788,5472.300072661409,4961.005335948955,6285.711989110173,5109.761109062781,3217.685458333496,3229.4029692325457,2766.080185305274,2380.785484605012,2719.862452674402,3502.3254955029347,5546.913064008289,5431.43481591747,5423.466385751464,3414.4552168144946,5911.139855423749,4988.404887829612,5612.303812124498,6362.260868585184,5933.261740763292,5559.6402990748,3173.452168583102,5586.683188096672,2763.184835629749,6120.523096174171,5993.910254882223,5901.70284893836,6451.903047146194,6290.223334813855,3093.3797250950984,3264.096226966661,3496.1076073223617,6377.388958330109,6121.878553963864,4412.089528369478,6209.458273426028,4589.019599103089,4381.084455825682,4379.713195107595,3395.2880492757963,3709.103077633151,3784.315230930031,4642.849631818215,3884.0423217831294,3776.150404845044,3630.8141612443014,3961.270204604299,3435.059631178973,3766.0643100198877,4113.51618311896,4098.885964895466,3800.101704202121,3687.21780591342,4568.67400182899,3692.257018530187,4559.791079399057,4277.537635871784,3522.9988184014865,3496.6994693920346,4215.0669117156
photo_walking,4705.089943092963,6403.352886032511,4732.203031396175,4502.279356433086,0.0,3321.303985916269,4779.071362717793,3875.8506570339423,4543.753695588799,4810.454167635373,5801.726304157746,3866.5227745819143,3479.8439807887057,5044.849168909626,3230.673516592618,3991.8742820875495,3913.9843095813076,4640.809136065878,4596.755016372793,3681.3983277781244,4570.640082231696,6594.638339262854,2910.2389360428706,6313.377144760047,3479.8706832361095,5342.836466983909,5050.689347831989,4555.2231002917,3443.94621591952,5060.830452359177,4042.455022877122,5100.28035591264,4258.164455793006,4429.727691967332,4849.483071505368,3671.4797853396944,3091.2026716203545,3732.1329334430106,4437.683679355552,3825.006235293002,2687.361466846861,4672.106257093621,3556.9229432967454,3879.8201879866124,4510.999415425939,4542.0766981656325,3271.217025037576,4706.007998142605,6084.180953360197,2774.758204596991,4595.338417262243,4465.514155710198,3261.611634198294,3789.6331895744092,4455.519481070845,3738.565095806229,2917.166719019278,4139.053897213914,4270.516579680752,4186.974242452286,3526.0262013909046,3843.7235411484876,3950.337956432195,3961.3208952478576,3769.219741716229,4589.323303862727,4658.221430611571,3756.1183422527856,4771.035088303122,5252.130470809402,3388.805662540444,4828.669034182999,3994.7853416913304,3812.062542334453,4017.5817129534967,4528.470529461199,4786.294986154142,4788.463054095164,3969.481542953298,4372.811522785735,4622.389474875617,4779.416205957952,4107.296385873437,4626.5536528868015,4670.620241965294,3972.1338838075717,4021.6014225309827,4736.013167714293,4810.375140924062,3832.1159989921543,4595.913568277952,3955.8798637167415,4045.915587350799,4683.5292832595205,4622.611741527273,4141.546854080101
photo_standing,3153.033835279359,6125.371072395178,5745.3063749459125,5497.754902981071,3321.303985916269,0.0,4046.500528941605,2505.7934873839345,5574.110349627791,5596.574847487157,5863.84468294138,5259.432214582438,3970.9260186764373,3734.5919905404494,2677.8857352720547,2356.308429598607,2336.5100403265137,5747.5025818725035,5597.160151787974,4923.424844996786,5517.39474453868,6489.161407101404,4585.956440440784,5667.756646976873,4329.630994660194,5404.931940447492,6116.5489007162605,5519.761819484993,4194.988279906679,3607.347584656675,3526.706123277905,4484.8011802983,5277.836478729071,5401.689839133464,3444.073480667328,5123.46305554422,4441.606040610084,2323.9596872460043,3713.5430858668974,2303.466965821427,3377.632170326205,5808.954071252537,5016.864995538846,5129.030205907827,5556.536539229484,5638.415541108532,4806.4838194175245,3766.498362265002,5503.950377232605,2996.4818224048904,5763.454184570691,2879.743838444711,3910.7268530307515,4000.2531955402796,3152.9377278116754,4058.9090825236444,2799.2039833769795,5189.333910603119,3042.1293221029414,5513.16949569341,4566.871617396955,2687.3894818647987,2426.394659990476,2419.2326858334623,2331.3357406317277,5744.153083902861,5806.8347874612655,5173.195525243627,3901.436952470724,4529.164150869024,4641.520158767209,3674.1076073825707,4697.951758958203,5000.789771315529,4771.287195381974,5681.5344726554285,5893.688178801373,5891.613604164917,4645.295674379967,5553.101594340081,5758.132218124146,5886.884310161769,5355.672859262801,5768.830604685275,5802.21440785355,5189.504888104101,5245.883339906464,5855.726785893078,5905.23332694288,4628.138547540419,5760.598689820116,4700.4069511353255,5245.885100037451,5808.4201324621545,5768.442093918922,5343.4903078349535
photo_hand,3289.555098770701,4824.942375847196,5538.433111914902,5456.566285002139,4779.071362717793,4046.500528941605,0.0,4555.480251919854,5538.337528818324,5285.546031236725,6433.54769012081,4960.281754556256,3624.77476121991,4241.087988014284,4850.600153876765,4972.957183274372,3389.4626732410675,5674.836518598889,5441.844743962331,4289.622046344711,5359.229696208728,6015.818756003249,4640.311612413629,4931.194807051251,4896.766300405772,4713.586973415607,6274.002257941353,5448.857067037052,5570.108247778315,3516.2227513158127,4359.713316303752,4325.422558042925,5478.793826331055,5492.827155558951,5136.4893578293195,5084.265608538815,3579.0333941063177,3414.688601281203,3855.6424288117205,4935.539809684355,5017.308317245563,5936.914703528834,4980.920235935494,4890.008789016718,5410.520479458313,5477.053074460741,4870.260116551821,4360.001229072518,4993.226947470143,4697.48523734509,5995.5601651945435,4561.557098301325,4473.800511325076,5474.277470065442,4368.553397144814,5370.451742045365,4550.441164675481,5050.369551973386,4802.891473838205,5529.181962103152,5581.437062722882,4119.562367875236,4293.436323435376,5038.552194216698,4752.040046488124,5929.897256482386,6032.885683724674,5280.651857619514,4818.706144982408,3570.7911623821533,4615.432672221576,4198.814978374402,5682.747770843027,5591.6367326714,5727.796233961133,5974.465310021552,6177.399433623042,6177.544757481711,5752.898431397575,5820.447729610732,6031.012974697473,6171.098596008805,5595.798430866057,6052.713856547885,6067.196912737958,5480.284365830594,5528.142564461153,6124.929896950126,6182.692356821516,5696.805656187686,5986.475150440563,5674.920228520768,5576.133507038998,6081.207726596589,6047.835833590882,5611.515528182818
photo_legs,3250.80477171828,6033.053007498185,6565.129831333355,6400.901928929421,3875.8506570339423,2505.7934873839345,4555.480251919854,0.0,6403.455890638309,6505.133076620605,6386.470423451001,5784.086265141243,4373.2488244598435,3513.664471178785,2574.089506205234,2017.9831128801586,2813.104591140196,6388.215137386811,6428.672722382189,5491.029629145623,6406.96221251475,6481.878210189493,5113.05989472421,6295.824909000647,4197.374693955315,5921.813114241963,6607.441123406163,6397.313289978199,3873.0230154588307,3929.5807496445814,3214.8156668607253,4347.152079120287,5858.342212036889,6263.73496387754,3693.883135131419,5623.164001170426,4814.521448683032,2872.245272970407,4015.935388062561,2195.4919724423025,3339.7427904682622,6329.492272925093,5565.911394938429,5890.38667563514,6324.060630867499,6383.972153378257,5239.018085257926,4417.81837598761,6220.620262301318,2818.0699518306765,6249.1986449553215,3009.4465362155256,3762.4068202619196,3661.948720071309,2407.1148200791936,3367.846844412347,2513.6131731524083,6094.577874141004,3708.0144641988936,6015.215610409678,4009.4248957625127,2111.35259460802,2426.280898872915,2233.485295152369,2046.5225047632316,6267.673702209479,6325.889664605666,5638.834296034937,3662.473906069187,4328.767698402441,4904.271330310359,3804.7586310635875,5072.712767906252,5497.009804022704,5155.260775281676,6185.041691147971,6374.224391895645,6365.1739442940125,4963.426660529828,6027.626113377321,6238.592631251359,6378.248499566815,5817.462453751382,6259.7664768441355,6267.852167707051,5652.143544866576,5723.172009371007,6323.950321948339,6383.584249695384,4971.053820314556,6215.962357718506,5076.683453878888,5728.154167890617,6299.4196877389,6267.250495941214,5807.87308851367
photo_bird,6065.664359965961,6594.73472885854,2869.9508402962633,2450.100727343749,4543.753695588799,5574.110349627791,5538.337528818324,6403.455890638309,0.0,2196.8667384018063,5838.751775301514,2688.311310005685,4655.876107358547,6682.392306125815,5818.170010994162,6443.631641011428,5766.915582695746,1960.383439211382,1309.1852987589286,2640.733878343512,1988.252228943097,6907.386610806747,3424.2810358852685,6161.928712815677,4725.7386485078405,5154.7399357552595,3015.940876273842,1298.7604090953369,5623.818247398308,5600.703696797018,5495.887745595342,6501.93277200604,1780.8181750487597,2727.2714894287783,6332.12448230239,2471.1558082361644,4114.975105922671,5536.456286588423,5072.050863769531,6220.918616512779,5098.75301702327,2392.2986441109865,2573.9232845817064,1686.6927073097197,1561.1628406701311,1456.9207270517468,3285.6684668862117,5573.220607369883,5476.07300086954,5397.144186433438,2613.583805192109,6027.008141738012,5073.182023772274,5621.170793307782,6496.462633855318,5871.349425227949,5562.405863117718,3167.778156148909,5692.915900844229,1947.6353450701292,6124.313095486613,6004.010287425942,5934.020001654712,6385.690820014949,6231.342719855708,2194.8358228878105,2533.170137105733,2690.894749297203,6380.950180407943,6235.29652532081,3868.670292288961,6213.577931341429,4363.7312645032125,4093.4985009137563,4126.41450520617,2659.9745860006933,3028.7812108966814,3114.55194946824,4430.866566948459,3280.730590280694,3107.101516608636,2948.6398085315404,3413.904542446807,2688.230644574683,3128.1392242319616,3722.755738834072,3679.840603166326,3110.2137356403064,3038.018953024529,4314.719285890967,3040.348023613392,4372.669067812735,3946.67394062468,2824.672745283727,2771.5323305861853,3832.8623966452155
photo_butterfly,5888.772447995712,6116.13868552109,2925.5082212710536,2926.6158621065497,4810.454167635373,5596.574847487157,5285.546031236725,6505.133076620605,2196.8667384018063,0.0,5855.044717563794,3615.506224860659,4681.308104770967,6513.071864747273,5977.159720044908,6626.116317905834,5662.005417469565,3061.8964540419615,2396.714540504037,3174.832628935218,2629.4521363911467,6569.763866846353,3695.963809979225,5483.398668411021,4917.17238766972,4537.840205411224,3914.164457131739,1810.0564057007032,5733.700007579921,5382.970292339985,5551.748445013399,6387.102505005965,2405.0222778351954,2507.468526632254,6243.321275222608,3443.3681428353198,4202.795825970764,5506.539609606734,4910.773450399384,6418.73016744528,5297.098382462557,3451.6915351145435,3466.141296287212,2622.7238312816826,2610.676801105854,2569.9337941611566,3939.5685876312723,5082.739754389441,5120.544886306625,5657.855921549503,3607.3659700612907,6038.085595940421,5206.412873367973,5746.886388511912,6433.909087257689,6038.907004025675,5771.4423628474715,3076.3170928193235,5762.000726664992,3082.453048098627,6180.346692497798,6119.169362252066,6047.791077324236,6562.557434323823,6434.602836329047,3319.67266220861,3518.6932147601347,3653.0399052949897,6400.073896588707,5824.778081690954,4208.764655026341,5759.240393526785,4974.99716324165,4743.9089437913535,4775.8063231869,3640.9405809302625,3921.8454220063713,3988.844214631358,5032.44385958263,4104.285150194725,3980.8320281760725,3854.522688162338,4181.4598291934235,3667.115015682727,3991.123781135445,4431.400968200776,4401.3269833946015,3982.4861809526515,3924.567905863068,4938.185805306108,3920.1420867155525,4982.046286901516,4613.546002314436,3765.8632535320976,3743.9098790782054,4517.546823490772
photo_girafe,6210.4150233689825,6305.943608361721,5666.1576853482875,5442.263286511357,5801.726304157746,5863.84468294138,6433.54769012081,6386.470423451001,5838.751775301514,5855.044717563794,0.0,6049.670564887254,5696.699355272029,5830.718182246769,5785.958965004128,6308.748224139185,6117.2680195517005,5973.850579529771,5773.723628307578,5810.048476139341,5594.325038715902,6153.2210778089275,5704.190282617102,6032.7991201395425,6174.237479946657,6064.920212268543,6192.614070604397,5607.265116487128,5337.613552550076,6368.3785811095395,5850.726457291972,5244.202693322001,5799.67373087885,5382.579612712302,4863.538387957461,5695.082616196699,5644.542757732703,6107.014595142029,6493.987200427513,6332.739616988433,5941.367379036591,5962.496547655715,5733.036018453471,5624.815914831068,5715.109677411452,5846.497397579591,5582.3610472841965,5602.840637874524,5704.82071661489,5965.0899981126395,5827.813671532606,5344.941676202121,5612.110806125863,5778.337403938053,5976.682169355871,5764.997694404882,6581.972553083523,5646.3733981668265,5111.166360925361,5595.096277673739,5605.213412136972,6178.723866839999,5946.5571718065585,6275.722028588258,6198.542096073702,5848.459597467989,5894.891249397624,5807.290729628954,5641.046998768552,5908.244354045165,6061.801201878989,6054.940360174112,5888.491554470488,5676.466078605862,5815.243916060851,5749.100642649163,5835.346549518206,5855.113350674657,5783.329749756989,5829.438343896536,5847.128322018473,5886.675057881009,5835.879249717974,5732.68983590101,5788.40470029144,5860.179362751771,5834.964405504484,5831.871174047516,5873.505331393056,5627.017912525051,5719.2178592604705,5778.289466638143,5856.156423257264,5856.189129401959,5859.865947349865,5854.016943149268
photo_fish,5709.656065655378,6708.251065564688,3447.330666654638,3554.0319483825538,3866.5227745819143,5259.432214582438,4960.281754556256,5784.086265141243,2688.311310005685,3615.506224860659,6049.670564887254,0.0,3746.0918800507156,6213.874874643035,5209.003442909317,5787.352670315562,5365.845298435425,2621.3679639716206,2622.1194415992613,1775.9859571543561,3095.6400687059436,6895.343064415833,2419.3790696433775,6319.004977698835,4105.533763970519,5661.990016905046,3404.203173081292,2977.0426990427604,5018.551391890684,5597.957171377433,5153.728083991969,6090.148883392764,2869.6050270804194,3774.099752578637,5881.061970904361,1330.324740968641,3301.3327578652193,5119.207671755288,5101.379790728756,5603.342210865285,4308.169780775043,2800.469866687417,1519.8229182896068,1904.9776170234898,2486.556187723549,2553.0142930852044,1820.0176756339506,5620.347137192298,6101.218931825296,4714.52683810924,3055.4117132749734,5576.13974282256,4411.3051316835545,5282.555275777866,5997.91787854045,5139.593322809848,4866.078425278628,3990.842065566502,5157.090022414024,2134.984656077746,5517.02688010845,5337.654874935171,5391.950993670861,5772.244558582425,5529.99438446815,2743.07941705623,3092.151586187025,1739.8286255074322,5771.692405694004,5708.468925540302,2889.7548718416465,6163.987673029301,3776.598642681693,3456.5721780055105,3495.159342954854,3151.660173720746,3445.1657105634404,3500.118721289113,3843.0307417475387,3113.9993682970003,3460.9698473450917,3378.428362625884,2804.01210640165,3158.68699472799,3439.914570547865,2969.0049871583246,2978.195776696083,3453.4282613290184,3429.643628845769,3717.43946232146,3284.761005320441,3762.0667333735905,3320.9700118442943,3254.341561649931,3241.0320524922877,3229.2322373898314
photo_cherry,3804.661277804901,5714.728754170666,4667.444760303619,4711.571284648455,3479.8439807887057,3970.9260186764373,3624.77476121991,4373.2488244598435,4655.876107358547,4681.308104770967,5696.699355272029,3746.0918800507156,0.0,4517.353085613317,4581.542678088338,4636.382079265913,3823.716032050231,4611.577169323276,4537.611627024524,3330.2906959447246,4625.776831273316,6052.270335900759,3354.6360026809452,5621.32336049673,3958.341502388395,4762.578956129044,5187.6348008112645,4641.616868120135,4253.838023320563,4355.983417757482,4051.4995158795564,4191.511379413863,4425.8349302121915,4741.528549104908,4375.380256161417,3846.0843927143637,3162.4750265766643,3788.110310271702,3789.580581565279,4608.958896574816,3642.2692591856253,4804.650385363059,3752.432717180124,4017.6540463200686,4428.123718469705,4431.776908056641,3424.716222387669,4200.022196057952,5579.982699501873,4549.648884006702,4875.314338071394,4124.116096282186,3459.54035841147,4591.886148017874,4336.996120078905,4477.810655854437,3759.346358243857,4560.548519522599,3824.2729223987894,4338.5802814028975,4761.86954275384,3813.5842850140407,4012.1523424399866,4671.047018498656,4384.826266080149,4771.723460209736,4893.83788424135,4094.811951079084,4092.8765132113217,4581.019146587796,3760.7937278263385,4565.160106079315,4474.395204353229,4191.696694386491,4370.43233221275,4844.693813516578,5062.006568287506,5072.824894875702,4402.723923185339,4674.435362308075,4995.81085283137,5025.921031937867,4392.097794652713,4904.731863082319,4974.10273896825,4323.622201819488,4329.693154325593,5027.818542709562,5058.001696565503,4218.837240007939,4879.333036560221,4384.15387754403,4394.710671766391,4963.906075694386,4966.280374695629,4448.709146981982
photo_tree,3041.8817981211164,5346.2175011047675,6724.261253740503,6656.938964983296,5044.849168909626,3734.5919905404494,4241.087988014284,3513.664471178785,6682.392306125815,6513.071864747273,5830.718182246769,6213.874874643035,4517.353085613317,0.0,4163.890512112461,4155.20703544981,2920.0063535542113,6758.641214227381,6608.8672306276185,5711.541744926437,6547.255626297725,6223.139455202805,5743.222496028751,5293.85930658471,4905.827701077882,6230.424244850051,7200.97766241106,6598.531904260079,3678.2618705154678,4004.436552371983,4033.941304682785,3534.7313371659893,6419.189680847906,6418.651300052881,2898.575544952216,6218.933387618044,5223.3521406811,3227.47872667407,4270.65077544879,4308.476085174872,4321.953709108176,6927.924200312812,6158.028648297803,6156.053338674451,6568.456612786038,6601.061539846009,5914.65799869917,3927.716229067332,5714.684444996045,4678.997909099144,6936.073110823221,3213.489281053186,4459.258274955641,4162.916202405688,2508.775625112507,3999.7525934711575,4341.604042946571,6296.580809011264,3695.9313676397055,6593.087312641263,4320.573188366401,3392.67896034621,3574.6078336816327,4314.355449513601,4098.44556544352,6908.514795425919,6993.755659340552,6336.776334958326,3837.9021174162694,3364.083327924579,5703.3436137990975,3332.931197554838,5880.232807498327,6204.568201439492,5940.079514797147,6931.520199057867,7086.081600483405,7085.3205518038285,5759.724649370351,6771.588642964499,6972.070992441093,7097.878712434942,6577.300113272648,6996.137338486156,6995.068640372567,6415.853074571764,6474.829583908904,7043.15494369999,7104.258435089352,5769.9362419805775,6934.263965498125,5853.560979796432,6471.88759844623,7026.93834965314,6995.733955363584,6557.613669938157
photo_flower,3731.374596518296,6472.763114217187,5984.745505563088,5812.0884850298235,3230.673516592618,2677.8857352720547,4850.600153876765,2574.089506205234,5818.170010994162,5977.159720044908,5785.958965004128,5209.003442909317,4581.542678088338,4163.890512112461,0.0,2067.7904528841786,3032.731811822322,5818.120541551023,5847.801068505413,5037.144167713131,5818.581284448435,6853.26268088991,4470.136933060097,6648.410290558572,3435.960939386056,6021.54874427429,6022.532704420405,5818.445594989556,3534.7865870933374,4194.924129962873,2677.8015188621757,4577.670663837717,5263.781950290119,5807.028097110928,3927.699060446664,5000.3697182714595,4323.363323169879,2969.5519328977875,4258.986641919842,2109.80721600012,2678.6894369407605,5722.405443000874,4942.29963748591,5298.112655644258,5725.348055984638,5808.213595148379,4581.539641247307,4807.245096911225,6497.70515158075,1881.813518515256,5627.754585801863,3241.4081779429216,2868.7930510311803,2957.4733604009716,3267.1222188879065,2803.8551284837326,2943.95451257028,5477.065168121688,3557.94066939692,5414.677680044311,3797.441528765539,2481.405535691086,2199.055801723806,2149.832906334332,2077.1504496213065,5649.030840217263,5714.467271565223,5009.347079822396,3952.680815063997,4878.369827419883,4343.695962763625,4265.052194369563,4364.952293324841,4759.425824828142,4442.921540653299,5532.6073447264325,5741.49515742308,5730.650330349425,4256.395797539342,5369.150857417091,5596.982163047399,5744.689508178642,5150.953506091923,5614.359975553483,5630.081400792643,4975.142404047433,5047.047980359107,5688.974271597933,5751.853143392815,4250.633776051743,5587.912975179163,4368.141548215177,5046.174095791106,5663.635435357835,5618.546784670578,5146.142112438144
photo_carrot,3772.431140393191,6567.184874488601,6629.901231051647,6498.922350589555,3991.8742820875495,2356.308429598607,4972.957183274372,2017.9831128801586,6443.631641011428,6626.116317905834,6308.748224139185,5787.352670315562,4636.382079265913,4155.20703544981,2067.7904528841786,0.0,3117.0682452362803,6377.533175857626,6469.550089194973,5708.614014405157,6480.642071552449,6897.726835404757,5236.429621790981,6751.66568082038,4286.524855927359,6089.465416086829,6500.595907260441,6456.988260337226,4286.123955727342,4192.973606516682,3466.2930584492497,4564.341360279875,5904.008761954417,6416.632170299987,3823.5187717916597,5618.396828373961,5117.909988262165,3074.244042097649,4290.0691296389205,963.6268155394368,3348.420297122144,6229.702779434865,5599.730195853279,5981.801656320099,6329.656118491888,6421.926038031432,5187.937830928603,4887.120140290345,6605.5139368174005,2759.5722595283282,6121.279750060072,3045.97874047559,3761.934631785893,3734.933999790081,3251.655563732738,3466.221550812449,2554.0686952464785,6170.364593012878,3441.788625167634,5994.34089297952,4371.85215952004,2334.610848142668,1975.6204394765057,875.1233835545275,1013.1200072233645,6160.688166680996,6228.519812794374,5591.753296572527,3826.785204570016,4933.229606113179,4960.003525465096,4333.999102482069,4842.15697044826,5259.608890354027,4924.215658241286,6012.001986242783,6201.180926180885,6184.222599826943,4726.801848780385,5844.201585519077,6065.085100259865,6207.295595851721,5641.888052289374,6086.647984206581,6091.293446593093,5463.629936502696,5531.022361763605,6147.051795537133,6205.456582879866,4727.7179702646445,6058.074975167343,4843.703920719886,5529.505540612523,6132.16819894764,6096.684081190284,5622.724226876391
photo_watch,2073.936763339572,5739.583447194722,5961.815005378688,5717.494668845566,3913.9843095813076,2336.5100403265137,3389.4626732410675,2813.104591140196,5766.915582695746,5662.005417469565,6117.2680195517005,5365.845298435425,3823.716032050231,2920.0063535542113,3032.731811822322,3117.0682452362803,0.0,5971.371762938153,5797.865886880626,4957.7816707633165,5717.3866122416475,6502.792437288,4686.7650074749445,5686.884079408568,3874.3064582026177,5395.443929676131,6382.749693214222,5689.231173142353,4105.6448036566035,3090.635634696868,3098.398563378026,4183.218328514669,5493.5687472216005,5730.247528103278,3632.938278300606,5290.817795551025,4363.01286177429,878.3703590617894,3262.7424789916527,3058.8162661753704,3204.0641742374337,6085.665361883566,5192.560088056876,5171.5793653882965,5775.5667595244395,5830.669255696309,4942.965718981593,3752.1500522950364,5538.76129242111,3386.1902483434656,6027.515455311078,2986.053420332597,3611.0849975942324,3964.656878038568,2410.089725051772,3819.2119171906884,3070.6586124703517,5312.122211901078,3301.9310445369865,5701.581398435889,4670.108556395928,1986.8264773863252,2100.484771912813,3185.9442123698104,2849.3428801001064,6025.300511746921,6081.944694570438,5368.213179549712,3726.6046080320243,4047.7457653643373,4769.722176014378,3179.0728230600685,4967.881981035973,5267.305789853221,5040.531165206896,5974.012985645959,6176.276415739049,6170.662196644366,4905.673643365215,5827.421248774254,6035.105124727045,6176.284885048956,5608.617497204249,6051.907185550952,6068.260935921151,5456.925003629872,5518.936502192938,6125.606769663843,6189.8848494635795,4878.022302470249,6006.630923613252,4969.725531984296,5525.405589613474,6095.156412153627,6059.663200387021,5610.273737624895
photo_key,6296.23693082845,6737.512256873745,2976.385484735478,3057.7418990864044,4640.809136065878,5747.5025818725035,5674.836518598889,6388.215137386811,1960.383439211382,3061.8964540419615,5973.850579529771,2621.3679639716206,4611.577169323276,6758.641214227381,5818.120541551023,6377.533175857626,5971.371762938153,0.0,1817.848825363688,2918.394055439976,2464.3653973524015,6891.586828942798,3549.315042333397,6517.94744967754,4796.183770936126,5331.261495390534,2297.851854102641,2268.305264254511,5631.828088040545,5749.278095444732,5533.4699631867625,6579.062973802085,2224.5521798397735,3305.6478808620727,6412.894935545121,2452.0948672315344,4169.553872055953,5712.885530796149,5330.406009388963,6149.327457959278,5068.303353221395,1223.013548486374,2645.8632484113546,2392.786959039162,1713.004434418277,1727.778431439232,3189.967664649572,5868.614502693553,5805.9607145901955,5355.08147172607,2353.9012222431375,6084.011985202053,5101.7616209934495,5641.532290895436,6555.160345938769,5811.776199837416,5528.806780406243,3574.7167474217144,5524.483404212333,1946.5451191217012,6090.078048129406,5969.421948296102,5930.136048243732,6309.899861618439,6147.810762084964,1428.9643565891738,2592.117335009806,2774.8503786733286,6323.694282208855,6274.854481712888,3858.1610528006695,6430.20222091929,4041.551570639829,3739.4177571906343,4018.0837603359387,2572.5781326937627,2283.2963357011868,2403.2089135398724,4287.5324898752,2662.3011588301374,2412.3674231455625,2220.1590487476565,2997.2364732556375,2368.7777086805404,2432.250731192722,3420.9491575061593,3357.4631320361896,2394.4655949351336,2324.573156479614,4193.467295976851,2279.3958409598094,4049.4862107907857,3415.846836211237,2210.523052254962,2246.445896824142,3235.3730443679187
photo_truck,6115.7035793278765,6688.845036197278,2348.625718296635,2349.0529880293957,4596.755016372793,5597.160151787974,5441.844743962331,6428.672722382189,1309.1852987589286,2396.714540504037,5773.723628307578,2622.1194415992613,4537.611627024524,6608.8672306276185,5847.801068505413,6469.550089194973,5797.865886880626,1817.848825363688,0.0,2716.999954033102,1460.4723564697456,6874.105063747337,3429.944796520146,6247.816657937256,4745.146189459112,5050.770662322761,2948.284815278385,1483.841107595765,5634.783561429674,5525.994178915568,5490.856407324582,6555.781046244107,1939.4995729398836,2848.1655138090064,6289.565828484621,2373.4201282302643,3988.7624137642747,5549.271280497571,5088.930767644184,6240.091774302848,5126.580153019522,2233.015737296906,2464.384897232438,1902.2923400762922,895.1837205118545,1048.7012681869305,3260.2948021388506,5631.7262647073785,5519.119839729468,5416.826674459972,2676.905025162,6007.648725877669,5068.673979021109,5643.775921877466,6465.449034381035,5911.934202192931,5567.928445590991,3267.8912833441523,5659.200536139407,1825.8425628679026,6122.621824238829,5999.486669076656,5929.719495609651,6403.1704967720625,6239.039831697638,2138.6617491466804,2559.563373953701,2783.7496255325095,6358.787922526588,6149.268393116191,3939.4392759615057,6256.861176440077,4385.334836639844,4123.091288010479,4147.103022853707,2730.4297576434524,3080.6690979577734,3164.3162755710287,4459.223169900324,3325.125785910891,3161.414186770962,2991.3237779086166,3461.5907994178738,2757.1758326993263,3169.68137952657,3760.5252522913656,3714.9733920705335,3154.5530203362164,3074.6759326454853,4339.740017688262,3080.0058438358205,4396.501265362564,3976.736149544579,2876.948362743333,2825.94766943439,3864.1453963958743
photo_velo,5100.012737168556,5999.735810355168,3670.2830165319547,3572.9815863573112,3681.3983277781244,4923.424844996786,4289.622046344711,5491.029629145623,2640.733878343512,3174.832628935218,5810.048476139341,1775.9859571543561,3330.2906959447246,5711.541744926437,5037.144167713131,5708.614014405157,4957.7816707633165,2918.394055439976,2716.999954033102,0.0,3207.876267830346,6362.575182272185,2395.5270740997153,5597.511395707718,3881.256194988322,5135.076234333782,3790.706103896334,2809.4059890279395,4674.731046977012,5141.0176187933575,4762.729655221938,5454.734417257101,2803.7657915432696,3556.293278399876,5524.212239202336,1935.1580014170002,2683.9410754827923,4811.797534644094,4582.170079070472,5576.00859320276,4270.962002423661,3287.9724787753516,1848.399215566279,1691.3302861382854,2755.574399362109,2577.1801127079775,2371.5767213388162,5025.058219276075,5562.141913545614,4689.16997787771,3401.05504515137,5275.7415403453915,4005.890815487687,4988.205564463728,5556.848599542504,4948.463612979474,4723.4468458986175,3681.409771800046,4980.89335444164,2589.0994643785875,5075.98220762565,5071.521629090796,5183.9443225395025,5694.635041330023,5456.836001823184,3188.5253364298937,3434.30600807174,2184.89898054754,5351.818205734653,5139.672995937412,2698.349337590487,5575.945505953431,4011.280726889022,3723.7829179401683,3796.1995410966924,3489.418061320846,3764.1395158180435,3811.676753075196,4073.984893217132,3447.818010496449,3735.958985884842,3727.698426829943,3164.7355875181474,3508.784099866916,3746.865170293955,3295.144925328289,3317.092862213881,3759.2813245508096,3768.8449833701166,3960.199749041233,3610.7691693858333,4004.026318466383,3607.322669866042,3603.484629348121,3575.2248760830785,3537.0597216747947
photo_road,6043.954724997642,6775.872120323403,1876.0699730437877,1690.31925948346,4570.640082231696,5517.39474453868,5359.229696208728,6406.96221251475,1988.252228943097,2629.4521363911467,5594.325038715902,3095.6400687059436,4625.776831273316,6547.255626297725,5818.581284448435,6480.642071552449,5717.3866122416475,2464.3653973524015,1460.4723564697456,3207.876267830346,0.0,6852.2244081607505,3400.687569349844,6195.471429667582,4849.850030916973,4820.549201899899,3338.7574157723066,1949.3093403287369,5625.80335506708,5461.966531224986,5453.54238321925,6607.629535980677,2380.9780040920937,2886.1218510104654,6194.613067911695,2753.8048322153145,3818.773927139393,5474.705699534239,4980.935772306459,6273.757510774052,5138.749256729339,2716.3201084608954,2822.4411783090163,2357.7139252875254,1508.3642526517478,2012.5451392831696,3425.8024253861786,5596.861005030566,5455.292454295299,5427.534167837664,3074.10199691377,5918.66965785776,5015.683592685523,5624.341830019823,6362.850096629691,5930.993778279231,5568.397521212572,3266.9980024255565,5608.71323885485,2298.6089710728234,6122.975076765555,5988.657568070782,5901.327797203478,6437.608121660501,6271.262102046784,2638.788492873937,2953.394184749442,3163.3777888302225,6380.461424851142,6062.723207519331,4143.410906549184,6212.7894272820895,4535.704763007698,4297.106118613333,4323.151691357139,3106.5932758736813,3432.989198006614,3508.6583907291224,4598.7874422712575,3636.6424544367583,3489.915982484901,3349.273737272774,3756.4542284732674,3143.6776507303994,3499.452720685695,3986.097227740359,3952.488835636824,3507.1356325432243,3425.6422299970536,4499.041779531208,3414.704155639977,4530.951483787708,4171.311253832321,3240.0070464739842,3196.157185174143,4080.506018652656
photo_house,6532.841633927199,4736.275497387174,6795.302689444488,6829.834768318268,6594.638339262854,6489.161407101404,6015.818756003249,6481.878210189493,6907.386610806747,6569.763866846353,6153.2210778089275,6895.343064415833,6052.270335900759,6223.139455202805,6853.26268088991,6897.726835404757,6502.792437288,6891.586828942798,6874.105063747337,6362.575182272185,6852.2244081607505,0.0,6306.678681013202,5645.055577867476,6934.8230163491335,5467.972754436071,7109.819817614883,6678.027101821146,6242.68956659443,6385.956510132912,6517.8544304502675,5602.224393786273,6472.278371116702,6333.619583848661,6051.664688288288,6549.636290862106,5892.330731121472,6453.47308132615,6532.491271116306,6849.1603051030215,6677.883012821706,6894.646671006976,6571.0761177202985,6597.219469732991,6806.6954759359005,6766.589258425364,6456.407097683538,5880.6502413483395,5738.475300798298,6721.843661858313,6738.365223445248,6134.733281674149,6534.784252193858,6805.245292069036,6201.637629342655,6674.553446246967,6608.799321354927,6179.419255049785,6218.101840240763,6514.142198462139,6151.427840756394,6351.62791432332,6493.798283003786,6869.163452974775,6716.81445446624,6806.23681315113,6836.391672316598,6625.545173858706,5738.504334231222,4948.232215110455,6268.181183631643,6114.60803761802,6830.524203437507,6747.241710081102,6880.212531114885,6678.282439633972,6765.400569595153,6773.590832816818,6863.97166612417,6718.380140654205,6665.533586803356,6845.612993503706,6703.087207480459,6687.880688807623,6681.049346954749,6684.784261836533,6712.916508855634,6729.427530330989,6811.516057912775,6831.157421921111,6609.427341017412,6796.4372343280065,6728.263923872151,6772.778174268061,6739.307572123793,6707.346534109666
