,photo_face,photo_profil,photo_eyes,photo_face2,photo_walking,photo_standing,photo_hand,photo_legs,photo_bird,photo_butterfly,photo_girafe,photo_fish,photo_cherry,photo_tree,photo_flower,photo_carrot,photo_watch,photo_key,photo_truck,photo_velo,photo_road,photo_house,photo_mountain,photo_windmill,drawing_face,drawing_profil,drawing_eyes,drawing_face2,drawing_walking,drawing_standing,drawing_hand,drawing_legs,drawing_bird,drawing_butterfly,drawing_girafe,drawing_fish,drawing_cherry,drawing_tree,drawing_flower,drawing_carrot,drawing_watch,drawing_key,drawing_truck,drawing_velo,drawing_road,drawing_house,drawing_mountain,drawing_windmill,geo_face,geo_profil,geo_eyes,geo_face2,geo_walking,geo_standing,geo_hand,geo_legs,geo_bird,geo_butterfly,geo_girafe,geo_fish,geo_cherry,geo_tree,geo_flower,geo_carrot,geo_watch,geo_key,geo_truck,geo_velo,geo_road,geo_house,geo_mountain,geo_windmill,word_face,word_profil,word_eyes,word_face2,word_walking,word_standing,word_hand,word_legs,word_bird,word_butterfly,word_girafe,word_fish,word_cherry,word_tree,word_flower,word_carrot,word_watch,word_key,word_truck,word_velo,word_road,word_house,word_mountain,word_windmill
photo_face,0.0,6589.657759472847,7278.649001496222,6938.7900305393205,5740.442121477513,4273.890866935796,4629.405368541627,4453.623769019174,8043.974078955093,7130.135164058302,7454.7128660479375,7006.780646123736,5268.03716512411,4406.463898246914,4910.587163118169,5119.417379329739,3692.221286218645,7597.448669633602,7608.531174175479,6360.851697381397,7143.594979593507,7666.870596591866,6408.837606507277,7106.032105769128,5205.97628132909,6703.619508886794,7900.78152579225,7288.600631744973,5649.166716107624,4130.213590641852,4175.495661904882,5137.704510709097,6950.263166493727,7173.526453484929,5100.455284179056,6821.613436814964,5740.994837947782,4020.981396287524,4427.420564357288,5051.550062523062,5051.764601809922,7624.480580928035,6705.053397039567,6684.792273366963,7358.692743095051,7299.323557422417,6799.735099781767,5167.451013971584,6716.741641645055,5542.481825457559,7705.502833572246,4650.44604643149,4806.882994256553,5829.482943002316,4197.178099772728,5667.50775604879,5091.6085657848635,6764.929486280129,5510.893574142884,7389.8963061977975,6406.118047309424,4281.530065021453,4443.197289028561,5332.524480132855,4935.05521771873,7602.4902604678155,7640.430833092289,6952.934916206231,4861.885505016452,5297.427086798109,6392.618039968276,5192.110013812218,6708.855837267718,7072.9743785073915,6780.351889913179,7930.058844664739,7877.892223790706,7874.6154589420885,6446.177336662369,7519.4757911001,7790.808149489933,7999.471417584298,7337.844675952506,7774.30979340785,7807.3875569325155,7231.692563493303,7322.523235462394,7874.4398669304055,7917.548579502848,6655.603366725706,7671.855114480956,6738.994322158202,7347.333212479974,7818.293609955287,7829.06644941361,7415.010542626772
photo_profil,6589.657759472847,0.0,7783.857023576281,7663.008901839284,7557.622551653595,7262.804780550454,6040.276451583328,7197.114824784701,8609.580888506123,7411.006797906124,7597.933274018088,8073.247079499887,7152.141316574118,6605.222214780453,7675.474046462625,7867.6657710280815,7026.626684661389,8090.608325053014,8207.834182348763,7285.146082984799,7950.303716174593,5893.020855323722,7528.874731498212,6166.197187538856,7729.869825120319,6440.446486796349,8426.976141532143,7680.040886086396,7311.316461376822,6667.948692601368,7223.055125382705,5682.172106028223,7630.210066506671,7132.991626364032,7150.1265386472405,7818.100812340651,6963.7570138380615,7056.967932278178,7039.878413048727,7762.704951270724,7787.332903900552,8171.142094774333,7798.917961646537,7561.766172506408,8004.21682981859,7714.98961673857,8034.035874441554,6478.910395379944,6217.238539481957,7665.477991766305,8235.559012865275,7291.7938199138125,7384.954077407564,7848.910391785872,6924.947085708092,7785.169207286058,7496.811268412648,6909.224283767145,7738.479274846824,7896.586957447316,7430.4705975117,7215.805048408521,7403.0249672275595,7972.259456360061,7685.941056210897,8158.1059946396845,8177.854945230896,7958.32422756339,7157.93072951803,5286.625176093389,7748.348935787511,6639.399672209207,8532.436162822854,8465.344488426874,8621.851554791876,8496.522170167429,8440.355388810982,8447.004645881303,8480.008539193128,8366.645519499245,8374.129885758863,8573.005688454406,8375.985405164305,8363.864518116416,8379.329168855782,8382.735659026584,8426.744362392781,8441.620265582666,8491.557302782941,8604.4445285733,8239.260189736462,8558.847031855848,8463.971607992456,8400.541238903032,8414.527934841952,8448.075799172113
photo_eyes,7278.649001496222,7783.857023576281,0.0,3335.4729892550995,5937.951951000605,6863.1166944895085,6722.14156090568,7731.056824546783,5769.079133236707,4528.3735650394065,7001.834480007244,5041.238564210443,6185.879096643749,7939.547899235842,7153.779042968204,7936.501197401266,7228.77432140596,4641.206017074603,4561.030138627407,5054.98418773511,3384.9890181244796,7956.539247458918,4796.176179788192,7746.227706569475,6481.350568488861,5960.08393208056,5028.666641311973,4009.353186046861,6943.2133256438865,6857.080351889443,6859.341363707228,7918.939819225155,4543.907736732386,4121.595283366781,7563.240807202949,4556.037931607142,5276.531111353469,6994.79993554762,6507.665498009209,7623.928103944207,6457.9422316668215,4515.929253511902,4639.910767608203,4518.176333092552,3945.201445811288,3972.1466438829425,5336.198659149106,6826.549837468679,6491.260868596266,6895.680591887469,5086.281469243134,7502.095574499878,6471.337057485431,7238.612428547532,7754.145104562675,7501.797423055015,6946.609110502189,4450.691443854536,7413.033103390527,4549.469444922291,7562.614876677169,7407.973760399471,7382.7106385824745,7951.86368410473,7657.677781464778,4539.6460054205945,4803.710103538459,4999.629637949214,7789.779843618602,7322.987215014656,6170.975147315255,7728.206716691042,6227.388464551769,6045.575107480998,6070.22025872606,5557.460692176305,5411.861756891875,5456.426198673613,6129.473631250904,5501.178667782652,5546.484231203603,5533.616575910165,5618.853632322389,5226.949298231268,5497.0055996550145,5773.92413041196,5792.912098484939,5542.733693700316,5425.860289022522,6304.502173851266,5316.1781345479685,6270.305046363656,5975.744626684846,5280.744460094653,5330.006115063965,5916.2699251191525
photo_face2,6938.7900305393205,7663.008901839284,3335.4729892550995,0.0,5616.203842449493,6590.447310717881,6631.348856191531,7589.335191072922,5498.532440183173,4600.314474025638,6777.614116694662,5075.825591027835,6173.5219647462045,7889.656102201643,7025.196414633666,7821.317610682975,7009.382428877118,4726.788138807522,4565.92671971487,5064.028336414682,3285.510543046935,8026.412517135117,4554.183115429618,7559.020281685047,6325.76379074646,6067.182631696523,5048.503062824826,4137.962755656621,6783.199259492116,6754.643935092747,6682.5037528362645,7761.079729940717,4216.650165310759,4185.701088835586,7366.63514018119,4537.737131391461,5122.285054355032,6784.0959569993765,6264.759679209175,7477.489403848969,6264.016196520373,4589.31654987043,4572.472187413335,4239.93423200845,4053.4167899247614,4160.22549719155,5295.298202492037,6773.476892437438,6622.597681479381,6754.123702634411,5029.2380081436195,7322.683519112204,6303.279277704714,7098.069780284458,7560.527927480187,7371.3362908785475,6788.114223754764,4520.209002412861,7264.816049749688,4555.941265559852,7400.16396665088,7278.522436063563,7257.67335791648,7839.631746164631,7537.5073463491235,4526.776982339636,4747.510154299233,4822.470458049735,7665.655425190039,7450.196480953092,6025.465423824121,7746.382080246419,6142.625763381937,5966.8321459103245,6011.170257813451,5477.52513592791,5325.698088138716,5371.373673246337,6050.097007611215,5417.571081365969,5459.940388595483,5468.526901349335,5536.011332915115,5139.313183989846,5418.036463513604,5692.099091107358,5718.471791150086,5462.757750143984,5359.079079391882,6231.128734696174,5233.047942466706,6196.508908447255,5902.695144250338,5213.057208934481,5240.891059835963,5846.994140534743
photo_walking,5740.442121477513,7557.622551653595,5937.951951000605,5616.203842449493,0.0,4377.471278547997,5953.174890408144,5018.6952205636235,6787.326086905779,6157.842853756498,7138.85388269378,5332.145811994509,5072.207541509118,6265.737610068315,4500.2729331759665,5378.251779158581,5220.516840256417,6066.1149333541125,6286.025926101538,5099.3931268598635,5752.813845407192,7782.654171486871,4271.928401567961,7846.504799874211,4795.110009398085,6590.306615574203,6273.758631277931,6009.478998387594,4655.239727589189,6289.328040888399,5320.372171642242,6216.795054020435,5571.476640358592,5708.229942738946,6008.186912448882,4961.533558765708,4512.2923838621355,5168.665959703902,5754.505188269152,5054.6008905634635,4059.017529759209,5928.577346873521,4854.707348677338,5160.756183004236,5893.42465328547,5794.004929504974,5026.889837374263,5925.610928127088,7297.472013703408,4327.983657229502,6027.925357229297,5892.968480980649,4694.2888230652725,5370.439268329051,5690.747688199463,5302.61647567865,4304.645756138402,5416.556786766725,6000.430313301525,5691.555984883353,4969.169842370028,5225.960981222998,5378.223446661553,5433.336298529498,5113.282374219816,5890.232739122102,5954.300128623091,5103.477687599434,6075.8226302024295,6575.056843408965,5070.424404184164,6376.073805760416,5564.0969990943395,5417.947272309424,5647.640770659322,6299.63177935664,6217.033831326983,6213.885415894856,5390.937412333549,5798.837353069623,6129.561889371187,6371.241914651411,5598.617019561757,6103.852844717909,6141.424263101451,5537.656065836385,5607.715718385842,6215.27981785157,6278.317467042596,5510.181928041604,5975.728562011892,5612.72231089581,5632.376746999874,6159.337769777079,6142.9148059119625,5708.630326826947
photo_standing,4273.890866935796,7262.804780550454,6863.1166944895085,6590.447310717881,4377.471278547997,0.0,5142.0256378150525,3935.7256002432696,7886.50288916155,6990.3448154184925,7232.311779230744,6759.9260017123,5576.639756967716,5081.852213302862,4034.5023573739218,4126.915804431951,3991.594034132966,7188.113419635994,7294.999628695989,6228.487702122565,6699.527136352536,7681.03652183795,5721.239786446614,7395.171782350183,5485.571857511258,6612.9768470036715,7305.32847494892,6873.160423408694,5297.181710648362,4750.586310501909,4726.282331348375,5569.619253511927,6535.99129102034,6599.873761064454,4616.68110509959,6290.574808164602,5659.986667425842,3822.0094373169163,4932.2673335758245,3657.5487845882276,4545.957915193176,7034.857098313352,6202.843082315615,6287.959862860621,6762.929335675564,6798.798330522664,6420.996709570926,5013.594356054338,6624.18051230633,4447.324542130345,7109.103620773771,4483.4614133657005,5112.161192688522,5499.084710284464,4357.788272583987,5475.127460539019,4129.38784664014,6306.891232837665,5030.827039337522,6888.355331367137,5726.446113310901,4081.4444316817917,3981.1565712423444,4128.701196029958,3828.454683546964,6985.766652468467,7063.133683804432,6328.230831231029,5130.326222466202,5830.845368978396,6133.740141037237,5389.893016119029,6201.705968778581,6503.102015657372,6335.470571253503,7384.561006154069,7307.25041064208,7293.008646630049,6013.20758445134,6937.6972692384315,7231.4646466912955,7443.679403860807,6769.823697491184,7217.206005335195,7245.42199028544,6646.277635856107,6733.952101248657,7308.5852353414075,7339.953986939946,6227.605796180091,7118.064905249754,6283.231276615177,6747.793773070806,7239.330814160854,7256.49777463412,6837.195925085648
photo_hand,4629.405368541627,6040.276451583328,6722.14156090568,6631.348856191531,5953.174890408144,5142.0256378150525,0.0,5765.544200488076,7747.914519253316,6695.888301439256,7820.356799441662,6404.830716135313,5278.1668493771485,5607.226782371204,6109.722489197709,6377.640124598933,4867.1094940211515,7092.853245410142,7063.151359569464,5654.073168395692,6565.45556351561,7241.672458819772,5880.086573326771,6674.404435739269,6172.307140147183,6019.765118190333,7480.611322606454,6874.1653833679,6813.4908896562,4847.890362604329,5600.130670878826,5532.424280675929,6777.852323436187,6763.191508949252,6400.132332677118,6317.121268037841,4952.091075054534,4929.88177461698,5273.069607462624,6193.374190271325,6297.548866499941,7184.865922738491,6210.346193444354,6127.999814047374,6698.84500065059,6722.755795545195,6443.943544456773,5725.750686869415,6236.34881890425,6064.760230135666,7365.608629809282,6045.084238286544,5837.9616601396165,6954.668250172456,5636.8592812848565,6817.781008331697,5861.837320358199,6245.245385269102,6511.9469064061395,6926.572502635867,6913.3225360253255,5464.509654715712,5731.55448098998,6470.184724579979,6087.235461008493,7180.181672964903,7293.1747849634485,6522.62462245375,6130.5745645758825,5061.133820410648,6146.729009205894,5909.931140664654,7124.731508070172,7038.514324467401,7213.843831114957,7596.242289682453,7543.810291598766,7533.995935470822,7083.941444796236,7158.653539405847,7443.867187579956,7664.929806221416,6977.588992730336,7448.82379313804,7459.94458537124,6897.494108741531,6972.596349349594,7523.416707090444,7570.195109462017,7213.123408490157,7299.994050287151,7179.256644115303,7033.854311218941,7467.210288386478,7479.782555337471,7059.165297849262
photo_legs,4453.623769019174,7197.114824784701,7731.056824546783,7589.335191072922,5018.6952205636235,3935.7256002432696,5765.544200488076,0.0,8283.506809232838,7730.237555451805,7660.011946788808,7110.076742290949,5762.58993013817,4846.460005203782,3963.0870275997563,3611.35018868621,4172.818539871574,7756.0496777390135,7905.591722627504,6743.997459459556,7563.010134260645,7693.769709568637,6319.288130518358,7769.324869660569,5488.172224231948,7199.8260965802665,7828.2342342190595,7803.492131443262,5159.629580854294,5338.491626198211,4636.900766980312,5543.72713332676,7092.1516095478355,7545.3077237916905,4979.731057907711,6844.410094453116,6146.518471561266,4506.193100887057,5452.060096591325,3689.2151872041445,4704.223181405883,7588.260086227051,6771.528412451952,7131.704081394196,7700.4896832076765,7624.617373148738,6656.349515385978,5706.3784476798455,7468.072250912759,4307.49217170347,7548.996715503151,4636.908791970836,5130.961907096734,5209.796032368613,4051.6566218779003,4915.5212526761925,4057.4757236043265,7333.894519111514,5423.489969927872,7359.4602213288435,5496.839572637644,3875.4785500754783,4144.789216668938,4025.8620085301577,3799.1033539068017,7537.97160292259,7555.396606724243,6931.990114554554,5062.691484637218,5698.905603547743,6300.516034566341,5406.829764770498,6454.696744037465,6846.133525241797,6558.708744337849,7702.352431916359,7660.357226958158,7662.7690187833605,6228.632788283517,7291.199299206726,7566.862103801686,7779.340213032117,7111.904990370508,7562.680062840012,7580.705028305721,6993.036640795925,7080.8286615203515,7648.536542373001,7702.618387468335,6401.740880930876,7466.765187362323,6492.032290015332,7086.642461243414,7618.746194057922,7614.82228416654,7158.208161301781
photo_bird,8043.974078955093,8609.580888506123,5769.079133236707,5498.532440183173,6787.326086905779,7886.50288916155,7747.914519253316,8283.506809232838,0.0,5023.331841343386,7815.976912113479,5416.572911656044,6872.271788975577,8583.322203343814,7819.012090101806,8375.372946318792,7703.324264603314,4998.109123947384,4794.562829497632,5512.333343738336,4957.327070453974,8879.406050279049,6102.665767049614,8106.085336257555,7167.0853427969,7405.241752301052,5759.309105793465,5328.872472137878,7809.508549147529,8005.312519676585,7832.765926122901,8531.838227138705,5036.745945807197,5694.770351609737,8408.464520041387,5464.983218638432,6719.400503412922,7932.137741964686,7590.564494325066,8372.015280752503,7407.098040400743,5337.976352009332,5453.67985504571,5159.476573843449,5416.940578493415,5204.286757562419,5848.710387673676,7739.48899473382,7667.725701004285,7545.482327363134,5482.578731635673,8105.320616741819,7394.97037358098,7818.238514180947,8699.036057775214,8063.520256359524,7846.801309387357,6012.331338272785,7829.060141969678,5186.281466805594,8564.169585490823,8209.782086116655,8140.541937007622,8492.91403092764,8348.086110179507,5275.936471391494,5364.671873330224,5834.005478121151,8484.815346423447,8274.760230879252,6325.965713241266,8230.167622780567,6612.570023316168,6386.6465861316465,6411.65680074443,5523.610357360542,5615.922158241251,5679.924353629452,6608.032323768849,5749.079484598111,5658.469764478689,5615.382470658328,5858.770870999657,5375.785912161093,5668.201509898014,6113.9424071747935,6081.262439672261,5667.13132924222,5644.222418687879,6563.4063456344375,5588.969986636488,6628.462754840329,6281.553623366836,5506.215518488723,5486.537130999153,6200.523665402267
photo_butterfly,7130.135164058302,7411.006797906124,4528.3735650394065,4600.314474025638,6157.842853756498,6990.3448154184925,6695.888301439256,7730.237555451805,5023.331841343386,0.0,7232.0771385515745,5206.15538461581,6213.410190811209,7785.282963518252,7226.330155124124,7910.433486928089,6882.170432197878,4827.548089222086,4380.304158770622,4689.661349822524,4160.923620752279,7835.020659423321,5204.993932765676,6897.288596023164,6336.151491023147,5896.730973674164,5291.032490902435,4044.856761408228,7056.487570017068,6854.212777769218,6990.948004023006,7661.015069475357,4059.908195312281,4198.847050951167,7541.189366289766,4937.639126335716,5632.292953574397,7009.418260645777,6477.980441928468,7757.618387241304,6632.105601298994,4992.081697465311,4900.654883370877,4257.327689460026,4513.536401766922,4285.671254686996,5519.317386527426,6363.385171784551,6403.479819585165,6986.920280970686,5061.701923037822,7381.078310966854,6594.33905756918,7172.910158945711,7818.853549695907,7484.468317528467,7118.238750480041,4651.6152008928,7258.11694937897,4722.216735542801,7682.745713482695,7484.772511071554,7427.819750713718,7942.007269620036,7782.456261651352,4861.731628092521,4851.5184727785345,5167.48416830257,7761.527674798543,7083.997989698319,5708.426959332197,7134.394851118616,6346.936652610276,6103.324345006843,6166.674385291137,5334.033548365959,5327.631157726482,5392.23714206282,6312.177845331665,5462.376101529259,5425.038593463135,5377.703109410997,5554.783333557886,5112.206524962966,5405.501371962995,5827.12385930871,5801.686944786469,5412.046527287398,5364.5671250976375,6343.992612961159,5275.9569471566865,6395.6604975694145,5993.660648250262,5220.6522439407445,5232.17751073066,5909.792422424511
photo_girafe,7454.7128660479375,7597.933274018088,7001.834480007244,6777.614116694662,7138.85388269378,7232.311779230744,7820.356799441662,7660.011946788808,7815.976912113479,7232.0771385515745,0.0,7411.873413573336,7173.115595765606,7148.145619372861,7057.780616541356,7664.716533666711,7431.282028065999,7402.88373532102,7376.490023625222,7214.643679758858,6870.7781293254375,7439.603300198214,7081.495437602634,7528.2110940960365,7598.606801699389,7424.241768890229,7544.820570125499,7197.338182329036,6704.4546761900365,7833.376085352804,7315.000675513431,6564.568470932463,7189.158837156976,6835.669445955053,6205.661563202452,7079.64942235988,7037.806354604807,7652.506142346877,8005.102658000041,7683.822872621075,7293.992758135831,7315.06690526551,7085.73549031763,7014.041842301191,7280.163317390233,7272.914747895618,7167.7186540492385,6986.234971963175,7078.218573099929,7354.3047332307515,7291.610164798845,6850.086989637834,7042.239950614901,7314.7701640595005,7385.7590563363065,7304.492744772957,7953.748318453116,7030.901276844547,6817.127819165288,7104.985310578705,7138.468373182298,7624.773540042371,7403.699737332464,7768.857422370655,7567.091962690968,7220.765064387075,7239.786847555035,7211.783352939916,7057.666094762635,7343.941552683685,7615.012994901449,7595.914249746001,7387.006602290589,7162.749222143828,7341.016643429167,7428.4492269874745,7263.383389103105,7286.057165470213,7172.115187340081,7234.722689705006,7319.408596320874,7440.773469262594,7254.252915540194,7175.358120021319,7241.137808294442,7327.048944455585,7327.587054606663,7295.800710598642,7346.134587067601,7173.321336750475,7107.511482377847,7314.433942252105,7351.259834860065,7328.922705452628,7343.768173236276,7348.344257398559
photo_fish,7006.780646123736,8073.247079499887,5041.238564210443,5075.825591027835,5332.145811994509,6759.9260017123,6404.830716135313,7110.076742290949,5416.572911656044,5206.15538461581,7411.873413573336,0.0,5411.81046099889,7549.4004923721795,6549.597097238221,7187.052082463382,6765.146515713877,4414.221964469103,4693.896966808074,3951.243365791503,4656.337656926877,8233.60617999947,4272.37820896632,7887.240189536959,5670.69596166102,7096.324668072872,5002.827887870775,4945.283290501546,6482.584146137861,7158.370407605167,6696.668878406914,7475.39310599675,4561.927940178899,5478.156986706574,7273.3722811716125,3622.2044643857525,5030.341317904652,6736.79844514068,6753.522069898506,7041.398014101308,5840.012933439622,4500.708794198659,3701.9235944837283,3876.656100170031,4588.99319474587,4404.241634786663,4167.204811506505,7060.623357326652,7498.961523079357,6258.175599259867,4909.710525037986,7129.905377166014,6042.340042053106,6928.013001892429,7491.000368079283,6808.435251298632,6412.651041991581,5618.141876069699,6940.246491932663,4335.0635732690225,7160.437125446963,6897.603739421127,6996.973055023835,7327.582774014873,7017.1821881039705,4501.956401071625,4792.913591399545,3978.666487287728,7270.343204088633,7183.357397195371,4957.1661560379625,7783.099857045187,5535.952811154663,5266.3582667764185,5361.770976504976,5283.578818522202,5185.809612200173,5212.919877364488,5469.775250749559,4875.1118280234095,5249.608239286423,5283.082620538461,4676.665496420801,4980.96861756361,5199.435710741545,4886.172147611378,4900.286674910152,5227.6691391961185,5232.883970644593,5556.536789237071,4977.53793510386,5605.237019203712,5174.151465194521,5082.457498156353,5099.933179122703,5091.340975290802
photo_cherry,5268.03716512411,7152.141316574118,6185.879096643749,6173.5219647462045,5072.207541509118,5576.639756967716,5278.1668493771485,5762.58993013817,6872.271788975577,6213.410190811209,7173.115595765606,5411.81046099889,0.0,5970.8499765019815,5948.227276246208,6090.098542356666,5365.662304399889,6213.654527407647,6245.048533040139,5017.818990360906,6049.862871416936,7456.335677549097,5074.009149682911,7263.216527718062,5696.475313273147,6398.044796109905,6702.198733666696,6478.365804337125,5835.694026748342,6042.060644979198,5746.238856738189,5738.195637322581,6025.219258662296,6383.802736511278,5939.256761853885,5479.693375266788,4938.462646982402,5602.754674446521,5632.283434897145,6118.614393505985,5316.16810289294,6312.538533479421,5391.475465848216,5599.311814565236,6172.145277378989,6038.444283152298,5315.821205035226,5851.734778656763,7050.726552988256,6141.621017485341,6440.24590535047,5847.70683015734,5272.183714142336,6301.945205377909,5983.317611721978,6186.736354711772,5452.064930747973,6124.673994406502,5784.722397786321,5998.201875851403,6455.711207899693,5534.88275687094,5711.084703546646,6308.579448645792,6005.454142375317,6306.6304043429,6385.635138349054,5754.810624725706,5722.53749226363,6168.825883324841,5599.851014692995,6323.416116778301,6107.697458298553,5842.594040705412,6047.789126958933,6626.892031856921,6567.877660397732,6580.978418096152,5931.091475497194,6190.746000488543,6547.113859048992,6657.28313303501,5969.438918971123,6437.881617473821,6510.068874651147,5964.045609657268,5984.273529153118,6573.485939954142,6612.27016822917,5926.244159681036,6355.437553657864,6063.015223034389,6043.264633231013,6526.457149297225,6554.000668685905,6071.3133811966
photo_tree,4406.463898246914,6605.222214780453,7939.547899235842,7889.656102201643,6265.737610068315,5081.852213302862,5607.226782371204,4846.460005203782,8583.322203343814,7785.282963518252,7148.145619372861,7549.4004923721795,5970.8499765019815,0.0,5408.933342479589,5476.166360321542,4408.83394141021,8075.697570997897,8052.673996145245,6995.664161392088,7715.130627502255,7489.1846203064415,6971.722885566818,6874.320501613606,6183.432418342291,7523.857918207939,8439.028049677816,7988.476505533156,4989.863524545195,5400.215576423163,5452.564668290094,4874.496058818724,7684.8187734587655,7750.174948752536,4395.828838149563,7444.7206819978055,6526.981298889963,4775.055614321048,5711.668041619479,5562.579556369569,5607.192879859931,8157.863786004639,7392.200486160928,7406.712797210332,7932.141775769252,7873.569122758254,7312.070459172995,5301.390774857163,6950.791529374689,5955.525396800899,8247.375319010445,4808.98673096878,5813.415050864242,5665.902198595683,4153.287240262361,5534.61818701159,5635.4202535994045,7540.787888332032,5445.695593134525,7897.584771693587,5782.341926167649,4861.234931232569,5055.166643104297,5723.741321451481,5452.302669188419,8160.473731197062,8228.76243145929,7597.1272777117865,5228.052928516175,4861.664065403884,7071.738259738363,5099.784326738142,7251.808086033438,7561.991162438557,7331.621707758283,8433.98299488673,8400.94359411459,8402.809256464907,7036.085395775632,8063.599654837258,8318.788781556686,8509.441459605188,7887.49157062924,8320.559434328965,8332.05168811711,7758.167231995669,7830.278541271516,8393.30586121412,8449.987766041744,7185.524803583105,8221.127357184292,7251.967064968563,7841.719828047531,8361.508762865322,8365.351565645567,7915.0428749776775
photo_flower,4910.587163118169,7675.474046462625,7153.779042968204,7025.196414633666,4500.2729331759665,4034.5023573739218,6109.722489197709,3963.0870275997563,7819.012090101806,7226.330155124124,7057.780616541356,6549.597097238221,5948.227276246208,5408.933342479589,0.0,3643.80342283476,4376.621720282021,7169.519403300659,7327.456656035495,6244.374711120192,6969.131284259756,8028.296149248656,5689.15812379218,8091.146481841553,4797.983586348626,7247.898890365181,7212.473482934856,7232.237174145522,4804.917923132871,5551.833012481551,4244.135695095046,5754.388714873179,6484.6570152753875,7092.195528631152,5151.287551564057,6208.968469939329,5659.808164680653,4553.567954535866,5636.828886034973,3620.48210235114,4074.370300657345,6933.1067455744915,6124.690037001691,6504.465618035786,7073.989359916611,7036.901043265034,5982.853131118088,6018.119903374193,7646.279070732773,3501.4564834806747,6849.688445242362,4659.116649012281,4249.112909089381,4484.024439293347,4596.866717821004,4351.847587947348,4312.274794488636,6646.213367108144,5156.560947754087,6676.964058554399,5174.289789092334,3975.7648283582967,3774.2218818107817,3740.1057578616187,3672.0061505042117,6855.0873397511095,6839.445225428649,6231.465677241855,5220.703810738072,6058.8258325268735,5683.867260961716,5695.940411481075,5685.03789317335,6050.571800793812,5788.428023255957,6981.525935167605,6967.058085258003,6961.0301635278265,5469.83527947529,6577.537158412867,6864.399783580652,7079.977120926882,6375.7496301303945,6854.834415779132,6873.302332558949,6264.373388951944,6342.030160141755,6942.735504656727,7004.534546512909,5630.37961829444,6774.791530021135,5736.140870150679,6333.226869165176,6918.147807367678,6907.384803353327,6424.2032783936265
photo_carrot,5119.417379329739,7867.6657710280815,7936.501197401266,7821.317610682975,5378.251779158581,4126.915804431951,6377.640124598933,3611.35018868621,8375.372946318792,7910.433486928089,7664.716533666711,7187.052082463382,6090.098542356666,5476.166360321542,3643.80342283476,0.0,4539.868742062556,7818.737111784341,7992.708922425833,7031.916899822671,7709.736944212058,8184.889439495845,6582.483096626968,8232.59038539951,5713.63943345507,7454.5028511826085,7790.136175608304,7985.186106140089,5624.813359501283,5715.613873173847,5032.055539762701,5908.826016589242,7206.62397509179,7812.571566230708,5250.755888439396,6932.454330702675,6557.557679171746,4807.652253715317,5842.5695781938075,3072.561323206796,4856.808211650781,7542.018705301444,6897.575522533439,7318.236758977789,7806.273346902878,7778.366720941292,6643.303519581627,6239.8530444540165,7884.8841553598495,4312.608789443609,7439.560174427955,4672.692605280864,5200.487952312984,5276.409319327789,4808.450387699786,5092.268295330506,4198.897648854074,7483.523197985104,5226.538514584807,7352.858671665549,5891.121577671731,4122.799944601342,3862.215148848286,3310.5658388769134,3346.643277994883,7469.07573630654,7455.432183600277,6959.7990516856835,5300.079477810043,6289.47672325857,6410.106168853452,5863.557457731736,6267.0729217302505,6648.857975186727,6370.543555275946,7539.534143734685,7525.228300271226,7508.633950417453,6052.395158194627,7148.07834792329,7415.516454946971,7623.665257153763,6970.172038875079,7414.81637555118,7436.335519534051,6850.057511176591,6923.140417306494,7499.389768198822,7554.398017568558,6190.178013385111,7347.745912426361,6297.649131519313,6915.14528930479,7479.040538716523,7468.277763403721,7003.4707945207465
photo_watch,3692.221286218645,7026.626684661389,7228.77432140596,7009.382428877118,5220.516840256417,3991.594034132966,4867.1094940211515,4172.818539871574,7703.324264603314,6882.170432197878,7431.282028065999,6765.146515713877,5365.662304399889,4408.83394141021,4376.621720282021,4539.868742062556,0.0,7338.930781809167,7301.196875095214,6235.847014401549,6930.045272279932,7772.823844759226,5989.504352992539,7202.09122348942,5267.657515059165,6716.36910626199,7642.68596982614,7167.477107861847,5400.991085181346,4665.382005853193,4618.369738641425,5484.188100191293,6772.5811799858075,7045.734443282041,4963.936447886775,6544.317357269422,5746.402435675904,3412.0995930805584,4864.5135630265995,4450.9563178406515,4542.848410484473,7340.581704567067,6455.737584233751,6420.559811181488,7119.370417469123,7116.158535629518,6391.618499829722,5122.281090968636,6734.269753195311,4759.911623824075,7304.138292107393,4490.818149316482,4960.370904079408,5352.5574980778765,4027.3642989513737,5280.466927629585,4522.882865561203,6581.72033425636,5001.986032989107,7021.891855100252,6059.24487047931,3723.2770610542575,3788.950323790195,4617.716348475621,4302.282992136885,7262.06295074033,7264.586927042334,6645.546164444881,5109.7216286860485,5368.867238150633,6122.813114538749,4768.953500030502,6343.250033996453,6619.293475358572,6429.245598219747,7477.548882815814,7453.969891058888,7450.132495189639,6161.560589920144,7087.961522473352,7357.524625424426,7556.613001755982,6903.912350382008,7349.080770957793,7374.812642446133,6797.263005992307,6869.845047583795,7442.667300942999,7498.700833909041,6300.6184604881355,7256.540023146137,6377.52283959689,6880.603158910921,7405.597627417995,7389.0178171313255,6951.501790969488
photo_key,7597.448669633602,8090.608325053014,4641.206017074603,4726.788138807522,6066.1149333541125,7188.113419635994,7092.853245410142,7756.0496777390135,4998.109123947384,4827.548089222086,7402.88373532102,4414.221964469103,6213.654527407647,8075.697570997897,7169.519403300659,7818.737111784341,7338.930781809167,0.0,4201.935888760597,4668.8370540421665,4165.71122594867,8255.44420616443,5092.99514773169,8060.919973996107,6375.525654154736,6831.266395503533,4220.250900752031,4570.387920001216,7008.571781762737,7240.797990792053,7079.596969969531,7956.285138680108,4127.989490487448,4990.405055017116,7748.306103506764,4242.37333429023,5723.4597134214355,7298.065629493054,6946.575400617153,7540.290256353575,6493.146919816417,2984.4234606018763,4299.8783329352755,4268.246703792034,4082.3951838345597,3840.8134717678354,5101.843611715602,7318.078148516493,7235.575694648615,6882.181680957821,4468.505407060187,7651.2282554929125,6651.224209821541,7273.799379499021,8010.605691682435,7420.969987129772,6974.668961566132,5184.905832261463,7292.8914505749,4258.361720722857,7638.921271641663,7472.522547309629,7489.946931461032,7857.563982946826,7613.961034142228,3434.935459531999,4426.598331362112,4590.3363653308525,7779.7579203651185,7742.709020362463,5653.046718769535,8055.153201023994,5772.218477699465,5502.019498680515,5793.236489467732,4961.953368557106,4360.665084336802,4419.783078097978,5863.244204231603,4554.560976322537,4535.9879315975095,4537.36758044895,4850.985614422027,4444.175676046168,4501.745909797861,5226.901678023764,5200.094431293599,4490.776285340613,4451.0396091955645,5979.401472713401,4281.184424161187,5851.774888114413,5260.451060706794,4378.434582064943,4441.07607866363,5116.481020833279
photo_truck,7608.531174175479,8207.834182348763,4561.030138627407,4565.92671971487,6286.025926101538,7294.999628695989,7063.151359569464,7905.591722627504,4794.562829497632,4380.304158770622,7376.490023625222,4693.896966808074,6245.048533040139,8052.673996145245,7327.456656035495,7992.708922425833,7301.196875095214,4201.935888760597,0.0,4729.617645461739,3729.8976233957906,8393.302788783743,5325.3081218409125,7809.212152393781,6473.007441826775,6683.384795481119,4865.122828179859,4325.303145691765,7239.1629671859,7257.099042536589,7239.805251976405,8086.333356707232,4187.585998539013,4934.840404551622,7839.2752950844115,4438.028095325968,5860.7636011088,7333.856501350174,6949.532987037386,7803.318125331262,6782.827591362556,4325.928507530661,4311.219197236566,4291.246192030308,4141.6027744268295,3906.3180101784806,5218.281269339765,7232.474251893111,7072.886902195831,7015.508492470028,4710.605066278557,7599.07001413271,6772.21214986319,7327.38825143144,8090.953286063338,7592.0476810165355,7186.276399621518,5194.715697623145,7388.562338138009,4262.671427058054,7898.400025161536,7628.290975894114,7540.724586917896,8037.8988894225995,7821.3393115939125,4275.887484987282,4488.468662616301,4883.172197370087,7932.173962403993,7685.737191346217,5780.18067774388,7859.6852755758255,6092.932261297789,5852.265872042232,5912.421418587239,4993.651535654201,4988.800171597544,5053.552617697896,6092.188206119034,5144.193284628785,5076.828944377527,5044.526303028169,5278.999394505763,4750.983417240595,5067.321986161689,5565.886658833874,5522.032154005478,5069.878319001912,5038.796034830055,6083.141682334929,4948.49304565467,6154.405373115401,5738.009185469182,4893.01959426325,4877.72273031731,5656.187105663788
photo_velo,6360.851697381397,7285.146082984799,5054.98418773511,5064.028336414682,5099.3931268598635,6228.487702122565,5654.073168395692,6743.997459459556,5512.333343738336,4689.661349822524,7214.643679758858,3951.243365791503,5017.818990360906,6995.664161392088,6244.374711120192,7031.916899822671,6235.847014401549,4668.8370540421665,4729.617645461739,0.0,4630.142773090335,7640.326420274025,3977.1122925213344,7185.450046960845,5315.1505507170805,6440.966580008047,5062.570706428124,4655.053721340582,5942.427509607754,6521.167938713038,6144.434215705918,6692.998967320224,4364.281113207754,5060.338202934408,6760.3485082263505,3604.1750126683064,4066.2065080436287,6231.214330675235,6035.59062347265,6854.063032179359,5586.829718721239,4603.126533441846,3446.953656146686,2765.095715630882,4415.477361580468,4094.0221819782464,4041.478005485514,6327.531677109066,6695.087275259889,5877.494675361034,4657.443524498926,6480.537463347819,5275.4795742450615,6238.845791794772,6814.241484892596,6207.444481588952,6005.273968751321,4996.664719373065,6317.297047337412,4041.24705829129,6332.728149863265,6289.248541032784,6393.165246284425,6882.838475201452,6660.164377202272,4484.355453969969,4579.209161144704,3602.7035456204867,6592.335861568952,6245.222240056803,4111.647505674686,6851.080417457244,5226.18639778099,4952.07265864856,5064.156246542749,4972.861651169914,4974.408337654052,5017.440912167931,5219.786209119587,4666.258670029447,4974.653081187217,5049.1131716950495,4428.909924049702,4754.496951897701,4961.6440256683045,4568.0288099882255,4598.891224419765,4994.7866829777395,5008.159227019214,5256.769367205158,4776.921234550978,5284.874630731953,4876.048087665305,4854.637845709871,4875.705857465571,4802.308483560354
photo_road,7143.594979593507,7950.303716174593,3384.9890181244796,3285.510543046935,5752.813845407192,6699.527136352536,6565.45556351561,7563.010134260645,4957.327070453974,4160.923620752279,6870.7781293254375,4656.337656926877,6049.862871416936,7715.130627502255,6969.131284259756,7709.736944212058,6930.045272279932,4165.71122594867,3729.8976233957906,4630.142773090335,0.0,8046.044425869779,4657.0417354438905,7644.734515071979,6098.557945372457,6082.095715397943,4637.623841724686,3909.9919433018604,6832.692734222088,6754.375604943333,6740.721801173666,7761.051297618094,3939.4436504155256,4379.58410891673,7399.356860820668,4199.351911533891,5174.48154021034,6804.9304922374895,6323.722284287023,7471.911753729235,6328.875701202751,4119.083923778606,4175.117977223798,3870.495051915944,3554.086226294384,3628.3841860527627,5100.465214238613,6811.982240591811,6622.868942234904,6718.868256039134,4606.4790272819755,7251.188395058952,6335.442495905709,7028.869788519856,7592.9710095291375,7335.742114983719,6827.092005665546,4612.266504736158,7191.15399267097,4119.083224507474,7463.4852089838005,7246.296108801641,7193.546453011545,7785.6724480509265,7526.714427183351,4101.2978636630105,4370.125077390609,4564.724131398797,7647.149495687382,7346.026967320185,5700.590436168292,7630.190140209601,5980.872527717569,5768.687494328204,5827.848483944076,5085.098522718965,4964.186377837219,5015.346054058288,5912.000535406553,5082.374694466999,5073.040024304003,5088.873935923257,5230.385627669431,4752.98770963576,5054.288853354055,5469.484325513484,5463.890557494526,5072.966149377655,5011.011812253861,6027.749438332207,4872.921619036567,6045.558234709792,5673.260329706451,4848.576269588842,4854.9843235971375,5597.087749720994
photo_house,7666.870596591866,5893.020855323722,7956.539247458918,8026.412517135117,7782.654171486871,7681.03652183795,7241.672458819772,7693.769709568637,8879.406050279049,7835.020659423321,7439.603300198214,8233.60617999947,7456.335677549097,7489.1846203064415,8028.296149248656,8184.889439495845,7772.823844759226,8255.44420616443,8393.302788783743,7640.326420274025,8046.044425869779,0.0,7502.06199678602,7180.243657807532,8170.053506309911,6664.348056184647,8322.843161665682,8056.921213095004,7435.2311232979655,7635.904429278266,7772.508464714315,6775.092986860682,7739.444256240284,7583.33061530103,7258.473113027977,7768.144591908338,7137.943967235347,7813.670612698155,7838.586124823833,8076.024883712631,7884.48465407199,8101.048755049517,7762.597679488145,7854.084473386161,8165.048045287751,7904.996249707811,7909.680000091329,7086.517828672842,6942.554981986207,7996.995158157798,8025.5301622633215,7469.848048372082,7788.12497991806,8192.48069214018,7446.549095438102,8055.982254776111,7850.825638268904,7368.41343913306,7743.918412931107,7857.4518260647865,7453.976757797833,7632.392366826604,7773.038060530304,8208.952636024433,7943.774048802879,8017.32579515574,8029.916604697197,7848.670184102786,7009.818315880511,6170.161356674089,7666.2324707488715,7546.5248083744245,8179.963382841084,8091.826659448093,8256.72698247035,8203.164812275101,8062.243145393279,8071.631651867201,8126.53685798794,7994.536745817591,8008.28036868681,8259.324667770186,7998.0637697867405,8002.984955328372,8001.598285878878,8011.531630357416,8059.59592824402,8061.755846304164,8136.543548408848,8239.090190697741,7858.958873070099,8196.672797231196,8082.371975578134,8099.873568613912,8098.169581116862,8056.870858219671
