,photo_face,photo_profil,photo_eyes,photo_face2,photo_walking,photo_standing,photo_hand,photo_legs,photo_bird,photo_butterfly,photo_girafe,photo_fish,photo_cherry,photo_tree,photo_flower,photo_carrot,photo_watch,photo_key,photo_truck,photo_velo,photo_road,photo_house,photo_mountain,photo_windmill,drawing_face,drawing_profil,drawing_eyes,drawing_face2,drawing_walking,drawing_standing,drawing_hand,drawing_legs,drawing_bird,drawing_butterfly,drawing_girafe,drawing_fish,drawing_cherry,drawing_tree,drawing_flower,drawing_carrot,drawing_watch,drawing_key,drawing_truck,drawing_velo,drawing_road,drawing_house,drawing_mountain,drawing_windmill,geo_face,geo_profil,geo_eyes,geo_face2,geo_walking,geo_standing,geo_hand,geo_legs,geo_bird,geo_butterfly,geo_girafe,geo_fish,geo_cherry,geo_tree,geo_flower,geo_carrot,geo_watch,geo_key,geo_truck,geo_velo,geo_road,geo_house,geo_mountain,geo_windmill,word_face,word_profil,word_eyes,word_face2,word_walking,word_standing,word_hand,word_legs,word_bird,word_butterfly,word_girafe,word_fish,word_cherry,word_tree,word_flower,word_carrot,word_watch,word_key,word_truck,word_velo,word_road,word_house,word_mountain,word_windmill
photo_face,0.0,308.7563582752938,354.29998275456614,327.0664404025019,299.6385939133668,300.4138878401992,288.6453525943442,283.21964676789554,328.7113360341624,367.6492416160233,358.7427380654383,330.57910354417305,328.4885899839422,305.53514957595604,300.36417606540607,298.04372243288395,319.82699903710125,324.38304488297103,348.89469985139067,326.5400134181771,371.55446979982963,336.50526383914263,338.75018367317136,340.2639275418447,299.17894741568574,334.83346721059263,339.28139251410937,335.9186473031912,311.50011845617195,305.3514015337939,315.8374345144985,311.9184097826858,318.4646455506539,355.29116003579486,311.26405355985435,332.5478316070987,332.26504380329396,288.5627573842486,300.5287386768943,299.36053617206034,292.41529193625,336.1861533115387,340.79735527893223,328.42837688366114,313.1481697722756,351.1158544526213,314.31510672186926,330.43877498933267,346.6433056396108,297.26637924857334,339.0711987093953,307.63971267415127,312.36593825120633,308.77901402163394,321.6058361250406,300.49997842073725,303.72480682223716,353.25561728420314,319.5068428538126,338.25695318874284,334.0732159640013,306.55272449839276,302.8717528716529,297.939952801786,302.72751738736645,331.2717846650553,343.4252237540211,333.92471520944565,309.8194314261629,318.3053727140174,318.7616458522023,336.46884765865536,303.17693887800135,303.76054895881794,302.20946674560884,328.3236209416266,336.57795420772356,334.048250343103,302.5492221614606,333.1432035869087,328.8150311314469,335.37459084277566,318.7762770202191,335.9533933343054,333.70073558103394,312.47070312223155,306.55839843303687,332.75294700012967,326.09352407669354,295.0410120055131,332.56405586078233,301.6051525617449,309.13409955345037,326.6631375832495,352.26871939145417,312.847592388557
photo_profil,308.7563582752938,0.0,362.6685079382009,337.4117020423295,331.0621616350696,334.1651398564873,328.1587729266174,330.53028776693594,344.7027348965861,373.2886655019253,374.46510063379066,356.1234153104942,349.4734593139396,336.9759402157511,340.09905951010046,339.0488313091027,359.9480139936302,342.7458710807011,364.6785899824014,354.47953108835935,377.0037661344333,333.80416487204695,355.33671866409037,347.40168906816024,343.21828311989503,319.9081706367369,354.38258999861137,346.2103023948744,342.6213979560495,336.05567244108295,343.48795743078443,326.27141946842437,347.2165478936923,358.7683333113602,334.710306025224,354.0903813046406,342.7956089602025,336.12223495014734,325.27173508739344,339.6130019465152,337.6829016470941,354.4607856754808,360.4378897522991,348.0097220679246,337.34792232008175,356.83235822108037,341.2136903168739,347.34348334563884,354.261041596593,337.73753251333056,354.1448824859716,334.32203054599546,348.74671425692424,342.76935184607373,349.78712324182914,343.3989173418406,343.68092068259193,358.55299408208197,338.93199790450666,355.8879952285223,347.03021803788306,339.9151369674727,341.822354361999,336.23468190863827,338.6261489158891,350.56579559116636,361.4495594020184,361.50545816444054,336.8848752632905,334.8102934161042,345.05395998147895,356.2280356384816,342.70627581857224,344.73009557182337,339.86167849005625,353.0763776814694,358.7891940067476,357.2276292561556,340.29985643618744,356.9296293963518,350.7268206197061,362.42276292410986,344.47770265648074,359.7045890303704,357.02971565710016,342.9783822356748,337.9594734720955,356.7189353955682,351.0700933081902,342.86956180535344,355.25862582765706,341.3072701217833,339.5066203535962,353.23594663514683,378.7409936473856,340.3861453228735
photo_eyes,354.29998275456614,362.6685079382009,0.0,343.0239249160706,351.4406971689201,356.46777242070044,351.0265193005305,355.578003181618,325.7998005272118,361.68810001487907,366.9552780247089,329.0398086783197,364.1918244625624,367.3016430368427,358.5063818847491,346.6686934560597,384.16773507303844,317.6495311144856,343.19145718840105,336.8781380784705,313.686903292504,379.4585941024763,344.81583128103716,372.064135562977,354.8288152406703,370.2203955454856,318.208128777829,346.52498062015206,368.4215750296532,357.13090137008106,363.5849068091374,370.52009946785296,334.0802616949568,350.76340039257025,365.0184293784242,334.1092709530182,341.16239783438056,350.29841443624866,349.4134058079651,358.4413391576063,349.54143545250105,324.8750819280855,343.44132125755124,331.74279504124246,322.74214252101893,326.7273951395188,331.80796333424485,372.6344859732128,369.86039134711314,350.92885489499355,316.6007300889978,363.334721231175,369.1735464799356,365.44514864102683,374.7682943091603,357.6508363563216,354.1967209087089,357.40428746318054,359.101589154491,335.8433627915701,374.5019729285048,350.60517104210413,360.5885827451522,352.2279136170507,353.30605323704896,321.93443810945257,340.5261899030767,334.7390361155833,361.1630442545549,371.6104353541089,343.7798645779049,382.0404494599616,331.28443433830705,328.4015776967108,330.66842603991665,328.3057531607411,326.96993028347896,323.0683429172798,330.79339620373617,325.3817090616883,323.66715386778293,327.4013108957851,322.74572186930845,326.6045982178021,321.0134376497257,327.16095184431794,326.40346251682865,324.03196606037955,323.8508605202685,329.5032966493491,320.31574067946127,330.2348355617934,324.40635104084043,323.7863712507205,347.47769630711775,326.81200857524595
photo_face2,327.0664404025019,337.4117020423295,343.0239249160706,0.0,333.45188922784104,341.6652452905446,317.2580653949497,335.61517807655537,320.2006248675175,360.57190776674884,361.74761325312585,341.514887357375,348.9341295917622,343.25142202043844,344.02540551767123,337.29282676017584,367.03594903027766,337.33625908762576,357.5609210452399,345.66561137223766,355.3347941757584,347.4611458449238,354.1782321674926,363.056856544545,336.1474606277139,356.8518130883375,350.4963288564435,314.1890259564751,350.6703491428432,341.19878595343,349.37729911566163,348.7200578480591,339.0119488540894,350.24303113260123,349.9859787473938,350.64363265333145,346.4764320545302,335.3883252263846,332.7339543950946,350.1717429672404,339.0021100842818,350.7850906091441,356.0338521439482,342.0316684334367,331.9415073412079,350.74897250913705,336.6150429285053,358.15264699288235,361.1083495148798,340.9678258407759,355.6299709012762,345.2012767425906,347.85073587766925,348.8094939799575,351.9738041665353,348.34263259577614,346.80703307521117,348.8044313269161,348.20681383884374,348.68202086418063,360.9977443483268,340.25483019752227,344.4190673197031,341.9204857129061,344.7600477460117,345.25147802464323,350.54368731777123,351.3514352566891,344.34591543993514,352.6006836436021,337.31699883377996,368.2117692104148,337.7632340986718,336.6387572195241,336.81013019558065,345.13147037744125,355.03863027725413,352.80413253930095,335.5295261251939,356.7641845387009,347.8829336346942,355.05714609745837,344.3681074715257,354.89939539875354,353.0417978915785,342.11863574062784,333.70499097856276,352.5845567044107,347.2374486367946,332.29601426461244,352.2613201968913,336.03297002569997,340.1282249783545,347.34130919621174,370.8724116807236,339.7537366428333
photo_walking,299.6385939133668,331.0621616350696,351.4406971689201,333.45188922784104,0.0,261.3000162286424,279.8002454973132,256.0304540101264,297.01712664386076,339.6911348951314,340.82332960910196,300.87239652867913,289.6887386341932,290.9765911724255,259.85919800146297,257.37497042403885,296.1659702499551,288.8929109468034,321.77395172777045,293.0835237531742,344.934604121412,344.57572087172,293.96550840867474,326.15689786864084,276.5100399168621,316.98029164494443,299.2642270454342,306.0991765771853,251.42817169543764,279.5830065479229,284.8022962681431,286.0962838910288,288.1517771301019,314.161771034829,267.07537752845144,291.18881933214806,309.23340448835137,260.9114973119398,277.71685093112205,261.9399308676024,261.14562933665457,301.05860399151476,305.95392318603416,298.73839311545936,272.8883910486538,317.9944649949281,265.2995732020584,309.17257528117926,320.8531050274759,253.42652914052266,304.2985004929796,280.53150422001295,269.7666496224869,273.13644598696794,297.83376798116694,262.5214722936644,257.1581272978086,319.6499724452725,268.3257281022914,293.526250395957,284.7282685588037,254.76383610549277,280.94895140265845,258.2608547494939,260.0697980591303,291.184394912714,305.2372691460057,308.7422641485478,277.5816993271645,307.76399345615346,282.4123653674576,311.1105053004946,266.8360218868644,271.0184337806277,272.00775551958054,297.0260105670118,298.56269799670525,296.9853922353719,267.1586250434469,297.6073956406682,293.6585872152875,302.4721934036379,286.0734008737319,302.46911174227324,297.12954033389207,278.6011174429434,271.0636285843566,297.1850843502816,293.46251415040183,265.15716821193143,295.57579007933055,267.2927942082376,273.984944913223,294.51019855284346,317.98433129941094,276.8128794939743
photo_standing,300.4138878401992,334.1651398564873,356.46777242070044,341.6652452905446,261.3000162286424,0.0,282.46332959927463,248.8399101407137,308.79481845089134,350.33962853336794,328.31641431283555,315.23234732506484,311.4316829055872,299.5906324044758,230.68089882106807,233.71355900548983,281.1226148281098,292.46648515163525,327.2394042918778,307.978548293782,354.71595161155875,346.94423237555674,310.1320295390876,318.15905817072536,286.6081548156834,324.6130323819789,307.8685664699241,308.4071979576531,282.5075456435343,244.28214478750166,274.6138194964805,285.66273370060173,292.613753142486,293.6547750880603,255.3228728701867,301.35357629355445,304.88747461023735,265.07124781804345,258.998435369487,228.4286075318323,258.32749114789635,301.87609808841074,311.84518118301173,312.469301801659,269.9671742055681,326.1690483215835,276.97424368454267,293.448107186802,312.61774005266744,231.0549452661433,309.4813895161662,251.21245395738072,278.7381166503487,255.22160338367436,286.4579245157116,262.27057500258184,250.45235450623247,313.0808558537427,252.82378066206394,305.4375482826515,293.4944649276571,254.22757522301387,255.1780191138242,217.21045528711068,235.86046345135975,291.9306260381796,309.20312856111303,316.2702061391821,266.8664324302307,295.866862102304,275.83891049305794,303.214442471567,270.0075820707459,275.59601908707066,272.24769507710323,298.8514361639325,304.69295585296135,302.14532453845067,269.9315470413728,302.213271937174,297.6751237773614,303.0123276978957,290.5491732682281,304.28393693375483,301.26978996412925,280.6350807935228,273.2035238792955,301.9419910724858,297.28039894774946,267.37900084831625,301.45143321518503,267.5227628240527,274.2020490922545,296.12204006866364,319.17643419119094,276.5356924889555
photo_hand,288.6453525943442,328.1587729266174,351.0265193005305,317.2580653949497,279.8002454973132,282.46332959927463,0.0,270.6230511004443,320.07126299048576,353.10888875353334,352.82111157746704,311.3303165768601,311.6251668796865,302.47656855368876,285.8339628463508,269.99189611073365,315.4073581252044,308.7481439501637,345.5595393478602,310.9964073024725,361.0996233195221,336.8538030877484,330.4135169537825,340.5430090487664,311.8959991028795,335.71834952369704,319.81255068444756,326.41698662649446,304.77072754585447,297.6047979928322,298.39241267281005,309.4217547689713,319.8979946160334,339.27772319794184,298.9798793543681,318.5381121189824,324.0146739201323,295.54827705917955,296.8585991499434,288.2932967290626,287.97295765201517,322.0762887697064,327.6511402315889,322.6111820503993,297.5616714967657,341.5337397755042,300.15871372264706,325.23571244424994,344.9471207097865,287.4066398781904,319.73933373411234,305.9555863630044,310.77495272158234,304.22501979254196,297.5922925191676,287.38711007987325,292.15009603036987,333.81440207429694,301.1108894527125,322.4581097626788,316.49518959295307,292.7902739021976,304.6006919687787,277.4427698448148,286.1687741991255,316.5679316171502,331.6629121053986,327.72423536528476,295.8346274038403,320.7132479925364,308.65055044,330.32091474158375,295.5968231581344,294.9949973932757,295.8628825763804,317.7749706579487,321.71214920206006,318.2263114793765,293.35383657389025,319.6267634406805,316.3538885772325,322.10209699751135,306.92530711806614,323.21701677488824,319.63848535488495,301.53731643424567,294.1072739558566,318.8626232536961,314.23161818538705,289.69382511846675,317.9005279706292,292.8585166811135,294.18540284938035,315.87613272070826,337.7299897528306,296.32562212187526
photo_legs,283.21964676789554,330.53028776693594,355.578003181618,335.61517807655537,256.0304540101264,248.8399101407137,270.6230511004443,0.0,314.50831815217805,350.0798067796833,346.2575680110855,311.1601914472458,303.2742828739759,305.0747046145511,254.53279087868535,234.87783889278765,296.94831952759523,301.057283395183,338.18208531612106,311.0845088207944,363.77043621577303,347.44097147723926,322.23278935860577,329.9019266281906,286.5451513375731,330.56276561156784,310.02721109897857,323.0868825112953,280.100857360657,278.9207244074942,287.3227513935317,289.0055611567856,306.0870479201152,323.6369609339064,284.75560708595975,307.9623026815402,318.89134411366246,275.560535430478,278.7793027289823,256.20250467065915,265.45154252088287,311.4200783303014,325.08684993067874,320.41291506458305,282.47209961967644,335.291677299982,285.7096736872633,310.0212606465969,327.49904274042683,248.689006487535,312.32615128115776,273.9975245171647,288.242422757309,272.0139543576103,301.3904335344595,256.73685362810926,252.75578294126277,327.397177573468,282.4924337125728,308.76620280370497,292.8152936032599,267.298094042001,278.0625329189348,250.1943265739659,260.23719103697016,302.2095062853363,319.3385082350259,319.8908239219377,286.0151468480726,305.9353128395843,289.86080111222384,312.79267408071394,277.41319678280877,280.8475472548285,280.29658985514504,307.28885441822507,311.2698080902522,307.44294619110053,278.1044053912116,307.09331165564447,305.6458334047792,310.23060616820817,296.04047212807046,313.38480885296286,307.35339961030803,289.27238362135273,281.5736664131615,307.8268906063635,302.085533342321,274.6341415553672,306.68782206293014,276.9683727028047,281.84870807531087,304.52091303046785,328.2281957684701,284.3547250867984
photo_bird,328.7113360341624,344.7027348965861,325.7998005272118,320.2006248675175,297.01712664386076,308.79481845089134,320.07126299048576,314.50831815217805,0.0,334.41206068180503,315.9188245575384,271.5426203119739,325.8939762029952,318.95395425344407,304.9335205726157,292.4682607078614,323.39873790200824,253.29258195504565,308.22788423759994,291.58786014766685,325.45427188851374,356.07617448440396,307.1510096212973,351.7804844160055,297.88925352118724,327.17078987574587,280.3467106944466,298.9168180948064,312.50360748609467,300.2015890614975,306.50552833570407,322.2799523601427,257.6063757867716,324.46302881252655,304.2004253302459,282.8198440566525,320.645527692059,293.5257744101664,289.6443153611951,302.23205418357804,282.89442742912973,266.4608921390915,302.91915178744864,289.0309037386024,255.9700748266702,304.16060697734656,263.4035245048792,330.30317386940254,337.56828433736166,289.9905902084021,282.75479029869507,305.1549128742864,318.85548428265446,311.3025995286041,325.0821263935657,301.2483871012078,288.9519204028993,327.77388186478373,299.1691675861208,282.85738327789335,326.531942289095,291.16780480019713,303.73329756381446,295.29580173213907,284.53802678037346,257.02738943864443,302.72189830172414,299.8063611965272,312.71597902012286,324.7530281035594,292.3808488455895,335.90263455330205,263.70746516212046,266.4088069173887,262.84731339066497,269.4395560636062,282.061385650241,277.6298175285265,264.2487431402287,281.1902054096858,271.8839884205197,281.59134635337466,267.9735872293853,277.39185073373125,274.32571464252084,265.9258141754741,258.46079316160456,275.0989359199075,271.0119952901378,260.61819788197994,275.16835911777963,263.6316924847132,262.5047080415301,269.0782391326803,299.0116681787638,265.98641621708737
photo_butterfly,367.6492416160233,373.2886655019253,361.68810001487907,360.57190776674884,339.6911348951314,350.33962853336794,353.10888875353334,350.0798067796833,334.41206068180503,0.0,377.5222206674342,346.67538708427116,357.71297832633127,359.07674224383356,354.48413727618083,347.75132621472096,378.6964262119763,337.2116018195379,355.39831560477603,337.36553340707917,355.94380428487455,381.8245640567284,352.8947297667981,367.4224971201409,351.21065271533837,350.89789748036145,342.63502238709447,319.50635322755477,343.6289554823807,348.4337099719303,356.296578716569,354.7149447438756,328.14906732534115,329.9929848721374,353.16126783069996,347.21985189303786,341.7358387877921,347.3959799524779,341.2314951045568,353.7149188297486,342.3542540227525,344.2899506185903,344.27955215587036,341.47376633459845,327.035639360915,347.26416279307097,331.6552960330366,342.3326820495605,363.7910047096207,347.83654257225606,347.60366746310115,349.02797745705817,349.0011237269367,340.5251962217,359.1999300352901,350.86087524669927,349.0498376068832,344.0781388608799,345.7960738565226,346.50246671780275,366.1137923507814,342.6763811260547,352.6342058729828,344.7514160099452,350.1879161135179,341.1300875394767,348.51131984958676,349.6723021643273,352.206965575426,362.78948896876176,328.1684398836897,355.07649705737305,337.2885318945547,335.63198437572356,336.8919669250545,345.6879738172518,351.1611647989368,350.86639825060035,337.3585680891835,348.35511145247153,345.2718088604008,352.9481617353609,339.29324244197966,353.3803797287984,348.60716682679094,335.62066306830724,332.76697563997436,349.18852336703077,344.6431780084813,334.8942271144209,347.8632290409882,337.19868598841316,333.41345385954793,344.6355588577659,368.5117626117937,336.27393617499524
photo_girafe,358.7427380654383,374.46510063379066,366.9552780247089,361.74761325312585,340.82332960910196,328.31641431283555,352.82111157746704,346.2575680110855,315.9188245575384,377.5222206674342,0.0,342.7722878201184,365.1901174005222,353.3604521580737,330.5453926222256,329.24246235005745,358.6316947474243,318.60190799369445,349.5152531959445,344.1936827947758,370.55574475715184,374.8831061339937,355.0709181062649,368.8571966980471,340.0476777028274,362.60411009409034,335.32011369567977,344.26885038263407,345.8327374790912,338.2279823631875,336.46779110567013,347.1591706684623,340.56435466924626,347.3335946667857,326.7646984658427,339.4875749432001,347.7109756775194,331.5325589431442,331.75894332626865,335.4682789038217,329.075541352511,331.65113699919686,337.971726416522,336.5720987216025,320.0985201927644,350.9583410800561,326.8246353828573,352.32672739893314,356.50566091671914,331.971231706271,338.42354738103484,328.6316749540919,350.22245583605036,334.74942812756154,352.3144500736823,332.6949619280233,344.5429100760294,365.0566281025484,326.1758289360461,341.11006639642665,353.5855578822567,335.9758902486246,329.06499843806307,330.7361080289586,332.3555901722388,327.0008343042359,338.45821950884545,341.60981813153853,342.8287752713851,353.4137380902888,324.6059415884729,352.8294957097512,331.5452885660514,330.4304916045635,329.8786951076463,337.9777204687292,340.044714357777,337.39784713533186,329.3848666794878,341.97537129156655,337.12030144275633,335.40035267452987,335.8426491390415,339.6927376377437,337.56832301125536,333.23991241143716,327.8932474836592,338.2290024515253,333.1394110980958,327.1365892901209,336.7276900034001,329.6800369055988,327.29185771567313,333.44537002044177,356.88615913186226,327.03657172882043
photo_fish,330.57910354417305,356.1234153104942,329.0398086783197,341.514887357375,300.87239652867913,315.23234732506484,311.3303165768601,311.1601914472458,271.5426203119739,346.67538708427116,342.7722878201184,0.0,329.2299071311007,318.91735366152506,309.25927104995066,286.0966306538653,328.2145047995079,258.4197812103186,306.42382229035417,284.48233870911093,335.910042249324,360.92120073211726,312.03968869940917,358.4222787850418,316.82886655122724,341.03055093776067,267.4818603543246,319.2633522896279,327.87872747967134,316.57976277020083,321.8519683065497,335.85079018317185,289.29031003289504,337.48831963734517,313.67794797136605,270.0522252837056,324.23264353791905,307.77218575485904,307.26832660563423,305.89007412369267,291.6861130116513,272.7494367254527,295.6394052885225,300.69527673169415,257.605825834135,313.70210803641476,264.44629665537497,342.9959216536972,345.5350363119434,291.67494925433493,274.1121014085271,311.9465697216735,334.12473006475835,322.2041585251574,333.71214909802893,307.1930044770074,296.8598750158482,339.966213581815,305.0590729796855,262.60783092501066,331.6018105356256,296.03147980597373,317.28511805835325,301.85780139770225,293.7486193331794,268.3917082526294,300.22869807157065,308.312983817391,314.87185659385705,332.75429399984813,297.5177391915471,349.13114367748545,264.9614216597843,266.8731950562317,263.2646739738314,274.7972318057596,272.69414394739124,273.803171791291,262.4889629757807,272.77315511095344,264.0223760289548,282.4063729007235,265.26689228517915,275.9062725428337,268.58335639226345,265.0624511512693,262.16617649626517,269.9850276844678,270.8322442414288,263.36659743162573,268.7925198089467,264.620960897432,266.03293906499505,269.89450401381447,296.25781153741383,265.953214806541
photo_cherry,328.4885899839422,349.4734593139396,364.1918244625624,348.9341295917622,289.6887386341932,311.4316829055872,311.6251668796865,303.2742828739759,325.8939762029952,357.71297832633127,365.1901174005222,329.2299071311007,0.0,312.5718464420909,311.0073755681033,300.8405004701009,337.07061966760386,317.8592408612865,341.98413435472315,323.48252297444265,376.61186828186345,362.6567063895117,325.1052323611946,350.7828215104962,324.5993935175673,347.0607967852252,327.7126445351677,342.3837586270207,310.63937999244706,323.0922838479153,325.84738701754185,321.3856271278855,324.7316139546922,343.22765888314217,312.11186581952876,324.0312377716011,330.3357664765682,308.42823337988483,321.70970544836064,306.6695022545816,303.25249884046633,329.36267785111363,326.67812331832135,330.55927767578464,309.4381358359488,339.5790817805105,305.1459936645615,339.1229101772198,351.47299362534716,309.45630574954293,331.4478162403641,321.9299426268579,325.3039616683592,323.61982170752293,332.61250152952465,300.76554535203917,307.43876885923333,340.03089479382794,308.7291957223226,331.5334188318628,318.7924670495973,301.806827191578,324.18058446750445,302.8162268133165,304.73520219591023,322.7332024495455,333.3294858930055,334.7881258726982,308.9092803814594,331.63256075156227,319.8084314251474,345.8426533057862,305.9600233660293,306.38269455667466,305.18543405724824,326.39421810650214,329.68242790724804,326.5573371355856,303.82658431142966,323.98519598947684,322.72945270180287,332.56377787767605,316.4891466540033,331.0918323169039,327.25797419978716,309.765972514279,303.5227429711219,326.03530956017653,322.23435640134255,302.2175129609943,324.34031274677557,305.40042886145085,305.1968260913409,325.18123047585783,348.50906943996694,307.77343437442954
photo_tree,305.53514957595604,336.9759402157511,367.3016430368427,343.25142202043844,290.9765911724255,299.5906324044758,302.47656855368876,305.0747046145511,318.95395425344407,359.07674224383356,353.3604521580737,318.91735366152506,312.5718464420909,0.0,294.3380203125917,289.02305112813633,291.96382451986995,308.8270609509342,342.85657726460363,318.2072358392563,362.9192921353935,326.3494460699508,304.27883069200107,330.59882320196124,309.04739675813835,337.9294925865803,325.35332420449004,326.0139067679649,291.7834381547883,297.5273396775057,316.1922954476803,304.88297855223607,309.3999200884205,337.4364391899289,292.11969414819055,314.3258497878196,325.37621680549336,263.72352463549225,305.6006597264181,291.7903917021941,279.9774896712918,324.1752564573702,326.06947538258646,316.7590196130557,301.2923235100323,330.6985217239041,292.6495196024197,317.3314287785054,345.1654057297717,288.77298081525424,329.45410312571795,314.64292838993964,307.67744259679665,306.39590885950224,313.46662293243276,291.89356392336504,293.6199465125267,338.79107401895754,299.8468409932999,327.2630471455547,315.8228202496832,281.9065107213688,305.21106881584245,291.16632032741524,283.7602123207673,317.0643473367925,333.84302904256674,335.5783251119221,301.0079140430976,314.1534669704414,314.9951563216803,325.61500646794485,291.24940325136254,295.9235171699847,294.2193709467824,318.15551888020735,323.4804265294237,322.7056014196847,292.4992363343523,321.30862189057893,316.84653890328633,323.9164550582821,307.96065038690386,322.2430350068206,320.0980665790961,302.3125022978505,294.5215496710708,321.2037955540252,319.54328407330627,288.25914964256253,320.16295711567494,292.93983909090156,298.16459605179,318.00061039932626,340.23767384748794,302.7139636853017
photo_flower,300.36417606540607,340.09905951010046,358.5063818847491,344.02540551767123,259.85919800146297,230.68089882106807,285.8339628463508,254.53279087868535,304.9335205726157,354.48413727618083,330.5453926222256,309.25927104995066,311.0073755681033,294.3380203125917,0.0,223.4740693291063,270.1600603666924,291.3426156240842,327.6652862956998,306.20683960519654,358.3255684403113,350.81785205105314,314.86228599309885,338.2960133904322,282.977162972453,327.77827735624425,305.0072443812067,312.60998506143113,278.5888746596895,252.5861778536682,273.791932165857,293.1961750772496,290.2478548817186,309.36758747751344,262.3649478057122,295.89791217918463,307.36867507483464,256.6300241896854,257.24707570310693,221.6340278900069,254.5636917742369,299.7047656488777,309.3342010714327,312.6331370841027,267.39555731257695,328.6532006963024,273.4646314732624,314.6505005148234,315.2029530996882,225.2717759393403,306.9081064678383,257.9016677032477,281.9609988825708,261.1636345171741,290.51234469375413,261.7833424863915,247.21907957802088,317.3194685688949,262.50451531333044,301.83796230400446,290.54349521875855,249.36725038220936,245.84437230175763,212.50023925638385,234.71240057415292,290.4358404337668,307.0514764397882,315.3756118008347,262.4781359022361,298.44511316406675,272.06110523819143,313.5305507007231,265.5920724044754,269.8125705490943,266.94088760360245,294.9344443317419,300.94752082315915,296.73411337758205,265.34276114555513,298.2044991771762,294.391489927818,302.2348842444187,285.42011488343815,302.02647267326,296.8379781889632,274.4527442854441,270.69023578870866,297.28469765611953,291.4151515909659,262.289904719645,296.7738140643834,264.52791727525107,270.1339241730513,291.5732438846445,314.83641937496697,272.73893568124265
photo_carrot,298.04372243288395,339.0488313091027,346.6686934560597,337.29282676017584,257.37497042403885,233.71355900548983,269.99189611073365,234.87783889278765,292.4682607078614,347.75132621472096,329.24246235005745,286.0966306538653,300.8405004701009,289.02305112813633,223.4740693291063,0.0,261.78123068985866,277.09666947077693,319.3365208657938,296.87226651564583,355.3976152838376,348.8669623346482,303.15976048985675,340.0379188150362,288.55583267940114,327.40802147740214,291.3325836949871,312.0746378648435,283.13028008755657,244.8893906772943,276.2548351851282,291.54546793993626,287.04013913105774,310.4393300486221,260.3113380062311,290.9264437681434,310.97177565190333,260.21747964697465,263.02754299746806,198.6214506872125,255.37786348645943,287.5702586927755,304.1538808745524,308.12801394848765,256.0470112803692,320.8017604730183,264.8492734769042,319.5077983660643,321.7610764923286,224.16867909211348,294.6256494333351,268.9091562239516,282.6074361775435,256.63526543218296,292.35671999734245,256.42221288307013,237.69436194201734,315.40601230646894,254.51349917767934,293.15368727524805,285.97578488340014,238.84361816547153,253.26446647533552,201.19522665307463,220.4037543886096,277.03645584019995,298.3983414103298,308.1501255070492,267.094408189719,298.0815586319721,278.0562554518959,319.19969834130336,251.47181473922043,259.3013383850143,256.4609661560747,284.4726411401065,289.54827899683784,284.79865342643734,253.48662981218186,285.602581631208,283.8068428822876,290.84383713271154,275.59334298813997,290.74589796913153,285.5270511815414,264.06324735891104,257.38012075366936,286.2288258513568,280.33557848223245,252.6197370564187,285.15056886050564,251.48965287504024,257.3696306512817,281.1299145704715,305.0232720145825,259.72207544101235
photo_watch,319.82699903710125,359.9480139936302,384.16773507303844,367.03594903027766,296.1659702499551,281.1226148281098,315.4073581252044,296.94831952759523,323.39873790200824,378.6964262119763,358.6316947474243,328.2145047995079,337.07061966760386,291.96382451986995,270.1600603666924,261.78123068985866,0.0,313.3495497861196,349.92372097047394,331.7766559741476,378.5583432733473,367.809501132645,315.09992947755467,356.23408029365305,301.5186697427332,345.157050447683,327.2802465471361,332.9377143398453,296.652438391973,268.8024463909392,308.1420410618409,312.9319024142908,305.86409307967557,343.0990878252862,286.98809859038533,312.35053002353413,331.0016131053116,261.26801763562554,288.97490639859495,250.44052312444572,264.61360336522887,318.92271209906204,331.9285191399394,333.03409319484325,296.0158651818804,341.21212551171783,288.5834584070912,329.10570202916773,352.00589803294474,260.96276170732745,326.1521566139156,306.0498539303416,309.70335618031004,295.27013062695124,314.9115788665171,283.7261611114793,274.09960101708276,342.92656191622405,292.58348698466983,322.57548892289356,312.26637094601057,266.85537568076734,272.6408487471249,260.9995735113903,241.1336733554239,309.4893552608665,336.6311928240543,337.2660750141994,309.1179098769782,311.95621281694866,312.11440430620667,328.6034509961876,283.2738677388296,287.48139800790335,284.6377017787143,308.31083350032753,319.48297864762276,315.61542379765575,283.5289652505387,315.27191442140685,309.4943965320796,317.34087001344375,301.915721453551,315.87185205470314,313.78815596299427,295.32535157559573,288.4391328173383,313.1324769251396,307.59489131333356,277.38313236193767,314.4110866731409,282.22387329745686,288.8237092327543,307.54560948861825,332.07615065486965,292.3278036081554
photo_key,324.38304488297103,342.7458710807011,317.6495311144856,337.33625908762576,288.8929109468034,292.46648515163525,308.7481439501637,301.057283395183,253.29258195504565,337.2116018195379,318.60190799369445,258.4197812103186,317.8592408612865,308.8270609509342,291.3426156240842,277.09666947077693,313.3495497861196,0.0,282.6589948593318,270.7271068277662,318.23693655583475,346.34981744676213,294.8612506472209,342.1382458025444,294.4453680647972,310.87075992533744,218.35390509528554,296.20890264793934,306.053574859912,291.6755483759069,290.3020984244055,309.8876104177485,256.43011820570547,309.15960958876445,289.8622438746063,250.853948383018,293.16777611905286,283.5167825437971,274.67936231609605,280.27996392233916,272.1283350973283,185.49361286720398,273.59836397025845,268.3045307135891,221.75432330665353,276.4768179097154,230.6850859205126,318.61957738388367,310.93752461896224,268.00889379143507,231.04406516080158,286.7260885190232,311.39556083472246,299.4289717814288,305.95327129096495,281.36660825209265,264.54635527543405,312.83465125582995,275.94149451632035,248.57084700387443,308.1514795996135,275.5428457696492,292.8167811952895,274.28400831792425,266.62904643372485,181.7270147373276,263.90123155941257,278.81133245970983,287.0327572250315,303.44150165574206,271.7523221860594,321.4371227991055,227.95010969353856,226.3023037923989,222.98464600949185,227.25827964214108,223.71791069274437,219.93019886544585,224.43158814920008,226.59806951803586,218.4069644990375,236.51860748053687,230.63396189373725,228.60250088131858,216.670867648254,222.57501623901317,222.75185822070506,217.54555341465434,216.1336396754099,226.67201939198185,218.31329550573753,227.91107941511427,218.18245309404188,222.49242621667628,257.9055951941957,219.78390182520351
photo_truck,348.89469985139067,364.6785899824014,343.19145718840105,357.5609210452399,321.77395172777045,327.2394042918778,345.5595393478602,338.18208531612106,308.22788423759994,355.39831560477603,349.5152531959445,306.42382229035417,341.98413435472315,342.85657726460363,327.6652862956998,319.3365208657938,349.92372097047394,282.6589948593318,0.0,297.8692624537978,340.9366943132776,358.66205467219083,315.6571299632818,363.0110996296746,315.9302580620101,337.555753019963,278.78268861621336,307.3606223096667,335.2761677579045,321.14395052804446,321.7650882283127,334.93608659368937,298.18730638012084,331.69502932690295,324.5695425790981,286.8119862881961,324.0628461646647,317.3772563700059,315.0726982638236,318.20360474059663,309.5188594365743,285.9633058364282,246.5459861680129,284.56779771601566,284.3342068320376,291.61455435256875,270.6883687603626,336.42759824056395,330.25364254565204,308.23043055674526,292.67097818296037,315.94593951303165,330.9510590760925,323.66606978149156,339.58688485638817,317.55714329159474,315.36464308027746,336.5014461677331,312.913913694192,277.9100382056644,333.76427071502496,306.83710581700706,326.19482572061247,314.56981864329003,313.8768435931649,284.9976157448506,221.74037923343232,285.70964352302,319.7267470998707,332.03125276643055,303.4345957338726,345.10654550116857,294.5922056937909,296.4911274899745,294.76351552612203,302.18338331388895,290.5708391231807,293.24588124220213,292.3314410171789,295.5204271625224,288.0344482565221,306.20092666699287,298.5235619992404,296.4812635611472,290.8877621664289,297.2299485629687,290.7131280105678,292.5633719011812,295.4613104546378,292.77604429616855,290.11989023024057,295.6603559204516,294.8843269613878,295.64440554288467,316.9085220198271,293.13523392306865
photo_velo,326.5400134181771,354.47953108835935,336.8781380784705,345.66561137223766,293.0835237531742,307.978548293782,310.9964073024725,311.0845088207944,291.58786014766685,337.36553340707917,344.1936827947758,284.48233870911093,323.48252297444265,318.2072358392563,306.20683960519654,296.87226651564583,331.7766559741476,270.7271068277662,297.8692624537978,0.0,339.26307302864006,353.9424930472149,293.2282798265897,335.4621559878264,286.6671728161202,323.1145196311048,276.3558935829586,303.47589400676486,304.9296093367233,312.4882895547681,312.2320127036481,318.13166318122506,283.23725883572996,316.64235027258866,307.1749094491725,269.05059734780417,303.802633722249,291.4920532575329,302.6635806494648,302.137138804546,283.12362435342965,280.2855383062685,274.9601057842276,240.49775647820272,266.7614574726572,291.2502804486543,255.875820761004,316.40527436163956,323.25224525682967,293.01772227814956,277.0349946042788,305.3993646388112,310.0776211876281,304.2730790402519,318.53277119790164,298.82774538266204,295.89770421215434,332.4459712553446,302.12027082438294,276.27565121214434,320.2224926019943,287.30096064555903,306.1965890362277,295.75385246005675,294.65286779757,275.9549345697237,281.1673606091133,241.51358906742854,301.8155115405023,322.43740003511266,281.2964181108491,325.9845144015393,272.94015586002223,271.78136128618723,270.6323831764546,284.3354639634604,279.57678220354177,278.1149601677175,270.22901391132217,275.5392364903963,274.05715487108705,288.54595338932523,272.4288649712663,283.85147645057765,276.8785087196677,273.4374788310849,269.4127926572626,274.9205734454593,276.8587340401744,269.512125087892,273.68114490499704,272.49727312855276,269.7363867161981,276.40832326949067,304.0761095546937,270.0211828194573
photo_road,371.55446979982963,377.0037661344333,313.686903292504,355.3347941757584,344.934604121412,354.71595161155875,361.0996233195221,363.77043621577303,325.45427188851374,355.94380428487455,370.55574475715184,335.910042249324,376.61186828186345,362.9192921353935,358.3255684403113,355.3976152838376,378.5583432733473,318.23693655583475,340.9366943132776,339.26307302864006,0.0,376.35545381047496,338.9008721269896,362.2950909185729,351.54787793713456,371.71604584121536,323.69341881487577,339.27174776094455,363.54188637214804,352.8079578425229,361.928728910035,368.8077915775922,333.7977290816908,345.7594736286157,360.15031085530757,331.2159210059485,342.73330301994304,342.40007074464614,341.66172231328795,359.59105561201613,347.84039952898684,333.6251365768751,338.78048073566055,321.9896796633607,304.64086237431843,330.0118599775783,324.8520538483929,363.37750171791436,370.86152452489273,349.13694919800565,334.6721161274447,360.1918535769148,363.5175335669615,360.9704318410643,375.54982306728067,359.45505123560486,352.8221311500696,355.3003475078151,359.22007873236106,331.2367132333166,370.9810926004432,346.36504000317365,353.57988837847626,352.2960933236356,350.3323413878686,329.25959909360137,337.3908244400767,337.6846599602333,362.45905438645593,372.5567727643573,337.7105350596533,374.6211310387417,345.64344063032036,343.5693073756762,343.9268577664959,345.8953821043125,340.3112779551142,337.88858306290234,344.1849931922889,340.95481655563304,341.3928914089391,340.54599294905046,343.9656021686706,339.7749072530998,336.8322977407959,343.53316156959977,340.9495045817784,339.5026915371187,341.3571947696181,342.1875573401817,337.27971878527035,345.1231441721414,342.3423101105922,340.6072110711411,362.29479252058417,343.9909433140181
photo_house,336.50526383914263,333.80416487204695,379.4585941024763,347.4611458449238,344.57572087172,346.94423237555674,336.8538030877484,347.44097147723926,356.07617448440396,381.8245640567284,374.8831061339937,360.92120073211726,362.6567063895117,326.3494460699508,350.81785205105314,348.8669623346482,367.809501132645,346.34981744676213,358.66205467219083,353.9424930472149,376.35545381047496,0.0,360.3300483305462,363.0764194329668,347.77058188866573,358.9289028916583,357.74734539006704,348.8126022319863,351.9065447924633,342.55532676351004,354.25394073563444,345.1883940494356,353.7463407876278,370.345246053642,348.87346842536306,357.9806784523682,348.55374310984377,335.3819625916533,339.4476769290199,350.6267700449699,346.8078106270386,358.755960053333,351.36952162685367,347.27214524340195,342.38260930232116,351.2503886183317,344.0830935970549,354.60228804926635,363.288384366553,345.56483104437797,367.5688804192811,354.7362575015139,347.9623371831932,356.3785854883437,350.4064897851295,349.90291333828566,348.52979980434094,374.6891173693329,352.21384087478793,358.9684599538847,356.18361976997676,349.412270770823,353.2770265193246,347.8444209535877,349.0706930614286,355.90368426522286,356.0248355405599,364.0230853854012,344.75605924180087,336.0718284413881,353.5429445101149,364.0507090125463,352.89531693486555,351.4752861347792,353.32587838883467,364.19589203221483,364.9422200187232,364.5843046132405,350.73778662200857,365.3290641776478,360.71721583796574,370.9968488798584,356.855686000861,368.7429523279679,364.5043617493977,352.8373747150664,347.772394122319,364.8168895032951,363.5558542590556,350.577236850764,361.6252964751322,353.25018176791036,353.3020890095186,362.5019502821474,385.15237105964667,352.39736681060054
