,photo_face,photo_profil,photo_eyes,photo_face2,photo_walking,photo_standing,photo_hand,photo_legs,photo_bird,photo_butterfly,photo_girafe,photo_fish,photo_cherry,photo_tree,photo_flower,photo_carrot,photo_watch,photo_key,photo_truck,photo_velo,photo_road,photo_house,photo_mountain,photo_windmill,drawing_face,drawing_profil,drawing_eyes,drawing_face2,drawing_walking,drawing_standing,drawing_hand,drawing_legs,drawing_bird,drawing_butterfly,drawing_girafe,drawing_fish,drawing_cherry,drawing_tree,drawing_flower,drawing_carrot,drawing_watch,drawing_key,drawing_truck,drawing_velo,drawing_road,drawing_house,drawing_mountain,drawing_windmill,geo_face,geo_profil,geo_eyes,geo_face2,geo_walking,geo_standing,geo_hand,geo_legs,geo_bird,geo_butterfly,geo_girafe,geo_fish,geo_cherry,geo_tree,geo_flower,geo_carrot,geo_watch,geo_key,geo_truck,geo_velo,geo_road,geo_house,geo_mountain,geo_windmill,word_face,word_profil,word_eyes,word_face2,word_walking,word_standing,word_hand,word_legs,word_bird,word_butterfly,word_girafe,word_fish,word_cherry,word_tree,word_flower,word_carrot,word_watch,word_key,word_truck,word_velo,word_road,word_house,word_mountain,word_windmill
photo_face,0.0,3422.7803733424475,3925.154629603938,3765.3235665630564,3004.6908020332944,2087.5440811174144,1998.8269151719544,2067.767316401873,3832.7997769484746,3668.4711230495623,3858.947302928631,3528.6895359249293,2355.4404531697246,1892.8558500111612,2373.9453159175755,2386.4378371081493,1417.7894957493816,3931.8726535681317,3849.875542402785,3182.951703565723,3762.9669341864164,3964.4751654513548,3260.071090200889,3440.3376851978196,2623.7454269487425,3380.04452967991,4176.66712164105,3745.9803435691474,2886.1489052545116,1682.4131041029734,1803.4737934289853,2426.4809297366887,3678.086438430769,3734.5484823589254,2428.2969399981134,3552.754035616693,2849.9159041472735,1658.1210799480116,1962.9549964805954,2483.385799558103,2436.8698558958354,4004.141940261087,3474.1473425261697,3504.2997026347584,3848.058391627128,3831.2694392979975,3373.482230085401,2389.4009128512034,3400.942262246697,2817.422730637151,4023.4434044956215,1938.3224493446885,2302.508366433749,2782.5430860197366,1842.2589179820156,2691.546016743287,2588.931109365425,3533.898765081467,2369.6354315881767,3824.681575914388,3264.479644651254,1869.5662014834697,1960.5485771424328,2546.2417917947523,2345.431980349592,3991.2247171119657,4038.799401956169,3605.154432057332,2193.954736148429,2481.2141258342285,3195.536040592837,2139.0357287828692,3328.8119967636353,3530.6165232531575,3360.120664166701,3993.3546580699713,4096.469322362469,4083.0603764895473,3282.210161488181,3886.9139753465843,4009.9040222420244,4102.288553803732,3732.4350122707096,4028.4011190408787,4022.99593734148,3638.8406558344955,3675.2889594897415,4059.1223374181227,4087.110739116904,3285.638135077778,4014.0489956217143,3338.8383212326667,3681.780449753855,4041.689946819614,4033.6493499183543,3741.0926835170903
photo_profil,3422.7803733424475,0.0,4190.034433807643,4117.868436421009,3989.7453128451157,3780.7984562078354,3016.4238148510167,3707.7463912824323,4120.552856281334,3805.5155760245066,3912.8764504856345,4175.494965681426,3523.9529892577984,3224.992857444824,4030.2378039541773,4090.601509034585,3525.1498216194227,4213.0459436343635,4164.50243279533,3741.1576227959163,4188.522644087172,2937.4304316073385,3967.9654272642847,2821.433352384678,4099.805508463927,3296.9035973939854,4470.914970765091,3964.4522581930405,3823.3891254751675,3380.728295813684,3756.7422177785625,2772.443360558285,4001.1601744159866,3634.5250379700306,3611.844526517819,4116.644033887888,3560.4870622157778,3527.5979975379582,3604.91099663298,4084.680228240714,4056.976517940164,4309.693077308874,4137.002476697,3912.8719874427375,4166.936707735589,4049.0018302501967,4111.24039838211,3253.8804354127064,2968.405846360703,3987.274465832964,4318.547098761077,3636.0582951716583,3814.35364215672,4003.4551079376124,3503.2368463001458,3972.972607524583,3952.4752255098174,3584.832772173332,3757.9882527023606,4110.7619452637255,3815.293765108366,3727.5665883955508,3808.0309421866955,4150.725728175178,4015.8391304786314,4299.128182834716,4331.238973000815,4206.29598346933,3695.456934089958,2450.3660894119403,3999.190439461831,3169.6858357457363,4389.621083528341,4373.413755630043,4432.595630545305,4318.389353609082,4402.462511003697,4392.891675189188,4424.467474051128,4341.703956130562,4331.373362817864,4424.883111573266,4349.099072156222,4353.6488343575165,4336.5742984546105,4361.16260475287,4365.658426405929,4369.400585766899,4405.492631611488,4389.455071937281,4325.430842652984,4376.061476730359,4368.854915580526,4367.581366502651,4361.32719532165,4365.2178900840345
photo_eyes,3925.154629603938,4190.034433807643,0.0,1270.6967090575129,2874.1702538341237,3514.6619122906504,3526.056635018501,4103.188770838818,1803.7122546731212,1817.6448586481781,3505.4834411124266,2112.064242479752,2878.9808659233786,4214.103055375361,3684.9709197483207,4120.595748175891,3693.4824791981514,1872.738334405702,1509.1386671394762,2253.8447232059034,1201.1715193161763,4191.49100139388,2212.5957098068006,3923.011879627508,3284.208801180558,2981.6666182782023,2391.922178056053,1549.9086460213186,3582.258210093414,3477.9833335581625,3491.096837368303,4201.483800656748,1856.4231737401212,1703.5554118726484,3998.132534053619,2082.704220826365,2534.113867106014,3515.6670704223543,3205.008154268501,3998.3199441604947,3294.861875155664,2043.5611926431677,2169.0967933165125,1916.0354020754057,1462.6024565868074,1579.4664937829527,2336.1618322305835,3506.3458698537847,3361.4403785277914,3448.5483548908196,2303.3863240186165,3836.287696483656,3139.2700353160485,3592.0930878900294,4130.856920737653,3766.6695729465077,3554.0920699678572,1953.0285486705538,3582.016831926267,1831.7160910058394,3890.727095815737,3836.062237215743,3778.8603675207924,4115.776777044428,3983.1332295663387,2040.5488229638631,2190.5269696418736,2348.008374816871,4097.621821792983,3845.570072819664,2827.9298455594435,3912.1627440340358,2943.826373022693,2842.3475018359263,2830.7415487779795,2298.6014135521887,2440.327321352085,2467.9629660533665,2988.50682508456,2492.0819705252584,2492.95480995564,2386.560739078338,2550.674388367365,2282.524774904946,2453.4415854909766,2706.9507726150773,2679.4433464759272,2481.1167189482094,2387.0777152646933,2916.583847055679,2433.7648817080367,2927.5625078908224,2771.6479714302013,2315.6069727078457,2334.611014007506,2710.7842909928995
photo_face2,3765.3235665630564,4117.868436421009,1270.6967090575129,0.0,2740.777449358108,3361.5166321110096,3427.0415902818504,4007.727473686401,1591.2704787837847,1767.5862667763024,3355.5098318443434,2156.1233044663586,2874.6508022549183,4131.861799395259,3587.9789369869727,4049.191362146413,3540.241779432224,1895.5682112898576,1479.071098513871,2159.832045607492,1003.2662670042183,4182.428766500093,2076.5035507555604,3809.2669275342096,3181.8303248166385,2961.8071040296013,2345.8725531929485,1464.1721903367222,3478.2694798294315,3361.303839935792,3389.697558508777,4098.583037841081,1675.9905321545737,1719.9405572555636,3873.565851546152,2014.9409758511542,2413.2506066580086,3368.9305282213036,3036.8516213526746,3918.127742061837,3197.6012855130257,2019.9893764493063,2082.8183760265097,1721.5527479790715,1543.3939354938052,1646.1399337503674,2258.9013702362777,3429.8146389422614,3360.355033813007,3355.9308092656324,2224.2836523685082,3714.5143957096084,3030.3645014156223,3492.280193846433,4018.5185844693547,3680.9142089770007,3461.67453468112,1943.6799562529834,3471.3865973839397,1759.4566154237757,3800.546131834497,3751.710728173971,3684.4622914646197,4040.3308254670137,3913.6742646963025,1972.1047347485035,2109.199343948605,2236.7284217061215,4011.2241604050914,3817.4631394007656,2721.010014648876,3856.6998997291375,2868.5980606814205,2766.2702851715976,2762.9637621066404,2207.734144149336,2364.773413114463,2395.189763425437,2912.654603907729,2422.8969231914016,2412.1382517961442,2317.7590750689674,2474.4467233934643,2201.8340221320464,2380.9720334344006,2632.909352430665,2607.348851756013,2407.455695674454,2319.4814284143076,2841.345348741744,2362.8852558757762,2852.430319184265,2697.7329053189655,2241.9600807470215,2249.3292074936476,2638.3721359746846
photo_walking,3004.6908020332944,3989.7453128451157,2874.1702538341237,2740.777449358108,0.0,2030.7268347749057,2958.7585483887538,2465.024654251956,2771.400407781738,2955.8415539964185,3550.919161627175,2252.3474826969195,2127.2697577388535,3167.6490311611597,2029.4476865997299,2501.282716139222,2445.4082081631113,2787.388724801671,2761.565321958202,2151.2531716579306,2755.052793984181,4039.78333839012,1774.9443483444613,3937.4852131181765,2191.456325301398,3260.758926022996,3015.2905820977944,2719.4573637577532,2162.3565803522133,3081.5071034774696,2574.7534553874684,3196.183219348058,2572.5292362396845,2716.2770965700884,3017.4581033014165,2175.9857804193425,1830.8357124389415,2294.471589589056,2711.2962971080506,2404.2075639758864,1752.4261976366033,2781.3873582516962,2097.4951454581033,2353.7335012276963,2692.886623567781,2744.6811735269393,1947.1560506601659,2925.0053719058833,3730.9008762008298,1713.1951032400345,2778.3664947157167,2836.5386826248855,1950.5082682410134,2328.382930736431,2813.0078028349985,2318.048078286032,1840.5098345997058,2493.376598752281,2621.6777303555677,2541.2230632995343,2209.8961999785533,2413.8981325133063,2480.8630380537074,2509.4977134385163,2360.4109815765173,2748.2167367949864,2812.9510266881175,2231.5825021733817,3020.6344773377164,3188.1931891813824,2031.0862509755261,2992.3693196199,2355.463036325659,2244.608620509319,2373.1746526589222,2724.618427794574,2868.9187523127075,2855.6537002394957,2399.2620963745217,2603.1541336895802,2763.5705635262384,2871.6829241309774,2402.991363575217,2773.364292588116,2783.0016722459027,2322.119729293364,2342.1349953502395,2827.7851365068127,2862.887726441899,2284.257853154639,2775.6688882720737,2350.5230142121122,2366.3209301905404,2797.1272422033517,2770.960498177075,2438.6556801319975
photo_standing,2087.5440811174144,3780.7984562078354,3514.6619122906504,3361.5166321110096,2030.7268347749057,0.0,2481.8363497822447,1561.5521423900302,3427.279412236097,3440.2338998834985,3640.30217408354,3140.814339572908,2390.155093277042,2390.7762415920442,1694.2487059087416,1445.0817582536679,1471.6352609169771,3459.825339234877,3406.7297324450296,2968.368693550339,3344.007334807035,3939.0441162890015,2787.32633790289,3515.272002039786,2692.3151768531166,3269.4105029529424,3648.0399941271435,3338.720843553644,2638.056817513275,2127.3218344332167,2152.212482765884,2799.663592543631,3219.195974287846,3332.3261326717666,2223.7799610355605,3058.5359674730416,2734.8930801268248,1402.6493664165218,2265.8874247613967,1384.18965176945,2052.7430461791673,3458.5348827113917,2979.31531564891,3161.128392537305,3361.9466954191744,3405.051816136795,2876.869620530532,2310.146956457873,3338.5188112502447,1820.4160076651926,3466.594313319947,1913.6485016038685,2444.728672717678,2478.5483032117772,2016.1999365896081,2534.166045599299,1710.3186310508527,3162.538148488277,1933.317062922707,3332.552548442957,2839.362450427498,1635.369706868706,1512.6704394993662,1511.264532006145,1444.3582463581558,3434.836778990729,3492.203311526859,3082.1124065717772,2444.6411947167708,2760.4934023442406,2815.3308684322596,2212.5595348693128,2774.171527563047,2927.153514957256,2833.124198902501,3401.8201733297374,3523.3510797468075,3509.188558247892,2792.7288591704582,3300.939414994152,3435.6536542957087,3522.7815868259263,3141.9466981526202,3449.94012861861,3453.6162014583124,3032.189448857137,3061.933949183315,3491.4294678953293,3512.6629163414823,2766.2050565643467,3455.2072308156453,2798.4673078985015,3068.7290399282424,3465.066716339075,3449.2222627729384,3138.551246006254
photo_hand,1998.8269151719544,3016.4238148510167,3526.056635018501,3427.0415902818504,2958.7585483887538,2481.8363497822447,0.0,2810.2151698782377,3526.0730624201274,3296.1180064627256,4003.3078911339862,3116.469629332555,2245.2764537374246,2622.826543317161,2991.0524428186945,3076.634569585954,2035.2633588974634,3605.6173676464036,3501.3330578684713,2732.6211773232058,3380.6240645947787,3677.3190689317244,2897.5922966536714,3033.656673339993,3059.1173954766045,2921.5422088995356,3919.4819475119766,3424.964608579407,3481.2166623216394,2214.963916825028,2736.361854043632,2703.178153153702,3461.4190126789745,3449.2093356799237,3148.799828676422,3217.9402434093286,2337.0054393197834,2047.1108899882183,2423.974853067387,3042.650404295124,3055.933191650857,3720.8346356321285,3140.130746836265,3149.4473308537426,3476.7977252494793,3468.2640313270454,3067.987855337199,2609.9855669634853,3047.5489847517115,2906.7061498708254,3765.348491470714,2840.443988286638,2758.8596024349667,3414.7349497658693,2727.21680006925,3340.0093697169414,2841.089359559227,3187.9531693523286,2939.2662713365703,3519.6966196839608,3481.714235108803,2560.581932485495,2676.998823173707,3147.506493478217,2924.8689798891146,3723.634468287525,3779.865086317848,3308.6237085878533,2997.58080846174,2286.1600642054404,2925.0902908314165,2549.4013420219003,3459.7321742673735,3431.293822313778,3489.8012890068044,3737.253290045456,3844.947035304476,3831.4167354416454,3518.9566264888726,3617.791930345684,3750.883651039049,3850.3502501449675,3456.871373259032,3772.5336210740866,3764.7131232498987,3381.253003013452,3405.853412752831,3803.500411197407,3831.645477643365,3460.4105629918195,3750.403837979811,3456.5059617140905,3431.8832661731185,3783.3625495037495,3776.9472281185867,3471.1446747452524
photo_legs,2067.767316401873,3707.7463912824323,4103.188770838818,4007.727473686401,2465.024654251956,1561.5521423900302,2810.2151698782377,0.0,3968.086560922631,4024.0221091051176,3928.871717548334,3513.5576667555956,2673.021693739063,2131.6262079726253,1679.1414113139745,1273.8993016263303,1787.6115912283547,3913.612620737805,3966.218092066057,3377.232902078201,3985.401121835284,3935.931225896551,3199.607021469249,3862.960230418023,2710.7968639106366,3644.8347220739306,4041.7819513811864,3925.4057384135263,2403.5290249470786,2354.029919682345,2066.768879288392,2623.0413929140796,3654.696338917989,3854.0004074288063,2214.634454078414,3449.63038449791,3000.818595196174,1809.8948651368514,2487.0698929683244,1408.5676298420694,2030.851311532231,3874.7797253792414,3414.8155561430376,3647.3065054236404,3882.7023971147596,3936.737054244443,3232.122695394382,2662.794328958678,3777.4625061028264,1943.3740562808816,3852.1727810053912,1828.3230380974803,2419.2327059065415,2246.4216061051097,1461.634460863019,2059.4782752659225,1724.9483125514535,3760.183231479258,2283.2427979777744,3728.789608017785,2520.2032067248574,1403.458281190391,1571.1913216246253,1473.4613319543423,1354.175359467713,3850.9634626598076,3903.9150099560457,3464.246568006191,2268.462149397059,2590.253823021224,3075.8603311541783,2251.824133169221,3082.967006088514,3325.3179056622666,3148.872234322696,3806.058433309438,3908.7764129361753,3890.546720183905,3058.9529423682015,3684.8204519777814,3821.954461789695,3917.9903358972488,3528.7550334557855,3843.4277932755144,3831.0397758018426,3414.7334169517185,3455.733284108755,3869.761552025023,3897.3307912419073,3061.3157225427526,3828.210527147602,3111.3702421704334,3460.7407897827093,3858.709760240744,3849.4379811006625,3521.3772404777546
photo_bird,3832.7997769484746,4120.552856281334,1803.7122546731212,1591.2704787837847,2771.400407781738,3427.279412236097,3526.0730624201274,3968.086560922631,0.0,1403.7360345811044,3565.084979988025,1640.6678051867873,2871.1068631602025,4181.306708608063,3545.8313062855477,3976.327514550026,3599.631788311163,1196.0305009719993,886.6986503983762,1601.366144916391,1383.393408944607,4242.452003814369,2126.0031363855137,3935.3339580303705,2900.631387542241,3209.1539838758918,1808.861992428997,868.7658170229286,3453.8402553536207,3433.2844965972095,3396.4253657417244,4060.5082972923196,1060.6781232993615,1748.9569516691593,3940.4372485144313,1500.4311131033803,2544.138199456435,3428.45116273766,3141.1481820974136,3833.520757440704,3139.429888958238,1429.5164271109838,1620.203120387628,1048.834427485146,1039.1986138742163,929.9193102688005,2106.674410018966,3480.532123797102,3445.6357132807248,3288.450899236369,1671.07443816911,3734.3356648794306,3047.6898665234885,3447.1639753048207,4069.8947730241334,3598.7045682893245,3409.9681605570277,1952.687258724195,3480.15883695028,1175.6849506792523,3768.6685656778036,3711.4461077855512,3656.7564555889808,3956.470000810688,3833.1941250784653,1331.157849172482,1620.4413099219435,1677.622026219582,3978.794481406881,3900.40211534893,2340.8606741334415,3878.912644742804,2688.080440227459,2563.778305915248,2571.2221107048745,1718.3265822020965,1899.546125373289,1937.3483958298816,2737.871081468719,2010.1513406656395,1957.562606766993,1854.381870453709,2106.27423263153,1695.2583496742645,1948.2667333157137,2379.848195362022,2336.0791256397893,1932.152860147152,1876.2896209456105,2649.2943498235945,1921.5128385771081,2681.6147178646142,2472.7190561086572,1765.783593483303,1756.0472402894097,2385.2014095127997
photo_butterfly,3668.4711230495623,3805.5155760245066,1817.6448586481781,1767.5862667763024,2955.8415539964185,3440.2338998834985,3296.1180064627256,4024.0221091051176,1403.7360345811044,0.0,3550.113695673901,2203.8538860273575,2856.8978233982084,4022.7302515348642,3649.074736874762,4085.22188486853,3498.79248278055,1894.3296327025876,1510.969632612736,1953.6060361244445,1622.2808657305102,4029.929393788668,2302.944632019675,3498.771333509127,3024.404426180917,2833.7531753913263,2361.8394332434,1214.6419003467536,3511.7079980620224,3281.5260540069526,3411.5800039163423,3948.817416322162,1537.3117201472564,1630.6593130427827,3857.1068645923287,2096.6370069313257,2601.9704408560037,3401.6094716625043,3031.991250284571,3956.0036041832327,3262.100989751419,2083.662724763163,2142.764779264781,1607.5136197740878,1669.9189351970292,1538.8451684544684,2502.2910465474724,3185.278357182448,3185.9861264987876,3468.740463420624,2254.4199125287873,3740.642067507252,3127.3722892930437,3522.1230936815796,4012.524453552087,3694.1800542057313,3554.971232877991,1941.7585362722361,3539.4191013288637,1872.7859642184605,3782.8613531178125,3780.373124687198,3731.6665368190756,4061.5624787674874,3961.0233565623657,2020.4282400761972,2186.6926585652304,2248.1379988588883,3966.287745284497,3672.1195103899945,2564.8370331699953,3610.7556759820136,3042.7090284262745,2935.1766939525883,2942.3329861704196,2285.909109917961,2428.9706402623665,2457.83335246307,3086.4482101534154,2499.107084461407,2472.88239703856,2387.894783133658,2555.871058623456,2275.1097064815785,2458.7503008419644,2778.1690010789152,2743.560094195154,2451.526050268322,2405.9092624905516,3011.1605128097412,2437.03261592712,3036.4451053404528,2854.0082135865414,2325.8172969205907,2330.6540292676273,2779.3473268852163
photo_girafe,3858.947302928631,3912.8764504856345,3505.4834411124266,3355.5098318443434,3550.919161627175,3640.30217408354,4003.3078911339862,3928.871717548334,3565.084979988025,3550.113695673901,0.0,3650.0275987962173,3510.051755257328,3551.3250503368968,3538.364950938963,3884.1744935725037,3750.873558520882,3587.8302754310125,3499.1499011856117,3501.922641461606,3384.416619264973,3724.2573867645224,3447.0695838179836,3794.4964969032017,3792.054618425028,3814.8002019810447,3696.4226238921137,3403.2069766069085,3251.738526006463,3854.3441333186256,3599.9528106171897,3215.0751311948875,3472.882600067581,3210.297112994539,2988.8250290981823,3436.9905664957028,3494.4803903279903,3742.0949409241357,3976.264209068682,3895.8162752117246,3625.7423703268946,3566.9094826869455,3486.5803459688786,3407.1052704952026,3466.0136979261497,3495.3960630717556,3392.9587087539835,3392.7054264361986,3506.4001034225503,3654.579448674739,3511.494168071728,3335.973249005587,3448.6275218041233,3538.5956864929512,3726.126735681773,3526.989429051098,4094.313435219236,3453.9344129262263,3143.367324536116,3395.7344719704674,3468.998696920753,3826.2731017308647,3691.6347247338717,3875.4744101732513,3813.43888486093,3502.1989965377797,3546.365986201968,3508.2748138489674,3516.3452526224037,3647.148052741105,3687.80517652788,3731.964953465761,3570.654799016999,3460.14810846188,3528.304393007766,3469.733323249676,3526.893456054963,3527.469446568443,3546.143317504041,3494.8565322507607,3542.416273996192,3544.214172400169,3514.762243810057,3467.6332911586533,3490.864080236524,3565.241935014758,3535.8106339143737,3519.9753334504962,3527.745580669632,3430.4855780712523,3480.0233647246687,3513.2752760033427,3553.032488427008,3518.9050921556577,3540.3583642802632,3540.764400248553
photo_fish,3528.6895359249293,4175.494965681426,2112.064242479752,2156.1233044663586,2252.3474826969195,3140.814339572908,3116.469629332555,3513.5576667555956,1640.6678051867873,2203.8538860273575,3650.0275987962173,0.0,2259.5162656606344,3832.620080428576,3100.214481932092,3532.053578870232,3249.837136816849,1631.2143220899839,1632.5778932826533,1100.1474969335616,1965.2872623686076,4203.631797228199,1371.050294650329,3954.452791960174,2454.298192388039,3435.2215945179264,2096.849770952615,1786.8954040354056,3007.5212893700127,3383.372244459713,3131.603535557453,3756.7041547032877,1694.9264518850755,2295.471807294116,3569.3627361270187,915.7121394439586,1953.5876791480082,3063.3178560976357,3055.1058859710497,3421.1075631415347,2584.2311063770426,1755.7955033931444,1003.1752953928949,1235.4084955737555,1523.1107008076353,1630.4656112587993,1223.5911332817434,3404.042332133467,3763.3831821778317,2813.950112451588,1936.1513284647485,3370.960566282714,2549.401190849026,3142.631495257221,3671.626234304451,3099.680834340003,2902.1713323271633,2381.2102869879677,3044.8074859661256,1397.4890657379624,3318.3236308518594,3223.4890999977974,3254.399149120213,3546.805255421639,3352.191437580939,1721.6777138428795,1945.805343706886,1177.2932919640587,3530.5086688420492,3499.4916673404837,1692.2124079775024,3744.7703116479606,2240.26043116542,2086.764771417697,2093.555280393936,1987.3582000348038,2125.6522812945454,2145.131558877143,2291.5953393031905,1928.9492312997145,2145.0288875529745,2093.632728421612,1725.63969366019,1955.5130448974005,2117.3294525921374,1858.624818580208,1840.4723272150688,2123.808609577557,2093.5150025881035,2192.1703330271457,2075.0788611111657,2218.573006659165,2013.5527265095327,2006.2754969831399,2024.779299202363,1979.657062438291
photo_cherry,2355.4404531697246,3523.9529892577984,2878.9808659233786,2874.6508022549183,2127.2697577388535,2390.155093277042,2245.2764537374246,2673.021693739063,2871.1068631602025,2856.8978233982084,3510.051755257328,2259.5162656606344,0.0,2778.0060246623643,2771.476423748807,2812.7371711997102,2285.648108752688,2850.137632826142,2798.398929141934,2085.272451805222,2843.7139929297027,3642.985453936083,1983.766947692984,3469.472169196023,2409.4032592724184,2835.709111721952,3146.788902212012,2800.996589281503,2615.8617728751396,2611.43753243808,2490.8185647529544,2565.2849859245475,2708.2847224347565,2876.0857658241725,2647.375580106924,2344.223517963778,1924.6733253722623,2225.2168889707264,2240.1913080995964,2783.6650457643605,2151.288748223483,2922.198644690484,2270.7432526760695,2477.166182459098,2719.3034765789134,2742.218757558467,2102.239685512481,2493.178600510397,3401.972196614924,2767.7986713737696,2969.805104894369,2492.8217329588706,2044.355200985356,2791.8642183989937,2636.9147229454848,2719.139284798729,2277.3730836289346,2744.143755728186,2238.7073493939424,2687.3484249104235,2911.555120328105,2309.986252753145,2418.7931960941655,2855.7419042968586,2629.2125746653555,2903.96822125651,2974.385477298049,2465.444488795199,2492.5732515912227,2729.951042440591,2247.3380265685582,2744.779506073606,2637.7406488881024,2486.7643076801874,2576.343305211007,2936.655152936474,3053.1671546145626,3046.386080306524,2642.844586293701,2802.912705241434,3008.51248657999,3038.323243595895,2592.1867884707904,2958.734289180365,2987.391077269301,2551.786040594058,2545.651691405293,3023.841468515181,3031.841757822095,2506.735270933413,2967.7034551917877,2597.6888381293375,2594.6502648625865,2987.945521565166,3004.9005191624033,2640.525054517607
photo_tree,1892.8558500111612,3224.992857444824,4214.103055375361,4131.861799395259,3167.6490311611597,2390.7762415920442,2622.826543317161,2131.6262079726253,4181.306708608063,4022.7302515348642,3551.3250503368968,3832.620080428576,2778.0060246623643,0.0,2593.650247404396,2570.7148508770465,1860.9765219721514,4205.73129427085,4151.538674550958,3540.1579468687805,4069.9751872657025,3713.2507876136824,3549.2969101127237,3197.4663971904524,3115.98276542685,3808.41808311282,4432.587136652287,4081.6464347589076,2314.8373051254885,2478.5505717540723,2525.1022927991726,2055.0093361984063,4013.323875984237,3918.37954500383,1724.1106454513526,3847.5031174369988,3269.379272551764,2088.633626786479,2688.49870361465,2695.235166472819,2642.297142504059,4275.173058903426,3802.508668871973,3859.1221871514526,4120.6035819324,4101.658793505415,3662.945081385204,2367.0248838899474,3436.641115661141,2999.865343585787,4283.267881376141,2036.0132628043884,2795.094878901099,2605.4233423730943,1592.8355689036157,2485.8676222450567,2816.9108494787074,3911.7538080449453,2304.7442587366063,4111.469458120187,2711.865199831034,2164.5948212067965,2281.650955940747,2721.13548784547,2556.44207949959,4268.556614953054,4318.563359489919,3893.3758107580275,2333.556038073408,2054.8222375895893,3561.5263245356377,2001.049942613054,3582.870240287237,3754.966971687892,3632.5013065834432,4273.288356685086,4350.3488398568015,4337.904352417043,3542.3957761190395,4145.58780771043,4279.606570731239,4368.501461245205,4000.9498501963385,4302.118430696488,4283.740680076798,3888.5621820557208,3919.7780363126226,4316.593807837055,4349.591581866311,3546.8423085966315,4276.766024823577,3583.681569975314,3919.7343206437417,4316.097434060188,4308.2976470712765,3985.844695552205
photo_flower,2373.9453159175755,4030.2378039541773,3684.9709197483207,3587.9789369869727,2029.4476865997299,1694.2487059087416,2991.0524428186945,1679.1414113139745,3545.8313062855477,3649.074736874762,3538.364950938963,3100.214481932092,2771.476423748807,2593.650247404396,0.0,1357.9236484870098,1865.8472678729831,3497.7726897996777,3544.5978622724247,3026.7348070465073,3559.9075576972273,4207.082437503642,2738.726316257534,4115.104579319122,2169.8046411968253,3674.170547952883,3609.027620975996,3503.5744741096128,2169.0750272256487,2483.6979006858064,1685.4021071223658,2851.7776344544754,3219.978582995972,3546.150910813163,2437.1868845381236,2994.5343891491716,2629.9256438261023,1814.0167982368541,2596.2430914189877,1400.4046363941525,1597.6656785808711,3430.5608830982487,2954.9870816709436,3217.936049200824,3445.0686498367136,3521.056179217146,2760.0296149815867,2927.2560875392373,3970.7447091897566,1303.3618493032025,3397.616401284219,2043.287364723336,1846.0242452463813,1835.4107092108493,2065.9990426263994,1762.2942874368437,1928.8864234021219,3313.360497772392,2187.2152317721825,3293.8409886564623,2390.762333146877,1543.68252153137,1406.9589425879744,1443.4087494052173,1389.4495114299996,3398.1571718169616,3461.995963736464,3004.6266896883453,2424.267930739268,2990.7988343505544,2645.865569865192,2573.224830192765,2578.1057343329912,2791.1782948536093,2640.3212689203615,3330.571188807838,3447.054916260486,3428.723488555835,2561.5325299835313,3205.8427305445907,3354.6810256822755,3455.459217238853,3036.4003176940064,3372.3873633561184,3365.863127807194,2917.8334658406475,2958.715388861582,3407.06113011228,3436.9801629987537,2549.7224101153274,3368.5493114844435,2609.3027966020245,2962.6588251299813,3393.7269796265127,3374.000496871313,3037.3542686337933
photo_carrot,2386.4378371081493,4090.601509034585,4120.595748175891,4049.191362146413,2501.282716139222,1445.0817582536679,3076.634569585954,1273.8993016263303,3976.327514550026,4085.22188486853,3884.1744935725037,3532.053578870232,2812.7371711997102,2570.7148508770465,1357.9236484870098,0.0,1912.4563112907358,3891.743015427845,3969.28068718145,3491.627112925572,4007.8157381465608,4227.462925939978,3251.489759334735,4182.828639617211,2732.4883241819384,3717.704708138932,3960.871206045073,3937.759976805465,2663.640901115163,2472.4013994955494,2161.9565693798386,2824.5098043877097,3661.665163890165,3966.878109486783,2342.779274323198,3431.3531643537935,3171.1946947807437,1879.8893967174013,2608.4785819244394,683.5018250838822,2028.8993991948132,3807.071751265151,3410.997984367303,3683.992138175212,3862.2124940724275,3938.638397740201,3201.3750892866324,2983.1736618943573,4040.1485818804845,1843.49997923266,3752.980878457503,1916.1373245614573,2429.1479762751896,2350.50188958729,2038.6462559900176,2222.1046973274147,1661.0744513997065,3783.4525326880425,2092.7013141410926,3703.301236531994,2750.4418113770944,1452.6570460948178,1253.1809754178666,653.0063990597749,762.1769606574179,3772.7711660808027,3834.127683017262,3429.963447449947,2320.438448408262,3024.2613409500887,3098.1511329652194,2619.5316652818683,2927.799952424179,3161.3887171643864,2994.734282829931,3680.4923028978365,3785.5331489845967,3764.0665599206304,2903.2627084222795,3557.105930801717,3699.601161697636,3794.3167777376048,3403.398638534222,3718.848906117677,3707.3991624771033,3282.0638964180184,3319.6120649746154,3746.041094624167,3773.402811029394,2899.847079679492,3711.859806380737,2956.9453086779217,3322.793042871555,3738.267927673341,3725.2462299767844,3391.0871910088385
photo_watch,1417.7894957493816,3525.1498216194227,3693.4824791981514,3540.241779432224,2445.4082081631113,1471.6352609169771,2035.2633588974634,1787.6115912283547,3599.631788311163,3498.79248278055,3750.873558520882,3249.837136816849,2285.648108752688,1860.9765219721514,1865.8472678729831,1912.4563112907358,0.0,3665.491842986309,3596.708981504378,3009.095363780762,3510.076547654198,3925.928997623881,2884.072423219263,3503.2430792898203,2473.0897009010073,3254.4368130914727,3875.227703878029,3498.46320306277,2576.9699589265165,1835.0244641602994,1956.944063294777,2544.789640604801,3417.7388731779724,3530.5275349852795,2235.442378616553,3218.134316829199,2684.5574558737867,691.8735538116932,2046.7660840502149,1903.38458627668,1960.4002999957004,3693.4017297446367,3153.737301473692,3233.4205751393515,3568.20785106952,3576.753227759994,3016.436777819215,2279.6940658587732,3352.210760482124,2163.0590159229387,3691.136247937476,1907.0670162980118,2255.52108839468,2479.5902444225344,1591.0603964872596,2383.7412564423935,1975.574935490065,3282.4170284108095,2046.6222505520145,3510.519393376434,2915.03151287085,1270.5922503222644,1344.1852529005953,2006.0734990283163,1737.684940081445,3671.976803247045,3723.8907494750665,3267.9948268854846,2293.537350359781,2473.4535483965765,2931.088811813057,1934.3123773161747,3006.2197669759116,3156.350385721672,3063.5575611855907,3646.5327999664332,3757.541719741412,3741.096116699936,3016.2789248277413,3531.8362897029415,3665.845667191213,3764.50138828396,3368.2557340743415,3683.8339938567183,3677.2228860960754,3268.6457700590267,3299.587421312753,3716.904123404256,3748.963642864536,2982.7344359011527,3670.3747702526052,3029.532689712532,3307.605758515503,3702.588422915185,3692.4425191638484,3372.285266457825
photo_key,3931.8726535681317,4213.0459436343635,1872.738334405702,1895.5682112898576,2787.388724801671,3459.825339234877,3605.6173676464036,3913.612620737805,1196.0305009719993,1894.3296327025876,3587.8302754310125,1631.2143220899839,2850.137632826142,4205.73129427085,3497.7726897996777,3891.743015427845,3665.491842986309,0.0,1158.189940955731,1812.2286876798544,1639.5030609450428,4204.653552435033,2154.8935301614565,4119.461308417632,2904.2885103607778,3244.5342519014994,1377.4656496021396,1361.1780962677217,3413.323484613787,3488.1169928334366,3373.5355766917996,4081.035955711304,1262.2049962496646,2034.5923938096767,3924.242769955745,1464.4460060878632,2537.2743008211596,3465.3030988279156,3228.234496933722,3735.577867943594,3064.237945289493,740.6665294104516,1625.9878554713468,1390.4936242350495,1062.3129841285242,1160.6401542344615,1997.753666291863,3606.466563006575,3602.670366215346,3204.616842541769,1479.5346536037116,3696.0660380532277,3020.8609055495886,3404.1377868094305,4046.391079046534,3509.4155739280886,3327.3501697343954,2147.014725055239,3332.8433497126134,1160.1626220896298,3701.4977070361524,3634.5694730985642,3594.6353050280463,3855.1336575308974,3726.296217367295,905.490752546122,1574.070638535876,1665.282083243813,3890.82722414583,3883.294385376307,2275.48283878221,3957.37905670076,2450.644755291653,2313.039758475118,2420.72478833952,1559.7350912457532,1373.4598275925046,1433.336047727376,2572.530745105437,1568.9523868156189,1474.4166727701916,1353.062807602657,1819.8019725313175,1459.7577647726434,1460.1168015891146,2156.825154389332,2104.291790608865,1429.496633649258,1378.9009845028359,2491.223189727172,1397.9605256811997,2443.4259454511357,2103.71890646084,1351.685691066149,1411.7813621460275,1965.4524003724123
photo_truck,3849.875542402785,4164.50243279533,1509.1386671394762,1479.071098513871,2761.565321958202,3406.7297324450296,3501.3330578684713,3966.218092066057,886.6986503983762,1510.969632612736,3499.1499011856117,1632.5778932826533,2798.398929141934,4151.538674550958,3544.5978622724247,3969.28068718145,3596.708981504378,1158.189940955731,0.0,1679.5588125018448,1131.1391057242759,4181.003648221716,2071.42461283849,3984.6738022445793,2877.690960609682,3099.0520650831318,1759.624617956485,888.505032509162,3430.9728540172982,3387.1178239602914,3355.264996352523,4057.911207479653,1088.7233907493378,1788.6783129416203,3887.6347230816473,1439.7478393013757,2446.8109342528037,3401.0776434832396,3112.462518870996,3811.588213807079,3121.7639351832104,1342.5339228862592,1516.4623366087978,1108.8013029764595,714.0657237827643,701.3709376502269,2057.9281768649785,3495.328974852081,3455.5457685909864,3265.7029898173737,1650.849378700998,3698.582805358785,3007.425326672576,3433.9469615419407,4021.588932317086,3591.770449769038,3381.513674078618,1976.8119932757606,3430.839089087671,1096.3737595800128,3735.2027269603823,3676.8324834899845,3624.9858009751115,3933.9199152651427,3804.135416582257,1279.3848284864473,1550.3467270430253,1670.3109562068153,3929.6520149762023,3829.933400334869,2338.8302335928897,3884.9058817161304,2658.4058375581862,2536.903643630668,2540.2215437206664,1695.2601227808527,1873.2701712968537,1910.1657301235891,2714.7138774968375,1981.9524133438354,1937.5732511948295,1821.1608749510974,2082.4189973360267,1672.0882965667004,1917.8722083168734,2354.605827691074,2307.0876972005003,1905.274337123297,1845.8790454429682,2622.6492778468905,1889.9562402885758,2655.6736936491225,2446.28411849995,1740.6194666598728,1731.250175645618,2357.003488108633
photo_velo,3182.951703565723,3741.1576227959163,2253.8447232059034,2159.832045607492,2151.2531716579306,2968.368693550339,2732.6211773232058,3377.232902078201,1601.366144916391,1953.6060361244445,3501.922641461606,1100.1474969335616,2085.272451805222,3540.1579468687805,3026.7348070465073,3491.627112925572,3009.095363780762,1812.2286876798544,1679.5588125018448,0.0,2003.324832955625,3889.6942592229557,1407.8034829002208,3519.6152308290243,2323.67058420852,3139.3300603921925,2261.1725766873615,1646.4125452398985,2832.557195132837,3123.0097292586693,2938.9620628017533,3386.09368611564,1708.741797399968,2092.4362295566475,3383.764529540264,1175.395850493774,1614.399238799828,2867.8745394659586,2778.360626013127,3380.5230313610814,2550.065225928735,1959.1449317625768,1122.983456562398,1042.092651618291,1706.93933034825,1599.4560148674623,1458.3219256201855,3051.1864088835273,3383.2036297688046,2774.974829741451,2059.896613059078,3217.967268675528,2345.178541463542,2998.610672029682,3429.414924550006,2989.3767971328657,2843.0404112478286,2107.2915665135097,2961.419856973151,1601.7423701920168,3072.5404552142422,3103.900775827591,3150.9600658513646,3491.766710634078,3301.856751481584,1901.4072668966433,2074.7605616830324,1271.1440106045973,3309.6556707900954,3169.66744161124,1595.5462188284023,3392.845547079454,2307.59111857561,2167.4679379278764,2206.392397600895,2107.7396081929564,2251.1535366346184,2263.377239666693,2358.3974842214816,2050.8773560064787,2228.2707710959176,2240.3299589913045,1862.9948174240194,2096.1080527482327,2227.241150411271,1967.567870643257,1962.6012313782599,2233.621881550873,2235.7089356322927,2264.5878635616955,2193.3504747760535,2288.6834875507375,2110.433397723679,2145.4811812663506,2145.1137326196563,2091.9514561050987
photo_road,3762.9669341864164,4188.522644087172,1201.1715193161763,1003.2662670042183,2755.052793984181,3344.007334807035,3380.6240645947787,3985.401121835284,1383.393408944607,1622.2808657305102,3384.416619264973,1965.2872623686076,2843.7139929297027,4069.9751872657025,3559.9075576972273,4007.8157381465608,3510.076547654198,1639.5030609450428,1131.1391057242759,2003.324832955625,0.0,4186.399034180547,2115.164381233345,3885.6136314772352,3024.8607607365348,2959.1966769287005,2152.378005087058,1279.2973333654463,3469.4855909865614,3314.8145433241943,3372.084476084187,4083.6851541524625,1524.1327047628079,1801.1548559094917,3858.2170015956513,1826.5623448176016,2400.56801923645,3342.347771617075,3021.7414699171827,3879.604218933219,3183.3395545933813,1803.741234754205,1891.239510350474,1507.5856593897856,1207.8345098425607,1342.2603797586899,2230.7336657774927,3437.064710490688,3356.893465575275,3324.8417249924833,2040.6704889362281,3692.7127408334445,3015.671206645969,3469.3521156873812,3995.712433978186,3649.7385323883605,3435.872042751735,1972.529142856533,3458.476751789284,1564.1508539501688,3777.0320907325336,3716.027366784845,3652.8905108963722,3998.642239273696,3870.156220494894,1765.2043763892398,1946.8238032474403,2055.1871462155177,3986.784867953684,3783.4984527072284,2564.4409516027504,3831.749068793921,2818.3537097258322,2709.991123758908,2715.821878066335,2050.770736094272,2210.722926797903,2237.558912442697,2864.5307236511844,2280.2154928513332,2251.1640149268414,2163.907833566478,2363.0353216502353,2040.4654691707103,2230.913277003376,2561.4427236566635,2527.9399034685316,2242.7080252421774,2179.661194594677,2788.1347772734744,2209.611326568445,2807.2062190091983,2636.3268788896144,2089.3182382158957,2086.2844757990842,2563.8479345692285
