,square,rectangle,parallelogram,losange,isoTrapezoid,kite,rightKite,rustedHinge,hinge,trapezoid,random
square,1.1102230246251565e-16,0.07678059433400541,0.1886642284604042,0.254101974972451,0.15719727018663632,0.12997438404488915,0.11756102352848552,0.18502940713619498,0.1561154022704513,0.15518775506912497,0.23177345549196304
rectangle,0.07678059433400541,0.0,0.12034952127426979,0.2046368719317594,0.22380347310807536,0.17485322052837693,0.1669452066358389,0.1553250469383104,0.1111311883671271,0.18500392470563998,0.2619318882925388
parallelogram,0.1886642284604042,0.12034952127426979,0.0,0.0604654484392293,0.2258143654316087,0.20208965639381982,0.1868639726113499,0.16506299086119924,0.129482056540973,0.1365817984396538,0.19868151818783852
losange,0.254101974972451,0.2046368719317594,0.0604654484392293,0.0,0.24644187943358087,0.24014152305273606,0.22386853449374433,0.1974156323156978,0.17957302302495204,0.14733688618379526,0.1715701493569496
isoTrapezoid,0.15719727018663632,0.22380347310807536,0.2258143654316087,0.24644187943358087,1.1102230246251565e-16,0.09388088210291423,0.07644092414317194,0.2005198613289002,0.19884779940939457,0.08120548661526827,0.12906515600529345
kite,0.12997438404488915,0.17485322052837693,0.20208965639381982,0.24014152305273606,0.09388088210291423,0.0,0.04060468162930897,0.17697363444226533,0.16935823497606806,0.1451490835837428,0.18192525674736826
rightKite,0.11756102352848552,0.1669452066358389,0.1868639726113499,0.22386853449374433,0.07644092414317194,0.04060468162930897,1.1102230246251565e-16,0.1611844517543667,0.15229426206188545,0.09704984715470089,0.15629270890845925
rustedHinge,0.18502940713619498,0.1553250469383104,0.16506299086119924,0.1974156323156978,0.2005198613289002,0.17697363444226533,0.1611844517543667,2.220446049250313e-16,0.021439459460551036,0.17671736609760436,0.17457295638748604
hinge,0.1561154022704513,0.1111311883671271,0.129482056540973,0.17957302302495204,0.19884779940939457,0.16935823497606806,0.15229426206188545,0.021439459460551036,0.0,0.1633517368154641,0.182162548167358
trapezoid,0.15518775506912497,0.18500392470563998,0.1365817984396538,0.14733688618379526,0.08120548661526827,0.1451490835837428,0.09704984715470089,0.17671736609760436,0.1633517368154641,0.0,0.07269022428244432
random,0.23177345549196304,0.2619318882925388,0.19868151818783852,0.1715701493569496,0.12906515600529345,0.18192525674736826,0.15629270890845925,0.17457295638748604,0.182162548167358,0.07269022428244432,0.0
