,square,rectangle,parallelogram,losange,isoTrapezoid,kite,rightKite,rustedHinge,hinge,trapezoid,random
square,0.0,0.10073802155863754,0.15631646321327453,0.19440372722363963,0.1647413961125327,0.14123704785972457,0.13253761111214557,0.17910123513545106,0.1587569080196244,0.14721472380562506,0.20001660287446443
rectangle,0.10073802155863754,0.0,0.12592962422273157,0.19077262655279925,0.19799618402248997,0.17484750722774578,0.17104326800940362,0.17156717431999313,0.13233314080151082,0.16469192542982913,0.21917156902260304
parallelogram,0.15631646321327453,0.12592962422273157,0.0,0.056508613154721665,0.17922373282502957,0.16175743112343532,0.15783129751591385,0.15803088053284375,0.13211825587250736,0.11247620303907513,0.15730524578510652
losange,0.19440372722363963,0.19077262655279925,0.056508613154721665,2.220446049250313e-16,0.1978580208145625,0.18418589096183147,0.18221045696414617,0.17898618678800537,0.16750847394326163,0.12233122102448968,0.14430326874042365
isoTrapezoid,0.1647413961125327,0.19799618402248997,0.17922373282502957,0.1978580208145625,0.0,0.08622434336248996,0.07259439633620357,0.15926308959374103,0.14982366243247336,0.06813181161681314,0.10991652761014181
kite,0.14123704785972457,0.17484750722774578,0.16175743112343532,0.18418589096183147,0.08622434336248996,0.0,0.03521623986438338,0.12718963270269845,0.1201259392635382,0.10560156020097777,0.12429134940421094
rightKite,0.13253761111214557,0.17104326800940362,0.15783129751591385,0.18221045696414617,0.07259439633620357,0.03521623986438338,0.0,0.11807147572886512,0.10980600820096442,0.08068363377286702,0.11998578071902444
rustedHinge,0.17910123513545106,0.17156717431999313,0.15803088053284375,0.17898618678800537,0.15926308959374103,0.12718963270269845,0.11807147572886512,0.0,0.023022267953539344,0.1381960363819612,0.1315587039941264
hinge,0.1587569080196244,0.13233314080151082,0.13211825587250736,0.16750847394326163,0.14982366243247336,0.1201259392635382,0.10980600820096442,0.023022267953539344,0.0,0.1236325419948745,0.13379801189721774
trapezoid,0.14721472380562506,0.16469192542982913,0.11247620303907513,0.12233122102448968,0.06813181161681314,0.10560156020097777,0.08068363377286702,0.1381960363819612,0.1236325419948745,0.0,0.06663309869320078
random,0.20001660287446443,0.21917156902260304,0.15730524578510652,0.14430326874042365,0.10991652761014181,0.12429134940421094,0.11998578071902444,0.1315587039941264,0.13379801189721774,0.06663309869320078,0.0
