,square,rectangle,parallelogram,losange,isoTrapezoid,kite,rightKite,rustedHinge,hinge,trapezoid,random
square,0.0,0.010621497196459107,0.016501509140209425,0.02413470166409848,0.007200005438909529,0.0045020416442357325,0.00357400973202604,0.011865478749922609,0.010863770375327264,0.008579801655347441,0.016046022403520266
rectangle,0.010621497196459107,0.0,0.0067959334613723055,0.014787865848224002,0.019290440447535917,0.012663410657082319,0.012154549277755944,0.007327873246453898,0.00443059763588094,0.013649923760809313,0.02149823233261461
parallelogram,0.016501509140209425,0.0067959334613723055,0.0,0.006949688528862241,0.021091083094444407,0.018203486793337498,0.015460531623864737,0.011258192062327033,0.008147342256040857,0.011802055455864768,0.019003682159438706
losange,0.02413470166409848,0.014787865848224002,0.006949688528862241,0.0,0.023760623031810146,0.02435423703092976,0.022421800834407923,0.014436636015214721,0.013140125340767028,0.013241542116709581,0.013857343701940694
isoTrapezoid,0.007200005438909529,0.019290440447535917,0.021091083094444407,0.023760623031810146,0.0,0.007466945133335234,0.006319349303951172,0.01880010243640906,0.018714526120143682,0.008201737434394674,0.01216883011869252
kite,0.0045020416442357325,0.012663410657082319,0.018203486793337498,0.02435423703092976,0.007466945133335234,0.0,0.003734587518346655,0.01566464371823384,0.015121061071219799,0.01289227833473161,0.018930286827562703
rightKite,0.00357400973202604,0.012154549277755944,0.015460531623864737,0.022421800834407923,0.006319349303951172,0.003734587518346655,1.1102230246251565e-16,0.014780232342310184,0.013879336231683581,0.007775716914037778,0.016417090800195155
rustedHinge,0.011865478749922609,0.007327873246453898,0.011258192062327033,0.014436636015214721,0.01880010243640906,0.01566464371823384,0.014780232342310184,0.0,0.0013601443944403213,0.013918181629846038,0.01690351914541255
hinge,0.010863770375327264,0.00443059763588094,0.008147342256040857,0.013140125340767028,0.018714526120143682,0.015121061071219799,0.013879336231683581,0.0013601443944403213,0.0,0.012690473149242876,0.017196334365914168
trapezoid,0.008579801655347441,0.013649923760809313,0.011802055455864768,0.013241542116709581,0.008201737434394674,0.01289227833473161,0.007775716914037778,0.013918181629846038,0.012690473149242876,0.0,0.007017971141132451
random,0.016046022403520266,0.02149823233261461,0.019003682159438706,0.013857343701940694,0.01216883011869252,0.018930286827562703,0.016417090800195155,0.01690351914541255,0.017196334365914168,0.007017971141132451,0.0
