,square,rectangle,parallelogram,losange,isoTrapezoid,kite,rightKite,rustedHinge,hinge,trapezoid,random
square,0.0,0.02368655514948592,0.041410266361284864,0.056650181153817813,0.01620607340545166,0.012200614908642993,0.009886007540704012,0.029912812108216058,0.026633090604603615,0.01910224421295692,0.03536942888754213
rectangle,0.02368655514948592,0.0,0.017645608954899306,0.03400419827590595,0.04250596440756316,0.029285310818265353,0.028973850941920176,0.01913782566467359,0.011818611957448821,0.030376700558434666,0.04708374091454892
parallelogram,0.041410266361284864,0.017645608954899306,0.0,0.015002655491063832,0.0508283765651093,0.04579587523548356,0.0399000609038318,0.029139542237541116,0.02145347733397107,0.02825917955677748,0.04269835364959784
losange,0.056650181153817813,0.03400419827590595,0.015002655491063832,1.1102230246251565e-16,0.05667170075367234,0.05766254481735322,0.05343779878175692,0.03481452357107884,0.03094326800294378,0.03169938393816696,0.03389240440189256
isoTrapezoid,0.01620607340545166,0.04250596440756316,0.0508283765651093,0.05667170075367234,0.0,0.016928724584120314,0.015010096099451697,0.044068795669245264,0.04313480698486827,0.01935662741049904,0.027440421896672396
kite,0.012200614908642993,0.029285310818265353,0.04579587523548356,0.05766254481735322,0.016928724584120314,0.0,0.009388902715570135,0.038764498399258884,0.03690825244499096,0.030867292271575586,0.04342933913802993
rightKite,0.009886007540704012,0.028973850941920176,0.0399000609038318,0.05343779878175692,0.015010096099451697,0.009388902715570135,1.1102230246251565e-16,0.03743362568870168,0.03495231743690452,0.018511962825625616,0.037154403736563646
rustedHinge,0.029912812108216058,0.01913782566467359,0.029139542237541116,0.03481452357107884,0.044068795669245264,0.038764498399258884,0.03743362568870168,1.1102230246251565e-16,0.0034491123212232466,0.03324246847779688,0.038298105220008094
hinge,0.026633090604603615,0.011818611957448821,0.02145347733397107,0.03094326800294378,0.04313480698486827,0.03690825244499096,0.03495231743690452,0.0034491123212232466,0.0,0.02965478221256379,0.03764779370271676
trapezoid,0.01910224421295692,0.030376700558434666,0.02825917955677748,0.03169938393816696,0.01935662741049904,0.030867292271575586,0.018511962825625616,0.03324246847779688,0.02965478221256379,0.0,0.014529284198274373
random,0.03536942888754213,0.04708374091454892,0.04269835364959784,0.03389240440189256,0.027440421896672396,0.04342933913802993,0.037154403736563646,0.038298105220008094,0.03764779370271676,0.014529284198274373,1.1102230246251565e-16
