,square,rectangle,parallelogram,losange,isoTrapezoid,kite,rightKite,rustedHinge,hinge,trapezoid,random
square,0.0,0.025667886216373725,0.04415461696502587,0.06151171715765502,0.01757615367714016,0.020856380032029276,0.021309574225095385,0.03951287128867842,0.03466122973229713,0.022096651584026294,0.04455824410297826
rectangle,0.025667886216373725,0.0,0.017593655844786116,0.037386093526859066,0.04950487150710814,0.03827368386505381,0.045235277732046275,0.0338760687997115,0.021162443767035022,0.03352960914430403,0.05909578098674395
parallelogram,0.04415461696502587,0.017593655844786116,0.0,0.014414855767661439,0.05745125831225584,0.055022027448879074,0.057769839264455,0.04101236161345223,0.028184308184984852,0.028348834082621788,0.050065420996471266
losange,0.06151171715765502,0.037386093526859066,0.014414855767661439,0.0,0.06522991659241717,0.06922925985321804,0.0728446294286561,0.04879626287294914,0.039692373227734,0.03204363758840667,0.04146368012882018
isoTrapezoid,0.01757615367714016,0.04950487150710814,0.05745125831225584,0.06522991659241717,0.0,0.023563159590989757,0.023174152606177056,0.052961890523345545,0.052413942007446535,0.022505521165981035,0.03671268983429621
kite,0.020856380032029276,0.03827368386505381,0.055022027448879074,0.06922925985321804,0.023563159590989757,0.0,0.011448706543698561,0.06411318966216428,0.060208770538154543,0.043950164109579415,0.06992866580555157
rightKite,0.021309574225095385,0.045235277732046275,0.057769839264455,0.0728446294286561,0.023174152606177056,0.011448706543698561,0.0,0.06926987830967091,0.06629383528431942,0.03509744487634947,0.06802598571575336
rustedHinge,0.03951287128867842,0.0338760687997115,0.04101236161345223,0.04879626287294914,0.052961890523345545,0.06411318966216428,0.06926987830967091,2.220446049250313e-16,0.0044152949356051074,0.03971757242105778,0.04195430772536535
hinge,0.03466122973229713,0.021162443767035022,0.028184308184984852,0.039692373227734,0.052413942007446535,0.060208770538154543,0.06629383528431942,0.0044152949356051074,0.0,0.03445389049625991,0.04065258447946374
trapezoid,0.022096651584026294,0.03352960914430403,0.028348834082621788,0.03204363758840667,0.022505521165981035,0.043950164109579415,0.03509744487634947,0.03971757242105778,0.03445389049625991,0.0,0.01759625975020429
random,0.04455824410297826,0.05909578098674395,0.050065420996471266,0.04146368012882018,0.03671268983429621,0.06992866580555157,0.06802598571575336,0.04195430772536535,0.04065258447946374,0.01759625975020429,0.0
