,square,rectangle,parallelogram,losange,isoTrapezoid,kite,rightKite,rustedHinge,hinge,trapezoid,random
square,0.0,0.0584748072335205,0.17856099607814746,0.2345759358653734,0.1307596843701644,0.11098908889858117,0.10313616803565462,0.1716830605914994,0.13611737802596535,0.13651238887064454,0.20514078148302894
rectangle,0.0584748072335205,0.0,0.126585927331742,0.1978591388673504,0.18789691902286298,0.14924102378735105,0.1427327530185416,0.15434712929405647,0.10654903898828527,0.16119712637335204,0.22973834793083492
parallelogram,0.17856099607814746,0.126585927331742,1.1102230246251565e-16,0.056568640083258126,0.2214156594128398,0.19129400929989104,0.1941212312364653,0.1920369058894449,0.14839423691334652,0.14164161275309617,0.19304372476708775
losange,0.2345759358653734,0.1978591388673504,0.056568640083258126,0.0,0.24538623029134288,0.227157303310351,0.2304384770648139,0.22209907438897514,0.19489900486072986,0.1511643932825042,0.16756450292465985
isoTrapezoid,0.1307596843701644,0.18789691902286298,0.2214156594128398,0.24538623029134288,1.1102230246251565e-16,0.08057690576008902,0.06522432785394972,0.19194242998730726,0.1761471250023139,0.07627650094137106,0.12737360601465408
kite,0.11098908889858117,0.14924102378735105,0.19129400929989104,0.227157303310351,0.08057690576008902,0.0,0.038515430709404774,0.1629615920984383,0.14293051061055018,0.1258537254026484,0.16032066991849947
rightKite,0.10313616803565462,0.1427327530185416,0.1941212312364653,0.2304384770648139,0.06522432785394972,0.038515430709404774,0.0,0.15096926435870295,0.131123211136979,0.09280107288884598,0.14807881840096349
rustedHinge,0.1716830605914994,0.15434712929405647,0.1920369058894449,0.22209907438897514,0.19194242998730726,0.1629615920984383,0.15096926435870295,0.0,0.02449155693837568,0.17531487955991487,0.1653897513180259
hinge,0.13611737802596535,0.10654903898828527,0.14839423691334652,0.19489900486072986,0.1761471250023139,0.14293051061055018,0.131123211136979,0.02449155693837568,1.1102230246251565e-16,0.15040431174522784,0.16354200905519845
trapezoid,0.13651238887064454,0.16119712637335204,0.14164161275309617,0.1511643932825042,0.07627650094137106,0.1258537254026484,0.09280107288884598,0.17531487955991487,0.15040431174522784,1.1102230246251565e-16,0.07184639569341245
random,0.20514078148302894,0.22973834793083492,0.19304372476708775,0.16756450292465985,0.12737360601465408,0.16032066991849947,0.14807881840096349,0.1653897513180259,0.16354200905519845,0.07184639569341245,0.0
