,1610555604.25mOvVXuL01OCiReyVWBfesjuvXmB3MoPy,1610555605.43B6oDsBtWRQ29Q9UMQuTUEPZy3FSSWXzc,1610555610.92HPGJJSmyPM40z7otPBgHalNrHFA7zk5d,1610555606.68LaSQbm9EHAFycEfFtEqAwYqlBsQPjIRW,1610555617.19EKxMEwDHfXiEJZc27TsGoERaD6Da4BZU,1610555722.52PJ3FD50MGhRXyUD28vluU8Z9UjLJLZn4,1610555617.52Ijr5puT55g9apK8auM7zaxa3NANg502t,1610555638.77ZLjTLkz4jYJdFMI2wWBztzsDILkoOtAk,1610556912.46C7tJPLF0XfNnm8f1820X9aLmXMHoc0Dw,1610555617.51LjzIROg0aeCP2GhDcAVQ0LipKJB9jmKc,1610555608.17OpjjHobqRkX0UPcaXrbu7K6L3805SZri,1610555721.82zWeNZfGUUfRJkgnAwlP8VMhPzXctnSd4,1610555735.75bom85BDF0C7W2eIseHeMxi24qR68nzMi,1610555735.77NnT5xqKnwcf2BbjIekeb2arTQj6QMNwk,1610555638.33wjf1PhdNaoWfbRzXVn50hmFyB5bYAiLV,1610555606.65jCE4ig8Pu8kvAzkxnSGfWsV0nQBjCf8H,1610555608.18ONsBCVo1i7BrX0XG9stct4oiA6ejX9Oz,1610555721.51RNoQUMP19FTMS79BmA3JkgSm2IC2AQuQ,1610555971.86O0cHB2ibBJ8jxoObg01EpGe8VVV5mpwn,1610556911.51zU3duZSGpcw1BDNsBLxdOCITAXwl6z3i,1610555988.71dMoYT8250UHHJGxgmITTmbHe7V6gH1yU,1610556042.81mlUZsSp7gbGjrp8jQSnybT1gPy6e62o1,1610555637.02UBW5nKvDyUrKnaWcYRGajZPxTRDS0q3N,1610555619.13oUYNikU4facCTpUSiSLr0vPI0tJLnXiT,1610555721.03nzkucfjAUh31zTbmCVvTVYqtjoxZFnBh,1610555722.67fhKURdXVzRbLIjXmjRwdJHTnE7PWb1AE,1610555638.39J2ZWBLuLTHP0jOlzB4tNHmYeijH5g5YJ,1610556032.17Q6yCDx9g7alRnL9jBFXD2JhhUyB2hKfJ,1610557007.49MyVgDnuUuBxrvL6SGOdhKf69VYlW1MSm,1610555638.44hjT5hbYdKoE3MB6hijrjqbjmLgvCUYKD,1610555608.13zUvmFSCRt6SsLbhqFznMEvGx54GPGQzM,1610556038.62a5C4ynd1AARyAhTv8a58NCqHvXRjscqH,1610555644.45Xse8u7pusHNsd7F3d0A32HXvXr6weOJE,1610556038.62gKXOCG7XCn55eJvyl5voNjbwOW0znQDq,1610555987.13v0oleKK97pkesp6oMgprH8SoSdoDVdIO,1610556964.96ZLLeiQW0qpmxhPGTg7K03fmzkqsC2bjC,1610555987.13VQlEedQ50VvkPMEMzZDv3KNnQCewykN9,1610555982.186TY6MMGkDecIN1woW6vsfAMXVV7jnyjO,1610555982.673LuMndkwkvdmZOn0MmE2Pkidx0FtNalb,1610555733.38zItcuH7gHNfKdALR2d9Nek6bxCyw36Vm,1610556034.15BQxSbZINGCay0yp6RBVlgcPrw76Yn9ON,1610555639.37BPZpgtGml8qUsh9AdV4m32jPLfI2aNFq,1610556965.57S0adAalhWYe6K3bkZU0bRHbqnDK8gGkR,1610555983.54zteLPCMjyrjzPdhHhlZr3faCgD0TfYr3,1610555987.79rHnNRmt9a0ufmnwCvZqBouyUoZDNpylW,1610556960.041xWER61rmArlsKfiMl4frikWmUCnQ7op,1610556035.13a7NHZDutfTMJ88qle1gTYY59Dr4WmMsj,1610556890.456ZBDaY16bMtrTZTqAgHl3wq1tRxzqDow,1610555760.24e6890pkbyZ97Or6croI1rQgjkSsR0yVt,1610556043.02YpWMIJg3W004iqlPyv8OcVAZdSC5rNYw,1610555987.03z05P26TLtONYM1HSzupoc2CeNMa6HTqr,1610556032.15OYCzUxpsz7b10AXBAuDXrvEcvxFhf0M7,1610556032.63Z80yI9pNwS3jSmsDABbuhf8wkNa2Ze9y,1610555736.28eGuESasTXdR3SqY6pHhEXWZtcdciYLCO,1610556034.61bebeZA0MkaFG2sm3VKiqrxeqQginTTW0,1610556944.5XwXOphKYT3ZkWA8gViqOS97VHVuMVUqb,1610556944.745UVLFBzf7fPh4UH37I6tYQOFPqRDytEh,1610556034.63XsUwaFaPZevO1JNFjfhvY4aKNFnV4noV,1610556964.89xwBHw9faT1HjQRMNQEyA4qJ3hWkwgj3k,1610556966.74DydzH91jtyvRyYau47JpVkZoMRSNTt01,1610555740.77UueVziDbaXyRR4OcVJIIZyzOfAzN51bj,1610556046.84e3vwjyRCzqz0wJQhrk8zsxlFfFSv98Df,1610556137.99eoPuVrDThKAOvmeprLPb2FWRqIhzUodc,1610555740.73XFwSrmTXJPlaxGZSefh0jOVA8PI3III1,1610556123.88AOfNaz9jSnqU5Czc7okOv1RCrYfKFBTo,1610556046.85nB7NvyoYQeLcOV391Lmmut1wAM8CFGLw,1610556123.89H4pdIAzDthI7bMXMhlIhKUYIQIvtmPPQ,1610555740.87GOYQUJKpkynIS2lFqppYK4b32ol7NeGh
1610555604.25mOvVXuL01OCiReyVWBfesjuvXmB3MoPy,0.0,130.55789033180693,28.590809192146548,114.27121036898541,78.74004073539227,106.03004866818652,73.71233545216468,36.0332476754226,66.72963062080547,109.30952632038021,128.84640184264083,118.24654120377105,122.15623329770347,64.79863676723468,126.13734476434425,105.45704909765507,133.10001917556735,129.9532868249199,88.53326395692173,96.77986652604876,126.0803864588312,129.32856487653942,89.50436837711975,32.48236222334474,106.91678050460214,103.21018608915114,81.25818802235894,120.87986220713087,126.27413652343621,82.32363063352471,104.2988988261908,88.67322653030052,122.00500400446155,118.99320142063915,110.99488686600748,113.99419245234661,112.98199936185706,113.32016730051383,127.48225923386266,116.99153669572217,123.2124070366563,128.77221410037805,119.65291893958367,116.45599452912691,126.98854402575569,133.2865507389625,118.11206153021348,95.7881255633316,105.04624263780379,119.08435707882724,98.99942981129298,94.9996053090777,125.7701493230827,138.01016120349772,101.1163783609814,97.74845048394346,101.20504820242539,113.42139939885398,98.79058062319065,98.29873165077842,138.704715413573,142.5950054532484,105.73973638496544,128.11880710668694,100.92867559422058,135.69378135393504,107.42357332708994,136.9370192007688
1610555605.43B6oDsBtWRQ29Q9UMQuTUEPZy3FSSWXzc,130.55789033180693,0.0,129.6348743443286,109.65311818892606,132.3018941767796,128.24633255941927,130.40604228846533,131.690266917806,136.32590393139964,120.86146088693731,116.02095804127292,124.75127113465363,103.18697410433438,135.83340101134382,128.2248586395365,120.46714376522843,117.29109833761663,80.57411510050741,128.3865665019826,124.3377281778425,129.37241320507647,119.07458613962335,123.37893347628015,130.1973479810965,123.59428943285495,129.6372588705559,134.16511680633553,125.52055449626438,111.91383952980551,120.95843719183578,123.57102777982098,130.3532495963348,114.20949903219551,112.64940925041556,121.81920461970034,130.63496719030272,126.51490394478569,107.41392045477122,102.56146113068063,132.817712695591,125.43387182519834,121.18077004414957,135.2776171997398,117.63802632465907,94.61736482085726,82.22553828563518,132.57997888534993,129.1615275397524,116.47413648246416,137.0742883923248,124.56753062795974,130.17101801182724,129.1468257543973,113.6303135533284,121.4066584814124,130.1731485584097,122.03876432137443,120.37888313350527,128.51468939496803,127.38282060914325,123.73046523733807,124.15858173500585,112.18762670462729,121.44536242757131,117.4614738353204,120.37482971392753,129.96356610639305,125.56882812759622
1610555610.92HPGJJSmyPM40z7otPBgHalNrHFA7zk5d,28.590809192146548,129.6348743443286,0.0,113.52322776313838,77.2930401443682,105.7404426424835,70.8317733640224,35.83998509174434,66.80740864495199,108.60186029340687,128.48886061095186,118.60526619607617,121.20924380282229,60.25716604691555,125.42346878491863,105.55862433809294,132.52821179555116,129.20696797663706,89.0391243877438,96.97674464940678,126.44648508539649,129.1437733092455,89.28901777654686,31.865349392360596,106.7431987477809,102.85337302264489,80.77149362535631,120.40514748162035,125.12258786340279,81.33475159914668,103.706076439749,89.17252583738079,121.34235988907034,118.82633308812409,111.38140096970979,113.46072354257566,112.94943506130573,112.94945444598913,127.2482373625412,117.6688510097164,122.22967587931922,128.0425918793547,119.25903784252364,118.50149236882679,126.20998795694376,132.52864920003748,118.2544005390113,96.12861768316911,104.65528796302166,119.04810460140949,99.82118219206708,95.2495147653312,125.71569756222291,137.863900282624,100.54698314848308,97.75660940559031,100.86634767726238,114.02579289800707,99.4313678704258,97.81106271199006,138.4017341034325,142.0178832878519,105.42610036807544,127.39387582377047,100.40580312909482,135.4857333720504,107.66340164715119,136.56853252928298
1610555606.68LaSQbm9EHAFycEfFtEqAwYqlBsQPjIRW,114.27121036898541,109.65311818892606,113.52322776313838,0.0,117.46116775251832,120.40089790127408,114.00191050240589,112.58826096212927,119.52962113774939,136.66248969378512,96.06969324714728,102.48486304375879,131.99268427766862,117.76453240847185,115.66310971355348,111.67430987987134,106.81142171124426,108.23643599487455,109.26447679014132,113.55412060849248,112.24089607824942,110.98095314380743,120.00569476814823,112.36741171672743,126.37079320841552,119.14934192759766,112.73152812955419,110.03610045768255,112.64573061702059,113.81618980513613,119.47115681136187,117.95864114410273,137.84943243159606,131.64345091805907,109.21285287488452,98.15739977353111,113.34851360812621,126.77354930855553,106.62197030811275,118.8831362473123,99.33452492201954,104.03461931303698,108.54379634876386,103.7899792050093,118.20973979845574,114.28506469450323,134.4594489452378,119.65955081414423,132.16941135741175,119.59412773129753,114.9457430290108,108.63655140099748,131.40697806888917,120.97652963574137,111.6934091234283,121.75533894344392,120.14650678514461,111.95693234149253,124.35479647772522,121.9925434607419,126.65924735755871,125.11750612817825,113.3860595974054,118.19146827442327,121.59488699204762,121.10600832718636,103.59224577028596,127.73048221778826
1610555617.19EKxMEwDHfXiEJZc27TsGoERaD6Da4BZU,78.74004073539227,132.3018941767796,77.2930401443682,117.46116775251832,0.0,110.74812693079707,67.3776449829554,76.48392641574289,69.70679174594463,116.18587282363187,122.96480468692899,120.78351445080162,130.74079353646172,77.26088432902387,126.73961880815213,110.74121947058545,127.00065022624172,126.0781541238178,96.08083839161445,107.9078738895922,123.71693471309698,122.94155217512049,70.2628275549477,76.57600166400078,103.27828949943172,105.20788521678479,73.29664886297404,124.55838980754633,125.55650191799123,76.3479022454057,106.24249693587697,78.68601634812434,127.93931518696795,124.51339226912175,117.083085168319,111.77019228033849,119.07051001086664,117.72354156739661,125.50150002575278,129.61299770012295,118.24897025719503,128.93507759062976,114.5035002688844,125.06218624510726,127.81155091453388,130.57030943663304,117.62214592647135,109.01973706016022,111.34734272094936,107.70661593032665,113.13920524805324,95.13435724147126,126.45377750587811,135.4376037593042,109.63999851403625,83.33614904946494,104.92277747804262,121.22281991296451,116.42822343871259,94.15008799409712,134.27219712897258,138.25753753785372,109.36618206763846,122.58618836659893,104.03612786282869,131.6664039443835,115.24772776956083,133.4058369547725
1610555722.52PJ3FD50MGhRXyUD28vluU8Z9UjLJLZn4,106.03004866818652,128.24633255941927,105.7404426424835,120.40089790127408,110.74812693079707,0.0,109.73962917082252,104.11035646601002,103.57838367249288,130.74515811053385,122.94934518286941,117.21560385841305,129.15199181490027,107.15748144683401,131.5106306387107,124.39983852620095,124.90290778781169,123.85894948754016,72.29624026347591,117.83698666669196,117.96425361545309,119.34088014224058,109.52277946393846,103.25929940837464,115.3974397300341,59.24308195376461,109.86441279302221,117.33428444029646,132.0915807837926,100.84489831969806,130.55638785906365,101.76210567396863,137.2354730295985,133.40619732081947,126.58821958373598,116.8238279247331,127.49396453256206,133.39479029511074,123.21529815442062,123.43610027303534,129.74219601386037,121.38021167033958,130.02108281205173,113.20045699347335,129.95980158149462,121.32305645522139,104.84905062552104,106.12803928391877,128.73175000816582,123.46366217363544,106.4833402156345,100.91091719832846,122.26733567546903,132.34072349000738,124.6377538415381,105.81970518889925,118.37810698365558,112.4159666676883,107.78180753292752,98.92708913280953,127.7036203771731,131.62213026416117,127.17139742750881,114.50970335510043,128.49060654048535,129.12376065287512,115.39854608165646,128.87393015993595
1610555617.52Ijr5puT55g9apK8auM7zaxa3NANg502t,73.71233545216468,130.40604228846533,70.8317733640224,114.00191050240589,67.3776449829554,109.73962917082252,0.0,68.62390029943153,80.16513538036774,121.89476743425537,123.22496489209445,125.37912004869477,129.23885503046654,66.23895942894254,125.19995948476604,118.60738160882929,126.89647927129226,125.50315572491452,91.88557032941506,115.04895116115365,131.4303102448526,121.62853079788387,90.99763810562179,69.4410935516513,113.97082111065355,102.26908333556166,89.79047903970891,124.76955017449114,126.96215331591328,65.64275431644313,115.58666379210752,76.24473958222582,133.67999788880837,130.03273562318802,123.28317137462537,115.046869753119,126.63015592994134,124.3292686548498,125.65105134792388,128.2422047783872,127.50901237225104,128.75856321036045,122.2000430709715,122.53293075919802,126.1612958012773,129.44508043134113,128.5719546036528,111.35634110045356,116.96566803415955,120.59478187834169,115.35338152163519,102.76475922502789,126.78193277241381,134.20677450119587,116.9852624625357,95.84150781393959,105.37297298415015,128.72236719171283,115.78359805554229,88.29638153108777,134.17625000736308,137.17772469999355,117.11595559249822,121.83419337172062,111.99040404652347,131.73390253500696,115.31940170213532,132.2408099479675
1610555638.77ZLjTLkz4jYJdFMI2wWBztzsDILkoOtAk,36.0332476754226,131.690266917806,35.83998509174434,112.58826096212927,76.48392641574289,104.11035646601002,68.62390029943153,0.0,64.19446957048642,112.29108487011464,126.72288329480291,116.74756954838827,123.68498831619485,51.68352872106564,124.12566062218566,107.71524780157078,130.7287111725832,128.14287673359962,86.50861501401236,99.37813612376797,124.36622363739379,126.93715624498478,89.6605303283585,31.130255856080264,108.13420058765492,99.73318268544283,80.75861431231718,118.98504659917118,124.66533732658236,80.71530510075372,106.24012012409713,87.29842557889516,124.50826291945756,121.18410484865446,112.91503048475276,111.11489085391715,114.73626278149416,115.73024943848434,127.0773993612091,118.24575198814915,121.59959765569509,125.74162264139956,117.21488699871695,114.60605391516496,126.69114233792818,131.72482919402495,117.62301275728854,98.22028094571941,108.71434221362662,117.7177995680315,99.99909337510783,94.69755341563899,124.69203308771444,136.58858830632633,104.06946500387052,96.26954262186229,101.2989501879495,115.42422854603599,100.06034844943215,96.15714638116111,136.39514531738692,140.45081479630173,108.0670262778979,125.14946067004146,103.36039202664493,132.97151138814206,108.01932363557272,134.6119011100282
1610556912.46C7tJPLF0XfNnm8f1820X9aLmXMHoc0Dw,66.72963062080547,136.32590393139964,66.80740864495199,119.52962113774939,69.70679174594463,103.57838367249288,80.16513538036774,64.19446957048642,0.0,114.6101018072539,128.7901605311176,118.34001774707039,128.34032744149593,70.23063935008364,126.56968313240682,110.56998537766323,132.00921566361566,129.62335488656703,81.28868322966187,101.88664479702663,120.65457854315197,128.53225858338337,88.0610475350054,63.71646570733923,108.63973645059839,97.99259176942144,82.03289289335382,118.89760815305888,125.20664173719283,87.48032317848231,110.5324922321543,91.05792025869914,125.97309633363457,120.88053911378684,116.3119161479945,112.28940523309122,119.32116701697926,117.91313225190713,129.96729400762598,129.5583304309933,122.22013947478382,127.72892217811048,116.77431958293369,114.54309027328202,131.05339952816774,133.85681685845677,111.12520754003728,103.98640706313078,112.33837171112565,112.94899138754171,102.23555071773959,97.0829431585233,125.18484258052248,138.11905631894686,111.5031677262914,93.40822060295146,108.65181964443859,115.8695763180194,105.29372527057737,99.54492694219662,137.02233980615873,141.65895118667578,110.67818307711441,126.14905292907217,106.31361097045789,134.44232497253086,116.33537573149152,135.9118681498744
1610555617.51LjzIROg0aeCP2GhDcAVQ0LipKJB9jmKc,109.30952632038021,120.86146088693731,108.60186029340687,136.66248969378512,116.18587282363187,130.74515811053385,121.89476743425537,112.29108487011464,114.6101018072539,0.0,149.50718326288722,135.64447074959924,77.14358673460958,121.80621300558853,144.71821425757275,114.11003643523985,150.7797123957323,139.38052274269975,131.54700221692386,110.79395970022355,137.72562278235173,150.11706886748067,112.61163105264677,110.22785597290623,115.53610225004161,133.18487198660284,113.65895537419482,139.27635468879222,133.11547406134738,122.423460931244,110.35971000704016,130.59000574432534,55.80447331913529,105.76703551394728,118.2019389666839,140.72954940518153,116.88959801318123,101.44839289210334,131.88020693218434,131.94337562028872,135.39807890437174,147.60652183844968,134.7809781318908,138.4675100988144,139.5412227315123,141.6899449284011,118.71734382581812,108.42685614901787,59.43508039931912,138.56198749073863,113.58318763963584,117.10637634792603,131.00608854812995,145.90568214399087,108.89013962063116,126.16394162378145,120.2355020103571,118.17192199421267,114.07332479197682,131.78451505026317,150.0972563342612,153.04917960937718,102.93102749134074,146.08864672358857,88.93263568683494,155.5092973917667,137.26560157171738,147.7499111773171
1610555608.17OpjjHobqRkX0UPcaXrbu7K6L3805SZri,128.84640184264083,116.02095804127292,128.48886061095186,96.06969324714728,122.96480468692899,122.94934518286941,123.22496489209445,126.72288329480291,128.7901605311176,149.50718326288722,0.0,111.84586007514694,143.98365054057822,126.98426629008821,111.67241211228551,120.11813152609088,68.28926023833479,104.38884563355568,114.46753534474685,130.9720997904651,115.23356390459803,99.10054742655205,122.13790642723377,126.81381418228617,117.32701355762288,119.56159636487149,129.1154676894358,115.90486354435033,117.92115509065427,120.35938580420648,130.8359085412839,117.74525603562613,148.97942364912916,139.69433354363906,117.2996093650824,101.59209980470433,125.99076862225085,135.51909170399674,111.35440470788961,128.09934036445878,117.54682435463306,96.36388032145508,113.47358382892806,118.57345915326107,113.9687896978525,93.93613820887796,139.46714106237317,128.2921582420461,145.16828330336705,117.04469386655744,125.64769617985048,122.12588481641615,134.13865611214902,116.31083218689395,130.30622973243433,115.53251570737666,110.24999393732968,122.90940160490895,136.74631471294467,114.8784063288228,116.88694606206825,108.72786494286656,122.58166883723688,103.08899529267335,131.8616151665689,99.49319896999754,113.50952247036314,121.99139877205691
1610555721.82zWeNZfGUUfRJkgnAwlP8VMhPzXctnSd4,118.24654120377105,124.75127113465363,118.60526619607617,102.48486304375879,120.78351445080162,117.21560385841305,125.37912004869477,116.74756954838827,118.34001774707039,135.64447074959924,111.84586007514694,0.0,138.74236729984057,122.85435403711453,124.18583708971516,99.90289190298385,115.92144272928506,105.83507044432756,117.03860776406245,100.20166627146082,62.83631088038706,93.68870992029667,119.06130321994044,116.64600516877454,116.66290309842883,115.80150526706751,117.7060843829592,88.767785240592,113.8916004986662,126.44798450464607,123.15805117470536,125.92248528130354,133.95818802210806,117.82225493651084,94.79336819303842,91.29178167682754,108.72943956537073,114.39348489091473,119.16031365641663,119.6974604138687,109.13830680002799,93.739526209077,114.22940234863181,102.66740072079322,121.12743531045,118.54647404973652,114.44997423326114,109.25396856964689,127.52785570058921,114.70465487147054,77.23394456968965,107.74493556857101,127.67634992607695,121.22782984305444,112.50073037864716,117.72227817797629,116.3903581127258,90.09587653200012,100.34151762778481,124.75931522682548,120.62061769920261,129.48017919962527,104.61554726066282,119.51275897824623,114.7617670514013,120.49596227724525,105.76601521869355,121.19435600713238
1610555735.75bom85BDF0C7W2eIseHeMxi24qR68nzMi,122.15623329770347,103.18697410433438,121.20924380282229,131.99268427766862,130.74079353646172,129.15199181490027,129.23885503046654,123.68498831619485,128.34032744149593,77.14358673460958,143.98365054057822,138.74236729984057,0.0,130.57759638695603,137.04358093715027,123.22607094184012,144.6553098158214,126.91526928642476,131.86915059701403,119.30689894426496,140.25245736716573,144.27525192350362,127.3802932645675,121.842376628062,130.6042495089423,131.15846159757015,129.30389202220528,138.8790939403973,126.31906463478056,127.57842849725526,116.43519940536441,136.58467304619782,57.243293921587686,110.51819010252581,126.262041977776,142.56231106496205,124.09147275147879,107.6576973650871,129.98276394335403,127.51728275864295,134.90964943580497,143.66423828676926,139.13188908782837,132.09809821231715,130.56233728335278,130.39547203971853,125.66030084527688,121.6296366137743,96.67630689363162,143.75867945651234,120.27014012997715,127.9854368266981,130.51033333913418,135.91533371708175,117.17473860845605,136.65867802450086,129.1399500865699,123.43493861851111,119.97710028978719,136.76424952344559,145.00499516150506,143.00391523709388,111.43981699479069,142.77027131185866,110.85296168602653,144.34382272441107,136.97585792189668,143.4638199439194
1610555735.77NnT5xqKnwcf2BbjIekeb2arTQj6QMNwk,64.79863676723468,135.83340101134382,60.25716604691555,117.76453240847185,77.26088432902387,107.15748144683401,66.23895942894254,51.68352872106564,70.23063935008364,121.80621300558853,126.98426629008821,122.85435403711453,130.57759638695603,0.0,125.93612411898368,118.18016496328897,131.14673791406983,128.4553324533912,88.45725665345094,112.02949168495567,129.57869412356837,126.77952274825542,94.0705405886778,57.510147041830805,114.64867381186836,101.96290845846808,88.30459550290061,123.79644819452126,128.19147443150655,80.52899280186242,116.07360078970272,86.85540865788128,133.56640670098685,130.27360165914294,123.21657613418638,115.2162481902156,125.48887272245,124.70748690910415,129.90022534175057,128.6716397623722,127.63888672863555,129.041595640831,121.47670232724936,119.16317164657453,130.0185243669194,132.87072983984322,124.19220284213097,110.01268262611111,118.59264970258955,120.38785817039424,109.8749617419673,102.69991824712902,128.10953040143463,138.36071844240232,116.97377551648715,99.13965234637556,105.80842505481012,125.85153305564869,110.25525217006056,95.68567676933968,137.1076646051962,141.26390031605615,118.07697170505494,125.76460870436037,112.60843855908173,133.7745593470948,116.16908550471403,134.97005871580438
1610555638.33wjf1PhdNaoWfbRzXVn50hmFyB5bYAiLV,126.13734476434425,128.2248586395365,125.42346878491863,115.66310971355348,126.73961880815213,131.5106306387107,125.19995948476604,124.12566062218566,126.56968313240682,144.71821425757275,111.67241211228551,124.18583708971516,137.04358093715027,125.93612411898368,0.0,122.24939336256672,117.85367203910964,122.49110087558401,120.03348408219739,127.10846431478555,125.88380910944873,119.14595329482528,127.58004909253626,124.04396904806445,128.76952761986735,125.36647791420974,128.85439094122563,133.15026719173375,112.15325882542973,126.82035255062766,117.07249126754434,123.94126301076285,139.86366220259345,144.55196140030054,112.97364200649335,113.50116498686816,113.96999507884229,139.61097464196772,132.35506730107372,123.24336398490897,102.86692006771243,125.69841728840146,96.57709476779975,126.55284249081629,110.39298097950085,120.91163727538293,136.17696084045738,125.20165352406599,148.67463107103453,126.9805750731005,125.87509606353153,120.66159056707406,153.85214052189028,125.15837499195243,121.87041380305372,125.951684404111,113.17714249020646,124.22490221448642,137.2500759824698,124.27858666129107,142.8963518793733,123.46035801769855,128.49373954032308,130.08965916223775,136.72709944338388,120.11131126471325,122.80666727080494,145.99109909523716
1610555606.65jCE4ig8Pu8kvAzkxnSGfWsV0nQBjCf8H,105.45704909765507,120.46714376522843,105.55862433809294,111.67430987987134,110.74121947058545,124.39983852620095,118.60738160882929,107.71524780157078,110.56998537766323,114.11003643523985,120.11813152609088,99.90289190298385,123.22607094184012,118.18016496328897,122.24939336256672,0.0,124.4686176414567,128.15265869759827,118.9252293164676,78.68113786152159,106.19913060200923,125.64364405714721,106.52172082598275,106.4543818736654,109.80333250159258,123.32031068615956,105.1892846250632,107.54662908215903,104.79874040132586,121.5615438601817,94.72053246567525,123.81485265004439,110.9175490584404,88.00941303577866,70.65343103904304,97.27220244397625,89.34403546782451,82.18629330756973,122.72299874684613,117.85526088255708,106.37937975114814,118.44670123487725,113.92315760907029,118.5398334516267,120.71808552583265,130.0892032988829,112.09259538376887,100.98793699648705,106.462490514549,111.77954655950634,93.3835210494298,110.03751136856825,122.61102137399772,129.29833977672584,87.28410484558304,116.40794810035533,112.6383363950365,86.78162974530439,104.12040918415595,127.5453091246307,129.12315316947317,136.50286780489216,74.90451824082794,127.32716290343264,92.18616678825155,125.89019382081412,102.7070386958452,128.4458142928278
1610555608.18ONsBCVo1i7BrX0XG9stct4oiA6ejX9Oz,133.10001917556735,117.29109833761663,132.52821179555116,106.81142171124426,127.00065022624172,124.90290778781169,126.89647927129226,130.7287111725832,132.00921566361566,150.7797123957323,68.28926023833479,115.92144272928506,144.6553098158214,131.14673791406983,117.85367203910964,124.4686176414567,0.0,105.2020085478599,118.58132825432199,135.34635225079649,116.80614724153594,100.68992199249134,125.52516749018608,130.83196408184293,117.50920867563696,119.16444300900343,133.90267684028362,118.45737361265644,120.63293759860449,123.75668198985336,135.30822200023468,120.63437096345655,150.1323734469064,140.58744767368322,121.24516201933781,104.11763896057509,130.28369525024758,135.75903518964014,109.94741869656154,131.27408709893473,124.42928346487206,98.10494893267717,120.03509694429793,120.64375563448695,113.13001671305757,95.3282409301577,139.46292058204148,132.16768329626672,145.95879256094042,120.32855435655051,128.5648111698224,126.10723186770436,134.16439301243204,113.59658637996249,135.35582613889696,117.16389302056216,110.84923702178413,126.49176545711762,138.91246606412042,115.81392835774196,111.88154299303606,104.4821495505613,125.4417533432566,97.59300486843522,134.13274740654697,98.19444595510437,118.22580862921728,118.82575117015371
1610555721.51RNoQUMP19FTMS79BmA3JkgSm2IC2AQuQ,129.9532868249199,80.57411510050741,129.20696797663706,108.23643599487455,126.0781541238178,123.85894948754016,125.50315572491452,128.14287673359962,129.62335488656703,139.38052274269975,104.38884563355568,105.83507044432756,126.91526928642476,128.4553324533912,122.49110087558401,128.15265869759827,105.2020085478599,0.0,119.9954261121716,131.07028757415654,112.63593935929546,99.56338796216265,122.50169739381182,127.51586588134978,124.86218900179693,121.28151426989368,130.817294822825,117.01107094360556,123.03827021552658,121.93868602403472,133.451258576629,125.1538493238648,135.77685575052712,130.02519715217008,127.71178791782411,120.73196543075561,133.97292234792727,126.24643063130101,114.05407736855403,134.50384992942028,125.0530081924286,109.0343403139316,129.06197149430284,114.37235675834503,105.00013256236493,79.89687298293873,131.75332101705743,129.8294438420262,135.27909924432672,128.6790196093635,116.48967342792275,128.01237545588057,133.63866118712616,116.13362078481471,134.50957449189474,125.95404047302087,117.87978566283758,125.41996431725936,125.05390273980882,121.1902744471573,112.50462665728305,113.44018796616535,123.50169968548889,109.10282251008394,129.5660023018952,108.75132744531574,124.70847200866413,115.603189814191
1610555971.86O0cHB2ibBJ8jxoObg01EpGe8VVV5mpwn,88.53326395692173,128.3865665019826,89.0391243877438,109.26447679014132,96.08083839161445,72.29624026347591,91.88557032941506,86.50861501401236,81.28868322966187,131.54700221692386,114.46753534474685,117.03860776406245,131.86915059701403,88.45725665345094,120.03348408219739,118.9252293164676,118.58132825432199,119.9954261121716,0.0,116.60488570485342,120.01116031014806,110.73419670376532,102.8274531028098,86.44728158533528,112.44539666296296,74.2284338087067,101.06665461563166,113.95609770753342,125.99611689000483,87.8160518025289,122.66452434468881,89.04777116068215,139.20302589841387,130.59248165576784,121.58227490054001,110.13186699996561,127.48908316451036,129.9780346691605,122.95900125299642,120.1775450745882,126.263508090973,118.97290360854468,120.80854706758058,106.832914379965,124.95878633528709,120.19561644191678,117.46243263436179,108.90121589048329,128.7882379347982,114.87012644446236,107.36439590223682,97.53336116131088,120.97650369910232,130.59867959885324,123.6722866410676,102.20701481024646,112.15580082605247,117.56630605945789,110.39631842792376,92.07576333324273,125.65401498581843,130.15013522070163,122.18857150082418,110.2550878346988,121.79804213551135,122.33405692904908,107.8235811408259,125.93423854857518
1610556911.51zU3duZSGpcw1BDNsBLxdOCITAXwl6z3i,96.77986652604876,124.3377281778425,96.97674464940678,113.55412060849248,107.9078738895922,117.83698666669196,115.04895116115365,99.37813612376797,101.88664479702663,110.79395970022355,130.9720997904651,100.20166627146082,119.30689894426496,112.02949168495567,127.10846431478555,78.68113786152159,135.34635225079649,131.07028757415654,116.60488570485342,0.0,105.73178250536988,131.01692634862275,102.26240409680972,98.34811202781705,111.95545006521006,116.50056829560624,97.10315246775147,109.38595411998752,117.79743056175941,118.49458695101058,93.68440752748793,120.22490751721037,107.02053429358656,98.03554125553272,87.58732487013994,106.4475775612037,84.50298107447237,94.0011544696611,130.72203368874324,120.06245430093087,108.6503978540081,123.76227313335836,115.32723578696562,114.749827364248,121.5327109885381,134.57671765901767,103.98809843730474,93.25386427982727,106.91420926356064,120.90455665829649,87.37141462770691,107.91504414669204,130.07729711186633,137.09099193800893,79.42212135070677,114.90824312396194,116.11296843070777,81.16216453766069,94.60460049850894,124.99522324637239,140.0374580751744,144.28384915561682,86.05220985024137,135.27026118497167,94.78506822847326,138.0803630046705,108.19937536082757,138.9136986694902
1610555988.71dMoYT8250UHHJGxgmITTmbHe7V6gH1yU,126.0803864588312,129.37241320507647,126.44648508539649,112.24089607824942,123.71693471309698,117.96425361545309,131.4303102448526,124.36622363739379,120.65457854315197,137.72562278235173,115.23356390459803,62.83631088038706,140.25245736716573,129.57869412356837,125.88380910944873,106.19913060200923,116.80614724153594,112.63593935929546,120.01116031014806,105.73178250536988,0.0,101.02839216797975,121.60901611075533,124.21739623426346,118.929657597288,115.7758052270768,121.70765965311583,94.06829960744442,119.93762560200607,131.80411012526832,126.14772358923057,130.20998989278638,135.5096821531439,122.05734392135405,97.10421799405376,97.37242009100291,111.90162402266596,119.85735231203273,122.52882035891044,126.70545378290406,111.72681677468975,98.2072059175012,116.39654439490272,106.2596814077363,123.1771790973586,120.40127279679889,112.50960117699785,115.02069311175312,131.42342363286946,117.51066271607795,92.06724201752385,111.30325107942262,129.95673845314988,123.37180475391008,118.07130753976176,119.15575959249968,121.28546555318006,90.75669988598429,109.0440994398914,127.60738168619272,121.85313863279988,130.62761730305118,112.20556506683177,119.64529911600273,120.97917273102479,122.30087321413693,113.7998283398217,122.81589439163102
1610556042.81mlUZsSp7gbGjrp8jQSnybT1gPy6e62o1,129.32856487653942,119.07458613962335,129.1437733092455,110.98095314380743,122.94155217512049,119.34088014224058,121.62853079788387,126.93715624498478,128.53225858338337,150.11706886748067,99.10054742655205,93.68870992029667,144.27525192350362,126.77952274825542,119.14595329482528,125.64364405714721,100.68992199249134,99.56338796216265,110.73419670376532,131.01692634862275,101.02839216797975,0.0,118.61239369795761,127.08473712400286,119.52859341325123,112.15620318115897,130.90190809486913,107.17300388211876,125.4675852427542,113.97342761054183,138.65955020514178,109.36571825538446,148.81272163975777,136.0539390086231,121.83280816462388,106.26355475591332,133.17689572718552,131.64002735022785,114.5767619336544,133.35590622434023,128.79237721200448,100.0912231556583,125.15992772481688,115.25728250194136,111.89850868146922,103.6392582230679,134.98524141831444,129.83204384355787,140.54029146023765,117.78182003412984,115.66831709674307,123.2159460682488,133.6739776813976,117.30931003128524,137.45765426932076,115.15839016514823,113.85004561218102,119.40818254164634,129.1372615934652,103.36434964751301,107.1814382725289,119.18600385975743,123.67324980333358,102.02517450562517,130.802473957229,103.98137900984997,116.71620715455619,111.54403636571332
1610555637.02UBW5nKvDyUrKnaWcYRGajZPxTRDS0q3N,89.50436837711975,123.37893347628015,89.28901777654686,120.00569476814823,70.2628275549477,109.52277946393846,90.99763810562179,89.6605303283585,88.0610475350054,112.61163105264677,122.13790642723377,119.06130321994044,127.3802932645675,94.0705405886778,127.58004909253626,106.52172082598275,125.52516749018608,122.50169739381182,102.8274531028098,102.26240409680972,121.60901611075533,118.61239369795761,0.0,88.8526335021674,90.56537985262271,104.6135451991454,72.77660443450172,125.4962565385912,124.656088405228,81.53954036218096,96.97507645897494,82.81467022222645,120.87293916043035,118.21822582645233,111.93049843757119,113.21679499591866,112.03216824733073,108.8104046076485,119.56284028508023,128.571826595899,118.8337950253242,128.8842937873519,116.17584623647357,126.81453324604263,121.77222228486033,124.70678411584169,108.77484106006565,104.69086395339787,104.7031445411192,105.38637105822012,113.27667944842256,95.42387639501095,126.74694514678113,131.90644194804037,102.63417248664675,67.8458948934277,105.85985158246294,112.68486019442193,118.1477889400057,91.22549319737055,132.44023466368756,136.59510514593194,100.90673412953954,120.37041800886094,99.3859740593511,127.82991326444723,113.15500450773695,134.59626837083445
1610555619.13oUYNikU4facCTpUSiSLr0vPI0tJLnXiT,32.48236222334474,130.1973479810965,31.865349392360596,112.36741171672743,76.57600166400078,103.25929940837464,69.4410935516513,31.130255856080264,63.71646570733923,110.22785597290623,126.81381418228617,116.64600516877454,121.842376628062,57.510147041830805,124.04396904806445,106.4543818736654,130.83196408184293,127.51586588134978,86.44728158533528,98.34811202781705,124.21739623426346,127.08473712400286,88.8526335021674,0.0,107.01367721742916,100.6281959035647,79.55450221385233,119.10542874713332,124.5942544944144,80.94119118327683,104.98250381530721,87.47774166478911,122.54458790546705,119.85684626823935,111.62426487660736,111.09547119883945,113.22448649026306,114.37256617191349,126.3860978075802,116.47489359260372,120.72772807748913,125.98873844544116,117.17489164748838,115.48638328675335,126.61501618366678,131.34444405112131,116.71756579365187,97.03067115058109,106.35777175864281,117.76352698177128,98.81559432607416,92.98102651114594,124.2877012562261,136.50565175358125,101.67707459454577,96.0873284435986,100.7509620370801,113.90489448037953,99.28903415071113,96.32877478239169,136.39267407903154,140.50448924771186,106.60598159839579,125.52800229052279,102.05318784920466,132.8907675734867,107.25899847937983,134.87989667694882
1610555721.03nzkucfjAUh31zTbmCVvTVYqtjoxZFnBh,106.91678050460214,123.59428943285495,106.7431987477809,126.37079320841552,103.27828949943172,115.3974397300341,113.97082111065355,108.13420058765492,108.63973645059839,115.53610225004161,117.32701355762288,116.66290309842883,130.6042495089423,114.64867381186836,128.76952761986735,109.80333250159258,117.50920867563696,124.86218900179693,112.44539666296296,111.95545006521006,118.929657597288,119.52859341325123,90.56537985262271,107.01367721742916,0.0,115.8662133879287,106.83910360229319,121.77897788532937,131.45019728548033,107.85594313906772,113.84800485355741,106.52017968112692,122.49510011860365,117.09767509933789,109.21323235413911,115.84613636315305,113.70344809018074,110.52360290849569,113.32854237580653,122.48709719587644,126.36321567085015,124.36326109771127,117.52045660966091,131.43649076328484,124.37845106579795,114.96722999710512,116.35022219646177,96.51848430879257,106.91248652522334,114.7844875599409,110.62016293345766,103.40854234883756,124.63789630631689,133.46085111801872,112.45780961567756,87.94430935681758,90.8789053992982,109.18533385602389,116.82125091172679,96.13286559095457,124.98638620239774,131.02462072891313,103.6035965185775,110.70706229741069,102.90537307328539,122.2335725041554,113.10186193495909,127.81741622540672
1610555722.67fhKURdXVzRbLIjXmjRwdJHTnE7PWb1AE,103.21018608915114,129.6372588705559,102.85337302264489,119.14934192759766,105.20788521678479,59.24308195376461,102.26908333556166,99.73318268544283,97.99259176942144,133.18487198660284,119.56159636487149,115.80150526706751,131.15846159757015,101.96290845846808,125.36647791420974,123.32031068615956,119.16444300900343,121.28151426989368,74.2284338087067,116.50056829560624,115.7758052270768,112.15620318115897,104.6135451991454,100.6281959035647,115.8662133879287,0.0,108.93369663374509,113.79660269279735,128.88258602330887,97.14274707734465,126.88396277845426,94.61593163218708,138.26902462654903,130.92243740497085,125.62804228228909,112.81207361100992,127.94718962396047,131.6041097574546,122.07823082645297,125.08855690433504,131.02002813489793,118.02880568332746,124.82375683496323,109.30376553825378,123.80016843431882,120.4251371102871,107.10305000710973,109.61713669090342,130.76437665695644,118.92940112357753,107.16452136780883,105.58065430724614,119.61731436229265,127.89399819639321,126.10103678355489,100.79747291986315,115.40991135929798,115.67490316470229,109.47895600570124,92.27219715382807,121.27878348410665,127.74429460232702,125.67102604206946,109.12657100873226,127.46316079459301,123.79238384170628,114.68383390141265,122.51555615045551
1610555638.39J2ZWBLuLTHP0jOlzB4tNHmYeijH5g5YJ,81.25818802235894,134.16511680633553,80.77149362535631,112.73152812955419,73.29664886297404,109.86441279302221,89.79047903970891,80.75861431231718,82.03289289335382,113.65895537419482,129.1154676894358,117.7060843829592,129.30389202220528,88.30459550290061,128.85439094122563,105.1892846250632,133.90267684028362,130.817294822825,101.06665461563166,97.10315246775147,121.70765965311583,130.90190809486913,72.77660443450172,79.55450221385233,106.83910360229319,108.93369663374509,0.0,127.94629413590216,128.66216874413263,92.08623494516013,95.06991086377049,91.93792741495758,123.70178311190523,123.18511168044733,110.62370574220002,112.62633678163746,108.26077300601791,116.54352665695386,130.9485313218804,121.72050714126966,111.04199063820604,130.93423417399495,113.72661471931633,128.4132082881478,131.7024973767947,135.55524689318725,108.64193295165015,98.96518117462536,110.68410923651152,99.75425250921349,108.37742283121563,85.86275758177194,132.32800110934892,141.42216949935477,98.60992011153951,93.4762752760148,113.10200586719931,111.3965440894825,112.0805312519389,103.43915022950004,141.90117252389223,142.96734652400386,105.0731616420457,130.133284320216,103.09032185302982,137.34650871665912,101.61151303992276,141.8477052890082
1610556032.17Q6yCDx9g7alRnL9jBFXD2JhhUyB2hKfJ,120.87986220713087,125.52055449626438,120.40514748162035,110.03610045768255,124.55838980754633,117.33428444029646,124.76955017449114,118.98504659917118,118.89760815305888,139.27635468879222,115.90486354435033,88.767785240592,138.8790939403973,123.79644819452126,133.15026719173375,107.54662908215903,118.45737361265644,117.01107094360556,113.95609770753342,109.38595411998752,94.06829960744442,107.17300388211876,125.4962565385912,119.10542874713332,121.77897788532937,113.79660269279735,127.94629413590216,0.0,121.0926061649343,127.01151322544109,133.77529740722565,126.11453933016156,138.75852019104644,109.59243874641149,113.63196625414984,101.59311951637892,123.77582631036887,113.39205206826561,117.971900957072,126.68568487066375,128.54195765728915,92.55088592679489,123.46037304952192,93.64858751756842,126.7022545781833,118.11761411167411,118.87087104294562,120.23122082861701,131.18886610089478,121.90007389169965,95.65862247017236,121.35376605269605,113.42386529039698,123.90613436588033,125.98605061110102,122.85243895416234,118.31670085441154,98.45297631187896,101.72744952836975,126.2231944515134,112.3346851255248,133.36161003457164,112.51935792675755,114.77586098644446,120.19346771061787,120.9487220201764,112.67876381130264,109.82088117309043
