,1610555604.25mOvVXuL01OCiReyVWBfesjuvXmB3MoPy,1610555605.43B6oDsBtWRQ29Q9UMQuTUEPZy3FSSWXzc,1610555610.92HPGJJSmyPM40z7otPBgHalNrHFA7zk5d,1610555606.68LaSQbm9EHAFycEfFtEqAwYqlBsQPjIRW,1610555617.19EKxMEwDHfXiEJZc27TsGoERaD6Da4BZU,1610555722.52PJ3FD50MGhRXyUD28vluU8Z9UjLJLZn4,1610555617.52Ijr5puT55g9apK8auM7zaxa3NANg502t,1610555638.77ZLjTLkz4jYJdFMI2wWBztzsDILkoOtAk,1610556912.46C7tJPLF0XfNnm8f1820X9aLmXMHoc0Dw,1610555617.51LjzIROg0aeCP2GhDcAVQ0LipKJB9jmKc,1610555608.17OpjjHobqRkX0UPcaXrbu7K6L3805SZri,1610555721.82zWeNZfGUUfRJkgnAwlP8VMhPzXctnSd4,1610555735.75bom85BDF0C7W2eIseHeMxi24qR68nzMi,1610555735.77NnT5xqKnwcf2BbjIekeb2arTQj6QMNwk,1610555638.33wjf1PhdNaoWfbRzXVn50hmFyB5bYAiLV,1610555606.65jCE4ig8Pu8kvAzkxnSGfWsV0nQBjCf8H,1610555608.18ONsBCVo1i7BrX0XG9stct4oiA6ejX9Oz,1610555721.51RNoQUMP19FTMS79BmA3JkgSm2IC2AQuQ,1610555971.86O0cHB2ibBJ8jxoObg01EpGe8VVV5mpwn,1610556911.51zU3duZSGpcw1BDNsBLxdOCITAXwl6z3i,1610555988.71dMoYT8250UHHJGxgmITTmbHe7V6gH1yU,1610556042.81mlUZsSp7gbGjrp8jQSnybT1gPy6e62o1,1610555637.02UBW5nKvDyUrKnaWcYRGajZPxTRDS0q3N,1610555619.13oUYNikU4facCTpUSiSLr0vPI0tJLnXiT,1610555721.03nzkucfjAUh31zTbmCVvTVYqtjoxZFnBh,1610555722.67fhKURdXVzRbLIjXmjRwdJHTnE7PWb1AE,1610555638.39J2ZWBLuLTHP0jOlzB4tNHmYeijH5g5YJ,1610556032.17Q6yCDx9g7alRnL9jBFXD2JhhUyB2hKfJ,1610557007.49MyVgDnuUuBxrvL6SGOdhKf69VYlW1MSm,1610555638.44hjT5hbYdKoE3MB6hijrjqbjmLgvCUYKD,1610555608.13zUvmFSCRt6SsLbhqFznMEvGx54GPGQzM,1610556038.62a5C4ynd1AARyAhTv8a58NCqHvXRjscqH,1610555644.45Xse8u7pusHNsd7F3d0A32HXvXr6weOJE,1610556038.62gKXOCG7XCn55eJvyl5voNjbwOW0znQDq,1610555987.13v0oleKK97pkesp6oMgprH8SoSdoDVdIO,1610556964.96ZLLeiQW0qpmxhPGTg7K03fmzkqsC2bjC,1610555987.13VQlEedQ50VvkPMEMzZDv3KNnQCewykN9,1610555982.186TY6MMGkDecIN1woW6vsfAMXVV7jnyjO,1610555982.673LuMndkwkvdmZOn0MmE2Pkidx0FtNalb,1610555733.38zItcuH7gHNfKdALR2d9Nek6bxCyw36Vm,1610556034.15BQxSbZINGCay0yp6RBVlgcPrw76Yn9ON,1610555639.37BPZpgtGml8qUsh9AdV4m32jPLfI2aNFq,1610556965.57S0adAalhWYe6K3bkZU0bRHbqnDK8gGkR,1610555983.54zteLPCMjyrjzPdhHhlZr3faCgD0TfYr3,1610555987.79rHnNRmt9a0ufmnwCvZqBouyUoZDNpylW,1610556960.041xWER61rmArlsKfiMl4frikWmUCnQ7op,1610556035.13a7NHZDutfTMJ88qle1gTYY59Dr4WmMsj,1610556890.456ZBDaY16bMtrTZTqAgHl3wq1tRxzqDow,1610555760.24e6890pkbyZ97Or6croI1rQgjkSsR0yVt,1610556043.02YpWMIJg3W004iqlPyv8OcVAZdSC5rNYw,1610555987.03z05P26TLtONYM1HSzupoc2CeNMa6HTqr,1610556032.15OYCzUxpsz7b10AXBAuDXrvEcvxFhf0M7,1610556032.63Z80yI9pNwS3jSmsDABbuhf8wkNa2Ze9y,1610555736.28eGuESasTXdR3SqY6pHhEXWZtcdciYLCO,1610556034.61bebeZA0MkaFG2sm3VKiqrxeqQginTTW0,1610556944.5XwXOphKYT3ZkWA8gViqOS97VHVuMVUqb,1610556944.745UVLFBzf7fPh4UH37I6tYQOFPqRDytEh,1610556034.63XsUwaFaPZevO1JNFjfhvY4aKNFnV4noV,1610556964.89xwBHw9faT1HjQRMNQEyA4qJ3hWkwgj3k,1610556966.74DydzH91jtyvRyYau47JpVkZoMRSNTt01,1610555740.77UueVziDbaXyRR4OcVJIIZyzOfAzN51bj,1610556046.84e3vwjyRCzqz0wJQhrk8zsxlFfFSv98Df,1610556137.99eoPuVrDThKAOvmeprLPb2FWRqIhzUodc,1610555740.73XFwSrmTXJPlaxGZSefh0jOVA8PI3III1,1610556123.88AOfNaz9jSnqU5Czc7okOv1RCrYfKFBTo,1610556046.85nB7NvyoYQeLcOV391Lmmut1wAM8CFGLw,1610556123.89H4pdIAzDthI7bMXMhlIhKUYIQIvtmPPQ,1610555740.87GOYQUJKpkynIS2lFqppYK4b32ol7NeGh
1610555604.25mOvVXuL01OCiReyVWBfesjuvXmB3MoPy,0.0,172.32210322457584,63.84002843360789,156.12555868228708,130.4308528004965,147.11056651088717,134.18628243918215,89.13715031418113,106.1050574594955,146.30712563146037,172.38508317789245,167.06858316486347,180.63943434874994,125.41971964206063,169.64355163481298,143.69488052146397,171.372575810008,172.4636378365566,132.6793834152289,142.05124782921914,171.583046981033,179.85683057258942,135.6449678404204,80.29725492306069,157.4286918418236,150.18492837640756,121.74718985159284,164.78703883496425,170.08089508232825,134.93776226839202,139.2489456998562,152.81746411432223,163.34688808909803,160.84644340471448,155.27227406306417,157.6881870912443,152.93789252121073,151.690099080714,172.7131023831746,157.37095366613963,158.98142869734832,171.5358475187429,157.3371215712859,154.95190381232968,167.67691745287848,172.36684224832615,154.85658248905403,138.01365065160942,147.2976523842174,171.20495593901944,145.2294307449541,135.66200240313432,163.8749554664622,177.31282854671312,139.16123767932427,145.84805477091817,153.67643456179323,161.28851522492172,142.22914545436063,151.42950104486246,173.5657892965103,186.9713387763431,163.4452435833728,176.81771854386247,152.29475622105656,184.86742413487337,161.4570481434652,172.95172561894856
1610555605.43B6oDsBtWRQ29Q9UMQuTUEPZy3FSSWXzc,172.32210322457584,0.0,170.58029046031064,137.41994314650304,178.31997800780914,170.2479289988376,174.85287609116776,174.86811666028933,181.73167269152114,166.4985708311077,158.57331205679168,164.31969737565683,171.3355332794927,181.4858438253198,164.60678435015106,155.0704424968731,168.7673693308241,110.81670260483732,175.38708794806482,173.03555440526677,177.69965367048022,160.99955946805676,163.34258854265948,172.9507466150333,160.59867621628246,179.93871101851198,172.01283460501585,164.09398096574134,154.81677179367256,158.36390451289085,160.71415658840635,182.42528289475175,170.46727523716766,163.7670475354499,162.7976229169241,172.62501008956207,168.61767978695795,149.7674642544428,138.42186252335884,171.54318746905514,156.62895850920566,165.5805526116032,170.67518252228987,154.07225779222915,128.99561893420898,113.41629743065562,175.11048988047222,173.05117475119303,165.39123816388343,191.07490014946526,165.71194917027802,167.82349615740537,164.8685273346597,157.74789290767015,161.2608854280794,170.65510720821445,167.97337802545192,171.91933092748275,165.34415971306498,160.1698244998672,157.85130846566474,165.80994459031763,170.98871806596782,169.47788635345418,167.72835969036112,166.69801708615088,187.3325189930953,158.84932623440895
1610555610.92HPGJJSmyPM40z7otPBgHalNrHFA7zk5d,63.84002843360789,170.58029046031064,0.0,153.42329004595476,125.93573341671198,144.02146883718936,123.8808606582825,71.76833649435949,105.33045309569708,146.023109222741,171.28752566800316,166.64450731117628,179.3920648512,112.64570374468589,170.35842945877147,141.0133060399767,170.40805292933288,171.72655081637836,132.98633829065685,142.2320348834985,169.19789876114044,180.1688985998578,131.60349461748714,60.74927996771963,157.3117674243007,147.95408963119567,119.60724714150484,162.99114494855547,167.6532658614581,127.70225455768123,136.84422007640717,152.55692273830985,161.99914489243906,159.0356392391418,153.25396180731678,157.80389970000147,150.89198713753103,149.01876380027795,171.6782935268403,156.91601397658692,154.2714974906285,172.3958049986794,156.74627482684807,155.06408938116914,167.37456750854392,171.60456845506258,153.38144328523364,136.93263261710544,146.50547385223726,171.22588553426596,143.03880976163205,133.40646642452117,163.6039764375509,177.0970795793135,133.99368799988636,144.6953976872559,153.68499530984437,155.10075818782133,140.35615768350857,149.39345853767247,173.76476587849092,187.00199814227642,161.7045091130793,177.61012397005177,151.00058819819236,185.8316324323165,162.31415020713854,172.36420729868055
1610555606.68LaSQbm9EHAFycEfFtEqAwYqlBsQPjIRW,156.12555868228708,137.41994314650304,153.42329004595476,0.0,162.8841238320775,158.60249618549906,156.2068811803246,157.66836767123817,164.03614325731925,163.58988552643646,134.33338113671195,151.06202415913353,182.14661682169694,162.6161421163073,161.5708657456336,140.19739289642973,152.66407263124597,145.5970882239846,154.34252581198874,158.3345706385216,159.9561521902047,158.47752252557046,157.5909841393027,155.8248356135887,166.99692178371976,165.17778047027005,152.25224278577167,150.32502307793064,157.27211877935642,146.4987621599597,146.6036321966258,170.94193606594854,170.97309618251506,163.58093075129707,143.57924918002854,143.7543614101571,150.51404082615616,151.85079160700815,142.88849830860798,157.45051415014794,137.61239069881168,149.4942976277049,149.50384677808358,138.67183589018654,148.8391452658864,149.19407624703985,168.12377898397182,159.56066700545523,162.03217672087155,178.77051919096365,150.05914673756195,149.81777767866146,161.18776225403946,155.20406552250722,143.91335046288324,163.7195624539824,160.54000244181333,157.92071026813952,153.1090436716535,155.9581912835334,155.0930240542309,168.14389477778093,163.6956793074141,165.7236351950439,159.6468600562598,170.53698323568014,170.3313357861956,156.00504344860505
1610555617.19EKxMEwDHfXiEJZc27TsGoERaD6Da4BZU,130.4308528004965,178.31997800780914,125.93573341671198,162.8841238320775,0.0,148.86161431309057,116.7042070200817,133.83153913440168,114.737392961847,162.299801490387,171.6144095525515,172.8014428254872,192.52529287077394,136.215734683952,175.46231697383934,153.38778231007282,172.316583717886,173.37955951015317,142.48663176853978,157.28840660493665,172.0723374701036,177.67064985401137,115.17119828411145,130.48313193817035,158.50831652064906,150.69347732220902,121.6151466764591,169.37852489233072,175.21210912433426,126.4515759226594,148.9278488839376,135.8984899496446,176.81178240645923,169.88795531358107,163.43646597916165,162.2302564250503,160.91668098335023,159.20404669071075,177.05865194780313,170.45337196272877,155.47301857073097,175.7094619388203,162.16947927884124,165.44258696214445,173.18551791608706,175.10883879793423,162.81976844427155,155.13910492090517,160.61103575360792,169.25348040017593,157.48487600858147,143.25085444000314,172.68745997582644,180.74159228159533,149.3359198857608,134.18469690888745,158.70540981306863,167.18285454370547,155.66991379430988,148.22663615575365,174.41091252287018,189.03105943247766,170.15951829595073,176.57530081761982,162.2924471763563,186.08006029360664,174.5658481655643,173.90225209290375
1610555722.52PJ3FD50MGhRXyUD28vluU8Z9UjLJLZn4,147.11056651088717,170.2479289988376,144.02146883718936,158.60249618549906,148.86161431309057,0.0,150.5460438276091,148.80640387902906,143.1136253625153,169.0058378181661,162.660020364551,165.20024162050495,189.68156906972504,153.4153913324899,171.41546166393871,159.1431667152862,164.2262195425487,165.27794108483997,105.66087602669221,159.68914577313856,161.8519065664042,168.48359669150648,142.25071494775426,146.13053261032763,157.9059559948445,90.6411387272477,147.40405010500308,159.41214344499056,172.69649780576339,134.8228522642643,161.7109452223179,148.36211187786893,180.5677811787387,173.59320279262784,163.67555681040778,158.09939375734467,165.52733330807422,168.86805927859334,167.54756397960216,160.74023027435047,162.14111261013215,165.8743608402326,165.81891724458572,151.7789848323997,164.7553544258509,158.92534826944322,153.47664786898835,150.18836548338038,170.72308916846566,175.84659608548677,147.4635738306437,141.61808481557293,167.92929181302623,174.09809153172193,157.59874258518101,140.79237894212096,160.44024080854976,156.3117066234051,145.8984917490979,134.01422296200727,165.53733692543898,181.83420459634613,178.84912362999506,167.0003327635623,174.11978559076573,179.76220532271736,173.7720868123732,165.50413017323524
1610555617.52Ijr5puT55g9apK8auM7zaxa3NANg502t,134.18628243918215,174.85287609116776,123.8808606582825,156.2068811803246,116.7042070200817,150.5460438276091,0.0,131.1271749087184,134.88791479244236,165.88972469137028,170.29675631741026,172.24474544831955,192.39184479227603,120.23384741678026,171.50727797892353,155.62451644319458,170.6214089737809,173.0031475693382,144.58323583697882,164.20483524278168,171.83852432674743,176.5977827721332,140.78024910253316,128.5069760613724,163.57929802634501,148.95218955015997,142.54080901418118,166.6697552742647,172.151760759903,110.46814329538405,153.0537255058927,144.6020579849998,179.48670581755314,172.16818883036413,161.23733124522752,160.152321514727,162.34285807210318,163.57447248453772,175.20324442833243,167.2711295765118,159.15673720642147,173.71427869538576,163.5606347451056,162.3222723506712,168.88919920147268,172.92952083219745,169.6853315641045,157.9858465981402,164.38928071602385,180.99722657124886,154.75303005012918,144.90426083234743,172.84487830609459,177.64937878710504,150.2900379813212,151.81935609602766,159.35284622089782,162.93324418496735,153.46639713924503,142.82186481309162,173.0844222356644,186.66599468416038,175.72675713795456,174.98912791358012,167.629055505483,185.6879158021218,176.62991687569487,170.442223430583
1610555638.77ZLjTLkz4jYJdFMI2wWBztzsDILkoOtAk,89.13715031418113,174.86811666028933,71.76833649435949,157.66836767123817,133.83153913440168,148.80640387902906,131.1271749087184,0.0,113.91215034524431,151.8664810708927,174.63425319293268,167.8206729896529,185.59570302260883,102.61644316664714,173.07039001554008,144.675861156044,173.59620457958817,174.8477984807974,139.9246740756772,147.08078869736912,170.30235871531576,182.5684331384965,137.94884598025226,50.092142077353756,161.1264055126656,152.0393002041726,126.21423408403264,164.76252620064764,172.16361190037193,133.2417922013571,140.76691505041532,157.5366642925859,167.94857258504393,163.76679332447083,156.01573041840663,160.0055242571817,153.1265027810003,153.74623720859412,175.96864864090327,159.08671983766087,157.29647366833598,174.58842827024225,159.31160380951326,157.87361620599418,170.425442202089,174.99699968675722,155.99412582327568,140.74395503624578,152.15944411027823,175.57979640974904,145.33502229249615,135.5981414909987,166.51215126007733,179.635149339178,138.175194298334,148.89469665976907,157.44914473593903,158.20451716480767,142.9403101532104,153.55656250137176,176.19915324734302,189.8716405379094,167.57976956989344,179.71606530404281,156.4498948433675,188.95067682568282,166.78652280780477,175.35979434891044
1610556912.46C7tJPLF0XfNnm8f1820X9aLmXMHoc0Dw,106.1050574594955,181.73167269152114,105.33045309569708,164.03614325731925,114.737392961847,143.1136253625153,134.88791479244236,113.91215034524431,0.0,156.2238846287709,175.30541722983656,169.60355951023433,188.99901470818946,123.3532076606662,173.41540540363278,151.78394594499386,173.47518717754713,174.53579677277705,121.20749125532605,149.4247883169614,167.7627929950153,180.7014841687869,138.23824815991517,109.80235014000452,163.06386217691173,143.64047177043543,126.34617420360769,164.98630316104285,173.32227434050668,138.059787218817,149.1497477837751,153.17501566055603,172.16467889074698,165.57439739211407,161.46560409451553,160.47507604267034,159.4495298441529,158.47956288679376,180.03316652628186,166.76486860870978,161.19829666141652,173.19972107166436,159.19330165147423,156.65482055374528,174.7444760859239,177.0296371856686,155.63514179336468,147.73362950839336,157.27124895100184,170.76533992422657,148.0935554302966,142.4217083881708,170.5137076149374,182.38332584343095,147.64290555627733,145.7261462962912,158.44672962544573,163.74643521461306,146.2563621467823,153.29418649230726,174.64077966719498,190.68170776308904,170.71007770567402,178.23234860776137,159.95553113006062,186.83352434641148,169.64520754494052,173.94150804273258
1610555617.51LjzIROg0aeCP2GhDcAVQ0LipKJB9jmKc,146.30712563146037,166.4985708311077,146.023109222741,163.58988552643646,162.299801490387,169.0058378181661,165.88972469137028,151.8664810708927,156.2238846287709,0.0,180.96128872140625,178.93510922180312,127.44008112104258,163.86052203025508,182.69007543795496,148.96395777053212,180.8163718902711,178.40326150689782,171.56495406719102,152.52471951379061,181.8877794193867,192.19539413976872,154.9673899280576,148.80300549835067,164.9251427236105,175.25603015262348,149.6248514544745,177.39309175542152,167.00707969809142,157.19860332487062,149.0767533532353,182.06246946712446,87.1501765799347,159.17403378083895,163.03420991068197,172.33269037326428,160.44387269415012,147.2869012398611,169.89308039492232,167.32965876207697,167.51087005969433,184.62327487152095,169.53085387996882,172.01577360036666,175.45284752643371,177.38503152888092,162.69970177942108,152.9612055705748,92.3859201146028,182.0388368962021,157.9985457907349,154.30812355754594,166.86886189054033,183.75604095212853,148.31527415659497,166.74358524789093,171.05244204414288,169.49245306348018,158.23866429340185,171.58459839356655,181.41967112728568,194.93495440632458,151.0763045820981,189.65835555497986,133.9010467946019,195.13304242106497,180.10270346061444,180.17169568886038
1610555608.17OpjjHobqRkX0UPcaXrbu7K6L3805SZri,172.38508317789245,158.57331205679168,171.28752566800316,134.33338113671195,171.6144095525515,162.660020364551,170.29675631741026,174.63425319293268,175.30541722983656,180.96128872140625,0.0,157.66375148705205,196.9660253274866,176.7610325409557,157.29978684974256,152.25901679905053,101.10176003321286,143.16220716331154,164.96202060486218,171.50552402107056,156.03208348845635,148.88610726751944,167.4922140096813,173.31167712880404,162.68461356065308,164.47119706206053,168.96431785942156,157.7254761913785,165.7508096018164,160.39713039032517,165.67603182533486,174.0624077779233,187.21112304415328,178.8522455939164,152.81609753541366,143.63650871817393,165.02522349820384,168.21321482442644,160.61375817912443,167.2557222545907,156.26092130104712,134.07550334365055,157.9929445367523,157.98873849116853,143.0057068768203,131.05413905642092,174.92600542324243,171.64227892070946,180.32777707390053,179.29926943318716,161.49484414294096,165.7048640069562,166.32603558859924,153.03620096108935,166.3195312290036,162.75307032549983,153.3851508567926,168.43122976068682,166.92307124483088,154.84780787444038,146.53301724127854,154.6896458096873,177.44005127149015,147.76796044505264,177.01129739310784,147.7816655971929,179.04921185157124,150.37770951487468
1610555721.82zWeNZfGUUfRJkgnAwlP8VMhPzXctnSd4,167.06858316486347,164.31969737565683,166.64450731117628,151.06202415913353,172.8014428254872,165.20024162050495,172.24474544831955,167.8206729896529,169.60355951023433,178.93510922180312,157.66375148705205,0.0,200.9814741419836,171.88613554363585,163.80756895984376,144.73608733007416,161.88495552227386,145.05622526752092,169.06601191032595,159.16554075091594,105.08373441841009,138.23192399832274,167.0856228175954,166.27681560011686,158.83740668690152,167.79582149500382,167.12848003081922,134.05550956788073,162.1144818216084,167.79904951852782,166.27923945428535,180.27448075377626,186.00347768025375,170.28786925305442,138.99319409374408,138.43582087025467,154.48438975996615,161.47112486772045,161.95485051456993,165.10890021984875,156.09117255895336,142.283653831449,158.63496064397611,147.19525364095517,156.56589716328077,159.01106072674114,162.19885485499935,162.65550057981622,175.80506502448063,179.39168942597487,118.85271407271406,156.62874479583323,174.53174103187214,161.84246189304412,159.95988031635665,163.2578905119162,161.1683880459228,145.17818405627128,138.88582587718918,164.73472813294725,158.7057002788402,172.24076373962163,170.01042496924936,166.34648921617764,170.99805138252347,169.5518859387405,176.35066167574274,160.41398996194297
1610555735.75bom85BDF0C7W2eIseHeMxi24qR68nzMi,180.63943434874994,171.3355332794927,179.3920648512,182.14661682169694,192.52529287077394,189.68156906972504,192.39184479227603,185.59570302260883,188.99901470818946,127.44008112104258,196.9660253274866,200.9814741419836,0.0,191.56692907270897,196.65335516564153,177.02378651580773,197.16890848325613,188.41076762880195,194.78997704874146,175.73170300724328,203.53079100080075,208.55269455366744,184.63580498541265,183.09095431455992,192.75869234330986,196.37392417368736,183.3808429092124,197.8279157209273,185.0411932105912,183.04890138723883,176.28394556032723,205.07964663253094,101.2467828352198,175.16002100455705,187.36724525808557,197.44339016166379,185.81065998211088,168.35954644243645,189.57828750950702,187.52856439164063,187.53503133375818,204.29140477624873,195.33212741263927,189.10053168972635,188.09299027680794,187.8935175482435,189.56149587833613,184.86354277298642,155.59734162633066,203.59003391027923,183.78279168885243,186.25396693759953,185.51724338406643,197.46517668262112,176.64156473209516,195.09814045304836,197.3665553158822,191.33101135839547,182.80920398279164,195.54129404596137,197.44609281325026,208.2192503618599,172.1607696584481,207.78959175779235,172.36928877994762,207.36800217555506,201.73890064623222,196.66185118744056
1610555735.77NnT5xqKnwcf2BbjIekeb2arTQj6QMNwk,125.41971964206063,181.4858438253198,112.64570374468589,162.6161421163073,136.215734683952,153.4153913324899,120.23384741678026,102.61644316664714,123.3532076606662,163.86052203025508,176.7610325409557,171.88613554363585,191.56692907270897,0.0,177.03329487632325,154.3503398569871,175.1292335412597,178.0333387729218,145.3603658569985,159.12969254191364,171.68217332050932,183.0877498647408,146.58641823267703,107.63990705758661,167.1947178825968,154.23399502216887,141.79369645191088,167.4550536758124,175.61158622766658,132.51874345901214,151.9226556079601,162.17003913965502,176.69338890600233,171.88295164421703,162.5399900006228,163.878610436313,159.806651656958,163.42913314058234,181.85245145714407,166.10070398623455,158.5198979788348,176.30605076056528,163.13587811736073,163.90495966930007,175.10495908581808,178.76908661327985,164.93686308526145,155.71659624796567,164.08287010687923,180.136414511466,152.07900500346835,143.11087206394558,174.0370138099896,183.3600966658543,146.8799329539718,156.09398044498315,162.37810881659607,160.32219314597484,150.2091985403922,155.75602734311988,178.57933265833944,192.05828560554266,176.23637615731224,181.336263042521,167.0156552211724,190.26256471982106,175.8832800175013,175.90293170429425
1610555638.33wjf1PhdNaoWfbRzXVn50hmFyB5bYAiLV,169.64355163481298,164.60678435015106,170.35842945877147,161.5708657456336,175.46231697383934,171.41546166393871,171.50727797892353,173.07039001554008,173.41540540363278,182.69007543795496,157.29978684974256,163.80756895984376,196.65335516564153,177.03329487632325,0.0,158.19539127060986,163.5607058301236,156.13830897980216,168.09938139121422,175.82291908925922,165.05541744413281,152.19943357112496,173.2068174977165,171.553260367462,167.84131728279897,172.48643709293688,170.5441179654199,171.07694017036448,162.13810431895337,166.862165944678,158.00951231294843,175.3477782592463,188.40159698287906,185.27791558298082,150.83460556087226,150.13888752815814,155.0831846494805,176.75749717329958,171.31871742484668,163.2908186638458,146.27930840392798,154.50476619625937,137.70430794073155,164.32979185696394,139.43114308560465,155.51556997356653,168.99722995402126,169.94683409945222,186.82270152066363,184.0244235543756,163.6773800349352,162.40837346027243,182.7817666364262,154.6430659099146,164.10611603123667,169.56468963716043,154.34807842331296,173.83971621967376,168.93200994624365,159.7003872838791,161.90909673651782,161.10387397828444,186.237695646185,162.81288672800756,184.0854657165105,156.29533459985328,181.61974240270305,168.57935363811237
1610555606.65jCE4ig8Pu8kvAzkxnSGfWsV0nQBjCf8H,143.69488052146397,155.0704424968731,141.0133060399767,140.19739289642973,153.38778231007282,159.1431667152862,155.62451644319458,144.675861156044,151.78394594499386,148.96395777053212,152.25901679905053,144.73608733007416,177.02378651580773,154.3503398569871,158.19539127060986,0.0,157.57815165758984,161.28640639388595,160.76075020206682,131.1527099810938,150.4537994226927,169.4720110235615,144.6704502101059,142.51183991882053,153.4919334424253,163.3391345361142,139.66505223414535,144.3020683792696,144.17964807916943,149.10182164883412,120.16741972864887,171.96643830140314,154.59097184748683,130.8505805851071,104.1613943511893,128.4481094617034,126.32234547987794,110.5708308788693,158.5094187333725,151.84862329008698,135.91849093648815,155.97892255847424,145.16521835635487,150.67614773268727,149.3615041543184,161.07502482290224,144.60631181363723,141.71137688454615,144.74864583495327,166.53198932159347,128.93405710635778,141.46992808626229,147.8592134514291,159.8920868873589,118.95918223720172,152.8425057515618,153.50339028004092,136.25065612597857,135.7364393620944,160.61149761647295,156.09076324317854,174.2787716585791,135.7924388120291,169.01613361173366,138.8709109906212,170.98776428995708,159.99599453968082,155.26708382603528
1610555608.18ONsBCVo1i7BrX0XG9stct4oiA6ejX9Oz,171.372575810008,168.7673693308241,170.40805292933288,152.66407263124597,172.316583717886,164.2262195425487,170.6214089737809,173.59620457958817,173.47518717754713,180.8163718902711,101.10176003321286,161.88495552227386,197.16890848325613,175.1292335412597,163.5607058301236,157.57815165758984,0.0,151.54081808273358,168.2984264003843,171.04752767982455,155.70902268510258,152.09850162076086,168.19677868472215,172.3461451422782,161.71484272660263,162.56361471309583,169.1837452272172,159.25935153987007,170.6589290126841,162.40981427750896,169.04868383006598,175.16253361615415,187.17825100416448,178.49000333305764,157.80832839505135,145.26950012938593,167.59914382853984,170.19328023740053,166.3834132279553,169.69592045050325,161.65153594507328,135.69160059817256,163.3648781264201,161.22037774329215,148.70604537386538,142.3596815451251,174.73728486049427,171.30328767480123,179.08052209440805,177.6999161015552,162.98929135383935,166.17173517145335,172.25333892828718,155.5524314980852,167.24476319446524,161.79644685163916,154.30804972248302,168.68864334530682,167.7940124988056,157.916677749623,146.64227896330925,153.12493067889318,176.981817627216,142.93335525886232,177.321487105309,146.39273210977063,179.01105332158724,151.79799321499883
1610555721.51RNoQUMP19FTMS79BmA3JkgSm2IC2AQuQ,172.4636378365566,110.81670260483732,171.72655081637836,145.5970882239846,173.37955951015317,165.27794108483997,173.0031475693382,174.8477984807974,174.53579677277705,178.40326150689782,143.16220716331154,145.05622526752092,188.41076762880195,178.0333387729218,156.13830897980216,161.28640639388595,151.54081808273358,0.0,168.83050417286282,174.61477586792162,159.8071204680989,142.0480358708157,165.81443572908438,173.2239133073865,163.5872459016157,170.64489639451187,169.8598211696213,158.44460086918585,163.08708723062622,161.94253956855218,168.21524333429363,177.72515873758283,184.46913395055594,175.85873738914674,165.67463494840555,159.7019225451034,171.63939430084272,165.204038688376,154.28112448950438,170.59500908603428,160.34703616438446,148.30648990892502,165.05482778325648,150.44282806359408,130.13887099050717,106.31904450209885,173.38174894299942,172.42916247420487,178.4441621574519,185.9557658373886,155.47191090138736,167.59201531194762,171.14762007327195,152.6556973046641,170.1360052008253,167.27990733377808,160.82249046483832,173.1971468111323,157.7445745669536,158.38555734276886,144.40002851593087,151.1894881980918,178.53295101989113,151.6187999241591,177.51522271742473,150.074880168962,185.08186068079445,149.65169084416607
1610555971.86O0cHB2ibBJ8jxoObg01EpGe8VVV5mpwn,132.6793834152289,175.38708794806482,132.98633829065685,154.34252581198874,142.48663176853978,105.66087602669221,144.58323583697882,139.9246740756772,121.20749125532605,171.56495406719102,164.96202060486218,169.06601191032595,194.78997704874146,145.3603658569985,168.09938139121422,160.76075020206682,168.2984264003843,168.83050417286282,0.0,163.40957596470972,168.16592494293792,166.71918582216483,148.69538140383466,136.76217665117647,163.29313439371654,126.70577219072393,141.98349281575145,161.45844078923895,175.9177128816423,134.40644640208012,161.60327915248686,145.91844495838117,184.48957003345058,173.18282075274576,164.81730553102472,159.97632590134288,168.4863347280267,171.19446925078162,175.15238648707856,161.17844569709484,163.2504356764842,168.79088325850014,163.1173237832573,151.5851443394732,168.58683987145918,166.52452079946747,162.6320104789088,154.07785068841838,172.15015326590392,173.98149388375992,150.98520948035102,140.86151118028891,170.7022502524112,176.43935125512542,160.64299935569773,150.59883797465585,161.7538694401098,166.02625263359747,149.93736868310748,138.90710841676847,166.46817944676334,183.04423352407122,182.10775297674888,168.6871148756546,174.613139686461,180.6961455225971,168.1792248503725,165.88623173550636
1610556911.51zU3duZSGpcw1BDNsBLxdOCITAXwl6z3i,142.05124782921914,173.03555440526677,142.2320348834985,158.3345706385216,157.28840660493665,159.68914577313856,164.20483524278168,147.08078869736912,149.4247883169614,152.52471951379061,171.50552402107056,159.16554075091594,175.73170300724328,159.12969254191364,175.82291908925922,131.1527099810938,171.04752767982455,174.61477586792162,163.40957596470972,0.0,161.98322755010147,181.23397550728671,148.38861362439735,144.7167350216613,166.40043924988998,162.44567172690864,139.3378613330264,159.36233795056495,167.21184218451705,157.47322098410373,140.84790935287347,175.9633619015478,154.94772936630193,143.27812583467872,144.07019682656767,152.6148613661711,139.98113731728554,139.07525762741125,176.85971360066912,167.83246522382564,155.95302815992736,169.08674961308768,162.42038844399443,159.0068298230478,166.6207193055576,175.1972365131384,154.6404182208261,143.91043895148218,150.57547653710023,173.5618173009639,139.95275848811198,153.41183895130757,168.66042609302153,177.61417261367907,133.10421956207213,159.0882918061971,163.45566441069076,146.96313814866107,143.83844450966274,169.36140861107617,174.1181862909324,187.5190478551001,143.6722130636126,181.2804495300156,143.5806641240761,186.0163019914432,164.55854953162884,175.01857520719003
1610555988.71dMoYT8250UHHJGxgmITTmbHe7V6gH1yU,171.583046981033,177.69965367048022,169.19789876114044,159.9561521902047,172.0723374701036,161.8519065664042,171.83852432674743,170.30235871531576,167.7627929950153,181.8877794193867,156.03208348845635,105.08373441841009,203.53079100080075,171.68217332050932,165.05541744413281,150.4537994226927,155.70902268510258,159.8071204680989,168.16592494293792,161.98322755010147,0.0,149.1931661423546,167.69555259095839,168.95009115804868,163.4111270273197,161.39215785573688,167.7801390408838,135.4483788777699,171.4340146289359,168.1312400426375,168.5336123360477,180.25766288484917,188.663667632885,174.22241344534038,136.93965044984904,140.29318320360554,157.65487450576865,168.3293649489808,168.6746844878896,170.52173050677777,155.115091242868,142.12313610402134,158.9332346836732,155.29906780822623,159.90720646662083,160.9895515716839,162.72247780028647,165.70411169272472,179.69394354674418,181.30910092015915,131.84058920231283,157.13628055081776,176.28809385133357,168.21396640044972,163.32345077110585,164.61781682029942,162.87325659286878,136.721302419863,149.32055241654365,167.34200887092487,157.7706310096283,176.09248183051147,175.39668976067063,164.7053660806726,176.28124289665715,170.32319578316907,180.07798289824296,160.97429536468223
1610556042.81mlUZsSp7gbGjrp8jQSnybT1gPy6e62o1,179.85683057258942,160.99955946805676,180.1688985998578,158.47752252557046,177.67064985401137,168.48359669150648,176.5977827721332,182.5684331384965,180.7014841687869,192.19539413976872,148.88610726751944,138.23192399832274,208.55269455366744,183.0877498647408,152.19943357112496,169.4720110235615,152.09850162076086,142.0480358708157,166.71918582216483,181.23397550728671,149.1931661423546,0.0,171.42147521602118,181.18915662362855,164.73076516555278,169.92008158190404,177.11605433068408,151.57184701097898,173.8203427364457,163.8640250262369,180.6708037435676,169.6053330715449,199.97508652811413,185.73134226852034,164.04219153153366,152.80037027252706,175.40545699654345,177.38848365196205,161.29955664919424,173.17648921347936,170.17976083263508,126.93213219033373,165.73500883836925,160.68125961549225,149.23657457493266,147.96322140226894,177.60484483061484,177.6135705443754,186.9657484113667,181.95728828955998,161.98055437536755,169.78997999362585,178.2048015349586,151.88420162151724,180.2591525334021,166.27236433200602,157.7384512432062,173.19074529999153,168.83330609062742,143.242110982856,135.24314529408926,145.89938328170476,185.28892442753764,131.23925223392976,183.25181327927362,133.10533514806187,181.51753321527784,144.72584580624564
1610555637.02UBW5nKvDyUrKnaWcYRGajZPxTRDS0q3N,135.6449678404204,163.34258854265948,131.60349461748714,157.5909841393027,115.17119828411145,142.25071494775426,140.78024910253316,137.94884598025226,138.23824815991517,154.9673899280576,167.4922140096813,167.0856228175954,184.63580498541265,146.58641823267703,173.2068174977165,144.6704502101059,168.19677868472215,165.81443572908438,148.69538140383466,148.38861362439735,167.69555259095839,171.42147521602118,0.0,135.04441743842773,143.64683452775304,142.90450801706825,112.7009922967659,166.07419264450616,168.42526247545587,120.38708449234984,136.29992454533698,134.7201353290495,167.72427836962402,158.92751122094458,156.24942966398197,157.67053503400533,151.16108796210597,145.21385176632887,163.91712635437491,164.24682967954007,150.1713342331197,171.88511523233382,158.10412554600714,162.73479820369204,161.418562776272,162.95586382453968,150.5379589821371,147.30303092290373,150.47316201426943,162.83800843558646,151.9813212186491,136.05992425567206,165.7605756682705,172.44397140733065,137.058242313338,100.4081554738945,154.3830120979841,156.4595762928541,151.50420877185812,139.8168877844486,168.9970313189931,182.88890223126984,158.2306128544261,171.51919524255683,151.94125745663644,180.71054617472717,167.25615334082212,171.17629022983954
1610555619.13oUYNikU4facCTpUSiSLr0vPI0tJLnXiT,80.29725492306069,172.9507466150333,60.74927996771963,155.8248356135887,130.48313193817035,146.13053261032763,128.5069760613724,50.092142077353756,109.80235014000452,148.80300549835067,173.31167712880404,166.27681560011686,183.09095431455992,107.63990705758661,171.553260367462,142.51183991882053,172.3461451422782,173.2239133073865,136.76217665117647,144.7167350216613,168.95009115804868,181.18915662362855,135.04441743842773,0.0,158.7610043366883,149.7613814306427,122.91464834979021,163.44050175110152,170.1941260993637,131.03707900819683,138.38766712575057,155.11902573295666,165.12016508146394,161.54818919395646,154.1844597694743,158.74766377210463,151.3073834112132,151.41009155530236,173.84898336767947,157.48002266831688,155.8116969655467,173.1538575349445,157.6738100998011,156.00131490264255,169.25827415291945,173.4251324412511,154.09747978075924,139.10219651825602,149.0757527033878,173.598517760688,143.38175782864934,133.67518429720957,164.67032578558607,178.1898838180986,135.15191372336508,147.06388892430945,154.98460929548344,155.87335935809847,141.08917684670377,151.7562917133095,175.02908567621887,188.45268318261964,164.82607704115424,178.67956666680115,153.77862502164382,187.56362278501152,164.5701252254219,173.70304595111003
1610555721.03nzkucfjAUh31zTbmCVvTVYqtjoxZFnBh,157.4286918418236,160.59867621628246,157.3117674243007,166.99692178371976,158.50831652064906,157.9059559948445,163.57929802634501,161.1264055126656,163.06386217691173,164.9251427236105,162.68461356065308,158.83740668690152,192.75869234330986,167.1947178825968,167.84131728279897,153.4919334424253,161.71484272660263,163.5872459016157,163.29313439371654,166.40043924988998,163.4111270273197,164.73076516555278,143.64683452775304,158.7610043366883,0.0,162.2029803739917,157.15472993317442,163.75626036360617,172.59445115178534,150.58623706796826,157.94897844685707,159.6276154814811,176.6218972103494,167.60302219625163,155.51674755914095,156.3649714231542,160.18064552511132,157.03956447779933,148.85717572843322,161.29687559116547,164.82372318185475,164.57307999360052,157.38345620586006,167.86706865731668,157.44729463120697,149.2428525954224,161.0478338925358,142.08761083326056,160.9222595506118,174.93472046238549,152.1818789706071,148.76120062592474,164.79513689172796,172.645481364085,159.0351433423012,132.81600148371663,136.26444998919797,164.1726079279292,154.45550473597388,134.44671209438533,159.90418706057622,175.23352235658425,169.00734201722292,159.27660742055966,162.83635124047925,171.80693368173976,170.86137838268368,163.69411318562064
1610555722.67fhKURdXVzRbLIjXmjRwdJHTnE7PWb1AE,150.18492837640756,179.93871101851198,147.95408963119567,165.17778047027005,150.69347732220902,90.6411387272477,148.95218955015997,152.0393002041726,143.64047177043543,175.25603015262348,164.47119706206053,167.79582149500382,196.37392417368736,154.23399502216887,172.48643709293688,163.3391345361142,162.56361471309583,170.64489639451187,126.70577219072393,162.44567172690864,161.39215785573688,169.92008158190404,142.90450801706825,149.7613814306427,162.2029803739917,0.0,151.3778906344335,163.02001610455454,176.71132902245193,140.367628802511,163.791437522394,152.5763728839815,186.39989341252956,177.89085929662346,167.66964096274253,158.65924686170342,169.3935734691027,173.82563518071515,173.18262930796197,166.87337457977165,168.47613443627756,164.08716546169393,168.65680195225298,156.24639535005394,167.99673977841402,164.98853608209652,158.57462893568703,155.3665815958347,177.24950454158028,177.94132600848926,152.1510388488665,149.73499141368055,171.79551792486734,177.4925497119089,163.0502548469937,143.38996655619633,164.39413818371682,161.85549137901123,151.85538821271606,138.8630311777908,167.44538410109337,184.4858335568434,183.28455951458022,165.04868593867513,178.06517466839892,179.23587425426683,176.86251559042245,168.29691672270818
1610555638.39J2ZWBLuLTHP0jOlzB4tNHmYeijH5g5YJ,121.74718985159284,172.01283460501585,119.60724714150484,152.25224278577167,121.6151466764591,147.40405010500308,142.54080901418118,126.21423408403264,126.34617420360769,149.6248514544745,168.96431785942156,167.12848003081922,183.3808429092124,141.79369645191088,170.5441179654199,139.66505223414535,169.1837452272172,169.8598211696213,141.98349281575145,139.3378613330264,167.7801390408838,177.11605433068408,112.7009922967659,122.91464834979021,157.15472993317442,151.3778906344335,0.0,167.21321219818321,171.8013362903896,134.79424222918848,125.27204052024271,151.68445058394585,165.57612502342596,160.6151373090244,152.15981904435213,154.62429177789215,145.75850751282437,150.03321606069312,172.56305996356386,155.67097369437343,147.08414808398305,169.67119727467883,150.60851689988337,163.10025470929995,168.8754713488075,171.53946592706038,147.32185713501127,139.700487385372,147.38555072262938,147.24797259465794,148.50028534044367,124.72222742575369,164.89180140569212,175.09336787910672,130.53452764055652,135.20689531711645,158.92975122128945,158.15407733679632,146.60364579756398,151.3604606952324,171.31673433582267,182.82465655769454,155.49047889333042,174.69057583068388,146.51570460585276,182.01073056501153,147.01285815814188,173.1610565146605
1610556032.17Q6yCDx9g7alRnL9jBFXD2JhhUyB2hKfJ,164.78703883496425,164.09398096574134,162.99114494855547,150.32502307793064,169.37852489233072,159.41214344499056,166.6697552742647,164.76252620064764,164.98630316104285,177.39309175542152,157.7254761913785,134.05550956788073,197.8279157209273,167.4550536758124,171.07694017036448,144.3020683792696,159.25935153987007,158.44460086918585,161.45844078923895,159.36233795056495,135.4483788777699,151.57184701097898,166.07419264450616,163.44050175110152,163.75626036360617,163.02001610455454,167.21321219818321,0.0,165.99399548860134,162.13781483465814,167.436540800497,178.06700643580717,184.5846072204046,158.0833358354325,150.3309134428036,144.9493812397384,159.86847511252546,155.4118226259453,162.05208909968047,160.77273227813973,159.85492422467325,139.78237755562952,157.21078279360378,136.93005808063515,160.86234124703415,155.33359093064945,160.99987256844216,162.64799694073838,173.3618399477536,179.43044821202113,134.5611741600028,159.0839525829731,164.19745807064444,166.21149304422357,161.41999565310542,164.6881707692437,157.50780686277636,140.28792185550088,135.74954847257285,163.76380966354301,149.92151651377998,175.5868300028907,169.77289485442853,161.96917327145636,169.02246384168,168.06533162100285,172.3745617185441,146.32699570608563
