,1610555604.25mOvVXuL01OCiReyVWBfesjuvXmB3MoPy,1610555605.43B6oDsBtWRQ29Q9UMQuTUEPZy3FSSWXzc,1610555610.92HPGJJSmyPM40z7otPBgHalNrHFA7zk5d,1610555606.68LaSQbm9EHAFycEfFtEqAwYqlBsQPjIRW,1610555617.19EKxMEwDHfXiEJZc27TsGoERaD6Da4BZU,1610555722.52PJ3FD50MGhRXyUD28vluU8Z9UjLJLZn4,1610555617.52Ijr5puT55g9apK8auM7zaxa3NANg502t,1610555638.77ZLjTLkz4jYJdFMI2wWBztzsDILkoOtAk,1610556912.46C7tJPLF0XfNnm8f1820X9aLmXMHoc0Dw,1610555617.51LjzIROg0aeCP2GhDcAVQ0LipKJB9jmKc,1610555608.17OpjjHobqRkX0UPcaXrbu7K6L3805SZri,1610555721.82zWeNZfGUUfRJkgnAwlP8VMhPzXctnSd4,1610555735.75bom85BDF0C7W2eIseHeMxi24qR68nzMi,1610555735.77NnT5xqKnwcf2BbjIekeb2arTQj6QMNwk,1610555638.33wjf1PhdNaoWfbRzXVn50hmFyB5bYAiLV,1610555606.65jCE4ig8Pu8kvAzkxnSGfWsV0nQBjCf8H,1610555608.18ONsBCVo1i7BrX0XG9stct4oiA6ejX9Oz,1610555721.51RNoQUMP19FTMS79BmA3JkgSm2IC2AQuQ,1610555971.86O0cHB2ibBJ8jxoObg01EpGe8VVV5mpwn,1610556911.51zU3duZSGpcw1BDNsBLxdOCITAXwl6z3i,1610555988.71dMoYT8250UHHJGxgmITTmbHe7V6gH1yU,1610556042.81mlUZsSp7gbGjrp8jQSnybT1gPy6e62o1,1610555637.02UBW5nKvDyUrKnaWcYRGajZPxTRDS0q3N,1610555619.13oUYNikU4facCTpUSiSLr0vPI0tJLnXiT,1610555721.03nzkucfjAUh31zTbmCVvTVYqtjoxZFnBh,1610555722.67fhKURdXVzRbLIjXmjRwdJHTnE7PWb1AE,1610555638.39J2ZWBLuLTHP0jOlzB4tNHmYeijH5g5YJ,1610556032.17Q6yCDx9g7alRnL9jBFXD2JhhUyB2hKfJ,1610557007.49MyVgDnuUuBxrvL6SGOdhKf69VYlW1MSm,1610555638.44hjT5hbYdKoE3MB6hijrjqbjmLgvCUYKD,1610555608.13zUvmFSCRt6SsLbhqFznMEvGx54GPGQzM,1610556038.62a5C4ynd1AARyAhTv8a58NCqHvXRjscqH,1610555644.45Xse8u7pusHNsd7F3d0A32HXvXr6weOJE,1610556038.62gKXOCG7XCn55eJvyl5voNjbwOW0znQDq,1610555987.13v0oleKK97pkesp6oMgprH8SoSdoDVdIO,1610556964.96ZLLeiQW0qpmxhPGTg7K03fmzkqsC2bjC,1610555987.13VQlEedQ50VvkPMEMzZDv3KNnQCewykN9,1610555982.186TY6MMGkDecIN1woW6vsfAMXVV7jnyjO,1610555982.673LuMndkwkvdmZOn0MmE2Pkidx0FtNalb,1610555733.38zItcuH7gHNfKdALR2d9Nek6bxCyw36Vm,1610556034.15BQxSbZINGCay0yp6RBVlgcPrw76Yn9ON,1610555639.37BPZpgtGml8qUsh9AdV4m32jPLfI2aNFq,1610556965.57S0adAalhWYe6K3bkZU0bRHbqnDK8gGkR,1610555983.54zteLPCMjyrjzPdhHhlZr3faCgD0TfYr3,1610555987.79rHnNRmt9a0ufmnwCvZqBouyUoZDNpylW,1610556960.041xWER61rmArlsKfiMl4frikWmUCnQ7op,1610556035.13a7NHZDutfTMJ88qle1gTYY59Dr4WmMsj,1610556890.456ZBDaY16bMtrTZTqAgHl3wq1tRxzqDow,1610555760.24e6890pkbyZ97Or6croI1rQgjkSsR0yVt,1610556043.02YpWMIJg3W004iqlPyv8OcVAZdSC5rNYw,1610555987.03z05P26TLtONYM1HSzupoc2CeNMa6HTqr,1610556032.15OYCzUxpsz7b10AXBAuDXrvEcvxFhf0M7,1610556032.63Z80yI9pNwS3jSmsDABbuhf8wkNa2Ze9y,1610555736.28eGuESasTXdR3SqY6pHhEXWZtcdciYLCO,1610556034.61bebeZA0MkaFG2sm3VKiqrxeqQginTTW0,1610556944.5XwXOphKYT3ZkWA8gViqOS97VHVuMVUqb,1610556944.745UVLFBzf7fPh4UH37I6tYQOFPqRDytEh,1610556034.63XsUwaFaPZevO1JNFjfhvY4aKNFnV4noV,1610556964.89xwBHw9faT1HjQRMNQEyA4qJ3hWkwgj3k,1610556966.74DydzH91jtyvRyYau47JpVkZoMRSNTt01,1610555740.77UueVziDbaXyRR4OcVJIIZyzOfAzN51bj,1610556046.84e3vwjyRCzqz0wJQhrk8zsxlFfFSv98Df,1610556137.99eoPuVrDThKAOvmeprLPb2FWRqIhzUodc,1610555740.73XFwSrmTXJPlaxGZSefh0jOVA8PI3III1,1610556123.88AOfNaz9jSnqU5Czc7okOv1RCrYfKFBTo,1610556046.85nB7NvyoYQeLcOV391Lmmut1wAM8CFGLw,1610556123.89H4pdIAzDthI7bMXMhlIhKUYIQIvtmPPQ,1610555740.87GOYQUJKpkynIS2lFqppYK4b32ol7NeGh
1610555604.25mOvVXuL01OCiReyVWBfesjuvXmB3MoPy,0.0,274.5257677779917,163.35686282754168,253.492015021907,202.85478485687585,232.98785897917998,215.2410982718991,210.30496571097152,161.62060141299168,210.18756028700653,275.53201380668975,265.2000356722344,278.1077607496463,208.3247124758344,268.5551189574968,234.87387360013773,281.7088597674348,278.76425825718667,216.52973654878846,220.31430277085914,251.23221274156953,272.2279314975541,211.4502425455961,199.85820456413614,252.0086672026804,215.5477737845764,198.53708893254264,263.251351991535,274.071865951716,222.6312038199033,226.13087333330498,224.25842147932977,236.20833117323124,262.9097938241086,250.13427949479103,257.7705069366208,250.99981641615213,243.264538546676,278.5603690975072,250.80430092125533,252.45351460244103,273.0531275399673,261.6633952236015,261.83745372802923,269.4887881108313,272.20862925178545,251.2645538701932,228.39068792330775,231.6531306043486,250.09104937497747,254.07889032728508,226.30464689746364,253.4244442984809,301.7820723181366,237.97184354277684,221.20241950347895,242.37663283969712,250.36333319108024,250.1072429762491,239.97624631342714,263.1663199921142,297.6178348118587,285.1744269754968,278.22699506470843,244.6278897907045,278.9022608692186,247.55271501006504,260.07508117366257
1610555605.43B6oDsBtWRQ29Q9UMQuTUEPZy3FSSWXzc,274.5257677779917,0.0,264.08804830951306,204.78503227545522,266.40967500745995,254.3606755970031,252.00562588744333,281.7609387645137,275.38287709588553,265.09877950421827,249.98154755104977,239.86386144057758,266.56574076109854,263.64689254732065,230.6143823794728,237.42248021166242,253.8900140290008,180.89920174171547,257.8891170097144,269.75425910206354,253.34073892240653,244.23807645022242,251.43127519505796,276.71541462415473,235.24402303509055,261.78205098261174,264.58194380910686,253.16471716792964,249.42270525643008,246.5383414302007,236.62469593930115,250.81752925621458,260.69775325775663,235.29624715978886,236.2170859674845,251.71198848368593,244.14461814808976,224.41111366031325,214.6498462496463,245.79674113664282,244.02500600455318,236.75731116284726,250.68208686070525,251.70231640591848,195.269895905947,183.1657203745211,256.95027527360355,267.0945976971512,264.3760360492934,267.68696269774415,261.3806754700249,258.24738190809046,228.57376723565312,231.556927687651,251.35026762076032,248.73554996609596,256.00249853624956,251.13114983954458,257.9853435778831,236.56099658972616,235.47987712012332,236.49653309175667,287.8169837863166,230.70842484222717,262.3891539730541,237.20479725033732,277.91396912096076,243.3474908704457
1610555610.92HPGJJSmyPM40z7otPBgHalNrHFA7zk5d,163.35686282754168,264.08804830951306,0.0,248.6188207174626,214.55445206227793,238.91991838194417,191.67727163397498,107.4301980889376,199.95088639262895,241.0681715433203,266.57495838516786,255.608091756882,275.629891497111,179.68660888564872,260.0074271312807,232.93577766310474,268.2303048511869,268.49924738956275,226.92889120328996,240.2557941315474,256.6390149976567,259.4122399649167,226.61298505274243,92.30963394743374,248.2841855585869,229.94426482614995,212.35522649782814,262.3098120198466,284.35766827685325,212.4272809062699,228.91712747544733,213.72138551513564,253.19141440143804,253.08594072153554,243.34126646648392,256.33747191808186,246.34704539828954,252.14798118845297,275.7839846931848,250.74759697187403,255.16397059443673,269.2729691594367,258.47550328222167,264.31711004114794,264.68376705775347,268.32172028533773,246.62134569259257,229.35519063776164,242.23406620190258,251.38496294100744,240.54305416650507,220.60498623846894,255.25540264253226,293.5757038307201,220.56119986410476,232.11181990073823,246.9854162582301,239.4583227428426,237.46267967728167,226.70532210916934,265.1604356658766,289.5685391591934,278.36307993823505,270.1068933905814,249.4935618493109,273.6602673512869,254.6711930841444,265.2957541677544
1610555606.68LaSQbm9EHAFycEfFtEqAwYqlBsQPjIRW,253.492015021907,204.78503227545522,248.6188207174626,0.0,245.9911712460582,243.24297734939853,229.21156980140992,269.1625984038455,257.9153051004949,256.48759370846653,210.7026995078439,228.00511016276178,272.4338323999487,240.10406892291542,235.85308864453623,212.9963854669803,239.27903937236445,221.8830271534769,232.8234819815873,256.86877538334574,233.03490280214228,237.54507992338628,237.19568931453054,263.98097376053465,242.74675653367152,241.146196320521,240.7348682525988,234.49679838904768,250.36164569394023,222.20460320875648,215.868392089555,232.73177245246464,257.46773078814704,240.62944210829482,210.4034641222236,218.32979830187367,218.4876570524349,226.71215110062437,225.32547477631923,226.39458466538952,214.27530770749905,222.92215524288451,220.8087989283583,232.27448419161493,216.36210272567251,215.5945990583666,243.4257611906653,250.16741199408975,259.879334605251,254.87414968867327,236.89123725990933,233.8796481493231,234.97608487537497,253.3265795706254,224.90360075666757,238.61093319155322,235.91544035417277,230.5979055138331,236.15610799712238,227.97561484844863,227.0120638829278,251.16542451217873,281.85641956045845,239.61946639543348,256.48033783331203,246.8089660638543,257.15772361887224,230.02764532810934
1610555617.19EKxMEwDHfXiEJZc27TsGoERaD6Da4BZU,202.85478485687585,266.40967500745995,214.55445206227793,245.9911712460582,0.0,214.45747428718462,178.784330583428,239.41822429806982,167.2249671730133,241.3231105607489,264.0838660633788,253.06518343875513,282.3059788655852,215.1914648275225,258.1497735235127,232.9736155064118,272.8506519812955,260.63528540786956,206.7301905950167,243.3988789148558,242.56880029929238,255.89899336061066,174.68377107652896,232.5198178901942,233.885662461889,207.23816570345812,188.69554923502469,249.4790663871407,267.8144137303645,198.2315658680771,226.35975505889544,191.4005310820489,255.31071169394056,251.28189836353255,245.52285870248954,243.19247886072927,236.8973120492185,240.75017157464282,264.53339578529557,248.29448742734752,232.49271675473454,263.7267919225043,245.94257614336576,256.195431873699,260.67873290942634,259.2750283560823,236.19627749004584,237.95692469277458,250.0676754113587,243.46572924096907,241.7788026709564,220.91480432648004,251.55555831324867,290.8781257117323,231.64144350754034,199.17718402338312,231.14687658205895,241.22047417403445,237.88867209404282,221.12998055552765,256.47935073203405,285.861411371649,277.0999300179579,261.0298146695164,247.56188709903418,271.6021606819719,254.2453069264801,252.86034969043814
1610555722.52PJ3FD50MGhRXyUD28vluU8Z9UjLJLZn4,232.98785897917998,254.3606755970031,238.91991838194417,243.24297734939853,214.45747428718462,0.0,213.77958909027876,257.5375253131306,219.00874426428027,255.11852761063471,251.61098434343677,238.29145430435238,281.4870522825291,230.88509270853922,250.04191515797552,238.98964923928358,265.57402119078233,251.80704111993,163.8246950997095,249.62448607172595,224.89618085859863,248.62262242771868,206.95118774292433,251.98471166134686,222.65239339198195,146.15988229338836,229.29383154251835,232.20282057975942,268.9512168431908,201.27209970498654,244.82713558609828,201.96632140581164,261.9861516463197,256.9947152702065,242.4971434888721,241.89929790874248,243.351382409572,253.44580289332376,250.49476872220367,238.94440010837386,242.71916226827733,251.44906544651562,243.38812503561542,241.12919309657573,248.56407237265898,240.17601853307443,229.68518582612512,235.37714890312333,263.736501778124,251.14196928146202,226.9277949364673,217.73882861856748,240.74640987671017,279.49734768590474,244.7366906457769,201.75716621587014,226.21897488535834,218.91903492179196,225.7053127005796,206.24471762131407,240.8294220405225,276.1767296761774,294.4292864671367,253.2293458807522,266.97224463836034,264.34778168853416,255.06839323796692,239.68420988406916
1610555617.52Ijr5puT55g9apK8auM7zaxa3NANg502t,215.2410982718991,252.00562588744333,191.67727163397498,229.21156980140992,178.784330583428,213.77958909027876,0.0,213.39861261954323,210.41527122329975,247.85012696835776,250.01700449285605,242.6372888214903,272.4994079499894,171.90330032477758,243.03188578479052,228.47344315570257,253.3430251481289,250.9789884903387,206.30564891038776,256.6192226672873,238.3726925858569,243.0364834568585,208.60524354539146,207.0009740028468,231.55959125214852,204.19968516996138,212.96713610663446,246.91892212499945,272.05373532902826,158.57143797386863,221.2550628347488,185.3193019573762,255.49022189537607,242.46885510262763,229.89140568846355,233.8836852880402,226.90227476114867,246.0699860601462,262.72750149105775,234.59087800980228,227.07787496826444,253.93236501553093,237.66100296116585,255.5059269323237,246.48965141298993,250.2761951618487,241.5347089638966,233.39153282235364,254.11104468737645,242.65895278581112,226.75528186662376,202.11161641110638,243.75353814649526,282.43199359498726,212.3416242073805,215.72739895924096,223.721304950161,221.4403509521459,224.03417742021264,200.50355351424918,249.20771381975314,273.79849236580895,284.0626517793725,251.22590759045514,256.3618155494475,264.73860071259725,252.551685495541,245.81363151988035
1610555638.77ZLjTLkz4jYJdFMI2wWBztzsDILkoOtAk,210.30496571097152,281.7609387645137,107.4301980889376,269.1625984038455,239.41822429806982,257.5375253131306,213.39861261954323,0.0,227.1351923663411,273.31760544546927,282.4186975021805,269.33805396174887,295.336215574651,195.35696527625132,270.49119431552305,257.8253899826754,278.7276319713707,281.3387252471626,247.34822586148545,261.7942059716802,276.3730614130872,270.2300705477468,253.06226991182245,56.14132384125483,264.7010159886048,254.05909225229223,239.99669957087372,276.9727612584073,301.6809648977056,235.93704039297543,255.41066891244532,230.42081181765042,281.4475463317494,268.2873800527555,260.30803402322636,268.9731681942771,263.1499020478608,276.287568778008,290.1270107625361,269.0029139671978,275.31977832496136,281.2182943894048,272.8210625675696,280.20615340172634,278.1309210213383,282.87080938357155,262.60391690127926,248.47995017008043,265.23998687161054,269.4891257718193,251.94729221691816,242.59930780892162,274.056050525554,300.0143530681778,240.36725939236746,253.01589135893377,265.39811257066185,257.2701776724253,250.63084572947466,241.71758282466394,283.73579884269407,297.34261720256393,288.8449969083031,280.5962716025179,267.97494062922107,286.0003207892565,270.27531861122594,285.42858368936373
1610556912.46C7tJPLF0XfNnm8f1820X9aLmXMHoc0Dw,161.62060141299168,275.38287709588553,199.95088639262895,257.9153051004949,167.2249671730133,219.00874426428027,210.41527122329975,227.1351923663411,0.0,232.04765518470143,277.2678885096136,260.44742900278493,283.2261629524197,217.02956905777654,264.9181123977133,239.38515143290627,285.8204200766003,274.2387888175424,194.46150352097064,226.73723733586513,248.57077582255798,264.6384836773964,204.36311561300724,220.20953251397287,247.9056331160963,208.9602027807197,198.62475382232645,252.2157738405048,271.1688773548216,221.54461572554175,234.6797136907976,215.62358463656824,250.3086859393003,257.2695948694939,253.0014452199499,256.339702537553,250.08523931155958,244.3487932156595,273.57624878084806,254.88799774640398,253.12896462967305,270.261308994928,258.06854672222977,255.41014454841704,270.9663130775922,268.811459600423,239.93073527798444,234.62556275964053,245.76720335798072,254.101828763893,246.9843878429669,230.31231550467947,254.3348097825018,299.5273670625758,243.9739190344412,220.2640620884033,242.78912684070025,249.51271564969366,242.6649478232156,234.02577302080158,263.8532105916374,297.6492167970338,283.66721646281184,272.87756994586164,249.75706137973768,278.6164942105423,256.40786682067125,258.24074768694254
1610555617.51LjzIROg0aeCP2GhDcAVQ0LipKJB9jmKc,210.18756028700653,265.09877950421827,241.0681715433203,256.48759370846653,241.3231105607489,255.11852761063471,247.85012696835776,273.31760544546927,232.04765518470143,0.0,276.4934804069761,277.410928618886,216.90042222896534,245.20175239187537,282.6566611763456,233.84298383373658,286.88119277249865,281.5325554009665,254.33433819210094,233.47798132551975,257.5380940812984,288.96306871165217,232.80289469411346,265.76057745992614,259.4901147072322,240.328909748734,225.77113743993553,275.47356906982867,271.51881957176084,241.05188021125394,226.4578767333072,256.0903258774705,135.6300068576516,253.14829527251575,253.28658339117072,272.5026641685396,252.52583005620153,230.61575974942744,274.9540149128038,260.06558784587406,259.49542721866015,281.2216080283766,271.60618732394596,276.67098477499513,276.1379215549607,271.89979360220633,257.41006142069295,234.2391068764531,164.63210636235553,257.535842118911,263.60710970826403,240.9306130550849,251.06576269097735,309.89325709508137,240.25623490428927,243.30677344619627,255.16998122996443,253.93185134081696,261.6566048228801,266.48876700621975,265.5321155131812,306.4784772872367,271.7083823364961,287.9225866870055,215.97760801131318,289.33085518893523,264.48050012052045,263.48557197315637
1610555608.17OpjjHobqRkX0UPcaXrbu7K6L3805SZri,275.53201380668975,249.98154755104977,266.57495838516786,210.7026995078439,264.0838660633788,251.61098434343677,250.01700449285605,282.4186975021805,277.2678885096136,276.4934804069761,0.0,241.85239069447593,290.71000826250827,256.40612756360434,241.77021125971348,239.61121055277775,163.12245193087927,216.63898843289618,256.80850853563044,283.75998353704364,233.01202936540955,233.08659360405827,258.6682890312756,278.69831018878364,251.8035241423732,247.41801526370028,265.70543318070145,246.40780960911303,263.6870380478897,238.82335227108803,251.28712366030283,249.6230868546425,273.8263828246421,260.6622448594391,229.77197698855073,222.4603011943273,246.16826254387504,261.7898991732898,257.11038667343416,246.90677736651844,231.97445556049954,206.3899132337763,238.65345381929905,252.64374141158248,218.36823410967853,202.16998679015393,260.86406207546383,265.92768452343194,281.101386025714,248.32977259711672,243.29798109683048,251.6946503741751,253.52253044968538,258.4994429642395,250.05360223596784,250.3944774540872,232.66765086765108,241.70323482172722,249.8818272752428,245.1549304004191,215.544707726266,243.37531680849312,296.39760806498475,226.86762128362935,277.62367264288935,220.0923537633275,267.33209132604844,227.3040526434032
1610555721.82zWeNZfGUUfRJkgnAwlP8VMhPzXctnSd4,265.2000356722344,239.86386144057758,255.608091756882,228.00511016276178,253.06518343875513,238.29145430435238,242.6372888214903,269.33805396174887,260.44742900278493,277.410928618886,241.85239069447593,0.0,297.6899980005957,251.5211595860402,224.12487065298362,224.570256606983,250.1776973785264,232.0347152509036,244.3811267555492,251.0736007033272,172.33407816506855,208.6539264190034,246.77162758588028,264.0223365486316,226.33227958506257,240.12712590741887,257.7268903129086,196.17204007643718,252.54175093209003,245.58815344507124,245.80300202937963,236.7457291497704,275.21080983230183,252.58627236275728,200.62698820450072,205.37823805739268,214.7485720502073,246.54447422749206,236.77111230831844,236.29426169170844,230.12544431308152,209.76439781743116,230.82865786121815,227.70343087244677,233.67887177650508,238.0096125458843,238.36608464728945,248.53981537736533,277.8171917870431,252.02173534739214,208.42021540295485,239.36294356412566,244.1116842996317,250.35356147217877,240.58583170580854,235.92276261781743,232.6319503279363,205.7828158828819,225.3891777830333,233.9824288392248,235.90825222483727,250.44583055256177,286.3803363488872,234.19596352088274,265.44894728693276,243.0135145503549,254.02399591224074,230.54928501674084
1610555735.75bom85BDF0C7W2eIseHeMxi24qR68nzMi,278.1077607496463,266.56574076109854,275.629891497111,272.4338323999487,282.3059788655852,281.4870522825291,272.4994079499894,295.336215574651,283.2261629524197,216.90042222896534,290.71000826250827,297.6899980005957,0.0,274.7175801287682,293.30556716995795,263.63754344945966,297.76062159598183,290.6519969373176,287.58725128948754,277.53867244025815,283.6783365185293,303.200378027134,275.649313572868,290.6938860110605,290.24824390676037,273.72145084341145,273.7720542433269,296.92920089028235,292.45522016309627,266.4997810599746,259.6571628639304,290.66052036070164,164.75020575200912,268.75207017389477,277.37256931153166,296.56568080882425,275.32962334701165,260.5700553213853,294.0344804894093,281.8648199195435,275.5340869921551,301.116204213476,295.7815357300581,297.85269581540314,287.35607988258596,283.470767366824,280.70218908903433,277.40663914930553,254.7374085023074,287.56384222159664,281.15167642326827,274.5889101695936,278.4618638738982,319.1147931921193,263.00941591859436,284.8144576065729,288.03331002798353,271.94110767064916,277.3843199546713,287.8419663697786,282.7610633966487,315.90439332374586,288.99856684446445,303.6815950525599,267.24918828982584,299.49985146534783,295.43222729207724,286.58273830260805
1610555735.77NnT5xqKnwcf2BbjIekeb2arTQj6QMNwk,208.3247124758344,263.64689254732065,179.68660888564872,240.10406892291542,215.1914648275225,230.88509270853922,171.90330032477758,195.35696527625132,217.02956905777654,245.20175239187537,256.40612756360434,251.5211595860402,274.7175801287682,0.0,253.8105146417064,224.76414607317355,259.80470290846466,259.8637992227506,227.81071843753486,260.46642429247726,247.40138474423895,254.51425162262882,222.73236837478356,191.59182426452824,244.94906273609718,216.69600656184997,223.82993292249265,259.42721773914457,282.2993588594118,192.62837308004174,212.10185392439467,213.07576654925126,252.77984360304632,247.1565196511998,231.62153577438949,244.33022110066725,230.62982416914838,248.55282167643836,279.23476988296886,235.13687943867149,236.68396131054914,259.0720644628869,245.02082729487225,270.4152986563039,256.0626834925549,259.4581476568873,237.49347436608195,229.63326934601136,257.4604176157955,244.4965247585696,224.1831690964703,199.30611416085108,240.40210240464032,291.6791288414457,205.7836639039016,227.02988508205814,239.65139483347662,223.94429721616217,219.65794960701245,228.51415879253122,254.381943861163,285.1921245074766,297.29109205554266,260.5023326214234,262.6219291705719,269.6924975002826,261.8671474218318,253.63168345373376
1610555638.33wjf1PhdNaoWfbRzXVn50hmFyB5bYAiLV,268.5551189574968,230.6143823794728,260.0074271312807,235.85308864453623,258.1497735235127,250.04191515797552,243.03188578479052,270.49119431552305,264.9181123977133,282.6566611763456,241.77021125971348,224.12487065298362,293.30556716995795,253.8105146417064,0.0,241.91532451293273,247.1992799731092,222.07496563646362,246.23905775411,273.96680311700015,229.9560268318584,206.50814947907878,258.2330461350315,267.1514616263383,241.75645020034298,252.5361085111337,263.14259874685746,242.2890399190328,258.51466849804547,249.99255656509763,237.82533079369594,238.63625608418863,278.1332915987629,267.5575822004552,213.37833506432537,216.46489235405528,221.75360202725588,263.28100253801733,248.60107673670188,230.12307909118906,220.6661970295947,213.2007032922299,207.17624049333182,254.56649537430098,202.13642245885595,225.75691387615396,248.51097177824064,260.81558283468166,289.784306665979,259.1467244846391,247.0266748522821,248.00173445298464,251.18711770071081,232.28230543701807,249.68324175524805,242.49898021986246,226.91143938131776,247.00986729282758,250.64414955119074,230.58011662690973,233.207660022168,225.95415536204223,305.49231988915636,220.47508786511816,286.47377827995393,220.2871081583588,268.0042678933683,242.35937424309662
1610555606.65jCE4ig8Pu8kvAzkxnSGfWsV0nQBjCf8H,234.87387360013773,237.42248021166242,232.93577766310474,212.9963854669803,232.9736155064118,238.98964923928358,228.47344315570257,257.8253899826754,239.38515143290627,233.84298383373658,239.61121055277775,224.570256606983,263.63754344945966,224.76414607317355,241.91532451293273,0.0,252.53159718789658,248.5324718394843,237.8773368016248,223.4971814015816,218.0387095953852,254.17513955203773,215.5900858006547,250.40082831964168,231.88867671611192,233.17991312665828,219.67894704432672,223.46268196940767,247.055440572031,222.75252658312777,179.53171086982377,236.1864021062749,232.4901435259683,202.6455726076362,170.69913379316503,209.70010320798653,191.48564806515967,177.8731849095154,255.12720896180525,226.53351522505713,213.9494768883822,240.30557885375305,232.44568835989898,248.143881590136,231.1578411553038,241.99253725882173,220.9278241223252,228.60674129204523,239.59994792238297,241.63841675194476,212.229030823186,221.07179871424037,223.18350220446004,274.6639345538911,187.1065969166512,224.14547288318775,231.0009166670718,201.01606211221423,215.73880101671938,238.82184761566268,230.0592505230735,269.4358141670105,256.4496355299327,254.3323678817568,232.11981082079657,253.10720569548783,250.25954780276726,230.09085523919913
1610555608.18ONsBCVo1i7BrX0XG9stct4oiA6ejX9Oz,281.7088597674348,253.8900140290008,268.2303048511869,239.27903937236445,272.8506519812955,265.57402119078233,253.3430251481289,278.7276319713707,285.8204200766003,286.88119277249865,163.12245193087927,250.1776973785264,297.76062159598183,259.80470290846466,247.1992799731092,252.53159718789658,0.0,220.87756524367973,271.97610307848447,290.4318972534133,242.07198405378423,241.06721207725022,272.0079381848343,275.323398744682,257.86411899616274,258.35614483918454,278.1541022255746,254.35802409876501,278.9977285416545,251.5962550010807,259.5963300045323,256.66357296485126,283.46783603690426,266.66625471169607,238.8929576855967,227.91870652797436,252.74926692336263,271.1143822011746,271.5873406972148,254.35877152340794,246.97344270627048,207.22516481594022,249.8703237924207,266.4613542438388,222.7883527936909,214.97612283810219,269.7099039517149,272.73891525531917,287.9573355990711,250.1994561678868,251.88078784423018,258.1823040404926,257.87374274395097,253.11327771253565,256.06063499662775,255.39365372720482,240.89514985460082,248.19790342073534,259.51855868054633,253.93432937343894,223.73129055223944,227.1120669378868,305.0945814435735,215.44526663772515,284.55633837514864,215.74614408170075,271.6714173636402,240.99065790285601
1610555721.51RNoQUMP19FTMS79BmA3JkgSm2IC2AQuQ,278.76425825718667,180.89920174171547,268.49924738956275,221.8830271534769,260.63528540786956,251.80704111993,250.9789884903387,281.3387252471626,274.2387888175424,281.5325554009665,216.63898843289618,232.0347152509036,290.6519969373176,259.8637992227506,222.07496563646362,248.5324718394843,220.87756524367973,0.0,257.9974022510883,281.8699101479645,244.84494483829195,219.56521377151944,256.7495819694175,278.4686691910662,246.5257153117708,258.20577857217154,270.36121069211805,253.29491940113076,267.54281946272715,250.8349484763089,248.71610032716788,250.72736928958494,280.06445988949486,255.62707891529027,238.82014518246706,227.80606956552623,248.62262966186194,253.29823652052133,246.85152155488436,239.8399550259919,246.61916856858343,203.79531990741435,237.58575061701882,255.01516732592168,180.8937206130677,161.3728794936447,258.29625433708964,268.7649942162608,284.14266454293124,261.4863161940393,245.75889913696292,258.4318044498647,236.3313024804608,219.33060953471448,263.37908246822536,245.48196880915376,248.05694738097623,256.3844723308939,243.70073963774286,244.95602526600206,215.2228713731026,204.15594458152938,302.3663273920499,202.3248858264572,279.336780482233,210.17655439555327,274.82143296586435,233.49661704053747
1610555971.86O0cHB2ibBJ8jxoObg01EpGe8VVV5mpwn,216.52973654878846,257.8891170097144,226.92889120328996,232.8234819815873,206.7301905950167,163.8246950997095,206.30564891038776,247.34822586148545,194.46150352097064,254.33433819210094,256.80850853563044,244.3811267555492,287.58725128948754,227.81071843753486,246.23905775411,237.8773368016248,271.97610307848447,257.9974022510883,0.0,248.90914390871217,235.66473955712394,246.8399851189596,211.4774449944989,241.4714016966721,230.72221968818792,185.8332829075618,216.18510575223547,237.44522931422443,269.6893297322165,204.9761970198608,239.58683452739433,202.01272037410527,265.94388512826606,258.42838681872587,243.36368657784473,243.7892519504138,244.87164303400323,254.3983503777301,255.55339870660606,238.70883731510915,245.39193524634837,256.8064379731938,241.99961328220002,240.8694292758565,252.27941681520673,248.64793969163745,234.58475163624934,238.7345079326077,260.9282517006379,246.91889034499698,235.8794548557634,213.6219370863568,242.27687678550504,283.6329840191771,248.35005633112243,215.3224917712455,229.3505641610742,239.41615510667623,234.50110461887326,207.57668311087832,245.88205318842023,279.52209840944664,293.4959618087923,255.7028702436029,266.7913570237155,267.8638213004853,242.03084359151333,242.84640732551622
1610556911.51zU3duZSGpcw1BDNsBLxdOCITAXwl6z3i,220.31430277085914,269.75425910206354,240.2557941315474,256.86877538334574,243.3988789148558,249.62448607172595,256.6192226672873,261.7942059716802,226.73723733586513,233.47798132551975,283.75998353704364,251.0736007033272,277.53867244025815,260.46642429247726,273.96680311700015,223.4971814015816,290.4318972534133,281.8699101479645,248.90914390871217,0.0,244.4610220299797,279.08150602861053,237.3173641137954,256.14389961043406,256.1843667582943,238.8351719205778,220.06368723030164,257.0717446694528,270.91552328416833,257.3460614388126,233.10199543152444,255.83449446056625,236.25729606057496,251.88162549374778,239.9342054145013,261.1264445821899,237.06356444605933,229.527738987835,274.44470102398043,265.1985619273237,261.6226931439249,272.18471402458636,265.8373841272398,256.10214013697333,272.52886969142605,278.3662727002672,249.92969236903545,242.29355125894273,234.58344901468658,265.16832703160014,253.52164211725696,258.52931093382153,263.3511613930175,301.1260252357386,236.17189496444624,243.06459825919183,256.3193854255737,236.23001953457754,256.33573227209314,263.33184762122033,276.2605065328691,301.5353655930022,255.58975965100515,289.31491088624176,225.392621775284,289.8072618660747,252.19114507124016,271.3948415117278
1610555988.71dMoYT8250UHHJGxgmITTmbHe7V6gH1yU,251.23221274156953,253.34073892240653,256.6390149976567,233.03490280214228,242.56880029929238,224.89618085859863,238.3726925858569,276.3730614130872,248.57077582255798,257.5380940812984,233.01202936540955,172.33407816506855,283.6783365185293,247.40138474423895,229.9560268318584,218.0387095953852,242.07198405378423,244.84494483829195,235.66473955712394,244.4610220299797,0.0,218.0664393723194,232.28221340171464,270.0809739162925,231.78341567028173,217.27185096431748,244.28212959282695,198.41594776898464,257.9764394428642,235.61701905815693,235.9490611411143,236.5214040283972,255.75625960256247,255.6328707481397,194.32090152994869,206.58546132089145,218.1133265930782,245.9039773587131,244.34749806433436,233.77816120065813,219.72661925138112,213.7281916766633,227.3883794442597,239.20673803655194,232.42430807362936,234.13096530428356,235.05377467874132,241.8557793197325,268.2685974092861,246.30222703416536,209.9535598188532,228.5400795811154,240.2887443001745,262.38090540394177,233.25843597602753,227.0140150188843,224.50161515580447,190.10510958135748,229.27371819289425,235.62492118518054,219.0180279607948,258.37999217573554,285.4568903410434,235.51326081808634,259.2217036011307,243.6265752870101,254.20898644223612,221.1399332110008
1610556042.81mlUZsSp7gbGjrp8jQSnybT1gPy6e62o1,272.2279314975541,244.23807645022242,259.4122399649167,237.54507992338628,255.89899336061066,248.62262242771868,243.0364834568585,270.2300705477468,264.6384836773964,288.96306871165217,233.08659360405827,208.6539264190034,303.200378027134,254.51425162262882,206.50814947907878,254.17513955203773,241.06721207725022,219.56521377151944,246.8399851189596,279.08150602861053,218.0664393723194,0.0,257.00920236046505,266.9673168678852,245.4664028965895,248.25670138762672,270.4789269697369,227.73357793814284,275.38851837124594,245.69782953277678,263.2713294346203,232.43577166638417,289.0839979475537,271.98962412601793,234.6598222682124,234.27216412141246,248.52774349114813,268.78470419242944,243.25988834158704,247.75453049957991,250.24019101448485,199.35287973288874,242.5266076589855,259.2093640054963,223.65012976011428,227.53858240035515,264.37204464857865,264.6501830797088,286.3702174212079,256.83304331780084,248.57203015792595,252.1768896581497,249.2353385537615,241.119770087837,265.5433582119128,243.55160133756013,237.74622175910713,244.2142590181883,257.6291774258509,218.06482967501316,212.02403041442872,226.10757487488263,300.42281271577497,198.00684189945747,278.6295669984649,199.79744923023162,269.2867641771329,224.4658713342415
1610555637.02UBW5nKvDyUrKnaWcYRGajZPxTRDS0q3N,211.4502425455961,251.43127519505796,226.61298505274243,237.19568931453054,174.68377107652896,206.95118774292433,208.60524354539146,253.06226991182245,204.36311561300724,232.80289469411346,258.6682890312756,246.77162758588028,275.649313572868,222.73236837478356,258.2330461350315,215.5900858006547,272.0079381848343,256.7495819694175,211.4774449944989,237.3173641137954,232.28221340171464,257.00920236046505,0.0,246.49513419666513,217.3032201746415,202.11794648661808,179.1604743996572,245.89435090652375,262.40463899103287,189.14020321066963,207.0582975489339,193.85940892590108,245.6564752916778,240.46894459714562,234.50613560298794,240.32335355656937,226.68259128038312,216.94859662632305,256.752637911035,239.76267508158392,226.94419919064046,260.31636078520444,239.7248207005265,253.67369321639913,250.60955139273184,250.43984993115558,223.1604356099993,230.4238914473527,237.35150494760572,245.54085901447513,237.44399910709652,209.49780618987123,242.47653542329857,282.79980964592465,216.62167520121176,156.42484028859928,228.505750240169,225.1729598521726,234.41180376244878,218.8269539253892,245.92273686946314,281.9723721235471,270.76565406889654,261.7526654457022,237.61433028128093,268.4100896470554,253.87727170576446,245.99352746024059
1610555619.13oUYNikU4facCTpUSiSLr0vPI0tJLnXiT,199.85820456413614,276.71541462415473,92.30963394743374,263.98097376053465,232.5198178901942,251.98471166134686,207.0009740028468,56.14132384125483,220.20953251397287,265.76057745992614,278.69831018878364,264.0223365486316,290.6938860110605,191.59182426452824,267.1514616263383,250.40082831964168,275.323398744682,278.4686691910662,241.4714016966721,256.14389961043406,270.0809739162925,266.9673168678852,246.49513419666513,0.0,257.90571939748827,248.6226856500632,232.8801291939943,271.6847194885149,297.7423718904735,230.76438876006773,248.58086491280937,225.8661446027013,274.6656542150769,264.12356739303226,255.3238931082708,264.94502529527784,256.57921650763194,271.2127045924435,286.0875371361484,263.53115468020354,269.35357441647415,277.7614111642216,268.3880632420318,276.03236766259147,273.1498995297323,277.7240413335691,257.66377213774007,244.89174656118524,260.5978392043389,264.2999556347538,248.21002299317172,236.38505819256832,270.11089217400104,299.92655715954874,233.91583818649988,247.5775161584287,259.86991054574355,251.2777642068786,246.7585142895151,236.5681021134668,278.3755761748927,295.1128623693946,286.43576629365106,277.35945565205515,264.5176273907186,282.8732415883563,265.9514665227979,279.9136537847317
1610555721.03nzkucfjAUh31zTbmCVvTVYqtjoxZFnBh,252.0086672026804,235.24402303509055,248.2841855585869,242.74675653367152,233.885662461889,222.65239339198195,231.55959125214852,264.7010159886048,247.9056331160963,259.4901147072322,251.8035241423732,226.33227958506257,290.24824390676037,244.94906273609718,241.75645020034298,231.88867671611192,257.86411899616274,246.5257153117708,230.72221968818792,256.1843667582943,231.78341567028173,245.4664028965895,217.3032201746415,257.90571939748827,0.0,229.0197054954722,235.59357756103486,235.88718977531363,271.2750741215583,226.82552234226273,236.03991919882466,221.71737914016944,265.7122797520671,248.8366266964009,223.83463282445885,236.48365276263482,229.44239261190708,241.30632614658893,217.4636355153866,233.23682269663254,240.55669885870222,246.70596976041625,234.25392857056931,255.7668293108282,235.97000720544338,225.3479691161307,238.95856834937138,230.6872618250331,254.054614406999,245.33350095436626,234.64627441417954,228.91050575753084,233.8254104786224,275.3312683781872,235.51895040507566,199.65632919529466,209.09508154007978,229.297664966361,237.13345141995808,198.9397135225622,240.47606072934684,264.44130379626915,276.4837554769651,238.45403891746983,250.36660595833666,253.72001554177513,253.28087510265252,238.96563176816085
1610555722.67fhKURdXVzRbLIjXmjRwdJHTnE7PWb1AE,215.5477737845764,261.78205098261174,229.94426482614995,241.146196320521,207.23816570345812,146.15988229338836,204.19968516996138,254.05909225229223,208.9602027807197,240.328909748734,247.41801526370028,240.12712590741887,273.72145084341145,216.69600656184997,252.5361085111337,233.17991312665828,258.35614483918454,258.20577857217154,185.8332829075618,238.8351719205778,217.27185096431748,248.25670138762672,202.11794648661808,248.6226856500632,229.0197054954722,0.0,219.71428931522652,237.2031675263432,265.67167738485716,196.7891548153874,231.39001560357056,202.14992210207632,248.42617026196928,257.19565658288167,239.21167372077176,243.12770538600972,239.92825317312946,249.84985521642756,255.4623702079356,238.0214272246354,238.4750305330807,250.71863393601728,244.54704979567288,238.1123660105627,251.4679790937271,248.80404708522866,228.14952085471876,228.9457987480712,256.58722947183696,244.00521452849216,227.73772532368733,216.94825349206513,237.0093395805408,283.5286904311142,240.49076999784327,203.00097325020297,227.77235163249114,219.96588928092655,226.11530977410152,208.71017643980218,241.4326829554461,282.7118799878981,292.5865840044063,254.49915186798057,261.2192947351914,263.35904175088575,248.8204932172721,238.5913920224103
1610555638.39J2ZWBLuLTHP0jOlzB4tNHmYeijH5g5YJ,198.53708893254264,264.58194380910686,212.35522649782814,240.7348682525988,188.69554923502469,229.29383154251835,212.96713610663446,239.99669957087372,198.62475382232645,225.77113743993553,265.70543318070145,257.7268903129086,273.7720542433269,223.82993292249265,263.14259874685746,219.67894704432672,278.1541022255746,270.36121069211805,216.18510575223547,220.06368723030164,244.28212959282695,270.4789269697369,179.1604743996572,232.8801291939943,235.59357756103486,219.71428931522652,0.0,263.2159281321086,269.4289655332267,213.06542603096258,203.95711334675403,224.57441889771601,240.89827028310776,255.3074025196451,239.80740278270534,248.61797254691126,232.9644235367597,233.3702599515081,265.81226053627256,242.79203900884733,232.4686762754207,268.8562612953903,243.89550852687825,260.68684669184523,263.97451435441354,264.9034011991478,223.64025010091845,228.34278980315932,229.10179512750565,225.0466847272221,248.65828931403007,208.61597653373687,250.13754612169106,297.9037745129603,215.61945356271312,212.87684087830013,238.5006077204264,238.2603774842474,242.73336701602534,235.7977618443802,261.65955447833676,294.744212469941,256.8093283156584,274.02630213975283,224.38367097541632,278.97946669858874,228.56154954004924,259.804047111548
1610556032.17Q6yCDx9g7alRnL9jBFXD2JhhUyB2hKfJ,263.251351991535,253.16471716792964,262.3098120198466,234.49679838904768,249.4790663871407,232.20282057975942,246.91892212499945,276.9727612584073,252.2157738405048,275.47356906982867,246.40780960911303,196.17204007643718,296.92920089028235,259.42721773914457,242.2890399190328,223.46268196940767,254.35802409876501,253.29491940113076,237.44522931422443,257.0717446694528,198.41594776898464,227.73357793814284,245.89435090652375,271.6847194885149,235.88718977531363,237.2031675263432,263.2159281321086,0.0,257.3141927005847,245.0298309252851,254.68652419539956,243.57838833281969,274.07165848650794,244.91892487590044,220.31977816163848,218.18084076963962,229.98272702979094,242.9489692977728,243.25476603812538,239.11607547989541,239.4408410057698,219.16761046098046,235.6168365003535,226.0950241271287,239.6895377555105,241.0287442422257,240.68777817251626,253.48676470347243,277.3519499015858,257.42892091746904,218.66630531186087,247.23372973326715,241.13844695226425,270.3013630769573,249.98197368916823,240.75812649993938,225.94868873354696,210.9390188882285,226.04938897490703,238.89602872059638,223.11734788761768,260.85455774163637,289.059790226816,239.52446474636247,267.06359075101017,244.28234238400276,257.7312586823412,216.36751441445668
