,square,rectangle,parallelogram,losange,isoTrapezoid,kite,rightKite,rustedHinge,hinge,trapezoid,random
square,4882.6981059678,5879.265401379279,6475.51446380648,7019.743436940276,5627.96445399211,5427.6069620239705,5308.520967998504,6076.845008796265,5996.896614587914,5761.777795061,6415.73121543245
rectangle,5879.265401379278,4983.397495575078,5725.353995099323,6337.3372224432715,6596.1748079317995,6066.735223465255,6040.613434119347,5835.055598839515,5566.575619286379,6139.108056831302,6771.025343526541
parallelogram,6475.5144638064785,5725.353995099323,5159.249932614584,5736.693360574438,6898.224297463878,6640.181120644079,6487.1180011993965,6131.462013135423,5860.157687268815,6118.562089060034,6628.332558738751
losange,7019.743436940276,6337.3372224432715,5736.693360574438,5108.022552027854,7124.514253988589,7048.651517587576,6940.242000721133,6353.320129583325,6214.514312133558,6263.688124741656,6264.0847258455005
isoTrapezoid,5627.96445399211,6596.1748079317995,6898.224297463877,7124.514253988589,5039.64641871816,5701.62171816937,5592.303364652703,6595.09104164229,6599.642533036169,5850.239200108417,6249.373965656192
kite,5427.6069620239705,6066.735223465255,6640.181120644079,7048.651517587576,5701.62171816937,4909.407076989138,5316.016823327798,6430.674151864919,6383.692825650806,6213.1986956255405,6713.266681082324
rightKite,5308.520967998503,6040.613434119348,6487.1180011993965,6940.242000721133,5592.303364652703,5316.016823327798,4955.213733312273,6338.235741968247,6265.634431625951,5805.916826410546,6541.8056804572225
rustedHinge,6076.845008796265,5835.055598839515,6131.462013135423,6353.320129583325,6595.0910416422885,6430.674151864919,6338.235741968246,5148.853324579017,5269.835209734062,6202.58260275745,6445.416398541543
hinge,5996.896614587913,5566.575619286379,5860.157687268816,6214.514312133558,6599.642533036169,6383.692825650807,6265.634431625951,5269.835209734062,5076.457306643488,6095.514516094896,6442.704490626175
trapezoid,5761.777795061001,6139.108056831302,6118.562089060034,6263.688124741656,5850.239200108416,6213.198695625541,5805.916826410544,6202.58260275745,6095.514516094896,5046.12629387929,5706.4822838144555
random,6415.731215432451,6771.02534352654,6628.332558738752,6264.0847258455005,6249.373965656191,6713.266681082324,6541.8056804572225,6445.4163985415435,6442.704490626174,5706.4822838144555,5153.668589967415
