,square,rectangle,parallelogram,losange,isoTrapezoid,kite,rightKite,rustedHinge,hinge,trapezoid,random
square,14367.200860182566,18270.25204608564,22838.806087292134,25186.749161599848,18228.448591225708,18969.03264995373,17243.863784093708,20168.966740250737,19572.087634214036,20068.26312149246,23808.20942337947
rectangle,18270.25204608564,15508.209544741469,20244.941189462013,23886.90804397325,22114.443962213412,21271.067434164495,20110.392095371746,19718.569832651778,18291.9998906913,21755.198110645902,26314.793934623987
parallelogram,22838.806087292134,20244.941189462013,17692.100366433056,20200.113153302984,24443.603857280807,25873.08340502546,23393.202341182947,21703.658451366755,20217.20983336786,20806.683758110423,24498.229204574007
losange,25186.749161599848,23886.90804397325,20200.113153302984,18069.198309810698,25603.50438647428,28850.854215204625,25670.291776175924,23351.889803861937,22241.811632953217,20542.50655775612,22176.977818085783
isoTrapezoid,18228.44859122571,22114.443962213412,24443.603857280807,25603.50438647428,15304.333464761696,19059.83565293012,17794.91304728236,22728.031335293315,22539.370181822906,19503.247902500898,21944.643663875613
kite,18969.03264995373,21271.067434164495,25873.08340502546,28850.854215204625,19059.83565293012,14296.692640801282,16477.381347832918,24453.330841082352,24346.03320141621,24246.053619897884,28233.183531490256
rightKite,17243.863784093708,20110.392095371746,23393.202341182943,25670.291776175927,17794.91304728236,16477.38134783292,14416.555495044826,22703.74893300929,22379.895833285016,20711.331994507847,24904.285601490337
rustedHinge,20168.966740250737,19718.569832651778,21703.658451366755,23351.889803861937,22728.031335293315,24453.330841082352,22703.74893300929,15876.758509717396,16587.09486582814,21139.947738640873,23645.893394384944
hinge,19572.08763421404,18291.9998906913,20217.20983336786,22241.81163295322,22539.370181822906,24346.03320141621,22379.89583328502,16587.09486582814,15629.67651934344,20489.40124444097,23374.920957994153
trapezoid,20068.26312149246,21755.198110645902,20806.683758110423,20542.50655775612,19503.247902500898,24246.053619897884,20711.331994507847,21139.947738640876,20489.40124444097,15474.614060794473,18024.939444010084
random,23808.209423379467,26314.793934623987,24498.229204574003,22176.977818085783,21944.643663875613,28233.183531490253,24904.28560149034,23645.893394384948,23374.92095799415,18024.939444010084,15419.560459962919
