,square,rectangle,parallelogram,losange,isoTrapezoid,kite,rightKite,rustedHinge,hinge,trapezoid,random
square,1413.5454992823245,1534.952654568999,1586.1209394857867,1639.848230249344,1505.578219509487,1480.430299699599,1473.364078683924,1555.4704140493614,1545.1665664008297,1512.4625563124414,1561.449797140668
rectangle,1534.9526545689987,1413.091362209536,1510.6516614230204,1558.1229190002157,1596.4455337993863,1550.276051085987,1550.9098836555254,1507.6678702339038,1480.1334819095393,1556.5012024106559,1590.1147951868045
parallelogram,1586.1209394857865,1510.6516614230206,1450.7689698959296,1535.2552169285452,1620.3333459393266,1599.141436808679,1587.452124619748,1554.9184427937353,1529.59139261072,1581.942398220437,1612.6472871092672
losange,1639.848230249344,1558.122919000216,1535.2552169285452,1453.0147846609934,1643.7704212352712,1638.4335047767531,1641.3905126943891,1571.820461733679,1558.8538452871517,1606.0435516736327,1597.763588439613
isoTrapezoid,1505.578219509487,1596.4455337993863,1620.3333459393266,1643.7704212352712,1436.2931224358,1516.3507756707495,1515.7055776418947,1606.5658681796895,1601.8967888377665,1533.583918685109,1567.195170974803
kite,1480.430299699599,1550.276051085987,1599.141436808679,1638.4335047767531,1516.3507756707495,1425.6916370190702,1481.2830410744673,1579.5299078715213,1570.8644383069516,1546.02495541367,1576.7358623780374
rightKite,1473.364078683924,1550.9098836555254,1587.452124619748,1641.3905126943894,1515.705577641895,1481.283041074467,1431.6603561582035,1572.7925379901897,1563.0173907689025,1523.657343264123,1580.218795502153
rustedHinge,1555.4704140493614,1507.6678702339038,1554.9184427937355,1571.820461733679,1606.5658681796895,1579.5299078715213,1572.7925379901899,1455.3513082343582,1474.2064883556482,1575.3300960096226,1588.3231569639677
hinge,1545.1665664008297,1480.1334819095393,1529.59139261072,1558.8538452871517,1601.8967888377665,1570.8644383069516,1563.0173907689025,1474.2064883556482,1436.7655015073983,1563.6643971317649,1584.3123209254961
trapezoid,1512.4625563124414,1556.5012024106559,1581.942398220437,1606.0435516736327,1533.583918685109,1546.0249554136703,1523.6573432641228,1575.3300960096226,1563.6643971317649,1441.2398371024624,1539.010437873319
random,1561.449797140668,1590.1147951868043,1612.6472871092672,1597.7635884396132,1567.1951709748032,1576.7358623780374,1580.2187955021532,1588.3231569639677,1584.3123209254961,1539.0104378733192,1449.922233423331
