,square,rectangle,parallelogram,losange,isoTrapezoid,kite,rightKite,rustedHinge,hinge,trapezoid,random
square,550.09699783999,701.8631465956975,932.558464319439,1070.7861228177424,965.3073574977731,874.3993403636281,845.7395579509885,1013.9424196663496,952.8240840586477,959.8290901398962,1083.7639555647163
rectangle,701.8631465956975,596.4683013588779,902.2870671534656,1077.5876110019724,1047.0102947050134,950.0112916757457,920.7908828881128,1016.9348466063553,934.7114275321354,1013.1620197614,1142.8774743442682
parallelogram,932.558464319439,902.2870671534657,716.0921579272123,863.6111319035037,998.8511717665724,957.1192268474074,922.2254009411777,962.8881266339238,914.2558299926949,918.3081477860019,1049.4334363035161
losange,1070.7861228177424,1077.5876110019724,863.6111319035037,706.2617733947882,981.3816440766677,1002.9076088068523,966.993523588435,959.1052557320706,959.2145942253403,904.153142461525,956.0601411725684
isoTrapezoid,965.3073574977731,1047.0102947050134,998.8511717665724,981.3816440766677,608.3950997578597,811.7803138001342,749.4435428428485,877.6008418689075,911.4822910034814,831.9720912076282,853.6510618686997
kite,874.3993403636279,950.0112916757457,957.1192268474074,1002.9076088068523,811.7803138001342,654.7858581339689,697.8891146459439,919.4644910198784,906.8858314566422,921.6536349116498,977.2451178247851
rightKite,845.7395579509885,920.7908828881128,922.2254009411777,966.993523588435,749.4435428428485,697.8891146459439,583.5529870410872,859.3005648183207,858.7749120988997,841.658600691513,924.7067689428438
rustedHinge,1013.9424196663498,1016.9348466063553,962.8881266339238,959.1052557320706,877.6008418689075,919.4644910198784,859.3005648183207,601.5152969864663,684.9688578899601,939.6978701948584,927.4358881901454
hinge,952.8240840586479,934.7114275321355,914.2558299926948,959.2145942253403,911.4822910034815,906.8858314566422,858.7749120988997,684.9688578899602,642.2334187208478,935.0488389035306,955.6016705483161
trapezoid,959.8290901398962,1013.1620197614,918.3081477860019,904.153142461525,831.9720912076282,921.6536349116499,841.658600691513,939.6978701948584,935.0488389035306,705.9322554409279,847.7081367304309
random,1083.7639555647163,1142.8774743442682,1049.433436303516,956.0601411725681,853.6510618686995,977.245117824785,924.7067689428438,927.4358881901454,955.6016705483161,847.7081367304309,696.4042477353731
