,square,rectangle,parallelogram,losange,isoTrapezoid,kite,rightKite,rustedHinge,hinge,trapezoid,random
square,0.08556718140327348,0.09947966855864346,0.11303650616673168,0.1243892355692251,0.09670496665458057,0.09392476009397813,0.09223010762175107,0.10542632100271762,0.10312738620611801,0.09975677649037816,0.1120262422047863
rectangle,0.09947966855864346,0.08597120227869566,0.09997464946533074,0.11223660818901697,0.11336783620720839,0.10450557279859612,0.10369691199364538,0.0999534183073732,0.09486115929247804,0.106565277956338,0.11948463868620501
parallelogram,0.11303650616673169,0.09997464946533074,0.09409344033946446,0.10529731335537788,0.12152821824427978,0.11779911829325351,0.11381358037779772,0.10921913653882491,0.10387543918839691,0.10944429236381707,0.12078074376672582
losange,0.1243892355692251,0.11223660818901697,0.10529731335537786,0.0963110847788513,0.12657439627928935,0.12683265989205605,0.12406430117320762,0.1141699680226283,0.11139191043107177,0.1129891874806215,0.11559503403240577
isoTrapezoid,0.09670496665458059,0.1133678362072084,0.12152821824427978,0.12657439627928938,0.08947505019099908,0.09889630640708015,0.09791206351184834,0.1164465344594575,0.1155263470140852,0.10225529582984437,0.11027577574781036
kite,0.09392476009397813,0.10450557279859612,0.11779911829325351,0.12683265989205608,0.09889630640708016,0.08857408929975485,0.09395512158108935,0.11295646415384894,0.11126362071560092,0.1082006177711257,0.11839568965306008
rightKite,0.09223010762175107,0.10369691199364538,0.11381358037779772,0.12406430117320764,0.09791206351184832,0.09395512158108935,0.0888180803782657,0.11127980959913994,0.10919850513828137,0.10113098368234026,0.11529183512601722
rustedHinge,0.10542632100271762,0.09995341830737317,0.10921913653882492,0.1141699680226283,0.11644653445945748,0.11295646415384894,0.11127980959913994,0.0919179177287217,0.09290266730176645,0.1103998561545723,0.1159797252961714
hinge,0.10312738620611801,0.09486115929247807,0.10387543918839691,0.11139191043107177,0.1155263470140852,0.11126362071560093,0.10919850513828137,0.09290266730176645,0.09004283896375226,0.10777685901631745,0.11547422932554831
trapezoid,0.09975677649037816,0.106565277956338,0.10944429236381707,0.11298918748062148,0.1022552958298444,0.1082006177711257,0.10113098368234026,0.1103998561545723,0.10777685901631745,0.0911550565562057,0.10301105185717342
random,0.11202624220478631,0.11948463868620501,0.12078074376672579,0.11559503403240577,0.11027577574781036,0.11839568965306008,0.11529183512601722,0.11597972529617141,0.11547422932554831,0.10301105185717345,0.09553999839674701
