,square,rectangle,parallelogram,losange,isoTrapezoid,kite,rightKite,rustedHinge,hinge,trapezoid,random
square,0.26923757393396147,0.3215866385134086,0.4589590929785306,0.5589367383943538,0.405312310109245,0.39754524744026765,0.3462228292724894,0.42204387648897457,0.4074929175952675,0.41345041188395076,0.5059367899138109
rectangle,0.3215866385134086,0.24992116695284217,0.41526583519292265,0.5369373864112175,0.4701115668259546,0.43165459508841236,0.3890894230121658,0.4129817254388166,0.3860157921937707,0.44106963996169335,0.5384035177823747
parallelogram,0.4589590929785306,0.41526583519292265,0.3268792875487004,0.41799313172074415,0.5010331315981408,0.5057833691323836,0.4594541211733541,0.46002510196795054,0.4470002857129753,0.42409098287054126,0.499543380633646
losange,0.5589367383943538,0.5369373864112175,0.41799313172074415,0.3330473074885678,0.5418864109907838,0.57483069395223,0.5388471887607902,0.5315290951149071,0.5400676150003679,0.4594949675125574,0.48344601817337285
isoTrapezoid,0.4053123101092451,0.4701115668259546,0.5010331315981408,0.5418864109907838,0.30994401716155795,0.411207370985971,0.3665208871384524,0.4602049016626779,0.46676531074864913,0.394889424843772,0.4430680622625965
kite,0.39754524744026765,0.43165459508841236,0.5057833691323836,0.5748306939522299,0.411207370985971,0.3367925950084512,0.3567749672509868,0.4550036061257493,0.4518750761967109,0.4663436383565795,0.5183732752096167
rightKite,0.3462228292724894,0.38908942301216587,0.4594541211733541,0.5388471887607902,0.3665208871384524,0.3567749672509868,0.2932429345353829,0.43429071092788296,0.4331859740879275,0.3988177339150369,0.48281658844843645
rustedHinge,0.42204387648897457,0.4129817254388166,0.46002510196795054,0.5315290951149071,0.4602049016626779,0.4550036061257493,0.43429071092788296,0.27926098978248254,0.30914052620892135,0.44995505613407244,0.474078243853765
hinge,0.4074929175952675,0.3860157921937707,0.4470002857129753,0.5400676150003679,0.46676531074864913,0.45187507619671086,0.4331859740879275,0.30914052620892135,0.3048858676396342,0.4515723385520345,0.4877340178745855
trapezoid,0.41345041188395065,0.44106963996169335,0.4240909828705412,0.4594949675125574,0.394889424843772,0.4663436383565795,0.3988177339150369,0.44995505613407244,0.4515723385520345,0.3254869754028024,0.4015294488312361
random,0.505936789913811,0.5384035177823746,0.49954338063364595,0.48344601817337285,0.4430680622625964,0.5183732752096167,0.48281658844843633,0.474078243853765,0.4877340178745855,0.4015294488312361,0.3546600189441029
