,1610555604.25mOvVXuL01OCiReyVWBfesjuvXmB3MoPy,1610555605.43B6oDsBtWRQ29Q9UMQuTUEPZy3FSSWXzc,1610555610.92HPGJJSmyPM40z7otPBgHalNrHFA7zk5d,1610555606.68LaSQbm9EHAFycEfFtEqAwYqlBsQPjIRW,1610555617.19EKxMEwDHfXiEJZc27TsGoERaD6Da4BZU,1610555722.52PJ3FD50MGhRXyUD28vluU8Z9UjLJLZn4,1610555617.52Ijr5puT55g9apK8auM7zaxa3NANg502t,1610555638.77ZLjTLkz4jYJdFMI2wWBztzsDILkoOtAk,1610556912.46C7tJPLF0XfNnm8f1820X9aLmXMHoc0Dw,1610555617.51LjzIROg0aeCP2GhDcAVQ0LipKJB9jmKc,1610555608.17OpjjHobqRkX0UPcaXrbu7K6L3805SZri,1610555721.82zWeNZfGUUfRJkgnAwlP8VMhPzXctnSd4,1610555735.75bom85BDF0C7W2eIseHeMxi24qR68nzMi,1610555735.77NnT5xqKnwcf2BbjIekeb2arTQj6QMNwk,1610555638.33wjf1PhdNaoWfbRzXVn50hmFyB5bYAiLV,1610555606.65jCE4ig8Pu8kvAzkxnSGfWsV0nQBjCf8H,1610555608.18ONsBCVo1i7BrX0XG9stct4oiA6ejX9Oz,1610555721.51RNoQUMP19FTMS79BmA3JkgSm2IC2AQuQ,1610555971.86O0cHB2ibBJ8jxoObg01EpGe8VVV5mpwn,1610556911.51zU3duZSGpcw1BDNsBLxdOCITAXwl6z3i,1610555988.71dMoYT8250UHHJGxgmITTmbHe7V6gH1yU,1610556042.81mlUZsSp7gbGjrp8jQSnybT1gPy6e62o1,1610555637.02UBW5nKvDyUrKnaWcYRGajZPxTRDS0q3N,1610555619.13oUYNikU4facCTpUSiSLr0vPI0tJLnXiT,1610555721.03nzkucfjAUh31zTbmCVvTVYqtjoxZFnBh,1610555722.67fhKURdXVzRbLIjXmjRwdJHTnE7PWb1AE,1610555638.39J2ZWBLuLTHP0jOlzB4tNHmYeijH5g5YJ,1610556032.17Q6yCDx9g7alRnL9jBFXD2JhhUyB2hKfJ,1610557007.49MyVgDnuUuBxrvL6SGOdhKf69VYlW1MSm,1610555638.44hjT5hbYdKoE3MB6hijrjqbjmLgvCUYKD,1610555608.13zUvmFSCRt6SsLbhqFznMEvGx54GPGQzM,1610556038.62a5C4ynd1AARyAhTv8a58NCqHvXRjscqH,1610555644.45Xse8u7pusHNsd7F3d0A32HXvXr6weOJE,1610556038.62gKXOCG7XCn55eJvyl5voNjbwOW0znQDq,1610555987.13v0oleKK97pkesp6oMgprH8SoSdoDVdIO,1610556964.96ZLLeiQW0qpmxhPGTg7K03fmzkqsC2bjC,1610555987.13VQlEedQ50VvkPMEMzZDv3KNnQCewykN9,1610555982.186TY6MMGkDecIN1woW6vsfAMXVV7jnyjO,1610555982.673LuMndkwkvdmZOn0MmE2Pkidx0FtNalb,1610555733.38zItcuH7gHNfKdALR2d9Nek6bxCyw36Vm,1610556034.15BQxSbZINGCay0yp6RBVlgcPrw76Yn9ON,1610555639.37BPZpgtGml8qUsh9AdV4m32jPLfI2aNFq,1610556965.57S0adAalhWYe6K3bkZU0bRHbqnDK8gGkR,1610555983.54zteLPCMjyrjzPdhHhlZr3faCgD0TfYr3,1610555987.79rHnNRmt9a0ufmnwCvZqBouyUoZDNpylW,1610556960.041xWER61rmArlsKfiMl4frikWmUCnQ7op,1610556035.13a7NHZDutfTMJ88qle1gTYY59Dr4WmMsj,1610556890.456ZBDaY16bMtrTZTqAgHl3wq1tRxzqDow,1610555760.24e6890pkbyZ97Or6croI1rQgjkSsR0yVt,1610556043.02YpWMIJg3W004iqlPyv8OcVAZdSC5rNYw,1610555987.03z05P26TLtONYM1HSzupoc2CeNMa6HTqr,1610556032.15OYCzUxpsz7b10AXBAuDXrvEcvxFhf0M7,1610556032.63Z80yI9pNwS3jSmsDABbuhf8wkNa2Ze9y,1610555736.28eGuESasTXdR3SqY6pHhEXWZtcdciYLCO,1610556034.61bebeZA0MkaFG2sm3VKiqrxeqQginTTW0,1610556944.5XwXOphKYT3ZkWA8gViqOS97VHVuMVUqb,1610556944.745UVLFBzf7fPh4UH37I6tYQOFPqRDytEh,1610556034.63XsUwaFaPZevO1JNFjfhvY4aKNFnV4noV,1610556964.89xwBHw9faT1HjQRMNQEyA4qJ3hWkwgj3k,1610556966.74DydzH91jtyvRyYau47JpVkZoMRSNTt01,1610555740.77UueVziDbaXyRR4OcVJIIZyzOfAzN51bj,1610556046.84e3vwjyRCzqz0wJQhrk8zsxlFfFSv98Df,1610556137.99eoPuVrDThKAOvmeprLPb2FWRqIhzUodc,1610555740.73XFwSrmTXJPlaxGZSefh0jOVA8PI3III1,1610556123.88AOfNaz9jSnqU5Czc7okOv1RCrYfKFBTo,1610556046.85nB7NvyoYQeLcOV391Lmmut1wAM8CFGLw,1610556123.89H4pdIAzDthI7bMXMhlIhKUYIQIvtmPPQ,1610555740.87GOYQUJKpkynIS2lFqppYK4b32ol7NeGh
1610555604.25mOvVXuL01OCiReyVWBfesjuvXmB3MoPy,0.0,2856.875679622755,1131.6033326755123,2772.408263988725,2271.2511426998217,2337.3677894290117,2057.2580982009554,1400.7999243318623,1801.4600071286004,2585.1114148429415,2895.6968735319047,2796.5314810607993,2917.849297425529,1798.7335942572518,2918.9672049810447,2656.604933572548,2983.6266137902485,2852.539608328753,2316.181742950586,2633.3097115728356,2885.7942936507334,3066.877954447351,2440.5685734853632,1313.0612910904094,2712.486342293706,2411.856280435364,2159.8670408835324,2808.8754772595103,2981.063374660557,2296.4123313388823,2708.7540074776202,2376.282863293178,2906.4384404847033,2879.4584598051847,2921.608026927248,2717.1256289632493,2815.775796097592,2758.8954185477996,2845.011631294831,2902.297371243453,2709.3609736562894,2915.7366805384027,2911.9089107205364,2638.637528827069,2889.8114037890614,2959.0315422821614,2726.109648103688,2565.025461480798,2605.1869307067595,2759.0215380995446,2637.614865705648,2513.936341328633,2797.789403884176,3110.023531317478,2727.036041111624,2533.7552159232428,2672.773509009774,2671.9533765891174,2714.5091432269746,2562.660902666186,3074.4841699239046,3056.0565727210887,2836.9468098812326,2773.189813059229,2587.472430000302,3040.092774359078,2858.679475936635,3023.268812797434
1610555605.43B6oDsBtWRQ29Q9UMQuTUEPZy3FSSWXzc,2856.875679622755,0.0,2915.325290532311,2522.2247121878518,3061.8954468175284,2855.3900259305565,2848.1964548315427,2906.748641377419,2944.104163904982,2856.9493293586997,2752.930868057199,2879.2692002223366,2850.4657300215167,2826.316530715048,3043.921597769434,2948.0668413086523,2899.8230881510276,2016.2280413342946,2940.3240255539054,3007.0882040107685,2981.9289055516656,2794.232858468112,2848.860626961527,2902.0105722251706,3011.3521386667608,2913.5237338045667,2962.460761694828,2833.315479769936,2786.2439876731414,2677.409420957443,3222.163591068041,2869.3450487136733,2934.717945923956,2784.760458041869,3074.763905780246,3013.5587459522258,3177.2952413805283,2573.286227099301,2515.251669806228,3469.140413626901,2860.749365406817,2793.2090564812825,3240.2984718693633,2824.4368817548807,2431.737305815363,2039.2020907504982,3206.0298870326656,3141.3555789601864,2755.118868312878,3166.860072925976,3018.4064924139675,3139.2145829491415,2972.1828995377255,2717.4154855527017,3150.435819070431,2933.2729540397504,2961.063396005043,2921.753488921445,3115.342229458631,2959.2330519068714,2884.9432512996536,2934.0826975769933,2935.214036724653,2858.4274040399873,2763.5434236632677,2863.572513905228,3222.4178084588802,2879.552048862789
1610555610.92HPGJJSmyPM40z7otPBgHalNrHFA7zk5d,1131.6033326755123,2915.325290532311,0.0,2835.220386765888,2382.9344193693605,2420.2086309868623,2089.8471474907506,1302.9921764305864,1941.0144155301875,2647.182017585262,2939.325361826463,2909.0657116620214,2979.4173547405308,1795.8672400896087,2956.251293752587,2717.604461896974,3061.0743915141866,2911.270262900743,2453.5198111383124,2724.3600354238547,2948.75625818974,3135.9553766586423,2551.865809155494,1147.953070266015,2778.4386237279227,2550.2246859690254,2226.6667494686953,2878.21607053425,3029.82329833268,2383.765324257543,2798.806807472483,2508.0822418099206,2973.924793957218,2941.0404974153503,2938.4993610370775,2807.0919396528043,2867.897054648031,2820.6277671269127,2935.8701261883516,3005.4035470742797,2701.5822402129993,3004.0717859865417,2937.7119635995446,2749.993358828614,2944.274751445039,3010.112026626808,2769.8276701210343,2641.3309745698007,2673.3745747804987,2817.471806807362,2710.4415557251655,2686.6311246095893,2904.7154369160744,3170.4482818591146,2767.108995068638,2598.981276899385,2747.371294458167,2678.152482214118,2799.6356338213864,2676.442067042608,3125.6593542892374,3103.9313609459177,2894.6731063533093,2857.5914461439766,2634.2219157523014,3073.5886156027577,2922.911017458553,3080.6758130934772
1610555606.68LaSQbm9EHAFycEfFtEqAwYqlBsQPjIRW,2772.408263988725,2522.2247121878518,2835.220386765888,0.0,2972.0111841054886,2755.366493021537,2803.8329283274074,2813.7453321375497,2853.691178411942,3097.181608573194,2404.097446178235,2654.7526180101845,3250.4139321726107,2757.1695188121384,3090.4253248349514,2887.4391220989637,2692.362812688144,2695.4187910011287,2786.2419941137546,2983.67421031879,2762.1788449437613,2782.0142555401467,2968.9598176188556,2801.019676323678,3084.4457574896633,2779.564559010864,2773.746060082281,2591.9490538442396,3006.241699388022,2823.0421057280796,3144.67762522407,2921.080430266685,3280.2047690276527,2995.605248027658,2887.4681234444606,2621.626676681363,2963.1233470484576,2914.241638076059,2625.0711830937475,3222.9540721322555,2693.9730157986774,2514.358151334801,2923.0466839949654,2566.6374588909525,2793.7329620080573,2655.877720381508,3189.33854355163,3013.4146819336083,2995.9698833285806,3038.638676619401,2843.9859880306735,3015.815799584611,3082.755036450051,2781.8804638774955,2998.7145262743534,2965.8103177924145,2944.154020399686,2723.5907008647014,2971.9118373988063,2974.1647010394795,2874.8089527447346,3099.1704545573225,3064.4124781175383,2888.574078939765,2789.6952234219284,3044.7719926645996,2956.056178825139,2870.802759941217
1610555617.19EKxMEwDHfXiEJZc27TsGoERaD6Da4BZU,2271.2511426998217,3061.8954468175284,2382.9344193693605,2972.0111841054886,0.0,2600.840680919026,1855.9047518342009,2441.7640627075557,2143.341391519495,2839.611110786762,3001.173715828079,2955.2002603658,3205.5965030508823,2241.9553706054917,3072.70554786258,2802.031827865854,3100.8673849954657,2955.8124103813075,2532.4622559364184,2719.4537222968866,3088.0530176313027,3112.80305657059,1964.0359729422303,2419.561840217579,2716.150192574215,2550.4091842798043,1961.3620692539964,2940.090764020455,3074.582655475844,2156.6163954892627,2771.9079374932876,2318.757678300172,3135.318984463422,3009.26058177615,3135.2168999030646,2786.3242401089774,2971.2214622419215,2848.114284819794,2957.7444162027346,3094.4188170364555,2828.501735107997,3108.7252128288974,3027.7897809300034,2978.826454563624,2979.611040075866,3075.0812787595573,2759.0955794827382,2787.0048758308963,2788.9305059777703,2680.8814360090955,2839.1491434962313,2581.112634826852,2933.413569322535,3186.0402217134865,2783.706762673836,2569.090563204788,2898.4326678748694,2929.5665392372966,2896.4026455550425,2545.267752187187,3146.523338765506,3170.0498131408976,2885.8908273582824,2909.109143605904,2751.879201928455,3188.080982145649,3025.783284120899,3069.9934648226067
1610555722.52PJ3FD50MGhRXyUD28vluU8Z9UjLJLZn4,2337.3677894290117,2855.3900259305565,2420.2086309868623,2755.366493021537,2600.840680919026,0.0,2384.7779608779406,2412.0679087560948,2379.5518925618308,2920.8798582916725,2686.233309066944,2832.8692974313135,3254.7818071467073,2298.273563354874,2930.193695918012,3011.4583474718847,2768.8943003675677,2809.814484441343,1609.1881876238253,2988.611458178945,2803.8688566250166,2753.380415725553,2615.7342559570593,2379.584966960857,2727.691851037135,1510.3025635017098,2527.513865700147,2895.1576692365034,3016.903876311453,2471.5418859829792,3012.111748413424,2402.6035557051273,3263.6972601717584,3108.2740923315523,3091.4268549802073,2798.9934395583396,3093.0447950083944,2979.071413256494,2853.706029346923,3083.7668600062693,2885.2810142010467,2770.758614566206,3155.9849012263044,2684.446885291467,2844.7984733979106,2750.909253560209,2874.507990315314,2678.5886554442764,2961.2244888859477,2769.2706980047274,2768.9086381739744,2614.1177643638325,2967.634273448809,2888.4946418453897,3075.0062527756736,2412.670855051181,2804.8822744482572,2877.558246426958,2862.671032203632,2358.821875415659,2902.4392310868066,2957.4572847780664,3140.730039252687,2651.3982291751367,2910.319244546873,2944.2587059222656,2834.6298567788767,2899.6676462928367
1610555617.52Ijr5puT55g9apK8auM7zaxa3NANg502t,2057.2580982009554,2848.1964548315427,2089.8471474907506,2803.8329283274074,1855.9047518342009,2384.7779608779406,0.0,2148.153445544394,2150.555417696143,2621.1947421560985,2827.5539324061388,2865.566483388449,2967.422923943989,1978.3739746520118,2909.633519878543,2760.0368815625948,2911.624802373372,2844.6278944234746,2404.958528938434,2809.6752465725936,2949.3029463103303,2983.4943319982517,2309.256821720149,2112.0796252070045,2731.6878923964514,2379.339944140245,2214.298367405976,2835.206213583198,2945.389882421904,1932.0192120334132,2866.52705050422,2282.8183990886328,2943.3088578402712,2924.177121816047,3037.8110958268358,2742.186159719302,2987.2171741572815,2763.972857116325,2744.6148466569366,2954.551982916674,2779.063595876369,2983.7484594221637,3015.3797115907314,2792.5810441654708,2865.0820868756236,2869.8345498263643,2835.1507830647342,2783.5062787213637,2651.3351668275113,2707.0610542136133,2780.8373477539662,2589.612137112492,2746.5080222208603,2937.034073067515,2765.4629998788987,2531.939441690942,2768.701693755165,2815.433734676757,2836.4186086850245,2412.8899859089215,3018.509190723282,2992.99578809193,2890.24152717329,2713.669460380212,2624.6684101758037,3008.6727862192083,2946.12791717056,2912.987046535973
1610555638.77ZLjTLkz4jYJdFMI2wWBztzsDILkoOtAk,1400.7999243318623,2906.748641377419,1302.9921764305864,2813.7453321375497,2441.7640627075557,2412.0679087560948,2148.153445544394,0.0,1935.307654144291,2642.346856579563,2922.5529178457246,2804.6135806434954,2999.794739389848,1649.3042690544476,2913.940986140518,2654.3892402018223,3049.3747062166176,2865.1779718915304,2453.6984203452243,2657.083851611008,2906.2674926897403,3056.9258132256773,2587.317136494748,1123.175805094007,2832.861651974306,2527.4340878900953,2275.971319135161,2790.628656848555,3027.5887807491717,2391.530997659699,2817.793658267576,2530.591690263989,2984.8546623537545,2883.4737113815822,2957.9817747762977,2752.555666111461,2817.1736372352098,2817.549610985578,2947.154106116112,3023.918549491407,2646.3836439663755,2938.189398886129,2921.1442050217242,2707.6338685435994,2914.8357377947214,2960.9680191926286,2733.487269524614,2694.322286911563,2635.465554899165,2827.3192266261062,2604.051032145899,2678.0881533048373,2892.8448945305117,3158.9478175110826,2779.8733625727,2642.581095109002,2744.8387584277307,2622.9951722353107,2722.795975813223,2644.4736792757612,3123.2996686818133,3115.986911493313,2879.706250492618,2832.3530975214267,2580.7835196160236,3065.3530755284764,2914.505123772491,3091.43202333907
1610556912.46C7tJPLF0XfNnm8f1820X9aLmXMHoc0Dw,1801.4600071286004,2944.104163904982,1941.0144155301875,2853.691178411942,2143.341391519495,2379.5518925618308,2150.555417696143,1935.307654144291,0.0,2759.945573104633,2928.298547634151,2820.5148015047844,3118.3537602236393,1909.182293351413,2893.172185746039,2743.376475995308,3035.274142999463,2815.150532296448,2203.2438212084066,2690.3880697659433,2872.99352616553,3001.3652585352506,2405.076627140288,1815.1141298223822,2759.0740450292933,2399.6180216432,2220.2398715930253,2838.947268968957,3046.529785169868,2307.3452305635024,2753.925224423127,2379.7585158474276,3080.3123332761247,2920.4699531404826,3006.83933906763,2742.4885304856452,2897.8086169520884,2837.681664854109,2854.2709088714355,3099.5475970121415,2783.617246680277,2945.225757522177,2878.9148537414353,2727.355842600362,2909.3154358753313,2994.795623081994,2677.6710659757173,2586.247932634409,2698.1911332189966,2787.6837264672035,2676.466314240957,2614.5417790304036,2890.2505993684704,3129.3230914286573,2848.6287802892875,2512.575971693923,2762.9658040381487,2761.777082328388,2741.722317208573,2488.228774681641,3032.218981483499,3134.480186770994,2939.666460169622,2792.4911707534666,2678.0383978813834,3062.959350236567,2949.558675886525,2942.8882990935736
1610555617.51LjzIROg0aeCP2GhDcAVQ0LipKJB9jmKc,2585.1114148429415,2856.9493293586997,2647.182017585262,3097.181608573194,2839.611110786762,2920.8798582916725,2621.1947421560985,2642.346856579563,2759.945573104633,0.0,3204.6243721638416,2975.746492865041,1947.249961811183,2664.341972353466,3257.7748532674154,2771.9250819637127,3303.2815069627254,3121.1430297885436,3042.3858843203466,2706.6100116424254,3081.0552554425326,3324.5316112685514,2790.7311591692246,2631.5489640428773,2907.7845918537632,2937.090374053997,2646.4836737770047,3004.4251172246422,3040.1697841852347,2733.193444661152,2801.134416553535,2897.6620989181492,1610.1923324069546,2844.686622489627,2971.2677916981384,3121.507410076996,2973.0192382371756,2763.6259977936907,2967.2094471322584,3091.437088370543,3004.9187433914126,3267.0772678321737,3203.230526998848,3107.803809766204,3141.3045694694542,3186.9307898555708,2951.577301238648,2898.27873730584,1808.4884643917794,3043.3089317683075,2852.7408178525825,2920.2640164536024,2928.8185987678235,3155.3006881970537,2823.820962230147,2966.965905928923,2985.3957454872398,2773.992605156262,2887.8064262309103,3070.1110391252428,3408.9731063478603,3356.571153938932,2744.84703479674,3188.182531687814,2385.158467259209,3356.784566666083,3069.504880718634,3332.252066270458
1610555608.17OpjjHobqRkX0UPcaXrbu7K6L3805SZri,2895.6968735319047,2752.930868057199,2939.325361826463,2404.097446178235,3001.173715828079,2686.233309066944,2827.5539324061388,2922.5529178457246,2928.298547634151,3204.6243721638416,0.0,2627.904385539604,3422.4237827517522,2861.608442873046,2873.1738018561155,3018.0732800251362,1873.813361755953,2511.5395979524533,2708.809434832148,3152.7141363597266,2655.4748222273606,2466.5311549990856,3009.9369002927783,2905.386543574484,2923.985896306503,2645.829400939965,2951.597818439493,2708.570376561344,3024.463969230844,2878.1783753588425,3303.282136402399,2763.074017698858,3464.1094573328683,3168.090267429842,3000.0117937531395,2624.0594308985314,3078.882021743326,3155.5467117813414,2823.2563271265562,3310.353304014557,2796.5958548556796,2262.1890331961918,3009.7809931466336,2807.6178565211007,2663.1415784255714,2314.266532480384,3216.306059080048,3013.570619976941,3207.130874267649,2877.3534769617604,3022.2224387862925,3076.1015652603187,3067.0915866266414,2685.1259534115543,3205.751752933517,2789.0897079627084,2907.637786268626,2961.999962556733,3192.7037307494465,2707.663890340887,2708.7231139581972,2626.5633009389344,3249.521127085575,2528.790310493952,3019.744026702453,2556.281709328015,2949.875805781668,2833.36623865033
1610555721.82zWeNZfGUUfRJkgnAwlP8VMhPzXctnSd4,2796.5314810607993,2879.2692002223366,2909.0657116620214,2654.7526180101845,2955.2002603658,2832.8692974313135,2865.566483388449,2804.6135806434954,2820.5148015047844,2975.746492865041,2627.904385539604,0.0,3226.401872236084,2754.2239533033858,2928.982921282969,2640.737334418468,2751.3366285544244,2543.126206236437,2843.1136988711423,2699.9132835751548,1771.7312359607438,2358.457307246996,3035.122464241743,2822.347079290762,2864.888473876666,2781.783606776798,2882.6527181865536,2261.710425043912,2885.601599477027,2965.8327783253194,3219.674779410223,2934.261812475255,3177.575289666355,2885.329470440514,2654.5269746012173,2463.829039747875,2756.052219054761,2892.8094306999765,2895.6533183790407,3124.6916030513908,2751.1108515817505,2449.4449100464835,2954.092574165575,2715.2617816052066,2852.080714658795,2727.0577442092076,2981.418710422759,2905.7941844328793,2976.440854169717,2724.264616804915,2125.9972270776866,2912.2800391335554,3089.2113872621294,2851.812452156968,3007.561162942275,2980.078585134059,2838.510858570843,2443.569525483232,2755.3642479861983,2934.022770124895,2916.047639421826,2949.4217389021087,2877.871446854904,2809.1872427415387,2790.628482510068,2860.2200755678864,2770.2092474491255,2906.15070696274
1610555735.75bom85BDF0C7W2eIseHeMxi24qR68nzMi,2917.849297425529,2850.4657300215167,2979.4173547405308,3250.4139321726107,3205.5965030508823,3254.7818071467073,2967.422923943989,2999.794739389848,3118.3537602236393,1947.249961811183,3422.4237827517522,3226.401872236084,0.0,2996.4425563473164,3451.9547576488108,3005.506707005694,3509.8439512752952,3279.6341095072335,3352.6484114501395,3036.777204097187,3300.942423209508,3513.3901353244414,3102.0669833720412,2975.6429340066006,3313.3217686917887,3264.272181376646,3062.537314726392,3270.1793388933843,3201.275933465785,3011.671334564196,3088.1100750807364,3178.167625892905,1496.6777886897032,2944.318314222666,3118.3209925870165,3334.3919678615616,3178.3966069694984,2840.578534743939,3142.6284888529294,3404.719886851732,3227.5670515056668,3470.5450991359567,3454.3297384238303,3288.659209325916,3301.932555855927,3296.490900167119,3287.7991916140913,3219.0701850792448,2442.869567166805,3336.434172669833,3175.674267802803,3271.1567397162653,3061.1906544022804,3181.4311476469243,3070.020876992456,3311.428834092341,3312.714392125954,3022.827766396463,3228.320961781739,3358.882104610827,3581.454442288798,3517.5812142400146,2974.145129630372,3440.111695017748,2731.7640858972477,3550.771741723289,3394.868689472181,3524.0520137141075
1610555735.77NnT5xqKnwcf2BbjIekeb2arTQj6QMNwk,1798.7335942572518,2826.316530715048,1795.8672400896087,2757.1695188121384,2241.9553706054917,2298.273563354874,1978.3739746520118,1649.3042690544476,1909.182293351413,2664.341972353466,2861.608442873046,2754.2239533033858,2996.4425563473164,0.0,2867.95907088829,2743.594691551813,3011.6074142430516,2813.464589037001,2289.7204890915664,2645.005443812846,2833.8743169122267,2941.881922690731,2432.720702183986,1739.499036361333,2717.4252370740087,2411.6307297323733,2226.458861380319,2809.6015425315472,2967.0350361550545,2258.293836824524,2775.8097774165158,2515.2881820942875,2965.6826796583864,2928.716120981779,2983.1447460057057,2702.4215051425103,2838.7311154866006,2771.2250604856144,2856.363848843234,2968.283876981987,2684.42828530829,2870.354301159054,2903.400487209774,2708.9257826065436,2805.907680495681,2883.922858200991,2731.7748198363897,2620.761665766972,2583.171378592097,2801.2196012521863,2642.665828745946,2595.775702082112,2848.0554422156424,3085.9353762193823,2731.8310016609357,2536.13436298693,2684.7835194946215,2701.0325354280526,2723.8606210823723,2483.0976341151936,3019.6287084931764,3075.663248501947,2906.5250389421167,2807.5605314672134,2574.9694717128327,2996.13316706177,2926.678647892331,2971.7028710260065
1610555638.33wjf1PhdNaoWfbRzXVn50hmFyB5bYAiLV,2918.9672049810447,3043.921597769434,2956.251293752587,3090.4253248349514,3072.70554786258,2930.193695918012,2909.633519878543,2913.940986140518,2893.172185746039,3257.7748532674154,2873.1738018561155,2928.982921282969,3451.9547576488108,2867.95907088829,0.0,3123.3140773488885,2813.042129964187,2888.2552445146334,2911.0393642900885,3204.714892813771,2925.2001991818106,2860.9863049137,3081.125855569886,2888.456744735435,3077.954432142579,2874.394174825105,2925.201312615992,3125.903517516322,3062.874400621176,3026.14643333587,3194.6664291033962,2862.1372402212496,3460.5638833068556,3333.9030982446084,2969.3219878872496,2796.272461004304,3086.2308724995987,3293.1608151279206,3115.974432587349,3252.1499993900115,2549.2612899015267,2893.469819809313,2809.996408351135,2926.137483048884,2658.841665291528,2978.398385727533,3049.589109802118,3132.8839432667046,3284.4014893631347,2956.6546598053133,3070.0625090986277,3054.2134374512375,3425.8737426855732,3064.904664032863,3241.2263230719386,2945.7904929341375,2826.1688128848346,3065.3506055100884,3289.3791229584735,2915.3020316246175,3127.6897919529297,2849.0046374867,3377.4298283819644,2897.0103713662706,3214.893285587169,2685.273547898265,3180.277644865529,3166.520431842189
1610555606.65jCE4ig8Pu8kvAzkxnSGfWsV0nQBjCf8H,2656.604933572548,2948.0668413086523,2717.604461896974,2887.4391220989637,2802.031827865854,3011.4583474718847,2760.0368815625948,2654.3892402018223,2743.376475995308,2771.9250819637127,3018.0732800251362,2640.737334418468,3005.506707005694,2743.594691551813,3123.3140773488885,0.0,3139.9111223815926,3056.4588352337064,3065.643205508582,2351.701541423707,2809.689028017603,3147.389595331818,2831.653222341306,2678.5191461024438,2920.5124711146664,3056.3644485102063,2639.6678701734254,2583.9720630568336,2859.0388918189956,2834.5933765666077,2734.132982457274,2936.041592861593,2867.6629495308307,2365.092628565527,2293.339001773925,2542.1580894044178,2514.3702142337143,2337.7034604256696,3084.9088544417996,3190.2033638575485,2671.888187721743,3055.6091887732014,3053.699056322353,3087.0242195491055,3033.850668227398,3062.017358573635,2839.5836136834546,2846.1530816365043,2749.42601966897,2866.916634056634,2523.932069329191,2943.3349878383456,2961.631026647348,3182.9906271888162,2603.232886099989,2959.28478322077,2954.5024324144706,2337.2126233192303,2791.21325991665,3045.738665131449,3216.094568615993,3245.1992880804482,2490.3344257117374,3070.987958997821,2590.770767353143,3164.1059926201488,2827.804085284942,3116.1728166850025
1610555608.18ONsBCVo1i7BrX0XG9stct4oiA6ejX9Oz,2983.6266137902485,2899.8230881510276,3061.0743915141866,2692.362812688144,3100.8673849954657,2768.8943003675677,2911.624802373372,3049.3747062166176,3035.274142999463,3303.2815069627254,1873.813361755953,2751.3366285544244,3509.8439512752952,3011.6074142430516,2813.042129964187,3139.9111223815926,0.0,2563.312616550737,2846.3386220254342,3344.431635113818,2660.6817737005726,2414.693897389415,3095.1478352692993,3017.207203200639,2980.580228020042,2669.617374196489,3069.823758191043,2848.8864317796542,3050.7635232701427,3011.2372108159443,3360.554644287139,2759.6490576352817,3592.5222138574773,3339.7877016047364,3116.580833411426,2657.1881408695426,3227.1729580980355,3245.5645269858223,2808.474953998442,3334.9153862208163,2911.278960839663,2333.472681607896,3045.449022730717,2816.797451867178,2702.3258344727683,2466.0951467778877,3240.946939912255,3121.1821211466213,3332.5931861486665,2865.6370357948263,3140.672893880652,3173.2130213059927,3164.3901038730974,2668.8213547777564,3362.8514567117745,2857.9308114659357,2923.9091778051097,3107.0808897881,3352.451299628117,2759.555131269807,2734.376911335206,2537.74669218038,3361.5573846874477,2398.455686775752,3142.484591587423,2436.569234730635,3007.691099567574,2823.8005546671743
1610555721.51RNoQUMP19FTMS79BmA3JkgSm2IC2AQuQ,2852.539608328753,2016.2280413342946,2911.270262900743,2695.4187910011287,2955.8124103813075,2809.814484441343,2844.6278944234746,2865.1779718915304,2815.150532296448,3121.1430297885436,2511.5395979524533,2543.126206236437,3279.6341095072335,2813.464589037001,2888.2552445146334,3056.4588352337064,2563.312616550737,0.0,2843.808620352298,3130.7167034625386,2649.2357795154285,2433.7201664941385,2907.5112230936893,2844.908339540089,2981.9812020611807,2752.4313386473314,2903.890775370025,2719.745176034244,3009.80221386132,2805.3421888228654,3291.132296234344,2813.9090627458577,3328.083797892376,3116.7882327268235,3199.9734417327095,2808.8550035946064,3237.776993246089,3015.6768172556726,2719.2125784184814,3449.156197737247,2844.924847246473,2582.551282804681,3140.7309901415465,2729.1627971599164,2203.670490251428,1897.1057143851046,3093.4634903676883,3111.0979627528873,3105.312669999891,2990.1702882056043,2858.8145380558226,3142.9754889255573,3170.515375368788,2834.5404283203216,3242.6212238819553,2978.6785999596996,2901.834456454823,2961.017190632221,2987.3312850831167,2841.893989662143,2679.4927793121433,2679.554487955116,3191.82923134255,2605.6806931745746,3033.603506887504,2609.6143844786757,3130.22251649651,2716.521311577195
1610555971.86O0cHB2ibBJ8jxoObg01EpGe8VVV5mpwn,2316.181742950586,2940.3240255539054,2453.5198111383124,2786.2419941137546,2532.4622559364184,1609.1881876238253,2404.958528938434,2453.6984203452243,2203.2438212084066,3042.3858843203466,2708.809434832148,2843.1136988711423,3352.6484114501395,2289.7204890915664,2911.0393642900885,3065.643205508582,2846.3386220254342,2843.808620352298,0.0,3031.8685454421748,2858.157933356058,2707.708398249476,2670.0676125051714,2399.0719008160477,2778.1005662985895,1870.2504351173475,2530.9444328144896,2886.5421087400323,3065.655442031609,2471.5557577962672,3072.0970185945275,2350.7940944772436,3366.9550252089334,3190.183994650491,3161.8922605784364,2813.7948132725096,3181.797445045795,3086.924120088814,2875.0812247815356,3101.4458552665233,2912.563707330993,2831.4868837204917,3172.065642700554,2711.791181232235,2909.7301332202533,2848.531053436118,2981.8976866425805,2656.6694606366104,3043.57775586906,2808.5479275196244,2766.9179523562957,2627.4145622418296,3010.662476223665,2939.0748018940662,3112.5219829120338,2638.561205619438,2841.2057909719433,2993.367294126369,2825.1786302344885,2391.2980714143487,2887.7994796727626,3003.749675909222,3170.417825030744,2702.4001548645883,2978.2606002664857,2964.8101060136546,2858.9532867275716,2883.3367154541456
1610556911.51zU3duZSGpcw1BDNsBLxdOCITAXwl6z3i,2633.3097115728356,3007.0882040107685,2724.3600354238547,2983.67421031879,2719.4537222968866,2988.611458178945,2809.6752465725936,2657.083851611008,2690.3880697659433,2706.6100116424254,3152.7141363597266,2699.9132835751548,3036.777204097187,2645.005443812846,3204.714892813771,2351.701541423707,3344.431635113818,3130.7167034625386,3031.8685454421748,0.0,2899.0157081945968,3241.018105570355,2810.4292543677666,2658.065591097548,2880.2813990154254,3047.3632382130777,2581.0369336119934,2775.2808349476168,3029.8715092850607,2872.108344570614,2801.269602743954,3022.325088991455,2803.7555033260182,2657.5173529114595,2719.906047869414,2784.205829813984,2496.9377128016945,2648.6221881443917,3181.5518375020433,3213.1727410953004,2749.380554712502,3134.040287478151,3141.7143123012565,2947.716662422097,2999.8023424088315,3188.4135223485523,2921.287917226547,2793.386882168894,2643.192445507395,3010.0530857156064,2594.2586362536777,2885.9758774269176,3133.6913198320344,3305.498518081052,2604.2821550091276,2999.094540946336,2910.2745045325732,2492.4116346502306,2679.6282019254104,3082.494613797392,3390.383694706908,3396.1143362689722,2472.877186228756,3231.0654379045745,2558.676967914165,3332.472373596175,2983.660971730825,3301.2850391413817
1610555988.71dMoYT8250UHHJGxgmITTmbHe7V6gH1yU,2885.7942936507334,2981.9289055516656,2948.75625818974,2762.1788449437613,3088.0530176313027,2803.8688566250166,2949.3029463103303,2906.2674926897403,2872.99352616553,3081.0552554425326,2655.4748222273606,1771.7312359607438,3300.942423209508,2833.8743169122267,2925.2001991818106,2809.689028017603,2660.6817737005726,2649.2357795154285,2858.157933356058,2899.0157081945968,0.0,2382.709362629234,3096.6230730925063,2883.245745207995,2908.6189407130896,2786.49747477211,2963.4972707704555,2436.611395131825,3014.122164779949,3057.766465102182,3214.458783264518,2991.7794639467106,3277.619884982943,2994.49762913737,2660.7764477642963,2509.1988861721875,2902.5541628871833,3041.57046518849,2900.994423935117,3187.9680825969613,2811.895873318422,2403.0449980190874,2985.7326198537567,2668.4036648843876,2822.715059736584,2722.7271113757292,2933.133030090974,2933.7510215039356,3095.8108780960197,2736.0464629715934,2442.3252652840183,2928.35803792142,3196.3765412122007,2888.8846464395165,3127.9480687026125,2959.124490314715,2891.5010500984044,2472.6929396808114,2864.1068000255864,2965.6903574515763,2843.502364406634,2871.7145990849604,3078.848406545541,2754.3912241424227,2914.4322578536758,2804.0769293935623,2790.5968401359046,2879.4200837785374
1610556042.81mlUZsSp7gbGjrp8jQSnybT1gPy6e62o1,3066.877954447351,2794.232858468112,3135.9553766586423,2782.0142555401467,3112.80305657059,2753.380415725553,2983.4943319982517,3056.9258132256773,3001.3652585352506,3324.5316112685514,2466.5311549990856,2358.457307246996,3513.3901353244414,2941.881922690731,2860.9863049137,3147.389595331818,2414.693897389415,2433.7201664941385,2707.708398249476,3241.018105570355,2382.709362629234,0.0,3051.7288092620543,3057.8745998139375,2991.715305738321,2671.172053984942,3066.906879948349,2628.3008942617944,3085.1405306874863,2926.0909651073594,3439.5941237169704,2738.0594702651265,3563.5979958528337,3262.252868703124,3122.726465083715,2717.8175757752674,3253.2092988351683,3212.630138385592,2853.559572921599,3387.642856813536,3006.0097029293224,2321.680615175667,3111.2956547694407,2822.4120781977913,2646.402572211962,2535.421705982067,3256.3501805485266,3136.503382661577,3278.2367712050113,2846.9203703992544,2918.77597027521,3139.8861080243178,3251.2801748061843,2763.562339705709,3391.778800812792,2919.5524095054575,2886.0806610207615,3021.9940283774695,3153.005296623271,2619.8064109516845,2461.350153720669,2707.776694615026,3305.1685314838946,2441.745531245194,3108.787973809333,2431.3462629657593,2967.449204144506,2553.94099456469
1610555637.02UBW5nKvDyUrKnaWcYRGajZPxTRDS0q3N,2440.5685734853632,2848.860626961527,2551.865809155494,2968.9598176188556,1964.0359729422303,2615.7342559570593,2309.256821720149,2587.317136494748,2405.076627140288,2790.7311591692246,3009.9369002927783,3035.122464241743,3102.0669833720412,2432.720702183986,3081.125855569886,2831.653222341306,3095.1478352692993,2907.5112230936893,2670.0676125051714,2810.4292543677666,3096.6230730925063,3051.7288092620543,0.0,2567.3528932927065,2551.7135095831522,2543.2356451188266,2083.9155002389516,3043.6899014330656,2946.1565094891785,1950.3035622281911,2590.0690985223114,2287.968494482475,3005.942491061644,2964.790823875737,3085.513122011443,2840.899326285326,2973.1550395658314,2604.8830880976584,2792.5791823349173,3065.8484508131432,2789.943963640774,3104.80812456148,3052.333230661465,3044.471899213001,2917.2065799009,2916.526835103456,2693.9268177765375,2760.5235929678947,2622.556096089866,2759.6457349998177,2876.3832605975294,2415.0953088353717,2911.32660912358,3004.662176528576,2698.422947994755,2269.747575048603,2900.8895076135627,2916.089585410513,2920.1782082420686,2422.7385478611154,3081.6103096893726,3155.905692618662,2720.600060421926,2950.328893973618,2597.693066307141,3104.195329596307,3011.0527610418967,3071.6590923116473
1610555619.13oUYNikU4facCTpUSiSLr0vPI0tJLnXiT,1313.0612910904094,2902.0105722251706,1147.953070266015,2801.019676323678,2419.561840217579,2379.584966960857,2112.0796252070045,1123.175805094007,1815.1141298223822,2631.5489640428773,2905.386543574484,2822.347079290762,2975.6429340066006,1739.499036361333,2888.456744735435,2678.5191461024438,3017.207203200639,2844.908339540089,2399.0719008160477,2658.065591097548,2883.245745207995,3057.8745998139375,2567.3528932927065,0.0,2778.5744253450575,2497.879621876361,2222.349356636682,2828.4222938832527,3014.2172837745347,2348.4197848034505,2802.3944330190197,2458.6239752384495,2969.012897610463,2936.8120510125227,2902.1513180583925,2727.3702353214444,2835.7978001050446,2817.365811057224,2898.9210414793624,3006.0350443273273,2687.2350211884564,2926.1255832533807,2934.435401740664,2672.52464483019,2888.3362800584096,2978.151765326294,2729.639454626325,2601.080290802537,2637.362069535195,2805.168318014609,2617.7093718639635,2663.2284610539823,2891.4497541254414,3131.9423348799423,2772.110639975881,2643.7911831800657,2698.9381236276736,2655.6488664747862,2734.7028941787994,2634.967964223851,3082.4784160426348,3092.8646346584037,2895.588595362123,2810.3990088572104,2620.9930597672765,3036.943619992034,2894.071824656527,3042.880295380321
1610555721.03nzkucfjAUh31zTbmCVvTVYqtjoxZFnBh,2712.486342293706,3011.3521386667608,2778.4386237279227,3084.4457574896633,2716.150192574215,2727.691851037135,2731.6878923964514,2832.861651974306,2759.0740450292933,2907.7845918537632,2923.985896306503,2864.888473876666,3313.3217686917887,2717.4252370740087,3077.954432142579,2920.5124711146664,2980.580228020042,2981.9812020611807,2778.1005662985895,2880.2813990154254,2908.6189407130896,2991.715305738321,2551.7135095831522,2778.5744253450575,0.0,2686.443588987453,2733.1006337213507,2884.0604152987817,3189.6834641048504,2667.0291957416885,3014.430858379521,2613.7776325285026,3188.3645625679997,2985.237395594296,2851.9124501867773,2920.950028168928,3012.84046532208,2843.2702868222423,2837.938507840733,3092.846388746983,3095.671042992906,2960.482831968498,3097.545025899984,3096.9087821507733,3040.5649653270066,2882.053948650301,2835.505815427474,2532.736592671619,2896.656689924617,2832.906919699302,2821.890978586593,2751.121444462095,3026.1548892131777,3112.29858311552,3004.2036592142226,2416.0827220561214,2475.8726909742377,2870.911980583845,2889.731707792046,2448.4710109064863,2900.533719111482,3028.5541679059193,2902.6676446387005,2706.0702823491856,2850.78227568258,3038.1797998486177,2858.9071886016022,3003.7861862666045
1610555722.67fhKURdXVzRbLIjXmjRwdJHTnE7PWb1AE,2411.856280435364,2913.5237338045667,2550.2246859690254,2779.564559010864,2550.4091842798043,1510.3025635017098,2379.339944140245,2527.4340878900953,2399.6180216432,2937.090374053997,2645.829400939965,2781.783606776798,3264.272181376646,2411.6307297323733,2874.394174825105,3056.3644485102063,2669.617374196489,2752.4313386473314,1870.2504351173475,3047.3632382130777,2786.49747477211,2671.172053984942,2543.2356451188266,2497.879621876361,2686.443588987453,0.0,2564.2851623239762,2847.790680200435,3044.8515498704332,2423.2830978026554,3012.2535416867354,2311.9589694336632,3284.5408250412524,3195.5779802582856,3126.8185528548343,2713.677192814833,3118.2270681499135,3079.7464713299973,2800.429350478292,3046.9896649030766,2930.777087262136,2706.09039310068,3103.9403724120507,2702.676897739681,2828.275437138796,2779.566930369695,2854.3410926082465,2725.440278401077,2977.9644327524716,2754.5217219969686,2810.207564188323,2665.8336098786635,2908.7546488964135,2859.536816146361,3112.362058106479,2403.0522621797963,2820.1610123480473,2920.7865067639614,2869.2677874738943,2235.1404191120296,2832.196105196758,2901.2251114564456,3182.214322568762,2565.7066004485237,2954.5397984943443,2873.5770257118675,2865.174176030857,2875.5985705109915
1610555638.39J2ZWBLuLTHP0jOlzB4tNHmYeijH5g5YJ,2159.8670408835324,2962.460761694828,2226.6667494686953,2773.746060082281,1961.3620692539964,2527.513865700147,2214.298367405976,2275.971319135161,2220.2398715930253,2646.4836737770047,2951.597818439493,2882.6527181865536,3062.537314726392,2226.458861380319,2925.201312615992,2639.6678701734254,3069.823758191043,2903.890775370025,2530.9444328144896,2581.0369336119934,2963.4972707704555,3066.906879948349,2083.9155002389516,2222.349356636682,2733.1006337213507,2564.2851623239762,0.0,2796.2324628974993,3020.2621294354344,2320.612397637358,2486.3976998912813,2357.4806736816818,2954.9787783022803,2860.9370961539585,2966.1075594315007,2743.3308937126185,2862.683752651015,2726.7366273667685,2929.2571142887655,2981.108643983102,2616.5501783830155,2995.128291014546,2882.372278276516,2909.62099146876,2930.409367261628,3036.1439424493337,2626.8599064255673,2569.8826810366636,2588.083789221176,2438.523543689324,2676.468975040575,2402.6827617638014,2944.71041810913,3152.9583570735194,2678.4009225224127,2593.1576591174476,2823.171001466907,2705.790965999268,2719.2386753340347,2611.937840228949,3094.716315311269,3102.8549715718555,2691.5719403794733,2909.7950226174785,2577.8423817421376,3140.391864901278,2715.8445745579756,3044.7977705869816
1610556032.17Q6yCDx9g7alRnL9jBFXD2JhhUyB2hKfJ,2808.8754772595103,2833.315479769936,2878.21607053425,2591.9490538442396,2940.090764020455,2895.1576692365034,2835.206213583198,2790.628656848555,2838.947268968957,3004.4251172246422,2708.570376561344,2261.710425043912,3270.1793388933843,2809.6015425315472,3125.903517516322,2583.9720630568336,2848.8864317796542,2719.745176034244,2886.5421087400323,2775.2808349476168,2436.611395131825,2628.3008942617944,3043.6899014330656,2828.4222938832527,2884.0604152987817,2847.790680200435,2796.2324628974993,0.0,3011.146633512422,2949.3259640467268,3210.76609938558,2925.4829483667713,3199.5790170857786,2701.478104407867,2801.3391176733926,2607.9316314662983,2919.0178673606974,2772.769548617347,2861.8113309746004,3118.310574153427,2846.6833106666613,2513.000837742739,2896.35730060484,2652.4736151986717,2952.895422923188,2703.7667124532413,2999.630127637759,2946.1853823843917,3016.9693265147957,2868.8227401255917,2490.1949427904265,3020.3700027926793,2989.6571442945346,2975.9937318849134,3087.586208260397,3080.5806501004085,2825.851896926646,2364.4812473499146,2649.309436563815,2955.5722926862936,2806.078328370007,3087.0621730834014,2897.17394947983,2746.571390999413,2789.579914866386,2924.447251160528,2864.5177467446497,2700.4056800257154
