,1610555604.25mOvVXuL01OCiReyVWBfesjuvXmB3MoPy,1610555605.43B6oDsBtWRQ29Q9UMQuTUEPZy3FSSWXzc,1610555610.92HPGJJSmyPM40z7otPBgHalNrHFA7zk5d,1610555606.68LaSQbm9EHAFycEfFtEqAwYqlBsQPjIRW,1610555617.19EKxMEwDHfXiEJZc27TsGoERaD6Da4BZU,1610555722.52PJ3FD50MGhRXyUD28vluU8Z9UjLJLZn4,1610555617.52Ijr5puT55g9apK8auM7zaxa3NANg502t,1610555638.77ZLjTLkz4jYJdFMI2wWBztzsDILkoOtAk,1610556912.46C7tJPLF0XfNnm8f1820X9aLmXMHoc0Dw,1610555617.51LjzIROg0aeCP2GhDcAVQ0LipKJB9jmKc,1610555608.17OpjjHobqRkX0UPcaXrbu7K6L3805SZri,1610555721.82zWeNZfGUUfRJkgnAwlP8VMhPzXctnSd4,1610555735.75bom85BDF0C7W2eIseHeMxi24qR68nzMi,1610555735.77NnT5xqKnwcf2BbjIekeb2arTQj6QMNwk,1610555638.33wjf1PhdNaoWfbRzXVn50hmFyB5bYAiLV,1610555606.65jCE4ig8Pu8kvAzkxnSGfWsV0nQBjCf8H,1610555608.18ONsBCVo1i7BrX0XG9stct4oiA6ejX9Oz,1610555721.51RNoQUMP19FTMS79BmA3JkgSm2IC2AQuQ,1610555971.86O0cHB2ibBJ8jxoObg01EpGe8VVV5mpwn,1610556911.51zU3duZSGpcw1BDNsBLxdOCITAXwl6z3i,1610555988.71dMoYT8250UHHJGxgmITTmbHe7V6gH1yU,1610556042.81mlUZsSp7gbGjrp8jQSnybT1gPy6e62o1,1610555637.02UBW5nKvDyUrKnaWcYRGajZPxTRDS0q3N,1610555619.13oUYNikU4facCTpUSiSLr0vPI0tJLnXiT,1610555721.03nzkucfjAUh31zTbmCVvTVYqtjoxZFnBh,1610555722.67fhKURdXVzRbLIjXmjRwdJHTnE7PWb1AE,1610555638.39J2ZWBLuLTHP0jOlzB4tNHmYeijH5g5YJ,1610556032.17Q6yCDx9g7alRnL9jBFXD2JhhUyB2hKfJ,1610557007.49MyVgDnuUuBxrvL6SGOdhKf69VYlW1MSm,1610555638.44hjT5hbYdKoE3MB6hijrjqbjmLgvCUYKD,1610555608.13zUvmFSCRt6SsLbhqFznMEvGx54GPGQzM,1610556038.62a5C4ynd1AARyAhTv8a58NCqHvXRjscqH,1610555644.45Xse8u7pusHNsd7F3d0A32HXvXr6weOJE,1610556038.62gKXOCG7XCn55eJvyl5voNjbwOW0znQDq,1610555987.13v0oleKK97pkesp6oMgprH8SoSdoDVdIO,1610556964.96ZLLeiQW0qpmxhPGTg7K03fmzkqsC2bjC,1610555987.13VQlEedQ50VvkPMEMzZDv3KNnQCewykN9,1610555982.186TY6MMGkDecIN1woW6vsfAMXVV7jnyjO,1610555982.673LuMndkwkvdmZOn0MmE2Pkidx0FtNalb,1610555733.38zItcuH7gHNfKdALR2d9Nek6bxCyw36Vm,1610556034.15BQxSbZINGCay0yp6RBVlgcPrw76Yn9ON,1610555639.37BPZpgtGml8qUsh9AdV4m32jPLfI2aNFq,1610556965.57S0adAalhWYe6K3bkZU0bRHbqnDK8gGkR,1610555983.54zteLPCMjyrjzPdhHhlZr3faCgD0TfYr3,1610555987.79rHnNRmt9a0ufmnwCvZqBouyUoZDNpylW,1610556960.041xWER61rmArlsKfiMl4frikWmUCnQ7op,1610556035.13a7NHZDutfTMJ88qle1gTYY59Dr4WmMsj,1610556890.456ZBDaY16bMtrTZTqAgHl3wq1tRxzqDow,1610555760.24e6890pkbyZ97Or6croI1rQgjkSsR0yVt,1610556043.02YpWMIJg3W004iqlPyv8OcVAZdSC5rNYw,1610555987.03z05P26TLtONYM1HSzupoc2CeNMa6HTqr,1610556032.15OYCzUxpsz7b10AXBAuDXrvEcvxFhf0M7,1610556032.63Z80yI9pNwS3jSmsDABbuhf8wkNa2Ze9y,1610555736.28eGuESasTXdR3SqY6pHhEXWZtcdciYLCO,1610556034.61bebeZA0MkaFG2sm3VKiqrxeqQginTTW0,1610556944.5XwXOphKYT3ZkWA8gViqOS97VHVuMVUqb,1610556944.745UVLFBzf7fPh4UH37I6tYQOFPqRDytEh,1610556034.63XsUwaFaPZevO1JNFjfhvY4aKNFnV4noV,1610556964.89xwBHw9faT1HjQRMNQEyA4qJ3hWkwgj3k,1610556966.74DydzH91jtyvRyYau47JpVkZoMRSNTt01,1610555740.77UueVziDbaXyRR4OcVJIIZyzOfAzN51bj,1610556046.84e3vwjyRCzqz0wJQhrk8zsxlFfFSv98Df,1610556137.99eoPuVrDThKAOvmeprLPb2FWRqIhzUodc,1610555740.73XFwSrmTXJPlaxGZSefh0jOVA8PI3III1,1610556123.88AOfNaz9jSnqU5Czc7okOv1RCrYfKFBTo,1610556046.85nB7NvyoYQeLcOV391Lmmut1wAM8CFGLw,1610556123.89H4pdIAzDthI7bMXMhlIhKUYIQIvtmPPQ,1610555740.87GOYQUJKpkynIS2lFqppYK4b32ol7NeGh
1610555604.25mOvVXuL01OCiReyVWBfesjuvXmB3MoPy,0.0,1827.4605712690316,379.66467836107955,1595.3561028847355,996.1270796954551,1259.6567877368798,975.7330956068682,597.4270222331435,770.2487867377502,1578.2739107507625,1834.1460494201935,1633.7694523743025,1862.23754463872,787.2308951809844,1761.35367669693,1476.112156391316,1962.9536081303718,1778.755300490167,1166.7773384363843,1447.9398035320055,1773.3524363972585,1932.2071090789789,1210.2860447320245,489.9657384597162,1481.2679760868562,1370.7177005362842,959.0385238114441,1668.6164437937118,1784.8686288052777,1143.1674879282505,1424.6259191001545,1192.9036641711768,1882.720994993451,1731.4174698223765,1699.6834274991502,1562.8700143147144,1626.4154447528902,1581.8319121985467,1682.3355287076154,1765.478987659197,1571.2884079867902,1838.6413706934147,1738.640487195914,1579.8954748917238,1829.9624346395458,1865.6280645773702,1583.7647873022079,1311.4669603987516,1568.543347307198,1455.0733439065764,1425.7003660905934,1219.22497185015,1676.1620103525408,1946.4616063290184,1418.8393205356494,1366.5566930618743,1470.6727646529903,1579.3779405146145,1412.4552450006681,1369.762498302124,1918.728833150556,1998.5416432043905,1644.3010349162073,1766.0956237965474,1502.771827227453,1996.5707089774928,1625.7303222161515,1843.9834035840327
1610555605.43B6oDsBtWRQ29Q9UMQuTUEPZy3FSSWXzc,1827.4605712690316,0.0,1796.0224073739525,1623.3879460941962,1812.0490106759235,1836.909657066573,1709.8507577462492,1858.7742311994034,1855.7637714274367,1803.135074767542,1826.7245636899709,1921.90807924516,1771.6490859499643,1786.3866097006062,2054.4560641721964,1850.5977478230748,1950.5220840622424,1325.2949443615864,1850.4658361463541,1895.4281299735499,1943.2823840818435,1934.6298542103616,1637.4830142065634,1823.2554952148937,1941.517147683697,1928.2113227517941,1791.0738276050029,1967.7848190320415,1698.2450373806491,1512.1207132859977,1949.3791160301937,1817.3362136956346,1907.1817699081414,1822.851174658783,2023.1341753908096,1922.8054063965803,2073.4173235034323,1617.8715994085396,1458.1792675476077,2377.0253655528763,1869.1457566582624,1922.562537112765,2277.8700440797206,1780.9906075022645,1551.2696408533093,1280.2114868807007,2089.7121928536035,1926.3514138675325,1706.9960397241714,2012.568389576481,1907.7182542323362,1865.398351822275,1957.564154347844,1692.8835025532355,1884.6116871460677,1859.396637342633,1940.295773176823,1874.864657393624,1954.9583728521538,1910.9875340462888,1999.0713121049641,1971.4106933708345,1756.3401734753782,2019.3653422160437,1653.2860497515035,1951.2651850686807,2148.5108170059866,1967.2214865401338
1610555610.92HPGJJSmyPM40z7otPBgHalNrHFA7zk5d,379.66467836107955,1796.0224073739525,0.0,1546.3629223507198,988.9983817586779,1268.6140622871037,945.8227490111557,524.2709408792294,794.0118490404668,1559.3735265746525,1801.0451514022507,1614.7121447708412,1848.6928737770702,735.5883414706293,1738.3139706175741,1426.6575752878555,1946.238803022337,1772.7076908132635,1194.059187271799,1410.5189896320762,1747.685962081321,1921.3332981344215,1221.6259495587726,452.2837784615489,1475.5316237189452,1378.0631888332264,939.6784159307405,1626.9270365247953,1754.854885703593,1129.9082797411293,1409.9790134889236,1217.1895184242587,1866.1020642652236,1686.248253814867,1669.4556843721641,1522.857527608136,1591.1685522574655,1554.6100359552886,1687.8247195912886,1787.729492052268,1523.9233919193143,1813.172646053163,1700.37646408085,1596.05907449444,1797.198887107655,1843.0787669589795,1561.4071889002998,1304.087607415364,1532.827566658697,1437.7596006721512,1402.9868261861461,1227.576803265797,1688.6776707914632,1938.8862426127914,1384.8581350226607,1379.442879868697,1465.8568331783006,1529.6950057797108,1403.9645072914543,1376.5592043541628,1915.7350645181818,1975.2562546760926,1594.3340871523037,1763.05708605234,1457.8028268130663,1977.3848159197157,1579.905886404924,1850.2095474741568
1610555606.68LaSQbm9EHAFycEfFtEqAwYqlBsQPjIRW,1595.3561028847355,1623.3879460941962,1546.3629223507198,0.0,1595.1516885341434,1674.1251872800515,1595.738185509664,1573.495455782263,1617.8370063573464,2039.079553512653,1341.2980841978745,1487.6744967032623,2224.5503597152588,1546.2786775908592,1851.6897592651933,1773.1619161736903,1663.545485025889,1547.2584646717037,1577.3863742272654,1690.245442651968,1610.5608651090508,1724.4956738058995,1676.4767527479926,1545.6487990852008,1851.6508005997641,1728.9203883505581,1480.9175766796698,1578.2267134870028,1873.5100460239635,1579.1444046789516,1869.445298636778,1729.1183171941439,2272.865338654779,1927.7519834089023,1848.3567852720364,1466.3341859604227,1879.5287091974776,1868.5842429625552,1553.2161797347771,2130.254452462467,1564.9925724614466,1519.4483451868145,1907.163475666349,1494.6206210320122,1650.3150769183078,1572.4859502353186,1955.069079535137,1757.032537143526,1926.8770909245573,1837.659534148074,1607.6122396292824,1674.0524744804973,1997.30486294057,1771.7709340925965,1736.4954043455512,1813.5538897167846,1761.7352812858444,1648.048423439395,1700.3505818812685,1766.3958261003663,1785.8323718939703,1981.4287228641433,1863.150870519672,1822.5806048926129,1686.5829311606883,1905.8889805527974,1832.752904765779,1801.5777164054007
1610555617.19EKxMEwDHfXiEJZc27TsGoERaD6Da4BZU,996.1270796954551,1812.0490106759235,988.9983817586779,1595.1516885341434,0.0,1270.461833436855,920.5203759116127,1073.2968721104671,896.5984811604037,1699.5410410273678,1731.1748733460208,1635.849337227587,2000.4727489753059,953.3226842342075,1744.4157260036498,1513.814672559915,1839.7582012396474,1732.649587022655,1209.739601888151,1508.6020258937936,1752.7745915495352,1799.905947899125,988.553646260983,1012.1628333627593,1424.034052165924,1354.7701745581323,862.4567746911018,1675.464836199672,1821.9078176642256,1082.4355578821248,1476.0284636422348,1054.0887007651022,2008.390420431591,1777.4290504632615,1740.661514824032,1545.5527844382727,1654.801930297487,1624.6882541969896,1666.1190567693627,1898.6468529662816,1521.286462276695,1795.4027496734136,1740.2106139998093,1698.7515558650919,1738.2807628901128,1803.0417424243915,1533.6631094635854,1359.8776516816295,1629.1212668225182,1342.8453517318849,1579.4822342528544,1180.0066233826929,1716.4665464699754,1870.141052311226,1500.0448770353596,1234.8006601835439,1479.853857125624,1624.7366308043713,1602.6466856298857,1270.2151954729427,1788.4781762379605,1924.021182041831,1691.642019666542,1672.6219007435725,1538.1060476654443,1914.2044615512852,1720.0770636722789,1708.2174019909498
1610555722.52PJ3FD50MGhRXyUD28vluU8Z9UjLJLZn4,1259.6567877368798,1836.909657066573,1268.6140622871037,1674.1251872800515,1270.461833436855,0.0,1275.808829393519,1338.177229983012,1189.2529035783139,1988.0684494985253,1647.437037934587,1769.530312063996,2257.1739406419815,1220.1793591274825,1765.4566868543561,1858.230884057949,1701.8771390929398,1678.92505930792,753.7339650296357,1839.6732193739888,1738.191550201266,1691.0418439295559,1317.3007823136961,1281.6484093884856,1553.467487388023,688.3082075098989,1278.1052132806155,1792.5175499705858,1951.9609244495514,1226.5259653541757,1725.0758711944945,1087.6145809201894,2340.0940464570235,2069.1104473951636,2020.3430179226877,1670.0609755422888,1933.2806645375229,1976.8984009918133,1620.1073967528987,1894.2347925134657,1774.6167988578113,1710.9842822276248,1932.3888316922978,1594.5044270489063,1773.2855577420999,1670.844783455096,1671.6279167579837,1437.8454484744625,1990.5620527860942,1510.703229081574,1741.6803195749883,1326.891052701776,1756.5799819253166,1867.3747964469217,1824.9852293892745,1214.5053983411958,1658.950658993633,1818.526660901891,1705.2857487513606,1128.8400983949603,1698.7827025175968,1825.8206350327243,2042.2382299456035,1540.204022798147,1903.9014974351608,1818.859782950472,1786.3079029610174,1685.5579616660095
1610555617.52Ijr5puT55g9apK8auM7zaxa3NANg502t,975.7330956068682,1709.8507577462492,945.8227490111557,1595.738185509664,920.5203759116127,1275.808829393519,0.0,1061.5071251655104,1023.5761126104683,1702.2583250968844,1749.5203180886958,1722.5122918717757,1943.9960743599693,893.9248197136463,1799.7665660422188,1583.627643336777,1871.8334272877985,1761.0001196009641,1205.550667261536,1606.7573270537496,1829.9376689956196,1847.0013524934745,1209.3242332445839,995.829004575479,1522.6358667154357,1352.3153965812141,1115.105746736623,1731.365320964069,1738.0290583549097,878.2422757481811,1577.2121434422952,1093.4280841018913,1991.7762121607957,1743.1406895181135,1804.9550923071681,1574.9554748798134,1782.9728955224114,1597.1660477243663,1556.4653259413394,1893.0890269974736,1668.7190155863198,1839.1640707898346,1839.435244003934,1674.4649484569345,1797.3687698742704,1728.6582531420302,1723.3902609849679,1445.7136321205337,1639.0226401126272,1495.0497540814135,1624.0033198216663,1255.6740158759326,1575.4779489985433,1780.4979041624838,1572.7084296431842,1330.9268533635523,1502.6362544852047,1728.4745485498781,1592.890218665307,1266.7010151151358,1828.800996443388,1919.6503292961756,1735.3570952491239,1684.8106331986983,1547.9866682125382,1930.798845908316,1720.8571462351263,1766.6049523911431
1610555638.77ZLjTLkz4jYJdFMI2wWBztzsDILkoOtAk,597.4270222331435,1858.7742311994034,524.2709408792294,1573.495455782263,1073.2968721104671,1338.177229983012,1061.5071251655104,0.0,873.937072420904,1621.0265988018944,1816.6420218667947,1591.521341301097,1926.3881108692526,762.9040182505232,1744.430174677752,1454.0354461516922,1978.0879541434404,1792.751549977341,1281.7775030344121,1445.294849648754,1742.5298393341602,1931.4421168135887,1358.3093245732307,488.3864680035688,1553.9811955792397,1441.3548079235522,1037.0490117734705,1608.7646408563771,1784.4190776468572,1257.8363010586575,1513.4895565964825,1321.0544266269796,1932.7620855771404,1712.2059141735986,1692.4663353185992,1517.6330701752097,1610.845158472822,1639.2959420871261,1801.2203711061245,1869.9408776155803,1533.6504865921486,1806.7303546363082,1670.9783810897886,1597.930841929604,1827.1827788688668,1879.5244295095692,1589.456096038183,1350.5103731986137,1577.0008205141871,1493.9302705555892,1382.0829439030028,1321.5628455515618,1789.49064838233,2022.0697595010329,1453.835121205331,1485.318062348354,1522.9020878698952,1533.606127470849,1429.7970213434176,1447.3463935471486,1967.1987187605152,2010.8460069138462,1616.1171002942579,1795.7395547894064,1493.790708747147,1994.3651156483281,1610.4120930240474,1914.8052544250177
1610556912.46C7tJPLF0XfNnm8f1820X9aLmXMHoc0Dw,770.2487867377502,1855.7637714274367,794.0118490404668,1617.8370063573464,896.5984811604037,1189.2529035783139,1023.5761126104683,873.937072420904,0.0,1700.068352700094,1785.3283812348006,1609.7060620882958,1989.3386788867974,847.3425277497912,1709.8101069219156,1529.5067246665815,1898.2838113303083,1741.597834804924,1061.4177964049845,1523.0306878927745,1720.7251596421231,1859.7816235507817,1183.9574108635113,815.9643598150853,1463.6805294689864,1298.9388944169068,962.5171305956458,1652.0925428011283,1806.6827288037284,1177.4652924985785,1506.7663660780233,1165.4521127179141,2008.9611569402077,1791.7228114102822,1750.9224780183329,1538.0365002539265,1668.4329620112442,1651.1649110987487,1690.161596211059,1854.919955136803,1546.1261387359948,1767.5910633432236,1726.7288453068995,1602.5172228661286,1801.566439490746,1826.3955972051929,1542.9377460153248,1348.6511113865033,1666.9872288629172,1375.2885912885151,1486.153966404982,1187.7700624232912,1706.0766229655824,1930.8897632663409,1522.695223026829,1308.2736371515641,1514.508374527306,1605.1598938531326,1512.3952426547066,1303.0358426990222,1825.8732970781075,1934.5432432940554,1713.2609413092252,1690.6428722465569,1577.4064636686383,1917.3928426852754,1681.849139542564,1749.7409627006393
1610555617.51LjzIROg0aeCP2GhDcAVQ0LipKJB9jmKc,1578.2739107507625,1803.135074767542,1559.3735265746525,2039.079553512653,1699.5410410273678,1988.0684494985253,1702.2583250968844,1621.0265988018944,1700.068352700094,0.0,2386.000184486619,2065.0122548907984,1073.601758901634,1654.6977270333366,2326.398043443597,1540.9417740154265,2528.3359363190675,2284.3084158420206,2052.477252707868,1467.322779888517,2198.472129033557,2547.4561122376062,1634.4170389444653,1615.694603777158,1879.668551870722,2097.2923579748035,1553.3462220418648,2073.5222600027037,1909.3794515247084,1687.9059114716542,1455.5493070727036,1948.0089402345207,817.5075183181915,1688.7437406395254,1836.134360745752,2135.1386391556266,1745.8686395480124,1499.3603892235187,1973.340329708295,2055.3947833634134,1954.6447125872337,2446.1003942141206,2142.019016133311,2110.95012290033,2267.123094206497,2281.185019418689,1805.1904283566303,1733.6631571926298,790.5231679623084,2056.950617379765,1719.2219068016118,1733.349262564194,1879.7520244413274,2250.494945620474,1445.4222562699695,1947.7825049503065,1968.2937753716212,1646.2266163764866,1699.7086003307843,2123.287884257015,2534.9560724487123,2535.967386656775,1446.9076236679464,2426.0586576137944,1198.7914017509872,2578.331206852255,2030.027689100865,2421.5152121489355
1610555608.17OpjjHobqRkX0UPcaXrbu7K6L3805SZri,1834.1460494201935,1826.7245636899709,1801.0451514022507,1341.2980841978745,1731.1748733460208,1647.437037934587,1749.5203180886958,1816.6420218667947,1785.3283812348006,2386.000184486619,0.0,1660.926133099531,2610.4987680598447,1743.5580922818558,1704.73351305507,1959.5328075237715,1147.7610876124409,1511.49772586081,1585.271103330956,2002.5445788111908,1663.435835768458,1498.7046777491003,1781.364185493786,1790.4156244762821,1806.820353934105,1679.4512818871522,1727.41250622412,1725.6117840075458,1954.9923510327653,1750.4464792471845,2089.5427349545416,1710.9824443656698,2655.340597872821,2179.3933754695936,2006.9521984464043,1515.8959508291687,2038.9276133841097,2151.6991104659282,1731.9739269319114,2224.6394614716355,1715.6350630236907,1303.656812325449,1902.1356183382754,1685.11365105749,1600.2596399079596,1356.4571379084716,2080.6853432717967,1888.4684362028618,2285.80029613489,1749.7565621786455,1888.3399375814042,1823.5757041174702,2113.8377525852457,1789.0121061944233,2025.351944652643,1730.7896442691883,1768.9060045303102,1927.7247062724641,1986.2761800270869,1644.7483607047627,1660.5118861758363,1724.9332912717732,2156.4049829878472,1643.7657711011057,2030.7965622560469,1568.8962921478217,1874.8257203954026,1702.0933575877755
1610555721.82zWeNZfGUUfRJkgnAwlP8VMhPzXctnSd4,1633.7694523743025,1921.90807924516,1614.7121447708412,1487.6744967032623,1635.849337227587,1769.530312063996,1722.5122918717757,1591.521341301097,1609.7060620882958,2065.0122548907984,1660.926133099531,0.0,2356.1903018709195,1563.6003553253736,1904.0231540239456,1526.9223692211744,1860.991218571243,1591.2486642790536,1738.6157511177964,1430.2616003880153,1004.8238900149236,1576.2594711304648,1765.3181362269152,1581.4829436566333,1682.3552206319953,1793.3838997963985,1588.3132719881603,1254.3440609188779,1808.4397048061164,1792.9041503408012,1902.121590246554,1859.3044047260523,2267.931247588731,1764.446891688518,1492.2152387356043,1328.1077624298948,1626.5717007050894,1782.3589972847785,1885.6608130686698,1987.2027140743073,1526.6808677071242,1528.7045006662574,1810.6630691732823,1575.7865277259787,1759.588111403269,1759.239704148344,1692.2858448371726,1615.1805479625384,1936.681171742063,1640.5573263635379,1026.2229363954382,1554.8293526982902,2047.8533350614937,1991.106536757048,1623.030764355098,1848.3654967287616,1668.8919311886043,1266.0703923486888,1447.7693651382456,1819.6425825592578,1842.9465458873415,1990.7269631952752,1690.0434644645538,1867.361619711241,1642.074067530042,1869.6036038700888,1636.6822388365927,1811.7931709671159
1610555735.75bom85BDF0C7W2eIseHeMxi24qR68nzMi,1862.23754463872,1771.6490859499643,1848.6928737770702,2224.5503597152588,2000.4727489753059,2257.1739406419815,1943.9960743599693,1926.3881108692526,1989.3386788867974,1073.601758901634,2610.4987680598447,2356.1903018709195,0.0,1934.1037363840549,2556.5977990683464,1848.3258704646576,2765.576798181146,2396.504163279156,2295.6210213702143,1770.8627037368665,2467.1140352871557,2734.4920773682243,1891.701337634777,1903.862845407003,2241.769202031038,2373.344569671763,1889.423144975686,2363.0077254997827,2084.9870056764926,1870.105716313501,1763.6582719050928,2207.294742473476,763.4112735038896,1773.4687712747739,2069.1090371827413,2356.119610100088,2022.159061886822,1551.1362160745002,2098.055214790043,2397.697456322465,2188.6435708551444,2643.4557308529374,2445.7835978926273,2290.7527654287633,2379.934818409961,2406.955721224635,2157.9173872023725,2055.9871105516104,1312.6770827605756,2359.423428754195,2059.148465023703,2040.9266458282193,2086.1470141767654,2328.070158009831,1706.2392472688518,2269.789807347701,2246.4832520022173,1982.2316402611225,2007.0561375903499,2393.983941105382,2716.63918402521,2701.6471889536024,1651.642519279435,2652.9827094355023,1568.3874197161044,2745.598255223627,2369.5158741910595,2605.508175297474
1610555735.77NnT5xqKnwcf2BbjIekeb2arTQj6QMNwk,787.2308951809844,1786.3866097006062,735.5883414706293,1546.2786775908592,953.3226842342075,1220.1793591274825,893.9248197136463,762.9040182505232,847.3425277497912,1654.6977270333366,1743.5580922818558,1563.6003553253736,1934.1037363840549,0.0,1706.0929029060048,1482.247691774768,1885.3430150892364,1727.6055561603453,1147.9745237178192,1442.8982709646425,1699.2338050305195,1820.0700028470442,1235.6286770732454,767.764049161539,1487.1447537873166,1328.595269499633,987.4173485933744,1620.319172796071,1738.519118497758,1102.8298154038266,1472.3341356379872,1198.4601804929052,1957.462309215193,1738.8725141679517,1698.1169771128118,1501.6872034769735,1619.695942983846,1597.3949228102738,1675.7782972243172,1812.1540659204948,1529.6991275426878,1750.9317638573582,1697.077025658814,1588.9628299566991,1742.366020512552,1774.1572265142172,1570.2426974085263,1336.4174708818286,1601.1500195002777,1432.983565573565,1439.095911332454,1200.2781393509892,1684.9904739991648,1903.2731219457012,1440.67196370666,1357.8811973448096,1469.1414837831906,1559.6073912277632,1441.6125895739458,1323.4054820892534,1832.0030257559017,1936.1293157290643,1662.5402976962089,1705.284227967971,1492.562288959884,1892.2386763158695,1624.400538256701,1757.6577141111218
1610555638.33wjf1PhdNaoWfbRzXVn50hmFyB5bYAiLV,1761.35367669693,2054.4560641721964,1738.3139706175741,1851.6897592651933,1744.4157260036498,1765.4566868543561,1799.7665660422188,1744.430174677752,1709.8101069219156,2326.398043443597,1704.73351305507,1904.0231540239456,2556.5977990683464,1706.0929029060048,0.0,1974.350071351713,1702.1279288094393,1843.1802098228081,1726.5343354405277,2042.7997539815633,1878.1362472060944,1839.0291812234427,1819.63863426267,1727.162463031235,1901.8056394756459,1779.4830204743932,1707.4672293150718,2100.5334488268018,1867.6276136677889,1849.6866837976734,1910.2336689297524,1726.2537161728487,2601.1186536801156,2293.7596398109736,1962.8127155658697,1671.553260988314,1901.2960303561656,2221.432626167781,2088.9318311901893,2202.5813344581675,1514.690793179076,1791.3749217420864,1711.2876060994909,1865.09880619737,1682.0268817494998,1907.6897614785414,1927.505517317157,1857.5237659036818,2304.632614493172,1727.5725125575348,1960.3307952009864,1813.965946921344,2398.6498764280673,2075.033052613749,2016.280903950092,1750.1167622523124,1854.8093783939305,2004.2407086529715,2120.04640422318,1744.508379509788,2134.7902878517625,1774.7821721391265,2166.7501085029808,1981.4551527156073,2127.1113565094765,1750.43350907486,1915.8677369216111,2122.5003533331837
1610555606.65jCE4ig8Pu8kvAzkxnSGfWsV0nQBjCf8H,1476.112156391316,1850.5977478230748,1426.6575752878555,1773.1619161736903,1513.814672559915,1858.230884057949,1583.627643336777,1454.0354461516922,1529.5067246665815,1540.9417740154265,1959.5328075237715,1526.9223692211744,1848.3258704646576,1482.247691774768,1974.350071351713,0.0,2131.54168756903,1968.2669630153782,1854.2895034956505,1078.0368398458745,1657.1962009386643,2100.670602905172,1547.8943358403078,1449.4423874649874,1597.8274016468665,1941.6311571510605,1395.2796352897258,1584.0897928652405,1758.867161684177,1647.3262577666114,1404.024520446373,1809.875905302224,1666.3928792776062,1236.1087036860179,1101.4983783388923,1504.4968081323902,1260.1978468343723,1195.779422109673,1986.829406441538,1867.8589536744946,1559.310171930954,1964.6626715263078,1773.3785875164936,1938.2766712124392,1879.5383244057748,2022.6359517725775,1555.1349552860706,1458.5116564363698,1386.1827085085883,1642.7265349186434,1263.4817967300544,1613.0534356978574,1874.1716900147894,2145.0700767374133,1143.52269619746,1842.2871010598017,1632.7096201160368,1168.1544986882705,1378.261692518893,1901.018241195706,2139.5876396080193,2171.675355544313,1064.8105120137016,2082.846070754272,1182.245338340692,2069.680295608697,1528.2396543776006,2049.8134808015443
1610555608.18ONsBCVo1i7BrX0XG9stct4oiA6ejX9Oz,1962.9536081303718,1950.5220840622424,1946.238803022337,1663.545485025889,1839.7582012396474,1701.8771390929398,1871.8334272877985,1978.0879541434404,1898.2838113303083,2528.3359363190675,1147.7610876124409,1860.991218571243,2765.576798181146,1885.3430150892364,1702.1279288094393,2131.54168756903,0.0,1580.8252875025112,1682.9195499840973,2211.1654809595498,1766.9567146881714,1476.771682960581,1863.8797781296023,1941.3321870372513,1832.215595714576,1706.1127237367875,1861.4115630525419,1933.0341035725626,1984.8378895348042,1866.2111456463729,2140.227502017792,1706.0126087794763,2818.833246943624,2379.7208980251357,2174.314161443009,1618.3447071116286,2202.444713251709,2298.217376788508,1788.1026073088756,2309.1238337752948,1883.8168988817195,1429.5632043458074,2027.2696995949982,1792.411053818108,1675.0828682619635,1500.7141506828332,2155.0494715995937,1972.3914504496167,2459.2249304039415,1789.4457239930985,2079.114431841226,1957.6848605599384,2229.8732770036254,1852.6419635760985,2220.261661791053,1711.0931893795366,1839.188343475588,2131.4415628262645,2177.616913920652,1637.3183005729566,1684.594107648717,1594.049958920885,2313.6205155088155,1545.0236736146387,2221.3313941684332,1468.9429577763121,1987.8454326999122,1727.5823109809785
1610555721.51RNoQUMP19FTMS79BmA3JkgSm2IC2AQuQ,1778.755300490167,1325.2949443615864,1772.7076908132635,1547.2584646717037,1732.649587022655,1678.92505930792,1761.0001196009641,1792.751549977341,1741.597834804924,2284.3084158420206,1511.49772586081,1591.2486642790536,2396.504163279156,1727.6055561603453,1843.1802098228081,1968.2669630153782,1580.8252875025112,0.0,1650.9877199059447,1973.6780117235214,1586.2019461085638,1452.9388215057047,1771.94722079669,1740.061859940682,1840.4113175262416,1744.2513022191074,1775.7753387983616,1782.3164432778406,1863.8802025000637,1719.5664340034095,2129.070700042624,1729.4338838256103,2477.350432503284,2090.433922646971,2084.3311049763306,1692.342102416098,2121.682016288351,2008.9648847806916,1691.7203855500309,2354.019720849538,1778.3998256107523,1553.5614301305357,2165.9997588333736,1567.5879304747293,1367.6511310884262,1092.2110463512608,2061.1907380211437,1856.736108527766,2196.8191685281763,1820.482280198544,1755.9675504713264,1850.623466068327,2176.477755328175,1874.2158573142385,2045.0221809618197,1815.683174834476,1781.7709190098365,1915.165507963193,1877.995964582911,1712.2386482528188,1643.8915111049937,1690.3188454645458,2045.6738200749703,1693.821407855865,1978.9353164520167,1577.731151155884,2038.2740996627938,1630.8877202465771
1610555971.86O0cHB2ibBJ8jxoObg01EpGe8VVV5mpwn,1166.7773384363843,1850.4658361463541,1194.059187271799,1577.3863742272654,1209.739601888151,753.7339650296357,1205.550667261536,1281.7775030344121,1061.4177964049845,2052.477252707868,1585.271103330956,1738.6157511177964,2295.6210213702143,1147.9745237178192,1726.5343354405277,1854.2895034956505,1682.9195499840973,1650.9877199059447,0.0,1840.4474135312948,1734.8458253949364,1612.574198732323,1333.8927871683034,1207.721420662369,1573.205242858042,957.3877748698259,1262.1371540183825,1769.8700421682527,1955.7927491621992,1190.9327883865592,1740.886223114161,1101.4009859642633,2372.8047133044547,2062.8631561737384,1995.086437050504,1626.0532711613748,1939.1240013325923,1957.167303221232,1595.4367427330358,1865.5066337091112,1732.7485588433447,1637.7881498417946,1915.853920114717,1575.3137852613042,1756.9685028498452,1675.4577497161947,1755.0219369626818,1455.2941083419944,2022.3277541154537,1500.0121704859798,1742.4994084577538,1298.2100010559204,1742.985823921935,1818.4867043813076,1817.210201705957,1326.2668079894777,1614.3726327454806,1855.0698479408384,1697.9317916445023,1153.3986164557812,1623.222044503517,1818.040770354045,2059.3575464717164,1516.2011478843751,1908.3874968776506,1779.9830207841046,1727.446271510658,1597.0977120382256
1610556911.51zU3duZSGpcw1BDNsBLxdOCITAXwl6z3i,1447.9398035320055,1895.4281299735499,1410.5189896320762,1690.245442651968,1508.6020258937936,1839.6732193739888,1606.7573270537496,1445.294849648754,1523.0306878927745,1467.322779888517,2002.5445788111908,1430.2616003880153,1770.8627037368665,1442.8982709646425,2042.7997539815633,1078.0368398458745,2211.1654809595498,1973.6780117235214,1840.4474135312948,0.0,1606.999083082855,2140.1150535782604,1586.5411962657888,1430.3742575686779,1587.6164338430265,1927.6708087885745,1376.6522278226769,1556.8711461532328,1787.9180127545299,1679.6364705935307,1445.2845509001393,1844.3715359208243,1576.2079549807913,1308.6187621737586,1192.6906234310993,1548.90710982188,1181.7156022269746,1307.5621249758567,1987.3568969304138,1849.4063026621097,1506.9972377910017,1981.1073059910848,1797.7620849304421,1750.1551625386974,1833.1504967003498,2027.9382204589067,1492.4369566584035,1366.2537528295036,1413.2246218142777,1740.031925657758,1144.5695057151327,1551.6049381114246,1944.8753431181992,2128.129244432404,976.253430066762,1876.8299326866031,1555.293056387201,1041.4494977908746,1236.0310716889676,1928.3325335586953,2189.9020823794654,2220.603891130565,1179.6612742110922,2121.052142237186,1151.3306175592988,2202.124185963911,1587.7414827742443,2107.432165599239
1610555988.71dMoYT8250UHHJGxgmITTmbHe7V6gH1yU,1773.3524363972585,1943.2823840818435,1747.685962081321,1610.5608651090508,1752.7745915495352,1738.191550201266,1829.9376689956196,1742.5298393341602,1720.7251596421231,2198.472129033557,1663.435835768458,1004.8238900149236,2467.1140352871557,1699.2338050305195,1878.1362472060944,1657.1962009386643,1766.9567146881714,1586.2019461085638,1734.8458253949364,1606.999083082855,0.0,1529.3140665171834,1823.1720795439112,1719.2504711060215,1769.151724415204,1757.3396054787247,1712.4603528302266,1460.5922915291317,1879.6559145272743,1857.26510361094,1957.9605463813512,1866.9589285133404,2411.0615126064677,1901.4180230137458,1597.3663993434884,1415.6903702268496,1712.062828062095,1930.0624580157976,1923.9799072009173,2027.3111693705766,1598.3009410144682,1466.8709731353956,1910.040110389064,1563.356497185646,1721.4193438444602,1711.2453364079706,1724.301163786583,1661.6162929384561,2093.0533512384586,1705.2932339495735,1328.1585297289596,1634.4271639437243,2147.6588206666274,2009.705539297281,1745.8516581032536,1853.4497168389353,1741.4462926862939,1386.843890342278,1557.7782092912496,1841.8004862737068,1817.1420495328111,1888.839831694494,1843.9957115994273,1841.9365538204688,1815.946607200066,1777.205768344734,1670.9493003892671,1824.9195198784246
1610556042.81mlUZsSp7gbGjrp8jQSnybT1gPy6e62o1,1932.2071090789789,1934.6298542103616,1921.3332981344215,1724.4956738058995,1799.905947899125,1691.0418439295559,1847.0013524934745,1931.4421168135887,1859.7816235507817,2547.4561122376062,1498.7046777491003,1576.2594711304648,2734.4920773682243,1820.0700028470442,1839.0291812234427,2100.670602905172,1476.771682960581,1452.9388215057047,1612.574198732323,2140.1150535782604,1529.3140665171834,0.0,1827.2086338798943,1901.2342800705621,1835.079724180811,1674.459416662827,1881.8566692769532,1761.513976385902,2024.6120569691934,1772.7849331471884,2236.659968511029,1677.8556854862532,2785.3666042541436,2318.0580694290647,2112.898760896524,1638.1720042429997,2210.368922610955,2246.607966572995,1836.184004834739,2343.6213828834893,1964.121982875446,1407.5673688655668,2121.7636766659266,1738.9012737849546,1608.7722785148205,1539.6551531699947,2112.8975637896597,1925.163340797023,2414.1959517812675,1791.931658859697,1884.2406213737263,1911.4787056909556,2214.14783358584,1922.896381494363,2224.6088792583073,1800.959628152532,1827.8193228704204,2006.8608494892544,2010.4961154622558,1550.9453664900605,1486.8413558717477,1730.0377582495444,2252.331623596216,1605.4153441757715,2171.240863205463,1440.819372488369,1988.9242825776278,1532.0062489189868
1610555637.02UBW5nKvDyUrKnaWcYRGajZPxTRDS0q3N,1210.2860447320245,1637.4830142065634,1221.6259495587726,1676.4767527479926,988.553646260983,1317.3007823136961,1209.3242332445839,1358.3093245732307,1183.9574108635113,1634.4170389444653,1781.364185493786,1765.3181362269152,1891.701337634777,1235.6286770732454,1819.63863426267,1547.8943358403078,1863.8797781296023,1771.94722079669,1333.8927871683034,1586.5411962657888,1823.1720795439112,1827.2086338798943,0.0,1282.0923316060264,1373.229505891323,1417.6014860015562,1008.9970868388293,1835.9359584603753,1773.956454405076,974.3357345059258,1381.6781955703555,1080.876398015777,1905.635059928679,1774.6929935958515,1760.8675328474858,1679.324552983263,1695.570269685828,1486.8601895382283,1486.405083386448,1909.1167386125803,1601.078535152244,1876.6047227491529,1874.2193420339104,1794.065006573736,1727.6934966611657,1732.48256417143,1512.0545617245111,1414.6150216987392,1538.7344468314632,1427.3582313766158,1701.0209317023696,1242.5343715911304,1713.9734379675047,1721.039413220117,1519.3439698399586,1037.052980349151,1573.167314121641,1667.820847466566,1705.008387396534,1329.2880648733733,1824.6968216524394,1924.9280465802553,1591.0433579803032,1767.5387172954165,1482.351634009424,1918.0266552949695,1774.2915485926865,1773.7758950380498
1610555619.13oUYNikU4facCTpUSiSLr0vPI0tJLnXiT,489.9657384597162,1823.2554952148937,452.2837784615489,1545.6487990852008,1012.1628333627593,1281.6484093884856,995.829004575479,488.3864680035688,815.9643598150853,1615.694603777158,1790.4156244762821,1581.4829436566333,1903.862845407003,767.764049161539,1727.162463031235,1449.4423874649874,1941.3321870372513,1740.061859940682,1207.721420662369,1430.3742575686779,1719.2504711060215,1901.2342800705621,1282.0923316060264,0.0,1511.6462023990043,1394.1571020555489,983.865841851946,1618.7210145371953,1775.073937440526,1189.660800910546,1467.7026364172243,1251.2098366895184,1920.39106443364,1709.9997341688897,1659.7936869479258,1494.9731628133688,1586.2961422141989,1605.632757005818,1737.2961862670822,1816.2223261828685,1518.316000370165,1790.0658476722895,1677.5824070051094,1585.9489004472182,1795.6102472030393,1840.365207283877,1579.614998729429,1300.3872361079275,1581.574463296543,1461.914764121252,1382.9890297210686,1261.7841329699618,1741.0313134299477,1961.8231214451932,1417.9603629175888,1418.1673094077557,1472.837271890055,1545.7993556593362,1411.6980573146693,1390.267395882956,1920.792366978922,1985.5225223231205,1621.383241636268,1759.2853765008974,1492.7171128067205,1975.1715001930952,1604.7709871910065,1864.5795438345888
1610555721.03nzkucfjAUh31zTbmCVvTVYqtjoxZFnBh,1481.2679760868562,1941.517147683697,1475.5316237189452,1851.6508005997641,1424.034052165924,1553.467487388023,1522.6358667154357,1553.9811955792397,1463.6805294689864,1879.668551870722,1806.820353934105,1682.3552206319953,2241.769202031038,1487.1447537873166,1901.8056394756459,1597.8274016468665,1832.215595714576,1840.4113175262416,1573.205242858042,1587.6164338430265,1769.151724415204,1835.079724180811,1373.229505891323,1511.6462023990043,0.0,1600.7964331178268,1462.8675784341065,1639.1809783965596,2071.4422198443203,1534.5618114714566,1626.6851274225567,1462.45561298861,2119.197852045166,1786.6313660944645,1637.5855293331588,1687.4163560571792,1662.7724749167985,1656.8897873404778,1637.6909306902903,1837.297290158175,1829.0957621118187,1847.7141996917185,1819.9971616299238,1894.486436153257,1850.8558747320237,1791.317315110678,1604.571970542801,1289.8416461270633,1813.901580546778,1510.8458687165685,1511.630824389945,1534.3138745604158,1841.2275107183739,1988.8765927556278,1630.4225745731262,1392.60815922638,1157.5641614194642,1599.4303856769636,1527.8889644374901,1328.7869829002775,1774.8185514473025,1882.9053461264168,1686.6116741125425,1575.5259876948976,1675.097657873234,1900.5699715469077,1553.8179044191445,1752.8624829059754
1610555722.67fhKURdXVzRbLIjXmjRwdJHTnE7PWb1AE,1370.7177005362842,1928.2113227517941,1378.0631888332264,1728.9203883505581,1354.7701745581323,688.3082075098989,1352.3153965812141,1441.3548079235522,1298.9388944169068,2097.2923579748035,1679.4512818871522,1793.3838997963985,2373.344569671763,1328.595269499633,1779.4830204743932,1941.6311571510605,1706.1127237367875,1744.2513022191074,957.3877748698259,1927.6708087885745,1757.3396054787247,1674.459416662827,1417.6014860015562,1394.1571020555489,1600.7964331178268,0.0,1394.7394356057218,1802.1792344636897,2004.8370191557126,1339.3195621750042,1830.3265556392896,1172.7136523751644,2444.800882063526,2163.802539662636,2087.064548339105,1680.3797545985935,2003.3195894766811,2073.0106739524335,1648.3743807639003,1928.8062669408675,1836.5899118864343,1712.032814748381,1971.7404176131254,1636.0368489683026,1817.0290159311767,1723.535650551938,1740.61880593133,1532.272428586746,2089.503026443699,1553.575399333883,1794.9219301627859,1407.8113388306363,1808.5116142627655,1902.9235925079358,1931.8915266669205,1294.6296376976184,1687.5936677163127,1880.296730407792,1777.3932015790497,1152.2327951202299,1675.6462693591684,1838.8628635481089,2135.0691395046,1534.16773335693,2001.0929201365166,1822.9629047079275,1817.967191757536,1678.142636213811
1610555638.39J2ZWBLuLTHP0jOlzB4tNHmYeijH5g5YJ,959.0385238114441,1791.0738276050029,939.6784159307405,1480.9175766796698,862.4567746911018,1278.1052132806155,1115.105746736623,1037.0490117734705,962.5171305956458,1553.3462220418648,1727.41250622412,1588.3132719881603,1889.423144975686,987.4173485933744,1707.4672293150718,1395.2796352897258,1861.4115630525419,1775.7753387983616,1262.1371540183825,1376.6522278226769,1712.4603528302266,1881.8566692769532,1008.9970868388293,983.865841851946,1462.8675784341065,1394.7394356057218,0.0,1649.0199889364083,1770.575498002883,1175.8654929807417,1271.775434224673,1158.8057346054698,1890.5447067565035,1703.890058874661,1646.9785597301998,1501.3171176100807,1530.0677297092188,1563.175421483505,1690.7088385495854,1774.6233665553648,1391.1761476649995,1784.090453483748,1656.5248125419564,1682.8328595469557,1773.2648012894717,1845.9734062010898,1431.9013285199262,1283.346400290425,1513.9440912490506,1234.0455534191653,1490.6314998581142,1128.4429430057985,1713.6847485192557,1909.891901859988,1352.4576727638541,1311.3156752073276,1559.331925270602,1483.6774103508803,1517.6025365974665,1375.6177684124104,1895.377914160287,1945.5014245249731,1578.306981113141,1767.8243491061342,1413.2286066072948,1945.3182198327206,1525.1992152484459,1823.6447518946827
1610556032.17Q6yCDx9g7alRnL9jBFXD2JhhUyB2hKfJ,1668.6164437937118,1967.7848190320415,1626.9270365247953,1578.2267134870028,1675.464836199672,1792.5175499705858,1731.365320964069,1608.7646408563771,1652.0925428011283,2073.5222600027037,1725.6117840075458,1254.3440609188779,2363.0077254997827,1620.319172796071,2100.5334488268018,1584.0897928652405,1933.0341035725626,1782.3164432778406,1769.8700421682527,1556.8711461532328,1460.5922915291317,1761.513976385902,1835.9359584603753,1618.7210145371953,1639.1809783965596,1802.1792344636897,1649.0199889364083,0.0,1984.1708343461298,1824.646725562503,1962.7525535172394,1876.5661106623375,2295.4769536159856,1736.8243954169957,1684.487650243867,1498.2381594984229,1794.3699525238999,1801.508398396451,1848.1811421100251,2050.56901657985,1801.148536513626,1591.4519316057738,1902.921321200413,1649.5894989562883,1894.1781927115776,1770.4545261270032,1848.0332750174662,1688.733000865159,1945.8137451847333,1741.34839072386,1301.6994437681913,1743.9495683379319,1892.0386292475907,2054.0523592710806,1757.9433772585553,1934.4460873204605,1640.946167130958,1351.2268745355411,1417.1695120443062,1804.7530154043334,1742.9156882068942,2087.758337236818,1763.2802468380617,1777.0288964014385,1676.6831854980867,1936.2784237312562,1721.9201566897436,1683.6039875874012
