,1610555604.25mOvVXuL01OCiReyVWBfesjuvXmB3MoPy,1610555605.43B6oDsBtWRQ29Q9UMQuTUEPZy3FSSWXzc,1610555610.92HPGJJSmyPM40z7otPBgHalNrHFA7zk5d,1610555606.68LaSQbm9EHAFycEfFtEqAwYqlBsQPjIRW,1610555617.19EKxMEwDHfXiEJZc27TsGoERaD6Da4BZU,1610555722.52PJ3FD50MGhRXyUD28vluU8Z9UjLJLZn4,1610555617.52Ijr5puT55g9apK8auM7zaxa3NANg502t,1610555638.77ZLjTLkz4jYJdFMI2wWBztzsDILkoOtAk,1610556912.46C7tJPLF0XfNnm8f1820X9aLmXMHoc0Dw,1610555617.51LjzIROg0aeCP2GhDcAVQ0LipKJB9jmKc,1610555608.17OpjjHobqRkX0UPcaXrbu7K6L3805SZri,1610555721.82zWeNZfGUUfRJkgnAwlP8VMhPzXctnSd4,1610555735.75bom85BDF0C7W2eIseHeMxi24qR68nzMi,1610555735.77NnT5xqKnwcf2BbjIekeb2arTQj6QMNwk,1610555638.33wjf1PhdNaoWfbRzXVn50hmFyB5bYAiLV,1610555606.65jCE4ig8Pu8kvAzkxnSGfWsV0nQBjCf8H,1610555608.18ONsBCVo1i7BrX0XG9stct4oiA6ejX9Oz,1610555721.51RNoQUMP19FTMS79BmA3JkgSm2IC2AQuQ,1610555971.86O0cHB2ibBJ8jxoObg01EpGe8VVV5mpwn,1610556911.51zU3duZSGpcw1BDNsBLxdOCITAXwl6z3i,1610555988.71dMoYT8250UHHJGxgmITTmbHe7V6gH1yU,1610556042.81mlUZsSp7gbGjrp8jQSnybT1gPy6e62o1,1610555637.02UBW5nKvDyUrKnaWcYRGajZPxTRDS0q3N,1610555619.13oUYNikU4facCTpUSiSLr0vPI0tJLnXiT,1610555721.03nzkucfjAUh31zTbmCVvTVYqtjoxZFnBh,1610555722.67fhKURdXVzRbLIjXmjRwdJHTnE7PWb1AE,1610555638.39J2ZWBLuLTHP0jOlzB4tNHmYeijH5g5YJ,1610556032.17Q6yCDx9g7alRnL9jBFXD2JhhUyB2hKfJ,1610557007.49MyVgDnuUuBxrvL6SGOdhKf69VYlW1MSm,1610555638.44hjT5hbYdKoE3MB6hijrjqbjmLgvCUYKD,1610555608.13zUvmFSCRt6SsLbhqFznMEvGx54GPGQzM,1610556038.62a5C4ynd1AARyAhTv8a58NCqHvXRjscqH,1610555644.45Xse8u7pusHNsd7F3d0A32HXvXr6weOJE,1610556038.62gKXOCG7XCn55eJvyl5voNjbwOW0znQDq,1610555987.13v0oleKK97pkesp6oMgprH8SoSdoDVdIO,1610556964.96ZLLeiQW0qpmxhPGTg7K03fmzkqsC2bjC,1610555987.13VQlEedQ50VvkPMEMzZDv3KNnQCewykN9,1610555982.186TY6MMGkDecIN1woW6vsfAMXVV7jnyjO,1610555982.673LuMndkwkvdmZOn0MmE2Pkidx0FtNalb,1610555733.38zItcuH7gHNfKdALR2d9Nek6bxCyw36Vm,1610556034.15BQxSbZINGCay0yp6RBVlgcPrw76Yn9ON,1610555639.37BPZpgtGml8qUsh9AdV4m32jPLfI2aNFq,1610556965.57S0adAalhWYe6K3bkZU0bRHbqnDK8gGkR,1610555983.54zteLPCMjyrjzPdhHhlZr3faCgD0TfYr3,1610555987.79rHnNRmt9a0ufmnwCvZqBouyUoZDNpylW,1610556960.041xWER61rmArlsKfiMl4frikWmUCnQ7op,1610556035.13a7NHZDutfTMJ88qle1gTYY59Dr4WmMsj,1610556890.456ZBDaY16bMtrTZTqAgHl3wq1tRxzqDow,1610555760.24e6890pkbyZ97Or6croI1rQgjkSsR0yVt,1610556043.02YpWMIJg3W004iqlPyv8OcVAZdSC5rNYw,1610555987.03z05P26TLtONYM1HSzupoc2CeNMa6HTqr,1610556032.15OYCzUxpsz7b10AXBAuDXrvEcvxFhf0M7,1610556032.63Z80yI9pNwS3jSmsDABbuhf8wkNa2Ze9y,1610555736.28eGuESasTXdR3SqY6pHhEXWZtcdciYLCO,1610556034.61bebeZA0MkaFG2sm3VKiqrxeqQginTTW0,1610556944.5XwXOphKYT3ZkWA8gViqOS97VHVuMVUqb,1610556944.745UVLFBzf7fPh4UH37I6tYQOFPqRDytEh,1610556034.63XsUwaFaPZevO1JNFjfhvY4aKNFnV4noV,1610556964.89xwBHw9faT1HjQRMNQEyA4qJ3hWkwgj3k,1610556966.74DydzH91jtyvRyYau47JpVkZoMRSNTt01,1610555740.77UueVziDbaXyRR4OcVJIIZyzOfAzN51bj,1610556046.84e3vwjyRCzqz0wJQhrk8zsxlFfFSv98Df,1610556137.99eoPuVrDThKAOvmeprLPb2FWRqIhzUodc,1610555740.73XFwSrmTXJPlaxGZSefh0jOVA8PI3III1,1610556123.88AOfNaz9jSnqU5Czc7okOv1RCrYfKFBTo,1610556046.85nB7NvyoYQeLcOV391Lmmut1wAM8CFGLw,1610556123.89H4pdIAzDthI7bMXMhlIhKUYIQIvtmPPQ,1610555740.87GOYQUJKpkynIS2lFqppYK4b32ol7NeGh
1610555604.25mOvVXuL01OCiReyVWBfesjuvXmB3MoPy,0.0,1978.843201056487,430.1513067674199,1738.365214747733,1094.6364835483823,1376.7508043544576,1062.128067663511,650.8752485094441,836.3805660931059,1703.5859393368453,1980.5980587682363,1778.4316784348985,2004.7357130693567,861.592316344207,1895.5397859762495,1620.8909726280847,2108.3619994266874,1929.4822372380295,1273.782865033769,1577.2391275486164,1915.0711435727048,2069.2559318317503,1336.249650104966,542.2973579037009,1611.172406411779,1485.508506608721,1065.1581727715081,1809.9201077944763,1928.690627292876,1250.1637323312482,1569.1746001771044,1303.9615351743141,2027.6087755325723,1879.3673708490041,1838.0458534160312,1698.6936855273254,1768.680181855707,1733.4374789847427,1831.3202636139672,1914.6638947767321,1710.4686087095242,1975.3712638729642,1874.9284948444363,1721.5460021528045,1982.3430492934026,2018.6197982687477,1727.190024631997,1446.5715581342088,1700.4612916470837,1603.0269936379386,1559.3520443546904,1352.8427180552096,1838.2634992387104,2099.738728897374,1560.6462018446846,1485.7288091348753,1601.0313922568155,1709.2403203229999,1547.0616419554406,1490.3610608382012,2055.421773537775,2137.5599745027475,1792.57469791223,1901.2313066348152,1631.6959807711596,2138.9846094217382,1766.9053197330395,1979.475826584289
1610555605.43B6oDsBtWRQ29Q9UMQuTUEPZy3FSSWXzc,1978.843201056487,0.0,1948.9070517880918,1743.1070323168424,1955.8164452559647,1983.4143210818806,1849.9684797422772,2016.6469684327053,2005.491760648667,1956.1222465094104,1958.6314288360866,2077.758674647396,1922.5849387493686,1933.3931520358587,2189.786795233237,2011.148861485842,2084.2255946054293,1412.3132567588384,1996.9295901715816,2051.0545820969614,2101.132682719007,2057.857656617389,1774.1757806155827,1979.494611516267,2085.246962621737,2075.201071888589,1947.3219943754914,2120.6887340299845,1840.6023130937458,1642.3740349629704,2110.773396383461,1953.852505371888,2064.2823211886107,1971.8511605063468,2178.958610516997,2083.1304004150047,2237.018165611891,1755.8903668366918,1564.9334054738295,2551.6638070718022,2011.8204034916823,2057.631608582283,2435.815546870813,1920.9900665214782,1666.6687992935156,1367.6129789954662,2260.1585726714193,2091.1682565625338,1863.9499140906141,2192.300282932717,2070.3349669293175,2035.8286869241956,2120.7985917345277,1820.8624996710923,2039.3357286381688,2001.4847571986188,2083.116411509572,2030.5481949305572,2113.615358026985,2047.5727671057562,2123.778877695204,2092.695469949764,1914.7172746884924,2152.9745564011264,1807.3690270954794,2077.1988761729403,2325.295290158993,2094.12709316524
1610555610.92HPGJJSmyPM40z7otPBgHalNrHFA7zk5d,430.1513067674199,1948.9070517880918,0.0,1688.9736002484142,1087.8682830627467,1386.0192884675316,1025.7322334566195,571.0353063457629,864.7671301190278,1686.566088428331,1948.410633688006,1762.5246856141312,1992.9542423691705,800.8768560038924,1873.0797870022147,1572.2717344084217,2092.0113146173235,1926.5489950668912,1301.7593807879368,1540.3195154442972,1892.2370350737049,2057.8982460087736,1348.20810570534,493.25983467957076,1605.478316694432,1495.0633331849017,1045.4866753265783,1770.1049958956417,1899.4567597096866,1233.927064207,1554.4293892384783,1334.082229029765,2012.534955985998,1835.825511050163,1809.985911278073,1661.0640467958297,1733.094986941193,1707.3349018921776,1835.844260308169,1936.6008356954005,1662.1358777866574,1952.503833503722,1838.0932768395114,1742.0499533542693,1950.680482119915,1998.1927972606416,1707.795336755491,1441.566012438727,1666.3106830217048,1587.3023751195149,1539.2800999489807,1361.7377888450912,1850.3339788419016,2092.3450985616905,1524.2715053639618,1499.8529071941741,1597.4071769571851,1658.95773688645,1541.8085359520178,1495.2053970719564,2052.8403637258975,2116.558657402656,1743.8528410601066,1900.113421793851,1586.6798699234496,2121.5169950939244,1724.1845861372374,1985.6931752980615
1610555606.68LaSQbm9EHAFycEfFtEqAwYqlBsQPjIRW,1738.365214747733,1743.1070323168424,1688.9736002484142,0.0,1739.2080341719409,1817.5400444745237,1730.6095338156608,1721.5426061365936,1760.5456627541028,2197.8089379270723,1454.429660277533,1627.52313777242,2391.7549927969585,1686.5708293689738,1995.1035097936895,1917.5862927062535,1787.1133298440611,1678.2401894632778,1715.2033557501582,1829.9380965844036,1747.9220335157784,1854.8805348387568,1825.398037920878,1692.2965361317715,2004.3555655683185,1870.8779881280532,1629.8718289272042,1714.291683776846,2009.3044145818199,1715.1795936455037,2020.3754428063419,1869.5752617608216,2440.7060530855383,2082.384970878052,1987.9149638855372,1598.5396215442206,2028.3825879283347,2018.4416837882368,1672.4991894224283,2289.1366744755837,1693.495663542444,1640.3013948373516,2053.631851162422,1614.2054955348,1796.9679460375703,1703.9646176366011,2123.3510202316293,1916.3168595651812,2086.7926669462972,2008.9787944993475,1752.4013369306472,1832.5523520169656,2154.1144792276027,1909.4109966972248,1877.4632365315324,1963.3675112377084,1908.6200976857272,1788.0049766474287,1843.2400993567785,1910.0284289010206,1918.2395576573917,2116.5241735156164,2011.4422586971418,1960.488023134234,1828.0097607683708,2040.5734810608576,1989.2920255625004,1937.949200753654
1610555617.19EKxMEwDHfXiEJZc27TsGoERaD6Da4BZU,1094.6364835483823,1955.8164452559647,1087.8682830627467,1739.2080341719409,0.0,1394.447891926353,1007.9546959480356,1172.2684119896078,977.2644540992912,1827.8964194682849,1869.2654730185723,1782.5616009194048,2145.6985957420948,1049.9122302100131,1881.0814077793837,1647.5963762649467,1979.3955629655961,1878.601357874049,1329.897165467196,1634.4912299214348,1896.697328298409,1930.69976113031,1081.4816735224372,1113.212646220403,1543.1975338499612,1476.6713972484888,955.3534764107899,1816.7035207040417,1964.451423713604,1178.892856071683,1612.9897840037765,1157.0609440632877,2154.3740634319256,1919.4052939019723,1877.3491381609317,1680.2570846704834,1789.0070629733254,1763.6453827961243,1809.1985783382727,2051.3741897581635,1651.1589442597092,1936.6921926347393,1874.122772669685,1848.311102529688,1882.5196558123848,1950.1641727625693,1673.8321092791782,1495.7983492115618,1756.5922544577086,1487.018037846957,1720.2135507990615,1311.5321648012625,1870.2662598465822,2015.2015988489616,1634.8135748545676,1342.7291831422262,1605.3830018044232,1756.0835263018466,1745.5782942298345,1383.7270079485645,1920.930898409815,2061.2444884940505,1829.5294504835842,1801.3728665550414,1661.966691595738,2051.9084045092295,1864.654976124004,1842.7374254546685
1610555722.52PJ3FD50MGhRXyUD28vluU8Z9UjLJLZn4,1376.7508043544576,1983.4143210818806,1386.0192884675316,1817.5400444745237,1394.447891926353,0.0,1388.6520044281979,1454.0430246161234,1299.8606149944665,2136.5039550391543,1781.7186633687124,1916.160370472088,2420.198113359428,1327.7130857251332,1911.0535043243353,2011.1130729468975,1837.7455562887314,1822.7360053341806,832.520347948953,1988.160768237139,1875.4893838131886,1821.3611072449073,1459.1153619270226,1397.7359662564606,1692.4276911612246,746.6728765916338,1410.0746097141885,1936.2462206270927,2099.7270719585267,1343.7980716772104,1887.3030769083332,1204.8384812663749,2508.695493620395,2231.1945913591685,2170.767073639509,1809.831963702361,2091.125591787555,2144.3085503999,1764.147230198505,2052.738905771294,1925.729515190737,1844.853373030948,2086.5484896813923,1733.4063130776258,1921.4188710664166,1809.8232230845547,1818.3846121645433,1579.1740558331837,2146.1651919217334,1673.4034617401435,1880.7671267010662,1474.636932069674,1911.7058519311224,2017.088953836938,1982.4806046881752,1345.404218540133,1805.9924948390633,1957.9338157143945,1843.2878886450385,1238.738514023647,1831.8520100524609,1962.4369169991548,2207.236508192752,1659.2928032430348,2053.4207203091114,1956.1518231293014,1937.385431887033,1823.4398115835995
1610555617.52Ijr5puT55g9apK8auM7zaxa3NANg502t,1062.128067663511,1849.9684797422772,1025.7322334566195,1730.6095338156608,1007.9546959480356,1388.6520044281979,0.0,1149.0051357644459,1111.2232269209724,1830.1968783692269,1882.2956749976001,1870.0647412201724,2088.189485161256,967.1355209196307,1929.215341817771,1723.9059160338722,2005.95856224767,1905.6787731969198,1315.5464766336072,1740.6214518722218,1974.2666336035106,1973.5800059331173,1328.7291415163056,1081.0523998892752,1649.3523131034194,1462.7633774569924,1230.100009019848,1872.8396653346242,1870.6086266883,954.9947897679872,1719.9602900842551,1193.3078838376312,2138.8397496120274,1890.5618758393935,1945.0706085654501,1705.4923136880889,1924.216165443871,1742.6817411578775,1691.4687651184445,2045.7811660855236,1805.1016961309167,1976.1109703688196,1975.2773145877384,1816.0256456907757,1940.9090267784024,1868.9195029194616,1872.904524928478,1585.1695465886555,1769.2560872039865,1652.8935817705633,1765.8655517453637,1386.6164464840426,1728.9197854176896,1918.2967170894522,1708.9934084014844,1443.2674520459952,1634.3907492834398,1862.058314873197,1735.3814379994305,1370.319155112323,1958.3470955708547,2053.0403435505596,1880.4423959909225,1809.512698309869,1676.182724319675,2067.956838208278,1870.8478031808836,1896.7003431009048
1610555638.77ZLjTLkz4jYJdFMI2wWBztzsDILkoOtAk,650.8752485094441,2016.6469684327053,571.0353063457629,1721.5426061365936,1172.2684119896078,1454.0430246161234,1149.0051357644459,0.0,944.2184579570646,1753.566280125644,1968.0155124112405,1740.699590497911,2076.1132976776034,822.9673611473569,1883.624039222029,1603.7319694924752,2126.3597248454384,1949.1630142255394,1386.8905744908357,1576.8349377472707,1888.1182128419084,2070.154410931229,1485.7424435855767,523.6895508868027,1686.879366604655,1558.7334059446544,1144.8798210245648,1755.6591733590658,1934.19736980694,1362.8622726817478,1660.5969287013006,1435.252782456314,2084.579734677466,1865.9594179415728,1836.9355875872236,1660.0465644508865,1756.9026863295683,1795.1560279193986,1951.0177097808896,2022.789320329509,1674.5307735954204,1948.400180435966,1811.084722708556,1745.462399819113,1984.3127528607924,2037.413129213035,1737.070233984127,1489.3180289440334,1714.5616896046024,1645.0235808492002,1520.7381175908854,1456.235937019877,1950.708573331484,2178.2232471359616,1597.6876417045703,1606.431257867398,1656.407308373085,1666.8907320803207,1571.9341986090567,1566.4331342166402,2105.061415632699,2156.8419330662923,1769.0261177256014,1934.27783501753,1626.1384726590486,2141.5779171040945,1759.1424850347164,2050.64486827921
1610556912.46C7tJPLF0XfNnm8f1820X9aLmXMHoc0Dw,836.3805660931059,2005.491760648667,864.7671301190278,1760.5456627541028,977.2644540992912,1299.8606149944665,1111.2232269209724,944.2184579570646,0.0,1828.2128921952035,1927.9741338036551,1746.8583102215757,2134.082917820406,922.2139857012255,1843.1707335651474,1670.0695081252459,2039.8569508227506,1886.8220208237256,1160.8173703726434,1650.470781302114,1855.9365363522963,1992.7077064075697,1300.8749388716067,885.0388993484953,1590.7486080379447,1409.519459158097,1058.92796020204,1788.0820797853305,1946.240341702865,1281.4956242444184,1649.398919652404,1271.2043291907844,2155.968280405595,1937.341806261467,1887.0836028738247,1670.2883423097978,1808.5520813085438,1799.9494944811186,1836.7951913956622,2008.2115865182209,1679.976969287049,1902.7434472198775,1859.6499176009122,1744.0275032624736,1952.2627423857452,1975.2221382744872,1683.246017748541,1478.8356394371156,1798.5784759551716,1518.7912942357284,1616.0602245064217,1317.1983334242937,1864.489605300839,2080.3889193107625,1661.7239420107635,1420.4605867984674,1646.4454126349242,1731.9593333519604,1644.1545420451748,1417.912714024738,1959.2050502078978,2072.799060976716,1858.4460987170723,1823.3127438422684,1703.5492464172655,2058.2836685730463,1823.960325249361,1882.6663016594669
1610555617.51LjzIROg0aeCP2GhDcAVQ0LipKJB9jmKc,1703.5859393368453,1956.1222465094104,1686.566088428331,2197.8089379270723,1827.8964194682849,2136.5039550391543,1830.1968783692269,1753.566280125644,1828.2128921952035,0.0,2555.122023635827,2224.3479777392818,1172.2263421891253,1784.4971083037885,2483.0802764780656,1704.5011758798091,2697.3655636671956,2447.4777356233244,2202.812707569805,1604.9802663122105,2356.3501548623112,2706.829128764086,1766.3713840863836,1744.8238576928038,2017.0285861583202,2242.722916480009,1681.8686591660464,2233.19700811874,2072.8445735496516,1818.1733148799385,1600.8627990756745,2088.3626895085977,897.1506831091738,1841.6126995176803,1990.2194446454153,2295.3722042517047,1899.5397404611876,1653.8207251659856,2117.529139588964,2220.934348049423,2110.5584569863186,2608.283837392858,2295.4515843755353,2277.7573737083894,2433.6200396526424,2448.3127759373674,1952.685672832577,1873.2570084114038,887.9592808511981,2215.2725096398663,1873.1421267200965,1882.215882179214,2040.0100299111202,2411.1958344531613,1597.4773198868004,2089.2720516718914,2116.884477178286,1794.2745798343237,1858.7528478839527,2270.7786144401844,2694.4537803594117,2695.9205826785674,1598.8842272081615,2586.6546305092784,1336.5095380400555,2744.414950966263,2192.9698145234906,2579.055185316145
1610555608.17OpjjHobqRkX0UPcaXrbu7K6L3805SZri,1980.5980587682363,1958.6314288360866,1948.410633688006,1454.429660277533,1869.2654730185723,1781.7186633687124,1882.2956749976001,1968.0155124112405,1927.9741338036551,2555.122023635827,0.0,1798.8836058444494,2791.8693842794305,1882.36120103107,1839.3753549016021,2098.4825770670354,1220.336137239893,1640.6714227899902,1716.370585634963,2153.224068821619,1794.8378609098772,1623.509839792383,1928.1892064126575,1939.7063686232473,1945.3552249966422,1815.247382269256,1879.1447483813938,1860.2910501137947,2089.944964174626,1890.335175377554,2249.236549354859,1842.0823456478788,2838.143547092017,2343.493352513297,2150.48918197913,1644.5033400654308,2191.9939080459862,2308.0904044652166,1864.6506753844021,2384.0712896516193,1855.3766374926902,1417.6916172190395,2047.4444937576914,1822.7628598548429,1738.1384622821097,1470.5891338827507,2250.4906209224805,2048.758663292428,2457.241618092428,1920.3301939372182,2037.4059295508832,1982.9828916249198,2265.5048466883004,1924.5628797506627,2182.0820579251076,1865.563226265838,1903.704713570813,2074.6716109713893,2138.0045830959634,1773.1774678931376,1787.2900765426218,1847.1565113311717,2317.010306637516,1764.7983605646305,2187.9337116009997,1687.6757158445378,2031.4983852161786,1834.1459295202435
1610555721.82zWeNZfGUUfRJkgnAwlP8VMhPzXctnSd4,1778.4316784348985,2077.758674647396,1762.5246856141312,1627.52313777242,1782.5616009194048,1916.160370472088,1870.0647412201724,1740.699590497911,1746.8583102215757,2224.3479777392818,1798.8836058444494,0.0,2529.2933235647997,1700.3170025591578,2052.029164926184,1648.5128076653916,2001.9158217016648,1728.1476652154831,1887.4822339975262,1554.660811205193,1074.2094119264486,1694.9232766389007,1919.7767134364497,1729.4085694324344,1828.4610892610679,1936.1477224577661,1740.1334781091384,1357.451048244003,1943.2990856187753,1948.3591047136556,2056.6893761813053,2011.0893605030017,2435.0918557479663,1907.9975323517178,1607.637337361108,1450.6760358117765,1761.641990630515,1926.649905384956,2036.704838591698,2142.8792486901293,1659.0971857910638,1636.7939593580893,1959.5100594506666,1706.8566650890807,1916.585143236432,1907.101833634576,1844.9382744043126,1758.620860895559,2096.3020940092138,1806.7769636696166,1117.6813310511711,1704.543822023181,2212.1491192644057,2139.7122824867365,1760.1192798792858,1996.945352970256,1809.9440623444618,1369.8083731833397,1561.7026138114998,1969.6722689191645,1977.6444049335494,2133.315226108302,1837.047040491669,2010.540220940474,1784.2256030607011,2013.7345750774964,1790.9192102265788,1948.974475204194
1610555735.75bom85BDF0C7W2eIseHeMxi24qR68nzMi,2004.7357130693567,1922.5849387493686,1992.9542423691705,2391.7549927969585,2145.6985957420948,2420.198113359428,2088.189485161256,2076.1132976776034,2134.082917820406,1172.2263421891253,2791.8693842794305,2529.2933235647997,0.0,2080.372246905667,2721.620208675151,2019.6968035397185,2947.375668833832,2560.025006699976,2460.4917746323745,1920.81254619111,2640.2080931747832,2902.815994201919,2040.3937560203435,2050.53527508856,2403.5121883239776,2533.8338776801597,2036.078035247293,2535.2572033999027,2255.136772041007,2015.5515015284545,1916.3367891676803,2362.2493195226098,828.6597972613891,1923.371433685681,2235.6276928030934,2529.9215422777243,2187.823293578208,1702.3305621409258,2255.366677311919,2575.5995302719143,2355.1591389545492,2817.6848708828093,2614.976291839568,2465.52195449589,2551.4003197165675,2576.5789191556114,2320.6795433392936,2216.4372496192113,1445.9891975249716,2533.89091476071,2228.541485055832,2209.820612465246,2254.508215301357,2493.3254450153986,1865.3761786696534,2431.6657151532454,2414.276736752398,2142.448445481848,2176.623163025323,2557.3974513637963,2887.4414531940392,2868.680531253846,1806.734864643162,2826.689400341649,1721.2662363152717,2918.8316035835774,2547.0270416563867,2773.675044491053
1610555735.77NnT5xqKnwcf2BbjIekeb2arTQj6QMNwk,861.592316344207,1933.3931520358587,800.8768560038924,1686.5708293689738,1049.9122302100131,1327.7130857251332,967.1355209196307,822.9673611473569,922.2139857012255,1784.4971083037885,1882.36120103107,1700.3170025591578,2080.372246905667,0.0,1834.5747240206033,1619.6049068365812,2022.8317263791853,1873.3295888285109,1249.3722048934092,1569.0715639839893,1833.4634520585025,1946.2420354086278,1360.674960568293,830.0461660674944,1609.608286497654,1438.9748927521043,1099.7363264115877,1755.2672623738881,1875.0238447509073,1199.3148404937842,1613.0628982302246,1311.058661635806,2105.0902115037875,1882.9738162012309,1831.4903916255278,1632.314137325454,1754.4651320430473,1743.5074974989006,1819.2744871976045,1959.8875653973105,1662.8306634077792,1884.1237896425882,1828.9709485524643,1730.8107252012342,1887.675482956669,1919.1581025733076,1713.8354478078504,1468.5707629980589,1733.9189927079433,1584.9211164501817,1566.444071542392,1329.2289226535368,1839.5201309848333,2049.7488167183205,1573.9938379256635,1473.6506082961955,1595.761444893379,1683.4900712610104,1574.325754098259,1430.7193028025124,1960.6987691702661,2072.3959344860264,1809.8869191347871,1833.9997977222724,1619.6376014274726,2031.2897320868306,1767.005891775084,1886.2866646811176
1610555638.33wjf1PhdNaoWfbRzXVn50hmFyB5bYAiLV,1895.5397859762495,2189.786795233237,1873.0797870022147,1995.1035097936895,1881.0814077793837,1911.0535043243353,1929.215341817771,1883.624039222029,1843.1707335651474,2483.0802764780656,1839.3753549016021,2052.029164926184,2721.620208675151,1834.5747240206033,0.0,2110.9947798938665,1839.2711038852385,1978.1756198347218,1864.9721939524018,2187.170595115035,2025.0126519348196,1969.5552140763239,1959.9584682968361,1862.8505682871055,2042.8910354952213,1923.9846381388863,1848.7903065409055,2251.1806491140087,1999.8926210308418,1984.7602522207708,2055.3216731344633,1862.9913005011558,2769.1018381330705,2457.6809737216095,2093.49603229304,1806.2989630127604,2037.9311695497981,2377.978302011366,2229.327054793974,2360.0335559608825,1636.0192549309115,1933.1693717888388,1834.921500730912,2014.1063826791687,1802.1103438235348,2039.7537679690643,2084.292122954644,2009.6430740757128,2464.47748978674,1897.3585852116812,2108.461809238212,1962.2699442891308,2570.551309976237,2218.452445697207,2157.6090078075304,1894.0603595642945,1983.9305174385088,2145.786458942902,2274.0372020434934,1881.456583562637,2278.0530898657557,1914.4310603574634,2322.2582157631614,2122.3753917926083,2279.106639711167,1887.0267719400495,2078.3179470389914,2269.4706126020556
1610555606.65jCE4ig8Pu8kvAzkxnSGfWsV0nQBjCf8H,1620.8909726280847,2011.148861485842,1572.2717344084217,1917.5862927062535,1647.5963762649467,2011.1130729468975,1723.9059160338722,1603.7319694924752,1670.0695081252459,1704.5011758798091,2098.4825770670354,1648.5128076653916,2019.6968035397185,1619.6049068365812,2110.9947798938665,0.0,2272.498503795639,2124.6202392256773,2003.8685783064252,1194.0504654643878,1781.5034497367185,2240.0633878199606,1690.2886432138625,1597.0432735922195,1741.522535256888,2089.595086529882,1534.279666338817,1708.9319177083,1876.9067513966197,1796.9842240906623,1531.508065738624,1958.9754727338766,1833.5163264685796,1366.738760490674,1192.271665868194,1606.8171928230647,1379.1573500487348,1314.9205094869899,2140.5110471953863,2028.4305128515434,1681.8729833644018,2093.968589292607,1914.6013475300704,2086.6033400901433,2018.4293757576959,2177.7856918129164,1708.8702666805398,1603.8803371047618,1551.8106084665183,1788.2238870520262,1392.3659203017435,1769.4533619986346,2028.9919581717284,2293.1878751313316,1267.413414562631,1982.8854280972862,1774.6677302894268,1282.3105009379701,1527.4769675117939,2048.6453537348893,2272.1541890814074,2310.1303478260493,1197.028202631044,2226.942991705352,1326.2449865221515,2209.3198588448004,1673.6607589783628,2183.834483667629
1610555608.18ONsBCVo1i7BrX0XG9stct4oiA6ejX9Oz,2108.3619994266874,2084.2255946054293,2092.0113146173235,1787.1133298440611,1979.3955629655961,1837.7455562887314,2005.95856224767,2126.3597248454384,2039.8569508227506,2697.3655636671956,1220.336137239893,2001.9158217016648,2947.375668833832,2022.8317263791853,1839.2711038852385,2272.498503795639,0.0,1710.2092228440156,1817.2875033083426,2367.0004681521455,1900.6882246431057,1609.2043565408337,2011.8615544363267,2087.9487151458907,1970.7280965329307,1842.209568294845,2015.3034675984409,2069.5844102974966,2122.462335510798,2005.6870787621904,2304.5573052856575,1838.9452591985726,3003.510176358557,2545.9347544464076,2319.613312468906,1747.0702921909324,2360.7901522311267,2453.9002456563503,1918.556630331636,2472.733906293532,2026.3823646897574,1549.3594638472543,2174.583601963555,1932.346191304573,1805.712787978228,1615.1508778636887,2323.553239900843,2132.020531147832,2629.2694870076107,1963.621859727309,2228.0845964861787,2117.4074510601376,2387.1269391588808,1989.2727178991697,2380.232705086016,1847.12107558242,1971.1348612791019,2279.1219366772193,2329.7506485042063,1768.9621692750434,1812.3271220939114,1722.841506328677,2476.4163613744026,1662.6956335614902,2380.064734889493,1591.2038514698688,2147.9270091555263,1862.7995768568542
1610555721.51RNoQUMP19FTMS79BmA3JkgSm2IC2AQuQ,1929.4822372380295,1412.3132567588384,1926.5489950668912,1678.2401894632778,1878.601357874049,1822.7360053341806,1905.6787731969198,1949.1630142255394,1886.8220208237256,2447.4777356233244,1640.6714227899902,1728.1476652154831,2560.025006699976,1873.3295888285109,1978.1756198347218,2124.6202392256773,1710.2092228440156,0.0,1798.1001607061348,2128.9513258259412,1732.3436072036345,1576.7592469693343,1920.0749154902128,1895.4137663864572,1987.0357274755465,1888.8428881025695,1934.1020290943468,1927.8872738572559,2009.0589079658723,1861.0817397971912,2296.15635499447,1872.2586518481257,2647.354745460914,2250.1102436765536,2242.479424378879,1848.4153413537676,2286.1829185279385,2161.6267307634516,1820.3782472656783,2530.499439642628,1921.4006594407763,1686.9410042479153,2321.3512209125847,1703.6933099365565,1487.5139665528534,1185.4248480780714,2231.259827750222,2017.9460950863083,2363.3757428157987,2005.389640662814,1905.7014133782716,2024.3780684225924,2347.0244008272352,2010.0433997616053,2207.881733399189,1964.2089298921617,1924.158923575064,2065.5614390867127,2024.5742308065235,1850.6429859680693,1769.3426617715413,1814.6814961463574,2208.7466712520268,1827.5111338950842,2137.5117138185597,1703.3923653821344,2212.8870658434475,1758.3435603566727
1610555971.86O0cHB2ibBJ8jxoObg01EpGe8VVV5mpwn,1273.782865033769,1996.9295901715816,1301.7593807879368,1715.2033557501582,1329.897165467196,832.520347948953,1315.5464766336072,1386.8905744908357,1160.8173703726434,2202.812707569805,1716.370585634963,1887.4822339975262,2460.4917746323745,1249.3722048934092,1864.9721939524018,2003.8685783064252,1817.2875033083426,1798.1001607061348,0.0,1986.474603005055,1876.1593298523237,1738.0872829468196,1476.5341331882614,1313.4157454205176,1717.842215612732,1052.9398116178231,1387.0507752294782,1912.5588737375215,2099.828651335374,1305.6037302820448,1898.709323707071,1219.5058250119666,2542.79876902805,2224.555197841895,2143.7436760820906,1763.426029681861,2096.2140872329396,2122.8245605368293,1744.377440784573,2019.3593594972533,1877.5708551749376,1772.9716838163429,2063.001014105627,1712.9668899320209,1906.1482300274606,1816.8514325940207,1910.0599170227415,1597.7026168256275,2176.606033738415,1659.3085021844586,1881.8828062534692,1442.7396936716684,1903.692099239635,1970.7195703827022,1969.6388185898902,1462.2575370227414,1759.4745274458326,1995.4166412393527,1835.56688945049,1264.8901726838674,1757.3044241714028,1954.0928080602987,2220.6857466347647,1637.6034895248679,2052.941008282789,1913.940928604298,1871.3153192505931,1734.6713722826375
1610556911.51zU3duZSGpcw1BDNsBLxdOCITAXwl6z3i,1577.2391275486164,2051.0545820969614,1540.3195154442972,1829.9380965844036,1634.4912299214348,1988.160768237139,1740.6214518722218,1576.8349377472707,1650.470781302114,1604.9802663122105,2153.224068821619,1554.660811205193,1920.81254619111,1569.0715639839893,2187.170595115035,1194.0504654643878,2367.0004681521455,2128.9513258259412,1986.474603005055,0.0,1734.201588279474,2279.000670079342,1717.9627574091312,1561.0665266062372,1726.4202490009627,2071.7626427572027,1502.789045605042,1681.8715016733004,1924.0942989689904,1818.4067106649284,1581.3863742715046,1986.0170294629354,1717.1363886858915,1429.3631797677485,1311.9418078874216,1672.59785850913,1304.9021366589636,1438.3168296843698,2141.5740222064805,2012.1571067907225,1632.8773732283048,2118.146613833112,1940.5020190801683,1894.1674894711236,1979.9664671088112,2185.584632795562,1638.5650343204943,1501.9320366109753,1550.5036470046202,1883.017114259689,1268.704062420519,1701.133706506005,2102.074768723506,2279.8939292083974,1099.1094623820525,2015.5343069565065,1694.0186335870455,1154.3746068170606,1372.9647744089991,2073.3186214097695,2332.9444893796795,2365.186611101077,1298.8023236875356,2272.092303448071,1260.452018979222,2352.3147237214735,1731.449434286175,2249.0546872820883
1610555988.71dMoYT8250UHHJGxgmITTmbHe7V6gH1yU,1915.0711435727048,2101.132682719007,1892.2370350737049,1747.9220335157784,1896.697328298409,1875.4893838131886,1974.2666336035106,1888.1182128419084,1855.9365363522963,2356.3501548623112,1794.8378609098772,1074.2094119264486,2640.2080931747832,1833.4634520585025,2025.0126519348196,1781.5034497367185,1900.6882246431057,1732.3436072036345,1876.1593298523237,1734.201588279474,0.0,1654.2485626130047,1970.7910240194085,1863.5378842611713,1909.9775589499345,1891.198988319221,1860.093914031477,1559.0270513987944,2018.412853555761,2009.2416215538144,2110.1633729255086,2016.8732862458314,2579.5018919135737,2047.5028717986288,1710.900496523609,1532.700935524685,1845.2528670300012,2078.2372519549463,2071.2687684752823,2181.6150416119544,1725.061724273604,1572.6682276033175,2057.6116503334288,1694.8848930524816,1873.4107442859188,1855.549446944243,1870.4175599367807,1804.2094751237048,2250.483977592018,1868.7886956895775,1426.6363142421735,1779.9690288035733,2304.9034015739994,2154.385541582879,1883.4363995919898,1995.6967154882418,1882.1479804771195,1480.4571206062112,1676.527452205829,1986.965813700344,1952.0605301878818,2033.8392507120511,1994.1467508409808,1980.4288440812345,1958.4915054275727,1921.426671719224,1823.8175952983481,1962.4379880684166
1610556042.81mlUZsSp7gbGjrp8jQSnybT1gPy6e62o1,2069.2559318317503,2057.857656617389,2057.8982460087736,1854.8805348387568,1930.69976113031,1821.3611072449073,1973.5800059331173,2070.154410931229,1992.7077064075697,2706.829128764086,1623.509839792383,1694.9232766389007,2902.815994201919,1946.2420354086278,1969.5552140763239,2240.0633878199606,1609.2043565408337,1576.7592469693343,1738.0872829468196,2279.000670079342,1654.2485626130047,0.0,1963.4113669988578,2038.947434771898,1971.5670090417173,1809.7310921986589,2025.8311920123263,1885.1814537197774,2161.4917532259938,1896.3312555511725,2394.543468993636,1800.2660541734815,2955.6401720508343,2467.698163253864,2252.5283208410456,1771.7492762042473,2360.042687286023,2390.6454621363596,1967.1381072925385,2499.8118185098338,2101.7775750535807,1523.3462402756275,2267.377889656459,1872.9411764796507,1740.183879568014,1661.1887517572743,2270.305246199292,2072.622830935912,2571.293011832049,1953.7948785748788,2014.2809611205082,2058.25666831538,2371.515276294635,2055.1746437860543,2372.6723995932184,1934.9621122214428,1955.975926051516,2135.315044845645,2144.397262913919,1665.5894959067264,1606.105234842116,1853.8002576010022,2404.1238787980683,1724.2388492894218,2312.520547616903,1558.1361315606368,2135.6129244986237,1651.909016255716
1610555637.02UBW5nKvDyUrKnaWcYRGajZPxTRDS0q3N,1336.249650104966,1774.1757806155827,1348.20810570534,1825.398037920878,1081.4816735224372,1459.1153619270226,1328.7291415163056,1485.7424435855767,1300.8749388716067,1766.3713840863836,1928.1892064126575,1919.7767134364497,2040.3937560203435,1360.674960568293,1959.9584682968361,1690.2886432138625,2011.8615544363267,1920.0749154902128,1476.5341331882614,1717.9627574091312,1970.7910240194085,1963.4113669988578,0.0,1408.9210574119963,1491.65358809588,1553.8358144044446,1117.6088288925946,1984.0824416134533,1915.4918652050021,1081.3666647471748,1514.025541523672,1196.1990654633948,2052.1803669350597,1919.722614096211,1901.5474756747408,1822.5842159568897,1835.7411040059683,1620.9541333862494,1629.14172853413,2071.0429850238097,1732.9215498898257,2025.614067834079,2014.5770334945155,1953.3209932412826,1869.9035086141812,1875.1500239554337,1652.9702995406683,1555.2850831022172,1667.489120024646,1579.1530721150018,1849.3382225246548,1385.0969764380393,1876.47921720595,1867.2446304347327,1651.3609882212402,1139.750880699675,1708.0303834435622,1805.113085674913,1854.7055286603133,1452.1393561506418,1968.9095702777677,2064.909212464954,1725.4980011091104,1907.1905169695049,1607.0576566147886,2060.7671817636137,1928.1346384732847,1921.2985832439329
1610555619.13oUYNikU4facCTpUSiSLr0vPI0tJLnXiT,542.2973579037009,1979.494611516267,493.25983467957076,1692.2965361317715,1113.212646220403,1397.7359662564606,1081.0523998892752,523.6895508868027,885.0388993484953,1744.8238576928038,1939.7063686232473,1729.4085694324344,2050.53527508856,830.0461660674944,1862.8505682871055,1597.0432735922195,2087.9487151458907,1895.4137663864572,1313.4157454205176,1561.0665266062372,1863.5378842611713,2038.947434771898,1408.9210574119963,0.0,1642.365342248469,1509.1083345650502,1091.56170563945,1763.9210635881675,1920.9544799420519,1294.046553067835,1612.6309842504756,1366.8896327392356,2068.971500702447,1862.7944941209496,1801.8299102855872,1635.1507790180722,1730.6723466482538,1759.7281027582817,1886.263153629865,1967.079817621607,1658.6950783934246,1929.4902814250652,1816.5752197340728,1730.5712171154905,1951.5408984128194,1997.3718603113216,1725.8761826241446,1438.2438856336169,1717.0363283022255,1612.591744048928,1519.4833533224844,1396.7703095002669,1901.7582541547274,2116.558096379269,1560.0710757502795,1539.2251910001426,1604.5123464435005,1676.865657879953,1551.795801734826,1508.954241708615,2057.416709178527,2129.004835255627,1772.041968089627,1896.3514237605123,1622.5260612247778,2119.919456750739,1751.138022613443,1999.7333848359217
1610555721.03nzkucfjAUh31zTbmCVvTVYqtjoxZFnBh,1611.172406411779,2085.246962621737,1605.478316694432,2004.3555655683185,1543.1975338499612,1692.4276911612246,1649.3523131034194,1686.879366604655,1590.7486080379447,2017.0285861583202,1945.3552249966422,1828.4610892610679,2403.5121883239776,1609.608286497654,2042.8910354952213,1741.522535256888,1970.7280965329307,1987.0357274755465,1717.842215612732,1726.4202490009627,1909.9775589499345,1971.5670090417173,1491.65358809588,1642.365342248469,0.0,1738.461693261806,1596.4761824161733,1782.5046424453908,2222.4382842105106,1660.46338531436,1775.0374843051477,1584.6905837646843,2275.1318070010993,1938.3213582659273,1779.3104749291888,1830.281122944147,1811.5287030799395,1799.6889798220157,1767.5100463446124,1998.5618776613208,1977.48072715905,1987.1590290188356,1961.5508753737015,2054.0437778269625,1994.4877880404165,1924.129245456867,1757.4723049597774,1422.9447951849027,1948.0286302852587,1675.4790835461802,1655.4149102405445,1682.5191632733713,1995.340710129881,2140.9381039613795,1777.8396013311526,1492.2167140350366,1274.9888667927141,1737.4182230775143,1671.762046243931,1441.4352405439329,1904.5315299996303,2023.9110861898646,1833.7815263162277,1702.6208090273894,1807.3963498984976,2043.14412574705,1717.0025477564184,1892.3119889159834
1610555722.67fhKURdXVzRbLIjXmjRwdJHTnE7PWb1AE,1485.508506608721,2075.201071888589,1495.0633331849017,1870.8779881280532,1476.6713972484888,746.6728765916338,1462.7633774569924,1558.7334059446544,1409.519459158097,2242.722916480009,1815.247382269256,1936.1477224577661,2533.8338776801597,1438.9748927521043,1923.9846381388863,2089.595086529882,1842.209568294845,1888.8428881025695,1052.9398116178231,2071.7626427572027,1891.198988319221,1809.7310921986589,1553.8358144044446,1509.1083345650502,1738.461693261806,0.0,1524.324061460774,1944.002749770369,2149.8876277995387,1456.5844076685937,1986.8902312725768,1291.703496002297,2609.7921136389905,2323.012188081604,2234.5857899287585,1816.0238586991122,2155.8067692548066,2236.519977840726,1790.248477070383,2083.341105027498,1984.6195509385684,1847.1126870706162,2126.2180161577157,1774.7502194296153,1966.7528259410215,1866.0088228418351,1883.8504445507704,1670.9632296093414,2240.7366685143284,1715.8962860645718,1929.8913785755828,1552.2117376295398,1962.511774544495,2051.2995269675002,2085.066907828191,1423.9755560259164,1831.3127488154537,2015.3586723432445,1911.082461708791,1264.1926694544757,1814.559525661813,1979.1470353401053,2296.27395925121,1655.835683225973,2147.1240103403225,1966.1809470185117,1966.9139736567568,1821.145441200305
1610555638.39J2ZWBLuLTHP0jOlzB4tNHmYeijH5g5YJ,1065.1581727715081,1947.3219943754914,1045.4866753265783,1629.8718289272042,955.3534764107899,1410.0746097141885,1230.100009019848,1144.8798210245648,1058.92796020204,1681.8686591660464,1879.1447483813938,1740.1334781091384,2036.078035247293,1099.7363264115877,1848.7903065409055,1534.279666338817,2015.3034675984409,1934.1020290943468,1387.0507752294782,1502.789045605042,1860.093914031477,2025.8311920123263,1117.6088288925946,1091.56170563945,1596.4761824161733,1524.324061460774,0.0,1795.187654988747,1918.6275856180016,1295.7498477806412,1397.2482798578865,1286.7888489907411,2035.9501080405537,1850.2242823655522,1782.4527464205767,1638.9811684631843,1669.4808974758184,1711.7355443995102,1844.3714022789916,1925.689069071077,1524.0123673267492,1929.0609368016453,1792.8714209237016,1844.469096727865,1928.5302645889076,2006.788062613214,1575.2357368280468,1416.2332565053139,1645.6442704937356,1362.5258874885785,1634.3758396196424,1262.0979380273727,1876.6131237347515,2066.3324104697454,1486.2907969246824,1437.9468199966964,1698.352064554437,1615.2573644277777,1664.8184272088015,1509.0645800747925,2042.3012585158533,2092.5942206043383,1714.4916781330155,1914.714895815026,1535.5018391870544,2094.234304773569,1654.525452986926,1969.748500000477
1610556032.17Q6yCDx9g7alRnL9jBFXD2JhhUyB2hKfJ,1809.9201077944763,2120.6887340299845,1770.1049958956417,1714.291683776846,1816.7035207040417,1936.2462206270927,1872.8396653346242,1755.6591733590658,1788.0820797853305,2233.19700811874,1860.2910501137947,1357.451048244003,2535.2572033999027,1755.2672623738881,2251.1806491140087,1708.9319177083,2069.5844102974966,1927.8872738572559,1912.5588737375215,1681.8715016733004,1559.0270513987944,1885.1814537197774,1984.0824416134533,1763.9210635881675,1782.5046424453908,1944.002749770369,1795.187654988747,0.0,2119.4083619791286,1972.547462292074,2117.5375160971453,2024.6036807485139,2463.5567062781424,1863.0211315693216,1810.7510736866004,1621.7849720172646,1935.3893127759318,1936.2495336891852,1991.118314182351,2202.0078036078844,1938.8692387793953,1694.3964771201645,2048.834019593245,1768.2059596007016,2052.4838060460565,1912.4157795403191,1996.3112978658305,1828.223245164244,2105.2878411175207,1905.359115546105,1407.6638112078256,1901.8742895219916,2044.323668162594,2204.7285332799206,1899.2221613259017,2081.4786417900687,1781.960558927222,1449.3296360956351,1524.2717601804854,1951.7638491058456,1867.311635662947,2231.171387849122,1907.2303337426574,1915.167759141634,1813.38864546074,2074.870022876401,1874.165983157254,1808.7407070788229
