,1610555604.25mOvVXuL01OCiReyVWBfesjuvXmB3MoPy,1610555605.43B6oDsBtWRQ29Q9UMQuTUEPZy3FSSWXzc,1610555610.92HPGJJSmyPM40z7otPBgHalNrHFA7zk5d,1610555606.68LaSQbm9EHAFycEfFtEqAwYqlBsQPjIRW,1610555617.19EKxMEwDHfXiEJZc27TsGoERaD6Da4BZU,1610555722.52PJ3FD50MGhRXyUD28vluU8Z9UjLJLZn4,1610555617.52Ijr5puT55g9apK8auM7zaxa3NANg502t,1610555638.77ZLjTLkz4jYJdFMI2wWBztzsDILkoOtAk,1610556912.46C7tJPLF0XfNnm8f1820X9aLmXMHoc0Dw,1610555617.51LjzIROg0aeCP2GhDcAVQ0LipKJB9jmKc,1610555608.17OpjjHobqRkX0UPcaXrbu7K6L3805SZri,1610555721.82zWeNZfGUUfRJkgnAwlP8VMhPzXctnSd4,1610555735.75bom85BDF0C7W2eIseHeMxi24qR68nzMi,1610555735.77NnT5xqKnwcf2BbjIekeb2arTQj6QMNwk,1610555638.33wjf1PhdNaoWfbRzXVn50hmFyB5bYAiLV,1610555606.65jCE4ig8Pu8kvAzkxnSGfWsV0nQBjCf8H,1610555608.18ONsBCVo1i7BrX0XG9stct4oiA6ejX9Oz,1610555721.51RNoQUMP19FTMS79BmA3JkgSm2IC2AQuQ,1610555971.86O0cHB2ibBJ8jxoObg01EpGe8VVV5mpwn,1610556911.51zU3duZSGpcw1BDNsBLxdOCITAXwl6z3i,1610555988.71dMoYT8250UHHJGxgmITTmbHe7V6gH1yU,1610556042.81mlUZsSp7gbGjrp8jQSnybT1gPy6e62o1,1610555637.02UBW5nKvDyUrKnaWcYRGajZPxTRDS0q3N,1610555619.13oUYNikU4facCTpUSiSLr0vPI0tJLnXiT,1610555721.03nzkucfjAUh31zTbmCVvTVYqtjoxZFnBh,1610555722.67fhKURdXVzRbLIjXmjRwdJHTnE7PWb1AE,1610555638.39J2ZWBLuLTHP0jOlzB4tNHmYeijH5g5YJ,1610556032.17Q6yCDx9g7alRnL9jBFXD2JhhUyB2hKfJ,1610557007.49MyVgDnuUuBxrvL6SGOdhKf69VYlW1MSm,1610555638.44hjT5hbYdKoE3MB6hijrjqbjmLgvCUYKD,1610555608.13zUvmFSCRt6SsLbhqFznMEvGx54GPGQzM,1610556038.62a5C4ynd1AARyAhTv8a58NCqHvXRjscqH,1610555644.45Xse8u7pusHNsd7F3d0A32HXvXr6weOJE,1610556038.62gKXOCG7XCn55eJvyl5voNjbwOW0znQDq,1610555987.13v0oleKK97pkesp6oMgprH8SoSdoDVdIO,1610556964.96ZLLeiQW0qpmxhPGTg7K03fmzkqsC2bjC,1610555987.13VQlEedQ50VvkPMEMzZDv3KNnQCewykN9,1610555982.186TY6MMGkDecIN1woW6vsfAMXVV7jnyjO,1610555982.673LuMndkwkvdmZOn0MmE2Pkidx0FtNalb,1610555733.38zItcuH7gHNfKdALR2d9Nek6bxCyw36Vm,1610556034.15BQxSbZINGCay0yp6RBVlgcPrw76Yn9ON,1610555639.37BPZpgtGml8qUsh9AdV4m32jPLfI2aNFq,1610556965.57S0adAalhWYe6K3bkZU0bRHbqnDK8gGkR,1610555983.54zteLPCMjyrjzPdhHhlZr3faCgD0TfYr3,1610555987.79rHnNRmt9a0ufmnwCvZqBouyUoZDNpylW,1610556960.041xWER61rmArlsKfiMl4frikWmUCnQ7op,1610556035.13a7NHZDutfTMJ88qle1gTYY59Dr4WmMsj,1610556890.456ZBDaY16bMtrTZTqAgHl3wq1tRxzqDow,1610555760.24e6890pkbyZ97Or6croI1rQgjkSsR0yVt,1610556043.02YpWMIJg3W004iqlPyv8OcVAZdSC5rNYw,1610555987.03z05P26TLtONYM1HSzupoc2CeNMa6HTqr,1610556032.15OYCzUxpsz7b10AXBAuDXrvEcvxFhf0M7,1610556032.63Z80yI9pNwS3jSmsDABbuhf8wkNa2Ze9y,1610555736.28eGuESasTXdR3SqY6pHhEXWZtcdciYLCO,1610556034.61bebeZA0MkaFG2sm3VKiqrxeqQginTTW0,1610556944.5XwXOphKYT3ZkWA8gViqOS97VHVuMVUqb,1610556944.745UVLFBzf7fPh4UH37I6tYQOFPqRDytEh,1610556034.63XsUwaFaPZevO1JNFjfhvY4aKNFnV4noV,1610556964.89xwBHw9faT1HjQRMNQEyA4qJ3hWkwgj3k,1610556966.74DydzH91jtyvRyYau47JpVkZoMRSNTt01,1610555740.77UueVziDbaXyRR4OcVJIIZyzOfAzN51bj,1610556046.84e3vwjyRCzqz0wJQhrk8zsxlFfFSv98Df,1610556137.99eoPuVrDThKAOvmeprLPb2FWRqIhzUodc,1610555740.73XFwSrmTXJPlaxGZSefh0jOVA8PI3III1,1610556123.88AOfNaz9jSnqU5Czc7okOv1RCrYfKFBTo,1610556046.85nB7NvyoYQeLcOV391Lmmut1wAM8CFGLw,1610556123.89H4pdIAzDthI7bMXMhlIhKUYIQIvtmPPQ,1610555740.87GOYQUJKpkynIS2lFqppYK4b32ol7NeGh
1610555604.25mOvVXuL01OCiReyVWBfesjuvXmB3MoPy,0.0,2429.458701176067,876.9240043050214,2274.7956024120554,1780.8976536324317,1881.6232952201485,1608.545497296319,1082.429340543712,1408.9527805980265,2185.6742312184588,2487.9896587204526,2320.849940498784,2458.7791632193475,1402.1225854101117,2434.5947390478213,2180.1512168776785,2610.679311197688,2434.9684868261043,1848.7611163050565,2139.5132985852915,2410.5111124251166,2609.8313878415925,1931.8498666863711,993.2479375954778,2155.665592557634,2015.968499202521,1636.650030152864,2340.8979328782775,2482.2283712209983,1809.858656469565,2233.35732189538,1928.9269407915704,2476.3987472494264,2454.455680146682,2404.6803584445174,2268.107675250555,2316.473913399509,2278.319193160491,2347.598675438964,2472.887619256478,2219.862514504049,2485.726795186642,2465.1864034535993,2185.2859540181903,2478.600641588108,2529.5312631257284,2328.4184473068944,2063.524336697067,2208.577691667094,2267.115838380613,2135.623145906122,1980.4393651616674,2371.154724959276,2626.807897521223,2147.074803839167,2045.85404614558,2177.236003704675,2206.951891522662,2140.563351195971,2066.311873612261,2611.121727881426,2657.5919292562407,2399.501696571273,2392.249728068228,2160.588721760907,2639.3174388731536,2384.704786775311,2548.279670211097
1610555605.43B6oDsBtWRQ29Q9UMQuTUEPZy3FSSWXzc,2429.458701176067,0.0,2422.885992573009,2181.066825993952,2514.7022633336474,2431.907312158681,2314.431018225846,2464.680645387625,2501.1871039132093,2448.257112308486,2396.473114728431,2497.1246062965324,2401.618714758252,2384.689310054809,2609.7105896914322,2507.9411731704286,2547.380875337909,1689.9632774363924,2503.9444075526853,2573.4072928887026,2553.618531903132,2465.703480982771,2313.172263776789,2432.212926547931,2515.4264121823117,2546.288179030901,2467.4956836765314,2531.5104653842022,2342.6416628544785,2146.86440393283,2717.655200268939,2460.977053266806,2519.114971970471,2486.3158779566143,2652.0401845068836,2602.3427647652916,2706.421619635237,2210.2188253755294,2024.6989842108283,3054.926934996423,2430.0665296017282,2480.588571500025,2892.368560282685,2381.0629809963575,2042.1839796653517,1706.9279041479008,2798.4578398058065,2675.0804733140485,2387.2819459542447,2763.0190697550793,2569.072798180529,2594.6138524384883,2607.19677421535,2286.0688245617102,2571.839976556023,2486.3365258188305,2560.324820882255,2501.721370482756,2616.91646508883,2499.2015898569034,2562.8513195840665,2523.7675170261905,2535.547042524728,2540.2583511557195,2359.17140678134,2500.060900414371,2867.7740290062748,2547.9861027920497
1610555610.92HPGJJSmyPM40z7otPBgHalNrHFA7zk5d,876.9240043050214,2422.885992573009,0.0,2268.457550593389,1851.62972420685,1935.0132889086167,1586.342362236059,907.9527954694291,1529.3222964894135,2175.5491827666892,2474.711092082835,2345.855250045459,2448.9862796704842,1337.218585925837,2434.011238501118,2200.9464278912114,2607.457753651358,2442.3363673649214,1952.354047349866,2180.1476749146705,2411.9585295788843,2618.772502140635,2009.330197648337,818.3083756961421,2193.906350026577,2064.1206981747628,1695.5656690448284,2345.003228298089,2493.18460444977,1822.7757703707548,2276.040107818944,2012.4690195135017,2475.732053143332,2472.3953788201766,2413.696236141127,2284.40134339546,2327.3700528028317,2299.235916902518,2378.4834737054002,2530.57752749269,2193.306479961358,2492.978472810063,2460.79380663519,2260.4891659962036,2471.0174439029875,2531.8145358866977,2351.293677559267,2126.214570545366,2213.4292581475243,2296.8647594423114,2168.217295159382,2072.842843160607,2417.2785200385715,2640.9083163553782,2150.9615564501614,2092.4753977942123,2210.331806820946,2177.414090352319,2189.2288824990883,2118.3647286343917,2625.557144843468,2655.936308277957,2418.2782054715594,2420.902892321816,2167.080165269306,2635.3108962713736,2404.475051927428,2573.0056348421567
1610555606.68LaSQbm9EHAFycEfFtEqAwYqlBsQPjIRW,2274.7956024120554,2181.066825993952,2268.457550593389,0.0,2395.4858940385548,2334.826246728076,2266.187114131363,2287.576067630504,2359.3397472152565,2725.87928923748,1960.7681918973935,2214.06099498955,2873.8769208298754,2248.4068017890145,2562.841257374506,2435.8896212115033,2311.9779430459935,2233.9794913907967,2302.3189976964813,2460.526390473708,2306.308225599833,2421.1095183944194,2412.3822539908006,2256.4247767499355,2556.76019633594,2419.3842473476698,2245.4723420590726,2229.962544628043,2556.162316499215,2258.138100258225,2637.285384809396,2469.285337939157,2911.126436957814,2649.7589675085565,2490.4599297596524,2170.1403644759475,2531.4078934751124,2518.5724323077216,2166.4209888036708,2826.655280771828,2179.698184226177,2169.3185689768648,2566.386780733581,2115.5729646241853,2343.8494315990133,2254.2491840005823,2739.591830035216,2552.1901313174494,2631.2957512846956,2657.3450701656466,2344.5128096504345,2462.085900133716,2680.6206932579503,2440.694764902443,2412.214388498783,2515.0236370650227,2487.960162102521,2326.3965115063575,2416.9915934928854,2469.472692322182,2474.33790093068,2684.2289047988393,2652.513320052113,2493.7102587640134,2408.476087778106,2606.0774932377317,2614.14587459106,2481.3856145196733
1610555617.19EKxMEwDHfXiEJZc27TsGoERaD6Da4BZU,1780.8976536324317,2514.7022633336474,1851.62972420685,2395.4858940385548,0.0,2051.8237379120797,1512.253871239875,1903.424583310297,1641.482072709701,2415.866206177528,2499.937776103198,2406.0149466656476,2698.205959938255,1725.241463728182,2503.9660146960573,2293.2248710026274,2622.7201451507954,2485.7912139497603,1989.7533075291312,2244.8804290114485,2516.671076434245,2586.8467184847077,1623.0423209170447,1862.2997999831218,2150.2815283616633,2115.804355276747,1569.7503082307173,2423.4684596161005,2575.763171072934,1776.2835646632445,2303.7326960963414,1845.7536807076444,2684.563918658005,2555.220346051956,2534.91855187677,2319.1660832421912,2425.809981442812,2379.0523755455674,2416.2002604878753,2652.7433297213774,2295.1237194374976,2584.2252370025876,2521.9675108213905,2459.396968001494,2501.784059228335,2577.9709530860746,2342.764159261664,2232.938839573697,2359.2767413723673,2213.37208969411,2335.1395768681023,2044.4386815604234,2487.4222076632927,2651.490906394022,2266.7467250038635,2015.3267419819608,2293.7519065178903,2394.537265502246,2362.1369265345165,2023.8687978454327,2601.8095328432364,2697.780406437064,2470.5731029309422,2422.904530457756,2295.1397993098003,2681.5261026224994,2529.2974103696206,2529.6164967622703
1610555722.52PJ3FD50MGhRXyUD28vluU8Z9UjLJLZn4,1881.6232952201485,2431.907312158681,1935.0132889086167,2334.826246728076,2051.8237379120797,0.0,1901.0795105635998,1966.9988076362667,1874.6010102738555,2595.685494344868,2285.013956336678,2415.08069141123,2844.669647808097,1840.3490959567896,2442.4386929261677,2539.1641901218763,2367.8572178742493,2342.1426509226794,1274.1472572164241,2517.7988216073572,2354.3756650871037,2356.1962051854707,2043.0054975107582,1913.6405759126499,2214.6811484500977,1138.7962089559953,2005.6660434933244,2450.3692162259163,2613.5548039662867,1891.8043887986753,2522.2792067717596,1855.3017571521389,2918.3091319345267,2756.655367313278,2658.0415299918486,2357.727080145584,2608.572831370599,2618.945614294668,2312.395260830193,2638.864038670031,2429.162579540786,2348.811461289928,2666.884456139835,2240.6011434997795,2421.2829649784176,2313.1472526382217,2423.5045540631986,2221.097926798723,2612.3788818241696,2340.567924141078,2371.4853876802895,2100.223283906464,2484.389621791828,2519.875463060217,2517.6281697373897,1893.8260321470302,2348.258386130369,2444.2806948122743,2361.983746853356,1812.0996661047172,2397.7313070595133,2515.609669905165,2749.174555917485,2183.1634501212643,2536.6732880936006,2492.6410180791077,2506.774532495904,2409.819910843154
1610555617.52Ijr5puT55g9apK8auM7zaxa3NANg502t,1608.545497296319,2314.431018225846,1586.342362236059,2266.187114131363,1512.253871239875,1901.0795105635998,0.0,1672.689473468353,1691.3652428450441,2273.2483410809223,2373.1103358845785,2375.6268317751155,2517.342869149565,1446.3251277269524,2428.6284783347137,2278.9415830110097,2498.084881307536,2391.187243737382,1916.82502093268,2311.324222958003,2454.0911799051437,2502.139118852581,1889.3429102203181,1619.5428354815829,2166.461402925352,1971.640185105283,1786.691510948764,2371.5867264109093,2429.343476471419,1475.8740943668909,2363.54971666078,1824.3323322325282,2552.7368944729687,2474.533089316538,2503.6135347861095,2256.8826968687044,2455.7139002153676,2292.415854387943,2211.9242579529496,2581.972207730965,2302.9184698508693,2493.1825391947546,2541.839772538648,2322.7385687612373,2424.464926860624,2395.8763364367805,2450.089607773713,2245.961738201084,2273.4037198996975,2303.4644272904075,2297.3536427338113,2048.4443665225576,2302.814528727213,2453.991434193469,2251.2590007937374,2017.6206851975332,2226.2252667991997,2332.2119132391476,2295.096791395547,1893.6501302131999,2522.9811095111936,2577.13994803257,2487.164943861681,2304.1372706925977,2220.7512143083572,2575.439189412889,2498.0691741429687,2443.736879552148
1610555638.77ZLjTLkz4jYJdFMI2wWBztzsDILkoOtAk,1082.429340543712,2464.680645387625,907.9527954694291,2287.576067630504,1903.424583310297,1966.9988076362667,1672.689473468353,0.0,1570.3602366899188,2222.526903822694,2486.9395904178978,2301.3688451034527,2515.4241508787927,1267.948103422121,2424.8539533507046,2201.1446200304645,2630.4154384710914,2443.1942206467,1994.7410610425904,2181.018980713243,2396.5047657075684,2606.11960169866,2092.208332235106,794.8393016384596,2252.801571901386,2094.9757968918207,1762.1679159226896,2313.790298752354,2518.995715194719,1893.2642005201521,2333.3130109265094,2073.7299599365297,2527.9900551373375,2474.5331975691706,2439.260931897769,2268.0311177776907,2329.7788311610375,2354.976411240675,2452.8777430870855,2593.675491648937,2196.2376745470397,2473.8999960073393,2436.9944513592864,2248.806725558167,2485.6533040441327,2541.24848752134,2361.244064951003,2159.860185707536,2234.294548340623,2326.8665225013265,2126.7686216385678,2124.61819845433,2481.231041332328,2694.928737054858,2196.509673426521,2166.5924736521,2253.696880025223,2176.2804621147156,2179.259273942497,2152.4480660091936,2653.963606102458,2686.3164212087913,2427.9061402423918,2433.7926697651633,2179.586888827639,2648.615629033875,2425.508662034581,2621.0269976578697
1610556912.46C7tJPLF0XfNnm8f1820X9aLmXMHoc0Dw,1408.9527805980265,2501.1871039132093,1529.3222964894135,2359.3397472152565,1641.482072709701,1874.6010102738555,1691.3652428450441,1570.3602366899188,0.0,2373.625619752587,2508.947879918891,2325.247607766435,2648.6053173729383,1501.9905079954444,2425.614123688321,2294.226474234579,2627.3892982553325,2426.320905137937,1735.4466419947732,2241.2500857731507,2395.67928535072,2579.643945485545,1941.1395954288355,1512.5431722572448,2190.749940207221,1989.5068119347507,1705.062455861958,2363.4332933505525,2553.736518956993,1870.9199004159216,2326.376495044533,1933.173083772077,2653.506555348103,2537.6280471340474,2495.7059518017636,2307.1833560887735,2390.9243672015104,2388.4904481082626,2398.5450523827053,2621.346711963164,2280.350443225265,2496.2800640637024,2474.475036229801,2294.1076731905873,2499.6557572692777,2555.5473021149623,2328.554078470161,2119.426072013797,2330.0683414097393,2271.1560180771708,2218.2760875766066,2043.969369675757,2466.533200257023,2664.3173648863462,2289.3472327265563,2056.6172531406655,2262.1046236267325,2299.3982046891524,2245.712812502005,2029.4786079508324,2577.8836891484925,2681.85938310967,2488.937894323614,2397.467626960716,2270.43343682087,2640.271929058386,2480.6292925931384,2497.2627466463905
1610555617.51LjzIROg0aeCP2GhDcAVQ0LipKJB9jmKc,2185.6742312184588,2448.257112308486,2175.5491827666892,2725.87928923748,2415.866206177528,2595.685494344868,2273.2483410809223,2222.526903822694,2373.625619752587,0.0,2989.4947814037596,2701.028310740344,1560.1862666529198,2255.5882521411604,2944.2059129711647,2327.2583482132627,3121.0999423785697,2868.2985081158704,2722.9279502828763,2258.5236056581134,2790.3589249567817,3127.4867952350437,2355.425830100403,2207.9992465267956,2526.6625436181657,2693.5267319084583,2233.6211848035073,2726.9969608259707,2646.2473215072173,2308.323854853865,2324.8585785535383,2607.5774782558083,1259.9920560673738,2509.3481125085864,2574.3773363282344,2812.832218468493,2504.9175076960187,2305.9551216326404,2606.147202121909,2774.2891905194156,2618.425198988588,3038.13455856293,2851.5310603857306,2763.295757370479,2871.633796909971,2909.21793867387,2587.453748584248,2504.374037267408,1442.6273195617582,2782.6536317086025,2461.870147848461,2480.902086879692,2587.4700481263612,2898.833882474549,2253.0890328623423,2599.7445178132834,2653.2093078649796,2348.5841309882653,2460.0508022262034,2739.171102482908,3161.3190826013215,3135.7094491122193,2350.164688820022,2989.252338451689,2004.0446815722953,3154.4144926132817,2793.003335216887,3063.698043394549
1610555608.17OpjjHobqRkX0UPcaXrbu7K6L3805SZri,2487.9896587204526,2396.473114728431,2474.711092082835,1960.7681918973935,2499.937776103198,2285.013956336678,2373.1103358845785,2486.9395904178978,2508.947879918891,2989.4947814037596,0.0,2309.520352990661,3190.844717802807,2409.8186142674613,2407.7501310143452,2601.617776529329,1557.5959569473548,2147.152726824478,2301.3100156399864,2720.5876392408845,2267.917513513846,2161.813702962915,2506.4391835961237,2452.8184652192676,2461.2176798609485,2332.4653562375734,2468.8826606148427,2357.8768629606634,2615.071494054213,2397.6601760943067,2851.575249521576,2417.519735820763,3230.2569859200494,2878.269686747738,2644.165581224598,2187.145126262801,2692.550620155942,2792.552443801932,2376.1544742256215,2925.575568434949,2345.649861194943,1921.4386007311712,2604.5758738664676,2362.1217625878703,2255.140254851858,1963.8449858554075,2835.985009620981,2657.264518620279,2943.754383749101,2549.5225623430874,2596.1486798968344,2602.399800549191,2755.509007055207,2393.4377508231596,2704.4676852572666,2394.2342555795426,2471.777264413717,2574.7440135036186,2694.6322505053927,2298.1571412950243,2329.2375075951372,2339.803416144573,2913.8393231078016,2220.9913046735887,2719.326517591337,2195.48696903421,2636.3754987803004,2405.9950938663796
1610555721.82zWeNZfGUUfRJkgnAwlP8VMhPzXctnSd4,2320.849940498784,2497.1246062965324,2345.855250045459,2214.06099498955,2406.0149466656476,2415.08069141123,2375.6268317751155,2301.3688451034527,2325.247607766435,2701.028310740344,2309.520352990661,0.0,2955.6672042059135,2234.3077000160697,2533.4759608162785,2210.9181911771007,2499.8653206075755,2176.0015119406717,2445.748108097959,2219.2962998555595,1448.4659534076507,2107.7517029383025,2506.5141820861822,2292.4190862104997,2358.281026531353,2453.155186733336,2349.8093486561415,1871.4177029946823,2472.538718421347,2480.175988025585,2722.085902805517,2557.6971200028543,2877.648526526641,2516.0357984357033,2165.355634228466,2025.3899067477757,2299.2358053092466,2470.2676592599214,2493.1956324404123,2715.1261003456702,2225.9433595613427,2098.2831208186826,2520.4560278820645,2254.311603413578,2441.91419417645,2403.310870746295,2505.221766153477,2428.9562407168914,2628.9933761055354,2425.0514069848614,1707.8399883791476,2364.6111666088286,2735.659973510225,2584.536238885461,2403.08750342596,2535.9519994596217,2397.3528675192147,1955.712058851009,2179.336518899156,2485.7850255299722,2532.6638510832963,2627.6744183804462,2493.4595807393757,2472.9748273492264,2388.2227361580995,2513.758147945394,2428.3525103256816,2514.9950891699514
1610555735.75bom85BDF0C7W2eIseHeMxi24qR68nzMi,2458.7791632193475,2401.618714758252,2448.9862796704842,2873.8769208298754,2698.205959938255,2844.669647808097,2517.342869149565,2515.4241508787927,2648.6053173729383,1560.1862666529198,3190.844717802807,2955.6672042059135,0.0,2520.892108911989,3135.08310851271,2565.8408976233623,3329.813079511048,2962.588604373251,2948.9364714139683,2516.415793752883,3028.5987016115027,3296.021464223353,2591.2631883988847,2482.9692823777114,2869.574060347966,2945.9007143664094,2552.51511949852,2981.1174027229035,2787.784739656649,2495.3550616641614,2568.3852698300648,2839.3910374824754,1128.7777204244796,2550.656953423092,2751.5514427167627,3003.3215352812344,2724.0892399709205,2318.5140198030886,2729.7816340868508,3064.3669541558525,2811.946056096273,3218.629014173238,3105.5496569130364,2918.810898183268,2981.0426334352,3008.0115283612104,2883.6836471047395,2789.9749947858954,2001.3813296418832,3044.744947263679,2757.6417116990838,2760.418267384904,2735.1591418981834,2939.410184851225,2464.133010125308,2904.1410267721153,2919.483072073312,2621.299678545359,2726.916598246963,2990.672260052257,3322.876267654905,3279.6594777037344,2503.1278493960726,3202.195225114985,2304.6358777643763,3314.2252973535424,3082.15440855337,3225.740954853421
1610555735.77NnT5xqKnwcf2BbjIekeb2arTQj6QMNwk,1402.1225854101117,2384.689310054809,1337.218585925837,2248.4068017890145,1725.241463728182,1840.3490959567896,1446.3251277269524,1267.948103422121,1501.9905079954444,2255.5882521411604,2409.8186142674613,2234.3077000160697,2520.892108911989,0.0,2363.2121321053614,2218.706652561989,2549.931286355539,2370.635221400862,1842.2068543736716,2162.617329986304,2319.00768017996,2477.025074640005,1955.6329215906371,1315.6981179679988,2166.315636161381,1968.5173628935304,1719.3260167157673,2305.79496189154,2459.6001220026164,1752.0052819120078,2285.3401590910985,1986.4023795154715,2537.6126154547665,2482.2066719423956,2427.19377527751,2226.4384964903525,2317.2408223275006,2304.7119581444376,2342.773747550566,2533.8373840634645,2190.613903870458,2408.1406148114406,2439.080684818064,2248.6858495217707,2390.730621494607,2436.9248992381217,2333.315445717026,2123.0842262826773,2228.7096873078176,2270.424704175133,2144.4516538824882,2012.1048345759227,2403.338065788091,2585.506457875498,2152.752297978406,2054.8140389288656,2188.655503022637,2197.5580244376597,2169.7095635636283,1991.8212624923997,2525.439005873812,2613.178847852018,2441.387106878043,2351.460371430732,2168.211920625022,2547.2936865139377,2421.400862636175,2468.5957263025025
1610555638.33wjf1PhdNaoWfbRzXVn50hmFyB5bYAiLV,2434.5947390478213,2609.7105896914322,2434.011238501118,2562.841257374506,2503.9660146960573,2442.4386929261677,2428.6284783347137,2424.8539533507046,2425.614123688321,2944.2059129711647,2407.7501310143452,2533.4759608162785,3135.08310851271,2363.2121321053614,0.0,2657.5245848007057,2420.4999587790508,2455.662184502246,2444.964247268072,2753.197271535772,2506.880170196722,2443.2531981255993,2547.190529608765,2395.3346864354357,2554.3956307125295,2462.4049791110147,2419.822285430115,2738.204611248985,2560.9512370933526,2509.8872892593076,2680.0919162223136,2444.0654471653406,3173.8235197005056,3004.592879533309,2583.0715530429884,2367.9449197554604,2579.698834560895,2887.5305994024116,2701.5240008376804,2868.9661608542588,2135.691337326746,2453.807302692889,2350.2709800347666,2527.5934871486597,2265.8754340555906,2544.8491805548456,2657.729958904383,2646.627821325993,2955.6823022738236,2546.3358788658024,2637.7357126156385,2562.734398393847,3068.6770104163693,2683.369089226917,2711.346458271781,2489.6639170783174,2475.2092668593727,2649.0616476902733,2806.4358222910087,2426.1109721242046,2774.6975360242595,2432.1802998307617,2941.029877580182,2559.967356974658,2821.475763528621,2344.7006474222326,2726.499955120215,2794.8226924512815
1610555606.65jCE4ig8Pu8kvAzkxnSGfWsV0nQBjCf8H,2180.1512168776785,2507.9411731704286,2200.9464278912114,2435.8896212115033,2293.2248710026274,2539.1641901218763,2278.9415830110097,2201.1446200304645,2294.226474234579,2327.2583482132627,2601.617776529329,2210.9181911771007,2565.8408976233623,2218.706652561989,2657.5245848007057,0.0,2789.828603443946,2649.6113246049076,2590.819856712591,1885.0200047597873,2343.8819480623515,2780.8176353100007,2291.410987020836,2197.062915474682,2338.235759636406,2633.8178981214037,2158.5001249533625,2206.544852296088,2383.7799584836384,2346.5401979907397,2200.776218226247,2532.0763055009197,2408.881006235391,1981.6214048184331,1763.5517548043924,2096.0432313076276,1997.248885182455,1839.636909335488,2646.4565784447254,2679.4761320449343,2215.907677536112,2630.96291558555,2540.866322015512,2606.8976905522527,2552.5769680079525,2685.7476717378895,2364.1954612292807,2282.7922405871154,2241.6361594266527,2476.120135788284,1995.0710806647771,2389.4901668959596,2549.776445805111,2801.3937802196047,1935.6602287511075,2515.2468246079384,2425.6351217479178,1909.435401136695,2165.4234996550235,2588.032069884181,2802.7233030937805,2853.370600999022,1998.8480782173585,2721.707881763527,2078.4336066730184,2751.861031062927,2382.609342215471,2723.1869178423167
1610555608.18ONsBCVo1i7BrX0XG9stct4oiA6ejX9Oz,2610.679311197688,2547.380875337909,2607.457753651358,2311.9779430459935,2622.7201451507954,2367.8572178742493,2498.084881307536,2630.4154384710914,2627.3892982553325,3121.0999423785697,1557.5959569473548,2499.8653206075755,3329.813079511048,2549.931286355539,2420.4999587790508,2789.828603443946,0.0,2223.4214846570667,2436.438855393362,2937.45648534575,2354.425110735653,2161.841377312909,2621.1062657294033,2588.7865507424613,2520.602488928947,2367.613153534353,2601.8916271252783,2571.5838256593597,2672.068165127179,2531.4152305781445,2929.0546740744076,2439.008206206698,3392.0650696217776,3089.0686216381578,2823.7748433423517,2304.4607278204353,2884.1905455295714,2942.183097993024,2437.993943834858,3017.4204828030875,2533.346055063633,2043.0744948547576,2730.4535061995057,2462.4556418159405,2333.1708470300146,2119.6308451732107,2913.319409184633,2762.3516368077785,3105.6255015186134,2588.1671745631065,2786.62135731839,2733.940657087743,2889.8846102798434,2443.85812417345,2910.5008090302654,2435.886236233168,2547.2293980150193,2778.13423256561,2895.0479281384455,2347.999347875557,2370.859908147183,2247.3640144072765,3072.4174782698033,2132.527486119011,2895.426185554401,2106.403699493163,2745.7758390870667,2451.074708323838
1610555721.51RNoQUMP19FTMS79BmA3JkgSm2IC2AQuQ,2434.9684868261043,1689.9632774363924,2442.3363673649214,2233.9794913907967,2485.7912139497603,2342.1426509226794,2391.187243737382,2443.1942206467,2426.320905137937,2868.2985081158704,2147.152726824478,2176.0015119406717,2962.588604373251,2370.635221400862,2455.662184502246,2649.6113246049076,2223.4214846570667,0.0,2391.6434240090753,2686.846964059201,2223.2107571691918,2068.9078324567367,2471.9117464806977,2396.7794842807943,2478.327145245748,2417.450978098741,2474.2036697713647,2398.299324562224,2546.880951332641,2358.000826523772,2879.4137168556454,2433.7528322688386,3035.6433166922284,2793.479285712719,2771.420498025423,2406.368009603157,2796.2509376221087,2645.4801078874425,2282.024957984146,3068.7812057539463,2406.1777139015458,2194.306803033928,2814.731788318744,2239.3662438005786,1885.2822219356076,1582.914619932944,2761.5560206558266,2643.4168207235207,2826.312643102348,2626.4907580084105,2449.6935374913883,2637.1338389063376,2838.5243677436883,2454.6716791973968,2743.5558232580634,2507.73774277311,2471.7440891589904,2558.9793261560067,2554.257092443586,2374.5829753491466,2291.808616793517,2290.027443790236,2818.780055376016,2265.739124435363,2677.4279406747287,2201.0489120636603,2797.183365637641,2308.8334967296446
1610555971.86O0cHB2ibBJ8jxoObg01EpGe8VVV5mpwn,1848.7611163050565,2503.9444075526853,1952.354047349866,2302.3189976964813,1989.7533075291312,1274.1472572164241,1916.82502093268,1994.7410610425904,1735.4466419947732,2722.9279502828763,2301.3100156399864,2445.748108097959,2948.9364714139683,1842.2068543736716,2444.964247268072,2590.819856712591,2436.438855393362,2391.6434240090753,0.0,2557.677518874369,2431.574699021934,2335.2793769886252,2102.704803897713,1932.3774222190857,2292.704647105273,1575.0422660847614,2001.5801299947834,2468.5432413058656,2661.8360301680154,1896.2697342097324,2576.5202536153224,1903.499708898471,3015.0090248301362,2801.5352920481573,2703.3996755197363,2370.2735441002287,2669.4844462116757,2667.7235591944095,2359.693062559947,2642.716140226467,2437.6886123834242,2377.662783870944,2689.2862430568953,2265.8014775202346,2477.654754281294,2399.434697822065,2538.628560223214,2236.725643250786,2688.925374807565,2377.621045804078,2396.490200291222,2095.251056265451,2545.2188032444496,2549.903951166533,2556.2561793916307,2100.122313150365,2358.76540549763,2550.2036578882694,2369.7583875868927,1873.5372587755767,2394.108004948164,2574.80303815212,2789.6668484682323,2239.3756393396693,2592.8671585726925,2521.72810750605,2496.0879807647484,2387.0139638169785
1610556911.51zU3duZSGpcw1BDNsBLxdOCITAXwl6z3i,2139.5132985852915,2573.4072928887026,2180.1476749146705,2460.526390473708,2244.8804290114485,2517.7988216073572,2311.324222958003,2181.018980713243,2241.2500857731507,2258.5236056581134,2720.5876392408845,2219.2962998555595,2516.415793752883,2162.617329986304,2753.197271535772,1885.0200047597873,2937.45648534575,2686.846964059201,2557.677518874369,0.0,2371.475035066197,2846.225418902294,2318.067295850567,2165.7400659262225,2333.22721597156,2617.6487032557743,2078.5721287219944,2299.491311267648,2523.4630402161747,2391.0292080805075,2299.0829722078397,2568.1482389204634,2319.2810828328734,2138.009861705228,2091.1587801937503,2287.066163330291,2012.0035478220864,2092.098700541834,2697.2877850580003,2701.69009494867,2265.772705756604,2703.8607622769096,2627.149306557439,2462.8910695367763,2550.184431425015,2752.6930982908766,2380.050661073913,2220.5263419425005,2182.3035509913652,2547.482450052145,2008.232270777533,2354.112839886575,2685.938458648415,2859.0612243134624,1929.385992746135,2548.1840049756206,2371.3206267850123,1929.7185224252637,2072.689556406902,2627.088676410866,2931.183642305788,2953.2493041570565,2005.1754171916473,2816.5358041199265,1985.059895864346,2919.7499734762155,2442.481671069279,2853.293438233072
1610555988.71dMoYT8250UHHJGxgmITTmbHe7V6gH1yU,2410.5111124251166,2553.618531903132,2411.9585295788843,2306.308225599833,2516.671076434245,2354.3756650871037,2454.0911799051437,2396.5047657075684,2395.67928535072,2790.3589249567817,2267.917513513846,1448.4659534076507,3028.5987016115027,2319.00768017996,2506.880170196722,2343.8819480623515,2354.425110735653,2223.2107571691918,2431.574699021934,2371.475035066197,0.0,2111.4239680677065,2552.2585217433793,2368.000042932136,2410.1052340536717,2388.641286113484,2425.0999960359077,2025.0370604964946,2560.267311601489,2521.5397633163984,2738.4399551410643,2566.3333855863607,2981.055582652529,2629.0814675876977,2223.8803720836227,2082.7220870446326,2397.2160701822127,2605.623465168339,2519.559896233214,2759.4151542891095,2257.0488750232944,2026.497923561986,2587.151000369848,2225.0090623508313,2392.5709568104244,2348.717385867552,2493.8069992380565,2450.868657239461,2738.4502376203986,2455.160504370413,1987.8653954201257,2403.024592797573,2812.337495227445,2602.460520856637,2499.5697183117936,2516.4978552362118,2440.707776591244,1985.6911556599669,2278.7733527684477,2502.4739982404135,2469.5173111427866,2538.281350626925,2641.4731689915693,2429.3152792244227,2514.1808355092667,2429.8956457875634,2454.1394006877636,2501.487174772096
1610556042.81mlUZsSp7gbGjrp8jQSnybT1gPy6e62o1,2609.8313878415925,2465.703480982771,2618.772502140635,2421.1095183944194,2586.8467184847077,2356.1962051854707,2502.139118852581,2606.11960169866,2579.643945485545,3127.4867952350437,2161.813702962915,2107.7517029383025,3296.021464223353,2477.025074640005,2443.2531981255993,2780.8176353100007,2161.841377312909,2068.9078324567367,2335.2793769886252,2846.225418902294,2111.4239680677065,0.0,2563.170193472833,2575.5667095746326,2509.7558976799323,2365.2352671072235,2606.8904800759738,2358.2627817499447,2707.107095438738,2432.646562203112,3013.0844278075538,2388.0062209303896,3342.4296163067124,3004.914447441546,2770.093431877087,2347.926562227085,2871.9914248763957,2883.50883071885,2468.7968822777534,3009.6465481014748,2613.731186506794,1990.6474362447923,2771.181330804405,2429.028672600618,2271.8124514215506,2192.2920904417024,2869.5112080890544,2714.274263052949,3039.633178228558,2552.8686065004686,2566.7342416086717,2661.6394305940535,2905.477535625324,2493.48800232755,2924.9909618249485,2503.2475598850856,2510.2131130323783,2654.6634042792757,2705.7714059876935,2182.8435797464,2141.8819076931336,2332.5956147496263,2992.225997096519,2128.419940899357,2831.7169268134357,2038.4152384526958,2694.6588134736385,2209.0517704882077
1610555637.02UBW5nKvDyUrKnaWcYRGajZPxTRDS0q3N,1931.8498666863711,2313.172263776789,2009.330197648337,2412.3822539908006,1623.0423209170447,2043.0054975107582,1889.3429102203181,2092.208332235106,1941.1395954288355,2355.425830100403,2506.4391835961237,2506.5141820861822,2591.2631883988847,1955.6329215906371,2547.190529608765,2291.410987020836,2621.1062657294033,2471.9117464806977,2102.704803897713,2318.067295850567,2552.2585217433793,2563.170193472833,0.0,2039.0733095494763,2042.4239087840633,2110.9156903397097,1682.6879992766549,2536.3547836184557,2487.39382469082,1593.8479469957088,2163.6281314658,1823.8216027801288,2573.5246123705956,2513.2946548041286,2513.7385691097916,2392.7426191652617,2430.1166793599755,2170.5414647111725,2230.5861702942116,2645.8382652604914,2293.8388304380396,2609.893022937279,2592.5894401450705,2517.853573037222,2446.4117030135053,2445.877192159203,2275.4844539221244,2230.8895617590792,2240.7007185684797,2274.827295754896,2405.2510911096992,1970.5221933933522,2460.3737848127935,2495.4305020440825,2214.337881680218,1707.6013407281002,2319.7763411905603,2406.744607402639,2417.543441143447,1979.5406669930028,2579.7626962889617,2667.8450466464137,2341.343632967006,2468.792570820677,2199.0783016351465,2634.6178863285872,2546.5975819282767,2551.752184601324
1610555619.13oUYNikU4facCTpUSiSLr0vPI0tJLnXiT,993.2479375954778,2432.212926547931,818.3083756961421,2256.4247767499355,1862.2997999831218,1913.6405759126499,1619.5428354815829,794.8393016384596,1512.5431722572448,2207.9992465267956,2452.8184652192676,2292.4190862104997,2482.9692823777114,1315.6981179679988,2395.3346864354357,2197.062915474682,2588.7865507424613,2396.7794842807943,1932.3774222190857,2165.7400659262225,2368.000042932136,2575.5667095746326,2039.0733095494763,0.0,2209.7316233708852,2044.3272559370118,1708.8947528032743,2323.757980372047,2496.8100938252373,1833.7813314943905,2298.1286820736545,2008.5823336274107,2507.5264816449335,2480.9249334574215,2392.449020908464,2238.6587704389663,2312.250829827886,2328.3681344378915,2391.3653561825317,2551.455900369103,2183.605957062676,2449.5498824906076,2442.1093816091943,2222.6420221317335,2452.4431961475852,2514.9896101193963,2350.2093540558963,2096.1895267327354,2231.258398938346,2290.9466331844683,2122.2119579621503,2082.092371067165,2443.892386776557,2638.7109421558393,2170.2052426768923,2123.1156572601194,2199.6292794285455,2187.2731205591776,2166.1658558166923,2106.5461967837555,2605.4109622220935,2652.5151684540206,2429.4609597784365,2394.2574218035875,2181.685679739501,2618.754235118007,2403.5388728199105,2565.7310661547294
1610555721.03nzkucfjAUh31zTbmCVvTVYqtjoxZFnBh,2155.665592557634,2515.4264121823117,2193.906350026577,2556.76019633594,2150.2815283616633,2214.6811484500977,2166.461402925352,2252.801571901386,2190.749940207221,2526.6625436181657,2461.2176798609485,2358.281026531353,2869.574060347966,2166.315636161381,2554.3956307125295,2338.235759636406,2520.602488928947,2478.327145245748,2292.704647105273,2333.22721597156,2410.1052340536717,2509.7558976799323,2042.4239087840633,2209.7316233708852,0.0,2274.218124217561,2176.452053221113,2348.2414411178656,2727.8980447704457,2176.4754713601233,2453.8093960126293,2148.9984204585994,2756.56510434809,2522.8287566477443,2335.3920251691106,2410.3309213933135,2407.704385973038,2341.0324829838482,2278.3862408304662,2609.3047527874855,2523.7922537626364,2504.7464594483104,2554.6502226131024,2585.706448769186,2511.177013900645,2399.602499832795,2377.2397142217205,2073.5103933019077,2472.6005488883484,2354.4946874603397,2269.8730199483566,2272.9003126103653,2547.3494413228045,2661.696912811297,2393.194846638941,1965.968526750762,1901.4488026216632,2317.6968818637993,2286.4111680005544,1951.518749511236,2442.3590022655735,2560.3967512936965,2464.8225381049174,2213.250194962409,2371.7076589258045,2562.3318588154725,2374.114628512894,2488.752877821312
1610555722.67fhKURdXVzRbLIjXmjRwdJHTnE7PWb1AE,2015.968499202521,2546.288179030901,2064.1206981747628,2419.3842473476698,2115.804355276747,1138.7962089559953,1971.640185105283,2094.9757968918207,1989.5068119347507,2693.5267319084583,2332.4653562375734,2453.155186733336,2945.9007143664094,1968.5173628935304,2462.4049791110147,2633.8178981214037,2367.613153534353,2417.450978098741,1575.0422660847614,2617.6487032557743,2388.641286113484,2365.2352671072235,2110.9156903397097,2044.3272559370118,2274.218124217561,0.0,2114.4835239573886,2483.4295546539706,2680.6938881923033,2000.9147273151016,2607.3252407818,1945.343097230446,3012.2431299389805,2868.5560828356797,2742.2860632915194,2367.452494228702,2688.2119893298554,2736.93051260159,2350.8925122220057,2670.1165013220807,2516.544874659167,2363.068199429771,2706.5956634124395,2310.1355779996975,2484.9276700095056,2401.097134084081,2486.86577202358,2318.7071939614416,2702.037268871657,2390.9638745924613,2459.297019508226,2205.8378481953973,2530.152358401453,2567.9068630321776,2624.5212467623487,1982.2045694322715,2402.515711608797,2521.290850324555,2449.02267158618,1824.3675084878296,2411.9759585174675,2550.0467945306164,2840.831356144167,2194.545401099685,2635.1659668863194,2508.885492030333,2559.98260756391,2439.318443807607
1610555638.39J2ZWBLuLTHP0jOlzB4tNHmYeijH5g5YJ,1636.650030152864,2467.4956836765314,1695.5656690448284,2245.4723420590726,1569.7503082307173,2005.6660434933244,1786.691510948764,1762.1679159226896,1705.062455861958,2233.6211848035073,2468.8826606148427,2349.8093486561415,2552.51511949852,1719.3260167157673,2419.822285430115,2158.5001249533625,2601.8916271252783,2474.2036697713647,2001.5801299947834,2078.5721287219944,2425.0999960359077,2606.8904800759738,1682.6879992766549,1708.8947528032743,2176.452053221113,2114.4835239573886,0.0,2347.8361444228062,2510.5241588121903,1868.5941604617165,2044.7559085171495,1926.0927246977276,2522.6362640687043,2439.694633022096,2413.0879498702297,2257.878288424139,2316.073588846563,2286.9193689664435,2415.3646754145293,2517.639887539468,2127.2631523683913,2508.456416592436,2399.501221644879,2395.0029422243224,2475.931880733648,2571.1286008241177,2202.993161501139,2064.3116057571615,2168.1135409953563,1951.5765311727894,2217.1072303873434,1906.745795166643,2462.789757549302,2650.1505408146413,2122.0500757487584,2057.3166584640444,2308.3075932683187,2214.164924230291,2231.5440099529933,2111.9799511103874,2630.25517211276,2664.687494822702,2287.5589177430325,2466.5371884301385,2099.412630690012,2662.7559978507607,2238.054078604972,2565.104502574768
1610556032.17Q6yCDx9g7alRnL9jBFXD2JhhUyB2hKfJ,2340.8979328782775,2531.5104653842022,2345.003228298089,2229.962544628043,2423.4684596161005,2450.3692162259163,2371.5867264109093,2313.790298752354,2363.4332933505525,2726.9969608259707,2357.8768629606634,1871.4177029946823,2981.1174027229035,2305.79496189154,2738.204611248985,2206.544852296088,2571.5838256593597,2398.299324562224,2468.5432413058656,2299.491311267648,2025.0370604964946,2358.2627817499447,2536.3547836184557,2323.757980372047,2348.2414411178656,2483.4295546539706,2347.8361444228062,0.0,2607.062153427118,2487.3644757342877,2741.262641131915,2576.365204394131,2915.2918169425593,2384.624456696726,2351.9459964071048,2172.1861041491343,2462.013829809883,2413.289086263199,2461.366813861893,2745.4266110676194,2435.1953620620543,2170.9483476831406,2552.2375380675458,2255.845851215818,2558.998374029441,2388.0894496808005,2591.396546117269,2476.907559241372,2654.1671043663023,2533.1968274883534,2000.9264989086132,2502.9393795745364,2594.1139084434863,2679.584823767356,2505.1063896515807,2617.2192411479855,2369.7216906209583,1954.9047624304267,2105.0361473526013,2490.4514287313195,2416.884060553485,2748.072597375812,2521.827037600895,2409.195282569882,2400.0768816658965,2586.3523398656266,2518.800059073336,2340.389079898526
