,1610555604.25mOvVXuL01OCiReyVWBfesjuvXmB3MoPy,1610555605.43B6oDsBtWRQ29Q9UMQuTUEPZy3FSSWXzc,1610555610.92HPGJJSmyPM40z7otPBgHalNrHFA7zk5d,1610555606.68LaSQbm9EHAFycEfFtEqAwYqlBsQPjIRW,1610555617.19EKxMEwDHfXiEJZc27TsGoERaD6Da4BZU,1610555722.52PJ3FD50MGhRXyUD28vluU8Z9UjLJLZn4,1610555617.52Ijr5puT55g9apK8auM7zaxa3NANg502t,1610555638.77ZLjTLkz4jYJdFMI2wWBztzsDILkoOtAk,1610556912.46C7tJPLF0XfNnm8f1820X9aLmXMHoc0Dw,1610555617.51LjzIROg0aeCP2GhDcAVQ0LipKJB9jmKc,1610555608.17OpjjHobqRkX0UPcaXrbu7K6L3805SZri,1610555721.82zWeNZfGUUfRJkgnAwlP8VMhPzXctnSd4,1610555735.75bom85BDF0C7W2eIseHeMxi24qR68nzMi,1610555735.77NnT5xqKnwcf2BbjIekeb2arTQj6QMNwk,1610555638.33wjf1PhdNaoWfbRzXVn50hmFyB5bYAiLV,1610555606.65jCE4ig8Pu8kvAzkxnSGfWsV0nQBjCf8H,1610555608.18ONsBCVo1i7BrX0XG9stct4oiA6ejX9Oz,1610555721.51RNoQUMP19FTMS79BmA3JkgSm2IC2AQuQ,1610555971.86O0cHB2ibBJ8jxoObg01EpGe8VVV5mpwn,1610556911.51zU3duZSGpcw1BDNsBLxdOCITAXwl6z3i,1610555988.71dMoYT8250UHHJGxgmITTmbHe7V6gH1yU,1610556042.81mlUZsSp7gbGjrp8jQSnybT1gPy6e62o1,1610555637.02UBW5nKvDyUrKnaWcYRGajZPxTRDS0q3N,1610555619.13oUYNikU4facCTpUSiSLr0vPI0tJLnXiT,1610555721.03nzkucfjAUh31zTbmCVvTVYqtjoxZFnBh,1610555722.67fhKURdXVzRbLIjXmjRwdJHTnE7PWb1AE,1610555638.39J2ZWBLuLTHP0jOlzB4tNHmYeijH5g5YJ,1610556032.17Q6yCDx9g7alRnL9jBFXD2JhhUyB2hKfJ,1610557007.49MyVgDnuUuBxrvL6SGOdhKf69VYlW1MSm,1610555638.44hjT5hbYdKoE3MB6hijrjqbjmLgvCUYKD,1610555608.13zUvmFSCRt6SsLbhqFznMEvGx54GPGQzM,1610556038.62a5C4ynd1AARyAhTv8a58NCqHvXRjscqH,1610555644.45Xse8u7pusHNsd7F3d0A32HXvXr6weOJE,1610556038.62gKXOCG7XCn55eJvyl5voNjbwOW0znQDq,1610555987.13v0oleKK97pkesp6oMgprH8SoSdoDVdIO,1610556964.96ZLLeiQW0qpmxhPGTg7K03fmzkqsC2bjC,1610555987.13VQlEedQ50VvkPMEMzZDv3KNnQCewykN9,1610555982.186TY6MMGkDecIN1woW6vsfAMXVV7jnyjO,1610555982.673LuMndkwkvdmZOn0MmE2Pkidx0FtNalb,1610555733.38zItcuH7gHNfKdALR2d9Nek6bxCyw36Vm,1610556034.15BQxSbZINGCay0yp6RBVlgcPrw76Yn9ON,1610555639.37BPZpgtGml8qUsh9AdV4m32jPLfI2aNFq,1610556965.57S0adAalhWYe6K3bkZU0bRHbqnDK8gGkR,1610555983.54zteLPCMjyrjzPdhHhlZr3faCgD0TfYr3,1610555987.79rHnNRmt9a0ufmnwCvZqBouyUoZDNpylW,1610556960.041xWER61rmArlsKfiMl4frikWmUCnQ7op,1610556035.13a7NHZDutfTMJ88qle1gTYY59Dr4WmMsj,1610556890.456ZBDaY16bMtrTZTqAgHl3wq1tRxzqDow,1610555760.24e6890pkbyZ97Or6croI1rQgjkSsR0yVt,1610556043.02YpWMIJg3W004iqlPyv8OcVAZdSC5rNYw,1610555987.03z05P26TLtONYM1HSzupoc2CeNMa6HTqr,1610556032.15OYCzUxpsz7b10AXBAuDXrvEcvxFhf0M7,1610556032.63Z80yI9pNwS3jSmsDABbuhf8wkNa2Ze9y,1610555736.28eGuESasTXdR3SqY6pHhEXWZtcdciYLCO,1610556034.61bebeZA0MkaFG2sm3VKiqrxeqQginTTW0,1610556944.5XwXOphKYT3ZkWA8gViqOS97VHVuMVUqb,1610556944.745UVLFBzf7fPh4UH37I6tYQOFPqRDytEh,1610556034.63XsUwaFaPZevO1JNFjfhvY4aKNFnV4noV,1610556964.89xwBHw9faT1HjQRMNQEyA4qJ3hWkwgj3k,1610556966.74DydzH91jtyvRyYau47JpVkZoMRSNTt01,1610555740.77UueVziDbaXyRR4OcVJIIZyzOfAzN51bj,1610556046.84e3vwjyRCzqz0wJQhrk8zsxlFfFSv98Df,1610556137.99eoPuVrDThKAOvmeprLPb2FWRqIhzUodc,1610555740.73XFwSrmTXJPlaxGZSefh0jOVA8PI3III1,1610556123.88AOfNaz9jSnqU5Czc7okOv1RCrYfKFBTo,1610556046.85nB7NvyoYQeLcOV391Lmmut1wAM8CFGLw,1610556123.89H4pdIAzDthI7bMXMhlIhKUYIQIvtmPPQ,1610555740.87GOYQUJKpkynIS2lFqppYK4b32ol7NeGh
1610555604.25mOvVXuL01OCiReyVWBfesjuvXmB3MoPy,0.0,2208.733329940955,603.0289770175933,1991.8410804129128,1368.7988907335307,1627.6931346677572,1304.5655672967632,821.7384459711793,1051.4128189930746,1949.2569262007744,2248.7949117590383,2049.622623690612,2265.300298923993,1101.3663086382658,2148.647227603087,1871.823991081132,2393.2762744528136,2199.6747623108554,1519.1521647579336,1825.8537790156836,2173.958313041209,2351.6292405696095,1600.0092567439192,711.6609916562811,1872.5287655039856,1746.5205752840848,1310.2208526321476,2070.49622386589,2185.12102757518,1490.6450963718762,1865.7023477365544,1580.1574298860758,2279.0817841316293,2141.9917337041466,2096.1130336964393,1973.090081471174,2020.7184794548898,1994.3625330382931,2096.846963490002,2198.064083153952,1970.478307490388,2243.1858503171657,2150.723659041931,1956.5960119414292,2232.729667668289,2278.359260356631,2014.2725279776305,1727.5449076778036,1953.9843406846908,1961.510799443036,1797.2635416304718,1630.1470779345198,2128.5573011704805,2381.1473963577077,1810.6168564701745,1754.8101305264854,1870.6041459594092,1961.604468781369,1789.117018509491,1765.400695441063,2321.4772397061697,2424.0152201719043,2079.034659564355,2164.7978939800473,1876.0594153329807,2412.86567592356,2070.0852830077806,2248.0084517868722
1610555605.43B6oDsBtWRQ29Q9UMQuTUEPZy3FSSWXzc,2208.733329940955,0.0,2189.512499116109,1946.0271303428383,2196.2140037270588,2216.874602241314,2078.163539200766,2259.6960053856005,2247.431711613305,2224.069313948989,2185.575386413497,2304.216722107255,2197.033362315993,2172.8125257062457,2390.7713468693005,2244.1786394326214,2344.0369492712193,1540.2060087734894,2241.0647493692186,2287.8151763607048,2359.371053411692,2291.141965651146,2020.0439234529138,2219.4799283737652,2296.0728495057538,2333.436427450106,2195.4539469473357,2339.540610501936,2073.814849151561,1882.7256218695438,2373.0689880416157,2188.759770516575,2317.8324912977346,2203.874685177655,2410.5497096445865,2352.9505088719134,2460.64282576019,1975.4044150287543,1772.895711374071,2806.5062023316655,2218.7941173395193,2295.6420657298295,2672.2090899192344,2137.93974224637,1833.2428773286529,1515.776139785122,2523.4801658890356,2371.801626067104,2140.3111717774955,2520.8675570419114,2293.246135224067,2297.492156327868,2389.068603558621,2066.4570299170814,2265.8478966350135,2241.7999862700563,2314.527373880551,2273.390366506974,2332.3222846444824,2266.497413257174,2353.2991686410223,2317.327183312381,2195.6531143568623,2369.059909994588,2066.095898162126,2313.4431713200183,2616.6465775482775,2326.1027479138106
1610555610.92HPGJJSmyPM40z7otPBgHalNrHFA7zk5d,603.0289770175933,2189.512499116109,0.0,1957.29196018113,1396.6023564991685,1654.1278814734987,1262.8621306987127,700.9265306315867,1127.9919242070032,1933.7932549983677,2226.1855186566636,2057.7297865046826,2254.905528937446,1023.7255303603325,2142.973632873257,1848.3487768562995,2382.189512218385,2210.843170678807,1581.695619762264,1815.7651703645759,2167.5791181362947,2352.2021607069632,1636.2766509998928,607.424621854552,1889.4085624406664,1772.9169537436533,1325.5765188163768,2048.4717595761826,2171.1585494485207,1473.6168212828138,1866.468887224442,1636.835209073276,2267.5222497898135,2120.766734016537,2089.0043317590616,1962.6540331681304,2007.2773714265456,1983.8082772869207,2111.6056534148756,2235.559274636991,1930.3197557569222,2235.236744383686,2135.1880866643946,2006.3262710657957,2218.2351754613064,2272.9580222776917,2020.6378363807287,1754.811059677818,1932.1455323961766,1971.0726142150297,1805.741079468025,1669.4915230171364,2151.52151938138,2386.8292263968183,1785.839271632302,1781.7328649981628,1885.437496680408,1920.7979021508418,1810.0152651252606,1788.198369571817,2328.8406086242376,2415.4368163439262,2055.5489460302615,2179.142969158636,1850.7661517382865,2406.146509007042,2062.5262650044388,2264.8270470512734
1610555606.68LaSQbm9EHAFycEfFtEqAwYqlBsQPjIRW,1991.8410804129128,1946.0271303428383,1957.29196018113,0.0,2007.1936507284768,2066.6451597635278,1972.4740705146971,2000.918055521382,2032.6225983599822,2466.6303768904168,1686.4431890762705,1904.2682815166556,2665.6226832061056,1960.8707051874107,2242.375933300903,2143.569685807891,2055.0694192983588,1940.7095259839464,1976.2650452558896,2083.4849721660403,2023.5830693086098,2136.725736310137,2085.8584874955154,1964.0597043197163,2261.5683924927243,2147.5416550596415,1902.1401358561934,1961.968577116217,2249.9541992354675,1954.9704965515768,2278.273260666275,2125.3648837983073,2693.881698770136,2331.8699158662776,2210.8807924415582,1864.4018223590251,2251.8591314665364,2248.252949729328,1897.247910735375,2551.3222607256635,1912.8823780887312,1901.244858161074,2303.0049480863713,1841.2845708913294,2053.0459501734053,1958.003794037895,2405.3227389110575,2207.755435768072,2360.731617228134,2346.4276096807203,1997.3364071906012,2114.8640478483767,2420.481203752525,2171.3229390095817,2096.3917682923507,2220.6244871441436,2181.468228245612,2041.444043809509,2069.897411946963,2164.3714607666925,2186.2850149478204,2388.297106975077,2276.9109000341327,2223.7143264820947,2081.8400884754656,2318.4617793374614,2294.860426385974,2208.0810665010044
1610555617.19EKxMEwDHfXiEJZc27TsGoERaD6Da4BZU,1368.7988907335307,2196.2140037270588,1396.6023564991685,2007.1936507284768,0.0,1693.7147538952215,1239.0103835766236,1479.6561498226415,1233.7288183685544,2113.036694645459,2152.4130823741525,2076.9964636659747,2431.1605921511946,1353.9499069614956,2147.9296543142,1911.6864128990005,2291.237644359764,2170.74770983761,1616.0036751185316,1890.8181368104008,2190.8176230720746,2233.7002034925854,1312.0752420763235,1418.8898280845733,1805.9312908332197,1786.2325097391754,1219.7975481010585,2096.2546386909676,2234.1313239238402,1422.37896548848,1912.7128399727223,1425.0324109466164,2429.6922875105065,2183.1330792006247,2142.2241218401914,1973.7667966580382,2049.0521949874233,2026.412806540486,2082.089392567228,2337.100112043581,1931.8673930165453,2240.7127524401285,2147.637057264214,2130.16993632406,2166.186606267002,2232.3003780853014,1984.7534574736912,1812.6582934633145,2033.8962631774245,1859.0002846613932,1982.8991738530726,1611.5000806989829,2171.4607911816947,2312.8069878953534,1896.6736648848957,1622.0963816897213,1885.846267730757,2039.8308177982556,2006.068872177567,1666.9665979942715,2215.6706460176174,2371.1501872434146,2109.6625172126073,2086.6907999270884,1922.6631365287553,2349.404278693358,2168.6800831699143,2140.3852011205186
1610555722.52PJ3FD50MGhRXyUD28vluU8Z9UjLJLZn4,1627.6931346677572,2216.874602241314,1654.1278814734987,2066.6451597635278,1693.7147538952215,0.0,1640.4395475841525,1712.1835467403434,1561.6411707233608,2396.4620563974518,2041.8128393966815,2185.9078824434278,2679.225388868195,1590.8357059281375,2170.6675536575144,2250.850891788329,2131.4494298997997,2097.4072415878277,1031.1157743641274,2233.440521467407,2138.4138679265748,2106.8001718860182,1740.5571020233258,1658.8361597372289,1954.0631234724578,925.4014138776972,1690.7776841456543,2192.8749786235876,2358.1385182137756,1593.2835459463743,2183.343891721079,1485.346697173569,2757.467568765751,2477.8728855670306,2406.4869932231722,2079.0061605746155,2347.0409818162884,2395.0322612504274,2037.119572370987,2345.519933223709,2189.014278776935,2112.6227012404124,2367.8408253008743,1990.2366522220718,2173.4239671629102,2061.5160201457393,2089.57534590681,1874.0169738106981,2409.5238792692357,2045.114152582324,2101.0408228365673,1764.447421504226,2203.271480971478,2299.557128790214,2228.8400333060354,1608.874960455312,2078.22024268002,2205.3530750242003,2067.3325764827096,1497.8410204695729,2104.935326507526,2257.734883246059,2476.1534005481926,1917.3816857679144,2299.965124998257,2240.5600481989723,2234.416566325521,2106.6028223040557
1610555617.52Ijr5puT55g9apK8auM7zaxa3NANg502t,1304.5655672967632,2078.163539200766,1262.8621306987127,1972.4740705146971,1239.0103835766236,1640.4395475841525,0.0,1384.7822196046775,1373.2872453201458,2076.994481135756,2134.670583187817,2149.5681687272004,2346.4571749371826,1176.995041375615,2171.0080912568433,1972.7337535322265,2284.3460720600815,2169.430711455637,1586.0149284086542,1992.6028806549061,2244.984254147508,2247.859346356281,1586.5982525416127,1319.0968178014161,1897.5477847424172,1725.1898747064229,1500.7177277248352,2135.335730757249,2128.391860249065,1159.9022086466864,2002.4408212762921,1450.603270078614,2387.180855709317,2154.866405965418,2201.961427400123,1976.1324431500939,2167.875938110579,2002.072133201052,1952.0294448343157,2326.94359787938,2059.0446495594465,2251.034975959539,2252.8598519331335,2072.943826538249,2183.912245063714,2132.390128717994,2164.0912361283886,1884.7181834389262,2022.3195511202975,2030.1606214590583,2009.1592263894347,1682.7372823209719,2031.470719973169,2204.907086892592,1940.4317487632889,1704.8719109503356,1908.847600446923,2106.413680037088,1982.4788038559902,1608.0637183157664,2228.5356393479797,2337.101464574049,2158.4843263988146,2068.49963490099,1924.9089197466212,2343.7100944691724,2189.5440081878705,2160.967183907567
1610555638.77ZLjTLkz4jYJdFMI2wWBztzsDILkoOtAk,821.7384459711793,2259.6960053856005,700.9265306315867,2000.918055521382,1479.6561498226415,1712.1835467403434,1384.7822196046775,0.0,1199.6870263620078,2005.9691510993964,2253.132082012094,2042.4117701811351,2340.5401815809073,1006.6064093490146,2153.634154045096,1888.0963502128552,2421.2938462250454,2235.120525491399,1654.8791378840253,1857.2471611376068,2166.1898745804488,2363.0988374461017,1765.8273270088011,620.9346215744996,1965.5766226790402,1827.051365235768,1427.657051473562,2043.8819015558176,2217.054444369482,1594.9747101732316,1968.5825212851605,1728.0974713157614,2342.424349003457,2155.6819268450226,2121.1406878328835,1971.4496877639722,2033.3554156722516,2072.0667258314575,2221.7095224582667,2316.9279487121726,1953.712519119174,2234.6423597914413,2117.396662663588,2016.143044003825,2253.9812182811497,2311.3467111114487,2050.492465745465,1800.8026711180114,1986.9248456880418,2023.3832698516233,1793.0974686157892,1757.2420983048216,2247.887330583861,2469.5721112333745,1865.6495760853602,1882.7479200172243,1940.7258544942779,1934.0675226760861,1840.0939956263169,1850.0956148634718,2375.2522600072302,2457.194690204072,2090.983042252406,2209.6569815185976,1898.0329838553268,2424.4957860984305,2101.51297163977,2324.350018459006
1610556912.46C7tJPLF0XfNnm8f1820X9aLmXMHoc0Dw,1051.4128189930746,2247.431711613305,1127.9919242070032,2032.6225983599822,1233.7288183685544,1561.6411707233608,1373.2872453201458,1199.6870263620078,0.0,2097.613085160168,2212.700601877478,2015.787803934136,2412.3783643276765,1182.5655468054977,2106.828829473036,1935.9396540743708,2346.43631206206,2166.6220593254993,1402.8795057722132,1904.0487538483494,2118.72280262734,2285.3422523728686,1585.5983598204878,1143.6419257416096,1867.2112923007567,1682.2111792741011,1336.1254202362009,2055.0088683394047,2216.6705078831296,1535.5642173669964,1956.7278738562327,1561.0064768402344,2423.0210785500894,2203.162619371416,2142.42049940564,1963.7465691677576,2065.454695255281,2071.088649814418,2120.2991946446386,2297.142479295249,1957.1922690880438,2187.0242020742776,2134.390293881524,2011.499064394351,2222.8705587956256,2253.4527055789636,1983.2013564969677,1769.3975653629705,2064.345630832903,1899.2156375199747,1861.316167269105,1624.4043635772862,2173.992439724747,2375.922440128908,1923.653243204832,1713.1891115163594,1924.7606169561645,1993.3825525563286,1891.510142036119,1708.8695311560798,2242.162563673567,2386.312639589569,2144.378201671311,2105.2694722813094,1957.039961714003,2353.094985432324,2133.8852852986442,2167.764009476975
1610555617.51LjzIROg0aeCP2GhDcAVQ0LipKJB9jmKc,1949.2569262007744,2224.069313948989,1933.7932549983677,2466.6303768904168,2113.036694645459,2396.4620563974518,2076.994481135756,2005.9691510993964,2097.613085160168,0.0,2821.7079194022626,2522.1899834411015,1385.7376851833646,2043.3567524225912,2735.0743497683925,2022.3768328449976,2979.7910955518564,2704.827420821226,2467.7147759653753,1930.6027447060508,2640.028312176347,2981.039248658229,2060.582150435202,1990.5794461087062,2288.818408577148,2513.359509042039,1962.711588510608,2523.5442089660446,2366.402374232107,2070.6289135220545,1947.4038955297633,2360.5262909722233,1089.6167722934756,2182.4871439974963,2307.965182456399,2577.287538698824,2208.6321336938922,1988.1858464637744,2381.070753044061,2532.5444795038215,2392.213844187747,2879.523570139313,2592.0368163591916,2555.4368166012573,2683.7913493420288,2710.2505888657406,2279.1035450701397,2186.9478244561396,1143.8544452597282,2566.59863480303,2161.6538632038096,2182.409607755092,2352.5243506157613,2710.437846713049,1920.3268015553158,2356.011793770994,2407.7522144854065,2104.5712822053806,2156.5416606936265,2525.676642068076,2957.501443181294,2975.522513567939,1976.4766245831738,2848.354573735785,1662.7889194815439,3012.013563624671,2543.2946174606836,2847.141210592302
1610555608.17OpjjHobqRkX0UPcaXrbu7K6L3805SZri,2248.7949117590383,2185.575386413497,2226.1855186566636,1686.4431890762705,2152.4130823741525,2041.8128393966815,2134.670583187817,2253.132082012094,2212.700601877478,2821.7079194022626,0.0,2073.6649677033415,3059.9331147949583,2166.750172598977,2114.4754832233925,2329.234743644416,1409.6662460544442,1917.2150062859116,2001.2173633301406,2406.1712480133256,2057.0992309579724,1917.9479011264893,2199.887586924479,2222.4149507704165,2195.126173811289,2100.1270531421296,2163.6144256929815,2114.288012393889,2339.314546365108,2142.351491926737,2522.3888270868606,2110.548568700702,3089.5002108483436,2593.6052713801855,2387.3979000245113,1915.3203079131604,2432.8872167232375,2544.0738604495077,2114.00779510685,2664.452980461449,2107.3479048608237,1678.9663036764339,2327.4453088268374,2087.1005053119534,2004.8959430363282,1719.3228742936244,2542.3786258076007,2348.456825625727,2730.8133783080993,2259.9547449362535,2295.0901985159016,2283.408765670655,2529.3168649491145,2178.5131143143817,2428.0579470720527,2125.7255014618668,2176.165902653288,2332.090706883712,2388.419405377424,2038.6459610813254,2060.112657305293,2112.156284577911,2584.165395227732,2013.9004705015914,2443.726906763025,1958.216815633428,2331.595886123661,2120.6177827152433
1610555721.82zWeNZfGUUfRJkgnAwlP8VMhPzXctnSd4,2049.622623690612,2304.216722107255,2057.7297865046826,1904.2682815166556,2076.9964636659747,2185.9078824434278,2149.5681687272004,2042.4117701811351,2015.787803934136,2522.1899834411015,2073.6649677033415,0.0,2815.521910053676,1985.8474672683328,2306.114797058186,1891.7953511266276,2293.3366088972243,1966.6783983920343,2173.637212260317,1832.3935263366911,1260.5876005701803,1928.9671416381639,2209.1944933505606,2024.4641816854523,2105.42779822279,2227.998257374125,2039.5983553535323,1603.238618935882,2190.569432397937,2226.8902483614443,2366.409576978526,2293.5994563272225,2720.9952856788013,2183.5798230713353,1840.5171692729077,1729.8951080789343,2019.6868753720678,2184.5556139790597,2289.4886189808194,2442.812728975341,1942.6721590873976,1870.8823903031903,2249.833485784306,1959.91235383789,2182.1411053251804,2172.2833901843574,2156.6236907045845,2071.2640720681516,2397.4511911895893,2165.16000288621,1343.406762438361,2009.3123345691297,2505.8848783462113,2394.5267190245277,2044.8387637413248,2267.888472885811,2101.9367258193947,1636.1351255968032,1805.1815711285021,2248.660618731386,2257.635399963576,2418.526700460953,2128.842773841385,2279.2396692759994,2066.3566849122244,2299.263396058184,2130.243857096609,2231.721132995908
1610555735.75bom85BDF0C7W2eIseHeMxi24qR68nzMi,2265.300298923993,2197.033362315993,2254.905528937446,2665.6226832061056,2431.1605921511946,2679.225388868195,2346.4571749371826,2340.5401815809073,2412.3783643276765,1385.7376851833646,3059.9331147949583,2815.521910053676,0.0,2348.8295657460894,2963.8859645087978,2321.968163829469,3227.4325231672246,2813.6739183922195,2730.2267227057323,2228.923732653344,2919.3739698620184,3176.091382364327,2339.458725215051,2311.253366936749,2674.458350226643,2802.17088839662,2318.3075698107095,2816.485993447487,2548.6736217743137,2287.0848802590376,2238.061096445429,2633.712547376607,978.7713550916602,2247.274315663046,2546.132205733438,2816.296050446324,2486.11284477436,2025.591082330867,2535.2502678967962,2867.372387695939,2632.5615484872937,3092.201627296747,2898.5505487497708,2740.2196936528658,2804.502812247399,2833.713830705346,2630.384743589988,2531.5375841820064,1749.0588804143874,2874.5504761299194,2511.913939962398,2510.9662064444738,2550.49536911458,2790.566713868024,2179.550303037342,2698.6498379949217,2709.714330099821,2440.6427658553257,2467.7215913662594,2812.121930565454,3151.112414543387,3145.733443970339,2160.0381687601184,3089.8891277382545,2037.6059065175332,3188.8522852582696,2879.8964052629935,3040.3434464709167
1610555735.77NnT5xqKnwcf2BbjIekeb2arTQj6QMNwk,1101.3663086382658,2172.8125257062457,1023.7255303603325,1960.8707051874107,1353.9499069614956,1590.8357059281375,1176.995041375615,1006.6064093490146,1182.5655468054977,2043.3567524225912,2166.750172598977,1985.8474672683328,2348.8295657460894,0.0,2096.164851055787,1891.2260187960394,2323.8540488147896,2153.651566813312,1526.7090233450838,1839.3532717333171,2102.8776049666326,2235.0574695109385,1652.88751206355,1025.8860662727313,1888.9244158776562,1714.9130769394683,1401.6679759974634,2033.8595711425965,2154.800975995245,1437.2520658262827,1922.4180743776885,1620.4397613169936,2365.766526720057,2157.2426660899378,2099.584348978055,1934.8076666828051,2018.275053810923,2015.6224480895114,2098.1172235421827,2256.7139110338812,1937.1321599404844,2168.16362457545,2131.033537817415,2007.1251726739156,2156.281221821188,2197.3304938045753,2025.406718965457,1775.698958873567,2001.9875304738052,1975.1395476099558,1821.1853938403551,1634.6308618870698,2148.662384773588,2350.0434934587806,1829.3546579929784,1765.0879879079769,1874.4410082425804,1941.3028035480127,1833.7371535399193,1708.1095531904145,2237.0219909046605,2374.3787608563994,2114.0716447184277,2109.511143720588,1885.4333420880375,2318.9718275952655,2104.733943259128,2167.1285102886727
1610555638.33wjf1PhdNaoWfbRzXVn50hmFyB5bYAiLV,2148.647227603087,2390.7713468693005,2142.973632873257,2242.375933300903,2147.9296543142,2170.6675536575144,2171.0080912568433,2153.634154045096,2106.828829473036,2735.0743497683925,2114.4754832233925,2306.114797058186,2963.8859645087978,2096.164851055787,0.0,2343.359453495538,2148.839740226719,2217.793325998632,2139.5543979984773,2434.374759192628,2284.6871228707814,2222.63021277016,2226.634580226851,2126.4002567644334,2286.476102411507,2200.2301742378772,2114.558103822907,2494.652749437034,2243.5576489890063,2228.636989989072,2314.136217382173,2124.9340617254816,3002.8419326222033,2709.8578351411593,2308.3942538033575,2079.5923828394234,2268.052386373331,2617.723922095437,2467.205567507164,2617.4265940994324,1877.3137633640893,2199.1054994958345,2059.2483984193077,2273.0006843104848,2020.9376509784279,2271.747544918906,2361.017020669413,2299.3964297341345,2727.8576376984724,2239.5725447922005,2344.247387257676,2230.371768794985,2839.751703204121,2458.2329439626787,2394.5914874237883,2174.2095371116516,2217.771605039979,2393.584381516288,2506.983353049844,2138.0371610862894,2521.7886373362708,2187.613136882584,2593.0314481719042,2358.4984618766484,2531.2705760733215,2141.518881885541,2390.3122191217976,2529.6063140842284
1610555606.65jCE4ig8Pu8kvAzkxnSGfWsV0nQBjCf8H,1871.823991081132,2244.1786394326214,1848.3487768562995,2143.569685807891,1911.6864128990005,2250.850891788329,1972.7337535322265,1888.0963502128552,1935.9396540743708,2022.3768328449976,2329.234743644416,1891.7953511266276,2321.968163829469,1891.2260187960394,2343.359453495538,0.0,2530.0799346939543,2380.1521727116656,2256.816556027117,1470.9613559911932,2033.5081759113853,2503.5549062242503,1956.0111185266462,1873.844893861144,2013.4502138542587,2347.200793266947,1803.6657776301925,1940.1434497680887,2082.030330441273,2046.8907880330798,1805.9951480877783,2209.1510846142182,2142.7462631916933,1638.1217962751507,1414.7678652813236,1807.8064025707465,1637.224707407633,1550.0171942851523,2377.661085767308,2337.0301388402204,1919.452800917232,2339.8638812069094,2195.756715437938,2319.268130390313,2250.3905883670295,2421.245627913906,2011.2823117717742,1901.8532886480875,1881.549323664042,2140.139600180081,1630.7660287848896,2043.6251478203578,2283.555603951939,2538.957860486993,1523.185099738969,2222.4711447700292,2063.663430961107,1558.5903903960934,1782.3041948829296,2297.6668826327104,2508.120471023508,2572.1655499646663,1522.2839790730957,2469.5827927246155,1637.9191711569429,2470.0334968190737,2008.0110132802647,2425.9044719633466
1610555608.18ONsBCVo1i7BrX0XG9stct4oiA6ejX9Oz,2393.2762744528136,2344.0369492712193,2382.189512218385,2055.0694192983588,2291.237644359764,2131.4494298997997,2284.3460720600815,2421.2938462250454,2346.43631206206,2979.7910955518564,1409.6662460544442,2293.3366088972243,3227.4325231672246,2323.8540488147896,2148.839740226719,2530.0799346939543,0.0,2010.645394762677,2139.1991635798354,2642.1899678429054,2176.3384402098927,1936.2429634677183,2319.0487525055737,2381.793395140234,2251.757994537534,2149.368061617839,2321.3251381940195,2347.2930241471972,2398.794209331708,2285.523032348234,2608.54224155558,2143.98306941188,3271.0751231461554,2821.1001967197435,2580.810186257469,2046.9998531470258,2630.119475539293,2712.780246455313,2197.499055110362,2775.693137267934,2309.4114715039486,1832.2154875528104,2475.807093609664,2221.901077739117,2084.7963195083958,1883.2868499233564,2640.959992179908,2460.701830765599,2916.0049411292653,2315.3381357098806,2508.808209186559,2435.0149558530075,2676.7938193975624,2258.957350750949,2649.5331610690146,2144.7105283747883,2260.896662961009,2555.973398301208,2605.603953927168,2073.994917044712,2101.991465444651,2020.5542591996166,2766.359505925589,1936.5353064739616,2650.5913714236594,1881.3652738350002,2461.93079187568,2177.4922679712386
1610555721.51RNoQUMP19FTMS79BmA3JkgSm2IC2AQuQ,2199.6747623108554,1540.2060087734894,2210.843170678807,1940.7095259839464,2170.74770983761,2097.4072415878277,2169.430711455637,2235.120525491399,2166.6220593254993,2704.827420821226,1917.2150062859116,1966.6783983920343,2813.6739183922195,2153.651566813312,2217.793325998632,2380.1521727116656,2010.645394762677,0.0,2097.82866291829,2388.677611535719,2017.2286191119936,1861.6111672159416,2195.2983984300736,2179.633500294682,2231.644266352991,2187.6104159910997,2216.9336723298334,2186.399910553261,2257.937986360551,2121.706280247691,2571.160453963996,2153.3842617303358,2886.728430341203,2505.8291547413737,2504.999563543277,2151.824054893911,2541.761953825277,2400.6389185805056,2050.280464400488,2818.1084161966896,2173.862390062921,1966.5221421241697,2591.739997700699,1960.4001127860954,1697.2531952123434,1375.3885596567181,2511.2965870512585,2326.502429869397,2631.2705603014056,2371.58134234054,2154.754695634672,2323.1770931118695,2626.671530061269,2249.0672118157336,2466.6687624095675,2237.6507222034993,2194.021110812022,2333.501008273048,2267.581207145904,2121.1376075422304,2042.190514834734,2073.7316789671395,2490.222002200783,2080.2332893688026,2401.604561819551,1981.0166541720569,2529.585020341209,2043.9853145239688
1610555971.86O0cHB2ibBJ8jxoObg01EpGe8VVV5mpwn,1519.1521647579336,2241.0647493692186,1581.695619762264,1976.2650452558896,1616.0036751185316,1031.1157743641274,1586.0149284086542,1654.8791378840253,1402.8795057722132,2467.7147759653753,2001.2173633301406,2173.637212260317,2730.2267227057323,1526.7090233450838,2139.5543979984773,2256.816556027117,2139.1991635798354,2097.82866291829,0.0,2239.9232257028075,2162.5167685891292,2043.4530035937482,1767.9410166736357,1585.8644494110974,2002.6193002567593,1301.3385628988744,1664.2653294349416,2182.0531580105135,2367.542167991045,1558.1107509827168,2205.5063926607636,1514.7291387499238,2801.686236303629,2480.7744712826134,2392.9991767671286,2053.5967797986514,2358.6814250272205,2384.739709917145,2038.969395087652,2310.1327281933486,2152.9360267111456,2076.9009857955343,2350.5095615318883,1980.7330172513923,2180.2804950624936,2096.76903966516,2199.4707652367156,1885.642273151932,2441.380693112085,2035.582156249677,2110.8586416806224,1730.8984221865917,2214.2185924021396,2273.2265159727485,2225.5287487051487,1761.998318085848,2046.8467464565283,2258.2486419698334,2069.4575714795023,1535.0554334010085,2057.037558306627,2272.170664661669,2492.9662846841275,1919.2248776307695,2307.0372860290163,2221.0081450363646,2173.0034542501803,2037.9667507507538
1610556911.51zU3duZSGpcw1BDNsBLxdOCITAXwl6z3i,1825.8537790156836,2287.8151763607048,1815.7651703645759,2083.4849721660403,1890.8181368104008,2233.440521467407,1992.6028806549061,1857.2471611376068,1904.0487538483494,1930.6027447060508,2406.1712480133256,1832.3935263366911,2228.923732653344,1839.3532717333171,2434.374759192628,1470.9613559911932,2642.1899678429054,2388.677611535719,2239.9232257028075,0.0,2007.1767705739219,2544.3537574455017,1976.194384933299,1836.0176013735197,1998.1226937153986,2331.6871520825825,1758.6263357815017,1942.9142786083096,2167.6623593099075,2065.4115819189165,1896.2465436330401,2234.5227578126173,2028.3103168899388,1714.2381950006566,1618.608003752024,1918.6435389056455,1600.3096657856659,1709.9423892655143,2395.00052745145,2344.0000137847132,1910.3852472200124,2376.911084578143,2239.0061793652594,2150.8449080314003,2228.095345439318,2445.26560999452,1960.2299358968637,1806.1238270042152,1857.9617213659228,2224.7186186099198,1555.776535284516,1987.1737099825962,2382.0929342353675,2549.355606465084,1430.8092152653667,2252.492186999256,1987.7496778383397,1473.8662828911538,1660.7187205413882,2321.8901793089185,2589.4775577542973,2643.9086745332283,1586.1957469595445,2523.707927956901,1538.096074178825,2626.701243100621,2074.897857784023,2511.840400769523
1610555988.71dMoYT8250UHHJGxgmITTmbHe7V6gH1yU,2173.958313041209,2359.371053411692,2167.5791181362947,2023.5830693086098,2190.8176230720746,2138.4138679265748,2244.984254147508,2166.1898745804488,2118.72280262734,2640.028312176347,2057.0992309579724,1260.5876005701803,2919.3739698620184,2102.8776049666326,2284.6871228707814,2033.5081759113853,2176.3384402098927,2017.2286191119936,2162.5167685891292,2007.1767705739219,0.0,1920.7402707941606,2261.2921002528924,2137.2817471202247,2178.0207457298607,2173.9449638813953,2145.6441262981634,1782.3382138111388,2281.1675976909737,2285.423010385795,2411.8807210209584,2305.222366407938,2853.2733455166144,2330.5159797404203,1939.5028792672997,1803.0291693974257,2105.957124757301,2342.9538585363052,2330.7006149407116,2493.4153573402,1994.298028917258,1813.1484486033999,2337.8162965549845,1967.643513745958,2149.907745673438,2129.755561290821,2172.9790147892263,2117.280985701807,2539.0012975245913,2210.585446175648,1663.0144179549302,2078.97356819683,2593.5879849763314,2419.2702129681834,2166.1870228456937,2265.237410778826,2167.403630943932,1706.533005102429,1933.6602353282542,2267.198118466822,2225.7342215930967,2336.7508253229626,2293.294253887556,2248.880200369816,2231.887665393038,2218.1280352126414,2162.744271877274,2244.00417862061
1610556042.81mlUZsSp7gbGjrp8jQSnybT1gPy6e62o1,2351.6292405696095,2291.141965651146,2352.2021607069632,2136.725736310137,2233.7002034925854,2106.8001718860182,2247.859346356281,2363.0988374461017,2285.3422523728686,2981.039248658229,1917.9479011264893,1928.9671416381639,3176.091382364327,2235.0574695109385,2222.63021277016,2503.5549062242503,1936.2429634677183,1861.6111672159416,2043.4530035937482,2544.3537574455017,1920.7402707941606,0.0,2254.2398429610457,2328.9116628287707,2244.3448262788133,2125.1515654726336,2322.2580773677646,2136.594234866744,2430.108990730817,2166.943978860183,2694.3007432119884,2078.04436559071,3215.872085297396,2729.4236969876674,2506.7146426777463,2069.640789126229,2622.605848554397,2639.170760684241,2239.7744902967625,2769.847263674779,2378.587792090394,1791.7135764544194,2541.4480656127434,2155.920340263788,2020.0685562406616,1947.0059505098093,2573.301320520535,2388.4564741453605,2851.1665104765652,2292.8113449941197,2269.6275923349035,2348.719699791019,2675.204074746381,2312.7399827940612,2646.0242491036024,2220.7834580999665,2233.6872204210017,2398.881280220967,2406.78088781232,1919.9544897153498,1883.4227171752138,2126.9575615044782,2681.9348486677786,1963.9195025027816,2574.5412115149165,1832.072149684203,2430.0602712135737,1941.9913014190868
1610555637.02UBW5nKvDyUrKnaWcYRGajZPxTRDS0q3N,1600.0092567439192,2020.0439234529138,1636.2766509998928,2085.8584874955154,1312.0752420763235,1740.5571020233258,1586.5982525416127,1765.8273270088011,1585.5983598204878,2060.582150435202,2199.887586924479,2209.1944933505606,2339.458725215051,1652.88751206355,2226.634580226851,1956.0111185266462,2319.0487525055737,2195.2983984300736,1767.9410166736357,1976.194384933299,2261.2921002528924,2254.2398429610457,0.0,1689.1108875976545,1727.8674759232078,1841.93422003446,1362.0368579360445,2248.442945582511,2181.510007142397,1325.4042857541467,1807.9208212386068,1452.4356114916902,2336.0740597097474,2186.4861326819178,2168.1465379549118,2094.2306406104153,2093.923516514705,1882.2926527199425,1901.389923453294,2367.092303212602,1996.010548400314,2313.921753677506,2279.796749354083,2229.2116601548187,2136.580069378659,2139.9806404293968,1952.3558397073352,1862.3514564432621,1948.232200492505,1935.5161453733774,2102.2661742151104,1666.4659903121074,2174.440547334751,2177.4751751296194,1903.7099577025876,1383.0902930793673,1969.6848669158123,2085.4147647003347,2107.592580696723,1693.5094067447208,2252.844682932138,2364.401114122927,2013.1620423546551,2170.5948192775445,1867.3891736851044,2345.8507131291685,2226.189501841479,2214.697856298776
1610555619.13oUYNikU4facCTpUSiSLr0vPI0tJLnXiT,711.6609916562811,2219.4799283737652,607.424621854552,1964.0597043197163,1418.8898280845733,1658.8361597372289,1319.0968178014161,620.9346215744996,1143.6419257416096,1990.5794461087062,2222.4149507704165,2024.4641816854523,2311.253366936749,1025.8860662727313,2126.4002567644334,1873.844893861144,2381.793395140234,2179.633500294682,1585.8644494110974,1836.0176013735197,2137.2817471202247,2328.9116628287707,1689.1108875976545,0.0,1919.507074652552,1779.5460527835514,1366.0756333129923,2043.4083583945114,2195.1690179388183,1525.4627143265486,1918.668848203464,1661.8270621386876,2321.7263976744166,2146.8445298791207,2081.2301671147898,1939.5865047642303,2005.32017376617,2032.5013653345432,2159.0411299231914,2264.017113213708,1932.1814174985411,2210.0379447612936,2113.534283614144,1994.386992713748,2218.7200699782425,2271.903083783267,2032.1395735167764,1746.7231874216006,1980.0121463381113,1985.7856354621656,1784.9913900585102,1698.876702078095,2199.521421029805,2409.299178702682,1822.0131806249365,1818.4593114334962,1885.503345261324,1938.8970508377838,1817.0006847514303,1794.075199919683,2327.156671873439,2425.4589869502206,2082.917943525435,2171.138573131302,1885.242310238137,2399.7623682612434,2085.311059083966,2272.0203109260437
1610555721.03nzkucfjAUh31zTbmCVvTVYqtjoxZFnBh,1872.5287655039856,2296.0728495057538,1889.4085624406664,2261.5683924927243,1805.9312908332197,1954.0631234724578,1897.5477847424172,1965.5766226790402,1867.2112923007567,2288.818408577148,2195.126173811289,2105.42779822279,2674.458350226643,1888.9244158776562,2286.476102411507,2013.4502138542587,2251.757994537534,2231.644266352991,2002.6193002567593,1998.1226937153986,2178.0207457298607,2244.3448262788133,1727.8674759232078,1919.507074652552,0.0,2026.3156853711123,1867.5078742799292,2064.0678192866226,2458.46594973451,1897.4432521483484,2078.931232245838,1825.073282203197,2545.9415530232695,2205.0947067404054,2048.3123528784486,2105.3963006911617,2086.3543269490465,2055.297539715608,1995.9241727953377,2308.631429619985,2239.5237047377454,2250.749778957786,2237.0451872997537,2317.6351276378537,2229.553575368196,2148.239771116597,2064.8106161650903,1722.5229557149482,2206.186987358103,2042.7242368498453,1927.0752397395154,1963.7000662354944,2277.8525139529893,2410.5131775209416,2057.8173467452934,1698.4194249847944,1555.7470563705842,2021.7988116566205,1943.683983716196,1672.6756099284437,2165.9494488874284,2301.2691930544856,2126.684728043427,1948.3023810243128,2057.712101400838,2306.7025832489,2050.46427614143,2174.03240042911
1610555722.67fhKURdXVzRbLIjXmjRwdJHTnE7PWb1AE,1746.5205752840848,2333.436427450106,1772.9169537436533,2147.5416550596415,1786.2325097391754,925.4014138776972,1725.1898747064229,1827.051365235768,1682.2111792741011,2513.359509042039,2100.1270531421296,2227.998257374125,2802.17088839662,1714.9130769394683,2200.2301742378772,2347.200793266947,2149.368061617839,2187.6104159910997,1301.3385628988744,2331.6871520825825,2173.9449638813953,2125.1515654726336,1841.93422003446,1779.5460527835514,2026.3156853711123,0.0,1816.1656522478934,2225.982730226374,2420.0524580164492,1728.660581051807,2291.801508601696,1599.6821095421749,2867.2591844104654,2586.887659020626,2486.242583934943,2104.1659730959605,2429.27685819183,2501.6980727640057,2088.1388193901244,2387.329702045364,2272.2552656075386,2134.879512445513,2422.134010632332,2055.5546329508925,2242.335810861666,2144.747036184103,2171.07543447726,1974.127853233068,2512.4784527842507,2097.153594800761,2171.7218076860067,1863.8612497030222,2266.7501904622823,2349.83640279209,2346.573431561656,1707.609558224099,2122.7435569815148,2280.313249633445,2153.084142672208,1541.7453351083946,2120.4718987222204,2299.7216487282426,2573.673326036985,1940.9344505875733,2404.095866986233,2271.720122720696,2277.0702023896347,2134.8565214102014
1610555638.39J2ZWBLuLTHP0jOlzB4tNHmYeijH5g5YJ,1310.2208526321476,2195.4539469473357,1325.5765188163768,1902.1401358561934,1219.7975481010585,1690.7776841456543,1500.7177277248352,1427.657051473562,1336.1254202362009,1962.711588510608,2163.6144256929815,2039.5983553535323,2318.3075698107095,1401.6679759974634,2114.558103822907,1803.6657776301925,2321.3251381940195,2216.9336723298334,1664.2653294349416,1758.6263357815017,2145.6441262981634,2322.2580773677646,1362.0368579360445,1366.0756333129923,1867.5078742799292,1816.1656522478934,0.0,2072.157649886621,2191.774640216624,1551.8207691532211,1690.1940689443352,1567.3622664420334,2304.6577112177456,2121.7414267772965,2051.978587634033,1930.2901587075849,1945.7151086061178,1984.4829376815444,2125.5798882868403,2218.0981689541586,1808.559911529591,2218.57626275909,2070.177242035559,2122.4282201266647,2202.2469502085405,2281.165239863039,1882.308994142256,1714.8090539829311,1919.8938753340094,1676.1666268159097,1892.8606152724444,1539.9048847526535,2181.5376950165364,2364.2285838089315,1756.6832085069518,1716.9073579836977,1977.9365855426113,1903.291124860683,1919.3662522132547,1793.2794525060237,2318.399319035575,2390.785987391866,1992.0434858694994,2191.417142110009,1790.7788742892844,2386.078549367429,1933.880000478637,2249.8703065003324
1610556032.17Q6yCDx9g7alRnL9jBFXD2JhhUyB2hKfJ,2070.49622386589,2339.540610501936,2048.4717595761826,1961.968577116217,2096.2546386909676,2192.8749786235876,2135.335730757249,2043.8819015558176,2055.0088683394047,2523.5442089660446,2114.288012393889,1603.238618935882,2816.485993447487,2033.8595711425965,2494.652749437034,1940.1434497680887,2347.2930241471972,2186.399910553261,2182.0531580105135,1942.9142786083096,1782.3382138111388,2136.594234866744,2248.442945582511,2043.4083583945114,2064.0678192866226,2225.982730226374,2072.157649886621,0.0,2340.0640848210633,2233.3939667717723,2406.6517493296674,2300.2065045354593,2738.735162266932,2093.7359338695323,2052.592738992452,1882.9032303205488,2184.1879071723065,2159.2631046830893,2238.7884874776587,2484.5734331022186,2191.1564026473447,1922.3663738750863,2311.6054269585193,1993.1340954226123,2307.9429111651048,2158.918303817305,2282.620758183146,2130.617965508668,2402.6037873695363,2249.484831066731,1651.8093072747072,2186.7085823994826,2334.1119944308134,2460.6845964108043,2166.8263460915036,2338.1670821854864,2063.751233815805,1679.5178269395162,1755.7911110862972,2223.09888228483,2122.5759063026667,2505.9709473015287,2178.9037362017607,2180.8731134979976,2078.0995690647314,2347.0748294679893,2198.5005415332976,2069.3877411731137
