,1610555604.25mOvVXuL01OCiReyVWBfesjuvXmB3MoPy,1610555605.43B6oDsBtWRQ29Q9UMQuTUEPZy3FSSWXzc,1610555610.92HPGJJSmyPM40z7otPBgHalNrHFA7zk5d,1610555606.68LaSQbm9EHAFycEfFtEqAwYqlBsQPjIRW,1610555617.19EKxMEwDHfXiEJZc27TsGoERaD6Da4BZU,1610555722.52PJ3FD50MGhRXyUD28vluU8Z9UjLJLZn4,1610555617.52Ijr5puT55g9apK8auM7zaxa3NANg502t,1610555638.77ZLjTLkz4jYJdFMI2wWBztzsDILkoOtAk,1610556912.46C7tJPLF0XfNnm8f1820X9aLmXMHoc0Dw,1610555617.51LjzIROg0aeCP2GhDcAVQ0LipKJB9jmKc,1610555608.17OpjjHobqRkX0UPcaXrbu7K6L3805SZri,1610555721.82zWeNZfGUUfRJkgnAwlP8VMhPzXctnSd4,1610555735.75bom85BDF0C7W2eIseHeMxi24qR68nzMi,1610555735.77NnT5xqKnwcf2BbjIekeb2arTQj6QMNwk,1610555638.33wjf1PhdNaoWfbRzXVn50hmFyB5bYAiLV,1610555606.65jCE4ig8Pu8kvAzkxnSGfWsV0nQBjCf8H,1610555608.18ONsBCVo1i7BrX0XG9stct4oiA6ejX9Oz,1610555721.51RNoQUMP19FTMS79BmA3JkgSm2IC2AQuQ,1610555971.86O0cHB2ibBJ8jxoObg01EpGe8VVV5mpwn,1610556911.51zU3duZSGpcw1BDNsBLxdOCITAXwl6z3i,1610555988.71dMoYT8250UHHJGxgmITTmbHe7V6gH1yU,1610556042.81mlUZsSp7gbGjrp8jQSnybT1gPy6e62o1,1610555637.02UBW5nKvDyUrKnaWcYRGajZPxTRDS0q3N,1610555619.13oUYNikU4facCTpUSiSLr0vPI0tJLnXiT,1610555721.03nzkucfjAUh31zTbmCVvTVYqtjoxZFnBh,1610555722.67fhKURdXVzRbLIjXmjRwdJHTnE7PWb1AE,1610555638.39J2ZWBLuLTHP0jOlzB4tNHmYeijH5g5YJ,1610556032.17Q6yCDx9g7alRnL9jBFXD2JhhUyB2hKfJ,1610557007.49MyVgDnuUuBxrvL6SGOdhKf69VYlW1MSm,1610555638.44hjT5hbYdKoE3MB6hijrjqbjmLgvCUYKD,1610555608.13zUvmFSCRt6SsLbhqFznMEvGx54GPGQzM,1610556038.62a5C4ynd1AARyAhTv8a58NCqHvXRjscqH,1610555644.45Xse8u7pusHNsd7F3d0A32HXvXr6weOJE,1610556038.62gKXOCG7XCn55eJvyl5voNjbwOW0znQDq,1610555987.13v0oleKK97pkesp6oMgprH8SoSdoDVdIO,1610556964.96ZLLeiQW0qpmxhPGTg7K03fmzkqsC2bjC,1610555987.13VQlEedQ50VvkPMEMzZDv3KNnQCewykN9,1610555982.186TY6MMGkDecIN1woW6vsfAMXVV7jnyjO,1610555982.673LuMndkwkvdmZOn0MmE2Pkidx0FtNalb,1610555733.38zItcuH7gHNfKdALR2d9Nek6bxCyw36Vm,1610556034.15BQxSbZINGCay0yp6RBVlgcPrw76Yn9ON,1610555639.37BPZpgtGml8qUsh9AdV4m32jPLfI2aNFq,1610556965.57S0adAalhWYe6K3bkZU0bRHbqnDK8gGkR,1610555983.54zteLPCMjyrjzPdhHhlZr3faCgD0TfYr3,1610555987.79rHnNRmt9a0ufmnwCvZqBouyUoZDNpylW,1610556960.041xWER61rmArlsKfiMl4frikWmUCnQ7op,1610556035.13a7NHZDutfTMJ88qle1gTYY59Dr4WmMsj,1610556890.456ZBDaY16bMtrTZTqAgHl3wq1tRxzqDow,1610555760.24e6890pkbyZ97Or6croI1rQgjkSsR0yVt,1610556043.02YpWMIJg3W004iqlPyv8OcVAZdSC5rNYw,1610555987.03z05P26TLtONYM1HSzupoc2CeNMa6HTqr,1610556032.15OYCzUxpsz7b10AXBAuDXrvEcvxFhf0M7,1610556032.63Z80yI9pNwS3jSmsDABbuhf8wkNa2Ze9y,1610555736.28eGuESasTXdR3SqY6pHhEXWZtcdciYLCO,1610556034.61bebeZA0MkaFG2sm3VKiqrxeqQginTTW0,1610556944.5XwXOphKYT3ZkWA8gViqOS97VHVuMVUqb,1610556944.745UVLFBzf7fPh4UH37I6tYQOFPqRDytEh,1610556034.63XsUwaFaPZevO1JNFjfhvY4aKNFnV4noV,1610556964.89xwBHw9faT1HjQRMNQEyA4qJ3hWkwgj3k,1610556966.74DydzH91jtyvRyYau47JpVkZoMRSNTt01,1610555740.77UueVziDbaXyRR4OcVJIIZyzOfAzN51bj,1610556046.84e3vwjyRCzqz0wJQhrk8zsxlFfFSv98Df,1610556137.99eoPuVrDThKAOvmeprLPb2FWRqIhzUodc,1610555740.73XFwSrmTXJPlaxGZSefh0jOVA8PI3III1,1610556123.88AOfNaz9jSnqU5Czc7okOv1RCrYfKFBTo,1610556046.85nB7NvyoYQeLcOV391Lmmut1wAM8CFGLw,1610556123.89H4pdIAzDthI7bMXMhlIhKUYIQIvtmPPQ,1610555740.87GOYQUJKpkynIS2lFqppYK4b32ol7NeGh
1610555604.25mOvVXuL01OCiReyVWBfesjuvXmB3MoPy,0.0,2385.465265108883,844.5919060524337,2202.4894842344966,1633.6564788990945,1819.467793997264,1532.538237011574,1044.4794567571953,1307.910066957969,2125.285430334648,2441.281811408026,2261.7993312323974,2409.2349373359098,1332.3407032708196,2350.1506696025867,2114.191487649964,2568.945470750474,2367.867079370414,1750.4136998107872,2038.6446197302623,2352.2014695947855,2541.5468957941916,1818.6673763873755,936.6479530338477,2066.846703424203,1960.5875593917342,1523.7424604968926,2275.0691675297153,2412.584009673394,1727.1518101378947,2149.0500925470624,1851.222632995174,2423.649741716582,2391.3332169889945,2313.569032607674,2193.8463369965048,2236.041050333726,2205.9533698132054,2282.6785224272294,2416.403460346315,2165.77082905397,2430.9275287848372,2385.2040617909765,2128.319813029571,2410.080704049937,2466.4434817451397,2260.928020511086,1975.4553152373396,2140.996326260272,2189.760412839011,2043.6116719059298,1891.3794259685108,2325.096041939296,2571.7558984510206,2053.2305931792644,1953.2897609894508,2089.8350912667897,2172.2923912011297,2031.380605124912,1979.567753628469,2524.6095926443586,2601.5926986569534,2319.222927239236,2338.75647619953,2095.5746532178123,2587.176235169793,2301.2238499853356,2459.6912104573476
1610555605.43B6oDsBtWRQ29Q9UMQuTUEPZy3FSSWXzc,2385.465265108883,0.0,2382.716578874158,2149.9051264062336,2416.2458627194464,2405.323705976072,2265.060699328176,2442.3341651511646,2446.1060259842093,2415.32963094044,2377.905351507079,2490.2058095630646,2374.6052847654555,2354.5640161802726,2559.927528521185,2478.9830167268346,2534.612663339847,1648.6953545934643,2451.209656353559,2517.58742981461,2538.2462443207332,2455.3067077019036,2232.4079053525397,2402.6049630781404,2468.5416953228296,2534.0563868566533,2408.9695322218513,2520.2884641315127,2299.2500948335673,2098.4186620045775,2640.3272752593107,2419.3966103610046,2483.979825389404,2458.433253272186,2613.329075626318,2569.7978793225348,2654.232198011864,2183.826642250205,1952.2043503839307,3007.836784032292,2403.868977091123,2470.004725218685,2868.014136116284,2334.3092629560874,1978.0722075856884,1667.533154070737,2758.0068560338486,2624.5626658851897,2354.1439686672684,2740.0184113429764,2513.4124477649752,2533.174829836286,2591.233426550011,2252.0063757248613,2503.7600335619563,2435.9885945728606,2512.268426498146,2494.434377351731,2545.2694700673082,2446.711994949149,2536.159313693642,2485.2966573821463,2479.2752717372227,2526.28815028086,2321.0709138093143,2475.0473064644825,2838.2457357393364,2514.267653189502
1610555610.92HPGJJSmyPM40z7otPBgHalNrHFA7zk5d,844.5919060524337,2382.716578874158,0.0,2197.1873531711217,1714.5465172129398,1875.7383913444094,1502.5756085520886,841.4063271955234,1445.1549023736943,2116.111043791905,2435.4590567881055,2293.0358745502276,2404.438905358418,1257.7855810204228,2361.3905007226904,2132.6993186267637,2570.4793304747946,2389.961789910939,1866.0831466734876,2086.9961744614798,2364.254065867461,2558.32000998041,1903.7037232048453,748.6321753855758,2115.402938062758,2009.3864884147774,1606.8581332873628,2283.471048693359,2427.8219756800177,1735.4345975877666,2190.1976570410616,1942.7641886448064,2425.1317043127706,2408.4753989214746,2334.5762963812504,2213.7422422337772,2256.647211889273,2229.968991343223,2317.0249708538095,2482.46626660907,2148.635961272778,2442.4792957080317,2395.5319092476702,2212.1622773886443,2413.8946393887954,2476.059452717946,2294.6613847286544,2054.2273471343233,2149.937947297758,2232.313795761576,2086.243786803623,1979.4637210547407,2371.5593725622407,2593.0082945261315,2062.811149398116,2003.102391135872,2136.5172789835033,2154.548930853349,2086.076903630507,2030.7420888341132,2546.4830597440937,2607.0928377155424,2340.606440094252,2372.3232021828235,2105.6556010408267,2593.587795038042,2332.70763896271,2492.010081142768
1610555606.68LaSQbm9EHAFycEfFtEqAwYqlBsQPjIRW,2202.4894842344966,2149.9051264062336,2197.1873531711217,0.0,2269.953387866593,2287.277936590784,2196.8166866462166,2235.211830603375,2282.4736256998413,2682.1054557592142,1890.7159060222734,2169.9642246599587,2845.930171519391,2193.7724502618,2475.9523553831364,2372.6629206031707,2269.6478043442244,2160.849946237178,2215.4932839380394,2349.9353677924705,2254.53076978576,2375.834874183849,2315.8580009245898,2197.473022563273,2486.0527460909225,2387.572526435225,2154.149798796954,2186.468336556838,2493.4230955493003,2183.7498415797313,2541.1691150238635,2403.4773078931753,2873.956117800151,2596.09068865659,2423.0728708617858,2093.2917603486535,2466.5412027558555,2465.0422499274296,2107.658928568997,2769.415537329358,2111.6272662610154,2137.3169109000996,2525.1463414572145,2053.7903319428,2261.681738491737,2194.276045932074,2667.084898576965,2482.580934380465,2584.680892887664,2612.2018381612193,2246.589542258115,2375.5412110770335,2646.000458142422,2402.436480040208,2319.9197889767497,2447.1513155975954,2415.1140708386083,2293.467292224577,2306.763034510391,2392.524203789789,2411.645353297396,2620.2009497668923,2566.181305379802,2446.025095550472,2351.2795291007124,2540.8905993864587,2563.5398700150686,2428.374701174205
1610555617.19EKxMEwDHfXiEJZc27TsGoERaD6Da4BZU,1633.6564788990945,2416.2458627194464,1714.5465172129398,2269.953387866593,0.0,1948.0452121580868,1442.5287109328544,1779.879372135832,1496.535512974957,2334.562333696716,2401.3817837272345,2305.160352599728,2617.3772158475235,1625.2414367123843,2387.0763835043185,2184.660689789593,2531.4404013292956,2385.4915280811597,1879.122436807199,2123.7599966315634,2413.166734098178,2476.0246496079453,1541.3216837305051,1726.84854197192,2023.4156490324463,2044.067041117067,1481.433142899514,2321.321258687928,2490.246426661927,1694.3579660176833,2222.531202280749,1734.9017505545041,2609.6875669063534,2452.389150390573,2380.7106979750547,2225.252202977536,2286.1554638665666,2268.2039283782715,2309.5855197964174,2572.2341487318026,2183.8845079168755,2482.2955510024594,2403.7487387202405,2370.2917413709774,2398.034880034459,2475.4999607701643,2263.0311230154725,2108.2428000501727,2263.5536220708123,2134.7238291345197,2235.8554134531796,1919.0062013467434,2404.2979688406945,2548.4077057563563,2171.122949987958,1879.9248477902927,2138.5107932043575,2296.9640579610646,2255.153998059201,1906.450967598357,2471.0964361045976,2602.5645504295867,2373.481257929501,2318.495593619673,2186.64012393574,2581.122658415912,2424.7774903294176,2396.832154200765
1610555722.52PJ3FD50MGhRXyUD28vluU8Z9UjLJLZn4,1819.467793997264,2405.323705976072,1875.7383913444094,2287.277936590784,1948.0452121580868,0.0,1847.5343607567397,1923.2554597242597,1789.7912751268861,2573.280582120404,2251.5478549539007,2391.196483103074,2826.4149116996045,1801.2297149299884,2382.6515831301926,2486.195231611248,2338.2688877060837,2283.791706830987,1220.0819369220642,2449.233145303051,2316.38725430559,2317.8574355149653,1962.3830979972784,1864.7060682022689,2152.287913323711,1093.0328090738758,1928.2875555551018,2392.390296301917,2587.3910356016822,1826.293523183501,2457.311971095758,1770.9829152627785,2900.3363126749323,2710.2680161233675,2595.5629858262623,2307.393693613329,2551.1051070154595,2596.3587772290657,2245.9620213777275,2574.504785868003,2393.7184166728516,2313.8257676697904,2599.448493969686,2190.1888232658794,2372.787296106179,2261.330510474666,2347.6754361479057,2157.39756321396,2591.0001807049034,2300.278392768308,2307.6018901096477,2034.4008530967408,2427.9695815095024,2500.010433759452,2462.380500216392,1813.8528081339718,2288.9551705611284,2412.4567422657983,2276.851307925297,1723.109175900109,2317.7788492178042,2465.022103464875,2701.244802360511,2125.586015813422,2508.627329764249,2447.0641838233646,2470.2224479336005,2329.900800362053
1610555617.52Ijr5puT55g9apK8auM7zaxa3NANg502t,1532.538237011574,2265.060699328176,1502.5756085520886,2196.8166866462166,1442.5287109328544,1847.5343607567397,0.0,1614.742070694025,1615.774810341573,2246.175692387338,2336.7858228875325,2345.4665996191575,2490.4233631756215,1377.8512041803463,2370.7987346638174,2226.116026525092,2473.486089428287,2342.866499263139,1844.542296704409,2229.868516066092,2417.516737260167,2449.1623488463756,1818.8424302820085,1555.2754566858491,2090.7952297007214,1940.6597914835909,1741.365070790369,2332.2954895469434,2367.74572453903,1409.2254804754941,2300.9340171842637,1761.9897781086074,2528.6559426332924,2419.302399445758,2418.0651931899306,2202.168793760708,2376.4221468463247,2232.001421018083,2148.917178454458,2551.7921139547943,2260.9662243767834,2453.243284395191,2486.2923739898124,2279.1814690105825,2373.357947719173,2340.1825260308424,2410.1872030584996,2171.2784900579445,2225.5408504579304,2274.292667896925,2237.946072869586,1972.3099827434319,2260.968243927149,2409.9512130418407,2193.6948046976454,1925.9550604090866,2144.6165866975584,2306.2969339581705,2215.9902229525774,1810.216717750468,2444.611290350153,2533.1645567713344,2423.3701910615478,2261.1102553528026,2166.2402600804085,2535.8301027631305,2441.0477250635695,2373.858103030359
1610555638.77ZLjTLkz4jYJdFMI2wWBztzsDILkoOtAk,1044.4794567571953,2442.3341651511646,841.4063271955234,2235.211830603375,1779.879372135832,1923.2554597242597,1614.742070694025,0.0,1496.1047966109554,2181.571388369027,2462.321390285251,2270.376661058528,2483.383376009796,1209.0563150210592,2368.25254717571,2154.3404533644343,2608.4168245476226,2410.9894183611596,1924.7159387439,2108.36248483019,2357.8696544861514,2565.226219017205,2008.4701821770363,736.7700713633533,2182.257097114459,2055.332793297079,1687.056150692103,2270.201671359174,2464.3858085537745,1834.5344964431695,2270.409230692736,2018.880393092693,2491.6988907099044,2429.1443082580086,2360.2223748533347,2215.775959521407,2272.0310267451723,2302.8614080985058,2415.202953285087,2555.4495161101026,2163.8267236697875,2440.072811421757,2375.739755509415,2218.2493705812603,2442.7959079709253,2506.186335451971,2312.7099201734313,2087.6837716593022,2189.5464453545087,2273.2772398839293,2064.644544027747,2047.7198620626268,2454.773674712513,2665.7001942707384,2124.6628834530034,2095.795210916199,2189.4406748282604,2158.6222249763564,2104.4068602662587,2083.8782628271815,2587.319909901504,2647.781304317577,2359.6882320101417,2401.320454043793,2134.987024340225,2613.9858975399593,2359.9382653653083,2550.716760055165
1610556912.46C7tJPLF0XfNnm8f1820X9aLmXMHoc0Dw,1307.910066957969,2446.1060259842093,1445.1549023736943,2282.4736256998413,1496.535512974957,1789.7912751268861,1615.774810341573,1496.1047966109554,0.0,2310.254070919824,2451.611867309922,2246.5847445673144,2586.483354953253,1435.1510712877225,2341.8685498282225,2212.534052299133,2570.019233850248,2365.5188745345586,1642.9852469446414,2142.2343252668834,2324.0435948884237,2510.057404734213,1836.9323231908782,1440.442991970151,2091.7301425678033,1923.6456315854102,1601.364534238358,2284.843656492339,2474.450149689313,1802.3692818007328,2258.1999644651264,1862.5032676750257,2594.276975657582,2471.444066371331,2379.799170635921,2226.9388531535556,2294.5647479145787,2308.2152728400883,2333.0011073420437,2543.2216467870753,2197.434595037139,2419.9872098449496,2397.343293446388,2233.641792413275,2434.081489423165,2480.4503965465065,2264.717325358409,2050.0797021190683,2271.1757695560996,2171.2267434635105,2129.6694492598344,1941.7357206393094,2401.8586851577293,2592.6914245596354,2195.799573817147,1960.556583443623,2169.0326836831996,2236.0962596324644,2156.270470764746,1949.1644327326646,2482.9872883408198,2605.6729598005318,2398.954631140661,2331.2335149218056,2194.8652905012696,2573.433161444385,2385.715285214153,2410.2375828470217
1610555617.51LjzIROg0aeCP2GhDcAVQ0LipKJB9jmKc,2125.285430334648,2415.32963094044,2116.111043791905,2682.1054557592142,2334.562333696716,2573.280582120404,2246.175692387338,2181.571388369027,2310.254070919824,0.0,3000.6318878136913,2708.25469820067,1525.9771235853395,2215.995603151546,2916.4863285720025,2283.92497255734,3137.905575574738,2861.6031262573465,2679.8520674403485,2188.7828222012668,2795.8637636097715,3138.7254268697493,2283.33958938814,2163.001696730142,2484.231101170723,2694.9475489653883,2182.0824147289095,2715.6556377643537,2605.4122602805223,2271.1980453212363,2256.4581928658517,2579.3639336294777,1231.5497060819403,2464.893810785002,2527.417356818539,2784.824803584226,2437.8092114103492,2240.2445430937573,2573.317111970544,2745.762895490103,2592.7089019674527,3040.831560922084,2813.468878067081,2743.2708745988116,2855.3277181610138,2895.6188755294925,2530.5629342738616,2450.884810445249,1364.4036442140398,2781.122156130948,2406.5092987426983,2429.8456079879948,2559.565541304358,2893.40978483373,2187.284781734549,2552.1324715990927,2614.8075597294865,2336.9311878043613,2398.505218558956,2708.9642343953433,3140.3520219803504,3136.2310810491654,2270.841588458854,2994.9684172570232,1941.8615358147479,3163.106522020955,2770.6261310170103,3036.332211611321
1610555608.17OpjjHobqRkX0UPcaXrbu7K6L3805SZri,2441.281811408026,2377.905351507079,2435.4590567881055,1890.7159060222734,2401.3817837272345,2251.5478549539007,2336.7858228875325,2462.321390285251,2451.611867309922,3000.6318878136913,0.0,2304.7820580943894,3209.8081650229037,2378.1580048767833,2345.6300415095297,2554.735578066987,1532.400241602764,2109.737943084668,2243.3047951981384,2644.554095913342,2248.5993458997827,2144.180711594984,2428.940415876188,2425.8280878042738,2403.243369253166,2324.4347561738628,2398.695486088033,2322.0069129163226,2568.2019034845,2362.744633348301,2780.9401518359423,2388.07261866998,3239.9153581565474,2846.584360096737,2592.4052696421027,2129.0103021079444,2643.1076163662783,2753.304237706655,2323.7417406468167,2881.13125334029,2308.9621956647156,1894.208217129098,2554.8431199255506,2308.243963647012,2201.6518060132075,1922.388960702893,2786.323456413423,2618.010226604159,2929.768124185182,2531.4542813079624,2529.8990818431553,2540.5743772084925,2739.4985084466475,2382.21882439396,2654.050668844208,2344.27337901592,2404.1507346493177,2560.476740870154,2613.8493362500967,2253.556752922367,2268.844495981461,2318.440993508561,2853.440051086322,2207.660974488793,2687.9984662119678,2161.168144453171,2598.750210989245,2340.1927028084756
1610555721.82zWeNZfGUUfRJkgnAwlP8VMhPzXctnSd4,2261.7993312323974,2490.2058095630646,2293.0358745502276,2169.9642246599587,2305.160352599728,2391.196483103074,2345.4665996191575,2270.376661058528,2246.5847445673144,2708.25469820067,2304.7820580943894,0.0,2971.134061992159,2193.0157321774695,2499.0740510012993,2161.956573424695,2511.0455804255303,2152.6959161627337,2404.4061053997307,2125.418256201008,1422.7132038536656,2103.747055040218,2433.7291629955052,2251.482638462577,2304.90739920073,2449.6109726086615,2280.726754085758,1827.4183414505055,2437.0348448842874,2455.5939535425337,2658.8751355203085,2535.198433358932,2879.559277741278,2475.9278146985844,2075.3800407149156,1969.7643014088487,2239.0621525954903,2428.6193697835533,2481.3697950153596,2671.8832968095426,2185.3846470407448,2068.2074230018084,2478.757397444642,2213.4983666850267,2396.733175208586,2390.9808558511613,2437.489970971379,2372.6037431876875,2605.1082311105647,2418.8483574474767,1629.1384550488551,2285.5605602321684,2723.1796727671467,2587.2171359121267,2331.786656844296,2482.9997750957514,2342.5495257790444,1911.5231768111962,2085.0490995886666,2442.2499916854345,2484.0341234267253,2615.052823076931,2425.943699494602,2466.637299332383,2336.449957965851,2499.229942173251,2399.1219875822617,2462.515750745145
1610555735.75bom85BDF0C7W2eIseHeMxi24qR68nzMi,2409.2349373359098,2374.6052847654555,2404.438905358418,2845.930171519391,2617.3772158475235,2826.4149116996045,2490.4233631756215,2483.383376009796,2586.483354953253,1525.9771235853395,3209.8081650229037,2971.134061992159,0.0,2488.7949012430913,3118.4800716482105,2536.067806167247,3359.3547332442868,2954.2949021590725,2908.7916384355867,2443.300818373404,3045.550067005148,3311.5350646257484,2525.938243888761,2450.374719926352,2836.990837854018,2949.247272810587,2500.399666982908,2973.6073269827352,2760.9484745682016,2463.564596215068,2500.7727455834197,2819.8542187738153,1071.3445022421963,2504.333901022868,2724.8987212240363,2985.311213989464,2670.5405933668035,2257.4907454258623,2702.3871171029487,3041.5159725119115,2799.867506058725,3225.4730315926017,3080.935100549054,2900.146533063377,2958.0861829283604,3001.1651045585786,2838.1026349194954,2751.6360580061655,1946.6055249149574,3050.862838615413,2713.537840460988,2712.6119548896377,2723.1021177197617,2952.5158559993015,2401.868480046652,2861.842043047255,2882.975301134708,2625.966166224946,2665.485187408404,2966.002412589849,3309.937367332191,3288.784336504203,2428.570683917076,3212.658806203536,2267.1293509539223,3323.7796884090094,3068.212738992401,3204.2619180898923
1610555735.77NnT5xqKnwcf2BbjIekeb2arTQj6QMNwk,1332.3407032708196,2354.5640161802726,1257.7855810204228,2193.7724502618,1625.2414367123843,1801.2297149299884,1377.8512041803463,1209.0563150210592,1435.1510712877225,2215.995603151546,2378.1580048767833,2193.0157321774695,2488.7949012430913,0.0,2304.8561977555783,2155.1649358303885,2517.272085858472,2329.165883293563,1786.5786522953324,2082.802219139476,2278.750341725995,2432.703867258127,1888.5180409513548,1236.5316947428264,2097.5854545487214,1939.327473598382,1649.647897780995,2250.584509049026,2402.0812759887717,1688.4652250005422,2220.6364127871775,1920.756199840982,2504.8407340906574,2425.76611922431,2330.0942153498727,2171.7155197927814,2242.9277929047425,2248.0231281123956,2292.1422474849683,2486.446215273705,2146.2857438402043,2369.9567751063037,2379.2087035093914,2212.7446210345734,2348.531132330961,2398.59225721285,2281.7999491940764,2057.7359236609645,2194.310494120371,2217.6506409057097,2076.4206189485017,1926.6497880763598,2362.276936052831,2546.23180841943,2084.1652738992093,1985.7228024419405,2117.790270083269,2157.4968672070254,2088.496018943438,1929.3455198170502,2454.281762961167,2566.450569676632,2372.988758110429,2305.458400109856,2117.166049350946,2507.9093916936486,2350.6862717172157,2392.183978793864
1610555638.33wjf1PhdNaoWfbRzXVn50hmFyB5bYAiLV,2350.1506696025867,2559.927528521185,2361.3905007226904,2475.9523553831364,2387.0763835043185,2382.6515831301926,2370.7987346638174,2368.25254717571,2341.8685498282225,2916.4863285720025,2345.6300415095297,2499.0740510012993,3118.4800716482105,2304.8561977555783,0.0,2591.954221151749,2374.9033338793824,2393.321522686565,2376.241457377629,2666.6688548462967,2469.4372083837793,2386.308997931687,2453.6805990210123,2336.962157480859,2481.97397417562,2424.68579957392,2342.81937012698,2692.370247402186,2484.6530687060263,2453.9938959180126,2594.479843116017,2388.8648348891265,3152.031573056981,2958.2961878646806,2510.6707175475226,2305.991738528766,2486.118259571907,2832.5946173797174,2653.6387966830634,2816.2961604863563,2081.6693617990472,2388.9704792620328,2258.1329108751816,2487.7572208811284,2206.7801608338937,2478.2880495041313,2603.22259553682,2575.4112990958283,2917.04604362625,2490.202453082512,2576.0344360023996,2483.051016674836,3032.0253735773135,2641.431010950654,2640.3199943365707,2404.7548973137846,2419.358782519679,2617.8300334816736,2732.1264410019667,2347.9568266954616,2713.6971828302003,2369.803350757954,2856.2657884528526,2520.354110033784,2760.5921994914083,2298.4589980046503,2644.7711210205925,2730.868830252561
1610555606.65jCE4ig8Pu8kvAzkxnSGfWsV0nQBjCf8H,2114.191487649964,2478.9830167268346,2132.6993186267637,2372.6629206031707,2184.660689789593,2486.195231611248,2226.116026525092,2154.3404533644343,2212.534052299133,2283.92497255734,2554.735578066987,2161.956573424695,2536.067806167247,2155.1649358303885,2591.954221151749,0.0,2758.4899792998176,2606.205742477071,2516.829191268205,1782.2486190118102,2286.4299597238196,2743.3558410142914,2209.10023271071,2142.0611372144294,2260.5388216698925,2596.7478911538146,2079.9510349453135,2165.579376695285,2318.503412825155,2304.4975431195953,2109.219251079563,2491.8866145215443,2365.48429347884,1935.5927880374231,1657.582753761016,2026.543351886451,1907.0568632408967,1774.1696669982923,2608.844526600206,2609.8816219370588,2157.9482641782756,2578.7071119807215,2463.16117675677,2553.0809067491177,2479.835144306647,2652.769741905998,2295.3060561337206,2195.708898979827,2160.250636048973,2434.3237578217204,1895.6069202087212,2316.80269391274,2520.049300614501,2771.7493074598865,1813.8819044446202,2458.0511938346754,2333.731912482804,1865.211357622835,2052.5001941899422,2535.656685228798,2738.19706420252,2811.276260195371,1887.3101093636617,2694.5030961626376,1980.702532795116,2703.303186058548,2312.3145527494607,2657.810496472471
1610555608.18ONsBCVo1i7BrX0XG9stct4oiA6ejX9Oz,2568.945470750474,2534.612663339847,2570.4793304747946,2269.6478043442244,2531.4404013292956,2338.2688877060837,2473.486089428287,2608.4168245476226,2570.019233850248,3137.905575574738,1532.400241602764,2511.0455804255303,3359.3547332442868,2517.272085858472,2374.9033338793824,2758.4899792998176,0.0,2196.2433094853227,2380.637124233056,2868.765617795761,2355.6598139996663,2157.2552321007115,2548.616227304828,2565.670647907405,2460.3107025236773,2365.677646763333,2542.148845266115,2554.9012974348543,2635.7577304285355,2498.972359540754,2866.2133335794756,2416.2335800209153,3404.8781028090402,3064.6098833668543,2786.410037091904,2268.2688344985977,2841.175544917041,2916.3447790002942,2406.9906430790406,2986.0916850422277,2512.9357141661944,2030.7946866594655,2699.677444615514,2438.285495275066,2281.653828161417,2079.3701303782527,2875.474664161563,2721.634233787129,3097.811214852095,2578.7383481337133,2737.657006368004,2681.623273483341,2882.1878799029705,2450.6582303465034,2868.3373226892004,2374.4784522915834,2486.2126287866345,2777.166247587028,2825.0409922547997,2297.629863669118,2313.5189908733532,2227.1062050441396,3023.0645434417343,2126.4013916780873,2877.59377229568,2076.3574741156076,2717.2372087416325,2399.200005932187
1610555721.51RNoQUMP19FTMS79BmA3JkgSm2IC2AQuQ,2367.867079370414,1648.6953545934643,2389.961789910939,2160.849946237178,2385.4915280811597,2283.791706830987,2342.866499263139,2410.9894183611596,2365.5188745345586,2861.6031262573465,2109.737943084668,2152.6959161627337,2954.2949021590725,2329.165883293563,2393.321522686565,2606.205742477071,2196.2433094853227,0.0,2314.634744533024,2610.818974534689,2192.753899963098,2043.5095898413394,2397.101622655881,2353.9277250191185,2407.9534970603936,2389.7165037486066,2419.1086200641644,2373.4803248984044,2482.9165187706403,2316.333669887035,2816.604472533081,2385.2797479231,3022.0538801533366,2750.1173504589906,2706.1645992275407,2363.726670485939,2737.1217456124914,2601.344076698405,2223.828195911602,3015.9610472709246,2364.7308035741394,2147.025302427421,2785.2813538141754,2170.8067084050767,1842.7368351193825,1529.66456455154,2731.2117974035073,2579.173495999511,2809.1557904963547,2596.6405108181716,2384.290739394627,2558.506865891406,2812.451950755251,2416.236535081065,2688.937540937594,2431.5458924352893,2398.962931712155,2542.12425952193,2483.345961659218,2305.7569227595764,2234.943742419006,2241.5774736876556,2753.134707075967,2239.2980142089423,2630.490836536371,2153.2161835157904,2752.011254071216,2245.622001942265
1610555971.86O0cHB2ibBJ8jxoObg01EpGe8VVV5mpwn,1750.4136998107872,2451.209656353559,1866.0831466734876,2215.4932839380394,1879.122436807199,1220.0819369220642,1844.542296704409,1924.7159387439,1642.9852469446414,2679.8520674403485,2243.3047951981384,2404.4061053997307,2908.7916384355867,1786.5786522953324,2376.241457377629,2516.829191268205,2380.637124233056,2314.634744533024,0.0,2471.230639257689,2374.361473726877,2280.871274123978,2006.105079801939,1856.7200651094317,2222.7746160151855,1534.380245800149,1907.701606409509,2400.580971396227,2617.360052966189,1804.6684548740036,2495.2563045765633,1832.0577391208694,2976.0754972162026,2736.4186952921577,2613.241546725954,2307.3151911936784,2584.1618715021864,2611.400534293408,2271.025620168684,2555.4586693765514,2375.9447530558737,2314.2863346554204,2603.428134639879,2197.5412222632035,2408.8574998736217,2324.76015067424,2463.585945223467,2169.5284781052214,2645.4456673295813,2311.865610926997,2334.5250094275416,2006.7364802545878,2463.6201186171606,2501.660758072585,2477.020697519767,2003.8261299438504,2285.339696145334,2495.693391070602,2293.8364059078904,1782.8466643700779,2298.4380860373153,2506.379241445075,2733.61168683575,2162.3529130963875,2540.3815770908814,2456.5255470374855,2432.412111100576,2288.747519278462
1610556911.51zU3duZSGpcw1BDNsBLxdOCITAXwl6z3i,2038.6446197302623,2517.58742981461,2086.9961744614798,2349.9353677924705,2123.7599966315634,2449.233145303051,2229.868516066092,2108.36248483019,2142.2343252668834,2188.7828222012668,2644.554095913342,2125.418256201008,2443.300818373404,2082.802219139476,2666.6688548462967,1782.2486190118102,2868.765617795761,2610.818974534689,2471.230639257689,0.0,2271.3348380797975,2777.6630769451963,2205.170796691623,2086.446524758571,2229.9042915063746,2557.958683198555,1968.6748272120196,2206.1491257352322,2435.9015669133564,2317.265967916252,2202.2988281265393,2483.034766514374,2241.4676573681973,2019.3113736052856,1924.4504093731377,2178.8906722726474,1901.4115695259766,1978.7938227876268,2623.152037906637,2600.24743677293,2175.1659861150383,2625.3881626555217,2510.75984097581,2383.6394134035695,2459.790992506348,2681.9300859721857,2257.4045289101905,2091.6328962162925,2102.8320999157977,2462.89894042007,1873.0135342407232,2255.999707299558,2618.0100936299464,2786.0518076937037,1766.17828829939,2465.506348716632,2248.097990680275,1819.2219379836583,1954.0356158648635,2545.211070021053,2831.220146925625,2870.78873943512,1878.5822586008144,2740.8871470744643,1845.3366543289978,2849.2724217381733,2329.504466445822,2753.7576062408007
1610555988.71dMoYT8250UHHJGxgmITTmbHe7V6gH1yU,2352.2014695947855,2538.2462443207332,2364.254065867461,2254.53076978576,2413.166734098178,2316.38725430559,2417.516737260167,2357.8696544861514,2324.0435948884237,2795.8637636097715,2248.5993458997827,1422.7132038536656,3045.550067005148,2278.750341725995,2469.4372083837793,2286.4299597238196,2355.6598139996663,2192.753899963098,2374.361473726877,2271.3348380797975,0.0,2102.1724979437,2474.2517074684883,2327.6686256719263,2361.687400555886,2368.1609652900215,2358.70293698096,1971.974774438081,2510.985285288894,2488.776353972557,2679.6598097945953,2536.487068694166,2982.544968312806,2591.333411349337,2151.2385692685098,2024.204131224467,2321.4297909048473,2563.6626103340527,2503.6233004792716,2713.17982667949,2206.3253210002244,1992.5086399775341,2550.6146378940307,2184.269640413613,2343.9906239310603,2325.5095122320377,2432.36708110641,2395.3990467410845,2716.6949063910247,2452.38367541965,1903.2103753908614,2334.0106751362496,2793.5408859315726,2600.6275537864817,2425.6303652494444,2464.808352963545,2381.3036912403068,1932.0430311488506,2177.899734797738,2454.308173602489,2427.529472841302,2525.358148203026,2566.3420749433526,2422.7194571478512,2464.6474787707,2407.258528645765,2420.7220177456807,2452.385765159613
1610556042.81mlUZsSp7gbGjrp8jQSnybT1gPy6e62o1,2541.5468957941916,2455.3067077019036,2558.32000998041,2375.834874183849,2476.0246496079453,2317.8574355149653,2449.1623488463756,2565.226219017205,2510.057404734213,3138.7254268697493,2144.180711594984,2103.747055040218,3311.5350646257484,2432.703867258127,2386.308997931687,2743.3558410142914,2157.2552321007115,2043.5095898413394,2280.871274123978,2777.6630769451963,2102.1724979437,0.0,2479.4785131784297,2526.416150785368,2443.230301101619,2351.5579146215873,2541.8123719418927,2335.4012753701245,2664.4695494971884,2387.7098960643107,2952.9613567351207,2346.4310462737467,3348.108886114793,2976.7550811821893,2712.22196381913,2298.769316251824,2825.875696583259,2849.515194568386,2425.852039662914,2959.6377079366316,2583.582597247493,1953.2401333735947,2733.8300092957975,2383.441373101796,2225.82624732703,2161.7476395813233,2815.07326924511,2660.6562779227193,3030.704930975054,2526.223671027261,2510.4726883480107,2592.837079963778,2874.761415218326,2481.0839693785606,2881.8208502374064,2440.718182008738,2453.994530573695,2630.2235100542493,2640.098857314951,2115.5996156962337,2092.1788824094597,2284.345189232509,2937.8010070960972,2102.8628762829894,2801.906304053591,1990.4549532861527,2658.760901880919,2155.930269780203
1610555637.02UBW5nKvDyUrKnaWcYRGajZPxTRDS0q3N,1818.6673763873755,2232.4079053525397,1903.7037232048453,2315.8580009245898,1541.3216837305051,1962.3830979972784,1818.8424302820085,2008.4701821770363,1836.9323231908782,2283.33958938814,2428.940415876188,2433.7291629955052,2525.938243888761,1888.5180409513548,2453.6805990210123,2209.10023271071,2548.616227304828,2397.101622655881,2006.105079801939,2205.170796691623,2474.2517074684883,2479.4785131784297,0.0,1940.6523463735189,1939.0291242355431,2070.7541251811276,1594.710174791047,2452.696057240185,2422.9541105871017,1536.2272818847578,2089.6957483795372,1732.3145985227418,2516.3303356554256,2430.113976379786,2399.0802587930557,2320.870951460057,2326.599569557051,2091.3626163193862,2126.2590856202614,2588.3744014901663,2213.034681731325,2536.254361210292,2511.401417576954,2442.1285382102487,2351.6081296078396,2364.218052127891,2209.9853311486727,2136.9686006854267,2168.5693856264434,2206.7084125653255,2327.495778242671,1903.4737351827278,2395.4654590769733,2412.226571239152,2139.0205064360744,1597.9266576794298,2188.3932855836115,2330.114110954909,2330.7968383887646,1899.4384941629166,2481.42182464783,2586.4521443828617,2268.1451077784477,2383.866123885938,2124.738939260722,2557.603319197514,2472.950854822011,2444.7457242458736
1610555619.13oUYNikU4facCTpUSiSLr0vPI0tJLnXiT,936.6479530338477,2402.6049630781404,748.6321753855758,2197.473022563273,1726.84854197192,1864.7060682022689,1555.2754566858491,736.7700713633533,1440.442991970151,2163.001696730142,2425.8280878042738,2251.482638462577,2450.374719926352,1236.5316947428264,2336.962157480859,2142.0611372144294,2565.670647907405,2353.9277250191185,1856.7200651094317,2086.446524758571,2327.6686256719263,2526.416150785368,1940.6523463735189,0.0,2136.1309069808326,2002.0998926451923,1628.3061450321306,2268.5650314491136,2442.655579436794,1771.7161472931302,2225.5646278426684,1953.9953658260172,2467.8781792247455,2424.9055895028423,2318.9762074906744,2182.4010108793814,2244.811809520318,2267.203997752123,2351.7952565378873,2504.681709909316,2143.951569940393,2412.083872988188,2371.1149446082204,2192.2323195334097,2405.8859560028936,2468.307697615527,2296.184573597024,2034.067565676438,2183.3732138937135,2233.222793521772,2054.6042600091296,1995.0708927045407,2409.4824645043504,2606.0763943015995,2087.418094303039,2035.4900985973268,2132.2693148388075,2163.1164880887222,2080.153513541061,2027.5888798889052,2537.087184944669,2611.1006586693234,2354.5629350489285,2358.0866081772365,2125.660650121611,2584.509345422495,2340.327420542791,2492.7992579774686
1610555721.03nzkucfjAUh31zTbmCVvTVYqtjoxZFnBh,2066.846703424203,2468.5416953228296,2115.402938062758,2486.0527460909225,2023.4156490324463,2152.287913323711,2090.7952297007214,2182.257097114459,2091.7301425678033,2484.231101170723,2403.243369253166,2304.90739920073,2836.990837854018,2097.5854545487214,2481.97397417562,2260.5388216698925,2460.3107025236773,2407.9534970603936,2222.7746160151855,2229.9042915063746,2361.687400555886,2443.230301101619,1939.0291242355431,2136.1309069808326,0.0,2239.4762097047055,2084.084906508983,2270.634238144298,2676.0491734825605,2116.9188715347505,2366.173060577246,2082.2705711645212,2713.1511779637895,2457.451991906688,2258.7608209316622,2332.6371208587593,2307.0492457022824,2270.3289464693407,2189.5244124943238,2538.860614005514,2451.422345112515,2453.616425391129,2471.1230796938166,2526.147256164447,2421.8561529397316,2334.1198621215176,2317.2788060062317,2003.9939940757724,2409.631659992654,2296.5486130932168,2167.8386424974146,2209.585999812911,2491.6694016774795,2610.857340228801,2309.8767174089066,1894.4578631571055,1789.26883023724,2260.533229517619,2179.9068151386014,1863.5316390725698,2372.9328214089146,2500.954368193962,2388.0115708418034,2139.834038041479,2296.079343323014,2498.83117343882,2300.0046489526794,2397.6642361277377
1610555722.67fhKURdXVzRbLIjXmjRwdJHTnE7PWb1AE,1960.5875593917342,2534.0563868566533,2009.3864884147774,2387.572526435225,2044.067041117067,1093.0328090738758,1940.6597914835909,2055.332793297079,1923.6456315854102,2694.9475489653883,2324.4347561738628,2449.6109726086615,2949.247272810587,1939.327473598382,2424.68579957392,2596.7478911538146,2365.677646763333,2389.7165037486066,1534.380245800149,2557.958683198555,2368.1609652900215,2351.5579146215873,2070.7541251811276,2002.0998926451923,2239.4762097047055,0.0,2059.6404349364752,2451.4467635094547,2661.193585288679,1972.0600861657967,2565.221687912995,1910.3703130119368,3013.127071476976,2831.170945974538,2694.4391757952635,2346.660952424631,2646.1227908422156,2715.383949370261,2307.335989507268,2626.3312682719593,2496.538464736915,2351.0826853099693,2665.584004076212,2275.8549468183314,2457.4089601137307,2361.0708310341483,2439.021058052834,2269.586055658659,2699.159978728945,2363.5478036499667,2408.117526917532,2156.7652127263013,2497.055043740603,2562.146834934676,2588.3143290490557,1934.2197972408194,2355.1961885814917,2504.969457954695,2388.429544931325,1780.023495921002,2355.2099237340235,2521.963454408014,2808.3606588385446,2163.6946941638707,2620.535822944001,2490.7500858877866,2526.7828818515386,2380.0447234211856
1610555638.39J2ZWBLuLTHP0jOlzB4tNHmYeijH5g5YJ,1523.7424604968926,2408.9695322218513,1606.8581332873628,2154.149798796954,1481.433142899514,1928.2875555551018,1741.365070790369,1687.056150692103,1601.364534238358,2182.0824147289095,2398.695486088033,2280.726754085758,2500.399666982908,1649.647897780995,2342.81937012698,2079.9510349453135,2542.148845266115,2419.1086200641644,1907.701606409509,1968.6748272120196,2358.70293698096,2541.8123719418927,1594.710174791047,1628.3061450321306,2084.084906508983,2059.6404349364752,0.0,2287.130541215252,2440.000729335481,1803.7600314158117,1991.5622004163304,1864.5137392753936,2476.713396923886,2371.9355319505776,2298.0892433425024,2180.41529919132,2203.3860471982516,2216.3465819981698,2341.469332193998,2449.093403689477,2050.2469314274294,2441.088343740144,2313.1102448771853,2334.8849296923513,2416.3355945732756,2504.2769726870474,2146.166327912162,1975.6264540479842,2106.1449451649887,1882.0809509358342,2144.3196934546827,1806.3103065908192,2401.4476115086627,2585.572752063111,2028.160603473817,1957.9781610821194,2211.3434034756865,2157.2123508932204,2160.2345669248693,2030.985751746602,2546.8099370869863,2605.361003845688,2213.818733077771,2403.486712603767,2009.258274366638,2594.535693110552,2152.0486688078636,2478.1369010454086
1610556032.17Q6yCDx9g7alRnL9jBFXD2JhhUyB2hKfJ,2275.0691675297153,2520.2884641315127,2283.471048693359,2186.468336556838,2321.321258687928,2392.390296301917,2332.2954895469434,2270.201671359174,2284.843656492339,2715.6556377643537,2322.0069129163226,1827.4183414505055,2973.6073269827352,2250.584509049026,2692.370247402186,2165.579376695285,2554.9012974348543,2373.4803248984044,2400.580971396227,2206.1491257352322,1971.974774438081,2335.4012753701245,2452.696057240185,2268.5650314491136,2270.634238144298,2451.4467635094547,2287.130541215252,0.0,2550.084525227918,2444.5479622792272,2676.855399739544,2541.7853358453667,2900.5091813326453,2344.5802967706995,2271.969562308031,2107.121177098953,2395.436208732022,2367.189939212053,2422.782339328519,2705.446998673972,2397.670068013352,2128.3572873095677,2523.815843782883,2206.3701814705755,2509.228962579644,2355.371568954249,2534.1058077201465,2406.6369147381824,2607.040098132152,2499.4392365196854,1889.7054522506298,2427.958564650214,2559.964307672132,2654.3634830785923,2422.700881077834,2544.269159633877,2292.030685029225,1919.699497773297,1992.063951038675,2425.9572865379155,2340.1199170431696,2710.5523677761594,2450.247194458881,2378.8451282152005,2328.9909150874983,2549.8034480249194,2459.238908572277,2276.590926277343
