,1610555604.25mOvVXuL01OCiReyVWBfesjuvXmB3MoPy,1610555605.43B6oDsBtWRQ29Q9UMQuTUEPZy3FSSWXzc,1610555610.92HPGJJSmyPM40z7otPBgHalNrHFA7zk5d,1610555606.68LaSQbm9EHAFycEfFtEqAwYqlBsQPjIRW,1610555617.19EKxMEwDHfXiEJZc27TsGoERaD6Da4BZU,1610555722.52PJ3FD50MGhRXyUD28vluU8Z9UjLJLZn4,1610555617.52Ijr5puT55g9apK8auM7zaxa3NANg502t,1610555638.77ZLjTLkz4jYJdFMI2wWBztzsDILkoOtAk,1610556912.46C7tJPLF0XfNnm8f1820X9aLmXMHoc0Dw,1610555617.51LjzIROg0aeCP2GhDcAVQ0LipKJB9jmKc,1610555608.17OpjjHobqRkX0UPcaXrbu7K6L3805SZri,1610555721.82zWeNZfGUUfRJkgnAwlP8VMhPzXctnSd4,1610555735.75bom85BDF0C7W2eIseHeMxi24qR68nzMi,1610555735.77NnT5xqKnwcf2BbjIekeb2arTQj6QMNwk,1610555638.33wjf1PhdNaoWfbRzXVn50hmFyB5bYAiLV,1610555606.65jCE4ig8Pu8kvAzkxnSGfWsV0nQBjCf8H,1610555608.18ONsBCVo1i7BrX0XG9stct4oiA6ejX9Oz,1610555721.51RNoQUMP19FTMS79BmA3JkgSm2IC2AQuQ,1610555971.86O0cHB2ibBJ8jxoObg01EpGe8VVV5mpwn,1610556911.51zU3duZSGpcw1BDNsBLxdOCITAXwl6z3i,1610555988.71dMoYT8250UHHJGxgmITTmbHe7V6gH1yU,1610556042.81mlUZsSp7gbGjrp8jQSnybT1gPy6e62o1,1610555637.02UBW5nKvDyUrKnaWcYRGajZPxTRDS0q3N,1610555619.13oUYNikU4facCTpUSiSLr0vPI0tJLnXiT,1610555721.03nzkucfjAUh31zTbmCVvTVYqtjoxZFnBh,1610555722.67fhKURdXVzRbLIjXmjRwdJHTnE7PWb1AE,1610555638.39J2ZWBLuLTHP0jOlzB4tNHmYeijH5g5YJ,1610556032.17Q6yCDx9g7alRnL9jBFXD2JhhUyB2hKfJ,1610557007.49MyVgDnuUuBxrvL6SGOdhKf69VYlW1MSm,1610555638.44hjT5hbYdKoE3MB6hijrjqbjmLgvCUYKD,1610555608.13zUvmFSCRt6SsLbhqFznMEvGx54GPGQzM,1610556038.62a5C4ynd1AARyAhTv8a58NCqHvXRjscqH,1610555644.45Xse8u7pusHNsd7F3d0A32HXvXr6weOJE,1610556038.62gKXOCG7XCn55eJvyl5voNjbwOW0znQDq,1610555987.13v0oleKK97pkesp6oMgprH8SoSdoDVdIO,1610556964.96ZLLeiQW0qpmxhPGTg7K03fmzkqsC2bjC,1610555987.13VQlEedQ50VvkPMEMzZDv3KNnQCewykN9,1610555982.186TY6MMGkDecIN1woW6vsfAMXVV7jnyjO,1610555982.673LuMndkwkvdmZOn0MmE2Pkidx0FtNalb,1610555733.38zItcuH7gHNfKdALR2d9Nek6bxCyw36Vm,1610556034.15BQxSbZINGCay0yp6RBVlgcPrw76Yn9ON,1610555639.37BPZpgtGml8qUsh9AdV4m32jPLfI2aNFq,1610556965.57S0adAalhWYe6K3bkZU0bRHbqnDK8gGkR,1610555983.54zteLPCMjyrjzPdhHhlZr3faCgD0TfYr3,1610555987.79rHnNRmt9a0ufmnwCvZqBouyUoZDNpylW,1610556960.041xWER61rmArlsKfiMl4frikWmUCnQ7op,1610556035.13a7NHZDutfTMJ88qle1gTYY59Dr4WmMsj,1610556890.456ZBDaY16bMtrTZTqAgHl3wq1tRxzqDow,1610555760.24e6890pkbyZ97Or6croI1rQgjkSsR0yVt,1610556043.02YpWMIJg3W004iqlPyv8OcVAZdSC5rNYw,1610555987.03z05P26TLtONYM1HSzupoc2CeNMa6HTqr,1610556032.15OYCzUxpsz7b10AXBAuDXrvEcvxFhf0M7,1610556032.63Z80yI9pNwS3jSmsDABbuhf8wkNa2Ze9y,1610555736.28eGuESasTXdR3SqY6pHhEXWZtcdciYLCO,1610556034.61bebeZA0MkaFG2sm3VKiqrxeqQginTTW0,1610556944.5XwXOphKYT3ZkWA8gViqOS97VHVuMVUqb,1610556944.745UVLFBzf7fPh4UH37I6tYQOFPqRDytEh,1610556034.63XsUwaFaPZevO1JNFjfhvY4aKNFnV4noV,1610556964.89xwBHw9faT1HjQRMNQEyA4qJ3hWkwgj3k,1610556966.74DydzH91jtyvRyYau47JpVkZoMRSNTt01,1610555740.77UueVziDbaXyRR4OcVJIIZyzOfAzN51bj,1610556046.84e3vwjyRCzqz0wJQhrk8zsxlFfFSv98Df,1610556137.99eoPuVrDThKAOvmeprLPb2FWRqIhzUodc,1610555740.73XFwSrmTXJPlaxGZSefh0jOVA8PI3III1,1610556123.88AOfNaz9jSnqU5Czc7okOv1RCrYfKFBTo,1610556046.85nB7NvyoYQeLcOV391Lmmut1wAM8CFGLw,1610556123.89H4pdIAzDthI7bMXMhlIhKUYIQIvtmPPQ,1610555740.87GOYQUJKpkynIS2lFqppYK4b32ol7NeGh
1610555604.25mOvVXuL01OCiReyVWBfesjuvXmB3MoPy,0.0,2327.7561914309854,730.7183239194627,2128.9142608788256,1529.4073772510371,1757.982948481855,1440.3675037000419,932.1260679594691,1200.1784504862205,2041.972784429265,2389.243030454952,2186.693238377882,2357.9616740433403,1255.6417886469355,2284.3977933149395,2026.5194607586582,2526.8642461578497,2321.984005873443,1668.133951114868,1942.068648701516,2292.509148118183,2497.478329501124,1729.34781875245,829.8251349240091,1992.1955763654314,1887.559992702701,1437.6940025039742,2209.747147014284,2335.3681818360515,1632.6645093986053,2037.1561566842893,1730.2182611701928,2373.4564320681056,2296.6918177163548,2229.679139492999,2121.48890407317,2158.437543594038,2128.47247993759,2224.0251660648164,2350.3063041200453,2096.9916900511885,2376.213722532643,2311.178677513301,2074.078245576018,2360.888945598331,2409.0548299751326,2174.4367041699816,1878.578877813979,2067.9048107984204,2133.118621162196,1951.8597007664594,1798.8167151385423,2272.3061945791933,2517.240681098842,1953.8772827419061,1875.033489347642,2010.7009746173537,2077.8767421112475,1937.836259399559,1901.7535479396302,2458.302100287199,2558.9238459256326,2234.915576341228,2300.930107503378,2015.5138635135963,2547.7555579480427,2224.167298860088,2387.293753200971
1610555605.43B6oDsBtWRQ29Q9UMQuTUEPZy3FSSWXzc,2327.7561914309854,0.0,2312.936028111834,2069.127372870503,2336.7747948852407,2341.7107746979877,2197.604334830468,2375.094835735689,2387.1302057438247,2346.673205594201,2310.9302368677227,2426.6346814421195,2320.8077454559357,2304.53281267272,2500.6183596004716,2392.7004515308813,2474.1215781562205,1603.8710303467228,2382.348316990558,2430.7010198768958,2484.0682233016537,2415.208306851812,2151.659415666833,2337.9106678124763,2403.030278815446,2472.6009373654556,2343.147418639691,2464.809343471696,2219.0148339411976,2024.061774701127,2533.822351331615,2324.6662118669437,2437.431756811729,2359.122672644368,2539.2747889732996,2497.4847502449857,2586.1492263459777,2101.607599475321,1881.8958913497547,2943.2054243527314,2336.199622182229,2414.64855445041,2808.1245972811735,2262.922312718006,1922.575635071898,1600.741812312066,2675.3289047353173,2534.6318331609855,2292.2962579566774,2691.956146065041,2433.3315196659114,2449.3302631686574,2533.4826536455275,2189.063954709473,2413.462827901799,2363.2229477219767,2442.9192606784145,2406.0686495437326,2463.589116765005,2378.735531499378,2470.6762700812264,2432.4683279278183,2379.131019481443,2480.0730260517303,2240.969860075843,2428.3454695624832,2776.616871957561,2446.6581271172226
1610555610.92HPGJJSmyPM40z7otPBgHalNrHFA7zk5d,730.7183239194627,2312.936028111834,0.0,2104.139876861718,1589.9738821761923,1797.1026827705405,1395.4620345044052,761.0179243622532,1316.9962028929124,2025.7682367502953,2371.3244574741643,2203.033064187197,2344.8931475669133,1162.6375365263677,2283.6249272003897,2019.030951600665,2518.187707710961,2336.3388746012,1760.3735191591468,1961.685454814062,2292.078816871903,2502.6380501927433,1792.0242455001512,668.785496506591,2024.1568867668393,1923.7941524487485,1493.4112672090034,2201.6272276289774,2334.2316256244903,1621.1768838802227,2052.7998243267816,1806.9005415855104,2365.3645275322474,2295.542789864741,2236.987172549127,2124.7736459813013,2160.1350999850224,2133.4888038864137,2245.6645076911536,2399.2093583226174,2066.7597656476564,2374.572143924789,2307.4863156517063,2143.439818014626,2352.762114921465,2409.045775999012,2194.0584858218153,1932.4706972577476,2063.2029442229014,2162.0870552316724,1976.127564466041,1860.8251403469737,2303.8277271567663,2529.5382954361517,1940.6935498522075,1911.9075870648912,2044.1839302034239,2047.8703012392605,1973.411388973559,1932.7960791235464,2470.4020290756653,2554.41124184912,2238.157417558136,2320.1166146324317,2011.1951738343346,2543.620861578174,2240.9366654685286,2410.356401431606
1610555606.68LaSQbm9EHAFycEfFtEqAwYqlBsQPjIRW,2128.9142608788256,2069.127372870503,2104.139876861718,0.0,2167.1193998185436,2206.5755558836636,2105.916499769522,2143.1645286280364,2195.14432553947,2593.415633912797,1808.9224898327157,2059.4226254708346,2784.2342029852357,2116.461553141154,2382.4037819961077,2278.5961203262036,2191.713279031498,2077.3678378682107,2126.0312484183705,2237.391643120938,2167.4849829159207,2301.663653936862,2222.2563166364143,2109.3737756111514,2393.6385745778334,2303.034360267995,2065.6809296770284,2105.3691247618144,2396.9830785184254,2094.865983108007,2430.5850926411845,2279.4497779095495,2812.173481345041,2490.1813242976973,2336.91477653293,2002.7921983304113,2380.9887351017646,2376.1340421559253,2020.7230624860608,2692.0173920805573,2029.4962162142917,2049.331461033291,2448.783838842346,1972.270204744155,2183.8064873247727,2104.242784699537,2565.857844984355,2376.5318277948904,2506.2850503507057,2534.5808694992106,2145.5562084704884,2277.693589038564,2569.26791383841,2319.237770469978,2227.4324518983376,2354.944633804859,2328.6949688461837,2183.117830751724,2206.137732804157,2297.6831130139603,2325.904238173164,2536.085515702055,2453.7879879033967,2367.2732371158363,2256.7665726123146,2463.596638477134,2475.2681794175937,2346.2340586822015
1610555617.19EKxMEwDHfXiEJZc27TsGoERaD6Da4BZU,1529.4073772510371,2336.7747948852407,1589.9738821761923,2167.1193998185436,0.0,1856.8308809810922,1373.0909615755231,1656.4475828708355,1392.1453376343452,2246.5009344658124,2317.9741890139376,2220.5280300768522,2556.405334947714,1535.5352198183784,2298.1035553319775,2084.851308104546,2459.247309393576,2316.820661366375,1783.3736568443996,2024.5866851001765,2335.4945046312314,2403.668239191457,1445.0004616814663,1603.4683575692743,1934.9547214347485,1960.0989205187043,1388.467537798956,2246.4020137955417,2401.7299463402346,1599.5629017037077,2107.180924486943,1587.191774028283,2554.7103544971924,2346.2508946720495,2281.846580667326,2134.804557029942,2195.213613947852,2176.816206991401,2227.271532398258,2497.0014258149117,2085.910848908722,2399.018292767166,2311.3025327738205,2286.526557342305,2323.721379596795,2393.8097960215846,2164.2477326763747,1994.3783648612055,2185.1007515925344,2057.2005318611327,2143.1935675514546,1802.426229325049,2333.7995591129634,2470.442789128866,2065.4505104119426,1769.033353430725,2038.8958087859362,2185.516429392111,2162.0646628463323,1814.5067123284214,2377.848396083279,2531.228189412384,2281.0688835825604,2247.5778106589423,2093.6409485116665,2511.196378314482,2338.765848445353,2300.6557788287428
1610555722.52PJ3FD50MGhRXyUD28vluU8Z9UjLJLZn4,1757.982948481855,2341.7107746979877,1797.1026827705405,2206.5755558836636,1856.8308809810922,0.0,1771.9655812053134,1843.9826960005732,1714.1022397239892,2505.334527536448,2181.775392885853,2316.5856012124095,2782.1556975228277,1741.421704270505,2305.272830198041,2398.4338290448327,2274.679702875861,2223.208067683918,1151.6833928134297,2364.065166508659,2259.1033754555247,2259.798560780635,1877.10849387846,1795.6950102208052,2076.4060072252896,1023.4942027169199,1845.2688431237846,2323.6005346391826,2510.95624481746,1743.6654072712354,2354.8471538147664,1637.5372958014507,2859.5151432274733,2626.2841770539935,2525.826408088783,2221.2173793113343,2478.1950481749664,2527.7995554434046,2170.0498485034377,2499.9265701669833,2322.5261753485483,2246.583179901953,2520.0662757575838,2122.848518945228,2306.4373552996894,2190.811960358085,2245.533619853813,2046.7152311733466,2534.296244179461,2233.64967979832,2230.9079219528967,1935.9698029559952,2355.290950505869,2441.417995428297,2374.0648150086663,1732.6674703762587,2213.99511175908,2326.46516627906,2193.8843965107353,1626.7231026416366,2240.955720550004,2403.871556640996,2627.9207935542204,2054.9274100418506,2444.936332526415,2387.478913651336,2399.747612946537,2248.305786294658
1610555617.52Ijr5puT55g9apK8auM7zaxa3NANg502t,1440.3675037000419,2197.604334830468,1395.4620345044052,2105.916499769522,1373.0909615755231,1771.9655812053134,0.0,1507.0256386984481,1530.5454442469838,2175.8309004169687,2271.8910414346246,2276.9555316840083,2443.2318982584775,1300.6597471122536,2296.8108522301864,2131.3901242967895,2421.6341490564137,2290.2309518387046,1744.8917405425473,2126.2926256143533,2363.591936243945,2391.8711290574615,1726.7122945322028,1448.3397836632382,2015.756738842574,1864.9272169275587,1659.1504880602647,2270.6106126039504,2282.4006404178035,1307.9993376189914,2181.257196229822,1614.9594729798416,2486.9223876757605,2318.1252192456054,2333.121638481838,2120.5278982073833,2298.8639698605084,2146.2355626746107,2078.2455149722746,2478.409848406879,2184.5975242641925,2383.1719654217354,2405.233257709448,2208.284395964366,2312.300012395274,2270.8466901843803,2323.698870695336,2055.4979879047683,2155.4226730384053,2213.4953139301015,2153.8416065380225,1861.1155032644258,2188.057405336619,2344.966858573555,2089.5440866611075,1831.05544625684,2055.3245181815123,2222.138328036886,2125.871957090857,1723.870761182424,2366.7772485557407,2473.305371663862,2331.479867039597,2204.2671406514064,2082.976144159247,2481.4111276349045,2361.4267212620543,2295.2679668824617
1610555638.77ZLjTLkz4jYJdFMI2wWBztzsDILkoOtAk,932.1260679594691,2375.094835735689,761.0179243622532,2143.1645286280364,1656.4475828708355,1843.9826960005732,1507.0256386984481,0.0,1376.7707414989443,2093.7903981381155,2395.7038332098505,2182.4543141670324,2425.648465271117,1119.3762280132462,2286.976154858432,2047.8835535683738,2553.236185748222,2355.3210199946234,1820.930842282718,1990.352704618089,2285.883786792109,2506.0298233446747,1903.9343017404556,664.2739977376424,2089.9860022915,1970.3210426999358,1579.366153107502,2190.1089156264206,2373.736829407099,1728.292949151425,2140.8370055408645,1885.0044895720107,2434.273648134139,2321.3047596670763,2259.67630164479,2126.871316846542,2177.235497568654,2210.7779740935634,2346.2244593379232,2470.4686365405746,2082.826658330777,2369.600545391306,2284.110551153878,2148.6741217923086,2381.028346537856,2439.6248303753778,2212.5592254156504,1966.6606403631852,2108.8698522136233,2202.58096492645,1956.7979823388434,1930.7682153139096,2389.7750146212165,2603.2898816701318,2008.3629575663022,2003.2987328640406,2091.972105756371,2052.676558423027,1994.3588012599253,1983.9040539120253,2509.0500726927776,2590.149057215885,2263.0447898198686,2344.0903948472596,2047.7058021781104,2556.6035107754915,2269.6238272369915,2462.8922118275223
1610556912.46C7tJPLF0XfNnm8f1820X9aLmXMHoc0Dw,1200.1784504862205,2387.1302057438247,1316.9962028929124,2195.14432553947,1392.1453376343452,1714.1022397239892,1530.5454442469838,1376.7707414989443,0.0,2221.193409812546,2380.470574637737,2161.3060096039458,2527.7510455974543,1364.166246473018,2262.3792282420086,2113.1750679957763,2510.933719071292,2311.1220709250683,1558.5372311202202,2039.6739447508173,2254.8153762733036,2451.8506655403207,1741.8310309700632,1329.0714689729016,2008.4367343123702,1842.1290762463348,1497.656458074935,2211.113565608217,2389.2912425151894,1711.5428578759154,2148.4674324067955,1733.0933971157497,2538.9523500659348,2370.892862289252,2287.745350073938,2134.9952606677657,2214.3444599578206,2225.003987525398,2270.027211256913,2462.9662726511815,2110.9328981677286,2345.9279717665845,2309.1693471044,2162.8487696091097,2376.19126349429,2412.074986316511,2165.000398943632,1948.968076880649,2200.62258929889,2092.6506469408614,2031.8586256302917,1825.7508283068482,2335.178545491407,2533.223145439414,2091.802026398477,1866.165720650795,2085.073958444522,2132.2685750341016,2059.3954875502704,1866.9444932204062,2405.055074465563,2547.4393444022103,2312.029195584421,2272.57782904595,2113.246788228821,2517.2008733305647,2301.3477295458874,2330.4872637937206
1610555617.51LjzIROg0aeCP2GhDcAVQ0LipKJB9jmKc,2041.972784429265,2346.673205594201,2025.7682367502953,2593.415633912797,2246.5009344658124,2505.334527536448,2175.8309004169687,2093.7903981381155,2221.193409812546,0.0,2946.21025474896,2647.440747992626,1473.5084450000732,2148.0464816155354,2851.8118775154076,2183.2063177015275,3096.3931074868005,2812.165646258531,2599.05824869416,2072.302581449417,2747.6979181657007,3102.0042603764655,2188.404833055209,2079.4390325514723,2404.3122737914227,2630.387462060549,2093.069671438228,2653.5664285800435,2516.8720160151966,2188.765141858422,2124.5894179158818,2483.58982330947,1182.0696215733772,2356.920755416766,2444.9648446869523,2709.9289168494765,2351.5231133944017,2139.9736896564777,2502.3096116568413,2677.376118328101,2513.2335511369956,2990.0838352116643,2741.027031197112,2675.6594472157517,2799.1290129672097,2830.4512111304352,2438.300574773702,2343.5616958206497,1280.2474848285622,2724.4534671849524,2312.348749721042,2335.181185710198,2496.6698144649395,2840.2006021716998,2072.2439546634128,2466.0534097500567,2538.596130759196,2230.029325066958,2302.9273239812933,2636.2999341530317,3075.3970885776844,3093.4023930633093,2161.774788878345,2958.731306839438,1833.2201598918637,3125.058896416308,2697.891388283786,2968.400951530819
1610555608.17OpjjHobqRkX0UPcaXrbu7K6L3805SZri,2389.243030454952,2310.9302368677227,2371.3244574741643,1808.9224898327157,2317.9741890139376,2181.775392885853,2271.8910414346246,2395.7038332098505,2380.470574637737,2946.21025474896,0.0,2224.074453355881,3177.340389071485,2325.382217171328,2262.220154120427,2470.3939086534806,1488.2977925416735,2046.502747899155,2166.066977492442,2557.356635012389,2191.5935034168283,2083.287772718192,2343.5197643608617,2366.54565260247,2325.5420111538865,2255.9577308030143,2328.8339699460753,2249.0156994619533,2485.38216192367,2291.361624552142,2681.1940230899495,2274.3159196941706,3206.458212236257,2752.835315742827,2517.305148354758,2049.8509596904128,2570.971628244744,2675.6445572732337,2241.1355276378363,2812.141175530165,2237.6501434621337,1820.102141292604,2481.207289466544,2226.695100699164,2134.0369027104202,1847.77669851062,2699.4537492616737,2523.299367737325,2873.456568366983,2460.9291007256484,2446.634579818471,2454.9306399815277,2673.920743801491,2312.8556509724594,2573.1751897871436,2262.729109683408,2323.2794322271607,2473.5206397184047,2529.976369295312,2174.627289640318,2191.142992395241,2253.1552491872994,2757.4999948315353,2144.161100188796,2612.4459045555636,2096.5384669399855,2516.9232996213786,2261.095738745568
1610555721.82zWeNZfGUUfRJkgnAwlP8VMhPzXctnSd4,2186.693238377882,2426.6346814421195,2203.033064187197,2059.4226254708346,2220.5280300768522,2316.5856012124095,2276.9555316840083,2182.4543141670324,2161.3060096039458,2647.440747992626,2224.074453355881,0.0,2929.175026376562,2128.629484518972,2427.371532112049,2049.449618872981,2443.212995973929,2092.003978308705,2323.135833156394,2005.8116668946388,1357.111959224736,2049.0927143323306,2344.62275967879,2167.039911515933,2224.634451183988,2374.867233945032,2198.538387132541,1734.0407237332468,2347.09973994281,2378.3258798483535,2543.575921867625,2433.082330466565,2839.2342231161574,2355.267517233051,1972.5601604106532,1873.3450749173865,2150.2450644667297,2329.1301868346577,2413.766537534099,2589.9928654537057,2085.851274484418,1991.857729506892,2395.440078615814,2112.25904260192,2315.600728939595,2315.0240135257886,2323.7954294443607,2254.010952953545,2541.6116682428333,2354.080428764178,1497.7093240649003,2177.2888248839245,2656.403860808936,2522.271430315868,2218.2102312378747,2396.6651045650146,2251.6118082871903,1781.3831883871937,1957.9521799129016,2370.7193223490813,2400.2982939052367,2552.724550329039,2310.271887175552,2409.7748566576233,2244.389945502501,2435.741194907589,2317.958962716373,2373.564094135928
1610555735.75bom85BDF0C7W2eIseHeMxi24qR68nzMi,2357.9616740433403,2320.8077454559357,2344.8931475669133,2784.2342029852357,2556.405334947714,2782.1556975228277,2443.2318982584775,2425.648465271117,2527.7510455974543,1473.5084450000732,3177.340389071485,2929.175026376562,0.0,2448.6998016395355,3071.701862777696,2465.935452048763,3338.6992737491705,2919.2019835325027,2853.2727367264306,2354.711705622244,3017.1293892126146,3291.5449704029647,2462.0577114355538,2397.3819187577296,2781.16115088949,2909.9851201981733,2441.490482222807,2932.7168887029593,2691.026473767047,2405.536012976719,2398.1982788455293,2751.9231410314833,1041.2594405566012,2410.9722146737627,2670.652634965446,2937.553223858013,2612.065702071885,2173.846884887345,2652.4842357843063,2994.719721765983,2744.526707397579,3194.4047347426294,3030.085861580487,2852.609618561601,2915.8751542178675,2949.6935142439283,2772.444221073301,2674.5525439705802,1888.36506523354,3018.935841460868,2646.847763129175,2648.669927949097,2681.829815293477,2915.7030078640173,2319.331678612291,2800.8266733854593,2831.4488008221456,2552.689815260256,2598.4860372465614,2915.6089929206432,3262.3024184917567,3260.634503281456,2334.666760045944,3195.281653017157,2193.5556049376055,3299.8108929225714,3021.3180797172863,3154.3695593982684
1610555735.77NnT5xqKnwcf2BbjIekeb2arTQj6QMNwk,1255.6417886469355,2304.53281267272,1162.6375365263677,2116.461553141154,1535.5352198183784,1741.421704270505,1300.6597471122536,1119.3762280132462,1364.166246473018,2148.0464816155354,2325.382217171328,2128.629484518972,2448.6998016395355,0.0,2241.2274696730565,2063.570955581216,2474.2126351449315,2287.297424929137,1707.8205662252174,1984.122783042449,2231.1938528814335,2388.7376678686783,1809.8156455770843,1145.6363973909076,2027.7313858869143,1873.1647034403898,1570.999899225418,2189.1976432413285,2325.745063616425,1598.3473686809268,2107.4550136243797,1801.9228249093699,2469.3567447501086,2333.5075723151203,2245.27631128185,2097.2086920229704,2170.2432914619653,2172.2245462485353,2239.575893358885,2418.845614417613,2078.442246934497,2313.4526918290876,2305.0692205743217,2157.774785464981,2300.8714983005825,2345.321267745693,2196.2665628086756,1957.35043087337,2138.632042058659,2162.3504535408206,1992.8107723397166,1822.5376617806016,2307.3522346116542,2498.4932643326038,1984.3979400661678,1907.0063948888933,2039.7598042825316,2070.142261246924,1999.2623563352056,1851.442291998463,2387.9196170432883,2521.7567363749054,2294.6206290540254,2258.9076502219864,2049.3971065841547,2465.552934930741,2281.597894055359,2318.272387462171
1610555638.33wjf1PhdNaoWfbRzXVn50hmFyB5bYAiLV,2284.3977933149395,2500.6183596004716,2283.6249272003897,2382.4037819961077,2298.1035553319775,2305.272830198041,2296.8108522301864,2286.976154858432,2262.3792282420086,2851.8118775154076,2262.220154120427,2427.371532112049,3071.701862777696,2241.2274696730565,0.0,2494.5749370509343,2304.026083373744,2334.340844056015,2296.004788378287,2577.9538995276894,2407.9638561474953,2337.8455098664203,2364.810673364523,2262.43166979784,2401.1391047585316,2347.2474610138015,2269.7329442044256,2623.4597209245144,2395.4085398327165,2375.1717410786932,2479.8833689038925,2277.0135944680237,3109.0792699088493,2864.6432965736776,2427.50180887671,2220.8680281799707,2398.5645160137087,2751.297784777125,2586.5386738839566,2747.018655256529,2007.028668278937,2323.2818429190943,2181.665478697714,2414.7348012482944,2138.8324652977144,2400.940368404795,2513.731461210258,2470.2460542166605,2859.7094399788766,2420.897755975836,2489.1908235540845,2388.702125302368,2977.133965756704,2577.999930966777,2545.996905173012,2312.2665983951624,2346.9146379112944,2524.8976941382816,2643.850137806053,2261.934547366885,2644.0517683961716,2313.413046836664,2759.241952817008,2471.4499255560672,2683.4042011038346,2254.8994788830273,2560.1566755873564,2656.150875828787
1610555606.65jCE4ig8Pu8kvAzkxnSGfWsV0nQBjCf8H,2026.5194607586582,2392.7004515308813,2019.030951600665,2278.5961203262036,2084.851308104546,2398.4338290448327,2131.3901242967895,2047.8835535683738,2113.1750679957763,2183.2063177015275,2470.3939086534806,2049.449618872981,2465.935452048763,2063.570955581216,2494.5749370509343,0.0,2678.9311265245974,2526.925578713803,2425.0195721778505,1655.9381168468838,2183.443113382393,2669.5267178816352,2108.552830242422,2038.175561994606,2161.4711617005623,2509.3015801762313,1981.4535958991546,2081.292944060907,2223.41545079779,2211.379457242586,1986.756616061903,2370.4714889410025,2296.2714008422204,1818.6023965623667,1556.3518739844117,1937.0743582612354,1800.1093455820342,1685.7850915584722,2521.502037439522,2515.4072861292857,2058.2973466184544,2488.4373070434312,2368.6248925760774,2460.930164065798,2392.2179198006615,2568.6049627723646,2183.144698222198,2081.400755679335,2059.044579450566,2350.6941049666343,1784.598449993865,2215.8143535695717,2441.057161082228,2689.919142164606,1690.9594198095867,2362.470941524624,2230.6233023250093,1726.1542644322926,1936.5577881108004,2443.361037475816,2649.265575061601,2731.327751980025,1747.672045737798,2622.6914985311414,1856.7613105429461,2626.690421857629,2214.667124303707,2570.4374835394306
1610555608.18ONsBCVo1i7BrX0XG9stct4oiA6ejX9Oz,2526.8642461578497,2474.1215781562205,2518.187707710961,2191.713279031498,2459.247309393576,2274.679702875861,2421.6341490564137,2553.236185748222,2510.933719071292,3096.3931074868005,1488.2977925416735,2443.212995973929,3338.6992737491705,2474.2126351449315,2304.026083373744,2678.9311265245974,0.0,2140.59683897203,2309.663333112697,2790.2138910374183,2308.640259764604,2105.767794723149,2469.788152504945,2517.0340344213573,2386.2764683695036,2305.831225908983,2482.711754054812,2488.167795557332,2554.907318289602,2435.037509521407,2772.198847584925,2313.43528919847,3381.462715082852,2979.4285778247063,2715.3555867648633,2193.205728931553,2772.5145315621717,2846.710886158283,2335.0353016045915,2924.966308591518,2446.613040088014,1968.636697231669,2634.5787746374867,2367.6005452903414,2216.103585520277,2008.9018698006505,2798.3478572939466,2634.6899425370793,3052.42781483713,2513.8325298501363,2661.830765957862,2604.0812731951137,2821.817784548549,2389.7675099250673,2793.830267176154,2288.411694930992,2411.3868824640886,2697.4016986692895,2747.971569011046,2221.4032333401233,2233.2760940985263,2163.6326840772094,2938.410489461133,2070.0216326768973,2812.9847719213794,2018.0328622127304,2642.316470021188,2321.228629994682
1610555721.51RNoQUMP19FTMS79BmA3JkgSm2IC2AQuQ,2321.984005873443,1603.8710303467228,2336.3388746012,2077.3678378682107,2316.820661366375,2223.208067683918,2290.2309518387046,2355.3210199946234,2311.1220709250683,2812.165646258531,2046.502747899155,2092.003978308705,2919.2019835325027,2287.297424929137,2334.340844056015,2526.925578713803,2140.59683897203,0.0,2248.4447247583025,2531.6768446129036,2142.8350612105696,2000.6621677941112,2326.7131646742832,2303.7182908928985,2341.4231387193026,2332.554774482909,2364.238946273574,2318.1441766599637,2403.0288317090403,2258.9075272049627,2724.025826350005,2296.7337612477468,2989.859996842164,2656.8100230823243,2635.298476221968,2296.530847223254,2670.0882513136885,2524.2430358715565,2162.41340994922,2955.888538415352,2297.324594074937,2089.44861161336,2729.9708634319377,2096.0551104822057,1791.4854152939192,1467.5665201023533,2655.6512006152334,2489.4227493297963,2761.5545346349495,2551.8274573834888,2301.085442660369,2480.343393262242,2761.7503937557935,2361.979710763402,2611.262871984122,2361.717311044913,2328.1786594696296,2465.2882085227825,2404.5815336826017,2238.6614980349896,2164.9354935608317,2193.2338683436014,2662.1080426555795,2196.2228371001693,2562.0749432872212,2103.640313609496,2694.1895321129105,2173.908012372947
1610555971.86O0cHB2ibBJ8jxoObg01EpGe8VVV5mpwn,1668.133951114868,2382.348316990558,1760.3735191591468,2126.0312484183705,1783.3736568443996,1151.6833928134297,1744.8917405425473,1820.930842282718,1558.5372311202202,2599.05824869416,2166.066977492442,2323.135833156394,2853.2727367264306,1707.8205662252174,2296.004788378287,2425.0195721778505,2309.663333112697,2248.4447247583025,0.0,2383.889594769715,2307.812920488703,2220.068304265669,1919.1520791694986,1759.4076706522076,2148.2903389549874,1452.4493083452228,1826.372855487807,2328.535200113007,2536.718518082608,1716.1473015239924,2392.8555987179993,1695.0763363365118,2924.3331957773676,2644.9916403181473,2532.379032237044,2217.42242386772,2504.730098251916,2535.780207900537,2193.9968921031127,2476.677677455561,2298.8986534787314,2239.1322148111476,2519.629454886466,2124.3707844297655,2337.9892914155434,2251.844368683623,2369.5950731000294,2066.8465982549455,2580.63223053384,2238.0992914427798,2257.8860571299383,1909.1304598972038,2385.087585464169,2435.0412122734588,2387.4769025072865,1914.541119630797,2206.688900177764,2396.9912788899082,2214.6041144439278,1686.5371607130335,2219.666539477018,2440.8590201520474,2657.597862579197,2086.0467359759286,2467.34950616485,2393.098174747003,2352.691960879806,2203.3823337962554
1610556911.51zU3duZSGpcw1BDNsBLxdOCITAXwl6z3i,1942.068648701516,2430.7010198768958,1961.685454814062,2237.391643120938,2024.5866851001765,2364.065166508659,2126.2926256143533,1990.352704618089,2039.6739447508173,2072.302581449417,2557.356635012389,2005.8116668946388,2354.711705622244,1984.122783042449,2577.9538995276894,1655.9381168468838,2790.2138910374183,2531.6768446129036,2383.889594769715,0.0,2163.128003112167,2705.033722266992,2104.1863792755453,1972.190461956651,2135.1587037426243,2469.2758800967317,1880.522656331321,2106.514035503024,2331.369334302654,2214.0287516716526,2075.174240530598,2371.7098417768775,2157.2755355954228,1893.0242521025486,1792.6243717914056,2069.0834998775017,1779.904995259925,1864.6099589189046,2535.4597310372983,2509.5722309245066,2065.169684706954,2528.514454189992,2410.4010367649,2291.3625238014074,2374.525765536947,2594.350186240486,2139.1524700205077,1971.8016204187252,2006.7315898557413,2392.148228253829,1745.3788873805981,2149.6781059135224,2535.6368759830625,2701.4965777145603,1620.4544592992168,2372.9164413854787,2145.180004081121,1655.3106425644926,1834.6437367640533,2454.2515519742246,2735.5369981163894,2796.309617992668,1762.4718772619926,2666.3167175915073,1720.0563194613062,2777.533152553807,2243.1399550267133,2657.6511656550233
1610555988.71dMoYT8250UHHJGxgmITTmbHe7V6gH1yU,2292.509148118183,2484.0682233016537,2292.078816871903,2167.4849829159207,2335.4945046312314,2259.1033754555247,2363.591936243945,2285.883786792109,2254.8153762733036,2747.6979181657007,2191.5935034168283,1357.111959224736,3017.1293892126146,2231.1938528814335,2407.9638561474953,2183.443113382393,2308.640259764604,2142.8350612105696,2307.812920488703,2163.128003112167,0.0,2057.659812006549,2395.1017200091546,2260.8294495555897,2293.590012454172,2310.771810536863,2290.290454399565,1897.0072931967031,2429.5306462010294,2426.447309221182,2577.2320405418236,2444.8338930163104,2954.3268579887867,2491.7019031183604,2064.5531380242633,1937.9620783322225,2234.3032799917473,2480.516420055314,2450.2813527243648,2643.501624587847,2122.770217304804,1934.406897697075,2479.4698358443416,2105.9162644717967,2277.2776627329354,2264.778495643701,2331.3232980962684,2291.3886779391164,2666.25909871359,2393.7036320365005,1799.0885033216314,2240.6781668423437,2736.4839733901,2548.8678643886183,2323.621653477597,2389.1386184191874,2306.713016185627,1825.5528867740632,2072.239672127452,2389.6278886368723,2359.2847980314536,2476.190929607407,2463.6493337267216,2379.693499252771,2390.5306744285604,2358.4962199846536,2348.5475261541947,2377.814153258261
1610556042.81mlUZsSp7gbGjrp8jQSnybT1gPy6e62o1,2497.478329501124,2415.208306851812,2502.6380501927433,2301.663653936862,2403.668239191457,2259.798560780635,2391.8711290574615,2506.0298233446747,2451.8506655403207,3102.0042603764655,2083.287772718192,2049.0927143323306,3291.5449704029647,2388.7376678686783,2337.8455098664203,2669.5267178816352,2105.767794723149,2000.6621677941112,2220.068304265669,2705.033722266992,2057.659812006549,0.0,2408.9774176151473,2474.2974313070354,2376.7489716408963,2295.6600020419337,2488.9070987636237,2280.711050984471,2595.299461847589,2327.306882110889,2868.829299575503,2248.2096639183496,3328.809326322754,2896.181017285202,2647.6295332311493,2227.8261630936736,2764.0822826677463,2784.6393347196504,2375.3858878990386,2905.136005748525,2524.6900586997276,1908.8916475584047,2682.1214671062003,2320.8083869172974,2166.4815126092185,2101.7988533616244,2740.1198209840713,2572.183823850143,2992.8564950860164,2473.074610842598,2433.143410666389,2515.597752092821,2831.289704361024,2439.4621071428833,2810.512198072118,2372.2576084615607,2390.0447790385824,2548.6420164936053,2565.426874773075,2052.42975872091,2028.2727819925296,2246.489035675825,2858.449135651903,2070.1142665894163,2743.279319635632,1952.2537255086165,2597.328886828469,2089.9416097826756
1610555637.02UBW5nKvDyUrKnaWcYRGajZPxTRDS0q3N,1729.34781875245,2151.659415666833,1792.0242455001512,2222.2563166364143,1445.0004616814663,1877.10849387846,1726.7122945322028,1903.9343017404556,1741.8310309700632,2188.404833055209,2343.5197643608617,2344.62275967879,2462.0577114355538,1809.8156455770843,2364.810673364523,2108.552830242422,2469.788152504945,2326.7131646742832,1919.1520791694986,2104.1863792755453,2395.1017200091546,2408.9774176151473,0.0,1835.256617025188,1845.9135608871811,1991.542007654571,1503.0201786673158,2379.170733896465,2335.9078636119293,1464.4746020689297,1980.507832919731,1597.9209211527484,2457.58048520465,2334.6316505160744,2301.517855472237,2233.2897237183906,2229.2062129383817,2012.7070244996144,2037.2804572589423,2518.9202418444124,2123.8058494858556,2457.199073755594,2427.277802796348,2364.9448916737674,2273.086766471203,2281.5803035504773,2115.4042852109606,2029.2886895090667,2089.708217824894,2125.5274667627245,2242.8833707299527,1821.314473865013,2327.218042895515,2333.3238002015983,2046.5145932695943,1503.3778191246804,2097.084968845788,2218.4997103813457,2243.8391229173644,1816.1616520925693,2394.782917003364,2515.12361993295,2178.528434796586,2310.433135342146,2031.6067358000864,2491.7836582709797,2389.6314090008595,2357.219455976928
1610555619.13oUYNikU4facCTpUSiSLr0vPI0tJLnXiT,829.8251349240091,2337.9106678124763,668.785496506591,2109.3737756111514,1603.4683575692743,1795.6950102208052,1448.3397836632382,664.2739977376424,1329.0714689729016,2079.4390325514723,2366.54565260247,2167.039911515933,2397.3819187577296,1145.6363973909076,2262.43166979784,2038.175561994606,2517.0340344213573,2303.7182908928985,1759.4076706522076,1972.190461956651,2260.8294495555897,2474.2974313070354,1835.256617025188,0.0,2048.338899825428,1925.3673298250274,1523.1690922721475,2191.968627729001,2354.8842623188198,1666.937299873302,2097.1762588771203,1825.2449686005646,2414.2731783207905,2316.0615733956406,2224.9268846113837,2098.7672809676483,2152.791702691242,2175.152186279235,2287.2964332847,2422.7708383375293,2065.1908064074455,2347.616603437508,2282.3505522114165,2129.991756138697,2348.8216938994806,2404.1789950921607,2197.6487161101527,1918.4919368717358,2103.540918583929,2167.6073691459887,1952.4401246096324,1880.2654710236907,2346.291049927383,2547.5546580298433,1970.9328275703901,1943.9636245610418,2040.1182333557472,2059.631902765245,1976.246485345511,1932.2136797888445,2465.170108972801,2560.8070318766095,2257.614816951062,2308.402376933282,2036.9159680007197,2535.0025781749623,2256.407587668597,2412.5956745803146
1610555721.03nzkucfjAUh31zTbmCVvTVYqtjoxZFnBh,1992.1955763654314,2403.030278815446,2024.1568867668393,2393.6385745778334,1934.9547214347485,2076.4060072252896,2015.756738842574,2089.9860022915,2008.4367343123702,2404.3122737914227,2325.5420111538865,2224.634451183988,2781.16115088949,2027.7313858869143,2401.1391047585316,2161.4711617005623,2386.2764683695036,2341.4231387193026,2148.2903389549874,2135.1587037426243,2293.590012454172,2376.7489716408963,1845.9135608871811,2048.338899825428,0.0,2164.412897859912,2007.7162248577508,2192.812023274741,2594.9590227736007,2036.9928946397652,2252.55944387544,1960.4091389147443,2659.1809468061792,2357.3560825443587,2173.596812213175,2241.240819517641,2217.8843757575532,2183.2913842228654,2106.006798452455,2459.858512921158,2362.442704819306,2377.3198996281967,2379.960024986491,2446.9223502159875,2346.104600135306,2264.641159111948,2221.1212562157543,1888.8908081336247,2336.71227882964,2227.8306382692076,2070.0706893389756,2114.7981470221,2421.6982263752366,2541.4457571749745,2213.108931213423,1807.0685981297704,1688.777174633903,2152.4231428457665,2082.991357240538,1784.2571372360899,2290.534883131141,2432.717403830947,2291.952640808991,2069.390780753562,2209.3851971191193,2433.359670746503,2223.572662664601,2305.3689178196914
1610555722.67fhKURdXVzRbLIjXmjRwdJHTnE7PWb1AE,1887.559992702701,2472.6009373654556,1923.7941524487485,2303.034360267995,1960.0989205187043,1023.4942027169199,1864.9272169275587,1970.3210426999358,1842.1290762463348,2630.387462060549,2255.9577308030143,2374.867233945032,2909.9851201981733,1873.1647034403898,2347.2474610138015,2509.3015801762313,2305.831225908983,2332.554774482909,1452.4493083452228,2469.2758800967317,2310.771810536863,2295.6600020419337,1991.542007654571,1925.3673298250274,2164.412897859912,0.0,1977.56419466154,2378.714304684993,2581.9717900028486,1891.1979485844759,2469.5921494664153,1779.9283766936353,2974.7975798356083,2744.356842194372,2618.483162851216,2261.298275967653,2571.183951460106,2644.5698212334164,2234.2305741419473,2550.7542894909857,2421.126840222029,2285.553090706935,2585.90866737028,2205.6640678621925,2391.294403875614,2291.3561312350344,2339.704393706282,2156.6460780811226,2643.6878599761167,2291.541205236818,2322.304225029819,2051.292310015177,2429.110452829045,2503.3226784786134,2499.507595026454,1847.7422838658683,2274.7115329976873,2414.5455983439365,2300.80677160742,1688.2942510150388,2277.8016848417155,2462.2362385549322,2732.1781565930287,2098.0134015077615,2554.420528008264,2433.2770408347205,2449.0716773570016,2296.381914093625
1610555638.39J2ZWBLuLTHP0jOlzB4tNHmYeijH5g5YJ,1437.6940025039742,2343.147418639691,1493.4112672090034,2065.6809296770284,1388.467537798956,1845.2688431237846,1659.1504880602647,1579.366153107502,1497.656458074935,2093.069671438228,2328.8339699460753,2198.538387132541,2441.490482222807,1570.999899225418,2269.7329442044256,1981.4535958991546,2482.711754054812,2364.238946273574,1826.372855487807,1880.522656331321,2290.290454399565,2488.9070987636237,1503.0201786673158,1523.1690922721475,2007.7162248577508,1977.56419466154,0.0,2224.3309654941595,2359.5954610407484,1713.6217909135228,1879.1643025848016,1747.6240759432555,2424.525654272963,2282.1552497595535,2203.792356165007,2096.2695322723766,2108.408434238012,2136.493439887645,2276.711730386413,2379.537060682102,1962.1709737269464,2374.542180115975,2238.227247266614,2268.146388592295,2357.7548340753683,2438.109432819343,2060.134761033773,1880.21654336804,2044.0134340754814,1826.3712259769954,2058.9920813299477,1711.9901011434147,2341.909819750345,2522.1722295951063,1921.0053258388657,1862.485828468323,2130.952379271323,2049.7917260415056,2075.536500551642,1947.7661143219136,2472.081545087237,2549.834988605582,2141.4144275339645,2348.365269427405,1930.297566285764,2543.134416954615,2082.702950690958,2401.575713201588
1610556032.17Q6yCDx9g7alRnL9jBFXD2JhhUyB2hKfJ,2209.747147014284,2464.809343471696,2201.6272276289774,2105.3691247618144,2246.4020137955417,2323.6005346391826,2270.6106126039504,2190.1089156264206,2211.113565608217,2653.5664285800435,2249.0156994619533,1734.0407237332468,2932.7168887029593,2189.1976432413285,2623.4597209245144,2081.292944060907,2488.167795557332,2318.1441766599637,2328.535200113007,2106.514035503024,1897.0072931967031,2280.711050984471,2379.170733896465,2191.968627729001,2192.812023274741,2378.714304684993,2224.3309654941595,0.0,2476.2390046471146,2382.331125126008,2578.383398547167,2446.9954692511196,2860.0615181617954,2245.941556674248,2185.9442236424993,2020.4796518033615,2314.052010151741,2288.1493108745544,2364.6396448589935,2635.131547466522,2321.6208047275054,2050.4894097528695,2456.9800334538554,2125.9043593151723,2441.061806015244,2291.0410455658375,2442.430301701072,2304.7708948160284,2546.157371324829,2437.790467516878,1787.4986237021515,2344.4644517833344,2494.3545217165943,2596.390855316664,2326.98987829385,2468.783041915825,2211.2304010809285,1815.3613849222397,1887.7881713973222,2353.3425443672472,2259.517935502163,2647.4629168369047,2351.3097590809925,2318.2632892094707,2249.7232519345775,2488.5241846791455,2382.284662154166,2202.7046023442736
