,1610555604.25mOvVXuL01OCiReyVWBfesjuvXmB3MoPy,1610555605.43B6oDsBtWRQ29Q9UMQuTUEPZy3FSSWXzc,1610555610.92HPGJJSmyPM40z7otPBgHalNrHFA7zk5d,1610555606.68LaSQbm9EHAFycEfFtEqAwYqlBsQPjIRW,1610555617.19EKxMEwDHfXiEJZc27TsGoERaD6Da4BZU,1610555722.52PJ3FD50MGhRXyUD28vluU8Z9UjLJLZn4,1610555617.52Ijr5puT55g9apK8auM7zaxa3NANg502t,1610555638.77ZLjTLkz4jYJdFMI2wWBztzsDILkoOtAk,1610556912.46C7tJPLF0XfNnm8f1820X9aLmXMHoc0Dw,1610555617.51LjzIROg0aeCP2GhDcAVQ0LipKJB9jmKc,1610555608.17OpjjHobqRkX0UPcaXrbu7K6L3805SZri,1610555721.82zWeNZfGUUfRJkgnAwlP8VMhPzXctnSd4,1610555735.75bom85BDF0C7W2eIseHeMxi24qR68nzMi,1610555735.77NnT5xqKnwcf2BbjIekeb2arTQj6QMNwk,1610555638.33wjf1PhdNaoWfbRzXVn50hmFyB5bYAiLV,1610555606.65jCE4ig8Pu8kvAzkxnSGfWsV0nQBjCf8H,1610555608.18ONsBCVo1i7BrX0XG9stct4oiA6ejX9Oz,1610555721.51RNoQUMP19FTMS79BmA3JkgSm2IC2AQuQ,1610555971.86O0cHB2ibBJ8jxoObg01EpGe8VVV5mpwn,1610556911.51zU3duZSGpcw1BDNsBLxdOCITAXwl6z3i,1610555988.71dMoYT8250UHHJGxgmITTmbHe7V6gH1yU,1610556042.81mlUZsSp7gbGjrp8jQSnybT1gPy6e62o1,1610555637.02UBW5nKvDyUrKnaWcYRGajZPxTRDS0q3N,1610555619.13oUYNikU4facCTpUSiSLr0vPI0tJLnXiT,1610555721.03nzkucfjAUh31zTbmCVvTVYqtjoxZFnBh,1610555722.67fhKURdXVzRbLIjXmjRwdJHTnE7PWb1AE,1610555638.39J2ZWBLuLTHP0jOlzB4tNHmYeijH5g5YJ,1610556032.17Q6yCDx9g7alRnL9jBFXD2JhhUyB2hKfJ,1610557007.49MyVgDnuUuBxrvL6SGOdhKf69VYlW1MSm,1610555638.44hjT5hbYdKoE3MB6hijrjqbjmLgvCUYKD,1610555608.13zUvmFSCRt6SsLbhqFznMEvGx54GPGQzM,1610556038.62a5C4ynd1AARyAhTv8a58NCqHvXRjscqH,1610555644.45Xse8u7pusHNsd7F3d0A32HXvXr6weOJE,1610556038.62gKXOCG7XCn55eJvyl5voNjbwOW0znQDq,1610555987.13v0oleKK97pkesp6oMgprH8SoSdoDVdIO,1610556964.96ZLLeiQW0qpmxhPGTg7K03fmzkqsC2bjC,1610555987.13VQlEedQ50VvkPMEMzZDv3KNnQCewykN9,1610555982.186TY6MMGkDecIN1woW6vsfAMXVV7jnyjO,1610555982.673LuMndkwkvdmZOn0MmE2Pkidx0FtNalb,1610555733.38zItcuH7gHNfKdALR2d9Nek6bxCyw36Vm,1610556034.15BQxSbZINGCay0yp6RBVlgcPrw76Yn9ON,1610555639.37BPZpgtGml8qUsh9AdV4m32jPLfI2aNFq,1610556965.57S0adAalhWYe6K3bkZU0bRHbqnDK8gGkR,1610555983.54zteLPCMjyrjzPdhHhlZr3faCgD0TfYr3,1610555987.79rHnNRmt9a0ufmnwCvZqBouyUoZDNpylW,1610556960.041xWER61rmArlsKfiMl4frikWmUCnQ7op,1610556035.13a7NHZDutfTMJ88qle1gTYY59Dr4WmMsj,1610556890.456ZBDaY16bMtrTZTqAgHl3wq1tRxzqDow,1610555760.24e6890pkbyZ97Or6croI1rQgjkSsR0yVt,1610556043.02YpWMIJg3W004iqlPyv8OcVAZdSC5rNYw,1610555987.03z05P26TLtONYM1HSzupoc2CeNMa6HTqr,1610556032.15OYCzUxpsz7b10AXBAuDXrvEcvxFhf0M7,1610556032.63Z80yI9pNwS3jSmsDABbuhf8wkNa2Ze9y,1610555736.28eGuESasTXdR3SqY6pHhEXWZtcdciYLCO,1610556034.61bebeZA0MkaFG2sm3VKiqrxeqQginTTW0,1610556944.5XwXOphKYT3ZkWA8gViqOS97VHVuMVUqb,1610556944.745UVLFBzf7fPh4UH37I6tYQOFPqRDytEh,1610556034.63XsUwaFaPZevO1JNFjfhvY4aKNFnV4noV,1610556964.89xwBHw9faT1HjQRMNQEyA4qJ3hWkwgj3k,1610556966.74DydzH91jtyvRyYau47JpVkZoMRSNTt01,1610555740.77UueVziDbaXyRR4OcVJIIZyzOfAzN51bj,1610556046.84e3vwjyRCzqz0wJQhrk8zsxlFfFSv98Df,1610556137.99eoPuVrDThKAOvmeprLPb2FWRqIhzUodc,1610555740.73XFwSrmTXJPlaxGZSefh0jOVA8PI3III1,1610556123.88AOfNaz9jSnqU5Czc7okOv1RCrYfKFBTo,1610556046.85nB7NvyoYQeLcOV391Lmmut1wAM8CFGLw,1610556123.89H4pdIAzDthI7bMXMhlIhKUYIQIvtmPPQ,1610555740.87GOYQUJKpkynIS2lFqppYK4b32ol7NeGh
1610555604.25mOvVXuL01OCiReyVWBfesjuvXmB3MoPy,0.0,2037.5164279706155,456.50000863335475,1801.4324117038152,1151.0047133547746,1436.7169185361442,1124.410310353717,682.4297989037983,879.531142138063,1750.9426682359872,2052.551564315713,1844.7875426208993,2071.4167577088624,918.6561046949353,1958.0390263730094,1677.8175096764617,2192.3995290469193,1998.705873883416,1326.5295153716881,1622.0557933000146,1984.616660064157,2139.9697033739726,1391.7154793706075,570.5227098899624,1668.6218060210272,1552.5431546720033,1115.9996349567507,1873.6501911474718,1984.3441156923252,1302.7722461405099,1629.6355393804038,1365.9620674175524,2084.4060715592354,1933.2296266738783,1893.3809102530852,1758.2423848893789,1824.3847884180614,1791.4172619971414,1891.0112661718954,1978.1540015338005,1771.6213465433982,2045.2114381150545,1931.2594645242539,1778.7400140094558,2048.715421449217,2088.7078704187193,1788.7891463884364,1506.3846092221263,1751.9442906229388,1672.5771083705029,1619.4408785507371,1410.0594978274823,1908.7051995009506,2168.6394819960706,1610.4375737399773,1546.909682772738,1664.008119420339,1762.0128204934556,1607.1299994892886,1556.9409476371213,2125.14718858093,2210.697402103187,1850.792062728137,1971.1223318490363,1682.7673956197061,2213.175321748755,1824.897601656915,2046.3914476373993
1610555605.43B6oDsBtWRQ29Q9UMQuTUEPZy3FSSWXzc,2037.5164279706155,0.0,2007.3532509125237,1789.126770344653,2012.7540021820282,2034.0597067855012,1908.9924468543213,2076.5748218243534,2066.7898994822826,2018.4327471954841,2014.4087788369231,2136.8102542965494,1997.8607169523648,1998.235212858408,2240.4920032070263,2072.527409163777,2154.733616448652,1439.3900454538884,2050.756174717878,2109.4604527227953,2170.9620878461706,2115.0354077058214,1831.7521094763697,2038.2653632838108,2136.738467453435,2138.641129455975,2010.6761914257893,2178.4914387939443,1897.8460304558182,1696.5166722863312,2172.3532209065615,2004.2262067515203,2130.7258121619216,2026.7261549907764,2236.0817820348893,2147.6707635946946,2296.491831523774,1813.1913794439645,1612.6830855201174,2614.0995473370267,2064.20146976533,2119.623491706,2490.8566377914485,1975.9391659577911,1710.168076338906,1400.1701839100247,2323.864099685982,2159.1960067795903,1933.2958906391357,2270.289036410429,2132.5793748893107,2097.5670812356047,2191.691709969764,1880.9304027560672,2096.534520078529,2057.2308466561713,2140.2326843937844,2089.4121475370703,2170.273048003906,2098.9722254106937,2181.8766509465527,2147.3323718314514,1987.6541074618067,2210.7324900626177,1877.996900599553,2138.1070546042397,2394.1235215041106,2150.952914904041
1610555610.92HPGJJSmyPM40z7otPBgHalNrHFA7zk5d,456.50000863335475,2007.3532509125237,0.0,1751.321141858786,1141.229855092642,1443.8857286475595,1082.2859788931162,594.672032316056,908.5376761385246,1731.877418663481,2020.0965600080199,1829.3824707140798,2057.7154319446563,851.724663588818,1935.1522640237272,1629.246678387116,2174.5634315362327,1996.0589284413757,1354.8039552309674,1585.503142532151,1962.146058237142,2127.861198790315,1400.3363284070979,511.2225893052278,1662.7951816316233,1560.0185447606218,1091.6013144244023,1833.7709932469932,1954.5957117586117,1281.8015210959281,1612.2059034821973,1394.162743717885,2067.439410157934,1889.976108789237,1864.7672187708004,1721.50838262072,1788.8677692448625,1764.161399648503,1894.8658100331124,1999.308001298917,1721.9340613647526,2022.6683295368944,1893.6263092762815,1802.1305156306116,2017.9218138555066,2068.6888361807205,1769.1647989796363,1502.2724779318287,1716.1731572023673,1656.4472120203407,1599.824376787124,1418.009081706413,1918.6784295661826,2159.9547532992524,1571.967244443076,1558.0653613802745,1658.455876534224,1711.21939496577,1601.9546612153001,1559.6889797489225,2121.1908184050417,2188.9750427072368,1800.9685463377075,1969.3127448244652,1635.7776468212435,2196.562692101783,1782.82385269014,2050.9984178632044
1610555606.68LaSQbm9EHAFycEfFtEqAwYqlBsQPjIRW,1801.4324117038152,1789.126770344653,1751.321141858786,0.0,1800.6132670240697,1873.8242344209577,1790.0528931862561,1786.9244530897265,1825.0595838934678,2258.925996669082,1508.4506145389778,1689.3725785784868,2463.0733733984425,1756.1470200073509,2052.765615939423,1972.9378296622222,1855.9885796117078,1736.3145564514016,1771.8034094156046,1886.049588403535,1816.580523384936,1919.6587769117737,1885.1942244955872,1755.4475567510897,2064.3469112605226,1936.9536223120797,1696.8652724860651,1770.939138012686,2064.0601826318716,1769.9274431790573,2076.9836070361866,1926.1839673296292,2502.909461917478,2136.9739202848114,2038.6564073256404,1655.7658084909735,2082.1757415942516,2073.4060909036566,1722.9093219750646,2349.850847279926,1743.6357654718602,1703.188339317088,2108.2101664761285,1667.1807250615798,1858.8773207621673,1761.9188504225633,2190.466021963709,1984.0970867010205,2152.14209450818,2088.402932937151,1812.2806787530715,1895.25525652555,2219.4184941408757,1971.2000686239037,1931.2056042586355,2023.6594560385786,1971.3074040172128,1845.4892979655326,1898.4248004611843,1969.1396894599513,1983.1738892425337,2181.0069159022714,2075.6122127433746,2025.3523033351398,1893.5577890200123,2111.0780921048586,2058.9289243984626,2000.6424728738705
1610555617.19EKxMEwDHfXiEJZc27TsGoERaD6Da4BZU,1151.0047133547746,2012.7540021820282,1141.229855092642,1800.6132670240697,0.0,1458.1527687669798,1053.349086358842,1225.9287464757667,1027.5018056779513,1878.5946760944055,1936.9349045674521,1852.041915588782,2213.534187076229,1110.0763262337086,1941.9722251423175,1703.6561386905664,2060.8433901764624,1947.7383679941026,1389.2866319683956,1681.414569259355,1970.4812797780107,2002.242077972682,1129.4465005426587,1165.503237857897,1598.0226854458344,1546.9927592692384,1009.9794255645614,1880.8402277597834,2020.2735331962667,1223.2544399694232,1671.8155023611155,1212.7789041717833,2212.3070488931803,1972.2595089895833,1932.7690797204807,1740.499036891307,1844.6772386837824,1818.6985377403917,1867.5636326926972,2115.8218833821634,1712.5588822055845,2009.3427916799017,1929.2011301604668,1912.5789145621054,1949.3283471895986,2020.1228574189704,1739.144620227271,1558.0240659507588,1809.1036504744761,1562.847073542437,1782.010609680077,1372.747790056622,1939.9327512095956,2083.898741548076,1686.3291338939573,1400.4525014324279,1662.3714935590572,1812.0166093524306,1805.6692687776967,1445.6247046776084,1989.0453294162357,2136.2545744180156,1887.8360735385047,1871.0108032841217,1715.3959962766048,2127.8725406951394,1926.2878949112646,1909.094178828188
1610555722.52PJ3FD50MGhRXyUD28vluU8Z9UjLJLZn4,1436.7169185361442,2034.0597067855012,1443.8857286475595,1873.8242344209577,1458.1527687669798,0.0,1445.5404317404018,1510.9622201601578,1360.3260142364013,2189.3139143443686,1842.205048830705,1976.1041735235744,2485.5948777663793,1389.8634047180212,1968.935471910973,2065.08469186308,1912.5709488792904,1883.1201158656227,872.2483556939857,2038.0446158544269,1938.1820780605947,1886.3764531274708,1516.172231079814,1455.1197425886742,1745.7659561184998,789.8140183486338,1474.159125761654,1993.7291183571194,2153.774935647509,1393.1938903270848,1949.3780271486517,1262.8025606622762,2565.9480702045107,2283.876187964674,2223.0015385325464,1864.0651564074499,2147.183826020449,2200.798326445096,1817.152834817392,2116.8975663667993,1985.6772699360572,1908.0500253853213,2145.3192162853225,1788.7619194244821,1978.1138017220446,1867.1102542053561,1877.583684034283,1640.331309155993,2201.91994482393,1755.975766079471,1933.6139952502533,1532.351278101343,1977.1055838585605,2080.2131405246555,2035.4442835370055,1404.0123367358246,1864.874641022719,2011.0473154168037,1894.2887868420971,1289.4899416229975,1895.753338403842,2034.4857611916468,2267.8475672930454,1718.7633281112653,2109.047082328482,2027.256159186107,2002.8971892069012,1886.8631818645629
1610555617.52Ijr5puT55g9apK8auM7zaxa3NANg502t,1124.410310353717,1908.9924468543213,1082.2859788931162,1790.0528931862561,1053.349086358842,1445.5404317404018,0.0,1202.1712732338774,1174.0058762356657,1882.945234299632,1945.2535767902116,1940.233248805052,2157.3536451563455,1016.4282596554766,1986.2649011726905,1784.0356104565842,2080.397415547882,1972.1187659725717,1374.0001759826043,1792.0844426492692,2048.4459241203303,2039.3540968266193,1383.3906765198517,1135.5367979379027,1705.9356141146804,1524.2820557459486,1291.2781285055075,1936.6869008893768,1927.4487119122405,996.5581133203722,1780.4192978400904,1245.7866659444899,2197.7018562328144,1949.0325365869676,2003.142368186432,1763.8841570401025,1982.5920582840338,1803.3791184988709,1750.6801379844849,2111.0654194762033,1866.304486298396,2046.7089199846978,2032.242445243579,1878.598314863064,2004.3355033149076,1937.5636308981068,1938.5421951813012,1651.8377168641275,1826.1220191530153,1734.110686440791,1830.4121776266531,1449.9204787834467,1803.6302581426742,1987.2192993429223,1762.441266605456,1500.2399156980819,1695.9983087160342,1920.3543337948886,1797.9608303761133,1423.6876069427633,2023.2205714916474,2126.136337157602,1943.2908400552362,1874.487627375365,1734.8098631191094,2142.377203067932,1938.8146119096518,1959.4712806431728
1610555638.77ZLjTLkz4jYJdFMI2wWBztzsDILkoOtAk,682.4297989037983,2076.5748218243534,594.672032316056,1786.9244530897265,1225.9287464757667,1510.9622201601578,1202.1712732338774,0.0,987.8776603941512,1800.9714693231049,2041.6851034940341,1809.881413889812,2141.498476588069,864.4392830999699,1946.813100273624,1663.7881977098345,2209.7331260125134,2019.7907461225702,1439.4958086858765,1623.748063869081,1959.5467060919111,2140.45407217619,1538.2437958949379,541.0785960610422,1744.7293651499695,1622.3278398673926,1193.7614354131183,1822.3161112897114,1992.5709694895786,1410.527424031493,1718.5862025419751,1494.6524863443806,2140.8317266798417,1922.83845985325,1893.8989111047363,1723.1913819291785,1814.428145441764,1853.3424370884097,2010.2422759025928,2085.607343630695,1737.8874496129254,2019.2275227493371,1869.9832055410607,1808.099674011854,2052.701711003491,2109.01616485251,1799.7028289656375,1551.497443143305,1767.334244308281,1716.2054807277189,1583.5291204271618,1510.857447670216,2019.1439188689064,2246.348902096308,1647.5984481330727,1664.6307320785243,1717.0559544116256,1722.1531378142608,1632.5400233988491,1629.7594151964126,2171.7721921063367,2230.2174067875426,1830.5176714516585,2002.8900315873768,1679.0071915589492,2216.280514316138,1822.232811961951,2114.5795853139794
1610556912.46C7tJPLF0XfNnm8f1820X9aLmXMHoc0Dw,879.531142138063,2066.7898994822826,908.5376761385246,1825.0595838934678,1027.5018056779513,1360.3260142364013,1174.0058762356657,987.8776603941512,0.0,1878.3427159921714,2000.2693947862724,1812.3744263302221,2201.3709515990518,976.7072045527722,1906.7978579261242,1728.856556209048,2124.7597649946897,1956.9744813359575,1213.2369498342164,1697.7701393984041,1924.221181361665,2065.9884350126713,1360.07975276549,928.8394540251281,1651.6521072467315,1476.1510124291892,1114.2410584851289,1850.5321070136033,2004.295909876477,1335.7490484904092,1711.811205476384,1336.6929037987738,2213.5135496169987,1991.762721028119,1942.3197508452847,1731.4723394486944,1865.1410387905066,1858.9770156246077,1900.0880643161065,2073.8117910019278,1742.72710549269,1973.1757994396237,1916.604368313407,1806.107038522691,2021.2490032755718,2047.637425904841,1748.8452613546553,1539.869294091976,1851.9229858714748,1595.7641087178733,1674.9531033857554,1381.5055686857008,1937.4140140691984,2152.718175399307,1713.3816826391883,1484.0850809407223,1708.5816189359196,1785.7344316188223,1702.4615184096517,1486.6299828901977,2030.612134148098,2151.076310820326,1917.7120604863824,1895.653514939566,1756.710875450107,2137.3516549787396,1885.9014365576309,1951.3192120899025
1610555617.51LjzIROg0aeCP2GhDcAVQ0LipKJB9jmKc,1750.9426682359872,2018.4327471954841,1731.877418663481,2258.925996669082,1878.5946760944055,2189.3139143443686,1882.945234299632,1800.9714693231049,1878.3427159921714,0.0,2621.7315985060013,2288.692638119313,1230.9750619462898,1836.9870007742823,2541.0789857201153,1768.1655567701696,2774.192494564389,2507.9397829408185,2255.648450847204,1659.308422627917,2424.9475956315796,2772.6413644810546,1819.4309658353807,1790.3345902059225,2069.49476737287,2301.8161509285555,1733.3473050823122,2296.8731272178716,2130.6166174756218,1867.123040066778,1665.2661516176809,2141.604386350551,942.9476362222169,1903.232516604437,2052.6080147354373,2351.25222545333,1961.8238044997568,1718.4737958395644,2172.928691031266,2285.730920176584,2171.6481136193743,2674.208457085625,2352.6384363171196,2338.24698224165,2495.2154541721393,2513.1091385555746,2015.7111253285757,1932.6141665726586,933.9569872340907,2278.7067836563824,1936.807789277516,1937.6057401253288,2108.2601663397345,2478.7855545849707,1655.0285852581158,2143.8272991007634,2178.5174668719724,1853.6102451307595,1923.7206836035023,2326.6900912272404,2759.1823634948228,2763.42744573394,1667.032365074484,2652.29967272878,1398.1541565081125,2813.9211184152773,2255.833432924839,2642.037995508954
1610555608.17OpjjHobqRkX0UPcaXrbu7K6L3805SZri,2052.551564315713,2014.4087788369231,2020.0965600080199,1508.4506145389778,1936.9349045674521,1842.205048830705,1945.2535767902116,2041.6851034940341,2000.2693947862724,2621.7315985060013,0.0,1863.197895856367,2867.3524474729256,1957.6825427004767,1904.3383472237945,2156.5519206473446,1263.1412158179137,1706.773681003528,1781.5750929202482,2217.7248536457196,1859.257314374638,1693.0129003623888,1993.862113196372,2012.2358394808,2006.0090377299236,1884.0654023128538,1955.5039174494166,1920.4581297644693,2148.9077590243555,1952.4794013242677,2314.2663684487165,1905.0638417588614,2905.3161429839756,2404.5685109945703,2208.091493147604,1705.403001829767,2252.7019586716183,2368.854168097295,1923.3366278347935,2451.497102936003,1917.469813057373,1477.8247870986756,2110.6559898574537,1888.8480098226503,1805.236410366916,1528.7303514005291,2321.2441719555763,2123.7812132574973,2528.193456203973,2014.281322362351,2103.5300912924463,2052.831946251126,2332.874352320435,1986.6931827664637,2246.967656535452,1927.0575838304742,1966.992252581073,2138.5411035298926,2200.836119568797,1833.0797882674942,1855.1283515328146,1916.0954785708843,2388.3636109200747,1827.0866967851102,2260.4847789287837,1757.6792254284062,2112.4417951858095,1902.5298261625758
1610555721.82zWeNZfGUUfRJkgnAwlP8VMhPzXctnSd4,1844.7875426208993,2136.8102542965494,1829.3824707140798,1689.3725785784868,1852.041915588782,1976.1041735235744,1940.233248805052,1809.881413889812,1812.3744263302221,2288.692638119313,1863.197895856367,0.0,2604.732900680101,1770.558957577243,2112.974374341939,1705.5961742850018,2072.8677765018783,1784.8819899486068,1951.567853859898,1621.1443475916842,1111.3190066695872,1750.2164936575086,1985.5505825860505,1796.7041399768264,1890.1173116247028,2001.7544666066115,1812.5619072144432,1411.360698419315,1997.8378858044227,2014.2676733921612,2122.8929127969996,2077.2099978283595,2502.9062337288856,1968.58600691726,1657.5930737434267,1509.046373423141,1819.5661786795395,1987.3304353899996,2094.9124218774746,2209.997581634993,1724.525229583573,1691.470687037778,2023.8497449058739,1765.5678193147894,1982.8082675997466,1971.815330657031,1914.3145854925974,1829.929991743516,2165.1156973330053,1897.220921932956,1166.6039133208867,1770.7767085360954,2286.3328892214895,2203.2508201717283,1824.0858094963767,2058.8624916371464,1874.215710711858,1425.0326470311331,1611.934174421301,2033.4539239609423,2042.54833302247,2206.509398830881,1906.3553904302266,2075.3121833060904,1855.5600362115754,2087.505179405715,1874.2925524239256,2014.0022757521676
1610555735.75bom85BDF0C7W2eIseHeMxi24qR68nzMi,2071.4167577088624,1997.8607169523648,2057.7154319446563,2463.0733733984425,2213.534187076229,2485.5948777663793,2157.3536451563455,2141.498476588069,2201.3709515990518,1230.9750619462898,2867.3524474729256,2604.732900680101,0.0,2150.425844751409,2786.9811612595367,2095.877334009289,3032.133529348828,2628.782073014895,2526.7377434167934,1987.1918962078523,2720.7299569990955,2978.281068866234,2111.2021297092742,2115.0457565510633,2469.1168769045844,2605.4586043340314,2105.375179289077,2609.8604003145724,2326.0389876172635,2081.8237095478794,1991.361317723521,2427.633078928043,863.9131321070967,1992.0229694739733,2309.9304747497895,2599.3501555512375,2261.62985827975,1777.2435029143776,2326.204737215576,2647.905869191066,2428.243175111724,2896.0400509445194,2681.096548111247,2537.974473089883,2625.0356396255934,2648.934654623524,2393.986908454964,2290.994915525867,1520.747988908098,2608.797707253253,2304.8614171601107,2282.072926206066,2330.3688759937754,2571.307417264103,1938.639199139827,2499.2061349871537,2488.9726703245683,2215.20320971252,2252.5956922551823,2623.943919918168,2961.8094251763646,2946.2636129037483,1884.1669772354007,2905.017093511212,1796.929499222308,2998.0632079271113,2619.1315827450444,2846.198524217452
1610555735.77NnT5xqKnwcf2BbjIekeb2arTQj6QMNwk,918.6561046949353,1998.235212858408,851.724663588818,1756.1470200073509,1110.0763262337086,1389.8634047180212,1016.4282596554766,864.4392830999699,976.7072045527722,1836.9870007742823,1957.6825427004767,1770.558957577243,2150.425844751409,0.0,1898.1875471902,1683.3603687343104,2108.4489895226243,1946.0555024054981,1310.2885822004548,1621.5614112042274,1906.4539523059111,2018.6297106012582,1421.902596598578,873.863658042936,1672.3432964771928,1505.4006918291952,1161.5324996422728,1823.676620822966,1936.914730203725,1251.631877423948,1677.2209327752378,1378.8103847967693,2164.67921984884,1942.2159816657504,1890.4736911762172,1698.4628603561896,1814.4743790435748,1806.916084610887,1886.0455459781404,2027.3678517342505,1729.8495246579423,1957.4424259506916,1890.981592826916,1799.610986393425,1959.4868026393485,1994.7411651348216,1781.1419877841054,1535.9677280941028,1791.6384191905397,1666.6930972859257,1630.0276946458678,1392.3206661532022,1916.2295031982985,2125.0492567286474,1629.0568159666416,1539.4126385215036,1657.9094425959065,1741.8201566784405,1637.1836878231093,1495.3443717787536,2030.980110386874,2151.0892166199865,1874.801499543023,1905.7514839798807,1678.0546695735984,2112.160973918402,1836.059302048321,1954.9447162653018
1610555638.33wjf1PhdNaoWfbRzXVn50hmFyB5bYAiLV,1958.0390263730094,2240.4920032070263,1935.1522640237272,2052.765615939423,1941.9722251423175,1968.935471910973,1986.2649011726905,1946.813100273624,1906.7978579261242,2541.0789857201153,1904.3383472237945,2112.974374341939,2786.9811612595367,1898.1875471902,0.0,2165.147288262429,1917.5193983020704,2035.081005105175,1924.5991072601123,2244.2567954768983,2090.5275158285117,2031.2147147531095,2020.56000274617,1924.4067306065106,2098.529866668837,1986.8652011036336,1915.7040294564354,2311.433694205195,2054.852076994072,2038.3535714338914,2112.2914764843813,1922.2008914219068,2828.0395709670615,2516.479133674179,2141.266381877032,1865.9337802860314,2090.485850962509,2435.867012955533,2283.749981444257,2420.1169276646046,1691.17951108497,1998.0231575228388,1883.390967581657,2075.9740146161575,1852.9679953510083,2096.2733288076693,2146.97718456604,2073.355877869145,2527.2899611387174,1981.2773074091326,2166.6142136058,2020.9164120360265,2638.0090353517858,2276.799931712771,2211.285192298427,1956.5415298720811,2036.8564346805995,2203.4192475870823,2329.498079325426,1940.0812790525893,2340.572583770762,1984.8149014946098,2387.667196684963,2181.5934157675624,2342.3176428924126,1955.2614031541814,2151.564489406099,2333.770344863955
1610555606.65jCE4ig8Pu8kvAzkxnSGfWsV0nQBjCf8H,1677.8175096764617,2072.527409163777,1629.246678387116,1972.9378296622222,1703.6561386905664,2065.08469186308,1784.0356104565842,1663.7881977098345,1728.856556209048,1768.1655567701696,2156.5519206473446,1705.5961742850018,2095.877334009289,1683.3603687343104,2165.147288262429,0.0,2340.9441111860574,2188.397150388399,2058.349361413153,1252.4087046036948,1843.039033783363,2304.3982202158654,1746.2492346313331,1654.2546027888218,1800.955909828992,2151.9426641202544,1594.4772951017496,1763.8860985223353,1918.9184945059505,1852.874601636365,1587.1378156674675,2013.9911950792437,1902.2550829399179,1420.0936767215715,1240.1323965662127,1647.3985668804958,1434.7111334864505,1361.792646168604,2197.1577071932775,2097.533910456212,1735.1683247234644,2155.668903283775,1973.0499011952568,2142.844115664511,2076.002132126301,2241.906264929711,1770.7505018217328,1667.9129556171308,1620.8010836894596,1863.7032646536975,1448.496611988351,1829.9083604830723,2089.744715352811,2353.5772481345102,1325.2234248852214,2035.106616447507,1835.4047578053935,1338.0070265262043,1586.6034704044775,2106.1921308075684,2330.1905583737266,2378.0305283063944,1267.470819996044,2289.244564019238,1398.6573318140436,2279.0564819522397,1745.7483443742456,2240.871709564845
1610555608.18ONsBCVo1i7BrX0XG9stct4oiA6ejX9Oz,2192.3995290469193,2154.733616448652,2174.5634315362327,1855.9885796117078,2060.8433901764624,1912.5709488792904,2080.397415547882,2209.7331260125134,2124.7597649946897,2774.192494564389,1263.1412158179137,2072.8677765018783,3032.133529348828,2108.4489895226243,1917.5193983020704,2340.9441111860574,0.0,1788.3362110790727,1897.2286639418403,2444.0241294122793,1970.0270755853203,1688.7875118717814,2092.2946501695506,2170.5947760425065,2043.1230468792978,1921.7606489699765,2104.4512708879297,2138.730420533615,2191.724359803475,2079.510549893954,2381.4769581189553,1916.1362067149878,3080.2300895871954,2618.241617133538,2386.689364461265,1817.1878057241267,2431.9857554151936,2523.920718108118,1987.4640902856618,2550.708408185317,2099.9463022570744,1617.5398821873694,2247.2390865366497,2009.345231442588,1879.8755736091648,1684.2335263956832,2404.331703548606,2219.628627106134,2709.0532594236042,2071.350084181251,2304.496065044077,2197.6636534426266,2465.9039223991003,2056.07316360982,2455.1159025875713,1920.952380687475,2043.2468768180845,2353.0011146529746,2402.3448805880535,1840.8634942949104,1884.2417239470121,1803.8950227028718,2558.3119888238048,1731.9522805369004,2462.4593862585893,1669.9503833963504,2241.1722079505075,1939.5039556007005
1610555721.51RNoQUMP19FTMS79BmA3JkgSm2IC2AQuQ,1998.705873883416,1439.3900454538884,1996.0589284413757,1736.3145564514016,1947.7383679941026,1883.1201158656227,1972.1187659725717,2019.7907461225702,1956.9744813359575,2507.9397829408185,1706.773681003528,1784.8819899486068,2628.782073014895,1946.0555024054981,2035.081005105175,2188.397150388399,1788.3362110790727,0.0,1864.0421108096332,2193.1442506028584,1801.1510665381963,1642.1651418237143,1983.7437014428272,1965.647714512882,2045.5447957502581,1959.4400964285678,2007.527714525002,1994.1083561238438,2068.491863640669,1920.6248095009269,2360.8997027737655,1934.306386109561,2709.765035268748,2309.338635596369,2304.2057775141393,1920.1634875192785,2349.3010052431428,2220.164941427827,1873.1030775483687,2598.4229210238705,1981.6566819904779,1756.2587426590994,2382.503056916445,1769.731531154821,1541.053373647988,1230.604885997067,2297.516655010776,2089.531602801544,2429.320214751334,2096.821119488085,1969.4653998262556,2092.89899688979,2419.3451157200375,2067.478934481079,2270.440645886476,2028.0691877781248,1986.10978082813,2128.73503954201,2083.30340803563,1911.4131957927289,1833.0646182649884,1878.7493605363486,2280.133022088701,1890.9941018313648,2207.00156246733,1772.0402477588252,2290.290996118299,1822.8031071201437
1610555971.86O0cHB2ibBJ8jxoObg01EpGe8VVV5mpwn,1326.5295153716881,2050.756174717878,1354.8039552309674,1771.8034094156046,1389.2866319683956,872.2483556939857,1374.0001759826043,1439.4958086858765,1213.2369498342164,2255.648450847204,1781.5750929202482,1951.567853859898,2526.7377434167934,1310.2885822004548,1924.5991072601123,2058.349361413153,1897.2286639418403,1864.0421108096332,0.0,2035.51442632006,1944.0206837712185,1806.8880135732506,1536.561413221516,1365.8459942311842,1777.2710812023352,1109.3441931572568,1445.6207072563961,1971.7625288127076,2154.8124448394606,1355.3329084490574,1961.0930704593998,1280.0890973671437,2600.963929418856,2277.558535320386,2197.2105724633966,1820.6736951916412,2152.2726988740314,2180.0988935671357,1802.405128997308,2083.8537442510606,1937.2305609805856,1841.706807478306,2120.987793633704,1768.1101216030363,1966.876387991219,1881.7705377388727,1972.5439998034235,1657.2329127962687,2231.61786160544,1739.153583990117,1935.8557389970726,1500.7057613888223,1973.3302778240763,2038.2014200133162,2021.7871078791889,1525.0064558992808,1821.3082965118695,2049.028473139628,1888.5779612323572,1320.5545705049353,1825.3053536411076,2028.9207308452096,2279.9717528522824,1702.2114299853658,2107.2131232722063,1989.6459479998166,1935.0869309907812,1801.4773977955037
1610556911.51zU3duZSGpcw1BDNsBLxdOCITAXwl6z3i,1622.0557933000146,2109.4604527227953,1585.503142532151,1886.049588403535,1681.414569259355,2038.0446158544269,1792.0844426492692,1623.748063869081,1697.7701393984041,1659.308422627917,2217.7248536457196,1621.1443475916842,1987.1918962078523,1621.5614112042274,2244.2567954768983,1252.4087046036948,2444.0241294122793,2193.1442506028584,2035.51442632006,0.0,1804.2097941938432,2342.317677351974,1764.714357167455,1606.1606285886178,1781.9065520270328,2127.628919728929,1547.7935523816045,1742.5497501792624,1974.371922731818,1865.2979727124982,1639.7234801291886,2036.2864627247086,1774.0352110084702,1477.9609515373636,1374.0689383704994,1722.9721565691661,1367.4026406659825,1491.1025989812235,2196.621125919293,2078.5666520838085,1690.944622626788,2182.5861118584294,1997.7664479092277,1951.326199480739,2044.0944504465538,2251.504152148046,1700.29339076593,1557.6316599907884,1605.455276336643,1943.762785116334,1330.8454643507825,1754.2472678633217,2165.4752491826353,2344.6693504142454,1155.1565900978994,2064.825676050747,1755.1814156708242,1213.3654546825858,1434.631857693608,2127.877110894571,2395.5791404631714,2432.871064013999,1349.4156737504354,2336.6579045622434,1309.4062570153972,2423.6339779063837,1791.9820048309496,2309.360261348234
1610555988.71dMoYT8250UHHJGxgmITTmbHe7V6gH1yU,1984.616660064157,2170.9620878461706,1962.146058237142,1816.580523384936,1970.4812797780107,1938.1820780605947,2048.4459241203303,1959.5467060919111,1924.221181361665,2424.9475956315796,1859.257314374638,1111.3190066695872,2720.7299569990955,1906.4539523059111,2090.5275158285117,1843.039033783363,1970.0270755853203,1801.1510665381963,1944.0206837712185,1804.2097941938432,0.0,1720.989077530029,2041.9660077599146,1933.3496566847318,1973.5183734498426,1959.5558822647931,1935.710621777945,1610.2314029975141,2082.095928524772,2080.956611391645,2180.1716262448685,2089.474376939915,2651.723842994546,2114.838400978685,1761.358006120515,1592.2589247552364,1904.710515236348,2146.037138006356,2135.4754407614114,2253.4803870675637,1790.690769096232,1630.0964575812686,2122.920564825487,1762.918315420962,1943.2793484876588,1923.9410385108563,1941.237404389888,1880.3776060169173,2322.9989936971288,1963.0289304237565,1481.973495474003,1850.0668300182222,2380.222498253537,2221.4770870868174,1951.2853160746442,2061.566374719988,1949.7388065616574,1532.7158753286828,1734.8097278119483,2054.966906599806,2020.9879748093422,2115.8496348423446,2070.3201146484053,2045.1584693880661,2033.5287508147144,2000.7822052228921,1914.0654852974208,2031.3482625128102
1610556042.81mlUZsSp7gbGjrp8jQSnybT1gPy6e62o1,2139.9697033739726,2115.0354077058214,2127.861198790315,1919.6587769117737,2002.242077972682,1886.3764531274708,2039.3540968266193,2140.45407217619,2065.9884350126713,2772.6413644810546,1693.0129003623888,1750.2164936575086,2978.281068866234,2018.6297106012582,2031.2147147531095,2304.3982202158654,1688.7875118717814,1642.1651418237143,1806.8880135732506,2342.317677351974,1720.989077530029,0.0,2031.9132405875894,2108.081618672805,2035.0376020936237,1883.2361475246573,2100.1382707985067,1948.3871942718602,2226.4582088314887,1958.878991838302,2463.856609463891,1862.629828401451,3024.2811123877623,2530.690540453646,2312.2481071560806,1839.4865451807973,2424.2902163248095,2453.219366541811,2030.079382149325,2566.303434906036,2170.4780536741955,1587.1821102574186,2332.2905793674936,1942.041516474928,1805.7584066766005,1729.8216279304102,2341.0953831900224,2145.0392215829615,2640.5072270384185,2042.6536577701854,2078.7826226327716,2126.590468938532,2449.143406152703,2118.020591000936,2437.9894488418745,2000.594687952736,2022.5394455744195,2196.194794730009,2207.828918486159,1723.1616906690936,1670.2693500925193,1921.1193534718984,2474.2167696098586,1780.8088816015443,2382.308245299378,1626.7568661066957,2211.546821063651,1720.0963968303126
1610555637.02UBW5nKvDyUrKnaWcYRGajZPxTRDS0q3N,1391.7154793706075,1831.7521094763697,1400.3363284070979,1885.1942244955872,1129.4465005426587,1516.172231079814,1383.3906765198517,1538.2437958949379,1360.07975276549,1819.4309658353807,1993.862113196372,1985.5505825860505,2111.2021297092742,1421.902596598578,2020.56000274617,1746.2492346313331,2092.2946501695506,1983.7437014428272,1536.561413221516,1764.714357167455,2041.9660077599146,2031.9132405875894,0.0,1460.6074194291307,1540.7290573990283,1618.7252183696705,1165.964237967477,2046.0149868924161,1970.7173555253848,1126.6462543265122,1572.2901427904953,1245.2634639035227,2112.0809854593344,1973.9352799677115,1956.2676938535676,1879.0915968271222,1890.8287831910834,1676.7922594988768,1688.4077205209132,2137.0339239844607,1790.6020802416792,2096.735371425406,2069.661103562565,2017.1269399296102,1932.6907860694444,1939.8024408821389,1713.5420260378585,1615.9451345787054,1721.1231551008336,1650.5770855241897,1908.8485192428436,1441.6132094989364,1946.7376583328708,1940.0642687015709,1700.8065902506396,1188.3333927354558,1765.0788607819977,1860.3535373349525,1912.4777883568297,1506.5389182690992,2036.192880765779,2138.176127894613,1784.141568986713,1973.4933952659508,1661.3578793712925,2132.8441881658796,1986.788880448695,1989.21230133674
1610555619.13oUYNikU4facCTpUSiSLr0vPI0tJLnXiT,570.5227098899624,2038.2653632838108,511.2225893052278,1755.4475567510897,1165.503237857897,1455.1197425886742,1135.5367979379027,541.0785960610422,928.8394540251281,1790.3345902059225,2012.2358394808,1796.7041399768264,2115.0457565510633,873.863658042936,1924.4067306065106,1654.2546027888218,2170.5947760425065,1965.647714512882,1365.8459942311842,1606.1606285886178,1933.3496566847318,2108.081618672805,1460.6074194291307,0.0,1698.8357037961885,1573.0424526062397,1137.615795413828,1827.7773432193126,1976.7602617381294,1341.1165911444982,1669.317771843886,1426.105703511742,2123.933483216368,1917.0476810849211,1856.970870895864,1695.8835993733162,1786.8325647301767,1816.3778202115725,1945.1874581780844,2029.607814491474,1719.7575799386805,1999.3188353829519,1872.8648330617436,1790.952005160032,2018.8173599054342,2068.044614696457,1786.0762045939562,1499.1103694424287,1767.4079564538379,1682.3307536021464,1579.874616041294,1451.269251539188,1969.2041301194452,2184.250094103655,1607.4765409172028,1597.6506110481319,1664.5170902302668,1729.0204687438743,1610.9939627620195,1572.378931787557,2124.170159929859,2201.1492939329687,1830.255533621944,1964.708598965462,1672.3089264033606,2193.5337894737463,1811.1828165253462,2063.4931867022515
1610555721.03nzkucfjAUh31zTbmCVvTVYqtjoxZFnBh,1668.6218060210272,2136.738467453435,1662.7951816316233,2064.3469112605226,1598.0226854458344,1745.7659561184998,1705.9356141146804,1744.7293651499695,1651.6521072467315,2069.49476737287,2006.0090377299236,1890.1173116247028,2469.1168769045844,1672.3432964771928,2098.529866668837,1800.955909828992,2043.1230468792978,2045.5447957502581,1777.2710812023352,1781.9065520270328,1973.5183734498426,2035.0376020936237,1540.7290573990283,1698.8357037961885,0.0,1801.6491873139564,1658.6181248918501,1845.6893274963893,2275.680363550535,1709.186280510531,1835.5743855603603,1634.8688219594217,2333.539442877316,1994.531240754707,1837.482266066248,1887.043061519612,1869.94738508173,1856.199135013013,1817.0092348906599,2063.406943464082,2036.3595947440524,2049.1090617702275,2016.1177605779562,2116.659314402941,2049.318843916385,1978.5426780364198,1823.785016560773,1487.332082758465,2002.3333840193961,1756.3786904251444,1717.8968977051784,1739.8493427955266,2062.181008940883,2205.5901247531806,1835.8990758947866,1534.021754936515,1334.7915075129788,1796.2163135585142,1731.5558660608006,1489.0024372638363,1966.6941003288703,2094.069239273313,1898.1090570929225,1763.3282241650445,1865.915302853416,2110.61320411335,1789.1052174491426,1957.1614926720126
1610555722.67fhKURdXVzRbLIjXmjRwdJHTnE7PWb1AE,1552.5431546720033,2138.641129455975,1560.0185447606218,1936.9536223120797,1546.9927592692384,789.8140183486338,1524.2820557459486,1622.3278398673926,1476.1510124291892,2301.8161509285555,1884.0654023128538,2001.7544666066115,2605.4586043340314,1505.4006918291952,1986.8652011036336,2151.9426641202544,1921.7606489699765,1959.4400964285678,1109.3441931572568,2127.628919728929,1959.5558822647931,1883.2361475246573,1618.7252183696705,1573.0424526062397,1801.6491873139564,0.0,1594.8360525346727,2008.994777244681,2210.101224089595,1516.4820711053892,2056.6650347689792,1360.452575140987,2672.8827009785837,2383.773885910646,2294.199723540276,1875.5629452798737,2220.317573286672,2300.869271931929,1854.4532010137118,2153.792424287847,2053.7786441792673,1916.3051135142914,2190.677271883168,1839.0322409816947,2034.257007965003,1933.898226339703,1949.9573159161885,1737.5669961870212,2302.4518037890853,1805.078957658338,1988.2052863087329,1616.9896346371745,2035.4782417045708,2123.402568179424,2144.8031305286663,1488.5574108943833,1896.7169189113797,2076.275406560588,1967.8629601527202,1322.477314598284,1887.5695419752894,2060.497501220314,2362.5506504886052,1723.915816920253,2207.745899051843,2045.4805197949017,2040.23739195357,1893.345624952668
1610555638.39J2ZWBLuLTHP0jOlzB4tNHmYeijH5g5YJ,1115.9996349567507,2010.6761914257893,1091.6013144244023,1696.8652724860651,1009.9794255645614,1474.159125761654,1291.2781285055075,1193.7614354131183,1114.2410584851289,1733.3473050823122,1955.5039174494166,1812.5619072144432,2105.375179289077,1161.5324996422728,1915.7040294564354,1594.4772951017496,2104.4512708879297,2007.527714525002,1445.6207072563961,1547.7935523816045,1935.710621777945,2100.1382707985067,1165.964237967477,1137.615795413828,1658.6181248918501,1594.8360525346727,0.0,1862.178233502487,1977.6168979891843,1347.2720774231932,1458.6361197810033,1349.743163072754,2094.4186523423973,1904.5573904742685,1840.9861967606134,1702.1887119240891,1728.5417029026726,1771.512977178762,1908.5425973856795,1991.0128170012047,1588.3623506751019,2004.0165059729422,1852.3828813180712,1912.102280632483,1999.844685847955,2081.3568726358426,1640.3656256031802,1478.2369259854347,1698.161834229319,1420.3215026164107,1698.6477146748584,1318.8944233624632,1948.799908464361,2139.7968270559354,1536.2466651323825,1501.122493681105,1762.7438431015826,1671.514091941381,1727.007978684112,1576.9674659288532,2114.747618740655,2167.7148434045835,1770.0990800039306,1989.6270436140637,1585.1421344878884,2173.508649283038,1706.934968750989,2040.2811568311597
1610556032.17Q6yCDx9g7alRnL9jBFXD2JhhUyB2hKfJ,1873.6501911474718,2178.4914387939443,1833.7709932469932,1770.939138012686,1880.8402277597834,1993.7291183571194,1936.6869008893768,1822.3161112897114,1850.5321070136033,2296.8731272178716,1920.4581297644693,1411.360698419315,2609.8604003145724,1823.676620822966,2311.433694205195,1763.8860985223353,2138.730420533615,1994.1083561238438,1971.7625288127076,1742.5497501792624,1610.2314029975141,1948.3871942718602,2046.0149868924161,1827.7773432193126,1845.6893274963893,2008.994777244681,1862.178233502487,0.0,2170.1209644938144,2033.857529408168,2181.5643953527424,2087.771443666251,2530.4706302166474,1915.2934204851172,1864.6597610638169,1676.8625348396135,1994.288982638288,1990.135784609057,2049.0539172010244,2265.6717803326906,2000.4392528892324,1746.6069666857372,2108.6204623152703,1819.4198371819311,2117.71807451136,1973.3900549858893,2062.7895907583766,1897.2262389998527,2172.7109408747765,1989.5507293400046,1462.771322977221,1965.2368678765017,2115.690885002509,2269.483455044971,1959.6268062393247,2140.2727402478286,1844.4303029959888,1499.4393497372942,1574.7130739527338,2014.6873452638818,1928.5327164545774,2301.7669050056834,1973.0674330032505,1980.2211323003164,1881.4407092108158,2147.57970384235,1952.57664117806,1870.4855767567924
