,1610555604.25mOvVXuL01OCiReyVWBfesjuvXmB3MoPy,1610555605.43B6oDsBtWRQ29Q9UMQuTUEPZy3FSSWXzc,1610555610.92HPGJJSmyPM40z7otPBgHalNrHFA7zk5d,1610555606.68LaSQbm9EHAFycEfFtEqAwYqlBsQPjIRW,1610555617.19EKxMEwDHfXiEJZc27TsGoERaD6Da4BZU,1610555722.52PJ3FD50MGhRXyUD28vluU8Z9UjLJLZn4,1610555617.52Ijr5puT55g9apK8auM7zaxa3NANg502t,1610555638.77ZLjTLkz4jYJdFMI2wWBztzsDILkoOtAk,1610556912.46C7tJPLF0XfNnm8f1820X9aLmXMHoc0Dw,1610555617.51LjzIROg0aeCP2GhDcAVQ0LipKJB9jmKc,1610555608.17OpjjHobqRkX0UPcaXrbu7K6L3805SZri,1610555721.82zWeNZfGUUfRJkgnAwlP8VMhPzXctnSd4,1610555735.75bom85BDF0C7W2eIseHeMxi24qR68nzMi,1610555735.77NnT5xqKnwcf2BbjIekeb2arTQj6QMNwk,1610555638.33wjf1PhdNaoWfbRzXVn50hmFyB5bYAiLV,1610555606.65jCE4ig8Pu8kvAzkxnSGfWsV0nQBjCf8H,1610555608.18ONsBCVo1i7BrX0XG9stct4oiA6ejX9Oz,1610555721.51RNoQUMP19FTMS79BmA3JkgSm2IC2AQuQ,1610555971.86O0cHB2ibBJ8jxoObg01EpGe8VVV5mpwn,1610556911.51zU3duZSGpcw1BDNsBLxdOCITAXwl6z3i,1610555988.71dMoYT8250UHHJGxgmITTmbHe7V6gH1yU,1610556042.81mlUZsSp7gbGjrp8jQSnybT1gPy6e62o1,1610555637.02UBW5nKvDyUrKnaWcYRGajZPxTRDS0q3N,1610555619.13oUYNikU4facCTpUSiSLr0vPI0tJLnXiT,1610555721.03nzkucfjAUh31zTbmCVvTVYqtjoxZFnBh,1610555722.67fhKURdXVzRbLIjXmjRwdJHTnE7PWb1AE,1610555638.39J2ZWBLuLTHP0jOlzB4tNHmYeijH5g5YJ,1610556032.17Q6yCDx9g7alRnL9jBFXD2JhhUyB2hKfJ,1610557007.49MyVgDnuUuBxrvL6SGOdhKf69VYlW1MSm,1610555638.44hjT5hbYdKoE3MB6hijrjqbjmLgvCUYKD,1610555608.13zUvmFSCRt6SsLbhqFznMEvGx54GPGQzM,1610556038.62a5C4ynd1AARyAhTv8a58NCqHvXRjscqH,1610555644.45Xse8u7pusHNsd7F3d0A32HXvXr6weOJE,1610556038.62gKXOCG7XCn55eJvyl5voNjbwOW0znQDq,1610555987.13v0oleKK97pkesp6oMgprH8SoSdoDVdIO,1610556964.96ZLLeiQW0qpmxhPGTg7K03fmzkqsC2bjC,1610555987.13VQlEedQ50VvkPMEMzZDv3KNnQCewykN9,1610555982.186TY6MMGkDecIN1woW6vsfAMXVV7jnyjO,1610555982.673LuMndkwkvdmZOn0MmE2Pkidx0FtNalb,1610555733.38zItcuH7gHNfKdALR2d9Nek6bxCyw36Vm,1610556034.15BQxSbZINGCay0yp6RBVlgcPrw76Yn9ON,1610555639.37BPZpgtGml8qUsh9AdV4m32jPLfI2aNFq,1610556965.57S0adAalhWYe6K3bkZU0bRHbqnDK8gGkR,1610555983.54zteLPCMjyrjzPdhHhlZr3faCgD0TfYr3,1610555987.79rHnNRmt9a0ufmnwCvZqBouyUoZDNpylW,1610556960.041xWER61rmArlsKfiMl4frikWmUCnQ7op,1610556035.13a7NHZDutfTMJ88qle1gTYY59Dr4WmMsj,1610556890.456ZBDaY16bMtrTZTqAgHl3wq1tRxzqDow,1610555760.24e6890pkbyZ97Or6croI1rQgjkSsR0yVt,1610556043.02YpWMIJg3W004iqlPyv8OcVAZdSC5rNYw,1610555987.03z05P26TLtONYM1HSzupoc2CeNMa6HTqr,1610556032.15OYCzUxpsz7b10AXBAuDXrvEcvxFhf0M7,1610556032.63Z80yI9pNwS3jSmsDABbuhf8wkNa2Ze9y,1610555736.28eGuESasTXdR3SqY6pHhEXWZtcdciYLCO,1610556034.61bebeZA0MkaFG2sm3VKiqrxeqQginTTW0,1610556944.5XwXOphKYT3ZkWA8gViqOS97VHVuMVUqb,1610556944.745UVLFBzf7fPh4UH37I6tYQOFPqRDytEh,1610556034.63XsUwaFaPZevO1JNFjfhvY4aKNFnV4noV,1610556964.89xwBHw9faT1HjQRMNQEyA4qJ3hWkwgj3k,1610556966.74DydzH91jtyvRyYau47JpVkZoMRSNTt01,1610555740.77UueVziDbaXyRR4OcVJIIZyzOfAzN51bj,1610556046.84e3vwjyRCzqz0wJQhrk8zsxlFfFSv98Df,1610556137.99eoPuVrDThKAOvmeprLPb2FWRqIhzUodc,1610555740.73XFwSrmTXJPlaxGZSefh0jOVA8PI3III1,1610556123.88AOfNaz9jSnqU5Czc7okOv1RCrYfKFBTo,1610556046.85nB7NvyoYQeLcOV391Lmmut1wAM8CFGLw,1610556123.89H4pdIAzDthI7bMXMhlIhKUYIQIvtmPPQ,1610555740.87GOYQUJKpkynIS2lFqppYK4b32ol7NeGh
1610555604.25mOvVXuL01OCiReyVWBfesjuvXmB3MoPy,0.0,2350.3918837108354,767.5133302504953,2163.403094664119,1567.4002547864327,1793.528122613227,1479.485083082077,976.931140796345,1251.9254120240826,2075.4680470575677,2425.254478833052,2212.898980094944,2376.5305121039523,1286.7932958701697,2311.6167919425147,2059.4370825137116,2560.4091969716155,2347.1444594354352,1703.2522575766518,1979.482525610863,2319.416053736412,2520.804648755248,1763.256132418958,869.3346522738846,2018.2087958527572,1924.7953227578807,1474.7286474024963,2235.847372353429,2362.279996613828,1674.9256787115137,2073.4827598681422,1762.1604525222808,2396.226970432917,2329.8330163622486,2260.938763968641,2153.850063998587,2192.148126490176,2160.697641926889,2247.748849070846,2382.4207932589393,2132.341214497607,2405.2128066286673,2343.2178268237176,2099.593161874922,2387.2373161124606,2439.2590792019496,2213.9089370228985,1918.1845229302837,2104.8891082563805,2185.053177159768,1983.3078471432934,1839.403777380843,2298.122820539686,2547.411807276858,1996.9259985780534,1909.0842421999334,2046.0473018337625,2125.6839518944857,1968.6081975934615,1933.4616098341198,2491.9302289877864,2584.8461030140134,2263.676240464409,2324.388340987071,2063.3018977592287,2572.264040039521,2267.919834763519,2419.2979560192553
1610555605.43B6oDsBtWRQ29Q9UMQuTUEPZy3FSSWXzc,2350.3918837108354,0.0,2332.986221024241,2093.5688962955114,2361.3290231408623,2366.523581481737,2220.8462883256566,2400.530033976521,2416.398986139045,2368.0802081658812,2339.1363513579736,2439.5754985909275,2333.5520568026645,2325.722763786141,2517.6258804651957,2414.664425362229,2501.169373014495,1617.6727205568832,2408.3124740920375,2459.5060599756066,2500.4218670002874,2429.3394182152306,2177.1670301687545,2360.764500469232,2417.7720022071603,2499.7388558212747,2371.1411496844316,2480.749443946322,2237.756044044072,2053.213926742639,2560.9630965732454,2342.826217531497,2450.8204685715223,2384.285617397057,2559.0641168445504,2519.831712105554,2607.57836464464,2122.9226952740655,1896.929854616531,2966.32896023123,2361.1234053517906,2433.224576009677,2832.0387616560633,2287.4289959985604,1938.3817071792241,1622.099391982083,2705.391806368003,2569.008880822477,2317.056243031477,2730.6671992462907,2454.304500952285,2480.0539155913348,2550.7500779702887,2210.7165873587132,2446.3175268035843,2385.7576256485945,2467.4456165381375,2441.161734905123,2484.17384738703,2397.559012824601,2496.1921125294443,2453.7334285608067,2405.258295229438,2496.1239826788265,2279.0019852680625,2447.2861726461992,2807.7673493240236,2470.4362322533084
1610555610.92HPGJJSmyPM40z7otPBgHalNrHFA7zk5d,767.5133302504953,2332.986221024241,0.0,2138.950857551812,1626.7436338424604,1832.1955543567003,1433.3603270310127,786.8186322265784,1366.6256580119464,2055.182543067602,2405.937532489349,2230.08749290904,2360.040256753611,1191.7478008485314,2311.7702378743547,2054.785559306091,2550.6572362237193,2359.7039848675936,1797.9364664207876,2001.073952614833,2318.5593526630755,2526.224612650785,1825.8979222671935,689.4672700658409,2050.504645404954,1960.8196805557084,1530.425177468229,2230.355271393365,2361.7772720971607,1663.4532781962027,2090.3217559727673,1836.8020627820874,2385.0383561476924,2329.2265514808846,2267.601729751267,2158.2764259815344,2195.4596956267874,2164.9969640276845,2267.523535480189,2433.6803925327995,2101.4398341669157,2404.115860078406,2341.578239059502,2172.0688210676058,2378.323639602571,2437.119772967737,2234.21736399245,1974.8673848074184,2098.4053800307865,2211.0029633736094,2010.5398535786953,1903.7398718656004,2329.205446113557,2557.2758235424453,1982.7489221475257,1943.7832290320086,2080.6596954830416,2093.6282407541066,2007.0584958886413,1965.78303937763,2504.0250681801954,2579.02114136397,2267.356706615524,2344.272488725051,2056.77345075715,2567.6425333854922,2284.4405035224063,2442.3188885552363
1610555606.68LaSQbm9EHAFycEfFtEqAwYqlBsQPjIRW,2163.403094664119,2093.5688962955114,2138.950857551812,0.0,2204.0063186762723,2248.2801357075236,2143.857877271514,2185.147763165931,2239.8823364997206,2629.603077807856,1845.0279692801657,2091.1378855348826,2807.5266981420114,2153.886578901544,2413.9269935003585,2312.099678214807,2229.712451068438,2107.0917832507293,2163.6618601189252,2280.598990540075,2199.620708765482,2330.7724937951366,2259.2070518961673,2147.297718707816,2424.0351193281167,2346.987714669712,2105.2031377796557,2137.984992049298,2426.328235193583,2134.9677587759857,2465.703615785922,2313.0821359223373,2838.1843385530965,2527.0296373929177,2368.9016681605185,2036.707066241921,2414.7896653713105,2409.2377664585442,2047.987633112534,2725.9327901518213,2063.613219406614,2083.2430905020324,2483.867542591426,2005.8467901031152,2212.486510094082,2140.890507641096,2610.277645903805,2420.8088582338837,2543.2206348040595,2585.5315755101374,2181.8859418863426,2320.5206067925124,2599.1320439400693,2349.6945621020377,2268.4730082916712,2391.4708903080113,2366.4981496223786,2231.3225258927782,2242.6383022569553,2334.1192180347507,2361.324606082664,2567.320017094771,2490.156866156627,2396.7410724782612,2305.8988605709164,2494.350608283067,2518.716531653784,2377.9607219901304
1610555617.19EKxMEwDHfXiEJZc27TsGoERaD6Da4BZU,1567.4002547864327,2361.3290231408623,1626.7436338424604,2204.0063186762723,0.0,1896.0344629665613,1401.5596854570895,1700.8146964932457,1438.5787439613841,2280.4064305327024,2357.749657148767,2246.1056260816194,2576.894833128879,1569.7985813036544,2329.9130259255917,2116.873282781848,2496.8647430834676,2343.987928327607,1821.4834956553605,2061.678002700113,2364.4431879140257,2433.3403497652366,1476.9614685639722,1644.2044340923196,1964.5603787009693,1999.5702256619504,1428.0829523275438,2272.73490426082,2430.5411747273247,1637.2268334271755,2141.380566717258,1623.0639328634973,2578.7483050392357,2382.5111356053603,2314.8922484795403,2168.8790141632476,2230.951815107007,2211.0595666851177,2253.9483736251645,2531.9988203141525,2124.7710560726164,2431.424970658059,2350.3377116288793,2319.6300581376026,2352.800979715862,2426.996389707182,2205.898039879588,2040.7014026145948,2223.4179541161225,2117.38421143405,2173.997664669909,1846.0096421439866,2362.249717443439,2503.521623760608,2108.6243096062835,1808.0053798309068,2078.189619306261,2234.583679327764,2191.0953935024204,1848.5490283389825,2416.4321630948252,2563.333512668745,2314.1658218437615,2277.832213139935,2144.500449307858,2543.066945015822,2384.5508133200615,2338.199721262456
1610555722.52PJ3FD50MGhRXyUD28vluU8Z9UjLJLZn4,1793.528122613227,2366.523581481737,1832.1955543567003,2248.2801357075236,1896.0344629665613,0.0,1810.072500943093,1885.5407391095766,1754.1210128293772,2538.552274379199,2221.8354986185573,2342.1175112498777,2802.006254195575,1776.862830255215,2335.625053257692,2434.3294249884934,2313.4246905980726,2250.929232814746,1182.5364898343564,2402.626500648277,2283.891869440442,2288.9503689339563,1912.7651845462503,1832.3513377400416,2102.3525095551063,1049.4097644112169,1889.331570248469,2351.738036045528,2541.2025365552718,1787.0575736968897,2392.5422147090203,1678.1692332131036,2882.8408932887496,2661.904685090016,2554.499045266388,2258.5809337063147,2513.0099446194095,2560.3994111489965,2197.6321072481423,2536.8352839995355,2361.5026191540937,2278.3992978431766,2556.260106476047,2156.356353924644,2336.3869180881,2220.554293134105,2287.7002840331306,2095.299822275407,2570.854338720383,2291.914391956815,2261.2763752824785,1979.0514861638856,2388.6925703634197,2472.0086335744313,2417.2161706632073,1766.6280580207563,2247.6584158927503,2370.512003392349,2226.029121294093,1661.337986829488,2278.155331584765,2435.4181538998614,2659.8164067600005,2086.168433077225,2490.9635144965664,2418.574621415889,2443.352774842125,2285.5206698445386
1610555617.52Ijr5puT55g9apK8auM7zaxa3NANg502t,1479.485083082077,2220.8462883256566,1433.3603270310127,2143.857877271514,1401.5596854570895,1810.072500943093,0.0,1551.8228466581406,1572.2803387393678,2208.3182199358093,2310.094821586725,2302.0804635112872,2462.0831483048587,1335.8284268532536,2328.9460821311654,2169.2391906090297,2458.4938903667357,2316.81458941617,1786.0187145313994,2168.5845246346694,2390.9190046168897,2421.7922706757404,1763.1372912456397,1489.672514138479,2043.0668300442692,1902.9554368864683,1700.4035562707313,2299.518687569788,2312.6515150224527,1349.1978968291653,2221.4197046604877,1651.6165285958764,2508.579671856681,2354.9251234810035,2365.889348657451,2157.1176121257486,2334.0268081919303,2182.0570387239604,2104.6128402381055,2515.8423896421473,2221.725603599489,2416.1129851578808,2444.895432312758,2242.230247932701,2340.3765818616885,2304.2813133088066,2366.7659666418967,2105.393417893964,2193.7638828015483,2269.6261138612886,2187.6577947205615,1912.5780707691097,2221.4258905267247,2377.351299091212,2136.666936023062,1867.605365051093,2094.7373435692302,2267.620157767588,2160.3140360759344,1758.3870362269697,2406.570489406407,2504.9120494981253,2366.6659196920173,2234.5166326568033,2134.1463712660584,2513.1248489054333,2408.591160300059,2332.7848951956753
1610555638.77ZLjTLkz4jYJdFMI2wWBztzsDILkoOtAk,976.931140796345,2400.530033976521,786.8186322265784,2185.147763165931,1700.8146964932457,1885.5407391095766,1551.8228466581406,0.0,1431.3297248680299,2128.4965225170113,2437.4833353844606,2215.0894378034423,2445.593447829951,1151.4992031501822,2321.9733385740906,2089.0510775351477,2591.8912715964175,2385.223065730482,1865.0889981903063,2035.2536855342994,2317.3603048068617,2535.9641004776186,1942.9973587973811,686.3427461001421,2121.9163906153403,2013.9481880809276,1622.8585864648364,2224.3015502357625,2407.901599877376,1774.699310857838,2183.7464321575862,1921.0333539805144,2458.0656284789547,2359.393269064441,2296.905137482456,2168.2609287595114,2217.526176604812,2246.942995216495,2373.97698585913,2510.238457771172,2122.5951572765384,2405.951079191924,2326.0287775912507,2184.0111851884467,2412.204017632965,2473.279747623855,2258.6727653471203,2015.1869584435378,2148.7381884196193,2256.504304253856,1996.8749491965916,1979.5100894394106,2420.9068615041087,2636.759552187103,2055.708149635785,2041.8707198402267,2134.5898225826436,2101.4117117192745,2034.1119933685402,2023.1451863678558,2547.8395500411575,2621.3394789654626,2296.708391419663,2375.485231124985,2096.8534866659406,2587.893107389625,2318.2231159233183,2501.3066093965585
1610556912.46C7tJPLF0XfNnm8f1820X9aLmXMHoc0Dw,1251.9254120240826,2416.398986139045,1366.6256580119464,2239.8823364997206,1438.5787439613841,1754.1210128293772,1572.2803387393678,1431.3297248680299,0.0,2261.745629452736,2426.795144032319,2195.0208110057447,2553.7789875461485,1401.4089170555226,2298.766297351078,2155.756897209422,2553.2003830999147,2342.7778428138413,1599.810541039014,2084.8848534205003,2289.5804383241903,2484.5877404621247,1783.3363745662868,1379.3317219310807,2042.1461921050748,1884.3429808530022,1548.8262527223544,2246.8367735642673,2425.6244751922845,1759.0175608282705,2189.2973539176996,1772.8998474111152,2568.10036874581,2411.9227907373834,2326.0462446152187,2178.1849909991033,2254.0108225112394,2264.2308518016553,2301.1961597937166,2504.839926585357,2156.6380478049796,2386.2836560441256,2353.747626387745,2202.1086854826735,2409.3219190316986,2450.073594112053,2214.0606018074436,1998.2376704499297,2243.5215862492496,2157.1845101092,2072.1649015359203,1878.9853057316593,2370.6953768567682,2569.109220121151,2142.436505146439,1909.683396323281,2127.0219043822326,2184.178608080707,2099.167000191935,1904.5921319058405,2446.36192350416,2583.1628407772723,2348.735245280599,2307.8829232334524,2167.0969873281747,2551.529313976551,2352.2469024802103,2370.8686184317908
1610555617.51LjzIROg0aeCP2GhDcAVQ0LipKJB9jmKc,2075.4680470575677,2368.0802081658812,2055.182543067602,2629.603077807856,2280.4064305327024,2538.552274379199,2208.3182199358093,2128.4965225170113,2261.745629452736,0.0,2979.8898423797964,2672.0831872463764,1488.1685177750744,2177.4607413180674,2878.294781470532,2221.0336405297735,3126.9716451353174,2834.4692020976777,2634.059126257494,2119.2747265091284,2772.412048851189,3121.858377848095,2223.93383422235,2111.3677719949014,2430.3346587710507,2664.8405951750974,2131.83693080565,2680.2662617527017,2546.8085256577024,2227.019326939288,2166.4174902575605,2508.2014991179212,1198.7164547879809,2394.9102498099646,2477.110712921526,2742.863836640762,2388.220604681827,2176.5803907799163,2524.69093369108,2710.0199695555425,2550.1919720291066,3015.92332116444,2775.576872136461,2707.0716225475903,2823.5198457757247,2857.7611790986484,2478.666709987399,2385.7361862281477,1313.296806599711,2770.5332900565977,2348.9392626067083,2375.4763520309207,2522.1544589496343,2865.9553031273176,2120.3762992259985,2497.5140062355563,2572.427952302619,2281.0600607314,2339.4278518772217,2664.4457887387493,3105.20954872001,3114.3251858835756,2197.9247121342173,2978.197921920807,1890.239017631292,3145.334458726645,2739.3973136694217,2997.2599150566894
1610555608.17OpjjHobqRkX0UPcaXrbu7K6L3805SZri,2425.254478833052,2339.1363513579736,2405.937532489349,1845.0279692801657,2357.749657148767,2221.8354986185573,2310.094821586725,2437.4833353844606,2426.795144032319,2979.8898423797964,0.0,2256.031562967575,3198.797620347712,2362.2735236508784,2294.39908803561,2505.581175634382,1507.9393473208547,2075.361060636509,2206.2682685342575,2600.0308289390528,2217.8638066078797,2113.373239341913,2383.418496311816,2404.470616727701,2358.111208788908,2297.0726782863603,2371.756210482068,2281.8857071734456,2517.467542063036,2332.639051571929,2718.7254819271143,2310.3320776428523,3231.0791863862214,2791.4178961988846,2550.8357263986304,2083.7109889930284,2606.4211485528076,2711.0898514223904,2273.362797266466,2846.860917939282,2272.475698867085,1851.55946308096,2518.0178828381077,2264.299053211449,2163.6106238085986,1881.2600256554947,2742.0104566553955,2569.154552310349,2911.628998479712,2515.3120093576044,2484.431167452576,2500.381745598598,2704.560220715769,2343.979628859273,2616.900545403206,2297.8016926519667,2361.5022109088873,2518.4862523574,2568.040188623436,2213.015199078952,2225.0075687537014,2280.728688744214,2797.38547736257,2171.2931309514256,2662.485601660858,2124.707290376709,2562.8198225067526,2294.610520266111
1610555721.82zWeNZfGUUfRJkgnAwlP8VMhPzXctnSd4,2212.898980094944,2439.5754985909275,2230.08749290904,2091.1378855348826,2246.1056260816194,2342.1175112498777,2302.0804635112872,2215.0894378034423,2195.0208110057447,2672.0831872463764,2256.031562967575,0.0,2942.5159376743077,2154.2078484700432,2448.019135837621,2081.512225225825,2475.9727540720946,2110.5865778606158,2350.168364748665,2042.1527055670479,1381.970285535984,2069.360089605487,2372.2711584071344,2196.220367819641,2243.5665159692608,2403.542787647658,2231.9629502058556,1760.2111959617046,2369.7303216812397,2409.0929609737927,2575.6691533686962,2453.9525672158857,2856.0154138117,2386.9398046775177,2001.3473072528361,1903.6168762875443,2178.4757618506333,2356.8164835749,2428.629593114989,2619.9691099057627,2121.432676734827,2019.97299362853,2425.4111144833373,2141.629369877384,2339.0705990811275,2339.3248801021286,2364.2947517972193,2294.586385706871,2571.9046687893992,2400.692558204558,1527.5988404180275,2215.754697963221,2678.646214662416,2543.988035689468,2259.398080085633,2422.455460790494,2280.9182913261275,1829.2533177538598,1988.652152650645,2391.872987967854,2430.327694701655,2574.843691694681,2342.7065133112533,2428.8239544354174,2288.9386685506597,2459.5478899171417,2356.088413309633,2402.2491579632324
1610555735.75bom85BDF0C7W2eIseHeMxi24qR68nzMi,2376.5305121039523,2333.5520568026645,2360.040256753611,2807.5266981420114,2576.894833128879,2802.006254195575,2462.0831483048587,2445.593447829951,2553.7789875461485,1488.1685177750744,3198.797620347712,2942.5159376743077,0.0,2463.931499284148,3087.3808473708764,2488.885463855135,3358.0340247822196,2932.1027304681056,2875.073500448233,2384.987137433402,3030.334489365183,3301.5770172397665,2483.8026248310493,2415.051350558461,2794.7806908584043,2931.5953529809663,2464.985588287987,2947.3212926434376,2710.646348083535,2430.796582446622,2426.012452114628,2764.059286222013,1051.0499546513824,2439.6418015175213,2689.821975057296,2957.782908331706,2634.666053211274,2199.9457562069997,2664.165171209644,3014.697880019012,2769.463280420894,3208.9231534785667,3052.928352723428,2873.11175234176,2930.700535311664,2967.383231726874,2797.646214720962,2701.94006223083,1912.4901326868385,3052.017971661132,2668.921958742854,2673.9281888178407,2694.883216572342,2932.3664560714074,2350.755191695493,2819.7109349393454,2852.7669788659123,2587.2233178928172,2619.4355213263975,2931.5828278201493,3283.0296401366786,3273.578089015945,2361.8008517977432,3204.132088962859,2233.257224573749,3311.5067663798973,3048.39617106079,3173.6388995828015
1610555735.77NnT5xqKnwcf2BbjIekeb2arTQj6QMNwk,1286.7932958701697,2325.722763786141,1191.7478008485314,2153.886578901544,1569.7985813036544,1776.862830255215,1335.8284268532536,1151.4992031501822,1401.4089170555226,2177.4607413180674,2362.2735236508784,2154.2078484700432,2463.931499284148,0.0,2270.9421322302524,2101.2748904765717,2508.8315649300616,2311.4062764603673,1744.6044654234217,2023.888986874497,2255.7500490506513,2414.6597967537455,1843.1932216831915,1174.9695346906374,2054.3040677138724,1910.3720464964779,1608.751649419316,2217.924520294043,2355.1108548865773,1641.0662335029735,2147.051883125028,1832.4640787476421,2487.6441765383,2368.0416406548497,2278.885380914253,2133.8001003094632,2205.9779798973113,2205.360996813128,2262.5773689426287,2455.221757276052,2114.4665706561273,2344.705586021562,2343.2030374529713,2187.5269008551227,2326.77900087052,2374.593657490369,2239.4736419690653,2002.718228445998,2173.6327544255114,2213.626960478913,2025.9541361079716,1869.4670601433122,2336.186871261092,2527.544188072561,2030.4453161862173,1942.1926424204648,2077.0859900821556,2113.0535804117003,2033.295918359137,1884.7979018305407,2424.326718177043,2548.8023096313523,2325.241652881269,2287.012582101546,2095.1821270251166,2492.372594614978,2325.8000124866626,2354.2916245644824
1610555638.33wjf1PhdNaoWfbRzXVn50hmFyB5bYAiLV,2311.6167919425147,2517.6258804651957,2311.7702378743547,2413.9269935003585,2329.9130259255917,2335.625053257692,2328.9460821311654,2321.9733385740906,2298.766297351078,2878.294781470532,2294.39908803561,2448.019135837621,3087.3808473708764,2270.9421322302524,0.0,2525.600764576652,2335.3620569943278,2354.780845203908,2325.4982245771043,2612.180781736221,2428.312290992312,2351.644836730034,2396.293632542599,2293.473157647912,2423.0358154794862,2379.6268765624804,2304.66257624925,2645.6661239813607,2421.137295642057,2409.444367130815,2515.1942445281497,2305.1224125754115,3126.9413870993785,2895.2093159010333,2453.4094323133268,2250.261897028902,2429.375899861167,2778.3736247671777,2605.8635336572797,2773.2056275313507,2039.018871174949,2344.4919757547627,2209.7097216839456,2440.0796313218543,2161.019260853014,2427.617304829113,2549.2822069275585,2510.201284772118,2889.690565732646,2467.609859580888,2516.6658640980136,2426.6135688776767,2998.8082402611035,2601.267511469127,2586.2199880644453,2343.405024290184,2371.9698645266308,2564.6076760286473,2671.0652303289567,2289.736453101475,2668.4158160424627,2335.5629613662372,2791.691301830166,2488.8635092117393,2724.633209543349,2273.1476824981946,2598.8544684214057,2681.1687375813895
1610555606.65jCE4ig8Pu8kvAzkxnSGfWsV0nQBjCf8H,2059.4370825137116,2414.664425362229,2054.785559306091,2312.099678214807,2116.873282781848,2434.3294249884934,2169.2391906090297,2089.0510775351477,2155.756897209422,2221.0336405297735,2505.581175634382,2081.512225225825,2488.885463855135,2101.2748904765717,2525.600764576652,0.0,2715.230363775898,2554.8021189959886,2460.7748272964755,1693.800134135989,2217.2611547012016,2696.0970604550826,2142.1467687740205,2076.109065331559,2190.600312298209,2548.1857396228684,2019.419816446104,2111.096876750009,2251.299581391249,2252.6106010281633,2021.9041851685024,2398.8073192505854,2322.785444182544,1851.5571378442069,1590.0641066990902,1966.2029539091634,1838.335334611616,1712.4742681257287,2545.2074425001715,2552.364224876004,2094.1947196899437,2519.7410586105434,2406.565026997897,2493.9001916125076,2421.165445646638,2598.3976946510734,2226.9936857736834,2125.144464689726,2101.056490340368,2402.576909205389,1820.4176654988096,2255.635668976357,2468.366998704317,2720.435421914139,1737.1905547960625,2395.419431288288,2268.136802834202,1778.3929481468028,1975.2256749307073,2476.3938328701897,2682.155551238145,2759.3226018523683,1784.066787220423,2647.8216796108304,1914.8012952504962,2654.835894096889,2258.2016021048116,2601.050653903863
1610555608.18ONsBCVo1i7BrX0XG9stct4oiA6ejX9Oz,2560.4091969716155,2501.169373014495,2550.6572362237193,2229.712451068438,2496.8647430834676,2313.4246905980726,2458.4938903667357,2591.8912715964175,2553.2003830999147,3126.9716451353174,1507.9393473208547,2475.9727540720946,3358.0340247822196,2508.8315649300616,2335.3620569943278,2715.230363775898,0.0,2169.0890855820853,2348.912192935581,2831.912731138929,2335.8879154969286,2134.807908648657,2508.588534767145,2552.6629538129505,2419.1978887053137,2344.7304361501165,2524.5485281791302,2520.124086336613,2588.7236377814693,2474.7141974689293,2810.4299772168215,2348.4895012331845,3403.9425456841877,3015.8473694257004,2748.8523755310994,2228.6803064154815,2808.8207757701553,2881.0138366776237,2368.8053933846013,2958.3813090795156,2482.7981294777564,1997.4590658965958,2669.4167800525365,2403.865275150756,2246.4727675528093,2040.5126541164716,2839.3258190497418,2679.5278711324827,3087.215161641375,2570.0476784027815,2698.9578801621897,2647.9461290563877,2852.649026776049,2419.5562781672966,2836.3931463096847,2324.852969736566,2446.5940023270005,2742.564438196439,2784.9853183791474,2259.971494026145,2264.910715380063,2191.685521998619,2977.382031747511,2096.457081018953,2861.09812120943,2044.0915235168309,2688.1636379352203,2352.8487124123226
1610555721.51RNoQUMP19FTMS79BmA3JkgSm2IC2AQuQ,2347.1444594354352,1617.6727205568832,2359.7039848675936,2107.0917832507293,2343.987928327607,2250.929232814746,2316.81458941617,2385.223065730482,2342.7778428138413,2834.4692020976777,2075.361060636509,2110.5865778606158,2932.1027304681056,2311.4062764603673,2354.780845203908,2554.8021189959886,2169.0890855820853,0.0,2276.640076169684,2564.0358415614655,2163.471445364853,2019.4694019835074,2354.6970185051305,2329.693806973015,2361.4896813634864,2362.702176364688,2395.982960758441,2339.167578815855,2426.454716706429,2289.800609788515,2754.0346716258273,2319.9775313281584,3004.7354979513325,2685.9155899646025,2661.293595612763,2323.5125875037274,2697.655431429597,2550.3857469261357,2179.718766302536,2983.24040996963,2327.7294570281324,2112.3463644323506,2756.722684830593,2121.1607160406393,1810.5004954579972,1491.931107096676,2687.9678706225604,2528.438296167577,2788.4271142418356,2595.2387640608245,2327.034148623491,2515.8777069756106,2782.5484030865273,2382.9278044853663,2648.5250466438106,2387.0509717922932,2356.968389881697,2503.660462405929,2429.0954083714737,2261.6621035363705,2193.3810613089004,2217.323888394237,2692.657927722262,2215.4550114927288,2601.9391778204267,2127.163035916127,2729.042928269326,2201.163095898441
1610555971.86O0cHB2ibBJ8jxoObg01EpGe8VVV5mpwn,1703.2522575766518,2408.3124740920375,1797.9364664207876,2163.6618601189252,1821.4834956553605,1182.5364898343564,1786.0187145313994,1865.0889981903063,1599.810541039014,2634.059126257494,2206.2682685342575,2350.168364748665,2875.073500448233,1744.6044654234217,2325.4982245771043,2460.7748272964755,2348.912192935581,2276.640076169684,0.0,2420.6553600048906,2335.608203850151,2248.263830556989,1953.730079672652,1799.161657048315,2175.5599123450143,1488.320585808057,1864.5736026420025,2358.252620700678,2567.5309238382697,1755.6618056974305,2429.6116978602936,1734.4118787196142,2949.7552096062886,2681.792653908318,2563.552076561977,2254.3409247813593,2541.204496155855,2569.247447453867,2222.2179641969283,2514.012536894681,2336.9641325624034,2271.328579300694,2556.307450333517,2156.135011428534,2369.3014225439715,2284.8087511308668,2410.0721066705264,2110.7154331569936,2616.642885858977,2294.535909442135,2288.157056795066,1947.2020017791801,2419.2238543441676,2466.546458147059,2431.038794068997,1950.722655372697,2241.6964081402934,2444.540503404929,2245.9207652618306,1719.4701880930572,2257.200092280048,2472.7929086100366,2689.1843752777045,2116.998240302353,2513.5907014190448,2423.762553055755,2396.6898697349297,2240.693902836901
1610556911.51zU3duZSGpcw1BDNsBLxdOCITAXwl6z3i,1979.482525610863,2459.5060599756066,2001.073952614833,2280.598990540075,2061.678002700113,2402.626500648277,2168.5845246346694,2035.2536855342994,2084.8848534205003,2119.2747265091284,2600.0308289390528,2042.1527055670479,2384.987137433402,2023.888986874497,2612.180781736221,1693.800134135989,2831.912731138929,2564.0358415614655,2420.6553600048906,0.0,2201.649500749095,2733.5823130010167,2140.408098838178,2013.0810479627853,2168.375413576502,2511.0871788415666,1920.3907249988897,2142.1389225813964,2365.3909786468853,2257.1817770182674,2114.5684935153863,2404.043439987113,2191.7876261814017,1934.8187984870974,1837.0560222682534,2106.828319189864,1827.3031200712976,1901.901629390752,2565.044525986499,2549.899336077417,2110.615614985781,2566.0960344960413,2453.408885343048,2328.4959702122806,2406.498248471566,2630.8440000694645,2188.0089989053204,2019.105778993816,2054.486957258792,2445.9816643087943,1789.8017376079606,2192.7062810674706,2567.5668282216243,2737.26677954692,1680.6868267493069,2409.2532259483974,2187.2869188702884,1720.6227118201084,1875.9905791873346,2490.251198623581,2773.9824873320076,2828.178269921673,1802.812399371124,2697.493793998943,1784.5008223883124,2809.952440504196,2291.468623617682,2694.1409160382705
1610555988.71dMoYT8250UHHJGxgmITTmbHe7V6gH1yU,2319.416053736412,2500.4218670002874,2318.5593526630755,2199.620708765482,2364.4431879140257,2283.891869440442,2390.9190046168897,2317.3603048068617,2289.5804383241903,2772.412048851189,2217.8638066078797,1381.970285535984,3030.334489365183,2255.7500490506513,2428.312290992312,2217.2611547012016,2335.8879154969286,2163.471445364853,2335.608203850151,2201.649500749095,0.0,2078.4919556943532,2424.8902402721583,2289.4479709594357,2313.4505285604555,2338.7476229967747,2323.4569854556303,1920.6575038955273,2454.033701936668,2460.3750170929675,2610.357275588946,2468.561519174477,2970.9035287200845,2523.9732405927734,2092.2077756367867,1967.7630297317342,2266.6832655418216,2509.2590309265356,2467.078636460237,2673.453397388603,2155.8449699584457,1959.8616871649047,2509.0744679241993,2134.0954198587747,2300.8987424586044,2288.677537094929,2371.2147256526423,2332.736657757356,2696.899500685457,2441.016079754687,1832.038530907264,2279.475663041305,2759.759556640669,2570.1921862494155,2366.1367123433615,2415.1900262264426,2335.03755332893,1866.350601859544,2104.892100802827,2413.3016830486304,2385.7845238630903,2496.5513592458583,2498.2435310197534,2398.407177090322,2433.7077532545172,2380.260717004731,2386.569811909436,2404.132469937798
1610556042.81mlUZsSp7gbGjrp8jQSnybT1gPy6e62o1,2520.804648755248,2429.3394182152306,2526.224612650785,2330.7724937951366,2433.3403497652366,2288.9503689339563,2421.7922706757404,2535.9641004776186,2484.5877404621247,3121.858377848095,2113.373239341913,2069.360089605487,3301.5770172397665,2414.6597967537455,2351.644836730034,2696.0970604550826,2134.807908648657,2019.4694019835074,2248.263830556989,2733.5823130010167,2078.4919556943532,0.0,2436.5563872239086,2500.2988248815773,2397.0333436502247,2325.6659178019477,2518.3138780047125,2301.3672213671957,2617.401414464899,2357.760545291456,2897.633798773945,2273.249289134708,3341.306316040894,2920.953618873078,2671.0760922490326,2253.087597887557,2790.1290094578694,2807.6030797497583,2392.0836523107964,2926.7062142577433,2553.094135473517,1925.946999039144,2704.1645739865126,2344.7845236053627,2187.8901739028965,2126.739962939409,2770.3470357705737,2607.2098248399548,3017.369519522641,2512.2624851699466,2457.873263769726,2548.169713461523,2850.8351333826226,2457.410944750169,2845.9160962095216,2397.938132077171,2413.7275679946265,2587.137086444052,2590.0052617751844,2076.2092916636984,2052.8425013238298,2260.570816118163,2885.9860054623227,2082.043691566921,2780.5034839092664,1967.0809024734974,2628.2986048724897,2112.9170925197077
1610555637.02UBW5nKvDyUrKnaWcYRGajZPxTRDS0q3N,1763.256132418958,2177.1670301687545,1825.8979222671935,2259.2070518961673,1476.9614685639722,1912.7651845462503,1763.1372912456397,1942.9973587973811,1783.3363745662868,2223.93383422235,2383.418496311816,2372.2711584071344,2483.8026248310493,1843.1932216831915,2396.293632542599,2142.1467687740205,2508.588534767145,2354.6970185051305,1953.730079672652,2140.408098838178,2424.8902402721583,2436.5563872239086,0.0,1871.687092173089,1875.4999030270033,2029.6691707073592,1536.3340929246385,2406.6150519821144,2364.826305593808,1495.3697730644653,2013.0637845103718,1629.3562028241492,2482.6410158476015,2371.4297396485995,2335.0990766828018,2266.18624143302,2266.6479536291818,2045.533324009801,2065.671919294062,2550.94350327834,2160.5324412058094,2488.810991471179,2463.6999971805167,2397.8760808902043,2302.7467332717624,2314.36940279677,2153.826581590357,2073.4419596215057,2126.708237912524,2181.397530219581,2273.9179207035036,1855.0795115905896,2355.779893760432,2366.6454841734258,2085.418814381025,1534.928257945411,2134.9989980526066,2265.550310040344,2273.752007345837,1845.433130143007,2432.519103570328,2545.986523100294,2209.8492765182054,2340.0294542525485,2081.4623342237296,2520.9690620795423,2432.270199804919,2392.847323453819
1610555619.13oUYNikU4facCTpUSiSLr0vPI0tJLnXiT,869.3346522738846,2360.764500469232,689.4672700658409,2147.297718707816,1644.2044340923196,1832.3513377400416,1489.672514138479,686.3427461001421,1379.3317219310807,2111.3677719949014,2404.470616727701,2196.220367819641,2415.051350558461,1174.9695346906374,2293.473157647912,2076.109065331559,2552.6629538129505,2329.693806973015,1799.161657048315,2013.0810479627853,2289.4479709594357,2500.2988248815773,1871.687092173089,0.0,2077.1053902112617,1964.3755994394114,1562.0162290957435,2222.694439601554,2385.371925154099,1710.5466193326338,2137.2126808582316,1858.150169898865,2435.9403015480298,2351.5494100536234,2258.9775347138025,2136.0203093380696,2190.41204322649,2208.681409840857,2312.168198308303,2460.0630116203374,2102.081400940518,2380.223127790254,2320.415521198112,2160.917794877672,2376.82108028587,2434.5421550782967,2240.654732758303,1963.8095953027353,2140.882808018409,2217.30674797445,1988.71045838396,1925.610329598018,2374.269006871872,2578.383487936708,2015.3179551077542,1979.9048439838407,2079.8226223445517,2105.79354507394,2011.963500120453,1968.1713894176794,2501.3387080436755,2588.4016588465415,2288.5175774869526,2335.9931665687,2083.482071041704,2562.524987144704,2301.091231183187,2447.4130957287553
1610555721.03nzkucfjAUh31zTbmCVvTVYqtjoxZFnBh,2018.2087958527572,2417.7720022071603,2050.504645404954,2424.0351193281167,1964.5603787009693,2102.3525095551063,2043.0668300442692,2121.9163906153403,2042.1461921050748,2430.3346587710507,2358.111208788908,2243.5665159692608,2794.7806908584043,2054.3040677138724,2423.0358154794862,2190.600312298209,2419.1978887053137,2361.4896813634864,2175.5599123450143,2168.375413576502,2313.4505285604555,2397.0333436502247,1875.4999030270033,2077.1053902112617,0.0,2193.3814885926877,2038.361057145998,2214.191038492361,2617.5923753199722,2069.0735236939613,2285.8812186206646,1983.982197839684,2676.278874356512,2387.019378585885,2198.1625374507225,2269.0335482229525,2247.799170370775,2211.09506734334,2126.3022796180185,2489.2624435974735,2395.3585267194107,2401.1479279091013,2410.9483620276524,2473.9611113234428,2369.269016441342,2287.7301857978305,2257.64461841789,1929.4208981997583,2366.502629563076,2275.644342192545,2097.582831800798,2148.4682414374092,2445.117964699782,2565.0337124751927,2252.406537895153,1834.9000359510042,1720.1809761648622,2193.180775588779,2109.5575640439843,1809.0642972852893,2319.6012933843476,2456.4056200880755,2321.4058990584185,2091.3823665510613,2251.636666946965,2455.859193036889,2261.768156744135,2335.0533100864586
1610555722.67fhKURdXVzRbLIjXmjRwdJHTnE7PWb1AE,1924.7953227578807,2499.7388558212747,1960.8196805557084,2346.987714669712,1999.5702256619504,1049.4097644112169,1902.9554368864683,2013.9481880809276,1884.3429808530022,2664.8405951750974,2297.0726782863603,2403.542787647658,2931.5953529809663,1910.3720464964779,2379.6268765624804,2548.1857396228684,2344.7304361501165,2362.702176364688,1488.320585808057,2511.0871788415666,2338.7476229967747,2325.6659178019477,2029.6691707073592,1964.3755994394114,2193.3814885926877,0.0,2022.2524876409707,2409.9673520828337,2613.29258993457,1935.7224158423446,2508.9132151660483,1821.0013013081832,3000.025282909725,2783.1592091565403,2651.75479061537,2300.6948162363406,2608.915995388964,2680.641149739933,2263.795079845605,2589.7548239931375,2463.327478217785,2318.1888741845396,2624.6285490121263,2240.8920082782984,2423.981557731572,2322.7422453432455,2383.501852400396,2207.625994685023,2681.634620739121,2352.072415260366,2356.505979265903,2098.689024817359,2463.3321342973322,2534.9195615891435,2545.1364006416934,1884.355181405416,2311.9710070877336,2462.9071868105902,2335.6482690017915,1724.3378804271465,2316.98448106547,2494.187968155007,2767.5085093277776,2129.9318650923756,2602.6980964702084,2465.302312787427,2495.4568620446266,2335.672373111691
1610555638.39J2ZWBLuLTHP0jOlzB4tNHmYeijH5g5YJ,1474.7286474024963,2371.1411496844316,1530.425177468229,2105.2031377796557,1428.0829523275438,1889.331570248469,1700.4035562707313,1622.8585864648364,1548.8262527223544,2131.83693080565,2371.756210482068,2231.9629502058556,2464.985588287987,1608.751649419316,2304.66257624925,2019.419816446104,2524.5485281791302,2395.982960758441,1864.5736026420025,1920.3907249988897,2323.4569854556303,2518.3138780047125,1536.3340929246385,1562.0162290957435,2038.361057145998,2022.2524876409707,0.0,2255.118419743288,2393.1175661447364,1754.3460757423613,1917.1379677545192,1784.861749636577,2451.2688199717213,2319.6298512044955,2241.557134051121,2134.801381417184,2151.022055133182,2172.376824693615,2305.686192348283,2415.6386284334035,2004.2387967071809,2411.3649227297556,2277.283558168534,2302.9655476697003,2390.5975853250734,2474.8405890264294,2102.59147438263,1924.3131510626752,2083.326028301331,1875.4413572562346,2095.2281285701874,1753.4087778060405,2373.059294012289,2558.2093958226537,1969.2149501377362,1905.1582879412822,2170.792972365474,2102.607272080793,2109.562372709486,1985.8288494355384,2512.78527835455,2582.797577181518,2174.2899797050054,2381.026294711326,1979.9174138218787,2575.1931754220705,2123.7080990312434,2439.831903397459
1610556032.17Q6yCDx9g7alRnL9jBFXD2JhhUyB2hKfJ,2235.847372353429,2480.749443946322,2230.355271393365,2137.984992049298,2272.73490426082,2351.738036045528,2299.518687569788,2224.3015502357625,2246.8367735642673,2680.2662617527017,2281.8857071734456,1760.2111959617046,2947.3212926434376,2217.924520294043,2645.6661239813607,2111.096876750009,2520.124086336613,2339.167578815855,2358.252620700678,2142.1389225813964,1920.6575038955273,2301.3672213671957,2406.6150519821144,2222.694439601554,2214.191038492361,2409.9673520828337,2255.118419743288,0.0,2500.8611163528103,2414.941211024819,2608.9580598904854,2470.6762163544004,2878.451006321797,2276.0833353509543,2215.50679112741,2051.3854886220306,2344.3845127558466,2315.2968228519417,2381.4756049337097,2664.492782034881,2356.7642791390967,2078.6850650930455,2484.4992236679673,2156.0707256838546,2466.1403535099735,2315.998377238467,2480.165034627908,2345.256762647133,2577.730440514357,2483.8397805905,1823.5783721675573,2380.5068818238246,2518.1844268455675,2619.4880512548602,2368.5545668141244,2495.1342259820744,2241.8971698560617,1857.5159730734338,1921.0075982322537,2379.726047822503,2290.776643698053,2670.4813907966104,2382.781860562937,2339.3559962010286,2294.13344179284,2510.9035485618388,2420.0662967030835,2230.3221637741563
