,1610555604.25mOvVXuL01OCiReyVWBfesjuvXmB3MoPy,1610555605.43B6oDsBtWRQ29Q9UMQuTUEPZy3FSSWXzc,1610555610.92HPGJJSmyPM40z7otPBgHalNrHFA7zk5d,1610555606.68LaSQbm9EHAFycEfFtEqAwYqlBsQPjIRW,1610555617.19EKxMEwDHfXiEJZc27TsGoERaD6Da4BZU,1610555722.52PJ3FD50MGhRXyUD28vluU8Z9UjLJLZn4,1610555617.52Ijr5puT55g9apK8auM7zaxa3NANg502t,1610555638.77ZLjTLkz4jYJdFMI2wWBztzsDILkoOtAk,1610556912.46C7tJPLF0XfNnm8f1820X9aLmXMHoc0Dw,1610555617.51LjzIROg0aeCP2GhDcAVQ0LipKJB9jmKc,1610555608.17OpjjHobqRkX0UPcaXrbu7K6L3805SZri,1610555721.82zWeNZfGUUfRJkgnAwlP8VMhPzXctnSd4,1610555735.75bom85BDF0C7W2eIseHeMxi24qR68nzMi,1610555735.77NnT5xqKnwcf2BbjIekeb2arTQj6QMNwk,1610555638.33wjf1PhdNaoWfbRzXVn50hmFyB5bYAiLV,1610555606.65jCE4ig8Pu8kvAzkxnSGfWsV0nQBjCf8H,1610555608.18ONsBCVo1i7BrX0XG9stct4oiA6ejX9Oz,1610555721.51RNoQUMP19FTMS79BmA3JkgSm2IC2AQuQ,1610555971.86O0cHB2ibBJ8jxoObg01EpGe8VVV5mpwn,1610556911.51zU3duZSGpcw1BDNsBLxdOCITAXwl6z3i,1610555988.71dMoYT8250UHHJGxgmITTmbHe7V6gH1yU,1610556042.81mlUZsSp7gbGjrp8jQSnybT1gPy6e62o1,1610555637.02UBW5nKvDyUrKnaWcYRGajZPxTRDS0q3N,1610555619.13oUYNikU4facCTpUSiSLr0vPI0tJLnXiT,1610555721.03nzkucfjAUh31zTbmCVvTVYqtjoxZFnBh,1610555722.67fhKURdXVzRbLIjXmjRwdJHTnE7PWb1AE,1610555638.39J2ZWBLuLTHP0jOlzB4tNHmYeijH5g5YJ,1610556032.17Q6yCDx9g7alRnL9jBFXD2JhhUyB2hKfJ,1610557007.49MyVgDnuUuBxrvL6SGOdhKf69VYlW1MSm,1610555638.44hjT5hbYdKoE3MB6hijrjqbjmLgvCUYKD,1610555608.13zUvmFSCRt6SsLbhqFznMEvGx54GPGQzM,1610556038.62a5C4ynd1AARyAhTv8a58NCqHvXRjscqH,1610555644.45Xse8u7pusHNsd7F3d0A32HXvXr6weOJE,1610556038.62gKXOCG7XCn55eJvyl5voNjbwOW0znQDq,1610555987.13v0oleKK97pkesp6oMgprH8SoSdoDVdIO,1610556964.96ZLLeiQW0qpmxhPGTg7K03fmzkqsC2bjC,1610555987.13VQlEedQ50VvkPMEMzZDv3KNnQCewykN9,1610555982.186TY6MMGkDecIN1woW6vsfAMXVV7jnyjO,1610555982.673LuMndkwkvdmZOn0MmE2Pkidx0FtNalb,1610555733.38zItcuH7gHNfKdALR2d9Nek6bxCyw36Vm,1610556034.15BQxSbZINGCay0yp6RBVlgcPrw76Yn9ON,1610555639.37BPZpgtGml8qUsh9AdV4m32jPLfI2aNFq,1610556965.57S0adAalhWYe6K3bkZU0bRHbqnDK8gGkR,1610555983.54zteLPCMjyrjzPdhHhlZr3faCgD0TfYr3,1610555987.79rHnNRmt9a0ufmnwCvZqBouyUoZDNpylW,1610556960.041xWER61rmArlsKfiMl4frikWmUCnQ7op,1610556035.13a7NHZDutfTMJ88qle1gTYY59Dr4WmMsj,1610556890.456ZBDaY16bMtrTZTqAgHl3wq1tRxzqDow,1610555760.24e6890pkbyZ97Or6croI1rQgjkSsR0yVt,1610556043.02YpWMIJg3W004iqlPyv8OcVAZdSC5rNYw,1610555987.03z05P26TLtONYM1HSzupoc2CeNMa6HTqr,1610556032.15OYCzUxpsz7b10AXBAuDXrvEcvxFhf0M7,1610556032.63Z80yI9pNwS3jSmsDABbuhf8wkNa2Ze9y,1610555736.28eGuESasTXdR3SqY6pHhEXWZtcdciYLCO,1610556034.61bebeZA0MkaFG2sm3VKiqrxeqQginTTW0,1610556944.5XwXOphKYT3ZkWA8gViqOS97VHVuMVUqb,1610556944.745UVLFBzf7fPh4UH37I6tYQOFPqRDytEh,1610556034.63XsUwaFaPZevO1JNFjfhvY4aKNFnV4noV,1610556964.89xwBHw9faT1HjQRMNQEyA4qJ3hWkwgj3k,1610556966.74DydzH91jtyvRyYau47JpVkZoMRSNTt01,1610555740.77UueVziDbaXyRR4OcVJIIZyzOfAzN51bj,1610556046.84e3vwjyRCzqz0wJQhrk8zsxlFfFSv98Df,1610556137.99eoPuVrDThKAOvmeprLPb2FWRqIhzUodc,1610555740.73XFwSrmTXJPlaxGZSefh0jOVA8PI3III1,1610556123.88AOfNaz9jSnqU5Czc7okOv1RCrYfKFBTo,1610556046.85nB7NvyoYQeLcOV391Lmmut1wAM8CFGLw,1610556123.89H4pdIAzDthI7bMXMhlIhKUYIQIvtmPPQ,1610555740.87GOYQUJKpkynIS2lFqppYK4b32ol7NeGh
1610555604.25mOvVXuL01OCiReyVWBfesjuvXmB3MoPy,0.0,804.3498162327618,224.45831287422067,751.3090614247621,617.2563437290794,671.3166234747756,603.9951316745352,270.1589709422671,530.7330579676225,641.2077916113508,936.8362423972663,771.4875372300625,785.8062910072962,508.8050097303139,869.6761817842694,676.100259795968,1041.77311608459,876.1919068198159,649.7869558110123,619.0477630988572,863.0798261021794,971.9181007913645,626.5714410373398,254.55486322996805,736.2203201923096,753.3579764566352,564.8118295491274,802.3578343974435,791.5351076793801,606.7325861275154,656.9232798335871,684.5147037023015,732.9995526266438,738.7501443625194,750.1924348055571,796.6412820113525,719.8542967969959,712.4442362273656,800.5294213475862,781.2008007906607,731.9708683971626,952.8914212305001,793.6193834006165,704.976082874208,874.8857495501934,908.8443919928826,728.554032649745,661.8327594523271,644.2380226827115,822.159189283488,634.9879903904188,644.0714153613628,801.9822538358471,948.4716828836415,600.5169005994669,702.3453857371152,779.660314938024,681.6709229862907,628.4167819109651,753.1577289065889,952.1779617160399,1029.1789193681493,692.2791627406841,972.9396857113904,667.3031014179824,1034.2930215342192,766.6379453919694,906.0619030276907
1610555605.43B6oDsBtWRQ29Q9UMQuTUEPZy3FSSWXzc,804.3498162327618,0.0,795.3699877842577,750.7281249698568,822.6879324266171,820.6275658190257,807.4056702446131,810.202359092601,833.9771007857846,775.2427280810144,837.3458618150422,862.3100987660536,802.8048163440802,824.4705390695648,921.6405543486102,838.2381526177826,923.1207829305982,451.36840367019164,829.4316556627391,793.7587375845694,943.8639644467191,923.0686158816666,775.9492695350997,803.0379178411623,829.5249734412208,905.1224141459215,811.3383720061709,859.3449314926947,822.8045129165005,741.5092237947206,844.7002303481387,808.1890425619656,793.9916502616713,782.4161472297176,870.853318817935,928.2774144505972,872.4125703364597,762.4175597693085,758.0732308385644,952.956297646015,798.6588735257525,945.1893023966823,916.760669636328,820.6302619505094,633.6961916717092,475.8347835112663,898.9127582738856,878.4058218497953,743.819816654876,960.3836500070447,815.5649048353894,863.1928175388713,915.3686504752586,921.7476780587614,789.895745250025,833.0005470076793,836.3393242321575,809.704440426024,813.9783653351531,822.5227306846839,913.9591938528969,955.6555821468297,788.1883950885234,953.1438257558295,791.5101032323471,969.4465086178931,927.0377382582899,905.5666773252142
1610555610.92HPGJJSmyPM40z7otPBgHalNrHFA7zk5d,224.45831287422067,795.3699877842577,0.0,739.065541885096,602.1569931380379,664.0234402258121,583.9185304917896,305.7548146564755,529.9174151165963,633.338079585738,925.7503674323845,786.2040641809077,779.5409122634305,491.6461552173045,861.8444581099831,660.9176771815731,1030.9361306600154,888.1884809453006,649.6384543666893,600.9713022808218,864.7694060622798,977.5501423814562,613.9794730454597,290.7264328612139,719.8055715304529,743.5930428817192,550.417240098996,791.4977368157762,778.5929404648575,591.6430573542357,643.2957708597196,674.1580461638852,726.4479111637429,725.8979234837643,744.0141310672915,784.4666824369417,706.3337053617587,701.4716718893295,791.0688894170452,793.0302320362183,714.7685223156354,944.2634309386989,784.4338228046832,738.4224133409234,860.7915303456541,897.1707634990997,718.9462102002807,653.569412127673,634.2328851962588,807.5688016629417,653.4211239770568,635.363688306802,790.8531286549758,939.6727171355478,584.8811709296971,689.7460873543369,768.1796499236042,669.001791162871,639.2440002439591,743.0762317027554,942.9248127769301,1016.8412930036602,680.9412811559938,963.035311637325,654.3836284378027,1030.3288295423608,751.1954999339472,899.6763373803057
1610555606.68LaSQbm9EHAFycEfFtEqAwYqlBsQPjIRW,751.3090614247621,750.7281249698568,739.065541885096,0.0,788.2041760610753,806.0300003095845,780.6148362796247,750.4029503192105,769.8748853517733,786.6505532035534,805.8009326492852,788.2087875342237,883.0125939438003,773.4704429766839,920.7983979050515,783.4021642969597,927.9732146204068,825.4164941186791,794.6689201662491,748.0264468493069,868.0186693151176,939.9919496868168,792.4285115311214,744.060191685616,867.3725073919265,862.4903201630729,712.9186018440428,801.3607127832034,826.8610845835686,762.2903341906683,760.874263223995,830.1982300994871,831.9776665963252,813.0047873259864,795.2944102538347,826.1959874594613,808.4885223295532,787.6526449332687,769.9379783686512,900.6333380893731,742.9098118637678,859.9611545408924,849.439052846509,728.4686246296084,837.624415240382,863.5924659142648,866.8474595896141,816.4735511204511,752.2352844773532,879.7827338054065,743.748838403445,808.8951187370523,878.4584989027293,900.9298383770893,727.7106923700902,846.5091042241085,880.5847486562795,743.4490080830903,762.3938456886686,865.9966466812309,930.9635050126559,989.7886955524399,757.2912621888727,998.3682807249037,741.3691740030102,1047.0439174796388,829.3275625830661,910.4116002698603
1610555617.19EKxMEwDHfXiEJZc27TsGoERaD6Da4BZU,617.2563437290794,822.6879324266171,602.1569931380379,788.2041760610753,0.0,749.9535646465567,524.8779480560585,616.7922461479759,610.3549621188214,699.0874229139183,905.8513386124173,834.9384610751929,834.6514714646084,621.9075397514915,867.4650485537951,702.9279432849577,992.8766647515066,894.620448609106,714.2753330058686,683.0069462045309,893.4839195463873,947.7921422293166,591.4132944998565,609.2404410173889,741.0674053122682,796.8181871493789,577.8739673227825,823.5761300103236,825.6629445158253,575.9052403504793,693.4004779627853,639.6142686608009,783.9879069860159,769.5502753655239,787.2175962590836,816.9742217270159,763.670973874292,751.4793337455953,818.939229383273,848.7925421332815,765.9977705784104,974.0548616242387,788.5117677827569,826.0023502810309,869.4823727176849,915.0296245738784,770.7592779352791,732.4811476908897,673.7841901390128,799.9686493302281,734.4050480651096,684.305402716599,827.8310566829979,950.6049714693802,658.4797676671059,707.9771989738013,757.4783808163157,749.013939916197,720.8751410646157,741.7511822908768,919.6697305205398,1001.1566290433663,740.5473991955569,943.9309386478328,697.3865522067844,1023.300431016752,789.2026616364461,860.1902165517171
1610555722.52PJ3FD50MGhRXyUD28vluU8Z9UjLJLZn4,671.3166234747756,820.6275658190257,664.0234402258121,806.0300003095845,749.9535646465567,0.0,711.279264226604,664.0860872154547,677.673156572409,767.5466986906786,902.4505866223307,850.567087926762,862.9065294764746,678.711870480538,916.05253770773,784.4335042850131,995.5927368838131,880.666729265185,435.9775735592421,747.2635631845546,901.462416806834,916.6365262525302,704.3339194068403,663.6665704423632,778.1493192869718,494.41172159779734,700.3847413065281,872.9729946622411,868.9561593919084,649.0764300758558,770.1276829107501,703.5519401902269,844.6319238384098,835.6537951538263,822.0679736242123,854.4174220135658,818.6098276700656,821.7374952719582,849.4251520435008,861.0156464407644,830.0676556553756,961.2882491903454,869.7471192927417,819.0497873049087,895.6877346478144,872.5345490879245,748.3079823387664,715.2023961209234,769.4235157512537,878.8434743117746,759.8519421556518,681.6847121814784,858.0603535074247,970.1513080988392,723.3343090935879,702.3564561682243,855.1629756935196,767.7314275425932,742.161300535065,691.7823650441137,951.357052476268,1019.7419146464733,799.2100228581742,919.4632116389369,787.3363779927746,1009.1276978347631,817.2508598176934,922.3949658648833
1610555617.52Ijr5puT55g9apK8auM7zaxa3NANg502t,603.9951316745352,807.4056702446131,583.9185304917896,780.6148362796247,524.8779480560585,711.279264226604,0.0,595.2330078666138,627.1514952782503,713.5431978445057,895.7994587653542,851.8226092862226,830.4519992631128,590.4506616016948,879.3772814085837,723.694715116399,993.8204299511898,896.2565176368852,687.2357157116927,710.324242349284,929.2187516686254,953.0002112947802,652.3835666768216,589.1095310321163,767.6256328264068,760.8264011655081,637.6767934391713,823.1151089801268,814.7544768429598,531.8494218471687,714.963380121029,630.8487896379612,796.8901172775496,781.179452344332,797.3880114019281,815.1223018911522,786.582717303546,764.7258864201067,808.0226624632436,831.0802713765632,782.7886117625668,966.1434077324877,828.240203237327,804.9196881086783,863.4219605931669,901.4937856455391,809.5203655042229,749.4193464860402,690.1951016998092,844.8275746088542,747.0971485127429,709.8767467414913,817.8402097292517,929.5147552782109,675.9639922283072,699.4845984380197,788.9607927799382,764.8650266265741,728.4791666277222,723.5783632363256,933.1775714764809,991.2412286942687,754.0823203873687,931.7712834876422,712.8446571060778,1016.0104912276653,798.411750760667,888.5787094828669
1610555638.77ZLjTLkz4jYJdFMI2wWBztzsDILkoOtAk,270.1589709422671,810.202359092601,305.7548146564755,750.4029503192105,616.7922461479759,664.0860872154547,595.2330078666138,0.0,526.6480735610347,652.7922522359064,932.1674887651532,773.7629953072776,795.2892348629917,464.28648922573564,861.3301920608025,680.7990525565009,1033.6664737049186,881.8583199227317,646.6056420242963,620.5410140198805,858.556474982612,965.972556057016,633.6977826996205,310.2514630489421,737.4950997736061,736.7412436137566,578.4417103411831,801.3503399228389,787.7521850266878,611.0128244961603,660.2722631734899,689.488086886772,743.3592893398355,745.2541286086666,755.7821836040391,792.2001073234821,719.0973289162896,715.3562117881779,800.7449963841816,778.0078042059265,739.3797086971533,941.3658230329188,785.8521149833665,713.3089459213927,872.1551322483521,906.053961524756,728.9409945561525,659.8329520392526,653.2912954521497,822.4427816798916,644.1180439188993,644.1959719932411,797.1807749854069,946.7305247392982,607.7405834669031,700.7654334701319,775.5326337005564,686.0543533245948,631.5354559352483,747.3495424974878,947.7313493573806,1024.6456304476535,695.6772752247913,962.2755675086576,669.2569534477045,1023.2255440321965,770.1637534654618,897.8737013390648
1610556912.46C7tJPLF0XfNnm8f1820X9aLmXMHoc0Dw,530.7330579676225,833.9771007857846,529.9174151165963,769.8748853517733,610.3549621188214,677.673156572409,627.1514952782503,526.6480735610347,0.0,688.5116202147962,946.3140901967396,789.9786167177401,822.9042997395801,572.2728072173282,853.9699062170083,707.670540881332,1049.0842902327995,890.571475299677,586.9505520704854,653.0941380970571,851.6139240809136,967.3058125464332,668.0596750158807,516.0203890398753,766.6182251878137,754.8367901415231,613.5585787914872,811.1551015102499,822.1189143931024,645.789779820729,696.9336338614099,717.7152370623244,773.7415866351026,769.1692414601611,774.1440935808413,808.6555266526593,739.755909669662,747.703197103526,830.6821571757301,824.6283811328364,765.9440234141643,939.411337176664,790.9207327135966,781.8670703703355,889.4307858190848,927.2079602014965,737.1253749564543,662.4101704535368,689.0417735474958,836.5537790211589,676.4321832272213,671.3386535772354,826.0483029043041,967.1422435552687,648.6026353008036,736.9738618538436,798.7609178320464,715.3682593173661,661.4842219005873,756.5852161610749,941.3263694497133,1043.5521498295507,728.6462675244701,956.3811976992234,707.3943766898025,1026.7954886250247,796.7515290133998,888.2469134383618
1610555617.51LjzIROg0aeCP2GhDcAVQ0LipKJB9jmKc,641.2077916113508,775.2427280810144,633.338079585738,786.6505532035534,699.0874229139183,767.5466986906786,713.5431978445057,652.7922522359064,688.5116202147962,0.0,957.6286896243555,848.71260266266,492.1718599595254,694.2176652639224,895.3819180013804,726.0617684566824,1064.7115024360255,884.1146917267348,779.8603535149228,684.4291728078941,925.2544341118537,1010.6634429521941,671.8242991572134,644.3412702790765,763.7468302359209,850.597859723778,650.6151975110093,858.9427300499235,789.3574244086881,681.6559143615145,669.5584531232115,753.5952059029739,373.8919475004758,766.0528639705972,799.848427018487,858.267789098587,764.0940400550385,737.7167136068218,801.604306646883,839.6788390464254,780.821661519158,1014.3089946766254,826.4739540552525,834.0328780968337,881.2129755193362,899.9583738323024,790.8988052630484,743.5433469535213,438.2564714270539,870.4516656997706,737.3053115965103,730.0028457561278,795.5252490136443,960.2176371630501,672.4287299916268,743.2472920917228,825.9345733641826,726.4764073828413,737.1155332370374,803.7122342565519,972.9420294494943,1044.5051312646212,693.7421678495668,1021.7149847608008,642.6344706926933,1068.9398440112686,826.2838523783525,932.1928455825902
1610555608.17OpjjHobqRkX0UPcaXrbu7K6L3805SZri,936.8362423972663,837.3458618150422,925.7503674323845,805.8009326492852,905.8513386124173,902.4505866223307,895.7994587653542,932.1674887651532,946.3140901967396,957.6286896243555,0.0,911.6042231634533,1032.016572506854,929.9370560716072,975.5668606971601,881.9184575704849,779.9812231733356,879.0602497449316,919.393747732828,923.056581129686,947.3968932962432,947.889527139881,900.2147649913114,928.8992288837147,918.4750679220015,943.4690790457419,896.0195544442967,929.3113650897708,921.0873717013274,882.7518225825618,934.5383485345767,917.0575792185618,999.2341756317159,929.340913150694,917.6906596888504,923.1873959624514,942.6877957797551,944.7034035606051,931.2461984211251,1005.4484856456698,904.2891654567065,851.1133439053052,955.7482768242436,916.04690726964,900.2804404197328,815.1268650921446,978.4757915705233,934.2770290977459,922.732841000799,952.1171640895888,915.2071922571149,949.350881194864,938.9848803490141,954.8638165972619,900.1124222195557,906.0201467314957,921.2170530089046,908.0712362128048,932.9687006571177,923.1682599903286,1002.4766214211213,956.5744104677216,905.5609999794494,976.1365366920508,893.9092870540392,995.9464023058456,933.8797456996344,992.9380209830452
1610555721.82zWeNZfGUUfRJkgnAwlP8VMhPzXctnSd4,771.4875372300625,862.3100987660536,786.2040641809077,788.2087875342237,834.9384610751929,850.567087926762,851.8226092862226,773.7629953072776,789.9786167177401,848.71260266266,911.6042231634533,0.0,933.889530798926,772.9841066797671,953.9694958226346,768.0604396615344,1004.1241077576032,744.5057878175389,849.6781977418284,723.9887256614036,618.4333400112812,745.0897800496757,843.9240600012373,761.7059051336457,890.7246211604395,902.7588843588883,799.4730411977439,801.1738437676814,812.7153908321535,846.3368911188632,842.9513750751611,898.0963707460589,883.1098858381204,825.7239930702972,766.6190849454875,795.8878302668415,845.2947346888702,808.6045906505009,882.1458951241749,918.309043909143,857.8376435656687,859.0016988834138,916.3272477729448,769.1980774938233,906.4164727586673,917.9121998783465,866.5551362976272,782.0223826936519,793.2085763369677,881.009701006445,485.3930222797983,804.9751263134607,929.9463713980025,943.6938864233617,781.0787711496502,875.6987977720964,883.4997575059806,721.8736368770016,681.5397654104722,908.3485771589421,964.4321392670066,1036.9112726656515,730.782914486016,1015.2060554621982,729.1463116914856,1021.2676803583356,850.2092999247394,938.1057056082184
1610555735.75bom85BDF0C7W2eIseHeMxi24qR68nzMi,785.8062910072962,802.8048163440802,779.5409122634305,883.0125939438003,834.6514714646084,862.9065294764746,830.4519992631128,795.2892348629917,822.9042997395801,492.1718599595254,1032.016572506854,933.889530798926,0.0,822.4108143677922,952.0259408946861,830.5446904932619,1128.6442146547333,912.2311572724625,874.3259019396085,770.0703964439964,1004.271042694515,1057.9084298760556,809.796868927572,788.5006014539362,889.5945646979833,938.9963257541218,796.8001757439663,942.0857520864289,858.0974544445191,795.9164088103744,776.1842265718298,857.6612411772687,330.26544737559794,791.4045097689536,892.8213092740191,950.8280386026994,863.2179959878227,771.7727541393161,907.3257405618972,925.0047058592397,870.0778923833458,1078.9423679503122,915.403158185666,908.5070217382821,923.884570621675,924.6676769532039,904.6133238987135,871.3624056569363,655.5985622121378,972.6191091340056,848.7446753005297,861.0366711343174,864.3083538657918,1002.7445674817416,788.2058009437022,871.6484063302414,940.5934328234016,836.0159086268025,847.6740763010337,900.6044091821619,1018.4027752005018,1079.6223899305492,760.6529894182894,1086.636843156007,788.0378634588217,1100.7226479217197,932.527285371291,985.2528976069427
1610555735.77NnT5xqKnwcf2BbjIekeb2arTQj6QMNwk,508.8050097303139,824.4705390695648,491.6461552173045,773.4704429766839,621.9075397514915,678.711870480538,590.4506616016948,464.28648922573564,572.2728072173282,694.2176652639224,929.9370560716072,772.9841066797671,822.4108143677922,0.0,841.9098521184435,720.955956178123,1030.3107911933407,882.4995630102912,650.2163274803701,657.6488085306113,872.6862262480823,941.8115101243242,667.2827686431069,503.03486928878004,751.1502499016495,756.4737159506127,620.9670637949912,822.3230533156477,813.0046831207293,618.1143995811871,699.5156858547103,699.2973994202323,780.2426188336283,778.6725827904954,788.4542728809637,812.9364282134309,742.5245577361374,747.9732435863571,829.9456459027164,819.6577895023627,768.3183811024832,948.2581583501108,809.7397611857647,782.699712867553,858.1996078367778,903.0219062526829,766.7388710639182,689.4436060118537,687.7176600902624,832.3023520543844,676.573695582468,673.3711571035795,827.3232319057582,960.3397753188584,659.9450367379486,726.3401108715261,776.6786749565206,730.3228119603282,663.326474076052,746.1764355846661,943.284907015251,1021.3011974852976,740.3009065816191,952.7725801703685,700.5403701436827,1011.7629609060177,789.919292796528,901.5125149122113
1610555638.33wjf1PhdNaoWfbRzXVn50hmFyB5bYAiLV,869.6761817842694,921.6405543486102,861.8444581099831,920.7983979050515,867.4650485537951,916.05253770773,879.3772814085837,861.3301920608025,853.9699062170083,895.3819180013804,975.5668606971601,953.9694958226346,952.0259408946861,841.9098521184435,0.0,859.9509252621444,1045.9598213300906,965.9311655502927,903.3938299551479,873.9877620008451,952.265530589783,1025.9546285078352,886.7900538844912,855.921050725186,928.6681844850697,920.6460211206903,859.0323880106481,982.7545499561887,905.5364089956621,873.6470604243225,854.7369465054426,898.0267233230958,936.9715556973766,952.5096920957371,841.2159625636297,904.145302378206,861.9537639609465,936.1445604904195,952.3677042709884,970.745517824975,806.7267774914417,1020.2402244906131,832.1588458056024,942.3272738877496,881.4591999002558,963.6271648716505,905.0881317261787,858.9484884771762,912.3139299972161,960.6701697456849,889.5605552991832,865.4313927318399,1005.3656059953599,954.4922971867545,855.0444731514469,936.8885158452458,863.0797454749828,895.7216524778726,899.560146970442,925.3629833468087,1045.9639141946705,1052.9390548207432,916.735490779765,1050.3474491114675,902.8273512352134,1035.4241072491532,947.7560739136878,1026.8383401945857
1610555606.65jCE4ig8Pu8kvAzkxnSGfWsV0nQBjCf8H,676.100259795968,838.2381526177826,660.9176771815731,783.4021642969597,702.9279432849577,784.4335042850131,723.694715116399,680.7990525565009,707.670540881332,726.0617684566824,881.9184575704849,768.0604396615344,830.5446904932619,720.955956178123,859.9509252621444,0.0,980.5201604917501,909.1708026439827,797.7313690464503,608.5107302575037,824.5762927227547,982.3890988105933,726.7897217953232,666.8264406736386,803.0962921199479,863.6122633711487,662.7616112903431,780.0713966691766,725.4448418408617,731.7364802900872,673.1088423183172,794.5022487630878,771.1362988123238,617.9740387341823,596.8070995992304,708.8303385078109,708.8322145465864,635.1323830154481,843.3220327281846,882.5169398041114,707.683375215,935.2889542196873,838.9181623282628,813.8662000288654,880.5069477626064,926.1979337548736,773.0377707372976,724.5576747084991,701.260713041489,816.9496661314472,688.98770268925,748.0916921963541,799.8109768679755,921.9517372332498,614.8139106721113,786.3387643998243,828.578642255446,657.5615814177285,714.8354310118884,841.0906330496017,905.8328414467425,978.3180587173373,640.9249880699927,972.353641335425,687.292964126481,986.2552793621477,784.4564161773868,841.2176296080842
1610555608.18ONsBCVo1i7BrX0XG9stct4oiA6ejX9Oz,1041.77311608459,923.1207829305982,1030.9361306600154,927.9732146204068,992.8766647515066,995.5927368838131,993.8204299511898,1033.6664737049186,1049.0842902327995,1064.7115024360255,779.9812231733356,1004.1241077576032,1128.6442146547333,1030.3107911933407,1045.9598213300906,980.5201604917501,0.0,947.9077445764394,1011.4810039453386,1029.8930848016644,1009.8674568051771,994.6670754526185,976.4855442222643,1035.4432474446955,978.1588242784164,1002.3298288495138,997.0948586835299,1012.1330416175239,969.160727640014,974.9349694081543,1007.3352513027598,984.4094196335236,1106.0908716108331,1031.9068014254892,994.474383392778,939.1209489170895,1028.3445074061985,1002.812166745911,940.6504280282585,1084.1330085335644,998.2819182526687,948.5052044371276,1031.1758034063482,994.208685033915,955.1208921021286,901.2082784407409,1055.6064479717095,1034.2277021220045,1023.5043861420628,1005.3402559589329,1021.606295678479,1041.4406993155715,1037.8807061467505,955.6192764765009,1011.7098573773648,973.5500482275156,962.3416904683032,1011.1525492104355,1037.2232668472736,985.156889853386,1040.9793843731675,963.5598965612585,985.1066937641546,967.5838952111835,985.8746668178213,1002.668077516246,1007.1245474369256,1043.7574792929252
1610555721.51RNoQUMP19FTMS79BmA3JkgSm2IC2AQuQ,876.1919068198159,451.36840367019164,888.1884809453006,825.4164941186791,894.620448609106,880.666729265185,896.2565176368852,881.8583199227317,890.571475299677,884.1146917267348,879.0602497449316,744.5057878175389,912.2311572724625,882.4995630102912,965.9311655502927,909.1708026439827,947.9077445764394,0.0,874.8768670814442,870.7017214214436,871.9125387508569,861.8148688794571,867.523552481619,867.146469350479,906.5996962281273,956.2022131325577,888.0110197725695,907.9332509580189,891.5391191024244,848.2084868334814,920.7790569958465,900.2157865820994,904.1802695725049,888.155690565634,936.2518989324182,955.5032418667432,950.5869625409842,876.3004787002371,838.7231128695354,1000.9302751944426,878.2153411997093,955.8670484633785,966.587763606618,860.208947856637,725.2115822337676,600.5026059750636,946.8535026414916,907.1878627191675,857.2284575606448,991.4315283485182,780.6479401928061,917.4127156782841,988.0107862222153,969.5927952447995,891.8519196516154,910.741111873653,889.6326759891364,889.1475395786335,834.6506800491857,892.330210143953,947.1399773696481,985.8969002886764,863.4602420722891,975.5359294575668,862.5072218479297,986.9893154936038,966.1734889888162,935.257724484114
1610555971.86O0cHB2ibBJ8jxoObg01EpGe8VVV5mpwn,649.7869558110123,829.4316556627391,649.6384543666893,794.6689201662491,714.2753330058686,435.9775735592421,687.2357157116927,646.6056420242963,586.9505520704854,779.8603535149228,919.393747732828,849.6781977418284,874.3259019396085,650.2163274803701,903.3938299551479,797.7313690464503,1011.4810039453386,874.8768670814442,0.0,758.1439991050016,892.298253628672,902.9969799014231,732.1903333374383,646.2854620355234,816.0288742216867,613.3618650351291,700.6231727102619,873.6639628371636,879.4948872703602,643.3166917403503,786.2229504160271,699.9055582193549,855.7220787318787,845.8576845720391,834.2619163170725,869.4357354637291,832.8927029937665,831.7334124477675,858.0306459996045,859.9768359284731,833.1153841707272,969.3416466109023,862.9453451681243,809.8436925199544,902.2920875360255,904.8466445967772,799.044902538481,723.1911985135434,780.2564893926877,876.1203030529397,756.3150101556523,698.5821293771984,875.2049651113102,975.113235991432,747.5621405158764,777.8179273702627,845.9743886262684,790.6594964250934,729.6549817064625,712.3795498586541,952.9697777925082,1031.528741609558,816.1620434857158,922.5887217594502,795.4215634671159,1021.4751500410785,821.2859967628424,912.50523032671
1610556911.51zU3duZSGpcw1BDNsBLxdOCITAXwl6z3i,619.0477630988572,793.7587375845694,600.9713022808218,748.0264468493069,683.0069462045309,747.2635631845546,710.324242349284,620.5410140198805,653.0941380970571,684.4291728078941,923.056581129686,723.9887256614036,770.0703964439964,657.6488085306113,873.9877620008451,608.5107302575037,1029.8930848016644,870.7017214214436,758.1439991050016,0.0,799.2447882870543,952.1962979789683,684.8627104236286,616.1859785040829,780.0432101350025,830.3899491891698,626.3082946181963,759.1012767448259,758.7111123949012,699.3932206785745,683.9496898733631,759.4881454567947,705.4732922691221,669.316879581873,709.6287118356911,742.7265322515517,678.113070568258,663.7758762131497,828.4186385321066,862.0479722704467,714.0837736130651,924.7280221228234,827.0511112308874,758.7193646186829,812.8294184157534,898.7373458285003,747.7767069305851,681.9352558974275,673.0064247252166,836.1019897098571,645.4272541562472,710.0416247891222,825.5810470240859,952.9441858634543,610.9134268458134,759.1699696749395,812.7697307480488,607.4568088685782,656.9581197076955,814.5242584938862,951.1842932447847,1007.6502964163622,631.7267175707649,999.3415428622042,648.5961306363504,1019.9012205354225,785.9080058080617,903.7733987314616
1610555988.71dMoYT8250UHHJGxgmITTmbHe7V6gH1yU,863.0798261021794,943.8639644467191,864.7694060622798,868.0186693151176,893.4839195463873,901.462416806834,929.2187516686254,858.556474982612,851.6139240809136,925.2544341118537,947.3968932962432,618.4333400112812,1004.271042694515,872.6862262480823,952.265530589783,824.5762927227547,1009.8674568051771,871.9125387508569,892.298253628672,799.2447882870543,0.0,841.0135329414967,903.7317706784675,855.5620858164237,931.6506844932638,932.6982930006509,860.20434032866,839.5684622620664,902.7755149527463,921.1703192630054,889.8007234952132,948.3266588054247,957.8934584321904,908.8603790791157,770.4883754801884,839.9926842962731,892.7260624817741,895.9372445488599,934.3877710189043,970.9002105210525,888.3545544392346,888.6707058801172,942.3842737424017,846.6792492778061,941.6910175572356,956.7153592700251,896.6999340263566,844.9599036015867,882.8114113803091,918.349386781833,707.4718450073385,858.1793580403521,970.1829200800553,990.5441599596493,857.0644751904001,922.7767642183309,915.0363151706541,764.2176212114894,790.6475087944943,937.8200782703167,992.0572462286824,1058.189847827598,828.5271876845343,1013.8140060645222,829.1427531321074,1044.9907417114862,889.2169391407572,965.3851032897456
1610556042.81mlUZsSp7gbGjrp8jQSnybT1gPy6e62o1,971.9181007913645,923.0686158816666,977.5501423814562,939.9919496868168,947.7921422293166,916.6365262525302,953.0002112947802,965.972556057016,967.3058125464332,1010.6634429521941,947.889527139881,745.0897800496757,1057.9084298760556,941.8115101243242,1025.9546285078352,982.3890988105933,994.6670754526185,861.8148688794571,902.9969799014231,952.1962979789683,841.0135329414967,0.0,886.6058156743354,965.2464142316226,954.9310463893117,929.0571919372613,957.6941598150327,934.4069102290102,988.9178907594631,863.9847074190271,1018.094795787939,866.367800842322,1040.037946990922,1008.8202744643027,963.6435808304824,960.9102586993903,1017.5425348933952,989.4526363136994,979.020572011922,1023.2613181793009,1025.7953841253207,972.9935696517887,1025.7792334843946,956.2587034942284,938.185659117592,937.1356517447981,988.0881421693982,943.207276782513,940.5513191851945,986.2930176687073,841.3518063060676,951.9542699816606,1063.3012266174244,1039.5508606907492,997.96447944153,951.0732707795756,956.0106398858497,920.3750478973448,899.6481163157623,833.5880413531218,968.8877901049201,1090.711960194922,936.7364482372519,1003.7379701142838,936.9041243548087,1004.4604720207072,967.5492166139538,964.8278701633619
1610555637.02UBW5nKvDyUrKnaWcYRGajZPxTRDS0q3N,626.5714410373398,775.9492695350997,613.9794730454597,792.4285115311214,591.4132944998565,704.3339194068403,652.3835666768216,633.6977826996205,668.0596750158807,671.8242991572134,900.2147649913114,843.9240600012373,809.796868927572,667.2827686431069,886.7900538844912,726.7897217953232,976.4855442222643,867.523552481619,732.1903333374383,684.8627104236286,903.7317706784675,886.6058156743354,0.0,622.7106786377652,650.6433901870796,763.1458609268882,569.843985004316,853.0033365277828,818.3201114660607,533.2930107489289,685.1462181710052,581.0607979274511,758.4758203563102,779.8802274008152,792.4773942269674,815.8242188836925,755.476933670051,726.2758901224051,763.2804677865802,866.1967053757658,779.0905153382707,974.9899850660851,820.8189198913334,832.5887597687337,839.6379030142041,852.3433817401526,711.9665585123344,721.1713459031752,613.121172718478,785.054961081505,738.4223962608555,680.0344286388931,826.4138527080237,934.389385633505,656.01750048463,573.9157205272189,765.3177979040619,721.4207280329985,730.867061423981,655.4589570740641,903.2790876022385,996.0278840838392,707.9118959202251,920.4888044294433,676.6375062440022,983.366155697676,787.3596888434852,904.3093488853712
1610555619.13oUYNikU4facCTpUSiSLr0vPI0tJLnXiT,254.55486322996805,803.0379178411623,290.7264328612139,744.060191685616,609.2404410173889,663.6665704423632,589.1095310321163,310.2514630489421,516.0203890398753,644.3412702790765,928.8992288837147,761.7059051336457,788.5006014539362,503.03486928878004,855.921050725186,666.8264406736386,1035.4432474446955,867.146469350479,646.2854620355234,616.1859785040829,855.5620858164237,965.2464142316226,622.7106786377652,0.0,729.9667493745778,748.1511982432238,558.8686924046223,796.8960229556697,783.8465837092057,599.6414367123919,648.0557584430793,680.8135276336986,736.0520509391531,728.0201014537909,739.8515330014054,785.1511056472408,711.9536122636174,707.6839322616106,798.0834823601784,790.1539414389421,730.1424166429052,945.4824728617986,782.2959826070243,723.4697382035272,869.6684112348441,903.6153132792731,717.746180038614,649.3339535586776,643.8656404560662,815.231449153816,624.6268870978921,638.5002464932916,793.1508823133074,941.0985511178017,595.6277946247683,698.3981094231176,772.6367592145432,677.3873084931134,622.2731476273007,745.3025583076684,938.0287578448402,1020.6639731119404,685.2917476953016,958.9365321409351,660.7308532012964,1021.402057423545,760.4499377264043,896.5549959760309
1610555721.03nzkucfjAUh31zTbmCVvTVYqtjoxZFnBh,736.2203201923096,829.5249734412208,719.8055715304529,867.3725073919265,741.0674053122682,778.1493192869718,767.6256328264068,737.4950997736061,766.6182251878137,763.7468302359209,918.4750679220015,890.7246211604395,889.5945646979833,751.1502499016495,928.6681844850697,803.0962921199479,978.1588242784164,906.5996962281273,816.0288742216867,780.0432101350025,931.6506844932638,954.9310463893117,650.6433901870796,729.9667493745778,0.0,837.345010981763,732.3716549979861,894.6469845080878,889.576663036629,710.2825974622434,781.3225164061319,756.960436981594,841.681288712511,850.1862852211917,844.5187974196384,884.0608389447882,820.2034715113491,802.2223327419798,786.9426190466194,889.6079991528646,861.0299568121808,982.313509387582,860.984530967876,895.8981413614705,874.6066633540216,836.9506958800552,814.8269337879344,753.3941790643479,707.332672276713,868.6503952668967,800.2818572434629,750.1042850610786,878.8422530654171,980.5981792331372,744.9761469735026,640.6510594198015,721.6324441126903,788.7880314462639,793.7479412519386,693.5640461277513,933.6834386132718,1001.6536417009733,784.9745907468334,905.0908690428253,769.2392411079147,994.501520670396,843.0052798818625,944.0728793860397
1610555722.67fhKURdXVzRbLIjXmjRwdJHTnE7PWb1AE,753.3579764566352,905.1224141459215,743.5930428817192,862.4903201630729,796.8181871493789,494.41172159779734,760.8264011655081,736.7412436137566,754.8367901415231,850.597859723778,943.4690790457419,902.7588843588883,938.9963257541218,756.4737159506127,920.6460211206903,863.6122633711487,1002.3298288495138,956.2022131325577,613.3618650351291,830.3899491891698,932.6982930006509,929.0571919372613,763.1458609268882,748.1511982432238,837.345010981763,0.0,776.3847548925559,913.2230470695768,910.2601841003421,729.4156140671868,850.9587763554989,755.4696155274065,920.6044211569114,912.5925931433991,890.6785769526057,887.7434324336034,894.0801310759991,899.0900152340986,888.8232475805962,894.4731308655399,900.7494566672144,964.9867909502642,898.9499369917881,853.9528511676419,948.2912179586394,928.0608877625574,799.549926791437,789.1205039393632,852.0551911007543,918.1033444387681,817.832715849666,746.4890446433317,896.6262386766556,998.3789686918212,813.4931722100716,769.800480930642,881.3551021866438,844.7383867715416,805.9250079962351,730.1970542771232,969.5600189376594,1045.4825853516206,876.6013036834299,941.2957700598762,867.2317174207279,1021.5594243544151,870.0921964223771,938.2134509175322
1610555638.39J2ZWBLuLTHP0jOlzB4tNHmYeijH5g5YJ,564.8118295491274,811.3383720061709,550.417240098996,712.9186018440428,577.8739673227825,700.3847413065281,637.6767934391713,578.4417103411831,613.5585787914872,650.6151975110093,896.0195544442967,799.4730411977439,796.8001757439663,620.9670637949912,859.0323880106481,662.7616112903431,997.0948586835299,888.0110197725695,700.6231727102619,626.3082946181963,860.20434032866,957.6941598150327,569.843985004316,558.8686924046223,732.3716549979861,776.3847548925559,0.0,808.1369732440062,793.3723041210886,624.0059754662633,603.9054535782029,648.6669244386279,741.6190591173885,737.8111479204633,741.5565939928297,778.2041489578572,707.3100933715657,713.6198471301474,806.4326452005197,807.5977744452172,697.3921035447022,944.4453061988472,763.6815746166386,786.406299761939,864.4362148282391,913.5868665303327,682.7554578606223,661.8411834159992,651.4995778596375,633.3128970363252,673.5696982362895,625.6196080114318,803.4706513917463,945.1805446881866,609.9824648383861,716.1530775122334,777.0790987022361,673.8796416414217,664.8928409516233,740.3899101002891,927.3277300760711,978.1668752515181,689.512297314735,957.3182481431808,663.5838008800777,1031.1263501158974,642.0387508035494,889.8711669825319
1610556032.17Q6yCDx9g7alRnL9jBFXD2JhhUyB2hKfJ,802.3578343974435,859.3449314926947,791.4977368157762,801.3607127832034,823.5761300103236,872.9729946622411,823.1151089801268,801.3503399228389,811.1551015102499,858.9427300499235,929.3113650897708,801.1738437676814,942.0857520864289,822.3230533156477,982.7545499561887,780.0713966691766,1012.1330416175239,907.9332509580189,873.6639628371636,759.1012767448259,839.5684622620664,934.4069102290102,853.0033365277828,796.8960229556697,894.6469845080878,913.2230470695768,808.1369732440062,0.0,842.5300235217385,853.8976622444687,855.2243660482533,894.7979878073411,892.8205890544157,751.1749810900716,833.3185068711613,832.756851474806,858.392710646651,778.9447719428591,878.1985496752712,913.423700305595,893.5060765629595,862.8174082934911,887.1139176698481,766.114205533447,925.4014642622187,909.152947229089,875.919175663174,846.9006431843458,832.7345866666295,902.0606095126063,764.6047592781065,832.7234601772487,906.462367224682,984.9095836965035,815.7305397068307,887.4608203366116,884.1805332302795,723.9404699507998,736.4487472908485,914.2907502406116,923.0053163197381,1054.0720999999626,769.0930001546241,984.1340882396977,789.6987359456415,1019.0362131652425,886.1534749018256,896.2434207415404
1610557007.49MyVgDnuUuBxrvL6SGOdhKf69VYlW1MSm,791.5351076793801,822.8045129165005,778.5929404648575,826.8610845835686,825.6629445158253,868.9561593919084,814.7544768429598,787.7521850266878,822.1189143931024,789.3574244086881,921.0873717013274,812.7153908321535,858.0974544445191,813.0046831207293,905.5364089956621,725.4448418408617,969.160727640014,891.5391191024244,879.4948872703602,758.7111123949012,902.7755149527463,988.9178907594631,818.3201114660607,783.8465837092057,889.576663036629,910.2601841003421,793.3723041210886,842.5300235217385,0.0,804.9284790561989,808.4974771701937,870.6873991409,814.892455623292,763.4221016163997,792.111099492766,766.9507299764531,838.9473760520349,694.4013417087509,893.4155391665091,957.8208059110558,767.9707338566119,948.575224480465,903.2094676496057,824.4861153841913,888.228161867205,894.3446328713802,877.4633336364375,855.5296182449569,793.0147644930219,934.0927051620238,766.0207008989016,850.1489830412129,896.2784092391666,885.8759717470884,761.627853395835,859.516892597161,904.064746655071,770.1212639151017,797.5738351475466,895.2617563538992,970.1368800105682,984.8088593601624,619.1809883664197,1032.3310062912049,681.3530011724399,933.1470919354161,904.962546394662,959.9971280898716
