,1610555604.25mOvVXuL01OCiReyVWBfesjuvXmB3MoPy,1610555605.43B6oDsBtWRQ29Q9UMQuTUEPZy3FSSWXzc,1610555610.92HPGJJSmyPM40z7otPBgHalNrHFA7zk5d,1610555606.68LaSQbm9EHAFycEfFtEqAwYqlBsQPjIRW,1610555617.19EKxMEwDHfXiEJZc27TsGoERaD6Da4BZU,1610555722.52PJ3FD50MGhRXyUD28vluU8Z9UjLJLZn4,1610555617.52Ijr5puT55g9apK8auM7zaxa3NANg502t,1610555638.77ZLjTLkz4jYJdFMI2wWBztzsDILkoOtAk,1610556912.46C7tJPLF0XfNnm8f1820X9aLmXMHoc0Dw,1610555617.51LjzIROg0aeCP2GhDcAVQ0LipKJB9jmKc,1610555608.17OpjjHobqRkX0UPcaXrbu7K6L3805SZri,1610555721.82zWeNZfGUUfRJkgnAwlP8VMhPzXctnSd4,1610555735.75bom85BDF0C7W2eIseHeMxi24qR68nzMi,1610555735.77NnT5xqKnwcf2BbjIekeb2arTQj6QMNwk,1610555638.33wjf1PhdNaoWfbRzXVn50hmFyB5bYAiLV,1610555606.65jCE4ig8Pu8kvAzkxnSGfWsV0nQBjCf8H,1610555608.18ONsBCVo1i7BrX0XG9stct4oiA6ejX9Oz,1610555721.51RNoQUMP19FTMS79BmA3JkgSm2IC2AQuQ,1610555971.86O0cHB2ibBJ8jxoObg01EpGe8VVV5mpwn,1610556911.51zU3duZSGpcw1BDNsBLxdOCITAXwl6z3i,1610555988.71dMoYT8250UHHJGxgmITTmbHe7V6gH1yU,1610556042.81mlUZsSp7gbGjrp8jQSnybT1gPy6e62o1,1610555637.02UBW5nKvDyUrKnaWcYRGajZPxTRDS0q3N,1610555619.13oUYNikU4facCTpUSiSLr0vPI0tJLnXiT,1610555721.03nzkucfjAUh31zTbmCVvTVYqtjoxZFnBh,1610555722.67fhKURdXVzRbLIjXmjRwdJHTnE7PWb1AE,1610555638.39J2ZWBLuLTHP0jOlzB4tNHmYeijH5g5YJ,1610556032.17Q6yCDx9g7alRnL9jBFXD2JhhUyB2hKfJ,1610557007.49MyVgDnuUuBxrvL6SGOdhKf69VYlW1MSm,1610555638.44hjT5hbYdKoE3MB6hijrjqbjmLgvCUYKD,1610555608.13zUvmFSCRt6SsLbhqFznMEvGx54GPGQzM,1610556038.62a5C4ynd1AARyAhTv8a58NCqHvXRjscqH,1610555644.45Xse8u7pusHNsd7F3d0A32HXvXr6weOJE,1610556038.62gKXOCG7XCn55eJvyl5voNjbwOW0znQDq,1610555987.13v0oleKK97pkesp6oMgprH8SoSdoDVdIO,1610556964.96ZLLeiQW0qpmxhPGTg7K03fmzkqsC2bjC,1610555987.13VQlEedQ50VvkPMEMzZDv3KNnQCewykN9,1610555982.186TY6MMGkDecIN1woW6vsfAMXVV7jnyjO,1610555982.673LuMndkwkvdmZOn0MmE2Pkidx0FtNalb,1610555733.38zItcuH7gHNfKdALR2d9Nek6bxCyw36Vm,1610556034.15BQxSbZINGCay0yp6RBVlgcPrw76Yn9ON,1610555639.37BPZpgtGml8qUsh9AdV4m32jPLfI2aNFq,1610556965.57S0adAalhWYe6K3bkZU0bRHbqnDK8gGkR,1610555983.54zteLPCMjyrjzPdhHhlZr3faCgD0TfYr3,1610555987.79rHnNRmt9a0ufmnwCvZqBouyUoZDNpylW,1610556960.041xWER61rmArlsKfiMl4frikWmUCnQ7op,1610556035.13a7NHZDutfTMJ88qle1gTYY59Dr4WmMsj,1610556890.456ZBDaY16bMtrTZTqAgHl3wq1tRxzqDow,1610555760.24e6890pkbyZ97Or6croI1rQgjkSsR0yVt,1610556043.02YpWMIJg3W004iqlPyv8OcVAZdSC5rNYw,1610555987.03z05P26TLtONYM1HSzupoc2CeNMa6HTqr,1610556032.15OYCzUxpsz7b10AXBAuDXrvEcvxFhf0M7,1610556032.63Z80yI9pNwS3jSmsDABbuhf8wkNa2Ze9y,1610555736.28eGuESasTXdR3SqY6pHhEXWZtcdciYLCO,1610556034.61bebeZA0MkaFG2sm3VKiqrxeqQginTTW0,1610556944.5XwXOphKYT3ZkWA8gViqOS97VHVuMVUqb,1610556944.745UVLFBzf7fPh4UH37I6tYQOFPqRDytEh,1610556034.63XsUwaFaPZevO1JNFjfhvY4aKNFnV4noV,1610556964.89xwBHw9faT1HjQRMNQEyA4qJ3hWkwgj3k,1610556966.74DydzH91jtyvRyYau47JpVkZoMRSNTt01,1610555740.77UueVziDbaXyRR4OcVJIIZyzOfAzN51bj,1610556046.84e3vwjyRCzqz0wJQhrk8zsxlFfFSv98Df,1610556137.99eoPuVrDThKAOvmeprLPb2FWRqIhzUodc,1610555740.73XFwSrmTXJPlaxGZSefh0jOVA8PI3III1,1610556123.88AOfNaz9jSnqU5Czc7okOv1RCrYfKFBTo,1610556046.85nB7NvyoYQeLcOV391Lmmut1wAM8CFGLw,1610556123.89H4pdIAzDthI7bMXMhlIhKUYIQIvtmPPQ,1610555740.87GOYQUJKpkynIS2lFqppYK4b32ol7NeGh
1610555604.25mOvVXuL01OCiReyVWBfesjuvXmB3MoPy,0.0,2190.8341801199786,573.1625671567675,1969.0129404934771,1337.0194846939949,1602.2442475460803,1274.6199253273712,786.3511192625978,1022.4300676448693,1923.133198379031,2222.6106180843217,2029.928628918556,2240.7134446961286,1060.1701153680451,2127.715835552056,1842.9872152014711,2365.859535967468,2174.6266430320184,1489.4939435112096,1793.9726649069432,2152.95770791165,2327.1237376292147,1567.1793041849267,676.6248258593482,1847.982122214013,1720.7289278560004,1278.7194018874034,2046.621423251496,2156.151243806537,1459.0822074940502,1831.868920987492,1550.9740230647312,2250.9164666717925,2108.6724792993955,2069.714506913602,1940.003387036634,1995.4094766698215,1966.8310267056838,2072.4635904421925,2166.3418165493345,1941.6784116681604,2218.535511012544,2117.084208151857,1931.532371453381,2210.379015594602,2254.6844792235333,1975.7162116548527,1688.596914390898,1924.0847151943267,1913.6677388348814,1772.5480258457167,1594.6770296339505,2103.476982082169,2356.223686572685,1776.3074042237063,1727.4887663900154,1839.3401100540782,1928.7578416337285,1763.4360791833826,1741.496506426596,2295.6674600834435,2393.483813630412,2047.9530268030908,2143.487747469661,1844.2754928601498,2383.698846616227,2031.8639384860778,2220.208078691251
1610555605.43B6oDsBtWRQ29Q9UMQuTUEPZy3FSSWXzc,2190.8341801199786,0.0,2168.068629523322,1928.1407901614255,2176.4438597969115,2199.4429123834298,2059.685336802746,2236.3428672468535,2227.4661226001817,2207.1981765910273,2163.707648132141,2292.91020060764,2178.841614544404,2151.226213410645,2377.5443801545066,2228.7659765965022,2320.647772659721,1524.914341965942,2218.127178116838,2269.5028909325333,2344.0854274945796,2270.0032245841,1998.336546487726,2195.755710118181,2280.479062453038,2314.478184320035,2174.9971221782807,2325.3771408414023,2053.219178016781,1859.9134663280504,2351.0757310612476,2169.4219243510297,2299.3036920682353,2179.3666458788684,2393.6659397451995,2332.0081487606863,2446.3301847823677,1959.10024467478,1755.2191670971167,2782.7853040866285,2201.040312694556,2277.8805904687715,2647.665123305592,2121.5620745871274,1821.5658383724526,1494.2702225431647,2497.4814561898975,2344.0499176792446,2118.8181718183655,2485.436010015114,2280.135436366125,2274.120613683399,2372.3594431530123,2043.7089052052347,2243.504078452135,2221.598600400231,2292.4259645022994,2252.1474876004236,2317.414700885379,2249.1541835150856,2331.7782630474353,2289.2234596980707,2173.7254993507527,2353.40207912531,2041.6282012278548,2288.5308327516586,2589.0366903704594,2302.382195580439
1610555610.92HPGJJSmyPM40z7otPBgHalNrHFA7zk5d,573.1625671567675,2168.068629523322,0.0,1928.309745115025,1355.212612390298,1622.0816442746466,1231.671860564921,677.8845702108403,1089.0267667582916,1902.2927285956291,2196.8442911438797,2033.9643496745325,2225.605458384987,989.0472142478648,2118.1695197155027,1811.891588124444,2352.8453012292325,2181.96615252799,1543.2974750305555,1774.8166592725488,2143.2187130497946,2325.783598297718,1594.3503278964213,585.4756425877058,1859.3060876181414,1742.2340700225543,1283.0454692860574,2020.2251919923021,2138.311351124654,1436.1169643207218,1825.359708527649,1601.966590083205,2233.9069548155762,2080.7868859117884,2057.1112428642336,1923.616463609436,1975.553074756306,1949.7576709314717,2083.0074813487486,2198.226986602676,1895.682572878157,2209.5347816063404,2095.823789267073,1975.4251441996264,2191.532017371747,2245.0999030947423,1974.905837916232,1707.0035798624294,1896.1615084419875,1919.7223626363768,1773.5267427649462,1625.1814374395153,2122.0494264717327,2359.0699497728992,1743.9194389974045,1749.3596882410054,1848.6009963755428,1882.4589956487744,1776.4513748604707,1757.4834576444414,2300.043398165102,2383.8158245637255,2017.108502307395,2155.816212558358,1812.3630955292988,2376.0778190832016,2017.8298932909884,2233.431451123702
1610555606.68LaSQbm9EHAFycEfFtEqAwYqlBsQPjIRW,1969.0129404934771,1928.1407901614255,1928.309745115025,0.0,1980.6145387852646,2043.7933546033635,1947.3945448770385,1967.5426152210082,2005.129042329624,2446.0246174237313,1660.562272129425,1880.3110738524153,2646.375944596899,1927.6687489512174,2221.9736481061555,2123.964632987548,2027.763682432157,1913.4112489484392,1948.036896153209,2059.2377364017407,2001.0856509247192,2108.0735037904383,2060.0713764305438,1931.4228929507901,2239.1517928399708,2121.7566190206653,1875.8513762918558,1939.9482770434747,2225.118264857951,1930.019719874255,2252.720333631454,2101.5938368504226,2671.751339395227,2302.804214704005,2187.771831540003,1836.0762765393297,2231.727443490962,2227.0355573408156,1874.3577855655333,2522.416770207529,1889.5520064129464,1875.1494909804053,2272.7353554009783,1817.3081779783174,2032.1236144543097,1932.353096653975,2373.8338030429545,2174.2750347336796,2335.47083310985,2307.5426951857953,1975.4848427908466,2084.326093931576,2399.13590725003,2144.5277099182135,2072.32102316669,2196.3906213343407,2154.077833877852,2013.0081405298215,2049.6587537879805,2142.250616588863,2160.126399747062,2356.690404203909,2250.864999866527,2201.139688583246,2056.3002498536443,2289.082641023288,2262.6222011730592,2180.5954751642685
1610555617.19EKxMEwDHfXiEJZc27TsGoERaD6Da4BZU,1337.0194846939949,2176.4438597969115,1355.212612390298,1980.6145387852646,0.0,1664.4885588131683,1207.3728941297616,1434.1614930599994,1205.2445396435826,2083.339785852415,2124.317315962492,2055.1923500797866,2405.6489404902263,1307.0920886694857,2125.8999460426244,1880.2772045677475,2260.6780038215443,2144.2416031276425,1584.1511704668353,1858.9164519600988,2167.373866600477,2207.2529542170314,1279.427376445437,1372.4050150810524,1778.4836507348357,1755.8044406797142,1190.319619040536,2070.5181449883116,2203.8387502676237,1389.3689220458652,1876.6425068516533,1395.7379680395234,2399.870281062685,2148.289921306594,2113.7136133184167,1938.390786285597,2021.814145583174,1995.5526226123188,2056.547937854721,2304.727874305363,1900.4984933518172,2212.537952043773,2110.924911409535,2102.273626608491,2140.467291213484,2206.145492145044,1943.960660834856,1770.0041085767361,1999.6575081702783,1810.6829753168545,1956.3936121252088,1573.1265499765125,2144.1288108912745,2285.149941546562,1858.952645124331,1592.8708693987974,1850.2593321356358,2004.8318456319168,1978.977588228497,1640.8476846167878,2185.8950420957194,2338.0195706959744,2078.9626948390865,2062.535803108946,1887.1425732005307,2318.0409826372015,2131.9762631706026,2108.0132661005673
1610555722.52PJ3FD50MGhRXyUD28vluU8Z9UjLJLZn4,1602.2442475460803,2199.4429123834298,1622.0816442746466,2043.7933546033635,1664.4885588131683,0.0,1614.5324665645867,1677.895175010873,1534.037841791505,2373.636365936781,2015.9263526736422,2166.164708243999,2659.5421570466297,1555.972429758809,2150.427676800109,2226.750347881442,2102.3234449268352,2072.0267799582225,1005.3880194944364,2206.123813345362,2118.371805305794,2080.501303527155,1711.3770652616254,1623.887690201404,1932.448625701583,906.8867149931978,1659.294883257222,2169.889315708501,2331.7244964591646,1564.5864422931163,2153.258406223009,1457.6707773067885,2734.243277345601,2450.076615280818,2385.7001911339594,2049.057133444856,2325.0472614993873,2372.5328564629067,2013.7322476432832,2312.8250642708344,2163.265221137639,2089.227787831248,2336.73183883499,1964.582890462356,2151.155601466403,2039.0731760559424,2059.099275227096,1837.5451556466344,2382.4790293200303,1998.170458072268,2081.603020951031,1730.27229223923,2179.320505341644,2275.0955023637644,2200.194593839109,1585.4965897488796,2050.7312856856174,2178.388750309677,2045.4894561140104,1473.7716439184012,2079.1401057687576,2224.4845975643307,2450.575339753944,1893.5846997975136,2272.507989721978,2209.516337548234,2199.0484579080103,2077.3997002536657
1610555617.52Ijr5puT55g9apK8auM7zaxa3NANg502t,1274.6199253273712,2059.685336802746,1231.671860564921,1947.3945448770385,1207.3728941297616,1614.5324665645867,0.0,1350.9985209772644,1344.9975350321054,2052.03081504312,2108.3513355907553,2132.5355760639177,2324.64514110061,1146.2149492923068,2148.1545689369495,1944.4312110001915,2255.924348425651,2145.539136676493,1551.5128420555036,1962.4868737983832,2228.13678585279,2221.0535675370056,1551.2586400069174,1282.6385712304307,1874.3379493244956,1697.6605034235408,1463.9583906086611,2112.57928800865,2098.849037552623,1124.1249843913697,1967.637692735434,1420.6132647696336,2360.8148280931496,2122.3486587586995,2176.670101991014,1942.3777389648508,2145.5530192977913,1973.5523270896604,1926.3031717112012,2292.4836169799587,2032.2532888258336,2227.270407071152,2215.658308441673,2047.898155007167,2162.5261017459798,2107.068014676943,2126.6652938530865,1844.3326087235105,1990.8884478968669,1980.3328219190646,1987.4661695482976,1641.101348766169,2003.782663633074,2177.096138831816,1907.6853657321474,1675.1392549812224,1874.8207141366172,2080.3232557301044,1958.4511719998297,1580.740439906935,2199.255082618327,2305.2126525971557,2127.230829920726,2044.0214355845737,1891.5403935848,2313.6169092767555,2150.521698464091,2130.3043223927957
1610555638.77ZLjTLkz4jYJdFMI2wWBztzsDILkoOtAk,786.3511192625978,2236.3428672468535,677.8845702108403,1967.5426152210082,1434.1614930599994,1677.895175010873,1350.9985209772644,0.0,1157.3255808562137,1972.7511006657342,2219.4206315970832,2014.3304821847485,2309.7654230034473,977.7213678490108,2126.0852768378118,1847.7639540691268,2387.058503405388,2203.779445873993,1614.6109230851496,1813.1141188438053,2138.735546276966,2333.6281960075735,1722.347470483567,605.5113822413641,1933.418673085428,1793.4944805003704,1381.0287774309566,2011.424157141925,2180.038544467335,1557.1125245315761,1925.1923736377407,1689.5864470924791,2307.615233935445,2113.4726178526744,2086.0457333105346,1927.5719087495645,1999.4766867977644,2035.5339827791909,2191.101595660308,2276.7826220394677,1915.604709807484,2203.7149597382786,2073.0777470483736,1980.7135932830786,2224.7808600390513,2281.9245384880473,2002.6656507300618,1750.8468861370316,1948.7057860656832,1968.6288481858248,1757.0469443799032,1710.2080579269193,2215.0321398983247,2439.0594100438743,1820.850256647467,1846.9717886618487,1900.3318006040324,1894.2488548705064,1803.560989705634,1817.097415113907,2343.7422260233648,2420.694192871028,2049.0459882444156,2182.355945448612,1856.903816143303,2391.3973528468096,2052.9167444036534,2289.95764936775
1610556912.46C7tJPLF0XfNnm8f1820X9aLmXMHoc0Dw,1022.4300676448693,2227.4661226001817,1089.0267667582916,2005.129042329624,1205.2445396435826,1534.037841791505,1344.9975350321054,1157.3255808562137,0.0,2067.9359360897142,2183.4372325449585,1992.5752290364258,2385.1857431531516,1143.0097233028175,2083.0138554199807,1902.6872630003577,2315.8974385775646,2139.2920612728017,1374.491588716799,1870.1911983934458,2093.3099055524945,2258.0046472650006,1548.0630488980578,1100.0411683008072,1839.5777190958609,1653.6938459276023,1297.903185401289,2027.6487253130222,2184.333248996318,1503.0358384236322,1919.6706372849535,1530.3533341518528,2392.154389283114,2167.518386197138,2114.521477216356,1926.1932607905503,2037.661470706337,2039.709389441447,2093.02455371371,2262.6620509204554,1924.0356588102245,2158.168687816776,2096.820590887256,1981.956037511126,2197.1457740362716,2226.824756786154,1940.9752414631675,1728.22439633742,2030.9783382477542,1845.6794920667671,1833.6409175112183,1583.2690279803276,2145.4939125438677,2348.3649552269076,1885.370692330432,1682.3187019510365,1890.5520740776813,1958.7490271131808,1862.6898609873197,1681.9080256011623,2212.556616736704,2351.3228261144973,2110.6982979821723,2079.724055540885,1922.4362194581042,2320.03227633324,2093.819669395546,2135.810903214093
1610555617.51LjzIROg0aeCP2GhDcAVQ0LipKJB9jmKc,1923.133198379031,2207.1981765910273,1902.2927285956291,2446.0246174237313,2083.339785852415,2373.636365936781,2052.03081504312,1972.7511006657342,2067.9359360897142,0.0,2800.11381492863,2504.822259759821,1370.8008205071396,2009.694511580264,2719.346864657685,1993.0621123880044,2958.6842427681645,2685.1978340001624,2440.040095300601,1894.8960988641397,2622.6844215434467,2962.3622107276124,2027.4189645383647,1956.6675914584375,2265.022753652853,2490.8780458164297,1930.5278404595492,2501.914749798928,2339.8937991302946,2040.9248033109734,1913.6479913545734,2335.8122926472056,1069.2305529446814,2146.1241976879496,2282.6900921310735,2550.1290450321803,2184.0850920890366,1957.3937631542062,2359.3120278208808,2502.470160289301,2367.3561689832677,2861.9704100769663,2560.207342083306,2531.865615059808,2667.0975360420284,2690.047708035207,2242.9243291925873,2148.3557763213826,1117.324345193839,2523.588688495982,2137.7015343443445,2148.836356646823,2330.5691011314657,2688.505957300652,1884.194470221538,2330.111816881956,2377.951159573888,2072.3816935854975,2130.6416725733366,2505.5531392783646,2935.4114923369234,2951.2250904996517,1941.6355876451405,2832.037351713299,1627.3639722065116,2989.914659573908,2505.7519591533714,2821.994105082627
1610555608.17OpjjHobqRkX0UPcaXrbu7K6L3805SZri,2222.6106180843217,2163.707648132141,2196.8442911438797,1660.562272129425,2124.317315962492,2015.9263526736422,2108.3513355907553,2219.4206315970832,2183.4372325449585,2800.11381492863,0.0,2045.520194877631,3040.6134643707296,2132.134756185848,2086.8508413080476,2305.2889005354805,1387.6216131239057,1888.4796037899675,1970.3109828906836,2380.8540711859832,2032.9500915246101,1884.8227361036288,2171.250000956412,2189.0644951559443,2171.0033897677654,2073.2164247257756,2135.773914965694,2089.5702483460936,2311.131152228607,2115.898939578502,2493.60074483598,2082.943952652029,3067.251771707575,2564.339866766337,2360.990984607706,1884.9887981438894,2410.43197240655,2521.8563927703995,2088.897267025282,2632.017054024107,2078.7470478581317,1649.6368239639057,2291.9534926969154,2060.534206521922,1980.6379263033407,1690.093317692436,2510.002388781258,2313.873796913882,2705.204801661823,2221.155437580732,2271.4597777472604,2248.644768664317,2504.667656250363,2152.0696036750887,2400.9120097915293,2097.3993713033997,2146.1179938019295,2303.6712646131223,2365.027612725055,2010.8880333438772,2032.0211228738215,2078.646289788528,2557.7199366898612,1988.7512704764097,2416.0448522854867,1926.716737377844,2300.1676583455346,2090.4751359023458
1610555721.82zWeNZfGUUfRJkgnAwlP8VMhPzXctnSd4,2029.928628918556,2292.91020060764,2033.9643496745325,1880.3110738524153,2055.1923500797866,2166.164708243999,2132.5355760639177,2014.3304821847485,1992.5752290364258,2504.822259759821,2045.520194877631,0.0,2801.6823295906847,1959.3045190421635,2287.9349421172706,1868.156430374415,2263.0040096302964,1945.7005989350002,2148.8609265437503,1808.9712027198445,1235.7644426633751,1904.6704776677127,2186.0931914609346,1997.6536055023864,2083.989926687445,2205.2620062861524,2014.9017001238558,1579.2717081396017,2168.648602621884,2206.7426327581748,2339.428303565164,2273.5035909734434,2701.591529237972,2155.3743276900213,1817.2892778543737,1700.396874349398,1997.9120153165366,2163.6447590403523,2271.609712357972,2413.04405480717,1917.8043111844743,1845.4323364016757,2220.3329738833754,1937.714637018294,2163.8423398244718,2148.7409347041626,2124.7293800926486,2040.3442499950625,2375.5867714258825,2127.363463459824,1322.498585358281,1979.1868764584042,2488.3522998229178,2372.309578288643,2016.394253042809,2246.571567954446,2072.1811803510527,1607.485765853869,1782.579784683572,2228.1310645949534,2229.7294846770105,2388.4020718395004,2105.1724033092823,2256.7308646961933,2042.0974651561123,2270.515129713177,2098.472008007353,2202.947897328298
1610555735.75bom85BDF0C7W2eIseHeMxi24qR68nzMi,2240.7134446961286,2178.841614544404,2225.605458384987,2646.375944596899,2405.6489404902263,2659.5421570466297,2324.64514110061,2309.7654230034473,2385.1857431531516,1370.8008205071396,3040.6134643707296,2801.6823295906847,0.0,2319.6088428492803,2948.7654330594246,2298.5235907944757,3209.2300857658174,2793.9500194020975,2704.9459306251756,2199.3646463684477,2905.8736175663007,3157.80486613047,2310.2167496678726,2279.7699131872882,2653.948979835002,2782.798483607396,2290.362714174116,2798.655779326228,2523.8338134871356,2258.4429902106817,2209.644245415921,2611.5977114883253,964.5598206526226,2214.957901115407,2525.0885228174893,2793.308447368215,2465.5294581241174,1998.5120096672197,2514.233195220709,2842.7077339985053,2609.9353198218055,3077.169945641853,2871.1426969195154,2719.1707174028224,2788.3368849916546,2813.07100929118,2600.2545603851736,2496.9089650542246,1721.020111560292,2836.0668437380273,2492.698984477439,2482.2587592905234,2531.5270866558503,2767.889877646805,2147.7782171467643,2676.5144896911165,2683.372100796491,2414.025740797704,2446.141530928991,2793.7937817120373,3130.3503118859912,3120.9979478117903,2129.4664153377507,3074.555181187521,2006.6058701144261,3167.3191760481586,2846.8468751132145,3017.2296934273045
1610555735.77NnT5xqKnwcf2BbjIekeb2arTQj6QMNwk,1060.1701153680451,2151.226213410645,989.0472142478648,1927.6687489512174,1307.0920886694857,1555.972429758809,1146.2149492923068,977.7213678490108,1143.0097233028175,2009.694511580264,2132.134756185848,1959.3045190421635,2319.6088428492803,0.0,2067.48847152688,1852.3377971991881,2288.853221598908,2123.393658176769,1483.8240863808874,1796.2435067090141,2078.1853122440757,2204.3691294521227,1607.0642341972157,993.7417676243476,1855.4694386335257,1680.0327907494639,1350.7423825533617,2002.4832771575866,2118.0426365778903,1396.218732694805,1878.1573284548347,1579.6241636883972,2331.2306020738474,2117.2103916645633,2066.6025804800897,1890.7358084445418,1985.4204165931917,1979.1471812332998,2067.7718910989647,2214.9556605661137,1900.9883943428144,2137.8858394512235,2084.2283312198656,1973.3867134856218,2126.684311421489,2167.22348543421,1977.4637886128548,1725.1172418673798,1963.0178791099363,1916.8480571963444,1787.3331863084436,1583.3950961799817,2115.3231102813834,2319.642522827321,1786.7554555980678,1726.3438243463245,1832.2476810790697,1904.931006980131,1798.3904351891458,1672.306258524048,2204.144154724975,2337.789888179592,2073.560840490138,2081.190365848449,1843.4472815201677,2284.6237624755927,2055.9857541796746,2130.7161029687295
1610555638.33wjf1PhdNaoWfbRzXVn50hmFyB5bYAiLV,2127.715835552056,2377.5443801545066,2118.1695197155027,2221.9736481061555,2125.8999460426244,2150.427676800109,2148.1545689369495,2126.0852768378118,2083.0138554199807,2719.346864657685,2086.8508413080476,2287.9349421172706,2948.7654330594246,2067.48847152688,0.0,2322.5473691098546,2118.663809143901,2194.968447439577,2112.993603909669,2412.425844801534,2264.9661754615668,2200.443551197142,2202.190550402927,2099.6193749280687,2266.132840832519,2177.3517549788317,2092.4657971142674,2476.1348328615877,2219.480123956531,2204.5384095891172,2288.228804248945,2102.838962642418,2985.844751530733,2685.1342878524324,2287.8101423734356,2052.6243986244413,2248.570262138567,2598.683523717851,2446.21597963888,2591.530298289755,1852.6686094668958,2176.677801010134,2032.1422905691509,2250.899513796711,2000.460740140232,2248.777698969731,2332.4685616807096,2269.391178082016,2706.443098676737,2203.7093578553913,2325.9724612366626,2202.1775501366706,2819.48056207887,2436.091163473493,2369.2463394889232,2151.3150024323277,2192.6373664588386,2369.6978686646416,2487.663526431926,2116.006469422828,2500.5400821996304,2158.8113429405034,2571.341818771661,2339.4778779075714,2508.6572078250706,2116.7006485734987,2359.5787383930165,2504.5987252112136
1610555606.65jCE4ig8Pu8kvAzkxnSGfWsV0nQBjCf8H,1842.9872152014711,2228.7659765965022,1811.891588124444,2123.964632987548,1880.2772045677475,2226.750347881442,1944.4312110001915,1847.7639540691268,1902.6872630003577,1993.0621123880044,2305.2889005354805,1868.156430374415,2298.5235907944757,1852.3377971991881,2322.5473691098546,0.0,2503.5146902556753,2355.843648180233,2226.152742962621,1440.8433344836842,2008.2382311896095,2478.8667006437363,1924.5256339866537,1833.3218428228113,1988.5179096954262,2320.6258396947787,1772.6577160773575,1916.528893102761,2058.5653103321356,2019.4831900634156,1771.716273614324,2183.909278709908,2112.0060783495583,1604.345464204274,1389.2491174401412,1779.4529680017351,1609.1812649661165,1525.278865663216,2356.5051509921927,2300.6911480700446,1891.8524747773954,2314.7710540413696,2161.0864551709315,2294.467685446123,2229.8560295712086,2399.310367642097,1971.4980860365497,1863.6344848072988,1847.2711287469058,2096.1474962299167,1604.4736264566934,2010.0703679055548,2260.222964302127,2514.6305014512463,1491.4156040098383,2196.240498224493,2029.1337233665924,1520.5685871748299,1756.6906165501239,2275.14385958724,2482.860149436733,2542.663132315753,1489.5464328942267,2448.3593544018795,1602.0111291543003,2441.0728959704866,1971.1960386324804,2398.068410860596
1610555608.18ONsBCVo1i7BrX0XG9stct4oiA6ejX9Oz,2365.859535967468,2320.647772659721,2352.8453012292325,2027.763682432157,2260.6780038215443,2102.3234449268352,2255.924348425651,2387.058503405388,2315.8974385775646,2958.6842427681645,1387.6216131239057,2263.0040096302964,3209.2300857658174,2288.853221598908,2118.663809143901,2503.5146902556753,0.0,1981.977925333177,2104.4787772099176,2615.8456914357257,2150.663498107245,1898.386520472065,2286.5258770009295,2347.6951389030073,2222.500092385963,2119.883618284705,2290.4931360016067,2319.203865889159,2368.390344230237,2254.828275412617,2576.9218707013083,2111.551846201514,3249.527422495874,2790.647645142552,2552.3273876128956,2013.4753508296983,2605.1407136081625,2687.6303749357985,2167.433596054572,2741.6228514216305,2277.9485447527763,1802.2640004357627,2438.3671029826746,2193.172961512128,2059.45211238196,1854.645927280729,2607.4074420775237,2422.7986598459747,2889.483065946807,2274.4446922994975,2483.4940558207,2399.8269005346187,2650.633683697967,2232.0417906053235,2619.768833478132,2112.553039043888,2228.09425052677,2525.643778853985,2579.307586416323,2040.4828393826274,2071.0768322652198,1984.998209952941,2737.5499152771986,1907.6287416465295,2621.5539694559866,1847.547512065419,2427.5969676846994,2142.4802187141795
1610555721.51RNoQUMP19FTMS79BmA3JkgSm2IC2AQuQ,2174.6266430320184,1524.914341965942,2181.96615252799,1913.4112489484392,2144.2416031276425,2072.0267799582225,2145.539136676493,2203.779445873993,2139.2920612728017,2685.1978340001624,1888.4796037899675,1945.7005989350002,2793.9500194020975,2123.393658176769,2194.968447439577,2355.843648180233,1981.977925333177,0.0,2066.5180442635947,2363.7002630191305,1992.040299503127,1830.869131197649,2167.9758224384645,2148.0466582073664,2208.809463011355,2161.61239462354,2189.003230836929,2163.7562797570845,2233.2107033270304,2094.8849657520186,2543.5853965948063,2128.3285935176536,2866.113566468165,2476.922871023665,2479.272762310099,2123.437738101108,2518.8671377297314,2378.739983616209,2028.5546888375416,2786.966549821014,2146.0934712693247,1942.0148689465482,2560.052008797926,1936.8336909813388,1680.3237467802032,1352.8420023218187,2481.143706630672,2291.134312547893,2607.280388426449,2332.022651197967,2132.0866282382794,2290.999279260482,2605.720963330501,2227.3600794129475,2438.011384019508,2212.2686382679854,2162.9700075663645,2305.3285317927366,2243.7882419278462,2095.3070060633363,2012.4273699084092,2042.0965536492909,2464.578738227455,2057.8995250013168,2373.1200379653988,1949.2720180659915,2496.133695659968,2010.6507339817608
1610555971.86O0cHB2ibBJ8jxoObg01EpGe8VVV5mpwn,1489.4939435112096,2218.127178116838,1543.2974750305555,1948.036896153209,1584.1511704668353,1005.3880194944364,1551.5128420555036,1614.6109230851496,1374.491588716799,2440.040095300601,1970.3109828906836,2148.8609265437503,2704.9459306251756,1483.8240863808874,2112.993603909669,2226.152742962621,2104.4787772099176,2066.5180442635947,0.0,2207.2452293425267,2136.920677162963,2011.81152941669,1732.6286525100634,1544.206501759913,1975.4927072363118,1269.7754751162324,1629.7777493966662,2154.68614601596,2335.0306864207596,1524.106795861923,2169.6634080055833,1479.3544682114134,2773.2915867842735,2447.5522526303416,2366.539939314871,2016.8956468064907,2331.9551860420947,2356.040689072499,2010.1070649363583,2274.463862271067,2122.250875279972,2046.5556938449226,2314.2494092644183,1949.3501588757442,2152.0264085969557,2068.8268917189034,2161.9214136783626,1844.9686782723177,2410.2499295684233,1986.8785128118477,2085.5610019587684,1693.1363250668282,2183.4800201492553,2243.2389599452213,2191.7677149288947,1730.8053219454175,2013.9170974910603,2226.2688290037772,2042.0614855243487,1503.7126389290677,2025.548986872923,2233.8219689067073,2462.2951448028452,1889.8714749264007,2274.306925358155,2185.0302115230456,2135.02749674142,2004.6189901287778
1610556911.51zU3duZSGpcw1BDNsBLxdOCITAXwl6z3i,1793.9726649069432,2269.5028909325333,1774.8166592725488,2059.2377364017407,1858.9164519600988,2206.123813345362,1962.4868737983832,1813.1141188438053,1870.1911983934458,1894.8960988641397,2380.8540711859832,1808.9712027198445,2199.3646463684477,1796.2435067090141,2412.425844801534,1440.8433344836842,2615.8456914357257,2363.7002630191305,2207.2452293425267,0.0,1981.7785324392967,2520.281070446127,1942.3731368134147,1791.7157597492933,1970.9331700433206,2304.2088239180075,1724.4852614594897,1918.215130975231,2140.6766000564285,2033.3884262673985,1861.6735094093226,2206.5159927217346,1992.9173336857818,1676.691272725674,1587.893580389703,1891.822468636275,1569.8439976533186,1681.1354723523941,2371.239726617957,2306.3817756898707,1878.6548063786515,2351.547808665251,2201.598654864239,2124.2685683073355,2206.2520441289857,2420.732342511941,1918.9679728227418,1764.688027188127,1821.1002268209088,2177.257824554376,1525.668017148724,1951.0394269565832,2356.074261172873,2523.5623139068307,1389.484703847896,2225.0304035147306,1952.8876981891528,1431.0742187453552,1630.4200984977788,2298.419468855705,2563.3216184221233,2612.5463180741426,1554.5682648181355,2503.1253276612388,1500.4790568157525,2597.6259814792593,2033.6468173403714,2482.3970946484365
1610555988.71dMoYT8250UHHJGxgmITTmbHe7V6gH1yU,2152.95770791165,2344.0854274945796,2143.2187130497946,2001.0856509247192,2167.373866600477,2118.371805305794,2228.13678585279,2138.735546276966,2093.3099055524945,2622.6844215434467,2032.9500915246101,1235.7644426633751,2905.8736175663007,2078.1853122440757,2264.9661754615668,2008.2382311896095,2150.663498107245,1992.040299503127,2136.920677162963,1981.7785324392967,0.0,1894.0657371446016,2235.7669200154196,2110.130310068972,2155.3634887748985,2151.645502250808,2119.1566685277467,1760.3458703069446,2258.1473884527954,2264.5774186602034,2383.2556010074018,2284.6956885731793,2834.374665897961,2301.5215691665508,1914.3101745672373,1774.0840647665461,2082.4503426070046,2321.0022623035065,2310.3328150012408,2461.3474315355224,1968.8080681166289,1788.8885066488274,2307.222969395752,1943.768016749926,2129.3695572479032,2106.23997459111,2139.751096586919,2085.18166327471,2516.260823187817,2172.759385337839,1639.9300598719547,2047.2816159253732,2573.3507827966037,2395.5429049826303,2137.10988769879,2242.8088975049527,2139.298179812377,1680.5042529563643,1910.3340568389742,2246.5656406913727,2201.2245361647692,2305.693302471256,2265.6542006355357,2225.7561541841596,2206.3454511077825,2188.6857029524385,2128.807496176296,2217.192642380981
1610556042.81mlUZsSp7gbGjrp8jQSnybT1gPy6e62o1,2327.1237376292147,2270.0032245841,2325.783598297718,2108.0735037904383,2207.2529542170314,2080.501303527155,2221.0535675370056,2333.6281960075735,2258.0046472650006,2962.3622107276124,1884.8227361036288,1904.6704776677127,3157.80486613047,2204.3691294521227,2200.443551197142,2478.8667006437363,1898.386520472065,1830.869131197649,2011.81152941669,2520.281070446127,1894.0657371446016,0.0,2226.142975721903,2300.0956806161735,2218.9013659922884,2095.730444296011,2296.61555195482,2112.1489977029737,2402.821170521106,2139.8626515377673,2666.212566560115,2049.6256454107297,3196.0692533186316,2702.75631121401,2481.3185112451047,2039.687442035859,2599.9730696081288,2617.2975119653215,2212.787604060804,2742.5023408564143,2351.9377578715953,1767.4696989513147,2512.398462249918,2129.142236753147,1992.9911607417887,1914.7177552395294,2542.2857755331543,2356.4066752926324,2827.1667405067005,2261.8186752043675,2245.692391645589,2317.452849013731,2650.596274209343,2287.417157383309,2618.3378635807535,2193.323913583066,2205.062526504474,2370.1894527894583,2382.6400374518826,1893.0446066084578,1853.8040367886633,2097.8305526049026,2658.2552329404675,1941.5330380139471,2550.153501775922,1803.8657689779313,2403.1621105624454,1909.954531217845
1610555637.02UBW5nKvDyUrKnaWcYRGajZPxTRDS0q3N,1567.1793041849267,1998.336546487726,1594.3503278964213,2060.0713764305438,1279.427376445437,1711.3770652616254,1551.2586400069174,1722.347470483567,1548.0630488980578,2027.4189645383647,2171.250000956412,2186.0931914609346,2310.2167496678726,1607.0642341972157,2202.190550402927,1924.5256339866537,2286.5258770009295,2167.9758224384645,1732.6286525100634,1942.3731368134147,2235.7669200154196,2226.142975721903,0.0,1644.5043854000978,1702.0340638672192,1812.1917985428422,1331.3841157294232,2223.6445690280193,2150.671731887601,1289.8260878376225,1771.107570912103,1420.358177949683,2302.983065386563,2151.343273329258,2138.7245158554547,2061.2964340205085,2064.9546772813173,1851.1937534281785,1874.6020745643825,2331.8074504936135,1964.285909056191,2287.544089465879,2244.138544853289,2200.025067947052,2110.5780846092935,2112.874211695067,1909.2738660136927,1819.908900825136,1911.3142785238654,1887.5864101974569,2075.388413639232,1630.792846883939,2147.2055094421394,2147.0890499522584,1866.4754247568728,1354.254956081089,1935.7096908112708,2049.015640663493,2079.545903632668,1669.5172862250345,2223.17444023415,2330.209520874086,1979.7780469985985,2147.3181309158726,1830.7385145523942,2313.2450651907225,2188.162445071336,2182.8533672135154
1610555619.13oUYNikU4facCTpUSiSLr0vPI0tJLnXiT,676.6248258593482,2195.755710118181,585.4756425877058,1931.4228929507901,1372.4050150810524,1623.887690201404,1282.6385712304307,605.5113822413641,1100.0411683008072,1956.6675914584375,2189.0644951559443,1997.6536055023864,2279.7699131872882,993.7417676243476,2099.6193749280687,1833.3218428228113,2347.6951389030073,2148.0466582073664,1544.206501759913,1791.7157597492933,2110.130310068972,2300.0956806161735,1644.5043854000978,0.0,1886.6445646495831,1745.6631138779092,1319.758565119616,2011.7632771060166,2158.200122407047,1486.1042679521993,1874.4892423204524,1623.0055147083092,2286.2402834333852,2103.903577734276,2046.0220361877437,1896.0760416396315,1970.349712728603,1995.579803703671,2127.8608355062993,2223.22180415238,1894.4109087049055,2180.8144198189048,2071.153091559878,1959.3599945811418,2188.9723222043367,2241.569151125373,1984.3638704080222,1696.1814883309414,1941.9175366679804,1931.6529956731597,1748.7083378310942,1651.7277963660722,2166.4795663434943,2378.5091197089814,1777.0908223982092,1782.371514856411,1845.3625006672937,1898.1452417379896,1779.6916803967415,1760.8358061550434,2295.7867883393556,2389.5853042442895,2041.0216191971645,2144.159435899763,1844.1677740664175,2367.1829186210507,2037.0478231176235,2238.4472749017077
1610555721.03nzkucfjAUh31zTbmCVvTVYqtjoxZFnBh,1847.982122214013,2280.479062453038,1859.3060876181414,2239.1517928399708,1778.4836507348357,1932.448625701583,1874.3379493244956,1933.418673085428,1839.5777190958609,2265.022753652853,2171.0033897677654,2083.989926687445,2653.948979835002,1855.4694386335257,2266.132840832519,1988.5179096954262,2222.500092385963,2208.809463011355,1975.4927072363118,1970.9331700433206,2155.3634887748985,2218.9013659922884,1702.0340638672192,1886.6445646495831,0.0,2003.5139427210859,1840.1930539587515,2040.9839077400645,2436.129919483901,1872.695517900938,2048.8099980324487,1802.2007584462015,2520.3027757283353,2176.97405620801,2024.3660462276098,2076.7674636577476,2062.458647831129,2031.420143265299,1973.4654957303878,2276.501772105668,2213.5523406526977,2225.397695471482,2203.552494668351,2294.343406189708,2208.644896459154,2126.6933300702412,2031.201570522529,1689.089218104161,2179.78991017312,1998.6335591877405,1904.399837263056,1932.1522932096236,2256.3820489920695,2388.327478007914,2029.1779586668931,1672.112030529805,1520.4811657071562,1992.5858083011872,1920.3345178745678,1652.5326542798568,2140.2767561623227,2271.8408065882213,2099.4068918006924,1926.1966351827057,2028.8453736747706,2278.6683052597045,2017.389450008061,2144.7389772975553
1610555722.67fhKURdXVzRbLIjXmjRwdJHTnE7PWb1AE,1720.7289278560004,2314.478184320035,1742.2340700225543,2121.7566190206653,1755.8044406797142,906.8867149931978,1697.6605034235408,1793.4944805003704,1653.6938459276023,2490.8780458164297,2073.2164247257756,2205.2620062861524,2782.798483607396,1680.0327907494639,2177.3517549788317,2320.6258396947787,2119.883618284705,2161.61239462354,1269.7754751162324,2304.2088239180075,2151.645502250808,2095.730444296011,1812.1917985428422,1745.6631138779092,2003.5139427210859,0.0,1784.2125647511798,2200.509063931126,2392.1032865935226,1698.6444046007762,2261.0833827553097,1568.3792805519493,2844.1681884068184,2558.5327768656884,2463.454271986381,2071.447785091264,2405.5609466509372,2478.2618931985653,2062.514724207065,2352.7067691803786,2244.534109107221,2108.960212677038,2390.173030423691,2028.1625317317478,2218.3136244804678,2121.1143683973737,2138.9312500218907,1938.598131684104,2485.448916944004,2050.307525969164,2149.240248007554,1825.8868380409097,2242.264898792493,2324.383711942321,2316.2081881734193,1682.9589013904829,2093.4743604260957,2252.8897539216223,2129.5027043477976,1515.8595647267698,2091.479085480131,2265.685161605511,2547.4262780571844,1914.6797481745375,2376.2585612445114,2239.2135439026633,2240.4974483541637,2103.0966141040253
1610555638.39J2ZWBLuLTHP0jOlzB4tNHmYeijH5g5YJ,1278.7194018874034,2174.9971221782807,1283.0454692860574,1875.8513762918558,1190.319619040536,1659.294883257222,1463.9583906086611,1381.0287774309566,1297.903185401289,1930.5278404595492,2135.773914965694,2014.9017001238558,2290.362714174116,1350.7423825533617,2092.4657971142674,1772.6577160773575,2290.4931360016067,2189.003230836929,1629.7777493966662,1724.4852614594897,2119.1566685277467,2296.61555195482,1331.3841157294232,1319.758565119616,1840.1930539587515,1784.2125647511798,0.0,2046.1332601279382,2159.8696233188916,1518.2680013149582,1656.5634091020343,1536.1204370805658,2272.7629002841086,2084.991298804576,2023.0001830836022,1894.8869634255034,1915.74690427659,1953.3308917609802,2098.3284134853366,2183.9999704558977,1774.7227106956545,2190.5191005424745,2034.4388352249912,2092.4810566907727,2176.617054625804,2255.9810761953754,1839.6390333732875,1674.5963251760754,1883.8967499316568,1631.8311617817767,1864.9392434053473,1506.9558915188018,2153.7044722067326,2336.2208025548675,1720.1723322463145,1685.805190185928,1942.8376542182848,1863.5483598965109,1891.3327350166458,1767.0926003502768,2290.6042938946457,2357.49524084848,1959.5426809942824,2167.749363732349,1753.424773906348,2355.3182152314725,1896.3883072737747,2220.7569922930943
1610556032.17Q6yCDx9g7alRnL9jBFXD2JhhUyB2hKfJ,2046.621423251496,2325.3771408414023,2020.2251919923021,1939.9482770434747,2070.5181449883116,2169.889315708501,2112.57928800865,2011.424157141925,2027.6487253130222,2501.914749798928,2089.5702483460936,1579.2717081396017,2798.655779326228,2002.4832771575866,2476.1348328615877,1916.528893102761,2319.203865889159,2163.7562797570845,2154.68614601596,1918.215130975231,1760.3458703069446,2112.1489977029737,2223.6445690280193,2011.7632771060166,2040.9839077400645,2200.509063931126,2046.1332601279382,0.0,2319.058317583541,2209.829757886524,2378.1249392974346,2277.151428986574,2715.82403216049,2066.6434704399826,2027.6708624354778,1854.5487596484027,2163.149836041553,2138.1776352980605,2218.6832123033632,2453.3785593196585,2167.3151833885736,1895.85965897743,2282.4169611390275,1970.253933149642,2288.6884736482793,2135.6508886258816,2250.2179410194562,2098.3940910195015,2376.7878309437206,2210.8722981806077,1627.2899294011436,2155.1583966505264,2311.8514469863703,2437.614969220931,2137.837547076817,2314.6171801643027,2034.95687523919,1652.8227722209638,1731.772077828163,2202.1451438524537,2097.123727049456,2475.8744762681476,2154.6115501235654,2157.764737127218,2053.1642483067685,2319.361614298266,2166.65547371513,2042.5960938578396
