,square,rectangle,parallelogram,losange,isoTrapezoid,kite,rightKite,rustedHinge,hinge,trapezoid,random
square,0.0,0.007552620397907384,0.013773631068623948,0.02001483216912947,0.00471325817545476,0.0037901423552249014,0.0023898605170366016,0.009012448276095375,0.008324623146020893,0.006128361594896492,0.012283802682867218
rectangle,0.007552620397907384,0.0,0.00470840232419667,0.011482452886187766,0.014789401104689182,0.009589316858540697,0.008755660802206022,0.005948786557013919,0.00372452710472293,0.00950685606873436,0.01686753077370884
parallelogram,0.013773631068623948,0.00470840232419667,0.0,0.004036574489448608,0.01801469282849899,0.015820597796874836,0.013277937214537183,0.008391554307090043,0.005845290255124036,0.008817389900197314,0.01427447849632224
losange,0.02001483216912947,0.011482452886187766,0.004036574489448608,0.0,0.02094759818063019,0.02104744862078478,0.01859959558891089,0.011332129809367375,0.009852926765448133,0.010355808332625949,0.010793564024518476
isoTrapezoid,0.00471325817545476,0.014789401104689182,0.01801469282849899,0.02094759818063019,0.0,0.005288897953209526,0.004201664530718907,0.014333932087292278,0.014490580876281967,0.006612150198486599,0.009730193791788744
kite,0.0037901423552249014,0.009589316858540697,0.015820597796874836,0.02104744862078478,0.005288897953209526,1.1102230246251565e-16,0.002542314343366159,0.013051974000729882,0.012708064317491385,0.010648283317614249,0.01592579370313474
rightKite,0.0023898605170366016,0.008755660802206022,0.013277937214537183,0.01859959558891089,0.004201664530718907,0.002542314343366159,1.1102230246251565e-16,0.011609821266290177,0.01090731991292615,0.0059803376480014325,0.012985744495377038
rustedHinge,0.009012448276095375,0.005948786557013919,0.008391554307090043,0.011332129809367375,0.014333932087292278,0.013051974000729882,0.011609821266290177,0.0,0.0008177162538482996,0.009643867170181397,0.012318255539372491
hinge,0.008324623146020893,0.00372452710472293,0.005845290255124036,0.009852926765448133,0.014490580876281967,0.012708064317491385,0.01090731991292615,0.0008177162538482996,1.1102230246251565e-16,0.008564271091300979,0.012492217381816273
trapezoid,0.006128361594896492,0.00950685606873436,0.008817389900197314,0.010355808332625949,0.006612150198486599,0.010648283317614249,0.0059803376480014325,0.009643867170181397,0.008564271091300979,1.1102230246251565e-16,0.004482883774681867
random,0.012283802682867218,0.01686753077370884,0.01427447849632224,0.010793564024518476,0.009730193791788744,0.01592579370313474,0.012985744495377038,0.012318255539372491,0.012492217381816273,0.004482883774681867,0.0
