,square,rectangle,parallelogram,losange,isoTrapezoid,kite,rightKite,rustedHinge,hinge,trapezoid,random
square,0.0,0.018569514119903707,0.07326602950998573,0.09721210965369376,0.13237811689110124,0.1356750304170764,0.13101476578144566,0.15607453213685385,0.13901909793814615,0.10154834663523693,0.17028488230109184
rectangle,0.018569514119903707,0.0,0.06842384063362583,0.10118756164468268,0.14954017128282604,0.14727454154405017,0.14495218360254425,0.16065224998850414,0.13962817487310453,0.1112351680629512,0.182609582456563
parallelogram,0.07326602950998573,0.06842384063362583,0.0,0.019738637584762575,0.11860818295199227,0.11436505552107856,0.11366046386252804,0.12320434400261804,0.10934279828929383,0.06662945735771209,0.13135513552299305
losange,0.09721210965369376,0.10118756164468268,0.019738637584762575,0.0,0.11235843345151175,0.10951702233195992,0.10555321293577369,0.11549154253773819,0.10711331368458099,0.06444820886744151,0.10838150091595966
isoTrapezoid,0.13237811689110124,0.14954017128282604,0.11860818295199227,0.11235843345151175,0.0,0.049960945225730025,0.051529214026513004,0.09811873824037742,0.09134036462580408,0.04331950446201194,0.06611027008704007
kite,0.1356750304170764,0.14727454154405017,0.11436505552107856,0.10951702233195992,0.049960945225730025,2.220446049250313e-16,0.010420112692145489,0.05909885469737497,0.04610841947098032,0.058524002776031536,0.04795347290042373
rightKite,0.13101476578144566,0.14495218360254425,0.11366046386252804,0.10555321293577369,0.051529214026513004,0.010420112692145489,0.0,0.04525406537870469,0.03937950651120492,0.06342880439874421,0.055354645821759974
rustedHinge,0.15607453213685385,0.16065224998850414,0.12320434400261804,0.11549154253773819,0.09811873824037742,0.05909885469737497,0.04525406537870469,2.220446049250313e-16,0.008504684900938475,0.09984810614453288,0.08180136200538268
hinge,0.13901909793814615,0.13962817487310453,0.10934279828929383,0.10711331368458099,0.09134036462580408,0.04610841947098032,0.03937950651120492,0.008504684900938475,0.0,0.08577475189678008,0.07315927369128894
trapezoid,0.10154834663523693,0.1112351680629512,0.06662945735771209,0.06444820886744151,0.04331950446201194,0.058524002776031536,0.06342880439874421,0.09984810614453288,0.08577475189678008,2.220446049250313e-16,0.05062023504655677
random,0.17028488230109184,0.182609582456563,0.13135513552299305,0.10838150091595966,0.06611027008704007,0.04795347290042373,0.055354645821759974,0.08180136200538268,0.07315927369128894,0.05062023504655677,2.220446049250313e-16
