,square,rectangle,parallelogram,losange,isoTrapezoid,kite,rightKite,rustedHinge,hinge,trapezoid,random
square,0.18958997262859195,0.2143623912544105,0.23326496757360957,0.2519132042926606,0.20611794100206915,0.2011724661888689,0.1984581652594844,0.2216625648935725,0.21819029027454787,0.2107260154606288,0.22959798785744948
rectangle,0.21436239125441056,0.1838422653016069,0.20794064957663802,0.22938860497449162,0.24180892498954806,0.2199283043349251,0.21903143565857475,0.20686867407820456,0.1979843332880083,0.22273077879215758,0.24494162847192272
parallelogram,0.23326496757360957,0.20794064957663802,0.19821689127261538,0.21734465319134766,0.24946053638456223,0.23914804419709176,0.2322882309896855,0.22248619753051505,0.21349792295218423,0.22526764059087548,0.2444269394153065
losange,0.2519132042926606,0.22938860497449168,0.2173446531913477,0.20074232317951052,0.25568291672286336,0.25322910725989617,0.2489190204021297,0.22965604758444844,0.22537583154485227,0.23003758617840353,0.2330344435417491
isoTrapezoid,0.2061179410020691,0.24180892498954806,0.24946053638456228,0.25568291672286336,0.1878916465838357,0.20754356248225167,0.20643181121071,0.24318722846804625,0.24234653033901513,0.21363101277667063,0.22436397792360332
kite,0.20117246618886883,0.2199283043349251,0.23914804419709176,0.2532291072598961,0.20754356248225167,0.18833296372839073,0.19819756236631347,0.2329898765453486,0.23037940677827493,0.22169767893004433,0.23743984968191634
rightKite,0.19845816525948434,0.21903143565857472,0.23228823098968546,0.2489190204021297,0.20643181121071,0.19819756236631347,0.19009212722249075,0.22986242196579124,0.22649144399308,0.21047004482007406,0.23385604977242594
rustedHinge,0.2216625648935725,0.20686867407820456,0.22248619753051502,0.22965604758444844,0.24318722846804625,0.23298987654534867,0.2298624219657912,0.1926418414312795,0.19378939666041428,0.22769010575984838,0.236829964309042
hinge,0.21819029027454787,0.1979843332880083,0.21349792295218423,0.22537583154485227,0.24234653033901513,0.23037940677827493,0.22649144399308,0.1937893966604143,0.18891101107559144,0.22318652785258847,0.23618308578622796
trapezoid,0.2107260154606288,0.22273077879215758,0.22526764059087542,0.23003758617840356,0.21363101277667068,0.22169767893004433,0.21047004482007403,0.2276901057598484,0.22318652785258852,0.1934403420124788,0.2124019590744874
random,0.22959798785744948,0.24494162847192272,0.24442693941530647,0.23303444354174913,0.22436397792360332,0.23743984968191634,0.233856049772426,0.236829964309042,0.23618308578622796,0.2124019590744874,0.19461511250430222
