,square,rectangle,parallelogram,losange,isoTrapezoid,kite,rightKite,rustedHinge,hinge,trapezoid,random
square,0.058261820568051015,0.09020862834549533,0.1400448663500529,0.155648835734632,0.08226203824780207,0.07174863138263433,0.07529696210755629,0.11106650092508973,0.09976048964869715,0.09145778520094575,0.11215394026351615
rectangle,0.0902086283454953,0.08600639687047584,0.12479391118607998,0.1396688141014421,0.12407637150665203,0.10256289189269162,0.10389230340443797,0.11264099141332332,0.10358309490473845,0.10699808930346079,0.12965855713285898
parallelogram,0.1400448663500529,0.12479391118607998,0.13036998629595037,0.13775555265044132,0.16806944536684026,0.1466236410452133,0.14750717380416767,0.13730465328946626,0.13077311740733383,0.13725904159551383,0.15052326363545104
losange,0.15564883573463204,0.1396688141014421,0.13775555265044132,0.1279358110229845,0.17855774701884977,0.15902414153949873,0.1594032838507056,0.1432102839178973,0.13803788180443294,0.14012757406302054,0.14346453084012528
isoTrapezoid,0.08226203824780205,0.12407637150665203,0.16806944536684026,0.1785577470188498,0.0686790290520126,0.0754986841333627,0.07774490614101014,0.13489570009704704,0.1245522118561936,0.0977018719953711,0.10703219001831195
kite,0.07174863138263433,0.10256289189269162,0.14662364104521328,0.1590241415394987,0.07549868413336272,0.05875505314458389,0.06542069508964138,0.11332245672579756,0.10247813555732753,0.09094850265229944,0.10513199928895885
rightKite,0.07529696210755632,0.10389230340443797,0.14750717380416767,0.1594032838507056,0.07774490614101014,0.06542069508964138,0.06395507984134902,0.11427230886379389,0.10437599325012382,0.08746606111979434,0.10296690911535512
rustedHinge,0.11106650092508971,0.11264099141332329,0.13730465328946628,0.1432102839178973,0.13489570009704704,0.11332245672579754,0.11427230886379389,0.09542750548770815,0.09456406003855575,0.11932083336603443,0.128813112787188
hinge,0.09976048964869715,0.10358309490473845,0.13077311740733386,0.13803788180443294,0.1245522118561936,0.10247813555732753,0.10437599325012382,0.09456406003855575,0.08765429023884817,0.11008092752506894,0.119815088480528
trapezoid,0.09145778520094575,0.10699808930346079,0.13725904159551383,0.14012757406302054,0.0977018719953711,0.09094850265229944,0.08746606111979434,0.11932083336603443,0.11008092752506891,0.0837207250306378,0.09368039014701679
random,0.11215394026351615,0.12965855713285898,0.15052326363545107,0.14346453084012528,0.10703219001831195,0.10513199928895883,0.10296690911535512,0.12881311278718802,0.119815088480528,0.09368039014701679,0.07411503096734381
