,square,rectangle,parallelogram,losange,isoTrapezoid,kite,rightKite,rustedHinge,hinge,trapezoid,random
square,0.36983920414226645,0.4010504360393891,0.41868037872451963,0.4388089587500513,0.39147628738349916,0.3841488227345385,0.38025802130212505,0.40685123402789775,0.40446565317690963,0.3942510624906253,0.41585276165673446
rectangle,0.4010504360393891,0.36493053942276854,0.3903102457600357,0.4121558108580456,0.43262755678389647,0.40766931725801436,0.40582114013964754,0.3891021428842901,0.3803485481680565,0.4088215299106308,0.43307131850003816
parallelogram,0.41868037872451963,0.3903102457600357,0.3810104563317997,0.4009018605705462,0.4381787766176166,0.42412396106331207,0.4181503399895287,0.4046200715507359,0.39664215277935755,0.4140459937568183,0.43414820394766207
losange,0.4388089587500512,0.4121558108580456,0.40090186057054616,0.384827886066166,0.4439797112385252,0.4386970509568377,0.4359865292209078,0.41290318573551554,0.4092661498664527,0.42015908540425195,0.42281257578895576
isoTrapezoid,0.39147628738349916,0.4326275567838965,0.4381787766176166,0.4439797112385251,0.3729177435495623,0.3945221297047709,0.39312494825119254,0.4314940953090645,0.43232094684040695,0.40081079071092324,0.41235046636996686
kite,0.38414882273453843,0.4076693172580144,0.42412396106331207,0.4386970509568376,0.3945221297047709,0.37312408282147336,0.3829397785934115,0.41953749120109113,0.41753498086023383,0.4054998797850261,0.42233253262236864
rightKite,0.38025802130212505,0.40582114013964754,0.4181503399895287,0.4359865292209078,0.39312494825119254,0.3829397785934115,0.3740834682699304,0.41463105252816174,0.4121747059060137,0.3950391902226276,0.42050898451935204
rustedHinge,0.40685123402789763,0.3891021428842901,0.4046200715507359,0.41290318573551554,0.4314940953090645,0.41953749120109113,0.41463105252816174,0.37682585096977067,0.37804274974278,0.41239786057179223,0.42473708834927737
hinge,0.40446565317690963,0.3803485481680565,0.3966421527793577,0.4092661498664527,0.43232094684040695,0.41753498086023383,0.4121747059060138,0.37804274974278,0.37274664947156533,0.4093069541870937,0.4254376568561416
trapezoid,0.3942510624906253,0.4088215299106307,0.4140459937568183,0.42015908540425195,0.40081079071092324,0.40549987978502616,0.3950391902226277,0.4123978605717922,0.4093069541870937,0.37816947443108745,0.4020761069777157
random,0.41585276165673446,0.43307131850003816,0.43414820394766196,0.42281257578895576,0.412350466369967,0.42233253262236864,0.42050898451935204,0.4247370883492773,0.4254376568561416,0.4020761069777157,0.38156322587516217
