,square,rectangle,parallelogram,losange,isoTrapezoid,kite,rightKite,rustedHinge,hinge,trapezoid,random
square,0.0558229685307272,0.08882181032405993,0.1379053086135801,0.14939624260798662,0.07487933279233748,0.06426977713586281,0.0675705952332318,0.10486211648532529,0.09375762584921651,0.08439689359220462,0.1023769257168994
rectangle,0.08882181032405993,0.08533302338252506,0.12103293769354748,0.1310437086349799,0.12038939602302969,0.0975198319189776,0.09790009923884734,0.10512772051008917,0.0970099966399293,0.10042574300283573,0.12048874593714079
parallelogram,0.13790530861358014,0.12103293769354748,0.1289683065207373,0.13359672847063883,0.16765981451546497,0.1438218118462953,0.1440439185694104,0.13104598333118056,0.12493411761819209,0.13421007881208424,0.14523114694846814
losange,0.14939624260798662,0.1310437086349799,0.13359672847063883,0.12467554152865487,0.1772018976962653,0.1545490731676331,0.15424635774770157,0.13516578860146153,0.12968782234834209,0.1358107250438383,0.1377064171116128
isoTrapezoid,0.07487933279233748,0.12038939602302969,0.167659814515465,0.17720189769626532,0.06550086832215414,0.07106438073241049,0.07397052955329085,0.1333302683429824,0.12188351335810235,0.09512545243777064,0.10257270084079717
kite,0.06426977713586281,0.0975198319189776,0.1438218118462953,0.1545490731676331,0.07106438073241049,0.05589100633747539,0.06195963226555113,0.10946099519000475,0.09839786975467006,0.08608164706864446,0.09913527237566593
rightKite,0.0675705952332318,0.09790009923884734,0.1440439185694104,0.15424635774770157,0.07397052955329084,0.06195963226555113,0.061282660821483,0.11067128099819568,0.10039016113294796,0.08275160701796212,0.09717027195541846
rustedHinge,0.10486211648532526,0.10512772051008917,0.13104598333118056,0.13516578860146153,0.1333302683429824,0.10946099519000475,0.11067128099819568,0.09283869469414793,0.09126202442860591,0.11428598788156616,0.12358472146624622
hinge,0.09375762584921651,0.0970099966399293,0.12493411761819209,0.12968782234834209,0.12188351335810235,0.09839786975467006,0.10039016113294796,0.09126202442860591,0.08474198980759337,0.10447655146474633,0.11398122905781233
trapezoid,0.08439689359220462,0.10042574300283572,0.13421007881208422,0.13581072504383826,0.09512545243777064,0.08608164706864446,0.08275160701796214,0.11428598788156616,0.10447655146474633,0.08098973466538069,0.0887439104398176
random,0.1023769257168994,0.12048874593714079,0.14523114694846814,0.13770641711161277,0.10257270084079717,0.09913527237566594,0.09717027195541847,0.12358472146624622,0.11398122905781231,0.0887439104398176,0.0695743128358097
