,square,rectangle,parallelogram,losange,isoTrapezoid,kite,rightKite,rustedHinge,hinge,trapezoid,random
square,0.10295050187099926,0.12272560983476674,0.1532320663921152,0.17198681464571833,0.12117740320940582,0.12007243921554048,0.11625212460719797,0.13632441313627838,0.13179609685371513,0.1277221280863829,0.149205701362318
rectangle,0.12272560983476674,0.10081353827916195,0.12923703498642486,0.1533188683627579,0.15195842497858264,0.1355346147351602,0.13295422424163938,0.12771061081493595,0.11877782804917911,0.13716238544303838,0.1654822707554712
parallelogram,0.1532320663921152,0.12923703498642486,0.12115747488660251,0.13527898360251978,0.17120601478615058,0.16476020953710233,0.1562175682856288,0.14734029115889566,0.13764807317908367,0.14276873449589414,0.16480468816807908
losange,0.17198681464571833,0.15331886836275793,0.13527898360251975,0.12150744772208709,0.17816753955082193,0.18012422756992427,0.17107394120233207,0.15857382995178468,0.15248188442387098,0.14610733466117012,0.15438007288519248
isoTrapezoid,0.12117740320940582,0.15195842497858264,0.17120601478615058,0.17816753955082193,0.10493311727390991,0.12505763713526974,0.12201300635401566,0.15781738633075476,0.15593470786202118,0.12958419295441245,0.14041728991819705
kite,0.12007243921554045,0.1355346147351602,0.16476020953710233,0.18012422756992427,0.12505763713526974,0.10915041468599537,0.11778772317001063,0.1529798522970921,0.14970667072080995,0.14435967457406212,0.16241993583136594
rightKite,0.11625212460719797,0.13295422424163938,0.1562175682856288,0.17107394120233207,0.12201300635401566,0.11778772317001063,0.10865341565066065,0.14862109949059749,0.14475579330506075,0.12881350959755705,0.15157702146364638
rustedHinge,0.13632441313627838,0.12771061081493595,0.14734029115889566,0.15857382995178468,0.15781738633075476,0.1529798522970921,0.14862109949059749,0.1093977312292201,0.11203993529495816,0.14594569771096913,0.15800080381645695
hinge,0.13179609685371513,0.11877782804917911,0.13764807317908367,0.15248188442387098,0.15593470786202115,0.14970667072080993,0.14475579330506078,0.11203993529495816,0.10800897004645323,0.1403532993453352,0.15581354089643956
trapezoid,0.1277221280863829,0.13716238544303838,0.14276873449589414,0.14610733466117012,0.12958419295441245,0.14435967457406212,0.12881350959755705,0.14594569771096913,0.14035329934533522,0.1109080902131352,0.12660420541920772
random,0.149205701362318,0.16548227075547117,0.1648046881680791,0.15438007288519248,0.14041728991819707,0.16241993583136596,0.15157702146364638,0.15800080381645695,0.15581354089643953,0.12660420541920775,0.11394051390034177
