,1610555604.25mOvVXuL01OCiReyVWBfesjuvXmB3MoPy,1610555605.43B6oDsBtWRQ29Q9UMQuTUEPZy3FSSWXzc,1610555610.92HPGJJSmyPM40z7otPBgHalNrHFA7zk5d,1610555606.68LaSQbm9EHAFycEfFtEqAwYqlBsQPjIRW,1610555617.19EKxMEwDHfXiEJZc27TsGoERaD6Da4BZU,1610555722.52PJ3FD50MGhRXyUD28vluU8Z9UjLJLZn4,1610555617.52Ijr5puT55g9apK8auM7zaxa3NANg502t,1610555638.77ZLjTLkz4jYJdFMI2wWBztzsDILkoOtAk,1610556912.46C7tJPLF0XfNnm8f1820X9aLmXMHoc0Dw,1610555617.51LjzIROg0aeCP2GhDcAVQ0LipKJB9jmKc,1610555608.17OpjjHobqRkX0UPcaXrbu7K6L3805SZri,1610555721.82zWeNZfGUUfRJkgnAwlP8VMhPzXctnSd4,1610555735.75bom85BDF0C7W2eIseHeMxi24qR68nzMi,1610555735.77NnT5xqKnwcf2BbjIekeb2arTQj6QMNwk,1610555638.33wjf1PhdNaoWfbRzXVn50hmFyB5bYAiLV,1610555606.65jCE4ig8Pu8kvAzkxnSGfWsV0nQBjCf8H,1610555608.18ONsBCVo1i7BrX0XG9stct4oiA6ejX9Oz,1610555721.51RNoQUMP19FTMS79BmA3JkgSm2IC2AQuQ,1610555971.86O0cHB2ibBJ8jxoObg01EpGe8VVV5mpwn,1610556911.51zU3duZSGpcw1BDNsBLxdOCITAXwl6z3i,1610555988.71dMoYT8250UHHJGxgmITTmbHe7V6gH1yU,1610556042.81mlUZsSp7gbGjrp8jQSnybT1gPy6e62o1,1610555637.02UBW5nKvDyUrKnaWcYRGajZPxTRDS0q3N,1610555619.13oUYNikU4facCTpUSiSLr0vPI0tJLnXiT,1610555721.03nzkucfjAUh31zTbmCVvTVYqtjoxZFnBh,1610555722.67fhKURdXVzRbLIjXmjRwdJHTnE7PWb1AE,1610555638.39J2ZWBLuLTHP0jOlzB4tNHmYeijH5g5YJ,1610556032.17Q6yCDx9g7alRnL9jBFXD2JhhUyB2hKfJ,1610557007.49MyVgDnuUuBxrvL6SGOdhKf69VYlW1MSm,1610555638.44hjT5hbYdKoE3MB6hijrjqbjmLgvCUYKD,1610555608.13zUvmFSCRt6SsLbhqFznMEvGx54GPGQzM,1610556038.62a5C4ynd1AARyAhTv8a58NCqHvXRjscqH,1610555644.45Xse8u7pusHNsd7F3d0A32HXvXr6weOJE,1610556038.62gKXOCG7XCn55eJvyl5voNjbwOW0znQDq,1610555987.13v0oleKK97pkesp6oMgprH8SoSdoDVdIO,1610556964.96ZLLeiQW0qpmxhPGTg7K03fmzkqsC2bjC,1610555987.13VQlEedQ50VvkPMEMzZDv3KNnQCewykN9,1610555982.186TY6MMGkDecIN1woW6vsfAMXVV7jnyjO,1610555982.673LuMndkwkvdmZOn0MmE2Pkidx0FtNalb,1610555733.38zItcuH7gHNfKdALR2d9Nek6bxCyw36Vm,1610556034.15BQxSbZINGCay0yp6RBVlgcPrw76Yn9ON,1610555639.37BPZpgtGml8qUsh9AdV4m32jPLfI2aNFq,1610556965.57S0adAalhWYe6K3bkZU0bRHbqnDK8gGkR,1610555983.54zteLPCMjyrjzPdhHhlZr3faCgD0TfYr3,1610555987.79rHnNRmt9a0ufmnwCvZqBouyUoZDNpylW,1610556960.041xWER61rmArlsKfiMl4frikWmUCnQ7op,1610556035.13a7NHZDutfTMJ88qle1gTYY59Dr4WmMsj,1610556890.456ZBDaY16bMtrTZTqAgHl3wq1tRxzqDow,1610555760.24e6890pkbyZ97Or6croI1rQgjkSsR0yVt,1610556043.02YpWMIJg3W004iqlPyv8OcVAZdSC5rNYw,1610555987.03z05P26TLtONYM1HSzupoc2CeNMa6HTqr,1610556032.15OYCzUxpsz7b10AXBAuDXrvEcvxFhf0M7,1610556032.63Z80yI9pNwS3jSmsDABbuhf8wkNa2Ze9y,1610555736.28eGuESasTXdR3SqY6pHhEXWZtcdciYLCO,1610556034.61bebeZA0MkaFG2sm3VKiqrxeqQginTTW0,1610556944.5XwXOphKYT3ZkWA8gViqOS97VHVuMVUqb,1610556944.745UVLFBzf7fPh4UH37I6tYQOFPqRDytEh,1610556034.63XsUwaFaPZevO1JNFjfhvY4aKNFnV4noV,1610556964.89xwBHw9faT1HjQRMNQEyA4qJ3hWkwgj3k,1610556966.74DydzH91jtyvRyYau47JpVkZoMRSNTt01,1610555740.77UueVziDbaXyRR4OcVJIIZyzOfAzN51bj,1610556046.84e3vwjyRCzqz0wJQhrk8zsxlFfFSv98Df,1610556137.99eoPuVrDThKAOvmeprLPb2FWRqIhzUodc,1610555740.73XFwSrmTXJPlaxGZSefh0jOVA8PI3III1,1610556123.88AOfNaz9jSnqU5Czc7okOv1RCrYfKFBTo,1610556046.85nB7NvyoYQeLcOV391Lmmut1wAM8CFGLw,1610556123.89H4pdIAzDthI7bMXMhlIhKUYIQIvtmPPQ,1610555740.87GOYQUJKpkynIS2lFqppYK4b32ol7NeGh
1610555604.25mOvVXuL01OCiReyVWBfesjuvXmB3MoPy,0.0,185.0713584928742,53.701396231339665,176.302484023775,136.4309256684832,159.1761337830164,137.42736327382218,65.25470310824608,117.65062614388668,148.97561332499953,213.20987874351016,176.58616717625978,178.15178542657605,109.1492657523302,197.65775256248503,155.72094945300364,229.28636423983622,198.33018479867118,146.3045575612478,138.33846771562128,195.37704548064931,218.66752392349943,142.1074536643818,58.74259280480487,171.78745140916686,172.4528509520046,136.3426081800474,185.3775915938061,184.55958508506632,144.7861883616513,151.42635096851535,161.12299753180116,166.90484534463874,169.67354884403696,172.92692351515808,182.772189835978,168.0129532121239,164.18437951576462,184.35862381176472,178.00102851578143,172.35792456525445,215.7237618373654,182.4768526031949,165.88794287148428,200.9118681685985,206.6726736323646,169.30362017113376,150.16972389626375,150.8604684377164,189.08971815633296,148.4377989018356,150.77645974526587,185.742842346942,212.32678466095953,141.34449433812372,164.4082049954806,179.54292952551282,161.5785947480715,146.2828708955479,172.64754903355524,215.04283771077846,231.4483124711247,161.90293691019278,218.98957962951835,155.34625343222956,230.42196625562067,173.72979988219765,208.25459920975297
1610555605.43B6oDsBtWRQ29Q9UMQuTUEPZy3FSSWXzc,185.0713584928742,0.0,184.9155248589991,168.5318051886935,189.99183953825172,192.49777844399102,189.3862842449443,189.53408472730393,193.4614873982864,180.9954413241425,184.67431488162802,191.85525460424404,181.57957934353314,193.781085743715,208.02530415295772,192.7755680504526,198.98668851107607,101.08202995376199,192.07486968113213,180.11109939006909,211.67141646691005,203.7322699435682,180.2095967017511,187.20939314318576,193.96386344534983,207.99885980783515,192.22714605068523,194.47518307662585,186.54591926289996,174.93291618009508,192.8148971387494,188.19026686867954,182.43981045903072,177.19063361229232,198.7828103610697,211.77529099332227,199.86109734769053,172.53130039248927,170.76714213645175,216.05464749059024,184.62840525483378,207.2529033819211,211.3552438650866,182.9533592004734,144.50627777807222,106.25863485911113,206.23631181815128,202.75290335959326,175.3088407722936,219.98810850409444,185.92551502193314,201.76638008233843,210.86370964588448,202.92102293210834,184.19523027629444,194.30602041106812,193.71797540683372,186.36892406444326,188.4822150796384,190.8593081338988,201.66901596319883,212.7616806748841,179.40861195439544,212.2851111993226,181.88203719786446,212.64638593341158,210.15502369740898,202.39956790409346
1610555610.92HPGJJSmyPM40z7otPBgHalNrHFA7zk5d,53.701396231339665,184.9155248589991,0.0,175.1775506177213,135.04727999818138,158.6638755977918,135.23790115552484,73.43249932524743,118.82434599718832,149.54763785969482,212.06358799775617,179.48807569126265,178.6026062567331,105.24230668454003,196.51850811690417,154.64875954286344,227.37215442827514,201.6462282269279,147.87346994977023,137.37130109366146,196.44190132872507,219.987332169413,142.0341591742253,68.09318704772767,170.01130759055212,171.23135575325614,135.09942341989273,184.36582701946674,183.33080511096927,144.08677571953743,151.19208150643476,160.57101902791456,167.2603625348108,169.06667895125307,173.36850680142612,181.49091052885788,166.59042033805005,163.8900299463799,184.0703799704214,181.26456623003,169.94143903374612,215.0423547438398,181.6430917822127,171.55468043667383,199.82269095081384,205.58101333337538,169.00316130332303,149.94182440908614,151.11562510608803,187.22048192648083,153.08502995829573,150.52358195798948,185.3020382642809,211.7341347194985,140.58552152605296,162.69961300938797,178.4856258863843,160.94135974500253,149.8361553795568,172.36724944443105,214.24541426102317,229.71968474942963,161.3492203898177,217.83241769516414,155.03639729200717,230.52399601772223,171.78751385399377,208.30642440127107
1610555606.68LaSQbm9EHAFycEfFtEqAwYqlBsQPjIRW,176.302484023775,168.5318051886935,175.1775506177213,0.0,182.93079167884287,195.0268581433079,185.76570913771536,178.10974429337827,182.62441073326667,185.66421697476002,180.05652663085635,175.7448193609052,201.58719981623193,185.90500195790662,209.06071470749737,181.20534178749946,202.43632202617417,182.30199692298584,187.61992130346383,172.8066715781384,197.4064861256763,210.96369613531942,185.43093385886075,176.676662437749,204.08409793105494,204.68121474342695,173.98434333793136,185.2114168485061,193.3252737452913,183.2367216542497,177.25814628080235,195.9869349191791,192.3794245236307,187.0096147606461,180.06449755784675,188.67768618295483,188.54190982532944,184.16077775289256,172.55810375316335,204.07106987157576,170.59423908310026,192.50977786694367,194.37745606099517,166.93053880216613,191.20309973049598,191.8378485851878,204.29625810116718,192.23803194089012,180.0370562949934,205.72695244037934,172.87930406697114,191.57056030294186,205.19205105472224,202.2651085378663,171.71699618602844,201.79445784804625,204.21615225057573,174.58988956438367,182.83488082156722,204.03695326338234,209.75329066571,222.64482347530472,177.89199283121457,224.49798510053898,174.75114568128345,230.35265281583858,191.27050593595254,208.89264335251934
1610555617.19EKxMEwDHfXiEJZc27TsGoERaD6Da4BZU,136.4309256684832,189.99183953825172,135.04727999818138,182.93079167884287,0.0,177.87277715627275,115.0195289997033,140.02957178752658,132.14744073574983,160.59329936496863,208.90492942287412,190.91050857461184,188.79668679415474,143.86875657426654,199.92445446342418,163.58941816965515,223.6278036883756,205.62090996188877,165.91922043454994,152.80174561953342,204.69519991262,217.51853758345283,135.23434213625663,137.89643404586963,173.52174440234745,187.5530119732991,135.28890850625774,192.62911721431792,194.4509168773359,137.12655316353363,157.96683062086586,146.29938871739796,177.42129190578538,176.57136419845838,181.3691580930567,191.24632034970182,178.11370139701998,170.15532167139753,187.91597254931366,193.3628800482689,178.31162568616455,221.87791880233075,185.34930405285556,191.1286988657285,202.78492774088753,211.07365342026256,180.66944929317077,165.3877823926893,154.84613587191214,183.72926072058698,170.63588163979665,158.3922069583636,192.62628396200282,215.7304148392812,150.51688365621854,164.16058509395032,174.54752401010052,175.30566946201716,166.18861049521763,172.73243464147177,212.29309726659736,229.84189107066777,171.04391789795596,216.68230212686444,158.36345740574578,232.12391544254623,178.03550920998555,201.69267587386912
1610555722.52PJ3FD50MGhRXyUD28vluU8Z9UjLJLZn4,159.1761337830164,192.49777844399102,158.6638755977918,195.0268581433079,177.87277715627275,0.0,171.5588111378417,160.67432457114583,163.8688642839556,184.6312758990218,209.31091892488826,198.1635289110389,200.90450304082736,163.85729924317994,211.91541334169045,187.63108044252567,224.06471186594342,202.27903883561808,105.50282109762225,174.86781638483018,208.696805922912,208.79209739431184,167.1786343470604,159.56770024950845,182.44576158240665,104.07293706468218,167.2307443303364,204.15481281254392,206.88807715114731,154.7196645088777,183.810325845762,160.98128819268675,198.96111188202966,199.02296783670502,194.26129413644097,197.9989763016432,194.8628032672857,195.4515648718251,198.5574753211425,199.39791970953866,201.98114700899444,222.48688172207335,203.52044950430636,192.7757430043945,205.32250781127712,200.77996797280116,171.87779096617908,168.20821525692185,186.24320617960575,200.7410382907369,180.1292237568427,164.1492970457688,201.3596707462226,220.61028654249714,176.36259661668274,165.94772850707082,200.23629486175412,185.30245708100344,176.80541039672457,159.7131910867054,214.81454389369574,231.59952653531204,192.356577193496,207.802028337498,189.1220683100111,227.80739672852195,190.63950653589663,211.65835416353917
1610555617.52Ijr5puT55g9apK8auM7zaxa3NANg502t,137.42736327382218,189.3862842449443,135.23790115552484,185.76570913771536,115.0195289997033,171.5588111378417,0.0,138.3699398740355,144.00011618387387,170.27844779017423,207.17213655581742,197.49466805172347,192.4517545001659,137.782954178549,203.16258010793638,173.19560157142098,224.45865500378625,205.99644552954422,160.93829474583387,164.01144620251407,214.15579467141862,215.96469011657834,150.0266865048925,135.84848976735776,183.086691474245,181.36294321472548,151.01037460312395,195.39984438258767,194.54038664356946,126.31507372117117,166.3879929326278,145.6957430629518,185.83812127657833,183.7320455383652,188.32959012017994,191.52394122571667,187.48174565326687,178.444464902565,190.42495061891964,194.49308128536563,185.9912220936717,223.71407195633236,193.1455352400835,191.46717944548737,201.34666751262864,209.76281352670705,190.92026238816163,173.50363230507213,165.34256933527925,193.68884344544236,177.2185055635051,167.54367377791945,193.19553407550086,212.11391420004702,161.6744085478316,167.5627496124714,184.15818924695247,183.71569005826646,172.51342504118475,166.65361112155378,214.02399420999288,227.03616514074096,178.49138255762668,214.30262307056813,167.52175968288887,231.45503990056923,182.48175950324273,208.67031726768175
1610555638.77ZLjTLkz4jYJdFMI2wWBztzsDILkoOtAk,65.25470310824608,189.53408472730393,73.43249932524743,178.10974429337827,140.02957178752658,160.67432457114583,138.3699398740355,0.0,121.80262901046125,155.86556081138198,214.9010391235273,179.72932109932214,183.71220550805106,95.10951998133307,198.39538190033673,159.62297654953804,230.02835529149152,201.5287604539115,149.81713441176717,143.831501067878,197.8021474286075,220.15939394708218,148.3371236472301,69.34077002998382,174.8704849651604,172.57421828878222,141.00350108187507,187.27966486706646,186.80865310442104,149.58615557382086,155.7449355154127,165.59295088585696,172.80083246504444,173.1259970178542,176.2275111227914,183.39860707845747,171.78315278791072,168.36512686405842,187.43225709705322,180.43743706634257,174.6963675051955,215.24982110153965,183.623555186345,168.38303577722112,203.09072049757492,208.7685526317026,172.70224132138208,153.66709714512783,157.1754324022211,191.20593008480472,153.2726447386102,153.88628140537975,187.69382356710562,214.37014020774842,146.8218127724246,168.20419188568948,181.4512958639588,166.43418920882337,149.85309040119319,175.1566318247493,215.59778053172434,232.417179783248,166.19703944538867,218.93014390220785,159.83611969981794,229.69008092000252,176.39086503182352,208.51263870431535
1610556912.46C7tJPLF0XfNnm8f1820X9aLmXMHoc0Dw,117.65062614388668,193.4614873982864,118.82434599718832,182.62441073326667,132.14744073574983,163.8688642839556,144.00011618387387,121.80262901046125,0.0,161.29420756474278,217.0386051337026,182.3593825882186,187.74190965215774,133.97867494104423,194.8384345856502,165.79449135865153,232.80796275950777,202.99917355454954,138.65622826993604,148.33599240487644,194.5064328828186,220.23798204084463,152.39592013355147,116.64945424850566,178.16667683404356,174.99887650665977,144.32822349500205,188.49666723182887,193.00631787388104,153.41207521023452,161.85193675612558,163.64091498421647,177.66756612945812,178.01934636178936,178.97957400489196,184.96284855460638,173.42525437388846,174.0362860475384,192.4526253880705,189.02915081295575,181.01736541212958,212.25987282449972,183.08883839538524,182.11386315808363,204.55444798437532,211.39703134861816,171.6392169670773,152.0967548959516,163.09423740103992,191.55165692531818,158.4919426638587,157.64348738571925,193.5609232200918,217.9382427435985,154.419442400227,172.68256836952247,183.0958036415248,170.30690428836937,155.44308239687427,174.88434771668548,213.18332561158684,235.4945432012905,171.61267948412532,216.51282902808285,165.70339132845598,229.9274926881066,180.9906010702639,205.88447353962619
1610555617.51LjzIROg0aeCP2GhDcAVQ0LipKJB9jmKc,148.97561332499953,180.9954413241425,149.54763785969482,185.66421697476002,160.59329936496863,184.6312758990218,170.27844779017423,155.86556081138198,161.29420756474278,0.0,220.15898354452463,195.28699621328755,112.0373103716178,164.31676085890243,207.06372528424362,170.38460057157548,236.89688696569849,202.85774429834967,183.80633109628567,159.6930774597974,211.48736507811392,230.91040914051578,155.75813458006073,152.27321348768254,182.99560013705707,198.55476407445798,158.70687813812523,200.52583368730112,182.93352952813677,166.32756742670887,158.72174015132208,180.3719175837473,82.29517653779958,176.21914367032358,186.54086386040572,199.92327728428629,177.88861980715882,169.72902176922238,181.67772276174736,193.96474048458944,184.07055266114395,228.76568372397608,191.6446892812917,192.2280033839349,204.6752418455746,206.84081056298143,185.45503910634324,172.80600133342915,101.36698084201846,202.88940795326334,173.54328855903594,174.23262413377842,184.30157057303563,218.78771410754817,159.8246569859416,178.17897898422322,192.8454015490388,174.21364354991448,174.65687795286894,189.93903267490862,223.65745983447235,236.34460465848645,159.26418422802502,232.10830598185663,145.29826034037157,240.8455925023546,191.17597164940076,216.6451272673822
1610555608.17OpjjHobqRkX0UPcaXrbu7K6L3805SZri,213.20987874351016,184.67431488162802,212.06358799775617,180.05652663085635,208.90492942287412,209.31091892488826,207.17213655581742,214.9010391235273,217.0386051337026,220.15898354452463,0.0,206.74798211159305,230.19528225898753,217.85958402994865,221.12410964530815,201.7763558480475,166.62623297645595,196.075373580094,212.00728428193636,208.34520865444802,215.26051242412723,214.13903396881383,207.45478361441158,213.81857763405336,206.85921194630902,217.99297721441354,208.57579209069885,211.31144464310137,211.75575343787486,205.4856318255238,210.21141640716692,210.20192919246833,226.83681518664176,213.46274380324263,206.47462845519314,206.97614925701149,216.68935585612246,211.79213506004294,206.4981697467941,229.00577016879143,205.9069070857356,191.26798555377687,216.94531065127686,209.5571708409924,201.36066942084508,178.781304530806,224.47896091074423,215.80547068247125,212.746983418191,219.25328813486917,211.30918082133408,217.70640217499547,215.8855758588084,211.00226793418645,207.15340676632488,207.36529229833482,208.93723194015843,209.1300452125634,215.70122399733052,209.5389595220229,221.85461526864626,216.12908099283322,206.22224131611918,217.7162815367632,205.28373757287767,220.3934451974325,212.6541853384367,223.85430178029415
1610555721.82zWeNZfGUUfRJkgnAwlP8VMhPzXctnSd4,176.58616717625978,191.85525460424404,179.48807569126265,175.7448193609052,190.91050857461184,198.1635289110389,197.49466805172347,179.72932109932214,182.3593825882186,195.28699621328755,206.74798211159305,0.0,211.4876635478459,181.85112968498194,216.32308770521323,173.7661023878711,221.12653705712842,168.86712977690587,195.32155318671295,163.62938226963308,137.55849814753034,169.16319047089902,192.0804533477701,177.2976011338684,202.4547973367894,206.52145949171305,187.18298394227472,174.9926021233826,187.82364435393268,196.34228248991286,192.76964356457168,206.63952164307454,200.44371871988324,185.56195997456592,170.76270284525825,179.6152609577256,194.19811788400062,183.98501100204933,193.61745118831175,205.70582371381022,195.7451810458615,190.89416438143274,208.12923289682402,170.27853594414074,204.4289023491477,203.92603921785596,199.18543706076514,177.8719792642876,184.90200829535803,204.13597831466848,113.75992809917108,184.84005055596006,211.49995240722694,210.56391084449072,178.8289975648391,201.3554022906025,204.38653082253458,164.18652694962844,153.8540379352105,207.70951139864383,213.72046302870186,232.91486310491632,170.96149951717032,228.37469155639153,172.48385480015412,226.33723842193285,193.04042864921996,211.13018262305172
1610555735.75bom85BDF0C7W2eIseHeMxi24qR68nzMi,178.15178542657605,181.57957934353314,178.6026062567331,201.58719981623193,188.79668679415474,200.90450304082736,192.4517545001659,183.71220550805106,187.74190965215774,112.0373103716178,230.19528225898753,211.4876635478459,0.0,189.8945180008374,214.3038553462507,189.97453082638708,246.02418643970734,204.63908150396577,200.19882902994246,175.669407591392,227.1579909195685,238.11696975467217,184.8436022681236,180.89801023382114,206.96225796845556,214.48755853967097,186.9843821751531,215.6692535842585,191.96197832812894,186.98313532960623,176.49815056311473,199.2261674346036,79.28244017622619,180.34974298223926,203.53202109329615,217.338654632619,196.61991662165957,175.59656099186304,201.8608952364086,206.20304639117361,199.85780084871297,240.3444941885657,208.4900448881059,205.32662689885447,208.94202964305316,207.8078617282236,205.4201430671521,198.65662344630354,150.43290002802016,222.04371408046296,194.65276113213707,198.67774784008694,194.53948744094598,222.24921905236684,180.98410873541226,202.39294188595002,213.92514550471657,195.40899497983145,195.00074000203116,207.86088171737103,228.41375532215832,240.02326489396077,172.16238930971713,242.2946689864379,176.3612721855925,242.87309091323297,210.2597082104292,222.99537012555402
1610555735.77NnT5xqKnwcf2BbjIekeb2arTQj6QMNwk,109.1492657523302,193.781085743715,105.24230668454003,185.90500195790662,143.86875657426654,163.85729924317994,137.782954178549,95.10951998133307,133.97867494104423,164.31676085890243,217.85958402994865,181.85112968498194,189.8945180008374,0.0,197.07799898783716,167.75503880693526,231.94535833251032,205.3127453803917,155.35631022759378,152.61212844288204,202.3456664318326,219.03688752313457,154.31791901145974,108.46529896938155,178.21145045167788,173.71141354950925,150.49945510865274,191.84468641004153,193.23768641175226,151.65005811109688,164.3807319247109,167.16572509187063,180.68202377127238,181.4592624119466,183.4154543489036,188.67772220291423,178.2470917061906,175.79648037072576,192.85721856449183,187.61560415600013,182.54800049262622,218.15614485062625,189.66647502717822,181.53229744471975,204.47944106974782,209.9919291670362,180.83698582416747,160.06931878340475,164.10354812324007,196.10669395945067,160.8281792266376,159.21503001547305,193.62346643283345,218.39715557502313,155.97213486980957,172.55982397178738,181.91302727081126,175.25723389371277,157.88805701224925,176.18219018570818,217.0700351258704,234.0596203876693,175.9096529122104,218.7049447723871,166.62359579416366,230.12894453775874,183.04604895783731,209.89691403719468
1610555638.33wjf1PhdNaoWfbRzXVn50hmFyB5bYAiLV,197.65775256248503,208.02530415295772,196.51850811690417,209.06071470749737,199.92445446342418,211.91541334169045,203.16258010793638,198.39538190033673,194.8384345856502,207.06372528424362,221.12410964530815,216.32308770521323,214.3038553462507,197.07799898783716,0.0,195.79434898800938,231.4505863064857,217.38713573946316,208.67258228659145,197.7269719061711,219.9060473901266,233.08162998094545,203.60008298362575,196.87762411564455,213.54391399956097,213.0007686203511,200.44274880504864,223.94559700028074,204.31711084491513,202.54930971175955,193.20676173054937,205.37383773947877,212.3109284391495,218.38316898751796,191.66422239508998,203.36540818098226,195.07941618547122,212.5272657695861,216.50780977657638,219.38475395728372,180.63551820004906,229.5155681093745,185.068477656518,212.84081015975244,195.54314882456072,216.85625253882787,210.3066543265995,198.68309261972658,213.01737664717365,216.92632429774017,204.672764468578,198.5788087739628,231.67551550372704,214.53744736139564,195.47908591760412,211.95978776820672,197.72405921964702,207.42504878322404,208.93070308120988,211.64030837028977,237.64827641947622,231.9495745807666,209.9850641976483,238.79540709137058,208.79844402306398,228.91343559763763,213.30160091238994,232.969899859565
1610555606.65jCE4ig8Pu8kvAzkxnSGfWsV0nQBjCf8H,155.72094945300364,192.7755680504526,154.64875954286344,181.20534178749946,163.58941816965515,187.63108044252567,173.19560157142098,159.62297654953804,165.79449135865153,170.38460057157548,201.7763558480475,173.7661023878711,189.97453082638708,167.75503880693526,195.79434898800938,0.0,219.85773625717715,206.84216898849655,187.25276132546304,139.68634904423143,187.83519100281654,221.17454495020723,166.91335068124457,157.96360806896976,189.12393339248925,201.01735491897978,158.8956931955084,181.51848771348463,169.74835139399062,177.3994184883842,152.90660544255178,188.43389601566977,176.76746787715769,143.59894193389317,139.1766259297212,164.7701228798228,165.797313507222,141.51701300165155,193.48583618051387,201.96410841799818,164.76309356436792,210.590782501334,192.43056895858115,186.9763984879305,202.31805287874278,211.35787242139503,182.17086993581125,167.35452230111173,165.69064579631575,186.66023632674379,160.8170202857201,178.26901815307025,184.71234014957236,207.32904298552208,142.99440658789507,186.09475192270543,193.2369725389488,153.905665085789,166.0757584253162,196.78130713327286,205.90022192976866,221.5539274977011,147.92629851603613,220.74180882908402,159.44300717869748,219.79582048975777,176.27077271978484,196.069999343474
1610555608.18ONsBCVo1i7BrX0XG9stct4oiA6ejX9Oz,229.28636423983622,198.98668851107607,227.37215442827514,202.43632202617417,223.6278036883756,224.06471186594342,224.45865500378625,230.02835529149152,232.80796275950777,236.89688696569849,166.62623297645595,221.12653705712842,246.02418643970734,231.94535833251032,231.4505863064857,219.85773625717715,0.0,205.81639934992398,227.03766895712351,226.36587668320462,225.4156993911925,221.5180188085683,220.3426825119946,229.57028454481747,213.6964438886496,225.5184356511738,225.0025154053667,226.37489408031868,220.31612197738067,220.5648565527364,225.03127938440016,221.28669985641255,243.45907724376582,229.03588410776985,220.58500105831388,212.01238050780344,230.70876208923968,223.0813699976819,205.06365244211662,241.72684634788413,223.82094069078272,207.44530882183412,230.9658393906946,218.5712036746725,208.48064793629945,193.65582120506082,236.41757715975703,230.08702070375085,227.78516918841788,227.1451729170298,226.36619404481007,230.40688022853865,230.53295719263775,211.23519201857985,225.59353713272571,215.79687165857632,211.91152298637175,224.868192021561,231.75508106972035,219.69172281762303,224.91682411141164,214.26257036620763,220.13471168071902,212.09110050138182,221.40818532113062,217.89241862522294,223.97542602311157,230.20685066279668
1610555721.51RNoQUMP19FTMS79BmA3JkgSm2IC2AQuQ,198.33018479867118,101.08202995376199,201.6462282269279,182.30199692298584,205.62090996188877,202.27903883561808,205.99644552954422,201.5287604539115,202.99917355454954,202.85774429834967,196.075373580094,168.86712977690587,204.63908150396577,205.3127453803917,217.38713573946316,206.84216898849655,205.81639934992398,0.0,199.69712959667754,196.1151162659898,197.6360259521071,192.15934394531303,198.82483423302142,198.31064367605774,206.99614116161695,216.54825689746806,206.26292499259975,202.2727305441545,203.32597610592228,193.56765422723288,208.7631842311816,204.867011511596,205.1728165473222,199.73099072548098,211.2600181897278,215.31266971388266,216.26352352805029,196.49961863743016,186.98767632225088,224.1130880182995,200.913982022559,210.49030959264707,219.55852487061298,192.04645014696436,165.9904356472808,133.46712106166655,214.88585347594437,207.78589508204084,197.96968459743266,226.75917193859786,178.88496565610674,210.36061463888012,224.88561091148753,213.35022779915354,204.7126027434005,208.56909839680094,205.20101214786766,202.5317867874018,190.08583002924064,202.52232988935214,207.43699592613385,219.68870775648773,196.96115078825778,216.67985977764923,198.50376319470365,216.934340333047,217.7961864716281,207.8868001834026
1610555971.86O0cHB2ibBJ8jxoObg01EpGe8VVV5mpwn,146.3045575612478,192.07486968113213,147.87346994977023,187.61992130346383,165.91922043454994,105.50282109762225,160.93829474583387,149.81713441176717,138.65622826993604,183.80633109628567,212.00728428193636,195.32155318671295,200.19882902994246,155.35631022759378,208.67258228659145,187.25276132546304,227.03766895712351,199.69712959667754,0.0,174.12127759749023,206.38022631627405,206.5968350053946,171.44043985939612,147.94753029074747,188.11684235562967,140.56010645348778,165.5626345834845,201.76515596383186,206.7115531567222,150.82210316897664,183.91422304527012,159.46499771718496,198.2082315312753,198.21444402944394,193.74371172887138,199.87803800397822,195.068336840456,194.8161390947445,198.57555559675788,195.89887747642354,198.64357126103044,223.44165008606493,200.35787909658373,188.47020902884316,205.78201899092136,206.26143993792158,185.11133984836266,167.62442539682178,185.39129429778362,202.77181418482792,177.10409423579873,163.39196916829994,203.4325367327938,220.98852032291688,176.92015624503168,181.74821646272244,197.6826900316551,186.62491373461535,172.87416797387883,161.82391345464367,214.70693463321956,234.79385770870243,192.84579905321962,208.8566063958083,187.88296453707616,229.39938784202445,188.27026433413891,210.37632874297296
1610556911.51zU3duZSGpcw1BDNsBLxdOCITAXwl6z3i,138.33846771562128,180.11109939006909,137.37130109366146,172.8066715781384,152.80174561953342,174.86781638483018,164.01144620251407,143.831501067878,148.33599240487644,159.6930774597974,208.34520865444802,163.62938226963308,175.669407591392,152.61212844288204,197.7269719061711,139.68634904423143,226.36587668320462,196.1151162659898,174.12127759749023,0.0,180.00636381346555,214.3521080518049,154.24377696925217,141.44814960821012,180.87157221316883,189.16227352868827,147.2422461623755,174.05026091305817,175.1395998863766,165.17001522781788,155.41088490484012,175.3561176200526,160.96830385203853,153.30043286743035,158.8608547667624,168.50789611855404,153.76746860108636,151.02993779640363,187.51654071415686,194.43733405094355,162.90759751857405,206.8038881212252,187.20174983863288,170.59666150251752,186.85159745744193,202.09591975253966,173.92142522927378,153.44731919564347,157.3225171190173,191.25292125465924,149.52752393254892,165.0850950894415,190.30205882071752,208.58945304919317,137.25644635604766,175.36302190739383,183.50063542577965,144.7864046925897,149.29039197476988,187.04348808867658,211.85145791085648,225.10370855037857,147.2554527821562,223.0586569778168,148.30959646372662,225.24713519676655,176.20364903005424,204.61471583930944
1610555988.71dMoYT8250UHHJGxgmITTmbHe7V6gH1yU,195.37704548064931,211.67141646691005,196.44190132872507,197.4064861256763,204.69519991262,208.696805922912,214.15579467141862,197.8021474286075,194.5064328828186,211.48736507811392,215.26051242412723,137.55849814753034,227.1579909195685,202.3456664318326,219.9060473901266,187.83519100281654,225.4156993911925,197.6360259521071,206.38022631627405,180.00636381346555,0.0,192.3030103210981,206.72162750375375,196.00498879690187,213.64731021883722,213.81839001471144,199.84249149455437,186.82664396116323,206.79816608626317,213.71096456196648,202.92855706089128,218.23500306891802,216.7330247085134,205.1411660199014,171.39531247822177,190.29656307523774,203.87420984997777,201.41241318549797,210.3684374988761,220.19992159170295,204.56601997470352,198.054354407762,214.88354292244478,191.29608598040562,212.52404318123976,214.58386316891836,207.4541007828587,193.02946729760765,203.59359959048808,213.4270404447478,162.6936178002151,198.08257151716296,220.1030147965771,220.58602199585695,195.8159097362567,211.41818724685376,211.9870122417403,171.43559469735453,181.98032644747119,216.98620899083488,223.84061495401957,239.32216421378266,190.56591393305544,233.80974533134548,191.79600560641487,234.7304621762795,203.1936116484828,219.75760204332562
1610556042.81mlUZsSp7gbGjrp8jQSnybT1gPy6e62o1,218.66752392349943,203.7322699435682,219.987332169413,210.96369613531942,217.51853758345283,208.79209739431184,215.96469011657834,220.15939394708218,220.23798204084463,230.91040914051578,214.13903396881383,169.16319047089902,238.11696975467217,219.03688752313457,233.08162998094545,221.17454495020723,221.5180188085683,192.15934394531303,206.5968350053946,214.3521080518049,192.3030103210981,0.0,203.284386220225,219.60667478911682,215.21040953156216,212.11851805286017,220.16013757335247,208.0410825364186,224.97553361018993,196.5982388353985,230.22442664250596,197.06897173529384,235.3880488395108,225.63160393959453,215.8393454000021,218.2783253806868,232.65009927349945,222.12416752515995,217.37402888221774,231.1442484811774,233.69106462012368,216.90115026379064,233.51842134431388,213.7889068959005,208.8938499510859,207.457888961336,229.07171186605254,215.6233847096881,215.66508985143233,226.30756931010117,191.79682217362287,218.22640311680595,240.18606491116262,232.3218485394226,226.84552132413864,213.28238333492516,220.7790812458655,207.40822688150715,205.1341410263946,187.5093376871133,213.4230806834211,246.01837527542293,213.1803728656611,224.4827936464852,214.77152556178112,224.86958945640646,220.85462215989241,215.91255695713107
1610555637.02UBW5nKvDyUrKnaWcYRGajZPxTRDS0q3N,142.1074536643818,180.2095967017511,142.0341591742253,185.43093385886075,135.23434213625663,167.1786343470604,150.0266865048925,148.3371236472301,152.39592013355147,155.75813458006073,207.45478361441158,192.0804533477701,184.8436022681236,154.31791901145974,203.60008298362575,166.91335068124457,220.3426825119946,198.82483423302142,171.44043985939612,154.24377696925217,206.72162750375375,203.284386220225,0.0,144.93713055433776,153.48290017052517,180.77752998343104,124.82542158990246,198.58472573288583,191.21451234726158,126.11333725760639,156.6228710983562,133.07239117620367,173.14962810550304,177.48808147937115,181.84926718682945,189.90470472521326,174.63635541424702,164.27915797335723,176.0780012771812,197.31017934442653,182.13285181124414,220.61398022343096,190.8219148215165,192.5606153423934,196.33397639108884,198.32685476935788,169.1923639554859,162.94047948198929,141.24682812934103,175.28617064342586,172.74035490487077,155.8840437767131,190.87223252695918,211.2740893357093,152.47221544374037,127.06890103995148,176.60344408103379,171.36392358426482,169.5156369407881,150.14409976411298,207.4888471151415,227.08550245378683,162.87807759091197,210.0596037990017,154.32986149556868,222.84746314488456,176.9046027862025,206.61683579809448
1610555619.13oUYNikU4facCTpUSiSLr0vPI0tJLnXiT,58.74259280480487,187.20939314318576,68.09318704772767,176.676662437749,137.89643404586963,159.56770024950845,135.84848976735776,69.34077002998382,116.64945424850566,152.27321348768254,213.81857763405336,177.2976011338684,180.89801023382114,108.46529896938155,196.87762411564455,157.96360806896976,229.57028454481747,198.31064367605774,147.94753029074747,141.44814960821012,196.00498879690187,219.60667478911682,144.93713055433776,0.0,173.17077168241423,172.83297942189785,137.87201213349735,185.5195235699796,185.61982049096113,146.83223696896707,152.7539990203792,163.10936598548153,169.6777666150238,170.64761278953415,173.95625828225792,181.42109181490355,168.71034786681548,165.89830246707274,185.57034715005477,180.61740044791247,174.19612066647258,214.7744264650784,180.66906620848164,170.7841056373742,201.84414311221823,207.69961728938614,169.51459264294502,150.42380003066657,153.85182578628053,190.3655007263021,147.8556842530653,152.79122220245685,186.21683186089965,212.5109338478588,144.20831634059022,165.14981949625135,180.35855573282245,163.43644940083357,146.60603030774234,173.52571242861146,215.05757406465062,231.56151812104255,163.29040739140493,218.09473496138244,157.24759473038037,229.7609277167739,174.94022672846506,208.3726542366226
1610555721.03nzkucfjAUh31zTbmCVvTVYqtjoxZFnBh,171.78745140916686,193.96386344534983,170.01130759055212,204.08409793105494,173.52174440234745,182.44576158240665,183.086691474245,174.8704849651604,178.16667683404356,182.99560013705707,206.85921194630902,202.4547973367894,206.96225796845556,178.21145045167788,213.54391399956097,189.12393339248925,213.6964438886496,206.99614116161695,188.11684235562967,180.87157221316883,213.64731021883722,215.21040953156216,153.48290017052517,173.17077168241423,0.0,193.11112886409438,175.93871297216847,207.22698554972274,209.10281839511154,171.30242718195953,182.6664294736005,177.86491120531136,197.63974493617775,197.04006848340148,195.61258531056498,206.12856627552307,193.97112837173682,185.98311507771362,177.4815101776812,199.96422472368613,204.163252176897,219.7725058363545,199.48127682376057,205.7763390325799,203.06026495832083,188.57749641974056,190.84801440269285,172.4440963005086,169.64296525629928,200.01961323270837,187.67000822243693,175.0047728096105,201.04634202568255,222.00990759296786,179.21556094249223,148.0693604362184,168.55161394578425,188.56032263035087,185.36323895468107,161.16144978965886,209.51265674637594,224.2135677481554,183.81923400057366,202.35977405930157,181.10260445802996,221.3279446083602,188.34969389794955,213.8233058495437
1610555722.67fhKURdXVzRbLIjXmjRwdJHTnE7PWb1AE,172.4528509520046,207.99885980783515,171.23135575325614,204.68121474342695,187.5530119732991,104.07293706468218,181.36294321472548,172.57421828878222,174.99887650665977,198.55476407445798,217.99297721441354,206.52145949171305,214.48755853967097,173.71141354950925,213.0007686203511,201.01735491897978,225.5184356511738,216.54825689746806,140.56010645348778,189.16227352868827,213.81839001471144,212.11851805286017,180.77752998343104,172.83297942189785,193.11112886409438,0.0,181.03656338631995,211.14226809295081,212.93476477928948,168.78216168146807,197.75511448476712,171.16022240141456,211.77284329322583,211.6914373637145,205.86599912220095,202.0969305673382,207.2123110089746,208.4305921750096,205.33055513149878,205.23558358338855,213.62893562304637,223.33479208866495,207.70372778349366,199.15751703701167,215.16479016439592,211.97547302388352,182.90971329790574,178.69062905357018,199.9702707215627,208.3700360283458,189.73472113292775,175.2208741943332,208.147054063753,226.0494509158654,190.76497142206077,174.650543995362,204.68039394123034,198.61593806490492,187.1941469862037,165.94279375773192,219.14868292073842,236.55633798755704,205.41535440684234,213.66521135330916,202.54679218688713,230.218427787566,199.199950929234,215.40954997039555
1610555638.39J2ZWBLuLTHP0jOlzB4tNHmYeijH5g5YJ,136.3426081800474,192.22714605068523,135.09942341989273,173.98434333793136,135.28890850625774,167.2307443303364,151.01037460312395,141.00350108187507,144.32822349500205,158.70687813812523,208.57579209069885,187.18298394227472,186.9843821751531,150.49945510865274,200.44274880504864,158.8956931955084,225.0025154053667,206.26292499259975,165.5626345834845,147.2422461623755,199.84249149455437,220.16013757335247,124.82542158990246,137.87201213349735,175.93871297216847,181.03656338631995,0.0,192.81838944188596,191.94806174658066,150.31694439503462,143.66224630499,153.96095139222234,175.84002378281315,175.54290843085053,176.4334785370165,184.62358406623827,169.4065930437403,170.23176407350675,190.37303430141532,187.49592361147253,167.02669485527534,216.91837104394182,179.83920752345404,188.28846730327342,203.021353451467,211.90848857989957,162.11636049614498,156.38331358027395,157.34471922746545,148.73535039344807,164.31966523181856,146.4313922857309,189.8254976966571,216.73237767949456,149.07537319234746,160.92736742166798,184.51045991295186,165.23473079749928,161.42344508629105,174.6275671881166,212.7180127060004,226.03169092894308,168.00380876419513,218.55600413154178,160.3356768881507,232.54687061622093,151.47065735069327,208.77389198621557
1610556032.17Q6yCDx9g7alRnL9jBFXD2JhhUyB2hKfJ,185.3775915938061,194.47518307662585,184.36582701946674,185.2114168485061,192.62911721431792,204.15481281254392,195.39984438258767,187.27966486706646,188.49666723182887,200.52583368730112,211.31144464310137,174.9926021233826,215.6692535842585,191.84468641004153,223.94559700028074,181.51848771348463,226.37489408031868,202.2727305441545,201.76515596383186,174.05026091305817,186.82664396116323,208.0410825364186,198.58472573288583,185.5195235699796,207.22698554972274,211.14226809295081,192.81838944188596,0.0,196.35778883366598,201.81014035028252,199.44776316129108,209.12810961044963,205.18289656984737,171.53980258528074,192.18105302025754,190.26837837648284,201.69016943218068,178.73805287646192,200.36473742190188,206.3608460133591,206.49662817973777,192.88799299102442,204.67671353521467,175.5152430614847,210.4937495449161,206.1715726402653,203.59938540703197,194.47935361226692,195.10130067890535,208.9622329108801,171.53844576687817,195.17745959479882,207.45001117947214,219.14487215126468,189.31436588037417,207.74482283407073,204.48795187396803,167.06307421674754,167.7679995902805,211.79484961057764,207.73288644989984,238.49590413660883,180.45232133827676,220.2771678838134,182.88537395062187,226.5451784389841,201.5796790602282,204.40413442720913
