,1610555604.25mOvVXuL01OCiReyVWBfesjuvXmB3MoPy,1610555605.43B6oDsBtWRQ29Q9UMQuTUEPZy3FSSWXzc,1610555610.92HPGJJSmyPM40z7otPBgHalNrHFA7zk5d,1610555606.68LaSQbm9EHAFycEfFtEqAwYqlBsQPjIRW,1610555617.19EKxMEwDHfXiEJZc27TsGoERaD6Da4BZU,1610555722.52PJ3FD50MGhRXyUD28vluU8Z9UjLJLZn4,1610555617.52Ijr5puT55g9apK8auM7zaxa3NANg502t,1610555638.77ZLjTLkz4jYJdFMI2wWBztzsDILkoOtAk,1610556912.46C7tJPLF0XfNnm8f1820X9aLmXMHoc0Dw,1610555617.51LjzIROg0aeCP2GhDcAVQ0LipKJB9jmKc,1610555608.17OpjjHobqRkX0UPcaXrbu7K6L3805SZri,1610555721.82zWeNZfGUUfRJkgnAwlP8VMhPzXctnSd4,1610555735.75bom85BDF0C7W2eIseHeMxi24qR68nzMi,1610555735.77NnT5xqKnwcf2BbjIekeb2arTQj6QMNwk,1610555638.33wjf1PhdNaoWfbRzXVn50hmFyB5bYAiLV,1610555606.65jCE4ig8Pu8kvAzkxnSGfWsV0nQBjCf8H,1610555608.18ONsBCVo1i7BrX0XG9stct4oiA6ejX9Oz,1610555721.51RNoQUMP19FTMS79BmA3JkgSm2IC2AQuQ,1610555971.86O0cHB2ibBJ8jxoObg01EpGe8VVV5mpwn,1610556911.51zU3duZSGpcw1BDNsBLxdOCITAXwl6z3i,1610555988.71dMoYT8250UHHJGxgmITTmbHe7V6gH1yU,1610556042.81mlUZsSp7gbGjrp8jQSnybT1gPy6e62o1,1610555637.02UBW5nKvDyUrKnaWcYRGajZPxTRDS0q3N,1610555619.13oUYNikU4facCTpUSiSLr0vPI0tJLnXiT,1610555721.03nzkucfjAUh31zTbmCVvTVYqtjoxZFnBh,1610555722.67fhKURdXVzRbLIjXmjRwdJHTnE7PWb1AE,1610555638.39J2ZWBLuLTHP0jOlzB4tNHmYeijH5g5YJ,1610556032.17Q6yCDx9g7alRnL9jBFXD2JhhUyB2hKfJ,1610557007.49MyVgDnuUuBxrvL6SGOdhKf69VYlW1MSm,1610555638.44hjT5hbYdKoE3MB6hijrjqbjmLgvCUYKD,1610555608.13zUvmFSCRt6SsLbhqFznMEvGx54GPGQzM,1610556038.62a5C4ynd1AARyAhTv8a58NCqHvXRjscqH,1610555644.45Xse8u7pusHNsd7F3d0A32HXvXr6weOJE,1610556038.62gKXOCG7XCn55eJvyl5voNjbwOW0znQDq,1610555987.13v0oleKK97pkesp6oMgprH8SoSdoDVdIO,1610556964.96ZLLeiQW0qpmxhPGTg7K03fmzkqsC2bjC,1610555987.13VQlEedQ50VvkPMEMzZDv3KNnQCewykN9,1610555982.186TY6MMGkDecIN1woW6vsfAMXVV7jnyjO,1610555982.673LuMndkwkvdmZOn0MmE2Pkidx0FtNalb,1610555733.38zItcuH7gHNfKdALR2d9Nek6bxCyw36Vm,1610556034.15BQxSbZINGCay0yp6RBVlgcPrw76Yn9ON,1610555639.37BPZpgtGml8qUsh9AdV4m32jPLfI2aNFq,1610556965.57S0adAalhWYe6K3bkZU0bRHbqnDK8gGkR,1610555983.54zteLPCMjyrjzPdhHhlZr3faCgD0TfYr3,1610555987.79rHnNRmt9a0ufmnwCvZqBouyUoZDNpylW,1610556960.041xWER61rmArlsKfiMl4frikWmUCnQ7op,1610556035.13a7NHZDutfTMJ88qle1gTYY59Dr4WmMsj,1610556890.456ZBDaY16bMtrTZTqAgHl3wq1tRxzqDow,1610555760.24e6890pkbyZ97Or6croI1rQgjkSsR0yVt,1610556043.02YpWMIJg3W004iqlPyv8OcVAZdSC5rNYw,1610555987.03z05P26TLtONYM1HSzupoc2CeNMa6HTqr,1610556032.15OYCzUxpsz7b10AXBAuDXrvEcvxFhf0M7,1610556032.63Z80yI9pNwS3jSmsDABbuhf8wkNa2Ze9y,1610555736.28eGuESasTXdR3SqY6pHhEXWZtcdciYLCO,1610556034.61bebeZA0MkaFG2sm3VKiqrxeqQginTTW0,1610556944.5XwXOphKYT3ZkWA8gViqOS97VHVuMVUqb,1610556944.745UVLFBzf7fPh4UH37I6tYQOFPqRDytEh,1610556034.63XsUwaFaPZevO1JNFjfhvY4aKNFnV4noV,1610556964.89xwBHw9faT1HjQRMNQEyA4qJ3hWkwgj3k,1610556966.74DydzH91jtyvRyYau47JpVkZoMRSNTt01,1610555740.77UueVziDbaXyRR4OcVJIIZyzOfAzN51bj,1610556046.84e3vwjyRCzqz0wJQhrk8zsxlFfFSv98Df,1610556137.99eoPuVrDThKAOvmeprLPb2FWRqIhzUodc,1610555740.73XFwSrmTXJPlaxGZSefh0jOVA8PI3III1,1610556123.88AOfNaz9jSnqU5Czc7okOv1RCrYfKFBTo,1610556046.85nB7NvyoYQeLcOV391Lmmut1wAM8CFGLw,1610556123.89H4pdIAzDthI7bMXMhlIhKUYIQIvtmPPQ,1610555740.87GOYQUJKpkynIS2lFqppYK4b32ol7NeGh
1610555604.25mOvVXuL01OCiReyVWBfesjuvXmB3MoPy,0.0,3493.17172988098,318.34572282405503,2825.5340180741127,1204.706197551835,1889.8170714766813,898.8284509461599,388.963636600276,417.8820958777175,2778.6124690802285,2872.4710447807024,3088.3208625831912,3322.6639864465333,422.790555620219,3242.743837951561,1976.3052276028022,3256.5509533955747,3386.1017205398452,1499.8647681013567,3340.7660452447285,3058.390109610448,2910.3908567397275,1394.2641695206887,345.12663588876813,1680.332430037412,1650.4314035778516,1384.3260888913087,2848.400871476468,3390.892411941591,1795.4459578902865,2667.210738300126,1701.516108109731,3307.0249859635496,3167.3991029005515,2925.8581933690784,1674.1699329242208,2802.101827963445,2987.549672838007,3006.888478726429,2461.5714238267856,2707.1145384467777,3343.114634602736,2413.4666943401503,3455.182697824245,3533.9406290836077,3461.048531856522,2928.5001071893425,2130.5774568930738,2475.8941335764207,2287.886951929338,2863.305434165535,1781.1531781304504,2582.815750938283,3617.5584962637986,2325.173028433097,2140.2922209986,2795.438372853817,1983.9062426710873,2859.965979358374,1801.4929365795215,2828.0946466706564,3562.5642666681706,3004.2334105693362,2298.606547796186,2835.581785789555,2951.5209459883786,2189.9952538893826,2756.9260465289517
1610555605.43B6oDsBtWRQ29Q9UMQuTUEPZy3FSSWXzc,3493.17172988098,0.0,3507.0251501809926,2247.052445010736,3320.774592004145,3482.037351266485,3428.2550291591074,3456.4268261823427,3519.8990653494507,2381.559252119369,2252.111741717541,2745.462315566009,2341.1882091314346,3520.5150700831014,2999.676077612548,2527.586608663002,2909.9189784604932,2534.8382124286795,3243.9913978386357,1977.6338643719673,2700.0173985902948,2754.5341220634223,3315.3827754441113,3493.4556434524493,3442.881944737053,3364.6889832636357,3367.9972964057597,2963.8070254055156,2865.2063088267846,3006.276749247502,2628.855312493546,3353.4425262412096,2380.0836203632334,2445.439459966889,2402.5906647866395,3271.6920776428733,2259.8607375808597,2447.7234433784283,2526.583637187835,3668.644726881665,2644.07331865349,2714.0445282145797,3507.4269952729687,2884.5084620720427,1882.8301565242705,2668.1047644073064,3595.461127169058,3297.1399063137637,2301.7757203955152,3247.177273790887,2396.8016122089816,3577.0101260359866,2962.4143413328034,2328.5202627682434,2601.567256078742,3588.262801381407,2192.2942435312084,3240.288506528645,2604.1971969536535,3276.258752575933,2918.3387891297184,2766.4865904164258,2152.3703417690704,3026.1840749075272,2329.7474502530313,2881.1482171030675,3143.089838787163,2871.3566288022466
1610555610.92HPGJJSmyPM40z7otPBgHalNrHFA7zk5d,318.34572282405503,3507.0251501809926,0.0,2835.5314601025593,1216.4325122030796,1985.5502444923425,922.864893097934,395.494740504349,415.75516821729536,2774.589629774763,2880.800069402002,3096.5547173927775,3347.116161133404,370.01178501923704,3268.4373823902406,1996.926964511583,3263.3727192453907,3393.161075814896,1544.349016554601,3366.512778771652,3066.604968164918,2918.608172580924,1434.7579907921433,231.27828280230926,1795.0168837968884,1736.8429850109576,1398.1787191045116,2858.866356783931,3414.6270887563487,1878.9569215433326,2749.710504707496,1798.8908083609115,3331.841886640024,3196.7252048452983,2939.3043913649462,1696.0341737802428,2830.9707658650736,3017.5684790855744,2999.2153769519014,2515.6312254232043,2734.0596751116173,3350.9307806148054,2428.779871179627,3463.7825174041573,3546.78852999682,3468.7994599938397,2940.8905268634635,2242.8813447805237,2470.5904465899102,2302.7710473777356,2880.331919627887,1890.3784151845798,2578.1232007833837,3631.271901904843,2338.0842892525866,2239.060778178745,2788.8811400491745,1998.6045899345575,2877.3169716723364,1889.3158088424034,2837.3613069928074,3570.4016692256655,3022.945040722623,2284.6078973272706,2831.2491120117866,2962.808280197576,2207.486553196543,2766.275575618146
1610555606.68LaSQbm9EHAFycEfFtEqAwYqlBsQPjIRW,2825.5340180741127,2247.052445010736,2835.5314601025593,0.0,2677.770656328055,2988.791033722911,2789.5723356816093,2759.0923564923783,2834.8133212201687,2908.7318202658084,865.0334294674741,2714.7351485748386,3195.442234341141,2859.49473622544,2664.235099206134,2328.4431273757536,2532.524694275927,2737.082327776694,2490.812718093261,2778.2711075117577,2584.5007432847024,2925.6062061836124,2763.289541855672,2818.26002816567,2982.6143706437747,2761.5830646088702,2752.1739552123763,2826.6838795501167,3517.851080807089,2408.0505352690793,2571.4929563542255,2679.3693221890526,3053.42976030932,3106.6969962732137,2102.742873010698,2347.8160795159174,2039.7891120877537,3094.637117588536,2409.026931313941,3040.017572040643,2274.2499288824843,2541.4189334833763,2640.5779732809133,2729.7233830221658,3016.5812778729824,2854.393957069375,3527.037732767128,3336.7740822061064,2882.8387648735434,2270.930781337092,2885.0420201584443,2881.8624609268522,3015.9052313758402,2229.500036385389,2192.8315493286955,3022.781762584515,2867.814062335002,2409.9694630158288,3088.1124587247723,2663.725690265447,2914.615453000199,2950.1139944938195,2829.641892422193,3055.985254812248,2919.2985098014938,3045.9094356436835,2274.2140059982144,2867.37764144623
1610555617.19EKxMEwDHfXiEJZc27TsGoERaD6Da4BZU,1204.706197551835,3320.774592004145,1216.4325122030796,2677.770656328055,0.0,2049.7768641822713,753.9361586707279,1339.856615137297,1133.4119064004742,2541.6041912663577,2778.890056166962,3401.975668265724,2922.001686719834,1171.6133402160144,3294.685689125937,1889.9303420347678,3541.3835497801774,3668.431973091417,1904.5624027164295,3003.895161510625,3367.6581596008136,3256.0087344271997,523.2633313357378,1243.7299907681597,2140.964272044521,2008.610911955228,461.9188880206791,3197.386134450909,3438.906703112347,1760.5367183372562,2339.36350232551,2167.1341128420295,2927.1973276528274,2824.1980309488554,3210.642538180982,2109.511240948478,2521.5921033024247,2626.9489282023433,2786.7439611294594,2526.0081684255506,2345.940240235263,3617.481497190563,2461.02257068889,3731.9514002770607,3761.0888514051185,3720.411190378885,2967.421119859837,2315.0339511079746,2266.3216122948425,2676.463196480954,3168.47267261583,1966.5391768417821,2252.6303762244206,3392.438418533111,2660.175634363117,2290.417563300794,3017.3145741755525,2403.2068006766053,3175.7213919685437,2270.6841871241413,3188.399531924806,3815.184224854692,2822.998985293428,2613.139047349391,2623.9989435727125,3257.8132553502173,2580.880236647001,3124.097916308529
1610555722.52PJ3FD50MGhRXyUD28vluU8Z9UjLJLZn4,1889.8170714766813,3482.037351266485,1985.5502444923425,2988.791033722911,2049.7768641822713,0.0,1650.3605063317589,1990.034242590114,1956.2608330646392,3376.9539275899165,3014.2716841028714,3090.266018489643,3595.041690371028,1970.3061717438077,3093.201144106106,2839.905509371293,3324.35575978321,3394.6800599058447,1195.0342274959694,3487.097853321333,3058.479871238766,2848.5344171239767,1993.9293288103897,2013.0043475823038,1335.114297366906,701.8317018229748,2132.8015376367466,2839.178319125901,3651.1573231680804,1493.8602715655884,3100.9028659537776,1228.1326035548927,3706.895028300874,3107.076226872725,3089.9059868777854,2363.061667037368,2982.935877477169,3090.6313384983528,3203.3126931329903,2311.672130723312,3195.153335975566,3342.934622311616,2743.3511646663337,3480.9594094842873,3513.622786383738,3219.9011809364774,2236.78863670018,1664.8261556918396,3074.175718807377,2478.5580301214027,2834.6264992827028,874.1802463043807,2606.4717208077427,3509.223079653849,3042.00444097112,1140.9142711313857,2612.914448336998,2132.918507489724,2962.554522714218,1299.9736412722502,2783.8219807941355,3533.853158242096,3137.744618872507,2048.648966863784,3446.3081201452587,2846.4517553095366,2270.5812415664113,2719.5816738912317
1610555617.52Ijr5puT55g9apK8auM7zaxa3NANg502t,898.8284509461599,3428.2550291591074,922.864893097934,2789.5723356816093,753.9361586707279,1650.3605063317589,0.0,1075.3181782489169,845.3975738832205,2780.1146648453782,2860.1153922622434,3240.7588916809577,3149.4337256495687,852.5758838164184,3109.5096658491507,2046.0161159992365,3395.298650063984,3534.8737427030487,1525.3697638541862,3168.0403246763667,3209.8670988840913,3063.0247851095687,931.6166965719199,958.8776060765096,1781.6288890874614,1616.2993461811793,928.6314062698973,3006.4598028775263,3389.6131142778236,1676.839571438589,2527.9977346962137,1817.6173130204909,3135.4614463474995,2869.19890411793,3044.780468704013,1925.0336242411652,2596.015385830728,2718.3071323346003,2930.6203513950813,2266.708709490535,2499.7460801527827,3485.1511533018383,2372.070662419423,3604.790072378402,3624.04771099617,3586.0376994551166,2742.853834037082,1955.5051810352566,2476.446438570823,2432.9009645339397,2972.8330581646974,1543.2159613713975,2353.2552536425337,3501.8562115573145,2583.428739303142,1944.7599211882707,2852.0343901142933,2116.4450490439694,2978.2740263289747,1943.8706423512278,2989.5036271297354,3684.502346125189,2881.6216973317337,2373.362187974851,2858.7965824286707,3059.4268036039366,2313.864150123726,2922.247793493258
1610555638.77ZLjTLkz4jYJdFMI2wWBztzsDILkoOtAk,388.963636600276,3456.4268261823427,395.494740504349,2759.0923564923783,1339.856615137297,1990.034242590114,1075.3181782489169,0.0,558.4381886143204,2817.0794071450573,2800.9689787394673,3016.6864696160796,3339.908740131571,502.78164140042014,3245.443413537727,1898.4605144909333,3189.008796153168,3322.3793507741043,1542.187427826453,3347.279087778165,2988.6075875479632,2825.158461526119,1525.8881294721994,302.901192996247,1730.7596010046163,1707.1818196211748,1517.395304619114,2770.1759690502827,3391.670584063839,1837.7095011734991,2674.1352865948415,1712.578258704703,3326.036711262626,3191.956861750458,2868.582902186602,1549.280392902904,2802.608689688825,3007.1182499477727,3037.610315659098,2578.370193252546,2721.128060125915,3282.3075004139996,2440.631193816058,3398.414618471186,3492.684599033189,3405.235386865033,2989.6141967258723,2226.849609456145,2517.637855916288,2198.8666998173585,2804.78948400521,1877.6241881039907,2642.9065528748683,3589.448214746272,2240.711405838234,2221.7987799721873,2823.4039109503888,1904.4009822618696,2810.1346845731364,1800.976517637594,2741.8482981179263,3506.0376618837813,2984.2934166870477,2312.8259053365896,2864.1411783691074,2880.095700193802,2095.0539860421627,2668.470492849815
1610556912.46C7tJPLF0XfNnm8f1820X9aLmXMHoc0Dw,417.8820958777175,3519.8990653494507,415.75516821729536,2834.8133212201687,1133.4119064004742,1956.2608330646392,845.3975738832205,558.4381886143204,0.0,2808.617773895874,2882.4387995374045,3120.5271078637916,3320.4589939120815,405.17816381342465,3218.1213061989642,1984.7121185225328,3275.668142546888,3418.7116342770464,1543.4408407987391,3338.5564828810625,3089.8836098992565,2943.895512588465,1381.8127853086637,438.1081949565925,1835.514045551967,1739.9701387863988,1331.390045192573,2880.7197749112042,3386.9375789472197,1910.3004660887273,2705.7126041265583,1834.0604418482264,3305.657114180202,3164.247754845197,2936.483470861206,1668.1597130011423,2775.4581856067007,2984.7728490447917,3041.123855846048,2487.4742258142473,2679.5812371832776,3373.239047840567,2379.0058070212267,3487.2464663444925,3560.60281149085,3489.3925575103567,2924.968315892397,2216.1518806567105,2508.9873241873574,2295.3741985795023,2893.8068462444085,1854.991829958529,2603.4551907410732,3632.896282637987,2334.7008598196917,2217.4104133114934,2829.3982937324117,1991.5745834677905,2891.5535720893636,1930.0262029006717,2862.633505245511,3591.6202828015284,3025.807163208521,2338.0722234628197,2866.5494236309464,2978.543887332627,2195.5448269095723,2792.297612728096
1610555617.51LjzIROg0aeCP2GhDcAVQ0LipKJB9jmKc,2778.6124690802285,2381.559252119369,2774.589629774763,2908.7318202658084,2541.6041912663577,3376.9539275899165,2780.1146648453782,2817.0794071450573,2808.617773895874,0.0,3096.383018017645,3141.7849507185265,2155.393191233343,2776.6565343421535,3424.278136353,2489.654325856234,3691.839861669877,3441.2394420937435,3214.306728155265,1935.6962337900559,3028.8202149783947,3578.125481921448,2543.4117701765313,2788.0074985939054,3179.747083960421,3248.059153935418,2578.7058868635745,3239.8502162368077,2678.3196562732223,2859.346973598374,2448.6976898764287,3308.317580926054,1635.756838185928,2530.492600008993,2849.070050044963,3129.607467094144,2488.9068472671565,2338.1064517419773,1777.9526531854526,3383.280562558101,2261.3251184362184,3036.9533674368054,2965.4285992415194,3196.940169614539,3079.5385097221297,3522.428677079927,3336.8561474618796,3150.1142612014582,673.6439174563577,3369.3896570634024,2817.3020507471024,3394.9342768335564,2668.8471602459463,2751.584230783527,2553.184666826519,3313.27264325598,2478.1957448400576,3427.187474701631,2820.2055889973362,3292.0689141665366,3547.852637998683,3622.618299923824,2353.4144714084314,3091.5161673300404,490.6606684388587,3652.382562768716,3665.5112659648566,3496.300881599443
1610555608.17OpjjHobqRkX0UPcaXrbu7K6L3805SZri,2872.4710447807024,2252.111741717541,2880.800069402002,865.0334294674741,2778.890056166962,3014.2716841028714,2860.1153922622434,2800.9689787394673,2882.4387995374045,3096.383018017645,0.0,2754.178118087473,3290.1067158904943,2904.7442015535594,2721.850165139867,2437.926439386919,2014.9148952849675,2432.1229797637347,2511.2544555127274,2970.500109540675,2675.3125277643917,2772.100651861407,2867.06180735691,2862.733650806437,3008.370845145981,2782.191557501133,2859.1371561215474,2933.963708091522,3573.8671708231295,2486.2870855987594,2698.5694543139716,2692.832983239486,3275.1194168412535,3306.595734420891,2278.9091709393797,2476.7764263084628,2251.9950457320456,3288.657612699702,2656.276039984051,3017.128077747024,2546.170284924226,2667.698791270944,2806.3361758767105,2851.20421334665,2767.561808130714,2687.2281633561784,3637.8546800844456,3383.026399524362,3034.28681862402,2447.924568874013,2998.2593446657534,2951.9789819580783,3093.257060358405,2461.7835765102145,2303.73431622095,3137.866936712555,2843.501472115594,2478.8169026670685,3207.038204281903,2667.174053735049,2885.2964955960397,2569.1223393487467,3008.87846711056,3012.9099384662663,3103.0260341675908,2903.5167580844827,2279.4360783760835,2840.7232307472655
1610555721.82zWeNZfGUUfRJkgnAwlP8VMhPzXctnSd4,3088.3208625831912,2745.462315566009,3096.5547173927775,2714.7351485748386,3401.975668265724,3090.266018489643,3240.7588916809577,3016.6864696160796,3120.5271078637916,3141.7849507185265,2754.178118087473,0.0,3775.6032519108026,3116.970478702975,2797.422425785718,3143.7769323743523,2550.1242989270936,2086.8541685534587,2738.3310549386674,2947.3175786211473,637.0373116147148,1720.3712241804758,3458.120438677304,3075.040184541425,2961.4253213561237,2909.051674082956,3509.12769049032,1591.406469919725,2954.6548980122543,2978.7827159880007,3771.299064345787,2853.830971564386,3341.8502653609207,3005.2223846174356,2505.307526614042,2381.6757405285734,3177.6938083743657,3010.562086172205,2676.865715650175,3561.1751845011067,3391.406646209472,1764.3134317245863,3081.0299921690257,2091.195267155163,2540.218318226758,2282.1298529473675,2504.012388949323,3461.621716036666,3024.8307040040613,2114.9908618804443,1789.8338292843482,3097.566343691631,3167.95126682899,2475.764232323677,2793.320389548213,2856.6842570732933,2604.6572364075478,2623.2799310259766,2107.379407143311,2743.943839620484,2168.7371473380767,2363.3276206449464,2701.5112556818153,2322.1026463775115,3146.1966897817397,1951.8224958953385,2532.384543906741,2098.7801225151698
1610555735.75bom85BDF0C7W2eIseHeMxi24qR68nzMi,3322.6639864465333,2341.1882091314346,3347.116161133404,3195.442234341141,2922.001686719834,3595.041690371028,3149.4337256495687,3339.908740131571,3320.4589939120815,2155.393191233343,3290.1067158904943,3775.6032519108026,0.0,3333.809786327329,3556.779496219811,2458.649292365347,3952.3601312185406,3744.726983804007,3786.0984768771305,1816.5749441862974,3678.1436612404063,3852.212434845263,2886.6945629363126,3332.8796253929077,3804.689142038288,3575.46904353737,2913.0013132572535,3806.877447735204,2740.157518753555,3462.724358776527,1958.8127116671478,3906.232607643038,1550.3146033351572,2482.9739018956325,3281.3295883611895,3477.0650389029447,2322.837763456243,2252.9368715235137,3078.6061127095527,3802.647802644928,2199.9934861324755,3700.347069956446,3427.3380380473436,3812.426462906548,3165.769115558404,3442.08979885572,3527.975512520238,3348.5233043281655,2158.58437999546,3886.623184548307,3267.9997869723297,3803.506027172212,3254.637982088999,3188.2822458767832,2833.532821357795,3901.659564033299,3221.4511342332075,3426.0912558829737,3271.6950826634907,3925.3122848407857,3824.948455735471,3885.388284121778,2569.8830472064474,3838.1646181811034,2172.790196796941,3868.44617166595,3855.9546591411613,3777.351072513443
1610555735.77NnT5xqKnwcf2BbjIekeb2arTQj6QMNwk,422.790555620219,3520.5150700831014,370.01178501923704,2859.49473622544,1171.6133402160144,1970.3061717438077,852.5758838164184,502.78164140042014,405.17816381342465,2776.6565343421535,2904.7442015535594,3116.970478702975,3333.809786327329,0.0,3260.1295485892297,2014.9896549316957,3285.1806710519136,3413.082181374744,1557.9457255315704,3356.5413216156207,3087.639334053385,2939.114316057532,1399.6981276446236,376.1190899084826,1814.3397665771408,1742.415514308321,1357.1197562987431,2881.330791091725,3402.7098540847273,1897.7596755937705,2744.9579221174668,1824.880292362355,3320.038738408705,3186.7461729971387,2960.6935399138038,1711.606593823946,2820.824422719,3005.7765654063387,3010.628500025786,2499.7147424853415,2725.223417214259,3370.151235749876,2409.2123046255183,3487.420864565408,3560.8597471035578,3486.4872517164586,2923.293703295724,2235.004220507431,2472.8722905617706,2328.0537188186977,2896.962271180661,1876.2024337758398,2575.8436129161487,3637.7579943230094,2359.444667129788,2227.694559771133,2796.5012766731156,2024.1350628675054,2895.686820351699,1911.7339714803793,2858.5431893215273,3586.7690363643337,3032.8861387149614,2291.8223769492074,2835.8738905642,2977.6930456591595,2230.1056126964936,2788.1361985162084
1610555638.33wjf1PhdNaoWfbRzXVn50hmFyB5bYAiLV,3242.743837951561,2999.676077612548,3268.4373823902406,2664.235099206134,3294.685689125937,3093.201144106106,3109.5096658491507,3245.443413537727,3218.1213061989642,3424.278136353,2721.850165139867,2797.422425785718,3556.779496219811,3260.1295485892297,0.0,3130.606448774467,2500.7805496358155,2695.838677209209,2958.0154233528797,2820.721669822635,2842.397352134957,3030.3752648641744,3388.4174357882866,3259.8840939103097,3427.2876274847454,3113.9382767282623,3372.6220056134002,3216.5748045481373,2681.483515749317,3340.821812031095,2974.0462266318273,3181.18184918084,3151.794944703171,3207.9312421402174,1991.5790310235395,2674.152798490971,2056.1258659190344,3220.374391677381,3468.129052559499,2898.771043437202,2440.08839573237,2803.729900911399,2007.9568612451164,3137.3661705806976,2492.287450628744,2908.358942384357,3377.8597196064766,3117.883818073282,3416.1894975550167,2623.4449537526866,2848.736878645829,2926.72204868734,3953.783557660537,2797.1802595947565,2307.558896978161,2903.549362604256,3051.1845095593244,2992.5881530806237,3065.7979723018875,3198.009182557737,3318.1479477010516,2770.7394291157475,3320.18834647855,3508.6207074913095,3447.22857235325,2916.536263254667,2889.2345067236633,3208.0247038468606
1610555606.65jCE4ig8Pu8kvAzkxnSGfWsV0nQBjCf8H,1976.3052276028022,2527.586608663002,1996.926964511583,2328.4431273757536,1889.9303420347678,2839.905509371293,2046.0161159992365,1898.4605144909333,1984.7121185225328,2489.654325856234,2437.926439386919,3143.7769323743523,2458.649292365347,2014.9896549316957,3130.606448774467,0.0,3321.135226170301,3433.4990736539257,2466.9194160931584,2569.938815853695,3117.13869888762,2980.327940921673,1972.8378201295868,1947.9377991009012,2649.965095413952,2594.931342161989,1953.4164105776997,2915.8728680942904,3152.838113828616,2291.669656100703,1870.855464178914,2630.968634863667,2493.2327796975746,2266.6515430789814,2491.966888823239,1940.0585928462951,2031.155797945068,2053.7389060912656,2976.5218325326045,3271.969067418132,1916.3497301783775,3390.8047480380665,2980.603487279201,3505.192835690146,3098.1238861680413,3516.584753394687,3447.387181515357,2452.561204265408,2205.0513638417606,2422.134588884234,2506.1135449043327,2746.982744450434,2682.1600457057175,3224.6411833346006,2016.2692358856184,3022.3390891377526,3007.92225068447,2133.144080594174,2476.807724411622,2688.2440527123013,2897.4876919173635,3613.533436343476,1997.0788661998429,3005.313575157525,2460.8000465509836,3035.834381455213,2341.6329908360535,2825.8551115820514
1610555608.18ONsBCVo1i7BrX0XG9stct4oiA6ejX9Oz,3256.5509533955747,2909.9189784604932,3263.3727192453907,2532.524694275927,3541.3835497801774,3324.35575978321,3395.298650063984,3189.008796153168,3275.668142546888,3691.839861669877,2014.9148952849675,2550.1242989270936,3952.3601312185406,3285.1806710519136,2500.7805496358155,3321.135226170301,0.0,1276.3008924892936,2905.0763278224217,3580.42573799661,2617.3112817044034,2277.4191697206593,3644.2587334983805,3247.237463116661,3290.793219959499,3124.593393417223,3653.4692961076234,2983.017611208208,3495.595043639162,3230.1218679649505,3612.0951256036205,3044.7772870844183,3917.037447706678,3914.66754249399,2692.7821769543716,2891.323194346191,3168.1445299694906,3897.7292242651533,3374.042553593941,3257.26445495437,3493.6961290714166,2592.2537604799213,2935.512092203314,2889.719768029352,2063.0748706396635,2110.0978385349963,3731.198450115576,3699.2100156163483,3596.5046449244337,2848.8816578447627,3062.9612477681367,3336.5157687952405,3730.4042712977175,2911.631476512373,2747.6453730775406,3426.518262415126,2888.4676803873454,2910.1402750945617,3290.919065210193,2978.852006121082,2693.63824880416,1145.1601749069262,3633.205519966982,3016.0012395543135,3691.221065211999,2277.6394260437332,2701.9900708917485,2568.9012671562286
1610555721.51RNoQUMP19FTMS79BmA3JkgSm2IC2AQuQ,3386.1017205398452,2534.8382124286795,3393.161075814896,2737.082327776694,3668.431973091417,3394.6800599058447,3534.8737427030487,3322.3793507741043,3418.7116342770464,3441.2394420937435,2432.1229797637347,2086.8541685534587,3744.726983804007,3413.082181374744,2695.838677209209,3433.4990736539257,1276.3008924892936,0.0,3050.8156030332675,3348.443184934316,2203.96432064071,1725.1455922804873,3736.755929024486,3378.0361241565,3300.075338700254,3220.7568942378007,3778.145427861714,2641.345556367422,3234.174320866224,3277.2579839010837,3745.644652947934,3155.179170081937,3710.525595442355,3708.2103097035547,2853.008812897619,3067.8390582003008,3357.8608315186757,3690.6835253010604,3086.0416040740397,3456.6954954333123,3677.053485501482,2189.2129623095466,3139.2982204499763,2528.9588367410047,1705.0748288063157,1495.9543149412027,3506.522314303303,3774.499914097237,3339.8759301871323,3010.7961205797405,2740.1261847946107,3500.263839636455,3490.658998823896,2574.9287079560486,2927.265291758369,3491.0433367969194,2541.549851543649,3066.860907058127,2994.376217930429,3041.233552044477,2296.3045774925267,681.0346036519073,3389.2111540483716,2680.7073426614384,3437.9256883515864,1748.160873869251,2885.4516987365823,2144.6821981549006
1610555971.86O0cHB2ibBJ8jxoObg01EpGe8VVV5mpwn,1499.8647681013567,3243.9913978386357,1544.349016554601,2490.812718093261,1904.5624027164295,1195.0342274959694,1525.3697638541862,1542.187427826453,1543.4408407987391,3214.306728155265,2511.2544555127274,2738.3310549386674,3786.0984768771305,1557.9457255315704,2958.0154233528797,2466.9194160931584,2905.0763278224217,3050.8156030332675,0.0,3514.6174627556497,2710.0042082760333,2464.514368624208,1990.392861450335,1567.2789486022966,1235.0529362851428,966.0326363115857,2045.2859472805708,2470.522742473092,3675.2941450525514,1275.4833816798061,3147.2564254787308,832.6382561096549,3747.3616859992876,3160.7788442287724,2640.683180516786,1881.1433182273406,2854.2420787551964,3145.6618068248877,2945.107794846015,2337.754395829831,3090.5056027601468,3009.3977903924174,2608.0709746745288,3155.6455690378525,3258.4295706856046,3134.0475112485296,2618.8767042739278,1923.8594670892753,2896.850833683137,1913.2141400819858,2538.6296098328608,1127.66352187421,2471.831178304435,3337.1724259918415,2621.7291937124983,1468.9125830126357,2311.091782095274,1835.0107347758026,2686.7701555633666,847.1757459174228,2393.482256354386,3231.552994406306,2983.5134967309937,1647.7514534506054,3262.8843702412037,2531.723796480968,1656.6062205774338,2318.0231660459826
1610556911.51zU3duZSGpcw1BDNsBLxdOCITAXwl6z3i,3340.7660452447285,1977.6338643719673,3366.512778771652,2778.2711075117577,3003.895161510625,3487.097853321333,3168.0403246763667,3347.279087778165,3338.5564828810625,1935.6962337900559,2970.500109540675,2947.3175786211473,1816.5749441862974,3356.5413216156207,2820.721669822635,2569.938815853695,3580.42573799661,3348.443184934316,3514.6174627556497,0.0,2805.0926603370012,3466.4414363197675,2976.9784739394777,3354.8161148254167,3697.1966141775233,3545.578210117804,3007.7992773040164,3158.4757491885357,2008.2040106211084,3341.285815598711,2162.2698063168623,3663.5124753431405,1141.9871040092676,2080.005142486619,2569.884602028348,3025.8228962089356,1729.7826716018055,1897.0527342147398,2711.9721935174243,3733.1793022755196,1898.8498624363845,2895.196692036698,2802.144217265447,3089.0149987751606,2748.1171097856454,3401.6554398207477,3193.4302242758627,3279.8981187496925,2030.4695629659789,3307.2440852873688,2545.4316296109528,3502.361127958701,3273.399606973731,2379.751615094748,2401.7586076938856,3363.850007153322,2773.8591344057104,3505.653239783935,2724.6556581062614,3640.2875120651715,3455.6857191096674,3482.6079681129695,2263.2169029063,3488.184277618035,1931.6808575218647,3495.4703338119666,3522.4732436382287,3414.583863381966
1610555988.71dMoYT8250UHHJGxgmITTmbHe7V6gH1yU,3058.390109610448,2700.0173985902948,3066.604968164918,2584.5007432847024,3367.6581596008136,3058.479871238766,3209.8670988840913,2988.6075875479632,3089.8836098992565,3028.8202149783947,2675.3125277643917,637.0373116147148,3678.1436612404063,3087.639334053385,2842.397352134957,3117.13869888762,2617.3112817044034,2203.96432064071,2710.0042082760333,2805.0926603370012,0.0,1997.942736253665,3426.680531777502,3046.378944159161,2946.450498141402,2876.931315446101,3477.0822532126067,1562.556707325279,2955.9941898374796,2954.6717667382113,3674.8396971908105,2830.835529297983,3231.2870623823683,2981.988283407366,2359.2036811168423,2351.9232960080267,3061.01482344576,2987.64978497337,2551.4475249236234,3578.3826483485514,3279.9555011481098,1560.9423927939254,2956.6593379106175,1919.9016507973772,2600.831772207663,2365.9420230387427,2425.0499914172283,3440.4693569334877,2937.322413612189,2090.0627376039283,1753.062148863923,3070.7797816020097,3150.5033021351865,2330.9697655568516,2662.9477101869948,2827.6984707174283,2488.3663731060406,2592.920848974714,2082.4875625752734,2720.162815246,2153.7424347321903,2466.52663220886,2683.0137114647673,2342.429277997889,3036.272260548832,2190.7197567094854,2517.1332127728247,2086.2734732106524
1610556042.81mlUZsSp7gbGjrp8jQSnybT1gPy6e62o1,2910.3908567397275,2754.5341220634223,2918.608172580924,2925.6062061836124,3256.0087344271997,2848.5344171239767,3063.0247851095687,2825.158461526119,2943.895512588465,3578.125481921448,2772.100651861407,1720.3712241804758,3852.212434845263,2939.114316057532,3030.3752648641744,2980.327940921673,2277.4191697206593,1725.1455922804873,2464.514368624208,3466.4414363197675,1997.942736253665,0.0,3298.047587944671,2891.663154349209,2725.513791041271,2668.0768249424,3361.3242845898103,1881.0190930329834,3376.516552732915,2750.910918003025,3850.2609128196104,2589.973199522468,3815.9438110258798,3193.257712912742,3024.3252063345008,2457.7212115390676,3474.8061988018994,3176.225983882913,3249.400370967443,3578.6947216565627,3783.8642039724555,2471.762705507643,3387.7823246839835,2733.2683205169656,2336.874023057541,2040.7065785529685,2972.6595465730484,3271.9108112541135,3291.111016328734,2409.3370674826438,2076.720972805392,2966.6484140231955,2955.004221418938,2906.210996482882,3093.6680314148907,2938.104960887502,2582.8439046947015,2478.9520457263416,2359.233956690982,2454.0559624427688,1488.6103278608255,1986.5556256072061,2839.6566090067226,1868.5402499235242,3574.1408052164174,658.5198997535953,2198.0500180495883,1301.4839926577176
1610555637.02UBW5nKvDyUrKnaWcYRGajZPxTRDS0q3N,1394.2641695206887,3315.3827754441113,1434.7579907921433,2763.289541855672,523.2633313357378,1993.9293288103897,931.6166965719199,1525.8881294721994,1381.8127853086637,2543.4117701765313,2867.06180735691,3458.120438677304,2886.6945629363126,1399.6981276446236,3388.4174357882866,1972.8378201295868,3644.2587334983805,3736.755929024486,1990.392861450335,2976.9784739394777,3426.680531777502,3298.047587944671,0.0,1459.9248140862799,2098.428154278858,2010.7090725520825,504.7463154121318,3238.346710726483,3478.8212719195653,1659.9180233467848,2312.7729345631274,2168.7863061761586,2894.617680627733,2737.7758781799976,3341.872587168943,2262.18529787482,2592.236709347389,2539.571520382142,2774.9150683507733,2575.101568746344,2407.9979158158226,3683.582492625233,2592.7177476960446,3798.5886307503897,3817.2185542452953,3780.6701494713625,2945.731932182097,2251.982457423047,2258.5712548269485,2793.9687581886474,3205.394689701544,1926.0422240399641,2165.6990029855356,3377.176192949409,2827.436549171591,2211.9990331200875,3067.316482047842,2528.254025216836,3210.6109851559777,2274.257042080002,3227.347363087991,3876.4615566247335,2772.356837070268,2635.9817723664733,2628.4549209647353,3289.615268674793,2700.780930896781,3163.639518341215
1610555619.13oUYNikU4facCTpUSiSLr0vPI0tJLnXiT,345.12663588876813,3493.4556434524493,231.27828280230926,2818.26002816567,1243.7299907681597,2013.0043475823038,958.8776060765096,302.901192996247,438.1081949565925,2788.0074985939054,2862.733650806437,3075.040184541425,3332.8796253929077,376.1190899084826,3259.8840939103097,1947.9377991009012,3247.237463116661,3378.0361241565,1567.2789486022966,3354.8161148254167,3046.378944159161,2891.663154349209,1459.9248140862799,0.0,1812.150683820333,1755.9819543437582,1423.686266234669,2832.4741466460196,3400.609278552629,1898.092882925096,2726.507684937598,1811.0178583931745,3318.3736357869006,3182.173743489157,2919.2568736397484,1639.421798819465,2815.709347487289,2998.8727796558464,3019.109820285822,2552.470226387885,2718.2572133781528,3336.6555924922527,2433.4803279093335,3450.3148857454266,3532.623037037607,3455.99241327437,2956.831306701196,2253.979238668035,2484.3182681110884,2268.675515686511,2853.3239688667477,1912.9224631957884,2599.7713102729117,3622.1705391500564,2304.725223684379,2262.265847420712,2813.692620823613,1961.2639915730017,2849.7673182103986,1900.5651614516205,2809.296536586851,3556.7125055522965,3000.8097906455073,2306.404311883209,2841.357003447459,2937.5215492677494,2172.314580031548,2737.1628653627813
1610555721.03nzkucfjAUh31zTbmCVvTVYqtjoxZFnBh,1680.332430037412,3442.881944737053,1795.0168837968884,2982.6143706437747,2140.964272044521,1335.114297366906,1781.6288890874614,1730.7596010046163,1835.514045551967,3179.747083960421,3008.370845145981,2961.4253213561237,3804.689142038288,1814.3397665771408,3427.2876274847454,2649.965095413952,3290.793219959499,3300.075338700254,1235.0529362851428,3697.1966141775233,2946.450498141402,2725.513791041271,2098.428154278858,1812.150683820333,0.0,1070.9897489586874,2266.7337981675964,2682.8415320463496,3857.789755984604,1117.4113388988976,3156.059336984244,842.2495828463541,3763.6797654436687,3148.029441478983,3069.4445929855706,2385.021048926115,3271.191117621297,3129.1936617975193,2884.341330417335,2398.396498718699,3325.1106317983777,3261.5391636900526,3107.0663716715558,3387.502870077165,3474.3379891773807,3379.3353530181566,2780.0213286848925,1622.9683965751362,2844.7928289005686,2386.112799072685,2727.9930694554155,1271.1814345934715,2382.8885778046883,3573.6464728878136,3028.2145418180526,1520.7146245991846,2578.270590822253,2142.597644610591,2743.634778648309,938.079734098897,2638.06710867009,3483.3671631895495,2940.8193337700523,1918.4860383515445,3225.4979583191357,2782.290796624524,2278.4914710754415,2562.401087191261
1610555722.67fhKURdXVzRbLIjXmjRwdJHTnE7PWb1AE,1650.4314035778516,3364.6889832636357,1736.8429850109576,2761.5830646088702,2008.610911955228,701.8317018229748,1616.2993461811793,1707.1818196211748,1739.9701387863988,3248.059153935418,2782.191557501133,2909.051674082956,3575.46904353737,1742.415514308321,3113.9382767282623,2594.931342161989,3124.593393417223,3220.7568942378007,966.0326363115857,3545.578210117804,2876.931315446101,2668.0768249424,2010.7090725520825,1755.9819543437582,1070.9897489586874,0.0,2128.0110902074366,2649.1956044157314,3709.446720108745,1288.7624730255652,3077.018727520343,950.6026738987616,3710.314965147342,3123.54013492413,2875.060049685876,2155.1381213337477,2985.3043620285484,3106.78464654207,3004.6152849894197,2313.238483660149,3142.6858394252426,3177.2013173658897,2789.6759533746085,3313.4938954141794,3390.5986079631475,3022.2086789282653,2323.4988380796576,1730.309699163192,2936.5121440648545,2204.0765217811886,2685.93206577235,1091.1750437543988,2501.5065590556574,3451.114161187541,2832.4849623022305,1406.7091341041007,2521.1494054345058,1720.3154242278356,2776.1979241890076,1034.364562278393,2594.6687859652634,3391.4552827964794,2998.032165635087,1915.9991023798016,3303.2823497778427,2708.83119423442,2022.9140936557233,2522.8404513308733
1610555638.39J2ZWBLuLTHP0jOlzB4tNHmYeijH5g5YJ,1384.3260888913087,3367.9972964057597,1398.1787191045116,2752.1739552123763,461.9188880206791,2132.8015376367466,928.6314062698973,1517.395304619114,1331.390045192573,2578.7058868635745,2859.1371561215474,3509.12769049032,2913.0013132572535,1357.1197562987431,3372.6220056134002,1953.4164105776997,3653.4692961076234,3778.145427861714,2045.2859472805708,3007.7992773040164,3477.0822532126067,3361.3242845898103,504.7463154121318,1423.686266234669,2266.7337981675964,2128.0110902074366,0.0,3302.652647622731,3494.4049912668397,1846.6406141137456,2347.963928721128,2302.802108736401,2924.120124697578,2819.5371775248896,3330.0184088860437,2235.953370620092,2559.9881903948744,2618.2555906403454,2841.0903424853277,2609.112464073491,2371.4789906886786,3725.3704439582575,2541.454026586829,3838.4699935928415,3858.3041179610036,3823.8221578564758,3017.079694955649,2386.6175208978398,2303.058888201727,2788.4861240129126,3266.7168010404307,2047.7427827120111,2271.3701243784235,3429.8319773475237,2783.2186731439683,2363.9982371049937,3127.2201601749944,2532.3308072041236,3273.311975101215,2402.8231649022155,3293.5459017047697,3916.532188953382,2842.021618102783,2720.0882318778154,2655.455368335054,3354.323014795715,2692.2898175128,3232.229069879556
1610556032.17Q6yCDx9g7alRnL9jBFXD2JhhUyB2hKfJ,2848.400871476468,2963.8070254055156,2858.866356783931,2826.6838795501167,3197.386134450909,2839.178319125901,3006.4598028775263,2770.1759690502827,2880.7197749112042,3239.8502162368077,2933.963708091522,1591.406469919725,3806.877447735204,2881.330791091725,3216.5748045481373,2915.8728680942904,2983.017611208208,2641.345556367422,2470.522742473092,3158.4757491885357,1562.556707325279,1881.0190930329834,3238.346710726483,2832.4741466460196,2682.8415320463496,2649.1956044157314,3302.652647622731,0.0,3289.6541218956645,2725.6410945250054,3799.321023944882,2602.8286930826275,3420.0207157918817,2766.7973111561796,2671.1119538515254,2127.8768075996486,3273.3150630440136,2778.2877348817788,2810.9712697567056,3568.7402832995144,3467.756760403306,1680.6423783899609,3206.531898210535,2121.4457286047914,2955.5622264195727,2765.5285681505434,2588.0607959923777,3213.733237557623,3021.610003032402,1679.4381930330476,1501.7257974356742,2863.2540926391976,2897.8691675316527,2667.360665729689,2905.8014173222873,2638.50871754791,2645.112033938849,2330.474808798393,1648.3168072575697,2491.5188601467203,1787.507700592187,2864.936568477382,2446.3360815688256,2044.4463142996374,3243.267220775482,2039.8824270937728,1988.4805001645614,1688.5775767028576
