,1610555604.25mOvVXuL01OCiReyVWBfesjuvXmB3MoPy,1610555605.43B6oDsBtWRQ29Q9UMQuTUEPZy3FSSWXzc,1610555610.92HPGJJSmyPM40z7otPBgHalNrHFA7zk5d,1610555606.68LaSQbm9EHAFycEfFtEqAwYqlBsQPjIRW,1610555617.19EKxMEwDHfXiEJZc27TsGoERaD6Da4BZU,1610555722.52PJ3FD50MGhRXyUD28vluU8Z9UjLJLZn4,1610555617.52Ijr5puT55g9apK8auM7zaxa3NANg502t,1610555638.77ZLjTLkz4jYJdFMI2wWBztzsDILkoOtAk,1610556912.46C7tJPLF0XfNnm8f1820X9aLmXMHoc0Dw,1610555617.51LjzIROg0aeCP2GhDcAVQ0LipKJB9jmKc,1610555608.17OpjjHobqRkX0UPcaXrbu7K6L3805SZri,1610555721.82zWeNZfGUUfRJkgnAwlP8VMhPzXctnSd4,1610555735.75bom85BDF0C7W2eIseHeMxi24qR68nzMi,1610555735.77NnT5xqKnwcf2BbjIekeb2arTQj6QMNwk,1610555638.33wjf1PhdNaoWfbRzXVn50hmFyB5bYAiLV,1610555606.65jCE4ig8Pu8kvAzkxnSGfWsV0nQBjCf8H,1610555608.18ONsBCVo1i7BrX0XG9stct4oiA6ejX9Oz,1610555721.51RNoQUMP19FTMS79BmA3JkgSm2IC2AQuQ,1610555971.86O0cHB2ibBJ8jxoObg01EpGe8VVV5mpwn,1610556911.51zU3duZSGpcw1BDNsBLxdOCITAXwl6z3i,1610555988.71dMoYT8250UHHJGxgmITTmbHe7V6gH1yU,1610556042.81mlUZsSp7gbGjrp8jQSnybT1gPy6e62o1,1610555637.02UBW5nKvDyUrKnaWcYRGajZPxTRDS0q3N,1610555619.13oUYNikU4facCTpUSiSLr0vPI0tJLnXiT,1610555721.03nzkucfjAUh31zTbmCVvTVYqtjoxZFnBh,1610555722.67fhKURdXVzRbLIjXmjRwdJHTnE7PWb1AE,1610555638.39J2ZWBLuLTHP0jOlzB4tNHmYeijH5g5YJ,1610556032.17Q6yCDx9g7alRnL9jBFXD2JhhUyB2hKfJ,1610557007.49MyVgDnuUuBxrvL6SGOdhKf69VYlW1MSm,1610555638.44hjT5hbYdKoE3MB6hijrjqbjmLgvCUYKD,1610555608.13zUvmFSCRt6SsLbhqFznMEvGx54GPGQzM,1610556038.62a5C4ynd1AARyAhTv8a58NCqHvXRjscqH,1610555644.45Xse8u7pusHNsd7F3d0A32HXvXr6weOJE,1610556038.62gKXOCG7XCn55eJvyl5voNjbwOW0znQDq,1610555987.13v0oleKK97pkesp6oMgprH8SoSdoDVdIO,1610556964.96ZLLeiQW0qpmxhPGTg7K03fmzkqsC2bjC,1610555987.13VQlEedQ50VvkPMEMzZDv3KNnQCewykN9,1610555982.186TY6MMGkDecIN1woW6vsfAMXVV7jnyjO,1610555982.673LuMndkwkvdmZOn0MmE2Pkidx0FtNalb,1610555733.38zItcuH7gHNfKdALR2d9Nek6bxCyw36Vm,1610556034.15BQxSbZINGCay0yp6RBVlgcPrw76Yn9ON,1610555639.37BPZpgtGml8qUsh9AdV4m32jPLfI2aNFq,1610556965.57S0adAalhWYe6K3bkZU0bRHbqnDK8gGkR,1610555983.54zteLPCMjyrjzPdhHhlZr3faCgD0TfYr3,1610555987.79rHnNRmt9a0ufmnwCvZqBouyUoZDNpylW,1610556960.041xWER61rmArlsKfiMl4frikWmUCnQ7op,1610556035.13a7NHZDutfTMJ88qle1gTYY59Dr4WmMsj,1610556890.456ZBDaY16bMtrTZTqAgHl3wq1tRxzqDow,1610555760.24e6890pkbyZ97Or6croI1rQgjkSsR0yVt,1610556043.02YpWMIJg3W004iqlPyv8OcVAZdSC5rNYw,1610555987.03z05P26TLtONYM1HSzupoc2CeNMa6HTqr,1610556032.15OYCzUxpsz7b10AXBAuDXrvEcvxFhf0M7,1610556032.63Z80yI9pNwS3jSmsDABbuhf8wkNa2Ze9y,1610555736.28eGuESasTXdR3SqY6pHhEXWZtcdciYLCO,1610556034.61bebeZA0MkaFG2sm3VKiqrxeqQginTTW0,1610556944.5XwXOphKYT3ZkWA8gViqOS97VHVuMVUqb,1610556944.745UVLFBzf7fPh4UH37I6tYQOFPqRDytEh,1610556034.63XsUwaFaPZevO1JNFjfhvY4aKNFnV4noV,1610556964.89xwBHw9faT1HjQRMNQEyA4qJ3hWkwgj3k,1610556966.74DydzH91jtyvRyYau47JpVkZoMRSNTt01,1610555740.77UueVziDbaXyRR4OcVJIIZyzOfAzN51bj,1610556046.84e3vwjyRCzqz0wJQhrk8zsxlFfFSv98Df,1610556137.99eoPuVrDThKAOvmeprLPb2FWRqIhzUodc,1610555740.73XFwSrmTXJPlaxGZSefh0jOVA8PI3III1,1610556123.88AOfNaz9jSnqU5Czc7okOv1RCrYfKFBTo,1610556046.85nB7NvyoYQeLcOV391Lmmut1wAM8CFGLw,1610556123.89H4pdIAzDthI7bMXMhlIhKUYIQIvtmPPQ,1610555740.87GOYQUJKpkynIS2lFqppYK4b32ol7NeGh
1610555604.25mOvVXuL01OCiReyVWBfesjuvXmB3MoPy,0.0,205.55597589134803,54.78455932373049,191.62645156957691,163.10987174046295,182.09388047569132,161.0511429909508,61.87131439756767,165.22900626759022,164.42366877642743,241.56833909553384,194.9336034958656,208.73164523530735,139.99925453679077,224.75130284208603,163.71593429140933,281.9004336780351,227.0864922438926,192.38939148897177,159.59628281404477,227.98368066550768,252.12329570444473,161.7097471531088,58.15457474926754,192.87497445691497,203.8896462415835,145.82588325968996,203.7748585844466,198.47925836072315,153.7128310381655,165.57208412464274,182.4909081111672,191.49006270445292,182.0039874482907,186.81709765521498,203.79203050618054,176.13463372134012,177.99052580816544,206.25239514000964,195.39188491929463,183.5336987501072,249.62619447670048,199.5688692448678,176.0045926566579,223.9164400804114,233.72957157627428,179.5363693329679,168.84253216400555,161.9520472955093,214.6686967437756,156.00115670532708,163.95693755514094,205.89726035967533,244.47982657139286,144.00520024949688,188.44346312701998,206.66596456131606,160.4440638295018,159.27100198289105,192.42706898966287,248.9533686822996,267.07767504070375,172.87963417348473,257.36180876704645,165.85019722859118,273.9315779278666,203.90221771620736,234.74943368773882
1610555605.43B6oDsBtWRQ29Q9UMQuTUEPZy3FSSWXzc,205.55597589134803,0.0,199.99096970935253,228.92342086765447,218.94909618541786,229.70732403969447,215.15665855797826,201.3775126271555,219.3837909684199,212.27741741595798,265.86659900173265,236.58260684277366,235.38851704197884,207.81023716890667,275.6577354977035,222.79412398004928,287.8769252971423,117.84103031136631,221.20955539295994,208.89879147067387,259.79797535958784,271.4518327084449,215.71763761948912,199.5818486948655,236.24017308712448,249.7692877344042,211.4933251867044,236.30639213429882,239.7836733005198,205.7323657649097,227.61739548576855,228.0381478781565,223.82249762500356,224.47381597363716,234.3654031476929,250.767344910149,234.91017953703349,220.70599588934965,241.2507280529672,254.52758306600796,232.1086637464439,274.307024356466,255.31833116901873,234.7517722111249,184.13963539480142,127.53155570116526,237.5717776033182,228.4489001369077,211.18674914093248,260.96777783638265,214.63745228885213,224.20344151185495,259.2971017725764,286.7195100653824,209.56297485750804,234.38166019896363,241.419018758774,211.89836077506803,213.56577490921362,232.35748848573678,282.1973392443894,292.1244875337436,220.0746829752602,277.20858785642173,220.37321115548156,299.8378492756835,254.07591789099877,275.1798889686232
1610555610.92HPGJJSmyPM40z7otPBgHalNrHFA7zk5d,54.78455932373049,199.99096970935253,0.0,185.63401773107216,156.0383254198564,177.12931229005255,153.88502006152035,70.58405635720159,156.5260382925326,157.41115460647362,236.8488138996943,199.2385266158287,203.25360627374076,135.53018368451214,222.0643353484589,156.67174563893732,277.8184156772484,228.0086012811828,180.27776267084764,150.68168169911152,219.9633093448254,252.86546476532055,154.5741604051763,75.0553039327222,186.2396872283087,198.4425208607991,137.86924102007228,197.8120336433226,192.70409685222103,146.1874247889009,158.6103520644876,176.19892248217957,185.50356561316502,175.6945650488946,180.3875407447645,198.24000143602947,170.27362017333976,171.53354196223538,200.70669954347113,197.4145039843504,177.23262496536177,244.1685233862591,194.0144273325573,184.33786901870968,217.73874021227786,228.20693332612998,173.56585448333743,164.3874560077123,154.82762790874767,209.15558143690325,159.90225630933622,158.49252925461454,200.34173445456327,239.81975385906122,135.9434678075431,182.31914207369127,200.42737149238275,153.24955581915435,157.98479329717298,186.50266729867795,245.0062009254137,262.7558941466332,166.2242360566014,252.31562266979878,158.9006502862886,268.712328386168,198.11469308590787,230.2669673060169
1610555606.68LaSQbm9EHAFycEfFtEqAwYqlBsQPjIRW,191.62645156957691,228.92342086765447,185.63401773107216,0.0,212.30286417252393,224.05779669844225,208.99874701845323,185.26492897380282,201.8223356165288,208.66963271720581,263.09195738746433,223.76429763838456,240.77055962715724,197.31749947316194,261.8417868637385,211.29173292840014,313.6374328680328,246.57227700787072,215.65771872785152,200.30420082447773,248.49520403435616,271.4026002793138,210.36334249738206,184.42194540756935,235.46755578609336,245.5283528761727,194.7275544977697,227.08410721857524,235.3167249437395,202.6773331268822,210.81595093863524,226.14975457058017,225.6251790223486,223.49021213848633,223.8991120572023,248.61438361051967,222.40810004557167,215.89061889585622,258.5146361096842,243.15829960097804,224.66311878593643,266.132919730919,253.85236532100834,230.11369173206222,242.52337371778515,254.51710200741755,225.5679622713051,213.44396625769716,208.5502942068023,247.71211691768343,196.2016819663174,210.26273713599136,244.9053116042797,290.7388179995649,196.31366331345657,231.46998764407547,244.79373781798327,195.92280642202815,201.80254119540157,234.91216456752662,264.18982637325513,294.34637730154213,213.62434220001398,290.83163029162836,205.35990206169393,304.5558890790984,240.7899443087291,257.2797961707487
1610555617.19EKxMEwDHfXiEJZc27TsGoERaD6Da4BZU,163.10987174046295,218.94909618541786,156.0383254198564,212.30286417252393,0.0,201.20569933051584,158.46561231809414,156.899731492427,202.04539010543812,181.5230331178002,250.80947176958009,223.06195290553174,222.41685418335166,168.20737956827475,239.23697096852334,183.09085490313433,286.30161191957325,243.72431465133667,192.30662287028125,185.8254500144223,239.22160356183437,265.82090705243604,177.29846205682833,155.82290642737559,207.36167711030456,217.10787382155195,171.11929448834897,220.73816991418974,217.74167374981297,169.61765245951716,187.57679153235523,207.5057674191299,206.35869938759816,203.0284068874255,206.58747996717827,224.5903968975867,198.6756000548184,198.88057005242553,219.92945067788946,220.8508387777899,206.58476860261513,270.6883228468235,217.2645404196834,216.90954055426894,237.8101338785702,244.3396518059809,201.95678013311638,191.6036068405772,179.56349691649723,231.27415681853878,188.23522051146335,180.46982224799893,223.6429036461573,260.74921797894166,165.46380713872455,200.99741056032968,210.4728231399885,183.74651274578784,186.10935517865616,207.20478587820884,259.8684118808031,277.79625175622385,194.56172280210416,268.251467498723,191.04510462052275,282.9380692249423,223.2762326794787,240.07820959783518
1610555722.52PJ3FD50MGhRXyUD28vluU8Z9UjLJLZn4,182.09388047569132,229.70732403969447,177.12931229005255,224.05779669844225,201.20569933051584,0.0,194.46935943428915,176.1712198361337,191.86537509138182,201.46652143957942,263.5004630300581,226.09104875267738,236.50374636404348,181.48329914865937,253.30688502407085,200.95333445641532,298.80353496576475,246.85507694334248,124.40557812030596,197.42446417657382,257.40482863318397,266.28354626485753,207.74336658913526,172.23999785901384,229.85146609554243,164.2131798168729,190.56652875407326,233.15678523343763,230.4186819252723,183.54451295244345,202.00105259974282,210.34960542163358,224.10279007995433,215.9532431347261,216.33417084512308,235.68457422112942,210.93280147410704,212.4806454215091,237.77605374592562,238.66859091587034,219.99942676109515,270.2611933973568,234.40945818901184,229.63716635049272,256.74230015844023,255.13838540070972,209.76340246915885,198.5538323243374,199.4115385997985,247.4607008935968,200.1880848092219,198.16566016694694,236.3258154464285,270.88036905562353,184.7817126630504,190.52558450653441,237.08330654835115,199.26753578272212,198.67336955162816,209.7652451230243,280.56106543033553,299.3795202327208,208.52819933882006,269.10401158577565,202.67735416470984,289.55904107156954,234.16586017409915,260.99132250751467
1610555617.52Ijr5puT55g9apK8auM7zaxa3NANg502t,161.0511429909508,215.15665855797826,153.88502006152035,208.99874701845323,158.46561231809414,194.46935943428915,0.0,158.12493171999515,172.7093217149497,179.9982484912388,247.13747732004146,217.24492304105905,219.5073691148769,165.11840799902484,239.65232088920257,178.29895056411874,291.24361308494343,238.67536182671373,184.60098119309535,181.13477798747596,242.62469204289417,260.99301544905086,176.58711745006627,156.37390686575222,206.09071692597422,217.29386795903523,169.61134244785663,213.42528494944239,217.2641128948039,161.31842210022165,185.62415971136463,189.0821176794641,205.01870822090623,201.00992164823268,201.9831742101286,223.78955398678218,195.66129935320924,196.94388170949682,218.24781012158812,214.25985360479925,202.59621366088334,259.25657267341177,217.67518026200614,212.56451347261435,231.73593386686798,241.81125228926285,198.7774598954711,189.14069377420594,178.63834299273697,233.43353050124634,184.56180882312609,181.14631521346587,223.09091732032746,260.70568188197774,167.23098730838018,198.60878596415216,217.97746109186946,181.33105664668528,185.18741778687584,200.44830287290873,252.9781200401969,280.15167974388606,193.10944007802829,258.1929255281099,188.87166485235048,278.44739956457624,225.05575205271757,244.84797989231205
1610555638.77ZLjTLkz4jYJdFMI2wWBztzsDILkoOtAk,61.87131439756767,201.3775126271555,70.58405635720159,185.26492897380282,156.899731492427,176.1712198361337,158.12493171999515,0.0,153.87098671680857,159.16904919347897,240.4121635429517,195.24285919716334,204.61804194619225,130.5474273988165,220.22168724001025,160.44988386436523,277.95993356227774,226.86983168993297,180.33963143966284,153.93686098336818,223.42346526459272,250.2211598255903,156.36395266038267,74.6105909611986,188.40379804582577,200.11834295577046,143.80779051916898,202.10329902126517,192.85871450198383,148.07713350285871,158.18576800542562,177.76989223120432,186.9975600958764,179.33724096773665,183.48884239923467,200.14862957773744,171.2397517032958,172.76527989525619,201.13368741840063,190.68353625031628,181.70962707354968,245.51021741050397,198.307624079759,176.24511670939484,219.9445910420051,229.95138790736632,176.77571669816413,162.8007883946129,156.61452356171387,212.66033411703523,156.31107977387654,158.3237604383332,199.37045243619977,240.49523169986404,137.83125835329946,183.88294998762342,202.3391768010381,155.05463870965383,154.86816444418514,187.05398543861259,245.93117059369737,266.1366962823221,166.54742559711465,254.24211446207158,160.5994293036896,269.0479948434498,201.55689145831903,232.55569189825033
1610556912.46C7tJPLF0XfNnm8f1820X9aLmXMHoc0Dw,165.22900626759022,219.3837909684199,156.5260382925326,201.8223356165288,202.04539010543812,191.86537509138182,172.7093217149497,153.87098671680857,0.0,181.70654793803988,254.44797285435635,214.02981643096138,222.60775449329026,173.26723254237234,238.2808548774292,180.8661948100781,293.7982774366369,241.95938597952053,173.6143025774518,177.5992351249068,235.2186944696943,265.09532622456976,179.21574717604787,153.57961418823064,207.7754060352107,221.92208362759317,164.51761353234053,218.9886636753899,213.00895541124788,172.0628590721764,182.39247758882956,199.08613107583196,206.52014629138316,197.70311401259218,202.9393503311946,220.8923397403425,195.67862162987808,193.71569431219365,220.26769929896594,220.501946473412,207.65252929502566,259.0639274411666,216.23298995357914,213.80572931326523,238.0027922792009,245.74154578765834,197.29664542878612,179.9871166425792,179.42539404814855,225.9912357781025,181.25904863010797,185.9300637565175,220.12593057988744,256.0677450545369,163.1248542790339,203.69133948867446,225.27395400260266,177.9803607760396,178.4831323881126,202.79242719736493,262.78350947953163,279.0754145651517,189.23375236666146,263.2496385498809,183.22307455561312,284.7978579743685,217.60856732648674,243.7548557946388
1610555617.51LjzIROg0aeCP2GhDcAVQ0LipKJB9jmKc,164.42366877642743,212.27741741595798,157.41115460647362,208.66963271720581,181.5230331178002,201.46652143957942,179.9982484912388,159.16904919347897,181.70654793803988,0.0,258.36456864489605,216.407951832911,131.56512073599586,168.64883627673035,238.7526277666438,184.84408893625022,296.2378893486355,235.9218614427351,192.8388646422772,183.92503601404428,239.7357568894847,262.1824546580793,178.21178942262068,156.89103848759495,206.10799233866814,223.3578591729862,170.51705329222756,220.1675225857414,196.6494082670991,172.05022503726255,180.5489822239258,198.18319064149637,98.60988413046555,200.90842332547774,204.9962259183324,221.85959203501335,195.89728171920586,197.43311980961417,226.150417468713,220.93203432365246,205.05758173857114,264.40480694066184,219.26980291640555,215.39458329480087,235.59469243960788,242.46633345132864,201.63016877885738,190.61604530377545,115.71785566286928,229.8243381768407,185.39776467653138,184.99848019912787,219.41916885511498,256.5108343075588,170.19255422725396,202.80024462359125,218.14494191861488,181.83795731942106,185.25387081387734,206.07046182129935,261.55435203127155,275.2398858060466,177.25197067010185,267.55990383586766,163.22717281566327,283.2000972959819,222.28458751634543,248.9283787588039
1610555608.17OpjjHobqRkX0UPcaXrbu7K6L3805SZri,241.56833909553384,265.86659900173265,236.8488138996943,263.09195738746433,250.80947176958009,263.5004630300581,247.13747732004146,240.4121635429517,254.44797285435635,258.36456864489605,0.0,264.76994574988714,292.1878836585622,248.68193793559658,299.62430245982324,249.7122664983863,320.91745170894455,282.66241568885675,261.1652230549228,250.4999423292754,285.1599641323493,306.18044805158667,257.94125381313415,236.8302892603519,279.1078581653566,284.38577655281205,240.92860104556925,275.7455208650344,284.153704268546,251.6194834461655,259.61284219499595,271.61579089023826,273.7302352319983,263.61152180406475,267.39417806570737,285.5281963945633,266.6638113432072,269.37054453916977,290.8722483337763,284.80420318001916,269.15904829667795,285.92002201958366,287.5853546206014,272.1575406603497,280.86867132682096,272.8834504959751,267.4720086233428,257.9631691032971,255.04945714167823,287.6861770230174,248.0959421548898,255.54736559513333,276.73879786767054,324.9770851830886,241.98931622826456,273.624220516617,283.2559842589449,246.51298099461394,254.87884394783836,276.1527210180988,324.4289060376665,335.52486935454414,256.56990403789723,328.6999654759911,254.04149435548507,341.48964044098716,281.1435057490294,312.6549711993782
1610555721.82zWeNZfGUUfRJkgnAwlP8VMhPzXctnSd4,194.9336034958656,236.58260684277366,199.2385266158287,223.76429763838456,223.06195290553174,226.09104875267738,217.24492304105905,195.24285919716334,214.02981643096138,216.407951832911,264.76994574988714,0.0,245.05949219826857,193.05946693279625,264.89444985149754,218.83065062646025,305.4955662737276,205.0867519272749,223.31636222017138,206.70518645246324,218.28757781991408,218.94511563870165,216.73269091123717,184.56214608421908,240.99725596906163,251.09845608178784,204.28837304798324,251.46564676488646,233.75320275356864,213.96146023516366,219.67923051133187,233.04155747198269,230.305981448145,226.27118838674627,229.8852486514563,241.77155241789225,227.4057722879134,223.5844092080101,256.27081026477504,250.95123965648713,235.74798865049414,271.59168331615655,247.73995975589793,230.4785506426921,254.11400895596387,262.26121711914016,231.2302267430652,211.27569944873656,204.01873445770474,249.08626018641698,123.67155800013413,213.42130041844152,250.84822809120968,277.5810241982895,206.63770439282945,240.45889098625287,250.07505548381323,200.2644847205671,202.80088834755523,242.28374668510054,285.5059897517123,305.3637434298924,203.21944416429614,297.09314423616087,198.70402451956366,305.8134837801996,242.21437570171813,275.8928414172979
1610555735.75bom85BDF0C7W2eIseHeMxi24qR68nzMi,208.73164523530735,235.38851704197884,203.25360627374076,240.77055962715724,222.41685418335166,236.50374636404348,219.5073691148769,204.61804194619225,222.60775449329026,131.56512073599586,292.1878836585622,245.05949219826857,0.0,211.36999152260245,267.69037440307466,218.4117203253715,325.06317009904376,257.8294173106796,229.23320485681054,208.21674094293624,266.4467212222397,283.9903769082431,219.72651118715476,202.85106562809526,242.95643045460653,255.5751258103046,213.5375892562644,248.35737892321515,232.00439797190097,212.5271388061981,219.27290445664707,234.18599840003412,88.28906312774716,210.19084422681811,235.4000036260582,251.59812002596038,227.8800229487154,208.56394879431,261.1075513632142,256.63127676392253,234.8643197119876,287.7896121481427,248.6980282498246,242.7759673362685,260.8677468608126,262.93720708139426,240.15006027923494,229.8663257177629,175.2141635641642,262.33134574757446,220.8169835688907,225.30443794121777,251.7054351727534,284.8515561026984,207.29817270535406,240.14731295870158,253.3851299102109,216.89684116458642,220.90417765455774,240.71315435485033,287.145512018269,295.13154555467366,198.44166017690134,295.37542892155994,206.33025986536597,307.21533808497327,255.76655425698667,276.9131363553617
1610555735.77NnT5xqKnwcf2BbjIekeb2arTQj6QMNwk,139.99925453679077,207.81023716890667,135.53018368451214,197.31749947316194,168.20737956827475,181.48329914865937,165.11840799902484,130.5474273988165,173.26723254237234,168.64883627673035,248.68193793559658,193.05946693279625,211.36999152260245,0.0,224.80578625342298,173.8021022390419,289.7227242530862,226.90735325330868,173.01015155565605,164.89630783597525,230.99794386890963,247.12404449874663,165.64515032873823,130.9191713872275,195.762541449337,210.92045089935368,158.22500675036463,211.82576004795612,202.19562987816818,156.05192551885304,173.4496984844899,184.46544547858426,195.13003673999177,188.78084498227574,194.20519975982904,209.45574192226957,181.7717080371136,184.02292499376418,212.29975885720802,209.0808679151007,191.799714059574,258.8104902850974,206.22382657982865,203.33391988895923,224.75729138845224,234.5877094746428,187.62594590802487,172.88570477876277,166.71125802403722,224.31151184757667,163.24578416137734,170.19111784253693,213.98299967522408,249.36291449624056,151.75960395713346,193.4791034957508,210.94344010741926,167.5627966525583,161.1740461126602,196.46292396010224,250.81435606028546,273.9342962334813,180.1043985085029,257.3904390616158,173.47335737375457,269.7195117552312,212.6314946897686,243.43993958036478
1610555638.33wjf1PhdNaoWfbRzXVn50hmFyB5bYAiLV,224.75130284208603,275.6577354977035,222.0643353484589,261.8417868637385,239.23697096852334,253.30688502407085,239.65232088920257,220.22168724001025,238.2808548774292,238.7526277666438,299.62430245982324,264.89444985149754,267.69037440307466,224.80578625342298,0.0,230.13957710188774,332.2970351785898,293.8886829598467,245.72092317934587,239.24980131600117,282.3649729324464,307.71777717543887,241.03980193744243,219.18137479361553,261.28199532542703,266.8360091037474,228.63734775290632,269.6853780839127,273.8065032778552,242.35465565224519,243.83972876598352,261.62823355898416,257.20649408249267,252.9815281308067,240.0340401703538,267.7229272418024,245.22329740198006,249.9212511941875,273.96910141126745,270.9584694257426,240.01365030327204,299.1911442222483,257.91201877282475,265.64091263422216,291.70378534775085,296.3808112698219,255.53668906479342,234.5238537845834,241.43521206085543,278.87063300362433,241.95169486473918,230.989403283365,272.10361417036574,281.0298803385888,227.19829496248445,259.44202112117273,264.44369479533793,243.1906537633405,240.1740570680465,266.02061288822216,303.1882488855287,322.5280496850916,248.32316387161066,310.633011518146,242.5822407080524,333.9183043956324,276.1505334261783,291.75573049416164
1610555606.65jCE4ig8Pu8kvAzkxnSGfWsV0nQBjCf8H,163.71593429140933,222.79412398004928,156.67174563893732,211.29173292840014,183.09085490313433,200.95333445641532,178.29895056411874,160.44988386436523,180.8661948100781,184.84408893625022,249.7122664983863,218.83065062646025,218.4117203253715,173.8021022390419,230.13957710188774,0.0,295.61137621673714,246.2838616518902,192.43531485476416,179.37165618804516,235.2444082298472,268.69735374874125,185.99593112720686,156.66843967417677,213.10290766707277,222.9774471001366,170.04665582207556,222.00638684540272,215.29844724316254,178.66442708861265,192.11873551222934,203.38311791686579,201.7185414130498,174.16084841291868,176.31228132018126,222.86961066067522,197.40056056634452,176.0744493941569,226.92529052065046,223.86321831047795,192.7366250114663,269.0757228405462,218.430182471276,215.27928882228628,252.1567019613708,248.54659211107034,199.44714967832388,190.52760382014895,182.77339847537394,229.58925924750466,187.4568474822115,185.3671593165361,227.66565206821608,261.4382711982512,166.18839721399323,209.4684778679907,229.20208316409835,186.04084280826908,184.42130432105512,213.15501611327272,259.76889893589026,278.9626874425733,187.46353466806383,271.736360416722,185.42249108389987,279.15709278814495,220.18855319558665,233.65655185901997
1610555608.18ONsBCVo1i7BrX0XG9stct4oiA6ejX9Oz,281.9004336780351,287.8769252971423,277.8184156772484,313.6374328680328,286.30161191957325,298.80353496576475,291.24361308494343,277.95993356227774,293.7982774366369,296.2378893486355,320.91745170894455,305.4955662737276,325.06317009904376,289.7227242530862,332.2970351785898,295.61137621673714,0.0,305.66795610693794,293.39093971467975,291.62740389674383,315.5124395993524,337.12446517011347,287.06508254725696,278.46482851172925,311.06737776182354,305.7591045959623,288.5130162759717,314.6130259608777,307.2704283566908,280.69552700701877,288.9280760066923,301.0642146460511,310.5019412155117,305.9367395958714,303.8693888579557,298.9577691079839,300.2491161957497,293.2940039199805,317.18998034493495,319.73069117818653,306.2015069714428,342.37937933874525,322.19113430055387,312.61815935303855,307.12076496600906,299.489549774618,308.3885337189188,296.4683957592226,297.2618554840513,318.51459936088804,290.67321694377364,297.8637857027856,330.16808259977563,335.55460178501784,285.99112812261734,306.1767591236834,304.7519194747298,290.3582385062134,292.5662931954553,304.2166011551225,362.3972233313324,355.41931065394937,293.7345698288597,348.9322825396054,296.84919660051986,357.6834263931199,313.1041920497087,348.6717563867085
1610555721.51RNoQUMP19FTMS79BmA3JkgSm2IC2AQuQ,227.0864922438926,117.84103031136631,228.0086012811828,246.57227700787072,243.72431465133667,246.85507694334248,238.67536182671373,226.86983168993297,241.95938597952053,235.9218614427351,282.66241568885675,205.0867519272749,257.8294173106796,226.90735325330868,293.8886829598467,246.2838616518902,305.66795610693794,0.0,243.0783816535419,234.55725892319265,260.25011700613896,265.53893583406136,238.6008950207212,218.75927569213607,257.2263435137445,272.8927896551194,234.75269824638994,263.2641941432298,255.25583676163785,230.87154764133606,249.72410459980787,249.95105513940007,247.3151125965357,247.9751644268226,257.04622419853285,272.8744983629419,256.7047002957588,245.12367564793362,260.9362917286186,271.53026236586675,254.2029959307414,297.3503071111955,275.3973500236722,254.6120106978779,215.6872873557652,174.23381394232163,258.7332329904198,241.58808916951386,234.9409835991404,276.647393215993,207.70538815624647,242.9111008834169,278.13333964286636,307.12346312126203,233.90554743093386,257.56027126551095,261.29392761435065,234.53055868419972,235.44923181719818,253.9740741365991,297.1811742997475,311.65990759489125,238.38910954789128,296.9061234739655,237.65383619764106,315.8617508834949,270.33505435833194,292.1929164036493
1610555971.86O0cHB2ibBJ8jxoObg01EpGe8VVV5mpwn,192.38939148897177,221.20955539295994,180.27776267084764,215.65771872785152,192.30662287028125,124.40557812030596,184.60098119309535,180.33963143966284,173.6143025774518,192.8388646422772,261.1652230549228,223.31636222017138,229.23320485681054,173.01015155565605,245.72092317934587,192.43531485476416,293.39093971467975,243.0783816535419,0.0,188.81633830445114,246.18930812046042,256.3010353046002,188.74184474906417,177.673302844561,222.23038444152724,182.75845431832443,178.36370384959844,227.8802711879226,223.0696057723343,171.78431066660613,193.54776768187978,199.36677981930046,216.37959464140346,208.13478110560027,207.58047213415546,225.86260039119387,203.11768990988332,204.49064823516179,228.29945443403457,237.72155950654795,215.6041429435039,270.94013742498333,227.73645098059234,230.19909348615911,248.6866648320161,247.74933948289163,208.58106354714073,190.42064344527589,190.69092842161382,233.35188917212201,194.92021213195216,190.58044237150514,231.12722114295636,263.6836925198136,175.76423922582694,211.16160820002705,228.6948135106794,189.65462052377194,189.57992408279375,206.46734594162908,271.21784741301343,291.1009589200913,200.27197040707227,263.8561892866038,194.44954845676142,290.2784351391779,225.81732593188414,252.72702055282002
1610556911.51zU3duZSGpcw1BDNsBLxdOCITAXwl6z3i,159.59628281404477,208.89879147067387,150.68168169911152,200.30420082447773,185.8254500144223,197.42446417657382,181.13477798747596,153.93686098336818,177.5992351249068,183.92503601404428,250.4999423292754,206.70518645246324,208.21674094293624,164.89630783597525,239.24980131600117,179.37165618804516,291.62740389674383,234.55725892319265,188.81633830445114,0.0,230.11637860321707,259.4677345745883,181.37260993273358,152.69924911559502,209.76715692156938,219.74370490717112,165.41160038053422,206.2387118641726,202.9841343731705,174.71765879230227,184.04143260344685,200.18850784779156,190.63289743173297,179.53428624370804,201.5491234634829,206.48841997951843,200.16049710888825,175.30973113087964,223.2351615774139,219.86007090981792,201.18977494663446,250.68146843346938,215.50320727802873,201.01068971692058,217.851367607978,236.72564393551107,196.3251126462676,186.38563759888308,181.7061919379771,226.4072179181673,175.4377331484617,181.59262498818165,220.99349795051248,257.8563215854191,164.72118620626318,205.6850744261528,222.64021349321425,174.8650919511827,173.13802959279602,209.75458233620688,259.3480152832076,274.16854037095715,175.4022526249278,273.35324735424825,178.28345712889632,273.95481374012957,218.6625575755019,248.59575878916638
1610555988.71dMoYT8250UHHJGxgmITTmbHe7V6gH1yU,227.98368066550768,259.79797535958784,219.9633093448254,248.49520403435616,239.22160356183437,257.40482863318397,242.62469204289417,223.42346526459272,235.2186944696943,239.7357568894847,285.1599641323493,218.28757781991408,266.4467212222397,230.99794386890963,282.3649729324464,235.2444082298472,315.5124395993524,260.25011700613896,246.18930812046042,230.11637860321707,0.0,276.0577925088287,241.39114489672008,222.06299676431664,260.67629588986586,266.05050992148244,228.21000873202541,273.47529942183616,258.94713624525684,236.8811155406668,242.97596577137406,255.14786401229117,252.9437598052236,249.27645636148065,240.6789619428828,268.61458474672816,249.8276557333036,247.23463162060318,277.3995056985251,271.1925295730909,253.69376131825607,294.99303550654173,267.56849928213535,254.25026622718016,273.1510866179408,281.97301272935727,252.3985198980799,237.1231530131729,230.24282261767587,275.6731808948909,211.34862335161395,245.73194115612748,270.8604200382874,297.10525018984873,227.982705338738,260.6451878960079,268.1465272760439,223.15389426755692,224.68084657617177,253.93795931595395,303.5531440477536,322.29072007524104,233.6865706030085,305.7586229248494,225.80047650356755,323.89224804572456,272.89609020885234,296.1773119890033
1610556042.81mlUZsSp7gbGjrp8jQSnybT1gPy6e62o1,252.12329570444473,271.4518327084449,252.86546476532055,271.4026002793138,265.82090705243604,266.28354626485753,260.99301544905086,250.2211598255903,265.09532622456976,262.1824546580793,306.18044805158667,218.94511563870165,283.9903769082431,247.12404449874663,307.71777717543887,268.69735374874125,337.12446517011347,265.53893583406136,256.3010353046002,259.4677345745883,276.0577925088287,0.0,241.68654988238248,244.5206489778536,278.2026932795607,284.1320422044235,259.0117396637169,293.5185380568485,284.7703149625995,239.3522606601673,271.28520486151376,255.81652832871956,273.8394098311511,276.2817694066423,276.6796878887918,286.8678256290209,276.71469317028567,277.3626429601979,294.0788842694431,294.91784451918664,282.43542292397103,313.5238952179391,294.12744940258654,283.1976390122229,288.3846626169124,293.18271870919176,280.57264540149924,262.40868262379576,247.18215646034494,292.18932387671043,228.96290067400378,263.4315626970559,295.8363610180053,322.9136446162546,258.95469716153485,284.49219577403187,286.4545463619342,258.09462347377666,246.22142952898062,263.3541011140266,323.11073352817175,347.1112985192825,254.49830991020943,323.24411024584987,258.79604704225187,337.31454838183606,284.86049236306997,309.5361290649836
1610555637.02UBW5nKvDyUrKnaWcYRGajZPxTRDS0q3N,161.7097471531088,215.71763761948912,154.5741604051763,210.36334249738206,177.29846205682833,207.74336658913526,176.58711745006627,156.36395266038267,179.21574717604787,178.21178942262068,257.94125381313415,216.73269091123717,219.72651118715476,165.64515032873823,241.03980193744243,185.99593112720686,287.06508254725696,238.6008950207212,188.74184474906417,181.37260993273358,241.39114489672008,241.68654988238248,0.0,154.04446574978965,199.84017032920747,221.77159520143547,174.34281120098254,220.99817340424522,215.03015305398688,158.54790423006216,187.234330991823,199.7236438560938,203.45206597591456,201.48072196192152,205.0580975457051,221.44070284582523,195.71961829433428,197.55269414975777,215.16688234754582,222.80918160764566,205.7813824285552,266.60266395946456,221.36272032166923,215.24851089224802,231.12376124129622,240.95332053927774,194.87504454581773,191.56607060414515,165.86419536045,230.73329095362982,184.95901610675338,185.29114414439164,224.02433047196848,260.43976956873126,168.49708760416476,198.37936693427224,213.8037688205116,181.23827146496868,182.84792987542824,194.28150293178552,255.63197734800238,276.79450235193656,188.31027204746016,260.56024159386754,187.8133402001659,277.05870961216897,218.45641134229794,254.18246093147275
1610555619.13oUYNikU4facCTpUSiSLr0vPI0tJLnXiT,58.15457474926754,199.5818486948655,75.0553039327222,184.42194540756935,155.82290642737559,172.23999785901384,156.37390686575222,74.6105909611986,153.57961418823064,156.89103848759495,236.8302892603519,184.56214608421908,202.85106562809526,130.9191713872275,219.18137479361553,156.66843967417677,278.46482851172925,218.75927569213607,177.673302844561,152.69924911559502,222.06299676431664,244.5206489778536,154.04446574978965,0.0,187.04784372485105,199.05547824804083,135.7436573632608,199.33226327105328,192.12312917768455,145.62722798152643,158.0030110388695,175.7344207804893,185.062419789569,174.7488736962846,179.6810859631161,198.2467467290114,170.30519424357436,171.0410150067763,200.2993286521154,194.38354542753186,181.19552015045923,249.68144928981,193.01867840767747,181.02736197756366,219.28237297523208,228.70770591154323,172.64100715909342,160.26850102867883,154.29880338817455,207.97140565818356,145.027049965531,156.13415275306542,199.75011915328187,239.0386287057095,135.1959596325949,183.64331917841838,201.9266763249359,152.71526682667042,148.5502246453043,185.65061076587426,244.3389913418187,262.42004552170874,165.68039534501509,250.5089796938861,158.37859680645616,269.3070239187482,197.046948725789,229.6333547242737
1610555721.03nzkucfjAUh31zTbmCVvTVYqtjoxZFnBh,192.87497445691497,236.24017308712448,186.2396872283087,235.46755578609336,207.36167711030456,229.85146609554243,206.09071692597422,188.40379804582577,207.7754060352107,206.10799233866814,279.1078581653566,240.99725596906163,242.95643045460653,195.762541449337,261.28199532542703,213.10290766707277,311.06737776182354,257.2263435137445,222.23038444152724,209.76715692156938,260.67629588986586,278.2026932795607,199.84017032920747,187.04784372485105,0.0,247.2918920109187,200.07360968633907,243.94200314237617,242.22280528001093,196.7895780221255,215.71034110146908,219.744206056013,228.2844842877677,228.82299381223012,231.7754556729554,245.3787006918773,223.03699136340148,225.56907059118586,236.06805705775741,246.7145491302315,232.8834494647076,288.88711600349075,241.9664661187775,240.16720876336134,251.06948473978815,260.35757508151823,224.10612877865805,229.6653972663568,199.8752730288998,257.2043942175737,212.48545703657354,212.60295441011107,250.52935485224174,281.463608889534,197.48815476818086,222.59442040036652,233.01136621154149,212.58166815192791,211.28675600971312,215.6593028460925,292.0432477602307,305.1154851118834,220.72264208879983,275.0795758664109,216.36361080997906,300.8212464666553,250.35046251832227,273.3981271582616
1610555722.67fhKURdXVzRbLIjXmjRwdJHTnE7PWb1AE,203.8896462415835,249.7692877344042,198.4425208607991,245.5283528761727,217.10787382155195,164.2131798168729,217.29386795903523,200.11834295577046,221.92208362759317,223.3578591729862,284.38577655281205,251.09845608178784,255.5751258103046,210.92045089935368,266.8360091037474,222.9774471001366,305.7591045959623,272.8927896551194,182.75845431832443,219.74370490717112,266.05050992148244,284.1320422044235,221.77159520143547,199.05547824804083,247.2918920109187,0.0,218.84357428194224,254.0625508530567,250.36125406664146,209.28195588279607,223.82820637032694,241.11515849135068,243.9713805244277,236.55549608906563,237.5416496662213,256.58424896132607,232.16501274352592,233.38511362795808,250.7273356277826,254.03991457157127,240.18138836102847,283.0571769220383,254.57965566206911,240.5542284643125,274.0113112426979,273.1724850550793,233.66722583367846,223.3519584118708,221.50606249065538,272.7003058971379,219.91016020278036,220.68193429840485,251.51118304424293,288.29439710631533,208.97842478194252,220.3197339978115,250.58109371168555,221.82210195575874,219.79139008638137,235.81388974308717,301.9307538034603,314.1753683952253,229.65776809502432,284.7707337228779,224.5660932590704,306.38570248151177,254.38929551466032,273.05676970368626
1610555638.39J2ZWBLuLTHP0jOlzB4tNHmYeijH5g5YJ,145.82588325968996,211.4933251867044,137.86924102007228,194.7275544977697,171.11929448834897,190.56652875407326,169.61134244785663,143.80779051916898,164.51761353234053,170.51705329222756,240.92860104556925,204.28837304798324,213.5375892562644,158.22500675036463,228.63734775290632,170.04665582207556,288.5130162759717,234.75269824638994,178.36370384959844,165.41160038053422,228.21000873202541,259.0117396637169,174.34281120098254,135.7436573632608,200.07360968633907,218.84357428194224,0.0,208.48895829852555,204.03196140972807,160.2309265771619,172.0885557580724,177.15400381429032,196.7469611559973,187.63616005868317,192.62995431184223,208.62938278566634,181.4069410184298,183.2886598556219,212.7841854260555,216.95367901262065,192.6962136001293,258.82545548182105,205.23454366086347,203.04219848840748,230.30304224045108,239.11584479527255,176.3383960890302,174.8204217744318,170.0676117455908,165.21998153298068,169.47488356669294,174.05314130793874,211.1943001671931,249.03955174209992,151.0075755687705,203.48498418815572,213.161845725135,162.83919919029555,167.022428131114,192.2231073165527,253.61762811590972,263.3886156420425,178.57384238716992,265.55153125528517,171.5186544169543,280.3628872659318,175.1233465315159,237.1748650431495
1610556032.17Q6yCDx9g7alRnL9jBFXD2JhhUyB2hKfJ,203.7748585844466,236.30639213429882,197.8120336433226,227.08410721857524,220.73816991418974,233.15678523343763,213.42528494944239,202.10329902126517,218.9886636753899,220.1675225857414,275.7455208650344,251.46564676488646,248.35737892321515,211.82576004795612,269.6853780839127,222.00638684540272,314.6130259608777,263.2641941432298,227.8802711879226,206.2387118641726,273.47529942183616,293.5185380568485,220.99817340424522,199.33226327105328,243.94200314237617,254.0625508530567,208.48895829852555,0.0,243.88001993944317,214.78803962428097,223.46782433102157,238.1836744726768,233.81205708844354,234.49959812975248,239.63756413753998,242.75356376718196,230.71091284522572,225.8974742038351,258.3306201219473,252.5078400293961,238.6186409722211,274.09072072167817,246.95780701952853,232.84999680382208,258.8084714415146,261.3291474305049,234.64333331743487,226.9410229602366,219.59590736221125,264.592338087836,219.36232453227151,215.57263526380154,255.9507223144185,290.1080534851802,209.03961647623163,241.7601806572344,250.31229328297616,204.7126009576389,209.62736995560314,247.02656386478174,273.2298832392609,304.4034549368425,221.22179027122166,297.71433013110067,222.47549824763138,311.75594084719165,256.36087510182386,269.64879855974993
