,1610555604.25mOvVXuL01OCiReyVWBfesjuvXmB3MoPy,1610555605.43B6oDsBtWRQ29Q9UMQuTUEPZy3FSSWXzc,1610555610.92HPGJJSmyPM40z7otPBgHalNrHFA7zk5d,1610555606.68LaSQbm9EHAFycEfFtEqAwYqlBsQPjIRW,1610555617.19EKxMEwDHfXiEJZc27TsGoERaD6Da4BZU,1610555722.52PJ3FD50MGhRXyUD28vluU8Z9UjLJLZn4,1610555617.52Ijr5puT55g9apK8auM7zaxa3NANg502t,1610555638.77ZLjTLkz4jYJdFMI2wWBztzsDILkoOtAk,1610556912.46C7tJPLF0XfNnm8f1820X9aLmXMHoc0Dw,1610555617.51LjzIROg0aeCP2GhDcAVQ0LipKJB9jmKc,1610555608.17OpjjHobqRkX0UPcaXrbu7K6L3805SZri,1610555721.82zWeNZfGUUfRJkgnAwlP8VMhPzXctnSd4,1610555735.75bom85BDF0C7W2eIseHeMxi24qR68nzMi,1610555735.77NnT5xqKnwcf2BbjIekeb2arTQj6QMNwk,1610555638.33wjf1PhdNaoWfbRzXVn50hmFyB5bYAiLV,1610555606.65jCE4ig8Pu8kvAzkxnSGfWsV0nQBjCf8H,1610555608.18ONsBCVo1i7BrX0XG9stct4oiA6ejX9Oz,1610555721.51RNoQUMP19FTMS79BmA3JkgSm2IC2AQuQ,1610555971.86O0cHB2ibBJ8jxoObg01EpGe8VVV5mpwn,1610556911.51zU3duZSGpcw1BDNsBLxdOCITAXwl6z3i,1610555988.71dMoYT8250UHHJGxgmITTmbHe7V6gH1yU,1610556042.81mlUZsSp7gbGjrp8jQSnybT1gPy6e62o1,1610555637.02UBW5nKvDyUrKnaWcYRGajZPxTRDS0q3N,1610555619.13oUYNikU4facCTpUSiSLr0vPI0tJLnXiT,1610555721.03nzkucfjAUh31zTbmCVvTVYqtjoxZFnBh,1610555722.67fhKURdXVzRbLIjXmjRwdJHTnE7PWb1AE,1610555638.39J2ZWBLuLTHP0jOlzB4tNHmYeijH5g5YJ,1610556032.17Q6yCDx9g7alRnL9jBFXD2JhhUyB2hKfJ,1610557007.49MyVgDnuUuBxrvL6SGOdhKf69VYlW1MSm,1610555638.44hjT5hbYdKoE3MB6hijrjqbjmLgvCUYKD,1610555608.13zUvmFSCRt6SsLbhqFznMEvGx54GPGQzM,1610556038.62a5C4ynd1AARyAhTv8a58NCqHvXRjscqH,1610555644.45Xse8u7pusHNsd7F3d0A32HXvXr6weOJE,1610556038.62gKXOCG7XCn55eJvyl5voNjbwOW0znQDq,1610555987.13v0oleKK97pkesp6oMgprH8SoSdoDVdIO,1610556964.96ZLLeiQW0qpmxhPGTg7K03fmzkqsC2bjC,1610555987.13VQlEedQ50VvkPMEMzZDv3KNnQCewykN9,1610555982.186TY6MMGkDecIN1woW6vsfAMXVV7jnyjO,1610555982.673LuMndkwkvdmZOn0MmE2Pkidx0FtNalb,1610555733.38zItcuH7gHNfKdALR2d9Nek6bxCyw36Vm,1610556034.15BQxSbZINGCay0yp6RBVlgcPrw76Yn9ON,1610555639.37BPZpgtGml8qUsh9AdV4m32jPLfI2aNFq,1610556965.57S0adAalhWYe6K3bkZU0bRHbqnDK8gGkR,1610555983.54zteLPCMjyrjzPdhHhlZr3faCgD0TfYr3,1610555987.79rHnNRmt9a0ufmnwCvZqBouyUoZDNpylW,1610556960.041xWER61rmArlsKfiMl4frikWmUCnQ7op,1610556035.13a7NHZDutfTMJ88qle1gTYY59Dr4WmMsj,1610556890.456ZBDaY16bMtrTZTqAgHl3wq1tRxzqDow,1610555760.24e6890pkbyZ97Or6croI1rQgjkSsR0yVt,1610556043.02YpWMIJg3W004iqlPyv8OcVAZdSC5rNYw,1610555987.03z05P26TLtONYM1HSzupoc2CeNMa6HTqr,1610556032.15OYCzUxpsz7b10AXBAuDXrvEcvxFhf0M7,1610556032.63Z80yI9pNwS3jSmsDABbuhf8wkNa2Ze9y,1610555736.28eGuESasTXdR3SqY6pHhEXWZtcdciYLCO,1610556034.61bebeZA0MkaFG2sm3VKiqrxeqQginTTW0,1610556944.5XwXOphKYT3ZkWA8gViqOS97VHVuMVUqb,1610556944.745UVLFBzf7fPh4UH37I6tYQOFPqRDytEh,1610556034.63XsUwaFaPZevO1JNFjfhvY4aKNFnV4noV,1610556964.89xwBHw9faT1HjQRMNQEyA4qJ3hWkwgj3k,1610556966.74DydzH91jtyvRyYau47JpVkZoMRSNTt01,1610555740.77UueVziDbaXyRR4OcVJIIZyzOfAzN51bj,1610556046.84e3vwjyRCzqz0wJQhrk8zsxlFfFSv98Df,1610556137.99eoPuVrDThKAOvmeprLPb2FWRqIhzUodc,1610555740.73XFwSrmTXJPlaxGZSefh0jOVA8PI3III1,1610556123.88AOfNaz9jSnqU5Czc7okOv1RCrYfKFBTo,1610556046.85nB7NvyoYQeLcOV391Lmmut1wAM8CFGLw,1610556123.89H4pdIAzDthI7bMXMhlIhKUYIQIvtmPPQ,1610555740.87GOYQUJKpkynIS2lFqppYK4b32ol7NeGh
1610555604.25mOvVXuL01OCiReyVWBfesjuvXmB3MoPy,0.0,269.91450655830283,77.55855460107898,252.1604510886682,178.99505508975398,218.73007813295968,181.33988255869593,93.38226330929801,146.21081244972405,221.88823177782163,287.873335625267,256.1147465007004,269.02910979111624,144.12070792629444,270.07141148558856,219.98048489994756,302.33638341679364,280.0294265223148,197.51833908143163,208.46758536184427,271.7065766258317,296.0477714461384,194.3421956069856,86.84247275299103,235.44952304139292,229.90270024426252,183.68509948941917,259.1832379962521,264.5950596917534,200.19765620741734,217.72593292071446,215.81997068306623,255.06547476860496,248.5316411526175,246.77657263075162,246.160873197749,239.83199261008562,240.69725693584718,266.2582112606529,247.8381314574796,245.41793400496076,291.7938701537618,250.0504683019018,242.57879529093108,283.5201677073704,290.16797567761694,241.87695448838335,208.81289814985377,215.9014082674254,257.37265282618813,220.7867624100354,207.3966267615495,258.0557303475508,295.0930421311103,205.33099277370127,224.37117885430078,244.57096094649592,231.72757742289943,215.16660949850728,233.5286350692051,289.9376047215825,311.5437336929715,238.5884132580767,289.3163818135409,225.27292265238518,303.6192415863925,240.11157231761365,282.05073005053225
1610555605.43B6oDsBtWRQ29Q9UMQuTUEPZy3FSSWXzc,269.91450655830283,0.0,271.63154080884976,220.77219221462298,270.0876719785128,265.70925436597247,263.8676444027997,274.3555679462788,276.5532465665469,253.61117728798757,234.32041348635852,255.29769169924137,248.92961002224936,277.1040705902071,264.70963321839946,254.75902850954267,252.28261997625867,149.4136562294474,270.01289692830267,242.5255984947026,275.56022446972815,260.20965364193586,254.97568271904265,271.25295142250064,265.8683231377386,281.3742678148235,271.18706151383265,262.6019666867781,245.5152249714598,243.83060337129535,259.47204619140115,263.809092774341,254.4654212997757,235.07769788277102,259.3706109785261,282.44318700657686,261.439674852195,229.46450521027444,216.93653152048017,297.0514375195409,242.9244916608157,262.1070335901423,284.4183591223909,240.35803910802673,183.3946960597566,156.757934631235,284.5209884808249,276.19949759864437,240.82143071651046,296.03798410325504,251.12482804892844,282.0601304903204,279.10237798108756,249.9813446911412,252.25397806490847,268.31956727341264,249.38721831235068,259.533025348555,257.5902300320469,261.85127476931217,259.2600728530423,262.1015000588722,236.4626009826579,275.7268743541959,240.40190027237696,268.9596963432973,286.8496114970675,262.3176478137443
1610555610.92HPGJJSmyPM40z7otPBgHalNrHFA7zk5d,77.55855460107898,271.63154080884976,0.0,248.76980295169182,174.32921806618356,215.85965486884203,173.79656123228952,92.61626840366998,145.47234081178098,224.72023686576512,284.85558071532057,257.65845742957293,272.5816950576581,132.97487454288895,269.3293011769124,218.80558062239325,299.0561469026582,282.6713057891017,197.52062115758937,210.26120639077996,273.42916993097725,296.4117378318751,192.76950200002383,87.6061403765568,231.98290566169965,226.874950061158,180.87710368512853,257.40325654065634,263.0743960361317,196.65656609243655,218.6536276503365,214.76714049554084,258.31468460158897,249.70395548425225,248.17678445939828,243.47327308859442,239.09661357860875,241.80345859094936,265.02639257809153,249.36672961893913,242.30795447928048,291.22560115880754,247.6839438528791,247.3242327456321,284.102367791866,288.22766832424344,241.14902471656507,211.08127127054402,217.5668022014309,254.81600538809673,224.96782922888784,204.62784985810532,256.6778066117506,293.7095714480778,204.03980983540382,221.1402691404754,243.5684624671558,230.61345149953982,218.98815105176504,230.53158472796943,287.3830871307693,308.93913139947745,239.30574142238814,287.26799148162416,225.8645276119697,303.50346440345237,237.71442856275436,279.7663483101792
1610555606.68LaSQbm9EHAFycEfFtEqAwYqlBsQPjIRW,252.1604510886682,220.77219221462298,248.76980295169182,0.0,250.01924890022605,265.190248972845,249.83799413837576,251.12658721834026,255.26976365892088,264.32952504894854,208.49798443948302,236.74784650102515,289.72444139271204,257.554662479795,258.91686469934217,236.96921157387902,245.99774624411702,237.11619952364683,252.8822815859526,243.52390454306538,260.22144184977844,272.31293409800145,253.89911624338984,250.33814529300028,273.83715149955447,273.89227517612306,241.29851254581155,251.58685940211424,266.9739867878853,248.06011974133966,242.39232231742696,263.1591068245512,278.83887713615974,260.27833013726854,231.0535985937693,240.5578233103452,241.38267795581754,258.7153830763016,223.64154341375087,268.2046076967956,212.11143278620193,246.1666468123799,247.3236134856307,224.5042100231353,253.04975436099446,247.07089331583765,283.8606152374816,268.24900152144244,251.67422431070088,267.48854055103493,243.7640403031341,257.4937839858613,278.226215539991,253.16165920963513,229.48057567413002,273.0245609975241,269.6608121555374,236.00878767311937,257.93828190712867,270.8136825495946,273.4841982163677,278.058291793895,248.2172652379526,290.5719041264434,245.64441912096206,288.2834011968977,252.572177764267,273.01084044108495
1610555617.19EKxMEwDHfXiEJZc27TsGoERaD6Da4BZU,178.99505508975398,270.0876719785128,174.32921806618356,250.01924890022605,0.0,235.74674300979598,146.2049706618689,179.13184355691362,163.42514793368312,231.2690454312954,274.1388241765994,267.6413722454721,280.3180390311652,179.95552463448425,270.0312042481708,222.13150426362182,291.8774918807148,283.759474693808,217.78926262416434,224.82607009323186,281.04635573717985,289.233847575321,161.85923212702252,178.2469224305056,227.55278909556142,244.0429458954943,165.15097668437275,267.92985713523836,274.42223268820555,179.079250932419,219.48372837203928,188.0131161824082,265.9684868842359,254.50399199469862,254.68245911175154,248.51038358129435,244.75301240088143,241.61587114702948,258.7428839276509,261.94801910662005,243.53754240470133,295.04026006655357,247.90884727158013,267.9097799160042,283.9173615386166,291.1087826106922,249.21313280128982,225.43052730737324,216.24178857788658,244.26997886229333,244.75294070157966,211.1698113985972,259.6324311565889,290.84047796799086,213.3010546821543,211.20378915995417,239.02801826894256,243.61470449035752,238.4631416936627,222.5137903951697,281.62601317664996,307.006170775546,241.85091680542305,279.7146832094614,222.47737509906537,301.0704078168657,245.0542578031665,272.1008457988396
1610555722.52PJ3FD50MGhRXyUD28vluU8Z9UjLJLZn4,218.73007813295968,265.70925436597247,215.85965486884203,265.190248972845,235.74674300979598,0.0,221.50724934639538,216.9549455485452,215.83518229312332,270.1540137816002,274.6517802884217,266.10864409784085,297.4443548882967,216.64915265933413,278.66074492787,256.81882146839,285.47244533519705,268.895001806837,139.3923169444936,251.66338176709291,273.5803149513739,269.7824557410011,223.73959244634653,216.67092856979798,230.58234665963354,122.41659890780109,225.14824799374296,267.54510922537304,289.23050759456595,199.9439746772839,260.59233165047374,202.86101337594357,295.8366003050672,274.7424337891774,269.77808864679776,257.4483598366088,269.9751916093106,273.9840048890553,264.038417263515,259.9862127164381,278.6514076787739,285.64396575391413,273.832703642789,256.42264332859054,274.3967093590987,263.7106908276899,228.98390572076326,220.50857046761797,262.1705485572475,263.2134328658386,243.4141344180234,211.18256824214748,264.58402063059253,289.5403767928385,250.7944015612342,217.08397097155023,257.26129459259835,246.959016327934,239.74237352869355,198.1389896097756,270.9640797629696,295.7821053466086,270.6991282161586,258.3096684713408,268.5370303748361,286.9985715452662,252.22434382802552,268.5330436349424
1610555617.52Ijr5puT55g9apK8auM7zaxa3NANg502t,181.33988255869593,263.8676444027997,173.79656123228952,249.83799413837576,146.2049706618689,221.50724934639538,0.0,176.7938879015068,184.83072211755464,246.0266579368142,268.61168840998346,274.9427998338375,283.8330611311964,168.553469976238,270.268249036313,235.42123000706397,287.4027059374631,280.21983214074965,206.0439463536815,238.3885672550227,290.84885164984775,282.4267993357406,191.1522301433557,174.93230718951753,236.2097763346256,225.96012824850564,196.22514617071667,268.8651240838154,272.6781532291008,156.66824563006526,232.28209922169088,180.67472957474413,277.0974441076095,261.67135543639597,261.3976767175627,248.45692829854306,256.8168977064928,252.08777121613127,259.4989771236023,261.98316603335616,255.19298177330947,296.13265992983645,258.9810445620537,265.9076678083543,276.4351456246789,283.81666917288084,263.241900651224,231.42758984653793,230.87652854287873,260.63289948338155,250.09786884561723,219.88553745320604,260.1464588228291,285.1169992756034,226.8356672572602,218.28704782612817,242.90836929509737,253.13897217030538,243.55102275889925,206.82592177830486,277.7528981504623,300.43994920016286,251.7552046030522,271.8988513261015,236.85413614399368,295.39697450344306,247.378943749478,272.6183578430991
1610555638.77ZLjTLkz4jYJdFMI2wWBztzsDILkoOtAk,93.38226330929801,274.3555679462788,92.61626840366998,251.12658721834026,179.13184355691362,216.9549455485452,176.7938879015068,0.0,148.03789345309164,230.2669371048286,286.1310206587211,256.0528269170352,275.45518684921063,117.14601242516622,269.5202996043622,222.30915181721235,299.6498876425523,280.0029528249526,198.66255968037208,214.45126784722325,271.37811715683614,294.2228795014944,198.35342724230298,84.114126370261,235.62270816971306,226.21188055451563,187.868750226637,258.4140715132581,266.18309036985215,201.3779601539521,222.92403939618413,218.30951799032056,261.8422409692147,253.3157128196753,249.77354477181765,242.81693710391423,242.1596549432365,244.73725286930278,268.29241219621593,250.4447476912545,245.63390293144133,289.62769261076323,248.90654195903733,242.84908105255164,284.8512039566841,288.8588438995926,243.6684683090746,214.13729719826978,223.03844596557929,257.58540293465467,223.22119809452192,207.54708614344065,260.2531878420333,295.0471671058912,208.58993769219313,225.90877578746264,245.74812172140116,233.72266985596664,217.35067730540663,232.39870723767453,286.1972055387517,310.54536577128647,242.75386779949932,287.1459085780101,230.62498094174506,300.9732746993643,241.29331908919588,278.0454737848664
1610556912.46C7tJPLF0XfNnm8f1820X9aLmXMHoc0Dw,146.21081244972405,276.5532465665469,145.47234081178098,255.26976365892088,163.42514793368312,215.83518229312332,184.83072211755464,148.03789345309164,0.0,234.6052358341838,286.0914107812695,254.40859330304477,279.76361274845976,162.31725716399046,261.68941734014805,225.68417763836177,299.66998105374057,279.263865475313,182.83130722111972,216.93328042198456,264.68668111916236,290.97095669122325,198.62635846119784,143.50178240425788,234.94392559514478,223.88376331987203,184.36496531449086,257.22959203034713,270.1327821998097,204.27386750039528,226.54068700878034,211.71288416628917,266.2205128622079,254.70843413618402,248.0038488779509,240.96241209899821,240.63816225922764,248.515573355047,269.3813738094392,253.6678354945272,249.50401066329454,283.41050881427753,243.83185108768214,251.62091055603625,283.7565490866252,288.95073690619193,235.91834350947497,209.3924511870837,227.5645652432403,250.9100550435026,224.79137278496395,208.02549988184512,263.36747788730537,294.7220889890741,215.83427474228807,225.0480532776749,246.07703515756359,234.31485961054005,219.32695164669857,228.30783686992334,280.86047148263884,309.72287578698035,246.1851585353908,282.0736921711729,233.55627806491128,298.8748323671708,243.47389739950458,274.38524764481303
1610555617.51LjzIROg0aeCP2GhDcAVQ0LipKJB9jmKc,221.88823177782163,253.61117728798757,224.72023686576512,264.32952504894854,231.2690454312954,270.1540137816002,246.0266579368142,230.2669371048286,234.6052358341838,0.0,300.6854314104229,278.6387801416954,169.6859369755202,239.4078198115399,291.1048569215003,238.64007198909843,319.18563629550636,287.84682792158856,271.87690754939246,220.4999841466976,292.35948486200743,322.8104361482844,224.90298811661737,226.15866631819506,264.2245562451773,282.4774199455877,225.1383507253977,287.1192995308258,257.2452043430091,247.29780867740558,222.31235732881038,267.2711580269973,130.40150345553178,250.2391810840238,261.8784434539966,282.2113495810804,247.7720302506067,239.77235758974257,247.3929461308138,272.8875465716149,255.17994788275834,309.8148899123418,268.7228460242173,275.3091910470387,286.4169355077917,293.61497941992286,265.8908614790844,250.03612426694372,137.58422333839448,288.61763307719315,254.15408019999413,257.7487236223941,254.73812284753288,298.1910588513336,227.95950738745728,261.30827688779846,270.4017849597579,257.19187521536,255.0561497268265,277.052050714777,314.2073945962534,322.2447095521618,225.52104663954532,318.8412110519624,189.90046035459054,330.464370189504,281.26110081663654,307.14975280064175
1610555608.17OpjjHobqRkX0UPcaXrbu7K6L3805SZri,287.873335625267,234.32041348635852,284.85558071532057,208.49798443948302,274.1388241765994,274.6517802884217,268.61168840998346,286.1310206587211,286.0914107812695,300.6854314104229,0.0,266.5138629185882,318.2941952951311,287.38707393612924,263.83302988720186,257.8252750339035,185.55477044350832,242.4728556009375,272.3301143354157,280.5225756406858,274.80579951014215,263.4997698374162,271.55426990925474,286.2244057596663,265.6899003136977,279.4666547301082,275.14132152679406,273.7677175561067,281.3914574167441,266.23898747978456,276.586437456516,267.50885569985377,315.323132159379,288.2889132674675,258.14674437299203,254.1023515333324,270.1088776976823,285.47425407981154,253.9931225263377,291.9488338380627,254.33322987459357,235.9435657322784,268.83309587718566,265.14280444688376,249.48654497324378,220.56258478035656,301.46655882336535,287.9702833165648,285.9516063520485,275.1584554594002,280.3057893845552,282.6915912828185,288.8501893799283,254.32154857069202,269.2296251866908,269.95016955358966,262.3291427815035,270.4249119987454,289.95681345913073,263.7320729038895,271.4468877042934,258.75403626011246,276.76732070046114,272.8959853847785,277.65978918673426,263.1042009657516,270.06308048722514,277.1677471983558
1610555721.82zWeNZfGUUfRJkgnAwlP8VMhPzXctnSd4,256.1147465007004,255.29769169924137,257.65845742957293,236.74784650102515,267.6413722454721,266.10864409784085,274.9427998338375,256.0528269170352,254.40859330304477,278.6387801416954,266.5138629185882,0.0,305.68794515303773,257.9180110127293,276.2856473394113,232.60403020367906,275.10462985331293,219.6586150029861,267.1096004671082,226.5103162359038,157.94465891659135,220.7067723504839,267.49355064991704,255.54449232475127,268.13382315159714,273.6790421096584,262.97856366139274,208.6005185678434,252.38117236175526,270.8095828358632,271.11044611815885,281.4413221066939,288.2225693352732,248.37880425569796,220.50782836871332,231.3198858559441,255.6877495882329,250.10940896587027,251.90492266696316,275.28343533152713,254.09410520634862,227.02512385755074,272.74627887686836,213.28476282493244,264.14883566062304,257.6534888757953,259.0247655247891,248.2492015951262,260.24051454383505,266.67777079944796,157.57882942553297,252.17758912202635,281.27721870770864,265.1118943042579,243.0424541555761,268.3763778418269,260.8239274401062,214.17761458098562,203.14035974017423,278.05289731944407,266.37911554476796,285.07722141690806,238.4951917148932,287.1269639084662,243.3601607348431,280.01449692509,259.1957238456603,262.0011435928944
1610555735.75bom85BDF0C7W2eIseHeMxi24qR68nzMi,269.02910979111624,248.92961002224936,272.5816950576581,289.72444139271204,280.3180390311652,297.4443548882967,283.8330611311964,275.45518684921063,279.76361274845976,169.6859369755202,318.2941952951311,305.68794515303773,0.0,283.2684993370269,304.0509468874035,268.5188324713423,336.00037887917773,292.99196135559015,302.355338579654,241.51427750906964,318.7270912675048,335.36044388217897,274.99563320353707,272.0759542688566,306.3467549144466,309.7322365008788,273.7138675161797,313.3173454662016,268.27337735025657,283.28466797278617,246.37415859808,301.59912843284883,115.49990175472135,254.22276742289057,290.8669135901219,311.88227324341767,274.19226269257655,245.61289225984768,281.4921131927264,297.5900002432783,277.89560518690456,331.26710968422015,299.1933868628909,298.1173909784188,291.7438227541705,298.0421871750403,294.21618003374783,289.1506846182331,218.63588832987875,321.03444326462835,283.6166537252549,298.2648777466267,275.60837805991315,305.45912421597245,260.70599539967986,301.85082025986645,302.0774971980313,289.5431551993288,283.4904362524829,310.87801153060803,324.7015705952032,329.830588873478,242.86001320331025,340.23217206244783,242.67811120207529,337.229330533254,308.5613854582063,319.32992151497626
1610555735.77NnT5xqKnwcf2BbjIekeb2arTQj6QMNwk,144.12070792629444,277.1040705902071,132.97487454288895,257.554662479795,179.95552463448425,216.64915265933413,168.553469976238,117.14601242516622,162.31725716399046,239.4078198115399,287.38707393612924,257.9180110127293,283.2684993370269,0.0,267.94358273290726,230.7163683877853,299.18183264726423,282.5727253191767,203.72351555130578,225.02319865280074,275.9992266865457,291.6890239052241,201.7164864082079,134.06968712625806,234.6447146391288,222.336322209261,196.70122652209346,263.0016323786514,271.73858260789365,199.06319243903403,230.85456152206754,216.53728240156775,271.40858122423185,261.61475228043446,255.47414622219165,246.74211822660698,247.2853726189033,252.0518173218633,270.16441093625224,254.16383419092858,253.3253327477028,290.61785528949616,252.5000682480054,255.40721723925137,284.82273333063785,288.15889751576225,249.87084601649659,219.61291924139363,229.82387112641288,262.68937114478155,230.6671738687987,210.097806146296,265.4616126653642,297.8896892891786,218.19168858192975,226.9017202732032,242.8547700283041,241.39164844346467,225.55810187216503,227.952201650846,284.7695070738496,309.7791327550391,252.24322411403818,282.8691040045301,236.8591445210024,299.6285709715567,247.68950126325691,277.396365925788
1610555638.33wjf1PhdNaoWfbRzXVn50hmFyB5bYAiLV,270.07141148558856,264.70963321839946,269.3293011769124,258.91686469934217,270.0312042481708,278.66074492787,270.268249036313,269.5202996043622,261.68941734014805,291.1048569215003,263.83302988720186,276.2856473394113,304.0509468874035,267.94358273290726,0.0,258.9359174910348,275.58529564354234,269.4457814319862,271.9414282792877,266.5396053952369,280.6763032727048,287.9558578166758,274.33444536442505,267.48144687182764,277.58515356995883,278.98234970431497,270.25388357152167,290.74743469180993,262.9606260105305,271.29919773425587,256.4899471138709,270.44145794882525,298.4330601564997,292.0744432181315,241.5751063722053,255.03280962685366,245.44073738019324,286.8300406391498,278.85489086968,277.71356999277873,225.55351649735007,280.8436058883771,224.97864310059293,271.1933845313615,239.19113932922195,268.2039647331793,280.6527196650316,267.07016325242256,288.69889135942987,276.1408430472563,268.80893021513765,260.70394160810395,314.31129540151085,267.2325917626415,255.75125641192096,273.877227600026,249.2655334648507,271.1724589290636,278.321473258727,274.0562168935326,301.77470514136724,280.45517509930266,284.00601102394296,303.68006038473897,283.9026402987386,278.02938801928866,275.04801870334296,300.1581597540212
1610555606.65jCE4ig8Pu8kvAzkxnSGfWsV0nQBjCf8H,219.98048489994756,254.75902850954267,218.80558062239325,236.96921157387902,222.13150426362182,256.81882146839,235.42123000706397,222.30915181721235,225.68417763836177,238.64007198909843,257.8252750339035,232.60403020367906,268.5188324713423,230.7163683877853,258.9359174910348,0.0,281.16185878007127,277.13103445021426,255.7306737342259,192.61106092543739,247.4021266774874,287.3539002629839,224.46957337540874,220.5179569985491,250.36468974733017,268.14234996760945,215.4499204135017,237.3605718463296,228.74900612308247,245.1927519513713,204.77664436361323,257.40545439667,249.58631172305445,193.47977431913793,186.2011570451894,206.8449734855463,210.1702911032856,185.02767870999443,256.39909316565524,268.5968167283296,214.842326302451,269.9723761162095,252.31623876150314,251.91057192229982,265.4266573023204,281.41615270490234,247.5164733876098,227.3440139352157,221.86409692665868,240.97653014227726,214.3774173809867,241.94743085945396,245.7703627948065,271.31509840280376,191.8536958545329,249.2947258476783,256.50175508748305,204.13373872565768,223.04047849264202,265.61295165636693,268.21131161372637,292.02409997534727,191.68989039737622,287.5038125702183,211.69368946570424,282.58796366440623,231.7666998468374,259.1606690247189
1610555608.18ONsBCVo1i7BrX0XG9stct4oiA6ejX9Oz,302.33638341679364,252.28261997625867,299.0561469026582,245.99774624411702,291.8774918807148,285.47244533519705,287.4027059374631,299.6498876425523,299.66998105374057,319.18563629550636,185.55477044350832,275.10462985331293,336.00037887917773,299.18183264726423,275.58529564354234,281.16185878007127,0.0,244.93504638412483,286.6054934729667,297.0625949259985,278.13591148195326,263.14090774212985,289.1861603021478,300.4938867205761,269.84880200327336,283.01730879380057,296.3308314853863,281.5014239897001,286.62730371626907,284.47650437123593,300.4985937048162,278.59945185584456,332.95051831306625,304.21429969585273,274.24562500342466,262.70861341968504,290.7249827657595,298.69288544451143,259.3794617568418,307.0286202546586,281.2723478926047,242.83396335366564,285.71697147032955,269.81033506247076,250.44403281800803,227.04820285526068,308.48177123875905,301.21299089115206,303.309945583872,285.6391389943068,289.6393938491907,296.6221256648131,304.1156386027764,259.8123657626215,292.0041657800731,277.6562083274174,260.28732924650006,286.96318900388366,300.25405111775024,271.98744277211756,267.7215110272578,247.9900700425834,292.5718145004847,258.98080578443887,294.5930441307337,253.28282930296203,283.98085073337717,274.76882774284473
1610555721.51RNoQUMP19FTMS79BmA3JkgSm2IC2AQuQ,280.0294265223148,149.4136562294474,282.6713057891017,237.11619952364683,283.759474693808,268.895001806837,280.21983214074965,280.0029528249526,279.263865475313,287.84682792158856,242.4728556009375,219.6586150029861,292.99196135559015,282.5727253191767,269.4457814319862,277.13103445021426,244.93504638412483,0.0,269.62653886681596,269.5918240111753,247.6266912286347,235.04284528157052,275.00033277155046,278.4279176185302,272.2106101629103,281.8335792909005,285.12609471540395,257.17770313685384,268.53969882315147,262.47373990804766,289.125462156149,274.0343905180757,295.3228667010734,273.5379599937015,274.74947649952895,276.3138599455709,285.56976236688735,270.6628262133525,239.59797533075033,299.64910040843415,264.3034750627914,252.62813891138927,285.49185538991185,237.85477948080984,209.94027279792417,162.13256745169792,287.1641422708392,283.2764772076423,275.36043177873836,294.7617625581892,241.4607080439731,286.63700878570734,298.67473855506745,262.44808763594773,276.7344630925881,277.4298723934531,256.78975031983225,269.91641574762565,255.99216669184872,265.08544484508417,253.84569119176442,255.9972746597898,269.511282886602,268.6336875291215,271.14541285113427,259.8693306890544,287.217350820598,255.75423811969347
1610555971.86O0cHB2ibBJ8jxoObg01EpGe8VVV5mpwn,197.51833908143163,270.01289692830267,197.52062115758937,252.8822815859526,217.78926262416434,139.3923169444936,206.0439463536815,198.66255968037208,182.83130722111972,271.87690754939246,272.3301143354157,267.1096004671082,302.355338579654,203.72351555130578,271.9414282792877,255.7306737342259,286.6054934729667,269.62653886681596,0.0,255.52344254062527,277.3218066962882,267.9212187858759,227.30684297934533,197.49107145452766,239.36027969347447,177.00268842381197,219.57168113550316,267.2548100471637,291.9959454234282,193.01205326224718,260.52259332117484,196.9605756788707,299.9892147655934,277.440840860618,267.78363444492356,257.7159968903139,269.94526679570725,276.9351988713507,270.1502349202088,254.8607826020539,273.0048601341644,288.99899663307787,266.8801096915798,254.14654625258228,279.00784053995176,275.82791327945597,252.2055421734456,222.9188634064973,262.2731208238168,263.041317673201,244.64084203261723,208.65038916578987,271.91132577566464,295.19172142800454,250.3485694899179,233.6980881701846,256.5788780016233,251.14849904891742,239.45766182073265,200.07247521494546,273.5285718951747,301.0346069066254,274.07596512995065,261.6999353798655,268.8099672232757,287.8123699595305,245.50353571493983,269.63982841623795
1610556911.51zU3duZSGpcw1BDNsBLxdOCITAXwl6z3i,208.46758536184427,242.5255984947026,210.26120639077996,243.52390454306538,224.82607009323186,251.66338176709291,238.3885672550227,214.45126784722325,216.93328042198456,220.4999841466976,280.5225756406858,226.5103162359038,241.51427750906964,225.02319865280074,266.5396053952369,192.61106092543739,297.0625949259985,269.5918240111753,255.52344254062527,0.0,241.08344592024054,291.9868078046227,224.64127674031,212.3937389738651,257.2206298305444,264.68013378926355,216.81615745659283,243.56864812679143,237.80253400735708,242.94270318966971,208.14429423014326,257.3595066644917,219.74674055206998,210.10311784976562,216.96485298046815,238.83764081591983,203.6640511906043,206.7952830958568,255.10251438067505,271.0096311577398,222.3683372091718,274.1450380252914,255.30933100231243,234.17271028981537,253.19544622924744,277.8063095736392,239.87965006307408,220.32807382106355,216.13648266139978,267.8480010699412,207.52639487675424,241.14618339492554,261.5885253295864,273.5512080750297,187.51360474822428,249.67415529120012,247.92487140301182,211.5108524095333,209.70354137984165,269.8104558743608,289.85650666878206,297.2285694426917,202.59620981986242,303.43811359082764,202.68821359745607,304.45806422470173,252.09503724516,281.67930274360583
1610555988.71dMoYT8250UHHJGxgmITTmbHe7V6gH1yU,271.7065766258317,275.56022446972815,273.42916993097725,260.22144184977844,281.04635573717985,273.5803149513739,290.84885164984775,271.37811715683614,264.68668111916236,292.35948486200743,274.80579951014215,157.94465891659135,318.7270912675048,275.9992266865457,280.6763032727048,247.4021266774874,278.13591148195326,247.6266912286347,277.3218066962882,241.08344592024054,0.0,244.0560234703117,280.0312779832813,270.6530441673689,277.22429708929354,278.8511266333597,274.77798531046926,222.66088075929522,271.4966008435056,287.4449395892581,280.6691478624838,291.5830835741201,301.74534919832354,267.0299495778055,222.19703262739367,239.76984886795455,263.6311693938002,267.3493731537933,268.69865969121116,290.189739424268,262.6934062761871,234.11661476222977,278.8220607423328,232.93405299454105,271.07950279951706,265.57547803887843,264.688447315432,262.20150555838956,277.30095534101883,276.52345938001037,204.5615664275407,265.4416491027753,289.98201908029733,275.65002420671624,258.83775825885635,276.1742587364151,270.90562752871386,214.7494672546912,232.2059926660514,288.8417788060522,276.4700476982957,293.0955372884882,258.09365921617103,293.4484743774289,262.61089827050665,288.35533830452187,270.05364838119993,272.10423714190387
1610556042.81mlUZsSp7gbGjrp8jQSnybT1gPy6e62o1,296.0477714461384,260.20965364193586,296.4117378318751,272.31293409800145,289.233847575321,269.7824557410011,282.4267993357406,294.2228795014944,290.97095669122325,322.8104361482844,263.4997698374162,220.7067723504839,335.36044388217897,291.6890239052241,287.9558578166758,287.3539002629839,263.14090774212985,235.04284528157052,267.9212187858759,291.9868078046227,244.0560234703117,0.0,274.0285695391332,295.50367277418866,273.256627989049,272.3762658071069,295.42975442211343,254.46327393077394,296.62651108775754,257.85415013647,316.33271900534703,254.05236362582784,333.19497779948097,295.7191101831037,280.9347417144118,269.6948529642908,305.3951836217951,292.34980401373986,277.68698081718503,306.57364439071506,302.1584033467102,253.94569327641418,303.1959925615291,268.17267733291675,258.67482565519174,248.12330001508735,298.09516137222073,285.802219300002,297.68035111895864,285.6863691368043,252.7942315952093,287.2078343964469,310.80460063263763,286.07098309141173,304.33453814830324,273.31992046350115,271.4673176022294,267.1450086590059,270.70793653315803,238.21733329554556,245.86107824294868,286.91766488607874,283.25019757623727,262.22500246845834,292.9696393953754,255.0186211411579,281.80744923550776,251.98772670594516
1610555637.02UBW5nKvDyUrKnaWcYRGajZPxTRDS0q3N,194.3421956069856,254.97568271904265,192.76950200002383,253.89911624338984,161.85923212702252,223.73959244634653,191.1522301433557,198.35342724230298,198.62635846119784,224.90298811661737,271.55426990925474,267.49355064991704,274.99563320353707,201.7164864082079,274.33444536442505,224.46957337540874,289.1861603021478,275.00033277155046,227.30684297934533,224.64127674031,280.0312779832813,274.0285695391332,0.0,196.05361548758117,198.5055714465026,236.9122341947859,154.8710378925957,270.29429856696555,269.925213909302,165.67471289161742,214.16882303616467,175.8008106431061,258.97669564671367,250.36855906452772,254.7139321072812,247.660764380925,241.75468128915617,229.62309692753587,239.28540188094857,265.7226708158498,248.14492156124663,291.9424012323241,253.76146692416418,270.2057680356269,273.9584383807918,273.56017470032793,234.8878532318461,219.38996277186126,200.7949009518382,237.31620177261797,246.77170859173975,206.0312662412149,253.27973813917004,282.730846412053,214.76309417322165,163.5903992569718,238.25758795034363,237.4113966101771,241.915015100899,197.7398312137836,276.8256452015358,302.8080927294633,228.78737827030923,270.8707657805727,214.21694460935046,289.43670735904703,242.80443877863905,274.56122010014155
1610555619.13oUYNikU4facCTpUSiSLr0vPI0tJLnXiT,86.84247275299103,271.25295142250064,87.6061403765568,250.33814529300028,178.2469224305056,216.67092856979798,174.93230718951753,84.114126370261,143.50178240425788,226.15866631819506,286.2244057596663,255.54449232475127,272.0759542688566,134.06968712625806,267.48144687182764,220.5179569985491,300.4938867205761,278.4279176185302,197.49107145452766,212.3937389738651,270.6530441673689,295.50367277418866,196.05361548758117,0.0,235.31228570607186,226.89280494050482,184.88537294193128,258.5066393598732,263.65599421658965,199.23371905009756,218.60087646680824,216.99758985199037,258.16976374100597,249.71272201715783,246.41524498748154,242.2839878314288,239.12446582034673,241.22510484124874,266.48004990044166,250.07640956602071,245.01218637380353,289.71468893884384,246.12985736466734,245.49778152667255,282.84110486904797,289.0780135596871,240.59553042127052,208.8603723358749,218.86918913875806,258.34875967099856,218.49709189687718,207.84634321374122,258.1160669913777,293.8953683625336,206.21183350433384,224.13278208279792,243.82339932644678,232.31618625183845,214.35785831750997,231.92086696358604,286.86731638829866,310.58566441496487,239.3375628280837,287.0331023576228,226.70517365743623,301.73179396186964,241.36921461336735,279.340629379154
1610555721.03nzkucfjAUh31zTbmCVvTVYqtjoxZFnBh,235.44952304139292,265.8683231377386,231.98290566169965,273.83715149955447,227.55278909556142,230.58234665963354,236.2097763346256,235.62270816971306,234.94392559514478,264.2245562451773,265.6899003136977,268.13382315159714,306.3467549144466,234.6447146391288,277.58515356995883,250.36468974733017,269.84880200327336,272.2106101629103,239.36027969347447,257.2206298305444,277.22429708929354,273.256627989049,198.5055714465026,235.31228570607186,0.0,241.5331041580501,230.21091655273545,266.75326940268104,288.8093482876233,218.5713779553012,253.95214206812565,219.77098572009604,292.4702981317101,266.4529568143334,261.9109960502772,258.83664614280076,262.91081322541913,252.9850410331533,231.45397073713227,259.4212821716141,278.3113703332343,276.18540683568375,262.5394802766421,274.33340811928275,269.6621545716069,249.12605397219565,251.82161972522766,217.12742801044388,237.89405425720767,258.17931347399104,252.1711736621937,223.49493398292108,259.10637061169206,287.9915095437465,250.48957921885375,181.20636364469854,214.52389757223565,251.3558380514372,249.7444608730458,194.7810189874141,262.0613113797137,286.2053936185184,252.27392077817078,247.47913020187949,249.64508294825163,274.4221351341714,243.51064345762478,266.32270194641774
1610555722.67fhKURdXVzRbLIjXmjRwdJHTnE7PWb1AE,229.90270024426252,281.3742678148235,226.874950061158,273.89227517612306,244.0429458954943,122.41659890780109,225.96012824850564,226.21188055451563,223.88376331987203,282.4774199455877,279.4666547301082,273.6790421096584,309.7322365008788,222.336322209261,278.98234970431497,268.14234996760945,283.01730879380057,281.8335792909005,177.00268842381197,264.68013378926355,278.8511266333597,272.3762658071069,236.9122341947859,226.89280494050482,241.5331041580501,0.0,237.7329449825242,274.6861123013762,294.5867073316159,215.1726958094862,272.7885951841292,211.3816962630343,307.14077708034057,286.93220325098173,279.4865641606758,258.2044146426323,279.51713579963945,286.1541145289561,271.73706587636644,266.82794397480984,288.88370326681826,285.46490523428224,276.32232260934774,263.5885136373342,282.9453194567608,274.5916794196821,241.7806158861915,232.62910490907734,274.83478021846076,268.9426448511756,253.79497343422878,223.21334237039903,274.09799918882544,294.773631976113,263.0923247359257,226.69907912179295,262.75534489330295,259.65715140442074,250.9013991403532,202.88937603152212,274.2156917362412,300.25884399852043,282.5079655588399,260.93885256106023,280.8761114131596,288.0336726885703,259.9033871652348,272.91522622809345
1610555638.39J2ZWBLuLTHP0jOlzB4tNHmYeijH5g5YJ,183.68509948941917,271.18706151383265,180.87710368512853,241.29851254581155,165.15097668437275,225.14824799374296,196.22514617071667,187.868750226637,184.36496531449086,225.1383507253977,275.14132152679406,262.97856366139274,273.7138675161797,196.70122652209346,270.25388357152167,215.4499204135017,296.3308314853863,285.12609471540395,219.57168113550316,216.81615745659283,274.77798531046926,295.42975442211343,154.8710378925957,184.88537294193128,230.21091655273545,237.7329449825242,0.0,266.26887473113203,272.29880174822046,199.98429911400586,196.76105678960988,207.56379083317574,258.8117346624152,249.2861591973586,248.98101443623997,242.66248606623594,233.6933041060654,239.8548294596753,259.8346346775609,249.9682538706605,230.10311395594107,291.6243372161656,239.76211060721204,266.81453742800784,284.85505829177515,292.0834825509069,230.3697868961524,211.1783844672979,214.58794586212267,209.66901943509941,237.89533692072055,191.7451062712607,252.64903861425984,292.1892245220663,208.88846429847212,209.79709506742256,253.3476009568221,231.32460847078457,233.82327392255817,231.3645667631857,286.97344402127936,305.62457718160846,236.52432482862554,285.75006328237,220.59124244666776,303.6248480138911,213.7319581395962,282.61399913886146
1610556032.17Q6yCDx9g7alRnL9jBFXD2JhhUyB2hKfJ,259.1832379962521,262.6019666867781,257.40325654065634,251.58685940211424,267.92985713523836,267.54510922537304,268.8651240838154,258.4140715132581,257.22959203034713,287.1192995308258,273.7677175561067,208.6005185678434,313.3173454662016,263.0016323786514,290.74743469180993,237.3605718463296,281.5014239897001,257.17770313685384,267.2548100471637,243.56864812679143,222.66088075929522,254.46327393077394,270.29429856696555,258.5066393598732,266.75326940268104,274.6861123013762,266.26887473113203,0.0,267.4941852084379,271.29451321146445,282.56255788213133,278.35623336024753,296.47727266859096,226.1018442549671,251.98805173438865,240.60140937698282,270.1974169041047,239.9458920903123,260.10705737025546,278.4299107293683,275.33430288235843,229.8081645632857,274.5622887720261,218.85682157939394,274.6660451872141,263.59514042569685,262.3440217450149,259.51738400479525,269.16842844377817,266.1762079991888,209.6341401917969,261.10529363580054,267.8216405213869,276.50738291539346,261.30061168536395,270.3637542576241,261.04133652253955,213.9985142654617,210.62165210881997,277.0135518480926,251.83574050589968,292.2197846302898,242.86572636794523,269.87929167855515,254.57969692551347,273.84925459118864,260.67423083804874,246.57197368221813
