,1610555604.25mOvVXuL01OCiReyVWBfesjuvXmB3MoPy,1610555605.43B6oDsBtWRQ29Q9UMQuTUEPZy3FSSWXzc,1610555610.92HPGJJSmyPM40z7otPBgHalNrHFA7zk5d,1610555606.68LaSQbm9EHAFycEfFtEqAwYqlBsQPjIRW,1610555617.19EKxMEwDHfXiEJZc27TsGoERaD6Da4BZU,1610555722.52PJ3FD50MGhRXyUD28vluU8Z9UjLJLZn4,1610555617.52Ijr5puT55g9apK8auM7zaxa3NANg502t,1610555638.77ZLjTLkz4jYJdFMI2wWBztzsDILkoOtAk,1610556912.46C7tJPLF0XfNnm8f1820X9aLmXMHoc0Dw,1610555617.51LjzIROg0aeCP2GhDcAVQ0LipKJB9jmKc,1610555608.17OpjjHobqRkX0UPcaXrbu7K6L3805SZri,1610555721.82zWeNZfGUUfRJkgnAwlP8VMhPzXctnSd4,1610555735.75bom85BDF0C7W2eIseHeMxi24qR68nzMi,1610555735.77NnT5xqKnwcf2BbjIekeb2arTQj6QMNwk,1610555638.33wjf1PhdNaoWfbRzXVn50hmFyB5bYAiLV,1610555606.65jCE4ig8Pu8kvAzkxnSGfWsV0nQBjCf8H,1610555608.18ONsBCVo1i7BrX0XG9stct4oiA6ejX9Oz,1610555721.51RNoQUMP19FTMS79BmA3JkgSm2IC2AQuQ,1610555971.86O0cHB2ibBJ8jxoObg01EpGe8VVV5mpwn,1610556911.51zU3duZSGpcw1BDNsBLxdOCITAXwl6z3i,1610555988.71dMoYT8250UHHJGxgmITTmbHe7V6gH1yU,1610556042.81mlUZsSp7gbGjrp8jQSnybT1gPy6e62o1,1610555637.02UBW5nKvDyUrKnaWcYRGajZPxTRDS0q3N,1610555619.13oUYNikU4facCTpUSiSLr0vPI0tJLnXiT,1610555721.03nzkucfjAUh31zTbmCVvTVYqtjoxZFnBh,1610555722.67fhKURdXVzRbLIjXmjRwdJHTnE7PWb1AE,1610555638.39J2ZWBLuLTHP0jOlzB4tNHmYeijH5g5YJ,1610556032.17Q6yCDx9g7alRnL9jBFXD2JhhUyB2hKfJ,1610557007.49MyVgDnuUuBxrvL6SGOdhKf69VYlW1MSm,1610555638.44hjT5hbYdKoE3MB6hijrjqbjmLgvCUYKD,1610555608.13zUvmFSCRt6SsLbhqFznMEvGx54GPGQzM,1610556038.62a5C4ynd1AARyAhTv8a58NCqHvXRjscqH,1610555644.45Xse8u7pusHNsd7F3d0A32HXvXr6weOJE,1610556038.62gKXOCG7XCn55eJvyl5voNjbwOW0znQDq,1610555987.13v0oleKK97pkesp6oMgprH8SoSdoDVdIO,1610556964.96ZLLeiQW0qpmxhPGTg7K03fmzkqsC2bjC,1610555987.13VQlEedQ50VvkPMEMzZDv3KNnQCewykN9,1610555982.186TY6MMGkDecIN1woW6vsfAMXVV7jnyjO,1610555982.673LuMndkwkvdmZOn0MmE2Pkidx0FtNalb,1610555733.38zItcuH7gHNfKdALR2d9Nek6bxCyw36Vm,1610556034.15BQxSbZINGCay0yp6RBVlgcPrw76Yn9ON,1610555639.37BPZpgtGml8qUsh9AdV4m32jPLfI2aNFq,1610556965.57S0adAalhWYe6K3bkZU0bRHbqnDK8gGkR,1610555983.54zteLPCMjyrjzPdhHhlZr3faCgD0TfYr3,1610555987.79rHnNRmt9a0ufmnwCvZqBouyUoZDNpylW,1610556960.041xWER61rmArlsKfiMl4frikWmUCnQ7op,1610556035.13a7NHZDutfTMJ88qle1gTYY59Dr4WmMsj,1610556890.456ZBDaY16bMtrTZTqAgHl3wq1tRxzqDow,1610555760.24e6890pkbyZ97Or6croI1rQgjkSsR0yVt,1610556043.02YpWMIJg3W004iqlPyv8OcVAZdSC5rNYw,1610555987.03z05P26TLtONYM1HSzupoc2CeNMa6HTqr,1610556032.15OYCzUxpsz7b10AXBAuDXrvEcvxFhf0M7,1610556032.63Z80yI9pNwS3jSmsDABbuhf8wkNa2Ze9y,1610555736.28eGuESasTXdR3SqY6pHhEXWZtcdciYLCO,1610556034.61bebeZA0MkaFG2sm3VKiqrxeqQginTTW0,1610556944.5XwXOphKYT3ZkWA8gViqOS97VHVuMVUqb,1610556944.745UVLFBzf7fPh4UH37I6tYQOFPqRDytEh,1610556034.63XsUwaFaPZevO1JNFjfhvY4aKNFnV4noV,1610556964.89xwBHw9faT1HjQRMNQEyA4qJ3hWkwgj3k,1610556966.74DydzH91jtyvRyYau47JpVkZoMRSNTt01,1610555740.77UueVziDbaXyRR4OcVJIIZyzOfAzN51bj,1610556046.84e3vwjyRCzqz0wJQhrk8zsxlFfFSv98Df,1610556137.99eoPuVrDThKAOvmeprLPb2FWRqIhzUodc,1610555740.73XFwSrmTXJPlaxGZSefh0jOVA8PI3III1,1610556123.88AOfNaz9jSnqU5Czc7okOv1RCrYfKFBTo,1610556046.85nB7NvyoYQeLcOV391Lmmut1wAM8CFGLw,1610556123.89H4pdIAzDthI7bMXMhlIhKUYIQIvtmPPQ,1610555740.87GOYQUJKpkynIS2lFqppYK4b32ol7NeGh
1610555604.25mOvVXuL01OCiReyVWBfesjuvXmB3MoPy,0.0,3526.355065650921,317.27389534067595,2855.090966967812,1221.9128344012206,1913.805215202672,920.8345244400358,395.27412061679513,435.52527848478314,2801.511006751883,2905.156732503329,3116.554383959392,3348.648692739141,449.3003493060555,3275.2505652617306,1999.1553617751088,3287.964628760037,3420.0455610440454,1520.8053081283872,3364.732020841455,3087.273341315461,2939.0185572367536,1411.972332850076,350.69212328491847,1697.8911550249559,1676.3582885395583,1398.4152660485693,2882.7638206726774,3419.679623856504,1818.1697641919177,2689.8526383715293,1717.908603718735,3334.2220436737575,3193.154337771255,2952.8232044892875,1695.673148093222,2828.437490887123,3012.794818057949,3033.849022734053,2487.876384663449,2735.4417203091234,3374.41669754942,2436.1300094464827,3483.865773496251,3565.748979970187,3495.5495871759817,2955.6825710094295,2144.9997785142145,2495.7858107659285,2314.386089230192,2889.0798767031724,1800.6660441483202,2606.16131273069,3649.9388078450143,2349.1978295789345,2159.5928421390236,2817.5695662589633,2012.7709086287246,2887.107169538909,1820.3415960088073,2856.858959424003,3595.331615968486,3030.6129632789684,2325.5833308326983,2857.1290624763983,2980.852179715502,2213.7873275080074,2782.476748961802
1610555605.43B6oDsBtWRQ29Q9UMQuTUEPZy3FSSWXzc,3526.355065650921,0.0,3540.2105980580673,2266.6574674761846,3350.2123600338505,3515.189499248629,3458.067494729557,3488.7242860136707,3551.946052937472,2405.6891399204255,2273.3237969513343,2770.3767675725057,2358.9961041752313,3553.1998443518987,3022.0502439373763,2552.0247116470173,2932.289592394016,2554.118608186627,3275.9775813646343,1994.4048212540897,2726.385197755966,2776.6803978556927,3345.8853571284044,3526.0576038271765,3473.7749868060173,3398.2935197791303,3396.7339007438004,2994.138415677251,2888.416190843123,3034.1421499876506,2654.1918604712237,3382.267078658228,2401.5681386417587,2465.669417460376,2426.8467321917215,3301.0747480899813,2280.9002853662655,2470.9056813958523,2548.667546771396,3700.6113300710185,2667.9306005503463,2737.282221894266,3537.2173921675217,2907.3113767223804,1895.4098200951773,2685.4078645815925,3626.502179507023,3326.806752412861,2328.4309231959446,3277.743610108507,2418.7740244843235,3608.0863637408875,2990.3104581501957,2347.386633311328,2625.582588408805,3619.7165988438383,2213.9168869465184,3268.7106064393397,2628.625846761454,3306.363685058768,2942.46876048803,2784.0754854825805,2174.764797046797,3051.183101348066,2352.6003118161043,2904.482690275283,3171.40057275802,2894.931578696383
1610555610.92HPGJJSmyPM40z7otPBgHalNrHFA7zk5d,317.27389534067595,3540.2105980580673,0.0,2865.049923940487,1233.4040061878168,2010.9342193528403,943.0059999971754,399.7864323053888,424.73033779613536,2797.9012869815533,2913.571454324458,3124.3788818282237,3373.253994215648,390.7149227130258,3299.9484387526986,2019.7183636988025,3293.969295606642,3427.0042684302125,1564.7507100775501,3391.2171580653794,3095.2686596866793,2946.3705123282925,1453.9066668078976,235.76189752748044,1814.423962744647,1764.2248402128007,1411.4128845942282,2892.6916123625388,3443.378777237379,1902.6057245177008,2773.7037286832992,1817.2232684491182,3359.7903403042683,3222.8273713477256,2966.0686073512443,1716.5025409134544,2857.3820410565977,3043.181000735902,3026.4216659090334,2542.3450832641242,2762.181586575021,3381.5697460193123,2450.2912823481884,3492.5077831748276,3578.3901821109985,3503.1831088831104,2967.804376422015,2259.119580112227,2490.744202621841,2327.7191513912376,2905.973034657443,1910.8179632455906,2601.8434894037036,3663.40615879077,2361.293512587284,2259.870435913832,2810.9280246489598,2026.485395687713,2904.566586816342,1908.6597740581974,2865.7266005292026,3602.215263699023,3049.846329591753,2310.6966042070026,2852.9009291310767,2991.522838795339,2229.996310265624,2791.1862391225554
1610555606.68LaSQbm9EHAFycEfFtEqAwYqlBsQPjIRW,2855.090966967812,2266.6574674761846,2865.049923940487,0.0,2702.7586085243224,3018.417704815495,2815.2981797964285,2787.9089639831654,2862.888264521076,2931.999441073174,881.4543830393513,2737.4974249063916,3220.34263234471,2888.432952980226,2685.600708265916,2351.5772833008114,2550.6446829968527,2762.630558639519,2517.6600989608564,2795.4122528048306,2607.073580824252,2950.92121928691,2789.365870953865,2847.658390304415,3008.311024945397,2791.4518899855384,2775.364364576166,2853.002899790053,3543.3789643687487,2432.4788006205795,2595.6853867061495,2704.852709953847,3076.4148311503127,3128.874048513015,2120.5424692424,2369.457336563682,2054.7718239717833,3119.5116110619592,2431.022141453003,3069.1483018639115,2291.389347918379,2562.2671153997107,2659.8672524595004,2751.770647826851,3041.216222891435,2878.579032522201,3557.127281450854,3364.802575183696,2908.652378122061,2291.348337196998,2907.162564046311,2906.4854715085753,3042.196310843703,2244.5372414131607,2210.19247393581,3048.3947254017116,2895.0153102095896,2431.3625888705906,3113.3668553992766,2689.3278984734943,2939.30392651699,2972.325775458616,2851.3800839191613,3083.9933536643994,2941.8337572062696,3072.084978585304,2295.727146113938,2890.4484011711625
1610555617.19EKxMEwDHfXiEJZc27TsGoERaD6Da4BZU,1221.9128344012206,3350.2123600338505,1233.4040061878168,2702.7586085243224,0.0,2075.4079689148857,766.2178426657458,1355.8446498883068,1146.6399127167913,2561.0466344826054,2806.222316943793,3429.0606505298465,2944.5518749258054,1186.133894658032,3325.658546602497,1906.7770480419372,3570.782176605043,3701.6146818118586,1927.3883389270748,3024.5695467819073,3395.541217851765,3283.107410590915,528.520446751306,1259.1788004011992,2161.0820905633436,2035.7588810465081,460.9858250984438,3229.325476745262,3468.873910299272,1779.4656328120875,2358.695154589031,2183.869678817803,2950.3516222026606,2845.999311821674,3237.3944578856976,2130.2308631737124,2543.766628150603,2648.0810960076547,2809.116003994029,2550.5937716343187,2370.597454432745,3647.118718883861,2481.5494077413455,3761.843380928623,3791.7820324758427,3753.725794709086,2991.7340207675034,2334.161284795522,2281.9628012215453,2697.228905668689,3194.7256433639773,1987.189689378941,2272.4856105777203,3420.5756762098295,2684.105600678554,2310.1885658558726,3039.55530474129,2429.049429304645,3204.1313914077828,2290.211790973404,3215.384572591906,3845.912247845228,2846.1775470531707,2637.2684111156304,2640.6148540601125,3285.7634142432717,2601.9616432093526,3148.629864516543
1610555722.52PJ3FD50MGhRXyUD28vluU8Z9UjLJLZn4,1913.805215202672,3515.189499248629,2010.9342193528403,3018.417704815495,2075.4079689148857,0.0,1676.057972001833,2012.534718313069,1979.4062613106228,3411.3805329768225,3044.0786805905454,3119.866034882592,3624.3490719925708,1996.1470845733568,3127.5442449715265,2869.705162960916,3354.3488054782188,3426.900823432748,1208.5843327085497,3516.656139311586,3087.304439366479,2876.2418296631777,2015.1736972753415,2037.62204695478,1353.1441186244238,711.4950888540557,2154.078155071409,2874.4515337132143,3684.60794092962,1515.0233023157996,3127.2511887161872,1246.8880181316017,3741.2687793200544,3137.4221473474176,3119.645620531134,2389.1335011635315,3013.370567355976,3123.3919835196316,3234.8154155995912,2334.8136440443686,3230.1893943573205,3375.0183630912616,2770.604172185238,3511.367621327687,3545.1150273306193,3248.2486821827274,2259.0226811292137,1683.0278709675108,3105.7703566615282,2508.222816029117,2863.760138246229,892.2570452223515,2634.180487437824,3543.0008067681874,3072.1544424348463,1161.7143200734795,2637.6515359439773,2157.336784453916,2994.222121962875,1314.6657799332886,2809.0034187955193,3565.496027678795,3171.2052717093898,2075.9361377221758,3479.3220197292853,2875.0098423958443,2292.706060604644,2745.1344658924027
1610555617.52Ijr5puT55g9apK8auM7zaxa3NANg502t,920.8345244400358,3458.067494729557,943.0059999971754,2815.2981797964285,766.2178426657458,1676.057972001833,0.0,1092.7138604659795,865.1444226641032,2801.716082327116,2888.1408929377017,3270.725209376085,3171.815129799069,868.3622118334983,3142.5355382007197,2065.1503511131423,3426.201044365036,3569.5776288212296,1548.2734192062733,3191.076865128834,3240.5299409104628,3091.4020306375837,944.2270258305708,977.2067295938557,1801.5643096002514,1644.346895988948,938.2808566580046,3041.392918693231,3420.1503467413354,1691.6774079391712,2546.076367944373,1835.23426198457,3159.8928297251623,2892.384323567131,3073.5696658851507,1947.8704690170578,2620.7973055629514,2741.615744713149,2954.023905644851,2291.4805803582876,2525.966513937697,3517.3206026845683,2394.9207669293805,3636.5315973225597,3656.186051729402,3620.9216403235428,2770.292002179761,1973.3083103874715,2494.899643020187,2459.733556209806,3001.090937727348,1563.8046983316767,2373.5641977687737,3531.3471333515013,2609.2321416142286,1965.882581073541,2875.713634180271,2145.9348167653225,3008.244671502151,1960.7978872016681,3017.97848429762,3716.7147279444953,2907.4068733088484,2399.7413677703616,2878.5155028694794,3089.285398370051,2338.5237689171418,2947.8950114408876
1610555638.77ZLjTLkz4jYJdFMI2wWBztzsDILkoOtAk,395.27412061679513,3488.7242860136707,399.7864323053888,2787.9089639831654,1355.8446498883068,2012.534718313069,1092.7138604659795,0.0,570.0881428010507,2841.1897658130024,2832.851749837903,3043.14434424976,3367.264988264634,515.0401779687537,3275.7251329036376,1921.9024943234708,3218.4527441614637,3354.747814514843,1559.7393497596765,3371.1766325751237,3015.9704094572535,2851.0610125605854,1544.39477518879,307.85281277465833,1747.4494942823324,1731.6784452625038,1532.088998430282,2802.871693607432,3419.8667487211355,1858.6789161389925,2698.001700774454,1727.749645880818,3355.1301641873106,3218.8566053275977,2894.328733735872,1568.3821637785848,2827.8896920756765,3033.3581888957087,3065.805299981549,2604.132052556939,2750.1859924318123,3311.2556993348376,2461.4386734312293,3426.1431613179816,3523.0144980259233,3438.5716251002254,3016.3793857441,2241.3934672799214,2538.489827724248,2223.6506190553914,2829.530290567137,1895.4059520603375,2666.857055845853,3619.8893067452586,2263.537260967303,2239.2217845008763,2843.6452206074187,1933.7247502638365,2837.314771771771,1815.9482211834857,2768.3564827705436,3536.3808698332796,3012.0223566872323,2336.912611689252,2886.927578685302,2907.042032185286,2115.5594004510735,2691.4763925816837
1610556912.46C7tJPLF0XfNnm8f1820X9aLmXMHoc0Dw,435.52527848478314,3551.946052937472,424.73033779613536,2862.888264521076,1146.6399127167913,1979.4062613106228,865.1444226641032,570.0881428010507,0.0,2831.1272479327863,2913.2115805975995,3146.2329038196126,3345.593651689192,420.46069059618065,3248.518695285653,2005.6678373599693,3305.2810200450285,3450.3774446071825,1561.8087869387944,3362.280546755734,3115.9394657929165,2969.865730741745,1398.024109978978,448.2057355059179,1854.0007336999809,1763.7713403609475,1343.236627585047,2912.958229503873,3415.3413456412645,1933.9425126775793,2729.6698193571838,1851.6493576558917,3332.4594492216183,3189.0121446782387,2961.256787653942,1686.259853634228,2800.2243512669133,3009.277731507703,3067.0855516331935,2514.1780273717895,2706.3366358258754,3402.732595387521,2399.0593105961757,3515.7447296547416,3591.1866490810444,3522.1196277735353,2948.802245747384,2233.201440914518,2527.6711115942862,2318.4700200596135,2918.097211743507,1874.7947507952067,2625.852974710915,3663.9647752141655,2358.5433658094953,2236.9093442225776,2849.7422348467635,2016.873291987064,2917.7124449222865,1948.3980333631534,2888.858931543917,3622.0643224630353,3050.998066259655,2360.9806737879367,2887.1138185040018,3005.2047711483588,2217.000028414772,2815.0199937641537
1610555617.51LjzIROg0aeCP2GhDcAVQ0LipKJB9jmKc,2801.511006751883,2405.6891399204255,2797.9012869815533,2931.999441073174,2561.0466344826054,3411.3805329768225,2801.716082327116,2841.1897658130024,2831.1272479327863,0.0,3126.136435265957,3174.844703754081,2167.116441918013,2800.0179471812544,3456.250219028791,2508.2060313564994,3726.3350847148067,3476.394214947233,3246.6828993309305,1950.137474510095,3062.1442835564135,3613.6115601704514,2564.658029773203,2810.898506488119,3209.1688784533217,3282.714741076756,2597.2001977619334,3273.6447195940555,2706.2399345139156,2889.430138334123,2468.5699921923588,3337.7543630864716,1649.7383146737861,2548.0883158348306,2874.1317797876786,3156.0395753998196,2507.2624697835763,2354.8603819445016,1792.9040582747957,3412.883507946684,2280.4666150857192,3066.095887551442,2990.67768927663,3226.654331175837,3107.798394408666,3555.0241245916013,3364.1565047954555,3174.0955659055703,674.5873248851966,3397.137952554933,2843.337817216912,3423.1813392485424,2690.736304225211,2781.0490255064374,2573.241939541613,3341.634258701144,2504.093536344695,3454.9801302894007,2846.9548680329426,3322.5884862671046,3581.229129266239,3658.179061216471,2371.5187407737726,3122.8709209550884,489.42154080253425,3688.407922990161,3694.8551974404386,3527.7098571684387
1610555608.17OpjjHobqRkX0UPcaXrbu7K6L3805SZri,2905.156732503329,2273.3237969513343,2913.571454324458,881.4543830393513,2806.222316943793,3044.0786805905454,2888.1408929377017,2832.851749837903,2913.2115805975995,3126.136435265957,0.0,2780.3916387175423,3318.855858477459,2935.975029953067,2745.8757453489943,2462.7706860402827,2023.7279380746334,2454.5727214302788,2539.622503528523,2993.0894076287755,2700.2776655232437,2797.7551008671285,2895.1238281878195,2895.334974589084,3034.068043205985,2811.7783421636886,2885.199753249593,2965.0463414615674,3601.5224013817055,2511.9297599622782,2726.364590101117,2720.01932625301,3304.564041251482,3333.5113213497107,2302.0500042846834,2502.072397619189,2274.944092289977,3317.7512598183703,2681.8921916690847,3046.4314150308637,2569.696322848546,2693.1134815119467,2830.341277225441,2877.6746061591393,2789.2717088417908,2709.159273621332,3671.1873762313885,3413.9822912936106,3065.12590851585,2474.0653754495156,3025.38972001817,2979.764259501727,3121.9581737547296,2483.796537974644,2329.7150665167746,3166.1000099824114,2870.8921708395874,2504.3396114981438,3236.6803481742845,2694.2806431825074,2910.8656447452795,2587.2584328800344,3035.33008763559,3039.7311622933757,3130.5705057457208,2928.39405611396,2303.916981193931,2865.648315308409
1610555721.82zWeNZfGUUfRJkgnAwlP8VMhPzXctnSd4,3116.554383959392,2770.3767675725057,3124.3788818282237,2737.4974249063916,3429.0606505298465,3119.866034882592,3270.725209376085,3043.14434424976,3146.2329038196126,3174.844703754081,2780.3916387175423,0.0,3807.829153475402,3144.0093095310817,2822.3554004015796,3169.1471186303925,2576.2021875216533,2109.805550344588,2765.285172597888,2968.58421812996,641.5240626664882,1736.3128639154218,3487.0007820977517,3102.6355777608455,2985.2239271676412,2938.010970653123,3535.6921459883188,1606.3357955460735,2979.088590339977,3008.2055297259626,3804.6569841371015,2880.659053622766,3373.2816752078884,3026.5650606063987,2526.21204201523,2398.5651147015624,3202.5152956711977,3035.699575799606,2702.765834784585,3589.9346301482483,3419.861563133837,1782.949479104495,3104.987555509983,2113.068861244789,2564.574375120178,2305.1574451063,2523.828778611283,3488.1291374304255,3055.430160440765,2134.0281113633046,1801.7992887074377,3117.8185996156167,3195.5375939378464,2497.484744247628,2817.2478220041603,2880.6066842382384,2630.053267328039,2639.2744483737283,2121.9914544515836,2769.2819495523195,2187.678027580254,2386.1295623588885,2724.592137613809,2342.3767287734313,3174.5647937836666,1971.1662796105916,2551.5896742586615,2116.6847939777545
1610555735.75bom85BDF0C7W2eIseHeMxi24qR68nzMi,3348.648692739141,2358.9961041752313,3373.253994215648,3220.34263234471,2944.5518749258054,3624.3490719925708,3171.815129799069,3367.264988264634,3345.593651689192,2167.116441918013,3318.855858477459,3807.829153475402,0.0,3359.760211301079,3586.1564942371847,2476.262708045932,3986.304436091171,3775.746093314545,3818.6742296775587,1827.526082015479,3710.791748302714,3883.5571556210593,2908.900549242623,3358.698357571455,3836.080414690254,3606.7769713463294,2932.28135455326,3839.9211975948483,2765.678640882226,3492.615065387562,1970.6072149092754,3937.1835820514684,1555.84937882704,2495.7303522615643,3309.3285595863213,3505.260632458707,2339.526465997655,2263.854200995951,3099.193573118171,3831.100038473593,2216.584893836792,3729.970836194006,3456.283185948175,3841.594490579568,3192.0979729269084,3468.200070315911,3553.8844105796015,3371.8019654369205,2172.3200072782333,3917.5710526493176,3293.650750920178,3833.422982137384,3275.9494984185076,3214.8390219460894,2855.4813052822656,3931.387945911639,3248.491725005397,3452.7129906484192,3299.465956492146,3957.296093141163,3854.5704127184463,3918.023553358052,2587.9148301476885,3868.0684346128496,2187.188217082372,3900.061321253051,3884.8305924228407,3805.4806846777983
1610555735.77NnT5xqKnwcf2BbjIekeb2arTQj6QMNwk,449.3003493060555,3553.1998443518987,390.7149227130258,2888.432952980226,1186.133894658032,1996.1470845733568,868.3622118334983,515.0401779687537,420.46069059618065,2800.0179471812544,2935.975029953067,3144.0093095310817,3359.760211301079,0.0,3291.0839366573036,2036.5765575147504,3315.09086415027,3445.9242702909355,1579.2787997125868,3381.8027580576327,3115.502638844984,2965.7813143183853,1418.4464742896253,392.0957389114376,1834.3788403734068,1769.383231602207,1370.9975313835812,2914.3167672032096,3432.0539884416085,1920.9284072250246,2769.4446951894697,1844.6076178622418,3348.032545539155,3212.687397137866,2986.688639031991,1730.2114726295229,2846.31392370959,3031.1829270813487,3037.3622062713443,2526.163231664464,2753.094232108425,3400.08282709438,2429.915868539047,3517.506289297367,3591.9990883771325,3520.2789817140697,2949.3005210593615,2252.5290529543304,2493.0917432528604,2353.193469879747,2922.230502101912,1896.91845897254,2598.136584349996,3669.1070733399038,2383.1102880866947,2249.6186832767194,2818.3473698080325,2051.308471679796,2923.1595797221858,1929.9857851716229,2885.7628586973406,3618.039718420745,3060.2773277419415,2316.0551756065865,2857.3855796100825,3005.6930775693495,2252.5212738977016,2812.0738018210022
1610555638.33wjf1PhdNaoWfbRzXVn50hmFyB5bYAiLV,3275.2505652617306,3022.0502439373763,3299.9484387526986,2685.600708265916,3325.658546602497,3127.5442449715265,3142.5355382007197,3275.7251329036376,3248.518695285653,3456.250219028791,2745.8757453489943,2822.3554004015796,3586.1564942371847,3291.0839366573036,0.0,3156.763949864875,2521.573235772102,2720.142638739647,2990.6627769890883,2841.7189796713706,2867.257363088447,3052.4082736526775,3419.262812805726,3290.958968410344,3457.3816413826275,3150.0082195904492,3400.785451301417,3247.6833091444532,2704.4040220097354,3374.2225132900417,3000.90629596094,3212.264566190982,3178.7226243776367,3232.2686199096393,2008.3769011350043,2696.8320169897725,2074.159666441619,3246.806757936539,3498.595842140706,2927.210396457554,2461.8765580450363,2827.2814828856476,2028.9057197131356,3165.7577641892144,2511.429902048413,2933.4705149452216,3407.282256938993,3145.170232374496,3448.5267003371737,2647.2094389872796,2870.5933222437807,2953.0892170578045,3989.907606557059,2822.2855534514515,2328.1438490142086,2931.1790820314245,3078.9759354544613,3018.2403308111357,3091.255717956376,3228.0300192311643,3345.3480631444354,2792.0473062212827,3347.0812725373685,3538.114241594174,3475.7372277018158,2938.7755845185343,2913.8664991840733,3233.7418258072457
1610555606.65jCE4ig8Pu8kvAzkxnSGfWsV0nQBjCf8H,1999.1553617751088,2552.0247116470173,2019.7183636988025,2351.5772833008114,1906.7770480419372,2869.705162960916,2065.1503511131423,1921.9024943234708,2005.6678373599693,2508.2060313564994,2462.7706860402827,3169.1471186303925,2476.262708045932,2036.5765575147504,3156.763949864875,0.0,3348.1680091197163,3466.0639219659033,2495.0590268036062,2584.380666669318,3142.3733200052793,3006.4813163059407,1991.618227076983,1970.0773293704578,2676.1256733730156,2625.8159880197913,1968.4775076766548,2944.030873836532,3177.0304557387985,2317.5054283480163,1887.140943026727,2655.8750068844015,2510.925906439718,2281.192576013176,2511.0521267619647,1957.7561647657915,2044.7130466961444,2067.3993421649184,3001.035424905158,3301.6292765385733,1933.520332244674,3419.6573235644564,3006.1638191687034,3532.4150909602326,3124.4833405047516,3548.0900315319222,3476.480343648318,2472.8538525466856,2218.2191477576807,2443.295474609343,2525.616634839096,2773.533568197237,2702.1439599731325,3248.6697096494886,2031.8706278969362,3047.96774672113,3030.7870581557363,2155.7697450668174,2499.164140060896,2714.130481731697,2923.198568361095,3642.7981061807923,2008.6843526300383,3032.7726041668584,2474.3629373719464,3062.1545717524364,2360.034008667629,2849.9657429557574
1610555608.18ONsBCVo1i7BrX0XG9stct4oiA6ejX9Oz,3287.964628760037,2932.289592394016,3293.969295606642,2550.6446829968527,3570.782176605043,3354.3488054782188,3426.201044365036,3218.4527441614637,3305.2810200450285,3726.3350847148067,2023.7279380746334,2576.2021875216533,3986.304436091171,3315.09086415027,2521.573235772102,3348.1680091197163,0.0,1294.1923397507978,2932.130418372684,3606.4465351007766,2640.6742099818916,2301.06178689249,3674.8342224450676,3277.789623722167,3316.7018426004356,3153.366573058341,3681.931430352553,3013.134681914829,3523.7392016394806,3258.3534460011165,3642.2328478825416,3072.4069979630954,3950.907793755043,3944.3453919691533,2714.7802980311108,2913.4612186484633,3194.5519348487383,3929.2940761267605,3401.959070975137,3286.0580818308827,3520.1634201741135,2613.509384530645,2957.1541819943363,2915.462490039778,2079.077765055948,2128.351931538003,3764.866984065204,3729.8801644465548,3630.26958638053,2875.1055936717466,3089.9652260743537,3363.8389636494558,3762.7271584318505,2934.3657140219643,2774.090578878409,3455.096052950749,2914.4475549088356,2935.441025348728,3319.75514449826,3006.096352183555,2716.132534430333,1164.5247931270237,3661.507943768166,3040.080962935473,3720.8843434035985,2300.1203142426393,2725.28115500011,2590.276402146923
1610555721.51RNoQUMP19FTMS79BmA3JkgSm2IC2AQuQ,3420.0455610440454,2554.118608186627,3427.0042684302125,2762.630558639519,3701.6146818118586,3426.900823432748,3569.5776288212296,3354.747814514843,3450.3774446071825,3476.394214947233,2454.5727214302788,2109.805550344588,3775.746093314545,3445.9242702909355,2720.142638739647,3466.0639219659033,1294.1923397507978,0.0,3080.6446705311455,3374.6891174510147,2226.5159294011705,1744.3992109660476,3771.0354595372733,3411.4733975189442,3328.7575799899996,3252.3602707442747,3810.2514880838426,2669.912872262952,3261.512936208804,3309.3158371662953,3780.4059958612656,3185.6962707968914,3743.5145451693606,3737.915256381881,2880.1556719237983,3094.8486813222157,3388.4442737283707,3722.8425862093723,3114.2631951957665,3488.4520887394747,3708.889361522452,2206.987732955109,3164.8629341041524,2551.9182716267887,1718.134422017148,1508.0538140585586,3538.030574166909,3807.3765873712164,3375.6235210645204,3040.3999945469745,2764.76435047022,3530.7655499133266,3524.18844501537,2596.503047984104,2957.189278700702,3522.9219043212443,2566.6112202745585,3094.48180939174,3021.0020792655064,3071.281039261855,2316.9074395816283,694.4979031167155,3419.368470125974,2703.6518265892464,3469.326207295406,1769.169393913088,2912.100444016563,2163.885012115254
1610555971.86O0cHB2ibBJ8jxoObg01EpGe8VVV5mpwn,1520.8053081283872,3275.9775813646343,1564.7507100775501,2517.6600989608564,1927.3883389270748,1208.5843327085497,1548.2734192062733,1559.7393497596765,1561.8087869387944,3246.6828993309305,2539.622503528523,2765.285172597888,3818.6742296775587,1579.2787997125868,2990.6627769890883,2495.0590268036062,2932.130418372684,3080.6446705311455,0.0,3544.3634344881407,2736.966597980462,2488.2940181283084,2011.4186545980012,1587.3592722048645,1248.3040544598568,981.4721298399347,2065.181765495655,2503.2764828902236,3708.4068607427284,1289.6721084711496,3175.9094249451277,841.586511276097,3783.2840132696297,3191.508951936767,2668.429409126092,1905.3055473954164,2885.303664952295,3178.3763875945942,2974.616925509477,2361.9342018079133,3124.9490516840533,3038.9231960748953,2633.6134547547113,3183.483222874469,3288.737026632753,3164.4447531892256,2646.8542413063005,1940.801964390944,2925.543617994862,1938.9145831515984,2565.562468692781,1140.1970185686735,2496.8451969211064,3368.6229412187013,2650.9729411435655,1486.4351147389998,2332.601320425744,1860.917392849601,2715.522255109361,856.0184940629756,2415.3248968582993,3259.3168599606383,3013.975152031739,1670.1535587919843,3293.214515058089,2555.9387890304893,1674.3642041491298,2339.269091425491
1610556911.51zU3duZSGpcw1BDNsBLxdOCITAXwl6z3i,3364.732020841455,1994.4048212540897,3391.2171580653794,2795.4122528048306,3024.5695467819073,3516.656139311586,3191.076865128834,3371.1766325751237,3362.280546755734,1950.137474510095,2993.0894076287755,2968.58421812996,1827.526082015479,3381.8027580576327,2841.7189796713706,2584.380666669318,3606.4465351007766,3374.6891174510147,3544.3634344881407,0.0,2825.9611939689344,3493.1669186868744,2997.267587491098,3379.159019724558,3725.289821304715,3576.9783756460206,3027.402911892448,3182.462918997008,2023.1536825687278,3368.367781364654,2173.2526866130024,3690.112275163546,1141.821735835073,2089.0520921030275,2587.153860595218,3044.7955552726703,1733.8516013651754,1905.3535943937213,2734.0099136573576,3760.5911306424177,1910.5763156243117,2917.013312718791,2823.0563911770464,3109.2833096191744,2767.6643337504047,3426.45385505987,3212.135065016792,3301.4612119447083,2046.2445733284635,3330.4711645804114,2561.0506700613687,3525.897607279873,3297.9161178647887,2397.223508215135,2412.1701539791516,3387.0932054587465,2796.3582311668324,3527.829845200323,2741.3380643452933,3667.656990750269,3480.1524401315833,3508.4850444719714,2277.2202772797136,3515.66567888187,1945.2029022689965,3522.332298020372,3546.339920914948,3437.950371040792
1610555988.71dMoYT8250UHHJGxgmITTmbHe7V6gH1yU,3087.273341315461,2726.385197755966,3095.2686596866793,2607.073580824252,3395.541217851765,3087.304439366479,3240.5299409104628,3015.9704094572535,3115.9394657929165,3062.1442835564135,2700.2776655232437,641.5240626664882,3710.791748302714,3115.502638844984,2867.257363088447,3142.3733200052793,2640.6742099818916,2226.5159294011705,2736.966597980462,2825.9611939689344,0.0,2015.1696287683062,3456.063490646196,3074.875467251108,2969.545679964089,2904.808837482984,3504.705000293221,1577.379305409123,2980.824070822472,2984.3547095228464,3708.78913386983,2857.671166661771,3262.9321685915074,3003.367690920662,2380.0579914513723,2368.9421669883473,3086.1831642458187,3012.5963113335415,2578.0493573533718,3608.333682340818,3308.068740745169,1581.1348527613707,2982.0606480550596,1941.502565138028,2624.5007869898423,2386.5235011661666,2444.166449593216,3467.097793599033,2968.3894792642786,2109.4853676810117,1765.9523626508474,3091.793511379256,3177.7341437608297,2354.025848096073,2686.843256670961,2851.7343878252655,2514.096166617489,2606.735135178667,2097.4592963419173,2745.5525611595335,2172.0569795955903,2489.9124616214795,2705.377894722538,2364.1683293746555,3065.751609594514,2210.0092535283256,2536.9388659025653,2103.60709062088
1610556042.81mlUZsSp7gbGjrp8jQSnybT1gPy6e62o1,2939.0185572367536,2776.6803978556927,2946.3705123282925,2950.92121928691,3283.107410590915,2876.2418296631777,3091.4020306375837,2851.0610125605854,2969.865730741745,3613.6115601704514,2797.7551008671285,1736.3128639154218,3883.5571556210593,2965.7813143183853,3052.4082736526775,3006.4813163059407,2301.06178689249,1744.3992109660476,2488.2940181283084,3493.1669186868744,2015.1696287683062,0.0,3326.825842130909,2919.0294951890187,2748.0074650407605,2694.877742100619,3387.644528968923,1903.6187187859805,3403.437761462198,2776.2247297683543,3882.8750258540676,2613.594865941717,3849.486181689396,3217.7469435335984,3048.188362332923,2477.6130814159073,3502.7304500538507,3203.30563847046,3276.1597409176766,3607.9535954721973,3814.8027008804024,2490.3742777431853,3412.2772075956864,2757.3070143507957,2356.655155540804,2060.6010093072396,3000.0917432676547,3299.0136543468493,3323.0706402471565,2428.980854406519,2096.2422066890113,2990.2543736205466,2983.227399537957,2926.3200707164087,3121.5218577668265,2963.87743550945,2602.5483932053266,2499.3159342588415,2380.6437165860307,2476.7131933037763,1501.2528396168384,2003.3911679043053,2865.7547274517055,1883.9727823806377,3604.7579207539798,672.4853822999144,2214.2056713167826,1312.1626105579462
1610555637.02UBW5nKvDyUrKnaWcYRGajZPxTRDS0q3N,1411.972332850076,3345.8853571284044,1453.9066668078976,2789.365870953865,528.520446751306,2015.1736972753415,944.2270258305708,1544.39477518879,1398.024109978978,2564.658029773203,2895.1238281878195,3487.0007820977517,2908.900549242623,1418.4464742896253,3419.262812805726,1991.618227076983,3674.8342224450676,3771.0354595372733,2011.4186545980012,2997.267587491098,3456.063490646196,3326.825842130909,0.0,1478.1441294267368,2114.3580620278967,2035.5211828058805,499.3220837809924,3271.6546848008534,3508.313382081409,1675.287917422864,2327.0712610000464,2182.5854668110846,2916.5905723621286,2758.864641283497,3370.3752180350743,2283.7637118249645,2613.2504300903606,2558.911289121495,2797.2844810493234,2595.5112490087977,2432.447986043345,3714.5504519421083,2612.8691520379452,3829.968714017706,3848.971938944149,3814.4190357239186,2970.3154416115494,2268.0567986957853,2275.412861229177,2816.7996458570683,3233.495548224278,1943.8019629814012,2186.0434699914213,3405.8643875322546,2851.719253176278,2225.5745819399303,3091.070691859283,2555.246509891365,3241.0640234695547,2290.6974502064822,3255.930410311301,3909.0712307984268,2796.1162861725006,2662.332287300729,2647.0573217268384,3318.8607130128316,2722.647701916793,3189.9495899155163
1610555619.13oUYNikU4facCTpUSiSLr0vPI0tJLnXiT,350.69212328491847,3526.0576038271765,235.76189752748044,2847.658390304415,1259.1788004011992,2037.62204695478,977.2067295938557,307.85281277465833,448.2057355059179,2810.898506488119,2895.334974589084,3102.6355777608455,3358.698357571455,392.0957389114376,3290.958968410344,1970.0773293704578,3277.789623722167,3411.4733975189442,1587.3592722048645,3379.159019724558,3074.875467251108,2919.0294951890187,1478.1441294267368,0.0,1830.2255419633943,1782.3928862475993,1436.7344014138848,2865.968055301486,3429.3942704334213,1920.4303258245395,2749.9002202744896,1828.6830198206208,3346.116908243307,3208.0182550030927,2945.6498091479816,1659.5876527088128,2841.5036772126477,3024.1405673455106,3046.0010249642723,2578.2498010243194,2746.3330747973127,3366.69200641272,2454.994545313937,3479.1036239671544,3563.7470056027696,3490.2290292458374,2983.436585266706,2269.190613740456,2503.795679651551,2293.778845627303,2878.8025392643654,1932.93300027172,2622.687089000363,3653.73337503072,2327.864458752163,2282.191340849216,2835.236717592593,1989.2021886844368,2876.900725519575,1918.543246729062,2837.135693609035,3588.407176308582,3027.3591397354403,2331.746615346086,2862.7580932172223,2965.828843355565,2194.5174703176517,2761.568347528373
1610555721.03nzkucfjAUh31zTbmCVvTVYqtjoxZFnBh,1697.8911550249559,3473.7749868060173,1814.423962744647,3008.311024945397,2161.0820905633436,1353.1441186244238,1801.5643096002514,1747.4494942823324,1854.0007336999809,3209.1688784533217,3034.068043205985,2985.2239271676412,3836.080414690254,1834.3788403734068,3457.3816413826275,2676.1256733730156,3316.7018426004356,3328.7575799899996,1248.3040544598568,3725.289821304715,2969.545679964089,2748.0074650407605,2114.3580620278967,1830.2255419633943,0.0,1091.147971233212,2285.1688599330414,2711.654724547732,3890.5521398051283,1134.9307448021827,3182.934829888125,850.7096093569314,3797.075237753872,3175.5160467737687,3094.940055335305,2405.0607183914412,3299.7143434541067,3159.127643850286,2908.3983329631164,2418.9287005572105,3357.433202639501,3286.271230910601,3129.942430927099,3416.1393691434823,3503.8765248635914,3406.9658735815765,2805.878295534386,1640.6098769722537,2870.210648990438,2405.8852824309115,2752.513714595167,1281.6515555492356,2407.456855574166,3602.466365522421,3055.144908816249,1532.1576574976232,2596.2280062823843,2166.530506639544,2771.0280302519286,947.4047884379823,2660.873336423464,3510.553350255997,2969.685555445689,1939.3513644964096,3252.125301581995,2806.0499185414105,2292.2757545345667,2583.781267431997
1610555722.67fhKURdXVzRbLIjXmjRwdJHTnE7PWb1AE,1676.3582885395583,3398.2935197791303,1764.2248402128007,2791.4518899855384,2035.7588810465081,711.4950888540557,1644.346895988948,1731.6784452625038,1763.7713403609475,3282.714741076756,2811.7783421636886,2938.010970653123,3606.7769713463294,1769.383231602207,3150.0082195904492,2625.8159880197913,3153.366573058341,3252.3602707442747,981.4721298399347,3576.9783756460206,2904.808837482984,2694.877742100619,2035.5211828058805,1782.3928862475993,1091.147971233212,0.0,2152.470071356351,2685.0288695715967,3744.7566933308076,1312.3935281338777,3107.6978168417368,972.3925496149761,3747.6050911725606,3156.375017687262,2905.088472050812,2181.5774359956663,3018.178090580513,3142.1430956118948,3035.952697920602,2340.9420265527333,3180.126290207383,3208.6245668847314,2819.4354959240995,3343.429539601312,3422.0200862796146,3050.133818905043,2350.4011546003376,1750.8514204111398,2968.6962667300413,2234.435852438004,2715.0298487956697,1113.4651855841093,2529.3246052310933,3485.237984440038,2863.6305547466645,1428.9239263885947,2545.3738261848353,1746.694498725973,2808.6271684814046,1049.48543108433,2619.372220415069,3422.6913009003124,3032.2992790027743,1942.3813550364493,3336.8369228733077,2736.6652607665314,2045.0837326510557,2547.8840404954335
1610555638.39J2ZWBLuLTHP0jOlzB4tNHmYeijH5g5YJ,1398.4152660485693,3396.7339007438004,1411.4128845942282,2775.364364576166,460.9858250984438,2154.078155071409,938.2808566580046,1532.088998430282,1343.236627585047,2597.2001977619334,2885.199753249593,3535.6921459883188,2932.28135455326,1370.9975313835812,3400.785451301417,1968.4775076766548,3681.931430352553,3810.2514880838426,2065.181765495655,3027.402911892448,3504.705000293221,3387.644528968923,499.3220837809924,1436.7344014138848,2285.1688599330414,2152.470071356351,0.0,3333.143551678355,3523.71491137753,1864.249661375109,2361.6426256169666,2320.255062007604,2943.510175790732,2838.49693525939,3356.328151813997,2253.1845591592332,2579.0890108590097,2636.2646942333176,2861.8416900930606,2627.8106312420127,2392.4195719258596,3753.299701140812,2558.027651849278,3869.3863888767532,3888.2970744736813,3855.7171008579244,3038.113378854264,2401.737545454678,2317.719637571203,2807.5671045235085,3292.2594461601784,2063.725438846968,2288.7181086077912,3456.5574992568777,2805.715865392407,2380.895668893335,3149.9683069373286,2556.4283318831026,3301.4542375586293,2421.478899532513,3321.274573992353,3945.9602214147203,2863.147905825468,2742.934934920203,2672.268221437029,3380.4214001558917,2710.7787366955217,3256.1021159361126
1610556032.17Q6yCDx9g7alRnL9jBFXD2JhhUyB2hKfJ,2882.7638206726774,2994.138415677251,2892.6916123625388,2853.002899790053,3229.325476745262,2874.4515337132143,3041.392918693231,2802.871693607432,2912.958229503873,3273.6447195940555,2965.0463414615674,1606.3357955460735,3839.9211975948483,2914.3167672032096,3247.6833091444532,2944.030873836532,3013.134681914829,2669.912872262952,2503.2764828902236,3182.462918997008,1577.379305409123,1903.6187187859805,3271.6546848008534,2865.968055301486,2711.654724547732,2685.0288695715967,3333.143551678355,0.0,3316.4946336957332,2761.6300332617857,3835.2000466550444,2636.0742754782377,3450.79788305801,2788.3503738528457,2696.4109414604713,2149.7859647280893,3303.452616433335,2805.3023068059088,2839.0508056443614,3602.102428876388,3499.8056418096517,1696.3554988575943,3235.1694046975745,2136.372675231186,2983.7973010841733,2793.3539960829,2614.2498658227037,3244.760089391514,3051.5721404592455,1703.3907416719974,1518.3028684525282,2890.28107461983,2926.678166396658,2692.2728728123607,2934.2059707555118,2668.044441429761,2670.6698450016615,2350.3995883366138,1664.0942701027157,2523.4125186470096,1807.9902800610305,2892.959542978065,2471.961444926474,2072.17639934769,3273.5198434025415,2064.141943054552,2011.795441551204,1708.5821480712084
