,1610555604.25mOvVXuL01OCiReyVWBfesjuvXmB3MoPy,1610555605.43B6oDsBtWRQ29Q9UMQuTUEPZy3FSSWXzc,1610555610.92HPGJJSmyPM40z7otPBgHalNrHFA7zk5d,1610555606.68LaSQbm9EHAFycEfFtEqAwYqlBsQPjIRW,1610555617.19EKxMEwDHfXiEJZc27TsGoERaD6Da4BZU,1610555722.52PJ3FD50MGhRXyUD28vluU8Z9UjLJLZn4,1610555617.52Ijr5puT55g9apK8auM7zaxa3NANg502t,1610555638.77ZLjTLkz4jYJdFMI2wWBztzsDILkoOtAk,1610556912.46C7tJPLF0XfNnm8f1820X9aLmXMHoc0Dw,1610555617.51LjzIROg0aeCP2GhDcAVQ0LipKJB9jmKc,1610555608.17OpjjHobqRkX0UPcaXrbu7K6L3805SZri,1610555721.82zWeNZfGUUfRJkgnAwlP8VMhPzXctnSd4,1610555735.75bom85BDF0C7W2eIseHeMxi24qR68nzMi,1610555735.77NnT5xqKnwcf2BbjIekeb2arTQj6QMNwk,1610555638.33wjf1PhdNaoWfbRzXVn50hmFyB5bYAiLV,1610555606.65jCE4ig8Pu8kvAzkxnSGfWsV0nQBjCf8H,1610555608.18ONsBCVo1i7BrX0XG9stct4oiA6ejX9Oz,1610555721.51RNoQUMP19FTMS79BmA3JkgSm2IC2AQuQ,1610555971.86O0cHB2ibBJ8jxoObg01EpGe8VVV5mpwn,1610556911.51zU3duZSGpcw1BDNsBLxdOCITAXwl6z3i,1610555988.71dMoYT8250UHHJGxgmITTmbHe7V6gH1yU,1610556042.81mlUZsSp7gbGjrp8jQSnybT1gPy6e62o1,1610555637.02UBW5nKvDyUrKnaWcYRGajZPxTRDS0q3N,1610555619.13oUYNikU4facCTpUSiSLr0vPI0tJLnXiT,1610555721.03nzkucfjAUh31zTbmCVvTVYqtjoxZFnBh,1610555722.67fhKURdXVzRbLIjXmjRwdJHTnE7PWb1AE,1610555638.39J2ZWBLuLTHP0jOlzB4tNHmYeijH5g5YJ,1610556032.17Q6yCDx9g7alRnL9jBFXD2JhhUyB2hKfJ,1610557007.49MyVgDnuUuBxrvL6SGOdhKf69VYlW1MSm,1610555638.44hjT5hbYdKoE3MB6hijrjqbjmLgvCUYKD,1610555608.13zUvmFSCRt6SsLbhqFznMEvGx54GPGQzM,1610556038.62a5C4ynd1AARyAhTv8a58NCqHvXRjscqH,1610555644.45Xse8u7pusHNsd7F3d0A32HXvXr6weOJE,1610556038.62gKXOCG7XCn55eJvyl5voNjbwOW0znQDq,1610555987.13v0oleKK97pkesp6oMgprH8SoSdoDVdIO,1610556964.96ZLLeiQW0qpmxhPGTg7K03fmzkqsC2bjC,1610555987.13VQlEedQ50VvkPMEMzZDv3KNnQCewykN9,1610555982.186TY6MMGkDecIN1woW6vsfAMXVV7jnyjO,1610555982.673LuMndkwkvdmZOn0MmE2Pkidx0FtNalb,1610555733.38zItcuH7gHNfKdALR2d9Nek6bxCyw36Vm,1610556034.15BQxSbZINGCay0yp6RBVlgcPrw76Yn9ON,1610555639.37BPZpgtGml8qUsh9AdV4m32jPLfI2aNFq,1610556965.57S0adAalhWYe6K3bkZU0bRHbqnDK8gGkR,1610555983.54zteLPCMjyrjzPdhHhlZr3faCgD0TfYr3,1610555987.79rHnNRmt9a0ufmnwCvZqBouyUoZDNpylW,1610556960.041xWER61rmArlsKfiMl4frikWmUCnQ7op,1610556035.13a7NHZDutfTMJ88qle1gTYY59Dr4WmMsj,1610556890.456ZBDaY16bMtrTZTqAgHl3wq1tRxzqDow,1610555760.24e6890pkbyZ97Or6croI1rQgjkSsR0yVt,1610556043.02YpWMIJg3W004iqlPyv8OcVAZdSC5rNYw,1610555987.03z05P26TLtONYM1HSzupoc2CeNMa6HTqr,1610556032.15OYCzUxpsz7b10AXBAuDXrvEcvxFhf0M7,1610556032.63Z80yI9pNwS3jSmsDABbuhf8wkNa2Ze9y,1610555736.28eGuESasTXdR3SqY6pHhEXWZtcdciYLCO,1610556034.61bebeZA0MkaFG2sm3VKiqrxeqQginTTW0,1610556944.5XwXOphKYT3ZkWA8gViqOS97VHVuMVUqb,1610556944.745UVLFBzf7fPh4UH37I6tYQOFPqRDytEh,1610556034.63XsUwaFaPZevO1JNFjfhvY4aKNFnV4noV,1610556964.89xwBHw9faT1HjQRMNQEyA4qJ3hWkwgj3k,1610556966.74DydzH91jtyvRyYau47JpVkZoMRSNTt01,1610555740.77UueVziDbaXyRR4OcVJIIZyzOfAzN51bj,1610556046.84e3vwjyRCzqz0wJQhrk8zsxlFfFSv98Df,1610556137.99eoPuVrDThKAOvmeprLPb2FWRqIhzUodc,1610555740.73XFwSrmTXJPlaxGZSefh0jOVA8PI3III1,1610556123.88AOfNaz9jSnqU5Czc7okOv1RCrYfKFBTo,1610556046.85nB7NvyoYQeLcOV391Lmmut1wAM8CFGLw,1610556123.89H4pdIAzDthI7bMXMhlIhKUYIQIvtmPPQ,1610555740.87GOYQUJKpkynIS2lFqppYK4b32ol7NeGh
1610555604.25mOvVXuL01OCiReyVWBfesjuvXmB3MoPy,0.0,3485.108265693091,320.5001561128204,2818.534643983903,1202.458295035793,1885.6013548008875,896.403655338559,388.7961157247538,420.9722531628072,2773.5659621031414,2865.4541932243287,3081.764447833737,3315.8238622247145,415.0744299685913,3234.7676091203684,1970.2130156887906,3249.5345716730453,3377.925871524878,1496.8873831345106,3334.093620119652,3051.7655011404454,2904.573599918216,1391.7584924809037,344.0993416043228,1678.40758470224,1646.2619298672068,1383.256820481107,2840.1058532189422,3384.856134846786,1789.6953156454645,2661.236119140769,1700.9601996494664,3299.6732972334225,3161.83184937408,2919.618087523638,1670.5564893976314,2796.0646604998824,2982.4994968311958,3001.0763204001364,2454.860874866039,2699.833969070955,3335.3857873195475,2409.271191256066,3448.881424873997,3526.2282839037753,3452.9094095647183,2920.95722248918,2128.539288949924,2472.7378575451016,2283.9312987579183,2856.851411200962,1776.312548891226,2578.9138562815706,3609.5068711444324,2319.1504560822464,2138.1983996464305,2791.846632954701,1975.7237803111875,2852.538217020462,1797.9711703963198,2820.9393952375335,3554.232434738763,3000.615332123202,2293.3902306231976,2831.9767845927963,2944.9832024463226,2185.6004451187387,2751.2976221767335
1610555605.43B6oDsBtWRQ29Q9UMQuTUEPZy3FSSWXzc,3485.108265693091,0.0,3498.4317698578143,2242.89548696864,3313.1386223014256,3474.175079750268,3420.9046744431766,3448.8270162985496,3512.0256802114864,2376.9287754575007,2247.7670744348998,2740.1557878554963,2336.9881647165303,3512.24052789705,2996.1708884307304,2521.6117697324066,2904.9198901051695,2530.0085964007844,3235.7933505848296,1974.7636464944103,2694.69378726356,2750.316909848303,3307.7506681846835,3485.7766772251175,3435.419782516434,3356.5902252942824,3360.5075277658093,2956.1223509576967,2860.941240215815,2999.5571062643876,2624.4898865954715,3346.838664124627,2374.9357632314764,2441.612381753858,2397.8335610334398,3264.628932708532,2256.0312525776417,2443.8242219804547,2523.258246246914,3660.341378812272,2638.3870433831976,2708.905833885803,3500.582407076185,2880.8674610032217,1880.0729484840822,2663.089603575031,3586.5079040517835,3289.8969389920394,2295.735256002378,3239.702810573704,2391.6581059196224,3568.988764740665,2955.9645347286464,2326.1688836629446,2596.1873174756756,3580.895229356153,2189.299308184962,3232.344319941395,2597.64507085074,3268.201941921045,2912.7254904924775,2764.084672858044,2149.785493894425,3020.9434485012252,2325.6283135284525,2876.080656321082,3135.847527652644,2866.3794230778312
1610555610.92HPGJJSmyPM40z7otPBgHalNrHFA7zk5d,320.5001561128204,3498.4317698578143,0.0,2827.5021937276797,1210.8856291562995,1979.8355383537266,917.1714892041708,394.66483355414294,415.80217002575455,2768.2426930723755,2872.7308995223257,3089.2703239240777,3339.508311826877,359.10773420260017,3259.80170730418,1989.3833555119475,3256.0316350642743,3384.203032873165,1540.8474735754291,3358.490340824092,3059.29516440561,2912.011013773656,1429.0703574764802,228.89354985103867,1791.1821887918516,1731.3743741619928,1393.7247907879866,2849.606429597402,3407.458898822699,1871.1208501676954,2742.676232492426,1796.6555872641281,3323.1958915575788,3189.934397257883,2932.0450245479055,1691.0775695980044,2823.177390674435,3011.3936420493974,2992.3369997435675,2507.8248827282164,2725.504565866685,3342.5131251821813,2423.3419346278124,3456.4961406141965,3538.02919835772,3459.9908505069034,2932.1760630859685,2238.6847510194684,2465.4524178711713,2297.996823960561,2872.983002982937,1884.0167635850328,2572.5391582005554,3622.7835148894164,2331.2017220784755,2235.102431539359,2784.25578858043,1989.4109956947561,2868.7527942534743,1884.9015130574437,2829.300165964533,3561.6912458402107,3017.338538029304,2278.6364006378362,2826.0524977308055,2955.1786379060018,2202.209733915842,2759.956697452325
1610555606.68LaSQbm9EHAFycEfFtEqAwYqlBsQPjIRW,2818.534643983903,2242.89548696864,2827.5021937276797,0.0,2671.415001444892,2981.066254981997,2783.2115220717255,2751.525140722977,2828.086291576661,2902.995351460559,863.2953211490224,2708.799412719712,3187.7158270841906,2851.5373983113764,2660.375354634021,2323.721886473446,2528.1568207538658,2730.7964253602368,2484.611296644957,2773.260262528306,2579.410793547597,2919.26011827206,2757.556749640967,2810.700746352012,2977.1087320649667,2753.6392616680055,2746.276400820364,2820.004865200408,3512.160700155059,2402.480895953476,2566.247682534196,2673.89108395826,3045.979461411763,3101.4096162685414,2099.490426180327,2343.5255863063558,2037.7621360999744,3089.2380862672753,2403.6219455797946,3031.9508373208155,2271.3453507390336,2535.540716305473,2637.4230812496594,2725.485694702192,3010.393956383324,2848.5099791065104,3517.9038790640193,3329.420879368389,2875.521820258601,2267.0142691636947,2879.274325877247,2875.4878440824546,3009.696053458614,2227.898624926873,2189.962986151039,3017.3264835527602,2862.1666035275794,2404.633571442846,3081.3617774847703,2657.168093861053,2908.6936047094496,2945.7929757045845,2825.301355828445,3049.608673741106,2913.644290305025,3039.97268088917,2268.9270041374803,2863.036283449769
1610555617.19EKxMEwDHfXiEJZc27TsGoERaD6Da4BZU,1202.458295035793,3313.1386223014256,1210.8856291562995,2671.415001444892,0.0,2044.5562582402329,750.6175204789597,1335.4036100129206,1130.6291547251626,2536.5394286746314,2772.0230649026294,3395.4755662432067,2915.6934511845984,1167.7669680396443,3286.8655504173257,1884.971172687179,3533.7045716038897,3659.227399348589,1900.5300089723667,2997.630317588791,3361.020099278717,3249.3277567778587,523.4063299966057,1239.488917956985,2136.7606704122704,2002.8765655407249,463.3799333547415,3189.491885080297,3431.2551346734795,1753.8329023575313,2333.112410280739,2163.581605214511,2920.308233967751,2818.847389326995,3203.843369918401,2104.68113390618,2516.597319237484,2622.126683452974,2780.7992883669376,2519.063748732059,2338.2495545965944,3609.881922278958,2456.555229822075,3724.54144644415,3752.6213366647194,3711.1820148968673,2960.598041014922,2310.932553648461,2262.9225075834142,2672.3473531790933,3161.3981358420215,1960.8785487614396,2248.155170182389,3385.5411690888195,2653.400921559513,2286.2771692444912,3012.794304228815,2394.861060163222,3167.6602221971,2265.8027007813826,3180.7154093496406,3807.1251608427992,2818.5831449675547,2607.529513256431,2620.4387435650533,3250.2785860163012,2576.232949239134,3117.7641236046125
1610555722.52PJ3FD50MGhRXyUD28vluU8Z9UjLJLZn4,1885.6013548008875,3474.175079750268,1979.8355383537266,2981.066254981997,2044.5562582402329,0.0,1645.6158843223884,1985.2701103454176,1952.2811918738998,3367.631421969545,3007.8544465410355,3082.8502033017962,3587.322811893676,1964.2256721382823,3083.953968329763,2832.1313809121293,3317.5093853071885,3387.047707159556,1192.2125336181184,3478.5840484316595,3051.7596954302744,2842.0247276762448,1990.1536924962022,2007.571305654694,1335.191678189532,698.6174675038807,2128.070346331176,2829.9180243344617,3643.2415245630327,1489.5227106934717,3094.5743660180397,1226.7776074622302,3696.7729450880656,3099.1275267198125,3082.213592296703,2356.7745610653224,2974.665477592394,3082.788907478204,3195.3962756260185,2305.8443466259664,3184.9445737331152,3334.3916471798357,2736.953540029913,3474.0109365728663,3505.655565506798,3214.0192107710204,2231.122969217702,1662.3841106541406,3066.0920887139573,2471.7585200171775,2827.1032307002333,871.0789028368043,2600.6069821757274,3500.7239521675406,3034.044091831815,1141.2228403691806,2607.4497090541063,2126.66624020213,2953.5123062735383,1297.5653988773618,2778.667351199852,3525.954677901932,3130.639674655107,2042.6726721356108,3438.225275809328,2840.2640708585473,2266.3951666508833,2714.0521152035253
1610555617.52Ijr5puT55g9apK8auM7zaxa3NANg502t,896.403655338559,3420.9046744431766,917.1714892041708,2783.2115220717255,750.6175204789597,1645.6158843223884,0.0,1071.9465714947748,842.4627222973188,2774.8394198995056,2853.241208193559,3233.383741903386,3143.6924155976544,850.721405240399,3100.7222257786,2040.9633730376568,3387.3963619270025,3525.4244470396793,1521.4781664454124,3161.309757134808,3202.5401647173103,3056.0850563664744,929.8709278664049,955.3644701022733,1777.722651605343,1611.1089510134932,927.4287431421837,2997.411453811913,3382.309719016092,1671.8151190045535,2523.30249525576,1813.6898688747701,3128.4875991793388,2863.9017179377465,3037.291173273446,1919.5181419931569,2589.5912555081563,2713.4474598683187,2924.7725042472593,2259.544396070449,2491.702713337589,3476.293541354559,2367.260850506416,3597.1200826553454,3615.0363461427078,3576.591006910958,2734.4694597603097,1951.9408274586249,2472.4111284517294,2427.456171178811,2964.9634367812178,1538.0414991110401,2349.208465922076,3494.4818230359865,2576.26964290326,1940.8544072708908,2846.471428362411,2107.2329140245342,2969.3613915636406,1939.6757894152922,2981.170652176051,3676.072794980658,2876.681161927912,2366.7619555650817,2854.6221701687086,3051.6424598597787,2308.121354830128,2915.643212540828
1610555638.77ZLjTLkz4jYJdFMI2wWBztzsDILkoOtAk,388.7961157247538,3448.8270162985496,394.66483355414294,2751.525140722977,1335.4036100129206,1985.2701103454176,1071.9465714947748,0.0,558.9039895440125,2811.1970756068376,2793.771033685181,3010.621327212944,3332.6103247811143,496.91815101675746,3237.6557825861073,1891.5990543766454,3182.2733022120765,3314.241710477477,1539.8241367306027,3340.2510348042533,2982.30859556917,2819.5921772233223,1520.8197923947232,303.0977566795199,1728.0467852372399,1702.8161587701954,1513.2741405849308,2761.6190019812693,3384.719294033487,1830.8600058534716,2667.4176458846605,1711.8302863328831,3317.8494966442345,3185.7023592850965,2861.9944731511523,1545.2352634570777,2795.758593237789,3001.4073931303083,3031.1083348794486,2571.1656448475896,2712.8391075850295,3274.8408516345767,2435.9567836672372,3391.783369505993,3484.940024442948,3397.1248208030515,2981.28298959441,2223.350034793118,2512.8207606704013,2194.9535317449563,2798.2532468729587,1871.9002641178242,2638.010632979172,3581.9312321153366,2234.124300975338,2218.731273121657,2819.6289719246274,1894.7961138302617,2801.7792415654158,1797.6410773081009,2734.8434049162197,3498.187886961011,2979.147584604269,2307.8579113980763,2859.0852640217245,2873.6730020378022,2091.3777066332673,2663.212298458777
1610556912.46C7tJPLF0XfNnm8f1820X9aLmXMHoc0Dw,420.9722531628072,3512.0256802114864,415.80217002575455,2828.086291576661,1130.6291547251626,1952.2811918738998,842.4627222973188,558.9039895440125,0.0,2803.3365037483377,2875.473457190337,3114.738208777811,3313.3020369920323,402.42782204355507,3210.4311267427793,1979.2935250570386,3268.8228864702423,3411.212618488667,1540.9874058772227,3331.506329688605,3084.119601317497,2938.5692799488384,1378.4978262961033,439.5838254247361,1833.7932564127482,1736.4417528903143,1329.827503409142,2872.734735741152,3380.1953494879613,1902.9840129899862,2699.6089750237647,1832.9510488128508,3298.0637036748285,3158.4927567308796,2931.0217770919885,1664.8383990255109,2769.551954701273,2979.628920798587,3034.904877070899,2480.157779791349,2672.2135611820195,3365.6909667449104,2374.9892341815516,3480.410108019326,3553.1269254761937,3480.839266076416,2918.273312397021,2213.493362134432,2505.8469404346565,2292.1091984378995,2887.7132245156454,1850.6349512279132,2599.1823862548663,3625.081529271972,2328.246430927414,2215.1615282552707,2826.2267662651375,1983.8385900855678,2884.507723966604,1926.6071374821336,2855.633321430225,3584.294335064982,3022.0060595119394,2333.966797049135,2862.8099258391767,2972.4072175109004,2192.174825377834,2787.345156465316
1610555617.51LjzIROg0aeCP2GhDcAVQ0LipKJB9jmKc,2773.5659621031414,2376.9287754575007,2768.2426930723755,2902.995351460559,2536.5394286746314,3367.631421969545,2774.8394198995056,2811.1970756068376,2803.3365037483377,0.0,3088.89772530239,3132.0075135344714,2152.4264174743066,2771.018394932037,3414.5888348591725,2484.827899210475,3682.4804384326303,3432.1119067796394,3204.989828682337,1930.705361719648,3019.440986680587,3567.725742007431,2538.1700017320736,2782.2419595896044,3171.790599397577,3238.967038734066,2574.6984062042984,3231.5570736334394,2669.980348273766,2849.837690786475,2442.835467320663,3300.8120049249355,1631.4927628133578,2527.078902371069,2842.5920753937653,3121.7789746663825,2483.8603796590824,2335.506570637025,1776.1813542263837,3374.039339752061,2255.585471324948,3029.289887809195,2958.5155068364443,3189.7672833461797,3071.9419562643407,3513.870214472523,3328.0260408825566,3143.8361112564644,672.9320068345768,3363.5769091830134,2809.694539154734,3386.370402181302,2664.061915675702,2743.0295541635987,2547.753786509593,3306.2348065880615,2471.8723776193315,3418.6513053108097,2812.6071412224196,3282.895201927166,3538.4635834108926,3612.493697899741,2352.3505160733216,3082.9375837237167,500.4120289636,3641.5493143935482,3657.980348293192,3487.8736135866325
1610555608.17OpjjHobqRkX0UPcaXrbu7K6L3805SZri,2865.4541932243287,2247.7670744348998,2872.7308995223257,863.2953211490224,2772.0230649026294,3007.8544465410355,2853.241208193559,2793.771033685181,2875.473457190337,3088.89772530239,0.0,2747.477361185067,3282.041316558642,2897.4203400729066,2718.152983195181,2432.5561163960174,2014.2264684904706,2426.816789397457,2505.1635579635504,2964.633030707136,2670.716236658427,2765.3825521235235,2861.0671631567357,2855.354361267606,3002.7436891138664,2775.609511850757,2853.457166668283,2926.041573456448,3567.634652743002,2480.5947079442567,2692.6275751769454,2686.850699783301,3266.4454918692027,3300.4005545939026,2274.6494570589457,2471.6192041502986,2247.138156406959,3282.4441739895487,2650.4377824222065,3010.0460048822683,2541.634512395961,2661.578685431776,2802.430404022261,2846.1148688484127,2763.0465138518607,2682.3626219430357,3628.500688397484,3374.795168896846,3026.158120796598,2442.893040414224,2991.143766354329,2945.335018475278,3086.266790168635,2457.9679180079684,2298.298989308451,3132.171954788343,2838.032012623024,2472.6398414054606,3199.3934115312672,2660.6005430212367,2880.3231566707254,2567.4158845517554,3003.287211992139,3007.854693822395,3096.025018840049,2898.1947862385337,2274.867077938004,2836.915373460672
1610555721.82zWeNZfGUUfRJkgnAwlP8VMhPzXctnSd4,3081.764447833737,2740.1557878554963,3089.2703239240777,2708.799412719712,3395.4755662432067,3082.8502033017962,3233.383741903386,3010.621327212944,3114.738208777811,3132.0075135344714,2747.477361185067,0.0,3765.460440291657,3110.4218132396695,2793.3223963865107,3136.487236790956,2543.6526834676897,2083.3509543664863,2732.0301306071738,2939.830315139792,636.4049279198898,1718.2864039866806,3450.75735231126,3068.1974047040844,2956.72044631736,2902.1048083936544,3502.096096727574,1589.9699083471442,2949.5489914599425,2970.0860768257094,3762.25530657899,2848.462283677029,3332.146125188958,3000.2639373190723,2500.3078001974645,2377.520447913692,3171.967504631452,3004.8309792324103,2670.9159253400517,3553.8899560846494,3383.594239518668,1760.169268400478,3075.999103971016,2086.506792785087,2535.119081466298,2277.8319481789163,2498.470633563535,3455.0152880618066,3015.5695083881383,2113.129524977201,1784.786768580741,3092.7581623432843,3161.464069548388,2471.3137989569477,2787.7403406017884,2852.216423676472,2599.01984947904,2618.4617121038636,2103.9271952672016,2739.0479226242196,2165.672324809846,2359.836337759491,2698.087099169307,2319.0826011799904,3138.466285216022,1948.9732007790594,2528.240857757117,2096.5470366337554
1610555735.75bom85BDF0C7W2eIseHeMxi24qR68nzMi,3315.8238622247145,2336.9881647165303,3339.508311826877,3187.7158270841906,2915.6934511845984,3587.322811893676,3143.6924155976544,3332.6103247811143,3313.3020369920323,2152.4264174743066,3282.041316558642,3765.460440291657,0.0,3326.7501763978166,3548.615801302655,2452.997004693519,3941.8418192092126,3735.681250637059,3776.503990771331,1811.123495129363,3668.010169114232,3842.9994411084367,2881.007497417105,3325.9377449403432,3795.8522206281446,3566.8511709398817,2907.103657127222,3797.1659969397942,2732.1110884073782,3453.7379414872266,1956.0077070606415,3897.9295755924277,1550.234857607458,2479.8099895104874,3272.0930432597124,3467.90821835803,2317.360082255314,2250.8428859971195,3073.53328201375,3793.490501681899,2194.65624852918,3691.305464481595,3418.5939813649743,3804.3794556274947,3156.9909637573496,3434.728292034763,3518.576345621397,3343.068374412247,2153.561808054842,3878.491612494302,3259.4356746163066,3794.3831527793263,3248.8229292142573,3180.5613941428246,2826.1362092616137,3893.706976234514,3213.921261051623,3417.1139129359563,3262.3749952840476,3915.3644707622216,3816.148123217394,3875.8220890831276,2566.3700536497527,3829.633981768243,2167.7254232370883,3859.374296982287,3847.891780109732,3769.4463782810167
1610555735.77NnT5xqKnwcf2BbjIekeb2arTQj6QMNwk,415.0744299685913,3512.24052789705,359.10773420260017,2851.5373983113764,1167.7669680396443,1964.2256721382823,850.721405240399,496.91815101675746,402.42782204355507,2771.018394932037,2897.4203400729066,3110.4218132396695,3326.7501763978166,0.0,3252.1019993282875,2008.1016539727605,3278.300260032271,3404.769227277673,1554.0245528289006,3348.8463394551286,3080.8358454007744,2933.51517443625,1394.229504134082,368.7850590128402,1811.0388037135551,1737.138037653003,1353.1306316819505,2872.3754984365655,3395.33330824554,1889.8354181001712,2737.956851245854,1822.797866350603,3311.912984351594,3180.443900322544,2953.918378762128,1707.881695538725,2813.77654667212,2999.971192563311,3004.0472511395224,2491.9583216232577,2716.710186741176,3362.043540166821,2404.7969982845925,3479.852122352967,3552.6126172748195,3477.9342555556805,2915.0277148295254,2231.039380550092,2468.7447278932705,2323.7469097389594,2889.8595673222003,1869.6201846854337,2571.26135270841,3629.5871053438755,2352.374121422964,2223.4614502172126,2791.7559260921084,2014.9988982845991,2887.0642257509726,1907.7014213997898,2850.9060078294315,3578.4699603178515,3027.665540250895,2287.101218641277,2831.5955386135256,2970.622448055329,2225.6003054045086,2782.2625113154204
1610555638.33wjf1PhdNaoWfbRzXVn50hmFyB5bYAiLV,3234.7676091203684,2996.1708884307304,3259.80170730418,2660.375354634021,3286.8655504173257,3083.953968329763,3100.7222257786,3237.6557825861073,3210.4311267427793,3414.5888348591725,2718.152983195181,2793.3223963865107,3548.615801302655,3252.1019993282875,0.0,3123.7251196393368,2497.7362440889124,2692.2495730942683,2949.235661563886,2814.9394018693524,2838.3999244132683,3027.405938147099,3380.795164194017,3251.820449066649,3420.043924858997,3104.002052477031,3364.935498602694,3209.6924983821586,2676.72511976324,3331.0370441448817,2966.589492418797,3173.325041637436,3143.9229534288374,3202.9967732738533,1989.060744272517,2669.496514863183,2052.5147121811706,3214.9907414711042,3461.1728056897755,2891.227260641118,2434.1445438043565,2799.765673480945,2002.0055840891177,3131.2260885704195,2489.2491372617096,2903.9245933613342,3369.6369705774305,3110.7762634078053,3406.536137050754,2619.5595934359535,2843.3071486746044,2919.0551609969416,3944.2170927308243,2791.588481259755,2302.744027988497,2897.9080379131356,3044.60250504614,2985.661847493873,3058.998934387444,3190.503982020931,3311.7202979414315,2767.2008100670405,3314.8866986794733,3501.6682866397255,3439.2302364004668,2913.59482805818,2883.7254666118224,3202.741203459434
1610555606.65jCE4ig8Pu8kvAzkxnSGfWsV0nQBjCf8H,1970.2130156887906,2521.6117697324066,1989.3833555119475,2323.721886473446,1884.971172687179,2832.1313809121293,2040.9633730376568,1891.5990543766454,1979.2935250570386,2484.827899210475,2432.5561163960174,3136.487236790956,2452.997004693519,2008.1016539727605,3123.7251196393368,0.0,3313.6891818300724,3424.3308394992077,2459.1989435109735,2564.220413681668,3110.0653187793705,2973.762941967838,1967.8494673237346,1940.9894490557188,2643.2934396643004,2586.831866071445,1949.0160339206586,2908.4968682549897,3146.779838584785,2283.939477883137,1867.3236425195978,2624.854322677512,2487.176954320443,2263.5251792340127,2487.160498446985,1936.9255371022984,2029.341873045408,2052.1240121071023,2970.542207824417,3263.5403722844526,1912.330558598793,3382.5637110320154,2974.6202290320034,3499.5394461581586,3091.664378698139,3508.4939991526126,3438.3127246562726,2448.2845651027174,2202.1026480207906,2417.1370027902926,2500.6458967081635,2738.983183267248,2677.0085235072834,3218.9370738388966,2012.759024475966,3016.1764462724464,3002.6837167687863,2125.94552990546,2470.335658075901,2681.2873494870573,2890.25924975788,3605.05144492746,1997.316412495609,2998.145726513487,2458.2707418208674,3028.4543465590195,2336.994831380262,2819.3477063510886
1610555608.18ONsBCVo1i7BrX0XG9stct4oiA6ejX9Oz,3249.5345716730453,2904.9198901051695,3256.0316350642743,2528.1568207538658,3533.7045716038897,3317.5093853071885,3387.3963619270025,3182.2733022120765,3268.8228864702423,3682.4804384326303,2014.2264684904706,2543.6526834676897,3941.8418192092126,3278.300260032271,2497.7362440889124,3313.6891818300724,0.0,1274.1109202858447,2898.891443990109,3573.1682882677123,2612.908725660137,2271.0315117293358,3636.8989164128534,3240.196852104066,3284.012996088222,3118.003395200093,3646.461661969712,2975.731064971801,3488.423767275694,3222.956894791404,3604.3426937592653,3038.5808758204407,3907.0829402890604,3907.582101263769,2687.358225189958,2886.208444822881,3161.533735610245,3890.1857034654204,3366.412950588745,3249.7812577067584,3487.0283122262326,2587.7011152945,2931.405987180142,2884.211914897034,2060.612398039453,2106.661112026566,3720.6753844965165,3691.6146325643235,3586.677029887099,2843.4251888373205,3055.709652592879,3329.3198577944113,3721.9680273106455,2906.9003848637813,2740.8782811336173,3420.0990512481535,2882.485256782497,2903.5656710004628,3283.2312065889196,2971.696278941284,2689.5811573246006,1145.1144519958798,3626.391666163862,3011.0024865741784,3682.6683168005084,2272.74938938058,2697.746878585302,2566.0655320023343
1610555721.51RNoQUMP19FTMS79BmA3JkgSm2IC2AQuQ,3377.925871524878,2530.0085964007844,3384.203032873165,2730.7964253602368,3659.227399348589,3387.047707159556,3525.4244470396793,3314.241710477477,3411.212618488667,3432.1119067796394,2426.816789397457,2083.3509543664863,3735.681250637059,3404.769227277673,2692.2495730942683,3424.3308394992077,1274.1109202858447,0.0,3043.8459094917066,3341.6212938520243,2201.1283654058307,1723.87123791209,3727.7675924254154,3369.605571874972,3293.1573656315563,3213.4473122504332,3769.174405150314,2634.401358563897,3228.6873513861183,3268.598246380551,3736.9665521155507,3148.0406110933427,3701.3393255736055,3700.9000127313516,2846.7620474745568,3061.402171275619,3350.0140114102105,3683.158332439237,3079.5658353880076,3448.5377329801845,3668.3009802668576,2187.46059656898,3133.916966843067,2525.8214823894596,1703.8795538051693,1492.6598679780657,3497.2368125274593,3766.4435455977086,3329.894204150293,3003.655693835524,2734.029199993258,3491.8995087020994,3482.125110308092,2572.162955492724,2919.6765352147654,3483.2209593147386,2536.9620678579613,3059.5489134203667,2987.3751153933345,3033.79925216456,2292.8154800256434,690.1540847143112,3382.7848291259475,2676.4376584362285,3429.658474432875,1745.9087126453808,2878.90046272235,2142.303220715848
1610555971.86O0cHB2ibBJ8jxoObg01EpGe8VVV5mpwn,1496.8873831345106,3235.7933505848296,1540.8474735754291,2484.611296644957,1900.5300089723667,1192.2125336181184,1521.4781664454124,1539.8241367306027,1540.9874058772227,3204.989828682337,2505.1635579635504,2732.0301306071738,3776.503990771331,1554.0245528289006,2949.235661563886,2459.1989435109735,2898.891443990109,3043.8459094917066,0.0,3505.5294013408497,2704.468653004644,2459.252093992696,1987.009285534571,1564.143096659884,1236.0780015180092,962.2630535605987,2041.4226575577995,2462.5188458928897,3666.9376946362213,1274.368968729916,3139.272708924135,835.87782271296,3735.898632435706,3152.0829485701956,2633.571652970013,1876.3697558450976,2845.975522567838,3137.3484140312867,2937.8070280579464,2331.477606269598,3080.2898551541184,3001.4888828101916,2602.955910102926,3149.503185351199,3250.374505194116,3126.7180881396444,2611.263769951612,1920.8214694541825,2889.3700103765427,1908.2627256180667,2531.773873189085,1127.6991175317169,2466.6282417938005,3329.139890303845,2613.516143850606,1469.8130314242305,2307.012157455726,1828.4695188406,2678.6192168077964,849.6844562985351,2389.0386347751023,3225.1018444252913,2977.0520282679026,1643.543682157331,3254.963020386406,2526.9335100827934,1654.304876614736,2313.9363814387416
1610556911.51zU3duZSGpcw1BDNsBLxdOCITAXwl6z3i,3334.093620119652,1974.7636464944103,3358.490340824092,2773.260262528306,2997.630317588791,3478.5840484316595,3161.309757134808,3340.2510348042533,3331.506329688605,1930.705361719648,2964.633030707136,2939.830315139792,1811.123495129363,3348.8463394551286,2814.9394018693524,2564.220413681668,3573.1682882677123,3341.6212938520243,3505.5294013408497,0.0,2798.2974321227284,3458.6639650778307,2970.752879756728,3347.4912412054564,3689.1245937575927,3536.517012349296,3002.3272877727345,3152.2911579280594,2004.6084052610763,3331.9813839313138,2159.0013024104064,3656.1424420183157,1139.1000242871194,2078.1184148182456,2564.049681853437,3019.309601144199,1727.8614277952695,1896.1701346023601,2706.538869652175,3724.696455380914,1893.5343499158885,2888.8524020236273,2795.8821391173537,3083.9507763684355,2742.737432438684,3395.5932673870047,3186.9299200664946,3273.901584445425,2024.7523366577086,3301.973191236461,2540.0741201665783,3494.5458920668143,3267.034004314643,2375.691717860634,2398.4437527121568,3357.7588612253767,2769.1440808569478,3497.5969006577893,2719.4892037020327,3632.12143327491,3448.616549247356,3475.58076376227,2262.1389494893747,3480.8141494127885,1928.569807913699,3487.3844278664315,3515.787028910697,3408.3036412170563
1610555988.71dMoYT8250UHHJGxgmITTmbHe7V6gH1yU,3051.7655011404454,2694.69378726356,3059.29516440561,2579.410793547597,3361.020099278717,3051.7596954302744,3202.5401647173103,2982.30859556917,3084.119601317497,3019.440986680587,2670.716236658427,636.4049279198898,3668.010169114232,3080.8358454007744,2838.3999244132683,3110.0653187793705,2612.908725660137,2201.1283654058307,2704.468653004644,2798.2974321227284,0.0,1995.7051111644594,3419.3308583010084,3039.5479489879062,2942.1884285335686,2871.109118867924,3469.991622807189,1563.0791872684304,2950.94320245696,2946.7066720170515,3665.7649877893004,2826.140085941523,3221.7232755297264,2977.98006599587,2354.78573187174,2348.3384433795345,3055.5772320026445,2982.4653173020206,2545.598378648891,3570.7341275369513,3272.629258489823,1557.5526840179677,2950.8648653226655,1917.3604874995017,2596.7127081963863,2363.865229458529,2420.4209275534195,3434.0839630638266,2928.393502266871,2089.9093756817706,1750.7255839027025,3065.637234980181,3144.348348343536,2326.883675147371,2657.63831132466,2823.5609673364856,2483.8708080428796,2589.927757142231,2080.6646640223244,2715.4568661079475,2151.53160565292,2463.1676486611204,2680.382802422989,2339.8636147139764,3028.6179449327014,2188.8070258615126,2513.446451504802,2085.29114126933
1610556042.81mlUZsSp7gbGjrp8jQSnybT1gPy6e62o1,2904.573599918216,2750.316909848303,2912.011013773656,2919.26011827206,3249.3277567778587,2842.0247276762448,3056.0850563664744,2819.5921772233223,2938.5692799488384,3567.725742007431,2765.3825521235235,1718.2864039866806,3842.9994411084367,2933.51517443625,3027.405938147099,2973.762941967838,2271.0315117293358,1723.87123791209,2459.252093992696,3458.6639650778307,1995.7051111644594,0.0,3290.9545302169527,2885.650264318878,2721.0340531287234,2661.78376590235,3354.34591399336,1877.6480291726207,3370.43379273975,2744.2278421137785,3841.721015983752,2583.958587170182,3805.36441839044,3187.5130341755566,3018.951414707827,2454.4805267042875,3467.7637579192415,3170.3532495792256,3243.07001764603,3571.133163635258,3775.243189632742,2469.2286953666235,3382.7028254728493,2728.1065361143123,2333.4623540954717,2037.9263437817701,2965.068112382212,3265.4060206279273,3281.37651448482,2405.7948856489916,2071.6113935364565,2961.4565847011077,2948.186871694792,2903.150734384055,3086.3592296332586,2932.8552347988307,2579.424583462284,2473.980819920077,2354.2430325055916,2448.8960210922846,1489.2416505839653,1985.7662654671865,2833.9647580804017,1868.597227531958,3564.91988458235,666.2536696514251,2195.709051940544,1303.9808659537446
1610555637.02UBW5nKvDyUrKnaWcYRGajZPxTRDS0q3N,1391.7584924809037,3307.7506681846835,1429.0703574764802,2757.556749640967,523.4063299966057,1990.1536924962022,929.8709278664049,1520.8197923947232,1378.4978262961033,2538.1700017320736,2861.0671631567357,3450.75735231126,2881.007497417105,1394.229504134082,3380.795164194017,1967.8494673237346,3636.8989164128534,3727.7675924254154,1987.009285534571,2970.752879756728,3419.3308583010084,3290.9545302169527,0.0,1455.239566279339,2094.8807054236386,2005.6046705926879,505.3737263733886,3229.875846384245,3471.731527291101,1656.330595714317,2309.438813743996,2167.5775875171685,2888.255351655544,2733.1625749908435,3334.363138551327,2257.6340096091253,2587.165234118428,2535.685321733829,2769.8876153512815,2569.6730230227613,2401.6592719846176,3675.4586758149744,2588.6505542040577,3791.273953856627,3808.8743996020607,3772.1646166532814,2938.9969152054127,2248.257553816587,2255.3176434696024,2788.7418196284725,3197.9210971803254,1920.9312602448836,2161.03222366447,3370.3986374020205,2821.232996480168,2209.520073350205,3062.4427265064623,2519.650673690984,3202.0633502074925,2270.6462056101664,3219.8687893731017,3867.5412319021416,2768.6873852773965,2629.472921322329,2625.4684451991016,3281.851542996794,2696.394342899986,3157.245394066732
1610555619.13oUYNikU4facCTpUSiSLr0vPI0tJLnXiT,344.0993416043228,3485.7766772251175,228.89354985103867,2810.700746352012,1239.488917956985,2007.571305654694,955.3644701022733,303.0977566795199,439.5838254247361,2782.2419595896044,2855.354361267606,3068.1974047040844,3325.9377449403432,368.7850590128402,3251.820449066649,1940.9894490557188,3240.196852104066,3369.605571874972,1564.143096659884,3347.4912412054564,3039.5479489879062,2885.650264318878,1455.239566279339,0.0,1809.2023980144459,1750.926961450456,1420.1805955675354,2823.772079654267,3393.578829622053,1891.1582085324692,2720.1027662836764,1809.6760366386377,3310.435314452356,3176.100890338907,2912.5062070930558,1634.6082697197623,2808.850317011908,2993.3399173163752,3012.997223220832,2545.4434733827234,2710.1249495630623,3328.8803407450127,2428.5352495707916,3443.3477541250822,3524.708585031735,3447.6810184628744,2948.6085459876367,2250.6280872305533,2479.7415066294734,2264.435094793149,2846.2401567446523,1906.6816442241168,2595.194947318679,3614.1047940707813,2298.3466170913816,2258.6415920640084,2809.826413469033,1952.3951077271215,2841.2497452661228,1896.8707008701715,2801.8355482654533,3548.2109951887523,2995.970155882154,2301.112318930229,2836.607252056658,2930.5222661336725,2168.046948073548,2731.4157604079196
1610555721.03nzkucfjAUh31zTbmCVvTVYqtjoxZFnBh,1678.40758470224,3435.419782516434,1791.1821887918516,2977.1087320649667,2136.7606704122704,1335.191678189532,1777.722651605343,1728.0467852372399,1833.7932564127482,3171.790599397577,3002.7436891138664,2956.72044631736,3795.8522206281446,1811.0388037135551,3420.043924858997,2643.2934396643004,3284.012996088222,3293.1573656315563,1236.0780015180092,3689.1245937575927,2942.1884285335686,2721.0340531287234,2094.8807054236386,1809.2023980144459,0.0,1071.3669520806138,2262.3909564980136,2677.075894718844,3849.892899864499,1115.405915189815,3149.0291324311934,846.9670690190558,3753.700254865837,3140.9858518830197,3063.153827952106,2382.0245506237447,3263.4492117307377,3121.6062710021997,2879.12470370719,2393.5951891600284,3315.4744386590564,3256.5583557391633,3102.0984703273743,3381.1263872920667,3466.7848874380015,3372.5054436739815,2772.6424908657727,1620.6938166095363,2837.880390868216,2382.8012681377577,2721.0997243791994,1272.1208483319033,2376.934680202327,3567.1364117568896,3020.998875728027,1520.5290136256745,2574.0888085878723,2135.683660089075,2735.6051458703123,939.5790166122636,2632.1923305649757,3476.6643921977306,2934.2981628158805,1914.357887181547,3218.9849908511706,2776.3912069775365,2276.1487723364507,2557.284634244613
1610555722.67fhKURdXVzRbLIjXmjRwdJHTnE7PWb1AE,1646.2619298672068,3356.5902252942824,1731.3743741619928,2753.6392616680055,2002.8765655407249,698.6174675038807,1611.1089510134932,1702.8161587701954,1736.4417528903143,3238.967038734066,2775.609511850757,2902.1048083936544,3566.8511709398817,1737.138037653003,3104.002052477031,2586.831866071445,3118.003395200093,3213.4473122504332,962.2630535605987,3536.517012349296,2871.109118867924,2661.78376590235,2005.6046705926879,1750.926961450456,1071.3669520806138,0.0,2122.550983857369,2639.9654844393663,3700.7829076650532,1283.1046587436351,3069.403244762627,948.2205556489558,3699.1631137108766,3115.078461024268,2867.4266559004095,2149.1288151198883,2976.356015603548,3098.364577188099,2996.5790121424716,2306.1824105951296,3131.5883237070398,3169.0433129688877,2782.277723558502,3306.503887306045,3382.5856220267497,3016.243109497448,2315.982074576274,1727.061062204684,2928.4320009166327,2197.6091580040875,2678.1128541236776,1086.3340885496752,2496.033040790595,3442.422352132534,2824.2075860339746,1405.5460677060005,2515.8482266115993,1713.8856248465004,2766.531022776712,1031.0726287766145,2589.5456937134904,3383.6803149740686,2990.711314882847,1910.4294812457756,3295.0090547849386,2703.114435641668,2018.9058864580393,2517.3477304619196
1610555638.39J2ZWBLuLTHP0jOlzB4tNHmYeijH5g5YJ,1383.256820481107,3360.5075277658093,1393.7247907879866,2746.276400820364,463.3799333547415,2128.070346331176,927.4287431421837,1513.2741405849308,1329.827503409142,2574.6984062042984,2853.457166668283,3502.096096727574,2907.103657127222,1353.1306316819505,3364.935498602694,1949.0160339206586,3646.461661969712,3769.174405150314,2041.4226575577995,3002.3272877727345,3469.991622807189,3354.34591399336,505.3737263733886,1420.1805955675354,2262.3909564980136,2122.550983857369,0.0,3294.8479633874044,3486.3052961987833,1840.973406393746,2344.433558403226,2299.14045241409,2918.194460104732,2815.472365160258,3323.206040459104,2232.4982323887825,2555.097181862962,2614.770700431446,2836.0415613905816,2604.3188022857944,2364.818933419185,3718.320274872836,2537.6664946964593,3830.6770600121695,3850.115608782345,3815.384493048947,3010.891078294641,2383.286999509996,2300.417683686048,2783.9523013430407,3259.911225698076,2042.1752001719105,2267.8220435504286,3423.334670606033,2776.329403976265,2360.2015580135358,3122.5028236031408,2524.17645568961,3265.16642922841,2397.7408811353225,3285.2161850395228,3908.711099413376,2838.1900105645395,2713.741743611079,2652.4548297959127,3347.3564733156086,2687.9322798212975,3226.186660121845
1610556032.17Q6yCDx9g7alRnL9jBFXD2JhhUyB2hKfJ,2840.1058532189422,2956.1223509576967,2849.606429597402,2820.004865200408,3189.491885080297,2829.9180243344617,2997.411453811913,2761.6190019812693,2872.734735741152,3231.5570736334394,2926.041573456448,1589.9699083471442,3797.1659969397942,2872.3754984365655,3209.6924983821586,2908.4968682549897,2975.731064971801,2634.401358563897,2462.5188458928897,3152.2911579280594,1563.0791872684304,1877.6480291726207,3229.875846384245,2823.772079654267,2677.075894718844,2639.9654844393663,3294.8479633874044,0.0,3283.9739467070876,2714.9848379558903,3789.976464655696,2595.733136313044,3411.4201550491107,2762.1801322479923,2665.359582930238,2123.1226423765834,3266.0276310915783,2772.366570342192,2804.6154830594164,3559.8742343181884,3459.2846726380353,1678.8280359480962,3199.926767981359,2120.827179655948,2949.178402088464,2758.5339049428885,2580.949678390015,3206.109161335836,3014.055693954035,1676.271964669176,1499.990859124026,2856.830513308915,2891.5828677966924,2662.41267640445,2898.5106019987466,2632.581911979447,2640.25257604839,2324.9564581532427,1645.8821990513268,2483.75638229643,1783.7800700139405,2859.0026051543146,2442.5501797568218,2038.772214167191,3236.13107391485,2035.7231911278839,1982.9429358006007,1686.9073247899912
