,1610555604.25mOvVXuL01OCiReyVWBfesjuvXmB3MoPy,1610555605.43B6oDsBtWRQ29Q9UMQuTUEPZy3FSSWXzc,1610555610.92HPGJJSmyPM40z7otPBgHalNrHFA7zk5d,1610555606.68LaSQbm9EHAFycEfFtEqAwYqlBsQPjIRW,1610555617.19EKxMEwDHfXiEJZc27TsGoERaD6Da4BZU,1610555722.52PJ3FD50MGhRXyUD28vluU8Z9UjLJLZn4,1610555617.52Ijr5puT55g9apK8auM7zaxa3NANg502t,1610555638.77ZLjTLkz4jYJdFMI2wWBztzsDILkoOtAk,1610556912.46C7tJPLF0XfNnm8f1820X9aLmXMHoc0Dw,1610555617.51LjzIROg0aeCP2GhDcAVQ0LipKJB9jmKc,1610555608.17OpjjHobqRkX0UPcaXrbu7K6L3805SZri,1610555721.82zWeNZfGUUfRJkgnAwlP8VMhPzXctnSd4,1610555735.75bom85BDF0C7W2eIseHeMxi24qR68nzMi,1610555735.77NnT5xqKnwcf2BbjIekeb2arTQj6QMNwk,1610555638.33wjf1PhdNaoWfbRzXVn50hmFyB5bYAiLV,1610555606.65jCE4ig8Pu8kvAzkxnSGfWsV0nQBjCf8H,1610555608.18ONsBCVo1i7BrX0XG9stct4oiA6ejX9Oz,1610555721.51RNoQUMP19FTMS79BmA3JkgSm2IC2AQuQ,1610555971.86O0cHB2ibBJ8jxoObg01EpGe8VVV5mpwn,1610556911.51zU3duZSGpcw1BDNsBLxdOCITAXwl6z3i,1610555988.71dMoYT8250UHHJGxgmITTmbHe7V6gH1yU,1610556042.81mlUZsSp7gbGjrp8jQSnybT1gPy6e62o1,1610555637.02UBW5nKvDyUrKnaWcYRGajZPxTRDS0q3N,1610555619.13oUYNikU4facCTpUSiSLr0vPI0tJLnXiT,1610555721.03nzkucfjAUh31zTbmCVvTVYqtjoxZFnBh,1610555722.67fhKURdXVzRbLIjXmjRwdJHTnE7PWb1AE,1610555638.39J2ZWBLuLTHP0jOlzB4tNHmYeijH5g5YJ,1610556032.17Q6yCDx9g7alRnL9jBFXD2JhhUyB2hKfJ,1610557007.49MyVgDnuUuBxrvL6SGOdhKf69VYlW1MSm,1610555638.44hjT5hbYdKoE3MB6hijrjqbjmLgvCUYKD,1610555608.13zUvmFSCRt6SsLbhqFznMEvGx54GPGQzM,1610556038.62a5C4ynd1AARyAhTv8a58NCqHvXRjscqH,1610555644.45Xse8u7pusHNsd7F3d0A32HXvXr6weOJE,1610556038.62gKXOCG7XCn55eJvyl5voNjbwOW0znQDq,1610555987.13v0oleKK97pkesp6oMgprH8SoSdoDVdIO,1610556964.96ZLLeiQW0qpmxhPGTg7K03fmzkqsC2bjC,1610555987.13VQlEedQ50VvkPMEMzZDv3KNnQCewykN9,1610555982.186TY6MMGkDecIN1woW6vsfAMXVV7jnyjO,1610555982.673LuMndkwkvdmZOn0MmE2Pkidx0FtNalb,1610555733.38zItcuH7gHNfKdALR2d9Nek6bxCyw36Vm,1610556034.15BQxSbZINGCay0yp6RBVlgcPrw76Yn9ON,1610555639.37BPZpgtGml8qUsh9AdV4m32jPLfI2aNFq,1610556965.57S0adAalhWYe6K3bkZU0bRHbqnDK8gGkR,1610555983.54zteLPCMjyrjzPdhHhlZr3faCgD0TfYr3,1610555987.79rHnNRmt9a0ufmnwCvZqBouyUoZDNpylW,1610556960.041xWER61rmArlsKfiMl4frikWmUCnQ7op,1610556035.13a7NHZDutfTMJ88qle1gTYY59Dr4WmMsj,1610556890.456ZBDaY16bMtrTZTqAgHl3wq1tRxzqDow,1610555760.24e6890pkbyZ97Or6croI1rQgjkSsR0yVt,1610556043.02YpWMIJg3W004iqlPyv8OcVAZdSC5rNYw,1610555987.03z05P26TLtONYM1HSzupoc2CeNMa6HTqr,1610556032.15OYCzUxpsz7b10AXBAuDXrvEcvxFhf0M7,1610556032.63Z80yI9pNwS3jSmsDABbuhf8wkNa2Ze9y,1610555736.28eGuESasTXdR3SqY6pHhEXWZtcdciYLCO,1610556034.61bebeZA0MkaFG2sm3VKiqrxeqQginTTW0,1610556944.5XwXOphKYT3ZkWA8gViqOS97VHVuMVUqb,1610556944.745UVLFBzf7fPh4UH37I6tYQOFPqRDytEh,1610556034.63XsUwaFaPZevO1JNFjfhvY4aKNFnV4noV,1610556964.89xwBHw9faT1HjQRMNQEyA4qJ3hWkwgj3k,1610556966.74DydzH91jtyvRyYau47JpVkZoMRSNTt01,1610555740.77UueVziDbaXyRR4OcVJIIZyzOfAzN51bj,1610556046.84e3vwjyRCzqz0wJQhrk8zsxlFfFSv98Df,1610556137.99eoPuVrDThKAOvmeprLPb2FWRqIhzUodc,1610555740.73XFwSrmTXJPlaxGZSefh0jOVA8PI3III1,1610556123.88AOfNaz9jSnqU5Czc7okOv1RCrYfKFBTo,1610556046.85nB7NvyoYQeLcOV391Lmmut1wAM8CFGLw,1610556123.89H4pdIAzDthI7bMXMhlIhKUYIQIvtmPPQ,1610555740.87GOYQUJKpkynIS2lFqppYK4b32ol7NeGh
1610555604.25mOvVXuL01OCiReyVWBfesjuvXmB3MoPy,0.0,168.86758864659205,43.357771416956425,158.4767636417242,129.91883466776468,144.90606602373975,127.53144228541579,51.17152274857027,120.05438989797723,127.66245519837314,199.93688675346525,159.0536017097318,158.48673904747454,107.04630191826607,184.4553781677606,136.4987589510692,228.7905602184883,185.70105738544652,140.60204639329,119.76916800722462,184.80502831071664,211.65088214012437,130.64431595463492,47.37248285057316,155.17941245427633,161.8371811941496,117.84550568442694,167.12428275682794,164.5927624737042,127.67309878846262,134.89136266658278,144.27743224963336,146.46868748750865,150.6124484622173,153.4232038677991,168.02446953372078,147.0257059207924,144.91652754091135,167.71406955521056,162.7057161094463,153.08629830249996,203.90857407980317,165.07438216828,148.0208647921584,184.74747277533052,192.56597655156588,150.34179578605242,138.52357292691377,131.17820323497358,173.4100893781506,129.10917062522202,133.76357551472557,170.94223061780133,201.45526869629285,120.78458999897437,148.82224359133457,164.89239366360601,136.85397811086884,129.97102228083682,157.21078988346355,203.21958336673435,221.42835055730922,141.02737956461382,210.6882357027839,138.22060647277442,222.53712852077683,158.46947382255067,193.4738566024426
1610555605.43B6oDsBtWRQ29Q9UMQuTUEPZy3FSSWXzc,168.86758864659205,0.0,166.72845677354923,176.28305022372277,181.19543845486479,184.14599578500125,178.83420360794156,170.58433429304216,180.35226370045774,168.00073477909572,198.0073277530711,191.17354916521816,175.53445456106215,178.4365480473196,215.5844189858802,185.09233951970737,218.1277803192507,97.33071255919148,181.03372316692293,167.22991971924128,212.53925762284965,218.83096585178782,175.01767086323483,167.7913137971249,188.6753616509753,202.08771095196354,176.57190549530762,190.59531569384848,188.26419105831616,169.01188146756496,186.37128366768314,181.8179750201714,171.6554164115214,176.4737094072973,192.15284328532775,208.2535182100222,191.61954170649156,172.69001710489906,180.36031333346614,211.3215304989437,183.97670669597264,215.55013045940598,206.73116543530688,185.41564747118366,144.48585152224007,102.81634708215108,195.71530490498188,191.92431943800256,168.5517253560636,212.00975817403628,177.89065443289445,188.11865731193328,211.22248440700125,219.4593940092527,173.69779718291315,187.7610857975434,191.00219340071777,176.6716108596687,178.580379444515,187.44118221495663,215.64975377949676,226.5489721767626,177.689270108519,219.81448941943674,179.0360876149891,229.0715946915045,201.91894491994074,211.8590262624701
1610555610.92HPGJJSmyPM40z7otPBgHalNrHFA7zk5d,43.357771416956425,166.72845677354923,0.0,156.11151292698213,127.1362594111695,144.2636179699872,124.67355286725049,61.894201761494095,119.51581104552378,124.8341921909264,198.11036333978635,163.9223752543743,156.2125813488695,107.65392368567532,184.42678716733832,133.8555832529341,227.04155999850124,188.48878620671098,139.34286672550806,116.10406050936176,184.11814697093314,214.21763338341447,127.86136831546897,60.935316351014436,152.3790804533342,160.80583860302644,114.75950335550296,165.37561874539207,162.437010029856,124.82045182253886,132.20039734694257,141.77128057450625,144.02165344471302,148.22664916044624,151.7967970334709,165.81066934369457,145.1117052809494,142.42809469663237,165.55169584369858,165.95325702579598,150.58657622838916,202.6923830746346,163.9146844857413,154.05571293754392,182.39682182646357,190.34005625883216,149.32885035126975,137.5555374384323,128.4209824884968,171.26155432175628,134.29745231496776,133.32601642762376,168.84270066576158,199.64544322650391,117.79430792197829,146.19751080644673,163.33895416467678,134.23245964726092,132.99722398701292,155.99333496270478,203.05397907001773,219.78945195785516,138.48422376689564,209.30452015249278,135.62873146444542,221.8222396685118,156.00605938000015,193.0662424823346
1610555606.68LaSQbm9EHAFycEfFtEqAwYqlBsQPjIRW,158.4767636417242,176.28305022372277,156.11151292698213,0.0,175.38804597423942,183.61868044605856,175.26495082169632,159.20626449968069,167.8865612860301,168.573912105523,195.82696138704628,176.5862048021381,188.19189766728215,171.2898442565494,213.04018818257384,175.38618389027974,231.60062979541866,190.51191652555653,177.1734647442892,160.09604356115682,199.86492165327596,220.01488210621486,175.13900723580358,157.1405128033291,192.61264168529368,199.1130457707604,159.69243782101194,182.7568232851081,191.51124589904046,171.95856896474064,170.8193793460113,184.65482250735158,177.28982735398753,181.86465828025382,178.7331357061419,196.08765878893047,182.86603228057254,177.59611414511917,185.83930849830224,201.40295870772906,177.07029657835864,203.83229696621606,198.41772662409068,173.16853858413057,193.53227327185894,199.62748952911858,191.10872080210584,180.2032756638088,168.56064804460152,199.3133179628396,162.77414872918501,178.69328234609614,203.1205858267211,218.65583150402875,163.17522966005237,189.6911622620322,197.6735203915804,163.34955811207828,171.00147354928185,194.50630590044005,212.47874805510128,234.01291945002947,172.05930303796794,232.6667065633823,169.49275763854422,241.81149673126623,186.93508932930763,208.47594790823402
1610555617.19EKxMEwDHfXiEJZc27TsGoERaD6Da4BZU,129.91883466776468,181.19543845486479,127.1362594111695,175.38804597423942,0.0,166.2959504641902,121.44615983467159,131.58355477444385,143.05217394475886,145.53880219123909,204.87030577121493,181.8336246441337,173.37386525061834,142.40074199894752,196.35739494886272,154.0296678761825,231.30622287797576,199.88591421627066,157.0330704463386,143.14592872094212,197.91859309604845,219.8133335701932,141.76610527510084,129.6548137793183,166.71535875636695,178.74476124630488,138.76819763454887,181.81926658490718,182.31243828786293,134.85140139017574,153.3614708692222,149.75422953158778,162.3320639319403,168.07359205441796,170.7669215727727,185.66121477949466,166.5576999255243,162.56871116660318,179.49331485593342,184.45914015231983,170.08674280850005,219.5833009798186,178.03397391942647,179.9415794292309,195.72679619542419,202.7873557960518,169.32238961100086,160.1709288732269,145.57549736181525,184.30808074813183,157.85021824774833,149.0810505386287,186.41968413313987,213.8651393968362,139.19340367110618,160.05132936769513,169.055280734468,157.70324474344454,156.1866866004641,167.5483257809994,209.84240243086018,228.08550308223366,160.1571625882773,217.81434294238048,154.81067201725932,230.92306794527687,173.9820703435753,195.61720641856274
1610555722.52PJ3FD50MGhRXyUD28vluU8Z9UjLJLZn4,144.90606602373975,184.14599578500125,144.2636179699872,183.61868044605856,166.2959504641902,0.0,160.76416174344666,145.52662517187136,154.06878283168462,162.36938811102368,208.28211890896898,185.61777738064927,182.80582726693896,152.7857556767973,207.6885852427746,169.00728082188772,235.18493076358948,196.99448970080113,97.03993623994545,156.11490581194155,205.63145348042323,213.11817451148016,160.54076042913252,143.0848776321236,177.73113286402156,118.33810552241474,153.82275777611264,192.59383362427087,191.29022597954997,147.48178129204203,166.98829202197234,158.32871660732255,177.51446492070772,181.02040390252216,177.8791081388844,191.55217868662905,177.262406455359,175.99070392656233,190.88273674187553,194.65556322078672,185.0638040454151,219.37629473443926,193.16729252253967,185.67635415357512,202.67118983925099,200.12703689084384,166.75132195101517,162.26904393409274,165.19075962976555,195.66490069493275,166.71369181508348,157.87674643148046,194.265760970629,218.5431203235223,156.04278820145868,156.73014191896004,190.94513291044817,167.82059681969614,165.06600768071408,161.27461318726182,219.97390454315203,237.33118935624873,172.04527498786535,213.45453882099469,170.40273706224818,231.5676391269841,181.4456865595651,210.29863596783855
1610555617.52Ijr5puT55g9apK8auM7zaxa3NANg502t,127.53144228541579,178.83420360794156,124.67355286725049,175.26495082169632,121.44615983467159,160.76416174344666,0.0,131.09154533469126,137.56333294037714,147.90879717710735,202.38886520443523,183.80322968193298,172.47201732155924,137.84051240819034,198.26611228069686,156.09845927082358,233.0611317701923,198.57601635184022,151.92470352024665,145.91427572605056,204.6762532038254,218.68778755318937,145.3699256989191,128.1006854927723,170.44698501189018,176.72354000821616,139.90420549451105,178.4195483696719,181.45410465776075,127.2498059388665,155.1666346665759,143.93018257572302,164.4346280058491,168.79947564812088,171.38004908344345,184.86562712274016,169.17947180501827,164.05332354722782,180.08222997791185,180.93698120765634,171.06759784832178,215.49473405781984,182.08933141702818,178.04704000956275,191.97759592198088,201.62288054810634,172.6079530018751,162.72303929364494,148.5680840294322,186.75330525991134,159.5410072682966,154.1842077359315,185.71327911400618,211.23940328758243,143.9802746269424,159.87446000996306,176.30499454508848,159.75897182441727,158.2609517423337,162.65361082748066,209.21941570849157,227.755055324158,161.48917487788808,213.17110734718747,156.55805658809814,228.68980723314306,175.93011095636768,201.70688873157226
1610555638.77ZLjTLkz4jYJdFMI2wWBztzsDILkoOtAk,51.17152274857027,170.58433429304216,61.894201761494095,159.20626449968069,131.58355477444385,145.52662517187136,131.09154533469126,0.0,120.70066590163756,129.9487691665078,202.5068717568503,162.47499923058598,160.32585239712543,102.94977691143414,185.58857434189937,139.21840384588322,229.11669295181488,188.4661465662452,141.29014517807806,121.91751909781432,186.29003493450244,213.61162282532308,132.85859930479654,65.265507809253,157.03140763524397,162.69225368026565,120.97674606360572,169.54172226141026,165.82874788921904,129.9361511434492,135.86828922443445,146.29145214525747,148.4708712290767,153.10342778917908,155.96595997986796,170.32712434954198,149.01206949998124,146.53913464144136,168.60584901788476,164.7302227689473,155.30446507422783,204.58684196376385,168.3395014674335,151.2875372001318,186.09188095751335,193.78710324061475,152.89022092803734,140.02403652219914,133.40374378096212,176.004700895428,133.62316441218368,136.02649832003289,170.73493734114714,202.76395015162942,123.40026053795684,151.09964230566996,166.77953850589228,138.99208114780313,132.68412140308527,158.37972307108367,204.76569615113468,223.346910114549,142.5575723496009,212.16163012942494,140.23150700996663,222.65492644164698,160.4347172461851,195.3787066018747
1610556912.46C7tJPLF0XfNnm8f1820X9aLmXMHoc0Dw,120.05438989797723,180.35226370045774,119.51581104552378,167.8865612860301,143.05217394475886,154.06878283168462,137.56333294037714,120.70066590163756,0.0,142.9542367607002,208.22768891104343,171.64612982772914,170.80378175382347,138.27733727172293,190.92170776524293,151.06353139253184,236.84771695051694,195.66629825221062,132.16264455524083,135.06859412110617,188.20057751768826,219.1951569284865,145.01114280681685,117.40782898704869,166.87941074316214,173.059943614294,133.9287175539128,177.2673416277146,176.86124575516988,141.55175243993094,149.21496901716705,154.8144346687323,159.96058972166668,163.5864666508335,165.16884536698433,178.28474271545272,160.452426325982,158.83889407810176,178.9561875811257,181.02308922133687,170.16770012665447,207.7930212613457,174.5034942273921,171.87089836877365,194.6749662237456,202.23282179709457,161.4059667840712,145.75409646089966,146.13489067209144,182.41913059848332,147.051762651265,149.17030476159752,182.33902930184382,210.76389075323684,137.56640624690203,162.23425859655785,175.35198506989997,151.1595747061431,145.23808043917276,164.7908674709795,209.5155904562784,230.51892624265878,154.94189835333606,213.84256421130453,151.86331972070766,227.9438756430908,170.42412637306305,197.01056156912875
1610555617.51LjzIROg0aeCP2GhDcAVQ0LipKJB9jmKc,127.66245519837314,168.00073477909572,124.8341921909264,168.573912105523,145.53880219123909,162.36938811102368,147.90879717710735,129.9487691665078,142.9542367607002,0.0,208.62034113576703,175.76090593745735,100.60731792499762,142.05982007483578,193.63929516761877,150.26573839513986,237.0332719364436,189.97424846456786,158.7946394651466,139.59186942839156,197.1441321784277,220.16327846996245,141.65360808608483,126.18017976671243,164.4378372916505,180.83978741217933,137.0431417191896,180.18103166711532,164.0967973873209,142.3091364207063,143.8124726285606,157.3888230886431,74.01737476696147,160.44277426012718,166.3699275772723,182.7516408009022,158.63758875037323,155.3453625425104,172.94466568662256,179.90078223291758,166.36783102382972,216.29011257311458,175.8405423619618,173.87716419250708,189.30250692387693,194.55638797444362,164.89995779426746,156.09125894033417,93.4185714960197,185.10949308394544,150.96010878682728,151.58423954957252,175.09309996454255,208.24625021027052,138.70249604169518,160.1149440227896,175.19400951023016,149.16365449618112,152.85326064965656,168.553318079126,211.41620985761267,226.70503613822143,142.48897917627355,221.0875625202331,134.4521916547106,230.9857219881173,173.27819155059157,201.34439169227883
1610555608.17OpjjHobqRkX0UPcaXrbu7K6L3805SZri,199.93688675346525,198.0073277530711,198.11036333978635,195.82696138704628,204.87030577121493,208.28211890896898,202.38886520443523,202.5068717568503,208.22768891104343,208.62034113576703,0.0,212.0799228730651,223.9413832069577,210.1274662028049,235.05417733851223,202.67486692443558,219.31353235689667,212.0303199223085,209.33108221246334,199.8029795287601,225.73844424457909,237.34957255251615,207.1067918245938,199.78989667049206,215.39105272627165,222.07828586426035,199.51877296138753,218.8466268764859,220.68625943943866,203.17069716852427,211.38404222569594,210.7299644872249,216.51961537600678,212.8042065595696,211.57319608757885,223.12922089506634,216.900988705291,214.12549996374526,223.66519381742333,232.86146177008078,212.85978617508488,213.48744221512283,227.626868420074,216.95367641862302,215.20549466590936,199.30905512802676,221.52763902786006,212.31017064973733,207.26283139234246,224.58235798178268,206.7533482942361,213.0494555210164,220.0836755567173,239.82653919025822,201.45637096790483,213.125769684492,217.16069084669826,205.2554242577202,211.5848431489766,216.15214971715494,245.99199223309975,248.07916081311313,205.98985298165664,244.56281928375392,204.59995572791595,251.18951883106507,215.34369405778824,241.2641514729946
1610555721.82zWeNZfGUUfRJkgnAwlP8VMhPzXctnSd4,159.0536017097318,191.17354916521816,163.9223752543743,176.5862048021381,181.8336246441337,185.61777738064927,183.80322968193298,162.47499923058598,171.64612982772914,175.76090593745735,212.0799228730651,0.0,193.3400551097712,164.64927797540184,215.92395438803095,175.30169581946856,238.45443324098875,167.70445351185046,183.03866046415186,156.25032619926947,158.86656018110386,172.64047875743162,180.5001738661951,157.8760190639552,195.10207591040444,200.62051028535848,171.57536502126703,191.38885021664905,185.85579581453536,181.72234959480326,182.5151165950846,190.45795964108999,182.37565105200926,183.61836928314838,178.20951377601602,188.86617321819708,187.044706560206,180.01804838741796,196.62228865769941,204.753811299224,194.1223471058009,206.67403219334304,203.9521105516265,176.8175653249112,205.2479317932676,209.41832827356632,191.99341216110003,172.64432046448604,168.4517757809931,199.41090381656164,105.15627800402109,174.97177707739195,207.97112110868494,218.28271173628667,170.88791300233805,192.7967534721415,200.25800195322398,162.03442318591476,154.98435649830108,199.20146504851544,222.54003311037997,243.16321523224576,162.88255275930695,236.59411236789,162.971078988541,239.21836091222818,188.35109607081193,216.85343020555246
1610555735.75bom85BDF0C7W2eIseHeMxi24qR68nzMi,158.48673904747454,175.53445456106215,156.2125813488695,188.19189766728215,173.37386525061834,182.80582726693896,172.47201732155924,160.32585239712543,170.80378175382347,100.60731792499762,223.9413832069577,193.3400551097712,0.0,169.24705471958336,206.42901145521753,171.03631219415752,250.38206999260584,197.5287782766426,179.74106695859723,156.48131548655135,213.14829330578794,230.38513118486327,170.16428137362155,157.3285730602604,189.25756010624283,199.6651141133007,166.3138298633887,197.26229754040918,179.1042848174832,166.59660472364354,165.56694528259763,179.6655837695993,69.6444821517286,166.2115761172086,185.0863232823454,201.2339216392382,178.67223783986958,162.40134773101406,195.6025522996842,198.45468388165247,184.2282312675074,229.8366912400961,194.38414322155216,189.89017931394858,199.45259855289558,201.1300478092643,188.9578317957781,182.24568823478012,137.02494713459785,205.7824456995324,173.9958331141309,178.13374629428884,190.22155770195798,218.54141099778968,161.89995482722955,185.4777394557587,198.02803714779478,171.50760402164337,175.29556853822018,189.26389322830943,221.80552105609507,234.8331411000805,156.02866989746377,235.526174234141,163.2809995720781,238.9557606346285,194.8960546427987,213.36557836010076
1610555735.77NnT5xqKnwcf2BbjIekeb2arTQj6QMNwk,107.04630191826607,178.4365480473196,107.65392368567532,171.2898442565494,142.40074199894752,152.7857556767973,137.84051240819034,102.94977691143414,138.27733727172293,142.05982007483578,210.1274662028049,164.64927797540184,169.24705471958336,0.0,189.16144832078578,152.39226175189808,237.02026661792314,192.75965796182214,146.83202125068325,134.68665020438485,193.68439556780763,213.26666491206615,143.75198585367747,109.37209713610315,165.39076007057807,171.70824201535268,137.10409580209048,179.23509139447737,176.29304681634537,138.28817933415473,150.8325069511695,153.7625008579142,159.26793714373738,165.4109167402259,167.8776037071562,180.03858947474203,159.92177430257826,158.82085158005142,179.18375786941883,178.63390094860742,167.42587598177107,213.68937044365342,178.5152257870923,170.86360225783008,191.1868683125327,198.63571017810258,165.09385915867878,151.00262441559548,145.08712907562133,186.49120550196983,143.46505599277938,147.3081737867431,183.1862536596676,210.7644565182781,137.8427103886757,161.31862012114814,174.07093090206476,151.99435957025065,142.0701705516963,166.61269029476227,210.45751575352443,229.93063417964154,156.94747382098862,216.84325535082246,152.47269757329286,225.649419627416,172.77913352755928,202.66609922472546
1610555638.33wjf1PhdNaoWfbRzXVn50hmFyB5bYAiLV,184.4553781677606,215.5844189858802,184.42678716733832,213.04018818257384,196.35739494886272,207.6885852427746,198.26611228069686,185.58857434189937,190.92170776524293,193.63929516761877,235.05417733851223,215.92395438803095,206.42901145521753,189.16144832078578,0.0,190.86916916917156,256.1322041958596,229.832835230451,202.97750915015462,189.95844628158275,225.66942566107394,247.75872596559412,199.8683153579244,183.26274255631463,212.88833509332557,213.2216581007145,191.39021134425522,222.1593254290732,211.9485740203479,199.41548881528084,194.5622102471258,204.95218008780122,201.7449997723122,210.3849510558385,192.3779909764889,211.1761807672131,196.35212360697832,205.8473043402685,219.36305066245896,221.83495778037076,187.23573017657608,238.0167697312223,198.02849624658722,214.01873480199532,216.4738905621807,229.75457878576023,208.6388499795908,193.26480072565323,201.0964960217141,221.93510750511732,200.07210720247977,192.45437603464595,227.8931038789806,224.13696503198756,189.26829567836967,210.36856754200062,204.5917062261409,201.6841383571252,200.83545024806978,214.4288254109359,244.53805592369451,251.17970874100251,203.75477201536836,249.82245398935564,202.16557276680012,251.48300921676088,216.22706625653294,236.42960625519575
1610555606.65jCE4ig8Pu8kvAzkxnSGfWsV0nQBjCf8H,136.4987589510692,185.09233951970737,133.8555832529341,175.38618389027974,154.0296678761825,169.00728082188772,156.09845927082358,139.21840384588322,151.06353139253184,150.26573839513986,202.67486692443558,175.30169581946856,171.03631219415752,152.39226175189808,190.86916916917156,0.0,233.89236570517093,202.75040493854442,166.44099791854177,133.27014868863287,191.25542723037782,225.29140420559392,156.00941332215237,136.09874566772754,176.76181197408977,186.86500930849735,143.834915889199,180.522652323428,170.87936407889268,157.6760169811654,150.7598483546417,169.016148336439,158.53185385901727,139.02294094134885,138.80719075216828,172.73339488978695,161.64983280313996,139.87438586308065,185.12155712047073,191.46881829514868,159.23619864110057,214.7205772290055,183.3987176205174,178.94512703270556,201.60215182334403,205.9545983955381,169.8523448521794,160.08378533659132,152.26356520562362,185.36579167006812,155.11190071252545,160.52036830885496,183.97127083265474,210.72215775116845,136.91086560913925,171.8111622728315,186.4236583486426,151.00918375870327,156.7047109605734,181.31626156505843,207.55454693622642,225.89467083055257,148.57121417770372,222.8676663411251,155.64629819805467,223.804991809272,172.66443575116728,190.9221441935228
1610555608.18ONsBCVo1i7BrX0XG9stct4oiA6ejX9Oz,228.7905602184883,218.1277803192507,227.04155999850124,231.60062979541866,231.30622287797576,235.18493076358948,233.0611317701923,229.11669295181488,236.84771695051694,237.0332719364436,219.31353235689667,238.45443324098875,250.38206999260584,237.02026661792314,256.1322041958596,233.89236570517093,0.0,229.40038979111523,235.1537575890045,229.76762453997608,246.5365403272228,256.4766842448533,229.04817211652855,229.07555691482165,233.89451250311026,239.55360784742334,231.75944509255942,245.4687427339215,236.1190305298057,226.27222904040335,232.7096109037422,231.6108965381165,244.6000580049044,241.64540076857173,235.96946471738886,231.9786239439192,240.34683532570773,232.0265537319697,231.15653742500518,257.59893425687847,240.44761466120636,247.8251708597242,251.0508581062103,238.95241508106773,233.13871668442408,222.5920465034501,246.61231487642863,239.7630908375136,235.1664321396067,243.74497866636096,235.1078554248294,240.68308253603283,253.4181080569363,245.41188769475622,232.48575052887358,233.3176671527787,229.9806216051561,233.34212718089722,239.48227125970087,236.07859850765638,264.6634346300591,256.87444857998054,230.23617395513642,250.42664641847358,233.3537964544077,258.2198227884297,237.15343126482108,262.34305716352503
1610555721.51RNoQUMP19FTMS79BmA3JkgSm2IC2AQuQ,185.70105738544652,97.33071255919148,188.48878620671098,190.51191652555653,199.88591421627066,196.99448970080113,198.57601635184022,188.4661465662452,195.66629825221062,189.97424846456786,212.0303199223085,167.70445351185046,197.5287782766426,192.75965796182214,229.832835230451,202.75040493854442,229.40038979111523,0.0,194.62089024397343,186.25258754508803,205.42471584979418,208.83880866393847,194.2983880820105,183.97788535175516,205.5719475778674,216.305075682904,195.11528200456002,207.68625188197169,203.72409836712907,189.96444101986037,204.57443150005105,199.81069139339894,194.0626791848685,198.5592640045794,209.13651552720808,219.86257440612872,210.25143236527913,195.52864619821545,196.1321268666183,223.75183825129497,203.17136028763753,227.3579906461517,220.59028388214918,199.83066136774542,169.14936146529374,137.6138126066663,210.19448134296536,200.28656995045276,190.45133106290263,223.15111890358676,172.31933481714006,200.87224376349553,227.33792180862986,233.75010255547218,195.33161516021693,205.40358071146284,206.64502002052916,195.01399497253087,188.2960998508614,203.57482648063393,225.56151834888723,238.7557654030675,194.22091502372155,230.77955738975382,194.37555129828561,238.75541876041333,213.8504717058346,222.51156064380228
1610555971.86O0cHB2ibBJ8jxoObg01EpGe8VVV5mpwn,140.60204639329,181.03372316692293,139.34286672550806,177.1734647442892,157.0330704463386,97.03993623994545,151.92470352024665,141.29014517807806,132.16264455524083,158.7946394651466,209.33108221246334,183.03866046415186,179.74106695859723,146.83202125068325,202.97750915015462,166.44099791854177,235.1537575890045,194.62089024397343,0.0,152.82603885068212,200.36071830522314,208.38269810085166,157.31956379428195,138.91240148133198,179.01561744039853,141.74579677911714,148.6561192276239,189.7604874228502,189.09853612498785,140.62848178073133,165.00118338834642,152.3232702505737,174.28817509656395,178.01242685409534,174.6774224416502,189.22315034706676,174.7553505986707,173.36779874859684,188.05914217664244,193.36161349648563,181.87006555680642,219.96608842483434,189.58422325400343,182.85178662539397,200.1333160386184,201.59129910366948,173.12561543424385,158.6057419498908,161.6763353685366,191.4503927096584,162.48618631747402,155.19515458833374,193.74195817057097,216.50620363546446,153.90889747260292,171.21831843802062,185.7960471104589,165.76136252817747,159.55854786941822,160.3186603358624,216.08665058985784,236.2977639403793,169.83735219044385,212.45759078524696,167.19921074976904,232.66247264526942,178.00964566367847,206.1554836293278
1610556911.51zU3duZSGpcw1BDNsBLxdOCITAXwl6z3i,119.76916800722462,167.22991971924128,116.10406050936176,160.09604356115682,143.14592872094212,156.11490581194155,145.91427572605056,121.91751909781432,135.06859412110617,139.59186942839156,199.8029795287601,156.25032619926947,156.48131548655135,134.68665020438485,189.95844628158275,133.27014868863287,229.76762453997608,186.25258754508803,152.82603885068212,0.0,177.09475726636862,210.81103494144833,142.10648194350557,119.41374947461149,164.5777285043899,175.39352783601973,129.02289308359565,162.79214201511815,160.60791540861132,143.45805122187247,143.68443290436622,155.162652268916,142.63398092694382,141.94041197824745,150.88266444112668,161.53536831362132,149.6787189260735,138.00927061116852,175.25274733179126,180.40003986792402,155.12927301787354,199.4136373237682,174.28300109022263,159.0801878698178,175.39003252038844,191.16900545365675,158.04608602062993,145.19595429631732,141.02109889051005,178.41278758276678,135.92588007813217,146.18443290800155,178.01525642119762,204.33525849059384,127.70413966742319,159.34067235783846,171.6867179648528,134.00230814955194,135.4844029673728,169.19556033743243,205.4173443524129,220.1049256276894,135.37902391919988,218.02505384230065,138.69160578449464,219.9167449395397,165.00549436798426,195.07778941296283
1610555988.71dMoYT8250UHHJGxgmITTmbHe7V6gH1yU,184.80502831071664,212.53925762284965,184.11814697093314,199.86492165327596,197.91859309604845,205.63145348042323,204.6762532038254,186.29003493450244,188.20057751768826,197.1441321784277,225.73844424457909,158.86656018110386,213.14829330578794,193.68439556780763,225.66942566107394,191.25542723037782,246.5365403272228,205.42471584979418,200.36071830522314,177.09475726636862,0.0,211.75403842415417,200.0069968359471,184.9780159796736,212.05055516560847,211.5712981622175,190.48402943530047,208.8492836438317,208.08452612947022,202.193718246112,199.34562076603467,207.51630257072176,203.27458573340851,205.4484261664373,182.67907416760875,206.55232718640738,204.00121970656542,200.63106533956443,216.38376019237728,222.50425346940818,207.13572370801847,221.74431444475817,218.23509943324004,198.87355903858014,218.56607854689923,225.24608212105895,206.27630545939346,193.31973407212806,191.66960415147096,217.502851682157,168.12869318139562,197.78338892544176,221.7598662694073,233.04612269194166,191.2416715578126,207.79931918809638,212.11033492691618,179.53765196226846,182.70243798598864,209.50482444685716,236.41400232100173,254.937214418888,187.5195490675204,243.97063682466032,186.29293822362635,251.1654069424407,207.50995570801769,231.29037817829882
1610556042.81mlUZsSp7gbGjrp8jQSnybT1gPy6e62o1,211.65088214012437,218.83096585178782,214.21763338341447,220.01488210621486,219.8133335701932,213.11817451148016,218.68778755318937,213.61162282532308,219.1951569284865,220.16327846996245,237.34957255251615,172.64047875743162,230.38513118486327,213.26666491206615,247.75872596559412,225.29140420559392,256.4766842448533,208.83880866393847,208.38269810085166,210.81103494144833,211.75403842415417,0.0,202.10792346954395,210.89235625642584,223.61844914358846,222.42023970326713,217.76155333356226,227.8865000437857,231.3004762177504,199.72624051959804,229.1840623626435,201.2896511290639,225.64512039091062,229.79070093229194,224.17044288399856,231.90874003934715,232.43851638155627,226.83381744674162,230.38786468412056,239.36508250754403,236.4713824239595,242.08670727481584,241.390373821798,226.02671479001506,227.73014769176808,229.77667238723575,230.7451979177563,216.35013071253897,208.3165939679978,235.1635177144226,190.9337474714397,218.36040348973015,246.84485863536895,252.79038335211138,222.16866389068622,223.05814139689159,228.94989236245647,212.59203604810352,204.21802511355736,204.30235469221185,244.62830029100286,272.2316267267689,211.59890774820732,250.30679799502448,215.08250824629118,256.9624820603186,225.815649055834,238.74758167775198
1610555637.02UBW5nKvDyUrKnaWcYRGajZPxTRDS0q3N,130.64431595463492,175.01767086323483,127.86136831546897,175.13900723580358,141.76610527510084,160.54076042913252,145.3699256989191,132.85859930479654,145.01114280681685,141.65360808608483,207.1067918245938,180.5001738661951,170.16428137362155,143.75198585367747,199.8683153579244,156.00941332215237,229.04817211652855,194.2983880820105,157.31956379428195,142.10648194350557,200.0069968359471,202.10792346954395,0.0,129.17884833606132,153.99790037191218,176.19549197680416,132.21462187578587,185.06850977808216,179.06007065939463,125.88425652661527,152.26628268785245,140.69181112420233,158.87774609670385,167.7278172393171,170.31049845268774,183.69893808665026,163.1907309828441,158.68580876673664,172.09695938273958,187.49622074963747,171.64427670677765,216.3661171022115,182.67069495120785,179.31516743030372,189.76580574106302,194.80783768508584,159.45825164090468,157.88490349091353,132.4154367747591,178.81535381771442,156.90656974444875,150.0947477124381,185.3595714914536,210.83461861633114,141.59326190249772,139.13379101267068,172.0919063870134,154.2903307696304,155.6052693742766,150.7745904275266,205.93618895957815,226.19865424553367,153.95955579256736,211.28011946529057,152.79771563390588,223.50753962759583,170.05509303012002,204.03410498940207
1610555619.13oUYNikU4facCTpUSiSLr0vPI0tJLnXiT,47.37248285057316,167.7913137971249,60.935316351014436,157.1405128033291,129.6548137793183,143.0848776321236,128.1006854927723,65.265507809253,117.40782898704869,126.18017976671243,199.78989667049206,157.8760190639552,157.3285730602604,109.37209713610315,183.26274255631463,136.09874566772754,229.07555691482165,183.97788535175516,138.91240148133198,119.41374947461149,184.9780159796736,210.89235625642584,129.17884833606132,0.0,154.86032335590434,162.26996309049585,116.18502173178106,167.18704183364142,163.8194737916501,126.25818398474294,133.40867953701297,143.05243440141456,145.2040668088727,149.000433900806,152.34975045767803,166.58992857718155,146.3408680624121,143.58532805931137,166.58976713281055,165.21115671274936,154.93742927786343,205.57155723634682,163.4208362503042,153.67130647298967,184.45014959083468,192.3402801827842,148.90285376188962,136.34263984995644,129.72168443300578,173.5343518195956,127.12848334925036,133.72936677568768,169.65011961477867,200.1602071922184,119.60847756999488,148.51455773900383,165.71595462958345,135.46707476194115,128.56786640210493,155.91677172421782,202.95365732494503,221.17458259649143,139.6744257823567,209.30470396539704,136.86008276643372,222.14708771194643,158.23991330162056,192.97691341642016
1610555721.03nzkucfjAUh31zTbmCVvTVYqtjoxZFnBh,155.17941245427633,188.6753616509753,152.3790804533342,192.61264168529368,166.71535875636695,177.73113286402156,170.44698501189018,157.03140763524397,166.87941074316214,164.4378372916505,215.39105272627165,195.10207591040444,189.25756010624283,165.39076007057807,212.88833509332557,176.76181197408977,233.89451250311026,205.5719475778674,179.01561744039853,164.5777285043899,212.05055516560847,223.61844914358846,153.99790037191218,154.86032335590434,0.0,191.7756933018928,163.04430898987258,198.48876218218834,197.61746729536867,161.31892615293526,174.47264800016197,170.920454443138,179.38289260695132,186.82608851631383,187.02518469821752,200.92211706148424,182.8056017424213,178.33133882382506,180.43430020046702,198.4906723321684,191.93746212498496,225.74811548128983,195.52493282373314,194.9675644319153,200.24179152067336,196.59745474548592,182.17674766349023,175.1087902080119,157.8451503640291,199.10714674329566,174.52719234082042,169.42543397086766,201.22459747141414,225.30787894470268,163.93842099164704,156.96968911140635,173.2127701105565,175.1912725082178,173.81214066403925,165.35910885523936,221.4165937277807,235.96436831182868,175.13412495982078,212.93346689995138,174.85300848528775,231.7970542967878,187.83762173742502,217.88304819103843
1610555722.67fhKURdXVzRbLIjXmjRwdJHTnE7PWb1AE,161.8371811941496,202.08771095196354,160.80583860302644,199.1130457707604,178.74476124630488,118.33810552241474,176.72354000821616,162.69225368026565,173.059943614294,180.83978741217933,222.07828586426035,200.62051028535848,199.6651141133007,171.70824201535268,213.2216581007145,186.86500930849735,239.55360784742334,216.305075682904,141.74579677911714,175.39352783601973,211.5712981622175,222.42023970326713,176.19549197680416,162.26996309049585,191.7756933018928,0.0,174.30697851877184,205.68445543676646,203.20038619726594,167.20202418108377,185.17695913797078,177.0976690970042,194.52365331233105,197.8214522649346,194.41113627235163,202.31742196751964,194.12456831277643,193.28841440900405,199.7136377433629,204.83937137518575,201.11545434839775,224.67188415680351,204.69334911999061,193.36786267051653,216.6568800006234,213.99286790404864,183.2787310125898,179.19787697419648,183.39315159139704,209.10873048651425,179.92927856019023,175.00366955795235,203.83254461815645,228.41626912224623,175.57044769100366,173.29739121889813,198.58278954176163,185.59222703039694,179.4774116790477,176.26542092728056,231.42400158927524,246.696777384477,189.6062547925176,223.14625989960558,188.13785100155823,240.01528547452813,194.88393942600257,216.8802197660925
1610555638.39J2ZWBLuLTHP0jOlzB4tNHmYeijH5g5YJ,117.84550568442694,176.57190549530762,114.75950335550296,159.69243782101194,138.76819763454887,153.82275777611264,139.90420549451105,120.97674606360572,133.9287175539128,137.0431417191896,199.51877296138753,171.57536502126703,166.3138298633887,137.10409580209048,191.39021134425522,143.834915889199,231.75944509255942,195.11528200456002,148.6561192276239,129.02289308359565,190.48402943530047,217.76155333356226,132.21462187578587,116.18502173178106,163.04430898987258,174.30697851877184,0.0,175.78739541045525,172.87843064631787,135.69932306837958,135.99280752469704,140.8413029810451,154.74184269177994,158.66301650641398,159.99236943802518,174.24721831225318,153.27463859608363,153.19457621378677,175.3614643724322,178.55548744040115,156.4194803001866,210.69717499385166,169.0751039380797,170.48401286561975,190.6050590936305,199.35231850247055,148.4379656248805,147.35659879417585,139.99481950378703,136.75580614135015,145.01818165713695,139.38886035116167,177.56913488142968,207.92994516749573,130.91645481048695,157.60827261582978,173.1888878990838,141.9434954677245,143.42973398313944,161.33646688676941,206.53664826121104,218.30700941912272,149.20181554156875,216.1167798701547,146.28377480362144,229.59108036856955,134.8545597945965,197.41807984264128
1610556032.17Q6yCDx9g7alRnL9jBFXD2JhhUyB2hKfJ,167.12428275682794,190.59531569384848,165.37561874539207,182.7568232851081,181.81926658490718,192.59383362427087,178.4195483696719,169.54172226141026,177.2673416277146,180.18103166711532,218.8466268764859,191.38885021664905,197.26229754040918,179.23509139447737,222.1593254290732,180.522652323428,245.4687427339215,207.68625188197169,189.7604874228502,162.79214201511815,208.8492836438317,227.8865000437857,185.06850977808216,167.18704183364142,198.48876218218834,205.68445543676646,175.78739541045525,0.0,193.41815508917796,184.13628510276928,186.72954470362941,193.55299150932763,186.53805935388456,179.00841406855255,193.22001346099495,194.8652050618374,191.90154800659062,176.91855790036047,201.39822904686977,205.31885939837895,199.5756009988099,208.53701918057376,201.21742645986924,181.71787356756553,209.04846913791602,209.48892454237063,194.5270103337476,188.39374902078947,180.41231741342926,207.7526396253961,175.90476117199577,182.0317558078423,209.38988889274492,228.4315746604167,176.16113804685352,197.1040133866444,200.42537069253123,164.92094872436132,168.26096921036054,203.03779620886965,215.3159713151771,245.73936051905412,174.33825655156687,233.28192533614552,178.67586960539177,242.70472840372162,198.86400560868307,211.8072442497198
