,1610555604.25mOvVXuL01OCiReyVWBfesjuvXmB3MoPy,1610555605.43B6oDsBtWRQ29Q9UMQuTUEPZy3FSSWXzc,1610555610.92HPGJJSmyPM40z7otPBgHalNrHFA7zk5d,1610555606.68LaSQbm9EHAFycEfFtEqAwYqlBsQPjIRW,1610555617.19EKxMEwDHfXiEJZc27TsGoERaD6Da4BZU,1610555722.52PJ3FD50MGhRXyUD28vluU8Z9UjLJLZn4,1610555617.52Ijr5puT55g9apK8auM7zaxa3NANg502t,1610555638.77ZLjTLkz4jYJdFMI2wWBztzsDILkoOtAk,1610556912.46C7tJPLF0XfNnm8f1820X9aLmXMHoc0Dw,1610555617.51LjzIROg0aeCP2GhDcAVQ0LipKJB9jmKc,1610555608.17OpjjHobqRkX0UPcaXrbu7K6L3805SZri,1610555721.82zWeNZfGUUfRJkgnAwlP8VMhPzXctnSd4,1610555735.75bom85BDF0C7W2eIseHeMxi24qR68nzMi,1610555735.77NnT5xqKnwcf2BbjIekeb2arTQj6QMNwk,1610555638.33wjf1PhdNaoWfbRzXVn50hmFyB5bYAiLV,1610555606.65jCE4ig8Pu8kvAzkxnSGfWsV0nQBjCf8H,1610555608.18ONsBCVo1i7BrX0XG9stct4oiA6ejX9Oz,1610555721.51RNoQUMP19FTMS79BmA3JkgSm2IC2AQuQ,1610555971.86O0cHB2ibBJ8jxoObg01EpGe8VVV5mpwn,1610556911.51zU3duZSGpcw1BDNsBLxdOCITAXwl6z3i,1610555988.71dMoYT8250UHHJGxgmITTmbHe7V6gH1yU,1610556042.81mlUZsSp7gbGjrp8jQSnybT1gPy6e62o1,1610555637.02UBW5nKvDyUrKnaWcYRGajZPxTRDS0q3N,1610555619.13oUYNikU4facCTpUSiSLr0vPI0tJLnXiT,1610555721.03nzkucfjAUh31zTbmCVvTVYqtjoxZFnBh,1610555722.67fhKURdXVzRbLIjXmjRwdJHTnE7PWb1AE,1610555638.39J2ZWBLuLTHP0jOlzB4tNHmYeijH5g5YJ,1610556032.17Q6yCDx9g7alRnL9jBFXD2JhhUyB2hKfJ,1610557007.49MyVgDnuUuBxrvL6SGOdhKf69VYlW1MSm,1610555638.44hjT5hbYdKoE3MB6hijrjqbjmLgvCUYKD,1610555608.13zUvmFSCRt6SsLbhqFznMEvGx54GPGQzM,1610556038.62a5C4ynd1AARyAhTv8a58NCqHvXRjscqH,1610555644.45Xse8u7pusHNsd7F3d0A32HXvXr6weOJE,1610556038.62gKXOCG7XCn55eJvyl5voNjbwOW0znQDq,1610555987.13v0oleKK97pkesp6oMgprH8SoSdoDVdIO,1610556964.96ZLLeiQW0qpmxhPGTg7K03fmzkqsC2bjC,1610555987.13VQlEedQ50VvkPMEMzZDv3KNnQCewykN9,1610555982.186TY6MMGkDecIN1woW6vsfAMXVV7jnyjO,1610555982.673LuMndkwkvdmZOn0MmE2Pkidx0FtNalb,1610555733.38zItcuH7gHNfKdALR2d9Nek6bxCyw36Vm,1610556034.15BQxSbZINGCay0yp6RBVlgcPrw76Yn9ON,1610555639.37BPZpgtGml8qUsh9AdV4m32jPLfI2aNFq,1610556965.57S0adAalhWYe6K3bkZU0bRHbqnDK8gGkR,1610555983.54zteLPCMjyrjzPdhHhlZr3faCgD0TfYr3,1610555987.79rHnNRmt9a0ufmnwCvZqBouyUoZDNpylW,1610556960.041xWER61rmArlsKfiMl4frikWmUCnQ7op,1610556035.13a7NHZDutfTMJ88qle1gTYY59Dr4WmMsj,1610556890.456ZBDaY16bMtrTZTqAgHl3wq1tRxzqDow,1610555760.24e6890pkbyZ97Or6croI1rQgjkSsR0yVt,1610556043.02YpWMIJg3W004iqlPyv8OcVAZdSC5rNYw,1610555987.03z05P26TLtONYM1HSzupoc2CeNMa6HTqr,1610556032.15OYCzUxpsz7b10AXBAuDXrvEcvxFhf0M7,1610556032.63Z80yI9pNwS3jSmsDABbuhf8wkNa2Ze9y,1610555736.28eGuESasTXdR3SqY6pHhEXWZtcdciYLCO,1610556034.61bebeZA0MkaFG2sm3VKiqrxeqQginTTW0,1610556944.5XwXOphKYT3ZkWA8gViqOS97VHVuMVUqb,1610556944.745UVLFBzf7fPh4UH37I6tYQOFPqRDytEh,1610556034.63XsUwaFaPZevO1JNFjfhvY4aKNFnV4noV,1610556964.89xwBHw9faT1HjQRMNQEyA4qJ3hWkwgj3k,1610556966.74DydzH91jtyvRyYau47JpVkZoMRSNTt01,1610555740.77UueVziDbaXyRR4OcVJIIZyzOfAzN51bj,1610556046.84e3vwjyRCzqz0wJQhrk8zsxlFfFSv98Df,1610556137.99eoPuVrDThKAOvmeprLPb2FWRqIhzUodc,1610555740.73XFwSrmTXJPlaxGZSefh0jOVA8PI3III1,1610556123.88AOfNaz9jSnqU5Czc7okOv1RCrYfKFBTo,1610556046.85nB7NvyoYQeLcOV391Lmmut1wAM8CFGLw,1610556123.89H4pdIAzDthI7bMXMhlIhKUYIQIvtmPPQ,1610555740.87GOYQUJKpkynIS2lFqppYK4b32ol7NeGh
1610555604.25mOvVXuL01OCiReyVWBfesjuvXmB3MoPy,0.0,3427.571862315173,251.85416697233467,2765.5580364482125,1163.62049879928,1837.6023188272152,866.56203604656,326.87879414980443,356.55539168554935,2715.634103349817,2808.8295241772457,3018.848433519268,3253.7883239346834,362.02328878719476,3165.1968822657614,1922.3224521399613,3187.5500135796124,3322.6649687791037,1457.1963213372783,3257.4849598426936,2993.9776044059536,2848.3142318425907,1345.0515769632393,274.4688382708407,1650.0235492223605,1603.951810254859,1325.259988234269,2789.767977754493,3308.1441763159955,1754.3147568930988,2604.71424185683,1662.5510840498955,3237.219022297865,3091.715591405056,2857.7552994335347,1618.9194424571826,2730.1481605992035,2923.274487034547,2949.1338378835826,2402.488324517786,2638.9762879988716,3276.746719864346,2347.85701051658,3382.007276934958,3460.5192671389555,3394.0412520242307,2854.0803179975633,2077.5864795562984,2411.771608118711,2227.847654907687,2793.0920954144876,1728.7494697100008,2525.8437567824058,3544.1633868176486,2260.8894898423664,2085.499888613843,2742.0003350490006,1931.2103223165045,2789.24231012952,1762.3403113405757,2769.06648430031,3493.4854984853714,2919.6203953163463,2256.24729973347,2764.3919408391007,2889.7577183226254,2124.470652421795,2698.597517438867
1610555605.43B6oDsBtWRQ29Q9UMQuTUEPZy3FSSWXzc,3427.571862315173,0.0,3441.110649925431,2195.1207345941593,3259.563312592645,3411.4474721192,3370.1128622759547,3393.6093274265963,3453.8222557936533,2326.085283426196,2201.6383119409275,2688.819911666148,2280.088583782402,3455.817624443244,2940.515231400868,2471.053656459451,2845.1377734248435,2487.8350465812996,3186.2294574431726,1911.0154158842251,2643.302983435003,2706.6286997430957,3244.5455382055475,3427.0812308437194,3385.073972466613,3300.661885655534,3297.4719438865077,2904.398492079623,2801.6553192985025,2950.5011887077685,2566.0610887156313,3290.9201009483345,2318.5902512806556,2380.433206694559,2350.6706382192083,3210.002965380783,2200.1375284981746,2384.830516282287,2470.990723697953,3601.6549639423943,2574.807742219209,2656.959852621121,3432.2606485560104,2820.253594758935,1830.2015790136793,2610.293857528319,3521.073718848984,3226.807279239958,2236.135436026621,3185.6045273232794,2341.6465192302,3507.0898695705596,2906.7580034622183,2271.329075398967,2543.449949807277,3517.264850812511,2143.9483990269996,3179.5744796993176,2549.2446165856245,3214.959425051942,2858.650064197468,2710.1301934295134,2077.8251832042283,2977.9186679984978,2265.5129162289177,2832.975865759622,3081.3932247935686,2815.8505235878642
1610555610.92HPGJJSmyPM40z7otPBgHalNrHFA7zk5d,251.85416697233467,3441.110649925431,0.0,2774.8706249933653,1173.3845978098952,1924.333901660359,886.1525123721137,354.9648430887015,339.79320865547623,2710.730877449939,2817.1216585506622,3027.2731529623493,3278.658174148206,304.7260338882841,3190.169613845681,1941.6406731111254,3193.872873363316,3329.834255458815,1491.172889032899,3283.4852322523093,3002.5900967500634,2856.5288711325334,1379.7270699178055,193.28193238663135,1751.9128809361393,1681.7681478310697,1336.008395031228,2799.2894849835116,3331.4821022322058,1827.3772340356388,2680.816800856064,1751.0518203802105,3262.588945295345,3120.8372297056635,2870.6273971108535,1639.754287816034,2758.8582036085522,2952.9732927939062,2941.3996917760664,2449.8089840431458,2665.622023146477,3284.164652162948,2361.903835380909,3390.3890017959825,3473.033508026147,3401.9079296071336,2866.761830505248,2179.687775679213,2405.823176145353,2240.8373314557043,2809.3380611242337,1827.6311251136399,2521.820412319266,3557.850800911506,2273.713776134955,2175.4167401888276,2734.949359822669,1946.527060916267,2806.0047657750456,1838.3146271209132,2777.8478869497562,3500.6628224722654,2939.13292704917,2241.626548404876,2759.392517494885,2900.919012904728,2140.4698952634185,2707.348577682538
1610555606.68LaSQbm9EHAFycEfFtEqAwYqlBsQPjIRW,2765.5580364482125,2195.1207345941593,2774.8706249933653,0.0,2624.2665581827764,2924.845539660689,2737.7032768268878,2701.36775309307,2774.723509783982,2846.6096978749356,796.270926365693,2655.011158849644,3125.768256405555,2800.002482334248,2598.5701477302287,2271.3131446222237,2464.4899671641665,2677.383911533876,2439.8758587435,2714.043317354104,2530.599148689297,2861.4958529765245,2698.778495051237,2756.4303458458667,2930.1927035486997,2704.265972117694,2683.6719482720205,2777.0383691869183,3446.308075412573,2363.043171921534,2506.665916177537,2621.995099953194,2991.564495964818,3043.037126314088,2061.8388929875955,2304.4555732818867,1982.7442674019833,3033.4548813479732,2364.4942005509592,2967.848573735646,2212.36011563923,2493.857445342823,2576.015989374553,2679.8655245875348,2949.8687613283832,2790.0952115490045,3459.6941010205883,3263.5573640432676,2811.1625036980577,2222.4062117507774,2830.4144738257846,2819.94203223456,2954.4206955464037,2180.1648457052975,2136.2553327063847,2965.4788690757537,2811.3541382243543,2362.301414274967,3033.079593473122,2607.5034908649695,2855.3652494327016,2880.086654221937,2754.5827932525285,3002.75198534544,2852.4921668482693,2983.196251025303,2212.1531937651766,2811.9264979430845
1610555617.19EKxMEwDHfXiEJZc27TsGoERaD6Da4BZU,1163.62049879928,3259.563312592645,1173.3845978098952,2624.2665581827764,0.0,1987.5339951958495,732.9374918245236,1293.3098296907326,1098.6474035752917,2482.954534822646,2719.425829691017,3332.4292497465817,2859.718002201578,1132.0946966946692,3217.077919162841,1840.813846814714,3467.244171357944,3603.008019329873,1854.8066180468518,2927.7535378356447,3302.2783943359896,3191.610578571899,444.4648715468951,1198.776737892648,2091.358203577474,1946.8595329889713,366.68234408253284,3136.3487079414776,3356.978684956894,1711.554392843574,2272.175153274872,2109.0214789572656,2862.7613061686643,2756.6859812595,3141.643244260061,2054.150789283691,2459.8955867714153,2570.394232806999,2735.5550410702513,2454.762129014802,2286.1552369031338,3548.003034261289,2395.6218012393174,3659.055762353909,3683.6511652609674,3649.431644905626,2890.857755210147,2250.760237951269,2205.311501921947,2609.437644713436,3098.817593838051,1902.6572756290927,2200.960798208203,3322.683277484864,2592.2956918218792,2223.865269526572,2960.945809405629,2346.027018654012,3106.5612604703647,2216.562841746343,3125.2626602158784,3741.191657271388,2741.513452066212,2564.1424983623556,2556.3463772334694,3191.954349299452,2512.1976375813674,3062.9394518619365
1610555722.52PJ3FD50MGhRXyUD28vluU8Z9UjLJLZn4,1837.6023188272152,3411.4474721192,1924.333901660359,2924.845539660689,1987.5339951958495,0.0,1598.130703633195,1939.2143363197133,1893.4580361810113,3298.8820181218116,2945.966708782536,3017.75873844478,3523.8548166295013,1907.9649727717879,3027.6425611322684,2764.5438753941216,3250.463036362678,3324.6429332487155,1155.5153047391768,3405.5296201517413,2991.80357580934,2778.2296902499597,1938.6823897267352,1952.651454236699,1283.4010299496813,663.2391708894173,2064.1795868426593,2779.1864034604414,3573.199574034329,1438.914221422827,3026.5845743540744,1174.3888986530235,3629.594999163029,3032.6995970606154,3023.5022778920434,2298.410786041867,2912.591690065273,3018.2783198961665,3132.2787139088546,2247.7335989794874,3123.4160070894454,3274.5682922754777,2684.687314607716,3406.1612005845286,3435.9804908916162,3158.538325950347,2180.643649801079,1604.645368656186,2994.996562804702,2416.6387947356475,2764.785329470427,814.1406975684425,2536.3460791921657,3434.615334741842,2968.447984807423,1096.2095817335744,2559.632368504051,2083.3071521367056,2892.2266133022968,1243.1800064909387,2715.7052941272377,3458.7816257677887,3046.8548192964577,1997.4690182321606,3361.9628343166246,2778.023617214482,2200.288979510497,2656.9505752053947
1610555617.52Ijr5puT55g9apK8auM7zaxa3NANg502t,866.56203604656,3370.1128622759547,886.1525123721137,2737.7032768268878,732.9374918245236,1598.130703633195,0.0,1040.4247933143781,807.403368562546,2726.4233390505083,2802.5019025652814,3174.11061115993,3094.1028976113744,821.1010229638473,3036.398023772294,2001.9430667847628,3323.2561075383637,3471.240977660956,1476.225955476608,3097.8605670259853,3147.235833436555,3000.7357270481025,902.6805221512218,923.4160134757633,1746.1894900480554,1562.5787571885903,891.675072039954,2948.6557163716607,3311.2965577481546,1637.284185294616,2474.3620306721155,1774.5461407201146,3078.477046865913,2808.4273798660543,2978.0623218284295,1871.1636456663891,2537.4395856029305,2667.6175793727575,2882.2585670273334,2207.275075826456,2446.0732836178395,3419.4078358393053,2312.2096477687523,3533.7894704956234,3548.8232587193293,3517.8076733240778,2672.5614987699464,1904.607827606928,2422.341192899446,2372.5676730932782,2904.36560962186,1490.4431582066074,2307.517833321892,3435.9493955058224,2519.6232798227616,1892.2130291568649,2798.1549525982373,2065.7532719385044,2910.3145227699465,1897.7211310624168,2928.213343283106,3613.20529410189,2807.6912875619637,2328.324739647859,2797.2747293037837,2996.417168922722,2249.801551783772,2862.6382520812635
1610555638.77ZLjTLkz4jYJdFMI2wWBztzsDILkoOtAk,326.87879414980443,3393.6093274265963,354.9648430887015,2701.36775309307,1293.3098296907326,1939.2143363197133,1040.4247933143781,0.0,485.28573871271647,2751.4650894552055,2740.628853514572,2950.8356479749086,3270.014928339831,446.9282112982649,3170.5908343721603,1838.4734170058962,3123.2350959550045,3262.5994390880464,1499.2788499333074,3265.884112718783,2928.198799643262,2766.710241866809,1472.3076326960836,277.6281997810027,1698.3118084234707,1662.087326623337,1453.2806923394278,2713.406227311776,3310.5324563944937,1794.9628495243264,2608.7726836119455,1679.3742793452134,3255.515601428734,3114.2566449250326,2802.751245750635,1494.8210628457673,2732.710295516808,2940.6074136658485,2978.0891709447337,2516.2178846801175,2649.6322972412227,3218.7664831153625,2377.4818411260267,3327.8237360254698,3421.8881113797097,3341.4709426362497,2917.6600413770684,2168.7378439001213,2451.166574282881,2139.7009853528702,2736.454618084872,1827.0789561692886,2584.769065551178,3519.333576940151,2177.6044664774627,2170.301390050759,2774.088571882299,1849.918420377467,2738.8289266382562,1764.39921167739,2685.475337909561,3440.216945759775,2898.4934593818894,2274.468392892811,2790.6878507817587,2821.662363566733,2031.3466821973998,2612.662280576145
1610556912.46C7tJPLF0XfNnm8f1820X9aLmXMHoc0Dw,356.55539168554935,3453.8222557936533,339.79320865547623,2774.723509783982,1098.6474035752917,1893.4580361810113,807.403368562546,485.28573871271647,0.0,2745.429032026447,2818.6531697945843,3051.6474795886083,3251.947029050063,346.32673691194793,3140.506319540426,1929.351269188833,3206.871868894897,3354.9791116349093,1494.159314719678,3256.109691344358,3025.8461448922712,2881.357434320817,1326.5647946198567,359.2816598456385,1788.7969916455745,1681.3752582206255,1272.3450728147143,2823.4196435855256,3304.858993592696,1856.9820182349144,2634.990292056258,1781.296625620974,3236.105009256326,3089.182530871143,2868.496763715157,1611.6690535165317,2704.2325620898355,2920.6757277292277,2983.5023472571174,2421.651648335288,2611.058559162627,3307.1270897990607,2313.189553985487,3415.2906007481247,3487.077082105882,3422.5610451420553,2848.7031278698832,2151.1317326471335,2444.570115113859,2234.3735364409845,2824.1642554105265,1789.5658217189177,2546.9164766509302,3559.098165947236,2271.2076290355344,2151.1777680579785,2776.288739099307,1938.3105689922857,2821.682348391433,1877.5109633126403,2802.9701242556007,3521.6876439401167,2940.965018569009,2293.1424822219424,2795.2679039996838,2915.8418472333265,2130.5931482353403,2733.4789418456617
1610555617.51LjzIROg0aeCP2GhDcAVQ0LipKJB9jmKc,2715.634103349817,2326.085283426196,2710.730877449939,2846.6096978749356,2482.954534822646,3298.8820181218116,2726.4233390505083,2751.4650894552055,2745.429032026447,0.0,3023.149775224663,3074.8438848678143,2092.8619947446537,2714.84287980925,3354.456228647277,2427.3764532491646,3610.1999688185683,3374.8513223974505,3147.2897200453363,1872.1746503877594,2964.857339985861,3509.5030665703885,2474.524370664794,2723.816970590598,3111.369217848016,3175.0543325072654,2509.8813843809394,3175.023263483761,2614.510788651867,2795.2969645800936,2381.216310561169,3237.0915856719566,1596.343742358467,2467.5832614120254,2787.2830861585344,3065.794343510128,2429.7819936823457,2287.961555639455,1731.889272737582,3305.5549205344387,2203.286073914629,2976.0934970848975,2899.251376006217,3132.3053404163966,3009.7994999545526,3447.163674888289,3259.92179608276,3075.068405914836,594.7652801077285,3295.719621965035,2756.7917495985776,3323.053062691711,2605.849432669658,2696.404287715661,2492.0680723983314,3238.7919532371034,2421.909880855732,3355.4417044529773,2757.9285314730687,3220.580938394136,3478.035430053014,3553.6930748667187,2279.930388124091,3034.7374851277964,406.7417992227207,3584.2684250726015,3583.1950065925216,3427.317484083772
1610555608.17OpjjHobqRkX0UPcaXrbu7K6L3805SZri,2808.8295241772457,2201.6383119409275,2817.1216585506622,796.270926365693,2719.425829691017,2945.966708782536,2802.5019025652814,2740.628853514572,2818.6531697945843,3023.149775224663,0.0,2685.2305930460243,3219.336718642345,2841.0724542942194,2649.6768171998533,2371.9299617811917,1975.2418832010628,2389.0515724198735,2454.318317776565,2893.025006477609,2609.050655601623,2713.708665152947,2797.013534330155,2798.103365458253,2949.2853523555823,2722.1943414166753,2785.9742923230797,2867.9528567589005,3495.8973355070298,2433.2039649426097,2629.0046417962194,2630.3879692889827,3202.1671524038798,3229.5986987477704,2217.160916256877,2416.4866873644455,2182.440767296853,3213.812206619934,2591.0258179166844,2947.0664516068714,2467.7438214057684,2602.1090948074775,2724.5097504098917,2782.4533032279237,2714.733694714199,2632.2212862471747,3558.7325189319986,3306.826671093177,2952.1751452114377,2383.631798812397,2928.559244089091,2880.700697571246,3028.168637407658,2394.7367299410234,2237.5255064817275,3066.654558129229,2779.651030544882,2421.6717641626524,3138.4724296219906,2604.064680755306,2819.7397508115037,2515.288273106809,2923.037831171995,2957.236558493422,3022.6253594156324,2845.601907383464,2213.3357114227174,2779.378934375214
1610555721.82zWeNZfGUUfRJkgnAwlP8VMhPzXctnSd4,3018.848433519268,2688.819911666148,3027.2731529623493,2655.011158849644,3332.4292497465817,3017.75873844478,3174.11061115993,2950.8356479749086,3051.6474795886083,3074.8438848678143,2685.2305930460243,0.0,3697.6510123768817,3050.0461420116144,2734.167992607612,3065.5220772009925,2475.3163954565994,2027.6383694696533,2680.5042489790353,2876.467778259677,601.6364330610352,1674.222432047435,3375.7978132999538,3005.5800591198317,2901.3260372158225,2844.1260713416355,3426.198915640509,1533.0551295492214,2884.0236555287756,2915.4155245857246,3685.2898641330535,2794.36414213762,3271.1629232164173,2933.0924044170238,2440.3879533660825,2326.0965569867303,3103.1249388902606,2941.4275993068027,2612.3490954931,3484.541881734123,3307.749899794253,1701.4101929738488,3003.746654570898,2022.8307602534082,2475.0084730982694,2214.8211774699225,2446.752712098164,3378.5239044423306,2955.137719491019,2059.0646905174053,1727.7306692718428,3031.0116737729572,3102.4167766140267,2411.799365607394,2724.4965675986905,2790.9240001389953,2546.6988777700867,2567.6377682123375,2044.8204043288004,2682.0475266080807,2103.85979840938,2302.73150054056,2622.5868751758385,2281.800250811102,3068.4598851681994,1905.4381623550094,2464.809270242953,2040.99854023003
1610555735.75bom85BDF0C7W2eIseHeMxi24qR68nzMi,3253.7883239346834,2280.088583782402,3278.658174148206,3125.768256405555,2859.718002201578,3523.8548166295013,3094.1028976113744,3270.014928339831,3251.947029050063,2092.8619947446537,3219.336718642345,3697.6510123768817,0.0,3267.326553894151,3486.5280922903867,2399.402789732319,3873.2140438486304,3673.7213179309497,3711.1410868232583,1749.9014541565798,3603.444357831932,3779.575338232339,2822.4093206610837,3263.8795762387626,3729.5493565543916,3502.0252480144436,2849.099948283766,3732.1773606380566,2673.0509170772666,3390.9932459981924,1898.0157431748498,3829.178274255685,1498.2888482851488,2413.9266061948592,3212.9108343904627,3407.778786675439,2264.682793068401,2197.077295181521,3008.8330024956117,3725.2331621248636,2143.01496648639,3629.239533980979,3356.4601864508636,3735.6267717086353,3092.702679250553,3372.188151764991,3451.832179162692,3274.284507971098,2082.874142850248,3807.563943892018,3196.4567249470897,3726.6382917951205,3183.1204046560065,3119.4790418538964,2765.4064172996987,3821.3568953736885,3156.05732468586,3357.9743846220454,3200.5957693810155,3847.342200837659,3751.889083249764,3813.9950879802514,2485.880206673437,3769.2165292017244,2103.9703494554988,3796.7763737375276,3775.1826392235284,3705.3369435444106
1610555735.77NnT5xqKnwcf2BbjIekeb2arTQj6QMNwk,362.02328878719476,3455.817624443244,304.7260338882841,2800.002482334248,1132.0946966946692,1907.9649727717879,821.1010229638473,446.9282112982649,346.32673691194793,2714.84287980925,2841.0724542942194,3050.0461420116144,3267.326553894151,0.0,3183.3596580802955,1961.9264883665521,3215.5662269397603,3350.4552679854023,1506.7233812526486,3275.378887780355,3025.452336275095,2878.298935887739,1345.2027319880115,315.87161960433724,1769.455431870173,1685.087190976552,1300.002659262324,2824.0987608837727,3320.886151058636,1843.1579192539796,2675.8928858517525,1775.883515123645,3252.673066619773,3113.5431391937605,2893.8621976422023,1657.4242412541948,2750.8730874137955,2943.30775559416,2954.517397967394,2435.0233204998067,2658.6192019220302,3304.8544337032513,2344.164910951576,3416.2199026155768,3487.9769515194325,3420.268929034025,2850.246752398422,2170.8041205431537,2410.3776771028374,2270.2644165031033,2828.1922416189072,1812.8537076339937,2520.5270848893847,3565.033112038929,2297.0836858866905,2163.140670130023,2744.163036218957,1975.2601065889694,2827.188609115416,1859.5525214721413,2799.908760460821,3517.9944857373416,2951.328047580271,2249.5003824148575,2766.2137868566506,2916.752829309077,2167.484401854255,2730.371816504627
1610555638.33wjf1PhdNaoWfbRzXVn50hmFyB5bYAiLV,3165.1968822657614,2940.515231400868,3190.169613845681,2598.5701477302287,3217.077919162841,3027.6425611322684,3036.398023772294,3170.5908343721603,3140.506319540426,3354.456228647277,2649.6768171998533,2734.167992607612,3486.5280922903867,3183.3596580802955,0.0,3050.52183673974,2434.504305413862,2639.7813568464176,2892.460396489784,2752.632592013078,2779.0262836382094,2971.9579857909685,3308.601110101117,3181.427251320807,3361.1213410710766,3044.4702837518016,3291.103379769108,3149.954828834117,2624.3686898945084,3269.7929313871787,2900.9702440721944,3112.914669123619,3087.726299697848,3138.756659441851,1933.3400029068628,2607.3061685694543,1996.81432730318,3152.344285567795,3397.243671858337,2832.2665396420525,2369.0259221182623,2749.8962162933467,1951.0744537159378,3068.363746651798,2437.587797369101,2846.6166028557996,3305.943095482721,3047.457404968564,3337.105666577282,2555.904981941093,2783.0277985281446,2867.161826187519,3876.3636384006313,2738.327799062763,2244.482110886042,2843.056299908493,2987.0651119516115,2930.628259378983,3002.0334733209947,3128.3969794920727,3251.785622016971,2710.684564875323,3233.66379869887,3448.421855199651,3368.798017673722,2857.4845564500433,2811.6564839385715,3145.157206129854
1610555606.65jCE4ig8Pu8kvAzkxnSGfWsV0nQBjCf8H,1922.3224521399613,2471.053656459451,1941.6406731111254,2271.3131446222237,1840.813846814714,2764.5438753941216,2001.9430667847628,1838.4734170058962,1929.351269188833,2427.3764532491646,2371.9299617811917,3065.5220772009925,2399.402789732319,1961.9264883665521,3050.52183673974,0.0,3240.6752357462174,3361.3844375448493,2402.7305822534854,2494.269657263151,3042.662573125409,2908.7038196982485,1912.0367419675576,1891.195128136712,2590.2113393705654,2524.8421064070835,1891.9836484722546,2844.506480642285,3072.191147640795,2231.0968074712914,1816.5204602953845,2562.7999372201716,2431.1338560991935,2202.10565476996,2427.328925266925,1883.9237694598446,1967.8254355350334,2005.0298957101336,2910.689228440969,3193.246700152668,1858.2745770378308,3315.577495259372,2902.514198311819,3424.5029653791676,3026.0013359623226,3440.06410617213,3362.538206276977,2384.8059748274904,2140.841566754313,2348.7724123380635,2440.236651095086,2672.4522687638632,2616.6452818258545,3147.3065432130556,1951.189379968924,2944.0235327937753,2948.7476348051728,2071.034092782513,2409.122764928319,2621.598299688295,2828.769545246533,3533.6839708902676,1911.0951778648475,2941.7748473601537,2389.2539695996898,2963.306893278119,2263.9881935384333,2759.3660602687705
1610555608.18ONsBCVo1i7BrX0XG9stct4oiA6ejX9Oz,3187.5500135796124,2845.1377734248435,3193.872873363316,2464.4899671641665,3467.244171357944,3250.463036362678,3323.2561075383637,3123.2350959550045,3206.871868894897,3610.1999688185683,1975.2418832010628,2475.3163954565994,3873.2140438486304,3215.5662269397603,2434.504305413862,3240.6752357462174,0.0,1240.5491426858632,2841.86457132427,3491.0138391648225,2548.2093918191085,2222.4315356241377,3560.5605857406836,3177.2018251294253,3225.5638423326595,3059.668349022216,3568.0120659914573,2909.1023560618355,3416.1756336068893,3160.3791494282464,3529.9010548994756,2979.1928377770655,3834.936820672971,3824.683487568946,2624.3638312564267,2822.2187862369915,3088.954386024051,3809.486490070996,3293.762355840128,3185.5519174329033,3404.617354631693,2526.210323659405,2859.5512551756415,2812.3206743681876,2017.3720106830583,2056.393834161429,3648.1418066978063,3617.3528689583422,3505.6297799299086,2782.4689032011893,2985.695693131573,3260.5485696474007,3653.4633198225993,2839.8123777644746,2680.5303327176125,3349.1454596377594,2816.5790048502704,2849.2977389696007,3214.769749459789,2909.9407996173118,2628.6506102760936,1095.4778066416459,3537.830433036652,2957.2108015264403,3599.36200913647,2225.5150611558834,2633.2576277110147,2509.201684461153
1610555721.51RNoQUMP19FTMS79BmA3JkgSm2IC2AQuQ,3322.6649687791037,2487.8350465812996,3329.834255458815,2677.383911533876,3603.008019329873,3324.6429332487155,3471.240977660956,3262.5994390880464,3354.9791116349093,3374.8513223974505,2389.0515724198735,2027.6383694696533,3673.7213179309497,3350.4552679854023,2639.7813568464176,3361.3844375448493,1240.5491426858632,0.0,2994.110102934194,3271.9608992598714,2149.782646409012,1690.1807788224248,3659.3812652063516,3314.0503255208782,3242.304460558937,3159.6948426236268,3699.7774946083873,2578.833976502866,3166.7480792227493,3215.7699054358022,3670.367481378718,3096.651229528675,3639.0064308133656,3630.681002753646,2792.3043106784326,3005.356149166916,3285.7600172815633,3614.8284751243013,3020.9727621847187,3391.8558258276917,3594.5277957244916,2136.9327266837226,3070.7585882629382,2461.0368165003792,1672.8469704874,1448.7725092597589,3433.292829980248,3697.5525188881797,3264.818168285592,2950.1532450739846,2674.1912839457677,3430.417735057055,3429.5884470139763,2520.906199416279,2864.3956666661684,3420.4602757595117,2484.4080013544294,3007.8049643489226,2929.6923546869566,2980.8664759014814,2245.458550852212,657.7293643704176,3306.2178500172863,2640.3036173743467,3361.652814154996,1718.5153621413122,2822.4986292149015,2099.921651414863
1610555971.86O0cHB2ibBJ8jxoObg01EpGe8VVV5mpwn,1457.1963213372783,3186.2294574431726,1491.172889032899,2439.8758587435,1854.8066180468518,1155.5153047391768,1476.225955476608,1499.2788499333074,1494.159314719678,3147.2897200453363,2454.318317776565,2680.5042489790353,3711.1410868232583,1506.7233812526486,2892.460396489784,2402.7305822534854,2841.86457132427,2994.110102934194,0.0,3435.9559585140564,2657.4600474972335,2408.16556815372,1931.2906414169647,1514.202342318896,1214.9491263142177,927.619698424456,1977.8502258816495,2425.0404847041527,3598.3274486774153,1241.116876043383,3076.3412885778175,795.7505880507699,3674.299439341124,3089.3936690370365,2586.4533131136486,1829.4496301269583,2786.6395356275075,3075.5966278517335,2888.2368073160824,2275.667153835357,3018.579507852307,2954.1627520016923,2548.1802497999433,3093.3285503259985,3193.0391830937506,3075.5615097737877,2557.8833338259788,1870.7166239163457,2828.3802650475836,1863.4646148698885,2483.234829653684,1079.537631549159,2413.657587399175,3272.591444617053,2561.025916902033,1430.9767849320426,2273.8778144767007,1788.833648493534,2629.118999373848,819.2646517698194,2338.9067300730003,3166.458398397424,2901.529921877602,1613.4574666821763,3188.5713899152397,2474.7000729163433,1594.79089589363,2269.8006538276154
1610556911.51zU3duZSGpcw1BDNsBLxdOCITAXwl6z3i,3257.4849598426936,1911.0154158842251,3283.4852322523093,2714.043317354104,2927.7535378356447,3405.5296201517413,3097.8605670259853,3265.884112718783,3256.109691344358,1872.1746503877594,2893.025006477609,2876.467778259677,1749.9014541565798,3275.378887780355,2752.632592013078,2494.269657263151,3491.0138391648225,3271.9608992598714,3435.9559585140564,0.0,2739.648793464672,3388.224790273254,2899.0329358162785,3271.248844934883,3615.246271297088,3460.4164337466427,2932.1922822360266,3083.7090358035375,1941.5202178362267,3263.1068112821854,2085.6797149761774,3579.321419208768,1070.3669700868384,2011.1831787023448,2503.1452357698545,2958.1434766002258,1674.6220753304995,1841.803182968508,2644.474432242281,3644.1401188420245,1836.1796078735977,2828.2415466915018,2735.1224268330543,3014.5612776445155,2667.5505175271232,3318.647098025392,3119.6814373888615,3193.045667506656,1954.5017364228322,3229.2617994741695,2476.959995891059,3426.246247531887,3192.775973110868,2312.0059039235334,2333.873547849115,3286.2152859619127,2704.984307808355,3428.327816029083,2652.4674213809776,3555.9144346207286,3377.1271462048353,3403.1524007496378,2171.7124532342345,3416.9472488771917,1861.7417851554549,3417.8420298089627,3435.984869315075,3338.2577384526
1610555988.71dMoYT8250UHHJGxgmITTmbHe7V6gH1yU,2993.9776044059536,2643.302983435003,3002.5900967500634,2530.599148689297,3302.2783943359896,2991.80357580934,3147.235833436555,2928.198799643262,3025.8461448922712,2964.857339985861,2609.050655601623,601.6364330610352,3603.444357831932,3025.452336275095,2779.0262836382094,3042.662573125409,2548.2093918191085,2149.782646409012,2657.4600474972335,2739.648793464672,0.0,1954.1325095419788,3349.5314796361604,2982.2060516089896,2888.184145898466,2817.7191771648327,3398.8239860155536,1510.84652929248,2888.954895642051,2895.6932943529478,3592.763135711534,2774.5148335586364,3163.5374731788515,2914.043440177114,2299.572710634044,2303.0084274253372,2989.9088440353453,2922.2613693559915,2489.3296290116996,3502.536659604334,3201.019450366124,1500.6326890918076,2884.876513989113,1854.8779670264662,2539.2239604263095,2304.9484756514908,2371.7420543519183,3361.094783796829,2869.5942553828518,2038.18611999888,1699.6846304465737,3008.851547021858,3087.4188499474512,2269.9684823756565,2599.4994281407103,2767.442228622886,2433.8898319377313,2542.5779234674474,2027.5791728122745,2661.234355473952,2095.682802829999,2409.651288182908,2606.7797364487155,2302.6306899976603,2962.4860961212003,2148.5726664692575,2453.7056660393814,2035.1687735610103
1610556042.81mlUZsSp7gbGjrp8jQSnybT1gPy6e62o1,2848.3142318425907,2706.6286997430957,2856.5288711325334,2861.4958529765245,3191.610578571899,2778.2296902499597,3000.7357270481025,2766.710241866809,2881.357434320817,3509.5030665703885,2713.708665152947,1674.222432047435,3779.575338232339,2878.298935887739,2971.9579857909685,2908.7038196982485,2222.4315356241377,1690.1807788224248,2408.16556815372,3388.224790273254,1954.1325095419788,0.0,3220.4027004962686,2828.7381919383097,2671.1541776932486,2606.756772587711,3283.1136734980682,1818.5606111401285,3304.5298116119093,2688.78985200046,3769.2124828781807,2533.6619618052027,3743.1996943185736,3117.8536801027867,2956.0395547243293,2395.8703160999476,3397.672254375514,3102.2874781842597,3179.6896141153943,3509.071377866661,3698.5721077231324,2415.3118986181003,3315.319328456415,2664.7244300128123,2289.226593142106,1993.4794024470043,2903.4798516573196,3195.3135477423525,3222.4709307417356,2345.7956910398093,2014.266621711302,2897.4789681934776,2897.170321518905,2846.58708084274,3025.1427139640355,2866.987390008557,2534.9873024519143,2420.6754184819897,2297.939428217247,2396.012775853222,1435.1054696686372,1948.854119266145,2757.8084927413493,1838.712230399544,3494.631224132134,645.1555754489187,2131.5663562694313,1258.9686207158722
1610555637.02UBW5nKvDyUrKnaWcYRGajZPxTRDS0q3N,1345.0515769632393,3244.5455382055475,1379.7270699178055,2698.778495051237,444.4648715468951,1938.6823897267352,902.6805221512218,1472.3076326960836,1326.5647946198567,2474.524370664794,2797.013534330155,3375.7978132999538,2822.4093206610837,1345.2027319880115,3308.601110101117,1912.0367419675576,3560.5605857406836,3659.3812652063516,1931.2906414169647,2899.0329358162785,3349.5314796361604,3220.4027004962686,0.0,1404.0696663867502,2045.1720911071839,1948.4485239201565,407.0223616997157,3164.199232430807,3395.857053559758,1614.4235085297407,2253.3638853293137,2108.0560982617276,2827.3800727992684,2668.640840293739,3263.9996449834175,2195.393627076608,2526.517105797588,2480.881069240455,2708.2672244776377,2506.8858011709053,2350.1941653625154,3602.9294537512774,2525.4046181831436,3715.6428433533843,3732.2228367843077,3699.927058184613,2868.1744550277044,2197.888857860531,2186.5013070062128,2716.2551246024404,3125.5815822239374,1874.9099432542162,2101.161926720143,3298.291209756292,2751.1682463432294,2154.376909625187,3001.840426669657,2458.8309060513784,3132.06472314109,2215.401668851836,3153.065673159719,3792.6541635132517,2681.309569416689,2573.873663709746,2550.7300964541037,3212.713106404784,2620.3607025017623,3090.7827000184834
1610555619.13oUYNikU4facCTpUSiSLr0vPI0tJLnXiT,274.4688382708407,3427.0812308437194,193.28193238663135,2756.4303458458667,1198.776737892648,1952.651454236699,923.4160134757633,277.6281997810027,359.2816598456385,2723.816970590598,2798.103365458253,3005.5800591198317,3263.8795762387626,315.87161960433724,3181.427251320807,1891.195128136712,3177.2018251294253,3314.0503255208782,1514.202342318896,3271.248844934883,2982.2060516089896,2828.7381919383097,1404.0696663867502,0.0,1770.9287699948675,1701.6774234209888,1360.9761388704985,2772.0359612805737,3317.2650481529367,1846.8259240468258,2658.344879648869,1765.6600752660663,3248.8884030283866,3106.0616172480095,2850.485304516523,1581.3810326371079,2743.3784199430966,2934.070757826118,2960.5818077147874,2487.4259277517226,2648.926675511886,3268.8794318748296,2365.562071313089,3376.325666086694,3458.4917944834483,3388.160176764111,2881.734815055273,2192.0480388734563,2419.338580265027,2206.3583035814454,2782.234604806254,1852.4557575735118,2542.5508910314165,3548.125333225768,2239.31442694514,2199.909178639345,2759.5326120340656,1907.5807635737574,2778.304953026748,1851.1879160976714,2748.6698971127144,3486.761536865834,2916.6503496647515,2262.2162057231226,2769.4128144930296,2874.8074502846825,2104.3213075923713,2677.2224823921388
1610555721.03nzkucfjAUh31zTbmCVvTVYqtjoxZFnBh,1650.0235492223605,3385.073972466613,1751.9128809361393,2930.1927035486997,2091.358203577474,1283.4010299496813,1746.1894900480554,1698.3118084234707,1788.7969916455745,3111.369217848016,2949.2853523555823,2901.3260372158225,3729.5493565543916,1769.455431870173,3361.1213410710766,2590.2113393705654,3225.5638423326595,3242.304460558937,1214.9491263142177,3615.246271297088,2888.184145898466,2671.1541776932486,2045.1720911071839,1770.9287699948675,0.0,1025.2014556894344,2201.7028268600634,2628.4328155725534,3779.0442017071614,1072.8874282409895,3088.8947947435277,810.8134526372098,3688.9239377561494,3075.0061632552915,3012.165164565665,2330.1386684915883,3201.1119715528002,3058.8083689511445,2826.4687529234957,2341.041505811535,3252.278105192497,3198.909884650139,3044.7341196950174,3325.2520075867624,3409.064604911537,3315.7483689645283,2715.371658856422,1573.788588590701,2775.756177914231,2330.629422684861,2667.660706663255,1220.564970887544,2328.449562036099,3506.878827926135,2964.6127010164532,1473.1355106114038,2538.58135920695,2090.7179830843584,2679.5495630469172,915.8732152109981,2584.989535726406,3419.320033591592,2860.007566437012,1884.1582358584635,3149.3850243801503,2725.9167785200834,2220.6664796676337,2512.5743433211587
1610555722.67fhKURdXVzRbLIjXmjRwdJHTnE7PWb1AE,1603.951810254859,3300.661885655534,1681.7681478310697,2704.265972117694,1946.8595329889713,663.2391708894173,1562.5787571885903,1662.087326623337,1681.3752582206255,3175.0543325072654,2722.1943414166753,2844.1260713416355,3502.0252480144436,1685.087190976552,3044.4702837518016,2524.8421064070835,3059.668349022216,3159.6948426236268,927.619698424456,3460.4164337466427,2817.7191771648327,2606.756772587711,1948.4485239201565,1701.6774234209888,1025.2014556894344,0.0,2053.9335714383524,2597.3582366451633,3627.541998644789,1237.121478819744,3001.96012070634,906.1722307894008,3631.8706764462186,3046.1735023168817,2815.0468020428293,2094.880165615586,2909.994992601265,3031.6523883083614,2940.7117474890765,2246.0077638304133,3066.17325059107,3117.449594151003,2725.4032542747914,3245.824140256066,3318.975790658291,2969.1942364286724,2264.023310141546,1663.6132090936642,2862.6073246798683,2148.9013566107346,2621.114189374256,1021.8795781451662,2436.783701775945,3382.1002658246757,2765.1006142634865,1353.9179590115937,2475.3041024596228,1677.169592849315,2710.682748006906,983.8465611538459,2535.1126212943655,3324.8404827065656,2912.2058318605514,1876.3300571131952,3224.4340675245344,2648.7731966819615,1958.8132638337909,2468.927358191513
1610555638.39J2ZWBLuLTHP0jOlzB4tNHmYeijH5g5YJ,1325.259988234269,3297.4719438865077,1336.008395031228,2683.6719482720205,366.68234408253284,2064.1795868426593,891.675072039954,1453.2806923394278,1272.3450728147143,2509.8813843809394,2785.9742923230797,3426.198915640509,2849.099948283766,1300.002659262324,3291.103379769108,1891.9836484722546,3568.0120659914573,3699.7774946083873,1977.8502258816495,2932.1922822360266,3398.8239860155536,3283.1136734980682,407.0223616997157,1360.9761388704985,2201.7028268600634,2053.9335714383524,0.0,3227.0594694549845,3413.118249457359,1781.325961439211,2278.06717501014,2229.874096144745,2857.0756975878708,2750.241738405934,3250.0860141600233,2165.260376080017,2494.6623566886706,2560.5620209727376,2775.3685622843695,2531.941314077685,2308.3038648173983,3642.7163610995044,2470.648021787875,3756.1967617962355,3772.225313352762,3741.7161310477095,2938.308628601858,2319.551648316305,2236.792940737462,2709.889957402346,3186.8785729372803,1979.4913561377068,2209.3059480150882,3351.2590783643063,2704.5955863134714,2292.7071338036158,3060.2566357462106,2461.6153297677774,3194.765409067758,2332.450231956074,3219.8961751807683,3830.4191089492742,2759.5906419497883,2656.756116030965,2584.3543150944347,3276.0556608825086,2611.8289108868908,3157.6979427584383
1610556032.17Q6yCDx9g7alRnL9jBFXD2JhhUyB2hKfJ,2789.767977754493,2904.398492079623,2799.2894849835116,2777.0383691869183,3136.3487079414776,2779.1864034604414,2948.6557163716607,2713.406227311776,2823.4196435855256,3175.023263483761,2867.9528567589005,1533.0551295492214,3732.1773606380566,2824.0987608837727,3149.954828834117,2844.506480642285,2909.1023560618355,2578.833976502866,2425.0404847041527,3083.7090358035375,1510.84652929248,1818.5606111401285,3164.199232430807,2772.0359612805737,2628.4328155725534,2597.3582366451633,3227.0594694549845,0.0,3215.082877993653,2672.7862989987857,3719.2642762398796,2551.697479633677,3354.6930055859057,2698.2244976040174,2616.927433346357,2080.2833817005103,3207.9196247274717,2712.1129304233286,2750.584421830352,3499.863788905623,3394.2735937534144,1634.493245274817,3139.545325071036,2069.5406188839565,2886.6759635920394,2700.824660401114,2524.9489509545747,3137.9020685010205,2956.141922843815,1643.7219994675327,1448.4927417527679,2806.6493317422332,2833.412543265331,2608.048784349554,2847.3608646591906,2582.1533856849805,2597.9531354019573,2284.541387755503,1604.808693385654,2439.24663489858,1723.5078810986083,2798.4221840501878,2367.719740873598,1999.2155759484542,3169.4094563967387,1979.90027642302,1937.201013872925,1633.1222789531487
