,square,rectangle,parallelogram,losange,isoTrapezoid,kite,rightKite,rustedHinge,hinge,trapezoid,random
square,0.0,0.005768715744848829,0.030623237290693828,0.034161900702011194,0.046075576613591185,0.03030961662340892,0.020691874029679647,0.018757373469022176,0.01774312952483803,0.012913889304683623,0.06251555466656344
rectangle,0.005768715744848829,0.0,0.019429346081968002,0.025349636165431955,0.056356639821534604,0.030357339625963542,0.024586116260945312,0.02149042759655595,0.020186151598374558,0.019267105872888046,0.0713364217745458
parallelogram,0.030623237290693828,0.019429346081968002,0.0,0.004333278338713775,0.05641607680526317,0.05327812957883604,0.05171637962076636,0.04292506113462158,0.03381303064927188,0.028242671826771093,0.06855298834983348
losange,0.034161900702011194,0.025349636165431955,0.004333278338713775,0.0,0.05947796188219956,0.05266814517784968,0.0542185448175323,0.04850163138497643,0.040574610039795345,0.03049829858423503,0.06812496444942395
isoTrapezoid,0.046075576613591185,0.056356639821534604,0.05641607680526317,0.05947796188219956,1.1102230246251565e-16,0.07738180113326443,0.05389444442553182,0.05381695036327672,0.044767218728339,0.022745743475298452,0.01002286902965377
kite,0.03030961662340892,0.030357339625963542,0.05327812957883604,0.05266814517784968,0.07738180113326443,0.0,0.010296706915895015,0.0682240786229863,0.07018438673602023,0.051142352956025094,0.10340007227084236
rightKite,0.020691874029679647,0.024586116260945312,0.05171637962076636,0.0542185448175323,0.05389444442553182,0.010296706915895015,1.1102230246251565e-16,0.04043391724524037,0.04455243692879007,0.0302110880689912,0.07482955030048455
rustedHinge,0.018757373469022176,0.02149042759655595,0.04292506113462158,0.04850163138497643,0.05381695036327672,0.0682240786229863,0.04043391724524037,1.1102230246251565e-16,0.0027588564329720233,0.01757210996835301,0.06283604038007062
hinge,0.01774312952483803,0.020186151598374558,0.03381303064927188,0.040574610039795345,0.044767218728339,0.07018438673602023,0.04455243692879007,0.0027588564329720233,1.1102230246251565e-16,0.013388273483169844,0.05351728671059808
trapezoid,0.012913889304683623,0.019267105872888046,0.028242671826771093,0.03049829858423503,0.022745743475298452,0.051142352956025094,0.0302110880689912,0.01757210996835301,0.013388273483169844,0.0,0.031703341095700055
random,0.06251555466656344,0.0713364217745458,0.06855298834983348,0.06812496444942395,0.01002286902965377,0.10340007227084236,0.07482955030048455,0.06283604038007062,0.05351728671059808,0.031703341095700055,0.0
