,square,rectangle,parallelogram,losange,isoTrapezoid,kite,rightKite,rustedHinge,hinge,trapezoid,random
square,1.1102230246251565e-16,0.004918163553339516,0.02831369906023873,0.03084605843941224,0.04238068752667645,0.027641449820636543,0.017923831564726767,0.014856669486955187,0.014623151823699665,0.010605237345054253,0.057683400494963344
rectangle,0.004918163553339516,0.0,0.017847587806919307,0.022514721723108866,0.052709337991000194,0.027890963293294546,0.02200372369162462,0.01820416074514608,0.017767323620795028,0.01699479348237709,0.06711571066517286
parallelogram,0.02831369906023873,0.017847587806919307,1.1102230246251565e-16,0.0033099661676050385,0.05296315112392891,0.05028795886722992,0.0486275561414794,0.039153345593051614,0.03098213138529471,0.02606248806509326,0.06470726955774497
losange,0.03084605843941224,0.022514721723108866,0.0033099661676050385,0.0,0.05560595742135577,0.04929479037689222,0.050652289388985916,0.04440903378085537,0.03718138122630943,0.028034962313392198,0.0644370631431348
isoTrapezoid,0.04238068752667645,0.052709337991000194,0.05296315112392891,0.05560595742135577,2.220446049250313e-16,0.0752144697089665,0.05239941422886807,0.05076045058805523,0.04199008705193907,0.021495832123139325,0.008093592659618287
kite,0.027641449820636543,0.027890963293294546,0.05028795886722992,0.04929479037689222,0.0752144697089665,0.0,0.009769549625745277,0.06585505123112279,0.0682511976645882,0.04958671133791459,0.10049882349031924
rightKite,0.017923831564726767,0.02200372369162462,0.0486275561414794,0.050652289388985916,0.05239941422886807,0.009769549625745277,1.1102230246251565e-16,0.03847187452932199,0.04286987111645779,0.029067372972875538,0.07236343981231297
rustedHinge,0.014856669486955187,0.01820416074514608,0.039153345593051614,0.04440903378085537,0.05076045058805523,0.06585505123112279,0.03847187452932199,0.0,0.002433549893512854,0.015216297546618796,0.059988124630577455
hinge,0.014623151823699665,0.017767323620795028,0.03098213138529471,0.03718138122630943,0.04199008705193907,0.0682511976645882,0.04286987111645779,0.002433549893512854,1.1102230246251565e-16,0.01139392107475834,0.050863239246311975
trapezoid,0.010605237345054253,0.01699479348237709,0.02606248806509326,0.028034962313392198,0.021495832123139325,0.04958671133791459,0.029067372972875538,0.015216297546618796,0.01139392107475834,1.1102230246251565e-16,0.029847984740480227
random,0.057683400494963344,0.06711571066517286,0.06470726955774497,0.0644370631431348,0.008093592659618287,0.10049882349031924,0.07236343981231297,0.059988124630577455,0.050863239246311975,0.029847984740480227,0.0
