,square,rectangle,parallelogram,losange,isoTrapezoid,kite,rightKite,rustedHinge,hinge,trapezoid,random
square,0.0,0.004724625078807776,0.027655968138486697,0.02977765822819267,0.04152080417610593,0.026819743656229522,0.017010767131814042,0.014103657956935578,0.013959435626271999,0.009619975089224075,0.05643796748093277
rectangle,0.004724625078807776,0.0,0.0174079627229623,0.021590238920212945,0.05169604158580099,0.027009273483409757,0.021024998674855522,0.017573694859825628,0.017252295439945664,0.01598209871232148,0.0657941293205544
parallelogram,0.027655968138486697,0.0174079627229623,0.0,0.003113179376130315,0.052037343603258734,0.04935279628784117,0.047653333478236304,0.03850540739222952,0.030363374489479567,0.02536711082178933,0.06373152295842455
losange,0.02977765822819267,0.021590238920212945,0.003113179376130315,0.0,0.054591294880952934,0.04815285682466841,0.0495201264305567,0.043573118210058936,0.03631294947108632,0.027363401203218007,0.06362321972466822
isoTrapezoid,0.04152080417610593,0.05169604158580099,0.052037343603258734,0.054591294880952934,2.220446049250313e-16,0.07503481797354727,0.05224418221093541,0.04996360459633231,0.04106201615349958,0.02127706208354052,0.007530835222494758
kite,0.026819743656229522,0.027009273483409757,0.04935279628784117,0.04815285682466841,0.07503481797354727,0.0,0.00964015292646947,0.06523553132851678,0.06762056687655704,0.049126929406734465,0.09998342952129369
rightKite,0.017010767131814042,0.021024998674855522,0.047653333478236304,0.0495201264305567,0.05224418221093541,0.00964015292646947,1.1102230246251565e-16,0.037813986812838984,0.04218487105830904,0.028745792546320703,0.0719288197031055
rustedHinge,0.014103657956935578,0.017573694859825628,0.03850540739222952,0.043573118210058936,0.04996360459633231,0.06523553132851678,0.037813986812838984,0.0,0.0023555363514209393,0.014382678039977281,0.059243496875496904
hinge,0.013959435626271999,0.017252295439945664,0.030363374489479567,0.03631294947108632,0.04106201615349958,0.06762056687655704,0.04218487105830904,0.0023555363514209393,1.1102230246251565e-16,0.010513156188126871,0.05006820651039978
trapezoid,0.009619975089224075,0.01598209871232148,0.02536711082178933,0.027363401203218007,0.02127706208354052,0.049126929406734465,0.028745792546320703,0.014382678039977281,0.010513156188126871,0.0,0.02959829054302543
random,0.05643796748093277,0.0657941293205544,0.06373152295842455,0.06362321972466822,0.007530835222494758,0.09998342952129369,0.0719288197031055,0.059243496875496904,0.05006820651039978,0.02959829054302543,1.1102230246251565e-16
