,square,rectangle,parallelogram,losange,isoTrapezoid,kite,rightKite,rustedHinge,hinge,trapezoid,random
square,1.1102230246251565e-16,0.005143736569782509,0.028991971403130257,0.031885752229797504,0.04319991368350162,0.028322618873124594,0.01866429102942968,0.015794624394378842,0.015410058475014865,0.0113525893609564,0.05882877387098984
rectangle,0.005143736569782509,0.0,0.018289731108220075,0.02342427295715732,0.05375032596366225,0.028674804848970337,0.02286208654647459,0.018990053950542318,0.018375253164252814,0.01784750191608897,0.06837197826136521
parallelogram,0.028991971403130257,0.018289731108220075,0.0,0.003546615578760126,0.05405855301231932,0.05124247484954192,0.049669152965573615,0.040060788576277595,0.03174455560021805,0.026828340320398825,0.06582179999647564
losange,0.031885752229797504,0.02342427295715732,0.003546615578760126,0.0,0.05681425134606222,0.05044349405574755,0.05187739781358491,0.04551136279302537,0.038199702821408055,0.028830457693907907,0.06544770928383048
isoTrapezoid,0.04319991368350162,0.05375032596366225,0.05405855301231932,0.05681425134606222,0.0,0.07564743103427474,0.052743204663739496,0.051703943641235095,0.04290089893457383,0.021740764213585395,0.008604936942981367
kite,0.028322618873124594,0.028674804848970337,0.05124247484954192,0.05044349405574755,0.07564743103427474,0.0,0.009903092935207414,0.06655571335623667,0.0688898185250848,0.05005118579916645,0.10114535698482552
rightKite,0.01866429102942968,0.02286208654647459,0.049669152965573615,0.05187739781358491,0.052743204663739496,0.009903092935207414,0.0,0.039117256262746314,0.04348880757536289,0.029416460057063665,0.07295196469740262
rustedHinge,0.015794624394378842,0.018990053950542318,0.040060788576277595,0.04551136279302537,0.051703943641235095,0.06655571335623667,0.039117256262746314,1.1102230246251565e-16,0.0025092052636389583,0.015994664616886478,0.06078223149176365
hinge,0.015410058475014865,0.018375253164252814,0.03174455560021805,0.038199702821408055,0.04290089893457383,0.0688898185250848,0.04348880757536289,0.0025092052636389583,0.0,0.012126777471941574,0.051615637590955776
trapezoid,0.0113525893609564,0.01784750191608897,0.026828340320398825,0.028830457693907907,0.021740764213585395,0.05005118579916645,0.029416460057063665,0.015994664616886478,0.012126777471941574,0.0,0.030185176295164373
random,0.05882877387098984,0.06837197826136521,0.06582179999647564,0.06544770928383048,0.008604936942981367,0.10114535698482552,0.07295196469740262,0.06078223149176365,0.051615637590955776,0.030185176295164373,0.0
