,square,rectangle,parallelogram,losange,isoTrapezoid,kite,rightKite,rustedHinge,hinge,trapezoid,random
square,0.0,0.0057545615792714555,0.030706544266375535,0.03469717907736958,0.04660799613210853,0.03032196229796502,0.020919350300275696,0.01899761901793784,0.017890173055871372,0.013379436343687545,0.06327073071725642
rectangle,0.0057545615792714555,1.1102230246251565e-16,0.019605002434648466,0.02620240210732727,0.05745065436327901,0.030735377538475772,0.025170942159586818,0.021888422463171908,0.020396842396715464,0.020034331956905516,0.07274309184042738
parallelogram,0.030706544266375535,0.019605002434648466,0.0,0.004454926826249372,0.05739300497471855,0.05358734354822503,0.05224544445587964,0.04318425993985109,0.03392891825493127,0.02868991351496064,0.06962560222253289
losange,0.03469717907736958,0.02620240210732727,0.004454926826249372,0.0,0.060282313160428314,0.05331167519828117,0.05490920856941217,0.04897637025111101,0.0409920156296506,0.030768541641488345,0.06874671111279063
isoTrapezoid,0.04660799613210853,0.05745065436327901,0.05739300497471855,0.060282313160428314,0.0,0.07718896835469569,0.05386161531982492,0.054461286022070454,0.04559746353260741,0.022744849485475838,0.01023447110280129
kite,0.03032196229796502,0.030735377538475772,0.05358734354822503,0.05331167519828117,0.07718896835469569,0.0,0.010172516920270436,0.0680624759208539,0.0699662092689487,0.05107226817571675,0.10357094232516917
rightKite,0.020919350300275696,0.025170942159586818,0.05224544445587964,0.05490920856941217,0.05386161531982492,0.010172516920270436,0.0,0.04052089951092497,0.04466685868428166,0.030259324067098525,0.07509293094434011
rustedHinge,0.01899761901793784,0.021888422463171908,0.04318425993985109,0.04897637025111101,0.054461286022070454,0.0680624759208539,0.04052089951092497,1.1102230246251565e-16,0.0027849723302042495,0.017940237734066833,0.06355492807388585
hinge,0.017890173055871372,0.020396842396715464,0.03392891825493127,0.0409920156296506,0.04559746353260741,0.0699662092689487,0.04466685868428166,0.0027849723302042495,1.1102230246251565e-16,0.013811212066114797,0.0543171113127352
trapezoid,0.013379436343687545,0.020034331956905516,0.02868991351496064,0.030768541641488345,0.022744849485475838,0.05107226817571675,0.030259324067098525,0.017940237734066833,0.013811212066114797,0.0,0.03180760054456644
random,0.06327073071725642,0.07274309184042738,0.06962560222253289,0.06874671111279063,0.01023447110280129,0.10357094232516917,0.07509293094434011,0.06355492807388585,0.0543171113127352,0.03180760054456644,0.0
