,square,rectangle,parallelogram,losange,isoTrapezoid,kite,rightKite,rustedHinge,hinge,trapezoid,random
square,0.0,0.005460456413081349,0.029924619015552767,0.03343082972174949,0.044814713791051286,0.029291684810278107,0.019729926674390108,0.017291637928837034,0.016537170374993804,0.01237077257674779,0.0611267176839454
rectangle,0.005460456413081349,0.0,0.019036477052125078,0.025003325554943667,0.055751476650644505,0.02982111256480091,0.024102209008666553,0.02047885689376494,0.019376169047143565,0.019090968965762678,0.07086086307962747
parallelogram,0.029924619015552767,0.019036477052125078,0.0,0.004033071341041472,0.05585166209238057,0.05253937289079702,0.05106009018957025,0.0416524374488656,0.0328196022094015,0.027836261655980188,0.067902579935045
losange,0.03343082972174949,0.025003325554943667,0.004033071341041472,0.0,0.05865154986485366,0.05203718555860437,0.053517651698346436,0.047253220434246734,0.03958109026777834,0.02984139871452718,0.06715660867117013
isoTrapezoid,0.044814713791051286,0.055751476650644505,0.05585166209238057,0.05865154986485366,0.0,0.07641805670409996,0.05333422983634639,0.05336624119315203,0.04451896006691658,0.02227726080292125,0.009567695885878025
kite,0.029291684810278107,0.02982111256480091,0.05253937289079702,0.05203718555860437,0.07641805670409996,1.1102230246251565e-16,0.010059907534378798,0.06731958171622032,0.06937558070781347,0.050619455346705866,0.10244892619423607
rightKite,0.019729926674390108,0.024102209008666553,0.05106009018957025,0.053517651698346436,0.05333422983634639,0.010059907534378798,0.0,0.039917423250337314,0.044126773225992344,0.029865539012421505,0.07410635507962438
rustedHinge,0.017291637928837034,0.02047885689376494,0.0416524374488656,0.047253220434246734,0.05336624119315203,0.06731958171622032,0.039917423250337314,0.0,0.002669935330276596,0.01710130463327786,0.06245950896355745
hinge,0.016537170374993804,0.019376169047143565,0.0328196022094015,0.03958109026777834,0.04451896006691658,0.06937558070781347,0.044126773225992344,0.002669935330276596,0.0,0.013090002163841263,0.05321811093101647
trapezoid,0.01237077257674779,0.019090968965762678,0.027836261655980188,0.02984139871452718,0.02227726080292125,0.050619455346705866,0.029865539012421505,0.01710130463327786,0.013090002163841263,0.0,0.03107853965642937
random,0.0611267176839454,0.07086086307962747,0.067902579935045,0.06715660867117013,0.009567695885878025,0.10244892619423607,0.07410635507962438,0.06245950896355745,0.05321811093101647,0.03107853965642937,0.0
