,square,rectangle,parallelogram,losange,isoTrapezoid,kite,rightKite,rustedHinge,hinge,trapezoid,random
square,1.1102230246251565e-16,0.005369434996215894,0.029649308910269512,0.032942679483245474,0.04437032025736709,0.029001271072106594,0.01944059966310918,0.016835871287783077,0.01619258248012878,0.012094053805327576,0.06039954523140312
rectangle,0.005369434996215894,0.0,0.01879538099359368,0.024482905407119504,0.05519604038247572,0.02947341630161493,0.023756557534976408,0.02000617885234346,0.019058075557053633,0.01874014377095512,0.07007958828069294
parallelogram,0.029649308910269512,0.01879538099359368,0.0,0.003857980629473401,0.05533359277896577,0.052160902630425277,0.05068425562311685,0.04114952705939845,0.032472831602687435,0.027533576820591654,0.06721363168582162
losange,0.032942679483245474,0.024482905407119504,0.003857980629473401,0.0,0.05808229138545473,0.051534243809021385,0.0530366512708893,0.04669333720275071,0.03912316465295618,0.029513485555916597,0.06658597931949894
isoTrapezoid,0.04437032025736709,0.05519604038247572,0.05533359277896577,0.05808229138545473,0.0,0.07623127171753152,0.05319482476465465,0.052918786445937616,0.04407835071291821,0.02212838570039044,0.009264629855005535
kite,0.029001271072106594,0.02947341630161493,0.052160902630425277,0.051534243809021385,0.07623127171753152,1.1102230246251565e-16,0.010024786412804354,0.06711168931378053,0.0692549077587078,0.05046121141249971,0.10206951492316274
rightKite,0.01944059966310918,0.023756557534976408,0.05068425562311685,0.0530366512708893,0.05319482476465465,0.010024786412804354,0.0,0.03969435102467134,0.043963376427962775,0.02974234455570024,0.07376452995370075
rustedHinge,0.016835871287783077,0.02000617885234346,0.04114952705939845,0.04669333720275071,0.052918786445937616,0.06711168931378053,0.03969435102467134,0.0,0.0026130338134059405,0.016764430673723463,0.06194999053792083
hinge,0.01619258248012878,0.019058075557053633,0.032472831602687435,0.03912316465295618,0.04407835071291821,0.0692549077587078,0.043963376427962775,0.0026130338134059405,1.1102230246251565e-16,0.012800292224016019,0.05271953351944758
trapezoid,0.012094053805327576,0.01874014377095512,0.027533576820591654,0.029513485555916597,0.02212838570039044,0.05046121141249971,0.02974234455570024,0.016764430673723463,0.012800292224016019,0.0,0.030793499779530165
random,0.06039954523140312,0.07007958828069294,0.06721363168582162,0.06658597931949894,0.009264629855005535,0.10206951492316274,0.07376452995370075,0.06194999053792083,0.05271953351944758,0.030793499779530165,1.1102230246251565e-16
