,square,rectangle,parallelogram,losange,isoTrapezoid,kite,rightKite,rustedHinge,hinge,trapezoid,random
square,1.1102230246251565e-16,0.004646543950645676,0.027458507624699036,0.029462228200600626,0.04136943178937158,0.02668935427098018,0.01686084440797775,0.013872643141888852,0.013775108922510548,0.009451315190385112,0.05608930069333351
rectangle,0.004646543950645676,0.0,0.017290616925391356,0.021316251578804568,0.05141918689621472,0.026824408664556154,0.02082093373568772,0.017376499966537673,0.017117703167080944,0.015772900994274863,0.0653384277189697
parallelogram,0.027458507624699036,0.017290616925391356,0.0,0.0030256139565455475,0.05168770437935155,0.04904628657871557,0.04738419459046728,0.03825787597881436,0.030189742953437237,0.025202468538306433,0.06334553865771209
losange,0.029462228200600626,0.021316251578804568,0.0030256139565455475,0.0,0.05421722291375719,0.04773991564893365,0.04916475378190377,0.04325507319673749,0.03605859212287643,0.027200320598833594,0.0633346095544578
isoTrapezoid,0.04136943178937158,0.05141918689621472,0.05168770437935155,0.05421722291375719,0.0,0.0749505327300557,0.05214243410385244,0.04962794031128004,0.040741801774951125,0.021152682463462247,0.007311785415599514
kite,0.02668935427098018,0.026824408664556154,0.04904628657871557,0.04773991564893365,0.0749505327300557,1.1102230246251565e-16,0.009589043467849168,0.06500008244335032,0.06742488879672748,0.04889729499170492,0.09963935170451266
rightKite,0.01686084440797775,0.02082093373568772,0.04738419459046728,0.04916475378190377,0.05214243410385244,0.009589043467849168,0.0,0.037566778015601265,0.04196732167160211,0.0285871698371708,0.07163511994552652
rustedHinge,0.013872643141888852,0.017376499966537673,0.03825787597881436,0.04325507319673749,0.04962794031128004,0.06500008244335032,0.037566778015601265,0.0,0.002330691662996931,0.014128983295934705,0.058894301768703916
hinge,0.013775108922510548,0.017117703167080944,0.030189742953437237,0.03605859212287643,0.040741801774951125,0.06742488879672748,0.04196732167160211,0.002330691662996931,1.1102230246251565e-16,0.010303816110960096,0.04975021650013711
trapezoid,0.009451315190385112,0.015772900994274863,0.025202468538306433,0.027200320598833594,0.021152682463462247,0.04889729499170492,0.0285871698371708,0.014128983295934705,0.010303816110960096,0.0,0.029496252706525894
random,0.05608930069333351,0.0653384277189697,0.06334553865771209,0.0633346095544578,0.007311785415599514,0.09963935170451266,0.07163511994552652,0.058894301768703916,0.04975021650013711,0.029496252706525894,0.0
