,square,rectangle,parallelogram,losange,isoTrapezoid,kite,rightKite,rustedHinge,hinge,trapezoid,random
square,0.0,0.005497329964520126,0.030109331281930052,0.03376340115418941,0.045392208953008883,0.0295117052737196,0.02004811850664745,0.017769141940221167,0.016827446018742642,0.012618852693628835,0.06189430485971137
rectangle,0.005497329964520126,0.0,0.01922925609883397,0.025407262974884826,0.056386763577988,0.030038566473053807,0.02440787001854383,0.02097356509219528,0.019633299623322498,0.019364977938789996,0.07166226477800008
parallelogram,0.030109331281930052,0.01922925609883397,0.0,0.0041801636106896245,0.05643232343863902,0.052891036961742466,0.051476469118406754,0.04220765733063525,0.03310805478706802,0.02811874711520168,0.0686688789437605
losange,0.03376340115418941,0.025407262974884826,0.0041801636106896245,0.0,0.05917810663483625,0.05250677246458613,0.05402052774830657,0.047812325837318204,0.0399280297741208,0.030116942923318457,0.06777993005472271
isoTrapezoid,0.045392208953008883,0.056386763577988,0.05643232343863902,0.05917810663483625,0.0,0.07661866610621537,0.05350244588087216,0.05386462643536405,0.045002110118338656,0.022458081876654323,0.009841191366062763
kite,0.0295117052737196,0.030038566473053807,0.052891036961742466,0.05250677246458613,0.07661866610621537,0.0,0.010066530158666986,0.0673735211237726,0.0692806962133139,0.05066091080198021,0.10289082556703733
rightKite,0.02004811850664745,0.02440787001854383,0.051476469118406754,0.05402052774830657,0.05350244588087216,0.010066530158666986,1.1102230246251565e-16,0.040051012532626884,0.04416863265737847,0.029954390414798082,0.07450953938109772
rustedHinge,0.017769141940221167,0.02097356509219528,0.04220765733063525,0.047812325837318204,0.05386462643536405,0.0673735211237726,0.040051012532626884,0.0,0.002720555668184854,0.017363879061618737,0.06304654948478183
hinge,0.016827446018742642,0.019633299623322498,0.03310805478706802,0.0399280297741208,0.045002110118338656,0.0692806962133139,0.04416863265737847,0.002720555668184854,0.0,0.013275962166553468,0.053786725937657875
trapezoid,0.012618852693628835,0.019364977938789996,0.02811874711520168,0.030116942923318457,0.022458081876654323,0.05066091080198021,0.029954390414798082,0.017363879061618737,0.013275962166553468,0.0,0.03141572797616665
random,0.06189430485971137,0.07166226477800008,0.0686688789437605,0.06777993005472271,0.009841191366062763,0.10289082556703733,0.07450953938109772,0.06304654948478183,0.053786725937657875,0.03141572797616665,0.0
