,square,rectangle,parallelogram,losange,isoTrapezoid,kite,rightKite,rustedHinge,hinge,trapezoid,random
square,2.220446049250313e-16,0.03225887930568949,0.05213622968907816,0.07445192029939984,0.021719879111548712,0.015563041315022175,0.011188409635772167,0.03797905988345518,0.034761547575500984,0.024928080417810472,0.04909005327235516
rectangle,0.03225887930568949,0.0,0.021668729150035593,0.04984993638946866,0.06779426166634017,0.04129596097651289,0.038770521389183576,0.0255925950393322,0.015547133994256446,0.042649240982515435,0.07292992346105753
parallelogram,0.05213622968907816,0.021668729150035593,0.0,0.02167105814178294,0.07320828663408119,0.060446467393426406,0.05056711693970917,0.03743690241409148,0.026747481304313703,0.037152602079961405,0.06279367716456785
losange,0.07445192029939984,0.04984993638946866,0.02167105814178294,0.0,0.07930167789429043,0.07758551042039386,0.06933378476018837,0.04714921767229663,0.042585565042115525,0.040298164633673306,0.04522649997460304
isoTrapezoid,0.021719879111548712,0.06779426166634017,0.07320828663408119,0.07930167789429043,0.0,0.023257755299070038,0.020462610596537867,0.06533456445154728,0.0656807115966328,0.027852791711017066,0.040641115147166285
kite,0.015563041315022175,0.04129596097651289,0.060446467393426406,0.07758551042039386,0.023257755299070038,0.0,0.011514909874103196,0.05376740667266644,0.05185883397299729,0.04076456288530783,0.06090747226677695
rightKite,0.011188409635772167,0.038770521389183576,0.05056711693970917,0.06933378476018837,0.020462610596537867,0.011514909874103196,0.0,0.04842397639673501,0.0456922708766504,0.023752924477706827,0.05260430811631789
rustedHinge,0.03797905988345518,0.0255925950393322,0.03743690241409148,0.04714921767229663,0.06533456445154728,0.05376740667266644,0.04842397639673501,0.0,0.0040729263051718645,0.04396933414443194,0.055600189414459655
hinge,0.034761547575500984,0.015547133994256446,0.026747481304313703,0.042585565042115525,0.0656807115966328,0.05185883397299729,0.0456922708766504,0.0040729263051718645,0.0,0.03992140248825937,0.056895318970454745
trapezoid,0.024928080417810472,0.042649240982515435,0.037152602079961405,0.040298164633673306,0.027852791711017066,0.04076456288530783,0.023752924477706827,0.04396933414443194,0.03992140248825937,0.0,0.02136883175393811
random,0.04909005327235516,0.07292992346105753,0.06279367716456785,0.04522649997460304,0.040641115147166285,0.06090747226677695,0.05260430811631789,0.055600189414459655,0.056895318970454745,0.02136883175393811,0.0
