,square,rectangle,parallelogram,losange,isoTrapezoid,kite,rightKite,rustedHinge,hinge,trapezoid,random
square,0.0,0.023269479284461214,0.04262989875783507,0.0613549092919502,0.019114449010401602,0.014127853759891007,0.010444196127816774,0.030571012666941955,0.027203819050572453,0.021203417296946525,0.04164477480685347
rectangle,0.023269479284461214,0.0,0.01852404512267547,0.042766523052626515,0.05346436139013866,0.0328710382941132,0.030624590585556,0.0225753392637279,0.01417789684159576,0.034221148246544875,0.06148746706472563
parallelogram,0.04262989875783507,0.01852404512267547,0.0,0.01593052099129655,0.06043975571113491,0.05125658601118932,0.04279157896850283,0.032820651744761786,0.023504821490551553,0.029660039242060288,0.052255692286290345
losange,0.0613549092919502,0.042766523052626515,0.01593052099129655,1.1102230246251565e-16,0.06623971262472794,0.06629630313494972,0.057903214296750494,0.04326789330667369,0.03825394611831767,0.032450934511231155,0.040014473515815885
isoTrapezoid,0.019114449010401602,0.05346436139013866,0.06043975571113491,0.06623971262472794,0.0,0.021121695972410537,0.018161791731196475,0.05275324638638701,0.05207014540922572,0.02242643721746329,0.030927456301968137
kite,0.014127853759891007,0.0328710382941132,0.05125658601118932,0.06629630313494972,0.021121695972410537,0.0,0.009694848040873394,0.045438989906157135,0.04354225228319619,0.03631294136981278,0.05366790809687172
rightKite,0.010444196127816774,0.030624590585556,0.04279157896850283,0.057903214296750494,0.018161791731196475,0.009694848040873394,0.0,0.040533180144840864,0.0381136188643284,0.020558199268312705,0.04375827092642093
rustedHinge,0.030571012666941955,0.0225753392637279,0.032820651744761786,0.04326789330667369,0.05275324638638701,0.045438989906157135,0.040533180144840864,1.1102230246251565e-16,0.003523945260287098,0.0365089191996929,0.04723804369720597
hinge,0.027203819050572453,0.01417789684159576,0.023504821490551553,0.03825394611831767,0.05207014540922572,0.04354225228319619,0.0381136188643284,0.003523945260287098,0.0,0.032286592183775054,0.04698663453113017
trapezoid,0.021203417296946525,0.034221148246544875,0.029660039242060288,0.032450934511231155,0.02242643721746329,0.03631294136981278,0.020558199268312705,0.0365089191996929,0.032286592183775054,0.0,0.015877278948888462
random,0.04164477480685347,0.06148746706472563,0.052255692286290345,0.040014473515815885,0.030927456301968137,0.05366790809687172,0.04375827092642093,0.04723804369720597,0.04698663453113017,0.015877278948888462,0.0
