,square,rectangle,parallelogram,losange,isoTrapezoid,kite,rightKite,rustedHinge,hinge,trapezoid,random
square,0.0,0.0044372174817792764,0.01709835524604586,0.019011742317788793,0.012438066437914785,0.010686365552373345,0.00842927532509985,0.015632538448623667,0.01248848127387514,0.013148448092305975,0.022033190123086688
rectangle,0.0044372174817792764,0.0,0.010412204732691221,0.013381220744532407,0.016188694588411323,0.011610667878219405,0.01079567839335449,0.013470157900089652,0.009544518881966169,0.012304064104690982,0.024444982535819948
parallelogram,0.01709835524604586,0.010412204732691221,1.1102230246251565e-16,0.0018500390333960892,0.012796526075449344,0.01059607604184909,0.01001206313638947,0.006618979857048624,0.004428611340618449,0.004474953399213777,0.012315856494043431
losange,0.019011742317788793,0.013381220744532407,0.0018500390333960892,0.0,0.014469746031566588,0.013280103769084062,0.011997313772935336,0.006328924586193496,0.004599983781961359,0.004731550372750526,0.009127972389324168
isoTrapezoid,0.012438066437914785,0.016188694588411323,0.012796526075449344,0.014469746031566588,1.1102230246251565e-16,0.0034179543035276483,0.003261666500380289,0.011284718470390476,0.010203641152509935,0.004958438689187661,0.007671326708875603
kite,0.010686365552373345,0.011610667878219405,0.01059607604184909,0.013280103769084062,0.0034179543035276483,0.0,0.0014664659126296664,0.009966022680044095,0.008710404446314435,0.006915849228020243,0.012552082368355366
rightKite,0.00842927532509985,0.01079567839335449,0.01001206313638947,0.011997313772935336,0.003261666500380289,0.0014664659126296664,0.0,0.008652495783736391,0.007399201579125214,0.0053750823380752655,0.010262076517786767
rustedHinge,0.015632538448623667,0.013470157900089652,0.006618979857048624,0.006328924586193496,0.011284718470390476,0.009966022680044095,0.008652495783736391,0.0,0.0012006610948913643,0.006289557063050344,0.00915476061889342
hinge,0.01248848127387514,0.009544518881966169,0.004428611340618449,0.004599983781961359,0.010203641152509935,0.008710404446314435,0.007399201579125214,0.0012006610948913643,1.1102230246251565e-16,0.004749872478104544,0.008819890835420896
trapezoid,0.013148448092305975,0.012304064104690982,0.004474953399213777,0.004731550372750526,0.004958438689187661,0.006915849228020243,0.0053750823380752655,0.006289557063050344,0.004749872478104544,0.0,0.004976385610763745
random,0.022033190123086688,0.024444982535819948,0.012315856494043431,0.009127972389324168,0.007671326708875603,0.012552082368355366,0.010262076517786767,0.00915476061889342,0.008819890835420896,0.004976385610763745,1.1102230246251565e-16
