,1610555604.25mOvVXuL01OCiReyVWBfesjuvXmB3MoPy,1610555605.43B6oDsBtWRQ29Q9UMQuTUEPZy3FSSWXzc,1610555610.92HPGJJSmyPM40z7otPBgHalNrHFA7zk5d,1610555606.68LaSQbm9EHAFycEfFtEqAwYqlBsQPjIRW,1610555617.19EKxMEwDHfXiEJZc27TsGoERaD6Da4BZU,1610555722.52PJ3FD50MGhRXyUD28vluU8Z9UjLJLZn4,1610555617.52Ijr5puT55g9apK8auM7zaxa3NANg502t,1610555638.77ZLjTLkz4jYJdFMI2wWBztzsDILkoOtAk,1610556912.46C7tJPLF0XfNnm8f1820X9aLmXMHoc0Dw,1610555617.51LjzIROg0aeCP2GhDcAVQ0LipKJB9jmKc,1610555608.17OpjjHobqRkX0UPcaXrbu7K6L3805SZri,1610555721.82zWeNZfGUUfRJkgnAwlP8VMhPzXctnSd4,1610555735.75bom85BDF0C7W2eIseHeMxi24qR68nzMi,1610555735.77NnT5xqKnwcf2BbjIekeb2arTQj6QMNwk,1610555638.33wjf1PhdNaoWfbRzXVn50hmFyB5bYAiLV,1610555606.65jCE4ig8Pu8kvAzkxnSGfWsV0nQBjCf8H,1610555608.18ONsBCVo1i7BrX0XG9stct4oiA6ejX9Oz,1610555721.51RNoQUMP19FTMS79BmA3JkgSm2IC2AQuQ,1610555971.86O0cHB2ibBJ8jxoObg01EpGe8VVV5mpwn,1610556911.51zU3duZSGpcw1BDNsBLxdOCITAXwl6z3i,1610555988.71dMoYT8250UHHJGxgmITTmbHe7V6gH1yU,1610556042.81mlUZsSp7gbGjrp8jQSnybT1gPy6e62o1,1610555637.02UBW5nKvDyUrKnaWcYRGajZPxTRDS0q3N,1610555619.13oUYNikU4facCTpUSiSLr0vPI0tJLnXiT,1610555721.03nzkucfjAUh31zTbmCVvTVYqtjoxZFnBh,1610555722.67fhKURdXVzRbLIjXmjRwdJHTnE7PWb1AE,1610555638.39J2ZWBLuLTHP0jOlzB4tNHmYeijH5g5YJ,1610556032.17Q6yCDx9g7alRnL9jBFXD2JhhUyB2hKfJ,1610557007.49MyVgDnuUuBxrvL6SGOdhKf69VYlW1MSm,1610555638.44hjT5hbYdKoE3MB6hijrjqbjmLgvCUYKD,1610555608.13zUvmFSCRt6SsLbhqFznMEvGx54GPGQzM,1610556038.62a5C4ynd1AARyAhTv8a58NCqHvXRjscqH,1610555644.45Xse8u7pusHNsd7F3d0A32HXvXr6weOJE,1610556038.62gKXOCG7XCn55eJvyl5voNjbwOW0znQDq,1610555987.13v0oleKK97pkesp6oMgprH8SoSdoDVdIO,1610556964.96ZLLeiQW0qpmxhPGTg7K03fmzkqsC2bjC,1610555987.13VQlEedQ50VvkPMEMzZDv3KNnQCewykN9,1610555982.186TY6MMGkDecIN1woW6vsfAMXVV7jnyjO,1610555982.673LuMndkwkvdmZOn0MmE2Pkidx0FtNalb,1610555733.38zItcuH7gHNfKdALR2d9Nek6bxCyw36Vm,1610556034.15BQxSbZINGCay0yp6RBVlgcPrw76Yn9ON,1610555639.37BPZpgtGml8qUsh9AdV4m32jPLfI2aNFq,1610556965.57S0adAalhWYe6K3bkZU0bRHbqnDK8gGkR,1610555983.54zteLPCMjyrjzPdhHhlZr3faCgD0TfYr3,1610555987.79rHnNRmt9a0ufmnwCvZqBouyUoZDNpylW,1610556960.041xWER61rmArlsKfiMl4frikWmUCnQ7op,1610556035.13a7NHZDutfTMJ88qle1gTYY59Dr4WmMsj,1610556890.456ZBDaY16bMtrTZTqAgHl3wq1tRxzqDow,1610555760.24e6890pkbyZ97Or6croI1rQgjkSsR0yVt,1610556043.02YpWMIJg3W004iqlPyv8OcVAZdSC5rNYw,1610555987.03z05P26TLtONYM1HSzupoc2CeNMa6HTqr,1610556032.15OYCzUxpsz7b10AXBAuDXrvEcvxFhf0M7,1610556032.63Z80yI9pNwS3jSmsDABbuhf8wkNa2Ze9y,1610555736.28eGuESasTXdR3SqY6pHhEXWZtcdciYLCO,1610556034.61bebeZA0MkaFG2sm3VKiqrxeqQginTTW0,1610556944.5XwXOphKYT3ZkWA8gViqOS97VHVuMVUqb,1610556944.745UVLFBzf7fPh4UH37I6tYQOFPqRDytEh,1610556034.63XsUwaFaPZevO1JNFjfhvY4aKNFnV4noV,1610556964.89xwBHw9faT1HjQRMNQEyA4qJ3hWkwgj3k,1610556966.74DydzH91jtyvRyYau47JpVkZoMRSNTt01,1610555740.77UueVziDbaXyRR4OcVJIIZyzOfAzN51bj,1610556046.84e3vwjyRCzqz0wJQhrk8zsxlFfFSv98Df,1610556137.99eoPuVrDThKAOvmeprLPb2FWRqIhzUodc,1610555740.73XFwSrmTXJPlaxGZSefh0jOVA8PI3III1,1610556123.88AOfNaz9jSnqU5Czc7okOv1RCrYfKFBTo,1610556046.85nB7NvyoYQeLcOV391Lmmut1wAM8CFGLw,1610556123.89H4pdIAzDthI7bMXMhlIhKUYIQIvtmPPQ,1610555740.87GOYQUJKpkynIS2lFqppYK4b32ol7NeGh
1610555604.25mOvVXuL01OCiReyVWBfesjuvXmB3MoPy,0.0,393.75590704215017,134.37814168732956,337.90395669563134,257.43294996702843,314.6586243057935,272.7978852677326,167.3548679510045,206.0649673944156,377.17119895508347,370.43334398672243,377.59620621914274,471.66178756965917,232.54487342280277,389.72074373254014,336.705097455991,381.1186396845805,390.70209470699325,268.42638129927775,333.2565125811513,380.3545015342867,370.92642844941224,286.2904316058211,156.39821535808312,334.71964706636743,326.1441840614913,256.83059517104056,370.15545526956754,373.29887848921004,271.36790764172116,364.1864405398476,297.82318695008524,460.38733672210356,394.27343472338055,375.4221844550652,349.9015260438777,398.2353488915586,395.905259894707,371.4770010642836,387.3875346821578,386.2469252355817,365.87731484486017,379.4714416886325,340.1616867102661,392.6896830297302,401.72567914256626,378.90843276891724,303.41560782441314,353.90749736583876,346.6996029568438,323.7662342172333,296.2280325927021,384.4334453486106,401.0849012964205,345.9083623408082,317.8088973830824,313.5242192276014,357.8222203258086,309.7236326034012,316.8941001174992,392.7282849958834,403.4730239526684,372.9074308218245,369.67680109773676,343.01468099215697,391.95847576696957,331.3196611896228,395.9809575765228
1610555605.43B6oDsBtWRQ29Q9UMQuTUEPZy3FSSWXzc,393.75590704215017,0.0,390.67150820968425,299.823417185071,387.7433517949664,392.060612127425,376.5708735732958,395.55475104027215,402.8019326500205,403.2927989190358,334.60824952154724,378.44638468980753,421.1114359952599,392.5196977099493,371.456243025087,367.634692343332,353.5041443983274,210.78085934053297,393.2862726956667,396.59736081359785,392.07166823552524,350.13220034568303,362.5274705802159,394.7439132871126,378.9302165061092,404.91138914807595,385.2924454378446,372.0199107882404,346.55168028773585,344.3711291331772,397.0902934129856,398.75240170602467,422.63856661532355,367.55533238168664,385.76770832673435,382.46423077157823,414.60497065223933,335.3901046359524,281.4845236271946,469.9010375703135,362.52534771834866,343.9717473134075,417.690275271183,322.418354714931,277.2635435973255,229.1952190645317,429.04708487956043,399.5356352097635,395.5337471068663,406.1603173669451,376.45755097431237,397.68946859876246,411.88023641578854,319.63156694100655,379.73592934846795,386.33800912671956,379.3361434165751,381.1413969613392,369.16344067603114,363.4595000858803,340.7460771659554,336.3205049900839,384.3773231363778,347.16593805216513,388.93027878904,368.5108395447572,403.8741072271612,344.83336845871554
1610555610.92HPGJJSmyPM40z7otPBgHalNrHFA7zk5d,134.37814168732956,390.67150820968425,0.0,331.4677053427304,255.94514717842884,314.9754833485317,259.6445828502692,132.68996370097884,220.42965601483402,377.86194425791865,369.63175438009443,378.80190627508887,473.8293675987923,211.7062935766691,389.7558918050254,334.3616971195795,382.8308215387409,388.4448744712307,271.5291234842029,336.5070251684794,380.77177729083655,370.1646970947061,283.6755083397346,111.89909096796633,335.5577793285812,328.2695464573172,261.6343600702437,368.3850947954949,368.6288608618272,254.8723520357807,362.83783061202223,307.29264887830715,461.6934341035242,393.97924105549606,375.1835971640303,349.91794382243637,398.4102164605811,392.62485347476405,368.51293343233755,388.3904021008411,379.1542440830957,367.1044047200766,379.2205686102775,346.0883100563043,392.3945870243394,399.63890432190567,381.4554911487152,307.52065611304585,355.32550721269496,350.21735160457723,324.8139018165554,297.2410915117966,385.5658631080248,401.40413828531604,336.5774326103903,320.94373736102307,312.9620232922764,350.69560729346875,310.6947974116566,314.3936868569037,392.2721494802638,402.43898871774,371.8911723585302,370.7286713034593,343.7275880740633,390.99794172355,335.5301861051352,393.50329451098924
1610555606.68LaSQbm9EHAFycEfFtEqAwYqlBsQPjIRW,337.90395669563134,299.823417185071,331.4677053427304,0.0,331.5112885973865,351.27075113390515,314.6565773071803,335.7486722408548,342.9969840328972,425.56428825968203,247.35715472315692,310.3130429266145,493.9352364338849,330.16620664560384,323.94573737462525,314.23227069552354,283.8493971791613,285.9475704795022,326.55201821840586,350.54855691750583,318.3832951765752,290.555599299844,339.74700590116447,335.20206227016433,353.75797005019956,363.6156479183194,330.6447109781486,312.68126089484684,321.8740109957866,297.6282822863817,358.46437735219007,350.8877171270057,483.24215609213456,392.3299780678372,321.43978954841714,285.51974702050194,352.07202895734946,379.34638232342496,299.71892312590546,402.1989419735368,297.4962217731874,279.2538656152057,340.1245141774332,305.97988032856136,323.57111052172576,310.5270571567251,433.6633245081766,354.04824763375166,407.8129666552935,345.7153892213938,305.72402338064614,330.5989635146791,407.4009163968293,331.657741094161,321.90048493129285,356.58141144890385,320.10075288974707,322.7071752835492,306.49037861584105,327.33027398267694,330.26935551727814,316.2535348667247,355.0527811865094,317.1672642748219,355.68176282665405,328.77179870720227,324.2416471522572,333.62212735592476
1610555617.19EKxMEwDHfXiEJZc27TsGoERaD6Da4BZU,257.43294996702843,387.7433517949664,255.94514717842884,331.5112885973865,0.0,313.6184418124257,221.86753283181775,256.9762059918056,214.49958608737836,386.65312178445765,339.5005568778293,361.29769999002605,499.24526969045473,239.78334808406495,366.37080904633945,328.5343741674534,352.91889219546806,374.57831104062353,275.9256883767692,338.9300217353677,358.55930135390076,340.56769484053586,209.38636086736315,258.3590071767236,306.8223843531041,319.24582676343755,217.60377245921958,363.9366803397864,364.78848158772604,233.5435797886744,344.49573286862307,254.88091716992142,478.4241660758531,406.3852611558053,362.6894018156597,326.091607292106,380.5446839098287,389.646308219182,361.98215646874553,386.71992456103885,360.0456716293809,346.98356988303186,354.8782262572733,362.3000150337192,370.94609652868434,382.31843027109073,377.94142534068385,310.1773684798737,355.46872344934826,317.5403632082958,328.8236429578488,277.20124383871473,393.15410676993946,390.61804959346534,330.9499282333363,271.46903160396045,285.1464643482125,352.70723614705093,323.2413304076361,280.96356416247977,367.3421838311195,381.0305539912599,364.63961342736167,340.77920038540105,338.79236247824855,367.9494738112625,330.03660689606585,370.93694984001837
1610555722.52PJ3FD50MGhRXyUD28vluU8Z9UjLJLZn4,314.6586243057935,392.060612127425,314.9754833485317,351.27075113390515,313.6184418124257,0.0,306.4749070047547,311.8804900810646,287.70391239942006,434.52655592974384,336.00137178728136,347.99834766629436,517.0010285242702,297.9485907237576,380.68281262984914,337.81053698879083,350.5152176989511,377.9986030805266,193.99067267820388,348.9363869090668,340.43183132754524,333.962834921573,302.8259009654091,313.1630085302605,318.4466692556005,145.7726890344808,320.774065392998,330.0623973614785,402.99306481995416,290.4456522331619,409.68118323770705,282.5589603361196,511.4321551369995,397.36432197884267,359.8563556000958,340.80192979926176,394.88783196047876,429.99713371613734,371.55517689139873,389.5844414626023,400.3610459661462,332.0011357593907,390.1059107042222,333.460319206243,358.07984372718187,360.1472769405927,344.7931547442008,307.68655543294034,407.86223156788253,343.63837668876016,310.45705844814466,306.85745957916834,377.0199880083948,382.37802119920093,369.28749058614187,292.0502855528094,313.9366511141567,331.9938995153018,308.3540745370827,264.22989287027445,350.5104266990141,368.6989364143685,419.88005540024454,321.35767904020497,398.3794681911786,365.35839388141517,340.35600766554563,354.9640675715759
1610555617.52Ijr5puT55g9apK8auM7zaxa3NANg502t,272.7978852677326,376.5708735732958,259.6445828502692,314.6565773071803,221.86753283181775,306.4749070047547,0.0,264.26156790635855,259.0259051302259,406.956825504278,331.7535899282076,363.6373836142893,505.5218609816984,208.7134837156268,366.7158945556987,351.2204818489507,345.1804672227717,357.79380774452324,270.2305821845642,376.1371281956632,363.8086651566502,327.8477852082067,279.8857634354037,263.1304712350094,316.6031643385114,306.4619826065422,285.86902946021655,359.4745875938584,360.80758769172627,193.32817354554706,376.0573163226249,272.93880403763876,497.19467667252053,415.9200790821082,371.42874852938115,330.50641213781574,402.67686804579114,404.1512183507132,351.1554907387602,391.0547996568599,380.04017514154134,342.1275460926342,373.7781474085584,350.9511840971203,364.84280964091437,375.2737604229337,401.4063413776728,325.149555749075,374.284526064839,349.34369043976506,331.5546983488469,292.41279670949905,397.45987898991206,375.0778336309513,356.1712164812648,307.52261152438825,289.033815775492,363.02852671253055,321.6987664552704,256.9671476752962,359.6728489874806,376.1865694228006,382.7633551770925,331.2618954413286,359.1221340084975,363.18832454646594,346.60168404549097,360.7086268173211
1610555638.77ZLjTLkz4jYJdFMI2wWBztzsDILkoOtAk,167.3548679510045,395.55475104027215,132.68996370097884,335.7486722408548,256.9762059918056,311.8804900810646,264.26156790635855,0.0,221.31831072489464,384.2036973207016,365.40656114941737,373.92901738626387,482.11674441979795,188.35249183865568,385.97619314020886,333.20993464741235,377.6143137856323,389.70844879539214,270.72712128874366,336.08399429135864,375.4503299496012,364.581113628044,283.7421369784557,95.6395339969318,331.12151165354106,322.9243152195815,266.51432367756456,364.3927215694708,374.845687296215,259.7220264725771,363.8182694377316,305.7896922817464,469.3940842363207,400.79935288610534,374.42424208740607,345.27906500636055,396.78905497466576,397.723121474892,372.58120818033905,387.66110434984967,378.44872632344345,361.4221338561358,376.91827947903596,348.7454892921956,389.5189783351076,396.9568345919037,378.47316450220245,306.43110616950963,362.95569925963025,349.8873684400717,320.60041591167527,294.11935249712985,387.24001284542135,403.4929204821407,335.96228771204784,319.22592074485067,309.8512497717129,347.01629529173164,307.86684926746983,309.5639742157642,387.2456414559875,397.97334800545957,378.6729352431832,363.9842602968317,350.6193553610587,386.76200724005486,338.1303789435202,389.33238556233533
1610556912.46C7tJPLF0XfNnm8f1820X9aLmXMHoc0Dw,206.0649673944156,402.8019326500205,220.42965601483402,342.9969840328972,214.49958608737836,287.70391239942006,259.0259051302259,221.31831072489464,0.0,392.79622223105474,359.0323261661118,361.1074588103764,494.2977361897888,220.53705414695722,374.11758616258516,329.1890337701494,369.6677469282998,388.61821071803394,231.05300076817872,329.55721283940653,356.70659647595994,354.44478440360587,269.4336697364841,223.057468163379,326.9397498431171,294.0654003854423,245.80729134924127,351.3429889162135,376.0074580191965,268.00482407263524,358.92215333307536,287.8427923107978,476.99892220282754,396.23094157727957,364.7167638699666,332.4211457328851,387.3048247003785,401.9980958702638,378.3303047254961,388.33573309917443,376.07761738524033,349.2892704128885,362.7719422708649,343.23150544650133,384.921001142352,392.8766694357051,359.86708452632547,305.23905649073276,365.5908411408917,328.5773113529976,307.97407660387825,281.9049881611682,380.86991639464554,400.4681793923675,340.2280466672257,300.06176876295626,302.46593613332226,343.97321487711525,300.10688270245964,301.69764421275863,375.65043524664367,392.7879172016044,378.1370539349991,351.7291489157196,349.97367227427947,378.7373774932355,328.67776595164435,379.5906742639053
1610555617.51LjzIROg0aeCP2GhDcAVQ0LipKJB9jmKc,377.17119895508347,403.2927989190358,377.86194425791865,425.56428825968203,386.65312178445765,434.52655592974384,406.956825504278,384.2036973207016,392.79622223105474,0.0,457.5524922829712,456.31542092231336,354.61701554766756,395.7881822747869,472.67740150066805,401.9550797607092,469.3019563264093,444.72995726726356,428.9685519978901,403.14238489552264,461.32193235961773,473.42163082318405,381.4387228132021,383.99833844649913,403.8197742091928,442.50638621037507,372.1498286637887,460.9230811790589,422.9754489668029,385.62453119538435,405.46675683322917,435.8950063692267,286.6760347379805,432.65460346443143,436.1261009895975,439.34379918201495,442.28671343054486,395.43489927994574,393.0046380043467,440.08357594202363,438.0855434442224,466.2747613592256,443.0446274044317,447.4821694648169,466.17931567506105,449.99553900371757,434.9417386243517,388.97880028113764,215.1138048669592,436.3365171082569,419.0362964415698,408.72892306317055,410.71581520185265,482.0497370644404,404.5787858793793,412.7350677320736,421.5524180185264,423.0079761308645,415.53398769676835,426.2863204053817,471.6948180780786,467.1311657754913,383.230618998872,463.0807932932252,319.3734521201473,478.80171660328244,434.11248033654243,472.55751347999995
1610555608.17OpjjHobqRkX0UPcaXrbu7K6L3805SZri,370.43334398672243,334.60824952154724,369.63175438009443,247.35715472315692,339.5005568778293,336.00137178728136,331.7535899282076,365.40656114941737,359.0323261661118,457.5524922829712,0.0,304.6959512008443,527.2568047673471,349.2120086744618,298.0865525449167,313.1351827005619,164.06503976230667,299.73485618106184,317.45221469389446,363.3527982241552,296.70777800631987,251.96578823891957,342.9665670075678,367.799875555492,317.9975453633983,337.6121677447926,358.7714069336025,303.6172646551281,345.00229622290743,320.5860197150263,390.3180334273554,326.4820631356616,518.4201552929968,410.47039962024553,321.6652178376195,268.1409612200331,359.58766176319176,409.0737526895477,333.8520266375342,409.17243356243904,332.65367363046676,225.38891791650605,338.09116926728825,338.04613241565,287.63960320790557,274.22171811618637,430.3211282434362,352.3299140754583,440.1487911732063,330.0069244053268,321.71270914717314,340.5263358402679,404.3813311764963,315.92065278788033,359.67294942233957,329.1320705827747,282.2806121374615,327.4337606595975,338.16589070975255,291.8717291897513,297.07122014852587,268.0334539695113,389.5045569271712,266.71498446272534,391.10761151070784,277.4324306960412,331.84776107267413,306.7676248443258
1610555721.82zWeNZfGUUfRJkgnAwlP8VMhPzXctnSd4,377.59620621914274,378.44638468980753,378.80190627508887,310.3130429266145,361.29769999002605,347.99834766629436,363.6373836142893,373.92901738626387,361.1074588103764,456.31542092231336,304.6959512008443,0.0,540.040846334598,359.9441788954513,349.8909181772067,279.17161413498394,320.8966005769486,327.90577556069013,352.3090962680305,316.52057861473264,167.57022019970984,257.89065464351074,363.3492210747372,375.57546070951867,337.75630470883107,355.7689947729375,363.2583348636061,235.2051861425618,354.630965552619,365.17107626933847,397.2240361506271,372.0809347382177,504.715946972653,367.8932068289904,263.2695036650963,253.44764299360307,329.98936150345014,386.54064870629605,352.99240218769376,407.36112083297786,329.2785835328578,258.5244468952096,353.5166939302279,310.44529401169825,337.3919785560094,351.8493498073181,385.9813052481706,341.5605171796761,424.5524090830623,334.83150680934176,218.3904619867176,331.5365442281741,406.4390934980907,343.2979473627643,327.95851079681796,348.0458686615356,329.1017655415,261.66795178977617,268.00527303517595,342.28353169780746,332.47387523808055,343.80773566767203,366.9175710883471,323.92467793833913,369.764873015495,332.8753564384706,335.1041231564915,334.42622859223934
1610555735.75bom85BDF0C7W2eIseHeMxi24qR68nzMi,471.66178756965917,421.1114359952599,473.8293675987923,493.9352364338849,499.24526969045473,517.0010285242702,505.5218609816984,482.11674441979795,494.2977361897888,354.61701554766756,527.2568047673471,540.040846334598,0.0,493.4182154556054,520.2049913406163,491.77425020048724,536.8489800372979,478.65398423980315,519.6428459441292,478.9227405781917,547.2982542236598,539.9114792441511,488.2674772999103,480.66756090106026,517.0316125488355,526.7189440771429,487.4286978028012,530.7816126131505,469.0028459269054,487.1702361946975,460.40223092434707,535.137882808943,220.2886901009856,458.01516593297737,513.075490723035,532.1774225418062,510.25044933882947,430.1791112566221,466.4223969828965,519.7960923090336,501.68562587918046,534.0564260081735,526.9673233103871,486.324671529248,504.27964257128605,487.3956519744934,499.6195137136757,505.60412999791384,417.5579793260468,528.2727773253014,500.0248353626476,523.8574281706826,484.67904101168585,511.8566210066999,480.5929045217215,518.6215219236409,528.0548075330759,506.7365638658945,488.19989571272663,525.156212948149,529.089006497544,526.9552269750243,455.6199917554944,535.4802139061459,451.73902398583516,526.2918694824558,519.8356377514214,530.8128344253281
1610555735.77NnT5xqKnwcf2BbjIekeb2arTQj6QMNwk,232.54487342280277,392.5196977099493,211.7062935766691,330.16620664560384,239.78334808406495,297.9485907237576,208.7134837156268,188.35249183865568,220.53705414695722,395.7881822747869,349.2120086744618,359.9441788954513,493.4182154556054,0.0,372.3630033864332,334.6237876605998,360.6505570235749,375.61146724964516,260.32989886897997,346.17737607262717,359.70030298008214,344.86743449557576,280.06549105073566,198.02325068350316,320.66771525678337,302.34179605408787,276.4366151169016,353.2576512859527,370.1379916408066,239.46291636070345,366.24311622491075,297.1252162663505,480.4446354024114,404.28652197622256,369.95685619152636,331.1522716496586,394.5561815844075,402.5191807402009,367.95505099279666,387.5207424302107,375.5895565824834,346.6180209019656,368.76165883359846,346.55685679727105,376.45467122889835,383.9035809801448,376.8853193010999,313.5924606457629,371.7753204196448,344.7637470955346,310.76387986100093,286.96589302354636,384.4845084423356,395.45502535387925,341.66484568647314,310.75900234304135,296.7205146657047,341.64296719011173,303.8564876182134,284.42855095966115,371.47596701378114,385.49750316507703,383.77742911177694,345.1777223781111,357.3652150459652,373.11704493051286,341.96510371720433,373.13020722005393
1610555638.33wjf1PhdNaoWfbRzXVn50hmFyB5bYAiLV,389.72074373254014,371.456243025087,389.7558918050254,323.94573737462525,366.37080904633945,380.68281262984914,366.7158945556987,385.97619314020886,374.11758616258516,472.67740150066805,298.0865525449167,349.8909181772067,520.2049913406163,372.3630033864332,0.0,350.84492602481134,318.50798714775584,349.40927760586425,357.76014062777546,384.086598628973,347.4345205372374,312.95241915742224,363.06268947409734,387.12877721426725,372.177761866081,385.7661707800892,375.9181253885753,368.67233188103603,311.18447854531524,363.9160814997529,351.6056484377762,365.37313635798535,505.19653637800894,428.4113344520591,321.95932458089607,314.51020246543766,329.48667154493273,431.74446138123426,393.86193024784944,404.97842920130824,280.2471433109645,321.6478039405389,279.52259607522967,383.4445851505019,314.660376242558,345.65494773542343,411.79476729901324,381.4019520837147,471.8878764144726,359.29155429403625,359.1230695219464,336.42054186785253,467.61870250666925,338.5628615391504,345.9502828687998,353.27296559083396,330.8737175986278,363.8920420803476,377.5748317539386,341.7953247118595,373.6159619878409,301.63083369808226,404.8322660226612,347.5732628787897,425.75700880711895,312.87583375614184,369.423398622565,380.2296138862282
1610555606.65jCE4ig8Pu8kvAzkxnSGfWsV0nQBjCf8H,336.705097455991,367.634692343332,334.3616971195795,314.23227069552354,328.5343741674534,337.81053698879083,351.2204818489507,333.20993464741235,329.1890337701494,401.9550797607092,313.1351827005619,279.17161413498394,491.77425020048724,334.6237876605998,350.84492602481134,0.0,328.408082166559,374.90624389621627,332.2152452172546,244.2300587502086,278.7644495087904,328.94806045434706,318.2824269416723,334.6703723963279,335.44535330399816,346.3908280529293,315.79401705813063,277.87461431054817,342.40625130192444,337.12273393490784,326.56822004587053,358.691095877016,450.5302991339573,297.60489283336057,221.31224054138175,247.9890233570122,286.7244297329667,313.51430050984595,354.92698362453353,391.4129333317745,308.6047928985326,304.62560758688966,341.65364259781984,325.9903263056035,332.1953402402951,374.0991790610425,350.5546060232207,304.4795301080459,372.78212319748354,323.07270787532497,249.32919278736543,317.3002370667551,367.03456992553674,360.66142539932764,258.2909418672074,331.5849532592223,324.28459223651646,234.48044792741345,268.0192879592244,347.22478578729744,344.9022711021931,359.6606804685815,309.9973463003157,338.6511011459425,321.95152741180755,345.8508098587921,311.85851475233886,347.149712019649
1610555608.18ONsBCVo1i7BrX0XG9stct4oiA6ejX9Oz,381.1186396845805,353.5041443983274,382.8308215387409,283.8493971791613,352.91889219546806,350.5152176989511,345.1804672227717,377.6143137856323,369.6677469282998,469.3019563264093,164.06503976230667,320.8966005769486,536.8489800372979,360.6505570235749,318.50798714775584,328.408082166559,0.0,315.61517118691563,333.67923217359674,376.8930513886033,304.2951835977469,265.88689666968776,356.2267129749005,380.42688544330287,326.83591424220316,342.01329575194165,370.01383345936813,318.54870478655494,361.1324198380243,338.1791708750547,404.7486985190846,341.4095480395464,528.8088194947969,422.7283608594939,337.9582783344029,280.0193511671828,376.9134372084927,419.84762945986597,344.02479898747185,422.65203150955165,354.9592357694911,234.9664798461114,359.4640646758665,350.6244255930708,297.5258685075698,293.5611458252756,437.28321112985816,364.70632522143137,449.9050555739964,342.1092144768522,336.61685377606756,351.4046680447141,414.1786399576939,321.38359220669287,374.9701158097054,341.809420173595,297.99837714282967,343.65406266661313,351.4647107227138,307.4473885691385,300.3524024446503,274.0839486825269,403.83413367625235,261.0010498401588,404.006894496131,275.33703843247713,345.9028887155405,314.8273925331388
1610555721.51RNoQUMP19FTMS79BmA3JkgSm2IC2AQuQ,390.70209470699325,210.78085934053297,388.4448744712307,285.9475704795022,374.57831104062353,377.9986030805266,357.79380774452324,389.70844879539214,388.61821071803394,444.72995726726356,299.73485618106184,327.90577556069013,478.65398423980315,375.61146724964516,349.40927760586425,374.90624389621627,315.61517118691563,0.0,373.87126669859083,404.1387201764,348.35276642598336,303.2404925482369,374.0211763912593,388.7045137676463,374.91173079800313,381.71622418382685,389.7145348539463,339.7774190466089,352.1885986637534,346.7383712764539,421.4307257980588,387.2200435911311,475.99719182365646,390.61266091243544,383.9929562351484,348.6091979156681,420.2896553695266,376.3339273524095,308.8446328546711,464.5503519831458,365.0841240870136,302.8477104783908,401.59612687976596,293.9224223839127,270.462672404709,214.54601519076022,430.1835330515541,399.4896946503241,431.2799623661853,387.9834539285569,344.65512489971314,387.25967505597794,411.23246800779043,303.0458973291145,394.7312991501163,386.2950185040753,353.48509210642527,381.8016594782636,345.5130779600359,346.8292837848377,296.81184676745335,302.5777188166205,403.0456383851399,306.7955527943471,409.8733062851608,340.0746060247488,388.76607070007066,306.0071731573733
1610555971.86O0cHB2ibBJ8jxoObg01EpGe8VVV5mpwn,268.42638129927775,393.2862726956667,271.5291234842029,326.55201821840586,275.9256883767692,193.99067267820388,270.2305821845642,270.72712128874366,231.05300076817872,428.9685519978901,317.45221469389446,352.3090962680305,519.6428459441292,260.32989886897997,357.76014062777546,332.2152452172546,333.67923217359674,373.87126669859083,0.0,347.9914090413819,347.12423156809706,312.3057095249238,297.4195818882563,271.01296151600593,311.79238671210425,226.24736085631739,289.1905364018625,330.5883870763403,388.686878516436,255.26669781459947,392.26133322385834,252.24132629408365,513.3185140878371,401.89191098002743,360.57130457534424,321.12295675550155,394.5610878966855,425.3446745099318,372.34959155988554,371.9361275899728,386.6521286465672,318.0108499325631,364.56512957164074,334.2449490165985,352.49650320420824,365.19460603102533,362.05345943085206,299.7639335479393,400.3153777093307,325.4534252330146,310.28383319770154,273.8420408526036,374.7718166445676,377.49915498049444,364.83911090643164,296.77443192732824,290.28549307527607,338.81917463491953,304.985883202386,246.04877110649565,342.826452649142,361.85661036327616,401.44983812502574,311.92544510842595,380.1723773226191,346.81907676712325,315.6979309428278,346.0911346982599
1610556911.51zU3duZSGpcw1BDNsBLxdOCITAXwl6z3i,333.2565125811513,396.59736081359785,336.5070251684794,350.54855691750583,338.9300217353677,348.9363869090668,376.1371281956632,336.08399429135864,329.55721283940653,403.14238489552264,363.3527982241552,316.52057861473264,478.9227405781917,346.17737607262717,384.086598628973,244.2300587502086,376.8930513886033,404.1387201764,347.9914090413819,0.0,314.5444249509558,363.8152013751905,331.7076770783039,337.70106715693544,361.8123122086513,358.26618595424134,316.9728390137962,317.57731338060046,376.9436921619638,362.37723551829566,347.10166360896136,373.05886444458883,436.6950913484865,321.47758063338887,291.11035268070776,307.6458500042637,305.9766987119013,355.5044228369838,390.22402977880853,415.13453291352033,340.5641836573586,344.5400387803478,369.2579299188945,346.4814784691079,367.14100123098626,401.25252612262784,360.2159251936351,315.27213846335434,380.36058140013176,341.45973101240907,280.13956508409194,338.60361149252896,395.8850230550062,402.067085397483,277.46037937479036,351.063846916683,350.2788917247485,269.6694921116964,289.3400039238612,375.2090360308026,388.9984593766254,393.8723153684928,317.73185026012857,375.44136473699155,328.75872019622255,390.70509643233146,322.7356949640738,392.67771096334786
1610555988.71dMoYT8250UHHJGxgmITTmbHe7V6gH1yU,380.3545015342867,392.07166823552524,380.77177729083655,318.3832951765752,358.55930135390076,340.43183132754524,363.8086651566502,375.4503299496012,356.70659647595994,461.32193235961773,296.70777800631987,167.57022019970984,547.2982542236598,359.70030298008214,347.4345205372374,278.7644495087904,304.2951835977469,348.35276642598336,347.12423156809706,314.5444249509558,0.0,267.736022032904,360.9316278800965,377.5156526851581,335.1003967849401,341.70256221971607,361.0253205969362,237.07931983830966,367.8659042826377,367.0640806817518,397.7940913420003,370.5439995141877,511.9556192723293,374.8456459912234,257.0087447241539,249.16985635446446,328.0572474588964,394.88470176947345,356.9409887795731,412.99871571166653,330.57470465676636,250.71729218501122,352.0115212844115,321.31348466933485,333.75112495134255,345.7041997381747,380.8709469966134,342.85969589592946,429.1934780803802,334.9191019760858,238.08496209961675,331.7697418832214,404.7456370605964,347.38462690119565,328.5465056704358,346.0605310130814,324.32338655354215,238.9597594872404,280.0001693759858,344.7487229953658,323.22071004364875,344.17737927067265,375.81495170396767,314.4653170545343,376.41612118282876,330.04950551621675,334.31725865852644,327.8700311916551
1610556042.81mlUZsSp7gbGjrp8jQSnybT1gPy6e62o1,370.92642844941224,350.13220034568303,370.1646970947061,290.555599299844,340.56769484053586,333.962834921573,327.8477852082067,364.581113628044,354.44478440360587,473.42163082318405,251.96578823891957,257.89065464351074,539.9114792441511,344.86743449557576,312.95241915742224,328.94806045434706,265.88689666968776,303.2404925482369,312.3057095249238,363.8152013751905,267.736022032904,0.0,344.8846063095848,366.9046678987786,324.8136750007518,337.93517109476113,362.83465365831466,276.7495994638105,364.1833561438804,314.9772608421659,413.7663034098919,318.8283119286287,530.635611711588,407.4526669289963,332.2341272409874,272.234008277029,384.04371339591273,410.02149755746643,332.33756643229714,420.91124872740556,361.5851736663427,215.20602979257927,362.9738039081142,331.9655173601382,289.69073259138514,304.80420479162825,421.91730521139857,361.76837965405116,437.3583939669288,323.9035728907732,301.8080492070476,334.9942074277906,404.0507921144438,308.41809820988186,374.0919619947678,333.344423614401,297.23011213648516,316.92262883209435,323.24353043377863,271.905452286276,264.17297415198095,284.4942920085549,389.20199313400445,239.79112935626603,387.47937110192333,262.039629003179,331.08727056484105,272.9936739010172
1610555637.02UBW5nKvDyUrKnaWcYRGajZPxTRDS0q3N,286.2904316058211,362.5274705802159,283.6755083397346,339.74700590116447,209.38636086736315,302.8259009654091,279.8857634354037,283.7421369784557,269.4336697364841,381.4387228132021,342.9665670075678,363.3492210747372,488.2674772999103,280.06549105073566,363.06268947409734,318.2824269416723,356.2267129749005,374.0211763912593,297.4195818882563,331.7076770783039,360.9316278800965,344.8846063095848,0.0,285.25380421670553,286.43126031999947,312.6191874533831,214.96498911615126,365.6911744486099,359.46143787973176,242.99364128007946,317.2605236675436,262.57455689492946,461.7981969606292,391.1236132231616,355.1468021045016,327.6395144647377,370.91135680891347,368.6293905360602,351.4556081080738,379.6142479275287,343.92513100771765,349.86811969410604,353.59234998254163,369.465846696066,352.83500934110407,371.21302066634695,351.72650617737503,303.162541930885,345.3491245185962,314.7754638538128,333.5619663826739,268.82905416983357,394.5253769930589,375.6987931723903,319.16914197311445,202.77427500663228,296.8170659711188,338.8412145541679,329.53152952012715,277.00233107903,370.7851267711218,377.6503929491483,350.46698813523994,343.3098082726356,329.863824651771,357.44916147455604,330.2760904036911,376.91878200180906
1610555619.13oUYNikU4facCTpUSiSLr0vPI0tJLnXiT,156.39821535808312,394.7439132871126,111.89909096796633,335.20206227016433,258.3590071767236,313.1630085302605,263.1304712350094,95.6395339969318,223.057468163379,383.99833844649913,367.799875555492,375.57546070951867,480.66756090106026,198.02325068350316,387.12877721426725,334.6703723963279,380.42688544330287,388.7045137676463,271.01296151600593,337.70106715693544,377.5156526851581,366.9046678987786,285.25380421670553,0.0,333.7409977089431,325.60630795033615,267.2925123867173,366.631070268713,373.56870982792543,258.4337910984775,365.19265687864305,305.82589039551783,468.0298309998182,398.4618718910706,374.32053256861127,347.28401633993633,397.37924587760494,396.66335527022693,372.9148662892859,389.9518069996274,380.0279708364003,363.9300654790479,377.53139576599534,346.2813628254231,390.820586140002,398.5538588399977,379.8314166569584,307.35485467047255,362.0525537434453,350.7636844877066,322.0559572216107,295.6847221362163,388.0627563495698,402.6557747138195,337.8365341254127,320.7791468670804,310.71562391837114,348.3189217831527,309.61459540883686,310.78880155799953,389.6404849074764,400.0879564187752,377.43247049450196,366.8460117628439,349.9322156628788,389.10208177702003,339.09059000318223,391.07637754610124
1610555721.03nzkucfjAUh31zTbmCVvTVYqtjoxZFnBh,334.71964706636743,378.9302165061092,335.5577793285812,353.75797005019956,306.8223843531041,318.4466692556005,316.6031643385114,331.12151165354106,326.9397498431171,403.8197742091928,317.9975453633983,337.75630470883107,517.0316125488355,320.66771525678337,372.177761866081,335.44535330399816,326.83591424220316,374.91173079800313,311.79238671210425,361.8123122086513,335.1003967849401,324.8136750007518,286.43126031999947,333.7409977089431,0.0,328.0395841691766,321.112751829085,336.8157706113277,398.03549761908494,296.6645570805212,389.3784442919745,288.0711341644054,491.8914740911058,408.77018228424646,354.6024056007322,312.3383520570268,387.44565700605995,397.4376207230955,316.8470553618595,370.97503823205744,387.5626140146965,319.0426126839722,355.4006223548976,380.4783278847008,355.23959996416755,337.6213549755196,387.0304493520173,283.0308351112243,368.91002125819426,327.6801046737013,330.5223999025939,297.7824332213233,368.81218252197715,377.4444082889239,369.45029841472166,249.17598839554762,252.76724651353592,340.8499556813316,329.4675857834243,249.58717224278408,334.8347708456974,358.1861294400115,387.3584186351885,312.0022251584473,353.89281636759273,335.820809353188,319.69713425988886,341.47384741457205
1610555722.67fhKURdXVzRbLIjXmjRwdJHTnE7PWb1AE,326.1441840614913,404.91138914807595,328.2695464573172,363.6156479183194,319.24582676343755,145.7726890344808,306.4619826065422,322.9243152195815,294.0654003854423,442.50638621037507,337.6121677447926,355.7689947729375,526.7189440771429,302.34179605408787,385.7661707800892,346.3908280529293,342.01329575194165,381.71622418382685,226.24736085631739,358.26618595424134,341.70256221971607,337.93517109476113,312.6191874533831,325.60630795033615,328.0395841691766,0.0,331.65760454809407,337.66388709245916,412.03203330744856,304.0941657259763,421.0270014849088,294.2274084888838,520.494810260672,400.7764028895218,369.6435027695019,341.8333563272915,406.05178571452217,435.0502099131731,378.8447397762212,402.91684858210584,411.1620820875475,331.51407012194005,396.92546889933215,337.2951679379647,360.23434596387284,366.3859521122648,352.96622967442454,319.5059160428797,414.3846302392393,349.7944412045477,319.30303283175704,320.0661043728172,381.35115922205654,384.0881977650881,380.64680396819847,305.57949801604263,319.1941063614131,342.1927743543827,319.086890922252,275.951256835654,348.3343164331255,370.1104273383001,425.3652343501602,316.8130909608472,404.63496220668816,366.745415775634,347.91462348476,356.3465900851155
1610555638.39J2ZWBLuLTHP0jOlzB4tNHmYeijH5g5YJ,256.83059517104056,385.2924454378446,261.6343600702437,330.6447109781486,217.60377245921958,320.774065392998,285.86902946021655,266.51432367756456,245.80729134924127,372.1498286637887,358.7714069336025,363.2583348636061,487.4286978028012,276.4366151169016,375.9181253885753,315.79401705813063,370.01383345936813,389.7145348539463,289.1905364018625,316.9728390137962,361.0253205969362,362.83465365831466,214.96498911615126,267.2925123867173,321.112751829085,331.65760454809407,0.0,369.0922219843973,375.77540781829566,270.83454677490414,314.3924747599703,293.1898330114136,462.3011898411128,391.61253074986337,352.8799956978201,329.3650312072662,360.2150189451793,381.37168070762885,371.8060270480532,372.37403696644327,341.43255134818327,360.5674438540708,351.08630182127905,375.2693992859208,377.8066445898155,395.3890674627637,358.18098756811247,290.6706297690668,338.8450375726358,292.837697435347,328.0674731924958,262.222051377331,395.60500805722245,400.0753157869757,306.95471830059216,283.6943431013019,315.0171635056475,338.38174512334143,318.9282469082135,309.64613664910723,385.008452044153,390.8829072722928,346.7032396037723,361.40663647185437,321.0506858925731,380.8143205256999,295.2805668682754,389.56605310563305
1610556032.17Q6yCDx9g7alRnL9jBFXD2JhhUyB2hKfJ,370.15545526956754,372.0199107882404,368.3850947954949,312.68126089484684,363.9366803397864,330.0623973614785,359.4745875938584,364.3927215694708,351.3429889162135,460.9230811790589,303.6172646551281,235.2051861425618,530.7816126131505,353.2576512859527,368.67233188103603,277.87461431054817,318.54870478655494,339.7774190466089,330.5883870763403,317.57731338060046,237.07931983830966,276.7495994638105,365.6911744486099,366.631070268713,336.8157706113277,337.66388709245916,369.0922219843973,0.0,372.8931334159812,358.06993218364624,407.2198663329367,366.48373380378007,502.08879613786644,338.59764057945785,298.1362278717875,273.11916734585367,352.52476534047065,381.0737704285302,355.74850576736424,411.29459843823804,359.48985953513414,250.21469201306002,365.84539416441385,279.8977313432324,334.6380295360897,337.2087685453951,375.27957827124146,344.70950491824465,429.2297328562714,337.6854157010504,239.45845525111574,344.0208566190839,371.4362849326733,343.98320242649544,344.3179705728777,351.46064815215595,321.04590075048077,251.59064096064807,252.28499895794437,339.7465234270879,305.5301899103466,344.5200585047543,376.5712723854797,312.6771067663882,378.4170890715439,328.8690037354523,335.99309728805594,303.4834359104684
