,1610555604.25mOvVXuL01OCiReyVWBfesjuvXmB3MoPy,1610555605.43B6oDsBtWRQ29Q9UMQuTUEPZy3FSSWXzc,1610555610.92HPGJJSmyPM40z7otPBgHalNrHFA7zk5d,1610555606.68LaSQbm9EHAFycEfFtEqAwYqlBsQPjIRW,1610555617.19EKxMEwDHfXiEJZc27TsGoERaD6Da4BZU,1610555722.52PJ3FD50MGhRXyUD28vluU8Z9UjLJLZn4,1610555617.52Ijr5puT55g9apK8auM7zaxa3NANg502t,1610555638.77ZLjTLkz4jYJdFMI2wWBztzsDILkoOtAk,1610556912.46C7tJPLF0XfNnm8f1820X9aLmXMHoc0Dw,1610555617.51LjzIROg0aeCP2GhDcAVQ0LipKJB9jmKc,1610555608.17OpjjHobqRkX0UPcaXrbu7K6L3805SZri,1610555721.82zWeNZfGUUfRJkgnAwlP8VMhPzXctnSd4,1610555735.75bom85BDF0C7W2eIseHeMxi24qR68nzMi,1610555735.77NnT5xqKnwcf2BbjIekeb2arTQj6QMNwk,1610555638.33wjf1PhdNaoWfbRzXVn50hmFyB5bYAiLV,1610555606.65jCE4ig8Pu8kvAzkxnSGfWsV0nQBjCf8H,1610555608.18ONsBCVo1i7BrX0XG9stct4oiA6ejX9Oz,1610555721.51RNoQUMP19FTMS79BmA3JkgSm2IC2AQuQ,1610555971.86O0cHB2ibBJ8jxoObg01EpGe8VVV5mpwn,1610556911.51zU3duZSGpcw1BDNsBLxdOCITAXwl6z3i,1610555988.71dMoYT8250UHHJGxgmITTmbHe7V6gH1yU,1610556042.81mlUZsSp7gbGjrp8jQSnybT1gPy6e62o1,1610555637.02UBW5nKvDyUrKnaWcYRGajZPxTRDS0q3N,1610555619.13oUYNikU4facCTpUSiSLr0vPI0tJLnXiT,1610555721.03nzkucfjAUh31zTbmCVvTVYqtjoxZFnBh,1610555722.67fhKURdXVzRbLIjXmjRwdJHTnE7PWb1AE,1610555638.39J2ZWBLuLTHP0jOlzB4tNHmYeijH5g5YJ,1610556032.17Q6yCDx9g7alRnL9jBFXD2JhhUyB2hKfJ,1610557007.49MyVgDnuUuBxrvL6SGOdhKf69VYlW1MSm,1610555638.44hjT5hbYdKoE3MB6hijrjqbjmLgvCUYKD,1610555608.13zUvmFSCRt6SsLbhqFznMEvGx54GPGQzM,1610556038.62a5C4ynd1AARyAhTv8a58NCqHvXRjscqH,1610555644.45Xse8u7pusHNsd7F3d0A32HXvXr6weOJE,1610556038.62gKXOCG7XCn55eJvyl5voNjbwOW0znQDq,1610555987.13v0oleKK97pkesp6oMgprH8SoSdoDVdIO,1610556964.96ZLLeiQW0qpmxhPGTg7K03fmzkqsC2bjC,1610555987.13VQlEedQ50VvkPMEMzZDv3KNnQCewykN9,1610555982.186TY6MMGkDecIN1woW6vsfAMXVV7jnyjO,1610555982.673LuMndkwkvdmZOn0MmE2Pkidx0FtNalb,1610555733.38zItcuH7gHNfKdALR2d9Nek6bxCyw36Vm,1610556034.15BQxSbZINGCay0yp6RBVlgcPrw76Yn9ON,1610555639.37BPZpgtGml8qUsh9AdV4m32jPLfI2aNFq,1610556965.57S0adAalhWYe6K3bkZU0bRHbqnDK8gGkR,1610555983.54zteLPCMjyrjzPdhHhlZr3faCgD0TfYr3,1610555987.79rHnNRmt9a0ufmnwCvZqBouyUoZDNpylW,1610556960.041xWER61rmArlsKfiMl4frikWmUCnQ7op,1610556035.13a7NHZDutfTMJ88qle1gTYY59Dr4WmMsj,1610556890.456ZBDaY16bMtrTZTqAgHl3wq1tRxzqDow,1610555760.24e6890pkbyZ97Or6croI1rQgjkSsR0yVt,1610556043.02YpWMIJg3W004iqlPyv8OcVAZdSC5rNYw,1610555987.03z05P26TLtONYM1HSzupoc2CeNMa6HTqr,1610556032.15OYCzUxpsz7b10AXBAuDXrvEcvxFhf0M7,1610556032.63Z80yI9pNwS3jSmsDABbuhf8wkNa2Ze9y,1610555736.28eGuESasTXdR3SqY6pHhEXWZtcdciYLCO,1610556034.61bebeZA0MkaFG2sm3VKiqrxeqQginTTW0,1610556944.5XwXOphKYT3ZkWA8gViqOS97VHVuMVUqb,1610556944.745UVLFBzf7fPh4UH37I6tYQOFPqRDytEh,1610556034.63XsUwaFaPZevO1JNFjfhvY4aKNFnV4noV,1610556964.89xwBHw9faT1HjQRMNQEyA4qJ3hWkwgj3k,1610556966.74DydzH91jtyvRyYau47JpVkZoMRSNTt01,1610555740.77UueVziDbaXyRR4OcVJIIZyzOfAzN51bj,1610556046.84e3vwjyRCzqz0wJQhrk8zsxlFfFSv98Df,1610556137.99eoPuVrDThKAOvmeprLPb2FWRqIhzUodc,1610555740.73XFwSrmTXJPlaxGZSefh0jOVA8PI3III1,1610556123.88AOfNaz9jSnqU5Czc7okOv1RCrYfKFBTo,1610556046.85nB7NvyoYQeLcOV391Lmmut1wAM8CFGLw,1610556123.89H4pdIAzDthI7bMXMhlIhKUYIQIvtmPPQ,1610555740.87GOYQUJKpkynIS2lFqppYK4b32ol7NeGh
1610555604.25mOvVXuL01OCiReyVWBfesjuvXmB3MoPy,0.0,177.14820645440875,51.3521079623822,159.3556354642456,129.32256973134074,150.51916522821358,121.71472911809906,64.08451164451915,112.43621289219391,158.58980480023,190.19421441246539,163.71519522247294,196.01043217626406,110.20945055237938,178.40415175668443,146.47614390551857,203.12067604891695,185.90984413543674,137.48922834475903,137.7389632367917,176.0129633895421,193.17024648560138,140.1054504473923,59.12400718527231,156.95668215462644,156.8382214298854,127.33672780875276,168.762755896605,170.48410489830513,132.67854027852957,149.32205086591534,150.0444349090603,184.33293864506157,163.13121717333667,160.29122306457657,164.58608787896918,160.46967775034912,162.8040850488566,171.2351566542364,167.38232243648204,162.66436612419682,192.33292519297095,168.4052467786884,153.21815125106696,183.6926448567209,190.68413154586636,162.21520084056598,143.73472645606859,150.9263577130668,170.13195813090226,140.49161637978327,136.62278074207364,172.10865789779072,194.34231208073686,138.13606164797602,155.69543731710797,156.09760193744484,153.83155490233568,137.1951889765606,155.8187342913501,194.1812029633799,205.06580071541018,157.39883035578896,193.038528132149,147.3433379732004,207.914628453071,163.0490452856677,191.06343675053367
1610555605.43B6oDsBtWRQ29Q9UMQuTUEPZy3FSSWXzc,177.14820645440875,0.0,175.85004809650061,162.9556690123602,181.62172936135624,182.60355389485642,177.62310725670756,177.2621616669872,182.72306122713553,179.18302874709045,183.38387733240663,182.41231468710336,186.65508638781756,182.1492844548798,192.54833248564367,177.9418777039125,190.2705022654177,100.78324912611433,182.1859226648057,175.6855303395119,194.00713929038326,188.10056112581987,172.3285322290423,176.14646360929038,179.72559547352515,191.10193757924733,181.4654554302469,183.66321350725545,175.06750571288273,165.18377289407545,182.68554347138303,181.90233913891439,186.2759679784213,170.62138354922826,182.41691686783784,195.33619171792498,186.6603404196775,166.61846349048895,158.62415165698135,202.97069616860477,174.28268682554324,190.26637556052455,197.13391159076414,171.19763491656857,138.20085539131773,103.85891598481562,192.20352930478347,185.83452200819832,170.5160994992624,203.50123818465724,176.5391530845588,185.80815607936324,195.5465244020946,189.7211751407365,170.78031620176617,187.70287757914681,183.1382896309118,174.74360556753044,173.6827069094605,178.85186882953866,190.42873511784856,195.29965011050703,172.7524038241124,192.56276668110408,171.62056056966136,202.5598246107814,198.88419269567856,192.89288762328061
1610555610.92HPGJJSmyPM40z7otPBgHalNrHFA7zk5d,51.3521079623822,175.85004809650061,0.0,157.50709323227719,126.72905515132389,148.9399185673548,117.65508675677896,68.19570591722207,111.4651046861222,157.05237931195688,189.31072253975054,165.72016176315978,194.81773330075805,105.47297411837084,178.91370619964516,145.01897625918866,202.22346472749038,187.17460872792464,137.641131617021,136.97739098042805,176.6856656123623,193.36329636094112,138.85916613527502,63.615416343489215,155.09501962688807,155.87831044535363,125.07181039207407,167.9885512771456,168.75908932565298,130.7949801126232,147.9473281978206,149.39998593433137,183.17235705182605,162.10752806650038,160.4369845473598,164.1020840563235,159.7997593877178,161.5833940480555,169.92735992537507,168.49163061207346,159.8450675813309,192.34363396546811,167.7548393629998,160.11501206471394,182.72424508479187,189.95623300724222,161.75148215799706,144.72990654709344,149.35730551284712,169.19662235726383,142.67595573060848,136.9594166672694,171.2839183604592,193.8944954877066,136.22055584848403,154.32711501091293,156.7738222550301,153.53653316871717,138.19531823140494,154.3542453374726,194.48234093771524,204.3599386796025,155.9946294092146,193.06541928670072,145.67873080532192,207.74422867967135,162.2113691534956,190.75853033899364
1610555606.68LaSQbm9EHAFycEfFtEqAwYqlBsQPjIRW,159.3556354642456,162.9556690123602,157.50709323227719,0.0,167.50475698346187,173.73347863627112,161.84147950128394,159.16489257612204,162.8324471673738,184.561985936453,168.48515515319613,162.733026457744,207.24134546198948,165.97094288883108,182.45540670871,161.2110639228727,186.6272498960384,171.077065917371,165.22287193073848,161.83735598338055,175.60897093508925,183.9783972890796,170.85771772979263,157.26070706043774,180.08864244499085,178.7916494324537,159.1112333099906,168.28661895058926,173.41334582756113,162.97125278561123,167.02970129749247,177.21349102898762,199.8015913643919,176.8848811612302,164.09285249985456,168.72688960673298,171.3157850077039,175.39896620626754,164.56909865759903,186.0058322543654,157.40855670284895,174.60799984626314,175.3089524951285,158.7762417678244,174.59383393071732,176.94145982250436,187.7590816871474,171.82281241991063,175.27195672055194,183.05570170482468,159.61649812991467,167.93685032507062,187.85601562702922,185.40823295335215,157.5566202246893,182.7851620935472,178.5874488332879,162.27992088415448,162.65129032277576,180.63501796149816,186.6253318588578,194.52916362633172,166.69490030222408,196.05406432897348,161.90687739532282,203.12046784085163,173.93710994135537,187.06856151917748
1610555617.19EKxMEwDHfXiEJZc27TsGoERaD6Da4BZU,129.32256973134074,181.62172936135624,126.72905515132389,167.50475698346187,0.0,162.48377057652013,116.86097904232021,128.60973300559687,126.01951906082363,167.83270683325733,188.00985277212942,174.0759931115375,205.32554276955318,132.48535453386938,183.8950518441439,151.71842334464554,198.77042944339718,189.00108475564517,151.41027329829342,148.95644310226632,181.43902961617107,188.85530870292968,125.62963489863607,128.18645784781867,156.02502027522434,163.26464495370735,124.41750646359756,176.70558021674285,178.1343229297393,129.9550599416005,152.18906786920152,139.76651411593576,192.46076743252652,172.13026439198202,167.91543488498493,170.04854979607418,167.14804663594887,169.13615452237684,175.31172146304334,180.5874939226361,165.80887903174474,197.23979132541075,172.20653402725117,176.59613176357894,184.75692011488204,192.3596290295497,165.9430922712772,156.81940213779797,156.9182345275605,167.19606592803572,157.88077336630852,143.95711966379307,180.68452933668553,196.1298776270407,145.63073675697964,147.5887442821652,159.4592039560826,163.56155733671164,155.18099514951396,155.85844133242497,192.0800710129938,204.43878264862576,163.06658554123,192.07836986693468,153.1596841113996,207.27976450215814,169.29593638232487,188.054272925555
1610555722.52PJ3FD50MGhRXyUD28vluU8Z9UjLJLZn4,150.51916522821358,182.60355389485642,148.9399185673548,173.73347863627112,162.48377057652013,0.0,156.86750086237072,148.3746164812085,148.62307078727298,185.94286528423874,190.38657929298793,177.88596957782087,211.19331300363402,151.75725685730126,190.6580750094741,169.27055219596284,200.80818719257738,189.61359681939527,100.62537478869143,163.578727974081,183.7985075515622,188.46959004327599,156.5427451091583,147.2471769450661,165.27831837825883,115.07171765618749,159.5188222143715,180.45551719783515,189.88309091011868,147.76875655423714,176.66215707493066,154.80565567056578,207.64208826297477,185.00980312463665,176.90083035311795,180.56245958621122,180.2264772607431,187.17890862102152,178.8810106582869,184.9957267139631,182.62158936492622,193.471124635694,187.91058031968353,174.43223807789536,188.33187688988843,184.4137240390574,163.67453114163033,158.17654140489145,179.6529929798796,182.91920902765483,161.61046412594519,152.5205533589403,184.56724474626984,199.23758917893943,164.12832768299478,156.29653173955316,176.91174604247522,166.12234037293763,157.3598848039516,149.59429515114368,195.7478922507574,204.89920284578142,183.86002842447343,188.1999628764045,177.96331755132618,207.08700869464292,176.58792801778947,195.3077489930222
1610555617.52Ijr5puT55g9apK8auM7zaxa3NANg502t,121.71472911809906,177.62310725670756,117.65508675677896,161.84147950128394,116.86097904232021,156.86750086237072,0.0,119.9361833911262,129.8249361439386,170.93392442073628,188.35653296757803,176.89684863424313,202.7031437539454,120.1592919657601,183.9140782222939,157.00364252478414,199.02471932800862,188.19130717378044,146.21054614747507,155.75503914949383,188.41880653301865,188.9344339588586,143.05137452253047,119.8697115234692,162.5540194459001,159.85131611302126,139.6789882045501,176.5575856114365,175.2622357159161,118.50577273473591,160.28296755349712,139.2227112043291,195.51857813320177,174.24729497401805,171.51876848819012,171.13468613357497,172.8648944285152,171.9553481663871,171.97036407014122,176.6424937360759,171.7898536920252,195.6091462403352,176.61998480235215,170.8745233431068,182.27736150455738,191.00595305502713,176.023567102585,157.37066226929608,159.9728635046428,177.5826467295599,159.88278704509094,149.09931882529267,178.4714244842978,194.41031641356506,151.53510017724324,156.84154969298024,163.08379854290118,169.39285929371334,154.4412181780791,150.39638873024856,193.9325551950459,203.45938974637448,167.75161294177985,189.09992648974603,157.35299758792974,206.72958567346097,171.4011807085724,189.14153845165936
1610555638.77ZLjTLkz4jYJdFMI2wWBztzsDILkoOtAk,64.08451164451915,177.2621616669872,68.19570591722207,159.16489257612204,128.60973300559687,148.3746164812085,119.9361833911262,0.0,111.90946107677382,159.35950542614896,189.77828772452975,163.58247637775966,196.50466678998916,100.10510637071955,177.02783665857277,147.51515132846544,202.17951810056178,185.40031259256577,137.3884756238985,138.53964908347868,175.0526331115933,191.59014464139815,140.79342653430675,64.65372776250557,156.25403055596234,153.40815307785044,129.66609720174156,169.25848757634336,170.5626337687241,133.24712917753683,149.33675110742698,149.89378020936215,184.976126553864,164.50364615563532,160.0518773206671,164.3809836896711,160.0304475808571,163.75509029511647,170.73647844103962,166.11899101917638,161.79555821475472,191.22043152356315,166.99053969717264,154.51653295970806,182.67313022622372,189.48599851478218,162.19111328717574,144.20739712410253,151.84129765511565,170.08805485403798,141.5158292798153,136.7702244249062,172.19336519424243,194.12352227130077,138.7025496892065,155.6561773926183,156.04561793796165,154.2814755491938,136.76577316924391,154.26660335438683,192.7347797480549,204.4180887787689,158.53117159181656,190.82307083031992,147.6457103733686,205.8330882390744,164.26542822768414,190.07850429872403
1610556912.46C7tJPLF0XfNnm8f1820X9aLmXMHoc0Dw,112.43621289219391,182.72306122713553,111.4651046861222,162.8324471673738,126.01951906082363,148.62307078727298,129.8249361439386,111.90946107677382,0.0,165.41800940702268,193.26373016790606,165.87848760235335,201.67403012125857,121.9930958183409,177.47301663565526,151.22949734846762,204.3339532798814,187.6114432912963,125.53648116976612,142.28339525364547,173.394556209988,192.36195839837484,145.3372863128395,110.12304671403787,160.51229721856348,155.71759475782346,132.85067439904472,169.94043110139572,176.86067613420718,140.65829741706483,154.49537316625413,154.81228047590838,189.68305057359692,168.2692209861697,163.78828525942225,168.66943003900644,164.59551816127478,169.17021057114692,177.1002804597011,175.78326628777862,167.62441089663966,192.6169140887693,168.2722006405455,165.12449345803952,185.89521404219033,191.8688750255258,161.230452396682,146.26295051447934,158.57193744998864,171.25969795087533,145.43721187259356,144.05975630739528,176.92637258571403,195.9858909905303,145.61508659156723,158.64499906129433,164.5003385186524,156.9201569819633,142.43553521291284,157.37425475817633,193.46064354847937,206.74362874063462,163.0921436251754,192.54183223963355,154.80791118499127,207.74592158362773,167.93252876745998,189.2425685569619
1610555617.51LjzIROg0aeCP2GhDcAVQ0LipKJB9jmKc,158.58980480023,179.18302874709045,157.05237931195688,184.561985936453,167.83270683325733,185.94286528423874,170.93392442073628,159.35950542614896,165.41800940702268,0.0,215.594984304957,191.81436646612192,128.0437409343991,168.2508495130913,203.37860315635862,169.08376248351857,227.2652186500137,200.40834202734516,184.98746883100418,167.1958281718733,200.77970712011006,219.6230617584746,165.31734007248673,157.95398372895707,178.6094459150878,193.24956789563035,163.30195477615297,196.31769252678652,184.616270227778,168.39542709742625,168.6662424055611,185.96520482330791,96.54214120195878,176.28563443292128,181.67302395248893,196.2934561261523,179.9438848812734,170.27913477199007,182.27383799644068,191.78103765514268,183.33434497032889,218.96718376231334,193.5101517053351,192.8952489373562,202.84611384209435,202.89477419055254,184.63926017518912,174.51158428622642,95.33144733911843,200.0399872507032,172.98962167669305,174.0846410992121,184.89023196355404,213.843386269728,163.15379464507143,184.1406160799731,190.1641460086153,172.41491008896233,171.78298673475163,188.11439233571483,213.65488559271714,223.007072019556,164.42488045233313,221.54755752241547,142.76850361309195,230.56633433787428,197.6717065685724,210.57083300623947
1610555608.17OpjjHobqRkX0UPcaXrbu7K6L3805SZri,190.19421441246539,183.38387733240663,189.31072253975054,168.48515515319613,188.00985277212942,190.38657929298793,188.35653296757803,189.77828772452975,193.26373016790606,215.594984304957,0.0,183.7777023797079,235.54886501989395,191.82312754093198,195.4954312646051,182.53820226948682,157.57388277987522,184.28857120082625,185.9921902510632,191.69945854905663,189.63526394638865,186.95764034568384,188.52653188991172,189.47761581195317,190.1191985017267,193.67225100011126,188.93956303447698,190.50574302389046,191.3105573931093,188.6646658999443,195.60432738768432,190.67176619929415,230.16536175390135,201.7650230935509,188.0331780091357,184.38960518549894,194.52148202498375,202.88459969788323,192.5634090395778,204.6253230723782,187.88865136398022,174.41758545762377,193.9659264567693,190.95878842942034,184.44593925298827,173.5164290253892,205.58066221104738,191.38411830798418,206.5708051298832,190.8089775844041,187.75322659433496,190.68826736363937,201.63226706373854,194.02441188305093,189.97581216661646,190.97658067641686,186.24833672870594,189.49167058457098,193.19869455025812,189.14647920919015,201.9982657910253,194.68030545153195,192.58885538492763,196.65314046040578,191.27717377044868,198.30357892780506,189.17110505878546,202.45755401911177
1610555721.82zWeNZfGUUfRJkgnAwlP8VMhPzXctnSd4,163.71519522247294,182.41231468710336,165.72016176315978,162.733026457744,174.0759931115375,177.88596957782087,176.89684863424313,163.58247637775966,165.87848760235335,191.81436646612192,183.7777023797079,0.0,218.49277603608144,168.01001006177532,189.79557850709637,155.06229466036643,197.64688505855108,157.91356157521125,174.64839730312627,152.8554092134599,126.27694413760699,152.97284883337522,175.03050106196727,161.92117635422355,177.75842138041077,182.7868319504923,170.08023100703826,161.11087298242433,171.6739726787435,179.95233902562887,176.5500876148894,187.47278562670087,203.53591892636967,172.42676439705278,154.72969685818322,159.87616036227183,170.80277197992547,174.41044253024768,180.5562862763244,188.3981326477955,173.43145759276496,173.94774291599248,183.46439717597244,162.08786436089616,183.01345580688852,185.8155692068631,178.77226119864267,162.73498960924906,178.10376660044614,179.1987155326609,101.33669630629069,164.32206274788322,192.1666723901659,188.1118404843414,162.20537845828525,181.77668871550705,178.43773715796544,150.1501724347144,146.30863257334434,185.29198140962208,191.60601668556498,202.74316843551836,159.62520319503932,199.2756345098473,159.90681928029744,202.96753633278647,174.9624585072944,190.91853534157667
1610555735.75bom85BDF0C7W2eIseHeMxi24qR68nzMi,196.01043217626406,186.65508638781756,194.81773330075805,207.24134546198948,205.32554276955318,211.19331300363402,202.7031437539454,196.50466678998916,201.67403012125857,128.0437409343991,235.54886501989395,218.49277603608144,0.0,202.665876735518,217.6549324737897,199.95346394332378,245.75530114809018,209.8446990096544,210.78902352332747,192.09306355640078,226.76575546317264,236.002333484766,202.28228639435048,195.3622932570599,214.73412015033847,217.97502115855104,202.7021112133906,220.4511049990846,201.0280170069946,198.1134812162479,195.3563813184431,215.64575315923778,89.11852020344949,183.72339457614285,207.69384364053226,223.92703082992742,204.9522904658041,179.87350332767667,206.64474152306715,215.7822653086956,205.21605319714266,237.0279950603291,218.14828106857502,209.5102065626798,213.94054434266488,212.30026814044422,208.9022160146528,210.1327605181986,159.80162957750363,229.12080007653987,202.72695278120042,209.98597291069262,206.6676606217005,225.61023456205797,191.35187777481156,219.72591371445918,223.5276686546719,202.39110874265265,199.81651504065027,216.01752714615068,230.07633845148302,233.56371864241257,183.75062055040888,239.9506078794229,184.61557757002447,241.06685914124597,225.35999007635198,227.64716234228933
1610555735.77NnT5xqKnwcf2BbjIekeb2arTQj6QMNwk,110.20945055237938,182.1492844548798,105.47297411837084,165.97094288883108,132.48535453386938,151.75725685730126,120.1592919657601,100.10510637071955,121.9930958183409,168.2508495130913,191.82312754093198,168.01001006177532,202.665876735518,0.0,180.03179268051608,156.81561835303538,203.4473189628656,188.23644755435691,141.0489620222927,148.18274130399965,181.21097922123172,191.91473826364134,146.53125419307077,104.0672883116434,161.1438993918891,157.73997397964732,139.58739434163033,174.90021969441776,176.67445506224556,137.3869419758708,159.04006731388685,152.4568950090287,192.35697432201934,173.52969086321485,168.17256731157937,170.93935966150812,167.39701891657748,171.05378968146533,176.9705026596816,176.7156204101979,169.16323863687114,195.95629712240472,171.84413738246946,168.59877560137207,184.65675806290645,190.7222331389577,168.83484667584378,152.72349870386526,160.33856411475733,175.4486329377479,149.68264871347552,145.64318189372065,179.65562963416758,198.8858961897419,149.56497167632818,161.78114927233923,160.85984949530913,163.5659401690735,145.6073466816887,156.52969509670245,195.8908237053048,207.2670552632554,168.25342337244763,193.26504194126738,156.73242822427142,206.40637244727583,171.46824269966072,193.17149390114855
1610555638.33wjf1PhdNaoWfbRzXVn50hmFyB5bYAiLV,178.40415175668443,192.54833248564367,178.91370619964516,182.45540670871,183.8950518441439,190.6580750094741,183.9140782222939,177.02783665857277,177.47301663565526,203.37860315635862,195.4954312646051,189.79557850709637,217.6549324737897,180.03179268051608,0.0,176.28772051420017,207.1903179579956,196.74948743706545,184.0652966607836,180.91301953559358,191.57810363223118,202.19513092665073,184.86651619641842,176.00463273953113,190.51219635193414,189.54844294439667,182.99174763533858,196.53498704617274,181.72452340615453,186.57741331394,176.23630134424806,190.407076303258,212.6046090761044,197.86213115714276,170.40318981054148,184.35496130300243,173.92940178694002,197.1209080887155,196.11854850830392,193.18808550834515,163.7123735671176,203.0887609095035,168.68195825187664,191.61227162049468,179.4866140527932,194.62101708513202,189.39738216185526,181.44488496824894,203.0627143980239,196.0797951971625,181.68354719105938,178.06702877119554,211.62974007623188,192.10896266317732,174.51734675328532,193.78403093008131,180.63192106953468,182.8639459603293,185.22814052137338,190.1059592410349,208.52679099691534,201.47767431078253,192.3907562659676,208.82115187175302,193.25981761773835,206.8425034673824,195.01453318868687,210.75852721786504
1610555606.65jCE4ig8Pu8kvAzkxnSGfWsV0nQBjCf8H,146.47614390551857,177.9418777039125,145.01897625918866,161.2110639228727,151.71842334464554,169.27055219596284,157.00364252478414,147.51515132846544,151.22949734846762,169.08376248351857,182.53820226948682,155.06229466036643,199.95346394332378,156.81561835303538,176.28772051420017,0.0,197.54463311334231,189.4355693999446,166.79479037970088,128.3082672521998,164.01675445196506,192.47466459346722,155.63170392770505,146.33639227379007,164.5704784700764,175.99006242741942,147.48231844175555,160.4141197585241,163.06731610583233,163.54395268220597,149.44011706288336,172.25331161235033,182.7358887063109,134.80059498383855,125.43241226446132,153.62731112732175,149.39472944995683,141.36375585946038,175.45898743071007,181.00434424245864,152.08575460441415,187.44305174502375,174.1174945285942,168.85368101297706,182.3959026425149,190.7572375385791,164.84234638697092,152.30203886652177,159.62410474304713,168.39966796141474,143.69073905353397,156.48294236189037,174.32755774455094,188.3478640267398,132.20272911668167,167.83764013942525,170.73164193814816,137.7818849233535,147.04168856725522,176.5375062392846,185.40762583592272,198.97838960792586,141.64628848974988,195.21279438442656,146.23249335405632,199.72768803648114,163.82683922633612,179.48472401014743
1610555608.18ONsBCVo1i7BrX0XG9stct4oiA6ejX9Oz,203.12067604891695,190.2705022654177,202.22346472749038,186.6272498960384,198.77042944339718,200.80818719257738,199.02471932800862,202.17951810056178,204.3339532798814,227.2652186500137,157.57388277987522,197.64688505855108,245.75530114809018,203.4473189628656,207.1903179579956,197.54463311334231,0.0,190.78443757186946,197.86462150700058,203.85035764767738,199.42741408381968,193.97677283657416,196.9449408115386,201.9372870102471,195.71673543174234,196.51452294937133,203.58123577932858,201.34434043492143,198.09234462729532,197.3389784975353,206.54309845054547,197.506678056699,240.6992306534352,213.51377541472758,199.50588524871583,188.4361701460302,206.5297678524539,210.634925324733,194.91352114471925,215.31537029804053,202.155115401396,186.77806089111357,205.7344637011437,201.11415632160282,189.90811230169624,181.06770521786626,215.78790437185472,204.23497766348027,217.73074394089397,200.96714757479927,201.60160871107954,202.42801366240738,214.45327434178844,195.8059781768589,202.61337321741829,198.97599842847382,190.83525823497928,201.23327936362824,205.00896914514453,194.92000033565034,204.04674778031466,194.9760316331634,202.22047859945667,194.82670186193891,203.6989666551765,197.49224507757424,199.0685111260022,208.69258882218173
1610555721.51RNoQUMP19FTMS79BmA3JkgSm2IC2AQuQ,185.90984413543674,100.78324912611433,187.17460872792464,171.077065917371,189.00108475564517,189.61359681939527,188.19130717378044,185.40031259256577,187.6114432912963,200.40834202734516,184.28857120082625,157.91356157521125,209.8446990096544,188.23644755435691,196.74948743706545,189.4355693999446,190.78443757186946,0.0,185.02252332225106,188.05608189241565,180.60818266695114,176.75336456354393,185.09087842497885,183.6280740819249,189.53653424338384,195.30077029314606,190.74302592203807,187.00083203944337,185.57940086893825,182.1102885377315,195.50407529729887,193.05801826417223,208.10136611816975,189.7218834528938,192.24066553273283,195.21601568348862,198.2544148931108,189.23639609642944,173.67896702512687,208.28707801911833,185.4058985792367,190.70028435986097,200.4125570365085,177.0170742788921,152.27491749387247,120.93935622493571,197.95308105444005,190.54516009842132,192.30190614989857,204.55609256856988,166.20085336664724,192.0301502639552,205.0333430373065,194.9201943306633,188.7161839849672,196.18344996745824,188.40398477070661,188.31677640305,177.70193127637458,187.2560504580632,191.8003199605211,195.36399095654943,186.30273031301311,192.8718172684012,186.63678838011197,202.72916204455854,201.07773361156433,194.1431197454379
1610555971.86O0cHB2ibBJ8jxoObg01EpGe8VVV5mpwn,137.48922834475903,182.1859226648057,137.641131617021,165.22287193073848,151.41027329829342,100.62537478869143,146.21054614747507,137.3884756238985,125.53648116976612,184.98746883100418,185.9921902510632,174.64839730312627,210.78902352332747,141.0489620222927,184.0652966607836,166.79479037970088,197.86462150700058,185.02252332225106,0.0,161.23762016400676,180.81790810765003,179.6448810154184,157.59218654333887,136.49532105261449,168.0849252102737,131.60980688581574,152.552464705352,177.36065880569004,186.36633524469212,141.60683770781753,172.4584479880428,149.9755949141145,207.1396993555158,182.09147285309163,174.55904332289853,176.50975096918023,179.13398160738814,185.43463700261705,178.6879705701624,180.02376387326674,178.7528633679791,192.8570893843293,180.69987606053482,169.9038179498119,186.29459076504438,186.40407642926107,170.11710938176736,154.9738214921103,178.25209007179103,177.81564964698077,158.75582078422784,149.37196738912493,183.39365774996114,196.31259262899462,164.6413900822209,166.75109973659775,172.37922245317515,168.4134467353878,154.08314027537364,148.82188035817933,191.68495871513386,201.93845530114774,180.565524992469,184.06279794416412,174.36608339544395,204.4846457242056,170.53608792727624,190.209828861149
1610556911.51zU3duZSGpcw1BDNsBLxdOCITAXwl6z3i,137.7389632367917,175.6855303395119,136.97739098042805,161.83735598338055,148.95644310226632,163.578727974081,155.75503914949383,138.53964908347868,142.28339525364547,167.1958281718733,191.69945854905663,152.8554092134599,192.09306355640078,148.18274130399965,180.91301953559358,128.3082672521998,203.85035764767738,188.05608189241565,161.23762016400676,0.0,161.37458277073975,190.76375941418274,148.97529645611624,138.39721792998233,162.07316950947066,170.16069767531448,140.583339734411,160.77125573215332,168.71792673555632,158.88862917202187,149.13332805788053,166.5195194916777,174.08336130900756,143.12552149706616,145.70104416314888,157.1696899339411,143.08100514388977,146.88080715154138,176.58973740631464,182.1731529896827,153.91989456964563,187.31436656304024,172.84108217593848,161.75163621400424,171.69754573018108,189.82142585437066,159.90014777343103,145.55753448869,158.50884110736547,173.49531228572533,139.28263539366776,151.7685648211614,178.17790508710598,196.01263501747047,132.09474803095964,165.41441992434235,168.3989399968123,131.17953879777758,139.6375529245083,173.41613075510878,195.78417222022134,202.88292187981713,142.84066101877767,199.31146371268963,144.4422552627233,205.6593994113449,167.24891882358747,193.50982261001857
1610555988.71dMoYT8250UHHJGxgmITTmbHe7V6gH1yU,176.0129633895421,194.00713929038326,176.6856656123623,175.60897093508925,181.43902961617107,183.7985075515622,188.41880653301865,175.0526331115933,173.394556209988,200.77970712011006,189.63526394638865,126.27694413760699,226.76575546317264,181.21097922123172,191.57810363223118,164.01675445196506,199.42741408381968,180.60818266695114,180.81790810765003,161.37458277073975,0.0,172.25173320246162,181.3359187270197,174.990061565893,182.02549542745172,185.42461716672497,177.28637784255403,168.6368888386729,185.79980235186025,189.71197259138884,183.52140256646962,193.49525232456483,212.22760111107473,184.20799647489542,155.91946381653338,167.80495208631834,176.34562971767937,186.04509559319956,187.2811038521214,196.8203859603641,178.2738900119059,179.59816638029827,188.28319651089532,172.88887955730638,187.24739742529263,192.02466883656393,182.52789021658626,173.7548770682526,188.67349338701527,185.58131219850736,145.04956340885803,173.7336580114558,198.22040898418996,195.13990226350182,170.887606395247,186.36828995417628,186.24941464061448,152.21569033378512,161.7165617073376,191.25925882750266,196.0910540769274,206.02208038050668,175.1477269414154,199.83048735725342,174.06149820415072,208.3963129651932,182.44723050243007,197.4775308465359
1610556042.81mlUZsSp7gbGjrp8jQSnybT1gPy6e62o1,193.17024648560138,188.10056112581987,193.36329636094112,183.9783972890796,188.85530870292968,188.46959004327599,188.9344339588586,191.59014464139815,192.36195839837484,219.6230617584746,186.95764034568384,152.97284883337522,236.002333484766,191.91473826364134,202.19513092665073,192.47466459346722,193.97677283657416,176.75336456354393,179.6448810154184,190.76375941418274,172.25173320246162,0.0,181.02116961864792,191.9801150725294,187.3762924775636,186.41374382989565,195.08999216114609,187.89194073380222,197.78162197082187,175.21973093602946,204.77243603920485,174.69923578592687,231.62952649669367,203.6638337038146,192.3462555188682,188.4252253534426,202.47252942164604,203.5253722852583,193.06757090247459,208.73053716652836,200.58876214438916,184.77854409988524,203.95985114774,190.61573095428815,185.91622227835296,186.31690870455247,207.1479664799642,193.71399698566384,202.7002541292487,196.14557165026753,170.06552363653702,189.2657694178242,212.2960741762185,201.49099841426374,198.87363879937865,193.21306298971191,186.60366137664775,184.8540563244181,184.7142120520512,169.1545388223096,191.9617040768429,209.34511537149334,192.69006595319416,192.89381679283858,192.89196105045377,200.5556754575899,193.49858758309398,193.61273936336875
1610555637.02UBW5nKvDyUrKnaWcYRGajZPxTRDS0q3N,140.1054504473923,172.3285322290423,138.85916613527502,170.85771772979263,125.62963489863607,156.5427451091583,143.05137452253047,140.79342653430675,145.3372863128395,165.31734007248673,188.52653188991172,175.03050106196727,202.28228639435048,146.53125419307077,184.86651619641842,155.63170392770505,196.9449408115386,185.09087842497885,157.59218654333887,148.97529645611624,181.3359187270197,181.02116961864792,0.0,139.29896387429733,140.19024770197026,158.24589166987238,129.36453536504166,180.38429516633542,177.41143022362033,125.40306002376951,148.50940409777064,134.25439589800882,188.77330387137803,172.89815082282607,167.48720655482234,171.37228565695287,163.1498336401966,163.915526484137,164.5298448620566,183.1080296125085,166.5846493879337,196.54549162787222,175.46272156601998,180.0041452049523,179.1133631974515,181.8877233563561,158.8440791417294,154.23838120013238,148.760076667781,168.42415483690226,160.24181581646508,144.7708114535233,183.1951356924437,192.87649539728952,145.2894223591957,124.13769454895953,161.8765310566615,158.03641608534525,159.7590061191483,143.40155771024115,190.7314605627977,203.57897134026655,158.19110773618024,188.69405959051733,150.8048391942014,200.60780884044257,169.17105637149783,195.37235299996445
1610555619.13oUYNikU4facCTpUSiSLr0vPI0tJLnXiT,59.12400718527231,176.14646360929038,63.615416343489215,157.26070706043774,128.18645784781867,147.2471769450661,119.8697115234692,64.65372776250557,110.12304671403787,157.95398372895707,189.47761581195317,161.92117635422355,195.3622932570599,104.0672883116434,176.00463273953113,146.33639227379007,201.9372870102471,183.6280740819249,136.49532105261449,138.39721792998233,174.990061565893,191.9801150725294,139.29896387429733,0.0,155.41565603705308,153.68560601343896,126.74918537645446,167.9521639241681,169.20857132764593,131.85534086914387,147.8212322606963,149.05658020916553,183.70377189243342,162.6829869142816,158.21533346270587,163.39215445857278,159.62708078163155,161.63680874244682,169.9012210154316,167.0893334751594,161.09840249941436,190.84822768630292,165.59723660107062,156.0053015364398,183.17150604272786,189.085461772159,160.24280766330259,143.079914786689,150.28317407485554,169.90845315891005,138.41466640437076,135.74339148835318,170.40718153901972,192.79161101615878,137.4761719646472,155.176514730504,154.97492033222423,152.87795148279412,135.65841092303071,154.3256419373764,191.84706929333365,203.1664818881762,156.3777769397577,191.69363581025345,146.01979033270314,205.69888316362864,163.53002080355566,189.71254443073272
1610555721.03nzkucfjAUh31zTbmCVvTVYqtjoxZFnBh,156.95668215462644,179.72559547352515,155.09501962688807,180.08864244499085,156.02502027522434,165.27831837825883,162.5540194459001,156.25403055596234,160.51229721856348,178.6094459150878,190.1191985017267,177.75842138041077,214.73412015033847,161.1438993918891,190.51219635193414,164.5704784700764,195.71673543174234,189.53653424338384,168.0849252102737,162.07316950947066,182.02549542745172,187.3762924775636,140.19024770197026,155.41565603705308,0.0,170.99203547455045,157.3717168414545,180.0991211416346,188.030439859444,153.66962303187353,168.3879655624974,158.9691361198529,200.22444976685145,180.7776564957401,172.29828743518644,176.8161897874312,172.70789831125163,174.16010847977032,164.09972142987763,183.9876090571033,180.83137229261916,194.8518510634466,179.6457736149967,186.58466428010894,182.00129384704687,178.46446960424743,174.59264291602418,154.47087240232216,162.7368888508611,179.46867981248914,164.65198083584812,156.84345530199707,184.5003624349255,199.44069188885544,159.8747746382852,144.37378071807598,150.16054413713607,164.0433639607953,164.51676068017818,143.8852729837223,192.74770166371917,204.90071063922068,170.45725330268448,185.01979886340376,163.267346028569,201.08496222869417,176.1371064354216,194.07538711099107
1610555722.67fhKURdXVzRbLIjXmjRwdJHTnE7PWb1AE,156.8382214298854,191.10193757924733,155.87831044535363,178.7916494324537,163.26464495370735,115.07171765618749,159.85131611302126,153.40815307785044,155.71759475782346,193.24956789563035,193.67225100011126,182.7868319504923,217.97502115855104,157.73997397964732,189.54844294439667,175.99006242741942,196.51452294937133,195.30077029314606,131.60980688581574,170.16069767531448,185.42461716672497,186.41374382989565,158.24589166987238,153.68560601343896,170.99203547455045,0.0,166.64825495307386,183.39481400582483,193.08438808320864,155.10889386042766,182.09321882645253,156.33651448297448,213.8924392157737,190.65062562778283,181.96742445428697,182.32722088474327,185.76934044770968,193.6869846377437,183.32584825564075,187.21498256371208,189.2208533808454,191.22087993989163,188.27265200255718,176.44857927515608,190.21775931795653,188.77621246671006,169.6513822886701,164.25377154314316,187.16939165288875,186.39135056050645,166.5478397707638,159.1748404178564,187.78813705137478,200.27612069424907,173.6348969324983,161.40689159674503,177.29039918632432,174.19121196122305,165.14680054892767,152.40746187708703,195.10758235246576,204.35955856482514,190.23291698694794,186.4516089891597,184.91833061356644,204.32709163471506,179.19780569059193,194.88780494288505
1610555638.39J2ZWBLuLTHP0jOlzB4tNHmYeijH5g5YJ,127.33672780875276,181.4654554302469,125.07181039207407,159.1112333099906,124.41750646359756,159.5188222143715,139.6789882045501,129.66609720174156,132.85067439904472,163.30195477615297,188.93956303447698,170.08023100703826,202.7021112133906,139.58739434163033,182.99174763533858,147.48231844175555,203.58123577932858,190.74302592203807,152.552464705352,140.583339734411,177.28637784255403,195.08999216114609,129.36453536504166,126.74918537645446,157.3717168414545,166.64825495307386,0.0,176.1802969953129,177.0064311672537,139.61780206863384,139.48316537246038,144.73996985872506,188.47770188585838,168.29734163959805,162.26017757227896,165.91685846287595,158.01298480522908,163.74099915297148,175.3221326469439,176.14012366596123,157.23291127756931,196.87737083464518,168.5828876707853,176.19108414949216,183.95425788583444,194.1716932022,156.2116881796044,146.15450098258222,153.88441342230215,140.11244317899377,151.7376161899529,136.45655722618005,180.71468635995063,198.11962666366074,138.2488386763065,155.11973590350303,165.31752318539884,153.53753613566664,148.9318783661259,158.4675687849337,197.2887512242463,204.84159654632398,157.54019733458617,197.58249459798157,148.19890098832784,210.931393384513,143.49813376899382,193.82632908752586
1610556032.17Q6yCDx9g7alRnL9jBFXD2JhhUyB2hKfJ,168.762755896605,183.66321350725545,167.9885512771456,168.28661895058926,176.70558021674285,180.45551719783515,176.5575856114365,169.25848757634336,169.94043110139572,196.31769252678652,190.50574302389046,161.11087298242433,220.4511049990846,174.90021969441776,196.53498704617274,160.4141197585241,201.34434043492143,187.00083203944337,177.36065880569004,160.77125573215332,168.6368888386729,187.89194073380222,180.38429516633542,167.9521639241681,180.0991211416346,183.39481400582483,176.1802969953129,0.0,180.82654182488926,183.3869267490115,184.66244247113272,188.41830425916123,207.25566677183812,165.5089711531297,169.16592578478844,168.6205688360986,177.89311421469228,172.8140879357942,182.7880380371391,189.4938440529902,184.30036373749505,172.31167502518178,183.73605186819347,159.159395850111,186.48438865464334,184.71071759044625,182.09593687298997,175.56960288347352,187.04155375667327,186.21050264379656,155.9850731498682,173.7809112505245,185.7934625082727,195.57946806412693,171.4645640380694,184.8348059955302,179.20120499605116,151.79181920700236,150.78074889927987,186.76211657652408,185.69019872146202,206.34360268456442,169.5916019810844,196.44231787649676,172.63972776701976,205.03600035072762,182.91099338522747,185.0962853032927
