,square,rectangle,parallelogram,losange,isoTrapezoid,kite,rightKite,rustedHinge,hinge,trapezoid,random
square,31.71824403435984,37.01568710956357,44.28875746788372,47.50040564302837,41.442184408123424,41.19613955703441,40.52129952232569,45.522749057979325,43.57767387083599,42.25654532361688,46.63394907467573
rectangle,37.01568710956357,32.10853221821506,41.04744196944133,45.323765709109786,45.06469917406642,43.50519610024742,43.12002790645753,44.88916016170165,42.09210095227042,43.78754886693214,48.173838395623555
parallelogram,44.28875746788372,41.04744196944133,34.787054740164095,38.857844121262055,46.310534612254244,45.79600113603194,45.009695421900666,45.71438764898068,43.778586889081055,41.959557480530144,45.683407837603475
losange,47.500405643028365,45.32376570910979,38.857844121262055,35.46383615059175,47.430546570046026,47.70642482365395,46.87427462523399,46.87924592259952,45.71924666393902,42.901050522347774,44.62245906858533
isoTrapezoid,41.442184408123424,45.06469917406641,46.31053461225424,47.43054657004603,33.67244833723155,40.41850088089753,38.68985482264344,45.696337886694025,45.33318119141886,39.897502936376455,42.46003152750605
kite,41.19613955703441,43.50519610024742,45.79600113603194,47.70642482365395,40.41850088089753,34.624506590185504,37.73854944286579,45.534860551807164,44.726352099305046,43.642028593965,45.81656944361314
rightKite,40.5212995223257,43.12002790645753,45.009695421900666,46.87427462523399,38.68985482264344,37.73854944286579,34.19073292885735,44.35920733826916,43.6618666898459,40.76271250905623,44.09618044221975
rustedHinge,45.522749057979325,44.88916016170166,45.71438764898068,46.87924592259952,45.696337886694025,45.534860551807164,44.359207338269165,35.52982039942727,37.22499004104644,45.153001190629304,45.47016321599375
hinge,43.57767387083599,42.09210095227041,43.778586889081055,45.71924666393901,45.33318119141887,44.726352099305046,43.66186668984591,37.22499004104644,35.36736283986838,44.08630053687604,45.04655743031129
trapezoid,42.25654532361688,43.78754886693214,41.959557480530144,42.901050522347774,39.897502936376455,43.642028593965,40.76271250905623,45.15300119062931,44.08630053687604,34.588011566088305,39.7245131938246
random,46.63394907467573,48.173838395623555,45.683407837603475,44.62245906858533,42.46003152750605,45.81656944361314,44.09618044221975,45.47016321599375,45.04655743031129,39.7245131938246,36.08097267936515
