,square,rectangle,parallelogram,losange,isoTrapezoid,kite,rightKite,rustedHinge,hinge,trapezoid,random
square,35.93773830293329,40.00292585973905,42.83410015313988,45.47682706539393,39.637691110320645,39.435689588906705,38.524051523472295,41.57968064178186,40.87163344764787,40.00414006878512,43.013345392132535
rectangle,40.002925859739044,35.92300464180979,39.77487349008466,43.126106764229206,43.506051583094674,41.758621976106255,41.167205073842574,40.54839713845299,38.996136607343956,41.5778590664399,44.93521034766792
parallelogram,42.83410015313988,39.77487349008466,35.569464308957414,38.96361445985368,44.7384176433841,44.55486641377591,42.80760749939141,42.034948267696606,40.3574968656808,40.45498698349803,43.394880794803576
losange,45.47682706539393,43.126106764229206,38.96361445985368,36.288347011540765,46.00632343940206,46.79265077700023,45.11487217982305,43.66605590095091,42.64013564155392,41.25085917660102,42.41811370237997
isoTrapezoid,39.63769111032064,43.506051583094674,44.73841764338411,46.00632343940206,35.955512274873925,39.9423523608402,39.13231833862577,43.94924218778349,43.67095176594115,40.0813331815135,41.76251116995526
kite,39.43568958890671,41.758621976106255,44.55486641377591,46.79265077700024,39.9423523608402,35.96603708351182,38.13150110283624,43.82694700462604,43.460236711845894,42.79598629741753,45.28135236451126
rightKite,38.524051523472295,41.16720507384257,42.80760749939141,45.11487217982305,39.13231833862577,38.131501102836246,35.63731289490292,43.071125907178924,42.537879109983365,39.923658051084715,43.24284243026968
rustedHinge,41.57968064178186,40.54839713845299,42.034948267696606,43.6660559009509,43.9492421877835,43.82694700462605,43.07112590717892,35.96341665221728,36.957462484244424,42.37263625454292,43.67252062496688
hinge,40.87163344764787,38.996136607343956,40.3574968656808,42.64013564155392,43.67095176594115,43.460236711845894,42.537879109983365,36.957462484244424,35.74910908746226,41.460990403473566,43.26571596402191
trapezoid,40.00414006878512,41.57785906643989,40.45498698349803,41.25085917660102,40.0813331815135,42.79598629741753,39.923658051084715,42.37263625454292,41.46099040347356,35.59148047400963,38.87808302599186
random,43.01334539213253,44.93521034766792,43.394880794803576,42.41811370237997,41.76251116995526,45.28135236451126,43.24284243026968,43.672520624966886,43.265715964021915,38.87808302599186,36.3835221481314
