,square,rectangle,parallelogram,losange,isoTrapezoid,kite,rightKite,rustedHinge,hinge,trapezoid,random
square,19.081974263297088,20.598344961960745,21.444384694694282,22.48503336123019,20.16611352030999,19.821061017748608,19.727164195531103,21.071753175408162,20.7720854246172,20.46769646230249,21.176972107260614
rectangle,20.59834496196074,19.16816886259713,20.32242578641799,21.485929535517126,21.42606024666494,20.652379073118208,20.663688874939766,20.64031043097144,20.094807156522453,21.051671104474657,21.75857312932045
parallelogram,21.444384694694282,20.32242578641799,19.705889491261555,21.041837077000736,22.002644342671445,21.500256751585933,21.347259296960004,21.180046459464517,20.63017151550467,21.303103668608777,21.86191407821554
losange,22.48503336123019,21.485929535517126,21.041837077000732,20.555340359211154,22.628254340126592,22.448200554069047,22.321871609264093,21.82505762530331,21.44856526290282,21.83544776825474,21.83058385982084
isoTrapezoid,20.16611352030999,21.426060246664942,22.002644342671445,22.62825434012659,19.28946306297436,20.14693244083237,20.087000003405777,21.712567151511642,21.511584398799634,20.650338764748327,20.959028871123927
kite,19.821061017748608,20.652379073118208,21.500256751585933,22.448200554069047,20.14693244083237,18.977510000828687,19.656313882085755,21.39336154956375,21.107546649066602,20.90596626256373,21.440593176430482
rightKite,19.727164195531103,20.663688874939766,21.347259296960004,22.321871609264093,20.08700000340578,19.656313882085755,19.063455596522797,21.291252384753303,20.998050815991824,20.485734993499,21.257033123244405
rustedHinge,21.071753175408162,20.64031043097144,21.180046459464517,21.82505762530331,21.712567151511642,21.39336154956375,21.291252384753303,19.97137575249236,20.121337277005352,21.409195625775236,21.63951066986193
hinge,20.772085424617202,20.094807156522453,20.63017151550467,21.44856526290282,21.511584398799634,21.107546649066602,20.998050815991824,20.121337277005356,19.4701817138917,21.079777199675874,21.444185580101095
trapezoid,20.46769646230249,21.051671104474657,21.303103668608777,21.83544776825474,20.650338764748327,20.90596626256373,20.485734993499,21.409195625775236,21.079777199675874,19.79016317434879,20.721773926801074
random,21.17697210726061,21.758573129320453,21.86191407821554,21.83058385982084,20.959028871123927,21.440593176430486,21.257033123244405,21.63951066986193,21.444185580101095,20.72177392680107,19.70258362169981
