,square,rectangle,parallelogram,losange,isoTrapezoid,kite,rightKite,rustedHinge,hinge,trapezoid,random
square,23.475529112170086,25.40422883443476,26.315694314397735,27.15681523125314,24.828108392107218,24.604237025359023,24.50954058520114,25.74185556854743,25.53151216736953,25.07696315143724,26.169783453270206
rectangle,25.404228834434765,23.724141646620723,25.03883172655674,25.97908080801074,26.46731919857426,25.74212983685098,25.77052194405683,25.260900208686508,24.747055123702488,25.867304281418647,26.918064706864097
parallelogram,26.315694314397728,25.03883172655674,24.2034194328586,25.364338264131455,27.057581836438512,26.66044737239199,26.505434628105288,25.87443407661872,25.335269427227637,26.099449913812418,26.978149927957524
losange,27.15681523125314,25.97908080801074,25.36433826413146,24.28961604723914,27.353474257369946,27.356668202145244,27.25193371968805,26.231581037015687,25.86967399163084,26.305711240436732,26.46895085772661
isoTrapezoid,24.82810839210722,26.467319198574263,27.057581836438512,27.353474257369946,23.794459555786684,25.088116370210095,25.024440223616804,26.594619573904513,26.500409873982342,25.32282703360609,25.927547197423202
kite,24.604237025359026,25.742129836850978,26.66044737239199,27.356668202145244,25.0881163702101,23.879576771704137,24.711841668273248,26.403577013103412,26.20275079778555,25.852573423909863,26.71854473123301
rightKite,24.509540585201144,25.77052194405683,26.50543462810528,27.25193371968805,25.024440223616804,24.71184166827325,24.016361109367146,26.28876453140204,26.081598223754,25.360018568819754,26.53859079148205
rustedHinge,25.74185556854743,25.260900208686508,25.874434076618712,26.231581037015683,26.594619573904513,26.403577013103412,26.288764531402048,24.266148356377,24.56549368275103,26.106862882759792,26.625241519987405
hinge,25.53151216736953,24.74705512370249,25.335269427227644,25.869673991630844,26.500409873982342,26.20275079778556,26.081598223753993,24.56549368275103,23.91659830125248,25.837066370303265,26.503349887797548
trapezoid,25.07696315143724,25.86730428141864,26.099449913812418,26.305711240436732,25.32282703360609,25.852573423909863,25.360018568819754,26.106862882759792,25.837066370303273,24.158067955376936,25.517997151400447
random,26.169783453270206,26.918064706864097,26.978149927957524,26.46895085772661,25.927547197423202,26.71854473123301,26.53859079148205,26.625241519987405,26.503349887797555,25.517997151400447,24.445696730482386
