,square,rectangle,parallelogram,losange,isoTrapezoid,kite,rightKite,rustedHinge,hinge,trapezoid,random
square,45.42259967645681,49.414667327494435,55.42870179959154,57.852072922976554,56.552478535526696,53.18717551637344,53.78749202251973,61.49069976393995,57.296643691971184,51.021284685499616,56.94961613596649
rectangle,49.414667327494435,36.02654929656111,43.30471252408464,47.27871933338092,64.67321949518686,53.84077916815414,57.89420328850775,64.48068442514341,55.13248071981908,49.56925720048456,58.45159922571653
parallelogram,55.42870179959155,43.30471252408465,36.7101067401703,40.22170972270392,69.06982145407281,59.96984575435508,62.6595538595501,65.56858314071212,56.24548961328977,48.249009307993695,56.5412200747561
losange,57.852072922976554,47.27871933338091,40.22170972270392,36.30723107265952,70.1652025295242,62.025117308755895,64.4278447770702,66.29615649195611,57.86630746424145,48.67612420966597,55.161226053235566
isoTrapezoid,56.55247853552671,64.67321949518686,69.06982145407281,70.1652025295242,52.26455289622341,57.515154656049084,56.32167310495156,65.9413790441019,66.04320657842433,59.5309200461488,61.915778501663574
kite,53.18717551637344,53.84077916815415,59.96984575435508,62.025117308755895,57.515154656049084,48.23305982543323,53.19998396701846,66.45454178586878,63.008454655767096,57.169399388231874,61.87512040990367
rightKite,53.78749202251974,57.89420328850773,62.6595538595501,64.4278447770702,56.32167310495157,53.19998396701846,50.93117862723914,64.08573290808856,62.47760703053872,56.47484154271219,60.72822460703015
rustedHinge,61.49069976393995,64.48068442514341,65.56858314071214,66.29615649195611,65.94137904410188,66.45454178586878,64.08573290808856,55.39236847547653,57.30102111703305,61.62401213804902,62.53926519098721
hinge,57.296643691971184,55.13248071981908,56.24548961328977,57.86630746424144,66.04320657842433,63.008454655767096,62.47760703053874,57.301021117033066,52.9410024162274,56.02080562647066,59.270190205507014
trapezoid,51.021284685499616,49.56925720048456,48.24900930799369,48.67612420966598,59.5309200461488,57.169399388231874,56.47484154271219,61.62401213804902,56.02080562647066,42.36062567265569,50.024383004572556
random,56.94961613596649,58.45159922571653,56.5412200747561,55.161226053235566,61.91577850166359,61.87512040990367,60.72822460703015,62.53926519098721,59.270190205507014,50.02438300457255,49.34457634948091
