,square,rectangle,parallelogram,losange,isoTrapezoid,kite,rightKite,rustedHinge,hinge,trapezoid,random
square,32.483393799779456,38.7420959000799,45.91768158117592,48.52944841859935,44.571036096187996,43.89015437997565,43.12844062911109,47.50054017223108,46.08074385380206,45.17343395798138,48.587152855032315
rectangle,38.7420959000799,32.95852775609082,42.92747175364563,46.93779622873893,47.1177358151354,45.6522401326647,45.26132292511758,46.96505909446119,44.662693216375104,46.36891989452479,49.65515376973581
parallelogram,45.91768158117592,42.92747175364563,37.25741702570144,41.202086419503075,48.05857647891249,47.144138359992716,46.82352360914615,47.142454164003034,45.59116117021634,44.87487594325639,47.516972630141716
losange,48.52944841859935,46.93779622873893,41.202086419503075,37.35728505718308,48.975155241904474,48.71244985893125,48.41550928516085,47.90110308460333,47.18274676749239,45.631352978966035,46.495182089893056
isoTrapezoid,44.571036096187996,47.117735815135404,48.058576478912485,48.975155241904474,36.01533413561596,42.632260801827,41.60919070668542,46.86060348980523,46.75555467176311,42.90850501161398,44.21768463058252
kite,43.89015437997566,45.6522401326647,47.144138359992716,48.71244985893125,42.632260801827,36.05739929532861,39.57679879054339,45.842289322878926,45.27421531321011,45.64596906840399,46.323251903562316
rightKite,43.12844062911109,45.26132292511758,46.82352360914615,48.41550928516085,41.609190706685425,39.57679879054339,36.37197845786139,45.55296006533899,44.964843157573284,43.87154754819033,45.79746386211258
rustedHinge,47.50054017223108,46.96505909446118,47.142454164003034,47.90110308460333,46.86060348980523,45.842289322878926,45.55296006533899,36.961537663300575,38.9825128130559,46.86204698738645,45.96307342652477
hinge,46.08074385380206,44.6626932163751,45.59116117021634,47.1827467674924,46.75555467176311,45.27421531321011,44.964843157573284,38.9825128130559,37.09478678128082,46.152314840807,45.97884042133296
trapezoid,45.17343395798138,46.36891989452479,44.874875943256384,45.631352978966035,42.90850501161398,45.64596906840399,43.87154754819033,46.86204698738646,46.152314840807,37.89993982349315,42.41435182587578
random,48.587152855032315,49.655153769735804,47.516972630141716,46.495182089893056,44.21768463058252,46.32325190356232,45.79746386211258,45.963073426524765,45.97884042133296,42.41435182587578,37.398333735649665
