,square,rectangle,parallelogram,losange,isoTrapezoid,kite,rightKite,rustedHinge,hinge,trapezoid,random
square,49.35186179376269,56.79605967872297,62.815439355366216,66.01201798313808,61.92599148605755,61.59315900061242,60.242826922203655,65.65033522035378,63.71416491268242,61.38822117229282,65.86955056779914
rectangle,56.79605967872297,50.064805309534854,59.25753746382316,63.712310349000504,66.01448423610528,64.52557504919467,63.699141354127796,64.42849580636921,61.572512946247386,63.22737519505038,67.74258779497363
parallelogram,62.81543935536623,59.25753746382316,53.52931340855557,58.37177657082434,66.72085530321539,65.97110901568664,64.68243947185603,64.58708117134235,62.22767729747798,62.0460629255617,66.0646968353435
losange,66.01201798313808,63.712310349000504,58.37177657082435,54.32361327003826,68.12792567233538,68.12179440170547,66.80311762110836,66.1930395807493,64.7204502086694,63.47924521021683,65.47097392678172
isoTrapezoid,61.92599148605755,66.01448423610528,66.72085530321539,68.12792567233538,53.96883220472522,60.81312578581705,59.80180316221389,66.48457385342826,66.12494942669021,60.834273068330745,62.66040590575971
kite,61.59315900061242,64.52557504919467,65.97110901568664,68.12179440170547,60.81312578581705,53.914350352027945,58.105772091739055,65.95299188037683,65.22975338401832,63.985310398397694,65.73137493141816
rightKite,60.24282692220366,63.699141354127796,64.68243947185603,66.80311762110836,59.80180316221389,58.10577209173907,54.10193544521323,65.39251872543312,64.53907841057868,61.45122062176941,64.73709360316496
rustedHinge,65.65033522035378,64.42849580636921,64.58708117134233,66.1930395807493,66.48457385342826,65.95299188037684,65.39251872543312,54.803419744603765,57.13103119475903,64.36734102103895,64.75016021044965
hinge,63.71416491268242,61.57251294624737,62.22767729747798,64.72045020866939,66.12494942669021,65.22975338401832,64.5390784105787,57.13103119475903,54.53216086756085,63.11090310848706,64.55347300858475
trapezoid,61.388221172292816,63.22737519505039,62.0460629255617,63.47924521021682,60.834273068330745,63.985310398397694,61.45122062176941,64.36734102103895,63.11090310848706,53.65729877199436,59.636815751337096
random,65.86955056779914,67.74258779497363,66.06469683534348,65.47097392678172,62.66040590575971,65.73137493141816,64.73709360316496,64.75016021044966,64.55347300858475,59.636815751337096,54.760644747211366
