,square,rectangle,parallelogram,losange,isoTrapezoid,kite,rightKite,rustedHinge,hinge,trapezoid,random
square,22.320274835548513,24.586916150893742,25.833396970979035,27.162645619646657,23.83935457249938,23.599796551567984,23.30467720860323,25.08103822017421,24.749069416312416,24.203915437467586,25.431643217828277
rectangle,24.58691615089374,22.695533774551837,24.217975931188608,25.699854389647488,25.816880962279697,24.95276383062711,24.838089017296664,24.573419993336508,23.87435546026533,25.12866968547557,26.36343911706102
parallelogram,25.83339697097903,24.217975931188615,23.28868811327215,24.89864896184489,26.673825013151458,26.187364178277093,25.83706248752978,25.30223824521655,24.580232908902776,25.436350419816538,26.488106300536664
losange,27.162645619646657,25.69985438964749,24.898648961844888,24.11251133952773,27.396891607223118,27.360843218929045,27.03297806865475,26.086263678530667,25.5984489905431,26.01386945362052,26.25177197265144
isoTrapezoid,23.83935457249938,25.816880962279697,26.673825013151458,27.396891607223118,22.701933202594432,24.11194936118634,23.8627871383762,26.02434922042044,25.834368619685296,24.44930262175443,25.10800824832077
kite,23.599796551567984,24.95276383062711,26.187364178277093,27.360843218929045,24.11194936118634,22.765894665561603,23.492343870671,25.827547745152735,25.51682112075483,25.126084269792287,26.103717728251837
rightKite,23.30467720860323,24.838089017296667,25.83706248752978,27.03297806865475,23.8627871383762,23.492343870671,22.5934912536715,25.551147322365882,25.22616336016326,24.346161700378858,25.67972297609793
rustedHinge,25.081038220174214,24.573419993336504,25.30223824521655,26.086263678530667,26.02434922042044,25.82754774515274,25.551147322365882,23.45670772712264,23.690297039904653,25.472946619103244,26.000711054831374
hinge,24.74906941631242,23.87435546026533,24.580232908902776,25.5984489905431,25.834368619685304,25.51682112075483,25.226163360163255,23.690297039904653,22.947805138464233,25.08040185948195,25.806416318677126
trapezoid,24.203915437467586,25.12866968547557,25.436350419816538,26.01386945362052,24.449302621754434,25.126084269792287,24.346161700378858,25.472946619103244,25.08040185948195,23.162781757002026,24.60368446827087
random,25.431643217828277,26.363439117061013,26.488106300536664,26.25177197265145,25.10800824832077,26.103717728251837,25.67972297609794,26.000711054831374,25.806416318677126,24.60368446827087,23.45966920961978
