,square,rectangle,parallelogram,losange,isoTrapezoid,kite,rightKite,rustedHinge,hinge,trapezoid,random
square,34.739674312204095,39.03828552896704,44.46693029595108,47.794915649879876,41.34699334010896,40.75098926549525,40.46649041930782,44.6080523583727,43.13632549647134,41.46308141757622,45.26767933440117
rectangle,39.03828552896704,34.21345369220665,40.84423251735775,45.07795574244437,45.03788265885266,42.77533534444965,42.90867763251881,43.69050729087887,41.29382733939284,42.64986930530357,46.886351013034115
parallelogram,44.46693029595108,40.84423251735775,36.46471101227423,40.58424463071265,47.59759516005893,46.977600166346306,45.83637394809009,45.9447321285058,43.8064739717194,42.219403066269166,45.849678080721056
losange,47.794915649879876,45.07795574244436,40.58424463071265,37.19866331415753,49.17264143344574,49.37210519001879,48.33801612147317,47.54043568671004,46.21676610462175,43.37971799785158,44.91365256811236
isoTrapezoid,41.34699334010896,45.037882658852666,47.59759516005892,49.17264143344574,37.2309963815475,41.922295275858865,41.385260816570856,47.501282056205376,47.017093148582546,42.17423571387712,44.32873439232041
kite,40.75098926549526,42.77533534444965,46.977600166346306,49.37210519001879,41.922295275858865,36.684143227088995,39.77519734026121,47.04560327951671,46.261300509513546,44.84122170391293,47.404651355388175
rightKite,40.46649041930782,42.90867763251881,45.8363739480901,48.338016121473174,41.385260816570856,39.7751973402612,36.94954164030752,46.63548040109156,45.83829018723304,42.19432458730004,45.747356573024454
rustedHinge,44.6080523583727,43.69050729087887,45.944732128505805,47.54043568671004,47.50128205620538,47.04560327951671,46.63548040109156,37.80606864518126,39.25933420536329,45.96543155053761,46.90329358666254
hinge,43.13632549647135,41.29382733939284,43.8064739717194,46.21676610462176,47.017093148582546,46.261300509513546,45.838290187233035,39.25933420536329,37.60048980249186,44.689628448063445,46.203223499317545
trapezoid,41.463081417576234,42.64986930530357,42.219403066269166,43.379717997851586,42.17423571387712,44.84122170391293,42.19432458730003,45.965431550537616,44.68962844806344,36.33195267907608,40.558206284077414
random,45.26767933440117,46.886351013034115,45.849678080721056,44.91365256811236,44.32873439232041,47.404651355388175,45.747356573024454,46.90329358666255,46.20322349931754,40.558206284077414,37.66092710001274
