,square,rectangle,parallelogram,losange,isoTrapezoid,kite,rightKite,rustedHinge,hinge,trapezoid,random
square,32.24630525283204,37.90233962033977,45.47556154520422,49.01337008238326,43.84784146149991,44.16477209520187,42.93396059373597,47.86958604046175,45.94073579485156,44.47917430671836,49.50034138847602
rectangle,37.90233962033977,32.511669082371455,42.1215379025028,46.608167949352946,46.77325834181686,46.115852990678285,45.168376340446486,46.99730201790443,44.19983002163932,45.64260998236996,50.51909496164068
parallelogram,45.47556154520422,42.1215379025028,35.07695383987005,39.217686438245686,46.80088209504513,47.029263596897415,46.05006632365082,46.66380067724868,44.68862467980035,42.70675025716809,46.637349870554665
losange,49.01337008238326,46.60816794935294,39.217686438245686,35.700548624028904,48.00182718424445,49.07580879066462,48.15100058928365,47.91935138476492,46.82813884088936,43.615433399142795,45.410862224105394
isoTrapezoid,43.84784146149991,46.77325834181686,46.80088209504513,48.00182718424445,34.48871684671876,42.046690174023794,40.24911039734987,47.11278842690464,46.91571604680794,40.977075326363874,43.745035300692585
kite,44.164772095201876,46.115852990678285,47.02926359689741,49.07580879066462,42.04669017402379,35.948204266412304,39.30516257648408,47.18942462626636,46.549739493670295,45.47001976014828,47.5461078164415
rightKite,42.933960593735975,45.168376340446486,46.05006632365082,48.15100058928365,40.249110397349874,39.30516257648408,35.50267514577398,46.04549424033721,45.3866413744498,42.56969718176203,46.01864806608665
rustedHinge,47.86958604046175,46.99730201790444,46.66380067724868,47.91935138476494,47.11278842690464,47.189424626266366,46.04549424033721,36.8263866896846,38.68884957145722,46.78118713843085,47.067115189910815
hinge,45.94073579485157,44.19983002163932,44.68862467980034,46.82813884088936,46.91571604680794,46.549739493670295,45.3866413744498,38.68884957145721,36.67051700686214,45.8503654269783,46.87736864660416
trapezoid,44.47917430671837,45.64260998236996,42.706750257168096,43.615433399142795,40.977075326363874,45.47001976014828,42.56969718176203,46.78118713843085,45.8503654269783,35.77945513933423,41.19488989299539
random,49.500341388476016,50.51909496164069,46.637349870554665,45.410862224105394,43.745035300692585,47.5461078164415,46.01864806608665,47.06711518991082,46.87736864660416,41.19488989299539,36.990551030290824
