,square,rectangle,parallelogram,losange,isoTrapezoid,kite,rightKite,rustedHinge,hinge,trapezoid,random
square,38.720558940306546,43.32728609428536,48.295608938477116,50.81922271511301,43.72118746847933,43.62799121907551,42.99581287977681,46.44392358669222,45.509192262778924,44.935182673434966,48.149624972584476
rectangle,43.327286094285355,38.474017621873664,44.64551682185234,48.00464193535583,47.99285896776643,46.006555818218885,45.875049893005574,45.39930231507751,43.44382078190573,46.52649247488742,50.0984145079461
parallelogram,48.295608938477116,44.64551682185234,39.614891095172325,43.19741212639665,50.5394303712187,50.57917126265393,48.80222894983416,48.2122445774665,46.1567962030104,45.47921001843096,48.61372179898805
losange,50.819222715113014,48.00464193535583,43.19741212639665,39.570546883215066,51.46944711827384,52.36929907537396,50.765730532788595,49.33692970900368,48.07219633078552,46.06282707701352,47.21905294808089
isoTrapezoid,43.72118746847932,47.99285896776643,50.5394303712187,51.46944711827384,39.54340541531689,44.370091158954196,43.56022330183218,49.02588657585664,48.81677959730717,45.03395862776058,46.795487246611536
kite,43.62799121907551,46.006555818218885,50.57917126265393,52.36929907537396,44.370091158954196,39.79188950786019,42.46159652332649,48.797295629011344,48.444899547538455,48.33954224669323,50.64420469209222
rightKite,42.99581287977681,45.875049893005574,48.80222894983416,50.765730532788595,43.56022330183218,42.46159652332649,39.375172053789115,48.26708335603895,47.8415647031681,45.133971505290994,48.50208986385113
rustedHinge,46.44392358669222,45.39930231507751,48.2122445774665,49.33692970900367,49.02588657585664,48.797295629011344,48.26708335603895,39.35540643140686,40.79738949811346,48.30660171552366,49.088341386699426
hinge,45.509192262778924,43.44382078190573,46.1567962030104,48.07219633078552,48.81677959730717,48.44489954753845,47.8415647031681,40.79738949811346,39.43336640855499,47.23968319739225,48.59827552789481
trapezoid,44.935182673434966,46.52649247488742,45.47921001843096,46.06282707701352,45.03395862776059,48.33954224669323,45.133971505290994,48.30660171552366,47.23968319739225,39.709740548871075,43.45701549718469
random,48.149624972584476,50.0984145079461,48.61372179898806,47.21905294808089,46.795487246611536,50.644204692092224,48.50208986385115,49.088341386699426,48.59827552789481,43.45701549718469,40.38146121608974
