,square,rectangle,parallelogram,losange,isoTrapezoid,kite,rightKite,rustedHinge,hinge,trapezoid,random
square,31.49173457507224,37.855291218501456,45.679748649614424,48.969314131545055,44.428696125844034,42.91220311036792,42.2005297190877,47.583325230615834,45.63146198428862,43.88934177596308,48.268398733272655
rectangle,37.855291218501456,31.11508177646191,41.11810226576875,45.68012891410713,45.18310034715313,43.273840952786905,43.10917435186606,45.24592854692428,42.55050295723869,43.621033708030886,47.56900019255742
parallelogram,45.67974864961443,41.11810226576875,35.35755319046512,39.69643480545902,46.304620246791515,45.08032874176189,44.71534884890909,45.27638967216885,43.336156112329355,42.108953821882885,45.323415784734685
losange,48.969314131545055,45.68012891410713,39.69643480545902,36.419707263718465,47.86225453502425,47.14353401603133,46.83774919929407,46.46939766040036,45.35016988398184,43.36053554518034,44.78920793828383
isoTrapezoid,44.428696125844034,45.18310034715313,46.30462024679152,47.86225453502424,34.07550078127521,40.516743607556464,39.54465657123786,45.65974681734474,45.16313194209883,40.26132369381183,42.426588641280716
kite,42.91220311036792,43.273840952786905,45.08032874176189,47.14353401603133,40.516743607556464,34.10477147385841,37.49301801364319,44.33196837586287,43.44215569980864,42.79540918236732,44.53420707885263
rightKite,42.2005297190877,43.10917435186605,44.71534884890909,46.83774919929407,39.54465657123786,37.49301801364319,34.3417368439609,43.88072163374831,43.055790919980424,40.888605923991676,43.93373312371629
rustedHinge,47.58332523061584,45.24592854692428,45.276389672168854,46.46939766040036,45.65974681734473,44.33196837586287,43.880721633748315,35.6765109897605,37.257090881643734,44.64787545246897,44.761125542818775
hinge,45.63146198428862,42.550502957238685,43.336156112329355,45.35016988398184,45.16313194209882,43.44215569980863,43.05579091998043,37.257090881643734,35.20791360512785,43.573822807583035,44.23278218719689
trapezoid,43.88934177596308,43.621033708030886,42.108953821882885,43.36053554518034,40.26132369381183,42.79540918236732,40.88860592399168,44.64787545246897,43.573822807583035,35.06273626920905,39.988036926938655
random,48.26839873327265,47.56900019255742,45.32341578473468,44.78920793828384,42.426588641280716,44.534207078852624,43.93373312371629,44.76112554281877,44.2327821871969,39.98803692693866,35.91354523240527
