,square,rectangle,parallelogram,losange,isoTrapezoid,kite,rightKite,rustedHinge,hinge,trapezoid,random
square,0.44194314843621124,0.4609635411262593,0.47541805117099045,0.4889097780820306,0.45700859858227805,0.4536041338249694,0.4524315594625333,0.46649925894675826,0.46380675445222785,0.459293069135992,0.4731766911905404
rectangle,0.4609635411262593,0.44045624478237877,0.4600597813239866,0.4745014409885365,0.47619648381568785,0.46668694002473404,0.4651203408648473,0.4579883527795584,0.4520197791431324,0.4677076405489511,0.48194150663800644
parallelogram,0.47541805117099034,0.4600597813239866,0.45710978328566926,0.4721186513495538,0.4852166201633393,0.48070756352322835,0.47745878994207913,0.4708063929320581,0.4648841363120267,0.4760604250100934,0.4877836469526054
losange,0.4889097780820306,0.4745014409885365,0.4721186513495538,0.4656559879775462,0.4917182333835535,0.49186539217762076,0.4898566593344029,0.47794608764707075,0.47429160364403256,0.48178760028737055,0.4848443596371317
isoTrapezoid,0.45700859858227805,0.47619648381568785,0.48521662016333916,0.4917182333835535,0.44665542554749127,0.46033717540543895,0.45929839859060484,0.47884128493064654,0.4777540180355133,0.4640754118915509,0.47250361238352817
kite,0.4536041338249693,0.466686940024734,0.48070756352322835,0.49186539217762065,0.46033717540543895,0.4490221197543227,0.455262051660787,0.47557420975527537,0.47305558286628063,0.4680491351974222,0.47969905275650604
rightKite,0.45243155946253333,0.4651203408648473,0.47745878994207913,0.4898566593344029,0.45929839859060484,0.455262051660787,0.4490700315156074,0.4728178644826011,0.4700953521307723,0.4625027736783758,0.477859108300388
rustedHinge,0.46649925894675826,0.4579883527795584,0.4708063929320581,0.47794608764707075,0.4788412849306467,0.47557420975527537,0.472817864482601,0.45225656399467473,0.45294171569568237,0.47208614516825864,0.48028882434749115
hinge,0.46380675445222785,0.4520197791431323,0.4648841363120267,0.47429160364403256,0.4777540180355133,0.47305558286628063,0.4700953521307723,0.45294171569568237,0.4472742527368776,0.46920856109144377,0.47920409911814094
trapezoid,0.459293069135992,0.4677076405489512,0.4760604250100934,0.48178760028737055,0.4640754118915509,0.4680491351974222,0.4625027736783758,0.47208614516825864,0.46920856109144377,0.45227729202225087,0.4683292207173351
random,0.4731766911905404,0.48194150663800656,0.4877836469526054,0.4848443596371317,0.47250361238352806,0.47969905275650604,0.47785910830038814,0.48028882434749115,0.4792040991181408,0.46832922071733507,0.4585492545828815
