,square,rectangle,parallelogram,losange,isoTrapezoid,kite,rightKite,rustedHinge,hinge,trapezoid,random
square,0.15078730828704998,0.17942225680028212,0.20830695421342962,0.2315477597889285,0.17305735026940486,0.1685752099644917,0.1640123286369842,0.18950554949452592,0.18615083756793102,0.17901427521440588,0.20501434278056446
rectangle,0.17942225680028212,0.15294038967344392,0.1794928169698086,0.20737558249730118,0.21150127201926291,0.19122612855399554,0.18844547806142814,0.18076095019785673,0.1713679362519501,0.19432402575637406,0.22575484465265167
parallelogram,0.20830695421342962,0.1794928169698086,0.1606033087941993,0.1802513089428179,0.2279373177009041,0.2207356038199339,0.20876933624016575,0.19848371849167296,0.18726614240860445,0.1932972494207441,0.21922786071152725
losange,0.23154775978892847,0.20737558249730118,0.1802513089428179,0.16102848343348924,0.23747171934162814,0.2403713786033314,0.22851668219204102,0.2099612923494711,0.20404809997907722,0.19718056362175596,0.20521982779563663
isoTrapezoid,0.1730573502694048,0.21150127201926291,0.2279373177009041,0.23747171934162814,0.15493518439192,0.17691862447540388,0.17302764916188096,0.2156926271041775,0.214813467091373,0.18199112811552112,0.19663733498283206
kite,0.1685752099644917,0.1912261285539955,0.2207356038199339,0.2403713786033314,0.17691862447540388,0.15426491671538675,0.16531822226820445,0.20905724970906647,0.2073073081037325,0.19929136703915448,0.2226155226849322
rightKite,0.16401232863698423,0.18844547806142814,0.2087693362401657,0.22851668219204105,0.17302764916188096,0.16531822226820445,0.1526791028051683,0.20501247955652827,0.20189056148230833,0.17891496497023626,0.20926175155596743
rustedHinge,0.18950554949452592,0.1807609501978567,0.19848371849167296,0.2099612923494711,0.2156926271041775,0.20905724970906647,0.20501247955652827,0.1552472688691789,0.15983500063923095,0.20058259123707517,0.21289237201081623
hinge,0.18615083756793105,0.1713679362519501,0.18726614240860445,0.20404809997907727,0.214813467091373,0.2073073081037325,0.20189056148230833,0.15983500063923095,0.15615265878606793,0.1953695839664648,0.21218985219225792
trapezoid,0.17901427521440585,0.19432402575637409,0.1932972494207441,0.19718056362175593,0.18199112811552112,0.19929136703915448,0.17891496497023626,0.20058259123707517,0.1953695839664648,0.15520761209347592,0.17618988042126021
random,0.20501434278056446,0.22575484465265167,0.21922786071152725,0.20521982779563666,0.1966373349828321,0.2226155226849322,0.20926175155596743,0.21289237201081623,0.21218985219225794,0.17618988042126021,0.16106207997268251
