,square,rectangle,parallelogram,losange,isoTrapezoid,kite,rightKite,rustedHinge,hinge,trapezoid,random
square,0.1302358051885467,0.15862192238366124,0.202106044516343,0.2321989829515166,0.17706161052252098,0.17581531406254203,0.1711458090626134,0.19685993290908096,0.19121304605905134,0.18404605636040616,0.22169568810649995
rectangle,0.1586219223836612,0.13306049835039335,0.1759807930881602,0.21416368836876395,0.21506414286949138,0.19762191766566223,0.1950209861223967,0.19011540572014837,0.17911431875421377,0.2012241534121786,0.24465870594175393
parallelogram,0.202106044516343,0.1759807930881602,0.15042745422139772,0.17345098849339194,0.23032879123817923,0.23446059099723038,0.21810459349915992,0.21542377305948357,0.20225833331132334,0.19267414941815406,0.22906698457059718
losange,0.2321989829515166,0.21416368836876395,0.1734509884933919,0.14726230561350326,0.2389121878266548,0.2561707778463683,0.23612085868435095,0.231833844474163,0.2237267954803357,0.19136680237315856,0.20813075919916119
isoTrapezoid,0.17706161052252098,0.21506414286949138,0.2303287912381792,0.2389121878266548,0.1460309303189703,0.1825100752841995,0.17253541079322227,0.23077991627488978,0.22856268727156528,0.17471014301904597,0.1981294710379182
kite,0.175815314062542,0.19762191766566223,0.23446059099723032,0.2561707778463683,0.1825100752841995,0.14623279634373018,0.15821698097934023,0.21937315521791376,0.21578199709828796,0.2097538454337903,0.23423922736388322
rightKite,0.1711458090626134,0.1950209861223967,0.21810459349915992,0.23612085868435095,0.17253541079322227,0.15821698097934023,0.13816640893294477,0.2133983388934958,0.20870190749294354,0.17877158846999283,0.2099546556286281
rustedHinge,0.19685993290908096,0.19011540572014834,0.21542377305948357,0.23183384447416297,0.23077991627488978,0.21937315521791378,0.2133983388934958,0.14826196185018142,0.1547529213057376,0.21912913574566747,0.22923890216749032
hinge,0.19121304605905134,0.17911431875421377,0.20225833331132334,0.2237267954803357,0.22856268727156528,0.2157819970982879,0.2087019074929436,0.1547529213057376,0.14890313195538768,0.2121023350012267,0.22524713747626884
trapezoid,0.18404605636040616,0.2012241534121786,0.19267414941815406,0.19136680237315856,0.17471014301904597,0.20975384543379028,0.17877158846999286,0.21912913574566747,0.21210233500122672,0.14099646966200327,0.1709073860125021
random,0.22169568810649995,0.24465870594175393,0.22906698457059718,0.20813075919916119,0.1981294710379182,0.23423922736388322,0.2099546556286281,0.22923890216749032,0.2252471374762689,0.1709073860125021,0.15071407031382653
