,square,rectangle,parallelogram,losange,isoTrapezoid,kite,rightKite,rustedHinge,hinge,trapezoid,random
square,0.17079892304638614,0.19831563717222184,0.21976358526265208,0.24002807662540673,0.18844470908858163,0.18361720489369773,0.179803904643782,0.2044732991052605,0.20133132996303496,0.1938478870806957,0.21446456875236827
rectangle,0.19831563717222184,0.1735140959201719,0.19486003101654384,0.21762066445980374,0.22282317609755667,0.2055188843647582,0.20330279224764974,0.19529700630698765,0.18701279502217336,0.20848247651358556,0.23086121015809874
parallelogram,0.21976358526265208,0.19486003101654384,0.18334714161519755,0.20277445103510328,0.23468569662901323,0.2268064540840201,0.21963754974786767,0.20943909943989483,0.20034049971008114,0.21300044265235682,0.23154943497147965
losange,0.24002807662540673,0.21762066445980374,0.20277445103510333,0.1883475823024872,0.24348248848231777,0.24364408035368346,0.23784999049737673,0.2183030062231684,0.21366226769901542,0.21857725000356315,0.2212732998954796
isoTrapezoid,0.1884447090885816,0.22282317609755667,0.23468569662901323,0.24348248848231774,0.17435690471612222,0.19173408923501534,0.18907162360360932,0.22393521522138984,0.22299309880898469,0.19751637014443035,0.20997437653412618
kite,0.18361720489369776,0.2055188843647582,0.2268064540840201,0.24364408035368346,0.19173408923501534,0.17286526413014833,0.18134612542585588,0.21789596412479662,0.2155182228397211,0.20712855178443054,0.22534938744879246
rightKite,0.179803904643782,0.20330279224764974,0.21963754974786767,0.23784999049737673,0.1890716236036093,0.18134612542585588,0.1724034547440582,0.21345511097390454,0.21036927160749508,0.1942975192134632,0.21882174010827057
rustedHinge,0.2044732991052605,0.19529700630698765,0.20943909943989483,0.2183030062231684,0.22393521522138987,0.21789596412479662,0.21345511097390454,0.17870886274680967,0.18046876933960013,0.2119594173225473,0.22106172085084405
hinge,0.20133132996303496,0.18701279502217336,0.20034049971008114,0.21366226769901542,0.22299309880898463,0.2155182228397211,0.21036927160749505,0.18046876933960013,0.17614626106223893,0.20788767938431985,0.22070960115386296
trapezoid,0.19384788708069572,0.20848247651358556,0.21300044265235682,0.21857725000356315,0.19751637014443038,0.20712855178443054,0.1942975192134632,0.21195941732254736,0.20788767938431985,0.17804177112629874,0.1975042578429853
random,0.21446456875236827,0.23086121015809868,0.23154943497147965,0.22127329989547964,0.20997437653412618,0.22534938744879238,0.21882174010827052,0.22106172085084405,0.22070960115386296,0.1975042578429853,0.18207562290685228
