,square,rectangle,parallelogram,losange,isoTrapezoid,kite,rightKite,rustedHinge,hinge,trapezoid,random
square,0.11481974458390296,0.14650970373167282,0.2508210853936307,0.29894711878632046,0.2874089173134362,0.30783317696040796,0.28860948682366316,0.30054171103607136,0.29381869709105457,0.294133648124401,0.36261916186569226
rectangle,0.14650970373167282,0.12078678408440399,0.22580087031875645,0.2824498295324154,0.32287922204827046,0.3292694384887452,0.31290087185485477,0.30101913482647635,0.2886327834197219,0.3109434124322192,0.38302127984366896
parallelogram,0.2508210853936306,0.22580087031875645,0.16513316397931505,0.19198138005475035,0.30588778650697185,0.3267655113920769,0.30001961068351113,0.28344947097873363,0.2758687543498645,0.2627809939262195,0.32328239465176756
losange,0.29894711878632046,0.2824498295324154,0.19198138005475035,0.16450842334205956,0.3109133330153805,0.3404009722090909,0.30865761934372127,0.28526538635085996,0.2853680622589995,0.2553446596442543,0.2902681913732676
isoTrapezoid,0.28740891731343626,0.32287922204827046,0.30588778650697185,0.3109133330153805,0.1745490975218415,0.23371397845945838,0.2019875739750163,0.2623630992538585,0.2646356593694907,0.22166873733915066,0.24687621308889451
kite,0.30783317696040796,0.3292694384887452,0.3267655113920769,0.34040097220909094,0.23371397845945838,0.1852625709157674,0.1865939248325949,0.2644614748414641,0.25965240885293017,0.25750072131904655,0.2815731503467618
rightKite,0.2886094868236632,0.31290087185485477,0.30001961068351113,0.30865761934372127,0.20198757397501624,0.1865939248325949,0.14487086058560628,0.22992400278318048,0.22847351032393384,0.21503936679532554,0.23758311255715073
rustedHinge,0.3005417110360714,0.30101913482647635,0.2834494709787336,0.28526538635085996,0.2623630992538585,0.2644614748414641,0.22992400278318048,0.1606420825535278,0.1737135914953761,0.25524529520115957,0.24903882438410302
hinge,0.2938186970910546,0.2886327834197219,0.2758687543498646,0.28536806225899947,0.2646356593694907,0.2596524088529301,0.22847351032393387,0.17371359149537613,0.16727006502661346,0.2528373709464022,0.25246297245470745
trapezoid,0.29413364812440107,0.3109434124322192,0.26278099392621945,0.2553446596442543,0.22166873733915066,0.25750072131904655,0.21503936679532554,0.25524529520115957,0.2528373709464022,0.176989917329123,0.21624357116832008
random,0.36261916186569226,0.3830212798436689,0.32328239465176756,0.29026819137326754,0.24687621308889451,0.28157315034676184,0.23758311255715073,0.24903882438410296,0.2524629724547075,0.21624357116832008,0.1641249280222079
