,square,rectangle,parallelogram,losange,isoTrapezoid,kite,rightKite,rustedHinge,hinge,trapezoid,random
square,0.24598568015533884,0.2772369491015256,0.3030625550908174,0.3265561058873775,0.2674640693917618,0.2609972556488664,0.25745775550562333,0.2858124165613051,0.2818354778290876,0.2736147478735557,0.2992132318959265
rectangle,0.2772369491015256,0.24672858078034185,0.273977975566881,0.30076541598988793,0.3061495631297425,0.2859156465773874,0.28344716492100785,0.2739885743376767,0.26394900520039183,0.28978975518289946,0.3170688529429291
parallelogram,0.3030625550908174,0.273977975566881,0.26283518466550276,0.286077515826693,0.3207052962712583,0.31163497180642025,0.3036058128174803,0.29225193463462107,0.2813424440442654,0.29719393885727863,0.31992770504392876
losange,0.3265561058873775,0.30076541598988793,0.286077515826693,0.2703516627852078,0.3307357711000307,0.331094652707858,0.32490534382898,0.3029968670607783,0.29712836798989367,0.303987856816826,0.3080225707063885
isoTrapezoid,0.2674640693917618,0.3061495631297425,0.32070529627125827,0.3307357711000307,0.250388872022161,0.27072473811278525,0.2683488704671997,0.3087569076203953,0.30746145526599317,0.278435408077015,0.2943951101383193
kite,0.26099725564886633,0.2859156465773874,0.31163497180642025,0.331094652707858,0.27072473811278525,0.2480622919926778,0.259030108378502,0.3017168853047082,0.2985859057886742,0.28855957712930896,0.31122527338694966
rightKite,0.25745775550562333,0.2834471649210079,0.3036058128174802,0.32490534382898,0.2683488704671997,0.25903010837850204,0.24916340099266562,0.29658137226670545,0.2925792265168164,0.27500011882051995,0.3048142572891237
rustedHinge,0.2858124165613051,0.27398857433767676,0.29225193463462107,0.3029968670607783,0.3087569076203953,0.30171688530470814,0.29658137226670545,0.2576584319904228,0.2591104702421175,0.2951167876974749,0.3077169895055517
hinge,0.2818354778290876,0.26394900520039183,0.28134244404426545,0.2971283679898936,0.3074614552659931,0.29858590578867417,0.2925792265168164,0.2591104702421174,0.25296428566796947,0.2901151584124087,0.3069271033422744
trapezoid,0.2736147478735557,0.28978975518289946,0.29719393885727863,0.30398785681682594,0.278435408077015,0.28855957712930896,0.27500011882051995,0.2951167876974749,0.2901151584124087,0.2560889721178924,0.2806861772346721
random,0.2992132318959265,0.31706885294292914,0.3199277050439287,0.3080225707063885,0.2943951101383193,0.31122527338694966,0.3048142572891237,0.30771698950555165,0.3069271033422744,0.28068617723467204,0.2633455711876199
