,square,rectangle,parallelogram,losange,isoTrapezoid,kite,rightKite,rustedHinge,hinge,trapezoid,random
square,0.3541673719863213,0.38554707335011557,0.4121423638629623,0.4354222377652326,0.3771935792579756,0.37125720250795036,0.3685383145407601,0.39532369986747645,0.39083980432131504,0.3831874450533859,0.4077341300202687
rectangle,0.38554707335011557,0.3548982296772312,0.384790576653527,0.41087191427921305,0.41405415563160697,0.3951311282793477,0.39282551066304505,0.3830558920536614,0.37287940166871003,0.3988727456471799,0.4245091696801811
parallelogram,0.4121423638629624,0.384790576653527,0.3775666780224579,0.4017950663527207,0.43002444331353024,0.4213113983767733,0.414423378900099,0.4035092889246027,0.3927314712921692,0.4107874265711015,0.4321968959632492
losange,0.4354222377652326,0.41087191427921316,0.4017950663527207,0.3891929908617019,0.4408411030116799,0.4405086282441468,0.43584672540348995,0.4152730537477928,0.4089403445367733,0.419595883475399,0.42418748305578935
isoTrapezoid,0.3771935792579756,0.4140541556316071,0.43002444331353024,0.44084110301167995,0.36147358271588526,0.3823271041119807,0.3802737254795765,0.417986921978596,0.4163182792661069,0.39047554493929976,0.40601577244357806
kite,0.37125720250795036,0.3951311282793476,0.4213113983767733,0.4405086282441467,0.3823271041119807,0.3612607744358049,0.37187307085053317,0.4113367782298469,0.4074693315831897,0.39829974170820426,0.41958756261516766
rightKite,0.3685383145407601,0.3928255106630451,0.414423378900099,0.43584672540348995,0.38027372547957644,0.37187307085053317,0.3624368404515361,0.40651649068832885,0.40197403489614414,0.3872705376209317,0.41518426984153883
rustedHinge,0.39532369986747645,0.3830558920536614,0.4035092889246026,0.41527305374779266,0.417986921978596,0.4113367782298469,0.40651649068832885,0.3711374471377562,0.3716666554434628,0.40580776187840956,0.41887186290294676
hinge,0.39083980432131504,0.3728794016687101,0.3927314712921691,0.4089403445367733,0.4163182792661069,0.4074693315831897,0.40197403489614425,0.3716666554434628,0.36403296666986973,0.4006109077059459,0.4174104298158409
trapezoid,0.3831874450533859,0.39887274564717984,0.4107874265711015,0.419595883475399,0.3904755449392998,0.39829974170820426,0.3872705376209318,0.40580776187840967,0.4006109077059459,0.37019014904750597,0.39553480850584916
random,0.4077341300202687,0.4245091696801811,0.4321968959632492,0.42418748305578946,0.40601577244357806,0.41958756261516766,0.41518426984153883,0.4188718629029468,0.4174104298158409,0.3955348085058491,0.37913278084466
