,square,rectangle,parallelogram,losange,isoTrapezoid,kite,rightKite,rustedHinge,hinge,trapezoid,random
square,0.07238768661211015,0.07086228925319359,0.09336007677091676,0.12076300003438273,0.10504247431951913,0.08065307640038308,0.07819614153891431,0.07739648853620862,0.07429751417402253,0.1147858056345395,0.12693914163143072
rectangle,0.07086228925319359,0.048910069044760376,0.082082450272367,0.11391059018699032,0.11102488860021126,0.07285325470307052,0.07380272646544267,0.05418645772783702,0.05067144601468458,0.1184340158606228,0.13244156318307276
parallelogram,0.09336007677091676,0.082082450272367,0.06592302880337698,0.06137237025866307,0.0728711742959088,0.0897495528864947,0.06272621676460449,0.08249658040901592,0.07616448849831563,0.06461216902232554,0.0722759664735476
losange,0.12076300003438273,0.11391059018699032,0.06137237025866307,0.02078688577238607,0.046291523241091516,0.11263443435569351,0.06268255656647878,0.11015265606756862,0.10095543855846825,0.02495050596639953,0.028601227904014984
isoTrapezoid,0.10504247431951913,0.11102488860021126,0.07287117429590881,0.04629152324109152,0.045989010132844836,0.10309514906068476,0.06273804529378234,0.11108414012215245,0.10286267627491273,0.03690002898082998,0.04305404254032701
kite,0.08065307640038306,0.07285325470307052,0.08974955288649468,0.11263443435569351,0.10309514906068476,0.07794774259774508,0.07259794249012307,0.07418871579771068,0.07171800757487784,0.11028080996238178,0.12007807045240355
rightKite,0.07819614153891431,0.07380272646544267,0.06272621676460449,0.06268255656647878,0.06273804529378234,0.07259794249012307,0.0474305645453076,0.07280092458480902,0.06803504731403133,0.05913425477190199,0.06615045423775077
rustedHinge,0.07739648853620862,0.05418645772783702,0.08249658040901592,0.11015265606756862,0.11108414012215245,0.07418871579771066,0.07280092458480902,0.04953528290710013,0.04859086335150585,0.11659440195055022,0.12784300894747594
hinge,0.07429751417402253,0.05067144601468458,0.07616448849831563,0.10095543855846825,0.10286267627491273,0.07171800757487784,0.06803504731403132,0.04859086335150586,0.045259119243655076,0.10700245888967373,0.11847027996773123
trapezoid,0.1147858056345395,0.1184340158606228,0.06461216902232554,0.02495050596639953,0.03690002898082998,0.1102808099623818,0.05913425477190199,0.11659440195055022,0.1070024588896737,0.017926802586530496,0.022238808346606433
random,0.1269391416314307,0.13244156318307276,0.0722759664735476,0.02860122790401499,0.04305404254032701,0.12007807045240355,0.06615045423775076,0.1278430089474759,0.11847027996773125,0.022238808346606437,0.021338433895006795
