,square,rectangle,parallelogram,losange,isoTrapezoid,kite,rightKite,rustedHinge,hinge,trapezoid,random
square,0.07771964530020033,0.07849322557143788,0.10688601692909278,0.1385215371389084,0.11835908491383937,0.09247871199172435,0.09129514363228765,0.09346599303138156,0.08838621433679199,0.1307951991034967,0.14729072340547028
rectangle,0.07849322557143788,0.05678722539246484,0.09561400867841098,0.131926665014161,0.12586128554315895,0.08674152934768863,0.0896478622766367,0.07149967715986524,0.06608641912348932,0.13555398165616023,0.15386842969068457
parallelogram,0.10688601692909278,0.09561400867841097,0.07670605931059074,0.07512072604994513,0.08894264569725917,0.10622379840419445,0.07949895461252666,0.1026438760855909,0.09422122209345049,0.08001135588605421,0.09111873647501441
losange,0.1385215371389084,0.131926665014161,0.07512072604994513,0.03323146144170973,0.06519656300145871,0.1325632904131041,0.08242511872902161,0.1336157755951331,0.12293921031046258,0.04128388698669462,0.04676631043474597
isoTrapezoid,0.11835908491383937,0.12586128554315895,0.08894264569725918,0.06519656300145871,0.057028481703266444,0.11463855969140127,0.07467315706650028,0.13009071243113662,0.12045206006752203,0.051371758140496715,0.06019825657140488
kite,0.09247871199172435,0.0867415293476886,0.10622379840419445,0.1325632904131041,0.11463855969140127,0.08432005646288605,0.08239178345639171,0.09051932636503325,0.08682005531593719,0.12639425787029832,0.13924548218841057
rightKite,0.09129514363228766,0.0896478622766367,0.07949895461252665,0.0824251187290216,0.07467315706650028,0.0823917834563917,0.057217088557567436,0.09151557995367568,0.08531981798807724,0.073957203675702,0.08405360770271979
rustedHinge,0.09346599303138155,0.07149967715986524,0.1026438760855909,0.13361577559513313,0.13009071243113662,0.09051932636503325,0.09151557995367567,0.0642471592454815,0.06346842969945726,0.13818103558575554,0.15045855260949242
hinge,0.088386214336792,0.06608641912348932,0.09422122209345048,0.12293921031046258,0.12045206006752203,0.08682005531593717,0.08531981798807724,0.06346842969945726,0.05885498401468518,0.12691771302915092,0.13981421691950585
trapezoid,0.13079519910349674,0.13555398165616023,0.08001135588605421,0.04128388698669462,0.051371758140496715,0.12639425787029834,0.073957203675702,0.13818103558575554,0.12691771302915095,0.03014206644641855,0.037649569143726504
random,0.14729072340547028,0.15386842969068454,0.09111873647501441,0.04676631043474597,0.060198256571404894,0.13924548218841057,0.08405360770271979,0.15045855260949245,0.13981421691950585,0.0376495691437265,0.03460291574617351
