,square,rectangle,parallelogram,losange,isoTrapezoid,kite,rightKite,rustedHinge,hinge,trapezoid,random
square,0.05164676595160781,0.1220044600694955,0.185423104566335,0.21672329654979902,0.2031420175320036,0.19768455802108517,0.19235058895205573,0.27696866230537986,0.2546545392024578,0.20701420668430923,0.2506085967982929
rectangle,0.12200446006949554,0.06429398634722341,0.21258210022658744,0.2606580830155764,0.2398258303065787,0.22966915290842874,0.22269689817633156,0.28254635663923694,0.2510307697538608,0.23271109413946578,0.2767975261704099
parallelogram,0.185423104566335,0.21258210022658747,0.10375174118922474,0.1415298346294644,0.20870441228553172,0.19309192114346468,0.20536864874542934,0.2718798494835826,0.24929231201754792,0.17273727351929952,0.2192803929556845
losange,0.21672329654979902,0.2606580830155764,0.1415298346294644,0.12922227778644427,0.23062684676726028,0.21739216816071685,0.2290032642986557,0.2904788401023034,0.27469032760893086,0.19656657565268132,0.22870271724265592
isoTrapezoid,0.20314201753200364,0.2398258303065787,0.20870441228553172,0.23062684676726022,0.08392233358818747,0.16203747217762224,0.14889636600813153,0.21899003525035082,0.20949140508137626,0.16785110395710234,0.1669688983047336
kite,0.19768455802108517,0.22966915290842874,0.19309192114346466,0.21739216816071685,0.16203747217762224,0.09788165761643507,0.11802394673703859,0.2257872846811782,0.20418433506513828,0.17778974550120186,0.1742234602006543
rightKite,0.19235058895205573,0.22269689817633162,0.2053686487454294,0.2290032642986557,0.1488963660081315,0.11802394673703859,0.09754312510063334,0.21485895354574122,0.19826997424392695,0.1732209824595866,0.17859042306305475
rustedHinge,0.27696866230537986,0.28254635663923694,0.2718798494835826,0.2904788401023034,0.21899003525035088,0.2257872846811782,0.21485895354574122,0.1377057446482597,0.14993650981953816,0.26436290515392386,0.23429897127367935
hinge,0.25465453920245773,0.2510307697538608,0.24929231201754792,0.27469032760893086,0.20949140508137626,0.20418433506513828,0.198269974243927,0.14993650981953816,0.12631470025867106,0.24645553251128466,0.2235451207306465
trapezoid,0.20701420668430923,0.23271109413946578,0.17273727351929952,0.19656657565268132,0.16785110395710237,0.17778974550120186,0.1732209824595866,0.26436290515392386,0.24645553251128466,0.1309343180971553,0.17338224907359248
random,0.2506085967982929,0.27679752617041,0.2192803929556845,0.22870271724265592,0.1669688983047336,0.17422346020065427,0.17859042306305478,0.23429897127367935,0.2235451207306465,0.17338224907359248,0.11269102111037708
