,square,rectangle,parallelogram,losange,isoTrapezoid,kite,rightKite,rustedHinge,hinge,trapezoid,random
square,0.020048119361344683,0.022381615894559406,0.02398139638442382,0.025918281007194097,0.021674312765920238,0.021155820984742935,0.020972084471118334,0.02337677317013087,0.022726791839847778,0.02216849062547445,0.023840388081460804
rectangle,0.022381615894559406,0.019963619586614453,0.02206483351469671,0.023872101234466137,0.02400149251768867,0.022921769764183857,0.022887883196322054,0.02222161364244068,0.021219196901252537,0.023244972235546012,0.024618535532256184
parallelogram,0.023981396384423818,0.02206483351469671,0.021499432138048266,0.02344826929571217,0.024926842154421393,0.024522829444881187,0.02414643218895398,0.023648020163853263,0.022644254342598508,0.024008045158646473,0.025265090156734133
losange,0.025918281007194097,0.02387210123446614,0.02344826929571217,0.022044627082828703,0.025818333350726586,0.025997290105291542,0.026029869458676372,0.02431314213379412,0.023700198223491977,0.024996588445804185,0.024817524815216773
isoTrapezoid,0.021674312765920238,0.02400149251768867,0.024926842154421393,0.025818333350726586,0.020445835728417294,0.021864505044159682,0.021915035335705484,0.02470765679077065,0.02421359528059665,0.022566461105811102,0.023724511512710555
kite,0.021155820984742935,0.022921769764183853,0.02452282944488118,0.02599729010529154,0.021864505044159682,0.020255065503804313,0.021157594928791257,0.024233948811727815,0.023671626773402437,0.023171470358930597,0.024428031122516482
rightKite,0.02097208447111833,0.022887883196322054,0.02414643218895398,0.026029869458676375,0.021915035335705484,0.021157594928791257,0.02053400281643405,0.024007992390121136,0.02337859211707029,0.022478886280492223,0.024458881642500666
rustedHinge,0.02337677317013087,0.02222161364244068,0.023648020163853263,0.02431314213379412,0.02470765679077065,0.024233948811727808,0.024007992390121136,0.02164605290500546,0.02139980567930256,0.024055017560824045,0.024582302352348293
hinge,0.022726791839847778,0.02121919690125254,0.022644254342598508,0.023700198223491977,0.02421359528059665,0.023671626773402437,0.023378592117070295,0.021399805679302563,0.020657552572336674,0.023375997751867907,0.024223056305335333
trapezoid,0.02216849062547445,0.023244972235546016,0.024008045158646473,0.024996588445804185,0.022566461105811102,0.023171470358930597,0.022478886280492223,0.02405501756082405,0.023375997751867907,0.02105774854182354,0.02316638769697876
random,0.023840388081460804,0.024618535532256187,0.025265090156734133,0.024817524815216773,0.023724511512710555,0.02442803112251648,0.02445888164250066,0.024582302352348293,0.02422305630533533,0.023166387696978763,0.021502688324436407
