,square,rectangle,parallelogram,losange,isoTrapezoid,kite,rightKite,rustedHinge,hinge,trapezoid,random
square,0.017125799470775187,0.026545135269633136,0.045865585203667986,0.06054698032792021,0.027299825133487898,0.029704418464705142,0.024575216195462313,0.03068900580168521,0.030966786071920188,0.040062530844096486,0.06048783247880157
rectangle,0.026545135269633136,0.019093905252947005,0.03452696090936465,0.049655307913446585,0.04174365028565508,0.03927287390205685,0.03459012128286546,0.03349841949036613,0.03028977210640192,0.045196062515084554,0.07170575088080994
parallelogram,0.045865585203667986,0.034526960909364655,0.025993950484559915,0.03366179111167014,0.0543339390153662,0.05609291435296267,0.04912809301947092,0.03714922134459927,0.03279791596769675,0.04150902789895694,0.0632623694082799
losange,0.060546980327920226,0.049655307913446585,0.03366179111167014,0.032798809380597274,0.06832556772051442,0.0733565758525725,0.06506660268239023,0.0463056144330099,0.04219295331659558,0.04830425232765772,0.06393509044483492
isoTrapezoid,0.027299825133487898,0.04174365028565508,0.0543339390153662,0.0683255677205144,0.021361039710619617,0.029580475749946558,0.025529899686351862,0.0391803558048707,0.03963481511379956,0.03907036462271682,0.054100308608972664
kite,0.029704418464705142,0.03927287390205685,0.05609291435296267,0.0733565758525725,0.029580475749946558,0.020381498976898726,0.020887650802342388,0.040730965768221244,0.041358605113324336,0.04996134030429907,0.07094940094981862
rightKite,0.024575216195462313,0.03459012128286546,0.04912809301947092,0.06506660268239024,0.025529899686351862,0.020887650802342388,0.016986174774514168,0.03461763201428672,0.03519917341827642,0.04112219732575218,0.06271101213129242
rustedHinge,0.03068900580168521,0.03349841949036613,0.03714922134459927,0.046305614433009894,0.0391803558048707,0.040730965768221244,0.03461763201428671,0.021532309728826686,0.023310843070960294,0.03896876234373676,0.054885136769498896
hinge,0.030966786071920185,0.03028977210640192,0.032797915967696746,0.04219295331659558,0.03963481511379956,0.041358605113324336,0.03519917341827642,0.023310843070960294,0.022366575678645462,0.037660651344873466,0.05538035589682308
trapezoid,0.04006253084409648,0.045196062515084554,0.04150902789895695,0.04830425232765772,0.03907036462271682,0.049961340304299086,0.04112219732575218,0.03896876234373676,0.037660651344873466,0.03172874132286057,0.04522058160629346
random,0.06048783247880157,0.07170575088080994,0.0632623694082799,0.0639350904448349,0.054100308608972664,0.07094940094981862,0.06271101213129242,0.054885136769498896,0.05538035589682308,0.04522058160629346,0.04415845163461223
