,square,rectangle,parallelogram,losange,isoTrapezoid,kite,rightKite,rustedHinge,hinge,trapezoid,random
square,0.12206498836641466,0.1458041375996982,0.17329600016180027,0.19362825821615756,0.14113381619232135,0.13919379037620763,0.13442810023174537,0.1572538810429236,0.1535268365234033,0.14811998438633622,0.17147139069649112
rectangle,0.1458041375996982,0.11958472328808989,0.1458998526657378,0.17292306453271766,0.1777397705976974,0.15727291223111226,0.15458442814988396,0.14830610584136023,0.13865434229779297,0.15967903815058027,0.19129987948446
parallelogram,0.17329600016180027,0.14589985266573777,0.1350873906821814,0.15251640912043674,0.1944951801436202,0.18529021681386615,0.1752799749960509,0.16501909426069705,0.15457115996400775,0.16146013799320785,0.1871715440102304
losange,0.19362825821615756,0.17292306453271764,0.15251640912043674,0.13809332789904272,0.20231977485223995,0.20248592999683532,0.19209527466250062,0.1758793288702296,0.17018033732141094,0.16560527291959293,0.17420266286560468
isoTrapezoid,0.14113381619232135,0.1777397705976974,0.1944951801436202,0.20231977485224,0.12487587275750867,0.14623653581712562,0.14204918061583238,0.18184034663957008,0.1809080968004741,0.1520122608554926,0.1644714501260467
kite,0.13919379037620766,0.15727291223111226,0.18529021681386612,0.20248592999683532,0.14623653581712562,0.12819240438975316,0.13684986381011088,0.17636170825698758,0.1736400995049977,0.16662741083484853,0.18772879989256355
rightKite,0.13442810023174537,0.15458442814988396,0.17527997499605089,0.19209527466250065,0.14204918061583238,0.13684986381011088,0.12663312023287765,0.17077150747325331,0.16753516361784676,0.14947870065373015,0.1762002023847789
rustedHinge,0.1572538810429236,0.14830610584136025,0.16501909426069708,0.1758793288702296,0.18184034663957008,0.17636170825698755,0.17077150747325331,0.12799452320875332,0.1313417609618871,0.16634362487060764,0.179587768055709
hinge,0.1535268365234033,0.13865434229779297,0.15457115996400775,0.17018033732141094,0.1809080968004741,0.1736400995049977,0.1675351636178468,0.1313417609618871,0.12766422448567266,0.16125255143763267,0.17907202940631584
trapezoid,0.14811998438633622,0.1596790381505803,0.16146013799320785,0.16560527291959293,0.15201226085549263,0.16662741083484853,0.14947870065373015,0.16634362487060764,0.16125255143763267,0.1306563946853109,0.14869301215053626
random,0.17147139069649112,0.19129987948446,0.1871715440102304,0.1742026628656047,0.16447145012604666,0.18772879989256355,0.1762002023847789,0.179587768055709,0.17907202940631586,0.14869301215053626,0.1350582337882491
