,square,rectangle,parallelogram,losange,isoTrapezoid,kite,rightKite,rustedHinge,hinge,trapezoid,random
square,0.006283516059341226,0.007180916648116371,0.009627499650097,0.01110348954276849,0.008901062198087131,0.008269957742468194,0.008227297910345276,0.00973173259260328,0.009209043599547054,0.008649814340602736,0.010468408271545939
rectangle,0.00718091664811637,0.005983678711402197,0.008525303763730995,0.010276798868268109,0.010031961574515257,0.008795627611497724,0.008786926455561377,0.009148296012809564,0.008369753380679081,0.009006283341924153,0.010972490289048576
parallelogram,0.009627499650097,0.008525303763730995,0.007518482399336017,0.008372196482756538,0.010591709321077737,0.010017893073995147,0.00967382274834099,0.00954436928740425,0.009000514153041527,0.008840228989446251,0.010009321368956811
losange,0.01110348954276849,0.010276798868268109,0.008372196482756536,0.007244749096629736,0.010787802169972228,0.010824924641279803,0.010421590062801947,0.010018046243734646,0.009846088209164609,0.008998661666362859,0.009257619155035117
isoTrapezoid,0.00890106219808713,0.010031961574515257,0.010591709321077737,0.010787802169972228,0.006939163090874887,0.00817799513384247,0.007877774355978938,0.010227606339036277,0.010080943213014108,0.008283161612896483,0.008831769963339241
kite,0.008269957742468194,0.008795627611497724,0.010017893073995147,0.010824924641279803,0.00817799513384247,0.00688216940220302,0.0074746821840796784,0.009609446653116093,0.009311389997100536,0.009068343200456483,0.010036408144523072
rightKite,0.008227297910345276,0.008786926455561377,0.009673822748340992,0.010421590062801947,0.007877774355978938,0.0074746821840796784,0.006851037500149357,0.009488724310256703,0.009127410574358586,0.008194023330020134,0.009444218961277064
rustedHinge,0.00973173259260328,0.009148296012809564,0.00954436928740425,0.010018046243734646,0.010227606339036277,0.009609446653116093,0.009488724310256703,0.007395736237020701,0.007554287029869549,0.00969129594445477,0.01008476370764814
hinge,0.009209043599547054,0.008369753380679081,0.009000514153041525,0.009846088209164609,0.01008094321301411,0.009311389997100536,0.009127410574358586,0.007554287029869549,0.007146233961921371,0.009326191228120282,0.010009297469578515
trapezoid,0.008649814340602736,0.009006283341924153,0.008840228989446253,0.008998661666362859,0.008283161612896483,0.009068343200456483,0.008194023330020134,0.00969129594445477,0.009326191228120282,0.00693448276417787,0.008013777299905288
random,0.010468408271545939,0.010972490289048576,0.010009321368956811,0.009257619155035118,0.008831769963339241,0.010036408144523072,0.009444218961277064,0.010084763707648138,0.010009297469578515,0.008013777299905288,0.007028416929823091
