,square,rectangle,parallelogram,losange,isoTrapezoid,kite,rightKite,rustedHinge,hinge,trapezoid,random
square,0.3412839718433878,0.37247776946752514,0.3909069779705628,0.41067505977309215,0.36232906478792515,0.3554826662754453,0.3515545110219665,0.3778694315554271,0.37571705904956615,0.36546275621330176,0.3872551455066169
rectangle,0.37247776946752514,0.33724363484486786,0.3625349473220385,0.38444062173949617,0.40385745031648906,0.37919490885558693,0.3774148904297691,0.36118135888143027,0.35251468690739646,0.38071836637481093,0.4052815560500559
parallelogram,0.3909069779705628,0.36253494732203845,0.35395882148165814,0.37331091975459263,0.41028530352036885,0.3963435906223598,0.39045976046535874,0.3768566595212781,0.36889721538370057,0.3861816792697738,0.40638770814828745
losange,0.41067505977309215,0.38444062173949606,0.37331091975459263,0.3570818415509295,0.4157279924570318,0.41073307001270754,0.40797183162086886,0.38493646867888837,0.38134258788446607,0.39184799889838295,0.3942188330999788
isoTrapezoid,0.36232906478792515,0.40385745031648906,0.41028530352036885,0.4157279924570318,0.34393165885247773,0.36545117606853755,0.36391623890748315,0.40222440509017376,0.40336852813269275,0.3715625607162786,0.38321942696894906
kite,0.3554826662754453,0.37919490885558693,0.3963435906223597,0.41073307001270754,0.36545117606853755,0.3446702040340234,0.3542666656998401,0.3907406387740651,0.3889754822206738,0.37688875693538054,0.3940081420709707
rightKite,0.3515545110219665,0.3774148904297691,0.3904597604653588,0.40797183162086886,0.3639162389074832,0.3542666656998401,0.345547923264663,0.385942847974273,0.38369566073460365,0.36627143323804423,0.3919105239044549
rustedHinge,0.3778694315554271,0.36118135888143027,0.37685665952127817,0.38493646867888837,0.40222440509017365,0.3907406387740651,0.3859428479742729,0.3483604891477727,0.34973462430383123,0.38370287441161854,0.39599964866924064
hinge,0.37571705904956615,0.3525146869073965,0.3688972153837006,0.3813425878844661,0.40336852813269275,0.3889754822206738,0.38369566073460365,0.34973462430383123,0.3447459083704758,0.38079037059185505,0.39693910972679886
trapezoid,0.36546275621330176,0.38071836637481093,0.3861816792697738,0.39184799889838295,0.3715625607162786,0.37688875693538054,0.36627143323804423,0.38370287441161854,0.38079037059185505,0.3497514517527431,0.3730022375415637
random,0.3872551455066169,0.4052815560500559,0.40638770814828734,0.3942188330999788,0.38321942696894906,0.3940081420709706,0.3919105239044549,0.39599964866924064,0.39693910972679874,0.37300223754156364,0.35302826841808893
