,square,rectangle,parallelogram,losange,isoTrapezoid,kite,rightKite,rustedHinge,hinge,trapezoid,random
square,0.09675135651303134,0.11511734125660904,0.14854425238828525,0.17228273621452675,0.12242114060304404,0.12114906380221722,0.11722354154196382,0.13807479613222837,0.13309173877337457,0.12820597072231094,0.1517438306166132
rectangle,0.11511734125660904,0.09513862180431139,0.12718838699272106,0.1576573409094619,0.1502859467061863,0.13519481433122343,0.1324216813865986,0.13137052840837746,0.12168631475992048,0.13786260068703815,0.16849425893059136
parallelogram,0.14854425238828525,0.12718838699272106,0.11870649191176015,0.13597606601245654,0.17087958263051706,0.1662212197836285,0.15588389079647047,0.15096256066877756,0.1404602244557029,0.14116738583854965,0.16474981708898004
losange,0.17228273621452675,0.1576573409094619,0.13597606601245654,0.12364177033937351,0.18168022129847958,0.18635897904940774,0.1734660162858567,0.1661984656882426,0.15949711707163253,0.1464707960796762,0.1572070470375768
isoTrapezoid,0.12242114060304404,0.1502859467061863,0.17087958263051706,0.18168022129847958,0.10395191653361481,0.12441922150877008,0.12006643067662316,0.1592363803107589,0.15596002744793186,0.1295510299295505,0.13932199667975198
kite,0.1211490638022172,0.13519481433122343,0.16622121978362847,0.18635897904940774,0.12441922150877009,0.10830988954800475,0.11653826741236806,0.15545110092894965,0.15121685785341618,0.14716593446698584,0.16539688440211955
rightKite,0.11722354154196382,0.1324216813865986,0.15588389079647047,0.1734660162858567,0.12006643067662316,0.11653826741236806,0.10632318349751765,0.15008807949484224,0.14538005994689313,0.12952037094203456,0.15151400090610212
rustedHinge,0.13807479613222837,0.13137052840837746,0.15096256066877753,0.1661984656882426,0.1592363803107589,0.15545110092894965,0.15008807949484224,0.11092579048958492,0.11393598193179738,0.15051673682196795,0.16173116920563416
hinge,0.13309173877337457,0.12168631475992048,0.1404602244557029,0.15949711707163255,0.15596002744793186,0.15121685785341618,0.14538005994689313,0.11393598193179738,0.10953150594215823,0.14413464534993228,0.15837010052994163
trapezoid,0.128205970722311,0.13786260068703815,0.14116738583854965,0.1464707960796762,0.12955102992955053,0.14716593446698584,0.12952037094203456,0.15051673682196795,0.14413464534993226,0.11061444015794264,0.12617870715142857
random,0.1517438306166132,0.16849425893059136,0.16474981708898004,0.1572070470375768,0.13932199667975198,0.16539688440211955,0.15151400090610212,0.16173116920563416,0.1583701005299416,0.12617870715142857,0.11324586261266766
