,square,rectangle,parallelogram,losange,isoTrapezoid,kite,rightKite,rustedHinge,hinge,trapezoid,random
square,0.09667586552168898,0.11529106630093015,0.15165419913922804,0.17564090998699705,0.12887640633618988,0.12668988518873983,0.1229716330134796,0.1472398720229627,0.14026804052719558,0.13346151286068875,0.1605337360157863
rectangle,0.11529106630093015,0.09487282399587245,0.13052410919850768,0.16132490050339138,0.15647355203404684,0.14051502831553395,0.13793069883196932,0.140361396441795,0.12862086967521155,0.14300251441546802,0.1762839915792254
parallelogram,0.15165419913922804,0.13052410919850768,0.1208291858899432,0.1381969030533191,0.17539104031099953,0.16952814807446603,0.16011482874987396,0.1577350336733328,0.14550602913290345,0.1456944324625731,0.1696094629328676
losange,0.17564090998699705,0.16132490050339138,0.1381969030533191,0.12513612134649307,0.18498393754417103,0.18841007474495602,0.17716293195987254,0.1715115118143112,0.1635682701026681,0.15114811907006276,0.16151377408031578
isoTrapezoid,0.12887640633618988,0.15647355203404684,0.17539104031099956,0.18498393754417103,0.1092450589178598,0.13139992480185417,0.12642215060567458,0.16799718406610162,0.16363984434513426,0.13553143213768637,0.14657266346290898
kite,0.1266898851887398,0.14051502831553392,0.16952814807446603,0.18841007474495602,0.13139992480185417,0.11354025180769171,0.1222668034667549,0.16317426492729764,0.1575385157248681,0.15349736138689918,0.17263576842052214
rightKite,0.1229716330134796,0.13793069883196932,0.16011482874987396,0.17716293195987254,0.12642215060567458,0.12226680346675488,0.11170379568158556,0.15835258623790563,0.15231249296926888,0.13585198157250197,0.15915739071966042
rustedHinge,0.14723987202296274,0.140361396441795,0.15773503367333278,0.1715115118143112,0.16799718406610162,0.16317426492729764,0.15835258623790563,0.1179077517701087,0.12053989545538392,0.16019455831016596,0.17042464119142237
hinge,0.14026804052719558,0.12862086967521158,0.14550602913290347,0.1635682701026681,0.16363984434513426,0.15753851572486807,0.15231249296926888,0.12053989545538392,0.11490052517003828,0.15221217902797804,0.16592372200176775
trapezoid,0.13346151286068875,0.143002514415468,0.1456944324625731,0.15114811907006276,0.13553143213768637,0.15349736138689918,0.135851981572502,0.16019455831016596,0.15221217902797804,0.11545944897594725,0.1329464891312143
random,0.16053373601578633,0.17628399157922542,0.1696094629328676,0.1615137740803158,0.146572663462909,0.1726357684205221,0.15915739071966042,0.17042464119142237,0.16592372200176775,0.1329464891312143,0.11911163282846796
