,square,rectangle,parallelogram,losange,isoTrapezoid,kite,rightKite,rustedHinge,hinge,trapezoid,random
square,0.0,0.007876790820598778,0.023703049288953504,0.030258141295123497,0.022802498931690174,0.02623269664648964,0.022262864647182634,0.030980241336796888,0.02792898795494414,0.024850203108869984,0.03720858595831422
rectangle,0.007876790820598778,0.0,0.01769391988038882,0.026328981614457292,0.02710916050410206,0.028432766895197137,0.025039964546288207,0.027004594133466786,0.022782824287535308,0.02563131683658848,0.03837613292875808
parallelogram,0.023703049288953504,0.01769391988038882,0.0,0.007948085169766417,0.03331550237490255,0.03288959136050118,0.03091834866211718,0.030803531036813436,0.02661456464583767,0.02019880384177397,0.03264042269349732
losange,0.030258141295123497,0.026328981614457292,0.007948085169766417,0.0,0.03793046458007876,0.03819540040311398,0.03661395961087355,0.03532585009015443,0.03256730375612915,0.021838257582525,0.029186711256829367
isoTrapezoid,0.022802498931690174,0.02710916050410206,0.03331550237490255,0.03793046458007876,0.0,0.018943428592393396,0.01574000920037566,0.027646138689820243,0.027121923119969193,0.014186727433305402,0.02376226840151452
kite,0.02623269664648964,0.028432766895197137,0.03288959136050118,0.03819540040311398,0.018943428592393396,1.1102230246251565e-16,0.00631187351684015,0.026160992361546787,0.023363953561346906,0.02183771296307524,0.025976889660752844
rightKite,0.022262864647182634,0.025039964546288207,0.03091834866211718,0.03661395961087355,0.01574000920037566,0.00631187351684015,0.0,0.02263558682170297,0.0206956753001718,0.016550546994194892,0.023681562480822427
rustedHinge,0.030980241336796888,0.027004594133466786,0.030803531036813436,0.03532585009015443,0.027646138689820243,0.026160992361546787,0.02263558682170297,1.1102230246251565e-16,0.003014146406012941,0.024105061407841633,0.024358328193099243
hinge,0.02792898795494414,0.022782824287535308,0.02661456464583767,0.03256730375612915,0.027121923119969193,0.023363953561346906,0.0206956753001718,0.003014146406012941,0.0,0.021618831652577164,0.02251542028838449
trapezoid,0.024850203108869984,0.02563131683658848,0.02019880384177397,0.021838257582525,0.014186727433305402,0.02183771296307524,0.016550546994194892,0.024105061407841633,0.021618831652577164,0.0,0.011585194071554783
random,0.03720858595831422,0.03837613292875808,0.03264042269349732,0.029186711256829367,0.02376226840151452,0.025976889660752844,0.023681562480822427,0.024358328193099243,0.02251542028838449,0.011585194071554783,1.1102230246251565e-16
