,square,rectangle,parallelogram,losange,isoTrapezoid,kite,rightKite,rustedHinge,hinge,trapezoid,random
square,0.0,0.0215533352798849,0.05419850828110939,0.07403640637763076,0.06829330833980318,0.056166320048988916,0.047663014593002595,0.07520422960418338,0.06521484505653652,0.061112745509951716,0.08960342650095943
rectangle,0.0215533352798849,2.220446049250313e-16,0.04534385367390559,0.07079638235393781,0.07704106695605084,0.0638394080862753,0.05664779699636091,0.0699282577976248,0.05584731402543641,0.06463887067713481,0.09243657204128852
parallelogram,0.05419850828110939,0.04534385367390559,0.0,0.01972140882441964,0.0833354567805652,0.06323868109548014,0.060180089581438834,0.06749078300461209,0.056925689291877246,0.04575731754068646,0.07149507132492061
losange,0.07403640637763076,0.07079638235393781,0.01972140882441964,2.220446049250313e-16,0.09683045376615362,0.07854725117464434,0.07537704772933507,0.08135195392945782,0.07460888431991863,0.05223210427485214,0.06730432605909498
isoTrapezoid,0.06829330833980318,0.07704106695605084,0.0833354567805652,0.09683045376615362,0.0,0.04684368570379094,0.040617290454905364,0.06508093957886463,0.06216888903234874,0.04077517577234524,0.05970899182213918
kite,0.056166320048988916,0.0638394080862753,0.06323868109548014,0.07854725117464434,0.04684368570379094,0.0,0.013572463332917728,0.055028214193366565,0.0468325999562319,0.047454376975818224,0.059660037216635486
rightKite,0.047663014593002595,0.05664779699636091,0.060180089581438834,0.07537704772933507,0.040617290454905364,0.013572463332917728,0.0,0.04918583920932573,0.04237784894178942,0.03814830228889554,0.0545998033290207
rustedHinge,0.07520422960418338,0.0699282577976248,0.06749078300461209,0.08135195392945782,0.06508093957886463,0.055028214193366565,0.04918583920932573,0.0,0.00979168207199943,0.05579943955085398,0.05653879115013172
hinge,0.06521484505653652,0.05584731402543641,0.056925689291877246,0.07460888431991863,0.06216888903234874,0.0468325999562319,0.04237784894178942,0.00979168207199943,0.0,0.04799287212813663,0.051598486728453574
trapezoid,0.061112745509951716,0.06463887067713481,0.04575731754068646,0.05223210427485214,0.04077517577234524,0.047454376975818224,0.03814830228889554,0.05579943955085398,0.04799287212813663,0.0,0.030961973789389696
random,0.08960342650095943,0.09243657204128852,0.07149507132492061,0.06730432605909498,0.05970899182213918,0.059660037216635486,0.0545998033290207,0.05653879115013172,0.051598486728453574,0.030961973789389696,0.0
