,square,rectangle,parallelogram,losange,isoTrapezoid,kite,rightKite,rustedHinge,hinge,trapezoid,random
square,0.0,0.00029854546368468515,0.0005205665150026517,0.0007874532650520294,0.0002050475661938833,0.00016564169645960636,0.0001124563747867402,0.0003720844979808735,0.0003352636971358791,0.00026189977083923566,0.0005152381611358559
rectangle,0.00029854546368468515,0.0,0.00020657580460647917,0.0005137691552965507,0.0006611763825039585,0.0004019719690313561,0.00036854273640196666,0.00026675612077853295,0.0001662725772291207,0.0004073802399270354,0.0007500733085821221
parallelogram,0.0005205665150026517,0.00020657580460647917,0.0,0.00019614569845927132,0.0007501447324266275,0.000629599271814274,0.0005127626167575894,0.0003757771706260904,0.000262199060983459,0.00032590950899680227,0.0006098624431476463
losange,0.0007874532650520294,0.0005137691552965507,0.00019614569845927132,0.0,0.0008668757396802507,0.0008384093986487651,0.0007358118939178038,0.0004890504382359939,0.0004321767444311897,0.0003890999362435865,0.00045025264168541135
isoTrapezoid,0.0002050475661938833,0.0006611763825039585,0.0007501447324266275,0.0008668757396802507,1.1102230246251565e-16,0.0002376879194382342,0.00019518638982884973,0.0006442561061336116,0.0006399932734609814,0.0002909246152373868,0.00043232259727965516
kite,0.00016564169645960636,0.0004019719690313561,0.000629599271814274,0.0008384093986487651,0.0002376879194382342,0.0,0.00011398988792066245,0.0005558483688115068,0.000537222229699541,0.00045026645849832736,0.0006727175269972685
rightKite,0.0001124563747867402,0.00036854273640196666,0.0005127626167575894,0.0007358118939178038,0.00019518638982884973,0.00011398988792066245,1.1102230246251565e-16,0.0004993816319638356,0.00046345486819088233,0.00025667246061855664,0.0005650909711516494
rustedHinge,0.0003720844979808735,0.00026675612077853295,0.0003757771706260904,0.0004890504382359939,0.0006442561061336116,0.0005558483688115068,0.0004993816319638356,0.0,3.7901973460874316e-05,0.0004251862168170861,0.0005416718203085091
hinge,0.0003352636971358791,0.0001662725772291207,0.000262199060983459,0.0004321767444311897,0.0006399932734609814,0.000537222229699541,0.00046345486819088233,3.7901973460874316e-05,0.0,0.0003734672396821237,0.0005507428487890875
trapezoid,0.00026189977083923566,0.0004073802399270354,0.00032590950899680227,0.0003890999362435865,0.0002909246152373868,0.00045026645849832736,0.00025667246061855664,0.0004251862168170861,0.0003734672396821237,1.1102230246251565e-16,0.00019916243216233642
random,0.0005152381611358559,0.0007500733085821221,0.0006098624431476463,0.00045025264168541135,0.00043232259727965516,0.0006727175269972685,0.0005650909711516494,0.0005416718203085091,0.0005507428487890875,0.00019916243216233642,0.0
