,square,rectangle,parallelogram,losange,isoTrapezoid,kite,rightKite,rustedHinge,hinge,trapezoid,random
square,0.0,0.02114481593295303,0.05406678904512785,0.0750546703324817,0.06922884413828123,0.05457374333811815,0.046917127681927795,0.07283338119531535,0.06176714273712969,0.05994621781454923,0.08645078657695615
rectangle,0.02114481593295303,0.0,0.04565059966406437,0.0724697520464378,0.0769037043951798,0.06173254423789787,0.0549111188345891,0.06780203651506211,0.05289521569978384,0.06408105175881262,0.0903223283939718
parallelogram,0.05406678904512785,0.04565059966406437,0.0,0.020076704265715062,0.08139081961156602,0.06148866783443874,0.05753826746301638,0.06432261447728616,0.05366531432357302,0.04334944655289574,0.06874091156797002
losange,0.0750546703324817,0.0724697520464378,0.020076704265715062,0.0,0.09664000518930671,0.0786895592822664,0.07417186671184395,0.07997635286068006,0.07320278467148778,0.050349259936897206,0.0661689314784536
isoTrapezoid,0.06922884413828123,0.0769037043951798,0.08139081961156602,0.09664000518930671,1.1102230246251565e-16,0.04474976568865474,0.039595004611733264,0.06440435969831737,0.06071688112889739,0.0412701031024173,0.05837595844354038
kite,0.05457374333811815,0.06173254423789787,0.06148866783443874,0.0786895592822664,0.04474976568865474,0.0,0.012938457972963224,0.05363717551366276,0.04572827297355153,0.04664619041885121,0.058320599790066985
rightKite,0.046917127681927795,0.0549111188345891,0.05753826746301638,0.07417186671184395,0.039595004611733264,0.012938457972963224,0.0,0.0476739034647361,0.0409510756729331,0.03770083282139658,0.052674520145185255
rustedHinge,0.07283338119531535,0.06780203651506211,0.06432261447728616,0.07997635286068006,0.06440435969831737,0.05363717551366276,0.0476739034647361,1.1102230246251565e-16,0.010086790393689204,0.05563277623594587,0.056373876469756556
hinge,0.06176714273712969,0.05289521569978384,0.05366531432357302,0.07320278467148778,0.06071688112889739,0.04572827297355153,0.0409510756729331,0.010086790393689204,0.0,0.04762008883164737,0.05136225542958828
trapezoid,0.05994621781454923,0.06408105175881262,0.04334944655289574,0.050349259936897206,0.0412701031024173,0.04664619041885121,0.03770083282139658,0.05563277623594587,0.04762008883164737,1.1102230246251565e-16,0.03035485731858023
random,0.08645078657695615,0.0903223283939718,0.06874091156797002,0.0661689314784536,0.05837595844354038,0.058320599790066985,0.052674520145185255,0.056373876469756556,0.05136225542958828,0.03035485731858023,0.0
