,square,rectangle,parallelogram,losange,isoTrapezoid,kite,rightKite,rustedHinge,hinge,trapezoid,random
square,0.0,0.019247409262248105,0.048465374274146766,0.06592812399533166,0.06217712530404951,0.048139720822971355,0.041008334175931305,0.06541898713003613,0.05511360541354504,0.05338529898012534,0.07724616311850496
rectangle,0.019247409262248105,0.0,0.041188894087461736,0.06417307500143787,0.0697325503311943,0.05497743511690989,0.04845753511684159,0.061569166996569114,0.0475657932935355,0.05775218890700029,0.08166293739262886
parallelogram,0.048465374274146766,0.041188894087461736,0.0,0.01758807874946533,0.07313373775311394,0.055126303217642225,0.05077447123172585,0.057588817385575086,0.04777036119275546,0.03881678756883389,0.06185771511979865
losange,0.06592812399533166,0.06417307500143787,0.01758807874946533,0.0,0.08624078331626661,0.07018007470370868,0.06497507849710249,0.07100606882947957,0.06460489628163513,0.04447903912584039,0.058962775996938555
isoTrapezoid,0.06217712530404951,0.0697325503311943,0.07313373775311394,0.08624078331626661,2.220446049250313e-16,0.04066841088825712,0.03592078824103928,0.05926054870640851,0.05556270969156896,0.03789253191686692,0.053464620616214376
kite,0.048139720822971355,0.05497743511690989,0.055126303217642225,0.07018007470370868,0.04066841088825712,2.220446049250313e-16,0.011857267943372718,0.048982248646066595,0.04161090349480334,0.042181612105373745,0.05374980059056944
rightKite,0.041008334175931305,0.04845753511684159,0.05077447123172585,0.06497507849710249,0.03592078824103928,0.011857267943372718,1.1102230246251565e-16,0.04338727269143383,0.03713154865701973,0.03377367002223919,0.04810534643709241
rustedHinge,0.06541898713003613,0.061569166996569114,0.057588817385575086,0.07100606882947957,0.05926054870640851,0.048982248646066595,0.04338727269143383,2.220446049250313e-16,0.00931542939479002,0.050118046629144763,0.05127370142147614
hinge,0.05511360541354504,0.0475657932935355,0.04777036119275546,0.06460489628163513,0.05556270969156896,0.04161090349480334,0.03713154865701973,0.00931542939479002,0.0,0.04273107158349587,0.046696863450408466
trapezoid,0.05338529898012534,0.05775218890700029,0.03881678756883389,0.04447903912584039,0.03789253191686692,0.042181612105373745,0.03377367002223919,0.050118046629144763,0.04273107158349587,0.0,0.027188738436585314
random,0.07724616311850496,0.08166293739262886,0.06185771511979865,0.058962775996938555,0.053464620616214376,0.05374980059056944,0.04810534643709241,0.05127370142147614,0.046696863450408466,0.027188738436585314,0.0
