,square,rectangle,parallelogram,losange,isoTrapezoid,kite,rightKite,rustedHinge,hinge,trapezoid,random
square,0.0,0.0003409151405371347,0.0005136203306748133,0.0007643865221047541,0.00022328720811681801,0.000166551075296284,0.0001059936086724722,0.00038469855226763716,0.0003576645295967351,0.0002672500681814016,0.0005346229440279515
rectangle,0.0003409151405371347,0.0,0.00019727214500731005,0.0004961619426887554,0.0007426659799281143,0.00044331622076088095,0.0004022644589393165,0.00025493148448041403,0.00015736412874944872,0.00043037436092896453,0.0007731114198357147
parallelogram,0.0005136203306748133,0.00019727214500731005,2.220446049250313e-16,0.00020598617131228902,0.0007553296058763204,0.0006067744823656795,0.0005032630940984273,0.00034463377480054014,0.00024526026857385475,0.00033853628650137857,0.0006298400295544626
losange,0.0007643865221047541,0.0004961619426887554,0.00020598617131228902,0.0,0.0008371916698769466,0.0007962154187605153,0.0007146889564066949,0.0004494776040016024,0.0004079419674298812,0.00038915974599540437,0.0004394566050275328
isoTrapezoid,0.00022328720811681801,0.0007426659799281143,0.0007553296058763204,0.0008371916698769466,0.0,0.0002520413509060626,0.00020796673086420636,0.0006754100240964345,0.0006909844935465426,0.00030357631905419957,0.0004595000888991674
kite,0.000166551075296284,0.00044331622076088095,0.0006067744823656795,0.0007962154187605153,0.0002520413509060626,0.0,0.00011413954999750509,0.0005639542173963008,0.0005519346646292167,0.0004374704505705207,0.0006625277576332023
rightKite,0.0001059936086724722,0.0004022644589393165,0.0005032630940984273,0.0007146889564066949,0.00020796673086420636,0.00011413954999750509,0.0,0.0004916528576230927,0.0004670987990471609,0.00025986710346703745,0.0005843104853660019
rustedHinge,0.00038469855226763716,0.00025493148448041403,0.00034463377480054014,0.0004494776040016024,0.0006754100240964345,0.0005639542173963008,0.0004916528576230927,2.220446049250313e-16,3.483036855500554e-05,0.0004169600832134579,0.0005441125433399696
hinge,0.0003576645295967351,0.00015736412874944872,0.00024526026857385475,0.0004079419674298812,0.0006909844935465426,0.0005519346646292167,0.0004670987990471609,3.483036855500554e-05,0.0,0.000379525849524609,0.0005691991034828536
trapezoid,0.0002672500681814016,0.00043037436092896453,0.00033853628650137857,0.00038915974599540437,0.00030357631905419957,0.0004374704505705207,0.00025986710346703745,0.0004169600832134579,0.000379525849524609,0.0,0.00022943049935164606
random,0.0005346229440279515,0.0007731114198357147,0.0006298400295544626,0.0004394566050275328,0.0004595000888991674,0.0006625277576332023,0.0005843104853660019,0.0005441125433399696,0.0005691991034828536,0.00022943049935164606,0.0
