,square,rectangle,parallelogram,losange,isoTrapezoid,kite,rightKite,rustedHinge,hinge,trapezoid,random
square,0.18459427668712322,0.21025782381457994,0.24006852762520842,0.26421783587921527,0.2114965303165606,0.20629009456807765,0.20178940387766106,0.22714386493189287,0.22060684364430924,0.21870702231564543,0.24110690512624083
rectangle,0.21025782381457994,0.18495503461122498,0.21631946710221692,0.244239357954955,0.24238490316290337,0.22526744770142967,0.22253575409890497,0.21696609127962355,0.2058522919115647,0.2313455846013602,0.2571310909855138
parallelogram,0.24006852762520836,0.21631946710221683,0.19279180669291146,0.21441725733227715,0.2559310477695671,0.2545154397310151,0.24018231029779477,0.23323474705829253,0.22166871300401197,0.22601387216568208,0.2478517948567215
losange,0.26421783587921527,0.244239357954955,0.21441725733227715,0.19322330777459407,0.26528700806735006,0.2745322931919951,0.2608965262647551,0.2440467488711809,0.23824063569060905,0.230671909933367,0.23461304294142388
isoTrapezoid,0.2114965303165606,0.24238490316290334,0.2559310477695671,0.26528700806735006,0.19294090605595693,0.21516237632530308,0.21148009281064495,0.25179113031840084,0.2483215564256019,0.2199270286196601,0.231755418762855
kite,0.20629009456807765,0.22526744770142967,0.2545154397310151,0.27453229319199507,0.21516237632530313,0.19151619051044327,0.20436662872407788,0.24543308831646093,0.24145908096477306,0.24063995833980134,0.25870820782333115
rightKite,0.20178940387766106,0.22253575409890491,0.2401823102977948,0.2608965262647552,0.21148009281064495,0.2043666287240779,0.19034306628102213,0.2421477320862487,0.23679953093768952,0.21794557244613932,0.24345781812322792
rustedHinge,0.22714386493189287,0.21696609127962344,0.23323474705829247,0.2440467488711809,0.25179113031840084,0.24543308831646093,0.24214773208624868,0.1903855789683414,0.19416712081786858,0.24007830534602545,0.2468792685716683
hinge,0.22060684364430924,0.2058522919115647,0.22166871300401197,0.23824063569060908,0.2483215564256019,0.24145908096477312,0.23679953093768946,0.19416712081786858,0.18857205778070238,0.2331225647856423,0.24394955503901325
trapezoid,0.21870702231564543,0.23134558460136018,0.22601387216568208,0.230671909933367,0.2199270286196601,0.2406399583398013,0.21794557244613932,0.24007830534602545,0.2331225647856423,0.1933514637708769,0.21190580913728355
random,0.24110690512624083,0.2571310909855138,0.2478517948567215,0.23461304294142388,0.231755418762855,0.25870820782333115,0.24345781812322792,0.2468792685716683,0.2439495550390133,0.21190580913728355,0.1922746248775959
