,square,rectangle,parallelogram,losange,isoTrapezoid,kite,rightKite,rustedHinge,hinge,trapezoid,random
square,0.17769964484936673,0.20405024170932717,0.2330142953081687,0.2568500814021743,0.20371369619687585,0.20276802003128133,0.19734994818835935,0.22011171858588263,0.2185450321142104,0.21068327774588655,0.23654791955731777
rectangle,0.20405024170932717,0.1774742158230822,0.20580460888872001,0.23481937980194875,0.234860161297286,0.22043496768142928,0.21696651859001934,0.21001601332624087,0.20372934080537208,0.22302330875771462,0.2530600852092882
parallelogram,0.23301429530816864,0.20580460888872,0.17361259934752726,0.1941789792451726,0.2447432941940754,0.24542156984398125,0.23037240352049318,0.22116267498266426,0.214515787998784,0.21142170911341507,0.2354162270563214
losange,0.2568500814021743,0.23481937980194878,0.19417897924517258,0.1737660154382332,0.25255326756685614,0.26370011505200425,0.2500142430819157,0.23077240643008679,0.2295880851786379,0.21601974708119845,0.222979717021303
isoTrapezoid,0.20371369619687585,0.234860161297286,0.2447432941940754,0.25255326756685614,0.17554645815839476,0.20345219112622748,0.2003351827274844,0.23884135050642658,0.2409355263044248,0.20613400368133492,0.21870539361990401
kite,0.20276802003128133,0.22043496768142928,0.24542156984398122,0.26370011505200425,0.20345219112622748,0.18268251386994808,0.19629364700738894,0.2385548781853716,0.2388739182262836,0.2309361573966287,0.25047175835393715
rightKite,0.19734994818835935,0.21696651859001934,0.23037240352049318,0.2500142430819157,0.2003351827274844,0.19629364700738894,0.17945846500999013,0.23605843336683027,0.23566333507422066,0.20634846467263007,0.23515058183358306
rustedHinge,0.22011171858588263,0.21001601332624087,0.22116267498266426,0.23077240643008679,0.23884135050642658,0.23855487818537155,0.23605843336683027,0.1754192883600026,0.18407038688545244,0.22925713164032815,0.23696893912853947
hinge,0.2185450321142104,0.20372934080537208,0.214515787998784,0.22958808517863785,0.2409355263044248,0.23887391822628365,0.23566333507422066,0.18407038688545244,0.181879989396682,0.22739184710033336,0.23779283154313288
trapezoid,0.21068327774588655,0.22302330875771456,0.21142170911341507,0.21601974708119842,0.2061340036813349,0.23093615739662868,0.20634846467263007,0.22925713164032815,0.22739184710033336,0.17947479026941354,0.20048381651274164
random,0.23654791955731777,0.2530600852092882,0.2354162270563214,0.22297971702130295,0.21870539361990401,0.2504717583539371,0.235150581833583,0.23696893912853942,0.23779283154313288,0.2004838165127417,0.18253425463972936
