,square,rectangle,parallelogram,losange,isoTrapezoid,kite,rightKite,rustedHinge,hinge,trapezoid,random
square,0.1777309438798408,0.2124852341617402,0.26084190587170264,0.2966937303063485,0.23987104578662638,0.2383196286747212,0.22966177947555733,0.26196686597908037,0.25764862688818785,0.2385383957026536,0.2865926568385244
rectangle,0.2124852341617402,0.17900670174524624,0.23044323414489523,0.2737196244539643,0.2788645133899235,0.2603641018491744,0.25534261767135125,0.25228738899679787,0.24099515968880045,0.2553401779477573,0.3062440728215825
parallelogram,0.26084190587170264,0.23044323414489523,0.20137549974578547,0.23046269165073477,0.2896085099680245,0.2843519770034371,0.2714879728142504,0.27243909878410405,0.2619694523959872,0.24592919087726808,0.2868157417243624
losange,0.2966937303063485,0.2737196244539643,0.23046269165073482,0.20076536022805247,0.2974070672828044,0.3047341821459494,0.2911230983641109,0.28785081717280586,0.28448961182338545,0.24870436233192464,0.26755277334313937
isoTrapezoid,0.23987104578662638,0.2788645133899235,0.28960850996802456,0.2974070672828044,0.20581742234110542,0.24178627588826854,0.23411420719018375,0.29108926897769305,0.29341106882103585,0.2356756258788854,0.2590845195697754
kite,0.2383196286747212,0.26036410184917447,0.28435197700343706,0.30473418214594944,0.24178627588826854,0.20881191885442527,0.22687358653025894,0.2847403086808817,0.27848876086636576,0.2635966624691001,0.28386854923655996
rightKite,0.22966177947555733,0.25534261767135125,0.2714879728142504,0.2911230983641108,0.23411420719018372,0.22687358653025894,0.20208010920550717,0.2810222396460897,0.27781936516183664,0.23356595110173292,0.27056370161166426
rustedHinge,0.2619668659790803,0.2522873889967979,0.27243909878410405,0.28785081717280586,0.29108926897769305,0.28474030868088174,0.28102223964608974,0.21189011746885628,0.22071482034713993,0.27469448784454203,0.28912278393855745
hinge,0.25764862688818785,0.24099515968880045,0.2619694523959872,0.2844896118233854,0.2934110688210359,0.2784887608663658,0.2778193651618367,0.22071482034714,0.21289927814124557,0.272017944851614,0.28625414472641714
trapezoid,0.2385383957026536,0.2553401779477573,0.24592919087726808,0.24870436233192464,0.2356756258788854,0.2635966624691001,0.2335659511017329,0.27469448784454203,0.272017944851614,0.19700260199887001,0.23159880014729828
random,0.28659265683852436,0.30624407282158256,0.2868157417243624,0.26755277334313937,0.25908451956977546,0.28386854923655996,0.27056370161166426,0.28912278393855745,0.2862541447264171,0.23159880014729822,0.2065947747001558
