,square,rectangle,parallelogram,losange,isoTrapezoid,kite,rightKite,rustedHinge,hinge,trapezoid,random
square,0.0057185478729766545,0.007440843947952149,0.009973117181247396,0.01179571584061513,0.007367658774093414,0.008066462177951766,0.007586644474513821,0.009099261970486692,0.00907857372110113,0.00839546653361709,0.010692962816028712
rectangle,0.007440843947952149,0.005951315846688436,0.008301216878865628,0.010062930468248053,0.009539906284513847,0.009072256125057765,0.008644522784224678,0.008741141928314978,0.008305069382809357,0.009075276485598964,0.01210931480487555
parallelogram,0.009973117181247396,0.008301216878865631,0.007668507439876576,0.008723275713328388,0.011053388058170924,0.011647380509681159,0.010605048757367683,0.010041443952454189,0.009564481557059143,0.009432221687652757,0.011794251274076292
losange,0.011795715840615128,0.010062930468248054,0.008723275713328388,0.008240551885347704,0.01221070499738252,0.013248159767207068,0.011911987995977704,0.01138975559959578,0.010974466131330886,0.010131277736530308,0.0116981609255141
isoTrapezoid,0.007367658774093414,0.009539906284513844,0.011053388058170922,0.012210704997382521,0.006329404434367101,0.008418505203100916,0.007666018426079738,0.010131050153114189,0.010514852428531682,0.008480928513535425,0.01018280669578795
kite,0.008066462177951766,0.009072256125057765,0.011647380509681157,0.013248159767207068,0.008418505203100914,0.007652365735744245,0.008150013693733539,0.010818686225951328,0.010846539671849665,0.010507464758009556,0.012571807785620863
rightKite,0.007586644474513821,0.008644522784224678,0.010605048757367683,0.011911987995977704,0.007666018426079738,0.008150013693733539,0.006965472681529616,0.0101876812137442,0.010286977012837784,0.008720743980605348,0.010998901214552817
rustedHinge,0.009099261970486692,0.00874114192831498,0.010041443952454189,0.01138975559959578,0.010131050153114189,0.010818686225951328,0.0101876812137442,0.007590008427434792,0.008067530607162825,0.00991949659627241,0.01157477519761706
hinge,0.00907857372110113,0.008305069382809357,0.009564481557059143,0.010974466131330886,0.010514852428531682,0.010846539671849665,0.010286977012837784,0.008067530607162825,0.007875122720049008,0.009839054530558932,0.01158975147275201
trapezoid,0.00839546653361709,0.009075276485598964,0.009432221687652757,0.010131277736530308,0.008480928513535425,0.010507464758009559,0.008720743980605348,0.009919496596272412,0.009839054530558932,0.007547356694871822,0.00939524824444084
random,0.010692962816028712,0.012109314804875548,0.011794251274076292,0.0116981609255141,0.01018280669578795,0.012571807785620863,0.010998901214552817,0.011574775197617059,0.01158975147275201,0.00939524824444084,0.008963273182855948
