,square,rectangle,parallelogram,losange,isoTrapezoid,kite,rightKite,rustedHinge,hinge,trapezoid,random
square,0.24031933571391684,0.2617407249795544,0.2745246775346883,0.28886672125515667,0.2551056792684247,0.25243000798433823,0.24810862879964937,0.26553389677017336,0.2640726211791525,0.25758196969118935,0.27292716156147995
rectangle,0.2617407249795544,0.23933513896062994,0.25329719191546,0.267337773148639,0.2785078962401286,0.26765788982967453,0.2647972611005238,0.255261636127161,0.24965291305124843,0.2670270387770733,0.2822794053691103
parallelogram,0.2745246775346883,0.25329719191546,0.2463992518899559,0.25911490922235864,0.28586833302969866,0.28042122868623887,0.27458548697338403,0.26381224905091843,0.2580543926526536,0.2702344683090631,0.28328764014175545
losange,0.2888667212551567,0.267337773148639,0.25911490922235864,0.24857006074845084,0.29088805988547767,0.29182984255666294,0.2873609811916624,0.26959767840473187,0.2665433656710343,0.2743995640861605,0.2761733903578596
isoTrapezoid,0.25510567926842476,0.2785078962401286,0.2858683330296986,0.29088805988547767,0.24401786971442258,0.25898006450165,0.2562078662187869,0.2796107206086421,0.2797228399389204,0.2604629228050026,0.2687805084545778
kite,0.25243000798433823,0.26765788982967453,0.28042122868623875,0.29182984255666294,0.25898006450165006,0.24739422531292665,0.25202832557849075,0.2760321361312194,0.274810150693387,0.2684456607791139,0.28076172543618827
rightKite,0.24810862879964937,0.2647972611005238,0.27458548697338403,0.2873609811916624,0.2562078662187869,0.25202832557849075,0.24445036331916006,0.27129352560264275,0.2696844225476593,0.258753310800995,0.27641123729486644
rustedHinge,0.26553389677017336,0.2552616361271611,0.26381224905091843,0.26959767840473187,0.27961072060864206,0.27603213613121935,0.27129352560264275,0.24596965739363302,0.2474470393031526,0.2696058792177994,0.2770946544420365
hinge,0.2640726211791525,0.24965291305124843,0.2580543926526537,0.26654336567103437,0.2797228399389204,0.274810150693387,0.2696844225476593,0.2474470393031526,0.244318162728611,0.26724397840318465,0.2770337770521427
trapezoid,0.25758196969118935,0.26702703877707323,0.2702344683090631,0.2743995640861605,0.2604629228050026,0.2684456607791139,0.258753310800995,0.2696058792177993,0.26724397840318465,0.2467586781516769,0.2622960238614154
random,0.2729271615614799,0.2822794053691103,0.28328764014175545,0.2761733903578596,0.2687805084545778,0.28076172543618827,0.27641123729486644,0.2770946544420365,0.27703377705214277,0.2622960238614154,0.25001807174269447
