,square,rectangle,parallelogram,losange,isoTrapezoid,kite,rightKite,rustedHinge,hinge,trapezoid,random
square,0.16016356147727623,0.19034144041255865,0.22422311937077788,0.2520869824741368,0.19557960972246832,0.1941360961076024,0.1885897813161094,0.21102495011118882,0.20923233512734096,0.20005411112088012,0.22824778125468936
rectangle,0.19034144041255865,0.1623770851771766,0.19709225819882908,0.2316421922332134,0.23176547416604107,0.21423120991776287,0.21114584752016077,0.20135507790692364,0.19426573341121062,0.2154200229257603,0.24806172624186934
parallelogram,0.22422311937077788,0.19709225819882908,0.17052857636761484,0.19238587472259105,0.2424303276121991,0.2350370709491886,0.2244474397972521,0.21497299270039308,0.2078704997829081,0.2068108736432682,0.23251752193620565
losange,0.25208698247413686,0.2316421922332134,0.19238587472259103,0.1668671215293573,0.2514508791301316,0.25359175150850644,0.24336382934305,0.227919281398364,0.22612308663676634,0.2108030747986215,0.21712636268482713
isoTrapezoid,0.1955796097224683,0.23176547416604104,0.2424303276121991,0.25145087913013164,0.17294869665477283,0.19962517359476223,0.19497304620272835,0.23541150729115032,0.23806779672226794,0.20018140716968036,0.21371260931477482
kite,0.19413609610760243,0.21423120991776287,0.2350370709491886,0.25359175150850644,0.19962517359476223,0.1759116316204412,0.18827488324367914,0.22943292169116286,0.228655768848291,0.21962601013378605,0.23665428624671142
rightKite,0.1885897813161094,0.21114584752016077,0.22444743979725215,0.24336382934305,0.19497304620272835,0.18827488324367914,0.171425620580582,0.22535989209918572,0.2255114591906508,0.19748471623736255,0.22455287119162595
rustedHinge,0.21102495011118888,0.20135507790692364,0.2149729927003931,0.22791928139836398,0.23541150729115032,0.22943292169116286,0.22535989209918572,0.16991500424856748,0.1782094874963598,0.22018785693227833,0.22969124372534058
hinge,0.2092323351273409,0.19426573341121062,0.2078704997829081,0.2261230866367664,0.23806779672226794,0.228655768848291,0.2255114591906508,0.1782094874963598,0.17539747545918621,0.21916365541371763,0.23129111023251783
trapezoid,0.20005411112088012,0.21542002292576032,0.2068108736432682,0.21080307479862156,0.2001814071696804,0.21962601013378605,0.19748471623736255,0.22018785693227833,0.21916365541371763,0.17078027821385902,0.19302867835673065
random,0.22824778125468928,0.2480617262418694,0.23251752193620567,0.21712636268482713,0.21371260931477487,0.23665428624671137,0.22455287119162595,0.22969124372534058,0.23129111023251783,0.19302867835673065,0.17375204210192724
