,square,rectangle,parallelogram,losange,isoTrapezoid,kite,rightKite,rustedHinge,hinge,trapezoid,random
square,0.229151897269416,0.25409846612577935,0.2688622470193234,0.2899296106139079,0.2449574458561131,0.23992245889126027,0.23896320988420724,0.2624421096995082,0.2563005835513723,0.25120088453220846,0.26726886344810347
rectangle,0.2540984661257794,0.2319027031289662,0.24923208881119946,0.2701980423411842,0.2722715074723968,0.25856666699349673,0.2589816837779731,0.2529827644604087,0.2435288010137085,0.2639062554447595,0.28029918851076424
parallelogram,0.2688622470193234,0.24923208881119946,0.23809219109724597,0.25760495541854583,0.2800048802293379,0.27364748613322,0.26955506419112973,0.2628510147322488,0.25311470967634336,0.2653356051336691,0.2801168212696538
losange,0.2899296106139079,0.2701980423411842,0.25760495541854583,0.24439444722907824,0.2899108220751919,0.2909277591520679,0.2886116426725495,0.27152793449917945,0.2659429888843912,0.27318898345404263,0.2743890958527956
isoTrapezoid,0.2449574458561131,0.2722715074723968,0.2800048802293379,0.289910822075192,0.23117010921925737,0.24614375572359762,0.2467701251689538,0.27720393232772433,0.27267685161394867,0.2526543677707675,0.2618820105182446
kite,0.2399224588912603,0.25856666699349673,0.27364748613322,0.2909277591520679,0.24614375572359762,0.22993522320449455,0.23959704136025906,0.27085941234962096,0.2657207083216423,0.2614761156364207,0.27415058353078864
rightKite,0.23896320988420724,0.2589816837779731,0.26955506419112973,0.2886116426725496,0.2467701251689538,0.2395970413602591,0.233572480544114,0.269976957102476,0.26408453653084685,0.2527111113705646,0.2720451513606741
rustedHinge,0.2624421096995082,0.2529827644604087,0.2628510147322488,0.27152793449917945,0.2772039323277243,0.27085941234962096,0.269976957102476,0.24097573427026,0.24043711249753752,0.27000739866977463,0.275529327640523
hinge,0.25630058355137225,0.24352880101370855,0.25311470967634336,0.2659429888843912,0.2726768516139487,0.2657207083216423,0.26408453653084685,0.24043711249753752,0.23398576369428284,0.26345227178136305,0.2722583735040345
trapezoid,0.25120088453220846,0.26390625544475943,0.26533560513366916,0.27318898345404263,0.2526543677707675,0.26147611563642076,0.25271111137056457,0.27000739866977463,0.26345227178136305,0.23847029586959362,0.25601226292030327
random,0.26726886344810347,0.28029918851076424,0.2801168212696538,0.2743890958527956,0.2618820105182446,0.2741505835307886,0.27204515136067403,0.27552932764052296,0.2722583735040345,0.25601226292030327,0.23928822544300202
