,square,rectangle,parallelogram,losange,isoTrapezoid,kite,rightKite,rustedHinge,hinge,trapezoid,random
square,0.10929509048686273,0.13053081380431342,0.16821465719141743,0.1884339327915186,0.15012019883079844,0.1500923192882851,0.13848915117801477,0.1599857867834208,0.165249644260102,0.14669214083473342,0.1785044108733276
rectangle,0.13053081380431344,0.10775893475320449,0.1464654753616467,0.1706602543000641,0.16876092020726438,0.15916275304837743,0.14895316230589697,0.15037340899755713,0.15211373644945356,0.15078381183730613,0.18654166869918135
parallelogram,0.1682146571914174,0.1464654753616467,0.11346547214267118,0.12905205041846715,0.1668580176040216,0.17440209037908927,0.1570963986702246,0.1521812206902868,0.15917790691883935,0.13759341922459398,0.16745181693638045
losange,0.1884339327915186,0.1706602543000641,0.12905205041846715,0.11549388393462574,0.1733880696514989,0.19005668642757043,0.17035200325064084,0.1653135817496888,0.17649349066182052,0.14175692980909282,0.16151668600790378
isoTrapezoid,0.15012019883079844,0.16876092020726438,0.1668580176040216,0.1733880696514989,0.11645421721295272,0.1478755555431591,0.13326085984375322,0.16939877894772226,0.1829507006177259,0.13461602853404858,0.16165785617881231
kite,0.15009231928828506,0.15916275304837743,0.17440209037908927,0.19005668642757043,0.1478755555431591,0.12726577035159745,0.13290161474161494,0.16748961368575047,0.17474117331437664,0.15892137175196333,0.18213359887262393
rightKite,0.13848915117801477,0.14895316230589697,0.1570963986702246,0.17035200325064084,0.13326085984375322,0.13290161474161494,0.11117570121900369,0.15703754245119536,0.16682661167674506,0.1310147322436437,0.16198784760427376
rustedHinge,0.1599857867834208,0.15037340899755713,0.1521812206902868,0.1653135817496888,0.16939877894772226,0.16748961368575044,0.15703754245119536,0.12313955488488429,0.13623876367822638,0.15382871599285836,0.1701368265393384
hinge,0.165249644260102,0.15211373644945353,0.15917790691883937,0.17649349066182052,0.1829507006177259,0.17474117331437664,0.16682661167674506,0.13623876367822638,0.13843939621818666,0.16358468608044655,0.17935842361706197
trapezoid,0.1466921408347334,0.15078381183730613,0.13759341922459398,0.14175692980909282,0.13461602853404855,0.1589213717519633,0.1310147322436437,0.15382871599285838,0.16358468608044655,0.10946503738191535,0.13904654265382804
random,0.1785044108733276,0.18654166869918135,0.16745181693638048,0.16151668600790375,0.16165785617881231,0.1821335988726239,0.16198784760427376,0.17013682653933837,0.17935842361706197,0.13904654265382804,0.1342078316349513
