,square,rectangle,parallelogram,losange,isoTrapezoid,kite,rightKite,rustedHinge,hinge,trapezoid,random
square,0.008948300213299395,0.010809357453800326,0.014146557870343605,0.01661658863553614,0.012023150785352332,0.012103682244500756,0.011765428873767938,0.013703158864362177,0.01307239123626627,0.012324563844292034,0.015029130523773152
rectangle,0.010809357453800326,0.008889837421035215,0.01190774700699094,0.014863713159484558,0.014682636114696836,0.013419194743234308,0.013232754804543508,0.0130527453407284,0.012003754940528792,0.0131895706508578,0.01644960177488656
parallelogram,0.014146557870343609,0.01190774700699094,0.010296099621856871,0.012032410239803528,0.016145292265004153,0.015761495312101092,0.01480801488431095,0.014162241210179527,0.013183801185837144,0.012944236005156899,0.01539301100667115
losange,0.01661658863553614,0.014863713159484558,0.012032410239803528,0.010680005718736434,0.017246383535899103,0.017562706605037365,0.01645669084892776,0.015474381945300215,0.014878028389039507,0.01351117258443537,0.014607804825155427
isoTrapezoid,0.012023150785352332,0.014682636114696836,0.01614529226500415,0.017246383535899103,0.009884335067725342,0.012028372872416298,0.011541454581838709,0.015262863171540358,0.015180046866049108,0.012138330882286013,0.013485117420570484
kite,0.012103682244500754,0.013419194743234308,0.015761495312101092,0.017562706605037365,0.012028372872416298,0.009966412614711945,0.010774277936900823,0.014790852517605228,0.014565848015636033,0.013993911805684822,0.015738302795870098
rightKite,0.011765428873767938,0.013232754804543508,0.01480801488431095,0.01645669084892776,0.011541454581838707,0.010774277936900827,0.009590625252222184,0.014153131506427002,0.013925643278190708,0.012191684340830995,0.014310359137993304
rustedHinge,0.013703158864362179,0.0130527453407284,0.014162241210179527,0.015474381945300217,0.015262863171540358,0.014790852517605228,0.014153131506427002,0.009825112525610151,0.010238512554375967,0.01412144874910161,0.01475822138374351
hinge,0.013072391236266273,0.012003754940528792,0.013183801185837144,0.014878028389039507,0.015180046866049108,0.014565848015636035,0.013925643278190708,0.010238512554375967,0.009827109186355095,0.013650736939309826,0.014620316835678016
trapezoid,0.012324563844292034,0.013189570650857796,0.012944236005156899,0.01351117258443537,0.012138330882286013,0.013993911805684822,0.012191684340830995,0.01412144874910161,0.013650736939309826,0.009933561963454398,0.011755254527707553
random,0.015029130523773152,0.01644960177488656,0.01539301100667115,0.014607804825155423,0.01348511742057048,0.015738302795870098,0.014310359137993304,0.01475822138374351,0.014620316835678018,0.011755254527707551,0.010414921337228959
