,square,rectangle,parallelogram,losange,isoTrapezoid,kite,rightKite,rustedHinge,hinge,trapezoid,random
square,0.1252276175462141,0.14486818901430903,0.16193416722468823,0.1776565672489815,0.13902925966360097,0.13641811928909778,0.13328749581025606,0.1514979451149973,0.14914344923677983,0.1431886913275274,0.16062859014371772
rectangle,0.14486818901430903,0.11897269415340928,0.1386699329635927,0.15774038569011442,0.1694153350678408,0.15149148998049197,0.14989626538318138,0.13974697779744763,0.1323679116795603,0.15218848561745849,0.17349895522331044
parallelogram,0.16193416722468823,0.1386699329635927,0.13266036893433716,0.14677382918822615,0.17689516444445197,0.1682913282467436,0.16252330861317396,0.15238920061533906,0.14495205034603764,0.15420295602034179,0.17188668508423147
losange,0.1776565672489815,0.15774038569011442,0.14677382918822615,0.1344370321722463,0.1818152226826542,0.18031529541009408,0.176043744138764,0.15927020513240028,0.15551856478284756,0.15795897634227676,0.16098907183666544
isoTrapezoid,0.13902925966360097,0.1694153350678408,0.17689516444445194,0.1818152226826542,0.12445433085780408,0.1416680530655901,0.13977879085126282,0.16982639646565856,0.17003747578730277,0.14561951022994052,0.15549279400736477
kite,0.1364181192890978,0.15149148998049197,0.1682913282467436,0.18031529541009406,0.1416680530655901,0.1269771410811798,0.13455589635932108,0.16346258768198152,0.16175387201391983,0.1543346498998089,0.16924272783711936
rightKite,0.13328749581025606,0.1498962653831814,0.16252330861317396,0.176043744138764,0.1397787908512628,0.1345558963593211,0.12788593328080197,0.15958955410371936,0.15726478594031126,0.1441848676396442,0.1649606990451104
rustedHinge,0.1514979451149973,0.13974697779744763,0.15238920061533906,0.15927020513240026,0.16982639646565859,0.16346258768198152,0.15958955410371936,0.12847828578030712,0.12962999933904792,0.1558325113156095,0.16472980419408398
hinge,0.14914344923677983,0.1323679116795603,0.14495205034603764,0.15551856478284756,0.17003747578730277,0.16175387201391983,0.15726478594031124,0.12962999933904795,0.12602691198804059,0.15258945506169316,0.1650187363239905
trapezoid,0.14318869132752743,0.15218848561745849,0.15420295602034179,0.1579589763422768,0.14561951022994052,0.1543346498998089,0.1441848676396442,0.1558325113156095,0.15258945506169316,0.12945739566047826,0.14472771090994832
random,0.16062859014371772,0.17349895522331044,0.17188668508423147,0.16098907183666544,0.15549279400736474,0.16924272783711936,0.1649606990451104,0.16472980419408395,0.1650187363239905,0.14472771090994832,0.1307189038006071
