,square,rectangle,parallelogram,losange,isoTrapezoid,kite,rightKite,rustedHinge,hinge,trapezoid,random
square,0.026267391442721773,0.03157462924083842,0.03876407969330135,0.04411086455889073,0.03106428450955434,0.03077589304084882,0.02966416727298434,0.035089076133288453,0.033841403058270395,0.0325261761831006,0.03832288909820345
rectangle,0.03157462924083842,0.026169614771740284,0.03229296842091561,0.03889964656292541,0.03900855534237011,0.03482775049837504,0.034188255925611005,0.03309855671957169,0.03060483865143449,0.035101051945231894,0.04274465994723247
parallelogram,0.038764079693301354,0.03229296842091561,0.02890067855829873,0.032757826405259136,0.043621993482102654,0.04221758750627811,0.03945453769786617,0.0369118290335313,0.03419137547542273,0.03516002752699929,0.041381719224126166
losange,0.04411086455889073,0.03889964656292541,0.03275782640525914,0.02941080579333228,0.04614200372122014,0.04689149084172927,0.04381528939646487,0.04009107780881706,0.03836562895316449,0.03642980302644925,0.03901987378251546
isoTrapezoid,0.03106428450955434,0.03900855534237011,0.043621993482102654,0.04614200372122013,0.027285138579267017,0.03237662491719918,0.03138232414271358,0.040815144928523284,0.04025606423006719,0.033277218478074244,0.03655117120142571
kite,0.03077589304084882,0.03482775049837504,0.04221758750627812,0.04689149084172928,0.03237662491719918,0.027965723534732742,0.03015168936543,0.04005495477186526,0.03919079323996678,0.03753827043546629,0.043031241258771245
rightKite,0.02966416727298435,0.034188255925611005,0.03945453769786617,0.04381528939646487,0.03138232414271358,0.03015168936543,0.027462689609133315,0.03881016189476048,0.03776005072550762,0.03289590006224547,0.03953126657279954
rustedHinge,0.035089076133288453,0.03309855671957169,0.036911829033531296,0.04009107780881706,0.040815144928523284,0.04005495477186526,0.03881016189476048,0.02766332590107008,0.028438801645661614,0.03728125640063601,0.04036942973693777
hinge,0.03384140305827039,0.03060483865143449,0.03419137547542273,0.03836562895316449,0.04025606423006719,0.03919079323996678,0.03776005072550762,0.028438801645661614,0.02741898740593452,0.03572180531376618,0.03980765705499478
trapezoid,0.032526176183100594,0.035101051945231894,0.03516002752699929,0.036429803026449256,0.03327721847807424,0.03753827043546629,0.03289590006224547,0.03728125640063601,0.03572180531376618,0.027628624880097423,0.032003146543027924
random,0.038322889098203444,0.04274465994723247,0.04138171922412616,0.03901987378251546,0.0365511712014257,0.04303124125877124,0.03953126657279954,0.040369429736937766,0.03980765705499478,0.032003146543027924,0.02925937260204423
