,square,rectangle,parallelogram,losange,isoTrapezoid,kite,rightKite,rustedHinge,hinge,trapezoid,random
square,0.020673020904826693,0.02552605914810546,0.035843888377374004,0.04204186768471338,0.03203164372206051,0.031083024213577382,0.030545357258253462,0.03690713179808252,0.0340191239561321,0.03245795920699441,0.040577273751138954
rectangle,0.02552605914810546,0.020716874868829966,0.030702525455755608,0.03840565099409592,0.038561292339305844,0.03447070748061007,0.03423135636859788,0.03563936083031507,0.03176767295728438,0.034993051198028244,0.04443457911007475
parallelogram,0.035843888377374004,0.030702525455755608,0.025510246209213442,0.029962064460500835,0.040895911964805236,0.03955433336113127,0.03793242300112969,0.03853656646823353,0.03558865635656563,0.03316857548947651,0.041060267893724474
losange,0.04204186768471337,0.03840565099409592,0.029962064460500832,0.02593098023648944,0.04274987142858958,0.04321225162731845,0.04123221749736396,0.04111760273119073,0.03939908542876324,0.033781176766745025,0.037919062899855284
isoTrapezoid,0.03203164372206051,0.038561292339305844,0.040895911964805236,0.04274987142858958,0.024314813656846717,0.030434452809181747,0.029109328416860626,0.039820246470220186,0.03912031117111973,0.030098612033710143,0.034696352646362914
kite,0.031083024213577382,0.03447070748061007,0.039554333361131275,0.04321225162731845,0.030434452809181747,0.024226269865537258,0.02652072499413567,0.03780791694910371,0.03663072028360566,0.035165892417860375,0.040077131800769356
rightKite,0.030545357258253466,0.03423135636859788,0.03793242300112969,0.04123221749736395,0.029109328416860626,0.02652072499413567,0.02318475970435821,0.03579484074559421,0.03471203182495578,0.03115676822006242,0.03702141645654538
rustedHinge,0.03690713179808251,0.03563936083031507,0.03853656646823353,0.04111760273119073,0.039820246470220186,0.037807916949103716,0.035794840745594206,0.02494420485742023,0.026046515332828746,0.03801495044200471,0.039195903505949425
hinge,0.0340191239561321,0.03176767295728438,0.03558865635656563,0.03939908542876324,0.03912031117111973,0.03663072028360566,0.03471203182495578,0.026046515332828753,0.0245904756309687,0.03640227854285141,0.038753820461904814
trapezoid,0.03245795920699441,0.034993051198028244,0.03316857548947651,0.03378117676674502,0.030098612033710146,0.03516589241786037,0.03115676822006242,0.03801495044200471,0.03640227854285141,0.024421088827474152,0.030557313980954827
random,0.04057727375113896,0.04443457911007475,0.041060267893724474,0.037919062899855284,0.034696352646362914,0.040077131800769356,0.03702141645654538,0.039195903505949425,0.038753820461904814,0.030557313980954827,0.026387712743468197
