,square,rectangle,parallelogram,losange,isoTrapezoid,kite,rightKite,rustedHinge,hinge,trapezoid,random
square,0.025126926576583504,0.029586267923989093,0.0338759414700561,0.03783521542966515,0.02822200911222133,0.027628319831118665,0.026872735247314327,0.031229294750837404,0.030537270171599518,0.029479668547810842,0.033558990916589766
rectangle,0.0295862679239891,0.02365934828255207,0.028384421948589415,0.03314100547469722,0.035358386209594916,0.031028393441194378,0.03062132655918674,0.028637803513597297,0.026781858562638594,0.03144780737567142,0.036609370266230616
parallelogram,0.0338759414700561,0.028384421948589415,0.02698515530904196,0.030409118302142775,0.037385365428164646,0.03526195166300773,0.033838778918592105,0.031687100327097005,0.029856404325925675,0.0318621887981235,0.03615382274229331
losange,0.03783521542966515,0.03314100547469722,0.030409118302142775,0.027513010058440705,0.03885194204909891,0.03832968073202304,0.03721687506721689,0.03349195450023422,0.03258511183361175,0.03287786213048548,0.033615780864154544
isoTrapezoid,0.028222009112221322,0.03535838620959491,0.03738536542816465,0.03885194204909891,0.024739721632642802,0.028709600957504244,0.02825215372501651,0.035485578797938795,0.03544442750346118,0.029944933728679006,0.03226897825698393
kite,0.027628319831118665,0.031028393441194378,0.03526195166300774,0.03832968073202303,0.028709600957504244,0.025191546042444963,0.027007464949593465,0.03388771150734857,0.03339972656174876,0.032064779520070155,0.03552469855012965
rightKite,0.026872735247314327,0.030621326559186736,0.033838778918592105,0.03721687506721689,0.02825215372501651,0.027007464949593465,0.025461352801093975,0.03298644824838172,0.032329546465867956,0.02955819595556279,0.03441835426580037
rustedHinge,0.031229294750837404,0.028637803513597297,0.031687100327097005,0.033491954500234226,0.0354855787979388,0.03388771150734856,0.03298644824838172,0.02573972010865731,0.026000045386221946,0.032313243872335314,0.03426325935427228
hinge,0.030537270171599514,0.026781858562638594,0.029856404325925668,0.03258511183361175,0.03544442750346118,0.03339972656174876,0.032329546465867956,0.026000045386221946,0.02512650917856378,0.03147402763463735,0.03436237236964012
trapezoid,0.029479668547810842,0.03144780737567142,0.031862188798123504,0.032877862130485484,0.029944933728679,0.032064779520070155,0.029558195955562798,0.032313243872335314,0.03147402763463735,0.026145920026475384,0.029638052574402513
random,0.033558990916589766,0.03660937026623061,0.03615382274229331,0.033615780864154544,0.03226897825698393,0.03552469855012965,0.03441835426580037,0.03426325935427228,0.03436237236964012,0.029638052574402513,0.026293665620044974
