,square,rectangle,parallelogram,losange,isoTrapezoid,kite,rightKite,rustedHinge,hinge,trapezoid,random
square,0.44906942604009326,0.4880806317805534,0.5118027340576577,0.5354459323422397,0.4756540469392145,0.46795080780657794,0.46258414448565455,0.49408149493490283,0.4918121764904457,0.4785339494170571,0.507953872170371
rectangle,0.4880806317805534,0.44998049674495755,0.4775611806011252,0.5053368517959028,0.5242012335162031,0.4971529023067053,0.4935689131844358,0.4791336222928399,0.4691108003176816,0.49824292191534686,0.5319888441989259
parallelogram,0.5118027340576577,0.4775611806011252,0.4665828696875206,0.48953668261118716,0.5360789499896718,0.5198280138629475,0.5117565832673732,0.4957058786744612,0.4855933188401262,0.504273087204862,0.5315680837825058
losange,0.5354459323422397,0.5053368517959028,0.48953668261118716,0.47268783205372605,0.5438185560854452,0.539233671176319,0.5325961725482447,0.5067440078023606,0.5013579511854666,0.5106057305371414,0.5170209129313713
isoTrapezoid,0.47565404693921437,0.5242012335162031,0.5360789499896719,0.5438185560854453,0.4555493339497388,0.48027544213233125,0.4762373766153761,0.5223704417167262,0.5238017480604102,0.48652537806155444,0.5027561318743181
kite,0.46795080780657794,0.4971529023067053,0.5198280138629475,0.539233671176319,0.48027544213233114,0.4558952274688862,0.4661284300990212,0.5122101519725241,0.5101550904216843,0.4952750840808765,0.5201436336337941
rightKite,0.46258414448565455,0.4935689131844358,0.5117565832673733,0.5325961725482448,0.4762373766153761,0.4661284300990212,0.4539638583391334,0.5046554535711413,0.5021943735865672,0.4802515686262889,0.5132289411190629
rustedHinge,0.4940814949349028,0.4791336222928398,0.4957058786744612,0.5067440078023604,0.5223704417167263,0.5122101519725241,0.5046554535711414,0.4611069355433587,0.4639021827474999,0.5008608976891716,0.5190162081509297
hinge,0.4918121764904457,0.4691108003176816,0.4855933188401262,0.5013579511854666,0.5238017480604104,0.5101550904216844,0.5021943735865673,0.46390218274749995,0.4576541607475978,0.49721317936308485,0.519725248806697
trapezoid,0.4785339494170571,0.49824292191534686,0.504273087204862,0.5106057305371414,0.4865253780615543,0.4952750840808765,0.4802515686262889,0.5008608976891717,0.49721317936308473,0.4605545626937254,0.4887155510456893
random,0.507953872170371,0.5319888441989258,0.5315680837825058,0.5170209129313713,0.502756131874318,0.5201436336337941,0.5132289411190629,0.5190162081509297,0.5197252488066969,0.4887155510456893,0.4702015040491916
