,photo_face,photo_profil,photo_eyes,photo_face2,photo_walking,photo_standing,photo_hand,photo_legs,photo_bird,photo_butterfly,photo_girafe,photo_fish,photo_cherry,photo_tree,photo_flower,photo_carrot,photo_watch,photo_key,photo_truck,photo_velo,photo_road,photo_house,photo_mountain,photo_windmill,drawing_face,drawing_profil,drawing_eyes,drawing_face2,drawing_walking,drawing_standing,drawing_hand,drawing_legs,drawing_bird,drawing_butterfly,drawing_girafe,drawing_fish,drawing_cherry,drawing_tree,drawing_flower,drawing_carrot,drawing_watch,drawing_key,drawing_truck,drawing_velo,drawing_road,drawing_house,drawing_mountain,drawing_windmill,geo_face,geo_profil,geo_eyes,geo_face2,geo_walking,geo_standing,geo_hand,geo_legs,geo_bird,geo_butterfly,geo_girafe,geo_fish,geo_cherry,geo_tree,geo_flower,geo_carrot,geo_watch,geo_key,geo_truck,geo_velo,geo_road,geo_house,geo_mountain,geo_windmill,word_face,word_profil,word_eyes,word_face2,word_walking,word_standing,word_hand,word_legs,word_bird,word_butterfly,word_girafe,word_fish,word_cherry,word_tree,word_flower,word_carrot,word_watch,word_key,word_truck,word_velo,word_road,word_house,word_mountain,word_windmill
photo_face,0.0,113.11578057671547,133.7801669603645,113.79719473786086,136.7521014837132,134.2818851252831,134.823869743338,146.3014857463985,153.98544337159998,152.45314433175045,156.53477182022596,148.37233522829874,141.91132943643643,139.2031059977362,138.24726195658755,140.13763335143761,150.7525673226114,152.85270371152262,151.10992382367039,154.19932717633907,165.93155197740256,140.921588557494,151.03096989345764,155.67106130461204,114.5615540580332,124.63189197500905,144.89444971985802,119.70406883735583,141.57729464786894,135.33703825929848,145.14831876206384,153.37233439749158,147.7610810386099,158.42259031708002,147.58922719944286,150.95155212271675,148.47910369987298,137.77477953044422,142.5015868199544,143.13539611075032,149.03879081421678,154.49473679221882,148.20647939216047,156.39915542240485,149.5870678809078,146.82365009919025,144.78639108420364,147.77684786358572,145.59844379101656,142.38302240546028,150.62756010518098,145.08658590485604,144.0851853187122,145.575906200239,140.8190764907939,145.29491742971047,143.6536163390442,150.10318758669592,151.1767093627413,159.13360605774784,147.5813737165171,144.01283783677712,140.98410840993336,146.99547969912766,150.76086862010715,154.2907635070065,148.2621646937532,154.91986335366883,156.55468325412974,141.14895455186598,152.25689714395745,146.0384479652575,152.71195216863418,151.59455509966907,153.76951389804918,158.7925819456329,157.61280478672978,157.53250211469862,154.35084744067836,158.02025247642982,157.0257604456538,158.6650044577518,155.98013988812679,159.38669736768892,157.94134909589766,153.4763945000208,154.3091458178053,157.10191778034076,156.22545643348016,152.38245413579335,156.63818881458573,155.72391041991446,156.30316265106774,154.32583106258826,161.96944051738353,154.96464208124212
photo_profil,113.11578057671547,0.0,145.19227749406235,137.22411412373415,137.8541868522712,142.35766733266215,137.73124756797776,145.17668325085643,160.43528275915736,153.76400774012373,154.43174794121572,154.4603425738016,145.80489682132426,144.0969427344583,146.40977433421364,149.4934728795084,158.39129318821153,155.52895828039001,153.9672458110006,152.85178563684812,166.3563817743343,137.7973923465123,149.60166752606386,152.82710007055817,134.35952660000927,105.1266876434485,157.2805772289269,135.08703167810174,143.7760760081352,147.38187415569547,149.5209415171306,148.93926413964152,153.72735147130697,159.0484759156579,148.59636382811922,158.37763759651085,150.27569445494626,145.8896938093659,143.29328229040263,151.55464193052606,158.7748114226596,159.12769572920473,152.62447937751452,152.9728679258245,158.20421083616617,150.75060089690896,152.31369058126234,150.89611298800168,158.2518434303878,147.6534953545595,163.71448489952365,156.77711998035005,153.63840213460952,156.05396843899484,145.77301787068367,156.79099485504375,152.4551610277078,158.11107226570107,152.15521613936426,167.28041832535186,153.55502844608432,153.99589588038648,153.65110427546162,157.36178719672236,163.73928780654936,162.57222917143554,154.0425710457749,158.97258808889728,164.79934116950454,145.90466476524477,160.88433913112067,152.42433962081304,166.6984186963949,165.74753271249855,167.2774928520532,170.22474932257853,168.9176306509011,168.4666455845194,167.8819975217788,170.08848379181728,168.7793575630368,170.7895350669893,168.68148686605005,170.48065246945592,169.39118348717952,168.19385705040034,167.20727662271466,168.82345996001382,168.34874435875915,166.9967853810971,168.5776199125905,169.1705821525622,170.4522363740195,166.78071865790358,172.95785602245488,167.92158771276092
photo_eyes,133.7801669603645,145.19227749406235,0.0,119.39952605292567,159.0614128406378,159.78242444176828,148.76037469605873,159.2600946534528,165.20690513854382,162.18546039139113,164.82002467903544,158.96997928771145,159.3428797194445,165.48416368137705,161.37366904480365,165.73804022958882,171.9517423864661,154.4138363290518,154.8493372204918,158.67355457138635,142.9370899042596,151.4546970284848,153.55499654548314,167.42509209316728,152.24053183049116,153.12425175159927,142.67578876981958,132.77798737524168,165.2741677377642,160.3046473335037,167.6615028218787,164.26720919766834,159.9509089341486,168.6052866075144,167.46226510910924,165.11737870107459,161.0885758201011,163.72771555233263,161.67485126704867,168.37348969711505,171.07868845943196,160.2761238232482,156.78885055059902,160.37439921182497,152.93097330645134,149.40863787583294,156.72852767008678,167.02448012350217,159.47853214767588,162.13293919890498,157.17611871050863,154.2690498040297,163.12415830068463,166.22010195257693,160.06618069624992,166.7929496577064,163.6936708425472,161.68129691195713,162.50100194317545,163.60412077724428,164.0465628868688,164.65175367484414,164.61921083619362,168.1573708854512,169.5393075619193,160.17155825521755,152.15934849358305,157.29075874267284,172.87661657443772,155.37117720359922,164.08965319819188,162.4876009793206,167.60136005345072,163.48305264641886,166.49431788761166,169.6577918841225,167.02914571292263,166.09065240217353,169.18365411190973,168.76513415562664,168.07299659785372,167.7746482456754,168.18147077690335,167.52991599471179,167.62294962612788,167.19571889515552,165.5119607027644,167.7786376507348,166.23048560176395,167.20166592708847,167.22591996248238,168.48531667486492,169.42838426358622,164.73870299447046,170.87664820130058,167.9561154430443
photo_face2,113.79719473786086,137.22411412373415,119.39952605292567,0.0,151.91889521099222,150.89546677574276,141.75747380709532,149.54223498685604,162.19280856953662,159.49726463036885,164.89943793767011,160.8004329365077,155.63170631364437,156.8976759726,156.46025831388306,160.67599221432502,165.57348140324035,162.2682128019316,160.47100049318033,163.82916666398884,153.55242841181308,149.0696948593687,159.54463895906738,164.5024310562106,135.64143089664452,142.92418490800003,155.4983296311333,115.2404885447454,157.37165793791172,154.5765115005113,161.7135514032335,160.87521850930395,160.32036851567827,165.1709246848536,163.03214193187813,165.28422484573412,161.91914156824276,160.09384532382145,157.9665217878856,164.21490216616633,165.51424180921845,165.96277512092715,161.20875509121788,165.0391108041975,160.69922409229864,156.51244917150294,159.4433390327388,161.66643565740094,159.83660140942868,158.1703972170601,164.90383568987832,151.44469260933445,160.7452268886094,161.49550985206966,157.9573430150539,163.8480133846168,162.83233221495564,166.109415602816,161.17789338304533,170.07257004931594,162.91784630480458,163.29607321201402,161.74194220655232,165.18226854044156,166.71342869381718,167.46830550071252,158.18752803529827,165.129014460515,167.4876035897017,154.6478353252986,164.88560597585723,160.27159818645163,168.591581913145,166.9769004300704,168.95434569728917,171.1023618310285,169.80719656977286,169.4166826679109,169.7635293561963,170.46676484013994,169.83250277404406,170.21856958609936,170.1677209280893,170.3081446354222,170.68873881428408,169.0882839440767,168.8979784770602,170.1469880817445,168.99311210107666,169.49663685119404,168.74472464204126,170.30637738267052,171.01810869877258,167.00843352913125,172.32877435306955,169.37894055368068
photo_walking,136.7521014837132,137.8541868522712,159.0614128406378,151.91889521099222,0.0,106.56349833424366,128.93656074963482,118.7931585575269,140.62504275505137,149.31698504184402,137.40447670032958,137.9662016808456,128.488420928803,129.4891417252156,120.1718003990408,127.78150966303825,142.64580787929265,141.40034991109414,146.3254055762862,132.86013007101698,166.0331608110216,137.3301904073241,142.649352127281,143.0123893334369,136.12878697295545,133.3007835340126,153.02937240000313,143.75634276914772,90.85948313452725,122.70084368119943,138.65985987695,132.13961760840743,137.6844629161709,157.40712778024374,122.88398692425596,142.90474238429022,143.74720569275266,126.46045294095828,131.27831482059176,130.82848365620222,143.94964321262867,145.12058380963063,140.9717834945954,136.17019637261046,140.83608524920018,143.40978621295645,134.8229532746416,136.499040381191,154.07558662500108,123.2092027502973,151.27041956841046,150.1489381309558,119.0966723668871,131.65119037599024,131.38640825546912,128.79824323817712,127.03244233902481,151.48982431558437,128.56591781204511,154.00921899221868,134.12327160295328,128.16852871549997,132.34515995045524,131.80261385919806,136.8841207591398,145.6928793653568,142.56665268765855,143.74409071434152,146.63659192290805,136.0750362043463,140.36791424575796,137.89992764429928,144.77110941100852,145.91524239164534,146.10962597029408,147.9488470691958,147.9806517859644,148.84000989367004,143.91397735167882,150.19202350202713,146.69449465036993,149.89970054063102,147.95202290097222,150.54900664721544,149.4647698154619,146.0074789279079,146.01727049406193,146.79113255476722,147.27973841953624,145.51321250794024,146.89773312993012,148.10603195771355,149.20421971180087,146.02487885119842,151.21561146990595,145.6529185113421
photo_standing,134.2818851252831,142.35766733266215,159.78242444176828,150.89546677574276,106.56349833424366,0.0,126.97359014881866,117.22650435570456,146.51867169619007,148.11021399121563,133.70350837988548,145.50164526152741,135.0667917819287,128.92720482088882,109.1550035182437,115.70179490291682,135.78155648954757,145.4790325989666,148.04507357342627,141.7704363253923,166.94079848554648,138.0304377171777,150.8776759042132,141.92498664556686,134.93286028777678,137.36869667944617,152.191676030592,140.39442238448018,103.89874400131445,97.56662946467799,126.53920602645687,130.59857912057262,140.3822339849192,153.454162780721,116.83232998450583,148.03678125472197,145.65430859802314,120.95121087793484,121.61872476614015,115.810342048403,136.54559799014731,145.8726008734729,146.14743076594547,144.3012276541759,138.08180592616014,142.43463198289254,139.85229415209122,127.31100190559634,151.88322055314686,120.2280138768134,151.62748576429166,141.88133840495803,116.9619479171299,115.786523016995,122.90345932850269,120.85731861174726,121.70855819918995,150.27824441869151,121.68115654924426,157.74773628183124,135.31024640539894,127.1405680924327,123.06716755509275,117.99590011425761,132.44314564936195,147.87368092708067,146.62009975237123,148.74329618254498,140.66721384690354,130.01189825972395,140.5952493347348,128.0041896046321,145.79663758451252,147.91768202062406,148.18256461566912,150.7731152193245,152.85089927490677,153.54817080950411,146.32985289256106,153.40700089845467,151.3551914752727,153.87375413684472,150.70576360320777,155.3015275663586,153.8452911129871,148.41700512144365,148.3069597456604,151.45508981735904,150.79418592884448,147.23607623083777,151.59461950581453,149.14715073134312,151.19072260958134,150.1183504311244,155.85138333355175,148.60671585789328
photo_hand,134.823869743338,137.73124756797776,148.76037469605873,141.75747380709532,128.93656074963482,126.97359014881866,0.0,129.13283969053902,154.48658380546257,153.49361454040613,146.5084281475384,146.77627783316836,139.25902214165586,140.0162903253391,130.05721435921168,132.3817235965702,144.42996731270762,146.29153632330326,153.37242571276744,145.499580581729,160.46319172199375,141.45560089623856,150.19841285195082,150.66903760354285,138.93642478480388,136.81328335352018,156.85002758150645,141.4237175470692,135.95853532675238,134.06740941547181,102.04750100446549,143.52275089436685,149.2769426549191,158.64710049100145,138.1218143276384,151.07319803441754,150.0713021371375,137.50648229925565,129.31907859549193,137.8230624728614,142.4756936118998,150.46558891191603,148.414138563739,149.42717999774442,149.87074732138512,150.5442521122344,147.84839579450738,142.60088116710898,155.85033812150473,138.44183117542613,158.09414383828224,154.8764725941672,140.18380433421268,141.77318399749817,121.60413447717868,139.0880970401578,137.66363777577095,154.94644260398533,140.006301322009,163.1314965907685,145.3795971533915,142.17612764448762,140.59866533084625,141.64203589480476,147.11549709484157,154.85838450768733,152.09051961167853,152.73989796262242,150.2574280436684,140.81826815453093,149.02869899627936,144.19604505382313,156.77739721829516,156.39954570045037,155.60274367572663,158.66274540882992,160.08536473239803,158.63888202800783,155.62661026258752,160.3903245237143,160.0077205324862,161.04391696489466,158.3421941611519,161.98970047032876,161.16407286976423,156.2934801468652,157.3057014775721,158.49673749764702,157.4113316132177,156.81191978449144,159.4086303009169,156.0874561254084,160.72533072579012,155.99558970710265,162.43690210862601,155.80664644516392
photo_legs,146.3014857463985,145.17668325085643,159.2600946534528,149.54223498685604,118.7931585575269,117.22650435570456,129.13283969053902,0.0,153.83868639363192,152.31271893792044,144.04966980682386,149.71918580923014,140.96056997872626,138.28837163526248,128.2166170635789,127.12363732471204,148.12830263122484,151.30294945944271,157.5095269859616,146.79962312510722,165.07810167961605,145.35429270440653,151.682700077135,150.42026426071203,137.91125088699047,144.8586660271326,160.83523596243248,144.7459756624502,124.72331370522839,131.70243120430044,139.25265106665094,107.71966064843089,145.7996480402571,159.28070102257902,132.84228818128983,153.9936664078324,149.56521487577024,134.53049628825173,138.191149291273,130.22578318137568,143.54203535781244,155.40062783984436,154.86374119075117,149.31836458366,150.32579744159412,153.5775858837446,147.58814270061416,141.54452611296014,160.05377789617722,130.00133859452714,162.98838531361207,157.41272633907224,137.17865427879323,139.9971632574578,138.870023457036,132.32663355911424,132.69459587972025,158.46677734103065,136.29446199077088,165.9268267122877,143.55049509484502,139.95383182982874,141.18949439267504,133.33675326816072,147.2536770123689,159.113766739874,156.14773941817143,153.62084525814225,154.50441867783508,143.63490182546025,150.3720519349284,144.52574895376057,158.44032455232832,160.01843039748292,160.22485582731377,161.817305533198,162.7566457381084,163.34190423245875,158.9971934437861,163.81773364948083,161.31428199828062,164.06449505462683,162.71794020645274,164.59741998618495,163.63876311083266,160.6470481902886,159.90031404545593,162.03255412116164,162.20110127889595,159.6642207433243,161.39970001415168,160.13895682667197,163.59826233732437,159.97566219752574,166.5845767952588,160.4354599812684
photo_bird,153.98544337159998,160.43528275915736,165.20690513854382,162.19280856953662,140.62504275505137,146.51867169619007,154.48658380546257,153.83868639363192,0.0,145.89037529693127,143.3729872754493,117.90351265200162,144.62750478098226,146.4465795211721,137.27428335407708,147.63122769095713,153.2122959096268,129.24735810398573,144.66184696885227,136.41142289694187,169.3388424803342,149.56529283000964,151.08932772124396,154.50027054762649,149.99519735884692,155.56278764067332,151.4266746521809,150.54301802306526,144.87782861589957,146.04119547666153,159.0520188589585,161.88610897099025,102.94272095557825,159.19813812542253,148.585523608251,129.9771678216336,148.74629543591558,144.63177625494708,144.3179458216011,152.23385454870322,152.8124510569077,133.5593228727764,141.62092262776932,138.6962606363417,135.81255409973608,142.80728634358928,135.28077444056146,152.4900132647724,160.6172253199993,148.25681996834584,148.7480749153127,166.539742351365,150.7914785504647,153.26202665646758,154.0508967765169,155.32734871531656,145.1395462529298,159.20816127896694,148.84121990681908,150.97767229673812,154.11129138403945,149.28253064402696,148.39438442222723,156.34749684799084,156.19219994184232,137.060566180603,145.14453842718885,147.91540994169824,168.51221040184285,152.256073412636,149.68809102817684,153.7651635007736,146.89787625837099,146.40809409622412,147.88718256695,149.77152253425783,148.49120829236955,148.0776925838986,147.60037632582288,149.63167241363666,148.54982183550678,148.98089883527882,148.37081975567497,150.86814347408352,149.88465396100315,147.67478985417316,147.01772876497614,147.7410355487805,147.39906517170556,148.43065756803952,147.58961046914976,150.97915123582504,149.5944037215037,145.75706691497024,152.87270412906162,147.24693234337448
photo_butterfly,152.45314433175045,153.76400774012373,162.18546039139113,159.49726463036885,149.31698504184402,148.11021399121563,153.49361454040613,152.31271893792044,145.89037529693127,0.0,151.7268564958777,139.70928770986546,142.90246146280518,145.7534945506277,143.98900088846935,149.33931894466062,162.56683055771782,148.17524200560646,144.94678199231973,139.3207415515321,168.13769752952527,146.82082795792698,151.64506797527878,146.61978124251308,148.11857547576685,151.2174323163762,151.3616025394579,144.91350726303375,150.0483628839554,146.1899390431519,156.03258855658513,157.01785350324903,142.50950707456812,87.01344429168365,150.80282347563292,142.35821962939104,143.87844086006032,145.67335234341977,143.93695682149595,149.36477511457812,160.1359311548891,147.95585500049856,144.27060685793282,139.6024276520927,143.7849111904124,140.93623111056155,145.03922262599193,140.53517605973747,160.0009798067703,153.60157336258095,150.56172894933658,165.37694079288607,150.51865949907994,150.1825973112501,147.39479103040102,150.13511083021262,153.72667751819262,144.2768455624726,152.0112664641198,156.80241157851097,148.65146726656778,150.10159410054015,146.69388467813266,156.1832006320148,161.31477316040446,154.5448701203109,146.0217723797203,146.17490387500567,164.33891405913909,150.33708197576928,146.44030614160081,144.0861906785748,154.9075021942425,154.1347074506923,154.22333808607266,157.06714834205957,157.97327302173824,157.48741765056624,155.70965935962187,158.169135446591,157.77602051470245,159.04497658889736,156.98882057567994,161.6741283301515,158.21566648013805,155.2557793440518,155.5382012422609,157.17480602555884,156.30660838395997,156.42130304868223,156.97783357593664,155.91264576529375,157.8129410694513,154.49488168958646,163.37431151075856,156.2276879134049
photo_girafe,156.53477182022596,154.43174794121572,164.82002467903544,164.89943793767011,137.40447670032958,133.70350837988548,146.5084281475384,144.04966980682386,143.3729872754493,151.7268564958777,0.0,141.91601502050625,145.94648502911363,149.4052832163288,133.5303570721212,143.35289564568316,160.05103318620374,143.7472669400981,148.0051317350965,139.88839105773403,168.87829104728587,144.89550063437133,153.5212300356951,146.1508037806424,149.04845082371835,149.226248284349,159.74300878577057,152.6261338936549,139.6170339030548,138.16706048828027,148.1046772247152,148.15323966247502,139.54675652475916,156.91458859411796,99.7829557077322,149.0470534308063,149.10647050579556,143.57432982872123,138.7028547588266,145.28202680422083,158.49632305311823,146.27929159720082,146.9418752952368,139.2503073916383,143.6004595125523,146.5395777959346,145.15431115421575,143.8809391764715,161.66210880143126,144.5596205323663,159.92317027344006,163.16158332831952,146.5926694282031,146.19636395474322,147.69546505534854,148.98762324197776,141.3737328609906,159.01723117279946,122.8710720822404,162.5738448372003,150.2847238839118,149.7566504511078,148.22191082002618,151.27425916857567,161.74024676089698,153.02090924456252,148.75690713412487,149.03471124791622,164.1443465948347,147.89014399074753,150.06641566458418,148.5061329989594,163.0633661995446,161.2577664079311,163.46648135802448,161.81196895782227,161.55103893760457,160.98525887896622,161.7679204278574,162.4271845237221,162.07970044088253,161.03498088845348,163.1397491538317,162.2998090954185,162.34140861431283,162.2298545416625,161.64107388744858,161.01416051414728,161.23495271632325,163.66846256080768,160.72434702367568,164.38415966053824,165.51931766409623,158.66398833490874,163.63008189376464,161.97726589836148
photo_fish,148.37233522829874,154.4603425738016,158.96997928771145,160.8004329365077,137.9662016808456,145.50164526152741,146.77627783316836,149.71918580923014,117.90351265200162,139.70928770986546,141.91601502050625,0.0,137.95732740452834,141.69960259135098,136.34874788374273,140.9174444700156,155.966317710626,122.89364923902271,132.48349858388227,128.252721248951,166.07760869890532,145.73822079500056,144.6663466503105,152.096920352986,145.85959931461426,150.82334086895364,144.84267059040363,147.5019416298458,145.73601715742097,144.65189296226117,155.82238342671263,160.127563857175,121.81582356662199,152.2748902438514,145.97947140140033,90.32716692795081,142.09048150088822,141.2150504697857,143.62307122566503,146.24724447915307,154.18228049590078,125.04404045461446,126.88252116459898,132.3881529078311,130.52385992693658,135.0322536610921,122.68414929957335,150.66612662287372,157.53640924661303,147.05967252068618,138.91720449403368,163.80850082027797,150.66516464381468,153.4186437284079,150.00215018244046,153.45974742602402,144.97623071726002,153.77981811855824,147.9223382603149,137.1665244464913,151.24352148322973,147.98173055801672,147.09243210848342,153.3972778519973,157.87672774612395,133.60367454336668,133.82177413685676,140.25910449505028,168.50683354645554,148.28904485910735,142.3675963903112,150.29002077739216,138.96773025404372,137.49481808770085,137.4159690341934,139.9246390097032,137.37166838884434,136.92554178140128,138.7092414950569,137.94660672878484,137.8051711776161,138.18661050898385,139.02800773981915,139.15912480371213,137.73920671908002,137.70742055042518,138.7811781761134,136.51465612770335,136.9946703121813,140.0646523070158,136.30959317161197,140.8306248997937,140.8517619759074,134.32828026889985,142.15398057571824,137.7003624766821
photo_cherry,141.91132943643643,145.80489682132426,159.3428797194445,155.63170631364437,128.488420928803,135.0667917819287,139.25902214165586,140.96056997872626,144.62750478098226,142.90246146280518,145.94648502911363,137.95732740452834,0.0,124.44335195591538,130.01605476699805,127.31826884405481,149.4394563159463,139.77372773725764,148.68935902269172,136.1423014563872,169.9934375632904,135.32762845990692,146.26603752802743,144.40818395244702,141.66759275856643,144.97174147365618,155.5059207527252,148.82109016336724,133.9557087664699,137.83827671254576,146.18570156033607,143.08561202705636,138.37561214452498,150.50904470515928,135.40824033990359,139.2473892820247,100.59361275831816,135.3391089678851,132.9404462363728,133.75278298193257,151.16594071217912,144.34603671613576,139.98406501457092,139.12009911202992,144.5318763135848,137.9699389141998,133.320592740192,139.62191897832795,151.92899048775763,144.5634654674416,149.36779833883196,159.51384860040488,135.7541193096027,142.8991720459029,133.0175963760951,141.16046953910964,133.03361966721693,142.60250318169372,132.98584354732753,156.5936693008293,121.1819954732976,136.74612190910304,139.67442376897844,142.55643801020418,149.9229157532836,145.95764514881927,140.74693756952735,135.44522349203086,154.89916269560723,133.53207883317847,142.12145562505074,142.79836616324008,152.1366528521374,151.68273252504378,153.16938397224726,157.03978697931143,155.75130821357843,155.62035726347818,153.79114567273774,156.63915775448555,155.12729493039063,157.9287642214882,153.84479782531622,156.8683171812507,154.25329955594253,153.38141651396887,153.3567501407829,154.24286389745313,154.7193697144589,151.73638924888633,155.35620917269924,154.13317961102092,155.48148527023895,153.29005804395453,162.5278993040213,153.8956536639578
photo_tree,139.2031059977362,144.0969427344583,165.48416368137705,156.8976759726,129.4891417252156,128.92720482088882,140.0162903253391,138.28837163526248,146.4465795211721,145.7534945506277,149.4052832163288,141.69960259135098,124.44335195591538,0.0,124.06619912465489,123.30757265632782,143.17047402669363,148.70427335359395,149.94467745940952,141.42147882563106,167.9628804515065,133.29187403316124,139.10595732930835,139.61752601729052,142.198252985343,147.17919446376953,158.7422707971912,150.42871248813546,133.89927803275256,136.13593437997483,148.77270361080184,150.4025958354086,142.98451153465632,153.65130118694523,135.94301235122674,144.5759205231867,137.35537979670795,110.55076695798347,132.53716657300433,132.33158384727582,148.06504046571254,151.16429454665382,144.06231695561766,144.25346570728652,146.2248041497305,140.72736173205078,134.76662676725914,137.88545409181032,155.5229315453613,138.54783285507332,157.2617860261591,158.91665080497967,137.078125299863,140.27706614963026,132.1738232366325,136.0529162887148,136.5024932806781,150.21784501379702,140.36589897062558,160.27077116908933,133.6760923093879,122.49378513416133,136.71093688298677,135.29896571317798,146.8489785104933,155.2890595070103,145.80890850184042,150.8413735855871,149.87325625361348,132.26764766076852,142.68072962689928,139.18371037123862,149.88797903999296,152.49568031312916,150.85901022883596,158.2026464801264,156.97493858846903,156.59740045989577,151.64521347025837,156.81843172498384,156.347087737068,159.89919553049225,154.61988450009406,160.030050166916,157.88375938245696,152.7772422120997,152.4508617915638,156.76716502770864,155.4675026022839,152.35227546550112,157.61395377401453,153.45702128859915,155.09917079788502,153.93269503616614,162.3081467316565,153.0220000390053
photo_flower,138.24726195658755,146.40977433421364,161.37366904480365,156.46025831388306,120.1718003990408,109.1550035182437,130.05721435921168,128.2166170635789,137.27428335407708,143.98900088846935,133.5303570721212,136.34874788374273,130.01605476699805,124.06619912465489,0.0,103.21861611245889,135.2236970272737,142.36992498688906,149.95261119435722,143.06717230657654,165.16815322910887,136.75666847273487,145.61645525028948,141.00246980989172,134.35319112358687,142.08470646154112,154.6853534330037,144.121782078416,124.43636021052116,116.67727167854267,128.01140873984622,143.91525906980806,136.3106199684312,150.92425947235114,124.01536666546701,141.01203903982605,141.67209818764022,118.35666170703234,102.04585523096758,112.46767845674918,138.07471433588594,143.04314607613864,146.09121169418276,145.97578434539273,136.19132014127527,143.61275215008703,137.37282211042873,132.54225693424877,152.5848726438972,119.69032854942412,153.3399414344734,145.63337604080021,125.64546616122976,124.31756421136198,126.26527200205483,126.65569081431397,116.8675510515983,150.26261677374774,126.81880461312464,154.56534656968643,136.1332242160783,122.27415713679117,113.01568152261322,118.48270352363662,132.52878501627643,146.30740796271868,148.3591532068752,149.44170520263216,142.78019133950644,134.6989091213176,140.8727579094783,131.76070724678306,144.01501312596358,145.2460089314131,145.74193273424413,150.38983802856208,150.8703409260948,150.6457363273812,144.5263045121861,150.91691782614043,149.6167308270682,151.76746738961614,148.0377979514379,153.19627654544544,151.2406393512421,146.2679538282379,145.76556352508769,149.66871330966413,148.75968387913693,144.72588262735397,149.6745363246352,145.31501404174705,149.11106794799835,147.83664383576118,154.93109652232502,146.53424113485445
photo_carrot,140.13763335143761,149.4934728795084,165.73804022958882,160.67599221432502,127.78150966303825,115.70179490291682,132.3817235965702,127.12363732471204,147.63122769095713,149.33931894466062,143.35289564568316,140.9174444700156,127.31826884405481,123.30757265632782,103.21861611245889,0.0,134.01024342971994,146.01211687278777,151.88671108869292,146.11545026027056,171.61418651679665,142.57085501210526,151.93555717305608,148.15561212475654,134.6848303790287,145.55765540507133,155.95260061787428,146.44328198088877,126.84207855544962,117.20882942797327,127.81574823472359,137.45908050224975,139.8506672299402,153.54168897075752,130.04328842770184,142.69638963045307,138.55903224666469,116.40515843787647,119.1919985991776,69.41577603377054,136.88546277063398,146.74456426175703,146.69722956845447,150.39445833056314,140.82521982092567,145.82392914612342,137.45890795669268,138.1373778751178,150.3261951882312,126.7015485477396,152.58435856077872,146.4898677994838,123.24524208408836,119.09608434830427,123.15320762685803,122.51128064963063,120.80603535703321,149.22471743252746,132.54599033351607,158.0986965536954,136.079291800836,123.9660583111909,116.93051651208899,97.92332229425351,135.81848564574472,150.23066178267584,148.48396315168483,150.508349555499,145.20446409863789,134.96783137099692,140.5378554349285,133.75784114740898,143.92805049788208,146.8503656249839,146.11218285836858,151.79051570105668,152.5339015946102,152.00517773543774,145.83140071056954,154.12870396335595,152.53664931193404,154.7926090732235,150.2021317567391,155.7975192026229,152.9408310963341,147.84631264284377,146.0328840692906,152.38435829826503,149.6122724320567,145.1819780781018,152.93112101277893,144.47335051229106,149.96866076623738,149.82732984613924,158.31427509026082,147.65096539205243
photo_watch,150.7525673226114,158.39129318821153,171.9517423864661,165.57348140324035,142.64580787929265,135.78155648954757,144.42996731270762,148.12830263122484,153.2122959096268,162.56683055771782,160.05103318620374,155.966317710626,149.4394563159463,143.17047402669363,135.2236970272737,134.01024342971994,0.0,152.24494768762253,160.322232563175,152.647895890269,177.03709930837175,152.42217014522956,160.47170106361756,154.63233609397278,152.36338328888905,154.50988419202278,166.67175614130443,155.7573915812641,142.84291807070636,137.8517781457995,143.84382667454156,157.8904674982214,149.8951747080535,166.30048914291206,148.19370562089247,155.4354467614174,157.60487993175076,138.5415549549863,140.53532693328532,137.4897670722914,98.0081475758448,156.22409478701604,155.74357438126472,155.9975401795719,157.16792503964126,156.12818391261374,152.5452362139142,146.44788082965079,161.06370947357985,142.39061024783794,165.06183328867013,160.8437444713342,140.0088475914587,141.13238120099118,141.91447579529964,142.85779605212403,142.05730468839005,158.1672447460209,147.1466811495405,164.98859118014838,151.54053665994502,145.69224204871622,143.07315595015297,142.74756524713845,120.8102964789595,156.65392655734402,158.35885343450582,157.55684653027086,154.6464674291651,144.5699363349513,158.41644188760316,148.4539720491173,156.82426815258714,159.45572658629325,156.74175435555418,164.0270185294392,163.96204920031454,163.21193381017991,157.78072206137978,164.0854044282269,163.79125360352597,165.73999162219852,162.3022872356595,166.8892728463894,165.57175801214197,159.64804106025358,158.62610756770673,163.8452400358378,161.92174405937791,157.47940426663754,163.96042076839223,158.96187629639803,161.55548550941242,161.5951459110764,168.963983530661,160.05414367233067
photo_key,152.85270371152262,155.52895828039001,154.4138363290518,162.2682128019316,141.40034991109414,145.4790325989666,146.29153632330326,151.30294945944271,129.24735810398573,148.17524200560646,143.7472669400981,122.89364923902271,139.77372773725764,148.70427335359395,142.36992498688906,146.01211687278777,152.24494768762253,0.0,130.77666932220774,125.87169732018329,166.218426064879,146.86621058571916,147.8995877765072,156.43543137848368,148.00660946016419,151.30931124799343,138.54183003497536,147.57099308854487,144.22099318922773,138.33423408962432,154.28742419091796,159.68252302310293,127.6753470732815,157.14326960438214,145.30628608962434,126.68766255078742,139.34197160903375,138.4891147595072,139.3467851939352,145.2883101673449,149.7113664161214,63.52951466976372,124.46811881267949,125.760179273069,117.1914456388068,128.56086336915985,120.3540012103129,147.10797757877012,152.39387328747824,144.5429403162832,130.20341124196577,161.55606466822215,143.53364030298096,147.35891703565258,146.29610222154366,147.08466075809707,136.42423523752817,144.00665422289944,141.70335550901837,129.7492808780583,139.7691149175594,145.71294789877768,143.92681328714187,150.05444498777268,147.09712893549386,81.78080381727068,123.32500676251901,124.52372419605784,160.6670332808814,144.2993825094474,139.93977924518316,148.50355077873203,128.72068288775293,123.81376636240702,127.46550852446488,128.03700728976276,121.25109249471495,120.15367560227163,128.4280800797676,122.49182337483118,123.29885423011639,124.97087633838706,125.50090711828052,124.5570224066473,122.91032089873679,124.5051133673455,126.39798481466255,120.61225736202069,122.69915319201984,126.94866191194886,120.91189159044887,133.0396856931071,128.72885221240062,121.09917894641136,129.01619364050478,125.2903142960112
photo_truck,151.10992382367039,153.9672458110006,154.8493372204918,160.47100049318033,146.3254055762862,148.04507357342627,153.37242571276744,157.5095269859616,144.66184696885227,144.94678199231973,148.0051317350965,132.48349858388227,148.68935902269172,149.94467745940952,149.95261119435722,151.88671108869292,160.322232563175,130.77666932220774,0.0,133.54918693057093,160.91369229241033,143.33561376774182,146.9895743970028,153.7513692862674,149.75785403587946,151.03657884312335,145.4944048161208,146.2287226323727,148.39918210708154,145.3548261492528,159.22808761233375,157.2414102111226,137.9898678933665,150.06645584799074,150.69204779465704,133.22860556136908,142.6123945072122,144.76323956360972,145.81386680283006,149.85101044118022,160.82833498659778,131.5080250260032,77.81579223444892,131.75086898773284,135.70547061032968,123.85613290985836,132.3275038858031,149.32041651681558,156.10090920115218,151.76626874306112,147.75357452845606,165.53892132808195,146.0972079919888,150.9556583685353,145.47035048995772,154.89332944323584,150.38108982307136,151.82309840338493,145.5170647887658,144.54740493124157,150.04434447614645,151.26608119242164,152.20311842776633,156.13053519666772,160.3272302919932,135.11292884621642,91.03149008995554,134.26051902089705,160.58331444445474,145.44296149828284,145.18760024165505,149.72719566840325,147.3359231069685,144.6166596757151,146.5056898117404,147.68725218366987,144.4244388179592,144.24178785400224,148.75022455278398,145.5357395122034,145.16884345364042,146.30990867201913,147.77365560652177,145.94511630906817,145.39447678669208,146.82648920705003,146.79573190631115,145.06963406684946,144.96367630354317,149.46888508814314,144.19799029349568,150.9734310158587,148.53358767481143,143.13367983030884,148.18907291080583,147.47525980937678
photo_velo,154.19932717633907,152.85178563684812,158.67355457138635,163.82916666398884,132.86013007101698,141.7704363253923,145.499580581729,146.79962312510722,136.41142289694187,139.3207415515321,139.88839105773403,128.252721248951,136.1423014563872,141.42147882563106,143.06717230657654,146.11545026027056,152.647895890269,125.87169732018329,133.54918693057093,0.0,164.93173700549525,143.24817451154877,144.26207738115218,146.32088711468057,152.5235931786041,148.6611913773965,149.17141886711542,149.94763479770526,137.017498650675,141.61612180201283,152.06701480562856,150.02938880066534,129.65166659132763,149.59684510637567,138.9601820566038,132.97466597383035,133.86335077399318,142.18145914309184,141.80450364579656,147.86966662734451,149.0504402179401,128.76185347129973,126.38978288744313,56.4761276373608,126.0987787543269,129.9964872753463,123.32948983019386,142.27832558305178,148.66968027101558,147.30576735414968,141.29068191619345,162.81136732559793,140.32828724976534,146.17607858066125,142.88080215165175,148.818824368693,140.83495431945138,142.70112127546332,137.59561944646734,143.19926548549748,134.16292209082042,140.7149260851912,144.91424448833385,149.60553935484387,150.9700248296286,135.65120868914434,130.00932129076543,98.27399730546972,159.62061901477006,144.00560020173046,133.57786238771052,143.5769343103379,144.6911689303624,143.24561114932894,143.54959174457807,147.11819423914864,146.08734505792805,146.16783304824727,145.1585955377978,147.30497593524188,146.68345586201804,147.55445418594707,146.27887008432347,148.18125348163295,147.17881584863824,144.38453140832846,145.20173359941964,145.63188265519238,145.15761292808668,146.28408836765325,145.4475971906736,146.57571342819904,148.07627470070835,143.14725408177839,152.11845241653066,144.6110342262206
photo_road,165.93155197740256,166.3563817743343,142.9370899042596,153.55242841181308,166.0331608110216,166.94079848554648,160.46319172199375,165.07810167961605,169.3388424803342,168.13769752952527,168.87829104728587,166.07760869890532,169.9934375632904,167.9628804515065,165.16815322910887,171.61418651679665,177.03709930837175,166.218426064879,160.91369229241033,164.93173700549525,0.0,158.33772179330268,157.43142928784022,169.27520771163134,169.9020654699777,172.1650711039418,176.7110624494493,163.60066292667267,172.63486366148518,170.14133388020764,177.18011263872532,177.60760740677654,171.7878545811242,173.8495933982287,172.47708510427972,173.72879901689416,173.34496011101572,168.4905939834851,168.24481341504782,175.44414978004477,178.02780237019405,171.78552836600898,164.14739375995174,166.3257314725573,156.25569224428088,161.13461842685058,165.4136923550487,171.9503508880295,174.58839847494008,171.9383346234885,174.7814310133784,178.88585765076434,172.7083371144358,174.39209541845295,171.86066005431064,173.4016959905077,173.49840016188958,171.55516718540048,171.04878845733592,178.64903112024305,172.4265136459999,170.2209536640924,172.39129672294234,176.23700138677373,175.7267039713824,175.05825011719975,164.08705267500343,169.09770874006023,164.86479753633532,168.46497338010062,169.75683763474294,173.43179250656308,179.4028793650379,177.43662516742756,179.53445844374806,180.83632512951297,178.1957677584018,177.86457167548323,180.26880463869279,179.90151975430854,179.5810306167957,179.846164870023,179.627413696366,180.62010714527932,179.47759994162868,179.53941645921216,178.46555467201006,179.2154291938498,178.49589111764257,180.09881818934102,178.8212244927296,179.94889271417046,181.44325136758684,177.03520921761125,182.0192367718773,179.3791987935469
