,photo_face,photo_profil,photo_eyes,photo_face2,photo_walking,photo_standing,photo_hand,photo_legs,photo_bird,photo_butterfly,photo_girafe,photo_fish,photo_cherry,photo_tree,photo_flower,photo_carrot,photo_watch,photo_key,photo_truck,photo_velo,photo_road,photo_house,photo_mountain,photo_windmill,drawing_face,drawing_profil,drawing_eyes,drawing_face2,drawing_walking,drawing_standing,drawing_hand,drawing_legs,drawing_bird,drawing_butterfly,drawing_girafe,drawing_fish,drawing_cherry,drawing_tree,drawing_flower,drawing_carrot,drawing_watch,drawing_key,drawing_truck,drawing_velo,drawing_road,drawing_house,drawing_mountain,drawing_windmill,geo_face,geo_profil,geo_eyes,geo_face2,geo_walking,geo_standing,geo_hand,geo_legs,geo_bird,geo_butterfly,geo_girafe,geo_fish,geo_cherry,geo_tree,geo_flower,geo_carrot,geo_watch,geo_key,geo_truck,geo_velo,geo_road,geo_house,geo_mountain,geo_windmill,word_face,word_profil,word_eyes,word_face2,word_walking,word_standing,word_hand,word_legs,word_bird,word_butterfly,word_girafe,word_fish,word_cherry,word_tree,word_flower,word_carrot,word_watch,word_key,word_truck,word_velo,word_road,word_house,word_mountain,word_windmill
photo_face,0.0,3849.5448651977435,4535.856816607756,4038.3241678962413,4351.378633396171,4200.697911416709,4296.424548623014,4512.408580202004,4960.947937162741,4859.847677971608,5091.089688988445,5104.328393357,4835.492602873781,4462.090985172171,4514.979517689213,4544.5778007153285,4665.773356823041,4915.025165530116,5317.67106539236,4934.506710071096,5487.749201776995,4886.310628242318,4667.435603526162,5038.807461961519,3618.54165360108,3992.468104665315,4626.566130875025,4098.373475397927,4231.973398658889,4158.980014612304,4475.2032169832055,4417.535476383534,4876.7604417847315,5191.439957851738,4590.429718486316,4893.109436450932,4923.441566733493,4226.912552024992,4416.361742476751,4368.171319461106,4285.012885846117,4872.045948716907,5078.01837702653,5017.5137866201785,4624.295629593555,4901.946699382441,4615.8579271688795,4751.68733651281,4472.413817298167,4120.040941083442,4593.038958270595,4360.356113280397,4249.400752569734,4239.294937908293,4492.709447455205,4241.888653212421,4205.504351225132,4703.100421181581,4592.707349374983,4621.990981638572,4694.249170632962,4327.316190251113,4185.058020183583,4232.657537443587,4279.253751564774,4717.0799419485265,4975.980173011839,4737.289353387596,4568.306961593587,4490.311198170964,4410.185874509054,4565.860517103924,4408.297682608618,4359.910941588907,4396.376215434661,4441.549417742203,4556.168655434916,4553.398611565681,4371.065661496207,4564.662951046445,4491.800702992221,4507.81837295645,4432.692556276226,4528.608939072567,4526.14072010833,4372.815583973017,4394.163748092589,4517.162926959912,4459.425809027735,4345.532263336617,4522.887827186693,4355.814021758518,4461.451129460477,4457.3882416896395,4631.565089364201,4407.0611756457465
photo_profil,3849.5448651977435,0.0,4781.816033850797,4621.194050665992,4743.250923346518,4735.448853375478,4574.19688627783,4879.786947433383,5291.127532453649,5013.540994438745,5290.302589768938,5408.527784278604,5104.564568340715,4798.689221682757,5006.477200632753,5083.961280723373,5136.254063757469,5216.967609563464,5492.473529454085,5211.455335908295,5617.581707848783,4856.68047757039,4880.776195591085,5075.222393070184,4446.033756908942,3569.2645153531957,4971.892991932897,4618.9849407086185,4674.6326731346835,4698.211819116082,4863.627803944995,4610.618012239014,5225.884303312281,5315.0848351104405,4886.757752866047,5234.676437622547,5083.961236104526,4706.098400187667,4740.339944599801,4923.460064559433,4853.973498618143,5179.448495774195,5344.816138477534,5246.492747633503,5036.02040141603,5116.279825842911,5001.71805615411,4980.030112340856,4920.651488085174,4652.098121291365,5002.902093520681,4882.441477246325,4798.615611821388,4755.958845115312,4780.251495973582,4727.568329279254,4720.530502297779,5011.350252916801,4885.969461261993,4998.0038248317005,4983.438217578416,4794.618654585527,4776.150757915035,4830.241309913072,4845.233060598509,5100.145990237467,5227.940468516,5061.185205536946,4935.03875848197,4686.002591500759,4833.902188951782,4902.408588107991,4926.526612326248,4855.353059075572,4907.503507410167,4907.303157731301,4985.400683052063,4973.603479811763,4883.36675183512,5005.80740889156,4936.2551211647005,4967.527591926219,4898.439411489064,4969.950545739176,4961.049796841683,4880.1325131488065,4886.433015375328,4949.93437616267,4910.425892645076,4897.189813094728,4962.577699957952,4885.970188844937,4945.748533445418,4911.464388495155,5066.766296729618,4875.870043803671
photo_eyes,4535.856816607756,4781.816033850797,0.0,4280.750336493684,5144.176019805383,5118.475062759335,4850.703030693384,5152.703816938294,5289.429440825313,4901.644022201711,5323.046559468887,5345.733124638388,5363.603586534944,5266.253959635989,5453.1158679745495,5524.8356766392235,5509.259948981673,5077.62536234662,5164.786178845144,5074.330981616612,4741.016222646112,5207.95619278705,4588.246922625374,5323.105835170981,4770.076994789977,4724.3963511135635,4322.128961827764,4304.666214517077,5088.477914798636,5032.681897427929,5282.583923430023,4952.954202548757,5217.916484428604,5145.730429063382,5232.90743731442,5113.222337196269,5119.89607644518,4980.1473017223425,5097.519901852683,5239.929428213278,5065.286070746344,5060.480626111878,5131.746401175947,5042.958338610836,4718.8851461494105,4777.297800694247,4857.50804424069,5266.119879085929,4657.229135245251,4829.187275143221,4569.995809010396,4693.809211375139,5031.0143245764275,5035.553279311318,5148.690009255956,4923.160221711931,5008.694700211407,4789.291875800216,5097.80016861115,4612.9857132725465,5154.6695484371985,4973.0626464682955,4898.530896487873,5011.626179785134,4915.0660799452235,4907.975739939729,4892.558440695132,4790.654087675553,5059.482449117543,4922.070397620705,4650.671875274221,5067.963146062356,4840.438896879154,4712.6739888401935,4794.265409405482,4727.677440512699,4740.901154291421,4724.738999255844,4770.530354857612,4780.073604518336,4729.991746204946,4688.027456644184,4771.873145844526,4677.9542575252335,4736.629560768454,4720.308451910706,4751.322184138117,4750.4930903159175,4678.022388005068,4812.163228634541,4707.180248506712,4783.50479188264,4822.986814322584,4660.53370169095,4798.1847537401545,4731.769817735611
photo_face2,4038.3241678962413,4621.194050665992,4280.750336493684,0.0,5039.4354471751185,4978.021849760355,4701.185857891637,4892.934831248462,5464.3414413448445,5213.535450744312,5498.072685319912,5638.58549442529,5429.448063209017,5226.696844260641,5359.5786485140725,5482.21691026427,5473.300726563148,5448.511156102349,5673.233186814131,5484.3378861666415,5197.865733730787,5296.188629960863,5058.380096374791,5463.611053477244,4436.050954969001,4669.430270552101,5003.7406042495895,3875.2360651340873,5019.141883466527,5013.508381452282,5174.790275429887,4860.507371123407,5476.254774720446,5470.101846494523,5230.802760344379,5477.964217159566,5406.043707063211,5066.267773761957,5137.934031887546,5238.095385455688,5083.134826326737,5429.259452320779,5581.236752536598,5487.78878585495,5153.369535798806,5336.021878388529,5208.541801549557,5299.584488382394,4904.477057720378,4875.046787346291,5078.511160791947,4671.66929934045,5046.481434982958,4992.20140522493,5232.62971750883,4932.338792287119,5033.463488962765,5173.2458057008225,5161.909272629391,5109.5208264753865,5253.322016155518,5094.584804017085,4992.105811621343,5027.328034567992,4997.781891191443,5271.759897134541,5411.050080022287,5263.53986142813,5007.294764224787,5076.982194137075,4979.710790844382,5187.197339482176,5076.71918786866,5001.333562123448,5045.572661684551,5023.919204496263,5084.03549091487,5081.7055076323695,5019.040856752368,5126.857448708484,5044.78103195349,5038.948558612725,5058.629608649779,5053.60090357284,5087.616548189316,5004.033047488017,5017.330656149944,5084.220637184162,5020.629914210812,5033.967810033206,5063.607197325388,5012.983755271761,5085.592595324144,5009.238202769414,5124.975252764665,5001.5952530337745
photo_walking,4351.378633396171,4743.250923346518,5144.176019805383,5039.4354471751185,0.0,3592.5370022832262,4332.300407350656,3984.807158707893,4636.837653914491,4725.531995087414,4761.572303205886,4753.436130683046,4396.548858549331,4121.293536006032,4105.8860344849845,4291.066378322276,4682.7031483653345,4630.150448648079,5137.333846327018,4522.924967322453,5569.853687475342,4977.297692804838,4488.405340945056,4834.576918089519,4378.0808157647825,4593.211282557145,4890.155989630665,4825.792402110653,3088.8110510934193,3841.8953701224796,4401.511482717726,4098.692543114541,4628.511823356402,5123.865307899087,3961.2848841845075,4647.6370298355205,4750.049331177253,4002.2670664044313,4382.346996589947,4134.1508527790365,4320.075568400922,4590.948200544282,4839.360513775924,4649.7683145049,4478.771025946528,4917.4869584832495,4375.304675000426,4629.026757951584,4815.232266089732,3875.77722935019,4578.572807314086,4721.88777567032,3671.9724113418833,4003.0241015718875,4254.15724745744,3967.488160297544,3877.509230072439,4594.881522604895,4098.61915592179,4503.843785496099,4271.608397068322,4000.591141482568,4111.41809042564,3982.27168383694,4124.881144431681,4481.138541606539,4765.660833010321,4494.143448145518,4377.77614060539,4526.017411179492,4290.567575282688,4497.932145076927,4174.786007063181,4165.445505162395,4194.193586799748,4220.924345325884,4290.415434985087,4301.284476997853,4118.337583445329,4302.218033871132,4229.048470338768,4282.968856265811,4193.747785365283,4291.934265235705,4257.283794011665,4131.646143953591,4166.538600498973,4225.607923369284,4220.827370333045,4125.271822955014,4262.368069776248,4145.670031119627,4229.983051496575,4237.49058646602,4355.70128896009,4174.216394776009
photo_standing,4200.697911416709,4735.448853375478,5118.475062759335,4978.021849760355,3592.5370022832262,0.0,4256.806025082296,3825.6177889627656,4738.845835775281,4800.762000552436,4577.916494719676,4929.680091929614,4685.860968064648,4130.108960050234,3698.0937589407654,3934.574244738479,4328.245045296744,4741.186768328834,5257.247565899377,4783.611202354288,5561.553725555727,4955.939256013839,4670.730081523753,4662.948205144249,4368.2615926593335,4516.664110168862,4962.559795240128,4731.349734393283,3521.937624939714,3195.4832783894685,4088.988319052062,4029.8591159126536,4685.184656769519,5068.066807709891,3820.21286849732,4786.423247325668,4880.47412716656,3848.8082642637705,4051.8285551023587,3768.071234210759,4060.9379361386377,4680.424851741987,5002.828300660911,4910.009425456804,4481.6416438432925,4936.836338528529,4496.012216177324,4284.930607883983,4667.774142724613,3611.8954063937394,4638.840793043372,4419.0025746039655,3657.866732217426,3593.3357715055035,4108.754668931648,3766.9242748261577,3652.2741544307733,4518.605688203409,3909.6355213459688,4560.50186442403,4442.60546786614,3960.2441266748315,3772.522072014664,3574.771971979077,3878.2171967245854,4538.882927590357,4873.561588331554,4644.291149298367,4293.169540323006,4432.9219444508735,4259.312718349561,4140.357126646962,4185.130746823356,4185.646085996855,4223.481520566471,4260.161435129452,4346.597157375363,4368.053407855322,4171.3570435970805,4358.027426789857,4298.296268004924,4335.584982377541,4238.021333473158,4357.745859809393,4326.014711211889,4167.125215541906,4201.628858140293,4301.47170622266,4270.009886039619,4136.935964545185,4337.279907034921,4155.8036759971255,4260.649979025756,4294.577948548431,4408.670958421227,4210.680165358184
photo_hand,4296.424548623014,4574.19688627783,4850.703030693384,4701.185857891637,4332.300407350656,4256.806025082296,0.0,4262.799423219574,5104.537575574509,4853.794298749911,5000.046546724925,5024.430673958316,4744.430444697115,4473.507473488899,4536.911300998712,4642.7617651421,4707.159653098139,4886.051425322917,5335.702759916343,4889.303963300091,5360.317169419015,5049.864293402964,4682.091253791534,4900.072730405295,4539.374703043557,4461.5956224359525,4931.575354254061,4722.931945486224,4378.377206147297,4263.906836866776,3680.9666543216044,4401.726674539877,5066.285517859775,5186.878898235972,4536.324957255209,4882.760406509147,4904.920645069078,4338.375756270223,4311.351291244212,4426.979091378079,4370.3126031389875,4874.26947627367,5058.766169333159,5052.297562838829,4744.217088797806,5103.454502065725,4743.463787465022,4664.548723608514,4797.765779904945,4254.857903613863,4750.535821774394,4691.799430660221,4396.325856124773,4391.883248410531,4193.50507560087,4255.2256408646845,4220.9131077355505,4706.1296642384,4483.700853105699,4673.255114520511,4723.846499701015,4365.162997689258,4287.830435826249,4315.180265884197,4298.497993235939,4764.003762891165,5006.118606330434,4750.772841528947,4489.70936035046,4623.849521246175,4481.532775516399,4555.894098021301,4565.5050597345335,4503.257311990991,4549.583795154381,4536.119793049973,4624.704435712963,4627.418961844585,4483.88038230974,4653.575548297923,4560.899997176552,4591.719644887538,4539.757623154506,4592.245757029458,4589.795489791184,4487.3845314236005,4528.70087620383,4562.940681389588,4533.058470058584,4523.6984294966405,4583.602061996443,4503.583394518356,4599.400802219219,4533.25955810445,4673.547992625074,4516.847007251977
photo_legs,4512.408580202004,4879.786947433383,5152.703816938294,4892.934831248462,3984.807158707893,3825.6177889627656,4262.799423219574,0.0,5009.086941568347,4949.231746982039,4997.128412788209,5116.727550757855,4757.717279216014,4295.688630663946,4233.664067698386,4214.195219275619,4613.479379318748,4936.970458638287,5472.3571608209695,4963.56443890495,5491.963346463177,5154.670920247174,4766.579474751423,4947.606012949322,4533.728457012861,4780.867324766882,5162.06101243986,4842.121167578067,4067.901784948795,4062.9917072466847,4365.011623573749,3624.8658686492727,4923.846919059679,5278.187367338476,4369.504108069843,4972.534027514757,4967.824088238139,4084.8252005150157,4423.228439117781,4073.5977538217567,4192.594416925875,4912.434106058117,5225.52141650635,5073.6117044421235,4767.386161896908,5216.558417496884,4730.85012027318,4666.583289723787,4918.536573534376,3895.6282903646916,4847.031090507166,4762.453945765768,4111.660177627766,4108.923901449019,4339.927247186104,3913.845047014872,3979.8463323237947,4721.659551113504,4364.412374386645,4827.798357876303,4558.995661383224,4171.689530015145,4196.490706820552,3981.9888064436054,4205.655984707667,4804.999139325884,5134.100020145818,4833.686351084294,4506.340629983584,4695.104626058825,4515.7119269267005,4536.084024855617,4522.58097704361,4515.216702679994,4556.402571877863,4588.296998576681,4649.74540374835,4672.757764585521,4501.940115977111,4682.326326715352,4600.79122225368,4655.3805628120945,4554.17857003526,4670.128081336527,4630.084069746386,4506.116908174023,4518.7316542417775,4600.982147890222,4583.445109742343,4474.904452974975,4647.523872466399,4497.9901798872925,4585.562283112569,4616.325077475893,4738.895367235605,4536.931550742518
photo_bird,4960.947937162741,5291.127532453649,5289.429440825313,5464.3414413448445,4636.837653914491,4738.845835775281,5104.537575574509,5009.086941568347,0.0,4345.124421451781,4619.0777540094105,3689.823753915431,4847.97484059987,4671.044142143909,4582.8313325104955,4647.9224238946035,5023.635158949637,3888.3681781607734,4834.279120071711,4323.749455545285,5586.3304148529305,5266.417534942973,4703.897827499826,5064.652100798233,4957.6411307106155,5043.430722625134,4745.207642874138,4974.968743371502,4732.768264851407,4559.352953203714,5054.48042127292,4918.63873414708,3203.5444364868545,5052.268255805603,4625.561315022871,3921.488495531744,4972.251421717376,4424.680098355734,4721.645044302259,4609.662951385688,4651.039539645043,3934.51655723797,4655.830771947649,4436.061416233137,4056.4394394665414,4759.650345731334,4141.267707674147,5019.714754925192,4988.936151825092,4405.670934657114,4295.165911928645,5179.616409421764,4667.363726040695,4665.336339027119,4966.2006437960645,4603.128842295086,4427.759930261946,4757.839797060413,4601.8155901671635,4180.553122970896,4991.888474462345,4563.949639640489,4536.6341357364345,4575.5904452653,4658.026020396918,3886.937534227311,4571.98105287095,4405.694433692283,5068.141491578932,4949.960313144173,4406.117725476282,4973.236701345823,4075.6300662892318,4015.839903553315,4045.866883963637,4004.845374593473,4036.1796216392227,4018.422078880948,4024.2918479653144,4053.4274771537525,4056.3524848510588,4031.4006876543735,4008.4135221411652,4036.9238601243487,3993.549782392959,4006.940437660116,3994.667911829001,3998.441909064247,3987.950958310136,4061.3006291539673,4041.8097620551143,4060.27112157576,4031.1475846205553,4002.19606507105,4179.542855139112,4000.8714344120594
photo_butterfly,4859.847677971608,5013.540994438745,4901.644022201711,5213.535450744312,4725.531995087414,4800.762000552436,4853.794298749911,4949.231746982039,4345.124421451781,0.0,4853.01908184737,4443.8833735868075,4580.38157296609,4470.585180953576,4869.9166707628765,4824.413306301686,5006.4881875054525,4368.315778388636,4585.07537765664,4282.995784989976,5449.320942994859,4930.3920623385175,4545.604423771859,4514.714790991534,4732.2157118459945,4656.109824273379,4509.585646137849,4398.483362692696,4625.834542154995,4478.420110892006,4866.0398632930655,4669.747932405988,4249.498020137089,3104.16440503476,4681.260100255093,4313.470731637757,4419.574428227819,4332.852861053214,4587.5486909967885,4615.883876490591,4662.064415432046,4299.755538663133,4450.575104576799,4312.587894578282,4257.643483784919,4325.414953108379,4306.203171793422,4453.7929176728785,4597.838537418065,4505.697775683282,4260.2095805713525,4841.055462788015,4427.766686377894,4404.532792066157,4556.889776483963,4436.056164296238,4471.403103545983,4133.6573485607005,4547.418822660281,4195.658924308087,4667.28422249997,4366.885039502901,4399.707165249516,4550.819229126744,4595.149980255188,4301.576711081619,4218.2718340226575,4175.33337700833,4797.2901424019165,4532.583081083467,4229.905937349277,4422.945408559744,4317.687788464977,4192.764671172497,4263.900766059118,4283.972322680977,4306.276710637044,4285.689157752296,4256.367566205009,4331.459048988279,4304.432666643969,4311.300913537179,4257.542784063984,4309.821733421423,4279.872900172019,4238.245918249272,4224.536336119445,4286.91563050229,4231.768591033848,4287.165578480584,4305.152926779272,4265.374763267444,4293.921495434917,4256.226270435384,4482.345219944429,4253.26459756133
photo_girafe,5091.089688988445,5290.302589768938,5323.046559468887,5498.072685319912,4761.572303205886,4577.916494719676,5000.046546724925,4997.128412788209,4619.0777540094105,4853.01908184737,0.0,4821.577858864061,5092.2219085073575,4871.105994736196,4595.592182823316,4818.500284409694,5115.373986648465,4772.392036225134,5109.703418273687,4852.376341387977,5736.168731604046,5156.88185836468,4900.422410512453,4956.751563556224,4933.163936524281,4976.651749060429,5080.761485828526,5151.188051194821,4669.439558785514,4557.39566941833,4960.390774114025,4750.285649744678,4755.873263221288,5108.325800412351,3844.658117851133,4809.56760611646,5021.703563384392,4609.007209823565,4718.172950320291,4725.795800185953,4829.770929535866,4781.033598157433,5029.642332604943,4786.045870677457,4713.319089271094,4977.258027122786,4766.691188281269,4903.307638786705,5079.8757054383705,4464.760028563393,4782.798863016424,5061.767330907021,4740.059113142132,4612.5891947777345,4893.383111699797,4643.546300884434,4680.310795778915,4929.930716987444,4031.4612303439953,4708.0155735911,4888.275682146158,4713.373001038783,4599.607157034926,4620.720648507922,4770.819002395255,4688.712246832143,4873.279034078286,4702.113817925118,5013.257462063047,4835.096200845746,4615.844359637872,4907.978635028476,4697.753617164599,4634.3598945741505,4699.431098911519,4591.178032416538,4619.880671236705,4629.274646108063,4616.942412494605,4646.597805885423,4628.267891058794,4597.699497993742,4626.993141879531,4608.299455812698,4606.790758465994,4608.35214353669,4624.528677420722,4596.612949721798,4579.571788764851,4663.486493457256,4612.165882173726,4649.712652299029,4669.987972856724,4573.349890429576,4679.140027281434,4600.918672118686
photo_fish,5104.328393357,5408.527784278604,5345.733124638388,5638.58549442529,4753.436130683046,4929.680091929614,5024.430673958316,5116.727550757855,3689.823753915431,4443.8833735868075,4821.577858864061,0.0,4819.596405943818,4744.674926925951,4768.654539846831,4695.055605721497,5132.774794768839,3750.242222836261,4597.6921484733575,4175.65105987289,5654.399161532266,5335.657974274959,4562.440606710854,5076.989236839994,5021.655019110173,5138.0658361310725,4616.704374138164,5122.484600471809,4872.743263986167,4718.548105299816,5117.590927096478,5094.471317575984,4000.4026249021567,5028.299108191104,4724.142469714402,3048.1184107703734,4901.672289543663,4514.0881968991325,4838.216138286653,4638.2063069388605,4766.717884934993,3756.8037331521905,4214.548795425618,4324.212295701113,3979.3319279476764,4780.3319091699595,3949.7810806312064,5087.201434275191,5063.798320324521,4570.87475658299,4101.944864310506,5242.534913172334,4803.569555170088,4825.893304483263,4973.790378853506,4677.807395896662,4496.398518642156,4812.468869441777,4683.889638953968,3840.3621717680444,5037.723341727481,4612.894867021202,4649.504318216672,4688.673556288713,4705.322945902168,3802.448772646789,4319.931419100652,4261.697260738832,5123.582392789588,4982.757057789614,4404.857599915741,5037.341266031817,4036.9386636727645,3972.775846151201,4008.55085033626,3973.3462110344235,3951.298105253152,3916.1588443400133,3985.3030520857405,3943.8277521177697,3957.395498480374,3972.804026033735,3959.6399499720264,3935.9014964492026,3886.9078024622518,3959.1609105689213,3980.5137196398823,3915.6440057622526,3923.3546163680694,4028.301535355294,3938.2725282628357,4007.570198388142,3990.608173228548,3926.068300228804,4106.628719707844,3957.362831478495
photo_cherry,4835.492602873781,5104.564568340715,5363.603586534944,5429.448063209017,4396.548858549331,4685.860968064648,4744.430444697115,4757.717279216014,4847.97484059987,4580.38157296609,5092.2219085073575,4819.596405943818,0.0,4015.574193948105,4564.108573055165,4460.228190440126,4774.609354805151,4643.603866714899,5277.840037002049,4546.43858575742,5767.298192299652,4913.329932633426,4602.227731380541,4685.543995881211,4879.096144658968,4941.704836423035,5125.276341780388,5140.045600726172,4441.128311239222,4571.206950502788,4797.479547316568,4609.782291686763,4870.92353028337,5013.298988617732,4464.64072809715,4717.459769149213,3903.1767211719493,4286.783504292799,4585.408676229664,4324.023340209705,4659.0060077890275,4666.8972483803445,4932.311099925082,4687.392680709478,4703.542259046313,4886.288043762262,4500.841142126675,4530.873830460656,4986.366788923311,4554.109539899301,4843.280093112487,5096.98432948595,4324.451816468425,4559.798564548093,4312.814511542944,4380.397105225097,4297.6652068155645,4644.908115934673,4432.893391975972,4751.73691639153,4210.781598212167,4274.26926398748,4531.630244177096,4474.925239773109,4586.122474538243,4665.251326843279,4884.41169673789,4453.54920396106,4817.533477802962,4518.501408323121,4562.073118312294,4578.969260950818,4663.607896298629,4617.83752009045,4651.804253265201,4726.625207221161,4748.485026349077,4751.25867997549,4621.977718381104,4754.277659275506,4725.3792812982565,4788.027937777593,4663.558038288939,4754.865694804285,4711.610886505289,4611.899826640736,4626.651330153341,4698.866189551996,4679.359487078941,4638.75729667857,4746.996866236874,4644.211012041981,4672.6582904290135,4704.056728237077,4919.23273418094,4639.439333811837
photo_tree,4462.090985172171,4798.689221682757,5266.253959635989,5226.696844260641,4121.293536006032,4130.108960050234,4473.507473488899,4295.688630663946,4671.044142143909,4470.585180953576,4871.105994736196,4744.674926925951,4015.574193948105,0.0,4010.139437376776,3916.05203181731,4338.05594565432,4628.133569349349,5144.8554078311945,4618.75526334467,5578.503386108436,4637.021188767789,4246.399865995705,4564.14026367481,4560.284341542236,4690.587691611327,4992.913662212272,4940.504455035032,4035.360478917385,4101.4585485333155,4509.120343229125,4341.34867666036,4595.2653747548065,4967.415796880936,4101.606291627246,4608.493861706371,4464.963568392861,3313.099622719285,4226.46561603836,3833.9724982381235,4188.626417172199,4586.032275632524,4823.297151591755,4734.678915909223,4466.87044552411,4639.218153861366,4177.413958214648,4356.786325858044,4763.60141297223,3958.187416127414,4618.8730882238615,4833.853244993358,3988.6663930404725,4074.859820580745,3845.1525198271866,3852.178642999533,3830.1620736440573,4412.251954243364,4120.377733156391,4536.889179156227,4096.953554576581,3461.3944989083843,3967.721471668534,3832.08293117798,4036.157238829918,4486.905791855467,4684.274420626817,4502.229282142272,4283.240886975711,4073.5445432688484,4162.883075184567,4174.361946385264,4161.746840003066,4178.506134048462,4180.0238460704795,4313.8259333965725,4346.01832613697,4350.593224698475,4174.56992444333,4366.631870484344,4321.811378672414,4407.136485645023,4229.758353190079,4388.011682261773,4319.921396046668,4165.489990573193,4173.810228103714,4306.365639454105,4274.282491060935,4137.766293139146,4377.681503517869,4145.040238971855,4233.397170067473,4328.0429910383,4511.3317983715015,4213.904622581378
photo_flower,4514.979517689213,5006.477200632753,5453.1158679745495,5359.5786485140725,4105.8860344849845,3698.0937589407654,4536.911300998712,4233.664067698386,4582.8313325104955,4869.9166707628765,4595.592182823316,4768.654539846831,4564.108573055165,4010.139437376776,0.0,3273.877077096615,4278.937023954996,4707.550317145601,5360.829353972187,4850.624987132285,5694.780418458654,5014.279398368276,4760.165053891494,4799.9968650205465,4580.711966124479,4813.043343489269,5187.386332455013,5053.6528453139745,4114.317564213067,3800.495463042418,4254.533848261402,4527.325863827352,4639.341161774798,5219.2907768515,4054.186907001397,4743.693072183026,4863.3003541119715,3701.8607621599554,3544.069602257117,3482.037002418551,4194.03138267207,4670.566568214719,5100.569719032418,4989.7605097225905,4498.968596672619,5076.720252418296,4548.09722329456,4578.263605596246,4877.914602051911,3620.6973313472254,4767.3781872066265,4728.44366490662,3970.405536491733,3910.2874940030138,4216.893844232667,3924.643516920912,3598.9515061057705,4658.1105435886375,4078.0127610942795,4718.266496683044,4488.551480463789,3815.874532036004,3472.6048566234167,3440.087614289344,3949.9573032208664,4588.026668496324,5007.831925141885,4752.743274218068,4511.101548231729,4613.405399729868,4356.023612761737,4402.885035694346,4237.167237318931,4262.719729412313,4266.552427469116,4364.429157370151,4445.947806738009,4458.63054726356,4233.244011537325,4437.843861797806,4394.91317383463,4448.924454372524,4311.140036802842,4477.048445105204,4411.958024716522,4254.261342588231,4246.701200611841,4392.7631500106245,4367.170059922583,4182.9734385075835,4442.46882775653,4209.086181888633,4306.9440543096525,4406.397521988206,4529.917723865642,4299.014172979242
photo_carrot,4544.5778007153285,5083.961280723373,5524.8356766392235,5482.21691026427,4291.066378322276,3934.574244738479,4642.7617651421,4214.195219275619,4647.9224238946035,4824.413306301686,4818.500284409694,4695.055605721497,4460.228190440126,3916.05203181731,3273.877077096615,0.0,4098.259713615961,4728.865815170828,5344.236539749983,4915.028600517292,5805.525730215549,5111.589805438538,4663.548045494823,4887.847456232156,4532.531875706367,4884.144416217195,5178.461596118753,5101.119139424307,4192.560530096054,3807.842629003873,4333.68057068282,4505.739006482117,4629.382555544916,5213.839064557398,4135.002884079217,4626.011243774724,4821.546362897751,3612.2321544265365,3936.4040734735295,2326.4651388824022,4032.38924801076,4653.7323093307805,5000.632095759616,5047.004171778457,4492.062475434006,5059.496109110515,4461.663893571522,4646.4141487539555,4876.174185487285,3664.4642186410383,4717.6552160489455,4775.570781159474,3911.513907404071,3790.7282327286775,4107.551186380575,3850.0515825066,3567.933968158706,4612.657693864615,4175.16888905938,4670.539555857878,4462.15980620461,3714.1473310419037,3597.997396833579,2942.6063182064513,3830.033901196264,4583.447798179543,4937.613172481904,4751.0279234437,4583.527027836212,4612.280377273771,4303.727951691689,4372.832819975973,4214.869020999998,4261.156811853351,4283.847648447238,4414.4586749313885,4490.669662602006,4502.893315661592,4266.459216717065,4495.031035299363,4459.199960070522,4499.63580166948,4345.947045885433,4530.987386222537,4452.457184613337,4271.013678277735,4250.637680442247,4449.900650676651,4405.826564518401,4176.511293051357,4503.158576575973,4216.022537832579,4311.869743825131,4461.803669695082,4606.272587802284,4329.116798015699
photo_watch,4665.773356823041,5136.254063757469,5509.259948981673,5473.300726563148,4682.7031483653345,4328.245045296744,4707.159653098139,4613.479379318748,5023.635158949637,5006.4881875054525,5115.373986648465,5132.774794768839,4774.609354805151,4338.05594565432,4278.937023954996,4098.259713615961,0.0,5006.629563703483,5577.598492184538,5042.971058635039,5952.3812796219545,5145.196304970851,4888.619764900933,4978.627448948297,4798.506904534322,4966.743460621033,5298.974074937799,5183.043669066921,4487.1831876214155,4214.407954262547,4507.638646774042,4715.017573186559,4901.580182660703,5336.245288270608,4435.511186331938,4966.385114463734,5103.190978271603,4077.1418945905525,4314.6934181540255,4000.5330285990985,3340.0997276317526,4952.800064178838,5249.484438783554,5177.792182138982,4889.954500012118,5226.778686260953,4814.481480665661,4652.009786810971,5030.116293378833,4086.3777496945618,4918.7122111267245,4961.156036881962,4284.619209386193,4161.639317541888,4466.258098339376,4167.997704898888,4039.096546419971,4825.83126866082,4493.603579608295,4861.213831964176,4758.335969151589,4299.199805322801,4118.6805659798865,4081.0158482571833,3667.2019159937754,4835.453177567266,5211.78831784349,4975.156013837018,4721.912987485785,4663.848616958639,4671.761558451696,4558.457307061374,4564.726783887531,4575.254137789965,4573.425148183569,4720.355133167979,4793.202339032608,4798.784635693139,4541.25092305865,4781.911625464173,4758.535217894303,4777.65193291561,4658.178297156196,4809.46802509983,4765.825897978136,4572.233578059087,4564.654965906392,4744.444004587743,4683.798464349352,4517.581264467353,4789.768412227372,4525.157077261365,4620.036029948116,4721.723719143493,4909.185336021473,4622.227844196228
photo_key,4915.025165530116,5216.967609563464,5077.62536234662,5448.511156102349,4630.150448648079,4741.186768328834,4886.051425322917,4936.970458638287,3888.3681781607734,4368.315778388636,4772.392036225134,3750.242222836261,4643.603866714899,4628.133569349349,4707.550317145601,4728.865815170828,5006.629563703483,0.0,4364.531386007495,3903.563226017336,5423.788327518202,5116.9733718812995,4432.883761141774,4946.969482098896,4909.633455177899,4956.808327142452,4300.684037592973,4977.491752650633,4663.401034499627,4517.613354142572,4983.078464648987,4850.589949368243,4064.1973483558254,4947.165679643794,4672.89733676342,3689.467948875962,4592.988513409984,4316.338910390497,4630.087008693968,4544.091861620647,4595.644074690153,2121.238984454193,4069.1239885333034,3984.233416315117,3496.551125138978,4391.579129070835,3619.513527949462,4820.189764035881,4708.5194275599915,4374.574645218547,3610.932889982618,5050.2761933575775,4556.927692436682,4663.185720901866,4697.996095469924,4413.360171623784,4263.822317394536,4347.970939793134,4455.568091622391,3511.9415198380766,4587.426377957749,4377.6389548681955,4406.475279341286,4470.763617656118,4474.194306616823,2431.211952497872,3880.977426305615,3798.6747480774993,4905.950631224376,4700.872878530384,3966.784738521106,4671.998262595683,3668.994383584841,3544.2140259824578,3613.745801468724,3533.1349067837746,3391.3075497576656,3368.527891576314,3642.3187910812007,3448.542388504532,3468.7386159521193,3475.6641411567985,3518.758355585231,3408.17801774693,3388.8561201875,3524.61268501026,3568.639561028472,3381.6062084512473,3413.331076463414,3671.2878986800133,3425.168068909638,3672.4336686794795,3588.9248705994914,3427.8612598781447,3673.2690945555023,3518.081774486124
photo_truck,5317.67106539236,5492.473529454085,5164.786178845144,5673.233186814131,5137.333846327018,5257.247565899377,5335.702759916343,5472.3571608209695,4834.279120071711,4585.07537765664,5109.703418273687,4597.6921484733575,5277.840037002049,5144.8554078311945,5360.829353972187,5344.236539749983,5577.598492184538,4364.531386007495,0.0,4429.854913146365,5583.114100686244,5257.163778260846,4779.447396773435,5177.784549110007,5187.930946610042,5180.781021381234,4826.750503789213,5157.523359112372,5098.770438375807,5063.875441449374,5470.464434729902,5239.074296956754,4746.119646465967,5076.555896168101,5159.487750903113,4503.987271280513,4874.517725997887,4866.626836299309,5159.449968787698,5125.767558525157,5179.427596039875,4329.852063303905,3373.6895661820954,4365.21575169595,4399.933403222444,4464.110893914126,4437.440394245935,5196.306149363089,4978.902151623301,4864.932367499606,4494.149729629316,5317.681122861276,4977.263993752273,5067.944386155651,5073.873376703863,4963.6485381368575,4978.267880951128,4696.008561926443,5004.12911818631,4178.374422191446,5108.421521235433,4930.645914204214,4976.242828444438,4969.6323156316585,5046.10812267336,4337.258700785364,3244.422245880875,4289.349478781533,5243.424015697979,4974.868720441437,4556.050920915743,5092.0026387792905,4627.860849254614,4502.08415013746,4563.619559468462,4461.805469177595,4418.729366854029,4405.991821404699,4560.634952597134,4441.146551127553,4451.545655109452,4405.46502265362,4508.836215897632,4367.59793310556,4414.884208061243,4504.255983602466,4529.840023368312,4414.639114275002,4433.766401460024,4598.431519319469,4404.079760541574,4572.405263360337,4570.196024279272,4399.871713972423,4487.301755069422,4514.3359323648165
photo_velo,4934.506710071096,5211.455335908295,5074.330981616612,5484.3378861666415,4522.924967322453,4783.611202354288,4889.303963300091,4963.56443890495,4323.749455545285,4282.995784989976,4852.376341387977,4175.65105987289,4546.43858575742,4618.75526334467,4850.624987132285,4915.028600517292,5042.971058635039,3903.563226017336,4429.854913146365,0.0,5416.327269124218,5105.896650752276,4348.444380158722,4773.823407142875,4914.9855408209505,4964.621869188597,4654.624478143606,4998.285896241348,4576.466059311165,4619.066455894175,5069.97733197841,4837.926991211808,4286.428469709464,4872.217733165413,4633.449149900698,4080.029954085986,4414.024536691956,4430.681802349651,4779.953297252626,4713.513137460096,4672.048498696386,3941.9258985486626,4117.120814193271,2298.8283468293275,3985.3977234415165,4404.361459423378,3985.2477291686473,4704.644607317851,4743.90939176989,4523.353903310315,4221.258182878808,5115.859122627358,4500.68022146641,4658.23714906457,4703.66843967121,4646.312323291686,4417.971461908159,4516.190000270559,4550.23681674826,4061.4515389900744,4556.257544785255,4401.144675425893,4578.924623189019,4640.435483481874,4684.458638388673,4017.3827458474448,4101.410311497755,3087.0325552487907,4903.719140131656,4784.77374217511,4141.832261884677,4732.318006425808,4274.090095158055,4168.585028382566,4241.8762262797845,4200.48333030692,4202.943381812019,4198.55318455489,4205.551234440155,4209.1294435801465,4180.449747942523,4219.1003432557,4171.3107826479745,4185.8162539949835,4142.284021924424,4161.486002975073,4202.2213987868645,4148.222820045016,4150.734968651704,4251.081651763324,4182.1375741659085,4239.3656693519315,4243.775103223876,4150.080092860271,4389.686948395755,4177.2320870964395
photo_road,5487.749201776995,5617.581707848783,4741.016222646112,5197.865733730787,5569.853687475342,5561.553725555727,5360.317169419015,5491.963346463177,5586.3304148529305,5449.320942994859,5736.168731604046,5654.399161532266,5767.298192299652,5578.503386108436,5694.780418458654,5805.525730215549,5952.3812796219545,5423.788327518202,5583.114100686244,5416.327269124218,0.0,5547.471534519211,4956.399864028316,5649.205100411195,5527.64010460692,5652.139146210394,5538.181962523813,5441.384044650439,5570.881698936469,5503.7028284355665,5779.496479329763,5557.196194636376,5687.285982264505,5700.528450754106,5691.74287979367,5586.744333067575,5550.146611070148,5390.297193401842,5490.874628403861,5655.676096796909,5576.482342249526,5480.366861046763,5591.985220755991,5431.202152424116,4955.190600057198,5453.8164470826905,5237.062941194293,5692.200166437239,5504.31682206897,5406.853800901867,5352.994058296408,5678.738578027856,5576.569026153321,5520.212309627243,5671.381485858756,5409.461631921283,5439.784437311557,5340.721297021874,5569.847745499741,5272.6208590540145,5585.871170671699,5369.150552317491,5324.121079412664,5476.09031852385,5462.884021317229,5411.119775649842,5452.577746568717,5320.168094382815,5263.927247271811,5594.164953852583,5153.392771539518,5571.534248934379,5363.54483209472,5231.132855884972,5321.844221463628,5267.469566459421,5250.244215184264,5255.002431590438,5301.12023343484,5304.487349346181,5260.106043611762,5217.563369278793,5300.283688006301,5225.901718013987,5276.2141418663105,5249.05967157864,5257.53920617234,5271.686149106784,5206.612243984493,5325.256044159432,5257.067728208415,5286.350633387894,5320.069228834991,5193.591060798261,5291.376121670753,5236.795901125253
photo_house,4886.310628242318,4856.68047757039,5207.95619278705,5296.188629960863,4977.297692804838,4955.939256013839,5049.864293402964,5154.670920247174,5266.417534942973,4930.3920623385175,5156.88185836468,5335.657974274959,4913.329932633426,4637.021188767789,5014.279398368276,5111.589805438538,5145.196304970851,5116.9733718812995,5257.163778260846,5105.896650752276,5547.471534519211,0.0,4708.294204699001,4627.546696332211,5017.268040963493,4932.230166027924,5328.818569633817,5152.026043324092,4931.674149811669,4914.006349911768,5203.842411825115,4997.795009489873,5276.033197263594,5337.815614845626,4971.642260646632,5254.931884671904,4836.924073007385,4771.056997062388,4860.252981223866,5038.876167371357,4998.551740982579,5160.582059957313,5185.46157217839,5135.521781408544,5010.188505601803,4623.145407030353,4952.609962878906,4871.919739824247,4970.842251915308,4804.390873220761,5117.835363625574,5211.405790653289,4853.029216522228,4970.923610292232,4759.8130022091555,4888.823516437566,4788.239604696979,4939.571005009978,4876.010806592616,5038.503615815533,4929.66042517686,4797.6696130007585,4892.450163782227,4953.1939263317,5009.631840573665,5135.552779648616,5052.330073351611,5057.244166853659,5057.395301393852,4239.359358376056,4867.570099151341,4901.984916640366,5079.479458746783,4981.132157184017,5051.258523335975,5079.667200600809,5087.525681966221,5079.587018746321,5039.230400143659,5119.950668163572,5083.209968353992,5102.555473233224,5060.364376387033,5092.424024284822,5088.734909825678,5008.063094271031,4998.833035171503,5079.194775889488,5024.000523598924,5054.095341014381,5096.565686572161,5038.803628531874,5079.152478517462,5040.104239598536,5207.136728777144,5011.9448478566155
