,photo_face,photo_profil,photo_eyes,photo_face2,photo_walking,photo_standing,photo_hand,photo_legs,photo_bird,photo_butterfly,photo_girafe,photo_fish,photo_cherry,photo_tree,photo_flower,photo_carrot,photo_watch,photo_key,photo_truck,photo_velo,photo_road,photo_house,photo_mountain,photo_windmill,drawing_face,drawing_profil,drawing_eyes,drawing_face2,drawing_walking,drawing_standing,drawing_hand,drawing_legs,drawing_bird,drawing_butterfly,drawing_girafe,drawing_fish,drawing_cherry,drawing_tree,drawing_flower,drawing_carrot,drawing_watch,drawing_key,drawing_truck,drawing_velo,drawing_road,drawing_house,drawing_mountain,drawing_windmill,geo_face,geo_profil,geo_eyes,geo_face2,geo_walking,geo_standing,geo_hand,geo_legs,geo_bird,geo_butterfly,geo_girafe,geo_fish,geo_cherry,geo_tree,geo_flower,geo_carrot,geo_watch,geo_key,geo_truck,geo_velo,geo_road,geo_house,geo_mountain,geo_windmill,word_face,word_profil,word_eyes,word_face2,word_walking,word_standing,word_hand,word_legs,word_bird,word_butterfly,word_girafe,word_fish,word_cherry,word_tree,word_flower,word_carrot,word_watch,word_key,word_truck,word_velo,word_road,word_house,word_mountain,word_windmill
photo_face,0.0,122.32443236030234,133.92072520851175,133.64749600685093,124.2986615725601,126.98625509932894,119.34407041784569,122.63704665779048,138.97552607940872,156.5746988825535,161.89403234942532,135.33524283947963,142.75294744649668,121.97367931947231,120.97568075285241,119.91727296430518,143.27346385216234,130.7294002680068,139.93119251464321,152.7921467514702,147.4189083509053,134.24422493393155,145.88263420035443,151.11382452992189,116.74782432917374,126.64805710355172,127.24129854568947,128.89230377376987,120.58644947022121,119.4149976969793,124.30287319510624,119.96688287164768,124.67211719532261,134.57894660519386,119.1553032050138,124.23816093342577,131.49391714710686,112.8641316301969,118.25167080187421,116.12679168555646,115.9186762662023,127.07403226260705,130.63659011784998,137.57039628700056,121.28528664901431,137.85322330574604,120.96278579001678,128.91355788029182,127.65848082962573,113.02032058671533,125.21357077730708,115.39209056688493,120.87781496898633,117.57569661843546,120.59593627645891,114.94810069069588,114.57459224160715,133.09109299284063,121.85316991903215,126.00260617303663,125.97473032870901,115.69838130942838,114.88261371079601,114.23618590476747,110.65202449759825,123.35114609940373,128.15907337491078,126.39209533734807,113.03165100685185,122.49500873862843,120.15761146688429,130.54449973939987,115.98735133329845,116.77680292754226,115.72954733995073,123.34066460092434,126.07309292121133,126.91218588335525,116.6469519115683,126.61113036249733,125.06192947326724,129.5243535731641,121.14868662506188,127.22580672027593,127.294715855809,118.91037937248775,117.85797896473987,125.68235293621134,122.55896414343255,113.06713334129758,126.99026522503246,116.168946710924,120.38247983597282,124.33251592692768,134.45877593284246,121.03461845630613
photo_profil,122.32443236030234,0.0,140.910571136033,136.0937444041307,140.06711860409627,144.22971555520942,138.59141771511835,142.50552419291455,148.50238067240142,157.16290157821504,170.72234408645477,148.65217231346995,151.92688868429153,138.26037468859553,136.2485843039425,138.4472035254014,158.62905226441038,142.52261724811135,150.18164918397542,164.3934443233839,153.0390176061269,125.33277222923607,152.71557730196253,154.59401433072935,133.78871300802595,123.83787373829907,138.28295646157721,136.73264297842698,136.42407909139723,133.67548966299276,142.54061671709613,132.6008054917658,140.555868334547,142.32052597417965,132.4669845896629,138.8147262065496,140.22738618137677,132.62452843062428,132.9399005749606,132.96083780738752,134.56989974830745,138.33710942524087,140.93466963604422,146.69060476494633,135.38041643123086,145.90796989630792,136.12546012981386,141.19716754112684,135.3984709859291,130.80243968139874,137.48623189155123,129.87078757536236,137.08071049330027,134.2724243774768,137.24093708851407,132.71852204189238,132.91859368290204,141.68115345354417,131.5619459612957,140.2693477654957,134.33407172954767,131.58959046304707,132.63246491835935,129.86084038066582,127.69662297716091,136.34981785751813,141.84955079311553,142.8697548431371,129.76665673467465,130.427135082714,133.7039189232857,142.90919452670852,133.39530267547954,134.73834564945233,132.9820353866401,137.38832752412625,138.4414049170499,139.53795316692896,134.92423371910738,138.24587288042312,137.3507092800174,141.766762252669,134.57752294155847,138.8586113318393,140.0339126427562,133.89682477227467,133.06200021869256,139.86104183451738,135.83174709070056,134.48925980701264,139.74756641723081,133.88341257014454,134.3528751188592,137.62261529459465,147.6443298861501,135.29660039632319
photo_eyes,133.92072520851175,140.910571136033,0.0,134.70390995401306,139.0466856360424,142.14802868140944,141.32864088592916,145.2155006964328,135.95361857812748,146.386632876486,163.74481750589285,133.62136225727681,150.3995904524163,144.18997877793225,139.8993026876027,135.14647610542562,163.6586607682441,126.64636862691663,138.1478462931429,152.99245745795383,103.3412662973859,146.2381625976258,144.12531675740277,155.64791836497372,131.09824256195444,137.59631467535033,119.93732402364228,131.70829419379083,136.70091759232352,132.48009997203562,138.2457151223165,135.77977468769168,128.92309016567316,129.5764933778528,134.48192071320167,123.4755289051647,129.7873303412301,128.73239432606135,132.54780597521844,131.43885144377205,131.97212575203193,123.53694577270893,128.97378732153086,131.97864827786805,122.80108387323315,133.29559547117157,125.96810303262,141.0251619152498,134.39280424602288,126.77392772215211,120.22233129626262,130.82122406909403,134.76676725485368,131.1187939530099,138.1598869356289,128.56854564337917,129.06008298625056,131.64855199697325,129.92858087091156,125.94996130410233,136.20428269111824,126.71881283522642,128.7608292388115,126.99079694646727,122.81724933453808,121.49557755067507,127.66580738994764,126.95075593798546,128.49915545536987,135.66766925480212,126.65829005626455,142.93987201152004,123.61738135093722,125.26198482408917,124.47641687786906,127.27364277617126,123.9810293733244,125.357692554107,126.03542913135584,124.77182446687425,125.62373408028463,127.05071430941909,123.8161312680372,123.10594297162606,123.82137519812527,123.6895772909227,123.6507777722833,125.56261910697069,125.53810392568401,124.60659838136505,123.9489029226795,124.52729159575468,123.58669464520962,125.52801938326559,134.82700121636145,127.56557992954588
photo_face2,133.64749600685093,136.0937444041307,134.70390995401306,0.0,142.08652450987418,144.11788176279714,136.8470936903627,148.2556694453607,138.04235052765998,153.65137964665513,166.42769554686163,144.91762240460255,153.3428776196221,143.38758869731564,141.5274636113689,140.37756085816034,165.0215973197126,141.29183830761934,147.25313754709964,163.37288424815395,143.82948126702894,142.32593593546235,155.82748411055286,160.32443935218097,133.25219746696217,140.98282518411227,137.13773177018783,126.45874662083989,140.76173813162254,135.94183751813037,141.64056244314366,138.95691120615982,136.48381611515197,138.59307901519773,138.51818884824567,138.00638989452673,140.35893742268078,133.75628282693552,135.99733975440094,136.58512002338045,137.03166583606784,137.51598909551473,140.2452855917712,145.52064450904112,133.31721978401023,142.91771403001457,135.6404858723522,142.2691402066809,141.49011502140462,131.7549207722871,136.9999408800219,133.715119743577,137.9675220042034,134.90317031008888,138.31099621002946,134.84717479916242,135.16175900784435,135.50635844567702,134.68464718733208,136.92156068963712,139.5533677200044,131.98512993978636,133.55119092695875,132.27159752682914,129.676844583986,134.7462799996136,137.21400650596823,137.89325753935702,132.17839544713956,137.26137727856897,133.4843601233534,146.409604783585,132.55336393399892,133.07044841696006,132.71409143889034,136.5041576558113,139.07294000428564,139.54487035866302,133.85187684176,139.8307925216386,137.8487567509019,141.40158143544355,136.01451121750395,139.49321049824044,140.99783056638444,134.91069581763014,132.0738421582152,139.6431647336025,136.51597038965903,133.52359314279317,140.45221130286598,132.86062709629192,135.101850762254,137.09543255776936,146.51970721822548,136.41590243229984
photo_walking,124.2986615725601,140.06711860409627,139.0466856360424,142.08652450987418,0.0,120.60592786091347,128.3170338363112,120.29354538288469,134.23745781388675,152.34066472901787,163.28289009118092,133.04336984142103,136.22660685851184,129.63322159494808,110.06723118184803,114.99229417951756,141.94726818499802,128.17155336001736,140.85183291535674,151.04141649174488,149.24308148039478,144.06483352690006,135.0762354496224,156.0463570901034,109.21901578510456,124.19237788387542,119.9628768718688,121.16185080645899,100.97162500835046,114.14723472935174,118.13781554330282,115.31113361802399,116.95565495910935,121.96366797052505,108.94142187852624,115.21305406265662,124.42410077636272,107.89373651305306,115.08186529191603,107.73717991352237,107.93533453817561,121.26431193960316,123.501939433383,133.19226431689344,112.85861256679306,131.76883154785656,109.84768938525828,124.14585562149902,121.2465043053287,102.55477651798361,118.2132681424193,109.01025929315841,107.22818708264685,107.76885984796495,118.43530557515169,105.41059030740003,105.80736533344124,121.93590385997196,109.14965594523457,116.21408189551497,112.97367152829341,101.53309560551354,107.20598672939944,104.04998703561992,100.24052412626408,115.48092840494245,119.71393254786766,121.59873536567217,107.4041881005673,122.05275861550648,111.3100032032832,124.14729532836797,107.13965573177117,110.08812975285063,109.06790209144988,117.49213815495587,117.93913719720352,118.80154977286807,109.4912294006543,119.18327676689765,117.98254153050553,120.71048934308648,114.11723841310307,120.18669288046918,119.94514964899457,110.58172213932524,110.20155987713741,119.25904367454542,115.74515266289559,107.7580243560904,118.65463991867412,107.87624715534378,111.28481068810845,117.97216554670825,127.47024254465856,113.67102928573077
photo_standing,126.98625509932894,144.22971555520942,142.14802868140944,144.11788176279714,120.60592786091347,0.0,125.54963026438588,119.64781773084364,140.0065819185586,157.4815355657173,156.19593744285066,138.9321167252866,145.55947162005975,135.15244650570986,105.72116086871534,107.2588344296005,138.12480786006967,126.77958801775966,143.39941357913963,157.83000752927748,152.35266338340247,150.61234916040632,146.14173350540457,158.0012993274072,117.84022554291862,128.80328995484786,122.60126396413203,124.4188783945832,118.43904022754042,102.6495433919587,117.47614130474955,118.04164670684092,122.10212118504569,115.84248326280535,108.22188867172282,121.40778279476743,126.52361226032244,110.86552018064336,109.95638213443037,98.63093708206264,112.32411434279247,120.87435163203614,127.39992016817216,141.84539606733546,114.7215367379465,136.50498023532379,115.80334509250022,119.47477627961904,121.40453081382186,99.28918522468118,121.12846660488299,103.00109805257189,115.40920916420238,105.32834910669706,115.27406935135247,109.52793067525063,105.22276238541592,121.58772811231121,105.21111416319508,122.49099703933125,116.85024248421972,105.08329060024693,105.68320922389977,94.035036233703,96.33920596116155,115.36861463949198,122.20504353853012,124.12531803100019,106.74448069423616,120.20250076753746,109.64611512751837,124.36989096140897,108.22923185804822,114.23773850461113,110.94929549422407,120.11432616011497,120.77264208286815,122.22482951983525,111.52863353693122,119.79380590048068,120.63453455194751,122.35991276275276,116.60267144848389,120.47310267604507,121.6971573525638,114.10761550167813,110.75953971124639,121.6572792172347,119.05102521066468,109.6633437997479,122.31279700217263,108.82587470654421,112.65442754959103,119.92417896301198,129.3686528419442,114.81057646683853
photo_hand,119.34407041784569,138.59141771511835,141.32864088592916,136.8470936903627,128.3170338363112,125.54963026438588,0.0,130.31926923191156,145.88567722031806,160.02198739038383,166.9352205116435,141.92928565790527,144.8560350777874,133.27230185274087,125.95394558370606,123.04326369932781,150.77330044148508,137.29167827670494,150.29615795873045,156.49897811409375,154.16276446930166,142.87120602174681,153.86729656236133,159.0579102981705,126.34622685657104,132.30644779899913,128.58412786594,130.7596155799551,125.89043327332567,121.96301254420405,121.50103978533885,124.62299588502346,133.48904384642083,135.5275132569537,123.69097751877547,128.8841362658685,134.87864133484888,122.97570739192231,124.18015385195513,118.83119028357034,121.19173851817627,131.81612186530032,133.96071612716946,141.92547268330836,126.6679912025534,142.51026735707703,127.23976435016107,131.7601766903718,134.71884705308565,117.16620147926737,127.00628473867076,120.96792685578257,124.79076564528876,122.70100348912369,116.48192578124592,117.38784026219504,120.79517425897382,133.0670936000026,122.93550748660577,131.32412423503354,127.68797394157379,121.18413522251693,120.6361664077045,115.24467349443854,113.57811913969498,128.5588376739043,134.4986986480412,132.6276824478844,117.97075138293874,127.62499866061749,124.11631124597056,133.4982131221462,122.04520579510307,122.05013962760248,122.44869211709702,129.1229560969607,129.06293090582543,130.0684363172209,122.98178236436956,129.17641729731193,129.53368247949567,130.67457835737972,125.20576044214515,130.02028214106292,130.70186359960633,124.33458355109842,122.13734670849007,128.71079693868896,127.20858641795428,121.12052626019175,130.01911512034033,122.4725615904172,123.26669714908505,129.20697459812564,137.24168279367763,124.54436324838748
photo_legs,122.63704665779048,142.50552419291455,145.2155006964328,148.2556694453607,120.29354538288469,119.64781773084364,130.31926923191156,0.0,145.73840431399208,159.0509969070169,166.6183304323467,141.83549417651417,143.39899786906483,140.6543246043156,117.4054951219857,115.18617088710387,144.48707583694744,135.7090102989069,150.03787460575103,161.21451954156467,157.49612202091794,150.3109713626923,152.38889872854887,161.94996556133006,118.28224499229896,132.42971571304128,127.57677263014733,132.4008048157167,117.7963414633809,117.99968280992984,124.55352323301398,120.19930391097631,128.9059267255178,129.91869698963518,120.65670232013056,126.93662417060578,133.06264631870422,117.86273805159935,121.42488519328549,112.55605925184103,113.53596139464928,129.22855981449695,135.59348257463412,145.04173525707378,122.4082282215065,141.19851171728553,122.95962243745929,130.1821927669355,128.86293835731277,107.29271088660222,126.52566307897945,113.03382288197757,117.96317255265735,112.89066646531148,123.85190729112784,109.1922532188664,108.38879518816157,130.37272478886285,118.21824036599881,126.12062384558888,120.34649429976083,113.37537067301213,115.10544561702477,108.64428452571859,107.19646325546769,123.6330431601431,129.56781548028079,129.9654248549511,117.02666284425247,123.97281492967318,118.36854341841105,131.05781339049457,117.83523023685414,119.51179512770459,117.96812412550868,127.30398975877178,127.06367193313602,127.79841028268083,119.17803815327233,126.69152992306601,126.94011953304667,128.21915069099964,122.986644825473,128.50746118472057,127.74162602284837,120.69553609648678,119.09997267178625,126.91413270019997,125.20050859493125,115.92281340473707,127.58380330855702,118.07280021215998,120.29213814712908,126.88731723874217,136.25811117698746,121.68781654451696
photo_bird,138.97552607940872,148.50238067240142,135.95361857812748,138.04235052765998,134.23745781388675,140.0065819185586,145.88567722031806,145.73840431399208,0.0,147.35418173197456,153.9886149279221,126.83482293286278,151.45852680633985,142.06462479823773,136.5284653890111,132.18719222752335,154.01024546317296,114.84817315997657,136.79174594427704,146.64404841553073,143.46404423217533,153.08409790346033,143.87175798983395,164.09899029747368,119.75321966279566,132.46360769740366,117.58248984187078,123.66157528860528,130.088846296857,126.82192578074927,132.2737583579663,132.23027684948053,107.97806011444446,132.93786041930616,125.97794897607898,115.97545747424446,135.37665674937057,121.50934024223831,123.5297711497852,126.23870042615036,124.93425113270759,110.8969572144055,125.95337917245617,127.54609383672484,111.89579536338616,131.21177414492436,116.10370270454753,136.65021283643733,133.1439699469585,121.14449385946475,116.8487035661369,123.95533876794326,129.81874925969208,125.01445529125051,132.45564456345068,123.34660896503478,120.06382362124957,133.08489332899222,123.17072729614729,121.11016017256907,131.60463889256175,120.71078398046544,123.22035581962514,121.7638280588992,114.95608966575759,109.20612173223992,125.564767247238,122.5484674696835,124.1819230655067,130.38138449050209,121.81644402841285,138.12871882328213,111.90395043630087,113.81789211193015,112.57108062423093,113.44444370916631,117.6867692442214,117.60515321681297,114.26435433429471,116.50594476640724,114.47321298890228,120.97785448290908,112.34335924963824,115.36369081257564,116.44812742617506,113.00618908448432,111.60688922842668,116.45719454755671,114.13382421238039,112.02133426343536,117.62930456919719,113.12687307808432,113.53487052126401,113.2147865113246,125.55061802976172,117.32134883004892
photo_butterfly,156.5746988825535,157.16290157821504,146.386632876486,153.65137964665513,152.34066472901787,157.4815355657173,160.02198739038383,159.0509969070169,147.35418173197456,0.0,175.44197009884485,155.10820826155123,160.7158003436955,157.54006114372683,157.85523903638452,155.2436443862446,176.30954153100987,148.860559482463,159.87017147864324,162.7250166044448,149.7217757328442,162.45712405795493,159.31512426934842,169.46080510390019,146.90045777612988,148.25407325710705,142.77648202707798,138.3207261458904,143.73114699384294,146.7139606399158,154.11164517550145,151.001602855549,141.74623552918678,145.91481480470617,149.20454482699847,146.33777111275276,150.97039383123752,145.11085983903843,146.95311836402936,148.63553287819192,149.70258593983215,143.60628825318656,147.00862229535383,150.63645929625054,141.16374532377327,151.4189446128346,143.1212151493108,143.39703837535197,153.11699638201767,144.8792162048099,144.38920013358617,146.49342997469657,145.78093513972814,142.40972873738787,151.78844934793864,147.35078634714267,146.29758991268957,148.7011461664505,145.43761957669142,148.44216455889327,152.72498835038664,142.65533419816038,146.88247478432805,144.26795695566025,142.23676307183317,142.5626580363406,150.06527481179342,148.37480594143327,145.84505194247527,151.51474882530115,140.85395255657696,150.539462376462,141.5505968012354,143.04995037771928,142.81567655592465,145.6258988374628,146.05760767923923,148.6272603586984,145.65732328569743,145.39128706347378,146.23509432066035,149.45664186922014,142.94228140869103,147.73747306025749,145.05902619782964,142.43056967282809,142.48240176532522,146.32371466237382,145.364505904314,141.10141417941904,146.91087257740548,144.16172636299834,142.7717616013839,145.63868508887936,156.06404808967707,146.71799480216546
photo_girafe,161.89403234942532,170.72234408645477,163.74481750589285,166.42769554686163,163.28289009118092,156.19593744285066,166.9352205116435,166.6183304323467,153.9886149279221,175.44197009884485,0.0,164.37597935386492,176.4810375303913,164.90133960868778,155.84163891550153,159.59649635377218,175.43962836638119,152.54198265566257,164.36956732526755,173.79716320301165,169.43174531214152,170.9529386470433,170.8294155647178,175.7611504306099,152.05588255281862,158.60042253853672,152.69334536294738,153.86063028690452,156.36888013218177,154.6049824452186,153.31492387409196,155.9348012316504,154.12211359468557,153.0691792238284,150.2062042021015,152.46830833093532,156.813525760176,150.65923548818373,153.24455530893286,152.48963188582445,149.18309477573342,150.61214281106655,151.32017201152536,158.378458603561,148.8150333511037,159.3720430437655,151.90187273726514,153.63257503250472,155.18454446663335,151.59994109795764,151.25051132380548,149.82928612241963,155.52572810318,148.29712596009,155.23358813362123,149.5578126208797,156.11165283587067,160.43025856780872,150.72451896082953,154.02090968333036,155.09551708935456,151.97966582547667,147.09753007949513,151.0422862307148,148.38352616596347,149.87025011169217,153.63362548037307,150.63482021459674,152.25111125342258,156.81428953467588,146.90755090469693,153.6584663188577,151.7334175242172,151.1655485563202,150.48035918749335,151.54754200952846,152.97232872902217,153.4316926181787,151.43982366898612,153.79344984530923,152.64939970432937,151.9116885014986,151.87708117758405,152.7638938962713,152.75928547727798,150.62667620530604,149.82967833866851,152.17467391413257,150.98050547304086,149.16164670901753,152.50123130974956,150.97614968305984,149.99754922570605,151.47466901794195,159.06340960181177,151.55880490895763
photo_fish,135.33524283947963,148.65217231346995,133.62136225727681,144.91762240460255,133.04336984142103,138.9321167252866,141.92928565790527,141.83549417651417,126.83482293286278,155.10820826155123,164.37597935386492,0.0,151.40531461888682,142.83043852950615,135.06242926199238,127.31570767724631,153.36974958470608,119.68610458199528,134.54648618856262,144.3204185389751,140.83516599814155,153.889758445965,143.2223510873935,166.22370894584228,126.66985512481942,134.34494115165268,109.96257980964182,129.6259487179164,132.83552695197173,128.3418612912072,135.4437116838918,133.68055340422057,124.27648088028226,133.09602467172894,128.54578353698818,108.91074713117459,133.85251446737604,124.74583212826853,128.02349595110377,124.60655941761455,121.13274328282674,114.58875985434285,120.23460542210131,132.40920433781667,111.6516699489908,133.1830521674244,114.12597157926432,139.27124616306835,133.6329600020599,117.34598867531363,110.29877205108819,122.97325238783229,134.40974564627714,125.37626979158556,134.16811915081547,122.73149700301578,121.18496344291843,132.91566633858042,122.9622546680898,110.15424900090127,129.97343575529135,117.62882100761905,123.45857939508717,120.65325413481278,114.70910992109853,111.88798675287369,122.59634467621092,123.8130923904737,121.63104336575388,130.8458966460812,119.79335372798253,140.9390969854436,113.18559043584149,114.1718587302172,112.12667483505619,115.72978214077769,115.12727458587874,117.92864481088115,114.27078380770156,115.59788087369527,111.22211792676183,120.92983006562449,113.58997073777854,117.34593146443909,114.7348511914189,113.70885365498515,112.62080300471519,113.95934193851511,114.69706799635419,113.61110376893616,116.47487214242126,113.55304924306408,116.24187427856039,115.99539930677669,123.97172113153697,118.14594920579013
photo_cherry,142.75294744649668,151.92688868429153,150.3995904524163,153.3428776196221,136.22660685851184,145.55947162005975,144.8560350777874,143.39899786906483,151.45852680633985,160.7158003436955,176.4810375303913,151.40531461888682,0.0,145.2680295874783,140.55742085585177,137.34614882056917,159.58863884766083,144.46601234747914,157.54122512772472,163.5976096585714,165.39917935706856,156.1343621785296,153.50739615208371,167.6433571182525,137.29700920569553,144.42639467213067,138.8471173273282,145.088483987094,130.57434552620873,137.32296466701112,142.0726752806672,136.08326444498206,140.01469395212933,143.6804788487827,134.62026018775904,138.5114899396572,145.36279552073734,132.6770254895541,141.83507036128972,132.46893446215427,134.23165170971254,140.30649026766324,140.1352999505303,150.60914922868017,137.11366053609356,146.80162224956885,135.16783620678945,145.2845670329267,144.70534487201076,133.32104736616904,138.43773030249702,136.78251543237917,135.62795986586616,135.20397367777946,140.6685223219891,131.12913092836703,133.16517509737318,142.5056078011282,132.0372036679394,140.6966464226858,137.28193697063432,130.9168234426815,135.98782189185474,130.8723909147804,128.35293468707326,138.83409714964012,143.0141618013174,143.9542514767741,128.93477806024814,137.33703200426186,136.93644809976536,147.541689045459,133.29375975372992,132.41375364522875,132.72459744494753,139.45886339609876,138.86305148533356,138.72765474047299,134.13097261924736,138.1225431657274,138.59624949556965,142.14661266163802,134.87870227092958,138.65448938717645,139.50539531601223,133.10219478322026,131.95794593497897,138.27535306197206,137.0038782036043,131.3127046723726,138.18001118576416,134.1896461647197,133.33634712802868,138.49447491791423,148.67227188670543,134.92592152854002
photo_tree,121.97367931947231,138.26037468859553,144.18997877793225,143.38758869731564,129.63322159494808,135.15244650570986,133.27230185274087,140.6543246043156,142.06462479823773,157.54006114372683,164.90133960868778,142.83043852950615,145.2680295874783,0.0,131.7553241710751,128.85356849761212,139.3619256193331,139.55164543752724,151.05798186650568,153.83140962446257,152.12794199976148,137.79988348329482,137.2534947997334,147.624136527476,127.09666104068097,134.3285057631509,134.18622267314004,132.684296190991,123.01504930138243,124.82327091482912,135.32894755756882,126.81949731165015,127.74608802727876,138.23296362818826,123.62841844535319,128.76322885776625,135.22650554785235,113.01612417913559,131.91174948129162,123.52085240735374,121.12863759960806,134.76731410604552,133.73590247961553,137.54224070841798,130.4248971906918,141.23924778964948,126.50484664779648,129.36672839966278,139.0707551811169,123.34059613056247,133.72579096896735,131.74783108505093,125.51221051330094,125.49261244814973,127.0522119650617,124.7039925958897,125.59757866785945,134.92170157768354,129.03148851261898,135.68385432642623,129.4847710794229,120.58586014984904,125.12602536526394,123.62972472840396,119.91511456996805,132.4676999669635,139.0532170419019,136.5091283401394,123.72345673009977,133.17334919103052,132.30180306884768,134.05752813006742,123.07700050812961,126.76693246691516,125.06706324029331,131.52480457451244,132.70324897648294,135.14817632444098,126.13887526628295,133.16422642130317,131.2432927536954,134.29152454439082,128.15320163556223,132.02351869894247,132.52802925785807,127.25855822753836,125.78931462154497,132.85741854645872,133.1731131093761,122.34459459067521,133.3352606900966,124.45738872054122,126.23743646517869,132.57927513867227,140.5367273495908,129.67373992224952
photo_flower,120.97568075285241,136.2485843039425,139.8993026876027,141.5274636113689,110.06723118184803,105.72116086871534,125.95394558370606,117.4054951219857,136.5284653890111,157.85523903638452,155.84163891550153,135.06242926199238,140.55742085585177,131.7553241710751,0.0,98.25356677153191,131.14027091572729,124.62336469885621,141.1819595273783,156.91922545448884,150.25424000264053,146.62000990080736,144.32275845676955,158.92132794192855,109.19684745290186,123.80121496585654,117.37069494034903,120.50806448808983,109.56798166560056,98.96554438042715,110.7002393090929,112.54580726129184,116.65273405382877,114.79928103931454,103.69422991116305,113.84258795386955,121.30186463348144,101.64423321429547,105.10833603396729,90.82203219042796,102.92656148183497,116.49883647898591,122.93988702751282,138.41071620638704,107.84718913284638,134.2820910478759,110.07629542709327,124.43528127461525,116.14755721087732,92.12012638501014,115.64690794662724,99.71267114593171,108.54019003526102,101.50364918298723,113.1861142801101,102.41521006716181,98.84346672760677,115.59073579604883,102.17861634343969,115.30747746024196,110.94907737957833,95.94258389898908,92.51047338320572,87.44777564614006,87.99557119502009,110.59759477903094,117.36392674427798,119.9756193853167,97.85205333879456,115.0826035376942,103.57179274348215,123.50431489124873,104.63827416625757,108.12723700568421,105.26631890532346,114.97267868322274,114.90295081210786,116.57140047760366,107.67721082612557,116.28336566512539,114.78238528330087,118.38404513790422,111.89373238042903,116.70015489006448,116.39056310100932,107.56367576252467,107.16016837324611,116.23487311714543,113.81461451237831,103.56365011864352,116.4846140953422,105.36586335937163,107.82563154132198,114.45396032274132,124.27135974703958,110.61857566097339
photo_carrot,119.91727296430518,138.4472035254014,135.14647610542562,140.37756085816034,114.99229417951756,107.2588344296005,123.04326369932781,115.18617088710387,132.18719222752335,155.2436443862446,159.59649635377218,127.31570767724631,137.34614882056917,128.85356849761212,98.25356677153191,0.0,123.60918136761042,120.30909385845119,138.29631004259574,153.38346925185238,149.9456862452699,147.29829301324088,142.01314729140518,161.62386594734974,110.72345882182948,124.20523708611155,114.54256740829713,121.91558654028414,111.60928482738095,93.13115777185904,111.3081753905477,112.91045295811794,116.05050354393471,118.1280355336213,101.62870513468813,113.6901284872714,124.3237517765073,100.58665817596575,107.31887795217412,75.72582879927413,105.37355377328261,113.51565240953667,121.03495340759673,136.77569545858518,106.54490792952564,132.52296330963307,108.15052958615398,126.61035878736064,118.54778435701141,89.30523691296445,112.98158580554205,103.63751012397256,107.24124382414331,96.52819178006472,113.51094090414226,103.0151322398536,95.2080003289824,118.7560211330221,100.13229209135594,114.28075455397322,108.88641077552559,95.24130109527,96.58792380228691,78.38844367570307,82.85914667691955,107.64279550062817,115.15892095116315,118.79292207148801,101.39117041379811,111.79690026923008,106.72722647067602,126.48835669946935,100.04009301078217,105.04642021232549,103.2524212081423,112.25200426979188,112.93900677094759,113.31325641040847,103.1074941150629,111.99120643828995,113.47367565954261,115.656197409006,109.12663678411721,113.78158002056527,114.54735443546876,105.18174447391573,102.59985396580934,113.60482301282487,110.26775847724387,102.49894672046774,113.14618214952645,100.488129582647,105.07555682361999,112.31686566380583,122.2565186881945,107.44035801633594
photo_watch,143.27346385216234,158.62905226441038,163.6586607682441,165.0215973197126,141.94726818499802,138.12480786006967,150.77330044148508,144.48707583694744,154.01024546317296,176.30954153100987,175.43962836638119,153.36974958470608,159.58863884766083,139.3619256193331,131.14027091572729,123.60918136761042,0.0,149.7932727783592,164.35198709464032,174.20214777650904,170.5528076265231,165.68273651321266,152.31253800407254,175.1900792295867,136.8696178490808,150.87657401476588,149.05687498165932,148.27311725322258,138.29684474104184,126.74628714977864,141.71347398670105,140.52725670026734,141.24241673801055,148.92316817692048,135.901134679635,140.96339149715658,149.13155813193524,124.19143504320579,134.86675657917365,122.51785218220846,124.79926843252834,145.8524558736132,149.07381643267902,159.07197262379574,138.67187325323383,154.4925569084975,136.537104662353,148.2377205871866,151.57005671237354,126.28090477288579,146.6458998284994,140.6076759179998,139.15022997383878,134.90529974479006,142.45555718890415,133.8167755488368,131.23598154665518,148.05287005555246,138.33418657920708,145.70847089852793,140.14410910218783,127.62305785867207,126.27843948332723,126.21761740949644,122.17762961747796,142.69614148326187,150.45443688150928,148.43568993977811,139.57216052333288,141.39508291089854,142.0820003917468,149.7137931530234,134.4438859618436,137.35243575841872,134.7882894618431,141.36271187412098,143.94460251592153,145.08092166349005,136.3161916509639,145.02431968368936,141.35212856626805,144.3758833221478,139.53825738761327,143.91259859726435,144.80026854893998,137.24552089702587,136.89044440458622,143.9491191299591,141.78720058592955,133.24648608111974,145.01933213072772,135.35038846934142,136.4266970063729,141.801760649036,150.46528203739518,138.4202071254485
photo_key,130.7294002680068,142.52261724811135,126.64636862691663,141.29183830761934,128.17155336001736,126.77958801775966,137.29167827670494,135.7090102989069,114.84817315997657,148.860559482463,152.54198265566257,119.68610458199528,144.46601234747914,139.55164543752724,124.62336469885621,120.30909385845119,149.7932727783592,0.0,124.0299852502728,139.09312755183709,135.872867588212,147.11653825395825,137.54558583738236,160.9784872460709,113.70842577434635,117.74506820269454,89.76847861190772,118.45168667870973,121.23387947937948,114.9485106798441,119.2940710853951,119.57953116625839,102.15618058157406,119.9734876585605,114.73924316954123,100.7551026974715,117.90793566288994,112.68039561215967,112.56962465264154,108.96090036625733,113.30493506430989,72.01263350899075,107.91444918439159,120.22012256529293,97.78786653383767,115.27167099460173,96.80882437966596,126.5412342318707,114.94793607040236,102.57114063087997,92.55785955491851,108.56472583456656,120.54300487777978,112.24475613927805,118.10432472288832,106.55235853736812,102.41747791333746,117.86038619460258,107.21554804067905,99.62103613482735,115.54135999236895,106.29303689092842,110.78338331240752,104.63649110920095,97.7525369222486,74.12459267941838,101.95006968591166,108.76247304090745,104.38869985036749,113.4611224640818,107.3163850242126,126.16683954564265,90.124565255917,92.90377330039331,90.11856827086727,91.86412602918844,91.20883218331026,92.18079746303907,91.73715558453866,91.79172118291582,88.41842274860736,98.61297790520341,92.2948469380414,91.08460122717102,89.21347617434469,89.67463437602218,90.74035344921882,88.83790628477482,88.45300964756211,92.78369020109153,91.62768507398567,91.83375709369163,91.0906225984115,89.66930717291747,103.28879221922072,94.51628369846587
photo_truck,139.93119251464321,150.18164918397542,138.1478462931429,147.25313754709964,140.85183291535674,143.39941357913963,150.29615795873045,150.03787460575103,136.79174594427704,159.87017147864324,164.36956732526755,134.54648618856262,157.54122512772472,151.05798186650568,141.1819595273783,138.29631004259574,164.35198709464032,124.0299852502728,0.0,147.03216091299439,143.2736949528039,148.0973521996429,148.0947548049492,167.44863985641925,129.7606283179263,135.7751047046524,117.71881790419998,127.78227089393252,138.77643282543755,133.54908445490543,137.30993691623854,136.2790516575491,127.59480174546117,137.33235887412877,133.78084383498563,121.4434730019064,139.48089944140517,130.68288209149435,134.203740664249,130.17736006137272,130.9061059388731,119.17432969847395,109.9239141027316,129.95108940548224,123.73364734140077,131.9401480287537,117.41366224633005,141.79980130721327,132.19951211959392,124.50744741975325,120.46489320957791,125.97871019776417,135.06864399980196,129.69285449778297,139.11921286082722,127.44258603958083,127.75594829904959,138.33052457112905,126.77775087954396,119.16412870280482,133.50970448927646,125.33786804486328,130.76263583056314,127.05270684707247,121.63559259871808,120.57936888936847,101.04826331605587,120.43840911804321,125.49560835525963,134.22088487276707,125.14989247056045,142.9075924542194,121.5886042488385,122.64950591680798,121.70567346960624,126.06887087680207,120.87762594979516,124.56147930265983,121.76122180699271,123.64853914298503,121.2381504176075,129.6273924065475,124.8082559966287,122.94451113564794,122.86169838900382,122.43361468355485,120.891882527986,122.92422314183261,123.05937896795388,122.15881350010724,122.62199333567249,122.73741479913357,123.44787307093422,123.7922838681156,131.5364065078828,124.41612303483618
photo_velo,152.7921467514702,164.3934443233839,152.99245745795383,163.37288424815395,151.04141649174488,157.83000752927748,156.49897811409375,161.21451954156467,146.64404841553073,162.7250166044448,173.79716320301165,144.3204185389751,163.5976096585714,153.83140962446257,156.91922545448884,153.38346925185238,174.20214777650904,139.09312755183709,147.03216091299439,0.0,158.59279955293272,163.44750573554307,145.94790609380732,168.06659998507092,139.07636011488077,145.94093053764192,133.72248884202634,143.1744229784708,146.93594555813627,151.55071534812936,154.64110783699763,151.61113717095753,139.27974338385474,152.741452319598,148.0060796047987,132.5089326868292,150.1269467754095,139.7527333284345,149.79986487969663,147.58744116337076,143.13366035999135,137.37575495669842,130.44429417126776,107.68935873781402,138.35856865179088,144.91380372519512,131.96727630143792,145.35353836828546,152.64644304463567,145.23735594372152,133.38917333618798,147.0808174622361,148.14922987923453,144.8853588726473,150.87137706123033,145.65548911241416,145.95541182842283,151.645019533272,146.98444652038123,138.1008892104266,150.47109301575378,143.0253834189375,147.84427628115753,144.13418938196415,141.42600870964324,140.6554949407409,137.5936877409394,128.3996536692619,141.12365991681227,148.18683462802068,141.69891314355957,152.09216265165423,135.57088509023396,133.77339533084893,134.6425733758615,131.546241460016,133.79591872309507,137.4762411862597,135.75447304369087,136.3378767699542,131.37218777120293,139.03852987191974,133.5324478396668,137.4644037625942,135.64875840713108,135.34593681236663,135.7900904500181,131.96651702796026,131.7764871748181,134.85455098098083,135.9712833304987,134.97695355887356,135.03087942723718,133.13803523081674,140.18368272339777,135.8742612836887
photo_road,147.4189083509053,153.0390176061269,103.3412662973859,143.82948126702894,149.24308148039478,152.35266338340247,154.16276446930166,157.49612202091794,143.46404423217533,149.7217757328442,169.43174531214152,140.83516599814155,165.39917935706856,152.12794199976148,150.25424000264053,149.9456862452699,170.5528076265231,135.872867588212,143.2736949528039,158.59279955293272,0.0,153.44844279457067,149.06534743723253,160.12229222031021,140.49007374025516,147.9203105557692,128.54252001800538,138.73494046116843,144.92940021643875,141.51987676108882,150.33567040433562,146.99117320209268,135.55908914904995,137.241306217252,143.0485871112297,130.16653121328622,138.36853286356353,136.7919317168424,137.90392955183816,143.00315245700602,141.551877804494,132.0640047067147,134.6353884603294,137.27894117394482,123.79988242185647,139.62360840261087,134.64503239209392,146.4572603975318,144.8338406477201,137.876175414241,132.98045810889377,141.91240746033165,144.7899326683349,141.47649042802044,148.4624589624353,140.71948729334156,139.63922438915023,142.61641180213024,141.89853929785295,134.03691891880774,146.41724538917248,136.27780284752959,137.69750801358745,139.04481430590585,134.1668646443232,132.63914098486885,136.21755007981506,136.0494543113711,138.98806713230974,145.40104926538683,135.4736832584646,150.70267460000807,136.21916408267512,137.154722706556,136.33730133703315,137.2050117810407,135.70124925671504,137.53205451508745,139.140731787321,134.64466947169035,137.35328802018668,136.09323819150026,136.23208154435824,135.69097448449287,134.42346860788487,136.26020153524055,136.69783457125152,135.32289593673687,136.47982484822612,136.3962423817409,135.78693082786288,137.9843545455958,137.3807891262428,137.6738375343667,143.97458894717565,140.55529760377436
