,photo_face,photo_profil,photo_eyes,photo_face2,photo_walking,photo_standing,photo_hand,photo_legs,photo_bird,photo_butterfly,photo_girafe,photo_fish,photo_cherry,photo_tree,photo_flower,photo_carrot,photo_watch,photo_key,photo_truck,photo_velo,photo_road,photo_house,photo_mountain,photo_windmill,drawing_face,drawing_profil,drawing_eyes,drawing_face2,drawing_walking,drawing_standing,drawing_hand,drawing_legs,drawing_bird,drawing_butterfly,drawing_girafe,drawing_fish,drawing_cherry,drawing_tree,drawing_flower,drawing_carrot,drawing_watch,drawing_key,drawing_truck,drawing_velo,drawing_road,drawing_house,drawing_mountain,drawing_windmill,geo_face,geo_profil,geo_eyes,geo_face2,geo_walking,geo_standing,geo_hand,geo_legs,geo_bird,geo_butterfly,geo_girafe,geo_fish,geo_cherry,geo_tree,geo_flower,geo_carrot,geo_watch,geo_key,geo_truck,geo_velo,geo_road,geo_house,geo_mountain,geo_windmill,word_face,word_profil,word_eyes,word_face2,word_walking,word_standing,word_hand,word_legs,word_bird,word_butterfly,word_girafe,word_fish,word_cherry,word_tree,word_flower,word_carrot,word_watch,word_key,word_truck,word_velo,word_road,word_house,word_mountain,word_windmill
photo_face,0.0,589.5846042669951,758.4684192717107,648.168442433087,617.2273263348812,620.5947516165276,607.4478181290945,603.3014890606835,706.3257884969686,724.1427535118928,761.8113624044772,844.6459705614345,701.7393381201747,603.2337997022179,628.8298941112874,669.4543668993307,623.9402961843211,699.3972488765924,820.4396454265966,719.3105293785021,838.2450649863395,710.2883840271095,700.8958212995714,754.2651234238117,653.8815673801884,718.1155704566551,731.0635999819001,700.572198928957,650.6736012780752,666.5067026016108,674.4988616036076,676.6927482115026,730.0342141591016,767.6841314241187,679.6933051418714,736.3478665919378,737.4416651233842,627.2261440423421,677.325945903595,641.3970065988032,602.7669426003367,736.9102799974783,759.7100779335049,774.3898460046537,714.9396312646915,799.2400971328765,707.1145135869676,693.0408344883383,742.211488950583,650.8342400848227,719.8402515342209,671.9325931386174,673.2305842850598,678.9121176710811,695.3641870576502,631.1701503996858,651.761830072357,726.0593986073158,699.7105015080493,724.8973748252541,713.524979623615,646.0605218122126,646.0272937918501,654.2478067393184,642.9541516746262,755.1316405574826,743.8510592901022,753.8126559152437,679.8176622294017,694.4154340715187,687.0209428613216,690.4274934360075,715.5726991719924,714.2745127021965,681.8871204815749,729.8971904842502,745.3857655548873,734.7484095957384,700.2910770113934,750.9475156896053,722.2987929840324,745.3136310657723,712.6582367379485,746.2891111757772,731.4214464492353,713.192328656467,693.3475748618054,725.6627261934801,721.0512710974273,676.0737891179043,725.1972084040767,683.8786121931545,750.5691009951577,722.7600694636357,763.9980447610764,742.3414805828493
photo_profil,589.5846042669951,0.0,755.4946960973543,676.7075969425092,661.1427119825812,693.8038953543098,660.1946865867621,676.3990274432584,729.9084480267752,728.6716017263259,767.7406700892737,853.4879565114443,723.1784453433098,666.4051644984033,705.0784228256872,739.1194117729975,718.2900095290478,733.2089664599313,826.6838135012893,755.7436076340958,829.6971162502131,677.6390297546086,711.8684648114103,741.2907538275521,703.0165936144438,669.9813241898494,753.7738797016916,727.7646908073273,695.4564816841836,733.5080792427731,714.613353776388,697.5099704272521,752.4155391541799,767.1341046389534,707.7376406011562,766.5522807726547,749.64424240628,706.0228544902205,722.4864968804573,727.7525887861353,693.4905939976709,767.0311846420448,779.5735737458712,789.5457062131225,745.7564477667553,798.8309691983559,744.2427281317338,727.5731260954118,753.8449274813909,723.6402206100469,761.8587602244531,726.3087623977349,732.5516263085751,731.529259666072,732.486981696279,702.6178057329414,726.6323022461356,751.7972472095087,730.3827760391115,766.9115849718273,737.1655539869794,721.489803087539,730.649589115214,735.8116167344873,729.6151325139101,786.3046274060367,772.7688804968102,782.1662537520953,706.436360089238,707.4166036141349,735.1396963308667,744.4336729200787,773.3180807232071,764.6839791486748,743.0968717903457,776.6448474873663,786.2510772117132,777.6735069209908,761.0405981297329,792.6692530144093,766.5639317296955,788.8115968577576,761.9665389241522,790.5077396469164,776.1007785817123,767.3881625165424,750.6125013928286,768.8116560495607,766.856921637308,747.562905365739,769.8280504401959,750.4262527699289,796.9026259113199,770.844735272713,814.6964331714167,786.1036748387244
photo_eyes,758.4684192717107,755.4946960973543,0.0,687.8367015483744,808.0316303498888,807.4909609820699,803.2063324628946,788.5770366613284,738.9546400756782,738.9833751410735,794.3182001701888,795.6900562355331,787.5633363526476,821.3461722887071,810.2383506207766,796.1362585972222,807.3516016402658,741.0985917643249,729.5789189587173,764.0595668487866,690.3678384112012,782.1676628012937,721.2177759956382,790.9848222981083,776.5918340063256,790.4265584592875,717.186750667242,719.4300779230957,814.5101946502974,796.9659205270522,823.6704729295257,815.2901356521465,759.4061575808421,764.3853959018406,817.1679105826287,756.7315057655708,780.4385826642314,791.2148308795673,792.1219396153858,804.2320653531496,800.0306181500611,750.8337872782818,741.7074545184237,755.6698206689538,731.7752047483436,722.3497415650899,752.5443104226213,810.2506807685567,791.9655307380361,804.7262655004902,735.7701738367284,810.1725327195946,809.2974555376327,812.5396196391638,815.647856449444,810.2442258919768,811.9345353141518,774.4704057774695,806.8989256082751,758.3109211953093,829.8539790392585,799.0978708351702,808.7650936627333,803.3263231341385,806.1468215301683,761.5723101014916,741.5971137334592,756.5462506582422,809.1130215311284,802.2683788413574,765.1353489571202,823.8711557901358,771.8595288002475,762.4962900919078,767.4243760673038,767.4067726870652,764.8816021740943,761.981977296796,773.6208496298756,769.8304178302261,762.1784368844593,772.1029627060876,760.3258155280015,768.2608571738177,765.669066395792,767.4735449967964,763.733378888445,762.2516029828429,765.0941946388091,761.7090961364888,761.4596294820719,765.0242988600586,781.589211704282,764.2440089551473,796.7223628407086,778.443136876547
photo_face2,648.168442433087,676.7075969425092,687.8367015483744,0.0,744.2640082901793,763.9721338821848,718.3146343423455,746.4763770993198,747.8961043955752,751.9502190070194,814.8896536815487,883.1145080540487,794.0310216790779,758.4691369223663,781.6923644460077,811.5012298924925,781.1824290992798,764.2908745814813,835.5812541535156,785.7857817698278,777.4588859615146,758.1041922829992,756.7016490717632,806.9590504511659,747.7938915981139,784.2375105641216,782.9019749456669,688.9110374011003,780.8932441197616,791.669593087364,798.4385170930594,777.374428224287,795.3135605805926,796.9013541206142,789.8775309261879,803.623753262309,807.6176586868171,774.2867168080882,784.5534894894548,794.5061776682671,757.2337683943714,798.5278624406814,807.5434639912031,817.7466807226273,769.6923407452597,811.0047248323152,780.9231034553443,781.8809987609911,805.8799726888242,790.2357127840314,790.5714893092696,781.9733193767379,793.6854289234593,793.4273406687654,800.3023240571423,779.5492586387786,791.80293369585,782.0127548164239,790.7051335393048,784.1225607994901,813.7659285629682,780.8820419873551,788.6824181709651,797.168682988486,792.6888435825826,820.3923988556616,790.548395809413,811.9185044995778,773.3264662457924,787.9171229757512,767.5563095661406,797.8522563361458,811.9257233577327,802.031922367243,782.9826378546641,802.9226968831061,813.5447114945855,805.1873057352695,797.0012162508028,823.0180019039288,799.5948695107589,815.6468373902056,798.9338561183097,815.3596932766307,806.0337864210729,804.484259772502,786.6954934725015,801.5412853803637,799.6941965008674,781.5664753857773,798.1396504147144,786.690935760122,833.2123638252582,798.2542220693961,833.8987606171747,823.8150456114964
photo_walking,617.2273263348812,661.1427119825812,808.0316303498888,744.2640082901793,0.0,548.1125600955936,587.4757920436169,544.2574645313317,657.2005284707539,690.5621691625373,725.1118625779086,810.097840227969,626.6290949846073,570.1938005217879,585.5905843518334,626.9611320282424,611.8591627041653,648.325168476368,794.7267442596701,660.8652495803657,809.8062901651364,716.4912736707641,608.7151526180902,729.2188264858219,639.325372377244,713.6598714746588,691.7041621570003,698.4204846180534,514.6585204462062,648.6619648456957,643.447606226032,632.9515884807394,679.8732981556847,718.7706809712196,587.3046022584182,684.4783210640674,697.7261545091848,590.7204830080512,670.8558941488897,601.8662040633332,595.9320154272506,691.9206458640604,705.824041619981,719.4367212214024,659.7521353657244,768.2219272541431,628.7780315323032,656.157994999796,741.8515089934582,594.5273368925999,686.8148640920101,636.9069233645165,592.5953244538767,619.616768114429,658.7293778113514,576.0046155663844,597.4969514774466,704.4444522416105,615.1621784624699,683.2502961944078,630.4646645798796,573.7341501338858,622.7808951539101,614.7536444025721,603.5342198562184,706.3408545231318,703.6492266701662,715.2638185769129,623.408788671879,693.6944681314972,633.722458325475,669.5680604853902,670.1791802693417,670.8831485688531,638.2134316612559,692.8362600648446,697.3272868835302,686.3914661660652,654.9079080799183,706.1456387017471,678.1940925797986,699.7463495038132,668.3809284682205,700.8959064313451,683.4385951072871,665.7127991788761,651.2077762318874,679.170909918756,673.088100272236,633.1298132490098,678.0102221634354,639.9923629193897,705.5928932706221,677.6298682583895,717.9022846178243,697.6288681937891
photo_standing,620.5947516165276,693.8038953543098,807.4909609820699,763.9721338821848,548.1125600955936,0.0,598.3136343244678,485.63741366924376,671.2424157558265,699.9504728436427,663.8756913563295,778.216872305141,647.4682701556619,605.7979096157935,506.667208460555,528.090817621734,555.4178470745354,673.5041996215069,777.916359230621,689.9214399944225,832.553846871618,716.0898579433842,667.731366348154,676.6790680970431,653.3295303803568,694.8430834826074,693.8596815100054,677.2677915342446,569.0098414122626,532.2222632584283,580.647933547454,602.132646270412,666.3945282170955,686.0843063431957,541.3073824497004,680.7869751150442,687.2287595040835,554.2794784404529,587.2310302761198,505.9771827492419,538.5755454195722,689.3268652499969,711.891698805115,725.2200082449401,651.3174286415424,755.5252151176613,656.0655646322712,597.4640281017154,713.168957629614,523.1822525379009,689.3475990109054,550.5833428949127,590.4793175002628,532.7292096988157,619.8134704208964,534.5825091179709,535.169542843055,684.9564591407794,586.4661893715565,694.9539085828715,648.8661251677154,569.4814709264656,544.4037519645456,516.6406904092577,536.1927008435259,691.8269706480738,713.7344764155529,709.7615682973599,608.6136461209762,671.9113143327053,638.1173201690876,607.689679603701,646.617295268218,659.7709172593796,637.3250208644488,684.0110425784897,693.9057839633737,688.8917733412169,647.7731192314129,699.5232716072518,682.0043284930034,692.4009910875352,666.3307318898977,699.8572709666162,688.6519141566596,659.7198111631491,646.9898442275144,683.4739970645883,678.1798984215916,624.1899068845286,684.846629242013,629.7456648082099,683.546074467991,682.0164496183271,717.0209693936736,680.2681001950144
photo_hand,607.4478181290945,660.1946865867621,803.2063324628946,718.3146343423455,587.4757920436169,598.3136343244678,0.0,583.5451545983389,699.8443124529725,684.2925261851246,744.6454637412029,816.4656949146208,660.9706907560218,598.8035496301898,609.6196823466041,659.0807001018267,631.7020976518357,676.7702458328744,824.5811475218019,698.5289017608167,826.3677830068023,718.2925589640256,673.252756289458,726.6238783506452,703.6058464240814,712.7044786688264,716.3971360421488,696.2560720371317,636.0321855729705,647.522024580305,607.8548904697564,660.016118536307,724.3394152042785,731.3957055064984,641.3468017548006,703.526131563311,695.4222897676931,626.3248029785273,653.4147600768679,637.0398569528604,605.6778161063162,715.0209336754187,733.3200174725588,761.702697963483,688.2378388075422,792.7168168850004,689.3385983176476,653.8338677530303,754.4485933363923,642.196708222467,711.2210018566669,656.6009379399383,663.5929068939071,658.1136726902,644.2535773565965,602.4230904591013,633.0205207663225,706.4067998621989,667.8102516212351,708.6447938934083,691.1039845692986,632.0075148120698,643.0371719692308,641.6896164720273,638.9908096130599,739.7141187459642,733.7075614220961,738.017890037042,655.1316487662992,703.1719577996714,668.0887343343932,667.0979572823885,718.602733394392,705.811771040866,675.1946655204077,724.4543258265733,733.1538130590724,720.5690957189436,697.4741702552697,740.5090842976539,711.742169660719,731.7317789005309,703.2854757651053,736.792318260017,720.8722374039897,703.6182025602947,687.9814378798151,710.9097041147767,708.0095361858592,677.8802126219997,710.8833602611896,682.4211151756305,744.8493147212683,710.7810362894162,758.5529574793122,733.139751132398
photo_legs,603.3014890606835,676.3990274432584,788.5770366613284,746.4763770993198,544.2574645313317,485.63741366924376,583.5451545983389,0.0,661.9628085309494,686.4332153929494,691.9691744087658,756.4712497356137,620.4995423293012,580.1124113552589,537.4221916065848,533.5225744766587,555.1056653628747,666.7523970820736,767.0798415240556,676.4821999343444,814.7534398397937,699.3213491881025,651.4532406057876,690.3890012569434,613.3890948469626,670.2180965684178,673.1206913998394,663.9179665913309,535.8815375901924,553.3459629146809,571.5035677935122,574.5418613471825,644.0638874672729,689.7662721633235,573.4054166780824,663.3786368950969,671.5642306586743,526.3011042491916,600.8644616104012,523.177109922157,526.9053821430009,678.8697793691252,700.8162506198624,700.7672171267673,646.3862125636686,742.644084176284,644.1910711973712,616.4217717033615,700.8778911553476,493.96767553591746,672.8086045681906,572.6909230143294,557.4872258570686,541.963044510063,607.6443455884447,504.78241853210216,512.080437524576,674.3768167813489,610.5539790699817,687.1549499692214,616.6741034254168,553.9350061596867,563.7257916703197,527.6177447343192,537.778122344199,682.0566250561002,702.9799376647172,689.3553914054017,601.9101343785986,641.228406403017,623.0373338645692,622.6003910539447,641.2800613275459,646.5356991456554,630.7363145920548,675.261963646428,683.8830773709217,678.2596797531851,640.2338358063224,689.7511420981367,674.6880857651302,683.0516613677567,653.0549723120204,690.5571166272035,681.1122839113369,649.382522995068,636.8848169821667,673.8896378073046,668.8923020322818,615.3494448164513,675.654062983611,624.7079584800346,672.0454079529133,674.1411048938243,710.0542559819506,668.4734348297518
photo_bird,706.3257884969686,729.9084480267752,738.9546400756782,747.8961043955752,657.2005284707539,671.2424157558265,699.8443124529725,661.9628085309494,0.0,619.2252997470164,670.0510532689755,634.9825991266922,671.7493591997559,682.7885203411126,655.7042549454757,658.7948915382722,656.1747415223241,526.5642178406272,674.731358728382,613.9992223192456,773.06590179919,734.6908568386008,625.116707972005,725.4611739406,685.5230516564151,713.6145450110785,572.8980494158513,640.9205309750566,679.6919265566107,667.0559474288168,703.6479313805705,705.4513934912197,487.9166128339457,685.7181735646261,672.6753496800017,574.1571861782928,679.7966206583906,648.1468048913597,666.0101095936221,665.7451606309031,665.2593505797265,550.8298786096314,637.1818325101423,633.4298952131815,543.9284145376108,673.7372104073356,576.6194642649335,703.5009791681533,736.8339527026349,644.4983865787016,593.6522479735585,688.7124424581214,674.2148288407694,682.7775767334275,714.6855016823645,676.7290177618577,657.6045679868882,685.2220364950557,673.1986553983726,598.3978340475866,717.8084907316774,653.5070204990077,669.9526428267548,668.4409683323496,655.9150616600037,564.0505849828108,642.4659805438309,643.1960054268449,707.0879843573335,722.62794885237,631.2535823691377,718.9791011205346,606.3515752704358,603.3237602295994,591.1451981286281,596.945853782483,604.307335105166,602.750354142332,608.3618373471097,618.5490004724847,601.2212706530311,605.5155280469673,598.8325937371787,613.316654537477,603.2035353651102,602.0244194851512,590.6337025225877,597.3427077648669,597.3921026769088,593.2239576577267,601.8934862015976,594.0815821418988,620.9968109045161,597.0603609975652,644.1982020526292,614.894704285673
photo_butterfly,724.1427535118928,728.6716017263259,738.9833751410735,751.9502190070194,690.5621691625373,699.9504728436427,684.2925261851246,686.4332153929494,619.2252997470164,0.0,731.1842474578632,752.0668113496254,679.7683263379836,688.1666818381796,707.7580566258301,722.5847472230116,714.9123558477999,648.7926095081635,714.4056006559879,641.0562752325347,783.7902470993049,731.0832600366923,682.5523150154918,706.8156791679817,708.656657914578,699.5203186297767,655.4456049541345,601.0047361985164,692.6718272466485,694.0274572662307,711.0396982693061,704.6521916872781,637.5165810148887,571.097168094388,706.1492354987892,657.9163538318003,650.6211222557093,683.1287086993524,693.7914296941555,712.1936489170373,689.0622943287977,670.4880024347182,662.2512153227138,664.1482453393203,637.2205456710898,687.45176707315,663.6812823012641,655.4972966601915,703.9751084954721,707.4612217584262,668.1423239515065,707.3841689673561,678.9373948504186,676.5876745196479,712.3112938814268,688.9136276100633,702.1582212118853,625.2567708504722,692.3054869099293,662.7012727051149,725.5424116867064,673.1253881858667,697.1301523190101,704.2311629518636,711.1563603979087,688.2911807281043,658.6322949609607,664.3216252811985,712.4655036533824,713.1394757617794,647.44393996451,672.3963439380645,701.0911840552928,686.8757448799639,678.6617710951923,698.081441991171,705.0919272374543,699.2324257728555,693.9297801355469,711.2229471966398,691.6316836717001,709.7997906373872,688.628320022952,710.1178676056309,696.289718880194,692.7182358332444,681.9795933953965,690.9290920179359,692.9531450100263,678.7988206901276,692.8631697499401,682.3105349697273,722.002160670103,693.9644773127039,741.480778892112,715.6529261778709
photo_girafe,761.8113624044772,767.7406700892737,794.3182001701888,814.8896536815487,725.1118625779086,663.8756913563295,744.6454637412029,691.9691744087658,670.0510532689755,731.1842474578632,0.0,724.5313151873806,691.2750109544093,735.9049035847383,672.7656547654022,664.1870074129037,702.2736969253461,697.1969296860625,722.5537942504258,723.4371156868747,851.3897767483261,729.9643102883592,706.3382721198656,715.6552611189289,703.9907000627385,706.8751282535583,688.4571918605344,691.9426463473204,690.0975947264373,664.0261498227783,699.3403969034802,694.1898413950195,676.9437613184101,707.6825716008452,624.0672799785342,682.2030760764417,702.7245663563979,668.5484032997441,687.1605552837063,670.8974657815447,692.571043687553,697.3365014450625,691.5062910045793,697.623112417457,665.212240455132,724.44602611202,698.821138280741,708.6412093143274,748.5196657804001,673.8417487490573,708.7093448842928,697.2919056575901,703.411770963915,677.0307724696613,713.5873068678119,690.0554196333309,711.6677480428591,731.2420565957758,631.8118511708991,718.7687419148264,724.9206416937832,701.3260585835585,684.6995648603117,678.9997006159234,691.1618837866079,696.4907334891574,710.354810677071,702.295038188961,714.9897276242523,729.8888688269881,685.7633112858539,723.7712391255019,707.2938305872603,708.2786612428708,716.733081071857,724.7654930528423,719.9585239695975,723.7072068564449,716.8571846207193,728.2679631836804,725.2528181172374,723.6375673573697,715.0395746527828,730.7440455720894,728.0573735534132,712.6100286271594,707.0037762287533,720.7288616586372,722.4815152619916,704.7538538984844,725.6838906689316,708.3656377961596,720.0290032073449,721.9954810958506,757.4490488097821,719.7874199273049
photo_fish,844.6459705614345,853.4879565114443,795.6900562355331,883.1145080540487,810.097840227969,778.216872305141,816.4656949146208,756.4712497356137,634.9825991266922,752.0668113496254,724.5313151873806,0.0,679.613423691071,805.5289322500297,748.096904023805,649.6165612412301,732.705488783543,641.068320026768,627.4581375354581,690.1382658570429,869.931370372527,799.5684187513343,703.739008111778,755.2773837530491,732.3220023144777,738.1884002022596,567.2589794030972,714.9699740567762,754.2584159611889,713.0958603784758,784.1602727844352,782.52647627146,601.6825554333609,740.3305819511914,735.50957419684,520.9902718514627,707.4558740956122,700.8748326993029,703.5048702954194,710.4870907922366,763.0392644140549,584.505873841657,596.9038401505842,620.4555455448972,584.5606856966617,668.0230527614134,610.1158477170873,796.1581447583507,772.0500398344333,712.5860847229814,630.4697499653414,778.4753389308615,747.0031978578427,759.5539570465761,757.7137363037568,768.7570200746559,730.4048489291647,760.3150325306979,744.421968857123,636.2806272543012,776.0086429347429,735.1071236319183,754.2925334348749,722.3777573183086,729.3499568877074,584.4005806795298,682.9893741936004,652.8188020853656,782.4207793577085,786.2569243110689,708.2750451618426,809.8936112209318,606.0045520290616,612.5628770786017,656.5903080193782,635.5737077064583,618.6193871813609,641.8194448032334,639.1921735072624,618.0284407899696,641.3992435041486,640.5883101264807,623.1997424802647,643.6080936744678,646.3680772352511,623.7612164634338,637.6137227738013,637.0802340824425,653.4857751849518,638.827910215288,646.129259640438,640.8771421140375,598.980117408401,645.5570896612771,675.9246733852776,609.486385622521
photo_cherry,701.7393381201747,723.1784453433098,787.5633363526476,794.0310216790779,626.6290949846073,647.4682701556619,660.9706907560218,620.4995423293012,671.7493591997559,679.7683263379836,691.2750109544093,679.613423691071,0.0,626.3718664218148,636.8416475720576,592.264444751855,630.3419235697593,662.981195012669,707.5936206374384,642.0464112109994,837.7901446483949,698.352582383137,622.2632382024333,676.6021973764629,643.2535603329002,655.9686177224908,645.3096208391414,679.290805096752,595.2355160122502,641.9933569678042,658.0830498145486,636.9736369173202,637.8427333688227,668.8677973427782,602.3627739046002,624.3461863449334,616.540061730666,581.2155919940034,645.8001315741596,602.3148519977782,621.2871046347748,655.7225610165284,646.141476956078,637.5435926933927,643.3217013795451,678.7168555472867,618.6212903124324,655.5689164417415,686.5469241085075,624.0757967619737,654.8333707161365,670.7228956586312,616.4970616024198,639.5507503813923,631.9127925009327,592.2122261461177,612.5991655074797,653.107409567042,614.6597394176487,672.8207447029847,598.1206330297915,608.6278985729112,645.9036753196563,622.1635000964968,623.3597917228243,656.1696653241842,681.6488330154244,631.3485717817559,628.1693322339718,658.4562373987711,648.2505749385322,666.3537760053126,639.2951533087355,645.8076181257421,652.8854885029083,678.5829026816215,672.9605534148494,678.3660806275795,648.8216153155007,676.5160461063386,672.4230366928412,690.2191835082895,651.0547137399304,685.2992228547402,682.3683157034529,648.9013311006718,643.5879169961179,670.8079733806006,677.2300285253466,633.7069714638129,678.3135378667789,643.715958915753,658.1873283583922,680.5612935371795,720.9483113679227,660.509345906239
photo_tree,603.2337997022179,666.4051644984033,821.3461722887071,758.4691369223663,570.1938005217879,605.7979096157935,598.8035496301898,580.1124113552589,682.7885203411126,688.1666818381796,735.9049035847383,805.5289322500297,626.3718664218148,0.0,592.7128196337985,611.8822368183174,579.8482406122132,672.1727215205395,807.999829209088,686.7483372542824,829.1355747139838,695.7461276637212,626.834665106177,700.4238518188827,672.0665373399163,715.704483101469,709.1005445329544,705.4100112235175,597.2762519646034,643.366347119966,656.8776952876035,643.5616473652265,689.9563913087281,726.9088936309828,615.4539348430684,693.6245610715798,697.0806979037316,538.4149653861411,669.614049654704,608.6719276338018,571.8942820859879,709.3608083881662,729.8637843312791,731.3174087762324,687.5531494412945,769.7553002822671,657.5277064395872,651.6548497273226,731.211119585409,606.1798802859354,699.1360204002194,661.8275514701843,624.4490018828254,626.9454689100218,650.1343398076535,570.7481689105468,606.6503798587191,695.6386364500814,647.6190452398278,704.7558353112175,638.6442084339907,567.2212404726018,622.035078089149,611.8508109373254,589.9596317043969,725.6170841861357,725.0479495502948,725.0332369812477,621.4609552813755,659.528389794141,656.5162421689495,655.3968589845116,676.6515102607541,682.0755652664715,651.2924574060472,702.6011822167202,713.7870830626415,702.914538504731,666.7512765829287,720.2806988129837,693.359343864302,716.5327233171924,681.2841178167333,716.499545170549,702.3777484321934,676.2408779284651,664.0194112187313,694.9394127507609,692.2735583010162,644.8293602018513,697.1461211512297,651.5225852946043,711.8451316583431,694.7782918295429,737.8441224956634,704.6048561336947
photo_flower,628.8298941112874,705.0784228256872,810.2383506207766,781.6923644460077,585.5905843518334,506.667208460555,609.6196823466041,537.4221916065848,655.7042549454757,707.7580566258301,672.7656547654022,748.096904023805,636.8416475720576,592.7128196337985,0.0,466.8956451893488,527.2629560298269,661.001643697083,773.3942742492748,683.284712607201,835.1670645664649,717.7818569465466,667.4502880948467,710.9382387074758,651.0011129945466,699.0747946199082,678.1377820929464,687.2118116433894,586.2217997140049,559.1099142275843,591.6387648803294,637.8825307889958,656.2390915012398,713.7094410125965,568.7535146629587,666.7189035093639,688.9757220616732,521.884887060391,559.3997878545213,466.3588908908872,547.9218355772496,677.2092673734379,710.9069019242754,709.1463085288012,640.3495979102786,756.8835554568857,648.1279247629093,658.3997043057025,703.3195074090327,496.1091723546751,672.2868370414727,564.7083804682135,591.8540781510925,553.1959359136431,625.2275040659264,549.1240740066208,530.9720720980087,681.3850265126166,594.8354718223059,682.3093646829651,628.4093095895258,527.0468605895979,490.57715610275716,457.16724277619295,509.2221705657167,673.6978625228868,708.1906075557698,697.4614050652941,600.6579128375321,675.4400675968199,628.1290610779868,648.0854262070478,621.7979497057937,636.9754565727804,616.5550345907171,666.1743123429133,671.3092877383309,668.3156474465804,626.456809516761,676.07879044849,662.3819445583334,673.0333582760186,644.7525428150632,678.2602135393445,670.0995111181282,636.0255013000069,624.4732388066658,664.9959112639298,658.8170821776487,601.9622518742997,665.6728114237676,608.6702022822018,657.9579561569418,660.346923731595,697.6458581772355,655.4849668976511
photo_carrot,669.4543668993307,739.1194117729975,796.1362585972222,811.5012298924925,626.9611320282424,528.090817621734,659.0807001018267,533.5225744766587,658.7948915382722,722.5847472230116,664.1870074129037,649.6165612412301,592.264444751855,611.8822368183174,466.8956451893488,0.0,499.48851442051733,665.9846426656802,712.9091559395779,688.553346533075,850.4535645253758,718.7464145826035,651.3183157972488,696.8757725596275,611.2072477900326,678.6769429947167,637.7978475119619,675.58297740503,584.0098278860559,502.7210241735019,592.793116229306,628.5981333834328,619.134907047947,694.1720423744371,557.3650681924744,619.6236477824009,673.4779465886212,498.9965820354967,537.9540472811716,360.84580699082176,543.459502813546,642.4953629156132,667.1511292378606,670.3887828174718,611.8675641350933,706.4754883747689,621.6323219691849,680.8922817502138,688.5473791704401,486.7119435065206,644.8812038879107,586.0384288067465,563.9214278457399,538.0275322435958,595.8138114257653,535.266370727664,504.39928888954535,679.7227250652885,591.6196358504311,673.1205482053406,607.8047563467529,513.7630086088283,497.4673829083825,380.1822397131078,472.94999081250893,625.6459121887331,688.6859699581669,659.1977904775256,597.7817008547974,652.1806383290535,620.3793148202067,659.0364859036351,566.6685691558969,593.9211648322319,600.8638023254534,629.1623620438334,637.6913889231294,644.3170105850156,590.5766017006043,638.4616044059256,640.7334450721461,640.610238017258,612.1319080270544,647.9377370651767,649.2082595579424,600.4160326512684,597.893664807289,643.804552485212,641.2888888468965,573.2844453963519,647.6575336198483,576.3530724196174,595.1046598779709,640.5731442816611,672.4192894991878,603.2029804264048
photo_watch,623.9402961843211,718.2900095290478,807.3516016402658,781.1824290992798,611.8591627041653,555.4178470745354,631.7020976518357,555.1056653628747,656.1747415223241,714.9123558477999,702.2736969253461,732.705488783543,630.3419235697593,579.8482406122132,527.2629560298269,499.48851442051733,0.0,646.6836202850172,744.5415036757299,673.4851114746352,834.569528740661,698.0841703256849,647.1582190663727,703.449682458324,623.1128428604653,686.4695550436675,658.657330843279,680.4823117913458,586.3271408735926,537.4570985081269,595.94026962459,631.2961135075307,638.7016018819133,722.9835645614717,568.8835602043844,642.8828720629193,683.2204720889636,498.0165367176604,560.0537067681921,478.8965037051443,458.8993059870689,648.0678241357484,681.6794933875593,698.4423280693741,635.9512194984776,730.2570572660501,625.9205051371254,648.411291162074,695.976452919813,481.1118595881973,639.6320710993548,576.1581987639512,576.1957654331741,569.2763192294265,605.1361304225937,526.4977579069587,506.41259594567475,679.5333282221361,588.005751934567,653.8484937969765,618.4919171691234,513.4512075002638,510.8851593892219,495.874768041329,426.0683386191939,648.470670723925,689.9255924195807,679.0704710623513,593.8531651422076,622.498517941096,632.2838539529982,627.6922093120411,585.8044757970915,611.2128616388471,590.3940963834726,639.0759213379702,652.9547527519132,650.683429818589,596.2384592164959,657.3190999760335,640.2053111799861,652.8623956980402,619.7701833282334,656.5754491850564,645.8835923308052,609.3510620857261,600.4385334513522,641.4499820410737,638.8291350233727,561.8841144201637,645.3934430401252,571.9758100958506,625.853661928928,640.6256370589257,682.3389084990146,628.8181113667275
photo_key,699.3972488765924,733.2089664599313,741.0985917643249,764.2908745814813,648.325168476368,673.5041996215069,676.7702458328744,666.7523970820736,526.5642178406272,648.7926095081635,697.1969296860625,641.068320026768,662.981195012669,672.1727215205395,661.001643697083,665.9846426656802,646.6836202850172,0.0,645.4366854204828,568.9199902876531,769.4627312846142,722.3213733377515,615.9278261899194,737.222311268725,686.5131094239164,706.1608972712783,480.1932082613687,659.2001171387833,680.4810481975262,667.192274586787,686.7678018528067,704.417963831414,565.6048086000587,691.0331163243649,667.9031686211854,523.8468457233992,654.0502333510009,634.5273739907856,670.3373715803621,658.994740131706,648.4088758477212,363.9109308588674,566.9675815860661,611.3244558691313,511.52221153916076,649.5405705353176,520.0142406983717,684.9337082451619,694.8555350537777,632.2303157255413,463.6460925017557,666.2333105639918,672.4343896185238,692.4178545803151,700.147833426343,656.2106137664978,626.0426891938768,660.5098799147888,647.5025590420936,512.8779080660695,686.4822107867458,620.8474694521734,654.8193619796496,657.3697880184277,626.9629346931858,406.15394588635235,549.0372255048821,582.5088461810241,677.9394984310477,693.1251837137338,585.3364288327854,691.4465765635997,545.6670808495447,520.6090301511191,507.49505377797027,509.3435473294352,476.17995635082787,472.98836453704104,531.9264153985097,505.46760394531685,467.87490605865867,506.6098823998943,506.45271479059386,492.49550174689375,470.5974324177633,516.9072808765488,508.84801487111673,465.94918781660914,481.42658466416094,524.0609658015612,467.82911428796973,523.2596178591413,551.6515414513643,480.47095681613075,545.6241612079839,537.1894502571189
photo_truck,820.4396454265966,826.6838135012893,729.5789189587173,835.5812541535156,794.7267442596701,777.916359230621,824.5811475218019,767.0798415240556,674.731358728382,714.4056006559879,722.5537942504258,627.4581375354581,707.5936206374384,807.999829209088,773.3942742492748,712.9091559395779,744.5415036757299,645.4366854204828,0.0,661.6403775425961,798.3035354461641,732.7854981307015,695.7027684929112,728.3790693148169,717.2357234708563,725.0549010646033,616.281106534147,679.6328541502332,761.641624794756,724.6613728404908,781.5202946199952,771.3351427583672,636.4444818059708,708.5669109790185,757.8858723343719,621.5949379678882,683.6286368865716,720.5649439390678,721.2765747090959,740.7262374426532,756.8492166289195,618.2420127796661,508.6084729985881,613.6183677795407,616.4067593930292,600.3310395722709,638.987253416062,750.3788950786312,705.8418461429659,731.215346542252,656.844446654769,763.0048305422825,723.3407647212372,753.4581678313808,740.1943371795742,766.8828411637443,747.6958215725896,707.5982924646275,739.7191739912705,640.9991340356382,764.3075941213943,735.4738541933774,758.1579998294968,741.1687424210996,752.3567001951377,626.2320773896048,537.7897010973753,613.3166848483241,764.0384789569483,745.0917335973611,692.3442082811846,771.8282380515959,670.9043297627719,670.0063059766114,697.5847566299661,682.3440177983027,659.48114778441,674.5980783940499,693.887606454265,671.335672145833,680.267657369234,678.9235159897886,683.9611201207962,669.2355708811597,683.0729326719835,683.7663844411687,685.4688708604664,681.9320690546996,687.3500873966324,686.7340954820961,679.6911716638604,690.3659203538678,679.0382694095607,681.9333727904449,701.4752217125226,685.2179148595162
photo_velo,719.3105293785021,755.7436076340958,764.0595668487866,785.7857817698278,660.8652495803657,689.9214399944225,698.5289017608167,676.4821999343444,613.9992223192456,641.0562752325347,723.4371156868747,690.1382658570429,642.0464112109994,686.7483372542824,683.284712607201,688.553346533075,673.4851114746352,568.9199902876531,661.6403775425961,0.0,785.7179769998907,732.0804292957865,628.3466996707134,713.5874123962549,676.2534926142825,714.670684347223,584.9880939650878,662.488892416014,666.5264075231755,683.5913282644211,711.5380007106316,707.3696296033671,616.6206747718369,682.6188255676296,686.6046911797544,564.0352214735699,615.9770813346051,642.9716355263932,690.7797201712956,676.9939211812118,662.0917817942689,584.1556236476898,574.0079640096415,432.3088266836622,578.8995823605154,646.9164280650124,563.9375494749318,671.1934542866047,684.7264137722775,656.4412096652057,578.4958711019126,691.4255162496213,649.021131210019,688.6581265755109,697.3289587582639,678.217412399156,666.47722212867,661.9920663471717,667.3283847580342,570.6071055950804,683.6657585395855,634.5359582730246,673.102299106548,676.1897242691695,671.6085256686946,603.7562725627648,594.3934521469891,500.8397615648622,690.0555968069148,699.0864877365098,589.1241763222769,685.8231712789005,629.0947774983048,618.0302565273156,608.7313580359562,622.5309293244234,618.7897295163497,616.1109436778139,625.0062391460104,624.7525265642918,607.6771466193982,635.9061921339559,606.8753015435643,627.6417258710384,603.9884433667243,612.9965413201929,614.5971132498557,602.4801898928947,606.6399248797092,611.8730595662793,607.5942372842812,612.796540918745,645.670967258429,611.9567230305057,666.2464655317012,636.8339291660532
photo_road,838.2450649863395,829.6971162502131,690.3678384112012,777.4588859615146,809.8062901651364,832.553846871618,826.3677830068023,814.7534398397937,773.06590179919,783.7902470993049,851.3897767483261,869.931370372527,837.7901446483949,829.1355747139838,835.1670645664649,850.4535645253758,834.569528740661,769.4627312846142,798.3035354461641,785.7179769998907,0.0,801.3033440759101,716.355291893789,811.7484811540515,845.3095170392506,874.8789109123638,797.613958666918,801.8530283384611,852.3770312863143,850.1543633809281,869.8799793998717,862.780410901162,809.8266610600896,830.507216994981,852.107419964076,814.8124476598207,830.2683413746759,832.203008189161,844.5352354639301,853.6840402511785,843.6427015766718,802.6712788821098,804.5715712123268,807.1640939447066,740.8566091379892,811.5742585422764,787.8898158020971,837.5016911685168,847.0465649055985,843.1973850398135,810.0330535481793,848.0719070064947,850.2467758070943,858.194729236029,868.7024636567825,848.4351565763537,847.285913451652,826.8522665563931,841.101955279671,803.4762456079383,866.3078588544962,826.4510135645402,847.2033918616934,851.7179033163168,846.1114168973111,823.2982713053476,801.8138599843961,821.853870269531,837.9728773147959,859.8403323260022,796.6172398503862,853.1815305618436,829.4689946563145,821.304278335317,811.1208323712449,828.3772067715668,821.1777159332056,815.4112790557405,825.5673985224003,831.6876241009301,815.8180457449835,825.9181568489525,822.427920452043,824.0088022071297,819.6437579330307,822.5278129810102,815.8759052982632,817.0962276212864,815.4890306067106,813.7962119751696,815.061470125772,813.5897187561412,845.3628549730777,817.0648631752484,848.3400102085311,839.0519865130944
photo_house,710.2883840271095,677.6390297546086,782.1676628012937,758.1041922829992,716.4912736707641,716.0898579433842,718.2925589640256,699.3213491881025,734.6908568386008,731.0832600366923,729.9643102883592,799.5684187513343,698.352582383137,695.7461276637212,717.7818569465466,718.7464145826035,698.0841703256849,722.3213733377515,732.7854981307015,732.0804292957865,801.3033440759101,0.0,694.1388760864432,680.536739301149,713.5857136423521,710.7670834702691,733.0597592412612,719.8720692483433,721.3411022520523,712.8839234789237,742.576657931284,713.431163298995,742.2669132309195,746.3990513305787,721.1741071676914,744.0457684984661,705.4344041015806,694.1146664436538,707.7960494707074,728.0328856686648,703.0479739111056,744.2229310838557,721.2740257605769,733.5341375031228,702.7669970252085,717.0342894003751,730.361440259136,708.5313755397331,722.380440744752,709.7132586815019,755.8952380334752,733.831720919962,703.1196297525607,735.1564700255639,698.0739639700819,711.91843079169,718.7918970455505,738.6736531992511,713.8164099104521,748.4397192550498,722.6466480831986,708.1675539217221,732.5170653116677,727.3463604808617,719.5587427321168,760.7658508442111,733.6578543999543,740.7119935546519,696.5496007118977,666.9582840396802,715.9863621869831,731.2142289820619,753.5328257652037,749.1558952937792,748.3097199681639,768.2229818826236,769.3718148368011,768.5142146683161,754.6674414708357,776.3520064238176,766.1125853215749,775.4407612238984,755.8246486929318,774.4410423441101,770.5418506448591,755.3682508716824,747.606481697128,767.0187249744316,762.738586887838,744.0640169368074,765.9063599584922,748.711851796391,775.8978345486098,766.7206217373364,805.4127292005272,771.3484664920747
