,photo_face,photo_profil,photo_eyes,photo_face2,photo_walking,photo_standing,photo_hand,photo_legs,photo_bird,photo_butterfly,photo_girafe,photo_fish,photo_cherry,photo_tree,photo_flower,photo_carrot,photo_watch,photo_key,photo_truck,photo_velo,photo_road,photo_house,photo_mountain,photo_windmill,drawing_face,drawing_profil,drawing_eyes,drawing_face2,drawing_walking,drawing_standing,drawing_hand,drawing_legs,drawing_bird,drawing_butterfly,drawing_girafe,drawing_fish,drawing_cherry,drawing_tree,drawing_flower,drawing_carrot,drawing_watch,drawing_key,drawing_truck,drawing_velo,drawing_road,drawing_house,drawing_mountain,drawing_windmill,geo_face,geo_profil,geo_eyes,geo_face2,geo_walking,geo_standing,geo_hand,geo_legs,geo_bird,geo_butterfly,geo_girafe,geo_fish,geo_cherry,geo_tree,geo_flower,geo_carrot,geo_watch,geo_key,geo_truck,geo_velo,geo_road,geo_house,geo_mountain,geo_windmill,word_face,word_profil,word_eyes,word_face2,word_walking,word_standing,word_hand,word_legs,word_bird,word_butterfly,word_girafe,word_fish,word_cherry,word_tree,word_flower,word_carrot,word_watch,word_key,word_truck,word_velo,word_road,word_house,word_mountain,word_windmill
photo_face,0.0,146.49351986053463,159.92921554913917,165.98982522482308,155.17445332572956,164.63398661029123,158.72241224714153,157.99439387376685,174.42418052316881,198.61553388942565,220.12080863525296,170.58255640447555,202.2952784901135,171.34424741133006,150.84512162707514,150.274882140077,206.8255414502725,151.1204988529834,161.2202672258199,193.95479583880908,178.35301402834185,173.68787121058705,199.76668947904935,187.37600727532384,128.703477552467,130.70394285178935,125.69682627153173,136.20917707452284,129.95498994263963,127.84593184323528,134.84365895018087,129.66277529069555,133.89062689323893,132.87251919401834,127.69403205206342,125.81862994675485,135.25360724327157,127.39593125383233,133.82686069654432,124.52022315090166,128.077976939143,127.0096493754206,133.05675509158482,151.6160634914104,132.04856603927954,147.59766355777882,127.24092387558123,138.8214716473425,127.22645256703365,120.83328119429949,123.30303248733001,121.96881937834033,127.34266722977604,122.36082917480086,129.89532482277804,120.49237037743772,121.35139349433359,128.40228721003803,123.5331770687262,123.4682014051563,124.51709895272091,120.19117941171471,121.9338342032061,121.24780879381407,117.27168714300764,121.83667106056136,127.38492071582225,128.41487986723334,121.64524321958831,129.6696687145025,121.10987284492194,132.46083877743828,124.2910374688971,127.59832730386015,123.88390161693717,128.46496711988792,130.39334803458087,130.32125122182936,126.02552094994617,130.54040857063418,129.0714743224223,134.70221379678063,127.27557932142595,130.93498589315934,129.80097259164685,124.62942896067237,124.60081559373107,130.78874636346092,127.56205468983816,122.63861741509463,130.0470323752766,123.57982222080398,125.80145149446682,130.74772797028567,137.62883072988024,128.64593522772566
photo_profil,146.49351986053463,0.0,166.97450310860825,169.4258146389279,164.88010301098467,175.29266608558007,169.89649567412147,166.99845366739848,179.38508573511697,199.9605443884529,227.44510108488046,181.2016329522289,209.4292410910201,179.84294134220863,162.2821454715882,165.50968819355919,213.894180489787,158.72756543999242,169.140127480772,195.63488721432688,182.01328758973057,167.0310547083847,203.74133416917977,192.91060729899692,136.68866329018343,138.46562804603005,135.43147994639187,144.3585039288939,138.3017076049157,137.17498845638607,144.18275720448216,138.73127207969242,144.13516278616387,143.5484543752422,137.00412466193592,136.82030416347092,147.0319388595045,137.12467355412838,143.8523188482339,134.02291545378597,138.5625100826272,137.9106536736297,142.8749442685846,159.96778912358744,139.7899293876853,156.53578661089804,136.68495927850583,146.3168249860234,135.91544303268145,131.8018191771952,132.62259246685124,132.03426263403654,137.8143497284071,132.82775391004446,140.00322847374593,130.96737702724786,131.6856963451311,138.88731920951483,134.5241693597312,134.7096960621755,135.3977948880045,130.98656860966668,132.9553784487997,132.667902156965,129.08277737527607,132.60134135203182,138.00364310213678,138.12572162247162,132.3588482952283,138.81454775915822,132.29392660859992,141.85953201674909,134.657404630624,137.0928862634149,134.51126969430504,138.51958240376212,140.11448602874802,141.78146710692346,136.3418358773847,141.51363399304583,139.09517897730044,144.3771911223442,137.04124938146697,140.5820343804777,140.74048541842637,135.8675034497917,135.61694383449876,140.08284420549796,137.5259224424162,134.2343470707577,140.6987424980763,133.82216591716715,136.87835319094742,140.1597064589525,147.03875215482284,138.8107327243963
photo_eyes,159.92921554913917,166.97450310860825,0.0,178.3229957718752,173.63174118123078,179.30102164794766,182.40646699174752,179.60383760355333,184.7058987141151,210.54462738472074,234.10884201439916,185.82836044259338,212.5195353860509,190.66372791846877,171.31049315265378,166.74816619146782,222.8852579881196,165.7626328461385,176.02467111454956,204.30180278668792,136.9188439101596,187.29934774382656,204.58663340069904,196.07059588986635,145.75277272825778,149.8692003560213,143.10262426080777,151.42176060975316,148.6626046085301,147.35680740912463,152.4247185559241,149.29613302227827,150.44650856572014,149.29138958990555,146.55551425554697,143.42308402899755,153.77977591624867,147.62304576006855,151.81570276971254,144.70526624497285,147.14750754063843,145.03831490711352,149.90683230998326,164.67427805809498,146.58621146344817,163.54963599619072,145.1672075627501,156.14734343382577,144.5118987328099,140.83180565414077,144.26020709248107,141.2329058968569,145.72830619773498,142.541968459474,148.89530419298353,140.67032860222128,141.34486625971422,146.47414492279373,142.80154016687104,142.06774223415587,144.05827853114184,140.48190107084122,142.24951150288234,140.76472288007915,138.34601319190534,141.61568976197196,144.25930720706515,145.4275494327833,141.59395462376727,148.557462468198,140.20096024012994,150.27738190348742,144.20006336681743,146.69563313573653,143.3550127766369,148.02500037489395,148.05894028314137,150.53212924343848,145.21302805147766,148.422720329376,148.07250013817904,151.71879059148705,146.68299017457554,148.44155357556014,146.6318526593138,144.0294883509548,143.81385515538506,148.55881331213843,146.98817966268942,143.2257169991769,149.33078756524998,143.10578617998178,146.20358160788146,147.7151898670757,154.5294240711872,147.13539212900213
photo_face2,165.98982522482308,169.4258146389279,178.3229957718752,0.0,182.58913932827096,186.1524424454276,183.19165826297777,183.81849906053074,183.5494133109712,215.9171107441846,237.8515376318682,186.95669644031582,214.32882172603632,194.17779312432717,176.80125294303025,173.2677903122964,226.82121018255023,173.12309378543912,183.90566161074946,210.03878576055936,193.5242157477102,189.9459303657299,215.97544391636941,205.88568198990075,152.8581239102804,157.21763504961208,150.67495233505542,160.38258113441623,154.41852014292505,153.958342616861,158.88080129653784,155.87038788640513,158.34262937559333,157.02656785044883,153.19150303382807,151.92787265706758,160.14293497044468,153.7705372152447,156.6790331894056,150.79134752203325,154.31182333022173,152.33579482284867,157.12690010172773,173.2443727065313,156.45039368919123,168.1205094995794,152.24510121143692,161.77692597311304,152.02410157648484,147.55084052417018,148.35488618039383,147.46665545971254,152.60253542153487,148.1614414065169,154.53397477302133,147.5773095907843,148.3101949268018,151.12832839191057,149.5769034789632,149.34394624722566,150.63914816326707,147.1047551859026,149.74416310084345,148.5879995607879,145.80490121085046,148.1853474792999,153.1978015090744,153.14817022606812,148.29655049018382,154.22543815845367,148.00423763179737,156.88611056328796,149.77647707846182,151.90501655604035,149.92565248792874,153.2766349229533,154.4831618279121,157.0124401228076,152.0338608285507,155.79910671731082,154.8562982637031,159.26238729110267,152.64255423166,155.4467859175381,155.25003802894113,151.07622905978894,150.2682148220517,155.32691277708133,153.02744599499522,149.62878036244084,155.5298691779667,149.93499629769005,151.78545364892963,154.6391282276909,161.2562091918277,153.1206763225203
photo_walking,155.17445332572956,164.88010301098467,173.63174118123078,182.58913932827096,0.0,172.84868638760796,178.53250372233245,172.0183085798897,179.01794622458755,201.06927371856716,228.94544733878334,186.45663422011182,212.7430477396108,186.56568646575852,154.8177565553885,162.87979253421966,215.91169108310297,156.92697018461132,173.4120240486707,198.2346960977067,187.6215323690357,188.02891560694079,207.47937236457014,198.71289340217166,131.31385246781988,135.66412376522663,128.95625852659856,137.68333878284818,131.42702572379685,132.3573129784083,135.99488007806576,133.33704795231645,137.34287056213591,138.11768338795727,128.9969474990067,129.4642671129648,137.63321974814286,132.24953426398991,137.69113731047273,129.40132743907188,131.66529861237572,130.7348200669699,137.60783094981267,155.8041169064095,132.9132276496745,150.90173825372653,127.21066069854965,142.07064589111184,128.88869570791155,123.34992161948996,124.94726476384608,125.84174571400867,130.82822439633796,127.39342140647464,133.50838186655963,123.84050970673147,125.6866600767407,130.1181247479058,126.302737052261,125.61638845815418,128.72674028092263,123.07493183451898,125.49517241660995,124.75105310361452,121.11785171799316,125.53263122550315,129.61076664656258,131.40805203346787,124.3960711369315,134.16488804575846,125.02976092615275,137.039064813054,127.51656197457213,130.91185930028294,126.3364729099853,132.9169098435904,133.29353629868956,135.68847191840365,129.03208916499716,134.65940818600845,132.41441491829727,137.8246939354012,130.15407827537769,134.3260030903111,132.95325690918494,128.14786458531475,127.6279968967207,133.54919212866625,131.76940352875323,126.66787715723761,134.25014563927584,128.2437778974755,130.74197420739924,132.72392919383492,141.54980859145948,131.2751860010915
photo_standing,164.63398661029123,175.29266608558007,179.30102164794766,186.1524424454276,172.84868638760796,0.0,185.5955551087273,179.12240041906722,186.86493201259006,211.5030148351115,233.15759839546897,189.50705976217785,219.91166318457078,191.5553338288197,165.7303809201455,165.0962203881767,223.6679017701025,164.40202476282462,178.56361422811835,207.2481408446362,191.37963833245706,194.52757284937064,210.98068790932123,201.53138528362842,139.7065286804166,144.40609372883873,137.7521222258523,146.6956175548424,141.37540518797934,138.92380030519624,147.89823658475245,142.55510552136155,145.95771709635085,144.64407774255864,139.25987525538153,138.4977415869403,148.66997554071588,142.87596875656794,143.4323974127176,136.65664285165107,141.775474999664,138.5594113066571,147.7679444535231,165.45887438940204,141.46335441565404,159.6402749645065,138.29680065697698,148.98313002385865,137.8931358774623,134.07522695780602,135.1300392675504,133.40166946224642,142.58125625299763,134.8706726480017,141.18903491623422,134.1118302526378,134.60990421613593,139.94396189862613,136.78576338829077,136.36074318781277,136.1440640295062,132.7434356295845,135.69295783629283,133.27577341858705,130.3500696355563,133.9008039165869,140.05933355339144,139.85715486661553,134.53006011577486,143.57242631883193,132.63117383886404,143.6803816796875,136.13596670370399,139.13014203789413,136.57588741977733,140.88706255477325,141.7747732407526,143.8876283388114,138.23112634889048,142.05715619194274,142.23952159181593,145.0868535172693,139.01518711178156,142.19123570784947,142.36744654229742,137.18220015110697,136.6759261577296,141.65739514355957,139.77385654843238,136.69824184188022,143.94540904835196,135.67529533038115,137.98759447044432,142.08459731223107,147.60182433729358,140.354026528663
photo_hand,158.72241224714153,169.89649567412147,182.40646699174752,183.19165826297777,178.53250372233245,185.5955551087273,0.0,178.48533639077982,189.54772459834135,214.83274524832308,234.65239729271522,189.01665094940418,216.71821818821707,192.57319543191753,171.8880596173324,170.66432585789696,224.21766652343106,171.91911825125905,184.08686507141127,208.7119022456521,195.97218870826367,190.2352345521955,217.27437033163693,206.42907252686106,149.29534233366982,153.41949958996514,148.31936770273384,156.42016832202603,150.7210436263646,150.22585417450563,155.50756595238863,151.23046383266006,155.64782295371197,154.5094574208343,149.20204634958424,148.4786833622456,158.2767244800114,150.62179096867766,153.86340434235768,146.3024167820613,149.51974629636243,149.205634250149,155.15694523362455,173.53588308894822,151.57806271022983,167.76196613415945,148.5711957344661,156.95034794305488,147.84355412218778,144.9605360006279,145.46951156737003,145.36555006949843,149.23634614017638,145.65351716970372,148.8948162880632,143.67247638995084,144.5670756347172,150.95400342166238,146.08257491781782,146.77874715650466,147.76466914501455,143.5635260319261,144.9457281458323,142.5832274403601,141.81864149904612,145.22739034977775,149.6021875816046,150.10826634497406,145.5121671483648,152.08662782048714,144.55811995246532,154.75990397417283,147.18061172874906,149.26610453202468,146.51254731896972,150.7483405629601,152.0221556818757,153.06587773424047,148.41189163306305,152.41464310085652,150.96777508582724,156.08385388819403,150.18316139522807,152.33469861110234,151.7757894939043,148.3396007540846,146.8256812078476,151.50360713211495,150.13531110312513,146.17893296108988,152.4670771645024,146.14460535811372,147.86314574311396,151.84429187163508,158.49385301243984,150.4638815162938
photo_legs,157.99439387376685,166.99845366739848,179.60383760355333,183.81849906053074,172.0183085798897,179.12240041906722,178.48533639077982,0.0,187.00562549714545,208.62000830729215,232.81264182129536,188.81247886856602,218.53181806356417,190.65106520699638,163.84876912997507,170.52348721897033,218.45138759490627,165.0569065146544,181.11646643512597,204.11677434002306,193.36794405637878,189.14650513932418,212.93343735845443,201.45141792437695,140.37519359237982,144.8678098034329,139.6348349194138,147.9641891396314,142.96154223248814,141.85749891178875,150.05683382716524,142.4115997680338,146.80340142317635,147.88146054192777,142.86204365965645,140.24667421666882,148.30751694875462,142.5185898457049,147.37847664748512,137.3875969572009,140.68712984588439,140.69189480783837,147.27062042359924,165.74121735644766,142.41235242999764,159.31686795513608,139.67964696722848,153.11254675226272,139.36931618197963,134.35524043780023,136.72837880117098,134.387195293019,140.34725036204767,136.2618112556862,143.4617483240773,133.20166058667695,133.7118157654777,143.79575529420924,138.47534472324543,137.6143942077854,137.8171084707036,134.8748018025914,136.77167416316783,136.08426076908742,132.5825893563478,136.1105391905785,141.0911711213482,141.615607926992,136.12649158910256,143.57500716318353,134.61711898256206,149.5666730242542,138.50589009720852,140.35773035653932,137.71571800372664,142.5903808353906,143.65168735919266,145.13235716588875,139.7310242880173,144.40150004815092,143.4084131720837,147.1500617124931,141.59392355061513,144.66124382938665,143.69262337256984,139.52817235638605,138.22772279651213,143.99514885497402,141.88024722742404,137.492158351176,144.0510601383399,138.00336747194427,139.06651103351788,143.82068862734022,150.76622857637017,141.59612352467198
photo_bird,174.42418052316881,179.38508573511697,184.7058987141151,183.5494133109712,179.01794622458755,186.86493201259006,189.54772459834135,187.00562549714545,0.0,212.2761084742296,234.84161396815676,183.1272106263126,220.51167317618052,198.41979153349888,175.5737166136762,174.65796616115367,224.964892016765,163.84578688036316,179.94469684106386,202.4623047706986,195.5488487222206,198.2579851268897,215.71090495045,211.38874822467068,146.75084514907365,150.78116799460176,144.87949660399778,152.63173234545272,149.51880844089354,148.8647132826111,154.30710774819178,150.45285070234974,154.53257702633437,152.9236226450817,147.09026512105666,146.41082170764557,153.73109820754345,147.88534159384804,149.3102777564573,145.02282653150468,148.09757231143467,146.7343615943794,151.56205809139763,169.81896622668762,149.57663293267345,165.80857071318064,146.89045881093216,157.61795549816392,146.43160262054036,142.14069642057814,142.68510350645528,142.30051835563933,147.5318232346127,143.18272248936137,150.1040280932503,141.38504762060845,141.88999403492554,148.48074829759057,143.10503967369755,143.94381548068682,144.916020055577,141.39337185250062,143.41426353536758,141.99586532092877,139.1525855251086,141.87509502610052,147.48198048017,147.845967580221,142.4735985272186,150.18715635398542,141.66551308995972,152.6493952376691,143.63301825578716,147.05979506019497,142.9375941492245,147.7665429760997,148.6034405876169,149.92063845781792,145.8520022629032,147.93370587338651,148.1467678223928,153.40060632339595,146.96586005161092,149.71761650242723,149.32161802459063,144.64402263165096,142.88756575885964,148.87565419536494,147.31831230760594,143.15038314832606,150.14600037186702,143.09723406594298,145.34528214094223,148.46993277551243,154.27733974421386,146.50027062917746
photo_butterfly,198.61553388942565,199.9605443884529,210.54462738472074,215.9171107441846,201.06927371856716,211.5030148351115,214.83274524832308,208.62000830729215,212.2761084742296,0.0,256.8547919862413,223.01930221091183,249.59802775234493,217.50412237563555,200.40915268922166,198.59894740594018,246.03470760633965,193.58552576290705,202.13421914626463,228.41060563762923,211.4988798662779,215.77862451353639,233.13111297273457,222.9425727064825,174.42957330276187,176.73371963696323,172.96128370241715,179.27316643213655,176.92463318617496,176.15186221321164,179.79886803420553,177.38906733971695,179.9273482284692,181.18340331359747,174.72209992567997,173.70917738564495,181.9240636586859,175.89357690635637,179.570445441799,172.74038102699677,176.15831783336847,174.21222779738184,178.76420538633695,192.5993428154074,177.82328109547612,188.52487920562504,173.7114884654566,183.62132214141548,174.28459448181292,170.0039888548968,169.95490129254753,171.1015877744626,174.1816446516944,172.06435832288267,177.54680090746587,170.10505607904216,170.65610894828635,175.79388353061466,172.8914536106843,171.90740822965387,172.43573067635486,170.2216233980738,171.84526133532907,170.07168798432522,168.18028546336433,170.20274617467985,174.28054031282983,173.84364273458218,170.85297747321104,176.32017952873682,171.15918388054686,178.74915625857628,171.4987390749815,173.55396401444992,171.8434504254579,175.8025935812728,175.96526641692256,177.41911764200376,173.45534455774472,175.97304205364262,175.39419534779483,179.47401402316402,173.88371964373235,176.54676021791028,176.23220581963884,172.99363654638472,171.71313160201976,176.16278391402324,174.32753044967112,171.71879410652554,176.56136685142937,171.53915364650143,173.98245139635765,176.4045889522477,181.0261881228184,174.71832245536837
photo_girafe,220.12080863525296,227.44510108488046,234.10884201439916,237.8515376318682,228.94544733878334,233.15759839546897,234.65239729271522,232.81264182129536,234.84161396815676,256.8547919862413,0.0,236.98100508519013,262.72776442036616,241.98754148852433,224.47087988214264,226.46183983476848,266.3243951614106,219.1096566295903,231.67893946751514,250.505790746599,241.0586103960177,241.06561239549634,256.44013166976,252.1995574666279,204.05117844441992,207.32252376875155,202.1924087068695,207.82944442886867,205.5827228536584,204.02434298683337,208.88800005494477,207.7791785720308,209.0569400829964,207.53368833547663,205.8407561375415,203.90805026894344,209.6456041061712,204.9862630293702,206.8596342773834,202.52806254715054,203.38986761843375,203.0514793379025,208.38745286823826,219.49300661289647,206.38480471542576,217.4182680142172,203.7342671373675,211.98760956889677,201.6801415684055,200.10525151738554,200.65090109838746,200.2829929155926,204.59513244992596,200.1736705566243,204.83820470929382,198.8438976299218,200.3750477497337,205.05997243073256,201.78925379612505,200.68698666964406,202.23056563276947,199.69475252362827,200.84230099765728,199.98627290522225,198.13253006776606,198.86962431170116,203.1409117041381,204.1062029305255,200.58809977554907,207.20325496679905,199.33162635367296,204.59304503534216,202.51133620066028,203.99463077894774,200.39636148741744,203.88510406620017,205.12860926351144,206.4168780545285,203.50258935850744,206.56504443359296,205.51588915278114,208.2123461270959,205.0302353255927,205.90262916330403,205.30551010114758,201.64547216706774,202.3800296339881,205.1409830110348,203.71185330946554,200.22124216571032,205.5775280317453,202.16198912175776,202.26061065465515,204.5140064762478,209.66818999718643,205.1893117587357
photo_fish,170.58255640447555,181.2016329522289,185.82836044259338,186.95669644031582,186.45663422011182,189.50705976217785,189.01665094940418,188.81247886856602,183.1272106263126,223.01930221091183,236.98100508519013,0.0,222.32150904799744,197.1729989632335,178.73980437866223,170.84060707844642,225.6274669957797,173.2628770723843,184.11452328836006,209.73217541447084,194.57803753496165,200.19186764888065,220.0617407794634,215.84959937367165,153.99816299072384,157.1142368048592,151.67682432609377,161.5346325042812,156.11957116250267,155.5079408691931,160.20355200017582,156.60390201985612,159.105597968586,158.48873413058556,154.22920893626295,151.21648103922692,159.8933060496492,155.2466406607916,157.85095678437364,151.3948953073043,153.40279802309544,152.55723189528484,155.9239678854149,172.51934311766712,154.9805321269429,170.7137612407972,153.5486257855407,164.04014644582847,152.4186782798225,149.30010335389244,147.410518408515,148.41191218040325,153.7554687605843,149.51026684148886,155.76837125221158,148.16021470047863,148.65787817578632,153.83021250046107,150.31423231987216,150.3863565254998,151.6584194077401,147.2649217244537,149.9091348721066,148.3237303916498,145.8437565857264,148.72304081860258,153.99208582731768,154.2162130834212,148.49621751326123,155.76648897992638,148.32275193123078,158.12306697795896,149.8723714609302,152.45374174562173,149.9352830342174,154.85351418893097,156.3029681897717,156.25947804162408,152.04537769387983,155.1951205957798,152.90162230305705,158.93548996832035,152.7643363900106,156.3520651793376,154.89374395974275,151.27883932184164,150.08316626917258,155.12805108291033,152.94585359993494,149.96665116481708,156.10444577651612,149.3962756937758,152.1639431788522,154.39807038947396,161.2986959858035,153.1195458040231
photo_cherry,202.2952784901135,209.4292410910201,212.5195353860509,214.32882172603632,212.7430477396108,219.91166318457078,216.71821818821707,218.53181806356417,220.51167317618052,249.59802775234493,262.72776442036616,222.32150904799744,0.0,228.49436871740548,208.61104368406433,209.67855439691854,254.97755216442434,204.50496487895634,220.65664676249006,238.895898213464,227.17839470937557,222.0437735719293,241.5287979187247,236.2747986368756,187.62131599511446,191.27333443878956,186.06088418281846,192.95160785528836,188.8931578376619,187.71388958023138,191.68434875758797,190.13653310320652,191.80313873630269,191.60666806222437,187.8679602012985,186.65051014476364,194.7568242429357,188.74231988683624,193.62259892291198,185.2168218980347,188.13428245125618,186.56622465716808,192.20314136433208,205.71010282022152,189.9752116667585,201.64998660948578,187.22376375294314,194.70485696891382,185.8467139573831,182.88019529260092,183.8039484261642,183.49018090901114,186.61616306892554,183.03792540185225,189.74536086189048,183.43224017867047,183.56557817904115,188.48657124435476,185.3164631527458,185.29777604642962,185.7431329676662,182.52945986700826,184.57491776226837,183.8223665566308,181.8754793055696,183.58108582430665,186.97198666073245,188.17608049911718,182.66839828037888,189.60216682010676,182.6517179676364,191.27140538955936,185.2752598874698,188.46348042277845,183.84157325834872,187.83530889609278,188.51895621430856,189.3380832811256,186.39660907918508,189.3017311915048,188.8113858256786,193.59051119335587,188.88751509465212,189.85309756139543,188.78534310593923,185.86005890967593,186.66254525369604,191.36127742037596,186.43264813477683,183.81105333241504,188.49804233622785,184.9158990676104,187.21031166902577,188.09740213504327,194.55445208755415,186.66040234337885
photo_tree,171.34424741133006,179.84294134220863,190.66372791846877,194.17779312432717,186.56568646575852,191.5553338288197,192.57319543191753,190.65106520699638,198.41979153349888,217.50412237563555,241.98754148852433,197.1729989632335,228.49436871740548,0.0,181.68741548958485,177.8486578407099,230.27926224304414,179.3606977177531,192.10158042101565,214.40026610378473,202.41581813677152,197.6618423093901,222.85285000863553,214.14451731979804,158.11945772992306,161.38343345092983,157.75968008913068,164.73964453061294,160.61821342000073,159.7399336974515,164.31951668961742,161.69120748280025,164.39128653644286,163.48423576160874,156.75287035781224,157.10243219988175,166.26361718237757,156.5247873736083,163.5508434918984,156.66796620249642,158.46572296645468,157.8463157714482,162.64149739992388,180.26437479967365,159.77991126695943,175.5280938668402,158.11374234483324,167.52759394592846,156.7075464995412,152.69096651322678,154.712347523714,155.28734306111537,158.54207521730135,153.70639029039424,160.43617661564093,152.06559615633387,153.23991811863823,159.98263972112977,156.1531974271518,155.2488695675816,155.049109180423,151.88271352489204,155.4409295665511,152.5614761328701,150.85454764889587,153.87310135016503,158.99942323507975,159.93551868442577,153.22266286128004,162.15002356749974,152.4820611281945,160.2484426272997,155.5453575516733,158.0736808771511,155.99270353063378,158.84073136971537,159.37947132178638,161.83945829599887,157.002466160701,161.45259564154864,159.3638461588093,162.8441488966369,158.53305879642542,161.48328284666317,161.07424381000425,156.54548950375678,156.30453025076613,161.31386965875893,159.38014254873315,153.7619917290476,161.7064886330411,155.44922641572276,156.8028173385239,160.1008497084993,165.7626801317309,159.0769073956669
photo_flower,150.84512162707514,162.2821454715882,171.31049315265378,176.80125294303025,154.8177565553885,165.7303809201455,171.8880596173324,163.84876912997507,175.5737166136762,200.40915268922166,224.47087988214264,178.73980437866223,208.61104368406433,181.68741548958485,0.0,153.28431543335347,208.17269938371436,150.8186846981184,170.2685577874067,193.97620530605428,182.57677713592486,183.3089827912295,203.56440238041975,194.53749461716546,124.4924684931622,128.78680420113648,121.17839166513612,131.74036095538364,125.37472215862104,124.42896027963933,131.08075717381413,126.89701635041955,131.9792059652969,128.4404158975129,123.48554762420304,122.56266326558857,134.60429537013263,125.57147971043591,129.36214088167324,119.99727182592162,122.16433381968791,122.78574617334756,130.50992616925623,151.18667993438396,126.36331673677115,146.12947593499115,122.73534730068351,134.5974536380848,121.06463980584739,116.48392315398081,118.18661959403791,116.63574274829308,123.76207387674219,117.20876901245771,126.65223416172826,115.3298367059112,117.27282309686926,123.67592002759862,119.6626325359556,119.3628159761131,120.88122221758161,114.86743304245394,116.54319548427259,117.40090562065842,112.7946902833213,117.44636461429103,123.33466265596451,124.2888209631931,117.0859918672494,126.32915281776194,117.50377012875985,129.97528688801023,120.2581664471166,122.9374940493592,119.4019346453709,125.01254085482006,125.7530744898989,128.2305178385458,121.98178831549262,126.96643965950204,125.86339788237447,130.7318577823906,123.50911889981539,126.69060172253025,126.61215592204,121.4312171051133,120.47172440250455,126.08638087314074,124.7575348098748,118.98407232276534,127.20452842826953,119.41956963779664,122.39825627812203,125.66320607149049,133.59838362377292,124.86851072230934
photo_carrot,150.274882140077,165.50968819355919,166.74816619146782,173.2677903122964,162.87979253421966,165.0962203881767,170.66432585789696,170.52348721897033,174.65796616115367,198.59894740594018,226.46183983476848,170.84060707844642,209.67855439691854,177.8486578407099,153.28431543335347,0.0,207.90405101966044,154.53473341236008,170.64218153237667,193.48404447106194,184.70037728358906,182.9395456724584,203.6360053655899,199.51695590947566,128.23107537676464,132.76446310271996,125.72529923517399,135.64111797471753,131.07074518435732,131.696787911009,137.6941022956429,131.33735650567155,135.2414268560283,132.93001779887746,125.35375181873782,126.72024028001397,136.8641996637336,129.35219278567934,133.92402599510686,122.79645013124947,129.51127083777533,126.90691416490306,134.68752608927966,155.5244660684326,129.77994727489428,150.80314614477768,126.49317888130298,139.9060817481603,126.25320443625765,121.55520063589627,122.84600416803663,121.96239670912132,127.3400248328846,123.03033784293265,131.10076072958128,121.37201796277637,121.07340709920986,128.08720839751894,122.9661462694547,124.21162716378204,124.50986746902906,118.8100156444194,121.67508976553363,114.20707844404551,117.28979791764279,122.12770408696612,127.47620726108504,128.4905744004544,121.34066815122851,132.6203239320718,121.50970327512739,133.49092967672837,123.77962214603237,127.47200178753478,123.71570531247859,129.41615700588935,130.59339088005288,133.2444518862135,126.1895633782175,130.41114248243198,129.72272023826832,134.34955416974094,127.7654410471046,130.9752878478315,130.67239810884737,126.14528264691856,124.28979059805174,130.5444339619669,127.83847846727065,124.04552258983762,131.34996187169756,124.72866570240515,126.30151452269531,131.2852766380611,137.02585077893997,128.28124136128625
photo_watch,206.8255414502725,213.894180489787,222.8852579881196,226.82121018255023,215.91169108310297,223.6679017701025,224.21766652343106,218.45138759490627,224.964892016765,246.03470760633965,266.3243951614106,225.6274669957797,254.97755216442434,230.27926224304414,208.17269938371436,207.90405101966044,0.0,208.01262932528326,218.38405945824857,242.41930146702808,232.03654665664453,233.82617478478815,245.43244282164775,245.7416755633195,192.60835341391447,192.74374067935358,190.06378796784094,198.77279936737827,192.50906827089187,191.99254290149855,196.79879003401408,193.47376603681715,197.20701190712438,195.3302880647591,192.4127276071837,190.03967854645376,194.60444730900335,192.17637838654014,193.35989240457766,188.52700258784571,195.7229590300788,190.27382095559733,192.8995294999899,210.2073159735438,192.2211888114822,207.930555652141,191.26907331726247,199.4250716762876,189.63388555038105,188.18025244787069,188.0689515516445,185.66820889610332,191.59270544480918,186.54435849903206,191.51596979271002,187.6549997551344,187.05358949976778,191.93121871149808,188.60771227561858,189.1274284532851,189.08783149623105,186.72586942082538,185.71313932373667,187.52786674493652,183.612591374727,187.85152803335748,191.15111311036736,192.13168015999457,187.4781506957145,192.54657705529934,188.19285181088915,194.92757606089614,187.51290909654062,190.87980305524073,187.0242884122818,192.30708176540696,193.01916722778287,194.79693208036838,191.9904342206674,193.52694142678283,191.4165335496433,196.07283609321212,190.11728053915752,192.20096351487246,193.40051400491998,189.6293115409114,189.38861159471193,192.66643915717583,190.99558896795352,187.93534849610097,194.08159860874392,188.6934063762274,192.41040758113004,191.31698968043884,196.66502174330486,192.3222832488979
photo_key,151.1204988529834,158.72756543999242,165.7626328461385,173.12309378543912,156.92697018461132,164.40202476282462,171.91911825125905,165.0569065146544,163.84578688036316,193.58552576290705,219.1096566295903,173.2628770723843,204.50496487895634,179.3606977177531,150.8186846981184,154.53473341236008,208.01262932528326,0.0,168.15868979278616,189.56354895608393,174.93559936836562,181.50470921594646,197.44768639645253,191.0022840411967,119.32459845061697,123.42651921100907,115.76243469372544,126.63647139641137,121.22249887971716,120.79004473696054,126.57428392155535,122.08529878441446,122.68279705558074,124.02328367001529,119.58169368841484,118.67238678784867,124.10411061112711,119.49785727416834,125.9304286338022,115.12421529838572,119.8161583232974,114.84482457149726,124.105444279708,144.4932690633874,123.37128899306234,141.24355674507333,117.37103233837885,131.50559387903263,115.19293202589058,110.71681154576488,111.71449692521155,111.924422813758,118.98802879335913,112.42766558545911,122.00340572111186,110.4858392998475,111.98310391604946,119.59298184056892,114.28787127735804,112.71225145623366,115.60607061841296,110.28545013388658,112.54976855031299,111.82473525368523,107.94883228396623,104.35090446988296,117.0638533546069,117.46210024628206,112.35559278134063,122.52356265310223,111.20884915637181,123.80428919413843,112.84532829983053,116.15101072873894,114.1290711475199,119.41063745571331,119.53425945293307,123.15526556085992,117.37880460199257,121.16970835544389,118.49000208307159,123.62197579607285,117.06614873822014,119.18850075764954,120.34949102024203,115.84041267070612,114.26034760869017,119.58183365128825,119.60642178452878,113.4015090826823,122.1188758957419,113.536339760843,117.32539605198367,120.51156666008764,128.7260474263837,118.34347530567346
photo_truck,161.2202672258199,169.140127480772,176.02467111454956,183.90566161074946,173.4120240486707,178.56361422811835,184.08686507141127,181.11646643512597,179.94469684106386,202.13421914626463,231.67893946751514,184.11452328836006,220.65664676249006,192.10158042101565,170.2685577874067,170.64218153237667,218.38405945824857,168.15868979278616,0.0,203.04248582413223,190.1954207923162,188.66106560995044,211.66796692859694,204.1039068404837,141.83264853447653,148.58134335977817,138.69763011034297,149.23678839942488,145.23963072720505,143.85222455977643,149.3369734473315,145.96615466869747,149.46312487756296,148.2192853731755,144.40315975667096,140.24936003337314,151.01835212995428,144.21770857885897,148.33622969894756,141.34786190612812,144.6010262406633,141.65398749112617,146.7657624962838,163.99894404710108,144.95927266787493,158.86981061924084,142.5121850808097,152.81310103321186,141.78090917600102,137.4596363986898,137.48073712371266,137.67544571974804,143.26640228629162,138.65218425558993,145.5271357576177,137.08205799433762,138.03214434734187,144.0166668961836,139.6889899407939,139.60757862875894,140.63872006431146,137.1692528690933,138.91406696023168,137.77933050544283,135.0797654350517,138.03973054464726,143.15661326814708,142.57995579667795,138.3490289005839,145.08607095363405,137.14941875750685,147.91700305816542,139.79764130611082,144.3331814586447,140.03457241769408,144.56929632358276,144.88200633570943,145.75238168252835,139.3373215379318,145.3273286655864,143.41655840723269,150.05479178406975,142.9959720825326,147.09979976701214,143.26476140819344,141.1953688860797,141.6078557919022,145.18234527631384,144.63528060962904,139.4159028746421,144.38258251205252,139.6800085168469,139.8251171228068,144.3182197868473,151.92095594780983,143.07803389604226
photo_velo,193.95479583880908,195.63488721432688,204.30180278668792,210.03878576055936,198.2346960977067,207.2481408446362,208.7119022456521,204.11677434002306,202.4623047706986,228.41060563762923,250.505790746599,209.73217541447084,238.895898213464,214.40026610378473,193.97620530605428,193.48404447106194,242.41930146702808,189.56354895608393,203.04248582413223,0.0,212.73799941468263,216.00412553687437,230.7040842889488,224.4627117173262,168.66326010244944,172.60409025282954,167.30884875570035,175.5495421724888,170.7371422829809,171.06155039800416,174.45378337727172,173.29100753740266,174.18336660669172,174.4915528149312,170.26455718352548,168.77100500291334,177.56794819841764,170.57211340727184,175.00927455193934,166.97886768111215,171.1544616264883,170.07116789821808,175.1235621367345,185.69802897879174,172.278421451488,184.98971368203877,168.0830978299394,179.35696482995778,169.1903774333523,165.19129775509248,166.602020043603,165.64599810537462,169.37850665605814,166.42018564875735,173.05777822608198,165.47572989644792,165.81375701704283,171.65037789848463,167.47828501939506,167.47412365097105,168.1438906912787,165.0575121915529,167.11426206760694,164.83449255712256,163.13524130437753,165.7456301394213,170.2477797293195,170.70122483454668,164.85193402515628,171.82781521075415,165.70511468546317,173.86675675615982,167.28613104658342,168.45565525026953,166.30308306034297,171.3813271094423,170.7141251239965,173.10568792212842,168.8824229182728,172.6760947490762,171.5462667503966,175.40700367023328,169.7765661974919,172.61129797703285,171.68308697039893,169.29911850990237,167.76019178967934,172.82038599428444,171.43654173019192,167.2554244258995,172.41765228778817,166.7265456337604,167.04039262978293,171.23763079449574,177.51144006482005,169.53995064015555
photo_road,178.35301402834185,182.01328758973057,136.9188439101596,193.5242157477102,187.6215323690357,191.37963833245706,195.97218870826367,193.36794405637878,195.5488487222206,211.4988798662779,241.0586103960177,194.57803753496165,227.17839470937557,202.41581813677152,182.57677713592486,184.70037728358906,232.03654665664453,174.93559936836562,190.1954207923162,212.73799941468263,0.0,200.15763653700895,214.4492165063582,208.02611639917555,159.65512807499866,162.25673120448752,158.16817358623388,165.29518588370385,161.14571378129125,160.1280181769641,165.07317233967305,161.77345385772327,164.1913982073788,161.5310004277021,159.78680636044794,157.9714222555112,166.19523720755416,160.056797089573,163.30007283152776,157.55306888898852,159.73964229143044,156.3967917700054,162.0213978753022,176.21478202203363,161.01814815526618,173.83244207722203,158.0553691544039,168.6398824989099,158.05987890574775,153.9554069459496,155.25165302436366,155.21002872930902,159.00632800185113,155.2487356855363,161.90083524379943,153.99229127155868,154.96565195890062,160.26526891320862,157.0958051670686,155.91388335441798,157.23870811966168,153.57282715058784,155.80347037943315,154.4835766685108,152.29095609259093,154.50790175579516,156.8710884215129,157.83252911782523,154.4289430589479,161.5286532397673,153.8205360542491,163.10003317204652,157.52065105863036,159.25142426113862,155.90488752310029,160.53654394810297,161.33160341567415,164.02473435263985,158.7514067285402,161.7561717558107,160.47007458265747,163.76940119632792,159.36914321920233,162.2934118338846,160.7008323228548,157.8918141676629,157.49736832086393,161.15112754906355,159.46412902733985,156.46436707438397,163.01771528583853,156.49689545258022,157.90030275836065,160.9092532639039,166.66762197802453,160.00913778609544
