,photo_face,photo_profil,photo_eyes,photo_face2,photo_walking,photo_standing,photo_hand,photo_legs,photo_bird,photo_butterfly,photo_girafe,photo_fish,photo_cherry,photo_tree,photo_flower,photo_carrot,photo_watch,photo_key,photo_truck,photo_velo,photo_road,photo_house,photo_mountain,photo_windmill,drawing_face,drawing_profil,drawing_eyes,drawing_face2,drawing_walking,drawing_standing,drawing_hand,drawing_legs,drawing_bird,drawing_butterfly,drawing_girafe,drawing_fish,drawing_cherry,drawing_tree,drawing_flower,drawing_carrot,drawing_watch,drawing_key,drawing_truck,drawing_velo,drawing_road,drawing_house,drawing_mountain,drawing_windmill,geo_face,geo_profil,geo_eyes,geo_face2,geo_walking,geo_standing,geo_hand,geo_legs,geo_bird,geo_butterfly,geo_girafe,geo_fish,geo_cherry,geo_tree,geo_flower,geo_carrot,geo_watch,geo_key,geo_truck,geo_velo,geo_road,geo_house,geo_mountain,geo_windmill,word_face,word_profil,word_eyes,word_face2,word_walking,word_standing,word_hand,word_legs,word_bird,word_butterfly,word_girafe,word_fish,word_cherry,word_tree,word_flower,word_carrot,word_watch,word_key,word_truck,word_velo,word_road,word_house,word_mountain,word_windmill
photo_face,0.0,394.56968160611245,523.1561597567783,426.9052991088313,396.70668402032067,409.9524821918508,384.56675036645134,399.84510860902463,476.0619416502215,486.1622893588225,537.4154833105441,669.7362898884124,499.93574762792935,398.3287501802886,424.342339967664,495.4572901565211,428.3760956512509,459.3153847976113,614.2096444077802,482.70732372332424,553.5700094502383,488.38359541220075,468.953544899046,538.9252412336078,463.3714288409206,510.4172849536496,524.5180278720281,493.74754296663383,439.10058500932314,467.6635164540744,454.93599919298066,460.05748618023716,517.9278327352059,529.7000908466044,458.63716066816244,524.158151760574,508.0765109949771,439.3845834020171,483.1496658383465,449.3165875115667,395.44133996472925,507.94155829360176,538.9546456046705,564.4546180211263,498.0585810011807,587.2044114431111,482.68142750616494,466.65460330793934,509.5426917207669,444.0893408067927,496.1671052411114,451.37893992585333,465.1929622588636,459.8529134052211,492.3682368409264,417.7458280964059,439.9262025469588,499.5902292837058,475.7200169269978,487.953781869602,484.6861341206286,444.00365945035355,433.36988060853935,456.87189647317354,440.8696816355881,535.1830993408272,513.3869891382715,534.890497102652,455.2051741269526,479.05119989356234,460.32854818608035,471.97806643223856,506.2276860713083,497.03286390663453,452.9814169908807,501.0059730153468,518.9152972495835,501.10067066423306,476.1907281721076,521.4444633082062,491.4409488022102,508.2804469788102,489.46755579137067,512.3609909586403,493.4999475904312,491.02900554452003,471.24565380081157,493.2016648523656,485.619566039964,456.9006268743467,490.74289677833787,463.7582615971552,535.160073639582,491.41479256360424,521.0415770351135,523.5839044656135
photo_profil,394.56968160611245,0.0,508.7097930002834,437.70594083534974,440.20547269830695,462.0152307658906,435.89204035778425,455.3436054891177,484.879575542053,483.1576106001409,526.4304404187101,659.8559058051527,503.9432337117744,437.0653615327327,474.8361020085753,527.8296627779524,489.54842780148505,481.2972380102309,608.7348570272881,506.1583110609788,548.5984730742399,461.9320901747737,474.77090520505067,519.5967146298639,489.1342331960552,476.5167608844123,527.6762485776992,500.88959677850926,470.9901712023668,501.44638307790564,483.61979289061304,474.44717931845776,525.5221705052239,520.4560179399392,472.6876019844174,534.9342668187,506.38600966952845,487.18484644781785,503.46888824744036,495.5029149891222,459.6340854898989,520.465414923269,545.6099678659859,562.2956266426779,513.9123627754883,576.1218839406744,504.41249527759123,486.1340670536336,510.18866184120776,490.74600187247125,517.4877253932129,486.4142232381152,499.7153673359737,487.641930754836,507.1899191535811,467.61722736537644,488.4772207519295,507.4469412833329,491.7668421608041,513.4216364295518,495.6275994018323,493.4328659151683,490.7301024165582,501.6502547209915,492.66544605387924,546.2964055514796,527.2316133827507,544.6665129981586,476.1118776233561,483.2266794284135,490.7924913914727,502.1111315304869,535.6385630163229,524.1746282142293,493.5067103157706,523.3352316503401,538.5727804326748,524.1002245607633,512.9569125136829,540.9838914311231,516.20952108737,532.0878091248021,515.0788182358684,535.2172754331166,518.7369913223523,520.1865724786361,505.3480104981683,519.070528585576,511.64680392096625,503.8125323927682,516.0171186845196,505.18742981017454,553.8795888573457,519.151351904639,549.4134553339064,541.8256378735135
photo_eyes,523.1561597567783,508.7097930002834,0.0,474.4433223609948,539.8086154404887,521.4345419651822,537.1746972576509,516.6727308965957,466.1273400071951,475.50699708145345,505.01997632888424,551.5660266651035,505.1674710156107,546.1816805498802,529.6012765529077,515.1365684994861,527.0263156990633,472.763637150208,494.2589579280343,488.48478104906343,450.78608475318225,516.5760742531689,456.51476036943217,518.5474675310656,503.7553973166181,517.4536088702444,461.3997717441836,476.8439636432442,523.8820890384483,510.7061751165575,538.2708993722365,535.3634996134804,483.0989091516064,489.0645554989919,520.6798927586227,481.5422550576315,492.599057985474,510.54120345445534,512.5126654401615,520.7546657131257,520.9180925072562,473.3985061749578,477.02498624356866,486.4403556099221,470.11454792936695,472.0761355047617,479.0936271803334,531.1048526444441,518.8463563738483,516.9552780485217,468.41301593942353,530.7971449159181,523.8695790308229,520.9011589276225,532.0315188269772,527.1623271980613,519.4083988416338,504.3438938608161,522.3065986105638,490.3014423687923,537.1645051332192,522.9750870813024,520.5625190771246,519.3247827468653,521.0699465177153,489.2272834406887,482.89534077773027,485.5004121737972,527.59577904744,527.1565121197453,499.66841439708895,543.8396284280934,491.8300249451375,487.07465685168074,491.0276478250444,484.900473827479,486.76249692893487,483.9024504889767,491.933117434337,487.7363464662206,484.59642817509445,486.4540428265091,480.73726462402357,485.37982292851814,484.71151699248685,486.9914231238052,487.5914754985176,484.88300377347775,485.73932568304735,485.2627991683717,483.887583535798,488.64440437619305,498.0931200113606,487.65670034177316,507.9912226831866,496.55582033937526
photo_face2,426.9052991088313,437.70594083534974,474.4433223609948,0.0,468.5219185376301,485.80307537961005,447.45320138769085,481.31806923120206,477.27645871232124,480.6496172717343,541.6989524110171,665.8240132559309,530.4291714760064,486.67186905327515,507.46454799354314,557.3244299173726,511.82102475232887,489.33362619073296,602.4141963102834,506.0292314461483,509.47639644975305,498.8994837830896,483.13094729429486,546.2642560853509,501.8797592768995,532.1093983730278,538.0677727748817,467.29010556379234,504.46564310991664,522.3649540422541,516.5206238068528,508.41772928511165,532.6716265676326,523.9368772196452,509.4905012086089,543.2994822624728,529.1423900046227,511.5809690433975,526.2035408586239,528.1299678818867,485.83979978638473,532.1498377541802,547.8895255890027,563.1020133380676,514.3816859644153,569.4237529305873,513.7062481805452,505.1938852766117,533.033841657916,513.1305889741745,528.4321299520933,505.20734836614315,517.414410935373,513.3696266026126,532.6973098173618,502.8718810667604,513.717793948413,513.9606686149351,514.1175215592283,509.8543983090467,532.9816783885431,512.5285060144552,511.33754895502284,529.5679977073314,518.0434533438171,558.4461870498741,524.1376233141863,548.1477908428587,502.24702497520025,517.4125410429117,497.43899509923745,521.8525025234306,549.1862098076951,535.5110739934743,507.24030094025005,531.1462504000486,546.8753861967051,533.2523301889671,523.6689103022469,551.6189041514177,527.0420876874219,537.8572973185717,529.6839670705458,541.8459454685075,528.9183732663474,534.4709341347566,516.0674573715272,529.1690603451378,522.4781129591191,512.8175465238177,525.1800275162083,517.3526744945389,568.6557050726045,526.0695208795802,554.2685438644979,556.4737356626459
photo_walking,396.70668402032067,440.20547269830695,539.8086154404887,468.5219185376301,0.0,369.9666747209338,379.6940885474952,371.44227741565953,449.96545603558303,465.4714190933908,518.0572245828643,656.3083824234303,462.96998709215984,382.33108707656044,404.52141327985566,477.88258646494467,430.90197855137484,434.5588766637875,604.5767038104015,456.2079598473458,538.7308355491479,504.2961651848606,417.3097446661089,535.462401313859,447.0837568429864,503.83746942757875,501.1737939036524,477.433310147384,364.9968315632064,459.62788804086114,432.91382366661816,431.54780047072023,494.8546592643044,491.2457177125615,403.67361880134683,494.5685744631388,484.51372207331457,417.1515505436852,479.69602693160147,425.21337251172315,389.2521139164868,485.4043949125636,513.5758101743643,538.9341768402245,468.7670027541342,566.7909689427439,439.2127934099135,443.15560066880505,507.01420353954165,413.40594966121665,477.7086019078059,428.321691522236,419.71245985387003,423.6010283318037,473.1621469363734,381.42976251520514,410.97114161764944,481.39551485283044,421.77339148863473,459.1152144812548,431.1868415722087,400.03123778977135,426.09840915521386,435.6111865235646,419.13165325885177,510.53481658269607,486.75257950667094,514.3222252152542,422.87157404128567,477.2009217630034,424.4261114601301,452.9945072668059,488.2402360358271,481.93681147470085,434.33092270265166,487.08328934058005,497.15319369369183,477.96988399344275,458.0754894042294,501.3165634612625,470.5366477798197,487.1023930743198,470.88988649078163,492.7668373192368,469.40715951742715,470.6698990143207,454.8980120607724,471.3277744383521,463.4960170050532,439.42651273547125,466.5834381764765,444.4836767215979,520.4986014943114,469.39760483218316,498.98922299276154,508.8508771774669
photo_standing,409.9524821918508,462.0152307658906,521.4345419651822,485.80307537961005,369.9666747209338,0.0,396.25208909237733,316.749720488545,442.413301299955,467.5259597904174,456.6996713105135,590.6436117105014,441.4398090913434,409.214335320805,329.1005140151594,375.83810001643434,371.52358535044505,439.1423308598701,556.3635801863751,460.44395540239935,544.8121524637568,482.21058244345164,440.65633472351556,471.01415549502076,431.05976999556384,464.65510851240253,472.77930503545815,448.5116097807234,381.3564324049235,357.15913346380836,379.98003415745984,395.0174585918224,455.9144978547164,444.3015949035806,355.7526097457605,462.4955758583414,454.35515660047406,368.4533221804368,392.203744864186,333.460226276424,343.08685596276626,454.47139319632817,482.8556095984842,510.86300211135887,437.58059610631636,525.8941026514555,431.9303229600246,389.0851058242814,460.42094262784974,341.0349520537551,454.45664911550756,353.4019750353522,393.01447328504815,349.96237592005633,416.15516691757847,343.027795149771,351.75913900961143,448.8773832659459,382.8808993726868,453.10020059349057,421.34295896894594,378.9847309914837,355.80686856020384,343.72865946416897,354.8911151038419,467.3560996032672,472.0532122529996,481.7068531988536,394.4756517253204,438.225563873326,410.66211862143456,400.60093853435416,439.47009829361906,443.76315774982857,414.2034373804152,454.69878866658235,465.6453196697531,455.20717840345884,426.7675454854636,466.19281749383936,450.46641416098663,455.17504022026344,442.33867284758566,464.9345801821308,450.3646686887494,438.2184482073648,428.15295336678315,450.63237724309084,444.5631836728521,408.59276204439124,449.22517266284126,414.33105664267333,469.36164600406323,449.75584532200475,473.5619953607584,464.3341837726477
photo_hand,384.56675036645134,435.89204035778425,537.1746972576509,447.45320138769085,379.6940885474952,396.25208909237733,0.0,392.03478528985437,479.8431649885272,467.2560693980999,530.9537077470167,668.1164600889377,485.2162501576584,402.934629864054,421.11293868617844,496.0060105024403,441.9985701643825,453.04382839237326,623.2852161565853,473.68254622094173,548.9039603057199,498.42554593548874,461.65602694487586,534.3888600524745,489.4231846683276,508.10324621044964,515.8037101978043,482.35687527849416,430.0943833755366,457.3462343337107,419.6365794736529,449.40652786297466,529.3514108758974,507.4002180747977,438.2861954919452,512.538801854226,486.6675295671782,441.57430685265996,470.7406686010201,446.32278665817086,395.217482382895,503.1771322985788,527.8105249339663,561.804819063728,488.5656839174876,583.4399976064672,479.0930845998217,439.298216570716,519.6833819374649,439.84539502045226,488.7060892695289,437.4187244985381,456.68300113951847,449.09740891458557,459.3914569256719,398.7307077255825,433.1247117782581,482.1111251503287,452.5501818955648,476.04222223820744,472.00176539819046,434.05212122419005,434.8689336086291,447.8115710389901,438.91189712910085,530.7374127481507,505.8763636005112,528.4505872273126,440.8736398591475,480.40888775226495,446.8560553009673,449.31727642780294,515.0469402334146,498.6068148505096,453.7315575405626,503.48540849395715,515.7399896650404,496.2316245476169,481.0520662847434,520.3710420973958,488.1733029061063,503.1675323432731,488.4107164858265,511.32796327733905,490.6716322155122,490.28086063091513,474.1203463758241,488.87441049929487,482.0034813278502,464.04569634662386,484.5641046877007,468.1500439190032,539.2191206868893,489.91277432241577,519.6994362863079,525.399138153866
photo_legs,399.84510860902463,455.3436054891177,516.6727308965957,481.31806923120206,371.44227741565953,316.749720488545,392.03478528985437,0.0,438.40157353160436,462.5303591291585,470.57795251482514,575.0543839211491,429.15513246126704,400.66794755187055,359.79561113269557,379.9062404677869,379.0009614496064,441.3198920366433,551.6970670121314,456.4911609269722,548.080408372563,478.95248838815513,437.5544007566988,486.19013234639243,405.9618648953986,451.5603395470688,461.5790407255651,442.42713726755835,357.3907182019905,372.34367092516595,380.18425719013703,382.5627494759047,444.7407386784193,452.2093178355844,378.7844589890092,452.4416034828971,447.8627093379385,356.5779310976833,407.52924244870957,348.2933033009497,338.1068810823089,450.6103941696982,481.0141226100996,498.48100709368225,437.8948550530311,520.9576391318966,426.1999846695665,406.1215096550202,457.2739804355607,326.86416386610273,446.6993954588347,374.0396455899208,370.6799996737528,354.17713464604174,410.7634243836872,323.7471125354794,338.71157755719156,447.35492578500595,404.3024163234043,448.55322873555235,401.7002938273956,374.1634339132525,371.7763794969298,353.3898212454074,362.05573323721495,463.513585139055,468.50531871175934,469.28954642803006,395.71288295943054,422.76219084097676,408.2239303435336,412.27550589823505,435.15544181853636,435.7226771952232,411.04051445391633,449.09633162906323,459.69378207410995,450.4925788716969,422.94342354353637,460.9384170432074,447.4225218611883,450.8844618192885,434.6437282047461,460.7564041678264,448.4928672092751,433.43909883708994,423.1070076334732,446.1178392585148,440.9928586644144,403.18250980618126,445.881583767998,411.8345772483319,460.9234105264677,447.5624996400064,470.6426434369332,455.6929060023975
photo_bird,476.0619416502215,484.879575542053,466.1273400071951,477.27645871232124,449.96545603558303,442.413301299955,479.8431649885272,438.40157353160436,0.0,419.2424994947372,450.76508523047,501.372421984867,461.3115143154232,467.7177371822864,448.09884668480413,451.18451297143366,442.010429946411,347.72397815242095,482.3242201162714,419.54397071197076,500.1862937317377,501.73676813801734,411.83369020503693,507.2077128148502,440.03612783934165,472.2402902938259,387.10969060206793,419.159037936417,445.07676232165335,438.57131004848975,463.14828694773854,465.6767840351115,338.5053762405666,449.24465581884795,439.33589312861596,393.50318189885616,450.1231007583733,429.6194944400901,445.692163883691,441.41224754198504,430.76902545646044,365.5677260971469,436.07285512280674,444.91437526689685,364.818623379056,464.447557069757,378.61165722871874,468.69883021852627,477.51044978625896,429.11657711030944,392.0597301785897,451.0347842009714,445.93730951129237,444.9601692281642,472.99695920304015,439.5375381478675,430.1865461065784,451.796322580957,447.09832387540763,392.01706694356454,470.4142646122383,438.6393678518912,442.9376209875458,443.1092148427717,430.42518152297464,379.33626097568975,433.4093495642277,434.12841690494827,462.96961956911105,479.44746242684533,418.40170219706584,478.86613183232856,403.123179149512,398.8605359483434,382.1234300086186,386.0529451147307,402.8436762272516,396.0643284748082,395.2840924235297,405.3640688954982,392.21414844816394,392.5940307931507,389.29205210951125,400.7098834652149,389.4213046972354,393.22049395998556,385.8488280871384,389.6990582260073,387.13328266070084,384.8846723059875,392.62318964939396,387.0320636056342,415.165477598185,389.72741900025613,424.1490365177174,408.9312005462766
photo_butterfly,486.1622893588225,483.1576106001409,475.50699708145345,480.6496172717343,465.4714190933908,467.5259597904174,467.2560693980999,462.5303591291585,419.2424994947372,0.0,502.5632422207508,589.1133626786118,477.44145089075005,480.4622423420071,490.2831782626407,514.9101302002889,496.73719546995227,437.8383014104604,529.3120645071991,439.60783784280966,510.26891393945425,506.8690673890059,455.9301411654228,506.6639010140064,476.6888186061721,481.55115829518684,462.9521311279452,405.4804205872757,456.8068392317844,475.1027904158059,482.76635912509494,475.7072409137359,450.22137929505726,398.01964204782973,472.42754264020306,466.57601341026333,445.2025995843405,473.6424986559907,482.5552927277195,489.8590399241775,463.7148877999569,461.27105719421644,467.88521802788915,482.899745687838,446.9105229707939,500.3763750783875,452.66358834759893,444.4422682755791,482.25733129921423,482.73370115540257,460.96444940209415,478.3046408239885,463.1643777671546,459.7679636848246,493.1337523642452,464.8161776065839,476.3504464203285,425.53097430969075,470.9198253168404,452.9436318256176,490.6302383633276,466.95189797077336,478.0482772811715,486.81735424762365,488.13164406872465,481.45023198217706,461.50519066606904,471.09405528630697,481.9700061936301,493.17493281419803,438.6326577942563,464.88116198051915,485.7521617103131,474.00846820006126,454.9216372122254,475.05447402809483,485.7741699612243,476.80702213721,469.210185317637,486.6530604435201,468.48826878209564,481.2286952090052,467.66519819586193,484.84965975422523,468.5049199803082,470.22476754852016,463.6500796840557,468.30075696816886,467.3578433296612,459.8731435671562,468.98358999945543,462.62784650070677,503.74144896162153,470.64092833032294,502.45832212578966,498.5853072348043
photo_girafe,537.4154833105441,526.4304404187101,505.01997632888424,541.6989524110171,518.0572245828643,456.6996713105135,530.9537077470167,470.57795251482514,450.76508523047,502.5632422207508,0.0,518.982485795707,467.4223149591719,518.1918240020501,464.6326223614195,444.1362810181341,485.5686598810607,472.23356814754624,496.14609281658346,492.567898222829,564.1258921310524,500.7635002906832,479.65603616463795,490.09349902231713,459.824994926982,470.81510457037234,460.58470136171184,458.0502053232291,465.64700843438754,443.0862364806383,475.995907283805,468.6384826692951,450.7358222692047,459.86898333651135,421.6085925200257,455.0433152080093,464.6192542784305,448.62639127506117,456.4384194593116,446.19415770770587,469.34309771134014,458.1470974262064,460.94561689107434,473.40990574594065,448.30082627577383,485.69321418926313,461.1261272102263,480.48216221726597,481.9720481819739,453.35152509122656,468.8656196930095,465.672188631039,468.3198481928982,445.5873809624631,470.6246516011378,464.1279925746525,478.70629594607067,486.07636578801925,430.4275391039207,481.4262541409233,477.86380950928304,477.7543906043189,459.27088165120887,453.6304816140444,470.0021208246324,456.6490209153082,473.95353584971843,464.0837966502915,476.6951183008128,484.3496227599376,462.5998749762435,486.6333475073225,462.70296549942776,464.3829626335231,474.43042575056774,471.9926682913979,474.4817491177193,476.97827721948624,468.286680435574,475.3843194193205,479.03095854919974,470.6280390127112,466.8429699813674,480.0664745404986,477.5474779528876,465.9569026324324,467.630078125905,476.05632648723883,476.6776071390246,462.7738808353729,479.3452886844848,466.3285647134477,466.91436950921855,478.45093437864847,499.2713247541721,469.6177492207366
photo_fish,669.7362898884124,659.8559058051527,551.5660266651035,665.8240132559309,656.3083824234303,590.6436117105014,668.1164600889377,575.0543839211491,501.372421984867,589.1133626786118,518.982485795707,0.0,488.58638208867865,646.6519168640132,577.09173059517,454.16064799707453,557.3661735904429,523.4951580652504,430.3998591753789,541.5834897204883,641.6010399523134,593.757635383652,537.3839947697168,551.3895418133739,511.3763241917625,513.6709937592174,421.2592541914737,517.3811807525444,560.7009940247092,509.3254561966077,587.6507721999251,575.2327952800701,437.2485445075857,527.1288236487882,540.526021930723,392.8156186950879,511.4073584905288,516.3708676869037,497.7955894487534,517.674359666927,578.9473073601017,442.4894050353511,435.56355780915095,444.57447684458486,447.3375450950662,460.24727510590935,463.34931400805493,601.9289832364051,537.8628802298366,528.4678380558037,478.3510099102482,581.4383365905933,546.8150008610409,550.8739300607118,540.456222078866,578.4373435151648,542.4652995374735,559.8623233069419,555.8255883485318,499.15313549980254,564.7030062013663,560.3587567810428,563.3337515081715,528.8199104677194,544.9838436003934,426.4815404226603,517.641123139713,467.7885968169276,573.5211215700148,569.4113948454353,549.6928228943713,609.2095012932666,426.22240383815745,443.8602730252345,500.995078099737,464.1780191680381,455.93746586470047,483.5941603377419,469.89002877402464,444.8380818337534,487.1431876759082,469.6453826633411,458.0813197806823,474.9489105318717,486.92464348923386,454.3884559659334,478.82155260673824,481.62888400596523,494.8866586223702,476.42823794773767,493.48209682618807,479.97714346502164,410.69000922623064,493.2369822408742,500.6489878004538,431.6661595646216
photo_cherry,499.93574762792935,503.9432337117744,505.1674710156107,530.4291714760064,462.96998709215984,441.4398090913434,485.2162501576584,429.15513246126704,461.3115143154232,477.44145089075005,467.4223149591719,488.58638208867865,0.0,469.2435387191188,449.6607089062513,399.427841062611,446.6822833569406,463.77894976472925,487.6576689673458,449.7281962951738,569.0563170873852,484.3668366600135,433.2244445510536,474.31161192279967,420.62034303072164,432.25122703068183,441.97300729218847,452.1245373428722,401.27625880043945,426.4906672139269,451.22567852367285,428.79238086048065,432.26446697012125,443.74655186496045,404.5786095056034,419.0529840366974,414.3986564367036,402.7349648591521,430.80619120664824,404.979031071024,429.5577771307287,440.951865579322,435.28960491400835,439.6425420381163,443.0252889670258,458.7650145175362,417.9736709921809,456.6592519650125,454.13555533815634,428.59244914751474,444.7195027799419,460.6161405806457,418.27641455292775,431.0755753682908,426.52755138007024,410.67311759762885,423.58476847202456,443.0671007047162,424.10186732922085,461.3038571715707,411.7055784792067,431.5807536756051,442.77083114487385,420.2408511560068,437.87838077408156,441.3847582448173,466.695076052307,426.02482601950436,427.574842797619,445.91807123099744,451.6235548347563,463.5472199367742,421.86270051940824,427.35249166738146,437.1110006473184,449.90017566437996,449.84696071417517,454.2342498698757,427.08049731835933,446.2461535675868,452.5122715209311,453.79047036285186,431.92282263715225,455.6656199410381,458.6848070172227,430.5257549739095,432.31882091787594,450.9724804489844,454.40246593862656,421.1357904397766,456.28315485453754,430.42167792463164,430.6548484458705,460.85335299230707,480.82496742982096,436.6602488458336
photo_tree,398.3287501802886,437.0653615327327,546.1816805498802,486.67186905327515,382.33108707656044,409.214335320805,402.934629864054,400.66794755187055,467.7177371822864,480.4622423420071,518.1918240020501,646.6519168640132,469.2435387191188,0.0,418.4418137938059,466.90923893626785,419.4628222768018,457.3997569737167,607.1410684255787,478.14097572012247,548.3426353646134,489.5715573520981,424.71328267616093,510.91552959335417,475.11767935784076,512.8223591034531,513.323979508306,492.2358030928968,416.57392526714096,459.2154226386442,455.55498544028217,446.6587283212065,501.58513784561586,507.41497214505034,428.7762874835464,503.4602768785456,497.3801289512836,392.3349891964636,485.8521728996956,435.1121911893963,390.883229259361,496.909970714955,526.4588777596687,545.4303128338944,485.14644352756295,571.1294387727224,460.8624765469013,452.75270013720785,516.7670464133374,433.54518539054294,492.86864685420926,460.03632148947236,446.27948626069,442.5087470202779,473.23990287439943,395.05584561004713,431.1944810782859,491.9052269831871,455.8472933954832,484.41208613669335,455.4316930432888,411.3907290427131,439.6371155820089,439.33272415131614,426.18677544954727,521.3043098267211,507.1238996766318,526.8580282299527,430.4526179411539,470.9338392020115,451.3354398024122,460.1082486062887,488.2182941163465,485.76930554052853,444.38426397546164,491.4453366949693,505.51123504131436,489.1450670912352,463.7955077793044,507.3232631031289,480.7105788969599,496.672496454311,476.34229003078656,500.6366471342498,482.78926320262286,475.8671393277594,463.2982138327846,482.18007182291586,477.1316328785417,448.2604596313778,481.6253819110501,453.2335207669986,516.8491801335309,481.4547224117833,510.0750938572957,507.70540789756484
photo_flower,424.342339967664,474.8361020085753,529.6012765529077,507.46454799354314,404.52141327985566,329.1005140151594,421.11293868617844,359.79561113269557,448.09884668480413,490.2831782626407,464.6326223614195,577.09173059517,449.6607089062513,418.4418137938059,0.0,344.8271317122126,367.81677290524675,448.4396779050299,553.0869727025223,466.9963181187386,555.2582316609254,495.9034764446851,452.5811983885581,510.2895308205257,433.18551031933526,474.65544052985206,473.35337917107086,459.4826761776806,395.82357051255184,375.7204089395995,397.6870794578709,428.8111988005895,457.40919014907485,473.56195147967736,378.9685877739613,461.93244927503474,465.3959031530277,358.5538209959359,390.9887088468322,321.42458977636073,362.5216852190419,459.4545169731074,487.94017255239913,507.2181780481781,440.3698084430132,536.649869814355,438.68419407055484,448.2584334396721,466.8064166756694,339.6175249650569,459.6842524772785,384.60073545645093,405.8912766000745,380.54523318492215,431.14048182182546,370.2990508155835,366.01124753449045,463.5016420757502,402.45077752822056,462.6891176958664,425.70111485851754,363.13022345374503,341.4181304668698,318.07799445928134,356.156738124077,468.7239867456309,483.4609103379063,487.6026957425645,401.065625099544,454.77840546536424,425.20138812145956,445.63199785067786,436.12395636935105,443.4751335703011,418.5802024365237,455.5627345574207,464.7863947035077,457.00372485786255,428.7263390776198,464.18536266988013,453.1301793869021,457.68227101386896,442.7871480081416,464.7843963632412,452.5450246068808,436.6187289280843,430.98381200229534,452.9874457053421,448.52017405885016,409.7501789789441,452.8793549698546,417.0424711725746,464.8627695690366,450.47153810371265,474.2036899897445,462.0780732817748
photo_carrot,495.4572901565211,527.8296627779524,515.1365684994861,557.3244299173726,477.88258646494467,375.83810001643434,496.0060105024403,379.9062404677869,451.18451297143366,514.9101302002889,444.1362810181341,454.16064799707453,399.427841062611,466.90923893626785,344.8271317122126,0.0,366.7677653182878,470.24114606221957,481.053752528639,484.63483928587556,580.7419259359058,499.8938282933457,451.7426113456521,484.7726394847656,402.58036803084434,444.61380625855907,431.43533577273746,452.42098405183503,405.90233350914167,333.6090470696743,414.31015536596004,427.0745011455651,413.55581522321427,453.7565471972995,378.30287308003795,414.03560040083005,447.9835767048219,349.11604296383655,357.0978106230593,254.7411878265145,389.92719104158056,427.3787991383394,444.5151315163238,456.3133730536157,416.76326564046377,475.4904257998703,419.83625905471484,478.8874584610526,452.1169327632347,336.7648025263251,440.4887320372005,413.0299046072877,389.5710269719136,370.8957216443517,402.9454270201113,376.6041881437279,357.57295580891656,462.66481459276747,406.6621351419526,465.27072511114596,413.1871332483446,375.20167551543653,358.7650798407152,270.42268996722134,346.09720800595466,416.1506704636142,468.32590965323607,442.5098026694954,412.1743652314814,443.506495779764,436.41818716194155,465.94971593772107,375.98691786164,401.8308769035256,415.821379299431,422.88428289169894,430.971644674992,439.7981078359012,398.5948609019197,425.0628953513518,440.30161545020655,426.7929768635914,413.174657721224,438.85454318649164,441.3292172690785,403.622723557688,410.8216580922501,439.50834426597567,439.8489999066776,390.17218399912207,444.8765656093084,394.7245769119993,393.45525870963644,440.83507317826417,453.64391899448196,404.55075205161353
photo_watch,428.3760956512509,489.54842780148505,527.0263156990633,511.82102475232887,430.90197855137484,371.52358535044505,441.9985701643825,379.0009614496064,442.010429946411,496.73719546995227,485.5686598810607,557.3661735904429,446.6822833569406,419.4628222768018,367.81677290524675,366.7677653182878,0.0,442.549892433736,539.2622739612117,465.3107887393677,557.6656047547307,486.3295041405103,439.97647245999184,502.3841324117517,414.97625116250305,469.8268928365384,459.3571354456168,459.2740808843181,396.60667945985244,369.2183183268386,409.80046791689017,430.51342344372705,442.4329135086333,488.05823147006925,385.66038063106805,444.015416802059,467.31754167914244,352.19205147998304,392.35502649986455,335.91201518626275,316.24884545082483,442.1988665878641,474.5995622645657,499.005377048156,436.0135025252036,519.4044416223275,421.25018505856605,446.61794835507243,469.11122475547984,336.8175482061492,441.04782379897557,400.1537251188046,402.61203632222856,392.0322872526757,422.4380628907362,362.31661902062706,351.14980127845286,469.4375065058712,405.712874563088,444.80775720338585,424.6133427591781,364.70807537609954,352.5230193002068,351.16445160118224,311.2591565920191,451.8016961171879,475.13181432296534,477.37683904648145,408.9010596295798,428.1854070575481,435.9227338163364,434.6678008716093,408.8078599972458,422.86437552059544,399.7211063760083,432.82501495444905,448.9209749496334,443.2885577498043,405.0673187824856,448.365107579826,434.7096902832301,439.06981772234315,423.40811052141663,446.16037294979225,435.30643257682834,417.1177874276224,412.05493956905576,435.7675356702759,434.21711324225583,381.6998435498509,437.7538980619745,389.34031827924866,438.0030227247336,436.56381570512093,460.91635362751697,438.73639302297704
photo_key,459.3153847976113,481.2972380102309,472.763637150208,489.33362619073296,434.5588766637875,439.1423308598701,453.04382839237326,441.3198920366433,347.72397815242095,437.8383014104604,472.23356814754624,523.4951580652504,463.77894976472925,457.3997569737167,448.4396779050299,470.24114606221957,442.549892433736,0.0,480.1085255254732,393.98649068807407,499.9698207364017,492.63792301737817,405.6291110531856,520.168319281255,448.3407771073324,470.9205534347499,334.9435173125238,436.8372137017411,448.05228975352645,445.80722376613284,450.868641946632,466.4072708480994,397.4587242157242,458.8840060008011,438.9134260538641,370.96913262689174,439.34173719820825,431.48199533757867,457.77043999706893,441.40848374819655,419.5760254232025,261.6388179009252,402.1639242207836,448.34613974771696,347.60051225958534,464.4521622190109,348.6128363353072,455.8725576592383,460.9779729215087,421.45131421607215,316.56484990564087,437.7515819269916,455.0325399323851,454.911390250221,474.1364714161226,424.88943221204556,412.4019124164699,445.7010666701696,429.13867718239567,342.2249572760545,455.75478537495144,419.981101265815,433.523732141843,442.9096255698962,414.8194738904928,299.5772770095408,376.05442687139947,412.2484469132642,441.83147438679595,457.3929262034789,388.7983488566522,459.99222725052437,381.11763437427567,357.46786418038795,327.97607117194786,340.1928250370806,325.67199922137405,315.7071598374963,353.2576401219061,343.95494928566944,308.1669732028306,336.2045251174565,339.49612621302157,330.8794164368239,306.4093413270893,345.5764617661803,340.8891699869691,306.38791609160455,314.5312170426383,347.9292255222524,305.44436761270066,347.6892246539648,389.690573326511,318.30036117913085,361.20463871541665,374.7545109714517
photo_truck,614.2096444077802,608.7348570272881,494.2589579280343,602.4141963102834,604.5767038104015,556.3635801863751,623.2852161565853,551.6970670121314,482.3242201162714,529.3120645071991,496.14609281658346,430.3998591753789,487.6576689673458,607.1410684255787,553.0869727025223,481.053752528639,539.2622739612117,480.1085255254732,0.0,493.9674328059842,564.5644667616956,522.3391916683867,501.48294486922657,518.799345749331,485.3831587108655,497.0921377922526,436.7337008422563,474.9681381336032,538.5706708582039,500.94634479975605,557.1109394516144,543.6034349319898,441.09183982118236,494.09136959128523,530.7375673769936,434.42959948594705,482.94870172165207,509.36750154565595,498.60493091009846,518.2735071848608,549.0741376467868,441.5370897357513,366.3739373694759,434.9996661645326,443.6442417330542,421.83848574611073,456.2595264503315,549.9441356424362,493.050396476512,518.96560622587,476.35614353483544,548.9610969250863,512.745360044726,527.3403177188695,519.3655186908577,548.8319319177815,532.880573824915,513.581274477072,529.5434360292497,476.32358517810667,537.433496414835,534.7312044021808,538.2287950684648,521.9381570167903,541.8872204952637,437.50247635162924,399.5645580415835,434.04980059242246,541.169790247251,530.5422241992479,512.5853207785151,562.4477598631835,456.74760069150994,461.4917312628471,496.32342918496215,472.5683683895092,458.94097701532917,475.5641064074351,479.0200096345971,459.48552227586566,480.1158066115108,468.4621089834078,474.5680833965401,466.7574564406103,483.9813197890845,472.4606549946336,480.44154011064796,480.8738994293254,488.45200039526503,484.0424938857993,483.5644094210055,486.1121656497158,455.742786280136,483.6759772246684,490.57546071688375,466.9785588915522
photo_velo,482.70732372332424,506.1583110609788,488.48478104906343,506.0292314461483,456.2079598473458,460.44395540239935,473.68254622094173,456.4911609269722,419.54397071197076,439.60783784280966,492.567898222829,541.5834897204883,449.7281962951738,478.14097572012247,466.9963181187386,484.63483928587556,465.3107887393677,393.98649068807407,493.9674328059842,0.0,517.924001911171,507.8725116131998,418.7514905963823,505.7779206192798,441.2615310277603,476.46709203049267,405.1044285704138,436.8539757662834,442.00339266785846,461.9867516804528,473.802812890631,469.3670732859636,428.0123318338376,459.314172655904,455.9188407061721,392.2786551523529,420.3534799141566,437.02338400127366,473.0567711420318,456.97305017969865,434.9386808911895,404.7161038668226,404.83332533653635,325.35387226326355,402.94876985421416,466.3444501466357,382.6549508363768,450.92563171755853,463.2623297420453,446.4783373851984,392.3581378088249,458.0177173918623,439.05410693853935,456.4679233857185,475.0244760941504,447.38530174317714,449.5944381176101,452.50918551874315,450.6731021555053,385.88898157397887,461.2871480718548,435.23977872029224,451.57672129882775,459.31190012766143,456.12949256192263,423.20645216075627,409.0214089026574,354.4929777546734,458.27422893985323,471.39873056417946,397.9044727107155,460.67406476172226,433.1545679728314,419.77239133502144,399.92736826236546,415.05907384457026,421.0977185181537,413.40454142380514,415.4217917080245,419.14110657549213,405.3728161233128,424.4210537013254,405.2295065483499,421.6810297165438,401.26067354196175,410.3502134090778,411.8449680120137,402.39584256946034,402.2113512537512,408.4865128383341,405.72431127420816,408.2092168329499,446.06179804113435,407.62665805300963,444.59001327111383,437.5669206865867
photo_road,553.5700094502383,548.5984730742399,450.78608475318225,509.47639644975305,538.7308355491479,544.8121524637568,548.9039603057199,548.080408372563,500.1862937317377,510.26891393945425,564.1258921310524,641.6010399523134,569.0563170873852,548.3426353646134,555.2582316609254,580.7419259359058,557.6656047547307,499.9698207364017,564.5644667616956,517.924001911171,0.0,538.8666032799424,474.01492417785533,548.4915226598994,559.37393185833,589.4480398482341,536.6047882766538,532.1751758449159,559.3403347984876,558.3795394628814,574.5746836558063,576.2170657700364,543.3536794934931,544.1362240034588,559.0686847791309,543.4503594314863,547.2137928931841,555.015998489278,565.8115129739732,566.992894614468,550.8780390852882,531.7535184641293,541.4020213677364,550.841055588538,487.5071307675289,553.955175928123,518.9475047449653,552.4133254376088,567.9713413857754,555.2644112388916,536.4908495597814,562.5581364089724,561.1996925316346,562.6796062453262,585.5686492793932,557.1204588205399,557.6805631649091,548.4542326783624,557.9667421632878,524.0739181375972,574.6731912595003,549.876311311282,554.0464080874059,566.6067818388736,558.8879887149595,552.2610746146745,532.8445646053266,552.1034118673253,556.5608347306587,575.6681502235747,522.7710978845831,569.4813218491034,559.136740623098,550.9009847623968,533.8515154402918,545.3807369069194,548.3814870013048,536.7785773825887,543.6598038115637,551.2967912194293,538.2780750173825,541.191423611,544.5677115110924,543.6410708737375,534.4888043407634,545.9128631862225,541.2741915204313,537.8736484709898,534.3902086535978,538.1074954009006,534.7057547641999,537.2192073927997,573.9150473572311,537.06052638205,559.5787727458587,567.3367061463143
photo_house,488.38359541220075,461.9320901747737,516.5760742531689,498.8994837830896,504.2961651848606,482.21058244345164,498.42554593548874,478.95248838815513,501.73676813801734,506.8690673890059,500.7635002906832,593.757635383652,484.3668366600135,489.5715573520981,495.9034764446851,499.8938282933457,486.3295041405103,492.63792301737817,522.3391916683867,507.8725116131998,538.8666032799424,0.0,478.3621620356423,475.4651344742265,480.98069331450745,485.65910108319997,507.20563291919615,485.57712957789005,483.327376952192,481.7818806075222,506.8562280152767,482.29255478427143,511.87502306424665,509.86010608516875,484.8879817682178,508.7084034683067,478.61379293097485,478.6713890297435,482.27012604271266,494.4437927995802,476.317414025655,508.53272859573735,497.9266760324239,517.0353002994763,488.0664002311775,507.249053105298,496.34308819018463,485.44528780355637,492.2770965056615,484.6873016159401,521.8229896069225,501.77330378001477,481.8561027769515,496.3898420897111,482.9907625842476,485.09544128919003,491.1919964935321,511.3904004097718,493.37720708060755,513.6837439162094,494.28042490069555,495.59025211273524,497.9374193911676,499.79993217733386,499.27587258390946,525.2168408339506,505.050317628115,516.3154065089788,475.4337093643349,463.61378567275057,498.11148485788186,508.72157768804743,516.3956309504906,509.29897069360925,508.0259913222249,518.8771841560396,526.8355595504726,521.6574847749781,506.89980977760405,525.4691125481944,521.2454337470601,521.3665569196795,512.2486502285894,526.7917966057053,521.1113358158078,511.5296214150174,508.40976439608585,520.8195502975015,515.7120875090078,505.05470464948655,518.7014015249905,508.89678653047747,529.7061446179898,520.0849706747662,544.883408611694,526.188615837388
