,square,rectangle,parallelogram,losange,isoTrapezoid,kite,rightKite,rustedHinge,hinge,trapezoid,random
square,0.10388736608242703,0.13642750133512827,0.2406506206836389,0.3276971129864166,0.21004957982222786,0.19331504566725033,0.17576136890141242,0.25314133163579255,0.21449293186039212,0.21544841890341843,0.29616445351983994
rectangle,0.13642750133512827,0.10301588897906143,0.22391856902096927,0.3295129908183627,0.2500620147657584,0.21717505590580952,0.2037564640532082,0.24222838258558235,0.19985636972276605,0.2456588645705858,0.32282259215228726
parallelogram,0.2406506206836389,0.22391856902096927,0.1793402856893053,0.24489067601157333,0.26626027021435966,0.25402942459495237,0.2395061344545794,0.25763198967543827,0.23112381957141992,0.23128387947530618,0.29241871945550424
losange,0.32769711298641657,0.3295129908183627,0.2448906760115733,0.20140651760185496,0.30251472051373957,0.3068118491933684,0.2962184829558706,0.2989791144383072,0.29405590493121264,0.25820718950123156,0.2788577053279192
isoTrapezoid,0.2100495798222279,0.2500620147657584,0.26626027021435966,0.30251472051373957,0.12469432690576998,0.18810094369142524,0.1596563977321633,0.25407379013996456,0.23715563369120143,0.18529121781190896,0.22234237584586813
kite,0.19331504566725033,0.21717505590580952,0.25402942459495237,0.3068118491933684,0.18810094369142524,0.1445258515379951,0.15372140453756408,0.2583718573093236,0.23603170325662218,0.22616144627663098,0.2782235860510839
rightKite,0.17576136890141245,0.2037564640532082,0.2395061344545794,0.2962184829558706,0.1596563977321633,0.15372140453756408,0.1214546893908846,0.24386559807472283,0.21975136911198348,0.19095764452399583,0.2572038903339286
rustedHinge,0.25314133163579255,0.24222838258558235,0.2576319896754383,0.2989791144383072,0.25407379013996456,0.2583718573093236,0.24386559807472286,0.14969106773426202,0.15977827516830695,0.25706948812963715,0.2666561950527937
hinge,0.21449293186039212,0.19985636972276608,0.23112381957141992,0.29405590493121264,0.2371556336912014,0.23603170325662218,0.21975136911198348,0.15977827516830698,0.1414382208075111,0.23520077200082848,0.26430466402783437
trapezoid,0.21544841890341837,0.24565886457058578,0.23128387947530618,0.25820718950123156,0.18529121781190896,0.22616144627663096,0.19095764452399583,0.2570694881296372,0.23520077200082848,0.15686410302573067,0.2144521066289792
random,0.29616445351983994,0.3228225921522873,0.2924187194555042,0.2788577053279192,0.22234237584586813,0.2782235860510839,0.2572038903339286,0.2666561950527937,0.26430466402783437,0.2144521066289792,0.17825623270736307
