,square,rectangle,parallelogram,losange,isoTrapezoid,kite,rightKite,rustedHinge,hinge,trapezoid,random
square,0.0,240.51979943525208,333.3309630971526,411.1415938116782,205.25141573671024,188.17630662526184,159.88272798971113,277.8337592323327,262.32541504106234,233.33255201647498,324.7744511969319
rectangle,240.51979943525208,0.0,213.6165163300891,334.6670583810016,361.29672783769445,284.2991817240814,274.31710275261065,243.48624053986015,193.51221787569105,289.61613864964346,395.98512280014637
parallelogram,333.3309630971526,213.6165163300891,0.0,203.07648767144755,398.3073804302729,369.6036217459078,332.02611838206485,295.4396446021968,246.591014878899,261.8486818855301,360.6484071567569
losange,411.1415938116782,334.6670583810016,203.07648767144755,0.0,432.7568831254112,428.7600800087188,398.6908655089505,338.18693578613335,313.8829492090929,286.41250526791686,314.6658736532654
isoTrapezoid,205.25141573671024,361.29672783769445,398.3073804302729,432.7568831254112,0.0,217.03226735591994,199.4283289472705,364.7143877699646,360.29069582591876,242.82510917614346,291.5472536581654
kite,188.17630662526184,284.2991817240814,369.6036217459078,428.7600800087188,217.03226735591994,0.0,153.35846020248658,344.1721461089886,335.9263280933099,307.99205689299134,374.9888912155205
rightKite,159.88272798971113,274.31710275261065,332.02611838206485,398.6908655089505,199.4283289472705,153.35846020248658,0.0,328.1813113705257,314.73123752575435,230.19390627720804,337.7710235241831
rustedHinge,277.8337592323327,243.48624053986015,295.4396446021968,338.18693578613335,364.7143877699646,344.1721461089886,328.1813113705257,0.0,90.24974820906515,303.08164296028565,339.89369794729095
hinge,262.32541504106234,193.51221787569105,246.591014878899,313.8829492090929,360.29069582591876,335.9263280933099,314.73123752575435,90.24974820906515,0.0,280.8191927844196,337.2382594162208
trapezoid,233.33255201647498,289.61613864964346,261.8486818855301,286.41250526791686,242.82510917614346,307.99205689299134,230.19390627720804,303.08164296028565,280.8191927844196,0.0,196.0336965421984
random,324.7744511969319,395.98512280014637,360.6484071567569,314.6658736532654,291.5472536581654,374.9888912155205,337.7710235241831,339.89369794729095,337.2382594162208,196.0336965421984,0.0
