,square,rectangle,parallelogram,losange,isoTrapezoid,kite,rightKite,rustedHinge,hinge,trapezoid,random
square,0.0,166.21380971689285,211.4952964804715,259.3758986889454,135.5128732278833,120.43099428012518,97.077763685713,179.97276163971404,172.37980711734323,151.81071307385074,213.25508233519722
rectangle,166.21380971689285,0.0,131.6687413570183,208.72175579768725,245.04720041509918,189.86652096417922,181.59031638461798,149.6768017640052,118.50451470375151,189.35834643711462,256.0200211050578
parallelogram,211.4952964804715,131.6687413570183,0.0,132.26169089286583,254.23510969641367,229.69618097504767,208.9672960021656,173.72282024136362,146.01953487530227,168.4339402372899,230.34484588813208
losange,259.3758986889454,208.72175579768725,132.26169089286583,0.0,271.0025650175026,264.54623564093964,250.20543354603586,199.02491097590104,188.72581806922614,183.35650178439343,195.13229297930357
isoTrapezoid,135.5128732278833,245.04720041509918,254.23510969641367,271.0025650175026,0.0,144.26647785057358,130.8022971549501,236.21526992596978,237.512565748697,161.06471436782823,196.91690356555839
kite,120.43099428012518,189.86652096417922,229.69618097504767,264.54623564093964,144.26647785057358,0.0,98.98691244282735,217.18664898794762,214.45691366904998,196.169167298044,239.94671809025894
rightKite,97.077763685713,181.59031638461798,208.9672960021656,250.20543354603586,130.8022971549501,98.98691244282735,0.0,204.88495339872568,198.7917767766115,150.04278080028817,222.8941834281606
rustedHinge,179.97276163971404,149.6768017640052,173.72282024136362,199.02491097590104,236.21526992596978,217.18664898794762,204.88495339872568,0.0,55.56700905524112,187.401775720405,213.3185223948295
hinge,172.37980711734323,118.50451470375151,146.01953487530227,188.72581806922614,237.512565748697,214.45691366904998,198.7917767766115,55.56700905524112,0.0,177.74071776557,217.64062138734295
trapezoid,151.81071307385074,189.35834643711462,168.4339402372899,183.35650178439343,161.06471436782823,196.169167298044,150.04278080028817,187.401775720405,177.74071776557,0.0,135.55629064609974
random,213.25508233519722,256.0200211050578,230.34484588813208,195.13229297930357,196.91690356555839,239.94671809025894,222.8941834281606,213.3185223948295,217.64062138734295,135.55629064609974,0.0
