,square,rectangle,parallelogram,losange,isoTrapezoid,kite,rightKite,rustedHinge,hinge,trapezoid,random
square,0.0,181.6214179433952,221.015588183789,268.34312064539597,145.79895229750744,124.01098249030369,98.59006660229446,191.35470746075092,185.1924520848291,158.6294337553281,224.97519087271613
rectangle,181.6214179433952,0.0,135.5351298220486,215.28005731653022,268.05260129121916,205.98036493051177,196.22153753658085,153.75241875475092,120.63267722359144,202.572114089303,272.14215398024015
parallelogram,221.015588183789,135.5351298220486,0.0,137.73238531652385,268.939825048718,239.56184340340823,218.4855412093637,178.99529156296634,151.10087704759547,179.97187728892882,245.85772651617341
losange,268.34312064539597,215.28005731653022,137.73238531652385,0.0,281.8965369618539,274.2251413928232,259.6008542059356,205.50665256514492,195.67922733344952,191.09131473165158,204.5444390748396
isoTrapezoid,145.79895229750744,268.05260129121916,268.939825048718,281.8965369618539,0.0,154.75526483689896,140.4981397001873,254.62481390924458,258.19649712856597,169.278283838476,208.25548377043364
kite,124.01098249030369,205.98036493051177,239.56184340340823,274.2251413928232,154.75526483689896,0.0,103.08510008385691,231.47471851023946,229.24003035950727,202.04375493016914,249.84351219170628
rightKite,98.59006660229446,196.22153753658085,218.4855412093637,259.6008542059356,140.4981397001873,103.08510008385691,0.0,215.63368989218273,210.64056956696703,155.7423826821402,235.06646989536893
rustedHinge,191.35470746075092,153.75241875475092,178.99529156296634,205.50665256514492,254.62481390924458,231.47471851023946,215.63368989218273,0.0,56.806637830633136,198.54111409233892,229.18440435602795
hinge,185.1924520848291,120.63267722359144,151.10087704759547,195.67922733344952,258.19649712856597,229.24003035950727,210.64056956696703,56.806637830633136,0.0,189.85031229257848,234.24377159402508
trapezoid,158.6294337553281,202.572114089303,179.97187728892882,191.09131473165158,169.278283838476,202.04375493016914,155.7423826821402,198.54111409233892,189.85031229257848,0.0,148.0702030663097
random,224.97519087271613,272.14215398024015,245.85772651617341,204.5444390748396,208.25548377043364,249.84351219170628,235.06646989536893,229.18440435602795,234.24377159402508,148.0702030663097,0.0
