,square,rectangle,parallelogram,losange,isoTrapezoid,kite,rightKite,rustedHinge,hinge,trapezoid,random
square,0.0,357.2386657619157,418.2139514397576,509.56791161826743,256.91636563932775,195.2093568484591,171.9854519704508,363.9976882956991,362.49557750489373,279.48272599435217,394.89780119201265
rectangle,357.2386657619157,0.0,244.04430668936078,378.8688208224161,471.81305141144696,361.8975020691557,365.1440942224735,265.3461762487001,209.05265543886918,369.4173803140931,471.5516317258148
parallelogram,418.2139514397576,244.04430668936078,0.0,269.52676259623337,484.58018009096816,422.308191888735,398.19775508535554,308.6608005023292,266.1448032452133,367.1380513415623,455.35413510771457
losange,509.56791161826743,378.8688208224161,269.52676259623337,0.0,516.287628926383,494.4865957062899,484.9193291325493,346.9978270577882,337.2801288187425,399.841147401895,393.30359636538185
isoTrapezoid,256.91636563932775,471.81305141144696,484.58018009096816,516.287628926383,0.0,270.98933150705795,251.02268441027138,451.502622841372,464.3064726446458,304.0548662106903,361.3746035580522
kite,195.2093568484591,361.8975020691557,422.308191888735,494.4865957062899,270.98933150705795,0.0,165.63764079705743,399.46696698579854,398.98860061461966,331.42552929834426,415.4816504342236
rightKite,171.9854519704508,365.1440942224735,398.19775508535554,484.9193291325493,251.02268441027138,165.63764079705743,0.0,386.1755550529639,384.7759671812025,267.2372611798079,406.30611550767634
rustedHinge,363.9976882956991,265.3461762487001,308.6608005023292,346.9978270577882,451.502622841372,399.46696698579854,386.1755550529639,0.0,103.89855515363882,358.313664841096,404.8052078994791
hinge,362.49557750489373,209.05265543886918,266.1448032452133,337.2801288187425,464.3064726446458,398.98860061461966,384.7759671812025,103.89855515363882,0.0,354.25409287285714,418.78149340887904
trapezoid,279.48272599435217,369.4173803140931,367.1380513415623,399.841147401895,304.0548662106903,331.42552929834426,267.2372611798079,358.313664841096,354.25409287285714,0.0,275.96599327856256
random,394.89780119201265,471.5516317258148,455.35413510771457,393.30359636538185,361.3746035580522,415.4816504342236,406.30611550767634,404.8052078994791,418.78149340887904,275.96599327856256,0.0
