,square,rectangle,parallelogram,losange,isoTrapezoid,kite,rightKite,rustedHinge,hinge,trapezoid,random
square,0.0,253.40767319050153,305.0943490090742,368.3504740172563,200.18625916713737,168.11193826717425,132.56891797901596,264.6514481662491,258.0221346512285,214.2332170265544,306.221232968435
rectangle,253.40767319050153,0.0,180.62637004604866,291.81380897552924,372.0979970520457,281.9390010673501,269.9963586367823,209.7237228186704,165.59504100601617,277.1972599711482,374.58855886090265
parallelogram,305.0943490090742,180.62637004604866,0.0,186.5364289468825,373.24407449369266,325.459278064568,299.40496085500627,239.35434756002596,201.51798308317947,248.3036467677673,337.7937815003126
losange,368.3504740172563,291.81380897552924,186.5364289468825,0.0,388.38408574009213,371.6999126170546,353.5736367860979,275.07992992007115,260.71175608971504,264.76226179067146,282.2313238637311
isoTrapezoid,200.18625916713737,372.0979970520457,373.24407449369266,388.38408574009213,0.0,212.41113558537333,192.1989405332508,351.6645929282119,357.784935839188,230.8613596539118,282.5634998491098
kite,168.11193826717425,281.9390010673501,325.459278064568,371.6999126170546,212.41113558537333,0.0,136.92380986085496,316.5457565130257,313.47129022687255,270.9906693325369,336.696779782064
rightKite,132.56891797901596,269.9963586367823,299.40496085500627,353.5736367860979,192.1989405332508,136.92380986085496,0.0,295.11965960191736,289.5508744015573,209.09912638885217,317.8629608010974
rustedHinge,264.6514481662491,209.7237228186704,239.35434756002596,275.07992992007115,351.6645929282119,316.5457565130257,295.11965960191736,0.0,76.64162310911719,269.0874200903085,314.5482547326614
hinge,258.0221346512285,165.59504100601617,201.51798308317947,260.71175608971504,357.784935839188,313.47129022687255,289.5508744015573,76.64162310911719,0.0,258.40105737826116,321.1475066248818
trapezoid,214.2332170265544,277.1972599711482,248.3036467677673,264.76226179067146,230.8613596539118,270.9906693325369,209.09912638885217,269.0874200903085,258.40105737826116,0.0,200.46436201322126
random,306.221232968435,374.58855886090265,337.7937815003126,282.2313238637311,282.5634998491098,336.696779782064,317.8629608010974,314.5482547326614,321.1475066248818,200.46436201322126,0.0
