,square,rectangle,parallelogram,losange,isoTrapezoid,kite,rightKite,rustedHinge,hinge,trapezoid,random
square,0.0,438.2611960771961,665.6079764843528,824.9088006770709,463.6386051067442,484.92477954608995,433.8868869444105,609.3935451018205,565.9832004691604,515.3510903149822,709.5321707089312
rectangle,438.2611960771961,0.0,469.74271770941766,699.60495892474,706.3522242876974,626.5442369648925,600.9239720453124,569.5156926994714,473.95514416075736,600.6649617345902,824.7459453304792
parallelogram,665.6079764843528,469.74271770941766,0.0,413.93197799310536,791.5986609510036,792.7388230774278,717.2599877371774,654.5710940928898,562.5947753294171,538.5533702013149,752.6085607815137
losange,824.9088006770709,699.60495892474,413.93197799310536,0.0,873.1567682898391,912.733506766686,842.8409434041683,738.0025411594048,685.910076974254,591.8287572533345,675.6965890761338
isoTrapezoid,463.6386051067442,706.3522242876974,791.5986609510036,873.1567682898391,0.0,465.48914787977725,429.188472492163,745.0002870288314,734.8124750451302,489.8198736659875,612.594494276941
kite,484.92477954608995,626.5442369648925,792.7388230774278,912.733506766686,465.48914787977725,0.0,327.256961018578,739.4888371412509,718.3185690598821,667.7514852132855,790.2174093115248
rightKite,433.8868869444105,600.9239720453124,717.2599877371774,842.8409434041683,429.188472492163,327.256961018578,0.0,695.0052270692765,669.0820347425898,509.8207503424836,699.0810232041279
rustedHinge,609.3935451018205,569.5156926994714,654.5710940928898,738.0025411594048,745.0002870288314,739.4888371412509,695.0052270692765,0.0,201.7320722526103,651.1787208354759,700.7655178141131
hinge,565.9832004691604,473.95514416075736,562.5947753294171,685.910076974254,734.8124750451302,718.3185690598821,669.0820347425898,201.7320722526103,0.0,602.9607364649431,685.2899934621968
trapezoid,515.3510903149822,600.6649617345902,538.5533702013149,591.8287572533345,489.8198736659875,667.7514852132855,509.8207503424836,651.1787208354759,602.9607364649431,0.0,429.99450722401997
random,709.5321707089312,824.7459453304792,752.6085607815137,675.6965890761338,612.594494276941,790.2174093115248,699.0810232041279,700.7655178141131,685.2899934621968,429.99450722401997,0.0
