,square,rectangle,parallelogram,losange,isoTrapezoid,kite,rightKite,rustedHinge,hinge,trapezoid,random
square,0.0,268.8313484730451,379.10156993084615,467.81026730660375,232.54177304892403,215.11519223141954,185.16629734439255,314.28043658562194,296.6160568975694,265.5294000838871,368.70427676764257
rectangle,268.8313484730451,0.0,242.7576667604673,381.6164518229491,406.7651962158545,322.38314472070243,311.48449945878986,277.6778428344648,221.83675667176104,327.59466931911976,448.7004584380079
parallelogram,379.10156993084615,242.7576667604673,0.0,231.69371757223678,454.72263808755616,423.55670817972106,381.041901781084,338.018934110353,283.3239039515726,298.73464159074155,412.31587686881926
losange,467.81026730660375,381.6164518229491,231.69371757223678,0.0,494.47607466181535,492.44389795289777,456.9707040695892,387.38033147573566,360.12106774007714,325.18765614220524,358.9315633582793
isoTrapezoid,232.54177304892403,406.7651962158545,454.72263808755616,494.47607466181535,0.0,245.7549309060405,227.50625131911465,414.85278884345837,409.58988827381904,274.89230423413863,329.90443711800987
kite,215.11519223141954,322.38314472070243,423.55670817972106,492.44389795289777,245.7549309060405,0.0,173.2851654466592,392.84245604582276,383.2146740653297,351.25208138371187,427.76250400360755
rightKite,185.16629734439255,311.48449945878986,381.041901781084,456.9707040695892,227.50625131911465,173.2851654466592,0.0,376.24862953225494,361.16137475808404,262.43193202515573,384.42133565501354
rustedHinge,314.28043658562194,277.6778428344648,338.018934110353,387.38033147573566,414.85278884345837,392.84245604582276,376.24862953225494,0.0,102.1544021400418,346.36868787097,386.17715121858026
hinge,296.6160568975694,221.83675667176104,283.3239039515726,360.12106774007714,409.58988827381904,383.2146740653297,361.16137475808404,102.1544021400418,0.0,321.3155723384396,383.03327114658043
trapezoid,265.5294000838871,327.59466931911976,298.73464159074155,325.18765614220524,274.89230423413863,351.25208138371187,262.43193202515573,346.36868787097,321.3155723384396,0.0,222.4926782051421
random,368.70427676764257,448.7004584380079,412.31587686881926,358.9315633582793,329.90443711800987,427.76250400360755,384.42133565501354,386.17715121858026,383.03327114658043,222.4926782051421,0.0
