,square,rectangle,parallelogram,losange,isoTrapezoid,kite,rightKite,rustedHinge,hinge,trapezoid,random
square,0.0,500.60872151869546,781.4132765800002,956.7681190954974,557.5268532472832,594.5939147429335,534.2179221902393,731.4945484224188,679.1938622201474,616.4786800422871,839.9079430114871
rectangle,500.60872151869546,0.0,564.1419647932532,817.6848046457665,822.974437283019,740.8382003516517,711.4427072348944,685.7954723523218,576.0855641482569,708.8025374072248,963.5613540488758
parallelogram,781.4132765800002,564.1419647932532,0.0,484.71743710581734,926.4413671830304,933.3457531893148,853.2144351219076,775.7765318200885,669.8793235055524,645.754375245008,886.8624460304451
losange,956.7681190954974,817.6848046457665,484.71743710581734,0.0,1014.1019540340167,1062.2106652017485,988.3501033193338,867.214300697441,806.0603606098343,703.2053761691466,801.8202273224507
isoTrapezoid,557.5268532472832,822.974437283019,926.4413671830304,1014.1019540340167,0.0,555.603427726114,512.0363735010166,870.2058352714948,859.0710699349756,571.3392168150222,721.4752866183486
kite,594.5939147429335,740.8382003516517,933.3457531893148,1062.2106652017485,555.603427726114,0.0,382.6943432279639,862.4479652416863,836.7690895468962,779.8283722175061,913.5005005320853
rightKite,534.2179221902393,711.4427072348944,853.2144351219076,988.3501033193338,512.0363735010166,382.6943432279639,0.0,809.4435169488227,779.0350976560263,603.8221622647914,810.0862113917519
rustedHinge,731.4945484224188,685.7954723523218,775.7765318200885,867.214300697441,870.2058352714948,862.4479652416863,809.4435169488227,0.0,243.18760218785,765.1822899230439,812.6033079299218
hinge,679.1938622201474,576.0855641482569,669.8793235055524,806.0603606098343,859.0710699349756,836.7690895468962,779.0350976560263,243.18760218785,0.0,708.387164356877,790.0413815441069
trapezoid,616.4786800422871,708.8025374072248,645.754375245008,703.2053761691466,571.3392168150222,779.8283722175061,603.8221622647914,765.1822899230439,708.387164356877,0.0,507.72594121592715
random,839.9079430114871,963.5613540488758,886.8624460304451,801.8202273224507,721.4752866183486,913.5005005320853,810.0862113917519,812.6033079299218,790.0413815441069,507.72594121592715,0.0
