,square,rectangle,parallelogram,losange,isoTrapezoid,kite,rightKite,rustedHinge,hinge,trapezoid,random
square,0.0,1400.0108920651892,2475.633249666764,2833.7603149332476,2332.543379521254,2578.092551392715,2361.6740663742617,2794.7960037779417,2642.564305749726,2488.459388156339,3104.8165933780483
rectangle,1400.0108920651892,0.0,2104.1902298894915,2611.3184148799955,2629.78795940989,2710.350323091285,2538.567782714119,2610.0467452395173,2378.585865257221,2557.941696949489,3188.599444545455
parallelogram,2475.633249666764,2104.1902298894915,0.0,1457.0738803064473,2848.7542481724613,2932.655407693062,2807.942934919667,2759.497953412215,2550.357171457416,2236.305350557889,2914.63438132513
losange,2833.7603149332476,2611.3184148799955,1457.0738803064473,0.0,3061.9282877752967,3186.1144690286155,3082.4562049197684,2969.417397113726,2840.509569516547,2344.4523187014674,2758.5246868379218
isoTrapezoid,2332.543379521254,2629.78795940989,2848.7542481724613,3061.9282877752967,0.0,2138.886197018689,1951.4005105352712,2681.822165198124,2649.359522594644,1836.644231872288,2457.925484924429
kite,2578.092551392715,2710.350323091285,2932.655407693062,3186.1144690286155,2138.886197018689,0.0,1266.561037855487,2617.1215787144597,2489.9571629054176,2402.850850363782,2639.806215931967
rightKite,2361.6740663742617,2538.567782714119,2807.942934919667,3082.4562049197684,1951.4005105352712,1266.561037855487,0.0,2448.2138785794155,2345.9534302491234,2059.000972256768,2493.526910939533
rustedHinge,2794.7960037779417,2610.0467452395173,2759.497953412215,2969.417397113726,2681.822165198124,2617.1215787144597,2448.2138785794155,0.0,860.0386312080004,2486.796305049919,2513.3142016147176
hinge,2642.564305749726,2378.585865257221,2550.357171457416,2840.509569516547,2649.359522594644,2489.9571629054176,2345.9534302491234,860.0386312080004,0.0,2352.5638962326525,2415.5563900645056
trapezoid,2488.459388156339,2557.941696949489,2236.305350557889,2344.4523187014674,1836.644231872288,2402.850850363782,2059.000972256768,2486.796305049919,2352.5638962326525,0.0,1736.179039823421
random,3104.8165933780483,3188.599444545455,2914.63438132513,2758.5246868379218,2457.925484924429,2639.806215931967,2493.526910939533,2513.3142016147176,2415.5563900645056,1736.179039823421,0.0
