,square,rectangle,parallelogram,losange,isoTrapezoid,kite,rightKite,rustedHinge,hinge,trapezoid,random
square,0.0,273.6496123682183,327.83312664496947,396.2023489011172,212.64650313290397,176.51036807842777,140.16955382579835,285.05064674583383,279.4219081422701,226.11258631960175,325.724200029717
rectangle,273.6496123682183,0.0,189.07050298699752,308.1924991081519,397.2475210738304,297.360876127521,288.63008419716704,222.87633180182348,175.89735279409288,294.1826676955216,397.5786586579965
parallelogram,327.83312664496947,189.07050298699752,0.0,201.77833390602672,401.4779261556016,344.05103538847084,319.45157472506327,251.1789634270261,211.58546174317854,268.6060122710396,361.92720089134343
losange,396.2023489011172,308.1924991081519,201.77833390602672,0.0,417.9212835814104,394.3837404774275,378.2925747926452,287.79433179101534,273.47916379360333,288.66316651806983,303.6553699766322
isoTrapezoid,212.64650313290397,397.2475210738304,401.4779261556016,417.9212835814104,0.0,226.4679508356355,204.44853283648473,375.1128677297324,383.43190427179735,245.23634970940861,298.68105325476876
kite,176.51036807842777,297.360876127521,344.05103538847084,394.3837404774275,226.4679508356355,0.0,143.288834911833,335.6313822042549,332.5718827209732,282.5621864662617,353.3312881995513
rightKite,140.16955382579835,288.63008419716704,319.45157472506327,378.2925747926452,204.44853283648473,143.288834911833,0.0,314.92209823202705,310.1706636917891,219.52011210924047,336.0880010747506
rustedHinge,285.05064674583383,222.87633180182348,251.1789634270261,287.79433179101534,375.1128677297324,335.6313822042549,314.92209823202705,0.0,82.65540170639575,285.33960279700597,334.32099807887107
hinge,279.4219081422701,175.89735279409288,211.58546174317854,273.47916379360333,383.43190427179735,332.5718827209732,310.1706636917891,82.65540170639575,0.0,275.39796556388353,342.20647563879106
trapezoid,226.11258631960175,294.1826676955216,268.6060122710396,288.66316651806983,245.23634970940861,282.5621864662617,219.52011210924047,285.33960279700597,275.39796556388353,0.0,213.44816929780177
random,325.724200029717,397.5786586579965,361.92720089134343,303.6553699766322,298.68105325476876,353.3312881995513,336.0880010747506,334.32099807887107,342.20647563879106,213.44816929780177,0.0
