,square,rectangle,parallelogram,losange,isoTrapezoid,kite,rightKite,rustedHinge,hinge,trapezoid,random
square,0.0,7609.323455099084,12146.00355555421,14550.283733817016,13542.64557019426,11946.347738117525,11076.877184427616,13871.83817048797,12772.866448807223,12566.126857352016,15068.656716321586
rectangle,7609.323455099084,0.0,11121.287309504962,14329.3113385329,14033.573024764903,12536.477883963564,11899.074037103735,13249.101820817938,11655.20548291516,12858.080266671639,15275.936267531077
parallelogram,12146.00355555421,11121.287309504962,0.0,7641.945986153543,14662.857186925627,12787.877424137965,12337.829405459339,13061.62277563989,11964.495089684464,10781.298323590858,13532.953612481457
losange,14550.283733817016,14329.3113385329,7641.945986153543,0.0,16561.466531148704,14980.699219489205,14415.595484468802,15070.222533211281,14486.46051939905,12105.344774551091,13794.317090394605
isoTrapezoid,13542.64557019426,14033.573024764903,14662.857186925627,16561.466531148704,0.0,10457.583626814883,10189.036458686242,12567.939931095056,12026.58418810408,10136.1164128042,12015.890690669828
kite,11946.347738117525,12536.477883963564,12787.877424137965,14980.699219489205,10457.583626814883,0.0,5910.304917262829,11567.55790276021,10594.595729770728,10775.400860480193,12165.443191944365
rightKite,11076.877184427616,11899.074037103735,12337.829405459339,14415.595484468802,10189.036458686242,5910.304917262829,0.0,11135.758889862498,10328.241537848897,9847.598373877598,11734.333210518738
rustedHinge,13871.83817048797,13249.101820817938,13061.62277563989,15070.222533211281,12567.939931095056,11567.55790276021,11135.758889862498,0.0,5033.8547988583205,11726.971900769287,11863.600681000004
hinge,12772.866448807223,11655.20548291516,11964.495089684464,14486.46051939905,12026.58418810408,10594.595729770728,10328.241537848897,5033.8547988583205,0.0,10768.847857127668,11256.725464023159
trapezoid,12566.126857352016,12858.080266671639,10781.298323590858,12105.344774551091,10136.1164128042,10775.400860480193,9847.598373877598,11726.971900769287,10768.847857127668,0.0,8669.007319699715
random,15068.656716321586,15275.936267531077,13532.953612481457,13794.317090394605,12015.890690669828,12165.443191944365,11734.333210518738,11863.600681000004,11256.725464023159,8669.007319699715,0.0
