,square,rectangle,parallelogram,losange,isoTrapezoid,kite,rightKite,rustedHinge,hinge,trapezoid,random
square,0.0,8473.370289089555,13680.462669813689,16295.97704377693,14912.684183414214,13307.594948860291,12343.240061456994,15368.371561329426,14202.800277503045,13887.720869504561,16639.595511386262
rectangle,8473.370289089555,0.0,12320.207894891118,15848.4660729545,15355.634660012656,13811.605499215622,13124.192542220897,14499.301899961472,12783.750327471584,14043.993604293366,16737.656494183793
parallelogram,13680.462669813689,12320.207894891118,0.0,8299.378310917644,16110.421134293447,14016.523616807923,13414.160234810055,14179.813600592539,13024.283535697212,11719.021959611899,14760.386808771962
losange,16295.97704377693,15848.4660729545,8299.378310917644,0.0,18340.083401969503,16557.209641873607,15739.7106900831,16530.674953189784,15932.107348968362,13288.541092430163,15140.986298680331
isoTrapezoid,14912.684183414214,15355.634660012656,16110.421134293447,18340.083401969503,0.0,11332.318232914124,11264.07185535248,13728.126358599147,13065.143874225707,11137.27391781213,13175.601305978329
kite,13307.594948860291,13811.605499215622,14016.523616807923,16557.209641873607,11332.318232914124,0.0,6501.387962545645,12494.856421299275,11495.009623507773,11676.657267667095,13257.80915403114
rightKite,12343.240061456994,13124.192542220897,13414.160234810055,15739.7106900831,11264.07185535248,6501.387962545645,0.0,12184.091619080637,11365.233186447236,10690.379199406836,12821.409218243436
rustedHinge,15368.371561329426,14499.301899961472,14179.813600592539,16530.674953189784,13728.126358599147,12494.856421299275,12184.091619080637,0.0,5427.7620198965105,12702.335700278027,12877.4670934351
hinge,14202.800277503045,12783.750327471584,13024.283535697212,15932.107348968362,13065.143874225707,11495.009623507773,11365.233186447236,5427.7620198965105,0.0,11658.815745662527,12268.467350872948
trapezoid,13887.720869504561,14043.993604293366,11719.021959611899,13288.541092430163,11137.27391781213,11676.657267667095,10690.379199406836,12702.335700278027,11658.815745662527,0.0,9389.912773097063
random,16639.595511386262,16737.656494183793,14760.386808771962,15140.986298680331,13175.601305978329,13257.80915403114,12821.409218243436,12877.4670934351,12268.467350872948,9389.912773097063,0.0
