,1610555604.25mOvVXuL01OCiReyVWBfesjuvXmB3MoPy,1610555605.43B6oDsBtWRQ29Q9UMQuTUEPZy3FSSWXzc,1610555610.92HPGJJSmyPM40z7otPBgHalNrHFA7zk5d,1610555606.68LaSQbm9EHAFycEfFtEqAwYqlBsQPjIRW,1610555617.19EKxMEwDHfXiEJZc27TsGoERaD6Da4BZU,1610555722.52PJ3FD50MGhRXyUD28vluU8Z9UjLJLZn4,1610555617.52Ijr5puT55g9apK8auM7zaxa3NANg502t,1610555638.77ZLjTLkz4jYJdFMI2wWBztzsDILkoOtAk,1610556912.46C7tJPLF0XfNnm8f1820X9aLmXMHoc0Dw,1610555617.51LjzIROg0aeCP2GhDcAVQ0LipKJB9jmKc,1610555608.17OpjjHobqRkX0UPcaXrbu7K6L3805SZri,1610555721.82zWeNZfGUUfRJkgnAwlP8VMhPzXctnSd4,1610555735.75bom85BDF0C7W2eIseHeMxi24qR68nzMi,1610555735.77NnT5xqKnwcf2BbjIekeb2arTQj6QMNwk,1610555638.33wjf1PhdNaoWfbRzXVn50hmFyB5bYAiLV,1610555606.65jCE4ig8Pu8kvAzkxnSGfWsV0nQBjCf8H,1610555608.18ONsBCVo1i7BrX0XG9stct4oiA6ejX9Oz,1610555721.51RNoQUMP19FTMS79BmA3JkgSm2IC2AQuQ,1610555971.86O0cHB2ibBJ8jxoObg01EpGe8VVV5mpwn,1610556911.51zU3duZSGpcw1BDNsBLxdOCITAXwl6z3i,1610555988.71dMoYT8250UHHJGxgmITTmbHe7V6gH1yU,1610556042.81mlUZsSp7gbGjrp8jQSnybT1gPy6e62o1,1610555637.02UBW5nKvDyUrKnaWcYRGajZPxTRDS0q3N,1610555619.13oUYNikU4facCTpUSiSLr0vPI0tJLnXiT,1610555721.03nzkucfjAUh31zTbmCVvTVYqtjoxZFnBh,1610555722.67fhKURdXVzRbLIjXmjRwdJHTnE7PWb1AE,1610555638.39J2ZWBLuLTHP0jOlzB4tNHmYeijH5g5YJ,1610556032.17Q6yCDx9g7alRnL9jBFXD2JhhUyB2hKfJ,1610557007.49MyVgDnuUuBxrvL6SGOdhKf69VYlW1MSm,1610555638.44hjT5hbYdKoE3MB6hijrjqbjmLgvCUYKD,1610555608.13zUvmFSCRt6SsLbhqFznMEvGx54GPGQzM,1610556038.62a5C4ynd1AARyAhTv8a58NCqHvXRjscqH,1610555644.45Xse8u7pusHNsd7F3d0A32HXvXr6weOJE,1610556038.62gKXOCG7XCn55eJvyl5voNjbwOW0znQDq,1610555987.13v0oleKK97pkesp6oMgprH8SoSdoDVdIO,1610556964.96ZLLeiQW0qpmxhPGTg7K03fmzkqsC2bjC,1610555987.13VQlEedQ50VvkPMEMzZDv3KNnQCewykN9,1610555982.186TY6MMGkDecIN1woW6vsfAMXVV7jnyjO,1610555982.673LuMndkwkvdmZOn0MmE2Pkidx0FtNalb,1610555733.38zItcuH7gHNfKdALR2d9Nek6bxCyw36Vm,1610556034.15BQxSbZINGCay0yp6RBVlgcPrw76Yn9ON,1610555639.37BPZpgtGml8qUsh9AdV4m32jPLfI2aNFq,1610556965.57S0adAalhWYe6K3bkZU0bRHbqnDK8gGkR,1610555983.54zteLPCMjyrjzPdhHhlZr3faCgD0TfYr3,1610555987.79rHnNRmt9a0ufmnwCvZqBouyUoZDNpylW,1610556960.041xWER61rmArlsKfiMl4frikWmUCnQ7op,1610556035.13a7NHZDutfTMJ88qle1gTYY59Dr4WmMsj,1610556890.456ZBDaY16bMtrTZTqAgHl3wq1tRxzqDow,1610555760.24e6890pkbyZ97Or6croI1rQgjkSsR0yVt,1610556043.02YpWMIJg3W004iqlPyv8OcVAZdSC5rNYw,1610555987.03z05P26TLtONYM1HSzupoc2CeNMa6HTqr,1610556032.15OYCzUxpsz7b10AXBAuDXrvEcvxFhf0M7,1610556032.63Z80yI9pNwS3jSmsDABbuhf8wkNa2Ze9y,1610555736.28eGuESasTXdR3SqY6pHhEXWZtcdciYLCO,1610556034.61bebeZA0MkaFG2sm3VKiqrxeqQginTTW0,1610556944.5XwXOphKYT3ZkWA8gViqOS97VHVuMVUqb,1610556944.745UVLFBzf7fPh4UH37I6tYQOFPqRDytEh,1610556034.63XsUwaFaPZevO1JNFjfhvY4aKNFnV4noV,1610556964.89xwBHw9faT1HjQRMNQEyA4qJ3hWkwgj3k,1610556966.74DydzH91jtyvRyYau47JpVkZoMRSNTt01,1610555740.77UueVziDbaXyRR4OcVJIIZyzOfAzN51bj,1610556046.84e3vwjyRCzqz0wJQhrk8zsxlFfFSv98Df,1610556137.99eoPuVrDThKAOvmeprLPb2FWRqIhzUodc,1610555740.73XFwSrmTXJPlaxGZSefh0jOVA8PI3III1,1610556123.88AOfNaz9jSnqU5Czc7okOv1RCrYfKFBTo,1610556046.85nB7NvyoYQeLcOV391Lmmut1wAM8CFGLw,1610556123.89H4pdIAzDthI7bMXMhlIhKUYIQIvtmPPQ,1610555740.87GOYQUJKpkynIS2lFqppYK4b32ol7NeGh
1610555604.25mOvVXuL01OCiReyVWBfesjuvXmB3MoPy,0.0,30.31668824724632,8.119424404758963,27.93667566267079,21.68891124686242,25.79734015754199,20.87335477279663,10.150641019249537,17.443425281051503,23.74583223361587,34.27179501578185,28.06232213333873,28.126129958188596,17.640205575871338,31.236490382692562,24.909417708594976,36.15308691535016,32.160653272164275,22.706397010045535,21.72424002129761,30.35573286737713,34.21945898124638,23.05128054889405,9.369277201359301,27.44446572991657,26.266159921399073,21.600842160994922,29.12685996702478,29.327044392734354,22.765730415163855,24.580220087294567,24.974284450730785,26.564118075034187,26.95540637185286,27.375492953304775,29.042362731676466,26.674362764530887,26.45382439492023,29.358559186326797,28.702596668185684,27.003304752665482,33.88959066971313,28.60504763423318,26.256407845700178,31.99041511538893,33.534199981826625,27.025572536219546,24.31409716664085,24.17679783487603,29.70181765346729,23.57150403492941,23.7310728963597,29.820365601490856,34.061961176263615,22.650787450543582,26.520531162313677,28.122011500527694,25.96772340122231,22.76861915755628,27.446030625362386,34.240453930782756,36.260663544350564,26.04821271125743,34.58883339754716,25.094949552523246,35.96607514991515,27.19857310955092,32.78766943109223
1610555605.43B6oDsBtWRQ29Q9UMQuTUEPZy3FSSWXzc,30.31668824724632,0.0,29.848347986823267,26.743939477081028,30.60620488029779,30.977220041845836,29.612258783277873,30.556905129233932,30.77736934672931,28.997853544520613,30.230376325970248,30.594075871242808,29.25145540501586,30.537021900083417,32.44127944930809,30.206522971310992,31.976897948444716,16.32605984646282,30.394822146117296,29.147464781690015,32.919942253629344,31.54697101256263,28.82073916910521,30.19517706280366,30.658940093603185,32.18224792005398,30.837115263730773,30.52163648134892,28.83469674305683,27.669023965014745,31.02170910126217,30.050949456434097,29.45127285170385,28.226134873466886,31.399355073055684,33.35682904016199,31.604040340027673,27.639414206782234,26.426866518520384,34.48937351356542,29.051787508131138,32.302930754618,32.92206092692181,28.81678379802302,23.546944148433386,17.38135597832164,32.58203180001164,31.91957640067754,28.008755716569095,34.434647490728004,29.61790865532723,31.878429541591345,32.75078352226455,31.405305309368973,29.333338869412344,31.361882550705843,30.912642795670788,29.595989862771663,29.686799588650096,30.347715389311134,32.24130433500922,32.97134074012504,28.12710863911867,33.442244016783924,28.452649538490633,33.33060006863744,33.103795411236675,31.94825461634686
1610555610.92HPGJJSmyPM40z7otPBgHalNrHFA7zk5d,8.119424404758963,29.848347986823267,0.0,27.26908703885829,21.137004964164856,25.515407343750365,19.856193169864927,11.03400347615028,17.712880129670364,23.610815867271775,33.71940402579231,28.172065397453057,28.023854624890177,16.774928157288016,30.910179445583235,24.355246433095964,35.647714917086844,32.35836176810502,22.690305063521986,21.291716120432568,30.326739958809345,34.07017531468088,22.60137716050433,10.924519728519716,26.839322452623797,25.93929359690276,21.151175397883005,28.69485832827349,28.70598532651926,22.08058015338233,24.082905294958767,24.543532778217358,26.42752824585863,26.45147720983703,27.135781202683784,28.54344399049539,26.141580728705954,26.000964543926525,28.877157017304743,28.787285806415525,26.339165271913533,33.67773628198624,28.22453089926341,27.002188195707962,31.451892001618383,33.00781126344269,26.74638823225869,24.12634460358037,23.867273064056192,29.12876343058761,23.92497936282341,23.384147686623887,29.262464229489332,33.54833307045759,22.13095386674267,25.96058263195503,27.77299658582586,25.569080206938626,22.962799426924235,27.019066061287507,33.92330849031783,35.68671689281376,25.657608360333487,34.179804242159584,24.609686783352917,35.73315991171031,26.64867505936134,32.452487544841304
1610555606.68LaSQbm9EHAFycEfFtEqAwYqlBsQPjIRW,27.93667566267079,26.743939477081028,27.26908703885829,0.0,28.624328245925188,29.922127278907258,27.914710120239125,27.870780768313814,28.03359660345239,29.16768417400613,28.675323616409923,27.443940984653608,31.769500406205264,28.14390815796546,31.894932991981428,27.433221124408096,31.441921981040508,28.94549429509579,28.20164201184231,26.892803492324383,29.76825011607261,32.12236549525513,28.9490710649804,27.664936226167704,31.61590689999032,30.536930754501014,27.38633896674594,28.174384151929626,28.886553180471516,27.75216071561158,28.392787051440042,29.870813410621523,30.55775099141037,28.768161405968907,28.13600334892985,28.3519616743046,28.76841146142199,28.50508043684549,27.269795580534986,32.18328965266479,25.794074958770207,29.99240369785982,29.69841497891876,26.146999604305325,29.685698205056482,30.4322795592611,31.205183582349996,29.670463078374215,28.22035218181974,31.78690191763149,26.891434696711627,29.50004210695161,31.53534956808578,31.015689591390366,26.67710027084915,31.34678326904139,31.471082224870127,26.942342710569424,27.640883186378698,31.34303643267682,32.189407602742605,33.58804706237976,27.108294123573497,34.38899924197984,26.976512442460695,34.75753921922903,29.541886693507617,31.704397249327965
1610555617.19EKxMEwDHfXiEJZc27TsGoERaD6Da4BZU,21.68891124686242,30.60620488029779,21.137004964164856,28.624328245925188,0.0,27.720349726139972,18.752341341223122,22.03536265450712,19.755940195185836,25.974045656855882,33.051792337103315,29.558051436366053,30.19038426329947,21.537958858691116,31.31354729291248,25.646953167514614,34.89949355014021,32.358538391723656,24.77330060121547,24.04475812801918,31.038149075044192,32.97607906865882,20.286811467920714,21.728456663422083,26.86078534948787,27.344939745096834,20.279322708581148,29.783016980687933,30.21567747205412,21.014435988909188,25.026122683559684,22.151892961714537,28.599274796794084,27.795240199049843,28.472362189243054,29.41294222882124,27.576734641146142,27.202509789766065,29.666468029271012,30.76102075483415,27.321550254026032,34.35441632485567,28.541703356417166,29.849979573965186,31.911735281957377,33.50511180833179,27.10887509379369,26.20697235790082,25.447390453508326,27.978567888446246,26.473134267444852,24.21973026105334,30.40560447063277,33.83973167779176,24.05659547915408,25.279632954322697,27.427259954343313,27.490168789256195,25.590900646099012,26.33425589640114,33.26761330242458,35.5547857696117,27.072608997618158,33.85603768075309,25.709004542265067,35.861939926313326,27.856477968154003,31.586628027128835
1610555722.52PJ3FD50MGhRXyUD28vluU8Z9UjLJLZn4,25.79734015754199,30.977220041845836,25.515407343750365,29.922127278907258,27.720349726139972,0.0,26.40041633783962,25.715509317866974,25.477200477826788,29.83519843842867,33.31734781326137,30.855147681422608,32.33925313709552,25.546487534757613,33.10529080073592,29.413090077420573,34.95205771884928,32.33147752858843,17.384491368080052,27.915550048171074,31.683380702698095,32.713710306103195,26.18450583283256,25.538259294637704,28.41324917590124,18.640738130513505,26.743753783620782,31.721356705904025,32.306988089669645,24.628447056979578,29.35027425080076,25.520693722343328,32.07048899529286,31.227686721535605,30.59778356647832,31.01226383965551,30.995843147283217,31.177460547589877,30.597122593840183,31.51342966715668,31.059611330292977,33.86765750117012,31.9909929743974,29.979130837620463,32.36574616471762,31.836521939581413,27.268350510797863,27.043307715416397,29.985197064876925,31.190965456211146,28.088528325985347,26.03434475019604,31.42540348669306,34.055344071942706,27.781512414343098,26.506893953031785,31.085482384800677,28.897782769116763,27.297110925090152,25.409040292072582,33.82012506320144,35.408213190567515,30.714084297142588,32.65735894040694,30.453291156116226,35.275321800536155,29.48904549203459,33.14826237431591
1610555617.52Ijr5puT55g9apK8auM7zaxa3NANg502t,20.87335477279663,29.612258783277873,19.856193169864927,27.914710120239125,18.752341341223122,26.40041633783962,0.0,20.675086735250055,21.20060227349615,26.536956428208438,32.62362204843911,30.23869274807487,30.09350242886439,19.66278530531003,31.067453546827103,26.393815195561032,34.57206691339619,32.189011425582706,23.7470653783466,25.244963787772164,32.35587948972521,32.81103640205214,23.015740054006354,20.461845147877636,27.87326933912937,26.285533786381933,23.27914054662475,29.782624411567877,29.392881771779862,18.8198491043974,25.931455601937234,22.3224031447936,29.17227070721949,28.179351413658136,29.125707303540114,29.3357223195412,28.567657399485906,27.742202845910494,28.977608469809056,30.004032068117564,28.130928425347307,34.13157891321331,29.510624055349595,29.019444801451478,31.260460330549726,32.69869138142393,29.05183612976162,26.627045918196924,25.956844700128734,29.81582564626181,26.897973214418553,25.04117945909906,29.807196337496112,32.879268235007956,24.87830295950034,25.96956013628072,28.017132766107306,28.52161814581338,25.696953632924952,25.374479175523952,33.447554179366975,34.92590311856572,27.79894754380219,33.14763597323651,26.340533910591795,35.322842462977604,28.060711387553877,31.867478365295934
1610555638.77ZLjTLkz4jYJdFMI2wWBztzsDILkoOtAk,10.150641019249537,30.556905129233932,11.03400347615028,27.870780768313814,22.03536265450712,25.715509317866974,20.675086735250055,0.0,18.019492131180716,24.80787173730912,34.04580137012206,28.045054836466903,29.073138989318643,16.068240187711808,30.976217093306648,25.23275230726115,35.92495151198794,32.2174425245431,22.81755995498874,22.46686372471058,30.299968159075338,33.908915065096764,23.587656384212302,11.21788458565646,27.54998946829533,26.082892717973657,22.317590061362797,29.050683386815845,29.371878185767255,22.951781548366885,24.88377530440408,25.280434593539077,27.519914070874545,27.2962514115396,27.59114365893306,28.783004050188104,26.81981566608714,26.885994846711462,29.498619860266945,28.473967136460022,27.137251775683843,33.582416140382186,28.413266889954095,26.313455776933925,31.900272395400343,33.36885526146846,27.139058031276896,24.551177384169076,24.959114474273115,29.69521385137277,23.837937291170856,23.80785883976913,29.742587363447093,33.95444668440315,23.220173603628027,26.621014107717805,27.996854435874166,26.314638014334665,22.855474668515672,27.274174145973287,34.06035144865544,36.03242165157444,26.536535778503406,34.21402413196388,25.49410122721673,35.664303260122125,27.476775288547422,32.54980596164883
1610556912.46C7tJPLF0XfNnm8f1820X9aLmXMHoc0Dw,17.443425281051503,30.77736934672931,17.712880129670364,28.03359660345239,19.755940195185836,25.477200477826788,21.20060227349615,18.019492131180716,0.0,24.842266616016417,34.05011533702634,27.83273221043065,29.09759271897769,19.02281104046432,30.35138656387518,25.26804701430061,35.79152309189569,31.909467643273516,21.13611867621743,22.358867891963037,29.15900898247539,33.52274522301228,23.31580242705368,17.46508275571055,27.34932064824685,25.73197448277486,21.89381040012982,28.75452506108286,29.997512990730968,23.076234027138344,25.152855651167627,24.799724976579743,27.543032312623584,27.37045728983218,27.36562527752312,28.77026298080329,26.715803528795945,26.999938098773818,29.833490493699642,29.606485724128728,27.282430710465828,33.31612717332094,27.939680538698042,27.88107741732122,31.925854577879512,33.37890998188118,26.25838976537935,23.86970118862918,25.145118414582427,29.264787417109712,23.83869877796989,23.839878496579676,30.111825893417535,34.011600091599554,23.576034116162273,26.61319518061355,27.882859328631778,26.072586678429793,23.10602206762491,26.803690198023872,33.41877974435646,36.093143411997836,26.72107848214484,33.85270022019467,25.90050650216888,35.5451904497001,27.67776663860542,31.777422388985688
1610555617.51LjzIROg0aeCP2GhDcAVQ0LipKJB9jmKc,23.74583223361587,28.997853544520613,23.610815867271775,29.16768417400613,25.974045656855882,29.83519843842867,26.536956428208438,24.80787173730912,24.842266616016417,0.0,35.243607127068934,30.659946544732684,17.65013512940588,25.873763397919255,32.92054369595211,26.385530427241374,37.348265584746535,32.71868406131913,28.961611298353297,24.516462620889296,32.6257473742687,36.2241803826864,25.245164123621063,24.24386877807917,28.950064137710356,30.689133947879228,25.302308667700824,31.217043211122704,28.971963969827335,26.297572261561886,25.712664186269173,28.433883376489923,12.98590270821951,27.18077860533015,29.010337290573275,31.671406857659363,27.97935668949112,26.565409423408894,28.81253204634251,30.767163961854948,28.628578193263287,36.126918565420326,30.15682638665684,30.815095436545242,32.760422798395865,33.415444857036896,29.29625636063943,27.34524890734333,15.629823324503592,31.81742363188835,27.154327272530537,27.572640341391633,29.708031431256767,34.90435870108356,24.94278191533338,28.973101539207022,30.69985206523021,27.110999493679074,27.09181327487109,30.541107595139085,35.50595900736718,37.01107398867493,25.250623617542395,37.15944108090463,23.102228948869335,37.55887980012696,29.927254959195228,34.10107687309828
1610555608.17OpjjHobqRkX0UPcaXrbu7K6L3805SZri,34.27179501578185,30.230376325970248,33.71940402579231,28.675323616409923,33.051792337103315,33.31734781326137,32.62362204843911,34.04580137012206,34.05011533702634,35.243607127068934,0.0,31.914345517061452,36.97514855149117,33.5384277441087,33.425776583162076,31.775878106011803,25.836469433018685,30.99585580061987,32.85597881080473,33.4072271008134,32.57006821409167,32.12505426099882,32.44381210492094,33.95124862261982,32.467710004248175,33.45403902549723,33.10843654554679,32.58637928396232,32.23696082131647,32.298945219945416,33.89563259363494,32.43058108603459,36.51668798511575,33.68637095136373,32.43250725172563,32.03660470845153,33.633306654683395,33.879088736333394,32.051698821277455,35.8492717400141,31.917001571295383,29.309990818426787,33.0983466509336,32.351101913120466,31.21751419062037,29.429608101624456,34.90928732783434,33.595259107078526,34.27629430101419,33.375298599245205,32.84239264102021,34.07697714791325,33.969169519291455,31.971756681193213,33.08998481480565,32.43593418514532,32.42571978520307,32.605585991358325,33.89390517839696,32.63675479993794,34.08308624550477,32.130069121494635,32.4832692194048,33.19426971876932,32.696915768740276,32.63120081971133,32.84379157714107,34.04274388182691
1610555721.82zWeNZfGUUfRJkgnAwlP8VMhPzXctnSd4,28.06232213333873,30.594075871242808,28.172065397453057,27.443940984653608,29.558051436366053,30.855147681422608,30.23869274807487,28.045054836466903,27.83273221043065,30.659946544732684,31.914345517061452,0.0,33.611267624151274,27.980279468615553,32.62404607950101,25.970948768661238,33.78843499382965,26.999458808094683,29.917647212340466,25.351085019487424,20.499272469205412,26.7859890720018,29.81434110723637,27.79561729696761,31.083901694723476,31.219495737822964,29.546401671632847,26.706211275477102,28.500675377594124,30.604954641746836,30.098180956731067,31.812173552789634,31.656987308290844,28.48651570478395,25.876697767238124,26.935233170091557,29.168618734707042,28.174015810118078,30.25074228399852,32.25393140584023,28.759874954455505,28.8673669363418,31.288732394909676,26.21738848774011,31.372573347633075,32.238859661253734,30.122084946092198,28.013225855045512,29.040059447482186,31.351955423917683,17.335228936847656,28.548870959985113,32.92556593069415,32.18355820953407,27.493882586526148,31.112154285440287,30.65740015507141,24.744820218036978,23.936704882220404,32.00874787969549,33.05183327083734,34.93908215528738,26.05775631958714,34.7739400186656,26.340354970620574,34.155395487315715,29.816103427517714,32.29356857072119
1610555735.75bom85BDF0C7W2eIseHeMxi24qR68nzMi,28.126129958188596,29.25145540501586,28.023854624890177,31.769500406205264,30.19038426329947,32.33925313709552,30.09350242886439,29.073138989318643,29.09759271897769,17.65013512940588,36.97514855149117,33.611267624151274,0.0,29.797868262901964,34.17849986597164,29.999061971244263,38.88803462156185,33.07611126433963,31.62522752002053,27.30086807545277,35.45127859572883,37.36926653855641,29.47577078422312,28.571088437544542,32.95640691853371,33.25697167299373,29.594101144212463,34.05503729645339,30.56161906478233,29.490240012286826,28.912915819168333,31.370904394004956,12.523559819543921,28.19317094827029,32.12911528279718,34.80570572021347,31.164680391275194,27.809609639897403,31.886700442047857,33.283088480798575,31.09238410808138,37.94927183577992,33.02815939672107,32.75476693904617,33.571638300307114,33.72578600592751,32.392107555854565,31.434485680857502,23.601216812432277,34.77996743471477,30.775918838524703,31.54066764649035,31.87833334215814,35.714796562976055,28.55451099577654,32.6721787430855,34.36033020856927,30.71220478688242,30.614612419901018,33.31844229302208,36.66485273707633,37.621156902224655,27.65426700879321,38.81019658126264,28.110867445894694,38.13565064723724,32.94088011749898,35.452284767348544
1610555735.77NnT5xqKnwcf2BbjIekeb2arTQj6QMNwk,17.640205575871338,30.537021900083417,16.774928157288016,28.14390815796546,21.537958858691116,25.546487534757613,19.66278530531003,16.068240187711808,19.02281104046432,25.873763397919255,33.5384277441087,27.980279468615553,29.797868262901964,0.0,30.34778684483321,26.064727473255065,35.41650543955264,31.89222220269655,22.748607159163775,23.47728776401642,30.562492386262726,33.025182035373206,23.869759505435148,17.14679545258504,27.40320481998011,26.11217538475102,23.14470858254659,29.43811885475989,29.645781014376016,22.474433077875354,25.701823503132683,24.88027169156574,28.52648425166804,28.109789190268266,28.337427628742805,29.01549464229247,27.39024573797062,27.484409711227187,29.768476157622786,29.568183177188995,27.75357755052667,33.64969292080477,28.64487212884315,28.069316968876134,31.48276441998472,32.824171633466996,27.703814833019067,25.239328420188485,25.768046507530737,29.707088118608375,24.48838168813105,24.109721951315162,30.244028572572656,33.99400730140578,24.32733477680097,26.74684400182102,27.43127065947114,27.230460821731942,23.641535119695117,26.50067458457701,33.747371552332964,35.581741745813446,27.56030414045757,33.752261861433624,26.289227189983162,35.21161985030436,28.02179982214219,32.17116187039145
1610555638.33wjf1PhdNaoWfbRzXVn50hmFyB5bYAiLV,31.236490382692562,32.44127944930809,30.910179445583235,31.894932991981428,31.31354729291248,33.10529080073592,31.067453546827103,30.976217093306648,30.35138656387518,32.92054369595211,33.425776583162076,32.62404607950101,34.17849986597164,30.34778684483321,0.0,30.62122892756781,34.8294740617698,33.13797515730382,31.655955711690382,31.246117748124203,32.78375489560698,34.16932969469292,31.56897120611885,30.726608993428247,32.942681411652416,32.31513120636571,31.302551873341393,34.045805168807206,31.226022348306255,31.28099532016957,30.525290783322372,31.6632812279492,34.03755911677073,34.061541936323174,29.469934448878323,31.47507861607835,30.399811871079798,33.5853128833555,33.177763993608544,33.85036650550128,28.57077210843796,34.706683351092686,28.82682815752094,32.27675085925923,30.008737732639137,33.30386046403081,32.035034097609355,31.14041187458488,33.63553238875154,33.3715590775466,31.056653855609884,30.993313607000875,36.224067968179476,32.679375120497646,30.715150125405415,33.023932604448206,30.257543900178014,31.47580229197675,31.928744437725562,32.34005296854561,35.93221246469968,35.08031279592428,32.96849635835415,35.91810030787658,32.92689103637584,34.66229560704001,32.84208591037045,35.63383574142336
1610555606.65jCE4ig8Pu8kvAzkxnSGfWsV0nQBjCf8H,24.909417708594976,30.206522971310992,24.355246433095964,27.433221124408096,25.646953167514614,29.413090077420573,26.393815195561032,25.23275230726115,25.26804701430061,26.385530427241374,31.775878106011803,25.970948768661238,29.999061971244263,26.064727473255065,30.62122892756781,0.0,34.06775721014902,32.376773284497126,28.90472462284574,21.162753744726253,27.57384784172457,33.66391412710514,25.7046380380473,24.905364331580266,28.4997083636661,30.247824255770773,25.065284296789613,26.887820126589354,26.473877956501696,27.30095250976549,23.93826047556151,28.773229553162473,27.65933555538682,22.00056489296125,20.623277649014017,25.241724763526292,24.478149696040806,22.128074434156886,29.54998743734764,31.201874105771083,24.95554782247417,31.985010979507607,29.254890900674503,28.638677043087327,30.885627780759595,33.14315894454827,27.565059486250053,26.063272767530577,25.59294642016344,28.651049082929898,23.877681638042922,27.18568773789012,28.761273851085313,31.954665345034712,21.839503269408294,28.409586480177683,29.36395937627573,22.797302105697018,24.933032743695797,30.363268802175217,32.21713657292342,34.325988884559656,22.265004154151537,34.291094827846365,23.97356278172795,33.9142795873492,27.038580214124043,30.479412747227673
1610555608.18ONsBCVo1i7BrX0XG9stct4oiA6ejX9Oz,36.15308691535016,31.976897948444716,35.647714917086844,31.441921981040508,34.89949355014021,34.95205771884928,34.57206691339619,35.92495151198794,35.79152309189569,37.348265584746535,25.836469433018685,33.78843499382965,38.88803462156185,35.41650543955264,34.8294740617698,34.06775721014902,0.0,32.33706842481388,34.50147427828768,35.55487587072807,33.92092460744582,32.87726306469262,34.30628907526246,35.93114918183496,33.41910137831705,34.03540251104299,35.27394689587017,34.162474331812426,33.50109054320473,33.91410865411187,35.641787879537915,33.45329105426463,38.64123876859287,35.72506764546329,34.14535774088518,32.546779708336615,35.52192275402145,35.116998493027346,32.483005385509834,37.53038168816392,34.25341014048259,31.03396507839584,34.76262691806039,33.81507628769862,32.02705050522244,30.6783047913005,36.49717077655119,35.58773443971109,36.18089392283346,34.806550863969235,34.89898434366089,35.81835272816879,35.78220834241269,32.01360926698886,35.360655959057176,33.543912360185644,32.900845612334884,34.573474660919565,35.74142864766858,33.65954723138525,33.8704126537531,31.6918650308069,34.38438731854781,32.13852055888731,34.53177322579731,32.39620991392876,34.53681520766145,34.4724586662726
1610555721.51RNoQUMP19FTMS79BmA3JkgSm2IC2AQuQ,32.160653272164275,16.32605984646282,32.35836176810502,28.94549429509579,32.358538391723656,32.33147752858843,32.189011425582706,32.2174425245431,31.909467643273516,32.71868406131913,30.99585580061987,26.999458808094683,33.07611126433963,31.89222220269655,33.13797515730382,32.376773284497126,32.33706842481388,0.0,31.208593765598202,31.712238039167012,30.769641775613206,29.677069246147465,31.581508477655802,31.79507130647742,32.75087729467209,33.1994965590152,32.934139142857475,31.626820576263793,31.442246527867507,30.876853808601286,33.38244132622748,32.4993643468715,33.271401689233485,31.848708728806667,33.14623032505425,33.61901409398253,33.96203380129339,31.585686629350768,29.331440526930116,35.65059576074011,31.279435318370034,32.21447874296999,33.78850595192234,29.80282113915534,26.355126548664217,20.856951661364878,33.50788040204084,32.840318668267564,31.855739255217664,35.15205821184428,28.32145245085238,33.13619332311678,35.02360154537418,32.769843420736635,32.62465046188105,33.26257242281932,32.07509868062595,32.03333561375652,30.270245918118036,31.96594117316214,32.42743537196547,33.492811972997515,31.075144465063893,33.41839763642046,31.216526871559577,33.39073277887567,34.263361848909526,32.3463093772967
1610555971.86O0cHB2ibBJ8jxoObg01EpGe8VVV5mpwn,22.706397010045535,30.394822146117296,22.690305063521986,28.20164201184231,24.77330060121547,17.384491368080052,23.7470653783466,22.81755995498874,21.13611867621743,28.961611298353297,32.85597881080473,29.917647212340466,31.62522752002053,22.748607159163775,31.655955711690382,28.90472462284574,34.50147427828768,31.208593765598202,0.0,27.13475815224718,30.940002843700142,31.50003286664624,26.156765038021042,22.659572397290443,28.884209319940364,21.521412348209218,25.405604592544815,30.74157548620459,31.74010870312164,22.86787113522864,28.846895231454496,24.316371421352,31.329318666373155,30.55543402349565,30.05541969248001,30.55578712328186,30.43539772748498,30.497634764440246,30.131133073010496,30.186926005550042,29.847237716296977,33.65257689756658,30.547146804724036,28.632046267898907,32.12615095392186,32.23847783700889,28.49790282805146,25.939808111858227,29.034666856855758,30.572555288999997,26.855994554494796,25.04903738689491,31.321389897996944,33.72658015287723,27.57181808120801,27.92391425245866,29.881247109277755,28.895530985552856,25.775470696961808,25.04744763081045,33.26016733929056,35.188951259607094,30.32448134037136,32.16761074518074,29.62305668372883,35.04522830295096,28.459748484051367,32.172084593573445
1610556911.51zU3duZSGpcw1BDNsBLxdOCITAXwl6z3i,21.72424002129761,29.147464781690015,21.291716120432568,26.892803492324383,24.04475812801918,27.915550048171074,25.244963787772164,22.46686372471058,22.358867891963037,24.516462620889296,33.4072271008134,25.351085019487424,27.30086807545277,23.47728776401642,31.246117748124203,21.162753744726253,35.55487587072807,31.712238039167012,27.13475815224718,0.0,27.238850399429776,33.13465016575966,23.97411032169179,22.13465994273712,27.88922672678492,28.74901377095256,22.94397177745418,26.93681398024406,27.36472480662147,25.75904906084507,24.13064055150723,27.159800973771134,24.901237846519603,23.574511819619264,24.35609614805201,26.589215977276883,23.647898578669782,23.385393384963958,29.323326073358132,30.973394685444827,24.806724942744975,32.28328393719228,29.051658046454342,27.049660124642294,29.505431394379617,32.845227757975806,26.57811271822,24.324249451210946,24.497602485101208,29.669913032793122,22.769622488498744,25.72642391285347,29.895330682846858,33.299939715005216,21.066970709050143,27.611005865922223,28.811355598063045,21.69687276821948,22.722305532127365,29.47519675091811,33.846859356622296,35.19138347905668,22.439150259758453,35.29874234115373,23.279386591890265,35.20503647567692,27.274337700273012,32.49198890118856
1610555988.71dMoYT8250UHHJGxgmITTmbHe7V6gH1yU,30.35573286737713,32.919942253629344,30.326739958809345,29.76825011607261,31.038149075044192,31.683380702698095,32.35587948972521,30.299968159075338,29.15900898247539,32.6257473742687,32.57006821409167,20.499272469205412,35.45127859572883,30.562492386262726,32.78375489560698,27.57384784172457,33.92092460744582,30.769641775613206,30.940002843700142,27.238850399429776,0.0,28.679496216948692,31.112638147925235,30.14965667838234,31.80335153374499,31.55195151581706,30.880441199550628,27.757817168746854,31.113286664792145,32.57920990572183,31.157397000857827,32.83385454335173,33.64644909511121,30.8930535288511,25.98438187400105,27.877475923764106,30.157297744916633,30.595873731973256,31.73971552931262,33.751268620934844,29.906809798346433,29.431308652776604,31.775868285512125,28.608828125693574,31.980711793981005,33.05093729637207,30.673510494493048,29.698783718350366,31.358642057370382,32.04755456074037,24.010593814152763,29.937019001146673,33.848383550442534,33.133663271059916,29.316721763659576,31.820719353254866,31.415293818590463,25.21463555363201,27.43193401241038,32.66375536059533,33.45768707731188,35.3749368665626,28.919002668025836,34.63954401324906,29.08828188134983,34.6088208993842,30.80861452675345,32.915527368694335
1610556042.81mlUZsSp7gbGjrp8jQSnybT1gPy6e62o1,34.21945898124638,31.54697101256263,34.07017531468088,32.12236549525513,32.97607906865882,32.713710306103195,32.81103640205214,33.908915065096764,33.52274522301228,36.2241803826864,32.12505426099882,26.7859890720018,37.36926653855641,33.025182035373206,34.16932969469292,33.66391412710514,32.87726306469262,29.677069246147465,31.50003286664624,33.13465016575966,28.679496216948692,0.0,31.35346497610091,33.93390376841319,33.08168743497192,31.839358353246684,34.10199057748091,31.679593740462213,33.69201817102079,30.454954126629737,35.700625556988626,29.9982562576128,37.09802593824578,34.737800180493224,33.11522889695637,32.642262619721684,35.19461050078264,34.18432339731065,32.88061954796203,35.64207112533376,34.50766926209846,31.887345650861814,34.94126804749484,32.196861010569904,31.73972412638036,31.78850580930541,34.40623766188751,33.14690734855829,34.057707841382495,34.05147575109123,29.696394566969108,33.188001720422335,36.70281774055002,34.12068938848253,34.93610939275548,32.896252181303105,32.40563638728559,31.605251534403273,31.70925308626599,28.789620773912436,32.693338186269976,35.56062157669439,32.8767135358917,33.31627287391282,33.02263548723958,33.1737015516702,33.6195770074248,32.4658564124889
1610555637.02UBW5nKvDyUrKnaWcYRGajZPxTRDS0q3N,23.05128054889405,28.82073916910521,22.60137716050433,28.9490710649804,20.286811467920714,26.18450583283256,23.015740054006354,23.587656384212302,23.31580242705368,25.245164123621063,32.44381210492094,29.81434110723637,29.47577078422312,23.869759505435148,31.56897120611885,25.7046380380473,34.30628907526246,31.581508477655802,26.156765038021042,23.97411032169179,31.112638147925235,31.35346497610091,0.0,23.096315653945798,23.674599165165017,26.42451233368553,20.65524101814632,30.455518547753023,29.48000392694065,19.86868425381469,24.213939179303054,20.739735048110855,27.845305886011833,27.686964996199656,28.221263377421312,29.0190289784002,26.82504612147133,26.08940947373949,27.409585869122367,31.128159517848513,27.819322644915452,34.067232974726934,29.081957561404888,30.18595212451361,30.462020852125434,31.227371320829775,25.41067358089196,25.396802385565596,23.54005816135573,27.59237315872502,26.76698208511494,23.99702993393006,30.00679554896455,32.68389831577014,23.500770951223036,20.384067534423853,27.509292408186468,26.328607381796367,26.091573688374698,23.85017759829309,32.74286334112213,35.050615433546845,25.4473954844872,32.99200541800734,24.68813310482837,34.4056687814577,27.59473736248058,32.54326508377557
1610555619.13oUYNikU4facCTpUSiSLr0vPI0tJLnXiT,9.369277201359301,30.19517706280366,10.924519728519716,27.664936226167704,21.728456663422083,25.538259294637704,20.461845147877636,11.21788458565646,17.46508275571055,24.24386877807917,33.95124862261982,27.79561729696761,28.571088437544542,17.14679545258504,30.726608993428247,24.905364331580266,35.93114918183496,31.79507130647742,22.659572397290443,22.13465994273712,30.14965667838234,33.93390376841319,23.096315653945798,0.0,27.20042008973731,26.028085263562705,21.706912929359515,28.928808662394836,29.11160854482152,22.496163828504166,24.51875400318254,24.910140370433847,26.994475249853156,26.89174057547176,27.162603755967616,28.634141886918794,26.538815620310764,26.40541230761884,29.180507650824996,28.729413553328488,27.026138288688816,33.53851211154882,28.173489488829418,26.731550488262695,31.787575172197997,33.187341342055745,26.723108181253416,24.192339604351144,24.431681631532022,29.527878151895873,23.342237186409843,23.591858766238794,29.472002181463196,33.67841737103232,22.738159457835692,26.358932604841616,27.89058030121183,25.86572848282487,22.713598972889923,27.067478656270026,33.72287763366303,35.93048115760701,26.045172185858732,34.131356785632875,25.041935562570067,35.494741316997654,27.102280649794174,32.41279385853572
1610555721.03nzkucfjAUh31zTbmCVvTVYqtjoxZFnBh,27.44446572991657,30.658940093603185,26.839322452623797,31.61590689999032,26.86078534948787,28.41324917590124,27.87326933912937,27.54998946829533,27.34932064824685,28.950064137710356,32.467710004248175,31.083901694723476,32.95640691853371,27.40320481998011,32.942681411652416,28.4997083636661,33.41910137831705,32.75087729467209,28.884209319940364,27.88922672678492,31.80335153374499,33.08168743497192,23.674599165165017,27.20042008973731,0.0,29.0588655202779,27.490108365155706,31.151145089226777,32.02952744621687,26.46275427489952,28.56188903089534,26.889585446662227,31.295525718469754,30.11420538148171,29.848306299116835,31.064567317676296,29.546912341102004,28.68680833140674,27.77905657771751,31.80164455939979,31.083432668850463,33.63462664633216,30.55586408443553,32.11874951479969,31.705356748982926,30.557031140061056,29.18290925991674,26.013400416163016,27.14146610054761,30.720845557615203,28.57648322860479,27.533835537093243,30.914805495071988,34.1190130723817,27.422643806130864,24.059540556152932,25.656140132810926,28.06471184808804,28.339779234109887,25.088834060076717,32.77905676910645,34.59220384614663,28.304263093608604,31.56094797410522,27.81863186930143,33.970188866438185,29.408599179257063,32.77070351318915
1610555722.67fhKURdXVzRbLIjXmjRwdJHTnE7PWb1AE,26.266159921399073,32.18224792005398,25.93929359690276,30.536930754501014,27.344939745096834,18.640738130513505,26.285533786381933,26.082892717973657,25.73197448277486,30.689133947879228,33.45403902549723,31.219495737822964,33.25697167299373,26.11217538475102,32.31513120636571,30.247824255770773,34.03540251104299,33.1994965590152,21.521412348209218,28.74901377095256,31.55195151581706,31.839358353246684,26.42451233368553,26.028085263562705,29.0588655202779,0.0,27.213513850289935,31.599856526347004,32.29335237294653,24.911429128648447,30.181499977116253,24.925525114186307,32.916571532940864,32.05272926829397,31.183143661882134,30.726960490829132,31.56158860068635,31.97377225802807,30.810035713683703,31.468532539697033,31.70669097980859,33.288649026843544,31.397187536397542,29.885923127467006,32.404709393898074,32.56355443464328,27.61207878342465,27.319554739463403,30.824486961095698,30.97937247650958,28.413363156780136,26.502144142002138,31.70427609946834,33.931227545144,28.953748340096308,26.713410384514873,30.672638323584565,29.783154566514877,27.76229358270373,24.95535377483062,33.28954630926515,35.09540140826867,31.581705492956367,32.10989114761297,31.266007936984945,34.356733062290516,29.64674009617642,32.62741686939716
1610555638.39J2ZWBLuLTHP0jOlzB4tNHmYeijH5g5YJ,21.600842160994922,30.837115263730773,21.151175397883005,27.38633896674594,20.279322708581148,26.743753783620782,23.27914054662475,22.317590061362797,21.89381040012982,25.302308667700824,33.10843654554679,29.546401671632847,29.594101144212463,23.14470858254659,31.302551873341393,25.065284296789613,35.27394689587017,32.934139142857475,25.405604592544815,22.94397177745418,30.880441199550628,34.10199057748091,20.65524101814632,21.706912929359515,27.490108365155706,27.213513850289935,0.0,30.19797119518212,30.07153112223807,23.47014895974645,22.945999402069518,23.319255760762616,27.956518438191125,27.889225666311063,27.83615575198804,28.822545833551406,26.64943356115908,27.27653847159969,29.86372162470184,29.897756765281965,26.42195062628683,34.13379302799573,28.120410801078297,29.75648948373498,31.76648637915437,33.78837395086611,25.35372039474253,24.933781603814246,25.52487689432738,22.8363917897976,25.868837260859422,22.910392293651665,30.503955645717834,34.22210938443357,23.459680425888422,25.954688977679677,28.86344791598468,26.000738685100597,25.08732610241936,27.24747279649364,33.98023919832172,35.396994886412344,26.558458070410957,34.537063163972455,25.92046775128656,36.28141620591027,22.91040751517678,32.7371609659335
1610556032.17Q6yCDx9g7alRnL9jBFXD2JhhUyB2hKfJ,29.12685996702478,30.52163648134892,28.69485832827349,28.174384151929626,29.783016980687933,31.721356705904025,29.782624411567877,29.050683386815845,28.75452506108286,31.217043211122704,32.58637928396232,26.706211275477102,34.05503729645339,29.43811885475989,34.045805168807206,26.887820126589354,34.162474331812426,31.626820576263793,30.74157548620459,26.93681398024406,27.757817168746854,31.679593740462213,30.455518547753023,28.928808662394836,31.151145089226777,31.599856526347004,30.19797119518212,0.0,29.89993174548378,31.057274265459203,31.130685135992557,31.803228900326353,32.19732644403277,26.434993248801852,28.84659072770156,28.223282437002094,30.27622718742753,27.685151291365155,30.608853363264018,32.34498536468287,30.999577894284204,28.843129218159913,31.01788944909779,26.880757761705393,32.272897795472225,31.901090445026913,30.772437524624518,30.127564233620205,30.4102766417906,31.827340668029148,26.079220416824615,30.005928931851148,31.480619594953094,33.35020233260989,29.095118898132895,31.785454133030807,30.60125043134992,25.488338086236517,25.474995732701327,32.1576026649725,31.87205566328129,35.67018052835479,27.385804845563776,33.81848225990306,27.908523219088167,34.1479792407295,30.922049407616694,31.126870259902823
