,1610555604.25mOvVXuL01OCiReyVWBfesjuvXmB3MoPy,1610555605.43B6oDsBtWRQ29Q9UMQuTUEPZy3FSSWXzc,1610555610.92HPGJJSmyPM40z7otPBgHalNrHFA7zk5d,1610555606.68LaSQbm9EHAFycEfFtEqAwYqlBsQPjIRW,1610555617.19EKxMEwDHfXiEJZc27TsGoERaD6Da4BZU,1610555722.52PJ3FD50MGhRXyUD28vluU8Z9UjLJLZn4,1610555617.52Ijr5puT55g9apK8auM7zaxa3NANg502t,1610555638.77ZLjTLkz4jYJdFMI2wWBztzsDILkoOtAk,1610556912.46C7tJPLF0XfNnm8f1820X9aLmXMHoc0Dw,1610555617.51LjzIROg0aeCP2GhDcAVQ0LipKJB9jmKc,1610555608.17OpjjHobqRkX0UPcaXrbu7K6L3805SZri,1610555721.82zWeNZfGUUfRJkgnAwlP8VMhPzXctnSd4,1610555735.75bom85BDF0C7W2eIseHeMxi24qR68nzMi,1610555735.77NnT5xqKnwcf2BbjIekeb2arTQj6QMNwk,1610555638.33wjf1PhdNaoWfbRzXVn50hmFyB5bYAiLV,1610555606.65jCE4ig8Pu8kvAzkxnSGfWsV0nQBjCf8H,1610555608.18ONsBCVo1i7BrX0XG9stct4oiA6ejX9Oz,1610555721.51RNoQUMP19FTMS79BmA3JkgSm2IC2AQuQ,1610555971.86O0cHB2ibBJ8jxoObg01EpGe8VVV5mpwn,1610556911.51zU3duZSGpcw1BDNsBLxdOCITAXwl6z3i,1610555988.71dMoYT8250UHHJGxgmITTmbHe7V6gH1yU,1610556042.81mlUZsSp7gbGjrp8jQSnybT1gPy6e62o1,1610555637.02UBW5nKvDyUrKnaWcYRGajZPxTRDS0q3N,1610555619.13oUYNikU4facCTpUSiSLr0vPI0tJLnXiT,1610555721.03nzkucfjAUh31zTbmCVvTVYqtjoxZFnBh,1610555722.67fhKURdXVzRbLIjXmjRwdJHTnE7PWb1AE,1610555638.39J2ZWBLuLTHP0jOlzB4tNHmYeijH5g5YJ,1610556032.17Q6yCDx9g7alRnL9jBFXD2JhhUyB2hKfJ,1610557007.49MyVgDnuUuBxrvL6SGOdhKf69VYlW1MSm,1610555638.44hjT5hbYdKoE3MB6hijrjqbjmLgvCUYKD,1610555608.13zUvmFSCRt6SsLbhqFznMEvGx54GPGQzM,1610556038.62a5C4ynd1AARyAhTv8a58NCqHvXRjscqH,1610555644.45Xse8u7pusHNsd7F3d0A32HXvXr6weOJE,1610556038.62gKXOCG7XCn55eJvyl5voNjbwOW0znQDq,1610555987.13v0oleKK97pkesp6oMgprH8SoSdoDVdIO,1610556964.96ZLLeiQW0qpmxhPGTg7K03fmzkqsC2bjC,1610555987.13VQlEedQ50VvkPMEMzZDv3KNnQCewykN9,1610555982.186TY6MMGkDecIN1woW6vsfAMXVV7jnyjO,1610555982.673LuMndkwkvdmZOn0MmE2Pkidx0FtNalb,1610555733.38zItcuH7gHNfKdALR2d9Nek6bxCyw36Vm,1610556034.15BQxSbZINGCay0yp6RBVlgcPrw76Yn9ON,1610555639.37BPZpgtGml8qUsh9AdV4m32jPLfI2aNFq,1610556965.57S0adAalhWYe6K3bkZU0bRHbqnDK8gGkR,1610555983.54zteLPCMjyrjzPdhHhlZr3faCgD0TfYr3,1610555987.79rHnNRmt9a0ufmnwCvZqBouyUoZDNpylW,1610556960.041xWER61rmArlsKfiMl4frikWmUCnQ7op,1610556035.13a7NHZDutfTMJ88qle1gTYY59Dr4WmMsj,1610556890.456ZBDaY16bMtrTZTqAgHl3wq1tRxzqDow,1610555760.24e6890pkbyZ97Or6croI1rQgjkSsR0yVt,1610556043.02YpWMIJg3W004iqlPyv8OcVAZdSC5rNYw,1610555987.03z05P26TLtONYM1HSzupoc2CeNMa6HTqr,1610556032.15OYCzUxpsz7b10AXBAuDXrvEcvxFhf0M7,1610556032.63Z80yI9pNwS3jSmsDABbuhf8wkNa2Ze9y,1610555736.28eGuESasTXdR3SqY6pHhEXWZtcdciYLCO,1610556034.61bebeZA0MkaFG2sm3VKiqrxeqQginTTW0,1610556944.5XwXOphKYT3ZkWA8gViqOS97VHVuMVUqb,1610556944.745UVLFBzf7fPh4UH37I6tYQOFPqRDytEh,1610556034.63XsUwaFaPZevO1JNFjfhvY4aKNFnV4noV,1610556964.89xwBHw9faT1HjQRMNQEyA4qJ3hWkwgj3k,1610556966.74DydzH91jtyvRyYau47JpVkZoMRSNTt01,1610555740.77UueVziDbaXyRR4OcVJIIZyzOfAzN51bj,1610556046.84e3vwjyRCzqz0wJQhrk8zsxlFfFSv98Df,1610556137.99eoPuVrDThKAOvmeprLPb2FWRqIhzUodc,1610555740.73XFwSrmTXJPlaxGZSefh0jOVA8PI3III1,1610556123.88AOfNaz9jSnqU5Czc7okOv1RCrYfKFBTo,1610556046.85nB7NvyoYQeLcOV391Lmmut1wAM8CFGLw,1610556123.89H4pdIAzDthI7bMXMhlIhKUYIQIvtmPPQ,1610555740.87GOYQUJKpkynIS2lFqppYK4b32ol7NeGh
1610555604.25mOvVXuL01OCiReyVWBfesjuvXmB3MoPy,0.0,65.67921768942801,27.35592251285218,62.20605386748537,45.47528275556569,55.53825713234535,43.63673868761324,31.385148890947196,36.25315554534903,54.15829236723661,67.43690428081908,60.76827795937564,59.50835777302727,40.2092370379881,62.04074116613318,60.89950663521039,68.91458607622464,66.20257917964229,48.90422759730077,57.80569363271538,62.942419252816556,66.88284117896788,51.303946001463345,30.343808247548814,59.48148590851913,55.095482939013024,44.38950920471273,64.45304345396801,64.01677536918972,48.53240204687206,56.13571663679784,50.18995845844197,58.18667546057009,62.34463050367947,62.1278360217832,63.23850857346291,60.97893434497746,63.26414043015777,64.71188549621652,60.753739174680845,66.3494606121777,67.37205693470372,61.94766758682888,62.25976777734442,67.23038055666616,68.64573662601077,58.54079936171833,50.03782784682829,54.53625487085827,61.14300846662525,58.244399812381964,50.34181374188515,61.37483789527233,65.98036135808387,60.0371661387964,55.2234510470589,56.80433211981569,67.81905523582864,53.96329077454565,57.10741939474618,63.10106105696191,69.69626560836453,63.21379426614351,62.00969078517914,57.86440732401527,69.6368582385064,59.89849199113697,61.43681147809252
1610555605.43B6oDsBtWRQ29Q9UMQuTUEPZy3FSSWXzc,65.67921768942801,0.0,64.99516799217253,54.86218618025444,64.72200545596633,65.67345689998511,67.44652324860711,67.3252814717342,67.46908939396955,58.695321989584016,59.36016366099078,62.10385491486052,53.450223216906586,68.96869635117955,61.58144740268365,60.05324448192561,59.903726799621744,46.203116551589346,67.9121128833874,64.91971081004014,61.90718030251048,61.03109876922385,63.43697107406416,65.98149946849114,64.30358362280597,66.72554067557688,66.55088612017455,64.31099155797712,54.6250875202455,64.33167428022288,63.14727234732424,67.98017920239687,56.9108739130693,60.985260049209316,67.12572605886835,63.726778045792884,68.64951855084918,58.986144120846824,48.82750033897314,71.22320677024615,61.65793670076955,61.02044062890485,67.79222283577191,57.89380967544273,52.52439501675553,50.50794472259285,67.5809148834408,64.43721072151261,58.914084470238016,66.21882938541856,65.45132827566161,67.18361683194269,60.66358018663073,54.44021766765846,63.45372289974917,66.5943809155753,65.56984396531212,66.2511134032923,64.98134851715807,63.831909938477025,60.83276387300632,60.92474499292422,58.981672864191616,61.605701866538894,59.14074119665259,59.75618531101987,67.32953306972796,60.876438478216606
1610555610.92HPGJJSmyPM40z7otPBgHalNrHFA7zk5d,27.35592251285218,64.99516799217253,0.0,61.0420259716973,44.61111287855025,55.339834518383604,40.41585620888601,26.407634358880074,38.80523236681837,54.2715460746828,67.158173903445,61.50250132926228,59.66551980208448,38.76090880662986,61.92613477798419,59.66032410716619,68.59472658080523,65.37798575554179,49.22854294971107,56.62432340787998,63.27766939974161,66.52620474877503,51.068483887763854,23.51250242617887,59.63736407238749,54.768138419199396,44.081833868625615,64.46323573269179,63.28687729938797,46.24653672026908,55.581021598612885,50.6024042955158,58.514232564176595,61.39781258499414,62.278453685834045,63.0889599156458,60.87586132925618,62.469461124109934,64.23490561877209,60.71592427767449,65.26007395754134,67.49439676807292,62.296619167707206,61.59774878569192,67.18544728060506,68.65229144910485,58.97756133215856,49.89379291865562,54.17474204663905,60.528659690023,58.66566283865413,50.6842219459218,61.23407555238648,65.78463850347609,59.22201027300725,55.875588978762345,56.44969182621487,67.07883091373499,54.361885355224594,56.600854442611734,63.336026996801806,69.56902159818165,62.223450613965085,61.93591779956548,56.98227560036694,69.42362391066179,59.02589679771032,61.606194688139944
1610555606.68LaSQbm9EHAFycEfFtEqAwYqlBsQPjIRW,62.20605386748537,54.86218618025444,61.0420259716973,0.0,64.03374733973475,65.57300212697439,63.87805415211141,62.632506735632774,64.29586528038733,64.34502240135737,51.80032085160304,55.97107899717319,63.65209135223368,63.73949974850232,58.57808227759788,58.16827410306805,58.33660606841897,54.42508370501988,59.700660185623825,63.91989991391653,55.61454370863102,57.042213999748384,64.94994002122348,61.94006681546252,64.57368008859173,65.44756396574155,62.46357514544151,55.84161188715193,53.88440866861032,61.99134158820047,64.53145219043236,66.55542108442955,64.72347381963637,63.72327959902864,59.818782979289075,52.997003835667016,62.5788742961227,64.02660390579742,53.501384263182075,62.7721534535865,56.831497074316566,55.130314265454935,55.79513335927627,54.73344650095241,58.413092020460866,57.892532907792464,68.43501627044171,62.76568763496001,63.70675859915592,60.797598019223976,59.19765599512989,60.79027039959469,63.387955234810484,58.108163603046066,66.3942667925228,66.48518496089517,61.89307268092831,65.02288976370261,61.59547129027312,65.24867727375236,56.20850180143217,61.145497138361875,60.32979579843057,57.509147986206166,58.282008077312085,61.128037910367176,58.547461903712,57.00870522338519
1610555617.19EKxMEwDHfXiEJZc27TsGoERaD6Da4BZU,45.47528275556569,64.72200545596633,44.61111287855025,64.03374733973475,0.0,52.650611484282756,43.69999452868536,47.57384956382668,39.26910921421501,55.92743973723706,65.06154208407972,60.80664096423354,62.40751414000078,49.21062646050702,63.03778387030692,60.98528457698275,67.02383101128703,64.36330273587035,51.86174688932424,59.34337508291861,61.90347424803667,64.95166521493626,40.09019916711718,46.97003954395191,57.02910777017124,51.93750241311708,38.30381863679722,65.89336017020345,64.15047354845808,42.92240852743117,52.69948274009252,43.72045157925535,60.299540038242135,64.17557330251265,64.08753541227657,61.19118425683151,60.25581500622004,62.196077615327326,63.339578191243845,63.9453150782232,61.68438777531286,67.50402753515228,60.7538591657523,63.58232604214624,65.22140110522592,67.3469607077742,54.65584312940464,51.265162558288374,54.44850708547789,54.83763947832269,61.91249000878935,51.85496086585186,62.99299836335933,64.73190710344619,58.49654750590095,48.343773773344026,54.360275724368805,66.60482108659626,59.529224864285176,48.46880616036514,62.79965827762942,69.10985947409407,62.24306912742328,60.20212775031808,57.4237618323237,68.3040670239831,59.85703856934391,62.11098625094951
1610555722.52PJ3FD50MGhRXyUD28vluU8Z9UjLJLZn4,55.53825713234535,65.67345689998511,55.339834518383604,65.57300212697439,52.650611484282756,0.0,55.08414390625448,55.95542284112275,52.29529476809255,64.918798104801,62.967792695598376,63.247487521967216,65.88739597339162,56.88321325126089,63.51184196731402,65.6476880596479,65.38395836615582,66.27439224702832,38.76070761712266,67.70082480694917,61.85221884593553,64.53727471445933,52.26064235232894,55.20056244542758,56.23869867489203,31.09637564851725,53.94971590881378,61.95643911442794,68.84752671551398,51.71217402437691,64.16193328184636,50.03268021334254,68.424565535332,66.54354805274895,65.35030567554215,65.241287966617,66.39804412569345,69.10993930541454,60.83854362861077,62.4734198668267,69.02152682789776,65.92894954247043,65.2715470170726,60.13948915267252,66.98845670692295,62.16767617559975,54.80855537243859,55.213948573515246,65.78321627016017,56.86153806902444,59.6971520946047,54.27505937369764,60.80178378030254,64.63848013092871,68.34282152259814,49.9955925252414,57.887161904597164,64.40557154932111,55.364950818592625,50.27956767742478,60.607962753631185,66.47001427925225,71.06308863641473,57.80877404417367,66.83922827242226,65.88194922781244,60.08593068697835,59.799615125460925
1610555617.52Ijr5puT55g9apK8auM7zaxa3NANg502t,43.63673868761324,67.44652324860711,40.41585620888601,63.87805415211141,43.69999452868536,55.08414390625448,0.0,43.57903354927112,45.13906267315736,59.10246300389293,68.89032372040367,66.13937775249005,63.34421787710128,39.099440098880194,66.50869973842143,65.93027679653653,69.2419161700106,66.61347100995077,51.212819975938444,64.77472545134862,66.21620522334686,67.9847413461811,51.170365253504706,42.78883873164049,60.00785737212582,54.3316508680398,48.66801368710874,68.09215576811556,65.91206207045451,40.30767279021746,62.16547921422482,47.06194771913833,63.62392245402254,65.93220280761423,68.08932371093258,66.05895158835837,67.13374421665738,66.48643543892017,65.03767994671612,64.97017113739392,69.90402569831414,69.21277266601108,66.73643615511303,64.57183782539984,68.40892453753233,70.4909812013065,61.697991647925846,52.07910813719699,58.50964726659278,61.692322754029206,63.56915552149777,54.30662754101579,64.852026685653,66.76476745406713,66.53734050865242,54.31699027139271,57.9127469762966,72.52423651232274,59.39629162443986,52.922018648484396,64.29158250168307,70.44529643222275,67.61661646704056,62.24756797587931,62.58632673417223,69.97372510362966,64.06179373950113,62.48169521176751
1610555638.77ZLjTLkz4jYJdFMI2wWBztzsDILkoOtAk,31.385148890947196,67.3252814717342,26.407634358880074,62.632506735632774,47.57384956382668,55.95542284112275,43.57903354927112,0.0,40.4651163161794,56.91872459320608,67.85577202293865,61.808580224749235,61.768410129901255,36.84935272756152,63.0466930716113,61.654256393426266,69.74082800248236,67.61082814666081,49.72839781473162,58.582743213063246,64.14907474075498,67.61920477066494,53.748991636111654,21.763171069032218,60.57344311878771,55.68119257652149,47.5365613403987,64.82538411275142,65.09401191446142,49.04768067327253,58.43538071455534,51.61603455553604,60.774921777589135,63.53222836572135,62.48177170173679,63.82740100163898,61.671761886774235,64.95190159661776,66.0951004126288,61.681152366051315,66.70562542913572,68.67557912321195,62.7830347592397,63.18668834186058,68.625224655713,69.49528071318697,60.41467371908896,51.40377975258022,56.75054358292892,61.353214632278295,59.19912388192134,51.515726924857674,63.22254266631806,67.11501301705758,60.995338766347125,56.78407839008058,57.651921807938606,66.96202633688424,55.212683304113376,58.00215039582648,64.50116551956444,70.91078924211463,64.47500262730789,63.24403431843903,59.557365730656045,70.70256661813418,59.88245297268543,62.7848870498252
1610556912.46C7tJPLF0XfNnm8f1820X9aLmXMHoc0Dw,36.25315554534903,67.46908939396955,38.80523236681837,64.29586528038733,39.26910921421501,52.29529476809255,45.13906267315736,40.4651163161794,0.0,56.34365602376079,66.24943774695575,60.76806433293732,62.139364624914386,42.50508369798111,61.19557870500057,60.2825110549799,67.258823908518,66.12118240097963,47.339504373070874,57.48508138341513,61.12921374071685,65.38744050019396,47.901420027358384,39.73960559953641,56.84600071431819,52.1012567535825,41.66260147346166,64.00598439356662,66.27525107086595,47.89735614959236,56.25747651484228,47.02431024016651,60.39073635006434,62.134060524666666,62.45794479622318,60.397299868019694,59.01935320834635,63.510935095488996,65.2555583639002,61.65246777259423,64.37059896114968,66.26717354518405,59.78871619013979,63.16882295859655,66.86404599068908,67.31201031577656,53.661458090616684,50.08972181547332,55.89662758703652,57.6565291113627,57.65924288934471,49.800257153641034,61.3046985621249,65.26816289434609,61.350392163723846,51.32802872202199,55.287001628901265,65.5739699604439,54.85353025973465,53.87947173009609,61.227813794807155,68.39409054994617,63.470823723682884,59.980388448911555,58.73304826146591,67.93709447921616,59.470606470953044,59.502863254357784
1610555617.51LjzIROg0aeCP2GhDcAVQ0LipKJB9jmKc,54.15829236723661,58.695321989584016,54.2715460746828,64.34502240135737,55.92743973723706,64.918798104801,59.10246300389293,56.91872459320608,56.34365602376079,0.0,70.95410679611815,64.24143162343752,48.08963746859032,61.00530460510018,66.71349701024843,60.43113923239171,72.11942285337302,65.70041480041807,65.29244564128211,60.92700867271844,66.1742553639503,71.87433039355511,59.19818222989401,55.53694009399477,61.11341757110964,64.8682302047214,57.33134271501512,69.14176779659535,67.67016740118939,59.81032051088845,58.67672206914833,63.65611272377482,35.90545313405359,57.22493407165653,64.09034887118207,70.70543786018315,64.0583231861532,54.63118456724824,62.4704719989283,66.95392290697949,69.1366370978258,72.73667690910123,68.34124716318647,67.18145097364831,68.82305455365527,68.48372184436465,63.99904507334902,55.818355467007635,30.69545206223422,65.8572690384653,62.39089938818965,61.95225934109842,60.15587559466735,68.03558616317376,61.173593349326595,65.67832630197007,62.32388346062734,68.01202392668401,61.43974505651844,64.7077706170722,68.75151139713896,74.58224393705166,55.46813032496495,69.38515620283347,45.99309210879601,74.17425299258531,66.11823715830462,67.37626776562657
1610555608.17OpjjHobqRkX0UPcaXrbu7K6L3805SZri,67.43690428081908,59.36016366099078,67.158173903445,51.80032085160304,65.06154208407972,62.967792695598376,68.89032372040367,67.85577202293865,66.24943774695575,70.95410679611815,0.0,54.755099646907205,69.87305430942125,69.20792602544795,53.319270460963025,60.85039323869745,38.0971766279279,50.46288181409737,62.82940088102129,68.67950784751599,50.49748576992314,47.31062388269893,62.08169946773539,67.34866220595654,62.03798581415581,61.645913421306616,64.72136684175426,55.414396537073706,56.750191596902376,65.35673322002278,66.65473911611991,65.0395152435505,72.10744162127537,68.63528295469996,60.49278089916843,51.207680820556696,62.26290858261448,68.20520532391778,58.28171346997895,63.72561292614542,56.856725871702004,43.18381896670255,57.22162336417557,57.32911538637939,52.0969449949159,47.684103425003386,65.25240583112767,62.67940785493675,69.1247170864657,55.6568705311097,62.56443248220326,62.94743801345873,65.29422932609641,53.52346883252676,67.34838181330365,60.836800502324984,58.66704857775224,64.5029959713473,64.62453089916654,61.19359502273825,51.88631395757428,51.61874923448011,63.79641832346303,50.409678658742905,64.94213225041217,49.85270749394737,57.495998806371354,55.30769410696024
1610555721.82zWeNZfGUUfRJkgnAwlP8VMhPzXctnSd4,60.76827795937564,62.10385491486052,61.50250132926228,55.97107899717319,60.80664096423354,63.247487521967216,66.13937775249005,61.808580224749235,60.76806433293732,64.24143162343752,54.755099646907205,0.0,69.94028504492586,66.00455686764077,59.95639710584177,52.80220515758845,59.45232544859281,58.28936446030072,63.98791195978294,56.930443388447394,37.90588812184012,51.95732359347777,62.593591493549035,61.737049246270985,59.25890957457973,62.45107009746948,64.38286694522878,44.61681438253831,56.69262172957206,65.06322639483496,63.24660437888355,64.43603332638264,65.60350356342046,59.50049683520672,48.38528689050629,49.57469731751043,58.788602524925146,59.25965775372757,60.33798088853973,64.80872045710956,58.575819509123235,52.357967149859846,57.68636693679457,50.93164243118522,57.284667515052675,58.83936718991407,61.221237054560696,59.50687016092655,62.01742031249842,57.07873792584694,48.18757668670933,62.073609509338525,61.63306803569213,57.567283066810695,62.868306757274475,61.567258978155316,55.263378726343404,52.88639472350006,54.39237766483259,62.895915196228245,54.60694801518238,59.8528334313009,56.46695534041886,58.21761067219457,55.67905502609669,61.73510409169463,56.337431268897525,55.648379571826695
1610555735.75bom85BDF0C7W2eIseHeMxi24qR68nzMi,59.50835777302727,53.450223216906586,59.66551980208448,63.65209135223368,62.40751414000078,65.88739597339162,63.34421787710128,61.768410129901255,62.139364624914386,48.08963746859032,69.87305430942125,69.94028504492586,0.0,64.27212588184726,64.65091169994636,65.62210120335833,71.0605406522548,62.5391304596508,66.20621024967473,63.83877612848331,70.51864569733306,71.51161999101353,63.10053786894116,60.7121041604144,68.05024603496672,66.50032805657361,61.92932672055565,71.93129135307984,63.65502569878479,62.10506173002894,61.73808648647929,65.55822221474881,34.26022139196751,57.557481192332205,68.46103502514106,72.36820139437563,66.76105824246629,56.64479415602189,62.693278895001654,68.0910854403432,68.51230167552406,71.1261242820322,69.30251298986039,65.45789640983227,65.85220798502503,65.15982252427321,67.7538398633078,63.45508524651562,53.40268761779538,68.91711536452227,67.62661729228286,65.07832430155447,63.82679374257337,65.86170212388994,63.90904918556721,67.23380403128553,67.82525992405847,73.42734439676032,65.01134984303941,66.992835543576,69.82996259300754,71.7890382577379,57.78086731692036,69.5736201652087,57.49872107692966,69.93150223179674,70.26389465166956,68.62654501476513
1610555735.77NnT5xqKnwcf2BbjIekeb2arTQj6QMNwk,40.2092370379881,68.96869635117955,38.76090880662986,63.73949974850232,49.21062646050702,56.88321325126089,39.099440098880194,36.84935272756152,42.50508369798111,61.00530460510018,69.20792602544795,66.00455686764077,64.27212588184726,0.0,65.22156774673573,64.93576127758772,69.37236381057775,67.94528329466968,51.200204679041626,62.689571014722986,66.07198667192452,68.66902606246572,54.93798148896347,37.76390107119546,61.232314846906334,56.75418835722923,50.47138844922075,66.98711231731693,66.62063444719882,48.281764349362284,62.40743774691936,51.81241361511267,64.46816552091184,66.95125978036516,66.60054459489217,64.60503498779744,64.97568921541409,67.32532270613292,67.03508981847891,64.67312393882769,68.95018450674608,69.28038643735376,64.88093160035993,64.47125992895714,68.8786764816402,70.43302550807537,60.937173135338384,53.66005554607594,60.60959953742323,62.458831510565076,62.286709948716506,53.271172348659874,65.24628186297694,67.22700354067071,65.34789574635128,56.372534848857946,59.13410981362381,69.83053276892755,58.94698510945986,57.73294686765336,64.65277970221196,70.77484944286385,67.96525817083547,62.96060166435062,63.3376055674373,70.40847201615485,63.68082600035082,62.68341142114744
1610555638.33wjf1PhdNaoWfbRzXVn50hmFyB5bYAiLV,62.04074116613318,61.58144740268365,61.92613477798419,58.57808227759788,63.03778387030692,63.51184196731402,66.50869973842143,63.0466930716113,61.19557870500057,66.71349701024843,53.319270460963025,59.95639710584177,64.65091169994636,65.22156774673573,0.0,58.504379257776094,56.430335282867546,58.175958440139546,61.57852887929456,63.571462826365,57.890144438719666,54.284056784770875,62.82873820272031,61.798562929976974,64.48003520960687,63.09130868456589,62.36522647717869,63.10783243139614,56.82456078016883,64.26766104694224,60.319568090290865,63.33264534377077,65.88055154450868,68.08433080431732,55.436840335163986,55.117218575400656,55.451578124868384,66.32860695617092,64.50707135358195,63.82356122352932,52.71680547068335,57.54958990437289,51.64598986312506,58.35798524641402,50.248309504928116,58.64563775985177,61.33088979197338,60.94081821261841,68.26713410286706,56.31956329479745,61.938083448081315,59.731189736080175,71.12658799740281,55.44038390412876,63.13917247186806,61.078942953837945,58.264799946231406,66.83015736925574,65.19444315583448,60.93776072660799,60.98893517676916,58.73342612389175,63.20446274345728,58.567785217668714,66.30476643489446,57.84571437762583,60.204567927941476,62.37402319368734
1610555606.65jCE4ig8Pu8kvAzkxnSGfWsV0nQBjCf8H,60.89950663521039,60.05324448192561,59.66032410716619,58.16827410306805,60.98528457698275,65.6476880596479,65.93027679653653,61.654256393426266,60.2825110549799,60.43113923239171,60.85039323869745,52.80220515758845,65.62210120335833,64.93576127758772,58.504379257776094,0.0,65.25162936872165,65.23776755396358,64.88180525342838,45.972809994024516,52.90999362829728,60.79124597742714,60.725780949885014,61.31393729664638,58.89910440376957,65.81478706997784,60.87983015337913,55.75522461493219,57.55977803996419,65.54631537342324,53.11441962590628,66.26684713545032,59.50701636373654,49.61414605440123,47.69295000041762,50.25180871674519,51.46996879154978,45.6597348077961,60.31388088996482,64.91937735044985,56.578762830097716,60.55587054280725,57.974616005542224,60.956979116283655,59.21646935556911,66.49501506671929,58.15833280399633,57.331075960186006,57.182091999437134,57.47487944273806,50.18381259154552,63.85689088651807,59.222122317299835,60.015382997744894,52.693298796145655,63.32135592016526,58.17654854672467,52.58671707966127,55.9158926053348,66.66313833095357,60.06326651391481,65.14378809348021,44.787166487549996,62.957067228319836,49.6740510842287,63.800362954505566,57.378093300895564,59.245947195237214
1610555608.18ONsBCVo1i7BrX0XG9stct4oiA6ejX9Oz,68.91458607622464,59.903726799621744,68.59472658080523,58.33660606841897,67.02383101128703,65.38395836615582,69.2419161700106,69.74082800248236,67.258823908518,72.11942285337302,38.0971766279279,59.45232544859281,71.0605406522548,69.37236381057775,56.430335282867546,65.25162936872165,0.0,49.7983092452642,66.07937130246405,71.14206638773284,54.31440727690945,48.68674605564481,65.43951477054887,68.95708512719051,62.50804506451018,64.17758752929865,67.87137057854966,58.73483936089375,58.90025442476269,67.01940510709595,70.43583205281071,66.02089677620465,73.5173479484422,71.45305496333481,66.47739828125243,55.9047255531974,66.9613906193096,70.72570044917065,59.92349851283261,67.01063918850853,61.507062951083434,45.67491298081222,62.34046758089354,59.867226156647924,51.57201729293698,48.82165592617438,66.05342638366605,64.36587302682652,70.59512373898826,58.28599045544582,65.24930511589602,66.06827699349934,66.70092934001671,54.6680401556369,70.4184203945136,62.66068862015196,60.510368387365695,67.8398170859845,67.52375547523292,63.46242821130731,52.45680109364703,50.30184518832442,68.0317683022077,50.747488040683706,68.91144806009679,47.751945374901794,62.51099344454013,56.205129829273986
1610555721.51RNoQUMP19FTMS79BmA3JkgSm2IC2AQuQ,66.20257917964229,46.203116551589346,65.37798575554179,54.42508370501988,64.36330273587035,66.27439224702832,66.61347100995077,67.61082814666081,66.12118240097963,65.70041480041807,50.46288181409737,58.28936446030072,62.5391304596508,67.94528329466968,58.175958440139546,65.23776755396358,49.7983092452642,0.0,66.35241993486649,68.43715666794809,55.9547179762002,53.39194891287715,64.120444307152,66.3725170186344,64.37726948486811,66.00260257069125,66.38203845629288,59.91160725848856,55.99416066805521,64.39973921229672,68.26263063933706,67.3401235797984,65.61699864019678,67.15827853212758,69.34706926459738,59.20031792150725,69.69095642652746,66.8535537306501,57.914491555222696,69.89020527153839,60.764832496278764,50.376279162516205,64.88016434397007,53.63312975137034,50.69717663978471,41.75062177070049,66.51770623069831,65.15880583208885,65.95372437603622,63.159562800268546,63.70956831809144,67.2910451381277,65.65793280681639,55.16053972096922,69.4513290163699,66.8964869940817,61.92901688477036,68.63924581053647,63.241436698650034,63.187170287970275,53.24473764002064,54.37335551161044,65.97732049182473,54.21549049366594,63.89914039302371,51.29059912578677,65.25941159615452,55.78936895246905
1610555971.86O0cHB2ibBJ8jxoObg01EpGe8VVV5mpwn,48.90422759730077,67.9121128833874,49.22854294971107,59.700660185623825,51.86174688932424,38.76070761712266,51.212819975938444,49.72839781473162,47.339504373070874,65.29244564128211,62.82940088102129,63.98791195978294,66.20621024967473,51.200204679041626,61.57852887929456,64.88180525342838,66.07937130246405,66.35241993486649,0.0,67.80401998294373,62.96129322014812,64.4160026358022,53.99743295666174,49.18729326091441,59.618507635551545,41.8402164611277,48.75828339127404,62.868226601237,67.06273934434451,48.24463646817356,63.38964869502796,48.956006483552,68.86658159250938,66.88662846747424,64.80825212633825,63.30952667180444,64.92233051016659,70.63338599156381,63.863389666057344,57.42266229333556,67.08557648958023,65.28551615375916,61.7365530891846,61.964543413736045,67.73481629498258,65.75340552710712,57.15876466768461,54.78446142967784,65.70425784800878,56.78440712043099,61.25197976900753,48.91010702539353,62.81881956973092,65.53689042067002,68.72876518937713,53.13428909158964,59.360105341703814,67.55745453821149,57.05075055680707,52.5926164930597,60.952624120231306,66.85480911628433,70.87303798894946,57.9825917831965,66.23705679659086,66.08171813271319,56.313895637661055,59.60541769754805
1610556911.51zU3duZSGpcw1BDNsBLxdOCITAXwl6z3i,57.80569363271538,64.91971081004014,56.62432340787998,63.91989991391653,59.34337508291861,67.70082480694917,64.77472545134862,58.582743213063246,57.48508138341513,60.92700867271844,68.67950784751599,56.930443388447394,63.83877612848331,62.689571014722986,63.571462826365,45.972809994024516,71.14206638773284,68.43715666794809,67.80401998294373,0.0,58.0539295972763,66.5987945412068,60.66535284437581,58.212344775853914,63.68500703695839,67.350416212151,60.33682741600001,59.10921739612126,62.372069389993555,66.55311627188658,54.847271850892916,66.4338920991314,58.699285340459646,53.866086994501636,55.35245116075612,58.65384281036803,49.37957570766351,53.25507818525086,68.2025395532672,68.33409883841337,58.645076591461425,66.57115277519364,60.60788924224248,61.412787833991686,64.277038258692,71.04932782907997,60.035294144882606,58.01668880447526,58.12079187341112,64.58763967102111,53.954083897742926,65.52857741139194,64.14861272923517,65.36423953004503,49.692131476980414,65.65756250664765,61.32009020018476,54.559529869151476,55.73632524786964,68.66608520156063,67.3368057461518,70.02847028079024,48.77679290250737,68.12492788814173,50.91007946361506,71.85823613595976,63.71790060048798,66.31770677002548
1610555988.71dMoYT8250UHHJGxgmITTmbHe7V6gH1yU,62.942419252816556,61.90718030251048,63.27766939974161,55.61454370863102,61.90347424803667,61.85221884593553,66.21620522334686,64.14907474075498,61.12921374071685,66.1742553639503,50.49748576992314,37.90588812184012,70.51864569733306,66.07198667192452,57.890144438719666,52.90999362829728,54.31440727690945,55.9547179762002,62.96129322014812,58.0539295972763,0.0,47.63792279770302,61.872953569613784,63.728363206066206,57.74809759964963,61.02137818387082,63.731626759266724,43.093007257740666,56.08225474619767,65.74696567846026,63.861287295951655,64.11510961206231,66.93566635289942,60.77165949432989,53.57912734780381,46.709629622640044,59.39157320758307,60.542165798212295,58.70607676320535,65.14894068910809,57.56356748310217,45.50104783931228,57.07442037028866,50.4911844217262,54.18795521793253,55.09208272224042,57.935125665797514,61.11479154759421,63.9049178282005,54.78661890545002,49.48235893471196,62.217170840447544,61.06242195730284,54.034869377771074,63.814794890552044,60.21443147039799,55.507005945936044,52.57407790495072,55.419948816936625,63.10245147324896,50.67172650777659,56.83019862406924,57.476023490736594,54.69622983706901,57.79040684138006,57.764549463054564,57.829289322324534,52.07386600732896
1610556042.81mlUZsSp7gbGjrp8jQSnybT1gPy6e62o1,66.88284117896788,61.03109876922385,66.52620474877503,57.042213999748384,64.95166521493626,64.53727471445933,67.9847413461811,67.61920477066494,65.38744050019396,71.87433039355511,47.31062388269893,51.95732359347777,71.51161999101353,68.66902606246572,54.284056784770875,60.79124597742714,48.68674605564481,53.39194891287715,64.4160026358022,66.5987945412068,47.63792279770302,0.0,64.57093944025439,66.77937607170745,62.16598070703833,64.03571616713066,65.76160017409177,53.02741454910325,56.45229016708385,65.5313932512795,69.76966232218783,63.692466246247754,73.10529412930816,69.60001329321956,62.520728807077106,49.67969040029187,66.17247133174519,67.63123582475394,59.26912039907724,68.42562762943533,59.7182760537368,44.77226867217737,61.13401748232015,55.562257318582446,50.945990750457675,53.09736958821065,64.28882539720956,64.46174261946112,69.76636149162206,57.11926878769945,60.091981570993546,64.52785044402029,65.15928346109172,51.854805313387125,70.4875588671673,61.65481481820463,57.13888227821441,62.24325761310945,63.45018427911671,61.017297388393786,49.47500226497603,50.12850872609004,64.64851897744366,49.90171398484149,64.63932880530609,50.23832313757495,60.593679551931906,52.59237564763711
1610555637.02UBW5nKvDyUrKnaWcYRGajZPxTRDS0q3N,51.303946001463345,63.43697107406416,51.068483887763854,64.94994002122348,40.09019916711718,52.26064235232894,51.170365253504706,53.748991636111654,47.901420027358384,59.19818222989401,62.08169946773539,62.593591493549035,63.10053786894116,54.93798148896347,62.82873820272031,60.725780949885014,65.43951477054887,64.120444307152,53.99743295666174,60.66535284437581,61.872953569613784,64.57093944025439,0.0,53.15721966144136,57.131021465149374,52.597796329847185,39.166927140914915,67.04939423300883,64.72787071659464,45.80641777073024,52.185645421353314,45.7407531353216,61.655551109310295,62.40808420242985,64.22193149617104,62.50708102931467,59.36833585732195,60.824692128962376,61.836505278135476,65.14075233929076,59.16758924308505,67.19086101284698,61.24159647620462,64.00803544206927,63.560813211008764,65.96817326091211,53.084950304864066,53.05581532075199,56.62880671784862,56.935192672226535,64.69728699390232,51.401432502907525,61.77522841764522,61.94836736926074,57.14044493325121,42.6343381776325,55.88254791704241,67.00136738710954,62.25673987349481,49.23350845539101,63.77754293184981,67.84477207808742,61.945985510335944,59.138187680995514,58.77264679764597,66.26702277270134,63.10496392764037,63.23715429028835
1610555619.13oUYNikU4facCTpUSiSLr0vPI0tJLnXiT,30.343808247548814,65.98149946849114,23.51250242617887,61.94006681546252,46.97003954395191,55.20056244542758,42.78883873164049,21.763171069032218,39.73960559953641,55.53694009399477,67.34866220595654,61.737049246270985,60.7121041604144,37.76390107119546,61.798562929976974,61.31393729664638,68.95708512719051,66.3725170186344,49.18729326091441,58.212344775853914,63.728363206066206,66.77937607170745,53.15721966144136,0.0,59.81051288744011,54.704478537175106,46.84072832409363,64.77172476906851,64.66176320491579,48.45836603757502,57.24996486940987,51.12921558740446,59.65330132722967,63.26601240621101,62.38784910408604,63.15172670000931,61.17816904188905,64.67458869483032,65.0110304711472,60.897042403598356,66.36656651179001,67.93470684761637,61.87286860926825,62.175176631504904,67.88066128265051,68.64468356035107,59.0157498285234,50.63701525075173,56.002514992525704,60.789946710329126,58.36278423345001,50.623303181709005,62.69845511360965,66.44125942554982,60.430526474565404,56.200034989433426,56.72409444070482,67.00874270952454,54.53471582118707,57.02314053961019,63.70672439681158,70.0360991769779,64.14879864323284,62.383302245206146,59.065217660156314,69.7543559241289,59.72027619882729,62.07433728276374
1610555721.03nzkucfjAUh31zTbmCVvTVYqtjoxZFnBh,59.48148590851913,64.30358362280597,59.63736407238749,64.57368008859173,57.02910777017124,56.23869867489203,60.00785737212582,60.57344311878771,56.84600071431819,61.11341757110964,62.03798581415581,59.25890957457973,68.05024603496672,61.232314846906334,64.48003520960687,58.89910440376957,62.50804506451018,64.37726948486811,59.618507635551545,63.68500703695839,57.74809759964963,62.16598070703833,57.131021465149374,59.81051288744011,0.0,58.55046955151204,60.27429289795272,60.06039440438085,67.96191810415131,59.394146024449796,64.47158255805175,56.930023594441565,65.32677545391057,63.95033918502634,61.3325560959903,60.27550700092906,61.04834836613746,62.12997713112012,51.06931449982043,62.96483193958428,68.05792482349209,61.34897429140579,61.66355816403684,65.43820259697763,63.49430542454696,60.88632603278485,60.321149059779145,47.916037803665226,59.550119752617455,59.926484432873195,58.40933480729067,58.782602915374405,58.47322427704548,63.27550446260253,66.08855225379307,52.664293383274014,45.66256267708988,61.839549115740155,57.95645182381043,52.02779934861354,55.75180000121008,63.204080990733345,64.55291076797509,51.68923200981,59.63261305093709,62.587784296257276,60.48466604478427,55.551802915728196
1610555722.67fhKURdXVzRbLIjXmjRwdJHTnE7PWb1AE,55.095482939013024,66.72554067557688,54.768138419199396,65.44756396574155,51.93750241311708,31.09637564851725,54.3316508680398,55.68119257652149,52.1012567535825,64.8682302047214,61.645913421306616,62.45107009746948,66.50032805657361,56.75418835722923,63.09130868456589,65.81478706997784,64.17758752929865,66.00260257069125,41.8402164611277,67.350416212151,61.02137818387082,64.03571616713066,52.597796329847185,54.704478537175106,58.55046955151204,0.0,53.341200212704926,61.81592404163472,68.8410698178136,51.97932316314761,63.575933844147606,49.88516851696743,68.72459052393222,66.28664337954525,65.7053194644538,64.89029667584798,66.91706521421456,69.23050132431504,62.23732782580809,62.39947063298608,68.90604613508138,65.33245975880547,65.43197837716146,60.42161499547456,67.12060170961378,64.01837350794317,55.05156933273282,55.75139361086185,65.49346410584549,55.845173145201414,60.489071851351994,55.69136563296893,60.09846692914474,64.41707866134504,68.97059468797987,51.98736261315173,58.353289222771394,67.09585466792359,55.63291780676771,51.750173296561094,60.59979685046313,66.11569439710075,70.3765420878057,56.729579824589756,66.28477728199557,65.46654963048886,59.12731257085581,59.82346710138712
1610555638.39J2ZWBLuLTHP0jOlzB4tNHmYeijH5g5YJ,44.38950920471273,66.55088612017455,44.081833868625615,62.46357514544151,38.30381863679722,53.94971590881378,48.66801368710874,47.5365613403987,41.66260147346166,57.33134271501512,64.72136684175426,64.38286694522878,61.92932672055565,50.47138844922075,62.36522647717869,60.87983015337913,67.87137057854966,66.38203845629288,48.75828339127404,60.33682741600001,63.731626759266724,65.76160017409177,39.166927140914915,46.84072832409363,60.27429289795272,53.341200212704926,0.0,67.9591893140303,66.88178615901903,45.86873463697152,50.40140641012004,46.0221792253924,60.961224559626544,65.60026563243476,65.00479688901417,62.33942979300946,59.42387706527615,65.6220594217673,65.08752694450186,61.14628953617184,60.91919448906006,68.86212022639587,60.76404433441157,66.73906253232214,67.60046202303094,68.82835627305633,55.24679616233867,54.05814585367038,56.112405584042804,56.61558620637106,64.9228898154159,48.812294084590285,62.69406376676643,66.13025107133652,58.12794668814657,50.844559444150434,59.97092014723324,68.13857749917136,61.58307495590662,54.150901698435575,65.22997515893347,69.89091840152926,63.6193855740813,60.82341651021023,59.13681682988073,68.45932595955057,58.17127818423722,63.78210883967814
1610556032.17Q6yCDx9g7alRnL9jBFXD2JhhUyB2hKfJ,64.45304345396801,64.31099155797712,64.46323573269179,55.84161188715193,65.89336017020345,61.95643911442794,68.09215576811556,64.82538411275142,64.00598439356662,69.14176779659535,55.414396537073706,44.61681438253831,71.93129135307984,66.98711231731693,63.10783243139614,55.75522461493219,58.73483936089375,59.91160725848856,62.868226601237,59.10921739612126,43.093007257740666,53.02741454910325,67.04939423300883,64.77172476906851,60.06039440438085,61.81592404163472,67.9591893140303,0.0,59.41631879948816,67.65310975744059,67.80321582957409,65.97058449442765,69.6626265122521,60.445100005581956,57.588157485550724,51.95463016510276,63.38669929222672,62.48669265117705,61.09011952365892,64.8139192048284,64.88480624270586,49.57563371260054,60.020993007123884,48.96582103672882,59.41777946904896,58.798178119470904,60.979185685354615,61.1942013422484,67.40522948994158,59.28005838167678,46.076781116208494,65.87078561783073,58.28654651375355,57.94037583735299,67.93510879297472,64.50603917782198,57.1954272080278,54.36828428406531,50.276120733965904,65.49350951141626,51.23137242852891,60.41163328661834,60.65890142243933,56.76871196836514,59.41934468619089,60.466907455345876,57.68978837709197,51.572347778141975
1610557007.49MyVgDnuUuBxrvL6SGOdhKf69VYlW1MSm,64.01677536918972,54.6250875202455,63.28687729938797,53.88440866861032,64.15047354845808,68.84752671551398,65.91206207045451,65.09401191446142,66.27525107086595,67.67016740118939,56.750191596902376,56.69262172957206,63.65502569878479,66.62063444719882,56.82456078016883,57.55977803996419,58.90025442476269,55.99416066805521,67.06273934434451,62.372069389993555,56.08225474619767,56.45229016708385,64.72787071659464,64.66176320491579,67.96191810415131,68.8410698178136,66.88178615901903,59.41631879948816,0.0,64.6371593964569,63.42754213436681,67.70081373964041,65.08248592067422,64.08356930665342,61.59586304621291,51.44345562159053,63.300200233571104,60.012393076448696,60.66921138843375,69.30695093536592,53.204270091560495,56.85134790871301,58.867323395972186,55.62564700040786,52.91768576557295,58.174822230618624,64.99425351555105,66.17487711119715,66.0900977971992,60.70215308506576,61.92613160601197,65.07976193675508,67.51646241443035,54.61789496425966,64.32282771461627,64.17482893756845,64.03851724759919,66.1071418225243,65.53677499429466,66.0365120842979,60.93963291440609,59.60515681118502,57.40317040199176,62.759728543234516,61.32526294786001,58.43204378074771,65.47198457974945,62.147865993115765
