,square,rectangle,parallelogram,losange,isoTrapezoid,kite,rightKite,rustedHinge,hinge,trapezoid,random
square,0.0,0.03161310769564907,0.05185822111029936,0.07366643622836322,0.019181161370789956,0.014235552105716254,0.009917112511269255,0.03603786291242739,0.03372332780159115,0.02356112456079984,0.04618865391974869
rectangle,0.03161310769564907,0.0,0.019964540856989843,0.04475011359791792,0.05918684403922159,0.03908270207323772,0.036698724003041305,0.023347944434042756,0.014816668118758591,0.03964107273042161,0.06454477609741938
parallelogram,0.05185822111029936,0.019964540856989843,0.0,0.020829882970684888,0.06800858326852732,0.059225701107124884,0.0507898687610413,0.03477473564640987,0.02516514949508175,0.03940332194466867,0.05981388099551144
losange,0.07366643622836322,0.04475011359791792,0.020829882970684888,0.0,0.07588231012812019,0.07690574007570539,0.07010518775589947,0.04259097866592143,0.038388959771913034,0.04325988875065834,0.04426715984727325
isoTrapezoid,0.019181161370789956,0.05918684403922159,0.06800858326852732,0.07588231012812019,0.0,0.021938164027336282,0.019016337074926337,0.05757543622349148,0.05789297695288498,0.025932543553937593,0.038652793406620756
kite,0.014235552105716254,0.03908270207323772,0.059225701107124884,0.07690574007570539,0.021938164027336282,0.0,0.010560730997776768,0.05110518062807301,0.04969623336297935,0.03842611732561696,0.058203151795572006
rightKite,0.009917112511269255,0.036698724003041305,0.0507898687610413,0.07010518775589947,0.019016337074926337,0.010560730997776768,0.0,0.045971919366285086,0.04372085719148733,0.023137712953903433,0.050569257766459264
rustedHinge,0.03603786291242739,0.023347944434042756,0.03477473564640987,0.04259097866592143,0.05757543622349148,0.05110518062807301,0.045971919366285086,0.0,0.003706310218463238,0.04087209837725647,0.04960653733744047
hinge,0.03372332780159115,0.014816668118758591,0.02516514949508175,0.038388959771913034,0.05789297695288498,0.04969623336297935,0.04372085719148733,0.003706310218463238,1.1102230246251565e-16,0.037402809550785676,0.05064509635095671
trapezoid,0.02356112456079984,0.03964107273042161,0.03940332194466867,0.04325988875065834,0.025932543553937593,0.03842611732561696,0.023137712953903433,0.04087209837725647,0.037402809550785676,1.1102230246251565e-16,0.02133787590713343
random,0.04618865391974869,0.06454477609741938,0.05981388099551144,0.04426715984727325,0.038652793406620756,0.058203151795572006,0.050569257766459264,0.04960653733744047,0.05064509635095671,0.02133787590713343,0.0
