,square,rectangle,parallelogram,losange,isoTrapezoid,kite,rightKite,rustedHinge,hinge,trapezoid,random
square,0.0,0.03252186114905575,0.1283223317913721,0.18466330078956827,0.1659846909354492,0.18469411007715064,0.18232615754572967,0.18818270598221154,0.17717248741613623,0.1728972248247561,0.2588536392624905
rectangle,0.03252186114905575,0.0,0.09609767979131612,0.16246651921798227,0.20471957549092734,0.20725262181867943,0.207515439553418,0.18600835189868437,0.16830855975633752,0.18967240369533545,0.2798539455000195
parallelogram,0.1283223317913721,0.09609767979131612,1.1102230246251565e-16,0.03249146986248308,0.16342936907900074,0.18334595358240435,0.17137513441993546,0.14380895270461147,0.13129499370822517,0.11053328381975003,0.18962641591632712
losange,0.18466330078956827,0.16246651921798227,0.03249146986248308,0.0,0.16983859395542067,0.2002257805654616,0.1819294624453296,0.14614453460135757,0.14298181369716356,0.10188140245024968,0.1504285057909286
isoTrapezoid,0.1659846909354492,0.20471957549092734,0.16342936907900074,0.16983859395542067,0.0,0.06540223457396621,0.05000886084490086,0.11350125034432634,0.11262749595128951,0.05558383567345815,0.09320112514684975
kite,0.18469411007715064,0.20725262181867943,0.18334595358240435,0.2002257805654616,0.06540223457396621,1.1102230246251565e-16,0.02556379756648608,0.11046797649782392,0.1009083487724537,0.09314818235262601,0.12929997374973023
rightKite,0.18232615754572967,0.207515439553418,0.17137513441993546,0.1819294624453296,0.05000886084490086,0.02556379756648608,1.1102230246251565e-16,0.09089262595810599,0.08558192922928742,0.06416630088969155,0.09804104536936975
rustedHinge,0.18818270598221154,0.18600835189868437,0.14380895270461147,0.14614453460135757,0.11350125034432634,0.11046797649782392,0.09089262595810599,0.0,0.011808750222635833,0.1036618546521283,0.10321698421599801
hinge,0.17717248741613623,0.16830855975633752,0.13129499370822517,0.14298181369716356,0.11262749595128951,0.1009083487724537,0.08558192922928742,0.011808750222635833,0.0,0.09722191464167029,0.10378139416707544
trapezoid,0.1728972248247561,0.18967240369533545,0.11053328381975003,0.10188140245024968,0.05558383567345815,0.09314818235262601,0.06416630088969155,0.1036618546521283,0.09722191464167029,0.0,0.05484998852349099
random,0.2588536392624905,0.2798539455000195,0.18962641591632712,0.1504285057909286,0.09320112514684975,0.12929997374973023,0.09804104536936975,0.10321698421599801,0.10378139416707544,0.05484998852349099,1.1102230246251565e-16
