,square,rectangle,parallelogram,losange,isoTrapezoid,kite,rightKite,rustedHinge,hinge,trapezoid,random
square,0.0,0.03301918767952261,0.12805923260877183,0.18508429060043918,0.17116760884444626,0.19025489491184078,0.18901808805216003,0.1931499695970229,0.18284785984058338,0.17649095417812977,0.2607683873040919
rectangle,0.03301918767952261,0.0,0.09531797638040107,0.15942905440074462,0.19975699473643904,0.20432709151005923,0.2065943921942388,0.1855310207566787,0.16944510731313478,0.18617763533014053,0.27095617632758584
parallelogram,0.12805923260877183,0.09531797638040107,0.0,0.030426006189218202,0.1495727065255581,0.16943930485457248,0.16092726072844432,0.1360338233860724,0.12581601716794388,0.1038602059440148,0.17617638183720896
losange,0.18508429060043918,0.15942905440074462,0.030426006189218202,0.0,0.15648236182504605,0.18551230578526723,0.17083404904657762,0.1389921458079446,0.13682964953837762,0.09718434320652214,0.14243113277052033
isoTrapezoid,0.17116760884444626,0.19975699473643904,0.1495727065255581,0.15648236182504605,1.1102230246251565e-16,0.05807898607261486,0.04516134934968785,0.10118876439118851,0.09963184827931726,0.048040452692095004,0.08272005077761424
kite,0.19025489491184078,0.20432709151005923,0.16943930485457248,0.18551230578526723,0.05807898607261486,0.0,0.023631693521642072,0.09771972687167407,0.08804410958409836,0.08132357452612904,0.11341907618334957
rightKite,0.18901808805216003,0.2065943921942388,0.16092726072844432,0.17083404904657762,0.04516134934968785,0.023631693521642072,0.0,0.08110715175392835,0.07607529969122206,0.05743886183740887,0.08668200502892032
rustedHinge,0.1931499695970229,0.1855310207566787,0.1360338233860724,0.1389921458079446,0.10118876439118851,0.09771972687167407,0.08110715175392835,1.1102230246251565e-16,0.010908793158249441,0.09473331440502497,0.09323933828647257
hinge,0.18284785984058338,0.16944510731313478,0.12581601716794388,0.13682964953837762,0.09963184827931726,0.08804410958409836,0.07607529969122206,0.010908793158249441,0.0,0.08862284145365151,0.09327777844005347
trapezoid,0.17649095417812977,0.18617763533014053,0.1038602059440148,0.09718434320652214,0.048040452692095004,0.08132357452612904,0.05743886183740887,0.09473331440502497,0.08862284145365151,0.0,0.04971528741191922
random,0.2607683873040919,0.27095617632758584,0.17617638183720896,0.14243113277052033,0.08272005077761424,0.11341907618334957,0.08668200502892032,0.09323933828647257,0.09327777844005347,0.04971528741191922,1.1102230246251565e-16
