,square,rectangle,parallelogram,losange,isoTrapezoid,kite,rightKite,rustedHinge,hinge,trapezoid,random
square,0.0,0.035439681830700565,0.04694378282577738,0.06412681617490823,0.02293894308159472,0.014676819528864238,0.012560690824416465,0.035156123486920765,0.0346324460189964,0.022056738832618605,0.04167293365364433
rectangle,0.035439681830700565,2.220446049250313e-16,0.020428117306621085,0.03908810714057087,0.05879419654026674,0.03960596335454769,0.036702524830860894,0.021084888766515375,0.014759349990460247,0.03852274628747876,0.058943162754017786
parallelogram,0.04694378282577738,0.020428117306621085,0.0,0.020037119497107403,0.060940676025885265,0.05055632966090051,0.04453216860765585,0.029750504667690802,0.023277672602881716,0.039197245431887184,0.055405856932899455
losange,0.06412681617490823,0.03908810714057087,0.020037119497107403,2.220446049250313e-16,0.06545286854931376,0.0636402793709766,0.05982985262020035,0.03518581312856317,0.03276005479491306,0.04214057430579743,0.0423776027649555
isoTrapezoid,0.02293894308159472,0.05879419654026674,0.060940676025885265,0.06545286854931376,2.220446049250313e-16,0.022752057941724413,0.020855513287022287,0.053549152089485075,0.055820000489638866,0.026755246773387253,0.03647637970958706
kite,0.014676819528864238,0.03960596335454769,0.05055632966090051,0.0636402793709766,0.022752057941724413,0.0,0.011353925272326038,0.04559064912918909,0.04530174381530172,0.03177730692164138,0.04753960923537992
rightKite,0.012560690824416465,0.036702524830860894,0.04453216860765585,0.05982985262020035,0.020855513287022287,0.011353925272326038,0.0,0.04042969693945497,0.03980286997534921,0.021596651043117587,0.044108669000320955
rustedHinge,0.035156123486920765,0.021084888766515375,0.029750504667690802,0.03518581312856317,0.053549152089485075,0.04559064912918909,0.04042969693945497,0.0,0.005813015044510372,0.03625627730888081,0.0457973977143471
hinge,0.0346324460189964,0.014759349990460247,0.023277672602881716,0.03276005479491306,0.055820000489638866,0.04530174381530172,0.03980286997534921,0.005813015044510372,0.0,0.035337901792123705,0.04810042821121385
trapezoid,0.022056738832618605,0.03852274628747876,0.039197245431887184,0.04214057430579743,0.026755246773387253,0.03177730692164138,0.021596651043117587,0.03625627730888081,0.035337901792123705,2.220446049250313e-16,0.02381449361016863
random,0.04167293365364433,0.058943162754017786,0.055405856932899455,0.0423776027649555,0.03647637970958706,0.04753960923537992,0.044108669000320955,0.0457973977143471,0.04810042821121385,0.02381449361016863,0.0
