,square,rectangle,parallelogram,losange,isoTrapezoid,kite,rightKite,rustedHinge,hinge,trapezoid,random
square,0.0,0.0409935238456266,0.06513385001681238,0.09204951257865257,0.025646659347921208,0.018568222362970732,0.01317908946443147,0.04546032171591896,0.04312405158950361,0.030167403048380503,0.05976162554480824
rectangle,0.0409935238456266,0.0,0.025670094198669724,0.05684379887572977,0.07664977511327997,0.0511576667552075,0.04720596419485501,0.02928752718362193,0.018918783816266105,0.05115361737414936,0.08325187855658267
parallelogram,0.06513385001681238,0.025670094198669724,1.1102230246251565e-16,0.0266861582274337,0.0862327239787245,0.07534475342923908,0.06390070204515852,0.0434417332297975,0.031714455949412024,0.050871544871418206,0.07723014291061692
losange,0.09204951257865257,0.05684379887572977,0.0266861582274337,1.1102230246251565e-16,0.09506735246824871,0.09692182355359036,0.08789415842969606,0.05294942272120229,0.047963155232208954,0.055171829016619545,0.05611505808977468
isoTrapezoid,0.025646659347921208,0.07664977511327997,0.0862327239787245,0.09506735246824871,0.0,0.028660390633926558,0.024872659035596545,0.07339630288206478,0.07455285858451255,0.03386367876380203,0.05051384060185904
kite,0.018568222362970732,0.0511576667552075,0.07534475342923908,0.09692182355359036,0.028660390633926558,0.0,0.013944634248500898,0.06544452035189574,0.06417927975072202,0.048789592091673994,0.07456381276871293
rightKite,0.01317908946443147,0.04720596419485501,0.06390070204515852,0.08789415842969606,0.024872659035596545,0.013944634248500898,0.0,0.057791348264095044,0.05541360812210894,0.02995148030106598,0.06534636553514073
rustedHinge,0.04546032171591896,0.02928752718362193,0.0434417332297975,0.05294942272120229,0.07339630288206478,0.06544452035189574,0.057791348264095044,0.0,0.005135689288986778,0.051420204551242965,0.06380400377850559
hinge,0.04312405158950361,0.018918783816266105,0.031714455949412024,0.047963155232208954,0.07455285858451255,0.06417927975072202,0.05541360812210894,0.005135689288986778,1.1102230246251565e-16,0.04765678240328419,0.06566008533823875
trapezoid,0.030167403048380503,0.05115361737414936,0.050871544871418206,0.055171829016619545,0.03386367876380203,0.048789592091673994,0.02995148030106598,0.051420204551242965,0.04765678240328419,0.0,0.02845272609488947
random,0.05976162554480824,0.08325187855658267,0.07723014291061692,0.05611505808977468,0.05051384060185904,0.07456381276871293,0.06534636553514073,0.06380400377850559,0.06566008533823875,0.02845272609488947,0.0
