,square,rectangle,parallelogram,losange,isoTrapezoid,kite,rightKite,rustedHinge,hinge,trapezoid,random
square,0.0,0.008265830268661012,0.011317538133517435,0.016416551631954546,0.0045713271332222805,0.0030143453633494355,0.0021624804297915023,0.008207996445949495,0.008058490810815111,0.00519314378543867,0.009015534402780134
rectangle,0.008265830268661012,1.1102230246251565e-16,0.004486532154772016,0.008713080144595042,0.012974010501575206,0.00915375480179148,0.008837504327253942,0.004041117505548142,0.0025886800926405718,0.009043020359291054,0.011751497540338995
parallelogram,0.011317538133517435,0.004486532154772016,0.0,0.005089374839075567,0.013535364742396028,0.011967525181895033,0.010515957686083155,0.006511010938888728,0.005081522138904893,0.009706198514176978,0.012184021594463967
losange,0.016416551631954546,0.008713080144595042,0.005089374839075567,1.1102230246251565e-16,0.015788823109427308,0.01573170915964761,0.01574038513244569,0.007987376717122685,0.007594047612526245,0.01215704214507729,0.010829722657666463
isoTrapezoid,0.0045713271332222805,0.012974010501575206,0.013535364742396028,0.015788823109427308,0.0,0.0050329180600433565,0.004662056135097847,0.012011492132177004,0.012386330647426336,0.006056486286380336,0.008557531908183535
kite,0.0030143453633494355,0.00915375480179148,0.011967525181895033,0.01573170915964761,0.0050329180600433565,0.0,0.0024127426671107788,0.009961468648278848,0.00997208048531284,0.007394700572634583,0.009848227039580437
rightKite,0.0021624804297915023,0.008837504327253942,0.010515957686083155,0.01574038513244569,0.004662056135097847,0.0024127426671107788,0.0,0.008991552963402039,0.008892064245729747,0.005181210794306335,0.009914911221121758
rustedHinge,0.008207996445949495,0.004041117505548142,0.006511010938888728,0.007987376717122685,0.012011492132177004,0.009961468648278848,0.008991552963402039,0.0,0.00077451038475429,0.00880968017967021,0.009639540531508173
hinge,0.008058490810815111,0.0025886800926405718,0.005081522138904893,0.007594047612526245,0.012386330647426336,0.00997208048531284,0.008892064245729747,0.00077451038475429,1.1102230246251565e-16,0.008524594570347932,0.01009036981825584
trapezoid,0.00519314378543867,0.009043020359291054,0.009706198514176978,0.01215704214507729,0.006056486286380336,0.007394700572634583,0.005181210794306335,0.00880968017967021,0.008524594570347932,1.1102230246251565e-16,0.005987965652142657
random,0.009015534402780134,0.011751497540338995,0.012184021594463967,0.010829722657666463,0.008557531908183535,0.009848227039580437,0.009914911221121758,0.009639540531508173,0.01009036981825584,0.005987965652142657,0.0
