,square,rectangle,parallelogram,losange,isoTrapezoid,kite,rightKite,rustedHinge,hinge,trapezoid,random
square,0.17368399875954252,0.24061633355194503,0.41505240538409793,0.5646391116614499,0.49143401439722034,0.30158502867890613,0.33413206140478013,0.4455643701916962,0.39396083176656793,0.4342388753612635,0.5513176146637542
rectangle,0.24061633355194506,0.1841785726935268,0.37453919941326885,0.5581683669664826,0.5441658978903688,0.3538479362897208,0.3757292903114425,0.430519844550162,0.3686729426286422,0.466769560828869,0.5934407379382208
parallelogram,0.41505240538409793,0.3745391994132689,0.3011681144343582,0.42181779326941937,0.560457256458033,0.45742975967776756,0.4539691865273119,0.496493746698622,0.4607088269233897,0.42995493694208814,0.5524360772862951
losange,0.5646391116614498,0.5581683669664826,0.42181779326941937,0.33661843553012494,0.6142367724870403,0.5751269580707171,0.5801936776519362,0.627586095841556,0.6187435305266332,0.4735973474766687,0.5440308255330449
isoTrapezoid,0.49143401439722034,0.5441658978903688,0.560457256458033,0.6142367724870403,0.30086666268877543,0.4280204977894205,0.3951117867479401,0.5401470431936511,0.5303224618700368,0.41346601024341834,0.43280371610619356
kite,0.30158502867890613,0.3538479362897208,0.45742975967776756,0.5751269580707172,0.4280204977894205,0.25560283123739164,0.2968474624037545,0.4370673490656518,0.4088607234689643,0.43460366862534616,0.5178029276454179
rightKite,0.33413206140478013,0.3757292903114425,0.4539691865273119,0.5801936776519362,0.3951117867479401,0.2968474624037545,0.2612191792834783,0.4193251286210008,0.39830634290838157,0.3963548930001681,0.49389751958697187
rustedHinge,0.44556437019169615,0.43051984455016196,0.496493746698622,0.627586095841556,0.5401470431936511,0.4370673490656517,0.4193251286210008,0.28807522618088727,0.2987924707998011,0.5094730872095131,0.5446333866953298
hinge,0.39396083176656793,0.3686729426286422,0.4607088269233897,0.6187435305266331,0.5303224618700368,0.4088607234689643,0.39830634290838157,0.2987924707998011,0.27304660151178556,0.49200943230781424,0.5434105046596379
trapezoid,0.4342388753612635,0.466769560828869,0.42995493694208814,0.4735973474766686,0.41346601024341834,0.4346036686253462,0.3963548930001681,0.5094730872095131,0.4920094323078143,0.3307831586851247,0.41567296298607126
random,0.5513176146637542,0.5934407379382208,0.5524360772862951,0.5440308255330449,0.43280371610619356,0.5178029276454179,0.4938975195869721,0.5446333866953297,0.5434105046596379,0.41567296298607126,0.33331037197492225
