,square,rectangle,parallelogram,losange,isoTrapezoid,kite,rightKite,rustedHinge,hinge,trapezoid,random
square,0.04194959862238263,0.057217395303981684,0.06893056966670277,0.07927335607654172,0.05102585585355919,0.04931866667784264,0.04647378717844876,0.05988877948886702,0.058897506313221146,0.05321232988846007,0.06505444057009434
rectangle,0.057217395303981684,0.04461148027802981,0.05427356646106226,0.06576559160590806,0.07086145898171131,0.061566642790663276,0.059834654055024146,0.055736274448175374,0.051542644800344,0.06110573373676169,0.07451623889269132
parallelogram,0.06893056966670277,0.05427356646106226,0.04756251130642588,0.055153801444043624,0.07690720775088492,0.07232307472646522,0.06860019221029362,0.06073628399858004,0.056206872754218026,0.061471320405324825,0.07156812416146842
losange,0.07927335607654172,0.06576559160590806,0.055153801444043624,0.047791904853099004,0.08102762009574223,0.07983387885481495,0.07694509034563354,0.06484588504439825,0.06268464611649985,0.06452163625242237,0.06478052144978293
isoTrapezoid,0.051025855853559184,0.07086145898171131,0.07690720775088492,0.08102762009574223,0.0435009762920115,0.052800053923492365,0.0506980174261265,0.06998232542747589,0.0706232995468815,0.05521752518091612,0.06151960318794886
kite,0.04931866667784263,0.061566642790663276,0.07232307472646522,0.07983387885481495,0.052800053923492365,0.043854370418494354,0.047844916647408066,0.06730549739518116,0.06676564676994966,0.061333100616394985,0.07082080548875341
rightKite,0.04647378717844876,0.059834654055024146,0.0686001922102936,0.07694509034563353,0.0506980174261265,0.047844916647408066,0.0432130472824933,0.06436459238827538,0.06342613199634452,0.05362239246897636,0.06678108502343288
rustedHinge,0.059888779488867006,0.05573627444817539,0.060736283998580026,0.06484588504439825,0.0699823254274759,0.06730549739518116,0.06436459238827538,0.04644156733798079,0.047588854951678305,0.061298921181580174,0.06653076995186577
hinge,0.058897506313221146,0.051542644800344,0.05620687275421804,0.06268464611649985,0.0706232995468815,0.06676564676994966,0.06342613199634452,0.04758885495167831,0.045935131885193894,0.05975109096662953,0.06728861686429322
trapezoid,0.05321232988846007,0.06110573373676169,0.06147132040532481,0.06452163625242238,0.05521752518091612,0.061333100616394985,0.053622392468976356,0.061298921181580174,0.05975109096662953,0.044112686643421266,0.052883976914859285
random,0.06505444057009435,0.07451623889269134,0.07156812416146842,0.06478052144978293,0.06151960318794886,0.07082080548875341,0.06678108502343288,0.06653076995186577,0.06728861686429323,0.052883976914859285,0.04617869332406412
