,square,rectangle,parallelogram,losange,isoTrapezoid,kite,rightKite,rustedHinge,hinge,trapezoid,random
square,0.01906942699591275,0.024831902447775937,0.03261893478920649,0.03637711921752412,0.023472444016746034,0.02311569278642538,0.022874673740467033,0.0288310329655761,0.028022271623327565,0.025505246534526963,0.03032843959446201
rectangle,0.024831902447775937,0.018169101201631902,0.02325801959034717,0.02943269083863913,0.03375527125386057,0.02905235827987431,0.02985905134734136,0.02904504911609894,0.02542884415742203,0.02852843432125384,0.03864554243593978
parallelogram,0.03261893478920649,0.02325801959034717,0.019964072396443093,0.02473547942042516,0.04179983160361373,0.037948693480941,0.037517815360950085,0.03371192725073537,0.029337351255203856,0.030625074195500108,0.04128795895244076
losange,0.03637711921752413,0.029432690838639135,0.02473547942042516,0.02264491669738405,0.04369349749629149,0.04126137124259868,0.04069527451136239,0.03570816904490523,0.032921133009924226,0.03156469939298702,0.03955012452006619
isoTrapezoid,0.023472444016746034,0.03375527125386057,0.04179983160361373,0.04369349749629149,0.019129233340533125,0.023788957408349038,0.023228978428197617,0.03525184603741399,0.0357519938961708,0.027320211625379124,0.02879909746247197
kite,0.02311569278642538,0.02905235827987431,0.037948693480941,0.04126137124259869,0.023788957408349035,0.021890019676988275,0.022622092220116217,0.03525274623342404,0.034631352978039834,0.029508709335103214,0.03432394976873071
rightKite,0.02287467374046703,0.02985905134734136,0.037517815360950085,0.04069527451136239,0.023228978428197614,0.022622092220116217,0.020690509628344962,0.034500139058454594,0.0346539718941763,0.027565168812074298,0.03249645851287215
rustedHinge,0.0288310329655761,0.029045049116098946,0.033711927250735366,0.03570816904490523,0.03525184603741399,0.035252746233424045,0.034500139058454594,0.023074975313906978,0.02459190971641181,0.031205649479146665,0.034198605253540515
hinge,0.028022271623327565,0.02542884415742203,0.029337351255203856,0.032921133009924226,0.03575199389617081,0.034631352978039834,0.03465397189417631,0.02459190971641181,0.023630322151885683,0.030688672452687887,0.03564681137520946
trapezoid,0.025505246534526963,0.02852843432125384,0.0306250741955001,0.03156469939298702,0.02732021162537912,0.029508709335103214,0.0275651688120743,0.031205649479146665,0.030688672452687887,0.023153320302944532,0.02793697274162035
random,0.03032843959446201,0.03864554243593979,0.04128795895244076,0.03955012452006619,0.028799097462471963,0.034323949768730704,0.03249645851287215,0.034198605253540515,0.03564681137520947,0.02793697274162035,0.02610563587857363
