,square,rectangle,parallelogram,losange,isoTrapezoid,kite,rightKite,rustedHinge,hinge,trapezoid,random
square,0.0,0.009152125638368869,0.014890562347968261,0.017725790895784077,0.009265306712662014,0.008405864823066045,0.007156600159707871,0.012034269258117125,0.01147929371590195,0.009961312269394007,0.01845445954461855
rectangle,0.009152125638368869,1.1102230246251565e-16,0.006490148400800866,0.013894891481805782,0.026764649876973023,0.017309546778470186,0.016980979522419504,0.010587628438996854,0.006980034741840502,0.01886366137033879,0.0330791793383548
parallelogram,0.014890562347968261,0.006490148400800866,0.0,0.00716235771752638,0.0276187176852577,0.02213902258731848,0.01798101213758252,0.01539328341316426,0.009767374031688925,0.01456075593870132,0.0289531211095877
losange,0.017725790895784077,0.013894891481805782,0.00716235771752638,0.0,0.027086493768765818,0.02921851418472854,0.022469622440038584,0.017770674652810348,0.013522269654432928,0.011033652481765355,0.01961634030257431
isoTrapezoid,0.009265306712662014,0.026764649876973023,0.0276187176852577,0.027086493768765818,0.0,0.010106108125277014,0.008951486644895867,0.025199307552749906,0.02462868112911165,0.009056461555680517,0.011676390941026127
kite,0.008405864823066045,0.017309546778470186,0.02213902258731848,0.02921851418472854,0.010106108125277014,0.0,0.003873678208792586,0.021790966084183294,0.02146476641594286,0.017245956772755533,0.027404531565732193
rightKite,0.007156600159707871,0.016980979522419504,0.01798101213758252,0.022469622440038584,0.008951486644895867,0.003873678208792586,0.0,0.02097292092595726,0.020021411596418792,0.010149964357897057,0.02122977360450895
rustedHinge,0.012034269258117125,0.010587628438996854,0.01539328341316426,0.017770674652810348,0.025199307552749906,0.021790966084183294,0.02097292092595726,0.0,0.001936506108640157,0.020423722992961246,0.027804229730346353
hinge,0.01147929371590195,0.006980034741840502,0.009767374031688925,0.013522269654432928,0.02462868112911165,0.02146476641594286,0.020021411596418792,0.001936506108640157,0.0,0.017298245612770602,0.026172861227351074
trapezoid,0.009961312269394007,0.01886366137033879,0.01456075593870132,0.011033652481765355,0.009056461555680517,0.017245956772755533,0.010149964357897057,0.020423722992961246,0.017298245612770602,0.0,0.006041941326830225
random,0.01845445954461855,0.0330791793383548,0.0289531211095877,0.01961634030257431,0.011676390941026127,0.027404531565732193,0.02122977360450895,0.027804229730346353,0.026172861227351074,0.006041941326830225,1.1102230246251565e-16
