,square,rectangle,parallelogram,losange,isoTrapezoid,kite,rightKite,rustedHinge,hinge,trapezoid,random
square,0.0,0.04032383003411666,0.06932299673556075,0.09630599952677776,0.022526665624622577,0.016245155813113477,0.009828969855599445,0.044440582433078246,0.04306353876461655,0.027256861207666905,0.06288493006584628
rectangle,0.04032383003411666,2.220446049250313e-16,0.018934725377952266,0.05439006945008518,0.08067754893207157,0.049087394722757804,0.045922391881075275,0.030723161224436968,0.0189303374585289,0.047919150740523886,0.09533850956393719
parallelogram,0.06932299673556075,0.018934725377952266,0.0,0.01978841796138353,0.09931134744720183,0.07834074553744541,0.06864149368785721,0.03963074154785362,0.026229359617868875,0.04758001858893479,0.08324056003040059
losange,0.09630599952677776,0.05439006945008518,0.01978841796138353,0.0,0.10787789849892337,0.10404510393288968,0.09161596329447397,0.05252282521626461,0.04420278982884085,0.04995837025797323,0.05605795119810819
isoTrapezoid,0.022526665624622577,0.08067754893207157,0.09931134744720183,0.10787789849892337,2.220446049250313e-16,0.025394017205389918,0.01978490992027493,0.07407034818423053,0.07770274298432867,0.030589329571721113,0.04725820366309608
kite,0.016245155813113477,0.049087394722757804,0.07834074553744541,0.10404510393288968,0.025394017205389918,0.0,0.010575775545403343,0.06877806765493022,0.06723630041998852,0.04814037966147011,0.08192284754398627
rightKite,0.009828969855599445,0.045922391881075275,0.06864149368785721,0.09161596329447397,0.01978490992027493,0.010575775545403343,0.0,0.05942585344140461,0.057488386525272106,0.026893354573618744,0.06613257519172666
rustedHinge,0.044440582433078246,0.030723161224436968,0.03963074154785362,0.05252282521626461,0.07407034818423053,0.06877806765493022,0.05942585344140461,0.0,0.0038198527664825566,0.044959723106039795,0.06663077432364017
hinge,0.04306353876461655,0.0189303374585289,0.026229359617868875,0.04420278982884085,0.07770274298432867,0.06723630041998852,0.057488386525272106,0.0038198527664825566,0.0,0.04083720368995969,0.06886536403527188
trapezoid,0.027256861207666905,0.047919150740523886,0.04758001858893479,0.04995837025797323,0.030589329571721113,0.04814037966147011,0.026893354573618744,0.044959723106039795,0.04083720368995969,0.0,0.0231835690936103
random,0.06288493006584628,0.09533850956393719,0.08324056003040059,0.05605795119810819,0.04725820366309608,0.08192284754398627,0.06613257519172666,0.06663077432364017,0.06886536403527188,0.0231835690936103,0.0
