,square,rectangle,parallelogram,losange,isoTrapezoid,kite,rightKite,rustedHinge,hinge,trapezoid,random
square,0.0,0.012941289509289855,0.02218636022425302,0.03236616390825442,0.008027675036378468,0.006426817784597416,0.003880960713788073,0.0145073567072177,0.013826913507738792,0.00998561316818658,0.020642030798718514
rectangle,0.012941289509289855,0.0,0.007666612789392402,0.018543205761693993,0.024877019948378876,0.016298395630401252,0.014704361458056092,0.009348510677019473,0.005975206414884471,0.01594940270847689,0.027357098578880912
parallelogram,0.02218636022425302,0.007666612789392402,2.220446049250313e-16,0.0069563150746821956,0.028826810097560274,0.02461715484868876,0.021307343357343078,0.012368269392636688,0.008678319764729991,0.014378074656740791,0.02241093285396567
losange,0.03236616390825442,0.018543205761693993,0.0069563150746821956,2.220446049250313e-16,0.03287469478096727,0.032055483012297326,0.029691149149005946,0.01675747012340112,0.01502814779328332,0.017653743598746052,0.016688183513624222
isoTrapezoid,0.008027675036378468,0.024877019948378876,0.028826810097560274,0.03287469478096727,0.0,0.009078856672232183,0.007223986474055422,0.022782996909174735,0.023678545945630236,0.010897535502231048,0.016436899862510734
kite,0.006426817784597416,0.016298395630401252,0.02461715484868876,0.032055483012297326,0.009078856672232183,0.0,0.004086851900749977,0.02036552293573657,0.020407323718605097,0.01714310345058334,0.025421764582287176
rightKite,0.003880960713788073,0.014704361458056092,0.021307343357343078,0.029691149149005946,0.007223986474055422,0.004086851900749977,0.0,0.018020375367342578,0.017354233886470394,0.010174971642661124,0.021951509938248015
rustedHinge,0.0145073567072177,0.009348510677019473,0.012368269392636688,0.01675747012340112,0.022782996909174735,0.02036552293573657,0.018020375367342578,0.0,0.0012531587907037567,0.014965936187759432,0.018736615796632106
hinge,0.013826913507738792,0.005975206414884471,0.008678319764729991,0.01502814779328332,0.023678545945630236,0.020407323718605097,0.017354233886470394,0.0012531587907037567,0.0,0.01368761233342597,0.0195977470592269
trapezoid,0.00998561316818658,0.01594940270847689,0.014378074656740791,0.017653743598746052,0.010897535502231048,0.01714310345058334,0.010174971642661124,0.014965936187759432,0.01368761233342597,0.0,0.007550218819359578
random,0.020642030798718514,0.027357098578880912,0.02241093285396567,0.016688183513624222,0.016436899862510734,0.025421764582287176,0.021951509938248015,0.018736615796632106,0.0195977470592269,0.007550218819359578,0.0
