,square,rectangle,parallelogram,losange,isoTrapezoid,kite,rightKite,rustedHinge,hinge,trapezoid,random
square,2560.1970206030264,3170.364604428452,3575.5703233962026,3868.891555716327,3004.298151237614,2916.082497500793,2810.5997977114216,3285.694844851388,3243.0348672409955,3103.1066820740107,3504.001651034313
rectangle,3170.364604428452,2631.590198754903,3088.2619490641823,3481.6611867359507,3625.3250035620867,3309.2671999367685,3271.428911977222,3169.7732026526674,2998.590623331829,3338.5649124500897,3779.1715002268566
parallelogram,3575.5703233962026,3088.2619490641828,2796.9830074234587,3114.4338378711464,3856.6359232683826,3709.333030040843,3592.1209978254465,3378.9126187711745,3203.0285547132007,3357.351883998117,3705.370313595026
losange,3868.891555716327,3481.6611867359507,3114.4338378711454,2819.7519549097183,3976.4092835999145,3953.7417374615093,3834.561424081896,3532.5749389678335,3432.4346795269016,3417.806473389659,3487.3509357732314
isoTrapezoid,3004.298151237614,3625.3250035620867,3856.6359232683826,3976.4092835999145,2667.2689785180987,3076.856255974155,2978.129831041593,3611.5582447324105,3621.35247245891,3174.420128470051,3403.2324347665776
kite,2916.082497500793,3309.2671999367685,3709.333030040843,3953.7417374615093,3076.856255974155,2621.5396449026002,2838.8868804943504,3556.0528604463693,3527.2295852325424,3417.6448042680954,3738.3820275920693
rightKite,2810.5997977114216,3271.428911977222,3592.1209978254465,3834.561424081896,2978.1298310415928,2838.8868804943504,2602.8249847233515,3454.581344757883,3416.682767861024,3128.8395661892546,3567.3509834333177
rustedHinge,3285.694844851388,3169.7732026526674,3378.9126187711745,3532.5749389678335,3611.5582447324105,3556.0528604463693,3454.581344757883,2720.630653256572,2803.0611792614527,3364.793070588122,3547.2991526021556
hinge,3243.0348672409955,2998.5906233318287,3203.0285547132007,3432.4346795269025,3621.3524724589092,3527.2295852325415,3416.682767861024,2803.0611792614527,2698.566576538775,3299.388675641569,3553.133117059858
trapezoid,3103.1066820740107,3338.5649124500897,3357.351883998117,3417.806473389659,3174.420128470051,3417.6448042680954,3128.8395661892546,3364.7930705881213,3299.388675641568,2704.0739289614844,3074.0089404277737
random,3504.001651034313,3779.171500226857,3705.370313595026,3487.350935773232,3403.2324347665785,3738.3820275920693,3567.3509834333177,3547.2991526021556,3553.133117059858,3074.0089404277737,2782.7756766489515
