,square,rectangle,parallelogram,losange,isoTrapezoid,kite,rightKite,rustedHinge,hinge,trapezoid,random
square,0.024870599214096702,0.02986466855208682,0.03551571456717878,0.040463560272511606,0.028315883433184124,0.028051213572309268,0.02707092546641478,0.03179039733465299,0.03096680018512064,0.029982548407394713,0.03484619314710507
rectangle,0.02986466855208682,0.024036010876985446,0.02942511408182451,0.03524771207575383,0.03609278099315028,0.03204645377966834,0.031365937198747675,0.029540285085019612,0.02747279863171993,0.03241438882949863,0.03896159992873156
parallelogram,0.03551571456717877,0.029425114081824518,0.026971297156326065,0.030842950450820913,0.03916508832183582,0.03762127766283376,0.035488531175414936,0.03298347284575267,0.03079302634684302,0.03243798844712433,0.037885760366733474
losange,0.040463560272511606,0.03524771207575383,0.030842950450820906,0.027513986047024375,0.04135720498767115,0.04151646455798386,0.03970013861738677,0.03537136436093525,0.03430503796814277,0.03378520206142168,0.035308254153663024
isoTrapezoid,0.028315883433184124,0.03609278099315028,0.039165088321835816,0.04135720498767115,0.024388569563205027,0.029005261607206023,0.02825536480074231,0.03637068333284573,0.036230125380054976,0.03020982051235305,0.03290590047282752
kite,0.028051213572309268,0.03204645377966834,0.037621277662833755,0.04151646455798386,0.029005261607206023,0.025346572356574552,0.027297552463551058,0.0353040935888498,0.03481468525083766,0.03350978535161066,0.03771832365806651
rightKite,0.027070925466414784,0.031365937198747675,0.03548853117541493,0.03970013861738676,0.02825536480074231,0.027297552463551058,0.025107348719947766,0.034250549824059985,0.03353232067863452,0.030002179002114188,0.03572981202554514
rustedHinge,0.031790397334653,0.029540285085019612,0.032983472845752676,0.03537136436093525,0.03637068333284574,0.03530409358884979,0.034250549824059985,0.025223278327836433,0.025793479211901428,0.03328406031282235,0.035828076593160785
hinge,0.03096680018512064,0.02747279863171993,0.03079302634684302,0.034305037968142764,0.03623012538005497,0.03481468525083766,0.03353232067863453,0.025793479211901428,0.02491016213852074,0.032282559987335605,0.035912560339498314
trapezoid,0.02998254840739472,0.03241438882949863,0.03243798844712433,0.03378520206142168,0.03020982051235305,0.03350978535161066,0.030002179002114188,0.03328406031282235,0.032282559987335605,0.025749922710497766,0.029678848854940654
random,0.03484619314710507,0.03896159992873156,0.03788576036673347,0.035308254153663024,0.03290590047282753,0.03771832365806651,0.03572981202554514,0.035828076593160785,0.035912560339498314,0.029678848854940647,0.026541962283785997
