,square,rectangle,parallelogram,losange,isoTrapezoid,kite,rightKite,rustedHinge,hinge,trapezoid,random
square,0.09978356803885577,0.11367570179010449,0.15329630164402652,0.17000237869322687,0.1431218903670017,0.14395320657129354,0.13962917442219017,0.15554574839919513,0.14883417531641208,0.1479108025205003,0.17084896257442525
rectangle,0.1136757017901045,0.09790393796733256,0.1382716487637738,0.16005744953589304,0.16165359141360844,0.15276452889197406,0.14950598928001807,0.14924193049942716,0.1392243148452302,0.1545180871382858,0.18033584303272265
parallelogram,0.15329630164402652,0.13827164876377376,0.11684311314275166,0.1341985296387453,0.17634190460105276,0.17529109610768984,0.16870725033575054,0.16717894403966901,0.1567519326843555,0.15077663568023844,0.17423126512569295
losange,0.17000237869322685,0.16005744953589304,0.13419852963874532,0.11810376909664634,0.18178157304301776,0.1861230184791407,0.17973597678517306,0.17660339286095253,0.1700970439673874,0.15192324910533553,0.16435494834350672
isoTrapezoid,0.1431218903670017,0.16165359141360844,0.17634190460105276,0.18178157304301776,0.11253109282774734,0.1391887764131492,0.134148169765862,0.17094669256679376,0.17007199002644519,0.13764251770500563,0.15197782714631147
kite,0.14395320657129354,0.15276452889197406,0.17529109610768984,0.18612301847914073,0.1391887764131492,0.10958177328650796,0.1208114502123612,0.1638502081464193,0.1607129821045512,0.1565168135898509,0.165467806292126
rightKite,0.13962917442219017,0.14950598928001807,0.16870725033575057,0.17973597678517306,0.134148169765862,0.12081145021236117,0.10830141014604294,0.15814439484434883,0.15532391520516434,0.14082331796574662,0.15673792166483064
rustedHinge,0.1555457483991951,0.14924193049942716,0.16717894403966901,0.1766033928609525,0.17094669256679373,0.1638502081464193,0.15814439484434883,0.11025533386472225,0.11511987647959347,0.16271234192520959,0.16304633192754092
hinge,0.14883417531641208,0.13922431484523018,0.1567519326843555,0.17009704396738742,0.17007199002644519,0.1607129821045512,0.15532391520516434,0.11511987647959347,0.10996257925132263,0.15757601477065145,0.15991734621355094
trapezoid,0.14791080252050032,0.1545180871382858,0.15077663568023844,0.1519232491053355,0.13764251770500563,0.15651681358985092,0.14082331796574662,0.16271234192520959,0.15757601477065145,0.11365505258066595,0.13320402768055323
random,0.17084896257442525,0.18033584303272263,0.17423126512569295,0.1643549483435067,0.15197782714631147,0.165467806292126,0.15673792166483064,0.16304633192754092,0.15991734621355091,0.13320402768055323,0.11276920767597716
