,square,rectangle,parallelogram,losange,isoTrapezoid,kite,rightKite,rustedHinge,hinge,trapezoid,random
square,0.20320294940501382,0.23214279070476282,0.25815587969003434,0.28077462541627873,0.22289296479982626,0.21884784523048417,0.2134318956751484,0.24038468874777225,0.23721603177688505,0.22869975886200852,0.2547254744570887
rectangle,0.23214279070476282,0.19256536606700994,0.22282585564135315,0.25053775068049966,0.26886270744060625,0.2412075872237968,0.2378284195611627,0.22193790499117122,0.21145441176088323,0.24108998152718966,0.2741158458200224
parallelogram,0.25815587969003434,0.22282585564135315,0.2150245039118944,0.23474977790899698,0.28001526626872286,0.26645003586590593,0.25748318734010855,0.24110917378268468,0.23089870824628325,0.24530231777248288,0.2722936324836004
losange,0.28077462541627873,0.2505377506804996,0.23474977790899693,0.21655727992745225,0.2867732119423285,0.28328496419026095,0.2766990613559173,0.25113513873871646,0.2461599470294976,0.25063924062723625,0.256150038488963
isoTrapezoid,0.22289296479982626,0.26886270744060625,0.28001526626872286,0.2867732119423285,0.20006925164005984,0.2258320444862732,0.2224902750794556,0.2668247437030046,0.2678892827207905,0.23220267080169216,0.2468694980054424
kite,0.21884784523048417,0.2412075872237968,0.266450035865906,0.28328496419026095,0.2258320444862732,0.20395573428285496,0.2147164150086957,0.25701289180471626,0.2547956206599203,0.24375048226940113,0.2653852616600753
rightKite,0.2134318956751484,0.2378284195611627,0.25748318734010855,0.2766990613559173,0.2224902750794556,0.2147164150086957,0.20458561360480174,0.25028315476141033,0.24723669331474243,0.2287768449575892,0.25940771799371254
rustedHinge,0.24038468874777225,0.22193790499117122,0.24110917378268468,0.25113513873871646,0.26682474370300463,0.25701289180471626,0.25028315476141033,0.204257982129772,0.20608849613115557,0.24485596094892234,0.2591868578470801
hinge,0.23721603177688505,0.21145441176088323,0.23089870824628325,0.24615994702949764,0.2678892827207905,0.25479562065992023,0.2472366933147424,0.20608849613115554,0.2011667706309636,0.24051858153267422,0.2602649681413016
trapezoid,0.22869975886200852,0.24108998152718963,0.24530231777248288,0.25063924062723625,0.23220267080169218,0.24375048226940108,0.22877684495758915,0.24485596094892234,0.24051858153267427,0.20725792957991304,0.2306082500283699
random,0.2547254744570887,0.27411584582002246,0.2722936324836004,0.256150038488963,0.2468694980054424,0.2653852616600753,0.2594077179937126,0.2591868578470801,0.2602649681413016,0.23060825002836996,0.2101100432717483
