,square,rectangle,parallelogram,losange,isoTrapezoid,kite,rightKite,rustedHinge,hinge,trapezoid,random
square,0.012225491971321082,0.014693306963844995,0.018105728406278818,0.021244835468201544,0.014261896158510845,0.014062629302435377,0.013643100264608602,0.016153455024322964,0.01570924013282589,0.015172196895274201,0.017911400969216104
rectangle,0.014693306963844995,0.01214357989647219,0.015098407007883351,0.018660333365385667,0.017939536693285386,0.01601638481799096,0.015725210404251434,0.015277430983812424,0.014242334332237996,0.016412291767912878,0.020040025933003636
parallelogram,0.018105728406278818,0.015098407007883348,0.01328359014994001,0.015495269433309714,0.019919803200130873,0.01924154843409197,0.01798122483543312,0.017043400205685524,0.01591536465039046,0.01624176204105698,0.019246907906809704
losange,0.021244835468201544,0.018660333365385667,0.01549526943330971,0.013842386444977097,0.021603039790224238,0.021806164026612368,0.020567295327486017,0.018731201581820938,0.01817050104059827,0.01723106100780169,0.01833013025621239
isoTrapezoid,0.014261896158510845,0.01793953669328539,0.019919803200130873,0.021603039790224238,0.012270437710425717,0.014466544599707155,0.014120687146734793,0.018411957553453404,0.018301482651914745,0.015130018115794012,0.01663556462798959
kite,0.01406262930243538,0.01601638481799096,0.019241548434091968,0.021806164026612368,0.014466544599707155,0.01242195289974435,0.013447055236756409,0.01783076231129624,0.017628021219916083,0.016950527129136615,0.019302820545749083
rightKite,0.013643100264608602,0.015725210404251434,0.01798122483543312,0.020567295327486017,0.014120687146734789,0.013447055236756409,0.012266660780985565,0.017397932270682922,0.0170667250680109,0.014931927147608966,0.017960425048568505
rustedHinge,0.016153455024322964,0.015277430983812424,0.017043400205685524,0.018731201581820938,0.0184119575534534,0.017830762311296242,0.017397932270682922,0.012495870163256683,0.012958384239294955,0.01706438148554197,0.018388093752527507
hinge,0.015709240132825892,0.014242334332237996,0.01591536465039046,0.01817050104059827,0.018301482651914745,0.017628021219916083,0.0170667250680109,0.012958384239294955,0.012595743981701192,0.016527080587932782,0.018355278330865428
trapezoid,0.015172196895274201,0.016412291767912878,0.01624176204105698,0.01723106100780169,0.015130018115794015,0.016950527129136615,0.014931927147608966,0.01706438148554197,0.016527080587932782,0.012710147064168804,0.014798677967416131
random,0.017911400969216104,0.020040025933003636,0.019246907906809704,0.018330130256212395,0.016635564627989586,0.01930282054574908,0.017960425048568505,0.018388093752527507,0.018355278330865425,0.014798677967416131,0.013380568213797265
