,square,rectangle,parallelogram,losange,isoTrapezoid,kite,rightKite,rustedHinge,hinge,trapezoid,random
square,0.014372937758158774,0.017291627017453,0.021416051556777956,0.025246797680497823,0.016952439900160304,0.016731380726613076,0.016185320826330046,0.019136446420191543,0.01861012200438258,0.017977205712160046,0.021329563583222053
rectangle,0.017291627017453,0.01424104040559077,0.01783891626124475,0.0222123483641158,0.021355957430808745,0.01904824774108883,0.01863161002660314,0.018053947714834317,0.016824205517219134,0.019442860857842838,0.023875778913600463
parallelogram,0.021416051556777952,0.017838916261244755,0.01564998422043576,0.01826890053922153,0.02370451376540779,0.0228538424676219,0.02126836578199951,0.02012554622904289,0.018768667118698113,0.019172056762450904,0.022773037072647256
losange,0.025246797680497823,0.0222123483641158,0.01826890053922153,0.01631379676008617,0.025737550334100412,0.025983909059980666,0.02439916651336723,0.022219035390529232,0.021539564834032167,0.02034697286684198,0.021631546970442356
isoTrapezoid,0.016952439900160304,0.021355957430808745,0.02370451376540779,0.025737550334100412,0.014545544471434767,0.017186906741982685,0.01675674252199812,0.02200435348357207,0.021868410471823252,0.017961894111542285,0.01977738895400305
kite,0.016731380726613076,0.01904824774108883,0.0228538424676219,0.025983909059980666,0.017186906741982685,0.014682055543983795,0.01588974549099724,0.021277408460897512,0.0210456072258591,0.020165824997511145,0.023012575755339888
rightKite,0.016185320826330046,0.01863161002660314,0.021268365781999515,0.02439916651336723,0.01675674252199812,0.01588974549099724,0.014442353043615875,0.02065085112892334,0.02027001417925175,0.017683169821907,0.021325472741399187
rustedHinge,0.019136446420191543,0.018053947714834314,0.020125546229042886,0.02221903539052923,0.022004353483572065,0.021277408460897512,0.02065085112892334,0.014557487616955408,0.015137623016471272,0.020249468385491246,0.02183565063861366
hinge,0.01861012200438258,0.01682420551721913,0.01876866711869812,0.021539564834032167,0.021868410471823255,0.0210456072258591,0.02027001417925175,0.015137623016471273,0.014721582136867636,0.019587568245715215,0.021771771936207295
trapezoid,0.017977205712160046,0.01944286085784284,0.019172056762450904,0.02034697286684198,0.01796189411154228,0.02016582499751115,0.017683169821906996,0.020249468385491246,0.01958756824571522,0.014974091251753642,0.017451531685525837
random,0.021329563583222053,0.023875778913600463,0.022773037072647256,0.021631546970442356,0.019777388954003047,0.023012575755339888,0.021325472741399187,0.02183565063861366,0.021771771936207295,0.017451531685525837,0.01570541986684471
