,square,rectangle,parallelogram,losange,isoTrapezoid,kite,rightKite,rustedHinge,hinge,trapezoid,random
square,0.06675934808535838,0.07615633010018523,0.09926476860276769,0.11168410383853666,0.08932036060160324,0.08998950842265169,0.08705806839771357,0.09849035589824573,0.09380985861102724,0.09307260246982059,0.10825306512576417
rectangle,0.07615633010018523,0.06556462946726253,0.08823112005014133,0.10364083261227404,0.10264372009775133,0.09640091731300174,0.09410722331169566,0.0944067367172182,0.08742356580300666,0.09769662575017639,0.11559947865614177
parallelogram,0.09926476860276769,0.08823112005014135,0.07544556695102973,0.08671478222331652,0.11094443928858831,0.11149275837596148,0.1048034685073442,0.10461251481943476,0.0973355490495905,0.0942401126969826,0.11038239164646114
losange,0.11168410383853666,0.10364083261227407,0.08671478222331651,0.07661529681444301,0.11615487107676535,0.12104974310784897,0.11406975574052651,0.11206579506105825,0.10737589670690714,0.09624637166468096,0.10486890229311066
isoTrapezoid,0.08932036060160324,0.10264372009775133,0.11094443928858834,0.11615487107676535,0.07238140808588527,0.08703135989964893,0.08413198561143637,0.10906165694187432,0.1073279545725863,0.08750449979242472,0.09620888538907404
kite,0.08998950842265169,0.09640091731300174,0.11149275837596148,0.12104974310784897,0.08703135989964891,0.07083518563550527,0.07716421341000276,0.10579297305194511,0.10338652894282253,0.10023140915226045,0.10870249487597267
rightKite,0.08705806839771357,0.09410722331169565,0.1048034685073442,0.11406975574052651,0.08413198561143637,0.07716421341000276,0.0693260130013632,0.10227907571450562,0.09962788025488258,0.0887575444911151,0.10082666008408288
rustedHinge,0.09849035589824573,0.09440673671721819,0.10461251481943475,0.11206579506105825,0.10906165694187432,0.10579297305194511,0.10227907571450562,0.07230779836361938,0.07482845811055604,0.103394215585187,0.10538336266662318
hinge,0.09380985861102724,0.08742356580300666,0.0973355490495905,0.10737589670690713,0.1073279545725863,0.10338652894282253,0.0996278802548826,0.07482845811055604,0.07145910134335579,0.09931609246499071,0.10309245316860731
trapezoid,0.09307260246982058,0.0976966257501764,0.0942401126969826,0.09624637166468096,0.08750449979242472,0.10023140915226045,0.0887575444911151,0.10339421558518698,0.09931609246499071,0.07231220129988705,0.08479424114130796
random,0.10825306512576417,0.11559947865614176,0.11038239164646114,0.10486890229311066,0.09620888538907404,0.10870249487597267,0.10082666008408288,0.10538336266662318,0.10309245316860728,0.08479424114130796,0.07313376464180733
