,square,rectangle,parallelogram,losange,isoTrapezoid,kite,rightKite,rustedHinge,hinge,trapezoid,random
square,0.026915900612825117,0.03145315292336905,0.03944095954863339,0.04641122906498429,0.032416323410665915,0.03213183614917517,0.031108447931661825,0.03631784657677507,0.035019188158145996,0.034329796606123855,0.04099625168326523
rectangle,0.03145315292336906,0.026604668809689563,0.03376951579300519,0.041787118648678276,0.03926815041884867,0.03566116361288141,0.03489132502324426,0.03462742088638544,0.03219225936314471,0.036571337703404705,0.044937915317629674
parallelogram,0.03944095954863339,0.03376951579300518,0.029267833519007497,0.03423783140896071,0.04338870273941606,0.04246290453852171,0.039245929560773364,0.03868829419925181,0.03590596095573096,0.035560936406272746,0.04258417587233523
losange,0.04641122906498429,0.041787118648678276,0.034237831408960716,0.030629406680251058,0.047022114023421976,0.048078459562892806,0.04472345826006442,0.042552410040923146,0.0409665977292987,0.03753399375128076,0.04060351020658288
isoTrapezoid,0.032416323410665915,0.03926815041884867,0.04338870273941606,0.047022114023421976,0.027507257431112042,0.032319571372785634,0.03126939575492856,0.04118482356114602,0.04064352149543137,0.03341848163841519,0.03714981022700056
kite,0.03213183614917517,0.03566116361288141,0.04246290453852171,0.0480784595628928,0.032319571372785634,0.027297974419306047,0.029386620942084635,0.0402828743483871,0.03956290834250996,0.037799596204688084,0.04315737388085175
rightKite,0.031108447931661825,0.03489132502324426,0.039245929560773364,0.04472345826006442,0.03126939575492856,0.029386620942084635,0.026489415282598315,0.03908043918810203,0.038151519718146544,0.032985442952093456,0.03971147699788935
rustedHinge,0.03631784657677507,0.03462742088638544,0.038688294199251815,0.042552410040923146,0.041184823561146014,0.0402828743483871,0.039080439188102035,0.02732871237954937,0.028419245990906086,0.03863320193285096,0.04117640818963008
hinge,0.03501918815814601,0.03219225936314471,0.03590596095573095,0.0409665977292987,0.04064352149543137,0.03956290834250996,0.03815151971814655,0.028419245990906086,0.027569521306625967,0.0371296742157015,0.040682918144552195
trapezoid,0.03432979660612385,0.0365713377034047,0.035560936406272746,0.03753399375128076,0.03341848163841519,0.037799596204688084,0.03298544295209345,0.03863320193285096,0.03712967421570151,0.02788508132822946,0.03274085499546672
random,0.040996251683265234,0.044937915317629674,0.042584175872335234,0.04060351020658287,0.037149810227000556,0.04315737388085175,0.03971147699788934,0.04117640818963008,0.040682918144552195,0.03274085499546672,0.029463235906771135
