,square,rectangle,parallelogram,losange,isoTrapezoid,kite,rightKite,rustedHinge,hinge,trapezoid,random
square,0.029127972815416108,0.03454678590099806,0.04062013551176262,0.04577324730557696,0.03284262397364968,0.03232680750585507,0.031348216063123414,0.03669217718512846,0.03567033799506846,0.03469586954476968,0.039966660131982634
rectangle,0.03454678590099806,0.027473622558355077,0.03377493002497694,0.03989485772239737,0.0414810326263934,0.036483196461602925,0.035900819873503236,0.03366039435859644,0.03128145438623594,0.03693877268671968,0.04376997574462583
parallelogram,0.04062013551176262,0.03377493002497694,0.0324180299822287,0.036770139268216984,0.04483972580905151,0.04255740432450141,0.040659345957620094,0.037869089182705096,0.03541522665245061,0.03800840791435396,0.043644730457315345
losange,0.04577324730557696,0.03989485772239738,0.036770139268216984,0.033330203952011306,0.046977832119285294,0.04660722136628057,0.04511966625176538,0.040252252996654844,0.03890370001603962,0.03950333949944473,0.04074362311833589
isoTrapezoid,0.03284262397364968,0.0414810326263934,0.04483972580905152,0.046977832119285294,0.028584752603575098,0.03354369575192783,0.032892850842705115,0.041642932128211525,0.04138893174344927,0.03526669631465842,0.03831682610897348
kite,0.03232680750585507,0.03648319646160293,0.04255740432450141,0.04660722136628057,0.03354369575192783,0.029305363526899778,0.031515634275273596,0.040159191418901063,0.0393994357415527,0.03813160397740543,0.04273817216090419
rightKite,0.031348216063123414,0.03590081987350324,0.040659345957620094,0.04511966625176538,0.032892850842705115,0.03151563427527359,0.02949598655044472,0.03902156305162355,0.03803034364070365,0.034872440052590783,0.04115318370616641
rustedHinge,0.03669217718512846,0.03366039435859644,0.037869089182705096,0.040252252996654844,0.041642932128211525,0.040159191418901063,0.03902156305162355,0.029795096360716644,0.030009628815618947,0.03804633141067426,0.04068613811882611
hinge,0.03567033799506846,0.03128145438623594,0.035415226652450615,0.03890370001603963,0.041388931743449264,0.0393994357415527,0.03803034364070365,0.030009628815618947,0.02885615272220048,0.03681412555834028,0.0406422639142749
trapezoid,0.03469586954476968,0.03693877268671968,0.038008407914353955,0.03950333949944473,0.03526669631465842,0.03813160397740544,0.034872440052590783,0.03804633141067426,0.03681412555834028,0.030542368605126453,0.035012695020047516
random,0.03996666013198263,0.04376997574462583,0.04364473045731534,0.04074362311833589,0.03831682610897348,0.04273817216090419,0.041153183706166406,0.04068613811882611,0.04064226391427489,0.035012695020047516,0.031147588811355913
