,square,rectangle,parallelogram,losange,isoTrapezoid,kite,rightKite,rustedHinge,hinge,trapezoid,random
square,0.009045950682183924,0.012783369828414123,0.0157435193162844,0.01849126903580199,0.016637504378931793,0.01574543361696715,0.014764576709863784,0.01907956880468847,0.0181484530369412,0.016071503577580425,0.0194130789215494
rectangle,0.012783369828414123,0.010431660520235437,0.016122814231985305,0.01965399044545582,0.018945072928205055,0.01763597192658465,0.016864840163419773,0.019750520525376018,0.01840795521224844,0.017803165453536222,0.02119100163584874
parallelogram,0.0157435193162844,0.0161228142319853,0.01162464794204026,0.01407121116751032,0.01777411221574143,0.01632205500071966,0.015706587060964495,0.017944952151409167,0.01684496922395674,0.015043138855853925,0.01775311472296008
losange,0.018491269035801994,0.01965399044545582,0.01407121116751032,0.013124526668412493,0.019435576456716876,0.018412055983264022,0.017729443979834867,0.01986246952628256,0.019076574286773312,0.016108065752787386,0.018056376177717076
isoTrapezoid,0.01663750437893179,0.018945072928205055,0.017774112215741433,0.019435576456716876,0.010301343253066744,0.012658254121902681,0.012224727485680825,0.01619825642509239,0.01575007320384647,0.013537869798560868,0.014792645134436445
kite,0.01574543361696715,0.01763597192658465,0.01632205500071966,0.018412055983264022,0.012658254121902685,0.009122599288669155,0.010006160362556004,0.014577356374642435,0.014002627458999177,0.013595459972182457,0.014603543933786161
rightKite,0.014764576709863784,0.016864840163419773,0.01570658706096449,0.017729443979834867,0.012224727485680825,0.010006160362556004,0.008773871146312935,0.014217692269363522,0.013743918072505823,0.01264404165382634,0.013961869976093404
rustedHinge,0.01907956880468847,0.019750520525376018,0.017944952151409167,0.019862469526282556,0.01619825642509239,0.014577356374642435,0.014217692269363522,0.011919356559111964,0.01234173524595755,0.015875050121806455,0.016026267138490466
hinge,0.0181484530369412,0.01840795521224844,0.016844969223956743,0.019076574286773312,0.015750073203846474,0.014002627458999177,0.013743918072505827,0.01234173524595755,0.011480296120025395,0.015066430876113463,0.015486753258959932
trapezoid,0.016071503577580425,0.017803165453536222,0.015043138855853925,0.016108065752787386,0.013537869798560864,0.013595459972182457,0.01264404165382634,0.015875050121806455,0.01506643087611346,0.010725642650236488,0.012984625836192679
random,0.019413078921549403,0.02119100163584874,0.01775311472296008,0.018056376177717076,0.014792645134436445,0.014603543933786161,0.013961869976093404,0.01602626713849047,0.015486753258959932,0.012984625836192679,0.011051635276318052
