,square,rectangle,parallelogram,losange,isoTrapezoid,kite,rightKite,rustedHinge,hinge,trapezoid,random
square,0.0026166878382565643,0.0033255810265616294,0.0043714645899545265,0.004817230371501118,0.004064911357445223,0.004090549203071244,0.003871978308158825,0.004497740807546894,0.004471506484559207,0.004276155322729796,0.004732577889934641
rectangle,0.0033255810265616294,0.0026937880632036085,0.00420951015001022,0.004820447871818761,0.004404557604815277,0.004330699761148231,0.004151197507331461,0.00439439054516708,0.004287077668573491,0.004485882697907917,0.004967482406648831
parallelogram,0.0043714645899545265,0.004209510150010221,0.0031511740978181022,0.0036649962091497798,0.004653726547264429,0.004467423975057723,0.0043636666281538635,0.0044837329890121055,0.004361005469721382,0.004108308299141103,0.004545972749212391
losange,0.004817230371501117,0.004820447871818761,0.0036649962091497798,0.003316900697613637,0.004897003329617704,0.0047866336794417895,0.0046790672521294895,0.004753315788737921,0.004712713562603537,0.004212389525954152,0.004444670683749796
isoTrapezoid,0.004064911357445224,0.004404557604815277,0.004653726547264428,0.004897003329617704,0.002585716505800507,0.003217011929651064,0.0030845709031483387,0.0038403213577634285,0.0039046425247143426,0.003435996328508489,0.0035762632594792277
kite,0.004090549203071244,0.00433069976114823,0.004467423975057722,0.0047866336794417895,0.003217011929651064,0.002396645602157351,0.0026538472816469635,0.0035783155385060183,0.0035785966245061563,0.003613788318616647,0.0036313816332872294
rightKite,0.003871978308158825,0.004151197507331461,0.0043636666281538635,0.0046790672521294895,0.0030845709031483387,0.002653847281646964,0.002352683177175326,0.0034438846637831304,0.003466013431517894,0.003358940814884148,0.0034733482741485236
rustedHinge,0.004497740807546894,0.00439439054516708,0.0044837329890121055,0.0047533157887379215,0.0038403213577634285,0.0035783155385060183,0.0034438846637831304,0.0025648865600718437,0.0027849040277194794,0.0038445019869587124,0.0036724102748254303
hinge,0.004471506484559206,0.004287077668573491,0.004361005469721382,0.004712713562603537,0.0039046425247143426,0.0035785966245061563,0.0034660134315178943,0.0027849040277194794,0.002724606691584241,0.0038000927701718266,0.003672977447245941
trapezoid,0.004276155322729796,0.004485882697907917,0.004108308299141103,0.004212389525954152,0.003435996328508489,0.003613788318616647,0.003358940814884149,0.0038445019869587124,0.0038000927701718275,0.0028286375010831625,0.0031892860454028216
random,0.004732577889934641,0.004967482406648831,0.004545972749212391,0.004444670683749795,0.0035762632594792277,0.0036313816332872286,0.0034733482741485236,0.0036724102748254303,0.003672977447245941,0.0031892860454028216,0.0025655455022204946
