,square,rectangle,parallelogram,losange,isoTrapezoid,kite,rightKite,rustedHinge,hinge,trapezoid,random
square,0.091324853719623,0.10583046235525763,0.1219205585414419,0.13596810823224853,0.10176547138481207,0.10012844648063429,0.09716899133878079,0.11214047722197937,0.10922012247541109,0.10645683670818057,0.12145778825826758
rectangle,0.10583046235525763,0.08363572584092362,0.10170346372616476,0.11882426015677337,0.12646400003030275,0.11144309387352846,0.10939488803894994,0.10176719055070339,0.09484209822219833,0.11200882226011849,0.13163742929432706
parallelogram,0.1219205585414419,0.10170346372616476,0.09789747409965571,0.10997976972577429,0.13383671503396735,0.12716546727914615,0.12172263461665263,0.11367754383500661,0.10680933317983789,0.11411191007920249,0.13065162187586457
losange,0.13596810823224853,0.11882426015677337,0.10997976972577429,0.0996565584980324,0.13874336483036862,0.13765315450363025,0.13366748951565757,0.1200222323091964,0.11652479007180093,0.11759130859321999,0.12111556950762671
isoTrapezoid,0.10176547138481207,0.12646400003030273,0.13383671503396735,0.1387433648303686,0.08827026631896935,0.10310958345658476,0.1012776778230654,0.1266891294916385,0.12614582461511306,0.1073270274334367,0.11621592029946373
kite,0.10012844648063425,0.11144309387352846,0.12716546727914615,0.13765315450363022,0.10310958345658476,0.09107422884537374,0.09744753891300487,0.12177712833717286,0.1196546812339966,0.11546695045755613,0.12817031639797458
rightKite,0.09716899133878079,0.10939488803894995,0.12172263461665263,0.13366748951565757,0.1012776778230654,0.09744753891300488,0.09162651017757907,0.11817004896649828,0.11539226495335293,0.10641998852868267,0.12448603894582892
rustedHinge,0.11214047722197935,0.10176719055070339,0.11367754383500658,0.1200222323091964,0.1266891294916385,0.12177712833717282,0.11817004896649828,0.09169376328698062,0.09215780718515813,0.11530455438668294,0.12287974879265966
hinge,0.10922012247541109,0.09484209822219831,0.10680933317983789,0.11652479007180093,0.12614582461511306,0.1196546812339966,0.11539226495335293,0.09215780718515812,0.08872210973770196,0.11197849649751346,0.12315648591061847
trapezoid,0.10645683670818057,0.11200882226011849,0.11411191007920249,0.11759130859322002,0.10732702743343667,0.11546695045755613,0.10641998852868265,0.11530455438668297,0.11197849649751344,0.09359335084128456,0.10683595032483413
random,0.12145778825826758,0.13163742929432706,0.1306516218758646,0.12111556950762671,0.11621592029946373,0.1281703163979746,0.12448603894582892,0.12287974879265967,0.12315648591061847,0.1068359503248341,0.09477487875439491
