,square,rectangle,parallelogram,losange,isoTrapezoid,kite,rightKite,rustedHinge,hinge,trapezoid,random
square,0.30252818456623426,0.343200201923336,0.3720168462330713,0.3995532235543281,0.32909770405655825,0.3221012374109912,0.31554862259137595,0.35075677332228866,0.3480144291824332,0.3339259024931433,0.36816956939755696
rectangle,0.343200201923336,0.30523750997786414,0.3338311948019617,0.3668532097208396,0.38331543047443917,0.3544884783946344,0.3503617328217592,0.3369908456046915,0.3253801887084094,0.35573549897357315,0.3966469749430506
parallelogram,0.3720168462330713,0.3338311948019617,0.3239162725118896,0.34843699501330244,0.399955080494034,0.3824347607580511,0.37301667453532816,0.35478741788945845,0.34285140500858563,0.36293691204467277,0.39573423390714246
losange,0.3995532235543281,0.3668532097208396,0.34843699501330244,0.33261230863558694,0.41016804407217883,0.4060603580417004,0.3972950807347193,0.36886185185009623,0.3619998909810388,0.37047536194049946,0.3789269900597932
isoTrapezoid,0.3290977040565582,0.38331543047443917,0.399955080494034,0.41016804407217883,0.3096658003628166,0.3348286473844952,0.3299825570934651,0.381659269058669,0.38329958244406076,0.3417584163764981,0.36077827538026747
kite,0.3221012374109912,0.35448847839463443,0.3824347607580511,0.4060603580417004,0.3348286473844952,0.3107179608369303,0.32032979289519103,0.3727897382546819,0.370278869307675,0.3535559591827887,0.38384900430278523
rightKite,0.3155486225913759,0.3503617328217592,0.37301667453532816,0.3972950807347193,0.3299825570934651,0.32032979289519103,0.3083895492094175,0.36416829783126486,0.3611549129510054,0.33592771888931194,0.37387892158092223
rustedHinge,0.35075677332228866,0.3369908456046915,0.35478741788945845,0.36886185185009623,0.381659269058669,0.37278973825468187,0.3641682978312648,0.3173954519040972,0.3193695995668384,0.3584893808749554,0.38010422533938476
hinge,0.3480144291824332,0.3253801887084094,0.34285140500858563,0.36199989098103874,0.3832995824440607,0.370278869307675,0.36115491295100544,0.3193695995668384,0.3133156596082978,0.354055331466973,0.3809337120237918
trapezoid,0.3339259024931433,0.35573549897357315,0.36293691204467277,0.37047536194049946,0.3417584163764981,0.3535559591827887,0.33592771888931194,0.3584893808749554,0.354055331466973,0.3154872583705325,0.34472480927180255
random,0.36816956939755696,0.39664697494305073,0.39573423390714246,0.3789269900597932,0.3607782753802675,0.38384900430278523,0.37387892158092223,0.38010422533938476,0.38093371202379184,0.34472480927180255,0.3264837072591263
