,square,rectangle,parallelogram,losange,isoTrapezoid,kite,rightKite,rustedHinge,hinge,trapezoid,random
square,0.038380240863009084,0.04416697929697351,0.05760869523218039,0.0666140029120177,0.05010470064087734,0.05037724530819799,0.04879412262760234,0.055705656393770515,0.052930141858398554,0.05169974350404057,0.062004095686645076
rectangle,0.04416697929697351,0.03779251615934764,0.05068760538315524,0.06125631897746321,0.05846071070777019,0.05449587301451563,0.05327809960118648,0.05334144117748491,0.049152349295507304,0.05455131270106699,0.06659333160837919
parallelogram,0.05760869523218039,0.05068760538315524,0.04331779817195843,0.050261414956932406,0.0633636250161248,0.06349578934674097,0.05967324423599189,0.05902296709855934,0.05497353344353087,0.053134920857411935,0.06342450329406131
losange,0.06661400291201772,0.0612563189774632,0.050261414956932406,0.04461444130301601,0.06735241033356036,0.06999581384190497,0.06618397763652017,0.06389457899957178,0.061537185481735375,0.0553006722120891,0.060463987029004095
isoTrapezoid,0.05010470064087734,0.05846071070777019,0.0633636250161248,0.06735241033356036,0.040901628754783884,0.048965327627856776,0.04766082777216322,0.06146791391378316,0.060524221674624755,0.0492596038374449,0.0547941267759371
kite,0.05037724530819798,0.05449587301451563,0.06349578934674098,0.06999581384190497,0.048965327627856776,0.04032108172461241,0.0437794358507683,0.05953422979965933,0.05803741507594858,0.0564135603906902,0.06203092061243155
rightKite,0.04879412262760235,0.05327809960118648,0.05967324423599189,0.06618397763652017,0.04766082777216322,0.0437794358507683,0.03950137327453619,0.05768557827584722,0.05594171390952403,0.04996441135121479,0.057564492908278656
rustedHinge,0.055705656393770515,0.0533414411774849,0.05902296709855933,0.06389457899957177,0.06146791391378316,0.05953422979965935,0.05768557827584722,0.04108654689276354,0.042423273341520136,0.05794346725097006,0.06000410260260694
hinge,0.052930141858398554,0.049152349295507304,0.05497353344353086,0.061537185481735375,0.06052422167462474,0.05803741507594858,0.05594171390952403,0.04242327334152013,0.040524639968723734,0.0555948837943572,0.058851092604525194
trapezoid,0.051699743504040586,0.05455131270106699,0.053134920857411935,0.0553006722120891,0.04925960383744489,0.0564135603906902,0.04996441135121479,0.05794346725097006,0.0555948837943572,0.04086140698649822,0.04852008033143399
random,0.062004095686645076,0.06659333160837919,0.06342450329406131,0.060463987029004095,0.054794126775937084,0.06203092061243155,0.05756449290827864,0.06000410260260693,0.05885109260452521,0.04852008033143399,0.04223271042230146
