,square,rectangle,parallelogram,losange,isoTrapezoid,kite,rightKite,rustedHinge,hinge,trapezoid,random
square,0.13923302620314731,0.16549805839675352,0.24265875444546442,0.2684426531746335,0.22928351404279393,0.2385373248838861,0.22724796311595266,0.2589057266050932,0.24767115975859721,0.23915067127499579,0.2793348221124541
rectangle,0.16549805839675352,0.13715705595427352,0.22421484726512897,0.25743408580858307,0.24737737301871363,0.24654726304228636,0.23633835358124322,0.2448443754969102,0.22901081895816439,0.2448597671461077,0.28617051911929453
parallelogram,0.24265875444546445,0.22421484726512897,0.1737906863277691,0.2020341766948155,0.27673557996893067,0.27421725859547064,0.2689190365833444,0.27348706961400643,0.2564897717413776,0.2363457201825928,0.27411939562136806
losange,0.2684426531746335,0.25743408580858307,0.2020341766948155,0.17907112330073668,0.28936118931552784,0.2913863517016268,0.28778311460770545,0.29047936113095435,0.2789145959510108,0.24084139818884745,0.26429456327947826
isoTrapezoid,0.22928351404279393,0.24737737301871365,0.27673557996893067,0.28936118931552796,0.1606831229032866,0.21357594834805121,0.20136543805811,0.24930212319694878,0.24900247637191938,0.20849121626376385,0.23364633896612783
kite,0.23853732488388607,0.24654726304228636,0.27421725859547064,0.2913863517016268,0.21357594834805127,0.16412775384435313,0.18133989659153987,0.24624033840447243,0.2392814265150703,0.23412923866293736,0.2476390148896743
rightKite,0.22724796311595266,0.23633835358124328,0.2689190365833444,0.2877831146077054,0.20136543805811005,0.18133989659153987,0.15877279963762198,0.2331061220077115,0.22863880407709725,0.21398449595115446,0.23800235614987433
rustedHinge,0.25890572660509314,0.2448443754969102,0.27348706961400643,0.29047936113095435,0.24930212319694878,0.24624033840447243,0.2331061220077115,0.1629512987627575,0.1725720135360434,0.2459778740747224,0.24813270969099133
hinge,0.24767115975859724,0.22901081895816439,0.2564897717413776,0.27891459595101076,0.24900247637191938,0.2392814265150703,0.22863880407709725,0.1725720135360434,0.16355396323659432,0.23709856700647666,0.24184553231241582
trapezoid,0.23915067127499579,0.2448597671461077,0.23634572018259276,0.2408413981888475,0.20849121626376388,0.2341292386629373,0.21398449595115443,0.24597787407472235,0.2370985670064767,0.17029657777165907,0.20250532651363767
random,0.2793348221124541,0.28617051911929453,0.27411939562136806,0.26429456327947826,0.23364633896612783,0.2476390148896743,0.2380023561498743,0.24813270969099133,0.24184553231241582,0.20250532651363767,0.1716293745463578
