,square,rectangle,parallelogram,losange,isoTrapezoid,kite,rightKite,rustedHinge,hinge,trapezoid,random
square,0.046435072298873815,0.05334288274150787,0.06961022836981141,0.07877933822786262,0.060792288546632635,0.06144754571082354,0.05927635340591338,0.06765558876155964,0.06437667020507393,0.06318607442792865,0.07434282268681291
rectangle,0.053342882741507884,0.04585798328672155,0.06140621359386343,0.07257941235224474,0.07073277001813043,0.06628510487051258,0.06455234359763065,0.06481311313690653,0.05987206443109081,0.0666556144899418,0.07982739170196831
parallelogram,0.0696102283698114,0.06140621359386343,0.0530944985148008,0.06109380537203238,0.07721295973288897,0.07747293728248807,0.07282628696180089,0.07225182704921722,0.06731092320943725,0.06538791697849704,0.07711022766358182
losange,0.07877933822786262,0.07257941235224476,0.061093805372032364,0.054266398330241924,0.0811962633339807,0.0844915265924909,0.07978885641811842,0.07769318788611125,0.074582719493592,0.06733488861195414,0.07336864225073947
isoTrapezoid,0.060792288546632635,0.07073277001813043,0.07721295973288897,0.08119626333398071,0.05033453905443685,0.06011042517406443,0.05836520873786075,0.07496604003718474,0.0737471174561863,0.06037943675324368,0.06648878011866263
kite,0.06144754571082354,0.06628510487051258,0.07747293728248805,0.0844915265924909,0.060110425174064445,0.04957986006918496,0.05366967798990758,0.07263727620749337,0.07087485557889638,0.06895469711426393,0.07501427231870382
rightKite,0.05927635340591338,0.06455234359763067,0.07282628696180088,0.07978885641811842,0.05836520873786075,0.05366967798990758,0.04836470829773184,0.0702577265237257,0.06819540767185801,0.06113478768785837,0.06969053089677468
rustedHinge,0.06765558876155962,0.06481311313690652,0.07225182704921722,0.07769318788611125,0.07496604003718475,0.07263727620749337,0.0702577265237257,0.050566674494746076,0.05216670900159444,0.0709472053201829,0.07298472257888215
hinge,0.06437667020507393,0.05987206443109081,0.06731092320943725,0.074582719493592,0.0737471174561863,0.07087485557889638,0.06819540767185803,0.05216670900159444,0.04984061916422835,0.0680473743096928,0.07144960327441995
trapezoid,0.06318607442792866,0.0666556144899418,0.06538791697849704,0.06733488861195415,0.060379436753243663,0.06895469711426394,0.06113478768785837,0.07094720532018291,0.06804737430969282,0.050259119514756374,0.05919159814672601
random,0.07434282268681291,0.07982739170196831,0.0771102276635818,0.07336864225073947,0.06648878011866263,0.07501427231870382,0.06969053089677468,0.07298472257888215,0.07144960327441995,0.059191598146726,0.05129285043624035
