,square,rectangle,parallelogram,losange,isoTrapezoid,kite,rightKite,rustedHinge,hinge,trapezoid,random
square,0.0038940100057381494,0.0050305849501695735,0.006472857470531586,0.00720568689272028,0.006275731000797674,0.006234229504607741,0.005918031834069864,0.006994433984984581,0.006913840512290809,0.006441748519561898,0.00736319525957302
rectangle,0.0050305849501695735,0.0040017481292614525,0.006207793369036982,0.007200232429728632,0.006711605421438257,0.006516062161886841,0.006276145070394803,0.00671041705441828,0.006499024080682407,0.006710883906182054,0.00762699945908852
parallelogram,0.006472857470531586,0.006207793369036982,0.004603291739111111,0.005391482380438522,0.006951985275639258,0.00662140646334951,0.00645773136432018,0.006687857075171258,0.006471046936795618,0.006079535952691408,0.006890953057226539
losange,0.00720568689272028,0.007200232429728632,0.005391482380438522,0.004862133265000942,0.0072977810183214396,0.007125208829838657,0.0069470782339546636,0.0071046396196135665,0.0070170672469758374,0.006204148725290892,0.006701769702013649
isoTrapezoid,0.006275731000797674,0.006711605421438257,0.0069519852756392605,0.0072977810183214396,0.003800567689965759,0.0048444426112246655,0.004652992675590196,0.0058574240219434375,0.005924198707368206,0.005118616772276278,0.005426770562305022
kite,0.006234229504607741,0.006516062161886841,0.00662140646334951,0.007125208829838659,0.0048444426112246655,0.003617705901950032,0.003995037540125887,0.005454809447646715,0.005435629712863181,0.005441049718295266,0.005594302996071363
rightKite,0.005918031834069864,0.006276145070394804,0.0064577313643201795,0.006947078233954663,0.004652992675590195,0.003995037540125887,0.0035355319591678274,0.005280446790133418,0.005292632254697773,0.005046446536549615,0.005322791635489601
rustedHinge,0.006994433984984581,0.00671041705441828,0.006687857075171258,0.007104639619613568,0.005857424021943438,0.005454809447646715,0.005280446790133418,0.00394668242669277,0.004261489408848978,0.005856148408172023,0.005705411050556283
hinge,0.006913840512290809,0.006499024080682405,0.006471046936795616,0.0070170672469758374,0.005924198707368206,0.005435629712863181,0.005292632254697773,0.004261489408848978,0.00414629644269263,0.005763908297232848,0.005686915931617731
trapezoid,0.006441748519561898,0.006710883906182054,0.006079535952691409,0.006204148725290892,0.005118616772276278,0.005441049718295266,0.005046446536549614,0.0058561484081720225,0.005763908297232848,0.004182334788221092,0.0048282822033063446
random,0.00736319525957302,0.00762699945908852,0.0068909530572265395,0.0067017697020136475,0.005426770562305022,0.005594302996071363,0.0053227916354896005,0.005705411050556283,0.005686915931617731,0.0048282822033063446,0.003924376566272766
