,square,rectangle,parallelogram,losange,isoTrapezoid,kite,rightKite,rustedHinge,hinge,trapezoid,random
square,0.0010981925275989476,0.00138524781972932,0.0019329888062568751,0.0021151366697575065,0.001786007531253488,0.0018247693619030056,0.0017524879901956623,0.001989760636426834,0.00195690147550775,0.0018815488313987574,0.0020942492552223214
rectangle,0.00138524781972932,0.0010780143796065053,0.001811383134521479,0.0020509157324169647,0.0018396743197002803,0.0018392293703758807,0.0017845135010762737,0.0018718036516210896,0.0018010880690486413,0.0018748419068731845,0.002092780892092432
parallelogram,0.0019329888062568751,0.001811383134521479,0.0013257301966748366,0.0015539037934894236,0.002003396048817767,0.0019728752857131058,0.001981713682055903,0.002016609872496645,0.0019544050032488133,0.001768312464421714,0.001986788077899522
losange,0.0021151366697575065,0.0020509157324169647,0.0015539037934894236,0.001413266016705977,0.002119233119030183,0.002109400384898488,0.0021225123477335395,0.0021431678625763316,0.0021163946232896614,0.0018322435596420667,0.0019544134670325796
isoTrapezoid,0.001786007531253488,0.0018396743197002803,0.002003396048817767,0.0021192331190301827,0.0010694556308731876,0.0013626326732546507,0.001317503820587585,0.0015894586802778405,0.0016147218816464878,0.0014249428543960574,0.0015150559282380196
kite,0.0018247693619030056,0.0018392293703758803,0.0019728752857131058,0.002109400384898488,0.0013626326732546507,0.0010302559731733382,0.001152350597922647,0.0015272176159102262,0.001515707427014705,0.0015330013925270827,0.0015484114722184481
rightKite,0.0017524879901956618,0.0017845135010762737,0.001981713682055903,0.0021225123477335395,0.001317503820587585,0.001152350597922647,0.0010232848813947323,0.0014700479689850527,0.0014715388733090259,0.0014497734150401068,0.0015140433510780413
rustedHinge,0.001989760636426834,0.0018718036516210896,0.002016609872496645,0.0021431678625763316,0.0015894586802778405,0.001527217615910226,0.0014700479689850527,0.0010672728985519284,0.0011603094032306975,0.001640086210498542,0.0015712760212933585
hinge,0.00195690147550775,0.001801088069048641,0.0019544050032488133,0.0021163946232896614,0.0016147218816464878,0.001515707427014705,0.0014715388733090259,0.0011603094032306975,0.0011281116709891735,0.0016101945344744629,0.0015638030710360597
trapezoid,0.0018815488313987578,0.0018748419068731845,0.001768312464421714,0.0018322435596420665,0.0014249428543960574,0.0015330013925270827,0.0014497734150401068,0.001640086210498542,0.0016101945344744629,0.0011932832459768522,0.001371115970542174
random,0.0020942492552223214,0.002092780892092432,0.001986788077899522,0.0019544134670325796,0.0015150559282380196,0.0015484114722184481,0.0015140433510780413,0.0015712760212933585,0.0015638030710360597,0.001371115970542174,0.0011113488107629681
