,square,rectangle,parallelogram,losange,isoTrapezoid,kite,rightKite,rustedHinge,hinge,trapezoid,random
square,0.0013774780123396906,0.0017417121182404618,0.0023675895752062865,0.0025717497190692533,0.002246111662072292,0.0022695138118321843,0.0021871165172497606,0.0024985939893165587,0.002456182772184782,0.002338374212665959,0.002577309865068967
rectangle,0.0017417121182404622,0.0013843636697411213,0.0022650004044898592,0.0025415976394254653,0.0023683638746902873,0.0023500427214432915,0.0022864382747865577,0.0024228653280530337,0.002336202787829924,0.0023885038779839214,0.0026394845917775633
parallelogram,0.0023675895752062865,0.0022650004044898592,0.0016302228373566833,0.0018928099725926163,0.0025045326975803132,0.002413760138180524,0.002427755708243755,0.0024851844273680664,0.0024054646733561156,0.002179153364980803,0.002421658496891153
losange,0.002571749719069253,0.0025415976394254657,0.0018928099725926159,0.0017187048375523438,0.0026380001976817904,0.0025719194420349514,0.002587798934966406,0.00262627449698772,0.002588310300668266,0.0022468827626454134,0.002381991155211906
isoTrapezoid,0.0022461116620722922,0.0023683638746902873,0.0025045326975803132,0.0026380001976817904,0.0013791438272835973,0.001729942938134393,0.001671989789503324,0.0020386486892416305,0.002061451935084308,0.0018164643929568028,0.0019067684495899277
kite,0.0022695138118321843,0.0023500427214432915,0.0024137601381805244,0.002571919442034951,0.0017299429381343932,0.0012786007377557037,0.0014330563898562441,0.001910092107544188,0.0018879776752084576,0.0019045986611401235,0.0019003650577827122
rightKite,0.0021871165172497606,0.0022864382747865577,0.002427755708243755,0.002587798934966406,0.001671989789503324,0.0014330563898562441,0.0012718345385862436,0.0018437800938659993,0.0018391477295441765,0.0018089540253027018,0.0018569385328518497
rustedHinge,0.0024985939893165583,0.0024228653280530337,0.0024851844273680664,0.00262627449698772,0.0020386486892416305,0.0019100921075441877,0.0018437800938659993,0.0013664813481835403,0.0014743213563464016,0.0020612736121290534,0.0019466344876299256
hinge,0.002456182772184782,0.002336202787829924,0.0024054646733561156,0.002588310300668266,0.002061451935084308,0.0018879776752084572,0.0018391477295441763,0.0014743213563464016,0.0014246724860766768,0.0020158902371725826,0.0019293399732512044
trapezoid,0.002338374212665959,0.0023885038779839214,0.002179153364980803,0.002246882762645413,0.001816464392956803,0.0019045986611401235,0.0018089540253027022,0.0020612736121290534,0.0020158902371725826,0.0014863834488880018,0.001695463260949403
random,0.0025773098650689664,0.0026394845917775633,0.002421658496891153,0.002381991155211906,0.0019067684495899277,0.0019003650577827126,0.0018569385328518497,0.0019466344876299256,0.0019293399732512044,0.001695463260949403,0.0013583404693339038
