,square,rectangle,parallelogram,losange,isoTrapezoid,kite,rightKite,rustedHinge,hinge,trapezoid,random
square,0.19165541614266476,0.21488632380154818,0.23378081495711553,0.25210419855324967,0.20806833149509105,0.20432758519237357,0.20024845687562814,0.22128552705170187,0.21883322524114845,0.21196811888574563,0.23207136219901114
rectangle,0.21488632380154818,0.18593888846999151,0.2079334084919332,0.22978471650750598,0.24308521537340738,0.22243025286019225,0.21965376960321858,0.20804807689228397,0.20007841537707124,0.22266730068914167,0.2476623861482538
parallelogram,0.23378081495711553,0.2079334084919332,0.20198141633208547,0.21853686770890204,0.25151254816212,0.24050341527143812,0.23384255964477738,0.22206377449016415,0.21421617620395728,0.22629077974489495,0.24689052578815565
losange,0.25210419855324967,0.22978471650750598,0.218536867708902,0.20563383794805895,0.25765704375652865,0.25465697715336205,0.24984287780364323,0.23078380677992036,0.22677455785459716,0.23169564314865082,0.23595749104670316
isoTrapezoid,0.20806833149509105,0.24308521537340738,0.25151254816212,0.2576570437565286,0.19180610248119223,0.21081572411562285,0.2083888422623767,0.24227512757433892,0.24298392248884645,0.21592304540088508,0.22712602345130295
kite,0.20432758519237357,0.22243025286019225,0.24050341527143815,0.25465697715336205,0.21081572411562285,0.19423712797472195,0.2020738771894782,0.23449241544716712,0.23268772714641286,0.2237789284161222,0.2404734058811455
rightKite,0.20024845687562814,0.21965376960321856,0.23384255964477738,0.24984287780364323,0.20838884226237667,0.20207387718947822,0.19417074521097333,0.22923046247171422,0.22685169697033195,0.21272842990162122,0.2359962144593464
rustedHinge,0.22128552705170193,0.20804807689228397,0.22206377449016415,0.2307838067799203,0.24227512757433892,0.23449241544716712,0.22923046247171422,0.1955131568956377,0.19677196965371804,0.22584684810230946,0.23762568577587267
hinge,0.21883322524114845,0.2000784153770713,0.21421617620395722,0.22677455785459716,0.24298392248884645,0.2326877271464128,0.22685169697033197,0.19677196965371804,0.19263259295879773,0.2225598347713213,0.2381381667271111
trapezoid,0.21196811888574563,0.22266730068914167,0.22629077974489495,0.23169564314865082,0.21592304540088506,0.22377892841612218,0.21272842990162116,0.22584684810230946,0.2225598347713213,0.1973812981813705,0.2156865648759682
random,0.23207136219901112,0.2476623861482538,0.24689052578815562,0.23595749104670316,0.22712602345130295,0.2404734058811455,0.2359962144593464,0.23762568577587267,0.2381381667271111,0.2156865648759682,0.200842629684158
