,square,rectangle,parallelogram,losange,isoTrapezoid,kite,rightKite,rustedHinge,hinge,trapezoid,random
square,0.0008553216045055277,0.0010372119900969438,0.0014767833073778454,0.0016141803217394938,0.0013636068271270826,0.0013728518276541917,0.0013138761925715532,0.0014856310640264047,0.001450111430646424,0.001427227756555154,0.0015927339521182977
rectangle,0.0010372119900969438,0.0008425790696888542,0.0013762082930171878,0.001558237687948469,0.0014464471503368842,0.0014065906322930177,0.0013591395531316426,0.001408882466417541,0.001346004500460339,0.001447518606663738,0.0016195250089327904
parallelogram,0.0014767833073778454,0.0013762082930171878,0.0009953858592283954,0.0011733645256161171,0.0015202628041923244,0.0014798996850980775,0.0014882857908498771,0.0015051355837378741,0.0014459538584293131,0.0013251166544344054,0.0014901060321439656
losange,0.0016141803217394938,0.001558237687948469,0.0011733645256161171,0.0010692563736400958,0.001598797117908863,0.0015759278522858731,0.001586934121959858,0.0015920535170534952,0.001561878954396287,0.0013646378355879384,0.0014487427532504588
isoTrapezoid,0.0013636068271270826,0.0014464471503368842,0.0015202628041923244,0.001598797117908863,0.0008159292728427068,0.0010323696870398846,0.000997408023989072,0.0012134362899844714,0.0012313286257891567,0.0010726306229894157,0.0011537427228788667
kite,0.0013728518276541917,0.0014065906322930177,0.0014798996850980775,0.0015759278522858731,0.0010323696870398846,0.0007672826376255444,0.0008603421801186115,0.0011455939120346356,0.001135066873728399,0.0011445683463476562,0.0011697460564929212
rightKite,0.0013138761925715532,0.0013591395531316426,0.0014882857908498771,0.001586934121959858,0.000997408023989072,0.0008603421801186115,0.0007656993140769683,0.001103316947672291,0.001101872663910611,0.0010811941763406365,0.0011500374351949615
rustedHinge,0.0014856310640264047,0.001408882466417541,0.0015051355837378741,0.0015920535170534952,0.0012134362899844714,0.0011455939120346356,0.001103316947672291,0.0007904514332117939,0.0008552008585331359,0.0012266449663600125,0.0011911224233942827
hinge,0.001450111430646424,0.001346004500460339,0.0014459538584293131,0.0015618789543962873,0.0012313286257891567,0.001135066873728399,0.001101872663910611,0.0008552008585331359,0.0008279723727878373,0.0012024702593358783,0.001184028904500378
trapezoid,0.001427227756555154,0.001447518606663738,0.0013251166544344054,0.0013646378355879384,0.0010726306229894157,0.0011445683463476562,0.0010811941763406365,0.0012266449663600125,0.0012024702593358783,0.0008907733734228911,0.0010226731599138367
random,0.0015927339521182977,0.0016195250089327904,0.0014901060321439658,0.0014487427532504588,0.0011537427228788667,0.0011697460564929212,0.0011500374351949615,0.0011911224233942827,0.001184028904500378,0.0010226731599138367,0.0008340920073410499
