,square,rectangle,parallelogram,losange,isoTrapezoid,kite,rightKite,rustedHinge,hinge,trapezoid,random
square,0.005419878152235792,0.007260677370752819,0.00914704179323993,0.010528158105699625,0.009295738071950674,0.00896395255090715,0.008548050756746984,0.010144892019902374,0.009990598692486202,0.009303442995626986,0.010913072331886656
rectangle,0.007260677370752819,0.005702746286703469,0.008788872328933528,0.010554141871098061,0.009910659654839036,0.009390695680714763,0.009101938060282073,0.00974578217886568,0.009379147950238658,0.009691818977015414,0.011240092181819952
parallelogram,0.00914704179323993,0.008788872328933528,0.006357955435458745,0.007603592767687893,0.009847824827074235,0.009223887109841893,0.009027725105214093,0.009427201481468145,0.009105737195109643,0.008437334727210425,0.009720246112493319
losange,0.010528158105699627,0.010554141871098061,0.007603592767687893,0.006937586750585545,0.010605899082383663,0.010210422094662337,0.010010782056552633,0.01033183168703653,0.010191334661716924,0.008831358403834998,0.00966398802710257
isoTrapezoid,0.009295738071950676,0.009910659654839036,0.009847824827074235,0.010605899082383663,0.005302589874097869,0.006788601466777127,0.0065866745313419095,0.008184154429801806,0.00828639883433041,0.007268208348951606,0.0077783998157867846
kite,0.008963952550907152,0.009390695680714762,0.009223887109841894,0.010210422094662337,0.006788601466777127,0.00502776777610338,0.005572386384924945,0.007539096124936434,0.007527106160631025,0.007577171326464825,0.007894663143674156
rightKite,0.008548050756746984,0.009101938060282073,0.009027725105214093,0.010010782056552633,0.006586674531341907,0.005572386384924945,0.004952261133357359,0.00734248629908209,0.007392259456829036,0.007127969611220566,0.007623799320644014
rustedHinge,0.010144892019902374,0.009745782178865682,0.009427201481468145,0.010331831687036528,0.008184154429801804,0.007539096124936434,0.007342486299082092,0.005569576572153053,0.006016302124445586,0.008265958989609827,0.00811143554948414
hinge,0.0099905986924862,0.009379147950238658,0.009105737195109643,0.010191334661716924,0.00828639883433041,0.007527106160631025,0.007392259456829035,0.006016302124445586,0.005836743751051018,0.008121328905116888,0.00810599623020612
trapezoid,0.009303442995626986,0.009691818977015416,0.008437334727210425,0.008831358403834998,0.007268208348951606,0.007577171326464825,0.007127969611220566,0.008265958989609828,0.008121328905116888,0.005896725601389678,0.006917683964786286
random,0.010913072331886656,0.011240092181819952,0.009720246112493317,0.00966398802710257,0.0077783998157867846,0.007894663143674156,0.007623799320644014,0.00811143554948414,0.00810599623020612,0.006917683964786286,0.0056581684949778095
