,square,rectangle,parallelogram,losange,isoTrapezoid,kite,rightKite,rustedHinge,hinge,trapezoid,random
square,0.09338281024852783,0.13580845681521148,0.18782528517386338,0.22847123698894614,0.21889248368104952,0.2067464095382183,0.19323425834074107,0.25343884505530834,0.23918305500223935,0.20749437228004847,0.2635610149383679
rectangle,0.13580845681521148,0.10367729145467992,0.18871505545985975,0.2379173538257049,0.245344008874895,0.22951130535580946,0.21828131494148437,0.2561323437088751,0.23541792970986758,0.22661989051254872,0.2834892860964796
parallelogram,0.18782528517386338,0.18871505545985975,0.13353173101018873,0.16367478407962088,0.24764247319493837,0.22474534118327358,0.21489423242699715,0.24388284767785348,0.2264112950644479,0.19634571567248243,0.24222552890897825
losange,0.2284712369889462,0.2379173538257049,0.1636747840796209,0.1525110089580555,0.2758683673257681,0.2591238823374039,0.2475875882126297,0.27336953366955485,0.26097407364124325,0.21473487390339463,0.2468990137002429
isoTrapezoid,0.21889248368104952,0.245344008874895,0.24764247319493837,0.27586836732576814,0.13342955761804737,0.1766555868580601,0.16953629789871888,0.22548859618112682,0.21789897837265276,0.18926833726033226,0.20746089055046285
kite,0.2067464095382183,0.22951130535580946,0.22474534118327358,0.2591238823374039,0.1766555868580601,0.1257966989169913,0.13731867174876897,0.2043548465318818,0.19419360724645718,0.19036746732112897,0.2046969641653297
rightKite,0.19323425834074107,0.21828131494148437,0.2148942324269972,0.24758758821262966,0.16953629789871888,0.13731867174876897,0.11786162081386689,0.19588816116977276,0.1905496606169088,0.17686176728162853,0.19402183724490646
rustedHinge,0.25343884505530834,0.2561323437088751,0.24388284767785348,0.27336953366955485,0.22548859618112685,0.2043548465318818,0.19588816116977276,0.16094576829830934,0.1669135586558559,0.2231615416099296,0.2201890067381569
hinge,0.23918305500223933,0.23541792970986758,0.22641129506444796,0.2609740736412433,0.21789897837265274,0.19419360724645718,0.19054966061690884,0.1669135586558559,0.15287762883962958,0.20889834582025657,0.21302482617437968
trapezoid,0.20749437228004847,0.22661989051254872,0.1963457156724824,0.21473487390339463,0.18926833726033226,0.19036746732112897,0.17686176728162853,0.2231615416099296,0.20889834582025657,0.14399914906171765,0.1765444414469344
random,0.2635610149383679,0.28348928609647966,0.24222552890897825,0.24689901370024292,0.20746089055046285,0.20469696416532965,0.1940218372449065,0.2201890067381569,0.21302482617437968,0.1765444414469344,0.1426058531455635
