,square,rectangle,parallelogram,losange,isoTrapezoid,kite,rightKite,rustedHinge,hinge,trapezoid,random
square,0.033622946338409954,0.039045490612462985,0.05011063085138417,0.05846343625459272,0.04269787746261501,0.04280603251306511,0.04155578202987748,0.04800137815569498,0.04571732062842256,0.044293801742638896,0.05300288931834202
rectangle,0.03904549061246299,0.03330679093849186,0.04367942537385301,0.05337295063493596,0.05064507503006234,0.04681289472063835,0.04591729280809145,0.04591360273841034,0.04234869989416164,0.0470723754487383,0.057532829345436756
parallelogram,0.05011063085138418,0.04367942537385301,0.03764390128511047,0.0437834974511607,0.05556466935263606,0.055316655528174746,0.05163641274091773,0.051172647864716536,0.04749184084413613,0.04595776345482037,0.05479236524512494
losange,0.05846343625459272,0.053372950634935974,0.04378349745116069,0.039043864787213625,0.059587429423342025,0.06160294569141212,0.05788841633082435,0.055678276049296704,0.05353338306285463,0.04807501952771822,0.05225658342100568
isoTrapezoid,0.04269787746261502,0.05064507503006234,0.05556466935263606,0.059587429423342025,0.03565610945917679,0.04274054792715781,0.04155216815949277,0.05415764882335311,0.05329344187673233,0.043109309773447575,0.04792547809675201
kite,0.04280603251306511,0.04681289472063835,0.055316655528174746,0.061602945691412135,0.04274054792715781,0.035391140353784066,0.03848148908935347,0.052521116105984506,0.05126498434035309,0.04955556877139082,0.05499026424925673
rightKite,0.04155578202987748,0.04591729280809145,0.05163641274091773,0.05788841633082435,0.04155216815949277,0.03848148908935347,0.034685613545762044,0.05105883603569698,0.04957801217672955,0.04351033979284875,0.050741231983097025
rustedHinge,0.048001378155694975,0.04591360273841033,0.05117264786471655,0.055678276049296704,0.054157648823353104,0.05252111610598449,0.05105883603569698,0.03581067126239316,0.03708276452137066,0.0508566359902609,0.05294214087464758
hinge,0.045717320628422556,0.04234869989416164,0.04749184084413613,0.053533383062854614,0.05329344187673233,0.05126498434035308,0.049578012176729566,0.03708276452137066,0.03560158647285863,0.048768701495915064,0.051994121996921855
trapezoid,0.044293801742638896,0.047072375448738296,0.04595776345482037,0.04807501952771823,0.043109309773447575,0.04955556877139082,0.04351033979284875,0.05085663599026091,0.048768701495915064,0.03563057724452287,0.042097204267152806
random,0.05300288931834202,0.057532829345436756,0.05479236524512494,0.05225658342100568,0.04792547809675202,0.05499026424925673,0.050741231983097025,0.05294214087464758,0.051994121996921855,0.042097204267152806,0.03704524580157573
