,square,rectangle,parallelogram,losange,isoTrapezoid,kite,rightKite,rustedHinge,hinge,trapezoid,random
square,1.1102230246251565e-16,0.0015677207559582351,0.00351872511261897,0.005226149607678976,0.001483342662662701,0.001452647736349122,0.0012705270816216752,0.002869130600811287,0.002506909591026729,0.001912359965101862,0.0035538182234181592
rectangle,0.0015677207559582351,1.1102230246251565e-16,0.001678077254351984,0.003783972319329587,0.003819334972475441,0.0026383321372095425,0.002576705009050162,0.002329006058805261,0.0015998808561731304,0.002695348056492297,0.004866857504805866
parallelogram,0.00351872511261897,0.001678077254351984,0.0,0.0011657321004538979,0.004653145254325142,0.004312397590576111,0.0035636659466872223,0.0029656881518355105,0.00220408028497876,0.002122201630294973,0.0037768773221842356
losange,0.005226149607678976,0.003783972319329587,0.0011657321004538979,0.0,0.005416617629817488,0.005702793618937219,0.0047937112338116705,0.0038568001581958944,0.003413061847736598,0.0024342178656657776,0.003034276801985647
isoTrapezoid,0.001483342662662701,0.003819334972475441,0.004653145254325142,0.005416617629817488,0.0,0.0015817061800988963,0.0013763274992777408,0.004239099611534014,0.004135413282471023,0.0017524802353806601,0.0025245444779052884
kite,0.001452647736349122,0.0026383321372095425,0.004312397590576111,0.005702793618937219,0.0015817061800988963,0.0,0.0007587156350553625,0.0038194684446760663,0.0036287108521303457,0.0031335150681459645,0.004422753897034726
rightKite,0.0012705270816216752,0.002576705009050162,0.0035636659466872223,0.0047937112338116705,0.0013763274992777408,0.0007587156350553625,0.0,0.003557715866840283,0.0033181566110717098,0.0018055049269963819,0.0033888684126761603
rustedHinge,0.002869130600811287,0.002329006058805261,0.0029656881518355105,0.0038568001581958944,0.004239099611534014,0.0038194684446760663,0.003557715866840283,0.0,0.0003063576765468534,0.003248375402309489,0.003715770620585701
hinge,0.002506909591026729,0.0015998808561731304,0.00220408028497876,0.003413061847736598,0.004135413282471023,0.0036287108521303457,0.0033181566110717098,0.0003063576765468534,1.1102230246251565e-16,0.002854950938612544,0.0035952311407850823
trapezoid,0.001912359965101862,0.002695348056492297,0.002122201630294973,0.0024342178656657776,0.0017524802353806601,0.0031335150681459645,0.0018055049269963819,0.003248375402309489,0.002854950938612544,1.1102230246251565e-16,0.0011097118594316502
random,0.0035538182234181592,0.004866857504805866,0.0037768773221842356,0.003034276801985647,0.0025245444779052884,0.004422753897034726,0.0033888684126761603,0.003715770620585701,0.0035952311407850823,0.0011097118594316502,0.0
