,square,rectangle,parallelogram,losange,isoTrapezoid,kite,rightKite,rustedHinge,hinge,trapezoid,random
square,0.0,0.0046807489989791895,0.008831782253157505,0.012973201478063467,0.0033211106617082597,0.0027426695997245787,0.0018899778785500532,0.0060601993892029915,0.005399251466414956,0.004320495780574252,0.008462027484624213
rectangle,0.0046807489989791895,0.0,0.0035952283672212593,0.008609138339858324,0.010257248179750156,0.006466227659130297,0.005945310533601589,0.004593922973365916,0.0027651648211336477,0.006686374132244266,0.012292216509072307
parallelogram,0.008831782253157505,0.0035952283672212593,0.0,0.0029960729178023504,0.012367819317040452,0.010862364691361148,0.00876422103442065,0.006533038925214174,0.004494942637328081,0.005493103275243438,0.009951778356303898
losange,0.012973201478063467,0.008609138339858324,0.0029960729178023504,0.0,0.014198550672796961,0.014366610165681304,0.012186480083155926,0.008634954456175459,0.007513030967899792,0.006339619458686108,0.007470372295903971
isoTrapezoid,0.0033211106617082597,0.010257248179750156,0.012367819317040452,0.014198550672796961,0.0,0.003761017467398875,0.0031156007193472446,0.010399635991222955,0.010291811934741157,0.004684848621247517,0.006821201088314299
kite,0.0027426695997245787,0.006466227659130297,0.010862364691361148,0.014366610165681304,0.003761017467398875,0.0,0.0019033830287902287,0.009392380586254911,0.009016993233347481,0.0076665011122311055,0.01142285569056034
rightKite,0.0018899778785500532,0.005945310533601589,0.00876422103442065,0.012186480083155926,0.0031156007193472446,0.0019033830287902287,0.0,0.008394821872191871,0.007798840283680386,0.004191975214069221,0.009012884058446913
rustedHinge,0.0060601993892029915,0.004593922973365916,0.006533038925214174,0.008634954456175459,0.010399635991222955,0.009392380586254911,0.008394821872191871,0.0,0.000696235019404412,0.007190200159673088,0.009220289857545305
hinge,0.005399251466414956,0.0027651648211336477,0.004494942637328081,0.007513030967899792,0.010291811934741157,0.009016993233347481,0.007798840283680386,0.000696235019404412,0.0,0.006214994456489431,0.009180847929233904
trapezoid,0.004320495780574252,0.006686374132244266,0.005493103275243438,0.006339619458686108,0.004684848621247517,0.0076665011122311055,0.004191975214069221,0.007190200159673088,0.006214994456489431,1.1102230246251565e-16,0.0029836462175214518
random,0.008462027484624213,0.012292216509072307,0.009951778356303898,0.007470372295903971,0.006821201088314299,0.01142285569056034,0.009012884058446913,0.009220289857545305,0.009180847929233904,0.0029836462175214518,1.1102230246251565e-16
