,square,rectangle,parallelogram,losange,isoTrapezoid,kite,rightKite,rustedHinge,hinge,trapezoid,random
square,0.0,0.02597171055962577,0.037937942235044764,0.055050348666937254,0.0162555347997283,0.011844635245387813,0.007734560526828083,0.02828591390630486,0.026960795177149555,0.018209228488225926,0.03752571349563494
rectangle,0.02597171055962577,0.0,0.01461957302428607,0.03546319135980258,0.05438925998842026,0.03252257975213968,0.030212339020917467,0.018300380953533812,0.011284889099898443,0.03192239989871426,0.055650140521851243
parallelogram,0.037937942235044764,0.01461957302428607,2.220446049250313e-16,0.015318592721994762,0.055632653555887646,0.04422390316301639,0.037127337534620275,0.025156900108486924,0.017989200624905943,0.026682034372608965,0.04645955781340472
losange,0.055050348666937254,0.03546319135980258,0.015318592721994762,0.0,0.06026749740390547,0.0570847077869755,0.0517026202117582,0.03205841797968889,0.029108490821637245,0.029959735157580658,0.032811638224975015
isoTrapezoid,0.0162555347997283,0.05438925998842026,0.055632653555887646,0.06026749740390547,0.0,0.018289546723642358,0.015649183360074037,0.04976421349378013,0.05134672399613127,0.021453436812525983,0.03202598319400474
kite,0.011844635245387813,0.03252257975213968,0.04422390316301639,0.0570847077869755,0.018289546723642358,0.0,0.008218367509059132,0.041050886084991856,0.040460966788566144,0.029978218533191603,0.04637604449174093
rightKite,0.007734560526828083,0.030212339020917467,0.037127337534620275,0.0517026202117582,0.015649183360074037,0.008218367509059132,0.0,0.036064223686535946,0.034777337757605165,0.017832973237579597,0.041037077807109634
rustedHinge,0.02828591390630486,0.018300380953533812,0.025156900108486924,0.03205841797968889,0.04976421349378013,0.041050886084991856,0.036064223686535946,0.0,0.0027247433920786213,0.030865671292347185,0.040433797926270776
hinge,0.026960795177149555,0.011284889099898443,0.017989200624905943,0.029108490821637245,0.05134672399613127,0.040460966788566144,0.034777337757605165,0.0027247433920786213,0.0,0.028508812456593646,0.04210817536893385
trapezoid,0.018209228488225926,0.03192239989871426,0.026682034372608965,0.029959735157580658,0.021453436812525983,0.029978218533191603,0.017832973237579597,0.030865671292347185,0.028508812456593646,0.0,0.016903314935947433
random,0.03752571349563494,0.055650140521851243,0.04645955781340472,0.032811638224975015,0.03202598319400474,0.04637604449174093,0.041037077807109634,0.040433797926270776,0.04210817536893385,0.016903314935947433,2.220446049250313e-16
