,square,rectangle,parallelogram,losange,isoTrapezoid,kite,rightKite,rustedHinge,hinge,trapezoid,random
square,0.0,0.0053234430478551475,0.008031592126653164,0.01182815965591233,0.0033746752741596886,0.002533702284890138,0.0016212705067205624,0.005950168170367309,0.00554896748021283,0.003944746362377405,0.008058582091164945
rectangle,0.0053234430478551475,0.0,0.003135623214314154,0.00775099417296754,0.011433959029718777,0.00676506739835403,0.006213352426511887,0.00404246533714081,0.0024486921228368264,0.006708441368276419,0.011926049884912082
parallelogram,0.008031592126653164,0.003135623214314154,0.0,0.003255341381258936,0.011835729981152121,0.009421381733265233,0.007822112173973217,0.005473881615303489,0.0038998313063534074,0.005441944461611392,0.009776301464702097
losange,0.01182815965591233,0.00775099417296754,0.003255341381258936,0.0,0.013066098450550845,0.012302543286909273,0.011022766410533347,0.007053609013157214,0.006433048403013508,0.00621353833822158,0.006887552099400396
isoTrapezoid,0.0033746752741596886,0.011433959029718777,0.011835729981152121,0.013066098450550845,0.0,0.003841200592684002,0.003238978999349662,0.010512816985010831,0.010777924511226167,0.004620639453523645,0.006929688023455172
kite,0.002533702284890138,0.00676506739835403,0.009421381733265233,0.012302543286909273,0.003841200592684002,0.0,0.0017302244710876158,0.00864398591873028,0.008450122345531552,0.0065654518883991875,0.010039471144984935
rightKite,0.0016212705067205624,0.006213352426511887,0.007822112173973217,0.011022766410533347,0.003238978999349662,0.0017302244710876158,0.0,0.007576393056270447,0.007214365403859668,0.0038546934270686783,0.008770573927133651
rustedHinge,0.005950168170367309,0.00404246533714081,0.005473881615303489,0.007053609013157214,0.010512816985010831,0.00864398591873028,0.007576393056270447,0.0,0.00058547069372894,0.006538463906217928,0.008462797403696598
hinge,0.00554896748021283,0.0024486921228368264,0.0038998313063534074,0.006433048403013508,0.010777924511226167,0.008450122345531552,0.007214365403859668,0.00058547069372894,0.0,0.005987688609816466,0.00887587166580528
trapezoid,0.003944746362377405,0.006708441368276419,0.005441944461611392,0.00621353833822158,0.004620639453523645,0.0065654518883991875,0.0038546934270686783,0.006538463906217928,0.005987688609816466,0.0,0.003512276663047098
random,0.008058582091164945,0.011926049884912082,0.009776301464702097,0.006887552099400396,0.006929688023455172,0.010039471144984935,0.008770573927133651,0.008462797403696598,0.00887587166580528,0.003512276663047098,0.0
