,square,rectangle,parallelogram,losange,isoTrapezoid,kite,rightKite,rustedHinge,hinge,trapezoid,random
square,0.0,0.004932388244853536,0.01304697373876218,0.01917810396949393,0.00975731103269073,0.008830248940334018,0.008799843034269506,0.014421699071943905,0.011643210014095184,0.010128325618920853,0.017448970150642396
rectangle,0.004932388244853536,0.0,0.007763637742681073,0.015437188824627746,0.01641415181481165,0.012270776371647196,0.012547609586185504,0.013103104038906688,0.009318505666637722,0.01270493042152121,0.02138323262593278
parallelogram,0.01304697373876218,0.007763637742681073,0.0,0.004356328695862777,0.01639560000771889,0.015069374904826627,0.013929766853339798,0.013654045245632629,0.010802461210452918,0.008415101226352806,0.015521191466924433
losange,0.01917810396949393,0.015437188824627746,0.004356328695862777,0.0,0.01807973786405237,0.018606126209364304,0.01709854259120691,0.016086522131411818,0.01449642590346345,0.008830944010418507,0.01208416549282465
isoTrapezoid,0.00975731103269073,0.01641415181481165,0.01639560000771889,0.01807973786405237,0.0,0.006321881656666251,0.005481431802585313,0.015581110645979335,0.015037559893324337,0.005863042069792157,0.009582061307764622
kite,0.008830248940334018,0.012270776371647196,0.015069374904826627,0.018606126209364304,0.006321881656666251,2.220446049250313e-16,0.0028797505531189538,0.013558574258909495,0.012527005449679218,0.011112185929805118,0.01515361789198666
rightKite,0.008799843034269506,0.012547609586185504,0.013929766853339798,0.01709854259120691,0.005481431802585313,0.0028797505531189538,0.0,0.012015540219220466,0.0110823158845198,0.0075325100576216775,0.012544389300514602
rustedHinge,0.014421699071943905,0.013103104038906688,0.013654045245632629,0.016086522131411818,0.015581110645979335,0.013558574258909495,0.012015540219220466,2.220446049250313e-16,0.0013128868419149953,0.013659552007899478,0.013879096568001237
hinge,0.011643210014095184,0.009318505666637722,0.010802461210452918,0.01449642590346345,0.015037559893324337,0.012527005449679218,0.0110823158845198,0.0013128868419149953,0.0,0.012183512230207305,0.013605116056281674
trapezoid,0.010128325618920853,0.01270493042152121,0.008415101226352806,0.008830944010418507,0.005863042069792157,0.011112185929805118,0.0075325100576216775,0.013659552007899478,0.012183512230207305,0.0,0.005287159150217491
random,0.017448970150642396,0.02138323262593278,0.015521191466924433,0.01208416549282465,0.009582061307764622,0.01515361789198666,0.012544389300514602,0.013879096568001237,0.013605116056281674,0.005287159150217491,0.0
