,square,rectangle,parallelogram,losange,isoTrapezoid,kite,rightKite,rustedHinge,hinge,trapezoid,random
square,2.220446049250313e-16,0.02298154252168816,0.036154509822067915,0.05183130805614167,0.013789299956265322,0.009642880108853613,0.006204678988760759,0.024976809612075712,0.023872757815386114,0.015920084117862165,0.03415404064471106
rectangle,0.02298154252168816,0.0,0.012453828170459924,0.030584524091366028,0.04314585217660649,0.02795226315331034,0.026050830747112008,0.01644581407993173,0.01012899546214241,0.027771668211811984,0.0484483348944027
parallelogram,0.036154509822067915,0.012453828170459924,0.0,0.012852581625102943,0.04940487894715839,0.04106130922574158,0.03519661285439457,0.022221079696311263,0.015358972353264777,0.02604825719001358,0.04232974404817591
losange,0.05183130805614167,0.030584524091366028,0.012852581625102943,0.0,0.05434501359719546,0.05397528525178452,0.04883615914459383,0.02840269429682052,0.025113733319204967,0.029124843809737122,0.029955880923667078
isoTrapezoid,0.013789299956265322,0.04314585217660649,0.04940487894715839,0.05434501359719546,0.0,0.01466901607117721,0.012598576941404649,0.04056306198016468,0.04175367318581025,0.017653455947251984,0.026634995062516764
kite,0.009642880108853613,0.02795226315331034,0.04106130922574158,0.05397528525178452,0.01466901607117721,0.0,0.006760948611066464,0.036232266034832206,0.035501395788360424,0.026610977914923617,0.042163755216887644
rightKite,0.006204678988760759,0.026050830747112008,0.03519661285439457,0.04883615914459383,0.012598576941404649,0.006760948611066464,0.0,0.03180405092746608,0.03056475722600427,0.015527321382526549,0.036106426175071094
rustedHinge,0.024976809612075712,0.01644581407993173,0.022221079696311263,0.02840269429682052,0.04056306198016468,0.036232266034832206,0.03180405092746608,2.220446049250313e-16,0.0024724829276002724,0.02670123484677267,0.03513571196664966
hinge,0.023872757815386114,0.01012899546214241,0.015358972353264777,0.025113733319204967,0.04175367318581025,0.035501395788360424,0.03056475722600427,0.0024724829276002724,0.0,0.024566005190230555,0.03650096803212832
trapezoid,0.015920084117862165,0.027771668211811984,0.02604825719001358,0.029124843809737122,0.017653455947251984,0.026610977914923617,0.015527321382526549,0.02670123484677267,0.024566005190230555,0.0,0.014647195779219357
random,0.03415404064471106,0.0484483348944027,0.04232974404817591,0.029955880923667078,0.026634995062516764,0.042163755216887644,0.036106426175071094,0.03513571196664966,0.03650096803212832,0.014647195779219357,2.220446049250313e-16
