,square,rectangle,parallelogram,losange,isoTrapezoid,kite,rightKite,rustedHinge,hinge,trapezoid,random
square,0.0,0.008350183242303189,0.018336425862219285,0.022793610325384628,0.01056478327688748,0.010258188571989013,0.009320770737957118,0.0124657514325478,0.012327626201772413,0.010351321764919152,0.018682395915601058
rectangle,0.008350183242303189,0.0,0.007989230552295834,0.016549714048744946,0.025948188431906716,0.020909040850447536,0.019859845698847023,0.013074132962488272,0.00991687353165338,0.017559290209654077,0.03256060920751125
parallelogram,0.018336425862219285,0.007989230552295834,0.0,0.006016552705153888,0.032194777213838344,0.027520336424619485,0.023669276913739212,0.0166979763094256,0.011926800955945227,0.01631738121032722,0.03180292623138947
losange,0.022793610325384628,0.016549714048744946,0.006016552705153888,2.220446049250313e-16,0.032813365124570115,0.02985461016726021,0.024447703208988147,0.01906283085606464,0.015787266681304923,0.014764827953875237,0.025152380206103886
isoTrapezoid,0.01056478327688748,0.025948188431906716,0.032194777213838344,0.032813365124570115,0.0,0.006534350709201275,0.006844413615426315,0.02071944043225149,0.02099017678073234,0.00786635426936122,0.009318759094496198
kite,0.010258188571989013,0.020909040850447536,0.027520336424619485,0.02985461016726021,0.006534350709201275,2.220446049250313e-16,0.0029314242860646322,0.018211654249321363,0.017906566499324206,0.012427467689835825,0.017822412158546852
rightKite,0.009320770737957118,0.019859845698847023,0.023669276913739212,0.024447703208988147,0.006844413615426315,0.0029314242860646322,0.0,0.01708282781849635,0.017157534508263073,0.008480539901803419,0.013993186815645875
rustedHinge,0.0124657514325478,0.013074132962488272,0.0166979763094256,0.01906283085606464,0.02071944043225149,0.018211654249321363,0.01708282781849635,2.220446049250313e-16,0.0017259560339066837,0.01738827868977444,0.02248522375436679
hinge,0.012327626201772413,0.00991687353165338,0.011926800955945227,0.015787266681304923,0.02099017678073234,0.017906566499324206,0.017157534508263073,0.0017259560339066837,2.220446049250313e-16,0.01557154569811825,0.02238828534318127
trapezoid,0.010351321764919152,0.017559290209654077,0.01631738121032722,0.014764827953875237,0.00786635426936122,0.012427467689835825,0.008480539901803419,0.01738827868977444,0.01557154569811825,0.0,0.006211234832526391
random,0.018682395915601058,0.03256060920751125,0.03180292623138947,0.025152380206103886,0.009318759094496198,0.017822412158546852,0.013993186815645875,0.02248522375436679,0.02238828534318127,0.006211234832526391,2.220446049250313e-16
