,square,rectangle,parallelogram,losange,isoTrapezoid,kite,rightKite,rustedHinge,hinge,trapezoid,random
square,0.0,0.008889677216871839,0.015222672331334342,0.022507456818143035,0.005668306981778781,0.004230851315849549,0.002708100215365161,0.010387237740070665,0.009726585895201478,0.007001331542571432,0.014561552810118172
rectangle,0.008889677216871839,0.0,0.00554957619413643,0.013785844104929446,0.01770292749967961,0.011315567677598892,0.010318566778150462,0.007072291843414291,0.0043990295755186315,0.011571703779942544,0.020153467625837918
parallelogram,0.015222672331334342,0.00554957619413643,0.0,0.005306372793831948,0.020372324611598547,0.01718994856114997,0.014600624388642847,0.00948469584277356,0.006634836047876402,0.01017464836675619,0.01671637629975964
losange,0.022507456818143035,0.013785844104929446,0.005306372793831948,0.0,0.023153291846150004,0.022717933586580363,0.02068399753175465,0.012430431019735178,0.011228418019654574,0.01191168286615596,0.011837653259823444
isoTrapezoid,0.005668306981778781,0.01770292749967961,0.020372324611598547,0.023153291846150004,0.0,0.006098877742858999,0.00509551774728656,0.01689355766463141,0.017268878791213416,0.0075416572426244555,0.011375968999507435
kite,0.004230851315849549,0.011315567677598892,0.01718994856114997,0.022717933586580363,0.006098877742858999,0.0,0.0029049818105579828,0.014748603576433816,0.014426273204813378,0.011773185295690825,0.01782245253123793
rightKite,0.002708100215365161,0.010318566778150462,0.014600624388642847,0.02068399753175465,0.00509551774728656,0.0029049818105579828,2.220446049250313e-16,0.013258332592082533,0.012567458257005892,0.006742469908261661,0.015297711790337565
rustedHinge,0.010387237740070665,0.007072291843414291,0.00948469584277356,0.012430431019735178,0.01689355766463141,0.014748603576433816,0.013258332592082533,0.0,0.0009879380296159423,0.011335549704761916,0.014174160330380658
hinge,0.009726585895201478,0.0043990295755186315,0.006634836047876402,0.011228418019654574,0.017268878791213416,0.014426273204813378,0.012567458257005892,0.0009879380296159423,2.220446049250313e-16,0.010392965998088366,0.014852759919926628
trapezoid,0.007001331542571432,0.011571703779942544,0.01017464836675619,0.01191168286615596,0.0075416572426244555,0.011773185295690825,0.006742469908261661,0.011335549704761916,0.010392965998088366,0.0,0.0055180973754301865
random,0.014561552810118172,0.020153467625837918,0.01671637629975964,0.011837653259823444,0.011375968999507435,0.01782245253123793,0.015297711790337565,0.014174160330380658,0.014852759919926628,0.0055180973754301865,0.0
