,square,rectangle,parallelogram,losange,isoTrapezoid,kite,rightKite,rustedHinge,hinge,trapezoid,random
square,2264.23289172662,2506.9052645823267,2881.052786696671,3068.1341264151865,2677.0469027348763,2686.2620313337425,2638.2304408213254,2833.2779214472307,2759.739779288904,2727.994865558799,2967.7579009853453
rectangle,2506.9052645823267,2242.3621593914686,2695.987657429577,2944.5195708804054,2902.127682827772,2798.4028535200127,2765.716851901363,2767.827166545032,2649.179492017788,2810.768165116991,3076.7973424442685
parallelogram,2881.0527866966713,2695.987657429577,2401.3772265589732,2661.0444014659943,3029.3644113191144,3030.8673527361143,2939.0218012467644,2926.0603545897793,2815.587667587563,2767.9203991643403,3010.3700055630316
losange,3068.1341264151865,2944.5195708804054,2661.0444014659943,2423.419610412779,3105.0330758858277,3165.388503435658,3077.94417008833,3039.833862068399,2975.6961886412796,2802.576297743435,2924.17731622471
isoTrapezoid,2677.0469027348763,2902.127682827772,3029.3644113191144,3105.033075885827,2339.932647207616,2645.61964895178,2601.743127023452,2977.6528373957476,2952.8156351342,2649.2119147942026,2791.4151521097
kite,2686.2620313337425,2798.4028535200127,3030.8673527361143,3165.388503435658,2645.6196489517806,2311.2758458476524,2472.710328672637,2925.6992598499996,2888.6689178845972,2848.8286442051967,2970.070101903329
rightKite,2638.2304408213254,2765.716851901363,2939.021801246765,3077.94417008833,2601.743127023452,2472.710328672637,2289.109576830512,2879.783995362355,2837.258601944242,2673.2288223852693,2862.485142880351
rustedHinge,2833.2779214472307,2767.8271665450325,2926.0603545897793,3039.833862068399,2977.6528373957476,2925.69925985,2879.783995362355,2341.0088270831457,2420.378359245744,2893.367645783457,2932.285961908609
hinge,2759.739779288904,2649.1794920177877,2815.5876675875625,2975.6961886412796,2952.8156351342,2888.6689178845972,2837.258601944242,2420.3783592457444,2321.3577262673552,2831.879176205309,2898.7400916436436
trapezoid,2727.994865558799,2810.768165116991,2767.9203991643403,2802.576297743435,2649.2119147942026,2848.828644205197,2673.228822385269,2893.3676457834567,2831.879176205309,2327.776193902225,2602.936893603462
random,2967.7579009853453,3076.7973424442685,3010.370005563031,2924.17731622471,2791.4151521097,2970.070101903329,2862.4851428803504,2932.285961908609,2898.7400916436436,2602.9368936034625,2340.7439731754293
