,square,rectangle,parallelogram,losange,isoTrapezoid,kite,rightKite,rustedHinge,hinge,trapezoid,random
square,15842.131418315143,18438.626853708738,21384.346265437638,23132.961178275902,23812.947258950597,26053.214859193224,24482.866885508418,26918.577809813512,25482.77898382532,22853.19526933806,25574.883079999512
rectangle,18438.626853708734,16279.125119787308,21075.081682669563,23208.41024587135,24441.765723573517,26472.19338556647,25035.78805036968,26619.452118567962,24990.971411877064,23290.497149885192,25916.18100136038
parallelogram,21384.346265437638,21075.081682669563,17218.618824635803,19384.215929688566,22883.885521133183,23928.065275572808,22654.960513165435,23957.897637316895,22750.914333934114,20596.20882206257,22669.853397700637
losange,23132.961178275902,23208.410245871353,19384.215929688566,18316.39230225868,23685.483087215354,24775.55500553251,23568.56696250558,24753.725422807434,23839.257931191412,21105.72608526164,22605.032606200628
isoTrapezoid,23812.947258950597,24441.765723573517,22883.885521133183,23685.483087215347,17399.53773658648,20465.1561843115,19274.687271801315,21937.529747714834,21651.84836848695,19732.156790336572,20498.973809771178
kite,26053.21485919322,26472.19338556647,23928.065275572808,24775.55500553251,20465.1561843115,17513.768143086487,17907.78603083158,21119.157918532714,21166.984908810045,21152.994075590526,21155.996003733224
rightKite,24482.866885508418,25035.78805036968,22654.96051316543,23568.56696250558,19274.68727180132,17907.78603083158,15731.206223042438,20175.339261007735,20184.41419093537,19562.19244438248,19928.403885713513
rustedHinge,26918.577809813512,26619.452118567962,23957.897637316895,24753.72542280743,21937.529747714834,21119.157918532714,20175.339261007735,17916.566333440405,18881.527389206673,21777.07318636966,21250.15161816732
hinge,25482.778983825323,24990.971411877064,22750.91433393412,23839.257931191412,21651.84836848695,21166.984908810045,20184.41419093537,18881.527389206673,18126.223150304228,21072.87082872325,20963.422553269036
trapezoid,22853.195269338055,23290.49714988519,20596.208822062574,21105.726085261642,19732.156790336572,21152.994075590526,19562.19244438248,21777.07318636966,21072.87082872325,16709.375408337462,18875.41603852408
random,25574.883079999505,25916.18100136038,22669.853397700637,22605.032606200628,20498.973809771178,21155.996003733228,19928.403885713513,21250.15161816732,20963.422553269036,18875.41603852408,16767.69978114563
