,square,rectangle,parallelogram,losange,isoTrapezoid,kite,rightKite,rustedHinge,hinge,trapezoid,random
square,9520.264008640952,10490.410738761047,12637.387881473718,13577.259815355668,15803.161215859449,19219.14958469124,17618.33679269154,19314.402418231777,17492.742142082276,14552.458537334076,16677.843572441794
rectangle,10490.410738761047,9776.058354382065,12523.851614455747,13574.214872658242,15953.693053763369,19244.064582111205,17679.523564128023,19169.434998550212,17312.335183378407,14632.872471560571,16731.48834884389
parallelogram,12637.387881473716,12523.851614455747,9851.20225302704,10996.445966512982,13363.50234996145,15508.16479906904,14048.727899432048,15452.119758489289,14090.022710947504,11630.366545307186,13110.195248801761
losange,13577.25981535567,13574.214872658242,10996.445966512982,10781.600843876467,13635.109947523373,15524.285778140085,14102.636087372402,15458.41397700741,14312.649311863803,11883.776416270419,13003.264698837434
isoTrapezoid,15803.161215859449,15953.693053763369,13363.50234996145,13635.109947523373,10909.0437457494,12667.827137471215,11233.021319849198,13061.634588720282,12615.467353090195,11200.908443384644,11471.374088632654
kite,19219.14958469124,19244.064582111205,15508.164799069038,15524.285778140085,12667.827137471215,11057.204299299246,10535.541695543416,12380.160265784289,12553.99858149865,12690.240702104673,11962.815500451385
rightKite,17618.33679269154,17679.523564128023,14048.727899432048,14102.636087372399,11233.021319849198,10535.541695543416,8595.099653642837,11253.290062357853,11267.664251050133,10959.521840974749,10471.202048555382
rustedHinge,19314.402418231777,19169.43499855021,15452.119758489289,15458.41397700741,13061.634588720282,12380.160265784289,11253.290062357853,10819.32150917436,11425.309588386755,12820.471422236005,11873.109758207218
hinge,17492.742142082272,17312.335183378407,14090.022710947507,14312.649311863806,12615.467353090195,12553.998581498648,11267.664251050133,11425.309588386755,10988.575323177645,12005.014304015154,11530.015850026868
trapezoid,14552.458537334076,14632.872471560571,11630.366545307186,11883.776416270419,11200.908443384644,12690.240702104671,10959.521840974749,12820.471422236005,12005.014304015152,9209.959725138015,10303.975059574343
random,16677.843572441794,16731.488348843886,13110.195248801761,13003.264698837434,11471.374088632654,11962.815500451385,10471.202048555382,11873.10975820722,11530.015850026868,10303.975059574343,9162.233444851108
