,square,rectangle,parallelogram,losange,isoTrapezoid,kite,rightKite,rustedHinge,hinge,trapezoid,random
square,8496.51050768104,9165.963869290561,11192.791135402134,12110.34943733077,14611.87832445783,18216.03621340651,16577.76271941477,18173.16377757981,16250.937529327724,13259.503581141775,15450.839926264887
rectangle,9165.963869290561,8749.60049564422,11054.668784376148,12053.641933388637,14708.471292165668,18170.85663160131,16557.537436594444,17994.776869116795,16051.352362443376,13282.177290799556,15441.819539552638
parallelogram,11192.791135402134,11054.668784376148,8565.77121843355,9623.04245024824,11702.529283502598,14096.608943567135,12537.536774218264,13972.952049932463,12531.132675110986,10030.405253687442,11535.451382015257
losange,12110.34943733077,12053.641933388635,9623.04245024824,9595.203871857826,11926.102124167035,14030.451440342702,12496.09067078703,13901.530974852081,12678.386236070704,10271.705503980878,11411.552881422927
isoTrapezoid,14611.878324457826,14708.471292165668,11702.529283502598,11926.102124167035,9742.769286736164,11305.18219024822,9794.08500924908,11520.528736945278,11047.763187185474,9650.500222442037,9927.011280267627
kite,18216.036213406507,18170.85663160131,14096.608943567135,14030.451440342702,11305.182190248219,9949.129113745455,9211.117558908782,10834.426546978906,11072.255924721749,11217.393185215566,10464.933821717688
rightKite,16577.762719414768,16557.53743659445,12537.536774218264,12496.090670787033,9794.085009249082,9211.117558908782,7272.994602801192,9652.478893817131,9694.044556973357,9376.057386855615,8864.822386525298
rustedHinge,18173.163777579815,17994.77686911679,13972.952049932463,13901.530974852081,11520.528736945278,10834.426546978908,9652.47889381713,9565.860490139568,10120.870434018489,11244.436443400995,10328.539472902583
hinge,16250.937529327724,16051.352362443376,12531.132675110986,12678.386236070706,11047.763187185474,11072.255924721749,9694.044556973358,10120.87043401849,9764.5191298517,10405.814200661813,9995.647374691198
trapezoid,13259.503581141775,13282.177290799556,10030.405253687442,10271.705503980878,9650.500222442037,11217.393185215566,9376.057386855617,11244.436443400995,10405.814200661813,7856.057111834133,8804.388580234097
random,15450.839926264887,15441.819539552638,11535.451382015259,11411.552881422927,9927.011280267627,10464.933821717688,8864.822386525298,10328.539472902585,9995.647374691198,8804.388580234097,7904.2830040643985
