,square,rectangle,parallelogram,losange,isoTrapezoid,kite,rightKite,rustedHinge,hinge,trapezoid,random
square,506.9090004644551,560.2520818507883,599.8931454903826,634.1858030041731,547.7144465003701,540.8676897043118,534.2777685555042,576.6432764990401,567.9100258294238,560.1567546450215,597.3849216912996
rectangle,560.2520818507883,489.2312510053963,550.2106775376973,594.9145807993636,608.8116322360308,572.7883203770906,570.2994189165397,549.3921304936264,528.6706615286381,577.0646712380243,620.844658389865
parallelogram,599.8931454903826,550.2106775376972,527.6026639535902,572.0440962962045,627.1220942918735,612.4502047589593,601.0675009882966,582.5080871452337,563.1281527669928,583.733653561803,620.5333164191035
losange,634.1858030041731,594.9145807993636,572.0440962962047,536.5121667929957,640.3507104222134,638.8854863403602,630.9103202022097,600.2380718571137,589.7710290579979,592.5327444890598,599.8656527361865
isoTrapezoid,547.7144465003701,608.8116322360308,627.1220942918735,640.3507104222133,501.3019186000185,551.1914624153794,547.4475407895283,611.3027496758431,608.0549979076834,563.4131063560179,585.9117727868471
kite,540.8676897043118,572.7883203770906,612.4502047589594,638.8854863403601,551.1914624153794,506.7334894072826,534.1144006413825,599.1567930886881,592.3408596350755,584.8137763527377,614.3980181864559
rightKite,534.2777685555042,570.2994189165397,601.0675009882965,630.9103202022097,547.4475407895281,534.1144006413825,510.3901761766499,592.6539481893511,584.3478742969978,562.4829316759402,606.4801847089622
rustedHinge,576.6432764990401,549.3921304936264,582.5080871452337,600.2380718571137,611.3027496758431,599.1567930886881,592.6539481893511,512.0517172672,518.5845530285444,587.3617900725866,604.3055380612899
hinge,567.9100258294238,528.6706615286381,563.1281527669928,589.7710290579978,608.0549979076834,592.3408596350755,584.3478742969978,518.5845530285444,501.0707237290572,577.3564961630666,602.2790673745386
trapezoid,560.1567546450217,577.0646712380243,583.733653561803,592.5327444890598,563.4131063560179,584.8137763527377,562.4829316759401,587.3617900725867,577.3564961630666,517.9503239818522,562.223198300753
random,597.3849216912996,620.844658389865,620.5333164191036,599.8656527361863,585.9117727868471,614.3980181864559,606.4801847089622,604.3055380612899,602.2790673745386,562.223198300753,519.7738299823748
