,square,rectangle,parallelogram,losange,isoTrapezoid,kite,rightKite,rustedHinge,hinge,trapezoid,random
square,17786.93309589283,20969.268318311755,24138.311667885766,26198.786324745666,26583.520823838993,28427.957968924296,26775.164255967684,29809.32923620855,28377.257932673,25526.946179611343,28479.10242709874
rectangle,20969.268318311755,18586.457792927707,23985.869341347236,26503.842496970236,27614.32192068984,29162.83149163738,27692.594451150846,29731.629582080448,28073.681503803942,26275.503517014004,29128.345517319172
parallelogram,24138.311667885762,23985.869341347236,19797.994864227385,22331.582807959203,26106.70145453819,26833.058991942216,25484.485132101854,27142.323119468136,25908.90542856935,23567.338980051365,25834.724594951946
losange,26198.78632474567,26503.842496970243,22331.582807959207,21070.317092026562,27105.009091784475,27990.784727582915,26705.59446169904,28232.769069529386,27311.678790015478,24238.575577620704,25860.015930629303
isoTrapezoid,26583.520823838993,27614.32192068984,26106.70145453819,27105.009091784475,19959.523030898006,23175.9021959994,22027.954787085906,25237.41763386901,24908.978404918387,22642.835729134506,23486.047307874574
kite,28427.957968924296,29162.83149163738,26833.05899194222,27990.784727582915,23175.9021959994,19799.509099670933,20440.113866589007,24299.424533521917,24262.63390556253,23973.597660290525,24205.68385127821
rightKite,26775.164255967684,27692.59445115084,25484.485132101854,26705.59446169904,22027.954787085906,20440.113866589007,18091.406968790783,23412.839781029626,23359.49073429197,22327.962781573253,22974.583475742675
rustedHinge,29809.329236208552,29731.629582080448,27142.323119468132,28232.769069529386,25237.41763386901,24299.424533521913,23412.839781029626,20884.961463916075,21946.34538661244,25002.7294995812,24640.38534365388
hinge,28377.257932673,28073.681503803942,25908.90542856935,27311.678790015474,24908.978404918387,24262.63390556253,23359.490734291965,21946.34538661244,21005.083064080867,24234.1530075227,24286.407622788625
trapezoid,25526.946179611343,26275.503517014007,23567.338980051365,24238.575577620704,22642.835729134506,23973.597660290525,22327.962781573253,25002.7294995812,24234.1530075227,19223.193296704354,21673.60220257528
random,28479.10242709874,29128.34551731918,25834.724594951946,25860.015930629303,23486.047307874574,24205.68385127821,22974.583475742675,24640.38534365388,24286.407622788625,21673.60220257528,19309.73633834766
