,square,rectangle,parallelogram,losange,isoTrapezoid,kite,rightKite,rustedHinge,hinge,trapezoid,random
square,1950.1663412888245,2162.0142297204125,2491.6198804739734,2685.451062377328,2313.0066032937125,2316.6641751403613,2279.175962541096,2444.1000277458284,2377.537657533232,2345.515117370009,2580.3023603077077
rectangle,2162.0142297204125,1926.6369204812788,2328.130629709589,2574.287365869693,2510.3707858675307,2416.3412682104536,2392.128641810403,2385.6625236449827,2278.9217448685918,2416.5393231274866,2674.4460119447976
parallelogram,2491.6198804739734,2328.130629709589,2063.8163487689453,2300.9249537641804,2618.4078904779944,2621.188142758912,2540.6371138292743,2521.139823046967,2424.2098415039795,2377.48529079323,2605.6722794699785
losange,2685.451062377328,2574.287365869693,2300.9249537641804,2094.0391271331473,2701.164804701604,2755.4893476428647,2680.0649258637445,2631.1587970107717,2578.5741229068535,2422.555489229469,2535.608345493476
isoTrapezoid,2313.0066032937125,2510.3707858675307,2618.407890477995,2701.164804701604,2012.1336795302088,2283.1952188881432,2246.684570639299,2573.706074107095,2552.043988298088,2282.6298736963445,2421.503692797944
kite,2316.664175140361,2416.3412682104536,2621.188142758912,2755.4893476428647,2283.1952188881432,1994.123408218579,2136.688757806027,2531.1454366620505,2496.6420855422225,2462.6505223845857,2584.924665626709
rightKite,2279.175962541096,2392.128641810403,2540.6371138292743,2680.064925863745,2246.684570639299,2136.688757806027,1977.632952614051,2492.857517474229,2453.6770875669313,2308.4765455321335,2488.872171324929
rustedHinge,2444.100027745829,2385.6625236449827,2521.139823046967,2631.1587970107717,2573.706074107095,2531.14543666205,2492.857517474229,2009.2786938473928,2077.895219654292,2493.427229609556,2538.6745395252224
hinge,2377.537657533232,2278.9217448685913,2424.2098415039795,2578.5741229068535,2552.043988298088,2496.6420855422225,2453.6770875669317,2077.895219654292,1990.8285021312038,2439.393024240634,2510.3645050437203
trapezoid,2345.515117370009,2416.5393231274866,2377.48529079323,2422.555489229469,2282.629873696344,2462.650522384585,2308.4765455321335,2493.427229609556,2439.393024240634,1999.0193432207323,2249.1131614500423
random,2580.3023603077077,2674.446011944797,2605.6722794699785,2535.608345493476,2421.503692797944,2584.9246656267087,2488.872171324929,2538.674539525223,2510.36450504372,2249.1131614500423,2029.0008787429513
