,square,rectangle,parallelogram,losange,isoTrapezoid,kite,rightKite,rustedHinge,hinge,trapezoid,random
square,8993.670782213476,9853.934066669526,11955.539688512456,12901.136052960668,15184.695530199415,18717.143669635254,17093.917374326415,18736.99164245863,16880.827948343645,13912.284418410605,16078.907550491087
rectangle,9853.934066669526,9218.792888089409,11800.368473636203,12842.703681398312,15246.3901212921,18661.955373656245,17070.65828305686,18531.068568034974,16638.295506637267,13909.27574333023,16048.073366420726
parallelogram,11955.539688512456,11800.368473636203,9266.374802179138,10380.631053727648,12555.928867200393,14868.417707545168,13358.82011657507,14769.921972137194,13390.865027903234,10898.734886169726,12409.44503097154
losange,12901.136052960666,12842.703681398312,10380.63105372765,10247.438561153558,12816.351230701193,14853.31627629414,13379.951246247805,14752.869834942332,13591.583992129059,11159.653494197177,12304.66260790855
isoTrapezoid,15184.695530199417,15246.390121292101,12555.928867200391,12816.351230701193,10296.047619683291,11983.57313480994,10513.662906871865,12261.069029686923,11810.459094629367,10422.1800924171,10707.765504632918
kite,18717.143669635254,18661.955373656245,14868.417707545172,14853.31627629414,11983.57313480994,10541.59903055636,9915.961109660759,11643.508227988588,11853.626331382862,11998.424537708013,11273.466708628994
rightKite,17093.917374326415,17070.65828305686,13358.82011657507,13379.951246247805,10513.662906871867,9915.961109660759,7978.705503297396,10487.5068569257,10521.00662042036,10211.430315427626,9730.72260257304
rustedHinge,18736.991642458634,18531.068568034978,14769.921972137192,14752.869834942328,12261.069029686922,11643.50822798859,10487.5068569257,10198.506854824825,10790.077173850064,12055.272846414447,11139.646501122872
hinge,16880.82794834365,16638.295506637267,13390.865027903234,13591.583992129059,11810.459094629367,11853.62633138286,10521.00662042036,10790.077173850066,10403.485068844686,11241.608644285696,10812.133729011553
trapezoid,13912.284418410605,13909.27574333023,10898.734886169726,11159.65349419718,10422.180092417102,11998.424537708013,10211.430315427626,12055.272846414446,11241.608644285696,8572.587180623008,9613.78695620342
random,16078.907550491087,16048.073366420726,12409.44503097154,12304.66260790855,10707.765504632922,11273.466708628996,9730.72260257304,11139.646501122872,10812.133729011553,9613.78695620342,8596.002111330585
