,square,rectangle,parallelogram,losange,isoTrapezoid,kite,rightKite,rustedHinge,hinge,trapezoid,random
square,965.7966128107302,1101.381357227027,1230.3844706646223,1337.0413564640505,1089.6422849836767,1080.83433674168,1060.2567262067498,1164.0206546801332,1145.914993501623,1120.6098282869968,1227.6415392677372
rectangle,1101.3813572270271,957.9925162922123,1116.9922129157821,1253.9837304727735,1233.1258933860013,1160.9132328549726,1148.495129655127,1125.450507732935,1079.2912136469295,1172.2184405170146,1300.0930791010626
parallelogram,1230.3844706646223,1116.9922129157821,998.7198797021853,1117.1251119966366,1297.0029591855885,1275.9507781591174,1228.3224558611369,1193.784171857127,1147.3178722249581,1155.805983403962,1261.98927036282
losange,1337.0413564640505,1253.9837304727735,1117.1251119966366,1018.113143337296,1349.7276670405272,1360.7484778759356,1315.9324350818647,1258.1174965232524,1236.394663532584,1186.5850364430391,1221.85989369015
isoTrapezoid,1089.6422849836765,1233.1258933860013,1297.0029591855885,1349.7276670405272,970.7657978918637,1097.8229502100555,1077.9402822242048,1252.0499817132552,1247.8123703109086,1117.459954328794,1179.2871385042706
kite,1080.83433674168,1160.9132328549729,1275.9507781591174,1360.7484778759356,1097.8229502100558,977.5458901522618,1043.1773058687172,1231.9181940230742,1224.1836905835034,1197.7428771519217,1280.8217123187596
rightKite,1060.25672620675,1148.495129655127,1228.322455861137,1315.932435081865,1077.940282224205,1043.1773058687172,967.3226792608137,1212.825414646131,1201.1742337293178,1113.4978272589965,1229.5101588853388
rustedHinge,1164.0206546801332,1125.450507732935,1193.784171857127,1258.1174965232524,1252.0499817132552,1231.9181940230742,1212.8254146461309,969.8415005574302,1006.1021577243196,1200.1223798412736,1246.5199867585504
hinge,1145.914993501623,1079.2912136469295,1147.3178722249581,1236.3946635325842,1247.8123703109086,1224.1836905835034,1201.1742337293176,1006.1021577243196,973.8258451658508,1178.7912048895369,1242.431030490883
trapezoid,1120.6098282869968,1172.2184405170149,1155.805983403962,1186.5850364430391,1117.459954328794,1197.7428771519217,1113.4978272589963,1200.1223798412734,1178.791204889537,981.2212781190037,1091.4177475246481
random,1227.6415392677372,1300.0930791010626,1261.9892703628198,1221.8598936901503,1179.2871385042706,1280.8217123187596,1229.510158885339,1246.5199867585504,1242.431030490883,1091.4177475246481,1002.3911130082328
