,square,rectangle,parallelogram,losange,isoTrapezoid,kite,rightKite,rustedHinge,hinge,trapezoid,random
square,378.4032987146535,407.97838380625154,425.10618206967763,442.34578987848096,401.50042200723,396.7307459521209,392.8531622151836,414.8712150608406,412.07088444461385,404.51086258804213,424.324772555935
rectangle,407.97838380625154,372.47862302344015,400.08990428835097,421.80797501513985,434.33564463988824,414.7943440587797,412.7102505937064,401.33779190495295,392.6141518382766,415.2544146839373,438.16790606375
parallelogram,425.10618206967763,400.08990428835097,387.59708618365266,410.17751533672754,441.50082231785893,431.3417035851163,425.5682178019799,415.13662067501826,406.8654907132626,418.2909270274017,437.18322662676644
losange,442.34578987848096,421.80797501513985,410.17751533672754,392.87332069715245,447.6038047145646,444.8132284118393,440.6829672383773,424.1853217218479,419.78201333032297,423.52958036580407,427.6847745289206
isoTrapezoid,401.50042200723004,434.3356446398882,441.50082231785876,447.60380471456455,379.3967081318736,404.0027052374095,401.83930562482857,434.61937588459915,434.6735668980584,408.8918560717318,420.13509952250786
kite,396.7307459521209,414.7943440587797,431.3417035851162,444.8132284118393,404.0027052374095,380.92974472509326,394.3749884746192,427.0321668432686,424.8178522522114,416.55322353864705,432.33602250275413
rightKite,392.8531622151836,412.7102505937064,425.5682178019799,440.68296723837716,401.8393056248285,394.3749884746192,381.25170543768127,422.52030241633275,419.78271848787404,405.8411341096689,428.3030043394942
rustedHinge,414.8712150608405,401.33779190495295,415.1366206750184,424.18532172184786,434.61937588459904,427.0321668432686,422.52030241633275,383.6724151726353,388.93825824000453,419.4445377648835,430.5104235232582
hinge,412.07088444461385,392.6141518382766,406.8654907132626,419.78201333032297,434.6735668980584,424.8178522522113,419.78271848787404,388.93825824000453,379.7842976810795,415.7699584282058,430.2293409797722
trapezoid,404.51086258804213,415.2544146839373,418.2909270274017,423.52958036580407,408.8918560717318,416.55322353864705,405.8411341096689,419.4445377648835,415.7699584282058,384.4988453010635,408.4090806728059
random,424.32477255593494,438.16790606375,437.18322662676644,427.68477452892074,420.13509952250786,432.33602250275413,428.3030043394942,430.5104235232582,430.2293409797722,408.40908067280577,388.35208042875473
