,square,rectangle,parallelogram,losange,isoTrapezoid,kite,rightKite,rustedHinge,hinge,trapezoid,random
square,423.10978455416125,462.6888389634741,488.04742738694534,510.3198662990597,452.9593703855441,447.34775219399916,441.9423795822204,472.15238838201014,468.085710004776,458.1411868386365,484.9382864624988
rectangle,462.6888389634741,412.0958447655229,452.19191127780385,481.4886553655474,498.45526056750583,471.4683120499482,469.18715643800056,452.36928414268823,439.780447199475,471.7751412543376,503.0024478328154
parallelogram,488.04742738694534,452.19191127780385,435.8292755990886,464.790152927716,509.13376787776,496.4448224896608,488.6044416503203,473.2089651855652,461.4945295665101,476.1449367267252,501.7114410497407
losange,510.3198662990597,481.4886553655474,464.790152927716,439.87491739021044,516.3184303289414,513.401569850449,507.64792232534575,484.4332124058538,478.33521389316,481.46555338244036,486.76817266931715
isoTrapezoid,452.9593703855441,498.45526056750583,509.1337678777599,516.3184303289414,421.17502912717805,456.09920785582153,453.07701478871144,498.17573913572465,498.07593522631447,462.50890611162106,477.8581200177904
kite,447.34775219399916,471.46831204994805,496.44482248966074,513.401569850449,456.0992078558216,424.6289674121188,443.1978113694708,488.5365348030513,485.35775242392606,474.95689345476177,496.05298306457695
rightKite,441.9423795822203,469.18715643800056,488.6044416503203,507.64792232534575,453.07701478871144,443.19781136947086,426.1753256595609,482.7036630405972,478.7630381127172,459.6769342004992,490.56331595709116
rustedHinge,472.15238838201014,452.3692841426882,473.2089651855651,484.43321240585385,498.17573913572465,488.5365348030512,482.7036630405971,427.02328352067246,433.22383239549816,477.4069448247418,491.1944222948118
hinge,468.085710004776,439.780447199475,461.4945295665102,478.33521389316,498.07593522631447,485.3577524239262,478.7630381127171,433.22383239549816,421.88878451755636,472.0403749707091,490.85890165875475
trapezoid,458.14118683863643,471.7751412543376,476.1449367267253,481.46555338244036,462.5089061116212,474.95689345476177,459.6769342004991,477.4069448247418,472.0403749707091,428.8995050347224,460.4937345111742
random,484.93828646249887,503.0024478328153,501.7114410497408,486.76817266931715,477.85812001779027,496.0529830645769,490.56331595709116,491.1944222948119,490.85890165875475,460.4937345111742,431.71252088255187
