,square,rectangle,parallelogram,losange,isoTrapezoid,kite,rightKite,rustedHinge,hinge,trapezoid,random
square,11668.554241932055,13082.443124358675,15542.813580643271,16633.88163403533,18106.383060968168,21193.451940756164,19556.156649408513,21440.548803621008,19810.10084093129,17098.035405037386,19214.353895930322
rectangle,13082.443124358675,11973.634193150581,15372.831368321622,16672.25794674394,18497.479250046792,21390.750022805263,19820.112702283277,21294.303400189852,19592.4293479759,17367.7876109471,19460.167667767437
parallelogram,15542.813580643266,15372.831368321622,12511.569765252949,13938.903150828175,16524.107776473214,18291.071835289113,16838.492829158684,18140.09719316529,16888.851253297882,14740.730638941854,16247.90706783776
losange,16633.881634035326,16672.257946743943,13938.903150828173,13382.050916711885,16905.072351456274,18528.28904578627,17121.617935184677,18343.102166033477,17329.172383105957,15014.81863025226,16108.958132101203
isoTrapezoid,18106.383060968168,18497.479250046792,16524.107776473214,16905.072351456278,13121.593573500022,15231.134892700255,13855.638444951739,15991.63563628754,15639.618265723087,14087.943949782068,14421.841019653422
kite,21193.451940756167,21390.750022805263,18291.071835289113,18528.289045786267,15231.134892700255,13199.825528776739,12990.79682170287,15313.528837162,15467.202589254302,15561.173419698918,15013.552466606756
rightKite,19556.156649408516,19820.112702283277,16838.49282915868,17121.617935184677,13855.638444951739,12990.79682170287,10998.574083842363,14224.701279500181,14257.582727428678,13829.022495852882,13576.459493508597
rustedHinge,21440.548803621004,21294.303400189852,18140.09719316529,18343.10216603348,15991.63563628754,15313.528837162,14224.701279500181,13102.939332086255,13838.945963072758,15737.886764342586,14903.465039032173
hinge,19810.10084093129,19592.4293479759,16888.851253297882,17329.172383105957,15639.618265723086,15467.202589254306,14257.582727428678,13838.945963072758,13335.190661322176,15022.807651316167,14608.593387087836
trapezoid,17098.035405037383,17367.7876109471,14740.73063894185,15014.818630252263,14087.943949782066,15561.173419698918,13829.022495852883,15737.886764342586,15022.807651316167,11803.29758639748,13131.389914815021
random,19214.353895930326,19460.16766776744,16247.907067837763,16108.9581321012,14421.841019653422,15013.552466606756,13576.4594935086,14903.465039032173,14608.593387087836,13131.389914815023,11633.043316569549
