,square,rectangle,parallelogram,losange,isoTrapezoid,kite,rightKite,rustedHinge,hinge,trapezoid,random
square,39.69968084891901,49.68482682484649,57.86738954490831,63.802396914062136,63.00360535079465,61.096430220408756,58.95068351239018,67.99684179567478,66.0239457384055,60.71867379085487,68.91543972718105
rectangle,49.68482682484648,42.207263861062316,58.33068244798343,65.48713050285583,67.13681343742432,64.77614075903519,63.08152614473145,68.72834932350881,65.83935006455532,63.84583747489426,71.8745392328389
parallelogram,57.86738954490833,58.33068244798343,46.31153572818693,52.804115060446335,66.51968806991997,63.22796583017256,61.722361809593615,66.1346297524125,63.64577094551321,58.39182355316781,65.32972571534059
losange,63.80239691406213,65.48713050285583,52.80411506044634,49.249699465669345,70.1748611222027,67.86623201594821,66.23898673217663,70.03256089323057,68.37852569696183,60.987016034740414,65.87017094205761
isoTrapezoid,63.00360535079466,67.13681343742434,66.51968806991995,70.1748611222027,47.58651864952489,56.43355715557048,55.06536179077187,64.10464320613868,63.04354698178193,57.92589233814567,61.09943782861902
kite,61.096430220408756,64.77614075903519,63.22796583017256,67.86623201594821,56.43355715557048,45.91751413952499,49.14309180043626,60.91583056968083,59.40831861143881,58.094634025684556,60.65310426608969
rightKite,58.95068351239018,63.08152614473145,61.722361809593615,66.23898673217663,55.065361790771874,49.14309180043626,44.14911857761943,59.40699293007575,58.66572847639639,55.8216220422736,58.904895524553076
rustedHinge,67.99684179567478,68.72834932350881,66.1346297524125,70.03256089323057,64.10464320613866,60.91583056968083,59.40699293007575,51.93938625191695,54.28486776660764,63.13020845813252,63.03865030993727
hinge,66.0239457384055,65.83935006455532,63.64577094551321,68.37852569696182,63.04354698178193,59.40831861143881,58.66572847639639,54.28486776660764,50.88556777615544,61.11494880207357,62.06081514911333
trapezoid,60.71867379085487,63.845837474894246,58.39182355316781,60.987016034740414,57.92589233814567,58.094634025684556,55.8216220422736,63.130208458132515,61.11494880207357,47.91310480613679,55.25527649213451
random,68.91543972718105,71.8745392328389,65.32972571534059,65.87017094205761,61.09943782861902,60.65310426608969,58.904895524553076,63.03865030993726,62.06081514911333,55.25527649213451,48.46049622927246
