,square,rectangle,parallelogram,losange,isoTrapezoid,kite,rightKite,rustedHinge,hinge,trapezoid,random
square,881.1983188465479,1002.8660542245693,1115.9087726785524,1209.0532081763904,986.2409556507213,977.415475749863,960.7946157120707,1054.2974211266192,1038.5437737903515,1015.8806066343708,1109.4736002021095
rectangle,1002.8660542245693,874.3963595478969,1013.6133620481858,1132.5917006344753,1114.1852965123335,1049.5594644578794,1040.7704270250517,1020.4181848636331,979.3535431553821,1062.162710455538,1174.0086754336564
parallelogram,1115.9087726785524,1013.613362048186,908.2279206647515,1014.3340270882555,1170.769952131063,1152.9119614355131,1112.9027299292172,1081.45550203676,1040.8839329094835,1048.6885693509703,1142.6499784615341
losange,1209.0532081763904,1132.5917006344753,1014.3340270882555,925.4628965891231,1217.0921715303625,1227.018674119104,1189.938202767466,1136.3484722717487,1117.795177687955,1075.9649798768673,1107.782761413055
isoTrapezoid,986.2409556507209,1114.1852965123335,1170.769952131063,1217.0921715303625,879.7249847553807,992.5322132761971,975.907583474224,1127.4211119490737,1124.2630406367198,1010.6801394670074,1065.0454282637845
kite,977.415475749863,1049.5594644578796,1152.9119614355131,1227.018674119104,992.5322132761971,887.1378066388446,946.7622659824967,1110.199223736563,1103.4638638805313,1081.6180687251424,1154.9050610378818
rightKite,960.7946157120707,1040.7704270250515,1112.9027299292172,1189.9382027674662,975.907583474224,946.7622659824968,880.6254809923106,1096.520917010243,1086.0781027344224,1008.7597106694496,1111.5815678608512
rustedHinge,1054.2974211266192,1020.4181848636331,1081.45550203676,1136.3484722717487,1127.421111949074,1110.1992237365628,1096.5209170102428,885.6366535157988,917.67486297674,1084.5037015222124,1125.5426484947136
hinge,1038.5437737903515,979.3535431553821,1040.8839329094835,1117.7951776879547,1124.26304063672,1103.4638638805316,1086.0781027344224,917.6748629767402,888.6103534550859,1066.4760813510782,1123.1560889515918
trapezoid,1015.8806066343708,1062.162710455538,1048.68856935097,1075.9649798768671,1010.6801394670075,1081.6180687251424,1008.7597106694498,1084.5037015222122,1066.4760813510782,892.5743131726584,990.8586521431206
random,1109.4736002021095,1174.0086754336564,1142.6499784615341,1107.782761413055,1065.0454282637847,1154.9050610378815,1111.581567860851,1125.5426484947136,1123.1560889515918,990.8586521431205,912.6609262534863
