,square,rectangle,parallelogram,losange,isoTrapezoid,kite,rightKite,rustedHinge,hinge,trapezoid,random
square,647.8060512385396,737.1672264928869,807.3038480769249,861.5086006005214,719.5582907087492,714.193810822715,699.4651376545985,763.934787677078,753.3757103469203,738.155669932683,799.9215610866418
rectangle,737.1672264928868,640.7436335129881,731.8333254045073,804.6758976174162,815.2796719124067,769.3703565695911,760.7827770875787,735.4188384346932,706.5696585239472,772.1080469362009,846.7130141849209
parallelogram,807.303848076925,731.8333254045074,667.4841370290942,734.5441554935954,850.0921318558886,837.8552063398637,810.8485559980419,780.9248945605415,752.044689372575,766.8184444924746,829.5336609131296
losange,861.5086006005214,804.6758976174161,734.5441554935954,675.0800812690809,872.2048054615375,880.5686480188331,855.4682891489127,812.5385932832935,798.5083008997588,778.5224467854804,798.8180944778684
isoTrapezoid,719.5582907087492,815.2796719124067,850.0921318558886,872.2048054615375,647.6180643116055,730.3696240692834,716.6444977556691,821.5671410407915,819.4376783930177,741.5789996083649,776.5835724385948
kite,714.193810822715,769.370356569591,837.8552063398637,880.5686480188331,730.3696240692834,659.5432945477813,700.5762533518147,810.3130549488253,805.7326045396788,791.4734064841599,840.9218704825003
rightKite,699.4651376545985,760.7827770875787,810.848555998042,855.4682891489127,716.644497755669,700.5762533518148,654.1497843830689,798.3841072143626,790.1867339134818,740.6672946906923,811.2487479587649
rustedHinge,763.934787677078,735.418838434693,780.9248945605415,812.5385932832935,821.5671410407915,810.3130549488253,798.3841072143626,655.1462025319461,674.4628422175456,787.6868421404376,817.4081248345121
hinge,753.3757103469203,706.5696585239472,752.044689372575,798.5083008997589,819.4376783930177,805.7326045396788,790.1867339134819,674.4628422175457,652.5531415549501,774.0901146494574,815.7393261949272
trapezoid,738.155669932683,772.1080469362009,766.8184444924746,778.5224467854803,741.5789996083649,791.4734064841599,740.6672946906923,787.6868421404376,774.0901146494575,659.2589107951044,725.9176190138411
random,799.9215610866418,846.7130141849209,829.5336609131296,798.8180944778683,776.5835724385948,840.9218704825003,811.2487479587649,817.4081248345121,815.7393261949272,725.9176190138411,669.214033594124
