,square,rectangle,parallelogram,losange,isoTrapezoid,kite,rightKite,rustedHinge,hinge,trapezoid,random
square,0.024866528762768184,0.03129349592815963,0.044444043831063165,0.05045600611032268,0.03882726683199983,0.03962056667002327,0.03745015884445922,0.039741117260808444,0.039041753659620454,0.03795859600013841,0.051536153516254755
rectangle,0.03129349592815962,0.021205518491654054,0.03243475172757178,0.04216723664339565,0.05207466724288281,0.048233429175378824,0.04594840943647974,0.038533128996048965,0.03486431287899966,0.042916692892018535,0.06281390012551485
parallelogram,0.044444043831063165,0.03243475172757177,0.028285784314270077,0.035611135578760625,0.06125409681973242,0.0578777214701648,0.052863841868414876,0.04547505656770236,0.04030711819629272,0.04514794635946789,0.06545210049978212
losange,0.05045600611032267,0.04216723664339565,0.035611135578760625,0.03133991857072676,0.06355654281186057,0.06180700880953674,0.05534741554926402,0.04909379497844448,0.04537210665412963,0.0454680000270291,0.060929016466044955
isoTrapezoid,0.03882726683199983,0.052074667242882816,0.06125409681973242,0.06355654281186057,0.03232495688348065,0.03965697376549243,0.03858370567451906,0.05139183297250077,0.051091042922113,0.03925893120855742,0.04628844802901252
kite,0.03962056667002327,0.048233429175378824,0.05787772147016481,0.06180700880953674,0.03965697376549243,0.0345216027594131,0.03601788560834858,0.04985027559936308,0.049048949008168384,0.04476512311409288,0.05543994732169993
rightKite,0.03745015884445922,0.04594840943647974,0.05286384186841489,0.05534741554926402,0.03858370567451906,0.03601788560834858,0.03174471569305815,0.04747671377237014,0.047063723709297886,0.0395872846247015,0.050473814250365956
rustedHinge,0.039741117260808444,0.038533128996048965,0.045475056567702364,0.04909379497844448,0.05139183297250077,0.04985027559936308,0.04747671377237013,0.030052688221001718,0.031217001438152186,0.047231008429676834,0.057525025103111624
hinge,0.039041753659620454,0.034864312878999666,0.04030711819629272,0.04537210665412963,0.051091042922113,0.04904894900816838,0.04706372370929789,0.03121700143815218,0.028980421591119625,0.0449369799790587,0.05686325939551197
trapezoid,0.037958596000138414,0.042916692892018535,0.045147946359467894,0.0454680000270291,0.039258931208557425,0.04476512311409288,0.0395872846247015,0.04723100842967684,0.0449369799790587,0.031046448982749754,0.042799232684195526
random,0.051536153516254755,0.06281390012551485,0.06545210049978212,0.06092901646604496,0.04628844802901252,0.05543994732169993,0.050473814250365956,0.057525025103111624,0.05686325939551197,0.042799232684195526,0.0427060386205531
