,square,rectangle,parallelogram,losange,isoTrapezoid,kite,rightKite,rustedHinge,hinge,trapezoid,random
square,0.030348769018689933,0.039429574011800424,0.04738053848005279,0.05499008681290119,0.03689156310069938,0.03518282329714097,0.03344431691356248,0.04197873877534651,0.04103087897798676,0.038351920731978295,0.04675734842516309
rectangle,0.039429574011800424,0.03127299737235949,0.03847362815930039,0.04700834994913684,0.049004627102972195,0.04250169908316928,0.04127900339127091,0.039233247546890844,0.036335243933241036,0.0432312247208921,0.052616420344439946
parallelogram,0.047380538480052796,0.03847362815930039,0.03493608687179009,0.04063918902575494,0.05339240806306251,0.049998751240522096,0.04723826830562867,0.04338780366883415,0.0403253997722182,0.0436989755755311,0.051103001990474024
losange,0.05499008681290119,0.04700834994913685,0.04063918902575494,0.036086170179717304,0.056636352159369,0.05590603763543656,0.053683730720648935,0.0467869534855086,0.04531995653015416,0.045939195111961775,0.046945231944828615
isoTrapezoid,0.03689156310069939,0.0490046271029722,0.053392408063062495,0.056636352159369,0.032451680096591204,0.03803874470379977,0.03680744478455395,0.04930631007209805,0.04936572556615975,0.03992070951114014,0.044713585960123065
kite,0.03518282329714097,0.042501699083169274,0.04999875124052208,0.05590603763543656,0.03803874470379977,0.03181817557452952,0.03437189115717064,0.04692016333406097,0.04630391708588483,0.043697717713614914,0.0506302212210208
rightKite,0.03344431691356248,0.04127900339127091,0.04723826830562867,0.053683730720648935,0.03680744478455395,0.03437189115717064,0.03128653252331279,0.04521434562587607,0.044242215567421486,0.03856420680255304,0.04793058257286701
rustedHinge,0.04197873877534651,0.03923324754689084,0.04338780366883415,0.0467869534855086,0.04930631007209805,0.04692016333406096,0.04521434562587607,0.0334866456992673,0.034131925562648296,0.04409641802952363,0.04791688881119905
hinge,0.04103087897798676,0.036335243933241036,0.0403253997722182,0.04531995653015415,0.04936572556615975,0.046303917085884834,0.04424221556742148,0.0341319255626483,0.032864357854756984,0.04287658988021533,0.0482652121333401
trapezoid,0.038351920731978295,0.0432312247208921,0.0436989755755311,0.04593919511196178,0.03992070951114014,0.043697717713614914,0.03856420680255304,0.04409641802952363,0.04287658988021533,0.032781322133035674,0.03921444309593822
random,0.046757348425163076,0.052616420344439946,0.05110300199047404,0.046945231944828615,0.044713585960123065,0.0506302212210208,0.04793058257286702,0.04791688881119905,0.0482652121333401,0.03921444309593822,0.03497058877185717
