,square,rectangle,parallelogram,losange,isoTrapezoid,kite,rightKite,rustedHinge,hinge,trapezoid,random
square,0.0,0.05508264296634047,0.13858794177309497,0.17346286121415322,0.11558493712401785,0.09390967513199089,0.08458107419044425,0.14378651117495256,0.12091630290859479,0.12101051378852967,0.17354827830982122
rectangle,0.05508264296634047,0.0,0.10702910979013791,0.15532607464549486,0.1604175909611344,0.12959008956086537,0.12505772352723188,0.13054836152016958,0.0916064180491406,0.1412157704484679,0.1934581305470815
parallelogram,0.13858794177309497,0.10702910979013791,1.1102230246251565e-16,0.03561548457565922,0.15676243707804605,0.1320895213425416,0.13670685665129867,0.13322928891042307,0.11100979562770119,0.0944772727575004,0.1309951206228157
losange,0.17346286121415322,0.15532607464549486,0.03561548457565922,0.0,0.16935483847054433,0.15169362739301584,0.15764799568560217,0.1488745852868818,0.13585110442654835,0.10015387868648118,0.10749465250718548
isoTrapezoid,0.11558493712401785,0.1604175909611344,0.15676243707804605,0.16935483847054433,1.1102230246251565e-16,0.060807307062784366,0.04862856799644588,0.13912418855529995,0.13674847248016553,0.05360982821260463,0.09530546950504504
kite,0.09390967513199089,0.12959008956086537,0.1320895213425416,0.15169362739301584,0.060807307062784366,0.0,0.027986990406995704,0.12088315545759543,0.11261055095575268,0.09009609399824725,0.11624440315043161
rightKite,0.08458107419044425,0.12505772352723188,0.13670685665129867,0.15764799568560217,0.04862856799644588,0.027986990406995704,0.0,0.11711359595599213,0.10866901138008389,0.06583214982907848,0.11326572659927059
rustedHinge,0.14378651117495256,0.13054836152016958,0.13322928891042307,0.1488745852868818,0.13912418855529995,0.12088315545759543,0.11711359595599213,0.0,0.016165632147007836,0.12932194561722865,0.12285301937062654
hinge,0.12091630290859479,0.0916064180491406,0.11100979562770119,0.13585110442654835,0.13674847248016553,0.11261055095575268,0.10866901138008389,0.016165632147007836,0.0,0.11831253799802488,0.12523733292461647
trapezoid,0.12101051378852967,0.1412157704484679,0.0944772727575004,0.10015387868648118,0.05360982821260463,0.09009609399824725,0.06583214982907848,0.12932194561722865,0.11831253799802488,0.0,0.054488330653792216
random,0.17354827830982122,0.1934581305470815,0.1309951206228157,0.10749465250718548,0.09530546950504504,0.11624440315043161,0.11326572659927059,0.12285301937062654,0.12523733292461647,0.054488330653792216,1.1102230246251565e-16
