,square,rectangle,parallelogram,losange,isoTrapezoid,kite,rightKite,rustedHinge,hinge,trapezoid,random
square,0.0,0.008480114514411774,0.01348614267495618,0.01896028488779611,0.004616899612889136,0.0033420107533059795,0.002341854566979995,0.009211999454636022,0.008651054529811186,0.00548575119445438,0.010608706547730162
rectangle,0.008480114514411774,2.220446049250313e-16,0.004358595718691016,0.009708634481259026,0.013237702040893695,0.009084820479707045,0.008944221713015899,0.005407514490687215,0.0033492397866274892,0.009271018474907966,0.014197212168121198
parallelogram,0.01348614267495618,0.004358595718691016,0.0,0.004800823204610505,0.01652288965102533,0.013974768197450804,0.01258132897737152,0.007681915108975201,0.005530664544612374,0.009800867487785414,0.014109331004080072
losange,0.01896028488779611,0.009708634481259026,0.004800823204610505,0.0,0.018771748459646465,0.018406007386745027,0.017392176291901817,0.00948818597698542,0.008523825347809377,0.011281238802637539,0.01121569782169396
isoTrapezoid,0.004616899612889136,0.013237702040893695,0.01652288965102533,0.018771748459646465,0.0,0.004886548898516363,0.004282359492290944,0.012821738361917911,0.012912309233835018,0.00576586818378555,0.008365543476985482
kite,0.0033420107533059795,0.009084820479707045,0.013974768197450804,0.018406007386745027,0.004886548898516363,0.0,0.002550452064265407,0.01142895762984042,0.010955020839076401,0.008728102286087447,0.012638201845453612
rightKite,0.002341854566979995,0.008944221713015899,0.01258132897737152,0.017392176291901817,0.004282359492290944,0.002550452064265407,0.0,0.010415617951200828,0.0099326782588256,0.005285987487021915,0.011169924172000245
rustedHinge,0.009211999454636022,0.005407514490687215,0.007681915108975201,0.00948818597698542,0.012821738361917911,0.01142895762984042,0.010415617951200828,0.0,0.0010223201716914598,0.00919446944736868,0.010684305495496704
hinge,0.008651054529811186,0.0033492397866274892,0.005530664544612374,0.008523825347809377,0.012912309233835018,0.010955020839076401,0.0099326782588256,0.0010223201716914598,0.0,0.008510563897960233,0.011015683116310182
trapezoid,0.00548575119445438,0.009271018474907966,0.009800867487785414,0.011281238802637539,0.00576586818378555,0.008728102286087447,0.005285987487021915,0.00919446944736868,0.008510563897960233,0.0,0.005109977346095196
random,0.010608706547730162,0.014197212168121198,0.014109331004080072,0.01121569782169396,0.008365543476985482,0.012638201845453612,0.011169924172000245,0.010684305495496704,0.011015683116310182,0.005109977346095196,2.220446049250313e-16
