,square,rectangle,parallelogram,losange,isoTrapezoid,kite,rightKite,rustedHinge,hinge,trapezoid,random
square,0.0,0.021235526488680767,0.06222694934062478,0.08440596942662859,0.05651449413969545,0.0457107357352059,0.05144411043163655,0.06140871170951767,0.049423926687200526,0.05815401269708098,0.08032463642591581
rectangle,0.021235526488680767,0.0,0.0415052207485177,0.06829562814449419,0.07833658332468019,0.05870685034037726,0.06583912307564843,0.05662546704270366,0.039958572456879504,0.06635527723003654,0.08999292663099756
parallelogram,0.06222694934062478,0.0415052207485177,2.220446049250313e-16,0.017641793989148447,0.08509728472632216,0.07435145114887431,0.07870602862045761,0.06381352393704709,0.04935771046562598,0.048195427004691926,0.06421931470580589
losange,0.08440596942662859,0.06829562814449419,0.017641793989148447,0.0,0.09407562942738457,0.08819064251517073,0.09193832545541103,0.07521777516898209,0.06383197246953765,0.05325966517066305,0.0574054842949725
isoTrapezoid,0.05651449413969545,0.07833658332468019,0.08509728472632216,0.09407562942738457,0.0,0.02848169971729575,0.024244727613473405,0.0660796645222107,0.06618982233380566,0.03170376364123184,0.04580873223261439
kite,0.0457107357352059,0.05870685034037726,0.07435145114887431,0.08819064251517073,0.02848169971729575,0.0,0.016646194895718502,0.059995063435567375,0.05627506227716872,0.05134604651632224,0.06347091008927686
rightKite,0.05144411043163655,0.06583912307564843,0.07870602862045761,0.09193832545541103,0.024244727613473405,0.016646194895718502,0.0,0.062202046018619006,0.05900324415391234,0.03623371187444768,0.05856044849614295
rustedHinge,0.06140871170951767,0.05662546704270366,0.06381352393704709,0.07521777516898209,0.0660796645222107,0.059995063435567375,0.062202046018619006,0.0,0.006660427979290673,0.06051198719668727,0.05805140023527078
hinge,0.049423926687200526,0.039958572456879504,0.04935771046562598,0.06383197246953765,0.06618982233380566,0.05627506227716872,0.05900324415391234,0.006660427979290673,0.0,0.05559287163262505,0.057370053713459046
trapezoid,0.05815401269708098,0.06635527723003654,0.048195427004691926,0.05325966517066305,0.03170376364123184,0.05134604651632224,0.03623371187444768,0.06051198719668727,0.05559287163262505,0.0,0.021379715458115456
random,0.08032463642591581,0.08999292663099756,0.06421931470580589,0.0574054842949725,0.04580873223261439,0.06347091008927686,0.05856044849614295,0.05805140023527078,0.057370053713459046,0.021379715458115456,0.0
