,square,rectangle,parallelogram,losange,isoTrapezoid,kite,rightKite,rustedHinge,hinge,trapezoid,random
square,0.0,0.003247627150955501,0.004872067449883555,0.007055196252684692,0.0019365451957739088,0.0014193239596840268,0.001009270614164337,0.0034757801042061276,0.003290702862432604,0.0021930433593724263,0.004354965706220293
rectangle,0.003247627150955501,0.0,0.0016234989455717885,0.003587870669483295,0.0048116866277260195,0.003458936165751325,0.003379867597081976,0.0020938331482659445,0.001324990785237956,0.003567004785584915,0.00534376527469449
parallelogram,0.004872067449883555,0.0016234989455717885,0.0,0.0018871222581277047,0.0058154721167166246,0.00502804006325841,0.004503935954146554,0.0028438306246084677,0.00202010214889059,0.003515119038619452,0.005139327026975726
losange,0.007055196252684692,0.003587870669483295,0.0018871222581277047,0.0,0.006691476658051809,0.006777609301988119,0.006451863917076861,0.003479980185106424,0.0030888743417423203,0.004103968805262426,0.003933138890676813
isoTrapezoid,0.0019365451957739088,0.0048116866277260195,0.0058154721167166246,0.006691476658051809,0.0,0.001962437459036792,0.0017300465230265516,0.004731556183767971,0.004729535680304986,0.0022096371359897615,0.003253846007803096
kite,0.0014193239596840268,0.003458936165751325,0.00502804006325841,0.006777609301988119,0.001962437459036792,0.0,0.0010762015169434314,0.004340020838948688,0.004184391830596046,0.0035366100956114588,0.0050078565501231465
rightKite,0.001009270614164337,0.003379867597081976,0.004503935954146554,0.006451863917076861,0.0017300465230265516,0.0010762015169434314,0.0,0.003978263281142702,0.0037864543464596334,0.0021884306883251936,0.004568947546429336
rustedHinge,0.0034757801042061276,0.0020938331482659445,0.0028438306246084677,0.003479980185106424,0.004731556183767971,0.004340020838948688,0.003978263281142702,0.0,0.00042625155330966447,0.0035045077329896035,0.003986263548304225
hinge,0.003290702862432604,0.001324990785237956,0.00202010214889059,0.0030888743417423203,0.004729535680304986,0.004184391830596046,0.0037864543464596334,0.00042625155330966447,0.0,0.0032013345982861985,0.004061668424163778
trapezoid,0.0021930433593724263,0.003567004785584915,0.003515119038619452,0.004103968805262426,0.0022096371359897615,0.0035366100956114588,0.0021884306883251936,0.0035045077329896035,0.0032013345982861985,0.0,0.002088036245408542
random,0.004354965706220293,0.00534376527469449,0.005139327026975726,0.003933138890676813,0.003253846007803096,0.0050078565501231465,0.004568947546429336,0.003986263548304225,0.004061668424163778,0.002088036245408542,0.0
