,square,rectangle,parallelogram,losange,isoTrapezoid,kite,rightKite,rustedHinge,hinge,trapezoid,random
square,0.0,0.02142580936049243,0.03447906857650185,0.04916343857504524,0.01337538511343861,0.009133331654767485,0.0068144448513045575,0.024077869292874032,0.022395880457379724,0.016129411985030706,0.030258718873041213
rectangle,0.02142580936049243,1.1102230246251565e-16,0.013143574096385446,0.02774447166705507,0.03609397114997848,0.024447929581197014,0.0231781621793411,0.014225268308094119,0.008941886132426635,0.025859131794977452,0.040084806978162524
parallelogram,0.03447906857650185,0.013143574096385446,0.0,0.01235500123390254,0.04214208942972586,0.03667571805628367,0.03130731547287868,0.020979619355514623,0.01547290496204523,0.023864777027217787,0.036035121358700684
losange,0.04916343857504524,0.02774447166705507,0.01235500123390254,0.0,0.047569570913847614,0.048327434930609425,0.04421125256261693,0.027012332777746062,0.024634796771943024,0.02734252199175169,0.02836034360972184
isoTrapezoid,0.01337538511343861,0.03609397114997848,0.04214208942972586,0.047569570913847614,1.1102230246251565e-16,0.014316566207490333,0.01187955292212528,0.034979092134098444,0.03508900313717955,0.015374895750013828,0.0226778137386614
kite,0.009133331654767485,0.024447929581197014,0.03667571805628367,0.048327434930609425,0.014316566207490333,0.0,0.007010078093800942,0.03078237273833917,0.029869604148189843,0.02504120394380005,0.03575290445966306
rightKite,0.0068144448513045575,0.0231781621793411,0.03130731547287868,0.04421125256261693,0.01187955292212528,0.007010078093800942,0.0,0.02796947725855614,0.026597156830450164,0.01491906096607365,0.030146754207973525
rustedHinge,0.024077869292874032,0.014225268308094119,0.020979619355514623,0.027012332777746062,0.034979092134098444,0.03078237273833917,0.02796947725855614,0.0,0.002538001153756797,0.02570373681921634,0.03033723886504014
hinge,0.022395880457379724,0.008941886132426635,0.01547290496204523,0.024634796771943024,0.03508900313717955,0.029869604148189843,0.026597156830450164,0.002538001153756797,0.0,0.023732454468935127,0.031184029134704305
trapezoid,0.016129411985030706,0.025859131794977452,0.023864777027217787,0.02734252199175169,0.015374895750013828,0.02504120394380005,0.01491906096607365,0.02570373681921634,0.023732454468935127,0.0,0.012971551814185855
random,0.030258718873041213,0.040084806978162524,0.036035121358700684,0.02836034360972184,0.0226778137386614,0.03575290445966306,0.030146754207973525,0.03033723886504014,0.031184029134704305,0.012971551814185855,0.0
