,square,rectangle,parallelogram,losange,isoTrapezoid,kite,rightKite,rustedHinge,hinge,trapezoid,random
square,0.0,0.08425196320526696,0.15778084672085213,0.18931148292083455,0.15894566079353933,0.1251606429630615,0.12116182993615898,0.15061777522329822,0.13380565739169747,0.15081645835258817,0.19200239597127533
rectangle,0.08425196320526696,2.220446049250313e-16,0.1342238042464381,0.1801825305165945,0.18574941514499,0.15228737557774152,0.1530622636196184,0.1519940857655343,0.1206888893033694,0.15870144873485925,0.20497241549360834
parallelogram,0.15778084672085213,0.1342238042464381,0.0,0.04817946480493296,0.15573102248989246,0.13142727801136422,0.14001347450266666,0.12834793424106528,0.11327441449896569,0.10582173574956322,0.13432499238730133
losange,0.18931148292083455,0.1801825305165945,0.04817946480493296,0.0,0.16817615344714987,0.14808667085775595,0.1562908404228549,0.13760728355810747,0.13170321129659124,0.11588383419875647,0.119326451739168
isoTrapezoid,0.15894566079353933,0.18574941514499,0.15573102248989246,0.16817615344714987,0.0,0.07244320676652971,0.06388269068826502,0.13605871857596175,0.1359185731133875,0.0643518688546556,0.10387840785883018
kite,0.1251606429630615,0.15228737557774152,0.13142727801136422,0.14808667085775595,0.07244320676652971,2.220446049250313e-16,0.03545981130889275,0.10527215540625756,0.10268320727233737,0.09019684390045202,0.11096394336385007
rightKite,0.12116182993615898,0.1530622636196184,0.14001347450266666,0.1562908404228549,0.06388269068826502,0.03545981130889275,0.0,0.11110600797945802,0.10692843896228088,0.07316988300974558,0.11835122399446063
rustedHinge,0.15061777522329822,0.1519940857655343,0.12834793424106528,0.13760728355810747,0.13605871857596175,0.10527215540625756,0.11110600797945802,0.0,0.021552836204151715,0.1258806721440825,0.11020581298086696
hinge,0.13380565739169747,0.1206888893033694,0.11327441449896569,0.13170321129659124,0.1359185731133875,0.10268320727233737,0.10692843896228088,0.021552836204151715,0.0,0.118818198158535,0.11905436116474577
trapezoid,0.15081645835258817,0.15870144873485925,0.10582173574956322,0.11588383419875647,0.0643518688546556,0.09019684390045202,0.07316988300974558,0.1258806721440825,0.118818198158535,0.0,0.07125125713334535
random,0.19200239597127533,0.20497241549360834,0.13432499238730133,0.119326451739168,0.10387840785883018,0.11096394336385007,0.11835122399446063,0.11020581298086696,0.11905436116474577,0.07125125713334535,0.0
