,square,rectangle,parallelogram,losange,isoTrapezoid,kite,rightKite,rustedHinge,hinge,trapezoid,random
square,0.0,0.0073383247974468935,0.011809926134926152,0.016981705208772402,0.004869792948234419,0.0033543882847701934,0.0024796845642361953,0.008406263569507577,0.007738388183742617,0.005667290631770627,0.011679714306673583
rectangle,0.0073383247974468935,0.0,0.004873213304376289,0.010109904013349436,0.01238254616996104,0.008757315576074842,0.008118489174574584,0.0053120474386445515,0.00327879052637825,0.008980824052512104,0.014971916952231545
parallelogram,0.011809926134926152,0.004873213304376289,0.0,0.004468352059929237,0.014270596321274365,0.01274700629390757,0.010619728414695162,0.007079580477264202,0.005286392379980076,0.007936371280190424,0.012652888492360237
losange,0.016981705208772402,0.010109904013349436,0.004468352059929237,0.0,0.01600645660874067,0.016722223346425258,0.015190804526193258,0.009150858846317056,0.008594837473081096,0.009281256896832124,0.00975796391496564
isoTrapezoid,0.004869792948234419,0.01238254616996104,0.014270596321274365,0.01600645660874067,0.0,0.004557969631927117,0.004189397564780761,0.012084809876599767,0.012160196089797015,0.00546952834686798,0.008432186696238575
kite,0.0033543882847701934,0.008757315576074842,0.01274700629390757,0.016722223346425258,0.004557969631927117,1.1102230246251565e-16,0.002569429492108588,0.010948712849907505,0.010600033672473086,0.008745545945238686,0.013235440622047734
rightKite,0.0024796845642361953,0.008118489174574584,0.010619728414695162,0.015190804526193258,0.004189397564780761,0.002569429492108588,1.1102230246251565e-16,0.009528553639584159,0.009061066721828603,0.00506460283651744,0.011157300240758228
rustedHinge,0.008406263569507577,0.0053120474386445515,0.007079580477264202,0.009150858846317056,0.012084809876599767,0.010948712849907505,0.009528553639584159,0.0,0.000993798385577005,0.008455090571302892,0.010686362159867624
hinge,0.007738388183742617,0.00327879052637825,0.005286392379980076,0.008594837473081096,0.012160196089797015,0.010600033672473086,0.009061066721828603,0.000993798385577005,0.0,0.007898370387900422,0.011284903018782155
trapezoid,0.005667290631770627,0.008980824052512104,0.007936371280190424,0.009281256896832124,0.00546952834686798,0.008745545945238686,0.00506460283651744,0.008455090571302892,0.007898370387900422,0.0,0.004859250299913964
random,0.011679714306673583,0.014971916952231545,0.012652888492360237,0.00975796391496564,0.008432186696238575,0.013235440622047734,0.011157300240758228,0.010686362159867624,0.011284903018782155,0.004859250299913964,0.0
