,photo_face,photo_profil,photo_eyes,photo_face2,photo_walking,photo_standing,photo_hand,photo_legs,photo_bird,photo_butterfly,photo_girafe,photo_fish,photo_cherry,photo_tree,photo_flower,photo_carrot,photo_watch,photo_key,photo_truck,photo_velo,photo_road,photo_house,photo_mountain,photo_windmill,drawing_face,drawing_profil,drawing_eyes,drawing_face2,drawing_walking,drawing_standing,drawing_hand,drawing_legs,drawing_bird,drawing_butterfly,drawing_girafe,drawing_fish,drawing_cherry,drawing_tree,drawing_flower,drawing_carrot,drawing_watch,drawing_key,drawing_truck,drawing_velo,drawing_road,drawing_house,drawing_mountain,drawing_windmill,geo_face,geo_profil,geo_eyes,geo_face2,geo_walking,geo_standing,geo_hand,geo_legs,geo_bird,geo_butterfly,geo_girafe,geo_fish,geo_cherry,geo_tree,geo_flower,geo_carrot,geo_watch,geo_key,geo_truck,geo_velo,geo_road,geo_house,geo_mountain,geo_windmill,word_face,word_profil,word_eyes,word_face2,word_walking,word_standing,word_hand,word_legs,word_bird,word_butterfly,word_girafe,word_fish,word_cherry,word_tree,word_flower,word_carrot,word_watch,word_key,word_truck,word_velo,word_road,word_house,word_mountain,word_windmill
photo_face,0.0,39.91333552086529,39.15145007871744,42.88015439534674,38.49704458473142,40.74888445966212,36.05586131575224,37.515477507203926,46.523401425305316,74.49360775574104,70.49213293540754,49.963345307596725,53.42136030042084,47.930675295050634,38.90340091905475,40.27433300516816,69.36689910050532,34.286854492932136,51.77008527929045,44.8923753791274,48.45575477802208,49.278769545209016,65.1198846439819,45.66480621508098,47.27472264487062,54.65621895475768,45.48812163586748,48.84942690444689,53.92836868356742,48.58170673571564,42.33181793495248,49.00948034947161,45.98515628196992,51.24592724335511,49.87049457031217,48.05487869841737,51.892059770943305,46.90841428609094,46.515328509881435,44.12374258588468,43.96440633287743,47.55855752872604,55.54048779395992,51.32458661316975,36.241566997349935,56.95744884185114,41.27067113118749,58.13139589814362,50.58310242829337,39.8808728486884,46.56631539595086,41.99150567443966,55.245020064991316,46.49694308948576,55.62077506898283,42.895897660319214,44.178463286228,57.56759583406747,48.68543361561516,48.09671358018933,48.920685994188176,44.62004699100979,48.14258878347435,43.05337684660065,45.213915049216595,45.23021274766091,50.97510336847109,50.567952206049775,44.995255334246515,54.15014418517913,45.08867149845783,57.461207156336805,41.14049072156417,42.81662010841278,41.17769248775655,45.91649566525525,46.216010646164776,46.438605434006206,43.16128966664459,46.81060535194876,46.05978656708578,46.63783354421044,44.555396292842886,46.540287596215215,46.32825936602685,42.74658118415252,40.9751035681578,46.27634209131507,45.8120791943587,40.09712060907382,45.69688513102145,40.7960985764753,41.98308916780807,46.79957607007763,51.40471045562315,43.5525227134901
photo_profil,39.91333552086529,0.0,40.78846738779593,43.15269023306499,38.444148194075595,41.163383457186555,37.60876589484057,38.788049597472025,46.468749432024836,75.91023975246829,70.92244643448913,50.99810150088423,54.870736591154085,49.54169354637198,39.05288929536256,43.06791440181759,69.51422366418976,34.207351784410776,52.62081887868306,44.81078138337154,47.95264332493031,49.57955808230352,64.2817773903391,46.48047025963596,47.61901541755423,52.94464751396995,45.67602714936381,49.277063632241095,53.679437957868195,48.617711990180965,42.129446805358484,48.02030230874869,46.07517582903896,50.74294909773266,50.05353321179655,47.7382244486404,51.556110533624036,47.30344513766295,45.996186485929066,43.92410775501343,43.848239350549875,47.30033041043002,55.23767323605909,51.56205240035575,36.38302408464854,57.049039839058366,41.57124682123405,58.4963606974697,50.161066121877134,39.773424291676804,46.42395272522749,41.73150121740487,55.30011657606697,46.29693049939335,55.88980117737694,42.86719219676069,43.61275929073767,57.43465530699443,48.356203407249794,48.0784262232141,49.16984313148147,44.24702071159229,48.10612680179874,43.10607869005678,45.03546259389757,45.506382913220605,50.743194349203065,50.38653963216789,44.71760228832007,54.54982435820293,44.403051038754434,57.494293530233804,41.383009613114716,42.507956017673145,40.806552379084565,45.421749969256275,46.08584611294617,46.27041812319526,42.8420541556017,46.647308692295134,45.70064470077541,47.106543006632066,44.08061419035466,46.13088420546487,46.02747857607005,42.89008670001516,40.42386164533896,45.869431653150414,46.141978479552755,40.38583592999437,45.51953842833325,40.75299698905166,42.03933938755524,46.800252979411724,51.61625018109601,42.64398116130412
photo_eyes,39.15145007871744,40.78846738779593,0.0,43.128833822394355,39.29087292328216,41.34817982667657,37.40916466537675,38.76944995954744,46.029472042596545,78.837016269529,70.5652657922589,49.627768880593706,53.73893738802275,48.98954662771026,39.35869667361448,41.84558689043851,69.78279012883138,34.68221181932274,53.916952604139695,45.40378582441635,47.89464121737541,50.07320732924207,65.08447066842756,45.90652374347038,47.74667150299999,55.07101870647151,45.51522122850177,49.38655027062002,53.97859475761056,48.904923189021304,42.8669602542563,48.947281610779896,45.91484798671472,51.847704305437965,50.36041623940886,48.467601873840216,51.74043175284348,47.48217139830466,46.740687036755766,44.62405112167898,44.22798138651394,47.60524776873415,55.88057068924054,51.915194492206304,37.030786976609384,56.31092628529463,41.842431771481834,58.34133206142021,51.0660567100479,40.22719725334364,45.400412183717584,42.458636731266765,55.83906060563202,46.85009629577402,55.92299911014922,43.17638997033236,44.65018106120044,58.24326091365455,49.0227506535714,48.34192406354591,49.64702460270093,44.883360886749095,48.68111511110108,43.62459453791998,45.647962654187005,45.85869569173912,51.50359440606924,50.71917388050409,45.61114306125901,54.777017139069656,45.468872892776645,57.92014982956031,41.13580066761588,41.68830658941676,40.78024167178554,45.11386586616448,46.69028763443288,46.1278748851495,42.60495975173048,46.3570180840393,45.58503629588827,46.5371500690536,44.536900821398234,46.86691092373374,46.04000516036348,42.83227000391061,40.81954579008867,45.83927150811294,45.73042163980535,40.56727732863001,45.94794180333464,40.8081051954568,41.65101351073874,46.523984630401536,50.440245761315964,42.82944686186528
photo_face2,42.88015439534674,43.15269023306499,43.128833822394355,0.0,43.995261013210886,45.22866919461171,39.24731564284425,41.58066569539372,48.84129797137987,80.80814565042917,72.51028594950304,50.554273354377415,55.611809252538755,51.57418309994371,42.605277622353064,43.7480322675309,72.47494000321554,39.282148368702,56.838924946781006,48.7131978407413,52.28164061070872,51.91406200760751,67.19989236052568,50.35415057546269,51.368290105952305,57.69070261955372,49.46724966708433,53.05727334677469,56.85538499563629,52.28620989996639,46.67840581074851,52.19321891491074,49.921734818696414,54.57241494133213,53.617872806213015,51.66664953987987,55.211153865733316,51.08906930244802,50.325513172327604,48.39774842759902,47.87071286507172,51.41592600796327,59.03830849699864,55.428761130910125,41.27070215367221,60.47396052123184,45.79242482343324,61.2089249824682,54.1517392686101,44.026421805722165,50.86213381878709,45.8289420811953,58.90126650434349,50.41898957073132,59.118524605841024,46.98331469954706,47.96440569781361,61.135242273689926,52.43942886527351,51.92308332061213,53.003474089617534,48.49849131384583,51.20978341834312,47.49621414210611,49.17441154088037,49.239582174896896,54.70971055666753,53.64921433984714,48.98801004116394,57.799914433945645,48.87864389694603,60.6105512763579,45.23995824765308,45.982440938152756,45.21582953753542,49.12800370044923,50.443910831807635,49.99951404717779,47.2276399643171,50.590543625875846,49.81216557247484,50.94107568594966,48.716368506810504,50.32304316949573,50.084117986656516,46.72931746984448,45.053765629875976,50.45057859870296,49.604737573915216,44.92490894980837,49.35498135085207,45.59647586418686,45.892073494945535,50.97495769525833,55.10850233678503,47.03141825913623
photo_walking,38.49704458473142,38.444148194075595,39.29087292328216,43.995261013210886,0.0,36.3921606894202,36.181158460118084,37.923076852832864,43.75019635451374,69.14970976566995,69.18647599386337,51.637928954176424,53.826972997114865,45.51111038432509,33.82567073342333,40.560882419548186,67.25143755590521,28.482231139511168,49.321240344594464,41.62167922730411,43.991774129778136,47.83121321059365,62.31469922681561,41.39504634696107,43.11278257419357,50.93940666472449,41.12246026590324,44.828593689482005,50.38814125479167,44.2457005039346,37.268369144923234,44.408455270991624,41.42583780565867,46.9007511959944,45.83064017440091,43.87937987173074,47.86146450481549,42.65094323770782,42.150533505165434,39.89217709317289,39.205280652994276,43.13343825169295,52.083862098602815,47.50802944764684,30.75037543232781,53.174405751011086,37.02227877359477,54.25675447245258,46.49327381834655,34.58956494249452,42.711275779477596,36.89098912714829,51.81924293765098,41.81013569330006,52.259414981853524,38.1232589833982,39.432032345732566,54.28186233990822,44.37952357938841,44.19627925245188,45.05695061500395,39.61994546742647,44.13481686306266,38.1740322604687,40.264268130385275,40.59014251964579,47.11264002019127,46.04611321280472,41.04561712796053,50.351278599023544,40.550739480157425,54.49452243521714,36.09139820409626,37.21484392057298,35.427362795402566,40.52615113850419,41.69556488079811,41.94677596934267,37.87986280856136,42.38842129595586,41.2148325810012,42.28397735967893,40.10701827142601,41.903108777976826,41.617396130128235,37.69136758583782,35.65481760517863,41.99118978160471,41.21011009304021,35.23947167433527,41.0021495787161,35.827277044455464,36.39553877715383,42.4932178020605,47.53260750263218,37.92423922691635
photo_standing,40.74888445966212,41.163383457186555,41.34817982667657,45.22866919461171,36.3921606894202,0.0,39.03821790044312,39.26253221460457,45.9530805539054,70.39580639037996,70.11441926369096,52.76965894547555,55.81767751957607,47.69257378779258,36.4887897077104,42.28681210888132,68.6753230969778,31.080887575091307,50.549593369978524,43.46986697533613,45.767492497338715,49.183061627660074,62.8866059664138,43.52612250640742,45.181394276985785,52.464650722856156,43.1057912810231,46.87612696055392,51.539896923465086,46.669475247386075,39.59650842759269,46.193402778332526,43.04741287958323,49.234368332850075,47.354228685817716,45.725074480611525,49.73223985178943,45.0399172554978,44.13298542526965,42.019333403154874,41.42165486322956,45.655589387958194,53.49181834001992,49.35474426549911,33.5018992041048,54.881601643137024,39.14034624735345,56.69294605808545,48.604932345813396,36.66579807163555,44.40528258976041,39.379182864055565,52.47876063240375,44.495316991475185,55.148128265569625,40.42470697302857,41.571826790240664,55.8774513784069,45.73170084389334,45.939068934508974,47.759999507185995,41.989900428291065,46.32033623296465,40.857365703216445,41.258478377000124,43.24819295303114,48.984428907700824,48.58924129609461,43.05116220762169,51.94939047621466,42.6759502365586,56.34733857129654,39.13864762019968,39.77163520858025,37.690022700345565,42.52478430018736,43.59817170974317,43.878724622897764,39.97644314000874,45.298979785837226,43.72358792594378,44.43667949001343,41.87960797882455,44.00586816366654,44.1612897569056,40.01144267579294,38.22356951296191,43.673643169663556,43.424646097213795,37.760895556669205,43.15964675392098,38.558541121584966,38.97203942560403,44.405368029161984,49.19019641413601,40.42661926977222
photo_hand,36.05586131575224,37.60876589484057,37.40916466537675,39.24731564284425,36.181158460118084,39.03821790044312,0.0,33.905349301916054,44.373895600254315,73.86772704083204,69.11449058858423,47.323644286017725,51.177511882277884,45.72878759396235,36.04357214371203,37.390904753234366,68.08681284671403,31.432165221515977,51.156965198965096,42.61256811303247,45.851954651007055,46.60592042643056,63.142061835252434,43.93362270581404,45.39910923584717,52.72593203739155,43.26749169918526,46.93335557330676,51.46124217398228,46.5361620043257,39.963826250600846,46.55755561424152,43.49813191434513,48.99278132632831,48.08897993365141,45.710285120811406,50.116755518212976,44.91841705218987,44.34041903320818,41.987755444745815,41.61930710568766,45.25684540087959,53.964891614284326,49.51837170070404,33.556165914613196,55.24845120778554,39.123567801651184,56.459058499710316,48.55105675328979,37.45680535710102,44.5028646935224,39.453285835543305,53.645792760612025,44.32073864302087,53.475097676035745,40.484799825183735,41.450079700795484,55.62225687479896,46.31492942230986,46.08008223180645,47.11768631300682,42.095284591490866,46.019404709514426,41.987946046584405,42.763928871780415,42.87425739221549,49.20645744228636,48.23439367054216,42.7726079195711,52.502255636113034,42.69895793021658,55.532624791829036,38.802976558466774,39.82105807178636,38.16053508893786,42.73259961682504,43.8515330588814,43.80262524722839,40.27015457068286,44.52870736926405,43.50028174408978,44.767811707943935,42.158885998293854,43.908496986901284,43.803285459182064,40.11428348425389,38.1654632100321,44.154160398707376,43.40188070850544,37.97831420838743,43.33259460920398,38.17028347377051,38.87955844896072,44.57253560168293,49.32912768496957,40.61063606327342
photo_legs,37.515477507203926,38.788049597472025,38.76944995954744,41.58066569539372,37.923076852832864,39.26253221460457,33.905349301916054,0.0,45.86523018009722,71.88760966545794,70.44897055790716,50.31838234124892,55.23614593609048,46.98682707778186,35.46909852819025,41.02261850905038,68.43651884613999,32.62819128027542,51.84300771710478,43.79300149109542,47.04018959222842,47.929116685100496,63.90393974784294,44.34582481018264,46.17226573366631,53.38247969197703,44.06566713594362,47.8036271889557,52.33740656087035,47.28097750389279,40.78258955138124,47.32051592624852,44.36181712977684,49.57269358998738,48.89432334836927,46.54683858179621,50.822955909460426,45.71115654149645,45.29709911958313,42.91107687812531,42.34259556213503,46.05056589339692,54.48635646758078,50.3631752386204,34.65614707144259,55.8350425157317,39.983021926563474,56.574932847538484,49.383244899565504,38.26815018185251,45.39187931807923,40.710223289988434,54.02404351108951,44.946411407572775,54.540651086280754,41.312886575161265,42.988645878814,56.23201282839858,46.96381349388017,46.923073511447164,47.91828469316946,42.93301246292998,46.58366731350137,41.686405750962024,43.786097238390106,43.78691479763586,49.91664001990046,49.3374139619065,43.89429367455844,52.92909661830005,43.63996775028278,56.070589766101314,39.63117350729148,40.964744409769175,39.20182321831418,43.692197013551244,44.61584608195382,44.629949253058676,41.39979783909325,45.21375369097972,44.46550600604036,45.42950164840778,42.88684011661122,44.86966655516667,44.72026285088902,40.962809315805146,38.90832791664534,44.7721229428216,44.35688752690427,38.67623673194352,44.08529130259762,39.61944214417371,40.03836048904723,45.388475548265305,49.97640247316972,41.3561012329571
photo_bird,46.523401425305316,46.468749432024836,46.029472042596545,48.84129797137987,43.75019635451374,45.9530805539054,44.373895600254315,45.86523018009722,0.0,77.4737206940364,73.56379459778624,54.20976062068098,59.707268617996434,52.664139370793166,43.60222087649659,47.747457620156474,72.63531367067054,39.60993724449457,56.489041306668994,49.7326482064361,52.54112762316547,54.29276194999279,67.94836717082043,50.36510397572607,50.78855989130445,57.143953899753306,49.67538509109069,52.931121302036296,57.044800796058695,52.35040636521862,46.58897714675368,52.416755254463006,49.84250430314028,54.44239837235871,53.46723541809253,52.21451555455721,56.058043166430565,51.14432315301553,51.519281545670474,48.2016535680271,48.006273297440885,51.47764239633152,59.027397007071215,55.8528752983563,41.29437405738689,60.44083252639703,45.89390339954394,60.75238311933248,54.24113555765323,44.39209468803792,50.4767789566176,46.20186718270272,58.53740988993755,50.66221223952648,59.007126442200295,47.077354897005954,48.226809067772464,60.699597564234864,52.189792622474194,51.94501012701452,52.80603241060847,48.426839107632716,52.30638567688574,47.57899310290374,49.241209644772646,49.114773591782104,54.908835873275244,54.18303400308085,49.21735252951261,57.58215350901014,49.072485468042,60.92824923697748,45.64724281610062,46.269099377637886,45.03836215182114,48.90852049285233,49.867395206459484,49.60656113337355,47.09363658296424,50.75624530575137,49.89188209912307,50.71186915050286,48.24223168650943,50.07157575679848,50.027585241847056,46.363140136424896,45.22714649082167,49.88545200960529,50.40036757619985,44.746647247082066,49.22278597267281,45.29449502380151,45.83351717090073,51.02404691919677,54.758209653401394,46.87552159065974
photo_butterfly,74.49360775574104,75.91023975246829,78.837016269529,80.80814565042917,69.14970976566995,70.39580639037996,73.86772704083204,71.88760966545794,77.4737206940364,0.0,93.16157609518098,85.65865081949663,88.69836905611328,75.71425728917842,69.04614107381686,72.0398119214974,90.32483798134363,66.94140066792733,78.0923095351776,75.35803010886795,75.21386310478145,79.76116837396073,86.56047470252429,73.33815578434002,74.24200955371103,78.9164367760559,73.05720058587715,74.65524082589805,78.2559205605441,74.87375829124643,71.11049095410759,75.04954762831426,73.0684765844694,76.63855005712729,75.84813408943302,74.6986651214184,77.5454065745043,73.94788747900795,73.67594012353916,72.1546262142153,71.94667504595905,74.44853753747323,79.34844611779202,76.92977649647968,67.45704310843475,80.56307374382702,70.67883612041452,80.80618941727785,76.04631278983055,69.57250403884927,73.85037634447507,70.82387234548241,79.3309896849202,73.5679624517392,79.51173982154519,71.4494973761114,72.1673516917869,80.95383652688379,75.05234480384506,74.76672948614039,75.3974249679003,72.31147550456889,74.47857532695956,71.69309831843638,72.83507294459805,72.702816773062,76.70647869077956,76.65028011053812,72.80748175757006,78.84116968042949,72.87362107293873,81.20642667944993,70.36096663622519,70.44071264191594,70.29239150187419,72.78967641211197,73.48700580904755,73.39916315504546,71.19343188000738,73.73569293430785,73.28913433855506,73.43196976831888,72.35400782562569,73.38449683729827,73.19985224239588,71.27328175964472,69.84828622345094,73.84518471222452,73.00474551621589,70.04626899301464,73.12035479796754,70.17496853957934,70.27201347056042,74.07718016887864,76.75027904326816,71.47155376035116
photo_girafe,70.49213293540754,70.92244643448913,70.5652657922589,72.51028594950304,69.18647599386337,70.11441926369096,69.11449058858423,70.44897055790716,73.56379459778624,93.16157609518098,0.0,76.14770461975246,79.84207000895115,74.3774224204433,68.77360246088512,71.69479546894003,90.07081289558651,66.24667608109564,77.86662316973296,72.5303071738412,74.83485210721842,75.633107452537,85.54210545570476,73.26881720853703,73.57961866979652,78.23409534341553,72.60814748926657,75.02969835150674,77.5116651010859,74.75531724558418,70.57181560908346,74.82242801432956,72.58805660991943,75.90275373420924,75.36640076336627,74.17896546106292,76.02550588740634,73.53891643023866,73.63859525287334,71.33944592977922,71.2961125739977,73.6975162267019,79.24331156954852,76.60116856508226,67.1501121860021,80.40380522377433,69.90502580487379,80.51457078118769,75.89706309466933,69.09577326743185,72.83440229592591,69.89780801178388,78.90430303513497,72.83420809749741,79.78928206378706,71.06013091260905,71.77299632126567,80.32853002313855,74.34517036397395,74.68452643718518,75.1458035451186,71.41172412785895,74.17292468604343,71.16148810933238,72.16782442841101,72.2560714288403,75.85508754881502,75.74338568148819,72.10282276436823,78.34870474354871,72.36756599180134,80.27846529945609,70.23940739621177,70.42557837505315,69.15525955190215,72.35521731640318,72.76793747402387,72.83749416035377,70.84250375173077,73.60568260919686,72.960585151037,73.1993627703133,71.83671737548418,72.98551664958127,72.85998811772865,69.92658831227419,69.30278215470467,72.88496393277177,72.80918312908373,69.13762387940695,72.48119844172281,69.69867411992642,69.98438239744857,72.91083873070362,76.28967668223476,70.95850695017158
photo_fish,49.963345307596725,50.99810150088423,49.627768880593706,50.554273354377415,51.637928954176424,52.76965894547555,47.323644286017725,50.31838234124892,54.20976062068098,85.65865081949663,76.14770461975246,0.0,63.6132769808296,56.88973829456744,50.688058318254775,49.78915524396926,77.03019654428093,47.07983360459898,62.134348564183284,54.84462129669124,55.813587202701335,57.9007510484839,72.64036117933814,57.39649085604242,57.45905783314406,63.41664763960947,55.86766628316221,58.830705753053785,62.80910573763694,58.41774123034857,53.4958705472417,58.48928962543501,56.23222378891549,60.776738889467666,59.65592279226269,58.32192425497686,61.33625859276192,57.2287686451179,56.81158507120386,54.90868325826861,54.70073172924258,57.68678450250817,64.73006504405522,61.05985308653229,48.79069979624911,65.82761658227211,52.73578632048324,66.56039394938153,60.19620950193269,51.4584187469023,57.309823043348196,53.199940254716,64.12053454759028,56.91078089003557,64.74712513271695,53.86568632766885,54.794986659165325,66.04182051709874,58.57396607389273,58.18618471937997,59.16625679975463,55.10819268584838,58.2645302694479,54.11138947212573,55.84789154326608,55.61508932658292,60.66169926535629,60.05512108859708,55.892459411317674,63.377331390445505,55.590454370413205,65.99624686985594,52.576623898327654,53.640293181974556,52.365081980009094,55.96749106031857,56.50125147495394,56.559334674376935,53.73792743031881,56.757745067223446,56.32022322405685,57.34187355950788,55.13078073251181,56.611168511126984,56.43368568797872,53.56375416064804,52.19851635159898,56.62839210029994,56.5247908456062,51.872206235164214,56.00697667683091,52.207552632996276,52.92959848792313,57.0591565526742,60.86469362250341,53.996429104850776
photo_cherry,53.42136030042084,54.870736591154085,53.73893738802275,55.611809252538755,53.826972997114865,55.81767751957607,51.177511882277884,55.23614593609048,59.707268617996434,88.69836905611328,79.84207000895115,63.6132769808296,0.0,62.64258524202125,54.59092352468672,57.977159049286605,79.24029555050427,51.14175590277355,65.11246885611538,58.92380561044044,61.44449932262142,61.723964663504646,74.98491277044933,58.86156482099446,60.4737428907316,66.26938777578816,59.20737999349528,61.83324151558357,65.79504094270902,61.68356565244966,56.97363265659053,61.70215480678472,59.480017565367504,63.70644239826892,62.89961559165414,61.28627724714962,64.46145811225568,60.410925626581914,59.96914126146372,58.50932709490002,58.042549274445136,61.01230796361322,67.31684667258708,64.03147950933064,52.59905802380509,68.26818505246305,56.34045785043424,69.3972863655819,63.311410514557345,55.20877687773134,60.302474456099695,56.56221305072084,67.07962371128346,60.599709075048615,67.38392102313308,57.25761467652337,58.318422355746016,68.91931900479646,61.65205991655028,61.284217565347255,62.055362497284854,58.35771689376419,61.16535685937634,57.28048773221021,59.0076248135471,59.0150372178667,63.84978934616,63.15684056917605,58.749651871958214,66.28635611856265,59.04262646854122,68.78705771549595,55.98383950251801,56.871519738118785,55.74446662644883,58.79958148406419,59.96370754435822,59.69970069765836,57.404650900306805,60.145337582655365,59.20333430077601,59.93588271661448,58.71004783063341,60.045707294094065,59.490314679267826,57.24055331557772,55.74952624098258,59.57191973596538,59.42234078165743,55.60940969851306,59.24366550213297,55.6633030825933,56.11641891708556,60.177257166841365,64.13975598024136,57.62418108171991
photo_tree,47.930675295050634,49.54169354637198,48.98954662771026,51.57418309994371,45.51111038432509,47.69257378779258,45.72878759396235,46.98682707778186,52.664139370793166,75.71425728917842,74.3774224204433,56.88973829456744,62.64258524202125,0.0,44.92658193054496,48.75191944139288,73.32967693632052,41.81390819673832,57.523033839754184,51.64413788959103,53.81263186878235,54.486452282433056,69.42551231640087,52.2348734979076,53.37079102933658,59.34857653650885,51.097323100995304,54.01174191358055,58.22730117443795,53.709280881738046,48.4339806063091,53.47588580071559,51.48141960039575,55.95085421760131,55.83890234302772,53.359300821407786,56.690328065478234,51.98246983502689,51.45971840008854,49.79513002317701,49.85143036268259,52.78506744219761,60.352535240177055,55.92363956110413,43.32089651491015,61.5142710326653,47.38900523495634,62.46365474200126,55.80178043133211,46.565363296558125,51.877343898395154,48.115565507246146,59.69664015596823,52.32610989686993,60.27833548231366,48.88754444433426,50.29919812746096,61.832739404110434,53.89912897754669,53.42122927091535,54.31519060294191,50.0671690542684,53.41388817541355,49.36963189038412,50.51492638607644,50.91064044190388,55.916105062837424,55.387481813877656,50.80514630212251,58.84309112034947,50.64091337455133,62.3257986180052,47.44985265817913,48.42056894908808,47.085255089638075,50.36509351282092,51.414602180421916,51.80441497740752,48.62732473717319,52.456894022842704,51.376708713965066,51.66415220121903,50.18020727725577,51.59367548769134,51.72989963544374,48.37278008795097,46.397123591942986,52.138945709350374,51.66575610162367,46.50837541912004,51.54372713070038,47.36007159605846,47.617633472461875,52.20776360743195,55.76993318419018,49.04000615727629
photo_flower,38.90340091905475,39.05288929536256,39.35869667361448,42.605277622353064,33.82567073342333,36.4887897077104,36.04357214371203,35.46909852819025,43.60222087649659,69.04614107381686,68.77360246088512,50.688058318254775,54.59092352468672,44.92658193054496,0.0,38.46893944374856,66.71773535923133,28.738190432762355,49.418437515214684,41.60377373452085,44.05075750919347,47.03598891696663,61.746285120199424,41.82061601052747,43.3936777509478,51.09478462011563,41.18547155246796,45.00068805640915,50.32365881118809,44.57181384200281,37.48223230569675,44.9650453974365,41.427380634402006,46.660739869202416,46.336165813142856,43.77783563847107,48.215032439003984,42.29310370143681,42.1774801639321,40.19506966770208,39.247514470276116,43.243505140802384,52.336932493328725,47.750904065693376,30.856938182146312,53.439503534925684,36.71443018628316,54.68942067967348,46.761492822893764,34.95859046932118,42.55061740632192,37.4104857882331,51.47880809579229,42.17872765496614,52.57853761797867,38.44032330132564,39.67919864706195,54.378897943252284,44.258235990327584,44.10862148732765,45.271793065087486,40.661106771460055,44.88017986460243,38.72180389048839,40.82668266221051,40.82270859932051,47.32670353767981,46.726014840839724,41.51519247931999,50.82880689086039,40.3541523600907,53.98183815945292,36.31532986546938,37.33834145340476,35.998590752841,40.55142385909508,42.13372247001595,41.62452895730394,38.21630039122674,42.2258137869065,41.59399880353762,42.80975341183366,40.03138873754389,41.85361164028953,41.776533818546895,37.6100598857814,35.787128404924964,42.07513570233653,41.15482777777891,35.890501654199525,40.82690861396756,36.21290516752657,36.65657764302693,43.01647025169846,47.3705298294728,38.240596776354685
photo_carrot,40.27433300516816,43.06791440181759,41.84558689043851,43.7480322675309,40.560882419548186,42.28681210888132,37.390904753234366,41.02261850905038,47.747457620156474,72.0398119214974,71.69479546894003,49.78915524396926,57.977159049286605,48.75191944139288,38.46893944374856,0.0,69.64526207646168,36.32959463423844,54.11123632167027,46.32397284163049,49.57938341421457,50.31097682574808,65.82609719317686,48.13496988721244,48.65585729119086,55.53868366425674,46.83422447998166,50.25361869018285,54.56619582390678,49.97039532581871,43.49456767239015,49.863236149649104,46.98052688568456,52.10308978995632,51.12593794301019,49.11903553822488,53.21312809489656,48.27330676899202,47.78756386372395,45.27445028943287,45.19320419859877,48.560893058367405,56.69679747929995,52.78375941987057,38.11619428628993,57.89171520424488,43.06786663515822,59.20756461255379,51.76161541418928,41.46384025388353,48.03778724758941,43.40651155446899,56.4497072943024,47.72988715982586,56.94700937783515,44.25361319103476,45.45925262626519,58.53509527438613,49.71957195512012,49.48534541482184,50.47910889078817,45.89911601685891,49.48859651056995,45.255811100155114,46.65736247177361,46.629867647807764,52.40047250173798,51.7824320491987,46.6530867436902,55.198167336801845,46.39760907989897,58.504810655844004,42.62067530904879,43.70665213645151,42.319127673405255,46.516779955555904,47.52127119969068,47.54842302961071,44.44243730418166,47.985880996636254,47.14660844876221,48.28285253154169,45.83794896089899,47.54220063589359,47.314205321579394,44.13511550836026,42.22075687210278,47.61112874843303,47.07435110130013,41.96675818941217,46.790564002981384,42.491701919191236,42.94281121112527,48.12444079253278,52.570043596139435,44.30111845071453
photo_watch,69.36689910050532,69.51422366418976,69.78279012883138,72.47494000321554,67.25143755590521,68.6753230969778,68.08681284671403,68.43651884613999,72.63531367067054,90.32483798134363,90.07081289558651,77.03019654428093,79.24029555050427,73.32967693632052,66.71773535923133,69.64526207646168,0.0,64.50253388147289,75.00770062650365,71.18000620022019,73.1621023738379,74.65764184544153,84.04883249328722,71.64672814446845,72.17404120177268,77.52405015371282,71.08093311512918,72.66350503924401,77.04181407527123,72.3876223354507,68.53592489149221,73.50656060905757,70.80975240637801,75.57354095576326,74.48943140173434,73.04412525298805,76.56498320311067,71.36812574539326,71.09416666518669,70.540350462235,69.95639055263335,71.75222964546829,78.7568920852053,74.9124799977195,65.72553005927631,78.64465236511867,68.62080871761917,79.76251587042758,74.64109603792818,67.15768878383892,71.81201894048522,68.21821483525142,77.22846051841437,71.69307061258986,77.55907207983347,68.9880884752121,70.31002536983303,79.10881207678035,72.75432074961101,72.74795224683065,73.39052098351868,70.86287519652038,72.58238974708611,69.47266742191928,71.75563773660795,71.24297702605838,74.5963004593178,74.81591782397597,70.99440749868728,77.2929379194367,70.33462250305104,79.63347571450126,68.50849127904618,69.18398674444131,68.50009418512022,70.47630131503755,72.03944185630465,71.41462928758047,69.50750481835331,71.39271687731946,71.42738275674812,71.96928632994728,70.31466552540886,71.40421653425503,71.5278053153632,69.25981112062064,68.52861298547688,71.46303522373863,70.95809162073208,67.93927583307784,71.24592241242988,68.293202226074,69.42349587224126,71.77333823735381,75.20873837015755,70.15337377385039
photo_key,34.286854492932136,34.207351784410776,34.68221181932274,39.282148368702,28.482231139511168,31.080887575091307,31.432165221515977,32.62819128027542,39.60993724449457,66.94140066792733,66.24667608109564,47.07983360459898,51.14175590277355,41.81390819673832,28.738190432762355,36.32959463423844,64.50253388147289,0.0,45.94703304571166,37.25167575990305,40.24239665274683,44.058410516430506,58.97192293529831,37.62488447664602,39.27169807904656,47.3754382543004,36.88192168998871,40.964226215086526,46.39406733651744,40.6063290094606,33.00397545709061,40.74184419311811,37.74247385655376,43.20516040221673,42.22563835699795,39.77888514735775,44.629188997049596,38.90827029171779,38.27481584982368,35.742884025711646,34.92537291177862,40.027163743375226,48.84690450901096,44.2737088609165,24.703183727639242,49.88803344310347,31.681412756288964,51.36279750021546,42.90345175697129,29.791818761151898,38.18977686768176,32.40995347967193,48.55605619382315,38.20210357663962,48.45461033749842,33.633404192066315,35.25806087899022,50.89414169541904,41.2776799661498,40.12684293670657,41.35780713661601,35.597940169521735,40.06632083068004,33.606636540040036,36.47068640922059,36.57711575760732,43.57709493075402,42.99605222197966,36.673466430358566,47.02839942473307,36.192747043356064,50.97217087246262,31.38172672762528,32.611642361623126,30.88277956369445,36.40959484585046,37.5767541241586,36.945640853618585,33.23755075249456,38.26182069241508,37.403847655652086,38.67351700966662,35.74141095486393,37.7174571057932,37.18122815644779,32.77731269529558,30.878444660527983,37.48912700869418,37.43838153472206,30.044200444907148,36.562874907198236,31.350065884546712,32.13220756025982,38.202869472359694,43.460452511938854,33.92927333564424
photo_truck,51.77008527929045,52.62081887868306,53.916952604139695,56.838924946781006,49.321240344594464,50.549593369978524,51.156965198965096,51.84300771710478,56.489041306668994,78.0923095351776,77.86662316973296,62.134348564183284,65.11246885611538,57.523033839754184,49.418437515214684,54.11123632167027,75.00770062650365,45.94703304571166,0.0,55.71036121239254,57.50022980311271,58.92490860271073,71.67026584408171,55.35058677115734,56.20179398644803,62.125901166381475,54.43523242287637,57.68705998896385,61.575760340497176,57.25574684948452,52.05545670085863,57.330497438151085,55.46903622780037,59.27631966424198,58.05551799085951,57.01705331298506,60.40286433792648,55.89944933475854,55.51367366649673,53.61152225652161,53.33059545037725,56.42711557722283,62.93790524343605,59.330366294124474,47.403925334337465,64.237923071789,49.524855371516445,65.48192413742018,59.18001495469937,50.13010288260622,56.04816560104183,52.658327746916385,63.20154407274135,55.498054448936664,63.44479180842423,52.58856023958575,53.45222915118545,64.93741202002835,56.002152797108565,57.209876837610985,57.68955723399102,53.70002030091207,56.98184825738885,52.699136634493264,54.57509550736474,54.36253462672191,60.46449505774605,58.976157876102455,54.33713712579845,61.508761394635506,54.27754618764441,64.22472871409809,51.73731825646321,52.217243225984774,51.483133367215984,55.26669029185319,56.210284294443994,55.62503006495105,52.6154098500764,55.918048741555396,55.715110813265795,55.95467063888218,54.44152573841293,56.09824392206311,55.21654671917199,52.685987558457434,51.90522647425646,55.6370893883241,55.320629297667026,50.86203273016327,54.99677601121036,51.536632035986194,51.78441035346375,57.082686730319466,60.07072830862798,52.739101394362194
photo_velo,44.8923753791274,44.81078138337154,45.40378582441635,48.7131978407413,41.62167922730411,43.46986697533613,42.61256811303247,43.79300149109542,49.7326482064361,75.35803010886795,72.5303071738412,54.84462129669124,58.92380561044044,51.64413788959103,41.60377373452085,46.32397284163049,71.18000620022019,37.25167575990305,55.71036121239254,0.0,50.05085935950826,53.24935139981522,66.54278261672037,48.30742142124517,49.66890977744077,56.16460092365354,47.617375686668,50.96304636834545,55.38700623282341,50.29666353355653,44.666783227723364,50.37733455041059,47.8427417101873,53.09286581692768,51.78379700381392,50.152531887198876,53.94238583113228,49.13436540699546,48.73455847716598,46.72198331182821,46.183188422575,49.54715214837104,57.201172475553065,53.55082255229845,39.1741878070805,58.41733000266756,43.794189575832405,59.41317264350727,52.96437066525257,42.430252383872755,49.19718604880026,43.980524246752566,56.42360243641048,48.33085924440608,57.39965240459353,45.04435037573959,46.30460423085471,59.17252445994072,50.64138890113143,50.31940909196123,51.1748307897441,46.601095739731456,49.9279575160264,45.41407145835112,47.517880956845765,47.338749685085766,53.97443219965748,52.8691262123479,47.36694970522201,55.77181364736927,47.290647402835646,59.430376063227435,43.660774590741326,44.63978804467245,42.76496816995289,46.96519681379585,48.49346167849885,48.07381457699343,45.29016090207632,48.726743471401726,47.781657649075065,49.306091668303594,46.42257225515628,48.302128532337726,47.87189341116392,44.89474332923033,43.01793564520146,47.67728535647083,48.29388964859943,42.746070912697654,47.25184563474977,43.67263590929975,43.94990398396163,48.246547381950045,52.964373345785376,44.950200119023414
photo_road,48.45575477802208,47.95264332493031,47.89464121737541,52.28164061070872,43.991774129778136,45.767492497338715,45.851954651007055,47.04018959222842,52.54112762316547,75.21386310478145,74.83485210721842,55.813587202701335,61.44449932262142,53.81263186878235,44.05075750919347,49.57938341421457,73.1621023738379,40.24239665274683,57.50022980311271,50.05085935950826,0.0,55.59884396011839,67.41803241935396,50.62829072368282,51.69838254646227,58.48889525176439,49.42404182215378,53.29464287760874,57.5288848315813,52.19612766629421,47.07839737656627,53.0249337160048,50.63064882163044,54.976961882318825,54.02603162320773,51.89081039045107,55.843570595962554,51.61232030263003,50.94735293009643,48.97007278581244,48.18841348561062,51.37731814176771,59.51677633690022,55.25427900516257,41.371663410010854,60.96875574376533,46.079652844065116,61.40361076149153,54.56968792288764,44.83256280707054,51.30154338427089,46.75342782340175,59.03501997464804,50.9727164091717,59.20533855857278,47.59694177068472,48.90214492896584,61.00974211971047,52.582496914308884,52.03894456944579,53.28064492655974,49.57037910745987,52.60526290318958,47.85678619491066,49.45628950651785,49.425148382907565,55.51722644505731,54.071124097724464,50.04888087278733,57.55828278165606,49.77437603457331,61.23080784179529,46.0716738334408,46.687873349885294,45.765557181884006,49.709244937798765,50.37940242610731,50.691922813019794,47.9060148152315,51.27871262996078,50.54311448268179,50.64392258640627,48.957907628458,50.440350389648934,50.45725595155593,47.488024891892984,45.301487703266,50.742475303312325,50.07646022587832,45.430699860000175,50.381658210018756,46.17922087448761,46.231904267918246,51.39355406434619,55.50681385645103,48.10228881537653
photo_house,49.278769545209016,49.57955808230352,50.07320732924207,51.91406200760751,47.83121321059365,49.183061627660074,46.60592042643056,47.929116685100496,54.29276194999279,79.76116837396073,75.633107452537,57.9007510484839,61.723964663504646,54.486452282433056,47.03598891696663,50.31097682574808,74.65764184544153,44.058410516430506,58.92490860271073,53.24935139981522,55.59884396011839,0.0,72.1179319698634,53.898598169338094,54.32900209700972,60.63194276042451,53.17363227208118,55.976716896523016,60.77557525035564,55.84080708252643,50.5132303112079,55.99632747643208,53.65577048604697,57.49185308481095,56.95318087693239,55.01418094717878,58.773775837073686,54.5987931593545,54.14986033482399,51.87188675125543,52.29535440660555,54.47920462539465,61.75067299011113,58.38212251831216,45.56517880193476,62.86159364278833,49.84358206901097,64.327931702435,57.14907065531211,48.09102850521434,54.07368568414188,49.8988620904704,61.93850377159105,54.18859941633772,62.38422368734153,51.12122945100063,52.257237734951175,63.719873981901564,55.42720492827912,55.73638614390721,56.52203946643692,52.165678552948656,55.23131631728394,51.20742998535715,52.76198688701528,52.87846438141207,57.535465136347064,57.496532218309795,52.47561543999514,60.65743549972971,52.63752069504285,64.10510994138306,49.410882616376995,50.2309407886785,49.395491045793676,52.82832540572583,53.411366124848264,53.95693416318339,51.00863006109201,54.55223343109542,53.32975047289498,54.23617639664038,52.540775743386256,53.63257310953607,53.355743268796424,51.06852184363331,48.890850898172054,54.115271541574074,53.50300441018642,48.795245876870695,52.79166899209658,49.67305584623798,49.703106833919236,54.241729967472224,58.48333415041507,51.00430336995129
