,photo_face,photo_profil,photo_eyes,photo_face2,photo_walking,photo_standing,photo_hand,photo_legs,photo_bird,photo_butterfly,photo_girafe,photo_fish,photo_cherry,photo_tree,photo_flower,photo_carrot,photo_watch,photo_key,photo_truck,photo_velo,photo_road,photo_house,photo_mountain,photo_windmill,drawing_face,drawing_profil,drawing_eyes,drawing_face2,drawing_walking,drawing_standing,drawing_hand,drawing_legs,drawing_bird,drawing_butterfly,drawing_girafe,drawing_fish,drawing_cherry,drawing_tree,drawing_flower,drawing_carrot,drawing_watch,drawing_key,drawing_truck,drawing_velo,drawing_road,drawing_house,drawing_mountain,drawing_windmill,geo_face,geo_profil,geo_eyes,geo_face2,geo_walking,geo_standing,geo_hand,geo_legs,geo_bird,geo_butterfly,geo_girafe,geo_fish,geo_cherry,geo_tree,geo_flower,geo_carrot,geo_watch,geo_key,geo_truck,geo_velo,geo_road,geo_house,geo_mountain,geo_windmill,word_face,word_profil,word_eyes,word_face2,word_walking,word_standing,word_hand,word_legs,word_bird,word_butterfly,word_girafe,word_fish,word_cherry,word_tree,word_flower,word_carrot,word_watch,word_key,word_truck,word_velo,word_road,word_house,word_mountain,word_windmill
photo_face,0.0,269.26586714754785,308.47141189099455,776.1695064963137,751.5674405259887,757.8890543469597,431.63817323937536,489.8735222889979,765.0562599648827,786.431180138691,316.42873006733055,305.8864334642307,285.83087881047953,760.2558744919404,753.9751807825633,265.756789955565,764.6919944761094,772.3644010357384,784.9091759251871,773.3317396780212,582.9546699855468,777.8328830407195,771.4871581503587,774.4809120869935,771.6762538265776,784.2457105468039,782.2203144651093,782.2887822085581,771.9717139079374,773.0255550484944,782.1789346021454,781.1619344834719,781.3378779097773,793.376835983191,774.3057332407416,785.5245577086692,787.1079616284742,768.4590230266813,773.9654885080323,767.7217237824993,773.9322499369516,781.4014776951798,311.0801146013604,785.2698392431939,779.5780636137208,787.9170045523284,778.7186516181349,785.5623113119871,780.0302275744554,766.6710982069666,771.6994145590435,774.1475107202808,773.707966564066,775.5147663614331,773.4476141778973,773.9194415287701,767.5145910502849,779.4300350431148,769.6551399563658,311.6261833995342,782.44870767862,771.2781872995123,768.5954094768346,766.2866237312159,754.8742447500101,766.1215115084622,770.0074889780103,778.6741367552537,771.9936560567438,768.6107348538201,776.4381667566613,782.5963443781319,751.3658434504146,752.5765301970202,754.4377675659471,757.8572634270685,758.2644170107244,757.2896856381361,753.0432903582524,757.0173699467321,757.0889972384645,758.1283195163713,754.0523887811457,757.6053138868483,759.090015844161,752.753329124326,753.0344879088317,756.4111406697676,755.9816664992641,750.9969157306595,757.305348475004,753.1197317522207,751.7751777192141,755.2796351926655,763.3315077356708,751.955171055215
photo_profil,269.26586714754785,0.0,323.0267436332517,790.9468283687796,764.3807232469889,773.6146612950498,443.85119304437626,506.66048992689974,776.8843568980327,793.9559778968622,326.93534655232315,324.40159296586904,308.4633465123502,775.1570558397185,768.6962282760695,305.1523202076445,781.7894983393355,782.1499281852208,792.9063862451366,783.616804427182,590.2862203416038,783.8061385025344,781.1905421665504,781.5232520694262,788.4662246566746,772.1867857248465,791.4393640599588,796.6375092350978,783.0221887956947,786.8911337965333,792.8188620458427,790.314567384715,790.7558547930387,800.8004199954968,784.1200422676562,795.3802728039941,795.153780127312,783.1797275282503,785.0974096569757,783.7073240206194,789.4497783739957,790.516389508201,322.4725843688603,792.9133241758171,789.150746219654,795.4389392529513,789.387422480685,793.599035838595,791.3702908689083,780.0141650797929,782.5991229812349,787.3991794961323,786.5411775030326,788.2513769023519,784.0870337014122,787.8102855287557,780.2607016618193,789.0948773942176,779.2035410457114,326.4055736080823,792.9047075859505,784.787429808544,783.6442461387675,780.8647016826435,768.9834559061917,775.825970606457,779.2066866164001,787.8652761703479,783.8765928495346,780.1499032274731,787.7463626491724,793.2573624330078,763.5679981846764,764.8713590757144,766.6029243032691,768.5909933869274,768.6064370533024,767.5239017657485,765.1042444457509,767.614490305309,767.4525029869702,768.8490951191503,765.4783657645778,768.1529839457215,769.7741035966883,764.3200964712929,764.8227446517299,766.9724500368843,766.5527680523103,763.8946218963555,767.8289196828905,765.368342979594,763.7878670164367,765.7464879114294,774.0822548577019,763.4641348154585
photo_eyes,308.47141189099455,323.0267436332517,0.0,785.6881051286,774.1015590097068,783.6324574883316,457.5202180585167,516.4279496163441,775.0209828516487,790.3072331819484,335.9072087496919,315.9237753273368,326.62948519581045,783.5244942667925,777.6487283924095,323.92425484069736,789.2775092891754,778.1053697145521,785.8051297851714,783.7300885818157,563.3290848598646,790.8622863156502,771.5290176847468,786.5782010313874,793.7921731906388,802.1641645404951,774.1994746151705,789.7508496884113,792.077399267918,793.3194254274053,800.7347328657543,799.4243637033289,789.6916032638419,796.9648546988697,793.2492300833558,791.6105204488587,796.4510683629679,789.4639640716914,791.8525227752751,789.4883730066036,794.4332859620315,785.5870345616564,307.0838308579346,789.9483971489412,777.6738814328096,786.0768023411136,782.6702446388708,798.8421625095372,791.563979480118,784.3481772297525,773.5367324481593,788.4730317274308,791.1698576023249,792.8154133157321,791.1900527565108,792.2621798327489,785.0651093108812,786.9594976678164,783.7379453075998,311.6148360393836,797.7223476697667,787.1410630151001,786.7060156840523,783.9115412367117,771.6299550450653,770.6939576854099,771.6449862755907,782.7001051083276,788.0354528244483,785.1657892888876,784.6428202972301,796.3992014892456,759.532150242065,759.8163324446853,761.6463505948884,762.9140991556085,761.2967031500689,760.4079923420549,760.5875345326134,760.5174246758723,761.412708140297,761.2427222119012,760.1536090123942,760.8822629419271,763.1444084828044,759.2391592887332,759.9083932339622,760.7466695171585,760.0763843633445,759.6606487735975,760.9450954246362,761.3324427909217,759.0051342155839,759.160692662392,767.217524525548,758.0409983773648
photo_face2,776.1695064963137,790.9468283687796,785.6881051286,0.0,315.33606106052036,313.3304966517475,618.493662722543,580.475395772963,312.3726623517373,309.0519788707911,790.1052371044731,790.32075776526,783.9894035417611,313.20643712712325,314.1481773300171,776.4991015828006,317.1422489320838,314.8882741372168,314.5473832949748,310.73785602155806,522.0308685749468,318.92844238786506,301.4409616677459,317.761266395848,297.14718270123785,323.1815936887681,317.54788610032904,246.03375828009806,319.5839054855355,311.74372336100254,331.45868133028125,324.00187885103145,320.7882940430634,324.97326525098526,321.95723045193074,324.89154320060004,326.6617759534662,317.654944553016,315.04652754668456,323.823591455655,317.68206210123344,320.2328164416174,793.563893559094,314.7597528132903,315.46826469291346,314.78476254819145,319.1112279373788,326.22991436632554,319.31274434141903,318.3124205847711,326.19139925659636,320.5871988341826,325.72539112108115,320.5589906121378,324.79705248517075,324.3988096877452,322.01148187163335,317.3729875041154,323.4049856445309,782.2515018393165,332.2329113792592,327.8776592772092,323.9370229153762,323.19256343821814,325.84322504015773,322.23568310465487,322.5749770681928,322.9920755330866,326.0087763670012,326.829056923074,319.39581486030175,327.9833648543781,311.5749821152685,310.4406108793139,311.5144691498182,312.5259736988447,315.6505640839883,316.0307029091172,311.73864054721287,315.6634153800003,313.2081453936961,315.2223821320529,312.57674152447714,315.33277075202335,315.83108197977083,312.45220959272496,311.6295779885769,314.21571529775764,313.37564684536795,312.1082860567526,315.81017666283486,311.4117410071618,312.247715812316,313.44485697575976,318.2792670121065,311.7088447104225
photo_walking,751.5674405259887,764.3807232469889,774.1015590097068,315.33606106052036,0.0,240.78869636758887,597.1515376523906,547.7024069126987,296.33924558931704,309.41092018342374,755.3233646596461,759.0637754807434,740.7038984480359,265.49506443815756,263.2157932944344,731.0103522827757,279.5862507647451,297.1890200864355,308.5475164214356,284.89065702435295,529.549354137305,310.6931456605497,289.90541524065964,301.15479795790424,293.6235004800776,317.3023436369086,317.2784835141229,321.1899381960643,237.0614251770708,272.66015435226063,302.5064351089944,291.51846819549417,305.58725764445694,322.37031102800773,265.6756681467193,309.52437511119604,311.8423795877061,277.337586013349,293.950666852971,281.1375884508633,288.2761716082061,304.3411828617777,762.5958724864098,302.8013093483002,311.38183205914464,314.2610312959956,303.2780331366083,308.6169659421182,318.54916653716856,281.45975411868454,310.5738030760261,302.5814647514924,280.2625067559705,288.34940547402897,293.3431710982012,288.49491239659636,281.5197060887121,306.3934032751338,286.35099114334156,752.7350474324526,292.2792877925325,291.15555133257016,291.1276465588494,284.42625192805286,285.3538222887242,303.1716771141354,309.8139098699825,308.577254747604,291.87117006282324,304.6462840874199,302.1460917563713,306.27334952769576,282.19539925550527,284.1223913865579,285.59760898803506,291.733684177696,295.5436226075072,295.85916242675347,284.1182082894076,294.5047596805082,291.9232865176107,295.5859146034621,287.6223443036972,294.5339297641077,294.50774323372485,286.73802504425424,285.7047577305169,292.08191435438454,292.06500543750917,282.1266769192916,294.4596852648936,282.84218760517314,284.95773824228945,292.2520479553826,299.1270320144636,286.5520506962532
photo_standing,757.8890543469597,773.6146612950498,783.6324574883316,313.3304966517475,240.78869636758887,0.0,599.2181073940168,543.7033760513079,299.8808721825349,309.4737423199149,761.3504822484433,770.57184880943,754.9369647977067,266.60955295348253,233.40385147353012,731.6395820584747,257.01897039773434,303.51975124281745,311.2739444488018,287.19528873308275,528.3941236899187,306.70168057413355,296.0796939723728,293.0193527253804,292.07841071066775,314.9193577360319,315.62554268793554,316.9144074676184,260.8602048422977,237.36787751980063,284.49480346834844,278.98135426858903,306.62416835890383,314.20366949904735,257.67883765108724,310.7772558129508,309.41235305140316,264.24933105950777,275.7316552065072,254.19233171571307,269.94035248316675,306.132314219461,774.9300733831077,308.24710189618196,308.0156945819717,314.271553976592,305.47911914377335,294.86114557693946,307.59674344370285,263.4984423906203,307.1654758194402,278.4328127307693,277.5812763855651,264.792322879162,282.3306979477453,269.54134836702974,262.2324557321601,299.1703849731262,280.1091727168679,761.9680459869045,292.0712542767023,283.7324213347888,267.1293135344917,260.83638367254144,266.24149900035184,302.23853925995496,311.02752696257375,309.1494192424828,281.93127303742114,295.65414144551113,297.2168157691341,290.0792363559795,279.9015610500317,282.11212677524406,282.5566631962812,289.40893622514244,294.39741397567343,294.1712898640266,282.8257945940413,292.97581835064847,290.63879441367123,293.46934313595585,286.88373321409307,293.043446048335,292.9459171607567,285.8596388629033,283.98280872385624,291.04291826964266,290.55418520013706,279.9159555085236,293.2852454342566,279.9862540239552,283.20203057297346,291.05343154033574,296.5925182122897,285.0852303903861
photo_hand,431.63817323937536,443.85119304437626,457.5202180585167,618.493662722543,597.1515376523906,599.2181073940168,0.0,280.7709545831797,612.8890532060062,623.3329834395123,453.62815386653955,447.9143947550079,433.26667569181416,601.3571022560558,595.1369817870332,429.5146365465059,606.0946543896816,612.8386374384737,623.665249504165,612.0318196063307,368.0362702126952,621.3185812072,609.021196437518,613.756450735161,617.3291648979995,622.9492106139471,621.9306579695161,623.880634181108,607.4651288032004,606.8736637328666,601.7568353545017,617.9080807311798,621.7779908679433,628.5724057262623,609.6249413410742,620.8087511941387,620.3511559142803,605.2237057717404,605.4472745068695,606.962862920691,608.9220738535197,617.680777746777,448.97565884753936,620.5359683866067,617.2916303040778,624.8870737712892,615.1515854048728,618.9126372830569,621.272061700855,605.6259071436724,613.2234963257941,614.5861602472716,610.50523307306,612.5796966752368,604.8402808531196,610.7684163021062,604.2271056066957,616.1780864284979,606.3159713114366,446.07469576738663,619.7830187203535,610.8933419360171,607.4527406609044,604.8264883042973,597.7193243311037,607.7240076043994,613.5544682202312,615.3473805137344,611.9307571517423,612.3904308314794,614.6755606995409,619.0651206495284,597.500272460873,598.2214289341836,599.6318681040206,602.0923987966494,604.2275815571692,603.3795443454457,598.7387071798357,603.1631182784456,602.3554857979276,603.4292411052554,599.5657159602767,603.454248645688,604.1377320390915,599.050522000738,598.738411613741,602.3327887963436,601.9557615817461,597.7199558029943,603.4361975278814,598.6430748738651,598.1461169872206,601.3659970254016,607.9031494568846,598.5940343376087
photo_legs,489.8735222889979,506.66048992689974,516.4279496163441,580.475395772963,547.7024069126987,543.7033760513079,280.7709545831797,0.0,570.151970948247,581.9558453983504,503.19771823496217,506.1392189726258,488.0548205613001,554.3561624199136,548.4383715596595,472.75920711648,559.6873970972956,573.1884385687279,582.1042195178118,569.2462780993345,333.57806203693576,579.8609511969217,568.347047179526,571.6320005870743,573.1970978917722,584.5998393077618,582.9356359716638,584.1879066546912,557.3723853330283,557.0182592593062,570.5737622945758,554.7831430206373,576.2444643517781,585.32978388438,561.6244656778313,580.1968613903263,578.5298948723458,557.9978180305621,566.3648519195259,555.751440000195,562.1952496086019,576.7773114723321,506.5019871830526,577.5252751255847,577.3375889816157,583.2784999245987,573.4784353318862,575.4718197670699,578.9772268561894,553.4153272779545,573.6807172770808,566.8648240020419,562.6021978907305,562.6928693514049,567.2921132351089,560.8732359024258,555.8952516302235,574.2248919867034,564.184583604445,502.4664402740372,572.7290254762869,565.013877983033,561.7309217302463,555.7505648544192,551.1667977575227,568.3980686469355,574.688932503839,575.032155946917,565.7404890773485,570.545037130305,571.3984678075602,574.7859125226578,557.1690634052978,558.7376610382516,560.2280740195101,563.3406147965683,565.7921802489573,565.1477906507365,558.9997511990127,564.7894452831131,563.9811354958971,564.7891404031242,561.4063078889529,564.8608297812938,565.8535320477044,560.654178667522,559.5997522878624,564.170737840173,563.3159671444708,557.5726328648967,565.1330216306808,558.2190007502018,559.2794565443685,563.0155463660778,568.2125138770315,560.0435055101067
photo_bird,765.0562599648827,776.8843568980327,775.0209828516487,312.3726623517373,296.33924558931704,299.8808721825349,612.8890532060062,570.151970948247,0.0,295.05184781354643,758.9146465961012,748.9908939800829,757.1332144518689,297.90360711458055,291.96742781192506,747.4802592620083,303.8702941965043,269.1058555876419,292.2783919871048,283.2928341711883,523.1142243595459,321.28621840170433,295.6669486466047,314.12285376782563,311.82112230041923,332.3223432652762,306.26410005864176,316.726102648731,310.7634704528462,306.20181190999494,329.8047509954317,325.4921634650075,241.7939653515032,322.1848663317298,306.28200380089123,285.2724498739321,317.7170080999823,307.7146068953968,308.1872796219208,310.98191280635785,308.7434067258964,285.27143175439875,763.996709722614,294.22897489294036,295.03555457454473,306.97033671457643,295.82598542208206,326.7870318501766,328.2169925395153,303.4285766938146,302.47093388064917,323.7400523362847,317.40129401524786,314.5767065765282,321.7010457765553,317.58155035027517,305.468079443188,314.94056116255086,311.58648983072374,751.2373301638183,325.7985606262908,316.71042057248735,312.7913424184131,311.6875260479347,311.02641097480694,288.94494657044436,307.06571131155215,305.99379223061527,320.87806063197934,324.65760595706365,307.39691682682326,325.44239936361697,287.9619265199647,289.1015539815523,289.7003208063661,288.51260682324397,290.3707528951384,291.02930348087415,289.47586999240417,290.399387952121,288.844064060228,289.9490205422496,287.48136310979453,290.18242826348956,289.35266071733685,289.1147810400265,289.1625321247114,288.6083138235027,289.38999216689757,288.133294467441,290.40253608493725,288.72025281046143,288.47134048743254,289.1811097561952,293.08922849085553,288.6286021914585
photo_butterfly,786.431180138691,793.9559778968622,790.3072331819484,309.0519788707911,309.41092018342374,309.4737423199149,623.3329834395123,581.9558453983504,295.05184781354643,0.0,784.3859190380382,780.2515368972684,777.9094137494812,309.45203494462316,309.0681501039312,771.7172647783906,311.91141488453803,297.96129892484845,298.466864906087,292.29176512700934,523.832328758516,318.8153043177458,305.49712538024227,307.51874371639053,312.4664610654204,322.4819054834331,306.09968482650726,295.64907792964635,308.5540147742999,302.25702843279885,327.4928317139855,322.85891823704816,292.1238304069486,258.7828080032027,310.86621422603724,303.3957334857295,303.17276083378346,307.9503740965657,306.2937628456315,315.9880670525503,310.33010733085337,302.18333174708516,783.824685893562,296.93904285706185,299.3818640379821,296.9254971146343,307.09376639573105,307.1051556611255,316.7187076809078,312.7131143884959,312.6436830551741,321.0531195950663,311.72473223847027,307.0946659029208,317.1813104611189,315.5437942120351,312.5589129289784,292.6812186220033,312.92147914856787,774.442689193509,319.31619243160196,315.48054612163077,313.43879469723873,315.8209904499521,319.0057710047265,308.3382124938638,309.7246832896731,304.7967300472912,319.0902656588888,319.90843822477416,307.43079134698564,310.9026919848592,302.7488404185955,302.10609797095805,302.37621007261697,301.98346755606417,306.0586867787592,306.7002640557915,303.40017118725405,305.45706112273024,303.5529761837052,305.701929934218,301.9880395721515,305.94474065820975,305.26316125943066,303.223727307887,303.06637496285725,303.4053061216743,303.7254919063185,303.53437934396965,305.6345309107944,303.03199435377286,303.2022635590337,303.9818191730224,309.555552351014,302.63197626929724
photo_girafe,316.42873006733055,326.93534655232315,335.9072087496919,790.1052371044731,755.3233646596461,761.3504822484433,453.62815386653955,503.19771823496217,758.9146465961012,784.3859190380382,0.0,311.8776282237419,313.6244301618619,768.2461956664162,757.3751839058476,298.60284539360765,774.9905288085846,768.7452374207563,778.2341585663844,772.3909658986429,582.1674542756409,777.0872084450164,772.6272226753184,772.614702535215,786.0854218038047,793.2035983202599,784.3409582805889,792.609920887214,774.9199397425831,775.0463195474373,786.6972588500254,782.2986435171213,777.1300042698747,790.461382622486,763.4643653037266,782.9523837228247,787.3786512100497,775.9339768453609,777.9428866645826,773.3875392554417,781.8758924977388,778.9760906109881,311.22151603861266,779.6478388727259,776.3272824616377,785.7818036039777,778.9278938650979,785.9119462299199,785.4268872506331,769.993648294967,773.219182928191,777.3551307272455,778.3619919463297,779.3754977339125,778.5467091347335,780.2945733742733,773.153400593198,781.8214119843767,764.4297630364946,322.51446665763484,786.5646961174573,776.8122917584876,773.1545206024655,770.3195774310869,759.3820913746729,764.8609532363237,768.134860254376,778.0353965114044,776.3126515369087,776.331956128608,777.7227485562192,786.3229643910415,754.697005974582,755.9967829452124,758.0014640335017,759.7826764753812,758.1469062766433,757.2834363853434,756.1840506690211,757.6368005031616,758.0630574344239,758.2892730289602,756.612618997477,757.7646468778293,759.6232424739162,755.5676835412066,755.9424853629904,757.3689091517327,757.1274281086529,754.5579405862571,757.8348086194876,756.6575750947527,754.8546549905444,756.0376664758177,763.3167841279568,754.636346466328
photo_fish,305.8864334642307,324.40159296586904,315.9237753273368,790.32075776526,759.0637754807434,770.57184880943,447.9143947550079,506.1392189726258,748.9908939800829,780.2515368972684,311.8776282237419,0.0,299.5498897788817,768.8373457972796,762.8298061202996,293.8873256019933,775.3328719459171,753.1228474512502,772.7908046006123,765.0990844037652,576.4004236360105,782.8505720604954,767.5430020985848,777.4241870691217,787.0683972840352,795.779868917542,774.9591395424133,791.4420733147066,780.0650108785937,782.3267990999256,791.0486007861147,790.3792966999465,768.1779224294542,790.0804123996238,777.6446330157803,755.3999274383109,785.2357474742855,777.0759630508433,780.9894547320474,776.5924419299888,781.5942217466768,765.1379087139859,269.351142384801,774.095097517284,767.2827056943903,780.8122617902524,767.2696209437669,789.5126784537636,786.1906755260717,772.9639989663381,763.7989549847762,782.9061118024631,780.8184129746616,783.3480803449223,782.1123568562242,782.9428303400291,772.9777381045335,780.4391119164068,771.8862698942049,273.03338536447075,789.0229295434043,776.9634982325143,777.3584455467641,774.1356757403993,760.7884593485398,755.6409868308504,760.9487331312054,771.5030827264543,780.3571132494332,778.5735100193335,774.377119380755,788.6185906894219,748.9567007874263,750.4965745387443,751.8763649255608,752.4171004778239,750.8148207084128,750.613296847788,750.9611197758893,750.2944562750588,751.030304726126,751.6492934120776,749.5947091972122,750.9522297850046,752.1612590340286,749.3639909450892,750.3253808269628,749.774628885645,750.2406480503313,749.0421068360287,750.6234453738995,751.151386576977,748.751543164281,749.529191228219,756.5870199795892,748.7341068512328
photo_cherry,285.83087881047953,308.4633465123502,326.62948519581045,783.9894035417611,740.7038984480359,754.9369647977067,433.26667569181416,488.0548205613001,757.1332144518689,777.9094137494812,313.6244301618619,299.5498897788817,0.0,751.0162593839738,749.2115735723612,267.76349981530257,763.2420834096483,761.6128061613864,778.4070559895108,765.03788268687,580.9923744247542,773.8139062112621,763.215650262185,765.5703799988064,778.8064931233064,786.7940205394032,778.9022124661294,788.204334495654,764.3157684663107,773.040874514586,778.8537818056167,776.5176492793144,773.8158152453213,783.9359209334511,764.1634254779312,777.4175534781414,772.0732541260869,764.0251056756755,772.0464748912266,762.6967107228684,771.2934279800675,772.6518741108088,304.0984638280105,776.4215058512887,772.5362901248261,781.4376058498354,770.2210555461056,776.7964279363405,777.7394768641904,762.8795974967442,765.3252511711291,771.4814087516896,767.4606821596714,770.6566202975121,767.6116716651569,768.3190640592708,760.1347480748802,771.6185500552822,759.469919352054,309.18446370035434,768.9704846299709,764.1466473976419,765.6669059109648,761.2003260280957,749.553164438019,758.4475415209225,762.7900316674115,768.0476927415702,765.1386027180163,766.483430172939,768.7041874773352,776.3169693597192,745.3283371316048,746.907723848005,748.7540580260726,752.1119742374719,751.6119169708901,750.895242301668,746.8603794642577,750.7771881133144,750.4488861104537,752.3641230822619,747.7334518386336,751.3832215987092,752.9448845855951,746.5030565583152,747.0649933586045,749.8665298902176,749.6145140109785,745.0781829581323,750.9134240183678,747.2404328109563,745.721064687101,748.9007530875762,757.1476124049216,745.7559492501529
photo_tree,760.2558744919404,775.1570558397185,783.5244942667925,313.20643712712325,265.49506443815756,266.60955295348253,601.3571022560558,554.3561624199136,297.90360711458055,309.45203494462316,768.2461956664162,768.8373457972796,751.0162593839738,0.0,264.2253382636689,739.4891712495173,272.75995598581835,297.5812337351096,311.0561432643221,292.29613808920266,525.0530619575867,301.68899600105,277.96713773306345,287.8661232442474,294.9843683968401,316.8608982351191,314.02355583199665,318.8552103095434,279.0809500135493,281.79147773749884,306.28818969205224,297.2878202363127,307.2823490783194,318.20159972084247,281.8812380770509,306.8702879272574,308.2588543570104,251.05319820159943,290.8935614282223,279.07164746228887,280.83672448054955,306.312831356153,774.07117420106,307.3448373876892,308.83180870062955,311.76564354505746,296.13738229195974,300.5016462044328,315.0772908914463,280.697512376732,310.3385984130596,304.59148819188994,290.9595602815772,290.28314655896713,289.838807131632,284.81440135557057,284.60549434931335,303.9958042335767,293.3198447596549,762.4645186584116,294.42572523048943,283.72764329261514,288.45312469076896,283.4381135403985,283.37302097434133,305.4890265878946,309.22766413092876,309.713207714924,285.9555280900584,291.9552034790159,298.2671813349791,300.7336183198178,283.08670573092434,284.596285177111,285.666773534478,292.3471457808765,296.43072365521994,296.88626666005183,284.6721705365682,295.2167866683875,292.53752834236496,296.0115500057536,288.2481596834438,295.4521050351899,295.2493272117217,287.3013213766076,286.7481820459692,293.29042417033907,292.30625003959057,284.10564148178963,295.12828472987854,284.43384073592017,285.6266688222419,292.8455031237342,299.45982883744665,287.06498771811516
photo_flower,753.9751807825633,768.6962282760695,777.6487283924095,314.1481773300171,263.2157932944344,233.40385147353012,595.1369817870332,548.4383715596595,291.96742781192506,309.0681501039312,757.3751839058476,762.8298061202996,749.2115735723612,264.2253382636689,0.0,721.1505659367554,248.7673961368551,295.8328459966369,308.52544576011434,288.65809972072697,526.1084631271772,306.1552320496396,291.5898846183016,297.30173096101873,288.0970063752056,313.4839957285954,312.2842417039671,316.27322537840575,269.47099396938654,252.63432427697788,278.95756455866825,288.7225319794651,296.66222265767965,314.21901876515705,260.32429198930475,304.18353618304525,304.358404964679,252.12089220308218,244.54113952723318,235.7668982527152,260.4029944159611,297.9273477547521,768.151421755743,303.9283227887649,297.91099316930405,310.83959038363565,298.9087939210954,299.25675566408165,304.15207134499417,252.511235076206,302.92656249543256,276.8634229218095,276.5598749341205,261.8757519784786,276.37536517400423,266.77558081716734,253.6584453254783,297.11283878490434,269.63859938361924,754.8464419999044,286.3936373724219,270.9812160240143,247.8337452574186,246.12538130986292,255.85159742127559,295.38068031722315,306.3875892712508,305.1298188547508,274.5748093956329,292.80816955330874,291.3931925539995,291.59790544894264,273.63402641719347,276.47075330649096,276.67933326040844,284.2249434929004,290.04458780999,289.591361583469,276.5309929342781,288.33596375166536,286.30957417241797,288.43864345024934,281.15293160325683,288.8686404800611,288.32819218743055,279.7868452563143,278.1948505819869,286.3201354548341,285.64240693746865,273.6153156980043,288.4289895220606,273.75244088800486,277.6846643776802,286.2827078458131,292.45243070191367,279.49792429570545
photo_carrot,265.756789955565,305.1523202076445,323.92425484069736,776.4991015828006,731.0103522827757,731.6395820584747,429.5146365465059,472.75920711648,747.4802592620083,771.7172647783906,298.60284539360765,293.8873256019933,267.76349981530257,739.4891712495173,721.1505659367554,0.0,741.3277596648552,752.0060710940185,768.6114550634884,756.9914523830514,577.706824076189,765.4085525366138,754.0675466092728,758.32462521228,764.1484874303155,776.9611274019142,767.9276942052703,778.1127762411609,750.6477098562632,747.4811554516365,758.4997185186702,762.6657244628666,763.487194366949,773.43203399634,748.4171708872016,766.0350126342041,769.1525103473512,743.6140668930425,749.5836526121607,722.5125036443238,749.8776916560505,760.5336953613463,300.84989785264565,769.3486928364711,759.0722960290987,771.6925726180289,759.8720889603273,768.0886014831002,764.0176088006145,739.528844234605,753.2302104080987,750.9003336220748,749.142965170866,747.0474964825453,752.353096298217,747.7550190884589,739.7483527285175,760.0455320503669,745.0050813038113,298.77598039101633,758.0186644381067,744.2989840321653,738.366618077664,728.8017632065427,723.3692936327569,746.2715688443437,751.6634666748615,761.0975825961896,747.7125768196095,751.5273439698451,755.3624268056471,762.3963410653023,731.3784105071978,733.4704091035652,735.3043424407269,739.141172502908,739.9478089997671,738.7681780589605,734.1300706651018,738.5461635771542,738.775416580094,739.249962184079,735.4825296187561,739.0965024783407,740.5464038514608,734.134057267791,734.1011919498767,737.9651409336337,737.4985418652994,730.9194681848721,738.7104514317938,733.3949996861943,732.6927978212095,737.0606669745538,744.5604613399232,733.1489384387207
photo_watch,764.6919944761094,781.7894983393355,789.2775092891754,317.1422489320838,279.5862507647451,257.01897039773434,606.0946543896816,559.6873970972956,303.8702941965043,311.91141488453803,774.9905288085846,775.3328719459171,763.2420834096483,272.75995598581835,248.7673961368551,741.3277596648552,0.0,295.8976196405463,309.82197930913327,288.6860958320706,531.5051425140716,310.0423439826285,295.4616277489121,304.093251402663,287.3234043781577,315.50612445466436,310.221473817756,316.67974507817866,272.9000391170666,256.6732802895215,285.94117101230785,292.146670985948,300.2587949699294,316.7526968519595,274.00146389449117,300.55553184295894,305.8786287184468,249.82044808899082,268.3904659427711,248.74391558107797,220.8946555336938,293.6895700172175,778.9132616950382,305.7803831039666,302.7889804883826,307.8213582656837,298.1283792813339,291.19453932084457,302.9982152430045,252.5820916734428,297.7179333036384,281.6006305732145,269.0628545001669,264.10772954075145,272.19491738083485,255.0101549692628,255.624394971658,295.0931319658981,276.3171096628265,763.1207472719103,284.16330021984425,270.10755115511614,260.2573214595837,257.95786642779154,246.75986190496977,290.5599432328568,304.675980906215,301.4062308991591,272.53883060954877,280.8951118079439,289.6988877410385,283.14059420193973,272.86101580860964,275.3868229540421,274.79841262705816,284.22074662131155,291.28712296900176,290.66936389550017,276.8811138939734,289.4608963337918,286.77197504763325,290.01222200335656,281.4144202063731,290.1005893285014,288.31047113185645,280.06637497255065,277.64551423934296,287.0119833613542,286.75372994546973,271.8501072932917,289.44448428644256,272.8330045364966,277.4371663015235,288.0000874166903,295.09955910718156,280.06002493604973
photo_key,772.3644010357384,782.1499281852208,778.1053697145521,314.8882741372168,297.1890200864355,303.51975124281745,612.8386374384737,573.1884385687279,269.1058555876419,297.96129892484845,768.7452374207563,753.1228474512502,761.6128061613864,297.5812337351096,295.8328459966369,752.0060710940185,295.8976196405463,0.0,269.3121287321209,268.5803116881421,521.9398970231979,316.59657332667774,287.14600309889374,309.6834664674744,304.9478149998842,323.6585130359122,277.4887681073239,316.43712857324704,306.7334737098944,302.51477676364885,320.3742202142908,321.01968880808414,282.97909203440514,313.86126543076494,307.0290719830693,268.0125064275229,304.3673681866505,300.877317503988,302.38376775429356,301.95587087330927,299.6223323877677,201.2974624827418,760.0346989879532,277.7120594991411,274.9498780044645,289.50712952080977,272.3185462341322,314.00749569851774,314.0418986025534,298.3100236670031,273.3294072551938,316.08087383655754,309.060611647589,306.81773368877793,310.91014351129166,308.0559744724327,293.81830725949493,300.52884460597886,298.566044296229,747.0997982732662,312.0424512281995,304.84668494584474,303.5545781285305,302.5451281190218,299.4160747256744,238.69696687342758,272.44709855426754,279.8161710057987,311.4906422497653,313.278052987998,290.91560510514114,313.3397655964281,267.57105866761924,269.13190769838957,267.4375142580952,262.36745622439463,259.9232374273302,263.21270370498496,270.87135030358814,264.2312869590972,260.91004187728896,265.57211356062953,264.51245874348297,263.27148967081496,260.588877370563,266.7354131465002,267.7760998708809,260.070098761736,265.06606384119783,268.41657597852156,262.3645362842079,269.00580966699096,267.5344782536996,264.6164300982898,268.8049811596425,268.2655290500921
photo_truck,784.9091759251871,792.9063862451366,785.8051297851714,314.5473832949748,308.5475164214356,311.2739444488018,623.665249504165,582.1042195178118,292.2783919871048,298.466864906087,778.2341585663844,772.7908046006123,778.4070559895108,311.0561432643221,308.52544576011434,768.6114550634884,309.82197930913327,269.3121287321209,0.0,274.73025439742054,520.2713176084628,312.2282905865323,290.75877093949157,310.5717655189593,308.7666213218781,326.0688920365562,297.5635678842788,309.9204989687689,311.96639233839056,306.1322674488843,327.9917865981215,323.85999259601414,286.65252379145176,311.616454472509,313.2801417367935,286.57212286498225,306.1408821921048,307.6163230076483,310.0698161468592,312.8736001258941,311.37702549116966,276.314305911973,756.4660536324056,272.5649795677327,286.65763317578336,273.93921145366215,283.4959462487108,313.7104204321177,312.7823360865057,305.98707188892917,298.59230652244287,319.9220398410562,312.20825333218096,311.3303940980403,314.64069902564404,317.0599751084969,306.64052062769434,301.76119486166,306.72844308311664,762.5758281973904,318.4143965951146,312.7821314534481,313.3048953454684,310.7899900778601,311.9919945928428,286.4645606338697,264.43277365192296,288.05551193695595,318.2859006987518,315.87688819937443,298.1993602730797,317.00264215280924,289.8234411629707,291.2270415020436,290.9449106756113,288.2716745127111,287.5398450450803,288.8148151480854,291.1183748985648,289.0768607671216,288.00461488218724,289.44542952493174,289.90131583991547,288.0255593746165,288.75119813482763,290.8713797240585,290.6528949153324,288.6561466251627,290.0021321980853,291.6312910314347,289.11334890243006,291.24606340972696,291.0603241973654,289.62316596245006,290.43060001650423,291.54865772352986
photo_velo,773.3317396780212,783.616804427182,783.7300885818157,310.73785602155806,284.89065702435295,287.19528873308275,612.0318196063307,569.2462780993345,283.2928341711883,292.29176512700934,772.3909658986429,765.0990844037652,765.03788268687,292.29613808920266,288.65809972072697,756.9914523830514,288.6860958320706,268.5803116881421,274.73025439742054,0.0,518.7855039696633,312.3058278727879,283.90423734051035,300.2724439560805,294.0659403361483,318.4751303314788,293.4639400524756,309.69975202860763,291.2163832141835,288.8589144822346,314.63136389234444,308.9663903340028,283.91629547594613,309.990598473309,295.48743758756046,275.1363411806478,290.43128340952774,291.8905581993354,296.8418547163168,297.4775268736106,293.44661087332616,273.9085714028796,764.17362593848,196.65351465693055,284.00945834895913,282.3278875352425,277.8025702950609,303.9823320453146,304.2912362147684,292.52406853413254,285.37601698859197,307.48236810021564,294.0947830676813,297.3360345848598,299.7023739586248,301.22715339201505,291.6497041238319,294.8432203150828,294.2483148590646,757.4800835637509,300.1116947546505,296.8393956314027,295.3311336303485,296.27443498407484,299.2553307595695,280.5227436120093,281.491192914133,251.69842329447675,303.9329430871518,305.0297941971238,281.7856124969533,303.0745469322923,281.6188556762362,282.2230927177478,282.1658405535767,282.59949199511465,285.39941108824166,285.8916169346511,283.3784862865741,284.2547128221462,281.8986137353735,286.3752236026491,280.9700468531766,285.1924373934577,282.7731468561811,282.9527454831052,283.1069428091907,281.3728950338058,283.1227649651055,282.55515760350846,283.8536093083595,281.69579122348773,282.28849011389315,283.36240078003135,290.8622997577304,282.65087918563466
photo_road,582.9546699855468,590.2862203416038,563.3290848598646,522.0308685749468,529.549354137305,528.3941236899187,368.0362702126952,333.57806203693576,523.1142243595459,523.832328758516,582.1674542756409,576.4004236360105,580.9923744247542,525.0530619575867,526.1084631271772,577.706824076189,531.5051425140716,521.9398970231979,520.2713176084628,518.7855039696633,0.0,532.3302955178675,505.8550468716183,527.1939839307844,531.152798529994,543.2629868748592,525.6135433151653,527.095454730773,532.5310397854913,527.6891843211885,541.1186748347554,539.020349612491,528.705542831243,533.0637015052669,532.9264017151559,528.1093186899319,531.9949172217648,528.6761688728794,529.7223840389663,532.2288533297211,532.6258406313558,524.2714921368547,571.8402364207275,521.6462034977669,511.9362542889026,519.0396425451655,517.6450372808462,535.966719884898,533.5920759333496,527.7863119866323,522.9747918083903,533.062085548816,531.8769801682605,531.5838379922393,534.1840247632409,533.2818355836681,529.2016543939036,525.8623835080399,530.4772969755244,569.8179881774602,538.0903677763229,529.7188488890171,528.6959975206058,527.7149928294646,523.8981034756474,519.2854523334801,519.8701571637896,521.7614062221315,529.9573535476324,533.4229175522446,523.371975504064,536.0795518015198,515.8446006307364,514.9948903708366,516.1441540848529,515.9003616474799,515.6347185477766,515.1444445119685,515.6469514604295,515.6094627818529,515.5742033475858,514.8372820458233,515.9481584421802,515.0533627481608,516.5081185054568,515.6972967192108,515.5787698065891,515.9957832676987,514.8919077272034,516.7639975748713,516.0347415182987,516.1163267046006,515.454052398843,514.2939812533386,518.0385053840597,514.5230505222162
photo_house,777.8328830407195,783.8061385025344,790.8622863156502,318.92844238786506,310.6931456605497,306.70168057413355,621.3185812072,579.8609511969217,321.28621840170433,318.8153043177458,777.0872084450164,782.8505720604954,773.8139062112621,301.68899600105,306.1552320496396,765.4085525366138,310.0423439826285,316.59657332667774,312.2282905865323,312.3058278727879,532.3302955178675,0.0,309.9234023478437,297.8883270726145,318.2551271735957,325.4227464153837,330.1619481902306,327.5324312341173,317.4530998863199,309.16181598820776,334.4191244150412,324.24436402917974,326.1484223813816,331.9684550811771,316.53595540221124,330.0402982962986,322.42257482789546,313.13164456183824,314.8028081282963,321.2967205702758,317.55507336727044,323.8183724129788,783.4897228792838,318.1656333234887,326.2947425178824,312.3874105861904,325.1647633512793,318.57062628757944,328.5439430397915,317.76827763493304,333.1547074207196,328.9666927650829,323.9471011999237,322.7390648676052,320.06926852381395,324.6879080574377,319.2397195353784,324.00842797581276,321.9263405668387,776.0437234486245,327.4441597752249,326.82709735569983,324.9085534197414,323.8211055091385,325.0547157813663,328.56124108897,326.5397747389295,328.2082775612776,324.1830536374355,317.0257198320575,326.9168962221457,328.35756155490924,316.3056619285426,316.4231978314333,317.77690391394424,318.55727199374707,320.33787750187213,320.78385134576354,317.31919746021146,320.3938847858247,318.3403683412577,319.9677171167039,317.78825708867834,319.9507616599661,320.7957804809384,317.4800118085833,316.83633676420357,319.14576558280123,318.230745446131,317.8860809569374,320.5929995456607,317.4552963731273,317.1200937410965,318.35207189759524,323.50158670544926,317.0631934501466
