,photo_face,photo_profil,photo_eyes,photo_face2,photo_walking,photo_standing,photo_hand,photo_legs,photo_bird,photo_butterfly,photo_girafe,photo_fish,photo_cherry,photo_tree,photo_flower,photo_carrot,photo_watch,photo_key,photo_truck,photo_velo,photo_road,photo_house,photo_mountain,photo_windmill,drawing_face,drawing_profil,drawing_eyes,drawing_face2,drawing_walking,drawing_standing,drawing_hand,drawing_legs,drawing_bird,drawing_butterfly,drawing_girafe,drawing_fish,drawing_cherry,drawing_tree,drawing_flower,drawing_carrot,drawing_watch,drawing_key,drawing_truck,drawing_velo,drawing_road,drawing_house,drawing_mountain,drawing_windmill,geo_face,geo_profil,geo_eyes,geo_face2,geo_walking,geo_standing,geo_hand,geo_legs,geo_bird,geo_butterfly,geo_girafe,geo_fish,geo_cherry,geo_tree,geo_flower,geo_carrot,geo_watch,geo_key,geo_truck,geo_velo,geo_road,geo_house,geo_mountain,geo_windmill,word_face,word_profil,word_eyes,word_face2,word_walking,word_standing,word_hand,word_legs,word_bird,word_butterfly,word_girafe,word_fish,word_cherry,word_tree,word_flower,word_carrot,word_watch,word_key,word_truck,word_velo,word_road,word_house,word_mountain,word_windmill
photo_face,0.0,23.353141718743796,24.75226241440117,23.93656842238068,21.727548819524017,21.61726864665018,21.07830118732425,20.474924496278685,23.432209403384462,26.791442090670976,26.441653091904932,22.992603383990055,23.172298680556406,22.592739819743656,21.60727196671468,20.79649366306879,23.34366175834578,22.570032768697818,25.0467953870148,23.93935008212063,25.962479416975437,25.370597623157295,25.255441647185382,25.806580281866733,22.606115874912675,24.528120508564758,23.76838848992181,24.722139855107855,23.201416001467845,22.878845179992126,23.321752199171534,23.422574436850635,23.230928179334985,25.608191438278958,23.0383312206117,23.537911511429968,24.98868874197037,22.3546485283276,23.151643463724785,21.803874822924445,22.222733403453738,23.411522212776468,24.60399799731483,26.043757668933182,22.59942405208357,25.876903563350233,23.016196623936153,25.156417162412577,24.540081794313355,21.720418387542036,23.480737489394816,22.361090720692605,23.537724811516366,22.7186451592266,23.466718332910627,22.175504879836925,21.84037058473081,25.206219561647334,22.926582568432764,23.653641703523803,23.960034255600444,22.421899696173117,22.243774337554957,21.799087452948697,22.198671646540934,23.07580939196517,23.61589379372629,24.001902719270745,22.405114130058475,23.49198411645244,22.81200639964138,25.167095048228376,21.78362423388862,22.135260062057142,21.849289111169625,23.205540086013034,23.825938176267975,23.71581578395894,21.787433739007756,23.847743835353693,23.391133787879735,23.628626131770424,22.89282376274779,23.912321374022984,23.853012473187366,22.411053998982098,22.08847657326572,23.533874933303,23.288301319941496,21.408189514114962,23.758050878321626,21.80065898139521,22.204822802199338,23.25209421945266,24.50153670047828,22.32719160694531
photo_profil,23.353141718743796,0.0,26.291690328349837,24.73353227732228,24.03283751024532,24.18944066027383,23.742173919041075,23.831529653951883,25.198946973095627,27.621328087345994,27.928183187757885,25.22157991646776,24.82359590854758,24.894113531732778,24.23259639480717,23.98067517004192,25.88241937882485,24.393568105146933,26.719626698049137,26.046839796242658,27.294457007201373,25.43945992160588,26.37095489441232,27.088322530634326,25.34679939962212,24.098229613971807,25.647055595010986,26.095220471568425,25.5867787859021,25.038212169579108,25.675814028322545,24.76905684727546,25.64713499154017,26.66944551724205,24.87093579666429,25.802357672819234,26.1122396581643,25.499701865660978,25.09020114750947,24.516340505726465,24.96171552481281,25.229669037117723,26.251619427852834,27.58120313838899,24.853792452028742,27.174073482429275,25.153580886915456,26.689757413753057,25.739295948545298,24.471500108865488,25.270403392906847,24.377445310235444,25.803681703526994,24.918572362204365,25.579212047236474,24.612006323780612,24.455695743545746,26.29239934015393,24.53949459274395,25.619098446921726,25.41679188900097,24.641254930274787,24.941525095651706,24.181429294985787,24.48184063509728,25.166811419055737,25.437491695187507,26.15466927805402,24.531734493640823,25.085714622533413,24.865044615167328,26.58274012852486,24.661168261437037,24.8325082041064,24.45947764929025,25.273326060713583,25.665447454851464,25.70131975585003,24.497892316991486,25.691307388414216,25.30882248109068,25.835901692236916,24.99973618822464,25.844216247692547,25.880686128289796,24.70330885110897,24.5065479045438,25.627439750676757,25.395577348767922,24.744552925422283,25.768133190546,24.58450186182125,24.431347505304725,25.318993769088003,26.69110445386892,24.38676942644263
photo_eyes,24.75226241440117,26.291690328349837,0.0,25.331522132710997,24.254026218470567,24.473160274507553,24.260412211479487,24.127697491927655,23.262662326161326,26.024726646384305,26.896083919937798,23.190108993882003,24.889421627728332,25.628013678868975,24.720129574914424,23.682112392132698,26.760377823107316,22.134539739971483,25.138083016728867,24.109405970751617,22.466764708216708,27.233251403446825,25.193414044729145,26.896815448125487,24.956373892797153,25.99911528493833,22.77442328463493,25.258952412523396,25.699374730257812,25.261163695350387,25.519624010343087,25.79177067708995,23.58689277308575,25.560371548278127,25.508376992094593,23.72952094601757,25.051114182941063,25.0213399643941,25.148488647821182,24.60718673837622,24.4471984125862,22.74539059584796,24.50001951251599,25.250663717091673,22.9806585793332,24.64524378878678,23.573993864275685,27.0598498963259,25.95223670712794,24.079101336421196,22.12607766438944,24.765617513238308,25.937303424337966,24.927327247949957,25.849333540545356,24.21902081741285,24.03081846931691,25.652564607151525,24.434553511016944,23.68335925117667,25.81797861158694,24.409600571017133,24.885165766310152,24.203907300963234,24.188601934401216,22.562542081223185,23.872093217305864,23.86301549765542,24.782021939089656,25.52037370332404,23.94330478709568,26.935962788696788,22.671397731010213,22.738300385095947,22.861930798975134,22.986418221790093,23.21718540168047,22.975751831210026,22.804271721764508,22.977543797130384,23.120129178068364,22.999958948489745,22.690333627153766,23.064798699914295,22.836110107755133,22.689895788352576,22.686363251600078,23.008267991585807,22.989650667795278,22.853726998631068,22.82513991267104,22.804251777548256,22.499268707107294,23.041386948246284,24.13258266478231,22.74383253441232
photo_face2,23.93656842238068,24.73353227732228,25.331522132710997,0.0,23.674587153899633,23.789375509465327,22.84455518028013,23.569963595280257,23.040392938338496,26.372531068263648,26.340392276354123,23.996437257270774,24.339150183984618,24.161400287486703,23.906377110817477,23.37523217295728,26.07239376558731,23.3737358373234,25.979731126074515,24.969832620732653,25.88289546441569,25.928739763941465,25.902257850433482,26.710591371886885,24.556469889801225,25.77918513000877,24.713384090026537,23.564900556646293,25.18315126479656,24.580536426633607,25.095236584704132,25.230173766626695,24.298000539455007,25.475193778199174,24.91692811216959,24.9683584132707,25.581150331194927,24.64032277289865,24.648574386032593,24.31874990028482,24.48404775207747,24.405791380343302,25.644057244906,26.664432762527465,23.64999017370211,26.287555104931815,24.230622817713925,26.24691026176485,25.452772997848157,23.76295907945427,24.612224713484753,23.910665578877648,25.16711609107695,24.42665643769475,24.94081615975987,24.249715311119438,23.959915366901278,25.00531287444166,24.235546319114825,24.377917028212025,25.355374662722536,24.001716876942357,24.19775462930337,23.835800658515545,24.01838701578053,24.019858263705288,24.372782165578197,24.811404300324373,24.215347075527117,24.953239025963587,23.929866674513324,26.211621480175918,23.667033276219442,23.721394051332148,23.62944613108498,24.275845504292022,24.90559244957058,24.846035124724853,23.76632946365176,25.17243710157615,24.5689014921378,24.960785286333817,24.329626685540674,25.026395513376304,25.12549736858754,24.09083872604542,23.530530511062068,24.834766060246288,24.680914974209873,23.632730310620538,24.97439780927201,23.713821019648336,23.81825796673978,24.56297611634456,25.731077380685228,23.888600364140473
photo_walking,21.727548819524017,24.03283751024532,24.254026218470567,23.674587153899633,0.0,18.686722361686286,20.595793879721683,18.52785219219841,21.37000778642782,24.609881170796932,25.046254860001085,21.285204883981322,20.721482129976213,21.856445906712015,18.530234183036406,18.574481915777213,21.89834506811742,19.702896565101405,23.188611949272673,21.71963328895369,24.524208025441034,25.386304769910396,22.460734574131795,24.68152506531806,20.1197950293172,22.47385029182056,20.73584659166324,22.067162985366192,19.107461045927955,20.453227653108883,20.71124764746357,20.8363175507945,20.26208443954312,22.272635820824092,19.465876210744256,20.393159161226617,22.27430608440707,20.113696871122926,20.503218639210637,19.009372536010314,19.01497833337269,20.356487446966444,21.83260132087485,23.878336395456703,19.362619740590006,23.364408391338113,19.38900496123438,22.67440934982696,21.89653702668366,18.21443590339098,20.44695782275241,19.358938507751343,20.240108771146534,19.47161777789313,21.07700291029538,18.612278807116894,18.673555656353614,22.018443045384956,18.9479811295205,20.165863698707494,20.514985272886218,18.360735795041993,19.513510417418573,18.548862946831562,18.549397607267455,19.611443266493758,20.447563135088895,21.246216795474894,19.49837142575994,21.45236484188357,19.637844240195843,22.378365130685655,18.59626429326192,18.85358062308924,18.995138534489016,20.134817254118943,20.808637004765753,20.66383156634574,18.823341905043996,20.77722113690775,20.561552980773076,20.647365865152075,19.919674234379205,21.010220964473845,20.87452073106464,19.340120619381928,18.981469344703296,20.665523349124744,20.341104487084266,18.585911490364644,20.606151755939017,18.707096603857238,19.09110449972985,20.494205601653736,21.739550643010094,19.295888118361006
photo_standing,21.61726864665018,24.18944066027383,24.473160274507553,23.789375509465327,18.686722361686286,0.0,20.637198787511895,18.021302197529117,21.78524888104197,25.264434842604178,24.09464731222485,21.84560017968322,21.92058808470981,22.04734749795138,17.497524927984575,17.370560123203138,20.476034305862385,19.77374958230199,23.26862461988592,22.31594136248291,24.82761064287061,25.34675432175966,23.131211193085313,24.096185905121207,20.661515064983,22.62870777835206,21.04699076686587,22.07781346203508,20.64036088574476,18.607951548447055,20.470377239608208,20.493045337502185,20.573533804611106,21.277142366475132,19.294745415182863,21.031875937180423,22.277766119355565,20.409970226499215,19.795785395171023,17.574012534095917,19.145224924780077,20.49002660733192,22.202728059807438,24.66195776613937,19.488569581942002,23.572040568687648,20.02361501816667,22.051953024869558,21.400810279301364,17.07319761543202,20.701341981034016,18.305705807374096,20.481778763968013,18.64864970461059,20.447248310872713,18.710119857294437,18.209353226941523,21.671773986064007,18.2391824439043,20.722790555325595,20.550267227304005,18.646348378025717,18.772758376987444,17.143945081045615,17.583483789865948,19.644394858320748,20.746626665082385,21.650093850950412,19.38611177865762,20.839141414160757,19.201756498086706,21.880241843445177,18.763862905947352,19.312900554907596,19.061536763976516,20.417995413134097,20.96855408161443,20.979517492791278,18.9600333746929,20.919052831298544,20.643403376801245,20.764539515953338,20.193755322796676,21.02583930542202,21.04139225099031,19.677966244202516,19.01199249157946,20.93257721047913,20.7723106401035,18.809678157807497,21.01695356233147,18.75633650010788,19.306164687997974,20.58301337975871,21.907212023273303,19.535419066342374
photo_hand,21.07830118732425,23.742173919041075,24.260412211479487,22.84455518028013,20.595793879721683,20.637198787511895,0.0,19.69223209980743,23.058669600847217,26.075768531842055,25.8646605501551,22.206161194156106,22.011444948065495,22.067872135343613,20.578884038477117,19.489253510528112,23.12697035181063,21.50930154119646,25.09374942862784,22.993573785966955,25.435462839811258,24.870183896912234,24.42078584847106,25.278962424038415,22.555293612862975,23.833518034499736,22.421443184601358,23.54206536985866,22.390391703250433,21.778507194337486,21.70619970227943,22.463791713817464,22.663171119390494,24.34019868860652,21.926696009617867,22.50886555603358,23.87704310201854,22.145025147349806,22.02875500664041,20.790151144149412,21.145090528573185,22.336250600234642,23.581417891773842,25.20489171727945,21.50012106810465,25.026773605792197,21.941562356079945,24.090842701635076,23.841497021724656,20.652573038023366,22.06633197849959,21.368101069293743,22.7917374262802,21.841810369668526,21.71654308788479,20.611365967361614,20.79158106674092,23.79222308949557,21.401041758147283,22.49551143577505,22.71606094127841,21.306123142474735,21.646293294733216,20.36182409682705,20.71505324903578,21.927592919802006,22.813124872507522,23.15318944090706,21.531370407890474,22.630818841842853,21.837821201698006,23.900678395972424,20.957822258096368,20.87883891086412,20.957168763224043,22.116678559930584,22.55106537196946,22.478873329616047,20.864944370566153,22.67277640460154,22.449491649843505,22.371200753796384,21.702598954700303,22.671396499339306,22.612245017453724,21.378283305286978,20.944093495710298,22.307099793920756,22.27693612517693,20.73694052870593,22.445078856286806,20.870898048074384,20.981061933737823,22.285724103782634,23.36561194433629,21.11805946926206
photo_legs,20.474924496278685,23.831529653951883,24.127697491927655,23.569963595280257,18.52785219219841,18.021302197529117,19.69223209980743,0.0,21.83665080959469,25.2413557198299,24.99890824672273,21.298383296671492,20.909682980832,21.889289780353426,18.00945372568648,17.37328909498515,21.223858505600298,19.9275365371047,23.815168590721377,22.255401452716715,25.1459042992145,25.19039676243778,23.78095622973326,24.746323090531494,20.308512182809185,22.69342062243404,20.916881911334972,22.636685488685114,20.337004952988426,20.005815533426464,20.59291355327614,20.709196486517445,20.93706187501512,22.59000997241674,20.59191223745716,21.14967293485887,22.70783552806858,20.46426367022217,20.73246836327191,18.529024169794702,18.82222910064552,20.687192341104687,22.558108222485988,24.66040571091864,19.767034294382924,23.932437967235337,20.238765772789414,23.010331580415436,21.7445619449878,17.514724524133374,20.61112179402542,18.954486925032853,20.78205159013511,19.100926801395165,20.917516322676885,18.06466552885667,17.74581993235117,22.2714790883097,19.331977559613428,20.627247747832644,20.56156890424334,18.974203543274932,19.25105068056184,18.03267495522674,18.482713930026932,19.870739684718192,20.940229398179465,21.877134464050183,19.60970020117161,20.77271241785083,19.707855312009062,22.58658184736636,19.0027460248767,19.177158076152086,19.15938845809561,20.56086206361837,21.063785985756333,20.94045585141199,19.09646928630434,20.954834856252415,20.79636220189907,20.80920507116349,20.22007098788751,21.23107780757657,21.05268586775065,19.719234074698175,19.170307161682487,20.872651095741094,20.697544372740165,18.72455599758352,20.973552696292927,19.02982428846412,19.26366711034071,20.723993300232003,22.03967270636089,19.451198242707243
photo_bird,23.432209403384462,25.198946973095627,23.262662326161326,23.040392938338496,21.37000778642782,21.78524888104197,23.058669600847217,21.83665080959469,0.0,24.00974500549602,23.666287089666852,20.08724420397451,22.848359212982682,23.37514912280028,21.68398721455192,20.780814594619837,23.337524141602227,18.442939181363364,23.393317500461887,21.85463900361594,23.85379846584637,26.189540253229936,23.602318837321334,26.068105865041048,21.35222835897009,23.3919567213395,20.79099194356775,22.31662231576127,22.58164303171106,21.94149468336031,22.424524272888416,22.991340390030057,19.602745625733395,23.50087722019446,21.996808499310788,20.96115869808046,23.784547468893848,22.066292150776526,21.72473941630665,21.42023972708268,21.10348163613265,19.513181877137093,22.208081360049135,23.730810527417304,19.534103152921283,23.328028869427794,20.265961933239467,24.25311304391433,23.356597649318832,20.88771115768989,20.254573918032502,21.18691980910938,22.736092448284072,21.75039319928717,22.604329122354375,20.933948685879194,20.14360800648383,23.25337672781236,21.018446383004566,20.841434011605823,22.90366716248778,21.010299220238924,21.242125781914154,20.737636556229873,20.20912234898768,18.953355552329928,21.252906030285768,21.616660975790513,21.718600837660972,22.565044229901158,20.88928557088752,23.992233491823022,19.048662091330474,19.396611011725042,19.289932454563406,19.843170701875277,20.813226784130954,20.46415382849373,19.4175953428628,20.64183859674396,20.25177662991441,20.73043293541882,19.74572487782119,20.63630543200118,20.372697540161216,19.474041325951116,19.159376379878577,20.453246432728378,20.21894344417281,19.14126484853444,20.553024594001744,19.304931211236138,19.30385266470394,20.058161745295315,21.644942820808346,19.62676833700528
photo_butterfly,26.791442090670976,27.621328087345994,26.024726646384305,26.372531068263648,24.609881170796932,25.264434842604178,26.075768531842055,25.2413557198299,24.00974500549602,0.0,27.905877622034126,25.288931011450433,25.62873610994308,26.243309057198918,25.611045183981943,25.404596715344912,27.481491569107728,23.788448039527577,26.309718072203225,24.935258167856794,25.686058752686094,28.31109298522169,26.349568621788343,27.346976518342288,25.18730301270945,25.64316517082724,24.422177459594415,23.879150046262854,24.94856285988071,25.362582413811957,25.89977107879335,25.887353544067174,23.918170683348496,25.56276287228093,25.72574197090945,25.061405457330594,25.94197666050796,25.48781210998651,25.23962193127823,25.222387018548243,25.008875933184818,24.14252650056724,25.131205222138338,26.22268629260417,23.77103290547785,25.64156478165036,24.264508115256103,25.37819763528658,26.02280951085655,24.656990612481195,24.294276589320862,24.80064804867692,25.179536487252996,24.480912815927276,25.647477483526583,24.94485289330235,24.670607169299995,25.4853546964001,24.679534025744342,24.770210449027687,26.289343913542577,24.460986193836206,25.23131634515159,24.647724128915055,24.88148469780525,23.94307038212315,24.72666162397076,25.11905151259609,25.127236341745302,26.06789530800396,23.966423726028562,25.883370919772464,23.75911524446488,23.882336610549505,23.886885910461658,24.279772140564727,24.80203592121728,24.921966482332035,23.99260446728078,24.673653665711715,24.395887119898614,24.900792505409054,24.056656409443004,24.973004785308607,24.629036659080423,23.881150082096116,23.793723585720517,24.633436521684132,24.443990630534238,23.704760614126442,24.65399478665415,24.068418678319894,23.720884649085274,24.478064667793188,25.82947001592428,23.936912514269256
photo_girafe,26.441653091904932,27.928183187757885,26.896083919937798,26.340392276354123,25.046254860001085,24.09464731222485,25.8646605501551,24.99890824672273,23.666287089666852,27.905877622034126,0.0,25.012577028673274,26.436571414617767,26.397501252025652,24.378472563924372,24.4031032892291,26.36276100350147,23.219992757659952,26.271014412134225,25.734540858176793,27.265807692282635,28.192746796076463,27.076296529230195,28.052001728826408,25.216970940152624,26.492400209053244,24.78609191378123,25.83203680014991,25.75911021099352,25.36756051867793,25.132987648677172,25.76220514895551,25.137959993753693,25.870601326554283,24.962625161930752,25.152106092998256,26.304869928883605,25.3307764044284,25.272109649826035,24.741013813439462,24.4885678201764,24.219270292594594,25.025176048334803,27.04345698643412,24.07134767391965,26.782189195857654,24.49729337875086,26.3116625859104,25.684346534888984,24.33082833370376,24.443876541454987,24.15016395169551,25.814275626865605,24.397334564600246,25.349273594706673,24.130218326230004,24.52149746861063,26.416630265854035,24.2746101816252,24.804439149085308,25.70893643547693,24.69084997180263,24.090351027096542,24.368113820356402,24.374930849329676,23.89609719096183,24.421597465351173,24.905426850042804,24.899388646670797,25.67876984963323,23.776002229734377,25.89382939940696,24.164214535945543,23.96868303243936,23.99723006717558,24.603361290930952,25.030717820735745,24.853193297399844,24.091553506697394,25.130311352875545,24.658404449191078,24.64163987478146,24.592944621679568,25.044097641934894,24.832429588401876,24.14942190950478,23.88886923583642,24.79735368733262,24.66295541681212,23.879018253813722,24.81249480606764,24.192398487617584,23.92980231317641,24.597828561886104,25.813741307211565,24.086023291700144
photo_fish,22.992603383990055,25.22157991646776,23.190108993882003,23.996437257270774,21.285204883981322,21.84560017968322,22.206161194156106,21.298383296671492,20.08724420397451,25.288931011450433,25.012577028673274,0.0,22.905434536202055,23.26548442368873,21.83536501145375,20.191680172943805,23.40043079005361,18.525899528290598,22.952773448901148,21.419756961317717,23.559143080221464,26.25729216258479,23.35218385970745,26.234131012895133,22.547700591853307,23.807340584765207,19.638150322613818,23.30882869220318,23.23239201826639,22.659314679716157,23.06400064178075,23.51285109312301,21.308297473349565,23.758453900568963,22.470588515131933,19.835011688695243,23.616370185677365,22.567513226684312,22.468949467090905,21.573434937195675,21.089943699494214,19.767557023040435,21.663315999748928,23.85748148994539,19.621241745097556,23.592521950594488,20.32755919454283,25.035730114414186,23.843898499235625,20.820531894840343,19.59385748299019,21.711712643489562,23.723499921804247,22.240164341235356,23.343813835553668,21.278943037311215,20.71624489798042,23.46995118525418,21.222475692670063,19.746849087700348,23.132339527998926,21.184291676963753,21.956505755512904,21.033507872735832,20.682048375958757,19.442288767674803,21.16270859946292,21.844271229687337,21.945956678617097,22.93638082750609,21.0379624021396,24.746628818648574,19.26830999326503,19.60975531061652,19.289472249541156,19.920876273673024,20.325590874815155,20.228258091530666,19.291812197501724,20.22559611122104,19.563322825125695,20.57377040464249,19.695286698514813,20.512456654288517,20.12863981156461,19.49462740051414,19.249825788045886,19.85180189419227,20.058002431055158,19.39580353688233,20.252709780530115,19.32179911375628,19.38105020753914,19.865547408330915,21.388279467661505,19.455968045496114
photo_cherry,23.172298680556406,24.82359590854758,24.889421627728332,24.339150183984618,20.721482129976213,21.92058808470981,22.011444948065495,20.909682980832,22.848359212982682,25.62873610994308,26.436571414617767,22.905434536202055,0.0,22.830192448248738,21.78180972402084,21.162796714901763,24.228595233522874,21.441933674847764,24.650862639033193,23.1057219498263,26.21938731427003,25.829994522657092,23.82605879049389,25.435002637929355,22.806952979424782,24.134950126994053,22.588298375529963,24.295176508954828,22.169769065951957,22.964396581455624,23.0647319356506,22.722310230985467,22.515044142118786,24.31641920740634,22.479148386398368,22.70697501363005,24.16691108352222,22.59936359705631,23.505103739454142,21.519969683631302,21.837217939920055,22.39329301871978,22.92411130514278,25.177833327353582,22.031006420798544,24.769302676244738,21.801167478648388,24.632947592943797,23.991021169159342,21.60774461085213,22.340471794832997,22.078314994499152,22.905479574021204,22.21914108804355,23.41771766932729,21.309711811799307,21.407679605521896,23.55935098024092,21.405082363649612,22.64705912941972,22.66745727936555,21.462715893813783,22.4446943991101,21.21931008413908,21.52326285383567,21.966572763589042,22.472232590327785,23.30978105831563,21.370705885500943,22.938354797842255,22.117636801344908,24.666459155415094,21.304060907749314,21.19625162572414,21.05188296427379,22.299902993093237,22.60844314697071,22.44273321863015,21.20746501660696,22.690972390385458,22.33641379080396,22.702200162200548,21.93826742600512,22.65689592436952,22.764195305176372,21.324286282805282,20.96433450107601,22.47524721925022,22.325448238846846,21.02955754026404,22.51739126498097,21.325027918720174,21.002254184511195,22.271657093645324,23.81379018192374,21.258696935508166
photo_tree,22.592739819743656,24.894113531732778,25.628013678868975,24.161400287486703,21.856445906712015,22.04734749795138,22.067872135343613,21.889289780353426,23.37514912280028,26.243309057198918,26.397501252025652,23.26548442368873,22.830192448248738,0.0,22.105139740634392,21.077987681056193,22.710778998034975,22.66945542876372,25.81849549898715,24.130630977441808,25.97607819398177,25.06120178119497,23.463822962920677,24.882587691958975,23.14592811012082,24.781752593112117,23.759677899638238,24.320988213870773,22.616174460098808,22.56362211068512,23.70343460128113,23.326973518307543,22.924893430911883,24.88582822159641,22.620692141849688,23.217198582808926,24.70446756030952,21.168767169791405,23.62022820979202,21.760332240824454,21.970336317734557,23.324436399472994,24.284867573840046,25.57429314998813,22.658676667335524,25.44573979335039,22.42322213100844,24.49120204817944,24.947310743170053,21.82485088150503,23.56786628206337,23.161422547032323,23.371249661803635,22.692446782497022,23.56441812143501,22.081446092049944,21.913440881405304,24.29559407266045,22.437598406201225,23.663558989021027,23.414300196641708,21.613792907626685,22.46164926758224,21.730540446167435,21.65247678578235,22.894170042607517,23.773408395860425,24.379490779522698,22.63746522558556,23.784831892621316,23.186356453649275,24.79574770316722,21.79720081394802,22.05320645726084,21.932961114619957,23.167257319885955,23.60136891894352,23.663033020159922,21.917948508635064,23.797366254891376,23.23626951216197,23.462500670190803,22.79382425053521,23.516357431268005,23.631017953517258,22.319397645517853,21.88862415211347,23.596975830690944,23.55269575828738,21.67335983418565,23.62322392266234,21.903827854188727,22.026153161652825,23.283116654816993,24.53413310577495,22.356464003573887
photo_flower,21.60727196671468,24.23259639480717,24.720129574914424,23.906377110817477,18.530234183036406,17.497524927984575,20.578884038477117,18.00945372568648,21.68398721455192,25.611045183981943,24.378472563924372,21.83536501145375,21.78180972402084,22.105139740634392,0.0,16.35107033035359,20.361154396152834,19.780015305224335,23.522647018348273,22.642016213152594,25.06797805447637,25.620786465146143,23.78564178702634,25.221745867384165,20.44608119496173,22.64130168175258,20.80415414487325,22.40478951789231,20.414542261240804,19.230260081448826,19.9690282153959,20.624716820571834,20.629486493460988,21.677322825078484,19.32654034793817,20.768305337688258,22.442242804048327,19.89616367818149,19.777983544957127,17.230174707554006,18.949488770264896,20.39091588856953,22.146452116961733,24.806466237387752,19.09433644154305,23.81185237803834,19.85353291634036,23.093358361778478,21.22537033215025,17.181221049805924,20.555301686469818,18.39335541345384,20.657780088138004,18.916272947237037,20.57225618744152,18.720318498387613,17.768202224651045,21.407022916975087,18.356113591140396,20.429720923160808,20.57059762226286,17.85649274194079,17.583420356025652,16.728523756674356,17.190388267465448,19.36614064788803,20.434022690562188,21.680126295066152,18.58853444753663,20.75355232943237,19.200873356759047,22.453026866202517,18.751711511969557,18.92982956623711,18.945178687494174,20.25181354171922,20.804082625442256,20.576492050757956,18.990133642019604,20.89142437722888,20.554881049882457,20.79047064378393,20.102482650798397,21.0374378062552,20.831102147458186,19.18983293857634,19.037157626860814,20.77609329709809,20.400834733756493,18.520095617715146,20.681906739197686,18.866722309938186,19.163507646063174,20.37352821325636,21.724649140420475,19.38631780113576
photo_carrot,20.79649366306879,23.98067517004192,23.682112392132698,23.37523217295728,18.574481915777213,17.370560123203138,19.489253510528112,17.37328909498515,20.780814594619837,25.404596715344912,24.4031032892291,20.191680172943805,21.162796714901763,21.077987681056193,16.35107033035359,0.0,19.3766507149182,19.020345921431122,23.03796124056383,21.91307719655375,24.676577669886207,25.04826138806885,22.854545048937673,25.024410109987045,20.250506761808825,22.63773253637685,20.406565819637866,22.279835113763248,20.31585640928769,18.45269855754845,19.944158143653084,20.63581688772131,20.263223304158117,21.875006709041898,19.01180653453748,20.518105651725016,22.400779441516175,19.60420447691831,19.79927113225858,15.180029416797097,18.839046163560763,19.85493234225853,21.723960244684008,24.33965843623949,18.76081833530454,23.473462878790194,19.422648292429567,23.17872038623961,21.747310886231702,16.95468509779296,19.978066351168234,18.740489588824243,20.45570327500387,18.258506527611715,20.599811419441988,18.34552281559427,17.400276158323905,21.822320076847927,18.043169588601327,20.152788546095753,20.161833684555333,17.898520433447946,18.23011663266849,15.263261720241536,16.552614869268208,18.90708783740588,20.17230069245607,21.38431609765498,19.150548497368668,20.233653437962914,19.307888228400678,22.691199716366942,17.95018966014955,18.547385383347162,18.451831852358225,19.852785132273358,20.444337842260758,20.291944800031818,18.250536482101122,20.306391150626226,20.246319159617205,20.31266114803432,19.65419703628557,20.46276599898907,20.439196629414564,18.98784418096397,18.29323388394467,20.4013065753096,20.06118277842498,18.24102800515839,20.313012354039426,18.01626264203687,18.66716641125348,20.051786612829456,21.387710743049638,18.90623256729673
photo_watch,23.34366175834578,25.88241937882485,26.760377823107316,26.07239376558731,21.89834506811742,20.476034305862385,23.12697035181063,21.223858505600298,23.337524141602227,27.481491569107728,26.36276100350147,23.40043079005361,24.228595233522874,22.710778998034975,20.361154396152834,19.3766507149182,0.0,22.19831188908599,25.374417037940937,24.47546498474089,26.87435154785858,26.917403194528973,24.264669163038068,26.703334298609676,22.20511106670145,24.601267517912323,23.431413128948847,24.33227652418397,22.47173046011338,20.55092636276516,22.65851284168704,22.690122137169173,22.428824564202042,24.498707245145603,21.73969602897429,22.660079344277015,24.405049088571683,21.053749003722675,21.9964442974854,19.301070018218354,20.188621140555156,22.561997848079287,24.056597110053772,26.33851864103682,21.795361293348524,25.245431741877375,21.68322761266308,24.6614802032924,24.30619347528489,19.74811137080694,22.898784633178277,21.873419029906255,22.794042103799864,21.30870580680358,22.73742773520039,20.65122300326638,20.521670332555065,23.850201524388723,21.296630295309853,22.762150395557008,22.526850375259105,20.268031645727714,20.181341420271732,19.7033223156519,19.079158325627333,21.87949007645219,23.29564698069415,23.80351032407657,22.21481169654829,22.373535754574558,22.346680953854293,24.149647833466677,20.749412790792046,21.202697777553272,20.95061071721913,22.4005018198159,22.920414134954974,22.79223995423228,20.963810475689936,23.004788821941876,22.431270408023828,22.806883963720377,22.043627198257116,22.87274621552045,22.96581913535962,21.500511501644187,21.19496079553851,22.856940540578588,22.50927598634731,20.666873623675443,22.99970077377517,20.910388930446064,21.240185567969213,22.356676176940862,23.751139781141802,21.4846250465713
photo_key,22.570032768697818,24.393568105146933,22.134539739971483,23.3737358373234,19.702896565101405,19.77374958230199,21.50930154119646,19.9275365371047,18.442939181363364,23.788448039527577,23.219992757659952,18.525899528290598,21.441933674847764,22.66945542876372,19.780015305224335,19.020345921431122,22.19831188908599,0.0,21.025860806347954,19.92363718116119,22.827785343563317,25.07097777980689,22.310593379862205,24.77723037023455,20.328556848251917,21.47199486859387,16.6621262805061,21.245251455219776,21.03549694727605,20.327812880272532,20.404720480968713,21.06635575696086,18.15034062581558,21.622217874851607,20.27519151147145,18.43282139598852,21.33621754333279,20.643095503042904,19.94813144305466,18.99392822480785,19.17569598278195,13.983163524093522,19.68727759863668,22.002724956079668,17.189320927930687,20.865475334438273,17.476683495500428,22.94522199151011,20.858635077374704,18.018862711814293,16.550454298440936,18.936415888282074,21.34307723199525,19.745100680499636,20.57922549859855,18.387317882638694,17.51434936592354,21.22330966814485,18.41899982909908,17.633774505648223,20.609227023280074,18.851919921431723,19.424652771581652,18.20212110403271,17.846251645519633,14.196349943974694,17.932012459757996,19.224442056786337,18.980055409177826,20.07460555558532,18.559784785130205,22.229910257096527,16.376174486637368,16.25397036998692,15.918664900860437,16.676256121806826,16.88425356129217,16.51723542139419,16.104401579178884,16.938198743181527,16.42747775422851,17.292476120105025,16.6889589224873,17.090219561837646,16.37374691200763,15.97475729115602,16.032724342393028,16.318260210143915,16.580538663183418,16.47268807927227,16.487679564501754,16.37726893513616,15.988543466305703,16.541696759363,18.382908791709685,16.14451851614133
photo_truck,25.0467953870148,26.719626698049137,25.138083016728867,25.979731126074515,23.188611949272673,23.26862461988592,25.09374942862784,23.815168590721377,23.393317500461887,26.309718072203225,26.271014412134225,22.952773448901148,24.650862639033193,25.81849549898715,23.522647018348273,23.03796124056383,25.374417037940937,21.025860806347954,0.0,22.969218131287953,25.215340920686216,27.01123772564113,24.783251121349142,27.4890429026224,23.27559683995145,24.421145137592635,21.374014497938184,23.4551925252294,24.29790269550474,23.770764902834987,23.74508516360912,24.136139729703125,22.5903144035226,24.484870736248798,23.62578897453508,21.722046837214975,24.648579727712985,23.777515979714764,23.764212887421078,22.860058831934175,22.95469282826973,21.374489635759808,20.149757618093485,23.516013387680857,21.4246020413748,23.4350090150703,20.757964090016863,25.389711054954564,23.79401000071816,22.062955358669885,21.505676979328136,22.395291114313977,24.054546367049337,23.057895281599563,24.421217910506122,22.50577253840459,22.250033585018798,24.454844553576507,22.101296872949128,20.990380427458597,23.60124570083032,22.136049907498453,23.19768257992566,22.38386011578806,22.25167596549823,21.332403610961197,18.563224489908237,21.62264005502349,22.685127679956995,23.56493793998332,22.030425125546056,24.924054744874404,21.6408711067261,21.604752410349843,21.44337692731191,22.404406747253645,21.826088404287738,21.886739210935822,21.207404420891624,21.941446671688944,21.673603383299135,22.622644325151107,22.02327992778778,21.99649379925111,21.966110416506748,21.700273609882245,21.254934555995504,21.85961588947564,22.009377651687476,21.528512351888725,21.770117320676334,21.652675319196266,21.576609907499904,21.798101283363547,23.112069992254096,21.41013160864951
photo_velo,23.93935008212063,26.046839796242658,24.109405970751617,24.969832620732653,21.71963328895369,22.31594136248291,22.993573785966955,22.255401452716715,21.85463900361594,24.935258167856794,25.734540858176793,21.419756961317717,23.1057219498263,24.130630977441808,22.642016213152594,21.91307719655375,24.47546498474089,19.92363718116119,22.969218131287953,0.0,24.71854193305071,26.38865474853766,23.30574582770023,25.61270268843726,21.532913533282667,23.79101159166997,20.904292935630007,22.936431267308627,22.55934041694095,22.92683311265947,23.22511069122031,23.41750954117164,21.31368689816438,24.01083787226173,22.75019162666698,20.845465863667123,23.680571574926997,22.484027204750653,22.840238170613517,21.900289320724017,21.734958410372883,20.8041735703897,21.36419139647756,20.37654398012372,20.67127444331433,23.299014765800983,20.36640354223959,24.142037818511323,23.354249550051865,21.358050683236712,20.43108745346851,22.014640619234623,22.723058696029543,21.82321185844565,23.11918320339482,21.578336155713053,21.37313433990601,24.001981351197944,21.90563548999789,20.964287812084855,23.379605941520165,21.568327970436076,22.204566281476684,21.325042345628013,21.394290423142667,20.589251665802664,20.835547311927858,19.08974571239234,21.8377373596361,22.9305928232337,21.314551033003838,24.097304173484034,20.005499585499333,19.984350995182332,19.979939633305733,20.67738232345689,21.095769516598246,21.19143305740693,19.998047752194363,21.209567385486462,20.559369561355922,21.307327411889627,20.387924459823054,21.3853604094054,21.153797139310306,20.260977081123,20.09686991561125,20.572842733494795,20.65415366109146,20.048958549144427,20.948217163710453,20.13513940874396,20.024659842781368,20.520141070665332,22.042654705609813,20.14813086661316
photo_road,25.962479416975437,27.294457007201373,22.466764708216708,25.88289546441569,24.524208025441034,24.82761064287061,25.435462839811258,25.1459042992145,23.85379846584637,25.686058752686094,27.265807692282635,23.559143080221464,26.21938731427003,25.97607819398177,25.06797805447637,24.676577669886207,26.87435154785858,22.827785343563317,25.215340920686216,24.71854193305071,0.0,27.851416754226143,25.10918041670426,26.936165126723917,25.335908763260072,26.733631177699834,23.444159137930402,25.476250267648336,25.919238457653833,25.350264120290102,26.168233427426088,26.42102093024081,24.25769044010344,25.764622282146828,25.626017371915633,23.949288715606876,25.74590455752689,25.227301050230928,25.076731230974662,25.286838663198363,25.06878889105799,23.68246021438496,24.729902052447937,25.73771276619594,22.29907022172904,25.613050508305236,23.850076595802285,26.86226937601382,26.414965687212803,24.67703962514836,23.803844208758772,25.148704816796574,26.189204255551306,25.45428440578115,26.387464156042505,25.0856690410203,24.62742691025778,26.03725851357841,25.068992104433587,23.968323187147284,26.186115613998094,24.54576931794976,24.912245489659472,24.745823027359318,24.57431623310092,23.6787448700865,24.236061706909165,24.425006659562598,25.188461975755676,26.08626805770574,24.04619083791349,27.001113970850856,23.918453298379813,24.00014974898823,24.0284771364992,24.25473923574861,24.407111060195735,24.37210535760329,24.194405634399615,24.34249155559197,24.51855280295514,24.230599724426902,24.24478102523638,24.50635909675815,24.126071524205017,24.165399511704386,23.935721124745942,24.27829973233627,24.395772204972094,23.955795539159823,24.232810519229734,24.088963202231866,24.03669956330061,24.42118933658626,25.370203622628583,24.17858481309562
