,photo_face,photo_profil,photo_eyes,photo_face2,photo_walking,photo_standing,photo_hand,photo_legs,photo_bird,photo_butterfly,photo_girafe,photo_fish,photo_cherry,photo_tree,photo_flower,photo_carrot,photo_watch,photo_key,photo_truck,photo_velo,photo_road,photo_house,photo_mountain,photo_windmill,drawing_face,drawing_profil,drawing_eyes,drawing_face2,drawing_walking,drawing_standing,drawing_hand,drawing_legs,drawing_bird,drawing_butterfly,drawing_girafe,drawing_fish,drawing_cherry,drawing_tree,drawing_flower,drawing_carrot,drawing_watch,drawing_key,drawing_truck,drawing_velo,drawing_road,drawing_house,drawing_mountain,drawing_windmill,geo_face,geo_profil,geo_eyes,geo_face2,geo_walking,geo_standing,geo_hand,geo_legs,geo_bird,geo_butterfly,geo_girafe,geo_fish,geo_cherry,geo_tree,geo_flower,geo_carrot,geo_watch,geo_key,geo_truck,geo_velo,geo_road,geo_house,geo_mountain,geo_windmill,word_face,word_profil,word_eyes,word_face2,word_walking,word_standing,word_hand,word_legs,word_bird,word_butterfly,word_girafe,word_fish,word_cherry,word_tree,word_flower,word_carrot,word_watch,word_key,word_truck,word_velo,word_road,word_house,word_mountain,word_windmill
photo_face,0.0,144.28220227664124,170.16523388965092,245.11378935120845,216.50373130258814,228.0609633261337,151.55898985713807,155.72724825699342,238.46956810560442,255.4025471509145,168.86582322178597,161.3504062085226,153.50543569863768,228.170809827759,224.24879505397317,140.20817351191084,229.01047687161292,242.6574749810648,252.4135037371781,239.94290979379366,212.5006341634268,242.81849436482315,242.24513461748285,242.38907822429422,242.73484670174204,250.29198618510975,249.45426777342365,250.90689393461426,241.3391531826141,242.51085935673686,249.809858776724,248.41026376388504,248.11215872573507,258.6551054351734,245.77309785036067,252.29531552943962,253.80964716215868,236.61937421593709,243.081040742058,237.16769892804177,238.96151334759537,250.06481808304886,169.01026542823274,250.68792798914137,247.63405381014,255.64173764817266,249.63762393771063,252.7752839033492,248.71510981667026,237.49899395937828,242.73484404064118,243.2165957742841,245.13237078269208,244.23814612201892,244.19974016918545,242.46997732312946,239.82241583719312,248.60412518917983,243.25838665787177,168.8351166095552,248.96615898193883,240.1853260154235,239.34588466193804,238.03671835793736,234.28155310913866,246.0630973278936,246.49680418789302,249.85973905113406,240.8766590703431,240.47669618335306,246.09712884433628,250.0399730078982,232.4922477933432,233.84833763442197,233.45905681289824,238.28696306237262,240.5817072239343,241.23444873171002,234.25719640599797,240.2358528044622,237.9281965881085,240.22845062852082,235.80411720254952,239.89889226969927,239.72716032161662,234.73056124279972,233.67496368192587,238.80258717553204,239.6896247595808,232.49268597192037,239.5531472193036,233.36771366822882,233.4193261455086,238.68620396734997,246.14604711849915,235.00392682331088
photo_profil,144.28220227664124,0.0,174.9018775693603,255.50986156255988,228.94854035603538,243.64931218848005,162.11698119388103,174.05534258199674,248.6434248868681,260.1726902261183,174.70341627521816,170.35178536902677,163.20989331366962,242.1005525092436,239.57752741778114,164.504726599319,245.0320968467334,250.77870174597706,258.4185649989798,249.05194539128956,218.582450511901,245.70866614058312,250.42273866306303,246.97162520188203,256.5263609821348,243.71134654523001,256.30401858145837,260.5154965354841,251.39235972920974,255.82062292436015,259.7293388363401,255.67572541140467,255.6022943846124,263.01963205754123,254.8758791763066,260.42360466513867,258.85231642563616,251.52618496637186,253.31667320759536,252.5901072563072,253.94185086441897,257.1660622153121,173.50778257691013,256.59507579987644,255.43392964285468,260.583880811016,258.29023369648183,258.65551887284033,255.67597166642278,250.35511157939035,252.14229378103525,253.40844159886893,256.6033734249585,255.51104425220012,253.3476650723066,255.52116828136556,252.18490896497326,255.66272076291864,251.47153543967335,175.58318937776735,257.0562682881181,253.21243127211227,253.54634175594737,252.19652210654058,247.75734996334145,253.99308229056837,253.59484798134312,257.15104164982415,251.3298740278981,250.15216995539666,254.92561891708647,259.0636487969913,244.48598413094905,245.92071218699073,245.2810658467056,247.96102381382903,249.67972532595124,250.52699797427334,245.9049273489557,249.77955312315393,247.1762889647979,250.08988441504567,246.4252939331049,249.3639805719669,249.32184410311743,245.78931242522793,245.07027336446495,248.5261009228434,249.1945028389337,245.23546770986636,249.04197487160027,245.41624964920913,245.05251182567972,248.04999671579074,255.85449086145326,245.74848712807136
photo_eyes,170.16523388965092,174.9018775693603,0.0,253.2775505001272,242.69772890076317,257.3961794785208,181.244293758856,189.48199444932328,248.51199081980332,259.12454699164755,181.56247664002595,167.3851885896674,179.404004598513,255.06548104665453,252.7507632719569,178.38819163363425,257.28364109744666,248.66150060237229,252.32363115509025,249.65591242309125,193.51221419967322,257.0426154634502,243.51109542833416,256.1913002550245,265.2962467741426,267.682700088777,247.0433782706225,257.904113640524,265.9521670849226,266.8658174620893,272.17105507602264,269.9720021501268,258.19457622455934,263.77065546529417,268.0577491803172,259.91675523109757,264.06045342625276,262.0102055801629,264.55659554183285,263.50619437507004,263.628670552362,254.76272125335157,166.11449243493104,256.16663626743707,249.36233861038383,253.59729807096974,255.51412225541395,268.2354188434316,260.62533917274317,258.8989546861777,245.54456984944818,260.3894815009548,266.11594379985814,264.81150706268596,265.05278248826085,264.849479197527,261.2741443034969,257.03340651325595,258.9773463708512,167.960039201105,266.9552451463754,258.9735729150548,261.01563803156785,259.6892703685363,253.77068814058072,250.0164073177509,247.50182038842473,253.29491928051226,260.37203341143595,259.5331110299397,255.82617434714874,266.36289622946447,242.3179090148161,242.3714304297028,242.7924075388769,244.1158997406826,243.72378635506294,244.20745421717112,243.1544133623856,243.88219118155445,242.2990876239306,243.9618352831231,242.59358996235193,243.18735317416923,244.07989697136816,242.3131879383061,242.05109676000293,243.56943341409186,244.0718332327217,243.05002589011679,243.29958526622826,243.3052631037307,241.87938244989525,242.74391583988847,250.84488287916426,241.7685659642333
photo_face2,245.11378935120845,255.50986156255988,253.2775505001272,0.0,174.73007187155247,172.95320632223937,235.75319221215423,218.13987481105337,168.4482069529353,167.80415629447225,262.216705424701,261.77715897414623,256.34612519782735,172.52679688787785,173.59086672561602,248.68513649452464,171.34594297738545,171.6317085999944,171.9311751123157,168.15315646062265,187.1840568718399,173.96559514471883,167.8308467735305,173.8356505869655,165.38195137952764,172.76130121740562,169.8157819509008,141.8948206150121,175.76169806062947,173.59784587607834,180.4872777059104,175.63403985127076,170.9165972058141,173.73816051692702,178.47443488797302,173.55057082255044,174.35438357953674,172.7325390105318,171.81313539347815,176.01976572838706,170.63063202290047,173.68281695485126,266.15989695068,172.23367710139345,169.64811201791053,170.78219171083248,171.29157572497974,177.24420007498287,173.68275528763274,174.13050868164956,174.69546082822995,174.8987271766664,176.5844818450852,175.85032610552506,177.36121656082008,177.6499061680913,176.36881954938036,171.51735744087637,176.37736931346492,262.07705822485735,179.28102769583612,174.62208788595856,175.509017657119,177.3609849639081,179.09245859727656,176.21959167655487,176.86419688282555,174.03192379893525,177.45035544215833,177.55796983555203,171.80045201063243,177.57117149164614,172.52737426499334,172.8761566352458,172.31525985325274,172.8860801275964,177.67511911456918,177.47200325691995,173.3013167631005,177.6772463707021,174.55175778487433,176.84099110702292,174.10978670372373,177.38639845869264,176.6594466180294,174.46007732422336,172.9244706414554,175.89824636688107,176.33924220500117,172.46230880529208,177.34772224763256,172.17936897804267,174.40024072746309,175.82048130371163,180.35166738926577,174.91070736678347
photo_walking,216.50373130258814,228.94854035603538,242.69772890076317,174.73007187155247,0.0,131.17351464969585,203.6396630317866,173.2615304612824,158.30962043457058,171.64816167106642,228.45832897381587,228.68446850872132,210.15879060630644,141.93984367863624,138.35262835220584,200.30836275416507,145.6749414565467,158.01284796129374,169.17397287680103,152.53288691165307,185.0370821237344,168.09546833086978,157.13203560567456,161.96915798866934,160.60194086015343,169.72693929198974,168.16322457287006,175.40434961022586,130.02521200563083,153.0737205858645,162.06298433398194,159.04986466916537,161.18087298883316,174.01176164268244,144.75893638116767,164.52461705571446,166.704082602061,148.36015260268857,159.8832818962273,148.308153554395,150.96890572002187,164.56441492445552,233.68265614986262,163.26561228688863,164.17546078596786,171.8901077110475,160.70158468763537,166.4810127176474,171.1344312983596,149.57622788019097,164.34889972928855,161.30887263279374,150.59179973814625,156.31546422546543,157.2968782404382,153.8261537563206,151.03345782936083,166.77446169427034,152.51660464705657,232.25308688664128,155.07031971379547,152.3193896993969,156.1530757484787,153.48776248491106,152.29689686888787,165.05138918502868,167.8998554081058,167.69547283709457,155.43394688881122,163.92728054751163,161.08446306309395,165.5401193475842,154.54628083354876,157.00711763907643,156.04442262444985,161.00495101776312,164.79694637282566,165.48840594929146,157.1080325750577,164.6481808834259,161.47820912792375,165.08336271479732,158.78291318881793,164.76558805377385,163.26865502107842,158.24908014798953,157.00640055057167,162.30539862863859,163.84066501164583,153.54324955507403,163.9605133262722,154.78997568165684,157.3490490190355,163.36987278485404,169.40985948817834,159.6905219936516
photo_standing,228.0609633261337,243.64931218848005,257.3961794785208,172.95320632223937,131.17351464969585,0.0,214.78294114749644,178.109758451383,161.65125547895602,171.51909810035943,238.53586387092392,246.4748183746538,231.8358716655895,144.81699275337687,121.27858733221531,205.03196012897686,133.0000628802886,162.25471927306327,170.26898646380195,155.0770455342792,191.22949315901565,167.32636466553717,162.56853632608818,156.24455086797911,158.78070499932804,167.8693226097274,167.86550057684462,171.77848815518098,141.32692923839642,130.7685261702263,150.24524210267697,150.45673138256092,161.90388942590843,168.3595603134887,139.89713853022897,165.06430028054945,164.61576252417726,141.3990513557009,146.8302627234679,130.2604702957321,139.19569079492902,164.94626256510927,251.639108310099,167.33516835078413,162.01574898135547,171.3394414053762,162.26840248187867,156.02172789273607,163.99966462718518,137.3507207132977,163.1436630519106,144.95285186313043,148.02192346664793,140.18570758062722,150.92251083300104,142.2807078412271,138.11823007812916,163.14208014822165,149.64261190820585,246.78062682409868,155.5144952274151,148.02462965701034,140.0523158580813,137.23270280666662,141.25238165573234,164.54203319052561,169.90853850070448,167.70680325943144,150.57858939235825,159.3654918772489,157.9203089078932,154.3211212706898,153.84862801067018,156.71444735182655,155.00235417735763,160.14044998084333,164.94369268906235,165.058794497373,156.68212450733193,164.4995713976546,161.28542314736993,164.50543979573763,158.90443703474742,164.64353903149828,163.11446592995708,158.5435695488246,156.90572974184224,162.40661619151558,163.53910025036078,153.01628491796245,164.19423202017532,153.60955475492636,157.49415540694383,163.1382143477675,168.1394425358895,159.7491964291996
photo_hand,151.55898985713807,162.11698119388103,181.244293758856,235.75319221215423,203.6396630317866,214.78294114749644,0.0,146.19490826436495,228.69178630647096,238.92628644639973,173.94649944536346,164.27320248929246,155.38592739346575,216.5827040922232,211.14553568668342,148.7545887747771,216.95583016890293,227.96491413519337,238.3463017567683,225.32243439508622,200.9494298912843,230.53435019858605,227.4409253364804,226.3180081804815,236.42521780031998,234.93594081779335,234.2088951188,239.3978293001312,224.7414107330489,226.37028756432537,225.9949357463508,233.4102485090277,234.97136731308214,241.6856022313442,227.69554918311107,234.40065948038142,234.22633820105932,222.87773574309998,225.10191327977037,222.99125467030757,223.48288066235915,233.04892699734808,171.9341248123637,235.18184668518936,231.54165324647616,240.5199871371214,233.36699548882675,234.00331084938452,235.85694145031923,223.20130379020435,228.62336607010383,228.49840155578343,229.25790829551823,229.29498568060885,224.06263040334264,225.84118440823192,223.84535182993238,232.10975958200672,225.36762279514744,173.90663565223352,233.01423621598482,225.53784024773913,225.51261344785013,223.37723046540756,220.77827718923746,230.83993789901285,232.02116954237263,233.87827718543394,226.84278035543332,228.40751525814122,230.64863619255536,233.15868172135887,220.80852036688057,221.8391674828106,221.67320499931307,225.7658712726576,227.86017108616085,228.44569929584335,222.32534916919198,227.7393133033417,225.42764244886817,227.5862528007893,223.07925298570493,227.54922308848393,227.07157936422445,222.51951170627822,221.5775001644286,225.95212394450047,227.31077108600357,220.53021695670267,226.9505789953986,221.3932448907557,221.5958776104054,226.41460928975803,233.0476563473646,223.06022189583427
photo_legs,155.72724825699342,174.05534258199674,189.48199444932328,218.13987481105337,173.2615304612824,178.109758451383,146.19490826436495,0.0,204.29685124681768,219.82051129956125,175.36771285758257,173.76845734820515,160.16241806319155,191.00030012448173,180.4499377797819,137.7108913602045,188.32561177472357,206.51754627255303,217.1199684838802,202.979201898605,187.6702567768397,211.28761794823674,205.96589439542572,206.09705328007112,209.91169308548984,215.93961455298202,213.9660651837411,219.87572554963532,194.18134016027614,196.8902920743052,205.448130383687,197.02267642406528,208.2930022778489,218.95300428658228,200.53380171097564,213.50704809034445,213.32542068951406,194.10411936469814,202.77293103072918,190.5367783254037,195.0524648540708,211.19903758699292,180.10655431799475,213.20604972744178,209.45352460711084,219.6873265745273,210.6563668250682,211.3865910918258,212.32094860841644,187.76574814495424,206.9838023354332,199.75377834531636,200.27043111066004,198.62666808059492,203.28249911005574,195.40778158317553,191.53399853353778,210.13567759772778,200.15388434062103,178.66677535691875,205.22184862242773,198.23723098830405,197.6519721116311,192.85918762144348,190.9613111502578,208.48296958343812,211.40931605691387,212.81032448661674,200.2943385130386,204.88592859030183,205.8949974369801,208.69355883843224,196.13816465424583,198.4287938985175,197.89171606765936,202.73538120956712,205.4486704364243,205.83832128304113,198.65799181149256,205.17180957838394,202.95180054438006,205.2472821399614,200.65880584558275,205.158742018638,204.66004701580073,199.73727650694792,198.4541895857985,203.55346830658206,204.54568881509906,195.58573026352377,204.5404376515407,196.7584114478649,198.43000436384898,203.97517892312035,210.2842345146175,200.41705282679155
photo_bird,238.46956810560442,248.6434248868681,248.51199081980332,168.4482069529353,158.30962043457058,161.65125547895602,228.69178630647096,204.29685124681768,0.0,156.70331439237236,238.43657343789877,228.15228947366845,237.92364850240048,160.63822474386166,156.24856495975047,226.39023300137643,158.40915304451372,136.90083695431449,155.17800769122204,147.9274646871297,183.6074107195196,174.18428814588148,159.96297751864955,168.98277654740252,167.678254062659,174.52354662989256,155.59258373133602,167.4354585311465,166.5395803755625,166.49776440904037,175.74436932531196,174.25907866017778,128.45578568279288,169.19953913218652,165.016696822364,148.17135331193097,167.64031088825794,163.92640701985528,165.86167289859696,164.60984773779222,160.54433440683377,146.8593484543191,243.32424676851954,156.62345020656198,149.67901141077505,163.0432031893532,152.11838992063255,174.2477549574185,172.7864743333071,160.657188237144,154.07235063767877,170.53100867845205,168.84678270038992,168.21899947626662,172.46178542269698,168.51774984769514,161.88582655046199,166.66123697130598,164.4779876781501,236.76123005563022,172.58215660384215,164.50569672729347,165.13124061429968,166.3474873253233,164.22870484286565,150.74922792326646,162.06280910578909,161.57852223998552,170.90432911036172,173.27352252516275,159.81823923166564,173.87215956968313,152.43510423316482,153.7813713531318,153.0027804759235,151.90855879680979,155.8620981339047,156.10221119490035,154.2087671991028,155.9936675064784,153.29803099295586,154.7347489510767,152.83942422455925,155.61831896829807,154.18750442938313,153.80663129753623,152.9427887326192,153.92420963813026,155.5197016990956,152.36620255323527,155.361624100697,152.5680753937693,153.67558269041385,154.6875035587163,159.5697225081333,154.81326172233636
photo_butterfly,255.4025471509145,260.1726902261183,259.12454699164755,167.80415629447225,171.64816167106642,171.51909810035943,238.92628644639973,219.82051129956125,156.70331439237236,0.0,259.14728252095694,254.12099721064888,252.24975782320672,169.14843645616705,170.68336662162162,246.62051143848763,168.76401860866787,158.94196300193747,159.8543369483586,155.6938438667346,188.3068121804969,173.757907345866,169.3086540241857,166.21304942002843,172.14992616691526,169.20846396645248,160.60615069089715,157.64236383139126,168.87963209452252,168.0425886498625,175.98456636569273,175.00133775854948,153.56348042859756,140.57292384496003,172.32675667606404,161.00838677205576,160.07647090566067,167.9184456096318,167.17554242022425,171.67182735560064,165.5190634057137,161.68040253707065,257.97237051231156,160.18190687630894,158.53381850488597,158.81991341473173,162.69398682710707,164.06874463704077,167.61101854379513,170.88774236472287,166.13256069178817,172.92666731109537,168.49208387863416,167.358482399085,172.1644904289726,171.0684230328301,171.28141499561303,158.28483520314438,168.82570249941782,256.12569245601776,172.28297105109883,167.7842446466718,170.54970528948704,173.00289698938948,175.06951064205307,166.96035442893216,167.67911047910044,163.51675038506758,174.71707816720252,174.12801993361842,163.65906690519276,166.4721327740145,168.0311565493089,168.56140821719433,167.72360474148843,167.1274140723387,171.4948053940935,171.93299050929792,168.97184315727304,171.37037419921876,168.7001375163529,171.48525895866655,167.74708761825676,171.84137915184255,170.0014644613235,169.28234540988274,168.3879350941576,168.99016570323008,170.82520851880707,167.85956482729281,171.05498174620422,167.7823081154635,169.47208004992186,170.58327382701157,175.0976675957377,170.27935027717194
photo_girafe,168.86582322178597,174.70341627521816,181.56247664002595,262.216705424701,228.45832897381587,238.53586387092392,173.94649944536346,175.36771285758257,238.43657343789877,259.14728252095694,0.0,163.63149801462652,168.12147047046423,244.32207908167834,235.1914925573512,159.44455067419364,246.0192322410642,243.80068457128985,250.85183036826137,245.0572376584504,215.28732062962146,248.13601849174765,249.31229850991903,246.49898682305218,260.48160220809245,262.0945946316976,254.97018232806067,263.4084681228289,252.08606119884746,252.09507308638703,260.7931791999594,257.3440139762377,251.83816438309378,260.9828327124795,244.57626241717892,256.5642199955622,259.80527519104,251.95497873243565,255.02737958708892,250.49164888987923,254.48779503970093,253.08401938850128,166.6817105853599,251.86459863736556,249.780747587108,258.73381951160366,255.43581012132017,259.1895739877798,258.5809050299041,248.36784234574242,249.74653445799163,251.94275550705214,257.06898561318246,254.52721708941556,256.06307889966865,255.50673933039775,253.14625675362282,256.8004512644301,244.2556969819082,173.38932806949543,259.67727373425,253.13072241843523,250.72537152105585,249.46497284460887,246.30283931015163,250.41822701198745,249.9718806202576,255.45885575724765,252.29939873826874,255.18489157070613,252.3560929551961,259.94345422031927,243.5009504405888,244.83578615473579,244.5477001840914,246.93112413916268,246.87431195509035,247.99341883100342,244.99996343922663,247.57123575863696,245.79333197690752,247.02890475348806,245.54638114950924,246.63926730225205,246.8699712781766,244.75893007545363,244.17015033137204,246.4641285723997,247.71408502028598,243.61515081726873,246.61431236736388,244.35720416084925,243.96609806431158,246.3055531922206,253.29794991122859,244.98274994872784
photo_fish,161.3504062085226,170.35178536902677,167.3851885896674,261.77715897414623,228.68446850872132,246.4748183746538,164.27320248929246,173.76845734820515,228.15228947366845,254.12099721064888,163.63149801462652,0.0,159.8819724577686,243.2138375828931,239.91329526134268,154.75962183724224,245.08589723100437,228.0780752060709,245.60519134836161,236.28979597458408,207.47357700080713,253.28279997067247,242.3179482967003,250.47132687740256,260.4883644918252,263.24351477826764,242.11715504785047,261.7880829938516,254.81091622299272,257.24599278277026,263.4998041552357,263.2092977237017,242.70182715402146,260.5546071147101,254.1967501796763,233.21246382791384,256.908474214576,251.24431416428544,256.56210424715096,251.97325725254282,252.1290176932141,237.19424034740285,140.62385253112865,245.49438753037782,238.8674671376214,252.98037674213694,242.3560776147555,261.98424526053,257.99609730143567,248.5395192592415,237.31613801812787,255.76068157668425,258.1970710497138,257.8471527806905,258.34053699048826,256.18494434456096,250.48606445087225,254.09802788140505,249.65956491162544,140.92479137864825,260.20244537611313,251.0363818678985,253.34162053844406,251.46332179512956,244.54302694355565,237.78012730772102,240.54183402653194,247.10990849647587,254.07480201575802,255.00999196957054,247.58958824663972,261.5283643263777,233.23524829927663,234.45329716909666,234.1116538747903,234.96887162293683,235.20321875420368,236.69126506254466,235.11818787597244,235.61068035733072,234.0024142002901,235.9886839081858,233.76250205978735,235.61920149642458,234.99439113323567,233.84499001496835,233.74738254157398,234.26224259554053,236.12457819681646,233.49881816889015,234.77107161732275,234.46191043355418,233.22841999189342,235.19381464259163,241.87511430183912,234.25100121370957
photo_cherry,153.50543569863768,163.20989331366962,179.404004598513,256.34612519782735,210.15879060630644,231.8358716655895,155.38592739346575,160.16241806319155,237.92364850240048,252.24975782320672,168.12147047046423,159.8819724577686,0.0,226.7658020815903,227.58447573461555,145.4729340157172,234.44574311687677,238.42469145494013,251.33483117947534,236.3593294397001,213.53340889460753,245.1879174651221,239.51947953005063,239.94515188819696,252.58167622227938,254.11235462018274,249.86313101927163,259.5231389592143,238.52765034669176,249.34140309318641,251.48709769871317,248.86343219827992,247.33611929106033,254.7986806674918,241.23893854912458,249.7017458307564,247.2767835397847,239.29018583931463,248.61988469917333,238.8747584136259,242.12162031299812,247.05768150275668,163.6451288242527,247.19457571813862,246.89088289679702,254.46726978469155,245.47134346130673,249.58392030401873,250.7290460603575,239.79871538913176,241.60385428868318,245.5034222833541,244.94826704717823,245.83062014900128,244.07775027412896,242.29317964259616,239.3366613476676,246.63660460271623,238.01862949486969,167.54278611521272,241.87681634359603,239.4255865569669,243.38449106462477,239.50744514159564,235.114605074041,243.9703230642176,244.3205341307569,245.8547603486972,239.36800514428106,243.7115419353875,243.71669884722527,249.27138545281804,233.1286917708123,234.87610866356627,234.42753080642763,238.89768501297394,239.98751628574777,241.10170343736408,234.94111702788763,240.2167712501922,237.5085562431434,240.95906974756073,235.7910581672273,239.71214125274034,239.6904681635925,234.96623618316886,234.36942453520768,238.36311576952693,239.81188011532362,233.15617297112874,239.27830110614678,234.1345670985707,233.82654756940434,238.78660053639703,246.53996277476455,235.49399878414997
photo_tree,228.170809827759,242.1005525092436,255.06548104665453,172.52679688787785,141.93984367863624,144.81699275337687,216.5827040922232,191.00030012448173,160.63822474386166,169.14843645616705,244.32207908167834,243.2138375828931,226.7658020815903,0.0,140.6651760148919,211.92729937534423,140.30593292804338,159.53572029845202,171.21456225825153,156.60728075287713,188.60224025032292,164.69811196439127,153.3181712771428,156.3413730218607,161.1840592611041,168.0114977765476,166.77696600652826,172.66900051163404,148.11316143674568,154.67476246715862,163.65879918269485,159.7018046596201,161.36227728677775,171.12093082203023,152.6945249118808,162.89626751320736,164.6300678338865,135.85443695905724,158.01701348423668,146.39345582598543,145.03249472521426,165.02319459541343,249.4634200944505,167.36263741524058,164.44031426200237,170.3395609305769,157.39392869937043,162.41168130901116,168.05209625801186,148.73955213242212,163.94671943489234,162.44476980803924,155.31494773823934,156.13492281358742,155.5491290472751,150.32989032065933,151.97317511669823,164.63912008973637,156.87760142080094,245.28687406066555,155.28333872252358,147.28278786125827,153.66953762663582,151.8710538870019,151.35537549993822,165.79584560683793,168.91346829624544,167.4675649504028,152.35512391417507,156.09103738866864,159.3037417963342,161.91314522507253,154.40610436377713,156.8753975142998,155.31276603751692,160.47899276169204,165.24415030993947,165.56013719252903,156.6782582831186,164.5976514011482,161.0555185903104,165.04616749562865,158.5045604623704,165.03016069176562,163.4064774509939,157.86682391425768,157.0809466209878,162.55307678638763,163.42651639588803,154.24571738553553,164.28106064922835,154.73272283933397,157.29801268701863,163.24234512163937,168.59976992744532,159.41029788454333
photo_flower,224.24879505397317,239.57752741778114,252.7507632719569,173.59086672561602,138.35262835220584,121.27858733221531,211.14553568668342,180.4499377797819,156.24856495975047,170.68336662162162,235.1914925573512,239.91329526134268,227.58447573461555,140.6651760148919,0.0,195.2889392711902,126.07653155991794,157.84028277521415,167.97175007897116,152.72532259375964,187.23130652749467,166.6129054416897,159.93818490476284,160.77744965663422,156.4906642242334,165.74573520254899,164.69402480479906,171.07573393500203,143.81615488661208,137.81386360390619,148.09076180884733,154.7134842515023,157.24951043632112,169.09717296511965,140.74170056415846,161.14275098358956,162.32438640616292,133.70387658195702,136.53508689026748,119.46876991631581,134.11644720880514,160.55990464877638,246.56525374952255,164.63963562589356,156.7545444354021,169.4171510254677,157.2899459221691,161.0594013382795,159.8484706219106,129.2564230236339,158.5688915745651,142.4717762929823,146.6757416957103,139.26564743838625,147.66752076215565,139.63279722637552,134.51665299585412,160.56571974039036,144.04281130769704,240.7096142784124,151.55601955821714,138.79684963578637,129.5187436401254,126.51400130337022,133.4990355913474,159.07036869175917,165.1817226751215,163.8791382589764,144.87351453729713,155.82557445861536,153.61877434054762,155.58218377715568,147.29257148069487,150.47630939170992,148.74103969508502,154.77432084188686,159.54947105230477,159.431691616295,150.20348273782227,158.8050709041385,155.76017542009373,158.88404369535732,152.98721917354018,159.16508325050214,157.73515693516836,152.22755881754568,150.5846586778815,156.97200773476553,158.05931091365582,146.7469489365856,158.5433987185816,147.13092307937947,151.25994496039047,157.49576233697044,163.11437093260386,153.63809404122307
photo_carrot,140.20817351191084,164.504726599319,178.38819163363425,248.68513649452464,200.30836275416507,205.03196012897686,148.7545887747771,137.7108913602045,226.39023300137643,246.62051143848763,159.44455067419364,154.75962183724224,145.4729340157172,211.92729937534423,195.2889392711902,0.0,209.9603379013111,227.66407598665532,241.69865304931722,227.9689677080514,204.81962697812514,236.72098667008845,229.64073008912254,232.47279757700335,237.070649440937,245.9664162637278,238.61207586089978,248.93904277477895,225.5137416141261,221.46434742517613,230.94879040827848,235.55896095056184,235.5545289670336,245.1539681181378,224.52176805383033,237.86115241474636,241.59423770751008,217.3904099327152,225.10174609070674,199.79731319419588,219.53577683550384,234.577855939283,163.44501803850312,239.92661451746997,231.49698793168807,244.3509074980438,234.8619210966748,241.32857203629848,236.05251852935365,213.27721621915788,228.4469439665439,223.7087281276279,226.8745250956595,220.73691381813637,228.70083938676385,220.16912322202433,216.2939971493595,234.71800387235803,223.39170164175715,161.07318921893443,229.420991990388,217.97046488976375,214.6621378246419,204.66745194387622,206.47305583963873,230.16441950436928,232.54218488273557,237.2010469787195,221.4783580179515,228.42437938000123,229.23281680763614,235.71860374266274,216.32749943801792,218.73421614882264,218.17186815357837,223.56103175108942,225.8703593277062,226.40450460379355,219.12330825357475,225.4043622952223,223.38852637787429,225.33515976974445,220.9185456343745,225.2614556273593,224.8034948089389,219.82641256192855,218.8525846991748,224.21517815269803,225.12721598929616,215.9842909185494,224.60525719547388,217.2543161601219,218.27560536007675,224.43958952398827,231.69254535073352,220.30043294140776
photo_watch,229.01047687161292,245.0320968467334,257.28364109744666,171.34594297738545,145.6749414565467,133.0000628802886,216.95583016890293,188.32561177472357,158.40915304451372,168.76401860866787,246.0192322410642,245.08589723100437,234.44574311687677,140.30593292804338,126.07653155991794,209.9603379013111,0.0,153.72106926644074,164.82747555194416,150.8180827613515,189.53556702513308,164.40690478796012,158.06127384770892,159.74290414546664,153.9089497813031,163.84625007555874,161.12872572527525,168.0643191775661,143.8722307917666,137.61297795940982,149.25139529849366,153.45600434520176,154.64667057976203,167.398473103055,145.50139282027982,156.5221741868385,160.3148075453898,129.72672888144882,141.6078183120396,127.34681760700913,113.784432103898,154.6281450053467,250.0418342247731,162.17115002560033,156.026746757193,164.52129448925052,153.76939143533772,154.30468097941576,158.35799155776672,129.60681186278106,154.23707333636176,145.78572636874907,142.7022445337982,139.8380259209948,144.54145036790229,131.6147994442842,132.90857574488504,158.1543903026541,145.28131341637473,242.91838848019822,149.05690672572788,136.94207001564834,135.7061707515986,133.84669992956682,128.50493612509607,155.34697353027605,162.90291154841734,160.14621216976767,143.257450136349,148.4248678506072,151.71494523897064,149.285509369348,144.18836901892922,147.43817994567877,145.70952775820157,152.03524248841748,158.20931768370906,157.74379458209523,147.63729720640148,157.31778556752639,153.74566707104165,157.21304169254336,150.75117765242103,157.3933578907125,155.5036331641853,150.34287010767366,148.0890643664858,154.93827307138207,156.15492923523664,142.66049578590844,156.84483508524931,144.38322975960278,148.9852704644626,155.73636907040478,161.50949392130545,151.5499466012703
photo_key,242.6574749810648,250.77870174597706,248.66150060237229,171.6317085999944,158.01284796129374,162.25471927306327,227.96491413519337,206.51754627255303,136.90083695431449,158.94196300193747,243.80068457128985,228.0780752060709,238.42469145494013,159.53572029845202,157.84028277521415,227.66407598665532,153.72106926644074,0.0,141.1484063409823,137.7010738165582,180.9358330822648,170.55522626814516,155.21360769965554,165.8353462416267,163.9775151037504,169.1738326289074,134.16327529553982,168.37845700167875,164.36120462771316,163.6838539252016,169.85854088493593,171.77197458012867,141.5079565038351,165.3546966399559,164.6368376492314,135.5591361848244,159.62926127543793,159.1300652633781,161.96040429755143,160.06001038279376,154.6132443017261,102.00172762178472,235.2148266405077,145.68025786519655,138.3118244465221,152.16643560445465,138.0233169016202,167.70887006434336,163.5121091568248,156.64691934618628,133.4997918836552,165.61208080966148,164.81689557403251,164.9224187465305,166.3519159825235,162.49904420419514,155.0590417538896,159.307773217292,157.69476215662624,231.07114520837203,164.98808305120806,157.824634573132,160.0248876847094,160.90801315457662,158.04796778462185,122.3160470570205,142.72558052977377,146.15041961872305,164.47982100719463,166.23695495668935,149.6316028461036,167.2585762841101,140.37554093594665,140.6216289208035,138.25811427309844,135.07958414727867,135.00703044620238,137.21703319583705,142.0371535210126,138.4212768947465,134.92546631408774,138.59601730797064,137.75947699585572,137.58334654952793,134.82879782630894,139.69012484573813,139.03067854261138,135.39922517219117,139.73554335841678,139.51486998617222,136.69206269303098,140.2180980537916,140.5415062386998,138.423321563067,143.0085940853309,141.4232435386057
photo_truck,252.4135037371781,258.4185649989798,252.32363115509025,171.9311751123157,169.17397287680103,170.26898646380195,238.3463017567683,217.1199684838802,155.17800769122204,159.8543369483586,250.85183036826137,245.60519134836161,251.33483117947534,171.21456225825153,167.97175007897116,241.69865304931722,164.82747555194416,141.1484063409823,0.0,144.9512616581829,181.28426631607886,169.07175271439107,158.99051032444743,167.55658742555107,166.86940400886684,171.9925252034736,150.52996044748733,164.21289082496202,170.49490463541798,168.25926617882197,175.87188694554274,175.11016092633815,148.90423079978456,163.38120447893206,171.60419124946574,149.7351691069487,160.38983278832524,166.94771074304617,167.99618254987396,169.2562464262148,164.03357962754785,145.0028483085378,232.30164584846054,145.44077557326787,147.89164112664955,145.65009434454106,147.95788941369895,167.76436050098224,163.81967085053603,164.87534595516973,154.8244874388932,169.9639217013587,167.6889051523758,168.4354549753535,170.53360317999926,170.61098680021152,165.5980313137157,161.1173772379596,164.81847960623404,242.4814241944775,169.5368315930655,165.33844478679154,168.0787576552677,168.50981791641505,169.40202999856473,152.35409700970496,139.54763521608638,151.33228528513945,170.7675476858501,170.47809319292097,156.63030331202123,170.4783925093403,158.34358814895631,159.43000938196766,157.79439375261248,156.58266268022564,156.70813707027165,158.01547329836905,159.0997801662597,158.61849808256179,156.28620451756836,158.60567437899138,158.28786536706434,157.4244365536712,157.50700612446363,159.3194106900778,158.3470255845765,157.75323432020122,159.9360162778267,158.56378745467973,158.11697470244388,157.9980360243648,159.8032653877948,158.62864039059957,161.02983694005118,160.33195299489603
photo_velo,239.94290979379366,249.05194539128956,249.65591242309125,168.15315646062265,152.53288691165307,155.0770455342792,225.32243439508622,202.979201898605,147.9274646871297,155.6938438667346,245.0572376584504,236.28979597458408,236.3593294397001,156.60728075287713,152.72532259375964,227.9689677080514,150.8180827613515,137.7010738165582,144.9512616581829,0.0,178.6399387052713,166.84349538893645,152.1833276036346,158.17870827230158,157.62523992327047,165.4415852324674,147.05427898668245,162.79139178722977,156.71192669225678,158.48434323283323,166.63802655502258,165.3318154244472,145.6970011553627,161.0647340615437,160.77156221552167,141.22308830828646,149.11720923038393,154.3694343568644,159.5097189985709,156.9546885333543,151.46387223957348,141.2865329476887,236.81245648316832,108.12265034566236,143.42887270258484,148.81180872683254,141.44048465959185,159.93133564381793,158.65055581276005,153.96070646119756,144.86336903158272,160.90551746234323,155.5593274584418,159.34292042815375,159.5531686526156,159.37322097378214,154.9748059156432,156.7328982172137,155.10280906733138,236.64084356867266,159.0665132417899,152.99884216502684,155.92016349746635,157.62610276215148,159.60364923929086,147.48902016881868,148.3732159975408,129.41531240792935,160.73646542014265,162.042490531908,143.51749132602293,160.293330315968,150.0800808044288,151.55764129752515,149.89226663397847,150.04586076331478,154.13121021306912,154.7331702095432,151.91517618816962,153.51421892114166,150.60008210457707,154.89410087011663,149.86088730447548,154.1565257889729,151.2953891690108,151.7460171934975,151.3059951292098,150.49036817213255,153.46278118345646,150.21080475186733,152.573846659518,149.6514553478419,151.91812646140036,153.15488209695775,159.296538847284,153.15034878094644
photo_road,212.5006341634268,218.582450511901,193.51221419967322,187.1840568718399,185.0370821237344,191.22949315901565,200.9494298912843,187.6702567768397,183.6074107195196,188.3068121804969,215.28732062962146,207.47357700080713,213.53340889460753,188.60224025032292,187.23130652749467,204.81962697812514,189.53556702513308,180.9358330822648,181.28426631607886,178.6399387052713,0.0,191.16699065528599,169.51117081905875,188.30209847887193,197.75987980547447,202.621679624409,184.00457829563598,190.92500947478237,197.71970551793945,196.18182549844536,203.9947327277255,202.75289169440563,188.04634875552014,193.59131511330662,199.33267986680877,188.11093741787053,193.1660269279698,192.28966563519987,194.2361702976207,194.765277849204,193.13179072035035,185.16880175597245,208.74794619576193,183.98773287037494,174.84008184133916,182.40361656059724,182.49130154272183,199.15771378028936,193.71158804804432,191.12462071281888,182.53921258126428,193.82354077656603,197.03784083026682,196.26576215772246,198.32422714549952,197.57417755752206,193.21763344041773,188.93008606808002,192.65316525207479,207.38231847978787,199.10306725629295,190.1793422846699,192.33581224033577,192.7414968325968,189.86762937374678,183.96853316893464,182.4934901071045,185.48719676346278,193.4046479803407,195.5737455613606,185.3584103719088,197.61461058104516,179.04505817693405,179.30878984195132,179.04792014041718,179.8055378779168,180.55838411061586,180.53504538325302,179.84531667627166,180.99115211191545,178.97198561183046,180.4647637379098,179.65064044896877,180.20093536873821,180.4497292173184,179.82304937807368,179.04243166638426,180.18763668910972,180.82778157358172,179.67759576170852,180.30166664379476,179.40920712793678,179.75470632819903,179.73340160524677,186.0324079132209,179.67320333672475
