,photo_face,photo_profil,photo_eyes,photo_face2,photo_walking,photo_standing,photo_hand,photo_legs,photo_bird,photo_butterfly,photo_girafe,photo_fish,photo_cherry,photo_tree,photo_flower,photo_carrot,photo_watch,photo_key,photo_truck,photo_velo,photo_road,photo_house,photo_mountain,photo_windmill,drawing_face,drawing_profil,drawing_eyes,drawing_face2,drawing_walking,drawing_standing,drawing_hand,drawing_legs,drawing_bird,drawing_butterfly,drawing_girafe,drawing_fish,drawing_cherry,drawing_tree,drawing_flower,drawing_carrot,drawing_watch,drawing_key,drawing_truck,drawing_velo,drawing_road,drawing_house,drawing_mountain,drawing_windmill,geo_face,geo_profil,geo_eyes,geo_face2,geo_walking,geo_standing,geo_hand,geo_legs,geo_bird,geo_butterfly,geo_girafe,geo_fish,geo_cherry,geo_tree,geo_flower,geo_carrot,geo_watch,geo_key,geo_truck,geo_velo,geo_road,geo_house,geo_mountain,geo_windmill,word_face,word_profil,word_eyes,word_face2,word_walking,word_standing,word_hand,word_legs,word_bird,word_butterfly,word_girafe,word_fish,word_cherry,word_tree,word_flower,word_carrot,word_watch,word_key,word_truck,word_velo,word_road,word_house,word_mountain,word_windmill
photo_face,0.0,25.654277158502037,25.514346521326974,26.041196122806166,23.192186889364496,23.544843119489695,22.800025834095898,21.816438011317345,27.017416753180136,34.37300031023937,36.57913731483111,25.75312370701699,26.80521281067548,27.9951623797518,23.69135805179523,22.636500956242187,34.488829387272354,22.784510993674655,29.08041755654095,26.897819361878312,29.482006335772343,28.795400202940872,34.0767395185598,29.6430555828391,26.482173990265633,29.276921873050764,26.480884668768073,28.207782174723206,28.49785124997462,26.680850194372525,25.554025970921288,27.128851146784903,26.046625214269753,29.583760810865044,26.916109403567916,26.920292450775534,29.576237918830643,26.858721514959214,26.40246589884983,24.462841454636404,25.22315405477296,26.382670454784,29.33516983351564,31.32885162387988,23.416345878356907,31.265398530373496,25.160756826263086,31.610412283409282,28.60001603895872,23.189737760640195,26.41689070824053,24.312311189532547,28.396821010999375,25.63040241062675,28.22505771138341,24.201328586050373,24.255903174495003,30.25565531681536,26.013050625115053,26.544756501950115,27.161240298602408,25.027753956473138,25.76738570608628,23.783659807034535,24.644539067433346,25.3681928605258,26.65940510027581,27.567681808315328,24.56905385895135,27.632994055060912,25.99358831906393,30.779469593497915,23.82821847034379,24.46108565729018,23.998641593907923,26.195349726204952,26.511433044920317,26.38977745229664,24.46185606393829,26.659082050239476,26.230477505583554,26.138393064882642,25.458840452061462,26.611759112048073,26.60774673567168,24.802704493921546,23.97338606333679,26.36227694904807,26.04061021226598,23.352561105256562,26.287347058971065,23.769498827771972,24.257066504699797,26.286541617285952,28.100070671076807,24.728215923241297
photo_profil,25.654277158502037,0.0,28.002257503583987,26.880283188753996,25.24071937238397,25.78569444578869,24.887280641331692,24.488826957783353,28.48916882218304,36.041509425530556,37.89553453787837,27.827950591422347,28.95511188535608,30.214039847566998,25.60946613800875,25.550725665601686,36.18290799335087,24.608759329914726,30.614599346323203,28.667310232837554,30.57609849364289,29.528646765389208,34.75757427278103,30.985638059294395,28.544541601154613,28.66445104244923,28.263682764326724,29.411693731212306,30.18350136272035,28.249127587176403,27.226710408781862,27.882608430146853,28.015154821576214,30.288440720760136,28.53178210027916,28.759459727743042,30.315491767540937,29.07741368426486,27.573096338445986,26.484105875544408,27.31249822436857,27.903063038931553,30.53800947355009,32.60833466842445,25.352169771647667,32.15964883819489,27.03157375593106,32.81909888827479,29.441208289222274,25.436428497210073,27.95596704169599,25.89080784382645,30.00593324834019,27.382717052145527,29.908982516484276,26.378740364434123,26.202508057391924,31.02338046020694,27.257424269947112,28.26606906137909,28.689193094242864,26.640738426725076,27.511289183680688,25.66069095597591,26.366126348927565,27.04146447576244,28.201611165438006,29.258884466772724,26.045313820545598,29.03243576405643,27.354461015943933,31.733125117370474,26.201100552103856,26.73895619388671,26.10855647964207,27.887750953118726,28.04783428702273,28.048961528804345,26.501554643064605,28.296905394677847,27.760396372477988,28.135393908203298,27.117114060638837,28.146028176339602,28.189498528684304,26.71343456100071,25.758102874115103,27.961845876450038,28.11220038257885,26.1195831262506,27.979573383337975,25.999949768616545,26.216337288259655,27.96545030565532,30.001861853462945,26.236094910566337
photo_eyes,25.514346521326974,28.002257503583987,0.0,27.07546640497268,24.781528864353508,25.124372400983198,24.636555906655992,24.122972791314805,26.746251099198243,35.52441170649206,36.79709157393235,25.99345476251465,28.036552159128263,30.13043611727249,25.222505246993833,24.48829494999803,36.20054598856699,22.416385468112257,29.81685459784832,27.091878200484693,27.92071715036882,30.476741349856262,34.112792442615685,30.386677651216928,27.986239535042127,29.78460128195298,25.391694804046356,28.280544782011027,29.85934875847702,27.88133098340719,26.833648706167345,28.152292476498623,26.05144508225158,29.759319994012245,28.384588171601493,26.951048452454096,29.55103267614621,28.315429866035256,27.428493923354182,25.97929041737589,26.279906458611098,25.382059978706245,29.11603301399546,30.78611599135674,23.678968773059662,29.90178937322129,25.35340064325059,32.534297955528174,29.210194981899157,24.50098523911385,24.497796712295955,25.665641937276376,29.99462782518999,27.043232192455907,29.295321509728858,25.195154258231966,25.488397125727165,30.620898318377396,26.77454285760537,26.262495686260593,28.444286710463587,26.115388596288692,27.28871659657629,25.184471197588625,25.853955366680225,24.574997565260563,26.660295030417917,27.17902634638214,25.759319291861154,28.425910496256815,26.437846180564673,31.782125630467622,23.772479493798674,23.793043218648656,23.950083042290515,25.187211914854842,25.88294082001302,25.24450510370635,24.344177207753095,25.359915306913134,25.218546974764628,25.436866568831498,24.657954780964797,25.831554610399287,25.309249178626747,24.244170795181155,23.648452128378306,25.266906435722127,25.03649728345716,23.86892022800564,25.232338533021167,23.942800340997408,23.57045605226558,25.449448482709293,27.094936207676806,24.040533291343678
photo_face2,26.041196122806166,26.880283188753996,27.07546640497268,0.0,25.01054150008066,25.02181654856643,23.666443268570966,23.99552452774303,26.591381026722182,35.181688796717836,36.442953109088364,26.497856576533078,27.841198669366694,29.206561432841934,24.931997603722426,24.44056431366388,36.204364781653126,23.667795205113233,30.4552243646975,27.823685801753353,29.85113794172156,29.435943468274242,34.46661495098439,30.78415602697149,28.005175491078827,29.99388110880057,27.140269969681103,27.34583166045093,29.603674992432673,27.619667562128463,26.853188134621767,28.03131077166888,27.005651042664216,29.405470907151972,28.225309196810816,27.944185844557154,29.953395304147254,28.40437196548051,27.45765724508133,26.207838207251964,26.63923168099085,27.138769481325372,30.22859698372786,31.831602647689532,24.26834895071987,31.688478104772628,26.128890620076465,32.23512657367522,28.947223065366057,24.553527090545604,27.36903411801422,25.228657475849623,29.367414655435176,26.924477087647073,29.16869006344394,25.68071822097765,25.820824645019545,30.243535742016714,26.93119898996142,27.064202865876467,28.585715393546504,26.091451494862596,26.710570431836235,25.33132008018446,25.921981213953575,26.002201833736887,27.30650803232281,27.846710604186388,25.630109164434778,28.645713694692937,26.509345933980885,31.294026009621774,25.139732231807415,25.34404506831003,25.2337430803541,26.78862890509814,27.4014027245204,27.095535474144626,25.77502934053325,27.617630287497647,26.899767655045178,27.27584128052487,26.602582579016776,27.436858719324828,27.471122587354312,25.81451552025701,24.98337413848105,27.305377802255123,26.97874218657389,25.028652692134727,27.04248717833552,25.29880349200366,25.337042676198593,27.220684168271884,29.038051617382987,25.687962468584512
photo_walking,23.192186889364496,25.24071937238397,24.781528864353508,25.01054150008066,0.0,20.59083638113343,21.61497467243778,20.187588821267816,25.159470566654875,32.39174085139938,35.37950806394677,24.48632609427762,25.351153885981766,26.866711319877098,20.420775703611504,20.788349332050778,33.329891956593904,19.60744460976659,27.619208293012374,24.772228182096576,27.432469161258194,28.068018620387225,31.820684819254435,28.036593084765713,23.995142574743024,27.088161884998776,23.723666571065518,25.460009740283944,25.235093412270746,23.908325639352604,23.007248668179777,24.451613026873627,23.23596633128627,26.514266772274407,23.792562825661406,24.066079107310117,27.132575945157587,24.44452834691244,23.674847261862237,21.573409397235935,22.02492008849,23.48722429144187,26.91469798815742,29.20768782738474,20.17959341023553,28.81075565826198,21.844452241679328,29.24042611600755,25.85183622112715,19.634768989857793,23.853597169752355,21.2198741992695,25.610876418412868,22.800082700890606,26.064445950405204,20.94547883305873,21.348594626947683,27.53987341054044,22.538966168473426,23.481245129147442,24.58835373403131,21.354164299465133,23.019710965144732,20.541646047092353,21.232193353488434,22.05691008801148,23.89409397192218,24.878550706952392,21.88321836272965,25.52051594259571,22.974338905386634,28.41794341305431,20.745069867065848,21.115920041321743,20.884186160449104,22.982867048593295,23.434877760052817,23.356796150802086,21.33381122183829,23.726701446916053,23.300087569688465,23.157600612563698,22.549751982598934,23.735283390811144,23.627476356184392,21.607114133255326,20.770799125796106,23.5198448295562,23.114943391123543,20.552228429554283,23.209994250511826,20.676102335663586,20.85838493578892,23.489598510977746,25.544228291075903,21.486008299791358
photo_standing,23.544843119489695,25.78569444578869,25.124372400983198,25.02181654856643,20.59083638113343,0.0,22.228260171707465,19.94077375491492,25.806362776130182,33.00653241840916,35.08332322245307,25.0129455676148,26.15377408530762,27.24378195142559,20.195089663866195,20.39829351495147,32.81880262825424,19.95640315653849,27.73066051885902,25.468422779526296,27.825844870376397,28.310532006630396,32.12106605953154,27.885983098576176,24.995606703855746,27.49818951351602,24.238326908263808,25.869014726885414,26.496298711939033,23.642503951842077,23.369174878905,24.499384602783195,23.653977106488153,26.128460906635347,24.23504016233006,24.956331618047688,27.418926711018365,25.2356372009942,23.717142543808023,21.42050113322725,22.79689618190766,23.97549812697902,27.461198701827698,30.176623023148945,20.80141369054645,29.384296427063145,22.741151654837847,29.495042647494593,25.805795208280227,19.44693800095222,24.393077547346895,21.152471753374908,26.010659012104767,23.048644049581892,26.14040749853605,21.56344554902451,21.499683665520763,27.596446278743496,22.19581158012491,24.238417729525626,24.98033989494362,22.01073579985856,23.027150508912815,20.250422655602303,20.73416557146862,22.491437705987572,24.34161043977152,25.75318105390143,22.081183805543795,25.45294370665542,23.08251267448458,28.551768191361752,21.421161833873015,21.8867163071914,21.30013893178511,23.4034297108176,23.925218002002822,23.90237030359973,21.770695022648862,24.32562599881723,23.787980964750716,23.62049183210215,23.035715675764795,24.06054503623265,24.24603987204004,22.244196295422,21.187848283509684,24.022853259269393,23.785803018060008,21.185312300108485,23.81986938041024,21.218084230104974,21.481344683169056,23.91347955817476,25.83164730343769,22.13591370180478
photo_hand,22.800025834095898,24.887280641331692,24.636555906655992,23.666443268570966,21.61497467243778,22.228260171707465,0.0,20.019781558544487,25.999236590125438,33.55119069528642,35.65503323226137,24.267413770997777,25.465978879652752,26.655127131299828,21.657653701378443,20.704924267366998,33.882380303179126,20.955985079991574,28.539445392463698,25.15351372845717,28.00830849153065,27.2882899390612,32.880266531014904,28.482076564330875,25.443378576204605,27.67443190027542,24.516597668383053,26.18663896556503,26.793100476510542,24.81538935311796,23.049045012215768,25.097483263739456,24.51962032859153,27.6410683975852,25.318032279126477,25.255062053680277,27.94686058328008,25.353475069199586,24.445830544141813,22.738567670963157,23.342496684365774,24.622582677177515,27.779026173936515,29.641421264904604,21.205513471701778,29.549802525950003,23.31040299622437,30.003954888544467,26.85582221502483,21.366196085549742,24.489528598619163,22.380142372353454,27.04822696730541,24.097697712937805,25.71452806777584,21.942426146436517,22.417729066202146,28.381845948009705,23.83284373324658,24.76661701390621,25.63586501658139,23.004038828176164,24.028781981807796,22.092819580427303,22.402877885989206,23.51444477695892,25.06850209693893,25.75219198840161,22.577080274050992,25.800743607145105,24.030882935982955,28.87627333993867,22.335491814578806,22.389534190406515,22.255565763564135,24.29221169055529,24.57068940537801,24.495169551011724,22.519508981650027,24.993333709445004,24.43902869014301,24.492716852309847,23.70255410794174,24.743604273592492,24.749253160044194,22.991492337240476,22.049298199412792,24.548564045720028,24.381876363757204,22.0124440914122,24.441089548436437,21.997681605089948,22.156513653622053,24.576044258454047,26.471664630451883,22.74758284367014
photo_legs,21.816438011317345,24.488826957783353,24.122972791314805,23.99552452774303,20.187588821267816,19.94077375491492,20.019781558544487,0.0,25.268439946764087,32.212521666996906,35.385376626177674,23.79515493839533,25.048455793133957,26.43718032934361,19.571932134604385,19.492678474704835,32.75266158509445,19.48606508722069,27.676204275162824,24.66707292392444,27.59067826767375,27.41000809506622,32.168847199381894,27.76430443548392,24.24015463886652,27.097866607014918,23.490173526809723,25.672439403096316,25.797408867556335,23.771820191643705,22.727795631392958,24.209285683656308,23.287231596030907,26.329994414351077,24.474287495770575,24.32932506353342,27.331866322406206,24.571829662021706,23.752879206277907,21.321331344809476,21.90164379445431,23.438783488359583,26.991317852157213,29.521314544998063,20.04582361485501,29.09261435040904,22.141244658364524,29.447832749571198,25.475390357203544,19.27501400194805,23.734130260831375,20.999824368435874,25.916300264205805,22.573985393848638,25.70192357561191,20.565350084740718,20.661112267074305,27.362295101637372,22.35623857328975,23.619575185487875,24.408937073872032,21.59054915435172,22.6858432561505,20.160476946241516,21.11952925122645,22.029033992349657,23.91559090727071,25.270293065945662,21.494298833388033,24.993589581115366,22.950935904264952,28.36402866668957,20.84733958852435,21.24227579094503,20.873121264845604,23.06299866356347,23.397676107440688,23.269695996814995,21.393010115193043,23.59848764079218,23.31452168995928,23.183920297117307,22.41960824962919,23.63063256738941,23.563656800418773,21.64528404267549,20.55990893693425,23.349227644116162,23.1808693344863,20.432229988148258,23.204151316323607,20.86207436781602,20.89048806832423,23.446346360244526,25.373449435727306,21.42280217161072
photo_bird,27.017416753180136,28.48916882218304,26.746251099198243,26.591381026722182,25.159470566654875,25.806362776130182,25.999236590125438,25.268439946764087,0.0,35.02278843846035,35.77540731169934,25.910397125228894,28.864530758328225,29.992255349462177,25.467981225155626,25.16090920779859,35.7399208769463,22.424086173751427,30.34223321851383,27.526286489896975,29.346921865188374,30.89194758744441,34.33772022462616,31.618098760909724,27.441075901485434,29.78601844554647,26.48490432095526,28.215817770281642,29.531778545268022,27.67977296581405,27.04203078775099,28.399644347910804,25.65427405220493,29.840546567866653,28.107546462155934,27.08666280054912,30.633026085154732,28.378220206112776,27.51688285638835,26.200159020319127,26.196107864516723,25.576470640124416,29.39478851577724,31.284656276067064,23.681964682780105,31.08283956990055,25.329245129937355,32.38191767114641,29.30632418956851,24.979627958838385,26.198225059650426,25.556708406118943,29.751150237803696,27.295714325498853,29.4201742584568,25.53407128799737,25.147821441815843,30.67065298128567,26.617999392296152,26.802174227739457,28.62264534477736,26.036412536003546,26.969313501797885,25.350858409243045,25.625085242045454,24.271411631182918,27.169549769729343,27.74950488703129,26.091846006407717,28.704590947786368,26.538061841243,31.594482721208934,24.079044588331413,24.517683522445036,24.178734122857026,25.676156663540134,26.261089680598253,25.847555446304295,24.79351133735054,26.45656430944177,25.91569652304033,26.21879493255655,25.19701351799835,26.210940669446607,25.998679115594577,24.506996194848362,24.025675579076193,26.121268388776844,26.030416506044773,23.928238643717737,25.874370434914194,24.202018524383178,24.15297143636808,26.080541438991492,27.932285347786415,24.65959847745576
photo_butterfly,34.37300031023937,36.041509425530556,35.52441170649206,35.181688796717836,32.39174085139938,33.00653241840916,33.55119069528642,32.212521666996906,35.02278843846035,0.0,42.7023120311927,34.99112565748622,36.00804230864511,36.43945774726178,32.95650928709293,32.71936308204322,41.86361137728287,31.474970762837838,36.531199419721794,34.51727788089004,36.08173700807393,37.71966190434434,40.028181280517174,36.68612662489427,34.6608324943929,35.812955154728485,33.70201316245281,33.82246143528565,35.437405001669966,34.483522697340575,34.1510850574662,34.87805359222945,33.135983600008544,36.204133773534465,35.04311534101123,34.463429378317805,36.64018490243172,34.970966752508545,34.41163700258424,33.559388908543816,33.51550524679814,33.54235109652945,35.67990345275504,37.26609046261275,31.60984347687287,36.66425154040982,33.00151404882051,37.07613400641897,35.592516906503036,32.450647190412404,33.71106041501362,32.85161906540379,35.54019227519871,33.73616452801019,35.60689994607841,33.03758907112858,33.013387878550276,36.48291628005077,33.81425052196567,33.96378133595263,35.39719445567614,33.0385179322299,34.12545905835686,32.83652098591519,33.387235552385896,32.731569619091346,34.12390837667344,34.83277818009408,33.228187293399486,35.514435428917245,33.555397588787145,36.92972000287196,32.063942960891985,32.15101978161185,32.20483731450685,33.338417741556434,33.65768142134342,33.624102519461246,32.4145561429772,33.677485475414116,33.35595102590253,33.47171506160299,32.87772007630382,33.75877970580639,33.540159993911594,32.42448452463645,31.840307798449626,33.68320657397568,33.383545478190655,32.02390497362596,33.47322949323627,32.195231851351465,31.861623483737542,33.657285023883524,35.12690310214054,32.41712568513937
photo_girafe,36.57913731483111,37.89553453787837,36.79709157393235,36.442953109088364,35.37950806394677,35.08332322245307,35.65503323226137,35.385376626177674,35.77540731169934,42.7023120311927,0.0,36.21074821993624,38.102822208645705,38.69012073103723,35.10629952421261,35.327490152341745,43.09497892931251,33.827526107377416,38.79131114453128,37.23988302930574,38.660329123445266,38.99345021584002,42.07908670980947,39.74465030897903,37.05293694518506,38.62360278865118,36.383179959019174,37.66248308670941,38.293049747066966,37.2241351292598,36.04480564873635,37.48257311753597,36.261647792517635,37.90120616663136,36.98565525593108,36.91497911345538,38.52759342546957,37.44631786109037,36.86048871033676,35.82146203643581,35.76637817511758,35.87071597067991,37.69974485408187,39.91981917344723,34.57430090822883,39.8640777244997,35.616847588240695,39.83072513280442,37.73132508713252,35.10655706520052,35.96908892606482,35.19236838443716,38.183983783860754,36.02704510516061,37.937125112836696,35.15116019153554,35.61256528994013,39.05576200564908,36.133138171370376,36.49002014277891,37.31065856368846,35.87987368691676,35.7989979406311,35.330121422723465,35.651138900671036,35.3200140839753,36.070104596973934,36.7686941069382,35.75165384958411,37.8240542915418,35.68480920244519,38.97605376447648,35.1879660749527,34.99822953576733,34.77775594532464,35.92218510029172,36.25899665366751,36.088544325864284,35.20414611366874,36.51435246191125,35.99203381827994,35.95078947456971,35.726619611466965,36.27072427943132,36.29784650177107,35.044759486755865,34.692643538498686,36.2271110687245,35.97360148999575,34.77974895797245,36.136554134395375,35.050557980843294,34.816099151737504,36.03055394968534,37.432975361938844,35.20923093597377
photo_fish,25.75312370701699,27.827950591422347,25.99345476251465,26.497856576533078,24.48632609427762,25.0129455676148,24.267413770997777,23.79515493839533,25.910397125228894,34.99112565748622,36.21074821993624,0.0,28.32066023363593,29.27869410159163,24.829375216951888,23.375700692728437,35.51464886170457,22.0203500575688,29.374593557584834,26.48275077726207,28.289870360503034,30.147597716855465,33.83398924084836,31.3842527749276,27.69927355258221,29.569783752001975,24.971295412025988,28.250387257648484,29.485668365376387,27.47941970495534,26.77282469926875,28.102892984527806,26.005038757509052,29.50097602038135,27.67582038497243,26.182011339910083,29.853467856632026,27.967459847289593,27.10358686254532,25.5827962769187,25.62004883809711,25.33232050248209,28.6719807003639,30.79574194784035,22.9270376978737,30.80347544506028,24.752772613243188,32.41720487218623,29.02514752029127,23.9797772215212,25.188640756544,25.231587524851466,29.7252081135306,26.784556792574797,29.26157036563541,24.98350911750651,24.85879902924587,30.0685511741908,26.1061226647387,25.60076293285501,28.18477822400798,25.439800782616445,26.734715673422706,24.663480415452362,25.120037878823513,24.242465178332097,26.500423658730952,27.298983660252237,25.493806232806072,28.361616496042192,26.02938338657542,31.4778608405438,23.600400164708763,24.22278724981776,23.64807022587874,25.263652328327233,25.41115645556639,25.385109190202744,23.938851408434015,25.473556959460645,25.008550021563828,25.706838944688418,24.550543982248524,25.586699933744878,25.436929878933512,24.024904343457013,23.354849168265144,25.25986837400234,25.283240811679114,23.429786023170234,25.29468775540125,23.486095153941456,23.610199630236202,25.350338677096765,27.386054688343105,23.962438070311613
photo_cherry,26.80521281067548,28.95511188535608,28.036552159128263,27.841198669366694,25.351153885981766,26.15377408530762,25.465978879652752,25.048455793133957,28.864530758328225,36.00804230864511,38.102822208645705,28.32066023363593,0.0,30.632400302091597,25.92582763657627,25.876410603049873,36.465633911335864,24.82080988111567,31.019094885327434,28.70331332453683,31.600377834757847,30.78368922918643,34.78695164288653,31.29284057342667,28.895295932755232,30.974106954242433,28.020990450259585,29.882093280953804,29.90740549107285,28.710726101611534,27.68107824508934,28.5455798379897,27.78569929110128,30.690334540894202,28.848691592623297,28.714891551214816,31.31099938872268,29.013387748416452,28.801155380103175,26.691769523004545,27.247550503532263,28.10210562845074,30.1871738484142,32.62177626404819,25.656689526993063,32.34142859081608,26.899240364511538,33.156912996281086,30.077488119975822,25.79603270389266,28.119428983957235,26.57930145681962,30.179122273143747,27.886373633586796,30.266741246863987,26.281382244755296,26.552462153968794,31.20315763628844,27.24450670193093,28.3153964583234,28.948445979526984,26.730493591021347,28.00343476542846,25.796156381979948,26.672981836636993,27.061607812907344,28.264845726081482,29.369848290331554,26.270138671847732,29.276972627090284,27.987630036041306,32.422641950271576,26.07556874434979,26.17226596917561,25.891061722912177,27.576530483722294,27.956888645091315,27.677104828647852,26.40580650807905,28.085788727195137,27.623352708675423,27.815063480178853,27.230893556787944,28.040994424731867,27.952876263375952,26.453063472088576,25.574045754278064,27.812480909295424,27.591950509868262,25.777488989226757,27.664409301870286,25.980067626859977,25.71867470205726,27.824134372171397,29.79604294287151,26.398993231264974
photo_tree,27.9951623797518,30.214039847566998,30.13043611727249,29.206561432841934,26.866711319877098,27.24378195142559,26.655127131299828,26.43718032934361,29.992255349462177,36.43945774726178,38.69012073103723,29.27869410159163,30.632400302091597,0.0,27.03967045296459,26.67386507689916,36.2253046030671,26.608031170078156,32.4612275171896,29.977393134224812,31.913907588277194,30.44735903012487,34.85548719439925,31.54413660702639,29.46861787536739,31.53255152952946,29.561083714299944,30.08899089624375,29.82605735228113,28.879335203112284,28.58253144422164,28.88073939659886,28.508053268015527,31.161972058102204,29.158032898171047,29.318729520517902,31.332352244631803,27.980252858546248,29.141452672510155,27.329256202509644,27.629935855671594,29.32243144000761,31.738995856215894,32.532380124309746,26.701350813279745,32.76189645607552,27.486943020725302,32.74006298955923,31.270574996135757,26.62375142457567,29.454557123909364,28.146953317241582,30.280545747563647,28.361605340287596,30.508394506061933,27.284700578839487,27.464372311108455,31.596964751789223,28.47493016038195,29.506073283089144,29.343451735088948,27.09609848457582,28.382937100774452,26.938437614549024,26.963752073165168,28.356787993103115,29.74026695646778,30.190452259757144,27.706911914429966,30.277407947841915,29.062888378593204,32.590940224385584,27.208711022005303,27.64988400045588,27.218614582779583,28.878755802784706,29.142028239314513,29.331781906622567,27.525229304008526,29.740275757128053,28.975511644129853,28.96643633119811,28.467500683795198,29.197883800148507,29.458492969118268,27.728635207927514,26.94630464037397,29.546019390682144,29.355605830595383,26.897421263790967,29.384332922546584,27.171052438070014,27.332498976887624,29.144574880860368,30.73032495553053,27.90620356266252
photo_flower,23.69135805179523,25.60946613800875,25.222505246993833,24.931997603722426,20.420775703611504,20.195089663866195,21.657653701378443,19.571932134604385,25.467981225155626,32.95650928709293,35.10629952421261,24.829375216951888,25.92582763657627,27.03967045296459,0.0,19.257063157355176,32.4952994922157,19.823790882636313,27.748025440035487,25.459359544445764,27.889468049094763,28.27431681457133,32.40572027509483,28.389389672456996,24.58066878679247,27.376224857162725,23.84765935087972,25.82814515824447,26.172181381435205,23.454053860696092,22.381942398579124,24.562090746901735,23.453065740900755,25.927073544438613,23.979552768812272,24.516723829690438,27.50279492958417,24.510101309368338,23.394437987383967,20.91465680150264,22.376963953606143,23.592476981640488,27.14799720666525,30.076573184915638,20.036535704262015,29.248051820786237,22.312442813039528,29.827617950027303,25.27542261771284,19.39801426247192,24.100018220397192,20.677593347320823,26.06357160465221,22.69220565330244,25.860253321718865,21.3785617109727,20.95163498618844,27.05055774705932,22.106461922413427,23.843690800229464,24.700890962683886,21.34791148055459,22.014736916869044,19.83310014359562,20.41383740634682,22.112084616899523,23.863513227779755,25.473964198690645,21.183572070098908,25.25874860498938,22.83366952888858,28.527951300240225,21.097492081243427,21.355177490055002,21.158515775466405,23.178096783350725,23.76211020482637,23.36908996606412,21.767302743018078,23.94208721811877,23.55315725115396,23.619232101937534,22.86154662212495,23.846349887158663,23.695506495763105,21.65355836297266,20.983799810694073,23.810763980637617,23.29267315057567,20.86643523294373,23.340605876761856,21.138411416867118,21.142583350566138,23.685871085870897,25.604961702182443,21.818882273736868
photo_carrot,22.636500956242187,25.550725665601686,24.48829494999803,24.44056431366388,20.788349332050778,20.39829351495147,20.704924267366998,19.492678474704835,25.16090920779859,32.71936308204322,35.327490152341745,23.375700692728437,25.876410603049873,26.67386507689916,19.257063157355176,0.0,32.24126225075607,19.957196452842304,27.871506662907183,25.17210250515878,28.096677964341293,27.92031960681691,32.409871855689794,29.11888614920549,24.88550365380419,27.647669052361262,24.162710882335283,26.204216680879533,26.295097912838997,23.591765737718436,23.07956808114143,25.028783634504652,23.578100827822336,26.744082991552403,24.316357366776074,24.81386662605924,27.857191089514362,24.871851018325035,23.780377608570557,20.204378406443386,22.855248201702864,23.734883301838604,27.304693066612895,30.09534789402279,20.38758321200091,29.50321711808363,22.656407146219987,30.3204277091295,26.16884437627228,19.90050944744993,24.247520384170922,21.564258415848904,26.39988153516212,22.891990470534953,26.262809631031722,21.66496045949495,21.348868785575007,27.80101144037739,22.55168824054748,24.20336462495203,25.003742219073004,21.770691871448403,22.77028709593403,19.961274350971003,20.89191803761651,22.40416483393304,24.320551398007236,25.782204543489144,22.00531419833448,25.261886683759478,23.452164384623277,29.163241342665476,21.15824349999771,21.789928416684475,21.40366392788742,23.519904640415003,24.0178273940193,23.828794700313047,21.90659024817514,24.136245235189843,23.79452304323431,23.83803101675631,23.04851852492738,24.034256069088567,23.99925967079309,22.241314041220157,21.125877455493058,24.033817578686218,23.694878791238605,21.17610939343859,23.700509719587444,21.13305722847821,21.370867740208475,23.987504790816224,25.90053169323293,22.02862425077589
photo_watch,34.488829387272354,36.18290799335087,36.20054598856699,36.204364781653126,33.329891956593904,32.81880262825424,33.882380303179126,32.75266158509445,35.7399208769463,41.86361137728287,43.09497892931251,35.51464886170457,36.465633911335864,36.2253046030671,32.4952994922157,32.24126225075607,0.0,32.724443208749605,37.62167302308387,35.99575631429014,38.03815532140847,37.796015584516795,39.930449130306165,38.29721337069359,35.18379388536197,37.68801061061389,35.44346018043258,36.30895469715793,36.339517545343575,33.93433759869439,34.41280119326182,35.39226958282297,34.52381530072895,37.07159837417764,34.95206201349081,35.326359398987336,37.527370124478914,34.66211295809081,34.46558722971467,32.55504947705294,33.5245258748803,34.72768098068938,37.51366136239986,39.22055902026261,33.07360072977282,38.70064416284909,33.87542127561358,38.75371235362686,36.89323826195272,31.962322320550637,35.237695223899244,33.6200534953898,36.21000745519705,34.105040437028244,36.19059215141224,33.159229628795586,33.229633806089886,37.04012613165167,33.87448074992233,35.15481905729244,35.18385058013445,32.99618830789717,33.23231317713834,32.24958504128127,32.20971374377618,34.011753268597374,35.53972172841226,36.10494555381989,34.036921692995044,35.396765764650056,34.7142960455767,38.066413822222046,33.118400703602,33.44499900415021,33.17424093904617,34.48562707576175,35.09430644086375,34.72267361940925,33.41312556160109,34.950294538182284,34.71752000890983,34.76467153935444,34.13592283858767,34.85727549070001,34.89880098093103,33.62242035784825,33.224409737591074,34.90998094339426,34.59066009184554,32.961160650407614,34.866717117081706,33.04619415679476,33.428669230484815,34.657806908952,36.26851650728095,33.84328699164779
photo_key,22.784510993674655,24.608759329914726,22.416385468112257,23.667795205113233,19.60744460976659,19.95640315653849,20.955985079991574,19.48606508722069,22.424086173751427,31.474970762837838,33.827526107377416,22.0203500575688,24.82080988111567,26.608031170078156,19.823790882636313,19.957196452842304,32.724443208749605,0.0,25.687960277888752,22.668995094633512,25.565857888533223,27.228112441560754,30.938987964137958,27.303259378410438,23.411420470702147,25.334598751980383,19.83379637092015,23.905386192988857,25.45937007535206,22.97622383721861,21.695515433534162,23.481368571800697,20.93265735120925,25.12576298872153,23.435793277046592,21.820458717369675,25.689025823781336,23.992948623747232,22.349229632531447,20.41532174843157,21.12920947032974,18.68284537224763,24.96813414725534,26.994391547031938,17.139106178806202,26.33801073350169,19.37730327619397,28.700183870902496,24.070969133677504,18.346961130792415,19.964012268166236,19.7037562872137,25.72900640507963,21.981829516109297,24.543441560196538,19.5159446532521,19.277604317421662,26.17889435360148,21.299180497166365,20.72573051254371,23.606935834491484,20.77993398988276,22.038956607781408,19.144414656632748,19.835184423693928,17.524625733779224,21.26580064914048,22.620260755589836,20.080742356952104,23.542110555925277,21.21891016923218,27.44910278446952,18.145796602667943,18.378462546868093,17.785768277072414,19.86987726904433,20.167665468006692,19.66292392142811,18.436594188894688,20.414592254770984,19.793621222533165,20.425342407899937,19.50333597879403,20.36761096998888,19.833997908044775,18.23055536266353,17.735976174775026,19.886701282501722,19.946823427756403,17.845647045370868,19.716229866466104,18.092139967488112,17.9538577548027,19.928368239225893,22.3026309839851,18.548120144755202
photo_truck,29.08041755654095,30.614599346323203,29.81685459784832,30.4552243646975,27.619208293012374,27.73066051885902,28.539445392463698,27.676204275162824,30.34223321851383,36.531199419721794,38.79131114453128,29.374593557584834,31.019094885327434,32.4612275171896,27.748025440035487,27.871506662907183,37.62167302308387,25.687960277888752,0.0,29.502935472893764,31.549900149785508,32.113532271004225,35.770416914268864,32.96572373105502,30.06109850985831,31.335678482372565,27.73158787696284,29.69932327603738,31.88375862152413,29.99928790832404,28.78393619809842,30.057886776486864,28.787433686268773,31.35096007022715,29.940568818210565,28.553423219935073,32.06159346887973,30.26954591198933,29.628020993568636,28.250535262541028,28.67429041736324,28.041697414569306,28.39048949594745,31.468177015410802,26.208529398912294,31.759493116127075,26.292586762460253,33.92930450647579,30.573177319194834,26.74610850378104,28.111028665697624,27.22736849386056,31.596757044321535,29.00404811785513,31.669624061630728,27.654895729435143,27.874152534113907,32.3800566577508,28.00750677733915,27.654799968446568,29.960872507533573,27.79564077988182,29.404448186420286,27.487386188325985,27.967947239957002,27.56697067011315,25.84387842552961,28.970695418133413,27.757937329563337,30.31453378480433,28.320130541816532,32.87094851806156,27.442043209638943,27.37677705088312,27.149983984271245,28.77588793990154,28.566931962764297,28.24684231972007,27.122471205620755,28.704232597021555,28.343685603445003,28.823701138403415,28.23578551212611,28.586045987015797,28.440964519997625,27.513489471394756,26.893026668970393,28.409179895899342,28.410166908753194,26.94218454385209,28.159191665052496,27.275462900462447,27.15808305483873,28.54999270948763,30.171746986045196,27.32595851333678
photo_velo,26.897819361878312,28.667310232837554,27.091878200484693,27.823685801753353,24.772228182096576,25.468422779526296,25.15351372845717,24.66707292392444,27.526286489896975,34.51727788089004,37.23988302930574,26.48275077726207,28.70331332453683,29.977393134224812,25.459359544445764,25.17210250515878,35.99575631429014,22.668995094633512,29.502935472893764,0.0,29.183343978084906,30.487482794015897,33.43222609067995,30.159062808472274,26.838231534766024,29.49364260452745,25.731779302169596,27.805644975162625,28.849488506412982,27.541777116966873,26.697402993078526,27.867075148293413,26.003844375683023,29.50463369469266,27.79278249478853,26.227911360528587,29.924818956670457,27.86970754848842,27.272249402205382,25.85037849246777,25.899828246466182,25.90684286875923,28.418077742983794,28.917626890113524,23.542078935138704,30.087417234385022,24.500437261739993,31.584782038989463,28.83975105892214,24.474149453678052,25.7316893241782,25.293574090511523,28.85906891717991,26.336611033124633,28.89121027331109,25.14367611238563,25.32500800335742,30.456511095356102,26.475382445584376,25.91838353134041,28.204207430581114,25.57201093746432,26.833789845131648,24.868563169385695,25.58616627076482,24.980414519059366,25.99987620406404,25.93002132539919,25.412692327396748,28.171366417154108,26.09335846169141,30.97027166112432,24.036307494138107,24.233218657019197,23.887817751053113,25.678090641310515,25.85680017428737,25.805977241803884,24.350872212331677,26.080875330447267,25.393743479468135,26.247465802684093,24.838967429376645,26.042153969548377,25.888390396510758,24.482075396645442,23.7732662964259,25.38471590588543,25.64428731407762,23.82180688199315,25.477697791165095,24.128038755972927,24.012140000860814,25.473866898713847,27.734817861221533,24.274066829260963
photo_road,29.482006335772343,30.57609849364289,27.92071715036882,29.85113794172156,27.432469161258194,27.825844870376397,28.00830849153065,27.59067826767375,29.346921865188374,36.08173700807393,38.660329123445266,28.289870360503034,31.600377834757847,31.913907588277194,27.889468049094763,28.096677964341293,38.03815532140847,25.565857888533223,31.549900149785508,29.183343978084906,0.0,32.57789907550391,35.281358940441685,31.831490834881514,29.88103238875784,31.933257017726916,27.507840690260895,29.97063260955152,31.61304853230478,29.674104974801757,29.416809867943957,30.484670062746293,28.567003314161877,31.296281191170966,30.268794294292185,28.509749626663716,31.334580866677946,30.19138784263222,29.225370528523996,28.76643975016811,28.57460897903536,28.12221266168592,31.058295614159466,31.784250912753613,25.4166111921711,31.82048841996489,27.40551657940536,33.941477936842084,31.08686495097032,27.417057482134506,27.996202672792997,28.25997251258674,31.79160512378603,29.57696452207821,31.53172328635604,28.14727747219472,28.1745965310065,32.43159862125268,29.176403706063137,28.243026535102686,30.653780026558564,28.47950470061007,29.346505014362368,27.860503362618616,28.12578779102998,27.432916314255962,28.752540905159268,29.008559116870877,28.38339362396629,30.664527978551845,28.22008136467662,33.4624569123312,27.40580698777116,27.431504571011093,27.43517532049069,28.52062565399193,28.629230125438184,28.66483742410438,28.010492274290485,28.830873548266798,28.73469304977791,28.447529080305955,28.126445402847374,28.774178182432507,28.494462461842833,27.749670364348624,27.030815522719436,28.60025849796224,28.46640029359612,27.208898917527325,28.460988476561912,27.574345289064343,27.2194142798666,28.721869307455407,30.47747212858609,27.826011873689826
