,photo_face,photo_profil,photo_eyes,photo_face2,photo_walking,photo_standing,photo_hand,photo_legs,photo_bird,photo_butterfly,photo_girafe,photo_fish,photo_cherry,photo_tree,photo_flower,photo_carrot,photo_watch,photo_key,photo_truck,photo_velo,photo_road,photo_house,photo_mountain,photo_windmill,drawing_face,drawing_profil,drawing_eyes,drawing_face2,drawing_walking,drawing_standing,drawing_hand,drawing_legs,drawing_bird,drawing_butterfly,drawing_girafe,drawing_fish,drawing_cherry,drawing_tree,drawing_flower,drawing_carrot,drawing_watch,drawing_key,drawing_truck,drawing_velo,drawing_road,drawing_house,drawing_mountain,drawing_windmill,geo_face,geo_profil,geo_eyes,geo_face2,geo_walking,geo_standing,geo_hand,geo_legs,geo_bird,geo_butterfly,geo_girafe,geo_fish,geo_cherry,geo_tree,geo_flower,geo_carrot,geo_watch,geo_key,geo_truck,geo_velo,geo_road,geo_house,geo_mountain,geo_windmill,word_face,word_profil,word_eyes,word_face2,word_walking,word_standing,word_hand,word_legs,word_bird,word_butterfly,word_girafe,word_fish,word_cherry,word_tree,word_flower,word_carrot,word_watch,word_key,word_truck,word_velo,word_road,word_house,word_mountain,word_windmill
photo_face,0.0,29.290696025859845,28.528550570854446,29.848567846915937,26.909463920123113,27.322211565197104,26.229349796724602,25.375608085881893,32.45135583912951,43.33121079372935,48.41921271015236,30.66233529371097,32.21446703750944,34.150377358358,27.462516978519652,26.670106079445176,45.945422842989224,25.73716430611711,34.94443707548292,32.60509182936586,34.77089678119325,33.69207136267274,43.09742996332426,34.60498557704545,32.3994801244122,35.17143218789832,31.248546946573093,33.56573054697557,35.16235428863277,32.36961143802083,30.00784964245486,32.621949117120415,30.26222847301254,35.312993654836106,33.054475351406275,32.354760984331485,36.034495842961,32.6843746374611,31.8697783388611,29.08987656629038,30.258048925675663,30.969998175281358,36.2148144667031,37.814750935587064,26.791437869901255,38.52250051335167,29.436836160469202,39.277747464622784,33.7866550350283,27.248483353289124,31.361632356339747,28.38878643456626,35.21855820771974,30.7779364368389,34.51617088134078,28.578508836001898,29.184637020139398,37.14235436192333,31.368120047203206,31.70796394094378,32.53639461652791,29.91452361803658,31.290499452474247,28.081336748938423,29.19138762486783,29.534461610988863,31.89897199175351,32.897023346622156,29.14979346053416,33.58891035130327,30.820991305893042,37.59428240058448,27.63363046763004,28.442168169119608,27.840752486738705,30.64296129985225,30.75717317217302,30.68884784263055,28.62698748158232,30.94211803902762,30.434123181024194,30.469381410322427,29.54948323748699,30.849583801224558,30.94396228977993,28.78022815282504,27.552656377881103,30.651475719923706,30.345496822848204,27.177467730748276,30.440311607981666,27.59940133361703,28.14224198075937,30.772749728692055,33.227906736419534,28.88560502256571
photo_profil,29.290696025859845,0.0,31.206456564238096,30.895294294212466,29.00121631773389,29.639079573863263,28.515481984409927,28.08011901902574,33.925211517307964,45.3656691064335,49.81984293692184,32.780346861300615,34.5728532495851,36.48084370990654,29.361324049682622,29.861458554682603,47.460722505640696,27.561751953127754,36.54904151169263,34.15765652498986,35.87529689265561,34.83406593451796,43.7037425865033,36.2566370853124,34.3345783407845,34.967068199322156,33.04095816147345,34.944891867226694,36.75780707892532,33.93986539898218,31.554418482499816,33.38699609498215,32.203422724913715,36.21569989281485,34.615036354232025,33.96618061339495,36.947930575693505,34.72807967400576,33.09099692664811,30.931875075375707,32.23599377288127,32.5507210096842,37.3598424318733,39.11193993469987,28.685761062142298,39.4545070781419,31.222994000704574,40.60077389728366,34.825516117537425,29.348144081941527,32.89116299958966,30.032317726525246,36.77776901560854,32.41900276318048,36.150918967190435,30.676883767026332,30.88116502609515,38.15558867080122,32.79480247814687,33.342338870456345,34.18357258183639,31.3901141544592,33.083260575231044,29.989676334206088,30.957638518219074,31.35882324159365,33.39808612632341,34.47123531094519,30.526393011170594,35.2157217719527,32.194908493378236,38.75995437476331,30.00711248384264,30.618448444815925,29.946134707767165,32.32279099848514,32.371781975158726,32.431459808343014,30.633007547719938,32.664721939014434,31.99848899877637,32.61892889223034,31.232887598012304,32.44200120537819,32.59453336660385,30.76735486568597,29.299542243281497,32.31073773939813,32.53617888721,29.832702667846647,32.23751438415521,29.800805540085282,30.11292612495893,32.53124093109298,35.152129417946945,30.303580600958394
photo_eyes,28.528550570854446,31.206456564238096,0.0,30.723097948423984,28.20650205782857,28.592454319409587,27.867261441485166,27.274109824512102,32.04249047526579,44.889452810318275,48.66276810935802,30.841260059212875,33.21808124196403,35.866677321366176,28.584608549594225,28.14198359960118,47.21389378466907,25.366890796803784,35.73721011754104,32.624175257329284,33.47316728266301,35.055560012264884,43.02611920322246,35.18437157787911,33.35209535131338,35.49195259624257,30.325569715620603,33.47384237178349,36.05484981018159,33.12308552357536,31.048052013282568,33.22335177317045,30.165589297715975,35.60996481627305,34.02535130317653,32.28764060286174,35.89488759931478,33.771264386416505,32.65001537849047,30.108942347113757,30.93022231397352,30.11556816555376,36.06969755746501,37.47554659764573,27.03269104761209,37.35661807363316,29.534582504877534,39.972713116442804,34.25767960796842,28.15914315045661,29.74656084094396,29.33879643075999,36.39018471520385,31.72468501175638,35.16844191726385,29.239292022596658,30.024861082173636,37.54437530506854,31.909309960514154,31.350850274501774,33.55006959684357,30.65429163084969,32.55128688356559,29.08370937268803,30.094496987979223,29.044058980188282,31.8100502642078,32.46982779242444,29.952702827182573,34.0685277051904,31.148250114538516,38.43873934294772,27.391620784609955,27.491970081659378,27.54448360526369,29.554261883099677,30.167536488603435,29.679554303099906,28.185192443597433,29.755408718505908,29.34419961819439,29.79544366676138,28.875036766064262,30.195992502243556,29.848026424453888,28.22979098573513,27.08120303922518,29.58882634369663,29.37789213555082,27.438401928465254,29.625183128502556,27.548606234273663,27.41298770065766,29.83268788616724,32.07498399732683,27.94414804193988
photo_face2,29.848567846915937,30.895294294212466,30.723097948423984,0.0,29.318799346814124,29.34381159999969,27.64383685058984,28.00406648372935,32.63936315318426,44.88330089668687,48.850905906632626,31.89581744335116,33.725133827608815,35.84837392585123,29.067130142034763,28.878228173649124,47.90627396356806,27.332135251622688,36.925785467954974,34.01391004009148,35.80956464913897,34.81488694343464,43.81717992261113,36.46530417487257,34.1864272211734,36.28474940081372,32.53900792873791,33.81279158260317,36.578365200927934,33.744548984904824,31.902026618745804,33.905436999326994,31.884409344340824,35.91352888539442,34.76483203465238,33.82227822895907,36.986134919953265,34.71851396758591,33.511747971623215,31.2051869680372,32.04759343886909,32.32776724875698,37.5514863996931,39.05699537601244,28.307933616738026,39.57914690933262,30.967581808413783,40.452873349644435,34.7320094397336,29.112276001615694,32.99303566405392,29.823999287405144,36.69706635304505,32.4672908977732,36.0344437620007,30.50822859049125,31.074270404268646,38.25221192811656,32.91732284579578,32.829716284376396,34.46502209152716,31.57078052253729,32.62886956584545,30.1759844698759,31.11386581080406,30.93656183778524,33.10761286180753,33.7281512871147,30.666065897988272,35.16827478225157,31.908220295840533,38.797946324656714,29.453805159511926,29.802683839756668,29.632915401322293,31.753129140964926,32.288994137011564,31.98196392042296,30.461963643061168,32.44852903653833,31.7532099093032,32.22833629196676,31.30676025722706,32.29489098058426,32.34008224326672,30.382949489894678,29.174839846143392,32.23541478132509,31.840488624849662,29.375753847190367,31.779736066728763,29.745118196415348,29.736652741606417,32.314077632420194,34.71797190926104,30.23262801749476
photo_walking,26.909463920123113,29.00121631773389,28.20650205782857,29.318799346814124,0.0,24.64716539499122,25.427853873433246,24.32034121719865,31.05600875902771,41.62456447912575,47.644877636580524,30.043184560729596,31.270164027641435,33.292148850094954,24.534273024003973,25.493599873102465,45.136361620809595,22.62358048743045,33.74245601119803,30.86279020185515,32.84536027769606,33.28939564787163,41.416114075488466,33.00724763082401,29.996643629877877,33.04151717708273,28.74966545173158,31.018288582452946,32.42677178284791,29.778982218773947,27.477860623247363,30.090530654752932,27.647442015792457,32.684478587655775,30.275238455506106,29.765645926574802,33.9256801085781,30.45573552951568,29.48078585307204,26.457039965258563,27.297150123488446,28.223789888513675,34.0542536427742,35.892114869572445,23.65103561099159,36.37684455582684,26.469027132251426,37.18796417161784,31.233186760030282,23.80569341322376,29.128250843794824,25.460493793098472,32.842444225742206,27.985233966815553,32.5576888645362,25.60464766963721,26.44784131475899,35.091574846627246,28.369445244990356,29.024446177432534,30.264833680115753,26.699814616949528,28.911253189939995,24.99374291871005,26.094834622361223,26.543043514487135,29.32162860267749,30.256280573008237,26.647360214552915,31.541999507028805,28.099604978951696,35.699390164136375,24.761042354154693,25.298630212740967,24.78340757470425,27.59039458083706,27.919998190707997,28.006771508900737,25.57161035315551,28.293241033619466,27.596719412556904,27.725106298298698,26.861319961112738,28.201411797012504,28.161667268864292,25.854923810204408,24.518772451446896,28.023895434658993,27.695214077760788,24.433013859236997,27.6788725463689,24.700995185764462,24.94590864529027,28.118607059521786,30.83399296464447,25.682073015122626
photo_standing,27.322211565197104,29.639079573863263,28.592454319409587,29.34381159999969,24.64716539499122,0.0,26.226611040021275,24.137483760724773,31.646590265847777,42.028116058912545,47.43656915436156,30.303960460543347,32.05771184718175,33.71170159065982,24.463161574230426,25.253608817856215,44.79435455023291,23.086217207834007,33.74929293054186,31.268079600785608,33.162693834344594,33.5827956925984,41.13946059420523,32.91468745708744,30.73223222658153,33.3928519870502,29.22158614833721,31.429803625083792,33.28870166723568,29.923236968985112,27.939936659619487,30.126067158260945,27.942286394543977,32.400231097369726,30.63534285018988,30.36410675970388,33.999626974574326,31.147789076092593,29.55005520808566,26.59262533237187,27.8720592088267,28.76280249907986,34.50125388667963,36.60228912629396,24.32041723659725,36.89412588710663,27.240914193386875,37.57424704952645,31.26062774091141,23.803029055106304,29.52582201612473,25.5086198903878,33.08065121418457,28.568702841806765,33.09681542602378,26.102804242219623,26.6490712579312,35.048737156585744,28.1097883494686,29.57514695377562,30.915227563466953,27.05852104895204,28.79278241389356,25.051545161705974,25.520388400910537,27.057225822382488,29.745744376350657,31.16366968062221,26.87806813699303,31.59971627956992,28.27021423393602,35.79887164251991,25.373475958579156,25.949224430410787,25.1915704865886,27.826191815908153,28.30773668413258,28.39254897405251,25.928154109729444,28.9980194365199,28.107383355957715,28.163473274197617,27.27566183813809,28.52001036913778,28.797354471143787,26.351239090429154,24.955515501571814,28.423279454081204,28.20059260077648,25.01323795349198,28.129900776189874,25.243523585366532,25.531260315710323,28.47379672427488,30.995694632174345,26.289482977311316
photo_hand,26.229349796724602,28.515481984409927,27.867261441485166,27.64383685058984,25.427853873433246,26.226611040021275,0.0,23.669879606180135,31.577267643192727,42.78252765334644,47.91166458888522,29.39947254287703,31.151924695161508,33.13151794533355,25.49320555419217,24.91962850464789,45.70963941378755,23.863149194393852,34.54787866964333,31.263585697512763,33.459112370209226,32.495289880424025,42.1499142699654,33.776866342973335,31.470719896933748,33.910848656002166,29.63553434904813,32.00263884152693,33.82744379249751,30.927788026187798,28.02762299918396,30.934344690542304,28.877735799645723,33.85316206206837,31.769322833829914,30.863825294784476,34.827032886528286,31.429292848573336,30.366538170202702,27.677328427508556,28.748318510615377,29.447762801145267,35.04344937349823,36.63852641338631,24.667294432837892,37.330462602431915,27.812456302975445,38.313806857274685,32.32001952198486,25.634676429127893,29.876717150960577,26.638113435991755,34.37270970902773,29.49423840221601,32.881490714909674,26.749475517768484,27.493512205375872,35.8398351629558,29.611713934862564,30.186963546913862,31.39907574842531,28.055956320788816,29.974464376802345,26.971599433259712,27.382301270720067,27.946932822571412,30.48658631710812,31.298167795395905,27.32422721804093,32.28415373389612,29.203111790289906,36.336205773324615,26.291698804325407,26.715823532245917,26.223849222348726,28.926732452019404,29.16455733815531,29.1090163067261,26.853937896846052,29.603641943309295,28.871774328435905,29.221090681712504,28.081915176315523,29.288845242059644,29.39356413833184,27.21890686688643,25.81963008792534,29.25808756184105,29.001264521543415,25.995726808646335,28.963923502403148,25.94254762295906,26.221979631155236,29.36390674131665,31.88344651858157,27.10455481208845
photo_legs,25.375608085881893,28.08011901902574,27.274109824512102,28.00406648372935,24.32034121719865,24.137483760724773,23.669879606180135,0.0,30.992582346264115,41.25493995858777,47.67045508025289,29.059025786946833,31.101798288533335,33.13512207990529,23.606503760036308,24.370993970315634,44.77180366797771,22.386724661702754,33.70642659076836,30.72661150816084,33.0134081020222,32.65354974708552,41.51455436615251,33.073049685182546,30.586751233662635,33.29368113289602,28.588282797972965,31.411309709226547,32.98645424765955,29.97707385333537,27.569981676936155,30.177424632714768,27.687744932896706,32.759329429406534,31.07636063508952,29.968790260613517,34.2748067425446,30.76740750813072,29.79789624428545,26.336257349004338,27.44380458411368,28.16196829690757,34.095518937026405,36.283756204969315,23.558271561914253,36.773452841479745,26.67080193754876,37.52316009232508,31.163116778140196,23.753590973155458,28.966225498803812,25.552143384087227,33.25515664594112,28.10575620071373,32.42024884851673,25.378217237698603,26.103368157916925,34.9118680763029,28.261961981751462,29.150762488384398,30.253748769771803,26.894891504759435,28.698493459838062,24.995369739833627,26.131789662392393,26.506363064971612,29.32050471714651,30.727669733060118,26.371119762436617,31.383734322563612,28.206482547876806,35.68691922101517,24.840803539764284,25.46046017043419,24.80404213000296,27.595188463804867,27.87371820079751,27.802669896378394,25.70247883772293,28.154860819895386,27.676815313523402,27.76494133142633,26.709980669544315,28.102583096472166,28.149672806453644,25.79614413107804,24.312471656395463,27.889631959336857,27.721876198041684,24.388677393800783,27.629519353990723,24.854807700664313,24.960811463276357,28.114312251174393,30.602117689789203,25.642090422692203
photo_bird,32.45135583912951,33.925211517307964,32.04249047526579,32.63936315318426,31.05600875902771,31.646590265847777,31.577267643192727,30.992582346264115,0.0,45.93708878090572,48.994923615034466,33.13992491471142,36.08787660431573,37.651950143147815,31.20115210419726,31.439440660903706,48.33644024196704,28.17496927953309,37.981306778233424,35.20150347748733,36.61019729190167,37.45834658774199,44.67316268134947,38.10625075427345,34.87587475853905,37.11662035417411,33.43895006637881,35.63669875536055,37.560810221702404,35.167310446342746,33.41131533903766,35.394906755519855,32.2430992994696,37.26125952721658,35.80805309138424,34.500848177038726,38.74151389372681,35.88204318602272,35.03178575140917,32.552894412457086,32.946250676882826,32.643696906244344,38.034320429919646,39.688048121262334,29.55709877268401,40.05384058066038,31.793981618029555,41.24004481213385,36.25241366321563,31.007642839657606,33.250907913501365,31.619128796321657,38.01908589469943,34.04737511463721,37.12058101868569,31.842102384348888,32.039890368035515,39.13425976658168,33.92446850354567,33.945171925929046,35.57475197684862,32.85530795211437,34.40631541144032,31.66593822675824,32.15871485287994,31.111438654227786,34.33898014192329,34.93888726541516,32.414673371401356,36.257512153826774,33.2562032279273,39.87402872902944,30.252404586547726,30.6168624546455,30.127650508482283,32.14690826818439,32.430553884491175,32.23974593816419,31.024788591938325,32.87208446234146,32.28624225383559,32.59506792930892,31.46245939639323,32.56614892264154,32.620178398644974,30.688688265866688,29.908863626894124,32.51322700478708,32.59342950938136,29.878554743080034,32.14625659165087,30.232126453252878,30.30090764649693,32.74660000445668,34.90858057724205,30.819537940760018
photo_butterfly,43.33121079372935,45.3656691064335,44.889452810318275,44.88330089668687,41.62456447912575,42.028116058912545,42.78252765334644,41.25493995858777,45.93708878090572,0.0,57.565831225150944,45.279945251899974,46.5215429906274,47.27929916231284,41.955059537160345,41.789961051589096,56.09757481783848,40.51917260335984,46.841722164444086,45.53010356461238,46.69729807280345,47.77178137570448,52.4253746945685,46.85340548881301,45.0578651440336,46.2976412743974,43.653693949986526,44.46041373329439,46.47063675374273,44.8599464283379,43.7476000725372,45.08118036336587,42.71579879193354,46.54136740808794,45.487168997274296,44.5926556017617,47.68049171367653,45.32526092194556,44.75826519204891,42.978059359117076,43.26630490168243,43.214037371325496,46.72425967015014,48.45946181807018,40.883982973187116,48.4828914501491,42.675817331713866,49.06372284913962,45.587155020769245,41.56702561218409,43.68960856064497,42.08480840437302,46.59543033044418,43.70866797323574,46.16017048140953,42.283167914071726,42.63581631406589,47.69090864246447,43.905332693027425,43.89357773291196,45.26639757287348,42.968450358388836,44.11381133896336,42.16518334647598,42.82328572996552,42.17049911023158,43.97135202118033,44.943491987570205,42.71489349581353,45.74454942905593,43.4577902310176,48.51349429156808,41.166080966274066,41.18467848693606,41.20785233741487,42.580420250805226,42.98088029486971,42.921026445654185,41.49169331339561,43.049647177359454,42.55918775842409,42.574466783807445,42.1255895535319,42.917149403356554,42.91101661536345,41.63254376806602,40.82161316011917,43.05538869848143,42.685054569445995,41.14728366002566,42.81779863810012,41.12566143506849,41.00139005825327,43.104692366053165,44.579234997621334,41.61897944907556
photo_girafe,48.41921271015236,49.81984293692184,48.66276810935802,48.850905906632626,47.644877636580524,47.43656915436156,47.91166458888522,47.67045508025289,48.994923615034466,57.565831225150944,0.0,49.07893389999572,50.9165787017012,51.840790718514334,47.48929692986794,47.94364816787322,59.41578994530678,46.17040814394133,52.106166462338464,50.57191386294032,51.526080321288234,51.55466560795985,56.64491645835588,52.29863830370678,50.04752848228752,51.55977430179811,49.2183888510576,50.568472507233196,51.64272675867445,50.3157385389131,48.72262689448511,50.47432843806427,48.72713238466815,51.2062016038452,50.43229949580672,49.82555475067926,51.771148896626926,50.58986264056014,49.96423234128663,48.31391607562801,48.4775205931672,48.46436341730707,51.584140491445964,53.31301430868672,46.855079526566385,53.806294680220994,48.17468136343516,53.907748269137464,50.588515057866836,47.500163807237136,48.73676582232899,47.53866618621811,51.584583476009136,48.75178378395424,51.17714045069529,47.68527529689431,48.42735849707315,52.66754183999285,49.163595167572424,49.47753972918097,50.15908104667106,48.48269779500115,48.675686157363664,47.78579494641163,48.191688550296405,47.809267091226246,48.926461645427445,49.60963305975467,48.341300203669626,51.032176202042955,48.39281242342561,52.5736596342277,47.468687691043485,47.353739713093155,46.955120435316125,48.37416256144006,48.60256907396153,48.42721595443453,47.49222336127528,48.90450417566655,48.456703615394616,48.27432413611457,48.093377416858544,48.61037048830516,48.6771642082762,47.31345664517524,46.90805056671411,48.682218529648424,48.43254543673775,47.02545927036887,48.38478876995356,47.30750774945297,47.26645061629627,48.39751871649839,50.01842998147423,47.6028103730009
photo_fish,30.66233529371097,32.780346861300615,30.841260059212875,31.89581744335116,30.043184560729596,30.303960460543347,29.39947254287703,29.059025786946833,33.13992491471142,45.279945251899974,49.07893389999572,0.0,35.13783219930721,36.82790631629877,30.057479828966812,28.900811991577598,48.02639640751201,27.265471066414726,36.82614762411292,34.07098449844241,35.107833306251685,36.45531214082119,44.27170639641782,37.94848391370265,34.812934589844254,36.803358303604796,31.968733927066825,35.30475525738476,37.35278085476496,34.53012868502312,32.747277709230275,34.794896600589745,31.95382674813581,36.94632702908903,35.11137705746614,33.752648673632855,37.900731744091395,35.18166044848231,34.12118462306958,31.58076393327356,32.330657212964056,31.960581800814325,37.28043380613092,39.33481357032007,28.580063694832265,39.80315869734583,31.07914969721054,41.286938259576324,35.57231208950832,29.62942847043789,32.52719935444463,30.851855916008017,37.59542032554898,33.239908179266585,36.790788354682434,30.809490856308138,31.25260656165443,38.48219444562454,33.10195397296468,32.787820960879074,34.93495882281951,31.888880439297232,33.78952097811993,30.519796369342206,31.36029738642931,30.470074045027637,33.314196309090356,34.275856728528126,31.567460992988686,35.67486615953965,32.58002219384303,39.60370394939626,29.396074518969485,30.003016164476232,29.441238623637947,31.522050513136755,31.61661258142519,31.54746023417281,29.905026502099446,31.689511076389916,31.28447757354923,31.92611280476547,30.6494206916548,31.827031112504535,31.743852547840277,30.000786095542427,28.967853695396258,31.596750772942716,31.585247329562467,29.079020602598494,31.421019315117803,29.187729067151416,29.500529273139104,31.70641328911708,34.164128508868245,29.98638506403696
photo_cherry,32.21446703750944,34.5728532495851,33.21808124196403,33.725133827608815,31.270164027641435,32.05771184718175,31.151924695161508,31.101798288533335,36.08787660431573,46.5215429906274,50.9165787017012,35.13783219930721,0.0,38.87857564550741,31.89371412076848,32.1327331235449,48.83932057206174,30.056813784969187,38.358228220833794,36.273498431779274,38.67683998071553,37.48738780344236,44.89978645571701,38.211869497562596,36.31658633829003,38.455830266238095,34.63137353668822,37.061101720281066,38.21944596845076,35.98843415018373,34.15166099447607,35.98542252178329,33.99056790911978,38.22603735755447,36.64027500676724,35.80107972618048,39.37664399414837,36.50950010687749,35.739468000816,33.15164881834687,34.1523700611778,34.42270747008834,38.68044268688003,40.899258787106476,31.233791421062076,41.15871285875249,33.287927113004564,42.28028348610718,37.08415205779889,31.692079874124435,34.82435236270362,32.458767756588365,38.598175342504426,34.931501059847456,38.08164826033336,32.423119649961706,33.11249396693795,39.82012649888295,34.39850587439196,35.12289841592412,36.06351617278308,33.57481485597542,35.311051087444135,31.97605772983101,33.03969768515876,33.106291173790844,35.106216161183966,36.29895201098706,32.78617822235495,36.8229475818237,34.63518895532245,40.79742558205911,31.7804204090903,32.08330463105347,31.634377264614994,33.701488158517115,34.13935847390904,33.96710439597323,32.38205549399187,34.28179658078148,33.608522714287055,33.86848434417456,33.33612217194962,34.227205487990474,34.17303540693898,32.49328679458541,31.30797081862652,33.97544500729733,33.82440923094956,31.583624676855916,33.828542373515226,31.669626683239727,31.65742330974197,34.14695921014621,36.44009635696781,32.48421729596098
photo_tree,34.150377358358,36.48084370990654,35.866677321366176,35.84837392585123,33.292148850094954,33.71170159065982,33.13151794533355,33.13512207990529,37.651950143147815,47.27929916231284,51.840790718514334,36.82790631629877,38.87857564550741,0.0,33.27051345206704,33.75737174368496,49.212683232369635,32.37021029361175,40.316291122450565,38.082417868316604,39.40767414903008,37.64310971556275,45.99944466332796,39.11214268842651,37.543123656925864,39.52619199891292,36.66722827539719,37.762344815170756,38.77815291147675,36.896067281045774,35.402488625293685,36.556831628888546,35.4746276428858,39.1710668341081,37.698470206297834,37.010854797166935,39.84375040931549,36.31471101673122,36.678912445918826,34.47957575655358,35.15650380281939,36.41860084480993,40.745495992594996,41.137805957080054,32.89107024292503,42.026113522923694,34.35680216306507,42.5605133183544,38.6450951043654,33.34601215737587,36.68288337740093,34.655138139156314,39.242053449099686,35.897474508082034,39.17299367301804,34.221046134679526,34.820346069605925,40.75390533566635,36.39065390442315,36.941555111751185,37.24418168326814,34.41961728880814,36.22424739814146,33.908411341296144,34.219358235525284,35.18897115660213,37.21419410906096,37.67405769700108,34.735051110759564,38.42048044267478,36.23824723523829,41.6533446595327,33.71723326266608,34.26817441804837,33.67447407538937,35.689222695249754,35.92188856052971,36.05502979758448,34.126775212721206,36.60395868521177,35.700636407010634,35.93035978873758,35.13735854641206,36.050198620793054,36.386474163229344,34.38170876329676,33.18814769956477,36.37421522002134,36.12492201866194,33.3051194919063,36.1498718836992,33.70853990758825,33.94487190102118,36.107351311342,38.14597270422257,34.57798259632342
photo_flower,27.462516978519652,29.361324049682622,28.584608549594225,29.067130142034763,24.534273024003973,24.463161574230426,25.49320555419217,23.606503760036308,31.20115210419726,41.955059537160345,47.48929692986794,30.057479828966812,31.89371412076848,33.27051345206704,0.0,24.157358016470774,44.36220017289072,22.931356473896795,33.66107608621129,31.27839854942331,33.07747804068521,33.23257907273303,41.47286229313055,33.251098450656905,30.44044604801235,33.24707398650288,28.842136699151922,31.309011057309334,33.051665593373144,29.559108211380497,26.997188251318445,30.326259426990276,27.827175468711467,32.18884746703768,30.572533478467133,30.02918416915675,34.149524614428394,30.453549852359753,29.159565890854,25.859239059348504,27.546993691825474,28.325451969230418,34.26433344346523,36.44203318933432,23.621504204248016,36.585768926079005,26.788643127118615,37.663221171871825,30.842437510308763,23.737457741814517,29.22051457317736,25.128484662647764,33.05055864021513,27.943442207350298,32.42752962620621,25.923012471031726,26.166262258075665,34.779555004856995,28.12500344370127,29.220894810606747,30.262978979769024,26.883466866263614,28.419667463667736,24.632103430879024,25.479835511005742,26.630249557840482,29.30644368726736,30.803541835951446,26.31242666251284,31.370052419921215,27.872261095790524,35.66238966811222,25.023011465576158,25.4768794195893,25.09874239792058,27.728439281854353,28.227792083587243,27.87221577349334,25.990336512084802,28.397144580769076,27.86859464929981,28.216447614845897,27.118362984627662,28.242533727659602,28.28690167021209,25.85436022095498,24.72852925001597,28.285570943660396,27.759864029080415,24.913452188825257,27.69557284754838,25.104705241391574,25.207929328365598,28.434122220867135,30.838621153974625,25.98268037865832
photo_carrot,26.670106079445176,29.861458554682603,28.14198359960118,28.878228173649124,25.493599873102465,25.253608817856215,24.91962850464789,24.370993970315634,31.439440660903706,41.789961051589096,47.94364816787322,28.900811991577598,32.1327331235449,33.75737174368496,24.157358016470774,0.0,44.69648547547416,23.633904201159854,34.25749979615393,31.38647502380988,34.00312119926143,33.48155929372702,42.00670943367332,34.80050444219408,31.36260557430242,34.00742165028957,29.569137170878548,32.23738493509047,33.78780649583869,30.546292815139388,28.400057680603783,31.202961876234415,28.46220359444121,33.41885064360594,31.431955609800895,30.78627729994848,35.04161457753504,31.56783261250206,30.264540934900182,26.388243331523526,28.62503863233937,28.924349761747283,34.80084116550557,37.06276760870298,24.640036371433254,37.46186108440926,27.812617424211442,38.65299354677316,32.09082198790024,25.01311866170088,29.84204978027488,26.34618892880485,34.04492433178656,29.022084034720244,33.34141106324167,26.707035906397795,27.136507156924058,35.57972229705541,29.01139227133789,30.01573233624287,31.214938172947505,27.713437196376194,29.51476340192994,26.00800874685638,26.831620246752912,27.453413781103457,30.174013486204167,31.521446960199672,27.47115492719842,31.990750341816444,29.07552466854133,36.71686474532858,25.708393994186512,26.46400266786741,25.867726630234145,28.543925333934276,28.93808400645443,28.87537101198842,26.770163608310384,29.205157577143517,28.53363424803913,28.83509982556664,27.820990444142346,28.9640891363196,29.027658692638077,26.99777858395123,25.452304181489726,29.00352446373758,28.716339165605177,25.612466277102204,28.567596226986463,25.755415097861626,25.964279100536753,29.107074923627135,31.53935331675729,26.73011908224124
photo_watch,45.945422842989224,47.460722505640696,47.21389378466907,47.90627396356806,45.136361620809595,44.79435455023291,45.70963941378755,44.77180366797771,48.33644024196704,56.09757481783848,59.41578994530678,48.02639640751201,48.83932057206174,49.212683232369635,44.36220017289072,44.69648547547416,0.0,44.14846452081042,50.06937610737382,48.45887425265244,50.22284786485382,49.67998664634273,54.01059488724161,50.183549544341375,48.03996849510437,50.10365644814793,47.56696367616086,48.70346388275158,49.42143844835224,46.71521523993927,46.60920992210757,48.041791122375024,46.25954405745019,49.82018747579741,48.02325088620243,47.733960533724954,50.56766523369366,47.44975982286822,46.88076568149852,44.95532246303409,46.278425973985414,46.66320479117497,50.90067703619941,51.8337736305993,44.80496456285592,52.162022607796835,45.97414410866034,52.28219558224462,49.20565670223405,44.09311324586256,47.41803566730438,45.32321077303474,49.14714833072426,46.35274892402676,48.987169661379696,45.177467122678614,45.66265951470169,50.31119202825704,46.577483086962,47.591286458535386,47.537996370323086,45.98738397644371,45.95847759565951,44.50755258318691,44.53515844012751,46.05654402087509,47.876551155052155,48.429006069190024,46.41669592844218,48.46209463730634,46.79035722225462,51.266541906462905,44.84548365298684,45.25990828661902,44.888349397608025,46.23494697342634,46.834982690575195,46.51951292546364,45.21020369561995,46.80194863860153,46.46453986174799,46.47807965033666,45.861652936043775,46.58559110516815,46.816725914489396,45.36967114192564,44.813476552236075,46.62736923083943,46.439566977513266,44.69647791920014,46.6196581196587,44.7174771761164,45.34912604636281,46.61548417464117,48.37176027764931,45.764004501828204
photo_key,25.73716430611711,27.561751953127754,25.366890796803784,27.332135251622688,22.62358048743045,23.086217207834007,23.863149194393852,22.386724661702754,28.17496927953309,40.51917260335984,46.17040814394133,27.265471066414726,30.056813784969187,32.37021029361175,22.931356473896795,23.633904201159854,44.14846452081042,0.0,31.674089276321105,28.40657148686163,30.646148363273124,31.86644523171058,39.92532019417156,31.709965519849465,28.65154145443009,30.881539304524257,24.914506843297296,28.954452406564542,31.648692342770865,28.18217749224162,25.6048940578036,28.39824936515169,25.078332488756946,30.68030841564316,29.065623617443666,27.053315410985068,32.127270205065244,29.237323534588636,27.507949021797536,24.446509702592856,25.661292335337926,24.4615827656659,32.02315613093551,33.605979006652454,19.753631192020727,33.85947819220472,23.350873600747338,36.18102580928029,29.112867412974175,21.832596031964897,25.135546699244927,23.175367942955237,32.09583517516176,26.511219974156205,30.43413211445167,23.258615122297805,23.83440547002868,33.16303516708439,26.73696300229733,26.101776302718417,28.611500600585774,25.307199084027594,27.252641394850755,22.861048670281885,23.971770001899834,22.554405554039203,26.60431542629237,27.78475025232077,24.159299742379694,29.276682636985246,25.64101644270512,34.28781352353263,21.705827480849095,22.104589478893555,21.391601836923996,24.22124790788388,24.331311296610505,23.99029968673876,22.28714271974835,24.92171818063559,24.057704153368352,24.76062646876914,23.522692762752815,24.810357114245058,24.488943962499242,22.156216346070234,20.925790347648515,24.341656257234394,24.43322511529402,21.19170176261311,23.99335097129955,21.65082945125837,21.761904618056043,24.532497095943338,27.464870146672187,22.454573691874682
photo_truck,34.94443707548292,36.54904151169263,35.73721011754104,36.925785467954974,33.74245601119803,33.74929293054186,34.54787866964333,33.70642659076836,37.981306778233424,46.841722164444086,52.106166462338464,36.82614762411292,38.358228220833794,40.316291122450565,33.66107608621129,34.25749979615393,50.06937610737382,31.674089276321105,0.0,37.67406328999998,39.165313346823915,39.267933512562884,45.99779141465701,39.95026909784943,37.60071315939645,39.07093750117646,34.92414690823556,37.55118556910298,39.95838247182579,37.44233712548831,35.42648797156223,37.392583704841584,35.309350940055474,39.06216623157615,37.7452587475671,36.242734728336714,40.38211281455194,37.901830441784966,36.9568709297448,34.90602321842425,35.69579029166969,35.06749847678441,38.045106748959576,40.37605397010807,32.291126205881106,40.81505612606644,33.339171266346064,43.095397084645846,37.965347139676126,33.09809804544546,35.45764604423669,33.92379021961482,39.99415179967437,36.014938877838574,39.514042750017616,34.15682037713624,34.76292703015242,40.95153027284934,35.24814511081231,35.48866654104823,37.36066455775365,34.9259916169816,36.90045000536108,33.893067418762506,34.695672115100905,34.14597755587566,34.798897528113386,36.65444470364634,34.470847789546795,37.905136438243744,35.375307885342224,41.431189663959394,33.67872381948183,33.628729958924275,33.434944548489106,35.467587808484446,35.272726459584725,34.94034259947348,33.613649099296104,35.25842889369205,34.8891650630562,35.377217928696645,34.71388569960269,35.3093595541608,35.13932704121278,33.99796158072139,33.22484837163508,35.071347228674014,35.150391007440206,33.14333113763785,34.732334371091355,33.516386947501495,33.57164773938929,35.54741425655933,37.39315458777972,33.89832608329957
photo_velo,32.60509182936586,34.15765652498986,32.624175257329284,34.01391004009148,30.86279020185515,31.268079600785608,31.263585697512763,30.72661150816084,35.20150347748733,45.53010356461238,50.57191386294032,34.07098449844241,36.273498431779274,38.082417868316604,31.27839854942331,31.38647502380988,48.45887425265244,28.40657148686163,37.67406328999998,0.0,36.561891224137554,37.50705267165573,44.29146398124016,37.27267395041674,34.770992909312646,37.228213998555994,32.95477852997442,35.40958608145072,37.315563097674904,35.013589640987824,33.31934325076621,35.05762219185742,32.64963679242066,37.32800795320676,35.778579813677155,34.057332232527386,38.239399374278584,35.634866128683775,34.76847313368659,32.61298909052172,33.061196520461394,32.847829458119335,37.52645128676276,38.52927395008524,29.523306187272112,39.36614345835379,31.381147625356572,41.07992248940569,36.25447022073134,30.75363485109619,33.294267561133566,31.454743174288595,37.28713805986828,33.49533616919854,36.91153612483455,31.68415841256285,32.28423446507434,39.222662676733094,33.86323797398539,33.73780473991045,35.551492901459916,32.616313033043475,34.31522737094624,31.344342650448112,32.294830895941864,31.526619601397858,34.05612409048927,34.39166810069679,32.20662244814646,35.996243886140114,33.22521398339151,39.937169590282046,30.249214456378283,30.621392314759472,30.101008168289976,32.371127596311034,32.57081223718226,32.51149201611234,30.893459088053028,32.83957424833923,32.010711163244466,33.03618613735799,31.477079812129656,32.61105698493298,32.575938063058366,30.95868439079717,29.853743919174114,32.17874905000287,32.62767551534893,30.01034633520728,32.134700829030415,30.380455608997355,30.35741015077634,32.31305501224382,34.990706276653846,30.853506875783452
photo_road,34.77089678119325,35.87529689265561,33.47316728266301,35.80956464913897,32.84536027769606,33.162693834344594,33.459112370209226,33.0134081020222,36.61019729190167,46.69729807280345,51.526080321288234,35.107833306251685,38.67683998071553,39.40767414903008,33.07747804068521,34.00312119926143,50.22284786485382,30.646148363273124,39.165313346823915,36.561891224137554,0.0,39.10773091216757,45.817043411935096,38.44955184434194,36.7346561431989,39.02705037134552,34.38497401854069,36.919568465397504,39.33264766316411,36.58002046638875,35.13790804258643,37.1193250952766,34.624400115779714,38.55486561358717,37.585667806917954,35.612681436120994,39.16554286456148,37.38139900705652,36.313197508851644,34.65621438860466,34.83187527507853,34.527843976609724,39.447551734371224,40.052087303869584,31.23070903011181,40.801622797983704,33.33518178752494,42.88551597380003,37.53381361681781,32.93521359377328,34.82324076216699,33.796089699934704,39.69798637750747,35.93218916173816,38.71398273260734,33.98342542815378,34.51595048885009,40.74066648476574,36.040648251671804,35.08261752515793,37.387346466410385,34.929464192965085,36.22278521340353,33.65200320591668,34.1626734298141,33.48288824803655,35.67335316700379,35.9533743611922,34.38219024495249,37.79339651835155,34.774584838045605,41.630588476058286,32.895761381885244,32.99824430517372,32.8992188277521,34.48020871512001,34.52517342599682,34.503895434761134,33.681268194899275,34.981830685357195,34.590671455801015,34.493896510640276,33.899762352430024,34.68937487917483,34.72233441767626,33.415876956247054,32.34926662195335,34.694706293556024,34.34691194316646,32.67556382402614,34.503216791996124,33.102527091448806,32.8485631065341,34.73261793721859,37.09084715075326,33.49553427622564
photo_house,33.69207136267274,34.83406593451796,35.055560012264884,34.81488694343464,33.28939564787163,33.5827956925984,32.495289880424025,32.65354974708552,37.45834658774199,47.77178137570448,51.55466560795985,36.45531214082119,37.48738780344236,37.64310971556275,33.23257907273303,33.48155929372702,49.67998664634273,31.86644523171058,39.267933512562884,37.50705267165573,39.10773091216757,0.0,46.930768365733556,39.164330688091724,37.160899142319145,39.03964308208321,36.186547829287065,37.51931701657943,39.54550206897878,37.21832563612003,35.370610007854616,36.902962082010006,35.52351663175312,38.965069684311196,37.75682889455097,36.88416893373065,39.88021580487635,37.468144882618496,36.986088475946836,34.64583808577158,35.73458353166654,35.91047838977377,40.14075509434072,41.3692346750012,32.58199279894403,41.79571653965323,34.46804096394296,42.95850459526667,37.89201298227282,33.069093709059594,36.399621371900274,34.236894674644034,39.4167254902968,36.03185691706639,39.21661457810273,34.16723004328165,34.85403078575141,41.09883775829618,36.05275365469504,36.66307879330179,37.31663918253197,34.95250257959939,36.49031553174474,33.9318520940083,34.735085936913244,34.98610060146248,36.59854153726987,37.538155054757674,34.28463851394576,38.08194253373718,35.80850820595115,41.82638192272277,33.703590010868496,34.100294564512836,33.74978940211088,35.78250612268746,35.655842238188136,35.93728983799631,34.25805129611647,36.41656784047302,35.49982830155538,36.103869842431806,35.10754771927748,35.922800566519065,35.948820681772276,34.479427142142775,33.06287848122375,36.05107500727161,35.81301700084072,33.45620662360874,35.48948359798178,33.796850913180876,33.77496081122958,35.91170712535491,38.38791416586976,34.28030732096578
