,square,rectangle,parallelogram,losange,isoTrapezoid,kite,rightKite,rustedHinge,hinge,trapezoid,random
square,0.1354263088975287,0.16500112717861293,0.18124203907084313,0.20063823894968696,0.15466653382785905,0.15062730666122204,0.14514279855355827,0.169983023786031,0.16707602326296414,0.15699370902798845,0.178529273177955
rectangle,0.16500112717861293,0.1404868609856342,0.15557465237312423,0.17726134319761014,0.18841564116746096,0.1733791762012827,0.16995691497175827,0.16140809931833305,0.15299303379339813,0.17270816809447112,0.19660205905909892
parallelogram,0.18124203907084313,0.15557465237312423,0.14066665608065698,0.15731115194433495,0.19704423352228653,0.18903486746754095,0.18060099403693147,0.1696290314117055,0.16050618555011054,0.1709200919092143,0.1913509508416673
losange,0.20063823894968696,0.17726134319761014,0.15731115194433495,0.1442048709362406,0.20416050603730668,0.20557152433141046,0.19700667792677548,0.17869344858088526,0.17367563684557016,0.1751927631415071,0.17989028041187455
isoTrapezoid,0.15466653382785905,0.18841564116746093,0.19704423352228653,0.20416050603730668,0.14096182128066195,0.15838693280798563,0.15395634436801384,0.18933462787820482,0.1886177484141832,0.15980498369373497,0.17065297025772974
kite,0.15062730666122204,0.1733791762012827,0.18903486746754097,0.20557152433141046,0.1583869328079856,0.14292838247219036,0.14899024951910622,0.18458128576271413,0.1823121377499793,0.17235000386071248,0.19022425962832779
rightKite,0.14514279855355827,0.16995691497175827,0.18060099403693147,0.1970066779267755,0.15395634436801384,0.14899024951910622,0.13849506069459072,0.17900965645413056,0.17612589008044338,0.15667193357631265,0.180424157446357
rustedHinge,0.169983023786031,0.16140809931833305,0.16962903141170552,0.1786934485808853,0.18933462787820482,0.18458128576271413,0.17900965645413056,0.1439854031926493,0.14618964181907432,0.1752884533659023,0.18586116123985028
hinge,0.16707602326296417,0.15299303379339813,0.16050618555011054,0.17367563684557016,0.1886177484141832,0.1823121377499793,0.17612589008044338,0.14618964181907435,0.1422021075383417,0.17120942683169205,0.18554110546092795
trapezoid,0.15699370902798845,0.17270816809447112,0.1709200919092143,0.17519276314150709,0.159804983693735,0.17235000386071248,0.15667193357631265,0.1752884533659023,0.17120942683169205,0.14019457168486543,0.15810828981174613
random,0.17852927317795503,0.19660205905909892,0.1913509508416673,0.17989028041187455,0.17065297025772974,0.1902242596283278,0.180424157446357,0.18586116123985028,0.18554110546092795,0.15810828981174616,0.1446020051329552
