,square,rectangle,parallelogram,losange,isoTrapezoid,kite,rightKite,rustedHinge,hinge,trapezoid,random
square,0.09382422319916088,0.11243714362645868,0.130699455722807,0.15631626852363,0.12064131880552373,0.12035307695277596,0.11069484458648035,0.11812221547895453,0.11609855050588853,0.11715670435147739,0.13950384482188435
rectangle,0.11243714362645867,0.09759011098278914,0.11715865078137594,0.14849643786632777,0.14395705509669016,0.1340857832589677,0.12650591909028092,0.11828413966010672,0.11174167912705085,0.13019922413766327,0.1595371936575982
parallelogram,0.130699455722807,0.11715865078137594,0.1031679970003128,0.12172767850639256,0.15721014246641163,0.15734656961229584,0.14013854913315657,0.12315493616947892,0.1170007188668081,0.12412298149370549,0.1456701789322282
losange,0.15631626852363004,0.14849643786632777,0.12172767850639256,0.11133967669527901,0.1713730720164,0.1804911280141585,0.1615495224884735,0.13870512430069534,0.13677094859794625,0.133236125956227,0.13680650364211577
isoTrapezoid,0.12064131880552373,0.14395705509669016,0.15721014246641163,0.1713730720164,0.11104901285756708,0.12801239788513724,0.12141702409743654,0.14640948402852516,0.14647510866995203,0.1270703715515385,0.13776722745654746
kite,0.12035307695277596,0.1340857832589677,0.15734656961229584,0.18049112801415854,0.12801239788513724,0.11340822762094091,0.11885569666947435,0.14649315725080947,0.14564129010821583,0.1448158478683784,0.16262518605548848
rightKite,0.11069484458648036,0.12650591909028092,0.14013854913315657,0.1615495224884735,0.12141702409743654,0.11885569666947435,0.10614949468733166,0.1345832788839726,0.13247446824246112,0.12249058057181986,0.14467330622715655
rustedHinge,0.11812221547895453,0.11828413966010672,0.12315493616947892,0.13870512430069534,0.14640948402852516,0.14649315725080947,0.1345832788839726,0.09534625034385698,0.09847170417940107,0.12636918209311235,0.13733844824440627
hinge,0.11609855050588856,0.11174167912705085,0.11700071886680809,0.13677094859794625,0.14647510866995203,0.14564129010821586,0.13247446824246112,0.09847170417940107,0.09593761185208453,0.12365056163328415,0.13894639505079082
trapezoid,0.11715670435147739,0.13019922413766327,0.12412298149370551,0.133236125956227,0.12707037155153847,0.1448158478683784,0.12249058057181986,0.12636918209311232,0.12365056163328413,0.10235497315521132,0.11739302264045803
random,0.13950384482188438,0.1595371936575982,0.1456701789322282,0.13680650364211577,0.1377672274565475,0.1626251860554885,0.14467330622715655,0.13733844824440627,0.13894639505079082,0.11739302264045806,0.10310363539427167
