,square,rectangle,parallelogram,losange,isoTrapezoid,kite,rightKite,rustedHinge,hinge,trapezoid,random
square,0.323976247834003,0.37773828438574314,0.40735215035994976,0.4375666479510264,0.3553395277834567,0.34540982797902026,0.33798985031842615,0.3821307622184319,0.3804675664304766,0.36019408493102406,0.39763082679800915
rectangle,0.3777382843857432,0.3329951756889173,0.36025546164629507,0.3934220787374766,0.41711470176926424,0.3875039120626866,0.3840093675508718,0.36613885377628036,0.35398087518923915,0.38946912336286066,0.429529959546504
parallelogram,0.40735215035994976,0.36025546164629507,0.3451751486461644,0.3709413114365438,0.43553368337608633,0.41571822161838984,0.4068170988493682,0.38175831460072585,0.3692143544236977,0.396723886087645,0.42935447818287575
losange,0.4375666479510264,0.3934220787374766,0.3709413114365438,0.35075669622218186,0.445372873810437,0.4411212865536553,0.4332976191259091,0.394521443867525,0.38777228588274254,0.4043324885588062,0.40968538491669265
isoTrapezoid,0.35533952778345673,0.41711470176926435,0.43553368337608633,0.44537287381043694,0.3351507617324926,0.3612216850244151,0.35660512727009686,0.4135658870933363,0.4160785252502551,0.36821024562153776,0.3887194713522277
kite,0.34540982797902026,0.3875039120626866,0.41571822161838984,0.4411212865536553,0.36122168502441515,0.33287590968258285,0.34386873876248114,0.40385277773180506,0.40197448387018175,0.3814507569613036,0.413156186096384
rightKite,0.33798985031842615,0.3840093675508718,0.4068170988493682,0.43329761912590914,0.3566051272700968,0.34386873876248114,0.33070284704947756,0.39522063932796925,0.3930252863712345,0.36187450458911335,0.40382998440885254
rustedHinge,0.3821307622184319,0.36613885377628036,0.38175831460072573,0.39452144386752497,0.4135658870933363,0.40385277773180506,0.39522063932796925,0.34206941608513647,0.34535930000898124,0.38962883178239727,0.4098559137372758
hinge,0.3804675664304765,0.3539808751892392,0.3692143544236977,0.3877722858827425,0.4160785252502551,0.40197448387018175,0.3930252863712345,0.3453593000089813,0.33990831650371767,0.38592205708461547,0.4117091987035827
trapezoid,0.36019408493102406,0.3894691233628606,0.3967238860876451,0.404332488558806,0.36821024562153776,0.3814507569613036,0.36187450458911335,0.38962883178239727,0.38592205708461547,0.3386516412589874,0.37249931459831204
random,0.39763082679800915,0.429529959546504,0.42935447818287575,0.40968538491669265,0.3887194713522276,0.4131561860963839,0.40382998440885254,0.4098559137372758,0.4117091987035827,0.37249931459831204,0.3490902103978133
