,square,rectangle,parallelogram,losange,isoTrapezoid,kite,rightKite,rustedHinge,hinge,trapezoid,random
square,0.08720403508424104,0.10449382044759588,0.1200896502012937,0.1449745273145289,0.11339398868081835,0.11308114843079287,0.10226063091441462,0.10743347536630937,0.10551408289081021,0.10779480869596589,0.12885677357361286
rectangle,0.10449382044759588,0.09149688229384714,0.1091996264746275,0.14015087306309032,0.13535300606454673,0.12639349317026516,0.11752170736336115,0.10912116833159573,0.10281469816541815,0.12104324610270406,0.14953785839406758
parallelogram,0.1200896502012937,0.1091996264746275,0.09533991049496636,0.11361482846059555,0.14791058371436416,0.14882236148273856,0.13040554788261727,0.111958566487131,0.10610680782189046,0.11428771899625999,0.13472865445347712
losange,0.1449745273145289,0.14015087306309032,0.11361482846059555,0.10425410085144254,0.16233177824028758,0.17190698635192025,0.15188307562980638,0.1273642514158363,0.12569216629150629,0.1239533828704835,0.12645129951062622
isoTrapezoid,0.11339398868081838,0.13535300606454673,0.14791058371436416,0.16233177824028758,0.10613087952714644,0.12123574012518125,0.11467027864785181,0.1363865636477689,0.13629442198996683,0.12027394952024315,0.12986814751903536
kite,0.11308114843079287,0.12639349317026516,0.14882236148273856,0.17190698635192025,0.12123574012518128,0.1080032259305856,0.11251377794762808,0.13715918288547793,0.1365986406879204,0.13712114050187119,0.15420447602995738
rightKite,0.10226063091441462,0.11752170736336115,0.13040554788261724,0.15188307562980638,0.11467027864785181,0.11251377794762811,0.09976339530994194,0.1240746918571877,0.12204820744873857,0.11452322801529904,0.13573030300065567
rustedHinge,0.10743347536630937,0.10912116833159573,0.11195856648713098,0.1273642514158363,0.1363865636477689,0.13715918288547793,0.1240746918571877,0.08646675074407636,0.08931602932804107,0.11498714005936882,0.12600021555293608
hinge,0.10551408289081023,0.10281469816541815,0.10610680782189046,0.12569216629150626,0.13629442198996683,0.1365986406879204,0.12204820744873857,0.08931602932804107,0.08716378337858373,0.11226629495702668,0.12780102768822696
trapezoid,0.10779480869596589,0.12104324610270406,0.11428771899626002,0.1239533828704835,0.12027394952024315,0.13712114050187119,0.11452322801529904,0.11498714005936882,0.11226629495702668,0.09501180213039728,0.10894855241524722
random,0.12885677357361286,0.14953785839406758,0.13472865445347712,0.1264512995106262,0.12986814751903536,0.15420447602995738,0.13573030300065564,0.12600021555293608,0.127801027688227,0.10894855241524722,0.0953944670253567
