,square,rectangle,parallelogram,losange,isoTrapezoid,kite,rightKite,rustedHinge,hinge,trapezoid,random
square,0.1380574783055321,0.16871843747193052,0.18575915973387377,0.20622551154330898,0.1570324441459969,0.15273231934043993,0.14729234121399848,0.17390216468475647,0.17099335692482953,0.16004684802709274,0.1820799640828356
rectangle,0.16871843747193052,0.143534399256552,0.15891040514392438,0.18093186987652027,0.191879676020877,0.1763805032268245,0.173216203626262,0.16505626087286795,0.15632165947869847,0.17632113834156105,0.20053853763437043
parallelogram,0.18575915973387377,0.15891040514392438,0.145070448572311,0.16211114457178358,0.2018599900139048,0.1932431182260708,0.1853185414690141,0.17334044776329277,0.16388491646968587,0.17585611709968013,0.19657070636948493
losange,0.206225511543309,0.1809318698765203,0.16211114457178358,0.1491799775835626,0.2100475359615589,0.2106691741165891,0.20289905317628426,0.1824203653666631,0.17710700590460407,0.1812362790697754,0.18553438534820926
isoTrapezoid,0.15703244414599693,0.19187967602087697,0.2018599900139048,0.21004753596155884,0.1436344703592722,0.16088472385988334,0.15665692258730715,0.1930174586426735,0.19230816336017617,0.16336504879004266,0.17476731657622066
kite,0.15273231934043993,0.17638050322682453,0.19324311822607082,0.210669174116589,0.16088472385988334,0.14474749946346205,0.15112357662950227,0.18835150949416576,0.1859501771602081,0.17550130589066473,0.19401064454282235
rightKite,0.14729234121399848,0.17321620362626203,0.1853185414690141,0.20289905317628426,0.15665692258730715,0.15112357662950227,0.14112501040769151,0.18258661120391292,0.17967370278366562,0.16026720396165067,0.18483978412875507
rustedHinge,0.17390216468475647,0.16505626087286795,0.17334044776329274,0.1824203653666631,0.1930174586426735,0.18835150949416576,0.1825866112039129,0.14842779154603566,0.1502543031855276,0.1787458144545134,0.1894753086134175
hinge,0.17099335692482953,0.1563216594786985,0.16388491646968587,0.17710700590460404,0.19230816336017614,0.18595017716020806,0.17967370278366565,0.15025430318552757,0.14604133349546103,0.17460095525142647,0.18913276168615137
trapezoid,0.16004684802709274,0.17632113834156107,0.17585611709968016,0.1812362790697754,0.16336504879004263,0.17550130589066473,0.16026720396165067,0.1787458144545134,0.17460095525142647,0.14401441687330924,0.16264906480587726
random,0.1820799640828356,0.2005385376343704,0.19657070636948493,0.18553438534820926,0.1747673165762207,0.19401064454282232,0.18483978412875507,0.18947530861341752,0.18913276168615137,0.1626490648058773,0.1488360462485777
