,square,rectangle,parallelogram,losange,isoTrapezoid,kite,rightKite,rustedHinge,hinge,trapezoid,random
square,0.07943428460561663,0.0950020039540849,0.10709847293041658,0.13058981394664118,0.10334459353883399,0.10355411575791641,0.09173643424029487,0.09502476261597974,0.09323407418424717,0.09558016385277102,0.11459260521244471
rectangle,0.0950020039540849,0.08402689864182278,0.09830439985712668,0.12751303517592055,0.12327366841587623,0.1158968498886361,0.10579089221154474,0.09754115754771013,0.09174198656504626,0.10822173940166674,0.13486343551342717
parallelogram,0.10709847293041659,0.09830439985712668,0.08451751124057261,0.10180861418747524,0.13483336652764177,0.13682992176108946,0.11778016720268548,0.0973445383752038,0.09219494741925155,0.10077266074250996,0.11945680116912406
losange,0.13058981394664115,0.12751303517592055,0.10180861418747524,0.09390684578204161,0.1495045048999372,0.15929010779160457,0.13908124931374563,0.11216442786633717,0.1109957698067589,0.11105030236062943,0.1122336690673936
isoTrapezoid,0.10334459353883399,0.12327366841587623,0.13483336652764177,0.1495045048999372,0.09840076700612942,0.11134752259801615,0.10496530541045215,0.12368201041404014,0.12350886478736241,0.11000653738496875,0.11859210591430079
kite,0.10355411575791641,0.11589684988863608,0.13682992176108946,0.1592901077916046,0.11134752259801615,0.09997882218200631,0.1035860896300224,0.1254586800415938,0.12522578057110642,0.12571001396632794,0.14149349229891758
rightKite,0.09173643424029487,0.10579089221154474,0.11778016720268548,0.13908124931374563,0.10496530541045215,0.1035860896300224,0.09141768163187303,0.11134371167662814,0.10948269794523573,0.10374647085275532,0.12330068872929903
rustedHinge,0.09502476261597974,0.09754115754771013,0.09734453837520379,0.11216442786633717,0.12368201041404014,0.1254586800415938,0.1113437116766281,0.07650611909656199,0.07874708147740986,0.1002067589710752,0.11100958690892146
hinge,0.09323407418424717,0.09174198656504626,0.09219494741925156,0.11099576980675892,0.12350886478736241,0.12522578057110642,0.10948269794523573,0.07874708147740984,0.07683024558228298,0.09764608792569501,0.11294396296825941
trapezoid,0.09558016385277102,0.10822173940166674,0.10077266074250996,0.1110503023606294,0.11000653738496875,0.12571001396632794,0.10374647085275532,0.10020675897107521,0.09764608792569501,0.08455553874213222,0.09689930805548451
random,0.11459260521244473,0.13486343551342717,0.11945680116912406,0.1122336690673936,0.11859210591430076,0.14149349229891756,0.12330068872929903,0.11100958690892146,0.11294396296825941,0.09689930805548451,0.08431659289577721
