,square,rectangle,parallelogram,losange,isoTrapezoid,kite,rightKite,rustedHinge,hinge,trapezoid,random
square,0.1130181690989148,0.13585022898691315,0.1598606754416144,0.19104729932643968,0.1461449208287434,0.1449488945094164,0.13631346507977496,0.1480298284180503,0.14585416261567166,0.14528179709988798,0.17416921306095365
rectangle,0.13585022898691315,0.11704348958705436,0.1428675370888279,0.1811971615273876,0.17442515062140676,0.16153768746651143,0.15562707280571833,0.1465183577225279,0.13889687202943887,0.16047456162172175,0.19606370162850348
parallelogram,0.1598606754416144,0.1428675370888279,0.1266347694254849,0.14938070252673352,0.18882147207054195,0.18808053270142283,0.1713243360882996,0.15432113050168858,0.1475271275780493,0.15366717069776817,0.180982761208555
losange,0.19104729932643968,0.1811971615273876,0.1493807025267335,0.13605410674882576,0.20487770254758325,0.2153793185601542,0.19625298156186521,0.1734108703212669,0.17191583786997458,0.16352290444913642,0.17091877911863432
isoTrapezoid,0.14614492082874336,0.17442515062140676,0.18882147207054198,0.20487770254758325,0.1328985060030588,0.15471383958634397,0.14721165980174433,0.1784711948448775,0.17930026212003747,0.15369189742405473,0.1690227529773475
kite,0.1449488945094164,0.1615376874665114,0.18808053270142283,0.2153793185601542,0.15471383958634397,0.13569409616772296,0.14322159166695234,0.17744194924583498,0.17644378574822278,0.17503634357120237,0.19789290888975244
rightKite,0.13631346507977496,0.15562707280571833,0.17132433608829958,0.19625298156186521,0.14721165980174433,0.14322159166695234,0.1289333306343432,0.16586484129651033,0.16385404402311396,0.15081325858420155,0.17895385335860448
rustedHinge,0.1480298284180503,0.1465183577225279,0.15432113050168858,0.1734108703212669,0.1784711948448775,0.17744194924583498,0.16586484129651033,0.1189953372966522,0.12346272048624142,0.15872910271287466,0.17239298193533484
hinge,0.1458541626156717,0.13889687202943887,0.14752712757804934,0.17191583786997455,0.1793002621200375,0.17644378574822278,0.16385404402311396,0.12346272048624142,0.12008675438410904,0.1561530369671176,0.17458256501816397
trapezoid,0.14528179709988798,0.16047456162172177,0.15366717069776814,0.16352290444913642,0.15369189742405473,0.17503634357120235,0.15081325858420155,0.15872910271287466,0.1561530369671176,0.12690698616053614,0.14699062188121728
random,0.17416921306095365,0.19606370162850348,0.180982761208555,0.17091877911863432,0.1690227529773475,0.19789290888975244,0.17895385335860448,0.17239298193533484,0.17458256501816397,0.14699062188121728,0.1308912775973404
