,square,rectangle,parallelogram,losange,isoTrapezoid,kite,rightKite,rustedHinge,hinge,trapezoid,random
square,0.11761805583047563,0.141473070787427,0.16607936896682055,0.19796838691229474,0.15198538218285915,0.15061941693951228,0.1415101742988997,0.15407615584393367,0.1518152932516026,0.15091968553258428,0.18125733143453762
rectangle,0.14147307078742696,0.1216084319156419,0.14849204462872556,0.18785540705916315,0.18091353637605836,0.1677756353722131,0.16163262263849554,0.15227554930844192,0.14431065823436096,0.166668875013087,0.20341137950978255
parallelogram,0.16607936896682055,0.14849204462872556,0.13152296241015046,0.15477770058100013,0.19486682250899678,0.19443340030811856,0.17721276616744733,0.16009298979404013,0.15318309443241743,0.1591868670719643,0.18744844789688336
losange,0.19796838691229474,0.18785540705916315,0.15477770058100013,0.14047493837093922,0.21063403716606122,0.22203819848661097,0.20241262465839635,0.17954348885145918,0.17821734048587387,0.1688320738738809,0.17646518463388589
isoTrapezoid,0.15198538218285915,0.18091353637605836,0.1948668225089968,0.21063403716606127,0.13772155815914472,0.16055210274582027,0.1526339061702371,0.184660551836341,0.18548168689300787,0.15879876141318433,0.17472060693829924
kite,0.15061941693951228,0.1677756353722131,0.1944334003081186,0.22203819848661097,0.16055210274582027,0.14113703565931868,0.14873629399587823,0.18365666273947778,0.182707584808819,0.18109679311738353,0.20508699093590016
rightKite,0.14151017429889973,0.16163262263849554,0.17721276616744733,0.20241262465839635,0.1526339061702371,0.14873629399587823,0.13396353322562798,0.1717956219443923,0.16977400710982457,0.1561151989770391,0.18551228731609085
rustedHinge,0.15407615584393367,0.15227554930844195,0.16009298979404013,0.1795434888514592,0.18466055183634097,0.18365666273947778,0.17179562194439227,0.1236886483128208,0.12832506493812518,0.16473489286062656,0.17909061343172575
hinge,0.1518152932516026,0.14431065823436093,0.15318309443241748,0.17821734048587387,0.18548168689300787,0.182707584808819,0.16977400710982457,0.12832506493812518,0.12478836852801359,0.16213076214597458,0.1814548941303808
trapezoid,0.15091968553258428,0.166668875013087,0.15918686707196433,0.1688320738738809,0.15879876141318436,0.18109679311738353,0.1561151989770391,0.16473489286062656,0.16213076214597458,0.13132174509173822,0.1522562011419628
random,0.18125733143453762,0.2034113795097826,0.1874484478968834,0.17646518463388589,0.17472060693829924,0.20508699093590016,0.18551228731609085,0.17909061343172575,0.1814548941303808,0.15225620114196278,0.1357546245853746
