,square,rectangle,parallelogram,losange,isoTrapezoid,kite,rightKite,rustedHinge,hinge,trapezoid,random
square,0.09685978295409588,0.1160142677018771,0.13550011345267446,0.1622126434474619,0.1245383949360532,0.12437443128732661,0.11493138228488296,0.12307108098946336,0.1209949790203116,0.12173378762961241,0.14517136324669655
rectangle,0.1160142677018771,0.10061376559086788,0.12137559617387528,0.15394522113625933,0.14848086527632123,0.13838369006249757,0.13112039745498616,0.12298626444310026,0.11625307288283082,0.13497437515550517,0.1653486278580374
parallelogram,0.13550011345267446,0.12137559617387529,0.10723194840956848,0.1265565723556885,0.16220227100215454,0.1624480440934074,0.14524696053505518,0.12869663340302043,0.12232913783960919,0.12895554375487828,0.15144677516955973
losange,0.1622126434474619,0.15394522113625933,0.1265565723556885,0.11593338485489135,0.17689914525654774,0.1864606111376121,0.16734739025045248,0.14505227814441551,0.14300512036768698,0.13837651953380892,0.14260896679090734
isoTrapezoid,0.12453839493605319,0.14848086527632123,0.16220227100215454,0.17689914525654774,0.11429815166964888,0.13220483282441609,0.1255465593932602,0.15165417811789372,0.15182732037799146,0.13129349895144676,0.1427483371979784
kite,0.12437443128732661,0.13838369006249757,0.1624480440934074,0.1864606111376121,0.1322048328244161,0.11700735499097727,0.12287687896850852,0.1517382836918687,0.1508150385415152,0.14981645631703833,0.16845342253919007
rightKite,0.11493138228488294,0.13112039745498616,0.14524696053505518,0.16734739025045248,0.1255465593932602,0.12287687896850853,0.10994219487018084,0.1399243784361962,0.1377839452224443,0.1271472180316776,0.1502178151779841
rustedHinge,0.12307108098946336,0.12298626444310026,0.12869663340302043,0.14505227814441551,0.15165417811789372,0.15173828369186873,0.1399243784361962,0.09950536389655901,0.10282544843669444,0.13198530757436544,0.14333102200438813
hinge,0.1209949790203116,0.11625307288283082,0.12232913783960916,0.14300512036768698,0.15182732037799146,0.15081503854151518,0.13778394522244433,0.10282544843669444,0.1001066720001716,0.12921506337425287,0.14493417822253507
trapezoid,0.12173378762961241,0.13497437515550517,0.12895554375487828,0.13837651953380892,0.13129349895144676,0.14981645631703833,0.12714721803167758,0.13198530757436544,0.12921506337425287,0.10639273852541763,0.12223016651895824
random,0.14517136324669658,0.16534862785803736,0.15144677516955973,0.14260896679090737,0.1427483371979784,0.1684534225391901,0.1502178151779841,0.14333102200438816,0.14493417822253507,0.12223016651895822,0.10777129200702495
