,square,rectangle,parallelogram,losange,isoTrapezoid,kite,rightKite,rustedHinge,hinge,trapezoid,random
square,0.08660145981766781,0.10371715464063273,0.11872400237338086,0.14346460143000392,0.11239864068930899,0.11196412281970412,0.10091817955801619,0.10599255377251181,0.10408163143618655,0.1063521030721488,0.12741114569149203
rectangle,0.10371715464063273,0.09099358024378507,0.10812398162580165,0.13890211516646084,0.1342233124924555,0.12530340047624194,0.11617669108167661,0.10782400448662745,0.10152597569772939,0.11962746992886596,0.14826097756299786
parallelogram,0.11872400237338086,0.10812398162580168,0.09403550867634035,0.11204252736963535,0.14651974533750098,0.14764032280910186,0.12899485655492185,0.1101055734778784,0.10430937661394617,0.11247448964411942,0.13289221310297408
losange,0.14346460143000392,0.13890211516646084,0.11204252736963535,0.10279694264632054,0.16099983317468233,0.17077701233869078,0.15055146253860235,0.12553530642948,0.1239339216804808,0.12225431541266168,0.1246612426295865
isoTrapezoid,0.11239864068930898,0.13422331249245553,0.14651974533750098,0.16099983317468233,0.10532812344658313,0.12019309706982349,0.11361031542369855,0.13510352306207948,0.1350130656387141,0.11914585748372722,0.12872709760908824
kite,0.11196412281970412,0.12530340047624194,0.14764032280910186,0.17077701233869078,0.12019309706982352,0.10721144472042868,0.11164421779121225,0.13602352759456088,0.13555590086881805,0.135993545742509,0.15328619713014532
rightKite,0.10091817955801619,0.11617669108167661,0.12899485655492185,0.15055146253860235,0.11361031542369855,0.11164421779121225,0.09898681433773712,0.12276178042647828,0.12078287157548628,0.1133676323494169,0.13468497010493216
rustedHinge,0.1059925537725118,0.10782400448662745,0.1101055734778784,0.12553530642948,0.13510352306207948,0.13602352759456088,0.12276178042647828,0.08541279042049761,0.08820163358851503,0.11314217311185304,0.12455725462182396
hinge,0.10408163143618655,0.10152597569772939,0.10430937661394617,0.12393392168048083,0.1350130656387141,0.13555590086881802,0.12078287157548628,0.08820163358851503,0.08614054736582659,0.11044309136221926,0.1264979811672251
trapezoid,0.1063521030721488,0.11962746992886596,0.11247448964411942,0.12225431541266171,0.11914585748372725,0.13599354574250896,0.1133676323494169,0.11314217311185307,0.11044309136221926,0.09372026784446282,0.10749767917347541
random,0.12741114569149203,0.1482609775629978,0.13289221310297408,0.1246612426295865,0.12872709760908824,0.15328619713014532,0.1346849701049322,0.12455725462182396,0.1264979811672251,0.10749767917347539,0.09427108070246586
