,square,rectangle,parallelogram,losange,isoTrapezoid,kite,rightKite,rustedHinge,hinge,trapezoid,random
square,0.10825319666628555,0.13015908609348323,0.15287547273000765,0.18240146616558262,0.1389824087834549,0.13843615627731912,0.12946891551709705,0.1405405814556518,0.1384437229473788,0.13769017780939816,0.16423191018075045
rectangle,0.13015908609348323,0.11222756971482256,0.13648088722867074,0.17253923274147998,0.16607727692964827,0.15424308472043857,0.14779908775392775,0.13937944896736318,0.13202647064846187,0.1522490668531872,0.18561256312263053
parallelogram,0.15287547273000765,0.13648088722867074,0.12074055515082936,0.14204340535886165,0.18035217772934195,0.18000720968722503,0.16303194619849867,0.1467515665631014,0.14002723480649587,0.14576089516175533,0.17100195163892717
losange,0.18240146616558262,0.17253923274147998,0.14204340535886165,0.12930043444679076,0.19584608388445007,0.20601035179423324,0.1868487430057169,0.16463549369768452,0.16289107082584922,0.1553753434055629,0.16118691076866531
isoTrapezoid,0.1389824087834549,0.16607727692964827,0.18035217772934195,0.19584608388445007,0.1261040867474776,0.1468840567678432,0.13959992244178038,0.16990284018720633,0.1706058362683128,0.14588691334330278,0.1594995053393656
kite,0.13843615627731912,0.15424308472043857,0.18000720968722503,0.20601035179423324,0.14688405676784322,0.1292086993311722,0.13619570588695368,0.16926769337072062,0.1683054355649968,0.1664773477939001,0.18734456119173146
rightKite,0.12946891551709702,0.14779908775392775,0.16303194619849867,0.1868487430057169,0.13959992244178038,0.1361957058869537,0.12229689458388561,0.15759200607693766,0.155519793515829,0.1426384928253075,0.16855882790598786
rustedHinge,0.1405405814556518,0.13937944896736318,0.1467515665631014,0.16463549369768452,0.16990284018720636,0.16926769337072062,0.15759200607693763,0.11308825012843661,0.1172187977144479,0.15024335392513352,0.16260955464191082
hinge,0.1384437229473788,0.13202647064846187,0.14002723480649587,0.16289107082584922,0.17060583626831277,0.1683054355649968,0.15551979351582898,0.1172187977144479,0.11403200057729757,0.1476036896840463,0.16459341150215587
trapezoid,0.13769017780939818,0.15224906685318718,0.14576089516175533,0.1553753434055629,0.1458869133433028,0.1664773477939001,0.1426384928253075,0.1502433539251335,0.1476036896840463,0.11987644256624043,0.13812501169002078
random,0.16423191018075045,0.18561256312263053,0.17100195163892717,0.16118691076866534,0.1594995053393656,0.1873445611917314,0.16855882790598786,0.16260955464191085,0.1645934115021559,0.1381250116900208,0.12222414942310807
