,square,rectangle,parallelogram,losange,isoTrapezoid,kite,rightKite,rustedHinge,hinge,trapezoid,random
square,0.1363897545940262,0.16444760302373837,0.18768269374939714,0.2179649236035874,0.17422673046546008,0.1704921253768187,0.1617189379339973,0.17567868308898021,0.17351583336187146,0.170949336106186,0.20261824927054548
rectangle,0.16444760302373837,0.1394275209245799,0.16467102064584777,0.20261172058527027,0.2041182858502953,0.1887571677078454,0.18363908936481063,0.17044766830714697,0.16228234518102777,0.18743360910383394,0.22343273893423674
parallelogram,0.18768269374939714,0.16467102064584777,0.1465407737571266,0.17022966202894416,0.21615190282864885,0.21321257004495026,0.1972535910366044,0.1788085230615024,0.17169860708729698,0.17880002192989478,0.20703378463777664
losange,0.21796492360358743,0.2026117205852703,0.17022966202894416,0.15424784124449267,0.22833292132823185,0.23893079310274742,0.22047239437474306,0.19783627153048786,0.1962006275868178,0.18609801257790665,0.19229904678506218
isoTrapezoid,0.1742267304654601,0.2041182858502953,0.21615190282864885,0.2283329213282319,0.15941480642535644,0.1830301080319044,0.17593982076638628,0.20702044593097546,0.20807970249082916,0.17926918939684325,0.1947032836839226
kite,0.17049212537681868,0.1887571677078454,0.21321257004495026,0.23893079310274745,0.18303010803190442,0.16027245968770903,0.16973924197222381,0.20301093009263513,0.20269268859668865,0.2017818458961057,0.22691685443216106
rightKite,0.1617189379339973,0.18363908936481063,0.1972535910366044,0.22047239437474306,0.17593982076638628,0.16973924197222381,0.15516795926547094,0.19320150985339898,0.19169509873905632,0.17634553936783232,0.20716104659626114
rustedHinge,0.17567868308898021,0.17044766830714697,0.17880852306150244,0.19783627153048786,0.20702044593097546,0.20301093009263513,0.193201509853399,0.14268817070498818,0.1479662280793783,0.18746060311284243,0.20276597520177655
hinge,0.17351583336187146,0.16228234518102777,0.17169860708729695,0.19620062758681783,0.20807970249082916,0.20269268859668865,0.19169509873905632,0.1479662280793783,0.1445380016492989,0.18466647535841887,0.20503694134141384
trapezoid,0.17094933610618604,0.18743360910383397,0.17880002192989478,0.18609801257790665,0.17926918939684325,0.2017818458961057,0.17634553936783232,0.18746060311284243,0.1846664753584189,0.14831815718253322,0.16999280931314723
random,0.2026182492705455,0.22343273893423674,0.20703378463777658,0.1922990467850622,0.19470328368392256,0.22691685443216106,0.20716104659626114,0.20276597520177655,0.20503694134141381,0.1699928093131472,0.15136998030018894
