,square,rectangle,parallelogram,losange,isoTrapezoid,kite,rightKite,rustedHinge,hinge,trapezoid,random
square,0.11081614451191842,0.1330611991488004,0.15624678928804223,0.18660969914622738,0.14253680742141425,0.14193010770158387,0.133132614421673,0.144692048566458,0.14253944634471596,0.14144210805838983,0.16915775750246104
rectangle,0.1330611991488004,0.11479794457018434,0.13975197143251833,0.17694984773474604,0.17008051643246744,0.1579557511170571,0.151836028830667,0.1433984375293814,0.1358868400791011,0.15629885538377591,0.1907785260801047
parallelogram,0.15624678928804225,0.13975197143251833,0.12354191058628121,0.14548322519415158,0.18422597669690333,0.183918938221991,0.1671125530558023,0.15075094322483387,0.14400851392086694,0.149451925554068,0.1756541013401618
losange,0.18660969914622738,0.17694984773474604,0.14548322519415158,0.13251321119621973,0.20010977870996702,0.21057814595580712,0.19149214341139942,0.1692492834369722,0.16765935139415214,0.15932827287381382,0.16594224895054183
isoTrapezoid,0.14253680742141425,0.17008051643246744,0.18422597669690333,0.20010977870996702,0.12947445012782938,0.15085762993609808,0.14347731872504815,0.17436273633618338,0.17515246131355375,0.1496918831556409,0.16421916671558628
kite,0.14193010770158387,0.15795575111705712,0.183918938221991,0.21057814595580712,0.15085762993609808,0.1326244831995967,0.13988985061529716,0.1737316636083172,0.17272576866229247,0.17071298982078797,0.19259629549717144
rightKite,0.13313261442167298,0.151836028830667,0.1671125530558023,0.19149214341139945,0.14347731872504815,0.13988985061529716,0.12580075325784518,0.16210679986414758,0.1600696151367777,0.14674355481554824,0.17369590614640615
rustedHinge,0.144692048566458,0.1433984375293814,0.15075094322483384,0.1692492834369722,0.17436273633618338,0.17373166360831724,0.1621067998641476,0.11651724630260682,0.1208246808446383,0.1546701417661176,0.16758268045643618
hinge,0.142539446344716,0.13588684007910115,0.14400851392086697,0.16765935139415214,0.17515246131355375,0.17272576866229247,0.1600696151367777,0.1208246808446383,0.11749528558035564,0.15207576192540267,0.16965815620571342
trapezoid,0.14144210805838983,0.1562988553837759,0.149451925554068,0.1593282728738138,0.1496918831556409,0.170712989820788,0.14674355481554824,0.15467014176611762,0.15207576192540267,0.12336678109886902,0.1424987199077158
random,0.16915775750246104,0.1907785260801047,0.1756541013401618,0.16594224895054188,0.16421916671558628,0.19259629549717144,0.17369590614640612,0.16758268045643618,0.1696581562057134,0.1424987199077158,0.12668657216212117
