,square,rectangle,parallelogram,losange,isoTrapezoid,kite,rightKite,rustedHinge,hinge,trapezoid,random
square,0.11921550113702695,0.14516724929229732,0.16235329741910393,0.1817534575124077,0.13888664701852946,0.13619952944583702,0.13049388863603442,0.15133531026146674,0.14851860188511215,0.14068553577989532,0.16113595690297386
rectangle,0.14516724929229732,0.12442350776005058,0.14035512992978902,0.1627822452849395,0.16885775593183464,0.15607389618628065,0.15230676489790396,0.1451459815269819,0.13731448017411457,0.15521081739964643,0.1787494037660439
parallelogram,0.16235329741910393,0.14035512992978905,0.1271949461907713,0.14357788890212067,0.17943231971956602,0.1737744989667664,0.16436033074846323,0.15371617954508382,0.14528610800069097,0.15403579057508965,0.17362876368799096
losange,0.1817534575124077,0.1627822452849395,0.14357788890212067,0.1325093269556161,0.18794662165672002,0.19095486500554013,0.18087511851829235,0.16396896068800773,0.15929789335270236,0.15932431838786545,0.1643629661605235
isoTrapezoid,0.13888664701852949,0.16885775593183464,0.17943231971956602,0.18794662165672002,0.12733696836459232,0.14405024782675868,0.13965411565142336,0.17174330820923867,0.1708584723047819,0.14508472317862525,0.155359220193721
kite,0.13619952944583705,0.15607389618628065,0.1737744989667664,0.1909548650055401,0.14405024782675868,0.13010623663775994,0.13583745886854887,0.16854919682148256,0.1664538685500775,0.1583187445322409,0.1755816041484184
rightKite,0.1304938886360344,0.15230676489790396,0.16436033074846323,0.18087511851829235,0.13965411565142333,0.13583745886854887,0.1254439637484357,0.162454929908629,0.15975231311019336,0.14233198562565202,0.16476230932659477
rustedHinge,0.15133531026146674,0.1451459815269819,0.15371617954508382,0.16396896068800773,0.17174330820923867,0.16854919682148256,0.162454929908629,0.12814941315931605,0.13063597382121575,0.15847540008613872,0.16870597909088952
hinge,0.14851860188511215,0.13731448017411457,0.14528610800069097,0.15929789335270236,0.1708584723047819,0.1664538685500775,0.15975231311019336,0.13063597382121575,0.12712860529683317,0.15449484884428427,0.16829677475123522
trapezoid,0.1406855357798953,0.15521081739964643,0.15403579057508962,0.15932431838786548,0.14508472317862525,0.1583187445322409,0.14233198562565202,0.15847540008613872,0.15449484884428427,0.12612984776929823,0.1426116190953891
random,0.16113595690297386,0.1787494037660439,0.17362876368799096,0.16436296616052354,0.155359220193721,0.17558160414841836,0.16476230932659477,0.16870597909088952,0.1682967747512352,0.1426116190953891,0.13062401820820485
