,square,rectangle,parallelogram,losange,isoTrapezoid,kite,rightKite,rustedHinge,hinge,trapezoid,random
square,0.10494167024028987,0.126056052665381,0.14756331594665426,0.1757098296397406,0.1342326194968673,0.1339493202768332,0.12470951554039275,0.13501084043578343,0.13286270800443178,0.13252145083197692,0.1579557765971073
rectangle,0.126056052665381,0.10880879665857596,0.131655004997496,0.1660100034857692,0.16029916561818897,0.1491424942848072,0.1424005880622845,0.13414558657701892,0.12693194491013227,0.14665438407314432,0.1787742764929133
parallelogram,0.14756331594665426,0.131655004997496,0.11650785332034735,0.1369418070708579,0.17464739897722872,0.17427794711428432,0.15729923091736664,0.14095721257300395,0.13409800840468544,0.14060464174467646,0.16473292687203786
losange,0.17570982963974066,0.16601000348576922,0.1369418070708579,0.12497710939819517,0.18968503083402144,0.19928288514206494,0.18023964078045773,0.15800211418115323,0.15578831600045911,0.15002086167264658,0.15516496514900696
isoTrapezoid,0.13423261949686735,0.16029916561818897,0.17464739897722872,0.18968503083402144,0.12262178831100548,0.14226347323387956,0.1352030254466318,0.16402423831726076,0.16435109933491704,0.14139210541623418,0.15421763891019866
kite,0.1339493202768332,0.1491424942848072,0.17427794711428432,0.19928288514206488,0.14226347323387956,0.12548322520485672,0.13206293918194278,0.1636770035977559,0.16261244583973647,0.16114077736486307,0.18117969717299498
rightKite,0.12470951554039275,0.1424005880622845,0.15729923091736664,0.18023964078045773,0.1352030254466318,0.13206293918194278,0.11846523522068596,0.1519761705436527,0.1497498956266765,0.13771008541159765,0.16262159570775617
rustedHinge,0.13501084043578343,0.13414558657701892,0.14095721257300395,0.15800211418115323,0.16402423831726076,0.1636770035977559,0.15197617054365267,0.10902174731910441,0.11283778739901135,0.14446726996963213,0.15641303573419083
hinge,0.13286270800443178,0.12693194491013227,0.13409800840468544,0.15578831600045911,0.16435109933491704,0.16261244583973644,0.1497498956266765,0.11283778739901133,0.10979141900365305,0.14159909343568902,0.15808791648826123
trapezoid,0.13252145083197692,0.14665438407314432,0.14060464174467646,0.15002086167264658,0.14139210541623418,0.16114077736486307,0.13771008541159765,0.14446726996963213,0.14159909343568902,0.1158225693817885,0.13326003235318165
random,0.1579557765971073,0.1787742764929133,0.1647329268720379,0.15516496514900696,0.15421763891019866,0.18117969717299498,0.16262159570775617,0.15641303573419083,0.15808791648826126,0.13326003235318165,0.11791171548323301
