,square,rectangle,parallelogram,losange,isoTrapezoid,kite,rightKite,rustedHinge,hinge,trapezoid,random
square,0.10095113808276267,0.12105129560972369,0.14159765845183336,0.16904396618778136,0.1292649828051753,0.12925701348641863,0.11982871385604928,0.12902002478060529,0.1267786933048693,0.1269517200396756,0.1512646294978495
rectangle,0.12105129560972369,0.10472319345266348,0.12648674050519385,0.15992078578913893,0.15418653443325606,0.14368806073849744,0.13660254781633366,0.12855988236386456,0.12148581386969559,0.14053606159661308,0.1717178900839426
parallelogram,0.14159765845183336,0.12648674050519387,0.11193212959489675,0.1318412920528942,0.16835455421253823,0.16846400439213322,0.1512515180603209,0.13476131027185245,0.12806757589122145,0.13462793814637958,0.15784372537035465
losange,0.1690439661877814,0.15992078578913893,0.1318412920528942,0.12069286930744813,0.18335516675751387,0.19298212630371353,0.17379119507436508,0.1514281307110365,0.14919568845827377,0.144211875672767,0.14882254526570762
isoTrapezoid,0.12926498280517532,0.15418653443325606,0.16835455421253823,0.1833551667575139,0.11842815313740193,0.1372586070255034,0.1303486966833017,0.1576290837755281,0.15773155778046236,0.13620665078398572,0.14825729695819118
kite,0.12925701348641863,0.14368806073849744,0.16846400439213322,0.1929821263037135,0.1372586070255034,0.12132078730564513,0.12750042444451093,0.1578148175432125,0.15668153988773958,0.155401806583863,0.17470507472677535
rightKite,0.11982871385604928,0.13660254781633363,0.1512515180603209,0.17379119507436508,0.1303486966833017,0.12750042444451096,0.11426181445314368,0.14594172446329015,0.1436147314923249,0.132340856162196,0.15620336257253106
rustedHinge,0.12902002478060529,0.12855988236386456,0.13476131027185242,0.1514281307110365,0.1576290837755281,0.1578148175432125,0.14594172446329015,0.10425223751172248,0.10775604978148912,0.13796000932955316,0.14950295114740395
hinge,0.1267786933048693,0.12148581386969559,0.12806757589122145,0.14919568845827375,0.15773155778046236,0.15668153988773958,0.14361473149232493,0.10775604978148912,0.10482131489862526,0.13500845420895,0.1509939446327152
trapezoid,0.1269517200396756,0.14053606159661308,0.13462793814637958,0.144211875672767,0.13620665078398572,0.155401806583863,0.13234085616219599,0.13796000932955318,0.13500845420895,0.11097293822608549,0.12748070669208122
random,0.1512646294978495,0.17171789008394256,0.15784372537035468,0.14882254526570762,0.14825729695819118,0.17470507472677535,0.15620336257253106,0.14950295114740395,0.15099394463271518,0.12748070669208122,0.11265186189014136
