,square,rectangle,parallelogram,losange,isoTrapezoid,kite,rightKite,rustedHinge,hinge,trapezoid,random
square,0.18179484380347372,0.22191930521262776,0.24616335089645222,0.27320236201869497,0.2064544885265687,0.1995921198604883,0.19341208610129984,0.22934972853539015,0.22575925950815726,0.21163602767810996,0.24056075833275048
rectangle,0.22191930521262776,0.18909333560445957,0.21106798370018323,0.2399224527214654,0.2521336031075221,0.23048532798596807,0.22730073520041585,0.21773044173512043,0.20650512905429147,0.2331962034031663,0.2642719058704171
parallelogram,0.24616335089645222,0.21106798370018323,0.1969020987805128,0.22010332652265832,0.2675749734278143,0.2547456816411964,0.24542334635060375,0.23090162557390875,0.21864247747513746,0.23624408134996516,0.262690956393236
losange,0.27320236201869497,0.23992245272146537,0.22010332652265832,0.20413329643747838,0.2787670761114234,0.27793851130383823,0.2691271022415574,0.24273746416071745,0.23571408869601648,0.2442779115910439,0.24906656051554132
isoTrapezoid,0.20645448852656875,0.2521336031075221,0.2675749734278143,0.2787670761114234,0.1905770528701643,0.21134814755487188,0.20673289435867281,0.2543775498832636,0.25362083832668453,0.2169705847092298,0.23295739027740398
kite,0.1995921198604883,0.23048532798596807,0.2547456816411963,0.27793851130383823,0.21134814755487188,0.18926213792628643,0.1979142056325991,0.24701651600210162,0.24379611168762244,0.23070511052566278,0.2554175137074164
rightKite,0.19341208610129984,0.22730073520041585,0.24542334635060373,0.2691271022415574,0.20673289435867281,0.19791420563259915,0.18624001075313412,0.2401809267378081,0.23643092421681977,0.21253929962753393,0.2450579791321292
rustedHinge,0.22934972853539015,0.21773044173512038,0.23090162557390873,0.24273746416071745,0.25437754988326367,0.2470165160021016,0.24018092673780814,0.19838691700087654,0.2003210899853955,0.23722534110413904,0.2514167804517127
hinge,0.22575925950815728,0.20650512905429147,0.21864247747513746,0.23571408869601648,0.25362083832668453,0.24379611168762244,0.23643092421681977,0.2003210899853955,0.19481168063703963,0.23197864135969634,0.2508551364105415
trapezoid,0.21163602767811002,0.23319620340316632,0.23624408134996516,0.2442779115910439,0.2169705847092298,0.23070511052566278,0.21253929962753393,0.237225341104139,0.23197864135969634,0.19376622255035345,0.21880226770917655
random,0.24056075833275048,0.2642719058704171,0.262690956393236,0.24906656051554132,0.23295739027740398,0.2554175137074164,0.2450579791321292,0.25141678045171273,0.2508551364105416,0.21880226770917655,0.20099500704656267
