,square,rectangle,parallelogram,losange,isoTrapezoid,kite,rightKite,rustedHinge,hinge,trapezoid,random
square,73.10256934472137,79.59763345029155,82.56512339502224,85.57505151242803,78.0925643961983,76.69450175499976,76.24605957972099,81.04044309808417,80.42751816705761,78.5613729726669,82.27381318838493
rectangle,79.59763345029155,72.75422353088855,78.21084609341402,81.5080169830998,83.77253877716764,80.53968682510101,80.44775248609113,78.66165314083058,76.88673534993595,81.15770020463306,84.57759213413937
parallelogram,82.56512339502224,78.21084609341402,73.9356907877046,78.70248863037897,84.96082769845758,83.46312334654709,82.35439626970853,81.10477949941152,79.3836405514713,81.25159697024966,84.34841412336058
losange,85.57505151242803,81.50801698309978,78.70248863037895,73.73248913438943,85.87646539488335,85.65857813104766,85.04106960414019,82.01003925996608,81.2396489761673,81.78218620239136,82.14490439013352
isoTrapezoid,78.0925643961983,83.77253877716764,84.96082769845758,85.87646539488335,73.62797834807144,78.29479836450086,78.05593459638827,84.51351589125358,84.27598132637979,79.11253685305914,81.49128856645376
kite,76.69450175499975,80.53968682510101,83.46312334654709,85.65857813104765,78.29479836450085,73.07864469978828,76.18553530968569,82.89978507910205,82.43336228403051,80.76134690055623,83.66268979619534
rightKite,76.24605957972099,80.44775248609113,82.35439626970853,85.04106960414019,78.05593459638827,76.18553530968569,73.28820116421372,82.52643561812839,81.92631787579137,78.62124983318344,82.94349774246898
rustedHinge,81.04044309808418,78.66165314083058,81.10477949941152,82.01003925996608,84.51351589125358,82.89978507910205,82.52643561812837,74.47702971063842,75.84928529198415,82.2875366188722,83.6857065574575
hinge,80.42751816705761,76.88673534993595,79.3836405514713,81.2396489761673,84.27598132637979,82.43336228403051,81.92631787579137,75.84928529198416,73.86825291989706,81.53729992739221,83.56138350958106
trapezoid,78.5613729726669,81.15770020463307,81.25159697024966,81.78218620239134,79.11253685305914,80.76134690055623,78.62124983318344,82.2875366188722,81.53729992739221,73.78088605521364,79.00055871041408
random,82.27381318838495,84.57759213413937,84.34841412336058,82.14490439013352,81.49128856645376,83.66268979619534,82.94349774246898,83.6857065574575,83.56138350958106,79.00055871041408,74.5648748418733
