,square,rectangle,parallelogram,losange,isoTrapezoid,kite,rightKite,rustedHinge,hinge,trapezoid,random
square,15.255946185848966,16.396736178334873,25.794249928633533,32.53361875423266,19.34497446848042,17.496978421868263,16.775456648583067,22.36153005558725,20.309970507044085,19.821159686823968,23.401697584318146
rectangle,16.396736178334873,14.74652873142363,26.52169127000287,33.641156307871874,21.115641563198643,18.852753542278652,18.232628979591198,22.906184167209368,20.32102351408225,21.550388476636524,24.838169458235086
parallelogram,25.794249928633537,26.52169127000287,22.80364227269657,27.045356841435844,25.276117559416644,23.07525572327497,24.473970329764416,24.341162063687506,24.819986585123313,22.798881773398914,23.882478055614033
losange,32.53361875423267,33.641156307871874,27.045356841435844,24.363052034412984,30.366477528111957,28.79826423650036,30.65688051443727,28.727593150648847,30.22762197324196,27.52885367939053,27.041058580088187
isoTrapezoid,19.34497446848042,21.11564156319864,25.276117559416647,30.366477528111957,13.912729868125219,16.762239357154616,16.820121702691708,20.9043636955081,19.995805130619093,18.414166117333433,19.17442675226902
kite,17.496978421868263,18.852753542278656,23.07525572327497,28.79826423650036,16.762239357154616,14.785816335534461,15.999264149431868,19.944519232993926,18.845278166199307,17.56242939658143,19.56756613773924
rightKite,16.775456648583067,18.232628979591198,24.473970329764416,30.65688051443727,16.820121702691708,15.999264149431866,15.01005898497774,21.076096921957554,19.61884537372683,18.062004038080506,21.066164785565423
rustedHinge,22.36153005558725,22.906184167209368,24.341162063687506,28.727593150648847,20.904363695508096,19.944519232993926,21.076096921957557,18.347973451566684,19.266855701691576,21.079729666311508,21.239451429231845
hinge,20.309970507044085,20.32102351408225,24.819986585123313,30.22762197324197,19.99580513061909,18.845278166199307,19.61884537372683,19.266855701691576,18.063565167313655,20.851220875513622,21.71952568195049
trapezoid,19.821159686823968,21.550388476636524,22.798881773398914,27.52885367939053,18.414166117333433,17.562429396581432,18.062004038080506,21.079729666311508,20.851220875513622,16.999521967268187,19.28507064664486
random,23.401697584318146,24.83816945823509,23.882478055614033,27.04105858008819,19.17442675226902,19.56756613773924,21.066164785565423,21.239451429231845,21.71952568195049,19.285070646644858,16.9067510454758
