,square,rectangle,parallelogram,losange,isoTrapezoid,kite,rightKite,rustedHinge,hinge,trapezoid,random
square,0.15963193563415212,0.1843286711817027,0.20710612544808293,0.22705754868554312,0.17675272799621464,0.17332365351498116,0.16971138887063214,0.1929314808063061,0.18935163688930218,0.18242424550906827,0.20374872887951168
rectangle,0.18432867118170268,0.15466612166197174,0.17924622403321605,0.20422887408310106,0.2132323782271932,0.19255861942004104,0.19048820320276424,0.18014100774190303,0.17077157990087144,0.19492743297569817,0.22144702829642698
parallelogram,0.20710612544808293,0.17924622403321605,0.16735352820588378,0.18675564874371003,0.22366190113935494,0.21465396943435922,0.20644112184246446,0.19619684332221538,0.1863836797088976,0.19637270491452358,0.2188241208217001
losange,0.22705754868554306,0.20422887408310106,0.18675564874371003,0.17015869303772238,0.23005683114934541,0.2302527610894359,0.22341682654036496,0.20565652287872568,0.20099596930048022,0.20034278048655907,0.20553547575883122
isoTrapezoid,0.17675272799621464,0.2132323782271932,0.22366190113935494,0.23005683114934547,0.1573244121049185,0.17866110885752337,0.17634184295869595,0.21482033642303386,0.2142633863717677,0.18374579488048726,0.19559421445516462
kite,0.1733236535149812,0.19255861942004104,0.21465396943435922,0.2302527610894359,0.17866110885752337,0.160882845047848,0.17059543703862462,0.20677037316445226,0.20430637296101373,0.19629556890782116,0.21425029274082646
rightKite,0.16971138887063214,0.19048820320276427,0.20644112184246446,0.22341682654036496,0.17634184295869595,0.17059543703862462,0.16102856785720407,0.20235767979295827,0.19919735909941827,0.18210259564515718,0.20732242227761166
rustedHinge,0.19293148080630607,0.18014100774190303,0.19619684332221535,0.20565652287872568,0.2148203364230338,0.20677037316445226,0.20235767979295827,0.16253532037974233,0.16504297662614995,0.19977091950291964,0.210590093298935
hinge,0.18935163688930215,0.1707715799008714,0.1863836797088976,0.20099596930048025,0.2142633863717677,0.20430637296101378,0.19919735909941827,0.16504297662614995,0.16071533788082826,0.19551265790094932,0.21082450724386637
trapezoid,0.18242424550906827,0.1949274329756982,0.19637270491452358,0.20034278048655904,0.18374579488048726,0.19629556890782118,0.18210259564515716,0.1997709195029196,0.19551265790094932,0.163399723554719,0.1823546029415973
random,0.20374872887951168,0.22144702829642698,0.21882412082170016,0.20553547575883122,0.19559421445516464,0.21425029274082646,0.20732242227761166,0.21059009329893505,0.21082450724386634,0.18235460294159728,0.16569147426854783
