,square,rectangle,parallelogram,losange,isoTrapezoid,kite,rightKite,rustedHinge,hinge,trapezoid,random
square,0.1623085951276603,0.14761747106491566,0.20985792482115842,0.2323057245170197,0.2138623551319707,0.19527243712768977,0.188932349665259,0.20339314018140867,0.1844687696458383,0.17303990458831403,0.22987719809429333
rectangle,0.14761747106491566,0.12205344506283873,0.18148135660501985,0.20706413399708326,0.20424497129249866,0.17660171698471938,0.17344594110703176,0.18666189567535732,0.1670893383007252,0.15900582850367928,0.21915177720947884
parallelogram,0.20985792482115842,0.18148135660501985,0.20593909618776357,0.22919829375266687,0.24311916728887334,0.23600033233173032,0.23581913726999792,0.24322601918267267,0.21843937668068664,0.2070267191698829,0.2544892083332716
losange,0.23230572451701964,0.20706413399708326,0.22919829375266687,0.24517683162467072,0.26338926644596033,0.255041535008723,0.2567597533699046,0.2659845276086415,0.242845278598076,0.22791993229337623,0.27153768847361853
isoTrapezoid,0.2138623551319707,0.20424497129249866,0.24311916728887328,0.26338926644596033,0.1873526842590528,0.24543270704695305,0.2270594281620032,0.2437534757822287,0.21895775214809052,0.19271576636321938,0.19844591560289834
kite,0.19527243712768977,0.1766017169847194,0.23600033233173034,0.25504153500872306,0.24543270704695305,0.17703254906152846,0.18712678174254377,0.25004906672394617,0.2348755121980728,0.21217795632045108,0.2696964548008884
rightKite,0.18893234966525901,0.17344594110703176,0.23581913726999792,0.2567597533699046,0.2270594281620032,0.18712678174254377,0.18068921388961326,0.22938323610742606,0.21519103163461004,0.19581977088083768,0.24719194555398993
rustedHinge,0.20339314018140867,0.18666189567535732,0.24322601918267267,0.2659845276086415,0.24375347578222864,0.2500490667239462,0.2293832361074261,0.2126858141864358,0.19695572776023068,0.20152127551139476,0.25297556230209656
hinge,0.18446876964583828,0.16708933830072523,0.21843937668068664,0.24284527859807603,0.21895775214809057,0.2348755121980728,0.21519103163461,0.19695572776023063,0.17613424690525098,0.1796805800549817,0.2279709527000831
trapezoid,0.17303990458831403,0.15900582850367928,0.2070267191698829,0.22791993229337623,0.19271576636321938,0.21217795632045108,0.19581977088083768,0.20152127551139476,0.1796805800549817,0.16050647102040563,0.20231588087646163
random,0.22987719809429333,0.21915177720947884,0.2544892083332716,0.27153768847361853,0.19844591560289834,0.26969645480088844,0.24719194555398996,0.2529755623020965,0.2279709527000831,0.20231588087646163,0.193197333950392
