,square,rectangle,parallelogram,losange,isoTrapezoid,kite,rightKite,rustedHinge,hinge,trapezoid,random
square,0.16309247102798916,0.14838474116470593,0.21052759514455313,0.23282168148491145,0.21431091648356215,0.19590522517780057,0.1895081444789274,0.2038863285616653,0.18501935180600448,0.1735720958077118,0.23016322083595503
rectangle,0.14838474116470593,0.12276161560882122,0.18205661800945716,0.2074114937921788,0.204523271258665,0.1771059860587399,0.17389038830435893,0.18706232303069123,0.16756708460508377,0.15939847694737116,0.21921073650434686
parallelogram,0.21052759514455313,0.18205661800945716,0.20648195986391962,0.22968232182160492,0.24342942635964665,0.23647955722718425,0.23621992004119574,0.24362172513510488,0.21890706276804325,0.20746187647669995,0.2546401869369268
losange,0.2328216814849115,0.2074114937921788,0.22968232182160492,0.24564831079469673,0.26372776402449066,0.2554230118891803,0.2571090192673754,0.2663067754741308,0.2432137762329456,0.22836845889419996,0.2717836253206059
isoTrapezoid,0.21431091648356215,0.204523271258665,0.2434294263596466,0.26372776402449066,0.18786575560047164,0.2459525440238889,0.22755275084518634,0.24407351970462435,0.21927699819060154,0.19325094572261575,0.1988650748388723
kite,0.19590522517780057,0.17710598605873987,0.2364795572271842,0.2554230118891803,0.2459525440238889,0.1776044790019736,0.18772898725420167,0.2505497790267519,0.23542851035469856,0.2127247262453158,0.2700359650339042
rightKite,0.1895081444789274,0.17389038830435896,0.23621992004119577,0.2571090192673754,0.22755275084518634,0.18772898725420167,0.18124247164111498,0.22985335965288828,0.21567408717989228,0.19632850453468229,0.24751239211151796
rustedHinge,0.2038863285616653,0.18706232303069123,0.24362172513510488,0.2663067754741308,0.24407351970462435,0.25054977902675185,0.2298533596528882,0.21309225608610613,0.1973885026101367,0.2019270238780306,0.2531512443493105
hinge,0.18501935180600448,0.1675670846050838,0.21890706276804325,0.2432137762329456,0.21927699819060148,0.23542851035469856,0.21567408717989228,0.1973885026101367,0.17661704780819015,0.18010671250458496,0.22818075593439305
trapezoid,0.1735720958077118,0.15939847694737116,0.2074618764767,0.22836845889419996,0.19325094572261575,0.2127247262453158,0.1963285045346823,0.2019270238780306,0.180106712504585,0.1610227025780843,0.2026986662394125
random,0.23016322083595506,0.21921073650434686,0.2546401869369268,0.2717836253206059,0.1988650748388723,0.2700359650339042,0.24751239211151796,0.2531512443493106,0.228180755934393,0.2026986662394125,0.19354939518939754
