,square,rectangle,parallelogram,losange,isoTrapezoid,kite,rightKite,rustedHinge,hinge,trapezoid,random
square,0.11591044656571775,0.13608369708814852,0.15845097019830648,0.17714471434568088,0.13122763470223714,0.12920611864757756,0.12557467556167115,0.14468395561915337,0.141720305684904,0.13661714040065007,0.15550351482364522
rectangle,0.13608369708814852,0.11336985864271446,0.13550553848748043,0.15852431804300646,0.16099278295181585,0.14532218018572707,0.1428218837442392,0.13565622907690447,0.12811733335749484,0.14700128541194482,0.17140397504644903
parallelogram,0.15845097019830648,0.13550553848748043,0.12642354204316836,0.14247836224738553,0.1733564256899928,0.167358449071253,0.15928839076476595,0.15084749410728804,0.14257739190474583,0.149373495037301,0.16999852499229456
losange,0.17714471434568088,0.15852431804300646,0.1424783622473855,0.13049208405285204,0.18124498055009025,0.18293126233691506,0.17506636528614203,0.16134838318356773,0.15693452879998385,0.15423872483615184,0.1612014328324775
isoTrapezoid,0.13122763470223714,0.16099278295181588,0.1733564256899928,0.18124498055009025,0.11629270365811016,0.13422473983576982,0.13131790714094346,0.163653418781254,0.16312071675140558,0.13818279879497886,0.1485954345937815
kite,0.12920611864757756,0.14532218018572707,0.167358449071253,0.18293126233691506,0.13422473983576982,0.120048680795903,0.12741439236766575,0.1584919200690205,0.1567075436607254,0.15051761787630577,0.16677925198088298
rightKite,0.12557467556167115,0.1428218837442392,0.15928839076476595,0.17506636528614203,0.13131790714094346,0.12741439236766575,0.11873618820903688,0.1540013156017945,0.15161942228075376,0.1369953892827897,0.15849718552521896
rustedHinge,0.14468395561915337,0.13565622907690447,0.15084749410728804,0.16134838318356773,0.163653418781254,0.1584919200690205,0.1540013156017945,0.12046877416530817,0.12313495769677826,0.1520085274038176,0.16241697022353851
hinge,0.141720305684904,0.12811733335749484,0.14257739190474583,0.15693452879998385,0.16312071675140558,0.1567075436607254,0.15161942228075376,0.12313495769677826,0.11995719475408012,0.14828198730738587,0.16242392402062675
trapezoid,0.13661714040065007,0.14700128541194482,0.149373495037301,0.15423872483615184,0.13818279879497886,0.1505176178763058,0.1369953892827897,0.1520085274038176,0.14828198730738587,0.12144715011400328,0.1372614313370747
random,0.15550351482364522,0.17140397504644903,0.16999852499229456,0.1612014328324775,0.1485954345937815,0.16677925198088298,0.15849718552521896,0.16241697022353851,0.16242392402062675,0.1372614313370747,0.12546990819924697
