,square,rectangle,parallelogram,losange,isoTrapezoid,kite,rightKite,rustedHinge,hinge,trapezoid,random
square,0.19674631028282913,0.23632176156368234,0.3366779226196473,0.4059147233775314,0.3996637853750967,0.3665660234205897,0.3706593179443812,0.423156183357938,0.3983039158940521,0.37709281359589175,0.4735621266758889
rectangle,0.23632176156368234,0.19182912876035593,0.30138447824075343,0.38868527099201056,0.43153528392993723,0.37961842903702964,0.3866564309476259,0.40322283844065493,0.37038736741670847,0.3901256580684302,0.4873292642158636
parallelogram,0.33667792261964735,0.3013844782407534,0.2579055188157882,0.3033433995811098,0.42869435973266856,0.40278935505616403,0.40026465934703886,0.41295465358917827,0.3900204772102048,0.3691550280914562,0.45087734783517225
losange,0.4059147233775314,0.38868527099201056,0.3033433995811098,0.26958758155801354,0.43857592571601856,0.42936338649301564,0.42272356438429515,0.4367593059357371,0.42607101952305315,0.37289308245273545,0.42747681806826937
isoTrapezoid,0.39966378537509684,0.4315352839299371,0.4286943597326687,0.43857592571601856,0.24026521813467647,0.30591742369705516,0.28462832560074525,0.38169830088909684,0.3914610714747605,0.29546800017793196,0.34422043708973665
kite,0.3665660234205897,0.37961842903702964,0.40278935505616403,0.42936338649301564,0.30591742369705516,0.24299645398756237,0.2571435683149502,0.358699943331449,0.35473932447793616,0.32505461542084113,0.3702907547630684
rightKite,0.37065931794438123,0.3866564309476259,0.40026465934703886,0.42272356438429515,0.2846283256007452,0.25714356831495017,0.2262267550745438,0.34101302248157317,0.343158700187377,0.29446686442398834,0.34914893109448486
rustedHinge,0.423156183357938,0.40322283844065493,0.41295465358917827,0.43675930593573703,0.38169830088909684,0.358699943331449,0.3410130224815732,0.2428288294216165,0.26287557982573784,0.3746111011163339,0.3828498628744225
hinge,0.3983039158940521,0.37038736741670847,0.39002047721020483,0.42607101952305315,0.3914610714747605,0.35473932447793616,0.34315870018737693,0.2628755798257378,0.2522859996655632,0.3718990382060623,0.38524061097783985
trapezoid,0.37709281359589175,0.39012565806843014,0.3691550280914562,0.37289308245273545,0.29546800017793207,0.32505461542084113,0.2944668644239884,0.37461110111633394,0.37189903820606235,0.25325005917168153,0.3222108192753561
random,0.4735621266758889,0.4873292642158636,0.45087734783517225,0.42747681806826937,0.34422043708973665,0.3702907547630684,0.34914893109448486,0.38284986287442246,0.38524061097783985,0.3222108192753561,0.2706839221927566
