,square,rectangle,parallelogram,losange,isoTrapezoid,kite,rightKite,rustedHinge,hinge,trapezoid,random
square,0.21362039294858737,0.1996072756767943,0.24433269995097995,0.2633886441350452,0.22206665182173826,0.24301152754900276,0.2218311262211902,0.23359071976946008,0.22619606420477625,0.21056193099814324,0.22369104295239928
rectangle,0.19960727567679432,0.1564192446903091,0.19308245492276144,0.21528126897242353,0.21429227625347003,0.21785128405571624,0.20226762560527325,0.19929660563502166,0.1915967278535863,0.18761163640908787,0.20351183412251989
parallelogram,0.24433269995097998,0.19308245492276147,0.20188019562779433,0.2192015645463717,0.2397121930672043,0.24866989524697067,0.23777394269694974,0.23712565253375098,0.22666586901065025,0.2130340020460078,0.2223003431214238
losange,0.26338864413504515,0.21528126897242353,0.2192015645463717,0.2275945982444587,0.2558756600754361,0.26069015963818204,0.2536492242287429,0.2595680074129092,0.24979502356483757,0.22873024382648793,0.23555323319176438
isoTrapezoid,0.22206665182173826,0.21429227625347003,0.2397121930672043,0.2558756600754361,0.17008958635587307,0.25607303120390923,0.2231037260287226,0.23548150113493746,0.22135856403201304,0.18880870975792322,0.17627473382740275
kite,0.24301152754900276,0.21785128405571624,0.2486698952469706,0.26069015963818204,0.25607303120390923,0.20804117836071875,0.2169573569894831,0.28174113726815736,0.27723867109794975,0.24122353241734693,0.2634726730211104
rightKite,0.2218311262211902,0.2022676256052732,0.23777394269694968,0.2536492242287429,0.2231037260287226,0.2169573569894831,0.2023517747821128,0.2496186923076615,0.2435705176401629,0.21088064082762364,0.22753871918547716
rustedHinge,0.23359071976946003,0.19929660563502166,0.23712565253375098,0.2595680074129092,0.23548150113493746,0.2817411372681574,0.24961869230766148,0.20966072790058587,0.20217589637123842,0.2170197444228845,0.221920522562069
hinge,0.22619606420477625,0.1915967278535863,0.22666586901065025,0.24979502356483757,0.22135856403201304,0.27723867109794975,0.2435705176401629,0.20217589637123837,0.1915761350085374,0.20574455144075762,0.20846048907852954
trapezoid,0.21056193099814324,0.1876116364090879,0.2130340020460078,0.22873024382648793,0.1888087097579232,0.24122353241734693,0.21088064082762364,0.21701974442288444,0.20574455144075762,0.177517398740936,0.17917505802637682
random,0.22369104295239925,0.20351183412251989,0.2223003431214238,0.23555323319176438,0.17627473382740277,0.2634726730211104,0.2275387191854771,0.22192052256206898,0.20846048907852954,0.17917505802637682,0.16003366737160338
