,square,rectangle,parallelogram,losange,isoTrapezoid,kite,rightKite,rustedHinge,hinge,trapezoid,random
square,0.2180860307153526,0.2470119698177315,0.27284856224157095,0.2975298493402823,0.23953670011666256,0.23405811429209086,0.23010169801816852,0.25851815910383985,0.2532718256594977,0.24611711967334535,0.2714255111025053
rectangle,0.2470119698177315,0.20979080790676952,0.24062486849209072,0.2699004741177556,0.2819802649001847,0.2562344322719102,0.2541008246792172,0.24146420826944914,0.22944627430981596,0.25988486808088457,0.2903161226355323
parallelogram,0.2728485622415709,0.24062486849209072,0.2286368086542557,0.2533948552916332,0.29384213701671436,0.2821926817159029,0.27250422892402204,0.2614513113018289,0.24911632620249666,0.2627536285513361,0.28906633996238107
losange,0.29752984934028226,0.2699004741177556,0.2533948552916332,0.2333562037433348,0.3023059046520812,0.3013402195706555,0.29405271498793306,0.2717787595197715,0.2656998317802008,0.2690786306925313,0.2739537044051601
isoTrapezoid,0.23953670011666256,0.2819802649001847,0.2938421370167143,0.3023059046520812,0.21713725539975764,0.24207645692975335,0.23985354318544685,0.2856679459956806,0.28375040391201173,0.24924690224129445,0.2641093098267405
kite,0.23405811429209086,0.2562344322719102,0.2821926817159029,0.3013402195706555,0.24207645692975335,0.21883725045762595,0.23112962274977067,0.274704654268464,0.27077092354335636,0.2622257727731571,0.2835213774763775
rightKite,0.23010169801816852,0.2541008246792172,0.27250422892402204,0.29405271498793306,0.23985354318544685,0.23112962274977067,0.22011338101910063,0.26954002053674603,0.2646490519014727,0.24634866549427345,0.27686215274161363
rustedHinge,0.25851815910383985,0.24146420826944917,0.2614513113018289,0.2717787595197715,0.2856679459956806,0.274704654268464,0.26954002053674603,0.22269141838198891,0.2243741926372049,0.2673076705682314,0.27957276364703854
hinge,0.2532718256594977,0.229446274309816,0.24911632620249666,0.2656998317802008,0.28375040391201173,0.27077092354335636,0.2646490519014728,0.2243741926372049,0.21802914306682517,0.2610461585522656,0.27872086462151063
trapezoid,0.24611711967334535,0.2598848680808845,0.2627536285513361,0.2690786306925313,0.24924690224129445,0.2622257727731571,0.24634866549427345,0.2673076705682314,0.26104615855226565,0.22444034056919504,0.24847378154994312
random,0.2714255111025053,0.2903161226355323,0.28906633996238107,0.2739537044051601,0.26410930982674047,0.28352137747637757,0.2768621527416136,0.2795727636470386,0.2787208646215107,0.24847378154994312,0.22684465777265225
