,square,rectangle,parallelogram,losange,isoTrapezoid,kite,rightKite,rustedHinge,hinge,trapezoid,random
square,0.15911818104091807,0.14316746979334669,0.2027524700606064,0.22341612387486687,0.20519091554605126,0.18811860892668583,0.1818538711915333,0.19498758757930165,0.17670645816381533,0.16545470701222692,0.21901777389150315
rectangle,0.14316746979334666,0.1183013402782613,0.17480753633021473,0.1981364113902059,0.19482946987151173,0.1690342282106682,0.16596425741142862,0.1785276543626528,0.15978631325573883,0.15092220181696966,0.20798883126215637
parallelogram,0.2027524700606064,0.1748075363302147,0.20012024315254126,0.22196384384930387,0.23326178768716874,0.22725783814726228,0.2272383365572076,0.23410079676399645,0.20999434420959998,0.19871918086564525,0.24354224938060395
losange,0.22341612387486687,0.1981364113902059,0.22196384384930393,0.23871510509313043,0.25297356517265324,0.24537131774021845,0.24732991108475708,0.256127902062832,0.23331092586070998,0.2192143841322967,0.26095337928133494
isoTrapezoid,0.20519091554605126,0.19482946987151173,0.23326178768716874,0.25297356517265324,0.1815047591004203,0.23848875159805047,0.22090685286653938,0.23495678191719682,0.20999460220625324,0.18590138640838585,0.18964714363298088
kite,0.18811860892668583,0.16903422821066819,0.2272578381472623,0.24537131774021845,0.2384887515980505,0.17205140540053443,0.1821161468468301,0.24285385825785188,0.22795377188517615,0.20540754264320632,0.26101755026121526
rightKite,0.1818538711915333,0.16596425741142862,0.2272383365572076,0.24732991108475708,0.22090685286653938,0.1821161468468301,0.17656229564413006,0.2226595901833733,0.208557124511083,0.18980869751854826,0.23917321437840128
rustedHinge,0.19498758757930165,0.1785276543626528,0.23410079676399645,0.256127902062832,0.23495678191719682,0.24285385825785194,0.2226595901833733,0.20757188163765242,0.19142718483317941,0.1933566206855468,0.2436513979223054
hinge,0.17670645816381533,0.15978631325573886,0.20999434420959992,0.23331092586070998,0.2099946022062532,0.2279537718851761,0.208557124511083,0.19142718483317941,0.17089414496715122,0.1715956111679868,0.218521628153837
trapezoid,0.16545470701222692,0.1509222018169697,0.19871918086564522,0.2192143841322967,0.18590138640838583,0.20540754264320632,0.18980869751854826,0.19335662068554677,0.1715956111679868,0.1550107330137379,0.19423509449582538
random,0.21901777389150315,0.20798883126215637,0.24354224938060395,0.26095337928133494,0.18964714363298088,0.2610175502612153,0.23917321437840133,0.2436513979223054,0.218521628153837,0.19423509449582543,0.1859000121353322
