,1610555604.25mOvVXuL01OCiReyVWBfesjuvXmB3MoPy,1610555605.43B6oDsBtWRQ29Q9UMQuTUEPZy3FSSWXzc,1610555610.92HPGJJSmyPM40z7otPBgHalNrHFA7zk5d,1610555606.68LaSQbm9EHAFycEfFtEqAwYqlBsQPjIRW,1610555617.19EKxMEwDHfXiEJZc27TsGoERaD6Da4BZU,1610555722.52PJ3FD50MGhRXyUD28vluU8Z9UjLJLZn4,1610555617.52Ijr5puT55g9apK8auM7zaxa3NANg502t,1610555638.77ZLjTLkz4jYJdFMI2wWBztzsDILkoOtAk,1610556912.46C7tJPLF0XfNnm8f1820X9aLmXMHoc0Dw,1610555617.51LjzIROg0aeCP2GhDcAVQ0LipKJB9jmKc,1610555608.17OpjjHobqRkX0UPcaXrbu7K6L3805SZri,1610555721.82zWeNZfGUUfRJkgnAwlP8VMhPzXctnSd4,1610555735.75bom85BDF0C7W2eIseHeMxi24qR68nzMi,1610555735.77NnT5xqKnwcf2BbjIekeb2arTQj6QMNwk,1610555638.33wjf1PhdNaoWfbRzXVn50hmFyB5bYAiLV,1610555606.65jCE4ig8Pu8kvAzkxnSGfWsV0nQBjCf8H,1610555608.18ONsBCVo1i7BrX0XG9stct4oiA6ejX9Oz,1610555721.51RNoQUMP19FTMS79BmA3JkgSm2IC2AQuQ,1610555971.86O0cHB2ibBJ8jxoObg01EpGe8VVV5mpwn,1610556911.51zU3duZSGpcw1BDNsBLxdOCITAXwl6z3i,1610555988.71dMoYT8250UHHJGxgmITTmbHe7V6gH1yU,1610556042.81mlUZsSp7gbGjrp8jQSnybT1gPy6e62o1,1610555637.02UBW5nKvDyUrKnaWcYRGajZPxTRDS0q3N,1610555619.13oUYNikU4facCTpUSiSLr0vPI0tJLnXiT,1610555721.03nzkucfjAUh31zTbmCVvTVYqtjoxZFnBh,1610555722.67fhKURdXVzRbLIjXmjRwdJHTnE7PWb1AE,1610555638.39J2ZWBLuLTHP0jOlzB4tNHmYeijH5g5YJ,1610556032.17Q6yCDx9g7alRnL9jBFXD2JhhUyB2hKfJ,1610557007.49MyVgDnuUuBxrvL6SGOdhKf69VYlW1MSm,1610555638.44hjT5hbYdKoE3MB6hijrjqbjmLgvCUYKD,1610555608.13zUvmFSCRt6SsLbhqFznMEvGx54GPGQzM,1610556038.62a5C4ynd1AARyAhTv8a58NCqHvXRjscqH,1610555644.45Xse8u7pusHNsd7F3d0A32HXvXr6weOJE,1610556038.62gKXOCG7XCn55eJvyl5voNjbwOW0znQDq,1610555987.13v0oleKK97pkesp6oMgprH8SoSdoDVdIO,1610556964.96ZLLeiQW0qpmxhPGTg7K03fmzkqsC2bjC,1610555987.13VQlEedQ50VvkPMEMzZDv3KNnQCewykN9,1610555982.186TY6MMGkDecIN1woW6vsfAMXVV7jnyjO,1610555982.673LuMndkwkvdmZOn0MmE2Pkidx0FtNalb,1610555733.38zItcuH7gHNfKdALR2d9Nek6bxCyw36Vm,1610556034.15BQxSbZINGCay0yp6RBVlgcPrw76Yn9ON,1610555639.37BPZpgtGml8qUsh9AdV4m32jPLfI2aNFq,1610556965.57S0adAalhWYe6K3bkZU0bRHbqnDK8gGkR,1610555983.54zteLPCMjyrjzPdhHhlZr3faCgD0TfYr3,1610555987.79rHnNRmt9a0ufmnwCvZqBouyUoZDNpylW,1610556960.041xWER61rmArlsKfiMl4frikWmUCnQ7op,1610556035.13a7NHZDutfTMJ88qle1gTYY59Dr4WmMsj,1610556890.456ZBDaY16bMtrTZTqAgHl3wq1tRxzqDow,1610555760.24e6890pkbyZ97Or6croI1rQgjkSsR0yVt,1610556043.02YpWMIJg3W004iqlPyv8OcVAZdSC5rNYw,1610555987.03z05P26TLtONYM1HSzupoc2CeNMa6HTqr,1610556032.15OYCzUxpsz7b10AXBAuDXrvEcvxFhf0M7,1610556032.63Z80yI9pNwS3jSmsDABbuhf8wkNa2Ze9y,1610555736.28eGuESasTXdR3SqY6pHhEXWZtcdciYLCO,1610556034.61bebeZA0MkaFG2sm3VKiqrxeqQginTTW0,1610556944.5XwXOphKYT3ZkWA8gViqOS97VHVuMVUqb,1610556944.745UVLFBzf7fPh4UH37I6tYQOFPqRDytEh,1610556034.63XsUwaFaPZevO1JNFjfhvY4aKNFnV4noV,1610556964.89xwBHw9faT1HjQRMNQEyA4qJ3hWkwgj3k,1610556966.74DydzH91jtyvRyYau47JpVkZoMRSNTt01,1610555740.77UueVziDbaXyRR4OcVJIIZyzOfAzN51bj,1610556046.84e3vwjyRCzqz0wJQhrk8zsxlFfFSv98Df,1610556137.99eoPuVrDThKAOvmeprLPb2FWRqIhzUodc,1610555740.73XFwSrmTXJPlaxGZSefh0jOVA8PI3III1,1610556123.88AOfNaz9jSnqU5Czc7okOv1RCrYfKFBTo,1610556046.85nB7NvyoYQeLcOV391Lmmut1wAM8CFGLw,1610556123.89H4pdIAzDthI7bMXMhlIhKUYIQIvtmPPQ,1610555740.87GOYQUJKpkynIS2lFqppYK4b32ol7NeGh
1610555604.25mOvVXuL01OCiReyVWBfesjuvXmB3MoPy,0.0,70.56996441212178,23.05718305378998,63.79093029278043,46.349910779474094,55.957605228922034,46.63168801065667,30.590907329387395,37.452569046072554,62.319177868551165,76.05893687154249,62.32708198956543,90.22986423621384,46.124843785162845,65.03195409840198,62.31464417454126,81.34312417129182,72.38297986389382,50.71035320025792,54.005048383864825,67.60965792587494,69.38154325717862,56.85351310971865,28.124286592615004,62.4736166835458,60.87281831309834,47.693837042817776,61.17782855405681,68.533375863431,55.71401440427529,61.3006551915968,57.10309068785865,74.50203273622853,66.3970234861351,60.76837329318412,64.25377487527065,60.439558002236524,66.46917094096385,67.73737420422131,61.004415895188416,64.74647048173671,70.90321696092553,63.69682550347851,63.22467664019431,71.8269554716315,74.1779048633553,64.0528377035643,59.88932983547597,59.052212629044725,72.1733075585371,57.62598708402683,53.4942941534353,67.84410944810257,75.87141079911814,58.42874783144256,60.28532646775409,62.04256347214197,63.01969742882902,55.433768118711065,58.06425645309076,72.59359142907576,75.48791650218821,69.77530740689464,72.07615842159778,60.67937135195395,73.82371693349687,65.04917703582082,69.84872799957884
1610555605.43B6oDsBtWRQ29Q9UMQuTUEPZy3FSSWXzc,70.56996441212178,0.0,61.85266108525406,46.26306009026084,63.91834387862132,60.09045649342703,58.07780602820508,60.14031352476647,64.68483242627958,70.85545505140668,56.04633059889389,54.77769937672383,84.27927373270042,58.91349208422616,53.27258518235417,57.3228419494384,65.12696823998759,34.8157027311736,60.83985107513486,68.23075847469015,61.01890084127642,52.098617810943985,61.3921095044463,60.451654925520785,57.26074947272219,63.89564938070756,67.88176755475699,54.15654358026105,50.785045281527836,52.61890313912722,63.417359966896214,60.69870350019547,73.53082265745026,59.80920470366066,59.084957954553644,59.55741696143377,59.89711122215526,54.13767798108593,43.66993536030718,64.6978375953121,55.03289164619782,56.322322483241116,62.27624353098966,53.6069589013643,40.93611126850201,35.66996174765192,66.16826156851961,68.66805352752648,64.11176494337033,78.3476916284466,59.63168398108374,65.66650455627536,60.5870313140564,53.819025563189506,60.3589166908403,63.21934831178501,56.833209077618974,57.73442763202705,61.5623763548698,53.45658370139603,54.00447857077263,57.20181508338132,67.71032505298254,59.26921890323148,63.11567784173197,53.60066431348959,71.60475544135323,53.36135327135909
1610555610.92HPGJJSmyPM40z7otPBgHalNrHFA7zk5d,23.05718305378998,61.85266108525406,0.0,55.19835645582791,40.43278617378541,50.46271009267363,35.61254716131447,20.645150961497926,34.12843223786656,61.46557074263778,65.41752398618843,54.58590575640194,88.04665839613887,35.460454410227285,56.904754550670056,54.58131630723837,71.00062125776499,62.506566043547316,46.19501320455455,52.04503041604195,59.0432589836616,59.69858619380089,51.032284938487024,20.727075728596905,56.440396995645955,53.56148366245511,44.77784303546698,52.59446658763151,60.780825181566705,45.2297876883148,54.673633158453384,51.4535309164384,72.62598358612061,60.732945443543976,53.38789100223056,55.11618531289543,52.574362617369694,59.92139382414262,60.627511800766904,55.5087478081148,56.18168047035787,61.03722441846194,56.677956030746614,58.27846961355294,61.97654672967107,64.63381800968423,57.96687882418343,57.11883754416674,56.4234567132735,68.66221053981371,51.763808061773325,48.69471830002227,59.26299586948045,66.51867107131527,50.649787993817434,54.860151695635324,53.42548379320912,53.352571239220474,50.15190825018609,50.149253465160044,63.11937497974661,65.90945624372037,66.70943710153615,62.51329926467589,56.95309828223767,63.627164796678926,60.339158970575475,60.77232012859632
1610555606.68LaSQbm9EHAFycEfFtEqAwYqlBsQPjIRW,63.79093029278043,46.26306009026084,55.19835645582791,0.0,57.87468064734288,58.188510225442144,52.70943415598564,54.6013803328226,58.27826922977421,71.55180320365147,50.47568387625896,50.3411234452319,89.41226324567651,55.28919248560072,53.7131589191516,50.98159464909508,61.80619256316983,50.684396416269585,55.99049394126937,63.25655533402083,56.42055415038382,54.65937470471183,60.88109513717022,54.82325615302377,61.345274364503354,61.86780207313371,60.3217188889755,50.46179861388711,51.80268700640116,52.516290219181236,57.01122553510428,59.66846034933164,76.31754778785611,60.36278741329437,51.88316538120074,48.35655874156982,53.671828616017805,56.778679295209606,46.6342501484975,59.740208793948916,46.564910530619855,52.8235682055078,54.29892066912662,50.42379274109742,51.305885268907076,54.17878577482344,63.61621914407003,64.86785084298793,64.76170751835343,73.28672274152274,54.39982675549297,60.56156271985015,58.80395491372587,54.67832738624225,53.52600430431972,62.946618397431294,57.85957179174531,53.767446587541876,55.946543227171425,56.62360589314967,55.67076530475648,58.45064489980158,66.30289075969013,59.74991612744642,60.82718249127741,57.52322535407581,64.39583853703516,53.80022139017111
1610555617.19EKxMEwDHfXiEJZc27TsGoERaD6Da4BZU,46.349910779474094,63.91834387862132,40.43278617378541,57.87468064734288,0.0,53.4810011168313,37.1645949055306,41.4755226840414,35.92642111513722,63.632476527732905,64.43978029350447,56.945629381609514,89.17953990278701,43.23273625288306,58.82480368820441,56.28852619521731,70.75467647481587,62.786437024090574,47.865273658413294,54.701323413793276,60.43464935785665,59.912345191376396,44.06964406465666,41.44135449802172,55.38178574257569,55.83456971774873,41.498532157889535,56.20432494840984,63.640851787540015,45.23868696909764,55.29004852808339,44.63986302851225,74.16670473682322,61.87127225039049,55.73200666800594,57.424114065150626,55.26337474511885,60.836145799666625,62.372082522680216,59.366067797728235,56.85831163416768,63.24009830478893,57.42014945591265,62.50202228862688,63.743885555760585,65.92290964603852,58.43635157004521,58.94572533894534,58.07146327477992,65.78643783416581,56.57128263263358,49.81572573630449,61.66888914425636,68.42816204903663,54.83875183321752,52.46197707052628,54.1024470057412,57.17945866930363,55.509547310115366,50.536761949160756,62.74060674203234,67.76938058887107,66.97104368894159,63.47861055289032,58.002869715447815,64.71013162188052,60.107124680602205,60.65547446952359
1610555722.52PJ3FD50MGhRXyUD28vluU8Z9UjLJLZn4,55.957605228922034,60.09045649342703,50.46271009267363,58.188510225442144,53.4810011168313,0.0,50.49440754849793,49.233960356905136,50.665529659031556,70.36186199410918,61.40740570592968,57.43674656346905,89.66846507607619,50.47955465965091,59.04418753817292,62.25726887919241,68.17459598514623,58.51980325638744,33.197828400298626,63.20663221216083,57.256087833927,57.45849873817799,52.89489874766916,48.56183791339735,55.71054320905595,34.347366972231036,56.5312303732682,56.6141858401928,63.85530971747755,48.28812175621167,62.47540051915053,49.084981964992835,78.54777933052624,67.16387941206185,59.1922797944765,58.937558317630476,60.11630251389845,65.92672012730182,59.77787825745299,58.94820987755114,61.96162417802664,59.75560435897378,61.36703679155821,58.93670615680436,60.644760361830194,57.79978997025317,56.932308521122586,57.779555419030785,65.50486708131243,70.18279134123544,56.67792868545752,51.492221661594115,60.40972267287015,65.28296415118992,60.47905651886586,52.25638678680282,57.21825550847192,56.721864435779636,56.21541577430621,45.75074944584571,59.25712763735552,64.20243914902414,71.70665305479498,59.11322936390935,65.7391405628891,60.79691070423183,61.13706583064194,58.74963236599787
1610555617.52Ijr5puT55g9apK8auM7zaxa3NANg502t,46.63168801065667,58.07780602820508,35.61254716131447,52.70943415598564,37.1645949055306,50.49440754849793,0.0,35.38312938341696,39.366633522200424,66.7863925777307,58.25451288414336,53.55119688815285,89.34869557383938,34.732568715343945,54.02023952661797,54.617425270188114,63.56282744826052,56.5096185588365,46.91627485023119,59.236827834380556,56.37032929254427,52.81751555646509,51.5066351206102,35.93744837106803,57.052363134676206,49.30383963510252,52.44169980676324,50.6351933783967,59.07235432206249,35.110250048942504,55.797442921314065,48.066850138280714,75.72749980280702,62.02021609335942,53.22755218052844,52.30024300539125,53.12483005084382,60.17366365561998,58.843478612039604,56.7319354725349,54.36295001879064,56.279962562943524,55.74792826672371,58.297733995932994,57.35996126947979,59.511137316376534,59.32469044313432,60.9768296521303,60.764952976094946,71.80031742543213,53.337996425211955,51.65135800299866,56.848051393998034,61.993638007271805,51.900276051809,55.76425015980774,50.72275351432007,51.33865296995667,52.58013788246598,45.34335994844904,57.19145274489339,61.50006832915709,70.0819104780652,57.1144460808833,60.65146644789845,57.535175218397306,63.19530790898005,55.04380153059064
1610555638.77ZLjTLkz4jYJdFMI2wWBztzsDILkoOtAk,30.590907329387395,60.14031352476647,20.645150961497926,54.6013803328226,41.4755226840414,49.233960356905136,35.38312938341696,0.0,33.44647313970936,62.94121200478586,64.09509222938591,51.315543047043114,88.11895895635851,30.047904807592968,54.004958930823605,53.68058727774517,69.49488680299503,58.811853739020044,45.26463827622912,53.00363851482349,55.02267324541467,56.305469445486736,51.55772507557343,16.638769285937943,55.81863360553526,51.51583786501923,47.874842514431855,50.17887785209179,60.36799333672849,43.42921950293558,54.19811518024708,51.92863783230319,73.02103504516869,60.63945166661973,51.48680093031404,53.26380975433654,50.6159873275387,59.290568745623695,60.13914677109405,53.70498545179749,54.94234742410226,57.96388362525052,54.85683326020915,56.27464608711063,59.61185712664012,62.23898153882613,55.37798910764589,56.278704871847005,57.45129539395046,69.81249666665973,49.30266294538911,47.255697381223854,58.07240693669462,64.8628680887975,49.677218050281105,55.42891942865414,51.48485551374299,50.38963877956338,48.16251174160018,47.846489564922045,59.818481830613045,64.10324601536468,67.25506387144878,59.67707563476013,57.695338573710735,60.38724835854848,61.77507864697718,57.92980536299452
1610556912.46C7tJPLF0XfNnm8f1820X9aLmXMHoc0Dw,37.452569046072554,64.68483242627958,34.12843223786656,58.27826922977421,35.92642111513722,50.665529659031556,39.366633522200424,33.44647313970936,0.0,63.674910897263764,68.31583169375321,54.48957163747085,88.93787229399749,38.07551624654643,56.62436503091451,57.24632130556326,73.66064469687643,62.07373395399297,42.19365139679817,53.75300720513657,56.88971893864416,59.94255337907106,53.59332115482606,32.758645226746246,58.24669943456119,52.917982648022125,48.6379534529933,53.47015204257534,64.47252515836067,48.57956140143325,57.22887979752189,53.30823568633349,74.05553619473643,63.01875438622442,55.04152611253716,57.01631703670833,54.54162436224779,62.45122345522168,63.86530551955947,58.44752455044496,57.8233811587061,62.06034001236571,56.19782659366775,59.470353144101296,64.33276393951135,66.64935403790024,57.28376671664164,57.220555712476326,59.772408051342715,70.54791507425108,51.97736543567064,49.810971507114566,61.72894578687069,69.05252087534716,54.420057539524294,57.83695953828378,55.14724290023773,55.18712151511599,51.04501581168017,50.89595812204603,63.05367924386144,68.3715939538593,69.28023912052878,63.42816159488464,60.410315864096034,64.45258633838506,63.37279124868914,60.55356692992469
1610555617.51LjzIROg0aeCP2GhDcAVQ0LipKJB9jmKc,62.319177868551165,70.85545505140668,61.46557074263778,71.55180320365147,63.632476527732905,70.36186199410918,66.7863925777307,62.94121200478586,63.674910897263764,0.0,83.51351017509143,72.34642176095895,65.10179535969125,66.25476608552,74.58451715710845,68.72111966521945,90.47012833165313,78.05090867774044,70.59356301830364,63.17487616759715,77.19942086127861,79.0398231048575,64.87709677072806,62.22739932441216,68.13221407336677,75.45264223480874,61.979138890454955,72.54738726632377,73.65278778996336,69.95487084351532,68.31813401230531,70.1332150580844,40.9723449594825,70.62720349205941,69.5551457269244,75.11101593403178,69.4321324553571,68.87993496858782,70.00808795823035,71.32174115665326,73.29692601655823,82.06731197757837,73.56295085421935,75.26225799965066,76.87725966421809,77.77300567799354,73.47884121928851,71.20281735279806,41.98637226164772,77.92224338342355,69.48658311883965,68.17310013943394,73.46956758115759,82.76737381335037,67.36581870246182,70.44228486369855,73.24826850012658,70.79282557317133,69.5568177434077,71.27129773743997,80.85226419189235,83.95265207049671,69.99829030169101,84.05202010243313,60.569259229496815,82.55349798272684,74.07691777115969,78.27396462216977
1610555608.17OpjjHobqRkX0UPcaXrbu7K6L3805SZri,76.05893687154249,56.04633059889389,65.41752398618843,50.47568387625896,64.43978029350447,61.40740570592968,58.25451288414336,64.09509222938591,68.31583169375321,83.51351017509143,0.0,57.805548995916745,97.07560947387034,61.57035966705374,57.56063771336394,59.55305624565831,40.01583117884043,50.632603408842655,63.03800445083585,74.53336794174271,55.65817143520788,53.499327049925405,64.45420620539572,65.01458563852776,60.85048939341819,59.792019210483154,71.31126385297864,56.176866826059225,57.946869179208264,57.41777931804187,65.66199531290884,61.98404746731576,86.71206103271408,68.52575179738267,58.23261459466915,52.080732575425934,60.391575853370675,65.81535947146536,58.7580711011026,65.11449590189329,57.73319833507656,46.99031756122376,59.61242294843845,61.78058125012692,52.65703127127241,49.0654704307005,68.20722489827193,69.89265875644114,75.96097494355743,74.97303298186863,64.66683133259426,68.46061780213375,60.73712000222903,54.77140041007405,63.56244668959472,61.610448605067546,55.37601896285563,58.0437052499198,68.06681422228968,58.029142215857604,53.43499327761585,53.32008080445187,74.81888972320333,52.370068680936065,70.953292721438,50.18157459611041,67.70500737640151,54.563544187620415
1610555721.82zWeNZfGUUfRJkgnAwlP8VMhPzXctnSd4,62.32708198956543,54.77769937672383,54.58590575640194,50.3411234452319,56.945629381609514,57.43674656346905,53.55119688815285,51.315543047043114,54.48957163747085,72.34642176095895,57.805548995916745,0.0,91.56711251758658,51.18766664113822,52.53867173394619,49.4257813150082,64.45671889177837,47.13769688735974,57.49888906759529,58.23599047055982,38.023273477510315,43.184404137922385,60.10954383377218,52.58024084987358,56.95030832281947,58.11685367172022,62.22333417575064,42.66867327266099,54.26423912345954,56.17913078166014,60.10604457050456,62.13627656446265,76.62807902609941,59.20734032863907,44.79473682623341,46.467452187787586,51.86792613968871,56.635734264729955,54.859910231159894,57.66953099593499,51.49769319274323,47.92204639156599,56.71845533549236,50.785958132405824,53.88789346775564,56.03078123598429,56.79144182945382,60.09225233745997,65.55446934408445,70.60857657223367,40.56583636253541,55.67250322710198,59.89097027527709,57.1378983903822,54.31958139149684,61.85967544478505,52.34343876315214,47.765939939277864,47.62875666635371,55.36895229507918,54.44353088824972,57.811751565198605,65.02248087433831,56.67094713587297,59.943353154959304,52.703068856766265,63.26839680793866,53.54074989186467
1610555735.75bom85BDF0C7W2eIseHeMxi24qR68nzMi,90.22986423621384,84.27927373270042,88.04665839613887,89.41226324567651,89.17953990278701,89.66846507607619,89.34869557383938,88.11895895635851,88.93787229399749,65.10179535969125,97.07560947387034,91.56711251758658,0.0,88.68775285434684,91.25949404293443,90.77081723831661,103.89340553427768,90.05908758907276,90.3481689346414,87.03679388004716,94.95899507730913,94.90307705145105,90.22520945036499,87.82404317915044,90.91230500704664,93.10057243728751,89.46289440811067,91.1813491063332,89.47284927295243,90.87576185425844,91.17652308191694,89.96359781652866,47.81005931398706,88.80903996496376,90.5520675224267,93.73739042172224,91.02843513566694,87.67959343537359,89.16725786335863,90.84539846684478,92.05922346265895,96.92693233448776,92.73976279711081,90.33164865995239,91.58162458667356,89.42870107103124,93.68945223046325,93.14763946783529,80.57920174497623,96.42929360303887,90.94530471486186,91.62123115330267,91.2086130831143,97.15625983049105,91.01841380735142,92.01523808293713,92.72632411034962,91.21252574273281,91.53342209660542,91.28114755813712,95.06632187186393,98.40132122671653,87.55774405876029,98.92847545252498,87.73098532175638,95.84273224580322,92.61908701411588,93.40209871713209
1610555735.77NnT5xqKnwcf2BbjIekeb2arTQj6QMNwk,46.124843785162845,58.91349208422616,35.460454410227285,55.28919248560072,43.23273625288306,50.47955465965091,34.732568715343945,30.047904807592968,38.07551624654643,66.25476608552,61.57035966705374,51.18766664113822,88.68775285434684,0.0,53.7027416307294,55.13685797672197,67.1561636692689,56.04029487334446,47.696979294233586,57.04629310992333,52.9395011400574,53.651824842131546,53.37754645843087,33.10439852149242,55.94255480257747,51.08256432472745,52.4703788638047,50.744156209661696,61.3009944162753,42.56651084133684,56.34488042712115,53.823641445451976,75.038861330612,62.24618636226982,52.84361958342288,53.62229572794313,51.640339776215846,60.491301796913625,60.614786652030624,55.974410997035704,54.78813286714669,56.228302640220384,55.82782984549995,58.62479681855399,57.98297785359648,59.76305031815585,56.20270700345976,58.68883448332904,60.32246483779343,71.42570665516502,51.28330397667114,50.06335975670969,58.06914559982361,64.12831562229495,51.405542472069776,56.948949539500326,50.65465021244977,49.28937722815293,51.196324401199,47.485032292543295,57.43872141836675,62.86790775801184,69.62505967990138,58.3650127385288,60.7708009055401,57.91711976794701,63.363750765975254,56.19379101895501
1610555638.33wjf1PhdNaoWfbRzXVn50hmFyB5bYAiLV,65.03195409840198,53.27258518235417,56.904754550670056,53.7131589191516,58.82480368820441,59.04418753817292,54.02023952661797,54.004958930823605,56.62436503091451,74.58451715710845,57.56063771336394,52.53867173394619,91.25949404293443,53.7027416307294,0.0,55.72841628017752,63.588380924694015,51.08585889711932,57.34706019188093,66.61216015124391,53.6617538702838,49.584026745174604,60.98943387435471,54.818256432761565,58.357263729405,59.13916560112752,63.77041852759599,55.747061313871114,54.35628804855711,53.67345640326401,58.018943639778634,58.87557694037068,79.23739077160009,67.82809706677072,50.397813647094495,52.019498389272805,52.12522435728848,64.21209653253045,58.27200186812716,58.235576711302656,49.525927139607866,52.363285068940286,48.74528377639958,58.57384952977724,45.816114715534816,54.57070516841452,59.031738575402024,63.42062814109002,71.0910487134193,74.46444564026295,56.12069873639582,59.38749227747117,64.67156138399525,55.36905270648312,57.55220572670004,63.14133075915376,51.684781659899805,54.12447477914925,59.700039512537046,52.848416040819906,56.352642034934384,55.417162460982674,73.98602628137961,55.75677084060979,68.64843796798262,51.00007943362398,68.29990731238335,58.1928916276936
1610555606.65jCE4ig8Pu8kvAzkxnSGfWsV0nQBjCf8H,62.31464417454126,57.3228419494384,54.58131630723837,50.98159464909508,56.28852619521731,62.25726887919241,54.617425270188114,53.68058727774517,57.24632130556326,68.72111966521945,59.55305624565831,49.4257813150082,90.77081723831661,55.13685797672197,55.72841628017752,0.0,67.3683179160591,59.31320797207615,62.35061655827173,54.48444936166374,55.193716421198346,57.687880462038216,57.898230285657164,54.38767052816263,57.69259242656869,65.02951608871872,58.41139605881722,49.19705708057372,52.37899346341932,56.7445153831176,49.41462367214013,62.728589364856745,73.68580886779746,51.51291205694043,38.18083471017068,45.36279782336094,44.802368469957884,45.38595989668241,58.404101476152086,60.681793551594346,50.301171655406726,57.96751432440069,58.66245730524004,59.46916919098194,55.128435465638994,62.23416189841297,58.79541522074684,59.45755787240491,62.0138829961884,69.75822020860625,48.66818011805254,58.521136743038625,57.74095061870446,61.056639272285565,46.257179030218154,62.389583161026316,56.34418492777554,48.416617782528256,53.60875726698344,59.04985658799738,58.24925377987886,62.21028235724546,60.750065692321286,62.099568753240995,56.47602935369115,59.2241739859699,61.92785767672312,55.78114784686955
1610555608.18ONsBCVo1i7BrX0XG9stct4oiA6ejX9Oz,81.34312417129182,65.12696823998759,71.00062125776499,61.80619256316983,70.75467647481587,68.17459598514623,63.56282744826052,69.49488680299503,73.66064469687643,90.47012833165313,40.01583117884043,64.45671889177837,103.89340553427768,67.1561636692689,63.588380924694015,67.3683179160591,0.0,58.03940294585798,69.6957737692065,81.39668187551052,58.92506643038968,57.972664026889625,71.44121282452181,70.6809822615293,66.64538400005416,63.75425851515502,77.74217129293474,61.955353600428786,65.3307683551511,63.52035930902259,72.88883085167437,68.26750040426228,94.11788692806499,76.143753111984,65.0644828211706,58.587062040018395,67.15123255940615,73.49644507979929,66.10920912431962,71.63210408323523,65.43929586933986,52.41694953027153,66.32958432378464,68.76552502316507,59.30587991077918,57.26160990309093,73.35112241992793,76.09328577853977,82.96908857455045,81.0918603853662,71.2825954297303,73.79422305112298,67.42485402631985,60.70927781554284,70.6117590517089,68.79833909106597,59.749933631950896,63.82903295089865,74.14706617616979,63.25234487666491,57.808486374744504,56.05171719045744,82.16825481867963,53.91516707066915,77.75916394813686,53.71821322351117,74.0264504784012,59.387358618352295
1610555721.51RNoQUMP19FTMS79BmA3JkgSm2IC2AQuQ,72.38297986389382,34.8157027311736,62.506566043547316,50.684396416269585,62.786437024090574,58.51980325638744,56.5096185588365,58.811853739020044,62.07373395399297,78.05090867774044,50.632603408842655,47.13769688735974,90.05908758907276,56.04029487334446,51.08585889711932,59.31320797207615,58.03940294585798,0.0,58.31313421987658,71.21427346883945,51.53248812589109,43.67187152033458,63.40055574169208,59.66399019451577,60.01599292230133,58.29625178898961,69.82034987921816,50.69792431779489,55.229337057944555,54.09548869161541,65.3167565680055,62.234417633888704,80.24596490059889,64.44707434236439,58.09201236109563,53.788987855662555,60.35201383401687,60.51264978615263,52.35761002473749,63.5980217451503,55.7428750614352,46.430387962652425,59.17268792594958,53.41974961020255,40.84835345690787,34.67514839547472,62.81771231320057,68.1702505791946,71.36364261405498,77.64090233053973,56.285930947578,65.01279365285983,59.64626858939863,51.192339775354114,62.870315880784716,64.66378905733424,52.19104929756375,55.16866450701204,59.99277341532746,53.87535937565435,45.75249002186487,50.80653779685234,73.13134193946729,49.48825316947576,68.12070117772831,44.35223012850742,70.45032187511912,47.47250195496648
1610555971.86O0cHB2ibBJ8jxoObg01EpGe8VVV5mpwn,50.71035320025792,60.83985107513486,46.19501320455455,55.99049394126937,47.865273658413294,33.197828400298626,46.91627485023119,45.26463827622912,42.19365139679817,70.59356301830364,63.03800445083585,57.49888906759529,90.3481689346414,47.696979294233586,57.34706019188093,62.35061655827173,69.6957737692065,58.31313421987658,0.0,63.36666419911474,58.75143559240122,56.88701978178608,56.03430252102126,44.5857922225667,59.534223741467216,45.13752623245971,54.30021714982631,56.668453464109305,64.79213337035554,45.97651142368855,63.26191956180718,48.393657155405954,79.02887773349318,67.46796236192918,59.91850301051956,59.613397286352026,60.81381729191426,66.71999358497168,61.880364883728134,58.72425066712411,60.676381573899214,60.83044326982359,60.49950476721706,58.06081458801258,61.42282422439374,61.46556261934377,59.55325418732375,57.90396623326012,65.93421172727831,70.64977482638865,56.51024959621325,50.08559257208099,62.471930922231685,66.48011132123987,61.65133656222479,57.76003234057393,56.56142569045273,59.48749224029246,55.24670208555057,46.28485648811155,59.27685481859872,65.51077303942778,73.17193528298432,59.63325015063068,65.93521570321244,61.85408095613636,62.31901510669114,58.01054584716516
1610556911.51zU3duZSGpcw1BDNsBLxdOCITAXwl6z3i,54.005048383864825,68.23075847469015,52.04503041604195,63.25655533402083,54.701323413793276,63.20663221216083,59.236827834380556,53.00363851482349,53.75300720513657,63.17487616759715,74.53336794174271,58.23599047055982,87.03679388004716,57.04629310992333,66.61216015124391,54.48444936166374,81.39668187551052,71.21427346883945,63.36666419911474,0.0,63.181440302751106,68.8650003803764,58.34288288824605,53.45113829496119,62.614695148407314,67.63016893375537,51.66493196282554,60.28466816059782,64.90234870185921,64.53738472762326,59.47950482573371,63.60072011665921,68.61325050291627,58.788015527636084,54.07011629063145,60.56704538617472,53.441048077459996,58.972979562301916,67.17390748702768,68.28872418327256,62.032230127875266,70.18957858086928,67.25691766958722,63.90193722726269,67.21849805565546,73.5290326219386,63.0055387946217,59.25408569190061,58.859229133759406,70.3263407529879,57.340907385549876,60.15889278761826,69.37366599776591,74.83041326200576,54.82719514220809,63.81905711102132,63.28674738298051,56.51682211485445,57.48725807133043,65.28918546084056,72.70205486148151,75.42299853840612,58.73610739386108,75.36576931233255,54.37549582732992,73.5272614130624,63.99588187117831,70.36039110820872
1610555988.71dMoYT8250UHHJGxgmITTmbHe7V6gH1yU,67.60965792587494,61.01890084127642,59.0432589836616,56.42055415038382,60.43464935785665,57.256087833927,56.37032929254427,55.02267324541467,56.88971893864416,77.19942086127861,55.65817143520788,38.023273477510315,94.95899507730913,52.9395011400574,53.6617538702838,55.193716421198346,58.92506643038968,51.53248812589109,58.75143559240122,63.181440302751106,0.0,45.743395788919486,61.906546606780616,56.08960683797983,59.809688697598446,54.993006232125644,65.32898400230867,44.78120245568372,60.52997512609491,58.082101409786965,62.72813837052824,64.40218199551865,81.10869807924091,65.31222615379137,47.36839713294405,48.61682115714577,53.73929921427155,63.02055875734278,60.61443634317255,60.55233366833517,53.942747351807434,47.16778501308807,57.00299638439671,57.54048185475294,55.96349534015173,56.44682451762412,57.27004630005432,63.9585378429328,70.62296319282562,72.76413301612251,49.51623159391314,58.19506167499385,61.61497868818681,60.538573088486906,57.26167517949979,63.67574142246253,52.37256631420623,44.1892466607449,55.50777406392108,56.62438165528043,52.65349866703765,58.83544289790411,70.80394902790692,54.69829868030731,65.62445006921352,51.9595051270307,65.33754190493022,53.3555283265642
1610556042.81mlUZsSp7gbGjrp8jQSnybT1gPy6e62o1,69.38154325717862,52.098617810943985,59.69858619380089,54.65937470471183,59.912345191376396,57.45849873817799,52.81751555646509,56.305469445486736,59.94255337907106,79.0398231048575,53.499327049925405,43.184404137922385,94.90307705145105,53.651824842131546,49.584026745174604,57.687880462038216,57.972664026889625,43.67187152033458,56.88701978178608,68.8650003803764,45.743395788919486,0.0,60.54446747938063,57.570062035067956,58.40549174297872,56.01251843673316,67.91163073828194,47.455706495963234,58.75769776739561,50.18291710762377,65.01534242662444,57.561265200185495,83.20315228623262,66.38042327086787,54.65720773510443,50.67527379233778,57.24887976819313,62.92108332717425,57.165542357176186,60.979063581592705,57.17951678488648,42.23389602324685,58.50246805163853,58.31162156905702,48.73256816959888,50.84167120832137,60.91401825051163,66.55836143150749,72.14453732491708,75.48133967956842,54.478018167792825,60.03565698721165,61.098111792873446,53.47478410189549,60.44842599158577,62.24870497776923,51.26679461216435,51.0277591109073,57.93441192275798,47.32272691209136,46.46113850595075,49.35424624479014,74.77526027409728,46.202215737206664,68.46515027816491,41.9294552933229,68.64404998306523,48.49484542679645
1610555637.02UBW5nKvDyUrKnaWcYRGajZPxTRDS0q3N,56.85351310971865,61.3921095044463,51.032284938487024,60.88109513717022,44.06964406465666,52.89489874766916,51.5066351206102,51.55772507557343,53.59332115482606,64.87709677072806,64.45420620539572,60.10954383377218,90.22520945036499,53.37754645843087,60.98943387435471,57.898230285657164,71.44121282452181,63.40055574169208,56.03430252102126,58.34288288824605,61.906546606780616,60.54446747938063,0.0,51.209010701108305,49.53617404192181,56.13141455557362,44.686353744412585,60.14880954664681,63.13442275428337,46.835654661578324,54.16923759621047,46.16935443111252,75.19251951411967,63.09070788912614,57.51616202500453,58.64793801689326,56.28865611657495,58.884670174495746,58.458872033165974,63.36491819108505,60.25069022340009,64.86577236327366,60.444126071291,65.82570663313959,62.62636958113399,62.29278079251732,55.68103957769672,59.4430696678332,57.71271978485566,65.5231155906066,59.914455511830774,51.54922300744694,63.11365276647283,66.96197045169319,55.28068055590133,40.56867972165723,56.76149076401353,57.3370144114165,59.921467477998405,48.42331174812378,63.964014589323924,67.90453830049964,66.25136557427001,64.5204216536888,57.726746362031996,64.52816312103838,61.47834163775724,64.87079513884514
1610555619.13oUYNikU4facCTpUSiSLr0vPI0tJLnXiT,28.124286592615004,60.451654925520785,20.727075728596905,54.82325615302377,41.44135449802172,48.56183791339735,35.93744837106803,16.638769285937943,32.758645226746246,62.22739932441216,65.01458563852776,52.58024084987358,87.82404317915044,33.10439852149242,54.818256432761565,54.38767052816263,70.6809822615293,59.66399019451577,44.5857922225667,53.45113829496119,56.08960683797983,57.570062035067956,51.209010701108305,0.0,55.9259269799459,51.44719636389242,47.07125147979845,51.13975897768468,60.636356424843925,43.833579735304156,54.44850681035888,51.28310440179636,72.65809366752457,60.68041807150468,51.69689953569091,54.01350372615044,51.68585572429507,59.34182553827345,60.020479132949504,54.09609388290337,55.720693742098106,59.017529759338984,54.62855059955722,56.85761911475113,60.7854893974671,63.11559111494249,55.491125505417195,56.05447289501425,56.88873050501426,70.12773256421616,49.83392223117228,47.234018341677384,58.09350963203918,65.27954329284523,50.30124764001486,55.30078221515765,52.54268602821072,51.04425664740365,48.73532261102361,47.81113578157315,60.442649469955704,65.12868684599373,66.79266939292107,60.56857246276509,57.25602749202147,61.34646180108594,61.80114120227891,58.42185729224724
1610555721.03nzkucfjAUh31zTbmCVvTVYqtjoxZFnBh,62.4736166835458,57.26074947272219,56.440396995645955,61.345274364503354,55.38178574257569,55.71054320905595,57.052363134676206,55.81863360553526,58.24669943456119,68.13221407336677,60.85048939341819,56.95030832281947,90.91230500704664,55.94255480257747,58.357263729405,57.69259242656869,66.64538400005416,60.01599292230133,59.534223741467216,62.614695148407314,59.809688697598446,58.40549174297872,49.53617404192181,55.9259269799459,0.0,58.0868652968299,58.92499250787058,55.75896315782682,60.50669271000477,55.24478257252908,60.32375334589985,53.03658811515673,76.26930125062864,62.95474345795637,55.56139470173911,57.56317257091464,57.21965714200938,58.237212102843365,51.050988316589084,59.913921152557094,62.45896974123799,59.44592113804286,57.7852527382747,63.300443413505455,59.298550863793835,53.44153566873713,59.523309366737735,56.86922101702381,60.16168085322585,68.41896949108772,58.16622066997866,58.117714209756514,59.99382914830686,63.47506979006678,60.1878528252673,44.6417518136528,47.8549773891867,56.474150400681054,59.19597066096046,45.91328701122414,59.176116672081676,62.338553039853885,65.61956296827925,58.34661528411428,58.93176749901046,59.261951633325786,62.6874979977825,59.545917395493355
1610555722.67fhKURdXVzRbLIjXmjRwdJHTnE7PWb1AE,60.87281831309834,63.89564938070756,53.56148366245511,61.86780207313371,55.83456971774873,34.347366972231036,49.30383963510252,51.51583786501923,52.917982648022125,75.45264223480874,59.792019210483154,58.11685367172022,93.10057243728751,51.08256432472745,59.13916560112752,65.02951608871872,63.75425851515502,58.29625178898961,45.13752623245971,67.63016893375537,54.993006232125644,56.01251843673316,56.13141455557362,51.44719636389242,58.0868652968299,0.0,60.630251324759655,56.41470961590753,64.45542395386511,50.10166814063478,65.15805442357795,52.01751361069275,82.5880594766069,70.05746558365995,61.06567571552933,57.478736135487175,62.13813978659291,68.53722500818806,62.47161009466694,61.08048432292926,63.962329690497356,56.599071813386246,61.239948203618425,60.539122970713,61.59818963323131,58.15613609196441,58.88338230635826,61.36646684085703,70.04952938407499,71.84794534002825,58.629107355595586,57.025860680787225,61.420404799442494,65.66737527528876,63.53712634087675,53.95483375951823,55.56327352313827,57.8030172478596,59.180425563544794,46.52245535002622,58.21685242492443,63.7326451599963,75.39041406981855,56.38546311708287,69.30462372515872,58.579279215084405,63.70026800183273,58.86209667348415
1610555638.39J2ZWBLuLTHP0jOlzB4tNHmYeijH5g5YJ,47.693837042817776,67.88176755475699,44.77784303546698,60.3217188889755,41.498532157889535,56.5312303732682,52.44169980676324,47.874842514431855,48.6379534529933,61.979138890454955,71.31126385297864,62.22333417575064,89.46289440811067,52.4703788638047,63.77041852759599,58.41139605881722,77.74217129293474,69.82034987921816,54.30021714982631,51.66493196282554,65.32898400230867,67.91163073828194,44.686353744412585,47.07125147979845,58.92499250787058,60.630251324759655,0.0,62.24779526882275,66.77295898070281,56.29519649731725,53.38336837324601,53.59959183050567,73.25771108018556,63.25917835268023,58.781753646603605,61.585169356799184,57.27549312275442,62.69214721887331,65.18069064697912,62.08200984383432,60.67711209868124,69.7569715162078,60.85848565429179,66.10766842877676,68.39163343321223,71.56715512501798,58.29795870445083,57.630186357286654,56.27976455391594,60.19307399026,59.472785534278486,50.811515019583005,66.16815716702986,73.1942947059249,56.88856663186511,56.32804100181066,61.5056407211424,60.53215514959102,58.35371340083463,58.41012266301222,70.04596966096297,73.02588939067856,64.67287946883893,70.88217241058138,56.256264604815186,71.99461714145696,53.93467060281593,68.45546349391614
1610556032.17Q6yCDx9g7alRnL9jBFXD2JhhUyB2hKfJ,61.17782855405681,54.15654358026105,52.59446658763151,50.46179861388711,56.20432494840984,56.6141858401928,50.6351933783967,50.17887785209179,53.47015204257534,72.54738726632377,56.176866826059225,42.66867327266099,91.1813491063332,50.744156209661696,55.747061313871114,49.19705708057372,61.955353600428786,50.69792431779489,56.668453464109305,60.28466816059782,44.78120245568372,47.455706495963234,60.14880954664681,51.13975897768468,55.75896315782682,56.41470961590753,62.24779526882275,0.0,53.9127827102258,54.30400398633144,60.74386955597697,59.698248873214034,76.84550826168491,54.05257253769397,49.03074278681358,47.602169470236575,52.987170135863494,53.297955918261756,54.161278210781425,55.43459163710662,56.124099844025686,46.117126931639234,55.42431945886805,48.621621735156104,54.38605240791141,53.0998963956663,57.38111554457733,60.34902862190929,66.15490339860148,70.51620578416014,46.34911386034598,57.08985009568363,55.06921438594518,57.73543427251146,55.570304989811014,60.836037806860254,49.69642534840538,44.184534186732066,46.964417811882896,52.70616991530072,50.916666124844234,58.329835647747025,64.68920543612559,53.3251003512239,59.33185998320741,51.62136800509419,63.13499380401583,49.111054040017045
1610557007.49MyVgDnuUuBxrvL6SGOdhKf69VYlW1MSm,68.533375863431,50.785045281527836,60.780825181566705,51.80268700640116,63.640851787540015,63.85530971747755,59.07235432206249,60.36799333672849,64.47252515836067,73.65278778996336,57.946869179208264,54.26423912345954,89.47284927295243,61.3009944162753,54.35628804855711,52.37899346341932,65.3307683551511,55.229337057944555,64.79213337035554,64.90234870185921,60.52997512609491,58.75769776739561,63.13442275428337,60.636356424843925,60.50669271000477,64.45542395386511,66.77295898070281,53.9127827102258,0.0,59.42921900924557,61.52112409722789,62.63717860331564,76.30097190180211,59.19085610253269,53.53360513539571,50.72519374912609,58.84442192452973,51.81298216665858,55.23573559447293,66.00640972505306,52.41164482245719,57.03355815902193,61.80025840985583,51.56566892695213,51.93027289129583,53.96327159446925,66.22527092174207,67.10950266018082,68.2294347803658,75.67347505213817,57.3071089232326,65.35701686143801,62.464592241048564,56.079448056919105,60.037560999534165,61.59962173975599,59.55706229592007,57.60003502355251,61.917723081163636,59.19314639609169,61.376387611898615,61.062501496956635,60.61441517436087,63.75185394293598,59.725648657039784,56.6411173884684,69.35086553095354,61.41802742190318
