,1610555604.25mOvVXuL01OCiReyVWBfesjuvXmB3MoPy,1610555605.43B6oDsBtWRQ29Q9UMQuTUEPZy3FSSWXzc,1610555610.92HPGJJSmyPM40z7otPBgHalNrHFA7zk5d,1610555606.68LaSQbm9EHAFycEfFtEqAwYqlBsQPjIRW,1610555617.19EKxMEwDHfXiEJZc27TsGoERaD6Da4BZU,1610555722.52PJ3FD50MGhRXyUD28vluU8Z9UjLJLZn4,1610555617.52Ijr5puT55g9apK8auM7zaxa3NANg502t,1610555638.77ZLjTLkz4jYJdFMI2wWBztzsDILkoOtAk,1610556912.46C7tJPLF0XfNnm8f1820X9aLmXMHoc0Dw,1610555617.51LjzIROg0aeCP2GhDcAVQ0LipKJB9jmKc,1610555608.17OpjjHobqRkX0UPcaXrbu7K6L3805SZri,1610555721.82zWeNZfGUUfRJkgnAwlP8VMhPzXctnSd4,1610555735.75bom85BDF0C7W2eIseHeMxi24qR68nzMi,1610555735.77NnT5xqKnwcf2BbjIekeb2arTQj6QMNwk,1610555638.33wjf1PhdNaoWfbRzXVn50hmFyB5bYAiLV,1610555606.65jCE4ig8Pu8kvAzkxnSGfWsV0nQBjCf8H,1610555608.18ONsBCVo1i7BrX0XG9stct4oiA6ejX9Oz,1610555721.51RNoQUMP19FTMS79BmA3JkgSm2IC2AQuQ,1610555971.86O0cHB2ibBJ8jxoObg01EpGe8VVV5mpwn,1610556911.51zU3duZSGpcw1BDNsBLxdOCITAXwl6z3i,1610555988.71dMoYT8250UHHJGxgmITTmbHe7V6gH1yU,1610556042.81mlUZsSp7gbGjrp8jQSnybT1gPy6e62o1,1610555637.02UBW5nKvDyUrKnaWcYRGajZPxTRDS0q3N,1610555619.13oUYNikU4facCTpUSiSLr0vPI0tJLnXiT,1610555721.03nzkucfjAUh31zTbmCVvTVYqtjoxZFnBh,1610555722.67fhKURdXVzRbLIjXmjRwdJHTnE7PWb1AE,1610555638.39J2ZWBLuLTHP0jOlzB4tNHmYeijH5g5YJ,1610556032.17Q6yCDx9g7alRnL9jBFXD2JhhUyB2hKfJ,1610557007.49MyVgDnuUuBxrvL6SGOdhKf69VYlW1MSm,1610555638.44hjT5hbYdKoE3MB6hijrjqbjmLgvCUYKD,1610555608.13zUvmFSCRt6SsLbhqFznMEvGx54GPGQzM,1610556038.62a5C4ynd1AARyAhTv8a58NCqHvXRjscqH,1610555644.45Xse8u7pusHNsd7F3d0A32HXvXr6weOJE,1610556038.62gKXOCG7XCn55eJvyl5voNjbwOW0znQDq,1610555987.13v0oleKK97pkesp6oMgprH8SoSdoDVdIO,1610556964.96ZLLeiQW0qpmxhPGTg7K03fmzkqsC2bjC,1610555987.13VQlEedQ50VvkPMEMzZDv3KNnQCewykN9,1610555982.186TY6MMGkDecIN1woW6vsfAMXVV7jnyjO,1610555982.673LuMndkwkvdmZOn0MmE2Pkidx0FtNalb,1610555733.38zItcuH7gHNfKdALR2d9Nek6bxCyw36Vm,1610556034.15BQxSbZINGCay0yp6RBVlgcPrw76Yn9ON,1610555639.37BPZpgtGml8qUsh9AdV4m32jPLfI2aNFq,1610556965.57S0adAalhWYe6K3bkZU0bRHbqnDK8gGkR,1610555983.54zteLPCMjyrjzPdhHhlZr3faCgD0TfYr3,1610555987.79rHnNRmt9a0ufmnwCvZqBouyUoZDNpylW,1610556960.041xWER61rmArlsKfiMl4frikWmUCnQ7op,1610556035.13a7NHZDutfTMJ88qle1gTYY59Dr4WmMsj,1610556890.456ZBDaY16bMtrTZTqAgHl3wq1tRxzqDow,1610555760.24e6890pkbyZ97Or6croI1rQgjkSsR0yVt,1610556043.02YpWMIJg3W004iqlPyv8OcVAZdSC5rNYw,1610555987.03z05P26TLtONYM1HSzupoc2CeNMa6HTqr,1610556032.15OYCzUxpsz7b10AXBAuDXrvEcvxFhf0M7,1610556032.63Z80yI9pNwS3jSmsDABbuhf8wkNa2Ze9y,1610555736.28eGuESasTXdR3SqY6pHhEXWZtcdciYLCO,1610556034.61bebeZA0MkaFG2sm3VKiqrxeqQginTTW0,1610556944.5XwXOphKYT3ZkWA8gViqOS97VHVuMVUqb,1610556944.745UVLFBzf7fPh4UH37I6tYQOFPqRDytEh,1610556034.63XsUwaFaPZevO1JNFjfhvY4aKNFnV4noV,1610556964.89xwBHw9faT1HjQRMNQEyA4qJ3hWkwgj3k,1610556966.74DydzH91jtyvRyYau47JpVkZoMRSNTt01,1610555740.77UueVziDbaXyRR4OcVJIIZyzOfAzN51bj,1610556046.84e3vwjyRCzqz0wJQhrk8zsxlFfFSv98Df,1610556137.99eoPuVrDThKAOvmeprLPb2FWRqIhzUodc,1610555740.73XFwSrmTXJPlaxGZSefh0jOVA8PI3III1,1610556123.88AOfNaz9jSnqU5Czc7okOv1RCrYfKFBTo,1610556046.85nB7NvyoYQeLcOV391Lmmut1wAM8CFGLw,1610556123.89H4pdIAzDthI7bMXMhlIhKUYIQIvtmPPQ,1610555740.87GOYQUJKpkynIS2lFqppYK4b32ol7NeGh
1610555604.25mOvVXuL01OCiReyVWBfesjuvXmB3MoPy,0.0,1.6900176731445187,0.9104715155264741,1.5981846688647405,1.7211232404198202,1.8270396259015624,1.8734697502928908,1.3581143643828204,1.6754281265612225,2.3186921363107422,2.0609736200136988,1.6945824510949168,2.534033073010581,1.527968885683123,1.7267752929533404,1.5867352728615245,2.3626320410982915,2.14674029798997,1.6016716644002562,1.9573918667026438,2.3550860488452554,2.17438371651235,1.6878790400688073,1.1543543395947398,1.7370721552370119,2.571038674128726,1.9044656414081609,1.659574721814061,2.0754203133406484,1.4517893437396725,1.7251133359329245,1.7412159146864223,2.399274840761636,1.8692070281349578,1.7689928474957208,1.7403028093130675,1.760992722088107,1.959453054019998,1.8327282278234096,1.769952301888941,1.67063309513431,1.9303331788997025,1.8866932021398581,1.7473851455010658,1.8400441367027383,1.973377076862675,2.1434036872440996,1.9597591881352117,2.047240394050644,2.2195215023678463,1.7175089940240722,1.822691851995034,1.9735627131985491,2.0416225688870107,1.610662646761179,1.758074252691414,1.8766666729235866,2.0033575752746304,1.705246817840061,1.515796997453864,1.8285893961356876,2.1455592887798307,2.5171916833180803,2.0812565139354984,2.3155832254096604,2.605281276290004,2.6539385320292315,1.7690477348578562
1610555605.43B6oDsBtWRQ29Q9UMQuTUEPZy3FSSWXzc,1.6900176731445187,0.0,1.7528427579739247,1.3454002114509132,1.8540153749097112,1.8361294181256806,2.067368300543949,1.8781300346200316,2.0218095725750524,2.419411977633875,1.8918480891030645,1.5766106791791803,2.3480517057843553,1.7950026092845306,1.4876176564645254,1.5768491149110935,2.1439545849382324,1.4584304720843397,1.7701740184844512,2.0063863407359968,2.3505522611306353,1.9937887605239997,1.654541380307218,1.7749693600249825,1.5636665388533444,2.5628798196212204,2.074636563031525,1.5452666248494578,1.8877862734116053,1.5299638640953226,1.8002229341527392,1.7259513585848096,2.3352857257606328,1.7404710845159659,1.7562920928684307,1.6449677846793536,1.7480657450202857,1.7567734467902503,1.3850458362150642,1.5924683746429624,1.5608097327987276,1.709445882630253,1.7117079121462917,1.5425053620036733,1.43827312657205,1.4090809795168215,2.0798196578843804,2.0068082441598927,2.092860578428636,2.084256870842236,1.6875461455041412,1.8292852134673425,1.7220995849645577,1.7110817805068481,1.7563803257521386,1.6313765488233256,1.781212839625031,2.070548644856622,1.7391470155415167,1.427274093482907,1.5642831854006052,1.8514427426795885,2.2931230795044986,1.8487690103000474,2.2882368725592332,2.3799962056554262,2.4944465118778583,1.5707853308407924
1610555610.92HPGJJSmyPM40z7otPBgHalNrHFA7zk5d,0.9104715155264741,1.7528427579739247,0.0,1.6667781178021437,1.8428483764314079,1.9530737046470792,1.9206137623398807,1.0982057307777155,1.6675866823619323,2.355553162733132,2.1012576508777716,1.779585832449684,2.5303920090167606,1.591879702948292,1.7052076030925085,1.622463155862188,2.4017380188349255,2.124702500530884,1.6505617779553197,2.0353233196517375,2.3637393765880645,2.19307579364358,1.7407089320142097,0.8859884198761848,1.843711537566423,2.658808544429641,1.9350805531051505,1.698630665316682,2.094750876574273,1.5540348411957694,1.776813441771729,1.9393141363012705,2.455802892348971,1.911411843404759,1.7759763683425775,1.7698213739778828,1.766252506591419,1.9869553699829219,1.882128657833798,1.7700336561974086,1.6482418550151656,1.9197395973559341,1.8257897138237678,1.785826383287856,1.8648686200672207,1.99728311917501,2.067565187577031,2.025192904684024,2.1331089125267373,2.2621513159732225,1.7082306099246876,1.7505865307885065,1.9849611941077383,2.077504599968199,1.6671529589108285,1.8271733572688995,1.971435999932065,2.103494418579345,1.7008430758269568,1.6203722662592395,1.8061717719211663,2.159274360814178,2.5583822297330294,2.065781974457533,2.402917335082278,2.5863078183141894,2.6851272016692924,1.7633346557283476
1610555606.68LaSQbm9EHAFycEfFtEqAwYqlBsQPjIRW,1.5981846688647405,1.3454002114509132,1.6667781178021437,0.0,1.6475220544039761,1.599053830030969,1.7738344460380921,1.869108509487458,1.9126732070304127,2.4847483894341296,1.7801297280611665,1.4707027943475153,2.5182408009277166,1.7469555222771862,1.5026951280595282,1.4195581831237705,2.183247014319637,1.7830669008119275,1.6254469645502485,1.8909854497178913,2.1202275791889402,2.029401115808506,1.604629433959366,1.7338396562128442,1.5933832336112412,2.3889775857377336,2.0110234374109104,1.3821281265346017,1.7978713419084762,1.3143900745036294,1.7393498808926036,1.6704027126187302,2.428673315921076,1.6545810874125988,1.4813406858923839,1.47817697824658,1.5299542008481228,1.705511386019534,1.5566033295236246,1.61806875125297,1.3175838452977813,1.7013815076526368,1.6540396246638525,1.4925300224898062,1.5429182521260576,1.6225744990579825,2.063915421624169,1.947803852493382,2.1278606315517083,2.116992898558901,1.4368232483196668,1.757433041509395,1.7635991911236513,1.703525132399257,1.566438371095885,1.6308435082910442,1.7178167912313782,1.7810224999179745,1.4921380768855994,1.3342491413335054,1.6190513206463373,1.8737722842844848,2.344918974359105,1.9040682598213279,2.2038915829863095,2.4774077650169004,2.5307223988690635,1.5372399579173235
1610555617.19EKxMEwDHfXiEJZc27TsGoERaD6Da4BZU,1.7211232404198202,1.8540153749097112,1.8428483764314079,1.6475220544039761,0.0,1.6184213292133756,1.5966635215376546,1.9975203699238777,1.5313331352607977,2.6469527371270196,1.927745196076861,1.6396038404773297,2.7031186413479626,1.862076060896073,1.7807203412135906,1.8482047684162821,2.194175649983517,2.0098041083992833,1.6737141765175894,2.1136225576893657,2.0324063043221487,2.236253826227578,1.6993031244974355,1.8881813808745043,1.8365669275981429,2.1567792045324943,2.0048655287404853,1.6421764979521358,2.112447929262742,1.5787752541942857,1.985420849410174,1.712781917513722,2.6293176820970214,1.9629679760495038,1.6399535415491269,1.7452482669640543,1.7180849490173076,2.0950217009711016,2.005660328335415,1.9199916121032807,1.6854428146296943,1.895262197594244,1.9814502098114157,1.915673804652166,1.8680728557381456,1.8483032127048502,2.3354266642280908,2.2125564989323854,2.281078396847896,2.2259150568750354,1.7290148786336976,2.0446886904637007,2.1044891489834807,2.043391727347942,1.9364942548622355,1.7576802942262726,1.996436111967504,1.8027521932732256,1.7180771805157646,1.5833528704932875,1.9161473288071045,2.0900553795358547,2.507444858109994,2.0775869805691602,2.4346545707803116,2.6824322620308365,2.679603619440611,1.8435232299310613
1610555722.52PJ3FD50MGhRXyUD28vluU8Z9UjLJLZn4,1.8270396259015624,1.8361294181256806,1.9530737046470792,1.599053830030969,1.6184213292133756,0.0,1.4075404486741865,2.1833122200253627,2.04498265038179,2.683180040644658,1.8950455126301993,1.7504530619340204,2.8079054751066606,2.0275386303414367,1.9574243286842492,1.9111302717076852,2.3390541989013762,2.075580214800683,1.5161359328699617,2.209424353036459,1.8798557050727687,2.396407197684875,1.8130145487964415,2.0622487498647732,1.8994149876762272,1.564576860098208,2.2779673516996795,1.6596971902879512,2.053745619875654,1.4385432009715282,2.0689956222686914,1.687239969054332,2.6515302914231604,2.026131463246731,1.6201729784721568,1.8732682265007852,1.769582422116409,2.163606627221909,1.9631407750558798,2.0754870559681624,1.7609561163012524,2.0709328454420186,2.1967915978680903,1.9629736155074784,1.8887281775600377,1.8305643865148111,2.45802424761616,2.260491621361812,2.299573599694276,2.28943119400088,1.8714945444625855,2.215222487980043,2.090546443807564,2.1079516774584404,1.9733048622509812,1.7900618710235328,1.9632280529369743,1.530298684850028,1.8820145559371977,1.5076335469297923,2.0255044794510573,2.2833827481142257,2.589190621624849,2.262946534085797,2.45095588036101,2.827301079976406,2.647789305953448,1.8964610737502974
1610555617.52Ijr5puT55g9apK8auM7zaxa3NANg502t,1.8734697502928908,2.067368300543949,1.9206137623398807,1.7738344460380921,1.5966635215376546,1.4075404486741865,0.0,2.144595736703302,1.953708545831741,2.786132837856221,1.8473093698139955,1.7885290520827573,2.9439093772706504,2.013386345146415,2.0030503045561723,2.0173938118508907,2.300787234964223,2.120211810522368,1.7886590672231943,2.3203519983980634,1.4727060414221045,2.5373837657730807,2.0414404862482343,1.9970041425602492,2.062133579843495,1.6218594462921372,2.274688887692886,1.693728555581082,2.2495762237996,1.5704595610430678,2.127339427124458,2.036292600472003,2.814223958288106,2.1551598567477748,1.4213378620280321,1.9308727226280396,1.637399282191274,2.2948088229477066,2.212082536896554,2.110294549220015,1.7160515416020943,2.0783760528466897,2.2174730150822093,2.1766289338044995,1.94926941505807,1.7635982668880619,2.507488226077261,2.3422006891079983,2.401250464625905,2.4851012191866513,1.874431664341088,2.2690070134119376,2.2753412051875115,2.296093287978934,2.0563232602131216,2.114733069685706,2.087581611495704,1.3696041311788054,1.8714709194442054,1.7098503030416043,2.081926338307478,2.43113518170389,2.7499438517389048,2.316828949134394,2.558922181964439,2.9529718446004076,2.866417937208467,1.9770304670228989
1610555638.77ZLjTLkz4jYJdFMI2wWBztzsDILkoOtAk,1.3581143643828204,1.8781300346200316,1.0982057307777155,1.869108509487458,1.9975203699238777,2.1833122200253627,2.144595736703302,0.0,1.8384492303091755,2.4262318455651513,2.127947112682892,1.8785274257455706,2.476834482026223,1.6030616655238195,1.830858259119035,1.8155346715979839,2.3511570333945393,2.1089652364542335,1.809543309944197,2.218791420726962,2.4840433203879693,2.235256866279136,1.875111830212115,0.8851329736901059,1.9886623502454526,2.779481755390605,2.1550176915483155,1.8184943957676725,2.237505704476258,1.8000030351089062,1.963232743279292,2.150198921365484,2.480085254422041,2.091837959687207,1.9438912053699284,1.9029997190641355,1.8700761041759757,2.0643113258111647,2.001764492370102,1.8445940674897858,1.7941098520707737,1.9902757200696597,1.8653506328636242,1.8598093721562072,1.9586771520987787,2.0331164470382133,2.059643314272557,2.0993610604157817,2.3317983324560343,2.3624423747127743,1.8067862787990747,1.7507469420824031,2.0904317696951376,2.177250493810341,1.8480128719744089,1.9606471029852535,2.035011316331196,2.3126235572335814,1.8127668437539206,1.8175873432968652,1.8860971091466352,2.216750517309157,2.6436855976694145,2.0888507800494036,2.562069263105912,2.6254731842696257,2.7826601034662755,1.840524563057933
1610556912.46C7tJPLF0XfNnm8f1820X9aLmXMHoc0Dw,1.6754281265612225,2.0218095725750524,1.6675866823619323,1.9126732070304127,1.5313331352607977,2.04498265038179,1.953708545831741,1.8384492303091755,0.0,2.6674698397001366,2.0382556683634623,1.77336275217021,2.728200773644258,1.9420792576085812,1.7437615278890877,1.9957354138991168,2.263737577931048,2.0834007413457725,1.50688384660542,2.2600577742265773,2.191564574819136,2.1866096087914757,1.9473668707609528,1.7234401873865361,2.099283881362945,2.548648011037502,1.870586394443192,1.7635607058702791,2.271481770065208,1.909950953879415,2.0893698820086555,2.1666809874838946,2.6955386106037276,2.0594296562322767,1.7953543959041902,1.850081526183362,1.8891486447496788,2.2415404998236417,2.167828591466042,1.9517651899812787,1.800813907593367,1.8588742424689388,1.9172465352841233,1.9214236740567032,1.9736964177350522,1.9855875435844526,2.2486884457100964,2.259970626064268,2.361195706060529,2.263852144148898,1.7694282955290888,2.031530197473936,2.2115116670994412,2.087307223604943,2.134674318262492,2.0002152952778665,2.096053604848756,2.1678289197745713,1.7397243569652332,1.822155248693193,1.9456212974612852,2.0848321454151995,2.581789100273858,2.0072667074735127,2.5374944474427323,2.562228768552881,2.635815310548997,1.8720586874483747
1610555617.51LjzIROg0aeCP2GhDcAVQ0LipKJB9jmKc,2.3186921363107422,2.419411977633875,2.355553162733132,2.4847483894341296,2.6469527371270196,2.683180040644658,2.786132837856221,2.4262318455651513,2.6674698397001366,0.0,2.7661253938176507,2.538422600087903,2.037686202895228,2.312956179844178,2.4547172949178684,2.339535506584263,2.880975520967108,2.634134175621614,2.55945147188031,2.612776740268529,3.0106513011997036,2.839749784692115,2.459113234608119,2.358691249634215,2.5792359755047403,3.0753553610447666,2.624262711992229,2.435006140852649,2.4139047984186774,2.400736834240784,2.460230583548316,2.700161984873338,1.6298715355018325,2.598988055777293,2.5576096861929747,2.479427957182255,2.469963294967399,2.482633950110051,2.4921054768779918,2.4162796012114516,2.368977232650257,2.576624113406251,2.5236734699170302,2.4680085861897205,2.47576887492998,2.6049472377515848,2.6387323332977206,2.5477765244572494,1.7481054554692699,2.834541442430821,2.4208778726255455,2.3728809658176355,2.4498950484195707,2.7135926487864586,2.3768884483882586,2.5549018363855844,2.7149489672272877,2.8137957734312753,2.4577452601200154,2.4803754745047986,2.4660625657842674,2.765107802327458,2.7677301766988944,2.6595809292796675,2.6108430559719396,3.1288613044983102,3.1889362586177326,2.5020513419441355
1610555608.17OpjjHobqRkX0UPcaXrbu7K6L3805SZri,2.0609736200136988,1.8918480891030645,2.1012576508777716,1.7801297280611665,1.927745196076861,1.8950455126301993,1.8473093698139955,2.127947112682892,2.0382556683634623,2.7661253938176507,0.0,1.7905693848137016,2.613300370003808,2.148715671547256,1.8554613032295546,2.005729944156659,1.5477767063847916,1.7234205210357925,1.8529990675144137,2.3034929199624816,1.8036588647362708,2.2590830257392542,2.049637246603872,2.073088642037125,1.9411309790395515,2.213112446493261,2.3272086286327394,1.7261601414244874,2.0636085559081265,1.9807311313649985,2.1743169708163848,2.1717984122701646,2.6350276474845375,2.0950724546499075,1.6839481718622422,1.8617189336842028,1.8555189543900197,2.187652592693059,2.031055701977233,1.9635392937092933,1.8366168289978373,1.7607591814220742,2.0060624384265857,1.9829888363600165,1.7353736208841901,1.4581871441898775,2.227747371298086,2.131316638327805,2.476759637377195,2.279745814969922,1.8927480146221638,2.018992720587013,2.116419640358441,2.009634943759247,2.1444598127736505,2.0628905969506763,1.9484793327774623,2.016703832057764,1.924300720502343,1.852797417801684,1.8227033216283508,2.07504370716772,2.5149212012132924,1.9422248584841375,2.54213528499696,2.6104454192615014,2.6992995091431893,1.8322173807531854
1610555721.82zWeNZfGUUfRJkgnAwlP8VMhPzXctnSd4,1.6945824510949168,1.5766106791791803,1.779585832449684,1.4707027943475153,1.6396038404773297,1.7504530619340204,1.7885290520827573,1.8785274257455706,1.77336275217021,2.538422600087903,1.7905693848137016,0.0,2.5325555019164425,1.8686346447197584,1.4104757185025742,1.6161065353365582,2.051853537129353,1.6207252352924657,1.6308051468305413,2.015813252372194,1.9202606508995934,1.8290031231219748,1.6710427324974604,1.7545995593117016,1.6426464985959555,2.3867021531131347,1.9224976092284862,1.280684352685671,1.9755786118924592,1.637638683355945,1.86764268853081,1.8468897073567738,2.4799186967066063,1.770460069589974,1.4844104478591833,1.4688645064628576,1.5755126282034573,1.9228601766541817,1.7671290782040652,1.614935172364256,1.4859027825611804,1.5467409266891843,1.641957267519844,1.6180536720877285,1.5593122214432797,1.6180854445705162,2.02283546701464,2.0227731496033163,2.1702162313031175,2.0227502908590353,1.2906373068887629,1.8447538458107229,1.8688189878563926,1.6961134875820936,1.817302720723473,1.6920184859274325,1.715514197706467,1.8694774505378295,1.3811187400760694,1.489727542506547,1.615006802276527,1.8208904032416435,2.376578894286946,1.7888474032253785,2.343230806968911,2.3926675605925865,2.491406501857135,1.5531285098800869
1610555735.75bom85BDF0C7W2eIseHeMxi24qR68nzMi,2.534033073010581,2.3480517057843553,2.5303920090167606,2.5182408009277166,2.7031186413479626,2.8079054751066606,2.9439093772706504,2.476834482026223,2.728200773644258,2.037686202895228,2.613300370003808,2.5325555019164425,0.0,2.427364913126432,2.4002315411314536,2.457443515562566,2.639880973026744,2.4218192231418967,2.622198944961756,2.6180940048099535,3.0219540056200915,2.747859016892603,2.485458752062014,2.4592241852889374,2.6083421963635813,3.162565877352779,2.6784517463377244,2.47069442328331,2.484171423789896,2.569447969730997,2.527942391534927,2.785577926507425,1.3434189527597973,2.4443010848266113,2.6077003935753487,2.528346945983489,2.5032973022284155,2.3157106594299397,2.463312758582096,2.375511584732704,2.448529951216477,2.476346125041151,2.391624487129217,2.449233439701131,2.454152248539634,2.506697819703167,2.6208862566540816,2.6531894355555723,2.427834514540016,2.674122687141288,2.4603471018353975,2.3930915943260636,2.342695455755681,2.539239403753944,2.5368745595896764,2.5509627917863336,2.7186635453015797,2.9474309637378178,2.5255296898121484,2.5549452560629926,2.3680476674262465,2.578476665398025,2.5652377138134006,2.478880897280013,2.771205581916843,2.9652143595433986,3.1107978186296648,2.46485823097636
1610555735.77NnT5xqKnwcf2BbjIekeb2arTQj6QMNwk,1.527968885683123,1.7950026092845306,1.591879702948292,1.7469555222771862,1.862076060896073,2.0275386303414367,2.013386345146415,1.6030616655238195,1.9420792576085812,2.312956179844178,2.148715671547256,1.8686346447197584,2.427364913126432,0.0,1.8280124393124775,1.7065335520648253,2.3750658349598948,2.1031818716513455,1.9300650974982196,2.093488946528817,2.3840350144143487,2.2701864415342214,1.819560739449184,1.558937886240476,1.936618247914956,2.566183857749343,2.145260632464939,1.7302980956884972,2.175216992631555,1.5727949991374475,1.9065945037102263,1.982297738248285,2.41030446802466,2.100118818411975,1.853425620074626,1.842386344908396,1.7799697762416036,1.971528559704138,1.9592646454414162,1.844578782176013,1.6972413247421043,1.9932886550524065,1.8914079807186779,1.862502980974239,1.9222947876406242,1.9965296223794553,2.137347258408092,2.0769044936757726,2.2308990013518044,2.3804218781450595,1.796150230119338,1.7895277478503433,2.0002322374244077,2.121596581552268,1.711086705219748,1.8756493085364594,2.005460758582804,2.1129866429613426,1.8345150237108914,1.7042424451290004,1.821319059990262,2.212730959531783,2.614614363017348,2.078757120733777,2.5166375455070558,2.646737925222162,2.7946104827294524,1.803868093079446
1610555638.33wjf1PhdNaoWfbRzXVn50hmFyB5bYAiLV,1.7267752929533404,1.4876176564645254,1.7052076030925085,1.5026951280595282,1.7807203412135906,1.9574243286842492,2.0030503045561723,1.830858259119035,1.7437615278890877,2.4547172949178684,1.8554613032295546,1.4104757185025742,2.4002315411314536,1.8280124393124775,0.0,1.562386840669891,2.047504375245077,1.6544465619373108,1.6589075946091039,2.045095889995617,2.150919853075352,1.8320425973754337,1.6205845834596257,1.7035330425314723,1.7070918090972669,2.5925578310751614,1.8445400482066618,1.4289818268488041,1.8928429501366548,1.6674413963434354,1.770900834621128,1.9267387882965628,2.411103737870993,1.7929845157957929,1.5506179807997158,1.473537397553211,1.6097705389340486,1.907082519491885,1.6947365143464714,1.4436898576491104,1.4434607318109856,1.453895317852779,1.4101235868940936,1.5681939579298732,1.46132300678532,1.5837353788321582,1.8592765267427085,1.9398714092360332,2.1667858548282983,2.0114989380042725,1.395569828629125,1.6654228446109043,1.7998471984584539,1.5028592089972153,1.7767060014443308,1.660038660591678,1.7397136644178173,2.116588353689118,1.4335755824838587,1.5152787762378463,1.436056259902543,1.649358411770484,2.3749348077290406,1.5634218868634286,2.353129844108222,2.2544276295174743,2.4369680514593344,1.4597260594101709
1610555606.65jCE4ig8Pu8kvAzkxnSGfWsV0nQBjCf8H,1.5867352728615245,1.5768491149110935,1.622463155862188,1.4195581831237705,1.8482047684162821,1.9111302717076852,2.0173938118508907,1.8155346715979839,1.9957354138991168,2.339535506584263,2.005729944156659,1.6161065353365582,2.457443515562566,1.7065335520648253,1.562386840669891,0.0,2.3473334966684405,1.9942713557916993,1.8158010675512213,1.9471577601040713,2.385710644930938,2.1245504325700058,1.564002794273271,1.7096736863977153,1.60780467582254,2.6079757514484196,2.024933536622867,1.4860011517936775,1.797163999819345,1.4985882582645944,1.5384178080605937,1.8296511690043484,2.3437509984912066,1.594853492877865,1.474749556901153,1.4758100123333333,1.5206757422924402,1.40481772833571,1.646485003911696,1.5966914299041066,1.442178057042946,1.8575482723691348,1.643795311562227,1.6647111987653276,1.7069690425494506,1.8917795348711541,1.8288986730687484,1.8198771934551912,2.092141131090999,2.117465450147352,1.4632978909831247,1.5730410795712377,1.7391916391311377,1.8484992719299396,1.3208589106600153,1.6687675107669568,1.863842941748942,1.9972274157875975,1.4691651682170273,1.539688501327326,1.6597265127366085,2.0078277876458976,2.292105442771432,1.9876354275111976,2.2917997026329413,2.50043146152774,2.549466688998216,1.6297464980102778
1610555608.18ONsBCVo1i7BrX0XG9stct4oiA6ejX9Oz,2.3626320410982915,2.1439545849382324,2.4017380188349255,2.183247014319637,2.194175649983517,2.3390541989013762,2.300787234964223,2.3511570333945393,2.263737577931048,2.880975520967108,1.5477767063847916,2.051853537129353,2.639880973026744,2.3750658349598948,2.047504375245077,2.3473334966684405,0.0,1.9358323621647058,2.1656706749085175,2.4834509366811948,2.1608822225802333,2.3781315524434374,2.2920889851150137,2.308302833548051,2.2835347859028556,2.5740858103727775,2.4962847342378507,2.040983950520126,2.3635099358979144,2.341409336730341,2.502480017477665,2.460367210621468,2.7195716289532528,2.3365192611404346,2.0718220991512912,2.0860204379421083,2.1814992600090615,2.433549467670647,2.3229233476942,2.187687202563392,2.1305736295371003,1.9206311044106004,2.1976193153865,2.1872258267511016,1.9586904223267825,1.8007402321999118,2.506535707881638,2.4227663973982527,2.625133660762301,2.4133403438224836,2.151794760282593,2.3062825759340724,2.3674359014881516,2.228775073266802,2.494366647071096,2.292101732278171,2.1780241561562277,2.4262601335989427,2.1956367056333876,2.1863361899540887,2.012672566935782,2.211617572508439,2.598849874703035,2.016936531805495,2.76553298231551,2.664419180506616,2.7935028715466754,2.0603095099139304
1610555721.51RNoQUMP19FTMS79BmA3JkgSm2IC2AQuQ,2.14674029798997,1.4584304720843397,2.124702500530884,1.7830669008119275,2.0098041083992833,2.075580214800683,2.120211810522368,2.1089652364542335,2.0834007413457725,2.634134175621614,1.7234205210357925,1.6207252352924657,2.4218192231418967,2.1031818716513455,1.6544465619373108,1.9942713557916993,1.9358323621647058,0.0,1.9223273394085996,2.3315026651786077,2.0785983355820146,2.075774818382551,1.9402025498575688,2.0564796764376276,1.9994316268992849,2.4676962691638282,2.2022155554020695,1.7235644714693832,2.0910809191304263,2.026816132752653,2.142716606828688,2.2316386895636495,2.5073463470348774,2.0989064675290945,1.8264473969651522,1.7620200317442103,1.8733323252850937,2.116353747403174,1.8624200142177056,1.8122589548700043,1.7707171410083757,1.6395407305128178,1.8192903587283515,1.8467920416585866,1.5721746881492786,1.319623673457659,2.0925148897741455,2.205113459431022,2.407630202182097,2.2123246489485733,1.7682743720229863,1.9607342543511177,1.987745323025991,1.8961812681998624,2.163219339462122,1.9974971099485814,1.989567265940457,2.2414309339577914,1.8314094716143936,1.9193326148398098,1.6629767683243422,1.9400849593874878,2.4893033191055984,1.781608888970723,2.5832805878599103,2.4196987994657855,2.606211601661369,1.7244137575330987
1610555971.86O0cHB2ibBJ8jxoObg01EpGe8VVV5mpwn,1.6016716644002562,1.7701740184844512,1.6505617779553197,1.6254469645502485,1.6737141765175894,1.5161359328699617,1.7886590672231943,1.809543309944197,1.50688384660542,2.55945147188031,1.8529990675144137,1.6308051468305413,2.622198944961756,1.9300650974982196,1.6589075946091039,1.8158010675512213,2.1656706749085175,1.9223273394085996,0.0,2.1792240537669274,2.110349846677912,2.093513627806938,1.750686029389014,1.729930417506627,1.8957605866807807,2.295991647027455,1.9845709685535735,1.581686942940088,2.010763211346068,1.5935898444850924,1.9500319231276537,1.8902118668488985,2.53999789043891,1.8821778131151519,1.701210104057872,1.7202034162354183,1.7661843500192023,2.051937181327252,1.917674005973525,1.8168034205886319,1.6494542986135383,1.8046729108207087,1.8210006446217966,1.7412130310076896,1.793622441983222,1.767130361859164,2.1857982955702226,2.078184922575029,2.256678896532418,2.1173770153945335,1.6562801761716495,1.917406191316845,2.004403792254565,1.946274365889987,1.963495341875192,1.81616017314374,1.823654314876152,1.9741980022793824,1.6405765872771008,1.5795164089726357,1.7804808783637522,2.023179693914912,2.476908457011807,1.929682203268399,2.395374989211754,2.498262032865259,2.4824496189495022,1.6872320220640096
1610556911.51zU3duZSGpcw1BDNsBLxdOCITAXwl6z3i,1.9573918667026438,2.0063863407359968,2.0353233196517375,1.8909854497178913,2.1136225576893657,2.209424353036459,2.3203519983980634,2.218791420726962,2.2600577742265773,2.612776740268529,2.3034929199624816,2.015813252372194,2.6180940048099535,2.093488946528817,2.045095889995617,1.9471577601040713,2.4834509366811948,2.3315026651786077,2.1792240537669274,0.0,2.6194733162777952,2.4326269187091483,1.971700235762445,2.1302138249465026,2.0644425657068575,2.7161686981972335,2.202934446536593,1.9899786222711628,2.252122430568814,2.0587287882725964,2.157691194748304,2.1226818333846267,2.452703933670948,1.9431814583779927,1.9878783465434202,2.016194341445331,2.0122658139631473,2.02518692088322,2.1511028032376394,2.152581632613671,1.9790223449366682,2.1950826719607908,2.1441798592517607,1.9346566656068247,2.113678382010071,2.214302468782772,2.4435496582137337,2.276635337420606,2.366065976315957,2.3932394422074377,1.9932108966558364,2.2524484260946496,2.241326377818732,2.186855447949243,2.0242345721207147,2.0473597638621794,2.204796224642111,2.3789712957021503,1.9840495934630438,2.0122304140833513,2.136776439725669,2.3060631720762044,2.385967885086351,2.294303116753076,2.382536773833936,2.7911139167623156,2.7902786691774724,2.1457600341517264
1610555988.71dMoYT8250UHHJGxgmITTmbHe7V6gH1yU,2.3550860488452554,2.3505522611306353,2.3637393765880645,2.1202275791889402,2.0324063043221487,1.8798557050727687,1.4727060414221045,2.4840433203879693,2.191564574819136,3.0106513011997036,1.8036588647362708,1.9202606508995934,3.0219540056200915,2.3840350144143487,2.150919853075352,2.385710644930938,2.1608822225802333,2.0785983355820146,2.110349846677912,2.6194733162777952,0.0,2.4551575587511056,2.367900720541582,2.376115104028153,2.3746931745519992,1.8325940939383625,2.4734643730469204,1.865441150142955,2.4492892117629625,2.152247069403489,2.509820011226674,2.4745887881081847,2.962168252988067,2.398433564653135,1.650378312486663,2.136841482670168,1.9389659526433534,2.5692661219015367,2.486100270082075,2.344742887535947,1.9942362332874457,1.9801279791498725,2.378381223402131,2.388437305715794,2.034706821855489,1.771210720611444,2.657319809664583,2.613321869702293,2.6640492810417356,2.5724499845429363,2.099153532804037,2.4803454572880645,2.5032871236235232,2.4303513170832125,2.463707185211635,2.42100063478547,2.2932147209983085,1.716689853506346,2.1138730870990754,2.1725968757620677,2.1423260636019594,2.448422877651992,2.851122601197405,2.2466916421883125,2.839406656294546,2.813849427263641,2.935911887836762,2.1677385532126463
1610556042.81mlUZsSp7gbGjrp8jQSnybT1gPy6e62o1,2.17438371651235,1.9937887605239997,2.19307579364358,2.029401115808506,2.236253826227578,2.396407197684875,2.5373837657730807,2.235256866279136,2.1866096087914757,2.839749784692115,2.2590830257392542,1.8290031231219748,2.747859016892603,2.2701864415342214,1.8320425973754337,2.1245504325700058,2.3781315524434374,2.075774818382551,2.093513627806938,2.4326269187091483,2.4551575587511056,0.0,2.073658613119784,2.1738746231534236,2.162765086294369,3.0252504387903736,2.253613136633982,1.9025022845852113,2.3445283068786575,2.1577273230249467,2.297640298325316,2.3470942642561963,2.774320985687432,2.2288093940772793,2.1823192774659033,2.019299961929954,2.140516109661848,2.3337067892221945,2.159227202926938,2.0278515121331844,2.0710394043048543,1.5671990422542448,2.007035659739891,2.049193793417763,2.0056010193802973,2.1159938523545216,2.2794681704897477,2.3344508744883536,2.5597217244829524,2.3604160846949225,1.9209200409812044,2.1188496866689897,2.2402635466669545,2.1216340531357143,2.2421407078639906,2.1447251692394254,2.192842274831024,2.6117855415682607,1.9327059348174822,2.0084564117350396,1.6736351205476894,1.771245669972249,2.6355144506607475,1.6329390838598254,2.6724525611593197,1.591328548400695,2.712923219013946,1.8648882221739214
1610555637.02UBW5nKvDyUrKnaWcYRGajZPxTRDS0q3N,1.6878790400688073,1.654541380307218,1.7407089320142097,1.604629433959366,1.6993031244974355,1.8130145487964415,2.0414404862482343,1.875111830212115,1.9473668707609528,2.459113234608119,2.049637246603872,1.6710427324974604,2.485458752062014,1.819560739449184,1.6205845834596257,1.564002794273271,2.2920889851150137,1.9402025498575688,1.750686029389014,1.971700235762445,2.367900720541582,2.073658613119784,0.0,1.778372687219063,1.5910839256916351,2.492814037185672,1.8256784326545545,1.6159482556961513,1.8994325401821592,1.4940962754709628,1.724542491144786,1.6260614790808665,2.4446075371054987,1.7598885827160864,1.7358034668594657,1.6483082391547916,1.6536506554257822,1.772434941923718,1.7551243528581295,1.6874260965200756,1.5769037660687757,1.8269259364418629,1.7400484598973551,1.723415606087625,1.77110914577576,1.8662212421018076,1.872301994500197,1.8949870041514054,2.1548055050790165,2.0624934392469294,1.547718611435183,1.5853839881021878,1.8964071720727482,1.8709397904772072,1.5779322425868891,1.3248618454500718,1.9223242771099691,2.0931896091342,1.5648438427704068,1.5677420816995618,1.7517010180076893,1.997082364984354,2.275057559624895,1.9573496837905076,2.2813469993673947,2.512116050440356,2.5493405034242085,1.7496916763610237
1610555619.13oUYNikU4facCTpUSiSLr0vPI0tJLnXiT,1.1543543395947398,1.7749693600249825,0.8859884198761848,1.7338396562128442,1.8881813808745043,2.0622487498647732,1.9970041425602492,0.8851329736901059,1.7234401873865361,2.358691249634215,2.073088642037125,1.7545995593117016,2.4592241852889374,1.558937886240476,1.7035330425314723,1.7096736863977153,2.308302833548051,2.0564796764376276,1.729930417506627,2.1302138249465026,2.376115104028153,2.1738746231534236,1.778372687219063,0.0,1.8752694452909133,2.70225015389219,2.032702769231568,1.7373252400320451,2.135528779770406,1.6565422883564755,1.849894846844071,2.021772072308636,2.4274845855954883,1.9729514136947395,1.8238315860199894,1.7973363874826624,1.788940371172864,1.997375445110461,1.9135169451884093,1.7427570064579203,1.6997595271630301,1.8912599782572839,1.7919109511224542,1.7812899357620866,1.8580456993134633,1.9342106769231502,2.0076579775750774,2.0046922293653595,2.2087954282913165,2.2971240904566046,1.6748328890051745,1.72103851591148,2.011719000907681,2.088062591188625,1.7342428911360912,1.8810014805795765,1.9461343792388948,2.189743017451999,1.6788135628372909,1.7198692695568087,1.8014901421326177,2.13728027052409,2.5576116083476994,2.0067286210907618,2.444713077695767,2.5525582636190856,2.7242470412481157,1.7660233915287167
1610555721.03nzkucfjAUh31zTbmCVvTVYqtjoxZFnBh,1.7370721552370119,1.5636665388533444,1.843711537566423,1.5933832336112412,1.8365669275981429,1.8994149876762272,2.062133579843495,1.9886623502454526,2.099283881362945,2.5792359755047403,1.9411309790395515,1.6426464985959555,2.6083421963635813,1.936618247914956,1.7070918090972669,1.60780467582254,2.2835347859028556,1.9994316268992849,1.8957605866807807,2.0644425657068575,2.3746931745519992,2.162765086294369,1.5910839256916351,1.8752694452909133,0.0,2.5475705546051692,2.138334600390661,1.636684374028384,1.9493723520967112,1.6442586310628167,1.8004950278816934,1.7074407280300579,2.5571210251246077,1.834648584048969,1.8103885944572164,1.759244425205253,1.8343385946907236,1.910143598163905,1.560788271838952,1.687046744554267,1.7376213177207664,1.9322152372287185,1.8566335152260336,1.8320933385774771,1.8045894805395686,1.7810155279728765,2.0349540817546754,1.8325825603458175,2.2220613999215937,2.1498532482165262,1.7714714366178863,1.8390955705279015,1.8495273170087194,1.9169284792563575,1.7075611576101895,1.617546364309233,1.816558379666357,2.0499881981893564,1.8131510631431582,1.510185967148412,1.766199688578473,2.0707897697001947,2.389582368020199,2.0392213405535737,2.2735634255804107,2.589968085619571,2.6419546179712396,1.7837432522991494
1610555722.67fhKURdXVzRbLIjXmjRwdJHTnE7PWb1AE,2.571038674128726,2.5628798196212204,2.658808544429641,2.3889775857377336,2.1567792045324943,1.564576860098208,1.6218594462921372,2.779481755390605,2.548648011037502,3.0753553610447666,2.213112446493261,2.3867021531131347,3.162565877352779,2.566183857749343,2.5925578310751614,2.6079757514484196,2.5740858103727775,2.4676962691638282,2.295991647027455,2.7161686981972335,1.8325940939383625,3.0252504387903736,2.492814037185672,2.70225015389219,2.5475705546051692,0.0,2.7560547386322947,2.2575106756984646,2.6569122788218165,2.2795286012932308,2.6652018356786185,2.499464908691672,3.03149699874086,2.608632849670696,2.0311272366230613,2.4905018293626298,2.241435732345005,2.717318520317258,2.6416036420651743,2.693017885621701,2.3412373194029534,2.562481638123958,2.795508478556578,2.670069470726595,2.479686393814356,2.1847115515881077,2.9476643016700645,2.8053263970733764,2.7871160849163648,2.8003635982188833,2.5133124387346726,2.8147358748473237,2.702692505966693,2.699499918630744,2.6454499069159865,2.460806217431543,2.5910857137881336,1.840416089909294,2.522556039441294,2.351167588740748,2.604399001000899,2.865840438712325,2.9910983774978894,2.743117026372459,2.9141894441195135,3.3724985023194973,3.1591611385769647,2.562132362082184
1610555638.39J2ZWBLuLTHP0jOlzB4tNHmYeijH5g5YJ,1.9044656414081609,2.074636563031525,1.9350805531051505,2.0110234374109104,2.0048655287404853,2.2779673516996795,2.274688887692886,2.1550176915483155,1.870586394443192,2.624262711992229,2.3272086286327394,1.9224976092284862,2.6784517463377244,2.145260632464939,1.8445400482066618,2.024933536622867,2.4962847342378507,2.2022155554020695,1.9845709685535735,2.202934446536593,2.4734643730469204,2.253613136633982,1.8256784326545545,2.032702769231568,2.138334600390661,2.7560547386322947,0.0,1.9548962893047896,2.3550413691261336,2.0734696834552797,1.9722373924554144,2.259789835319519,2.6035878131200154,2.0479675389521406,2.014414978677475,1.982714985606647,2.0834548998117937,2.2224396655604735,2.224957404006071,1.9926613737450964,1.9879012711649664,1.969063940774901,1.9843091514042102,2.1191247595092064,2.0731645336064273,2.1732599465992197,2.245477389181507,2.2731432705493124,2.1038498010331765,2.097141764196953,1.8911252014630457,2.0471580669580747,2.277654770025697,2.1486726285023265,2.1391457377976035,2.028237342770418,2.2860284216632625,2.413693345029981,1.867198863495104,2.0530176878939788,2.0269907739267623,2.166952029987289,2.322978591640807,2.1013401874745203,2.1773500261057275,2.588137585088783,2.4338045633489833,2.041920043437383
1610556032.17Q6yCDx9g7alRnL9jBFXD2JhhUyB2hKfJ,1.659574721814061,1.5452666248494578,1.698630665316682,1.3821281265346017,1.6421764979521358,1.6596971902879512,1.693728555581082,1.8184943957676725,1.7635607058702791,2.435006140852649,1.7261601414244874,1.280684352685671,2.47069442328331,1.7302980956884972,1.4289818268488041,1.4860011517936775,2.040983950520126,1.7235644714693832,1.581686942940088,1.9899786222711628,1.865441150142955,1.9025022845852113,1.6159482556961513,1.7373252400320451,1.636684374028384,2.2575106756984646,1.9548962893047896,0.0,1.913687461852329,1.4721853015226667,1.8223643329228059,1.8185496240088104,2.42377156979048,1.7587380334782228,1.3698238688976037,1.4884427714435433,1.3724696067521134,1.833326010589485,1.7433849847737,1.5717907526557662,1.314674139023022,1.5372844172845588,1.5777925834176396,1.557298745528759,1.5471519753707705,1.5101164414093629,1.9862263997513219,1.9245880225821692,2.140391022609316,2.061500603161765,1.323190829865898,1.7143032904753868,1.829352426896414,1.7011030490518788,1.7102366469357393,1.6571385790842192,1.634905229573334,1.6791151831925857,1.3654261409514017,1.4262971098165065,1.461914634860368,1.8214689428201163,2.3862296442460704,1.7005955384768996,2.365922606286999,2.3451597230055676,2.4917214199634623,1.4152660508626607
