,1610555604.25mOvVXuL01OCiReyVWBfesjuvXmB3MoPy,1610555605.43B6oDsBtWRQ29Q9UMQuTUEPZy3FSSWXzc,1610555610.92HPGJJSmyPM40z7otPBgHalNrHFA7zk5d,1610555606.68LaSQbm9EHAFycEfFtEqAwYqlBsQPjIRW,1610555617.19EKxMEwDHfXiEJZc27TsGoERaD6Da4BZU,1610555722.52PJ3FD50MGhRXyUD28vluU8Z9UjLJLZn4,1610555617.52Ijr5puT55g9apK8auM7zaxa3NANg502t,1610555638.77ZLjTLkz4jYJdFMI2wWBztzsDILkoOtAk,1610556912.46C7tJPLF0XfNnm8f1820X9aLmXMHoc0Dw,1610555617.51LjzIROg0aeCP2GhDcAVQ0LipKJB9jmKc,1610555608.17OpjjHobqRkX0UPcaXrbu7K6L3805SZri,1610555721.82zWeNZfGUUfRJkgnAwlP8VMhPzXctnSd4,1610555735.75bom85BDF0C7W2eIseHeMxi24qR68nzMi,1610555735.77NnT5xqKnwcf2BbjIekeb2arTQj6QMNwk,1610555638.33wjf1PhdNaoWfbRzXVn50hmFyB5bYAiLV,1610555606.65jCE4ig8Pu8kvAzkxnSGfWsV0nQBjCf8H,1610555608.18ONsBCVo1i7BrX0XG9stct4oiA6ejX9Oz,1610555721.51RNoQUMP19FTMS79BmA3JkgSm2IC2AQuQ,1610555971.86O0cHB2ibBJ8jxoObg01EpGe8VVV5mpwn,1610556911.51zU3duZSGpcw1BDNsBLxdOCITAXwl6z3i,1610555988.71dMoYT8250UHHJGxgmITTmbHe7V6gH1yU,1610556042.81mlUZsSp7gbGjrp8jQSnybT1gPy6e62o1,1610555637.02UBW5nKvDyUrKnaWcYRGajZPxTRDS0q3N,1610555619.13oUYNikU4facCTpUSiSLr0vPI0tJLnXiT,1610555721.03nzkucfjAUh31zTbmCVvTVYqtjoxZFnBh,1610555722.67fhKURdXVzRbLIjXmjRwdJHTnE7PWb1AE,1610555638.39J2ZWBLuLTHP0jOlzB4tNHmYeijH5g5YJ,1610556032.17Q6yCDx9g7alRnL9jBFXD2JhhUyB2hKfJ,1610557007.49MyVgDnuUuBxrvL6SGOdhKf69VYlW1MSm,1610555638.44hjT5hbYdKoE3MB6hijrjqbjmLgvCUYKD,1610555608.13zUvmFSCRt6SsLbhqFznMEvGx54GPGQzM,1610556038.62a5C4ynd1AARyAhTv8a58NCqHvXRjscqH,1610555644.45Xse8u7pusHNsd7F3d0A32HXvXr6weOJE,1610556038.62gKXOCG7XCn55eJvyl5voNjbwOW0znQDq,1610555987.13v0oleKK97pkesp6oMgprH8SoSdoDVdIO,1610556964.96ZLLeiQW0qpmxhPGTg7K03fmzkqsC2bjC,1610555987.13VQlEedQ50VvkPMEMzZDv3KNnQCewykN9,1610555982.186TY6MMGkDecIN1woW6vsfAMXVV7jnyjO,1610555982.673LuMndkwkvdmZOn0MmE2Pkidx0FtNalb,1610555733.38zItcuH7gHNfKdALR2d9Nek6bxCyw36Vm,1610556034.15BQxSbZINGCay0yp6RBVlgcPrw76Yn9ON,1610555639.37BPZpgtGml8qUsh9AdV4m32jPLfI2aNFq,1610556965.57S0adAalhWYe6K3bkZU0bRHbqnDK8gGkR,1610555983.54zteLPCMjyrjzPdhHhlZr3faCgD0TfYr3,1610555987.79rHnNRmt9a0ufmnwCvZqBouyUoZDNpylW,1610556960.041xWER61rmArlsKfiMl4frikWmUCnQ7op,1610556035.13a7NHZDutfTMJ88qle1gTYY59Dr4WmMsj,1610556890.456ZBDaY16bMtrTZTqAgHl3wq1tRxzqDow,1610555760.24e6890pkbyZ97Or6croI1rQgjkSsR0yVt,1610556043.02YpWMIJg3W004iqlPyv8OcVAZdSC5rNYw,1610555987.03z05P26TLtONYM1HSzupoc2CeNMa6HTqr,1610556032.15OYCzUxpsz7b10AXBAuDXrvEcvxFhf0M7,1610556032.63Z80yI9pNwS3jSmsDABbuhf8wkNa2Ze9y,1610555736.28eGuESasTXdR3SqY6pHhEXWZtcdciYLCO,1610556034.61bebeZA0MkaFG2sm3VKiqrxeqQginTTW0,1610556944.5XwXOphKYT3ZkWA8gViqOS97VHVuMVUqb,1610556944.745UVLFBzf7fPh4UH37I6tYQOFPqRDytEh,1610556034.63XsUwaFaPZevO1JNFjfhvY4aKNFnV4noV,1610556964.89xwBHw9faT1HjQRMNQEyA4qJ3hWkwgj3k,1610556966.74DydzH91jtyvRyYau47JpVkZoMRSNTt01,1610555740.77UueVziDbaXyRR4OcVJIIZyzOfAzN51bj,1610556046.84e3vwjyRCzqz0wJQhrk8zsxlFfFSv98Df,1610556137.99eoPuVrDThKAOvmeprLPb2FWRqIhzUodc,1610555740.73XFwSrmTXJPlaxGZSefh0jOVA8PI3III1,1610556123.88AOfNaz9jSnqU5Czc7okOv1RCrYfKFBTo,1610556046.85nB7NvyoYQeLcOV391Lmmut1wAM8CFGLw,1610556123.89H4pdIAzDthI7bMXMhlIhKUYIQIvtmPPQ,1610555740.87GOYQUJKpkynIS2lFqppYK4b32ol7NeGh
1610555604.25mOvVXuL01OCiReyVWBfesjuvXmB3MoPy,0.0,75.52550018378982,22.531916154761046,70.27763990134186,55.000430427350686,62.62412744623223,53.84889909638494,29.446916165703865,44.5141331795951,59.42961269500087,86.113913883488,75.8599518540414,74.45828725693111,46.02479646118482,78.84971238811508,63.63559052512923,89.89924648134081,82.73929735157114,58.10123420414209,55.42957038279235,82.24657152503801,88.31663920827799,57.99183711257907,26.64589628851328,67.73239940921131,69.4777418530575,48.531862673209694,77.75462991472462,74.86817230769277,56.646334566718785,60.20037309431321,63.745606008311675,68.91381339329382,68.2796007914572,70.15575974223167,74.08635091985869,67.12640225771591,67.59461078687931,71.7707111133346,73.47715178524423,70.71020370660484,88.5823578492136,73.79886799109734,68.94892203505309,81.60531208548223,84.8396492975422,67.26898840710476,59.63668538307915,58.10287467372637,71.22461428747343,63.17714340035712,59.57468344207064,73.33481228402815,86.24401326626118,56.07841505381312,65.8983392520214,70.7978393064027,67.53501187697414,60.76320429600918,68.40607492119888,85.89311481997166,92.13897665097177,64.80153599350508,86.96112282387563,60.40011318793701,92.94976081114356,68.56704845745983,83.3430608703306
1610555605.43B6oDsBtWRQ29Q9UMQuTUEPZy3FSSWXzc,75.52550018378982,0.0,75.02272462932201,64.67894502596774,77.08518058431102,75.13010566377318,76.21823690013485,76.87269091814375,77.08963613416896,74.36153831740631,72.55034458430775,79.16576262309503,74.95030157634486,77.79570939368924,78.23624758557938,77.37387094460563,76.0085771208899,42.813509489679994,75.3473121973212,75.42804412632636,85.356564878153,75.99804767426102,71.89284354272434,75.81140033828989,75.88239984890346,82.46463148729791,75.71383137050208,79.05466678800393,70.92121713141842,68.34455964398344,78.37879729671505,72.89335127045848,76.1312270482772,71.86078166683023,79.83223576140853,83.34911778098429,80.53264967011013,70.99676418559633,62.80445697479743,88.07896041376104,72.54694280671573,80.96789335200839,83.10408443052218,71.00660262146164,58.35912783371824,44.89443468934595,83.09271321791313,80.71718801141652,71.47520831436088,85.11169108593116,77.60945099789288,82.01757987414263,82.73647163213424,74.43369166309289,75.53116043197042,78.03941316719646,77.5862745246304,76.80285789755764,77.3471338663002,73.64573309234876,76.21544957319702,78.81682105556608,72.57581191795357,80.22722468706456,72.67922847145972,79.98456126984343,82.96290574882248,77.07118100844882
1610555610.92HPGJJSmyPM40z7otPBgHalNrHFA7zk5d,22.531916154761046,75.02272462932201,0.0,69.28643865356561,53.815806952159285,62.1876683926155,51.796435822421536,29.22535487039841,45.61833148396592,58.879527178906606,85.32898941294124,76.11013169725841,74.02374850933442,43.254129343669106,78.76423949695302,62.699446071320644,89.07127653188181,82.96282847841535,59.05187706315618,54.82827836150874,82.21705832352163,88.44859133087661,57.43358369037668,26.426702525150993,67.08341079077987,69.34435760573781,47.3592941076368,77.1208806152549,73.81079557889394,55.7707763216171,59.317692473073635,63.54238030220463,68.44855602354012,67.59161025831747,69.96765341991255,73.45951330107454,66.01069693238156,66.981388963257,71.18912098676354,73.88541941615044,69.19744382579538,88.36030633935412,73.71148798349245,70.6087181336213,80.79092520176098,84.44743290855726,67.28635669193974,59.918227553363465,57.493008660763735,70.32973695584602,63.701708961648926,59.435777686052894,72.55086289397299,85.63165580087302,54.877842590495504,65.14416089042446,70.56870737147055,66.89732010733816,60.99888569459995,68.14404602881594,85.80369433135876,91.33998925312743,64.0782300616818,86.75555953595926,59.69589889343151,92.88837996942864,67.74707144937545,83.30318845368804
1610555606.68LaSQbm9EHAFycEfFtEqAwYqlBsQPjIRW,70.27763990134186,64.67894502596774,69.28643865356561,0.0,73.12669963021125,73.25836526646265,72.029434027865,70.83882451038028,71.53639626462198,74.42596697284934,68.93892968459176,72.92250048330622,81.40255113760547,72.68360332547401,79.53063483525833,70.91953179628733,75.36427649451022,71.65471272993206,72.15994075831503,70.19664664106156,79.04892209257376,80.69827573449746,74.93750341425601,70.25348463255436,79.94759940287896,78.97080569635276,66.97710924907419,73.93008477911918,73.63170829133476,71.18633545997044,71.15058167461373,75.50225822666178,78.60216047697992,74.2487027225831,71.93329950627658,70.22706943777244,73.53492020519523,74.69851671137431,63.64797571046633,82.14401411882527,64.7036901355729,75.0791557256334,73.75965339474595,63.73351190463925,74.83466564683226,73.5223786024573,79.72142041924317,75.83793738011485,71.54154833034771,78.56193549060711,72.62337994997375,75.39553061503295,79.03362992284904,74.84539396382856,68.85420422702927,79.40408500139507,79.96321666814185,71.92127117447703,73.19955739202932,79.05176596277792,80.08146627313221,82.6704790412929,70.1734786355217,83.94086638313888,69.08557916367936,86.74443257810915,75.41174167550936,79.91008278913225
1610555617.19EKxMEwDHfXiEJZc27TsGoERaD6Da4BZU,55.000430427350686,77.08518058431102,53.815806952159285,73.12669963021125,0.0,69.03347948830553,48.2599771873387,55.71157320424396,52.754368310257796,66.01784696314652,83.80961992575254,79.6234750629822,78.87531359935231,56.0714244516191,79.69246142080921,66.18274499556821,87.39526853479886,82.79363610588726,65.09373636893869,62.55395910030323,84.26244736655879,85.2076584208209,50.73031534563444,55.44562552094768,67.35817159619627,73.33473360704811,49.320495387520744,80.26784608465735,76.92282312580726,54.330287221057944,63.13917333161988,56.63933668767895,73.9503813731368,71.73877172834759,73.6106008636953,75.28235186706944,70.93111566259773,70.46056312604516,73.5826828031104,78.86655336341946,71.83122574835147,89.84270791508575,74.4817837880965,76.76948341439243,81.46295422742847,85.44982777029985,69.90383325371978,66.96043078650207,63.60320223326067,69.3090378579163,70.59593948800385,62.76818298285128,76.42452987091346,85.60164838458857,61.91753674278594,62.9185997089724,71.09731893186083,73.025211164426,68.28107941406653,67.74585561273662,84.74759886094493,90.89894659463282,68.49970253731477,85.69976592950844,64.57739082243005,92.05505067281277,71.00598078303707,82.27021796208392
1610555722.52PJ3FD50MGhRXyUD28vluU8Z9UjLJLZn4,62.62412744623223,75.13010566377318,62.1876683926155,73.25836526646265,69.03347948830553,0.0,66.66990337419803,62.820758257051516,63.511960978905705,73.18997842077856,82.43268200866727,81.21844721744078,81.38383558168194,63.3845402869848,81.68565036149346,75.70811096735696,85.15451585069397,79.8880854064525,40.18028960769517,70.07216437873345,83.93510722093305,82.04169933732409,67.23942052488499,61.9171837574639,72.97033768489945,44.37537757908463,64.86971826757754,82.92880551503102,80.97271501765466,59.810438522740526,72.76657383774226,63.250857206210355,80.1015615776967,78.6343116731118,78.02311543094956,79.60071540163165,77.76929935568751,79.28924096900053,75.04740832848019,79.20388133348378,79.3740959494952,86.54306621700908,81.57615997439454,74.77738175472575,80.17277121781575,78.73041207872015,69.94857652345269,68.00409539332155,72.34100983968219,77.34459271006034,72.50664610672962,64.47298437034449,78.56800799719191,84.71483206389291,69.68942530899737,68.87389686584979,78.99812414773002,75.14363727737636,70.34110442179212,62.41274232142135,83.3429847414124,88.3657322610578,76.47947198619067,79.801405617806,74.29626089999921,89.22120897471952,73.94791797679714,83.19099828974309
1610555617.52Ijr5puT55g9apK8auM7zaxa3NANg502t,53.84889909638494,76.21823690013485,51.796435822421536,72.029434027865,48.2599771873387,66.66990337419803,0.0,52.899465846547955,57.449600177000306,68.33274990017405,83.59782006277477,81.82816197404824,79.4481561629144,50.423407900305094,79.67745832837512,69.72070344905386,86.40697539702698,83.22825854970804,63.65223794904899,66.61166848986261,87.67732955185217,85.20030118127005,61.74244713790146,52.73193399366511,71.90972507872368,69.85801415075468,58.42753184144625,80.96064759420965,76.38305887934472,49.86541817731728,67.14503091546715,58.05169410928543,76.10854210445385,74.27389582305968,76.42143715470782,75.999963540094,74.082159037425,73.43627996618996,73.19720493433923,78.66567175897669,75.06140051173406,90.23004090592286,77.60663588154829,75.70967412484951,80.69542714278893,84.16821113599475,76.02950716877521,69.95273500988172,66.0361006727365,75.75198796164294,72.49895218679944,67.00269346289382,76.72884951569961,84.75262780461533,65.014914373993,67.93703501718184,73.66755504839382,75.95788650566605,69.67157717658229,65.03635524751628,85.05323569831229,89.8571384622199,71.58028241273516,84.3176918454109,67.64917257105309,91.90505828931765,73.49485748561112,82.06217665724233
1610555638.77ZLjTLkz4jYJdFMI2wWBztzsDILkoOtAk,29.446916165703865,76.87269091814375,29.22535487039841,70.83882451038028,55.71157320424396,62.820758257051516,52.899465846547955,0.0,45.98188039031852,61.39547084926476,85.78964980899111,75.6352121833344,75.72859618663075,40.83056863191416,78.71415401711525,64.70015586936226,89.38825766066898,82.75863202491078,59.54071061851857,57.42359803350463,81.7783939982788,88.0004013882204,60.01408886359366,25.91454610341329,68.63668239410093,68.80171035997219,50.77872721647955,77.59914304654318,75.3404429382665,58.41690725044367,61.51458703667287,65.50237439106662,70.37334390309978,69.58736262227895,70.83913581564462,73.82752357338076,67.66267649523871,69.00247853499445,72.82400498910653,73.45531493789781,71.10561570162568,87.53970465797597,73.28927494422479,69.19772469333947,81.96481246646849,84.95109263886218,67.98193477020048,60.58797188144109,60.11040661116699,71.80253373396553,63.6195577884668,60.31063606056059,73.89621826911029,86.45111451453687,57.81745414379002,66.69160433724082,70.90701048492248,68.83646252646587,61.25045950557993,68.8455978488502,85.63503845990589,91.81067438612351,66.17152060102306,86.16186890701239,61.99528973142793,92.40978509424332,69.58452731612573,83.01278683927653
1610556912.46C7tJPLF0XfNnm8f1820X9aLmXMHoc0Dw,44.5141331795951,77.08963613416896,45.61833148396592,71.53639626462198,52.754368310257796,63.511960978905705,57.449600177000306,45.98188039031852,0.0,63.04154525962058,85.70583977261691,74.96793443909917,75.80225131962604,49.77641353057669,76.70118048731747,65.81126207591078,88.50189385836359,80.75138209856033,54.58177486260593,58.53529367713004,79.80531057132087,85.93130492037976,61.06317882109764,44.79238529956784,69.03462540641334,68.70002681459134,53.08565833595899,77.6350167832391,76.52398662296437,60.5411425788864,62.97703923318895,65.9174353014058,71.03334778293784,70.20307442571533,71.1076943653168,73.95091065410796,68.1645540652535,69.73211530099708,73.92049620116629,75.18054744338147,71.96108284061037,86.01178429631952,72.68655957969249,71.92163163434584,81.01975482361637,84.35761428788908,67.10320648206688,61.10999107899359,61.8947982430286,71.02570107147888,64.66040725129348,62.10746892634283,74.52434013025876,85.19900200850007,60.870907290580384,67.9576614721871,71.93277777883789,70.22401179420615,62.702332908936796,68.8986409854355,82.65097727413372,90.98524329638819,67.24048399846983,84.22680643229366,63.77823492865088,90.45067088065107,70.14134643665885,80.93749821942235
1610555617.51LjzIROg0aeCP2GhDcAVQ0LipKJB9jmKc,59.42961269500087,74.36153831740631,58.879527178906606,74.42596697284934,66.01784696314652,73.18997842077856,68.33274990017405,61.39547084926476,63.04154525962058,0.0,89.88806021739579,81.77330062543022,49.804722612828314,65.46866700403129,83.49256832874997,68.0588612688592,93.47020920730276,84.16429198160816,73.65958955982218,63.62097927137085,87.05809755236245,93.48117862894668,64.64503755264221,59.94053795348305,73.00287754004539,79.90334446044649,58.88382527749129,82.95250836278751,76.14456102832068,67.08616182337295,63.663248369320776,73.32573287795641,36.69344279869079,70.62744039691499,74.86577745417058,80.735161018653,71.90403290127725,69.42002247129231,73.17598213247429,78.01063184120291,74.87741755144403,94.21576666807472,78.38216236916278,79.28758184050834,84.27910043392433,85.48851124453599,73.626012204765,68.00757391327818,38.28965539637441,76.66975087077478,71.29777231187377,69.20918672887059,72.54756056978468,88.9506467662954,63.54722334262708,73.21190366909755,78.56772555319175,70.7852550960956,70.5735916326164,76.95545767022762,90.07476672134828,94.96142187367889,65.20423850715237,93.50496834920648,58.59208373138099,96.71621728017851,74.8637953830511,87.56977355414405
1610555608.17OpjjHobqRkX0UPcaXrbu7K6L3805SZri,86.113913883488,72.55034458430775,85.32898941294124,68.93892968459176,83.80961992575254,82.43268200866727,83.59782006277477,85.78964980899111,85.70583977261691,89.88806021739579,0.0,80.18243007009139,93.37173147955482,85.24481832368947,82.00546121161304,79.74959801299266,54.802190948963485,74.08179991483314,82.09432108540823,85.22886375816374,82.07177341567072,78.05930262521433,82.76793835750442,85.85598564053548,78.88504922769805,85.45724530638446,83.73105544196876,82.37994049750203,79.96861187109238,82.5147600234448,85.20563120670249,81.89663459627806,92.68039452662053,85.77166179585846,80.69355959821928,76.56854915074092,84.64864202237247,85.73906155125391,76.51777982699731,89.99738079893667,79.89450555604921,70.24705942068297,81.51711778293063,79.71717386072083,76.05903882295846,67.46783541516172,88.31668849959169,86.23252912876232,87.11664003031551,83.75070724598359,84.41972885505574,86.80318539855021,85.89381496128473,75.12621024927509,85.02138607808182,80.33075069146493,78.35434590215874,84.13239238824906,86.70350230161745,80.8380192901645,79.97502103310448,77.4100979579709,83.0394921541712,76.36150214340458,82.94164223551003,76.98583638950261,83.291092375451,81.93604773250591
1610555721.82zWeNZfGUUfRJkgnAwlP8VMhPzXctnSd4,75.8599518540414,79.16576262309503,76.11013169725841,72.92250048330622,79.6234750629822,81.21844721744078,81.82816197404824,75.6352121833344,74.96793443909917,81.77330062543022,80.18243007009139,0.0,89.13713120365756,76.85609270417063,83.54985287438554,70.03512026514889,83.3367262954503,69.65214766330709,81.16189935652946,70.40677840357006,49.48912876916617,65.53416921796662,80.26285858976877,75.46869624999718,80.50102808016283,84.46025380749057,76.10396684104896,67.77320844794163,75.36095212908346,83.48455482850547,79.14676157893537,85.94219417503363,84.49949258038725,75.73006906532852,66.38052163207995,69.3990975698242,77.49403346506955,76.19808201241497,78.03754080652763,84.2327025189366,75.8699352880923,72.52581909658375,82.25448252883396,69.26769608555178,81.00141269229273,81.66068532415575,79.55219885182585,74.46607348577199,78.17942723457172,80.05986108793617,50.89939393828527,76.84869364671749,85.81137919241344,81.49316557278563,74.43308489167642,81.52657340478737,79.4995458508057,66.61754741189756,63.78891195839875,84.35060941815621,83.06185300104625,87.9798973731581,71.28854214597764,86.65927424347962,72.78325789529575,86.05268961293547,78.84190305091296,83.03348843250308
1610555735.75bom85BDF0C7W2eIseHeMxi24qR68nzMi,74.45828725693111,74.95030157634486,74.02374850933442,81.40255113760547,78.87531359935231,81.38383558168194,79.4481561629144,75.72859618663075,75.80225131962604,49.804722612828314,93.37173147955482,89.13713120365756,0.0,78.07386456268806,86.29818655911363,78.45444121471506,95.96446703935032,83.97376674596745,81.65798873430735,73.14752614882609,93.64847610521637,95.4305792200401,77.17456818928453,74.67110997812308,84.31262156704265,86.83942268677839,74.02576392197304,89.91628654888153,80.16637182941473,77.23740363976754,74.38680279646256,81.86827040309383,34.02500764875307,73.56885357836214,83.35663017810431,88.61881353579041,80.8550966915962,73.42409730857723,81.73761136241043,84.44267441592558,81.72835686480131,97.66074481666787,85.49120720551535,84.78868016001346,85.95041877366987,85.33433506249678,82.29770345895467,80.29301984441021,62.31326855150085,84.95364785638786,82.11094787171923,81.20056203575973,77.62074079575525,90.08606177612899,75.42138567851184,83.73952785781962,88.2173359696972,81.45719820910779,81.26537215619668,84.53588345433494,92.20689291380391,95.19160116679696,72.01340870171884,96.46953046643728,72.82451859344165,96.52849491795938,83.1901505024818,90.21705999635269
1610555735.77NnT5xqKnwcf2BbjIekeb2arTQj6QMNwk,46.02479646118482,77.79570939368924,43.254129343669106,72.68360332547401,56.0714244516191,63.3845402869848,50.423407900305094,40.83056863191416,49.77641353057669,65.46866700403129,85.24481832368947,76.85609270417063,78.07386456268806,0.0,77.99817969962366,68.4234098119212,88.61331363086538,82.4224675994568,60.741734255040534,61.56718770718115,82.91746615172927,86.46897457259493,62.11921011337045,43.09451851567727,69.3002406898093,69.5986780780232,55.83912516219696,79.42284998824321,77.48666055005516,58.147349838937394,65.03093083399385,64.84456080432842,73.72129681487331,73.14742756217035,74.35591039919254,75.79210452641249,70.52926265969896,71.99570920445149,74.55008608156052,76.93191948683317,73.67124885301126,88.43813572259255,74.96211828867045,73.61586454945468,81.48239660346266,84.05029518735039,71.18823962948038,64.85543238514859,64.1979289000665,73.78952788462941,66.53532308495062,63.138364321040726,76.4044085314833,87.45780139871684,62.74004000855044,68.88275623298811,70.77795465013155,72.3837069460651,64.25618657193493,67.60247093641777,85.64962663609406,91.57551986537828,70.47837270935489,85.37586988684774,66.23982987900513,92.29002719087433,72.76189396657934,82.94604808898097
1610555638.33wjf1PhdNaoWfbRzXVn50hmFyB5bYAiLV,78.84971238811508,78.23624758557938,78.76423949695302,79.53063483525833,79.69246142080921,81.68565036149346,79.67745832837512,78.71415401711525,76.70118048731747,83.49256832874997,82.00546121161304,83.54985287438554,86.29818655911363,77.99817969962366,0.0,78.31545838109612,84.31428508397046,79.38164846918143,79.71765603849074,79.99251025946118,84.13737703514855,82.98672916764285,80.04291773817988,78.20365987835133,80.77089333473145,82.92415865221025,77.48517849433765,88.41469650191335,77.12960640210231,79.34863731667869,77.13275958650755,79.63311322944799,86.30536483255023,87.03486382543475,75.26281809056826,78.70469973226096,76.34652974028927,86.40095627039358,81.33449435009442,84.97444946435672,71.31875100111647,86.31093495750311,70.26010534844475,80.6336050930946,70.57348638136087,80.37322055863224,80.86095192155936,78.43770299098195,84.51587209678313,82.47524834392873,79.38433032316631,79.84039250776465,90.71953484255451,79.38953697711152,78.81678186438643,83.10860151450288,74.83203193401745,81.99087331409892,81.83910504019298,79.74420505855505,87.88892963037634,84.78882171147715,84.10360737146736,87.3410585196964,83.34459789081154,84.16182892958652,82.63529266195435,88.65138462881178
1610555606.65jCE4ig8Pu8kvAzkxnSGfWsV0nQBjCf8H,63.63559052512923,77.37387094460563,62.699446071320644,70.91953179628733,66.18274499556821,75.70811096735696,69.72070344905386,64.70015586936226,65.81126207591078,68.0588612688592,79.74959801299266,70.03512026514889,78.45444121471506,68.4234098119212,78.31545838109612,0.0,83.82916460439112,82.16823778244039,76.18572886618526,56.65425310925257,75.81787204044785,86.6778156142822,67.64234000411273,64.12372134951087,72.68548594632371,81.69195449645467,60.20983163415331,72.20827017769982,66.39198136999899,72.31335132823268,60.42534263896079,76.16624437183243,72.34090185185697,57.99273312105443,53.57579594482781,62.03166702402652,63.28295678027019,57.67916231808098,75.40338461292316,80.26585590843496,66.75822066238733,83.25550646812508,76.15774836210278,74.68981388330309,77.55179993101176,85.31387848640445,71.78416959737717,67.16392047559738,65.28377201355616,69.77631679483981,63.99109294100568,70.68873285879067,72.72540005816128,80.63596134694625,57.899928558624616,73.2358155010464,74.07598864639392,62.739953709343396,67.01185271878201,78.58562615356071,79.77058010694356,86.9024526705372,58.29807197401634,85.70304304680273,61.181924069553865,85.5705856825364,69.08093528748117,77.10394299039763
1610555608.18ONsBCVo1i7BrX0XG9stct4oiA6ejX9Oz,89.89924648134081,76.0085771208899,89.07127653188181,75.36427649451022,87.39526853479886,85.15451585069397,86.40697539702698,89.38825766066898,88.50189385836359,93.47020920730276,54.802190948963485,83.3367262954503,95.96446703935032,88.61331363086538,84.31428508397046,83.82916460439112,0.0,75.80971480505237,84.92282823364017,88.75528688621351,82.98153602566768,78.2223972797069,85.86517911918493,89.39113678744167,80.18125264684058,85.2399842887162,87.81220643697586,83.86140108472773,80.94603061741104,85.65616882102084,88.66222952703296,84.1850367511925,95.95260123199834,88.59349247874943,83.63296012171763,76.05491800672064,87.87017614692232,87.43533263496249,76.46089659643945,91.87084746187293,84.28057490435764,72.253012934397,84.97018874075003,81.19763441141961,76.23453328632826,70.01310039643053,90.47578248452504,89.33859087428772,90.50737155420381,85.73564069976261,87.8843265841538,89.45838739810877,88.78897345158876,74.91987627835223,88.80253246905073,82.06485355075277,78.86581020214047,87.47466947087487,89.89527197057124,81.58289206309155,78.11298812447424,75.3772901241474,85.81625811106497,73.09143817811268,86.21673919692446,74.46317252221503,85.41949660447007,81.22651207382482
1610555721.51RNoQUMP19FTMS79BmA3JkgSm2IC2AQuQ,82.73929735157114,42.813509489679994,82.96282847841535,71.65471272993206,82.79363610588726,79.8880854064525,83.22825854970804,82.75863202491078,80.75138209856033,84.16429198160816,74.08179991483314,69.65214766330709,83.97376674596745,82.4224675994568,79.38164846918143,82.16823778244039,75.80971480505237,0.0,78.73340835438728,81.96082630494182,76.65698162355322,69.75972511323504,79.6018511822057,81.84174858817116,81.2553658445653,84.50897552759355,82.4823760207118,80.0168334131225,77.44026275249074,78.21491146313035,84.95708249996866,80.69726581527745,85.24584179400162,80.05413899274848,84.14130900864646,82.78704939959685,86.58781383609208,80.19919679033299,71.27830775252734,91.18455001294026,79.08411394831795,78.23213108129134,84.88949511162323,73.86883940698594,64.23350452642876,52.5988046031606,85.46825471037486,83.447299984391,81.61789505785579,87.55184211301874,74.39302211041152,86.27654960135467,88.40105628282386,77.42381553000244,84.70302264667383,83.2157009757368,80.2878854201876,82.90327056578992,77.8300561775245,78.71219722018715,75.43462021300972,78.8822827085112,79.89499035077486,78.9384331990672,80.4166603853285,78.64974103843703,86.42726033309054,77.32656711752408
1610555971.86O0cHB2ibBJ8jxoObg01EpGe8VVV5mpwn,58.10123420414209,75.3473121973212,59.05187706315618,72.15994075831503,65.09373636893869,40.18028960769517,63.65223794904899,59.54071061851857,54.58177486260593,73.65958955982218,82.09432108540823,81.16189935652946,81.65798873430735,60.741734255040534,79.71765603849074,76.18572886618526,84.92282823364017,78.73340835438728,0.0,70.66700762092351,84.09613265226307,79.51377910942237,68.96082904485596,58.6240315856847,74.34322215396314,56.33322170059378,64.02012408135145,82.86535644730866,81.15639283778813,58.08561588803194,73.4498566181402,61.62980913981081,80.42493910255496,79.03720163131752,78.56256356712323,79.78452975540966,78.65684689458287,79.28452441512994,75.51425157145815,78.54220075405598,78.8268666753623,86.7579859346207,79.909616047111,73.88486916808705,80.54175331119471,80.13725670291741,73.57019105029354,67.82210295285842,72.64041003080473,76.27943420798668,72.72282767412008,65.68548350024258,79.20389139418809,84.88788652447755,71.82938564489899,72.34727717851466,77.3098388094975,77.34544988115526,70.00114090979766,62.19763456626249,82.21537426915445,88.09397209871706,77.0687969703656,79.08786082851985,74.22750914120036,88.8983835028471,73.48566265771838,81.32395198644008
1610556911.51zU3duZSGpcw1BDNsBLxdOCITAXwl6z3i,55.42957038279235,75.42804412632636,54.82827836150874,70.19664664106156,62.55395910030323,70.07216437873345,66.61166848986261,57.42359803350463,58.53529367713004,63.62097927137085,85.22886375816374,70.40677840357006,73.14752614882609,61.56718770718115,79.99251025946118,56.65425310925257,88.75528688621351,81.96082630494182,70.66700762092351,0.0,75.66258143944303,86.23588334663657,63.287234309285246,56.62972591166564,70.42135915343721,76.79123801823098,54.324184973833276,74.31461394502422,72.64902934249116,67.6315576900012,61.512990226077974,71.63822414406049,66.39491861981419,62.020934301376236,64.75870126781867,68.75607695919379,61.81596341945526,63.0337565583189,73.7718860305174,79.82193095596439,66.51470696184364,85.61493046301985,76.33802382971612,71.30016655230389,77.05689094793532,84.75158843042752,68.59884340912004,61.483117385934776,61.59251655756902,71.55604696136307,62.72216617814269,66.07291698908735,75.22704020945937,85.2512973787726,56.10137011329896,70.83265482672293,74.36081374308228,59.4824592342978,61.958496821364605,75.77138142948024,86.34581147963186,90.36704168142946,58.445812067886436,89.01860406326894,58.47741837770967,91.19421872446175,69.52019234342285,84.23719407252533
1610555988.71dMoYT8250UHHJGxgmITTmbHe7V6gH1yU,82.24657152503801,85.356564878153,82.21705832352163,79.04892209257376,84.26244736655879,83.93510722093305,87.67732955185217,81.7783939982788,79.80531057132087,87.05809755236245,82.07177341567072,49.48912876916617,93.64847610521637,82.91746615172927,84.13737703514855,75.81787204044785,82.98153602566768,76.65698162355322,84.09613265226307,75.66258143944303,0.0,72.75130840385094,84.52339444529639,81.50754136888632,82.46081705963334,86.08211347227095,80.73280724916171,70.7841985933913,82.49210083136211,88.61530054819856,82.94145670745777,89.2688558260722,89.54851282570507,82.40650656156691,67.61684535205309,73.04235772438392,80.41817500108829,83.00472193352866,81.35590674423567,88.0110289266413,78.97420619254993,73.87384530733236,84.02854318401322,75.56275582489128,82.75885169082747,83.6391242295511,81.3482815998014,79.70551783085834,84.1019605110362,82.80791196892208,65.29715472129784,80.89011422997643,89.19813915312834,84.50775087225391,79.81242840794063,84.45057428325018,82.66826886136025,67.33411031733604,73.35157208443655,87.28718862753458,84.14556107165866,89.68485455461798,79.02117024506094,86.64893488889099,79.83086156723259,87.61015044815048,81.94669976291016,84.72749082847707
1610556042.81mlUZsSp7gbGjrp8jQSnybT1gPy6e62o1,88.31663920827799,75.99804767426102,88.44859133087661,80.69827573449746,85.2076584208209,82.04169933732409,85.20030118127005,88.0004013882204,85.93130492037976,93.48117862894668,78.05930262521433,65.53416921796662,95.4305792200401,86.46897457259493,82.98672916764285,86.6778156142822,78.2223972797069,69.75972511323504,79.51377910942237,86.23588334663657,72.75130840385094,0.0,81.91080586902186,88.02953586466485,82.39172881558515,82.39149412426306,87.77505281146763,79.24475607461126,84.09487913439487,78.7605794296348,91.30247945448151,76.81188636749202,95.2232507037993,88.40545746395784,84.31449136013366,81.48498385900524,89.59874876420872,88.00853461596691,80.29338199489254,90.0465166886156,88.13384920074975,77.5822236578715,87.99726501932379,80.54488219149779,76.7542580738537,76.0384041143463,88.72675656416172,86.53701960940812,88.95733450344555,86.2077269035544,77.1299451358814,87.14607037504116,93.35525283890756,82.48010487658564,90.95568979550072,83.0713836242009,81.43165679472105,81.93965252469039,82.05198552590252,72.06694395815488,77.15609638652782,85.18024584319626,85.71598719447324,78.36029123450936,86.00422005893977,79.17162447709093,86.2935443328078,79.06919515942114
1610555637.02UBW5nKvDyUrKnaWcYRGajZPxTRDS0q3N,57.99183711257907,71.89284354272434,57.43358369037668,74.93750341425601,50.73031534563444,67.23942052488499,61.74244713790146,60.01408886359366,61.06317882109764,64.64503755264221,82.76793835750442,80.26285858976877,77.17456818928453,62.11921011337045,80.04291773817988,67.64234000411273,85.86517911918493,79.6018511822057,68.96082904485596,63.287234309285246,84.52339444529639,81.91080586902186,0.0,58.58431045181371,58.085928841418195,72.06811038123553,51.22062332882527,81.32881906061607,75.67676859551665,51.504930917201875,61.97767970939772,53.62211809595972,72.3067127693927,70.92437391896276,73.71623568490568,75.8606258057187,69.81442968243732,66.4837800830577,67.03668501855914,80.41765369889957,73.42086513806359,89.28101085888132,75.44514038094192,77.37179730595744,78.18085990816496,79.95132717694612,67.29848748161697,66.20847608215601,60.25570363326487,70.24416004105295,71.09054428237555,63.01436630572069,76.40787241174583,82.49875608949316,61.60887278663569,47.776647893965375,69.74556440082738,71.01898368446382,69.38736444629035,60.90939128483074,83.16887006797236,89.39283732438759,65.57017195134212,83.3355854292462,62.146930013602265,88.41601343422843,71.26257012750736,83.20844296064477
1610555619.13oUYNikU4facCTpUSiSLr0vPI0tJLnXiT,26.64589628851328,75.81140033828989,26.426702525150993,70.25348463255436,55.44562552094768,61.9171837574639,52.73193399366511,25.91454610341329,44.79238529956784,59.94053795348305,85.85598564053548,75.46869624999718,74.67110997812308,43.09451851567727,78.20365987835133,64.12372134951087,89.39113678744167,81.84174858817116,58.6240315856847,56.62972591166564,81.50754136888632,88.02953586466485,58.58431045181371,0.0,67.43780479621498,68.46800143354167,49.4802448850089,77.24583753446379,74.63771120383255,57.04475625802378,60.376164765828726,64.49790405233512,69.19274862129302,68.60443391469818,69.91026858525757,73.59911566176432,67.20374159994753,67.81350564855197,71.82604015305536,73.4507402742407,70.77996546025679,87.47060168012348,72.7107543470575,69.51819591921304,81.69385379191701,84.14602305393508,66.88710653227203,59.76793804823863,58.62521368547969,71.54228863633952,62.534164148081,59.337397560795445,72.88098032569233,85.77701700718954,56.579859885525586,65.83228761086193,70.4991774012807,67.60811295782652,60.62737445632099,67.9344888694224,85.06577593825915,91.68551230924176,64.87863139554851,86.19160988881576,60.72507597235396,91.99323554515131,68.99514026823019,82.74011028788438
1610555721.03nzkucfjAUh31zTbmCVvTVYqtjoxZFnBh,67.73239940921131,75.88239984890346,67.08341079077987,79.94759940287896,67.35817159619627,72.97033768489945,71.90972507872368,68.63668239410093,69.03462540641334,73.00287754004539,78.88504922769805,80.50102808016283,84.31262156704265,69.3002406898093,80.77089333473145,72.68548594632371,80.18125264684058,81.2553658445653,74.34322215396314,70.42135915343721,82.46081705963334,82.39172881558515,58.085928841418195,67.43780479621498,0.0,77.62203974672937,66.4855596739279,81.27510752167551,80.85457515978706,66.98882418382077,70.5640379192056,68.1053974574733,79.63066830101303,76.55976778334079,75.22577141467394,78.30167274674545,73.76604766969105,72.19755835022055,67.58083410410397,79.77309584634602,79.37485180712352,85.14504674516311,76.1333877951679,81.26936213364863,79.31057371575187,73.8257162671194,73.4401667853084,66.8129765220805,68.37006890228284,75.87419795098815,73.46263020698403,69.13673794031493,77.90954407647979,84.36767770631764,69.36034713583774,57.777275651794305,62.02927747332862,73.08927243882877,73.08088485976496,60.893367356644696,79.60453766721072,85.99410865244174,72.01766210456965,77.64687911934271,69.01591423224515,84.32457311710435,74.82016715006533,81.66795381773753
1610555722.67fhKURdXVzRbLIjXmjRwdJHTnE7PWb1AE,69.4777418530575,82.46463148729791,69.34435760573781,78.97080569635276,73.33473360704811,44.37537757908463,69.85801415075468,68.80171035997219,68.70002681459134,79.90334446044649,85.45724530638446,84.46025380749057,86.83942268677839,69.5986780780232,82.92415865221025,81.69195449645467,85.2399842887162,84.50897552759355,56.33322170059378,76.79123801823098,86.08211347227095,82.39149412426306,72.06811038123553,68.46800143354167,77.62203974672937,0.0,71.82811103422263,85.59434130517029,83.7314436449753,66.77278881643493,79.09562373507036,66.52080773215408,85.58660640465708,84.47507591152208,83.1239639685967,80.77685154806214,83.12696221041168,84.8667210704534,79.03951308958801,81.39091998596855,85.0036548452507,86.85001963309408,82.67143431321071,78.26568845714236,83.114956621004,82.45586442802126,73.65160580221459,73.6342313402084,79.19080121748718,79.52291369873937,77.31305145720917,70.56170681408156,82.78528034774888,87.1960356998542,77.68193921428744,71.60484237878445,81.40907653872641,81.81474918775136,75.87293546809128,63.84159952881443,83.50137806989518,90.23544034877777,82.26487075495051,79.98333221154812,80.45965977313837,89.36519879882594,78.03523568190369,84.419497879265
1610555638.39J2ZWBLuLTHP0jOlzB4tNHmYeijH5g5YJ,48.531862673209694,75.71383137050208,47.3592941076368,66.97710924907419,49.320495387520744,64.86971826757754,58.42753184144625,50.77872721647955,53.08565833595899,58.88382527749129,83.73105544196876,76.10396684104896,74.02576392197304,55.83912516219696,77.48517849433765,60.20983163415331,87.81220643697586,82.4823760207118,64.02012408135145,54.324184973833276,80.73280724916171,87.77505281146763,51.22062332882527,49.4802448850089,66.4855596739279,71.82811103422263,0.0,78.17064446734064,74.25575541467664,58.86611008986362,52.32769689004949,62.40851524348999,67.97070671329993,66.88266511508233,68.20233085519864,71.57631661219247,64.70516920017198,66.26297929079823,72.06960182257748,73.6508249432255,66.53117680292759,87.88976142337184,70.43155791185772,73.76745231071968,79.7461535257369,84.82338070213926,63.69948212803464,57.91142417253575,57.94257433598786,58.82874774662822,64.01441683805841,56.061466018304806,73.2189037600506,85.28188444000396,55.349242274140416,64.08876779271881,71.96550274637107,65.58163035310464,61.67350847034735,69.67154189382767,85.72501491832753,90.37544672467459,62.55293067139116,87.06490661684867,58.607877151986756,92.27023212859515,58.273803259196306,83.39546236701148
1610556032.17Q6yCDx9g7alRnL9jBFXD2JhhUyB2hKfJ,77.75462991472462,79.05466678800393,77.1208806152549,73.93008477911918,80.26784608465735,82.92880551503102,80.96064759420965,77.59914304654318,77.6350167832391,82.95250836278751,82.37994049750203,67.77320844794163,89.91628654888153,79.42284998824321,88.41469650191335,72.20827017769982,83.86140108472773,80.0168334131225,82.86535644730866,74.31461394502422,70.7841985933913,79.24475607461126,81.32881906061607,77.24583753446379,81.27510752167551,85.59434130517029,78.17064446734064,0.0,78.19285902920397,83.98210067327835,81.70818873803039,85.25235317576524,85.5143118060922,68.8928627960687,75.966960159396,74.03776860521651,80.70369568247314,73.12702727209566,78.23087789965236,84.79971243385812,83.41074026657154,72.82879408320662,81.72044685869194,68.02564811085192,83.91940092595158,81.6718288875625,81.84361408361887,79.1586294018194,80.4331469198015,81.63555851549937,68.17097768937067,81.11311243221981,81.92774944510447,83.92386480315606,78.87287723281645,82.83534564108896,80.45584257675526,67.92503455001341,67.03708673943567,84.46589407636684,80.83929194331627,90.71482030278636,73.35688545072131,84.05018886659607,75.6316771002192,85.66731468250515,81.97106521879704,79.84187542961541
1610557007.49MyVgDnuUuBxrvL6SGOdhKf69VYlW1MSm,74.86817230769277,70.92121713141842,73.81079557889394,73.63170829133476,76.92282312580726,80.97271501765466,76.38305887934472,75.3404429382665,76.52398662296437,76.14456102832068,79.96861187109238,75.36095212908346,80.16637182941473,77.48666055005516,77.12960640210231,66.39198136999899,80.94603061741104,77.44026275249074,81.15639283778813,72.64902934249116,82.49210083136211,84.09487913439487,75.67676859551665,74.63771120383255,80.85457515978706,83.7314436449753,74.25575541467664,78.19285902920397,0.0,76.13036860858307,74.55979218406013,80.09810003806021,78.02737439294833,72.05942148105947,73.59299081915296,67.36885484981532,78.22999387732546,65.24424358187947,76.30093478164616,87.80526999753526,68.76772501079955,81.75239172430825,82.44343045663246,71.41607698513151,74.25928263174909,77.3226961570208,82.12844664328213,80.15560761599241,76.2774506553202,81.91349417080616,73.55169762658427,80.1048948003112,81.79355936346735,74.19424676074992,73.42896604333227,78.48828273952817,82.26528117616725,75.33604954642874,75.96164704653148,80.5350805220751,84.65799540889705,83.98293492100075,63.629650223941766,87.95305634802929,66.07438079385463,81.06681402649858,81.56629946700117,85.77717496777277
