,square,rectangle,parallelogram,losange,isoTrapezoid,kite,rightKite,rustedHinge,hinge,trapezoid,random
square,0.037474682794046754,0.04749411211467819,0.05854214574964511,0.07012704955571032,0.05565517001851211,0.05428478179933428,0.04708292674753845,0.06039592350662011,0.059586298809377436,0.05207542722220578,0.07025057802460584
rectangle,0.04749411211467819,0.035237512986935754,0.04532654840239386,0.06597964166997392,0.080413925384953,0.06692074226711092,0.06250242909952516,0.0602506022888485,0.05383732593159151,0.06475453560095143,0.09224541417862567
parallelogram,0.05854214574964511,0.045326548402393876,0.0367331426434509,0.0486585386997082,0.08563521621646271,0.07753416942950547,0.06760571038949341,0.06638217359291408,0.05870962417643472,0.06012322393168409,0.0848813885528381
losange,0.07012704955571032,0.06597964166997393,0.0486585386997082,0.038131847255429056,0.08486194013051826,0.08608329695629036,0.07317725105058469,0.07054900178830105,0.06889606669386139,0.05624499502033573,0.06898845730729135
isoTrapezoid,0.05565517001851211,0.080413925384953,0.0856352162164627,0.08486194013051825,0.04504469089738988,0.05872876673848512,0.05276022543899931,0.08688337994346189,0.08749628854540571,0.05518634276121849,0.06264362474131009
kite,0.054284781799334283,0.06692074226711092,0.07753416942950547,0.08608329695629036,0.05872876673848512,0.05008941848693135,0.0507441122859506,0.08607548906188865,0.08496308338049241,0.0660932057247039,0.08272009962929174
rightKite,0.04708292674753846,0.06250242909952518,0.06760571038949342,0.0731772510505847,0.05276022543899931,0.0507441122859506,0.041743907503797695,0.07918621978137368,0.07867642824963893,0.05287809452721033,0.07008728608840253
rustedHinge,0.06039592350662011,0.0602506022888485,0.06638217359291408,0.07054900178830105,0.08688337994346189,0.08607548906188865,0.07918621978137368,0.04772178124775008,0.05273121448844471,0.07158881910295899,0.08166199949716732
hinge,0.059586298809377436,0.05383732593159151,0.05870962417643472,0.06889606669386139,0.08749628854540573,0.0849630833804924,0.07867642824963893,0.05273121448844471,0.05129702088393211,0.07039042499960947,0.08504534545958518
trapezoid,0.05207542722220578,0.06475453560095143,0.06012322393168409,0.05624499502033573,0.05518634276121849,0.0660932057247039,0.052878094527210324,0.07158881910295899,0.07039042499960946,0.04182280431919089,0.052879017285285324
random,0.07025057802460584,0.09224541417862567,0.0848813885528381,0.06898845730729135,0.06264362474131009,0.08272009962929172,0.07008728608840253,0.08166199949716732,0.08504534545958518,0.052879017285285324,0.04762356530135801
