,square,rectangle,parallelogram,losange,isoTrapezoid,kite,rightKite,rustedHinge,hinge,trapezoid,random
square,0.05258199080632665,0.06113032471058858,0.0658029669743724,0.07101518071946465,0.05721993745358171,0.05577914123258313,0.05506456611600431,0.06238960540723097,0.06166991172334823,0.05832057082436687,0.0626480678694709
rectangle,0.06113032471058858,0.05331795382691845,0.05904700667568153,0.06344566015029213,0.06573017998801811,0.06185468118839604,0.0618399159496593,0.0585881966577946,0.056646084187828884,0.06242068399371788,0.06530803467330311
parallelogram,0.0658029669743724,0.05904700667568153,0.05623364628650931,0.06125253094765138,0.06780231485167187,0.06629566510865902,0.06531007040408723,0.06197997001649601,0.060070871718859956,0.0644993634305223,0.06709954296489212
losange,0.07101518071946467,0.06344566015029213,0.06125253094765138,0.056522154135740854,0.06989404056069476,0.06968041232334832,0.07019519534880718,0.06319682932669143,0.062405215074506,0.0673483046639915,0.06572798287558552
isoTrapezoid,0.05721993745358171,0.06573017998801813,0.06780231485167187,0.06989404056069476,0.05324677546675821,0.057880051777415065,0.057689233776197224,0.06585922718990071,0.06566460755196198,0.0595685362979615,0.06234997833567316
kite,0.05577914123258313,0.06185468118839604,0.06629566510865902,0.06968041232334832,0.057880051777415065,0.05247298454351275,0.05518826878729466,0.06377090832288383,0.06328641079424438,0.06077248538572625,0.06339751663486032
rightKite,0.05506456611600431,0.0618399159496593,0.06531007040408723,0.07019519534880718,0.05768923377619724,0.05518826878729466,0.05318844784711518,0.0631693627274632,0.06251506438266047,0.058789312420796075,0.06408996651871349
rustedHinge,0.06238960540723096,0.0585881966577946,0.06197997001649601,0.06319682932669143,0.06585922718990071,0.06377090832288383,0.0631693627274632,0.05565769555407443,0.05579786221452472,0.06316600578328205,0.06369727481200999
hinge,0.06166991172334823,0.056646084187828884,0.060070871718859956,0.062405215074506,0.06566460755196199,0.0632864107942444,0.06251506438266047,0.05579786221452472,0.054593989327906496,0.0623767690166815,0.06375486832102045
trapezoid,0.05832057082436687,0.06242068399371788,0.0644993634305223,0.06734830466399151,0.0595685362979615,0.06077248538572625,0.058789312420796075,0.06316600578328205,0.0623767690166815,0.05402309975358667,0.05992841145561522
random,0.0626480678694709,0.06530803467330312,0.06709954296489212,0.06572798287558552,0.06234997833567316,0.0633975166348603,0.06408996651871349,0.06369727481200999,0.06375486832102045,0.05992841145561522,0.054692691519749426
