,square,rectangle,parallelogram,losange,isoTrapezoid,kite,rightKite,rustedHinge,hinge,trapezoid,random
square,0.038319240023198954,0.053731442237023655,0.06845592891863964,0.08035879531445704,0.048981554261825384,0.04662459381700083,0.04360938585675809,0.05800203102003567,0.056338591000561336,0.05230255389814745,0.06594455762251901
rectangle,0.053731442237023655,0.040594700914803876,0.05185755813650972,0.06554542904531066,0.0701264922147932,0.05898554801910363,0.05738827010328072,0.054610332121312624,0.04940186685065898,0.05993238479139745,0.07662314552949014
parallelogram,0.06845592891863962,0.05185755813650972,0.046628174831389625,0.05453060163381582,0.07974724122694139,0.07376377135251183,0.06921817181951243,0.06129448656798944,0.055466015968984976,0.06126978953240836,0.07447666985011372
losange,0.08035879531445704,0.06554542904531066,0.05453060163381583,0.04756766661108502,0.08511954163601694,0.08383452495996227,0.07918493678891049,0.06680488723701909,0.06319787281963853,0.06409913551630618,0.06672271528438788
isoTrapezoid,0.048981554261825384,0.07012649221479321,0.07974724122694138,0.08511954163601693,0.04204527722981273,0.051560818526849336,0.048889966267019434,0.07002052905319056,0.07015456355992955,0.05519219730535505,0.06273119509675423
kite,0.04662459381700082,0.05898554801910364,0.07376377135251183,0.08383452495996227,0.051560818526849336,0.040578544360594,0.04511614167915551,0.06803232879037828,0.0667809035022648,0.062617707020671,0.07463298916293662
rightKite,0.04360938585675809,0.05738827010328072,0.06921817181951243,0.07918493678891049,0.04888996626701942,0.04511614167915551,0.040131621870006386,0.0642579687358298,0.06263301878592735,0.05323528018349121,0.06852784447738246
rustedHinge,0.058002031020035656,0.054610332121312624,0.06129448656798944,0.06680488723701909,0.07002052905319057,0.06803232879037828,0.0642579687358298,0.04397532261660479,0.04496752861893708,0.0607376595972154,0.06727785002514694
hinge,0.05633859100056135,0.04940186685065898,0.055466015968984976,0.06319787281963853,0.07015456355992955,0.0667809035022648,0.06263301878592735,0.044967528618937075,0.042943841397174956,0.05832893081651735,0.06759058706573048
trapezoid,0.05230255389814745,0.05993238479139745,0.06126978953240835,0.06409913551630618,0.05519219730535504,0.062617707020671,0.05323528018349121,0.0607376595972154,0.05832893081651735,0.043061290596499824,0.05260819767595444
random,0.06594455762251901,0.07662314552949014,0.07447666985011372,0.06672271528438788,0.06273119509675423,0.07463298916293662,0.06852784447738246,0.06727785002514694,0.06759058706573048,0.05260819767595444,0.045655277398849156
