,1610555604.25mOvVXuL01OCiReyVWBfesjuvXmB3MoPy,1610555605.43B6oDsBtWRQ29Q9UMQuTUEPZy3FSSWXzc,1610555610.92HPGJJSmyPM40z7otPBgHalNrHFA7zk5d,1610555606.68LaSQbm9EHAFycEfFtEqAwYqlBsQPjIRW,1610555617.19EKxMEwDHfXiEJZc27TsGoERaD6Da4BZU,1610555722.52PJ3FD50MGhRXyUD28vluU8Z9UjLJLZn4,1610555617.52Ijr5puT55g9apK8auM7zaxa3NANg502t,1610555638.77ZLjTLkz4jYJdFMI2wWBztzsDILkoOtAk,1610556912.46C7tJPLF0XfNnm8f1820X9aLmXMHoc0Dw,1610555617.51LjzIROg0aeCP2GhDcAVQ0LipKJB9jmKc,1610555608.17OpjjHobqRkX0UPcaXrbu7K6L3805SZri,1610555721.82zWeNZfGUUfRJkgnAwlP8VMhPzXctnSd4,1610555735.75bom85BDF0C7W2eIseHeMxi24qR68nzMi,1610555735.77NnT5xqKnwcf2BbjIekeb2arTQj6QMNwk,1610555638.33wjf1PhdNaoWfbRzXVn50hmFyB5bYAiLV,1610555606.65jCE4ig8Pu8kvAzkxnSGfWsV0nQBjCf8H,1610555608.18ONsBCVo1i7BrX0XG9stct4oiA6ejX9Oz,1610555721.51RNoQUMP19FTMS79BmA3JkgSm2IC2AQuQ,1610555971.86O0cHB2ibBJ8jxoObg01EpGe8VVV5mpwn,1610556911.51zU3duZSGpcw1BDNsBLxdOCITAXwl6z3i,1610555988.71dMoYT8250UHHJGxgmITTmbHe7V6gH1yU,1610556042.81mlUZsSp7gbGjrp8jQSnybT1gPy6e62o1,1610555637.02UBW5nKvDyUrKnaWcYRGajZPxTRDS0q3N,1610555619.13oUYNikU4facCTpUSiSLr0vPI0tJLnXiT,1610555721.03nzkucfjAUh31zTbmCVvTVYqtjoxZFnBh,1610555722.67fhKURdXVzRbLIjXmjRwdJHTnE7PWb1AE,1610555638.39J2ZWBLuLTHP0jOlzB4tNHmYeijH5g5YJ,1610556032.17Q6yCDx9g7alRnL9jBFXD2JhhUyB2hKfJ,1610557007.49MyVgDnuUuBxrvL6SGOdhKf69VYlW1MSm,1610555638.44hjT5hbYdKoE3MB6hijrjqbjmLgvCUYKD,1610555608.13zUvmFSCRt6SsLbhqFznMEvGx54GPGQzM,1610556038.62a5C4ynd1AARyAhTv8a58NCqHvXRjscqH,1610555644.45Xse8u7pusHNsd7F3d0A32HXvXr6weOJE,1610556038.62gKXOCG7XCn55eJvyl5voNjbwOW0znQDq,1610555987.13v0oleKK97pkesp6oMgprH8SoSdoDVdIO,1610556964.96ZLLeiQW0qpmxhPGTg7K03fmzkqsC2bjC,1610555987.13VQlEedQ50VvkPMEMzZDv3KNnQCewykN9,1610555982.186TY6MMGkDecIN1woW6vsfAMXVV7jnyjO,1610555982.673LuMndkwkvdmZOn0MmE2Pkidx0FtNalb,1610555733.38zItcuH7gHNfKdALR2d9Nek6bxCyw36Vm,1610556034.15BQxSbZINGCay0yp6RBVlgcPrw76Yn9ON,1610555639.37BPZpgtGml8qUsh9AdV4m32jPLfI2aNFq,1610556965.57S0adAalhWYe6K3bkZU0bRHbqnDK8gGkR,1610555983.54zteLPCMjyrjzPdhHhlZr3faCgD0TfYr3,1610555987.79rHnNRmt9a0ufmnwCvZqBouyUoZDNpylW,1610556960.041xWER61rmArlsKfiMl4frikWmUCnQ7op,1610556035.13a7NHZDutfTMJ88qle1gTYY59Dr4WmMsj,1610556890.456ZBDaY16bMtrTZTqAgHl3wq1tRxzqDow,1610555760.24e6890pkbyZ97Or6croI1rQgjkSsR0yVt,1610556043.02YpWMIJg3W004iqlPyv8OcVAZdSC5rNYw,1610555987.03z05P26TLtONYM1HSzupoc2CeNMa6HTqr,1610556032.15OYCzUxpsz7b10AXBAuDXrvEcvxFhf0M7,1610556032.63Z80yI9pNwS3jSmsDABbuhf8wkNa2Ze9y,1610555736.28eGuESasTXdR3SqY6pHhEXWZtcdciYLCO,1610556034.61bebeZA0MkaFG2sm3VKiqrxeqQginTTW0,1610556944.5XwXOphKYT3ZkWA8gViqOS97VHVuMVUqb,1610556944.745UVLFBzf7fPh4UH37I6tYQOFPqRDytEh,1610556034.63XsUwaFaPZevO1JNFjfhvY4aKNFnV4noV,1610556964.89xwBHw9faT1HjQRMNQEyA4qJ3hWkwgj3k,1610556966.74DydzH91jtyvRyYau47JpVkZoMRSNTt01,1610555740.77UueVziDbaXyRR4OcVJIIZyzOfAzN51bj,1610556046.84e3vwjyRCzqz0wJQhrk8zsxlFfFSv98Df,1610556137.99eoPuVrDThKAOvmeprLPb2FWRqIhzUodc,1610555740.73XFwSrmTXJPlaxGZSefh0jOVA8PI3III1,1610556123.88AOfNaz9jSnqU5Czc7okOv1RCrYfKFBTo,1610556046.85nB7NvyoYQeLcOV391Lmmut1wAM8CFGLw,1610556123.89H4pdIAzDthI7bMXMhlIhKUYIQIvtmPPQ,1610555740.87GOYQUJKpkynIS2lFqppYK4b32ol7NeGh
1610555604.25mOvVXuL01OCiReyVWBfesjuvXmB3MoPy,0.0,132.8577946202164,32.190315669771934,122.39477282357062,95.54536378042431,110.9683899936294,88.03706113903613,31.395101575103414,77.26695755499618,107.80524632812224,149.9232248107508,121.41011922264732,131.49858925945583,59.98892625953786,135.40103782243415,110.02576782961584,166.64564884413286,140.02200861635487,99.77226921410266,98.35438804877138,136.30807311406622,150.68179393355982,102.99490784467959,30.280099532306924,121.14385554357932,120.24003078656595,94.36939677360972,127.12518534977394,128.80375392735854,96.52801414032653,107.77365348777734,110.16761512334772,123.68974771771397,119.88459604155928,120.607244020933,126.09145137388003,118.19853078385519,118.2600862169081,132.44881298207164,122.69759287135453,118.85074249403925,150.0203948056196,125.65152308362077,115.67849194058678,140.77478915100062,147.27379109520737,119.78291496845009,107.18269363263042,108.70531450798546,132.3970637840625,100.86341545821078,101.30535407464969,131.0683464829634,150.31428862818518,98.95483424149344,115.21083169538959,121.7886709374027,112.39173019510562,99.73106059742807,118.22580619682418,149.57308783554683,161.3419030743757,117.08182719994214,152.60547682632884,110.36899147791245,159.36985959627808,121.13537575612976,143.49653323293722
1610555605.43B6oDsBtWRQ29Q9UMQuTUEPZy3FSSWXzc,132.8577946202164,0.0,131.03269703359845,115.91427078132232,137.83076901584053,134.8481258946331,132.53180880344885,133.94884953588672,139.79629468606325,126.38704388921762,129.13455581018673,137.07722968309545,122.1241627516484,134.28179141968278,142.38744481227224,137.19757752028093,143.8251500280623,69.19475255218796,136.44889335132933,127.13619533883148,151.4481325854861,141.03142478992035,129.94577860139086,131.76505439556433,136.4380804132094,149.0575855368535,137.92625477093628,137.5767478342323,127.2469686187715,120.22546289128267,137.92991970733578,133.13139945148137,124.12550276754776,122.49234488503504,140.6267735827092,151.622748941336,138.89170340019027,118.8661841440556,118.10171176500639,157.00347258342808,125.76471947750686,148.02758522253052,149.1195137257313,127.46123635470838,97.44766588854567,73.2822549703877,148.2157760066936,147.57083914875122,121.95655866680997,155.75630903773174,132.24467656371237,143.94690395735708,150.49506782389193,135.95598238065858,128.53116171800696,138.008442784912,136.06947988619328,129.56093698309445,133.77701826873147,133.6470484925602,139.86602572447075,143.86753352259825,123.81902861614289,150.1617733803803,127.42855358656726,145.86394853381216,149.1849119098856,138.0017702354132
1610555610.92HPGJJSmyPM40z7otPBgHalNrHFA7zk5d,32.190315669771934,131.03269703359845,0.0,120.03051322525774,92.96861104259216,110.9511994664669,84.83337397169336,41.237043167998316,80.76890800089146,105.74629608776311,147.96950750116486,123.7101487190561,129.8893262666109,60.35326997972053,135.6146138055867,107.50669847713269,164.48669563709745,142.16623831104104,101.19296276816634,95.06682684632737,137.8190485517797,152.15706754992536,100.52150106795915,41.29248584169903,119.38855081477772,120.7794173532118,91.23544184897358,126.72676762318932,126.56931978547232,93.85418542851139,105.28643461909367,108.29479181237197,121.94284345602375,117.75909178402874,120.62024730754071,124.76076671225101,115.40579872834587,116.0263535986528,130.5358738189916,125.94449438406932,116.34766116349958,150.72705578415477,125.62929484328833,119.56129414329222,138.8857766775096,145.50671048382998,120.28147826667761,107.5592721810964,106.51547912451956,129.67704725926995,104.47205266170174,101.82802248697018,128.9111081932907,148.64658963253436,96.24295316195241,112.49963411628687,121.51801903802038,110.54026781891373,101.87849544098789,118.59137010807238,149.855451054692,159.15113008287742,114.82025942661308,152.5002355827454,107.9378094486929,160.17972134537294,118.28421278851809,144.5628984057384
1610555606.68LaSQbm9EHAFycEfFtEqAwYqlBsQPjIRW,122.39477282357062,115.91427078132232,120.03051322525774,0.0,127.64358565367033,135.92172066876756,124.79702290221586,121.13741549284566,127.82060953445455,129.22125783988278,120.18805953133042,121.34899965788867,142.88815438373558,124.7762234151139,144.8533474615839,125.85580300852838,138.62688145326754,124.03237443192702,128.54559728496292,119.50468791088846,137.24793207725233,141.72458467884235,132.03042645691838,120.40269780761338,143.75102088755477,144.623577146017,120.03439430383003,126.36249224900541,127.62713946463116,123.03252369922345,125.09276547370736,134.47020837642572,134.35028959326308,129.01971034922232,123.82614878428564,125.62786852880386,129.81692122438,125.68986375765613,116.38961875423077,145.73071454745966,111.63516527475294,128.8883546848382,135.9353014802518,110.79904988969326,129.5418896648383,134.0967306657706,145.81738514927915,137.00786004021052,123.47181675362181,141.33396685723034,119.72735336998883,135.51640317043916,144.30703411853835,134.50243858570363,118.61503630618186,142.89893791683062,142.7284366372841,118.39385072892965,126.771766756409,141.69007676649227,143.27286908045699,148.73875660520824,119.91892796476036,153.6769271478748,118.5255708069046,154.88755606518407,131.48226080215355,141.4082411943254
1610555617.19EKxMEwDHfXiEJZc27TsGoERaD6Da4BZU,95.54536378042431,137.83076901584053,92.96861104259216,127.64358565367033,0.0,127.08973008079073,79.44116033263347,94.93855498773821,90.28963656315011,115.74915448174754,144.93246363888585,135.68743946921603,139.1584660073456,98.41337534683944,140.61815181992588,115.36514537620248,159.9758762022084,146.36633992352273,113.09040767307803,110.2279425313892,145.08774782779258,150.4058993435225,99.97330750378259,94.66818651336521,124.11731047646903,135.017192545043,93.28771121279244,135.80983215251155,138.46196905558534,91.40476126155325,112.822902000393,97.79097443931921,131.1438133283054,125.78654713933163,128.1550055570528,135.33293226940893,127.2500767743378,122.80819756192601,136.30468612041358,139.35728512516974,124.24250408760093,155.98222151698184,128.31173168129433,136.44019801542987,144.38725414073406,151.47243840090357,128.60632041475012,121.83932038723265,112.27951631174115,128.28250964985136,121.48875586602271,110.25054645267939,136.57723604832472,152.15641649264464,107.51577405745762,117.36232387945127,122.27784862629221,124.90569366558569,118.23504405146713,119.41950138833931,146.2166894479403,158.44226550099742,124.55949599546258,150.76931014273873,112.65856708675032,163.02156090129245,125.05094774457707,136.5181637585088
1610555722.52PJ3FD50MGhRXyUD28vluU8Z9UjLJLZn4,110.9683899936294,134.8481258946331,110.9511994664669,135.92172066876756,127.08973008079073,0.0,119.6386057956517,110.8198128579826,112.97409038300252,132.09530845187234,142.04907665214697,137.3431220236781,144.89193395676094,111.05903669203613,146.68685532357367,131.85035033879322,155.3517077526661,138.77601017240565,74.4497459073829,124.12610085836467,141.3673028735335,139.33856522963075,115.53489277501741,109.60233704102225,122.6536658183642,66.86533794934797,114.93048677147553,142.40626694363152,143.86382607764892,104.95781131253956,129.16013333241298,108.46754620634803,144.89105341268333,141.70048456358452,134.83808214275163,136.86658301130586,137.58145631474028,139.84189532647858,138.81524397024774,139.15197889947189,140.71414050840727,152.41318526080687,142.21083276696478,132.83989512212992,138.8198937959307,136.01933177367627,115.71508747559258,116.60863070786766,133.587549041408,137.9405607239797,125.01429123223242,111.90694055512083,140.28001555939179,150.60098012659896,123.13739572977579,113.6264297193608,137.3991170374502,126.94798802557709,123.00159364877788,104.24905942746726,145.55627832986025,156.49084868580368,136.3939318792876,140.4336661859491,133.7769217586263,153.2014364199055,130.15714165079902,143.68707959073686
1610555617.52Ijr5puT55g9apK8auM7zaxa3NANg502t,88.03706113903613,132.53180880344885,84.83337397169336,124.79702290221586,79.44116033263347,119.6386057956517,0.0,86.81627526369346,94.99904850032873,118.9938610600354,139.70974211378154,139.46231196651672,137.0019131283319,87.53609092915174,140.18475451896586,120.29603095608276,157.96350382748867,144.32340630641872,107.81724087183889,115.4026272783856,153.123505804521,148.58122128614096,105.66001684337414,85.4143370953547,129.48791341354317,125.76277278342543,102.8158823413248,135.40195443165322,133.39778201951563,76.00583166345025,115.58241982639353,94.24586049311101,133.8892954263574,127.7718632475584,131.54943190633819,131.70503866688674,132.6817610681451,125.76879258109498,133.1662872441854,135.76247127270202,127.88464045176015,155.7502047024571,134.02815242560817,132.14766628817344,138.77489770371187,147.10295880286722,136.44888693883036,124.93284431031877,115.70953781825162,132.81814799540982,123.47496370247195,116.67201691514359,132.5999202744226,143.8653404772594,112.26703891546057,116.53242126999545,127.56031931725701,128.09063253826523,119.60644175109648,112.12130257055925,146.96266859516075,154.0634401763542,126.00038475103784,145.88718317613342,115.79781392495016,158.56051533171618,125.19323465984434,142.4047982538448
1610555638.77ZLjTLkz4jYJdFMI2wWBztzsDILkoOtAk,31.395101575103414,133.94884953588672,41.237043167998316,121.13741549284566,94.93855498773821,110.8198128579826,86.81627526369346,0.0,76.80583114186352,109.09232295576595,149.06640426488465,121.71652965860207,132.8894411260895,52.916088998014885,134.97969021663135,109.48208527791671,165.12892060774266,140.678039672449,99.71980456534556,98.86803971291127,136.17369656854524,150.57529918072362,104.22480877399015,37.34530343319466,121.8253454936244,118.92213343800528,93.91164378257352,126.62825897244808,128.5191299499118,97.92963732266946,107.10829024499309,111.5851070803229,124.96723169442785,119.46563284453848,120.41707366861971,124.81520422835497,119.0673851157088,118.47879405344544,132.70227274211805,122.51449139324407,118.43024179759486,148.08097513316227,124.78026616151621,115.3464579535005,141.17630671940418,147.85952155970392,119.88222945928077,107.31747039820166,109.87635956810135,131.316200854689,101.56175879858755,101.80671969613329,129.91543937044997,149.97728584548622,99.68172927718196,115.91344592377266,121.61221702715093,113.35478909303104,99.96346489608769,118.19232021358506,148.18539009985537,160.35549377884524,117.24109573312003,151.0841937479913,110.57535386356679,157.90061675196483,120.8882581484691,142.17086286499767
1610556912.46C7tJPLF0XfNnm8f1820X9aLmXMHoc0Dw,77.26695755499618,139.79629468606325,80.76890800089146,127.82060953445455,90.28963656315011,112.97409038300252,94.99904850032873,76.80583114186352,0.0,116.81098650327762,152.21919275868655,125.19635412677398,138.77347552895557,82.93562904436463,133.63724648740686,118.76240539151067,168.95254022650366,141.65547699789713,89.97145597875122,106.09809958682888,133.13090633882197,149.05362245950099,110.59973146670467,74.84913566412901,126.28563699822979,120.59713869517518,99.62840308764086,130.59308164692922,137.66671928761542,102.12478330343271,115.7409626761282,110.50608761447117,131.815708325231,127.6898180951927,126.60499095305045,129.533608972055,122.85719307791346,126.97267310209007,138.77431793962964,132.3580860871986,126.95146906405178,148.17066789184898,125.40577125448867,126.36342551149251,145.7753762864399,152.02467095683474,118.51552472472177,108.84439905473957,118.21969790830768,134.05210732082202,108.4095320907084,108.2363656476092,138.00428005252905,155.54237777933184,110.28496023269211,123.14899173711369,125.63491024606516,119.78824859997472,106.15390110386893,118.33912750439085,147.57045035771733,165.37792861906422,125.24892728162797,150.27722274716064,118.50579846830229,158.67965766403512,128.90359638070998,140.39364846616257
1610555617.51LjzIROg0aeCP2GhDcAVQ0LipKJB9jmKc,107.80524632812224,126.38704388921762,105.74629608776311,129.22125783988278,115.74915448174754,132.09530845187234,118.9938610600354,109.09232295576595,116.81098650327762,0.0,156.45901060018755,139.7641078687276,82.6526791961821,113.0812662765026,146.22435863212291,120.69681798612416,174.12181145382104,143.19984397921053,132.10301766163724,114.6927021558924,152.546604339746,163.90020332648734,112.20999719481374,106.44710500505883,129.59339355366762,145.58258406865576,114.5376755538206,142.58238964263637,130.08918216487382,114.08826153657968,114.13984791954134,127.27232928879431,62.12442314828834,123.8071978734699,132.4319775856309,143.93375680969638,124.19282398958421,120.75180710810528,128.07185090231764,139.285828506455,128.27028889889934,165.62120461117618,133.47965366491437,137.3726563978864,144.36015059212758,145.552833023906,133.00197435106378,127.41561782675187,69.84323472125173,144.8946173239429,122.91251850428444,123.22828398585007,131.19557120691604,156.56273115815907,113.79851094983208,127.03316946886805,135.31746966392708,120.12895204322855,125.5464016443721,133.87821986442904,158.63311502333067,167.9171463222612,114.2474136799292,168.08609911819002,102.4106377679292,171.45033247233883,137.56422901968452,151.76922329639189
1610555608.17OpjjHobqRkX0UPcaXrbu7K6L3805SZri,149.9232248107508,129.13455581018673,147.96950750116486,120.18805953133042,144.93246363888585,142.04907665214697,139.70974211378154,149.06640426488465,152.21919275868655,156.45901060018755,0.0,139.5230037697219,164.82127390117338,149.23028620344178,146.51401154071343,138.06099334459196,99.81705156458962,132.14247780015157,144.0787422322945,146.13426864850294,144.18061227685791,134.42261185783138,143.52197783399583,148.28112415767805,140.39506812007454,146.87021751091,143.67183303289914,142.1329573132024,140.0432586666937,138.63703943467246,148.68074998201854,138.44650153586517,161.66714477861015,146.5842984913447,140.8155816662504,137.39804274770128,147.95716315792873,145.67589314659668,140.13860123951346,160.85379971573872,137.17527955573755,120.28941266103101,147.95297092093952,142.05314909821203,132.02652387064384,122.12307921213839,156.746583218802,150.26068799707093,149.22731343944372,141.35702046830386,146.41787251196803,153.07753691135824,147.00630647322117,134.58839860464423,144.38664405979574,139.56394289856974,142.46247193826377,143.19129817798768,151.32592581970613,141.1060678867347,144.96462395267605,130.83229006026605,142.03833140384657,136.71615178332308,142.42782240220959,134.64187533623124,139.1028170130063,146.45907439968633
1610555721.82zWeNZfGUUfRJkgnAwlP8VMhPzXctnSd4,121.41011922264732,137.07722968309545,123.7101487190561,121.34899965788867,135.68743946921603,137.3431220236781,139.46231196651672,121.71652965860207,125.19635412677398,139.7641078687276,139.5230037697219,0.0,151.6770546949251,121.49165180265788,147.66785093228765,119.30910397949353,152.5227819092264,117.64403922821725,134.0803253926587,109.03115505516934,85.15124954814789,108.61671216823214,138.9252960732181,120.8781987251074,142.84160923526161,142.66404323621344,133.4921459405756,117.33605229815623,124.99586941791253,138.47569431389442,138.89996347275064,144.90975105927745,142.10296742544995,129.2913701211092,114.8949938963263,116.09441244883799,134.4207503476596,127.64784243896678,134.75816887673253,144.88304184852564,135.55618389188916,123.84574781612297,146.20844332051306,112.29181407514419,140.02632108852887,142.73583721172054,140.36133070733354,125.14659989176292,132.22414371899757,141.015394447353,76.44435846803258,127.8946238033037,150.75823919962883,142.89605352845837,125.2277554617505,142.4137223209065,136.97313077658538,113.57852205556367,104.55208986186598,144.16043521914986,144.80792832366416,156.54663543660197,116.2250409089795,153.49310811914003,120.02543597785471,148.1245697501389,131.7703440711731,140.93331567746066
1610555735.75bom85BDF0C7W2eIseHeMxi24qR68nzMi,131.49858925945583,122.1241627516484,129.8893262666109,142.88815438373558,139.1584660073456,144.89193395676094,137.0019131283319,132.8894411260895,138.77347552895557,82.6526791961821,164.82127390117338,151.6770546949251,0.0,134.23193428225233,150.14307451370564,135.60805860813528,180.17268217769276,140.27495888140098,145.48047322482458,126.33907783153484,163.33876097484125,168.32424860945142,136.34278972237723,130.46970464004775,149.63939794216893,157.93589786291992,137.38156926480994,154.27598913645676,135.09595515569163,131.19564155707985,126.38793718792924,142.97590317105406,55.86071016310926,125.34278064300327,145.13452733129716,158.19495377904548,138.86870709656068,123.77818962977358,145.03267420148376,149.13060194153252,139.2764501900104,174.70415040330994,147.32722109210303,146.95726485434386,144.45107718409332,142.37359541577248,148.3450170308456,148.70926980953107,108.1400716564953,160.75187882329033,139.52421430493632,144.50442928797483,139.69474639115927,155.62156708034635,129.39634707691437,147.39000389334885,152.89984751224785,135.71303327821073,141.53784240856686,148.53825000740397,160.59898451433156,169.11021564544467,123.07948127808129,176.01338069271355,126.88023068308017,171.4728107540226,152.98233713466803,154.79165366817352
1610555735.77NnT5xqKnwcf2BbjIekeb2arTQj6QMNwk,59.98892625953786,134.28179141968278,60.35326997972053,124.7762234151139,98.41337534683944,111.05903669203613,87.53609092915174,52.916088998014885,82.93562904436463,113.0812662765026,149.23028620344178,121.49165180265788,134.23193428225233,0.0,131.44462553336476,115.22059075919567,163.95697899118008,139.88454679776825,99.8473573562584,103.09119012142595,137.60610884948622,146.39513451848993,107.73360719982895,59.844631378504,121.95844181240153,118.50718370391574,101.16368369938324,130.12902292799563,132.52381073865084,97.67990818857506,112.52451154151959,111.55638260480016,128.5417656840995,125.0673363785737,125.5151484450006,128.59092683276256,121.52454262918333,122.72260968814976,134.76697875050334,126.46035169333709,123.63962214596661,148.5045558710139,128.39369415663856,122.12886732258325,139.376529040619,145.26082209364253,125.05311899893708,111.30880576144469,113.51298342800598,134.44665006752814,105.28553230756715,104.46637677878489,133.94682587701993,151.01736321636315,105.66177775290512,118.02260870422064,120.70009377554288,118.70035025736095,103.60270522471069,117.25032066215901,147.05942783509076,159.68302380396077,123.27496789061145,148.7167534632297,114.23997299228279,156.10229916604325,124.91906307354517,141.51450389766788
1610555638.33wjf1PhdNaoWfbRzXVn50hmFyB5bYAiLV,135.40103782243415,142.38744481227224,135.6146138055867,144.8533474615839,140.61815181992588,146.68685532357367,140.18475451896586,134.97969021663135,133.63724648740686,146.22435863212291,146.51401154071343,147.66785093228765,150.14307451370564,131.44462553336476,0.0,138.58865598136774,154.95810110186272,145.89325954152187,141.14253976828067,139.53092328694675,146.84290172550553,150.35942784751597,143.9831205156353,133.4684710859594,147.6216324925352,146.16969344853953,140.34466389440428,156.1189376008777,138.96273776917852,138.58177527719906,130.88984193585327,138.41554618902347,149.30852507751268,154.27148765170008,129.82773854695662,139.2751948868244,132.06558154675517,150.11562534659055,152.48391505923323,149.7434021826247,122.47054883597079,153.91842987207517,122.80027287593524,145.8447823920963,126.94124439078522,144.6790559624469,144.78517587901823,139.07154902737113,150.92713070681282,148.97590248865794,139.13120339685784,136.27485396639065,168.13686224002123,145.65509524849392,137.61670326049492,147.33234254473984,129.79685605890268,140.6577917723861,144.60861303755618,143.52822459546326,161.2390128527591,155.1100334906145,147.65064090319171,160.28223365409335,148.60143139619376,144.91578207753793,146.78871496458632,158.9373495272291
1610555606.65jCE4ig8Pu8kvAzkxnSGfWsV0nQBjCf8H,110.02576782961584,137.19757752028093,107.50669847713269,125.85580300852838,115.36514537620248,131.85035033879322,120.29603095608276,109.48208527791671,118.76240539151067,120.69681798612416,138.06099334459196,119.30910397949353,135.60805860813528,115.22059075919567,138.58865598136774,0.0,154.58603105916046,145.61953944375074,133.3093598913455,91.31546778280173,127.2061552442029,152.8434619275609,120.56432590191382,109.12711984901863,133.63976662426086,145.22429116432,112.21286397937577,123.01774434419725,114.45589503856468,124.38710740109615,105.98187923447257,132.15841414394427,124.78548412349338,96.29493673725983,91.9639846660111,110.13440829532333,113.21380926492547,97.1898084818842,137.08497699709872,144.71753731071692,111.19123738808962,143.71230656370878,134.24062690236602,129.29761316116566,140.66141006766048,149.31423462341377,128.71825377053213,121.58773353785365,118.2749118662809,128.85212530161527,110.8606161583487,126.32022085662955,129.2219702547331,143.58896272405815,97.97056679794284,132.00263247845558,135.88172746294802,100.5830382153196,115.5890696581995,139.2456010846008,143.51915821948108,151.35093807426986,99.86608134341077,154.22718258457846,110.08430112846281,150.63058709975687,122.84711068660071,134.32529840206323
1610555608.18ONsBCVo1i7BrX0XG9stct4oiA6ejX9Oz,166.64564884413286,143.8251500280623,164.48669563709745,138.62688145326754,159.9758762022084,155.3517077526661,157.96350382748867,165.12892060774266,168.95254022650366,174.12181145382104,99.81705156458962,152.5227819092264,180.17268217769276,163.95697899118008,154.95810110186272,154.58603105916046,0.0,142.11466292527743,157.72869972319597,162.91291870101824,152.49914746260748,139.56882504812754,156.82049495974084,165.53244313085372,147.3326591698149,154.65418652721593,160.07938622157326,155.30949799013445,149.52959635961872,153.87809203324738,162.88308762749904,149.94667826778874,178.2522130804695,162.10871017059037,152.52098231359875,143.42604864842502,162.13936893772546,158.5559462374005,141.94014418747412,172.7169641732956,153.7414086963021,128.94339811326998,160.38923294385881,151.18495969528257,139.82782592296775,133.6383165480941,170.04700568592645,165.22442538544948,165.50397882207412,148.84285128928204,161.5953113317048,166.95285190441228,159.32398524593142,134.97800060079499,162.28504796630716,149.0433792838059,146.77857614548913,157.8432146020382,166.28893408752103,151.11975124226623,146.52856428508036,126.89992862670051,155.50727140319006,130.15231368751856,157.30415246444127,131.9006995525729,149.79151359500906,152.26661143161212
1610555721.51RNoQUMP19FTMS79BmA3JkgSm2IC2AQuQ,140.02200861635487,69.19475255218796,142.16623831104104,124.03237443192702,146.36633992352273,138.77601017240565,144.32340630641872,140.678039672449,141.65547699789713,143.19984397921053,132.14247780015157,117.64403922821725,140.27495888140098,139.88454679776825,145.89325954152187,145.61953944375074,142.11466292527743,0.0,136.4131912581669,136.81764683402326,134.1810447308624,125.88450118596558,142.30568385571073,138.4096178109089,144.70942442020353,149.9211107213431,146.4301488643409,140.8932365851018,138.7901831424506,133.67791364627135,148.87045437991657,142.965857079771,141.61861130159673,138.77685757038043,147.4221477301718,149.80878797678542,150.77654777264726,136.52426371790904,128.21079032003902,160.40054081047123,137.29388865852385,142.13746052790094,152.60872956437836,130.23075369826148,109.2998653326414,87.680322806479,149.66863855250256,148.41922383870738,139.32008199938738,157.51144835373063,125.25429666884956,147.64897589676983,159.55760656372388,141.15271948095767,143.98969664583478,146.17253542508266,140.05994266504575,141.1895741006805,132.3422444280388,139.01161063578934,139.00937166973176,145.22889761417832,135.45161642737312,146.27369690966455,138.89242193263115,141.50212628455563,152.6733978484478,137.06680901906353
1610555971.86O0cHB2ibBJ8jxoObg01EpGe8VVV5mpwn,99.77226921410266,136.44889335132933,101.19296276816634,128.54559728496292,113.09040767307803,74.4497459073829,107.81724087183889,99.71980456534556,89.97145597875122,132.10301766163724,144.0787422322945,134.0803253926587,145.48047322482458,99.8473573562584,141.14253976828067,133.3093598913455,157.72869972319597,136.4131912581669,0.0,124.42309551331267,139.0083385639519,135.57723245183348,120.02112458538693,99.0467500662932,130.54105350441822,96.28672566772471,111.72841293941445,140.9861146594931,145.5724040812388,100.38875735067367,130.49781447974456,105.29167915154989,145.46765140626295,141.3242917728359,136.23627694305813,138.35254826233202,139.0489095924718,140.51291428511408,141.12262804274326,135.8459543618985,137.6003863893325,152.93091528666838,139.17951979598948,129.28911446984128,141.9785585896821,144.4643786013931,127.78644964263384,115.30754351213871,133.2663970583132,138.3497812240047,121.74144088056657,110.96047979825686,144.18204685249736,152.5126314885608,125.78307150812878,126.90904933930037,133.75040447702722,131.12906988297695,118.40235714847641,107.2785463044822,145.59407777196716,160.32918640582767,139.3231504321861,141.69592486708265,133.2328764061985,154.78549360249554,128.33442129977144,142.1733158086667
1610556911.51zU3duZSGpcw1BDNsBLxdOCITAXwl6z3i,98.35438804877138,127.13619533883148,95.06682684632737,119.50468791088846,110.2279425313892,124.12610085836467,115.4026272783856,98.86803971291127,106.09809958682888,114.6927021558924,146.13426864850294,109.03115505516934,126.33907783153484,103.09119012142595,139.53092328694675,91.31546778280173,162.91291870101824,136.81764683402326,124.42309551331267,0.0,120.2490162343627,146.20548131951145,112.83905874753678,97.3342521281113,129.67199524325494,138.10844860984417,104.05935183958653,118.04829516510785,118.0004846101983,115.31897736659016,109.50573811105654,123.96208599983386,114.86884051406425,104.84706346291996,105.40768244137927,114.10700410068152,104.04548786382591,104.55678862501996,133.69257499713095,141.7364475048756,109.8962623862626,142.14330632486065,132.80882737796153,117.4070865434154,127.81909743602671,143.3003324383429,123.82047987241347,111.5601781162936,112.99239153888936,135.83690916218748,101.60128540644203,116.97744069380614,134.58131619183874,145.65811960029566,94.53660317889475,126.0310172863795,127.88527991369463,93.34336428289916,101.8974923282822,132.52322590032838,148.22522579159218,156.25444813899495,100.88187113547686,158.5128514267923,102.98103350739292,156.4146860948867,124.6787006905186,139.91311490607964
1610555988.71dMoYT8250UHHJGxgmITTmbHe7V6gH1yU,136.30807311406622,151.4481325854861,137.8190485517797,137.24793207725233,145.08774782779258,141.3673028735335,153.123505804521,136.17369656854524,133.13090633882197,152.546604339746,144.18061227685791,85.15124954814789,163.33876097484125,137.60610884948622,146.84290172550553,127.2061552442029,152.49914746260748,134.1810447308624,139.0083385639519,120.2490162343627,0.0,120.68627094812737,148.58353145808704,135.50404146870045,147.59499169079032,145.78235846450616,141.88073960744813,124.2829492828717,140.16348066552194,152.19239936097654,144.0138295812767,151.894652799872,154.40330389921763,142.58146699424694,115.41466606956233,121.33472402573992,140.8692095311976,140.45307195912224,146.615980707582,154.2472281909616,140.4631663019359,124.91597935409983,147.25142551177927,127.62331068985615,145.06220211737394,147.8556496088903,142.1813023614148,136.77515835361947,147.0510201956339,145.0325381186589,108.99871960464989,137.07731926432245,155.18118832968858,149.6960829453803,137.65765184258655,147.6373308187766,141.36573021956772,116.18033223803381,124.86375112130881,150.02038582158548,148.31671830402308,158.14565135063984,130.53615468265514,153.9363885088551,134.71812252853007,149.61820347530025,138.00079054075604,143.6934019764285
1610556042.81mlUZsSp7gbGjrp8jQSnybT1gPy6e62o1,150.68179393355982,141.03142478992035,152.15706754992536,141.72458467884235,150.4058993435225,139.33856522963075,148.58122128614096,150.57529918072362,149.05362245950099,163.90020332648734,134.42261185783138,108.61671216823214,168.32424860945142,146.39513451848993,150.35942784751597,152.8434619275609,139.56882504812754,125.88450118596558,135.57723245183348,146.20548131951145,120.68627094812737,0.0,140.85534133496606,150.3991236041388,148.08887843237906,139.2157313613869,152.66575248674536,135.9108605574711,150.1944733855771,135.78014468907588,163.4941906913904,129.8184572305575,166.6244011386473,156.22033691154954,144.97812877505302,142.27933552891022,159.55374020229345,153.04030801697425,147.0538993548929,158.91573261871258,159.67391081155833,134.0961968308685,158.8963107471508,141.43914146725805,135.5494226217559,136.54290359489733,154.34694884281402,144.29005468911373,152.0897739280082,149.16262393330462,129.05893404586837,147.22241564453333,167.361198569197,148.52383236431592,159.4208549302568,144.11988647477253,142.34444294553094,141.24112943583833,139.21972745268346,122.37688449306651,133.60489568584214,155.17527636512017,146.252242684664,137.17114824093326,147.96585314357682,133.780966470463,146.44878158495663,134.6625963187668
1610555637.02UBW5nKvDyUrKnaWcYRGajZPxTRDS0q3N,102.99490784467959,129.94577860139086,100.52150106795915,132.03042645691838,99.97330750378259,115.53489277501741,105.66001684337414,104.22480877399015,110.59973146670467,112.20999719481374,143.52197783399583,138.9252960732181,136.34278972237723,107.73360719982895,143.9831205156353,120.56432590191382,156.82049495974084,142.30568385571073,120.02112458538693,112.83905874753678,148.58353145808704,140.85534133496606,0.0,101.75850141216459,108.5269952591619,128.13595140774152,90.14126261386625,142.8757444333256,135.62477710708305,85.41573562263065,112.83221198622836,91.49401347230265,128.11614549848898,128.68459983768395,130.0810435595553,134.33420293451644,124.17418280156672,118.48031417675968,126.67035066969132,143.4568044709608,129.0305404958624,155.53417714849482,134.93320922726429,138.702591519373,138.47655532664223,139.38655047076273,118.06360200960795,119.58858514687911,101.69996432132527,122.15879547650732,125.34328249636995,108.42859940908842,136.93697519500788,147.79430374894503,109.30563173445647,85.51089995204276,126.51578648727752,121.60619821790797,122.75931190491596,102.16607154600159,145.00668354227778,157.6168439375362,117.1059167285923,146.69912711164042,109.18173250825863,155.6939175428364,126.37081505898512,145.48328797700302
1610555619.13oUYNikU4facCTpUSiSLr0vPI0tJLnXiT,30.280099532306924,131.76505439556433,41.29248584169903,120.40269780761338,94.66818651336521,109.60233704102225,85.4143370953547,37.34530343319466,74.84913566412901,106.44710500505883,148.28112415767805,120.8781987251074,130.46970464004775,59.844631378504,133.4684710859594,109.12711984901863,165.53244313085372,138.4096178109089,99.0467500662932,97.3342521281113,135.50404146870045,150.3991236041388,101.75850141216459,0.0,120.35036606672918,119.39314512900623,92.73164054284645,126.20112063712217,128.1309104937857,95.10712965276798,105.48247707425348,109.27853375380542,122.57764285069116,118.73281687674455,119.3469689246019,123.67942025178469,116.0490801071553,116.69989095085563,131.1758922560133,123.30597483487074,118.40559227257899,148.74562525406762,123.14255530371692,117.58016475476956,139.71694082502194,146.5777315005851,117.90736959574477,104.81607629084844,107.37132856453138,131.68477472276822,99.5962167995576,101.41195758943351,129.49710008609827,148.47555151195482,98.40451576779917,113.97955264622429,121.77051448851152,111.11786819851174,98.97050411671341,117.09274092306191,148.42252178243808,160.3839230035797,115.47436216362595,150.90010537764093,108.58870458648938,158.4033336876545,120.39360270113461,142.2560925496115
1610555721.03nzkucfjAUh31zTbmCVvTVYqtjoxZFnBh,121.14385554357932,136.4380804132094,119.38855081477772,143.75102088755477,124.11731047646903,122.6536658183642,129.48791341354317,121.8253454936244,126.28563699822979,129.59339355366762,140.39506812007454,142.84160923526161,149.63939794216893,121.95844181240153,147.6216324925352,133.63976662426086,147.3326591698149,144.70942442020353,130.54105350441822,129.67199524325494,147.59499169079032,148.08887843237906,108.5269952591619,120.35036606672918,0.0,133.30044810908367,125.22525249510448,142.80152992933003,146.60058830110412,118.57851185093595,131.27086578436266,120.02054544672995,142.8484722021686,138.86830838796448,136.8477926899143,145.228430080764,135.67987542502019,130.74412389034453,124.77064900856264,141.24483943568347,143.5350593632067,149.08625820784457,138.4474810701109,145.0466895856124,140.7461197627562,129.23812926733274,132.68541417530793,120.73590792897042,118.44784560906164,138.44776771341398,131.44151208820594,123.16776904013537,139.79554581949745,152.25632286187314,125.69107878566194,101.31699325573977,113.11533733242969,128.54324048671762,129.9264417307546,109.6757203227823,142.33424618352808,148.24619178295183,129.73108340410872,134.42730075591845,125.9227993056698,148.9485932059114,129.9681443663715,145.50747931137724
1610555722.67fhKURdXVzRbLIjXmjRwdJHTnE7PWb1AE,120.24003078656595,149.0575855368535,120.7794173532118,144.623577146017,135.017192545043,66.86533794934797,125.76277278342543,118.92213343800528,120.59713869517518,145.58258406865576,146.87021751091,142.66404323621344,157.93589786291992,118.50718370391574,146.16969344853953,145.22429116432,154.65418652721593,149.9211107213431,96.28672566772471,138.10844860984417,145.78235846450616,139.2157313613869,128.13595140774152,119.39314512900623,133.30044810908367,0.0,127.66978921467583,146.9715310150122,148.82240818328387,116.38751766725277,142.644285710231,115.80244809134356,157.36285565581787,154.23671276332226,146.130480767636,137.9031553813311,149.53104433167658,152.5765737709873,143.34039453230355,142.84601924231947,151.85448083929543,149.92352511793703,145.66180344126937,136.24612949796966,147.43039447772955,145.14977474926414,124.91461289384027,125.90985303198123,146.70225593998632,143.73874839277192,132.2118840489566,120.53199868348041,145.34833448289575,153.18936666081223,137.5396854074017,119.7185427293314,140.95322184360757,139.58290553276626,130.8196903663536,108.91944666687947,147.8072025807895,157.60638762067154,149.24476682517076,140.12107454945397,146.91928996361517,150.96039706769594,136.95450172971317,146.2017545813723
1610555638.39J2ZWBLuLTHP0jOlzB4tNHmYeijH5g5YJ,94.36939677360972,137.92625477093628,91.23544184897358,120.03439430383003,93.28771121279244,114.93048677147553,102.8158823413248,93.91164378257352,99.62840308764086,114.5376755538206,143.67183303289914,133.4921459405756,137.38156926480994,101.16368369938324,140.34466389440428,112.21286397937577,160.07938622157326,146.4301488643409,111.72841293941445,104.05935183958653,141.88073960744813,152.66575248674536,90.14126261386625,92.73164054284645,125.22525249510448,127.66978921467583,0.0,136.52858545681178,135.95909862587803,102.54218355916844,100.46447735147323,103.90019975608449,129.45073176762088,126.66342859406738,124.8430900231551,127.96735216583114,118.57873619694594,123.74881768570116,136.77062069669094,131.50054976085318,113.36305410684243,151.17918527094093,123.84729398192647,133.654444249686,142.8601087156813,150.90440009112302,112.51085633008866,114.50274042501513,114.2824308242983,103.46099381377113,116.78940645910458,97.86877821255757,135.8926547200845,155.03400794362705,104.63404194269789,113.2793609304994,129.67046197482574,115.20329050995478,114.52516264824722,120.1580459434758,149.1782760331693,157.66885731013966,121.55875733446851,152.1530466455036,115.80696963051558,162.4953488317218,103.30738988623936,145.56437540267117
1610556032.17Q6yCDx9g7alRnL9jBFXD2JhhUyB2hKfJ,127.12518534977394,137.5767478342323,126.72676762318932,126.36249224900541,135.80983215251155,142.40626694363152,135.40195443165322,126.62825897244808,130.59308164692922,142.58238964263637,142.1329573132024,117.33605229815623,154.27598913645676,130.12902292799563,156.1189376008777,123.01774434419725,155.30949799013445,140.8932365851018,140.9861146594931,118.04829516510785,124.2829492828717,135.9108605574711,142.8757444333256,126.20112063712217,142.80152992933003,146.9715310150122,136.52858545681178,0.0,131.89902273142124,141.94858367090052,142.78129579488547,144.4649087448558,144.81961615941515,113.91602635556775,131.93204948734223,127.54453145468922,140.46592725791655,121.3954895082832,136.98332485507206,143.4378113987558,145.35854715668452,126.0914745019161,142.29543023210252,115.68884573893101,144.47883181450464,141.96870297433915,142.62308705470372,137.6036534592328,138.41682008196562,142.48795115828975,117.35771924071459,136.76424109707852,142.9539544478256,148.5391876680268,133.5748384946469,147.3663992934583,139.47255401890033,111.21214176241685,114.16092122966117,146.93145776232092,140.67962454480758,160.70431759864687,121.65724582402615,146.77847717771468,124.7113046320114,149.00143661927518,138.47559718234373,137.08001282892874
