,1610555604.25mOvVXuL01OCiReyVWBfesjuvXmB3MoPy,1610555605.43B6oDsBtWRQ29Q9UMQuTUEPZy3FSSWXzc,1610555610.92HPGJJSmyPM40z7otPBgHalNrHFA7zk5d,1610555606.68LaSQbm9EHAFycEfFtEqAwYqlBsQPjIRW,1610555617.19EKxMEwDHfXiEJZc27TsGoERaD6Da4BZU,1610555722.52PJ3FD50MGhRXyUD28vluU8Z9UjLJLZn4,1610555617.52Ijr5puT55g9apK8auM7zaxa3NANg502t,1610555638.77ZLjTLkz4jYJdFMI2wWBztzsDILkoOtAk,1610556912.46C7tJPLF0XfNnm8f1820X9aLmXMHoc0Dw,1610555617.51LjzIROg0aeCP2GhDcAVQ0LipKJB9jmKc,1610555608.17OpjjHobqRkX0UPcaXrbu7K6L3805SZri,1610555721.82zWeNZfGUUfRJkgnAwlP8VMhPzXctnSd4,1610555735.75bom85BDF0C7W2eIseHeMxi24qR68nzMi,1610555735.77NnT5xqKnwcf2BbjIekeb2arTQj6QMNwk,1610555638.33wjf1PhdNaoWfbRzXVn50hmFyB5bYAiLV,1610555606.65jCE4ig8Pu8kvAzkxnSGfWsV0nQBjCf8H,1610555608.18ONsBCVo1i7BrX0XG9stct4oiA6ejX9Oz,1610555721.51RNoQUMP19FTMS79BmA3JkgSm2IC2AQuQ,1610555971.86O0cHB2ibBJ8jxoObg01EpGe8VVV5mpwn,1610556911.51zU3duZSGpcw1BDNsBLxdOCITAXwl6z3i,1610555988.71dMoYT8250UHHJGxgmITTmbHe7V6gH1yU,1610556042.81mlUZsSp7gbGjrp8jQSnybT1gPy6e62o1,1610555637.02UBW5nKvDyUrKnaWcYRGajZPxTRDS0q3N,1610555619.13oUYNikU4facCTpUSiSLr0vPI0tJLnXiT,1610555721.03nzkucfjAUh31zTbmCVvTVYqtjoxZFnBh,1610555722.67fhKURdXVzRbLIjXmjRwdJHTnE7PWb1AE,1610555638.39J2ZWBLuLTHP0jOlzB4tNHmYeijH5g5YJ,1610556032.17Q6yCDx9g7alRnL9jBFXD2JhhUyB2hKfJ,1610557007.49MyVgDnuUuBxrvL6SGOdhKf69VYlW1MSm,1610555638.44hjT5hbYdKoE3MB6hijrjqbjmLgvCUYKD,1610555608.13zUvmFSCRt6SsLbhqFznMEvGx54GPGQzM,1610556038.62a5C4ynd1AARyAhTv8a58NCqHvXRjscqH,1610555644.45Xse8u7pusHNsd7F3d0A32HXvXr6weOJE,1610556038.62gKXOCG7XCn55eJvyl5voNjbwOW0znQDq,1610555987.13v0oleKK97pkesp6oMgprH8SoSdoDVdIO,1610556964.96ZLLeiQW0qpmxhPGTg7K03fmzkqsC2bjC,1610555987.13VQlEedQ50VvkPMEMzZDv3KNnQCewykN9,1610555982.186TY6MMGkDecIN1woW6vsfAMXVV7jnyjO,1610555982.673LuMndkwkvdmZOn0MmE2Pkidx0FtNalb,1610555733.38zItcuH7gHNfKdALR2d9Nek6bxCyw36Vm,1610556034.15BQxSbZINGCay0yp6RBVlgcPrw76Yn9ON,1610555639.37BPZpgtGml8qUsh9AdV4m32jPLfI2aNFq,1610556965.57S0adAalhWYe6K3bkZU0bRHbqnDK8gGkR,1610555983.54zteLPCMjyrjzPdhHhlZr3faCgD0TfYr3,1610555987.79rHnNRmt9a0ufmnwCvZqBouyUoZDNpylW,1610556960.041xWER61rmArlsKfiMl4frikWmUCnQ7op,1610556035.13a7NHZDutfTMJ88qle1gTYY59Dr4WmMsj,1610556890.456ZBDaY16bMtrTZTqAgHl3wq1tRxzqDow,1610555760.24e6890pkbyZ97Or6croI1rQgjkSsR0yVt,1610556043.02YpWMIJg3W004iqlPyv8OcVAZdSC5rNYw,1610555987.03z05P26TLtONYM1HSzupoc2CeNMa6HTqr,1610556032.15OYCzUxpsz7b10AXBAuDXrvEcvxFhf0M7,1610556032.63Z80yI9pNwS3jSmsDABbuhf8wkNa2Ze9y,1610555736.28eGuESasTXdR3SqY6pHhEXWZtcdciYLCO,1610556034.61bebeZA0MkaFG2sm3VKiqrxeqQginTTW0,1610556944.5XwXOphKYT3ZkWA8gViqOS97VHVuMVUqb,1610556944.745UVLFBzf7fPh4UH37I6tYQOFPqRDytEh,1610556034.63XsUwaFaPZevO1JNFjfhvY4aKNFnV4noV,1610556964.89xwBHw9faT1HjQRMNQEyA4qJ3hWkwgj3k,1610556966.74DydzH91jtyvRyYau47JpVkZoMRSNTt01,1610555740.77UueVziDbaXyRR4OcVJIIZyzOfAzN51bj,1610556046.84e3vwjyRCzqz0wJQhrk8zsxlFfFSv98Df,1610556137.99eoPuVrDThKAOvmeprLPb2FWRqIhzUodc,1610555740.73XFwSrmTXJPlaxGZSefh0jOVA8PI3III1,1610556123.88AOfNaz9jSnqU5Czc7okOv1RCrYfKFBTo,1610556046.85nB7NvyoYQeLcOV391Lmmut1wAM8CFGLw,1610556123.89H4pdIAzDthI7bMXMhlIhKUYIQIvtmPPQ,1610555740.87GOYQUJKpkynIS2lFqppYK4b32ol7NeGh
1610555604.25mOvVXuL01OCiReyVWBfesjuvXmB3MoPy,0.0,252.5772371884552,68.53740429996908,235.7814944656567,162.8035204960972,212.0392615465433,165.3511339807913,86.72323857669655,125.38372316305892,210.72147156932715,267.1411116876292,251.65666721009381,251.6621128339514,133.70612508571273,255.09319890876816,221.41189744021094,281.07079997714186,264.7409659108223,178.39204797987557,206.19587628930827,260.52387307381116,277.1859791487807,191.70482431625098,79.49815648272319,233.01599507992782,222.82507506654443,172.45958443037355,249.72977630436273,247.14428521710138,183.19058226355565,207.26262017414192,196.44534341692582,235.44890030096312,232.77224796094012,235.37104693191853,239.2926457841737,230.25071405023073,229.2447828960471,253.63911304229632,236.01947418555267,233.17615004059405,271.05548584248436,237.4571801826607,227.54474456081516,265.58099167975513,270.237186103895,227.91931491708527,199.58688549091968,210.3564648950827,241.79625980743094,209.69381801017374,191.12682339517497,244.7089861820979,274.8854208374602,199.54621901467885,217.59765292257964,226.76942780629528,223.31924143112178,203.41027251719888,222.5929183479776,272.7807510786721,286.8526879925777,228.1630707748891,268.89864939264027,210.40204402516892,285.78360715072034,222.57100418618703,262.7306632323767
1610555605.43B6oDsBtWRQ29Q9UMQuTUEPZy3FSSWXzc,252.5772371884552,0.0,253.68453724876403,180.98447193763008,249.83561623381317,238.71448287260037,243.3655962341439,260.0694413654307,260.082691925535,242.65252507975896,194.1791273633453,232.5865076686015,230.08813121985457,258.62814911960714,222.19398206315932,232.84137962516786,210.27445031096573,126.91868618878966,245.56940936967425,247.67060328226057,251.16439973569848,218.18406320939212,231.0735320895638,257.52428189843624,228.8424012905898,256.53510266646066,254.64614961401963,231.73477477346412,204.90871492554086,218.05230306704055,245.4116929513028,229.9506826946866,237.79575030210106,208.04222530238386,236.37958141913964,241.6937731532548,246.46866338037043,200.64307642038764,174.05539622827843,271.4339291480957,216.1260955951274,220.14275982047798,247.8343989328645,203.9392794637983,164.99134127425776,125.02621067796414,262.3934524852828,260.65065259965223,231.54366306846399,267.0423079075145,235.93324030789907,258.6290580054204,242.64433865508883,201.0844146217658,237.43566228511565,236.16583343797407,228.7798620911872,237.12431535927533,241.4553635193294,226.42255189975333,210.04443712360094,213.3643842159237,218.30330088746751,222.44113671463512,224.35632925511428,212.92865280250325,264.7824488176409,211.69436112126166
1610555610.92HPGJJSmyPM40z7otPBgHalNrHFA7zk5d,68.53740429996908,253.68453724876403,0.0,233.80188654066174,162.93342486117533,210.46669619431387,154.06228624519645,80.34005757803635,128.68958669825582,211.98214692018215,265.2929596401565,253.06112546309643,252.94810420318336,118.23688866117759,255.19503957314825,220.2326303921174,279.33436434068176,267.979450215819,180.72001116498052,205.09826976480718,262.11424341803564,276.93735076910724,193.09643547512238,79.5942078294304,231.92978486932503,221.11488462305496,173.54091598545466,249.56008918803204,244.38020813099624,180.2713405581474,207.90652834212443,200.1560145350835,236.92785627998788,232.5077041618566,236.52047971321502,239.15117275210125,228.71682780920247,229.67683866676796,253.65819768161396,239.86283717517756,230.26426821918577,271.81286087554474,237.95095084428573,232.70006474122482,265.45705232733593,269.45877532870315,229.3394285572564,202.23402470809702,211.27733590251444,241.1849093285995,213.11427898420703,190.61582078686624,245.40358527367667,274.81987808456296,197.53645957712803,217.09558489453397,226.17349022882965,223.92915329855677,207.05956883510817,219.98396691878764,271.5509588609679,285.6029098104421,228.04833165962603,268.51790244060027,210.84373311619433,285.3250735164563,222.3239100925194,261.16039249342526
1610555606.68LaSQbm9EHAFycEfFtEqAwYqlBsQPjIRW,235.7814944656567,180.98447193763008,233.80188654066174,0.0,234.59281316802708,238.45806431644198,231.30878118209148,239.79910566887548,242.1867865608705,247.0981067531107,176.76249668667947,203.20411724526846,259.1612489747215,242.65136488126564,223.46245992811404,215.5844930036112,206.66262197138377,199.4602290725839,229.00268686064342,230.64424100200188,224.93147973647572,224.34887211748276,236.49740460069788,237.2450220218499,243.00597700121767,250.67001545172678,227.32147425634813,209.7092892155881,213.74629510443444,220.5002493790007,228.28632202611442,232.4101955679504,253.749392825682,225.78535022068212,208.18891138307714,201.25492576362072,224.01546360717256,221.710641007655,187.14570736428834,246.93913510789625,184.84231791699835,197.5649051729509,217.61951862980513,187.52908586405076,213.89435431998143,204.64766851061347,255.4386408091571,244.32967202166145,235.27328838265956,248.98365101343924,214.95126793992708,234.49132297049715,239.01257919554263,214.70289026031077,213.95926382900595,245.49450171537225,232.53759110206008,216.38452751198656,226.6794416388729,239.4146390205992,226.7482279610646,230.8875636005606,218.6033507998197,231.5682818484858,216.83722906544784,236.38995054220157,235.2334638691987,224.5438829655129
1610555617.19EKxMEwDHfXiEJZc27TsGoERaD6Da4BZU,162.8035204960972,249.83561623381317,162.93342486117533,234.59281316802708,0.0,222.8332685931553,143.27086943447435,168.94542847906934,147.97416690313176,229.07494140525893,252.60214584342228,256.38360698440863,266.8708057873736,173.0313445644008,248.50152168850724,221.8963657105906,265.36613681412626,259.82118016442354,201.17353151836025,222.82507032952978,264.400926176228,260.2441693107921,147.55044797492104,166.59742925034206,221.1863692543943,231.11361868044585,153.3439787203801,253.60827368156808,248.88335201632424,163.59356424501297,210.06236991194996,167.05447165199618,251.39016878486453,237.261173877683,238.48732714756142,236.90760312316817,231.99676106038928,227.2932960994107,247.91462838596937,251.755604449973,229.28900345712313,266.46279706121396,231.70709909557766,244.55838764449584,257.01317052872145,262.8312893136985,227.5518891495319,214.7863553534846,220.43615719185289,222.0205344677057,229.5160551029262,197.11101900148682,248.70345246913587,266.62261575455506,207.99357336637118,194.562235235446,222.82211249703266,237.35015067024725,223.233318183689,206.12696141100497,255.99719538961622,273.5329311976421,230.0265093970005,253.59874336852062,214.80767400628227,272.9870885133659,233.15448563808323,246.23560709395034
1610555722.52PJ3FD50MGhRXyUD28vluU8Z9UjLJLZn4,212.0392615465433,238.71448287260037,210.46669619431387,238.45806431644198,222.8332685931553,0.0,210.92067211749554,213.54867368784454,203.47801295103974,257.22959248290965,240.85455219317765,251.7331210757778,272.21403453808284,210.7298397212165,251.6735172043727,247.0480589204438,253.0542668915051,246.35989968714455,137.04272644097472,244.74762147588757,256.2416850513468,245.84506770566736,212.12449901573527,211.5885811923228,225.64218609172113,99.46767943907177,215.29944054371413,250.2925857271603,253.8033339761306,190.59439142570452,244.5955110837393,190.01989111896137,270.33997027731374,253.43106497309574,251.60868914066455,237.26501941334234,254.18713323213578,256.5153338046485,241.7996008529108,246.91673932623715,257.5048151888687,253.00300899925463,253.22686814989504,228.0575159031883,240.6753454553107,235.32649533188413,215.2415003324021,215.32897234375866,257.02286931115094,242.12120246015323,227.94623970404155,205.8234951854941,244.13261610420957,259.1602674196233,236.98595758461187,208.78021877601728,240.90715170452808,239.14104808495324,226.25815542333055,184.87810698463085,242.61372988912728,259.72176598821494,255.70696135154216,228.7342489248632,253.7474653113887,258.4870108034798,242.28730749901274,239.92347588861765
1610555617.52Ijr5puT55g9apK8auM7zaxa3NANg502t,165.3511339807913,243.3655962341439,154.06228624519645,231.30878118209148,143.27086943447435,210.92067211749554,0.0,161.78522182055372,173.86416519419816,238.087594940771,247.94151736187737,266.8550912944192,268.3647273995359,149.53803651672806,249.02416965059044,237.7603744171868,262.4493571314079,260.6487765111862,191.20168540377102,235.72257239962158,277.3284983979945,255.89415896661052,189.17643712011656,158.05269986704744,230.75039485359835,213.02764578351153,193.91053918073248,258.1606071301491,244.19353453001463,132.32068526617738,225.86773780241765,165.6354153367647,260.4768624720567,246.76052917412295,251.44257414341942,238.56376964972353,248.19566647578944,240.06300809579943,243.74966019032465,256.0196652361244,243.34591288205564,269.0096961657399,245.7020298247684,242.83693794969167,250.57727212126957,257.14213733719737,250.06391433988384,220.86603342632839,230.96658915618602,246.8956049261739,237.9024203623572,206.79579864989967,249.85131424299132,260.99270623404055,222.53065459283727,208.93072106209965,227.71041053438876,250.4074159824396,230.85385365485834,187.42834645418236,256.3373244675865,271.2433647126853,242.64428948564534,248.2909998572216,228.02478768533354,271.45094152245764,236.89334368387117,247.7083255506055
1610555638.77ZLjTLkz4jYJdFMI2wWBztzsDILkoOtAk,86.72323857669655,260.0694413654307,80.34005757803635,239.79910566887548,168.94542847906934,213.54867368784454,161.78522182055372,0.0,130.94237933518403,219.43634006768946,267.33904810532374,254.00389130795637,259.7246217173151,101.50448234580156,258.0194147023611,225.8052634581794,280.24748592799415,269.6696660734452,183.78122434403056,212.19639186749728,262.3344642372117,277.3924349927171,199.71995956766432,71.59339265257668,235.92727210681895,221.54314879722295,182.31906646066375,251.7484293267435,250.10792798192085,187.87257893847632,215.41362225764348,203.47099697093546,243.94683838935597,239.4662604841627,239.29968252169462,239.89195684412337,234.03072371643768,235.52596452603396,259.5010804187667,241.8771495332761,235.16071022963945,270.728215044372,240.72943085343735,231.25759962389233,268.9484083635215,272.7637353780541,233.4797633541111,205.6037640519513,218.74244365312646,245.633125490565,214.40203226365702,195.90391040995604,252.04453335311229,278.475914193059,205.3825058129443,221.65493110010232,227.84036761865758,228.54587907071928,209.16970306249493,223.54195789068095,271.8539697391965,288.7183425724928,234.4032212109889,268.05035119731696,217.56493752068494,285.0854827936523,228.659693592056,261.935067358262
1610556912.46C7tJPLF0XfNnm8f1820X9aLmXMHoc0Dw,125.38372316305892,260.082691925535,128.68958669825582,242.1867865608705,147.97416690313176,203.47801295103974,173.86416519419816,130.94237933518403,0.0,225.49922084923986,264.8594949540542,247.9065445167123,264.0103513532553,147.28291270316913,246.6250338508397,227.06731864715923,276.6687634868854,263.0021001213929,165.86845361652905,214.47897020662526,251.98452293265694,268.39921885465174,189.84056075154672,126.21316623947473,231.04003047336715,210.64019126373555,174.04195525925005,246.0488396243441,252.10731451948865,189.00498044688925,218.0568961708203,194.41426285536434,248.57198003766726,239.79124017875944,236.35923257493835,234.68623651335633,230.80081207196835,238.03920665332984,259.0657600046548,242.48311169352118,237.51547378085525,262.6466167656469,231.47824728184085,233.36459110338848,263.2862949750577,267.870061235273,216.82411979971462,203.01668532597535,225.8296756313553,234.6111542872217,210.56275718748122,194.47085623066783,250.5726730578805,276.51960830371166,211.78660968321861,214.02603083298123,227.8263561857387,224.67684510366962,205.94377257412663,215.47139630316497,261.653391858349,284.22951075833544,236.75253540743662,260.8419766311415,222.51087618317374,277.67718059483326,233.66563480172496,253.32197254828048
1610555617.51LjzIROg0aeCP2GhDcAVQ0LipKJB9jmKc,210.72147156932715,242.65252507975896,211.98214692018215,247.0981067531107,229.07494140525893,257.22959248290965,238.087594940771,219.43634006768946,225.49922084923986,0.0,277.71525389032615,271.2819224382542,158.4835148835397,229.37434127869088,275.9119485695828,231.21662890946084,291.0546257646732,270.51859478146594,256.68755580923806,222.55712940471537,280.705776840628,301.0823024142482,223.53925619192447,215.66341953308236,244.47283705465506,270.6603120699001,221.2669905917397,269.32080483396896,243.84270341062424,233.39685705116213,217.93905724252423,252.07554878812013,115.62614599050212,229.36325470206324,249.3339431163882,265.50193508616644,240.642618140105,223.35264678917346,237.29794378302566,254.95428455120089,247.16500367856955,288.9501211787741,254.86179845695563,261.60659839383817,274.8755877096021,270.41696332675605,249.36849089031074,231.46057721842888,128.49251594566869,266.49884420329573,238.7928342496078,238.50983562108541,236.02853970207536,283.4713424270638,218.9094400681211,250.0464172170315,254.89827383142617,234.8730908446395,239.83155322954957,263.64882874872393,285.9849768419857,294.421441121142,208.88152648315454,289.8250565079922,184.07941377206046,299.7204646013414,256.0927923611851,278.75407646343837
1610555608.17OpjjHobqRkX0UPcaXrbu7K6L3805SZri,267.1411116876292,194.1791273633453,265.2929596401565,176.76249668667947,252.60214584342228,240.85455219317765,247.94151736187737,267.33904810532374,264.8594949540542,277.71525389032615,0.0,222.93327776024893,283.0869225075471,262.20326875089506,220.4652257363486,229.37436997519086,129.3087523982372,201.6211040631101,243.51948845985422,263.7786430019185,231.56891576156957,210.57466146448382,242.2461784180031,266.34171187044416,223.5312995205394,247.18048876795183,254.68823922630702,224.42933810768113,221.53797186599726,234.29443813698924,254.65482218187054,229.95902920478665,282.4970130175075,246.46575014460865,227.3983048533756,206.67953302196224,245.724663215851,239.40693958514052,205.7149239438321,265.7246512552755,220.36355797021412,180.64685671068796,230.09303437829502,219.37856930551064,202.34408739468944,175.21543017452473,266.4529586770694,258.8516511877924,265.01062628108343,248.77914425284186,240.9319775946509,256.10831813916394,247.87058151595005,203.54924051461592,249.04785940711548,227.86981328335497,218.19341040332318,241.55283050813074,251.91486853946364,225.40676545000917,210.96541507778355,202.76119324772867,241.2426332836555,200.82405694903352,245.95274888539427,198.72201505469025,249.73557986564646,218.6455641536816
1610555721.82zWeNZfGUUfRJkgnAwlP8VMhPzXctnSd4,251.65666721009381,232.5865076686015,253.06112546309643,203.20411724526846,256.38360698440863,251.7331210757778,266.8550912944192,254.00389130795637,247.9065445167123,271.2819224382542,222.93327776024893,0.0,287.5130919155173,254.17823287812018,241.79570406466937,207.90397997921156,238.79792401191833,197.82913976075685,251.55849094838902,225.06151872999516,120.14952680023855,191.96941330543098,257.6836495333289,251.43432309488745,246.7585750264379,262.28456317860446,254.19265355524368,170.60459650906864,219.137203697572,262.43785062693814,255.71683196661618,264.24048382977264,275.38754816729573,224.93354822212814,184.57049515543113,193.1768698210163,228.31055064743055,227.7014594523792,230.87960023905057,254.0223546957521,213.5771806660857,186.3888148462751,242.63939342106937,187.64739321683408,236.30019241645076,231.26801399924295,241.94914389335807,238.11494726018915,258.5713798051568,255.5404268761727,153.88574409032879,235.99206611599308,259.32976521110464,232.82400797266172,228.9896370252722,253.1808183502543,236.10329728783012,188.95966595020863,186.6090627634367,259.06129684510034,235.71095121150609,248.87036520463315,228.19892005634472,246.74772647780264,232.74515008135498,240.35347955038097,247.92009230728868,231.9338517096216
1610555735.75bom85BDF0C7W2eIseHeMxi24qR68nzMi,251.6621128339514,230.08813121985457,252.94810420318336,259.1612489747215,266.8708057873736,272.21403453808284,268.3647273995359,259.7246217173151,264.0103513532553,158.4835148835397,283.0869225075471,287.5130919155173,0.0,265.5671232296186,276.16073305872214,257.85987353904704,294.5925363360811,261.01198623797814,276.49171343954475,245.4907896640497,297.55555548571675,304.1509656715694,259.37013326033514,256.48067130273574,272.7576030040938,287.24878484020184,259.08407546413025,285.3749704482837,247.08052247387806,259.0781455168204,238.02053435403056,272.8003855393994,110.83769403659059,232.45364433080206,269.5706988456282,285.620685952299,262.10413389873395,229.63830196821553,251.70919022827854,265.30287833017786,261.17071291975174,295.83932119323305,272.3184111330744,268.33996661035695,270.11427478485746,260.7777346449669,270.6325512609069,269.32775533797724,203.65754195549758,285.04118052095953,266.6314930897685,271.3920065411489,243.33617023335495,276.10150874231664,247.6578583903537,273.52714458596677,280.2267564308373,264.7777300141784,267.09211845643176,283.14259111622346,286.7342516460575,289.2115890231476,225.4931559951668,297.2584971155296,232.05462075367876,293.266479921654,276.7458998097825,281.5638008438884
1610555735.77NnT5xqKnwcf2BbjIekeb2arTQj6QMNwk,133.70612508571273,258.62814911960714,118.23688866117759,242.65136488126564,173.0313445644008,210.7298397212165,149.53803651672806,101.50448234580156,147.28291270316913,229.37434127869088,262.20326875089506,254.17823287812018,265.5671232296186,0.0,253.8141882334711,232.27868831651364,274.52200606917944,267.25026372397946,187.11308293840142,221.09121658049708,263.5412511331421,269.5502515373309,203.96781767823694,114.95685985917171,233.26969351054626,215.92252582340632,195.42817334336988,254.0952763043146,253.01595129330852,181.85798877440584,223.9291247587809,200.08936561463685,253.49062575651232,246.69613380104937,243.8887721153689,240.26657977271645,237.54642245571557,241.62490297246424,258.8381105500785,246.2658782420821,241.2346802658043,269.27822559753895,242.84809281739365,239.50984014882033,264.01968937436413,267.45005244234403,239.90359779637356,213.07983101240018,227.6347337842793,251.55018041699918,220.49792312196894,200.02985273627107,256.9364805080622,276.6182959063832,215.0950710154118,221.37240087529057,226.24678974570566,234.17573436675033,216.12736388426703,214.06718548334743,265.9704669440456,284.61349229043793,243.33514143686585,261.75111036698206,227.04489683237114,279.74001485823504,236.48517611643285,256.47782519881537
1610555638.33wjf1PhdNaoWfbRzXVn50hmFyB5bYAiLV,255.09319890876816,222.19398206315932,255.19503957314825,223.46245992811404,248.50152168850724,251.6735172043727,249.02416965059044,258.0194147023611,246.6250338508397,275.9119485695828,220.4652257363486,241.79570406466937,276.16073305872214,253.8141882334711,0.0,239.66497068727924,233.99485361499376,222.52570481727727,244.30578722288632,258.9945502822661,245.7708599835189,231.43474291479853,248.40946536852854,255.2091159675951,244.83810468431673,254.84187084881208,249.94393513805457,258.8241013664828,218.10335068432494,241.14699502567305,234.7640151785294,236.93522838961027,276.46926228134174,264.9999194342993,218.39569839792142,219.807179224852,220.78781634545336,257.03926519062827,239.87236401736203,253.31797021972028,194.13782663428404,236.44169244317706,190.66766947704022,233.47045889586576,193.3004230708729,218.60820081142012,252.24111457387434,247.67196845816463,276.2437611467515,256.5656352231132,237.7375848059251,242.4556634451671,284.47857081311014,227.90045187248313,239.78442059625073,243.86297460461864,212.9202738366978,246.87401015606815,251.70817833497748,235.33598934546856,256.55090089310846,233.72182339482484,256.6509170383292,250.89841424306908,262.4085983740515,221.64555359578648,254.73434258569063,258.03050808180745
1610555606.65jCE4ig8Pu8kvAzkxnSGfWsV0nQBjCf8H,221.41189744021094,232.84137962516786,220.2326303921174,215.5844930036112,221.8963657105906,247.0480589204438,237.7603744171868,225.8052634581794,227.06731864715923,231.21662890946084,229.37436997519086,207.90397997921156,257.85987353904704,232.27868831651364,239.66497068727924,0.0,245.50425740399845,247.03955366759746,248.9051515902845,181.42363872242422,219.43593882581914,257.1545393239955,219.06577115145598,223.61882828321006,233.2079547964197,261.97169421646777,213.32891979629713,211.19711139918508,193.8606234823217,235.18415884309894,191.75381084690724,244.57330423340997,235.40948924539083,169.25992858185592,156.00079813216132,181.42023313679397,187.5032184441989,159.8941247453221,235.10502804089117,247.2194516189705,196.7787956705073,233.1158912371714,227.66948752237838,225.83430510962495,233.98824536589177,249.18110942905318,227.85779365899893,218.40732804984822,217.2786891928905,224.6327722115848,193.517216194892,229.89981912055455,224.40181928295527,240.05075174385135,175.9804709761709,234.09961607671607,232.84067826990696,182.44713259653273,205.335061298611,252.60164426507004,240.23912685400322,252.67082459134917,170.1865085308207,251.00089342864382,189.04411301103124,248.0945334408046,219.09380241395945,231.82374245141938
1610555608.18ONsBCVo1i7BrX0XG9stct4oiA6ejX9Oz,281.07079997714186,210.27445031096573,279.33436434068176,206.66262197138377,265.36613681412626,253.0542668915051,262.4493571314079,280.24748592799415,276.6687634868854,291.0546257646732,129.3087523982372,238.79792401191833,294.5925363360811,274.52200606917944,233.99485361499376,245.50425740399845,0.0,211.90464254412478,257.4143864932384,277.7956935608257,239.8642902899852,219.15581078867012,256.0779220031235,279.8784117270803,232.3142555346666,254.04542938468018,270.0836986690227,238.4561213613716,233.28776939475105,250.04319355590027,270.1980088061873,243.53119906515755,294.7563811805681,257.8631119233232,242.31082188875922,218.1609152230964,261.06703765436225,250.6563436091786,216.28904405271325,279.6760283125618,239.93794660182954,190.6398345101585,247.43391732034408,230.96288388442238,209.0390662403919,187.5345389740548,277.46018993982557,272.7380756852521,276.78412228778797,259.55510926112373,254.8947832619287,271.0120383078963,259.7245450557473,209.0997100749824,265.72406871083365,240.1682998117464,223.73888354827753,254.17559294224782,265.626541356902,236.0053507472591,211.90162058068813,202.29709760687302,253.35964539680026,195.63166704243073,258.41402898287674,199.46184329075882,262.54903248596435,222.73486009667675
1610555721.51RNoQUMP19FTMS79BmA3JkgSm2IC2AQuQ,264.7409659108223,126.91868618878966,267.979450215819,199.4602290725839,259.82118016442354,246.35989968714455,260.6487765111862,269.6696660734452,263.0021001213929,270.51859478146594,201.6211040631101,197.82913976075685,261.01198623797814,267.25026372397946,222.52570481727727,247.03955366759746,211.90464254412478,0.0,246.8988542611351,263.29758766069335,217.9017094002558,193.36702223388573,251.3665594469314,266.72087863724676,240.27817332198094,260.23382911880856,266.3761594968068,222.808513868933,224.10008162668728,241.3603758849174,264.25959689393915,245.59459955958334,266.58265548122984,234.65654339571415,244.250283549412,234.58316019789675,258.82534976432163,230.68050733732127,200.82782422952633,272.7987071283959,223.388605745375,207.0975788844842,249.76615135692973,202.66480072629633,178.3542670015378,143.14891113213818,262.01313082469323,263.0095815951063,260.7051126919656,270.28693523640385,223.47067163653338,263.86066632378174,260.5883566058422,210.8925644386552,258.2980155479889,248.8389445158937,231.86641856165494,245.3391319106322,234.79029131333317,234.5130809601484,207.2690091288925,212.04222258124167,242.42766927099615,216.7245199470888,248.81309309076929,206.44925628692926,269.82563835851727,209.91654584120667
1610555971.86O0cHB2ibBJ8jxoObg01EpGe8VVV5mpwn,178.39204797987557,245.56940936967425,180.72001116498052,229.00268686064342,201.17353151836025,137.04272644097472,191.20168540377102,183.78122434403056,165.86845361652905,256.68755580923806,243.51948845985422,251.55849094838902,276.49171343954475,187.11308293840142,244.30578722288632,248.9051515902845,257.4143864932384,246.8988542611351,0.0,246.79737567107395,257.8840819772897,242.69408494124727,218.05859101853565,181.2639507812026,234.65219714813924,161.47066417924364,207.43958223178595,248.77425575931576,256.14592770972024,179.31581382679664,244.98447428286096,183.6052370310671,274.4071788511287,258.1705730133111,252.4861410422655,239.93945759453462,254.84306120445834,260.23683623030763,249.56544224217794,237.3324220029059,251.65901296172916,254.71117614416914,244.97058313285302,222.47888722083243,246.60643852343034,246.6882359263665,233.47840932802876,212.86775429735835,254.55269042845646,245.83304663251678,225.67142478412234,195.4847628731199,252.90712239707355,265.5582054990236,238.8912174644582,224.519514815216,238.4539298042587,243.13149074375136,222.26507226482087,187.46414911155185,247.20803079718735,266.63980820718047,259.6587452968331,234.91774222578331,250.2366447694571,262.02521245428693,235.40765233492888,241.66207220632853
1610556911.51zU3duZSGpcw1BDNsBLxdOCITAXwl6z3i,206.19587628930827,247.67060328226057,205.09826976480718,230.64424100200188,222.82507032952978,244.74762147588757,235.72257239962158,212.19639186749728,214.47897020662526,222.55712940471537,263.7786430019185,225.06151872999516,245.4907896640497,221.09121658049708,258.9945502822661,181.42363872242422,277.7956935608257,263.29758766069335,246.79737567107395,0.0,232.07748688841008,275.42612641502876,224.3294678657996,208.87029781912918,249.75628282819315,258.47379926854876,209.53961094786843,232.3828826908061,231.18910591051068,236.18853464338113,207.9368070480246,250.38948564231367,223.20200819666843,199.71676357614345,202.22149630268342,219.85721885715338,193.7660045476173,200.77018685311958,254.93392793600918,260.0391429781719,214.18166854430766,260.30921204551504,242.52925560203138,229.9592411386319,250.3180280718845,268.8428667956595,225.7908161562071,216.89095572028148,218.56499983794313,248.61327472060168,201.2459095540479,229.4558312030088,251.3011699971372,266.9229892236963,175.7571681426199,244.3955410416795,243.6269157810858,183.64437262341798,206.1618629233457,261.26325331150974,272.6008078871728,280.16752189014557,191.9247759098276,279.9516753217822,195.56302901462456,283.4261240608657,232.57260015338267,264.82017073674604
1610555988.71dMoYT8250UHHJGxgmITTmbHe7V6gH1yU,260.52387307381116,251.16439973569848,262.11424341803564,224.93147973647572,264.400926176228,256.2416850513468,277.3284983979945,262.3344642372117,251.98452293265694,280.705776840628,231.56891576156957,120.14952680023855,297.55555548571675,263.5412511331421,245.7708599835189,219.43593882581914,239.8642902899852,217.9017094002558,257.8840819772897,232.07748688841008,0.0,209.45314339296527,264.61926091909964,260.1559377472782,251.85746184045686,264.61153983608654,260.2716346043695,184.68391334631593,234.7786137003141,273.13126675076734,261.9441573445088,271.94852375660156,284.8859168284853,239.3633999566495,186.13232888871036,199.2712081375763,233.370102907928,241.2852947205626,245.1129509520892,267.68200841942763,219.72425847301713,193.63392033978784,244.9117325164381,204.27665392877594,242.89985255786,238.57208239273072,241.3539106694626,247.48905160111624,269.9388232074826,261.2686718102354,180.43213273728807,243.47318784026285,267.05003906534284,243.57291934885862,237.79538195123826,257.5721013048295,242.14128021034713,182.4779348150464,206.9364295787695,266.3276016613997,240.93898585379554,255.22297778430703,242.2861900846015,252.42056973130485,245.50160531701198,247.65088938216468,253.94203207230072,238.4989901447224
1610556042.81mlUZsSp7gbGjrp8jQSnybT1gPy6e62o1,277.1859791487807,218.18406320939212,276.93735076910724,224.34887211748276,260.2441693107921,245.84506770566736,255.89415896661052,277.3924349927171,268.39921885465174,301.0823024142482,210.57466146448382,191.96941330543098,304.1509656715694,269.5502515373309,231.43474291479853,257.1545393239955,219.15581078867012,193.36702223388573,242.69408494124727,275.42612641502876,209.45314339296527,0.0,251.8296736207253,276.60050643825616,244.9439651994167,249.9858914055571,275.6184165369377,218.74375029766776,244.30144649653496,236.280024333084,286.43639924021085,228.31972987476163,303.5772816385633,261.25476554481804,242.226866743087,226.4964557249053,269.9859572146029,257.1293661223704,232.1656282883961,275.97600281989975,253.47014711638445,204.0130688033356,259.08482045341634,224.87794042763375,212.4903834339558,207.6525447744963,270.25930062565084,264.360560414723,283.37832566347396,266.2970580527977,231.12087099922624,263.36571253941315,277.72040832539415,230.20546367583637,276.04005606009184,245.68009702402395,235.6802120036252,242.74804969718411,246.3245633609017,209.48143101115065,203.20303183071567,235.10082283331565,264.24274283150277,212.89151407034961,266.5998526917871,205.1026082113884,268.0092773229258,207.4112334785249
1610555637.02UBW5nKvDyUrKnaWcYRGajZPxTRDS0q3N,191.70482431625098,231.0735320895638,193.09643547512238,236.49740460069788,147.55044797492104,212.12449901573527,189.17643712011656,199.71995956766432,189.84056075154672,223.53925619192447,242.2461784180031,257.6836495333289,259.37013326033514,203.96781767823694,248.40946536852854,219.06577115145598,256.0779220031235,251.3665594469314,218.05859101853565,224.3294678657996,264.61926091909964,251.8296736207253,0.0,196.6601332831764,195.69721629160713,224.1926667888937,149.00003400524417,257.1694603442881,240.9712719383337,158.46095250801093,198.2284880573403,160.99513253136178,242.48464218369037,230.8143022040854,234.2914477602682,233.7358911921629,226.19363196879598,212.1704595123195,226.67418564440337,258.172462474606,230.30987499938203,262.7056176220311,233.2261063790606,249.2966792104735,243.39740432426666,243.17511306292602,214.7720675788064,211.6653107680361,207.98531673432566,215.1756030847782,234.83087064275725,195.33969331201484,243.54341420093388,254.7176416562865,202.74781843760456,144.03688539822141,219.22476315758053,228.83546134619937,230.5485608291904,187.36912799399923,250.15020550439525,265.55178503468176,216.48270549567846,243.3467349361867,204.8670202416082,260.63287159667817,232.89567361223277,248.053379665202
1610555619.13oUYNikU4facCTpUSiSLr0vPI0tJLnXiT,79.49815648272319,257.52428189843624,79.5942078294304,237.2450220218499,166.59742925034206,211.5885811923228,158.05269986704744,71.59339265257668,126.21316623947473,215.66341953308236,266.34171187044416,251.43432309488745,256.48067130273574,114.95685985917171,255.2091159675951,223.61882828321006,279.8784117270803,266.72087863724676,181.2639507812026,208.87029781912918,260.1559377472782,276.60050643825616,196.6601332831764,0.0,233.59338446655815,220.87189315562924,178.24085480099302,250.21260486615643,248.30930880580155,183.0594232993878,211.62943687475786,201.95231872134596,240.5392716439603,236.22367739905627,235.97930919419372,237.88646008668,231.24433322737912,232.54329804152556,256.5264396928561,240.00176530891093,233.47030068266696,269.3135830118338,237.38284735873296,230.76768826187055,267.408468460818,270.71253320435534,229.37025182478294,202.75792193756863,215.11810919228435,243.9033846478616,210.29026816409936,193.39485622246585,249.39167267542857,276.76896500541335,201.77714662048515,219.46543978687038,225.9645009193103,224.0679750170682,205.68741521390305,222.07743716611134,270.7576273390344,287.3370587816253,230.8535883721344,267.0611619915526,214.38069549679213,284.5673601776184,225.78907032244692,261.23118573861854
1610555721.03nzkucfjAUh31zTbmCVvTVYqtjoxZFnBh,233.01599507992782,228.8424012905898,231.92978486932503,243.00597700121767,221.1863692543943,225.64218609172113,230.75039485359835,235.92727210681895,231.04003047336715,244.47283705465506,223.5312995205394,246.7585750264379,272.7576030040938,233.26969351054626,244.83810468431673,233.2079547964197,232.3142555346666,240.27817332198094,234.65219714813924,249.75628282819315,251.85746184045686,244.9439651994167,195.69721629160713,233.59338446655815,0.0,238.99381282396794,232.41724562868083,242.02730690241526,249.8762177454139,210.62167182701052,239.0938051151231,206.20938826487298,259.73673153043484,239.14242586043127,235.88484874729338,232.46459602116843,242.62269991013736,224.44597880617147,193.67631828132363,249.13380489401104,252.3990282104829,239.16777966211671,232.20877685922403,247.47133119998915,236.82353372130365,209.70077010890552,238.32949199395344,204.55904302244807,228.2534947130254,245.2627110818224,232.04254664779586,223.5033913888085,230.49237392621177,246.55133372467074,236.62081809528786,170.2698391143764,181.7020243733173,235.59187982534516,230.93448872323893,187.18303850557098,224.57005705337554,240.0663503309111,233.22506482947907,211.7765955585851,224.09014969069707,239.92437315285284,231.8359969292725,230.25841693036847
1610555722.67fhKURdXVzRbLIjXmjRwdJHTnE7PWb1AE,222.82507506654443,256.53510266646066,221.11488462305496,250.67001545172678,231.11361868044585,99.46767943907177,213.02764578351153,221.54314879722295,210.64019126373555,270.6603120699001,247.18048876795183,262.28456317860446,287.24878484020184,215.92252582340632,254.84187084881208,261.97169421646777,254.04542938468018,260.23382911880856,161.47066417924364,258.47379926854876,264.61153983608654,249.9858914055571,224.1926667888937,220.87189315562924,238.99381282396794,0.0,226.6820323375146,259.5071643382191,262.58509413792984,201.86773090454957,258.8774275672927,195.43494089735356,284.4635176380272,269.33310496413554,266.3749432831481,240.63696683194806,266.84236889115016,272.02863944077114,251.366516022247,256.2907986494563,270.7195420307187,256.536015812518,259.3304200595588,236.67616404062332,249.71445054812497,248.20838834915926,228.08620564962922,226.24154823124667,271.1576540001779,251.42648194758937,239.95566974971183,216.82033089440841,256.2487326984777,266.07070964075075,253.11557458933567,217.08444342931602,249.3963343755983,253.49223373787314,238.05455623249267,186.45677454425945,249.56336418662178,268.0816129675135,271.1713031922739,232.78304725355952,268.2946504843334,262.670383365335,252.95722171012767,247.86780042294083
1610555638.39J2ZWBLuLTHP0jOlzB4tNHmYeijH5g5YJ,172.45958443037355,254.64614961401963,173.54091598545466,227.32147425634813,153.3439787203801,215.29944054371413,193.91053918073248,182.31906646066375,174.04195525925005,221.2669905917397,254.68823922630702,254.19265355524368,259.08407546413025,195.42817334336988,249.94393513805457,213.32891979629713,270.0836986690227,266.3761594968068,207.43958223178595,209.53961094786843,260.2716346043695,275.6184165369377,149.00003400524417,178.24085480099302,232.41724562868083,226.6820323375146,0.0,255.68422950372485,248.12889222961888,191.27975486721076,180.08042042534603,193.9661204672264,242.00579372886745,235.23644466471032,231.17143673228418,233.31773489569605,219.42731037441638,230.16471600899936,253.83217983697193,236.4557267634491,213.06561598919976,267.4097518868816,225.91345931310113,248.27666520136233,259.9384868628146,268.18837299889543,212.089457018625,204.20899540049763,217.23769010912727,195.02673350333225,224.3864527253434,174.10551771364018,248.23914460195567,273.3009891809884,193.93948917167955,198.57885337242044,237.38154913824903,222.10861365792314,220.78009985675212,223.50555330494123,267.42882246006263,277.1032043080825,223.63943453920703,261.4766831486837,211.59403799231347,279.9307409072862,201.26424588990835,263.1775300362195
1610556032.17Q6yCDx9g7alRnL9jBFXD2JhhUyB2hKfJ,249.72977630436273,231.73477477346412,249.56008918803204,209.7092892155881,253.60827368156808,250.2925857271603,258.1606071301491,251.7484293267435,246.0488396243441,269.32080483396896,224.42933810768113,170.60459650906864,285.3749704482837,254.0952763043146,258.8241013664828,211.19711139918508,238.4561213613716,222.808513868933,248.77425575931576,232.3828826908061,184.68391334631593,218.74375029766776,257.1694603442881,250.21260486615643,242.02730690241526,259.5071643382191,255.68422950372485,0.0,228.39981912251415,255.4113351788379,260.90731876916885,258.0473088010803,274.11457272171845,202.07604399632328,215.45742327566262,208.19429431336548,242.045890914823,215.92433294604243,230.0276144202151,250.96822232277603,240.85305197619553,189.56209039373778,243.75408877678578,188.14052780834703,242.77026383127583,227.88485904967308,244.0460149845776,244.45361845643922,257.81734875577627,252.74749616722636,180.94789224715393,246.52332081270183,235.3897543717579,237.33372686488826,240.388908496688,255.2631169187565,230.68025624418,188.20957095375098,186.2171230823141,256.0191396772252,220.81678196347468,251.0437170044084,230.22915255269646,230.21542972158363,231.26434642313083,235.34065985304602,249.64609459789264,213.47173006429674
