,1610555604.25mOvVXuL01OCiReyVWBfesjuvXmB3MoPy,1610555605.43B6oDsBtWRQ29Q9UMQuTUEPZy3FSSWXzc,1610555610.92HPGJJSmyPM40z7otPBgHalNrHFA7zk5d,1610555606.68LaSQbm9EHAFycEfFtEqAwYqlBsQPjIRW,1610555617.19EKxMEwDHfXiEJZc27TsGoERaD6Da4BZU,1610555722.52PJ3FD50MGhRXyUD28vluU8Z9UjLJLZn4,1610555617.52Ijr5puT55g9apK8auM7zaxa3NANg502t,1610555638.77ZLjTLkz4jYJdFMI2wWBztzsDILkoOtAk,1610556912.46C7tJPLF0XfNnm8f1820X9aLmXMHoc0Dw,1610555617.51LjzIROg0aeCP2GhDcAVQ0LipKJB9jmKc,1610555608.17OpjjHobqRkX0UPcaXrbu7K6L3805SZri,1610555721.82zWeNZfGUUfRJkgnAwlP8VMhPzXctnSd4,1610555735.75bom85BDF0C7W2eIseHeMxi24qR68nzMi,1610555735.77NnT5xqKnwcf2BbjIekeb2arTQj6QMNwk,1610555638.33wjf1PhdNaoWfbRzXVn50hmFyB5bYAiLV,1610555606.65jCE4ig8Pu8kvAzkxnSGfWsV0nQBjCf8H,1610555608.18ONsBCVo1i7BrX0XG9stct4oiA6ejX9Oz,1610555721.51RNoQUMP19FTMS79BmA3JkgSm2IC2AQuQ,1610555971.86O0cHB2ibBJ8jxoObg01EpGe8VVV5mpwn,1610556911.51zU3duZSGpcw1BDNsBLxdOCITAXwl6z3i,1610555988.71dMoYT8250UHHJGxgmITTmbHe7V6gH1yU,1610556042.81mlUZsSp7gbGjrp8jQSnybT1gPy6e62o1,1610555637.02UBW5nKvDyUrKnaWcYRGajZPxTRDS0q3N,1610555619.13oUYNikU4facCTpUSiSLr0vPI0tJLnXiT,1610555721.03nzkucfjAUh31zTbmCVvTVYqtjoxZFnBh,1610555722.67fhKURdXVzRbLIjXmjRwdJHTnE7PWb1AE,1610555638.39J2ZWBLuLTHP0jOlzB4tNHmYeijH5g5YJ,1610556032.17Q6yCDx9g7alRnL9jBFXD2JhhUyB2hKfJ,1610557007.49MyVgDnuUuBxrvL6SGOdhKf69VYlW1MSm,1610555638.44hjT5hbYdKoE3MB6hijrjqbjmLgvCUYKD,1610555608.13zUvmFSCRt6SsLbhqFznMEvGx54GPGQzM,1610556038.62a5C4ynd1AARyAhTv8a58NCqHvXRjscqH,1610555644.45Xse8u7pusHNsd7F3d0A32HXvXr6weOJE,1610556038.62gKXOCG7XCn55eJvyl5voNjbwOW0znQDq,1610555987.13v0oleKK97pkesp6oMgprH8SoSdoDVdIO,1610556964.96ZLLeiQW0qpmxhPGTg7K03fmzkqsC2bjC,1610555987.13VQlEedQ50VvkPMEMzZDv3KNnQCewykN9,1610555982.186TY6MMGkDecIN1woW6vsfAMXVV7jnyjO,1610555982.673LuMndkwkvdmZOn0MmE2Pkidx0FtNalb,1610555733.38zItcuH7gHNfKdALR2d9Nek6bxCyw36Vm,1610556034.15BQxSbZINGCay0yp6RBVlgcPrw76Yn9ON,1610555639.37BPZpgtGml8qUsh9AdV4m32jPLfI2aNFq,1610556965.57S0adAalhWYe6K3bkZU0bRHbqnDK8gGkR,1610555983.54zteLPCMjyrjzPdhHhlZr3faCgD0TfYr3,1610555987.79rHnNRmt9a0ufmnwCvZqBouyUoZDNpylW,1610556960.041xWER61rmArlsKfiMl4frikWmUCnQ7op,1610556035.13a7NHZDutfTMJ88qle1gTYY59Dr4WmMsj,1610556890.456ZBDaY16bMtrTZTqAgHl3wq1tRxzqDow,1610555760.24e6890pkbyZ97Or6croI1rQgjkSsR0yVt,1610556043.02YpWMIJg3W004iqlPyv8OcVAZdSC5rNYw,1610555987.03z05P26TLtONYM1HSzupoc2CeNMa6HTqr,1610556032.15OYCzUxpsz7b10AXBAuDXrvEcvxFhf0M7,1610556032.63Z80yI9pNwS3jSmsDABbuhf8wkNa2Ze9y,1610555736.28eGuESasTXdR3SqY6pHhEXWZtcdciYLCO,1610556034.61bebeZA0MkaFG2sm3VKiqrxeqQginTTW0,1610556944.5XwXOphKYT3ZkWA8gViqOS97VHVuMVUqb,1610556944.745UVLFBzf7fPh4UH37I6tYQOFPqRDytEh,1610556034.63XsUwaFaPZevO1JNFjfhvY4aKNFnV4noV,1610556964.89xwBHw9faT1HjQRMNQEyA4qJ3hWkwgj3k,1610556966.74DydzH91jtyvRyYau47JpVkZoMRSNTt01,1610555740.77UueVziDbaXyRR4OcVJIIZyzOfAzN51bj,1610556046.84e3vwjyRCzqz0wJQhrk8zsxlFfFSv98Df,1610556137.99eoPuVrDThKAOvmeprLPb2FWRqIhzUodc,1610555740.73XFwSrmTXJPlaxGZSefh0jOVA8PI3III1,1610556123.88AOfNaz9jSnqU5Czc7okOv1RCrYfKFBTo,1610556046.85nB7NvyoYQeLcOV391Lmmut1wAM8CFGLw,1610556123.89H4pdIAzDthI7bMXMhlIhKUYIQIvtmPPQ,1610555740.87GOYQUJKpkynIS2lFqppYK4b32ol7NeGh
1610555604.25mOvVXuL01OCiReyVWBfesjuvXmB3MoPy,0.0,263.9739932487087,69.58401723254924,246.4044261594999,208.7817679822866,233.68501876902457,206.1848494135218,79.88287819410192,216.76820168058234,207.09178307889883,310.2717355879949,252.23336761763585,263.64154937939816,175.04291561832255,290.7840907707357,209.80031066126352,362.63844249752367,294.54607231588466,244.50023770824313,206.28219927372456,291.49189998669067,327.4500943832861,206.38763967626676,74.48496164321855,248.390801412922,261.05352967340616,183.01807559650766,262.7494321298686,254.39936681722259,198.63834125583196,213.45816066063193,231.41685807065033,240.6343905025289,231.78666151822569,239.30329918712215,261.7308228523913,226.91483639885408,226.1397351126019,265.3568566299486,253.8461515920322,238.35966966480152,321.5978379675906,255.7752852642286,228.51262693318927,289.7128214328008,301.53896455320097,230.61078325099166,217.65442568427034,204.13614353892365,272.1163443677334,201.8853024774491,209.96043759683184,264.6037880736577,317.39450730261575,184.8126041198761,243.73470996825594,264.03602366069316,207.35792849407684,204.62250910728352,247.2158394813097,321.89384763849444,347.14889864779155,221.591312952426,333.68373018567723,209.11597579900945,353.32668215867085,257.98561542577227,304.2494568959356
1610555605.43B6oDsBtWRQ29Q9UMQuTUEPZy3FSSWXzc,263.9739932487087,0.0,257.39152508570993,297.3402942903741,282.5152987377276,295.7461529425788,278.19652449756916,259.13974271956505,284.8578914614246,273.0629053687096,341.9673121914459,308.15406235414883,301.7183053055311,269.4130600165149,353.30431376537047,287.33224266522797,377.2334878620791,154.91605398903138,286.2683196571802,274.21703457574694,337.16585836978857,354.55928561091827,278.0575367820191,256.84783860376535,304.916111304057,321.60600943595415,270.5845186555843,308.65476983070744,309.5600857018955,266.71051780575726,293.60458760270524,291.93899934923104,287.8673015626246,288.2552098840404,302.0239572377979,325.49084650040265,303.578925961614,284.81329622315116,309.82854728720804,330.8823045943366,300.87580069381545,355.16910097244937,327.4853819679679,305.05420914464514,255.20188635409133,167.5506273919218,305.3542072081063,295.02544612221607,270.9428777731973,334.3408096724384,279.16874261386704,288.97743673423236,333.24714886585554,367.63269715617974,270.5447830253261,303.18197838026686,311.0004878634369,275.08659756097165,277.55045262746506,300.1086287335015,360.77288132681656,378.3049518563337,286.2815086929072,360.2581570691367,284.5313982231115,390.04931586684063,325.8615981705939,352.37369474522114
1610555610.92HPGJJSmyPM40z7otPBgHalNrHFA7zk5d,69.58401723254924,257.39152508570993,0.0,239.24413659100864,200.39449771909256,228.50093846440947,197.68743056136546,91.61839666941678,206.96752487056042,198.6331661457264,304.6969423659381,257.35551447622254,257.0505682418307,171.665255795475,287.57712731644335,201.4554502311634,357.7269883783788,295.6478764161788,230.77580194613654,195.67503923756783,283.63723366122906,328.27442540315116,197.89892845950092,96.02826986439719,241.08059126062196,255.02102410814842,173.39460571394966,255.4616483801932,247.51141540170934,189.8033684926233,205.26206280484018,223.87918678065984,233.39459712427285,224.26142007051195,231.49757655688302,255.164497453682,219.81846261495738,218.42002625921404,258.80956210079427,255.76870270830133,231.25031633111777,314.5893308402166,249.21981226655845,238.93627810815366,282.6328365349528,295.24410943544024,223.81882899850544,212.55034285221635,195.54972046316504,265.38171000432874,206.04081539811392,203.04183899862838,258.03738631680307,311.94134278762823,175.28213461687469,236.43221728901995,256.8527325676464,198.9106296396272,203.89094315450276,240.20549305192299,317.31094130813693,342.07295263274125,213.70736545626556,328.2493108703383,200.74266962619075,348.6137303690241,250.87580903662044,299.2434260728258
1610555606.68LaSQbm9EHAFycEfFtEqAwYqlBsQPjIRW,246.4044261594999,297.3402942903741,239.24413659100864,0.0,273.3886281601542,289.85342362495095,269.958264885713,239.7029090441035,262.9904826394464,267.77291945103826,337.6078530846692,289.99466123901266,308.45425085062783,258.1477276959986,339.4729402267327,272.4163818837239,400.663764307078,322.39865226623647,278.16929670899003,261.67985116208416,320.86369127657247,353.18439943316935,270.90842321462424,237.597661085853,304.17595566303737,315.11858247468984,247.72298571741595,294.50713359283463,301.4689340606976,263.5122824839445,272.9372266614604,290.24181537271176,288.4021850896401,286.7255192504507,289.881316924433,318.6416848649604,286.4879209794381,277.366544713386,325.03933567730706,314.91411872216867,289.5657747820823,343.3375450483606,322.7150319091305,295.38792381278654,317.2784134910257,331.4016321749342,291.2216565494893,276.9842310824759,265.69528821934557,316.55984334852957,255.60840539381962,271.05917759533816,316.5141264779204,367.78014741345464,253.05687052955827,299.6665581257116,314.8739015076841,255.11311724311048,262.31627846344384,303.29264110689127,343.0826139696709,381.6434069989291,274.2104046064119,376.7191371420286,264.558749646529,393.80521906620487,307.0532486119319,335.9030635430821
1610555617.19EKxMEwDHfXiEJZc27TsGoERaD6Da4BZU,208.7817679822866,282.5152987377276,200.39449771909256,273.3886281601542,0.0,260.9724788132379,205.98731191567137,202.44933163526443,258.9340497277709,232.85326120975324,322.29435622980793,288.15939237896237,284.072363633064,219.08651479445817,310.52728106343733,235.39237948404642,368.75556422524284,315.4118787941065,250.12925281574013,242.11955424424605,308.44469938675877,343.1451433776964,229.0647947860524,200.75978873386106,268.92221696583,280.93694059664756,216.70808031452472,284.9427042170993,280.2697353284611,218.83287043675273,241.9486417252964,260.5365529360813,263.13218071863304,260.37550643482143,266.74554552635385,289.5202895593582,257.55364806110236,256.37817560920774,284.5764715968993,286.11872940311525,268.7704855878284,347.20596875136584,277.4740867292606,279.64668080724306,308.51254764236137,315.9898001118854,260.6463434059799,248.50061138843986,228.93628735754064,294.3539243376159,243.94030911606777,232.87837461810977,289.78757149677443,337.76327726208325,215.92400322764195,260.4722455098597,271.4879814159109,239.57107403415958,239.94013258226664,265.6014382707966,336.1828631386846,361.15495934913196,251.34330040199998,345.49408738674686,244.4551738851511,366.9999342686855,284.71351242310294,311.4288598579559
1610555722.52PJ3FD50MGhRXyUD28vluU8Z9UjLJLZn4,233.68501876902457,295.7461529425788,228.50093846440947,289.85342362495095,260.9724788132379,0.0,253.38816620273047,227.14251405375012,248.98590217832475,258.830018569363,337.4080144935729,292.73958985399054,301.715960419588,236.41303806875172,327.3438742868907,261.03604153997077,384.827880164392,319.74004478062153,166.68211887186763,257.60735948949434,328.0792811610406,345.91712537300884,262.8814497619909,222.491456265569,294.85627869656196,222.92403396218324,243.76218616568414,302.6108394992041,297.2888360917681,240.66989452027101,262.6137146854532,272.4648214858351,286.3754210583422,278.5555400915871,280.4439141751071,303.61850599545056,274.93052688907596,274.0130325313435,307.34688778912863,307.5444800872174,286.3114527517912,348.7559781609652,301.80159255880864,297.6948692199178,329.55153075137304,327.8878242267251,271.1474216611793,257.35682451686847,256.42004938087933,316.0656874887825,258.9943953770876,255.78224304119507,306.1786818678877,352.03612789733813,240.36110413464507,247.79416412706084,305.2687608087333,259.24713138466143,257.3207516392029,270.13073658435616,359.8390443240534,384.7734012778242,269.500448315257,349.9304491056169,260.7952624513957,373.98616439225657,299.52477741923485,337.35137268533094
1610555617.52Ijr5puT55g9apK8auM7zaxa3NANg502t,206.1848494135218,278.19652449756916,197.68743056136546,269.958264885713,205.98731191567137,253.38816620273047,0.0,203.25415515630385,225.05726258813743,231.10898526542982,318.2603568020764,284.2468492830326,280.1049930999885,215.57805343260944,310.1916308249713,232.1819570815048,375.22844729899913,311.2815200750307,240.38983102815808,237.1572534089752,314.64082643559135,340.4207290040665,228.3570693214828,201.14622917016226,267.7297176007204,281.00208455550126,216.03714054081382,278.4630929266824,279.79271081764625,210.70393776611522,241.24476524002642,242.71051204650811,261.58988196056555,258.4452497779198,262.4183118462071,288.0849624107695,255.48648940605926,253.935504344696,283.0447900920995,281.54543082461396,265.43061777568334,335.6760192954014,280.8702564467013,275.65337468174437,301.41498101567765,313.70770927886485,258.2703009195128,246.75273279023168,227.98844067660798,297.2551360743757,241.15775264000092,235.20919217466545,288.04840845879096,338.09275933916115,217.06034203852727,257.9218462318617,280.73817562443924,237.06735294900048,240.87315461538913,259.50326800275116,329.1151749522915,364.0077711590166,250.29711092603915,337.260442992084,241.34421741390216,362.37610621642926,287.85623630627094,317.4797688367138
1610555638.77ZLjTLkz4jYJdFMI2wWBztzsDILkoOtAk,79.88287819410192,259.13974271956505,91.61839666941678,239.7029090441035,202.44933163526443,227.14251405375012,203.25415515630385,0.0,203.85581120799264,200.89336416091658,309.19651674529035,252.4956966732265,258.8010890708589,164.31021710843376,285.56874024695156,206.6700826507093,358.6814447110938,294.31209834785227,230.6324870161942,199.69842177684268,287.057454158817,325.4014893854685,200.1674173191869,96.11624542395452,243.23335160059625,257.2933986627824,181.24228412557994,261.1484346576193,247.62834441063643,192.16831865153708,204.569299423876,225.8876585291499,235.32115722479466,228.5403396326361,235.97405819079657,257.34487902899787,221.27241157227783,220.21003749543084,259.48105636953636,248.60967448047558,235.85297173073124,317.2747207907655,254.23940075915436,229.05512273950666,284.9967582870591,297.22930232776446,227.39292796134163,210.85521571894415,197.8451471328954,270.4896940903452,202.6195563453747,202.99121317141427,257.44308257031844,312.5208493130161,177.60162692226163,238.27263689868414,259.75468105014414,201.16771026794518,200.23966130657502,241.48880709666838,318.37557273206164,346.8088747172691,214.31830053681364,330.40860242957797,202.78218028339595,348.9045090005974,255.77662654978252,301.90927356571666
1610556912.46C7tJPLF0XfNnm8f1820X9aLmXMHoc0Dw,216.76820168058234,284.8578914614246,206.96752487056042,262.9904826394464,258.9340497277709,248.98590217832475,225.05726258813743,203.85581120799264,0.0,233.44220733729654,326.9907982714694,277.3728882176997,284.8729847386735,225.11600013151684,307.9426967342869,235.2639164032799,377.970838197974,314.68798749598176,220.6189128221935,232.99961017198598,302.0103681621261,344.2422382588225,232.9073557778646,202.6321481380342,270.36263507842676,283.94163752887175,211.5247749248785,284.0646411166334,275.4966352022365,225.87659548804032,237.330853707438,256.88628796631355,263.6534988203931,255.22935750747195,262.3705389791723,283.8774582248021,254.60213563294636,250.10322473558676,285.95358294939064,286.2656546183356,270.81908462208247,333.9218468902923,278.8667414274086,277.79042517233177,310.27066174373283,319.9056673099535,255.22173878012183,234.71464409580372,230.76725802935127,290.0269136012325,235.46042049424406,239.91321564714465,285.80509652147543,333.27746760774863,213.00720063361248,265.8241522675115,289.5064535866759,233.2088265747134,230.3442009455251,262.5265624549153,340.785856723408,364.31677032351513,245.5328346652474,342.63131648624676,235.00020080861995,369.40652410856404,279.3968743903095,314.8427184552088
1610555617.51LjzIROg0aeCP2GhDcAVQ0LipKJB9jmKc,207.09178307889883,273.0629053687096,198.6331661457264,267.77291945103826,232.85326120975324,258.830018569363,231.10898526542982,200.89336416091658,233.44220733729654,0.0,330.9321285123398,278.9078783487017,167.21310514947967,217.2457578130058,307.0104979724815,236.57480688646612,380.404157514977,306.1590657786319,247.97220175489562,236.41940473560143,308.115999826783,340.7078350593183,227.5493254312022,197.9281427754883,265.6144272727915,286.28464367981337,214.74755595827625,283.3902253328374,253.6746954353334,221.84588738197579,232.10959218042788,251.6190957195414,123.30046410748295,256.07401350617977,262.28605766511674,284.7882652049596,251.36512347684115,251.51905720199986,288.25438756782427,283.86291655871696,264.688500687279,340.629064261882,280.7005071166274,276.89088551797414,305.36687014621793,312.52380704860116,258.0440447766021,244.44809534556313,146.47689047035067,292.13145391160845,238.01213928809608,235.96562603789639,281.64135537649213,331.774919957089,216.7614162372444,261.47357289795707,280.33118185147055,233.14051756703233,237.29475479424562,264.42679233966084,336.5989420601295,358.00715627420993,228.56937230807657,347.48216701857467,208.64450269990414,368.6458122197265,281.5401136252845,320.2270114332801
1610555608.17OpjjHobqRkX0UPcaXrbu7K6L3805SZri,310.2717355879949,341.9673121914459,304.6969423659381,337.6078530846692,322.29435622980793,337.4080144935729,318.2603568020764,309.19651674529035,326.9907982714694,330.9321285123398,0.0,342.50915410741925,371.9945936356828,320.0837564804361,382.6667213990228,321.90986151631796,411.85161615536276,364.33908463270404,333.30229376431305,325.14708275679465,366.5347876003719,393.3317417072579,329.098647732411,304.87712318565235,356.518964508403,361.9081855830422,307.82185116032593,357.28219199636965,361.0484501981027,323.30593407863233,335.6753414143112,345.2129428356997,349.18228457574594,336.49866916460275,342.7275932388234,366.235931717033,342.5815282113354,343.74744506256195,375.47480721435585,366.74427354996476,345.3143042451913,370.16916231651726,366.3083169116883,351.677411088667,361.8115610371495,353.29970933968315,343.75081141900165,331.3657167765839,326.1082368695972,366.00796363184276,321.1501521801587,328.7782990792038,358.99856517959734,413.3557765329585,311.71854522605634,350.7167515115062,363.813689980979,319.54124212307977,327.4433131587293,352.3071489097269,413.54163976893653,425.28155146306386,331.6813916361889,419.07548312440935,325.58991512930805,433.8499848893558,357.30428703852107,398.6518546538612
1610555721.82zWeNZfGUUfRJkgnAwlP8VMhPzXctnSd4,252.23336761763585,308.15406235414883,257.35551447622254,289.99466123901266,288.15939237896237,292.73958985399054,284.2468492830326,252.4956966732265,277.3728882176997,278.9078783487017,342.50915410741925,0.0,315.44669985624546,253.7747925362274,342.8487123179798,284.07710243826375,394.2038872551066,268.93318566513636,288.24034797003543,270.7651554978414,285.55801152877086,305.4815985881575,280.23610786362514,241.13423934233424,312.4544945928789,322.31439008510415,263.11311534075764,324.14927966860193,301.4768754634205,279.38486019947055,286.581997405893,300.38243296370865,296.0445050726114,292.70902879326053,298.1886313667842,312.7293124688933,294.46444417699166,287.88374414314376,328.75873586176715,324.74447515317013,306.4425073795206,351.0582624390662,319.94392262640605,298.1309513441179,331.2666629308793,341.2682364937849,297.6405497274154,276.17850562904255,265.7507595192683,319.92602054356735,162.99947910317886,277.56767073060695,326.69958422752546,359.02313463271537,268.5979267229832,310.45391669893917,321.6075796517338,262.490967373998,264.62987526642695,312.7361333517454,368.0092310710387,393.10397992306673,264.9985587087321,381.42958168645634,256.89556146919455,393.77867283831125,311.6847212371418,354.3364194355624
1610555735.75bom85BDF0C7W2eIseHeMxi24qR68nzMi,263.64154937939816,301.7183053055311,257.0505682418307,308.45425085062783,284.072363633064,301.715960419588,280.1049930999885,258.8010890708589,284.8729847386735,167.21310514947967,371.9945936356828,315.44669985624546,0.0,270.3075729657569,341.67770921726014,279.67713754496174,415.05035245700617,332.7431140626069,292.5219666833605,267.9165552137147,342.2152916188165,367.4651426460364,279.8573958068145,256.5061590740585,311.7735110223261,325.728714328207,269.5959354284173,319.43256004043485,298.0474061923259,271.79077792715225,280.7502097496666,296.59197316965566,113.84100001404283,269.3339653508764,301.4644011614443,323.01868207966004,292.5795938704764,267.0169883706007,332.3924070015475,327.25242002595616,302.58200588309336,370.3536403287263,318.36105031826,311.75745880820034,336.6409397683193,337.8486575971437,305.74378878489983,293.52739739704657,222.29642816652367,333.26226949368305,282.9373679957435,286.79349675017284,321.2689277375397,364.1460189871523,263.92721369279985,308.2662182391252,324.8741219168931,277.4906031674658,282.9402638770962,307.26983416851124,367.09027128498394,382.53176253799376,256.2648829655292,381.47161040270515,263.5947481471364,397.70746266559485,323.97912809679934,353.3132483512156
1610555735.77NnT5xqKnwcf2BbjIekeb2arTQj6QMNwk,175.04291561832255,269.4130600165149,171.665255795475,258.1477276959986,219.08651479445817,236.41303806875172,215.57805343260944,164.31021710843376,225.11600013151684,217.2457578130058,320.0837564804361,253.7747925362274,270.3075729657569,0.0,293.4082170299641,226.30962641951263,373.79761036719543,296.4839737270341,226.22039920917152,216.60887636650284,298.85674708403474,323.84396703769113,215.60145345584937,167.09576338665937,253.79378567518046,270.92042368232586,203.76263573111459,275.38840680297596,262.11319617545377,204.56881582443154,226.77892962633672,236.52689485602582,249.42658751919984,244.35848753111043,252.28759758572428,272.1176634204969,237.11811440364573,237.46876589437719,275.5943323551405,271.05378501702535,251.9584084291695,332.4734469849405,266.27193163281527,262.39593204117114,292.95739330425744,303.138529644072,244.02110730777326,226.83358472607202,214.66855471359483,288.3593552599996,214.75358364755053,220.6580806246282,277.69090638934375,325.616285425122,199.0817030644477,252.6002859917044,272.39366821668057,220.49928382799698,213.00594957328303,253.91871561261289,326.6169629093224,357.35482312569445,234.80044750200295,335.8561771840992,222.31789718732176,352.43458050174854,273.6645269476823,316.18370017527764
1610555638.33wjf1PhdNaoWfbRzXVn50hmFyB5bYAiLV,290.7840907707357,353.30431376537047,287.57712731644335,339.4729402267327,310.52728106343733,327.3438742868907,310.1916308249713,285.56874024695156,307.9426967342869,307.0104979724815,382.6667213990228,342.8487123179798,341.67770921726014,293.4082170299641,0.0,300.58676896409366,425.33335102892033,377.6422206317759,316.95197769341223,310.2138357816429,364.0202073452915,397.0496040652147,311.6439989404587,284.2929288929269,338.6810730928108,345.46567618864015,294.4073142390607,349.80515862485527,348.26794259641184,312.2195966842539,314.5678027272984,331.397695280245,328.6856911756362,326.06557912006946,312.98401118059314,341.6300468139085,316.5764916822382,321.96721712007604,353.5686055959291,350.53117485232644,312.78515869213714,385.0696466220648,332.3149755396116,344.03918569201534,369.86583232299284,379.55439993795886,328.9866169527057,306.88699534749145,311.16151511428507,357.2128085846616,314.5543262431155,299.94055666384855,352.4307795657082,367.10480195037144,293.61930899789894,337.9502517102865,339.2652228002458,314.8481202738734,310.81562765065,341.80127215254754,391.0963313908323,413.611508500455,320.86746450537447,399.8398959193436,312.1293848702855,425.5575279265754,353.7207236965961,377.34029863972006
1610555606.65jCE4ig8Pu8kvAzkxnSGfWsV0nQBjCf8H,209.80031066126352,287.33224266522797,201.4554502311634,272.4163818837239,235.39237948404642,261.03604153997077,232.1819570815048,206.6700826507093,235.2639164032799,236.57480688646612,321.90986151631796,284.07710243826375,279.67713754496174,226.30962641951263,300.58676896409366,0.0,379.0059461146146,320.43724697271193,250.00694123026165,233.3700389950055,304.1437723683408,348.97186184397884,239.63424326448626,201.8682876295525,276.23718296860636,288.2370994563358,217.11401982713116,286.1433415483303,276.64477716894754,232.96686749079163,245.40799678342702,259.89087757360556,257.5947006419869,228.2410189314507,233.35559054013808,284.08891527424544,255.0384363243069,228.8255911585788,292.033282297468,290.5453902261049,253.41740178116387,345.3293185403992,281.28804854890154,278.2016633346977,324.73396347650083,321.82938169722973,257.2322104310654,247.54111332962427,234.4038906003368,293.8139756126551,243.74689874503042,239.78792764680813,292.0733886764742,337.20151563792257,213.4959786699461,272.3576089103796,294.0121421984374,237.20413227700988,238.65817342309998,275.3948739516595,334.11404461245036,359.87511487351276,242.69283854650078,350.7590161482969,239.54542259404502,362.8726600395076,281.1132272501473,304.73287125495375
1610555608.18ONsBCVo1i7BrX0XG9stct4oiA6ejX9Oz,362.63844249752367,377.2334878620791,357.7269883783788,400.663764307078,368.75556422524284,384.827880164392,375.22844729899913,358.6814447110938,377.970838197974,380.404157514977,411.85161615536276,394.2038872551066,415.05035245700617,373.79761036719543,425.33335102892033,379.0059461146146,0.0,399.255431818806,377.81866382604875,377.21501483635984,406.7620969521122,432.85098236271284,368.6982349659025,358.8310278805035,398.24496286953587,393.6077097494221,367.5539524163168,405.4904466748639,392.05878448897374,362.4193868984444,373.45182857748875,382.991494914469,397.85862413555793,391.83696963011755,388.6311148281112,388.7244695677983,385.5779988185165,378.79899261093004,406.8460181693232,412.9795250481347,393.2083665597424,436.53548135388934,409.94436145407184,401.4814484616572,393.48573651780885,391.825968831026,396.22753221995697,382.8595421454272,379.69058824561705,405.0070109018205,376.0615572785896,381.6907870344507,419.7877033575471,431.3547877623189,367.05611146792177,391.36613331032186,390.7884565943076,373.0451034447027,378.7507023069611,390.0647213222339,462.4697727836452,451.93756172407683,377.71198124917527,444.72970178335834,378.9378534827584,455.9281076897929,398.0297398385422,443.7857296207753
1610555721.51RNoQUMP19FTMS79BmA3JkgSm2IC2AQuQ,294.54607231588466,154.91605398903138,295.6478764161788,322.39865226623647,315.4118787941065,319.74004478062153,311.2815200750307,294.31209834785227,314.68798749598176,306.1590657786319,364.33908463270404,268.93318566513636,332.7431140626069,296.4839737270341,377.6422206317759,320.43724697271193,399.255431818806,0.0,314.53210469987573,308.26987068672304,339.1565085054266,354.23182762608843,309.17523904202346,285.4177488231889,332.92129138524393,350.26623543922364,302.8948809851478,343.66513346395607,331.98155737603963,301.5264619215407,324.6248921682463,322.9251009106267,320.23683034371027,320.7501817030426,334.13107678880795,354.00951978100494,333.18644161574156,318.20274242464086,335.9816264270637,354.60633985445196,331.4510088565911,383.7663574491517,354.43517300384525,330.93841966266564,294.6315506127855,227.35027846772246,332.5293356989711,316.06671261031323,304.26972620697126,356.2362784462827,271.81199458156397,316.2166451586642,359.72767081609396,393.84356756997266,304.38221797018707,333.43512534061114,337.1775853608563,306.05861680831475,306.26050187970367,329.54315388053743,382.0934175127254,402.02688840331075,311.5041243607054,384.23018610664144,308.51760288189763,409.7086585144908,348.5900786964697,374.43132976898283
1610555971.86O0cHB2ibBJ8jxoObg01EpGe8VVV5mpwn,244.50023770824313,286.2683196571802,230.77580194613654,278.16929670899003,250.12925281574013,166.68211887186763,240.38983102815808,230.6324870161942,220.6189128221935,247.97220175489562,333.30229376431305,288.24034797003543,292.5219666833605,226.22039920917152,316.95197769341223,250.00694123026165,377.81866382604875,314.53210469987573,0.0,246.81321958125295,315.3679190570957,333.2278975962648,244.26285480530984,227.35218217754903,286.7791654608298,239.37988336726164,227.52502071176238,295.3317502086611,287.4422279661702,225.51904221848582,251.44586175264408,255.83049013641067,276.6010052709429,268.6202806522132,270.4688151780285,291.87489528353836,264.04966513779556,263.3903600208943,297.23468597288735,305.83349387188593,279.8513654208056,347.10989732831075,292.9089909699151,297.01966237355555,321.35644570964564,320.46294998986906,269.2187641341869,246.80791737403837,245.45564987395696,299.365197659828,252.00926241856723,245.1990328326479,298.9443576830958,342.4337622366034,229.12728778260134,275.3312549224726,294.1500816325567,248.41871929654857,243.97778046498266,264.53207948212344,349.0945838009977,375.2510238213115,259.64711808645785,342.8106670894419,249.95598712453395,375.1065629346288,288.8859072910272,325.048494530647
1610556911.51zU3duZSGpcw1BDNsBLxdOCITAXwl6z3i,206.28219927372456,274.21703457574694,195.67503923756783,261.67985116208416,242.11955424424605,257.60735948949434,237.1572534089752,199.69842177684268,232.99961017198598,236.41940473560143,325.14708275679465,270.7651554978414,267.9165552137147,216.60887636650284,310.2138357816429,233.3700389950055,377.21501483635984,308.26987068672304,246.81321958125295,0.0,298.7584973275018,339.039380675956,235.42632339351147,198.48580350213552,272.9390942366791,285.1082578543049,213.56095373695004,270.51239446997175,264.729832324647,229.5113381304356,240.31937166937556,257.89596960534016,244.77542583166834,233.6512816022815,261.8028815100119,269.4796734140108,257.25978355667075,228.54314528248693,290.05718688930324,287.2452335395249,262.1503555016265,327.4460088096524,280.04533402981815,264.3444512117925,287.5255943421697,310.6985564083748,255.56652062575796,243.57598683139202,233.57788965761432,291.5643647923236,229.8772679892753,236.4250237070521,288.28189689556086,335.4370086486545,215.23167159370982,268.49744832290634,288.4111304136787,225.73353440534268,228.3097195746975,272.34219753600473,337.6159122726472,358.7674785778547,228.73076387082966,355.50893759878863,231.0263472981764,358.94293079478024,281.24562486460906,322.78672599809147
1610555988.71dMoYT8250UHHJGxgmITTmbHe7V6gH1yU,291.49189998669067,337.16585836978857,283.63723366122906,320.86369127657247,308.44469938675877,328.0792811610406,314.64082643559135,287.057454158817,302.0103681621261,308.115999826783,366.5347876003719,285.55801152877086,342.2152916188165,298.85674708403474,364.0202073452915,304.1437723683408,406.7620969521122,339.1565085054266,315.3679190570957,298.7584973275018,0.0,358.46089118670625,309.5286193417912,284.90210504400306,336.75730896027505,341.5150666582888,292.69599978262545,347.34064059229877,333.74459005874445,307.97404796008385,314.0051580072651,327.42326201006165,324.41799326061243,320.9787986302601,310.4353590006403,341.32667728207605,322.1441656364524,317.458629482127,353.37291930644903,350.10258725177846,328.3036952453955,377.4299890026808,342.8877677291496,326.0851747493915,352.81972707552063,365.4663042442511,323.6732764018872,306.50800891123004,298.26014260727345,352.57855333543716,278.6836878234114,313.6703477639642,349.89161956860454,382.3795632109287,294.78315674328246,333.86593596480475,344.36115076183904,288.67853723426424,293.6270888744935,327.5852139358013,389.8657070804574,413.75808422211213,301.58037557358074,394.8279810614681,293.10077699121445,414.8946312300296,348.79735658386244,378.11730604155224
1610556042.81mlUZsSp7gbGjrp8jQSnybT1gPy6e62o1,327.4500943832861,354.55928561091827,328.27442540315116,353.18439943316935,343.1451433776964,345.91712537300884,340.4207290040665,325.4014893854685,344.2422382588225,340.7078350593183,393.3317417072579,305.4815985881575,367.4651426460364,323.84396703769113,397.0496040652147,348.97186184397884,432.85098236271284,354.23182762608843,333.2278975962648,339.039380675956,358.46089118670625,0.0,317.5164644100528,319.1909718455303,361.1221658321837,367.03240021362063,333.5428523987509,377.8461855641461,366.82598170384057,314.4907278454964,352.79247906438934,330.4353591981608,354.78050083261,357.8774786939577,359.2502769847257,372.87109132579246,358.79809101840607,357.2681315264237,378.24216677062196,381.9114465505102,367.2628591538296,403.8801699502843,378.0252005241876,365.7697331792615,374.42971573865054,380.24740307303483,361.00157386430726,340.4191953515891,323.72424488034795,376.2557943219002,309.0979535109377,342.5723531730506,384.7618048636306,414.8349584717457,337.3673780784742,367.1939316871721,368.21788248766654,335.77302130213087,322.33641967475836,337.78901937250276,412.7989754054373,446.4564011958237,332.301392835476,414.7254184420141,337.8709656633873,430.6239499122523,367.509875968154,396.8411429093088
1610555637.02UBW5nKvDyUrKnaWcYRGajZPxTRDS0q3N,206.38763967626676,278.0575367820191,197.89892845950092,270.90842321462424,229.0647947860524,262.8814497619909,228.3570693214828,200.1674173191869,232.9073557778646,227.5493254312022,329.098647732411,280.23610786362514,279.8573958068145,215.60145345584937,311.6439989404587,239.63424326448626,368.6982349659025,309.17523904202346,244.26285480530984,235.42632339351147,309.5286193417912,317.5164644100528,0.0,197.1912799666779,257.37817508247394,283.16140024794885,213.58131420951324,285.125653969235,276.14437109585293,205.45237712753774,241.9317372055009,246.3894296619083,258.45037972098436,258.4930210377127,263.6537962630156,283.9848261759812,252.72568424937955,252.93389569966712,277.78011969929133,287.86031090787327,266.36342670770256,342.6811875997492,283.09703850371005,277.69855239167555,299.8609931264634,309.5365161937485,247.9750899493805,246.6633558261203,213.231800967495,287.74907024708637,239.05549765926824,237.02337347986176,289.47411406579397,336.62112303580113,217.1011740467994,252.4246305684732,274.86794324491234,234.00796734426268,236.1924236895176,247.6065466922368,330.9479143466843,358.4602143147901,242.95553137550996,336.7541215671392,240.2019141328979,358.76034246238595,278.2880694148704,325.7406470256778
1610555619.13oUYNikU4facCTpUSiSLr0vPI0tJLnXiT,74.48496164321855,256.84783860376535,96.02826986439719,237.597661085853,200.75978873386106,222.491456265569,201.14622917016226,96.11624542395452,202.6321481380342,197.9281427754883,304.87712318565235,241.13423934233424,256.5061590740585,167.09576338665937,284.2929288929269,201.8682876295525,358.8310278805035,285.4177488231889,227.35218217754903,198.48580350213552,284.90210504400306,319.1909718455303,197.1912799666779,0.0,241.581308757335,255.8646746659483,171.24647400036199,257.578863739319,246.55300444989342,189.0654217476712,204.41905143189305,223.25390317539313,232.79487317438924,223.36144617635125,230.98897612379753,255.4460225541494,220.16546492298644,217.73786309383982,258.2574355853692,252.7326161428671,234.65207625170063,321.9809248622053,248.18908560500154,234.48142866157897,284.50723592423003,295.76122940176253,222.26457369695393,207.27462012409833,194.8335396760535,265.19474990586997,190.03314197543156,200.5865171091057,257.3047204017171,310.7266691054105,174.27755615818918,237.92475483826104,259.11885952175976,198.20659321301892,192.07511364368895,239.2968099678201,316.85159716297034,342.1257365457916,212.9763499574862,325.82927199733587,200.0351638309914,348.7639274505045,250.71761490643127,298.2870669553043
1610555721.03nzkucfjAUh31zTbmCVvTVYqtjoxZFnBh,248.390801412922,304.916111304057,241.08059126062196,304.17595566303737,268.92221696583,294.85627869656196,267.7297176007204,243.23335160059625,270.36263507842676,265.6144272727915,356.518964508403,312.4544945928789,311.7735110223261,253.79378567518046,338.6810730928108,276.23718296860636,398.24496286953587,332.92129138524393,286.7791654608298,272.9390942366791,336.75730896027505,361.1221658321837,257.37817508247394,241.581308757335,0.0,317.8453242102369,256.4958056051899,315.60045682451863,311.6933755935434,256.6081693641786,279.0386879072083,281.6544388252149,292.5216697087224,293.94728195997834,298.7815623112508,316.54746847529253,289.16627769986,289.8970761097369,305.6943636355565,320.3034217202596,302.54793786408106,371.35033727643327,309.6726547723018,310.66943086172824,327.78595123766934,332.7883437609287,289.32599249427136,293.45104872791137,256.87402333154745,329.1583981568573,275.78202622201803,272.9316550609048,323.344080157341,364.6528950832178,255.48516730079757,289.0397255486557,299.3307641437128,275.4875358183905,273.7158334221792,280.8846701670132,373.1179389698504,393.35503169803377,284.0146712873689,357.7049703041244,278.3970719637795,388.342259661854,320.8978211065172,353.5395458138406
1610555722.67fhKURdXVzRbLIjXmjRwdJHTnE7PWb1AE,261.05352967340616,321.60600943595415,255.02102410814842,315.11858247468984,280.93694059664756,222.92403396218324,281.00208455550126,257.2933986627824,283.94163752887175,286.28464367981337,361.9081855830422,322.31439008510415,325.728714328207,270.92042368232586,345.46567618864015,288.2370994563358,393.6077097494221,350.26623543922364,239.37988336726164,285.1082578543049,341.5150666582888,367.03240021362063,283.16140024794885,255.8646746659483,317.8453242102369,0.0,276.7130548444193,326.53981604328186,321.0002482986529,271.2427742893596,289.486410467859,304.9033350548731,311.4109832369494,304.680788989473,306.08394019550235,327.8815231274674,300.85709516252723,300.1376708004151,323.6770812509253,327.11227599660583,311.0898976584344,362.9156711025543,326.2070671237015,310.868439589093,351.67070663395805,349.8821160952595,297.7853120647539,286.5080714307334,284.10765638883015,343.41528271669426,284.19079579740696,282.2548413854226,324.5464981145137,371.2004383893547,269.9581750491392,287.52689581881015,322.1561843501587,286.5430830406677,282.77309706902855,300.6353793338965,384.66864347084186,402.5114566181775,295.8983038084361,368.1627915053,288.08728082004336,391.57123262980883,323.15142827813526,351.4880425163891
1610555638.39J2ZWBLuLTHP0jOlzB4tNHmYeijH5g5YJ,183.01807559650766,270.5845186555843,173.39460571394966,247.72298571741595,216.70808031452472,243.76218616568414,216.03714054081382,181.24228412557994,211.5247749248785,214.74755595827625,307.82185116032593,263.11311534075764,269.5959354284173,203.76263573111459,294.4073142390607,217.11401982713116,367.5539524163168,302.8948809851478,227.52502071176238,213.56095373695004,292.69599978262545,333.5428523987509,213.58131420951324,171.24647400036199,256.4958056051899,276.7130548444193,0.0,268.47021883403505,259.6329900252909,206.74301323394116,220.23362415390096,227.50889271477507,247.25374833109987,238.050472289539,246.65084631780627,266.8305526118817,232.09221101504218,231.9722163294806,272.5310846347156,277.316995272148,246.68410275421553,330.7173193054103,262.01784087648457,261.09419751554026,297.0788232807862,307.744474561636,227.0067200719856,224.57457207455386,214.41975950257873,210.50858574382724,217.1675010581973,218.32231701007586,271.93065017397385,321.77221821470437,194.31638169707048,259.5342439159693,270.2330409231868,210.87179030032138,213.99732819724005,247.60252002228674,327.19102880566595,340.5987493626936,228.06807820007526,341.03805245157656,216.46589358024542,362.01303606794517,218.85499029703277,305.31734558981447
1610556032.17Q6yCDx9g7alRnL9jBFXD2JhhUyB2hKfJ,262.7494321298686,308.65476983070744,255.4616483801932,294.50713359283463,284.9427042170993,302.6108394992041,278.4630929266824,261.1484346576193,284.0646411166334,283.3902253328374,357.28219199636965,324.14927966860193,319.43256004043485,275.38840680297596,349.80515862485527,286.1433415483303,405.4904466748639,343.66513346395607,295.3317502086611,270.51239446997175,347.34064059229877,377.8461855641461,285.125653969235,257.578863739319,315.60045682451863,326.53981604328186,268.47021883403505,0.0,312.80010978603696,280.3001646477509,289.486998071077,305.989308976464,300.2880099961987,297.76099983286406,308.83586193791143,313.0665532508296,297.48322862242776,290.29614297450723,330.81596937001706,327.4515407405579,310.86152743690315,355.82174979575535,319.3756990436417,301.3653157401235,337.124648765173,340.31163211099897,303.02409188175386,295.18874914822595,281.10754071727064,336.8687196152394,284.22683403445734,280.76675300959124,332.22959895490226,373.2294973521805,270.3720055531914,313.0059441529179,323.1946703542846,267.5807908913613,273.11988487881524,318.1803384840087,355.29424256423135,394.9464841746258,285.2559874352964,381.64164362093607,285.07975364169425,399.9889966447524,327.83956211367473,347.3609752561072
