,1610555604.25mOvVXuL01OCiReyVWBfesjuvXmB3MoPy,1610555605.43B6oDsBtWRQ29Q9UMQuTUEPZy3FSSWXzc,1610555610.92HPGJJSmyPM40z7otPBgHalNrHFA7zk5d,1610555606.68LaSQbm9EHAFycEfFtEqAwYqlBsQPjIRW,1610555617.19EKxMEwDHfXiEJZc27TsGoERaD6Da4BZU,1610555722.52PJ3FD50MGhRXyUD28vluU8Z9UjLJLZn4,1610555617.52Ijr5puT55g9apK8auM7zaxa3NANg502t,1610555638.77ZLjTLkz4jYJdFMI2wWBztzsDILkoOtAk,1610556912.46C7tJPLF0XfNnm8f1820X9aLmXMHoc0Dw,1610555617.51LjzIROg0aeCP2GhDcAVQ0LipKJB9jmKc,1610555608.17OpjjHobqRkX0UPcaXrbu7K6L3805SZri,1610555721.82zWeNZfGUUfRJkgnAwlP8VMhPzXctnSd4,1610555735.75bom85BDF0C7W2eIseHeMxi24qR68nzMi,1610555735.77NnT5xqKnwcf2BbjIekeb2arTQj6QMNwk,1610555638.33wjf1PhdNaoWfbRzXVn50hmFyB5bYAiLV,1610555606.65jCE4ig8Pu8kvAzkxnSGfWsV0nQBjCf8H,1610555608.18ONsBCVo1i7BrX0XG9stct4oiA6ejX9Oz,1610555721.51RNoQUMP19FTMS79BmA3JkgSm2IC2AQuQ,1610555971.86O0cHB2ibBJ8jxoObg01EpGe8VVV5mpwn,1610556911.51zU3duZSGpcw1BDNsBLxdOCITAXwl6z3i,1610555988.71dMoYT8250UHHJGxgmITTmbHe7V6gH1yU,1610556042.81mlUZsSp7gbGjrp8jQSnybT1gPy6e62o1,1610555637.02UBW5nKvDyUrKnaWcYRGajZPxTRDS0q3N,1610555619.13oUYNikU4facCTpUSiSLr0vPI0tJLnXiT,1610555721.03nzkucfjAUh31zTbmCVvTVYqtjoxZFnBh,1610555722.67fhKURdXVzRbLIjXmjRwdJHTnE7PWb1AE,1610555638.39J2ZWBLuLTHP0jOlzB4tNHmYeijH5g5YJ,1610556032.17Q6yCDx9g7alRnL9jBFXD2JhhUyB2hKfJ,1610557007.49MyVgDnuUuBxrvL6SGOdhKf69VYlW1MSm,1610555638.44hjT5hbYdKoE3MB6hijrjqbjmLgvCUYKD,1610555608.13zUvmFSCRt6SsLbhqFznMEvGx54GPGQzM,1610556038.62a5C4ynd1AARyAhTv8a58NCqHvXRjscqH,1610555644.45Xse8u7pusHNsd7F3d0A32HXvXr6weOJE,1610556038.62gKXOCG7XCn55eJvyl5voNjbwOW0znQDq,1610555987.13v0oleKK97pkesp6oMgprH8SoSdoDVdIO,1610556964.96ZLLeiQW0qpmxhPGTg7K03fmzkqsC2bjC,1610555987.13VQlEedQ50VvkPMEMzZDv3KNnQCewykN9,1610555982.186TY6MMGkDecIN1woW6vsfAMXVV7jnyjO,1610555982.673LuMndkwkvdmZOn0MmE2Pkidx0FtNalb,1610555733.38zItcuH7gHNfKdALR2d9Nek6bxCyw36Vm,1610556034.15BQxSbZINGCay0yp6RBVlgcPrw76Yn9ON,1610555639.37BPZpgtGml8qUsh9AdV4m32jPLfI2aNFq,1610556965.57S0adAalhWYe6K3bkZU0bRHbqnDK8gGkR,1610555983.54zteLPCMjyrjzPdhHhlZr3faCgD0TfYr3,1610555987.79rHnNRmt9a0ufmnwCvZqBouyUoZDNpylW,1610556960.041xWER61rmArlsKfiMl4frikWmUCnQ7op,1610556035.13a7NHZDutfTMJ88qle1gTYY59Dr4WmMsj,1610556890.456ZBDaY16bMtrTZTqAgHl3wq1tRxzqDow,1610555760.24e6890pkbyZ97Or6croI1rQgjkSsR0yVt,1610556043.02YpWMIJg3W004iqlPyv8OcVAZdSC5rNYw,1610555987.03z05P26TLtONYM1HSzupoc2CeNMa6HTqr,1610556032.15OYCzUxpsz7b10AXBAuDXrvEcvxFhf0M7,1610556032.63Z80yI9pNwS3jSmsDABbuhf8wkNa2Ze9y,1610555736.28eGuESasTXdR3SqY6pHhEXWZtcdciYLCO,1610556034.61bebeZA0MkaFG2sm3VKiqrxeqQginTTW0,1610556944.5XwXOphKYT3ZkWA8gViqOS97VHVuMVUqb,1610556944.745UVLFBzf7fPh4UH37I6tYQOFPqRDytEh,1610556034.63XsUwaFaPZevO1JNFjfhvY4aKNFnV4noV,1610556964.89xwBHw9faT1HjQRMNQEyA4qJ3hWkwgj3k,1610556966.74DydzH91jtyvRyYau47JpVkZoMRSNTt01,1610555740.77UueVziDbaXyRR4OcVJIIZyzOfAzN51bj,1610556046.84e3vwjyRCzqz0wJQhrk8zsxlFfFSv98Df,1610556137.99eoPuVrDThKAOvmeprLPb2FWRqIhzUodc,1610555740.73XFwSrmTXJPlaxGZSefh0jOVA8PI3III1,1610556123.88AOfNaz9jSnqU5Czc7okOv1RCrYfKFBTo,1610556046.85nB7NvyoYQeLcOV391Lmmut1wAM8CFGLw,1610556123.89H4pdIAzDthI7bMXMhlIhKUYIQIvtmPPQ,1610555740.87GOYQUJKpkynIS2lFqppYK4b32ol7NeGh
1610555604.25mOvVXuL01OCiReyVWBfesjuvXmB3MoPy,0.0,42.49889754331152,12.854207768197709,40.823022668656286,29.664024194231214,35.289014753517,29.8119593634134,15.830609803369033,23.84751870711395,37.50219068640918,45.39539419510419,42.64696407816662,42.71679578582383,24.346117861764952,43.372926523118934,38.32261644427576,46.57271770221782,44.73687838249827,31.65202761565124,36.27394764915226,44.41912300342375,45.53184164258396,32.54060995421571,14.85771740664007,38.94884446634296,36.645631038734905,30.017349143110874,43.08771947354891,42.76535694448527,32.37618496017188,37.99361597970905,33.08619916519544,41.792293982447276,41.26756029110876,41.63272360482656,41.79838772839797,40.12031572991691,40.52451513873665,42.6068851997225,42.18842124838194,41.34978376585674,46.50172298082325,42.04136515196424,40.8217084470081,44.92582720568017,45.76218892229237,39.56798499701354,33.686342588719825,37.70017151204554,40.46712558217686,37.06465021144484,33.67406537810301,42.41369082049531,46.614326413881315,36.52307472066138,36.855624195206126,40.33587144935707,40.211594282381405,36.33851879939724,37.043653297910815,45.97463759289335,49.050239120625115,40.17567024073681,45.397308568306904,39.32928403877539,48.26209711366951,38.41115345678055,44.89374742509749
1610555605.43B6oDsBtWRQ29Q9UMQuTUEPZy3FSSWXzc,42.49889754331152,0.0,43.07991115286549,34.330974315248035,43.392884566287194,40.880984965759225,43.1656809366906,43.90215670865856,44.24450231856641,40.568403297510336,35.79808579431003,39.470363135970224,39.100521495666364,44.925231625372874,39.835721358363934,40.140685419813856,37.06969008922699,22.367691084205816,41.484242822175005,39.95120469669376,41.512189249364724,37.44356519176556,40.3979800707444,43.70009444197678,39.90562310901768,43.30764689838239,43.08220750692931,39.573734506498454,37.45871358653768,39.84204876943173,42.259310813260136,40.238007661302476,41.538479936399995,38.375987799349026,40.758916760089754,41.449322551090226,41.99881861321499,36.80802349291262,33.09152762429235,46.077103159404466,39.279980363800426,38.485676241615884,43.08158462902134,37.08634775643002,29.530926675438213,22.512376650056233,43.88949734506574,42.746939716674305,39.24245967147924,43.942307145166616,40.07913380612691,43.94450979648179,43.01667433585185,37.74320516299067,41.02771412751256,41.65232886064275,39.39877696383749,40.29331065436204,40.93874546426707,39.98258049656785,37.87803198567801,39.98975293677293,38.24749027839763,39.077851832312795,39.04645828652107,39.47644964610541,43.39135453340331,38.667835942140776
1610555610.92HPGJJSmyPM40z7otPBgHalNrHFA7zk5d,12.854207768197709,43.07991115286549,0.0,40.97213022883438,29.553688915045463,35.424794425025375,28.325141426272264,16.297048955677802,24.483612157271,38.24330375037793,45.57977131786505,43.22724465250105,43.458833323673545,23.049008239751952,43.581502009908625,38.80043429038382,46.717626373575605,45.430174419849294,31.987616258408014,36.77587984717781,44.88497739347908,45.70866444694423,32.890578719703825,16.46925534663959,39.22413511901778,36.60200348223248,30.45236825106513,43.37324414736516,42.8565026037259,31.759686927480267,38.379244034855034,33.78659098232837,42.5360961484959,41.7042800914517,42.13622706523372,42.071903460628924,40.37434115226099,41.007784896080175,43.01320292996045,42.70888020983583,41.376611697708924,46.75402546743704,42.18724774552114,41.904171343541314,45.27883935989134,46.11054210862936,40.00503249992687,34.249631345985684,38.28723206894521,40.744147292619516,37.986319657761506,33.848119619562596,42.896861126661335,46.93028152841725,36.7143651372792,37.08871178355222,40.35529528343077,40.70492964438719,37.0913080814122,36.897638530156456,46.156101591959526,49.28223312883037,40.66138423037994,45.55971555332309,39.67190254543575,48.507332057189316,38.77749526571173,45.0443887314784
1610555606.68LaSQbm9EHAFycEfFtEqAwYqlBsQPjIRW,40.823022668656286,34.330974315248035,40.97213022883438,0.0,42.17764820156159,42.08653801891165,42.44021011079094,41.59836676184726,42.48905858665502,41.56542118991762,34.36553688951468,36.6895001934175,43.09786591289684,42.870093059850504,40.460637550546586,37.644602862082714,38.3989695500047,37.555199302640474,40.862815922856846,38.18178759312522,39.164511163805955,40.30064683180159,41.81495669509207,41.588881744769076,42.21433441524064,43.65578641379766,40.35086396926297,37.83741941683009,38.6904001530819,41.844146842289476,39.77745990807757,42.34564664501272,43.41920886126515,40.09832677498309,36.77242188124009,37.294723595962395,38.252143451467724,38.774785242740606,35.80487761919918,42.76245925957102,34.53926184400339,37.2052603301711,38.51113512178992,35.14075158994047,39.198593420453626,37.86938145521481,43.55148461216065,41.11775011613298,40.46064707208136,42.92361690082206,37.540689806346194,41.500430917274116,42.72883898391655,40.469219535370094,37.19223183906484,43.63987755548637,41.40153810332242,37.70069647744519,39.46411106728345,43.1657282994251,41.84539253566869,43.129513620078264,37.258445712488985,43.13623335233682,37.801009348385,43.905836712517,40.613761046410254,41.618274960734624
1610555617.19EKxMEwDHfXiEJZc27TsGoERaD6Da4BZU,29.664024194231214,43.392884566287194,29.553688915045463,42.17764820156159,0.0,37.43086459955191,24.961652900952167,30.29911977073636,27.115461004152902,41.185638591735426,44.55353917250788,44.465949781028165,45.74325114374609,31.02860997203999,42.7800579731091,39.537081084589936,45.744756980732625,45.45176680174004,34.94913765892164,39.27700645780818,45.30730498525712,44.77468328451363,27.850428237873334,30.11418093970966,38.428798213263015,38.175629064919455,28.78990654945112,44.407870895971364,43.9635020621046,29.59333892428552,38.532364037051174,29.534966573881974,45.01923463977986,42.81617788378097,42.7476039951844,42.17516973179547,41.2858193045884,41.57517385740573,42.98561523471679,44.97454353665642,41.56813892873005,46.9338589703238,42.50836831520761,44.192697390398,44.66344653790371,45.939850730230326,40.707935472477594,36.18892090112669,39.92127374650508,39.059030092149484,40.801934488114476,34.83382996581588,43.91138366966306,46.32617878669097,38.011730292904836,34.28664632582901,39.776206516691765,42.27331168029012,39.990404897450745,35.721678041903935,45.0738164128476,48.687129242124875,41.57068790892622,44.533158653949656,40.61490267230847,47.51104633166155,40.34484445328042,44.00872004131114
1610555722.52PJ3FD50MGhRXyUD28vluU8Z9UjLJLZn4,35.289014753517,40.880984965759225,35.424794425025375,42.08653801891165,37.43086459955191,0.0,36.46469533153091,35.84138073976852,35.396281410952454,43.43023094880732,42.92976233939093,44.17044555851433,45.214537128722036,36.8652192524314,43.718970098282405,41.49107938446262,44.15597888670859,42.689599482314534,22.64098685547462,41.553979442083296,44.61610486694767,42.46816006854759,35.68223158212584,35.91319478595668,38.94967540718232,19.57815591226915,36.23883635540476,43.68393270476177,43.80889356316173,33.769185718742335,42.068853660668715,33.18247259459993,46.48612991080309,43.76523907947441,43.72240051501309,42.27451069351438,43.86307961087502,43.54442040556701,42.57775617202693,44.54992062263669,44.0680527880601,45.66147971389719,44.564867493545556,41.79945046084965,42.57031048562436,41.91022213610622,38.473745901406375,36.01380390367543,43.083574364061384,40.83239886182294,40.09699047420249,36.11743994245695,42.108710194416986,45.150028955684576,41.32537882111756,35.979458852425665,41.52717030445122,41.9322770008752,39.567072341036436,32.85500924520646,43.06062565869434,46.38875479915665,43.33113834212351,41.236562056513264,43.88129520129969,46.05831867829431,40.78782778601371,42.48976828202809
1610555617.52Ijr5puT55g9apK8auM7zaxa3NANg502t,29.8119593634134,43.1656809366906,28.325141426272264,42.44021011079094,24.961652900952167,36.46469533153091,0.0,29.388326196772315,30.5741776800209,42.381015684078754,44.80184538649409,45.73738116935476,46.616966162130765,28.842001169674475,44.05004099796121,41.556224347310874,46.134284260841426,45.727342959458866,33.68807853556839,40.976798569644345,46.848445922082064,44.48462816757212,33.343431657376854,29.022558984886146,40.04342382730599,36.85689850230386,33.812955166853065,45.211637238956904,44.563524499003925,25.31587874550786,40.95193225952172,30.254597988393208,46.52770233238204,44.26801102378378,44.357819576566264,43.23559056961798,43.37872208080721,43.57625102495325,43.37586643683045,45.18844251930488,43.78630313407861,47.565433778835214,44.24531625951947,44.77833068372493,45.08468890317536,45.938699545828655,43.40109185186591,36.970420345658646,41.3111237241221,42.216607199534316,41.802391256333884,36.336694193610256,44.610640105430136,46.978334394448126,40.02678897921065,37.12028405950332,40.62978443556585,43.896421496530444,40.776851246591406,34.33455461401827,45.57683194659288,49.098077673984704,43.399977757297904,44.446528443518986,42.211240795823045,48.177364519744174,40.97133596728811,44.81546186826751
1610555638.77ZLjTLkz4jYJdFMI2wWBztzsDILkoOtAk,15.830609803369033,43.90215670865856,16.297048955677802,41.59836676184726,30.29911977073636,35.84138073976852,29.388326196772315,0.0,24.909387745804803,39.34945672569269,45.761961837018475,43.50629318819171,44.54459467073973,20.33047409413623,44.065915148413396,39.38372790918351,46.96634456747712,45.77421173527114,32.41572357716324,37.300244463107816,45.01858516392342,46.05919196715359,33.95556091264295,16.066868055346916,39.835119978855786,36.960615422823366,31.236282220472713,43.76014842790649,43.665325149921436,33.23754194565773,39.31402045676005,34.330578509310754,43.56825418270168,42.549309093839405,42.52257250581606,42.32162449976225,41.0868106185567,41.76079005334415,43.76525940888507,43.24042194236309,42.10174082555272,47.007324853546194,42.53268255347635,41.60154146312257,45.82925798942541,46.52790287309914,40.49911673981037,34.90559739769087,39.21228725112169,41.06607038901916,38.14601750350194,34.42670792409073,43.65508548429486,47.43398763141671,37.72542789815819,37.70243625834669,40.55081807235453,41.102642032075785,37.444630244803534,37.62835923134399,46.38271772166668,49.82606406638196,41.40540324123428,45.74293408216482,40.631704923921305,48.792892888706675,39.32644787574332,45.330176611408284
1610556912.46C7tJPLF0XfNnm8f1820X9aLmXMHoc0Dw,23.84751870711395,44.24450231856641,24.483612157271,42.48905858665502,27.115461004152902,35.396281410952454,30.5741776800209,24.909387745804803,0.0,40.5873469628048,46.036013527202165,43.58581713990998,45.46203456249839,27.10413159125403,43.14054771313426,40.07335720015002,46.982229090255075,45.55845863385549,30.966432880279555,38.480958502176044,44.50703212995123,45.94656116520364,33.42291266746146,24.357062418602602,39.750432450602894,36.15440494164114,31.580374652208036,43.839692453435845,44.132767703877036,33.42504034450195,39.93230445330531,33.32511085656426,44.680682839115384,43.239356618353725,42.85636444212654,42.195750461563875,41.5674372260892,42.45598852748285,44.04615689391765,44.552063511661025,42.66036913871828,46.59699686887165,42.741999976218644,42.75521619295789,45.5304424379612,46.32186107455209,39.51759665710954,35.20680364035483,40.40790468124206,41.069997886262115,38.581786188373584,35.09256449232767,43.95111273645291,46.960177968541394,38.91758852690682,37.00437708431708,40.72326386400031,41.49785532865706,37.9782849680219,37.12199420297862,45.71665303539799,49.64751738559195,42.21774361455582,45.20375871530331,41.50102711762623,48.50848429854565,40.60058560059546,45.11040736783544
1610555617.51LjzIROg0aeCP2GhDcAVQ0LipKJB9jmKc,37.50219068640918,40.568403297510336,38.24330375037793,41.56542118991762,41.185638591735426,43.43023094880732,42.381015684078754,39.34945672569269,40.5873469628048,0.0,46.80402382550439,43.91765053246217,27.894462637206562,41.715134913830866,45.73790778072026,39.16648482605995,47.98430454267764,44.94470595744069,43.44531581230397,36.82558245775003,45.47189896278114,47.811545067842204,39.869767255598205,39.00654036305058,40.32914115246894,45.36048532024105,40.001166283023544,44.41896713501181,41.584182326670856,41.50446192735608,38.804265698724464,42.89915753948681,20.642527097585308,39.55202020234437,41.8948907219438,44.36957743779972,40.666977681346154,38.286436947605424,38.5374340103352,42.94620560576494,42.58912842033053,47.5240200990103,44.04239132403762,43.70014896659065,45.30382792641687,45.425038558440114,42.62095822311289,38.53704974364486,21.501390277065234,44.67918681067801,40.661758911826404,42.20252399948566,39.79866245591588,47.37344500820504,38.829195777331805,43.582973965746085,42.917947091421134,39.74562512976396,40.48871835384205,44.46911921201696,47.02580993067584,49.069697060982534,35.828502439923014,47.851968912732154,31.933151912587277,49.64732525928958,43.144177605397815,46.25707828678906
1610555608.17OpjjHobqRkX0UPcaXrbu7K6L3805SZri,45.39539419510419,35.79808579431003,45.57977131786505,34.36553688951468,44.55353917250788,42.92976233939093,44.80184538649409,45.761961837018475,46.036013527202165,46.80402382550439,0.0,41.05178598845669,47.15093075179453,46.301273531628745,40.918818181910225,41.339739457907214,27.584015202263707,37.67705001059197,43.186313754797816,44.339422199642506,41.88023295484636,39.72623610565968,43.278311969446456,45.81277238355681,40.74393681389437,43.90586074836134,44.6134291805357,41.819841500612405,41.079626236243975,43.74220376329196,44.554332634694326,42.485772573247026,48.590100345494015,44.76684423169822,40.971243953325256,39.3427591570528,43.24621892820777,43.51170379272051,39.022038797704596,46.857429495510345,40.92716190616118,36.537600382478885,42.03067719492315,40.54685597909701,38.883609433016225,33.927487029872474,46.71763688252456,44.10998166239422,45.23733891617928,44.0155704420512,43.013838450010944,45.41335253615201,45.27421871265907,40.26952755850421,43.37799963230101,42.352723014187376,39.809785643587944,42.5626589937695,44.51670478727163,42.083836301945,40.51102888531261,41.023316679374325,42.246631320475956,39.50912875766784,43.21941390210967,39.710560273323686,43.84591402576446,41.65027729924043
1610555721.82zWeNZfGUUfRJkgnAwlP8VMhPzXctnSd4,42.64696407816662,39.470363135970224,43.22724465250105,36.6895001934175,44.465949781028165,44.17044555851433,45.73738116935476,43.50629318819171,43.58581713990998,43.91765053246217,41.05178598845669,0.0,45.772026898685404,44.634387495683384,43.53245184226506,36.477365788639645,42.93878224108005,35.964710439400676,44.14721089563776,36.864602214694074,25.248001177300658,34.71990524419744,43.60417261127379,43.36363735338389,43.30455025138399,45.42978806794635,43.86380604729348,33.716562812758234,38.969999058632,45.077278059439834,43.39337261657073,45.22322955269143,45.34877478463658,39.950339331755,33.773288369896214,36.38839718281948,40.51151393169205,39.27890478140226,40.75417658354076,45.18328303039331,39.541218041458364,36.30013439317073,43.370796957346336,35.62458286789134,41.91914547621051,41.45954553168874,43.14658688813537,40.60381737120323,42.24107494141534,43.18771617870471,27.46266129641818,43.02253541997024,45.01724556107678,41.927612077128366,39.0685697091271,44.578416516283504,42.4738955674861,34.1360589518757,34.54120223456987,45.442094575232694,43.08765091778035,45.329943081633886,37.83210170460465,45.3515697605806,38.717627384721396,44.5612603972696,42.29069463648268,42.88566800371574
1610555735.75bom85BDF0C7W2eIseHeMxi24qR68nzMi,42.71679578582383,39.100521495666364,43.458833323673545,43.09786591289684,45.74325114374609,45.214537128722036,46.616966162130765,44.54459467073973,45.46203456249839,27.894462637206562,47.15093075179453,45.772026898685404,0.0,46.48006696929835,45.58422739902094,42.23187785317393,48.114136098424346,43.70465518639996,45.945300007084306,39.879825969946786,47.06493959997783,48.20927314769895,43.66453518144967,44.158061217967614,44.65245681605249,47.28091691335516,43.74273935475719,46.14705817795487,41.800179502782285,45.07848265158979,39.84971541707857,45.75935540706781,21.398621604798006,39.470772970935045,44.289942535576806,46.3651604604548,43.17967684553033,38.57525398107304,41.62674086671511,42.80453192632684,43.99581672126504,48.254653231091474,44.90964864254368,44.5084947636151,44.981560322706265,44.35078952761627,43.577525782178284,43.52635010012774,34.542250758237095,46.357123257511404,43.60014615233513,45.25701614457381,41.571707890119264,46.45398164973301,41.53146620625612,46.160901205842485,46.485354380791996,42.89444260694592,43.44661502863901,47.072018556982904,47.20588827554302,48.44497869589695,38.04659742618338,48.66782541617678,38.640323440833235,48.750871383338485,45.40004191768737,46.6854472420962
1610555735.77NnT5xqKnwcf2BbjIekeb2arTQj6QMNwk,24.346117861764952,44.925231625372874,23.049008239751952,42.870093059850504,31.02860997203999,36.8652192524314,28.842001169674475,20.33047409413623,27.10413159125403,41.715134913830866,46.301273531628745,44.634387495683384,46.48006696929835,0.0,44.83664155484599,41.11457649539123,47.319205344577,46.67121618676937,33.701678027857255,39.32853352225519,46.15306499553632,46.33246526206834,35.60399925268046,23.774521298245457,40.71174736625201,37.553691644012304,33.61593997544307,44.88252440459606,45.147462102643246,33.69210512624179,41.25461211206005,35.03995053217803,45.825975083964195,44.430853620077514,43.93426734898492,43.31383790253189,42.5192607687067,43.577242961765684,44.82007494167885,44.795938745324456,43.56601071394029,47.93800473024748,43.61229559088519,43.559752346946006,46.47978813805541,46.970002443886145,42.09134296837244,36.65718541485285,41.25844728572691,42.42569704569559,39.93450456345828,35.92324088404341,45.116246733611334,48.37956337134433,39.63184291059809,38.71584916261557,40.95231465290023,42.72408921858051,39.19564319427236,37.72663153098916,46.805493542426504,50.43418129613448,43.46174772333655,46.10240778963332,42.63141747809078,49.15466362861125,40.9458278160328,45.70874009809667
1610555638.33wjf1PhdNaoWfbRzXVn50hmFyB5bYAiLV,43.372926523118934,39.835721358363934,43.581502009908625,40.460637550546586,42.7800579731091,43.718970098282405,44.05004099796121,44.065915148413396,43.14054771313426,45.73790778072026,40.918818181910225,43.53245184226506,45.58422739902094,44.83664155484599,0.0,40.94751015937341,42.27643204089294,41.24178311335592,42.89673102732662,42.701049159017366,43.655576810600614,42.51922128326646,41.95634117608606,43.76677038839607,42.675485442435075,44.369667295150705,42.66366970660479,45.12230410789045,39.06412897999306,43.03390892195747,40.56141346597528,42.235975824794586,46.97276012005272,45.81047529638385,39.20124807373192,40.01272277023709,39.29138295447452,44.13905405087366,42.727858581612104,45.328553840133836,35.854718939170716,43.84520944804272,35.98878554030267,42.76136490599966,36.7807279490827,40.53555540856338,44.426642995233905,42.72701322800594,45.676248062662715,43.31575974509925,43.3663287104297,42.11838022562168,48.16376228531778,40.662020841404605,41.08684601158257,42.622313642414426,38.92044825951003,43.153755008440015,44.83113544623716,42.37546394260585,45.50459684178713,43.24484596241998,43.41374227944155,45.244084533495396,44.46893652465047,42.058489287044274,43.81305128583916,45.972427804703884
1610555606.65jCE4ig8Pu8kvAzkxnSGfWsV0nQBjCf8H,38.32261644427576,40.140685419813856,38.80043429038382,37.644602862082714,39.537081084589936,41.49107938446262,41.556224347310874,39.38372790918351,40.07335720015002,39.16648482605995,41.339739457907214,36.477365788639645,42.23187785317393,41.11457649539123,40.94751015937341,0.0,43.413516021249436,42.96078810716881,41.69584668202015,31.75021044738008,38.42396361772892,43.907518105300845,38.54701144114857,39.33243681778641,40.255822035755706,42.97523166007345,37.85875701787961,37.24391691855772,34.98693614749402,41.275337254743626,35.396919555989726,41.64912153424901,40.40655461450721,31.312981131715617,28.802302544495106,33.62826757383486,34.36319806526019,29.55063260671332,40.47926958632618,42.678836110546456,35.8148473039574,41.75047727077496,40.595969555287404,39.539593050690044,41.13892276005235,43.55795134348324,39.49118134750542,37.21074010396315,37.621648307672054,38.22028968486532,33.74860153973101,40.1058273540621,39.307636600071575,43.105399853225194,31.957420056784738,41.230211594980716,41.05707249650569,33.80310067163249,35.15559651333158,42.87724175143034,42.187301166912974,45.31129060254252,31.02971740587874,44.34057898557343,34.629138122289866,44.03397311753786,37.37567795974356,41.07713413498669
1610555608.18ONsBCVo1i7BrX0XG9stct4oiA6ejX9Oz,46.57271770221782,37.06969008922699,46.717626373575605,38.3989695500047,45.744756980732625,44.15597888670859,46.134284260841426,46.96634456747712,46.982229090255075,47.98430454267764,27.584015202263707,42.93878224108005,48.114136098424346,47.319205344577,42.27643204089294,43.413516021249436,0.0,38.346952713217426,44.508962911571686,45.79199062745003,42.8871281292291,40.63199964638448,44.50194251445321,47.063055637555,41.47913861411676,44.35455175029134,46.08628115859946,43.43295192383393,42.29614780395775,45.001856507092164,46.51398253684128,43.378495419721325,49.692277220474,46.15168768704768,42.77147376949426,40.45785519173052,44.84308241355048,44.58061011769248,39.62905640185828,48.51614008953241,43.167053446377835,37.7616652290351,44.05114038931426,41.767021145615054,39.11132021094156,35.40025383167686,47.87324521564664,45.65143957294758,46.335433927783335,45.00677363051778,44.649501195294334,46.75574380258658,46.709489222760766,40.469553880504975,45.23842031242319,43.1079763883774,39.963010760008856,44.146262245813716,45.9628091166829,42.86515331887502,40.685178815387694,40.34956915239946,43.54961216168211,38.18572794166903,44.915459618396596,39.19874276038429,45.01793829646053,42.02593641841435
1610555721.51RNoQUMP19FTMS79BmA3JkgSm2IC2AQuQ,44.73687838249827,22.367691084205816,45.430174419849294,37.555199302640474,45.45176680174004,42.689599482314534,45.727342959458866,45.77421173527114,45.55845863385549,44.94470595744069,37.67705001059197,35.964710439400676,43.70465518639996,46.67121618676937,41.24178311335592,42.96078810716881,38.346952713217426,0.0,42.87308979217831,42.9910570529301,38.91722834298511,35.85982899372716,43.476940701472735,45.45951171898485,42.40834091204473,44.788894606298435,45.5488862286485,40.18934397117641,41.06314780875696,43.18554886361617,45.566697189071036,42.97284480320166,45.9527603355492,42.50992846639774,43.030872756941214,42.06348148976757,44.68388168991798,41.48766127002966,37.4505291766726,47.79764947282434,41.488917667681854,38.87819019181298,44.7761873877956,38.3776501141014,32.955276840187146,26.583991977662276,45.2201419061407,44.168065617051795,43.65721945443084,45.41404124303098,39.26024667362027,45.82935009658839,45.564708848440425,39.300829736371114,44.2416303781912,43.656659960885676,41.1450378435622,42.153792301037704,41.35967278292605,42.055727881734896,38.91213258642918,40.67007702342196,42.11735938505669,39.663244707618155,42.787053638526906,40.13798223771757,45.20802163058601,39.61490288900563
1610555971.86O0cHB2ibBJ8jxoObg01EpGe8VVV5mpwn,31.65202761565124,41.484242822175005,31.987616258408014,40.862815922856846,34.94913765892164,22.64098685547462,33.68807853556839,32.41572357716324,30.966432880279555,43.44531581230397,43.186313754797816,44.14721089563776,45.945300007084306,33.701678027857255,42.89673102732662,41.69584668202015,44.508962911571686,42.87308979217831,0.0,41.847152098637046,44.98874384303894,42.132678699432724,36.31835639427527,32.55269389384442,39.65645122279601,27.882112174301266,35.3036602842123,43.789106639097966,44.00592560141559,32.17760620879948,42.20977117891388,32.099376063896834,47.13164439816961,44.322425935258124,43.678528149792356,42.73641760153955,43.236848850484805,43.941016480958574,43.135911118524284,42.99974994178377,43.53063825199614,45.94283136352459,43.35581899550312,41.58549643058448,43.1032128834099,42.93464455104596,41.25127197662145,35.81451108404213,42.92542869444675,41.58948980837446,40.08649185114079,34.77318242152069,43.38750509287941,45.91953918349918,41.19251806983209,37.87690582234273,41.21366015635494,42.85155792955147,39.45014121024191,32.83683505619559,43.58875274795208,47.03042154491243,43.775894266178824,41.95914504810301,43.584374055266,46.232484643938356,40.02946988915509,43.01678920802279
1610556911.51zU3duZSGpcw1BDNsBLxdOCITAXwl6z3i,36.27394764915226,39.95120469669376,36.77587984717781,38.18178759312522,39.27700645780818,41.553979442083296,40.976798569644345,37.300244463107816,38.480958502176044,36.82558245775003,44.339422199642506,36.864602214694074,39.879825969946786,39.32853352225519,42.701049159017366,31.75021044738008,45.79199062745003,42.9910570529301,41.847152098637046,0.0,38.48747370869384,44.32319063763677,38.64831865282721,37.3482407918838,41.191639123696596,43.39392111648793,37.783443190893465,38.724513742585074,39.21318296898977,40.980793598493385,36.346720645552516,42.12514984158547,37.44888043136206,35.44633851597378,34.992734504299456,37.45441492890957,34.016519789449504,34.45856084335789,41.277160646527975,44.06300123024631,37.32852046428397,42.884097319429195,41.29560236286466,38.14959580948942,41.54138798945118,43.751435788543525,38.89376068667869,37.20714329649388,36.6314857791151,41.86434710494184,34.2359642287258,40.44177380032966,42.40304698034279,44.455460769094564,31.41583216252383,42.03474700024757,41.22756648508154,31.6036698140824,34.93839737365768,43.46526784359511,45.290624111844174,46.88686637683851,33.29050216429081,46.06098629932206,34.30118393093485,47.20675037921259,40.03275766786827,44.57299336485208
1610555988.71dMoYT8250UHHJGxgmITTmbHe7V6gH1yU,44.41912300342375,41.512189249364724,44.88497739347908,39.164511163805955,45.30730498525712,44.61610486694767,46.848445922082064,45.01858516392342,44.50703212995123,45.47189896278114,41.88023295484636,25.248001177300658,47.06493959997783,46.15306499553632,43.655576810600614,38.42396361772892,42.8871281292291,38.91722834298511,44.98874384303894,38.48747370869384,0.0,37.96896583075279,44.48511213711931,44.97708869991844,44.14984784792063,45.68329639410568,44.73375533321205,35.82858468457145,40.99648527907846,46.27988344316742,44.66062674702164,46.11587372452485,46.97002302594143,41.96569910892541,34.16780554760926,37.39928901184082,41.49630382714679,41.15052698543362,42.72798999885125,47.1865629755723,39.89896981082658,37.104353500663336,44.00077149227172,37.848187438519986,42.05707036605476,41.876517379391956,43.367813397224964,42.50198801255519,43.883403137717366,43.92411935689494,33.81750900175382,43.99555430073571,45.93887053415889,42.50866348444406,40.812023230954594,44.678233929672274,43.18112559464073,33.75090974671669,38.27448924665787,46.257235534045364,43.562055215033816,45.72830751634783,40.06294971751421,45.651153210681834,40.789519411419924,45.45184364698885,43.47189015043742,43.41003063795618
1610556042.81mlUZsSp7gbGjrp8jQSnybT1gPy6e62o1,45.53184164258396,37.44356519176556,45.70866444694423,40.30064683180159,44.77468328451363,42.46816006854759,44.48462816757212,46.05919196715359,45.94656116520364,47.811545067842204,39.72623610565968,34.71990524419744,48.20927314769895,46.33246526206834,42.51922128326646,43.907518105300845,40.63199964638448,35.85982899372716,42.132678699432724,44.32319063763677,37.96896583075279,0.0,42.7065768454588,46.20117599871659,42.71446655766342,43.4099729259276,46.147104386713245,39.71296783889077,43.26451903008207,41.30971811796312,47.252887513956566,40.18855462725651,49.41653927453593,45.476955506181305,42.46994875151982,41.80066321603627,45.89803533242726,44.32953570275706,41.45106862281213,47.662851189867,44.73723195637941,39.89125160820153,45.49583430233378,41.240874580600924,39.10779051313028,38.39925282263034,46.87417207264527,44.62853035380297,45.548874386833845,44.690286170098496,39.991542111732066,45.7742546805598,47.74797603386413,42.33663967510428,45.691852626627664,43.442532662934696,41.847873189685664,41.602765558105254,42.61714067496873,38.22567527279386,39.84105140085413,44.450332946161915,43.59938326627519,41.427254464035705,44.042687714438244,40.73799954505409,44.78215661539659,40.16033853755552
1610555637.02UBW5nKvDyUrKnaWcYRGajZPxTRDS0q3N,32.54060995421571,40.3979800707444,32.890578719703825,41.81495669509207,27.850428237873334,35.68223158212584,33.343431657376854,33.95556091264295,33.42291266746146,39.869767255598205,43.278311969446456,43.60417261127379,43.66453518144967,35.60399925268046,41.95634117608606,38.54701144114857,44.50194251445321,43.476940701472735,36.31835639427527,38.64831865282721,44.48511213711931,42.7065768454588,0.0,33.60603141680042,34.05027874010216,37.02706330763883,26.93220344045829,44.0575569809391,42.19522826057082,28.60025885400025,36.128802075141266,28.444204982952787,43.220561656074665,41.56007293963103,41.65060316785891,41.272987392907226,39.9332022664822,39.227240490636014,39.7368224042409,44.46090701246475,40.57426212057826,46.07426956842974,41.92111440021146,43.798038606107156,42.38237812078742,43.17783117700198,38.26770514777442,34.91379965244208,37.80257839825729,37.07227434352114,40.65911043841875,33.52163894496208,42.574139500638445,44.45096693472827,36.82532947761327,26.106635979659345,38.58111292700826,40.72436571290766,40.130918379931174,32.00067341289144,43.89221058190848,47.20166130068314,39.32099718635397,42.92514135258556,39.14506293515152,45.42253786517267,39.778790973521346,43.74074027685153
1610555619.13oUYNikU4facCTpUSiSLr0vPI0tJLnXiT,14.85771740664007,43.70009444197678,16.46925534663959,41.588881744769076,30.11418093970966,35.91319478595668,29.022558984886146,16.066868055346916,24.357062418602602,39.00654036305058,45.81277238355681,43.36363735338389,44.158061217967614,23.774521298245457,43.76677038839607,39.33243681778641,47.063055637555,45.45951171898485,32.55269389384442,37.3482407918838,44.97708869991844,46.20117599871659,33.60603141680042,0.0,39.614911643864225,37.20040656884795,31.024915141125323,43.68229587849885,43.522791942235486,32.77282399294446,39.01639609708617,34.32044386369457,43.193804360932646,42.30212498029474,42.31524056330667,42.18791334857713,40.928653551049145,41.572170246505266,43.547743565264504,43.20789512332964,42.14009982686014,46.817471051526084,42.48880892366505,41.81099302004198,45.72292984987107,46.38934774698753,40.200221128312634,34.5396165101991,38.9004650288842,41.166809666946605,37.60191275864122,34.53868054868121,43.468685283691954,47.4025643206248,37.4757845764624,37.627775669822974,40.40209435969691,40.89344509577098,37.01966128863559,37.73230008582198,46.27205352040648,49.71813956744481,41.20556337959569,45.68400776253782,40.41723673250137,48.72995336610298,39.237617307437965,45.40995712638848
1610555721.03nzkucfjAUh31zTbmCVvTVYqtjoxZFnBh,38.94884446634296,39.90562310901768,39.22413511901778,42.21433441524064,38.428798213263015,38.94967540718232,40.04342382730599,39.835119978855786,39.750432450602894,40.32914115246894,40.74393681389437,43.30455025138399,44.65245681605249,40.71174736625201,42.675485442435075,40.255822035755706,41.47913861411676,42.40834091204473,39.65645122279601,41.191639123696596,44.14984784792063,42.71446655766342,34.05027874010216,39.614911643864225,0.0,40.523101884019574,39.05521137425481,42.84057643309064,43.88193482421507,37.532170045894865,41.228785180004934,36.43348460201555,43.86945456470597,42.30754062269296,41.57861313598526,41.98884962843847,41.74466281595898,40.51990606895204,34.659722017741174,43.63818771656683,43.687998656389745,44.04379328761195,42.67501683890175,43.68860214161998,41.942128131693444,39.042647699592536,42.368518259239856,34.36098508109415,38.095597864806166,42.031104442416584,40.98345596246053,39.00589758438737,40.69007120519933,44.622145610597016,40.86820515595206,32.330024567712236,33.34126880602149,41.41038657400162,40.786994943726306,33.473489522136646,40.898647459706645,44.642891182296346,40.174221211644785,38.83716792784776,39.50582580718816,43.11480882214039,40.057970871535794,41.60770036446739
1610555722.67fhKURdXVzRbLIjXmjRwdJHTnE7PWb1AE,36.645631038734905,43.30764689838239,36.60200348223248,43.65578641379766,38.175629064919455,19.57815591226915,36.85689850230386,36.960615422823366,36.15440494164114,45.36048532024105,43.90586074836134,45.42978806794635,47.28091691335516,37.553691644012304,44.369667295150705,42.97523166007345,44.35455175029134,44.788894606298435,27.882112174301266,43.39392111648793,45.68329639410568,43.4099729259276,37.02706330763883,37.20040656884795,40.523101884019574,0.0,37.68085773881701,44.978964164912526,44.69113975836422,35.37469767832592,43.790848166485986,34.012410811012636,48.421157831515096,45.422975757693926,45.03577699303115,42.765730592695505,45.15629471424737,45.13450649014509,43.870105246535665,45.807558066802535,45.53211860962303,46.444802300021465,45.02666813770749,43.099682267903106,43.875446810527265,44.093477503720706,40.192591286461706,37.54269694825231,44.889914063130554,41.99149756451203,41.50043357993129,37.7485043972542,43.75191575955445,46.36175970687034,43.169342039305306,37.0215233324878,42.55612505491219,43.74861017792139,41.007873120693084,33.13636347333686,43.90008409139173,47.58112625720357,44.929516382355686,41.88510210711189,45.43999999917773,46.49172568656122,42.20617165553612,43.40303827575856
1610555638.39J2ZWBLuLTHP0jOlzB4tNHmYeijH5g5YJ,30.017349143110874,43.08220750692931,30.45236825106513,40.35086396926297,28.78990654945112,36.23883635540476,33.812955166853065,31.236282220472713,31.580374652208036,40.001166283023544,44.6134291805357,43.86380604729348,43.74273935475719,33.61593997544307,42.66366970660479,37.85875701787961,46.08628115859946,45.5488862286485,35.3036602842123,37.783443190893465,44.73375533321205,46.147104386713245,26.93220344045829,31.024915141125323,39.05521137425481,37.68085773881701,0.0,44.13160603764299,42.88537133952309,33.953765128867225,34.02549434782089,33.47086159156753,43.38721855070045,41.64707372030879,41.625332171898314,41.67990956610499,39.17924040668749,40.59116879292811,43.17806226382042,41.92378594301521,39.42768812602184,46.699823031024984,40.920771093470584,44.008570157631,44.65907212671679,45.89214049951692,38.35366173302385,34.2724270688394,39.27372275690532,33.012382263987796,39.91975048823175,30.396473407054287,43.011282643074544,46.55292959088364,36.34435005066749,34.1297600683229,41.38983974063817,40.46919309658281,39.449759825480356,37.43423362523792,45.84130687791569,48.56933606540339,39.86265128441717,45.35024481257219,40.15594706502421,47.93398939455891,34.2989326742377,45.185246960957386
1610556032.17Q6yCDx9g7alRnL9jBFXD2JhhUyB2hKfJ,43.08771947354891,39.573734506498454,43.37324414736516,37.83741941683009,44.407870895971364,43.68393270476177,45.211637238956904,43.76014842790649,43.839692453435845,44.41896713501181,41.819841500612405,33.716562812758234,46.14705817795487,44.88252440459606,45.12230410789045,37.24391691855772,43.43295192383393,40.18934397117641,43.789106639097966,38.724513742585074,35.82858468457145,39.71296783889077,44.0575569809391,43.68229587849885,42.84057643309064,44.978964164912526,44.13160603764299,0.0,40.63769482123886,44.73569427480281,44.63299693380829,44.774033394052296,45.96483473921845,36.10593802872814,38.52959900429099,38.348759041469464,42.18946136842829,37.52716644623568,40.598252307401275,45.17516972196456,42.613121214065465,36.130254497926096,43.586822874017365,35.0696772994025,42.37877219264875,41.16286591956921,42.94629857113922,41.46111636552762,42.99985789543122,43.32105185982386,33.51835319799228,43.91514179468576,41.937444896413886,42.827405486022734,41.35312781688534,44.625341778637114,42.12631813255625,34.93122146603704,33.78366455611255,44.867918100505044,40.398667836399355,45.74300467631241,39.00139051254634,42.77900537781083,39.48900106703791,43.85250210375887,42.826022962653994,39.814973795912074
