,1610555604.25mOvVXuL01OCiReyVWBfesjuvXmB3MoPy,1610555605.43B6oDsBtWRQ29Q9UMQuTUEPZy3FSSWXzc,1610555610.92HPGJJSmyPM40z7otPBgHalNrHFA7zk5d,1610555606.68LaSQbm9EHAFycEfFtEqAwYqlBsQPjIRW,1610555617.19EKxMEwDHfXiEJZc27TsGoERaD6Da4BZU,1610555722.52PJ3FD50MGhRXyUD28vluU8Z9UjLJLZn4,1610555617.52Ijr5puT55g9apK8auM7zaxa3NANg502t,1610555638.77ZLjTLkz4jYJdFMI2wWBztzsDILkoOtAk,1610556912.46C7tJPLF0XfNnm8f1820X9aLmXMHoc0Dw,1610555617.51LjzIROg0aeCP2GhDcAVQ0LipKJB9jmKc,1610555608.17OpjjHobqRkX0UPcaXrbu7K6L3805SZri,1610555721.82zWeNZfGUUfRJkgnAwlP8VMhPzXctnSd4,1610555735.75bom85BDF0C7W2eIseHeMxi24qR68nzMi,1610555735.77NnT5xqKnwcf2BbjIekeb2arTQj6QMNwk,1610555638.33wjf1PhdNaoWfbRzXVn50hmFyB5bYAiLV,1610555606.65jCE4ig8Pu8kvAzkxnSGfWsV0nQBjCf8H,1610555608.18ONsBCVo1i7BrX0XG9stct4oiA6ejX9Oz,1610555721.51RNoQUMP19FTMS79BmA3JkgSm2IC2AQuQ,1610555971.86O0cHB2ibBJ8jxoObg01EpGe8VVV5mpwn,1610556911.51zU3duZSGpcw1BDNsBLxdOCITAXwl6z3i,1610555988.71dMoYT8250UHHJGxgmITTmbHe7V6gH1yU,1610556042.81mlUZsSp7gbGjrp8jQSnybT1gPy6e62o1,1610555637.02UBW5nKvDyUrKnaWcYRGajZPxTRDS0q3N,1610555619.13oUYNikU4facCTpUSiSLr0vPI0tJLnXiT,1610555721.03nzkucfjAUh31zTbmCVvTVYqtjoxZFnBh,1610555722.67fhKURdXVzRbLIjXmjRwdJHTnE7PWb1AE,1610555638.39J2ZWBLuLTHP0jOlzB4tNHmYeijH5g5YJ,1610556032.17Q6yCDx9g7alRnL9jBFXD2JhhUyB2hKfJ,1610557007.49MyVgDnuUuBxrvL6SGOdhKf69VYlW1MSm,1610555638.44hjT5hbYdKoE3MB6hijrjqbjmLgvCUYKD,1610555608.13zUvmFSCRt6SsLbhqFznMEvGx54GPGQzM,1610556038.62a5C4ynd1AARyAhTv8a58NCqHvXRjscqH,1610555644.45Xse8u7pusHNsd7F3d0A32HXvXr6weOJE,1610556038.62gKXOCG7XCn55eJvyl5voNjbwOW0znQDq,1610555987.13v0oleKK97pkesp6oMgprH8SoSdoDVdIO,1610556964.96ZLLeiQW0qpmxhPGTg7K03fmzkqsC2bjC,1610555987.13VQlEedQ50VvkPMEMzZDv3KNnQCewykN9,1610555982.186TY6MMGkDecIN1woW6vsfAMXVV7jnyjO,1610555982.673LuMndkwkvdmZOn0MmE2Pkidx0FtNalb,1610555733.38zItcuH7gHNfKdALR2d9Nek6bxCyw36Vm,1610556034.15BQxSbZINGCay0yp6RBVlgcPrw76Yn9ON,1610555639.37BPZpgtGml8qUsh9AdV4m32jPLfI2aNFq,1610556965.57S0adAalhWYe6K3bkZU0bRHbqnDK8gGkR,1610555983.54zteLPCMjyrjzPdhHhlZr3faCgD0TfYr3,1610555987.79rHnNRmt9a0ufmnwCvZqBouyUoZDNpylW,1610556960.041xWER61rmArlsKfiMl4frikWmUCnQ7op,1610556035.13a7NHZDutfTMJ88qle1gTYY59Dr4WmMsj,1610556890.456ZBDaY16bMtrTZTqAgHl3wq1tRxzqDow,1610555760.24e6890pkbyZ97Or6croI1rQgjkSsR0yVt,1610556043.02YpWMIJg3W004iqlPyv8OcVAZdSC5rNYw,1610555987.03z05P26TLtONYM1HSzupoc2CeNMa6HTqr,1610556032.15OYCzUxpsz7b10AXBAuDXrvEcvxFhf0M7,1610556032.63Z80yI9pNwS3jSmsDABbuhf8wkNa2Ze9y,1610555736.28eGuESasTXdR3SqY6pHhEXWZtcdciYLCO,1610556034.61bebeZA0MkaFG2sm3VKiqrxeqQginTTW0,1610556944.5XwXOphKYT3ZkWA8gViqOS97VHVuMVUqb,1610556944.745UVLFBzf7fPh4UH37I6tYQOFPqRDytEh,1610556034.63XsUwaFaPZevO1JNFjfhvY4aKNFnV4noV,1610556964.89xwBHw9faT1HjQRMNQEyA4qJ3hWkwgj3k,1610556966.74DydzH91jtyvRyYau47JpVkZoMRSNTt01,1610555740.77UueVziDbaXyRR4OcVJIIZyzOfAzN51bj,1610556046.84e3vwjyRCzqz0wJQhrk8zsxlFfFSv98Df,1610556137.99eoPuVrDThKAOvmeprLPb2FWRqIhzUodc,1610555740.73XFwSrmTXJPlaxGZSefh0jOVA8PI3III1,1610556123.88AOfNaz9jSnqU5Czc7okOv1RCrYfKFBTo,1610556046.85nB7NvyoYQeLcOV391Lmmut1wAM8CFGLw,1610556123.89H4pdIAzDthI7bMXMhlIhKUYIQIvtmPPQ,1610555740.87GOYQUJKpkynIS2lFqppYK4b32ol7NeGh
1610555604.25mOvVXuL01OCiReyVWBfesjuvXmB3MoPy,0.0,127.39043287544033,79.38411072730828,133.8526394078354,93.47635314394454,110.57149392035156,104.32971988622518,77.60244491027335,96.42394993367898,126.67798072182751,136.7797526413414,129.9847753492186,129.41531144179473,100.06060525511627,135.18473001112181,129.23951701582126,140.71401381354514,128.66477462459682,102.92886176500441,121.23877082766144,129.03146010910746,130.28664762756605,101.41902926206089,80.98767537606717,113.02988768034886,115.8755172695857,96.73193623659981,122.76900437589477,141.48629978147898,106.12452477251321,124.56813561588174,96.69542798178972,127.57958532574506,124.31776406048209,142.12047704539523,124.83893577708812,126.39530374987895,124.34806462752466,121.65809442241829,141.122391550337,132.65560428976363,128.3710188986612,128.9254292635813,131.20227993579402,131.7789361000102,136.83704090378382,127.97385956265278,106.60094560577122,120.59927639752766,126.6357629122075,124.61869418403363,110.31500530440762,126.93681105736277,132.8732930120574,132.9705777453505,112.21818140011091,119.33692689159834,128.001435667145,118.41666597800439,108.32271543678064,130.21737371223844,144.58828386908556,126.09049836875683,136.65228189421921,119.27942254076025,138.14937960290146,127.7277497556819,125.58555754603316
1610555605.43B6oDsBtWRQ29Q9UMQuTUEPZy3FSSWXzc,127.39043287544033,0.0,128.72859874657698,125.37077719331207,126.06738949853505,125.87339936831715,116.37816940039937,127.97375777008583,137.26055065286687,123.85928811429201,120.91215986270385,118.12440061348927,118.04963173501868,134.15179510660528,111.40744592591567,124.14267860915027,121.71666691640247,89.83480498527199,125.19311283039428,125.80062094250582,120.6300154683567,107.1312978850965,122.70604553301496,133.19638476946088,117.86108750464517,131.23061108281135,121.94603013654852,112.3429297073596,129.22105126970737,129.60520360622218,125.22615296971472,125.30038252063927,119.134733383563,115.17099016567305,134.72641029237272,116.57138468369622,121.74600219062349,116.06848705675402,103.11919768176168,135.49278390751047,124.6401198649313,103.92809332760208,122.97447666042366,119.77224400161566,106.0672853179012,105.59535700846688,127.18913796727905,127.88064167250613,117.27265050936488,121.71230879353094,125.2779985267609,129.90251272968933,119.01074741579308,112.61372707577175,131.25968573237998,124.80327791956644,117.75237245576554,125.81212478819683,123.37386501912334,120.74648191899176,110.63180594408801,116.74609167620976,117.93131637804387,119.30237509057332,113.3457925506783,110.4527396993429,121.82767564987269,109.14845268025248
1610555610.92HPGJJSmyPM40z7otPBgHalNrHFA7zk5d,79.38411072730828,128.72859874657698,0.0,134.538498651479,99.00772846466369,111.92554252066697,101.6122148746373,82.12060687733856,105.09923929570746,128.481307613513,137.4831315880006,131.2231543039894,131.6558823126754,101.7884689085102,134.66472239055943,130.02101138221096,141.8065970883528,130.68504307224453,105.16027127306182,123.42485935620006,130.0728564238682,131.52547136396143,104.76668767331105,82.6654523280852,113.77864352114734,117.58510295815822,100.77720522321708,124.01278028145927,142.06698588499836,107.59057316815742,126.09635051297201,101.34205228949318,129.74828198110316,125.92723470934003,142.2989159751493,126.38657476168682,126.26691560449854,125.72616583508788,123.17165907048125,140.36948223256158,133.09595425536116,128.85626033629757,129.37026790692818,132.17686132244665,133.24475589924828,137.12136572184647,129.22741312341464,110.29841885963555,122.88365812378306,128.29646582243382,126.27796783998308,113.23953091883625,128.3083017479694,133.69412891705497,132.71525545278598,115.26398642429712,120.34440207240345,129.25321162985114,121.32622169474494,109.29689311626483,130.73820356880051,145.06235545534736,127.84731777151963,136.9909428373712,120.51013519119012,138.76748111830148,128.44297714610667,126.10575850119216
1610555606.68LaSQbm9EHAFycEfFtEqAwYqlBsQPjIRW,133.8526394078354,125.37077719331207,134.538498651479,0.0,134.01580451505362,133.8495099485411,131.18222967060828,134.67866451627822,144.05901779375185,138.71345757349366,121.83878696915352,130.98222063675735,137.38102762564085,141.46399361351988,137.8137206051335,132.59020339937265,134.39432283496413,125.48610901253538,134.07568813940665,131.69616827631867,127.72242164003195,128.73671622466807,132.58832640276808,138.45602703055107,133.1721136771141,139.47685403222738,129.9073447214697,121.01435073446412,135.75338878094658,138.26434662410398,134.89466359653778,135.57003540692793,137.35743626690655,128.00761116137184,137.90186489873327,122.51788311599869,127.27271871433827,128.30776463889842,127.68986066241608,143.24881754608072,130.35958386071687,124.60790743696668,128.27331962674623,127.18185482758841,129.47735480123438,128.4061236305184,137.41842392625753,136.21437976405835,134.32065333504136,134.38672864643686,128.68436758460393,134.03945717825923,133.72185357908356,133.9503630436087,136.47334300298184,136.7615945382216,129.3001234194108,129.69985515691772,127.10682154955325,133.7527874838925,130.5773442467154,143.43445192145344,131.3359761103545,144.56795967949193,124.41064753697728,137.71856312426567,134.1303821593198,125.95856398017501
1610555617.19EKxMEwDHfXiEJZc27TsGoERaD6Da4BZU,93.47635314394454,126.06738949853505,99.00772846466369,134.01580451505362,0.0,109.60736622553935,101.60182618214253,96.8094958637687,102.0678047264613,125.92926451112007,133.60842228366516,131.94218383005554,130.29663657490136,106.86258528990757,133.6838140819337,130.07948673014306,137.4417848594453,126.4313944813266,101.50130861771899,122.96633138516061,129.7074454789016,128.48883136476195,94.41375710996927,100.37160049704985,110.11264797128649,114.36381171786502,94.75344292365054,123.42232110478189,139.47651058257784,105.85631265423302,122.5397200883775,97.16308250267257,128.1791028426847,124.96670765828883,141.71729301884227,125.28608609346793,124.8307249813033,124.84570798934963,119.35355477992917,138.80118543834473,132.71267028442475,127.27508684227793,126.86173140277326,131.55153924234293,129.08944278903422,133.9321027997066,127.60115755419697,109.7766679438282,119.63284295343863,125.22470232905724,128.23216319933752,110.65690236233597,126.1653240444866,131.22198985667723,133.44625917671453,108.62594057973965,116.39866497923843,129.79689609124225,121.6800787953503,106.05591661826337,128.36071725754306,142.15252468846873,127.86470576747504,134.44388963613983,118.8641587998188,135.94068939501037,126.54881394881058,122.90570587978053
1610555722.52PJ3FD50MGhRXyUD28vluU8Z9UjLJLZn4,110.57149392035156,125.87339936831715,111.92554252066697,133.8495099485411,109.60736622553935,0.0,111.60497180207507,112.30654946658733,119.61486754047202,129.4212442538231,131.55430033308414,133.5918671741346,132.58806138797115,119.275799674704,135.29897455773556,133.06350703638373,136.51104600718602,126.75807893669729,99.07235805677584,127.12827439899958,130.31437388807228,128.812784459844,108.06388322929276,116.05949632629084,110.39050687781977,81.06796996773856,107.93243381956532,123.97208455593105,136.54698798506405,113.64801989135003,128.30369111936523,109.8101663544191,131.6151337959831,125.18054306099097,141.99953829020305,125.72678248612213,127.36900740480178,126.86703023063782,118.43780238614927,137.42955618154812,134.80492952773966,127.31459152145732,128.65977715315532,129.57007878491964,129.2652566027301,127.5741192223792,123.68069873429563,114.06498510733113,122.7389773130218,124.78368974847122,128.46348795470053,115.92079744910455,124.89838697644281,129.38004910040806,135.87114674548098,109.4732287937507,115.9214942255677,130.85271579545744,121.96629936828108,107.87939312418759,125.60478330649315,140.8488686622764,131.50400594128268,132.2188134399274,122.42543475001337,135.87082986469073,125.7941441595746,119.9893347463859
1610555617.52Ijr5puT55g9apK8auM7zaxa3NANg502t,104.32971988622518,116.37816940039937,101.6122148746373,131.18222967060828,101.60182618214253,111.60497180207507,0.0,103.42937642168101,115.46696920610916,124.3947944266729,131.30124772531656,127.38667777456506,125.84177192548755,102.82358215487425,124.05161413766662,128.47042664600355,134.19401986614645,120.71603210363483,106.72745912861463,125.34789731423433,125.67337879907795,121.58732568702995,106.70682600423437,108.354737932641,105.95916687812291,117.80807111005738,103.49733045879238,118.102146593115,134.7709342496201,101.22797573642715,124.51282264641853,102.95787885026986,125.71478722668124,121.52320629933304,137.15652201059785,121.13933471312221,122.33578560043159,122.41960387488973,113.57533631388752,133.04323398266393,129.27226912904698,118.95752194257312,123.52796111034714,125.4983754160932,124.65241846278532,127.93449840555881,126.73855900453172,113.51216015478809,118.04426594054557,123.64059789823078,125.97500133245802,113.08995438820308,120.78591984146998,125.83250702100977,130.0766979951945,112.8914119349628,114.41674941931471,127.67253305323126,121.43199582273945,103.66292105647774,121.99369791927873,134.37851288686332,124.39315288957746,126.53575806978758,115.91841357551057,128.29486792582946,123.07044554869398,117.40473635363159
1610555638.77ZLjTLkz4jYJdFMI2wWBztzsDILkoOtAk,77.60244491027335,127.97375777008583,82.12060687733856,134.67866451627822,96.8094958637687,112.30654946658733,103.42937642168101,0.0,103.09376925411311,128.18648371801356,138.13300576195874,129.34878901515467,130.19841246624094,93.66583471044453,136.10066690089735,130.52112346047585,142.13925996824247,129.83738862070356,105.62135410096654,123.45469210774286,129.62878943138324,130.29262322309492,104.89925501526947,66.62862644484723,113.85179287263477,118.35127928220759,101.34235802593135,122.90793897731855,141.4106937234181,109.12036403168241,125.53802089332187,100.63767253974348,128.95385122652237,125.55184048731293,141.91825622937785,126.38868601823542,127.44032047471455,125.37982350424087,122.68581265788852,140.5059823769562,133.69592208577055,129.17220734633798,129.41529475153305,131.02097976764216,132.929534465057,137.8725034368741,129.74128073437447,110.34191834926443,121.49400310997189,128.27407850581662,126.55385320834195,112.73652485136017,127.61243527176394,133.6063703478839,134.0215393229287,115.2212415182389,120.5549326845485,128.6463462821029,120.73008727250274,110.15468187926349,131.4223884452128,144.26485339647377,127.27466936856668,137.44345470508884,119.6306361799146,137.63086778899455,128.7687513135743,126.44001597946281
1610556912.46C7tJPLF0XfNnm8f1820X9aLmXMHoc0Dw,96.42394993367898,137.26055065286687,105.09923929570746,144.05901779375185,102.0678047264613,119.61486754047202,115.46696920610916,103.09376925411311,0.0,137.58981997594515,144.03316709503488,140.80365590540742,140.33354117969705,113.33475017292513,142.6445475646628,140.94644556789183,146.72574986010503,137.17862827287698,112.95053564827805,134.66296875353476,138.23443783556888,138.26836666062928,113.94843216040711,107.22292539914638,122.7357639110733,124.9498449599603,111.19411276264721,133.35244999212617,148.7993950474652,119.45421600218566,135.4997478523112,109.53970010216963,139.32989599113742,135.4386567158578,150.33555802297542,134.72347276181364,135.90070434176303,136.03418196637844,130.98205394337273,147.5726579872484,142.99332881960285,135.4298612236802,136.81041802054244,141.3075074642462,139.98517501843594,144.11273640962838,136.97710587631056,119.16625208380549,131.60643112532873,135.79671154908317,136.82067781128873,121.12334791796447,137.48302346863755,140.56711903275527,144.0096739491415,122.13207763536721,127.63425727559786,139.54181809247774,131.16513151498506,117.91978777118442,138.15219860658186,150.1119673103509,137.99540019131507,142.51658516720653,130.35936623119372,144.12257272735044,136.26881111706604,134.0145643689777
1610555617.51LjzIROg0aeCP2GhDcAVQ0LipKJB9jmKc,126.67798072182751,123.85928811429201,128.481307613513,138.71345757349366,125.92926451112007,129.4212442538231,124.3947944266729,128.18648371801356,137.58981997594515,0.0,136.75703033073825,135.46125614370595,116.0839235504927,134.8549977759659,138.75147690339676,133.88219363555615,139.50984483264065,127.02668706707647,131.53882668768117,130.40150668480408,134.24948298091653,131.82518836675553,124.58353165517198,131.98145999680656,125.35953041926157,133.76448781512386,123.6007749638609,126.88912792167831,136.55264947351458,133.55384646019564,125.94136763525199,129.52784578087093,106.46189461308182,122.78761369596644,141.58695194916118,131.9994535429836,127.64474977458958,123.36339546461382,119.11920044673275,138.44156896216847,137.2251212220302,129.90815200425445,130.77915601676526,133.05366960858834,131.2199965933044,133.53271938902117,133.48941113874974,128.49474682843828,97.73159772785098,128.09825710847687,133.46361650824662,134.11097176843504,122.04568136121792,132.4614744474582,137.08581968481525,130.71082941844767,126.1302314302376,134.7093560031572,128.95585398043121,131.15775836620247,128.99842741735674,140.51698512011333,126.21748171488912,141.6778188917711,112.45169532463287,136.17448515613867,127.62260058559974,124.14730849397183
1610555608.17OpjjHobqRkX0UPcaXrbu7K6L3805SZri,136.7797526413414,120.91215986270385,137.4831315880006,121.83878696915352,133.60842228366516,131.55430033308414,131.30124772531656,138.13300576195874,144.03316709503488,136.75703033073825,0.0,134.6126662490835,133.68829127216102,143.24299576294905,134.22467676126126,135.39957354195252,108.59780423173542,118.18888904946283,134.8328304514185,136.1819249946413,127.0480213910937,123.26703916850133,132.14176291898812,142.26029529074717,131.46031265584304,133.44798949748582,131.22278266563754,125.35487559970882,134.20265507613925,139.42681931237743,133.54044076945382,136.7909737663331,134.18701666497233,129.18154664983092,140.74419143447187,123.75095468691659,128.13183002257253,130.8964690030823,126.08576328276433,140.01266234024118,134.2331292120206,120.86038442921057,127.1110269378691,130.54713082645992,122.90918757365739,109.4768742127402,137.34210201244613,136.14760785957822,131.80069076464093,130.46615990049224,133.44825180899286,136.40998685993347,131.23366735064647,129.837693914705,138.910687395078,134.61402615329828,123.83861326952076,135.2923048591676,132.03212302389497,132.71603602864215,124.76031087533696,135.56836063246934,132.41005017712794,138.42837762758623,125.4347181134574,128.93139803115687,131.46032242870527,121.87730524219
1610555721.82zWeNZfGUUfRJkgnAwlP8VMhPzXctnSd4,129.9847753492186,118.12440061348927,131.2231543039894,130.98222063675735,131.94218383005554,133.5918671741346,127.38667777456506,129.34878901515467,140.80365590540742,135.46125614370595,134.6126662490835,0.0,133.9489229904993,136.36592732242616,130.29342197465118,125.16351117064798,138.56518651495273,119.89305136359754,132.44449116432594,122.98961531577217,92.42248591266178,117.05783089628127,131.36988698073017,134.4871988391648,128.4702258869623,138.23848477434674,127.27692477824178,97.33020542723797,130.84910672797284,136.64980492066874,132.38840562281018,132.3107111159737,133.4522170348327,122.27361380285372,118.28525572706273,119.13653383491007,123.91063290896305,124.26323217075294,122.59633924740284,141.88069458460333,129.3756434061552,114.59215745756676,128.8875320749011,106.64552629077431,127.71074770356472,132.7984563700786,131.00989224915168,133.09324228967054,129.0271264689621,130.22264202492806,120.38431116208865,133.3477849979119,130.82435296031252,128.95935520363622,131.89915436744434,134.44017107202157,125.70623142818401,109.18259508150032,120.28477050806075,130.14129977735976,127.95977465641138,134.64775013581712,120.26169796724493,139.0238286978726,119.39644974304802,129.68150053450248,131.41923516233825,123.69471726776302
1610555735.75bom85BDF0C7W2eIseHeMxi24qR68nzMi,129.41531144179473,118.04963173501868,131.6558823126754,137.38102762564085,130.29663657490136,132.58806138797115,125.84177192548755,130.19841246624094,140.33354117969705,116.0839235504927,133.68829127216102,133.9489229904993,0.0,136.99566534745173,133.00422521931168,133.03333514189046,136.91126322427587,122.94530497919027,133.1174756249413,130.26141769908796,132.41819408044162,128.8140850218052,129.15006235062245,134.90823469747977,128.37193888280564,136.44014089034206,126.35994691056077,126.7780581272955,134.38371047088333,135.9797537039355,126.49499159908103,131.47295634483697,84.51644264959666,119.08052691510564,141.97006938977,131.00004700785607,126.86657536782522,122.39757724210574,121.25681224811399,136.90726503445472,135.14467816618213,126.14750859881067,129.71403072748853,130.85141536532998,127.74051530735659,128.60771571684825,129.65794545322316,133.40556035989806,118.38267298199408,128.0828686676514,134.12590977998465,134.95502879660233,122.59185139691947,128.17060052762594,134.893586431124,132.61191470777493,128.7792465374134,134.78325751328416,130.84392721638164,132.77025367846818,127.82910676052464,135.34033045750994,125.76470082746005,139.72816826768485,118.64354935200171,131.24506168077244,127.98832542335221,123.80670599198753
1610555735.77NnT5xqKnwcf2BbjIekeb2arTQj6QMNwk,100.06060525511627,134.15179510660528,101.7884689085102,141.46399361351988,106.86258528990757,119.275799674704,102.82358215487425,93.66583471044453,113.33475017292513,134.8549977759659,143.24299576294905,136.36592732242616,136.99566534745173,0.0,140.45567437045824,137.81282962878294,146.29239334321448,135.12715632197862,113.05130547826683,132.18515036872247,135.90769654970242,134.10915009059244,113.8767688331163,99.2779186746336,119.52991085245749,124.81246957219129,110.73160496910566,130.08669872482474,147.50095395293346,113.56138198839912,133.0564674304189,108.65249666110596,136.58816222612214,134.3368896929008,147.61190159646983,132.93018746894535,134.3417662326966,133.8437082785047,128.37677582996844,145.9639172666363,141.19567151465205,134.27941932295087,136.1672570247185,136.77377881183423,138.70134501598886,143.02863845105662,136.8763419524843,119.11077186278324,128.5386446612927,135.00465430304024,134.14504978065236,119.87205393413433,133.45716545017305,139.5354602324734,140.3694392170327,121.60095172743625,126.04239581359599,135.43010877763632,128.74040565527233,114.65767764932562,136.64814375247144,147.87684900763227,134.69977076221812,140.06863410608264,127.54222537122708,141.8056166589108,136.2808833564456,132.1067898915744
1610555638.33wjf1PhdNaoWfbRzXVn50hmFyB5bYAiLV,135.18473001112181,111.40744592591567,134.66472239055943,137.8137206051335,133.6838140819337,135.29897455773556,124.05161413766662,136.10066690089735,142.6445475646628,138.75147690339676,134.22467676126126,130.29342197465118,133.00422521931168,140.45567437045824,0.0,134.55874376927355,135.18023347572571,116.0045779892293,133.51968183254078,135.49056227134747,130.5335362974993,120.00631956374332,133.33234503532427,140.5453244163588,129.30989902024754,139.33944342866374,128.94948822753972,128.55947998167738,137.94425979520824,138.45226141359242,132.04957062645028,134.11968706716365,134.43312075202974,130.1900923963782,143.18585689218997,124.65919446710812,126.58537174537832,131.74365174917457,123.069507901685,141.60816612595033,129.49271988999294,113.12498462527725,125.72613915455658,132.04631154038455,119.94933130660942,129.7742157955073,134.63552387327323,137.18366755821972,134.3554627770707,129.8010878646411,137.73129068449228,134.66338619768024,134.45760806716356,123.09614067825478,137.04426683262687,133.94157132124948,128.5255689812022,137.6040676302528,137.433501859568,128.1240257724229,124.88070147940563,124.02233965844505,131.66899148215106,129.24263424513202,128.69301067050964,118.30161631226892,131.11895277345224,125.89624192907027
1610555606.65jCE4ig8Pu8kvAzkxnSGfWsV0nQBjCf8H,129.23951701582126,124.14267860915027,130.02101138221096,132.59020339937265,130.07948673014306,133.06350703638373,128.47042664600355,130.52112346047585,140.94644556789183,133.88219363555615,135.39957354195252,125.16351117064798,133.03333514189046,137.81282962878294,134.55874376927355,0.0,139.80797522320168,127.28784435405444,132.12007740068026,121.02945952953102,123.79967725054364,130.33151837139908,127.8557851868397,134.30525653407884,129.91112601731078,137.80885535554208,125.9640701294777,119.13089178844041,134.48716657821834,135.8128595793397,123.15867871173221,132.05333182865462,131.1349521798661,115.85345128265095,130.55484502813655,118.47890583155747,119.97231972445064,106.92342565558442,125.9893791593963,142.1256810042685,129.8530507728231,122.93547007296176,128.6709750021987,128.48065553080534,128.88489255325658,135.0500421995248,129.20288603393107,132.3797247669313,126.21593807869918,128.77017141552253,123.36106970219629,135.35179830775712,128.79952251488308,132.17163157160653,124.79895125857566,132.8749333913001,129.50019070830632,122.7349476702533,120.07511006024453,131.61439222570266,128.75810166212196,139.89159490887394,117.47244832255393,141.02551190511068,120.75078460630718,133.27427457250715,128.5993466854305,125.36457689234287
1610555608.18ONsBCVo1i7BrX0XG9stct4oiA6ejX9Oz,140.71401381354514,121.71666691640247,141.8065970883528,134.39432283496413,137.4417848594453,136.51104600718602,134.19401986614645,142.13925996824247,146.72574986010503,139.50984483264065,108.59780423173542,138.56518651495273,136.91126322427587,146.29239334321448,135.18023347572571,139.80797522320168,0.0,119.55594216274181,138.51611634349567,139.48282251626773,131.9288438926542,125.31267483259762,136.67196402226696,146.41049811583278,135.12107474256865,137.43767385834266,134.927974784923,130.8675676748704,140.41789426631237,144.35378447717937,138.2339532157058,139.64246593243234,137.3952453606871,132.8880142836615,146.92727172221407,127.83313605650382,132.89334572284133,134.3172150095647,129.0177509669145,144.76754283352903,139.26902131664036,122.90698652183883,132.65140302261852,136.22544284263446,124.7288493158512,115.93443401293804,140.86605977472738,140.07091972842642,133.66266868306752,133.92049960509866,139.9860337650248,141.5993931008537,134.50049873400374,131.50671997383137,142.33038446617223,137.5271237016864,128.36999960380652,140.88891920034118,137.5729605206823,136.16045479325783,126.41927614939449,134.56444832345807,135.23924268521858,135.36433715141249,128.46587142327806,127.44779996430084,135.4129811779904,125.04905664795344
1610555721.51RNoQUMP19FTMS79BmA3JkgSm2IC2AQuQ,128.66477462459682,89.83480498527199,130.68504307224453,125.48610901253538,126.4313944813266,126.75807893669729,120.71603210363483,129.83738862070356,137.17862827287698,127.02668706707647,118.18888904946283,119.89305136359754,122.94530497919027,135.12715632197862,116.0045779892293,127.28784435405444,119.55594216274181,0.0,127.18068173414001,127.59503032215478,119.74382666947511,105.46720540700811,124.58523422650232,134.92227547285933,121.24429604598677,131.0260036754388,123.26791850791497,112.73044401271015,130.55801272007673,131.2749639282184,125.63111338623578,128.71565686991883,124.04956291626817,118.15622256540459,135.72630436901733,115.33466129227637,123.2094178222691,119.58107352753902,110.38379773436043,135.52465674108365,125.97359544970989,103.72342474377352,122.66085334352648,119.20502886144021,105.97489075575174,102.02609614247815,125.87967396392972,131.21264630327963,120.599089386173,121.72313767686174,126.02055775384858,130.5709886466252,121.71523222212372,111.94122442553936,132.5702700303264,126.22153810197797,117.36162527362892,126.98628822375504,123.25998958463043,123.13438374987452,109.7003009570369,117.59912818877335,121.72484938579629,120.80232923049596,116.4454661029224,109.5001586314158,123.70833648424521,106.28452350866874
1610555971.86O0cHB2ibBJ8jxoObg01EpGe8VVV5mpwn,102.92886176500441,125.19311283039428,105.16027127306182,134.07568813940665,101.50130861771899,99.07235805677584,106.72745912861463,105.62135410096654,112.95053564827805,131.53882668768117,134.8328304514185,132.44449116432594,133.1174756249413,113.05130547826683,133.51968183254078,132.12007740068026,138.51611634349567,127.18068173414001,0.0,127.09508044817596,130.86262289928402,127.67794170943228,105.65336567582733,108.8392312794459,110.36658484625016,108.3278608815358,104.73398260179108,123.31083860606624,139.3886525260727,107.7997397927555,127.34794151904723,101.51775111376672,132.38652656660994,126.29429802097603,142.63370542572576,125.78641763555628,126.9958945385582,127.54617256444683,119.2938530519983,137.47234889646242,134.33297370937882,126.63116512201941,128.39230887529166,130.5854665190776,129.01603788747576,133.73828247119692,127.9770088344382,112.16507348846456,124.40367743490776,125.72772313879408,129.03003668517113,110.43541919937742,127.2952206211,130.76951898419748,134.59030200678927,111.66500593045832,117.07194585865396,131.19623731001454,123.19688092208814,103.14486800310878,127.83981402778052,141.53202758641547,130.58693770562354,132.5613817901959,121.81130966775339,134.842497648899,126.30203886653011,122.777274329545
1610556911.51zU3duZSGpcw1BDNsBLxdOCITAXwl6z3i,121.23877082766144,125.80062094250582,123.42485935620006,131.69616827631867,122.96633138516061,127.12827439899958,125.34789731423433,123.45469210774286,134.66296875353476,130.40150668480408,136.1819249946413,122.98961531577217,130.26141769908796,132.18515036872247,135.49056227134747,121.02945952953102,139.48282251626773,127.59503032215478,127.09508044817596,0.0,120.76011048361927,130.88705815871103,123.02836753147963,126.69723879004285,126.17854750149094,132.23428134486224,119.03869794256225,117.70058678001102,136.13545554829022,131.656335212037,122.85290629054198,126.39152026893154,127.36367247962527,116.47984442803052,132.96102050233858,120.74471608873324,119.74285088076009,119.26784060086047,125.54518281243902,144.6383468683487,129.38945871894487,124.75140712352479,129.11261298296273,125.44106365673915,128.39594205065382,135.65703918312727,128.11035068615567,127.14136519417185,125.3720260927949,127.41747585020107,120.84650392131691,129.43211192832587,129.43352324743452,131.71005982576196,127.25177895626477,130.4254326906309,125.07337031449912,116.05628807216033,116.54700797416497,127.91735261794334,130.21226081829542,142.44004080743983,119.52417792499533,141.4720517999105,117.26623055545755,136.891726561907,126.45094928127409,125.55920897472713
1610555988.71dMoYT8250UHHJGxgmITTmbHe7V6gH1yU,129.03146010910746,120.6300154683567,130.0728564238682,127.72242164003195,129.7074454789016,130.31437388807228,125.67337879907795,129.62878943138324,138.23443783556888,134.24948298091653,127.0480213910937,92.42248591266178,132.41819408044162,135.90769654970242,130.5335362974993,123.79967725054364,131.9288438926542,119.74382666947511,130.86262289928402,120.76011048361927,0.0,117.49007986384699,128.3293398293417,134.32737868321294,127.12214396022584,134.19480709806183,125.80868955554722,101.554351029519,130.14764868302848,135.342732616658,130.87886717271414,130.48264820707217,132.09571315545776,120.55804839603272,126.3612527481146,113.46316057384993,119.65981002720247,122.52981343727218,123.78867847379858,138.88872848865518,127.9069742044813,111.57594718691557,125.90318213856081,110.59231242819557,123.78101834508576,124.18284307269455,129.1740372203519,132.51958618949013,127.37725018296078,128.03320057950322,118.31756453645386,131.35995709822333,128.16092973396064,127.15527569883122,130.05474903532854,130.7091919097809,122.92066423388675,113.89067741286651,117.36477036225874,126.43513252138722,124.368495334499,131.60286569591378,122.30132229409769,138.22416716955254,118.38893374085504,127.88420646192583,129.23767754001076,118.99607967304185
1610556042.81mlUZsSp7gbGjrp8jQSnybT1gPy6e62o1,130.28664762756605,107.1312978850965,131.52547136396143,128.73671622466807,128.48883136476195,128.812784459844,121.58732568702995,130.29262322309492,138.26836666062928,131.82518836675553,123.26703916850133,117.05783089628127,128.8140850218052,134.10915009059244,120.00631956374332,130.33151837139908,125.31267483259762,105.46720540700811,127.67794170943228,130.88705815871103,117.49007986384699,0.0,127.0008686861736,135.4342811461359,122.81117355703138,132.8996694728265,126.13505242981915,112.06322810245689,131.01663134621978,132.09869986761,130.97520775037293,128.4932710494438,130.0520911144931,120.98547711182364,137.183803073984,118.27474571155724,125.22149191666418,123.79600966356435,114.7555023851654,135.04122454232018,129.10567938322714,105.85268058756714,125.2471913969183,120.10336436343583,115.86928469623047,116.97850388092425,131.49227088302598,131.84499469593626,124.6354831580213,123.9916895764537,127.87935099970349,132.3121047910017,124.54913140117483,116.11404534552597,135.71064626371168,128.37061489760208,120.38657965921178,127.58368472025373,126.34138708617476,122.73987822579446,114.42879782492734,117.95544056038248,125.25509464773275,123.92399685545604,118.25612065897079,110.16757053270346,125.64130985426414,111.79952825383957
1610555637.02UBW5nKvDyUrKnaWcYRGajZPxTRDS0q3N,101.41902926206089,122.70604553301496,104.76668767331105,132.58832640276808,94.41375710996927,108.06388322929276,106.70682600423437,104.89925501526947,113.94843216040711,124.58353165517198,132.14176291898812,131.36988698073017,129.15006235062245,113.8767688331163,133.33234503532427,127.8557851868397,136.67196402226696,124.58523422650232,105.65336567582733,123.02836753147963,128.3293398293417,127.0008686861736,0.0,108.15985294159337,105.94446773616014,115.27220810432846,95.52023953452019,122.01596064800675,136.06270750975145,106.08168498558439,120.31041444511382,100.3713372730915,127.11515432246684,121.80730748632634,140.30314110475953,123.79376364520142,123.7384084726086,120.30149923755867,115.78291120960692,137.03848841259,131.02027541510535,126.43131338606275,125.29564967996484,129.7842807729967,126.17226631590277,130.89425912736888,124.77535917050415,109.77810924299037,118.28147560466215,123.31617332836372,127.666715103895,109.67301804530435,125.567570705033,129.32037424010886,131.25365561642877,98.04653065603362,114.22111222517898,128.27765390537806,121.78450059386117,103.3731340886049,126.56773575452726,141.29630820956407,125.421188826033,133.0280414077426,117.3112167618111,134.8382787933,125.29559168416293,120.9471440698784
1610555619.13oUYNikU4facCTpUSiSLr0vPI0tJLnXiT,80.98767537606717,133.19638476946088,82.6654523280852,138.45602703055107,100.37160049704985,116.05949632629084,108.354737932641,66.62862644484723,107.22292539914638,131.98145999680656,142.26029529074717,134.4871988391648,134.90823469747977,99.2779186746336,140.5453244163588,134.30525653407884,146.41049811583278,134.92227547285933,108.8392312794459,126.69723879004285,134.32737868321294,135.4342811461359,108.15985294159337,0.0,118.49021158276967,121.60607485896288,105.16411326858223,127.36964061505498,146.01181112697407,111.52013510312229,128.896619008204,103.6578213028285,133.09113344293337,129.8550992151361,146.38904568471588,130.3582608860015,131.71404259142852,130.0547369546561,127.57687237076965,144.93415970802698,137.0089657257078,133.99106739649454,133.92362127710837,135.70931874016676,137.39322333119665,142.88226429646554,132.94300185335894,114.37800250144194,126.32352109605542,133.00841286770392,130.70380330487006,116.0401616168059,132.15923411066802,138.4123690022996,137.69646884875468,119.08445749795841,125.16877304447361,132.00703866577507,123.94568375988166,113.87146880316385,136.10808512254758,148.980803323574,131.95774516566115,141.05252632015254,124.84290281112598,141.56207394682113,133.51271705588707,131.4119031063425
1610555721.03nzkucfjAUh31zTbmCVvTVYqtjoxZFnBh,113.02988768034886,117.86108750464517,113.77864352114734,133.1721136771141,110.11264797128649,110.39050687781977,105.95916687812291,113.85179287263477,122.7357639110733,125.35953041926157,131.46031265584304,128.4702258869623,128.37193888280564,119.52991085245749,129.30989902024754,129.91112601731078,135.12107474256865,121.24429604598677,110.36658484625016,126.17854750149094,127.12214396022584,122.81117355703138,105.94446773616014,118.49021158276967,0.0,117.59600967601092,108.98781448283464,119.27663793630697,132.39000020210352,114.46560401970994,127.0082607991724,108.72067634324928,126.92352721535033,122.25668282748588,137.46190749145484,123.06198245758047,124.80888108024003,122.56758887156673,100.81575778883521,132.86245279101243,132.27101840509962,121.39810243817655,125.39872135818926,124.85081183193246,123.7262818405647,128.30381474945472,126.53397838410002,109.02230527385106,119.17168225910947,124.11554710611144,126.32468605350661,115.22996391359872,121.25410780891454,126.47862377652969,134.86774803856198,108.95858540046044,108.60013353601958,127.81251797507159,123.10875769532294,102.62981002460583,121.98643407845732,135.07830435837823,125.87961525297814,126.43516598291549,116.50066670674725,129.82650346879967,122.21457464110348,117.94554700577324
1610555722.67fhKURdXVzRbLIjXmjRwdJHTnE7PWb1AE,115.8755172695857,131.23061108281135,117.58510295815822,139.47685403222738,114.36381171786502,81.06796996773856,117.80807111005738,118.35127928220759,124.9498449599603,133.76448781512386,133.44798949748582,138.23848477434674,136.44014089034206,124.81246957219129,139.33944342866374,137.80885535554208,137.43767385834266,131.0260036754388,108.3278608815358,132.23428134486224,134.19480709806183,132.8996694728265,115.27220810432846,121.60607485896288,117.59600967601092,0.0,114.22572670993051,129.81478456668302,142.0456505527023,120.97262550661607,132.44406857196284,116.69285107423201,135.50651715986416,130.03369688411502,147.81395602676346,130.65430336788808,132.20193360637825,132.16578991601392,125.2367894810496,142.11808428075452,140.5664149642602,131.08641734272425,134.07563609496088,135.7713950127712,133.6478430635289,129.13487804314758,130.31790248701537,121.09622623876962,127.00445813189332,130.05075968589446,134.16331696959762,122.41491584997065,129.77597504076095,133.85386150812974,139.91484448263802,116.35584395550099,122.34520284204187,136.47241804483266,127.21286609603546,114.84140268168794,130.04304899532113,143.87272153045816,135.4574177062969,136.00655007778926,127.76335318974172,139.2541090436245,130.8400487246196,124.77428150267173
1610555638.39J2ZWBLuLTHP0jOlzB4tNHmYeijH5g5YJ,96.73193623659981,121.94603013654852,100.77720522321708,129.9073447214697,94.75344292365054,107.93243381956532,103.49733045879238,101.34235802593135,111.19411276264721,123.6007749638609,131.22278266563754,127.27692477824178,126.35994691056077,110.73160496910566,128.94948822753972,125.9640701294777,134.927974784923,123.26791850791497,104.73398260179108,119.03869794256225,125.80868955554722,126.13505242981915,95.52023953452019,105.16411326858223,108.98781448283464,114.22572670993051,0.0,119.06433770544466,135.00192955342476,109.98357861824621,115.7326752552552,101.92190900329902,124.98413867448001,120.52349120102434,135.88278268754647,121.57362540770718,119.05776221821135,121.2324424725535,117.02808692128794,134.03401900796794,128.149412025311,123.82701522223823,122.51426771661909,127.3909875297612,126.25861519007582,130.83623260011097,123.70723935786643,105.7769269125741,117.00726471300808,119.37378117412693,124.63306586431068,105.76390386833222,122.75937682709224,128.47097173092328,128.89633346009063,108.2306747267978,114.8433718244258,126.39605123422652,118.73450145010213,106.83627686849253,125.48600622867774,138.8655270661635,123.15941475466784,132.04809993760034,114.30037325278845,132.35077601366038,118.23599381141747,120.90179792666618
1610556032.17Q6yCDx9g7alRnL9jBFXD2JhhUyB2hKfJ,122.76900437589477,112.3429297073596,124.01278028145927,121.01435073446412,123.42232110478189,123.97208455593105,118.102146593115,122.90793897731855,133.35244999212617,126.88912792167831,125.35487559970882,97.33020542723797,126.7780581272955,130.08669872482474,128.55947998167738,119.13089178844041,130.8675676748704,112.73044401271015,123.31083860606624,117.70058678001102,101.554351029519,112.06322810245689,122.01596064800675,127.36964061505498,119.27663793630697,129.81478456668302,119.06433770544466,0.0,123.75797583508663,127.57116632330305,126.31189491980874,123.8994317948254,126.2935900007348,110.7997019931493,119.14432711041859,108.99687586626416,116.66118288714455,113.87809981493857,114.81391727169155,132.4174993501532,122.49089247886721,105.80467604683841,119.36608999780168,100.29713803817498,120.20186444859384,123.00749455016414,123.24153937250483,124.07077817061692,120.46292272981013,121.26571530476637,104.91592993297297,125.13401717207125,117.98667854914414,120.26916981362899,126.14977849416404,125.98028069598817,116.58130512292655,106.78364222894821,103.65314563789983,120.35328751283143,116.34655347705164,129.41773286804272,115.83913067082314,130.22661284509093,110.16150514128628,122.84246070081865,122.90875646722841,109.64976337105294
