,1610555604.25mOvVXuL01OCiReyVWBfesjuvXmB3MoPy,1610555605.43B6oDsBtWRQ29Q9UMQuTUEPZy3FSSWXzc,1610555610.92HPGJJSmyPM40z7otPBgHalNrHFA7zk5d,1610555606.68LaSQbm9EHAFycEfFtEqAwYqlBsQPjIRW,1610555617.19EKxMEwDHfXiEJZc27TsGoERaD6Da4BZU,1610555722.52PJ3FD50MGhRXyUD28vluU8Z9UjLJLZn4,1610555617.52Ijr5puT55g9apK8auM7zaxa3NANg502t,1610555638.77ZLjTLkz4jYJdFMI2wWBztzsDILkoOtAk,1610556912.46C7tJPLF0XfNnm8f1820X9aLmXMHoc0Dw,1610555617.51LjzIROg0aeCP2GhDcAVQ0LipKJB9jmKc,1610555608.17OpjjHobqRkX0UPcaXrbu7K6L3805SZri,1610555721.82zWeNZfGUUfRJkgnAwlP8VMhPzXctnSd4,1610555735.75bom85BDF0C7W2eIseHeMxi24qR68nzMi,1610555735.77NnT5xqKnwcf2BbjIekeb2arTQj6QMNwk,1610555638.33wjf1PhdNaoWfbRzXVn50hmFyB5bYAiLV,1610555606.65jCE4ig8Pu8kvAzkxnSGfWsV0nQBjCf8H,1610555608.18ONsBCVo1i7BrX0XG9stct4oiA6ejX9Oz,1610555721.51RNoQUMP19FTMS79BmA3JkgSm2IC2AQuQ,1610555971.86O0cHB2ibBJ8jxoObg01EpGe8VVV5mpwn,1610556911.51zU3duZSGpcw1BDNsBLxdOCITAXwl6z3i,1610555988.71dMoYT8250UHHJGxgmITTmbHe7V6gH1yU,1610556042.81mlUZsSp7gbGjrp8jQSnybT1gPy6e62o1,1610555637.02UBW5nKvDyUrKnaWcYRGajZPxTRDS0q3N,1610555619.13oUYNikU4facCTpUSiSLr0vPI0tJLnXiT,1610555721.03nzkucfjAUh31zTbmCVvTVYqtjoxZFnBh,1610555722.67fhKURdXVzRbLIjXmjRwdJHTnE7PWb1AE,1610555638.39J2ZWBLuLTHP0jOlzB4tNHmYeijH5g5YJ,1610556032.17Q6yCDx9g7alRnL9jBFXD2JhhUyB2hKfJ,1610557007.49MyVgDnuUuBxrvL6SGOdhKf69VYlW1MSm,1610555638.44hjT5hbYdKoE3MB6hijrjqbjmLgvCUYKD,1610555608.13zUvmFSCRt6SsLbhqFznMEvGx54GPGQzM,1610556038.62a5C4ynd1AARyAhTv8a58NCqHvXRjscqH,1610555644.45Xse8u7pusHNsd7F3d0A32HXvXr6weOJE,1610556038.62gKXOCG7XCn55eJvyl5voNjbwOW0znQDq,1610555987.13v0oleKK97pkesp6oMgprH8SoSdoDVdIO,1610556964.96ZLLeiQW0qpmxhPGTg7K03fmzkqsC2bjC,1610555987.13VQlEedQ50VvkPMEMzZDv3KNnQCewykN9,1610555982.186TY6MMGkDecIN1woW6vsfAMXVV7jnyjO,1610555982.673LuMndkwkvdmZOn0MmE2Pkidx0FtNalb,1610555733.38zItcuH7gHNfKdALR2d9Nek6bxCyw36Vm,1610556034.15BQxSbZINGCay0yp6RBVlgcPrw76Yn9ON,1610555639.37BPZpgtGml8qUsh9AdV4m32jPLfI2aNFq,1610556965.57S0adAalhWYe6K3bkZU0bRHbqnDK8gGkR,1610555983.54zteLPCMjyrjzPdhHhlZr3faCgD0TfYr3,1610555987.79rHnNRmt9a0ufmnwCvZqBouyUoZDNpylW,1610556960.041xWER61rmArlsKfiMl4frikWmUCnQ7op,1610556035.13a7NHZDutfTMJ88qle1gTYY59Dr4WmMsj,1610556890.456ZBDaY16bMtrTZTqAgHl3wq1tRxzqDow,1610555760.24e6890pkbyZ97Or6croI1rQgjkSsR0yVt,1610556043.02YpWMIJg3W004iqlPyv8OcVAZdSC5rNYw,1610555987.03z05P26TLtONYM1HSzupoc2CeNMa6HTqr,1610556032.15OYCzUxpsz7b10AXBAuDXrvEcvxFhf0M7,1610556032.63Z80yI9pNwS3jSmsDABbuhf8wkNa2Ze9y,1610555736.28eGuESasTXdR3SqY6pHhEXWZtcdciYLCO,1610556034.61bebeZA0MkaFG2sm3VKiqrxeqQginTTW0,1610556944.5XwXOphKYT3ZkWA8gViqOS97VHVuMVUqb,1610556944.745UVLFBzf7fPh4UH37I6tYQOFPqRDytEh,1610556034.63XsUwaFaPZevO1JNFjfhvY4aKNFnV4noV,1610556964.89xwBHw9faT1HjQRMNQEyA4qJ3hWkwgj3k,1610556966.74DydzH91jtyvRyYau47JpVkZoMRSNTt01,1610555740.77UueVziDbaXyRR4OcVJIIZyzOfAzN51bj,1610556046.84e3vwjyRCzqz0wJQhrk8zsxlFfFSv98Df,1610556137.99eoPuVrDThKAOvmeprLPb2FWRqIhzUodc,1610555740.73XFwSrmTXJPlaxGZSefh0jOVA8PI3III1,1610556123.88AOfNaz9jSnqU5Czc7okOv1RCrYfKFBTo,1610556046.85nB7NvyoYQeLcOV391Lmmut1wAM8CFGLw,1610556123.89H4pdIAzDthI7bMXMhlIhKUYIQIvtmPPQ,1610555740.87GOYQUJKpkynIS2lFqppYK4b32ol7NeGh
1610555604.25mOvVXuL01OCiReyVWBfesjuvXmB3MoPy,0.0,75.71123549828121,40.36597405972521,64.94282268851879,53.48925038153591,61.035147130457084,58.12273721399726,41.62797062031961,48.92475921781734,72.59311342433253,73.74316922709424,71.97904393963108,79.2930502101001,57.22559465210736,73.45856966406755,70.66159301761019,72.29819144471028,73.82627781592673,56.119454073811106,68.41448720019173,71.42887365204272,71.77173245579041,57.598808661582375,43.14950198266741,63.86261486268659,62.159048674387535,50.82048630096837,65.66030708277607,73.22630403257902,57.662749703093475,71.6228437386429,57.916800664041915,73.31707677823876,71.326932461036,76.08138406633358,65.647399769136,67.77691531158821,68.59092763108845,72.18516283769664,75.56337039290369,68.48267935532486,70.36444610678342,67.14776902455986,72.02472382090258,72.35955368500365,77.74451099271597,69.06326923047098,58.28638652188338,70.01126750689998,67.46302536083975,66.08539504918717,60.76515925332024,74.1147887690523,72.02234361312799,71.60024584602883,63.79546528088466,65.4677608730576,72.47804389162937,62.30810006221637,59.72058298660943,71.26794106301574,80.06975879662507,67.06762844857,71.26669004896712,71.1208507746638,74.90187571043576,67.5227117471408,69.49785174045041
1610555605.43B6oDsBtWRQ29Q9UMQuTUEPZy3FSSWXzc,75.71123549828121,0.0,74.73518296724781,60.35864300058459,70.61534952223994,70.35505593740248,70.092294540465,72.96011412823813,74.51936158267303,71.04974077471367,57.101598655631605,63.60645504437778,64.72450314073285,74.05280393327283,56.676920742668905,68.2979435448696,56.49483897701179,50.073179139512156,71.88134527340559,66.73752829414023,61.444420277301134,60.16431163334447,71.37899314612649,74.39408680266448,69.98984830248554,70.497343293339,70.13114558491435,59.77885739608657,62.78147169212312,70.03481030464053,70.32429565323311,69.38929893879487,69.54239837267922,69.49219127224627,69.13881526347123,59.85178340912268,64.03635711575468,68.27949312837151,61.45404430241857,70.61367523869929,61.047861726363585,54.5791182582913,63.1221267944328,62.41108203664757,52.750087760261195,55.68454040805192,71.00560376141924,72.53819051191142,72.68639665590486,64.42638334549991,66.51295859877499,70.58978547705557,70.26845871237705,59.4169971277487,68.64707092065638,71.03512743258878,65.89539319371225,65.65294807001958,63.863346386564594,67.20237344237815,63.091428634820076,61.357418113697356,67.21400865672973,61.599366013738674,68.5704800508766,60.01478723586611,69.54820366947854,62.71145556000239
1610555610.92HPGJJSmyPM40z7otPBgHalNrHFA7zk5d,40.36597405972521,74.73518296724781,0.0,63.66499301771154,53.05388980349328,59.460006590701646,54.48383025450986,40.22227286655941,49.27487633264166,73.32521876241535,72.65870368433345,70.42222831225418,78.42842029663232,54.71431967307502,71.66223619351577,69.96668524283554,71.11482445745594,73.05263514325425,55.1080367758419,68.27396593056272,69.96924826946959,70.05848773386052,56.67308907364951,40.15382188693693,63.83642675220178,60.45882516660198,49.72882500812457,64.18525774776798,72.1955239454359,55.49968662397852,70.0145956812336,56.38713235523929,72.7229329039151,70.45762458554108,74.58133338038368,64.76159928390301,66.66700171735579,67.94004561488183,71.05637465347303,74.35696150484296,67.26547882379592,69.20373891205536,66.04515779740467,70.85607090891371,71.40975013761634,76.81687714914759,68.91352998943304,58.768121065596404,70.59164447585833,66.19748486499623,65.54551891170509,60.20141776688474,73.28867084953387,71.28316008941094,68.73195819790347,62.764296614433114,64.79884409600412,71.32165001826705,61.50098680556721,57.433642877466596,69.79299791729899,78.89230917582337,66.7176880516573,69.90479034735628,70.32989667147332,73.13421991457216,66.18704045691818,67.99882115305205
1610555606.68LaSQbm9EHAFycEfFtEqAwYqlBsQPjIRW,64.94282268851879,60.35864300058459,63.66499301771154,0.0,63.24252366826625,64.49064264533305,60.689285853306856,61.800900733977365,64.02997259829128,69.75543708243815,52.705698001817034,56.54212441583805,68.64904056957488,64.36644640647901,60.83785522138977,62.255075876679,54.8473472114075,59.880473671443,62.830545883371805,60.667351644269864,56.744551999684,57.41814476755801,66.52009382134094,63.47983473395219,65.8418924006074,64.75484895603736,61.757048693771075,53.563990367231284,58.1817732452165,62.337750912418315,67.40101099106272,62.924578843049055,68.23237960247869,64.08172475866996,59.4874344824287,54.41645086783081,53.57453577004224,62.94768245096901,61.91760733478618,64.08283535652723,54.50891091905281,53.883356132136086,54.186666646797455,58.27183639282463,58.70949393046633,61.32852331963202,70.30105590673017,64.75606320434578,68.20222790537242,59.935930840065865,60.25500965898766,62.49895434908853,69.52525218981201,62.651879796586364,59.09293780566349,68.19339256884258,59.83604502977527,58.15728449947166,56.95890024606148,62.09768829074154,61.66172969333496,66.92266102313947,58.00718881348715,62.629207622305735,62.55642646432592,62.355843118979074,59.399341428444316,60.760075034779895
1610555617.19EKxMEwDHfXiEJZc27TsGoERaD6Da4BZU,53.48925038153591,70.61534952223994,53.05388980349328,63.24252366826625,0.0,56.486335622371286,56.649034568122595,53.11648842110301,46.62692572987594,69.79038902535275,68.16951133472747,67.46601190649494,75.59509239829553,61.760579198010554,66.60848317568184,68.29657346426225,66.19821268751318,68.56676296714626,54.706422567582415,65.30812875311466,66.94566626251972,65.61680007850886,48.6373099476574,53.63104225681173,57.98940565820949,57.152671746416615,48.6496995552395,61.028736954356276,68.40329163914227,53.76071847270555,65.5677596654637,50.72505115090644,69.72231226312053,68.12502889091932,72.6069348432481,60.38192681693324,65.03809679989567,65.12148731439318,65.79586246374588,72.02302658870966,64.78065009256258,65.92584538779256,63.585487008198214,69.77116288443234,66.31224700294163,72.40674268858704,65.09958984026436,57.791645127436304,67.75546450932588,61.38353353796806,66.74248323568331,57.10063249473084,68.77539079654785,66.27068855035947,68.67649420025815,54.58065657301656,59.047731499859836,69.0921344300052,62.37900558341131,51.51663540501399,65.45897290285204,75.78586795396869,65.64052587714903,65.98721547874987,69.2039455257633,69.36855738675646,65.55754211222643,63.61208503055558
1610555722.52PJ3FD50MGhRXyUD28vluU8Z9UjLJLZn4,61.035147130457084,70.35505593740248,59.460006590701646,64.49064264533305,56.486335622371286,0.0,61.31337012185905,59.575324797227886,57.56607771326603,71.8823775002785,65.2934468264519,69.90909788648364,75.91741170524656,66.33986163074272,68.72709389304322,70.66427596361775,64.94385936497699,66.3484137735862,49.07008133268714,69.77079267678315,67.15540189443209,64.1641648045658,55.43494691310424,59.690126046424865,55.70736147448215,35.76372279423989,56.976557322032534,62.51838186294511,70.76453605550873,56.18902460628408,69.3246951711435,53.618961995262495,73.8511848642649,70.41091805026906,73.15125315849603,62.75984560778264,66.7234405763265,70.12830808083949,65.03483199735737,72.38478311241154,67.54350591354226,66.92243896846031,66.72455858518072,67.10552613664315,65.42618239333186,66.190413314292,62.52310287536228,59.28611831057126,71.47997173282965,61.42327728026201,66.22229911478074,59.375428388195544,64.9531335419183,64.19630675559706,69.84422525324257,54.75871097484216,56.89493424882501,69.55267720601825,61.92811629454159,50.04939243514924,59.96163278080925,70.16621043758751,70.85810687744178,59.946816160165625,73.3904714538544,67.47075816773098,65.48798975118326,58.67827311459579
1610555617.52Ijr5puT55g9apK8auM7zaxa3NANg502t,58.12273721399726,70.092294540465,54.48383025450986,60.689285853306856,56.649034568122595,61.31337012185905,0.0,56.74089033516753,59.31950503927973,75.16204782523313,68.54338909162543,68.13971495239255,76.41684972505466,59.12668002556995,69.32589363388988,68.66119828746342,66.20886171743898,68.42840413208486,55.798132039479796,68.8663419765691,68.69614092382272,64.88765525902653,61.913524271085606,57.53329423053282,59.72891389474598,62.49837333614546,56.8983476896212,60.43889895443309,71.33765146816374,49.285106782158486,70.93830046719178,56.67802533558569,72.72402878709406,67.9337814525896,72.24324838267101,63.03332477136171,63.97068854422931,67.351860832392,66.29920676474327,70.38229813501061,66.41741457351233,64.43786179081523,64.09555372566227,71.07520624578969,68.54361780029616,72.48240178547587,71.47948347333163,59.231061580359665,73.0453682311926,63.52518989564473,66.9069938820611,60.49701032587532,69.59291820245745,69.4046111473384,69.26117552044879,64.18773418854322,60.34424895582756,68.06056870509194,62.55708160090569,54.76856406830709,64.26040628104784,74.80386579471511,67.66576489110587,63.72253500569968,71.52120137398813,67.54408735577577,60.566457624834996,62.247149937593406
1610555638.77ZLjTLkz4jYJdFMI2wWBztzsDILkoOtAk,41.62797062031961,72.96011412823813,40.22227286655941,61.800900733977365,53.11648842110301,59.575324797227886,56.74089033516753,0.0,48.793130161441596,71.61935817804971,70.43693309488928,68.08006602573597,76.93544716322073,49.28552511758945,69.7562006382464,68.55231967642396,69.29416846293203,71.85588134699958,55.617116320479816,66.72473446847353,68.29786629540095,68.56147088419708,57.537128792908604,31.706337768469023,63.42067825582857,60.22023943593816,50.299932529838344,63.47854910233448,70.84878539367986,57.29491398111637,69.9451096034508,56.02584114556216,71.39255167682063,70.30579555258088,72.33651307526317,63.97086635863881,65.64479246114993,67.23372483759731,70.68270394816155,73.61516978517507,65.97925513278497,67.76774128120041,64.88339988444022,69.83421874629413,69.99581977463369,75.32668932880468,67.9631648739178,58.39208825069969,69.41206451460215,64.86443831811138,64.3798971500425,60.31642989477262,72.77467891332945,70.46171052016315,68.17409398823696,62.84001461159156,63.997751005879984,70.31324601875293,60.36240942318528,58.23423313296324,69.12734515401871,77.61276872514637,65.58765618544808,69.2383093268373,69.25944380849023,72.31336109614537,65.40173675039271,68.06447167617075
1610556912.46C7tJPLF0XfNnm8f1820X9aLmXMHoc0Dw,48.92475921781734,74.51936158267303,49.27487633264166,64.02997259829128,46.62692572987594,57.56607771326603,59.31950503927973,48.793130161441596,0.0,73.4444661882008,72.10786597779276,70.45316372896234,78.85191844245524,57.69397086316147,69.80869300915468,71.37281382847681,71.02977203747841,73.0017768444805,53.892716732262315,69.30478761915417,68.95552367800916,69.51627885083151,56.54957898667166,49.16366045130252,62.96956040039844,57.965397049303895,51.11473371016233,64.32834683566045,71.57586451155827,58.45918330061381,70.4885013974942,55.371951791490496,73.508565524588,71.77887090301297,74.60217682481102,63.826907370685745,67.6945240718356,69.1634740386188,70.55045090465079,73.59700809310078,67.1639681785231,69.35682071721374,66.46192841893523,71.66218944772359,70.5954970772912,76.79851267514312,66.58716675836683,59.98799847809842,71.61628319092674,65.17362640976744,66.81565275045334,59.239417887144135,72.48119637891625,70.26282574368192,70.41003532778672,59.767822980018614,63.360430786374636,72.250826892064,63.19541217619385,56.22353766637501,69.36623574151515,78.4738518150629,69.18404896178696,69.29866896476828,72.59678486281439,72.78861488687484,66.70134305777859,68.29924303270239
1610555617.51LjzIROg0aeCP2GhDcAVQ0LipKJB9jmKc,72.59311342433253,71.04974077471367,73.32521876241535,69.75543708243815,69.79038902535275,71.8823775002785,75.16204782523313,71.61935817804971,73.4444661882008,0.0,72.45484150109547,71.39336454985721,63.810799957137895,76.26570581417964,72.08206423684148,71.4482295087589,71.26654929596656,68.82609908018593,75.13649780992851,63.48149754993028,67.68276827483338,72.80291337974228,69.9509566642009,72.44193720624776,65.9968554468132,72.21690729103949,70.50807571397614,69.42117015337084,69.52824103009223,73.17234932550235,69.14002104481756,72.66665652465402,51.828022111699426,71.02440172577117,72.80305001541603,68.54201438847998,66.68689457272896,68.2354159215318,61.56510550786632,72.51051396868954,68.59725473370041,69.297801333626,69.80530976733246,73.07713540869439,67.05473067206242,71.76025965278099,68.32180422211091,68.51879156394014,47.59210046962635,70.8050927849143,69.8140091511091,74.73198298833383,64.26547128745946,69.28797879259476,71.19018582555437,72.00498546088558,67.77233271541759,69.54100109833529,67.0472362386371,71.3610300593431,71.71455503263756,74.8505277945223,64.8478075351309,70.29759680760307,61.98370214213185,75.89449870310929,73.27236503648255,70.11558345169617
1610555608.17OpjjHobqRkX0UPcaXrbu7K6L3805SZri,73.74316922709424,57.101598655631605,72.65870368433345,52.705698001817034,68.16951133472747,65.2934468264519,68.54338909162543,70.43693309488928,72.10786597779276,72.45484150109547,0.0,62.40975642399343,69.39053341643942,72.48331541540558,56.99105905400247,66.83615233706466,40.5919319856622,54.5705604489843,68.87357709271762,66.63450599881526,56.76026048558479,54.718534053731894,68.13444997942361,71.97592428016868,68.76979090652478,63.532494073549465,67.55323100468308,58.664601456948134,59.623396788482985,67.37875656254877,67.4183027550871,66.90603897032534,71.95336027310107,69.96260514128355,65.79436120169063,54.94704263251318,59.86770143222317,69.2148272087215,64.6837607653675,66.85827521186089,56.355121857659064,54.129730679841344,58.174608801112186,61.03016342556354,52.836438944046066,47.49187514005487,69.78711207258388,69.97625016661469,73.07995570933305,60.02312980129897,65.85311879015339,67.32624381616945,70.09975705260665,58.848776350139396,64.60947281422891,67.2670243011088,59.868087097869015,62.705409600798056,63.239394350739055,63.8823237303066,60.890834693862885,59.79154997788012,64.84529398581827,62.23938990650959,67.67569971007215,56.272816180282675,66.35384748829904,60.389892112175865
1610555721.82zWeNZfGUUfRJkgnAwlP8VMhPzXctnSd4,71.97904393963108,63.60645504437778,70.42222831225418,56.54212441583805,67.46601190649494,69.90909788648364,68.13971495239255,68.08006602573597,70.45316372896234,71.39336454985721,62.40975642399343,0.0,71.3812946791309,69.30010431257554,62.18020354022342,65.31318613437426,61.759759272405425,64.96435761584377,70.4546705169281,62.40419805349456,47.54094088836165,59.389261987494294,71.07866901009183,69.12192479608578,69.46278986978423,69.92902355780205,68.52820492303184,51.563656938236775,60.12619962238361,67.7257073626933,70.91553142235018,67.14904096913807,70.14527128404107,67.41051468218825,54.95842685306368,57.71949441672139,60.17029606156159,66.0979607266857,64.93763675869987,69.46034205465125,59.78737894402914,57.546183069311155,62.61674322156348,58.921974933419534,63.14467865880542,68.74075087689343,71.53249484244931,69.5713887875109,70.28498376556173,64.76873036522522,60.589717945189506,71.24096358449414,71.87151102325646,66.75532167284825,66.16293760005433,72.13845788224998,64.89263170181495,57.272259434803345,59.451603467492575,66.18658364128164,65.1218979029256,69.7744353642463,60.7391111936832,66.77463525437079,66.62623096197476,64.85266818631705,68.48461282486143,65.39098639199098
1610555735.75bom85BDF0C7W2eIseHeMxi24qR68nzMi,79.2930502101001,64.72450314073285,78.42842029663232,68.64904056957488,75.59509239829553,75.91741170524656,76.41684972505466,76.93544716322073,78.85191844245524,63.810799957137895,69.39053341643942,71.3812946791309,0.0,78.93548270867063,70.10480887365226,74.88500944310535,68.32221663031825,67.30057847957244,77.57977779245014,67.38552502011159,68.85969371211682,72.07312190883903,75.91593855099634,77.86416763209691,73.88601484179036,76.31571471689091,74.70000574271246,69.53704540621396,64.51059057942139,76.47169219752621,67.82509344623298,75.40215257625779,51.168200542784234,69.21405303783479,72.6414217040575,70.9621722160048,68.03978281426174,69.75336709252373,67.29632994055193,67.95605382539583,68.19998404401743,69.01793217185885,69.37360115819702,70.54238801988235,68.19834870208753,71.23665650941533,71.80586983851187,75.4120243852695,70.99212411480629,71.76273449385147,71.37623588119631,72.88921572496338,73.19131822171656,70.42225570810973,70.53408124133331,76.2908673134887,72.50283387825144,69.08286894058766,69.88911600527115,74.15665641957133,72.56432936150989,73.18467954535639,68.95304878565607,71.42056889121481,67.46210206561179,71.87288263219669,74.04821728691483,72.11321015071366
1610555735.77NnT5xqKnwcf2BbjIekeb2arTQj6QMNwk,57.22559465210736,74.05280393327283,54.71431967307502,64.36644640647901,61.760579198010554,66.33986163074272,59.12668002556995,49.28552511758945,57.69397086316147,76.26570581417964,72.48331541540558,69.30010431257554,78.93548270867063,0.0,70.95032008263551,70.70549383061038,71.41422543258157,74.60973190809277,62.913494093968545,70.27172052257797,69.95362531012475,70.28356724365683,66.03040645980096,50.514987169095534,68.50781527754124,66.37755383359051,60.145261842274564,67.03043851537791,72.7378900242081,62.696630041621546,74.67947318629422,62.79720271734752,74.08870016665456,74.40940092854433,72.9882869577968,68.00798039012378,68.66341943247967,71.26902519731424,73.92327581893902,76.03846594537997,68.7879432015754,70.03801770451263,67.79023545173597,71.58129502708367,72.25176753626472,77.58545851502754,72.9286020967478,64.97092006482049,74.25071403600401,69.10853450257837,67.177925838753,67.0282900539433,76.9644549986839,74.20484884698729,70.89838291303913,69.70827925438653,68.67572108914716,72.08041930789597,64.06107620579265,64.5896445171728,72.24857563259853,78.6827140367269,69.07283116016391,71.3861958606213,72.97192696155084,73.65610530969481,69.16218453277789,71.90298910597488
1610555638.33wjf1PhdNaoWfbRzXVn50hmFyB5bYAiLV,73.45856966406755,56.676920742668905,71.66223619351577,60.83785522138977,66.60848317568184,68.72709389304322,69.32589363388988,69.7562006382464,69.80869300915468,72.08206423684148,56.99105905400247,62.18020354022342,70.10480887365226,70.95032008263551,0.0,68.09326848125534,56.681789721109304,59.2358739326256,70.46322532318433,66.33676794564732,60.06935206810278,58.11881295401891,68.27061283018286,70.98024056825433,70.05991216690038,68.46407035459943,66.96166542445786,62.859098484546045,60.221393968256635,69.62343817987649,67.06919934051815,68.28584037062181,70.33913913165334,72.35310384391819,68.44980957447493,56.7956021232342,62.41502969853563,69.64387574941796,66.60749196396115,69.14675290036364,55.91385480410591,56.59860244736292,58.64897412433432,65.28908914542407,54.856768305315455,61.84358266220801,69.70068599996492,71.25616917446095,73.41772548622478,61.50254827607023,69.06891760603695,68.69555019259684,72.82589344802757,59.07161519212551,66.46404574639534,67.08464900748066,63.671438012267146,66.00777279652081,66.70118427147808,64.80930118482584,63.92428297945781,61.38388786348782,65.91480648582176,62.76144482103942,68.95066388971046,55.848590867932714,68.8165439195073,65.47459533580492
1610555606.65jCE4ig8Pu8kvAzkxnSGfWsV0nQBjCf8H,70.66159301761019,68.2979435448696,69.96668524283554,62.255075876679,68.29657346426225,70.66427596361775,68.66119828746342,68.55231967642396,71.37281382847681,71.4482295087589,66.83615233706466,65.31318613437426,74.88500944310535,70.70549383061038,68.09326848125534,0.0,65.96141838015474,69.68259072929892,71.75786511990329,60.99949574277248,65.11823078002124,67.72919514128915,69.643490252303,70.49742878493691,69.7398102886331,70.30213954863149,67.8572746325469,62.42417900784482,65.58275474514524,67.60225492728864,66.96634365991498,69.49063546869621,70.76398647224043,62.96225920990975,62.67660058091535,63.07626201853567,58.949748360550046,56.54917745246788,67.80672201991818,71.57233669678445,64.37964113898845,64.20749674730608,66.59487357227542,69.72844929842617,66.66525159739949,71.86997619353703,69.08961975602877,66.28597401666778,68.62716568537645,66.20862745739916,60.735693481327154,71.02872764540656,70.72724511790237,71.50937207764176,61.60550922380059,72.12961067460182,66.91399908797993,62.64367120169749,58.6334190026808,67.77705224163273,69.58408831903037,75.17903667549389,57.13422579982354,69.91430830539366,63.99626717072276,71.26422625307221,65.34253369205386,68.81764955815109
1610555608.18ONsBCVo1i7BrX0XG9stct4oiA6ejX9Oz,72.29819144471028,56.49483897701179,71.11482445745594,54.8473472114075,66.19821268751318,64.94385936497699,66.20886171743898,69.29416846293203,71.02977203747841,71.26654929596656,40.5919319856622,61.759759272405425,68.32221663031825,71.41422543258157,56.681789721109304,65.96141838015474,0.0,53.31600137953578,67.50330121054974,65.16117113834413,57.0444956790336,54.27498182905167,66.77811790132182,70.97532086259898,66.76262618416686,63.48418060653079,66.55614199486459,58.010635147585134,60.10645635813828,66.1224341094495,66.95451714542047,65.41240208262658,70.2429603177319,67.98564118391573,66.61898087365401,54.67470738953063,58.848326584845665,67.49530660397338,63.09698556189122,67.10062186254677,56.503801826768125,53.296257639461984,57.829456608405565,61.31261914553369,51.94188971154861,49.03895143919756,69.19122702073213,68.57025042678201,71.2176189256028,59.07971917163762,65.25785980968514,66.72566786108219,69.45775563336063,58.447995571532914,64.48076477299722,66.27085599228506,59.36844484802581,61.898368290032586,62.065579892639605,63.01644942211226,59.50788096061812,59.10482120451489,62.873103928914176,60.40396235091601,66.17403684317898,55.45244440486307,65.98004920601146,58.73289809216794
1610555721.51RNoQUMP19FTMS79BmA3JkgSm2IC2AQuQ,73.82627781592673,50.073179139512156,73.05263514325425,59.880473671443,68.56676296714626,66.3484137735862,68.42840413208486,71.85588134699958,73.0017768444805,68.82609908018593,54.5705604489843,64.96435761584377,67.30057847957244,74.60973190809277,59.2358739326256,69.68259072929892,53.31600137953578,0.0,70.29282933169524,65.89036237801906,57.34763188004485,57.18309615941973,66.72864712345786,73.60184233818099,66.5589859343024,66.65675532629358,68.2696018918984,58.05019273083302,64.54312236409986,68.60449883877783,69.41388053094224,68.96289199002423,69.77489562489957,67.90159709683029,71.35785351898014,55.26762016221161,62.427659478922244,68.0474572368397,61.97443170579055,70.54102346251236,59.556356402628715,52.039527011832156,61.044618359764186,61.78364695687557,47.43735787474314,48.37103683734309,66.88932998278128,71.30984937415266,69.13613992725804,59.87316368128336,66.30217725146538,69.17894489292544,68.03469140895727,53.17741035800294,68.4685025987079,65.78055888089858,63.419395710696335,62.798543336755806,62.172607288822235,65.44177955924309,58.085035155138215,58.09221814947979,66.7575369326887,58.613258293998285,67.35709217766615,58.92809300592704,69.09523530495144,55.973855946555396
1610555971.86O0cHB2ibBJ8jxoObg01EpGe8VVV5mpwn,56.119454073811106,71.88134527340559,55.1080367758419,62.830545883371805,54.706422567582415,49.07008133268714,55.798132039479796,55.617116320479816,53.892716732262315,75.13649780992851,68.87357709271762,70.4546705169281,77.57977779245014,62.913494093968545,70.46322532318433,71.75786511990329,67.50330121054974,70.29282933169524,0.0,70.33412703637991,70.91833963974312,66.32879990658782,58.40316099289424,55.77474730685744,56.2265957935829,52.7673742766616,54.95218749751308,63.2667444816892,72.74089124229253,53.19902875891966,70.87750519598433,52.19604351361158,74.5073515935389,71.06238535702829,74.19549209127585,65.72863251806531,64.95598080261205,70.60610377405881,66.89145560918776,70.15285669724452,66.6538727931536,68.31598620585528,64.99491412706574,68.2801109351113,69.41610030481755,73.55197063021092,66.96711319422045,57.25432055417362,74.46454127945941,65.21603024149499,66.87897098750177,55.913427438203044,68.10357647999696,70.21703722775345,69.81433687218671,59.52183626724357,56.99853763697749,71.6238761702797,62.75103059014858,49.5280342652259,64.65273352708589,75.12079497961231,70.93072012601054,64.85516891906094,74.50974381133493,68.49788371223798,62.69740814607368,62.70039474991936
1610556911.51zU3duZSGpcw1BDNsBLxdOCITAXwl6z3i,68.41448720019173,66.73752829414023,68.27396593056272,60.667351644269864,65.30812875311466,69.77079267678315,68.8663419765691,66.72473446847353,69.30478761915417,63.48149754993028,66.63450599881526,62.40419805349456,67.38552502011159,70.27172052257797,66.33676794564732,60.99949574277248,65.16117113834413,65.89036237801906,70.33412703637991,0.0,60.292157984516685,66.93676839472408,67.94637004405581,68.36629860530726,67.9088480648648,70.4676810546991,66.18778132275462,60.493773230727264,62.813246550557125,69.07282752865049,63.61541838428598,68.49745684940522,60.88749352246904,58.32896184026635,62.1756932492677,61.61814346947683,56.83046857604747,58.08905546279833,62.275214009404806,70.00826589806584,61.194706564116935,62.33860877362894,63.55836558347208,65.14272851697937,62.81490912518377,69.14428991903496,65.7192008068605,66.96130087271877,62.704093068824896,66.75843606716572,59.70041213490348,69.16179199673272,67.99935456385282,65.68869323559335,61.52259065341574,70.56233164787972,63.18664561522653,57.79440657419978,57.23538668672659,67.45476063570676,67.93370217527163,72.67877484681483,54.3894871687476,67.37190341183504,56.84549807448087,71.08606205721895,65.27910103739158,66.60232946373746
1610555988.71dMoYT8250UHHJGxgmITTmbHe7V6gH1yU,71.42887365204272,61.444420277301134,69.96924826946959,56.744551999684,66.94566626251972,67.15540189443209,68.69614092382272,68.29786629540095,68.95552367800916,67.68276827483338,56.76026048558479,47.54094088836165,68.85969371211682,69.95362531012475,60.06935206810278,65.11823078002124,57.0444956790336,57.34763188004485,70.91833963974312,60.292157984516685,0.0,59.61470736874113,66.1784430569498,69.52985808603353,68.33749251414554,66.45956975603356,65.93746861599205,52.17753790771658,57.76848717873442,68.32808841535645,68.50766425160629,68.04998507152847,68.25160340525665,65.68368672436338,60.882666831588,50.53029139019237,59.719694491934575,64.07178597743086,64.78717216067844,68.85680509027542,55.92441793531969,54.21797893003146,60.904330161058944,59.55644662244625,53.95716306281707,57.42885487560643,64.36660174226907,70.1367142852952,66.04817466236592,58.60721009500531,59.74125604886367,69.65769095650221,68.83456594235149,58.09399378340917,64.70218455659095,66.67275152660575,64.30878157850847,54.06752984739272,57.71729033166835,66.3989873271156,60.81059236711908,62.73341835146046,60.91736209741312,63.683334618081254,63.6830909074935,62.21610691316045,67.98701788551669,60.22634412575555
1610556042.81mlUZsSp7gbGjrp8jQSnybT1gPy6e62o1,71.77173245579041,60.16431163334447,70.05848773386052,57.41814476755801,65.61680007850886,64.1641648045658,64.88765525902653,68.56147088419708,69.51627885083151,72.80291337974228,54.718534053731894,59.389261987494294,72.07312190883903,70.28356724365683,58.11881295401891,67.72919514128915,54.27498182905167,57.18309615941973,66.32879990658782,66.93676839472408,59.61470736874113,0.0,68.2938693479353,69.32691389785593,66.0965388010246,63.593795936083936,67.2616133753373,54.35496476680336,63.42916339810983,64.21714481527314,69.55809049804694,64.79390658416521,72.17875718161946,66.74405675230538,66.74471317887904,55.7222442365362,60.730253918144534,67.2869321566844,61.80472563146788,66.52498440295325,60.253565154896805,52.19690164096866,59.35555181027268,62.4256789201721,58.08519863525636,58.24371401334869,70.75454669677343,66.97531065880779,72.49192743901706,59.05976279666627,65.84343255075406,67.67250878215349,67.75863913568966,57.640509568795146,67.54668621603943,67.64572706124305,58.96459992930794,64.77181844693281,62.20174091953564,61.24626680104657,57.44878999089258,59.201626175833304,64.92911478032141,58.57913579853284,66.91053034250832,52.54640574095661,63.06393193427212,57.09940716328075
1610555637.02UBW5nKvDyUrKnaWcYRGajZPxTRDS0q3N,57.598808661582375,71.37899314612649,56.67308907364951,66.52009382134094,48.6373099476574,55.43494691310424,61.913524271085606,57.537128792908604,56.54957898667166,69.9509566642009,68.13444997942361,71.07866901009183,75.91593855099634,66.03040645980096,68.27061283018286,69.643490252303,66.77811790132182,66.72864712345786,58.40316099289424,67.94637004405581,66.1784430569498,68.2938693479353,0.0,57.92145814477716,58.122911453749374,57.12454289533558,46.845756539086395,64.5643795547774,69.48102153141625,55.94032759539255,64.51998571638688,55.14375662589764,72.21881696146258,69.48384756839543,75.00802014910883,59.80886649954622,67.56873887222484,66.4354934237423,68.46982021915636,73.74539369657012,65.16537645046941,69.19984282960093,66.22563561177012,72.38026389901252,64.39028450674449,70.08543909530624,62.5396947021153,59.11226909268074,67.01825160807498,59.11377597531603,69.13096148678436,56.54981708964413,69.62620237198296,64.27393695588655,68.47336103180577,47.782484924427976,61.49872550193011,68.20371382328003,64.72389103923372,53.586565953231734,65.92204719681061,74.5902779153614,67.11011523592624,66.79880480182103,70.53674697165654,70.36357943794744,68.65992613110546,64.16932337094315
1610555619.13oUYNikU4facCTpUSiSLr0vPI0tJLnXiT,43.14950198266741,74.39408680266448,40.15382188693693,63.47983473395219,53.63104225681173,59.690126046424865,57.53329423053282,31.706337768469023,49.16366045130252,72.44193720624776,71.97592428016868,69.12192479608578,77.86416763209691,50.514987169095534,70.98024056825433,70.49742878493691,70.97532086259898,73.60184233818099,55.77474730685744,68.36629860530726,69.52985808603353,69.32691389785593,57.92145814477716,0.0,63.44412081859991,60.16648892814237,50.868919846319514,64.21438773483995,71.88134786769103,57.19812343236765,71.1856415635237,55.443926486123175,72.71691918082321,71.7185710908834,73.30408212362899,64.7555303638045,67.6600747233744,68.74628133754216,71.52395456667523,74.54438370222063,67.65077083860021,69.54557586178174,66.94183974115766,70.71288030062246,71.54716505052859,77.01908452303266,68.45533447383636,58.37862374634444,70.89694028077257,66.26070863282428,65.89516733889755,60.439523416774925,72.86677399297436,71.52680597661295,69.41325240802333,63.29445990148705,64.14148844973957,71.56239061746427,62.19006288276658,57.72575893096119,69.30713724370722,78.52284822249217,68.02048672834816,69.03867750095453,71.54088894759046,72.05637649734967,66.3601300138037,68.58463798014766
1610555721.03nzkucfjAUh31zTbmCVvTVYqtjoxZFnBh,63.86261486268659,69.98984830248554,63.83642675220178,65.8418924006074,57.98940565820949,55.70736147448215,59.72891389474598,63.42067825582857,62.96956040039844,65.9968554468132,68.76979090652478,69.46278986978423,73.88601484179036,68.50781527754124,70.05991216690038,69.7398102886331,66.76262618416686,66.5589859343024,56.2265957935829,67.9088480648648,68.33749251414554,66.0965388010246,58.122911453749374,63.44412081859991,0.0,57.49937489555871,60.054577811514825,62.10775157577104,71.47565653083181,56.36002312716634,69.07113993785174,55.75468032566672,67.04241906063064,68.50404515496055,71.3876536340231,62.979451269511294,64.34219796365252,68.02159525104922,55.389813519333146,66.71111498810104,68.70616424397276,67.82973378491916,66.84004110188867,68.90419491623761,65.92058989738192,70.67142042345971,64.10998352018292,53.589631329212565,66.06662153843935,63.5747532541215,67.78508291850008,60.74816663862143,58.40431936118286,66.8650790616831,70.89139359951487,58.0727056982658,51.58066279142461,67.11722901037379,63.52417097590971,50.36668208659149,61.12296027775824,72.21717732417666,67.53127193252963,60.72678846453772,69.01741074664668,67.4831683421371,62.78760736236433,59.143668092088305
1610555722.67fhKURdXVzRbLIjXmjRwdJHTnE7PWb1AE,62.159048674387535,70.497343293339,60.45882516660198,64.75484895603736,57.152671746416615,35.76372279423989,62.49837333614546,60.22023943593816,57.965397049303895,72.21690729103949,63.532494073549465,69.92902355780205,76.31571471689091,66.37755383359051,68.46407035459943,70.30213954863149,63.48418060653079,66.65675532629358,52.7673742766616,70.4676810546991,66.45956975603356,63.593795936083936,57.12454289533558,60.16648892814237,57.49937489555871,0.0,57.816408558992286,62.63030468795908,71.13892013361995,57.94930720153226,70.0205852569067,55.175040112752356,74.18606311891679,71.05606371699162,73.16938952752511,62.53551308611056,67.76989114743408,70.64690565167483,66.46177763558056,72.76006330024575,68.01744622058665,65.79052702846211,67.63585091557728,67.7693521695055,65.36967973035692,64.42348423660229,63.627626621907005,60.37716619318903,71.77878674808514,61.13112380375897,66.06976369928178,60.94368729357914,65.50828930028702,64.54288471967925,70.62023215690706,56.30738515438023,57.613219862186725,70.09841017933574,62.45442258891113,52.2750567843132,60.932765058400115,69.5906576156032,71.23711746466608,60.53911450675044,73.41908269035663,66.99828451286368,65.68794669589987,59.98116784692675
1610555638.39J2ZWBLuLTHP0jOlzB4tNHmYeijH5g5YJ,50.82048630096837,70.13114558491435,49.72882500812457,61.757048693771075,48.6496995552395,56.976557322032534,56.8983476896212,50.299932529838344,51.11473371016233,70.50807571397614,67.55323100468308,68.52820492303184,74.70000574271246,60.145261842274564,66.96166542445786,67.8572746325469,66.55614199486459,68.2696018918984,54.95218749751308,66.18778132275462,65.93746861599205,67.2616133753373,46.845756539086395,50.868919846319514,60.054577811514825,57.816408558992286,0.0,61.94597418018265,67.25201207316918,55.7906073094176,63.30670189464556,54.00737285021436,71.4062410684321,68.21564679955942,72.16039264330796,58.62137218948903,64.41851358186923,65.33836635235895,68.55862582742772,70.29389394172804,61.778217630559396,66.8632202791813,63.29655291737884,71.55375897716233,65.9678368055392,72.10467863080854,64.03951221155538,54.702357465725534,67.37947146505732,59.078640172671655,66.62536655901256,52.30111622965832,69.78624633102683,65.95394872915044,64.9096634024093,53.865717817252886,60.855815596587576,67.8949200477667,62.3267679329097,53.29740726126462,66.93373799236731,74.42606318144618,64.7967466979454,66.73576893861701,67.87607686182366,68.37622545553053,62.577092880455545,65.54139112261595
1610556032.17Q6yCDx9g7alRnL9jBFXD2JhhUyB2hKfJ,65.66030708277607,59.77885739608657,64.18525774776798,53.563990367231284,61.028736954356276,62.51838186294511,60.43889895443309,63.47854910233448,64.32834683566045,69.42117015337084,58.664601456948134,51.563656938236775,69.53704540621396,67.03043851537791,62.859098484546045,62.42417900784482,58.010635147585134,58.05019273083302,63.2667444816892,60.493773230727264,52.17753790771658,54.35496476680336,64.5643795547774,64.21438773483995,62.10775157577104,62.63030468795908,61.94597418018265,0.0,61.07597159481909,60.012145999718726,69.96072388413225,60.581535627182106,68.6468210385049,57.709037458834565,61.881691543111884,52.20916044250152,58.936697970794874,58.07001411637596,58.37891991404295,66.98824856297492,59.43702221344837,50.288726999141915,59.10331084654983,54.362142151157336,57.45365386062773,61.410650221098486,65.09411987290365,62.18531559937754,68.20351819984188,56.25475155536877,52.319761682392816,64.21493701194355,63.36495709088143,58.73089913458518,66.30864584992526,65.14679084859289,59.730579147530634,57.811013232386024,49.12022168018787,58.373220391395606,54.0127031112246,65.56788268510566,60.939987172076655,58.667324451775734,62.55853468271693,60.815698645572596,60.75152290544155,51.93982230843594
1610557007.49MyVgDnuUuBxrvL6SGOdhKf69VYlW1MSm,73.22630403257902,62.78147169212312,72.1955239454359,58.1817732452165,68.40329163914227,70.76453605550873,71.33765146816374,70.84878539367986,71.57586451155827,69.52824103009223,59.623396788482985,60.12619962238361,64.51059057942139,72.7378900242081,60.221393968256635,65.58275474514524,60.10645635813828,64.54312236409986,72.74089124229253,62.813246550557125,57.76848717873442,63.42916339810983,69.48102153141625,71.88134786769103,71.47565653083181,71.13892013361995,67.25201207316918,61.07597159481909,0.0,70.55425099423815,62.66102826524077,70.93025326513605,66.36429340470107,66.24265785590426,61.08991837371374,55.95298237543082,59.84903870700083,63.83038016752978,67.27776944540953,63.92129290535606,56.44765030561007,61.690635611807274,59.9853143239807,62.02012244415261,58.96246064362981,65.53413192891155,68.97372120342011,70.08798815948676,71.58424093238179,63.14144329262572,65.40609053114868,67.02220906128434,73.44091503578309,63.594115132472695,64.4838152212892,69.9214922324044,66.87893231893128,59.5384661158118,64.2895837840983,68.06653471996418,67.92188973412566,69.24567768484958,59.650070032701144,69.626545330408,63.66093010098174,64.37318905080056,68.4001117319984,67.14199037809149
