,square,rectangle,parallelogram,losange,isoTrapezoid,kite,rightKite,rustedHinge,hinge,trapezoid,random
square,76.77956385212006,84.61268232070843,99.52593643420403,107.75894440005473,93.6892363442527,91.57369126180163,89.50697415683445,98.7152627387734,96.07925374932356,93.74420717810824,102.02978314909944
rectangle,84.61268232070844,75.1573899671912,93.06286171403488,103.21341097391075,100.93236960032823,95.09870642180428,93.3987304455634,95.6186806311493,91.58259886006233,95.99293883797729,105.27573219952134
parallelogram,99.52593643420403,93.06286171403488,85.27186858311954,93.09264533243557,106.16655670624661,104.31228248318249,100.26277188887747,100.10725092976334,96.76260430447668,95.97664900416045,101.57977219745527
losange,107.75894440005473,103.21341097391074,93.09264533243557,84.54320607565498,109.13117766439129,109.08583453575844,104.72710369564386,103.76135315699817,102.8904030466363,96.57638400176948,98.4885726142194
isoTrapezoid,93.68923634425272,100.93236960032824,106.16655670624661,109.13117766439129,83.95960107709583,93.19109667843661,89.71306200001781,104.72548044827307,103.23658237636145,93.66320825266058,96.55039234998124
kite,91.57369126180164,95.09870642180428,104.3122824831825,109.08583453575842,93.19109667843661,83.8722929654642,87.42752304981246,101.73498233487555,100.5027238344337,98.71868570198431,103.60373362413772
rightKite,89.50697415683445,93.3987304455634,100.26277188887747,104.72710369564386,89.71306200001781,87.42752304981246,80.4708202003444,99.53804943452833,97.9621597884377,91.42429461998208,98.06031345825102
rustedHinge,98.7152627387734,95.61868063114932,100.10725092976334,103.76135315699817,104.72548044827307,101.73498233487555,99.53804943452833,85.14073098655243,87.45921565574763,101.19910399970436,102.99595586265373
hinge,96.07925374932356,91.58259886006233,96.76260430447668,102.8904030466363,103.23658237636145,100.50272383443371,97.9621597884377,87.45921565574763,83.86362569144694,99.49563233532805,101.97515989165464
trapezoid,93.74420717810824,95.99293883797729,95.97664900416045,96.57638400176948,93.66320825266058,98.71868570198431,91.42429461998206,101.19910399970436,99.49563233532804,82.00088873785005,89.61083380534187
random,102.02978314909944,105.27573219952134,101.57977219745527,98.4885726142194,96.55039234998124,103.60373362413769,98.06031345825102,102.99595586265373,101.97515989165464,89.61083380534185,82.5690229048836
