,square,rectangle,parallelogram,losange,isoTrapezoid,kite,rightKite,rustedHinge,hinge,trapezoid,random
square,56.01391915325783,62.804475421265,71.28511002795004,76.48698444289894,64.61793548365912,63.94352099286991,62.88023902783822,68.64205471593593,67.33198191880587,65.96486431208199,71.93935524597362
rectangle,62.804475421265,55.31288676541859,65.65524784926342,73.06520072102774,71.79030923696487,67.70754623143621,67.08287587056388,66.71953474811838,63.97766721832706,68.54422279862845,75.73482932782426
parallelogram,71.28511002795004,65.65524784926342,60.88991545422753,66.61991032336907,76.24019700490256,74.94351916011941,72.52879723442902,71.44435634875899,68.76119901995601,68.75834198721746,74.2719381484512
losange,76.48698444289894,73.06520072102774,66.61991032336907,61.51027452363778,78.23829395797077,79.05248537010446,76.20379639221078,74.74885758096829,73.17890064111657,69.56125895472876,71.92291489011242
isoTrapezoid,64.61793548365911,71.79030923696489,76.24019700490256,78.23829395797077,57.51962702755305,64.58281804688636,63.274741282270426,73.49388035378308,72.75231538411843,65.91821720270806,68.51242368766951
kite,63.9435209928699,67.70754623143621,74.94351916011941,79.05248537010448,64.58281804688636,58.3142597510847,61.81518785927644,72.36135119920115,71.3496086025644,70.46491772196732,74.68894775669709
rightKite,62.88023902783822,67.0828758705639,72.52879723442902,76.20379639221076,63.274741282270426,61.81518785927644,57.72454255903257,71.06070858883277,69.97966211040249,65.81548521780412,71.39757908376902
rustedHinge,68.64205471593593,66.71953474811838,71.44435634875899,74.74885758096828,73.49388035378308,72.36135119920115,71.06070858883277,58.917051730882484,60.69876384723791,71.34780860251819,73.92267751841653
hinge,67.33198191880587,63.97766721832706,68.76119901995601,73.17890064111658,72.75231538411843,71.3496086025644,69.97966211040249,60.69876384723791,58.59816922392513,69.81196960427617,73.09980952650918
trapezoid,65.964864312082,68.54422279862844,68.75834198721745,69.56125895472874,65.91821720270805,70.46491772196732,65.81548521780414,71.34780860251819,69.81196960427617,59.001917633095104,64.3829074869322
random,71.93935524597362,75.73482932782426,74.2719381484512,71.92291489011242,68.51242368766951,74.68894775669709,71.39757908376902,73.92267751841653,73.09980952650918,64.38290748693218,59.41760292950811
