,square,rectangle,parallelogram,losange,isoTrapezoid,kite,rightKite,rustedHinge,hinge,trapezoid,random
square,91.47439682963956,100.31915409353005,116.84431008241715,125.97457411167527,112.21067727912687,108.83624706902377,107.29497733576697,117.73529363950026,114.23248545823166,110.82941208279891,121.20219996360075
rectangle,100.31915409353005,89.54936348732227,109.64963582311658,120.77256181188874,119.82612796800485,112.5570088585109,111.50240896474695,114.10106243637509,108.97200634466387,113.25910370457648,124.20635136011138
parallelogram,116.84431008241715,109.64963582311661,100.42397166064708,109.00161711140622,124.69990317728944,121.94070861950267,118.46496616055822,118.12421032718743,114.18448627603249,112.93394214655555,119.65926667045925
losange,125.97457411167528,120.77256181188874,109.00161711140623,98.86896728199311,127.11554600728991,126.89100791130576,123.14337011260044,121.55409128214346,120.40388580578274,113.7097762391583,115.73665523355038
isoTrapezoid,112.21067727912687,119.82612796800485,124.69990317728947,127.11554600728994,99.68819334287048,110.4647354800616,107.07632614249833,123.45319671226997,121.82353235733366,110.65460533807295,114.24646262919634
kite,108.83624706902377,112.5570088585109,121.94070861950264,126.89100791130576,110.4647354800616,99.29583816588642,104.2060018538868,119.86686341874528,118.05943051470467,115.90427931976363,121.80915134965409
rightKite,107.29497733576697,111.50240896474695,118.46496616055822,123.14337011260041,107.07632614249835,104.2060018538868,96.42437989332613,117.9526682293422,115.80654782526251,108.51617183638324,116.54698899663425
rustedHinge,117.73529363950028,114.10106243637509,118.12421032718743,121.55409128214349,123.45319671226997,119.86686341874528,117.95266822934222,101.0878031787528,103.7958207056126,119.41024553390983,121.42700492229356
hinge,114.23248545823166,108.9720063446639,114.18448627603249,120.40388580578274,121.82353235733369,118.05943051470467,115.80654782526251,103.7958207056126,99.33878908609341,117.17730316569313,120.32882132872615
trapezoid,110.82941208279891,113.25910370457648,112.93394214655555,113.7097762391583,110.65460533807295,115.90427931976363,108.51617183638325,119.41024553390983,117.17730316569313,97.19468571128058,106.59145057222578
random,121.20219996360075,124.20635136011136,119.65926667045925,115.73665523355041,114.24646262919634,121.80915134965409,116.54698899663425,121.42700492229356,120.32882132872615,106.59145057222575,98.26376289784348
