,square,rectangle,parallelogram,losange,isoTrapezoid,kite,rightKite,rustedHinge,hinge,trapezoid,random
square,108.67955115303064,118.77859323486058,137.47478388832104,148.09924162719673,132.75025860618535,128.45333039023868,127.15653923195872,139.07311876151334,135.06193418556063,130.65297888237222,142.97564686853315
rectangle,118.77859323486058,106.24812342775553,129.57882678274214,142.56507518860536,140.8677936362682,132.62153406493653,131.60282638373005,135.04442101763607,128.95209301931436,133.35744854201846,146.34568905965742
parallelogram,137.47478388832104,129.57882678274214,118.42206086652264,128.43915822066336,144.85569772878807,141.5843521516468,138.24351090279342,138.29161536219635,134.0397971355203,132.3338536280137,140.06530211144187
losange,148.09924162719673,142.56507518860536,128.43915822066333,116.48366453817958,146.96571410509304,147.20518734319842,143.58652443490948,141.89542441353734,140.87087777214276,133.23825572086588,134.90724872756263
isoTrapezoid,132.75025860618535,140.86779363626823,144.8556977287881,146.96571410509304,115.95821264825562,128.77493886040511,125.35765548629156,143.32881722728186,141.92925099754515,128.8966724324888,132.45371304528942
kite,128.45333039023868,132.62153406493653,141.5843521516468,147.20518734319842,128.77493886040511,115.96169228463681,121.94723397769519,139.47548351411726,137.4134963974265,134.8225577738719,141.32541592489824
rightKite,127.15653923195872,131.60282638373002,138.24351090279345,143.58652443490948,125.35765548629156,121.94723397769516,113.38560939063198,137.54642039731945,135.0811429301578,127.12243854845157,136.2042318308978
rustedHinge,139.07311876151334,135.04442101763607,138.29161536219635,141.89542441353734,143.32881722728186,139.47548351411726,137.54642039731945,119.04735659813278,122.22875878102067,139.26476583165407,141.5003653913173
hinge,135.06193418556063,128.9520930193144,134.0397971355203,140.87087777214276,141.92925099754515,137.41349639742654,135.0811429301578,122.22875878102067,116.86936567294786,136.89526045429926,140.77703794969185
trapezoid,130.65297888237225,133.35744854201846,132.3338536280137,133.23825572086585,128.8966724324888,134.82255777387186,127.12243854845157,139.26476583165405,136.89526045429926,114.18418278686214,124.98883514802094
random,142.97564686853312,146.34568905965742,140.0653021114419,134.90724872756263,132.4537130452894,141.32541592489824,136.2042318308978,141.5003653913173,140.77703794969187,124.98883514802094,114.38205390855666
