,square,rectangle,parallelogram,losange,isoTrapezoid,kite,rightKite,rustedHinge,hinge,trapezoid,random
square,124.06914934284002,135.12050643360527,155.02588132155844,165.74093006975042,151.2314996229217,145.74971355020188,145.05707900105043,156.352048885542,151.94064879323366,148.65446822655775,160.8642603587471
rectangle,135.12050643360527,121.44009014483132,146.99274762833852,160.41822346438718,160.07500565742546,150.44217496463827,150.07716440854006,152.52115032814515,145.72190049582136,152.04845637132354,164.7719999916907
parallelogram,155.02588132155844,146.9927476283385,134.25398880670593,144.98029217565363,163.84714723302318,159.51746787548828,156.64225634951185,155.99514838619302,151.3152720204804,150.40356959700742,157.73833117206152
losange,165.74093006975042,160.41822346438718,144.98029217565363,131.81543188352657,165.80740254884887,165.20017009850437,161.94433872253464,159.94416650306593,158.64791965804864,150.95227995002656,152.3092731686833
isoTrapezoid,151.2314996229217,160.0750056574255,163.84714723302318,165.80740254884887,133.5363122046494,147.02436161432914,143.8707721455587,162.12522237846585,160.58473686061404,147.4553491635582,150.7107401245121
kite,145.74971355020188,150.44217496463827,159.51746787548825,165.20017009850437,147.02436161432914,132.2270031813213,139.29198066598457,156.78393923607874,154.41763711778518,153.0350974191296,159.18171939329778
rightKite,145.05707900105043,150.07716440854006,156.64225634951185,161.94433872253464,143.8707721455587,139.29198066598457,130.04713499979684,155.2692841024241,152.47101978349028,145.31214427580818,154.4005751359978
rustedHinge,156.352048885542,152.52115032814513,155.99514838619302,159.94416650306593,162.12522237846582,156.78393923607874,155.2692841024241,135.14330263221763,138.34380494169315,157.51132601765136,159.51635727776892
hinge,151.9406487932337,145.7219004958214,151.3152720204804,158.6479196580487,160.58473686061404,154.41763711778518,152.47101978349028,138.34380494169315,131.97811930480432,154.8861553680046,158.69886471791324
trapezoid,148.65446822655775,152.04845637132354,150.40356959700742,150.95227995002656,147.4553491635582,153.0350974191296,145.31214427580815,157.51132601765136,154.8861553680046,131.08365707853528,142.35953315553058
random,160.8642603587471,164.77199999169068,157.73833117206152,152.3092731686833,150.7107401245121,159.18171939329778,154.40057513599783,159.51635727776892,158.69886471791324,142.35953315553058,130.2191166929495
