,square,rectangle,parallelogram,losange,isoTrapezoid,kite,rightKite,rustedHinge,hinge,trapezoid,random
square,90.69258067047382,98.55766067440933,102.59742785905979,106.82588853892304,96.91481424359962,95.40278458616834,94.73214090080594,100.518307551884,99.55641395962466,97.61427889947099,102.43035122698011
rectangle,98.55766067440933,89.00270559124303,96.52523596710215,101.79814602930561,105.13552703268822,100.10037856589105,99.95750611099413,96.77465730228424,94.27809396196301,100.70917738133801,105.76213204924018
parallelogram,102.59742785905979,96.52523596710215,91.94732234303929,98.40219154410106,106.50139240347461,104.24897186180948,102.68684779871043,100.52982083486643,98.11378427946768,100.87238673530284,105.30553530849586
losange,106.82588853892307,101.79814602930558,98.40219154410106,92.73520343499268,107.86645151073408,107.42904457538815,106.46197087051769,102.36853320345865,101.1844432280358,101.74824195840732,102.47630042618903
isoTrapezoid,96.91481424359964,105.13552703268822,106.50139240347461,107.86645151073408,90.76568559413182,97.34699491669281,97.10696767827419,105.79718451663119,105.40332248546825,98.51264575622717,101.44132795510598
kite,95.40278458616834,100.10037856589105,104.24897186180951,107.42904457538815,97.34699491669281,90.74567946920361,94.77636476757748,103.45704050706806,102.67022315753151,100.72232709110222,104.5258351210634
rightKite,94.73214090080594,99.95750611099413,102.68684779871043,106.46197087051769,97.10696767827419,94.77636476757748,91.27962109320059,102.80070521663703,101.84864202645761,97.91491944659968,103.67834150612148
rustedHinge,100.51830755188399,96.77465730228424,100.52982083486641,102.36853320345865,105.79718451663122,103.45704050706806,102.80070521663703,91.67907955292954,93.01827398070174,102.21935611001607,104.29170362487845
hinge,99.55641395962466,94.27809396196301,98.11378427946768,101.18444322803582,105.40332248546825,102.67022315753154,101.84864202645761,93.01827398070174,90.48378621011031,101.00675588676594,103.97229659952728
trapezoid,97.61427889947099,100.70917738133801,100.87238673530283,101.74824195840732,98.51264575622717,100.72232709110222,97.91491944659968,102.21935611001608,101.00675588676594,91.67533778396677,98.1065416001926
random,102.43035122698011,105.76213204924015,105.30553530849589,102.47630042618903,101.44132795510598,104.5258351210634,103.67834150612148,104.29170362487845,103.97229659952728,98.1065416001926,92.06130977426574
