,square,rectangle,parallelogram,losange,isoTrapezoid,kite,rightKite,rustedHinge,hinge,trapezoid,random
square,51.90974658211719,58.443966340514784,63.71924701969818,67.30590570466127,57.433441938723035,56.84329665766254,55.802435064712334,60.75537222025941,60.03011184258735,58.729262277900474,63.40096629001869
rectangle,58.44396634051477,51.30190629334732,58.25286606190459,63.592031611420154,64.75086628302215,60.71533905865816,60.277627597167935,58.79208518190288,56.65539379669072,61.250356711520226,66.99197302761759
parallelogram,63.719247019698194,58.252866061904584,54.349615803222385,59.11315730952894,67.64101138391035,66.00737789811234,64.1907286909612,62.20677917502088,60.078276428028495,61.359273930989325,66.02194828041209
losange,67.30590570466127,63.592031611420154,59.11315730952894,54.874253699942024,68.88601722725132,68.98568319798903,67.13476314527728,64.29825581290366,63.21568981110293,61.90166504199515,63.38677691848774
isoTrapezoid,57.433441938723035,64.75086628302215,67.64101138391035,68.8860172272513,52.59373990999201,58.45681964067622,57.49020047256322,65.49681029419214,65.36214830619623,59.54047018321855,62.08698554556765
kite,56.843296657662535,60.71533905865816,66.00737789811234,68.98568319798903,58.45681964067624,53.20101241512338,56.08503051554933,64.43608033437171,63.946603152239426,62.66103609920742,66.53152249094661
rightKite,55.802435064712334,60.277627597167935,64.1907286909612,67.13476314527728,57.49020047256322,56.08503051554933,52.892209732778014,63.418966044677134,62.84960802179398,59.13126682959872,64.38116153254796
rustedHinge,60.75537222025941,58.792085181902905,62.20677917502088,64.29825581290366,65.49681029419213,64.43608033437172,63.41896604467714,53.080442635506365,54.55707816448115,62.629248544532544,65.04520497002524
hinge,60.030111842587345,56.65539379669072,60.07827642802848,63.21568981110294,65.36214830619623,63.946603152239426,62.84960802179398,54.55707816448115,53.020423577982626,61.66021938673824,64.90850248653342
trapezoid,58.729262277900474,61.250356711520226,61.35927393098934,61.90166504199514,59.540470183218545,62.66103609920742,59.13126682959871,62.629248544532544,61.660219386738255,53.73102851784602,58.52137646421843
random,63.40096629001869,66.99197302761759,66.02194828041208,63.38677691848774,62.08698554556765,66.53152249094661,64.38116153254796,65.04520497002524,64.90850248653342,58.52137646421842,54.41758795294421
