,square,rectangle,parallelogram,losange,isoTrapezoid,kite,rightKite,rustedHinge,hinge,trapezoid,random
square,394.2059114889362,432.3871536999579,501.83091226903116,538.4825127346141,482.5672585398907,467.3213437689283,466.5836392496457,505.20735608005106,488.9070505682292,476.94677695132924,521.9656371716196
rectangle,432.3871536999578,388.6124557821473,474.9361151384747,521.4333765548542,513.25494791205,484.709510380677,485.5847845840301,493.12484237772804,469.1229342974407,490.53850603749817,535.1925962590077
parallelogram,501.83091226903116,474.9361151384747,435.77263858181544,472.4156496316523,528.5194343005497,515.1452263586394,509.7698814236222,505.47242244557566,488.85018255332625,489.364392217495,515.4218767390158
losange,538.482512734614,521.4333765548542,472.4156496316523,430.7537726963789,535.5301240528479,536.0818950058149,529.4187388528895,519.0004992363433,512.2739687938679,495.237151703255,498.5318639097662
isoTrapezoid,482.5672585398907,513.25494791205,528.5194343005497,535.5301240528478,422.668560107981,469.33340090896536,461.9186488444679,521.6107116217224,515.0498667374493,470.8773572098192,484.65428784946425
kite,467.32134376892833,484.709510380677,515.1452263586394,536.081895005815,469.33340090896536,425.28201127281824,450.1438806731753,508.03292138409677,496.9879587760125,491.67795036179695,514.5872314976323
rightKite,466.5836392496457,485.5847845840301,509.7698814236222,529.4187388528895,461.9186488444679,450.1438806731752,422.97300360844986,505.80101812287825,493.9720712693778,470.3235355633163,503.3740020200481
rustedHinge,505.20735608005106,493.12484237772804,505.47242244557566,519.0004992363434,521.6107116217225,508.03292138409677,505.80101812287825,436.56128810935746,445.35514386020924,511.416993993139,518.4673959682128
hinge,488.9070505682292,469.1229342974407,488.85018255332625,512.2739687938678,515.0498667374493,496.98795877601253,493.9720712693778,445.35514386020924,423.685570733457,499.86956764270025,513.9494111314555
trapezoid,476.94677695132924,490.53850603749817,489.36439221749487,495.2371517032549,470.8773572098192,491.677950361797,470.3235355633163,511.416993993139,499.8695676427002,425.035580688968,464.12333677758824
random,521.9656371716196,535.1925962590078,515.4218767390158,498.5318639097663,484.65428784946437,514.5872314976323,503.374002020048,518.4673959682127,513.9494111314555,464.1233367775883,423.4993855594438
