,square,rectangle,parallelogram,losange,isoTrapezoid,kite,rightKite,rustedHinge,hinge,trapezoid,random
square,0.15099426215743325,0.1983212438099777,0.246765607546089,0.27092749385201165,0.2181933300922319,0.20336238333227694,0.19573342522014853,0.24311531338755507,0.23191173475999766,0.21039018858902153,0.24958742086975816
rectangle,0.1983212438099777,0.163317905511317,0.22414686739430612,0.26050652539295976,0.25360264003232774,0.22660574121556168,0.22245581962126237,0.2466074590582857,0.2247506477890066,0.22776902307203764,0.26819020287032336
parallelogram,0.246765607546089,0.22414686739430612,0.1869354052779087,0.21381596325363839,0.26605447370788954,0.2468005885944737,0.24087346774329713,0.24627501302012053,0.2307804870867674,0.22080357436726983,0.2503068268960643
losange,0.2709274938520117,0.26050652539295976,0.21381596325363839,0.18433322258421533,0.27306299884423774,0.2645522240974215,0.2582749566098898,0.2538090721861024,0.24711623542433683,0.2275499998845981,0.2369877876633167
isoTrapezoid,0.2181933300922319,0.25360264003232774,0.26605447370788954,0.27306299884423774,0.17558588457723143,0.21037164483617854,0.20173995629381083,0.24993537950959746,0.2490266283997995,0.21287539191655935,0.22817256524234905
kite,0.20336238333227694,0.22660574121556168,0.2468005885944737,0.26455222409742146,0.21037164483617854,0.1701525498004502,0.18320918884625453,0.24250486085256664,0.23575999272527115,0.2198314371731502,0.24577596559525217
rightKite,0.19573342522014855,0.22245581962126237,0.24087346774329713,0.25827495660988986,0.20173995629381083,0.18320918884625453,0.16631713229396472,0.2341317107894237,0.227542685362291,0.2029701344357494,0.23435182105901953
rustedHinge,0.24311531338755504,0.24660745905828568,0.24627501302012048,0.2538090721861024,0.24993537950959746,0.24250486085256662,0.23413171078942377,0.1891997769477052,0.20022417353641192,0.23256523868196524,0.24196438481059565
hinge,0.23191173475999766,0.2247506477890066,0.2307804870867674,0.24711623542433683,0.2490266283997995,0.23575999272527118,0.227542685362291,0.20022417353641186,0.18869171789650108,0.2240410500716091,0.24135521647253752
trapezoid,0.21039018858902153,0.22776902307203764,0.22080357436726983,0.22754999988459806,0.21287539191655935,0.21983143717315018,0.2029701344357494,0.23256523868196521,0.2240410500716091,0.1705128552926969,0.20181044902039125
random,0.24958742086975816,0.26819020287032336,0.2503068268960643,0.2369877876633167,0.2281725652423491,0.24577596559525217,0.23435182105901953,0.2419643848105957,0.24135521647253752,0.2018104490203912,0.17908904495091532
