,square,rectangle,parallelogram,losange,isoTrapezoid,kite,rightKite,rustedHinge,hinge,trapezoid,random
square,0.05022628708113327,0.06086106077044445,0.06875226543828945,0.07663393072003487,0.05737875830156126,0.056092219477137405,0.05505364075582468,0.06350524601390453,0.06223571287748226,0.06000045720683176,0.06824110247263789
rectangle,0.06086106077044445,0.05237464494427275,0.05929879696237405,0.06789867386609653,0.0700537126783917,0.06400462108615915,0.06383766388690143,0.060870639719463854,0.057616774688885444,0.06545925446704587,0.07487078232696513
parallelogram,0.06875226543828944,0.05929879696237405,0.056931729606646796,0.06355539808895366,0.07555569329707937,0.0718867818446821,0.0701724732379257,0.06533873159208883,0.061848131112232585,0.06720746230750245,0.07520396191404662
losange,0.07663393072003488,0.06789867386609653,0.06355539808895368,0.059995121428896035,0.07923771714792617,0.0787457451647304,0.07714383871999957,0.06951728022641189,0.06733610543368279,0.06996938685949848,0.0721249738254953
isoTrapezoid,0.05737875830156125,0.0700537126783917,0.07555569329707937,0.07923771714792617,0.05333965055860415,0.05962735355249435,0.05886109049898194,0.0708381186895721,0.0704707098214722,0.06186060618261348,0.06640218836516273
kite,0.0560922194771374,0.06400462108615915,0.07188678184468211,0.0787457451647304,0.059627353552494336,0.05399810577041328,0.05693253822940452,0.06915858013417876,0.06804693461101718,0.06607268665344629,0.07311621819639749
rightKite,0.05505364075582468,0.06383766388690143,0.07017247323792569,0.07714383871999957,0.05886109049898195,0.05693253822940451,0.0543188790201228,0.06795215235226182,0.06671989880362114,0.061884347326209635,0.07094388086422487
rustedHinge,0.06350524601390453,0.060870639719463854,0.06533873159208883,0.06951728022641189,0.0708381186895721,0.06915858013417878,0.06795215235226182,0.05612678754044314,0.05649203580543953,0.06697138893306151,0.07150822353344971
hinge,0.062235712877482245,0.05761677468888546,0.06184813111223257,0.06733610543368279,0.0704707098214722,0.06804693461101718,0.06671989880362114,0.05649203580543953,0.054660856776713354,0.0653144696643792,0.07115798842051678
trapezoid,0.06000045720683175,0.06545925446704587,0.06720746230750245,0.06996938685949848,0.06186060618261348,0.0660726866534463,0.061884347326209635,0.06697138893306151,0.06531446966437919,0.05671494625365092,0.06369491280502683
random,0.06824110247263789,0.07487078232696513,0.07520396191404662,0.07212497382549532,0.06640218836516273,0.07311621819639749,0.07094388086422487,0.07150822353344971,0.07115798842051677,0.06369491280502683,0.05913275339466131
