,square,rectangle,parallelogram,losange,isoTrapezoid,kite,rightKite,rustedHinge,hinge,trapezoid,random
square,0.11152855108983445,0.14509547187205732,0.17652897628224026,0.22249586105063943,0.14526224831914156,0.14554620221024486,0.14147657837279504,0.15390590315485594,0.14832496276482962,0.15024608193045005,0.18378190961697605
rectangle,0.14509547187205732,0.1332936107945312,0.15350954017138424,0.1924347011805617,0.17804858535891946,0.16282867058112246,0.16516735607634006,0.15611231287696437,0.14536046697636185,0.16072332139539913,0.19097735018556486
parallelogram,0.1765289762822403,0.15350954017138424,0.12193765035687437,0.14011825939253625,0.208355048438593,0.21064978875134296,0.20529487779294228,0.15569991918134615,0.14048547013060544,0.141482244007185,0.16138312867694707
losange,0.22249586105063943,0.1924347011805617,0.14011825939253625,0.10614082231082646,0.24457476575178524,0.25825897493247296,0.2504354737029416,0.17974205770456275,0.16726237248671236,0.15179157930406462,0.1517876595512457
isoTrapezoid,0.14526224831914156,0.17804858535891946,0.208355048438593,0.24457476575178524,0.11851775456484348,0.1433404326917375,0.14569030874377625,0.17702822741390392,0.17840237413396787,0.16602176204329733,0.18931670480277424
kite,0.14554620221024486,0.1628286705811225,0.2106497887513429,0.2582589749324729,0.1433404326917375,0.10115057130374772,0.12312028315941086,0.19244126331127626,0.1935049176522836,0.1995220173236057,0.23134219181010304
rightKite,0.14147657837279504,0.1651673560763401,0.2052948777929423,0.25043547370294167,0.14569030874377628,0.12312028315941083,0.11889738322680894,0.192965902214684,0.19051762762722832,0.1840697675710606,0.22136960881188864
rustedHinge,0.15390590315485594,0.15611231287696437,0.15569991918134615,0.17974205770456275,0.17702822741390392,0.19244126331127628,0.192965902214684,0.10248783524732942,0.10796781186566144,0.1448571574060085,0.15504027556786049
hinge,0.14832496276482962,0.14536046697636185,0.14048547013060544,0.16726237248671236,0.17840237413396787,0.1935049176522836,0.19051762762722832,0.10796781186566147,0.10317370201801286,0.13473028765964748,0.14926646038653613
trapezoid,0.15024608193045005,0.1607233213953991,0.141482244007185,0.15179157930406462,0.16602176204329733,0.1995220173236057,0.18406976757106058,0.14485715740600846,0.13473028765964748,0.10911437159118802,0.1264079389595799
random,0.18378190961697602,0.19097735018556486,0.16138312867694707,0.1517876595512457,0.18931670480277424,0.23134219181010307,0.22136960881188864,0.15504027556786049,0.14926646038653613,0.1264079389595799,0.11268259788946428
