,square,rectangle,parallelogram,losange,isoTrapezoid,kite,rightKite,rustedHinge,hinge,trapezoid,random
square,0.05931768263872902,0.08306390489173361,0.10474140540470876,0.12191596722292879,0.09212329678826407,0.08759700544472789,0.08298995873326226,0.10200612270059434,0.09553905338005565,0.08789998602623801,0.11201708047838202
rectangle,0.08306390489173361,0.07098153806902963,0.09228953933973977,0.11170875614429705,0.11493748077850124,0.10188418861019138,0.10045016735613674,0.1072264470426045,0.09552108569213488,0.09874794327898109,0.12343487295510099
parallelogram,0.10474140540470876,0.09228953933973977,0.07434093211793144,0.08640978204559932,0.12308255822861527,0.11428653738246088,0.11145996530463498,0.10490873535818808,0.09471970385758416,0.09361140481944479,0.11252911578982026
losange,0.12191596722292881,0.11170875614429705,0.08640978204559932,0.07312155894770546,0.13209213156140107,0.12862985674273308,0.12571193578834494,0.10975649051699027,0.1033826937450681,0.1004962823771002,0.10907511432489475
isoTrapezoid,0.09212329678826409,0.11493748077850124,0.12308255822861527,0.13209213156140104,0.07420426610341252,0.09404304304474288,0.0882285799802462,0.10974301836011147,0.10989632111050375,0.09477630519778299,0.10439535434843264
kite,0.08759700544472789,0.10188418861019138,0.11428653738246088,0.1286298567427331,0.0940430430447429,0.07430903237334917,0.0806617478978672,0.11165512219929917,0.10864246125174899,0.10309237971910452,0.12117641106086133
rightKite,0.08298995873326225,0.10045016735613674,0.11145996530463498,0.12571193578834491,0.08822857998024622,0.0806617478978672,0.0737285548331254,0.10619628829738757,0.10335787494335817,0.09337378572196409,0.11324823755971601
rustedHinge,0.10200612270059434,0.1072264470426045,0.10490873535818808,0.10975649051699027,0.10974301836011151,0.11165512219929917,0.10619628829738757,0.07663609163199744,0.08148629335666098,0.0998377022863832,0.10747690634138962
hinge,0.09553905338005565,0.09552108569213488,0.09471970385758413,0.1033826937450681,0.10989632111050372,0.10864246125174898,0.10335787494335817,0.081486293356661,0.07664210484980782,0.09451048580830507,0.10650424875427908
trapezoid,0.08789998602623801,0.09874794327898107,0.09361140481944479,0.10049628237710019,0.09477630519778299,0.10309237971910452,0.09337378572196407,0.0998377022863832,0.09451048580830508,0.0713607978164794,0.08876154501903623
random,0.11201708047838202,0.12343487295510101,0.11252911578982028,0.10907511432489475,0.10439535434843267,0.12117641106086133,0.11324823755971598,0.10747690634138962,0.10650424875427911,0.08876154501903623,0.08206106120981185
