,square,rectangle,parallelogram,losange,isoTrapezoid,kite,rightKite,rustedHinge,hinge,trapezoid,random
square,0.0,0.006734417596176323,0.012311913228334581,0.017875340393144312,0.004312433280378336,0.003476140130732275,0.00217600937169915,0.007895514095376033,0.007430731491951059,0.005619047755672346,0.011308681511993157
rectangle,0.006734417596176323,0.0,0.004357071172600313,0.010408361922225606,0.013376316273101096,0.00858928681842186,0.007794138930280026,0.00540255064356876,0.0033899754352761935,0.008739681814517786,0.015429597769650916
parallelogram,0.012311913228334581,0.004357071172600313,0.0,0.0036677215125527907,0.016168498085597838,0.013981792855513264,0.011798121069532708,0.007482663716379512,0.005176885424463484,0.007825234867787079,0.012669553464949579
losange,0.017875340393144312,0.010408361922225606,0.0036677215125527907,0.0,0.018711307152227574,0.018446902952791278,0.016541639787849283,0.009999849638051561,0.008710534875518205,0.009293456076686302,0.00956684922347295
isoTrapezoid,0.004312433280378336,0.013376316273101096,0.016168498085597838,0.018711307152227574,0.0,0.004917253756041018,0.003843304833562433,0.012674159515927652,0.012979863306762929,0.005987485307568652,0.008883665821185605
kite,0.003476140130732275,0.00858928681842186,0.013981792855513264,0.018446902952791278,0.004917253756041018,1.1102230246251565e-16,0.002374436184158668,0.01145435380720039,0.011238698716613316,0.009710262201815034,0.014338756302284428
rightKite,0.00217600937169915,0.007794138930280026,0.011798121069532708,0.016541639787849283,0.003843304833562433,0.002374436184158668,0.0,0.010179369573078634,0.009671906951240428,0.005500810605723161,0.011821161335230257
rustedHinge,0.007895514095376033,0.00540255064356876,0.007482663716379512,0.009999849638051561,0.012674159515927652,0.01145435380720039,0.010179369573078634,1.1102230246251565e-16,0.00077298833215389,0.008564707550927309,0.010918003273326815
hinge,0.007430731491951059,0.0033899754352761935,0.005176885424463484,0.008710534875518205,0.012979863306762929,0.011238698716613316,0.009671906951240428,0.00077298833215389,0.0,0.007727900667664933,0.01119086432433214
trapezoid,0.005619047755672346,0.008739681814517786,0.007825234867787079,0.009293456076686302,0.005987485307568652,0.009710262201815034,0.005500810605723161,0.008564707550927309,0.007727900667664933,1.1102230246251565e-16,0.004012675957101308
random,0.011308681511993157,0.015429597769650916,0.012669553464949579,0.00956684922347295,0.008883665821185605,0.014338756302284428,0.011821161335230257,0.010918003273326815,0.01119086432433214,0.004012675957101308,0.0
