,square,rectangle,parallelogram,losange,isoTrapezoid,kite,rightKite,rustedHinge,hinge,trapezoid,random
square,0.0,0.015169875117951093,0.0344212144820476,0.04091664130709316,0.019179876167426557,0.02233954737868349,0.018018993071523104,0.030313307323479144,0.028725994105039954,0.027743585707322604,0.041874305795271405
rectangle,0.015169875117951093,0.0,0.02008937210867956,0.030920778836347473,0.039624287809717496,0.030211856466632492,0.030704420928644227,0.028736787116063534,0.02308765779370414,0.0351622242652021,0.05579550439947356
parallelogram,0.0344212144820476,0.02008937210867956,0.0,0.006371748831299429,0.03897031162971798,0.03765863099651212,0.04006069231522613,0.024067482526235917,0.020259102332447987,0.02317859144294021,0.0439620421993141
losange,0.04091664130709316,0.030920778836347473,0.006371748831299429,0.0,0.03938004904185455,0.04534032399087806,0.04508793796106925,0.029756474472308003,0.025309241771981128,0.021346958013731654,0.031566485041839676
isoTrapezoid,0.019179876167426557,0.039624287809717496,0.03897031162971798,0.03938004904185455,0.0,0.019529110293387886,0.014808036841086558,0.03436510522420155,0.03591120999899855,0.014058073298882645,0.02595397691410173
kite,0.02233954737868349,0.030211856466632492,0.03765863099651212,0.04534032399087806,0.019529110293387886,1.1102230246251565e-16,0.006683956131332214,0.03542207828124455,0.034918095763948775,0.030220457305390913,0.046207756363135566
rightKite,0.018018993071523104,0.030704420928644227,0.04006069231522613,0.04508793796106925,0.014808036841086558,0.006683956131332214,0.0,0.031788651653206546,0.03328693584225473,0.022953294048397188,0.03671466438019655
rustedHinge,0.030313307323479144,0.028736787116063534,0.024067482526235917,0.029756474472308003,0.03436510522420155,0.03542207828124455,0.031788651653206546,1.1102230246251565e-16,0.003264190393382438,0.03121767727611091,0.03790243990896658
hinge,0.028725994105039954,0.02308765779370414,0.020259102332447987,0.025309241771981128,0.03591120999899855,0.034918095763948775,0.03328693584225473,0.003264190393382438,0.0,0.03132087942892958,0.035346964521125956
trapezoid,0.027743585707322604,0.0351622242652021,0.02317859144294021,0.021346958013731654,0.014058073298882645,0.030220457305390913,0.022953294048397188,0.03121767727611091,0.03132087942892958,0.0,0.016920661951905003
random,0.041874305795271405,0.05579550439947356,0.0439620421993141,0.031566485041839676,0.02595397691410173,0.046207756363135566,0.03671466438019655,0.03790243990896658,0.035346964521125956,0.016920661951905003,0.0
