,photo_face,photo_profil,photo_eyes,photo_face2,photo_walking,photo_standing,photo_hand,photo_legs,photo_bird,photo_butterfly,photo_girafe,photo_fish,photo_cherry,photo_tree,photo_flower,photo_carrot,photo_watch,photo_key,photo_truck,photo_velo,photo_road,photo_house,photo_mountain,photo_windmill,drawing_face,drawing_profil,drawing_eyes,drawing_face2,drawing_walking,drawing_standing,drawing_hand,drawing_legs,drawing_bird,drawing_butterfly,drawing_girafe,drawing_fish,drawing_cherry,drawing_tree,drawing_flower,drawing_carrot,drawing_watch,drawing_key,drawing_truck,drawing_velo,drawing_road,drawing_house,drawing_mountain,drawing_windmill,geo_face,geo_profil,geo_eyes,geo_face2,geo_walking,geo_standing,geo_hand,geo_legs,geo_bird,geo_butterfly,geo_girafe,geo_fish,geo_cherry,geo_tree,geo_flower,geo_carrot,geo_watch,geo_key,geo_truck,geo_velo,geo_road,geo_house,geo_mountain,geo_windmill,word_face,word_profil,word_eyes,word_face2,word_walking,word_standing,word_hand,word_legs,word_bird,word_butterfly,word_girafe,word_fish,word_cherry,word_tree,word_flower,word_carrot,word_watch,word_key,word_truck,word_velo,word_road,word_house,word_mountain,word_windmill
photo_face,0.0,8.590712503129607,8.583439670249291,8.729021506948529,7.985372518521189,7.964252716891008,7.957561517932948,7.674528388014044,8.600961189905547,10.351547870742845,10.288604025627448,8.18825827939167,8.640519841634974,8.315215930184518,7.825866367869561,7.517960404057382,10.316515770014787,8.017311285507166,9.148734513666872,8.970337400622036,9.425278212555812,9.351922212124801,9.478979152707815,9.46651331539429,8.410442397578523,9.228502684171026,8.543886235061606,9.35707840671446,8.565732549140044,8.447569945790063,8.78526295220103,9.030159634769257,8.352091528415958,9.642342797783927,8.342878405857732,8.661667007081366,9.526208323308925,8.250661460135449,8.583119074002337,7.925071416002842,8.275312187920445,8.288759065453256,9.10886831228627,9.481844152796246,7.918856079028237,9.948062544487774,8.31541598818471,9.642029663686385,9.181437725308422,7.787809907280034,8.469099760963157,8.060788275317401,8.765640244629758,8.247224525034435,8.790941504041308,8.011517509958264,7.803155678422242,9.217323110179942,8.243822525801383,8.508091677589434,8.849963451309122,8.074634516129574,8.097353123587034,7.766916307292766,7.825126675540794,8.000286706558997,8.386937384509109,8.741971705200724,8.07661711302465,8.607028661029076,8.279761663104832,9.597129448140075,7.719843460616998,7.813318926034601,7.713781167985405,8.368641237309442,8.571832129769403,8.669186692517371,7.797002040534017,8.7253767119634,8.442491468484643,8.471410076899796,8.266427291077706,8.761469416292849,8.731535783450413,8.081415356390155,7.81762331565528,8.501502538717485,8.458553157371352,7.482096475071355,8.750418631446195,7.688317613239142,7.9443220159496635,8.509721586216479,8.838305900316552,8.048152218585544
photo_profil,8.590712503129607,0.0,9.22241468447331,9.125762724283703,8.76612421237271,8.798424058401745,8.930296573408933,8.720756636958706,9.2623804579712,10.78125426815892,10.839222311423068,9.0374784496122,9.216446999904779,9.18808190504735,8.741240191329245,8.595717024768495,11.049356516004707,8.718405904669291,9.78551422944107,9.770231927996107,9.96593662195799,9.556436053870625,9.936161749272632,9.887127185162887,9.358528253717308,8.9765328076426,9.276587238819879,9.862432387678314,9.412644237726322,9.21928673085827,9.673643232449706,9.458072229669694,9.299334775739425,10.091693066760197,9.062750187337043,9.473400221508989,9.99275836653784,9.30736715678049,9.264251637732867,8.907862115519414,9.169144907671656,9.012387480203424,9.670339699424948,10.080521321921443,8.837131423895908,10.40444556170319,9.129461115700952,10.255964148934096,9.651706461691864,8.792978982126474,9.156274711997789,8.845968392371088,9.566393675930021,9.105982815931531,9.593810478567075,8.904499825938514,8.77486526640368,9.698004447805852,8.824874074977513,9.276062526683726,9.441256057672792,8.882922516937022,9.082205136278406,8.65922171180496,8.717723904313107,8.808094088929119,9.121603426456181,9.600230920287297,8.91239801573167,9.172437422774555,8.993381668541094,10.18077706101891,8.79045841959521,8.81494441053611,8.698497488154494,9.068464964547221,9.247738894044513,9.34926433217556,8.74531676020455,9.40142938784314,9.115061332180325,9.251813718768522,9.023275340914255,9.401321676333202,9.42416554031,8.880610533199407,8.686567008864818,9.265274861228422,9.240020106598484,8.75485289144722,9.426025161811337,8.716676029102983,8.738764425542259,9.257933879671768,9.65642110185351,8.783212749143585
photo_eyes,8.583439670249291,9.22241468447331,0.0,8.90754617822061,8.471168663694014,8.504768426804093,8.62240964941395,8.376273990419582,8.297124718661212,10.109790285714418,10.238346301320078,8.01257716338295,8.833687366408416,8.946908584455414,8.489028128205117,8.028061732421634,10.951483667865055,7.657441346311895,8.988677652496046,8.866455862897633,8.334728682922734,9.83785664438628,9.30070564441847,9.658976158679916,9.013267204215325,9.43353561202798,8.01695478531497,9.39776898881105,9.091867942986491,8.868493146108408,9.214845499870613,9.480317217553118,8.360364837568856,9.437473763117106,8.914589635738192,8.517082738069227,9.369546066838545,8.838936519884939,8.931050861162745,8.52720219578062,8.745054563570775,7.942981513330467,8.937218610149527,9.127710748111244,7.918525548312571,9.378590453532038,8.303394826102457,9.977951219565973,9.386485196722141,8.276094636338232,7.700374806042867,8.567116321819396,9.277336638424869,8.730561994557155,9.281066308725212,8.434861277007027,8.307020845387928,9.192194271025889,8.4746290143884,8.316734051985703,9.236540131011944,8.461435868998718,8.726789896217124,8.243247715485484,8.254924497036555,7.718925606774869,8.31581915222719,8.555214503394238,8.642157885378841,8.973508699875044,8.439549145598265,9.909496537162351,7.843519528431036,7.792491824271077,7.8471833906548145,8.150212564409374,8.155473721630596,8.136070931897633,7.86529258109909,8.236487153936364,8.12152676974492,8.11776791854416,7.948996255416435,8.2601844931022,8.174374944377593,7.939418379979909,7.777439835230125,8.105702728707282,8.2111864653684,7.877705962499522,8.199410505624881,7.846727088364461,7.773994024926056,8.189573763895375,8.547175614043342,7.922364745775618
photo_face2,8.729021506948529,9.125762724283703,8.90754617822061,0.0,8.629565604866674,8.669585976102962,8.468532278085174,8.589957025339544,8.628980244671796,10.426675449713784,10.34331574746773,8.648902030054574,9.047288454424603,8.910988698474606,8.623833092728814,8.306696865633752,11.109431798584573,8.399112964708182,9.497532464258471,9.412300542679418,9.572271004015805,9.699217287985373,9.860509235118371,9.857913199934684,9.23229494902708,9.70985577245141,8.920609829605333,9.005283479704682,9.261771332804722,9.02391951973807,9.416674228958598,9.585160488734422,8.86830846913757,9.728686586639878,9.01691696401805,9.179346808967617,9.838122018924034,9.013200512806,9.109647418109345,8.814311331151503,9.00804317896361,8.732038483830925,9.519254431350213,9.771131821419699,8.470270361931668,10.152461934498257,8.786684365106929,10.020397742651872,9.571076054477652,8.517995223875939,8.955737230998958,8.653798257278424,9.353211802001942,8.874617910392734,9.34436106820335,8.761739386735904,8.589358406294279,9.233775425658404,8.71459788474229,8.843214785166792,9.414593329522852,8.67367917636649,8.815463136949695,8.523073911776883,8.525240943785436,8.442407927911887,8.768109613828383,9.125980235080345,8.782893642873502,9.115349368877759,8.719825469099334,9.969635500934958,8.51688768660776,8.422379847478815,8.421238874994781,8.790684768207775,9.01158267648401,9.101949581946421,8.505672671669906,9.25025316184119,8.898086870725479,8.969032861200525,8.86562847424706,9.235800696410827,9.252662433246227,8.727656359018328,8.434855003047245,9.022430241935936,8.96365698518992,8.423626334585496,9.208816060647793,8.492584908313471,8.573724696183492,8.970016517904098,9.335355023342764,8.646788899082713
photo_walking,7.985372518521189,8.76612421237271,8.471168663694014,8.629565604866674,0.0,7.225294695495903,7.806065387319143,7.116054483652976,8.09707890441372,9.733075673658877,10.00075280081636,7.757243317876112,8.125781526551892,8.095473742131478,6.909318423132216,6.891164332280589,10.087565664021383,7.153060769710105,8.703940444429868,8.40800415564881,9.055088841432319,9.44720894766702,8.828376067979104,9.124925304500902,7.852949831026213,8.790921462665542,7.686458791601109,8.684637515198455,7.55505139328908,7.795891223247661,8.092149536131258,8.347873303287573,7.6226890165595576,8.769998099892424,7.388164047422358,7.831971326964099,8.8471410261165,7.651589712500981,7.824667729986934,7.214676155838605,7.394630439552174,7.449916677657551,8.438176754740349,8.945944415315374,7.0218653032302845,9.340823055275758,7.26320673184603,9.137056979839414,8.447719723961578,6.800161327814166,7.666966422290637,7.187356162729778,7.9987748365138405,7.436105580756164,8.263633270311473,7.061011325075065,7.01324280563227,8.382979098783519,7.164789312628388,7.51537894017526,8.070368010606925,7.016782322719142,7.502168340677375,6.893990723777957,6.800726673825486,7.03897223297753,7.56623899384161,8.029866519642601,7.468479857158954,8.103617071704951,7.415545376598337,8.969962770885802,7.012957639801804,6.995887428716388,6.986674147613808,7.601597730848223,7.751914998013336,7.853479262932428,7.034354698651283,8.030124847695939,7.751007372215793,7.674123966640805,7.541400439129157,8.042964624540627,8.022120690226254,7.287892155101763,7.050955316184427,7.801390232981632,7.737892346545494,6.904352323805054,7.955618811417291,6.961903953491551,7.116538140762269,7.8023168828370055,8.137129637644726,7.255308337973
photo_standing,7.964252716891008,8.798424058401745,8.504768426804093,8.669585976102962,7.225294695495903,0.0,7.730543434862926,6.953048076012591,8.175977559514106,9.913217166881777,9.703006471784644,7.911288465615197,8.355681469232328,8.160999239446063,6.796858708911842,6.559253643755908,9.79039301911905,7.168223615477912,8.769342311938386,8.635198709663225,9.150087683735654,9.456054321762274,8.9657987957579,9.043045870569358,8.09798881851276,8.82358794758731,7.7971916724673545,8.70132373498501,8.019898658885898,7.239795463987795,8.103102151864594,8.304505833349385,7.741537441863391,8.4241890835365,7.409831914483244,8.11354005663462,8.901723592618383,7.894666456849922,7.689833946355688,6.850432631157631,7.611685424253003,7.4852209184229865,8.565476156032911,9.214066823202021,7.161922325265742,9.420959427001085,7.578766258350035,8.935598628001353,8.344993015102844,6.527088246912595,7.788036752227713,7.00234446085624,8.038866880442628,7.227096296075983,8.015200658203376,7.196729184172453,6.942770841832716,8.305813557696123,6.960161977880653,7.76867770841437,7.96945105976844,7.191679258734295,7.412423549235775,6.432471911966435,6.542583450088016,7.039614619638832,7.689947035989562,8.223920003740524,7.454540893885017,8.049248508285793,7.2678638066187204,8.864126824335274,7.059505278967656,7.211120810588391,7.076791712383011,7.701537207696236,7.85482835291652,8.018464438897755,7.139564845356785,8.012633278190675,7.816733111989512,7.709305169305466,7.655074676261213,8.042344094158429,8.093128042859535,7.470694876763956,7.072628827014081,7.901215350153575,7.891647021033734,7.06095048553302,8.121587188201907,6.988924296070352,7.201365342247759,7.898085264855696,8.195986307076238,7.37336706454403
photo_hand,7.957561517932948,8.930296573408933,8.62240964941395,8.468532278085174,7.806065387319143,7.730543434862926,0.0,7.537110008637143,8.661537584970668,10.244523976119217,10.265884985089038,8.168441536775777,8.50893636599939,8.29440636924449,7.729498944230255,7.222024136001468,10.34174404930431,7.840437114545003,9.313291373165967,8.816058100628473,9.45647041217391,9.385114417662395,9.455591025959347,9.460953913758688,8.641932838087364,9.270570311271001,8.313910468406421,9.14550480107098,8.506978829974162,8.253052261503283,8.439866180149634,8.869119216678648,8.413702302700411,9.389292413832647,8.228105580976212,8.597932532840435,9.459695146278367,8.389129990602974,8.424184833346771,7.734281829745584,8.06743928936357,8.184511530959782,9.032519782200634,9.396169746532719,7.815497337964295,9.8604240761059,8.218511329176495,9.54093589521234,9.139626115224527,7.6466829342093465,8.26814650202512,8.0003590730096,8.68225461546052,8.16989186715606,8.324782897020224,7.673625560421129,7.652495196025783,9.001187716210918,7.968976149572242,8.380375226262197,8.696254896486165,7.980199698540565,8.151649120708036,7.4984118150837125,7.549400385485732,7.89190440044001,8.365914003441409,8.719135168206597,8.104202050687375,8.471222281229322,8.153709868988836,9.429893362119897,7.799347543833618,7.607248568621645,7.694672926263459,8.270398380618346,8.35619052940344,8.46939157636057,7.694235754006216,8.599808296628472,8.390167118952434,8.24888864319958,8.179579091182967,8.569755982071383,8.563313385629513,8.007933375653248,7.699642617055424,8.324303219115073,8.373060245597047,7.628939560625201,8.551510692458068,7.725575561339228,7.7580902448511475,8.400052650718235,8.696584632452574,7.893888958814239
photo_legs,7.674528388014044,8.720756636958706,8.376273990419582,8.589957025339544,7.116054483652976,6.953048076012591,7.537110008637143,0.0,8.250364466004713,9.788278812647993,10.008780942614468,7.7254148196049535,8.084191923414181,8.142293171783765,6.8968451112370985,6.594987413013159,9.96605047440239,7.208523177322364,8.824219967897037,8.54237642549525,9.208129085126131,9.396560208447267,9.147920836337597,9.152854912397183,7.869858128359916,8.823175775190391,7.716945799005293,8.853918107168667,7.816365679956509,7.737239674537123,8.126711735382218,8.350139916373665,7.8388857258402185,8.771347888178722,7.750263897512087,8.123413988312949,9.00757963847116,7.887454333298247,7.9643097845510304,7.146512729196476,7.407833379914938,7.521151251733221,8.631728298801479,9.216323119574607,7.14747098301979,9.471948639071295,7.568958712750974,9.249307756481924,8.40926411425572,6.7100717656403726,7.7458228982588295,7.121740681704557,8.142019127187652,7.349418945560475,8.184444530521372,6.947061575394888,6.729697190609387,8.46531034183845,7.2536002467007545,7.705467968724958,8.020197168657296,7.1809261890255245,7.493374145097738,6.763505840692206,6.876863445318605,7.113147314858301,7.7141388424060855,8.24045375163097,7.47124119179154,7.890522095897315,7.45801862070069,9.085484654220306,7.167347524367026,7.083936172264956,7.053772147554735,7.730841515562995,7.826206712066353,7.96139495613988,7.145545845733242,8.036938247898142,7.830237844002194,7.680345465426571,7.623821636848007,8.10097859076709,8.0560077792082,7.429984311367643,7.082320432945077,7.8487176464225925,7.852700791829911,6.93909463990183,8.086117765039896,7.087339053881756,7.1588153072701415,7.877825971211396,8.201200470124617,7.30885617975847
photo_bird,8.600961189905547,9.2623804579712,8.297124718661212,8.628980244671796,8.09707890441372,8.175977559514106,8.661537584970668,8.250364466004713,0.0,9.773127757309403,9.651681612721452,7.675214298096601,8.814984236134265,8.591143784384492,8.078623315875404,7.681785894574317,10.516641207600664,7.05082558173487,8.868528161390941,8.628205425577757,8.97887813323392,9.84152952218239,9.291104450346474,9.718564270665427,8.290750670976331,9.03508206212075,7.890266381682164,8.845777064209573,8.578445902528392,8.359572830234251,8.709372501794242,9.04496616596823,7.6900824295044385,9.288673778486395,8.24640672725954,8.159823728834514,9.417107095569746,8.33185257698301,8.335316979458351,8.091133063076997,8.201887593007049,7.350389915825452,8.644257858080175,8.966579221947905,7.331851119538208,9.423197291861673,7.801154364692951,9.657789033495522,9.021008851836672,7.800501724520897,7.724832071522165,7.931178274218079,8.838640823163427,8.240033475196867,8.788678289710282,7.914510089207948,7.582915614411409,8.913688330264646,7.870302154028393,8.024623258374007,8.809584327382167,7.96371158471953,8.166324745580846,7.725901197822083,7.535947334071578,6.985141217846674,7.994224271314567,8.350426487153792,8.23135347447136,8.530327206621196,7.974440616835075,9.531021143079444,7.210696953721352,7.341950947802128,7.2568315089503015,7.666069533455658,7.940526287266095,7.955059865907281,7.349014166051397,8.056550023772598,7.754762139593612,7.891807736943621,7.549561847573365,8.027555713323856,7.964930706104016,7.465857290424753,7.199099314919893,7.874657636055845,7.834647485712976,7.2185739606443144,8.077329765333898,7.278983699994094,7.355370213335721,7.784923458346003,8.230796541868798,7.520952256257905
photo_butterfly,10.351547870742845,10.78125426815892,10.109790285714418,10.426675449713784,9.733075673658877,9.913217166881777,10.244523976119217,9.788278812647993,9.773127757309403,0.0,11.524952200892313,9.928415757919938,10.24475417869688,10.196644120008216,9.943959761954114,9.687377235873841,12.126140078356151,9.444073428334491,10.528609033874652,10.193207137517575,10.236139339590876,11.207276931953507,10.71403683533154,10.715907395355638,10.222361950806834,10.5333851925662,9.814155784285145,10.149636762814069,9.99736203655978,10.1134921547389,10.498333033154939,10.602130975331324,9.739242662705863,10.779758327810395,10.170754457154786,10.22090660052009,10.875890808164613,10.130448176765324,10.179748655433059,9.964310590667369,10.13298480223143,9.601435734911174,10.30020881278252,10.592794977876501,9.402942819126899,10.80698067401715,9.781850611308338,10.493842449959955,10.592330770305992,9.687720369196578,9.83886410264381,9.817137357369093,10.300659144569218,9.769409181278363,10.407905959821305,9.900181432987408,9.729693189688597,10.41263690098623,9.74706874974277,9.997990896642275,10.53952098517615,9.767191636044583,10.104975521105304,9.661284596986217,9.764691153425897,9.420151905413245,9.857690021190308,10.177960903629664,10.02224064477443,10.375047505348213,9.71151356340637,10.629898593026281,9.523284716536644,9.452451311917976,9.531011712295017,9.800605250463791,9.888830978697891,10.039050224028198,9.544354526448497,10.008603879505028,9.818463307576966,9.900723491283262,9.708330116592192,10.134968118488981,9.983139558120987,9.64404482028577,9.478563495819582,9.90587313946806,9.935973857550835,9.444311900185996,10.054545629258515,9.594877559471511,9.467638986721417,9.884294173325653,10.291541156973267,9.61942590034375
photo_girafe,10.288604025627448,10.839222311423068,10.238346301320078,10.34331574746773,10.00075280081636,9.703006471784644,10.265884985089038,10.008780942614468,9.651681612721452,11.524952200892313,0.0,9.822119952524272,10.607281979519431,10.331532648352772,9.698664660377322,9.643596971017763,11.924379481929115,9.338421638042892,10.44675856647948,10.4586230090346,10.693394783582846,11.09765019844775,10.932267466583294,10.987728268618156,10.239795916505713,10.701521075443686,9.869036839903222,10.647376485129385,10.328605281647157,10.227558980113784,10.216196980868954,10.58614839826507,9.989850005483301,10.575942169494748,9.96617204237693,10.165242388307295,10.771210771103823,10.131638487663002,10.137071207229095,9.875604891766244,9.924533851267629,9.570687997437977,10.182630305759531,10.645060173049249,9.510527539397735,11.042360824243476,9.785980036422817,10.852548888438344,10.459852795438323,9.695918441693628,9.713191931437931,9.67779528373603,10.416753607006498,9.791733559465625,10.28760073733382,9.618898228039898,9.68973639242262,10.604003866085359,9.744237700472798,9.84445561990531,10.351198785103858,9.90273708993764,9.74399838330817,9.615936775694786,9.614941941550876,9.364021096558796,9.667714036794992,10.030717325542591,9.96778896538146,10.250414754015669,9.58760036622901,10.630766301303776,9.69602681618401,9.537865439858297,9.50935680213055,9.848991934246607,9.978984713276171,10.06962158069787,9.593866672034784,10.18576068910414,9.863235485445863,9.826762717359328,9.857100543686196,10.142914612899823,10.096319760171413,9.678727430445962,9.50633809351238,9.936448033107512,9.909669191736624,9.491687729889346,10.125632925607,9.64251871137061,9.587619603204589,9.885743750551471,10.207712659956572,9.68006272832936
photo_fish,8.18825827939167,9.0374784496122,8.01257716338295,8.648902030054574,7.757243317876112,7.911288465615197,8.168441536775777,7.7254148196049535,7.675214298096601,9.928415757919938,9.822119952524272,0.0,8.534159367486243,8.43015791189557,7.808947782661585,7.134601957758784,10.30867128821715,6.94390438436379,8.612600876974232,8.251726253465009,8.638606420141603,9.646749312689813,9.023327786721934,9.563349346299074,8.428979629404122,8.959244020725091,7.358260727513075,8.92963403805574,8.54446284245002,8.30347343491237,8.676199667721319,8.931089959065451,7.853131788235961,9.0881566088602,8.14058676408006,7.705613469855123,9.097045640650768,8.255718463500056,8.292121516104944,7.811388203486684,7.8844394622629475,7.249477080935943,8.304493833054956,8.861130478687928,7.116715100829609,9.340914957653144,7.578077430597997,9.626892739486909,8.912860485785739,7.453549021773747,7.294801124424178,7.7751917198285945,8.878868222453962,8.04468129717706,8.729124723624297,7.718366441191632,7.453696574268924,8.684676545208577,7.6881633335207615,7.42234539635279,8.620398257706062,7.706199343679284,8.023929545616943,7.483333134523603,7.3800203705964105,6.937151080472818,7.736703507729108,8.149864874095755,7.960664995313475,8.378010576559479,7.768138923575532,9.490581098940108,7.051371616468421,7.0944020894418465,6.990417738118781,7.369370862993955,7.584182556572722,7.668235310628844,7.026841820173649,7.650608513082267,7.287123438662338,7.613305490396932,7.3648596546959455,7.778953203807308,7.680349577024759,7.222256682329751,6.955957547100815,7.4660107415555625,7.480060213748613,7.034931352930387,7.773605886702301,7.007445556470977,7.077798325243468,7.530546475404939,7.976999810459213,7.154846690926763
photo_cherry,8.640519841634974,9.216446999904779,8.833687366408416,9.047288454424603,8.125781526551892,8.355681469232328,8.50893636599939,8.084191923414181,8.814984236134265,10.24475417869688,10.607281979519431,8.534159367486243,0.0,8.7102147452661,8.172025465302823,7.944885069685378,10.77958640465686,8.096305665352386,9.241446146153327,9.111903178844804,9.798090793823048,9.737599668604632,9.420889078491495,9.675644236507521,8.928663845514125,9.45056115685224,8.511545524385644,9.582750014862395,8.598078913834714,8.815018849157843,9.0627193858006,9.093650628042072,8.586486835950028,9.592200074064612,8.58427144424532,8.823621894080096,9.705801015220707,8.696848853371037,9.043623052736757,8.247117181412234,8.550048221386234,8.375765741347362,8.957076949301909,9.555971926112347,8.160378919366313,9.891635633618076,8.359717533637628,9.843065830454918,9.339693439528407,8.189280062487688,8.567191115093864,8.356385137451564,8.951634066326152,8.508209592244958,9.149714071149953,8.241532919336866,8.157962251451789,9.131885408500512,8.146107946100683,8.616385145184928,8.949772842924785,8.264822552194339,8.62570143618282,7.999508641399606,8.103345040717397,8.123687580547182,8.485116907447887,9.016076009097725,8.240915965665263,8.761198914947819,8.499383450013239,9.875592173796896,8.191925671777256,8.027589405408913,7.9941119785324775,8.529723072974146,8.6035318900434,8.639784603132846,8.069250167514364,8.802610355330172,8.554236987938255,8.638931885352658,8.452873259912483,8.786370165963538,8.801948019822719,8.193851714898601,7.960087686173061,8.581220535386759,8.570919390682807,7.947179935059023,8.761387610602267,8.122773690995727,8.054482772291639,8.560821743934602,9.056953610015166,8.163790493758109
photo_tree,8.315215930184518,9.18808190504735,8.946908584455414,8.910988698474606,8.095473742131478,8.160999239446063,8.29440636924449,8.142293171783765,8.591143784384492,10.196644120008216,10.331532648352772,8.43015791189557,8.7102147452661,0.0,8.06084499576555,7.71264648224492,10.051465448987429,8.166115426069465,9.447280445816066,9.054813256936137,9.387488202739458,9.223070373944388,8.954292061681576,9.180435162634984,8.700875862563212,9.364087404907169,8.649825177856785,9.252110832869615,8.347271677423297,8.395529725031437,8.969556676565553,8.906749588736918,8.346167153226272,9.419449140335706,8.242791534393742,8.5635739165933,9.445649708443066,7.809133728888895,8.73818511730137,8.023276803305508,8.196494576743047,8.413203448606447,9.073528561468624,9.307756143368845,8.129657576797337,9.733602973061531,8.195109170919528,9.40766279982004,9.352114213785482,7.937145950204802,8.626576287250488,8.46995114794362,8.74167434106747,8.319491256410275,8.781557447363321,8.098277045639145,7.91778036437495,8.943913831129905,8.156521291860603,8.638569519155604,8.72872166064557,7.940585632708132,8.307241719807257,7.869134835491251,7.736846886716092,8.113186015470863,8.611806005492607,8.960822718932256,8.41306767921545,8.796574914579033,8.544107715190476,9.451182709470775,7.951170532434339,7.988526353843053,7.933415167987597,8.517696313672879,8.58924424169716,8.774242807838176,7.979330803461884,8.872946143814026,8.534164482676204,8.49272582935386,8.366865184946489,8.738206673452328,8.782731167886045,8.227336918566893,7.929458387427893,8.647865573992174,8.740689604306569,7.827206548368313,8.864031412558832,7.944382386880336,8.068048771765293,8.610311598659536,8.93001042887643,8.229834366861184
photo_flower,7.825866367869561,8.741240191329245,8.489028128205117,8.623833092728814,6.909318423132216,6.796858708911842,7.729498944230255,6.8968451112370985,8.078623315875404,9.943959761954114,9.698664660377322,7.808947782661585,8.172025465302823,8.06084499576555,0.0,6.253631999179382,9.58757524139101,7.0511405447328785,8.654601222855977,8.587174373054324,9.073405047646874,9.425509595314534,9.06263744621817,9.191188526851022,7.8684005990653585,8.682267905692163,7.5387651446177575,8.710631896656192,7.78954879723561,7.396513102688035,7.766769768990276,8.177845290017943,7.613330996388858,8.414213978705549,7.318079444906356,7.832054924902971,8.811009115179141,7.5570659805566684,7.532116801448874,6.671493479009727,7.364703344158161,7.265899838452678,8.378042602286927,9.125469585791457,6.807114421843768,9.3549872654224,7.3203461552988065,9.147386968010212,8.064477530535315,6.4384466396874265,7.542944174697119,6.768378326078269,8.00091888442531,7.213021198338052,7.953647281713396,6.9581841145842915,6.620868015563714,8.040652485559217,6.888701818830791,7.5038808992972665,7.873786464275166,6.773489487870554,6.818591948844149,6.368421501764507,6.301033268736333,6.788859584601993,7.427012834236547,8.043205176105536,7.009431480603325,7.818551215463585,7.173934531848755,8.860739950976878,6.981576814591219,6.925422012743314,6.905299528873677,7.545181889105623,7.6583326468177715,7.76625780543647,7.028211984481208,7.967655151955515,7.6139912772754865,7.630601398108222,7.498332966146432,7.953873533474353,7.886764908339855,7.196131706264264,6.980667399243488,7.711973348890606,7.702377721309261,6.816394627373108,7.906228234983907,6.960310749551242,7.055424086027811,7.68072748347503,7.997752877776798,7.224549219477954
photo_carrot,7.517960404057382,8.595717024768495,8.028061732421634,8.306696865633752,6.891164332280589,6.559253643755908,7.222024136001468,6.594987413013159,7.681785894574317,9.687377235873841,9.643596971017763,7.134601957758784,7.944885069685378,7.71264648224492,6.253631999179382,0.0,9.336501635912262,6.752555175913159,8.405121489596894,8.181221815275789,8.862301538436132,9.148787927773052,8.72178628944501,9.102119949720995,7.7689449874125565,8.609253918991243,7.411126377879062,8.565015312293625,7.713726746793171,7.081485465700928,7.6746292265928995,8.156311994200296,7.395548081174687,8.456560784743312,7.113541930853001,7.745814420498492,8.80550113128199,7.4681818916956,7.491149085154134,5.635308194754346,7.2942246833206505,7.082112313933603,8.194833706988264,8.928275736695943,6.649948845458412,9.212778420632748,7.1552423396789315,9.131642297841035,8.25807614121735,6.332205761311792,7.393325015238091,6.895197108038141,7.82290026840512,6.878569724521499,7.942324850828737,6.908682596447297,6.485552590714647,8.14191559685361,6.745267415557242,7.380603211714593,7.746817048972717,6.678956822502555,6.977858836227207,5.705786714752332,6.062051132032893,6.634279144933495,7.299353704743429,7.946331120282694,7.089543629461224,7.637779834040833,7.180245988913304,8.915692460971938,6.603609078300844,6.777118704942723,6.703134493308951,7.304363174002474,7.523022855374494,7.619930275418204,6.72065360085109,7.6579280473993165,7.5144299075597765,7.4254547165443805,7.316138577021585,7.68614241580143,7.709621863172401,7.04311415727628,6.632300892819911,7.55608264573033,7.477232754286339,6.660107377050983,7.701879992837462,6.549221754463684,6.820785204242429,7.544007634043953,7.889928021146632,7.007462116596412
photo_watch,10.316515770014787,11.049356516004707,10.951483667865055,11.109431798584573,10.087565664021383,9.79039301911905,10.34174404930431,9.96605047440239,10.516641207600664,12.126140078356151,11.924379481929115,10.30867128821715,10.77958640465686,10.051465448987429,9.58757524139101,9.336501635912262,0.0,9.994148040031964,11.106075070296964,11.024869973395111,11.355539168880359,11.454407507906142,10.913991348560682,11.381184423206422,10.382331960485907,11.205840460776479,10.5359160648149,11.094181244837573,10.371622905887586,9.79634016633756,10.521432745547207,10.677626413742301,10.24810824079471,11.1119231947725,10.124880410591446,10.458592341496434,11.267993366846257,9.95039470941018,10.293533026804324,9.482230122593243,9.837448226885492,10.133885712793749,10.905493963900291,11.433033388536732,9.941987439082551,11.536643892008664,10.074145668526652,11.360955614326523,10.999640894493119,9.478329170011024,10.421820454534021,10.073620705690821,10.630714037597103,10.04634974271749,10.525435505878376,9.800235651189263,9.723620597005617,10.714647965678108,9.875587069253426,10.35147847131055,10.462856905197441,9.635169278425515,9.732922674325495,9.455862978048042,9.235589224081416,9.850156136434219,10.395495809764496,10.713207556751676,10.27229648906674,10.342245839231316,10.26661359783162,11.147281397594991,9.808843437520393,9.858472074938144,9.74872140280742,10.236443971415225,10.40677469768738,10.455945127116294,9.820488786142283,10.555765557962335,10.312286305202958,10.33259484589076,10.16752259076474,10.51338926185488,10.527073818231857,10.046157173341921,9.871601866633945,10.403706130269024,10.3561641354597,9.713900777720184,10.591095470877335,9.794644029702763,9.907737953485013,10.306531188146181,10.652547470504434,10.009138900724546
photo_key,8.017311285507166,8.718405904669291,7.657441346311895,8.399112964708182,7.153060769710105,7.168223615477912,7.840437114545003,7.208523177322364,7.05082558173487,9.444073428334491,9.338421638042892,6.94390438436379,8.096305665352386,8.166115426069465,7.0511405447328785,6.752555175913159,9.994148040031964,0.0,7.9753710238034365,7.774832678465236,8.410085103266452,9.278049971967558,8.63781471038753,9.008186155579793,7.817355089608152,8.291508364062766,6.495096469673057,8.377471469256486,7.906908320734735,7.652431994785073,7.896315694827399,8.236131225945762,6.909111056306984,8.469909429821252,7.493182207836211,7.280717187210981,8.443840117308236,7.66134896170045,7.532606349277357,7.005815042125313,7.3619055027072,5.459794363146821,7.757621628297666,8.304449554651248,6.37531007983335,8.466641075758394,6.71822100912465,9.070373278661824,7.995114109300079,6.595050356125165,6.477072875294243,6.936156521126022,8.205891957352364,7.308906965811521,7.922117828085497,6.81700352720964,6.499800350705143,8.06315722993012,6.849200339188294,6.688670399826587,7.9122864046126935,7.083856545754955,7.352047989869639,6.6046126763502135,6.508578976295785,5.237388223580645,6.706158021943968,7.372740582412367,7.100095298862925,7.539391980173597,7.0217314620943405,8.769377845589684,6.216236522130917,6.0613009237088775,5.9402736274202645,6.5774920643520005,6.580952455232361,6.558601691404991,6.058759522114419,6.808930257877624,6.464949970763345,6.666376883524239,6.511783352681841,6.763514808874001,6.568368456677361,6.2269511543131415,6.028153968485528,6.437720646063501,6.559366195368518,6.1130852347693745,6.698437304066248,6.1230380261502155,6.067770249176308,6.500854135589664,7.074985986106113,6.303874992884275
photo_truck,9.148734513666872,9.78551422944107,8.988677652496046,9.497532464258471,8.703940444429868,8.769342311938386,9.313291373165967,8.824219967897037,8.868528161390941,10.528609033874652,10.44675856647948,8.612600876974232,9.241446146153327,9.447280445816066,8.654601222855977,8.405121489596894,11.106075070296964,7.9753710238034365,0.0,9.027662663885781,9.400335952624175,9.99281434686371,9.682772862783416,10.183348171998844,9.155627280639532,9.541355372892621,8.284827359498708,9.38196323077642,9.35275141340613,9.1052945795643,9.280236806213397,9.487372645913227,8.71268589905888,9.703341991426758,8.960080588211092,8.658830044012168,9.857512098212958,9.045855779406194,9.133748977717703,8.692049952640932,8.93451594147618,8.093082785649603,8.113800856294265,9.051551961216001,8.16948890408438,9.676316040954656,8.080764041549086,10.146161520012841,9.352763638978912,8.348333031266055,8.346344645322121,8.442562914052447,9.419460870634794,8.81846509866875,9.465648956503292,8.509854660774225,8.416128211087461,9.463729825621323,8.348627812645107,8.248814706397436,9.208286562468068,8.487778733172977,8.90774782176521,8.372066464079845,8.35082666385642,8.010860037493947,7.305444323274469,8.55386122191004,8.648411352074737,9.007451499685219,8.50333076497378,9.938173062826932,8.325576483532299,8.163112605370477,8.16939393743525,8.624464118291229,8.480656324194188,8.557477413239576,8.102245371747642,8.69227790002027,8.455108223288653,8.672014959665374,8.563191301577692,8.608555860267103,8.625706184825944,8.383332811413235,8.100764702018143,8.465608990907281,8.528919396346838,8.200518308680671,8.583814267367481,8.264227381526153,8.240580042953898,8.527419746210427,8.887231039322531,8.263244546184154
photo_velo,8.970337400622036,9.770231927996107,8.866455862897633,9.412300542679418,8.40800415564881,8.635198709663225,8.816058100628473,8.54237642549525,8.628205425577757,10.193207137517575,10.4586230090346,8.251726253465009,9.111903178844804,9.054813256936137,8.587174373054324,8.181221815275789,11.024869973395111,7.774832678465236,9.027662663885781,0.0,9.402266274672709,10.03636970981355,9.35578538583562,9.719828989932902,8.629927639030932,9.48196448998189,8.256239172471755,9.319856476555557,8.845953057783047,8.955104118613114,9.231673084870494,9.42902133241214,8.430749557782084,9.685793143728773,8.762200649028038,8.47856773044923,9.76034788591616,8.769806718240934,8.994308850950132,8.454731804392221,8.713707801684512,8.14324358329351,8.677732767511031,8.082935616226477,8.070805690110841,9.637805733734282,8.08860292739399,9.80921850378518,9.277591720577782,8.266361280753394,8.128602163560688,8.462841556541937,9.093325457241962,8.50322370381794,9.228903707708202,8.395615474174367,8.258946977036778,9.399325349794868,8.480170901343202,8.28821876420899,9.236593603274205,8.513408488473866,8.777481512879215,8.135159774208606,8.218695665419759,7.888684774605096,8.084325427354758,7.789721099455507,8.483106964736486,8.918567760027651,8.466434838602652,9.79831443845963,7.975003182527246,7.789216080833888,7.848811131428404,8.26675829711183,8.335725002229887,8.492294861972148,7.8671893553487795,8.540296932079762,8.233301301612643,8.446711390424923,8.092240782048005,8.630501949165225,8.596645261745142,8.097678699164538,7.934752510063826,8.203367301112591,8.23937447517838,7.887383358580687,8.522307051183693,7.968677507541689,7.893751048411152,8.246393420926296,8.670945674794735,7.958924796286522
photo_road,9.425278212555812,9.96593662195799,8.334728682922734,9.572271004015805,9.055088841432319,9.150087683735654,9.45647041217391,9.208129085126131,8.97887813323392,10.236139339590876,10.693394783582846,8.638606420141603,9.798090793823048,9.387488202739458,9.073405047646874,8.862301538436132,11.355539168880359,8.410085103266452,9.400335952624175,9.402266274672709,0.0,10.326253252629952,9.539904267307579,10.00039180315045,9.467883757894825,10.034088120768365,8.549989884624479,9.827236043133173,9.541927730584847,9.35198080305173,9.86084509051672,10.025307038515718,8.993298824386459,9.880349831211516,9.323170481156035,8.941860485692288,9.91667589272853,9.214474507059267,9.25504987846004,9.271900071457285,9.334383739498044,8.577732562578587,9.328023394917098,9.457877964112303,8.020592565931453,9.90813338131275,8.776957311554057,10.239812009703279,9.885527609384566,8.92408885208525,8.761672460232546,9.164749335560742,9.803913214802122,9.351414303418492,9.868697805158591,9.15323750777685,8.899899335075045,9.701931936247943,9.11878654967803,8.832720577819288,9.748002298611853,8.991894011124181,9.21215852762338,8.97108393868626,8.838331014435893,8.443623734118377,8.807557665669467,9.065754376982563,9.227849655714914,9.533368610226306,8.885751257278352,10.269877938306239,8.731590315397463,8.660931154002775,8.704027834264762,8.925362418280109,8.908915142899165,9.018150651654837,8.801304046358808,9.029013843189684,9.031676558845598,8.839452747451324,8.92218239370745,9.083181833916937,8.978293345826485,8.882307476818367,8.675847627199163,8.920449083230814,9.023556240238474,8.696096943230478,9.045349364105267,8.77464105095413,8.752302344541876,9.042229423336432,9.315679302311983,8.859261660308894
photo_house,9.351922212124801,9.556436053870625,9.83785664438628,9.699217287985373,9.44720894766702,9.456054321762274,9.385114417662395,9.396560208447267,9.84152952218239,11.207276931953507,11.09765019844775,9.646749312689813,9.737599668604632,9.223070373944388,9.425509595314534,9.148787927773052,11.454407507906142,9.278049971967558,9.99281434686371,10.03636970981355,10.326253252629952,0.0,10.405422817258128,10.401624802156666,9.803953735028596,10.304141590415512,9.757591355239958,10.191770130484889,9.897843882354369,9.801348959250609,10.163780422649682,10.007328702574581,9.683143851302347,10.609047260234716,9.662710325485968,9.906694345930175,10.386657720836142,9.626762138913957,9.882113231964482,9.486467753567178,9.676640141449546,9.529451173184656,10.003075988775965,10.301384720342487,9.40671812913505,10.428995727379009,9.52850179122679,10.647144586267194,10.205781594474459,9.332322944346581,9.786648755238662,9.600015528354964,9.917486652114693,9.70277096373034,9.909169824979946,9.42899230000372,9.4078923174592,10.344123473255515,9.429287086380537,9.758564557955957,9.869237530984837,9.470181365973625,9.719401711685927,9.301898293377484,9.340390299278397,9.374540794896456,9.510379907574933,10.005285727432076,9.451787548582402,9.726094793574758,9.626634950821293,10.63317233819262,9.40263482230415,9.356134901306842,9.388165126822427,9.784124008765515,9.77959535923395,9.905903059503364,9.320908262717357,10.056058737493181,9.794894016296412,9.870355347597133,9.671050294101379,10.009971527122175,9.949953451835597,9.50268091092514,9.276663201326334,9.817450099039085,9.900575344106366,9.356563023389821,9.942257147495704,9.40237497111519,9.446607330174578,9.81033059667191,10.22916632364738,9.478697089808225
