,photo_face,photo_profil,photo_eyes,photo_face2,photo_walking,photo_standing,photo_hand,photo_legs,photo_bird,photo_butterfly,photo_girafe,photo_fish,photo_cherry,photo_tree,photo_flower,photo_carrot,photo_watch,photo_key,photo_truck,photo_velo,photo_road,photo_house,photo_mountain,photo_windmill,drawing_face,drawing_profil,drawing_eyes,drawing_face2,drawing_walking,drawing_standing,drawing_hand,drawing_legs,drawing_bird,drawing_butterfly,drawing_girafe,drawing_fish,drawing_cherry,drawing_tree,drawing_flower,drawing_carrot,drawing_watch,drawing_key,drawing_truck,drawing_velo,drawing_road,drawing_house,drawing_mountain,drawing_windmill,geo_face,geo_profil,geo_eyes,geo_face2,geo_walking,geo_standing,geo_hand,geo_legs,geo_bird,geo_butterfly,geo_girafe,geo_fish,geo_cherry,geo_tree,geo_flower,geo_carrot,geo_watch,geo_key,geo_truck,geo_velo,geo_road,geo_house,geo_mountain,geo_windmill,word_face,word_profil,word_eyes,word_face2,word_walking,word_standing,word_hand,word_legs,word_bird,word_butterfly,word_girafe,word_fish,word_cherry,word_tree,word_flower,word_carrot,word_watch,word_key,word_truck,word_velo,word_road,word_house,word_mountain,word_windmill
photo_face,0.0,44.40646181993848,56.41411190362303,48.2002915636118,44.983145797106296,44.19792419095791,44.210767873407825,44.14456551493737,50.33860606146301,53.82842752037233,51.78612721380029,50.27089379127085,47.56444390626571,44.208240327029635,44.9418948006545,43.159036700703794,42.827788684194886,51.359321169666806,54.77642241908388,50.0601519509215,59.30770996146794,51.18219708607217,49.944902730162575,50.82277850709235,45.593082000191934,48.04423496357168,53.33065963284181,48.966970255634926,45.84771569750091,46.57493356077668,48.55759981051916,46.71091559706186,49.77219090226608,54.35274332461867,46.96885105865332,50.61795822767867,50.57073714978184,43.87265226859027,46.47717438217875,45.85968120572599,44.50738565204494,52.54507150206697,53.50101768140975,52.96973499276544,51.8070048696256,53.9255894717628,50.80790185706654,50.61854742953223,53.920979932605086,47.12052136110421,53.167390228305614,50.70614112039771,48.05643612385994,48.68158970049461,49.01719647691293,47.52616758833709,48.08088871257915,52.162817615705045,50.23880045748088,53.97808145974639,50.7362577191429,49.00284135019777,47.89387203295737,48.49760424972387,49.474189063168765,53.871035429690224,55.54606549329687,55.28079314383868,49.04111653479891,48.624579445150566,50.92999763840009,51.094659651545,52.38195022398524,52.3467696255313,52.02565329085228,53.62161946748337,55.01080537909646,55.76155247059732,52.1596125451627,55.39612270732471,54.029190442468746,55.47166642343842,53.03238613720441,55.50166378223782,54.77655930759603,53.057036187837724,52.55930690038965,54.0880109071396,54.44917355390367,51.37148217645712,54.96609591852577,51.75049355516403,52.962414485991744,54.34633848031631,56.155099669245246,53.26767374196755
photo_profil,44.40646181993848,0.0,57.86518416053655,51.711079809028824,49.79603515534243,51.398346356619456,48.105250312295325,52.358126669171355,53.844185728604174,53.55513568488366,54.060103711370026,53.89344865039595,50.65890548868412,49.50826504829329,52.68030542620053,52.285911847352544,50.65121805705841,54.664072685559375,55.14828370885157,53.32501281613682,59.767543327629035,49.18145288666349,52.222520268192135,50.39931668691108,50.47686975796882,43.4566271307549,55.442102273302154,52.11436038963626,49.56735490016378,51.96866357696658,52.375814747776936,49.0627305197485,52.20644875576106,53.06781331523371,50.09865175117634,53.182975069581836,50.69347510818108,50.568904035280774,50.611182258507455,52.70605628249108,51.70370412130278,55.18139032854025,54.00351149651534,53.36961466474772,54.219138453568256,53.28065439314472,53.45873071880248,51.467114837682516,54.148685391356565,52.17221552911438,56.795537553793714,54.09022222259678,52.71570158262844,53.20084133208101,51.83557316214722,53.2989589269307,53.860720461196195,53.84660946667106,52.97619379516147,55.47477896995716,53.034885030659254,53.77344186030353,53.912085190140644,54.882227418974814,55.45438200881582,56.76541041651422,56.737042265512756,56.40618974243135,52.95703557352524,51.072466475003246,53.79362661565045,54.04078372695903,56.8217310297966,56.54930422812526,56.49342384767457,57.26560968826764,58.1887400113071,58.936890700873214,56.50884025067087,58.71961534855068,57.301223488151486,58.66714440415898,57.14669219614338,58.74790472103074,58.269094966859825,57.2431943488842,56.70230719376161,57.60713036814041,57.8531542029946,56.35686521393623,58.332593009625946,56.33858342535109,57.43947229299045,57.689754948456674,59.5290824925804,57.24681916275224
photo_eyes,56.41411190362303,57.86518416053655,0.0,50.187361418439544,60.53705263258005,61.5463333524352,58.548516626740145,60.30576514599487,56.7173007765882,54.34695512687489,59.68056887395994,55.4275386505977,60.01522402326734,60.00922839637869,61.0858611325549,60.34768699398152,59.228346121139644,54.97243234259111,52.82525179541774,56.60586743286024,48.395684496903975,58.06523498851366,52.31653213915387,57.375206460081046,56.982605014395595,57.02998552338089,51.11435235871084,52.30605676877436,60.022117910112854,59.41152947320534,61.228710311155055,59.250352699297565,56.34814803167306,55.07772944609792,60.385318235437246,54.23267348389375,55.46912115935541,58.701840894869626,58.68907619449434,61.315532572984054,57.66201386242419,55.34742018135774,53.466190326455866,55.530313585221485,53.560129257804526,50.4732373209376,53.46653430342933,58.497394469164966,59.205973129736144,58.775315325089224,54.30502880788065,59.63503702879608,59.519254810491226,60.27576099125108,59.94858170060706,59.89343317923612,59.87239486435256,55.55614065928499,58.74759159621371,54.18697347554798,60.707735791320054,58.6831014988564,59.22190412083734,60.51599587474331,59.551108079995224,55.49444023396101,53.669482752228305,55.810343549997256,59.61039004160589,57.929615133903795,55.493084349724946,59.17608588446056,55.76398979515221,54.98837484180115,55.4300757158082,55.66035921664819,55.76922748837834,55.94908914191963,55.004970657650325,55.860146526944504,55.3140336593739,55.69151129445939,55.92843531305984,55.77251645809937,55.834064520432065,55.79971356847323,55.075484137624436,55.825327089355866,55.56382279537868,55.792051464622624,55.69669029739603,55.54853522638572,55.452575980077185,55.18848414908299,57.046446399112185,55.064180963027376
photo_face2,48.2002915636118,51.711079809028824,50.187361418439544,0.0,55.155671380769306,56.016386619607985,53.13017527540814,54.813982275784,54.24996570565775,53.157056979952394,56.25222258495218,55.301491463131136,55.31192833215948,54.29538486996171,56.77346558511445,56.40151346114265,54.867905272683906,55.56461850475538,55.340208572086986,55.3336658126298,53.961236178753595,52.885611070376356,52.292833723341516,52.984311582596696,51.56286896577997,52.55733010435823,56.236176219997425,44.24879469971594,55.28876404928696,55.39110739667116,57.32452087251877,53.402919443680325,54.812688827504275,53.857578418350144,55.652585525290576,55.023859781577535,53.791295960905956,54.644396160064026,54.505706836787446,57.36109000373195,53.781048888687025,56.73185578263609,55.41371934876724,55.2989292023788,54.89103034442737,53.266843794469146,54.6317311690129,54.47673574160614,56.29585727827087,55.70802659409367,57.370187756151836,56.21592226349731,55.927816933859006,56.093399398837576,55.766676447335556,56.156415532209,56.89974577138629,53.987697905718306,56.35090226632282,55.96021814313649,56.97222862193064,56.079163500323766,56.36097890978538,57.71545396605899,57.60681620747326,57.656907985038615,56.409177321710295,57.171190576879404,55.375821903915444,54.8051953354902,54.73200054021276,56.0513616946925,57.18671902095315,56.81324390327352,56.98630469504738,57.617868949890685,58.5157361230349,59.03122688922245,56.7031205106505,58.878710958682454,57.76666396409165,58.701961737727245,57.79251392413013,58.77766426276008,58.44696993765424,57.69940783461428,56.98686804335107,58.16623597229897,58.072742571543664,56.87315809295697,58.4378701966879,56.83577902785017,57.56573067189239,57.8080238441384,59.770051829834884,57.375975314724435
photo_walking,44.983145797106296,49.79603515534243,60.53705263258005,55.155671380769306,0.0,38.494443183853896,44.05396604899693,40.49728193809354,47.572558181833784,52.71490310150495,49.524348628911596,48.219213675455684,41.525220919565015,41.67614301125421,42.40762396374787,41.44733027269722,43.284355555081774,48.83161806655516,52.83431798839806,47.581418237768645,58.339785371779534,51.21312125101453,46.409981412266234,48.75297832643144,46.93353377416802,49.478582310693525,52.192262968661915,52.73938184879101,36.78737324129903,45.9276613476591,46.667512739080024,45.115350704870465,46.9351403853452,52.45430791645548,40.43442677652092,48.16750668774816,48.680681967535065,42.35396589601379,46.74333075913105,43.92364794574932,44.69451779529414,49.98562057105476,50.81957259748897,49.98547016298633,49.44137540094192,52.55182086518863,47.26328729652802,49.27599026399938,54.16767174288754,44.884508292355264,52.05808482276885,49.73764325046373,44.40884099840057,45.96832963108294,47.25006549714766,45.809256303723,45.4525625272866,51.35626523116459,46.27373733312553,52.37321530782824,45.86938193409576,45.65158967156796,47.0236529080557,46.93360895483764,47.80248336938568,51.965844148539794,53.9485749274605,53.8859735563207,46.62046425041605,49.480691844054256,48.70378387603889,49.81792526576128,50.984044765999606,50.82194417222491,50.74091720685414,52.518181742482845,53.201826371573,54.097293621490564,50.817855382383655,53.91999492582292,52.67196948108114,54.17615336762657,51.70785220167344,53.972737058548454,53.39840230898008,51.5972410423318,51.26209411970129,52.591113794231866,53.015490920515674,49.622642796285135,53.501914501862075,50.47618268514865,51.652224856540165,53.01347689008999,54.66346481045861,51.89126074001682
photo_standing,44.19792419095791,51.398346356619456,61.5463333524352,56.016386619607985,38.494443183853896,0.0,44.232661667620874,37.232586309465226,49.59081355200609,54.3347787977425,47.41688318535927,50.1999541288678,45.39325005358214,43.28257621499212,36.66071677551076,36.58737494256793,39.15339142446715,50.76127234481699,54.60991817123507,49.653594088801114,58.81287946240751,51.59487255433565,49.29111342867664,46.98504425366649,48.30391304476122,49.84512778479874,53.554558759046216,52.32097165150289,41.69352093086312,39.81292222810382,44.29456836466405,42.98030458087703,48.50577871846934,51.9911302365691,39.64670543845209,49.89633949357481,49.73133296101746,40.77942738144543,43.659152933097566,39.11449334785784,41.80335403605122,51.19476307281326,52.964603369467156,52.23950350779429,49.61611568830259,53.729859913774895,49.62127957885032,46.440937978910554,53.28081284401698,41.34313777028332,52.762614820613656,44.95247999410024,44.93897179653464,41.27164314332178,46.08288117011595,43.65972204719367,41.53963028582472,50.93860974285049,45.78407252075155,53.40817920703429,47.60508834675241,45.58701541114041,42.39892988225731,42.506935900848845,44.66831043631187,52.581701116738635,55.29691597911925,55.031458756672656,46.01345355860335,48.90828236200201,49.34600233029413,46.50661215114533,50.998290997802656,51.08351407568353,50.96656104705638,52.91552411388714,53.745893886661044,54.49647404061636,50.940014515496614,54.41378573847948,53.05178363953493,54.400393104158326,52.21340632916493,54.39705557704649,53.7807619627897,52.19408973099072,51.537820021205384,53.184773178242324,53.49327178563344,49.7093817359398,53.96989789386235,50.63998772826828,51.987517536006564,53.38007629976225,55.05983060630712,52.159791326872124
photo_hand,44.210767873407825,48.105250312295325,58.548516626740145,53.13017527540814,44.05396604899693,44.232661667620874,0.0,44.18207737039857,51.10046012516627,52.454375610909125,51.439959549271336,47.76798149011947,45.285826740553524,44.8093775947129,44.42006648925615,43.62412687203512,43.275317928929745,50.47397868616681,54.194455002255665,50.43034356742914,57.715693465396235,50.70853590516335,49.40143071343813,48.92151646329402,49.746017354949906,46.81035264342925,51.6862382383812,50.611365457064274,44.307869855214335,45.065083155656176,43.86029135906541,46.56316937955818,50.17705926780573,52.24409339152601,44.097254461111014,48.33704460537804,47.81171506419541,43.859043461024996,44.11562009027454,45.4807494401723,43.30166248701477,50.6184061478335,51.06761308206159,51.90500970838748,49.149662895405754,52.39003181378949,49.59662680180091,48.156733172493404,53.09501263254081,46.25571967308229,51.733505673815806,49.3022440857127,47.403627969876744,47.46872890440533,45.30341972164812,45.979507803360654,46.51857481234364,49.964991969832475,47.552105527645274,51.76614805903627,49.86482535139585,47.89255920367269,47.01320106889501,47.61087648279761,48.24155475676469,51.983320479063856,53.69444689253034,53.56834828527755,47.789927989372046,48.42461618121393,49.6695768696249,49.24830055394018,51.333523844899084,50.92930916947843,51.155823037307684,52.46288197179759,53.301358171692726,54.05619986762782,50.958501703635974,53.837222975214495,52.4473081993543,53.97212426819685,51.60188019412121,54.01566131060148,53.305878192075056,51.779657042007244,51.422195799656734,52.40579166945199,52.96350337681589,50.24674641257513,53.32789216921566,50.94011033353981,51.80750759406533,52.91454699174796,54.66233510915353,51.77845226779627
photo_legs,44.14456551493737,52.358126669171355,60.30576514599487,54.813982275784,40.49728193809354,37.232586309465226,44.18207737039857,0.0,50.24277371996426,54.65398973387388,51.56554839561453,50.11901288553368,46.233009489586124,43.61867007119475,39.69471166699153,38.09333140860729,40.991963329345836,50.8415679956889,55.81483694171401,51.15878146821783,58.82029032885795,53.09994838451274,49.65647754545291,50.10089575430616,48.86733783892031,51.04004220370316,53.669532717808366,53.082026071994754,42.81353378639289,43.657655095531425,45.956610628917645,42.036936521116516,48.88532481232251,54.09050914289367,43.80783488997821,50.262099270046136,50.74331464795636,41.58987465379364,45.9417718463283,41.38029588689649,40.98218032570306,51.91887848037222,53.906454244988105,53.56924394140068,50.75252916750348,54.59952669610236,50.00131891398874,49.503939027739236,54.29365664992151,41.3808073974672,52.45567184819733,47.63634561421326,45.65264223501976,43.96419296325142,47.51833662035243,42.29497413459909,42.69650431606434,51.96728859701332,48.04436147059438,53.5409387329774,47.64272486929492,46.159043271128205,44.82795448110955,43.830776273882904,45.852349648416066,52.856886362836654,55.475707864019654,55.4628356703126,46.41703172001835,48.984735979903206,49.553366691090254,49.14481645284854,50.814268364509225,51.034042622916544,50.77697953360762,52.89933230871894,53.87066769634921,54.43042303420361,50.97975576320887,54.349787719354126,53.16730085314091,54.519100013724696,52.1856246130843,54.53696016668493,53.928243469771935,52.016896581741044,51.41954510977334,53.07066448491713,53.44918640636997,49.633006718123404,54.022630657913986,50.425485744366995,51.69772069621959,53.46729256528387,55.15652916692033,52.0755317559586
photo_bird,50.33860606146301,53.844185728604174,56.7173007765882,54.24996570565775,47.572558181833784,49.59081355200609,51.10046012516627,50.24277371996426,0.0,48.24583117766449,47.24860435406631,39.856132197570254,49.896025038565185,48.898009666556916,49.014643189772805,48.39461352515607,47.80551804877583,39.010801675287055,47.74845432898649,45.72327848095586,54.98908511054407,52.8727146144017,47.84129633327767,52.005839763446644,51.07624309455916,51.79632244397122,47.18124747558331,50.383367705898095,50.506092357611706,50.73288133262227,52.982622463131996,50.95927836068976,36.23340802176076,51.52126789730276,49.04382554751099,42.76249339875803,50.0525091339037,48.665586880572484,49.60102395225472,50.85505314732602,48.98790562599718,43.32796630588294,48.3115111547877,47.89748742814864,43.24045787910644,48.77989653871614,45.05578099078661,53.0177104834305,55.43440463574311,49.38981716809569,47.332579535243646,53.23281138616442,51.41399307046018,51.64577989235857,53.51692815456371,51.54360591971104,49.80482778353532,50.69558716940571,50.32806969538783,46.79900131854518,53.28290559852958,50.97279338472702,50.77118119388477,52.12966062412808,51.79470150322719,45.82627959724963,50.70764313161246,51.09529862619007,53.086322448392025,52.366366746933764,48.59581107233845,53.33225931819141,48.71703469532893,48.46935535479044,48.15188362280447,48.56851480470611,49.24293396836786,50.193977727881595,48.64813782034681,50.05873822264378,48.84109065499904,50.31050988980462,48.491889844638514,49.96894087436466,49.279509190897556,48.79012062103228,48.7102507640636,48.681337799059186,49.27735301524627,48.177456100216816,49.6830053512504,48.163717401420264,48.950868446937264,49.14862343811816,51.03525188579923,49.08039310176719
photo_butterfly,53.82842752037233,53.55513568488366,54.34695512687489,53.157056979952394,52.71490310150495,54.3347787977425,52.454375610909125,54.65398973387388,48.24583117766449,0.0,53.57165188238098,48.62580215626671,51.038951451653205,52.12124123132896,55.2525574289307,54.239914619622475,52.97341413942696,49.38757802352068,48.368308612142535,48.48592819614122,54.739306582428306,52.0928750015111,51.38645346646963,49.56944851374938,52.17215241520006,50.2873177782792,50.167567187532285,46.82577194001587,51.98570657598204,51.87558524568458,54.04128952467498,52.45530690934026,47.22345791397189,40.74392433791516,52.852364623500655,47.95065280145815,47.01988382117098,51.84440854713568,51.01536474984581,54.5610051426157,51.89351325104673,49.55126183550589,48.01683924570078,48.808329866347016,47.23615522334787,46.807538273992805,49.36050626040872,49.42676471197964,53.22719977971482,53.41445490140253,51.8029194265127,54.09372665019284,51.98715202555619,51.744856550984,53.34188106624291,53.63444149837139,53.53546221675902,47.2551679831296,52.28155016712014,49.39301066521824,53.726366304870375,52.08441741048826,53.14172739555664,55.2690350488691,55.23624172403098,51.909761903689216,50.67822652296778,51.06107614386597,53.84230169080711,52.47010321670332,49.99059416894382,50.979847690417735,53.15030706500626,52.52938589238879,52.897914471035286,53.527731243163565,53.888987732669065,54.591951120220514,52.82783101001424,54.283783000686746,53.15447123701801,54.67291207725067,53.046610863915106,54.49805781469102,53.95773452167064,53.44353142428415,53.097085430403524,53.274266615696,53.76820020189335,52.758375547398494,53.99537073601964,52.90894081586836,53.65004390906038,53.561667028895776,55.57118222603491,53.34772088096766
photo_girafe,51.78612721380029,54.060103711370026,59.68056887395994,56.25222258495218,49.524348628911596,47.41688318535927,51.439959549271336,51.56554839561453,47.24860435406631,53.57165188238098,0.0,49.49444534982062,51.98508209857863,50.81690013949633,49.178212166013815,49.71818655038973,50.08395183815173,49.820001252859846,52.21970838620668,51.343570350784816,58.276794575767184,51.54574682797655,52.13099848908903,50.962458184927726,52.9204254470527,51.77151726360235,54.135109270600985,53.17828196836118,51.15124490769129,50.26938727107612,53.00842226945133,50.77559703435962,50.88970801237158,52.88976528702822,46.300951922695305,51.36698909403568,51.885859200070236,50.852340328335515,51.115060140103324,51.81129794281071,51.679604354773545,52.588300720491304,52.25580923974187,52.15960640110474,50.374796274193706,53.64678714934035,52.744873903118425,52.57850090179719,56.81523343721528,52.15563613693138,54.893260329748934,53.384058559623284,53.53126839095974,52.333179617567765,54.34628295099078,53.25933049637412,53.99345642389714,54.22685970123979,49.168243254465395,53.960951987261545,54.91972624735358,53.85825474228318,51.821804613119966,53.211055061547505,54.655769349886455,54.239040728018544,55.27162305068593,55.812024762559155,54.12773840888686,53.86798608251345,52.693031197470816,54.11195981115479,55.50254025769126,54.96334138615255,55.28543013564736,55.968699337019856,55.801327204916596,56.7456365905863,55.15144673798819,56.841887489149514,55.61897843937666,56.56509678953562,55.656327306645615,56.54008389483312,56.2654733008856,55.7889820227839,55.42386061117741,55.73643039038795,56.07205544614036,54.82879623720529,56.372224447612346,55.09984103277527,55.831361860396406,55.87553027225898,57.33380053243568,55.685505396687645
photo_fish,50.27089379127085,53.89344865039595,55.4275386505977,55.301491463131136,48.219213675455684,50.1999541288678,47.76798149011947,50.11901288553368,39.856132197570254,48.62580215626671,49.49444534982062,0.0,49.06865174673248,48.706156631502076,49.54229219065956,47.13906827295416,47.396225193773745,37.777407902299004,46.38526417380988,44.13999183600031,54.147743209290404,52.811735414096454,46.630519730469814,51.68245325596683,51.00640407686667,51.26103616838146,43.66752200782813,50.32250364286844,50.467949596006605,50.318827478983955,52.160307677680855,51.43138101531676,43.242725380310475,51.09558500371858,49.22580619277994,36.38607210006487,48.074349233224346,48.282568465808524,49.18199207607438,50.16487267372393,47.762443760488964,40.46286360421857,43.059452443738536,46.208106345280626,40.3300080770477,47.45518955663669,42.806964929263025,52.341011354538495,55.15142727186672,48.90443018886455,44.886464375259415,53.06146544203772,51.59360758864357,51.70623776981136,53.03772180817872,50.69007113238158,49.674259403942855,50.78759173541854,49.67413627977271,41.804720881091164,53.22536646851207,50.24955052708723,50.76064289843566,51.58405220965146,51.01525769865012,44.194415829030305,47.50274834178317,48.89115178847799,52.47727281872198,51.585510498926105,46.79902103723096,53.07944232138227,47.3001253044214,46.83134510624074,46.69924412300548,47.22172728917531,47.21075487249774,48.22225415566503,47.16092092180503,48.02390108424612,46.84635931763291,48.572487928677404,46.87056590688551,48.237887648734215,47.510984971448565,47.08202694314948,47.08849857881568,46.49163759937487,47.354783014004916,46.64393116053775,47.56788090239142,46.800192964449366,47.448074900621286,47.39902011354994,49.11050006900053,47.44479653301861
photo_cherry,47.56444390626571,50.65890548868412,60.01522402326734,55.31192833215948,41.525220919565015,45.39325005358214,45.285826740553524,46.233009489586124,49.896025038565185,51.038951451653205,51.98508209857863,49.06865174673248,0.0,42.637135610319135,46.7238147910309,44.95522925605088,45.722900523863466,49.027294215053594,53.31961827636186,47.53357698638338,58.8050943535091,51.499402291069856,47.13038338244997,48.630374531471745,49.235730655574955,49.93216651051025,52.671384837953894,53.76586411976307,44.73588349198602,49.54494293527123,49.41131131039373,47.79146677611461,49.163568685967284,51.677644045001735,44.784941325279185,48.65239634828638,46.194785441141065,44.84889802821027,49.648988375857265,46.42236125543973,45.94177685446602,50.55573017363247,50.556155737682694,50.19548406425968,50.60539240038357,52.01018514030275,47.727435135116096,49.56217814985739,53.59107065892425,48.26915987761929,51.993310599282516,51.59588819844225,48.556656100254195,48.95349156122428,49.353439414910575,47.120865039386345,47.69309540689046,50.304210539134914,48.02914961491107,51.82517662494305,45.779973014950144,47.28370379925659,49.12939925430983,49.526299205946714,50.20894592904053,52.16583788760154,53.6301146358502,52.24469243291204,48.08598697188563,49.48035761181443,49.176065486102495,50.259563381606625,51.93948501717111,51.65999008470423,51.83982109245501,53.465889085478054,53.90671208606631,54.7084332369,51.655537306825046,54.65171278192641,53.0165418221128,55.103692217156144,52.27774702809379,54.657519289801456,54.07661956321375,52.40895194120623,52.052199194841066,53.188526898276834,53.63902727741912,50.96175247672066,54.172497951226454,51.57769068784327,52.448602089887345,53.63967776222745,55.84572158138381,52.56712576573831
photo_tree,44.208240327029635,49.50826504829329,60.00922839637869,54.29538486996171,41.67614301125421,43.28257621499212,44.8093775947129,43.61867007119475,48.898009666556916,52.12124123132896,50.81690013949633,48.706156631502076,42.637135610319135,0.0,42.84764286692858,41.50659422292027,40.351269273279925,49.3308774922101,53.64708233208841,48.82144730953754,57.474907041091676,49.04216587700459,44.9165134644837,46.732435642978025,47.942570992613135,49.29342601871461,53.42796257117273,52.249790530960944,43.672273081589886,46.97406765774629,48.893017468257,45.52713099581315,48.427394285938036,52.1234743878413,44.012848927996146,48.78223485448097,48.637229675640626,39.23140977221298,47.67016346711608,45.01113066067173,43.211493976320384,51.121855260576524,51.92566927079592,51.40810579157047,50.51833470390087,52.41740334863494,47.49028662632697,48.27370269528356,53.987087350750386,45.78828351365261,52.835403961901235,50.656086336833766,47.222500305255636,47.36607255562665,47.492514531593166,45.83582333269241,46.48840700240996,50.902106360086044,48.210632715111224,52.94944390157693,46.65145617105791,44.922298441943965,47.258210356310485,48.00316229653362,47.94152557569996,53.00041630758215,54.53621496654244,54.43539369091086,46.29715297308814,46.89819996703409,49.17043266349384,48.71976168383218,51.28090794284653,51.22035104737872,51.312665481424766,53.22066192432303,54.11836433970914,54.7913393523039,51.181783028490564,54.530739308226444,53.1267906874021,54.67370422362278,52.280217626666406,54.69504929297129,54.04739891169949,52.03057290153248,51.662575997445785,53.35080071492339,53.58554615543653,50.573247920626834,54.23722253369336,51.16923427849167,52.02550226935068,53.525940338290326,55.3682017504178,52.24903714160114
photo_flower,44.9418948006545,52.68030542620053,61.0858611325549,56.77346558511445,42.40762396374787,36.66071677551076,44.42006648925615,39.69471166699153,49.014643189772805,55.2525574289307,49.178212166013815,49.54229219065956,46.7238147910309,42.84764286692858,0.0,32.63201697139671,37.53571755585779,50.17469047514239,55.09233852869149,50.14797759142418,58.25683168102826,53.12424731788401,49.197905507191855,50.33817960901909,48.759525711319675,51.14313292093621,52.801821442201216,53.50921213111024,43.40076518217474,42.028730763136615,44.156909243076164,46.047200949081365,48.613621680356964,53.86966424155902,41.720257366536245,49.38969487604102,50.75590862890853,39.14098423344716,41.443334007188795,36.854306629530676,40.337456192603376,50.5807375654191,53.535168371206865,52.938753643826956,49.00060830032077,54.29987690947812,48.62101238084924,50.011030386381115,52.96034306332853,40.164697128422624,51.13336348822321,45.66545185581422,44.785426357567275,42.29610757390354,46.4515648775134,42.57108850126261,41.05428534477707,51.02984952632771,44.95230090128562,52.15738382942898,47.04001175657332,42.891945579589596,38.90076282481139,38.59927505711589,41.718395424912664,50.99902982866153,54.08327935013514,54.41836208452154,44.652601683012655,48.62195851402865,48.330120543187135,47.742198011607066,48.75238977925215,49.37066834525293,48.98257122515939,51.46466685645772,52.46776929367743,52.9118942248223,49.03000040745749,52.72835992368185,51.61208085965279,52.869375428467286,50.45189532609387,52.964439901468246,52.20865213555431,50.308734635970126,49.66561324379202,51.735562536920725,51.94574712155282,47.727284581760316,52.54583631474533,48.63282932759684,49.937056394226346,51.86576847168991,53.71056500915275,50.44659458776711
photo_carrot,43.159036700703794,52.285911847352544,60.34768699398152,56.40151346114265,41.44733027269722,36.58737494256793,43.62412687203512,38.09333140860729,48.39461352515607,54.239914619622475,49.71818655038973,47.13906827295416,44.95522925605088,41.50659422292027,32.63201697139671,0.0,36.066943680006766,48.222672190056926,53.92458936248364,49.19705207431689,58.7564946392847,53.18767072404549,48.31661147354733,50.68963256651049,46.47560391754345,50.53010846369874,50.72069966726012,52.426831290686,42.39412070917479,39.87210208121984,42.54806498489132,44.377024370434945,47.64387412943845,53.00219664475432,41.4433572050075,47.2851002737566,49.487219126009876,37.90424952095565,40.97109185842581,29.576215496239048,38.04365548779528,48.3980524688938,51.64798997489492,52.16730892298097,47.16137686734374,52.82836210522256,47.049206727851,49.67944264947971,51.78012427155774,38.12042379358318,48.760248752177745,44.51482033403888,42.616301769335884,40.04358482651976,44.83115129346802,39.76062397776891,38.10493094193219,49.59909033493454,43.84196321009558,50.23687835484176,44.40847887969972,40.428560678279474,37.12943900056474,32.877474386166604,38.5980794356618,48.899777366287665,52.27729096929765,52.714980894388766,42.537805882629186,46.855432626568366,45.88352606682735,47.09966133275149,46.67638067480058,47.27942251831668,46.78752816095868,49.14905039803374,50.36110360595678,50.8502143094899,47.02518450581615,50.71131129415267,49.514226913811235,50.88744885502688,48.181866023897605,51.01275389280449,50.23084759015404,48.22408431279604,47.6804802801742,49.517788739387406,49.887338561176264,45.42400185150575,50.4582240242226,46.215940056913816,47.88404345697031,49.929303283922096,51.73434038880802,48.400843248621996
photo_watch,42.827788684194886,50.65121805705841,59.228346121139644,54.867905272683906,43.284355555081774,39.15339142446715,43.275317928929745,40.991963329345836,47.80551804877583,52.97341413942696,50.08395183815173,47.396225193773745,45.722900523863466,40.351269273279925,37.53571755585779,36.066943680006766,0.0,47.289136607560714,51.84115640617291,47.510392373204006,56.982584734885734,50.018118064894765,46.88063429267851,48.68395791658838,44.9517123187058,47.4061858348832,49.4330315127389,50.10917207055055,40.8216232842945,38.80932624747477,42.19399653357258,42.73030904018973,45.322926886410215,51.24706630008195,39.72005320248585,45.74882072040091,47.623787072176526,35.61784581634389,39.94416266501438,35.66963674196741,31.13341887955042,46.28191180808728,49.876733947153454,50.174058656756436,46.64392957489433,50.27517087352972,45.29305588156752,46.08634089747491,49.83018769609749,36.15539686209606,47.262823584730086,42.59960726648655,41.27766607571983,40.00636097948826,42.19080126574767,37.53108611644337,37.10866263616881,47.86825442874673,41.730048949927955,48.11048021683936,44.150561724053844,39.451007847624275,37.37113844656532,38.40898543227095,35.58657199039583,46.959476757661925,50.80388935921078,50.99499958441222,41.33011676362978,42.27235265751181,45.42273663441928,43.453892854342044,44.88278376138303,45.17225725821608,45.046248941928305,47.39409117644409,49.03586462981321,49.59269932032456,45.05756372006157,49.28403287962855,47.95812372746029,49.123031968171055,46.703246751760226,49.475143378758254,48.7871602948806,46.49209493018436,45.45608570928716,48.2207605805601,48.241459189806456,43.657986875378235,48.97315452918147,44.64599711005356,46.06624780284508,48.1991308301436,50.31640273506066,46.44270812996095
photo_key,51.359321169666806,54.664072685559375,54.97243234259111,55.56461850475538,48.83161806655516,50.76127234481699,50.47397868616681,50.8415679956889,39.010801675287055,49.38757802352068,49.820001252859846,37.777407902299004,49.027294215053594,49.3308774922101,50.17469047514239,48.222672190056926,47.289136607560714,0.0,43.398815324034985,42.71070063342601,54.28208913220484,52.55842105914211,46.51840490881204,51.97107199688899,50.68860096482681,51.8296376244391,41.10959036202194,51.291837018541685,51.259280070323214,50.83693187606374,52.762704106084605,52.37289761033574,42.01920781061202,51.57717380203428,50.2927423043014,39.34510814748082,48.36196363182724,48.697670441776395,49.89419001876897,50.29540318622923,48.248630989379116,29.8040766630437,42.622430014160216,45.59388042282277,40.281315332760016,46.30832760166345,40.962184626913846,52.58115322439735,53.70443578659958,49.24171398203595,40.841928075543876,52.63278648530075,51.77703435152272,51.92107340580599,52.771431872510234,50.41167078453478,48.459143936169035,49.48608187326365,49.434725576641846,41.92173861074357,52.020860799891736,49.17045878017056,50.1068598160394,51.19323282329253,50.19219671267465,35.99772748722001,45.0082359482337,46.47972308105775,51.3927410454095,51.171533032812484,45.72849185507811,52.099518289522834,44.66985390430617,43.696653714265416,43.548022902321314,43.534496795337624,42.33292353749218,44.08223234068878,44.16497786637903,44.072370333139055,42.4468340324244,44.84070320910068,43.225606156144245,44.020586206380244,43.299487808567406,43.863678238949426,43.93400917313941,42.41349740001692,43.66282789866962,44.059159660241995,43.47057010162544,44.099234563776456,44.235167183968684,43.55886246349828,45.46930028916264,44.04380349929604
photo_truck,54.77642241908388,55.14828370885157,52.82525179541774,55.340208572086986,52.83431798839806,54.60991817123507,54.194455002255665,55.81483694171401,47.74845432898649,48.368308612142535,52.21970838620668,46.38526417380988,53.31961827636186,53.64708233208841,55.09233852869149,53.92458936248364,51.84115640617291,43.398815324034985,0.0,46.19295020686335,52.07243634225003,50.88542300934405,48.67036596816044,51.49474932183162,51.2618670037786,51.769419869351665,47.56735078849745,50.207009946935614,53.17054648725663,52.53592007270502,55.13091332630125,53.61516527020704,46.00660371845552,49.31612952799147,53.02160708814785,45.076755937092194,47.88922706661638,51.6618814806124,52.268832246935354,53.60318666040092,51.815513570948134,44.39379912574779,35.0621679428179,45.00504794704376,44.23762995862681,41.98769168424051,44.53137402228423,51.47980556919194,51.825011976353466,51.679494194543345,48.32383861680432,53.44047701798541,52.324141649905094,52.996766880093176,53.0778137513184,53.57282469556291,52.273082221487016,48.87989020910153,51.35694239275661,44.23474318929825,53.38432862769564,51.081108054403984,53.059607810177106,53.95200964904265,53.46862528838884,46.73662175700278,39.825639304716354,46.99617511110509,53.27123277770021,51.515587428106315,47.8589822212601,52.7466270448911,50.45993022615309,49.58539499493435,50.10901553018965,50.17301910654385,49.29871130794314,50.282342503759715,50.01961177908925,50.46923265733246,49.21748969963937,50.29400466728293,50.24496237553939,49.947303653711565,50.26697565822119,50.531857285390174,49.88509994323877,49.8369239321153,50.30734126526974,50.133414384987056,49.879945129823255,50.16457843532697,50.72756070296918,49.87025360066978,51.15243073339115,50.15460668249257
photo_velo,50.0601519509215,53.32501281613682,56.60586743286024,55.3336658126298,47.581418237768645,49.653594088801114,50.43034356742914,51.15878146821783,45.72327848095586,48.48592819614122,51.343570350784816,44.13999183600031,47.53357698638338,48.82144730953754,50.14797759142418,49.19705207431689,47.510392373204006,42.71070063342601,46.19295020686335,0.0,54.8940146260841,51.727391915445764,46.3531294008497,48.95858069716043,48.28639913044143,50.3821485724809,46.584373566706425,50.77320921150733,48.75232286870984,50.09780532477142,52.2471576509197,50.658895843691134,44.8000071705713,49.72137273772799,49.79271086200762,41.764183390954635,43.61223177932627,47.2372035558063,49.83480340068403,50.32909018340135,48.433978173131386,43.36089725878961,42.890159460855365,33.19006384847607,44.020684200964055,45.3870987006112,42.563531448511185,49.82207640604565,51.4221757773986,49.10423312611617,46.5386029299324,52.26783439930906,48.912484578153546,50.72496175755801,50.9150943501025,50.97825025447506,49.79446336053867,48.751045823160325,49.528869031924145,44.441442377019555,50.017570259470226,48.09003887103865,49.67352308318504,51.362314848430124,51.96353060565085,47.010704877890014,46.386663842409774,40.06243847033591,50.89259209947963,50.09635163364685,44.39412136122593,50.02472202130626,49.67285775137889,49.22804370117631,49.089576036263594,49.59172683276404,50.22949536587723,51.06191468907379,49.44646822126873,50.59851377338226,49.40798617125162,51.21365569965887,49.159151574602646,50.864981236954875,50.02633604610059,49.51878616219155,49.50359327222847,49.156882409422366,49.94995461802368,49.189507656243485,49.92811167291796,48.965103708297804,49.809519334840424,49.982064879426225,52.10288701013993,49.76244736434925
photo_road,59.30770996146794,59.767543327629035,48.395684496903975,53.961236178753595,58.339785371779534,58.81287946240751,57.715693465396235,58.82029032885795,54.98908511054407,54.739306582428306,58.276794575767184,54.147743209290404,58.8050943535091,57.474907041091676,58.25683168102826,58.7564946392847,56.982584734885734,54.28208913220484,52.07243634225003,54.8940146260841,0.0,55.78102263802328,49.37833966830814,54.6677000975331,57.22822596841376,57.81340427668638,54.23863829147317,54.667041744492465,57.798625839344645,57.06318062072456,59.72591194220379,57.70909376480508,54.247807057220584,54.9237027335612,57.73380482209515,53.19805271125851,54.3531535613189,56.05574184901677,56.45329033681095,59.13938843470985,55.93593507289866,54.06439545875366,52.63562651230211,53.212615737703494,50.74256266904783,50.33171994507349,51.917067769822076,56.75485294470649,58.266950751146794,56.25375696559613,54.33177148623599,57.696895346511205,57.552221873427335,58.271977479278874,58.04003046432361,57.93728856552434,57.48450561348123,54.35446121863445,56.766153261629334,53.11675868653347,59.00195538234015,56.073810220108896,56.745234144338035,58.78020738563112,57.428074578233286,54.74007292958138,52.84262229049234,55.14143942327957,57.29387649469597,56.20389650659364,54.19186513842962,57.34470678898993,54.53763314946422,53.850819436622714,54.48282261075842,54.79944482385227,54.663991557369975,54.96065515556098,53.83413402050285,55.00586991994062,54.26807014284564,54.669697057987406,55.199505322340144,54.676765014770005,54.798267728249044,54.94755870718878,54.02889345751041,54.90547249625578,54.42718885830465,54.656990518148014,54.6645749178431,54.70116681069274,54.54414052354279,54.009793654746936,55.59302687873981,54.04514464789058
photo_house,51.18219708607217,49.18145288666349,58.06523498851366,52.885611070376356,51.21312125101453,51.59487255433565,50.70853590516335,53.09994838451274,52.8727146144017,52.0928750015111,51.54574682797655,52.811735414096454,51.499402291069856,49.04216587700459,53.12424731788401,53.18767072404549,50.018118064894765,52.55842105914211,50.88542300934405,51.727391915445764,55.78102263802328,0.0,50.16614996810463,47.48734190549357,53.06868532161329,50.11625244614536,55.708162296609885,52.77924297227748,52.01530498408646,51.792998017847864,55.1789538096385,51.287555514982984,52.86972800609532,52.47407978326424,51.74428044109587,53.03786764400906,49.73581904131296,51.09072601250105,51.95738281238032,54.48580626260936,51.835460159721706,54.58898784808978,51.228788934794174,52.07412675013228,52.03027631061587,49.60547146065605,52.94028557017912,50.39889054370448,54.31894114622194,52.82073225685454,57.02543063152233,54.48404479120059,53.33142930087821,54.11167746142273,51.93661055101074,54.049982762551366,53.99818738367873,53.2562867653627,53.34594144452728,54.66673600830781,53.63145608446613,53.582011213119344,54.399643595673545,56.031094301934196,55.96207824548081,56.62571090854482,54.90183836309776,55.66424753128223,53.386990883613414,50.3066403414276,53.6047415045313,53.51483593403437,57.235031687134814,56.68253565589105,57.25980304494273,57.75745533227748,57.823769413220106,58.70939603275709,56.794041156607975,58.68663103152791,57.37406460550234,58.55567023830766,57.57065310428666,58.44713309866482,58.26935243788933,57.77598842141813,57.00843888137135,57.76981019629116,58.008378414354034,56.8412758653614,58.17376388551284,57.130628281014104,57.77210082771452,57.58546168546346,59.45586855315227,57.406604275855294
