,photo_face,photo_profil,photo_eyes,photo_face2,photo_walking,photo_standing,photo_hand,photo_legs,photo_bird,photo_butterfly,photo_girafe,photo_fish,photo_cherry,photo_tree,photo_flower,photo_carrot,photo_watch,photo_key,photo_truck,photo_velo,photo_road,photo_house,photo_mountain,photo_windmill,drawing_face,drawing_profil,drawing_eyes,drawing_face2,drawing_walking,drawing_standing,drawing_hand,drawing_legs,drawing_bird,drawing_butterfly,drawing_girafe,drawing_fish,drawing_cherry,drawing_tree,drawing_flower,drawing_carrot,drawing_watch,drawing_key,drawing_truck,drawing_velo,drawing_road,drawing_house,drawing_mountain,drawing_windmill,geo_face,geo_profil,geo_eyes,geo_face2,geo_walking,geo_standing,geo_hand,geo_legs,geo_bird,geo_butterfly,geo_girafe,geo_fish,geo_cherry,geo_tree,geo_flower,geo_carrot,geo_watch,geo_key,geo_truck,geo_velo,geo_road,geo_house,geo_mountain,geo_windmill,word_face,word_profil,word_eyes,word_face2,word_walking,word_standing,word_hand,word_legs,word_bird,word_butterfly,word_girafe,word_fish,word_cherry,word_tree,word_flower,word_carrot,word_watch,word_key,word_truck,word_velo,word_road,word_house,word_mountain,word_windmill
photo_face,0.0,17.4812659828857,16.0566956070991,18.225290431995653,16.579223010029555,17.44255375425614,15.377454580015723,14.785918238269508,22.174314036160943,25.926021115084904,35.999611213098156,17.957632786829077,20.30769301128192,22.834536109086844,16.179877178935275,15.325914650083103,35.10616923571983,14.349780634871584,24.502752184747962,20.223412289797903,21.757046231277247,22.626300829879277,31.668876068926508,21.160110138725802,22.85139651310446,26.8277644150184,21.698771462724928,23.6531422666002,26.70894038211189,23.15896100875622,19.70642348652248,23.551853682483873,21.01962707638757,24.75184036036202,24.503378418478235,23.1465964593268,25.70413783305898,22.325983517925838,22.395779726180983,20.400940318591672,20.521630543042086,22.59842145044803,27.412497279013117,25.13896508631119,15.748848577833792,27.920164183900845,19.037632695439886,28.463714284816348,24.48781251114155,17.874771784272664,22.53917689906663,19.31349813286246,27.31205157527204,22.28601554110195,26.87051104491231,19.901800203254115,20.53098606419768,28.598893284644266,23.06942176006697,23.181783953660236,23.65998072595757,20.331363721289826,22.83112704495842,19.893200231766517,21.612720750989237,21.74413627183947,24.264456357418457,24.712361952448777,20.757900361556008,25.728344979890007,21.529791364052414,28.572571456087612,17.77164969571759,18.257741848949742,17.751651338384026,20.04081999988483,20.440737875550944,20.27683287206348,18.844278766291378,20.432106601604435,20.330485668145606,20.34982780118961,19.55924071587274,20.23771573011216,20.25697193500211,18.424313492888235,17.52374662881827,20.40280604277865,20.017484468235107,17.173829996945614,19.908770634084163,17.527320901138012,18.010732084056055,20.74489791218463,23.063581831940724,19.024394385594487
photo_profil,17.4812659828857,0.0,16.909434374702737,18.630718117684403,17.28440111454284,18.273007742067488,16.22896431079056,15.661109677524898,22.72798055115511,26.673622015863167,36.4551855922186,18.80973399703246,21.193346624939444,23.830875721163675,16.888161563198246,16.516126370262292,35.361655846464295,15.170804627686135,25.484292612842786,20.69259912260306,22.184803288212024,23.22422940006292,31.880155433720425,22.040721854128247,23.558653819878362,26.53922421641899,22.398029646508245,24.352596211255033,27.07681861045951,23.702758392168693,20.224354340872107,23.61052587758402,21.650929815327444,25.160908593695204,25.110817095645046,23.423248924312688,26.026586842790493,23.050196590660374,22.841111220622167,20.921177288731865,21.13221136272321,23.04043235326608,27.769394483839978,25.664488747264233,16.607715431459575,28.44601821485113,19.887860434450303,29.21418447271165,24.7989697746285,18.603918343103608,23.07056521430735,19.833097910725,27.94822039920158,22.7705031589561,27.500208658373335,20.498571021386955,20.900035069224007,29.115989627697424,23.572185522987755,23.75027648865238,24.24970956020753,20.780909091100803,23.41688145241131,20.518324192093765,22.13746604131377,22.522135894718293,24.70946853569066,25.201872586495746,21.331136622788165,26.33140832562171,21.807228585460376,28.99530558061113,18.56525246610061,18.859605401326522,18.246827527539526,20.428351381074908,20.940077070523692,20.86508878977791,19.418059590967697,20.92612275934152,20.76578068628473,21.229568996452624,19.91035639145203,20.629022713375235,20.709683875005727,19.183718044574775,17.96427185290437,20.801063803328727,20.69642058006062,17.961665810244,20.438037202738418,18.16511774646342,18.787175679735842,21.270962672387668,23.647778221333855,19.292286209819526
photo_eyes,16.0566956070991,16.909434374702737,0.0,17.814928368833435,16.136104992798483,17.028275268321796,14.948879066041714,14.36226251823367,21.591920402449865,26.245078816513804,35.751947632029626,17.515234340199534,19.95037319231629,22.722239690059524,15.680149054771581,14.987477072940473,34.751743346691015,13.795945685025949,24.71946468409231,19.726137569500402,21.182128725435764,22.499895856637114,31.24764122525856,20.815506830178858,22.515247434774672,26.676358124591047,21.20101062059507,23.270839495676647,26.310353375187425,22.738727364542413,19.342921412917025,22.99665140508125,20.66617510482744,24.567074290888247,24.1453728189176,22.84325497728862,25.131533655004166,22.132221657577276,22.09514709581828,20.028521984886996,20.131203946280472,22.304189732734876,27.244414011984425,25.050028591964992,15.491941336378684,27.251647412398846,18.716041439387308,28.230269568272835,24.1837113807491,17.41878049358627,21.530046227490722,18.836585137065207,27.11421079791438,21.87625999532444,26.587834790035842,19.487428620231462,20.190562375909426,28.415583276006693,22.68025513496679,22.825020945162496,23.531675448181073,19.873092346512003,22.57253377445176,19.49093217289051,21.17735563701952,21.822277020449697,24.011828694035554,24.42803595323024,20.543555247737117,25.71195895014067,21.1170229588578,28.286449755194475,17.37575228465024,17.498091161069187,17.120527928191574,19.446632760267523,20.303202017770282,19.901583093346492,18.1894329407007,20.004823637360786,19.80706260549548,19.89585329442714,19.264465621550148,20.098056657126545,19.931250809818952,18.195552496021538,17.048980270963785,20.05466175548386,19.80516710098494,16.921747711419997,19.805328515479847,17.083193673292353,17.4362853913731,20.205493698606162,22.403780054674563,18.172074750416254
photo_face2,18.225290431995653,18.630718117684403,17.814928368833435,0.0,18.33065717883,18.95885588607211,16.74142647314971,16.456861804894846,23.272762807116205,27.532729069008383,36.930320084857364,19.345384994871505,21.543061567639374,24.21691258766937,17.634393570021764,16.866218508535106,36.100653800439716,16.04695396424359,26.057673720957492,21.450831388487767,23.087558596964193,23.770617162665626,32.28055936921168,22.539124129792597,24.16776809275363,27.713133485425935,22.91717794554652,25.054130893122245,27.422544016951882,24.360438261003107,21.076816498794553,24.347788859379097,22.34697057183754,25.85360185444249,25.568861982441106,24.192049970319427,26.636878908382855,23.779016921553893,23.592533486098176,21.745231113926543,21.633777420469997,23.762913144648955,28.42197696601668,26.432799574411973,17.48617338379968,28.960394849542773,20.547368531755335,29.496715471735346,25.545323256638742,19.148965980957044,23.891490373879087,20.398532321665634,28.533792644894163,23.397422004520386,27.96601853998202,21.21606949096866,21.633318382106978,29.837629830945293,24.213693732337877,24.334434055006625,24.89198546989154,21.58352144028904,23.596264824094746,21.273035770638053,22.81731315429645,22.989654289982884,25.398776705200813,25.537274775209518,22.041962342116065,26.87307158243483,22.674688337310748,29.49738929088869,19.118368983275968,19.269568664091025,19.030283429989254,21.025660954156415,21.90067665022732,21.45224651487094,20.190032856667543,21.673762757014366,21.57085347428221,21.821622449808412,20.953530115902925,21.51729251788471,21.490737876823243,19.819535830318756,18.91394457167967,21.847582816887687,21.228047550508464,18.880506972498626,21.13521028795548,19.239933813580524,19.238054252069727,22.094364114539427,24.22947402519462,20.016333389793132
photo_walking,16.579223010029555,17.28440111454284,16.136104992798483,18.33065717883,0.0,17.159171904832057,15.265414231738541,14.857106045393712,21.98628215510345,25.465459461008546,36.15406264576455,18.149860008771977,20.391479197301713,22.797286447870473,15.567273655897974,15.323477329494743,35.0106366310319,13.92892004870107,24.597976417981368,20.012768924772637,21.299315631124507,22.56680073903426,31.50945118142559,20.75695996157533,22.617056980319344,26.604321038192253,21.460637008958173,23.27347293312597,26.42040270833916,22.754739990926716,19.134475254269645,23.059600938290718,20.78640005615697,24.342156491865808,24.14266401113707,22.855456271794846,25.426451952676175,22.046915712270348,22.190650923576907,20.186762117320026,20.24876213834581,22.23991457908345,27.207546596494147,24.831606848034195,15.454364857842952,27.63154737838308,19.085248915269,28.127109186822697,24.117441103151847,17.369595954044925,22.550486643447076,18.747185401077974,27.212914546024287,21.779320055318117,26.83630433762968,19.479960518070385,20.135681231054985,28.454400017263072,22.681920458804925,23.020083864390255,23.372681701150086,19.763278244661308,22.734703524066404,19.46735207843882,21.023967163899176,21.39316322633131,23.93101060021573,24.171986019672847,20.719960308478953,25.340698298071707,21.168187176915005,28.596785818482253,17.382364458112445,17.730052420168384,16.975374782700975,19.45975912293378,20.09315483343967,19.978306025303368,18.24808152194667,20.056410315477308,19.878175187480707,20.11269258673027,19.36675491020035,19.888526280787524,19.77993292888185,18.075995995790453,17.100476688830224,20.17460042693781,19.654409375680952,16.945177512564666,19.54165892917499,17.199230337600824,17.41948138981337,20.455481439901632,22.735537813968406,18.26549486446012
photo_standing,17.44255375425614,18.273007742067488,17.028275268321796,18.95885588607211,17.159171904832057,0.0,16.327522826968927,15.570945773499504,22.800743116979667,26.18438695369676,36.325810702743944,18.851362027465488,21.01178951942572,23.801860278175777,16.806616551284254,16.181164446947434,35.54814734205652,14.730017948728861,25.15156876546709,20.619515387477158,21.988913217043244,23.145746734065778,31.592168221695005,21.594781048361916,23.207335634588322,27.06104341653385,22.08365038136077,24.067413372390533,26.850192597436745,23.621410687726623,19.95875643157327,23.49138260923175,21.253055837229557,25.141837014820766,24.427369983957316,23.46810174430477,25.9627239634394,22.92776742494237,22.79775923843176,20.971701139579263,20.83676850301579,23.050709490744712,27.66951699846261,25.49420974390963,16.370778834940058,28.18027961339219,19.74842279573725,28.960724538683003,24.86561591248006,18.1484298321399,22.979176623065953,19.63634293753865,27.369343608473795,22.72995643712543,27.914996118414383,20.282389714522882,20.81969754111457,29.03807433237598,23.0368900315797,23.606637875393737,24.491620918291094,20.469147663340827,23.30140937386315,20.269569186706583,21.202742030592038,22.399373308157628,24.60958768092318,25.151005759426,21.350287527326376,26.067698533848365,21.836221383505073,29.23825983371519,18.46451423553255,18.613804617925226,17.860529509266534,20.08680127601622,20.728266560411285,20.621541661566983,19.063169417294763,21.14152668770705,20.862724979761147,20.838306952257298,19.926434716988147,20.59093853442114,20.746001950888598,18.88984361096737,18.004808760554514,20.73199081500568,20.396754072565457,17.84210816950623,20.31936476422337,18.29271232896731,18.320058819085126,21.135145080442342,23.316572350794903,19.188104014015753
photo_hand,15.377454580015723,16.22896431079056,14.948879066041714,16.74142647314971,15.265414231738541,16.327522826968927,0.0,13.130130233760578,21.27367720842955,25.15089025120287,35.347219500281554,16.719790554697195,19.172905574262646,22.15803192512279,14.777938510014273,13.836402783388712,34.51681460099354,12.820379670233585,24.024262760694356,19.12627061958301,20.682891263487555,21.81231519212326,30.837568508725536,20.181054478428894,21.99414275837876,26.107503757573713,20.7790357160158,22.827341417529126,25.643821392993008,22.219567933705985,18.565405616596944,22.425373011214084,20.051427062174696,23.83704126148673,23.691921709529453,22.115724136092275,24.98159740054462,21.507847299894816,21.538642566613213,19.37780777836262,19.543239982407663,21.615253740234333,26.7968412950099,24.401086010334232,14.474538197277791,27.269173481587895,18.185606031422697,27.841004111193318,23.545619621181206,16.77450189000056,21.65371596518725,18.054025346223884,26.673660638413374,21.26309820989745,25.896743995208716,18.89095248092196,19.247239742797877,27.823921870659404,22.023154705798508,22.344744696724298,22.852759009992372,19.166836775095945,21.95087489907332,19.525074478855377,20.543828909917806,20.78090593845534,23.4968568130289,23.76437309434434,19.754383610878516,24.986995467749725,20.467388990949303,27.7233130348387,16.680623884058058,16.94347651457359,16.285039738011207,18.604529037044713,19.342738388658717,19.121147401355184,17.623664074682928,19.355650679007816,19.168990962064317,19.505991715918416,18.500842516378118,19.05926877445411,19.13009253472636,17.28612389879952,16.211913021128844,19.476432295319697,18.863050411879573,16.209067090186213,18.857481118515572,16.330042103817885,16.558259894097734,19.73720730731722,22.11985704429736,17.639768428143576
photo_legs,14.785918238269508,15.661109677524898,14.36226251823367,16.456861804894846,14.857106045393712,15.570945773499504,13.130130233760578,0.0,20.92365258558092,24.514235778821213,35.2706982511237,16.57662802836445,19.325174938179345,21.756606638793087,14.031623079350585,13.857266556756631,34.214072249791855,12.136715691665342,23.666849354267633,18.692679552527007,20.27759011684347,21.283216618636978,30.594269826780664,19.719928097024187,21.605184261706846,25.703237578295877,20.30839909620303,22.440321503082103,25.323126592672647,21.76445405712354,18.083619267947036,21.957169057032743,19.572441345537445,23.371934477196685,23.329058870988018,21.708032455870853,24.6308811771514,21.079780108279373,21.205351235383212,19.04354771779382,18.977116610994766,21.17203096669461,26.374509075288113,24.091582208444944,13.866723292232205,26.91125293847835,17.60028042632924,27.187611052118445,23.300477976019607,16.13594802300994,21.30790463234531,17.80285508666305,26.21416824075093,20.79187939640086,25.747274035669975,18.23163885211343,19.17344595901759,27.457131222456926,21.542709328721184,21.968882403846596,22.50115581689538,18.69093102849485,21.41894978705146,18.32989973904966,20.19807186349655,20.397332540185108,23.079375133340324,23.535914322944464,19.470604104862765,24.560201695284135,20.085163222644983,27.388545393191848,16.08686061001228,16.549059334835768,15.799999097743878,18.211244198423227,18.88755749764265,18.648734171713752,17.19069692975055,18.856170599992492,18.782824093951287,18.938642201033876,17.957700132375646,18.664394571364035,18.697559581215593,16.755236973258135,15.590147531113718,18.952612859018323,18.4785076874404,15.499588643522923,18.369548041388086,16.019107660037704,16.105998628675632,19.270164789906907,21.65889914929523,17.057594463053224
photo_bird,22.174314036160943,22.72798055115511,21.591920402449865,23.272762807116205,21.98628215510345,22.800743116979667,21.27367720842955,20.92365258558092,0.0,29.9564922581138,39.03322413365746,23.13015522907403,25.044185210293847,26.972112865326185,21.544099863928267,21.228612234294232,37.94602679446027,20.340648745375066,28.58426103411649,24.899435048185705,26.463717271616765,26.929971825083026,34.81518571787942,25.793362908904758,26.841178459978277,30.042505788919524,26.10073781180713,27.793735714518803,30.244768601366896,27.21832945990393,24.375178461115617,27.33973568495704,25.652903964675268,28.46712056801737,28.228927228201815,27.498709283767326,29.844073219525843,26.769520991744947,27.335519683254404,24.879052844233094,25.062399077034133,26.998164800786018,31.010056924516356,29.45012824998124,21.462720834652806,31.555204335336164,24.06399469408611,31.623325123516107,28.45984104768369,22.90784696440155,26.618051837566338,24.01537973548591,30.84706218106975,26.58645319925701,30.49517923011739,24.547715495906534,25.036953556641564,32.06114273661743,26.975542702271188,27.297587429965652,27.78377281243651,24.8000323023584,27.286801567296422,24.62638635105409,25.937163209708427,26.228640315685322,28.33881169513558,28.62545577318529,25.358635819370367,29.53082054854246,25.80893089556139,32.188161024987714,22.9957740436089,23.084671107579638,22.643491266400975,24.17911012915044,24.87216247563053,24.62652339182012,23.716821614745317,25.106464754521987,24.739443875868094,24.982163136518093,24.191436686297767,24.604921161170214,24.870513304497017,23.226814097381034,22.574483587344453,24.877004957596945,25.006633591321236,22.315633258119462,24.474534465623588,22.799787133081537,22.930682864413058,25.332521286125434,27.142404765911774,23.46993502875706
photo_butterfly,25.926021115084904,26.673622015863167,26.245078816513804,27.532729069008383,25.465459461008546,26.18438695369676,25.15089025120287,24.514235778821213,29.9564922581138,0.0,41.109971028342365,27.331792813689532,29.159760476431494,30.113796204118966,25.17345806405693,24.78896843590554,40.013663073680256,24.079622354204943,31.6678297441557,28.311543816595346,29.05559850895633,30.230198983330403,37.01879355082593,28.635886471776967,30.060341681513915,33.03525397601599,29.144088528906668,30.250862354936753,32.926432710234906,30.150669343060688,27.554407216655786,30.34535710586763,28.57652437302292,31.416130273131753,31.198707513984438,30.191577510877373,32.4366336257373,29.623344176793594,29.717393851406037,28.0735458506286,28.23950642508072,29.798641547102424,33.3769011334632,31.74939969309482,24.84408969177222,34.01357123706026,27.358261733193807,34.060029841706545,31.117526763893284,26.281835112772885,29.827870981155222,27.27691065185955,33.46975786242873,29.44424591328991,33.096572063298325,27.774236968087337,28.14883668735194,34.490427075178076,30.211997526961206,30.225833150278742,30.64981976058738,28.066128622725532,29.891900258930765,27.81190647188109,28.99925081946837,29.03227956744827,31.123882752476817,31.613939757492915,28.48157097787093,32.24895840251972,29.13066230501983,34.620402466294436,26.293633169707054,26.223800385264724,26.22636803258667,27.707795764710333,28.16011795175901,27.97133511204736,26.87731921058086,28.092063551136988,28.026314541377054,27.988393760771984,27.5032161268983,27.933828327194156,27.81565408821922,26.818609882612385,26.060708460675617,28.35985989853343,27.749884732073404,26.0876272975064,27.774857761948105,26.14624291412208,26.131377964623514,28.533985493760397,30.015341677458885,26.945712421100946
photo_girafe,35.999611213098156,36.4551855922186,35.751947632029626,36.930320084857364,36.15406264576455,36.325810702743944,35.347219500281554,35.2706982511237,39.03322413365746,41.109971028342365,0.0,36.3736641340943,37.770600297496514,39.04942589870931,35.63987150243606,35.59037762631102,47.404657361331495,34.91589326736339,40.30423801612432,37.62478535259359,38.741849896742345,39.176620273476935,44.47603196302464,38.3230136862888,38.93789850101287,41.51290585284615,38.56779923073415,39.73999042033699,41.09545239770595,39.46274508132585,37.35388991240887,39.58260565217796,38.10101632355579,40.116780006342914,40.05129774158033,39.49466497773114,40.51458028987583,38.92126343710976,39.125825761445014,37.60240377348822,37.618466004844414,38.845446384592144,41.965857537997366,40.581173824307406,35.5055087558333,42.38366897815867,36.905498904490145,42.41029409446357,40.11407771991681,36.40030357966641,38.62636799608193,36.89262092283091,41.972355115377255,38.627575441028995,41.82308477881266,37.498069351578984,37.85700715431465,42.672311859682,39.245279923271106,39.584506018975986,39.84257203327388,37.40906325606758,39.08849608439159,37.520785990021814,38.35608087839184,38.3977119535303,39.90836534538558,40.25727701709806,37.83007910195651,41.0135509338222,38.436994435202706,42.59176316539129,36.595687979678594,36.62152703239162,36.09377917648841,37.47711775226528,37.806040525264294,37.72372531607719,37.01826735137541,37.938482080113786,37.864647371334016,37.70008159897866,37.407093245067024,37.73542908986091,37.57871208164488,36.34423929112317,36.1526032748327,37.7827945778476,37.73822827295273,36.038010818855795,37.384655232353886,36.36008539999622,36.43729296984138,37.684121846260716,39.27290883338129,36.926280500746444
photo_fish,17.957632786829077,18.80973399703246,17.515234340199534,19.345384994871505,18.149860008771977,18.851362027465488,16.719790554697195,16.57662802836445,23.13015522907403,27.331792813689532,36.3736641340943,0.0,21.624347075638767,23.950914661994986,17.54026260847284,16.549022447687666,35.84744716626895,15.969631663395083,25.73035555239292,21.234952420047257,22.55331076535613,23.66271860399404,32.35062499709862,22.427508373463244,23.859105493608933,27.60064735617787,22.64015088171573,24.602013800325132,27.4229860074101,24.043664247496814,20.833519255562756,24.293109598630902,22.098561962741435,25.791479522805712,25.401568255673173,24.27258965135482,26.63044869325626,23.501164874697324,23.486169094713162,21.515442523892304,21.619271158955684,23.556173176458877,28.397007080033763,26.162811616374896,17.173943146679665,28.95540426033214,20.31203477731568,29.29767268837509,25.437297292485233,19.122557134305318,23.798736757661477,20.468676727466413,28.169409857583787,23.36703879545427,27.939898885830637,21.034006180343333,21.56677646324515,29.394466826869987,24.068388237817274,24.183163408070214,24.84248691211241,21.38745043256969,23.944563230296236,21.021502611996688,22.748387776788597,22.7241320779553,25.291900359203172,25.60147625223972,22.090068648963147,26.711307528559953,22.566944371534415,29.330796369049597,19.115868081180388,19.572205073976537,19.040919224114905,21.056771071922373,21.506107101013615,21.345874393511174,19.99949011105584,21.41582543777856,21.409128546619076,21.7219032467007,20.840820670154553,21.357092164975157,21.26752255439135,19.670095105282904,18.821696464555185,21.606292503643648,21.321529133160027,18.65554126660222,21.000958395729167,18.87141800286413,19.202977547836227,21.812817372760378,23.992800232981196,20.01554919900732
photo_cherry,20.30769301128192,21.193346624939444,19.95037319231629,21.543061567639374,20.391479197301713,21.01178951942572,19.172905574262646,19.325174938179345,25.044185210293847,29.159760476431494,37.770600297496514,21.624347075638767,0.0,26.065333410013686,20.119628235418816,19.81710486357834,36.96952644933521,18.54862278022609,27.46030271799266,23.46633719043328,24.71074125950541,25.49975302830616,33.478397628316635,24.231288442775647,25.51087553967459,29.225849800627195,24.652959105736986,26.32403475818238,29.117668870597814,25.91105575767846,22.959753027660366,26.189354505038914,24.138989638449594,27.42797756394264,27.231723402608058,25.961563185821145,28.420589825828934,25.285222242757982,25.366145535935804,23.71265038732598,23.726399998850326,25.574742666126394,29.87372923353622,27.878162615160672,19.74009984193838,30.172603998004103,22.609196720173355,30.853203301254585,27.186553191981403,21.515699099646813,25.52528619443208,22.51384096209898,29.804722044483444,25.623399653899085,29.313382524083252,23.102110915826753,23.709969073853337,31.030807663613956,25.940537643626563,26.020650847379436,26.48687900684331,23.435805290548053,25.61010620055069,23.023983021108283,24.619061338225336,24.765990305437764,27.14533542732741,27.46916502230921,23.71113484909319,28.525739109204608,24.569056255133034,30.830525846123606,21.372154636834157,21.702451978138665,21.200633088067942,22.90868142958933,23.737912652118837,23.372430602005874,22.316946859703926,23.607719653847248,23.335360215080765,23.548671539643895,22.97735185378466,23.5175484699734,23.319252035516445,22.112860924931134,21.208372519901122,23.473669638422113,23.24618080968836,20.980942401816392,23.16300030809573,21.161133642862186,21.385046594794353,23.783355063774557,26.09275479206014,22.406256578772425
photo_tree,22.834536109086844,23.830875721163675,22.722239690059524,24.21691258766937,22.797286447870473,23.801860278175777,22.15803192512279,21.756606638793087,26.972112865326185,30.113796204118966,39.04942589870931,23.950914661994986,26.065333410013686,0.0,22.362897532929278,22.113300208475668,38.34118979989622,21.367306457244474,29.196281944040113,25.548983167758795,27.047839806412263,27.309716255101268,35.608570427968274,26.332909104446625,28.029685996562115,31.074295322926123,26.7931522840075,28.297971115736985,30.66761920488276,27.830251959318527,25.19353543076505,27.833996560549345,26.42708753546674,29.14662426333204,29.558631397970647,27.985092607238922,30.01547675443885,27.11050684522235,27.094293391928083,25.73464157754503,25.870748916938037,27.412335044877988,31.495671871166746,29.317286776005712,22.38129186880707,32.02988141124932,24.652079764202867,32.54749310170613,29.151731906146267,23.970396160469335,27.337164188700402,24.92910537919749,31.358809282492174,27.35021841488182,31.143531932758908,25.283873987027246,26.06786008026687,32.68424093777361,27.996291052742457,27.953670676258884,28.33019372263306,25.602974709533214,27.845749705993022,25.466981822359973,26.48436481760591,26.869158912067327,28.827281734348514,29.192565055035875,26.08032852534773,30.062603182130676,26.506371491184183,32.666726086799436,23.66857700781654,24.059865237052303,23.668545114622628,25.03697950452314,25.6473289919585,25.674164808422333,24.399485321008218,25.881998995162274,25.527630321025946,25.496031737673796,25.045737183664052,25.512492240977323,25.542836094960492,24.10140793766044,23.2444475235715,25.93457731894733,25.558441969435822,23.15429970044842,25.45365329605394,23.707031857878043,23.752736359204118,26.022362230075593,27.603077045936153,24.46283270932526
photo_flower,16.179877178935275,16.888161563198246,15.680149054771581,17.634393570021764,15.567273655897974,16.806616551284254,14.777938510014273,14.031623079350585,21.544099863928267,25.17345806405693,35.63987150243606,17.54026260847284,20.119628235418816,22.362897532929278,0.0,14.537766249018802,34.55726009676803,13.284183481281822,24.267003805930347,19.448483787293632,20.939373187100127,21.97959944927879,30.99570538067243,20.47730080110836,22.218058152652354,26.292625176460145,21.0141080743254,23.014431171305816,26.156971954494264,22.46932672858039,18.711779515154582,22.912254404770287,20.30368743481452,23.83464722023607,23.963257549861655,22.412575173094297,25.2235610250509,21.459488473981043,21.738811714057057,19.794829041340574,19.799337880642437,21.830868620106614,26.99660139379454,24.626258529809878,14.909574926545432,27.38475474348321,18.387201133521906,27.945676419384892,23.864818903944357,17.06068725662449,21.955847811978405,18.508103966969337,26.64289743112684,21.469887914427993,26.460595199633985,19.156399696798182,19.749807124363073,28.226755457280472,22.297942639865383,22.51328325054121,23.18482082544407,19.785269608038252,22.504268961658653,19.142505674268232,20.879346921367883,21.090422712665056,23.655318990696948,24.103415187746716,20.408225686034175,25.21768719680656,20.57053445402064,27.955012255113417,16.931151262463622,17.259124693455824,16.743560019872056,18.90375018295325,19.817413301306804,19.41446880476035,17.966672091782122,19.55485168480102,19.547276713370888,19.835592900550814,18.77547197490041,19.35989191305393,19.44622940333701,17.55345100804711,16.604668099682097,19.736880990655617,19.182397827549515,16.654045891432215,19.009793107012495,16.83990364405329,16.90419418167853,20.200224247404826,22.256688647437525,17.870514500231312
photo_carrot,15.325914650083103,16.516126370262292,14.987477072940473,16.866218508535106,15.323477329494743,16.181164446947434,13.836402783388712,13.857266556756631,21.228612234294232,24.78896843590554,35.59037762631102,16.549022447687666,19.81710486357834,22.113300208475668,14.537766249018802,0.0,34.49471149965288,12.95307354028375,24.08676342062545,18.97262295467573,20.76828111562631,21.675988777308472,30.93651238768399,20.36562309389486,21.924261327302435,25.965741622050118,20.778755144370066,22.804552660530444,25.708337585727108,22.377036914056475,18.382645884287857,22.452052254184423,19.99673576232949,23.83759171921907,23.542330224701953,22.131102897472392,24.95126400046976,21.524190105853872,21.52018609994024,19.066094081795942,19.452410907067556,21.53306329417795,26.68382424008552,24.485574922516662,14.565640331221632,27.19645891024515,18.173690721300005,27.873188008728345,23.64581575131667,16.802524128723885,21.73025959407039,18.141694907730418,26.619505862150802,21.2629248951532,26.292186627445474,18.8428564428152,19.464450230331455,27.89227275205192,22.106745437985463,22.36674417458123,22.943769457540785,19.31783726516446,21.977686293114747,19.129426638661993,20.6893718136827,20.915699672456782,23.51875639338105,23.951721916776943,19.955926735676453,24.868039161169108,20.47759918854905,27.852145662562307,16.605126796428447,17.01574234253667,16.424073796132884,18.739804721359548,19.48875121754595,19.274644080768525,17.793122659824924,19.42056387040419,19.23354388584165,19.538334360219572,18.539031302038406,19.14185916819351,19.16041867048604,17.438146280956907,16.308583112275063,19.509662590277376,18.98110452334677,16.19814190453319,18.848371648628504,16.554019675571485,16.663563469711022,19.7887480847494,22.137246034377007,17.62767991964727
photo_watch,35.10616923571983,35.361655846464295,34.751743346691015,36.100653800439716,35.0106366310319,35.54814734205652,34.51681460099354,34.214072249791855,37.94602679446027,40.013663073680256,47.404657361331495,35.84744716626895,36.96952644933521,38.34118979989622,34.55726009676803,34.49471149965288,0.0,33.824656135575815,38.94992072008457,36.637715790649146,37.745870673945404,38.27726192332045,43.586928122931624,37.40957804319142,38.26547063001283,40.84633304709783,37.5818498238437,38.275642167544746,40.757901442262714,38.064523528426,36.11574140811181,38.78350140151656,36.87674644554815,39.81943485968466,39.59340381011323,38.48870330565355,40.76862137863252,37.579229315170025,37.641977548112195,36.95427351299965,36.806515858933345,37.8488307783765,41.37264426489892,39.54815713198868,34.52076208562194,41.382048799437584,36.17649941784772,41.937529468103186,39.318254843561974,35.32551497891776,38.058226913607,35.89412996534995,40.9170583965334,37.904644724461505,40.48202905310326,36.349569861031995,36.79438086130698,41.77211297477723,38.11808034998997,38.36997905635215,38.721550034201954,37.06668679893751,38.19135118378791,36.53383568165214,38.17843105882657,37.85558065288375,39.078092123662366,39.711329021597024,37.155928494512295,40.31894820259571,37.18213927209583,42.253657695885494,35.500422531001576,35.70837655532829,35.54230288579978,36.210844345913884,37.03729512979208,36.76450719321223,36.04368950437504,36.675474141341006,36.65834717637022,36.88849318273458,36.28862623237495,36.61761621227377,36.82119864445594,35.806101649936664,35.49088701569307,36.81500464544013,36.46437586713837,35.221937948988746,36.6801148725202,35.402454828087045,35.88914191772403,36.981718764160775,38.50669375167727,36.23163284575381
photo_key,14.349780634871584,15.170804627686135,13.795945685025949,16.04695396424359,13.92892004870107,14.730017948728861,12.820379670233585,12.136715691665342,20.340648745375066,24.079622354204943,34.91589326736339,15.969631663395083,18.54862278022609,21.367306457244474,13.284183481281822,12.95307354028375,33.824656135575815,0.0,23.16512147331281,18.02733002790067,19.65370545691358,20.940949005933568,30.112771373300863,19.132550470158684,20.974585847667946,25.085587443410827,19.708709465606017,21.72655784872488,24.835265292957306,21.222697061553298,17.36566202646208,21.481600901700006,19.17237169941981,22.752733607997463,22.652277659491194,21.17271934383377,23.999642228691325,20.524761295342184,20.60612443190008,18.36377494158693,18.343891404773927,21.12332776630165,25.85845596154745,23.620924288060365,12.840484354728236,26.247403271259696,16.71997640605061,26.86498103494275,22.672382506581155,15.405939698362385,20.559123349587885,16.886905779552606,25.829266058833635,20.304692542427254,25.161114577031388,17.638278735519584,18.31641630454655,27.091789321928236,21.403494085416575,21.37413571710308,21.93297984699375,18.102579157794572,20.903917081053226,17.428351398076714,19.547067378250524,19.682784827820626,22.50210016907323,22.995461513524855,18.85003059745068,24.051099935442238,19.31467789496391,27.05695442091971,15.081375641594668,15.459639196219161,14.998514494578627,17.501785032012886,18.174256596155214,17.529782893354874,16.177727987462376,18.035105517496667,18.056980863401613,18.3625634106392,17.230591387660336,17.789189673065554,17.67896144101537,15.855339609250796,14.750388054553175,17.98880447796463,17.800210775963183,14.475346577667962,17.423649532471128,15.20519444404541,15.348771033762823,18.38886101556406,21.042938374003956,16.467878407030753
photo_truck,24.502752184747962,25.484292612842786,24.71946468409231,26.057673720957492,24.597976417981368,25.15156876546709,24.024262760694356,23.666849354267633,28.58426103411649,31.6678297441557,40.30423801612432,25.73035555239292,27.46030271799266,29.196281944040113,24.267003805930347,24.08676342062545,38.94992072008457,23.16512147331281,0.0,27.637131083762082,28.318299297429917,28.746707696197767,36.3850771325464,28.05336326322287,29.068184637083842,32.33548332245386,28.13266513848042,29.746428872428552,32.147521662348765,29.395570329898167,26.748527053784706,29.607811950658242,27.972350537887944,30.609621447155174,30.362406688185054,29.588184984879156,31.568194157550483,28.86245474083625,28.942737432601067,27.31880959614747,27.3865897261916,29.030074604003243,32.983226732265564,31.044764264142927,24.050237835449373,33.26339144653775,25.235878653498254,33.77192395736778,30.650823536955755,25.421740031204184,29.144323361421847,27.018799130441106,32.946744123140334,28.70029292682236,32.451366753410845,26.976891308876837,27.324293299800566,33.79758533750334,28.55156585990147,29.737147988762718,29.940867590714497,27.235679236675054,29.166571605703002,26.887126706758238,28.270311053298123,28.253563533450528,31.162097425327715,30.66337509801379,27.595319804219212,31.149695556236946,28.158241379557527,33.45890923319189,25.531946111266386,25.568404761440906,25.51642070743731,27.05408003103462,27.698157011486575,27.241212402455997,26.302886098426864,27.318539907526908,27.3817948684943,27.33585505965692,26.908049039591226,27.465215421036046,26.965241161105833,26.033882674929504,25.728410168571884,27.325921921272275,27.195367182785034,25.228186160682828,26.948870795941545,25.49177520453442,25.423442506359955,28.14059224016537,29.424341989913284,26.050644878853856
photo_velo,20.223412289797903,20.69259912260306,19.726137569500402,21.450831388487767,20.012768924772637,20.619515387477158,19.12627061958301,18.692679552527007,24.899435048185705,28.311543816595346,37.62478535259359,21.234952420047257,23.46633719043328,25.548983167758795,19.448483787293632,18.97262295467573,36.637715790649146,18.02733002790067,27.637131083762082,0.0,24.27889068649339,25.310597162372883,33.55258815490933,23.928579826480156,25.608766336513092,28.905119851295797,24.255678498766446,25.929183874314276,28.718383988976,25.464517946589424,22.45925535709296,25.566804521963213,23.672946203878595,27.118452485681225,26.676195880264313,25.75714992550242,27.976159724602827,24.924442117321334,25.074594015180487,23.225580731710664,23.30837045669057,25.002032317443312,29.379547019176794,27.694340968652263,19.329785411406203,29.963909605256912,22.030889992189383,30.471333069382244,27.104262694549316,21.00294134176849,25.34486684275626,21.945877559204174,29.08560137732052,24.678236845592355,29.06940006472474,22.645856147533898,23.22737734392508,30.64920764985177,25.62088167797937,25.756229369096623,26.16286604412345,23.0877348112567,25.24862032365817,22.697276240569387,24.299398556379856,24.432863893708497,27.200960680650386,27.434514250680248,23.54750015093875,27.932253911989832,24.13551158676207,30.680520935106593,20.96866450893702,21.27074627933641,20.54356390080412,22.42441283068935,23.314406055346648,22.91936370451298,21.872265767019655,23.133549763622813,22.898672157003343,23.328175273128835,22.296110101250303,22.921426594457657,22.906723397919187,21.506914258973588,20.58109292377404,22.90748658780873,23.068181727856754,20.495684023289943,22.59061692303973,20.93639955939588,20.97630621268141,23.253994961840146,25.364649074826676,21.550451736500122
photo_road,21.757046231277247,22.184803288212024,21.182128725435764,23.087558596964193,21.299315631124507,21.988913217043244,20.682891263487555,20.27759011684347,26.463717271616765,29.05559850895633,38.741849896742345,22.55331076535613,24.71074125950541,27.047839806412263,20.939373187100127,20.76828111562631,37.745870673945404,19.65370545691358,28.318299297429917,24.27889068649339,0.0,26.52562221605907,34.0767567296328,25.288287838259723,26.506356988798874,30.087303347025973,25.340053939412975,27.369915756924794,29.828365793292082,26.367850540204095,23.79234353707164,27.050574969581305,25.186201543278383,28.14530096506595,27.908490382135867,26.55491571626068,28.958618170877873,26.35086955221065,26.18442161517659,24.474821626764985,24.331920566831023,25.91899131714779,30.55937074116954,28.366429185331697,20.417858382740278,31.223551298737295,23.180016169287036,31.410761212005614,27.897518825991998,22.357734211939256,26.547172372454018,23.456663596013527,30.47860216520858,25.968448119514896,30.003447622475218,24.018326364887717,24.608465255594165,31.398998091775724,26.60461198652326,26.642671051250517,27.245738494981392,24.54023456337702,26.514743628038755,24.005023771397966,25.275500439735563,25.422745644394308,28.000269752127025,27.87598763592001,24.93877446090861,28.878867459733996,25.5306566001139,31.64606570275082,22.319382887272603,22.44890957220754,22.009825107822305,23.823042353039508,24.360446707553457,24.25863896494796,23.22547124964925,24.487000208247093,24.41271641973276,24.121211301841925,23.659663887145125,24.073199347649666,24.21315693287594,22.91901848320671,21.872431651437626,24.5349449937261,23.969464179859948,21.995379426614367,24.20491904450054,22.26475719700633,22.24278896810824,24.818455360689768,26.662623841802613,23.247504792199532
