,photo_face,photo_profil,photo_eyes,photo_face2,photo_walking,photo_standing,photo_hand,photo_legs,photo_bird,photo_butterfly,photo_girafe,photo_fish,photo_cherry,photo_tree,photo_flower,photo_carrot,photo_watch,photo_key,photo_truck,photo_velo,photo_road,photo_house,photo_mountain,photo_windmill,drawing_face,drawing_profil,drawing_eyes,drawing_face2,drawing_walking,drawing_standing,drawing_hand,drawing_legs,drawing_bird,drawing_butterfly,drawing_girafe,drawing_fish,drawing_cherry,drawing_tree,drawing_flower,drawing_carrot,drawing_watch,drawing_key,drawing_truck,drawing_velo,drawing_road,drawing_house,drawing_mountain,drawing_windmill,geo_face,geo_profil,geo_eyes,geo_face2,geo_walking,geo_standing,geo_hand,geo_legs,geo_bird,geo_butterfly,geo_girafe,geo_fish,geo_cherry,geo_tree,geo_flower,geo_carrot,geo_watch,geo_key,geo_truck,geo_velo,geo_road,geo_house,geo_mountain,geo_windmill,word_face,word_profil,word_eyes,word_face2,word_walking,word_standing,word_hand,word_legs,word_bird,word_butterfly,word_girafe,word_fish,word_cherry,word_tree,word_flower,word_carrot,word_watch,word_key,word_truck,word_velo,word_road,word_house,word_mountain,word_windmill
photo_face,0.0,15.905944443200951,19.953829740346734,17.475264046421856,16.263922433798268,15.52186286564661,15.044307450569619,14.937361093175355,18.45383903394784,19.381777456072644,19.18841356384332,17.99741422612619,16.416988810748006,15.41643677941654,15.798595647636924,15.18844373658251,15.25227786027041,18.914711884869593,19.72139756797507,18.13422714521188,20.61261020393327,17.965659015685706,17.931611712333133,18.240527022046948,16.8784458799405,17.7113073490542,19.131452369483487,18.270947388170907,16.59034217355207,16.289016937679147,17.468414981616757,17.0381917405604,18.128440686526254,19.882443548706508,16.836421190226567,18.625480247565363,18.396863565810296,15.521873908338561,16.313804274291634,15.857290701945313,15.836015624617708,19.206179285427847,19.275283067355964,19.12574947429179,18.740689370236137,19.57373788640783,18.555402293342716,18.24857810566887,18.797878386914256,16.646714985099887,18.998145792376114,17.755468252094175,16.74711039527041,17.055584470375955,17.29691289315516,16.77158590995232,16.939325386504446,18.870625186088382,18.0028446057989,19.181540852667215,18.32756400967464,17.250352021727103,16.670645992868685,16.479055074011633,17.01810128030551,19.253449191187283,19.616255399385885,19.02753161093721,17.45287183280569,17.629374835682665,18.049250237529357,18.330623824123176,17.75280571461037,18.132963530991674,17.815926918001608,18.678444911487073,19.76707159608529,19.637768145286568,18.090702251377415,19.441714974353566,19.179449510392978,19.41420790663598,18.554221509593408,19.57016073525527,19.33245231515141,18.161645979958195,18.080976105058927,19.152201018976942,19.008450967612085,17.577708064642227,19.381956467262345,17.748151147254976,18.10352733662559,19.223955881600283,20.182001253175496,18.56303463946087
photo_profil,15.905944443200951,0.0,19.94130018302437,17.39506899995434,18.102885656810038,18.423062180770703,17.455118059238693,18.151300196320822,19.594357108309456,18.95354784659441,19.812436250518182,19.45525238068151,17.709366282540387,17.61712489966976,18.65784454312058,18.474177596699878,18.47100223338096,20.073294122401887,20.292631984443467,19.534906694431058,20.844278626099754,17.19770173996411,18.727579471407424,18.420250206920983,18.75458394615799,16.81818278695461,19.978847832699763,18.864813062059742,18.288628684641992,18.530505643448038,19.03951164620963,17.911926811358786,19.34961511402089,19.718477971685353,18.163880154668966,19.767957159340256,18.90451828814963,18.548168857671275,18.165917578018828,18.788985617051008,18.63276483610432,20.28901894432945,20.10119961251443,19.78905483133504,19.752141864571076,19.75666155374988,19.85976025251846,18.930879853012566,18.90299014893085,19.015549283741237,20.297541146592874,19.176924347886427,18.727174735394076,18.666356092142905,18.610501340511156,18.88772032318972,19.305817078900947,19.2810843601642,19.046576914839612,20.077744075610617,19.098104779124675,19.219089131598356,19.26771672271702,19.125375007195196,19.543031342581177,20.32858116140601,20.37368638878151,19.81888588914473,18.68619486357052,18.715837703816522,19.49572442536539,19.358612796413315,19.79646340095502,20.19664555180563,19.766889274019206,20.12326840769693,20.9977509066314,21.010909407217103,20.106244689571945,20.79360342032056,20.447540991170992,20.914920604428854,20.081795979951792,20.99137344298333,20.67518991468854,19.908422202939224,20.00560954562557,20.494892662976458,20.355102986613595,19.970322564634305,20.746141556233667,19.905831030666647,20.050751114236654,20.669379078707156,21.640153690317582,20.182083467237085
photo_eyes,19.953829740346734,19.94130018302437,0.0,18.19573012444727,20.385308154992273,20.754275127402387,20.002761638484372,20.57634128509266,18.053679962367134,17.969185003131514,20.293415468025007,17.864029892614614,19.651670366523945,20.560958735353914,20.936863923025747,20.235544208819928,20.639052601429825,18.18522904789304,17.707915737195254,18.277235948878317,15.336789442742177,20.16993979040928,17.743836233163403,20.092557597553867,19.87324220159614,20.342113869697975,17.945426682145968,18.438324591591147,20.7584149537641,20.37385147879982,21.064479767515817,21.023762545360402,18.58076606177699,19.231067059630053,20.710046478427067,18.48596930996597,19.128281806981008,20.137480923952968,20.087482561267862,20.796617329785512,20.04940078997519,18.697285072596483,18.41535359232706,18.394349467297996,18.14709052388539,17.349813926017923,18.67724505769228,20.881692331091998,20.67881248622742,20.26290175018502,18.27049125694922,20.843095563989664,20.561922828692865,20.56095299517638,20.856030277469443,20.602616742091456,20.478945877002186,19.297032845647287,20.30334451018804,18.562924408583278,21.305255084833313,20.33341877036852,20.37975144024132,20.485807205508095,20.542909897154747,18.64897378313875,18.648306601749788,18.322749597131654,20.856412556495236,20.881787417369388,19.104912042120997,21.00157065157884,18.88359544647144,19.038906704308697,18.997173614240705,18.91700874741266,19.163156598051472,19.026981446577256,19.13052709476035,19.04454377996607,18.8912830085491,19.092767761415722,18.778208431020328,18.98362084746387,18.891337477008342,18.783510528009646,19.001522614228733,18.804228637757927,18.86041797960718,18.993289113830855,18.96710197938945,19.045938001642448,18.934929249741455,19.003932906810988,19.989383662907617,19.082419137028598
photo_face2,17.475264046421856,17.39506899995434,18.19573012444727,0.0,18.76403725852014,19.124716282815392,18.01582470564033,19.035708290099457,18.404572618292352,18.252004355726687,19.616193193805053,18.990464302664545,18.380197999949296,18.696521130590163,19.71856282159782,19.342535777781613,19.443296220584628,19.65643659697704,19.48883594911205,18.973001055811004,18.755094713245445,18.19276558058169,18.349747733341196,18.877085762199908,18.654067207097633,18.944561930812323,19.865135000066346,16.898862710089738,19.30873065212928,19.242766322371484,20.093006455127522,19.314077296176478,18.92964166133331,19.28857350290645,19.358686312113388,19.647561015733032,19.21855341842249,19.097622064938637,18.83294232561647,19.874558900985285,19.185614399467955,20.12959059065987,19.738850826233282,19.32337713150571,19.18844801634366,19.051372352059456,19.569869668222555,19.447666054902275,19.508202226823776,19.580595252462054,20.236876849426178,19.721669028918548,19.179870028980666,19.35734058172323,19.424817381769913,19.884762728451975,19.891672269245053,18.888482973410493,19.614832798492028,19.578395953301392,20.14315046188662,19.814916775983964,19.751583714694327,19.84242693617299,20.12399688248646,20.158953541360965,19.941081414086888,19.449822620175844,19.617354127440464,19.80646402947475,19.142984741261554,20.01348748347969,19.773334094028773,19.99742520414681,19.77745140455618,19.992044273159845,20.87577717416993,20.836788783538257,19.992948482217766,20.739616379086897,20.427021620169107,20.652783403932343,20.06631499917379,20.729877110099824,20.52577695340707,19.910116047759725,19.936685807801013,20.34714398338136,20.323668976957904,19.739581712147178,20.56109799864301,19.828145300959203,20.088845180830553,20.485929943350154,21.39573086900824,20.221502217796193
photo_walking,16.263922433798268,18.102885656810038,20.385308154992273,18.76403725852014,0.0,14.500327332258607,15.825496642071382,14.306826909017078,17.8970565882665,18.87283351620292,18.805211780820436,17.321901131279237,14.547124096340585,15.435458684069488,15.06049719215448,14.61115647292978,15.696399401768915,18.093694526373834,19.37460253972266,17.38168081541512,20.54405299159273,19.158916142702502,16.101310792947817,18.089497301409654,16.245855597942402,17.954892621107277,18.10387078265679,17.923695144901696,13.679474213055324,16.42271025662985,16.917503271989897,16.74979217868237,17.40921804008302,18.725534529404523,15.034661324980744,17.310037531774476,17.947679207221018,15.127037022408379,16.599703745915672,15.206835684225881,15.54984344783983,18.185474444944557,18.40804787195316,18.408938243472555,17.761509451963327,18.829215345497676,16.878641390631532,17.93942049626961,18.858776252701613,15.435754208194627,18.199535187265752,17.120964839814512,15.283349408030569,15.784732906509745,16.662380327649032,15.599481179035886,15.881903457499863,18.45960456198819,16.127999492471307,18.259321234330816,16.19055900369113,15.477388470916704,16.395596872697055,15.721168814399833,15.916519472724245,18.23222463762635,18.5792937312354,18.367055967089364,16.261877096047172,17.899168829252552,16.9493960689429,17.909550679799604,16.70448032010817,17.18662059845181,16.964325857261763,17.747425667382824,18.690778405617536,18.525282468769827,17.114972527885456,18.345057487798748,18.290868933430897,18.335494425855796,17.62924678140165,18.62098535463239,18.233047386934622,17.15411104022987,17.102742208684873,18.207545005859906,18.023998242414127,16.49814070734796,18.28329554327625,16.752395063757202,17.111522636207344,18.243490788110904,19.02930839322556,17.538584157936725
photo_standing,15.52186286564661,18.423062180770703,20.754275127402387,19.124716282815392,14.500327332258607,0.0,15.83439760907696,12.885814949702224,18.214352979595184,19.601084676259127,17.695596508707883,17.97001828859481,16.249201339316084,15.90449937468589,12.480519906638046,12.52974823246319,13.615284122221283,18.45741907219023,19.76935590628624,18.12234035382801,20.78092627965566,19.244159076149483,17.540962867327806,17.09036477907779,16.87968682127776,18.001127741512555,18.505673047874545,17.99309387516674,15.431368354284313,14.107702152981087,15.962724061929737,15.908710916884381,17.640454553125316,18.10423780989981,14.569752198640836,17.82648268266918,18.107724694381243,14.552117090075619,15.024440010079475,12.976509211866297,14.386532283577496,18.34531286297329,18.97009137662188,19.299260712397597,17.677270684832767,19.236522474966968,17.684193213805177,16.602652913067846,18.31605658288194,13.790889044567907,18.307701174995284,14.979545035607844,15.658939612327183,14.073928869406732,15.915782563174645,14.680278573605982,14.363348479211462,18.236335500807353,15.686866106006327,18.57173122533314,16.918974431925573,15.458639408008393,14.472836626688947,13.464635041364525,14.172283191842006,18.200070953226774,18.977862071831506,18.67140296579805,15.959537196780786,17.284442089685502,16.66062902621106,16.271989014388996,16.56739236649845,17.09912668957716,16.82440443107638,17.730085282086005,18.70253136937309,18.49053903344411,17.00868879197496,18.312343955320927,18.229614562191514,18.164409974746906,17.626328772346483,18.513344429764388,18.18983287421041,17.240609197399085,17.049567857971386,18.225193749413243,18.024817016796472,16.379552670418423,18.275309758743415,16.563528667137486,17.09234157995623,18.18202739647692,18.97564749728681,17.432577000091985
photo_hand,15.044307450569619,17.455118059238693,20.002761638484372,18.01582470564033,15.825496642071382,15.83439760907696,0.0,15.308838750134976,18.98892921206894,19.169997701060133,19.305397517327297,17.550914505357145,15.86772014504217,16.21564256693882,16.363932599771704,15.48311972472194,16.266559754240355,19.002386069914763,20.205353313043627,18.292714377344662,20.60041522726314,18.399160278097725,17.976287219589768,18.094977785356413,17.92142642613216,17.98695092806611,18.665032266384546,18.179591335421964,16.564659913075143,16.568120694443383,17.047830060672112,17.465044898593057,18.843663391946308,19.541269352374297,16.56196523135247,18.209640867612126,17.98641394757875,16.344508711345135,16.567894178777333,16.457181321102215,16.069105690409774,19.009434444659114,18.905362479332624,19.146348827960765,18.372796577623713,19.454892775859385,18.25795706362997,18.009535336159228,19.345105755560084,16.786805126113304,18.669614556040376,17.819990174880548,17.057376826456778,17.11219552981531,16.64762686448335,16.347626620208988,17.05350620997648,18.690062440063514,17.44034544832169,18.889971735309306,18.184871936001556,17.27082826720786,17.215704613332093,16.524718785258198,17.029109923075133,18.96462368996391,19.440494236136377,18.90764108271264,17.409480097636052,18.13527247176883,17.842658312084744,18.029764151975527,17.765482177417017,17.94363078679895,17.80520740645367,18.578958020571246,19.372186900143387,19.25486793798758,17.93396318536077,19.10425263811367,18.902431910806946,19.098095503918426,18.213103363778163,19.306656987240274,19.01374323450393,17.892745102346016,17.95008468393527,18.765382617044555,18.751717504014906,17.590250127968634,18.96798392464155,17.71357688109786,17.942370798695308,18.999158732024387,19.82446538317056,18.28618159972117
photo_legs,14.937361093175355,18.151300196320822,20.57634128509266,19.035708290099457,14.306826909017078,12.885814949702224,15.308838750134976,0.0,18.333273096076372,19.532654604410045,18.884766944636276,17.784492168164185,15.966132743495905,15.586612457674468,13.79782076229979,13.044453101334547,14.371891907774394,18.6533600008791,20.071342485728792,18.236963115392292,20.97104608647746,19.151386863093396,17.86885009053435,18.02216476699255,16.53523832243714,17.83514451766014,18.3019409211583,18.27911833689656,15.025014044829586,14.89451983941847,16.048005386685436,15.806271697096594,17.654497309128434,18.911341180381353,15.738836358867797,17.865996022599777,18.14443278560246,14.722412018930381,15.817056904772814,13.775603066952032,14.30580330538935,18.475737339810372,19.099002468710413,19.24413530973178,17.84444746933124,19.325622318052673,17.724457870294003,17.46730516318104,18.414137665888305,13.497009679715868,18.112293100469046,15.820674234166036,15.324916231267316,14.759984238359598,16.20277038210735,14.252204889704089,14.133722764315294,18.39765048953684,16.537892430334523,18.442401334699476,16.52794132938538,15.41511697629302,15.162304276152001,14.167760565071193,14.795926986591954,18.27754344515229,18.934687515330722,18.622546651761652,16.099291007555532,16.912568476849973,16.764445498073805,17.101585738591382,16.594928110362453,17.007932509686558,16.812648791306433,17.75780390861846,18.640565646343806,18.44006675669212,16.994160339353396,18.31976610616404,18.229133552833854,18.25480027016546,17.584522773483847,18.588092592659308,18.237827484860723,17.24736938109237,17.030336798710838,18.13398993648986,17.95813796711221,16.31616884751005,18.236851611686774,16.5832587292651,17.04823027106575,18.207191560519938,19.036985136752673,17.40445847363613
photo_bird,18.45383903394784,19.594357108309456,18.053679962367134,18.404572618292352,17.8970565882665,18.214352979595184,18.98892921206894,18.333273096076372,0.0,17.32386420944542,17.861308896709197,14.618593375841089,18.15693381383906,18.0944025587115,18.0186331520103,17.56243334405427,17.431408436784714,13.585991264907294,17.538299965140283,16.236408778839778,18.36531948734648,20.139700882429995,16.987746000504337,19.662818965304254,17.93095871236118,19.023712156901993,15.736217879446066,17.16194513553647,18.54673023657325,18.1112407701237,19.079823542038916,19.213734980551433,13.705155857284666,18.751884609518413,18.256798404889622,15.72913918016124,18.6586506357247,17.645662875439807,17.70786862401603,18.15851748710137,17.329832679275018,14.97577469141979,17.602829529817896,17.42025526274337,15.258018648746893,17.797987430542506,15.945379885597971,19.695668554581726,19.78553050077918,17.726439726473178,16.01241788695035,18.737764192181334,18.347218939717457,18.359260964784728,18.975026071712975,18.150571786138247,17.615678828141842,18.471852663564135,18.193942085968214,16.064428222388994,19.361646127403557,17.853592201427052,17.919000493847136,17.95650560799161,17.577595427792623,15.08608134678761,17.75409678767015,17.469751075996726,18.852049821155756,19.228963593265846,17.028863444288344,19.354645281618573,15.470685652471985,15.833258110541069,15.44577890885729,15.298434553760185,16.607516368022903,16.526011595078067,15.809006601989857,16.22016614711925,16.058471870285565,16.071587364549334,15.744023135299564,16.370569804428918,15.992025164688679,15.395897238181103,15.473182520198272,16.100689223316195,15.889470032933705,15.673760012548689,16.203413042886304,15.549413236321874,15.552314280849762,16.064522711056966,17.25504257250119,15.884376518448578
photo_butterfly,19.381777456072644,18.95354784659441,17.969185003131514,18.252004355726687,18.87283351620292,19.601084676259127,19.169997701060133,19.532654604410045,17.32386420944542,0.0,19.823475977029076,17.983166892446416,18.390836809481286,19.009944187135407,19.95795056672207,19.636212164140648,19.833683102694547,18.293590255001362,18.076969802456528,17.271755780028162,18.48276506488293,19.586234123135625,18.11546795450324,18.704159516091174,18.5056986313262,18.289037587421983,17.44302265730319,15.538167570988458,18.428158070092447,18.666402897886893,19.413941542210466,19.024984632329563,16.689267471930112,15.934496627807237,18.97327603723907,17.65579196308684,17.566683233871345,18.722051698506494,18.24481128969621,19.468276619725426,18.74361550880077,18.06910442867086,17.437270004755096,17.421581063716694,17.166529556619913,17.315237583448685,17.840609330185405,17.971394651356455,18.826549149390594,19.096160140426107,18.127660463837753,19.251444514099486,18.355153344981332,18.16079065717592,19.06532647310006,19.156549892079305,19.15154554847198,16.80534482805395,18.746623153445967,17.77746959262283,19.783235936734176,18.75702812647099,19.182359773013275,19.099752265533308,19.498034861144205,18.23603555144544,18.047746115230357,17.62382245635282,19.31825035952569,19.68917715675959,17.58319196114816,18.55943023712546,18.117414354921205,18.387349431018237,18.225450609190187,18.344740831206813,19.10490310794648,19.092522261093023,18.494281225192378,18.84440226333701,18.592490724810073,19.005501468557327,18.22455402558242,19.140635588274872,18.64123310157875,18.07173602347447,18.40151609951241,18.464858633521867,18.52306329498773,18.227228215279087,18.773982251548446,18.255773796208366,18.41693104959074,18.836037890568942,19.731674511592075,18.58832967568574
photo_girafe,19.18841356384332,19.812436250518182,20.293415468025007,19.616193193805053,18.805211780820436,17.695596508707883,19.305397517327297,18.884766944636276,17.861308896709197,19.823475977029076,0.0,18.824413545932266,19.02417665765208,19.09102283219636,17.93245890898517,18.07563210986295,18.63649833901538,18.55566734787095,19.36994792152161,19.058179895253243,20.680923483742667,19.534617427318732,19.254663059161505,19.17179827345193,18.838828031449303,19.26217530119729,19.18735748526819,18.686154945459922,18.80398583359457,18.21121747066357,18.771352555449518,18.909556481381987,19.00201127429846,19.276492606451633,17.291108386505094,19.08523474340574,19.15606161521174,18.51945240858377,18.539799430692494,18.44233209393985,18.512810108519766,19.269654968967647,19.16276779949917,19.521506605044767,18.563310241157243,19.671016516560112,19.35281724936841,19.114180729232668,19.742911952781736,18.387554718352803,19.390216542089682,18.472629416669694,18.748537148876476,18.194788160322773,18.84592305717066,18.61293467850217,19.44994166652174,19.635103592626,17.14177370966406,19.231462527502565,19.520985185801777,18.96662015517621,18.26380749659973,18.180329139421705,18.85490689090169,19.075411024999962,19.25362957333832,19.17013381297727,18.860817189415933,19.427981662678608,18.20998166698523,19.04383030588154,19.09828902154896,19.234050890151703,19.10862666000903,19.22456492300032,19.87867320511166,19.839288903891486,19.247725454491363,19.7159289745821,19.59701813563971,19.416914489056158,19.382270594393848,19.796017911065952,19.491641196740307,19.160687164252725,19.305012371623764,19.48044272548673,19.444292215879774,19.04676118550264,19.521113673003388,19.063189425208957,19.20565611013136,19.590472085805693,20.364466323597547,19.38552910875705
photo_fish,17.99741422612619,19.45525238068151,17.864029892614614,18.990464302664545,17.321901131279237,17.97001828859481,17.550914505357145,17.784492168164185,14.618593375841089,17.983166892446416,18.824413545932266,0.0,17.419945632006666,17.80934516251929,17.901395457438877,16.652946369856863,17.117889340743265,13.640361045183614,16.787848209765528,15.494699302270817,18.275995694021727,19.9033222750293,16.170579611114604,19.29241476205806,17.764445564232172,18.757840428473756,14.271429191951295,17.373310036472663,18.177494443915744,17.82941046439211,18.720213998141734,19.14107947845188,15.965758150517416,18.691930124364642,17.98219510241515,13.571144571611711,17.72919233028562,17.389865308440207,17.55873151015824,17.638995681138432,16.86312475603051,14.517502641184898,15.486467879356296,16.558118683342503,14.350453322909214,17.30626571220202,14.984549816883131,19.417874408977244,19.450228757187233,17.24669643099209,14.820363047193828,18.54137359120302,18.361915670661073,18.253744442103844,19.01713763755864,17.763443364432998,17.36455582721537,18.468591197018643,17.76538429139894,14.139000984790519,18.973905439797193,17.364429395942388,17.7908100115301,17.660643830688965,17.227550666860083,14.893500590112266,16.472969653791644,16.501801932105217,18.41455443416266,18.975714778685603,16.225724698023352,19.31155510686287,15.037017832858655,15.325038685595159,14.859610893967428,14.858476755266251,15.713697028158991,15.675816816938541,15.318804377347945,15.276290733537621,15.095119241721509,15.478336835403761,14.96088666351944,15.726995020557817,15.178709159150788,14.801338941048407,15.018480301749818,15.039074666147268,15.049850063076985,15.094646527241485,15.239471099199626,15.073167104757696,14.992716550797333,15.437158448957623,16.4330689345665,15.313820562800657
photo_cherry,16.416988810748006,17.709366282540387,19.651670366523945,18.380197999949296,14.547124096340585,16.249201339316084,15.86772014504217,15.966132743495905,18.15693381383906,18.390836809481286,19.02417665765208,17.419945632006666,0.0,15.548074683158944,16.765187218794534,15.93210143776653,16.735799191871926,17.92806130222753,19.096403657176808,16.995538000642398,20.428679676425464,18.76886213245346,16.32765503139819,17.884011292786596,16.978861414627215,17.687277542654673,17.88358388395263,18.20598174416146,15.65195548095947,17.207172559252978,17.38255353799528,16.91355326903883,17.761307115729647,18.578889550987807,15.982850560062587,17.32820861555096,17.102121814310948,16.051922987971505,17.458432796807383,16.222441277587315,16.06957652623503,18.23640941891193,17.67426158559732,17.99498667524166,18.076578315609243,18.397036049470813,16.912966884401452,17.858674662153376,18.717621095808926,16.8494456284884,17.928796821580693,17.945789490820985,16.563951716971403,16.976006640767235,17.16082197826392,16.077502005326565,16.793475668489886,17.858729050349854,16.51873355234021,18.101712708677983,16.47606641414931,16.35837557007937,17.30476248171784,16.522149772561534,16.921560460496384,18.024323886459516,18.37930226046637,17.684577081272455,16.47694273522847,17.737564537593517,17.095879367593817,17.886214440743668,17.041666004181955,17.299131691434635,17.074823891354264,17.90788038390045,18.582389989471505,18.502580569562245,17.25820453590179,18.40207709246921,18.067723978630077,18.500600725468935,17.490358602713787,18.555546231318683,18.275574808687196,17.18436288156127,17.202623026726194,18.086998199533117,17.96550683513341,16.83654746706392,18.261793533645456,17.10076501653782,17.117022918508162,18.318057738745086,19.272409072491147,17.492680072906435
photo_tree,15.41643677941654,17.61712489966976,20.560958735353914,18.696521130590163,15.435458684069488,15.90449937468589,16.21564256693882,15.586612457674468,18.0944025587115,19.009944187135407,19.09102283219636,17.80934516251929,15.548074683158944,0.0,15.894776320369022,15.040721067014887,14.907972159582219,18.57289502596117,20.14293572157141,18.14098733912277,20.4788497380952,18.347040491539335,16.22250483173248,17.617486659824518,17.20516431341316,18.313860813183435,18.744467955244275,18.336418127347642,15.657269509952322,16.36391882291961,17.881450541975862,17.00497440722902,17.790050016080826,19.331141310515378,16.099532167175347,17.898964693733955,18.276383818990865,14.247688269884284,17.155321989735913,15.697055905592903,15.5028776649809,18.725235602525593,18.923402393743423,18.98285715990245,18.519399306014275,19.290393881650687,17.473620577734334,18.01403782171082,19.372623805000497,16.38764185611679,18.804446384221478,18.23012317424926,16.700884752274902,16.83837846601377,17.153762726645716,16.11403562624018,16.651267476514647,18.948656660950626,17.337572381251686,19.055962096915252,17.17132488903087,16.071100602515614,16.850857604468313,16.246263891022036,16.19920348600522,18.88542063689196,19.30597233433373,19.205233921219506,16.82274572602174,17.57033204638331,17.722097262877817,18.013968498245323,17.086077535424433,17.62502457852001,17.37713053204034,18.2146539409537,19.18413092393362,19.03666219250286,17.515198312666755,18.871637224042715,18.553611934168458,18.810843028494162,17.991575069982826,19.049790553672352,18.6747108465521,17.570906572800585,17.50682293429155,18.641806734646593,18.53073437688001,17.117782602110744,18.800439900977363,17.24457129019551,17.50864567912062,18.65978965295302,19.53997151118609,17.978750712632618
photo_flower,15.798595647636924,18.65784454312058,20.936863923025747,19.71856282159782,15.06049719215448,12.480519906638046,16.363932599771704,13.79782076229979,18.0186331520103,19.95795056672207,17.93245890898517,17.901395457438877,16.765187218794534,15.894776320369022,0.0,11.54324084742317,13.484409358544555,18.27380514151176,19.817237921231477,18.13504937344492,20.96494875185444,19.67010786517269,18.081914720542787,18.716457294926315,16.41781503348077,17.902769445156242,17.956373653900123,17.936759731289143,15.595223554437066,14.138745311132489,15.417939231496346,16.600330092472973,17.375289863586108,18.70228452152907,14.77283183340153,17.378178468670686,18.15272020967326,14.006307502295341,14.558683554493506,12.114565149327438,14.239548780580671,17.956258241751634,18.652712608301684,19.023002125650102,17.110012539050086,19.30193675496421,17.282964827012144,18.087869670271534,17.89267679712153,13.04430267871109,17.762449527470974,14.811980712883878,15.63349019651279,14.581677009532553,16.020970673095256,14.670928132218311,14.110104897919946,18.282942793699792,15.485113282992248,18.136726905679197,16.52779478901203,14.306141197661884,13.22996071209759,11.904300125488017,13.369190079588826,17.62004906502333,18.41116046100552,18.47107415199576,15.519538229722924,17.05986819010332,16.351053267340102,17.189186027692266,16.000081944979538,16.569110287969828,16.29387592447135,17.23405913837878,18.099267726314093,17.90124977713814,16.401694401152287,17.76880660043859,17.646899795111004,17.696593530581644,17.089849286341686,18.00582464259198,17.629987611383797,16.571334873165927,16.523756131990943,17.71857530720332,17.517421678394346,15.83878518024782,17.7511398908449,16.00030599727459,16.59991655234406,17.55898834782298,18.329750421905036,16.921709465209904
photo_carrot,15.18844373658251,18.474177596699878,20.235544208819928,19.342535777781613,14.61115647292978,12.52974823246319,15.48311972472194,13.044453101334547,17.56243334405427,19.636212164140648,18.07563210986295,16.652946369856863,15.93210143776653,15.040721067014887,11.54324084742317,0.0,12.680698151139199,17.521806887210452,19.289960264980138,17.779970876317762,20.659110247858187,19.390549193919096,17.003259228668067,18.483766060028493,15.97819479186323,17.953778741056407,17.39015252903877,17.94856180392872,15.158170202151812,13.683414118363919,15.538829953884207,16.25785280310167,17.179325947540196,18.584606877743724,14.737671639371873,16.986348848467838,17.875223549482126,13.766828035124586,14.426500931045922,10.095211207935018,13.687377261993513,17.39644964178714,18.247741476003963,18.800954344944376,16.700131243924655,18.849586569129247,16.716254190642506,18.153684375733494,18.24586932182232,13.070673406386087,17.101627319826324,15.409208353484345,15.215440714530091,14.203788685706378,15.86996673122947,13.657267363552856,13.430202508988218,18.165455099824214,15.404574598734532,17.634132079449685,15.89917027731107,13.823501412170945,13.293805933813001,10.676936701956892,12.470679679297257,17.041766992693773,17.96066736030255,18.11954088046276,15.324717614290027,16.712270393007667,15.846378847560196,17.108786630625325,15.30018799267334,15.905699741650128,15.554337242650877,16.5074835841378,17.510958141516944,17.271973217421017,15.682870128327735,17.157218970110144,17.036395987487072,17.016843665920725,16.410155693458744,17.365790980047052,17.042091574333853,15.988796508718057,15.832499030681708,17.085224123610722,16.79681036852707,15.154293466032838,17.07329430246995,15.19432648517927,15.785590046155276,16.961389922449527,17.800558699138268,16.16411077103088
photo_watch,15.25227786027041,18.47100223338096,20.639052601429825,19.443296220584628,15.696399401768915,13.615284122221283,16.266559754240355,14.371891907774394,17.431408436784714,19.833683102694547,18.63649833901538,17.117889340743265,16.735799191871926,14.907972159582219,13.484409358544555,12.680698151139199,0.0,17.619369871138623,19.347301198826308,17.73618599499399,20.896419925695078,19.067413760879546,17.01085158337385,18.361295260732632,15.896981465537596,17.723058225351455,17.564756624777893,17.85053976063738,15.16054732237317,13.66017498213413,15.733902196571472,16.238086855427813,16.550273004521,19.045981286612296,14.638205006024291,16.668683117673883,17.8126699247345,13.392692142826565,14.588086747249086,12.723796303977993,11.988166042102415,17.152933436490102,18.253758191336047,18.7158708446271,16.9344283893074,18.731016873008173,16.374883120482046,17.552153365273924,18.483913094149482,13.24872795940465,17.253157878383803,15.762910020676365,15.387726915875106,14.88238784855984,15.779530495472113,13.830513286899594,13.763180774262423,18.44798754100414,15.696732171976727,17.480296360921,16.47301140733308,14.416952711169412,13.755692824297041,13.337834123938684,12.087614949701143,17.047595587856907,18.32306838243539,18.242254239823183,15.555094861701209,16.261832280315527,16.605335523992412,16.681338307685834,15.187387333552405,15.848198308153489,15.364245371297944,16.454733774308732,17.644538267030004,17.48411899805856,15.744834773940163,17.26276687484431,17.053320555617727,17.012294574910353,16.41567297087134,17.40887017262044,17.102117868703562,15.880368993876939,15.759085682973348,17.14027003706253,16.855277036995364,14.860149015471867,17.203509486502178,15.175608220206929,15.72740317256125,17.017270039489244,17.890770457401224,16.204585293616166
photo_key,18.914711884869593,20.073294122401887,18.18522904789304,19.65643659697704,18.093694526373834,18.45741907219023,19.002386069914763,18.6533600008791,13.585991264907294,18.293590255001362,18.55566734787095,13.640361045183614,17.92806130222753,18.57289502596117,18.27380514151176,17.521806887210452,17.619369871138623,0.0,16.295783902527997,15.637255397933503,18.834898418106032,20.235444408006327,16.811794762367484,19.85999876066787,17.899899149331,18.739117502106925,12.82445549127122,17.883540909709208,18.678757648979698,18.07694590619612,18.657653284374682,19.419103151394676,15.148267460187894,19.001092731474305,18.362123864472075,14.380338566398517,18.05079468142769,17.733120587882365,17.71526519726932,17.850089137505314,17.42935950001431,10.228766117126709,15.79882716735766,16.725489398840335,14.371090037240421,17.077896020580756,14.591952466947347,19.69424421898286,19.282504279066178,17.357685169724657,13.255226657496618,18.552598788408464,18.671158041177815,18.6179688536697,18.801664269917044,17.79474193535189,17.030028865926223,18.55815719654724,17.683620558574717,14.991574598054154,18.941115240503702,17.50618880936025,17.762518955112437,17.67295755147731,17.079974387331323,11.67719425098142,15.936034127824502,16.395556419562343,18.240923291109432,18.717572747537783,16.311752420556775,19.242454380534706,14.183092351423685,14.122033775817508,13.569705888822163,13.058804800510183,13.683559617807337,13.741820585923163,14.315363811249512,13.614175404365215,13.403142305444188,13.61729194444445,13.746878856281986,13.808351317684247,13.197361258494794,13.36281824667428,13.713802983268852,13.359029430639582,13.372438388729542,14.223448118831561,13.361069726405496,14.120065905651835,13.565742623925505,13.935807936221009,14.886580969824902,13.919266984347061
photo_truck,19.72139756797507,20.292631984443467,17.707915737195254,19.48883594911205,19.37460253972266,19.76935590628624,20.205353313043627,20.071342485728792,17.538299965140283,18.076969802456528,19.36994792152161,16.787848209765528,19.096403657176808,20.14293572157141,19.817237921231477,19.289960264980138,19.347301198826308,16.295783902527997,0.0,16.70167080979602,18.26847209867477,19.493731944429907,17.678925996651728,19.77898191064871,18.346707934302156,19.151496757973856,16.529633765104723,17.28597856839097,19.52832964871276,18.99031667173224,19.60882156514931,19.822082062025938,16.941893703686578,18.71364495258958,19.566160492704444,16.560864747164892,18.268969753358483,18.85885544488608,18.84854615075392,19.28337192778161,18.81200564437047,16.566960203864998,13.70123238363295,16.734016411715462,16.191482337434714,16.294490938398837,16.592136401330233,19.422235891316593,18.917906385612923,18.689170846163556,17.32873168586813,19.21214890502582,18.88121951233556,19.02258231625399,19.544580663782806,19.333554540004627,19.041347345141254,18.485772200485496,18.76530396506679,15.857431182742905,19.6159424955333,18.617279381081026,19.207590552905415,19.01446011351952,19.22888848562486,16.65328906405282,13.521968850419299,16.247670038504996,19.3108297697408,19.356487763933444,17.376780455371236,19.61598076767018,17.607660297539738,17.748754466422604,17.485437530003324,17.35729016541636,17.527692373507715,17.5531603437679,17.77355204231891,17.50635914610112,17.28398846301899,17.440723308445214,17.6350133921707,17.416343984324904,17.424517980971835,17.401639907308855,17.591058808920515,17.43196718648265,17.425993737479697,17.718532705405114,17.341168563488377,17.703898527578822,17.688010612414914,17.663260357763292,18.179713044247812,17.710504078079513
photo_velo,18.13422714521188,19.534906694431058,18.277235948878317,18.973001055811004,17.38168081541512,18.12234035382801,18.292714377344662,18.236963115392292,16.236408778839778,17.271755780028162,19.058179895253243,15.494699302270817,16.995538000642398,18.14098733912277,18.13504937344492,17.779970876317762,17.73618599499399,15.637255397933503,16.70167080979602,0.0,19.00603027269015,19.6254202367423,16.10219188602853,18.681917115233187,16.6345903262149,18.289688687816284,15.577295389184341,16.997661193026538,17.604674255607346,17.82792448448553,18.69723547145878,18.62770955352842,16.16005689258577,18.264626057762094,18.14940361838168,14.834506274749561,16.440736826973747,17.15100547523003,17.672549821335473,17.871710581931342,17.204327034317533,15.687163836960552,15.332940248047084,12.744989298872637,16.01029949252782,16.499085780893083,15.353078584617723,18.511155866893137,18.571485013803546,17.386050420965862,15.721729787144636,18.52175992613418,17.323281317598727,17.891245845773593,18.24839445995473,18.02408349557438,17.88470841049474,18.166492134998727,17.982617099683694,15.673871920770862,18.536646976207805,17.15367407255454,17.748188215086145,17.720175230550712,18.04033111651293,16.21418596950468,16.20727771346627,13.212726510269247,18.13125269943203,18.579673814539234,15.862991259364886,18.46725778798814,16.15075613923856,16.43485904943063,15.983141385027404,15.927259115775596,17.136780000803867,17.067946636917128,16.541463336098513,16.563438021289492,16.502918546718316,16.65699599838123,16.14900555059482,17.014284216891998,16.361366629915256,15.974047842003198,16.22284284799978,16.27892877114694,16.28695210701085,16.253802263867204,16.44861307212518,16.11626986332267,16.132246651463383,16.735909842297886,17.621942451327225,16.494619061244173
photo_road,20.61261020393327,20.844278626099754,15.336789442742177,18.755094713245445,20.54405299159273,20.78092627965566,20.60041522726314,20.97104608647746,18.36531948734648,18.48276506488293,20.680923483742667,18.275995694021727,20.428679676425464,20.4788497380952,20.96494875185444,20.659110247858187,20.896419925695078,18.834898418106032,18.26847209867477,19.00603027269015,0.0,20.52446486056926,17.704122128151987,19.704921606413162,20.380958201571985,21.32656860087732,19.128235417002845,19.041287754049605,21.088837072755144,20.57786243252134,21.58714299287735,21.590033918642668,19.105945131072286,19.914760970938396,21.005037717604452,19.208418932107122,19.897242799527042,20.43874468711743,20.382214068830155,21.101344086531295,20.633855767673325,19.689712127864777,19.09812958377924,18.91136258249504,17.71850407360597,18.483709501040405,19.04874865783723,20.903723024893868,21.377737631497634,20.650230065350407,19.91107646517414,21.259381037030252,20.742125947402563,20.964682280227418,21.38290570115308,21.168438139482,20.980509414095234,19.999488156700664,20.727475290680026,19.191964334175633,21.66115907302096,20.464539642445143,20.707967739882296,20.865664889988974,20.986263720769557,19.78280822524297,19.448235401453115,19.491402045117635,21.01210463746905,21.565709250183197,19.28287602580169,21.171021671783585,19.865794023878536,20.12521329232861,19.929693446292767,20.044493353154675,20.29787719747855,20.060361025289815,20.066219554065192,20.072173911516256,20.121335962265942,20.058174744625486,20.064681351448947,20.061952854806417,19.95941413312554,19.84757201469176,19.961352447072017,19.943981073703473,19.908902027153864,20.033933375598295,20.05906320498998,19.954426832704733,20.136122312958324,20.031509206641807,20.95928073458323,20.172690219791853
