,photo_face,photo_profil,photo_eyes,photo_face2,photo_walking,photo_standing,photo_hand,photo_legs,photo_bird,photo_butterfly,photo_girafe,photo_fish,photo_cherry,photo_tree,photo_flower,photo_carrot,photo_watch,photo_key,photo_truck,photo_velo,photo_road,photo_house,photo_mountain,photo_windmill,drawing_face,drawing_profil,drawing_eyes,drawing_face2,drawing_walking,drawing_standing,drawing_hand,drawing_legs,drawing_bird,drawing_butterfly,drawing_girafe,drawing_fish,drawing_cherry,drawing_tree,drawing_flower,drawing_carrot,drawing_watch,drawing_key,drawing_truck,drawing_velo,drawing_road,drawing_house,drawing_mountain,drawing_windmill,geo_face,geo_profil,geo_eyes,geo_face2,geo_walking,geo_standing,geo_hand,geo_legs,geo_bird,geo_butterfly,geo_girafe,geo_fish,geo_cherry,geo_tree,geo_flower,geo_carrot,geo_watch,geo_key,geo_truck,geo_velo,geo_road,geo_house,geo_mountain,geo_windmill,word_face,word_profil,word_eyes,word_face2,word_walking,word_standing,word_hand,word_legs,word_bird,word_butterfly,word_girafe,word_fish,word_cherry,word_tree,word_flower,word_carrot,word_watch,word_key,word_truck,word_velo,word_road,word_house,word_mountain,word_windmill
photo_face,0.0,9.74514306476661,11.45275041479408,10.358652731540566,9.643662265054385,9.445540236924368,9.184603621517748,9.056058714774034,10.487913362568502,11.336517000420361,11.224029549258098,10.461071467422801,9.91153458871322,9.147433622208279,9.433454279875738,9.130666802263372,9.60066219068519,10.729836815904656,11.464757593522453,10.689544910031165,11.65311051176937,10.793001727562661,10.546174294299542,11.008848129192518,9.88474107332786,10.576701046054513,10.905297622917878,10.82764249012492,9.972948031391228,9.885889103975865,10.4704995103079,10.304927369478872,10.380021344228876,11.741982356286618,10.045571337840503,10.650336513684183,10.985266971372782,9.318300705309419,9.883316246389272,9.503031763010972,9.585810409178928,10.948595823083409,11.150837312024201,11.2883018574532,10.648943636936039,11.56543587729038,10.536104651355856,10.813539245421845,11.040303887145866,9.878809483051402,10.84311887386885,10.249870260254008,10.134069861653728,10.092935221193923,10.464540823687573,9.86038949079476,9.905900385021779,11.190405333786922,10.507102406981229,10.921087211475133,10.761830438297455,10.065262261771759,9.828969376835149,9.745499379108953,9.936086090735046,10.881494107380801,11.225408569962717,11.026417519576556,10.171411598067426,10.49624676404027,10.343022231609948,11.029788993347736,9.8817321930484,10.122749509502663,9.937831362744996,10.577744000349593,11.129377992371358,11.058316186902731,10.06024475980194,11.003670832300221,10.84235371878422,11.028666258057177,10.466657223742882,11.026516766868049,10.962452831732135,10.203742498914611,10.092964294841776,10.838970011436757,10.695176762497038,9.726658795428435,10.993185752019823,9.906829696188531,10.147039539783105,10.797600749324372,11.524586442653236,10.397678215559427
photo_profil,9.74514306476661,0.0,11.61165769840559,10.526723338533639,10.624677370528914,10.801929165760571,10.456034152289527,10.717214304880422,11.133174909386847,11.12140263452778,11.68057491695544,11.356316799239753,10.496569866105487,10.135142635191759,10.8854447019387,10.785455058014685,11.134453566539849,11.367822764337312,11.912086265215969,11.43170934260881,11.921958063360472,10.516200470557177,11.081135486238075,11.161460184955773,11.053081423166049,10.167478009306608,11.437738549418686,11.216436877322593,10.870630102184105,10.95416416250435,11.355115777199078,10.682305563738034,11.141884644481094,11.749246368006318,10.704818656394485,11.363161418171984,11.23617700302607,10.918902059672599,10.82494933578252,10.979169825299111,11.009485555871073,11.565463533097441,11.714568853062916,11.644930993953372,11.405157442030868,11.796573461453628,11.31142205349354,11.210849787987184,11.235322771782698,11.147351222210693,11.501271358581793,11.03453567384557,11.146566935824186,10.963607373999189,11.16786537493771,10.978961711062384,11.136967726330903,11.382867634925027,11.060136178170255,11.529472635349405,11.124561769050624,11.084205069531734,11.20452161953933,11.018814020831806,11.13751653612648,11.49651280507135,11.732832447732864,11.565477437664617,10.943904020699888,11.111799926460712,11.18137458426646,11.57670702259093,11.046262803668743,11.276782791386475,11.00802849785486,11.331404188362207,11.791318858785674,11.790205282202034,11.199597967347913,11.745300662938522,11.481173907290092,11.885053522136653,11.261312206919639,11.797194252440258,11.705844878330048,11.12814563384825,11.099865533100273,11.583636410807728,11.43968924029693,11.17733310362182,11.708579618590933,11.098377721636187,11.137885719980217,11.579259018311268,12.360211412681299,11.187126548548134
photo_eyes,11.45275041479408,11.61165769840559,0.0,11.01898534912674,11.442693091579539,11.72876056374095,11.507234597783492,11.753647237311403,10.33406938020212,10.667849913102373,11.605975702093986,10.42249062042342,11.266292131641702,11.497883710520423,11.866045801974026,11.409265440038237,12.032322175196105,10.408243566574999,10.771025663810741,10.589876581308724,9.34199891172687,12.026108578759448,10.274231320678703,11.873855180042714,11.412235227348484,11.868585650559735,10.298556795828334,11.101613014458874,11.848510199655859,11.698111622200354,12.08656977815916,12.136598495494251,10.616389042031324,11.397109562352842,11.828834071746567,10.651522838374886,11.15448554319518,11.428235064754805,11.64010277285708,11.766887980170582,11.60655642990784,10.733178637506956,10.869366894314032,10.869906966202237,10.690252451361582,10.458526082187335,10.802766449969472,12.09075609295065,12.005069342913854,11.637861563370057,10.283819946377019,11.940106092657409,11.843586403825356,11.746875487230566,12.123674545390235,11.681928245128342,11.654068450499889,11.451364398832728,11.682840532378048,10.831051479479918,12.080033826031908,11.49864335060244,11.707793791202795,11.569575327396258,11.615687712719163,10.65700412801625,10.917780954394933,10.681337800375065,11.89021301130589,12.112162271597635,10.938152123546743,12.338789569341271,10.690265624634469,10.786690861390149,10.744058331379243,10.718059823457425,10.829737478362421,10.756255849975316,10.818837501965797,10.784487035561158,10.697024025364005,10.888137524869885,10.583817003701272,10.74704656904728,10.70460903665996,10.652563217686266,10.709096876840668,10.66726624913728,10.696819489623984,10.762518366692944,10.722398322029987,10.723275672890596,10.633922172843546,10.738070578604752,11.410554548034062,10.774394981976013
photo_face2,10.358652731540566,10.526723338533639,11.01898534912674,0.0,10.786627141080691,11.058851649395098,10.550501871422714,11.065523197495544,10.4308479148621,10.823895001607319,11.380173354816367,11.076428126535781,10.801505321305974,10.549812908655957,11.283096505389368,11.064996760972308,11.595721352118662,11.165293660253042,11.589539525717274,11.141342846312861,11.168132425692098,11.134435129283911,10.857802091780629,11.390794833654889,10.972614287002877,11.354921757450072,11.39322156427035,10.200329479911245,11.324682599792315,11.292758769034625,11.67650431110752,11.504725253564157,10.87329481144945,11.521613230717398,11.351433043195193,11.315964095352012,11.424935324415411,11.00876225418222,11.094732938026066,11.45591402816728,11.309997891712797,11.493725200488443,11.558302992113907,11.507381239934523,11.182632532229466,11.538474858659079,11.202074774646375,11.524566628257276,11.495499903548673,11.395289334120648,11.536984530414202,11.334422951340485,11.287646136245618,11.32539323420138,11.491629959133357,11.456082702360684,11.44815621984731,11.140802583232881,11.44100338707084,11.291518239735902,11.64488905663079,11.295456531121458,11.414714338392992,11.361872386900274,11.473668673755386,11.455441922507909,11.541396843376962,11.405402607618546,11.434195196016665,11.63651340689407,11.005776205465136,11.961928808585228,11.083822101312453,11.163758788092544,11.0435087970746,11.259612847196655,11.774282580331901,11.728235236055125,11.20651782604589,11.74226482445737,11.528935307662945,11.75145287898394,11.32123197458108,11.730515759018768,11.64805518529131,11.200204049319247,11.075029395035468,11.501935853006687,11.445812799114494,11.006744551120354,11.644930549252523,11.091209142556357,11.202889805342538,11.521178495755771,12.191691776445573,11.284977679666031
photo_walking,9.643662265054385,10.624677370528914,11.442693091579539,10.786627141080691,0.0,8.484254315434432,9.295096010853182,8.438375910182181,9.763902621431345,10.667671456796292,10.708713880012693,9.80233205237913,8.787046834961902,9.029675933587022,8.691446394236106,8.434096829705348,9.366351284718926,9.87281120208968,10.836965689943934,9.938396453488734,11.246416573610023,11.263601871170822,9.321934866479296,10.676401273696575,9.197984370986005,10.298542356635114,9.865130298949017,10.136409654494013,8.149059311746933,9.502166176367949,9.785242935358056,9.724504360754212,9.474134168387584,10.615885002466861,8.813555517003632,9.579057865243731,10.335394823888844,8.769585212460457,9.49907907884944,8.733011908039655,8.899359163554303,9.981248066358097,10.264629595620873,10.52965251118954,9.64895610688737,10.731282272551224,9.223925921098772,10.17973433192072,10.570559188170385,8.717959310325732,10.031512822211177,9.475428186022466,8.97650974533275,9.008144492173104,9.768457625702414,8.804594447326132,8.936362565437019,10.403353477614868,9.100756272346551,9.840528778764785,9.368880156569148,8.691985944678803,9.397999511254373,8.8311236984154,8.947740879070267,9.847450610065993,10.237594724742172,10.226500565906626,9.201670631265069,10.35967505041355,9.301514616954991,10.359824277367993,9.025187384196949,9.325364924289373,9.142546874599438,9.731950301625345,10.156019132224664,10.094254746740447,9.214867922501268,10.044639257550799,10.007273901471915,10.129159103459447,9.616536871863026,10.152124461550343,9.99727686911061,9.328559750157464,9.216511057667173,9.964448541770555,9.790471538466468,8.916255833450084,10.02415690294346,9.052832998848773,9.299097964441351,9.913757266784835,10.57351806397019,9.489288604733362
photo_standing,9.445540236924368,10.801929165760571,11.72876056374095,11.058851649395098,8.484254315434432,0.0,9.378195258879392,7.748716271617952,10.1042783651262,11.117409828854623,10.210878074663201,10.248928811077924,9.626416710984566,9.357203735345019,7.514933710626307,7.466386779695908,8.351242341495697,10.11985739473049,11.163081698738617,10.40627188606246,11.517558571895298,11.337663008103405,10.08761500684066,10.292282533864647,9.581003275763674,10.468402064257175,10.163950349220423,10.280225228257143,9.126760311119504,8.33979205414517,9.314913839407971,9.385312160989574,9.761319720545552,10.17227209900022,8.564599829620159,9.938797245751365,10.448964750993934,8.69274154580004,8.807034242175876,7.684735956866597,8.482695461888277,10.13277616606719,10.631789260077358,11.088292671990043,9.608329285726272,11.076485539081673,9.695128589454091,9.63652781476377,10.314169965826528,7.91799874842314,10.198794081674821,8.430225476991438,9.193225592220672,8.299650137493805,9.386693068906478,8.503163945321145,8.324474925950863,10.3726062691752,8.841062278052016,10.128141071689086,9.718794276724811,8.794937261646819,8.518554721224502,7.820132947362121,8.143899102314851,9.902178828315296,10.499654489463484,10.496256387954686,9.070149095002458,10.06193039303768,9.132396828762602,9.693498607735012,9.092267473981249,9.420142138413915,9.201522446419458,9.826514313489685,10.32609945157214,10.230548661036616,9.327801640690048,10.185505556053863,10.09351536889644,10.171339098407886,9.823064604391169,10.24607083756757,10.135193504790209,9.486692314146735,9.294160722561333,10.150958058110525,9.96554497576014,9.05266060909903,10.186593921652694,9.097095146803825,9.44433608882205,10.025291486459595,10.690267277438297,9.587191906475583
photo_hand,9.184603621517748,10.456034152289527,11.507234597783492,10.550501871422714,9.295096010853182,9.378195258879392,0.0,9.123354746895801,10.609954076481888,11.135143568367011,11.200258684747688,10.14510090463547,9.522184870776927,9.405716786056608,9.493760785164355,9.012985162230574,9.770214698082269,10.532858621335503,11.630639286889132,10.644074241714819,11.632273349731033,10.998623103964045,10.53353226274194,10.867805628274809,10.368370207715346,10.670420304142308,10.481644069303208,10.66546936050049,9.865094626969226,9.787360520792458,10.015087069329494,10.270639184944578,10.627990196820972,11.387259777494654,9.788818118344224,10.33477492274252,10.688245553187611,9.579363474533766,9.749640404533235,9.505408873862496,9.475381782956212,10.685563723489333,10.90725853503722,11.17339160844254,10.341170182763737,11.419137969033821,10.257548573399397,10.570616373661855,11.18580001606226,9.680762384459594,10.493796572462127,10.117348810442538,10.18127254773165,10.033936795710776,9.912048903715137,9.45930813242864,9.75714193897559,10.88374816102359,10.085209255049747,10.62715701313634,10.486322459823176,9.894371515985709,10.026005433432383,9.413845793312182,9.665915502317988,10.582960504112627,11.05998961711318,10.920480432585176,10.008530819809462,10.675021952390814,10.151404207339956,10.794139793663247,9.796323056282764,9.887636934820526,9.797253409290681,10.360080317740373,10.731754890842778,10.67284136648224,9.863226403102471,10.681918133946013,10.53946857838598,10.704708113128882,10.12814991385512,10.694290389651385,10.639947490379301,9.943910778198678,9.831588837277005,10.480707813321127,10.435852661641068,9.66173672317826,10.624117547864904,9.758059725855606,9.934359572930973,10.56932079187905,11.178258133809981,10.093172458599515
photo_legs,9.056058714774034,10.717214304880422,11.753647237311403,11.065523197495544,8.438375910182181,7.748716271617952,9.123354746895801,0.0,10.25888368565154,11.226173331923466,10.797099017739448,10.134525799900002,9.460204383591849,9.250961883712062,8.152351191368815,7.699151513229543,8.821412444657112,10.253777971131571,11.43806098623939,10.555751970708124,11.724650358126858,11.3818390582945,10.350797895307453,10.752576911824622,9.499126981158968,10.412019411981685,10.125728582076366,10.545907278446936,8.975682235962546,8.833421315024173,9.479814243522934,9.491226685001434,9.95509359091903,10.852688302197105,9.29444550610484,10.04712051457789,10.557567175874015,8.812420820397554,9.32279099358162,8.151107434422011,8.444742312429584,10.269935155480301,10.824230043711049,11.151371024075429,9.839965742754671,11.219720977593933,9.820733392432318,10.140385479364792,10.422525766679305,7.854352202950386,10.143444294879135,8.94471387051808,9.170294843125602,8.630671066331105,9.628196158405778,8.285072614769193,8.117432392324059,10.561658708952654,9.389723801799672,10.129299325250457,9.57436741339025,8.909241085829686,8.892146106872849,8.209228941941795,8.533546433777436,9.999401123129182,10.562221902833318,10.580908513254977,9.236245859541294,9.915414800240521,9.362740241223726,10.159082284275053,9.15264137728133,9.384227579859687,9.233808980248249,9.842068151643216,10.281152109605175,10.19474983317004,9.326662855644075,10.182802481589786,10.101920915067735,10.236563766480723,9.794927105479019,10.313218762865954,10.15884217773816,9.525243898514795,9.332198267666238,10.092094624094416,9.912767707859015,8.99701614746859,10.142409668456263,9.127115544585056,9.39928215886146,10.062256828689046,10.753882317670067,9.573443948334086
photo_bird,10.487913362568502,11.133174909386847,10.33406938020212,10.4308479148621,9.763902621431345,10.1042783651262,10.609954076481888,10.25888368565154,0.0,9.927131576118468,9.962200997576225,8.553092183928328,10.186374891260508,10.108975360786834,9.990961382028354,9.62949915520684,9.98921999612229,8.03183007826199,10.144015601308883,9.44807232106673,10.285951042284557,11.543560498267581,9.78044481785217,11.159225968417784,9.798201792524981,10.636146223619383,8.88469737842592,9.825289765298306,10.263225259607847,10.060416476783923,10.45374358544218,10.717006382994029,8.065687548631855,10.626850574540981,10.037038807829383,9.036013114982927,10.642135294422712,9.837192338682703,9.817734488648032,10.039182592209292,9.730025111471104,8.53400645166336,10.00720176028056,10.076983215481661,8.72576039555217,10.293450752523661,9.033933930347045,10.891487034356672,10.93191016408686,9.84589470381536,9.11345461474703,10.105449010969467,10.31349267548492,10.073054865672,10.581642395640856,9.914740651520201,9.638337459599454,10.393550622989643,9.978964609464827,9.086875097084611,10.70412334530103,9.707987954727875,9.896836953706941,9.758235110672228,9.540215614016734,8.497062569573618,9.981516407386254,9.826966756587879,10.270674286033719,10.811101049329304,9.433859038760744,10.943184689169195,8.62447380528972,8.865694177611708,8.643798710566411,8.696272932630391,9.386715404846264,9.309974381118245,8.78574773695165,9.23783212705002,9.041502129042271,9.283568480315493,8.865462736177344,9.264876096633525,9.080261009454704,8.658012143074828,8.608365000861035,9.11301362862714,8.931470695420373,8.692141303718035,9.20116009657417,8.717826702165793,8.681611873309443,9.01814253408854,9.90643026590498,8.846372991252547
photo_butterfly,11.336517000420361,11.12140263452778,10.667849913102373,10.823895001607319,10.667671456796292,11.117409828854623,11.135143568367011,11.226173331923466,9.927131576118468,0.0,11.394607527362538,10.681947138328812,10.626945792683976,10.84209097871009,11.375087616406109,11.17580852158177,11.620694715831817,10.395416513234476,10.799274104857439,10.230764470075103,10.536626280115616,11.610899607834725,10.62298581460008,11.047690174513903,10.668277727374516,10.704262924507473,10.14528443333078,9.529717337472745,10.563808280261457,10.900795312228988,11.1927466130556,10.989216313949793,9.797844134082228,9.815915606434132,10.881606429735657,10.336044192996363,10.459232286384914,10.778695028072724,10.676556231267309,11.118703518610277,10.845825180811605,10.429114008888945,10.35215239996659,10.44695783988969,10.039539654578238,10.440401702521227,10.2570717154627,10.425315153040392,10.936894597454032,10.908582145832948,10.391178675026557,10.91283575949742,10.66854459070458,10.436658218227056,11.049289389132593,10.832611891829723,10.890400368434989,10.022100596449183,10.682695939987275,10.391081841119119,11.260876772861627,10.65962227674098,11.027095201991495,10.779951801217615,10.95513292185123,10.374250988775959,10.539013702246068,10.357020468025544,10.949534105384162,11.40236522841164,10.032328713139858,10.910344077147386,10.222796937955778,10.378374757736005,10.318034870867136,10.509631329659044,10.87803270173154,10.857734406214469,10.42000293865601,10.81096639027409,10.572257234662157,10.978314946752711,10.35371110230288,10.900328240614282,10.686165756887767,10.24464115946433,10.312780464820097,10.569798280413169,10.562163388053609,10.288229559557603,10.753892547191688,10.325327918231347,10.394079647546237,10.693912519699351,11.403131604318805,10.472861231178165
photo_girafe,11.224029549258098,11.68057491695544,11.605975702093986,11.380173354816367,10.708713880012693,10.210878074663201,11.200258684747688,10.797099017739448,9.962200997576225,11.394607527362538,0.0,10.783936070895479,11.035061932689477,10.775865648559519,10.337960203566325,10.318492020910913,10.79277966997945,10.150072704452437,11.08063044266701,10.87625263663227,11.537159360173023,11.63179090163325,11.015774103400814,11.3236750222185,10.694305371202978,11.230315890928923,10.540232925083082,10.816459377253432,10.781931948155716,10.559208103280522,10.738120612316214,10.925069459362014,10.669411639759618,11.041869889922806,10.07626464940886,10.680067041439258,11.065746137482336,10.539109817077948,10.615494455655194,10.52575621312488,10.543606656387263,10.55509783149594,10.779212658256142,11.249529108345035,10.35182904791789,11.401176929837328,10.563965394045361,11.0377991064625,11.144737012854758,10.452705559755461,10.666348946582152,10.346749203307306,10.855703970871263,10.409391665288032,10.950933503362384,10.421219529767818,10.898797167117932,11.246214474323537,9.92497474336181,10.705267551968285,11.006058940169583,10.602680195751336,10.36873298204241,10.307163264642208,10.533633089692032,10.401276780864283,10.692575297444662,10.808441141175004,10.641562481243962,11.2120488998756,10.02547759516073,11.068002695591288,10.420707081353054,10.475611783411724,10.405989461458423,10.5561846196647,10.950692939195893,10.85102511641817,10.47053357909762,10.883251820505498,10.703162077538938,10.769419742250195,10.643838382348878,10.900070632946864,10.727032205573458,10.439461227953904,10.41281781818556,10.698341907608986,10.62308086119903,10.377675562710786,10.749643331580975,10.432007780544586,10.432986771077443,10.708171245965346,11.368711855170028,10.508141195631918
photo_fish,10.461071467422801,11.356316799239753,10.42249062042342,11.076428126535781,9.80233205237913,10.248928811077924,10.14510090463547,10.134525799900002,8.553092183928328,10.681947138328812,10.783936070895479,0.0,10.157474477646804,10.198380195539064,10.10873653105147,9.340727655239204,10.023147764510226,8.007480167561578,10.012641274399295,9.313900576159519,10.40142105674643,11.739181660711093,9.591851027248863,11.336225469943185,10.213111341685526,10.894819379513496,8.272259936522765,10.337826240024922,10.525797502779564,10.317118980487228,10.720079045251858,11.00680649043542,9.269080637798616,10.968751384297741,10.247209697073878,8.15996875816591,10.576845383722683,10.02691726886595,10.121333164318592,9.951556952763342,9.666917071641306,8.456894554397584,9.313869288347162,10.028053674651067,8.45733645377221,10.373431765054958,8.701447230393851,11.199383290743754,11.186104306988117,9.737552835916665,8.618342262725333,10.321849151106772,10.73150873682754,10.373729810477688,10.96302173945535,9.974305554148723,9.742103724062414,10.805583072958912,10.05299071301732,8.318493573638463,10.755066702388365,9.815150179450296,10.164993679801126,9.830078131981745,9.592099410923137,8.52854815676194,9.709068186676681,9.801929809138258,10.385349249687277,10.87725810637572,9.358456290338491,11.283038305420915,8.469325342175246,8.658904343630425,8.391481063390282,8.496246934233314,8.903995030785081,8.922834983176152,8.544282366482234,8.754250182884292,8.505232887917119,8.990388899249544,8.524106059686964,8.950788478274296,8.680528479457317,8.39751704832749,8.422286805227808,8.575568471963793,8.563434306806872,8.470127378620663,8.7159402154375,8.523394005367651,8.450649570456866,8.702551043195635,9.532788653503419,8.550902627822415
photo_cherry,9.91153458871322,10.496569866105487,11.266292131641702,10.801505321305974,8.787046834961902,9.626416710984566,9.522184870776927,9.460204383591849,10.186374891260508,10.626945792683976,11.035061932689477,10.157474477646804,0.0,9.186716117004165,9.843185876802403,9.408913091734743,10.18058620042827,10.111705089442065,10.9990414330715,10.061976683310087,11.477128348823419,11.238918643606523,9.638726497186077,10.732397777928922,10.005913423724488,10.524654089428333,10.097426699343234,10.723598172932496,9.378563551960013,10.190456670539731,10.310948292424579,10.035188365155374,10.044202246346542,10.916736300399927,9.58029940532074,9.982168752315681,10.269345086483375,9.554082031483194,10.31488420645557,9.570386898407172,9.569461421877364,10.347946957689823,10.210032413285417,10.681011970081059,10.239159363926143,10.845669560874931,9.648644007512836,10.489458942449815,10.873934998634256,9.937804715920043,10.242155506931685,10.218022430107505,9.923663044057308,9.93456608292336,10.327474544323497,9.406835935644322,9.730838646603384,10.382225323488482,9.683737008900138,10.280632819304147,9.823629828508567,9.501011470057529,10.1814697109747,9.583777850620526,9.77074798443627,10.154689592433913,10.450954981408056,10.345531753614504,9.593317722953044,10.48822405337544,9.794854890624455,10.698099157528063,9.57989833202525,9.681321623317288,9.538346972693024,10.116221737104244,10.441204252100189,10.35850901766486,9.620725360089926,10.395350046341294,10.203496507916801,10.497244782648885,9.92229676492959,10.400795893497046,10.369785846038383,9.667202461208442,9.552350521212206,10.243994788317144,10.120422936887444,9.47076194693195,10.338825295367084,9.611636613149114,9.62140686013038,10.253987707863967,11.036866629077268,9.758911067113914
photo_tree,9.147433622208279,10.135142635191759,11.497883710520423,10.549812908655957,9.029675933587022,9.357203735345019,9.405716786056608,9.250961883712062,10.108975360786834,10.84209097871009,10.775865648559519,10.198380195539064,9.186716117004165,0.0,9.420070639728081,8.85201346784035,9.038726943314897,10.313452390069633,11.360983559221951,10.47576042790785,11.322771856210137,10.580474672648283,9.427979219072629,10.294166306650915,9.906282118389203,10.57390189709936,10.439260712466321,10.431198593831109,9.219658756486456,9.584182962878273,10.298849058343704,9.861479761414586,9.927821336680205,10.994025580339652,9.380664251658565,10.109846411361877,10.551529581214835,8.437361011840244,9.980060170774621,9.152790036523584,9.224920442536373,10.501406630096467,10.640280550742919,10.896714687744943,10.298843004779734,11.052796018702995,9.804379207295666,10.288205098552636,10.952042454964943,9.518731898262052,10.621763280892791,10.298471353436792,9.731818072001689,9.696585086557974,10.020937983504425,9.334090120279848,9.588566520468484,10.725152994581887,9.843321539631745,10.583616717712836,9.962427900137875,9.263936305439644,9.777799427917095,9.320509869891552,9.352919968885937,10.46746076824712,10.88010221916464,10.83882653102092,9.691662538195594,10.288327784192555,9.990756561209274,10.595751717319427,9.549915717862696,9.856789245723538,9.694620887102547,10.273409287922242,10.74057948738272,10.666768134420392,9.770252378488903,10.662880267605743,10.442229397463144,10.660338965979124,10.098074161770084,10.668324268930393,10.540808943295062,9.852575120405477,9.76295973993973,10.479548033082866,10.443299421160804,9.55786134199564,10.596817313908536,9.65296737413892,9.882032847689693,10.477232991108338,11.112935098027968,10.132751083145548
photo_flower,9.433454279875738,10.8854447019387,11.866045801974026,11.283096505389368,8.691446394236106,7.514933710626307,9.493760785164355,8.152351191368815,9.990961382028354,11.375087616406109,10.337960203566325,10.10873653105147,9.843185876802403,9.420070639728081,0.0,6.876746793164294,8.279953111055967,10.020611311262357,11.149236952628689,10.479925001153344,11.667208214854043,11.556451031578955,10.358145887857297,11.124365595995702,9.4071269643328,10.44642530021883,10.009389879232891,10.332127623558165,9.20278408628501,8.479295181986682,9.081633625267765,9.700983701725155,9.794069430212218,10.647523405692413,8.688558784017197,9.772326273136477,10.50016247940528,8.469757673409916,8.734976911559723,7.298863262580371,8.522853674861553,10.006738792192335,10.523199076166797,11.083358289615383,9.420222333630564,11.154720543948194,9.53394424207339,10.481017504261631,10.151473263038334,7.748853130370734,10.020143854002242,8.537919436456875,9.285761980157629,8.599165039109499,9.516592529342134,8.56665118488063,8.25435908570311,10.430426962890984,8.883006473609338,9.930702534888868,9.59869000877353,8.377963688054454,7.9580753841406615,7.140463124441669,7.8280617265617245,9.705449199088557,10.259501896374033,10.455104300721839,8.848296745783168,9.923024887426905,9.045895913613139,10.24860118102664,8.94838394225585,9.250894156298953,9.093156088992963,9.643667746806752,10.12072024319986,9.992449068115759,9.161372119185629,10.022488674374012,9.884709839550395,10.080222492209048,9.632717093977789,10.10745403210431,9.970092916960928,9.25100945113012,9.166271057890304,9.956398524650321,9.77911092162539,8.898286412535487,9.996788525995832,9.00417232219002,9.304664075379609,9.824641684827874,10.475246341314694,9.43278119865325
photo_carrot,9.130666802263372,10.785455058014685,11.409265440038237,11.064996760972308,8.434096829705348,7.466386779695908,9.012985162230574,7.699151513229543,9.62949915520684,11.17580852158177,10.318492020910913,9.340727655239204,9.408913091734743,8.85201346784035,6.876746793164294,0.0,7.6493233426550304,9.486835795863183,10.861283699163552,10.220705495233183,11.396361992098962,11.315951459069518,9.732129128476457,10.879810036703885,9.085109939617059,10.367763967083174,9.567407000578182,10.281854354755488,8.88260691292067,7.934754302657599,9.016633488350013,9.47814796136283,9.504168424060467,10.533882185351832,8.454576873652076,9.450940585553608,10.286708046174278,8.160627538133538,8.463618034905462,5.878624505877253,8.086613403363025,9.544358087203035,10.235422284033964,10.777964110316441,9.052520373831635,10.77457820918691,9.107532984446655,10.378387132140823,10.306327367207839,7.481816395482472,9.517234256969276,8.698952272094607,8.981570073918075,8.184501950140154,9.335278516809598,7.956497842020323,7.708086234630548,10.299997940748254,8.545423652405844,9.613935321590272,9.141896254835556,7.944161370219277,7.821509056890122,6.216810720649249,7.174486114896237,9.178714119023246,9.951613942224215,10.123688854206243,8.73454700987991,9.646546753956105,8.736376329008928,10.068912331015289,8.318327093959633,8.717003715868547,8.500880982927638,9.155690071441546,9.637956736251612,9.503255668782018,8.537320187961091,9.513955881391906,9.420438566151626,9.56705916338277,9.121144164265887,9.584054989542558,9.466961736150076,8.779094470528978,8.543861891930904,9.490792300936734,9.266412821035226,8.363397625719042,9.489564912005587,8.3339108271215,8.711276651978167,9.342151530544312,10.04702064142908,8.876806580295217
photo_watch,9.60066219068519,11.134453566539849,12.032322175196105,11.595721352118662,9.366351284718926,8.351242341495697,9.770214698082269,8.821412444657112,9.98921999612229,11.620694715831817,10.79277966997945,10.023147764510226,10.18058620042827,9.038726943314897,8.279953111055967,7.6493233426550304,0.0,10.050531653333843,11.238913900410706,10.606936083692737,11.858832822646965,11.519681903063553,10.029309641180879,11.109157792782419,9.31683421459664,10.502147203932092,10.043609385284297,10.501890761077162,9.155155111851949,8.273335866625256,9.388084348724966,9.696077848019655,9.544432155757535,11.063662078886683,8.73326746854028,9.60772831583044,10.555276189640969,8.158468680039517,8.820739965371448,7.574086788858951,7.651444057004131,9.851203895326032,10.548850782497885,11.11355858889058,9.577095642424874,11.012016594219174,9.283660658541718,10.335208034884385,10.713070291473617,8.020633898669985,10.03571307168605,9.274513577444399,9.350010984964461,8.81343910557831,9.562158806717662,8.226542146359833,8.260127686591622,10.77069847143844,9.172758884267646,9.935139894541436,9.661345947956345,8.43629585169592,8.245576275754237,7.921208120495335,7.269976472778835,9.669073194744673,10.545463754493747,10.557809294566209,9.193851267637246,9.72475723002316,9.483296396961622,10.071956454346664,8.704208680289803,9.040074331616092,8.782814740194901,9.482217628460669,10.066554527503476,9.944496566782576,8.91685002562102,9.94284032778328,9.761839233634852,9.871172726495109,9.492891767901817,9.941368844550407,9.856628967265348,9.076572937270345,8.972432704368309,9.863496255077374,9.612540775370453,8.522742080812117,9.91196974311021,8.728005362554066,9.025134416762109,9.674242674376162,10.397071332130835,9.187667517641492
photo_key,10.729836815904656,11.367822764337312,10.408243566574999,11.165293660253042,9.87281120208968,10.11985739473049,10.532858621335503,10.253777971131571,8.03183007826199,10.395416513234476,10.150072704452437,8.007480167561578,10.111705089442065,10.313452390069633,10.020611311262357,9.486835795863183,10.050531653333843,0.0,9.42548732045315,9.087005108225569,10.442856058680237,11.532992810554315,9.702212609144082,11.24560729516058,9.90233925876177,10.426399605235485,7.262085922576261,10.112937755877352,10.310565569579033,9.985206731805185,10.16704654678812,10.635693982179776,8.586663696535487,10.592302736006227,10.00144437123157,8.267964931249466,10.132158203315923,9.836682872301258,9.719944125591246,9.6872927998865,9.626914801221941,5.9037605293338995,9.112068561165586,9.678664262187548,8.15448946427581,9.744731267525449,8.190277934666346,10.776309509055556,10.531257085875264,9.408605596520173,7.6133316103495465,9.935813757159325,10.351448985777452,10.087009523127195,10.2871895201351,9.547088124829362,9.135587358776164,10.33521446388212,9.549736477711928,8.388161269570718,10.351137990061158,9.45741399626768,9.725628310551347,9.406090875150415,9.182745454279608,6.477980126391165,8.965844954013148,9.187495567615516,9.746983918897051,10.32696090779109,8.859382752724589,10.7391456990658,7.8676952488433525,7.827888755831349,7.5404048488706295,7.5271415476150345,7.6341140565159895,7.6798175483624735,7.809325182184859,7.737550453572328,7.430521287366077,7.941658899018194,7.67542924912158,7.8093920064309605,7.425315394203658,7.47456051365305,7.554788994723936,7.422919911697604,7.46801764551238,7.892363143719374,7.505973385729211,7.8565926938717725,7.526737098958092,7.671486135038287,8.570906920896988,7.634311849795981
photo_truck,11.464757593522453,11.912086265215969,10.771025663810741,11.589539525717274,10.836965689943934,11.163081698738617,11.630639286889132,11.43806098623939,10.144015601308883,10.799274104857439,11.08063044266701,10.012641274399295,10.9990414330715,11.360983559221951,11.149236952628689,10.861283699163552,11.238913900410706,9.42548732045315,0.0,9.800546963019455,10.573535595941667,11.662036338878165,10.284773046207988,11.76672133787155,10.524689987522134,11.118974273267087,9.505567994658183,10.289373274418688,11.103401697429609,10.922077986405487,11.1288040594139,11.294634598404171,9.774703668379525,11.091707893025935,11.050862450939006,9.554194753033554,10.787054780642501,10.73474040150878,10.867029322142985,10.847417936639271,10.67693761443271,9.586847079233968,8.271766443882594,9.940733504632126,9.516683089239812,10.014116620538305,9.325732476105523,11.213702095356334,10.95569843150393,10.584622778507013,9.831251407808052,10.780105423018792,10.890162393785419,10.787768884493568,11.319813035105996,10.792915468658267,10.65908639248565,10.919779514400533,10.623180790846854,9.219535833491275,11.075321193547518,10.346098022572667,10.855691156921216,10.649315243272596,10.657641387015302,9.565595231203792,7.999097104399268,9.433992359726448,10.80341521880166,11.096859941868084,9.878263404487436,11.394571609768427,9.860820230776039,9.904378943625453,9.819600970963796,9.934249996242954,9.859124698227873,9.772402584160698,9.866048832694899,9.801991047061101,9.733383798499773,9.983214160305238,9.922002380874424,9.748528807882584,9.792615484520967,9.804356519239077,9.744462592929372,9.818989383121979,9.782947743773917,9.90156013908202,9.71787133627619,9.910521145632714,9.862396515233222,9.873027316071672,10.404569810650006,9.80946494124463
photo_velo,10.689544910031165,11.43170934260881,10.589876581308724,11.141342846312861,9.938396453488734,10.40627188606246,10.644074241714819,10.555751970708124,9.44807232106673,10.230764470075103,10.87625263663227,9.313900576159519,10.061976683310087,10.47576042790785,10.479925001153344,10.220705495233183,10.606936083692737,9.087005108225569,9.800546963019455,0.0,10.722931307115246,11.56527130296077,9.529931186941752,11.05034121713128,9.640060037879662,10.690714824979757,9.01041171423383,10.063437672101003,10.220788807569516,10.45684443476811,10.736796258522194,10.839025265768566,9.360704276141309,10.722431437333094,10.393670795622699,8.86351529608509,10.040291153944493,9.970691837059261,10.340217695990372,10.271716536342858,10.035107558007548,9.190931804757383,9.063744410027002,7.8713132505792744,9.28953123373467,9.87081242383947,8.914298986481434,10.668136168335742,10.70804920936929,10.041807324853972,9.125316725310256,10.43357877695151,10.196259336020129,10.18790969004285,10.679134091216701,10.226514276394235,10.18994598029008,10.786681636278365,10.279193478949642,9.21750580992317,10.753198527902796,9.834279563498624,10.311490604273628,10.073945305970684,10.182794449965755,9.296171751808368,9.414107474232653,7.831453732994176,10.282863076632006,10.788881225456587,9.231169521367674,10.854548291037197,9.170923614241199,9.278991960849254,9.096944080014504,9.219777640284862,9.664864675935032,9.641397520954763,9.307789505042066,9.47978258300797,9.340222829534106,9.62307326584773,9.214092756329572,9.649189291417436,9.393691525735653,9.11809853070056,9.165037106815156,9.288452919221273,9.233478776763366,9.22977665105064,9.39235429018221,9.21367671383719,9.105388682481575,9.412981463450418,10.10741634902865,9.258185011169799
photo_road,11.65311051176937,11.921958063360472,9.34199891172687,11.168132425692098,11.246416573610023,11.517558571895298,11.632273349731033,11.724650358126858,10.285951042284557,10.536626280115616,11.537159360173023,10.40142105674643,11.477128348823419,11.322771856210137,11.667208214854043,11.396361992098962,11.858832822646965,10.442856058680237,10.573535595941667,10.722931307115246,0.0,11.932039962059127,10.118714375059685,11.378776703663265,11.354465562048242,12.050150025797532,10.59356390035306,11.055647099405814,11.718117267240755,11.559358757599876,11.999422462132914,12.115188437126767,10.58032336216271,11.35405227943528,11.630016966979811,10.63925029187719,11.268205899708683,11.306050683700763,11.433049059892133,11.684265772476843,11.578553506559437,10.880370976095875,10.827755925321945,10.891780022425987,9.99982152238462,10.7835398472498,10.633155999969295,11.746273740352526,11.97049411523317,11.512013300763082,11.039703186380912,11.727760442834146,11.689033236600883,11.63993031841345,12.137646186176363,11.676910682121672,11.549425940867426,11.397049976691598,11.625984223707766,10.731176580185055,11.892893181762535,11.271248747869675,11.567316609525156,11.490217711897248,11.51512218985693,10.900129460962077,10.96011461473848,10.977253529202573,11.680003990639399,12.205056864394678,10.705372705098258,12.051103303420279,10.949380944273567,11.107525923305195,11.004570817307195,11.05188058518246,11.207108469590516,11.111105212418288,11.11642240842734,11.132235492067618,11.149001139920486,11.165283266554562,11.116474175394918,11.154842754682837,11.051168211000503,10.964420350286469,10.984163969992489,11.018859523697751,11.000455863379882,11.02037729411646,11.089417240918442,11.015518139610581,11.095561057985169,11.139932509848045,11.736659995588079,11.118466684737966
