,square,rectangle,parallelogram,losange,isoTrapezoid,kite,rightKite,rustedHinge,hinge,trapezoid,random
square,1529.1304928282073,1928.8151494420586,2181.122254669751,2370.7852663886483,1818.8485541582459,1773.170717054547,1696.9043709026587,2000.8918769324628,1977.839045080445,1861.8545173153657,2146.049088095278
rectangle,1928.8151494420586,1593.4726324053922,1856.6330203390494,2124.277137158821,2229.392019736926,2027.1167319055203,1998.6628094637113,1935.5038628255356,1826.7320200222118,2018.0180732334784,2327.8174215168847
parallelogram,2181.122254669751,1856.6330203390494,1656.2342655125713,1841.0329739061087,2359.9357468636417,2269.0021262280343,2195.068732387708,2046.2646955872842,1931.8825414188977,2009.0856589946536,2226.8046549405535
losange,2370.785266388649,2124.277137158821,1841.0329739061087,1656.0119524222746,2436.036414865449,2429.5516245986046,2347.1596781317603,2154.073542008571,2084.6705784883507,2047.688281021014,2076.4425254718194
isoTrapezoid,1818.8485541582459,2229.3920197369266,2359.9357468636426,2436.03641486545,1600.7682685048555,1877.5494089821204,1806.9768848479837,2211.4903082553756,2224.3334298181094,1907.6785352629338,2061.8103193907154
kite,1773.170717054547,2027.1167319055207,2269.0021262280343,2429.5516245986046,1877.5494089821202,1594.7667419098086,1721.1874389051636,2187.9983274207034,2173.5349486050877,2078.39855258768,2305.27479509535
rightKite,1696.9043709026587,1998.6628094637115,2195.068732387708,2347.1596781317603,1806.9768848479832,1721.187438905164,1573.3916849083969,2126.394477067754,2105.1576228970016,1887.204188300457,2183.5370214796594
rustedHinge,2000.8918769324625,1935.5038628255356,2046.2646955872842,2154.073542008571,2211.4903082553756,2187.9983274207034,2126.394477067754,1633.2880044251322,1686.0632754084556,2039.9946456033806,2177.5615200435345
hinge,1977.839045080445,1826.7320200222118,1931.8825414188973,2084.6705784883507,2224.33342981811,2173.534948605088,2105.1576228970016,1686.0632754084554,1624.7636722289533,1995.9553166470866,2178.405204647845
trapezoid,1861.854517315366,2018.0180732334784,2009.0856589946536,2047.688281021014,1907.6785352629338,2078.39855258768,1887.204188300457,2039.9946456033806,1995.9553166470866,1594.7367517433868,1828.6158360638533
random,2146.049088095278,2327.817421516885,2226.8046549405535,2076.44252547182,2061.8103193907154,2305.27479509535,2183.5370214796594,2177.5615200435345,2178.405204647845,1828.6158360638533,1643.2709599022837
