,square,rectangle,parallelogram,losange,isoTrapezoid,kite,rightKite,rustedHinge,hinge,trapezoid,random
square,738.6083058406933,805.3819767001556,827.5206773979248,853.071332711063,780.776427834506,770.5702045083392,768.6468399679919,807.7225590040005,803.9264635037717,787.6919373668698,808.0044390324531
rectangle,805.3819767001554,742.5717377635319,791.4792889569069,813.0166599585236,829.5095079102151,809.9560836893816,812.5018498893221,783.5762288069845,771.187157842536,813.7030513732725,824.1567203224791
parallelogram,827.5206773979248,791.4792889569069,759.9749264550948,802.8235704727758,837.8461097940537,831.5749949940414,828.3143270711369,806.3095905342991,795.6102814421355,826.569737846243,836.4590568304206
losange,853.071332711063,813.0166599585236,802.8235704727758,758.8351531907532,847.0334990468145,848.1950851142105,853.7605776523799,812.1833291588582,808.4084864253809,837.6809440834418,825.939210004829
isoTrapezoid,780.7764278345059,829.509507910215,837.8461097940536,847.0334990468145,740.2803893516436,783.7011004644049,786.0215095309029,827.6783890806472,826.515056763204,794.6454006220667,806.2121806253324
kite,770.5702045083392,809.9560836893816,831.5749949940413,848.1950851142105,783.7011004644049,740.0782192811129,770.499012734748,815.9093690737807,813.1229468233515,801.8167105768608,811.8653469011622
rightKite,768.6468399679919,812.5018498893221,828.3143270711369,853.7605776523799,786.0215095309029,770.499012734748,747.0642470661095,814.360721473967,810.8618822918191,792.8197701346423,818.124604404796
rustedHinge,807.7225590040002,783.5762288069847,806.3095905342991,812.1833291588582,827.6783890806474,815.9093690737809,814.3607214739673,749.5815854122794,761.0284167925704,815.6439319437848,816.5427338862426
hinge,803.9264635037717,771.187157842536,795.6102814421356,808.4084864253809,826.515056763204,813.1229468233515,810.861882291819,761.0284167925704,743.4330534417237,811.6523692538997,816.5469656148443
trapezoid,787.6919373668698,813.7030513732725,826.569737846243,837.6809440834418,794.6454006220667,801.8167105768609,792.8197701346421,815.6439319437848,811.6523692538997,750.856120433941,797.5054349186559
random,808.0044390324531,824.1567203224794,836.4590568304204,825.939210004829,806.2121806253324,811.8653469011622,818.124604404796,816.5427338862426,816.5469656148443,797.5054349186559,746.9619508580382
