,square,rectangle,parallelogram,losange,isoTrapezoid,kite,rightKite,rustedHinge,hinge,trapezoid,random
square,0.0359239934997784,0.048755001146103594,0.05970935071077629,0.06915460231299879,0.04385911561698616,0.04203537245266712,0.039893804586939724,0.051985806807242664,0.05056844167034085,0.0462676870881171,0.05644594235717633
rectangle,0.04875500114610359,0.037678458736637,0.04637589014157616,0.057182041322397764,0.06037759574204195,0.05205700768177995,0.05076100763079904,0.04844856655131397,0.04434006553920722,0.052401473549561185,0.06394002965699791
parallelogram,0.05970935071077629,0.04637589014157616,0.04124146947583612,0.048332575039794205,0.06687547134083285,0.062360860783997864,0.05920698270873763,0.05293441273641194,0.0485295184572012,0.05331596577486916,0.0621101035097486
losange,0.06915460231299879,0.057182041322397764,0.048332575039794205,0.04243038185755732,0.0707710774433368,0.0694713000744825,0.06691284591669883,0.056793654145618586,0.054418463617491954,0.056279752923216,0.056429903791452414
isoTrapezoid,0.04385911561698616,0.06037759574204195,0.06687547134083284,0.0707710774433368,0.03732271473117535,0.04529457202640309,0.04347195927477874,0.06022301106218256,0.060273055844705936,0.04771646412769801,0.05349329591752765
kite,0.042035372452667134,0.05205700768177995,0.062360860783997864,0.0694713000744825,0.04529457202640309,0.03644888002237967,0.04042130586548485,0.05799532488571345,0.05715762398998459,0.05337786074286673,0.061749425949938624
rightKite,0.039893804586939724,0.05076100763079904,0.05920698270873763,0.06691284591669883,0.04347195927477874,0.04042130586548485,0.03658170687211351,0.05581415897402991,0.0544608379093601,0.046703266358093916,0.05838028729448877
rustedHinge,0.051985806807242664,0.04844856655131397,0.052934412736411925,0.056793654145618586,0.06022301106218256,0.057995324885713455,0.05581415897402991,0.04066012616266039,0.041270549980699525,0.0532662966577607,0.05694206603042405
hinge,0.050568441670340844,0.04434006553920722,0.04852951845720121,0.054418463617491954,0.060273055844705936,0.057157623989984606,0.0544608379093601,0.04127054998069953,0.039453777068597894,0.05132117829264011,0.057139290813045876
trapezoid,0.0462676870881171,0.052401473549561185,0.05331596577486917,0.056279752923216,0.04771646412769801,0.05337786074286673,0.046703266358093916,0.0532662966577607,0.0513211782926401,0.03825170257722982,0.04583807740325354
random,0.05644594235717633,0.06394002965699791,0.0621101035097486,0.0564299037914524,0.05349329591752765,0.061749425949938624,0.058380287294488784,0.056942066030424045,0.057139290813045876,0.04583807740325354,0.039685832518520016
