,square,rectangle,parallelogram,losange,isoTrapezoid,kite,rightKite,rustedHinge,hinge,trapezoid,random
square,0.0,0.051764685897499274,0.0754135619444829,0.10750680626207187,0.031441522881840656,0.020865587856274348,0.014541664953453104,0.056375232812054255,0.05280746242309664,0.03407027980531763,0.06731682263961469
rectangle,0.051764685897499274,0.0,0.026258079606035323,0.05823374991912966,0.08703771219683898,0.058127965443009355,0.055819205547295914,0.031162813635579933,0.019052513995575393,0.05822835337085208,0.09053765454506302
parallelogram,0.0754135619444829,0.026258079606035323,0.0,0.03105425717055721,0.09719039304283328,0.08166402681834961,0.07122566552511544,0.04508398865105134,0.03232788535973996,0.05641053929181039,0.08554941284629736
losange,0.10750680626207187,0.05823374991912966,0.03105425717055721,0.0,0.10682310675723183,0.106534080823524,0.09985694629420017,0.055844739876589666,0.05060265384321283,0.06396246719752652,0.06498102687174856
isoTrapezoid,0.031441522881840656,0.08703771219683898,0.09719039304283328,0.10682310675723183,0.0,0.031218436483886003,0.02924464854640585,0.08562555699009278,0.08580842087837648,0.03676234290618097,0.05360700854195355
kite,0.020865587856274348,0.058127965443009355,0.08166402681834961,0.106534080823524,0.031218436483886003,0.0,0.01568105526444119,0.07157026723333759,0.0695540277542972,0.05310921025651649,0.07866538639574261
rightKite,0.014541664953453104,0.055819205547295914,0.07122566552511544,0.09985694629420017,0.02924464854640585,0.01568105526444119,1.1102230246251565e-16,0.06609304491188961,0.06270299488047826,0.03224970649104408,0.0713198738194345
rustedHinge,0.056375232812054255,0.031162813635579933,0.04508398865105134,0.055844739876589666,0.08562555699009278,0.07157026723333759,0.06609304491188961,1.1102230246251565e-16,0.005744917862064103,0.059339466118791484,0.07216940345374623
hinge,0.05280746242309664,0.019052513995575393,0.03232788535973996,0.05060265384321283,0.08580842087837648,0.0695540277542972,0.06270299488047826,0.005744917862064103,1.1102230246251565e-16,0.05433402364214601,0.0732590062280496
trapezoid,0.03407027980531763,0.05822835337085208,0.05641053929181039,0.06396246719752652,0.03676234290618097,0.05310921025651649,0.03224970649104408,0.059339466118791484,0.05433402364214601,0.0,0.0341196130157857
random,0.06731682263961469,0.09053765454506302,0.08554941284629736,0.06498102687174856,0.05360700854195355,0.07866538639574261,0.0713198738194345,0.07216940345374623,0.0732590062280496,0.0341196130157857,0.0
