,square,rectangle,parallelogram,losange,isoTrapezoid,kite,rightKite,rustedHinge,hinge,trapezoid,random
square,0.0,0.04293748191828339,0.07666676963580088,0.1036155221752314,0.032023161149299706,0.019018188692838334,0.015434000315920016,0.04833301109023058,0.047445323474055945,0.03497152377282342,0.07391003852704259
rectangle,0.04293748191828339,0.0,0.024313987712718532,0.05582348943761184,0.09356020244473418,0.059157688144939824,0.05881332501035652,0.027935593717555607,0.016383700981722038,0.053917286186832336,0.10464896086759046
parallelogram,0.07666676963580088,0.024313987712718532,0.0,0.022932880819300783,0.11508220398873792,0.0949050408480061,0.08608832955134504,0.047508367525551876,0.030631061237797685,0.05250199296347069,0.096759963011123
losange,0.1036155221752314,0.05582348943761184,0.022932880819300783,0.0,0.11989813605493738,0.11773865886933899,0.11037094439441697,0.06609921284417986,0.05241996302879992,0.05353712560560464,0.07110785412791298
isoTrapezoid,0.032023161149299706,0.09356020244473418,0.11508220398873792,0.11989813605493738,0.0,0.02958514776681065,0.02673966183206844,0.09252118979731927,0.09515251597602792,0.03780379749175955,0.05364606298973362
kite,0.019018188692838334,0.059157688144939824,0.0949050408480061,0.11773865886933899,0.02958514776681065,0.0,0.014501877128287766,0.06755624860623088,0.07139566621511106,0.058137801751670715,0.08933555695129758
rightKite,0.015434000315920016,0.05881332501035652,0.08608832955134504,0.11037094439441697,0.02673966183206844,0.014501877128287766,0.0,0.06694804967894319,0.0695226297804652,0.03756022409279969,0.08035444114039358
rustedHinge,0.04833301109023058,0.027935593717555607,0.047508367525551876,0.06609921284417986,0.09252118979731927,0.06755624860623088,0.06694804967894319,2.220446049250313e-16,0.006245950132689915,0.06218110370934027,0.09492657472428301
hinge,0.047445323474055945,0.016383700981722038,0.030631061237797685,0.05241996302879992,0.09515251597602792,0.07139566621511106,0.0695226297804652,0.006245950132689915,0.0,0.053591214621028116,0.08964350207517824
trapezoid,0.03497152377282342,0.053917286186832336,0.05250199296347069,0.05353712560560464,0.03780379749175955,0.058137801751670715,0.03756022409279969,0.06218110370934027,0.053591214621028116,0.0,0.028328964354671027
random,0.07391003852704259,0.10464896086759046,0.096759963011123,0.07110785412791298,0.05364606298973362,0.08933555695129758,0.08035444114039358,0.09492657472428301,0.08964350207517824,0.028328964354671027,0.0
