,square,rectangle,parallelogram,losange,isoTrapezoid,kite,rightKite,rustedHinge,hinge,trapezoid,random
square,0.0,0.047112083780908254,0.0773316063091497,0.10948196572172042,0.030319603277549678,0.02032365703609529,0.016048821091234844,0.05425408481536598,0.051142707702449774,0.0364039323317068,0.06995777303529283
rectangle,0.047112083780908254,0.0,0.02973603758717558,0.06555981434934377,0.08938038558644634,0.05711311751399317,0.05574358349630726,0.03156601860917396,0.019286788754251716,0.0596134987947603,0.100595033915306
parallelogram,0.0773316063091497,0.02973603758717558,0.0,0.029174563946781085,0.1043600828386545,0.08788775265178683,0.07611311986181568,0.05005523849943139,0.03480766782127698,0.055297212057195066,0.0899033935746627
losange,0.10948196572172042,0.06555981434934377,0.029174563946781085,0.0,0.11423302697262161,0.11366009965923607,0.10389084807296367,0.06744448591838936,0.05842543631758945,0.06093646037413647,0.06976959099099189
isoTrapezoid,0.030319603277549678,0.08938038558644634,0.1043600828386545,0.11423302697262161,0.0,0.03005458421757612,0.027322043639342986,0.08944005121016574,0.09022224088473418,0.03722434960562093,0.05292958064008513
kite,0.02032365703609529,0.05711311751399317,0.08788775265178683,0.11366009965923607,0.03005458421757612,0.0,0.016194036295069547,0.0705289764681235,0.07056312575213841,0.05749738646363145,0.08455353044493052
rightKite,0.016048821091234844,0.05574358349630726,0.07611311986181568,0.10389084807296367,0.027322043639342986,0.016194036295069547,0.0,0.06723877922542643,0.0656683357787512,0.03483732763109304,0.07328840911416445
rustedHinge,0.05425408481536598,0.03156601860917396,0.05005523849943139,0.06744448591838936,0.08944005121016574,0.0705289764681235,0.06723877922542643,2.220446049250313e-16,0.006327406149816528,0.0636890165234596,0.08411863321149593
hinge,0.051142707702449774,0.019286788754251716,0.03480766782127698,0.05842543631758945,0.09022224088473418,0.07056312575213841,0.0656683357787512,0.006327406149816528,0.0,0.057289876149949626,0.0828807027384334
trapezoid,0.0364039323317068,0.0596134987947603,0.055297212057195066,0.06093646037413647,0.03722434960562093,0.05749738646363145,0.03483732763109304,0.0636890165234596,0.057289876149949626,0.0,0.02959324288340126
random,0.06995777303529283,0.100595033915306,0.0899033935746627,0.06976959099099189,0.05292958064008513,0.08455353044493052,0.07328840911416445,0.08411863321149593,0.0828807027384334,0.02959324288340126,0.0
