,square,rectangle,parallelogram,losange,isoTrapezoid,kite,rightKite,rustedHinge,hinge,trapezoid,random
square,0.0,0.07705707211704715,0.15345625067937319,0.23254505742234433,0.10496548980464504,0.10112322226737203,0.09665676724472982,0.1473268272326762,0.13242688316149198,0.10413105674022571,0.20214429759744634
rectangle,0.07705707211704715,0.0,0.0779869149641571,0.17743935016552403,0.19642309114463263,0.1509055403995836,0.1553808781006084,0.12561693765578763,0.09419654542453271,0.13920924447892413,0.2462430016773085
parallelogram,0.15345625067937319,0.0779869149641571,0.0,0.0610147940080199,0.20853938406584982,0.18656038376774098,0.17402104788784323,0.12086989272563886,0.09363435014455779,0.10797918798236028,0.18396272849036732
losange,0.23254505742234433,0.17743935016552403,0.0610147940080199,0.0,0.2369809455071077,0.24404925126629795,0.22924827089390198,0.16572984484993758,0.15574031434773616,0.1263692584042051,0.15205346759026928
isoTrapezoid,0.10496548980464504,0.19642309114463263,0.20853938406584982,0.2369809455071077,0.0,0.0693066189412348,0.05986374750710621,0.17997826212325585,0.17994519707845247,0.07212100295723578,0.11575753497537955
kite,0.10112322226737203,0.1509055403995836,0.18656038376774098,0.24404925126629795,0.0693066189412348,0.0,0.03469742705265133,0.15051621270369253,0.1453880032535455,0.12149464221989592,0.17287699228347453
rightKite,0.09665676724472982,0.1553808781006084,0.17402104788784323,0.22924827089390198,0.05986374750710621,0.03469742705265133,0.0,0.138906021790147,0.13445373602992883,0.07889409570420758,0.14566341686720896
rustedHinge,0.1473268272326762,0.12561693765578763,0.12086989272563886,0.16572984484993758,0.17997826212325585,0.15051621270369253,0.138906021790147,0.0,0.015741442064251654,0.13304502596029077,0.16157304333321465
hinge,0.13242688316149198,0.09419654542453271,0.09363435014455779,0.15574031434773616,0.17994519707845247,0.1453880032535455,0.13445373602992883,0.015741442064251654,1.1102230246251565e-16,0.12155386180557426,0.16121905301784467
trapezoid,0.10413105674022571,0.13920924447892413,0.10797918798236028,0.1263692584042051,0.07212100295723578,0.12149464221989592,0.07889409570420758,0.13304502596029077,0.12155386180557426,0.0,0.06621682565044751
random,0.20214429759744634,0.2462430016773085,0.18396272849036732,0.15205346759026928,0.11575753497537955,0.17287699228347453,0.14566341686720896,0.16157304333321465,0.16121905301784467,0.06621682565044751,1.1102230246251565e-16
