,square,rectangle,parallelogram,losange,isoTrapezoid,kite,rightKite,rustedHinge,hinge,trapezoid,random
square,0.0,0.044469648646973,0.08002057500808368,0.10644337153688654,0.042062084794254995,0.025469682572636154,0.01943213958177825,0.04886856401797102,0.048460697906110184,0.041360594125322114,0.0835085085910433
rectangle,0.044469648646973,0.0,0.02307579174247043,0.05936710312237781,0.11397932478311856,0.07274993206247304,0.06794510560338007,0.025684209715399753,0.013680759928728525,0.06261030437099568,0.12265702031019043
parallelogram,0.08002057500808368,0.02307579174247043,0.0,0.021220319416161315,0.132910650828157,0.11203059326794917,0.09776621935108887,0.04730587358133487,0.026513054411395287,0.05817591962625657,0.11401196685907422
losange,0.10644337153688654,0.05936710312237781,0.021220319416161315,0.0,0.1269794649359427,0.13618249419260997,0.12018274117367467,0.07587491137002089,0.055129908284017426,0.05038744272598472,0.07911517417832303
isoTrapezoid,0.042062084794254995,0.11397932478311856,0.132910650828157,0.1269794649359427,0.0,0.03933650495058516,0.034386271634554544,0.11067645862904729,0.11097454468869727,0.04244341440905108,0.05099922136188073
kite,0.025469682572636154,0.07274993206247304,0.11203059326794917,0.13618249419260997,0.03933650495058516,0.0,0.015002708746881477,0.0692600977278458,0.07824336301217116,0.07516066245990494,0.10220784661937454
rightKite,0.01943213958177825,0.06794510560338007,0.09776621935108887,0.12018274117367467,0.034386271634554544,0.015002708746881477,0.0,0.0640105826680113,0.0697099299458388,0.04897855343558766,0.08938772515777083
rustedHinge,0.04886856401797102,0.025684209715399753,0.04730587358133487,0.07587491137002089,0.11067645862904729,0.0692600977278458,0.0640105826680113,0.0,0.007893715335249185,0.07307608429220103,0.11667106308449082
hinge,0.048460697906110184,0.013680759928728525,0.026513054411395287,0.055129908284017426,0.11097454468869727,0.07824336301217116,0.0697099299458388,0.007893715335249185,0.0,0.0581397022954826,0.10529009741008588
trapezoid,0.041360594125322114,0.06261030437099568,0.05817591962625657,0.05038744272598472,0.04244341440905108,0.07516066245990494,0.04897855343558766,0.07307608429220103,0.0581397022954826,0.0,0.0278921741286956
random,0.0835085085910433,0.12265702031019043,0.11401196685907422,0.07911517417832303,0.05099922136188073,0.10220784661937454,0.08938772515777083,0.11667106308449082,0.10529009741008588,0.0278921741286956,0.0
