,square,rectangle,parallelogram,losange,isoTrapezoid,kite,rightKite,rustedHinge,hinge,trapezoid,random
square,0.0,0.07494665967829384,0.15426545489912813,0.23349450211489964,0.1062216107084557,0.107258926685731,0.09625937417040009,0.14881669632397576,0.1383146656886044,0.10553646948388384,0.18630462067853648
rectangle,0.07494665967829384,0.0,0.09140570584038343,0.18988132896522447,0.1881698889605179,0.15845771231714412,0.14887361466512905,0.13085414221846647,0.10435885773873499,0.13737063476350397,0.24135108715275677
parallelogram,0.15426545489912813,0.09140570584038343,0.0,0.06012232113148164,0.21110065910736597,0.21714222891955248,0.18015317731390912,0.12394770060992544,0.10638827663491002,0.0949427323471691,0.1628418941504962
losange,0.23349450211489964,0.18988132896522447,0.06012232113148164,0.0,0.24852364950485462,0.2804115533206736,0.23811728727465087,0.16523916120914195,0.16686730990989784,0.12017856677323613,0.1406335178392656
isoTrapezoid,0.1062216107084557,0.1881698889605179,0.21110065910736597,0.24852364950485462,1.1102230246251565e-16,0.07928667981004656,0.06645144366900746,0.18343180313525442,0.18845499153680645,0.09036048078669223,0.12775449388288573
kite,0.107258926685731,0.15845771231714412,0.21714222891955248,0.2804115533206736,0.07928667981004656,0.0,0.04652924767293609,0.17270686344423802,0.17621502439850267,0.1568872715901951,0.2081374325037404
rightKite,0.09625937417040009,0.14887361466512905,0.18015317731390912,0.23811728727465087,0.06645144366900746,0.04652924767293609,1.1102230246251565e-16,0.14630526621036655,0.14366994967507174,0.08667410659933039,0.15106531346654295
rustedHinge,0.14881669632397576,0.13085414221846647,0.12394770060992544,0.16523916120914195,0.18343180313525442,0.17270686344423802,0.14630526621036655,0.0,0.016435549346158984,0.13064234104107497,0.15225751519360198
hinge,0.1383146656886044,0.10435885773873499,0.10638827663491002,0.16686730990989784,0.18845499153680645,0.17621502439850267,0.14366994967507174,0.016435549346158984,1.1102230246251565e-16,0.12321313104837772,0.15693425780366155
trapezoid,0.10553646948388384,0.13737063476350397,0.0949427323471691,0.12017856677323613,0.09036048078669223,0.1568872715901951,0.08667410659933039,0.13064234104107497,0.12321313104837772,0.0,0.06103343146629148
random,0.18630462067853648,0.24135108715275677,0.1628418941504962,0.1406335178392656,0.12775449388288573,0.2081374325037404,0.15106531346654295,0.15225751519360198,0.15693425780366155,0.06103343146629148,0.0
