,square,rectangle,parallelogram,losange,isoTrapezoid,kite,rightKite,rustedHinge,hinge,trapezoid,random
square,1883.0457767094945,2293.4951354457153,2508.3626941083867,2686.010981675125,2152.752092470065,2107.0522327516796,2039.7203925591757,2340.421225602205,2324.5055187971166,2190.7934274995205,2431.8807519698757
rectangle,2293.4951354457153,1939.6243645705754,2210.9690985458014,2439.4035505433008,2553.9206040112776,2373.1217123559795,2344.538611092025,2244.1935585057163,2148.8594200798175,2361.061520208665,2604.396273079817
parallelogram,2508.3626941083867,2210.9690985458014,1985.7408854346406,2197.7250007509488,2650.4863161067265,2571.231681104196,2504.1620122052736,2349.7291903625205,2254.930588264638,2355.696346578347,2538.73155924431
losange,2686.010981675125,2439.4035505433008,2197.7250007509488,1985.8897495850279,2713.631280682047,2699.304624350107,2646.1213016006254,2428.2011081848336,2386.328143107978,2399.345109001296,2399.323012483658
isoTrapezoid,2152.752092470065,2553.9206040112776,2650.4863161067265,2713.631280682047,1913.659944471288,2188.440922320381,2136.811559007612,2532.121904174574,2547.4226330748147,2229.8975006235596,2359.285115139179
kite,2107.052232751679,2373.1217123559795,2571.231681104196,2699.304624350107,2188.440922320381,1925.2278591850932,2061.052296038706,2481.141946978478,2474.2821196686614,2370.8121363865116,2546.5088931328783
rightKite,2039.7203925591757,2344.538611092025,2504.1620122052736,2646.1213016006254,2136.811559007612,2061.052296038706,1907.7984554093432,2427.0216631204476,2412.7877770145624,2204.026749828259,2465.912114505899
rustedHinge,2340.421225602205,2244.1935585057163,2349.7291903625205,2428.2011081848336,2532.121904174574,2481.141946978478,2427.0216631204476,1967.8534020091192,2028.2596848812846,2365.680303775734,2462.115591705636
hinge,2324.5055187971166,2148.8594200798175,2254.930588264638,2386.328143107978,2547.4226330748156,2474.2821196686614,2412.787777014563,2028.2596848812846,1962.6964693233076,2337.3179183242037,2475.614075575941
trapezoid,2190.7934274995205,2361.0615202086656,2355.696346578347,2399.345109001296,2229.897500623559,2370.8121363865116,2204.026749828259,2365.680303775734,2337.3179183242037,1924.2652189782257,2160.5470631531953
random,2431.8807519698757,2604.396273079817,2538.73155924431,2399.323012483658,2359.285115139179,2546.5088931328783,2465.912114505899,2462.115591705636,2475.6140755759407,2160.5470631531953,1958.4087383688077
