,square,rectangle,parallelogram,losange,isoTrapezoid,kite,rightKite,rustedHinge,hinge,trapezoid,random
square,277.1815242448218,340.90503226782045,463.8763944419461,556.8650539606581,509.7495291041132,388.8134727645788,411.64509345578114,502.7276949387488,464.9917529896507,473.98282396927243,548.1988818294838
rectangle,340.90503226782033,287.3253744767144,441.6541022915678,555.646331250991,538.819335318743,423.9822137808315,439.3656315037594,495.620535757174,450.5027069669578,493.66715011686074,570.4464121023964
parallelogram,463.87639444194605,441.6541022915678,383.4164713907031,489.37657456979065,560.7728166157348,495.47514132574247,496.0085217901639,542.7872684081482,514.3246293111393,482.65576067252425,562.4086932154443
losange,556.8650539606581,555.6463312509909,489.37657456979065,422.5221832506664,602.0563453172339,570.8265243362273,576.1788094984297,625.2139977000971,612.4845707592332,518.6583701344393,569.9058513877919
isoTrapezoid,509.7495291041132,538.8193353187431,560.7728166157348,602.0563453172339,395.5293106206885,482.5599793679944,464.75563526517345,571.800582985013,558.6347907029252,478.7661397696143,502.2599151502297
kite,388.8134727645788,423.9822137808315,495.47514132574247,570.8265243362275,482.5599793679944,347.9829796192187,390.5124456938006,504.4501120198062,480.34067088320046,481.63914091907765,539.0413220252019
rightKite,411.64509345578114,439.3656315037593,496.0085217901639,576.1788094984297,464.7556352651735,390.51244569380054,354.95809310313655,496.2254403259189,476.5157873725992,460.121647667189,528.5771871599334
rustedHinge,502.7276949387488,495.620535757174,542.7872684081482,625.2139977000971,571.800582985013,504.4501120198062,496.22544032591895,405.9949130823534,419.30955274534375,548.8461724225118,579.2999950298214
hinge,464.99175298965065,450.5027069669578,514.3246293111393,612.4845707592332,558.6347907029252,480.34067088320046,476.5157873725992,419.30955274534375,386.72710167960463,531.2332641898049,570.8939816861645
trapezoid,473.98282396927254,493.66715011686074,482.65576067252414,518.6583701344393,478.7661397696143,481.6391409190778,460.121647667189,548.8461724225118,531.2332641898049,401.90217333695165,481.28678983093056
random,548.1988818294838,570.4464121023965,562.4086932154443,569.9058513877919,502.2599151502297,539.0413220252019,528.5771871599333,579.2999950298213,570.8939816861645,481.28678983093056,423.3343031048067
