,square,rectangle,parallelogram,losange,isoTrapezoid,kite,rightKite,rustedHinge,hinge,trapezoid,random
square,524.9143621682459,577.214848172501,597.706030601396,623.499774171343,562.6783914969308,551.6336453908631,545.744183228507,584.2149059696982,579.6300623939729,566.6527255840789,594.2193914872131
rectangle,577.214848172501,526.8919228698054,565.8224168492364,593.2033094932125,606.7858072883503,585.1052743710181,581.9438822552931,567.1356953804461,554.297836805806,587.9200018555814,610.5208425293614
parallelogram,597.706030601396,565.8224168492363,539.2468384258,575.267768077138,613.5478236761585,604.5714079605968,596.2732885555326,585.0249116752414,572.8587803390988,591.7503805484362,611.675505917466
losange,623.4997741713429,593.2033094932125,575.267768077138,542.8488299828779,622.117810978358,623.5887751706266,619.6870215919267,594.9958047750494,589.5891875274923,599.1925658986332,597.4767056915758
isoTrapezoid,562.6783914969308,606.7858072883502,613.5478236761585,622.117810978358,530.5371172918502,564.2562304280988,561.5531501778515,607.5921711350197,606.0170581848705,571.5112122404344,588.3140618974745
kite,551.6336453908632,585.1052743710181,604.5714079605968,623.5887751706266,564.2562304280988,526.2482996725399,547.0763872115161,596.9999633639917,593.7106906906507,582.7849015655866,602.1506940487992
rightKite,545.744183228507,581.9438822552933,596.2732885555326,619.6870215919267,561.5531501778515,547.0763872115161,525.444087991622,591.080581209039,586.7187242776909,566.9798807700442,598.6453224677676
rustedHinge,584.2149059696982,567.1356953804461,585.0249116752414,594.9958047750495,607.5921711350196,596.9999633639916,591.0805812090389,538.8259530659683,546.8238619147634,592.2727603147666,600.7899784551394
hinge,579.6300623939729,554.297836805806,572.8587803390989,589.5891875274923,606.0170581848705,593.7106906906507,586.7187242776907,546.8238619147634,532.8888754561152,587.297248765351,600.6920654393557
trapezoid,566.6527255840789,587.9200018555813,591.7503805484362,599.1925658986332,571.5112122404344,582.7849015655864,566.9798807700442,592.2727603147667,587.297248765351,533.5521991383689,572.1245355619122
random,594.2193914872131,610.5208425293614,611.675505917466,597.4767056915758,588.3140618974746,602.1506940487992,598.6453224677675,600.7899784551394,600.6920654393557,572.1245355619122,536.6148392636526
