,square,rectangle,parallelogram,losange,isoTrapezoid,kite,rightKite,rustedHinge,hinge,trapezoid,random
square,0.0,914.556056620527,1949.6915421823778,2203.969320643121,1747.4602967564895,1856.5597443257068,1795.0192889130644,1984.0607293941785,1920.837138352825,1845.617216933192,2248.8462736311512
rectangle,914.556056620527,0.0,1781.8203193726981,2118.830892916384,1976.830737162491,1959.6818377157554,1914.3232058756348,1936.4691299479903,1828.6003224926335,1938.6778903205213,2342.194625944804
parallelogram,1949.6915421823778,1781.8203193726981,0.0,1014.8981757561502,1856.8449717471265,1971.0989931455251,1927.5394614279955,1864.966001597736,1700.7990108534555,1495.6310404835435,1994.7327428294877
losange,2203.969320643121,2118.830892916384,1014.8981757561502,0.0,1979.171458196081,2110.7213615442574,2060.371518093168,1972.2619458378028,1867.2637404723555,1519.6847686038252,1803.2879387784094
isoTrapezoid,1747.4602967564895,1976.830737162491,1856.8449717471265,1979.171458196081,0.0,1234.091453833334,1155.6774113727954,1724.9467008665601,1673.8200508864834,1181.649710271773,1507.7298719222963
kite,1856.5597443257068,1959.6818377157554,1971.0989931455251,2110.7213615442574,1234.091453833334,0.0,796.0517002129933,1606.2509961724002,1523.5603537689526,1598.6781444998633,1722.4139782005893
rightKite,1795.0192889130644,1914.3232058756348,1927.5394614279955,2060.371518093168,1155.6774113727954,796.0517002129933,0.0,1504.3583812671022,1444.9894527365,1421.294532562131,1588.478102971222
rustedHinge,1984.0607293941785,1936.4691299479903,1864.966001597736,1972.2619458378028,1724.9467008665601,1606.2509961724002,1504.3583812671022,0.0,573.0895682324789,1747.3649193154868,1682.3014833558216
hinge,1920.837138352825,1828.6003224926335,1700.7990108534555,1867.2637404723555,1673.8200508864834,1523.5603537689526,1444.9894527365,573.0895682324789,0.0,1635.4338470907692,1584.584779347562
trapezoid,1845.617216933192,1938.6778903205213,1495.6310404835435,1519.6847686038252,1181.649710271773,1598.6781444998633,1421.294532562131,1747.3649193154868,1635.4338470907692,0.0,1264.2087950608868
random,2248.8462736311512,2342.194625944804,1994.7327428294877,1803.2879387784094,1507.7298719222963,1722.4139782005893,1588.478102971222,1682.3014833558216,1584.584779347562,1264.2087950608868,0.0
