,square,rectangle,parallelogram,losange,isoTrapezoid,kite,rightKite,rustedHinge,hinge,trapezoid,random
square,0.0,385.047909384253,742.2187791782848,875.9992811234471,684.3113417953098,750.7758290489336,735.3027931060003,778.3346923753122,743.2911393706465,725.1961002521181,924.174952077336
rectangle,385.047909384253,0.0,620.507023152905,804.8090360763326,797.171441447245,801.2374069595902,794.9911102298345,741.8721266154862,681.321879208945,762.2506490125407,967.4080369436932
parallelogram,742.2187791782848,620.507023152905,0.0,429.01217258974316,813.782070937212,855.966951734125,832.2675692053805,754.2284756068121,694.748932098318,628.762075948339,851.618238677001
losange,875.9992811234471,804.8090360763326,429.01217258974316,0.0,856.2670851248974,904.1504381229048,883.4408518241795,806.3990918878346,775.9073136352921,633.1349701092142,768.0257344092857
isoTrapezoid,684.3113417953098,797.171441447245,813.782070937212,856.2670851248974,0.0,537.2321199351518,500.39409878336943,739.731388969002,736.0700503260363,498.5632413554395,648.7246828511257
kite,750.7758290489336,801.2374069595902,855.966951734125,904.1504381229048,537.2321199351518,0.0,332.9274700377032,712.620982463859,691.5351089079513,698.5584161579474,756.0768706159581
rightKite,735.3027931060003,794.9911102298345,832.2675692053805,883.4408518241795,500.39409878336943,332.9274700377032,0.0,681.9265437313559,663.3505317367218,596.561100803608,689.6790703039128
rustedHinge,778.3346923753122,741.8721266154862,754.2284756068121,806.3990918878346,739.731388969002,712.620982463859,681.9265437313559,0.0,232.7660787085723,722.4466440994801,720.6404759341059
hinge,743.2911393706465,681.321879208945,694.748932098318,775.9073136352921,736.0700503260363,691.5351089079513,663.3505317367218,232.7660787085723,0.0,692.6482424676838,699.7070554238609
trapezoid,725.1961002521181,762.2506490125407,628.762075948339,633.1349701092142,498.5632413554395,698.5584161579474,596.561100803608,722.4466440994801,692.6482424676838,0.0,516.0366841458842
random,924.174952077336,967.4080369436932,851.618238677001,768.0257344092857,648.7246828511257,756.0768706159581,689.6790703039128,720.6404759341059,699.7070554238609,516.0366841458842,0.0
