,square,rectangle,parallelogram,losange,isoTrapezoid,kite,rightKite,rustedHinge,hinge,trapezoid,random
square,0.0,45.626901495847235,75.85020953245943,130.53296311960483,37.74669897346536,73.94282642071299,64.75336279835321,75.54371344889412,57.737324421620386,73.61801241686939,97.39639102344698
rectangle,45.626901495847235,0.0,73.02062355670229,135.27275122259522,67.86782641684607,93.48035978021898,86.00942886915315,80.35573970560341,56.108121607393244,89.98078361661749,113.67259741007176
parallelogram,75.85020953245943,73.02062355670229,0.0,70.22050719269755,76.81578680726544,61.68022599100785,54.85920936492144,47.00779773621155,42.7907524102852,47.834452967492425,67.19554384860176
losange,130.53296311960483,135.27275122259522,70.22050719269755,0.0,121.5287408884713,81.52451491539337,83.30497280535747,74.77438239691713,91.51299319626243,69.85451362515931,60.377327149565794
isoTrapezoid,37.74669897346536,67.86782641684607,76.81578680726544,121.5287408884713,0.0,66.74889808453844,59.033888214150394,78.07107372976,66.86706609923401,65.0599208869845,85.015607316881
kite,73.94282642071299,93.48035978021898,61.68022599100785,81.52451491539337,66.74889808453844,0.0,27.26823193458186,57.80569328350139,64.5133021244247,49.61008148590136,62.13799339847364
rightKite,64.75336279835321,86.00942886915315,54.85920936492144,83.30497280535747,59.033888214150394,27.26823193458186,0.0,54.13073888981216,57.684865435630606,38.015101367631274,60.31877586680737
rustedHinge,75.54371344889412,80.35573970560341,47.00779773621155,74.77438239691713,78.07107372976,57.80569328350139,54.13073888981216,0.0,27.794093428582602,51.72905785715294,61.27888798957794
hinge,57.737324421620386,56.108121607393244,42.7907524102852,91.51299319626243,66.86706609923401,64.5133021244247,57.684865435630606,27.794093428582602,0.0,56.03738442888437,73.58445245194366
trapezoid,73.61801241686939,89.98078361661749,47.834452967492425,69.85451362515931,65.0599208869845,49.61008148590136,38.015101367631274,51.72905785715294,56.03738442888437,0.0,40.93498751546076
random,97.39639102344698,113.67259741007176,67.19554384860176,60.377327149565794,85.015607316881,62.13799339847364,60.31877586680737,61.27888798957794,73.58445245194366,40.93498751546076,0.0
