,square,rectangle,parallelogram,losange,isoTrapezoid,kite,rightKite,rustedHinge,hinge,trapezoid,random
square,0.0,598.9612089741614,1236.4500504387993,1409.8809835057118,1126.7870533016735,1205.6406957970814,1174.6851725970475,1281.4362781217037,1230.4277089108646,1223.8045104816754,1468.9334174682813
rectangle,598.9612089741614,0.0,1096.5262874512655,1332.603190253844,1279.5886047530182,1272.918831264585,1256.5693124362786,1233.4568993775854,1149.00348188994,1273.8806624260428,1530.3819324946946
parallelogram,1236.4500504387993,1096.5262874512655,0.0,672.4246596026813,1243.124831096895,1314.217704758303,1285.4040897035572,1222.6418004414559,1124.3472848331016,1011.8154652440254,1319.9411038663184
losange,1409.8809835057118,1332.603190253844,672.4246596026813,0.0,1296.0436418947356,1379.3987691145687,1346.226641544462,1281.177653946721,1226.4348568179926,996.9804834718932,1181.0906246058503
isoTrapezoid,1126.7870533016735,1279.5886047530182,1243.124831096895,1296.0436418947356,0.0,844.3566611501933,790.3232368738803,1173.5248561274243,1155.899729420054,787.7512463283855,1012.94034326173
kite,1205.6406957970814,1272.918831264585,1314.217704758303,1379.3987691145687,844.3566611501933,0.0,537.293306565301,1107.7013663028226,1062.9586282319094,1080.8086378864807,1157.298252111789
rightKite,1174.6851725970475,1256.5693124362786,1285.4040897035572,1346.226641544462,790.3232368738803,537.293306565301,0.0,1049.565444311501,1017.2447581515061,952.6034610207889,1063.264853058742
rustedHinge,1281.4362781217037,1233.4568993775854,1222.6418004414559,1281.177653946721,1173.5248561274243,1107.7013663028226,1049.565444311501,0.0,387.30088827515135,1181.7646961033122,1152.5242549958189
hinge,1230.4277089108646,1149.00348188994,1124.3472848331016,1226.4348568179926,1155.899729420054,1062.9586282319094,1017.2447581515061,387.30088827515135,0.0,1124.3233061646345,1105.3307025654526
trapezoid,1223.8045104816754,1273.8806624260428,1011.8154652440254,996.9804834718932,787.7512463283855,1080.8086378864807,952.6034610207889,1181.7646961033122,1124.3233061646345,0.0,834.6698704054116
random,1468.9334174682813,1530.3819324946946,1319.9411038663184,1181.0906246058503,1012.94034326173,1157.298252111789,1063.264853058742,1152.5242549958189,1105.3307025654526,834.6698704054116,0.0
