,square,rectangle,parallelogram,losange,isoTrapezoid,kite,rightKite,rustedHinge,hinge,trapezoid,random
square,0.0,27.677719482810005,36.40167460942967,40.04649759324256,26.14597560630811,20.78105978407015,19.440305136802774,30.639799129343448,24.907219419808477,23.437496995871538,27.521090104918443
rectangle,27.677719482810005,0.0,21.23907799177627,28.621404541113684,46.93595434188704,31.951667102511998,37.0428395436073,43.57173665618211,31.252537587703173,29.075479690094816,38.67876518023804
parallelogram,36.40167460942967,21.23907799177627,0.0,14.230024411624742,52.320358682537574,40.47819196692548,42.94207435442343,44.71668871808811,32.513542532702274,26.49214774826001,36.12943808828595
losange,40.04649759324256,28.621404541113684,14.230024411624742,0.0,53.90317481088162,43.456080060192185,45.44458351923415,45.525957517608795,34.71308347178175,27.575950617990667,34.552668209486576
isoTrapezoid,26.14597560630811,46.93595434188704,52.320358682537574,53.90317481088162,0.0,24.704880110158268,18.04629668645226,33.86311635587061,36.59021075342468,34.60723360969935,32.08210216411842
kite,20.78105978407015,31.951667102511998,40.47819196692548,43.456080060192185,24.704880110158268,0.0,15.852288128347931,36.85656125633262,33.026791923164886,31.004725703105226,33.42968184499182
rightKite,19.440305136802774,37.0428395436073,42.94207435442343,45.44458351923415,18.04629668645226,15.852288128347931,0.0,30.864140907418662,29.917699896919626,27.674711142443343,28.933241724113433
rustedHinge,30.639799129343448,43.57173665618211,44.71668871808811,45.525957517608795,33.86311635587061,36.85656125633262,30.864140907418662,0.0,15.59890380102469,33.074892328218546,28.533376821907122
hinge,24.907219419808477,31.252537587703173,32.513542532702274,34.71308347178175,36.59021075342468,33.026791923164886,29.917699896919626,15.59890380102469,0.0,24.67031376175944,24.526192826486447
trapezoid,23.437496995871538,29.075479690094816,26.49214774826001,27.575950617990667,34.60723360969935,31.004725703105226,27.674711142443343,33.074892328218546,24.67031376175944,0.0,16.7494154076588
random,27.521090104918443,38.67876518023804,36.12943808828595,34.552668209486576,32.08210216411842,33.42968184499182,28.933241724113433,28.533376821907122,24.526192826486447,16.7494154076588,0.0
