,square,rectangle,parallelogram,losange,isoTrapezoid,kite,rightKite,rustedHinge,hinge,trapezoid,random
square,0.0,15.253489856712555,21.645774808193885,25.88944454391991,14.240926826808531,13.805755304801098,11.686814826929192,18.718275457618635,17.405938024773363,15.77967249185581,21.25697304538469
rectangle,15.253489856712555,0.0,14.905174345804003,21.460295099606142,22.558234797672736,19.177846566849368,18.148572811500422,16.5317133162224,13.028268023345028,19.07423678665221,24.852410291659822
parallelogram,21.645774808193885,14.905174345804003,0.0,12.630950342065677,25.122758733730624,24.74935277124129,21.771000079237258,19.995688824897112,16.669351916540027,17.12437739503952,22.483105283150906
losange,25.88944454391991,21.460295099606142,12.630950342065677,0.0,26.830960708141173,28.063375636563247,25.430932945609136,22.427339480700386,20.600431928789153,18.307689797493616,20.119308307511133
isoTrapezoid,14.240926826808531,22.558234797672736,25.122758733730624,26.830960708141173,0.0,15.076603455948057,13.629173565318544,23.366744602869645,23.007806380647338,16.114015814414913,18.764199365996834
kite,13.805755304801098,19.177846566849368,24.74935277124129,28.063375636563247,15.076603455948057,0.0,10.931340533308859,23.1934386297955,22.6791815727336,21.501433216127612,25.390473235469806
rightKite,11.686814826929192,18.148572811500422,21.771000079237258,25.430932945609136,13.629173565318544,10.931340533308859,0.0,21.99216754836095,21.11188809421457,15.75408417104189,21.91050004032411
rustedHinge,18.718275457618635,16.5317133162224,19.995688824897112,22.427339480700386,23.366744602869645,23.1934386297955,21.99216754836095,0.0,6.394709925543551,20.618148259787223,22.385552820299935
hinge,17.405938024773363,13.028268023345028,16.669351916540027,20.600431928789153,23.007806380647338,22.6791815727336,21.11188809421457,6.394709925543551,0.0,18.92419177999502,21.806966842699822
trapezoid,15.77967249185581,19.07423678665221,17.12437739503952,18.307689797493616,16.114015814414913,21.501433216127612,15.75408417104189,20.618148259787223,18.92419177999502,0.0,12.461193219571136
random,21.25697304538469,24.852410291659822,22.483105283150906,20.119308307511133,18.764199365996834,25.390473235469806,21.91050004032411,22.385552820299935,21.806966842699822,12.461193219571136,0.0
