,square,rectangle,parallelogram,losange,isoTrapezoid,kite,rightKite,rustedHinge,hinge,trapezoid,random
square,0.0,6.7702201179260975,8.404536875019097,9.936900911358059,5.156660750999014,4.435467654569384,3.8129271232875968,7.046321442952627,6.8685557420081675,5.434147238132443,7.725784767028821
rectangle,6.7702201179260975,0.0,4.827419603844684,7.327282379351432,8.712157710202414,7.108759981401848,6.998548953578484,5.562952052255011,4.428712725717605,7.1263316032364825,9.08573856138082
parallelogram,8.404536875019097,4.827419603844684,0.0,5.042637194186839,9.517201067039723,8.661680373090954,8.182523374939915,6.490634607056864,5.455392175590087,7.158564982029266,8.7704176887669
losange,9.936900911358059,7.327282379351432,5.042637194186839,0.0,10.06224967153776,9.954008651927133,9.591133334074929,7.1989868291961345,6.764288415858542,7.579789174483318,7.657254732110661
isoTrapezoid,5.156660750999014,8.712157710202414,9.517201067039723,10.06224967153776,0.0,5.293670663551073,4.920152692230583,8.517839014400499,8.593334847518191,5.726609349163997,6.840096913289543
kite,4.435467654569384,7.108759981401848,8.661680373090954,9.954008651927133,5.293670663551073,0.0,3.7722823817650095,8.095835588526297,7.967884866242595,6.965968907729649,8.524312591397992
rightKite,3.8129271232875968,6.998548953578484,8.182523374939915,9.591133334074929,4.920152692230583,3.7722823817650095,0.0,7.699340460261138,7.548240782667616,5.4879774667172105,7.964940686139103
rustedHinge,7.046321442952627,5.562952052255011,6.490634607056864,7.1989868291961345,8.517839014400499,8.095835588526297,7.699340460261138,0.0,2.490158509208956,7.055346578405989,7.818157513215023
hinge,6.8685557420081675,4.428712725717605,5.455392175590087,6.764288415858542,8.593334847518191,7.967884866242595,7.548240782667616,2.490158509208956,0.0,6.774199221956442,7.927803227838028
trapezoid,5.434147238132443,7.1263316032364825,7.158564982029266,7.579789174483318,5.726609349163997,6.965968907729649,5.4879774667172105,7.055346578405989,6.774199221956442,0.0,5.277742890516469
random,7.725784767028821,9.08573856138082,8.7704176887669,7.657254732110661,6.840096913289543,8.524312591397992,7.964940686139103,7.818157513215023,7.927803227838028,5.277742890516469,0.0
