,square,rectangle,parallelogram,losange,isoTrapezoid,kite,rightKite,rustedHinge,hinge,trapezoid,random
square,0.0,13.948175379453254,19.00986346880718,22.787647166647282,12.078623174384985,10.971144960736718,9.232607635210716,16.032521200211495,15.109353811583041,13.065541849452424,17.972282856394614
rectangle,13.948175379453254,0.0,12.406521920543513,18.313993452627443,19.764805371499993,16.466985081121194,15.881833706910736,13.897517104233549,10.832688950448675,16.291397147546657,21.284750305016527
parallelogram,19.00986346880718,12.406521920543513,0.0,11.392938231266822,22.05005349295541,21.11257708827596,19.169239844992784,16.93772091090397,14.130585035058978,15.438683023810926,19.95627717076886
losange,22.787647166647282,18.313993452627443,11.392938231266822,0.0,23.61093760235092,24.076116133385693,22.509076995109726,18.93178775578481,17.434418015907497,16.654681481536173,17.80122197295734
isoTrapezoid,12.078623174384985,19.764805371499993,22.05005349295541,23.61093760235092,0.0,12.199670341196429,11.461175456249647,20.338037897533358,20.118328162773928,13.72464774115022,16.13359629769617
kite,10.971144960736718,16.466985081121194,21.11257708827596,24.076116133385693,12.199670341196429,0.0,9.19232028142367,19.48824275630551,19.072847058742926,17.469824910809663,20.826485690619805
rightKite,9.232607635210716,15.881833706910736,19.169239844992784,22.509076995109726,11.461175456249647,9.19232028142367,0.0,18.630821053391713,18.018710116350007,13.087179332640934,18.59196285033184
rustedHinge,16.032521200211495,13.897517104233549,16.93772091090397,18.93178775578481,20.338037897533358,19.48824275630551,18.630821053391713,0.0,5.555375875063422,17.361227992113367,19.02220837330079
hinge,15.109353811583041,10.832688950448675,14.130585035058978,17.434418015907497,20.118328162773928,19.072847058742926,18.018710116350007,5.555375875063422,0.0,16.08270869715037,18.700056717157075
trapezoid,13.065541849452424,16.291397147546657,15.438683023810926,16.654681481536173,13.72464774115022,17.469824910809663,13.087179332640934,17.361227992113367,16.08270869715037,0.0,11.198354540702175
random,17.972282856394614,21.284750305016527,19.95627717076886,17.80122197295734,16.13359629769617,20.826485690619805,18.59196285033184,19.02220837330079,18.700056717157075,11.198354540702175,0.0
