,square,rectangle,parallelogram,losange,isoTrapezoid,kite,rightKite,rustedHinge,hinge,trapezoid,random
square,420.43352750024076,459.07007084105106,485.10765780959105,510.7451001907195,451.09610805622617,442.34899236837975,440.3629952943334,472.22999332535255,466.91311846274317,458.56879610569786,485.140755521842
rectangle,459.07007084105106,421.0582438046572,457.447290904489,485.8149835204971,485.6033227490916,466.10432781240155,466.8482330248071,459.41546386721984,447.4129164247169,474.20449038057393,499.8999468593978
parallelogram,485.10765780959105,457.447290904489,441.50451802557376,475.34949117245435,502.3392804091584,492.60716845902664,487.4062700754791,479.06308954299067,467.0674428496478,483.04461127757503,505.64395575854087
losange,510.7451001907195,485.8149835204971,475.34949117245435,453.25492291490826,514.9197123485867,514.3185879593822,510.9567204935791,491.3979342712083,484.84959524091937,492.58564261828633,497.4125968301516
isoTrapezoid,451.09610805622617,485.6033227490915,502.3392804091585,514.9197123485867,428.1314529285146,453.98664240054046,453.60986272631163,493.73861897807006,490.95032712488955,463.74632059963943,481.6386615865176
kite,442.34899236837975,466.10432781240155,492.60716845902664,514.3185879593822,453.98664240054046,423.4390664540768,442.0876876598714,485.71580980999835,481.13839330491294,473.9757024280213,496.24560970869436
rightKite,440.3629952943335,466.8482330248071,487.4062700754791,510.9567204935791,453.60986272631163,442.0876876598714,427.42878654391563,483.8529363918303,478.6049768021227,462.1192152411858,492.2718983292673
rustedHinge,472.22999332535255,459.41546386721984,479.06308954299067,491.3979342712083,493.73861897806995,485.71580980999835,483.8529363918303,439.0879823146004,444.9343372356825,483.9374625843766,496.13644031804114
hinge,466.9131184627433,447.4129164247169,467.0674428496477,484.8495952409195,490.95032712488955,481.13839330491294,478.6049768021227,444.9343372356825,432.3210965720155,477.82702093918084,494.13422971321046
trapezoid,458.5687961056979,474.2044903805739,483.04461127757503,492.58564261828644,463.74632059963943,473.9757024280212,462.11921524118594,483.9374625843766,477.82702093918084,437.1205978565509,470.90664452545934
random,485.140755521842,499.8999468593978,505.6439557585409,497.4125968301516,481.6386615865176,496.24560970869436,492.2718983292673,496.13644031804114,494.13422971321046,470.90664452545934,447.35098603808996
