,square,rectangle,parallelogram,losange,isoTrapezoid,kite,rightKite,rustedHinge,hinge,trapezoid,random
square,597.1359433898613,659.5799172530003,705.0620417284854,741.6762417977428,650.0603080485995,639.332949495443,633.1823139256438,680.6316676671912,672.4708784544075,660.3611449904148,702.2641052143182
rectangle,659.5799172530003,597.8814776524491,661.7327555029497,703.8303870730372,705.6223531668928,676.6202630541554,674.5790757938626,661.1094820144776,641.8163249712599,684.3168036579724,725.534792459162
parallelogram,705.0620417284854,661.7327555029497,627.8528253959511,680.5542479758697,732.3050900886662,721.0250794131028,708.8081276662272,694.2610114703474,675.5046852172419,694.7498302752076,730.8274681957167
losange,741.6762417977428,703.8303870730372,680.5542479758697,637.736827185284,748.8230937987861,750.01538659449,741.7313419708805,712.2973455449999,702.6919113745389,706.23915852939,715.0811003016684
isoTrapezoid,650.0603080485995,705.6223531668928,732.3050900886662,748.823093798786,611.5212526277885,657.8385213267202,654.1113827628974,716.7742035901164,713.2646942890281,669.1742124807863,697.163311062865
kite,639.3329494954429,676.6202630541554,721.0250794131028,750.01538659449,657.8385213267202,608.4465939044443,638.4618714766302,705.5441732706076,699.4936961473037,690.5942278980532,723.5286950726512
rightKite,633.1823139256438,674.5790757938626,708.8081276662272,741.7313419708805,654.1113827628974,638.4618714766302,609.6472782459456,700.6663672284247,693.3424401096084,666.5262860847282,713.719967943302
rustedHinge,680.6316676671912,661.1094820144776,694.2610114703474,712.2973455449999,716.7742035901164,705.5441732706076,700.6663672284247,620.9153259144935,632.5342536615261,698.5703010080572,716.8888733819213
hinge,672.4708784544076,641.8163249712599,675.5046852172419,702.6919113745389,713.264694289028,699.4936961473036,693.3424401096086,632.534253661526,613.2536110372241,689.4764933305178,714.4484670428578
trapezoid,660.3611449904148,684.3168036579724,694.7498302752075,706.23915852939,669.1742124807863,690.5942278980532,666.5262860847282,698.5703010080572,689.4764933305179,618.6848383805176,671.9798568074062
random,702.2641052143183,725.5347924591618,730.8274681957167,715.0811003016684,697.163311062865,723.5286950726511,713.719967943302,716.8888733819213,714.4484670428578,671.9798568074062,633.8393262861348
