,square,rectangle,parallelogram,losange,isoTrapezoid,kite,rightKite,rustedHinge,hinge,trapezoid,random
square,1596.6163434836521,1935.1252092887953,2139.8744220891062,2289.8143015462206,1822.6868639238032,1775.040086304466,1718.1039680121985,1983.4186371454402,1967.6995812863008,1861.2452744527636,2107.147220430971
rectangle,1935.1252092887953,1646.6116817274237,1861.168193428704,2085.928770767266,2188.938710317312,2008.2580446530483,1985.7127265938534,1913.708725477069,1824.8527611300462,2012.730854251077,2289.455431727606
parallelogram,2139.8744220891062,1861.168193428704,1745.1814414722153,1917.2789980627767,2317.7185638796072,2212.714621088387,2153.84394796793,2019.7174552389295,1927.6814010636576,2045.9471669002082,2255.3329901969983
losange,2289.8143015462206,2085.928770767266,1917.278998062777,1785.6292552519515,2366.380600910377,2353.9392078083642,2282.463519582792,2109.5544361570287,2053.2357241376735,2067.918288099946,2123.643008412796
isoTrapezoid,1822.6868639238032,2188.9387103173117,2317.7185638796072,2366.3806009103773,1659.1925837705846,1869.3947424922408,1819.8526513487975,2174.968974616895,2187.5556172117344,1907.7829767230792,2040.8672716213537
kite,1775.040086304466,2008.2580446530483,2212.714621088387,2353.9392078083642,1869.3947424922408,1660.2682903405153,1749.1014262017754,2144.9765648634407,2129.0960855770095,2024.5270909508326,2237.4017760491683
rightKite,1718.1039680121985,1985.7127265938534,2153.84394796793,2282.4635195827923,1819.8526513487975,1749.1014262017754,1636.1817900640415,2086.1733445344034,2068.5900533457943,1880.6681574937286,2141.6928190508784
rustedHinge,1983.4186371454402,1913.7087254770693,2019.7174552389295,2109.5544361570287,2174.968974616895,2144.9765648634407,2086.1733445344034,1702.5347570423094,1740.0969778230467,2026.2711035552668,2172.65172321601
hinge,1967.699581286301,1824.8527611300467,1927.6814010636572,2053.2357241376735,2187.555617211735,2129.0960855770095,2068.590053345795,1740.0969778230467,1684.3659292692466,1993.0632966904277,2172.6804083360194
trapezoid,1861.2452744527632,2012.730854251077,2045.9471669002087,2067.918288099946,1907.7829767230792,2024.5270909508326,1880.6681574937286,2026.271103555266,1993.0632966904277,1688.0170288253744,1900.2930179924258
random,2107.147220430971,2289.4554317276065,2255.3329901969983,2123.643008412796,2040.8672716213537,2237.4017760491683,2141.6928190508784,2172.65172321601,2172.6804083360194,1900.293017992426,1757.9891579112348
