,square,rectangle,parallelogram,losange,isoTrapezoid,kite,rightKite,rustedHinge,hinge,trapezoid,random
square,528.7992459982105,598.1771573456122,730.6356761720381,819.5667736752794,656.8542610740541,650.522611737094,616.778847717862,699.7603964089689,670.8841511284527,672.0459669601579,761.2060243931272
rectangle,598.1771573456122,523.4931197043857,683.8623639015101,794.3817728746037,716.7212855369828,684.0023997376957,657.4304091530042,687.9952973030083,645.5252308606856,697.4991527859443,791.4600692392776
parallelogram,730.6356761720381,683.8623639015101,614.9026122612505,719.5585187467759,787.148105175018,789.2921788269394,750.4792734855088,760.283852673283,723.2011834765126,713.1998500317555,791.892628912817
losange,819.5667736752794,794.3817728746037,719.5585187467758,650.8470928013884,836.1179145861282,857.5047811508081,823.8219847812211,821.5748557744017,802.2371989793942,750.5247436436135,790.2746729568113
isoTrapezoid,656.854261074054,716.7212855369828,787.148105175018,836.1179145861282,578.4618098819241,675.765351666718,644.5854949915137,752.5375463182155,738.9185747069245,681.2177799797881,732.3312932353047
kite,650.522611737094,684.0023997376957,789.2921788269396,857.5047811508081,675.7653516667181,589.327400737842,630.9855707903789,754.6065889253484,738.0406302020868,745.57597740974,805.7343125029074
rightKite,616.7788477178619,657.4304091530042,750.479273485509,823.8219847812211,644.5854949915137,630.9855707903789,565.3066705980353,735.6642508852013,716.2480564220598,681.9721012513018,766.7259389105946
rustedHinge,699.7603964089689,687.9952973030083,760.283852673283,821.5748557744017,752.5375463182155,754.6065889253485,735.6642508852012,579.3192622941217,605.0893054168663,741.5576129391094,774.5642744080733
hinge,670.8841511284527,645.5252308606856,723.2011834765125,802.2371989793942,738.9185747069243,738.0406302020871,716.2480564220598,605.0893054168664,575.7644650201198,719.1190259995768,764.6323146452356
trapezoid,672.0459669601579,697.4991527859443,713.1998500317555,750.5247436436134,681.2177799797881,745.57597740974,681.9721012513018,741.5576129391094,719.1190259995768,593.6558153240285,681.6632669980872
random,761.2060243931271,791.4600692392777,791.892628912817,790.2746729568113,732.3312932353047,805.7343125029073,766.7259389105946,774.5642744080733,764.6323146452356,681.6632669980871,626.9050258955245
