,square,rectangle,parallelogram,losange,isoTrapezoid,kite,rightKite,rustedHinge,hinge,trapezoid,random
square,0.0,0.027602532923376555,0.07399361895453793,0.12318476320940941,0.03713656076580529,0.03387251962005289,0.024489355691508785,0.05848721157140302,0.04413864030436654,0.04754177584429253,0.09079875456035102
rectangle,0.027602532923376555,0.0,0.04679254011504652,0.10631656239591836,0.07766958846054739,0.0587705863866923,0.05257939326789507,0.05551023453083559,0.03298014892139378,0.06611313557709975,0.11473089523994884
parallelogram,0.07399361895453793,0.04679254011504652,0.0,0.034376249111831014,0.0966924797526989,0.09767081061398775,0.0802236077350883,0.06729891727648118,0.04791426893564166,0.04910336285480843,0.08916636717040416
losange,0.12318476320940941,0.10631656239591836,0.034376249111831014,0.0,0.1176314947983218,0.1345798213828917,0.11731637486418012,0.09336943914465479,0.08558833160667345,0.06054280348941399,0.0746347238540378
isoTrapezoid,0.03713656076580529,0.07766958846054739,0.0966924797526989,0.1176314947983218,0.0,0.03388820296552775,0.026630017120649274,0.0839586307474689,0.07798663778360693,0.038867438446073876,0.06335291554942857
kite,0.03387251962005289,0.0587705863866923,0.09767081061398775,0.1345798213828917,0.03388820296552775,0.0,0.01711362924412929,0.08446797354081048,0.07764581169350104,0.07473205733755384,0.11095682882612812
rightKite,0.024489355691508785,0.05257939326789507,0.0802236077350883,0.11731637486418012,0.026630017120649274,0.01711362924412929,2.220446049250313e-16,0.07628443218450498,0.06877009998312844,0.045825274338980315,0.0869240740859778
rustedHinge,0.05848721157140302,0.05551023453083559,0.06729891727648118,0.09336943914465479,0.0839586307474689,0.08446797354081048,0.07628443218450498,0.0,0.008707717194544329,0.06547420551657734,0.07917576081319277
hinge,0.04413864030436654,0.03298014892139378,0.04791426893564166,0.08558833160667345,0.07798663778360693,0.07764581169350104,0.06877009998312844,0.008707717194544329,0.0,0.054995486253109016,0.07783991949810964
trapezoid,0.04754177584429253,0.06611313557709975,0.04910336285480843,0.06054280348941399,0.038867438446073876,0.07473205733755384,0.045825274338980315,0.06547420551657734,0.054995486253109016,2.220446049250313e-16,0.02664945487730286
random,0.09079875456035102,0.11473089523994884,0.08916636717040416,0.0746347238540378,0.06335291554942857,0.11095682882612812,0.0869240740859778,0.07917576081319277,0.07783991949810964,0.02664945487730286,0.0
