,square,rectangle,parallelogram,losange,isoTrapezoid,kite,rightKite,rustedHinge,hinge,trapezoid,random
square,0.0,0.0018187788507301184,0.0026000056713837427,0.0036297573171408803,0.0011356543436699118,0.0007715704647732746,0.0006199307612048122,0.0019037159307329077,0.0018513794215607726,0.0011985220773471639,0.002184405265449385
rectangle,0.0018187788507301184,0.0,0.0010838899894786147,0.0021079166228500368,0.002974689995242863,0.0020391645477020326,0.00194294035979925,0.0010963990450635341,0.0007395644043026728,0.0020357248544009554,0.0029685246363407858
parallelogram,0.0026000056713837427,0.0010838899894786147,0.0,0.0011558178879033099,0.0032738905111886485,0.0028456750853615986,0.002490878573206623,0.0016770808705690587,0.0012817618375137174,0.00216787658735329,0.002931846336607369
losange,0.0036297573171408803,0.0021079166228500368,0.0011558178879033099,0.0,0.003646995657626162,0.0036630988402509557,0.0034504131185292275,0.0019851251514578783,0.001806674686738119,0.0024092468214648166,0.0023472550197066733
isoTrapezoid,0.0011356543436699118,0.002974689995242863,0.0032738905111886485,0.003646995657626162,0.0,0.0012141453404029834,0.001111169141548185,0.002848537735362644,0.0029103451049455886,0.0014095267161732261,0.0019626922956555992
kite,0.0007715704647732746,0.0020391645477020326,0.0028456750853615986,0.0036630988402509557,0.0012141453404029834,0.0,0.0006153360836049782,0.00246514514966778,0.0024238116753380057,0.001798120384915447,0.002604064799361594
rightKite,0.0006199307612048122,0.00194294035979925,0.002490878573206623,0.0034504131185292275,0.001111169141548185,0.0006153360836049782,2.220446049250313e-16,0.002234358706525552,0.0021737675433154413,0.0012049427391429557,0.0024176048556185936
rustedHinge,0.0019037159307329077,0.0010963990450635341,0.0016770808705690587,0.0019851251514578783,0.002848537735362644,0.00246514514966778,0.002234358706525552,0.0,0.0002770273320874539,0.002050704499002909,0.002424807998235967
hinge,0.0018513794215607726,0.0007395644043026728,0.0012817618375137174,0.001806674686738119,0.0029103451049455886,0.0024238116753380057,0.0021737675433154413,0.0002770273320874539,2.220446049250313e-16,0.0019392825938873148,0.0024765268065509716
trapezoid,0.0011985220773471639,0.0020357248544009554,0.00216787658735329,0.0024092468214648166,0.0014095267161732261,0.001798120384915447,0.0012049427391429557,0.002050704499002909,0.0019392825938873148,0.0,0.0012821325325544919
random,0.002184405265449385,0.0029685246363407858,0.002931846336607369,0.0023472550197066733,0.0019626922956555992,0.002604064799361594,0.0024176048556185936,0.002424807998235967,0.0024765268065509716,0.0012821325325544919,0.0
