,square,rectangle,parallelogram,losange,isoTrapezoid,kite,rightKite,rustedHinge,hinge,trapezoid,random
square,0.0,0.07600165931971027,0.547932931399937,0.6656664065564768,1.5443578855403937,1.134251211782284,1.1990948037636706,1.621860608700376,1.4016188663284406,0.9801915196089018,1.3826533389313318
rectangle,0.07600165931971027,0.0,-0.17089294479893072,0.6476719729601095,1.7986707392934551,1.1904959792083551,1.291527334881904,1.563655288409469,1.1739932196677303,0.8101163625014532,1.2898810498348563
parallelogram,0.547932931399937,-0.17089294479893072,0.0,-1.6020539156819364,0.550827205524547,-0.3125589889139964,0.07149522596955983,0.6371391865974037,0.09941261607310331,-0.33539217857596926,-0.08408687415414598
losange,0.6656664065564768,0.6476719729601095,-1.6020539156819364,0.0,0.8238819679184239,-0.3233716710341057,0.1844013231782523,0.616748760626499,0.3566947007106036,-0.37962712723860714,-0.15857952685600188
isoTrapezoid,1.5443578855403937,1.7986707392934551,0.550827205524547,0.8238819679184239,0.0,-0.22638426254663618,-0.4689378512236547,-1.5685407440015908,-1.1315194783664035,-0.7062488440287394,-0.6091251016059028
kite,1.134251211782284,1.1904959792083551,-0.3125589889139964,-0.3233716710341057,-0.22638426254663618,0.0,-1.7558351329919517,-0.2775633669502924,-0.8658842166954126,-1.3104681703048549,-1.024664905345129
rightKite,1.1990948037636706,1.291527334881904,0.07149522596955983,0.1844013231782523,-0.4689378512236547,-1.7558351329919517,0.0,-0.6664528876423439,-0.9134951195069212,-1.3395611533337886,-0.9317205210496042
rustedHinge,1.621860608700376,1.563655288409469,0.6371391865974037,0.616748760626499,-1.5685407440015908,-0.2775633669502924,-0.6664528876423439,0.0,-1.7193966653937853,-0.6063968081175278,-0.5089017136604782
hinge,1.4016188663284406,1.1739932196677303,0.09941261607310331,0.3566947007106036,-1.1315194783664035,-0.8658842166954126,-0.9134951195069212,-1.7193966653937853,0.0,-1.1679629159336917,-0.9306943971740702
trapezoid,0.9801915196089018,0.8101163625014532,-0.33539217857596926,-0.37962712723860714,-0.7062488440287394,-1.3104681703048549,-1.3395611533337886,-0.6063968081175278,-1.1679629159336917,0.0,-1.5639246821607946
random,1.3826533389313318,1.2898810498348563,-0.08408687415414598,-0.15857952685600188,-0.6091251016059028,-1.024664905345129,-0.9317205210496042,-0.5089017136604782,-0.9306943971740702,-1.5639246821607946,0.0
