,square,rectangle,parallelogram,losange,isoTrapezoid,kite,rightKite,rustedHinge,hinge,trapezoid,random
square,0.13458473735769313,0.19832886728291957,0.3321432558122133,0.42544888278182413,0.3639925950328878,0.29886206329096987,0.2850025698296237,0.3891069771561562,0.34418778275132533,0.35110506676454145,0.4399496523645812
rectangle,0.1983288672829195,0.15374557634911556,0.3077630265400441,0.42571932493607184,0.42199063853679275,0.3471442826366061,0.33196705122882275,0.38712350925110817,0.3283167145633745,0.38541552320598016,0.48335129897485973
parallelogram,0.3321432558122133,0.30776302654004417,0.21341211083609773,0.273183153814086,0.37181344235969704,0.34023302799812544,0.32034848076512407,0.336680106295268,0.3044139093362858,0.3100499913092782,0.39763727671082555
losange,0.42544888278182413,0.42571932493607184,0.273183153814086,0.201741248315223,0.34992770531895695,0.3645006073373672,0.3425663878467552,0.324280036574486,0.3244926419413022,0.29490286126585136,0.325767776176354
isoTrapezoid,0.3639925950328878,0.42199063853679275,0.37181344235969704,0.349927705318957,0.15735793415912203,0.25307115368195343,0.21947626814009613,0.2849668512683444,0.30728070070601277,0.2598302164221147,0.2683288202198585
kite,0.29886206329096987,0.34714428263660607,0.3402330279981255,0.3645006073373672,0.25307115368195343,0.18184220108081264,0.1936967992495889,0.31217316006718243,0.30375885707167566,0.31496439124456965,0.34920647541320904
rightKite,0.2850025698296237,0.3319670512288228,0.32034848076512407,0.3425663878467552,0.21947626814009608,0.19369679924958894,0.15056476239225253,0.2768210446728468,0.27631116618822404,0.2672221535072938,0.31676765028229137
rustedHinge,0.3891069771561562,0.3871235092511081,0.33668010629526796,0.324280036574486,0.28496685126834437,0.31217316006718243,0.2768210446728468,0.14586125876396394,0.17675676532163465,0.3187359237206081,0.3065521759286377
hinge,0.34418778275132533,0.3283167145633745,0.3044139093362858,0.3244926419413022,0.3072807007060127,0.30375885707167566,0.27631116618822404,0.17675676532163465,0.1659302057750595,0.31563352255428856,0.3257158101345633
trapezoid,0.35110506676454145,0.38541552320598016,0.31004999130927824,0.29490286126585136,0.2598302164221147,0.31496439124456965,0.2672221535072938,0.3187359237206081,0.31563352255428856,0.20622924924123887,0.26613779713741087
random,0.4399496523645811,0.48335129897485973,0.39763727671082555,0.32576777617635394,0.2683288202198585,0.34920647541320904,0.31676765028229137,0.3065521759286377,0.3257158101345633,0.2661377971374108,0.19664032230821185
