,square,rectangle,parallelogram,losange,isoTrapezoid,kite,rightKite,rustedHinge,hinge,trapezoid,random
square,0.0,156.25390567806798,305.0496359366729,392.70723175080906,375.95464998513864,326.4486470622337,329.3903261648418,415.19523685883,385.7328626766102,317.89599923105095,431.2460786535284
rectangle,156.25390567806798,0.0,272.3628683143868,386.1707377298059,412.27799916287285,354.59319401109155,356.0047496466103,414.5522622438246,375.879324825272,341.44811035857805,454.4655710325095
parallelogram,305.0496359366729,272.3628683143868,0.0,202.46051609122097,350.76103121765,312.70553542842214,303.25563337301816,334.79632730225484,290.86441862930087,231.645829104085,354.4729102491692
losange,392.70723175080906,386.1707377298059,202.46051609122097,0.0,355.9997989806148,351.4547665696521,336.8443619246109,340.7205611960233,319.9583821239302,244.3610966454375,307.8100376411017
isoTrapezoid,375.95464998513864,412.27799916287285,350.76103121765,355.9997989806148,0.0,241.36832969743128,208.4808410145193,312.39267612324005,305.86027031181425,227.92285313126624,249.90194053215237
kite,326.4486470622337,354.59319401109155,312.70553542842214,351.4547665696521,241.36832969743128,0.0,127.16109607794962,348.75655383843787,331.49281471277345,290.2417969197385,358.5389538312501
rightKite,329.3903261648418,356.0047496466103,303.25563337301816,336.8443619246109,208.4808410145193,127.16109607794962,0.0,324.42136329475767,309.094719722293,252.6451120218755,334.79432163560284
rustedHinge,415.19523685883,414.5522622438246,334.79632730225484,340.7205611960233,312.39267612324005,348.75655383843787,324.42136329475767,0.0,98.50399507185554,308.6137591234174,308.509111465547
hinge,385.7328626766102,375.879324825272,290.86441862930087,319.9583821239302,305.86027031181425,331.49281471277345,309.094719722293,98.50399507185554,0.0,281.7569050431321,299.5199605849851
trapezoid,317.89599923105095,341.44811035857805,231.645829104085,244.3610966454375,227.92285313126624,290.2417969197385,252.6451120218755,308.6137591234174,281.7569050431321,0.0,213.09260845848547
random,431.2460786535284,454.4655710325095,354.4729102491692,307.8100376411017,249.90194053215237,358.5389538312501,334.79432163560284,308.509111465547,299.5199605849851,213.09260845848547,0.0
