,square,rectangle,parallelogram,losange,isoTrapezoid,kite,rightKite,rustedHinge,hinge,trapezoid,random
square,0.0,6229.702470419436,9609.596255777715,11135.314352144178,4805.635087163956,5507.818889955633,4333.33912954255,7171.612836140481,7017.982032662229,5892.666908476988,8458.181214013093
rectangle,6229.702470419436,0.0,4942.9639494260455,8048.589261168595,9130.838230534378,7759.818544805874,7038.90389970141,6663.384072505751,5319.178757025241,6887.927853278296,10603.331163350824
parallelogram,9609.596255777715,4942.9639494260455,0.0,4125.580294314584,11831.502793471847,11544.657033655058,10170.619464759136,7705.244469058889,5975.0616000334185,7147.782070252551,10352.419461049984
losange,11135.314352144178,8048.589261168595,4125.580294314584,0.0,12728.106884115163,13385.958585867422,11626.944951935708,8761.15415762921,7386.505762324298,7275.275841065456,9205.739841101158
isoTrapezoid,4805.635087163956,9130.838230534378,11831.502793471847,12728.106884115163,0.0,5611.255076926076,5089.721964649086,9784.262897537339,9741.615250482873,6473.695362300326,7784.219539229412
kite,5507.818889955633,7759.818544805874,11544.657033655058,13385.958585867422,5611.255076926076,0.0,3237.762222372413,10408.729202859635,10263.897051360243,8966.841553791483,11502.577381112436
rightKite,4333.33912954255,7038.90389970141,10170.619464759136,11626.944951935708,5089.721964649086,3237.762222372413,0.0,9271.75555017953,9153.013178964355,6920.578113374948,9730.293038928621
rustedHinge,7171.612836140481,6663.384072505751,7705.244469058889,8761.15415762921,9784.262897537339,10408.729202859635,9271.75555017953,0.0,2286.8179124730777,7224.654250268635,8885.620078176284
hinge,7017.982032662229,5319.178757025241,5975.0616000334185,7386.505762324298,9741.615250482873,10263.897051360243,9153.013178964355,2286.8179124730777,0.0,6412.449904873745,8600.057113907736
trapezoid,5892.666908476988,6887.927853278296,7147.782070252551,7275.275841065456,6473.695362300326,8966.841553791483,6920.578113374948,7224.654250268635,6412.449904873745,0.0,4434.171184074232
random,8458.181214013093,10603.331163350824,10352.419461049984,9205.739841101158,7784.219539229412,11502.577381112436,9730.293038928621,8885.620078176284,8600.057113907736,4434.171184074232,0.0
