,square,rectangle,parallelogram,losange,isoTrapezoid,kite,rightKite,rustedHinge,hinge,trapezoid,random
square,0.0,0.05705999622042879,0.1053651543364813,0.15060798822005006,0.0565438841381154,0.04811957700603242,0.04067545069774858,0.08448729261889998,0.08052003131213303,0.057664211321077685,0.11938142674862418
rectangle,0.05705999622042879,0.0,0.04183131439333698,0.10222279854193672,0.13682707760207113,0.09467052025014888,0.09243875607161067,0.060898367674520504,0.04406760819066191,0.08767595650576032,0.16507617638172367
parallelogram,0.1053651543364813,0.04183131439333698,0.0,0.033377185727561876,0.15378958835572754,0.13184452370850352,0.11797778067874798,0.07173952144053419,0.05187441887272026,0.07298558759050966,0.13119522349881185
losange,0.15060798822005006,0.10222279854193672,0.033377185727561876,0.0,0.16171706835804922,0.1674351020840732,0.15214495262001848,0.10407822083333151,0.09221110152979184,0.07622019003788916,0.09829280178305588
isoTrapezoid,0.0565438841381154,0.13682707760207113,0.15378958835572754,0.16171706835804922,0.0,0.04727413278359338,0.040264736397119916,0.13183587132344077,0.13450517263600026,0.04949037331317774,0.07306087347497214
kite,0.04811957700603242,0.09467052025014888,0.13184452370850352,0.1674351020840732,0.04727413278359338,0.0,0.020459766790950074,0.10279687808417526,0.10520372139996614,0.08517921679637663,0.12524202039848709
rightKite,0.04067545069774858,0.09243875607161067,0.11797778067874798,0.15214495262001848,0.040264736397119916,0.020459766790950074,2.220446049250313e-16,0.09498627997665465,0.09521530395333555,0.05253471342191951,0.10376593314370763
rustedHinge,0.08448729261889998,0.060898367674520504,0.07173952144053419,0.10407822083333151,0.13183587132344077,0.10279687808417526,0.09498627997665465,0.0,0.00858267238675392,0.09067243460962815,0.12389187722618467
hinge,0.08052003131213303,0.04406760819066191,0.05187441887272026,0.09221110152979184,0.13450517263600026,0.10520372139996614,0.09521530395333555,0.00858267238675392,0.0,0.08133969855891343,0.12056371424238321
trapezoid,0.057664211321077685,0.08767595650576032,0.07298558759050966,0.07622019003788916,0.04949037331317774,0.08517921679637663,0.05253471342191951,0.09067243460962815,0.08133969855891343,2.220446049250313e-16,0.03976427379129699
random,0.11938142674862418,0.16507617638172367,0.13119522349881185,0.09829280178305588,0.07306087347497214,0.12524202039848709,0.10376593314370763,0.12389187722618467,0.12056371424238321,0.03976427379129699,0.0
