,square,rectangle,parallelogram,losange,isoTrapezoid,kite,rightKite,rustedHinge,hinge,trapezoid,random
square,0.0,0.047121795020248936,0.07734741277899626,0.10950403125153974,0.030325927675613817,0.02032788557159504,0.016052176262968954,0.054265350076483365,0.05115327975950801,0.036411544961314934,0.06997224102259914
rectangle,0.047121795020248936,2.220446049250313e-16,0.029742062674799397,0.06557291118299602,0.08939884142651133,0.057124880880869866,0.05575511411539702,0.03157250699082548,0.01929073903470757,0.05962583085910145,0.10061564589479266
parallelogram,0.07734741277899626,0.029742062674799397,0.0,0.029180349765254632,0.10438144999377452,0.0879057040035186,0.07612872644807234,0.05006543676979314,0.034814734282023974,0.055308537371345334,0.08992166609281005
losange,0.10950403125153974,0.06557291118299602,0.029180349765254632,0.0,0.11425607879940647,0.1136829904661224,0.1039118456624828,0.06745801955957154,0.05843712201891538,0.060948728699689037,0.06978355815463622
isoTrapezoid,0.030325927675613817,0.08939884142651133,0.10438144999377452,0.11425607879940647,0.0,0.030060845755468413,0.027327765946763005,0.08945864836279749,0.09024091970046488,0.0372321458272995,0.05294053921848696
kite,0.02032788557159504,0.057124880880869866,0.0879057040035186,0.1136829904661224,0.030060845755468413,0.0,0.01619741689096721,0.07054360524999381,0.07057769921835244,0.057509396380761246,0.08457099949420432
rightKite,0.016052176262968954,0.05575511411539702,0.07612872644807234,0.1039118456624828,0.027327765946763005,0.01619741689096721,0.0,0.06725279486028335,0.0656819611687115,0.03484464467070525,0.07330362215808639
rustedHinge,0.054265350076483365,0.03157250699082548,0.05006543676979314,0.06745801955957154,0.08945864836279749,0.07054360524999381,0.06725279486028335,0.0,0.006328709006062749,0.06370229143874484,0.08413597993093702
hinge,0.05115327975950801,0.01929073903470757,0.034814734282023974,0.05843712201891538,0.09024091970046488,0.07057769921835244,0.0656819611687115,0.006328709006062749,2.220446049250313e-16,0.05730176100628048,0.08289772625536862
trapezoid,0.036411544961314934,0.05962583085910145,0.055308537371345334,0.060948728699689037,0.0372321458272995,0.057509396380761246,0.03484464467070525,0.06370229143874484,0.05730176100628048,0.0,0.029599378076330285
random,0.06997224102259914,0.10061564589479266,0.08992166609281005,0.06978355815463622,0.05294053921848696,0.08457099949420432,0.07330362215808639,0.08413597993093702,0.08289772625536862,0.029599378076330285,0.0
