,square,rectangle,parallelogram,losange,isoTrapezoid,kite,rightKite,rustedHinge,hinge,trapezoid,random
square,0.0,0.040590667522639956,0.0732792237703459,0.09843801279617881,0.03315716122910928,0.021242664922744847,0.016302493928523676,0.04281055352486807,0.04281332907632884,0.03435568759721641,0.07237594602254138
rectangle,0.040590667522639956,0.0,0.018793931277488962,0.0481381788916212,0.09401829015509522,0.06364857988489081,0.059122125155868344,0.023686701282542022,0.012450215570333323,0.04748601855948298,0.09900601597366321
parallelogram,0.0732792237703459,0.018793931277488962,0.0,0.017990077361664913,0.11696480334993442,0.1005097699607369,0.08826143336656278,0.04174395777415185,0.023808588965509192,0.04790428024589499,0.09552393800664805
losange,0.09843801279617881,0.0481381788916212,0.017990077361664913,1.1102230246251565e-16,0.12028210110578186,0.12397510496621789,0.11110482668879174,0.0633641121416193,0.04596006843809064,0.04591557720650152,0.06989546728697171
isoTrapezoid,0.03315716122910928,0.09401829015509522,0.11696480334993442,0.12028210110578186,0.0,0.03213945633632287,0.02682909635278563,0.0895211622017198,0.09190011763885308,0.03958443267557388,0.05115378043794494
kite,0.021242664922744847,0.06364857988489081,0.1005097699607369,0.12397510496621789,0.03213945633632287,1.1102230246251565e-16,0.013941240606442307,0.061791243978592814,0.06929473759033344,0.06434929564642433,0.09094869041420084
rightKite,0.016302493928523676,0.059122125155868344,0.08826143336656278,0.11110482668879174,0.02682909635278563,0.013941240606442307,1.1102230246251565e-16,0.05650298719624003,0.0617434093721837,0.04162925627363456,0.0808254179269704
rustedHinge,0.04281055352486807,0.023686701282542022,0.04174395777415185,0.0633641121416193,0.0895211622017198,0.061791243978592814,0.05650298719624003,0.0,0.006769129658856787,0.05595822893774871,0.09302570205535099
hinge,0.04281332907632884,0.012450215570333323,0.023808588965509192,0.04596006843809064,0.09190011763885308,0.06929473759033344,0.0617434093721837,0.006769129658856787,0.0,0.04427342357591568,0.084303388573581
trapezoid,0.03435568759721641,0.04748601855948298,0.04790428024589499,0.04591557720650152,0.03958443267557388,0.06434929564642433,0.04162925627363456,0.05595822893774871,0.04427342357591568,0.0,0.02543159924673344
random,0.07237594602254138,0.09900601597366321,0.09552393800664805,0.06989546728697171,0.05115378043794494,0.09094869041420084,0.0808254179269704,0.09302570205535099,0.084303388573581,0.02543159924673344,0.0
