,square,rectangle,parallelogram,losange,isoTrapezoid,kite,rightKite,rustedHinge,hinge,trapezoid,random
square,0.0,0.042944436300427546,0.07667910212579643,0.10363234650402187,0.032028405399958215,0.019021285129931398,0.015436511956274046,0.04834091165919685,0.04745307681147992,0.03497727125582206,0.07392221968528778
rectangle,0.042944436300427546,0.0,0.02431790339678752,0.05583257160834665,0.09357560857282776,0.05916735652320759,0.058822938182019446,0.027940167070101052,0.01638637894237427,0.05392620155691952,0.10466626538658585
parallelogram,0.07667910212579643,0.02431790339678752,2.220446049250313e-16,0.022936580082623004,0.11510101229580072,0.09492043900299352,0.0861022972245633,0.04751608451235334,0.030636027188461368,0.05251058607271475,0.0967758285581477
losange,0.10363234650402187,0.05583257160834665,0.022936580082623004,0.0,0.11991794083555574,0.11775795748519358,0.11038903750078244,0.06611007835490668,0.052428576385360026,0.05354600946232291,0.07111963884083916
isoTrapezoid,0.032028405399958215,0.09357560857282776,0.11510101229580072,0.11991794083555574,0.0,0.029590056408293153,0.026744098567804575,0.09253660588864532,0.09516836515464633,0.03781017384205576,0.05365508903072791
kite,0.019021285129931398,0.05916735652320759,0.09492043900299352,0.11775795748519358,0.029590056408293153,0.0,0.014504266403695065,0.0675674129195919,0.07140746139544696,0.058147514298383274,0.08935045419373178
rightKite,0.015436511956274046,0.058822938182019446,0.0861022972245633,0.11038903750078244,0.026744098567804575,0.014504266403695065,0.0,0.0669591149788229,0.0695341170537519,0.037566492380051164,0.08036784130093944
rustedHinge,0.04834091165919685,0.027940167070101052,0.04751608451235334,0.06611007835490668,0.09253660588864532,0.0675674129195919,0.0669591149788229,2.220446049250313e-16,0.006246985428116081,0.0621915345227918,0.0949424624022478
hinge,0.04745307681147992,0.01638637894237427,0.030636027188461368,0.052428576385360026,0.09516836515464633,0.07140746139544696,0.0695341170537519,0.006246985428116081,0.0,0.05360019896956769,0.08965849971339224
trapezoid,0.03497727125582206,0.05392620155691952,0.05251058607271475,0.05354600946232291,0.03781017384205576,0.058147514298383274,0.037566492380051164,0.0621915345227918,0.05360019896956769,0.0,0.02833376859844583
random,0.07392221968528778,0.10466626538658585,0.0967758285581477,0.07111963884083916,0.05365508903072791,0.08935045419373178,0.08036784130093944,0.0949424624022478,0.08965849971339224,0.02833376859844583,2.220446049250313e-16
