,square,rectangle,parallelogram,losange,isoTrapezoid,kite,rightKite,rustedHinge,hinge,trapezoid,random
square,53.99695047932511,61.55406846684868,69.50255583346932,74.42435381650729,63.87012630946635,65.0537984564443,63.444706488133846,68.20543709327436,67.47942337274719,65.34861100148342,71.8572253418944
rectangle,61.55406846684868,54.48499333367394,64.32947316714942,70.9360908097894,70.66228366269291,68.86130005329812,67.660719647115,66.91631090854439,65.00827684232858,68.20036651021705,75.2514734235684
parallelogram,69.5025558334693,64.3294731671494,56.89741503729741,63.3412455351129,74.03912714097085,74.60287141538161,71.8078250709454,70.9918276392203,68.89396636678342,67.32891750858417,73.31620011074281
losange,74.42435381650728,70.9360908097894,63.34124553511288,57.311889486089136,76.08674069215871,77.91552380437562,75.07447128815399,73.65121997633179,72.523763514765,67.93278457923552,70.87432554329412
isoTrapezoid,63.87012630946634,70.66228366269293,74.03912714097085,76.0867406921587,56.06763429254356,64.8351815608825,63.07610688490303,72.73851521356866,72.84432708619353,64.0886221304086,68.32090318970005
kite,65.0537984564443,68.86130005329814,74.60287141538163,77.91552380437562,64.8351815608825,56.28764272916034,60.11572258740868,71.88583060137393,71.51936041235243,69.93360109718178,73.42567794221162
rightKite,63.444706488133846,67.66071964711502,71.80782507094537,75.07447128815399,63.07610688490303,60.1157225874087,54.77313815627808,70.51721920503688,70.08659841462163,64.74261590525899,70.05792342314143
rustedHinge,68.20543709327436,66.91631090854439,70.9918276392203,73.65121997633179,72.73851521356866,71.88583060137393,70.51721920503688,55.80832201182339,58.34506853946132,70.85506773992451,71.84088280012321
hinge,67.47942337274719,65.0082768423286,68.89396636678342,72.52376351476501,72.84432708619353,71.51936041235243,70.08659841462162,58.34506853946132,56.416023900813244,70.10262647678525,71.53570113459949
trapezoid,65.34861100148342,68.20036651021707,67.32891750858417,67.93278457923552,64.08862213040861,69.93360109718178,64.74261590525899,70.85506773992451,70.10262647678525,55.89313762175417,63.454561232748404
random,71.8572253418944,75.25147342356838,73.31620011074281,70.87432554329412,68.32090318970005,73.42567794221162,70.05792342314143,71.84088280012323,71.53570113459949,63.454561232748404,57.11480765736912
