,square,rectangle,parallelogram,losange,isoTrapezoid,kite,rightKite,rustedHinge,hinge,trapezoid,random
square,159.9273033218548,200.12666832912183,220.49052431773703,235.46040505213634,208.83371831438467,223.27660884612374,209.37024337385927,274.32699446160353,249.81332279917484,212.76697323259802,233.4537482331622
rectangle,200.12666832912183,192.66657760198663,221.48454450284942,241.02535129415915,240.46710205350354,246.1336055541135,234.4641344277606,282.94357993978355,256.6529766613276,235.06021492454386,255.84945313914585
parallelogram,220.49052431773708,221.48454450284942,173.42694758574763,194.55521205261746,232.96345847925073,241.71378056116143,228.0358926145269,276.1960839038384,248.80052613649048,212.26935989864995,229.7239791215155
losange,235.46040505213634,241.02535129415915,194.55521205261746,175.4553826064792,238.9083339167908,250.20516512655422,236.24433945801763,282.4318902023927,258.02291348957993,213.79479890344132,222.3645216903218
isoTrapezoid,208.83371831438464,240.46710205350354,232.96345847925076,238.9083339167908,174.65480981829745,212.08696367684186,197.38701133471676,278.14818156938696,255.44234987018402,198.03273637309343,212.79102187251314
kite,223.27660884612374,246.1336055541135,241.7137805611614,250.20516512655425,212.08696367684186,187.97054848751833,191.98248608143763,280.05876570281663,256.5370274919055,222.6753774834432,232.38774059140255
rightKite,209.37024337385927,234.46413442776054,228.0358926145269,236.24433945801763,197.38701133471676,191.98248608143763,165.15930838698503,267.3501525324755,243.47825135713487,200.54815286997325,214.38246762747252
rustedHinge,274.32699446160353,282.94357993978355,276.1960839038384,282.4318902023927,278.14818156938696,280.05876570281663,267.3501525324755,272.1946567580942,261.2306770617283,271.24418771008663,272.20386001513145
hinge,249.81332279917484,256.6529766613276,248.8005261364904,258.02291348958,255.44234987018402,256.5370274919055,243.4782513571348,261.2306770617283,232.394598975294,246.45750378405012,248.19220894925473
trapezoid,212.76697323259796,235.0602149245439,212.26935989864995,213.79479890344135,198.03273637309343,222.6753774834432,200.54815286997325,271.2441877100867,246.45750378405006,168.50009893715497,194.2234285123484
random,233.4537482331622,255.84945313914588,229.7239791215155,222.3645216903218,212.79102187251314,232.38774059140255,214.38246762747252,272.2038600151314,248.1922089492547,194.2234285123484,171.55212842940378
