,square,rectangle,parallelogram,losange,isoTrapezoid,kite,rightKite,rustedHinge,hinge,trapezoid,random
square,305.6640606267824,366.1960761480024,428.40872433843333,455.94303793523926,424.43852525124396,446.92542266205635,428.75490149349946,484.5474317876622,466.5632791997376,432.11346139045673,471.7601841553503
rectangle,366.1960761480024,336.2092680415891,416.173763446114,451.7078574456142,463.26772279372346,471.9817163146951,456.71921526154546,488.2620957916198,466.4149201232657,455.69765937445965,495.2970105114656
parallelogram,428.40872433843333,416.17376344611404,332.3897149245055,370.4238594580498,451.2076207615758,462.0241907939285,443.2862376281165,473.4478216019939,450.05575283929954,414.3639646350684,446.2190536133536
losange,455.94303793523926,451.70785744561414,370.42385945804966,335.0265970062591,462.49588422956407,476.6438036136664,457.67207922110526,484.39516176588177,465.50249105976417,417.6187016072787,432.87079896556213
isoTrapezoid,424.43852525124396,463.26772279372346,451.2076207615757,462.4958842295642,346.7317386900142,411.51943513999555,390.77019753379886,480.5318223884815,464.60772656573914,394.541183809597,421.8845587488184
kite,446.92542266205635,471.98171631469523,462.02419079392854,476.6438036136664,411.51943513999544,353.99102806776153,370.82681764449524,478.9860584021882,460.8995394311501,430.17240809801405,448.08864745086936
rightKite,428.75490149349946,456.71921526154557,443.2862376281165,457.67207922110526,390.7701975337989,370.82681764449524,326.82599063461265,459.1431154357785,441.1619507665764,396.5536782686231,420.80812271001565
rustedHinge,484.5474317876622,488.26209579161974,473.44782160199384,484.39516176588177,480.5318223884815,478.9860584021882,459.1431154357786,421.7218148710721,423.8806455821964,466.65329202488306,469.02833268441543
hinge,466.5632791997375,466.41492012326563,450.05575283929954,465.5024910597641,464.60772656573914,460.89953943115034,441.1619507665764,423.8806455821964,392.9916956656528,446.62625494439936,450.49917775802896
trapezoid,432.11346139045673,455.6976593744596,414.3639646350684,417.6187016072787,394.54118380959704,430.17240809801416,396.5536782686231,466.65329202488306,446.62625494439936,336.0029639665055,384.75375466006716
random,471.7601841553503,495.2970105114656,446.2190536133537,432.870798965562,421.8845587488183,448.0886474508694,420.80812271001554,469.02833268441543,450.49917775802896,384.75375466006716,338.88078106439565
