,square,rectangle,parallelogram,losange,isoTrapezoid,kite,rightKite,rustedHinge,hinge,trapezoid,random
square,448.93790315694633,527.693285976208,627.922933191077,666.6716131700055,627.8722456442812,653.880049614043,631.1863529875989,686.5264873902946,670.2044067487803,635.1157471966002,693.6290008192387
rectangle,527.693285976208,476.9468829188105,603.7952276055519,653.3334201528766,671.7988760700431,679.5895956511422,659.9367339639898,684.0850336694322,662.1733747350632,659.0589740400295,716.9052455705042
parallelogram,627.922933191077,603.795227605552,497.0311737492825,551.2822329147288,665.3570691465764,675.914297981987,649.9326713538593,672.9939905378909,650.4522857189294,613.722189367819,660.6028750901171
losange,666.6716131700055,653.3334201528767,551.2822329147288,497.93530497460694,679.2282187395606,693.7142607243906,667.1776411175049,686.3441558759575,669.9809980774087,615.73254384905,638.8984254444609
isoTrapezoid,627.8722456442812,671.7988760700431,665.3570691465762,679.2282187395605,512.5835896217868,601.759251122325,572.7341459946388,675.4345432819614,664.0003876811016,581.5811506443329,620.0709595566583
kite,653.880049614043,679.5895956511423,675.914297981987,693.7142607243906,601.759251122325,515.8436998807515,541.2040392263289,671.4038341998195,657.6480863338625,626.9888712764601,652.9649425729258
rightKite,631.1863529875989,659.9367339639898,649.9326713538593,667.1776411175049,572.7341459946389,541.2040392263287,478.14900649781555,641.9152319631567,628.7608160370529,580.1064070306733,614.1910924599704
rustedHinge,686.5264873902946,684.0850336694322,672.9939905378909,686.3441558759574,675.4345432819613,671.4038341998196,641.9152319631567,572.7974248066566,586.5445141202583,657.007130024059,662.3551574688144
hinge,670.2044067487803,662.1733747350632,650.4522857189294,669.9809980774087,664.0003876811015,657.6480863338626,628.7608160370529,586.5445141202583,552.6612067514207,640.216497740425,647.7194321496711
trapezoid,635.1157471966002,659.0589740400296,613.722189367819,615.7325438490501,581.5811506443329,626.9888712764601,580.1064070306733,657.007130024059,640.216497740425,497.1654349845456,566.8431122841474
random,693.6290008192387,716.9052455705042,660.6028750901171,638.8984254444609,620.0709595566583,652.9649425729258,614.1910924599704,662.3551574688145,647.7194321496711,566.8431122841475,498.7209524270681
