,square,rectangle,parallelogram,losange,isoTrapezoid,kite,rightKite,rustedHinge,hinge,trapezoid,random
square,16.068092924177446,18.312781975719183,19.769763456964114,20.94849302649737,17.589881337101545,17.214034329629808,16.969118238752543,18.713112784296037,18.5839754712219,17.994167369110375,19.548410794790826
rectangle,18.312781975719183,16.26014156862736,17.984373354624662,19.53348172142463,19.943627482873737,18.731592298274105,18.652749353604737,18.128032144590886,17.545928747595397,18.991326590236298,20.69521538668082
parallelogram,19.769763456964114,17.984373354624662,17.13836580091848,18.592711131617474,20.845054837517566,20.192259530082488,19.812013005182113,19.048288181044914,18.44315003293447,19.325117311821206,20.684940692934795
losange,20.94849302649737,19.533481721424625,18.592711131617474,17.527489359404086,21.333599417867177,21.23884476637368,20.86890898729219,19.685351008591358,19.35180232151232,19.61372676196566,19.94853432508024
isoTrapezoid,17.589881337101545,19.94362748287374,20.84505483751757,21.33359941786718,16.363934231191593,17.79515817444014,17.587317946596354,19.967811056864694,20.010484104171137,18.259751928736993,19.191517124594284
kite,17.214034329629808,18.731592298274105,20.192259530082488,21.23884476637368,17.79515817444014,16.256337935455434,17.052180344929706,19.6154131551363,19.505982043122593,18.944273543269098,20.296053707210184
rightKite,16.969118238752543,18.652749353604733,19.812013005182113,20.868908987292194,17.587317946596354,17.05218034492971,16.26144644147605,19.347600738963948,19.207015630934556,18.0931563304096,19.820551010301873
rustedHinge,18.71311278429604,18.128032144590886,19.048288181044914,19.685351008591354,19.96781105686469,19.6154131551363,19.347600738963948,16.723046572585158,17.061844707954332,19.167529297658504,20.012554341218678
hinge,18.5839754712219,17.5459287475954,18.44315003293447,19.351802321512324,20.010484104171137,19.50598204312259,19.207015630934556,17.061844707954332,16.59587060705759,18.95398984093302,20.02810659864474
trapezoid,17.994167369110375,18.991326590236298,19.325117311821206,19.613726761965655,18.259751928736993,18.94427354326909,18.0931563304096,19.1675292976585,18.95398984093302,16.779298596745353,18.382070912081332
random,19.54841079479083,20.695215386680818,20.68494069293479,19.94853432508024,19.191517124594284,20.296053707210184,19.820551010301873,20.01255434121868,20.02810659864474,18.382070912081332,17.268836508289866
