,square,rectangle,parallelogram,losange,isoTrapezoid,kite,rightKite,rustedHinge,hinge,trapezoid,random
square,17.64136782703266,20.29447777414133,22.017103965120395,23.35963521225659,19.50110902393229,19.104178542251095,18.773185846417434,20.784106607379837,20.63713335136394,19.937633176996233,21.715926951920483
rectangle,20.294477774141335,17.881743054564286,19.97804992977652,21.762615713769044,22.247017264959602,20.858333490371912,20.733010333566032,20.124957804604815,19.4581124903481,21.106656625675594,23.05707794467906
parallelogram,22.017103965120395,19.978049929776518,18.682189569889353,20.409656905944015,23.24574998021394,22.576852782487027,22.037363831929635,21.21905924277401,20.5233737740071,21.31751593835921,22.901349551620584
losange,23.35963521225659,21.762615713769044,20.409656905944015,18.96368855090231,23.785221046934247,23.746414748856125,23.220608242941815,21.932109650014397,21.573895485936305,21.5751804581789,22.0016871496115
isoTrapezoid,19.501109023932294,22.247017264959602,23.24574998021394,23.785221046934247,17.966599786190354,19.768041108046624,19.459430569706583,22.304815288023622,22.34823227007157,20.195370212206043,21.257603508467326
kite,19.104178542251095,20.85833349037191,22.576852782487023,23.746414748856125,19.768041108046624,17.895742306680035,18.848797024692526,21.892858465922426,21.789392300127354,21.1400822898112,22.662311179671654
rightKite,18.77318584641743,20.733010333566032,22.037363831929635,23.220608242941815,19.459430569706583,18.848797024692526,17.77918511245007,21.58884441436252,21.44276084350764,19.996580019760163,22.007833190604263
rustedHinge,20.784106607379837,20.124957804604815,21.21905924277401,21.9321096500144,22.304815288023626,21.892858465922423,21.588844414362516,18.222411205239165,18.706782498197214,21.359717921008116,22.267418365871944
hinge,20.63713335136394,19.4581124903481,20.5233737740071,21.573895485936305,22.348232270071566,21.78939230012735,21.442760843507635,18.706782498197214,18.195011741737364,21.112838174980435,22.28636811164627
trapezoid,19.937633176996236,21.106656625675594,21.31751593835921,21.5751804581789,20.195370212206043,21.140082289811204,19.996580019760163,21.359717921008116,21.112838174980435,18.276971278230416,20.13880738993143
random,21.715926951920487,23.05707794467906,22.901349551620584,22.001687149611502,21.25760350846733,22.662311179671654,22.007833190604263,22.267418365871947,22.28636811164627,20.13880738993143,18.79166173844213
