,square,rectangle,parallelogram,losange,isoTrapezoid,kite,rightKite,rustedHinge,hinge,trapezoid,random
square,117.40294294472885,144.25495569881653,157.8294545760168,169.00748113847845,148.74156964269213,156.20127617466005,147.61182031264303,186.75529656685504,172.72449337578587,151.76146278180434,166.5692254440676
rectangle,144.25495569881653,136.73725828799016,155.77698367562886,170.60809225004536,170.97039202988086,171.74190224469203,164.74129136914644,190.8172483386966,175.1594924245156,166.5359511326191,181.73896036016524
parallelogram,157.8294545760168,155.77698367562886,126.52906129146137,142.05420563153058,169.64701356333444,174.86446485972587,165.76539733735098,191.631585016645,175.5103608747168,154.45032291643855,167.88496457668285
losange,169.00748113847845,170.60809225004536,142.05420563153058,128.42808584728473,174.21953089584514,181.5779883196435,172.2965640074639,196.96583185449094,182.99419758944975,155.65868352370674,162.30959025715907
isoTrapezoid,148.74156964269213,170.97039202988086,169.64701356333444,174.21953089584514,128.3414787277521,153.6116009421266,144.73199894031958,195.0579308477039,182.8230353783456,145.66044820979727,156.41847591236558
kite,156.20127617466005,171.74190224469203,174.86446485972587,181.5779883196435,153.6116009421266,134.17821686896514,138.99923917950073,194.74993885826242,181.7351370545001,162.61603912401364,169.8775172656301
rightKite,147.611820312643,164.74129136914647,165.76539733735095,172.2965640074639,144.73199894031958,138.99923917950073,121.45854978684586,187.30131264229368,174.00279869522342,147.28937363500128,157.79617012251444
rustedHinge,186.75529656685504,190.81724833869663,191.631585016645,196.96583185449094,195.0579308477039,194.7499388582624,187.30131264229368,182.35391438822805,177.32430756792192,190.1203994017241,191.2726512582229
hinge,172.7244933757859,175.1594924245156,175.5103608747168,182.99419758944975,182.8230353783456,181.7351370545001,174.00279869522342,177.32430756792195,160.18836005996414,176.35265447402725,178.03067857613897
trapezoid,151.76146278180434,166.5359511326191,154.45032291643855,155.65868352370674,145.66044820979727,162.61603912401364,147.28937363500128,190.12039940172411,176.35265447402725,124.23867304757547,143.19258288143644
random,166.5692254440676,181.73896036016524,167.88496457668285,162.30959025715907,156.41847591236558,169.8775172656301,157.7961701225144,191.2726512582229,178.03067857613897,143.19258288143644,126.92954441777054
