,square,rectangle,parallelogram,losange,isoTrapezoid,kite,rightKite,rustedHinge,hinge,trapezoid,random
square,671.5809322550316,772.4364073038538,970.4867957935778,1038.0934982159072,986.1457215929242,1000.6542380580736,986.6279142946549,1012.9877122649827,1008.3405214327597,987.1132569717939,1078.3941310295224
rectangle,772.4364073038537,673.5001774017339,913.9508250411603,995.1963226584269,1015.248516547867,1007.7334363596768,994.8855750194169,984.3191600075095,970.6502023575653,992.8420825436992,1082.104299550883
parallelogram,970.4867957935776,913.9508250411603,734.4080310737933,816.6757386378798,1006.9618130672307,1007.5106630245303,984.3585788790723,963.3706229244927,952.7512597041136,924.1054298432097,995.8523063310766
losange,1038.0934982159072,995.1963226584269,816.6757386378798,737.2314832045713,1029.4372149674107,1034.8215771036407,1008.0380793395651,978.5011695813334,977.7620111293234,927.5767533364282,960.6719753650052
isoTrapezoid,986.1457215929244,1015.248516547867,1006.9618130672309,1029.4372149674107,729.480026925915,857.1867940776807,822.3400582257464,918.3697000685262,924.9659100295778,837.3816899615045,892.4646813372916
kite,1000.6542380580736,1007.7334363596768,1007.5106630245301,1034.8215771036405,857.1867940776807,718.9532466616795,759.4696337045873,892.7033005254185,891.3629913089745,890.784339647998,919.0674080371269
rightKite,986.6279142946549,994.885575019417,984.3585788790723,1008.0380793395653,822.3400582257461,759.4696337045873,673.4249865912547,851.5756333576973,854.4865685311571,833.0652186693832,869.4645733077415
rustedHinge,1012.987712264983,984.3191600075095,963.3706229244927,978.5011695813332,918.3697000685262,892.7033005254187,851.5756333576973,698.6132828724595,740.8543001167806,889.533072421143,883.8836125878368
hinge,1008.3405214327597,970.6502023575653,952.7512597041136,977.7620111293232,924.965910029578,891.3629913089745,854.4865685311571,740.8543001167806,714.4590885295147,890.1893622402805,887.7123777854248
trapezoid,987.1132569717937,992.8420825436992,924.1054298432099,927.5767533364284,837.3816899615045,890.784339647998,833.0652186693832,889.533072421143,890.1893622402805,714.9765368309525,812.9878653614135
random,1078.3941310295224,1082.104299550883,995.8523063310766,960.6719753650052,892.4646813372916,919.0674080371269,869.4645733077415,883.8836125878368,887.7123777854248,812.9878653614135,697.1078906403187
