,square,rectangle,parallelogram,losange,isoTrapezoid,kite,rightKite,rustedHinge,hinge,trapezoid,random
square,66.87872699720893,76.56233982738718,87.34515145479543,93.5943944629068,81.26819769385455,83.20911082780103,81.1456474968593,86.75551582057133,85.81132561453786,82.68302839812623,91.21390188363209
rectangle,76.56233982738718,67.6157658079461,81.01418890663615,89.3843117822009,89.29348118116668,87.58487245750722,85.99426647723165,85.2090880991278,82.87928754584969,86.0421211550177,95.1564607892202
parallelogram,87.34515145479543,81.01418890663615,71.0421122288265,79.37942799990272,93.22852031439406,94.04975064331877,90.71316204464277,89.6467690167928,87.24162307051726,84.75133904444095,92.40452128324053
losange,93.5943944629068,89.3843117822009,79.3794279999027,71.75830242172363,95.79458861708619,97.94708160487917,94.46208339509919,92.64311821434745,91.42203505814483,85.46802848313042,89.17015563404904
isoTrapezoid,81.26819769385455,89.29348118116668,93.22852031439406,95.79458861708619,70.00402905448514,81.29426856876427,78.84682810750343,91.05498877024606,91.19923010339434,79.72503867598108,85.43622921520331
kite,83.20911082780103,87.5848724575072,94.04975064331877,97.94708160487917,81.29426856876427,69.31874112756255,73.87772011379569,89.11663315414668,88.60864359801424,86.9015816626626,90.71265572522239
rightKite,81.1456474968593,85.99426647723165,90.71316204464277,94.4620833950992,78.84682810750343,73.8777201137957,66.87269268596032,86.99780485593266,86.45059935613408,80.3649473998243,86.20325858606641
rustedHinge,86.75551582057133,85.20908809912781,89.6467690167928,92.64311821434745,91.05498877024604,89.11663315414668,86.99780485593266,69.0790801931362,72.3184401261171,88.30980398787273,88.93349972189513
hinge,85.81132561453786,82.8792875458497,87.24162307051726,91.42203505814483,91.19923010339434,88.60864359801424,86.45059935613408,72.3184401261171,69.75360647153697,87.46028567335863,88.54886112755463
trapezoid,82.68302839812624,86.0421211550177,84.75133904444095,85.46802848313042,79.72503867598108,86.9015816626626,80.36494739982429,88.30980398787273,87.46028567335863,68.81695171724274,78.891608121178
random,91.2139018836321,95.1564607892202,92.40452128324051,89.17015563404902,85.43622921520331,90.71265572522239,86.20325858606643,88.93349972189513,88.54886112755463,78.891608121178,70.12505665329766
