,square,rectangle,parallelogram,losange,isoTrapezoid,kite,rightKite,rustedHinge,hinge,trapezoid,random
square,83.13098810511597,98.75991307407735,109.70995887014142,117.26581081387714,101.9139391014838,105.61236276768632,101.93846592446798,118.84255218329827,113.59062669651242,104.36159616752775,114.6494555982973
rectangle,98.75991307407736,90.39278541191479,104.67007389258272,114.97385922322455,114.92799650683473,113.98045138993187,111.19985994615749,119.27873986021245,112.50034180227541,111.70558519013444,122.62438776960528
parallelogram,109.7099588701414,104.67007389258275,89.06311322456747,99.6269684547214,116.94644500592455,119.18064927390452,114.42169860439664,122.2247527076545,115.35828291188994,107.15784316369555,116.53197268995257
losange,117.26581081387714,114.97385922322455,99.62696845472139,90.09525451937945,120.02764208862189,123.9578475205968,119.00068513293597,125.93646693949837,120.57067091328294,107.92689538096246,112.51985222570862
isoTrapezoid,101.91393910148383,114.9279965068347,116.94644500592453,120.02764208862189,87.87892111470076,103.1848229294112,99.25899729904054,123.93496038703985,120.04830209276236,100.15891124722911,107.29641354867964
kite,105.61236276768632,113.98045138993187,119.18064927390454,123.9578475205968,103.1848229294112,89.5793851418321,94.50856336090817,122.8623873343701,118.19254090326537,110.0061837581765,115.29473154557719
rightKite,101.93846592446798,111.19985994615749,114.42169860439664,119.00068513293597,99.25899729904054,94.50856336090817,84.80465443379431,119.68218436312806,114.88406833463299,101.38531254201274,109.06622817022233
rustedHinge,118.84255218329827,119.27873986021243,122.2247527076545,125.93646693949837,123.93496038703984,122.8623873343701,119.68218436312804,107.51905688326264,107.78076354918817,120.95722527601848,122.33984850258024
hinge,113.59062669651242,112.5003418022754,115.35828291188994,120.57067091328294,120.04830209276236,118.19254090326534,114.88406833463299,107.78076354918817,100.29978385394702,115.91025377339561,117.82828375153737
trapezoid,104.36159616752775,111.70558519013444,107.15784316369555,107.92689538096246,100.15891124722911,110.00618375817648,101.38531254201274,120.95722527601848,115.91025377339561,86.71817764819178,99.5143555571052
random,114.6494555982973,122.62438776960528,116.53197268995261,112.51985222570862,107.29641354867964,115.29473154557719,109.06622817022235,122.33984850258024,117.82828375153737,99.51435555710522,88.99258941481558
