,square,rectangle,parallelogram,losange,isoTrapezoid,kite,rightKite,rustedHinge,hinge,trapezoid,random
square,43.11230203074452,49.04729007942287,54.47067068469197,58.10743113316848,49.32808723487742,49.500941292194135,48.52573339176348,52.51982070289787,51.91478084885821,50.647906440255994,54.90213179740232
rectangle,49.04729007942287,43.49559391836548,50.341081742996906,55.29083630981469,54.90846160831734,52.7409199505467,52.1083037497727,51.359114532869455,49.73073330705644,53.0168343210141,57.74252970403345
parallelogram,54.47067068469198,50.341081742996906,45.00641582357854,49.881018987078804,57.57557006389629,57.507673943854854,55.36296113320615,54.6649902574761,52.830585316372655,52.452000398072705,56.54691702127064
losange,58.10743113316848,55.29083630981468,49.881018987078804,45.02449143439293,59.049449102247095,60.18338710017694,58.04532400883354,56.69877919090254,55.72644620317352,52.81332711705774,54.480015348870495
isoTrapezoid,49.32808723487742,54.90846160831734,57.57557006389629,59.04944910224708,44.04013860897722,49.923893156493115,48.81468026673836,56.210351219042785,56.14836770790434,50.163709678616804,52.687487316751024
kite,49.500941292194135,52.74091995054668,57.50767394385486,60.183387100176915,49.92389315649311,44.20578720533858,47.10506854223945,55.70924535280877,55.43591959713419,54.12773032434008,56.99722193314663
rightKite,48.52573339176348,52.10830374977271,55.362961133206134,58.04532400883354,48.814680266738364,47.10506854223945,43.30125546332717,54.95178745530416,54.54466568940653,50.22082555552127,54.5218728628953
rustedHinge,52.51982070289787,51.359114532869455,54.6649902574761,56.69877919090254,56.210351219042785,55.70924535280877,54.95178745530416,43.910370713413656,45.708908623710975,54.811791646575,55.802052341894424
hinge,51.91478084885819,49.73073330705644,52.830585316372655,55.72644620317353,56.14836770790434,55.43591959713419,54.54466568940653,45.708908623710975,44.29517752938317,54.106142777068136,55.601477174803065
trapezoid,50.647906440255994,53.0168343210141,52.452000398072705,52.81332711705774,50.1637096786168,54.12773032434007,50.22082555552127,54.81179164657502,54.106142777068136,44.165332395588905,49.13946282335056
random,54.90213179740232,57.742529704033466,56.54691702127064,54.48001534887048,52.687487316751024,56.99722193314665,54.5218728628953,55.80205234189443,55.601477174803065,49.139462823350556,44.801021801893896
