,square,rectangle,parallelogram,losange,isoTrapezoid,kite,rightKite,rustedHinge,hinge,trapezoid,random
square,222.6260151919986,272.159794712067,310.10232435365543,330.8130838598121,301.60882897078085,319.84735440759795,302.79961447439973,363.80617890367165,343.1266198658588,308.117464892884,337.5202095866395
rectangle,272.1597947120671,254.83526399245233,304.88874658291377,331.70024218491426,336.26852416489777,343.8445543397777,329.1286751917369,370.0459901153373,346.7590635229217,330.6044718431078,360.1495131096384
parallelogram,310.10232435365543,304.8887465829138,239.91977199581603,268.60915604667105,326.000626307663,336.54067208422515,319.9280735554403,359.617443185072,335.2149362156444,298.8088900296129,323.7869716217145
losange,330.81308385981214,331.70024218491426,268.60915604667105,242.62034451976697,334.62357225370783,347.9097322020581,331.3716064340163,367.96581257401937,347.52052585727535,301.485940660768,313.2691409831435
isoTrapezoid,301.60882897078085,336.26852416489777,326.0006263076631,334.62357225370783,246.15690354474654,296.66044407100185,279.1051541340466,363.26776674365544,344.486807394806,281.6101728796224,302.5973785510731
kite,319.84735440759795,343.8445543397777,336.54067208422515,347.9097322020581,296.6604440710019,257.9444496740912,267.63883493238706,364.5051852923888,344.1695247478681,311.5003275123932,324.8949612810027
rightKite,302.7996144743997,329.1286751917369,319.9280735554402,331.3716064340163,279.1051541340466,267.63883493238706,233.53316048624617,348.5429910187414,328.0064087344056,284.18720284997056,303.06156960034247
rustedHinge,363.80617890367165,370.0459901153373,359.61744318507203,367.96581257401937,363.2677667436554,364.5051852923888,348.5429910187414,333.39194574873915,328.96699353988174,353.83132978185967,355.741230993277
hinge,343.1266198658588,346.7590635229217,335.2149362156444,347.52052585727535,344.486807394806,344.1695247478681,328.0064087344056,328.96699353988174,300.1576340621016,332.0370793184138,335.31839409063804
trapezoid,308.117464892884,330.6044718431078,298.8088900296129,301.485940660768,281.61017287962244,311.5003275123932,284.1872028499705,353.83132978185967,332.0370793184138,239.36503019701976,276.11005326142066
random,337.52020958663957,360.1495131096384,323.7869716217145,313.2691409831435,302.5973785510731,324.89496128100274,303.06156960034247,355.741230993277,335.31839409063804,276.11005326142066,242.48654771868812
