,square,rectangle,parallelogram,losange,isoTrapezoid,kite,rightKite,rustedHinge,hinge,trapezoid,random
square,21.103070362420045,24.14816415135816,26.19157116480393,27.74477955176195,23.34686857392959,22.98467458475744,22.576709165323585,24.779662661266155,24.585554348961047,23.82155052706736,25.84363564549078
rectangle,24.148164151358163,21.287390783831082,23.84947115679122,25.92210292571371,26.458976758086777,24.925741978271482,24.7476947730436,23.994572398944598,23.208347851846117,25.129882693835313,27.36458122714548
parallelogram,26.19157116480393,23.849471156791225,22.030764088138874,24.08599165625333,27.57900609765925,26.95276658565528,26.223106530937677,25.292571947297745,24.467479490829522,25.19648903406803,27.00772713622925
losange,27.74477955176195,25.92210292571371,24.08599165625333,22.192069838086923,28.192389213743045,28.265293568225434,27.55660755061559,26.113710732845398,25.705484398820243,25.45141820413148,25.948688550865512
isoTrapezoid,23.346868573929594,26.458976758086777,27.57900609765925,28.192389213743045,21.41633609162409,23.696784565653925,23.28834646337324,26.575172261160876,26.604442416801994,24.061067062687556,25.243100711592877
kite,22.984674584757443,24.925741978271486,26.95276658565528,28.265293568225445,23.696784565653925,21.472430370723185,22.644202671243747,26.153644258581103,26.041015108583217,25.341436636378784,27.033218757763404
rightKite,22.576709165323585,24.747694773043605,26.22310653093768,27.55660755061559,23.288346463373237,22.644202671243747,21.25977671920012,25.818254017982074,25.641118230883976,23.877528675835485,26.16956682519608
rustedHinge,24.779662661266155,23.994572398944598,25.292571947297745,26.113710732845398,26.575172261160883,26.153644258581107,25.818254017982078,21.53156747221036,22.174034298742086,25.481921795871884,26.443609693608465
hinge,24.585554348961047,23.208347851846117,24.467479490829525,25.705484398820243,26.604442416801994,26.041015108583217,25.641118230883972,22.174034298742086,21.570303249944775,25.174908350817887,26.452481729254412
trapezoid,23.821550527067355,25.129882693835313,25.19648903406803,25.45141820413148,24.06106706268756,25.341436636378784,23.87752867583548,25.481921795871884,25.174908350817887,21.629547060348997,23.770909078107245
random,25.84363564549078,27.36458122714548,27.00772713622925,25.948688550865516,25.243100711592877,27.033218757763397,26.16956682519608,26.443609693608465,26.452481729254412,23.77090907810725,22.111624937426786
