,square,rectangle,parallelogram,losange,isoTrapezoid,kite,rightKite,rustedHinge,hinge,trapezoid,random
square,16.190740526733656,18.43916644942007,19.874485721247687,21.078127907343294,17.729828263231642,17.35804216233858,17.120847807383164,18.851407172993323,18.704110607091284,18.136541852795624,19.647247060474125
rectangle,18.439166449420075,16.39021221708781,18.117733621506705,19.67776977300319,20.067989631783636,18.86963833161507,18.802214757206464,18.270435521567197,17.67551536436172,19.13608409008006,20.787648894718874
parallelogram,19.87448572124769,18.117733621506705,17.22270700535065,18.72373907985284,20.94658091463572,20.31079747040935,19.933372465695232,19.178829522971903,18.564581911947023,19.438320006651573,20.761289401118567
losange,21.078127907343294,19.67776977300319,18.72373907985284,17.63222873187797,21.45945104149878,21.376019766427714,21.015940818380084,19.823690405653995,19.486209375504767,19.745344096803212,20.050988534071042
isoTrapezoid,17.729828263231642,20.067989631783636,20.94658091463572,21.459451041498784,16.502672379658453,17.949019749083263,17.747299827221955,20.11084944863717,20.132099374651492,18.39891852417275,19.307520267823524
kite,17.35804216233858,18.86963833161507,20.31079747040935,21.376019766427714,17.94901974908326,16.400553107862628,17.211808627042764,19.75847771449132,19.634064610707078,19.10095404931436,20.40975620001361
rightKite,17.12084780738316,18.802214757206464,19.933372465695232,21.015940818380084,17.747299827221955,17.211808627042764,16.413695895569592,19.508761599822414,19.35321278733327,18.251117264387002,19.943822141222263
rustedHinge,18.851407172993323,18.270435521567197,19.178829522971903,19.823690405653995,20.11084944863717,19.75847771449132,19.50876159982241,16.847087452946035,17.179040697101822,19.326469255657006,20.11637253365826
hinge,18.704110607091284,17.67551536436172,18.564581911947023,19.486209375504767,20.132099374651492,19.634064610707075,19.35321278733327,17.179040697101815,16.69757874017324,19.099262637696587,20.118769766031974
trapezoid,18.136541852795624,19.136084090080065,19.438320006651573,19.745344096803212,18.39891852417275,19.10095404931436,18.251117264387002,19.326469255657006,19.099262637696587,16.907462757771988,18.49588304073523
random,19.647247060474125,20.787648894718874,20.761289401118567,20.05098853407104,19.307520267823524,20.40975620001361,19.943822141222267,20.116372533658264,20.118769766031974,18.495883040735226,17.338700682074357
