,square,rectangle,parallelogram,losange,isoTrapezoid,kite,rightKite,rustedHinge,hinge,trapezoid,random
square,0.0,3.3624358038379345,4.927739701305336,6.068957243352277,4.003681031258871,3.8759143956948243,3.631277703394412,4.766280350014325,4.5678508990624245,4.13572502309785,5.605068018933293
rectangle,3.3624358038379345,0.0,3.6997899610252407,5.3632052382898605,5.385909601003194,4.71833292578486,4.6383399969422,4.397821049121442,3.8981401499366704,4.742745780603323,6.156169606577937
parallelogram,4.927739701305336,3.6997899610252407,0.0,3.225675105206085,5.463985757881786,5.23486185345158,4.888389651312915,4.821977905219464,4.395576915109482,4.021059637790584,5.369406404482249
losange,6.068957243352277,5.3632052382898605,3.225675105206085,0.0,5.736521755470359,5.898110455597743,5.5594024571771214,5.359304402084338,5.212524194353443,4.160624382618142,4.734346922817369
isoTrapezoid,4.003681031258871,5.385909601003194,5.463985757881786,5.736521755470359,0.0,3.415037926255608,3.211421351542622,5.303280387904419,5.332261666284867,3.4345903857464752,4.229649522856195
kite,3.8759143956948243,4.71833292578486,5.23486185345158,5.898110455597743,3.415037926255608,0.0,2.7065760208543583,5.041881697081372,4.775355154656619,4.542690223006068,5.056188306925908
rightKite,3.631277703394412,4.6383399969422,4.888389651312915,5.5594024571771214,3.211421351542622,2.7065760208543583,0.0,5.003060707919677,4.848167859698352,3.3779484757216056,4.69751394608311
rustedHinge,4.766280350014325,4.397821049121442,4.821977905219464,5.359304402084338,5.303280387904419,5.041881697081372,5.003060707919677,0.0,1.697185099732705,4.908722332851455,5.212248712231769
hinge,4.5678508990624245,3.8981401499366704,4.395576915109482,5.212524194353443,5.332261666284867,4.775355154656619,4.848167859698352,1.697185099732705,0.0,4.776747325330464,5.067254167812803
trapezoid,4.13572502309785,4.742745780603323,4.021059637790584,4.160624382618142,3.4345903857464752,4.542690223006068,3.3779484757216056,4.908722332851455,4.776747325330464,0.0,3.2109151656372408
random,5.605068018933293,6.156169606577937,5.369406404482249,4.734346922817369,4.229649522856195,5.056188306925908,4.69751394608311,5.212248712231769,5.067254167812803,3.2109151656372408,0.0
