,square,rectangle,parallelogram,losange,isoTrapezoid,kite,rightKite,rustedHinge,hinge,trapezoid,random
square,0.0,6.604679789402108,7.882346410051168,9.425843445539064,5.079241222877923,4.134908349401086,3.3820876168058382,6.679040227443985,6.582720112712349,5.292596177280327,7.453011914540853
rectangle,6.604679789402108,0.0,4.548618982824082,6.828796684020004,8.556748230029573,6.957529525093305,6.755228484810194,5.006962173944459,3.9415729510869113,6.9112689055285825,8.66674511631468
parallelogram,7.882346410051168,4.548618982824082,0.0,4.828053536620895,9.002063748710988,8.182023221804126,7.629182090525939,5.924661415616522,5.025906357089393,6.873907287820447,8.383539493260793
losange,9.425843445539064,6.828796684020004,4.828053536620895,0.0,9.443686069347931,9.376360143164126,9.04579327099069,6.677806724577998,6.335137126601045,7.3189102188529604,7.350084941378048
isoTrapezoid,5.079241222877923,8.556748230029573,9.002063748710988,9.443686069347931,0.0,5.147864690317151,4.892362010098171,8.301488442377075,8.41257173976337,5.482512684178556,6.599141878733414
kite,4.134908349401086,6.957529525093305,8.182023221804126,9.376360143164126,5.147864690317151,0.0,3.4971546754785705,7.651394595092353,7.597796190034307,6.5334491204225795,8.01935792052468
rightKite,3.3820876168058382,6.755228484810194,7.629182090525939,9.04579327099069,4.892362010098171,3.4971546754785705,0.0,7.211930114226359,7.1017376677313555,5.124648160281447,7.648093568084174
rustedHinge,6.679040227443985,5.006962173944459,5.924661415616522,6.677806724577998,8.301488442377075,7.651394595092353,7.211930114226359,0.0,2.1460113202102717,6.808428873667164,7.630471848037431
hinge,6.582720112712349,3.9415729510869113,5.025906357089393,6.335137126601045,8.41257173976337,7.597796190034307,7.1017376677313555,2.1460113202102717,0.0,6.57939191829795,7.7304869613824785
trapezoid,5.292596177280327,6.9112689055285825,6.873907287820447,7.3189102188529604,5.482512684178556,6.5334491204225795,5.124648160281447,6.808428873667164,6.57939191829795,0.0,5.278400697212647
random,7.453011914540853,8.66674511631468,8.383539493260793,7.350084941378048,6.599141878733414,8.01935792052468,7.648093568084174,7.630471848037431,7.7304869613824785,5.278400697212647,0.0
