,square,rectangle,parallelogram,losange,isoTrapezoid,kite,rightKite,rustedHinge,hinge,trapezoid,random
square,0.0,3.7444830852174964,4.551438502667789,5.531805947761987,2.994354274511133,2.50245169687174,2.127024338916247,3.9365176405901656,3.801687789655008,3.136697149236737,4.423253041411347
rectangle,3.7444830852174964,0.0,2.6999258055524096,4.113599040811331,4.868267231460346,3.944348016598469,3.8777436962209753,3.085310213472796,2.468482359798672,3.992233619446335,5.057517822078145
parallelogram,4.551438502667789,2.6999258055524096,0.0,2.9592951302390547,5.189089879336311,4.739511725182431,4.422175192571349,3.601618459527239,3.0371632468277996,3.8739889368988494,4.851999894853954
losange,5.531805947761987,4.113599040811331,2.9592951302390547,0.0,5.522309287295659,5.517807781694219,5.320053259565244,4.026913461563833,3.8147943591751683,4.1892651966782415,4.22722456336578
isoTrapezoid,2.994354274511133,4.868267231460346,5.189089879336311,5.522309287295659,0.0,3.004460736239824,2.8530700838779457,4.849472188317645,4.84065571807731,3.217037887087302,3.9325980336220336
kite,2.50245169687174,3.944348016598469,4.739511725182431,5.517807781694219,3.004460736239824,0.0,2.156003190757006,4.504055198764617,4.416084463312371,3.9463851625730078,4.807930855166574
rightKite,2.127024338916247,3.8777436962209753,4.422175192571349,5.320053259565244,2.8530700838779457,2.156003190757006,0.0,4.303568193335695,4.177286892114414,3.077918240531218,4.550062193441091
rustedHinge,3.9365176405901656,3.085310213472796,3.601618459527239,4.026913461563833,4.849472188317645,4.504055198764617,4.303568193335695,0.0,1.3802598966620077,4.0478838397790575,4.45547609700132
hinge,3.801687789655008,2.468482359798672,3.0371632468277996,3.8147943591751683,4.84065571807731,4.416084463312371,4.177286892114414,1.3802598966620077,0.0,3.8528567411005024,4.483401296910673
trapezoid,3.136697149236737,3.992233619446335,3.8739889368988494,4.1892651966782415,3.217037887087302,3.9463851625730078,3.077918240531218,4.0478838397790575,3.8528567411005024,0.0,3.080592270240299
random,4.423253041411347,5.057517822078145,4.851999894853954,4.22722456336578,3.9325980336220336,4.807930855166574,4.550062193441091,4.45547609700132,4.483401296910673,3.080592270240299,0.0
