,square,rectangle,parallelogram,losange,isoTrapezoid,kite,rightKite,rustedHinge,hinge,trapezoid,random
square,0.0,2.5883838392088045,3.233816549226719,3.946704594738957,2.134733444693043,1.7752558054111314,1.5018701428264019,2.8380020634747067,2.6874133557742206,2.2999169550222365,3.201921746631059
rectangle,2.5883838392088045,0.0,2.053326426361404,3.1083374993965656,3.487325430348502,2.8370059115381436,2.771535959487998,2.2641906133090273,1.773002528998035,2.9196004527171917,3.719656692319366
parallelogram,3.233816549226719,2.053326426361404,0.0,2.1642491451767394,3.713969873546283,3.436230047318799,3.165665557234403,2.693194706019284,2.2592412812571987,2.77431850287602,3.499947129294545
losange,3.946704594738957,3.1083374993965656,2.1642491451767394,0.0,3.947133764707593,3.9757139746575234,3.8073382887769642,3.0461556583529736,2.887555422716863,2.985022035955399,3.059718633806684
isoTrapezoid,2.134733444693043,3.487325430348502,3.713969873546283,3.947133764707593,0.0,2.124362226029116,2.0247278921075944,3.5239495549096334,3.480055314404005,2.3300184262799757,2.8462907984343833
kite,1.7752558054111314,2.8370059115381436,3.436230047318799,3.9757139746575234,2.124362226029116,0.0,1.5538901914119565,3.263457103950758,3.17077816017213,2.8846895327939412,3.4817967219237187
rightKite,1.5018701428264019,2.771535959487998,3.165665557234403,3.8073382887769642,2.0247278921075944,1.5538901914119565,0.0,3.136615166011236,3.008715936586084,2.227568459530084,3.2527161419529707
rustedHinge,2.8380020634747067,2.2641906133090273,2.693194706019284,3.0461556583529736,3.5239495549096334,3.263457103950758,3.136615166011236,0.0,0.9839797051930584,3.007084582214595,3.305529790803302
hinge,2.6874133557742206,1.773002528998035,2.2592412812571987,2.887555422716863,3.480055314404005,3.17077816017213,3.008715936586084,0.9839797051930584,0.0,2.8432504938815546,3.3182678721381613
trapezoid,2.2999169550222365,2.9196004527171917,2.77431850287602,2.985022035955399,2.3300184262799757,2.8846895327939412,2.227568459530084,3.007084582214595,2.8432504938815546,0.0,2.189808973429871
random,3.201921746631059,3.719656692319366,3.499947129294545,3.059718633806684,2.8462907984343833,3.4817967219237187,3.2527161419529707,3.305529790803302,3.3182678721381613,2.189808973429871,0.0
