,square,rectangle,parallelogram,losange,isoTrapezoid,kite,rightKite,rustedHinge,hinge,trapezoid,random
square,0.014614743653050297,0.01598204760086597,0.016920465666841484,0.018081825923069377,0.015710419034326926,0.015388499868651047,0.015305132722317519,0.016716796163494693,0.016308806824910538,0.015876339216580805,0.017022637221050522
rectangle,0.01598204760086597,0.01436798892898609,0.01558491829092436,0.01676079805791179,0.017224548907345382,0.016422257294936994,0.01640965092149589,0.015972696247753375,0.015282172622790528,0.016522270600561002,0.017635590764708966
parallelogram,0.016920465666841484,0.01558491829092436,0.015027494392817508,0.016226141159300003,0.01771159504471025,0.017354149947604994,0.01708992562822371,0.01675920178296278,0.016060002826928158,0.016766679105211745,0.017764568891555813
losange,0.018081825923069377,0.01676079805791179,0.016226141159300003,0.015440047944422311,0.018213992801885286,0.0182866633112608,0.01817816430626896,0.017236037423206143,0.016780822119761347,0.01719660080570156,0.017327027691102777
isoTrapezoid,0.015710419034326926,0.01722454890734538,0.01771159504471025,0.018213992801885282,0.014907416996521067,0.015887231630294454,0.015913211214808883,0.017769142032120887,0.01746850230113131,0.01612599205898295,0.016828593551629356
kite,0.015388499868651047,0.016422257294936998,0.01735414994760499,0.0182866633112608,0.015887231630294454,0.014932487867742244,0.015508683221215756,0.017430613974739936,0.017054396189174068,0.016586512208943176,0.01752676513732839
rightKite,0.015305132722317519,0.01640965092149589,0.017089925628223708,0.018178164306268958,0.015913211214808883,0.015508683221215756,0.015106223103084883,0.017303887736438824,0.016895342622453458,0.016093017578531495,0.017416639204220274
rustedHinge,0.016716796163494693,0.015972696247753375,0.016759201782962776,0.017236037423206143,0.017769142032120884,0.017430613974739936,0.017303887736438824,0.01560528601297494,0.015485861976003523,0.017137263760162186,0.017667610481196045
hinge,0.016308806824910538,0.015282172622790528,0.016060002826928158,0.016780822119761347,0.01746850230113131,0.017054396189174068,0.016895342622453458,0.01548586197600352,0.014972820152903661,0.016697202950492988,0.01742066957198873
trapezoid,0.015876339216580805,0.016522270600561006,0.016766679105211745,0.01719660080570156,0.01612599205898295,0.016586512208943176,0.016093017578531495,0.017137263760162186,0.016697202950492988,0.015084100170360363,0.016322991071505685
random,0.017022637221050522,0.017635590764708966,0.017764568891555813,0.017327027691102777,0.016828593551629356,0.01752676513732839,0.017416639204220274,0.017667610481196045,0.01742066957198873,0.016322991071505685,0.015403908821274783
