,photo_face,photo_profil,photo_eyes,photo_face2,photo_walking,photo_standing,photo_hand,photo_legs,photo_bird,photo_butterfly,photo_girafe,photo_fish,photo_cherry,photo_tree,photo_flower,photo_carrot,photo_watch,photo_key,photo_truck,photo_velo,photo_road,photo_house,photo_mountain,photo_windmill,drawing_face,drawing_profil,drawing_eyes,drawing_face2,drawing_walking,drawing_standing,drawing_hand,drawing_legs,drawing_bird,drawing_butterfly,drawing_girafe,drawing_fish,drawing_cherry,drawing_tree,drawing_flower,drawing_carrot,drawing_watch,drawing_key,drawing_truck,drawing_velo,drawing_road,drawing_house,drawing_mountain,drawing_windmill,geo_face,geo_profil,geo_eyes,geo_face2,geo_walking,geo_standing,geo_hand,geo_legs,geo_bird,geo_butterfly,geo_girafe,geo_fish,geo_cherry,geo_tree,geo_flower,geo_carrot,geo_watch,geo_key,geo_truck,geo_velo,geo_road,geo_house,geo_mountain,geo_windmill,word_face,word_profil,word_eyes,word_face2,word_walking,word_standing,word_hand,word_legs,word_bird,word_butterfly,word_girafe,word_fish,word_cherry,word_tree,word_flower,word_carrot,word_watch,word_key,word_truck,word_velo,word_road,word_house,word_mountain,word_windmill
photo_face,0.0,328.94229120793113,378.5589975434524,375.67816114674355,348.5018484816539,345.73418779132044,295.7502617314973,301.8786423279179,420.70132313557286,445.4886144768457,500.93164938553133,410.692218579903,387.8616998276723,316.57516878377123,347.95039593226835,336.2232808094208,384.44077296986893,406.9697755772081,435.7059803008122,439.0191207412071,422.0938685583888,378.6998671219971,425.0278436088212,420.19417557206697,335.89053892535304,364.5251328169539,407.9402706182541,391.47780711874515,327.59594685599683,335.7352278092661,342.1662865599546,323.31296835650716,363.45766327188267,410.9483525384682,338.2607277738566,378.4254666021745,374.6209899686415,311.7237789602591,326.01013214788406,327.7659341995569,299.7834449978733,399.51981681367386,399.1696723792244,404.05525917769523,371.87076655399085,397.6809523212955,366.96700206177576,346.42870577696107,401.5462640876937,335.6125910447188,393.89237962189435,341.69309129483787,323.947807083715,325.85633458950286,328.39303967089,321.6505999236605,332.27635947058906,389.5091940718621,358.3139983997857,397.60726076795373,370.11345681329027,328.77306766843543,320.7091032505398,327.0700823544062,327.4895894905998,392.1203519767104,410.39246633977535,375.26020979869776,317.8036328161673,334.14019231744516,363.1317785438749,354.2899445784887,343.63793860851075,346.1351194649021,347.6394419181934,385.4843797018671,398.77139209373865,392.99103138668994,341.0508504041019,393.5495293508812,384.68989955328055,401.1014376935357,363.69866827296676,392.34241552753775,394.6771915884544,357.0330882322443,351.2945160723508,387.7107610381508,377.62879682953104,335.6985771323751,390.2761227399165,339.9217758735506,366.1688038077935,381.925008464546,431.6700875706077,371.42576007687717
photo_profil,328.94229120793113,0.0,383.73866435545426,363.67856258985097,400.2371669473582,399.82180226638735,351.54815321002803,387.5136339421987,439.9110998745105,427.4604631058722,509.2929028162069,439.77476263996175,413.14621086198645,381.4702585654676,404.13636660281924,402.4243275461639,448.17949832066955,428.6310279049749,441.02177897494477,458.5079877623264,415.9047571748678,315.36430770213406,448.95956137231605,406.3368756170964,385.5894229134556,332.6572513050407,424.6951698951299,395.6913810773045,387.65546133722825,380.1007888763778,387.58269741254037,354.2466951080685,407.7151391453962,404.9108303447679,378.8631116049497,412.82022402699016,386.70642295021054,387.88841911436214,374.4115454042115,383.62925457415787,379.2557920862639,418.3755312929569,412.8737621416828,419.09108693552537,408.3976946947847,404.04420449001776,410.64097576731797,378.51519785048737,392.011257041507,392.5481552110019,419.4737752092,384.40984579472706,384.0561684464806,380.519018057578,375.8963786065482,388.2052806490566,392.5544875813865,392.29483206257663,380.1120787312241,422.022863352675,372.66377910746564,383.10461171809806,382.66055854293404,380.8254104318689,384.4410824816399,419.35250541404287,425.532245942951,416.436587715705,356.8362475040616,346.16976551967207,399.11784609717205,384.55029327164186,409.9658815224859,401.901768206694,404.1191683327525,419.72959453013755,427.49008270571227,423.6546298429801,408.93289502596383,423.0063397699273,413.7520701902515,434.44101414780266,401.0737472607177,423.21440616345336,424.9923975549108,402.88649666962954,401.7697653414752,419.3357530054624,409.2030111298857,409.64427312371663,421.04054136034296,407.28565390987205,413.4113298158454,415.165241196313,465.03284809493647,413.32226794491834
photo_eyes,378.5589975434524,383.73866435545426,0.0,340.2022267940448,420.1076029912016,431.9012785190368,390.1830932504941,428.8649077107141,392.40041080337187,391.04947951277046,488.94236124070864,375.7369520400662,431.79379330006327,424.64582404762945,443.1422385507924,427.9007870412685,488.85779896390477,369.0080170148264,386.64103077510913,409.25734800803446,254.71548421412453,388.56374415111827,403.18873510036195,415.26580616900617,381.3710685028697,393.23440102852277,348.6849100089527,355.31764449959763,412.59685731923594,407.06552596821035,410.1949204192467,392.9510040536828,366.34638661701774,354.9317516356582,413.67591576570055,353.336005552498,345.4740832335693,392.38079206386396,402.2051745540639,413.8658761923804,389.12815418427306,358.9393034186785,359.1343755979943,354.8951814831888,360.0737078543784,340.5522635133769,370.72648260026165,403.6928218103855,402.91323253305495,405.8189720085185,351.59098196678036,421.51269251694407,401.26380234977637,404.6434965074898,405.21722444978127,396.59673658651843,407.6419438995532,348.9694242749428,400.5105589940559,358.5828595556048,414.64786851142077,385.72846101760797,397.5269600204974,403.1123932232825,392.3524963086602,360.59663098671473,367.57802907481494,347.11617753669594,380.38279334868633,393.9872408402528,368.3942413217557,411.88952636966656,381.0543587587824,369.8227516313989,373.5494303424969,373.7383039546316,362.9124040807497,359.36969686643016,378.77565501912676,361.127975969541,362.3948332628692,372.045391742754,366.578237319716,359.85952211871194,360.0860691557523,369.5167248667534,371.0782691447549,362.1472873866641,361.0391883764733,376.12737823542284,356.3229883836633,376.47813522485484,377.6501240223643,359.507655699683,407.3050878224063,381.6506775254912
photo_face2,375.67816114674355,363.67856258985097,340.2022267940448,0.0,419.6984992267006,427.09877252348167,379.4511782363856,426.4206148983954,396.1122669769128,401.34361226334266,482.71850428206454,428.77483690940693,426.5769441903391,416.435888244671,437.3746876725809,429.5573634614509,483.93357400039747,430.1260501737022,430.09111354831083,450.97884232908984,355.59131009924863,373.03621739239844,450.63620921211515,431.50626749119795,376.52929973945,399.40241285968364,421.909368300287,348.814433333027,408.81683948068985,397.2263274878857,416.8015013467055,386.39375538449275,394.0735665321756,386.0243263802466,418.1221330206105,411.1039222393278,370.97933657233006,399.866576761273,401.6041245399339,419.22579361772216,401.11384581862865,418.9313532656236,410.8213063628567,403.4678427543217,400.78236830002044,381.99873996681015,417.8356683031471,399.38703852335993,417.3315578436649,414.45689505393966,417.9372222995033,419.155143420171,391.255744706666,402.5157919281186,398.42686385747254,410.04152410944914,426.28269187467447,370.762840463483,410.7011567933465,411.602262986952,417.68620082831103,397.1806500471173,399.7372079308378,409.3965838792316,411.0638736497701,418.96015235705613,408.7808653728225,391.74658021059895,387.49577792390363,392.4174194392571,393.1389424843917,420.9710006575004,417.58534937726716,407.24468904302637,414.28212801382944,420.6531186014791,431.70570031068314,428.19256195029254,413.26138933299444,433.0997040970378,422.50077703245114,427.4567975784461,413.6866796170925,425.4487565500194,429.5817140254998,416.34949311080874,405.5915878184806,425.69055687817115,415.6343581611544,412.011188859342,423.47081518153556,410.1660659828349,425.3294771345951,417.2595276443503,461.91668535138274,426.62869600842095
photo_walking,348.5018484816539,400.2371669473582,420.1076029912016,419.6984992267006,0.0,353.3369602385024,370.27434734471535,330.82389714681494,425.27368708852083,465.63008333710724,527.0441054390534,423.7566198521151,370.16506777164824,374.36805272375744,339.34296193496994,346.78331925012947,414.95359713782307,423.24889654640623,450.8463844383107,450.33485350060766,456.3692108088711,422.1803631359149,405.40170882018197,471.9486027427438,323.40290278063856,390.69437672584223,416.0817192153736,388.5066846646601,269.2079282897039,361.7098255338248,368.51281069346317,339.8527569331644,364.9379198380207,391.07822725840333,322.78659354930164,367.6653287502202,386.6784255435136,313.28603962194893,368.8151180040273,323.2539149299814,317.48017200646643,408.3057574659602,394.555256046082,411.6652862370322,375.26324439214824,400.5663948168045,353.9462467753523,381.1867121761309,404.46437617584274,319.2181631681789,412.3916558396708,367.17419058515827,301.8791431779461,328.01344282365477,350.9549922465483,324.03056285096056,324.0604809432988,383.21200654110703,329.1777527233717,386.835644461498,336.3444076032728,302.1443544672674,332.54850257298574,321.2868315101327,314.4811041151263,393.6731103819104,399.36245887424633,387.2439807454542,327.13964005102156,371.9790342145622,361.0556677491452,377.50712867458014,340.3066912212627,356.81689108873115,358.1634638151017,402.96930049247857,401.95806632026114,397.0798185407721,343.7240333734523,397.8361690144861,392.2747520578626,403.95342267095737,375.063184284294,398.56203715937716,397.58387980754213,366.8764053941268,356.65999188381255,394.68263681567026,385.25839241313787,342.6933033609416,394.2615554824595,342.40443779973015,374.2906930663255,391.6592375176109,439.27489673757793,380.08391350103597
photo_standing,345.73418779132044,399.82180226638735,431.9012785190368,427.09877252348167,353.3369602385024,0.0,359.5614156056636,309.02559674087917,454.6094329147586,503.42973462055755,492.4122806652691,447.1915166465512,443.76925692268696,408.42196670634854,287.0421565319047,284.66668571415573,375.1649347484434,428.9610087150033,467.68644918815335,494.8515434107664,462.7682964580429,444.7216357523705,459.16804586346433,468.00014870913253,359.71981076117834,404.1101548186621,436.83041247004945,396.69996181718886,346.547548420503,301.8664416189705,344.27235726960157,350.1117627626403,383.67124607512227,364.4189214674519,317.52991907948035,395.83395405490734,382.8511654433135,329.4133476474089,323.5675782092596,274.7502887417375,312.5272971011933,412.7268507115127,418.2311044160605,457.50950569162376,371.69298550023063,432.42242133956967,379.58580029164125,348.9162593169815,381.58073157601154,288.87092310503573,427.2044965031773,285.19176226269104,336.15711202103284,305.82833238536494,342.30946756169266,329.2612675905671,308.64866583297214,378.1687400263262,315.6111057413682,414.00126983534824,375.3640813905331,313.8504252429408,283.09425757186614,258.0823829912701,286.1618111224301,395.4227988760114,412.70808883151,409.7930749381361,322.1618788797222,364.17602016249174,343.312139869878,360.89703850794274,354.1014521962925,372.01427551677205,367.4644650518584,407.5269223313861,419.72238855378134,411.87160208829937,360.09425089783895,413.24852284442164,406.72031517465524,411.13763204992154,389.73971458021873,408.2351582697033,412.5182937442227,377.64288996410176,366.9501178664853,409.1066650865951,397.60840933875704,353.16864256042004,411.45007951432297,350.78056476623897,376.6358279884193,401.3804369071514,444.4572893804666,382.94882804265995
photo_hand,295.7502617314973,351.54815321002803,390.1830932504941,379.4511782363856,370.27434734471535,359.5614156056636,0.0,342.08011489832256,445.32539746931883,451.82204373883127,499.11637895573347,420.7826838472801,393.37433621163075,352.9174395413716,363.59871203103603,357.62611203165517,411.3297999612773,429.6739923775567,457.0489704993942,435.7399320728298,425.41829601575796,382.0396833966792,451.64969094377483,432.8406681128406,367.91980628856834,364.49715388053625,408.8634654538059,390.1428869710496,355.65903444203474,348.13508129586535,348.4943425269103,346.803592612175,401.7011697984022,414.2717211237761,354.73921641380866,389.68496918121417,368.08394876847944,344.37855232919014,349.1083909020082,345.9591992720088,333.86141312466384,411.4235551675282,399.9309483872171,412.1663508923979,389.0566311013575,400.0808821489812,393.5806939154764,357.51489223284017,421.14000710857067,358.9703016194149,396.81458341616246,374.2946130254706,349.71143940922303,358.80843481310666,327.6671838721747,348.15862171605124,367.38133281080906,385.3157044281402,365.58263728307526,410.76692693379573,384.53684058576874,347.992512727716,340.9326862458258,339.7931089601771,350.5778865224066,413.55407097039614,422.70918048887194,391.8787987905705,338.67928012174485,352.9521674313364,375.7035177764806,372.66026677375544,379.2408686920335,370.60012865679295,380.90485074747755,404.5901859527724,411.1316862127478,406.3048137702584,376.6091763071342,403.9515407183268,400.849894027107,405.2069895105082,381.0184761992987,406.05188425540615,406.0099095834001,380.37107723370525,374.9691120606897,399.9569962125519,393.4049925438865,370.2455984136655,401.2189286828523,374.68369915780585,383.7582902587663,395.83926549780085,437.9840330687203,386.5422661806981
photo_legs,301.8786423279179,387.5136339421987,428.8649077107141,426.4206148983954,330.82389714681494,309.02559674087917,342.08011489832256,0.0,459.97566172921165,492.38528520159326,527.0600576551078,447.11551606452014,414.54649051328784,380.0047225322962,316.2791883820171,308.01651511003115,376.60010696387087,437.3571929100431,476.53614162726524,484.8903003919855,469.8239097952025,423.039846713877,459.43497276687964,465.37501952350215,345.7279366693542,401.6212100202274,425.5702425544379,409.7278728141633,311.1543544708783,323.9463512349099,348.0220754991953,326.4894421712941,387.0715871038268,401.84834583753667,339.12729294647824,391.83033529424614,388.65592944896486,309.48607190711635,339.93586421013384,292.24317884632836,289.4986662548688,419.3829742989993,426.94405619872094,445.8153600438251,384.9485121938845,428.44797303338515,383.04997913204215,354.8087372611895,401.9639882606445,293.0799919292559,419.0339244139764,323.53233926270457,306.64268706803074,303.7482490209107,333.73947911998465,289.92974589004206,289.47587779712035,392.29311637488576,351.1110928489521,408.0476561302834,338.6803231123794,320.59119894295907,314.8763237450925,286.4813818555972,295.70264145053045,405.6779389869321,423.5914640733974,402.59850728902916,345.3776182266196,347.4751426962933,360.9590553930517,365.6963389725406,354.99625921880295,367.14558173207865,368.6772140374635,410.5107047444629,415.2182226191639,409.1566027321915,360.75441232090657,409.6927157916367,403.998501834691,412.5241602553256,387.3391687276703,410.17090324107863,411.0262436429723,379.2411190568603,368.77555707172365,405.6934992281205,396.5799673100182,349.8075611791992,408.88212499542897,354.2830959087282,381.118490282382,404.14837088388623,450.0053963784531,385.8375296354013
photo_bird,420.70132313557286,439.9110998745105,392.40041080337187,396.1122669769128,425.27368708852083,454.6094329147586,445.32539746931883,459.97566172921165,0.0,415.39378848087745,478.6219679579988,357.5298839182107,458.91310752259125,451.7213377032129,446.2903551053266,436.33442918833487,480.37110426549225,333.99537968468377,406.59945382676545,399.97849924178144,407.9490157957155,460.142117907039,437.5668601560496,505.18053594100246,376.4945966861054,413.7413103850456,358.74247648636583,370.80395882439933,414.48291963428017,407.7730198689326,427.47459438760876,411.64088832880395,292.6958029594661,422.57085952722383,405.4935764100729,343.7290635034609,419.9127358499407,387.6984896999496,398.89317051991225,417.38538255158227,377.43780702511816,331.0520835293482,377.4640371949585,365.38272846011876,325.7522535065783,358.7354849883841,350.47761468939433,430.15339469059694,441.9272026874898,411.5788846591719,350.19780316579755,419.85223791460135,411.54572381617504,410.63718857891126,422.719662505692,405.67666247957675,398.8590019096505,408.2653622820981,396.9701446227208,349.64682588658917,436.08749567649187,376.17597621908374,395.12763475974276,407.705257038478,378.4399750609458,327.81330735773486,395.7166635635531,353.7312475897312,396.1390084400839,407.69462129612623,373.9397382308979,431.9513989304816,344.7198212753661,334.2957545205734,334.4368940742619,332.5009948720901,342.4301569355982,333.9089554886978,337.42329135892135,339.77748688514913,333.19164600741345,339.7067458537826,331.1567404779566,330.7361027069974,332.1397847943072,333.2890888771071,325.2496074428898,334.0082023267313,324.57930422026146,337.3662608067847,334.43087480827717,340.98097058943057,344.5722395641671,320.1030718863347,377.49228153822816,346.47375360206877
photo_butterfly,445.4886144768457,427.4604631058722,391.04947951277046,401.34361226334266,465.63008333710724,503.42973462055755,451.82204373883127,492.38528520159326,415.39378848087745,0.0,530.6982891660657,444.2939533314715,463.50915901873884,465.0422321257637,513.9594635606221,508.6158022304366,547.3210798003935,438.973415663209,448.1387534903393,424.97825745783894,392.4592309743334,439.0877481923249,452.4349318940904,452.32875997314875,436.99198242835746,410.0228936166217,432.8747362329389,358.3839920380898,439.80631988235956,457.4337290963238,469.9494128479154,446.5500019562939,397.6067453322529,417.3471674841574,465.5399879537187,427.69490357274515,421.74683214449976,446.8474822801306,447.9617136386969,486.4654995801466,445.6500386851943,428.3622669179768,412.1687228979202,394.8921167013915,420.0616622895817,388.42317781968217,424.14878220494705,411.7060423203487,464.1467709544603,480.9770851056494,431.49793132673625,470.7193902297819,440.042252913888,445.89372602891,456.7380529759641,468.91551966839734,472.5458275439667,412.98574574830513,455.7345933820911,434.4630316975789,481.75873226907413,449.920442614714,464.16913958505563,474.8036174736618,464.8803413081135,439.83005981758686,440.359798631397,415.65046674552923,446.600435442368,443.23606145901823,423.34265750066476,439.6157188554959,434.0342217776121,417.0311398276591,425.5347908856161,429.66224713065344,436.88441741052077,437.2426060619488,431.97240274773344,433.8456163982827,423.6591223913332,442.42989897983205,411.49547550767477,435.5081835283686,430.1393672315313,419.7764133925367,420.3414033941741,428.47169699987836,424.31780664259475,430.30076370966134,429.507961687147,432.3365667307433,433.5513388917677,425.8468417605154,475.1165348164108,435.41533977263714
photo_girafe,500.93164938553133,509.2929028162069,488.94236124070864,482.71850428206454,527.0441054390534,492.4122806652691,499.11637895573347,527.0600576551078,478.6219679579988,530.6982891660657,0.0,524.64014313836,537.4880702873085,520.8293195005019,506.3337287167649,516.5967192913362,551.9954601878658,501.34477445505206,509.09856514665904,528.6267371736665,492.0260741706487,504.2550863380631,535.3587428900933,524.6605405294146,481.75636903558126,502.4617137134426,510.5192008739497,473.6154199605708,492.94466623224855,491.51216866849217,474.8615940251919,479.1222338409108,481.39800813042007,470.3460733206108,462.02432480470765,489.65065764541873,479.9371134976137,484.07207798030663,493.94926258520104,498.1921015505622,467.9002012925572,495.1174304813441,475.92474700631186,489.44766013844736,478.33971456634197,487.94763098808795,497.24275043965474,475.2637938298598,498.77727154859343,504.83301501642353,502.4228386033147,483.42224750466676,492.0581026872203,473.44029881498227,485.20199569482594,489.911889289232,530.4142831948604,504.0591347015965,461.9663197890125,499.9894267899909,506.2905692999332,494.2785616771943,467.96726876209385,490.25251706946904,490.8956835874374,488.2982241026541,489.20062105302134,474.7963723820459,487.15853985931153,487.16445750610876,466.8302951407001,475.7549291956331,506.8704068793175,498.92388942113763,501.20135761267625,505.76333928439175,506.3183741134537,501.87958056631186,498.3705775630002,507.28572692968396,502.1537799636963,494.99521587437647,501.880900236448,503.2649657081816,500.9911508922191,499.03702452793596,490.9451680683462,502.3786499773137,494.35923165057255,496.9386750525148,498.2952757519752,498.0680228241065,502.3738870345122,494.06010295221745,533.975826597343,504.64449679561653
photo_fish,410.692218579903,439.77476263996175,375.7369520400662,428.77483690940693,423.7566198521151,447.1915166465512,420.7826838472801,447.11551606452014,357.5298839182107,444.2939533314715,524.64014313836,0.0,460.6508409110192,445.82222189523804,446.3711609796788,423.40815673637076,475.78766283990035,322.7153800333899,396.89515143935347,372.971507712622,388.76843596279696,456.1650950807431,415.9332229928398,500.71368849987533,404.1864211120681,416.18837006176693,299.4514869406866,383.4624765983713,424.2580656536915,414.3786792242832,436.98238359808295,429.2828186549354,355.44014699159686,412.34599415584023,415.3576904461953,279.3626962869925,395.13869899827637,393.95806035652333,408.84543837449274,408.6493987279005,372.5198936123217,313.53443480341156,330.1187930314776,349.256677385546,294.3706870320206,348.40340812359347,315.4744275339483,438.29188492076685,454.4937702725962,398.3700259832062,304.5301968045187,428.7096021419356,431.52491188383846,422.77553945695985,430.8355194380656,410.97014819622973,399.63951513667536,404.5678959558533,398.49215194753316,282.8607127804781,431.8719049445587,370.74492947344226,403.60703424345996,404.56885749161154,374.7838515897801,322.96478272891943,371.86202678811287,352.69369121874064,388.49498534040464,412.3150740989901,359.46652735699354,444.6841784282704,334.51379254179034,319.42792860298397,328.0358311394629,322.88076494773344,307.61929775340093,303.43551096850524,328.85698392853857,298.9433495591515,296.9600195180114,325.2527899698102,313.2250880401926,307.51607794157167,297.8035066197981,318.53487611398754,323.0456895321243,300.0692942350742,306.0535257549077,334.72478399327696,299.2516055104905,328.90373430614665,342.3534517127764,302.2570237007957,355.1014347398086,342.6431391608939
photo_cherry,387.8616998276723,413.14621086198645,431.79379330006327,426.5769441903391,370.16506777164824,443.76925692268696,393.37433621163075,414.54649051328784,458.91310752259125,463.50915901873884,537.4880702873085,460.6508409110192,0.0,377.82420346964324,434.20871719513934,422.7767969117293,462.73776432664755,452.57716888932816,471.7898488886286,446.0156141063864,473.8709217380648,419.0084937575909,424.3017957695715,452.8214181923524,403.97984778181484,418.3140639167036,446.2094571302545,436.34903029161416,362.2565515183621,427.47092952156123,425.93242826564637,382.082838480396,420.12087830116457,439.1810596472154,391.1719620277735,414.96543549717205,409.89449913073094,374.2450968438848,436.6341094401744,400.6701262218872,380.12320732989184,438.92696587863816,407.12921262892485,417.5393685201021,435.3046122177869,406.85316209694173,401.9337000356458,398.55530275317454,457.6746726935231,420.3480380660894,437.99049590504495,448.6560343285955,379.44722475621467,414.735329270237,414.1621667967935,385.65206207376394,408.4776592166361,412.4069541023157,399.4271212314932,442.6536728183064,389.3662994747504,383.0390853889216,417.80537198587217,405.4473377906019,404.1035937715766,445.2754557342336,437.56368781047604,427.2269350466733,378.74032427075184,393.90748712915894,426.89931156575364,415.01065035330197,412.87563600899495,409.75645454419833,414.23710915362585,442.88831118124176,438.79119516741105,437.69690767767617,409.84085545308966,436.67480557520514,428.0128945906804,457.0974024846175,416.4583978142529,438.1694522213409,438.75538909126954,414.39000273744836,407.98050830939843,431.8189046319623,430.29842127054997,409.2966858299999,432.4258066784294,414.30504981619345,424.59420548711273,431.87083445626826,477.56072018423237,429.259979296789
photo_tree,316.57516878377123,381.4702585654676,424.64582404762945,416.435888244671,374.36805272375744,408.42196670634854,352.9174395413716,380.0047225322962,451.7213377032129,465.0422321257637,520.8293195005019,445.82222189523804,377.82420346964324,0.0,406.3526103534411,379.04169266052,390.9983987403547,455.592648101423,481.69291238383266,444.75957458478916,457.59190069313274,391.5813088206372,405.0981500073571,427.353522086349,389.09949790462247,409.3955933612149,453.98877242775194,418.23070686895954,342.87156843345355,382.5192704315528,414.4944090801708,358.68511118026913,399.9623987701757,439.0356302616933,365.42971884386947,410.981032306993,404.74276174972294,324.95884635361324,413.8292002548207,375.3692328718621,334.7250934182182,447.1942203721515,424.12748387309176,420.1187173221591,427.29499358606773,416.61901037677217,405.5261576637298,373.09986204976826,453.91673741298274,389.03169981920234,443.02551037192825,437.13996413205496,350.27669668839064,375.2343448878184,359.8546651907472,374.29700289424915,391.355862421964,414.2858131592689,398.3605437536486,444.4012863732478,383.7848821182008,354.4167771660679,385.2428989293826,378.55261799623145,381.0752536840975,447.09503129207206,455.85253763386015,424.2858308621475,360.36759167682936,375.72710927953545,425.62907270443424,386.2204215573722,393.9752481626817,400.0929937668276,401.93324535273007,436.51593937138915,442.24334518245377,439.10974441831587,392.0276210755078,436.8715239461246,429.2120616039344,441.23562631134655,412.10128711046247,434.53990302697525,435.47994813893825,410.4795982571853,402.57733676870185,432.4257751706956,431.95578922049,389.77786201836847,432.9754721471101,392.60185558655087,416.73238669724924,429.7659909003718,471.3134142866121,423.4233416651441
photo_flower,347.95039593226835,404.13636660281924,443.1422385507924,437.3746876725809,339.34296193496994,287.0421565319047,363.59871203103603,316.2791883820171,446.2903551053266,513.9594635606221,506.3337287167649,446.3711609796788,434.20871719513934,406.3526103534411,0.0,253.8927164157561,350.73515565653605,427.0510591578497,470.92300949412794,496.96698099526867,475.1327393360168,451.8646180046736,467.344263215676,505.7386225338731,337.799914992309,415.07912454697464,431.5019935855855,400.6184912912672,331.06459149727135,285.07822485217713,332.84777054117285,356.90353544737803,375.06411442185845,388.2540358307749,315.0198276598801,385.9493148474718,390.3090337535441,302.3475997127155,324.57069609396797,232.6322903521664,290.28117508844673,409.06241625793075,414.4716674943343,455.6496857017592,364.21398693457974,434.3141543527375,369.92842286964986,396.68176266253596,390.16062837067415,255.7055699924213,422.43504272107197,315.82374763067423,325.06584561971357,302.46797133359865,346.12668717211574,309.56005924399244,294.7859903505186,384.8669562705199,326.06369252166655,403.3090655217966,359.9653702190233,294.99026958842006,264.16084362201644,225.3905788553812,260.7131095886324,390.57130451156905,409.356051558764,408.0013167489635,306.177560272997,355.0264205994738,338.7884786594548,387.6966607803973,349.54399336973324,366.20582369688765,361.7881506994638,403.1949025888401,414.32852307650523,406.22803931848824,355.3925312114038,409.5031868300523,401.1924737446737,411.78215274089916,385.272178453621,404.32131255847344,407.0698657394374,370.2355525317358,362.5783045015051,403.1254866225763,393.36301665829234,345.82591628421005,407.4220318546072,346.1155263839317,373.9206163086483,395.5036292573944,440.5945923507816,380.2064163070649
photo_carrot,336.2232808094208,402.4243275461639,427.9007870412685,429.5573634614509,346.78331925012947,284.66668571415573,357.62611203165517,308.01651511003115,436.33442918833487,508.6158022304366,516.5967192913362,423.40815673637076,422.7767969117293,379.04169266052,253.8927164157561,0.0,299.61244775235286,415.8684903854876,465.74141127999314,491.211228492545,468.53538302414796,446.5112355563561,444.548650730554,509.207001618795,349.976333029136,416.8280294471516,428.9368644021165,403.487166019051,337.17870870899185,258.4109367653373,350.2794100117635,353.9330939715821,370.0548515256771,383.29670106108244,308.3867954040033,382.10299670813333,391.282825743993,292.6884452479504,327.5616281101002,188.63328946947928,286.1649437331782,402.0984527180435,411.28150399767776,455.66763385876953,355.64792633114666,429.32210879489503,363.5135785244871,398.39941711512705,404.848407842725,244.26478064292044,420.62327628459917,339.7380838302804,323.06949420870217,295.1961126702665,350.5249345960313,323.62797489099387,277.3335268716877,378.23255058442,319.9726601620788,400.97496635478547,351.55635966026824,274.60203339440847,265.471707960655,194.33606825482508,231.36430713034093,383.86826841490523,409.6230268682936,411.74599761478424,325.7587357065825,345.21607978507615,351.25001603845357,399.0468056424783,335.123156888779,355.45498778176903,350.8054662140623,394.41487073591287,404.465809971615,395.35219502486376,342.27494662511384,398.2106145976865,390.45064347049805,400.69901598190756,375.1471008966792,393.72582989003945,397.1896279352142,360.02044201049995,350.0604914271663,392.9593306490465,383.37843467767794,337.051006275508,396.1560510497776,333.0491582769536,363.9617268972285,386.13052554344347,431.8344591465666,369.8278029838896
photo_watch,384.44077296986893,448.17949832066955,488.85779896390477,483.93357400039747,414.95359713782307,375.1649347484434,411.3297999612773,376.60010696387087,480.37110426549225,547.3210798003935,551.9954601878658,475.78766283990035,462.73776432664755,390.9983987403547,350.73515565653605,299.61244775235286,0.0,485.7570433206311,532.6674768857876,521.6182029503349,510.75099476039895,479.18006416050065,462.1600953481397,524.4972889872679,410.16028950622837,468.9482218691288,501.01202231856416,465.2718106316272,396.4921951739201,343.3082008076456,418.95483576124354,404.5417211860658,422.1811549321021,467.04460948348327,392.5650671366077,436.6000695988276,448.03248613778743,325.4885341701724,391.80891165215314,311.81505196826447,319.86577741957666,476.90066099419244,475.60698839178866,496.14834660919684,433.4636436495948,474.41131897789404,427.2110700088538,434.5518601291067,486.2368184465752,342.5133930592694,485.86834495132524,439.7786967665269,389.25955674131677,382.96241774827365,409.777896077538,388.27893663897146,369.8981470542776,449.9095318138073,420.38712387456195,468.3498819461946,405.81485355277584,350.80136304911156,337.90223320126086,331.0247855513332,333.0465490867062,464.9022964546896,498.6659656934395,471.6489901842097,421.79064121565443,395.79410673959563,450.9763255166819,441.13394375399224,414.8138129074146,426.3673030544729,422.14927669775,460.6043063462505,469.54662854209175,463.1456810179851,412.69744438602737,466.5489213360041,455.4992570504433,462.70634967383097,443.61148203419594,460.5724321736623,461.5487322167067,431.8466627880535,426.884027698813,459.3285857734052,451.3790181087052,408.19999727302223,461.59101112980363,410.3100782229687,436.2937378932478,451.3827668293861,494.07815719710794,440.04344457501134
photo_key,406.9697755772081,428.6310279049749,369.0080170148264,430.1260501737022,423.24889654640623,428.9610087150033,429.6739923775567,437.3571929100431,333.99537968468377,438.973415663209,501.34477445505206,322.7153800333899,452.57716888932816,455.592648101423,427.0510591578497,415.8684903854876,485.7570433206311,0.0,376.5360616094098,388.479889779433,405.07445654975857,460.9294706199983,427.6547694758767,507.00885339018254,381.025767540293,380.14828746129456,240.69689290364124,381.5685907665308,411.10970542810264,397.2522747254398,398.43904279761796,402.6802702190116,313.88450059489844,395.34410472924475,393.0424056092642,288.2162326260263,371.16816625809935,382.9720001296092,378.7722204636368,381.1910181114916,366.3878184017121,174.21318926747884,321.81323371364294,346.47236424476597,280.81734310686875,329.4517139129342,278.1348546664398,419.0935309517962,401.70546701167035,363.7411856630335,241.1434770083817,391.7415212491496,415.752500493783,398.7780432236391,398.26918694752425,372.5156699684128,345.716174989437,376.5176767222535,364.5880998499042,283.33832579457066,397.44207440037894,349.0949645511559,377.74282202273986,371.9231411650137,330.4023375612939,189.37807477157637,321.15417730088797,331.72615499294994,347.4762140746562,378.0960038469897,338.84082337572414,413.39638760144885,266.1114765185804,252.3186225973584,248.74760160659568,240.87229634490916,228.7710183194929,219.84357280543938,265.3490698261499,232.18640908741241,221.82589492289168,251.92305025787195,250.99886222844316,227.50507477399034,222.30404248151865,247.76044788017046,252.0700005237944,218.95513904137536,216.96950819978932,273.32874276969943,222.3157285127994,269.1595505858352,257.13970393320034,222.37352370557872,289.3308720135402,258.43062358560655
photo_truck,435.7059803008122,441.02177897494477,386.64103077510913,430.09111354831083,450.8463844383107,467.68644918815335,457.0489704993942,476.53614162726524,406.59945382676545,448.1387534903393,509.09856514665904,396.89515143935347,471.7898488886286,481.69291238383266,470.92300949412794,465.74141127999314,532.6674768857876,376.5360616094098,0.0,414.3229071038166,406.37259793422794,440.7325495719332,446.26146410635596,488.58535179288674,408.02918088302863,425.3507927571584,359.37339046175543,382.2211518198407,449.51510882058494,438.71163069951365,436.32700082692526,431.2790887913858,389.88019313784287,424.42904335774574,438.1713050855,364.0174538125007,420.8017244156729,424.97651203975903,443.9774631116864,439.04374239420713,420.0318595104204,367.11297102254616,300.729220901852,354.66500970497236,384.7599134128507,349.20099848812055,363.5094628494779,434.7909940813037,420.1369342827777,425.2920463961316,374.0254932684466,427.8745072514774,427.4780862007897,427.83782782542585,452.91910660644214,423.7931232977706,430.8198877059503,414.8775485349362,411.6369655512179,359.52237171489134,436.57351809293,400.4184412003811,432.6705096446572,428.05425464493464,408.2670729835369,372.499220259272,275.6430669122538,343.6245002767808,403.31111439125567,432.38420448169364,384.5510542449964,442.72006893059705,397.4481097708128,392.90491476257273,394.93451297193815,404.10522239680046,369.9029448730096,376.8434163042357,396.3315738852512,379.5219621578991,374.3615641265034,414.2105240570621,393.26854407061984,382.14904085859473,381.56770155560565,394.55481555593303,384.5929892863317,379.5339764979598,382.7655273406328,398.0353839503958,377.22065121662416,398.9163769326763,408.6624910879623,383.555083002966,416.29944989888253,411.9099000010207
photo_velo,439.0191207412071,458.5079877623264,409.25734800803446,450.97884232908984,450.33485350060766,494.8515434107664,435.7399320728298,484.8903003919855,399.97849924178144,424.97825745783894,528.6267371736665,372.971507712622,446.0156141063864,444.75957458478916,496.96698099526867,491.211228492545,521.6182029503349,388.479889779433,414.3229071038166,0.0,426.4800368097196,459.5923043831094,385.04093535322426,455.96362740349224,399.72084864456184,419.4572464930039,379.81373899176725,410.175822661899,438.0789764652998,471.3237601704108,473.99322738449285,454.2975819137227,384.09274062311306,454.6843530371797,455.66802697593823,349.31856064090965,414.26233915028246,415.10049440375553,455.118143658256,469.9924880587374,409.44277106859,381.44574610027894,340.38167905498955,261.0704487193366,389.3349994354116,347.33656778482697,359.73374590756924,415.0176031468498,485.2837568714287,464.5402360631456,375.2328113710733,474.7682484116636,438.91039964945645,454.0118894532128,444.6073275556262,453.45926723600905,457.00499079558455,443.12241679740464,450.08928544930825,385.24765744584874,460.34233851552665,415.4745010965824,449.8210901495495,461.0317035844399,446.58085375154667,402.4538401855158,395.94440154025017,328.7068812193252,421.8938198157486,434.1760488316806,401.3737855189897,431.6999815117812,393.76882644291646,372.9902770745319,385.43968193226834,381.48601221291347,368.0449295417495,367.8619143211215,385.3737421489495,362.0984583619458,357.15456416727096,385.08074486122445,366.366394651154,373.12195129787057,361.03212171389544,376.8070934119498,382.4437913777897,358.0886573362304,366.4682186702529,387.0971217742995,361.90973510941734,389.55483840904435,392.1553095083183,363.9585579860198,409.99744320787664,390.1131302598144
photo_road,422.0938685583888,415.9047571748678,254.71548421412453,355.59131009924863,456.3692108088711,462.7682964580429,425.41829601575796,469.8239097952025,407.9490157957155,392.4592309743334,492.0260741706487,388.76843596279696,473.8709217380648,457.59190069313274,475.1327393360168,468.53538302414796,510.75099476039895,405.07445654975857,406.37259793422794,426.4800368097196,0.0,409.53894196552926,432.153383975391,430.41629950725553,415.4308852834717,427.1868679326139,390.00011748038327,368.3554031241873,439.67015428734254,429.46135804483885,447.7587853565459,430.791886020037,395.14911063341964,368.1159878370693,447.5950945441786,385.20994212914235,371.23633864345413,429.78750535875065,418.41168217739795,451.75042257396393,424.9064549111515,397.50267356415407,384.9030886473431,372.34950351183187,372.2881281856706,356.0166980294856,412.02599855020037,428.9586059562738,429.75792732979494,447.00266379194176,397.6449633202418,456.83174223755003,432.4485194936003,437.99141107600906,437.6371013841996,445.1433018394657,451.8772438388438,385.88848875529084,440.9584582469251,386.30724297378663,458.3821771059321,427.94996896779264,426.76751669867593,442.6549259775978,436.24371894377526,404.2896363751934,397.87414319542773,372.7532167678889,422.7945148046172,425.9581329616608,394.831298159923,447.5290485028931,433.76250342574536,416.68775737983043,426.13457932842516,413.8385905424935,405.6554605674827,399.8672282585997,429.7558657259901,401.7631623568193,407.652924281064,404.877931630311,412.61979435887787,401.7411000170435,399.26021637659727,420.0948992405364,421.9732660795665,403.0451723816496,402.875050673084,425.7240809860256,398.3225582366958,428.5329994161411,431.1695821583644,402.6411023164103,439.7464793585043,431.78595475748364
photo_house,378.6998671219971,315.36430770213406,388.56374415111827,373.03621739239844,422.1803631359149,444.7216357523705,382.0396833966792,423.039846713877,460.142117907039,439.0877481923249,504.2550863380631,456.1650950807431,419.0084937575909,391.5813088206372,451.8646180046736,446.5112355563561,479.18006416050065,460.9294706199983,440.7325495719332,459.5923043831094,409.53894196552926,0.0,444.26770314091334,406.4213910779702,415.70846298382895,397.0173551719164,447.9638448322807,409.2144020660633,412.7833622107471,419.60132145831204,434.61794568149855,394.1331000802529,432.2059577050832,432.86862509145647,423.5354804012696,433.6910567494446,391.7763803125259,414.41745968895873,422.79623828032516,434.75384402194305,410.2228355096204,451.75743320421424,416.67096881827473,417.4061030075418,440.0664537401,397.9475684012288,437.12802394883596,404.5029589385512,425.7574798906369,436.37129490452946,454.0663958487644,442.71527551104936,407.5813581527265,432.44534774120643,405.8931326947207,426.3744502492262,437.57574271991837,428.00296212747514,428.24733654636793,439.6091092544181,400.50259833374537,426.0849614794635,433.13424060657167,430.935024054359,436.6239310356567,456.03299735512167,435.8980872242739,427.0065612023416,398.8860892358093,375.6649197190617,431.92512056959436,425.9456730524157,454.1424523806662,444.0522259901407,450.0983917175649,462.2564520032482,460.51290200082184,459.3816941615021,451.25007873857214,456.61898679643485,451.5046727204323,469.51732117348166,443.9381587174633,460.0772418377716,458.6265266745166,445.45034591006413,444.05353217298045,456.33816944480054,450.75305624445497,450.2378206364903,453.9861164809208,451.469077572317,459.3760223845675,452.48448605580063,499.02240205096274,459.210030947392
