,photo_face,photo_profil,photo_eyes,photo_face2,photo_walking,photo_standing,photo_hand,photo_legs,photo_bird,photo_butterfly,photo_girafe,photo_fish,photo_cherry,photo_tree,photo_flower,photo_carrot,photo_watch,photo_key,photo_truck,photo_velo,photo_road,photo_house,photo_mountain,photo_windmill,drawing_face,drawing_profil,drawing_eyes,drawing_face2,drawing_walking,drawing_standing,drawing_hand,drawing_legs,drawing_bird,drawing_butterfly,drawing_girafe,drawing_fish,drawing_cherry,drawing_tree,drawing_flower,drawing_carrot,drawing_watch,drawing_key,drawing_truck,drawing_velo,drawing_road,drawing_house,drawing_mountain,drawing_windmill,geo_face,geo_profil,geo_eyes,geo_face2,geo_walking,geo_standing,geo_hand,geo_legs,geo_bird,geo_butterfly,geo_girafe,geo_fish,geo_cherry,geo_tree,geo_flower,geo_carrot,geo_watch,geo_key,geo_truck,geo_velo,geo_road,geo_house,geo_mountain,geo_windmill,word_face,word_profil,word_eyes,word_face2,word_walking,word_standing,word_hand,word_legs,word_bird,word_butterfly,word_girafe,word_fish,word_cherry,word_tree,word_flower,word_carrot,word_watch,word_key,word_truck,word_velo,word_road,word_house,word_mountain,word_windmill
photo_face,0.0,13537.527954345254,13986.556089755974,13155.03628561559,14803.723261462428,14229.373670467045,13951.001875366694,14436.989145410762,16398.469590001896,16863.188413740107,17258.05953631156,15831.435490500315,15515.203310737112,13948.418704221367,14275.734978861268,14540.9005087195,15624.507093275828,18309.19811632505,16458.186221859203,15768.847990649088,15291.065998296086,15515.043647252432,15954.875046673782,16389.31610581567,13294.391136102608,14284.128406343767,14912.002878659825,14274.940143929876,14944.806099326937,13769.574867589945,14967.662459750163,14966.839753463417,15299.569320825993,16098.568152903743,15596.855258185118,16479.146554698276,15953.938592540453,13994.365920971784,13977.432282811114,15160.111915261614,15693.87091468818,17317.592006034916,15319.305682265745,15849.993896605669,14590.658726425174,14920.635066156272,14463.919958685443,16778.177188359965,14490.061052466874,13837.21944270532,14559.087872831626,14628.838212476134,14798.741320452758,14357.39234975921,14119.71809493268,14088.12545405988,13805.679682270504,15638.781945677043,14429.094175702769,15377.002703162081,14979.165647160635,14310.876064102817,13964.481764667567,14027.277539727482,14427.593720114543,15497.931286984038,14393.698162670433,14830.04680273086,14819.181904368828,14093.445767684485,14778.142053612602,15690.376951308228,13805.977861520394,13867.860918749107,13414.034678964834,14341.706658312945,13956.46138883239,13847.488067069422,13781.371607397848,13813.908256364284,14095.380542523037,14355.788809176105,13687.018244607338,14277.102602824341,13664.349020187214,13650.594164146047,13797.070070244663,14524.936107797215,13733.925079945026,13944.466969076537,13867.113610622342,14058.314790144706,13753.78755090311,14044.878890796728,15086.875908195063,13686.966149057884
photo_profil,13537.527954345254,0.0,15102.533120884189,14763.339406380344,15666.414091728742,15521.2924216503,14982.352867436432,15476.409181611385,17182.40710424018,17495.32977177416,17828.227150803505,16658.116366790604,16224.952105860042,14991.583469764155,15778.186881936726,15929.931484053834,16775.428380902595,18775.200132971404,16885.462261702778,16386.383995405766,16208.52592199917,16032.757648373576,16621.56160313834,17067.8489837342,14965.274492354909,13381.7137933077,15864.598603276228,15462.092182630824,15958.538631206644,15277.278630554854,15871.950382674248,15617.748078289525,16264.232629507991,16778.269150338063,16395.44261175234,17179.551075014435,16676.416859247747,15269.975373541774,15058.211219888286,16433.429622450283,16722.96719288612,17840.673113710924,15881.689832222464,16422.76386633182,15616.544283309595,15678.449466947453,15467.461641217087,17325.802841734687,15551.851242953504,14882.004833956284,15629.96935841394,15702.219524136057,15898.607175918416,15549.80528039701,15098.901309741934,15314.794372911561,15065.030707219341,16350.044526872025,15365.963706680192,16271.297980319097,15726.812878608787,15461.245635849004,15206.617537551108,15371.365291341323,15631.790260245985,16280.303639983478,15129.102989135989,15619.11055049793,15726.69989310219,15094.012072994828,15627.40826139166,16434.48741902178,15096.120747744195,15083.11833897494,14684.454057062992,15446.095215132877,15052.157606267967,14963.295721433778,15077.701767459968,15028.548091748607,15246.94999855591,15559.329972297824,14865.878473570592,15391.072777282805,14808.443215948098,14914.741733761877,15018.91020302418,15538.242209722173,14907.902263501896,15131.217423362483,15019.699438699077,15323.975085194756,15104.807827279166,15166.61672874756,16079.209887908124,14984.384908643182
photo_eyes,13986.556089755974,15102.533120884189,0.0,13874.12034494864,15972.168036402003,15689.412777785019,15106.810300863599,15618.270225211554,16571.69135213609,16780.085834359106,17748.527190384666,15964.253931810774,16454.211969461325,15374.791982480225,15736.628004218326,16215.298673614234,16941.41359659994,18117.52049811357,16399.556725925802,16147.123233482665,14847.473784420104,16247.355371398675,15773.262080157157,17138.250046601846,14823.034705043036,15262.290929661018,13851.253393723991,14333.026148827475,16223.89307772246,15126.453666907219,15932.728771622029,15814.426557683524,15511.895154522124,16170.81584839513,16645.26362527613,16495.294222206383,16383.101720402505,15159.524408803216,15034.207717850135,16636.47861209117,16740.397745658498,17113.24316989276,15295.838311919906,16002.549471536031,14508.329755395014,14757.896787022453,14666.377439444337,17466.105413209654,15230.247536731222,14954.680163640614,14431.152578383328,15305.677899890667,15797.195202776322,15462.176071650914,15164.564598049255,15246.720635332256,14956.721369267341,15832.141734138497,15161.066984964318,15458.858621404697,15812.139468825782,15361.125200751356,15065.349203699776,15236.40596535915,15390.219933399361,15396.227307010224,14358.5728387909,14949.514550028702,15783.980547560286,14975.611141688643,15212.716041670325,16488.229097600182,14211.372382807285,14195.922196357498,13860.915087211506,14588.02293174847,13997.89711106128,13876.266157462951,14175.174329376543,13931.56490602868,14240.489447317397,14507.873254012777,14056.725091823855,14302.562431777196,13751.42486288497,14030.839149021092,14170.168867978373,14611.883625808065,13962.929464858973,14389.789885030801,13977.886880301112,14467.783329995955,14185.622474018113,14139.696480056698,15107.77061851788,14015.005905227854
photo_face2,13155.03628561559,14763.339406380344,13874.12034494864,0.0,15617.853469169422,15151.331416454717,14572.84336418051,14988.017561182063,16340.66193999345,16876.24757412686,17276.66238621615,15916.233748684119,16146.646239604546,14940.733783279537,15229.78206201733,15628.31776876206,16622.23225141555,18428.04858509005,16395.834336492782,16130.264188338204,15171.654202998328,15858.775213481162,16176.84668698516,16843.940778558586,14037.714187947984,15035.106959905557,15171.123615192915,13241.388181303355,15783.875642858393,14774.71290097836,15687.955171092823,15408.061434590269,15556.838448444681,16230.002554698014,16244.698287079707,16730.702823932137,16465.2088841529,14980.551718320541,14685.909876294765,16052.135306195283,16527.723468116164,17456.048263558136,15393.997774918626,16066.59539923374,14825.393306524385,15183.830184634737,14785.996247449299,17126.10821350998,14824.578646798365,14660.769689482942,14929.41359296984,14922.573670274478,15372.529940075014,15067.49028841708,14876.64911620157,14918.316960905886,14894.447151548966,15820.230940885098,14996.433970925444,15620.214700840346,15585.782138032075,15203.541662716465,14799.128115653395,15037.347568708274,15174.467345591313,15749.358858727697,14554.768558205891,15258.754662351295,15419.528007524457,14967.374848834412,15285.9867235534,16237.992130977476,14399.408377647005,14429.722156789105,13998.471892569272,14649.48126624549,14304.698829755242,14230.533317039097,14334.906668667449,14218.772399307914,14488.52379332856,14676.845883099732,14180.009129859967,14614.748890322791,14061.339512124881,14178.563978196402,14397.452916514407,14896.210511605766,14230.448119780423,14415.164416487452,14273.49471643388,14580.474420201714,14348.164735875698,14419.855558899138,15352.967647475087,14211.273650133824
photo_walking,14803.723261462428,15666.414091728742,15972.168036402003,15617.853469169422,0.0,14918.98132663749,15253.915652018934,15084.921246864862,17438.034445442125,18145.103888590067,18091.445372273647,16926.469704858227,16069.374574542784,15158.747476789555,15294.948396809796,15790.735513366784,16782.251983144943,19279.10488328859,17326.90483255466,16485.064925894807,16568.63741320187,16657.46997914102,16787.193935598087,17513.131771923723,15345.59114219325,15790.424361519874,16268.629213197788,15988.788664933114,13271.305430498573,15043.07895277178,16104.119686580018,15726.65445339828,16461.44492454055,17151.74073288047,16031.026328504386,17594.881687430676,16825.4294904007,15370.7324312242,15317.574855519928,16313.153949075131,16880.15800131025,18267.337425586484,16188.65541310698,16498.88316718627,15574.033238428705,16008.248500476231,15473.095196513732,17787.631572285478,15979.39849620774,15097.421063496293,15839.46286286088,16004.975887569688,14497.816308588826,15419.395387373683,15101.960871512349,15395.87766931296,14999.66535906719,16756.081964451012,15229.910917259567,16529.05029761786,15791.521735564107,15404.065173751618,15261.932934914585,15338.45977309972,15512.524578081324,16624.54920131123,15402.545647728139,15862.505638654235,15845.54432188732,15584.59249691434,15975.986548429446,16850.923816506318,15069.002977938395,15176.789660068162,14742.456661395823,15538.72404567508,15131.457132235899,15037.625683822596,14915.23238906397,14975.439998774813,15304.583093853038,15483.909526466805,14898.076231548286,15412.173543016946,14823.605825711478,14838.446482418869,15134.816281701405,15541.87054700054,15005.769345008815,15046.750512061724,15053.08767669786,15282.814417445423,15083.814886237391,15139.531352842636,16178.378455948874,14877.01884396805
photo_standing,14229.373670467045,15521.2924216503,15689.412777785019,15151.331416454717,14918.98132663749,0.0,14655.607407679478,14721.101137928517,16903.548724271728,17597.44803015857,17154.63631086784,16580.224475218074,16139.444922095501,14430.87320879825,13853.570460049104,14694.105882791724,16003.944924288848,18948.558487161954,16918.47341752664,16311.832919716704,16098.955692376348,16041.13013815095,16528.506829892052,16708.862382750605,15080.241610819727,15465.907178027412,15999.305172132876,15550.219995362995,14999.336462078958,13434.622045649177,15218.367052574948,15396.589945117417,16052.427234941706,16671.44478839105,15450.21096526523,17369.504196352766,16686.334061845817,14620.517517151822,14399.95130928281,15343.471000954463,16204.925115397595,17892.016775569457,15893.321545498016,16440.06748108933,15162.264721682994,15777.169743861514,15126.096016702224,17002.263951826582,15408.028798060534,14471.150296319807,15527.590386565571,15253.052807929393,15072.992712982574,14354.728748219723,14602.51703889603,14671.019879533938,14071.551937762399,16150.898188040546,14782.224604759356,16340.16385257202,15627.702460230039,14892.685245485716,14246.395156094108,14376.977293251028,14669.630301960815,16209.236727024978,15210.781878686132,15628.363512031074,15252.94533702595,15188.648860528368,15530.541361568365,15976.85203819635,14591.694668282398,14657.053073975017,14313.489607953228,15069.237153013832,14735.371761665452,14633.021064118397,14571.009289881977,14602.927951011681,14949.54856401868,15189.737811927109,14508.482015958101,15083.404666773824,14483.014478026229,14451.274652259683,14710.39664894023,15290.927585654108,14518.20279866645,14669.579120997816,14656.158799259314,14824.963908261318,14682.921606492215,14787.70718233445,15760.689032485008,14522.447912840218
photo_hand,13951.001875366694,14982.352867436432,15106.810300863599,14572.84336418051,15253.915652018934,14655.607407679478,0.0,14694.572215355498,16980.834687487742,17263.349267112753,17527.20850771708,16162.549472130533,15551.177320307374,14435.021073009668,14516.063843453354,14960.634946608281,16155.226829726533,18299.74510705782,16830.423926356652,16088.149897959236,15872.935261375269,15897.894376225078,16440.248706529303,16926.526612208425,14909.12233857837,15133.111653354188,15503.573247880217,15219.37928393716,15573.606668082915,14536.48234836361,13148.958192071104,15570.426167104319,16123.49976556704,16540.208794390655,15949.368923326125,16892.308947573038,16329.46566785476,14739.63161903103,14152.64086358985,15499.622703828296,16111.397386515628,17370.1596799523,15652.973082469542,16267.20831662764,14994.74699785259,15299.99280840459,14955.760657612898,16989.767632859734,15104.742548514087,14416.932217205787,15021.896834700756,15162.072931638402,15169.391600554462,14887.56854403634,13740.970763397563,14694.87532528905,14357.728185735608,15922.595066970287,14642.313318010982,15740.292200035306,15410.56026240837,14718.980747547586,14246.960625602389,14561.38761745797,14828.310234146356,15644.848478578622,14907.817256182732,15119.07512826804,15314.43469380903,14787.393802409875,15320.680070418734,16173.403526763852,14514.788934647979,14425.200264120744,14049.911945255168,14805.237459972326,14559.864036405925,14441.067355346675,14352.389457359264,14419.606404512719,14704.43288943302,14923.79606882739,14286.313413923104,14854.292274101559,14214.237194325162,14176.403677669308,14549.098302954644,15044.670191323681,14278.323484120685,14368.39758383367,14479.273421424545,14631.828070585649,14455.225132137353,14612.635581776069,15538.299673699876,14298.970415122356
photo_legs,14436.989145410762,15476.409181611385,15618.270225211554,14988.017561182063,15084.921246864862,14721.101137928517,14694.572215355498,0.0,17333.663689733636,17773.277596685486,17645.12928766037,16856.915512448435,15883.803139696132,14707.180721478517,14901.959541482252,14864.246247875679,16308.486816914809,19151.094934733894,17489.885033305,16523.80467141949,16347.498520789306,16283.337378609673,16727.089887778122,17048.211628835856,15002.301301791496,15733.160074088344,16140.517273857298,15535.010190840561,15411.139776205786,14686.77057505228,15576.829711299975,13747.021998289765,16363.30163596233,17014.089602681743,16054.807048041166,17318.700902726672,16914.017102738475,14851.40975357827,14966.08396867526,15603.725768843715,16411.24164680748,18272.618265177178,16267.38844790442,16610.104517487176,15645.671460676258,16122.485659610738,15548.023325975619,17223.80774204003,15603.41648324157,14520.134231129334,15729.851593638983,15379.176824317372,15257.606571469036,15020.752813023111,14813.013179035279,14597.9766795368,14302.374180626854,16259.533701001763,15086.859566703575,16450.98640110403,15449.959373490918,15041.337027107369,14764.901655113152,14621.197432580127,14991.88482277378,16526.738933370612,15494.592311840168,15901.253961759598,15621.18581383457,15124.081994982325,15738.779074597844,16270.660988179803,14950.297629129367,14963.278260624262,14580.629253320469,15332.893161347936,15050.16999394728,14967.5693980052,14885.885565548746,14867.19895441303,15120.26097616141,15319.992395227862,14744.777198297068,15342.546695305464,14758.259068421996,14780.05003847145,15020.432693660894,15310.220137592025,14819.545677921278,14920.823186509553,14926.37483701256,15108.929277438725,14958.740230170646,15080.908452944459,16042.465478673339,14783.962558597088
photo_bird,16398.469590001896,17182.40710424018,16571.69135213609,16340.66193999345,17438.034445442125,16903.548724271728,16980.834687487742,17333.663689733636,0.0,17417.650278039408,18023.64488514979,15467.756646442967,17595.297282907675,16831.089706335453,16527.93621857364,17253.3818920539,17788.753528612076,18633.151474378807,16839.081203610032,16591.309260519203,17229.738644447443,17408.893597824816,17430.824533025396,17845.44633696852,16665.49560291122,17067.741044273527,16697.02142704132,16568.611455504437,17745.165903353674,16825.151753502843,17481.032545217306,17655.288909127146,14089.645229189817,17461.853961771914,17642.634173433264,16724.02863544056,17762.52559614011,16909.493172232083,16293.489876180001,17660.96755093797,17939.069861159503,17882.94035707098,16088.031481769418,16741.66784428356,16232.82503205359,16238.666900905433,16176.14472982497,18462.997439400602,16828.22676505997,16708.603727604168,16177.862647998616,17176.94029305761,17293.332121850388,17032.644606698635,17042.906027693512,17154.020600533215,16586.149927896255,17556.39526863374,16738.00791141358,16201.45314368726,17591.545210109147,17089.383353053705,16613.39239835001,17032.91954990396,16997.855295666024,16377.127271540168,16086.802273682042,16274.78512958829,17611.76048003078,16963.160174015047,16773.649590994097,17971.780184501913,15688.231040575725,15773.888775629943,15447.018293558665,16060.829297365124,15881.17481618788,15644.545182833277,15723.218240914492,15757.972024914356,15976.068117222005,16011.256422925027,15518.47477557252,15983.770023894222,15613.430929894192,15647.60608068981,15742.895556543852,16192.488571429052,15660.177886088744,15880.840155791624,15675.591825309626,16098.45933406449,15832.739322242123,15765.304871441997,16662.851083029906,15594.140193583282
photo_butterfly,16863.188413740107,17495.32977177416,16780.085834359106,16876.24757412686,18145.103888590067,17597.44803015857,17263.349267112753,17773.277596685486,17417.650278039408,0.0,18668.140610675513,16956.826005434283,17551.755713420476,16680.029761480717,17135.367614552688,17785.661169859522,18265.718016145172,18945.380936533817,17776.00125949734,17186.29402048679,17505.832912908583,17640.29085743625,17404.35595315126,17732.544124033557,17085.408404798618,17470.500316655583,16643.098640386426,16487.29915078878,18091.825484740682,17050.113941331492,17683.86578332973,18013.21542428022,16567.351607539014,14367.240566601957,17779.419126744517,17655.841802679377,17295.243662346693,16958.78225610783,16583.320622849966,18222.338752539465,18035.716357152636,18017.597347699426,16645.318188669808,17073.55228091761,16534.39043193447,16507.600264540593,16517.996194705025,18093.05724708904,16810.974480774315,17125.721956346886,16401.625904295397,17191.727521943554,17478.48491275341,17070.876004844213,16977.633142472292,17180.700027546587,16897.185765075446,16392.512468889076,17065.774518213577,16787.778112996326,17332.635447614535,17023.08412920546,16852.392816264673,17367.608256824995,17321.64968586684,17051.13366256703,16034.393114214172,16194.711782948669,17590.685048287123,17002.902098595663,16696.47274482353,17381.12442209988,16222.285305833924,16086.624499434793,15927.3464250353,16424.36782667372,16323.519744725118,16129.050280368927,16168.55761744986,16245.378880632014,16388.621118939533,16520.751803326486,15940.339060822516,16393.991374315712,16031.384700685465,16191.7697501263,16292.77649738579,16643.738947085472,15995.241686842803,16245.084079425282,16042.74900594207,16523.38532436841,16366.376185715655,16293.874759950495,16998.042156764976,16141.470285829826
photo_girafe,17258.05953631156,17828.227150803505,17748.527190384666,17276.66238621615,18091.445372273647,17154.63631086784,17527.20850771708,17645.12928766037,18023.64488514979,18668.140610675513,0.0,17773.510497597403,18078.910078646055,17044.630863687158,16887.791671688945,17332.945665637224,18588.302312865617,20176.5840514217,17908.46140433632,17961.23091032975,17895.985004948376,17587.190097554747,18050.399765262955,18048.80668585738,17307.71403503234,17833.7132425189,17868.7022967751,17476.259401860083,18162.79840051819,17272.405707299502,17776.023805012843,17891.33368889363,17845.600303300587,17990.210583869037,15877.916467103347,18470.163891898064,18308.14871431838,17418.743670207954,16837.20977737321,17882.56215248836,18397.90585756535,19483.995350418616,17278.216654792523,17713.721325826085,17503.256507598846,17537.805784813358,17354.056086247292,18316.459477537872,17481.25772503602,17205.798388355768,17504.2927737478,17492.97205718201,17725.75842292748,17319.62478861058,17106.12792245815,17343.560512569762,17006.369519311556,18056.995850539246,16377.293466269048,17813.542862428163,17887.31556692618,17538.486144585087,17019.488420910908,17191.222187290816,17492.338085411397,18032.733271813606,17016.163254120533,17224.669439777343,17889.177584440484,17600.954782717945,17577.06805343529,18184.83407843461,17265.97734688683,17280.735579373344,16957.271440671462,17286.04223836411,17121.754306395498,17134.585251542794,17149.264061715072,17138.632218720617,17265.32564651116,17436.274951141077,16883.26213994944,17372.904808363866,16937.628331614174,17059.369844819077,17295.659014516463,17480.556815327516,17034.50179822253,17147.572752565102,17106.739931188084,17333.900458004042,17392.897982044666,17144.023878930806,17670.72176698617,17135.79642877898
photo_fish,15831.435490500315,16658.116366790604,15964.253931810774,15916.233748684119,16926.469704858227,16580.224475218074,16162.549472130533,16856.915512448435,15467.756646442967,16956.826005434283,17773.510497597403,0.0,16914.185706147728,16352.500572164257,16469.325692389903,16911.712921558592,17255.53528576815,17355.931203799435,16317.072572088773,15545.158320430033,16645.69960886235,16877.376935173786,16280.49476714507,17434.819534847637,16109.22898741311,16519.198285857736,15553.076361213249,15986.3690322779,17187.790402607712,16403.86991807248,16842.85801934559,17201.96140412543,14934.895045195466,16861.180203477023,16934.5991383164,13511.410826395524,16614.286116531915,16384.615507653427,15953.26130673014,17323.42853486057,17268.501838955028,16634.71806098281,14820.380853929413,15739.05506023476,15372.487246905715,15367.374167584538,14926.759723540747,17749.259930181244,16218.756932420105,16036.56449771661,15024.057500869181,16639.763515700102,16709.973467607902,16581.176494203755,16143.986473086945,16538.51723428547,15867.35245880112,16733.993439605038,16177.462609919896,13996.485327552153,16844.263578894508,16430.898053394667,16208.03371686865,16491.369311158684,16328.511520556005,15387.670071512268,15030.61031269864,15108.96874082936,16961.8615273256,16184.78623885953,15979.685136025964,17208.805040130792,14938.36428294208,14989.762015937498,14729.404028119696,15274.909404175381,14992.30670259223,14732.64425455987,14945.293889404951,14773.316609122972,15087.948179024963,15121.92868001837,14769.4704096086,15122.18819169709,14721.486093851678,14780.732276279914,14958.756209052071,15355.638183701303,14859.206358331934,15121.845458963131,14834.189652789026,15191.382553877213,15141.11666145162,14936.661552041447,15789.400239445315,14681.549528759755
photo_cherry,15515.203310737112,16224.952105860042,16454.211969461325,16146.646239604546,16069.374574542784,16139.444922095501,15551.177320307374,15883.803139696132,17595.297282907675,17551.755713420476,18078.910078646055,16914.185706147728,0.0,14970.645775763716,15779.164050058504,15422.65007207791,16927.963438823357,18754.092519793146,17570.678710989916,16489.251544299397,17077.653206442752,16653.869386586826,17024.102341045596,17090.96946722641,16082.944676958483,16349.5568695289,16523.166850110294,16474.679082146882,16443.68935722359,16214.205265159797,16379.376333562106,16628.483014012072,16800.223716382814,17004.271736217343,16297.85583824071,17338.24889447996,14800.036099754387,15451.837549457383,15534.408589803086,16318.523772521325,17293.05185734275,17871.431681071965,16286.695624762702,16593.4873785408,16280.915270813759,16189.710957163325,15780.15448712237,17169.78639540259,16095.062567688607,15800.165546817057,15978.600991416079,16310.411030080613,16116.006091003967,16164.316185572412,15364.540628381419,15628.519303310743,15023.090851923409,16380.094993403482,15185.478215887242,16450.32568132547,14759.0761750427,15599.995047397773,15744.171840233119,15544.641064252344,15838.407319652153,16349.114042793046,15682.790214347011,15545.24859111349,16498.430773021715,15744.805364239293,15956.917773446978,16513.87307661297,15624.035111580428,15536.0955460073,15217.586390993903,15877.596350505723,15658.503306156095,15569.849638581425,15428.192156897643,15521.97254374069,15665.154278176384,15905.361859330613,15298.635247511376,15799.126095021264,15380.596684132137,15342.528162325894,15474.786479583894,15953.657363945813,15533.163388104565,15615.966171949773,15563.297217032687,15698.521653510885,15681.277359801355,15596.495786236355,16442.742069028354,15444.952521880581
photo_tree,13948.418704221367,14991.583469764155,15374.791982480225,14940.733783279537,15158.747476789555,14430.87320879825,14435.021073009668,14707.180721478517,16831.089706335453,16680.029761480717,17044.630863687158,16352.500572164257,14970.645775763716,0.0,13927.352590847202,13802.998739779516,15427.876781086685,18350.908238030108,16742.30993769149,16176.367720773083,15755.5156365723,15476.248302984613,15742.077586520056,16376.950446916906,14841.464664720163,15455.29243538658,15681.213185149863,15344.022410016962,15554.38848675817,14514.800401163177,15285.633452649914,15389.163017735089,15981.654622700193,16236.14490388247,15374.937497447121,17027.845435042687,15968.52503744521,13018.901082379161,14287.279858747184,15027.928866614458,15616.713155325164,17328.064466832748,15409.80012799151,16320.905148876285,14713.55044136228,15385.007655070267,14464.740916786508,16839.101281238996,14985.78260008958,14270.39050866562,14913.560445581674,15178.317426599779,14989.017800656853,14572.667447144133,13933.777548032533,14108.385085182925,13885.10768094523,15412.730616077604,14451.811970764453,15612.984581775807,14529.555242475206,13640.055132424028,14108.163079258547,13832.873329966571,14313.8118231172,15553.341018810035,14544.08158472008,15104.292540965973,14695.91394372953,14328.599297305282,14630.460298455218,15612.902911496278,13814.54952592884,13927.41195720694,13448.963549881611,14331.050031761893,14101.920905648778,14021.550328837793,13801.635265883438,13919.836539508851,14178.574867349713,14444.066383775797,13783.525603866396,14371.318673267571,13806.517840702067,13649.786665160093,13934.641528054042,14601.750096104312,13845.93877114378,13909.609673207115,14077.795619536866,13969.327468532938,13998.920382307748,14121.728052129556,15051.811483809739,13929.244561075597
photo_flower,14275.734978861268,15778.186881936726,15736.628004218326,15229.78206201733,15294.948396809796,13853.570460049104,14516.063843453354,14901.959541482252,16527.93621857364,17135.367614552688,16887.791671688945,16469.325692389903,15779.164050058504,13927.352590847202,0.0,13243.92476523655,15455.028989378252,18775.771267347547,17159.22059024308,16558.617772737092,16055.822016806334,15892.635593202956,16250.680784270888,16641.5804894944,15015.032629786363,15674.76991393198,15998.692040103473,15342.050643484607,15428.790096854631,14227.84494173192,14886.39919426178,15753.793556913051,15821.180667181949,16385.06385482627,15174.59594642181,17130.86265548242,16307.497026160438,13880.779876897359,13131.949065588136,13878.682050027013,15921.323566618967,17690.127427489417,15967.771476799222,16550.797393304696,14955.570513200468,15494.111381611558,15048.348422617652,17058.42745024203,14973.467983544388,13818.006497813898,15408.470687527662,14908.057758979385,14898.872428706025,14277.198877391056,14343.479398744386,14320.790724329114,13622.46151375267,15772.960236021765,14522.04722806004,16124.740671789725,15257.422505331499,14399.823107848108,13362.01807062604,13318.520318772727,14421.373829055965,15967.381026068688,15262.485020480422,15558.781853716902,15101.854693776468,14919.667739212498,15342.447674545167,15986.411117311744,14230.128935918268,14351.661287349774,13975.038328401211,14776.334674962436,14522.524261680786,14495.237483013849,14193.86084840636,14444.558006190433,14695.784400406215,14835.901790561951,14168.157793615563,14850.990121195664,14233.991746106929,14088.131767779423,14371.329729553985,15119.517744610017,14273.0132443039,14231.450816802593,14471.560258537398,14459.084971118518,14402.001687223352,14554.886201765346,15423.890677129342,14265.80477439817
photo_carrot,14540.9005087195,15929.931484053834,16215.298673614234,15628.31776876206,15790.735513366784,14694.105882791724,14960.634946608281,14864.246247875679,17253.3818920539,17785.661169859522,17332.945665637224,16911.712921558592,15422.65007207791,13802.998739779516,13243.92476523655,0.0,15631.307997298667,19057.34266617594,17832.407214405244,16845.655091852896,16555.09621358654,16487.382595564613,16766.045243738732,17331.901786861592,15339.669738063529,16228.146049840307,16541.933038920957,15918.932705401641,16079.080212465879,14817.74670555131,15291.80779352111,16176.172066427758,16499.002678778517,16977.924540426233,15651.977568833283,17622.158244185503,16586.998584334284,14304.114245966566,14215.821552860141,11143.748105628767,16326.898600500122,18289.265168261823,16475.90696447018,16942.107801068385,15567.89243062269,16165.74536702127,15570.773729610546,17548.974182014295,15337.475277438016,14178.094170068354,15900.57914797793,15316.931732504001,15006.012670776136,14588.28075615809,14637.531358072853,14731.082875472792,13806.1108680614,16073.323405028814,14776.777181829573,16359.628218031217,15266.217359782893,14272.704682869566,13674.23112618753,12222.316305977534,14518.034653047696,16301.727247122746,15652.206386652599,15866.77571824604,15563.608689775352,14939.727596331142,15537.174704180758,16382.642628590482,14555.030208543089,14786.600701670943,14379.483149803254,15162.473491082399,15036.329630031147,14890.719664346894,14602.012725324017,14833.48545230157,14954.912905263647,15113.05970005674,14560.507003309753,15265.180098842564,14664.403671562064,14386.912857375373,14722.303494082103,15389.866549051552,14830.413308046429,14617.488634641015,14905.099121433348,14787.545826783891,14770.75066113365,14886.701043607678,15824.063153146815,14717.967482992663
photo_watch,15624.507093275828,16775.428380902595,16941.41359659994,16622.23225141555,16782.251983144943,16003.944924288848,16155.226829726533,16308.486816914809,17788.753528612076,18265.718016145172,18588.302312865617,17255.53528576815,16927.963438823357,15427.876781086685,15455.028989378252,15631.307997298667,0.0,19479.493925239396,18155.46195092589,17051.66688831549,17423.41506215421,17238.526769290165,17327.669710201346,17743.197552543512,16337.950416064063,16982.700942240306,16951.0792781134,16836.534168400467,16810.2335207967,15775.08054003362,16528.220514703928,17085.53554117054,16922.654971317108,17588.313691241852,16554.615205789545,17762.73229037004,17541.506401517785,15503.046879743611,15240.32242159635,16051.357778198291,14079.859319327688,18711.825310712917,16909.82551114007,17255.124699279717,16598.92749767188,16749.825003446964,16286.015584478026,17847.179198571765,16375.58954799302,15451.527540452553,16514.13309380307,16461.25764814548,16296.350598347442,15793.428212980572,15883.330064585547,15719.108750081123,15253.023692708408,16922.351475974712,15726.229848302,16974.208484444593,16391.324713787904,15652.979709278263,15245.355878669607,15357.011242451337,13646.455905440484,16979.52402441611,16511.70041930274,16364.106226635475,16342.417553206225,15998.230046550332,16655.323825484746,16868.429075291817,15737.729502481734,15835.943866099633,15504.432724785156,16158.067353556484,15996.49340497624,15849.474207721334,15698.859061147548,15803.229597552257,16101.875205009022,16181.810773495727,15718.515329122229,16206.60271630407,15827.12880567264,15648.021743442227,15789.549616601424,16481.946631026618,15770.093080638528,15832.088131924744,15941.148153878103,15868.49731588451,15823.17826660318,16067.198264889968,16821.239097323614,15703.698517177296
photo_key,18309.19811632505,18775.200132971404,18117.52049811357,18428.04858509005,19279.10488328859,18948.558487161954,18299.74510705782,19151.094934733894,18633.151474378807,18945.380936533817,20176.5840514217,17355.931203799435,18754.092519793146,18350.908238030108,18775.771267347547,19057.34266617594,19479.493925239396,0.0,18315.336270172622,18109.46209892704,18865.360992935988,19177.381469041575,18530.40191468123,19681.25584609919,18318.6071059366,18683.528374291458,17161.02235690476,18304.17648541343,19279.967839078763,18571.564373546804,18629.021872900274,19425.776913421316,17616.849019517726,18931.069153217908,19540.38384902618,17838.01446013689,18531.09928817885,18361.14762682445,17887.808001160094,19251.46544658242,19487.411161491385,13030.087088147224,17247.91353285723,17984.42503876417,17265.980813544305,17364.883134176285,16738.220886274237,19507.392432328867,18189.343335759273,18251.55121936368,16339.826479264722,18560.90597715463,18632.599996057234,18437.45084678274,18088.45116758866,18264.279144402255,17892.265082468548,18236.56409985533,18236.63878176833,16403.97532640414,18294.740322749498,18302.58168102748,17914.301634746535,18321.391594566016,18304.669800445306,13775.236469144202,16675.86580603305,17047.41248319139,18813.75058482678,17985.048061178637,17770.16394071156,18918.296301598875,16785.878376093195,16687.62465338205,16394.043867442237,16549.79947116237,16293.005759511927,16237.129780206817,16600.657192299783,16471.487847933724,16503.243929707118,16824.708766200027,16415.022420987298,16652.4268016518,16243.637976707843,16508.423419842857,16696.33382464867,16893.07551116972,16303.385696315496,16850.438401313957,16359.302853980345,16982.43045588938,16801.070507603188,16454.103525985298,16901.877269691995,16602.983287999115
photo_truck,16458.186221859203,16885.462261702778,16399.556725925802,16395.834336492782,17326.90483255466,16918.47341752664,16830.423926356652,17489.885033305,16839.081203610032,17776.00125949734,17908.46140433632,16317.072572088773,17570.678710989916,16742.30993769149,17159.22059024308,17832.407214405244,18155.46195092589,18315.336270172622,0.0,16504.617025193726,16759.22738130577,17078.311264364347,17156.65208290044,17835.425426750062,16454.65366682067,16860.732832902046,16307.94527203751,16422.1200694397,17598.658773283827,16782.577228568032,17438.724006842138,17476.459933426093,16535.031383592363,17125.927442619013,17824.35049172542,16833.79473232662,17145.43548129823,16908.40311661077,16534.582008945574,17849.454063952948,17927.522782202315,17600.687696822704,13047.876068919175,16410.451684272895,15983.204158445555,15748.277908203732,15801.76380050748,18036.825403618597,16730.94706577789,16793.486129799534,16081.44537764372,17107.1216210371,17183.751233155053,16906.528017936074,16624.64356498647,16863.343793113803,16672.18583700773,16975.790195580532,16927.518831089987,16162.209968451558,17073.80928038659,17002.772927755275,16745.54145346745,17042.298564456538,17035.11232108585,16467.095126924636,14169.309756572495,15885.469304934139,17098.573602528475,16973.79762795684,16331.600582182216,17598.84236108715,16145.609874517504,16035.459555957867,15703.974970555693,16096.54373030804,15644.118130528985,15585.947477130148,15993.14855940022,15734.820330198916,15978.867909311362,16155.962940270476,15805.91472534065,15945.595626944089,15540.793877411146,15791.736595625343,16084.558102368428,16320.618002048443,15738.311765586353,16115.851966949933,15606.922412922288,16226.01494447551,16211.50163013606,15896.701205058107,16500.00792198485,15933.14795702833
photo_velo,15768.847990649088,16386.383995405766,16147.123233482665,16130.264188338204,16485.064925894807,16311.832919716704,16088.149897959236,16523.80467141949,16591.309260519203,17186.29402048679,17961.23091032975,15545.158320430033,16489.251544299397,16176.367720773083,16558.617772737092,16845.655091852896,17051.66688831549,18109.46209892704,16504.617025193726,0.0,16866.515175567933,16962.837306455425,16898.36101955864,17294.52503679251,15919.519761756468,16343.456404373273,16048.869676154649,16226.183170221579,16715.317820959357,16216.945344353284,16595.497512319078,16898.55601727304,15643.030848859991,16870.25478620855,16758.761343059152,16121.187969726709,16535.121965621678,16292.771131158785,15804.595826431389,17113.299947227562,17065.923443038617,17299.133529792125,15118.808339688247,11009.978922457423,15591.86844527448,15514.918085620406,15241.206513411951,17395.92373713771,16101.72523102673,16110.744382785002,15587.341140361197,16536.94725533993,16249.144485328949,16247.473775638291,15923.824799350225,16418.185697936027,15854.609915189638,16763.238679125338,15978.926298667502,15916.302604860748,16350.385209698863,16276.78875219352,15972.179369281843,16392.215882888308,16271.818755515194,16053.85442635695,14998.256413537893,13138.206200531997,16899.46271013077,16084.529933330728,15907.534322722959,16968.042842314306,15557.391463469823,15521.447291518856,15220.002305636825,15776.206657895975,15422.891413180865,15284.14960698238,15455.995556549758,15352.330431169119,15681.007876037515,15778.939211157334,15181.042496917125,15621.813817932643,15269.474338259679,15317.713984232323,15456.023701395465,15843.763639897787,15367.707051602385,15575.658513517907,15318.724127409347,15774.412263378032,15532.934382714908,15570.914383409245,16389.850455319218,15179.435706135977
photo_road,15291.065998296086,16208.52592199917,14847.473784420104,15171.654202998328,16568.63741320187,16098.955692376348,15872.935261375269,16347.498520789306,17229.738644447443,17505.832912908583,17895.985004948376,16645.69960886235,17077.653206442752,15755.5156365723,16055.822016806334,16555.09621358654,17423.41506215421,18865.360992935988,16759.22738130577,16866.515175567933,0.0,16773.628594422007,16443.709606673405,17541.055775022724,15729.127236873683,16447.887655789673,15928.465582046623,15743.27088438235,16834.38434194249,15914.228711546431,16652.82603805421,16632.11209734274,16483.504274144587,17029.504042728327,17107.661328773578,17537.33618260696,17206.276218702416,15770.54526550283,15638.030433187554,17060.21257559608,17504.588976387124,18099.95168398028,16075.692055105483,16771.408956508672,13910.133835978868,15791.486235577082,15465.332687683578,18110.170910785233,16181.881719047879,15896.973383904711,15605.862663703205,16352.626937140494,16468.522778657607,16238.009759554287,15958.447821837002,15888.48465815648,15775.027331550093,16571.586259043805,15961.89715708767,16408.422689559677,16631.573239334888,15976.368653901172,15730.419387960548,15795.20130304062,15984.987062638531,16456.07794000167,15254.565612167227,16015.356775844388,15794.23098314829,16039.86675724067,15841.003872377183,17189.156712503667,15166.093995808273,15119.62354107902,14765.072324520082,15429.19678042793,14970.99194086086,14960.26656541862,15076.190654031283,14972.438737461975,15225.562552837597,15479.986066489919,14965.495176510329,15374.735941668487,14740.978928409811,14864.693955025235,15239.476784191278,15547.406312136283,14964.764515148645,15148.738751442066,14980.077567980146,15276.963047365847,15175.41263831827,15162.113889853541,15882.29465845084,15048.393683965101
