,photo_face,photo_profil,photo_eyes,photo_face2,photo_walking,photo_standing,photo_hand,photo_legs,photo_bird,photo_butterfly,photo_girafe,photo_fish,photo_cherry,photo_tree,photo_flower,photo_carrot,photo_watch,photo_key,photo_truck,photo_velo,photo_road,photo_house,photo_mountain,photo_windmill,drawing_face,drawing_profil,drawing_eyes,drawing_face2,drawing_walking,drawing_standing,drawing_hand,drawing_legs,drawing_bird,drawing_butterfly,drawing_girafe,drawing_fish,drawing_cherry,drawing_tree,drawing_flower,drawing_carrot,drawing_watch,drawing_key,drawing_truck,drawing_velo,drawing_road,drawing_house,drawing_mountain,drawing_windmill,geo_face,geo_profil,geo_eyes,geo_face2,geo_walking,geo_standing,geo_hand,geo_legs,geo_bird,geo_butterfly,geo_girafe,geo_fish,geo_cherry,geo_tree,geo_flower,geo_carrot,geo_watch,geo_key,geo_truck,geo_velo,geo_road,geo_house,geo_mountain,geo_windmill,word_face,word_profil,word_eyes,word_face2,word_walking,word_standing,word_hand,word_legs,word_bird,word_butterfly,word_girafe,word_fish,word_cherry,word_tree,word_flower,word_carrot,word_watch,word_key,word_truck,word_velo,word_road,word_house,word_mountain,word_windmill
photo_face,0.0,435.17431784454544,531.6320573076181,498.1524465150135,467.69460366813706,461.5385581698129,399.6487188082146,409.7602050103118,559.8443270118323,561.549126578346,638.856965571079,546.9347938478259,476.1113188921438,408.7683990092396,471.1084171374241,454.51624490097305,472.0716831655735,576.5174763183005,605.415623267602,573.8594641123254,564.4666081175145,502.1371857591001,543.1714398903993,534.9504692617887,449.2471960072267,474.46605016614774,578.8169781719893,516.9577762755961,431.4468239229068,439.10294327594426,473.647318188742,434.7074372426239,496.1152808049233,557.7969374022755,460.68151255338995,524.7004675103996,490.44880392747615,399.786062174458,434.728099712604,448.2387053927296,384.9112493669975,575.2873599082192,555.6663280897797,532.9029264077334,521.4529612212914,535.4732340747851,513.7698794592905,452.6855296671962,549.5128035283907,462.8875153458324,567.0093901372388,484.999257756281,431.47744745908307,448.32340571677855,443.8368886043839,445.78996498402216,462.3336746384553,517.9907106540987,502.79457083078313,560.5551750534613,510.48855596703817,444.3059893089401,437.63267054888826,455.3747001945965,454.68013809962434,574.917327532364,600.1227233762299,515.7998377647667,445.7877928057992,434.1857625887657,512.612667686924,471.67956068508727,484.2662124070453,491.23979372761835,492.9709504676375,547.5202398356417,577.5267785611379,571.6479327193047,481.87924923514913,573.8045237213264,551.682838998885,572.4818985020934,516.6861991629313,574.9935966465201,571.3014060234667,508.1086713831014,499.5014485426877,559.0636545979999,547.4921369567128,473.31059614608387,565.9186348329473,482.69330776185444,519.5550082524467,553.0443269499235,621.3993624120067,526.1410720724837
photo_profil,435.17431784454544,0.0,507.22462323751796,474.3424601448255,520.7655340699894,529.5410664039102,446.6122926043839,510.71781393180066,576.9355890164818,529.2728951203917,634.9869230783191,569.3631452354423,502.25037154348536,476.29202950455306,547.642074966921,544.0452868160472,583.2244002557396,570.393543587468,586.8551526627265,586.1011344766318,542.3346319890871,422.82124070017636,560.8383673751665,507.95003591936637,496.3964468648885,411.6096554800695,568.4828925124398,508.7797417713326,498.6091224696666,503.5757216697209,510.10426974873354,456.16256822085853,537.9817575318132,526.4721984315331,507.10827957195085,550.3816048664814,485.2565145404339,503.0165277268707,491.2944733496132,528.0189147293844,496.7054053925241,570.0063477286291,550.6464061346546,532.5729864058246,550.2321019386777,520.0502799370241,551.3158718795981,484.91547899038363,511.6361277976916,538.6219973878071,570.4330821987162,519.0684302628267,501.5399278097472,508.92424289389305,478.0140413896596,518.5446942847173,536.7782876185211,501.0844920133608,519.9256852872148,568.939572714292,495.562399378456,509.5982052016513,522.2187032395813,527.1550447033846,529.9559457323713,576.1138105820075,580.2466882425776,537.1627064425334,464.3794512813229,447.00954642764157,540.199694320327,494.4613133840967,554.3123792135179,547.4086417426887,547.0070641604235,570.498712881472,588.7227914358242,587.2561708902343,550.5419235528791,590.6457174625671,566.3428518814999,594.1606997629332,549.4887518327164,591.9500828963438,588.1133581714388,550.5119996311848,546.2926654719587,578.0832729867772,563.9403567964825,556.1117531706159,580.8150381033995,552.0025942153597,562.7279012002821,574.659780181426,643.9717066555658,557.8937555443493
photo_eyes,531.6320573076181,507.22462323751796,0.0,460.38542805495166,580.2102304154918,603.093444742823,518.9736815223009,590.7028766729923,514.8723671019119,471.82017515392306,619.6797164436706,485.1281261196285,556.7285432709845,559.942604558228,627.2037483148899,605.3138759171146,660.1450670418803,490.20662782981873,500.99407592326816,527.1350926263824,353.1739334923808,524.2811075532017,515.5288563180067,538.3418350576612,528.8030291918308,517.7458603803003,464.7088512657677,467.47343656868225,578.6113658851525,566.2946464279826,577.6962475896843,543.6844773180953,487.95343392880767,470.0028814524611,580.2595154698741,475.5592047109832,453.0078612989326,540.8782011524544,556.5896232233697,593.550095007301,548.7012420823481,488.6914483065614,480.0885878035513,457.2784140978325,492.5656352185243,422.8242244771636,504.8028865356808,543.617840129429,557.4812232547977,583.1331419633393,471.6458937918059,604.343007974712,567.2241778959234,577.2827962270018,561.554251245535,569.5285701977211,585.5502414871269,459.3155217361196,564.1340757734804,482.66658511398,575.4924964309253,548.0031605336235,575.3334737430605,581.7852597013069,570.859894002699,500.11207429640837,503.09192554411834,459.25905979357606,540.3218912139035,544.4695383994142,511.2008934554866,560.7019546330705,527.7641664900525,511.99429691074613,517.7861542195568,510.1918477560246,500.6614306546271,499.207257660193,521.3374996083136,503.07236436624976,497.1340386733097,510.8571063211203,498.41214967045346,502.5427950466661,501.46114456554204,508.2899141179754,510.59064881593014,497.5150913952466,497.8938925166725,525.7573847574347,491.3913385660969,523.7912545677202,518.8754626278933,498.14835978276955,564.3132108987147,519.852261887897
photo_face2,498.1524465150135,474.3424601448255,460.38542805495166,0.0,551.6380894635968,571.3649451582128,503.0840923574576,570.5008855642761,522.4256913093878,485.34186856428374,601.7211280567808,560.3113775046334,544.7793286101403,536.1823936929774,599.4497675971257,591.5704272258007,629.936402767725,582.4581835226099,562.4443029991791,583.4368026786317,468.01791151861374,482.6013465938956,563.8304203830157,541.2259497115867,495.8566177610047,514.2670933385474,576.9157266651063,434.4917809276855,543.7640123991316,531.4889238979416,566.2649034898955,513.6425677940296,518.472088147895,507.21920109390845,567.1760096029293,554.5814500002274,495.18351102024917,533.5781720145372,539.0694114943846,584.3437919729654,544.5096148794411,583.485490778009,551.3313613549831,510.5709768358498,541.7270943101306,487.81175869937096,571.439977108388,522.3854419911164,544.120662609348,579.8722435859669,585.1099968462051,571.361545220874,519.7222872442663,552.6349426408724,538.9837777364238,574.7007889044612,600.6729696524715,488.70293597911757,566.4152280076008,558.2921288870865,567.0667717460541,545.0656617771826,558.5478744975861,576.8864584932335,580.8919611618845,588.931342457489,563.4302266370632,518.4196342634956,532.0511741087103,526.518513740986,536.3673762231722,553.9120672062659,579.4218564755918,565.475844007792,575.217247391638,584.0812633243341,610.4294062764346,608.025428905324,568.9181344423408,616.5750945500017,594.0236614784319,595.6025636349615,576.8624028991659,607.9571705346981,608.1285348525288,580.5710275144927,563.0245372581654,599.1778405141929,586.0870815199711,572.9825583481626,599.7181962418065,571.5558110012729,593.8260416126654,590.1937323424808,652.7357119500103,591.209594963299
photo_walking,467.69460366813706,520.7655340699894,580.2102304154918,551.6380894635968,0.0,446.086085905493,468.6330693731848,423.085165453192,556.9269398867872,590.5381473165802,653.7573202618115,550.6063165865986,442.19271170231167,463.069383885938,461.88013412847397,455.821060944612,535.6675291963735,574.4710353252362,603.86098384811,599.143801482567,594.7617698476962,556.975725096073,505.98496464770744,595.7126288964796,429.2904654656005,512.2815953313881,563.6660639111042,518.44762565299,353.46147115911987,480.1619140458293,489.40102812199797,447.3389845249274,499.0011287757641,528.3912266924098,423.6500121649782,505.1477080243176,508.02742107267267,411.20741675345647,496.1819063095436,435.72275444533216,423.88976220803266,569.2831853215274,539.8868211832051,536.803892989686,510.1969763459528,544.3903475059763,476.72997921781814,494.47180587571876,544.1221068441695,439.43276276944994,578.8245084766611,496.2013570515661,407.14851887653407,440.24387779344676,462.1507913286946,432.69223733369216,448.6338494455768,513.6741695108301,441.57173164381754,532.3626775762187,443.9567623192169,402.67990167051846,463.3268879935454,435.3786527173914,430.9065964188062,556.7633569981673,558.8888158388191,532.3110917147806,427.60241487302306,497.4711568340317,486.46799645323404,496.6363564012836,479.52842935067343,507.89515363067443,502.86448021436723,569.1442190918484,577.0691966505565,574.5596738077483,488.5239023843878,579.4376197628254,562.9547109364535,576.8035837829569,539.3024444768706,585.9220077056943,576.1287673741607,517.6887253200068,502.94865087028415,571.833611045112,557.7927899584948,483.23236017887547,570.7258709411142,482.1284134164153,529.3573733431701,564.1754591589698,628.6884275623161,535.3905303521273
photo_standing,461.5385581698129,529.5410664039102,603.093444742823,571.3649451582128,446.086085905493,0.0,450.9871912437839,369.3849094499371,590.9774238967887,634.1705352867589,608.0944260390235,579.2013392213053,536.1214137084928,498.527186417881,365.1749551597908,362.84917387038126,469.5055574852608,586.1884936193488,626.535253247029,658.0502587617838,610.8931272875728,576.4694849865311,577.874329163021,583.8728972282565,478.67455156604046,536.7085255862083,590.957688268132,527.2315641372493,447.57241883873104,391.2628051193988,443.163544669094,441.26575744608266,517.0476500136748,500.1027297372579,404.92245359174007,538.0350212441092,509.4615609563237,406.3555831008318,423.54412718038407,349.5458208891755,388.91454942075814,575.3197937255826,573.0355302969176,594.3739178857481,502.06077933324116,586.303458424542,509.3473153741769,441.08170113664113,508.9321533031763,368.0445259761254,596.2386695810436,371.19140833931675,439.59608875685984,384.32939754051307,452.16202938965813,407.17187141549454,402.0068868453945,510.9370686491605,426.01433678197685,562.7581491191883,491.59247892091616,408.6930842654092,377.1050058718306,338.07052805563734,374.9342682979127,556.0979540223829,581.5133049129997,556.7260559017618,425.38508814337956,486.0303275843611,465.0808366777986,455.68277207932863,494.50581277455575,523.8645628093492,510.75276832476726,573.9904972003218,594.7820304586246,589.4880859145775,506.03053624860866,598.0876033123109,577.1837052750838,585.6171080944819,556.1603581583904,596.0327779540637,593.5840810333893,532.6632610560064,515.0933956319467,587.6781748725042,569.8995098993562,493.39130818713943,590.2417435652283,491.0637759718981,534.3123798509669,574.9818943019953,634.0304042569779,538.8429053751778
photo_hand,399.6487188082146,446.6122926043839,518.9736815223009,503.0840923574576,468.6330693731848,450.9871912437839,0.0,429.8621522128917,575.8010487490079,556.6758803534979,614.2910423778949,526.4268091594294,477.9295228750903,441.83939243252377,468.2689977915474,458.45309344847186,523.1495359139908,560.5253033838843,590.3461229073653,569.4945892125138,550.5172798988585,495.3771853246399,562.9960537078829,541.036878060635,479.7105882165322,458.5506389623198,531.8866595281148,494.5929256528124,456.49065744881807,437.486596597572,445.1197748014804,442.0118083278139,527.8123520143887,529.9436529064811,451.0082717756957,502.63104296649755,465.3700547125076,429.20480949318875,436.7647981895177,444.8844379262705,419.3221504788184,545.7854827288858,521.2354135247118,528.5702629511103,504.2246746731364,521.4905843307258,511.1645099146827,456.1651818781689,534.2275969558001,458.20028806262087,527.4466944303318,479.2112548976697,449.13503671791216,460.28399466820116,418.6751892035928,438.63951342665115,476.7676312024821,490.06431369009647,468.78502434331665,532.2322910121671,496.3494299510668,443.2207009767167,445.77819454429044,439.6056775670607,453.2333228545958,552.6723276776877,561.174800777949,507.82428198133357,434.66986180083023,455.1436882683455,491.27317166740454,471.98497150392024,501.98323884889874,495.5010614433131,505.7788784378516,544.3865406226787,558.5422081142372,555.7167455195691,498.71815855336297,556.9630748438894,542.566577129618,549.6720835714704,510.8724798722488,564.082300949249,557.6957650357821,506.93582952977357,499.974654895315,544.7638369824123,534.812160943781,489.17453617522324,546.5858629488138,496.7319913703648,514.1123499988024,542.353321030349,603.5486069603501,513.573005938037
photo_legs,409.7602050103118,510.71781393180066,590.7028766729923,570.5008855642761,423.085165453192,369.3849094499371,429.8621522128917,0.0,586.7247385770486,617.7035050043597,655.922174721294,568.6499708531445,504.00580137986645,464.9618731409873,407.9202268680449,385.3924522387587,475.58686744320875,585.4451057985781,631.8277393884154,640.7197639494955,614.5639781993435,555.8310719138032,569.0388772369321,591.2202179134422,459.7095031229041,523.5135174048379,566.5794511078996,534.4198112213305,400.37191228437086,404.6339565761776,452.0649335651651,413.9989035993341,510.49526609220277,536.1051545465986,428.22126741725504,525.8828043987669,514.1457003891401,383.6556473049572,437.99227130901073,367.5809782594997,365.5418740156626,572.7598352029402,576.3622242400675,580.4474516343463,504.8727611245377,578.9888787947026,504.50145273708017,455.53023582502254,528.1987090579738,359.8619819947416,575.1301980246953,414.5133192435319,404.94669379303775,382.47620113562573,426.58531386500306,358.4650914778575,372.7571974096165,520.2654132682296,458.04582841716314,545.927272152034,445.99678400010043,406.8838600129934,415.30611673642653,362.98360898084206,377.60356179845144,556.9235740162015,584.2067303803918,543.104969647666,438.0450235518823,454.50956842871193,480.7425736667597,471.4975990194018,482.7192514220785,507.5422145179986,503.7733033560741,568.2187673323458,582.6024045465309,577.4702595833242,496.0577713618695,584.9237342882061,565.9475236055528,574.4318524394707,541.2134381357595,590.5846172801869,583.0789731421593,522.9250767314536,506.99606180555037,573.0263725188106,558.4619927676997,477.1090163769819,577.1841714659419,481.6343322213887,525.8171138247749,568.1454836126288,630.9028038717893,530.5522286999062
photo_bird,559.8443270118323,576.9355890164818,514.8723671019119,522.4256913093878,556.9269398867872,590.9774238967887,575.8010487490079,586.7247385770486,0.0,512.0117983288156,599.9448472363155,454.5067814437406,584.8698315744632,568.8655501880249,596.4739034356577,573.9024731395078,613.1270281617504,424.5284214434469,517.8738520242142,528.2507699295645,522.9797873635794,603.4538479610935,546.3227001562258,642.9547164053672,511.97044044937127,547.6710594335897,459.49243187305854,473.5578111851885,553.0883617755959,532.8089801101257,573.0252953791626,545.1529795206814,360.0176783892334,541.4404879504033,540.331305836964,449.668331632265,545.3404753055345,506.8358448081434,532.1315277300763,559.8220840712896,504.95434769565674,435.10864984309086,505.3446631404062,473.485183763205,418.19441271089096,473.56344613624793,458.6000022778051,568.6336795537925,580.8097496617085,552.4616374253573,460.289875228625,568.9844968818034,552.3740548696434,552.4870912913555,562.2670613789564,545.6198312850461,537.3623329557406,527.7312570974459,527.94914963047,449.040733837691,593.5687248260251,504.7744681847976,536.8534643313441,544.2250567037293,503.0800230458775,425.7134393889177,522.2277893626487,467.4063931245367,536.1828331415994,545.8455743615979,497.8965299099504,574.4496800153519,453.17753040879126,446.95285814965746,441.49787777759025,440.44504345333604,461.823548106799,447.81406466118045,446.14536519768194,461.70779377995206,445.59250344684733,449.2713116382466,443.15346904357295,452.1611480408584,450.71899089621604,444.4124571326831,429.0583897884045,449.8957513843173,438.16307494833075,447.36479035293735,451.8414369626066,451.7287053577914,454.70914089091565,433.4337045117956,513.3245915399984,451.2506305488885
photo_butterfly,561.549126578346,529.2728951203917,471.82017515392306,485.34186856428374,590.5381473165802,634.1705352867589,556.6758803534979,617.7035050043597,512.0117983288156,0.0,645.1469148712164,541.1474007598565,571.2811075501085,581.0728247855907,667.2854417979468,657.5625935181235,687.4666355659158,553.1316653993733,548.5532409680108,530.54983727287,481.1080194695754,555.8837204280143,561.4711539718261,554.6913579777072,561.4617158065291,511.8668654816853,541.4795771078285,423.6329170748233,565.3631965970509,582.4828816253864,604.0072168857872,563.890244004597,493.80268540521797,493.4900150332454,602.1010042742251,538.3194070963735,519.8344828092694,569.9474665536012,573.1222706470018,637.8593404622021,576.7886109307653,550.5736034411036,512.8072560643877,487.2974336396734,529.9112075407164,476.2994199778611,543.6968603771895,517.8529056036939,576.9613840607253,630.212146159984,549.577099770017,610.1754377433426,566.1186263506866,579.880586096996,581.2944383442268,609.3028934373201,621.162898797043,496.36255722445117,587.9838713671462,543.2595267361165,623.9123203712624,582.0591046573923,608.4533191370626,623.0143955245999,609.4597264581281,567.7186179456385,550.8540424656929,505.1779760109888,578.0803585249565,569.5108072238643,542.4968280970361,555.4385975118176,556.285553900152,537.7118391826078,549.4928643279651,553.4386658835226,574.8474279684814,573.7897469236228,551.1479206197882,572.6644191693862,552.7390724026976,574.9986260902759,533.8451105366374,576.7587706419631,566.7624139099482,543.2778690457948,539.7352142330715,559.9099054450404,553.7820581273807,553.9561481433982,563.2866983928615,556.642703191019,559.3146075976445,558.1647474383394,630.0365775493399,556.222117867284
photo_girafe,638.856965571079,634.9869230783191,619.6797164436706,601.7211280567808,653.7573202618115,608.0944260390235,614.2910423778949,655.922174721294,599.9448472363155,645.1469148712164,0.0,647.4179344275572,660.8541470329709,633.9949646439309,632.7369823218664,643.1382004572357,683.6283792429335,629.1169215462646,630.2266690569585,675.9449633238767,613.051726205953,628.6241926591737,656.4647012454141,646.0466511582829,607.3378529909262,633.2850465917915,647.6083782869873,587.2461193972783,621.8691074271594,609.03183636212,601.0457115255391,598.8352746000006,610.6420672735546,586.5474785081921,564.2698480793861,623.8797639162653,601.9981259729766,603.6639532440115,617.9293223884423,626.9653143000464,594.7017646328876,636.7757890653796,600.290111171003,612.7172541926635,600.068834703312,616.4493237905831,628.4614047661656,592.8848386793816,623.4395879397791,640.6057439392897,647.343457409853,605.6088306901835,622.0974465059664,600.9512212460767,610.039873655126,618.7397799431342,681.9560832122498,625.7478455542877,560.4637656982705,633.3966471100134,644.0889996800328,620.1107658482298,587.3901547049732,617.7465588643919,622.0754199940197,621.0342087206284,617.7142994217253,603.0545072242431,608.3138791193079,613.22893114637,585.6859863881914,596.3691908726317,649.70836150854,641.5936451552753,643.3782891693153,660.1794988241377,661.4683139220666,656.6814570835489,641.202813185285,668.0871871139556,655.7087167003652,644.5336345676125,650.4463147969541,664.4179448724176,660.2276905825405,645.9113372943555,629.9003409570481,656.5335568177571,647.413864560852,638.3467074301321,654.4138755201502,644.0352723447373,647.3698921919752,649.1363623437222,706.5598293669846,646.830986041004
photo_fish,546.9347938478259,569.3631452354423,485.1281261196285,560.3113775046334,550.6063165865986,579.2013392213053,526.4268091594294,568.6499708531445,454.5067814437406,541.1474007598565,647.4179344275572,0.0,568.7037449116476,558.9128034845972,593.0312582673878,557.6775793317247,607.7496280962472,396.36352564503983,493.39808919629013,478.38200326420514,494.70207782049334,590.8039994377616,514.6764848389486,628.1475048668044,534.148990913744,541.1892596124295,363.42816920920836,484.5405864773233,558.4018970741253,536.188114997152,575.744699513016,558.7724921619188,449.85440942485997,530.702271966089,541.77572611538,338.0305748238336,499.4049182434502,508.2051320723234,535.5195203737522,541.1827365287611,489.2475612035879,389.0768860769395,414.14476685925405,435.8058653227066,363.6419391873388,448.77329961150826,396.2568890743498,570.8027978174739,593.2539861148898,527.9044876859783,378.67582194946453,577.9646953948841,571.4926039100179,564.9891725790878,577.5865756761306,541.5089032077451,528.0060117131795,525.6772624043165,518.6487377035407,347.3079871112428,579.3702471556879,493.8724892395633,545.1107877698983,534.8572790180663,488.53881923064375,403.34843750324825,477.77267246951857,445.3099419034422,519.7793815725685,540.0543613824996,464.061157147483,586.353256157405,425.3618862925768,407.6212615042078,417.4179861787055,407.1808339374285,396.6003565388197,391.2763109634352,415.9993372251242,386.52795390583435,378.8496989654243,407.8246640794691,394.50979152535376,400.59707994022955,384.448303251637,401.9382925714299,405.9357166152877,383.9609294294664,390.6568202833275,425.9232184826806,381.090775080321,420.6307751196761,427.8637729747893,385.8029017917129,465.04084681594156,420.8925786477337
photo_cherry,476.1113188921438,502.25037154348536,556.7285432709845,544.7793286101403,442.19271170231167,536.1214137084928,477.9295228750903,504.00580137986645,584.8698315744632,571.2811075501085,660.8541470329709,568.7037449116476,0.0,452.40274622969804,552.6271490636566,526.5669888379651,572.787119146741,571.292327314757,594.3570610098434,564.5549244521083,600.400728702802,537.6245347137489,509.7100929820075,563.0154063058095,505.4575011198756,511.5869512198936,565.1210457548996,549.9446814642997,443.87889117022183,530.6181154661722,535.3039583166166,471.6952390579971,536.6277075478243,552.1678864434672,481.23246281938424,523.6208309843202,499.96836085893864,457.57407781392607,548.2270916131894,503.4039156242523,469.25995922517336,565.8083397519132,521.4701328906843,520.4731829014994,551.6277628212299,519.0852761694327,500.4339999604473,489.8042970196395,571.5919066855762,532.7583066801254,567.3616248922706,567.5857122330319,476.3326884263827,521.8499994681932,510.8226638307929,476.8172897443001,518.9392312711437,518.6034041072305,496.2362337703202,562.2456224365993,477.65264799925495,470.0863919137635,539.736819509131,512.8694409474197,508.6133742492942,574.4638788962063,562.9060025520087,531.8906646375918,465.6693430270833,494.8560249602676,534.993796555411,514.3407369855574,525.2449309055406,525.421953623977,528.7444295338448,578.1377203174001,580.9488353224424,582.860376127705,523.4017426820669,585.2609330287983,560.2186259962648,603.6984620335837,540.0403773403533,588.5966061982411,586.576361152849,536.2271411559426,522.7223571699355,571.34500844206,567.153476548594,521.8126791643778,574.2261861934544,530.2870002113327,542.44159770017,574.7178758521499,642.7252441208708,547.2783742210265
photo_tree,408.7683990092396,476.29202950455306,559.942604558228,536.1823936929774,463.069383885938,498.527186417881,441.83939243252377,464.9618731409873,568.8655501880249,581.0728247855907,633.9949646439309,558.9128034845972,452.40274622969804,0.0,508.05396184692916,471.5851920996072,488.599939568652,579.8440172043474,610.9733184569602,579.2279146537014,591.5637549074738,507.0410499117868,497.45252011397855,542.8457265190683,489.8370469091628,512.2917318001455,575.042262123865,528.8023146990519,429.70490798239024,466.9812996703238,516.5442625523624,443.7537125442975,512.7456568174862,556.2297499699854,459.1648629366339,524.7695439807998,504.7616842237833,387.70351310954175,522.3788846605079,464.4015490375593,415.19563101864645,576.8789619470036,546.4159635682581,537.3962950329528,544.4675982367282,543.4364725493252,511.0120836097649,470.1025353906354,568.5998359608009,482.8812691302297,572.3231962000527,551.3600220717865,443.52743013321907,471.5674746671936,447.71344562863777,446.52718359294136,488.94093705017355,529.210165795061,503.61729653277274,565.1823252241895,470.2790027289567,433.1536799771227,487.8495383792619,474.3096146654465,469.87166443105104,576.9348980761694,583.4532887341109,539.7354391126128,441.5985902817123,460.1495562024155,531.6968544419053,484.3615107092219,506.5769891994053,518.1543175429615,517.1042411836113,572.2026859651345,591.6856658380565,589.5565436472418,506.34761597285217,591.164363328662,569.845481314605,588.7473278492132,539.8039222677241,591.4951776475954,588.5426418507905,531.1988335967219,520.2257693338338,578.2269033837697,572.8057096900893,501.74965802889506,581.2315267196478,506.64621002159333,536.473397412654,573.9628081047221,636.8293481517687,545.4343083526992
photo_flower,471.1084171374241,547.642074966921,627.2037483148899,599.4497675971257,461.88013412847397,365.1749551597908,468.2689977915474,407.9202268680449,596.4739034356577,667.2854417979468,632.7369823218664,593.0312582673878,552.6271490636566,508.05396184692916,0.0,311.58833826841624,445.1695742887306,602.5239750491169,641.2633875379124,676.4740572513007,634.1176011975983,599.4149559386805,598.4931222023855,651.0612120553118,471.88863563455556,568.0089403318443,606.3876677358053,554.4373525050712,455.16558042204815,382.56016848750176,447.15024417939134,477.28517074907353,527.6993923519294,549.9671522305215,424.572899438005,544.9459890805324,537.9491760447625,390.9833493900335,437.0388559005141,306.2570690582624,386.8796475870472,593.2116907071154,585.511046662133,612.2341131084917,509.8519522043901,611.6843370210876,520.586519565691,529.496762631409,535.5579242194276,346.3461977809665,613.7562340894655,426.4671958297019,440.53991800112186,402.5377855629975,468.9994392848236,415.2343696210962,412.1239974471283,543.2789808505211,455.9147425932804,570.7795562862696,494.65254515878377,395.9051341641213,357.26261826216466,299.54672901141123,359.54465929994547,568.6617860853651,592.2401796127637,577.9229494496544,428.42555843341023,494.96323975508807,480.5840322717812,518.725728908982,513.6907286584801,542.6680574604459,528.07660692076,592.0904277053609,611.7287101322087,604.5327629641343,525.7760632173228,616.7072394883156,592.9312147798756,607.2190766670038,574.1560831976916,613.9610720009377,610.7988349066409,547.3480014789579,533.9876564826973,604.811583062513,588.4802597286994,509.6629284658609,608.5464117967073,511.44398798330883,556.8956988334104,589.8289417070981,649.8006282561723,560.2735427918294
photo_carrot,454.51624490097305,544.0452868160472,605.3138759171146,591.5704272258007,455.821060944612,362.84917387038126,458.45309344847186,385.3924522387587,573.9024731395078,657.5625935181235,643.1382004572357,557.6775793317247,526.5669888379651,471.5851920996072,311.58833826841624,0.0,390.73995226550704,568.737018469827,628.672823605515,665.053222704252,622.8867216996509,594.4589291135941,563.083044527593,653.9675934966872,468.39058610850435,554.8910984612942,579.2120494539572,547.4905873502192,442.1433703625849,338.10553405189137,449.8031037877476,460.0717994313918,505.8304026383715,533.5525571470903,402.186831783053,521.1036223854126,525.3916548986919,361.4225241531127,424.9738520456611,223.68599932116976,359.6665337056834,559.6889233824321,568.3525056489293,600.6067366714364,476.96472848869837,591.4049432536885,488.5239606397446,522.440742793899,545.4591804708635,306.4634253805087,584.4138073932164,445.74773615678737,429.5626545026001,376.84551435639014,461.21413865275645,393.8007054838326,356.9503580128872,524.7400398007218,433.0139403814884,547.0685176444933,464.24634623167145,345.7989814130354,339.81010793577735,236.5752497699328,294.15014265314625,535.5403823284778,575.9722003080592,565.6611844494289,425.23535460199724,468.74392357744733,469.8818941113205,519.0811408708531,471.6395432826802,504.29206378890774,488.69524043912105,557.0066948918002,578.2183023451175,569.9002639664652,485.22341589996324,581.9644542936572,558.4710306891446,572.0298056883067,538.5809589776605,578.913264200531,576.8477729705114,510.68749829975644,494.05876675501304,570.0205521983193,553.3529112618418,471.8218560150943,573.3513751003344,469.4373779398741,516.7802892164314,556.1172007229956,617.8671420700842,520.2099430837652
photo_watch,472.0716831655735,583.2244002557396,660.1450670418803,629.936402767725,535.6675291963735,469.5055574852608,523.1495359139908,475.58686744320875,613.1270281617504,687.4666355659158,683.6283792429335,607.7496280962472,572.787119146741,488.599939568652,445.1695742887306,390.73995226550704,0.0,640.1064203874796,699.5935945942211,677.4839335647058,666.0870729791067,619.3530940112619,587.063366120304,663.032890956966,533.6015719783072,602.4830900483729,658.1725695034525,606.3166249964095,504.4931218736316,432.46147558295706,538.3169050182671,527.3471474976941,554.4198083499487,622.8045002784568,493.93119301746424,574.6779580375071,587.7082359335684,417.1326154546685,498.7605227751036,396.2580720284376,388.3711199497643,637.4515401334781,632.9673680915448,639.1926540474775,563.8367374768698,630.7067573588062,554.3369740735142,551.5156160730259,633.307248381161,439.0322017766304,649.7179338806801,566.5624288174762,503.80955173195304,490.8409456997275,526.6045323873267,485.1175271291165,467.2700182335122,601.0604665885554,548.4790611540221,616.3187713546719,540.9255575844002,453.3780518609712,438.57642033895166,429.85392980411933,415.60019380765897,625.1758335907015,679.2325891529858,628.5048865059133,544.0028009117088,509.4166972672573,590.4796189543478,560.2799451331491,536.5167564571065,560.0641445480101,549.6553300646132,608.3027826611163,634.7771338949219,628.9314973087787,539.875880688799,634.2254840838624,608.9845081865255,618.2372083908183,590.8246751542887,628.3995177255466,624.1035197071122,569.350306032923,558.0964820173792,620.9840698219443,607.3070912911011,528.4691348033762,626.8148865763118,533.0843858084453,572.6952874643644,606.7911680258896,668.5984893430993,576.2294175419581
photo_key,576.5174763183005,570.393543587468,490.20662782981873,582.4581835226099,574.4710353252362,586.1884936193488,560.5253033838843,585.4451057985781,424.5284214434469,553.1316653993733,629.1169215462646,396.36352564503983,571.292327314757,579.8440172043474,602.5239750491169,568.737018469827,640.1064203874796,0.0,473.1014549478582,509.2370536385232,524.1045314623136,608.5301939773047,531.5727495458306,648.7132330249157,532.90194946278,518.21399896554,305.4175771444539,510.46147100762215,570.2345358683417,544.5588470576128,555.0405287941484,550.048771201097,420.70411618848067,526.4820994434505,542.4794619341309,381.78478890497485,496.8916085914443,516.7162231287174,528.9952167109409,540.662458329777,509.1739748128086,226.0976865341029,425.6350386058816,442.75733785902537,365.6299243714033,436.1432210524392,369.3638946343661,568.2332576746259,556.0356515690384,524.5472072984685,307.5136145982129,562.6982468379928,584.8373247633695,565.1641130013611,559.1825142452046,523.2780023210464,494.2540122722372,513.4024745773936,503.17590106497346,371.34737985357845,560.4556075888776,488.29861896614796,539.5882851904438,523.5341450719021,470.5472269956007,248.35273218636016,418.6100253707039,430.9343677564401,495.0689193128158,523.6922853802998,460.0525812600942,568.4944061194152,373.2722324742124,353.8291412882704,347.8997951015454,329.72692096833987,310.9258696823342,301.45961654207565,368.0161945959652,324.9635759748437,302.2471783044944,346.8299915247517,345.32885895556365,318.94673029431726,313.67130636742024,342.326580505308,346.44511994281487,300.9110796595979,301.72603307892706,385.41294361064377,307.5375922337227,376.19109691556264,353.25584562464866,311.0321800113446,401.7261677939398,349.6501357396726
photo_truck,605.415623267602,586.8551526627265,500.99407592326816,562.4443029991791,603.86098384811,626.535253247029,590.3461229073653,631.8277393884154,517.8738520242142,548.5532409680108,630.2266690569585,493.39808919629013,594.3570610098434,610.9733184569602,641.2633875379124,628.672823605515,699.5935945942211,473.1014549478582,0.0,524.3779732304122,505.75141232354855,574.9720944296085,549.6192966532466,613.2922234830186,554.3135847034931,562.5135646348336,460.9478015328192,494.4062255673562,609.9560019218096,588.332304186737,594.9148788405229,576.3231842077687,505.46999069176394,542.4820473286176,598.4399764579072,468.699000478159,535.5175862476086,563.5627480083494,595.3431852040354,603.088950792222,575.3335441083182,476.94342601486045,379.9404256851485,445.7083747523221,487.9592174379587,445.71201930707383,473.4500800979192,575.3373699641597,547.4983182316147,593.2885235549303,501.4859414003744,591.9667994521132,582.6268478692792,591.3589783541205,609.2574674016896,585.3113891303929,600.8599848018652,539.4597975755516,565.6272478451401,459.8871303235874,593.7352329187628,545.7901429787238,600.082158585475,590.8561964782414,572.6926993956805,487.04949070635433,358.43582800171936,434.8649864958984,553.831868723393,587.0664005599,514.850749377583,591.250055455745,547.2874964355309,540.6072617643233,540.3058005669603,545.6923353663324,504.22255254068,513.8151019239292,545.2888822932487,522.6146136940537,513.0785014051615,551.7579172101194,539.2537593667909,523.1789746808487,525.4496070239181,543.4846185767092,525.589207552045,521.5138840029263,525.7497125247082,551.4040543189823,514.8810829472679,551.4654127450757,556.6990652027146,525.1095779658153,563.8800591386279,554.6607250806244
photo_velo,573.8594641123254,586.1011344766318,527.1350926263824,583.4368026786317,599.143801482567,658.0502587617838,569.4945892125138,640.7197639494955,528.2507699295645,530.54983727287,675.9449633238767,478.38200326420514,564.5549244521083,579.2279146537014,676.4740572513007,665.053222704252,677.4839335647058,509.2370536385232,524.3779732304122,0.0,549.2737990345627,598.5036165771131,494.84778348685603,584.79421971726,542.437038248105,553.5522132301658,495.5586321874747,535.6517973865551,594.4143977811568,631.3543633773073,645.9255699989784,610.7705747972749,505.12896518821435,595.0986696983606,620.4612070948031,451.4405156957717,524.5839162665513,560.473090602731,615.227901784007,644.2266149519,561.2325487495814,506.8981760329127,437.0680818081414,332.91536894141575,521.7577116947954,452.3797953465436,473.627481109093,561.8563186620856,631.9497621383803,634.8111869482113,490.2887924229727,656.095357649092,588.8160398714718,627.5407519571846,607.1190751389219,623.4346735934929,626.1213656120216,580.6982591698101,612.0817657664536,502.9025638303864,626.8752638546036,566.0698247535934,621.0836907385567,636.6311026926692,613.2157190666115,539.575241632107,524.2602388073933,403.8984075559019,581.4045384361382,586.8613955079015,537.598759766048,580.7048276439237,526.1096088557076,500.1767700520143,517.7964491674483,507.51756405076924,499.4353878131173,498.9341210266728,512.3519109071162,487.46447083479603,478.4062735799617,517.1589217813737,482.80053673318633,504.1888582222268,486.68159556002206,502.04566978221595,509.0016132347669,478.31741567641336,490.57530898048753,522.064756646251,485.80232830173935,525.5141325037715,522.9952880114772,490.68653230849947,562.0663907704037,514.3110463825626
photo_road,564.4666081175145,542.3346319890871,353.1739334923808,468.01791151861374,594.7617698476962,610.8931272875728,550.5172798988585,614.5639781993435,522.9797873635794,481.1080194695754,613.051726205953,494.70207782049334,600.400728702802,591.5637549074738,634.1176011975983,622.8867216996509,666.0870729791067,524.1045314623136,505.75141232354855,549.2737990345627,0.0,533.5087898524051,544.5533088223923,552.452755644751,549.5772771206291,554.6014210862537,508.36049780018845,470.13559173937927,585.9174379651481,569.103043690518,602.9726004959955,573.6517782625733,515.4370272806128,471.27322562446403,597.9141001436122,502.43821503694073,479.65517127817384,566.4802475497704,559.814598234625,612.1262933399274,572.1657362615208,528.8393554439557,493.4654921495437,472.63583918716245,483.89412003739704,445.5228197928737,538.011063525753,561.8822794474202,557.8744505627344,604.9103089940417,531.1766176978499,615.032623682488,577.2415993451276,591.6081945481116,586.1931671304374,605.1325706620274,615.1973140785949,494.7719624308804,589.382733694191,499.7393912001835,611.4571195674536,573.5945908177434,581.064665597827,601.3234720168037,593.9848482538841,538.832550589904,519.2517258728566,482.569642931366,574.5196658332759,571.9903194509051,521.6966305470264,585.3097485775344,578.8757370575673,559.1811852507358,571.981907992899,556.7888045999584,547.0654567380944,539.6488343245608,572.3674629080034,544.9651740400388,547.1899807532773,542.268108397845,552.7918046978959,545.53235920219,542.9425072140616,563.007327981132,562.9435905908115,542.3069388363128,542.3195390960627,573.1744076051122,537.5862394291943,575.2505299265291,579.6561631127838,542.2450944781011,597.9923527645759,574.045057409598
photo_house,502.1371857591001,422.82124070017636,524.2811075532017,482.6013465938956,556.975725096073,576.4694849865311,495.3771853246399,555.8310719138032,603.4538479610935,555.8837204280143,628.6241926591737,590.8039994377616,537.6245347137489,507.0410499117868,599.4149559386805,594.4589291135941,619.3530940112619,608.5301939773047,574.9720944296085,598.5036165771131,533.5087898524051,0.0,575.1360252575471,511.51979438692143,539.152538346946,504.88836075751755,596.522547496978,527.4620992725471,544.1884524252331,544.6315704600474,572.2646216416617,510.80169101112045,577.0629725342627,557.9363242135922,565.5608923291965,576.9054991536163,495.8318732862724,542.9726117509789,549.8862002681421,585.2215842211034,542.6417384204129,612.8569521754549,550.2359338179942,541.6545449428805,582.6187934954486,519.8935790372667,587.5393167215257,522.089316292656,538.9515534926296,585.042777413447,618.8416709492346,585.7847861760905,529.4337859302117,571.8759554015649,524.1647033402191,569.7141747863338,592.3033167881084,543.3820038631919,577.4379330125322,586.0401150675149,531.3019461431388,564.0591287711565,580.4482694443018,584.5966669751069,591.963639698593,621.7984715468142,583.856476752721,555.9788052529293,518.1956353659383,490.08703106037524,575.1783530281328,550.432354663981,619.3323040887076,608.2574318321886,615.358363747456,630.0921988985576,636.0006033474098,637.7229596188369,612.6144986439757,634.6049639207026,622.9505856023168,640.0780813057157,611.0541101609299,641.1515388808031,636.2105370148049,610.5859164007652,604.8995704067355,630.6186121323055,621.7118212827467,616.7989382385243,628.4448620860653,616.640967454678,629.0233477183071,625.4478782881993,689.8532928271765,625.6289959740972
