,photo_face,photo_profil,photo_eyes,photo_face2,photo_walking,photo_standing,photo_hand,photo_legs,photo_bird,photo_butterfly,photo_girafe,photo_fish,photo_cherry,photo_tree,photo_flower,photo_carrot,photo_watch,photo_key,photo_truck,photo_velo,photo_road,photo_house,photo_mountain,photo_windmill,drawing_face,drawing_profil,drawing_eyes,drawing_face2,drawing_walking,drawing_standing,drawing_hand,drawing_legs,drawing_bird,drawing_butterfly,drawing_girafe,drawing_fish,drawing_cherry,drawing_tree,drawing_flower,drawing_carrot,drawing_watch,drawing_key,drawing_truck,drawing_velo,drawing_road,drawing_house,drawing_mountain,drawing_windmill,geo_face,geo_profil,geo_eyes,geo_face2,geo_walking,geo_standing,geo_hand,geo_legs,geo_bird,geo_butterfly,geo_girafe,geo_fish,geo_cherry,geo_tree,geo_flower,geo_carrot,geo_watch,geo_key,geo_truck,geo_velo,geo_road,geo_house,geo_mountain,geo_windmill,word_face,word_profil,word_eyes,word_face2,word_walking,word_standing,word_hand,word_legs,word_bird,word_butterfly,word_girafe,word_fish,word_cherry,word_tree,word_flower,word_carrot,word_watch,word_key,word_truck,word_velo,word_road,word_house,word_mountain,word_windmill
photo_face,0.0,30715.58481295268,30669.446675610787,28856.584087242456,33271.658023983204,32774.117912317175,29934.01512260965,32195.370753882635,37455.056700930334,44069.630792254364,37788.37357000054,35399.29581368715,38247.702181327986,34650.944873035995,34652.19078545652,34585.75201244248,36627.43178978307,43599.644002794055,40200.5483891588,35983.39449665407,39198.56992604181,35591.49248784405,42812.0354426024,36208.334544661426,29514.47653591789,31452.456152654202,31349.547707007332,30822.217357674162,33369.98424977805,30682.49305497818,32574.837841011074,32331.02025521312,32456.196511452417,40620.33581086319,36211.878924907665,40571.49048631268,39719.98080729427,32077.57685886736,30577.51875020793,35247.17386312944,35499.188316464315,42377.83235719775,37078.07291453327,35409.55609808395,32063.06644490921,33741.579026158484,31473.254622043652,39014.090024493096,31986.26994668865,29933.34664564027,31065.39409338471,30804.46566252553,34208.05634869744,31328.824575874904,33711.08076782567,30589.7435372565,31113.247744911718,34945.725242580054,32370.668623237038,35622.08559107951,34389.8033868152,32373.941020462396,31383.561366085683,31458.005527625835,34355.512752934614,36207.48623976719,33038.17346408618,33253.68378573116,31867.98659656461,31282.64002218609,32034.096194756516,38571.793568908135,29418.929163714503,31526.7018575358,28913.467632389304,31070.397756321363,29720.824048166694,31812.230974996794,29268.699428649565,29717.46973668404,31734.23896731642,32868.43509865089,32359.25639674446,34570.53033324296,28768.29251452045,30310.59659332878,29854.1022121644,33035.7943941054,31016.00490830126,30747.231228293527,30716.946282809287,32498.919422977986,29259.92908696323,31844.60389435286,35322.94034943891,32180.550492896702
photo_profil,30715.58481295268,0.0,34173.512611959384,34102.23524558218,36363.489940010135,36771.05607871773,32845.37084566608,35002.431326014004,40168.735476276786,46216.915439081204,39901.22179310013,38643.55354596542,40059.2755646297,37212.637371717465,38665.062038762255,38046.88509850301,40223.383756357725,45475.94152853765,41863.374417148494,37653.45399769413,41784.661106680665,37350.76224730401,45362.66038172533,38948.08195606602,34693.35019193493,31239.019879229672,34757.42991499171,34879.0941632927,36858.83331042411,35093.962651204216,35635.030814143116,34792.585289265735,35589.87694084126,43053.780596813325,38792.905986955164,43349.995930308585,41937.54629514794,35755.1401335355,34185.67578122668,38728.66959020012,39034.78315398836,44358.551235733015,38963.63418778923,37364.8210888696,35215.06661815722,36495.35894062447,34960.12021620174,40813.003489293296,35512.59678103494,33488.103756900935,34783.41695561549,34659.765701426324,37887.273352613214,35059.34431147446,36634.25855373098,34689.62244058209,34898.36930973306,37882.4748298567,35695.626201786516,39013.33642239992,37132.576165338425,36005.48381817917,35234.11756352057,35456.749148021794,38014.239501502736,39103.71553956298,35919.88267572619,35880.301551273355,34731.218129611305,34334.95353904932,35038.25272267065,41212.93581641471,33946.51508926606,35580.807538236906,33139.50595255789,34762.422890024645,33643.42888143605,35302.44438080225,33538.99697860924,33970.8791325872,35879.60064978797,36347.35064145424,35941.20538109206,38469.115903310194,32724.60181794285,34281.076835213156,34029.72979391114,36488.22398159357,34852.01822485843,34723.55854515333,34376.65518277893,36380.51029787812,33538.583017743964,35917.60765846289,38387.44737247323,35992.06327687185
photo_eyes,30669.446675610787,34173.512611959384,0.0,30771.99543479786,36490.28507794226,36407.465528080866,32682.556291261622,34338.51557478428,38122.20472582398,44373.792882178444,39065.05392496742,36760.18042357972,40037.07024515173,37852.968019504304,38045.91895437005,37838.633373624645,39815.73427498786,44047.55742955457,41001.39070599553,37474.41646469374,38800.92169647722,37339.44402068854,43286.8799468012,38235.69411175113,32907.28187062123,33696.04914939589,29447.361083969114,30912.88428800574,36454.41300399589,33448.314023910105,34915.04314437291,33760.90088090226,33536.628644120196,40638.258874945765,38387.55417358057,41348.74454043164,40500.89095538802,34276.79278886898,33120.718935992365,38394.217856621355,38028.18817039059,42623.863816336714,37891.071294476526,36105.96800881954,32700.92996585766,33594.68090098583,32683.49196530119,40846.3640787186,33547.48104108163,32388.014605030883,31666.304437845374,32349.643930071128,36713.323736192375,33796.30823881701,36030.55082660378,33144.80608595451,33599.67485275425,35499.12539033622,33945.373490532256,36492.221462373265,36205.576201071584,34928.26969304388,34118.165084503285,34201.8576246885,36681.7039799808,37012.62960233891,33659.28429610982,34225.6764330836,34318.683607706065,33078.00025516522,33308.06068009949,40310.086760634185,31342.63276152876,32879.40890888407,30794.84199067986,32221.349195387687,30719.797755237527,32794.33120016169,30886.81146993693,30922.92835683883,32989.548408012946,33912.611870372944,34055.26602099324,35404.31852839747,29807.470758088282,32130.42206120084,31647.897642659056,34243.68335512468,32424.388528038482,32777.28036316307,31679.24268987539,34003.08500309838,31018.092336573372,32938.895198028644,36053.35143218088,33875.70487818012
photo_face2,28856.584087242456,34102.23524558218,30771.99543479786,0.0,35663.36529183861,35594.23647824197,32418.411006683236,33837.51161994845,38404.765443590004,45552.85162198831,38860.853469521084,37219.447504563395,40371.912262584265,37539.145064659104,37644.37756155948,37651.059902446366,39410.25035351199,45010.39932716415,40945.028651975605,37665.015300531486,39702.07010002773,37296.574956853445,44268.83253389934,38312.24885520942,31941.013371491867,33964.729736971116,33078.9473129353,29746.070723801713,35975.39393286338,33543.665786473124,35383.45946131307,33964.937600927646,34170.14603267693,41959.13238760681,38234.464082756545,42201.21913146289,41754.79855430735,34962.72516303729,32960.28891898082,37895.8518612909,37842.10545312339,43701.44238489261,38456.5672165908,37027.94424553418,33877.96968466695,35412.605043737676,33057.13619003487,40872.226788198765,33850.78664308301,32526.257659022627,32920.89252298213,32538.194612763797,36394.366081644606,33703.98516246924,36028.21555875709,33089.28391649869,34057.196058375805,36242.87221931505,34461.25858754577,37307.271494765555,36354.9810262002,35220.50614834339,34042.17951307768,34469.19906993605,36409.496991061744,38000.11134468353,34292.24765780233,35219.49285186446,33950.078756645795,33900.4937951061,34032.91186523229,40521.109434310034,31735.002285697312,33698.702047573475,31182.488810284205,32738.69387061397,31322.646234207747,33455.26324452643,31440.07407274923,31435.492577427576,33673.67312825634,34382.66138330396,34181.240340047116,35935.51617970449,30451.239323282458,32491.011778485296,32190.649722237362,34570.27394443714,32832.79237047969,32817.12502502687,32393.493159660724,34440.01677932711,31695.87906947315,33443.98318502945,36595.15333762022,34337.28092269102
photo_walking,33271.658023983204,36363.489940010135,36490.28507794226,35663.36529183861,0.0,35384.68759856757,33961.222437567805,34621.165871487465,39984.6877564556,47500.975911024645,40576.082131231735,38281.67760973505,39614.82211203085,37865.942577579626,37689.78082952378,37807.892776524175,39967.502110267145,45712.243113128054,42641.08987829981,38325.59343845389,42418.865001537975,38723.298557086964,44907.04806026323,39295.03971101083,35714.161451393775,36140.762687951086,36072.368340294284,36052.97976021862,32149.027410100894,34776.44549160407,36215.777249673076,35646.53756527823,35533.414687599536,43391.564933496506,37880.99255287047,42816.10932347974,42021.303966735715,36229.69506222057,34462.18881025775,38317.12178103684,39209.5907939734,44484.269450616855,39745.03014335155,37843.324380562684,35249.04929796896,36786.29488790239,34707.46239488824,41582.43120253802,36269.21847308478,33674.118884376716,35227.20714499053,35220.18396023662,33974.74539062759,34878.13340851524,36194.81409974168,34245.11381680774,34462.282340649384,38263.40944406875,34887.150293860934,38873.633027523596,36900.2159923238,35571.62579626798,35429.93735480835,35032.57475534377,37600.37163231297,38945.425029911785,36176.363365206154,36157.63892226028,35189.101291144696,34904.71770570184,36216.75008240133,41395.83107537602,33479.718716748626,35268.33330128993,33147.08344092811,34842.68312735147,33522.602066892345,35022.15604379769,33184.765816747706,33892.37272940848,35605.90374670836,36477.94475876998,35877.63096108436,38037.90842746234,32812.1224576277,34478.969089297534,34142.9329947021,36551.065828205865,34911.02867805359,34662.82952275545,34198.955970049115,35918.14697242844,33829.42821924658,35533.419326588504,38342.32899039704,36003.33870189971
photo_standing,32774.117912317175,36771.05607871773,36407.465528080866,35594.23647824197,35384.68759856757,0.0,33538.35557129316,34644.00227051102,39787.68012415365,46367.01344436265,39309.64997330772,38493.290771839274,40832.61283491157,37264.581292651455,35171.49799236267,36478.29995952752,38798.043572698574,46047.30336154121,42521.579510200485,38655.312852408766,42393.13305825898,38509.058629099905,45438.71551173177,38862.94158400345,35622.71319151366,35585.511484259674,35789.1436852438,35551.189263258246,35044.758304894305,31478.587127658564,34764.969999649176,35026.367384459896,35727.272522679305,42923.532102887715,37362.95528198198,43623.60744851734,42337.92966421371,34777.788688186,33292.87266326006,37250.16760926849,38172.07037620328,44554.565879274196,39747.372612017534,38434.18264418341,35346.713244217135,36586.66788049592,34914.18212813733,41434.635306665055,35850.32107608056,32980.95998686147,35114.63982874225,34273.71103896286,36724.85828668934,33225.19030143989,36494.250238348686,33671.78050996913,33563.82893104824,37839.12071124357,34531.97023561401,39264.28950077992,37228.730284295445,35218.95206390726,33938.72145929101,34297.52166634885,36527.65904817788,38637.830398284976,36206.24848906648,36547.561647931994,34527.97024998801,34651.601807015206,35798.86250869168,40537.002867466115,33160.21581238213,35119.981773935826,32956.51314247207,34836.34194852054,33620.50235989461,35350.39020831594,33275.680643026935,33610.9655979243,35711.286263204696,36379.42784645535,35694.81114097796,38260.32121071478,32821.57950131223,34223.105928905774,33861.29627896968,36551.45192726085,34815.41849532288,34634.17472048367,34243.99421951266,35926.66362796131,33484.49349403913,35833.76095544578,38496.18086880276,35935.84950788434
photo_hand,29934.01512260965,32845.37084566608,32682.556291261622,32418.411006683236,33961.222437567805,33538.35557129316,0.0,32014.53108640702,37964.83484639043,43958.16668563049,37991.83933143304,35891.523935300596,37092.57045483638,34431.44651101875,34304.37974190728,34607.423952636185,36521.1853198121,43037.916711883176,40296.3625732837,35761.40365969083,39732.9032694598,35903.17855685212,43020.06116591835,36705.715134323495,33051.965390053985,33102.10578427957,32728.36325089034,32815.245819813754,34159.28516415929,31732.354657223303,27495.3240075822,33199.72293467809,33477.70995798502,40559.492246007896,36267.91666328154,40973.75884583318,39398.98942503894,32182.65585404977,30087.39378903714,34989.28673744655,35749.89953358345,41754.24250295156,36943.36202229071,35616.32415985766,32719.950898977728,33317.475942733836,32250.528131013896,38901.066084948376,32561.20615781197,30194.209665704515,31924.7489028885,31600.49909068388,34279.48418089755,31767.086412830333,31252.698919551178,31288.84936339909,31307.71592210563,35329.06147426553,32207.45732277923,36017.610200930125,34358.06375541032,32161.45997219402,31464.042074099292,31900.922461583257,34437.76161356217,35816.612628749535,33410.40685764241,32910.769828366865,32356.417870464662,31529.830705915425,33098.93295027778,39015.98093737129,30962.19593078021,32378.327251475646,30159.813209593827,31996.99553649242,31012.504549628036,32526.206768611155,30509.13586666317,31156.69803808714,33305.35577525523,33971.42646640435,33402.301632185736,35944.619535546364,30077.92338251611,31400.341442238307,31430.682162780224,34249.810366058926,31953.87549645363,31737.263188929614,31739.927496794935,33207.777112193966,30787.335344779825,33291.28440835326,35820.296899687644,33412.55305700217
photo_legs,32195.370753882635,35002.431326014004,34338.51557478428,33837.51161994845,34621.165871487465,34644.00227051102,32014.53108640702,0.0,39085.48420104306,45251.07539047815,38795.2141063078,37654.6481048737,38037.96797613238,35702.31670854508,36082.13150935922,34755.54992028453,38531.38930836385,45633.89450303939,42791.91814269646,37819.67743277289,41789.64604493704,37707.73163035482,44639.496171595114,37660.557888185926,34460.030589985916,35609.91191414545,34893.37887552311,34687.88669426897,35582.384906535255,33317.75121447372,34127.10546123875,30023.417903876863,34943.4084671612,42363.31792676808,37321.91813342003,42223.22436393761,41339.53813495306,33772.45306299148,33135.371857410806,36159.96891529796,38362.392607606336,44463.63689884344,39706.93678726171,37555.03287835721,35105.62680584175,36946.282736874615,34577.05895366963,40767.81357677582,35061.85400222963,32189.20705716175,34738.5546689085,33356.715992983525,35730.26680528398,33359.055287356394,35701.23951486206,33079.53239943753,32533.439761841233,36993.371583710585,34170.56812694683,38236.16482078005,36265.48705750184,34240.03714445945,33716.75626532069,33393.54627479897,36686.011377860814,38497.48929602139,35835.65297573176,35922.20437947606,34373.686792380315,33793.87219575198,34938.359234502415,40161.39547250552,32728.77323766104,34353.73674957854,32270.056969967365,34249.85824446258,33260.14767657789,34711.926967080515,32637.115409552378,33214.61987949228,34961.87626104373,35727.56470928224,35346.75489076616,37470.627865302464,32291.110179868436,33588.62175993445,33269.67040852555,35769.518226197826,34312.44552366843,33938.33341244403,33900.195401986566,35294.8234694801,32738.162803850206,35063.55288327075,37982.767207714656,35573.7508469964
photo_bird,37455.056700930334,40168.735476276786,38122.20472582398,38404.765443590004,39984.6877564556,39787.68012415365,37964.83484639043,39085.48420104306,0.0,45035.828588936274,40184.896523779185,35244.29007922149,42258.791282837316,40257.07225623902,38873.613092915344,39764.44075925742,42035.22616849358,46006.792100898245,43802.81472661414,39114.36450542396,44767.777362005014,41335.26126936253,45979.90124540032,40232.620565234014,38883.75469456856,38787.25895810859,36752.09633374555,37871.12091680833,40801.67657895771,38316.341559928005,39122.92158654209,39320.641071682614,32090.414679750123,45012.43306848521,41081.50450182991,41979.139805654726,43956.31022482464,39330.48684133907,36522.02693356316,40922.594905087,41946.400488045896,45176.76771285827,40789.77258156177,39103.933932463966,36883.73358372766,39110.25017474308,36940.879718667165,44746.611152975376,38419.0617157808,37085.00252704968,36994.52254000458,37621.96354991957,40615.926348282446,38404.64764620519,40873.87350402271,38869.74831489938,37083.818695859634,40860.82415681599,37973.417491039785,39242.55164113859,40714.69533262396,39224.676132067696,38190.098428755955,38312.86947380109,41552.77036292263,39674.48528926558,38316.17312505399,37615.02161158669,39247.15140150099,38407.949454081994,38143.79307769791,43723.605945987794,34158.882755872204,36740.18710496531,34183.514979386586,36946.68509771812,35708.76125322152,36543.16395639522,34811.017488954596,35863.607872713634,37251.52833386041,37563.1545799884,37065.89974139357,39220.76897557431,34671.09810836965,35633.05297615593,35080.3313494179,38340.91724226439,36621.953215478694,36413.41580966633,35955.769085562184,37366.37178973844,34722.87922043074,37209.232632161686,40212.77692460474,37175.23396502928
photo_butterfly,44069.630792254364,46216.915439081204,44373.792882178444,45552.85162198831,47500.975911024645,46367.01344436265,43958.16668563049,45251.07539047815,45035.828588936274,0.0,46229.806743425266,44074.562087876155,46271.64050774911,43823.7850882083,45267.0615271092,45771.90626315335,46933.62344423902,51168.84638814507,50233.95111504269,44802.58675311764,49987.23907394185,46025.28956049646,49295.31255634791,44758.28029554738,45411.308637454335,45778.19130743094,42268.516519642406,43723.862364786575,46854.45320988624,44328.26830542637,44320.5462949941,44919.78895273492,41882.39227258833,35492.30469740069,45507.47267806195,48711.329358246236,47036.827100312614,43303.84291268065,42360.99082090283,46213.7419860268,46181.712880807805,50051.26632358716,46296.67872497637,44060.22839691916,43135.36411925615,44993.692433265875,43015.89638108799,47915.400549148944,42405.193604973254,43236.92916535033,42532.3843785826,42635.67380506316,46358.23364549686,43127.439045808445,45807.18927781838,44066.346843617,43274.152326410156,42479.713553216534,43783.97546868633,45414.618949038304,45057.35003860142,43235.85346019015,44078.123363382845,44458.52874224447,46184.4839615669,46363.53117887086,43530.38765677276,42753.81017193222,43999.11214081777,43844.49797678308,43264.288398048695,46885.95495345377,42030.14393721177,43113.53584353205,41372.75652022095,44234.82498873433,43273.1536730592,43894.10564763208,41973.839080340134,43116.55508129162,44116.11164802017,44698.58769600838,43789.97925798448,45841.75398521964,42207.871895118406,42470.88423070404,42031.9048565888,45015.99785693566,43216.44402544709,43033.85484941635,43302.88798028443,43736.09540441871,42198.79006097234,44564.73230818308,46793.92005945707,43864.9916477315
photo_girafe,37788.37357000054,39901.22179310013,39065.05392496742,38860.853469521084,40576.082131231735,39309.64997330772,37991.83933143304,38795.2141063078,40184.896523779185,46229.806743425266,0.0,39846.47019159945,41854.185077262155,39955.20769284946,39268.643256821975,39512.355161909065,42731.99695359407,48254.38782062956,44108.90874793519,40694.11695602374,44806.39106547383,41038.36931744963,46719.40845975163,40321.50891852287,39140.154160429294,39765.86807791693,38282.422824763424,38826.37923295824,40682.58571586115,38217.90875380385,39109.622115011065,38771.02148224685,38025.29963911263,44162.8123766534,32982.767136435265,44769.08646026714,43247.42183920511,39260.46007129107,37068.09338625823,40621.318699382246,41702.75612596662,47313.336908001475,41768.235994328104,39925.63247939361,38563.711841636585,40213.680365048225,38563.798848995844,43196.77251070785,38978.97251499622,37199.22450951594,38312.21142373662,37690.44992706534,40629.86569212058,38073.77433397482,40469.816657097814,38329.990476293315,36861.66615918196,40925.826904674665,35694.56298227169,41306.81437031535,40060.25151228718,39303.770736179256,38324.16866311469,38175.6651600513,41139.270834652205,41850.1520323103,38770.27285061997,38663.498505839336,39211.09855733346,38866.33947861055,38947.791977137,43592.986260340884,37104.79414954592,38960.72047072891,36577.5408977313,38194.24953155579,37070.96516549237,38559.43264518417,36805.67523784295,37368.47109794154,38249.732352844985,39666.50464642575,35899.10546025231,39992.0387629257,36042.42883425676,37578.25680632314,37186.03356033167,39558.28111116104,37836.381457664094,38168.09280243194,37879.18364055012,39068.834899799316,37232.03623739911,38422.880940535586,40672.53905239215,39049.41744277861
photo_fish,35399.29581368715,38643.55354596542,36760.18042357972,37219.447504563395,38281.67760973505,38493.290771839274,35891.523935300596,37654.6481048737,35244.29007922149,44074.562087876155,39846.47019159945,0.0,40702.55483800034,39237.98582940862,38419.993018026325,38784.18985927,40915.273638573824,42875.07884587258,41621.910082848895,36276.22551337396,43064.7630201443,39359.409757446396,42647.27995242805,38955.1712274441,37425.6953918859,37952.928766438505,34247.479348911096,36324.87618115378,38899.78772494302,37220.87131025481,37342.632362297525,37954.98857152514,32656.017361654936,43174.3773292041,39816.79867371098,32633.28763831707,41862.24465942138,37538.99354501962,35377.7952031757,39661.282308811344,40188.90989218064,42432.194693596786,37946.86195885214,36626.89686066685,34401.924453621476,36906.18461712595,33141.50161713826,41986.70171017008,36496.33026926741,35322.16428085189,33726.564832069555,35983.98420208529,38730.00618464117,36815.76481897621,38443.981811620135,36560.199518640366,35465.09581349772,38734.458183372444,36550.50922381799,35177.453951448835,38441.77130866177,37045.789085421355,36537.89437058134,36829.33163447505,39751.45693083504,37262.60651495499,35943.05155555585,34883.6783347064,37271.17977867884,36789.31142226765,35694.31511435883,41580.74245194956,31891.383322080288,34271.83066602166,32158.750808324996,34436.21160369173,32976.58418788181,33864.13541987484,32177.510294213098,32994.95850789835,34630.70308597108,34971.186754208444,35186.51342352139,36697.26280230074,31821.323442745823,33205.14312223789,32496.03890601158,35740.213711730066,33980.643084751326,33745.05076583767,33455.955856684894,34872.42521355444,32562.512689337975,34646.35059965723,37521.373641030645,34539.35127285122
photo_cherry,38247.702181327986,40059.2755646297,40037.07024515173,40371.912262584265,39614.82211203085,40832.61283491157,37092.57045483638,38037.96797613238,42258.791282837316,46271.64050774911,41854.185077262155,40702.55483800034,0.0,37738.89732116457,39493.29447038275,37291.098076670954,42266.2189786571,46635.99738580865,45461.83116169955,40642.881556276196,46231.777637765044,41536.38578154071,46710.48592144618,40186.22859717531,39781.50288113644,40339.816598164376,38899.63886746414,39909.753371033185,40571.506996940894,39540.600859102895,38897.954935999216,39184.163044167166,39063.50834072131,44930.06847847952,39348.991978720536,45091.16479134698,33161.54663509459,37881.980914510685,37076.67417168442,39140.716397255055,42706.577729644356,45476.42984322386,42174.31569926058,40125.67124063352,39320.36998070903,40226.873242210975,39015.81462770638,43066.392569845964,38693.83274314736,37573.27375485544,38772.41160472089,38170.32183154975,40067.46358835082,38959.91545773627,39319.4776249688,38348.86182549233,36648.717661521565,40550.91736850594,37531.6015046379,41658.73056534655,33254.938899816436,38137.55045539101,39295.65835320834,37673.00113585252,41373.35771147118,40488.97790580512,39432.99347985964,38119.86963425559,39659.97101355886,38207.82875116188,39335.7850644806,43107.41581599988,37422.75995420687,38774.844386490404,36829.948914472116,39243.396112931776,38039.674713787455,39112.083647182044,37219.42309929025,38224.31182339844,39603.88650331715,40863.502243398616,39356.54459204711,41655.93782655929,36990.440671158365,37839.338907787744,37456.1824291318,40611.399111242885,39088.34157469275,38657.14805938625,38593.33159151359,39213.36585183499,37374.77619600352,39587.92442179403,42152.32865939404,39633.08539175105
photo_tree,34650.944873035995,37212.637371717465,37852.968019504304,37539.145064659104,37865.942577579626,37264.581292651455,34431.44651101875,35702.31670854508,40257.07225623902,43823.7850882083,39955.20769284946,39237.98582940862,37738.89732116457,0.0,36475.011899789395,35356.8087764508,38659.79500430968,46257.591760510266,43881.73744789058,39110.52257356313,43639.34313236616,38457.160127526615,43390.31768756516,38466.944002735254,37668.14894454529,38216.838925237826,36877.232932996165,37391.881385148816,38550.45720287517,36339.17995935424,36539.77457137552,37211.9666152653,36952.38204581823,42888.71882230241,38206.35852738073,44473.82160196801,40896.211401576926,32013.032452914933,34826.78165532676,37210.42268810046,38985.77582880273,45046.95442593585,40227.53338033164,38875.37925171153,36588.19871073732,38409.80145858423,36030.02150484412,42942.58335334813,36400.585367822554,34402.92400862353,36603.15686396932,36121.72154844828,38240.82006980292,35189.06904440349,36986.74458312091,35115.45234851995,34633.09422174507,38439.051165069184,35441.550505885134,39202.03418261971,36842.96027571702,34134.69589097101,35940.95325168524,34832.99879277449,38350.32942949136,39372.44059538654,37062.37883418477,37090.06705655904,36023.08587317366,35247.05472669954,36083.326655170895,41733.330664138,34068.17637081721,36010.37023369267,33688.41730273694,36492.44816783767,35493.561792893765,36585.03757125913,34295.16244330107,35298.53478382183,36626.03141934454,37903.206843744214,37242.11108470769,39236.40102819417,34425.87001270855,34810.62358610738,34347.86826082148,38116.50122051298,36160.82337912567,35670.70218588561,36240.83109521462,36248.55606661619,34621.31978741513,37076.0262016807,40007.060513417266,36727.49948844476
photo_flower,34652.19078545652,38665.062038762255,38045.91895437005,37644.37756155948,37689.78082952378,35171.49799236267,34304.37974190728,36082.13150935922,38873.613092915344,45267.0615271092,39268.643256821975,38419.993018026325,39493.29447038275,36475.011899789395,0.0,33402.55884835441,37919.40942547631,46423.089650322065,44254.26151438557,39604.4367870307,43737.14790096346,38941.36528700426,44953.85642656414,38482.1861134729,37057.0279664408,37528.663263915674,36806.09156891841,36718.80848828377,37326.92785853705,35139.97483918107,34766.35871629744,36808.440158302794,35540.88028956172,42866.01226756287,37777.00141583503,43594.79437742145,41492.21454135414,34678.11248360715,30658.205821052477,34521.01570982353,38731.92320496373,44975.45883179451,40943.51078434213,39003.317992172524,36270.08581819364,37886.05843655388,36160.21941077803,42095.30732312269,35651.263539566455,32665.791018022876,36278.53715771407,34268.46829738598,37486.248672025125,34300.454447483666,36660.397171436554,34004.895803350664,33341.49349475078,38303.71171235173,35279.181130950245,39717.390234862745,37063.85999030534,35206.56216157717,32729.52150793534,33049.27879951208,37504.98167661736,39344.47700655694,37912.167434368,37046.37390264489,35946.56064104503,35636.49194562483,36499.511100834185,41360.69245556982,33724.147743339905,35947.375211096565,33736.904892371174,36190.35893417163,35070.833594321,36714.454740428795,34027.28341023068,35053.499070209196,36601.05926950253,37027.37211014977,37018.824854857055,39307.977439822236,34117.10681841707,34509.41887710336,34321.31486902609,37986.545649044354,36069.40113711113,35484.1510171489,35584.94435902466,36434.546356555526,34224.283663029426,37027.191503232076,39680.41898592993,36610.5153976784
photo_carrot,34585.75201244248,38046.88509850301,37838.633373624645,37651.059902446366,37807.892776524175,36478.29995952752,34607.423952636185,34755.54992028453,39764.44075925742,45771.90626315335,39512.355161909065,38784.18985927,37291.098076670954,35356.8087764508,33402.55884835441,0.0,38568.03233884925,46561.88276325255,44871.862004142546,39798.950445656774,44189.00523210864,39885.764707677205,45927.274716732994,39409.51988565301,37209.456268743095,38332.282898638936,37400.50692489522,37495.55106974999,38533.339316325,35773.42806184505,35534.04059464984,37261.32457373408,37269.26581745254,43759.30493293684,37992.704443327166,44263.813268715276,40956.02245439411,34647.940363283895,33668.91178660707,25453.345983987,39802.81994390629,45578.82905827528,41475.01004333657,39406.63787704389,36942.74413319319,38916.26387328676,37263.80454984092,42939.176663605314,36407.091288898635,33488.923721663865,37213.24850645379,35148.7046172171,37316.22026657691,34594.09697012029,37123.334740689876,35310.58987774137,33227.230544231636,38931.2187320147,35453.34072725386,39985.097023455484,36695.05161385006,34793.02345116406,34610.87623526599,28946.109716664723,38093.27715424109,39525.58398016979,38100.62178979365,37423.76220081269,36327.46607556031,35630.80959888062,36747.2162826449,41896.71678220972,34130.14058498303,36303.26637034316,34251.882905818136,36890.893851532186,35698.808485266534,37112.1005662066,34482.37178541723,35743.033408956064,37078.353822257595,38151.196898762624,37311.5303311423,39680.08775014575,34618.80259345538,35344.97225287502,34743.00854020874,38114.20387535134,36792.77568173107,35806.98841278879,36084.84809855401,36701.69817542442,34565.09405944786,37270.36898813957,40218.569682000816,37126.516749020484
photo_watch,36627.43178978307,40223.383756357725,39815.73427498786,39410.25035351199,39967.502110267145,38798.043572698574,36521.1853198121,38531.38930836385,42035.22616849358,46933.62344423902,42731.99695359407,40915.273638573824,42266.2189786571,38659.79500430968,37919.40942547631,38568.03233884925,0.0,47826.67007088415,45366.683722729096,40781.31994550188,45290.95353168243,41284.65607319937,46278.813733368595,41054.076671922856,38707.618551132124,39808.76941717555,38673.946123167836,39050.62876449825,39373.3670619308,37303.997641323505,38060.42987788175,39844.764749731345,38133.54482644826,43963.29233987667,40327.537007607774,45645.6472995516,44607.864178658296,36978.35020608826,35453.37260732669,39487.019615051475,31332.281014435863,46850.4996238,41741.953237143185,40869.4826726994,39279.85242715803,39897.920148733305,37887.92846552075,43223.640971122826,37644.64863430291,35102.06094717984,37738.31778092017,36932.787685085306,39197.98606790138,36416.70779240688,39121.91354971943,36143.49900336652,36014.04994105931,39651.470309063865,36780.22152630577,41000.36520228185,39126.41458110492,36376.11563176143,36214.32367500155,36344.50381867955,31517.43018669679,41133.731499677415,39002.23773126882,38822.807149451786,37595.10692398853,37667.53249271849,38561.10482083567,42141.427155405305,35886.082221374156,37551.44587170182,35549.022773919896,37774.08207945623,36765.176549220174,38054.46162428031,35941.19382998281,36733.26557838992,38095.55523008875,38807.49606496193,38666.688252561835,40415.29123711066,36023.21153833257,36367.702154814615,36297.91300031465,39719.09532431738,37803.73793371157,37107.07869904554,37429.01298158175,38107.09758968121,36020.10623994977,38595.02477732239,41183.45251133484,38541.05028042581
photo_key,43599.644002794055,45475.94152853765,44047.55742955457,45010.39932716415,45712.243113128054,46047.30336154121,43037.916711883176,45633.89450303939,46006.792100898245,51168.84638814507,48254.38782062956,42875.07884587258,46635.99738580865,46257.591760510266,46423.089650322065,46561.88276325255,47826.67007088415,0.0,48667.90396000633,44590.40435500555,49607.99530090351,46877.62197819113,50051.56763884096,46409.69743579044,44493.30673560262,44917.27197664757,41304.71146615013,44198.9287672195,45321.156216689706,44105.20744323833,43889.4824041834,45059.19500773071,41626.51032825229,49435.61592100326,47708.930341833635,46145.75109503386,46218.26819379238,44196.291124309755,42255.91493592651,46310.18202971752,47224.08432374716,27889.553202855648,44760.36675757203,43424.783912042374,42096.18830185307,41551.02988098294,40353.17353040932,46994.53552390005,42780.52078231467,43045.31733559012,39811.87367251282,43161.685047655985,45022.09583325442,43491.773415813805,44529.27381725514,43154.12189155582,43446.52895911993,44901.07098003122,43690.65392233474,41860.72011338544,44023.36627428225,43441.691312482835,43110.67258080028,44053.226818292,45876.03989517081,31070.496021686962,42008.28455449804,41723.90202158064,43977.01499814609,41809.66373273183,42184.24207080004,47096.70601999893,40255.51666068814,41087.33433738562,39951.96357026991,41038.328152309114,39635.76297668726,41242.14414648365,40136.15555395618,40487.818746328536,41856.868053631784,42578.69714955026,42988.01188166162,44163.90810011255,39625.87786824356,40504.049951121124,40458.26114553959,42790.43286016385,41085.70365508708,41499.405049833826,40834.4139900086,42231.05386671708,39997.70457919069,41880.686161851714,43878.13173333305,41961.196990335855
photo_truck,40200.5483891588,41863.374417148494,41001.39070599553,40945.028651975605,42641.08987829981,42521.579510200485,40296.3625732837,42791.91814269646,43802.81472661414,50233.95111504269,44108.90874793519,41621.910082848895,45461.83116169955,43881.73744789058,44254.26151438557,44871.862004142546,45366.683722729096,48667.90396000633,0.0,41267.03156758597,45810.369832283825,43469.48307181807,48282.449838048626,44261.4676506807,41237.900167039086,41956.025771969085,40056.159268480595,40541.1987447249,42545.58366304671,40837.78610077155,42139.77176086619,42274.114349128264,40268.69870453539,46589.47605844435,44475.68746221999,45373.92232827838,45101.977701587006,41699.213232571485,40217.974660804575,44450.240493225654,43865.787029692445,47850.085451883264,35160.36799647739,41277.43550922877,39840.845385319866,39698.138986717015,39407.57043103427,44606.00093595297,41397.65122228374,40778.13901437677,39423.01354664352,40841.30258066631,43165.21152430159,41211.2214947591,42583.758791673994,40547.659622810774,41285.172695294634,42371.089217748915,41740.10503779962,42261.39496752625,42333.213697687956,41963.7460221298,41469.40298583161,41793.22854246716,43005.99044367569,43004.51513400473,35120.444445413865,40210.92965837228,40521.654506236446,41129.04657610923,40411.88381387172,45931.59209340298,39723.259527256036,40908.10097013585,39044.095667792084,39689.19939086715,38516.096725827374,40135.01274874959,39167.20082379566,39184.896122699596,40902.18153618053,41952.85280914774,41354.651266401524,42934.04693303504,38211.99880036371,40021.96607474169,39728.78237583184,41588.867416800655,40003.73672156798,39986.069848494204,38670.16970586751,41365.434923179535,39365.9757408251,40956.1969211605,42626.98967892019,41103.7909063272
photo_velo,35983.39449665407,37653.45399769413,37474.41646469374,37665.015300531486,38325.59343845389,38655.312852408766,35761.40365969083,37819.67743277289,39114.36450542396,44802.58675311764,40694.11695602374,36276.22551337396,40642.881556276196,39110.52257356313,39604.4367870307,39798.950445656774,40781.31994550188,44590.40435500555,41267.03156758597,0.0,43463.00417747371,39830.433802102845,45565.957586162636,39860.310608607026,37706.368396163634,37868.31213939647,35793.16122745292,36877.31718045589,38756.264967427494,37466.60188247236,37713.454049957545,38208.64843423666,34628.33606801916,42971.34323734258,39610.832932394915,41315.478004348886,41618.28597053848,37800.883019203255,35781.388338258934,40031.04613628583,39628.80740452386,43749.7464932766,37359.796481718375,24898.66863023819,35668.46771484767,36910.32799707193,34914.48079710328,42247.82139703036,36867.8319772259,36305.48138356068,35114.117281773855,36594.35858926131,38611.33798225549,36914.569722253706,38729.244117479604,36989.78265153516,36713.34125696132,39453.280163808,36939.80700435405,38979.317852110216,38220.79864664602,37656.229887725014,37133.45496055529,37633.604791149985,39613.6689981546,38787.99968983053,35774.92909237992,30436.03629771058,38166.42629261583,36886.017116084055,36441.64752957147,42402.4035706386,34719.13100048625,36422.83642218036,34601.53775861802,36217.565459537036,34899.93492020279,36123.987328959956,34833.96043701497,35321.684701071266,37043.40689686819,37499.29978664496,36489.83751788192,39116.81949963342,34280.44526684035,35506.120559829455,35246.43114030439,37912.26627107735,35700.57026980041,36071.377472715125,35603.32574236829,37048.044653392244,34830.25923671848,36884.28756147656,38874.07033802776,36916.58164995423
photo_road,39198.56992604181,41784.661106680665,38800.92169647722,39702.07010002773,42418.865001537975,42393.13305825898,39732.9032694598,41789.64604493704,44767.777362005014,49987.23907394185,44806.39106547383,43064.7630201443,46231.777637765044,43639.34313236616,43737.14790096346,44189.00523210864,45290.95353168243,49607.99530090351,45810.369832283825,43463.00417747371,0.0,43333.112877236825,47761.44233970747,44057.369659093834,41043.97679401653,41879.54868955181,40134.5296911762,40215.00269234598,42762.170562779655,40930.4196471038,42199.7676640043,41882.550966428134,40926.5760335114,47360.639384503054,44478.95669300424,47410.55829769777,46686.851844185556,41390.1609507034,40144.32010627018,44426.40939316477,44185.73193086956,48843.01070031935,43548.63391476322,43026.68082263095,36027.26415073668,41233.043821132065,39595.19594485765,46183.81722988669,41048.122273352354,40360.03180665436,39274.85350496146,40844.004089954164,43055.21918612994,40949.30336517208,42425.61769726904,39966.92380810689,41370.5869848897,42289.42200840921,41429.66100078495,43495.69600894531,42946.734192838616,41712.65143308349,40877.30548960465,41299.98204034308,42366.19857040055,44024.12370976332,40890.47564059188,41374.28621755337,39239.412143251706,40880.9081168495,40573.73103260449,46210.68955920345,39288.59703917529,40602.70478502025,38640.121997866685,39254.81646025293,38540.61054288122,40008.416647348626,38808.866942264816,38621.82432152106,40483.93251027108,40997.41745724146,40937.689862613974,42556.13966822521,37801.47996290977,39217.641962783106,39498.08918593858,40874.95956567206,39653.49595866041,39507.59309514657,38729.76327541535,40672.63227634769,39203.97687175113,40512.68073214004,42485.2973620913,40724.21426678777
photo_house,35591.49248784405,37350.76224730401,37339.44402068854,37296.574956853445,38723.298557086964,38509.058629099905,35903.17855685212,37707.73163035482,41335.26126936253,46025.28956049646,41038.36931744963,39359.409757446396,41536.38578154071,38457.160127526615,38941.36528700426,39885.764707677205,41284.65607319937,46877.62197819113,43469.48307181807,39830.433802102845,43333.112877236825,0.0,44649.235182984696,38268.5547122092,37703.297867131594,37629.76190231872,36736.01617841887,37138.55048281733,38613.691055523544,36940.78331126394,37555.91558713255,37632.40839741293,36758.53492397176,43311.145976487605,40401.53232584006,43639.742604098166,42840.176843202535,36700.74015326674,34851.15089690186,40168.969211729425,40013.946415775514,45785.54669884645,40370.72038667918,39028.453880443565,37224.69149126131,37279.40973381208,36032.3502090577,41598.97051690647,36731.64550779502,35405.000778365116,36157.397816370016,35950.393085921656,39242.619468581644,36484.34331692476,37746.979526185656,35909.17020673507,36125.053898347585,38880.21751929402,37181.96753578164,39648.275936521524,38232.51921602694,37081.648259737216,36831.80367293125,37042.199806972836,38905.470558944595,40555.71501702913,37425.726927642834,37212.22788245219,36615.84884502706,35413.99894191402,36533.7312757439,41663.39717887768,35428.11590489093,37134.99818934605,34838.67407702822,36014.59451974966,35223.22905355454,36877.2809651918,35282.64170522086,35617.08181342516,37086.11864431089,37663.97477951818,38041.638368324915,39440.56928805988,34540.48319278815,36144.27443920314,35677.80436422521,38003.92851305316,36164.862975163436,36475.095668070644,35994.45831911379,37630.50630928869,35562.94894614751,37227.61761853843,39416.504970719965,37582.21600324237
