,photo_face,photo_profil,photo_eyes,photo_face2,photo_walking,photo_standing,photo_hand,photo_legs,photo_bird,photo_butterfly,photo_girafe,photo_fish,photo_cherry,photo_tree,photo_flower,photo_carrot,photo_watch,photo_key,photo_truck,photo_velo,photo_road,photo_house,photo_mountain,photo_windmill,drawing_face,drawing_profil,drawing_eyes,drawing_face2,drawing_walking,drawing_standing,drawing_hand,drawing_legs,drawing_bird,drawing_butterfly,drawing_girafe,drawing_fish,drawing_cherry,drawing_tree,drawing_flower,drawing_carrot,drawing_watch,drawing_key,drawing_truck,drawing_velo,drawing_road,drawing_house,drawing_mountain,drawing_windmill,geo_face,geo_profil,geo_eyes,geo_face2,geo_walking,geo_standing,geo_hand,geo_legs,geo_bird,geo_butterfly,geo_girafe,geo_fish,geo_cherry,geo_tree,geo_flower,geo_carrot,geo_watch,geo_key,geo_truck,geo_velo,geo_road,geo_house,geo_mountain,geo_windmill,word_face,word_profil,word_eyes,word_face2,word_walking,word_standing,word_hand,word_legs,word_bird,word_butterfly,word_girafe,word_fish,word_cherry,word_tree,word_flower,word_carrot,word_watch,word_key,word_truck,word_velo,word_road,word_house,word_mountain,word_windmill
photo_face,0.0,388.3389483375337,452.45839869814756,443.3540845835791,406.06585464342953,407.2561511949442,343.8849873948603,355.9521740072148,500.9652873284657,572.1851190872725,604.619131768538,493.4080258870903,471.2244942182114,384.9342569771005,414.2817494056731,398.1806161425876,487.56198954966646,461.5812128133599,521.7490053653962,530.2012820327437,501.4100798602212,451.46730399872246,525.295102264866,511.3838096000368,385.8714244093303,428.88255577423985,467.6247847992214,458.2293081654137,387.17500455628783,397.3688586980302,381.40384791448093,376.92617265150614,436.82132976019733,461.9626752917352,400.87699040123766,441.5195718023765,419.39341251308076,380.29215490856,374.05732755170675,402.05570482273754,361.28789779347426,458.620249915651,476.03930735699976,472.19424851773863,426.0401229184994,450.8915583621483,425.8579062065012,400.3573533842645,464.14329661458345,397.13505635764994,450.85898915889123,390.35719801311524,380.35999674492973,379.9944764579535,381.0165617601643,383.1819619480921,396.82556185581336,459.80459614262156,422.69888215717646,460.2780691083781,435.18842368745527,393.8798781765566,381.9684343378268,396.49559875443606,391.279761461219,443.52373869364067,476.93116431305197,434.8206727096617,373.391943451889,396.13805504408435,424.40104062948245,416.80333208145026,399.003528648305,397.11245268670933,399.6494526337744,440.2943408662091,450.8025379921603,449.1248439167456,394.79918628170157,446.24278886240955,442.2301249548046,453.8112739197563,412.5985356614714,446.93110637102507,450.23898811217447,412.18001480024844,405.1918603290209,446.13963827812563,435.66104456406384,390.5659116610772,444.249521235437,395.8519772500044,422.44292136504805,440.83378672005495,491.81921256796045,429.95977891970966
photo_profil,388.3389483375337,0.0,472.1759930781563,431.956814729943,476.1670915483819,466.93756274916007,407.0798452498505,462.5400593652368,523.1774088423173,547.0304984574201,618.5131258550296,526.4489575842161,507.18957163014875,462.18059272660406,467.6392374474507,471.8516835288781,540.7355998111475,499.48493823134515,531.7384960766758,544.6974853054162,490.991507229184,351.8865489092701,556.2372722773388,486.0691613230107,455.26218318912305,402.7074882613964,497.3649370521864,466.9121853135515,471.7875683036929,442.65665529271564,439.2443981545788,435.63681085906495,489.9302405250241,478.7576847293865,455.11912444696674,486.3931684848237,449.5427240180132,463.656609584374,431.03321162961515,455.3259834773755,450.6565553123043,493.24695073068017,497.9861308711447,501.17809749336936,475.925036890929,471.0708453167147,482.4142145416903,449.77847341947165,469.23486032003717,460.3505555245925,490.16240948495624,450.6371302707653,462.25000118752325,451.2876294007564,453.0973060419186,469.8782433876775,467.73430192473637,472.58419878462104,455.5689218357249,497.2303836453257,447.1471371345063,454.5685788745968,448.1891886641031,451.03028958123383,450.9267576481145,491.50670197747775,513.696124761246,502.0025953112611,431.80974467090863,410.07411289547395,471.87001995658534,465.4251217507183,487.05015540156353,471.7090483313058,476.8402255110225,489.814010472889,498.2091709031653,497.0106938776151,485.0987415010772,491.75502009878574,488.476033769231,503.4364080359705,468.6052056973941,492.67705476535014,495.0363622745966,474.0844863009848,474.95456076114436,491.2634253327223,484.25304058396415,484.01157098113663,491.2256765106123,483.87244588080785,487.4441847230907,487.178727541896,537.3115825850508,485.6309097749975
photo_eyes,452.45839869814756,472.1759930781563,0.0,410.7639724123473,504.68360787698816,505.14147054350667,469.9709112620348,517.0795888902144,497.6727052566064,555.1056625768864,614.3840465775846,472.51613825289564,524.6989598918244,531.5156233054421,527.0363724719962,498.01463510095414,602.4338248895408,451.01001424375096,512.3528401651303,532.115777580299,296.7640231885452,475.5829481322155,535.3139177369844,513.4986689863956,464.8815086455983,483.64526914116465,423.40102463618416,446.47694737727033,499.82942610969366,491.4304827461797,472.06628478228055,459.83224941477806,466.3077372729329,410.69906319710435,489.38644593382895,436.1485388335109,405.7446652587613,476.008519873062,476.97798378610264,501.7231763537611,464.2160025838081,435.2828917693341,468.8759669634729,464.24746908683716,436.71224017774585,445.6331632193184,448.80780695261154,489.0268208671716,478.3465308841855,479.31398271822604,430.4359155093711,498.6027991035201,490.6982089771102,485.41611391805594,484.5944615408622,465.3167213736136,485.65473780058113,407.5578541228628,475.6830083837201,434.49776145723314,489.12092431009114,464.1994402767478,473.60271379577745,480.986297882696,463.38956103336307,434.21414424066694,477.48583888979005,453.61016205049066,450.6905238921519,465.0090123890709,455.7112024190638,503.54124713970066,455.82846301285923,439.9877283651639,443.72487185678347,441.12962645564005,432.0116688943651,430.00611563987474,451.42933317369693,431.31390387600936,437.2348725634393,440.3488764908413,441.1156883541127,429.83119710558503,432.25951214013855,442.5445854854422,444.41426145380683,433.73690208646093,433.8659918441061,449.70809126765414,428.73970980032976,450.7318445731143,449.78112152936745,433.30862807215186,476.387014192474,451.43417396795735
photo_face2,443.3540845835791,431.956814729943,410.7639724123473,0.0,503.69737412332495,495.5367019294854,441.4408661286356,509.38709655556664,459.48918199478544,533.3418496675274,586.48212446366,496.7474931018926,508.2158299077703,512.9513706076696,513.1071598427866,498.92771881453564,587.4578939988587,496.8354350676845,527.1303801143995,547.781737067431,422.4070244238843,436.7387644383363,566.3460650775112,532.2809006837409,432.6946942295791,475.3645187140252,488.5527741235384,419.6532387858957,484.5815960683363,453.29581137893405,470.31605490083007,458.0434551197479,476.46137014516137,448.0690180021415,491.833552028196,481.13439505151194,420.25861291301095,473.7601442212603,457.00568357767565,494.0460370472335,470.08253507449814,489.34702375289385,498.89550464459825,480.9006931599066,461.75197209937977,450.08838574553613,487.7511708008856,469.49030086820073,489.1661518934815,476.4417127610073,479.1711466349269,481.5225804280591,462.08923690983414,466.94981773505157,466.48108714759223,481.21895837208336,501.86705239136916,441.448012520949,484.98773296510967,482.01235126732314,492.10452168623306,459.0006928390912,459.11541092122945,476.2806612007998,472.2366532002182,484.8015665413745,489.75924881455643,464.0605718124749,450.4189613985419,452.6495964498087,455.61904907570914,500.10776163437856,485.2106740365473,472.34297700532295,478.8770892007847,486.5824557988468,497.90185579857894,496.1204889449953,483.0192633580181,498.96565471041384,492.4851460843857,488.7131252645626,477.1879725657707,489.12971392519404,496.2468985898843,483.6948721035055,471.6144741062469,494.6825644150801,486.88630453508665,480.7256772515436,489.61611520288596,478.51463782102957,494.6970831125556,484.75047777971196,528.3331696664111,497.31728032133697
photo_walking,406.06585464342953,476.1670915483819,504.68360787698816,503.69737412332495,0.0,414.0121766433265,443.46692670951603,407.2604943403604,503.4716527966861,581.275771670115,635.9724923764526,511.0313769819237,449.85385727026915,459.32583766237957,393.3380357289955,411.6733320159328,489.93533152998543,477.73543591971696,542.6071648354658,534.9861132428352,541.5819666200922,491.80179816177224,498.52112544146223,569.7796761707671,359.94777061435565,451.459969873676,474.5615513334763,435.89654625971724,297.8177623342917,399.74332418708156,406.99793584710807,379.5824858217615,418.28377737655296,419.12078311852406,367.17934829678467,410.60675819406976,423.3710495597541,353.8635767131127,401.09734344120506,378.4037988210559,359.40398979514606,463.93409984788957,463.5738373477253,472.84487279367244,420.4860632117782,435.7110385010298,397.41100143237617,428.41161938803776,454.570013174103,363.3524943396958,465.56857410832527,419.567217588806,334.73457981163386,370.66685082367366,401.6474887394602,379.8453996685958,375.18470791325933,437.0669449508142,382.1077745139063,434.12247885087305,384.73129539291955,339.1011235575085,369.7808042475085,371.17830634749293,360.9727841929172,441.48871291895983,460.40403949847706,438.33958536838776,381.873500605892,418.26389329123504,415.45738463126986,428.4439578399684,391.2953849707483,404.089664584454,403.3915029014716,454.71863774644663,447.56662850859817,446.1609218779022,390.6837034357328,444.66325120599015,443.0507643419819,444.6687599749613,418.30098947173286,445.38002902499375,445.13279420914523,415.38138663334644,405.01299395078263,446.871095900551,439.53854717280956,390.73130848623896,438.7318860353249,390.5312696527268,428.23165443501085,440.809097608287,490.7274780243859,435.9985668840319
photo_standing,407.2561511949442,466.93756274916007,505.14147054350667,495.5367019294854,414.0121766433265,0.0,445.4416213096256,401.2386217923861,541.0306787776093,635.9124175410989,597.6616047464901,534.6943751796053,532.9863513438726,503.3791251524981,350.32484184521513,352.4241778291355,448.9432612035666,491.16432831686785,564.386703304554,593.031379252922,540.4173225384816,521.900036199687,551.6147558455336,562.6818501263658,406.7279356716591,471.03047360715146,505.546634826528,451.4051981876724,409.25272997751335,337.80779413718625,390.47741570116074,403.38305682161223,457.274698280668,392.9498808512011,370.0772861965315,452.3029249491102,422.10324621276135,388.88053089845073,359.6224018917439,333.8068257965627,360.5311480126632,478.54833125885403,496.9590574552642,535.4117812930823,421.06148825059915,483.6210760695879,433.2280807060543,400.9256828955736,436.2823826171059,340.5811497631618,493.7989503085173,331.62423284380594,392.19624866991774,362.19640990149276,403.75509999747396,404.6405383831422,374.06742155551245,433.63741857093487,370.84948364665695,476.22821558326973,439.1583847279351,362.6484808272934,326.11551988871724,308.59055731402196,338.15689948327304,458.5560026387778,480.11855052492535,479.64281461435485,380.74983757414157,420.62367725877635,395.9972821102015,421.5288943001997,418.39385376442993,431.6883157049928,425.03772743458416,470.64740245290324,477.77076663915375,474.76958067957713,424.1820729775349,469.99935585283225,470.52771399938473,461.08401532311177,445.93925184658957,465.39889203093406,471.74943176645974,437.5582672425651,428.2558634303862,472.327335249086,461.061122664721,415.44173397224796,468.2148864177501,412.93938929090194,443.46653811267504,459.73886606244577,506.0423357750629,452.96598314394635
photo_hand,343.8849873948603,407.0798452498505,469.9709112620348,441.4408661286356,443.46692670951603,445.4416213096256,0.0,417.92654467242676,527.0369753584376,582.9538013042145,601.0661787143475,498.96735531008716,481.23507354699035,433.23380898575954,438.02380305239984,432.27035575028816,521.3964602132519,495.0178703550448,548.0132104498583,518.7732059265408,503.4677567519887,446.56807980701274,561.2701459268484,531.9851299213595,422.17358106373104,426.9845762889434,467.80278176483745,448.6315744012253,429.489923518273,417.85103859720715,409.36511447983656,419.40808924629323,473.7829040020977,474.2019429551649,430.24359044963234,449.74025164581343,415.1436994063466,416.23025337801175,407.9678203522891,427.2928094686736,401.47480718918393,474.2176306013617,475.30467442804286,484.3944885459879,446.3462291255961,456.47360037900347,457.49692241376636,423.82023796892656,496.9088732994457,432.22735682676944,452.65856039283995,444.5095170755645,415.92312549469597,428.4612528635889,386.67158644658195,423.3636599936064,451.3363296556904,457.7412718053073,445.0370970284234,475.1304037719182,459.39912366170967,415.44385368624813,401.118818857949,413.6251340221329,423.85672207222615,475.29358335301265,490.2620153631221,455.4415796203838,399.4323606433253,413.1537321403769,437.35600407467126,445.7627371505717,446.0448164733975,428.94743363054687,443.850192647414,464.2011031818809,470.00470685261104,467.66023278555537,440.99992093197403,459.9516159766163,463.8557998083131,463.1173859831474,437.0517961290998,466.13586634384023,465.61407070240955,442.3961739334349,436.07747203468443,460.97138296623746,456.4393969157015,437.2601880231525,459.314775320337,440.8905372085296,446.7137212761949,453.81860839399815,498.5130856892183,449.7011709820606
photo_legs,355.9521740072148,462.5400593652368,517.0795888902144,509.38709655556664,407.2604943403604,401.2386217923861,417.92654467242676,0.0,554.1074686181694,627.283801985462,641.8282879284142,547.3833070343508,501.3695842599879,464.92756051673217,383.54448426394833,377.99750445145344,473.90864853042945,508.27886464364195,582.2340204129841,580.711338700657,566.8204595323602,497.80998556159483,578.7238782131512,567.6840145938207,397.4859520942213,478.4867633460168,499.79851823791046,482.07648724413355,374.5427004580457,384.8735612874576,397.3383573098844,384.6419247497459,472.47040807118856,456.3299152616205,408.1592113278368,462.6171049967169,441.65376057119465,367.89518451390285,398.98252250848213,365.2726299712993,346.5364131104153,495.0800448606467,511.8844950052954,525.9984683461608,453.1922500691949,488.0995583299288,449.7088546754852,411.63396720023127,470.6929393160604,368.5351872010334,491.23406569725904,388.1090838947907,362.8255892501893,367.7435295819568,400.3393782769057,360.94164359310355,353.4048255002266,469.2092002468784,426.91343537531134,483.5881910223934,399.7154504492268,390.47866110704655,381.38119509570373,356.00293900882644,364.38893974040354,477.1140934716102,499.825949130873,476.02746556939155,423.2723640356484,414.45452201244717,430.9404608634779,433.9447086104674,426.4874168446238,437.2174692564294,436.99860373377044,482.52426999249917,481.498870552163,480.10532887244403,433.07842339885946,477.92098896751224,475.24751335346787,481.61820336823416,452.84361551662073,478.0290036983849,480.0980738594574,450.3654124671673,439.8070825639382,478.1159627396787,469.741140541589,420.5098306226359,476.3428086165406,427.06703129146945,457.8518990211224,475.038806537975,522.1387588041489,465.13109276749
photo_bird,500.9652873284657,523.1774088423173,497.6727052566064,459.48918199478544,503.4716527966861,541.0306787776093,527.0369753584376,554.1074686181694,0.0,549.708324634435,580.0668448593797,433.5309126376119,543.8373538312056,550.2914731877776,525.4414916750881,512.3601872730624,583.7335464081586,402.36013584654864,501.37521179866303,474.3177000185612,506.16112316742243,539.7657258554401,542.4012112698919,609.2380239468472,419.9965785367034,483.54541715538176,423.3528896493142,431.09154855124416,479.4830492552908,468.7330457510611,477.9236778257528,467.92022005553275,358.61276623005153,472.00535881454726,473.9725504708153,399.8255715943541,469.4590626763061,450.89815512320564,451.7877027456535,494.76805347868805,435.03813955933435,391.543007654441,446.0390419419688,414.47343328723673,385.04083081048947,406.41501035435465,408.8717334813218,487.00987329605914,503.9175577908164,478.7786425116581,407.45422046363217,481.06247053726383,474.429267592347,469.81376462539095,495.0797948469655,474.8533173583048,474.331636201062,474.7788274242149,465.75251301878524,406.7602938611243,494.5358778070453,435.416219339162,454.1826982538963,476.86025844864787,451.30939078482777,381.2299484317946,470.63543918744915,410.43912812292075,457.69401500959896,459.958455938825,425.00630217456677,502.8652822593976,406.47714131549327,394.52382619918006,391.75004398391445,390.3299774726955,391.1351348771933,386.14406076516156,396.24020813036765,394.3873825517616,389.8000220209912,389.80938296321744,388.17836680297023,380.4331862310514,386.09513917539954,393.04042036730465,380.18077455955006,391.55608296925,383.2365355563752,395.46719257210776,386.0053734003236,395.4074623377792,407.39030629820513,374.399822312287,430.73718411564624,407.0292305655534
photo_butterfly,572.1851190872725,547.0304984574201,555.1056625768864,533.3418496675274,581.275771670115,635.9124175410989,582.9538013042145,627.283801985462,549.708324634435,0.0,688.0332956152399,603.1055986642025,607.1812989345229,584.8838456460475,638.0296152687022,636.9469746829309,682.1391954487269,560.9738167193434,570.418097538996,531.5748320159784,512.9631341880951,542.0402325224105,571.0031719703982,561.6125850540062,534.6903914711661,514.6340728422068,554.747196810567,462.96782083570355,543.4111873931431,566.7282230114498,574.0698801806726,556.9146645445538,503.2812012346926,528.974994909627,579.129474602704,536.2357557204543,521.2169551678297,552.6042871558534,557.6726593728324,608.0974828462405,548.7449842216299,544.0780145326927,527.1361318875778,487.71896423769437,535.3709517766364,481.70114268768714,532.2369604378808,510.66625380994265,581.8357107145968,597.5411749295923,549.2929897328046,588.4706939882524,546.7852321002703,550.7957304237893,574.0196506438773,586.0099547209486,589.9797903858536,527.0951381096107,574.939629771493,551.1039278864477,595.1149395070865,566.5092938929948,576.0587946525795,592.0209475676143,586.9280981195892,554.4302525897942,566.6876978838445,526.7863593536431,559.821699734578,544.0611218834898,535.0509984379903,546.0124007572692,547.5692332102305,527.4897434007908,536.9466911983767,540.5535678909469,546.5705256861166,547.2871439746068,541.6625382675576,541.2229989340524,532.1881914492093,549.2976690634797,519.7172849911877,545.4549663237335,538.7151337144396,530.2533596227203,531.905004004704,538.6291240234222,538.6522945286864,542.8809816230081,538.3286802178401,541.1954054382142,547.8570784873326,538.9702861383045,585.0501408203638,544.9231538092992
photo_girafe,604.619131768538,618.5131258550296,614.3840465775846,586.48212446366,635.9724923764526,597.6616047464901,601.0661787143475,641.8282879284142,580.0668448593797,688.0332956152399,0.0,628.1520572243872,648.7126989179851,641.0159491821697,607.451656350471,627.4256724554988,672.666051795866,607.443459734828,636.5254120256682,639.0678485394812,605.1191247003724,601.2381753484814,665.0424897808914,642.4509937905132,566.4196408626643,601.3536088627422,609.4186755008366,566.3960557034694,586.3143328874489,582.8372792874692,555.6114720739423,571.4230683302013,585.2344572418767,556.7719630717688,566.255344218065,583.194235969046,555.9703102475846,577.4768790447927,584.4849323629425,601.9184301080475,556.4094150436559,593.1539669238697,568.7519390749818,585.298876824125,573.5253387968067,565.7634157003038,591.7459070370985,561.6248168935815,597.1810289789117,602.0413262991067,600.6681660695355,579.7711637370975,581.5501109917677,568.1409580443769,574.5814167736257,593.0638522398742,647.3323024407624,606.87367963298,562.9940556545516,597.2361068424666,604.1195419373482,587.190800532867,550.8561700798848,586.7843469342699,590.9660338646572,594.0780456063633,585.9723598922137,565.8204057158404,581.8777590699716,567.5465218857322,557.6843618306247,566.7560131229342,611.7594259374808,599.147530398618,600.8984436375156,602.4600371317491,599.7713107764029,598.9563416170585,598.7887019291111,603.8561971061469,601.0406576402675,585.536184849629,599.4612493025982,596.4003840785755,598.2611571569546,600.5496773816768,588.6050205185974,601.8101731383846,593.6934380984023,600.7053096329845,594.9660688657362,599.1725482806904,605.3118913369264,591.8545789411678,627.481930572808,608.0392630414398
photo_fish,493.4080258870903,526.4489575842161,472.51613825289564,496.7474931018926,511.0313769819237,534.6943751796053,498.96735531008716,547.3833070343508,433.5309126376119,603.1055986642025,628.1520572243872,0.0,552.4276713757138,553.7197762347845,531.4683429124625,502.3538807057596,591.4248809701724,402.76188507213476,489.1363905381035,462.6752768381443,479.7128839830186,542.35893847619,534.8644867367586,616.9604601262647,466.273798921511,497.76081044612675,355.6167173546626,451.06184710162324,502.93920765382035,484.5941358271277,495.0645431292232,493.87218732942983,440.71570460271954,471.0851153633302,496.85884014630204,333.11162550598027,455.5535689622931,471.0306278398172,475.08889813197624,496.16600586026016,450.154638392874,386.1323084456496,400.6467927297347,413.43925854602,359.30394063852447,406.44872385454397,385.30192762307064,508.9372719030186,520.1684448395449,468.3632021286029,358.6725183967556,498.4853407578051,509.7790602279364,497.6621791360848,508.58679289576685,489.52219001501,485.3727363667683,480.75756874217205,481.0100760454413,331.0607635385942,504.17602635836954,434.93357200930024,476.5452835185971,487.5127717790742,452.3968932593084,392.16273885692914,439.60650989892343,417.83900502915867,452.66093827029607,476.6902736415279,427.2792701320206,527.8544055393187,419.4403989579756,392.72799356595226,410.0274801449385,394.0267079240198,375.20094793651833,373.0452928289519,409.8091552519208,371.6600638598396,370.86000055015035,397.29992201800076,388.39742752328226,378.57393890579664,370.4526467801669,401.94228212989634,398.70383229958054,373.6903799738317,384.3230095354754,415.96860022079795,367.02778069146,409.37082969945385,426.33626130340843,379.3106455045162,425.3192159549025,427.98225048352543
photo_cherry,471.2244942182114,507.18957163014875,524.6989598918244,508.2158299077703,449.85385727026915,532.9863513438726,481.23507354699035,501.3695842599879,543.8373538312056,607.1812989345229,648.7126989179851,552.4276713757138,0.0,481.1113590707527,511.94622813643184,501.8233624644628,564.4408955686066,532.9049110491464,589.6684981503771,543.3330626169999,564.9015902524432,497.11220930940897,547.3590670858657,555.6526603357692,468.33330639987537,504.3409032913597,518.5522342313155,508.68663931970457,424.77188458223884,486.0116592370464,483.1256389607016,447.60644698425574,497.2713499145091,495.88038542218715,460.6027153182472,477.1809746736179,463.8465158306505,438.38696839768727,498.1619321395024,472.00301805856657,441.74869800695865,509.0999330746455,490.259067589295,495.6781056136451,499.85919229759037,469.0427211441634,469.47538863517457,462.6579380466295,529.4902339453716,484.04674056926,506.0360211088877,520.2350828124702,443.4231908282235,484.14101164524465,480.6508743059317,458.2858412757734,476.24779358319756,486.506533505639,468.7112757789071,508.99053406647045,454.95571719140736,447.68456929816114,474.08532803216696,473.9436556228692,471.4408068440624,517.840231232987,519.5227036549898,501.74143083195025,445.80901139637297,446.1517978717024,497.9106361196117,490.8080319160477,481.4913165560225,476.66979501487185,480.60920308216055,507.79558232793033,503.78759256498125,506.0141928488702,476.0747174587909,502.8969525550932,495.39952925352867,524.4118729129763,479.97216091275544,505.07520192527835,505.55710883841766,484.4067602600443,473.84813202412585,501.766717803938,501.36876257579445,478.2960841536862,498.4622215678381,481.1480975377147,494.65366536573123,502.1459660389144,544.1471580580104,500.7179771372405
photo_tree,384.9342569771005,462.18059272660406,531.5156233054421,512.9513706076696,459.32583766237957,503.3791251524981,433.23380898575954,464.92756051673217,550.2914731877776,584.8838456460475,641.0159491821697,553.7197762347845,481.1113590707527,0.0,500.35497366828497,467.6722875488494,482.26793755399,549.4701468922514,595.6469130691506,541.5708869528448,551.3743474664681,468.49731161564563,512.5480291539093,524.4792579194486,464.94000743570933,494.8806770632422,549.513215497843,504.72781787985457,415.14434945583315,456.9218382021742,487.8892390856319,437.6216727881662,487.18519788562656,511.0251464472079,442.82739657566236,493.1200758538267,473.4925808490638,401.3773216038865,494.5446379714619,463.26295787387915,398.047322392215,539.3805357518038,520.0083899132255,500.7374961135745,512.3207924146842,487.5303919943597,492.01550193574275,437.16500439341166,545.0687379895396,481.23306276560385,536.238694257057,536.0755096361095,413.25511797647727,450.65564430090564,427.59642124067045,461.80691683017807,482.769159345479,494.41409734096936,484.3655181618872,533.3316470732605,463.98602815082944,433.3501616700943,465.2132964744425,464.0322333738774,472.8071561518227,535.8763750001563,550.6746206811107,501.1633585594121,435.78010165950167,445.0894713440493,514.9830385624526,456.1590455975025,481.1436293407835,484.5454149054744,486.03726881545765,520.8027090824834,523.5750670512131,523.4251573606557,475.40764807333983,518.0288112354107,514.824761951437,523.7963420874989,494.68964926111425,519.7086314093079,519.5405118014098,497.6089012255817,489.7531032449713,517.5802883041658,522.4738302871147,475.9737749753974,515.7234982751918,476.96178351242787,509.1713075807368,518.0146121472094,557.0440109570819,515.2840056648324
photo_flower,414.2817494056731,467.6392374474507,527.0363724719962,513.1071598427866,393.3380357289955,350.32484184521513,438.02380305239984,383.54448426394833,525.4414916750881,638.0296152687022,607.451656350471,531.4683429124625,511.94622813643184,500.35497366828497,0.0,310.94632544991435,439.74829296312885,478.7039281850245,572.6994164017101,589.9907166672369,564.4548140773132,527.165301499415,572.5224651559329,606.272026194167,370.28034654955263,474.51464189826123,487.1542973963889,447.0892275202716,378.9822485374584,311.90336128252807,360.5310735664375,407.6846236796621,436.44942218199674,407.6144693440065,354.21600622709474,432.4282957635882,424.4562776920179,352.01480587879104,356.5260573140216,271.63197163484114,328.4273069148144,461.2671591555087,478.51648996000944,523.9631814403085,403.89433724822817,473.23815848555273,408.60452964093304,446.5306564398803,431.46287338374304,294.2237395690823,477.30925008506443,351.87551430947013,369.54703296192037,340.79305806345474,403.44422504308693,372.26772420365563,350.5816409310541,431.2760737069948,362.9006644351762,453.88260086467534,409.7604354834359,336.49243379011205,298.19345092575617,259.9472584250971,296.9763465406691,439.9647776572046,465.63074816878634,467.30205775632754,349.487489009034,398.6980249735465,376.20933294372384,449.6855839405581,398.1739472108834,412.7904380245309,401.72858396085405,453.51425123750374,458.7486102730574,455.5168971387991,403.15886245053235,451.1466226508169,450.1744426380646,454.8199535116554,427.3809556594167,445.88409317630123,453.04249236235506,415.96942882678263,406.82566943348803,452.3096222901588,443.2604431473275,392.3075941420252,451.5301893480506,393.14161398577096,425.53316288805615,440.7862784660573,490.79221473114546,435.24204046144905
photo_carrot,398.1806161425876,471.8516835288781,498.01463510095414,498.92771881453564,411.6733320159328,352.4241778291355,432.27035575028816,377.99750445145344,512.3601872730624,636.9469746829309,627.4256724554988,502.3538807057596,501.8233624644628,467.6722875488494,310.94632544991435,0.0,385.23776118306887,465.2950059617141,560.8116597241467,592.3178111584529,558.4241018842191,525.0493415106605,555.4304218733882,624.6975838719305,391.43038041241977,482.5805924902073,477.7362827095692,457.43632305932573,402.1589640250847,295.28017770120715,383.6878776560422,397.6275931814409,439.95153245094303,407.9474286486434,348.57005076775846,432.7251912742804,432.545057932557,341.62358185025687,370.5238653819223,238.78723078963665,332.6412049861065,451.72750638700734,483.7515816030368,530.3111379182076,398.6044259635269,478.107557520657,406.692380359356,459.14416331752955,448.56807592483864,283.55554936246466,469.9749736119797,386.68187909676044,379.3560083044409,344.49423725631107,412.6611441602306,387.5767545692658,329.7341166247377,424.8731921758465,364.31788310853534,453.9092566668725,395.98976952906617,308.9418568608131,306.7360689274819,235.86719608946063,256.28707259519285,430.2864612940669,469.0756250064124,475.46246606339434,380.5549615941307,395.7024968743825,401.4402090252613,469.85428640925267,386.0053199339107,403.6303868661567,394.4960093118664,445.68355896706606,449.0892827162636,445.7742987592937,394.59667260185574,441.7266240619222,440.36891060359255,445.71583837150155,419.00632738724954,437.62281961725955,444.2325698310683,406.4173133976357,397.8614791738172,442.94950809269307,433.09036374232073,384.3344826704254,441.46114625417476,384.35491610457024,415.0609262999089,430.8340737295972,481.52858027891347,425.00052816600976
photo_watch,487.56198954966646,540.7355998111475,602.4338248895408,587.4578939988587,489.93533152998543,448.9432612035666,521.3964602132519,473.90864853042945,583.7335464081586,682.1391954487269,672.666051795866,591.4248809701724,564.4408955686066,482.26793755399,439.74829296312885,385.23776118306887,0.0,580.5602552787944,659.5005724288881,626.6612327264619,613.1881639538358,578.3390342978539,554.8365745462178,634.294966157561,486.8380522583347,565.9929885120403,605.7618358630239,556.581876656014,473.6428566316561,406.84613829953474,502.82460512106877,486.89971719646877,509.3365101757394,526.342672205927,478.39404233247046,517.8932606806641,516.2850972901256,394.55780962553524,465.9517498593209,377.60242831723417,394.1201721222596,572.0685006845039,578.581320631586,590.3419130585258,519.1487520182685,549.8746785946029,512.928490084422,506.5939191314341,578.5174382103531,428.2923653056414,583.2184750997753,536.5000412907639,458.2026656619367,464.38529579086963,492.4319210510157,495.11558890953637,463.49608853543367,524.1881114447903,510.4576738088022,561.4944177772945,479.37182284483265,419.08977429240224,400.75983102615675,403.08450823966655,423.498872211849,555.4678244349146,601.997975218995,563.1710788237838,519.1517168296823,476.9079166960436,540.7504616256851,520.3313116842428,506.1895508680272,517.8476982734328,511.9519030869086,553.4737499819718,558.3450022509404,553.8890968889043,503.0385977179387,553.9539522093556,547.8145344689952,542.1429746262819,528.7306005864099,547.6332135625848,549.0142834642005,522.759863878515,516.7731823402529,552.5526089606961,549.1805789580488,500.9622279944781,548.3084353398935,496.66687356894084,534.0416733644187,543.0335489717278,585.2937284037976,539.0399009766727
photo_key,461.5812128133599,499.48493823134515,451.01001424375096,496.8354350676845,477.73543591971696,491.16432831686785,495.0178703550448,508.27886464364195,402.36013584654864,560.9738167193434,607.443459734828,402.76188507213476,532.9049110491464,549.4701468922514,478.7039281850245,465.2950059617141,580.5602552787944,0.0,474.0465365697521,461.76149862496,489.1027310163716,539.1267357210209,522.9909154763801,599.1851572139503,409.056258305927,426.0123313083913,278.7827572104992,427.81479941550896,460.93792156881705,437.8643303904091,420.3141277403822,437.9056172249524,362.08831908209385,422.9449433661375,439.7513044754741,330.40152417348696,395.2098370162264,423.2017373431627,404.5724767777035,429.3079319646963,404.16615366564855,202.37422297829679,378.32703026485245,389.5546780882484,317.5338430933101,360.80286856193607,312.32741896587163,460.6936464641849,437.68591886863214,393.9517490045308,272.0600819529469,422.63392827237936,467.5078947484489,435.8365991431737,451.0701592900053,420.077889428405,394.14524948965,423.8773446617974,407.61626386612215,320.35592466854945,433.56212260354266,381.59993950642996,417.5492159715934,414.17593711354885,369.90570947772136,198.56946494362384,382.20708173926806,384.5172556092123,377.978428136619,414.64337802533436,376.8452811336926,473.50181194762877,291.2604403978004,272.0144254800233,268.4186172689833,258.16321916487783,247.89432055483576,242.7486031379166,283.6579490424859,254.32141259556408,252.50282769363037,272.03891611147526,274.13638528135675,242.479747356309,247.2315748001778,269.15559787023255,277.16338145573104,249.36358581531894,245.74201813967153,296.8071773438624,245.87099849322226,287.0365243839368,285.8655589315906,249.4295308733803,316.1139444365286,286.47509097775315
photo_truck,521.7490053653962,531.7384960766758,512.3528401651303,527.1303801143995,542.6071648354658,564.386703304554,548.0132104498583,582.2340204129841,501.37521179866303,570.418097538996,636.5254120256682,489.1363905381035,589.6684981503771,595.6469130691506,572.6994164017101,560.8116597241467,659.5005724288881,474.0465365697521,0.0,513.3340230908437,524.9119054405527,524.6929494023251,564.2376703287957,594.6065432585444,495.6569428329082,520.1079580101748,440.41528736243987,459.5696647682162,547.4949275214789,527.0035840505931,515.7394593610613,514.7431324738686,493.4429270182642,512.5278632000707,530.6877854324381,450.03319444909624,501.26204638503117,519.0705783945408,526.7187081798999,544.3185285466577,512.9965895867409,466.9632882368963,383.2033273325218,436.28356457100006,480.2373703960407,412.37265534269676,452.70650380637454,520.3402255038441,515.8575106812833,512.9662694677776,459.5770144901837,515.8477001926792,521.5151215554337,517.8279117640769,555.525276444668,526.3146945369791,534.1402195330336,512.658597135461,504.51718003217076,443.3479731692443,531.539666134718,492.3781725165186,528.9683596139411,525.0492436710791,498.1051331760518,480.5080439087479,347.6570680344403,434.7345557259978,496.3075972792001,521.7449414177356,472.8024106289731,549.582551514867,495.32211036144673,486.1137940993005,492.3789080507501,497.34912898386347,454.12644049413296,466.1259396712638,489.2892798927672,467.74614826197836,463.553757561303,504.69565685057773,483.591324410519,474.96488806661733,471.05804364215044,493.6761603578882,479.4211473012867,469.6083487189417,477.8450021824522,495.88671529942934,464.1876617033253,496.856378056487,509.3524822486004,480.3384890069353,505.41020894483114,514.2398298901189
photo_velo,530.2012820327437,544.6974853054162,532.115777580299,547.781737067431,534.9861132428352,593.031379252922,518.7732059265408,580.711338700657,474.3177000185612,531.5748320159784,639.0678485394812,462.6752768381443,543.3330626169999,541.5708869528448,589.9907166672369,592.3178111584529,626.6612327264619,461.76149862496,513.3340230908437,0.0,524.7467111071418,541.2114161957734,464.9911405853509,525.5756425729263,455.331293541222,482.18693656613596,435.65284982611615,477.45541838118345,502.9578878694088,546.2392335011336,542.6439045412034,523.5619511264803,447.19099743325825,515.0358919636908,538.5051003984347,395.6729193265223,464.09744167621653,485.1529738571265,520.6590386189806,560.2829388269798,475.07353690377033,433.6137689272353,392.50701514560075,292.91970305277675,457.5211624934485,364.8281572191244,421.3808133647507,461.2354886145053,568.0320686530765,550.2496549880047,434.79278635137644,555.5768260196995,504.81073954289104,526.2208571156419,506.7620097683236,534.6623732231285,540.6786896850555,515.283337668687,532.5205686598948,444.943857454144,527.0583650052652,483.32704083612725,522.5476612020244,544.9794756326804,537.3594623445978,458.19245402775636,471.5333930837855,387.2408291031491,495.7195905229091,492.56966567645594,464.13613709569256,490.0140809497888,460.7023922459078,429.5695598988069,452.074808707912,437.3902328894999,412.1611554230946,411.93975275918126,448.99621170010676,403.7881014978639,403.5388494972536,436.66266874748635,415.7932746125701,421.20587729443724,403.28399242960484,435.84565015558366,442.41877274090484,405.36024833871363,425.94104134400123,452.31457132818366,405.3866572703228,453.5767038766146,458.03562544224616,422.606759406542,463.8154373051535,453.0533757798702
photo_road,501.4100798602212,490.991507229184,296.7640231885452,422.4070244238843,541.5819666200922,540.4173225384816,503.4677567519887,566.8204595323602,506.16112316742243,512.9631341880951,605.1191247003724,479.7128839830186,564.9015902524432,551.3743474664681,564.4548140773132,558.4241018842191,613.1881639538358,489.1027310163716,524.9119054405527,524.7467111071418,0.0,487.8579976113519,540.9621157169162,500.5951278583636,496.6489557516611,510.40709172047667,478.93072145528146,450.42364693541714,522.8282734143177,512.0145099803555,520.1531201836812,501.8535384673247,490.61100004695965,428.36062444982633,529.2393643482027,476.3757748692716,429.73853538003044,516.4385349771819,494.95733911889045,540.5723159841809,501.25866990387533,484.6592233987868,490.2577835406797,459.77890825064594,459.06694143114424,449.4998463306241,502.5910593277957,508.1484349483033,512.4149957457588,530.7073777595375,479.17253788801264,545.0027884396342,516.6657505145547,519.7473085884106,516.4567526893583,527.6798288881499,542.2825451283903,451.85700898952643,524.2594736659042,469.1788026016543,539.7048959914174,512.2375931813718,503.2584589678364,524.6403625052063,517.5902887936505,491.4270246299605,508.188938811687,468.9959545496335,497.6945345685986,494.92159187312234,479.89495451043047,535.1719700652939,522.2711613446028,497.114307629322,508.8261636896602,493.34799159552375,485.3942066604653,482.1368127469311,515.4630280933117,482.81687339772463,492.37846216758686,482.10193436783567,493.84748856694006,482.31736324866336,482.63696663475423,504.461454359966,505.9329337685644,486.77815653024913,487.0563668736271,513.0344357136443,480.2623313490763,514.2309132867057,514.6552565930016,484.8707325683548,520.1661187781338,512.756743071793
photo_house,451.46730399872246,351.8865489092701,475.5829481322155,436.7387644383363,491.80179816177224,521.900036199687,446.56807980701274,497.80998556159483,539.7657258554401,542.0402325224105,601.2381753484814,542.35893847619,497.11220930940897,468.49731161564563,527.165301499415,525.0493415106605,578.3390342978539,539.1267357210209,524.6929494023251,541.2114161957734,487.8579976113519,0.0,538.8720197938288,482.94541271422924,484.48241355408726,469.3809310062108,516.4465484471605,471.3581414234407,483.9730216384815,488.6359805387874,494.75053990893593,466.50927280772504,505.8804716502627,501.7593098603396,496.78838952589484,503.3777344045412,450.07519375874466,488.4645470487308,489.9408450308171,515.0097256071641,483.14945848112853,529.7660086264216,496.3198297063614,483.7905087276043,511.73398684821154,456.31966061752905,507.1059597602344,468.77838596350557,501.1790380068215,509.06071504240884,521.5754445277757,518.4255135445169,476.08094278932776,507.32483221859746,487.3763420000161,505.03598154528015,515.1802219641224,500.88824366566877,505.45286596667205,511.4930168504707,468.5284048223104,496.6514208482286,503.95439103962985,508.435992648932,509.4969940688497,533.0123003824755,515.7900645978425,503.00022612373994,478.01526329581804,434.33175321624805,503.9572574844798,502.61826522423326,533.0960070623134,516.0838560465311,524.213341739988,534.3164415799564,530.3540376286078,532.1929962017122,527.8051844425275,526.3006679044105,523.5975022812165,541.7169930889131,511.98826657074926,532.9011136208226,529.0806062667133,519.9473063379568,518.2736069971394,528.3002815067659,528.5077855870195,527.4844501452875,524.8558139031294,528.5091726020627,534.4474728097498,528.199771432405,574.6889922505612,533.9441844161536
