,photo_face,photo_profil,photo_eyes,photo_face2,photo_walking,photo_standing,photo_hand,photo_legs,photo_bird,photo_butterfly,photo_girafe,photo_fish,photo_cherry,photo_tree,photo_flower,photo_carrot,photo_watch,photo_key,photo_truck,photo_velo,photo_road,photo_house,photo_mountain,photo_windmill,drawing_face,drawing_profil,drawing_eyes,drawing_face2,drawing_walking,drawing_standing,drawing_hand,drawing_legs,drawing_bird,drawing_butterfly,drawing_girafe,drawing_fish,drawing_cherry,drawing_tree,drawing_flower,drawing_carrot,drawing_watch,drawing_key,drawing_truck,drawing_velo,drawing_road,drawing_house,drawing_mountain,drawing_windmill,geo_face,geo_profil,geo_eyes,geo_face2,geo_walking,geo_standing,geo_hand,geo_legs,geo_bird,geo_butterfly,geo_girafe,geo_fish,geo_cherry,geo_tree,geo_flower,geo_carrot,geo_watch,geo_key,geo_truck,geo_velo,geo_road,geo_house,geo_mountain,geo_windmill,word_face,word_profil,word_eyes,word_face2,word_walking,word_standing,word_hand,word_legs,word_bird,word_butterfly,word_girafe,word_fish,word_cherry,word_tree,word_flower,word_carrot,word_watch,word_key,word_truck,word_velo,word_road,word_house,word_mountain,word_windmill
photo_face,0.0,640.2645162072027,718.2830528062001,732.1183362673435,676.3384671975645,736.0639311755649,650.1241639510523,704.4836386375714,737.6418595186116,1048.8643785502493,794.0210930214871,811.9561783460196,796.1001068223748,619.81099717505,635.9874660917022,673.8231641274078,644.9235382916431,736.4294341155938,729.9899270675926,746.2483694724791,782.5928890301306,716.294875318732,771.5037469200371,722.1298396599188,619.2218274928857,614.9534526985913,620.1025859212551,618.5079081239966,613.7698108191336,611.4645846919741,625.5349220187784,618.6458225320598,607.9354515303888,615.2748227011884,620.5156750562901,603.972718898364,609.8556848817869,598.0711951982013,602.7223705250441,604.3052263320999,616.0785570190361,613.5186051077947,611.3345300259062,613.0817150770599,629.3674373479463,633.7258019379376,611.8656702709009,617.1722862567877,615.560937843329,611.1080014588642,608.4861224294059,619.2266151330664,618.5745701336081,595.9758239250489,624.2273122754017,611.6563898074799,614.13013103097,617.8128633875793,610.1972965269717,609.0342589016598,616.7057477629693,613.6127013234925,602.0891584563805,621.6756106036748,605.0052345686195,607.5510669023571,612.6950051387893,632.3170913636297,619.291173243367,620.3979685185284,615.0604910087706,629.9727824963351,609.8800866153923,610.0022429365761,606.3770795123811,608.6322566402913,613.0947972848787,601.7276572103033,602.5379413129248,608.3898497127738,605.5456027385324,610.8815545849758,609.5682230162248,606.562036383654,601.0582781232922,602.2785669324659,603.9424174455502,611.5700440666477,603.0170265547052,600.7940097717736,605.4883369581723,599.7723571218419,601.7022662024278,604.8717559663705,614.6958060763009,604.692671078471
photo_profil,640.2645162072027,0.0,756.4927819756003,754.6956234339613,752.7147693654364,777.1502841985005,701.8022591353082,755.743829295792,752.6794628644574,1011.1582017291901,859.0814875247501,886.0964538210234,847.8098208631745,650.6915563753316,724.5689028393163,788.3264431546417,704.4355961899083,771.6584299891279,752.5764963750886,736.8917660248703,800.905398154671,624.6797295258535,783.7510493574243,695.5871843674223,664.9809418167908,658.747510176889,678.1733829682371,673.7801304599798,657.0768456194024,649.9224364081259,672.1558654038236,662.0074584468556,673.649854574286,683.2944350476326,657.2175844866687,669.6826643023692,679.7631258980546,664.301005969883,671.8069233468609,668.1803845570751,665.4863461570216,674.7476435695469,664.9032811625026,662.749954242128,676.6322267362045,685.2516411487483,674.569894984473,667.0590294589757,670.0056697913295,668.7398129185601,667.6637799263818,676.1395641977499,668.0218586933015,665.0170931329918,674.562472983939,659.5927080576275,669.6164209100469,680.9712037514755,666.391512765479,676.5351146908349,663.6214589803665,666.7224030914781,666.7161180152871,669.7763687297506,666.3438329191941,666.7376703580298,680.979087306086,675.1842270577146,677.5352267836681,670.6472998960484,669.1947845065531,664.7835639892531,666.957993678677,664.4419436162382,665.8890246208468,664.4901674371506,669.4205686725898,665.3468237882678,666.6125947756591,668.0642107721932,665.2540969293091,672.1420328923739,664.8886068710519,668.4456650545145,668.0915794775403,660.406847594891,665.222425517939,669.5714572573121,666.3804514309618,665.0056035929671,669.287890304875,665.5047743669677,663.9611611390962,666.6943014495964,670.3855812615647,661.3135493091045
photo_eyes,718.2830528062001,756.4927819756003,0.0,820.9143920915591,780.1610895784875,809.9135436875531,797.179918345127,805.2162484460763,789.63399475162,1116.1490186333897,895.6304277669171,869.4680583243041,840.9667379422699,773.4960810638148,777.5989509365926,743.8605673686181,796.1243676719713,834.7469858750231,790.3702168433567,768.6588515507588,590.8138094468048,771.6589523714237,788.9004976700504,757.7065152808382,706.4575002943087,705.0870489894787,714.1538743311913,688.6123359203664,704.6965454053123,705.9808645815783,719.5349296446495,704.1774373945799,694.1406627431812,689.7773305461365,711.268221279334,691.8648795089679,705.9605609144811,694.9828087601509,711.3906421939611,712.6060225487727,696.1259281344287,707.2832961442319,688.3941353506112,687.2471418194518,690.6863866928184,729.3138600744335,692.8705141358283,711.7771974334028,690.1034917581648,707.6574366756169,704.9164835494139,705.9670634320391,697.0413681695587,707.4375860120977,709.3094797925087,698.7350265471092,697.8928892862922,700.2264507105384,697.6728554014048,688.8391281720591,701.3939768202641,700.6201109464298,697.943091869463,702.7672099625355,698.0043997008665,704.5182731746035,682.2834859799831,702.042053995805,704.8323458000294,705.4497101675266,691.7591169916736,713.4929998504309,699.8169772666295,703.6889571758104,701.9010274764435,705.9188986840101,692.9827800452457,693.1785680028648,698.335439568732,697.3497204327873,698.8573146944418,703.504251553364,708.264990284673,690.6655823184966,696.143961247037,692.8828995560601,698.7802399244957,702.7091074420573,694.2992144951155,697.4524952788871,698.8347591347348,697.8960679801124,697.4909537984086,698.429710746442,701.4791950645522,704.6084723857421
photo_face2,732.1183362673435,754.6956234339613,820.9143920915591,0.0,838.7918508885216,837.4218868616266,744.2779987399936,825.1285311310342,737.9075251706607,1125.713676758551,867.0019824898768,830.783847880487,839.9081063989961,749.2305359526948,801.52540540679,773.8197484713342,792.7529120273425,841.7404780774389,843.531688421289,831.8166932294541,876.6072265416759,742.443171044523,864.2749059189733,858.7605735241395,731.4865717474801,732.2774244190438,726.1714430735949,732.7283825107756,732.774983302063,726.8383116034227,732.6712105918708,739.1413786767347,730.6084675505926,744.2075725701045,729.5747506660034,730.5400850342163,730.2857927113703,729.6689400134765,733.322456145996,724.9731006451229,730.9202288720276,732.5250914130279,728.0803509734774,735.1986333206678,727.828773466668,720.9912884039825,735.5950776120283,735.8704635491912,746.5060042750132,729.1394899322399,724.5255471744048,722.8055218894388,724.6426082379379,725.3685544404856,732.3041495895396,732.6230388675431,729.7020940290078,723.5563970872076,728.5834069154016,728.2929035862672,736.2857276582473,725.5600239704407,724.81335172011,735.9769886013237,726.4865043468843,724.7415142322282,739.3359452149577,738.5014135477746,733.0364433743972,734.1287751339709,728.2900615769189,727.5543087210923,726.0688567786248,728.5996865424727,728.4119076791684,722.3912205460407,729.8241226737933,729.4777753261658,726.0691139637148,726.953140883687,729.6863747057662,729.457167918041,727.1682596581509,729.9529675875345,730.243270581891,726.8157754655784,723.436463160906,729.7952823751103,725.8557290788327,728.5918856416928,732.3253220076991,724.0257050178251,723.7670450184355,725.098978310394,732.7074041338585,722.6796447028927
photo_walking,676.3384671975645,752.7147693654364,780.1610895784875,838.7918508885216,0.0,691.8379740935683,755.2486133569616,754.6525019632164,740.6095810668436,950.3134482495466,821.0512220947248,914.0328686031007,784.5767896081742,680.1338122662097,568.5800563959302,706.2568798947036,636.2170607446541,692.8660875109733,730.8995449799319,663.3678745647503,790.8043964550785,780.0461209902082,762.1923184145405,733.9564294262373,495.6997237887325,517.3664549128408,511.70207006864507,523.1674899066584,471.81137832448934,501.09312813544693,497.4244086289733,512.8325751683169,509.7388501238829,516.0606423158624,494.67616708709363,492.99207971903104,500.8869599004518,472.74231682779856,522.2363396046435,508.6268236029795,495.19410396538,514.9999407958242,506.30001649678997,528.4849533199219,524.7813074869829,525.8503789561161,490.54161766316304,517.1202072692137,498.7113454395773,499.24250174126627,496.27167832590624,502.9144421464312,506.26066745693953,498.86900180140367,495.609276345584,504.2535318124645,513.2981549216769,486.0469364215966,494.8605011965499,497.753393744155,496.75811500309743,488.9291420909467,493.7784874070117,506.368060421788,487.4701892982811,500.2134432723733,499.3833975710104,500.7000559402958,489.41540602621944,532.8749772963674,502.1463324412515,521.8506865434103,490.8404544360829,496.19932431915896,491.57707797126466,502.0740145689526,501.0527403346709,491.49414303385316,486.45855280938287,499.58181353107153,492.7870100627462,503.55754285908847,496.75658328269435,496.40782096535474,492.2265150351589,494.1977766478445,491.55437756310283,498.5850179503543,491.3466442277759,489.66836316599733,501.02563583744814,489.73564348240586,496.6695623018027,492.49030134477334,500.4192787978236,496.2848063691662
photo_standing,736.0639311755649,777.1502841985005,809.9135436875531,837.4218868616266,691.8379740935683,0.0,795.375984521573,767.3496033029772,748.391243763581,1025.577638022557,851.358436041436,911.7810876713517,886.997165556721,753.6420898546809,628.3698476710317,723.7077589085088,660.0702569843711,736.7546296764131,744.1565089057157,758.482275435245,798.9288110887203,830.1272846633926,785.2080477752882,774.9523432608864,549.3992462676042,550.0740968991959,549.2993225221778,549.7357259959373,559.0989709281237,534.0251053883683,567.0158846732339,552.7947898249206,548.8324219967623,550.8693867325467,565.2104708028655,546.9374403619329,562.3529022884201,554.538022440452,532.5292384882597,547.3158405394104,544.4199680365316,544.4670792163402,560.3155216767719,586.6211332681872,548.1321955392023,585.3169437967114,542.2070859441355,560.9624271584202,541.732061918322,541.3340946953356,544.2660750318583,533.4542709386069,555.609840046261,536.7294063966857,544.0444262258172,545.2292964360718,540.9481583628836,552.060138482038,562.7907742169449,551.8393880542819,556.7853287214593,533.0958239483325,548.6352642377024,544.5744255649903,536.1828799006233,543.5462321565986,550.5483226963418,552.9454537986552,550.9504750951963,554.676006543787,541.5314360175354,551.0824256922056,531.4361617187371,540.9664584377593,543.0610761689609,541.8736592977428,545.2912442683447,544.2149402356546,545.3168909438849,542.5607452553484,547.2265158689431,539.9600675016752,542.8170424784489,541.5820155414214,542.5172537244054,537.431992484073,537.9576430988905,546.8875349162741,543.805240922607,536.809710906597,544.0266144968251,534.5516182915636,543.0182254697511,542.1925494140522,547.5905732740757,544.1192762945238
photo_hand,650.1241639510523,701.8022591353082,797.179918345127,744.2779987399936,755.2486133569616,795.375984521573,0.0,709.476521752532,767.6563391428983,1084.445099740456,846.8437886561488,828.2040117756065,793.442892314136,674.1504672943341,714.5518942083869,693.3551477689005,754.193673158433,815.7820702256591,795.0644961001997,744.2919738674916,835.0736861189607,735.428885212307,811.795527092356,774.973012383109,639.7768134311801,644.981782751199,640.721329112692,646.3213230416145,632.8510993311842,627.6055393602104,657.2890708792988,651.9439687319913,637.961397518712,660.1821362531587,624.0034334400193,637.0558963256744,654.8034610490058,648.5323944589347,650.7583457429394,634.4685905482087,622.3482502058741,641.6992837797445,657.3534447434977,663.8236732609928,661.8848623425716,673.5824684504145,644.916175133553,636.6812007897701,650.4429470061921,639.9893696727349,630.4312775853194,644.658323060001,633.0318828974966,637.5110759896363,631.221413235385,631.2152001027075,631.6485471040547,657.097561463608,643.3948344100359,642.4589475762793,645.3129658707094,642.5265653265902,624.380851488755,634.6937325930725,637.5182606805449,643.3548397618808,647.9088509086805,645.3919295190528,646.4132878144367,639.1775923032322,637.5881253047573,652.5070622729723,630.7088798679359,635.6193197614444,636.2398029047736,637.1145053792457,642.2087954957243,640.3001646128992,637.3298420779194,634.4862581990443,635.9775852409207,637.2174108175775,636.9717732799243,639.6026264130479,636.3372301795317,635.3255213057764,635.4164246068922,633.4939370242477,636.9721393514081,631.3544544358239,636.9896392774255,634.7541004142213,635.2143354765465,637.2470344861661,642.3207117716489,633.0571742139826
photo_legs,704.4836386375714,755.743829295792,805.2162484460763,825.1285311310342,754.6525019632164,767.3496033029772,709.476521752532,0.0,781.4427738364305,1058.9323449098836,860.3439205146317,884.7618683455752,846.0095579426263,742.3833197985502,637.1809983716768,700.3969688705824,719.4448697845829,771.693755483829,809.4504228454373,741.656422524015,824.7699114099793,787.1088339067003,838.6407259272356,794.9370120956237,587.9468328442649,609.1700556449402,601.5020839110584,603.6402093384212,597.6749286454645,599.8930120389232,633.6742089411857,601.5116955912694,607.8731300237798,613.1887483803933,611.503185099496,605.2870918281121,600.1849697663847,610.1301911359278,622.8348674271036,585.3575014372243,580.8858506449452,601.0691339432634,613.3732661628952,635.9869589055395,607.9955079557932,614.9586677987612,598.1637020277061,605.1980835206832,597.7441251209722,582.1476143458814,595.1437201306899,601.6260971387114,586.007295910082,583.4011584243747,604.164183654363,574.281449861467,577.987893832699,603.0084327518564,608.1398460511014,606.9619447989121,585.8962775008322,594.6406714610944,589.6614667333985,592.8088337847431,595.4507938657501,597.9074649094731,608.7974101896145,602.3163219932859,599.948424098116,607.1770210190047,598.339753483318,635.8389715123224,594.3547716694559,590.0706775889882,591.3278234134044,596.5222466938199,596.2739544925445,592.4193885852795,594.9005234562959,593.6358001374949,594.3357817382174,597.1242986407054,594.4377379817843,597.3703780971856,595.6776100026,589.5224872419154,595.4891669634186,596.2414002632698,593.3929549868512,588.4887576673042,593.6467381314235,592.6907977031541,593.1356766895682,594.2249806025335,601.1889799555755,594.6177365802707
photo_bird,737.6418595186116,752.6794628644574,789.63399475162,737.9075251706607,740.6095810668436,748.391243763581,767.6563391428983,781.4427738364305,0.0,998.2684427539787,784.8149174984424,754.9563603597937,808.8379942478012,711.4269842761483,696.9859939969881,690.8762686568951,691.5225312297068,652.5899535177846,727.8767307889815,651.583258578231,788.9867322704215,788.1321681088988,729.4754453819766,759.9172342892118,550.412959593931,551.7765524610184,548.4878324064016,529.4048464933875,564.143009115479,551.0259907662437,554.1692475621262,563.4166953533139,564.7477547067712,565.6149004556008,541.8965774098585,545.1911105902108,553.7523416308879,553.2846523089864,566.0752483831772,549.1999979242861,547.7107940561765,550.5974303948482,551.6040669828429,540.1251014775278,543.0109678230439,601.6338004216694,559.7903539476314,580.4718064583368,557.6729189982261,548.3576761163105,537.3101527698935,548.8750285028043,555.25480701623,546.5966787443688,562.3227641025557,544.427532338035,546.8895712858987,555.3590869121831,532.4874840020871,568.1317703569116,553.6743837740461,536.109336834472,550.0246403602509,538.249821663748,538.9906677968335,527.171723757894,565.0404227402405,561.4464801353464,544.424673504484,562.3668714609634,540.6504730144405,560.0195871626828,535.1529140482752,542.2747609482203,534.0239164748489,530.9008448992013,531.1586754670599,530.581462387275,535.2450023650471,528.6835905098943,535.5688098066117,543.7712977117025,532.140914366504,534.6915271876032,536.2440288573576,534.248029489538,534.7601039122112,541.5527708160582,531.2542394571965,537.4979873063405,543.2108851334042,535.5586389552899,534.2833721978317,530.5133073806093,546.0785070200653,531.3698349439229
photo_butterfly,1048.8643785502493,1011.1582017291901,1116.1490186333897,1125.713676758551,950.3134482495466,1025.577638022557,1084.445099740456,1058.9323449098836,998.2684427539787,0.0,1100.3306926011423,1273.2237903443881,1152.6682953427874,982.2319549075479,976.8668877809632,1018.0070636173675,969.9809165775509,966.6765767689197,941.3020331155418,930.5230341159197,962.7749230374119,1020.1337625546607,972.4468151784819,942.1651936304315,867.5840810415772,860.5301084038263,857.7370965823206,863.4697497179988,862.4881824923825,861.5652535475149,866.3351549802824,872.2100574352944,864.7104454335465,895.8973986569712,864.1413652203025,859.089076845443,872.7173883121002,863.4054193516237,874.18436521658,861.124364956248,861.8700650106749,860.8907725434864,862.3539289001603,852.1902533003177,873.917564744725,858.7765932904712,862.7563601207489,870.7078279854601,873.3472869356925,863.685371771875,859.7474479526106,869.4043077465379,858.4698031706519,867.1635088920222,870.0689817609848,859.1328152676921,865.4992068071767,871.5223569307807,867.0094404022683,863.0808998646272,864.9517601907824,861.1848338149667,864.0169344493959,859.8941990894333,862.8464382213043,859.4287757859598,865.9804341742993,865.6835095959211,862.3357628928667,872.5439630059567,867.8277563628471,865.8151383048106,858.4735247589105,861.3256516939439,857.7417909586596,854.6211531831937,860.029318564494,858.6859726731531,858.3030098040141,857.4345867570008,855.653838168721,857.0409763576969,855.9143056021766,859.6180480011539,859.1441742169873,856.641836689599,859.0980654673626,856.9324749400896,855.5985567456133,860.9645434199605,858.6337306035444,859.2033915930676,857.7969234464709,856.787435022221,855.9128759215249,852.929015658617
photo_girafe,794.0210930214871,859.0814875247501,895.6304277669171,867.0019824898768,821.0512220947248,851.358436041436,846.8437886561488,860.3439205146317,784.8149174984424,1100.3306926011423,0.0,927.1977208389914,949.4107245216162,827.589430851564,777.4219115473084,815.5345442043362,808.7209010187544,780.8685179464213,863.917482537544,787.6670607753479,881.2922176475545,861.5746536458919,845.4790477323544,876.3082819770682,682.1086591799778,682.4182411347588,674.89095644055,684.9533639670577,689.5697507967781,675.2264960542165,689.5042633399293,692.8922548446678,685.8156563356788,689.1617244956195,694.5642722685453,677.3974495301093,680.5195404058371,681.000178485283,692.9550655979624,679.7644288315188,672.7555767251847,669.3034341387344,677.7202906362165,677.7293284701616,705.0904961545036,694.5440950552975,680.1983419469901,674.0545624101104,670.8036017357141,678.4099837965391,671.6417941825666,679.6723382125713,677.4108384160451,666.3696015684238,670.050788546599,673.1236416675301,673.5822631794236,690.159847442139,681.0440160210056,663.745302737687,673.2915657816418,679.9132827333848,670.804826966326,681.8236264547733,672.0965791341374,666.4468119137593,664.7521794996055,677.2883387460432,677.9649620483539,695.2741553983567,671.0250906260312,684.4793528026992,673.5896149479996,670.5277823039063,668.9646170104141,674.5633574058073,678.2008326546796,668.6562882814595,675.4517495704775,674.6367115029977,672.2804754429766,674.5314196926015,671.563753365123,674.2744122718847,669.5974992716988,671.2695657890612,673.4361224242061,671.2560832438937,675.4605088404824,670.4083290265262,670.5426488159795,674.8516399255482,672.7217045980775,671.9779968772965,676.9756569768371,669.7189242454006
photo_fish,811.9561783460196,886.0964538210234,869.4680583243041,830.783847880487,914.0328686031007,911.7810876713517,828.2040117756065,884.7618683455752,754.9563603597937,1273.2237903443881,927.1977208389914,0.0,933.958218467441,862.8059266820385,867.7644710487267,753.4199769212473,836.6906767006839,865.8224850026996,899.0679288754006,844.8643322594648,911.036955395932,903.0448846617485,916.0376862780447,963.2859435370991,767.0616968914921,767.4557810488959,753.4351961535907,774.3575270316062,775.3880342383542,772.0634752642077,780.107794751926,778.0639887925321,769.1752344288761,769.8162858856432,766.2785039644806,751.7622406608091,771.2030232281614,768.5443094509242,768.5807877395771,769.417957606185,752.7589931902904,757.4402581828101,755.8136390134475,776.8828852750565,764.8986134138977,781.8367123984682,774.7305142318276,779.0174928854356,768.7086831827107,770.3379226074135,751.8171673032504,761.7123650258005,766.9697060299849,769.1571575860673,770.2909667926247,764.7337310260431,762.3931226891239,761.1941713114378,755.920361441697,767.6494091663234,773.8169560369178,760.9633150341961,762.6365889386591,760.140136069706,758.6524669105872,756.2885596707947,776.1183934712541,773.0776967613119,769.4456364054063,767.7028762230254,759.3870764796965,776.8322127401626,758.9883343025136,760.0541090817272,759.4195315674363,754.6805304670247,758.6280232898159,756.5934512562817,757.7401182382313,760.6554345208037,756.4211350077444,759.4396050847538,755.4845592670316,757.9087482873745,757.1305624929729,757.902987250879,756.8791789657805,755.5278708945207,753.4541262422817,757.9194420693041,757.1403304781683,758.5439700354436,758.5703462499933,755.6905754199665,760.4105318991964,759.2388287279591
photo_cherry,796.1001068223748,847.8098208631745,840.9667379422699,839.9081063989961,784.5767896081742,886.997165556721,793.442892314136,846.0095579426263,808.8379942478012,1152.6682953427874,949.4107245216162,933.958218467441,0.0,814.2385674741322,785.3472914383923,815.9268626549316,809.3062960433135,821.7987987459034,910.8336797194139,800.016597588607,882.9500243344386,828.206152185199,910.5284372895732,849.7229443544641,705.9139769150153,699.8047315814368,698.2386044792836,710.7191212479496,676.3030087614662,700.0506816905686,725.5056521831326,704.7644741140973,704.9333053489639,716.699310458134,694.9179307927943,699.8531810605269,719.1894085068031,698.7992212164252,724.8329273064794,695.4884541350756,707.3274536415822,698.6560923209502,703.6868163544733,718.5681016014992,713.843719818347,726.1274374189231,713.9701232005883,700.756333995465,696.8527732251393,695.0688866112895,689.5841884492713,704.0227220098582,693.1883856409107,691.2414873383924,710.8226051719254,703.372653879408,699.649525982189,709.8762777694252,697.0564379953505,696.3171074040318,703.9984088946957,694.7094333981852,691.9384035275489,701.3123917726269,696.1249008021997,692.5841214270541,705.9203226141759,706.5520809802404,685.7213925810823,717.6741279017522,696.8047441502305,723.0532957418542,696.0647982767134,693.5654802728358,693.437985666417,695.607188883182,696.1681447003899,696.7533885925432,686.6133749765992,695.3060708926237,694.326756727093,699.179096442064,698.4431953148802,693.5396126744625,697.7204880592708,695.4123796428488,690.4380573005836,694.34352631301,688.6985899484964,694.382496263205,699.9626536966878,693.990556942087,696.1551161127755,694.1935841661552,696.6712660419272,699.50344148394
photo_tree,619.81099717505,650.6915563753316,773.4960810638148,749.2305359526948,680.1338122662097,753.6420898546809,674.1504672943341,742.3833197985502,711.4269842761483,982.2319549075479,827.589430851564,862.8059266820385,814.2385674741322,0.0,668.2882120642786,676.5040868616719,680.779081515033,757.7857369050022,745.6262294600153,720.5266161052117,798.6266912984189,683.1670354609092,762.5756904998213,721.5199000161551,567.3954050994942,574.5393529512406,579.047955520254,576.0451522697515,560.9963849879623,552.5724168964628,563.5287527343635,580.6093204181259,577.60985126538,590.9728067750023,557.3604240791478,569.0165113137567,583.6629086729154,553.9377760338889,584.2691223758721,568.5358236133039,560.3980486362904,579.0818180644475,585.0496289133079,571.1179640343304,581.6263302055886,622.9731634773016,570.8767777760846,583.4566697119859,587.7137985261028,570.4096678764093,582.636205068976,586.0351749513939,580.3776477370785,572.365789728758,570.4973433145306,562.3299430274471,578.5797771660552,576.6206399906455,565.3307921028314,583.1960914000404,571.1596317010062,566.8757898808882,569.7883674524066,573.410727207786,562.6578970880194,572.6440410116899,575.2172709072236,587.0706387093674,568.5471703729714,594.2535955313243,570.4439529165622,569.8466262922399,567.6419442763755,566.5352293899457,566.5373257464671,570.237206127276,571.3907484811108,571.8487914328542,570.7528463520492,571.5832064389903,569.1202032286625,572.4370797596248,569.2820112161959,572.1785900196996,571.0275773783018,570.7248681987362,570.9895150544272,571.0889231548873,565.1761147294576,563.1499767769333,568.3202743547229,569.0165335597735,565.137514166682,569.3467506665907,574.3615806701938,565.9267231575325
photo_flower,635.9874660917022,724.5689028393163,777.5989509365926,801.52540540679,568.5800563959302,628.3698476710317,714.5518942083869,637.1809983716768,696.9859939969881,976.8668877809632,777.4219115473084,867.7644710487267,785.3472914383923,668.2882120642786,0.0,615.2142214771776,595.5265474794812,659.2730246134598,733.6492078384781,656.1573904629171,756.1467187763866,784.106513515092,743.0618375141119,701.2683957137549,446.9165113726081,455.74013047695564,451.5557298358612,473.1442153578413,425.70873850785347,443.3923097277056,459.28851738952216,467.79469138765,465.8097548687338,465.2510414621382,439.5374382797615,456.90392184951054,450.40337582265795,451.7121247014691,462.351414760761,432.1013921719408,443.5340045556841,451.7904999879315,457.1850433268521,500.41974687912165,470.44052922862454,502.7810361188051,451.72704066222184,470.4105373695411,456.31719781625196,447.5029523294894,445.6385336552862,443.488814984679,466.80394494376696,423.53636927014105,462.36530614996536,441.1454118728375,441.94718835547644,432.4885849529784,438.22409332430095,448.8971089750002,448.69504590749443,438.5139733642555,431.9918238106056,443.4043049193637,432.72745620715864,443.190576133463,446.0381173538278,455.80820380389434,452.0639695981791,466.477469349876,451.71133007269935,481.77822694657067,440.6569483368608,439.8050103023682,438.3113568329321,444.6317111115231,443.0677719718504,443.61679720322155,437.93660163637287,445.28077846469733,443.03335637874363,447.9897322795966,442.7760686562408,444.5021085233819,443.29730802470107,440.4687057574968,440.3815829607705,444.48165499460725,440.854119278156,437.43307844835863,444.4261385182646,438.8779619189033,441.0056680371935,440.8272646160221,448.5724537622471,443.1838961741672
photo_carrot,673.8231641274078,788.3264431546417,743.8605673686181,773.8197484713342,706.2568798947036,723.7077589085088,693.3551477689005,700.3969688705824,690.8762686568951,1018.0070636173675,815.5345442043362,753.4199769212473,815.9268626549316,676.5040868616719,615.2142214771776,0.0,634.0348133663927,734.0385524692093,772.6766380392668,680.4973892031504,822.1199198689425,776.1375751731852,770.3245198025088,802.977998902256,541.4963177406655,558.9887827070035,545.1598157706118,540.8911810452843,543.3952991203184,556.3944820313377,570.4128498602602,558.2098610467298,552.9439981728731,546.0829291272958,515.74600638134,547.7370831789273,559.5153428067355,538.8895678941557,557.7397970719786,535.1260401924361,535.5941735514639,544.5929778349354,563.0319996471642,588.7129624863785,546.2319626697127,592.5619750295564,545.6034354495677,560.6949761125561,556.6234119625724,548.4991985390946,540.376127111712,539.3647284595841,539.941979867386,541.2318095683681,559.8103263401699,540.5777939609205,528.7875634344196,545.5632196405174,521.6884232908668,544.4054593480336,541.9234832860865,525.6334993453602,528.0104411936939,504.1097255722153,523.5253708430843,539.8610247187005,546.1664950085786,557.571471043303,542.0619165773008,564.9509874565357,537.3279946166565,558.6763337842357,531.4264454442188,537.5047072996344,533.3627767060796,530.8954803439519,534.1962134109696,541.0219039075483,537.3317160261258,540.1454844436511,539.3302925220762,531.5515790878586,538.8935330560493,537.8182652379338,542.7468009668022,529.854670119557,533.6068697182538,541.3419601823787,538.2099824909016,529.5824892908366,545.3685221580953,533.0354540737131,536.3172042112539,536.2316757874676,537.2017649023411,538.5812388071948
photo_watch,644.9235382916431,704.4355961899083,796.1243676719713,792.7529120273425,636.2170607446541,660.0702569843711,754.193673158433,719.4448697845829,691.5225312297068,969.9809165775509,808.7209010187544,836.6906767006839,809.3062960433135,680.779081515033,595.5265474794812,634.0348133663927,0.0,677.6893051175622,701.3713815346686,661.8672892778216,781.7051775215207,778.2391220811816,704.4924842996984,747.344899000844,534.4973376014817,498.66255766494794,515.3484694918737,525.9714796570312,491.2515439053801,502.20886327257375,529.9710407224012,513.0899643664777,504.9447068263799,507.6577461703112,508.422704911907,511.4593448492568,520.9877130211723,498.6975450158253,480.0746878641977,497.22175579185506,514.9626221015469,499.9740931446481,507.9041167857942,554.6848684423418,507.82734495656183,543.7937425301426,498.97344979226443,515.1874344516726,499.3682841759258,496.37030419648727,498.95562331503646,499.33089963233414,498.2919101391569,493.0647893351742,504.5170573331926,509.57203129756005,499.06784390919984,514.2848683047116,506.15922240639253,500.9909195408226,498.17433307002955,503.6293994504154,483.32583532606577,494.43256000306394,490.1126244439363,498.452887236969,510.68093733592207,508.8426032590369,508.0723467524432,503.50438244360737,500.47488066838025,523.4827926865457,497.2157805876822,495.6517173578048,487.5537586240267,492.55419246868587,498.2824417212405,498.5249559455933,490.0242353249497,503.22765164227945,505.6036005963451,495.17099406792346,492.2945246545955,492.90206645133674,500.75079976933307,492.8210236719414,489.5376071302117,502.843595132287,499.19009747775175,493.67904056253565,505.65031078533156,494.94891743653915,497.38310293915185,501.7718750075109,496.88763219499003,502.26754109487416
photo_key,736.4294341155938,771.6584299891279,834.7469858750231,841.7404780774389,692.8660875109733,736.7546296764131,815.7820702256591,771.693755483829,652.5899535177846,966.6765767689197,780.8685179464213,865.8224850026996,821.7987987459034,757.7857369050022,659.2730246134598,734.0385524692093,677.6893051175622,0.0,777.7726884626632,682.9539603177903,767.2928056396693,835.3551594771998,752.917509676359,758.8998027782234,526.9167118077779,498.9657618793478,523.9763109676003,520.2489802163135,527.2006272229984,534.4743013891868,525.9569280390011,530.453968510728,524.5920029883689,522.3399558754626,535.8680099530105,532.1813778983666,508.9742725877466,519.4228545631963,544.6265186925783,511.240917704942,526.0649186109117,487.03464591188083,508.4886152299401,546.778775788638,541.6377391202902,535.0770637396903,532.6247985406359,535.6035614219801,504.150093099801,506.1539528285324,501.4253974449388,510.97783225414867,518.2463140425713,513.1423272684626,534.0183922257924,518.2332124122058,525.9102387161295,530.766880698171,516.1883336718221,507.81412003921184,522.7069918885322,508.7049510690814,519.0337201157522,515.8233237526794,505.3439007520689,444.03134513462015,515.5252447668124,523.5774837533706,517.4325621193692,518.1605743559686,512.1485723424423,546.3713834527924,508.72310412820383,497.16276918683167,501.13064973794803,504.9498196218408,500.39266745723813,487.9651289980365,490.99519242989976,494.794450671479,494.86231251802394,512.2580574064298,504.8198013868243,493.33663042048806,488.91621686949514,500.22087271986146,502.0328691070673,504.9330638149958,498.3998681374014,508.4564409115913,499.11983726785473,496.716338913407,499.30508800934194,495.95411849574515,504.4208853072467,492.0067256979269
photo_truck,729.9899270675926,752.5764963750886,790.3702168433567,843.531688421289,730.8995449799319,744.1565089057157,795.0644961001997,809.4504228454373,727.8767307889815,941.3020331155418,863.917482537544,899.0679288754006,910.8336797194139,745.6262294600153,733.6492078384781,772.6766380392668,701.3713815346686,777.7726884626632,0.0,705.8982694789024,803.1920765161864,791.1990944882682,798.2859899764476,767.2855243260299,608.4183111916415,635.8392044326708,600.7332217259545,620.7382778780434,608.4632962032499,606.8935677056071,626.8033219315515,614.1167020752201,611.4192346524402,617.404983495534,625.5846207865544,609.1774458914402,610.5228243523911,607.7742122473192,626.2112589834669,623.4097121912187,612.437551695122,619.4510883310427,603.0091928361398,607.5067767618854,614.8114779132103,632.9433341867143,614.330471209846,630.5493283084584,622.768572753826,616.0518312363976,606.587729691119,620.5736716812614,615.025262423244,616.3231984782867,617.036483826072,611.2435952490217,611.4315497535775,612.8756498680663,616.1503058458811,627.0095202080261,624.850906925661,607.77030328554,611.7856825806577,616.8345988753865,611.0938122106674,616.3626380256312,609.8819933585252,610.9476741090285,623.5919572847719,619.1017359189337,613.6026618152247,627.8670778319237,600.4075545019627,604.5272454655504,604.7117546422211,600.7441738470274,594.0742446648054,603.4481823493641,602.4037513290925,598.2335527453332,599.5286218116562,604.7187901837376,597.9255136976606,603.5102035652935,600.0592776765315,603.2229933730689,602.6176944076939,598.8286081377269,605.1119966455518,603.2296148216477,601.936983542848,601.7391817291794,604.8804666164552,602.2335820420864,605.061825426897,605.183538962042
photo_velo,746.2483694724791,736.8917660248703,768.6588515507588,831.8166932294541,663.3678745647503,758.482275435245,744.2919738674916,741.656422524015,651.583258578231,930.5230341159197,787.6670607753479,844.8643322594648,800.016597588607,720.5266161052117,656.1573904629171,680.4973892031504,661.8672892778216,682.9539603177903,705.8982694789024,0.0,766.3173091726151,781.3182780951926,740.7986003163552,672.3079676213845,484.0635803301496,505.6153774291295,476.05717726550546,487.0189990126113,492.9057060447143,501.49804213156705,500.79690041332464,500.74153316052553,499.63051426932554,509.9830554414883,493.02454328367975,500.407232373989,491.1597717853298,506.1620236492786,518.730856706071,486.16717455389556,501.4858253175626,509.6656173758459,497.00336156086007,478.47578207988363,513.9392341261959,548.9548832223376,493.90384570951954,497.39215179896735,493.6078216863456,492.6437340979591,479.93721839636123,484.24096916830325,483.29510578893826,483.2524256855646,488.7846463596006,494.740769484901,493.64939103851424,513.5608436775997,491.52308654557083,480.06981232551107,493.7669176110006,485.58940699919907,497.62444030900315,476.66342839193817,482.2933009830893,492.9244556662901,488.6021592389045,481.6215443283966,486.6431377588602,512.0685273067381,487.06713884633564,515.5416835019356,476.86325299310766,484.83698703209444,481.4105135418568,481.87537160093734,482.8106228229271,489.23967198805025,478.11060664985564,483.9440218409401,480.07113857354494,486.8383074724333,479.3562937357658,483.1949776540733,481.46072006417086,485.1226372329781,482.26889124512786,476.78821955747026,481.7705591864835,480.34577158662404,493.2932591423009,479.7960890905613,483.8657104062035,481.8311613620038,477.6845222529518,477.86137472511894
photo_road,782.5928890301306,800.905398154671,590.8138094468048,876.6072265416759,790.8043964550785,798.9288110887203,835.0736861189607,824.7699114099793,788.9867322704215,962.7749230374119,881.2922176475545,911.036955395932,882.9500243344386,798.6266912984189,756.1467187763866,822.1199198689425,781.7051775215207,767.2928056396693,803.1920765161864,766.3173091726151,0.0,829.0818278498183,765.7272908724275,737.9973497659968,699.1608978991491,683.2247152451386,689.9941550275322,672.9969812572191,688.9330953122648,684.1176208658519,705.2956822613577,690.7989141369159,662.7979089284007,673.8243136711696,685.5522650933138,674.2294919672541,672.876516317518,688.2566860144042,706.6764147180052,687.4440799784061,683.4773321910277,670.3973165268177,678.107397515732,653.8932673110334,676.7709670473724,708.8197572688925,681.2650142025365,695.6575809258769,670.1574929749854,685.8020382069986,672.6696234527889,689.5933042302254,687.3588654331572,681.5088793120339,697.1245099068818,673.3101056174862,681.5395700473244,681.7188671251605,690.3479357481204,666.7344250586259,687.5429367418407,683.8177250417984,673.0484738636231,684.9415072344121,681.5258738120941,676.1818327823905,659.0584054439263,675.7606241047484,684.9521897600316,693.7125425834683,681.4845567088253,703.9315421915508,679.276496733654,678.2839951123108,675.5919288439521,679.8000243580009,674.2275351155685,672.049307403835,675.8879327423247,670.3154356776034,678.1177088070773,671.7695840858196,678.5119167603671,671.8606216250772,673.2514408990984,674.9096990386978,679.2259440060417,672.0507369202962,674.0955428684439,678.9628194099287,673.4865260828844,678.7853425801214,678.6880291877317,673.6836579474555,675.2496140252164,680.0320154394461
photo_house,716.294875318732,624.6797295258535,771.6589523714237,742.443171044523,780.0461209902082,830.1272846633926,735.428885212307,787.1088339067003,788.1321681088988,1020.1337625546607,861.5746536458919,903.0448846617485,828.206152185199,683.1670354609092,784.106513515092,776.1375751731852,778.2391220811816,835.3551594771998,791.1990944882682,781.3182780951926,829.0818278498183,0.0,860.4753223928399,768.8243686991432,700.6701746062722,704.9313806475975,703.9479646087692,695.6849700544836,694.9979074940867,692.9684564718873,705.4457726598466,705.4352810966512,698.6205572410803,712.7148843351731,694.2511190583457,710.084078393405,700.7779162332105,702.3619092671125,687.0128602398797,694.5039956829846,700.8144353578092,703.8326523591213,704.3170773422254,687.1856735714671,707.1836875628261,720.5950160890253,697.3040945115978,690.1767496169417,700.6736118065475,700.5614852994955,692.8940545857158,703.3522735592259,696.0667179258913,699.1302944695611,701.248021570841,700.4891589609979,701.1760278268663,708.2548848274705,705.5901810440007,695.6422847304359,702.5281836722434,700.9637521251315,698.350865030978,700.9838357586465,696.0646853249051,699.2090169554433,696.5311790558396,706.86904703576,702.2326678274517,703.5602076073639,697.8567199947611,697.0368435832532,695.2120902205378,698.5139913320311,695.3072160581812,694.891392246664,701.2924175182153,696.1980697629567,694.9807366875657,692.6171522054941,692.2115019687845,701.9847107753593,694.7202916307737,700.1906016205523,695.9088878093245,690.4418720891192,696.9471974667,695.0668428687374,694.690957568887,694.8371554733226,696.7289757342245,695.1359522632835,695.5822068929103,690.0160071912031,699.3693257735038,691.8958860676075
