,photo_face,photo_profil,photo_eyes,photo_face2,photo_walking,photo_standing,photo_hand,photo_legs,photo_bird,photo_butterfly,photo_girafe,photo_fish,photo_cherry,photo_tree,photo_flower,photo_carrot,photo_watch,photo_key,photo_truck,photo_velo,photo_road,photo_house,photo_mountain,photo_windmill,drawing_face,drawing_profil,drawing_eyes,drawing_face2,drawing_walking,drawing_standing,drawing_hand,drawing_legs,drawing_bird,drawing_butterfly,drawing_girafe,drawing_fish,drawing_cherry,drawing_tree,drawing_flower,drawing_carrot,drawing_watch,drawing_key,drawing_truck,drawing_velo,drawing_road,drawing_house,drawing_mountain,drawing_windmill,geo_face,geo_profil,geo_eyes,geo_face2,geo_walking,geo_standing,geo_hand,geo_legs,geo_bird,geo_butterfly,geo_girafe,geo_fish,geo_cherry,geo_tree,geo_flower,geo_carrot,geo_watch,geo_key,geo_truck,geo_velo,geo_road,geo_house,geo_mountain,geo_windmill,word_face,word_profil,word_eyes,word_face2,word_walking,word_standing,word_hand,word_legs,word_bird,word_butterfly,word_girafe,word_fish,word_cherry,word_tree,word_flower,word_carrot,word_watch,word_key,word_truck,word_velo,word_road,word_house,word_mountain,word_windmill
photo_face,0.0,3575.004553460355,4147.9165130504825,3798.716066689705,3889.520900365807,3648.4343717661404,3583.3775150018164,3711.961839930343,4638.525378926608,4380.109223947351,4772.395662286644,4617.482229284227,3758.996915666036,3533.597541796724,3785.269035708433,3654.645827335509,3789.2042016843934,4496.716539626728,4736.471365898997,4190.277625452008,4290.400223408167,4063.6605822942133,4069.9047721180473,4109.883296572699,3566.817538265955,3908.8103398151516,4399.407936027227,4024.756722511634,3785.3736942201185,3625.2109667727173,3902.288277888216,3967.6062097733866,4243.673558990542,4372.606239105876,3979.306253916157,4306.100336828318,3973.127356602025,3507.123333424419,3638.6947529236804,3742.0373561473366,3567.915293061129,4474.8149687717505,4358.745889127265,4141.984547612412,4105.836628783475,4130.946055051349,4077.8784718413017,3931.271357276631,3838.9225234925866,3718.578156272813,4385.508375142489,4036.3331791213063,3749.5546932444186,3786.15155570707,3669.101301424766,3821.683961898499,3799.7462699872126,4081.130950687942,4030.3653542974193,4442.263346036654,4012.37039897974,3683.922232123647,3698.011448695064,3838.547840569466,3699.742296759453,4416.598836967925,4361.181003869739,4261.192535873068,3875.9103459442367,3675.1262659413455,4078.3090717239206,4019.425695736834,4151.4783899855765,4194.471636140008,4163.698289431143,4316.16634174516,4430.970001520847,4415.418262576994,4132.55005375592,4390.878900683212,4337.127917017241,4342.081419989922,4219.443029775751,4381.474598341548,4351.278655921705,4171.870387198864,4177.486544453634,4329.126704821791,4319.239167651422,4176.518903096485,4357.951243773457,4173.171010657479,4194.952771820234,4294.916878157737,4518.046394364314,4189.666513703721
photo_profil,3575.004553460355,0.0,4117.111312445721,3923.514056783307,4068.018886101914,4144.634478414847,3779.7467694511374,4088.63563511033,4826.790621934341,4341.6861115946895,4826.51969044748,4657.418837427074,3859.871629889142,3838.3993618256313,4364.7337087983105,4244.657510425275,4370.258935416951,4540.784177563172,4764.68570726008,4265.893952150428,4340.019977559681,4024.933931214958,4128.9153377605635,4139.010313850147,3917.820017890662,3340.232745591039,4381.395092484489,4183.5452040285845,4008.2347129670457,4106.948697502596,4114.85240622368,4036.440381848106,4373.479032536631,4361.457743024004,4188.6786020267555,4401.373199808479,4018.751840754085,3966.947186918346,3978.8680342583134,4286.535217626704,4053.4438453747484,4497.971518510663,4377.431159523208,4154.699788373277,4326.090782494407,4151.295162679463,4270.093773381658,4021.10311216528,3973.715679866055,4082.9398805003916,4509.067369022117,4286.382990572963,4026.199911483714,4098.302657311231,3841.7864346733677,4151.962527562345,4208.239240364348,4113.316824049221,4192.035618936508,4525.5532785677315,4038.0941349423556,4043.637968323498,4194.0785727142065,4341.743138726744,4214.825955241688,4509.710107343918,4337.80218547361,4269.289705681497,4057.246659744272,3765.2520012151103,4250.810539092964,4098.765528035505,4512.475018638703,4480.871687471881,4473.449874360759,4537.935300680966,4644.069964291465,4629.4577001474745,4462.503436269009,4629.173607246432,4559.7438469169465,4604.918667861416,4483.348029259071,4621.0359913635475,4578.91035018843,4481.082387070512,4476.015799827872,4543.410489260143,4544.428131754529,4535.153822500302,4586.079722176678,4527.547945938277,4486.988335550148,4552.305571615758,4782.767080561666,4475.25309708127
photo_eyes,4147.9165130504825,4117.111312445721,0.0,3852.8564572905507,4501.1994253419525,4603.672147372558,4224.858084634373,4612.8196117601865,4496.986706501971,4047.1911073077044,4840.535796686204,4298.2623542157935,4244.173013206124,4334.4052541396395,4760.910771498904,4636.9804263814385,4697.683577497702,4092.483971346382,4321.6108369601425,4215.247399803685,3771.7511481966403,4377.847875621104,3949.0180201743456,4400.676720091672,4215.741619173209,4245.983954727519,3731.3823357936312,3948.4796563241284,4518.474511942344,4462.513310477927,4563.346766732951,4585.490036228007,4143.571456826737,4211.811044608312,4664.803308388185,4080.848559809535,4063.0782843610596,4312.139827739796,4352.674989164239,4644.167842186143,4332.902828462574,4013.22301429222,4055.840935126291,4014.2416588130377,3936.1654755040554,3752.1269321345735,3993.5739901533357,4352.210729604918,4154.142888974462,4401.827347527049,4009.6621344213318,4589.062026353966,4379.519485203312,4504.533893349109,4304.427447390034,4580.832265340206,4528.210286782561,4045.6475076261618,4392.060708141556,4007.4894511510893,4448.4097696935505,4381.437141057448,4516.119087200125,4643.971360565692,4456.975712786572,4018.8543658805056,3901.26645367868,3992.8829288675133,4492.2819227119735,4195.192301705069,4152.531931920033,4457.087876188573,4275.935291829388,4207.9558020773,4214.22478387779,4179.856744759455,4198.996506925945,4172.806237463945,4194.844170958253,4170.141692744271,4167.875594528705,4171.872443994264,4181.445966607918,4165.408930922586,4157.555041820968,4191.640068853707,4188.069627782236,4141.8223052593885,4165.339634199872,4312.1441686430635,4158.323361371388,4310.381860130645,4184.894109444164,4146.335032405308,4350.289838526251,4169.578709949761
photo_face2,3798.716066689705,3923.514056783307,3852.8564572905507,0.0,4196.126718902316,4284.5288428795675,3984.6032097681323,4287.774697423621,4516.23081729127,4151.836292859564,4702.436827842001,4582.124881848417,4121.514860255801,4176.399419762349,4457.5312631290035,4416.151542124456,4534.379553258082,4506.972886935283,4525.583778973313,4307.012234622635,4088.397980617754,4115.249853429792,4142.291223181367,4279.795891704569,3844.8505942380875,4112.234835681625,4346.688826115068,3513.7816295974185,4176.980619018487,4215.761978145622,4394.785234389572,4255.561772780408,4247.342974910783,4219.821977012256,4444.082235180628,4399.201902781801,4112.977425242325,4169.934675237454,4144.05492946288,4408.38858719644,4229.940799920743,4452.988953050156,4294.42133182447,4125.759551731707,4195.641280655049,4047.333326337198,4274.776826191874,4193.868951674394,3964.737606618937,4255.2110278752025,4484.270544588315,4367.550918574354,4125.209051855959,4238.06743519456,4118.8888618361725,4439.617621865755,4488.787477793896,4077.495741128669,4298.75173876546,4408.432101769664,4333.194612673069,4263.460033756165,4332.9107221905415,4526.147329641119,4385.912302630723,4465.704848209881,4209.664847648941,4281.029842805005,4280.400085201254,4069.683762886686,4280.798869333798,4318.947745195884,4517.8348909498645,4473.557915930928,4494.799361717759,4484.577173049489,4593.868180592069,4569.8756090832,4438.0604103216965,4583.03344409116,4537.5093184712505,4505.750514888205,4496.417659117395,4552.977755286359,4535.221938814193,4479.674213961588,4453.003792076123,4516.699586748601,4518.556330362052,4544.376588338238,4532.613812624883,4526.242083189349,4477.638130733171,4484.840918724033,4687.8909164978995,4450.238294710584
photo_walking,3889.520900365807,4068.018886101914,4501.1994253419525,4196.126718902316,0.0,3756.965319000472,3893.51410907478,3790.609993541414,4900.237751501625,4589.242157433138,4875.043660170791,4859.1759057284435,3624.565393673618,3752.9577432424817,3947.7793709701086,3930.5150216778343,4244.496971294273,4709.888781880409,4890.5442601125915,4396.987284829156,4460.365605402582,4297.276353272008,4076.218685348898,4296.362594831702,3927.281232842519,4248.634968955915,4547.509917704495,4357.234885463213,3236.8313103999026,3973.4822082098217,4193.1242619212535,4138.146328248319,4570.275315175221,4520.086392533413,3802.6737831820956,4557.093579795976,4143.172721839083,3823.165269352385,4053.591108031339,3927.5682208015483,3970.1723357026326,4640.544456458586,4442.177097779818,4270.804662754602,4351.092656736919,4325.835334008399,4226.384907575807,4139.450569458929,4109.571345130228,3892.007521134725,4607.071525132035,4333.077684944224,3556.939013271623,3901.445611332472,3779.785144595509,4036.520702200396,4027.8308954600075,4228.400262952672,3886.962971861667,4660.046335168832,3883.1659592862047,3802.323898597227,4096.903387352925,4042.4289407448246,4008.155772172209,4623.619950789198,4448.088346150926,4448.35904365053,4002.28315604621,4037.0905190264275,4314.16779839953,4197.097500018989,4407.448736956103,4413.475774208188,4437.822142136251,4516.845019944039,4546.716760434048,4552.563835609379,4346.199317657155,4541.593658021668,4516.393999845636,4503.032675115492,4423.633338853988,4536.6118017079425,4489.201084923862,4394.922658660797,4423.068219047899,4477.656732240818,4501.5824800527025,4402.048601970972,4493.2548383505455,4408.981778128868,4433.549348749298,4477.647190645632,4634.361249262691,4382.794358102531
photo_standing,3648.4343717661404,4144.634478414847,4603.672147372558,4284.5288428795675,3756.965319000472,0.0,3748.7306152962656,3530.255694841212,4789.102876168526,4668.056637679097,4573.580532219344,4905.476787913734,4001.2812867423504,3711.8648167266197,3283.917274241249,3361.275645144631,3800.393456643081,4743.9173192766675,4912.199475651787,4427.722536894832,4401.505020755012,4247.529512595323,4289.259966984988,4055.08414881213,4056.871283093875,4245.339615908584,4675.650382633077,4324.384065052478,3648.2242454648153,3385.508571108427,3796.0622721385466,3975.0163661593233,4484.247474959042,4497.899240205728,3772.846122222624,4613.612611467776,4198.372807184983,3562.4154839819757,3545.878155491864,3393.3516900232235,3619.8330407967424,4699.8091335722675,4575.184136290897,4350.6433342571145,4150.61002779115,4415.016339580293,4264.682691020045,3807.287924757504,3880.6117395065385,3540.44622290682,4618.888439715861,3769.552867310015,3659.508735429871,3545.5449681562186,3693.139812635334,3811.7240073165262,3603.5254569661847,4166.428269699306,3919.542436085978,4702.2228833477175,4151.300490504202,3792.040012979481,3466.960824564113,3531.9093878574126,3581.64044609869,4617.848789358787,4562.506702705849,4550.6749408160495,3919.1896939595176,3954.556112966112,4219.298438034814,3914.0877024362817,4292.3750808953255,4322.825519980911,4340.762622128135,4408.615236202181,4487.666181313851,4477.4109488306885,4264.138292680342,4475.706069710585,4455.914772396683,4416.931703885646,4349.783700864444,4473.450788475005,4426.0830307530605,4309.753100646197,4342.842991386228,4426.680273711731,4408.141573253354,4299.841028716281,4457.7678053498585,4286.7083503875265,4337.2735141978765,4376.637697900324,4513.302097566435,4297.261219461777
photo_hand,3583.3775150018164,3779.7467694511374,4224.858084634373,3984.6032097681323,3893.51410907478,3748.7306152962656,0.0,3764.618307829202,4875.278773093608,4386.904575949533,4767.077748917252,4533.777611434781,3677.5980119928513,3709.7449529643186,3893.817851780238,3795.7154092048804,4109.420464438662,4488.051242989886,4792.8320343102405,4258.331481661721,4247.896389102048,4162.38622295604,4124.706354132219,4199.1585957017915,3991.7537787287943,3927.0537751945208,4343.172443813057,4143.2145193453825,3888.5071732486385,3767.952817277355,3609.076958731905,4042.146598266401,4480.874777406012,4419.608349201679,3995.2235864156537,4278.437569055518,3925.382313843514,3714.6643093140306,3628.208103853552,3798.3369123304055,3718.3046131311953,4388.964155280315,4306.399209491003,4237.522946079842,4068.1166724865516,4167.376653650232,4092.3345017501792,3942.9450372715937,3969.8068920007727,3743.3559480956465,4318.001551870602,4037.5677502776343,3789.5989972940934,3873.571185662893,3564.453899234273,3848.071570048445,3849.6040646808106,4024.419824214042,3922.873523281568,4342.642183711845,4040.825830677436,3767.6042956969222,3747.572904323801,3887.6224202382637,3812.7655823170717,4355.499786336422,4269.962707263273,4191.592649409598,3897.35311558985,3825.494704660725,4105.177111239881,3993.4598244072768,4171.495191593175,4149.307461588651,4152.277461003652,4256.759104353217,4357.318099879739,4339.998127745299,4121.907271505775,4336.477842236288,4286.321926558652,4293.556224258693,4174.6080034251645,4337.6890593165,4290.979528644263,4135.441781884547,4167.600045565329,4257.722854309014,4255.478093180192,4161.284007917969,4289.011870606873,4172.487988267783,4150.652363602748,4250.935327812794,4467.045514581256,4139.847994213061
photo_legs,3711.961839930343,4088.63563511033,4612.8196117601865,4287.774697423621,3790.609993541414,3530.255694841212,3764.618307829202,0.0,5007.677378378086,4736.350122386426,4854.194079153456,5049.677798749855,3898.242595286867,3720.5206305862193,3770.247717737208,3599.276392018297,4004.453516830624,4875.992883458354,5093.31309858294,4539.267268749746,4547.440674927002,4359.701747311321,4354.836215834765,4317.437602056446,4028.9112831197326,4283.686467699771,4714.499334859439,4388.535496994267,3684.6553367544575,3711.1562465333386,3966.837394611205,3726.9613949475033,4624.7613057954195,4658.018136317789,4018.5484325696875,4690.121088328442,4318.054437890775,3630.077836824677,3897.7657366043863,3687.988263364918,3740.8161564413203,4837.850039555988,4702.780250553396,4465.6833270979705,4367.736031127012,4520.56198732464,4380.318315878043,3994.899427214562,4027.0672673848117,3610.3282042324736,4713.854621255397,4029.7223895071766,3722.43459118868,3728.0306404348885,3760.9296064241516,3695.2017707692457,3697.9591733457214,4257.396987934238,4088.850586789864,4786.772505949481,4019.6978452601556,3816.2082250798467,3839.1526998112586,3737.6769341431336,3690.990036678986,4747.353092178533,4675.0290632165215,4658.503262709821,4029.9871306844816,3929.3390543575606,4361.771243995622,4102.702132571818,4396.309104756281,4417.055173845692,4429.662186741938,4546.725557356709,4595.93465338446,4590.357954437309,4356.270988994891,4596.719433160564,4565.832464119275,4534.004906847304,4453.752773239699,4579.191598793081,4553.335282107918,4432.021229224748,4435.3600163923265,4519.046975482061,4510.4184124278745,4381.247452242487,4547.933919603667,4392.063135615992,4427.757414022932,4494.169160729881,4684.041303948334,4400.020934445958
photo_bird,4638.525378926608,4826.790621934341,4496.986706501971,4516.23081729127,4900.237751501625,4789.102876168526,4875.278773093608,5007.677378378086,0.0,4416.825723781982,4998.921852672962,4269.148125022301,4863.969858723451,4802.817882127945,4868.115707007817,4935.419854882933,4837.92580460145,4160.034489537521,4540.0134883308665,4396.199604938738,4525.83290274685,4827.0530732057305,4650.731081289502,4834.618579100449,4714.046749708129,4834.992170261808,4548.441802280611,4474.427441754574,4895.95009550595,4744.515836197025,5006.891092070868,5045.588371912028,3503.4208657915424,4703.919142852971,5002.192348641427,4338.728306857709,4762.1061426209635,4745.95827787551,4638.742033158488,4938.393147509769,4608.40251970106,4267.710473815087,4473.512222942478,4305.96544271746,4201.739330366292,4337.599141549424,4361.494875270859,4823.800030501579,4630.026825010342,4749.993664980672,4444.476313180865,5009.888767951605,4756.077956579526,4847.346271930989,4842.926577571098,5061.200278403175,4928.335048603427,4711.1209633711105,4862.024587081578,4370.411059709889,5118.696996423564,4861.6735735756365,4792.418787392245,5079.540353697016,4822.237388768648,4261.044207239139,4561.420029872495,4520.58472257928,5010.5971769978105,4771.202020364966,4665.708431523116,4962.736520867334,4542.668070710659,4537.745886890574,4549.346672757025,4495.416964006719,4571.546783642734,4536.0560621245795,4526.191788227011,4583.769110058412,4563.120885347853,4467.491803357608,4525.445573290241,4519.421738188243,4525.656231948467,4517.232086333431,4499.484318874559,4528.201152163236,4509.774472181757,4612.667474307141,4525.709871014123,4620.776417170928,4516.516305015384,4456.922451658688,4665.449609906217,4494.180608421293
photo_butterfly,4380.109223947351,4341.6861115946895,4047.1911073077044,4151.836292859564,4589.242157433138,4668.056637679097,4386.904575949533,4736.350122386426,4416.825723781982,0.0,4947.036653222867,4390.250746163908,4372.931816387244,4484.395026372604,4804.7868920765,4806.736766405046,4844.475892536149,4334.3525035800385,4529.8438865491535,4176.879766196482,4249.417815116679,4423.505218681675,4380.777446557951,4308.826432220508,4466.262945723861,4321.686434796759,4272.924961909213,3875.3459209865027,4538.523675287905,4491.536208256063,4669.186618535349,4706.996024603535,4056.6000181911004,3558.69662645118,4762.626503082405,4299.533211620533,4046.060378088379,4538.250683741628,4400.727264389118,4844.213792872924,4497.513000590795,4332.1215637743335,4227.660628665176,4032.589110440133,4232.499070848748,3942.0240754777965,4394.197975706908,4235.813538003943,4217.693807680693,4641.219651059122,4411.87334620827,4658.718707565976,4357.345385083923,4491.675976515453,4405.088079629159,4777.882844494612,4753.411440067325,4003.3985760737414,4606.4530516771665,4337.3324835744515,4713.842778939038,4600.755349254786,4673.030364125116,4915.886665572814,4772.3964460400975,4424.292281925508,4142.651009866732,4121.451625357497,4715.468255316546,4369.166421775615,4424.409916901129,4395.551191397655,4651.5786107226495,4574.419866201736,4629.137062599692,4593.0424275583355,4697.7816383111685,4670.3465820603315,4591.088537656498,4674.410704792965,4624.055844563425,4604.34144911249,4589.7524071456755,4665.773723807096,4629.863847828145,4596.29952906482,4603.6763674295025,4595.641561093147,4605.657552302458,4699.159827830212,4615.114637906345,4683.990298582456,4614.624431568625,4594.792832254792,4798.1025413254765,4576.129176466926
photo_girafe,4772.395662286644,4826.51969044748,4840.535796686204,4702.436827842001,4875.043660170791,4573.580532219344,4767.077748917252,4854.194079153456,4998.921852672962,4947.036653222867,0.0,5130.352850275765,4811.176437462248,4779.589820383129,4679.927616361649,4804.661592000318,4981.036599541766,4974.53482425099,4830.553997035898,4920.285941812065,4764.045968607438,4608.122457751781,4803.626010942139,4689.326011993618,4722.093226820609,4835.548416088991,4980.276025695036,4684.02937712202,4746.185564205196,4662.847615730455,4778.265235104164,4809.060360115855,4978.653042384743,4803.127149682829,4433.213071929355,4935.415837035981,4704.571887801699,4768.377094081291,4623.232281526847,4829.893699145589,4735.383606464535,5082.745701292199,4716.432236617417,4654.3197442948285,4762.331239258265,4748.282576752171,4896.218986487876,4605.651865595484,4638.709219061271,4709.352576286021,5066.236987282876,4737.4903806070515,4733.384055324987,4707.553332070198,4649.5163266270665,4936.363577931335,5044.360845432231,4860.512156183727,4403.1950037401275,5074.434369279358,4983.804344081528,4929.1224688508655,4738.368979663153,4865.981074671344,4913.043431199546,5026.403861742608,4799.338775396971,4885.696382068251,4866.708026292624,4766.158517346499,4837.3120609987,4828.482968734868,5155.038878453122,5113.004858755767,5158.583401066208,5129.763769927974,5119.991202583338,5118.682704937431,5094.316591305914,5133.809382411328,5125.108614141331,5056.564687312211,5139.295107749196,5115.75212020573,5098.714521212111,5103.863634615749,5100.561516980456,5085.801029075326,5098.786240435932,5162.93210062748,5090.481859978462,5150.7884026913025,5118.891114865166,5044.426633450674,5180.655877988884,5091.705480319639
photo_fish,4617.482229284227,4657.418837427074,4298.2623542157935,4582.124881848417,4859.1759057284435,4905.476787913734,4533.777611434781,5049.677798749855,4269.148125022301,4390.250746163908,5130.352850275765,0.0,4690.185941022893,4767.567822011217,5088.267426167371,5005.262014040626,4827.13373977756,3850.2429263112167,4417.9603062702845,4045.497506665153,4384.680568383669,4735.707180952353,4332.546542313731,4814.097760638221,4704.956047444159,4665.302338338261,4106.1001291834355,4469.243309331333,4932.237387578428,4849.08977699951,4929.759855811621,5112.38840690913,4059.157552236698,4638.920507196279,5014.690952215738,3385.4131480307365,4340.365495964618,4758.142210646338,4695.504073240988,5015.611841935091,4559.490380909034,3923.6717952383756,3907.0898454149537,4045.605091668266,3971.1351160340478,4064.8118007082307,4059.61067593431,4788.885597924685,4618.889228812877,4764.361046339684,4119.0185044351065,5087.618275976725,4792.158730030689,4957.843598416519,4771.892823976748,5082.462678753286,4866.4821084171235,4649.588055103625,4829.120122672889,3715.107579845038,5016.810080383913,4806.437685356211,4882.991144242932,5114.163579618623,4795.857014574269,4004.479728828331,4217.943198663953,4143.304385346269,4960.433243293376,4654.913192340846,4476.318527537064,4924.165211706574,4433.309593511939,4372.543349272041,4427.980664114364,4333.863591570881,4417.991567026699,4356.169866042265,4378.44895597512,4340.493006262857,4338.977619032697,4288.956901927914,4365.954612632284,4361.9060658833605,4344.2418801890735,4320.550216961091,4367.206001184964,4341.238624054155,4362.404243195651,4526.121803070835,4350.718639858933,4446.897796772768,4361.195740701077,4296.723211479174,4502.356204768936,4333.5760296714325
photo_cherry,3758.996915666036,3859.871629889142,4244.173013206124,4121.514860255801,3624.565393673618,4001.2812867423504,3677.5980119928513,3898.242595286867,4863.969858723451,4372.931816387244,4811.176437462248,4690.185941022893,0.0,3597.9416901869213,4100.719612049077,3914.7261200045987,4204.155259545118,4452.978448473238,4791.157669268625,4125.161765996102,4383.780831423157,4173.961357942501,4035.4964684568886,4149.162603159223,3987.9441760002446,4005.77397582544,4299.293225437061,4279.507766718441,3721.3565430673075,4052.1417882002925,4049.1529308979307,4046.0910169885565,4443.115445922139,4367.743863563064,3872.961370134764,4284.409936012252,3805.114699559775,3686.052777485955,3974.1170771868574,3985.96542139214,3915.2812393619593,4376.221385377018,4228.6379277523365,4059.0936043616903,4224.353607933308,4130.217225134806,4032.5085265838434,3860.8239945275964,4003.0867179011457,3948.1089729290757,4351.092117377894,4237.212966843919,3749.5596385345,3969.3099384860197,3736.1931569665608,3879.053179798749,3908.662160896886,4020.7703772020395,3821.5945760186646,4433.4675381714815,3718.52551047056,3758.4060638845503,4092.8653049991563,4007.4048525542435,3948.520721580098,4379.5636357569065,4229.328533956049,4156.081069659792,3947.4528606934937,3837.9190432678815,4117.112162624921,3954.0047990327503,4288.382761662988,4263.699297520513,4243.8531905157515,4349.624808238785,4446.216684647266,4422.651222141038,4213.746380160955,4413.9971152544285,4327.983096712796,4421.0194431600585,4253.674482172518,4397.990138919869,4379.901029269661,4253.482536809647,4240.897614798277,4325.088575584268,4351.856853925692,4287.342387380365,4362.073910970032,4304.196118489634,4258.585024424254,4352.54344556431,4579.96806677918,4235.536237603049
photo_tree,3533.597541796724,3838.3993618256313,4334.4052541396395,4176.399419762349,3752.9577432424817,3711.8648167266197,3709.7449529643186,3720.5206305862193,4802.817882127945,4484.395026372604,4779.589820383129,4767.567822011217,3597.9416901869213,0.0,3738.8261699716168,3483.1393182663214,3903.5466023376607,4495.129196906738,4854.266389739905,4375.878704371088,4289.022144654605,4101.731523954177,3925.9985440567007,4111.317017612319,3858.0971906083046,4093.156269354388,4438.714194011317,4298.849842664727,3724.7330560077676,3719.49132001839,3971.800633250595,3926.082273616372,4387.8536548380325,4481.336446164058,3853.0689834702252,4423.098064998256,4020.9202432286575,3210.7434759778166,3806.361713327504,3698.5203146140566,3606.4545401615414,4458.880904453381,4336.224113266391,4278.825373506815,4092.2253501209643,4218.154440924217,3956.5346275982274,3941.4210580245062,3893.061346107066,3640.388603522704,4361.233058059198,4104.902562881532,3672.831727515987,3721.4176490112036,3493.92735146603,3627.342499293936,3705.380464575538,4022.5612052700076,3916.679088577145,4436.236878781616,3684.791762154029,3449.6383248510415,3739.496985538284,3680.0614726219846,3617.9936255281477,4356.151729772404,4245.730059726883,4338.300594113776,3680.0660180054233,3632.2979141401515,4013.4152225787952,3927.4351338193906,4044.780675838532,4095.1992370649696,4061.151419246199,4226.34921572436,4302.204508854923,4274.654553612728,4019.9789098763254,4263.449909015155,4228.317074437894,4284.064092501209,4098.9904286231495,4274.235498331486,4213.426023527793,4049.0177092378567,4074.475227303095,4199.62005085263,4196.048916138521,4046.9380512886446,4250.37045858828,4064.667458391727,4077.077695291653,4184.753048145141,4426.098489159984,4083.470304357658
photo_flower,3785.269035708433,4364.7337087983105,4760.910771498904,4457.5312631290035,3947.7793709701086,3283.917274241249,3893.817851780238,3770.247717737208,4868.115707007817,4804.7868920765,4679.927616361649,5088.267426167371,4100.719612049077,3738.8261699716168,0.0,3049.364053244806,3751.6904165877336,4880.050283689117,5092.511452035563,4729.580905808161,4512.4806143626265,4406.234414272239,4410.233941008156,4355.610313574235,4185.789974286743,4476.070104246838,4844.542030111288,4432.885191354579,3864.952145298283,3568.507471786629,3879.252805256609,4205.429752269094,4588.438844193377,4691.588007018191,3870.5471775596943,4725.231689359212,4339.063296007562,3473.4524859350486,3508.0402929123234,3142.662840780246,3677.3921914178936,4869.333128732222,4745.482784379501,4617.86774776327,4239.568095856664,4568.161247328121,4394.314162416859,4190.414105967604,3996.4421442192356,3455.710296380686,4780.261700014375,3877.28152656285,3783.038614650322,3609.5205500210277,3844.168090685408,3843.766200608886,3669.3669992300456,4287.935528472507,4063.7682634830935,4825.118634626904,4166.975313192235,3735.437787659267,3434.338224006739,3319.4511697421717,3561.9091186754345,4732.779839168881,4690.775921442039,4777.00078493372,3952.430041188111,4085.3651185045446,4344.266028348283,4202.722905747079,4318.802631940331,4403.689018891417,4390.747167269861,4490.2412617044265,4554.909416532102,4564.203452561658,4319.7235800017,4574.825677541661,4537.097743471284,4508.966490043943,4420.8351155396595,4545.605728084482,4517.4318880005185,4370.972753408165,4404.330703594062,4523.028954975441,4485.911903128498,4327.325292362306,4543.099979240381,4327.866553647208,4413.8007381829075,4446.327400835243,4600.501346570232,4373.301233888944
photo_carrot,3654.645827335509,4244.657510425275,4636.9804263814385,4416.151542124456,3930.5150216778343,3361.275645144631,3795.7154092048804,3599.276392018297,4935.419854882933,4806.736766405046,4804.661592000318,5005.262014040626,3914.7261200045987,3483.1393182663214,3049.364053244806,0.0,3651.331776627883,4719.95216861158,5145.391840552211,4651.780025664458,4422.508432738784,4461.890876081804,4279.460942161064,4431.006994846958,4038.4929073715666,4422.848831416929,4707.09201242334,4399.824642464389,3843.65580662782,3390.4604062526787,3705.8091322148657,4187.106609888472,4588.214049917754,4732.631943429284,3879.451282580288,4640.0429692555845,4310.697996406863,3309.960593956326,3479.443543633632,2538.1213514066294,3505.71388045512,4716.4324914918325,4705.609664935113,4571.127499755008,4023.702409891871,4531.642544346979,4187.427150241025,4177.3054163611605,3944.760723676027,3260.407902549031,4575.09916397851,3814.6117133865037,3603.814164402007,3457.486939416803,3720.838490940587,3648.947558829091,3403.602642438204,4176.115674500051,3934.9539639650416,4630.4138330387195,4005.5947536222757,3389.6812219439794,3116.4253285223704,2673.396711056749,3200.433868547889,4499.701375719371,4530.655295128096,4641.175315567266,3785.6435874090935,3838.6334022633973,4074.3730097147168,4114.002970907063,4005.9231270116343,4111.925961471494,4075.5922384364426,4210.275374778449,4297.476206804565,4283.41267538256,4003.395409782835,4305.347927001814,4262.328824417092,4253.063432562009,4127.73953278519,4275.545696178447,4236.25396199202,4062.535240244273,4099.063868835122,4253.10798208101,4215.221936785956,4011.188973649189,4277.722151870072,3992.3371234733804,4088.47795071823,4190.725879463758,4353.33573056568,4067.0220178214604
photo_watch,3789.2042016843934,4370.258935416951,4697.683577497702,4534.379553258082,4244.496971294273,3800.393456643081,4109.420464438662,4004.453516830624,4837.92580460145,4844.475892536149,4981.036599541766,4827.13373977756,4204.155259545118,3903.5466023376607,3751.6904165877336,3651.331776627883,0.0,4718.751888457163,5090.324552464904,4491.634455688278,4639.214117890057,4455.719788825254,4432.428407304975,4420.321000417954,4188.586623165998,4513.782324862039,4751.369163380387,4581.741049327236,4086.7905356071606,3723.4623086356487,4201.528294424157,4413.213212194007,4506.912906907819,4728.093796335661,4062.606438101246,4513.658524356054,4376.762965158072,3723.365893542821,3752.199654315329,3651.675223865265,3356.0157257902574,4746.282857360242,4670.3905386330325,4478.453574191074,4320.609962225111,4501.082817949579,4367.33581841492,4205.092833333685,4172.107052981559,3748.2861595935296,4664.611676320752,4297.399427831929,4012.034894482534,3905.2388331729135,4060.433097356136,4024.4521705952857,3926.6129092624396,4440.32485296088,4231.447837302311,4667.416611757931,4317.621461151486,3889.097040272995,3744.5804008668397,3876.2635991524244,3402.393825981463,4644.315484345153,4769.864733717491,4665.75375923389,4201.958591575579,4012.5455390429456,4467.402424604906,4281.622083319527,4387.179727464653,4484.610243340968,4465.187790995149,4552.069822004891,4636.2812304832005,4628.718065713615,4412.701251571812,4628.705274646271,4603.054335160047,4544.7988712414035,4503.683047889765,4595.519694293148,4592.16959749572,4450.764186054874,4469.100237602501,4593.653067199915,4568.343955402156,4448.284038078837,4611.009905154823,4393.6858244958075,4473.740783906826,4527.296533816407,4691.154656052328,4460.93784659298
photo_key,4496.716539626728,4540.784177563172,4092.483971346382,4506.972886935283,4709.888781880409,4743.9173192766675,4488.051242989886,4875.992883458354,4160.034489537521,4334.3525035800385,4974.53482425099,3850.2429263112167,4452.978448473238,4495.129196906738,4880.050283689117,4719.95216861158,4718.751888457163,0.0,4173.478656393151,4097.1678958499515,4194.279298354516,4715.312299140585,4096.165648634974,4700.086216418228,4444.567558946969,4568.104218286283,3494.3104368999925,4320.8777207589455,4759.330689929446,4657.502707809606,4656.234075245357,4940.8437755761515,3906.682799216233,4635.900090245531,4905.951497537947,3641.7276323015776,4254.073414596777,4423.75651999969,4422.534394911495,4702.856112215926,4370.628322620917,2612.2089580823504,3740.0292768061954,3920.287138607704,3465.809897582588,3919.424521833805,3446.5310615777653,4556.883936635814,4340.783477999723,4455.7893704371045,3244.0395619624483,4708.333953454659,4547.768519881361,4630.400703876441,4449.085595285878,4682.03247541996,4381.56733568121,4317.505447799797,4486.8261767956765,3374.510997004228,4648.626789306358,4471.019715923408,4524.154772963767,4667.153223444531,4333.3330082816365,2766.488436300209,3603.8207516881307,3886.061148956451,4616.794912892884,4429.29948143921,4057.8369253578035,4598.230281070279,3640.4004331896326,3560.000592479899,3560.139288590933,3447.578579371889,3401.288956421248,3369.9409804701845,3581.58579864074,3461.1832171019173,3370.9558147909606,3465.0754025058322,3526.396042904477,3402.241174322325,3396.9510941347685,3492.3075487512683,3535.660367070494,3375.3054343312197,3391.031953748761,3727.453579424966,3394.0698595162876,3694.1699128514074,3497.9299157398127,3353.504687138338,3566.282348728788,3514.0328769895873
photo_truck,4736.471365898997,4764.68570726008,4321.6108369601425,4525.583778973313,4890.5442601125915,4912.199475651787,4792.8320343102405,5093.31309858294,4540.0134883308665,4529.8438865491535,4830.553997035898,4417.9603062702845,4791.157669268625,4854.266389739905,5092.511452035563,5145.391840552211,5090.324552464904,4173.478656393151,0.0,4275.216395196435,4356.46027308637,4604.273356526626,4441.01759704742,4624.347552487912,4633.854547499458,4704.383108962604,4184.297883059097,4424.834726253732,4911.467637568696,4894.4131667541105,5079.7651262296695,4999.357228689591,4331.747497419965,4528.144395674294,5134.70578225785,4192.314352702858,4366.373455384292,4822.079855853534,4760.846036555705,5049.672353374916,4711.451348008627,4155.569162654388,3459.420560611504,4089.6558149627535,4166.702850683039,4059.0259048351945,4233.539890248047,4630.319275744293,4459.078033822429,4818.020724317588,4333.569099919611,4999.460322636535,4771.31058116832,4867.816558033461,4797.680481316821,5081.937787799062,4959.661889833669,4481.869456199741,4863.281543525129,4192.656885768211,4920.528217355083,4930.283013714406,5015.799084446129,5117.0783041363775,4942.9787575657,4295.759556006171,3686.268094580145,4269.429042236837,4924.3177216835475,4810.63631568743,4452.711984782731,4890.138642029781,4713.896295662167,4602.091856190536,4607.441346028365,4494.342798273293,4405.353109211171,4386.372653395533,4593.824831462753,4447.69575876893,4452.082339955874,4439.967796044665,4564.292483135174,4402.2311728098875,4452.388954740949,4591.170813757938,4555.802262437687,4447.788143706447,4471.247615199794,4738.764057738568,4419.66124199697,4732.226225136045,4587.4625960764315,4435.295441322782,4473.450631509945,4532.335433169139
photo_velo,4190.277625452008,4265.893952150428,4215.247399803685,4307.012234622635,4396.987284829156,4427.722536894832,4258.331481661721,4539.267268749746,4396.199604938738,4176.879766196482,4920.285941812065,4045.497506665153,4125.161765996102,4375.878704371088,4729.580905808161,4651.780025664458,4491.634455688278,4097.1678958499515,4275.216395196435,0.0,4349.300308866979,4387.220937341543,4150.654501491687,4294.378360209948,4214.188095821302,4325.383831141754,4183.4915654955485,4243.77085929557,4410.147974660236,4428.276955381214,4551.350413585018,4654.450836945874,4011.460372304886,4336.514472549673,4582.392279953403,3867.168790238232,3957.3845926306676,4313.632125973357,4325.2153448495565,4624.439301399019,4205.74078030148,4099.9066055627945,3784.394241440029,2766.863958573814,4020.8489797542034,3938.0696746308495,3947.8104897018306,4183.570141583052,4163.604522708735,4412.463422916251,4196.484912484505,4684.385358725427,4216.618483948774,4461.570782177818,4298.98357168147,4643.465145148652,4501.560546426124,4323.161518838086,4484.237825027629,4130.818839167292,4490.751197317386,4363.140224244066,4484.380150821687,4744.838778730779,4514.894262308972,4228.277886259125,4086.846254344984,3528.427640142432,4582.777725541556,4295.703959637099,4167.109339072531,4419.152994402043,4442.413924307532,4395.434775133345,4429.756027040399,4415.413188444242,4505.607665989446,4471.561822505572,4401.796368867325,4465.683876515486,4417.7234916404295,4438.198014873809,4382.69143619284,4466.013335868117,4431.058948762945,4389.449298349882,4402.106188184012,4397.207641074106,4434.22057558971,4524.733344758416,4421.501046782773,4482.90272968094,4409.229246681675,4412.984418332576,4624.856470700748,4371.070696146788
photo_road,4290.400223408167,4340.019977559681,3771.7511481966403,4088.397980617754,4460.365605402582,4401.505020755012,4247.896389102048,4547.440674927002,4525.83290274685,4249.417815116679,4764.045968607438,4384.680568383669,4383.780831423157,4289.022144654605,4512.4806143626265,4422.508432738784,4639.214117890057,4194.279298354516,4356.46027308637,4349.300308866979,0.0,4424.654174439522,3936.9744957639336,4412.60240005484,4250.382217014245,4475.323109621728,4169.971156063957,4143.206841809096,4449.721068716305,4379.335319282564,4470.982834999402,4604.816411458392,4283.653327332864,4340.375918236903,4638.182719326079,4280.0601673348065,4199.805381541691,4301.762750386685,4228.669135186945,4451.924776045807,4338.36390302854,4184.130383951942,4185.513819678972,4156.159479260107,3711.3501278705576,3994.9796265085183,4022.330178533344,4461.128796999984,4186.443799404284,4328.267982365214,4180.5053607924165,4513.625130444266,4358.406753530167,4389.053952727374,4321.897595074722,4550.11645522431,4413.8867830791705,4214.715379914913,4395.163069743194,4129.659626908054,4520.37265810206,4354.850024302207,4351.78272720972,4426.962125687594,4344.584391549281,4121.808275276498,4021.6535790458825,4204.568006797223,4360.035683192214,4305.640741588651,4100.853042532807,4524.437414289784,4242.351610449338,4202.131925939962,4221.878554300377,4172.06104810844,4172.975568220342,4160.839530543621,4178.591169144122,4192.970296656645,4191.615905683617,4172.340676467706,4189.674117172009,4175.580728204534,4155.962547601801,4169.831400267701,4197.012596495146,4164.895562414302,4155.928598808699,4285.36172643134,4163.054911516826,4267.288223095115,4186.206010235375,4140.043718072349,4247.37127817002,4158.339161868406
photo_house,4063.6605822942133,4024.933931214958,4377.847875621104,4115.249853429792,4297.276353272008,4247.529512595323,4162.38622295604,4359.701747311321,4827.0530732057305,4423.505218681675,4608.122457751781,4735.707180952353,4173.961357942501,4101.731523954177,4406.234414272239,4461.890876081804,4455.719788825254,4715.312299140585,4604.273356526626,4387.220937341543,4424.654174439522,0.0,4324.962300258011,4055.1069763051305,4204.519517657193,4176.451279995349,4548.801248375358,4308.087576056297,4230.664553032062,4227.75653466701,4438.293356976366,4362.183599344305,4516.905573755045,4373.945091778065,4420.20723381788,4579.636176654993,4036.877757300035,4236.525055858945,4104.882133071429,4463.166284004771,4217.350601223842,4722.228817801237,4355.079691730624,4249.386247945548,4447.9747703993235,4152.388816707291,4497.925695609409,4142.157051493542,4129.880657324997,4321.47503278702,4736.325572839028,4494.687886009563,4216.667929589099,4367.318521732124,4103.304948997227,4477.486113401312,4482.543514129965,4294.226773606245,4447.842000203897,4701.500923962116,4329.120458584325,4384.549478254119,4451.367632000625,4638.941619291966,4498.577171549268,4763.113156988247,4448.457508350375,4490.385676989264,4340.874339338581,4054.802183959688,4477.968406449206,4371.4935047894805,4833.720456830038,4789.642978609426,4812.669747649409,4810.566659442011,4878.250859174808,4866.879600355569,4769.739418386229,4854.695245455594,4825.036661837066,4817.5368308546795,4811.516172546136,4856.25104905306,4826.507787788024,4787.573660201238,4776.67926894963,4811.382411983468,4812.677726414202,4875.530706349271,4818.849977180393,4850.727479611958,4805.5698902241575,4784.264975418395,4955.090595490533,4769.260775143128
