,photo_face,photo_profil,photo_eyes,photo_face2,photo_walking,photo_standing,photo_hand,photo_legs,photo_bird,photo_butterfly,photo_girafe,photo_fish,photo_cherry,photo_tree,photo_flower,photo_carrot,photo_watch,photo_key,photo_truck,photo_velo,photo_road,photo_house,photo_mountain,photo_windmill,drawing_face,drawing_profil,drawing_eyes,drawing_face2,drawing_walking,drawing_standing,drawing_hand,drawing_legs,drawing_bird,drawing_butterfly,drawing_girafe,drawing_fish,drawing_cherry,drawing_tree,drawing_flower,drawing_carrot,drawing_watch,drawing_key,drawing_truck,drawing_velo,drawing_road,drawing_house,drawing_mountain,drawing_windmill,geo_face,geo_profil,geo_eyes,geo_face2,geo_walking,geo_standing,geo_hand,geo_legs,geo_bird,geo_butterfly,geo_girafe,geo_fish,geo_cherry,geo_tree,geo_flower,geo_carrot,geo_watch,geo_key,geo_truck,geo_velo,geo_road,geo_house,geo_mountain,geo_windmill,word_face,word_profil,word_eyes,word_face2,word_walking,word_standing,word_hand,word_legs,word_bird,word_butterfly,word_girafe,word_fish,word_cherry,word_tree,word_flower,word_carrot,word_watch,word_key,word_truck,word_velo,word_road,word_house,word_mountain,word_windmill
photo_face,0.0,454.52316714346676,527.1989183287953,518.3775264411294,488.26437130578404,516.2976145683299,432.79992471983076,452.03840930798987,571.5459177943712,720.9909316978052,683.0965207672776,574.4634967956329,596.8957619083545,465.60657738414403,498.7810464662723,467.829771437536,597.0845604087523,529.8127966738526,597.2127484241377,609.77806593649,588.5279315172971,543.4416833024105,615.0684467617253,605.4706402987741,448.31465909523774,461.4318238014009,487.5977852907818,492.8219988432589,453.319837533309,460.4459964976544,454.596290142376,444.62803013943585,485.812420218559,489.4079654354915,461.0133064594261,475.70321859494294,468.63239482858273,452.6494677808911,451.99227433273916,464.4704032694719,445.8444922289997,486.1604672911378,507.3368853709161,530.024699674952,475.6365231085468,514.3614989073868,470.8478468873719,462.6179773902077,477.9340471032232,455.5675514585096,477.20077983820397,446.7498486578157,446.8994994679537,441.6669733086969,446.10473369124077,446.1262300644072,456.1416828734283,477.92123851169333,468.7308734527239,477.5663096460211,465.5692715118266,450.9058385303088,448.64205426967544,460.44283059626645,455.6072698911828,468.61983598902054,493.55677918396617,472.23092464469397,438.05076934548686,453.9286585386842,465.35528017423627,461.88234563717396,453.5469662652648,454.2959147895791,451.28856219023567,474.7319697227037,479.32227458762515,481.733173351247,452.42203531642537,478.91906401677625,475.7688441679117,492.1136156639942,460.9399362755757,480.8152419538998,481.5976262936067,458.5973563649567,455.26442884824326,482.76283036372286,472.1723259088102,443.0427586657231,478.1161274943,451.90200984495993,465.517521732374,480.05901034739117,513.4978323749576,471.12101124445655
photo_profil,454.52316714346676,0.0,558.4882324061654,514.1977516493961,564.4320493782317,567.7966923138756,490.65511862092364,552.0838199673414,600.2381967770028,690.6865807943425,708.073714615296,626.664127330633,627.5939575506002,520.6728298750378,551.4955332100761,555.0866365848922,639.2725234598455,580.8713176385695,605.6897569939183,620.4438975106718,575.1009259621898,429.6242124770149,636.4084881974912,565.990420029869,522.2443913692255,485.01401321503613,538.4539097925046,525.3051337325179,530.9896115689127,510.8795059058046,512.7524465551295,510.80970462764947,549.3296211816851,536.0739033111876,512.7579914932867,532.8133067656888,517.0291354962663,527.9335301718863,511.80017883525915,517.1856856652056,518.2670455934523,541.7567503937211,543.6297393758302,567.7952721038118,533.8800466225617,546.647517554089,536.2385266393252,517.0576228042402,521.6398837709235,521.0820353688958,529.6019833367039,514.1574182236644,519.4963256281607,510.16594547336376,520.0544798257833,522.1811753465039,523.0825275654272,517.8335217652406,517.6547485086755,533.4833639292224,506.4983919200867,513.1629425028897,511.78100550010436,513.0121761866812,515.7278242642673,534.1707287914395,545.5979618623677,542.2555183662867,507.66596582191266,495.59452380705403,522.861252681928,520.8658549904535,540.5307307267474,533.2027076698309,534.1141777781364,540.3387962990357,542.0458616788551,544.9023885792952,539.6615750928718,539.2067784950249,537.5561919441757,556.2098416024356,530.0396975637145,543.281792016414,544.9077233310438,530.502728379521,533.1525180830505,542.1490358509624,537.9075905489138,535.4221262499644,541.1253340870327,540.0924514056601,541.4994032745086,539.9959770628329,570.5977322366484,538.1047540509944
photo_eyes,527.1989183287953,558.4882324061654,0.0,518.3530117276093,604.3155517700916,603.1739991836699,575.2967869232131,605.8071316550345,614.5864200914134,757.6562129623928,726.6605951649797,604.0827669406714,650.8009257668795,619.7089742297061,615.1382708445954,561.4859116319109,705.3199396638448,579.5556130337166,638.3766163995032,656.6880844566306,421.7011894035998,587.132100359758,667.9901384378775,620.8393469358454,551.597760312054,553.5919415287952,519.6051633571395,541.5844287573157,561.776340363087,558.5554837797303,552.6139709360028,532.6847526601765,559.2778804830784,507.683291007467,552.4445619514787,528.4942849191208,509.42912785121615,548.4229922970402,556.7256532263481,562.0864179515912,541.622278378396,528.0542748685519,563.6879583797192,581.2406801967879,532.4220834279148,573.575200438178,537.3684151323085,567.402060188054,531.7158720375645,542.500411193153,522.6235934853233,549.7278311669805,553.6755365450189,544.9882733493029,547.9427530824305,528.6024076124527,544.4072778095095,495.44329353862855,541.5576104018081,526.7731252862959,539.8331916622774,536.0721360755311,538.8068813830215,542.1935553446107,535.0098004342589,521.7770029837526,556.8196054134439,548.9394789345414,526.0833160954851,534.8139097334596,536.1377885514868,555.475614867104,536.6105673632352,527.5613790170229,528.9369948881478,530.3849998068378,519.6902005032683,524.335566299616,534.1411589826456,523.5342486872738,528.1915858745596,535.1495125113764,530.6879288743978,521.3317904215992,525.355294223972,525.0737606948635,531.7928253783737,527.0558021424663,523.829109923325,530.2114294713361,523.6398394054268,535.4146357105466,529.6130841088037,523.9436249110131,550.6662818241377,531.5774697698907
photo_face2,518.3775264411294,514.1977516493961,518.3530117276093,0.0,606.7442033881498,597.6333427927993,531.40502469234,593.2054659978877,540.6372115081189,723.049324966359,681.6269190295061,579.6052541416182,625.1977159373848,601.4036960931973,602.7242955070737,572.4098552454278,694.2098151719475,591.3703697030655,632.6789544998669,655.7470878324561,539.8369232068684,535.7058556341769,677.650311504101,646.3564162368783,522.2892620082418,538.8631808474341,543.2684085612538,507.5636218975768,553.5321803931323,528.3857673475883,549.2491307924633,535.0614156572332,561.7915107813456,524.1810890484113,552.9211146781213,549.7873944720528,516.0611077481425,550.3338789980668,539.6744186468702,554.8840594587147,547.7984042510907,551.645784509397,567.6611951103123,573.5238774415274,536.2259309722893,544.626844041847,556.3571075564256,547.4525122441967,533.5475047315836,539.7008738841133,535.4470804799347,536.6062343392197,533.5073343500475,533.526100866877,537.2668185492759,540.6530881587856,557.1326088134911,515.8223938928566,548.0787299742137,539.472221557817,542.9225952777199,531.4352822718595,531.6323981519638,540.7021811041045,539.6055444160822,541.900712507864,547.1884508282047,533.1006386817916,525.3513281376618,526.842090271908,526.1087148624027,551.6828456699053,556.3207150572332,551.2510220613306,551.6441487918572,553.279936624412,556.646443449352,559.161993820692,556.6993816941082,561.9963172029292,558.0962659810747,556.3009042874837,552.9665330113418,553.0176034160651,561.9375036032671,553.6128965521129,548.1535816560116,559.409892153555,553.7298656661925,549.6674157033165,555.3127960514502,552.3019427706018,560.1097328799026,553.3978217050025,580.5382177250191,561.2685551873158
photo_walking,488.26437130578404,564.4320493782317,604.3155517700916,606.7442033881498,0.0,482.20442491863986,535.6300920522015,506.83120908697407,565.2577298571182,675.6411143614325,699.261962567913,616.481670170535,566.8520885322642,511.7533505327812,455.00843090879647,494.5393628230024,548.1474798178035,545.9395298424018,623.1063669832982,574.7416455463789,618.3369342468914,579.8676364626318,568.2907572438235,627.978753034529,387.94838990474716,442.0810435364952,476.4454689343083,443.3890020836666,326.7260978477124,413.06400814506276,428.4960327469503,409.1768167434582,431.13217756088176,424.37426478858504,398.88335710131145,415.61416229303074,424.8855204313289,383.3665258606075,426.3708359808557,406.4602222758476,385.19969794748033,474.59741373397827,467.9337771705736,494.72548378988085,441.1992623898683,461.5924275988331,420.2916056503306,420.109895767247,441.737812828072,402.1266862536731,463.7185886334166,432.31579680765856,360.2518276507013,390.4229979697424,407.10080629754253,411.624871224574,411.67020344436924,422.0687944679316,415.066494732801,433.25337899343276,403.51474725243264,380.6458672773951,393.3251087699991,402.7875617941216,410.063345357743,451.4181832272121,454.90528992957013,431.6586278039792,412.1218412436777,427.8507019030527,427.4270624180695,412.9352794659327,424.0297268347422,439.072821459582,428.70050344161325,462.0276572282796,453.9644633148792,455.2299237527673,420.3646362335089,459.3122550894527,453.62047560915204,459.07595858151603,441.861200409153,456.8982780560531,454.84343900186343,439.73343048296726,431.4127349539932,458.8613714727855,453.9711313934948,420.6989035316849,454.04623461782757,420.44002674522244,448.00548382738015,459.0118970209941,490.59346765874346,454.02585843226035
photo_standing,516.2976145683299,567.7966923138756,603.1739991836699,597.6333427927993,482.20442491863986,0.0,553.4317522161754,517.8674119912221,602.6025611972973,730.8893147544359,678.2772274094651,638.4324654127989,653.5043170412944,569.9943985653539,429.5011406339794,463.8979838855475,526.810145150764,566.6465429725081,647.2204432677828,645.948180362344,614.717733484142,623.8467405832813,621.3072909993798,629.650717437222,432.4014037478931,463.72387407777154,508.14206248024215,456.7011279324855,429.72972875524835,381.16933697642133,441.4095742449055,429.1870629853847,473.7897890270363,406.47721831033897,409.47065283734844,460.0156982031763,437.47770932533734,424.10031781656966,396.29469443011334,390.0906471711152,399.07696624497487,486.3905061860494,508.6235472082706,563.2268804546771,444.25777148755543,514.5869537699747,453.85163803138767,418.1637562577967,438.4610375786449,400.790245579895,494.02556729386816,391.93549045883873,410.70266176751556,397.70659895768677,423.85093165636357,437.10314361495483,417.97018689164906,430.9438452012193,418.3261538091528,473.13133449542227,443.73604378186093,400.541875480386,382.23178188533086,370.73822648951244,405.3751551295543,469.0462881075278,483.9841107014525,467.82191505672193,425.7827670022396,440.7131857688829,415.8918805456475,420.6087852715781,450.33702805103945,468.25139164970614,453.35840337547523,482.8149472055054,485.42439517858367,486.3474482024831,458.63666723494697,482.28242104206043,484.27602684513545,472.2160441874692,474.73665094283973,479.0736513527399,484.3434924838129,461.4124705082624,455.51373436890606,488.64198335161404,478.1775400045907,445.25953056568784,480.1169871803837,442.42158348816474,470.3546693658555,477.77009986376584,512.0122983423862,477.56314047616104
photo_hand,432.79992471983076,490.65511862092364,575.2967869232131,531.40502469234,535.6300920522015,553.4317522161754,0.0,495.6119903195012,614.8705727110325,744.3480931741968,684.4356658292784,603.6680394202536,594.3153520913669,508.9436655520886,521.5456375258925,519.2553195646727,641.3405692430167,594.6788245157446,642.1282447332323,600.7356351312052,600.4034509131878,541.3776193499585,665.3768711108064,612.7275410524888,490.46665418423316,481.3281005468227,518.5492901354614,500.8864944375918,490.0594808819999,494.0272951344517,490.5442265465037,495.4250008432637,536.5507179088327,525.6037115398553,493.5535070290978,512.11936364307,487.0432322983435,495.15737161344924,491.6007673390587,500.2806310575554,482.04722653556263,529.4096977432998,531.4637537523171,551.6984592742327,513.1526528145022,533.5855128108582,526.5198098829226,493.0750583969824,522.6364080809359,504.5119262681209,504.90686009540315,506.2311513408086,475.2943003550051,491.017746957655,457.67466325020945,490.6742651647955,523.8689755140757,506.1494002815306,511.13560025152174,520.7490486027361,509.43284528060116,495.3055679701433,473.862923898434,487.40670864441495,505.4708900679535,528.0101092723197,526.0541904870167,495.3403549339858,478.72608448422653,483.6847759648588,497.0355267827469,496.8805116497359,521.8555680306756,509.2808740846722,517.313373578685,524.7751492135222,527.3751805044438,530.7693935248393,518.2425274242295,521.0596456932325,528.3433611818631,528.0033613938759,513.4139636761124,530.2390941742485,529.0117329317044,515.6821901209362,515.046180326512,524.6129166905499,520.9761495967604,512.396789182883,523.1020101844395,521.8219514325,518.4271737786419,518.464833260945,547.8297166136045,520.6258757885445
photo_legs,452.03840930798987,552.0838199673414,605.8071316550345,593.2054659978877,506.83120908697407,517.8674119912221,495.6119903195012,0.0,626.9814777367682,747.1738622182723,708.8377321324627,629.3216807127686,614.5745558991376,544.5100899220047,461.86057178714503,464.4999902529707,583.8560344846392,588.7693706496401,673.8710209897682,640.8139706608986,647.4180978501887,583.609979102898,666.0874036489206,642.8288572731094,451.8911706815067,494.3523676760625,517.7305624958594,503.2256214060921,441.09338319176845,448.0515218669841,467.8691397031035,436.8305511840383,511.38569635298546,478.7702994310406,460.29778822826717,487.16622592867685,475.365974121339,439.0011883861762,458.9067437652012,436.72921548821796,416.5598355894244,522.2975943242567,529.8191716197365,572.2579363199495,494.03123420853495,535.1437826091576,492.97040412230297,448.89186239936623,483.68667586079147,448.9984423748629,507.890043534128,447.21457064009365,423.7453179802954,429.7551703133814,446.71101472948203,429.4608655734467,428.3759651159478,478.95552287136945,475.4826606205152,497.06949523654936,439.3122626486688,451.06061851975335,445.52886221584976,431.7719606772941,444.55480319194464,501.92326176530884,510.1016198422291,489.4679582426285,469.6383585058902,458.9362372992056,464.88223431267915,461.4609125579249,485.40689210937893,493.10035118603,487.06382202881196,514.8285302010116,510.918373512707,514.3149047833438,486.50667813986314,512.1650726307406,510.66092822872787,518.5107066217959,499.6674774584292,512.2542571224755,514.7240441343337,497.1687746382891,490.786289747916,512.6211133314963,507.8271190912957,476.062206366302,511.633136460968,482.2397889493496,502.9526684515865,512.8993732633396,543.8690030928527,507.18360143541923
photo_bird,571.5459177943712,600.2381967770028,614.5864200914134,540.6372115081189,565.2577298571182,602.6025611972973,614.8705727110325,626.9814777367682,0.0,690.949269133861,646.5358841514997,546.767226701537,641.713490464682,597.3565975929871,585.0805756290165,571.7882331736236,653.2379305207428,476.2893194730615,582.4874246014339,525.1645531437359,596.679610705975,619.3079183561802,611.8802375915848,660.312759589831,451.31448497568437,482.6845036363385,461.6514919745459,454.68816274239117,493.6874801748171,486.7109778324847,507.635068886838,487.75578110280117,424.42309460137056,485.4180661709353,490.1046579118619,441.73958907333747,476.0642682177722,482.7882335324016,486.8343949138839,506.1188107607233,468.314458534214,445.7754802177433,471.71633068902383,453.4875310282118,432.66220575598703,463.5383968725532,454.22328865898965,490.2805325532258,494.49219253261623,499.5412265586243,449.23975391569127,490.68036459143536,482.4349772427598,475.1107124825108,505.06567981270797,492.8655189163641,496.648804069394,472.437988509646,480.43624019848005,447.4164960328735,491.7332675319607,464.6671137993806,477.1007660333384,494.74746702199616,491.7824150100042,434.2315892130588,479.3976377822938,452.2165571156784,476.57382089265633,471.68669767821825,457.3192498131179,491.1800336629206,452.09558757817797,448.36934607446864,447.1046288587811,440.5825649660751,437.3866553263873,433.29266476060377,447.122960666466,445.8264750591412,437.99625532505826,436.73829191226145,442.5429360096144,432.80231406522904,437.14079928951685,447.2619002714692,434.8725775260661,442.8723164206228,441.16044620941716,447.1712031377641,437.5068847614215,448.67782092788207,454.4550937101168,434.26755930186346,462.60443355491054,452.641600073864
photo_butterfly,720.9909316978052,690.6865807943425,757.6562129623928,723.049324966359,675.6411143614325,730.8893147544359,744.3480931741968,747.1738622182723,690.949269133861,0.0,816.5690219735814,831.3076448661934,794.3196783395778,698.527137114206,725.5991278176699,733.6574017855653,780.2224488197786,679.632182052273,690.4467752610128,671.5625247980115,656.1493442482429,692.9232339058125,684.2067105141701,679.1927623608952,627.3161047232066,618.6064325111968,646.5916362835256,595.5153157118295,625.853761011755,639.4694589181436,659.4070033779855,641.6498091075974,616.223239055229,619.8559228477999,645.910979536264,629.8006479881731,622.7870287200789,641.6535135143815,647.5723219756027,659.9397841262751,635.2740621779392,635.5945227160026,632.1906669083802,608.5565353235812,632.1401078794817,611.155914107385,630.0550208840453,611.9528991984056,644.0594556280013,656.8314124976974,643.1330549995599,652.219911233628,626.1148204875836,627.6320524456986,650.7645298291432,652.5310507681229,653.0908852680212,616.7133108121692,645.4737402216692,641.7992081332943,652.7822172022065,642.3974066024889,644.8636854275893,651.0028919270014,657.8208954789463,642.5008244408527,645.8871857607016,626.7848689188567,639.3694020742063,633.1043966925829,627.8810921513832,625.0768100691712,638.8904007376931,635.7665833041971,636.6938573870426,636.39522710531,640.2507255723988,640.3523629126722,637.9668072606463,635.6531016558793,629.6615388497677,641.9636136859766,629.3405338605738,641.6567258541711,635.0023561194704,632.3506704378804,632.7641214273274,635.6268039432,635.7837507928766,637.988715700253,635.8849620148267,637.8515275193088,639.7937199492993,636.9460196615421,660.1377818573885,637.3093805393711
photo_girafe,683.0965207672776,708.073714615296,726.6605951649797,681.6269190295061,699.261962567913,678.2772274094651,684.4356658292784,708.8377321324627,646.5358841514997,816.5690219735814,0.0,731.087721577757,749.6715112932936,695.5227334799206,666.231633857559,707.7232699248636,740.3025420520399,680.1950168287866,734.2500404638827,691.083534367273,689.3904160956148,686.1665888968305,732.9033535438878,707.2546354373633,603.1491870917098,620.130819704695,645.2014670553982,610.2504605621298,621.8433435599802,624.3295883046196,607.9846070267307,620.3654654802853,630.0970045938933,608.7533665463667,619.5904339761739,622.0802488296713,599.496173438218,621.719779336504,624.609197191744,633.5222724912549,599.5970069458863,631.0298853628017,602.5696142253851,622.7217477335063,621.0453445463107,610.5820714473905,630.5503836594096,596.539122448865,623.6668358240079,644.4550748553714,634.6402213120613,626.4372813905028,610.841976319813,609.4197118215501,601.9400312132265,631.8579140543342,670.5591264436248,629.7784220217691,615.2998238979438,626.5774057590418,628.2999599115511,623.6419586263505,597.2026120372014,625.6809754146987,640.916720613351,634.3540674150266,621.3698133351995,599.4598668678223,623.0140659100397,604.7331049068631,603.74469303793,593.4946342907565,647.178238435836,640.660034505061,637.1777918594794,637.3596090220997,635.3125867277503,634.602857926865,640.8692219874006,638.3432126428795,634.6884865156244,629.0462307349002,641.1012095385424,636.1255006725556,634.4462685159924,637.9226890824997,627.9400345988474,637.7309323378096,633.0347923703927,639.9700403023427,633.5789570231497,645.6368349626836,641.4111350108578,630.6660353276869,649.4655807228974,643.0121551370964
photo_fish,574.4634967956329,626.664127330633,604.0827669406714,579.6052541416182,616.481670170535,638.4324654127989,603.6680394202536,629.3216807127686,546.767226701537,831.3076448661934,731.087721577757,0.0,679.9735509670099,640.7718281533223,620.0312592536894,566.9125410935147,724.3122485177356,544.9801615398197,605.4715093550869,613.7269778008357,624.7684874349957,658.8805750118174,687.8606972838672,741.7812170612825,533.4603753430154,559.6834694005415,472.86507984155185,524.8793926223999,562.386957113843,540.8219892919826,562.1692709689393,547.4792405899404,552.4736199185089,543.6437414690362,553.7717510852292,467.14360056694153,537.744896846119,548.2853247769109,554.9433511070083,552.0783360560556,536.9363693910999,512.0283013278442,496.8366403068737,544.1336421799107,495.71943132627104,537.3037354907605,504.5509916201903,565.177439830858,537.1503627210903,525.2088926109258,478.4819991181091,535.5335287775986,552.3845349933581,535.5944363277914,557.8923337898578,537.704296501126,542.8396544995347,534.9395563924835,535.70710692003,467.41903876511583,540.8800429469942,508.1706107916304,532.9816589068603,544.1394648490599,520.3043528758511,502.0868982067969,497.5973963641428,508.3639795491707,511.8752645961499,539.58845978436,509.7849433233518,564.009281117362,527.7601630492038,521.498157270751,527.2924116608584,523.1295192866401,503.48292828163204,509.7758912780932,528.2724669581464,510.4448621615815,506.1497196357157,528.4374808108032,522.1377152230458,511.8594891199686,514.2145854804126,530.421021872417,523.918444251902,511.1653351290139,520.0832869357691,523.8918544849397,506.3919082474179,528.4532990500658,539.8303770355249,521.1711783211226,541.4098717735495,545.6537325689387
photo_cherry,596.8957619083545,627.5939575506002,650.8009257668795,625.1977159373848,566.8520885322642,653.5043170412944,594.3153520913669,614.5745558991376,641.713490464682,794.3196783395778,749.6715112932936,679.9735509670099,0.0,603.653041373959,623.5181124184705,615.5762167660466,664.2020703022863,644.3215171075727,724.339481571504,644.6756213925604,683.063540376129,613.8131252516073,681.02592555313,664.1677310075524,557.7009147541304,569.8589072508838,584.1416360367954,579.8568018046919,518.7373672816493,560.1026490248594,573.0613993402795,542.66704212992,580.3108382163936,569.1085232816857,550.9963805589447,559.6060762011025,551.7922870004826,538.6701992964232,576.1688148247708,558.3985800074731,538.97622978255,584.0092891621708,575.4787162683701,583.7842257272554,579.8507778675486,565.7400263895174,567.6595740573184,546.8921087773416,578.3598505055306,565.7026294533053,574.752206178112,586.4852961010665,535.140911927777,562.8873216259507,555.0912258451234,556.2122041113213,566.1139365586874,557.508636630579,556.1693037547709,576.0768090370773,545.9216535504379,548.8910246373025,552.863109837971,556.5926764945664,568.6541453595474,587.013570497036,584.6489179334109,577.9967478069946,541.8265369982339,532.261661661758,569.5677815231851,564.8605145482093,570.8072220471518,570.367476746147,571.528004442932,581.024420738208,581.6606771480683,584.0543062108397,568.6280550639785,582.4551182544965,574.9098203514899,597.4227709556988,570.0441198279201,584.4665608392355,582.7615163687325,574.5765853365742,564.9773034549759,581.1164383886259,581.2520372249301,570.5398086096077,581.8077592714477,574.3978334338777,576.5236938392828,582.9995629161139,604.9038674639971,581.619114879392
photo_tree,465.60657738414403,520.6728298750378,619.7089742297061,601.4036960931973,511.7533505327812,569.9943985653539,508.9436655520886,544.5100899220047,597.3565975929871,698.527137114206,695.5227334799206,640.7718281533223,603.653041373959,0.0,557.6112375055288,535.425751924008,561.4380104172394,600.9386534197396,646.7543848722217,587.7936414122524,622.0075723925612,540.5561704462456,585.75195680972,588.1075845839102,503.1853596179491,506.18778749005,552.5383034467748,530.565447253125,469.29654884269183,495.0910267839357,521.3288217564985,485.88176242686467,519.2530429760076,535.5123163120652,485.98132467910756,513.7947308482217,504.1169786406512,464.6016692566211,530.7507395285663,504.64093929373405,460.6908735810002,552.4555015562488,536.1376060501362,531.2937418113013,540.7251617303034,521.1514995253672,525.3602382832071,469.71016950830517,543.3370601005199,522.0404367919383,548.3269179255171,552.1254641236292,466.512154988074,494.44940244701485,470.8378820305357,505.7714289785463,520.3172191789424,508.21924103381195,509.5628748866649,541.1076346646108,495.6996079939462,491.1364027329289,504.2739464867199,508.39502535939766,523.8371272258098,548.0541221882269,546.6975921475185,513.969824514879,487.6710771485189,490.43385331751625,533.1438963230588,478.258133711019,517.3063062020698,518.0691837997606,521.1323792497393,537.8258950177151,537.3045096529444,541.4021554032009,513.3257367679882,536.7801843276008,534.1207124018443,543.1292618084432,523.7588983265783,542.375511352826,537.5613687333886,528.0705846276893,523.198100124294,538.4351113887355,540.507773735417,514.2652575864059,534.2368203605273,520.9959408683969,532.1659471163698,540.3763589515123,565.8474086936193,536.5935892882088
photo_flower,498.7810464662723,551.4955332100761,615.1382708445954,602.7242955070737,455.00843090879647,429.5011406339794,521.5456375258925,461.86057178714503,585.0805756290165,725.5991278176699,666.231633857559,620.0312592536894,623.5181124184705,557.6112375055288,0.0,408.6331265967939,525.7672433824152,541.1403450768823,657.3552506409222,632.5182010348772,631.3226672016442,614.226094040867,640.6216328855212,650.9984229133182,380.6419275681426,440.7466599271175,469.22209510386176,435.5593751268803,390.24061137304744,348.3525710732833,386.47052593355573,416.16312303590234,444.3803358222382,399.63055886321956,376.8460142010909,422.5101014890793,416.1475127327901,378.5688755417276,378.2505561731706,327.9975117248163,356.6345065263279,456.70486224467237,469.18165346045606,540.2941181441153,415.1769379504053,493.92813565971113,416.3242705536456,428.6270870564518,409.79891023871494,352.3615061474472,454.90744878647354,369.4872000449109,374.92421208810566,356.97456341822965,399.9870901659994,382.02105593189685,377.9028477296915,403.8136135854263,388.8566277095245,427.1672165136211,393.15730196157114,360.93168851015963,333.1114466111281,318.6554423992168,352.0872290492956,432.57983811152724,445.1244344463367,437.07784228276375,377.98329117465374,397.0997429899891,373.65073174156606,420.154561915206,420.57982507423685,435.10662296648263,416.1719343653029,452.20897896598717,452.37801961123364,455.14809621669184,422.9223915743216,450.05107798997614,450.60242994426784,457.8485178395009,441.1998938613213,446.15721399100903,452.6464164091871,427.47105510514183,422.508111259894,454.5650704554505,446.3426844539502,410.8024645655756,449.58734400389994,412.0036651009975,436.585906974028,446.8776784990746,482.31919125919177,444.2904025004747
photo_carrot,467.829771437536,555.0866365848922,561.4859116319109,572.4098552454278,494.5393628230024,463.8979838855475,519.2553195646727,464.4999902529707,571.7882331736236,733.6574017855653,707.7232699248636,566.9125410935147,615.5762167660466,535.425751924008,408.6331265967939,0.0,506.30109175290437,533.6740417952049,643.9201279804805,650.9210509316425,639.2195025018308,610.0181074312715,647.7444583311843,697.3040874056744,411.3561991070463,459.82447065100024,462.72994070684086,456.73575602429,430.9083162966556,363.8785622767573,415.7860624653009,408.4451500202748,464.366133860753,418.04183877707226,382.8297571788283,434.6162793103171,443.1909155996685,380.9628660527491,423.80980253197845,334.43122503212027,386.0240384236694,453.0070566303386,489.06873318679015,556.3759082720361,423.43254195284356,514.6211975462809,427.23326865968266,464.0548101600173,421.7735655579941,354.76912782411335,449.74821754331464,401.3945533231892,401.67567969220113,382.0208613188447,431.1460552095158,397.9979391285664,373.90766277695417,415.87694769221304,393.5179190677293,440.72814107057667,393.2371125331979,359.12089339298063,369.37436851621356,327.9195172468976,338.9342920013397,428.6470692399772,455.31888955302276,460.6398345232389,400.0616155454386,414.4466239811159,412.61628943913223,453.9703557408057,418.19467113603304,434.50503488970816,418.1831608622871,451.2662159531535,449.65121986048683,454.1318305826853,423.94174309419054,449.44963861789245,449.7420204234958,459.32897570242164,441.79861717605354,445.8125842686792,453.68873139239497,426.5609922412022,421.7719899624785,455.03974616319965,443.5254178961747,411.81604153561136,447.37210437284676,412.8228806548406,434.78833192617014,446.2612364366587,482.8107887187486,442.8336027339892
photo_watch,597.0845604087523,639.2725234598455,705.3199396638448,694.2098151719475,548.1474798178035,526.810145150764,641.3405692430167,583.8560344846392,653.2379305207428,780.2224488197786,740.3025420520399,724.3122485177356,664.2020703022863,561.4380104172394,525.7672433824152,506.30109175290437,0.0,650.5192086239401,733.9906296042552,676.456798600252,690.0629611578846,678.9979615435836,625.7602080084372,694.3510763426725,536.7601994127876,574.2381326085938,629.815352469167,587.2478544148437,515.6278938350148,470.6895614681873,552.8355736926316,538.0296030528123,552.2363656850408,550.1770012650644,532.8261454077234,556.358665045746,544.6481185041355,462.1472659414289,530.8585899022521,459.4700620242703,472.436013376567,599.7970802188313,602.1727497426946,625.9037520441126,565.9905616395891,592.7428139781372,560.8799024818763,532.6444065133373,591.1551359046472,514.264433494913,608.4161462106824,575.694621909484,507.09317633066644,525.4590134248057,537.0580185124307,556.3308632966066,534.7956852671277,537.9608207923658,555.9519241980244,588.8569727877327,523.2699246532147,504.74572199897057,494.49298614401823,487.5667377857277,520.5041570581045,586.728207337642,618.891182393183,582.4029472440503,570.1855250013471,525.6338533224408,576.769919201479,547.5926822912991,555.1043940133402,568.4850714759034,559.2543680062781,583.79017877802,586.9118470074689,583.3354259918167,552.1573225137397,588.7633141125692,579.9138315648275,574.2619318071826,572.9476115876224,580.7062702099878,577.5232540480383,566.850728062401,560.0221357963699,585.0971025280986,586.8905266462833,554.5942690521244,582.8969824334786,549.6461209794649,576.2586367176301,581.327362869926,606.4884962929951,578.2734120522437
photo_key,529.8127966738526,580.8713176385695,579.5556130337166,591.3703697030655,545.9395298424018,566.6465429725081,594.6788245157446,588.7693706496401,476.2893194730615,679.632182052273,680.1950168287866,544.9801615398197,644.3215171075727,600.9386534197396,541.1403450768823,533.6740417952049,650.5192086239401,0.0,576.3038440104663,515.4235156700636,582.4376428714321,631.1684695634008,592.9863697754233,653.1160100560628,416.3269533535033,405.29883381737574,337.3723964801519,431.397566879532,456.6676930212524,446.33035762500333,444.4428794431221,434.3015842089874,388.4187997853442,420.6860577150173,449.9012578599412,369.01747734801717,391.42916297481725,436.5710874197106,428.56564224806743,436.55192012505904,421.304627963486,282.94082855608525,401.52309421478003,422.8228565744572,378.100876894672,406.2389133927719,363.57750375475933,449.3901775467533,414.7604611578664,412.80866043089003,327.74286191571815,420.70000036543627,446.8391229122651,421.9249147413117,445.50107326737975,425.94170173122285,413.6945460063618,409.2139662998547,420.92478453314504,356.6982980991564,421.07110987180056,397.45697704430444,423.334371792988,425.5640986855957,410.04453173955756,281.10508590244615,392.7390650672683,400.21228181730737,388.2243267525444,402.8449768237616,391.67973374356063,441.7740653545014,344.548264152718,328.1233708965879,333.7813057648159,315.41642722954015,311.14938522662436,306.01987566222755,337.27604949135895,314.94476629755195,311.28266122606965,329.82231510223,327.6039018914181,309.72434405255177,305.2260721260144,326.29359917269863,337.0046450303035,311.2524304255326,318.597705210282,347.39096867796945,308.71304618008014,339.9948934214213,337.4561722303117,318.7218176659985,350.4623816942751,334.8262895501946
photo_truck,597.2127484241377,605.6897569939183,638.3766163995032,632.6789544998669,623.1063669832982,647.2204432677828,642.1282447332323,673.8710209897682,582.4874246014339,690.4467752610128,734.2500404638827,605.4715093550869,724.339481571504,646.7543848722217,657.3552506409222,643.9201279804805,733.9906296042552,576.3038440104663,0.0,587.4465234023395,632.14877810344,620.1741607797957,643.8698285912251,665.3246237596942,555.3034662389377,559.8747842034646,504.7276727394762,527.6668581343615,587.19388813496,574.4383979466361,580.6397603177826,558.9511369678221,558.6903953613433,564.0948311577304,574.8349933270072,509.5093836938122,555.2395867712564,571.4346573796289,579.6571395797895,587.9359660859341,565.802214553552,539.7397158129749,470.40278871710643,508.02189237344226,548.7086015011831,500.15254128774745,520.5430744875306,562.7460313891072,561.1451045310982,567.361293939331,518.7925842437405,560.0608498849613,561.9162948214719,562.7350714526634,591.6600496838024,569.6762217579363,575.4860283342775,552.6394684870095,553.1968496875369,509.61336530951587,565.1473527646925,549.4408385432541,572.2572394398336,573.4955333442308,560.3540872887246,551.3722622312368,449.55174094730376,518.2762660898753,549.3173555923818,556.5181022601904,538.1324686645047,570.5346113811069,559.6194061250611,557.3819086522984,559.821226166627,552.8463099098731,523.3194295835871,539.5454919763359,554.4694758074054,534.9029911743808,531.3827663610675,565.5951649170611,549.863385557343,546.349753675432,542.3202977153095,561.551587068651,547.7027803969031,541.5213480079229,547.8690093614676,559.4626483116963,535.6968209710643,563.4521275443163,568.2930011609423,548.0820777624391,560.425295733888,575.672883094765
photo_velo,609.77806593649,620.4438975106718,656.6880844566306,655.7470878324561,574.7416455463789,645.948180362344,600.7356351312052,640.8139706608986,525.1645531437359,671.5625247980115,691.083534367273,613.7269778008357,644.6756213925604,587.7936414122524,632.5182010348772,650.9210509316425,676.456798600252,515.4235156700636,587.4465234023395,0.0,624.7554962685258,627.1764249223085,544.0121244666902,581.2879748759734,485.424236049689,482.33826972007625,461.123412856055,498.1126925655484,514.2220598092645,554.16564649852,554.6384027619263,535.5843542413863,473.33047490440964,535.0454278106944,549.3063794311724,441.5657650976401,477.2651398067195,513.7613505678154,539.2168697685968,563.7425709545109,499.34920624511733,460.7738641516872,428.31267195584155,337.92505830460726,495.8580728013011,406.0105375362169,464.8034091195792,474.8644178914597,558.4655260229121,563.2909162614689,467.3737130455644,556.5007967129252,512.8158698914053,529.4009555063958,508.8736055207399,545.8956367988707,553.1198177873026,516.9114438121519,541.5258212400155,482.6523625633255,530.3060765187242,514.4888750609404,535.142859209537,557.1937140448624,564.2805368629257,489.32584491740545,491.22364339943385,430.9834372192108,516.5646461893552,496.4412866557515,506.3250107617903,493.6921198640283,483.13397991233154,461.4948075721533,487.0927736936456,461.68587701915465,446.2728696780257,444.8329890388966,475.9483634814746,443.37728708677196,434.7162943125479,468.1068836058766,448.89520236605136,462.111488944694,439.1359708200783,471.4387030748894,475.63215233336547,439.0265680205585,460.26382121053956,484.7026105439005,444.2489581779602,489.86593407104743,484.5803833567315,457.8156747099719,473.7201215441418,475.03737809738385
photo_road,588.5279315172971,575.1009259621898,421.7011894035998,539.8369232068684,618.3369342468914,614.717733484142,600.4034509131878,647.4180978501887,596.679610705975,656.1493442482429,689.3904160956148,624.7684874349957,683.063540376129,622.0075723925612,631.3226672016442,639.2195025018308,690.0629611578846,582.4376428714321,632.14877810344,624.7554962685258,0.0,587.3384830035802,637.2239543774075,570.3373230206539,562.853250159434,560.152785260639,557.0137180182824,531.0726415495858,566.1888495436579,562.0568520240898,581.3349340034196,556.8396176560676,563.0803261413118,513.994720633099,577.0720419443037,550.3816103155064,511.6895929032299,572.6125094440038,558.9904937638199,584.2074002128694,558.5343211102403,556.8229345037306,570.5203522966173,543.9207650258481,538.7802187739934,556.435465646688,572.7741947432316,562.0850753915366,558.355885088197,579.7503851445338,552.0433363530233,584.8163817693675,562.2374329157119,565.6953468153134,564.5915407463782,572.3176900126499,585.9278078697025,524.7532428815489,577.7053968677556,547.0389364040119,572.1036841832193,567.7355418400003,555.0421755371067,572.0805137547189,577.5711633400654,561.0836726785078,575.2217695439718,548.2848477213249,558.2670028375319,552.3998162658665,553.3054172289845,570.4966123257351,582.5424393912916,568.4881302191881,576.4094982991567,563.9959608209467,559.693390957029,558.7994880164965,580.33758212503,558.3828016756554,564.1325636704307,554.6809848755512,566.1713952800098,559.6456905921923,561.3499489420137,572.1744816919905,572.805020727333,561.6874283776366,562.8673710583524,575.6545897212266,559.2516046363818,581.3456852651576,577.6415662804948,559.3338873334037,577.0691003050276,575.6987102286045
photo_house,543.4416833024105,429.6242124770149,587.132100359758,535.7058556341769,579.8676364626318,623.8467405832813,541.3776193499585,583.609979102898,619.3079183561802,692.9232339058125,686.1665888968305,658.8805750118174,613.8131252516073,540.5561704462456,614.226094040867,610.0181074312715,678.9979615435836,631.1684695634008,620.1741607797957,627.1764249223085,587.3384830035802,0.0,642.1352176405529,580.2990082620496,560.3877010890862,545.9492801229503,574.3878040112508,546.0054341041712,551.8830309619808,562.6945394012039,571.607182801026,546.9150971680434,573.1698915710163,573.036364076495,563.9737297542779,572.8881190268107,546.0912141025728,562.908733692574,567.2331578249065,579.7366750715902,560.9401517268441,589.8060524327311,566.9490150453461,559.7032937364356,579.9484062878036,548.3411301922165,576.9943789334695,540.9609104427274,561.2229860305067,579.2617764969524,574.2716751813048,580.2830114133976,547.6307981222016,570.1620609192935,557.8760719317933,572.3293453735595,575.8858146011463,565.1559499195184,573.5427823073069,572.360381421113,545.1574915029715,568.2020857062325,570.2339410584194,575.3767263652737,582.311010170067,589.8891435563229,575.9436751878736,566.8497202465577,561.949460074754,523.648976486307,572.3783384574222,560.0104576383741,593.6138277941378,586.2926517084647,590.8563002682898,590.591678022006,588.0628562640682,591.7743363271156,590.7376529774929,586.3205123032095,583.2065127131127,601.21844439809,581.2097357584786,594.7213765110647,590.1526833335508,587.1863496335267,586.2923701682679,588.4446090382372,590.2799994748067,589.1806281756366,588.0281943955827,593.9306751789843,594.9365208034542,589.7200622952693,616.8182673514289,592.9464307143103
