,square,rectangle,parallelogram,losange,isoTrapezoid,kite,rightKite,rustedHinge,hinge,trapezoid,random
square,0.0,36.14705928116148,41.98955042870454,51.73828905346035,28.023038791262344,23.50542602632023,19.35045257819335,37.29313285195572,36.12418703751331,29.81301208617187,41.062113476133575
rectangle,36.14705928116148,0.0,27.11287951371271,39.740407353338355,45.67566997108456,39.303291047592566,38.07166005803793,27.89556458575151,22.329940761939042,38.756051908830635,46.18327145387773
parallelogram,41.98955042870454,27.11287951371271,0.0,30.247763570582308,46.56881565004481,44.69690361984913,41.409924069179695,33.677238058953144,29.289845143525426,38.6505773117985,45.32472956467592
losange,51.73828905346035,39.740407353338355,30.247763570582308,0.0,50.08208258055749,51.52711308158289,50.948079450715525,36.74578202660499,35.920602825632166,43.42393222229616,40.722973644045865
isoTrapezoid,28.023038791262344,45.67566997108456,46.56881565004481,50.08208258055749,0.0,28.834149915516136,27.962464253826294,44.825885570751204,44.836873283794446,31.5612859343645,38.86297718413666
kite,23.50542602632023,39.303291047592566,44.69690361984913,51.52711308158289,28.834149915516136,0.0,20.452545493406415,42.42278631891032,41.99399919930941,37.135386714509906,44.09836512526474
rightKite,19.35045257819335,38.07166005803793,41.409924069179695,50.948079450715525,27.962464253826294,20.452545493406415,0.0,39.99327852094235,39.06947410785475,30.37515452532414,43.408359683868404
rustedHinge,37.29313285195572,27.89556458575151,33.677238058953144,36.74578202660499,44.825885570751204,42.42278631891032,39.99327852094235,0.0,11.673448947542157,38.481002701133804,40.56045841375937
hinge,36.12418703751331,22.329940761939042,29.289845143525426,35.920602825632166,44.836873283794446,41.99399919930941,39.06947410785475,11.673448947542157,0.0,37.16566155674797,41.505833374778604
trapezoid,29.81301208617187,38.756051908830635,38.6505773117985,43.42393222229616,31.5612859343645,37.135386714509906,30.37515452532414,38.481002701133804,37.16566155674797,0.0,32.13538017097792
random,41.062113476133575,46.18327145387773,45.32472956467592,40.722973644045865,38.86297718413666,44.09836512526474,43.408359683868404,40.56045841375937,41.505833374778604,32.13538017097792,0.0
