,1610555604.25mOvVXuL01OCiReyVWBfesjuvXmB3MoPy,1610555605.43B6oDsBtWRQ29Q9UMQuTUEPZy3FSSWXzc,1610555610.92HPGJJSmyPM40z7otPBgHalNrHFA7zk5d,1610555606.68LaSQbm9EHAFycEfFtEqAwYqlBsQPjIRW,1610555617.19EKxMEwDHfXiEJZc27TsGoERaD6Da4BZU,1610555722.52PJ3FD50MGhRXyUD28vluU8Z9UjLJLZn4,1610555617.52Ijr5puT55g9apK8auM7zaxa3NANg502t,1610555638.77ZLjTLkz4jYJdFMI2wWBztzsDILkoOtAk,1610556912.46C7tJPLF0XfNnm8f1820X9aLmXMHoc0Dw,1610555617.51LjzIROg0aeCP2GhDcAVQ0LipKJB9jmKc,1610555608.17OpjjHobqRkX0UPcaXrbu7K6L3805SZri,1610555721.82zWeNZfGUUfRJkgnAwlP8VMhPzXctnSd4,1610555735.75bom85BDF0C7W2eIseHeMxi24qR68nzMi,1610555735.77NnT5xqKnwcf2BbjIekeb2arTQj6QMNwk,1610555638.33wjf1PhdNaoWfbRzXVn50hmFyB5bYAiLV,1610555606.65jCE4ig8Pu8kvAzkxnSGfWsV0nQBjCf8H,1610555608.18ONsBCVo1i7BrX0XG9stct4oiA6ejX9Oz,1610555721.51RNoQUMP19FTMS79BmA3JkgSm2IC2AQuQ,1610555971.86O0cHB2ibBJ8jxoObg01EpGe8VVV5mpwn,1610556911.51zU3duZSGpcw1BDNsBLxdOCITAXwl6z3i,1610555988.71dMoYT8250UHHJGxgmITTmbHe7V6gH1yU,1610556042.81mlUZsSp7gbGjrp8jQSnybT1gPy6e62o1,1610555637.02UBW5nKvDyUrKnaWcYRGajZPxTRDS0q3N,1610555619.13oUYNikU4facCTpUSiSLr0vPI0tJLnXiT,1610555721.03nzkucfjAUh31zTbmCVvTVYqtjoxZFnBh,1610555722.67fhKURdXVzRbLIjXmjRwdJHTnE7PWb1AE,1610555638.39J2ZWBLuLTHP0jOlzB4tNHmYeijH5g5YJ,1610556032.17Q6yCDx9g7alRnL9jBFXD2JhhUyB2hKfJ,1610557007.49MyVgDnuUuBxrvL6SGOdhKf69VYlW1MSm,1610555638.44hjT5hbYdKoE3MB6hijrjqbjmLgvCUYKD,1610555608.13zUvmFSCRt6SsLbhqFznMEvGx54GPGQzM,1610556038.62a5C4ynd1AARyAhTv8a58NCqHvXRjscqH,1610555644.45Xse8u7pusHNsd7F3d0A32HXvXr6weOJE,1610556038.62gKXOCG7XCn55eJvyl5voNjbwOW0znQDq,1610555987.13v0oleKK97pkesp6oMgprH8SoSdoDVdIO,1610556964.96ZLLeiQW0qpmxhPGTg7K03fmzkqsC2bjC,1610555987.13VQlEedQ50VvkPMEMzZDv3KNnQCewykN9,1610555982.186TY6MMGkDecIN1woW6vsfAMXVV7jnyjO,1610555982.673LuMndkwkvdmZOn0MmE2Pkidx0FtNalb,1610555733.38zItcuH7gHNfKdALR2d9Nek6bxCyw36Vm,1610556034.15BQxSbZINGCay0yp6RBVlgcPrw76Yn9ON,1610555639.37BPZpgtGml8qUsh9AdV4m32jPLfI2aNFq,1610556965.57S0adAalhWYe6K3bkZU0bRHbqnDK8gGkR,1610555983.54zteLPCMjyrjzPdhHhlZr3faCgD0TfYr3,1610555987.79rHnNRmt9a0ufmnwCvZqBouyUoZDNpylW,1610556960.041xWER61rmArlsKfiMl4frikWmUCnQ7op,1610556035.13a7NHZDutfTMJ88qle1gTYY59Dr4WmMsj,1610556890.456ZBDaY16bMtrTZTqAgHl3wq1tRxzqDow,1610555760.24e6890pkbyZ97Or6croI1rQgjkSsR0yVt,1610556043.02YpWMIJg3W004iqlPyv8OcVAZdSC5rNYw,1610555987.03z05P26TLtONYM1HSzupoc2CeNMa6HTqr,1610556032.15OYCzUxpsz7b10AXBAuDXrvEcvxFhf0M7,1610556032.63Z80yI9pNwS3jSmsDABbuhf8wkNa2Ze9y,1610555736.28eGuESasTXdR3SqY6pHhEXWZtcdciYLCO,1610556034.61bebeZA0MkaFG2sm3VKiqrxeqQginTTW0,1610556944.5XwXOphKYT3ZkWA8gViqOS97VHVuMVUqb,1610556944.745UVLFBzf7fPh4UH37I6tYQOFPqRDytEh,1610556034.63XsUwaFaPZevO1JNFjfhvY4aKNFnV4noV,1610556964.89xwBHw9faT1HjQRMNQEyA4qJ3hWkwgj3k,1610556966.74DydzH91jtyvRyYau47JpVkZoMRSNTt01,1610555740.77UueVziDbaXyRR4OcVJIIZyzOfAzN51bj,1610556046.84e3vwjyRCzqz0wJQhrk8zsxlFfFSv98Df,1610556137.99eoPuVrDThKAOvmeprLPb2FWRqIhzUodc,1610555740.73XFwSrmTXJPlaxGZSefh0jOVA8PI3III1,1610556123.88AOfNaz9jSnqU5Czc7okOv1RCrYfKFBTo,1610556046.85nB7NvyoYQeLcOV391Lmmut1wAM8CFGLw,1610556123.89H4pdIAzDthI7bMXMhlIhKUYIQIvtmPPQ,1610555740.87GOYQUJKpkynIS2lFqppYK4b32ol7NeGh
1610555604.25mOvVXuL01OCiReyVWBfesjuvXmB3MoPy,0.0,178.74113334425903,47.84487116858136,167.63004950363802,131.01782212392217,149.8818500246218,134.82401388741513,63.833298203223336,120.04204195242978,137.11148406580588,212.87052867691148,172.46935913743033,170.82351987098386,123.44727302320652,197.47916918909547,144.04641325025176,247.22850730306178,199.56192857281007,142.90027006489117,125.43949368360933,196.36832545445915,228.66069012547575,131.68892173480435,57.08416253686557,162.84735490280846,170.8645350180486,125.08022318190972,178.44480607904688,174.86536220165934,135.96466993922445,142.935444983945,149.09741466854663,155.8885141955933,157.00647573100835,163.885905069631,179.12755190834935,154.61403374193745,153.1058391678371,176.14061002426013,174.92999964959552,163.67063632342933,220.74997123152525,175.40467380959984,156.57368977016918,196.40934386866144,205.45477087016644,159.69394176072367,139.81983721154953,140.2020977859262,190.46730144347478,138.45293595144733,141.87262377363743,180.6459419435448,217.03888531265648,127.73902691881236,155.22225534060857,176.74836780780512,146.67595391878567,137.08069854060062,168.1002804137931,218.78792025834244,240.18985689323995,150.08446956502507,228.76173781478693,144.0590909799011,243.97283167768796,166.5903603703211,208.07182945563383
1610555605.43B6oDsBtWRQ29Q9UMQuTUEPZy3FSSWXzc,178.74113334425903,0.0,177.58635000126773,189.4255697069419,187.53976282291626,194.32844372911396,188.78592783136241,183.30309077164728,188.20779667340318,179.75974572042682,215.2371749020796,207.12701920975687,189.89934743229458,193.36949983077747,226.39002609788815,196.578654575105,242.37292143300837,109.27369123487877,192.67892535225056,180.55349409433182,227.39749367328145,236.0560817862136,181.56357508678911,180.16791673419942,199.32520293218292,213.85460999473645,188.7991307293712,205.7953358809555,203.55352972009655,179.60250509077895,197.7648344528538,189.78308564918495,186.02758380966932,191.45865096190286,205.3823662955507,222.057979099004,202.95356396852208,187.99891391182132,192.25656924258791,226.054137863021,199.78511264914863,234.82239132114668,217.1547698596655,197.98335743850387,162.56998201463318,114.34424631982664,210.11860056805418,199.1880384847976,178.87757072403429,231.84787518514568,191.089557740777,199.81672378037007,222.2262991460463,233.67079408551473,185.61954765701668,198.11235182169628,202.94288012792595,190.1324960463357,190.01500931845433,199.529537459174,234.2076699308878,248.1957066435456,190.34851222767404,239.38411471500393,189.0780802179504,251.17730761874944,215.1469242822314,229.31816028314705
1610555610.92HPGJJSmyPM40z7otPBgHalNrHFA7zk5d,47.84487116858136,177.58635000126773,0.0,166.37929973525948,129.48404415453305,149.46462386937895,133.43948255410177,74.66301638814065,120.45510002100424,135.60264754166764,211.98655349132096,174.47370487046047,169.61483985398985,121.71481261889136,196.94663131667718,142.65681537127927,246.54852769515531,202.10878134557385,143.42934816850484,122.75802599798689,196.67635382448427,229.79044874242848,130.11720873031862,71.20058013227784,161.15403465883958,169.7668256481556,123.41603274056324,177.37244177075087,173.6843917653444,134.44295410859962,141.4866129154651,147.72424383349443,154.56308684705667,155.68221641927505,162.73236371152217,177.97400447550672,153.28918597345012,151.75609768825333,174.96855140463722,178.5611777785172,162.27758980480542,220.12704283044152,175.1991972961242,163.81724831873936,194.77149308635143,203.9983105427172,159.61042226478284,139.31723589563234,138.72687981638057,189.27332645963557,142.61437653487584,140.4573498787838,179.49798210496476,216.0860540297454,126.11203143733596,153.97612338579725,175.64066936562585,145.26960701196924,139.50473536396663,167.45183346298577,218.457614351478,239.4122606152189,148.70719284470883,228.26481644112127,142.62377028450297,244.26826506665043,165.22171761270985,207.99306884968138
1610555606.68LaSQbm9EHAFycEfFtEqAwYqlBsQPjIRW,167.63004950363802,189.4255697069419,166.37929973525948,0.0,181.46548211082518,191.49811153632083,185.28392428961047,171.83758636123403,175.76400047752915,180.15638500589418,209.18844538225056,194.09969444988454,203.30217718433252,184.21553374794476,226.43153599658123,185.67312859025887,241.4796957099369,209.783659338698,187.3022760267435,171.3247604245581,215.2860349350226,239.65031340942278,181.33951411858686,169.1806279387033,203.63493571387306,206.81698753132463,171.15792614250336,197.69755015605014,202.29577554066654,182.27165241847692,181.94084958855527,192.25797592972998,190.23093951646183,191.87203413793588,190.8842641003232,204.63849457245036,191.43869363742633,188.9260871707818,193.90666732289318,215.78115982493009,188.54588906828965,223.59328132054145,205.79385254299106,183.78727225727158,207.36447832669347,214.7391594238894,202.30085852214725,186.73548342790565,178.29015391397076,218.49905163236517,176.8730313883073,188.7466516480435,214.45933196309727,229.34930365143305,173.42469574550816,199.29563550800748,210.53192215401245,178.49093918000216,182.7200400701421,206.2618095425649,228.80741863963834,253.0001494971689,182.17823628376192,250.25861822036467,178.00926178935305,262.8208833303809,198.48477204473363,224.91034735457882
1610555617.19EKxMEwDHfXiEJZc27TsGoERaD6Da4BZU,131.01782212392217,187.53976282291626,129.48404415453305,181.46548211082518,0.0,169.36021685115807,126.6327586532739,136.6777655629517,135.3562983964212,151.31675985925835,215.05736361706826,189.25667067068727,182.4331111969496,148.79407448050597,205.7148681071743,157.48637085111136,246.44624268037774,209.36821691559666,162.0131130339227,144.33060295875535,207.6337499512929,231.50197900768288,137.17400166534222,132.93316123737907,170.59974379899367,184.71492260062044,137.00783972586285,189.93964704934336,189.12070094885306,137.52060824015896,158.0935673881715,146.38943737388772,168.51834205711944,171.24425749601033,176.5821621522213,191.00765712429177,170.16303691815347,167.6706799258858,184.62981904651105,193.69532423871766,177.35442763451545,231.46607623238143,184.90969799294965,183.9919415517314,202.49689169074506,212.60714072176228,174.36189776954558,158.40943272104312,151.52669841021762,195.13677476435709,162.06421395621837,153.49358341346246,193.3396382768289,225.1923596922987,143.35389093987777,162.20942725676773,177.23965755371376,164.23742585635284,159.08679359990762,173.3581840820449,220.5786834743215,244.0892582240735,166.28964939779965,231.68467773664713,157.58604978839068,249.02385126231843,178.02192345743367,207.338277190853
1610555722.52PJ3FD50MGhRXyUD28vluU8Z9UjLJLZn4,149.8818500246218,194.32844372911396,149.46462386937895,191.49811153632083,169.36021685115807,0.0,167.53791185943848,153.8451580820541,156.77120810336024,173.20721501085544,222.08985133273478,199.06529177259955,194.86901470347104,163.87714023512947,219.1275914342943,178.01925330232663,251.40430038324314,210.98972772589863,102.36573336390805,164.1450710619406,215.8269923772906,229.409063202921,161.9553892018001,151.24307302285564,184.89136610412712,133.29082781176726,161.71810624244554,204.14547600885177,201.97123763130915,156.47014837428554,176.62846430198994,164.58542312838935,188.4198397266959,189.54225845873367,189.17262702529126,201.7687227553947,186.67575022981782,185.85532811406028,199.73120898803313,204.0388367325156,195.4715066985226,235.68312340223264,202.92907187501274,193.28672905729454,212.3073821796758,212.44352149498363,177.6003632506689,166.08230486639297,175.64827714533172,212.35188636004025,176.48957884305617,164.61440582991793,205.27863325547028,233.12218470420845,164.7346011688695,168.77811282806715,201.71784872349318,177.6246310712939,173.97731700949032,169.68781172589345,231.55938785772616,251.80503801580616,182.37010737613457,231.6808890825586,178.79868598755124,251.37154083486763,191.51761623396183,222.66705665470846
1610555617.52Ijr5puT55g9apK8auM7zaxa3NANg502t,134.82401388741513,188.78592783136241,133.43948255410177,185.28392428961047,126.6327586532739,167.53791185943848,0.0,139.90943890199273,144.44083940129113,158.59509069465471,215.8299726038207,197.2868846279702,184.92950343627226,148.08835182898943,211.1070439757341,164.55360968952309,250.0184625786056,212.52034480159455,160.77309989910245,153.55483818705218,216.6776159018326,234.20849001468443,147.8724971882296,135.857958413485,178.48887917578423,183.91038331584056,149.04795091431947,192.3614752136159,191.32752055326392,135.71638563223758,165.27553543283807,148.99324224450706,175.08304483250282,176.64511418728554,182.96985921522855,195.0953474097198,178.48435152112657,174.28213983241253,189.11999683795597,194.0369411984784,183.67705972227805,232.67972296043172,193.65404308264408,186.97370391919696,204.9274173406117,213.8267459210106,183.5849608528548,166.75752344474438,159.32480535136776,202.70114769356232,169.45167961302957,163.35989813582484,196.93155816199837,225.28522908531724,153.01245293789998,166.3852881557183,188.4349223593493,171.2653289064779,165.19736359338793,173.4952593338244,224.84186099053835,244.61602442535064,172.33428030639683,231.30084495769677,164.6110704968686,249.85485780741007,183.7695639998874,215.88380267383607
1610555638.77ZLjTLkz4jYJdFMI2wWBztzsDILkoOtAk,63.833298203223336,183.30309077164728,74.66301638814065,171.83758636123403,136.6777655629517,153.8451580820541,139.90943890199273,0.0,125.93881770051347,143.01433197847237,216.04162547409908,178.45170195837022,175.5936667466655,123.16782821361703,201.32421501763017,149.259044798146,249.25993499671063,205.11470032396633,148.3027648355579,131.75498613661907,200.5149452640678,232.243174510257,137.82072855990955,81.21704460183048,167.8523676845899,173.81934369545047,131.32586713063498,182.93431700821395,178.8262239314954,141.90970629219498,147.44829255647613,154.5412513552064,161.10483837125267,161.9951779963484,168.44552071884482,183.1833690332682,159.99683082921132,158.00580952412548,180.13140516420907,179.22565890421114,168.96501963842022,223.6090410366244,179.5378366258609,161.9797762734956,200.48601094963823,208.8570448873519,164.46587570684065,145.14862035278747,145.97683977810135,192.82204039854832,146.22481594030333,147.4769053825029,183.5510357587903,220.18364303158208,134.09119975026564,160.20596946927566,180.89833944069068,152.21865765110095,143.30588780918012,172.23672610774517,222.17791267200886,243.16661025828427,154.72117930279515,230.88280112397868,149.73535063850738,246.03572043540885,170.45828262796365,211.7699591409967
1610556912.46C7tJPLF0XfNnm8f1820X9aLmXMHoc0Dw,120.04204195242978,188.20779667340318,120.45510002100424,175.76400047752915,135.3562983964212,156.77120810336024,144.44083940129113,125.93881770051347,0.0,149.67705112391343,219.6386660714148,181.7960189731495,181.04243997312216,141.23353874933431,199.99075765427455,155.90309953387634,253.22689180890447,207.33339786919578,144.48867307801692,138.3425720999295,198.75957534088954,232.8767936363613,143.96473708520983,119.95575114350936,172.2641694005993,176.93496796753797,138.4279603212097,185.32852066796627,185.46355163642062,147.22233873613877,154.75184501927413,159.133716875392,167.04756636517118,168.01835456453884,172.62381297656358,186.48365195981378,163.7809070758661,164.53262824588546,185.76437439687834,188.6723187021221,174.64306570388044,223.3219499908096,181.17231553103335,177.79595472273462,204.1460552306557,212.95788180899933,167.08784997511748,144.51657075431046,152.49440226236692,198.2117865882749,151.83445538499925,150.24705337184946,190.30116671928442,224.21209584282116,141.41352963450765,166.48798694048966,182.36364720954285,158.3057797427106,148.71775167241665,172.8533465843382,222.39747056749349,248.22216216422865,161.64127812828755,231.03026216082043,156.14995541898367,248.76282776671448,176.95949334436952,210.67204581127746
1610555617.51LjzIROg0aeCP2GhDcAVQ0LipKJB9jmKc,137.11148406580588,179.75974572042682,135.60264754166764,180.15638500589418,151.31675985925835,173.20721501085544,158.59509069465471,143.01433197847237,149.67705112391343,0.0,221.55428104878473,191.05798557170857,109.42050292600285,158.42125317672665,207.65573444004625,160.9999369257116,255.67231538034036,205.86126768979256,171.29193377036432,149.27593600093508,211.52407867936725,238.69108361151777,147.66613992619338,138.9664376221394,175.40325168708938,192.9985817002902,149.2825172838635,193.53330053825653,177.66600110667372,154.58504242754933,155.80724414722346,166.27940657520057,78.0210540460712,170.32951087310332,178.4629594867997,195.68186090090185,170.1460837667282,166.7709494871453,182.82051198173636,192.6582138444617,179.44686480731403,235.04765744031343,187.7269853604479,185.9778938825293,203.9474522720265,209.75814002839547,178.08196740690266,162.4586586852068,100.50297757327758,204.70619142175633,163.54791833275104,162.8716033970774,186.18878920241877,224.56184022015648,150.24301340122017,169.7833899564249,188.7610145754714,162.41939758572946,163.72520964659768,182.70677131484777,227.186468600008,246.8735103619676,156.5583482153576,241.54717999424244,145.1690979858563,253.654601472144,185.1233482590503,217.16583042817777
1610555608.17OpjjHobqRkX0UPcaXrbu7K6L3805SZri,212.87052867691148,215.2371749020796,211.98655349132096,209.18844538225056,215.05736361706826,222.08985133273478,215.8299726038207,216.04162547409908,219.6386660714148,221.55428104878473,0.0,228.05808474356442,238.9838061711138,223.72858384711364,247.9905610234511,215.9034407934905,228.93534643967743,230.19728610527775,223.41473134342723,214.94927929237355,240.8205131178238,254.80047843774346,214.3346333710739,213.9996706572517,226.33993463570104,234.7927759053967,212.724393902228,233.27670771045305,230.29839335729113,216.00377747457227,224.1091334567536,220.86601790779997,230.60611473517466,225.89507414446547,226.41087941173177,234.84464523031968,228.93683364256358,226.67665607048502,234.22916953714224,248.05631063797173,226.4226477476928,231.37337827564565,236.4200310565412,227.4714446688435,228.68280958023928,221.1871095458228,236.20949034347993,222.33511027499563,219.762236678929,242.11856947826564,221.05129034476167,226.93605726593935,235.54658267180048,250.99331408707263,214.94527019247735,223.3903078479381,231.26773034428044,219.52285709866007,225.23695776297726,230.02434779035576,260.48144106860826,260.6225641815061,219.87475983867014,261.97172174116685,217.37846425308763,268.05579838190454,228.72778524132562,253.71646076697837
1610555721.82zWeNZfGUUfRJkgnAwlP8VMhPzXctnSd4,172.46935913743033,207.12701920975687,174.47370487046047,194.09969444988454,189.25667067068727,199.06529177259955,197.2868846279702,178.45170195837022,181.7960189731495,191.05798557170857,228.05808474356442,0.0,212.26796044048777,183.22754264112766,232.8063728113646,188.01664112888508,256.600322602482,185.59288231659454,197.1199197601448,171.5816745777821,172.50515244673142,199.8290361982908,190.66940526557755,174.09118141599572,209.1717360847937,214.76675038582027,186.7253965610216,205.18247435871052,201.08726830822715,195.40389120759417,197.3305149012567,203.9518866440584,199.19372470079767,197.96194796491758,193.6802802489669,204.02495068837166,201.3173170883108,193.97396923502123,208.72513590743011,220.4747023117402,207.99214209438512,224.62144343748938,219.49503116781125,191.06208614682697,221.58391354130632,226.3055109407729,205.7636805295076,184.09803290455366,183.8479573454987,222.59961804956558,118.89925599654705,190.0939611432161,223.3106866983347,235.2767873655456,183.4805160807177,205.5050781885946,214.91307193795012,178.51426177160164,171.5810747074573,214.4727723505774,241.33749107491667,260.6719181264173,180.42737688699376,255.1090339735655,176.44595498211186,260.7887226063007,204.7782730037143,233.57139963252664
1610555735.75bom85BDF0C7W2eIseHeMxi24qR68nzMi,170.82351987098386,189.89934743229458,169.61483985398985,203.30217718433252,182.4331111969496,194.86901470347104,184.92950343627226,175.5936667466655,181.04243997312216,109.42050292600285,238.9838061711138,212.26796044048777,0.0,186.79588945840305,222.34236096188215,186.25930018855814,270.510307166661,215.38089533721532,193.2108406905716,170.96585719614052,231.0101117944249,250.52218892021716,179.39971873886637,172.31591670487248,202.85237991352668,212.9953558081293,180.74882907992472,214.4492097397171,195.99834692521634,179.83968278862753,181.6353985472835,189.9857708268981,80.44317418189371,180.79651528751458,201.23707387163884,217.69628816653565,194.35745203282153,178.58864119694468,208.54224768805014,213.00938423942037,201.29516275629675,251.65184982617953,209.67372748362357,206.2949855628784,216.60525694060888,218.50302567655564,203.27481643899017,191.70477744476554,148.57218771249958,227.35642344155303,189.94212688477174,192.08921574657703,203.9103044908565,236.95958027407204,177.75231404050461,198.0525916998929,214.37915526393192,188.3513561225754,190.19042502104008,204.23332743255125,239.876265355718,256.79121184925896,174.5371598371918,256.44489111135,177.03612157974734,262.59748642562516,209.8699024890655,231.10926319877245
1610555735.77NnT5xqKnwcf2BbjIekeb2arTQj6QMNwk,123.44727302320652,193.36949983077747,121.71481261889136,184.21553374794476,148.79407448050597,163.87714023512947,148.08835182898943,123.16782821361703,141.23353874933431,158.42125317672665,223.72858384711364,183.22754264112766,186.79588945840305,0.0,206.92993380749797,165.57681123630786,255.25740365668773,210.81942460264804,157.1341371643971,148.2521659845092,209.23129806504735,233.3696827321369,152.43640500642445,127.18718466004019,177.73289609400913,183.83705147769172,148.6882136911952,195.30841443130944,190.46882050771924,152.53969894194395,164.80882718539067,164.27373882136405,174.92559347751038,177.41117343211837,183.18207895864242,195.44518190586857,173.4566127345966,172.139256102335,192.07723970643508,195.6556972783583,182.5396157478548,232.41663670334665,190.99218393514036,184.16743924204317,207.3093216189009,214.68542881709345,179.41306280111368,159.72905584998352,160.66386019363992,202.8961169784585,159.06352757083584,160.25528463512453,197.76930003939225,229.5519004914938,152.30773003987628,172.53049939765035,188.5019479949197,168.61299741185826,156.94503739569615,180.68901259386215,228.34699905184635,249.93803491056198,170.86942529405212,236.76022818503634,164.1580082910889,248.66283204381318,183.27914392167486,218.83676066900648
1610555638.33wjf1PhdNaoWfbRzXVn50hmFyB5bYAiLV,197.47916918909547,226.39002609788815,196.94663131667718,226.43153599658123,205.7148681071743,219.1275914342943,211.1070439757341,201.32421501763017,199.99075765427455,207.65573444004625,247.9905610234511,232.8063728113646,222.34236096188215,206.92993380749797,0.0,206.6853087124882,270.81456968807726,242.31056147683955,215.51460728443035,203.10607309742926,239.5100845043511,263.17931405849623,207.83422869388727,198.17467781695507,224.58630033546262,226.78556072986302,204.5495121302999,237.58086961015536,223.1411622878588,208.7256874098592,206.11212227513633,213.32166389366205,217.3305203246526,225.59964728388474,207.3407319826907,226.66752162491503,209.27519126019664,221.7114497955373,230.60635169737947,236.12800702853394,205.96716932958392,256.9494499032766,212.8071640195739,227.46507525848241,225.92007121826398,242.30643834450763,220.98480870862377,203.8979332751328,215.39865741525446,242.42487110187258,213.03580872334422,206.3327198126742,243.3410720786424,241.24636084005095,202.68308066626977,223.31681867231592,219.21771957194244,214.20461934785914,213.5794655724352,225.9837506025666,260.87848809308235,270.1145059404175,219.43816587169096,267.67045303393155,214.80380300717135,269.2009374124993,228.02759531674633,254.3419114173483
1610555606.65jCE4ig8Pu8kvAzkxnSGfWsV0nQBjCf8H,144.04641325025176,196.578654575105,142.65681537127927,185.67312859025887,157.48637085111136,178.01925330232663,164.55360968952309,149.259044798146,155.90309953387634,160.9999369257116,215.9034407934905,188.01664112888508,186.25930018855814,165.57681123630786,206.6853087124882,0.0,248.481149199524,217.26039671745937,176.8855181843132,142.10989423623948,202.2602020659223,241.02706380159137,160.11713079740395,145.7220630715575,185.37858307269147,197.3935005642328,153.2379728333978,189.90517818697964,180.72609025843354,167.0492005600742,158.43832136833282,176.37685016997756,171.21038853353622,152.97035821096023,151.67266000077396,181.82990398107796,171.32893263729824,152.45543122310053,194.59045275483,203.51261275103434,173.5173420042094,229.75601577859237,195.7408289085891,188.8442516103391,209.66558271456512,219.77166561698465,181.15931648655626,164.29459457968798,162.40577775125428,201.86498039533274,164.01156803556333,169.5150226469002,192.14413235360945,224.56153739032544,146.54761786894244,179.850846204114,195.56155865924185,160.2323773064328,165.58075510034266,192.94530117966934,222.75829185042755,245.05271909006433,158.23792119182247,238.9631333541591,163.67035530758028,245.1305336242997,182.57306821831267,206.60840324243063
1610555608.18ONsBCVo1i7BrX0XG9stct4oiA6ejX9Oz,247.22850730306178,242.37292143300837,246.54852769515531,241.4796957099369,246.44624268037774,251.40430038324314,250.0184625786056,249.25993499671063,253.22689180890447,255.67231538034036,228.93534643967743,256.600322602482,270.510307166661,255.25740365668773,270.81456968807726,248.481149199524,0.0,253.72607066631855,252.59565345301124,248.58242652671757,263.78430571432716,274.66187708839027,244.09468614263125,248.6980371415523,249.6521222283699,256.2841295081156,247.53604983312405,260.78090798432663,252.03701252146624,244.97157796245585,250.88175763272042,246.3372551682271,263.95699371009727,257.96396385206936,252.45788597555347,248.31580690272938,257.7708513218678,250.103443985185,247.99543127687525,275.32680040710113,255.9517831859547,260.88169286481553,263.57206881400447,253.85564938425296,251.71301118096375,245.12637832086875,264.78277661762735,254.4220869847668,250.81872793984726,265.6904350232651,253.47841702910893,258.1896817789709,264.8958681654015,261.8467680346721,249.26709605807466,248.53693860371402,252.70289214625257,250.3719019610732,256.58649293358513,255.43738328885135,274.85381951473755,270.99812174034105,248.17585031515083,268.5641665538656,246.19273599027997,278.35267432416657,256.944253199833,273.87194732793404
1610555721.51RNoQUMP19FTMS79BmA3JkgSm2IC2AQuQ,199.56192857281007,109.27369123487877,202.10878134557385,209.783659338698,209.36821691559666,210.98972772589863,212.52034480159455,205.11470032396633,207.33339786919578,205.86126768979256,230.19728610527775,185.59288231659454,215.38089533721532,210.81942460264804,242.31056147683955,217.26039671745937,253.72607066631855,0.0,209.1972102598547,203.3841123930727,221.72018464192746,231.8582146305693,205.68052185873674,200.24490563287014,220.20812189613005,230.41081761099136,211.2498178949536,225.29889999881928,223.1572930567063,204.14424427477545,219.48498375258157,212.68122695394106,211.97504359287697,216.8142224529604,225.27255812365567,234.7841710914902,224.86815640382636,214.3184486165519,211.65773998125377,241.93281455084505,221.39332422094478,246.5807437224246,235.01293382793935,215.08877199518645,189.82095470243976,152.0850298627909,227.0077123359372,211.97107039481926,205.09139587393045,246.30890756439862,188.71139371853394,217.14167527214016,241.80061061704123,248.32705751686473,210.95968301948938,219.33299434475438,221.4265409189314,212.21049289636167,204.74764758261142,218.95564587058698,248.1329217234017,260.68680029012563,211.3973961062974,251.59803043732435,208.83802869627226,262.1828602594489,231.4093836767302,242.55268026649802
1610555971.86O0cHB2ibBJ8jxoObg01EpGe8VVV5mpwn,142.90027006489117,192.67892535225056,143.42934816850484,187.3022760267435,162.0131130339227,102.36573336390805,160.77309989910245,148.3027648355579,144.48867307801692,171.29193377036432,223.41473134342723,197.1199197601448,193.2108406905716,157.1341371643971,215.51460728443035,176.8855181843132,252.59565345301124,209.1972102598547,0.0,162.11773331712877,212.79244498360566,227.18939284667013,162.71254566047367,145.16636649365918,187.69531834951152,150.74524432396979,158.61196062721143,201.61743793028373,200.9094108023432,151.80100937308924,175.7902177597549,161.27860958901434,186.6616727244608,187.42362886130175,187.56571972727676,201.5910429252667,185.57727129978144,184.4441966363849,198.2998534817888,201.94646923907555,192.85622510986954,236.33526551706555,200.12937225342023,189.66573969613157,211.56491738919215,215.0979064263053,184.4982203943488,163.83195692975133,173.76015856659012,210.69796750930144,172.49406476415146,163.6906837822459,205.61031798512082,232.40189642937636,164.1120029908768,180.62931265892158,198.00990187831943,178.03847671809308,169.019503424156,170.1274670726171,230.56533217060863,252.31056588572352,181.86291952805564,231.01344536171212,176.93866633919473,252.19709229210514,189.05774839582747,221.1531668168319
1610556911.51zU3duZSGpcw1BDNsBLxdOCITAXwl6z3i,125.43949368360933,180.55349409433182,122.75802599798689,171.3247604245581,144.33060295875535,164.1450710619406,153.55483818705218,131.75498613661907,138.3425720999295,149.27593600093508,214.94927929237355,171.5816745777821,170.96585719614052,148.2521659845092,203.10607309742926,142.10989423623948,248.58242652671757,203.3841123930727,162.11773331712877,0.0,191.41279174491342,229.2091035877287,144.99242442128772,127.6368501717966,173.66802227325365,184.8948303368325,137.5689027050505,176.8954151912679,174.03169409834194,152.2468016471399,152.74756700555793,162.46608603204328,154.4337830946162,151.2578047813262,163.43500616814293,175.17067566200987,156.76006917512754,149.227209715728,184.9516390976542,192.2385273387637,165.832408689187,219.52688200684406,185.75755533834788,170.78718405827695,189.7556781264028,207.22378308556446,168.43471579219718,148.24287750770554,150.71248596081492,196.23298269692205,146.7195706782627,154.29254677969647,188.83052141269675,221.3691802987195,137.64725559345553,167.40897027956035,184.24158777275815,143.51577552499356,146.71455400305442,180.5031429246513,223.76906273963334,240.25081390119942,146.64251471361996,236.5839718372456,146.55080046991765,244.8004524121521,174.70173377077748,211.74359352412282
1610555988.71dMoYT8250UHHJGxgmITTmbHe7V6gH1yU,196.36832545445915,227.39749367328145,196.67635382448427,215.2860349350226,207.6337499512929,215.8269923772906,216.6776159018326,200.5149452640678,198.75957534088954,211.52407867936725,240.8205131178238,172.50515244673142,231.0101117944249,209.23129806504735,239.5100845043511,202.2602020659223,263.78430571432716,221.72018464192746,212.79244498360566,191.41279174491342,0.0,226.884461812843,209.5276785444759,198.21358519758326,224.45640247633133,224.99614871495498,204.8773406046675,217.69104758041388,223.25534983038605,215.78920327997054,212.2811937195903,220.322644623306,219.05762558785577,218.3896050503051,198.28118419276137,217.07609885766183,217.38341319043488,214.56038583159074,226.06933519620503,237.83124960487663,220.0315594685969,236.0937412548128,231.5566351010192,212.2905720036034,234.2788032793663,239.3741008818859,219.9165873498374,203.42136984202682,206.17629859394904,236.73834321599435,182.48181967698642,207.149444870424,235.9727300654057,248.3955934017613,204.4481214490088,221.40698226401244,227.61749659228227,192.17758518034884,199.61188781094742,225.2127167926246,251.58960043475656,271.09592908265597,203.49279688868788,261.47099552609905,200.25812978923307,271.0471659015188,220.21328613302677,244.6278446575688
1610556042.81mlUZsSp7gbGjrp8jQSnybT1gPy6e62o1,228.66069012547575,236.0560817862136,229.79044874242848,239.65031340942278,231.50197900768288,229.409063202921,234.20849001468443,232.243174510257,232.8767936363613,238.69108361151777,254.80047843774346,199.8290361982908,250.52218892021716,233.3696827321369,263.17931405849623,241.02706380159137,274.66187708839027,231.8582146305693,227.18939284667013,229.2091035877287,226.884461812843,0.0,218.3937473094691,229.9146195666743,240.7757947778939,238.5022388983424,235.55840844900402,245.64831227463094,249.54480718837647,217.7922867682524,246.718023977461,218.29286603762057,245.25793261784818,247.1254882305854,242.9338781486156,249.65161907168732,249.4354164340421,243.0341194782049,245.14938874086914,257.1564898952837,254.5715998767808,261.71724508688953,258.0085885581136,241.77038493769987,246.56196542098473,248.44218042242636,247.45808902651626,232.54515997322733,227.69868853040597,259.6015316842717,212.87850464161605,236.22901597398908,265.29357119327454,270.04478014258484,239.7008080932741,239.31073952744495,246.2002823470989,230.0179040082274,223.7964543400625,218.6842817879072,263.77478197472453,287.29013652382787,232.14254519540793,271.6240176529489,232.16987566674433,275.6844442263546,246.12654527036767,256.7704941229652
1610555637.02UBW5nKvDyUrKnaWcYRGajZPxTRDS0q3N,131.68892173480435,181.56357508678911,130.11720873031862,181.33951411858686,137.17400166534222,161.9553892018001,147.8724971882296,137.82072855990955,143.96473708520983,147.66613992619338,214.3346333710739,190.66940526557755,179.39971873886637,152.43640500642445,207.83422869388727,160.11713079740395,244.09468614263125,205.68052185873674,162.71254566047367,144.99242442128772,209.5276785444759,218.3937473094691,0.0,133.61881184866863,156.10623436823067,181.38345085834413,136.53063163303162,193.6513206831605,186.17733237707586,130.09835658400488,156.905659165969,138.21017649284875,165.24817176508898,171.944017006876,177.0009543292469,189.8611126205374,168.26264707919304,163.15681649948215,176.53413924262162,195.27006108412297,179.55772102730992,229.51010324138133,188.41355693561852,184.88471816035448,197.51350574824522,204.60523750867242,166.75557584873118,156.44095709400423,138.76798184965267,193.63775773614725,162.58046198164993,154.0177100134683,192.41094551804954,221.37100903768166,145.01472069110238,140.8157362384361,178.20507544712044,161.27687060472329,159.8567572556451,157.97028248485066,217.27082872552404,242.5998435606829,159.64413758359893,225.89199644984544,154.19713817479382,241.53324308215218,177.34112694534832,214.93692360935617
1610555619.13oUYNikU4facCTpUSiSLr0vPI0tJLnXiT,57.08416253686557,180.16791673419942,71.20058013227784,169.1806279387033,132.93316123737907,151.24307302285564,135.857958413485,81.21704460183048,119.95575114350936,138.9664376221394,213.9996706572517,174.09118141599572,172.31591670487248,127.18718466004019,198.17467781695507,145.7220630715575,248.6980371415523,200.24490563287014,145.16636649365918,127.6368501717966,198.21358519758326,229.9146195666743,133.61881184866863,0.0,164.3701515929186,173.15883698626087,126.63220761796963,180.84372325362503,176.2414947192994,137.83493823093272,144.7659225715422,150.81482654149264,157.52250817190532,157.743250972435,164.77744576954993,179.85586454794054,156.14907020560008,154.8197857081252,177.65767751505396,178.5367801887656,167.10126564466154,222.57792076612793,176.84511812986813,164.62643296211172,197.82456246094975,206.96610828181335,161.34103367181618,141.16870880717818,142.0163046436174,192.2496683257256,139.38682402143513,143.67298804290468,181.96082444587512,217.83108742923991,129.81800394452762,156.99361911082553,178.43713653602376,148.4114126897143,138.44934932783866,169.18351373289374,219.42752065218477,240.79173035841077,151.7703648415554,228.66801275135185,145.8245742959875,244.25843955249553,168.02640450397675,209.05188971579608
1610555721.03nzkucfjAUh31zTbmCVvTVYqtjoxZFnBh,162.84735490280846,199.32520293218292,161.15403465883958,203.63493571387306,170.59974379899367,184.89136610412712,178.48887917578423,167.8523676845899,172.2641694005993,175.40325168708938,226.33993463570104,209.1717360847937,202.85237991352668,177.73289609400913,224.58630033546262,185.37858307269147,249.6521222283699,220.20812189613005,187.69531834951152,173.66802227325365,224.45640247633133,240.7757947778939,156.10623436823067,164.3701515929186,0.0,201.11822004002198,172.83096575007738,210.85156308112101,208.1126988374288,170.62167421265787,183.88480174204705,177.93469402811735,190.42023291460652,195.14026594974032,198.4020975020363,211.1577244265076,192.86107993905816,187.3222150899792,190.31896135947235,211.90521855443063,202.91568111711575,239.74412897181287,206.09784917566103,205.2987536359162,211.82783349767095,211.09174911278586,193.962765819572,175.55022950656107,169.3694377067546,216.1354185669042,185.43578516295767,179.39787013046583,210.17391873331312,238.0865108383777,172.55637474392367,163.26603275970362,181.31420147461134,185.11107778497347,183.4308932952909,175.7206665318016,233.01780307519311,251.6352671618479,183.9722921012708,232.61121467940853,181.90844923445707,252.75398210890702,199.34907670414708,231.63067893035543
1610555722.67fhKURdXVzRbLIjXmjRwdJHTnE7PWb1AE,170.8645350180486,213.85460999473645,169.7668256481556,206.81698753132463,184.71492260062044,133.29082781176726,183.91038331584056,173.81934369545047,176.93496796753797,192.9985817002902,234.7927759053967,214.76675038582027,212.9953558081293,183.83705147769172,226.78556072986302,197.3935005642328,256.2841295081156,230.41081761099136,150.74524432396979,184.8948303368325,224.99614871495498,238.5022388983424,181.38345085834413,173.15883698626087,201.11822004002198,0.0,180.73274331147843,218.12367760640035,214.53496848179353,175.68764014102277,196.16827095875905,179.95544643767047,206.76096961589164,207.84846371049548,207.12477814037902,212.86229348296243,205.17083834804185,204.45208050830075,210.24850998895036,217.00611617473302,212.38267709821199,242.16582137626853,216.37778758617014,203.4881387687875,227.16751751304946,228.00388983629765,195.54189024244985,184.72407028765247,195.1922910123754,224.40339500671263,192.7376215848885,183.08170115936787,216.74278735050515,242.5337173160633,185.73413233966716,186.62101372711547,212.91208568848006,196.86642229813955,190.44519772477977,182.20866822456517,241.17777263904804,260.3864832375129,201.24133716004732,241.34833720013935,198.02056505342262,258.037096799453,205.98573305269142,231.56226075731678
1610555638.39J2ZWBLuLTHP0jOlzB4tNHmYeijH5g5YJ,125.08022318190972,188.7991307293712,123.41603274056324,171.15792614250336,137.00783972586285,161.71810624244554,149.04795091431947,131.32586713063498,138.4279603212097,149.2825172838635,212.724393902228,186.7253965610216,180.74882907992472,148.6882136911952,204.5495121302999,153.2379728333978,247.53604983312405,211.2498178949536,158.61196062721143,137.5689027050505,204.8773406046675,235.55840844900402,136.53063163303162,126.63220761796963,172.83096575007738,180.73274331147843,0.0,188.75182862233905,184.76366574971212,148.03976165394243,145.7361164336205,150.72653611929118,166.69415035322427,167.902742953804,171.3009254253368,185.6277625820604,162.46946143216414,163.6884253950168,185.82521146013585,188.3822832318728,169.29308480686603,226.63404408831147,180.13490757020048,180.52418621494465,203.15137854544824,213.8150478869957,160.4294931328858,151.67481333290166,152.33233161042108,151.99647416890397,156.49999451939865,147.87442102632082,189.60811205797643,223.85065484416117,140.66048332594994,164.12615825529105,184.03021353819852,154.89372417764733,153.88038986863103,174.72315146651098,222.49934969612687,239.20638828781384,160.28417333930312,234.0268174912115,155.89692482158725,250.83719399205518,141.93537458490292,213.0078146690467
1610556032.17Q6yCDx9g7alRnL9jBFXD2JhhUyB2hKfJ,178.44480607904688,205.7953358809555,177.37244177075087,197.69755015605014,189.93964704934336,204.14547600885177,192.3614752136159,182.93431700821395,185.32852066796627,193.53330053825653,233.27670771045305,205.18247435871052,214.4492097397171,195.30841443130944,237.58086961015536,189.90517818697964,260.78090798432663,225.29889999881928,201.61743793028373,176.8954151912679,217.69104758041388,245.64831227463094,193.6513206831605,180.84372325362503,210.85156308112101,218.12367760640035,188.75182862233905,0.0,206.70012888241786,198.1542353164485,199.9442992911174,204.44606390112315,201.56061760410225,188.40931874269393,204.65292637153664,208.30569527509672,204.72048568914371,190.80474348612216,210.74328426293673,220.94062398111072,214.63568819325317,225.30670985044074,216.20767841122515,193.28929470996974,224.8937612144983,224.3842288683614,207.842029371769,196.64636792517214,193.55518518988222,226.1724343221518,188.2667667909999,194.84237977154882,222.50847920940717,242.97176784321803,189.5583539284449,208.76073200362208,215.04037350112566,180.4542461589142,180.53839335779256,216.61902182010294,234.6933341156621,265.54360754617215,188.1859135041677,250.8255830842387,188.39064894771903,261.269385877985,211.32892879520892,228.86682557930752
