,1610555604.25mOvVXuL01OCiReyVWBfesjuvXmB3MoPy,1610555605.43B6oDsBtWRQ29Q9UMQuTUEPZy3FSSWXzc,1610555610.92HPGJJSmyPM40z7otPBgHalNrHFA7zk5d,1610555606.68LaSQbm9EHAFycEfFtEqAwYqlBsQPjIRW,1610555617.19EKxMEwDHfXiEJZc27TsGoERaD6Da4BZU,1610555722.52PJ3FD50MGhRXyUD28vluU8Z9UjLJLZn4,1610555617.52Ijr5puT55g9apK8auM7zaxa3NANg502t,1610555638.77ZLjTLkz4jYJdFMI2wWBztzsDILkoOtAk,1610556912.46C7tJPLF0XfNnm8f1820X9aLmXMHoc0Dw,1610555617.51LjzIROg0aeCP2GhDcAVQ0LipKJB9jmKc,1610555608.17OpjjHobqRkX0UPcaXrbu7K6L3805SZri,1610555721.82zWeNZfGUUfRJkgnAwlP8VMhPzXctnSd4,1610555735.75bom85BDF0C7W2eIseHeMxi24qR68nzMi,1610555735.77NnT5xqKnwcf2BbjIekeb2arTQj6QMNwk,1610555638.33wjf1PhdNaoWfbRzXVn50hmFyB5bYAiLV,1610555606.65jCE4ig8Pu8kvAzkxnSGfWsV0nQBjCf8H,1610555608.18ONsBCVo1i7BrX0XG9stct4oiA6ejX9Oz,1610555721.51RNoQUMP19FTMS79BmA3JkgSm2IC2AQuQ,1610555971.86O0cHB2ibBJ8jxoObg01EpGe8VVV5mpwn,1610556911.51zU3duZSGpcw1BDNsBLxdOCITAXwl6z3i,1610555988.71dMoYT8250UHHJGxgmITTmbHe7V6gH1yU,1610556042.81mlUZsSp7gbGjrp8jQSnybT1gPy6e62o1,1610555637.02UBW5nKvDyUrKnaWcYRGajZPxTRDS0q3N,1610555619.13oUYNikU4facCTpUSiSLr0vPI0tJLnXiT,1610555721.03nzkucfjAUh31zTbmCVvTVYqtjoxZFnBh,1610555722.67fhKURdXVzRbLIjXmjRwdJHTnE7PWb1AE,1610555638.39J2ZWBLuLTHP0jOlzB4tNHmYeijH5g5YJ,1610556032.17Q6yCDx9g7alRnL9jBFXD2JhhUyB2hKfJ,1610557007.49MyVgDnuUuBxrvL6SGOdhKf69VYlW1MSm,1610555638.44hjT5hbYdKoE3MB6hijrjqbjmLgvCUYKD,1610555608.13zUvmFSCRt6SsLbhqFznMEvGx54GPGQzM,1610556038.62a5C4ynd1AARyAhTv8a58NCqHvXRjscqH,1610555644.45Xse8u7pusHNsd7F3d0A32HXvXr6weOJE,1610556038.62gKXOCG7XCn55eJvyl5voNjbwOW0znQDq,1610555987.13v0oleKK97pkesp6oMgprH8SoSdoDVdIO,1610556964.96ZLLeiQW0qpmxhPGTg7K03fmzkqsC2bjC,1610555987.13VQlEedQ50VvkPMEMzZDv3KNnQCewykN9,1610555982.186TY6MMGkDecIN1woW6vsfAMXVV7jnyjO,1610555982.673LuMndkwkvdmZOn0MmE2Pkidx0FtNalb,1610555733.38zItcuH7gHNfKdALR2d9Nek6bxCyw36Vm,1610556034.15BQxSbZINGCay0yp6RBVlgcPrw76Yn9ON,1610555639.37BPZpgtGml8qUsh9AdV4m32jPLfI2aNFq,1610556965.57S0adAalhWYe6K3bkZU0bRHbqnDK8gGkR,1610555983.54zteLPCMjyrjzPdhHhlZr3faCgD0TfYr3,1610555987.79rHnNRmt9a0ufmnwCvZqBouyUoZDNpylW,1610556960.041xWER61rmArlsKfiMl4frikWmUCnQ7op,1610556035.13a7NHZDutfTMJ88qle1gTYY59Dr4WmMsj,1610556890.456ZBDaY16bMtrTZTqAgHl3wq1tRxzqDow,1610555760.24e6890pkbyZ97Or6croI1rQgjkSsR0yVt,1610556043.02YpWMIJg3W004iqlPyv8OcVAZdSC5rNYw,1610555987.03z05P26TLtONYM1HSzupoc2CeNMa6HTqr,1610556032.15OYCzUxpsz7b10AXBAuDXrvEcvxFhf0M7,1610556032.63Z80yI9pNwS3jSmsDABbuhf8wkNa2Ze9y,1610555736.28eGuESasTXdR3SqY6pHhEXWZtcdciYLCO,1610556034.61bebeZA0MkaFG2sm3VKiqrxeqQginTTW0,1610556944.5XwXOphKYT3ZkWA8gViqOS97VHVuMVUqb,1610556944.745UVLFBzf7fPh4UH37I6tYQOFPqRDytEh,1610556034.63XsUwaFaPZevO1JNFjfhvY4aKNFnV4noV,1610556964.89xwBHw9faT1HjQRMNQEyA4qJ3hWkwgj3k,1610556966.74DydzH91jtyvRyYau47JpVkZoMRSNTt01,1610555740.77UueVziDbaXyRR4OcVJIIZyzOfAzN51bj,1610556046.84e3vwjyRCzqz0wJQhrk8zsxlFfFSv98Df,1610556137.99eoPuVrDThKAOvmeprLPb2FWRqIhzUodc,1610555740.73XFwSrmTXJPlaxGZSefh0jOVA8PI3III1,1610556123.88AOfNaz9jSnqU5Czc7okOv1RCrYfKFBTo,1610556046.85nB7NvyoYQeLcOV391Lmmut1wAM8CFGLw,1610556123.89H4pdIAzDthI7bMXMhlIhKUYIQIvtmPPQ,1610555740.87GOYQUJKpkynIS2lFqppYK4b32ol7NeGh
1610555604.25mOvVXuL01OCiReyVWBfesjuvXmB3MoPy,0.0,3123.1358550543086,659.1350687325989,2906.418490706428,2086.213953310701,2683.825375799501,1781.903555677226,520.8327029245728,1529.5847624360788,2357.6444858728496,3457.1948074481115,3038.1253891045467,2857.897915720449,1056.105906568471,3037.4686987828827,2597.033055854088,3566.5851045600084,3247.5705417579775,2227.9361677932743,2341.3915662194045,3202.1085872566427,3459.013890065122,2607.645103376025,529.3498895041577,2966.059033319135,2679.4906559921583,2319.736380091384,3027.860668785209,2999.0086280487303,2396.04288778632,2445.593930947401,2767.9775221088007,2630.3302626059235,2799.7556224296322,2916.831491936989,2947.425386314948,2846.537866379799,2697.1152618171545,3167.4798863471224,2882.7655215346485,2935.9506970510142,3333.1394728853447,2807.357118057214,2645.3163923110797,3324.6048530692265,3424.995317064436,2986.9516541215953,2660.652955746658,2472.0338918143407,3130.051456733839,2469.9194701284887,2505.5765104453017,3027.426145019379,3514.685663617757,2444.7197796179858,2914.5670716215973,2828.019158963475,2946.8210580655877,2394.2616345151678,2912.106863457897,3381.501385543303,3689.350099904972,2767.7687991797784,3382.4065859656853,2583.693697952099,3550.768437748181,2929.405229047681,3271.690203359581
1610555605.43B6oDsBtWRQ29Q9UMQuTUEPZy3FSSWXzc,3123.1358550543086,0.0,3143.6386620971607,2515.2368823659795,3288.236195010371,3268.5331534688435,3220.595778808993,3235.311401783614,3339.1551922149038,2646.3335582417026,3021.2852432530594,3378.3944588520917,2070.5339970454206,3310.4929452507145,3218.600381032871,3287.9428679331672,2998.4287989404515,1861.006357437607,3304.5212074044125,3071.112033519632,3572.7737083999127,3097.8838633632545,3041.7378962712205,3187.183432275562,3332.2498417689567,3425.908201418336,3356.5202008470355,3375.6351010340773,2727.8382577809625,2863.2927258548575,3248.0243802729196,3322.7278165799858,2465.4823687899925,2728.1826032345734,3364.879030098144,3661.717279983634,3339.660159478322,2542.067944742118,2406.9027486010136,3648.884264183866,2897.3541106947596,3283.833270214464,3613.482404650275,2823.8615046216714,2469.350898147764,2014.9703896947658,3469.4802189973243,3423.2494456643767,2600.857510394861,3669.9561451769023,3225.383974633626,3542.2694915101556,3365.496076766303,2832.2089223263742,3044.3001988944725,3494.4898078858646,3310.163578419304,3196.4432389587587,3176.767640938987,3344.065184637524,3096.587328120487,3033.532074099963,2618.908743460384,3384.9028280941593,2694.577329249128,3142.712164835282,3661.4685872486593,3136.186387833931
1610555610.92HPGJJSmyPM40z7otPBgHalNrHFA7zk5d,659.1350687325989,3143.6386620971607,0.0,2890.949989112777,2090.2057693131555,2744.723478005616,1657.398006491257,794.309067455428,1723.916824515254,2368.7547974129197,3401.512581498167,3101.394961686375,2871.476957909707,1181.9069741459837,3116.1623596905633,2545.3429642299207,3512.6777422397954,3334.0915107286914,2326.9941290606553,2319.7528536749724,3258.151981185495,3513.634823790265,2596.364117921197,894.2710724022345,2935.574723431812,2766.169919495253,2286.6711913741824,3063.6522087530366,2955.099490990394,2400.112433886303,2421.244171504505,2756.4712621196304,2640.776839275218,2770.2238972962,2939.834597513661,2956.6037042148187,2869.2117872981607,2695.7866563872176,3155.9624994262917,2977.8242242669303,2934.8437503090336,3378.7798139589067,2906.736006517589,2707.320528540476,3331.042026271921,3401.924761219533,3111.0350655895413,2744.76349703052,2481.915445625149,3076.000119644993,2570.6451584603724,2532.4682388826686,2966.973407324658,3450.4758800111526,2426.509566678653,2833.7660099616314,2875.9928740979644,2940.7283472083764,2488.446463022423,2975.5637644417066,3448.704922385694,3620.6413824296574,2765.715123644894,3424.9305929852762,2583.6900326183068,3608.3218627727197,2857.1408750387236,3331.052460786595
1610555606.68LaSQbm9EHAFycEfFtEqAwYqlBsQPjIRW,2906.418490706428,2515.2368823659795,2890.949989112777,0.0,2916.9408214132804,3420.6813143912163,2802.271047216366,2977.9088568361803,3131.0763636270267,2942.362647212208,2641.328464795752,2873.051540328945,3042.838146468185,3086.5536954894633,3182.2169106428196,2897.9859052264924,2825.739407029875,2637.6354541851615,3024.7898007573335,2856.847729307588,3192.4315753960336,3000.123484238138,3137.3948048660523,2929.011773230422,3717.836452470105,3450.4467300489778,2799.533480861648,3061.8721337865745,2753.2240226471267,2783.2539191875244,2900.871307712605,3184.9713769150885,2976.206773788122,3089.0442020619485,2930.417287569569,2726.348361315657,3048.7703678283387,2948.0858001364213,2434.1463367604333,3436.4825820458273,2354.1199705796967,2803.3784536303956,3126.089059504669,2475.98464961621,2860.4073700556605,3032.0406168430177,3706.3066359397453,3263.84608117382,2803.8892193043403,3284.064241282642,3019.619384918499,3444.976135082592,3259.5814551936264,2764.553759563638,2838.144091329484,3610.297225533155,3426.425193477451,3076.253722071458,3117.768678833708,3568.9614733635967,3173.25696901788,3062.2363775813137,2728.04397961633,3242.811534076063,2754.5268403416753,3243.2779901817066,2925.504638919598,3150.8819603864304
1610555617.19EKxMEwDHfXiEJZc27TsGoERaD6Da4BZU,2086.213953310701,3288.236195010371,2090.2057693131555,2916.9408214132804,0.0,2905.3875014501596,1783.3406270108742,2180.0924006659307,1865.1023652092078,2614.4420677580074,3107.126302439539,3153.839480525709,3092.6710892798887,2145.317916012562,3153.00415738257,2680.3175215199044,3234.1780804708596,3224.600808655979,2446.1099221458844,2553.7526713536636,3213.347188527911,3161.5378542823437,2099.537443261399,2189.0108109164894,2972.94165088739,2879.8188426666507,1663.797861303669,3171.4066688713415,3156.663268225946,2021.3358435631865,2511.02962006257,2070.1768195557584,2903.0879655493895,2894.495906510788,3010.795525993397,2941.2722267593394,2977.934773296246,2783.8292878214224,3312.2446636509167,3223.4462083279013,2817.6996172654112,3271.5040850772302,2861.3449964873444,3029.4041009762623,3292.482970647193,3457.0284538650044,3001.4871691113626,2784.003458382565,2613.839193586014,2564.724953769155,2912.0877398353095,2573.760082009619,3070.749819753722,3407.496025734448,2692.1932503162,2740.450401079664,2853.758281564268,3160.4130723580306,2820.4043264864026,2781.198526823176,3172.0850402492642,3431.656739988418,2807.627081674635,3166.526634818484,2600.7164919389306,3419.7310169386687,2790.8665521943303,3079.8471750496683
1610555722.52PJ3FD50MGhRXyUD28vluU8Z9UjLJLZn4,2683.825375799501,3268.5331534688435,2744.723478005616,3420.6813143912163,2905.3875014501596,0.0,2921.6109392659077,2766.967656896416,2747.826611997692,3166.177400069486,3215.9689343942173,3207.643543070514,3397.8395594032977,2865.2638199252633,3248.3281748743498,3451.4787304249394,3194.085601281414,3205.2323369615387,1871.470351859655,3142.686974945476,3033.420086925309,2967.5703157939547,2603.0354791287523,2740.9255350537933,2617.967664097753,932.120312469095,2791.8462777348127,3261.7027527547607,3586.3618949975853,2573.5805733946754,3150.612502092463,2431.420394861192,3495.6565995905594,3619.065792079441,3342.9676829125997,3238.3816558671097,3491.2839009875447,3541.1530067588255,3182.7637498012778,3156.6405221473715,3528.791224948961,3113.0881119825517,3366.683091993417,2984.578858937971,3158.6877590841877,2802.758298965239,2698.8837283182556,2697.3861370722643,3267.8010273890995,2970.8892022766317,2954.5000648304067,2527.958890008325,3314.721234750721,3297.0574030994812,3080.249992379104,2553.7611538529136,3040.6097555869956,3100.402890246639,2910.3642198566836,2149.695701530313,3064.1431707776856,3280.830069952746,3501.046940894676,2887.9588220891455,3365.423762689841,3234.039502228817,2878.7848367287556,3124.3786034842674
1610555617.52Ijr5puT55g9apK8auM7zaxa3NANg502t,1781.903555677226,3220.595778808993,1657.398006491257,2802.271047216366,1783.3406270108742,2921.6109392659077,0.0,1840.0892982565242,2130.915522564565,2693.6866047412964,3187.2135854700687,3409.4527552398763,3015.742936096368,1798.4863724411055,3213.792528772535,2812.6651272577906,3322.5274454676965,3429.7901232499357,2474.5440742120704,2784.345775720927,3598.3865852296117,3382.741617722571,2587.0137143862025,1873.4727733337788,3227.037638075724,2832.5502600068075,2373.076039501991,3257.094495409746,2858.9457534844933,1795.7947582455026,2605.5248297895414,2270.9935756239333,2944.628237091707,2968.167152814825,3167.2214947255843,2939.9255932852425,3224.0372252118996,2825.786698513321,3118.495675328972,3287.104738219834,3101.2785766056,3383.712390563327,3134.178526716442,2826.4399358737796,3315.5343876087113,3409.5845433609866,3506.683744638865,3070.954033166416,2709.6478055885727,3006.797284874776,3034.587962277069,2826.177513999117,2878.852280583944,3209.4420777289683,2727.5961145796186,2841.8315467793636,2974.2901839529686,3348.885179312689,2911.923145611717,2806.94736215913,3436.8975459654694,3508.0040681510636,2870.614156186694,3296.9325239726777,2686.1676888839515,3529.1913470497684,2917.649627332147,3323.3282946472946
1610555638.77ZLjTLkz4jYJdFMI2wWBztzsDILkoOtAk,520.8327029245728,3235.311401783614,794.309067455428,2977.9088568361803,2180.0924006659307,2766.967656896416,1840.0892982565242,0.0,1522.493473580395,2507.737648634362,3498.683867199955,3082.219796963209,2970.967031335031,854.1879119479777,3044.251077496284,2709.110995841956,3583.9074726303206,3284.057806079857,2240.6360775414255,2449.800070938563,3244.5459000644464,3473.6405569560266,2776.7880255439445,618.8620178309167,3070.6341803158753,2741.680972657197,2444.7483899251692,3061.641985614995,3072.4880729644574,2546.4553898745035,2580.467592589969,2878.9410993767333,2764.3669422940548,2913.0206844108698,3004.7428663905193,2978.373093071511,2941.79626770518,2830.1445497841846,3278.3722716221996,2907.8711270928807,3007.1241836120457,3323.7706516005765,2845.3319038891723,2664.629742091321,3386.8089723789235,3493.1663424758694,3099.8560825181976,2762.461945961968,2622.191367849993,3173.0262213021642,2542.8390426120973,2571.4812976920316,3116.2924153812446,3599.6881540453883,2596.8961124468065,3032.9401828380965,2845.382768196566,3102.1000054189913,2463.8553562816014,2986.794716400436,3395.7440325914326,3710.1210321735816,2899.611881634651,3385.5671003685216,2726.349599289883,3548.112008610212,2982.4105034346726,3279.9874904576454
1610556912.46C7tJPLF0XfNnm8f1820X9aLmXMHoc0Dw,1529.5847624360788,3339.1551922149038,1723.916824515254,3131.0763636270267,1865.1023652092078,2747.826611997692,2130.915522564565,1522.493473580395,0.0,2610.043847953867,3585.5098652242095,3029.3109416503366,3075.0589404182642,1511.5887532439024,2992.595717271696,2872.348553116489,3613.112413769339,3195.4692917312336,2025.4310510573316,2523.2666288584946,3051.6710185759807,3340.6251252972274,2733.1366374352515,1524.0907492102267,3109.033272991073,2674.7431356564252,2392.79328093909,3018.3347087192856,3338.347866555453,2569.416585039826,2739.716040571985,2715.700400741389,2864.4764352488496,3046.0847898856414,3062.8169833460515,3041.1523350468215,2963.2680981879153,3001.249351729513,3444.6139529922198,3086.7934130283843,3094.924845139451,3341.1276374765357,2745.915395976261,2804.8248811443714,3444.0645753710132,3490.4979942979253,2904.332216765788,2627.992772490736,2761.332745750882,3061.694668892075,2573.3600022750807,2603.5621578942946,3331.3696865424604,3783.7747464763347,2827.5000193088626,3102.9753109984044,2899.0029184910186,3101.9772601307213,2495.0018634096054,2881.993233227024,3305.9004783572536,3759.481992680395,3040.207141970276,3345.243233918005,2874.9024040533423,3523.93797824521,3070.1424539955415,3199.1312695604774
1610555617.51LjzIROg0aeCP2GhDcAVQ0LipKJB9jmKc,2357.6444858728496,2646.3335582417026,2368.7547974129197,2942.362647212208,2614.4420677580074,3166.177400069486,2693.6866047412964,2507.737648634362,2610.043847953867,0.0,3514.7150795760444,3346.866914996742,1841.438268693012,2670.2981723588678,3258.2361534457714,2816.877018302737,3647.8913569951433,3163.8895692338087,3144.062199927151,2646.128491836321,3441.0557480262955,3681.923111054257,2544.1149124575722,2451.5259738096365,3044.744601042462,3238.0212194321393,2595.3058982617345,3360.9325772497014,3044.0745979983303,2692.246263593049,2563.472276006189,2997.1390286898036,1182.7853517767192,2706.869186836509,3087.2563492429404,3362.6403134473926,2814.2880583606043,2582.457406738008,2790.1674307731914,3097.055280024008,2933.900522270164,3677.3290128787758,2931.633047131361,3152.55806496294,3254.647419401985,3129.8332287197927,2970.471156233174,3034.2501843219425,1459.7501748611676,3271.754904536338,2875.165409333446,2905.265308432825,2985.4045555541024,3487.6817169872465,2576.0103507368785,3054.863412494803,3162.4611474251737,2796.8001356157342,2893.9724409405376,3280.2008688728492,3548.4973570548595,3664.619104032098,2561.05486226777,3779.8959817415534,2256.5269525753824,3744.555938590869,3239.9986427443764,3452.8172544481445
1610555608.17OpjjHobqRkX0UPcaXrbu7K6L3805SZri,3457.1948074481115,3021.2852432530594,3401.512581498167,2641.328464795752,3107.126302439539,3215.9689343942173,3187.2135854700687,3498.683867199955,3585.5098652242095,3514.7150795760444,0.0,2860.9122316966136,3507.695759091849,3483.4831456172296,2799.254181423151,3082.8493296527045,1114.755718544073,2707.7991312662984,3197.909186455011,3188.4730572398357,2779.407480684796,2043.4866829010818,3123.2965214056535,3516.6407818334906,3087.493923567718,3125.646390735657,3256.0152957904015,2859.393508386396,2824.881265401025,3167.683120287399,3319.52765493516,2893.863543566031,3607.6070264656173,3332.721218593905,3007.073591529876,2644.1589232369533,3142.4041848973256,3297.1965641629236,2839.617090840035,3443.3407341951706,2844.5069418527264,1965.482426110139,3071.5004249651874,3001.4932979659507,2572.171353158649,2521.129825448017,3614.7724056991506,3291.353832221741,3364.4339881720266,2478.9333787167634,3424.1028979189714,3598.903765819845,3243.2135320922303,2272.6972891433015,3284.4037393599447,3001.475394948704,2851.731176766231,3175.576604411042,3500.301034640185,3104.9452889290696,2421.9631122524556,1782.954829984429,3058.503262485532,2266.140404741639,3180.859887667193,1932.1031949276412,2687.9796950708187,2621.3941869896707
1610555721.82zWeNZfGUUfRJkgnAwlP8VMhPzXctnSd4,3038.1253891045467,3378.3944588520917,3101.394961686375,2873.051540328945,3153.839480525709,3207.643543070514,3409.4527552398763,3082.219796963209,3029.3109416503366,3346.866914996742,2860.9122316966136,0.0,3684.183324404353,3155.1081741898333,3240.505494193682,2539.654297214006,2889.6213447601194,2809.1448741216727,3111.768659158534,2310.944792449174,1352.266040993878,2278.664310999212,3291.4620651447235,3109.3296789553415,3324.8683012479705,3181.673189964865,3281.469448408266,2225.1020044742863,2941.200926338728,3472.453748108444,3327.838739220178,3448.8824143036086,3333.3659322851718,2978.35916285889,2446.757128187767,2315.623493745569,3039.501135052606,2959.8983073041295,3051.663604941346,3398.7780458346983,3060.179713481211,2366.3785170578644,3258.84706717159,2403.246738055701,3176.744777834776,3240.1321302801107,3254.4336140727773,2822.504291590162,3143.055081276661,2943.349710676311,2047.8867724806762,3077.8105679207606,3566.320870348687,3029.7581198472776,3045.425413205723,3368.4561021150525,2810.733650163388,2819.535276327994,2418.633132618676,3355.0123677762513,2857.6284144181104,3088.463234968762,2701.046400890155,2918.345630275761,2785.13290114347,2876.5737051270744,2847.114416797656,2839.7957530847934
1610555735.75bom85BDF0C7W2eIseHeMxi24qR68nzMi,2857.897915720449,2070.5339970454206,2871.476957909707,3042.838146468185,3092.6710892798887,3397.8395594032977,3015.742936096368,2970.967031335031,3075.0589404182642,1841.438268693012,3507.695759091849,3684.183324404353,0.0,3032.644161311461,3140.7822505526333,3174.7592945043466,3541.1682871065686,2764.9436950574686,3322.18201564951,2967.4202899750844,3781.218795934838,3642.5438775709376,3111.6438537693502,2928.4024223079596,3509.9096784309713,3487.327827373911,3118.9210074266452,3603.4971695975646,2940.404199711362,2934.163174794654,2883.67709576933,3259.556829150171,1411.5537731841873,2787.9422240680815,3406.2441133891525,3750.997973171809,3165.290412431979,2716.1755206485163,2987.6919542988458,3268.498841693708,3043.7828714697607,3769.614695104533,3336.7093601064694,3242.8713914748196,2997.1183462550366,2786.4630696898494,3308.2208831338644,3433.4248663934295,2349.745582768309,3640.4033473103364,3283.170612745964,3374.8085829014353,3081.0594466090315,3263.4888525300357,2963.939846766249,3574.7455634341463,3475.8697283719803,3168.53046700512,3268.9579318532574,3530.9379985533333,3408.207092374991,3410.6242992515818,2828.4451119703663,3786.7453111428686,2799.2228342896865,3497.3022854746396,3578.952729581136,3338.2864668705733
1610555735.77NnT5xqKnwcf2BbjIekeb2arTQj6QMNwk,1056.105906568471,3310.4929452507145,1181.9069741459837,3086.5536954894633,2145.317916012562,2865.2638199252633,1798.4863724411055,854.1879119479777,1511.5887532439024,2670.2981723588678,3483.4831456172296,3155.1081741898333,3032.644161311461,0.0,2983.9941647736064,2897.4377000680843,3539.5946383985056,3280.9199049982453,2208.1881365943996,2607.9810734236507,3327.979452278544,3385.9145618672196,2938.5748471435236,1129.6426695814953,3196.135885325669,2813.4800795967262,2567.8990478467654,3160.164325723833,3187.693030747788,2588.620791677783,2774.2591808913094,2810.9558140846552,2911.352129713464,3088.3531644589452,3145.030186675122,3067.7855160063905,3088.9284820939615,3007.736486418011,3427.9893051295844,3024.943177980584,3149.3835921318328,3348.1658530471136,2936.735652953965,2812.5008604232967,3382.098170047181,3504.58482898645,3280.488695540792,2918.506608264283,2788.662093190036,3180.507385549679,2703.4229130867843,2659.525145034751,3239.1821194525337,3682.054145027892,2836.0961313306775,3173.1648687616744,2785.6381731230804,3321.2327581740597,2636.7237250270086,2966.967853295467,3369.9573426271986,3686.439710678772,3093.9691688070275,3343.4094273496376,2910.7856046560637,3506.910811921214,3030.776337578901,3229.3234843695377
1610555638.33wjf1PhdNaoWfbRzXVn50hmFyB5bYAiLV,3037.4686987828827,3218.600381032871,3116.1623596905633,3182.2169106428196,3153.00415738257,3248.3281748743498,3213.792528772535,3044.251077496284,2992.595717271696,3258.2361534457714,2799.254181423151,3240.505494193682,3140.7822505526333,2983.9941647736064,0.0,3255.698458042219,2757.872980498822,3034.4210771237945,3035.0210593375764,3102.022042530999,3080.071799882627,2851.5890585777634,3340.456001438945,3055.337040891131,3383.651579160213,3133.038018469233,3257.7528620909206,3442.100788174317,2964.4189085833923,3286.489861330388,2846.852224371613,3157.274989979109,3237.6992272145058,3767.8674460224124,2805.9332667916865,3001.57349121694,2932.897151292887,3567.541903050847,3453.7694553040674,3276.745327361175,2593.80794256513,3013.9124369331043,2402.535776271747,3058.4053183792907,2362.1510071297307,2942.7300776679003,3284.20298498973,3184.9795645353925,3437.452664897577,3063.1514114399806,3045.0426019934625,3327.0747031295064,4088.222066134215,3127.944508512597,3191.1505446445594,3479.8270315950217,2593.029253825296,3189.938018350339,3309.843361889874,3315.9611243380355,3281.604597859777,2937.7679644040168,3304.2642106347153,3187.9152814257704,3441.9909970247336,2704.1158108052105,3243.806743354601,3405.3722518692125
1610555606.65jCE4ig8Pu8kvAzkxnSGfWsV0nQBjCf8H,2597.033055854088,3287.9428679331672,2545.3429642299207,2897.9859052264924,2680.3175215199044,3451.4787304249394,2812.6651272577906,2709.110995841956,2872.348553116489,2816.877018302737,3082.8493296527045,2539.654297214006,3174.7592945043466,2897.4377000680843,3255.698458042219,0.0,3234.432824378397,3393.2613339748846,3451.278961632337,1786.6223439342566,2664.9191306840803,3302.4654416620824,2836.538955061198,2702.979675936797,3217.7547928111744,3538.5022549114565,2695.471893830223,2743.5111859565573,2528.1393534767426,3019.054220771205,2313.342087729521,3159.3974743367335,2845.3868451487656,2177.927227948605,1904.9415342324726,2392.1389100355254,2432.0541996556367,2236.2336282276137,3266.076823921557,3491.256143659622,2589.689118203438,3113.799440566152,3243.504412609968,3031.7137245407102,3204.107306054629,3503.8782321363574,3225.3041114850134,2778.3624795703386,2641.9390527792093,2853.2703849368218,2552.801825626013,3201.5036603340577,2945.1246678226794,3130.5125848806615,2296.9578324378263,3167.647351303065,3029.28789423834,2261.6073051929598,2756.5928894365184,3488.0170497950116,3202.5573794528264,3419.369268184764,2052.8507472640526,3389.314038363519,2383.609095779986,3348.8134655471717,2791.2434204989568,3112.4449972869684
1610555608.18ONsBCVo1i7BrX0XG9stct4oiA6ejX9Oz,3566.5851045600084,2998.4287989404515,3512.6777422397954,2825.739407029875,3234.1780804708596,3194.085601281414,3322.5274454676965,3583.9074726303206,3613.112413769339,3647.8913569951433,1114.755718544073,2889.6213447601194,3541.1682871065686,3539.5946383985056,2757.872980498822,3234.432824378397,0.0,2625.419324308244,3217.851741872398,3290.107793995304,2733.5910608303893,1856.9629593826905,3260.98983777719,3608.6306054857396,3060.196672209399,3089.9993544175527,3407.754996443409,2760.0215918366653,2891.395950986973,3294.9913143996873,3477.1352889304826,2943.8921985262746,3687.4438673272866,3350.841071990618,3046.0390735472033,2688.405063712904,3272.091140311578,3335.787854362696,2875.6892686310607,3456.109471457135,3006.3558449548286,1825.0278757108397,3129.615290658913,2984.086235916709,2447.128010756218,2340.2437138714695,3591.527981769844,3355.4169389893013,3499.0421446785404,2497.859746634371,3472.310308815298,3603.6533472165834,3268.074043357335,2218.924692329039,3450.01768066124,3047.4140040264947,2702.0060475826986,3262.723535137625,3524.022611797959,3077.3491819143915,2203.2435542269895,1466.067927743924,3152.5917389005194,1974.053973024127,3286.794138201241,1632.3030374595087,2755.5146750679614,2420.6390392347143
1610555721.51RNoQUMP19FTMS79BmA3JkgSm2IC2AQuQ,3247.5705417579775,1861.006357437607,3334.0915107286914,2637.6354541851615,3224.600808655979,3205.2323369615387,3429.7901232499357,3284.057806079857,3195.4692917312336,3163.8895692338087,2707.7991312662984,2809.1448741216727,2764.9436950574686,3280.9199049982453,3034.4210771237945,3393.2613339748846,2625.419324308244,0.0,3104.9424144818854,3171.7774497118394,3030.0681195036773,2507.9009963706444,3276.0543995503463,3287.1195827475194,3476.056502810764,3264.9114709185715,3416.8662835618607,3088.5496585653864,3087.517775787016,3252.846273611347,3418.714057255463,3496.681802458946,3038.329926794209,3193.6689064479538,3469.5927630023707,3370.3306112992773,3534.285224026446,3081.1239207241974,2750.962408205986,3670.844578230539,2957.0893155846547,2762.637547829157,3341.1721705266445,2639.1531120105433,2649.4574323822117,2037.400301554686,3347.803915248,3466.827095285557,3138.652528439714,3389.727479993051,3052.9810990957094,3615.664923305649,3577.387076950754,2882.162318387655,3491.3779847878463,3589.2268253260568,3179.284799999923,3510.61664406845,3048.853409660323,3331.7301999141087,2612.1694570226227,2704.268925376909,2945.5170997916625,2868.3457402385425,3045.6697760555408,2637.054717661926,3529.1546783920962,2723.4104643997575
1610555971.86O0cHB2ibBJ8jxoObg01EpGe8VVV5mpwn,2227.9361677932743,3304.5212074044125,2326.9941290606553,3024.7898007573335,2446.1099221458844,1871.470351859655,2474.5440742120704,2240.6360775414255,2025.4310510573316,3144.062199927151,3197.909186455011,3111.768659158534,3322.18201564951,2208.1881365943996,3035.0210593375764,3451.278961632337,3217.851741872398,3104.9424144818854,0.0,3094.278837394789,3132.5108588152593,2903.345600988589,2861.091263549534,2255.9538776416002,3097.045045134293,1969.7111738258745,2578.5440664449775,3196.9508379475765,3567.169403725186,2467.7702897209506,3192.155890953468,2418.354220426649,3418.4510055444593,3567.1386319223807,3367.7938078089715,3203.5147048120452,3519.169028742492,3523.2918846279786,3348.7463731867574,3039.2650153612108,3429.9939233710907,3103.793623757106,3151.671422152658,2743.3590590769163,3243.2458381145893,3192.6009633825984,3054.2398451850754,2643.845253984552,3263.6894384311518,2982.830711253083,2848.2053190916454,2482.400533917003,3437.649134018175,3452.9794477858973,3266.146971425025,3026.9859258887736,2962.215543743949,3368.517610653784,2760.0033033084583,2389.435677362581,3095.330687079983,3417.1857848715995,3545.313860873349,2984.0412137346766,3342.7179576953895,3254.4995319538434,2783.4669837355714,3079.0497019014433
1610556911.51zU3duZSGpcw1BDNsBLxdOCITAXwl6z3i,2341.3915662194045,3071.112033519632,2319.7528536749724,2856.847729307588,2553.7526713536636,3142.686974945476,2784.345775720927,2449.800070938563,2523.2666288584946,2646.128491836321,3188.4730572398357,2310.944792449174,2967.4202899750844,2607.9810734236507,3102.022042530999,1786.6223439342566,3290.107793995304,3171.7774497118394,3094.278837394789,0.0,2388.3887177440774,3102.5179387391167,2706.145232819861,2449.574538070797,3106.6683754063533,3205.9836981620083,2511.166100548471,2682.372974490354,2760.345684047021,2918.0961068284305,2482.155499245277,2963.4451695565185,2621.336866797074,2492.169152132385,2152.616136308952,2471.176223716665,2165.501508786787,2520.2268277665476,3125.3940249080238,3401.696602310957,2562.2283613316167,3049.848931471444,3141.971791749312,2808.115593523989,2813.915601367352,3404.3547431375036,2935.4775214222523,2390.9905531194636,2594.0674955660857,3111.6791927589184,2355.8370892577564,2887.83584586836,3138.5639306466073,3205.3682039436953,2222.102785842618,3050.7224039206862,2703.562046094263,2103.847159391273,2394.027653702076,3262.3758247594515,3228.96377841224,3370.0222115344673,2331.8777544920777,3366.9318182531574,2357.7588455056916,3402.7750993120217,2916.4345273654567,3150.430679592006
1610555988.71dMoYT8250UHHJGxgmITTmbHe7V6gH1yU,3202.1085872566427,3572.7737083999127,3258.151981185495,3192.4315753960336,3213.347188527911,3033.420086925309,3598.3865852296117,3244.5459000644464,3051.6710185759807,3441.0557480262955,2779.407480684796,1352.266040993878,3781.218795934838,3327.979452278544,3080.071799882627,2664.9191306840803,2733.5910608303893,3030.0681195036773,3132.5108588152593,2388.3887177440774,0.0,2206.4583122515455,3217.225842833294,3259.1034908930174,3100.1878136179184,3002.6388991458766,3241.5204039350374,2249.296774598546,3166.228501651038,3637.3732827372123,3302.774244614042,3341.4401717049523,3451.891786448836,3167.2024003242673,2348.469114723088,2192.3554289602425,2934.8307510148757,3152.9811316422642,3206.6046523761506,3418.8038032037043,3076.484732944636,2199.8317450154345,2998.0082992651337,2710.4960757705553,3060.1343893213657,3084.3731171441405,2979.850880978448,2883.542837337809,3294.437918093988,2731.271657049548,2429.9618368613787,3118.97759538312,3519.543791999703,3054.10502872663,3090.773611857747,3143.0893580952816,2752.672450612256,2442.2197522223337,2796.3849986569094,3332.5331708866543,2602.495690497716,2887.013896823321,2917.4201434141755,2735.3842323584104,2977.2773740901184,2700.058357817589,2768.7684567156707,2652.745394006338
1610556042.81mlUZsSp7gbGjrp8jQSnybT1gPy6e62o1,3459.013890065122,3097.8838633632545,3513.634823790265,3000.123484238138,3161.5378542823437,2967.5703157939547,3382.741617722571,3473.6405569560266,3340.6251252972274,3681.923111054257,2043.4866829010818,2278.664310999212,3642.5438775709376,3385.9145618672196,2851.5890585777634,3302.4654416620824,1856.9629593826905,2507.9009963706444,2903.345600988589,3102.5179387391167,2206.4583122515455,0.0,3149.2517430030443,3497.997592759928,3127.5493625505933,2864.5680691447124,3405.3679624628303,2475.493625303983,3130.870544817344,3154.4646973593385,3674.2322835980854,2737.936854416504,3702.7417190385113,3423.503997935841,3031.680838025414,2598.209298001014,3436.5280234151155,3297.467470361682,3053.777994600823,3513.171876642288,3383.4273909819563,1836.7544339971803,3287.942998635021,2815.533599013466,2517.1173704810094,2520.490302942912,3413.8499605997144,3145.548542844452,3428.787242854276,2628.73923854578,3033.166047498259,3374.8456668707913,3546.958021421837,2581.921553124056,3631.0338547320225,3127.8197735405074,2561.4242419315005,3156.000598408788,3194.5262775971887,2641.0106962993405,1975.7421209850668,2260.519754782126,3151.6585661576087,1956.14335079337,3180.0929694178817,1862.669117986648,2849.541024916448,2178.462436743632
1610555637.02UBW5nKvDyUrKnaWcYRGajZPxTRDS0q3N,2607.645103376025,3041.7378962712205,2596.364117921197,3137.3948048660523,2099.537443261399,2603.0354791287523,2587.0137143862025,2776.7880255439445,2733.1366374352515,2544.1149124575722,3123.2965214056535,3291.4620651447235,3111.6438537693502,2938.5748471435236,3340.456001438945,2836.538955061198,3260.98983777719,3276.0543995503463,2861.091263549534,2706.145232819861,3217.225842833294,3149.2517430030443,0.0,2694.2203482787804,2380.760590075541,2665.816157298584,1944.30693872464,3384.7479927178647,3067.0285349630244,1931.9833354180885,2497.5728909829945,1961.7274328120534,2931.9454810133852,3032.090154650807,3021.053805303991,2964.5795815097754,2989.539068589651,2660.97868870772,2955.004954387851,3405.0844617774046,3035.6112731688586,3344.059306243582,3140.87665451642,3332.663236360555,3135.2303849980244,3044.84137512698,2652.0804062054117,2628.038038228582,2321.5267927315217,2641.096253835645,3041.936325338416,2544.8173344921397,3087.4946345208723,3168.9260227342734,2568.780444656192,1769.0178093415805,3001.4591341991195,2872.678019584414,2987.546681513874,2348.8429957354656,3277.2997007622494,3418.942115645154,2618.0568703585104,3211.3534097174365,2373.0643130197395,3394.958761824856,2902.7469058524343,3337.9289671636407
1610555619.13oUYNikU4facCTpUSiSLr0vPI0tJLnXiT,529.3498895041577,3187.183432275562,894.2710724022345,2929.011773230422,2189.0108109164894,2740.9255350537933,1873.4727733337788,618.8620178309167,1524.0907492102267,2451.5259738096365,3516.6407818334906,3109.3296789553415,2928.4024223079596,1129.6426695814953,3055.337040891131,2702.979675936797,3608.6306054857396,3287.1195827475194,2255.9538776416002,2449.574538070797,3259.1034908930174,3497.997592759928,2694.2203482787804,0.0,3058.6073163770984,2705.9551866724046,2413.259723392631,3059.7252001971915,3042.7264971186723,2441.9780821142185,2530.108358770993,2826.1439225955396,2714.175296250896,2880.0987106008342,2979.191649824833,2969.651745595894,2919.522832789381,2759.429955451698,3205.651908523983,2905.4785889989553,2979.364843165349,3335.4935067310876,2816.0033376723272,2674.098288025188,3372.623908406244,3483.834694709334,3030.705909924086,2728.3532210623375,2555.652871525102,3198.0604029030583,2535.3040514349127,2586.162700346489,3077.622140218878,3552.932658598747,2546.3745807418763,2994.6631456899754,2884.9707204314177,3016.384183811245,2456.850821985839,2947.8900497642726,3397.4693504070265,3737.1127471071895,2826.045554722954,3394.668901228997,2650.4263005214043,3553.2424193941715,2995.7599683633803,3297.7251197338655
1610555721.03nzkucfjAUh31zTbmCVvTVYqtjoxZFnBh,2966.059033319135,3332.2498417689567,2935.574723431812,3717.836452470105,2972.94165088739,2617.967664097753,3227.037638075724,3070.6341803158753,3109.033272991073,3044.744601042462,3087.493923567718,3324.8683012479705,3509.9096784309713,3196.135885325669,3383.651579160213,3217.7547928111744,3060.196672209399,3476.056502810764,3097.045045134293,3106.6683754063533,3100.1878136179184,3127.5493625505933,2380.760590075541,3058.6073163770984,0.0,2740.223534370266,3038.3673831895367,3210.4659425077634,3500.3085971227047,3022.556804912522,3009.7658797581685,2812.8559348803024,3320.4519104247784,3195.585686027939,3118.770629261899,3312.006364109883,3260.5245739554703,2943.0581583038365,2945.670611522976,3167.5500161999616,3576.2982608889747,3111.910015056538,3113.983929045823,3585.0948207552897,3409.022509253773,2769.520834086728,3021.975310814692,2647.2704436086924,2758.285340902098,2961.369290524103,3145.5238267880504,2917.3533951803906,3094.5146541956506,3275.8644245263054,2978.039839763713,2112.3066635174328,2541.7427028531333,2887.5874444639217,3079.59580278478,2418.413739897681,3014.8313752823697,3123.7389910754714,2946.3163041911534,2808.0887116554427,2833.193593287863,3114.7832502755327,2970.1624064458583,3102.462184148798
1610555722.67fhKURdXVzRbLIjXmjRwdJHTnE7PWb1AE,2679.4906559921583,3425.908201418336,2766.169919495253,3450.4467300489778,2879.8188426666507,932.120312469095,2832.5502600068075,2741.680972657197,2674.7431356564252,3238.0212194321393,3125.646390735657,3181.673189964865,3487.327827373911,2813.4800795967262,3133.038018469233,3538.5022549114565,3089.9993544175527,3264.9114709185715,1969.7111738258745,3205.9836981620083,3002.6388991458766,2864.5680691447124,2665.816157298584,2705.9551866724046,2740.223534370266,0.0,2823.968343781757,3129.461290817098,3539.6905219837263,2587.702326623809,3255.8421196717527,2348.6155689896786,3554.1956858895505,3712.8891922767234,3455.9792288998333,3111.0992505065583,3525.6929335186346,3613.4230418578013,3203.372624189534,3107.516056553253,3561.5966177117143,2979.2846446168905,3228.216099770316,2941.841297744571,3193.731151816821,2879.156977223745,2694.4453594020783,2795.254887006655,3343.467704222405,2898.1755951609475,2960.219584267745,2643.1982560952147,3350.9013487513266,3287.059609166264,3197.417574735776,2545.885792378918,2962.390893433346,3198.930111021292,2896.797042591624,2091.525899898976,3027.215467333299,3215.595302370077,3572.089356863314,2772.100676961989,3442.248020178885,3088.4231516464192,2869.0894709742397,3092.1119482013914
1610555638.39J2ZWBLuLTHP0jOlzB4tNHmYeijH5g5YJ,2319.736380091384,3356.5202008470355,2286.6711913741824,2799.533480861648,1663.797861303669,2791.8462777348127,2373.076039501991,2444.7483899251692,2392.79328093909,2595.3058982617345,3256.0152957904015,3281.469448408266,3118.9210074266452,2567.8990478467654,3257.7528620909206,2695.471893830223,3407.754996443409,3416.8662835618607,2578.5440664449775,2511.166100548471,3241.5204039350374,3405.3679624628303,1944.30693872464,2413.259723392631,3038.3673831895367,2823.968343781757,0.0,3360.832490559906,3320.1355449990283,2407.5527620283337,2339.3829833463687,2343.7623396730814,2943.239171465423,3136.309077940222,3031.744630963727,2930.398845012171,2846.3691555794976,3025.4462768160606,3377.640999943091,3101.6824309261497,2607.4125899301835,3435.9262373354077,2871.4011227888827,3258.972624773662,3313.616060932353,3490.1957117875004,2695.96985949741,2699.808582322219,2639.780723445419,2545.338240734127,2932.295983454322,2373.929551619777,3215.3814332111206,3525.2921946282004,2572.2967097756828,2681.874781432497,3142.7645427264515,2863.6132847281883,2906.0231621601283,3000.968027047075,3383.897783082531,3539.0439126452407,2997.534854962603,3371.7853113953697,2812.211233317398,3608.136499094317,2497.502808329348,3361.9991282461847
1610556032.17Q6yCDx9g7alRnL9jBFXD2JhhUyB2hKfJ,3027.860668785209,3375.6351010340773,3063.6522087530366,3061.8721337865745,3171.4066688713415,3261.7027527547607,3257.094495409746,3061.641985614995,3018.3347087192856,3360.9325772497014,2859.393508386396,2225.1020044742863,3603.4971695975646,3160.164325723833,3442.100788174317,2743.5111859565573,2760.0215918366653,3088.5496585653864,3196.9508379475765,2682.372974490354,2249.296774598546,2475.493625303983,3384.7479927178647,3059.7252001971915,3210.4659425077634,3129.461290817098,3360.832490559906,0.0,3090.674227355852,3486.158462339455,3413.6575384359026,3330.4636559651017,3332.7496637466325,2473.8403441485484,2980.1722937759146,2617.5854572162075,3242.4682808766756,2769.3125895348617,3043.759294775211,3181.9366622673288,3613.4247391271792,2211.73331316359,3174.697953747667,2438.387640353634,3284.9337627409654,3072.217946948089,3206.355954019013,3119.8875352692676,3289.379090345726,2866.636926863847,2714.866196812633,3426.6403848137475,2947.425067016674,3018.54259012806,3334.3475011999435,3392.7526440100664,2859.183884872599,2723.4999536064847,2604.027593214491,3357.5626530067543,2670.4325639119534,3024.214265095382,2814.103717523425,2661.7844457864326,2888.3271244884086,2765.4575974310296,2885.907300468351,2595.3124019212705
