,1610555604.25mOvVXuL01OCiReyVWBfesjuvXmB3MoPy,1610555605.43B6oDsBtWRQ29Q9UMQuTUEPZy3FSSWXzc,1610555610.92HPGJJSmyPM40z7otPBgHalNrHFA7zk5d,1610555606.68LaSQbm9EHAFycEfFtEqAwYqlBsQPjIRW,1610555617.19EKxMEwDHfXiEJZc27TsGoERaD6Da4BZU,1610555722.52PJ3FD50MGhRXyUD28vluU8Z9UjLJLZn4,1610555617.52Ijr5puT55g9apK8auM7zaxa3NANg502t,1610555638.77ZLjTLkz4jYJdFMI2wWBztzsDILkoOtAk,1610556912.46C7tJPLF0XfNnm8f1820X9aLmXMHoc0Dw,1610555617.51LjzIROg0aeCP2GhDcAVQ0LipKJB9jmKc,1610555608.17OpjjHobqRkX0UPcaXrbu7K6L3805SZri,1610555721.82zWeNZfGUUfRJkgnAwlP8VMhPzXctnSd4,1610555735.75bom85BDF0C7W2eIseHeMxi24qR68nzMi,1610555735.77NnT5xqKnwcf2BbjIekeb2arTQj6QMNwk,1610555638.33wjf1PhdNaoWfbRzXVn50hmFyB5bYAiLV,1610555606.65jCE4ig8Pu8kvAzkxnSGfWsV0nQBjCf8H,1610555608.18ONsBCVo1i7BrX0XG9stct4oiA6ejX9Oz,1610555721.51RNoQUMP19FTMS79BmA3JkgSm2IC2AQuQ,1610555971.86O0cHB2ibBJ8jxoObg01EpGe8VVV5mpwn,1610556911.51zU3duZSGpcw1BDNsBLxdOCITAXwl6z3i,1610555988.71dMoYT8250UHHJGxgmITTmbHe7V6gH1yU,1610556042.81mlUZsSp7gbGjrp8jQSnybT1gPy6e62o1,1610555637.02UBW5nKvDyUrKnaWcYRGajZPxTRDS0q3N,1610555619.13oUYNikU4facCTpUSiSLr0vPI0tJLnXiT,1610555721.03nzkucfjAUh31zTbmCVvTVYqtjoxZFnBh,1610555722.67fhKURdXVzRbLIjXmjRwdJHTnE7PWb1AE,1610555638.39J2ZWBLuLTHP0jOlzB4tNHmYeijH5g5YJ,1610556032.17Q6yCDx9g7alRnL9jBFXD2JhhUyB2hKfJ,1610557007.49MyVgDnuUuBxrvL6SGOdhKf69VYlW1MSm,1610555638.44hjT5hbYdKoE3MB6hijrjqbjmLgvCUYKD,1610555608.13zUvmFSCRt6SsLbhqFznMEvGx54GPGQzM,1610556038.62a5C4ynd1AARyAhTv8a58NCqHvXRjscqH,1610555644.45Xse8u7pusHNsd7F3d0A32HXvXr6weOJE,1610556038.62gKXOCG7XCn55eJvyl5voNjbwOW0znQDq,1610555987.13v0oleKK97pkesp6oMgprH8SoSdoDVdIO,1610556964.96ZLLeiQW0qpmxhPGTg7K03fmzkqsC2bjC,1610555987.13VQlEedQ50VvkPMEMzZDv3KNnQCewykN9,1610555982.186TY6MMGkDecIN1woW6vsfAMXVV7jnyjO,1610555982.673LuMndkwkvdmZOn0MmE2Pkidx0FtNalb,1610555733.38zItcuH7gHNfKdALR2d9Nek6bxCyw36Vm,1610556034.15BQxSbZINGCay0yp6RBVlgcPrw76Yn9ON,1610555639.37BPZpgtGml8qUsh9AdV4m32jPLfI2aNFq,1610556965.57S0adAalhWYe6K3bkZU0bRHbqnDK8gGkR,1610555983.54zteLPCMjyrjzPdhHhlZr3faCgD0TfYr3,1610555987.79rHnNRmt9a0ufmnwCvZqBouyUoZDNpylW,1610556960.041xWER61rmArlsKfiMl4frikWmUCnQ7op,1610556035.13a7NHZDutfTMJ88qle1gTYY59Dr4WmMsj,1610556890.456ZBDaY16bMtrTZTqAgHl3wq1tRxzqDow,1610555760.24e6890pkbyZ97Or6croI1rQgjkSsR0yVt,1610556043.02YpWMIJg3W004iqlPyv8OcVAZdSC5rNYw,1610555987.03z05P26TLtONYM1HSzupoc2CeNMa6HTqr,1610556032.15OYCzUxpsz7b10AXBAuDXrvEcvxFhf0M7,1610556032.63Z80yI9pNwS3jSmsDABbuhf8wkNa2Ze9y,1610555736.28eGuESasTXdR3SqY6pHhEXWZtcdciYLCO,1610556034.61bebeZA0MkaFG2sm3VKiqrxeqQginTTW0,1610556944.5XwXOphKYT3ZkWA8gViqOS97VHVuMVUqb,1610556944.745UVLFBzf7fPh4UH37I6tYQOFPqRDytEh,1610556034.63XsUwaFaPZevO1JNFjfhvY4aKNFnV4noV,1610556964.89xwBHw9faT1HjQRMNQEyA4qJ3hWkwgj3k,1610556966.74DydzH91jtyvRyYau47JpVkZoMRSNTt01,1610555740.77UueVziDbaXyRR4OcVJIIZyzOfAzN51bj,1610556046.84e3vwjyRCzqz0wJQhrk8zsxlFfFSv98Df,1610556137.99eoPuVrDThKAOvmeprLPb2FWRqIhzUodc,1610555740.73XFwSrmTXJPlaxGZSefh0jOVA8PI3III1,1610556123.88AOfNaz9jSnqU5Czc7okOv1RCrYfKFBTo,1610556046.85nB7NvyoYQeLcOV391Lmmut1wAM8CFGLw,1610556123.89H4pdIAzDthI7bMXMhlIhKUYIQIvtmPPQ,1610555740.87GOYQUJKpkynIS2lFqppYK4b32ol7NeGh
1610555604.25mOvVXuL01OCiReyVWBfesjuvXmB3MoPy,0.0,15380.73570415975,4791.583530883248,13913.391089442177,10545.288606957405,13099.405666086675,4728.26052094686,3733.503624528506,8870.962288989811,24785.28671319015,14078.583345821151,14470.735197708575,19894.718214570832,6107.661618711,12911.03949475772,19906.549058655168,14356.365841385566,14056.621595785226,11666.888841104957,24804.32565548682,15554.664787558722,12821.289563306138,15970.421802306457,3611.0390064662806,15467.08139631987,13201.115925791693,14281.395911746895,14338.61741918155,17417.86022718883,7098.8198885991715,20799.076129608417,6716.937243389792,22512.407066955817,20690.823698239008,18230.766889062685,16007.755516628167,20990.310705346383,20700.637769718003,16525.608029376548,15401.780803247038,16434.54203158229,13413.691948976255,15215.40266809534,15146.70530242442,16253.764908034922,13915.43461883626,19112.395237719815,14531.176090268538,25170.786655312935,15072.737210217922,19023.630824358424,14155.50079951424,16426.806186669994,13671.897912860826,22618.763743819156,11495.574100567299,13909.454915309223,20410.181352396048,18814.730065808846,9492.731397671358,14215.296336275087,13029.89224217393,23921.33188524066,12263.9535793414,24361.261681323966,12928.625226135511,15546.370434731594,13320.789537101695
1610555605.43B6oDsBtWRQ29Q9UMQuTUEPZy3FSSWXzc,15380.73570415975,0.0,16221.134610041343,9002.274553131312,18522.278743010582,15030.675967130624,13931.719641821086,15621.090410913146,19220.19724069566,22733.46654484267,8858.302387708467,11427.279390034308,12230.079978682748,12690.043558161537,11216.629739417496,12472.662018881134,9032.749141197593,6760.33411134956,16786.41945440152,20004.07864386926,11386.36635935027,11419.626855511618,17877.797206228275,15599.625790144708,13222.249446608865,13409.135894680094,18498.21559533163,10074.722199619311,10620.376122420486,13219.859642863732,19388.677343750034,13005.37692066311,14363.240079977952,13124.348478292688,12973.112515918834,11367.69145727194,18678.080331662943,11967.215390706077,8306.480503303228,14664.3619833111,13190.412836758842,9881.095129822079,13494.08494350172,8636.409867294893,9156.26815820438,7420.654872573101,17304.928005781807,17186.99868388638,23644.35184260688,13824.689499556662,17037.38506321901,17960.794401663527,10288.49479143352,8151.015189710595,21010.671651676897,12717.07044210754,13772.09859844973,15475.561083270772,18179.470283428367,13750.148879907636,9629.685762852381,8460.794295827767,16497.032347747845,11278.116999064905,20530.824529288562,10281.302220264759,14982.509658361882,9734.036565258653
1610555610.92HPGJJSmyPM40z7otPBgHalNrHFA7zk5d,4791.583530883248,16221.134610041343,0.0,13465.858207618065,9317.437828347589,12860.430074194777,4903.818769443333,2928.9279736932585,6276.581870468072,25028.434992647297,13585.277201609657,12991.64390409151,21159.216553916085,5718.844641826488,11452.638754359197,19145.916248883423,13999.192644909543,14195.534908716181,11686.280275387911,23506.04619862362,14001.69678454344,11258.689287262328,14987.776319127515,3092.107987773273,14069.182279235129,13448.700809023007,13204.912158563198,13159.499535968416,17247.25410807155,7275.652741854007,20717.042295763214,7765.990096194591,23652.030253732955,20270.779925314684,17044.046211366658,14684.474396027294,19620.705108862243,20576.490938690415,16714.970830593604,15786.949177567756,15003.099132417074,12398.789378633555,14023.554428053498,14786.447767671803,15309.888593095913,13539.96192691747,17564.154804803467,13057.6318473242,24849.140543132802,14076.583162301742,17257.381656699545,13488.262404456305,16690.003796684596,13194.813892756261,21611.083855609166,10376.367608799452,11862.588285749425,18703.48137706904,17680.208259466726,7441.402737142615,13538.771923799251,12359.975364350961,23621.879995563377,10536.195472394062,23618.272414570474,11925.260463269717,14774.485987286645,12611.67855110167
1610555606.68LaSQbm9EHAFycEfFtEqAwYqlBsQPjIRW,13913.391089442177,9002.274553131312,13465.858207618065,0.0,16282.31962083552,15076.315343888029,11637.473288343715,13347.397301359995,16331.304757267782,24205.95143157131,5032.137798080496,8012.026735852647,16466.337977240608,10104.642598568476,8166.7952579830635,11883.513409811825,5804.154454183465,7813.530810480356,14214.553327018266,19254.98119793922,8476.691622549726,7543.225887045738,16355.515502120277,13347.770638419592,11977.07130013281,13651.771161456638,15662.631430250472,7335.422722399984,9463.8321247533,11711.613682813846,18496.03231344951,12013.007690589879,18050.42396734781,14200.096879385197,10437.385165625426,8661.79303231903,15542.788979518082,13645.107077145129,10543.217672267969,12159.866497120724,8567.180866304478,6178.214467562915,10214.589076251761,7437.58488764784,8167.186856448543,8300.467964450438,16543.5730558776,14591.192733214148,24246.577620560387,10526.692601631652,15147.984294721859,14706.690695956037,12974.8177870054,8364.692436125903,17993.367145262033,11999.855938539411,11245.39781878686,13169.2038338312,17323.01764506148,11773.82705494963,7349.628259184204,6832.846458616484,16555.364904301598,7506.746574794282,19887.08529259707,7751.890022081048,11826.656319719043,7193.12861244174
1610555617.19EKxMEwDHfXiEJZc27TsGoERaD6Da4BZU,10545.288606957405,18522.278743010582,9317.437828347589,16282.31962083552,0.0,16366.976069439106,9425.789508400207,9432.578430585843,8983.821793424662,25463.81299782483,16994.670288442503,16081.20983720324,22535.052163651417,11407.787814035943,14612.511638496231,19853.22750733837,17324.766702858145,16531.672204225073,16788.34366374507,20771.84900132043,16393.64030086014,14635.17339603531,8928.89683540859,9680.317842023762,18194.80043479255,17391.052647647302,8079.445791556862,16536.246016453326,19730.91030712233,10361.128464663021,16518.647726845324,11090.378331786473,23744.330922575904,20932.28039105405,17462.310534970573,16255.180660673976,17815.9723365668,20654.89879429725,20466.630587139058,19910.91247410724,14840.92262671344,15907.542572342416,15572.979769201798,17739.502710230892,16854.51553914519,16708.34959271022,15369.7073837726,17413.276378683364,25074.295729623045,14472.60151839801,19706.15595065,16053.187692838448,20144.54511846248,15245.036099970916,18640.670740922335,10751.865268054098,15657.081883001532,19678.46841735635,20487.62076355188,10116.909712008404,17136.74525039813,15476.614376725074,22519.690717475285,13922.47970354997,23424.791390399852,15282.630725892355,19192.55288892388,16278.644786164801
1610555722.52PJ3FD50MGhRXyUD28vluU8Z9UjLJLZn4,13099.405666086675,15030.675967130624,12860.430074194777,15076.315343888029,16366.976069439106,0.0,12150.750072891855,13039.48424983043,12635.500231725928,28739.026580896956,13243.97064396342,11916.99524036831,19413.877654345564,11637.440250889222,12058.285078623632,16703.90050787811,13310.189842500195,12397.864289701758,10258.085652475602,24089.18936233385,12366.809530362558,11598.909814716677,20202.270209062543,12797.559597069338,15958.302019621937,4600.168792800094,19332.85661266223,12029.07280962941,18114.217150939097,12381.08997472378,24030.292027788328,12417.966284857508,23481.816324177176,18880.91826558995,17988.03465884435,13361.128191816346,21934.519340694136,19447.819941083875,14816.563693129816,16302.866764705559,16763.60154329448,12401.77855111127,13966.859427461464,13971.569608354925,15767.960654078865,11826.441898165987,15439.220700142165,18273.777525054204,29131.436878975113,13987.634881111437,14125.170313540682,15874.71366013919,13891.62598114371,13799.704386731582,25023.584238114046,12448.9676677735,15926.94546396651,16528.498207727687,13112.150153627043,11808.96461631676,12386.748369314993,11998.14602004095,24075.123781885104,12014.094571779739,26724.690933334197,11204.330700931856,15232.139260592516,11955.413706017138
1610555617.52Ijr5puT55g9apK8auM7zaxa3NANg502t,4728.26052094686,13931.719641821086,4903.818769443333,11637.473288343715,9425.789508400207,12150.750072891855,0.0,4290.817158597087,8529.992382071508,24200.05969534021,11661.65814091838,12296.63376316566,19038.851990849387,4566.2527640241515,10871.44707922353,18026.404524808786,11954.97380415027,12149.682776846501,11589.87679416069,23131.813813158256,13037.284360223195,10177.70268478807,14267.847596787647,4187.7527741766735,13342.26451839613,12010.330650799555,13104.249899181365,11884.334030770608,15119.361778429116,4906.387694900263,19964.884022313447,4960.456582487744,21637.170450937407,18929.26580192736,16107.098378790222,13495.396228223091,19423.30891298209,18945.678040052186,14748.64995271217,14673.050148030065,14174.896745363907,10749.026611767049,13439.087309912995,12713.581661656915,13877.271497258533,11740.392590124346,17010.38935060811,13428.249129585347,24256.085007280406,12911.09527268624,17285.041398851943,13476.034388464765,14909.366090850626,11975.759026631815,21382.811737881868,8933.110385944698,11661.489906151515,18271.64838473181,17650.956827051377,7081.09113735428,11915.702299047749,10823.749238287652,22126.326849563404,9639.05180097963,22913.26574455776,10454.824184400688,14396.754052757531,11040.077749623053
1610555638.77ZLjTLkz4jYJdFMI2wWBztzsDILkoOtAk,3733.503624528506,15621.090410913146,2928.9279736932585,13347.397301359995,9432.578430585843,13039.48424983043,4290.817158597087,0.0,7416.371111089137,24098.66187518343,13558.479017850266,13499.867006707695,20192.497486750424,5121.37326983382,11890.75064808248,19170.874829523662,13900.849231277847,13894.186914033673,12085.012033869942,23811.366482484293,14556.56838180817,11736.721114084228,15045.14291449672,1819.357614651235,13959.409202062257,13385.2492559172,13492.399264517153,13492.609650753802,16979.778198304393,6779.73887988421,20582.164447004452,6911.70414271969,22685.859688892917,19937.73842687844,17272.416320965967,15119.137516145182,20096.306347513753,20182.970975091856,16114.69974321215,15483.659874146968,15345.392333713966,12611.971720326505,14505.41907974775,14758.068778807285,15517.30136571819,13528.197321901527,17974.762147492227,12942.407943817108,24177.52233152768,14365.432320889337,17670.362136347656,14041.618773056985,16069.588767793779,13193.797503751905,21877.744535169182,10608.956285238866,12160.96372080101,19160.260020659163,17796.172802314744,7937.8206971911395,13750.381980767961,12421.08464549219,23145.399563502924,10936.255746822666,23150.70535721473,12149.919666034133,14855.841806314058,12825.427559777661
1610556912.46C7tJPLF0XfNnm8f1820X9aLmXMHoc0Dw,8870.962288989811,19220.19724069566,6276.581870468072,16331.304757267782,8983.821793424662,12635.500231725928,8529.992382071508,7416.371111089137,0.0,27354.920492369318,16153.265396325889,14251.544323648977,23663.102103252804,9815.989153770819,13189.082419614277,20046.485533973675,16403.951961672265,16591.782383765974,11708.187570700018,23713.673176135577,15157.651977262136,12987.413070951117,15823.950906592476,7321.285484731326,17040.257152764323,14394.159833648777,14115.744445201446,15071.337858928717,19888.931005358492,10375.238536497915,21899.604435692658,10711.675233709717,26134.570022763623,21466.469030466425,18390.746142080552,15752.878692309323,19728.075193828783,22136.402788626663,19548.25063297703,18083.119034559397,15929.486081872195,14684.203736507972,14411.72907861501,17103.444813437363,17463.337761732546,15909.248341095681,16102.918872685927,15774.609988397297,26659.823453240846,14616.231893255273,16855.966673043276,13374.367422533493,19391.61844080492,15587.521619793199,22117.62858627523,11664.535733891282,14818.69933146871,18717.961918203473,17403.975210632805,9515.923444288836,15668.725902326847,14711.286968630546,25055.93262342802,12484.276752386999,25411.317561516295,13645.570761074654,16805.178503554922,14837.53139762095
1610555617.51LjzIROg0aeCP2GhDcAVQ0LipKJB9jmKc,24785.28671319015,22733.46654484267,25028.434992647297,24205.95143157131,25463.81299782483,28739.026580896956,24200.05969534021,24098.66187518343,27354.920492369318,0.0,24351.679466285463,25824.29612207729,19606.54261034227,23421.85772228478,24816.745630903355,23675.85917167139,24546.419753594273,24995.579279783557,29968.7088918005,25989.837889825376,26703.568384983602,25115.325869092685,25164.64330025821,24450.630611853758,19117.61477880592,28538.18959268908,26770.488019277676,25002.94938490945,23775.89275269511,24249.836172189833,27126.099430169106,23497.831597474455,16446.380056645237,20064.59598980573,24463.45981839382,26910.941860567473,27243.189817520077,20656.512600959722,21526.939382873654,25290.064232894092,26174.46941189427,25150.06436468894,27955.075442237125,25102.055482463547,23933.69823759315,24085.871403670015,27410.44375038937,18891.3315110089,6671.772684530471,26300.613036390754,25220.93391963814,29569.095958627313,21260.85569039794,23187.554916727513,27586.50779108232,25898.82445762216,20774.609988772972,25415.66831998481,25417.74484351654,24085.32911308824,24987.48966269171,23823.13935416989,18595.909690589026,23661.131692696883,11795.719841876136,25018.550778060468,23878.548630411166,24782.020607045608
1610555608.17OpjjHobqRkX0UPcaXrbu7K6L3805SZri,14078.583345821151,8858.302387708467,13585.277201609657,5032.137798080496,16994.670288442503,13243.97064396342,11661.65814091838,13558.479017850266,16153.265396325889,24351.679466285463,0.0,7670.758377417828,15616.77558859507,9879.683778056118,7594.077347678559,11414.138300123886,2785.2099741473394,7778.120911882407,13022.14954996623,19995.95444358982,7782.102526519707,6577.177629778096,17564.872987694194,13556.463203264295,10581.191209296965,11529.093430732175,16994.681236877816,6278.474865563645,9117.811396970741,11610.027830551851,19972.07503905379,11831.043426663202,17961.979485737,14001.714025622725,11096.402341165198,8172.289720676023,16468.221164344755,13500.850050512427,8986.350315829404,11202.966145682896,9953.849492471383,5191.137617996038,10185.234080060023,6914.746567464883,7900.297933114694,6589.300255976115,16385.909880177067,14269.642949339705,24339.04322058216,10198.096658017928,14311.544541354804,14534.21827287905,11387.254417788085,8437.181744392821,19444.14708343549,11674.201233587,11159.904161440985,12569.685735402243,16168.438235135027,11403.402706372963,5255.520896944538,5733.453704462076,16966.42778761775,6778.383015312672,20360.58629087388,6250.206346911764,10984.26606404009,5439.125869266361
1610555721.82zWeNZfGUUfRJkgnAwlP8VMhPzXctnSd4,14470.735197708575,11427.279390034308,12991.64390409151,8012.026735852647,16081.20983720324,11916.99524036831,12296.63376316566,13499.867006707695,14251.544323648977,25824.29612207729,7670.758377417828,0.0,18217.20562868792,10758.568092579895,6239.5263108305135,10397.402313735138,8310.479772804321,8144.918139366506,13042.425132661872,17335.250413816502,3654.5344212718755,5023.852551254068,17090.507481512137,13450.854192008066,12435.5718928787,11568.020618138764,16439.405670981116,4904.206973025136,11795.736786243295,12936.192153302889,19824.07277850533,13406.43779095131,20222.603711096286,13300.022480745898,9261.434712146114,5828.812686388508,14604.4287673428,13758.325692102373,12308.671978051403,13784.570859692269,8910.808721602245,5230.261755430247,8517.328737475287,7378.3782974055885,8678.137744850132,7586.308552466163,12615.390497717897,14796.939931912171,25378.566750444905,10667.47418107551,10369.261899970768,14018.84151454892,13278.493412649004,8493.78823118852,18477.551193181887,10839.007523671224,10825.49669273687,9162.940433655036,13263.795799248308,10642.778307447172,6708.274571136516,7238.64630570916,17833.57667419239,6453.801812929707,21116.99084439239,5972.065099923307,12089.343548742141,6323.49023257245
1610555735.75bom85BDF0C7W2eIseHeMxi24qR68nzMi,19894.718214570832,12230.079978682748,21159.216553916085,16466.337977240608,22535.052163651417,19413.877654345564,19038.851990849387,20192.497486750424,23663.102103252804,19606.54261034227,15616.77558859507,18217.20562868792,0.0,17419.017835113944,18156.34271642408,16738.883508459847,15207.145327720871,14503.816045116935,21269.757766406525,22055.80187732605,18563.162507010635,18051.231567170067,21465.2278182072,20419.867795490412,16592.0742237527,17958.431929714443,22062.610942377592,17221.068960402743,15047.835013084094,18327.67432165725,20909.24542065062,17817.737658017566,8182.422508875823,16809.91434514709,18261.003195887966,18808.181421458394,21840.10982384978,14919.29344908926,13112.973434834428,15157.810262327335,19412.23102623717,16896.111760180964,19095.857507527893,16394.407288433576,16448.267885067737,14800.51893869862,21780.96708847901,19551.538860807454,22031.750336257384,19531.678274936014,21774.012894009076,21692.422814446014,13443.56808012796,15446.489008151493,22936.20949906573,18883.323872656656,19502.084707939957,19591.133926929826,21664.965213412226,19287.174772585004,15759.076536007928,14850.328094307622,17207.72568663284,17351.48684506993,20772.983424478007,16535.31095287909,18874.767367823788,16251.015829926
1610555735.77NnT5xqKnwcf2BbjIekeb2arTQj6QMNwk,6107.661618711,12690.043558161537,5718.844641826488,10104.642598568476,11407.787814035943,11637.440250889222,4566.2527640241515,5121.37326983382,9815.989153770819,23421.85772228478,9879.683778056118,10758.568092579895,17419.017835113944,0.0,9541.509457082126,16443.074762519944,10249.229691706669,10678.999341364373,11157.689321113696,22344.855261328823,11712.509536070393,8966.946015366557,15267.114283353292,5409.286356286063,11492.070462131567,10953.706511984632,13860.41234051574,10309.422210657172,13788.2231898906,6770.7171415835155,19767.550552331926,7047.703183433779,20206.051163836364,17789.463902783642,15054.152269984927,12343.404387041968,18899.424182192375,17650.077636867063,12766.777897064148,12760.753387476658,13359.71509035757,9273.614610107825,12662.950467820529,11393.449843917362,12713.32823970035,10221.26187052825,16991.11307686701,12353.851088611322,23733.635271294643,12545.379044378786,16013.546850575523,13734.431885685743,12918.93564172203,10939.21361812883,20900.391489189882,9651.688199345239,10578.760679316058,17012.391744701195,16267.307813262532,7369.919229723659,10327.176520791407,9181.589485877983,20970.88192076813,8282.120854847064,21769.46689613456,9099.602677752291,12900.009004870208,9472.74127313932
1610555638.33wjf1PhdNaoWfbRzXVn50hmFyB5bYAiLV,12911.03949475772,11216.629739417496,11452.638754359197,8166.7952579830635,14612.511638496231,12058.285078623632,10871.44707922353,11890.75064808248,13189.082419614277,24816.745630903355,7594.077347678559,6239.5263108305135,18156.34271642408,9541.509457082126,0.0,11814.645769534489,8232.668855934086,8825.986364126382,12993.16967112401,18312.496254840462,6620.856802691481,6539.901405929141,16121.051227997925,11938.511230438175,11617.343569359504,11925.67901026119,15118.500818169627,6444.311376383693,11973.85856331467,11233.114440185449,18997.41292824932,11797.66223923625,20109.486085278815,13677.585668087168,10186.188366785342,7494.018859282265,14947.775792847167,14330.471677088077,12264.340649142334,13837.78905082213,8815.97449880965,6803.32542686936,7834.361002424722,8716.807995531432,8285.332192444454,7769.867044457046,13240.2882687342,13501.97949119823,24474.252594614474,10206.945798750226,11466.35170483246,14044.15337003489,13772.975431777919,8336.512933407197,18484.554234414463,10356.39842194892,9654.789752816077,10825.800015996392,13966.76792600851,9199.843191544403,7733.935450098811,7134.874439291248,17826.699179073825,6372.894141254622,20458.66834216989,6554.468850686814,11700.488714190673,7052.899928240354
1610555606.65jCE4ig8Pu8kvAzkxnSGfWsV0nQBjCf8H,19906.549058655168,12472.662018881134,19145.916248883423,11883.513409811825,19853.22750733837,16703.90050787811,18026.404524808786,19170.874829523662,20046.485533973675,23675.85917167139,11414.138300123886,10397.402313735138,16738.883508459847,16443.074762519944,11814.645769534489,0.0,11674.188381204813,12240.578159326189,18018.884328519114,15472.540850573041,10446.375962172995,12193.163840558193,18897.843713746424,19239.661234152354,15248.922364298936,15960.096507279151,19401.559390537866,10843.291788986775,14135.016085349236,17949.833508715845,19108.589975534524,18013.97521071897,16343.254066678577,7903.995375631159,9045.55050774302,10050.300045363709,14051.867182173275,7300.115875989361,13750.51922223572,15763.307455079193,11252.786536487207,11606.388079409251,12775.67948362853,11897.59702807754,10914.64319024185,11623.148397255118,13675.828518144268,18051.504901198405,23073.72359723987,11464.620291767062,12805.18966006036,18090.770016038317,14099.421862345462,11659.007376856995,17623.101376520768,15985.281859171557,15789.537254899247,9194.429157324963,14975.03167367682,16648.396782750267,11201.396470611448,11487.805472336562,11135.914038742505,12361.184795235291,17458.93869220142,11896.356751357196,13718.807318488076,11401.88827456197
1610555608.18ONsBCVo1i7BrX0XG9stct4oiA6ejX9Oz,14356.365841385566,9032.749141197593,13999.192644909543,5804.154454183465,17324.766702858145,13310.189842500195,11954.97380415027,13900.849231277847,16403.951961672265,24546.419753594273,2785.2099741473394,8310.479772804321,15207.145327720871,10249.229691706669,8232.668855934086,11674.188381204813,0.0,8083.753616148547,12809.845086700167,20495.799704365832,8327.33812109444,7282.209307522678,18026.164542747018,13888.383094759332,11217.080624863438,11583.138840932004,17401.66925736836,7022.821048353685,8554.284435165166,11854.37568527053,20288.468761201762,11960.83905587137,17786.187997224064,14309.324436772535,11439.286197669475,8524.968415305178,16635.175426358644,13726.27567078562,9112.17525866703,10635.691852103724,10258.284474200605,5695.150481727784,10085.707421428873,7185.038352338139,8415.42561411502,6808.444601765658,16623.361466740214,14687.52348619908,24547.070980869827,10117.030749447964,14727.104491618325,14225.869306479079,11741.69778747763,9140.741584213885,19698.907816615632,12067.636826249442,12000.121321568222,12879.0465457627,16611.605348186138,12027.432527332232,5355.6961995117,6065.60865189349,17131.54747709494,7283.712960477269,20719.078105278244,6347.937027159072,11056.336944177736,5712.38745677243
1610555721.51RNoQUMP19FTMS79BmA3JkgSm2IC2AQuQ,14056.621595785226,6760.33411134956,14195.534908716181,7813.530810480356,16531.672204225073,12397.864289701758,12149.682776846501,13894.186914033673,16591.782383765974,24995.579279783557,7778.120911882407,8144.918139366506,14503.816045116935,10678.999341364373,8825.986364126382,12240.578159326189,8083.753616148547,0.0,14736.693907173332,19163.655480197995,8305.000112824233,8364.60461876296,16687.686948635124,13882.0540002561,13040.193955465393,10835.268776284287,16569.436598394685,7558.046426346634,11449.844056672682,12235.739102107282,18706.704464323208,12513.45041344548,17131.18501719972,14310.758896346355,11965.441241469287,8887.140646431304,17394.30708678445,13457.42285462731,10260.156703194434,13785.885617356595,11358.547373481275,7163.184502896483,10791.360854989318,7144.30973514485,8908.497311009845,5409.065319312246,14533.423602022858,16588.71492833403,25712.480726696147,12265.561651117272,14747.702649574656,16486.299942930793,11558.607685214698,8729.19672049032,20133.907153827487,10754.34075955764,12622.17927564769,13966.404277687243,15909.199678786223,11583.101154828435,7800.105720658418,6805.051331837644,18079.74340167576,9008.426233060443,21991.16007719707,7567.4810199226295,14383.611456256293,7726.481340019415
1610555971.86O0cHB2ibBJ8jxoObg01EpGe8VVV5mpwn,11666.888841104957,16786.41945440152,11686.280275387911,14214.553327018266,16788.34366374507,10258.085652475602,11589.87679416069,12085.012033869942,11708.187570700018,29968.7088918005,13022.14954996623,13042.425132661872,21269.757766406525,11157.689321113696,12993.16967112401,18018.884328519114,12809.845086700167,14736.693907173332,0.0,25716.60943391647,14209.300631264286,12401.866429997337,21266.38358066455,11723.65730442512,17651.190949543947,10687.254787730659,19169.237892475696,13413.73517685703,17656.690427081678,12523.497301778862,24161.572075843116,12201.77166008474,24872.83419614224,20826.720396991146,18232.770976143715,14742.87917217549,20361.955457436197,21208.676537546864,16641.262955495768,12629.490850150865,15953.045288640531,12902.70203651719,12804.138083129266,15092.94438348893,17016.044315468942,14170.38929349061,19020.864986846016,18003.061820159986,29675.68417828923,13108.115921782952,17040.459891284903,10103.861301552335,17309.51017192231,15032.462430643334,23388.11349803483,14753.897554267855,17610.92975813143,17872.78016613017,17310.909135172144,13972.661620761155,12616.659510438354,12959.574753802164,24925.65662829846,12548.140101545496,27546.805388283356,12022.051319263748,13091.586903549862,12268.403959194364
1610556911.51zU3duZSGpcw1BDNsBLxdOCITAXwl6z3i,24804.32565548682,20004.07864386926,23506.04619862362,19254.98119793922,20771.84900132043,24089.18936233385,23131.813813158256,23811.366482484293,23713.673176135577,25989.837889825376,19995.95444358982,17335.250413816502,22055.80187732605,22344.855261328823,18312.496254840462,15472.540850573041,20495.799704365832,19163.655480197995,25716.60943391647,0.0,17382.950556166637,19069.255770212425,16775.25975007924,24060.31667190222,21955.572728401396,24573.616657068254,18318.4587322885,18633.420106854002,20644.132612038928,23564.26094789842,14983.076759343327,24087.016711568445,20227.432344711815,16514.354649465997,13532.09300103706,17137.386640374203,10860.349560414437,16379.079249821505,22694.7886176769,24096.417748631004,14605.105442845936,19289.3567654717,17274.908160366023,19299.90353548685,16503.64823077429,19526.40390558348,14954.486552045457,24286.45968010357,25267.72497186938,19643.493439379792,19333.970266417127,23210.922526973376,23168.63155621156,17167.517285603106,11188.167793077662,19729.991590762736,20855.210460134484,13779.31058703626,23009.209266083853,21049.182406618118,19786.51731942939,18932.845343039382,15484.850408400962,19164.043050702996,20347.266984788967,19294.04607314881,23113.281590272793,19710.273847518507
1610555988.71dMoYT8250UHHJGxgmITTmbHe7V6gH1yU,15554.664787558722,11386.36635935027,14001.69678454344,8476.691622549726,16393.64030086014,12366.809530362558,13037.284360223195,14556.56838180817,15157.651977262136,26703.568384983602,7782.102526519707,3654.5344212718755,18563.162507010635,11712.509536070393,6620.856802691481,10446.375962172995,8327.33812109444,8305.000112824233,14209.300631264286,17382.950556166637,0.0,5955.353232489237,16778.95658110299,14544.61376334535,13024.234806080158,11733.20818255115,16415.781884895412,5057.3716870309145,11790.718623866782,13380.908755718685,19683.16304337566,14061.48269792768,20536.24004750035,13594.877539572019,8812.42078513302,4689.012217142195,14898.227944110273,13619.33877609848,12630.415565860894,14840.633339949556,8653.102801601503,5445.335237106538,8769.977998433687,7098.168649928361,7788.40485002609,7203.5143929196365,12045.929527240356,16067.801992688252,26134.041287862347,10386.119286188381,11647.692968746258,14708.55518146077,13675.135005181508,9054.71345751508,18759.48415962721,10255.662771614414,11476.507916008706,9395.92554933301,14586.116126426754,10899.53972517367,6857.836399604659,7522.739541389245,17943.364791907356,7121.387284240412,21808.099750435,6218.452515425737,13391.642757168225,6699.246138058453
1610556042.81mlUZsSp7gbGjrp8jQSnybT1gPy6e62o1,12821.289563306138,11419.626855511618,11258.689287262328,7543.225887045738,14635.17339603531,11598.909814716677,10177.70268478807,11736.721114084228,12987.413070951117,25115.325869092685,6577.177629778096,5023.852551254068,18051.231567170067,8966.946015366557,6539.901405929141,12193.163840558193,7282.209307522678,8364.60461876296,12401.866429997337,19069.255770212425,5955.353232489237,0.0,16101.944643291019,11740.921209391578,10551.343261159955,10833.540942345562,15448.60106340187,5115.0476173967045,11461.187168277313,10594.564171310238,19970.504053574787,11209.851702453656,20371.60677096724,14501.975071226732,10786.096121278866,7191.3243120070465,15701.9793438711,14665.412236088829,11536.444914616355,13141.29934251183,9738.390048111472,4209.488841308358,9281.97445014643,7690.67921278298,8523.65049106137,7018.761248917265,13705.875706240684,13102.34730893038,24721.225460310783,10502.445436733495,11953.219107312609,13773.234739066102,12769.64738838484,8353.406637780517,19230.200303923957,9424.165383953106,9267.453378707503,11438.317042833864,14188.332495882316,8395.97552149987,6012.633944201188,6323.6174521508165,18482.310285768635,5004.25078024319,20955.357472109063,5028.253488569217,11741.999539316092,5559.232837935247
1610555637.02UBW5nKvDyUrKnaWcYRGajZPxTRDS0q3N,15970.421802306457,17877.797206228275,14987.776319127515,16355.515502120277,8928.89683540859,20202.270209062543,14267.847596787647,15045.14291449672,15823.950906592476,25164.64330025821,17564.872987694194,17090.507481512137,21465.2278182072,15267.114283353292,16121.051227997925,18897.843713746424,18026.164542747018,16687.686948635124,21266.38358066455,16775.25975007924,16778.95658110299,16101.944643291019,0.0,15382.51665350793,19306.151310047768,20528.019561986726,6442.5018357316685,17597.15985278346,18924.152224526984,13890.763192515806,11497.96116398108,14891.260765836556,21383.07356295138,19877.29409106645,15599.642599892199,16499.299352217236,15186.754405712923,18572.371996585072,20882.59569808148,21430.30198922368,13620.703641779492,16806.698777997386,16350.824091647592,17877.311203764486,15863.938417817877,17320.109961489612,15133.241289149033,20112.101324503506,24774.787174864818,15719.687625377826,22003.0335807641,18735.17376795553,21021.952612170368,15007.782545692266,14742.49165177656,11526.762919300314,17431.565385272537,19361.14383756533,23655.97964979751,13277.978886729305,17924.22042303231,16030.177585093821,19524.006936505197,15488.166861281623,22020.695478373753,16597.08163535541,21666.206817425355,17464.257312954553
1610555619.13oUYNikU4facCTpUSiSLr0vPI0tJLnXiT,3611.0390064662806,15599.625790144708,3092.107987773273,13347.770638419592,9680.317842023762,12797.559597069338,4187.7527741766735,1819.357614651235,7321.285484731326,24450.630611853758,13556.463203264295,13450.854192008066,20419.867795490412,5409.286356286063,11938.511230438175,19239.661234152354,13888.383094759332,13882.0540002561,11723.65730442512,24060.31667190222,14544.61376334535,11740.921209391578,15382.51665350793,0.0,14191.338285829792,13200.271366115685,13867.67045363515,13492.34151342919,16994.15909091621,6594.503066389796,20916.79660584844,6614.2629369676315,22942.92226451163,20014.369991896638,17442.912282527395,15079.602657426958,20287.07975281614,20332.313551588122,16106.721350507738,15545.00996052604,15483.040030486298,12541.879005230743,14582.002139004077,14690.837091332383,15661.04475318727,13548.762267832855,18101.006267439272,13182.680802909386,24522.30060048229,14263.674062001965,17665.49292088723,13867.74350009096,16074.346725859403,13213.0599085043,22115.130765931543,10695.782649044453,12335.51661119754,19238.951143744747,17735.045844892033,8038.128513225813,13740.11476242364,12416.622481381097,23387.387572851043,10952.022269374664,23488.409654575862,12175.936057235087,14711.616696251314,12787.071307195296
1610555721.03nzkucfjAUh31zTbmCVvTVYqtjoxZFnBh,15467.08139631987,13222.249446608865,14069.182279235129,11977.07130013281,18194.80043479255,15958.302019621937,13342.26451839613,13959.409202062257,17040.257152764323,19117.61477880592,10581.191209296965,12435.5718928787,16592.0742237527,11492.070462131567,11617.343569359504,15248.922364298936,11217.080624863438,13040.193955465393,17651.190949543947,21955.572728401396,13024.234806080158,10551.343261159955,19306.151310047768,14191.338285829792,0.0,15037.177424996222,19406.383679972856,10936.890704350375,13501.005998858755,13168.597741578667,23123.951211133022,13346.402789918635,18361.464376121232,14969.760861054148,15042.624609872026,14169.236963436804,20512.409936137617,15453.992964502284,9662.820669459818,14899.72887515415,15633.601650686816,10905.345621727316,16102.323467275306,12673.911079956915,12399.632603311717,10744.700484182398,18779.213036980884,9648.55568732089,19242.15404079149,15706.852085004584,14449.791160520843,19395.154248689974,10688.625962442968,12095.38257164208,22955.68790153606,14059.702298568622,7522.261542530351,15231.21737844839,15249.627638984317,11041.511310849664,11311.616796041259,10596.71966681185,17889.520592457426,9549.821863104447,16568.52987880271,11015.660970717776,12572.310772883453,11087.250674586732
1610555722.67fhKURdXVzRbLIjXmjRwdJHTnE7PWb1AE,13201.115925791693,13409.135894680094,13448.700809023007,13651.771161456638,17391.052647647302,4600.168792800094,12010.330650799555,13385.2492559172,14394.159833648777,28538.18959268908,11529.093430732175,11568.020618138764,17958.431929714443,10953.706511984632,11925.67901026119,15960.096507279151,11583.138840932004,10835.268776284287,10687.254787730659,24573.616657068254,11733.20818255115,10833.540942345562,20528.019561986726,13200.271366115685,15037.177424996222,0.0,19708.4054352198,11024.62948560327,16756.370523398506,12199.692941288624,23875.440779916993,12226.730434483392,22154.52705243382,18437.748696015024,17358.36988049569,12644.348260188548,22165.804050438914,18367.291950740146,13041.340815539503,14622.570352963103,16567.724257275102,11041.54876319966,13983.71155142431,12479.009042001258,14648.694145512522,10119.567423348577,16477.000877222945,18023.433648090635,29065.437969493047,13814.417493128678,15352.054751394235,16397.174735603578,12105.580112507498,13316.532488292683,25245.52289980737,12402.909860334288,15633.725871230952,17115.683471414617,14254.040846551678,12072.581916114405,10886.24836483837,10799.003952546853,23297.076408985,11602.28517725241,26439.66050970419,10226.531060861636,14762.873334595331,10638.740141504273
1610555638.39J2ZWBLuLTHP0jOlzB4tNHmYeijH5g5YJ,14281.395911746895,18498.21559533163,13204.912158563198,15662.631430250472,8079.445791556862,19332.85661266223,13104.249899181365,13492.399264517153,14115.744445201446,26770.488019277676,16994.681236877816,16439.405670981116,22062.610942377592,13860.41234051574,15118.500818169627,19401.559390537866,17401.66925736836,16569.436598394685,19169.237892475696,18318.4587322885,16415.781884895412,15448.60106340187,6442.5018357316685,13867.67045363515,19406.383679972856,19708.4054352198,0.0,17175.925033030802,18865.61233035735,13247.858226353907,11674.050748837753,14336.057979536514,22647.705744153896,21293.491109228715,16122.220401211762,16224.80364101689,15037.816674687392,19930.052738204085,21200.337161368345,19486.033009412986,13034.51235687434,16357.38125955698,15146.373137293172,18215.452011674424,16382.243695771946,17227.796566158657,16313.621907514123,19127.596735386083,26728.943809750857,14847.718313575211,21402.136478914173,16744.720543557738,21593.459026827106,15042.468911162085,14487.208433831453,12244.128067617483,17308.62950545142,19183.670370930686,22741.761734807525,12517.584945336026,17421.244757115517,15616.895196297823,21208.02585032395,14775.834619888525,23473.696331854047,16068.887010843628,20098.68867361542,16832.389428346578
1610556032.17Q6yCDx9g7alRnL9jBFXD2JhhUyB2hKfJ,14338.61741918155,10074.722199619311,13159.499535968416,7335.422722399984,16536.246016453326,12029.07280962941,11884.334030770608,13492.609650753802,15071.337858928717,25002.94938490945,6278.474865563645,4904.206973025136,17221.068960402743,10309.422210657172,6444.311376383693,10843.291788986775,7022.821048353685,7558.046426346634,13413.73517685703,18633.420106854002,5057.3716870309145,5115.0476173967045,17597.15985278346,13492.34151342919,10936.890704350375,11024.62948560327,17175.925033030802,0.0,11135.487055182628,12402.534182829912,20757.60568588145,12783.311445252977,19568.060817127047,13450.383146740842,10545.930003246785,6438.552435599471,16192.263837664837,13745.778602030527,10630.915730846047,13639.086904469921,9904.803179434037,4431.133926767235,9675.435180901924,6338.328087496786,7607.255723652712,5957.975447563556,13995.094876593466,14281.271491226285,24764.438956942377,11129.473326720861,11445.988874590501,15083.574901050388,11551.232442199776,8494.56169616888,19837.60474042137,10960.134123586917,9939.328300025329,10443.132769258451,13838.11192215032,10502.408218588545,5169.634470649198,6337.5366538416365,17797.06712563433,6020.462180748432,20759.46033775537,5206.733393080154,11814.884290417609,4824.336974824263
