,square,rectangle,parallelogram,losange,isoTrapezoid,kite,rightKite,rustedHinge,hinge,trapezoid,random
square,0.4419494163467603,0.46096890226257586,0.4754204665159103,0.4889087562883537,0.45701406107171927,0.4536095108178427,0.4524377236793954,0.46650367264599135,0.46381094796982675,0.45929807258186023,0.47317808119096866
rectangle,0.46096890226257586,0.4404603038729591,0.46006196570414504,0.47450099287352576,0.4762013740829143,0.46669167980967335,0.465125579292278,0.457992035785596,0.4520230547074137,0.4677120834997259,0.48194316194218906
parallelogram,0.4754204665159103,0.46006196570414504,0.45711119317107,0.47211875347946197,0.4852191077501946,0.4807102105612648,0.47746139647506686,0.4708085224451616,0.4648857218603323,0.4760630275340255,0.48778487876225296
losange,0.4889087562883536,0.4745009928735259,0.4721187534794619,0.4656557872706128,0.49171778979321734,0.49186533367244545,0.4898561315309603,0.47794595794314326,0.474290811741071,0.4817877553100613,0.4848443500466007
isoTrapezoid,0.45701406107171927,0.4762013740829143,0.4852191077501946,0.49171778979321723,0.4466597490944653,0.46034188269918547,0.4593036675088001,0.47884539123425773,0.4777578757614463,0.46407985941646185,0.47250504999788145
kite,0.4536095108178427,0.46669167980967335,0.4807102105612647,0.4918653336724455,0.46034188269918547,0.4490266887920531,0.45526726184369637,0.47557836601836284,0.4730594200519984,0.4680537673105331,0.47970087364273395
rightKite,0.4524377236793954,0.4651255792922779,0.47746139647506686,0.4898561315309603,0.4593036675088001,0.4552672618436963,0.44907577172474544,0.4728223223137754,0.47009956002113734,0.4625077135916176,0.47786081036863143
rustedHinge,0.46650367264599124,0.457992035785596,0.4708085224451616,0.47794595794314315,0.4788453912342576,0.47557836601836284,0.4728223223137755,0.45225960080843197,0.4529444282464581,0.4720900483405718,0.4802903671579865
hinge,0.46381094796982675,0.4520230547074137,0.4648857218603323,0.474290811741071,0.4777578757614463,0.4730594200519984,0.47009956002113734,0.4529444282464581,0.44727651201260477,0.4692121085246348,0.4792051413339233
trapezoid,0.45929807258186023,0.4677120834997259,0.4760630275340255,0.4817877553100613,0.4640798594164618,0.4680537673105331,0.46250771359161763,0.4720900483405718,0.4692121085246348,0.45228142995893206,0.4683310002817305
random,0.47317808119096866,0.48194316194218906,0.48778487876225296,0.4848443500466007,0.4725050499978814,0.47970087364273395,0.4778608103686313,0.4802903671579865,0.4792051413339233,0.4683310002817305,0.45854978062342583
