,square,rectangle,parallelogram,losange,isoTrapezoid,kite,rightKite,rustedHinge,hinge,trapezoid,random
square,0.35520904802062286,0.38674254549218706,0.41349169515661344,0.4369033168054997,0.37833389101874226,0.372391257902758,0.3696363125649398,0.39655185751980176,0.39205750526243716,0.3843795102230783,0.4090770209886464
rectangle,0.386742545492187,0.35604918190850415,0.38611173176069263,0.4123419798014225,0.4153741442985766,0.39640531346740093,0.3940587911426274,0.3843038316261684,0.37409671460237803,0.40018266417469817,0.42598830205851884
parallelogram,0.4134916951566133,0.3861117317606927,0.37893749470028565,0.40331629425532767,0.4314703456417516,0.4227463240472368,0.41579561709012747,0.404897776295526,0.3940865270394479,0.4122104264855741,0.433788913241232
losange,0.4369033168054998,0.41234197980142256,0.40331629425532767,0.39072988609868686,0.4423812441579474,0.4420677099823954,0.4373462214457432,0.4167589869570599,0.4104098664717487,0.4211065819949263,0.4258141527469852
isoTrapezoid,0.37833389101874226,0.4153741442985766,0.4314703456417516,0.4423812441579474,0.3625932679591549,0.38352718841661315,0.3814362796208558,0.4193199715920155,0.4176511203187781,0.39172195878838345,0.407389110011248
kite,0.372391257902758,0.396405313467401,0.4227463240472368,0.4420677099823953,0.38352718841661315,0.3624064252594189,0.3730224065925442,0.4126645686916916,0.4087895993697536,0.3995890839259199,0.4210276245048095
rightKite,0.3696363125649398,0.3940587911426275,0.41579561709012736,0.4373462214457432,0.3814362796208558,0.3730224065925442,0.3635281244292788,0.40779540242366213,0.4032422387151271,0.38848995195738295,0.4165689982383253
rustedHinge,0.39655185751980176,0.3843038316261684,0.404897776295526,0.41675898695705993,0.4193199715920156,0.4126645686916916,0.407795402423662,0.3723462928280756,0.37288091449949745,0.40714059684757303,0.42032908597988744
hinge,0.39205750526243716,0.37409671460237803,0.3940865270394479,0.41040986647174893,0.41765112031877805,0.4087895993697536,0.403242238715127,0.37288091449949745,0.3652249908001885,0.4019317024467181,0.41886996293905626
trapezoid,0.3843795102230783,0.40018266417469817,0.4122104264855741,0.4211065819949263,0.3917219587883835,0.3995890839259199,0.38848995195738295,0.40714059684757303,0.4019317024467181,0.37140586055348723,0.39691275031427836
random,0.4090770209886464,0.42598830205851884,0.433788913241232,0.4258141527469852,0.407389110011248,0.4210276245048095,0.4165689982383253,0.42032908597988744,0.41886996293905626,0.39691275031427836,0.3805376575700979
