,square,rectangle,parallelogram,losange,isoTrapezoid,kite,rightKite,rustedHinge,hinge,trapezoid,random
square,0.11482711159160991,0.14651982300815178,0.2508401224247829,0.2989682950123721,0.2874259842390925,0.3078498589635494,0.2886261844292248,0.3005624088013908,0.29383439368253544,0.2941506809000463,0.3626481440170647
rectangle,0.14651982300815178,0.1207955375104642,0.22581915077631,0.2824716173471808,0.32290577280135274,0.32929439983655673,0.3129249354405166,0.3010430922721729,0.2886515018600361,0.3109668484892807,0.38305764707988416
parallelogram,0.2508401224247829,0.22581915077631,0.16514793695439464,0.19199705445951457,0.3059246362700847,0.32680597877025,0.3000542119839002,0.28348203120866977,0.27589937536825127,0.2628074000021632,0.3233216557298589
losange,0.29896829501237204,0.28247161734718074,0.19199705445951454,0.1645183321276241,0.3109495892765194,0.34044324368079426,0.3086923095271294,0.28529690615804765,0.28539915011067246,0.25536804685419123,0.29029970907770286
isoTrapezoid,0.28742598423909255,0.32290577280135274,0.3059246362700847,0.3109495892765194,0.1745860875957217,0.23377126911068224,0.2020277932707192,0.26241887627295735,0.2647009842115729,0.22170905496801002,0.2469267153019796
kite,0.3078498589635494,0.32929439983655673,0.32680597877025,0.34044324368079426,0.23377126911068224,0.18531250502391786,0.18663325425482538,0.264522453443626,0.25972403251816456,0.25755476929535365,0.28163764081531567
rightKite,0.2886261844292248,0.3129249354405166,0.30005421198390025,0.3086923095271294,0.2020277932707192,0.18663325425482535,0.14489429872651025,0.22996855938279917,0.22852438255400573,0.21507623698889844,0.23762835200597254
rustedHinge,0.30056240880139085,0.3010430922721729,0.28348203120866977,0.28529690615804765,0.26241887627295735,0.264522453443626,0.2299685593827992,0.16067081741879174,0.17374993593533905,0.2552914643134032,0.24908729094575555
hinge,0.29383439368253544,0.2886515018600361,0.27589937536825127,0.28539915011067246,0.2647009842115729,0.25972403251816456,0.22852438255400565,0.17374993593533905,0.16731331979729605,0.25288927477430423,0.2525192649084614
trapezoid,0.2941506809000463,0.3109668484892807,0.2628074000021632,0.25536804685419123,0.2217090549680101,0.25755476929535365,0.21507623698889838,0.2552914643134032,0.25288927477430423,0.1770144267583725,0.21627955480549035
random,0.3626481440170647,0.3830576470798841,0.3233216557298589,0.29029970907770286,0.24692671530197965,0.28163764081531567,0.23762835200597254,0.2490872909457556,0.2525192649084614,0.21627955480549035,0.1641518093720836
