,square,rectangle,parallelogram,losange,isoTrapezoid,kite,rightKite,rustedHinge,hinge,trapezoid,random
square,0.11488168178610132,0.14647774538534736,0.24768669546661146,0.2953850222192203,0.2834944901466072,0.30580704997897534,0.2903886230616685,0.3003816159667013,0.2925390211603331,0.2893023277738951,0.3592542633038551
rectangle,0.14647774538534736,0.11972557446898124,0.22158183318970356,0.2755885881158337,0.3101623579313331,0.3197952972178814,0.30770733793848803,0.29572498367102196,0.2829153390281121,0.2998167298611302,0.37007816682085587
parallelogram,0.24768669546661146,0.22158183318970356,0.15830954077431655,0.18239710196790979,0.28309093452708417,0.3057387561749118,0.28406264098507755,0.26915671120808904,0.26167174098729606,0.24568081523144672,0.3034606227777338
losange,0.2953850222192203,0.2755885881158337,0.18239710196790979,0.15493366050284188,0.28697239005509123,0.3174632393415517,0.2906595810690235,0.26981835644603247,0.26913329065609637,0.23812468003436355,0.2725862919655495
isoTrapezoid,0.2834944901466072,0.3101623579313331,0.28309093452708417,0.28697239005509123,0.15603862406602934,0.21141895921793566,0.1837862902429969,0.2385961231685748,0.23869966751674573,0.19731798825663802,0.22309461218931775
kite,0.30580704997897534,0.3197952972178814,0.3057387561749118,0.3174632393415517,0.21141895921793566,0.16916313450243184,0.1718123414716069,0.24148531617068894,0.23490424095791196,0.23196368351102623,0.2550827466552742
rightKite,0.2903886230616685,0.30770733793848803,0.28406264098507755,0.2906595810690235,0.18378629024299686,0.1718123414716069,0.13433987940782202,0.211618715785066,0.208759342441546,0.19554771988785016,0.21667806475637197
rustedHinge,0.3003816159667013,0.29572498367102196,0.26915671120808904,0.26981835644603247,0.2385961231685748,0.24148531617068894,0.211618715785066,0.14940852515774358,0.16033187619161526,0.23398331952739365,0.22912690777045847
hinge,0.2925390211603331,0.2829153390281121,0.26167174098729606,0.2691332906560963,0.23869966751674573,0.23490424095791199,0.208759342441546,0.16033187619161526,0.152772328040916,0.2302302998924601,0.23070051878683615
trapezoid,0.2893023277738951,0.2998167298611303,0.24568081523144672,0.23812468003436355,0.19731798825663802,0.23196368351102623,0.19554771988785016,0.23398331952739365,0.2302302998924601,0.1581573054870364,0.19598777632904993
random,0.3592542633038551,0.37007816682085587,0.30346062277773383,0.2725862919655495,0.2230946121893178,0.2550827466552742,0.21667806475637202,0.22912690777045847,0.23070051878683615,0.19598777632904996,0.14973315113835858
