,square,rectangle,parallelogram,losange,isoTrapezoid,kite,rightKite,rustedHinge,hinge,trapezoid,random
square,0.14851952973147128,0.176750489080541,0.20114554263563028,0.2224545347012504,0.16759684978528885,0.16317532448042868,0.15832827004925062,0.18342209289414751,0.18074053873742382,0.1731349629547843,0.1965652741782789
rectangle,0.176750489080541,0.15159160124382462,0.17431019907722003,0.1990282890940159,0.20413794137160987,0.1855688560101985,0.18256865004955766,0.17465187446487362,0.1665070497193787,0.1880623069514227,0.21480784841749093
parallelogram,0.20114554263563028,0.17431019907722003,0.159842966414849,0.1790835564712868,0.21802531662875985,0.2102870485955324,0.2007776584011354,0.18990326840625565,0.18039356083841152,0.19031228664879526,0.21253436818323462
losange,0.2224545347012504,0.1990282890940159,0.1790835564712868,0.16338675072061248,0.22721120888079407,0.22853913505866133,0.21949127022276524,0.19989977803027603,0.19511419398949456,0.19497719643341474,0.20048278615445178
isoTrapezoid,0.16759684978528885,0.20413794137160987,0.21802531662875985,0.2272112088807941,0.15231724889585077,0.17150123852600652,0.16759975425113793,0.20541317791513888,0.2049675181256866,0.17649874514694747,0.19039156700111068
kite,0.16317532448042868,0.1855688560101985,0.2102870485955324,0.22853913505866133,0.17150123852600652,0.15140313259920882,0.16019241016038616,0.1995675627703204,0.1978498151594759,0.18950036318666968,0.21073847723934147
rightKite,0.15832827004925062,0.18256865004955763,0.20077765840113543,0.21949127022276524,0.16759975425113793,0.16019241016038616,0.14941184729921472,0.1944078716114573,0.19179124365288255,0.17294108340354153,0.20060626621229882
rustedHinge,0.18342209289414751,0.17465187446487365,0.18990326840625565,0.19989977803027606,0.20541317791513888,0.19956756277032042,0.1944078716114573,0.15424418762313016,0.15751522832022843,0.19190156911938797,0.20308488552954262
hinge,0.18074053873742382,0.1665070497193787,0.18039356083841152,0.19511419398949456,0.20496751812568662,0.1978498151594759,0.19179124365288255,0.15751522832022843,0.1539677444525172,0.18772872330166207,0.20292244553339434
trapezoid,0.1731349629547843,0.18806230695142273,0.1903122866487953,0.1949771964334147,0.17649874514694747,0.18950036318666974,0.17294108340354153,0.19190156911938797,0.18772872330166207,0.1540213087403095,0.1743768816707624
random,0.1965652741782789,0.21480784841749093,0.21253436818323462,0.2004827861544518,0.19039156700111068,0.21073847723934147,0.20060626621229882,0.20308488552954262,0.20292244553339434,0.17437688167076243,0.1598353395124842
