,square,rectangle,parallelogram,losange,isoTrapezoid,kite,rightKite,rustedHinge,hinge,trapezoid,random
square,0.08361232167639328,0.08943596716729295,0.12369528841953631,0.15605340985081664,0.1367414827393622,0.11827666997969938,0.11471384265810522,0.11830446688248682,0.11291416278563249,0.1486513794412319,0.17107541607094548
rectangle,0.08943596716729293,0.06777211395831977,0.11052281160094726,0.1478475223605674,0.1473595246072669,0.11590997094932208,0.11621455071110509,0.0995722660974693,0.09312685409949298,0.1544203289763194,0.17848761906457294
parallelogram,0.12369528841953631,0.11052281160094729,0.08851420286772928,0.0917107149500978,0.11689660510733527,0.13289263643497837,0.10749202634699924,0.12531753728479966,0.11662140107368188,0.1039462767127218,0.1205186795093994
losange,0.15605340985081667,0.1478475223605674,0.0917107149500978,0.053145046709097976,0.09956862039418356,0.1582136570901683,0.11287670026632164,0.15345908166660543,0.14373808891897116,0.0718563624808392,0.08043928753011367
isoTrapezoid,0.1367414827393622,0.14735952460726692,0.11689660510733524,0.09956862039418356,0.07669150609865648,0.1308457252401956,0.09483079224093578,0.14952697799877926,0.14169734612457674,0.07878349281010598,0.09000918865999916
kite,0.11827666997969938,0.11590997094932208,0.13289263643497837,0.1582136570901683,0.1308457252401956,0.0977934322651931,0.09848540038032544,0.1176621465502856,0.11417197058675495,0.14602150495770047,0.16178411538194779
rightKite,0.11471384265810522,0.11621455071110509,0.10749202634699924,0.11287670026632166,0.09483079224093578,0.09848540038032542,0.07268710798556788,0.11511189829064457,0.10961314584829063,0.09679599030948094,0.1104357817146434
rustedHinge,0.11830446688248683,0.0995722660974693,0.12531753728479966,0.15345908166660546,0.14952697799877926,0.1176621465502856,0.11511189829064457,0.08140820999438887,0.08242238558180044,0.15538316967035476,0.16641815031096613
hinge,0.11291416278563249,0.09312685409949298,0.11662140107368185,0.14373808891897116,0.14169734612457674,0.11417197058675492,0.10961314584829063,0.08242238558180044,0.07737091525965939,0.14539312062661228,0.15762872920709453
trapezoid,0.1486513794412319,0.1544203289763194,0.10394627671272182,0.0718563624808392,0.07878349281010598,0.14602150495770047,0.09679599030948094,0.15538316967035476,0.14539312062661228,0.053693312903347966,0.06611437783803324
random,0.17107541607094548,0.17848761906457297,0.1205186795093994,0.08043928753011367,0.09000918865999914,0.16178411538194779,0.1104357817146434,0.16641815031096616,0.15762872920709456,0.06611437783803324,0.05692368623343157
