,square,rectangle,parallelogram,losange,isoTrapezoid,kite,rightKite,rustedHinge,hinge,trapezoid,random
square,0.17268468148189584,0.2005999060784786,0.22240064596575285,0.2430048304081359,0.1905878334980434,0.18572805406742407,0.18182020998672485,0.20685782144575676,0.20366073853022673,0.19609409234219663,0.21706987879246248
rectangle,0.2005999060784786,0.17556860289890708,0.19727165262589516,0.22041377162551282,0.22546539386346293,0.20798382870599624,0.20567786596013324,0.19764974390849488,0.18924447882884823,0.2109989495531428,0.2337892550977755
parallelogram,0.22240064596575285,0.19727165262589513,0.18571318990679261,0.2054928111393466,0.23757975213143356,0.2296450099815253,0.22230761576454017,0.21207043652921811,0.20283428575868032,0.21567395457419206,0.23461453942694285
losange,0.24300483040813595,0.2204137716255128,0.2054928111393466,0.19097091995119977,0.2465839468710549,0.2467977211088261,0.24083872959481584,0.22114196041757428,0.21641942542419815,0.22141290803054622,0.22430989922030348
isoTrapezoid,0.1905878334980434,0.22546539386346298,0.23757975213143356,0.2465839468710549,0.1763828494800862,0.19400099141541108,0.19124899263162168,0.2266205975558873,0.22564967630541466,0.1998643010286099,0.2125919609457691
kite,0.1857280540674241,0.20798382870599624,0.2296450099815253,0.2467977211088262,0.19400099141541108,0.17492862788935265,0.1834573216627108,0.22054372009904494,0.21811957967668158,0.20963412399891648,0.2282139393598756
rightKite,0.18182020998672485,0.20567786596013324,0.22230761576454017,0.24083872959481584,0.19124899263162168,0.1834573216627108,0.17435614316666154,0.21598234652536633,0.2128408883628394,0.19657994686665264,0.2215203679318806
rustedHinge,0.2068578214457568,0.19764974390849488,0.21207043652921817,0.22114196041757428,0.2266205975558873,0.2205437200990449,0.21598234652536633,0.1808802515197949,0.18264348805158215,0.21454778965603205,0.22389545970261557
hinge,0.20366073853022673,0.18924447882884823,0.20283428575868026,0.21641942542419815,0.22564967630541466,0.21811957967668158,0.2128408883628394,0.18264348805158215,0.17824870165575268,0.21040744101916553,0.22352046230322434
trapezoid,0.19609409234219663,0.2109989495531428,0.21567395457419203,0.22141290803054622,0.1998643010286099,0.20963412399891648,0.19657994686665264,0.2145477896560321,0.21040744101916553,0.18019337817451433,0.20001313392817224
random,0.21706987879246248,0.2337892550977755,0.23461453942694285,0.22430989922030348,0.2125919609457691,0.22821393935987552,0.22152036793188054,0.22389545970261557,0.22352046230322434,0.20001313392817222,0.18451544778501514
