,square,rectangle,parallelogram,losange,isoTrapezoid,kite,rightKite,rustedHinge,hinge,trapezoid,random
square,0.07239295088496915,0.07086675689973262,0.09336466707390048,0.12076915129738335,0.10505038071225953,0.0806588952160544,0.07820194372921298,0.07740170948283233,0.07430264664944027,0.1147937735059322,0.12694831365518067
rectangle,0.07086675689973261,0.04891295194995589,0.08208656940857131,0.11391637662776732,0.1110320871984556,0.07285785743779336,0.0738068080802612,0.05418976700803999,0.050674531172228886,0.11844144341984368,0.13245013039295925
parallelogram,0.09336466707390048,0.0820865694085713,0.06592596703524486,0.06137494056492636,0.07287415915038678,0.08975372889456884,0.06272751084255149,0.08250070210916528,0.07616815485876009,0.06461501691240874,0.07227923450307687
losange,0.12076915129738335,0.11391637662776732,0.06137494056492636,0.020787259824687272,0.0462925989539923,0.11263981402413492,0.06268368132561808,0.11015824638820204,0.10096041606024812,0.02495082047728633,0.02860163107511824
isoTrapezoid,0.10505038071225953,0.1110320871984556,0.07287415915038678,0.0462925989539923,0.04599245580918182,0.10310269304447706,0.06274289199483017,0.11109174024961943,0.10286985403442583,0.03690232377204984,0.0430570246401442
kite,0.0806588952160544,0.07285785743779336,0.08975372889456884,0.11263981402413492,0.10310269304447703,0.07795327831971753,0.07260313282408178,0.07419368690262798,0.07172294360804243,0.11028818519841979,0.12008644375744965
rightKite,0.07820194372921298,0.0738068080802612,0.06272751084255149,0.06268368132561808,0.06274289199483019,0.07260313282408178,0.04743441149465536,0.072805374970294,0.06803938069666042,0.05913785832370731,0.06615500268759128
rustedHinge,0.07740170948283233,0.05418976700803999,0.08250070210916528,0.11015824638820204,0.11109174024961943,0.07419368690262798,0.072805374970294,0.049538402486406105,0.04859395556112298,0.11660197741178763,0.12785158835338525
hinge,0.07430264664944025,0.050674531172228886,0.07616815485876009,0.10096041606024812,0.10286985403442583,0.07172294360804242,0.06803938069666042,0.04859395556112298,0.04526203095442737,0.10700948741902909,0.11847835328863236
trapezoid,0.11479377350593219,0.11844144341984367,0.06461501691240876,0.024950820477286337,0.036902323772049835,0.11028818519841979,0.05913785832370731,0.11660197741178763,0.10700948741902909,0.017927701710845727,0.022240087816362226
random,0.12694831365518067,0.13245013039295925,0.07227923450307688,0.028601631075118237,0.0430570246401442,0.12008644375744967,0.06615500268759128,0.12785158835338525,0.11847835328863236,0.022240087816362226,0.021339749273966563
