,square,rectangle,parallelogram,losange,isoTrapezoid,kite,rightKite,rustedHinge,hinge,trapezoid,random
square,0.1514426533027994,0.18023726256414085,0.2093129067351578,0.23272414455536872,0.17384090646596487,0.16933685869543924,0.16473693470431638,0.19039391245907908,0.18701286510508505,0.1798525370687114,0.20603158723332587
rectangle,0.18023726256414085,0.15364852833807088,0.18038167015225265,0.20846126016597508,0.21250114411749016,0.19212489960821788,0.1893106095822022,0.18163271930258662,0.17218238240545577,0.19527007013882483,0.22692466219905888
parallelogram,0.20931290673515773,0.18038167015225268,0.16144820992818804,0.18126039187253218,0.22907890050436133,0.22183736748694652,0.20978214203478318,0.19950509351555662,0.18821670817605313,0.1942949293759101,0.22044078472412862
losange,0.23272414455536872,0.20846126016597508,0.18126039187253218,0.16199220177083842,0.23872219316392917,0.24163252948628594,0.22968027924986323,0.21110319296561783,0.20514492392425338,0.1982533270366602,0.2064276854722973
isoTrapezoid,0.17384090646596487,0.21250114411749016,0.22907890050436133,0.23872219316392917,0.15565193566872562,0.17774438392322642,0.17381666634889645,0.21674339121692493,0.2158498415100957,0.18287111930462566,0.1976445164235322
kite,0.16933685869543924,0.19212489960821788,0.22183736748694646,0.24163252948628594,0.17774438392322645,0.15497959217772841,0.1660699669619978,0.2100716993383157,0.20830337269538493,0.20025926902294652,0.22376089427297732
rightKite,0.16473693470431638,0.1893106095822022,0.20978214203478318,0.22968027924986323,0.17381666634889645,0.1660699669619978,0.15335404432637958,0.2059838689976155,0.20283675962752842,0.1797581217685884,0.21030647869242178
rustedHinge,0.19039391245907908,0.1816327193025866,0.19950509351555662,0.21110319296561778,0.21674339121692493,0.21007169933831576,0.20598386899761542,0.15601367062062804,0.16061458895084774,0.20159171925517275,0.2140318452404988
hinge,0.187012865105085,0.17218238240545577,0.18821670817605313,0.20514492392425338,0.2158498415100957,0.20830337269538493,0.20283675962752842,0.16061458895084774,0.15690311799813753,0.19634108470915845,0.21331414715405897
trapezoid,0.17985253706871143,0.19527007013882486,0.1942949293759101,0.1982533270366602,0.18287111930462566,0.20025926902294652,0.1797581217685884,0.2015917192551728,0.19634108470915843,0.15598045154245888,0.17712544206427638
random,0.20603158723332587,0.22692466219905888,0.22044078472412862,0.2064276854722973,0.19764451642353215,0.22376089427297727,0.21030647869242178,0.21403184524049887,0.21331414715405897,0.17712544206427638,0.16198150435866207
