,square,rectangle,parallelogram,losange,isoTrapezoid,kite,rightKite,rustedHinge,hinge,trapezoid,random
square,0.13091238457213134,0.1594605133253857,0.20317775717994646,0.2334521414954056,0.177973277539247,0.17672312319853892,0.1720536507388325,0.1979211370332565,0.19224228349620176,0.18499215577951894,0.22286020698716066
rectangle,0.1594605133253857,0.13377255956706477,0.17692448177965586,0.21533293384016836,0.21618727444934904,0.19865893852645664,0.19607020110252277,0.19115504874846606,0.18009109260026554,0.20226992638299437,0.2459579983652621
parallelogram,0.20317775717994646,0.17692448177965586,0.15122865155310133,0.17439237189316198,0.23152870275033965,0.23568821849843122,0.21927379016309279,0.21660000634017357,0.20335899072341773,0.19367264179797294,0.23027769369219842
losange,0.23345214149540564,0.21533293384016836,0.17439237189316195,0.14807656004085018,0.24017685147072484,0.2575336084691376,0.23740828022166666,0.23312181854195393,0.22496756483654748,0.19237440395421923,0.20924758826461984
isoTrapezoid,0.177973277539247,0.21618727444934904,0.23152870275033965,0.24017685147072484,0.14676755677382297,0.18343839066244486,0.17343360548243417,0.23200475087877728,0.22977388445359886,0.1755928038280824,0.19915103954884247
kite,0.17672312319853892,0.19865893852645664,0.23568821849843122,0.25753360846913764,0.18343839066244486,0.1469767561989091,0.1590415310007339,0.220542235451774,0.2169298278855124,0.2108196799568605,0.23545323659025041
rightKite,0.1720536507388325,0.19607020110252277,0.21927379016309276,0.23740828022166666,0.17343360548243417,0.1590415310007339,0.13890510381725452,0.2145639417339113,0.2098407469931336,0.17969972003655613,0.21106758767083292
rustedHinge,0.19792113703325656,0.1911550487484661,0.21660000634017357,0.23312181854195393,0.23200475087877728,0.220542235451774,0.2145639417339113,0.14908657863915376,0.15561376103497196,0.22028561000640703,0.23047612596606437
hinge,0.1922422834962017,0.18009109260026554,0.20335899072341773,0.22496756483654745,0.22977388445359892,0.21692982788551246,0.20984074699313365,0.15561376103497196,0.14972867536631995,0.21322037870028765,0.226461082650019
trapezoid,0.18499215577951894,0.20226992638299437,0.19367264179797294,0.1923744039542192,0.1755928038280824,0.2108196799568605,0.17969972003655613,0.22028561000640703,0.2132203787002876,0.14170630956177482,0.17178323718109212
random,0.22286020698716072,0.24595799836526205,0.23027769369219844,0.20924758826461987,0.19915103954884245,0.23545323659025041,0.21106758767083286,0.23047612596606437,0.22646108265001902,0.17178323718109206,0.15150116346883066
