,square,rectangle,parallelogram,losange,isoTrapezoid,kite,rightKite,rustedHinge,hinge,trapezoid,random
square,0.026250678037340554,0.02789185089719234,0.029792810223775203,0.031516260386265066,0.02791408825410025,0.027693015016372904,0.027490106060729977,0.02881572908440311,0.02848513000365797,0.028336012418552988,0.02941873850361152
rectangle,0.02789185089719234,0.02657694557885477,0.028725329543971837,0.030445632945500553,0.029570851104751956,0.028885255065291656,0.028727586851726775,0.028322614721504623,0.02774456049105217,0.02917891690471501,0.030217992354116343
parallelogram,0.029792810223775206,0.028725329543971837,0.029113373566056127,0.030937200840775166,0.031077187643810643,0.03080457632602615,0.03043737907477833,0.030058644180380522,0.029450568382819394,0.030550184874989027,0.03145040847107022
losange,0.031516260386265066,0.030445632945500553,0.030937200840775166,0.03089181156444985,0.032266797196687534,0.03235383975267503,0.03210238800572884,0.031197762014042806,0.03076624870856955,0.03163376803435964,0.03186508696714648
isoTrapezoid,0.02791408825410025,0.029570851104751956,0.03107718764381065,0.03226679719668753,0.027732619511819614,0.0287920949019258,0.02862868998941008,0.030321598789803405,0.03008426108538614,0.029246145527834666,0.02997733087352985
kite,0.027693015016372904,0.028885255065291663,0.03080457632602615,0.03235383975267503,0.028792094901925806,0.027881786756539496,0.028300865594274194,0.03008436550522783,0.029763301868874072,0.02963627347759337,0.030571903970731253
rightKite,0.027490106060729977,0.028727586851726775,0.030437379074778337,0.03210238800572884,0.028628689989410087,0.028300865594274194,0.02772284447487982,0.02981815343331348,0.029481127658107502,0.029075834563562972,0.030341123977614234
rustedHinge,0.02881572908440311,0.028322614721504623,0.030058644180380522,0.031197762014042806,0.030321598789803412,0.03008436550522783,0.02981815343331348,0.028289155609121056,0.02822473882304636,0.030044357467095863,0.030629944973760103
hinge,0.02848513000365797,0.02774456049105217,0.0294505683828194,0.03076624870856955,0.03008426108538614,0.02976330186887407,0.029481127658107502,0.028224738823046366,0.027711773191354407,0.029666444064521055,0.030384460575627652
trapezoid,0.028336012418552988,0.02917891690471501,0.030550184874989023,0.03163376803435964,0.029246145527834666,0.02963627347759337,0.02907583456356298,0.030044357467095863,0.029666444064521055,0.028474990127710487,0.029795518289248736
random,0.02941873850361151,0.030217992354116343,0.03145040847107021,0.03186508696714648,0.029977330873529853,0.030571903970731253,0.030341123977614234,0.030629944973760103,0.030384460575627652,0.029795518289248736,0.029039803614234024
