,square,rectangle,parallelogram,losange,isoTrapezoid,kite,rightKite,rustedHinge,hinge,trapezoid,random
square,0.09381122394453312,0.11886678987377489,0.17257560607166025,0.22033608792786663,0.13316210482429208,0.13404501394667925,0.12419771197816289,0.15832922424884807,0.1448217375286753,0.1441723421529419,0.18382000258566975
rectangle,0.11886678987377489,0.09712675709825681,0.15171545228195552,0.20831409915282703,0.16883485283133204,0.15643806120309067,0.14940469395339548,0.1575145849650651,0.13717478336001288,0.16140692465683318,0.20528117981222205
parallelogram,0.17257560607166025,0.15171545228195554,0.12850086418511691,0.16412713086945888,0.19865749017125225,0.20281450528344627,0.18678314600372117,0.1817604973072874,0.16438303823645056,0.16190619893641933,0.19794092661021256
losange,0.22033608792786663,0.20831409915282706,0.16412713086945888,0.14436446471494063,0.2227458051015045,0.23985798595050425,0.2241853286524436,0.21024106598544,0.20242453171917454,0.17868058854658966,0.19328049338336992
isoTrapezoid,0.13316210482429208,0.16883485283133204,0.1986574901712523,0.22274580510150443,0.11035649244939533,0.1419540333184349,0.13391013747978353,0.18700152324715855,0.1805701518746066,0.14468823841061756,0.1687065675942551
kite,0.13404501394667925,0.15643806120309067,0.20281450528344627,0.23985798595050428,0.1419540333184349,0.11782147434769985,0.12989405216386518,0.19084002948887427,0.18363870116551612,0.1779036152868702,0.21121085654601235
rightKite,0.12419771197816289,0.14940469395339548,0.1867831460037212,0.22418532865244364,0.13391013747978356,0.12989405216386518,0.1137643612805106,0.18244018048051586,0.1745936364199005,0.15216732139206426,0.18962284067839572
rustedHinge,0.15832922424884804,0.1575145849650651,0.1817604973072874,0.21024106598544007,0.18700152324715852,0.1908400294888743,0.18244018048051583,0.12587074496196415,0.13116436834792136,0.17416444076187781,0.1889762455758606
hinge,0.1448217375286753,0.13717478336001285,0.1643830382364506,0.20242453171917454,0.1805701518746066,0.18363870116551612,0.1745936364199005,0.13116436834792136,0.12230559574100432,0.1639565515844907,0.18626558248141098
trapezoid,0.1441723421529419,0.16140692465683318,0.16190619893641933,0.17868058854658966,0.14468823841061756,0.1779036152868702,0.15216732139206426,0.17416444076187784,0.16395655158449074,0.11498788752504319,0.140682014451225
random,0.18382000258566975,0.20528117981222208,0.1979409266102125,0.19328049338336992,0.16870656759425506,0.2112108565460124,0.18962284067839572,0.18897624557586062,0.18626558248141098,0.140682014451225,0.12298444794803913
