,square,rectangle,parallelogram,losange,isoTrapezoid,kite,rightKite,rustedHinge,hinge,trapezoid,random
square,0.003698109385759611,0.0044257076717480436,0.005794847179249847,0.006992544741241138,0.004590037817462938,0.004606630062544886,0.004318204289895829,0.005171965050327505,0.004925024486338159,0.004974360825470599,0.00596619133120642
rectangle,0.0044257076717480436,0.0037042264612543343,0.005029080472067572,0.00637720558701546,0.005505216506925561,0.005125538141973087,0.004913575651727077,0.004903369632947814,0.004501941535533403,0.005286503597531075,0.006394841808737938
parallelogram,0.005794847179249848,0.005029080472067571,0.004461097401457231,0.005468123990052008,0.0064160831725355826,0.006529988718705014,0.005979858127702123,0.005783616995900309,0.005307218464211325,0.005398109757038699,0.0062604258255198105
losange,0.006992544741241138,0.00637720558701546,0.005468123990052008,0.004950258423653603,0.007142929834956278,0.007542193054949572,0.006990614020853165,0.006628008166008609,0.0063363924997723725,0.005878121284576508,0.006229816613358124
isoTrapezoid,0.004590037817462938,0.005505216506925561,0.0064160831725355826,0.00714292983495628,0.003943276108576204,0.004820391959467392,0.004568742457686147,0.006001815932760949,0.0058562880711629205,0.005036932024908573,0.00564783725188678
kite,0.004606630062544886,0.005125538141973088,0.006529988718705015,0.007542193054949572,0.004820391959467392,0.00410541172406094,0.0044859014355321195,0.0060177842181216605,0.0058770752196439565,0.005930402836893097,0.006714217829878792
rightKite,0.004318204289895829,0.004913575651727078,0.005979858127702123,0.006990614020853165,0.004568742457686147,0.0044859014355321195,0.003948871360504387,0.005800254930150437,0.005596286164132743,0.005077732201814366,0.006108173687695467
rustedHinge,0.005171965050327505,0.004903369632947814,0.0057836169959003085,0.006628008166008609,0.006001815932760948,0.0060177842181216605,0.005800254930150437,0.004101726497146983,0.004227641450107399,0.005725520286059194,0.006199673163984772
hinge,0.004925024486338159,0.004501941535533403,0.0053072184642113255,0.0063363924997723725,0.005856288071162921,0.0058770752196439565,0.005596286164132743,0.004227641450107399,0.0040308771314414875,0.005426507486107601,0.006039874397815766
trapezoid,0.004974360825470598,0.005286503597531075,0.005398109757038699,0.005878121284576507,0.005036932024908573,0.005930402836893097,0.005077732201814366,0.005725520286059194,0.0054265074861076,0.00413251960403272,0.004869645834363092
random,0.005966191331206421,0.006394841808737938,0.006260425825519812,0.006229816613358124,0.00564783725188678,0.006714217829878794,0.006108173687695467,0.006199673163984772,0.006039874397815766,0.004869645834363092,0.00437290956270522
