,1610555604.25mOvVXuL01OCiReyVWBfesjuvXmB3MoPy,1610555605.43B6oDsBtWRQ29Q9UMQuTUEPZy3FSSWXzc,1610555610.92HPGJJSmyPM40z7otPBgHalNrHFA7zk5d,1610555606.68LaSQbm9EHAFycEfFtEqAwYqlBsQPjIRW,1610555617.19EKxMEwDHfXiEJZc27TsGoERaD6Da4BZU,1610555722.52PJ3FD50MGhRXyUD28vluU8Z9UjLJLZn4,1610555617.52Ijr5puT55g9apK8auM7zaxa3NANg502t,1610555638.77ZLjTLkz4jYJdFMI2wWBztzsDILkoOtAk,1610556912.46C7tJPLF0XfNnm8f1820X9aLmXMHoc0Dw,1610555617.51LjzIROg0aeCP2GhDcAVQ0LipKJB9jmKc,1610555608.17OpjjHobqRkX0UPcaXrbu7K6L3805SZri,1610555721.82zWeNZfGUUfRJkgnAwlP8VMhPzXctnSd4,1610555735.75bom85BDF0C7W2eIseHeMxi24qR68nzMi,1610555735.77NnT5xqKnwcf2BbjIekeb2arTQj6QMNwk,1610555638.33wjf1PhdNaoWfbRzXVn50hmFyB5bYAiLV,1610555606.65jCE4ig8Pu8kvAzkxnSGfWsV0nQBjCf8H,1610555608.18ONsBCVo1i7BrX0XG9stct4oiA6ejX9Oz,1610555721.51RNoQUMP19FTMS79BmA3JkgSm2IC2AQuQ,1610555971.86O0cHB2ibBJ8jxoObg01EpGe8VVV5mpwn,1610556911.51zU3duZSGpcw1BDNsBLxdOCITAXwl6z3i,1610555988.71dMoYT8250UHHJGxgmITTmbHe7V6gH1yU,1610556042.81mlUZsSp7gbGjrp8jQSnybT1gPy6e62o1,1610555637.02UBW5nKvDyUrKnaWcYRGajZPxTRDS0q3N,1610555619.13oUYNikU4facCTpUSiSLr0vPI0tJLnXiT,1610555721.03nzkucfjAUh31zTbmCVvTVYqtjoxZFnBh,1610555722.67fhKURdXVzRbLIjXmjRwdJHTnE7PWb1AE,1610555638.39J2ZWBLuLTHP0jOlzB4tNHmYeijH5g5YJ,1610556032.17Q6yCDx9g7alRnL9jBFXD2JhhUyB2hKfJ,1610557007.49MyVgDnuUuBxrvL6SGOdhKf69VYlW1MSm,1610555638.44hjT5hbYdKoE3MB6hijrjqbjmLgvCUYKD,1610555608.13zUvmFSCRt6SsLbhqFznMEvGx54GPGQzM,1610556038.62a5C4ynd1AARyAhTv8a58NCqHvXRjscqH,1610555644.45Xse8u7pusHNsd7F3d0A32HXvXr6weOJE,1610556038.62gKXOCG7XCn55eJvyl5voNjbwOW0znQDq,1610555987.13v0oleKK97pkesp6oMgprH8SoSdoDVdIO,1610556964.96ZLLeiQW0qpmxhPGTg7K03fmzkqsC2bjC,1610555987.13VQlEedQ50VvkPMEMzZDv3KNnQCewykN9,1610555982.186TY6MMGkDecIN1woW6vsfAMXVV7jnyjO,1610555982.673LuMndkwkvdmZOn0MmE2Pkidx0FtNalb,1610555733.38zItcuH7gHNfKdALR2d9Nek6bxCyw36Vm,1610556034.15BQxSbZINGCay0yp6RBVlgcPrw76Yn9ON,1610555639.37BPZpgtGml8qUsh9AdV4m32jPLfI2aNFq,1610556965.57S0adAalhWYe6K3bkZU0bRHbqnDK8gGkR,1610555983.54zteLPCMjyrjzPdhHhlZr3faCgD0TfYr3,1610555987.79rHnNRmt9a0ufmnwCvZqBouyUoZDNpylW,1610556960.041xWER61rmArlsKfiMl4frikWmUCnQ7op,1610556035.13a7NHZDutfTMJ88qle1gTYY59Dr4WmMsj,1610556890.456ZBDaY16bMtrTZTqAgHl3wq1tRxzqDow,1610555760.24e6890pkbyZ97Or6croI1rQgjkSsR0yVt,1610556043.02YpWMIJg3W004iqlPyv8OcVAZdSC5rNYw,1610555987.03z05P26TLtONYM1HSzupoc2CeNMa6HTqr,1610556032.15OYCzUxpsz7b10AXBAuDXrvEcvxFhf0M7,1610556032.63Z80yI9pNwS3jSmsDABbuhf8wkNa2Ze9y,1610555736.28eGuESasTXdR3SqY6pHhEXWZtcdciYLCO,1610556034.61bebeZA0MkaFG2sm3VKiqrxeqQginTTW0,1610556944.5XwXOphKYT3ZkWA8gViqOS97VHVuMVUqb,1610556944.745UVLFBzf7fPh4UH37I6tYQOFPqRDytEh,1610556034.63XsUwaFaPZevO1JNFjfhvY4aKNFnV4noV,1610556964.89xwBHw9faT1HjQRMNQEyA4qJ3hWkwgj3k,1610556966.74DydzH91jtyvRyYau47JpVkZoMRSNTt01,1610555740.77UueVziDbaXyRR4OcVJIIZyzOfAzN51bj,1610556046.84e3vwjyRCzqz0wJQhrk8zsxlFfFSv98Df,1610556137.99eoPuVrDThKAOvmeprLPb2FWRqIhzUodc,1610555740.73XFwSrmTXJPlaxGZSefh0jOVA8PI3III1,1610556123.88AOfNaz9jSnqU5Czc7okOv1RCrYfKFBTo,1610556046.85nB7NvyoYQeLcOV391Lmmut1wAM8CFGLw,1610556123.89H4pdIAzDthI7bMXMhlIhKUYIQIvtmPPQ,1610555740.87GOYQUJKpkynIS2lFqppYK4b32ol7NeGh
1610555604.25mOvVXuL01OCiReyVWBfesjuvXmB3MoPy,0.0,73.02798964916578,27.148481296319446,72.25463247254488,49.01642031072854,62.257146036973616,47.44395658738368,31.621207363754813,39.09687803211769,61.220206148405076,77.72997932751085,71.31217102003048,70.77501579608428,42.611459859047834,71.8393428514703,69.94429051968314,82.24130455375378,73.55479725303373,54.40591417666338,66.92365817836436,73.7856998954065,75.62359001187309,60.844809321846526,31.106800447048542,67.34924700025392,61.6524033202881,53.91045887110595,73.01924588424771,73.83099765969051,58.59456016383774,65.75943595383887,57.68959632253993,68.66728530157167,73.55343554154615,72.95895047487318,72.94654020818962,71.42248536988495,71.9601986738559,72.6982042745477,69.90957285269351,72.22093424007942,76.55986127923718,71.46208301214482,68.2144472138858,77.7293855327405,78.3133482620993,70.71773395509406,60.490373520821834,65.83735954414307,71.75959775157094,68.68210559614111,60.621503846551,70.85170088721087,77.50351483534605,67.1186709786867,63.705351369632226,67.47723008385665,71.71933825409955,66.47247987223398,64.29060479506659,75.58191213633303,77.89353232486812,73.52776502206011,76.09416189928291,67.91557124389986,78.55778856289744,67.58301246873665,75.23441974914599
1610555605.43B6oDsBtWRQ29Q9UMQuTUEPZy3FSSWXzc,73.02798964916578,0.0,75.26475545250197,64.1599202221772,75.47176092900298,75.45148190453222,72.26124303574935,76.00795743394536,76.02470790216346,66.41595778748933,69.02535235475581,70.1202064284531,65.33025190592728,77.1501649891327,69.98094874445312,71.8280935416648,75.6860240636318,45.26498424769878,75.88991824997234,73.4098014759071,75.18744774608834,67.37094438632725,70.94933565115466,76.2245748631875,70.19556907879361,77.10031765023194,74.53223962568799,72.85855645857838,68.6432708786125,68.40939812246589,73.19854858037509,73.74445146742835,65.89247602845012,70.21724075414002,73.39976804339865,76.26091103664969,74.67728517916508,66.39926989848996,56.204357063315996,80.30422719526922,71.03019995473203,71.27860354740021,77.59849405277129,68.33343585640317,57.54049024566232,50.34577769178334,76.87947923964023,75.61470225230008,69.70904235736127,80.36133447756505,74.94183676737734,77.09539416994103,74.3253716146092,67.8292078153119,72.97045562169478,74.1126887756819,75.52648465779922,73.21092791720821,75.89512552163453,70.80796908625945,71.24126319157656,68.29051492339129,69.93862392026351,72.8695879506331,69.12524837747056,70.14575843908196,78.54198074911888,72.91953038715047
1610555610.92HPGJJSmyPM40z7otPBgHalNrHFA7zk5d,27.148481296319446,75.26475545250197,0.0,72.79314179628904,50.51095345940996,63.33187650577253,43.623463220275355,23.749493662263966,40.72331857639669,63.37399678583438,78.56837925807812,71.28092491276267,72.34841989413682,34.56697146358343,72.46044350513601,70.14318800925415,82.49416226962592,75.2656043945676,55.440320688643645,67.09107049829109,73.12926182997434,75.58825225796798,62.50282385739769,22.25346997965063,69.07837384695816,62.04918312525065,55.61323887560064,72.60426905788009,75.09700204623682,58.01785868850944,66.86013858206144,60.69897325315214,70.55470729669855,75.07996535428822,73.16866360444111,73.39609937212224,71.51450186068843,73.4561732405977,75.03344751936369,70.06329114223088,71.52632006798459,77.25564252018404,71.55334581750344,69.97956598965432,79.29889349144185,79.85440503081985,70.760004086881,62.25988061231619,67.38136716350893,72.70326973175378,68.24852305861234,60.780299399884136,71.79184334569827,79.31303895200315,65.89665841368597,65.39396280910813,68.15481901326498,70.35258522896396,66.44878694745888,64.0874889950414,76.11345658328199,78.76701291571332,74.73124416336675,77.01152887174135,69.21039079627852,78.99902834122801,68.95510186434058,75.52237274285592
1610555606.68LaSQbm9EHAFycEfFtEqAwYqlBsQPjIRW,72.25463247254488,64.1599202221772,72.79314179628904,0.0,72.47974681836041,73.60680602230467,71.82465325944781,73.74506997221006,73.63181918856148,73.22764141960484,58.59886637730034,64.28358807296651,79.01201320605077,74.61449043892878,69.07504071749794,67.02326768405108,72.92666244129337,64.26297754284082,70.46053586350904,68.37681392519399,66.53234887556083,68.42735134902874,71.34190935469455,73.73114755749961,74.40940391351651,74.72970396100622,68.9038281888703,64.59932007998168,70.26515198415325,69.28240786460235,69.48740835984877,74.97545967118316,76.51993710869068,73.85551118150595,64.47179036598183,64.47456042829768,67.83912845817437,70.22185906123073,64.08646943575441,73.22070734761441,60.48997472835636,64.37586373737913,68.43159459485376,60.98129399739551,68.50676815569679,68.92451355136491,74.85480596090039,74.16105641379251,73.72145235015189,77.27440233930331,64.74419737632765,71.89986174996432,73.4383423270802,70.39707136781492,65.76706298363857,74.9146564908794,70.60186480621503,66.79465842300115,67.44682618209087,72.07950076052626,69.88233545044821,70.87307339434194,70.47571626063696,73.01138192097535,68.47600884061596,73.97500815866293,72.67729278741211,70.46888804441114
1610555617.19EKxMEwDHfXiEJZc27TsGoERaD6Da4BZU,49.01642031072854,75.47176092900298,50.51095345940996,72.47974681836041,0.0,63.54920407273076,45.75869514018126,52.56339737038079,45.18216204286695,66.17937159878016,75.86729110271628,74.11890760931263,75.1873168409087,52.61093800942607,71.99311681337524,71.55207699757767,80.40917477352718,73.84889245054956,57.59007347446861,69.6075251653033,74.49302231141858,73.57950176167772,50.116175744860776,52.06227203887063,66.74400452276245,62.47270800206153,47.262180295381484,74.30114846188263,75.03379360223008,55.791725260732775,65.1010120993265,52.27959694278487,72.91810948333081,76.05619906728458,73.77813155259824,73.14731365888477,71.07981706901393,72.42916617549398,73.95182734303951,71.6357375118093,71.91150364000576,77.08526448799782,70.82832636986119,71.9312574163645,77.81066355658233,78.43066660827564,70.40405742455943,64.21122145734617,68.75482451046729,66.65653915059887,71.71628131388591,61.1381307513746,73.25710142227337,78.54225997639571,66.97896916322314,58.57385061819725,65.01187339205998,74.41537977659348,69.5506833970738,61.22253233018522,73.46807086459071,77.30977745834426,74.05357268231671,74.58836631125345,69.05818995522772,77.6174786595093,69.39795991303086,73.06131993935418
1610555722.52PJ3FD50MGhRXyUD28vluU8Z9UjLJLZn4,62.257146036973616,75.45148190453222,63.33187650577253,73.60680602230467,63.54920407273076,0.0,62.28704793843845,64.35383022111746,60.38662052731434,72.97896882500979,74.53891921898239,73.8627159443252,78.65491228608568,64.92961138643363,74.0687722505544,73.80121829894249,79.67398952936028,72.69627715401286,41.441273487195936,73.15384932276723,72.17119197430132,73.19682993343432,63.38301101850088,64.3182795978949,68.41716971488071,31.82277725974772,64.43121605744523,71.13639545571877,74.16393924790869,60.95357971892712,73.82197694794462,59.89547535989839,77.9843774302698,77.18356123242165,75.03675203226196,73.64565718124189,76.62392612339553,77.21624544731763,73.56961530337485,72.93063899370759,76.29249758219248,75.13909013085237,74.134348182887,68.32401361298828,77.21760217500776,72.16257382120178,68.15270453226461,67.22168603875978,76.40271273345006,72.27775069834833,69.37504848714974,64.77944652954235,72.33755108686378,78.70038078479983,74.50361006408316,60.80033327507224,69.79006118592305,72.18877519977367,68.55065015385479,58.41110303766917,71.52090047941013,76.4637967511542,79.1795003337283,71.19127056885112,76.50716184562884,76.47230752460675,71.37185015644296,71.83323599432232
1610555617.52Ijr5puT55g9apK8auM7zaxa3NANg502t,47.44395658738368,72.26124303574935,43.623463220275355,71.82465325944781,45.75869514018126,62.28704793843845,0.0,46.48710632937176,50.10560849821948,66.35017662748346,74.40315591689246,72.60126534160962,73.90168350648553,42.224886588382155,70.96271837702774,72.55315521750994,79.2888360407695,72.36487979305369,57.0206634262257,72.36305354957886,74.2917631392517,71.57970659526445,59.594446211570826,46.2104791010027,67.10633443460372,60.25485970565684,57.59943839138205,73.33434493885484,74.01577414889358,46.77598692977075,67.57121242137832,54.228726175336185,73.19336528804594,77.24965430297402,74.15022502722807,72.882679620616,73.37308507633657,74.02846172124399,72.21258992848023,71.47428051470143,72.72371433956181,75.30878304497651,72.86856562453727,70.90057339385478,76.27590044152124,76.61159423378055,73.04445930920788,64.51640438094883,70.07078223628822,72.37988164857595,71.24350390759851,60.744745830062556,72.35596182019215,76.8665260563649,67.98084442109719,62.6707374397329,66.7798107773345,73.94385196195798,69.06791848122113,55.91797462910042,72.91827772281879,76.42802496926257,76.24173538696989,73.16286520579058,70.78212878865594,76.31189406409595,70.57669590363344,72.67940732344594
1610555638.77ZLjTLkz4jYJdFMI2wWBztzsDILkoOtAk,31.621207363754813,76.00795743394536,23.749493662263966,73.74506997221006,52.56339737038079,64.35383022111746,46.48710632937176,0.0,42.90740222292357,64.69050553643225,79.58525870781723,71.6162458191504,72.94960190136841,30.418732049944317,73.11155031556537,71.06070727057259,83.16925163096332,75.52325365544958,56.87479579709163,68.34380388512625,73.73403033339179,76.56772463203014,63.756239374755005,18.173833801205134,70.02654880544334,63.085788234118354,57.43449800889081,73.36658942780457,76.11030010777573,60.170147428602284,67.47545528488119,62.0477101600087,71.28157949865577,76.26155180649202,73.95671160471586,73.8350979660474,72.3787877836484,74.33127444713473,75.73982316403685,70.80530167579016,72.37951370321359,77.56877247703555,72.46740464292482,70.19422326894335,80.06707277977482,80.50225460393388,71.56655498971587,63.82380582076785,69.10521760383511,74.39220383576465,68.90652970378157,61.59570558490702,72.29494974591641,79.77729678146082,67.02339955319728,66.56525499641835,69.44384407012326,71.21095284196335,66.96692067860718,65.71261251822578,76.81195692260981,79.27150444581311,76.29991414179666,77.6668603787472,70.80043025385957,79.44568093073745,71.09205178913471,76.43859259156746
1610556912.46C7tJPLF0XfNnm8f1820X9aLmXMHoc0Dw,39.09687803211769,76.02470790216346,40.72331857639669,73.63181918856148,45.18216204286695,60.38662052731434,50.10560849821948,42.90740222292357,0.0,66.13633632628041,77.91787279430946,71.20364506156102,74.26954432746925,45.57142971592188,71.14239654669244,71.19722749703129,81.24995849015878,73.83188992148324,51.26060528294257,67.82724845678622,71.776336508748,74.3012424567196,60.19653977671804,42.3508513086465,68.12808707620195,58.47895201571204,54.23017687910802,71.75939250383536,75.11558438616801,58.92094897938282,67.88562635068403,58.16731397646953,72.61418907260828,75.23082538479999,72.88019279592177,71.93650988265392,71.71795101729599,74.27322087618268,74.992668035572,70.91329288163685,72.44309994917882,75.82973474811621,70.54473360801114,69.26890217654493,78.28077313951046,78.0689523714522,68.40504974601781,62.04121544346847,69.8668361881634,69.95224513100887,68.62903019947017,59.963066664298694,72.40850973196495,78.45194385610947,68.4876847897013,62.35765432496213,67.18149172434103,71.42952704544768,66.65115049899238,63.420780664530334,73.97165338747341,78.25064441466705,75.91991807567129,75.10715442645984,70.90944203628247,77.74045440519636,69.54364009583603,73.70995657005703
1610555617.51LjzIROg0aeCP2GhDcAVQ0LipKJB9jmKc,61.220206148405076,66.41595778748933,63.37399678583438,73.22764141960484,66.17937159878016,72.97896882500979,66.35017662748346,64.69050553643225,66.13633632628041,0.0,79.87293919507746,74.77643163048391,50.53160943080891,67.73827336972376,75.38844449417188,68.31489392468706,84.85398038096831,73.6569786836831,72.55694605202636,65.63088064543497,76.70817001475052,79.10025712764359,66.56075779126067,64.45846728838461,67.92886526271185,73.47999396675226,64.62160581440203,75.85225287342067,71.95702308448573,68.83926175960244,65.57722438349312,71.7931436746677,38.22973009463433,69.46660003457619,72.59449733741822,75.8542690252257,70.61657092977873,64.93477834316874,66.6270406174791,72.06953787085672,74.861966846401,79.85044618173214,74.72070679379797,74.41660930326056,76.38080925149698,77.39642410656555,71.3366865661838,63.898677220611866,40.46660934299487,75.07333468260724,70.79549085414531,69.77688283358178,68.88761643360407,78.15409946983273,67.81974552228148,71.4735987878441,73.08216238622421,71.54564477326906,70.18998945313666,73.22883780206662,77.16774783437216,78.61215629804332,63.279026955328455,80.05175494365804,53.951508013240854,81.1290708415318,71.65126953664507,77.46134599958303
1610555608.17OpjjHobqRkX0UPcaXrbu7K6L3805SZri,77.72997932751085,69.02535235475581,78.56837925807812,58.59886637730034,75.86729110271628,74.53891921898239,74.40315591689246,79.58525870781723,77.91787279430946,79.87293919507746,0.0,70.42012978673046,83.5833529935208,79.50776564633485,70.90732117712804,73.33781287345106,51.645997527841466,66.00801155611481,73.63461951049943,76.97449660877682,68.10871601577459,65.37654220783371,73.85007865087677,79.70640944421022,72.21042617372123,73.60475986860173,75.6680016460801,69.5121507133557,71.06773666991877,70.65680003411191,78.0395894285065,73.54173998743353,82.46514838247039,79.60318195392685,72.39670172400307,68.49946235874643,75.21702759594613,76.64730872409035,70.13196050681178,78.83569513719061,69.14358028290815,60.76458478061614,73.61297861334543,70.17563021448754,68.7525050549763,63.343034890204976,78.90064127258168,77.96676401486393,80.02345275824416,76.43390886176904,73.51873721178664,77.82462587075908,76.265230614189,71.35621991621767,74.86942271088138,73.45017269920632,68.1805377354704,73.62597300855467,76.28437225363199,70.39695909180685,67.83866638757343,66.70560223417446,75.30095154288496,67.51713595780693,75.41863167589791,66.10785378852937,75.56388105994517,70.34388655735125
1610555721.82zWeNZfGUUfRJkgnAwlP8VMhPzXctnSd4,71.31217102003048,70.1202064284531,71.28092491276267,64.28358807296651,74.11890760931263,73.8627159443252,72.60126534160962,71.6162458191504,71.20364506156102,74.77643163048391,70.42012978673046,0.0,80.88245539048674,72.05310370133981,70.70534567796226,63.53992500679883,76.43911472588034,62.76469042118854,72.82734164607176,63.62707629172557,42.98333895379369,58.81122844864714,74.24124080413924,71.64795940748193,71.85606258559612,73.51524784113552,73.55131240639042,57.23122550248989,69.9218040177399,74.36103242281553,75.1284023808073,76.19743555301696,77.7057450807037,72.37041481999884,60.416032918734935,61.25037988813104,68.91707888760924,71.55855573277992,69.73310973278168,75.0305634335571,65.89687052678433,61.61009213550299,72.24914259866236,59.77866159255045,72.34825430422774,72.64995918184133,69.68858406551519,71.63009938382302,75.83145484369403,75.23110145878705,53.19783697452061,70.30077915951556,75.1752659356352,72.05307182438082,68.91370282023752,74.60635398913,72.04107133027199,58.55748480117117,62.505289565103816,73.47816600564285,72.22092298165003,72.56420806739428,71.14613606283015,73.93650345817231,70.73225789308893,72.19776479495297,73.84500826018981,73.31944300326242
1610555735.75bom85BDF0C7W2eIseHeMxi24qR68nzMi,70.77501579608428,65.33025190592728,72.34841989413682,79.01201320605077,75.1873168409087,78.65491228608568,73.90168350648553,72.94960190136841,74.26954432746925,50.53160943080891,83.5833529935208,80.88245539048674,0.0,75.0551125713289,78.12463010584,75.7562954452758,86.8769414976882,74.6885723553533,78.79736460439801,72.8009359648923,82.98881869501238,82.01826023665336,74.89870414736181,72.91204660952796,76.9846272977836,79.00658249292466,73.7232907797389,82.13023265333938,76.72606591679923,74.3676764283772,72.38791192138028,78.38472678583021,32.81897129349642,74.2499726391911,79.97847240118828,82.76900766774011,77.83603866670845,70.51049808188141,72.79934996093945,77.6883594461857,79.75211994066117,84.16151382679705,81.11716076742653,79.36937966110186,79.51825621948187,78.46514552748712,78.45157114397031,75.02455270799344,65.39492822480672,80.82200796701606,79.35301219831541,77.766455489804,74.26979855480252,80.07907146986491,74.87743345958438,78.18119036789939,81.81741146131068,78.45062024364731,78.66859781321435,78.99972071351313,80.49315074281454,80.66466978360378,70.1145749268414,84.30294310262906,69.79726780877988,82.54466786749872,78.21356885513114,81.2202078373965
1610555735.77NnT5xqKnwcf2BbjIekeb2arTQj6QMNwk,42.611459859047834,77.1501649891327,34.56697146358343,74.61449043892878,52.61093800942607,64.92961138643363,42.224886588382155,30.418732049944317,45.57142971592188,67.73827336972376,79.50776564633485,72.05310370133981,75.0551125713289,0.0,72.95749117129341,72.5376248979878,82.55121646739833,76.03114538692688,57.688404193570086,70.9068561300754,73.92409068971385,75.83800165454704,64.65955781860875,32.58535751651471,70.60107770313742,62.53751342387209,59.62389130941685,73.80984653419031,77.17532845362125,58.489827033456955,69.24075821595277,61.734345619051844,74.00676007742467,78.39842318369453,74.81446908318644,74.29954375454692,73.4171287100462,76.29364628840052,76.98770910359117,71.57644928012843,72.77055268568678,77.65520600762737,73.04733983577678,71.97905622894694,80.35417640317904,80.6482275155275,72.81196444368992,65.53533793775559,71.55864781751627,75.08871289003142,70.00106648482819,61.91639469732876,73.6445455702042,80.64029288957148,67.92626977574541,66.87467186911655,69.36785755393367,72.12871552328373,68.22341788105174,64.08434388209918,76.04603575032749,79.32348667712624,78.22754611902344,77.05618586970787,72.9688858642819,79.10120194375632,72.30496811604621,75.60578055988431
1610555638.33wjf1PhdNaoWfbRzXVn50hmFyB5bYAiLV,71.8393428514703,69.98094874445312,72.46044350513601,69.07504071749794,71.99311681337524,74.0687722505544,70.96271837702774,73.11155031556537,71.14239654669244,75.38844449417188,70.90732117712804,70.70534567796226,78.12463010584,72.95749117129341,0.0,70.70223079840372,75.80805890196025,68.6506938228281,71.11298884341842,72.08863463270646,71.51145105042336,66.82717284117189,71.94051958324707,72.98418060199286,73.32620796939761,73.67922471090436,70.27516919831142,74.7356046913616,69.24612799273078,71.06204724659386,69.18533922793662,72.76335726547595,77.0348323901856,79.81726577264229,65.60599714872912,66.52442570056782,65.71026485868954,76.93190177629937,73.12386916127765,71.86491849506375,60.541045693043735,69.82081906537648,57.60597104379643,70.50055830581896,64.38178789219253,70.69804766088333,71.49411976046618,72.13734889064943,79.34668649781263,73.86477212407047,70.77373419600906,69.13977319783656,80.8053574940307,69.73314824195522,69.04808948195713,72.48914737870581,67.39074179565746,72.64310852895373,74.11795672586655,69.51637394246202,73.7695621868751,67.74164074282592,77.61943849514255,72.25350301414973,76.58813983723601,67.35938715020254,73.68856357366361,75.78996304315235
1610555606.65jCE4ig8Pu8kvAzkxnSGfWsV0nQBjCf8H,69.94429051968314,71.8280935416648,70.14318800925415,67.02326768405108,71.55207699757767,73.80121829894249,72.55315521750994,71.06070727057259,71.19722749703129,68.31489392468706,73.33781287345106,63.53992500679883,75.7562954452758,72.5376248979878,70.70223079840372,0.0,79.34761991921556,74.54914832887918,72.89424397067884,56.53023350739218,65.34945904841162,75.53156376645951,68.49493121805641,71.04643199787604,71.87608123619673,74.52877525181161,67.9701648193796,64.68139273025356,64.03845250822812,72.64818470059423,60.282727076955055,75.36470492734597,70.89908379702122,56.928018054949455,48.85259883749984,57.69900139369636,58.52718456261712,53.00523311055008,72.32046345875105,71.67767835236162,63.897807840012234,71.95792647166496,69.62395930064427,68.47312472217776,70.49956692792108,77.23996819544898,68.06267157882994,68.68104564892097,68.74930217721297,71.71532073677196,59.90950781415662,70.80360944906047,66.61992525621449,74.33038813485707,55.552959155690885,72.44308913587757,72.78106017326748,57.77021213595221,62.29936564726326,74.43250606604865,71.1375764216839,74.14511528795559,59.952509107899616,75.91165055337223,63.09493314036258,74.42590345623182,68.78806238150568,70.8572261401053
1610555608.18ONsBCVo1i7BrX0XG9stct4oiA6ejX9Oz,82.24130455375378,75.6860240636318,82.49416226962592,72.92666244129337,80.40917477352718,79.67398952936028,79.2888360407695,83.16925163096332,81.24995849015878,84.85398038096831,51.645997527841466,76.43911472588034,86.8769414976882,82.55121646739833,75.80805890196025,79.34761991921556,0.0,71.48894783882339,79.11964702719493,82.10017642960008,73.41419943233262,70.79428123555445,78.66951560861051,83.28059516283959,77.15589504510824,77.12891004725837,80.55425865053627,76.38320034647111,78.16823911306376,76.36800306068922,83.33581609000849,78.09083776012386,86.44791052134907,84.10914715887466,78.11002608916962,73.66622827169816,81.13484950718058,82.37789972174932,76.23483198142563,83.00438583882804,76.04554385686491,66.7014484711753,79.32667717295703,76.6487110663226,73.39751395641025,69.79578869945561,82.81954690963485,82.27147087634286,84.2007226642513,79.32346022257839,79.66673302644796,81.96412988511791,81.50656134745822,75.90339192554772,80.00801993916406,77.8410570611631,73.06573836368878,79.22091868766252,81.5242327106971,75.83011812642036,73.06284437345823,69.44120095492075,78.77409544000687,68.98955036251468,80.59669999955416,67.16894238516242,80.26528102994027,75.30231164205169
1610555721.51RNoQUMP19FTMS79BmA3JkgSm2IC2AQuQ,73.55479725303373,45.26498424769878,75.2656043945676,64.26297754284082,73.84889245054956,72.69627715401286,72.36487979305369,75.52325365544958,73.83188992148324,73.6569786836831,66.00801155611481,62.76469042118854,74.6885723553533,76.03114538692688,68.6506938228281,74.54914832887918,71.48894783882339,0.0,72.9574980448686,75.22616420310945,69.21586249151935,62.11391114316487,72.50924380808011,75.55872520275368,72.67131843519194,73.34234229216928,74.58647509139385,69.55742164661395,71.74617044459032,70.14678596192933,76.3659589868968,74.34242083762688,74.53576753605884,75.95032956688674,74.66997138081273,73.03128732757565,77.05944561196587,73.56145883052375,65.35314135951762,78.53843843994458,69.75044306987483,66.42344959243897,75.15630150969623,66.42306363845844,60.5952861242098,49.667974023914056,75.91125756830401,75.91880478507507,76.76546054806649,78.6519241779693,70.76275404427125,76.02229439075049,77.41434765557159,69.5432467259866,75.58406530063091,74.54206835809669,71.89103645960041,74.40087893929193,72.28120694804348,70.88155582989899,66.66668204330274,65.376407788781,75.62869170999309,67.4344720446024,74.9807698936269,65.2069223978925,77.8713932251092,69.19803086775451
1610555971.86O0cHB2ibBJ8jxoObg01EpGe8VVV5mpwn,54.40591417666338,75.88991824997234,55.440320688643645,70.46053586350904,57.59007347446861,41.441273487195936,57.0206634262257,56.87479579709163,51.26060528294257,72.55694605202636,73.63461951049943,72.82734164607176,78.79736460439801,57.688404193570086,71.11298884341842,72.89424397067884,79.11964702719493,72.9574980448686,0.0,72.68476512304025,72.51697298299979,71.14165725087122,65.73088644271259,56.63734259718449,69.97991722991472,47.38201698463181,60.974645716219555,70.57003401083905,74.8574343867402,57.96348145260713,72.75391384920037,58.451808051250715,78.36480972243423,77.79348426318434,74.09309262208974,72.37124969364218,74.51089978253026,77.688268012016,74.67949040483833,68.40854287152253,73.52293613959651,74.77632060048165,70.74664711327816,66.59992142363116,77.43786534533187,74.98999695418664,71.10115376237654,66.20366508832646,75.52827014615875,71.93924961825327,68.95031860226632,59.53850589105745,73.34570326070897,79.22346656157589,72.73527086749769,65.62498473037803,68.05163996135273,72.43479422096684,67.7759036504718,58.920383957211186,70.8780019065566,76.66153477734578,79.25499395869738,71.50229523621685,75.40283050242687,75.87646906512983,68.25085502458859,70.13340735353809
1610556911.51zU3duZSGpcw1BDNsBLxdOCITAXwl6z3i,66.92365817836436,73.4098014759071,67.09107049829109,68.37681392519399,69.6075251653033,73.15384932276723,72.36305354957886,68.34380388512625,67.82724845678622,65.63088064543497,76.97449660877682,63.62707629172557,72.8009359648923,70.9068561300754,72.08863463270646,56.53023350739218,82.10017642960008,75.22616420310945,72.68476512304025,0.0,64.20644981443745,75.06846260132592,68.38274866934577,68.0544734579877,73.16131193882295,73.50612156792704,65.81966253547644,66.60142775505855,71.26703631159077,74.10472250131937,65.63215932243045,75.3329876742359,67.64132337618665,64.71944352303235,60.66358068907235,65.48500012713437,58.59668021929323,63.1729239334378,75.12839385911604,74.94440659466407,67.06750502813186,74.66981207927589,70.69529921678581,66.85471093828839,72.83643526750275,78.39146474864084,66.26154001075166,67.36521318422606,66.68331917379948,73.00714897903573,60.302949785663756,71.5245353425169,73.68650357562868,77.34743558667314,58.9167592194934,72.6614404511471,72.14854039973652,58.552872847775156,64.12599269110783,75.2379743362792,76.36196212931598,76.67437684466687,61.17298387828787,79.69094296098808,61.59135444237712,78.99070643119936,69.8238758469472,76.52127429509385
1610555988.71dMoYT8250UHHJGxgmITTmbHe7V6gH1yU,73.7856998954065,75.18744774608834,73.12926182997434,66.53234887556083,74.49302231141858,72.17119197430132,74.2917631392517,73.73403033339179,71.776336508748,76.70817001475052,68.10871601577459,42.98333895379369,82.98881869501238,73.92409068971385,71.51145105042336,65.34945904841162,73.41419943233262,69.21586249151935,72.51697298299979,64.20644981443745,0.0,63.527566247615866,74.5404584005044,73.77669037091283,72.63929622038671,71.58933765684951,73.84924566862972,55.85794452337158,72.17869917319064,76.12403118575457,75.89343454272556,77.30003566175695,79.75355758375036,74.56966922768464,59.17513741683256,63.11483968192755,69.2829077887518,73.54538118079776,73.19715077658373,76.7752224832064,65.95735798155562,62.75729143494129,71.39465786798685,62.35897181905276,73.44537094039508,72.73111862506128,68.592257599825,73.03403308235931,77.17689362491582,74.88114115443628,56.1775317852578,71.46429888242898,75.87815782360656,75.23935560562572,69.62061421058337,74.3967404365785,70.76924673610104,55.09712053385776,64.44927171628527,73.3833473543459,70.7942923085325,74.01559972149562,72.01193700477835,74.16520081721862,72.02903574683062,72.5567731896096,74.66745029848477,72.03132273644
1610556042.81mlUZsSp7gbGjrp8jQSnybT1gPy6e62o1,75.62359001187309,67.37094438632725,75.58825225796798,68.42735134902874,73.57950176167772,73.19682993343432,71.57970659526445,76.56772463203014,74.3012424567196,79.10025712764359,65.37654220783371,58.81122844864714,82.01826023665336,75.83800165454704,66.82717284117189,75.53156376645951,70.79428123555445,62.11391114316487,71.14165725087122,75.06846260132592,63.527566247615866,0.0,71.3596684822839,76.39099971140216,72.01850808776229,72.63832103234739,75.4244546557111,65.01362433334135,74.20377519326219,67.01486452346336,79.64047311304712,69.60949018750874,81.35750903630931,78.83881888719748,72.12410769294868,68.49859551882975,76.36072405642074,76.88307258586634,70.56765137398234,77.19485830578493,72.54864387866203,60.05338001036965,74.0405805822642,68.91953356313843,67.08028936334192,67.40602478171276,74.80604254253903,74.93793051373423,79.2229397480815,73.47519216210148,69.76401729748923,74.00722044440704,78.84635352864004,70.61733068445439,76.73612245944389,72.54200352120068,69.31150747002319,71.49672186435924,73.57312212386533,63.37709289201392,63.40727338894773,66.64316480407454,77.05444257249269,63.38380539000982,75.92398899043167,60.102543916739634,74.84970635643577,66.00734258576276
1610555637.02UBW5nKvDyUrKnaWcYRGajZPxTRDS0q3N,60.844809321846526,70.94933565115466,62.50282385739769,71.34190935469455,50.116175744860776,63.38301101850088,59.594446211570826,63.756239374755005,60.19653977671804,66.56075779126067,73.85007865087677,74.24124080413924,74.89870414736181,64.65955781860875,71.94051958324707,68.49493121805641,78.66951560861051,72.50924380808011,65.73088644271259,68.38274866934577,74.5404584005044,71.3596684822839,0.0,63.63033296301902,61.44395574138254,64.42887538309384,48.46920671292534,74.88606600319805,71.96032866076204,54.5910879709508,60.09761120885946,53.27616407405467,71.62975295142058,71.58998504334212,70.5093115611441,70.81132277965847,67.86297512588685,65.25529893041094,69.13477100508034,73.40643307983949,71.23680358618478,74.68280127117154,71.0109093315424,73.20615690572532,72.45450926661279,73.52293134435106,66.82836783939443,64.48819334413668,66.67566658949117,66.43697548813829,73.30245903273264,61.95425090018066,71.70631565551977,73.01907212989298,64.3840516233971,45.30053291988811,65.99376569777243,72.57347234482691,71.97041331637445,57.27984346381916,72.19553142114025,74.34797787770545,69.92473613874088,71.2224580568426,66.04189232570857,73.80608739102661,70.69752151280409,73.47505089456257
1610555619.13oUYNikU4facCTpUSiSLr0vPI0tJLnXiT,31.106800447048542,76.2245748631875,22.25346997965063,73.73114755749961,52.06227203887063,64.3182795978949,46.2104791010027,18.173833801205134,42.3508513086465,64.45846728838461,79.70640944421022,71.64795940748193,72.91204660952796,32.58535751651471,72.98418060199286,71.04643199787604,83.28059516283959,75.55872520275368,56.63734259718449,68.0544734579877,73.77669037091283,76.39099971140216,63.63033296301902,0.0,70.20364301917608,62.93079156673341,57.045598329340784,73.50173225633908,76.10161354750906,59.934216515719115,67.49570587520074,62.021838246688134,71.24517432806874,76.09931706017768,73.9602690784368,73.90475155286101,72.39652224410702,74.31735485093282,75.85694648180332,70.82128031389863,72.31306636068628,77.6083175916767,72.27293787537376,70.3162390410366,80.19195844072226,80.72151724625681,71.3980966610897,63.6150259613828,68.50150037837832,73.97759396348003,68.63826744658029,61.785260621746005,72.58087309556022,80.03873496989752,66.66810486024312,66.55696981210646,69.3203887878503,71.3159579292922,66.82620488929572,65.76277960702201,76.64138100380005,79.23004207898208,75.78320791102894,77.40140708961694,70.44129531632886,79.47101876340318,70.69842733194918,76.40735765401686
1610555721.03nzkucfjAUh31zTbmCVvTVYqtjoxZFnBh,67.34924700025392,70.19556907879361,69.07837384695816,74.40940391351651,66.74400452276245,68.41716971488071,67.10633443460372,70.02654880544334,68.12808707620195,67.92886526271185,72.21042617372123,71.85606258559612,76.9846272977836,70.60107770313742,73.32620796939761,71.87608123619673,77.15589504510824,72.67131843519194,69.97991722991472,73.16131193882295,72.63929622038671,72.01850808776229,61.44395574138254,70.20364301917608,0.0,69.4081319051459,68.27801064434735,73.25968240149706,73.8983158352368,64.2720053430339,72.54095165593394,64.44042659447256,73.8493157969281,75.06795292857375,72.80772650244833,72.20570025031019,73.69707375054769,69.90981269030478,58.731153337090355,72.89955410428095,75.41675595863975,73.26642805242321,71.99927085110875,74.23419405292717,74.70974056603333,68.19645609151144,71.81763608593675,62.276044507514406,68.5035906118415,72.11786153775168,71.66225684608476,68.1758672928235,69.46104957195823,74.06643926796242,72.94616843310484,55.65771779214801,59.68684088170164,72.84240070755313,70.7378941331701,58.49332235861962,69.37490386941869,71.76068478997516,73.03303657649286,68.30784943036937,68.33068964178341,72.39301518599629,69.41794409101551,72.33584836198854
1610555722.67fhKURdXVzRbLIjXmjRwdJHTnE7PWb1AE,61.6524033202881,77.10031765023194,62.04918312525065,74.72970396100622,62.47270800206153,31.82277725974772,60.25485970565684,63.085788234118354,58.47895201571204,73.47999396675226,73.60475986860173,73.51524784113552,79.00658249292466,62.53751342387209,73.67922471090436,74.52877525181161,77.12891004725837,73.34234229216928,47.38201698463181,73.50612156792704,71.58933765684951,72.63832103234739,64.42887538309384,62.93079156673341,69.4081319051459,0.0,64.36634042505173,72.22688775891076,74.46889555658521,60.77838693616217,74.24892533310003,59.61190727821524,78.30366668263866,78.47374586180808,75.88448823922249,73.08154735532825,77.06615087700662,78.06353310256496,74.25507096916215,72.89593874494723,76.33837974008023,74.69571164878396,74.51456708190673,69.29048353294998,77.74229521395048,74.20192110269899,68.92221801132102,67.75835990241549,77.07558829923889,72.11680881971412,70.36929368163072,66.1193910296266,72.25504742592248,79.28863700979501,74.29774931031743,62.08312040952165,69.45197179037707,72.94898194359801,69.3189303740289,58.68221877825228,71.50041138278618,76.91093697097013,79.54882388694095,70.83405858013992,77.02691413107252,75.6522652729573,71.65494595547162,71.85705173368363
1610555638.39J2ZWBLuLTHP0jOlzB4tNHmYeijH5g5YJ,53.91045887110595,74.53223962568799,55.61323887560064,68.9038281888703,47.262180295381484,64.43121605744523,57.59943839138205,57.43449800889081,54.23017687910802,64.62160581440203,75.6680016460801,73.55131240639042,73.7232907797389,59.62389130941685,70.27516919831142,67.9701648193796,80.55425865053627,74.58647509139385,60.974645716219555,65.81966253547644,73.84924566862972,75.4244546557111,48.46920671292534,57.045598329340784,68.27801064434735,64.36634042505173,0.0,75.16824833172889,74.45977725651518,61.559466577541265,56.38630539467405,60.00141408729525,70.87268854993378,74.69393181235448,70.64110186854302,70.48902705942874,65.98214192591462,71.13756938058465,73.91174061145458,68.25471747825783,68.21181765911365,76.223961301922,67.94500700428627,73.6471023906632,77.374832407551,78.69593571130078,68.46452145753695,61.864695687786906,67.37232847661501,60.843889476120225,71.45934286786725,57.121483208854826,72.70450769742888,77.52528298529593,61.700836134020136,59.70052121700151,69.20929724883932,71.94640072403156,69.83698462464372,64.53052890486481,74.72689835911642,76.34616944796579,70.8700665569709,74.93134786953286,66.51916677187766,77.31187850894909,61.26520219001213,75.24758113142705
1610556032.17Q6yCDx9g7alRnL9jBFXD2JhhUyB2hKfJ,73.01924588424771,72.85855645857838,72.60426905788009,64.59932007998168,74.30114846188263,71.13639545571877,73.33434493885484,73.36658942780457,71.75939250383536,75.85225287342067,69.5121507133557,57.23122550248989,82.13023265333938,73.80984653419031,74.7356046913616,64.68139273025356,76.38320034647111,69.55742164661395,70.57003401083905,66.60142775505855,55.85794452337158,65.01362433334135,74.88606600319805,73.50173225633908,73.25968240149706,72.22688775891076,75.16824833172889,0.0,70.45713005441685,74.71935485938901,77.59478702458011,76.9908758604165,79.05806163020011,67.5274523047821,67.41350168309688,64.79424083779963,71.92380807167189,69.97750792000943,72.12997933527495,74.03689933876267,71.81913606459548,61.613870276559325,71.70551330034688,58.78699507364556,74.30985743355065,70.49245363617904,70.94054607061553,73.07197481181794,76.81905929895738,76.91372155602159,56.28403121966041,73.3435892452596,70.819865014696,75.6751368983947,72.39765426814492,75.41295642084789,69.41420908581345,59.18953344277491,58.83155267546053,73.69118980837877,67.46106612779298,74.14570545324891,72.96836116729598,71.07178200673363,71.73133178765764,71.43213324534311,74.65013834781465,65.57681826083683
1610557007.49MyVgDnuUuBxrvL6SGOdhKf69VYlW1MSm,73.83099765969051,68.6432708786125,75.09700204623682,70.26515198415325,75.03379360223008,74.16393924790869,74.01577414889358,76.11030010777573,75.11558438616801,71.95702308448573,71.06773666991877,69.9218040177399,76.72606591679923,77.17532845362125,69.24612799273078,64.03845250822812,78.16823911306376,71.74617044459032,74.8574343867402,71.26703631159077,72.17869917319064,74.20377519326219,71.96032866076204,76.10161354750906,73.8983158352368,74.46889555658521,74.45977725651518,70.45713005441685,0.0,71.40537854179253,72.44110095213126,75.3700068522961,73.86358032819669,69.84996429552784,67.98020924324902,62.01135593441413,73.15922130653091,62.11697321891792,69.20379602378905,77.81755583824734,66.15630645534092,71.4088544770024,74.19955658902693,65.6969190954386,68.76427342850083,70.22313696675683,77.58775920571803,76.01697267888551,74.00873977023313,77.1069257287709,70.27185180034445,74.55457560125355,74.07479125933878,70.04591038886423,71.48503914220674,71.76491452338401,74.37446202635434,71.84671242867923,72.38343028351176,74.71215394570291,73.83997168753727,73.61898033277838,66.32712709453524,76.84045442105582,67.26043013727927,71.12762760040812,75.52831844369007,74.44864159804574
