,1610555604.25mOvVXuL01OCiReyVWBfesjuvXmB3MoPy,1610555605.43B6oDsBtWRQ29Q9UMQuTUEPZy3FSSWXzc,1610555610.92HPGJJSmyPM40z7otPBgHalNrHFA7zk5d,1610555606.68LaSQbm9EHAFycEfFtEqAwYqlBsQPjIRW,1610555617.19EKxMEwDHfXiEJZc27TsGoERaD6Da4BZU,1610555722.52PJ3FD50MGhRXyUD28vluU8Z9UjLJLZn4,1610555617.52Ijr5puT55g9apK8auM7zaxa3NANg502t,1610555638.77ZLjTLkz4jYJdFMI2wWBztzsDILkoOtAk,1610556912.46C7tJPLF0XfNnm8f1820X9aLmXMHoc0Dw,1610555617.51LjzIROg0aeCP2GhDcAVQ0LipKJB9jmKc,1610555608.17OpjjHobqRkX0UPcaXrbu7K6L3805SZri,1610555721.82zWeNZfGUUfRJkgnAwlP8VMhPzXctnSd4,1610555735.75bom85BDF0C7W2eIseHeMxi24qR68nzMi,1610555735.77NnT5xqKnwcf2BbjIekeb2arTQj6QMNwk,1610555638.33wjf1PhdNaoWfbRzXVn50hmFyB5bYAiLV,1610555606.65jCE4ig8Pu8kvAzkxnSGfWsV0nQBjCf8H,1610555608.18ONsBCVo1i7BrX0XG9stct4oiA6ejX9Oz,1610555721.51RNoQUMP19FTMS79BmA3JkgSm2IC2AQuQ,1610555971.86O0cHB2ibBJ8jxoObg01EpGe8VVV5mpwn,1610556911.51zU3duZSGpcw1BDNsBLxdOCITAXwl6z3i,1610555988.71dMoYT8250UHHJGxgmITTmbHe7V6gH1yU,1610556042.81mlUZsSp7gbGjrp8jQSnybT1gPy6e62o1,1610555637.02UBW5nKvDyUrKnaWcYRGajZPxTRDS0q3N,1610555619.13oUYNikU4facCTpUSiSLr0vPI0tJLnXiT,1610555721.03nzkucfjAUh31zTbmCVvTVYqtjoxZFnBh,1610555722.67fhKURdXVzRbLIjXmjRwdJHTnE7PWb1AE,1610555638.39J2ZWBLuLTHP0jOlzB4tNHmYeijH5g5YJ,1610556032.17Q6yCDx9g7alRnL9jBFXD2JhhUyB2hKfJ,1610557007.49MyVgDnuUuBxrvL6SGOdhKf69VYlW1MSm,1610555638.44hjT5hbYdKoE3MB6hijrjqbjmLgvCUYKD,1610555608.13zUvmFSCRt6SsLbhqFznMEvGx54GPGQzM,1610556038.62a5C4ynd1AARyAhTv8a58NCqHvXRjscqH,1610555644.45Xse8u7pusHNsd7F3d0A32HXvXr6weOJE,1610556038.62gKXOCG7XCn55eJvyl5voNjbwOW0znQDq,1610555987.13v0oleKK97pkesp6oMgprH8SoSdoDVdIO,1610556964.96ZLLeiQW0qpmxhPGTg7K03fmzkqsC2bjC,1610555987.13VQlEedQ50VvkPMEMzZDv3KNnQCewykN9,1610555982.186TY6MMGkDecIN1woW6vsfAMXVV7jnyjO,1610555982.673LuMndkwkvdmZOn0MmE2Pkidx0FtNalb,1610555733.38zItcuH7gHNfKdALR2d9Nek6bxCyw36Vm,1610556034.15BQxSbZINGCay0yp6RBVlgcPrw76Yn9ON,1610555639.37BPZpgtGml8qUsh9AdV4m32jPLfI2aNFq,1610556965.57S0adAalhWYe6K3bkZU0bRHbqnDK8gGkR,1610555983.54zteLPCMjyrjzPdhHhlZr3faCgD0TfYr3,1610555987.79rHnNRmt9a0ufmnwCvZqBouyUoZDNpylW,1610556960.041xWER61rmArlsKfiMl4frikWmUCnQ7op,1610556035.13a7NHZDutfTMJ88qle1gTYY59Dr4WmMsj,1610556890.456ZBDaY16bMtrTZTqAgHl3wq1tRxzqDow,1610555760.24e6890pkbyZ97Or6croI1rQgjkSsR0yVt,1610556043.02YpWMIJg3W004iqlPyv8OcVAZdSC5rNYw,1610555987.03z05P26TLtONYM1HSzupoc2CeNMa6HTqr,1610556032.15OYCzUxpsz7b10AXBAuDXrvEcvxFhf0M7,1610556032.63Z80yI9pNwS3jSmsDABbuhf8wkNa2Ze9y,1610555736.28eGuESasTXdR3SqY6pHhEXWZtcdciYLCO,1610556034.61bebeZA0MkaFG2sm3VKiqrxeqQginTTW0,1610556944.5XwXOphKYT3ZkWA8gViqOS97VHVuMVUqb,1610556944.745UVLFBzf7fPh4UH37I6tYQOFPqRDytEh,1610556034.63XsUwaFaPZevO1JNFjfhvY4aKNFnV4noV,1610556964.89xwBHw9faT1HjQRMNQEyA4qJ3hWkwgj3k,1610556966.74DydzH91jtyvRyYau47JpVkZoMRSNTt01,1610555740.77UueVziDbaXyRR4OcVJIIZyzOfAzN51bj,1610556046.84e3vwjyRCzqz0wJQhrk8zsxlFfFSv98Df,1610556137.99eoPuVrDThKAOvmeprLPb2FWRqIhzUodc,1610555740.73XFwSrmTXJPlaxGZSefh0jOVA8PI3III1,1610556123.88AOfNaz9jSnqU5Czc7okOv1RCrYfKFBTo,1610556046.85nB7NvyoYQeLcOV391Lmmut1wAM8CFGLw,1610556123.89H4pdIAzDthI7bMXMhlIhKUYIQIvtmPPQ,1610555740.87GOYQUJKpkynIS2lFqppYK4b32ol7NeGh
1610555604.25mOvVXuL01OCiReyVWBfesjuvXmB3MoPy,0.0,856.5940480892596,392.8191005690426,826.9774423492289,677.6777984326042,788.3141018969316,725.1794733406974,522.1002416916722,518.3649163230552,650.8135523820833,894.3655538050214,875.1224184851799,729.5791880692715,618.0932545654592,872.4064565996694,796.560789500783,911.2050840525179,861.6774203995528,768.8630927256987,695.4639365073305,864.2535974220973,876.6532471371768,736.0176085151904,490.3506069141216,794.173673233468,742.3169931522077,638.8987225921388,840.1664034848739,841.267304722981,791.3909725994386,755.0053549006467,660.4660983907645,691.5294919950786,802.9502153555687,848.9822794785929,865.89083921306,850.6478694756289,804.7352674326726,829.9647313973067,842.2477326721375,828.2775262850622,894.2051250559575,840.4960410895718,827.9762752908056,902.9292327128065,883.122122204086,802.2932497773189,668.9512508043715,734.8614497505048,792.4749051930236,826.640185041969,749.670229014717,787.7109411471481,920.2886310861606,758.9209442460171,769.6360538824239,849.4457209160597,849.5359795325955,809.6062533773804,851.024976719851,876.340614922704,908.1725252529851,780.5760821641979,894.165333319775,742.801377327551,893.5142917502587,756.8715964450157,870.4292498756132
1610555605.43B6oDsBtWRQ29Q9UMQuTUEPZy3FSSWXzc,856.5940480892596,0.0,905.7361894852754,686.1844198087799,799.8815072353541,827.0847950708346,762.5542426871164,923.369287169415,799.1900892617706,737.713532459178,726.1270560468066,650.7779532763462,740.7843970544031,841.7039623843089,620.4135219640727,706.656411903008,791.9961917866275,423.3921867951582,820.3934537606948,789.3244693732026,750.5934272004613,652.307465623779,762.7921651584101,917.3464652308132,654.9525233131393,812.730597931486,780.8323545491356,705.1065420531596,734.7078351256931,774.4573051418018,743.1299124025453,782.5659252441841,747.0465194905607,758.6351958791251,736.9949660665766,728.7762929438146,739.5520191669863,729.8396906526174,485.65727238609554,802.140387481176,714.4378148955785,692.3264431367085,768.3291438762682,727.3856859257374,564.8886968616564,540.1655455945074,734.0583572206457,766.4476917170518,768.5493327334158,838.0680019280801,795.5258367001019,813.0743339599338,721.3984592289735,663.6632337939166,778.3156955081945,784.6615106377943,793.7898558967034,797.9165846515567,796.3959935316311,762.9723254185703,694.5821799112416,651.3266325130026,780.1960493383062,695.4956855701447,742.741763009187,667.3158268159077,822.3865064654955,719.568397591671
1610555610.92HPGJJSmyPM40z7otPBgHalNrHFA7zk5d,392.8191005690426,905.7361894852754,0.0,824.0804886666988,691.6374821341492,788.0345171932194,652.1087891619483,272.6271116294342,553.5610057628021,721.7772098619064,872.1835829145689,898.0250779129025,802.3103875502192,462.0735781470548,900.9564511397932,805.6865501825964,881.1427338330586,885.4007239142328,775.1271433176859,719.9338934770312,856.6603863893166,888.9026471822866,750.4890742212946,212.56183634381864,822.8008108648762,736.8588599248507,681.21588776589,842.9338969155112,846.5935942480146,739.9957228863732,767.845031410019,705.6078720240088,765.1491922945023,817.7568520450249,846.8498357123839,865.3914194749113,859.7060683788364,815.581126603736,871.4394103362034,821.9080925467306,806.6428637172395,899.3201268589021,836.1998604044722,838.5453402109399,911.927781638493,893.2906252961034,809.4677164800598,717.8255699738016,769.2926909523953,807.9437356929361,810.4367320434505,729.7196774033761,806.2096034511586,932.9743041623738,711.1647210071288,783.1672707565691,837.1211568396845,813.1500865684731,794.0635879815092,831.0882042528939,870.2217421925334,923.8806310811331,804.2034336452309,901.1118678383934,770.9945028556203,901.8576748734453,774.7702628962973,865.422211101615
1610555606.68LaSQbm9EHAFycEfFtEqAwYqlBsQPjIRW,826.9774423492289,686.1844198087799,824.0804886666988,0.0,652.134050584671,623.7769007832528,693.3118842525107,851.7300534137293,731.5603753426362,760.3343315451182,536.1393638464807,685.0272324541025,871.8883965576429,745.4947383233555,676.8541846444999,526.4458293665934,722.700344255527,599.0040478089307,619.8202595939576,668.8265034820033,596.1297836566912,670.8516239883031,603.780457469551,842.6288643164701,643.5880905998068,661.2777443613898,655.8405712024102,520.4490810140081,541.3829609373823,636.125092761569,619.9878582526609,693.1509718593001,820.3578518538135,605.8131690774472,499.35087740257194,525.3970143113431,571.3241133122788,575.4465079503719,614.1089374728957,608.8319545126933,498.8531553095035,638.5919602145557,546.4816213843008,513.8878858451068,612.135907894933,565.8787017000983,617.3348240873696,666.5850344553056,728.357534949776,737.8969538043734,520.2315180847182,616.1939779098637,659.6148283402999,739.4704567747116,595.4079217849747,645.1309825201512,602.7371591278185,602.5297013267474,540.8992566558587,622.8877591951315,589.7789814158149,705.7888644553021,719.5193061328066,707.2148532173848,642.7292100673634,688.3371971009086,689.4750431487735,583.089926840195
1610555617.19EKxMEwDHfXiEJZc27TsGoERaD6Da4BZU,677.6777984326042,799.8815072353541,691.6374821341492,652.134050584671,0.0,499.14768138257267,558.6272601778054,736.0380287294827,560.7845219228724,691.3727217950732,705.3607017007953,777.0162169886084,833.6493633027183,619.1170034256495,750.781827785721,652.2800674930814,791.2502883907575,736.9488984149926,455.40348796914805,669.8743041549211,684.6908640050601,742.2489299857649,490.5581859290268,721.0612512439725,595.8176927222474,502.9795260643412,508.2240777009291,665.7003094829229,629.4511819104737,597.2631126342518,692.8930557608935,465.42570335312223,787.7649263619304,664.1576992110073,671.3318739314584,680.6663167532706,681.4928885562292,629.0910382957426,716.8872980561691,672.9888541411457,616.9997994997415,787.6586656585822,646.7199239040638,598.391204460214,784.8167140183125,749.3694538133741,668.5287812706296,651.7043407075527,656.6465888758923,664.6519078208295,653.9581748845683,611.9451114055564,725.6347628533995,861.3836309195933,678.0809668732508,510.3857153148087,559.8379162928973,662.938440494367,671.0530300897663,562.2810152745596,674.3952114563293,810.7226580464595,675.6699883449356,787.7363924824833,627.1874089580122,784.3924559351303,655.887409958535,659.7339685383065
1610555722.52PJ3FD50MGhRXyUD28vluU8Z9UjLJLZn4,788.3141018969316,827.0847950708346,788.0345171932194,623.7769007832528,499.14768138257267,0.0,665.1998130118527,820.6153303252905,678.5701001218713,769.5379383681477,681.5155337235637,795.3297022123022,888.1858816070701,712.9548970063554,786.0270308236776,658.9535413588061,801.7467554528325,741.0137864152483,339.3355692872165,714.7281356410826,663.8059563423203,768.24775634989,546.0351695914575,810.7528101003643,608.6188078337245,327.4376625649888,638.6154097321548,642.6937204323261,584.7603062505485,606.9002371312819,740.4303460452848,537.6512762422441,847.7028437383938,653.6558586714164,647.8429075413608,668.0168778334913,700.1902257829478,640.7022947485718,726.0384584729363,650.8002081868113,643.8902106223985,786.2712285251494,647.1057573545985,546.0207121822134,769.4204747391593,689.131715609626,646.1509457203858,660.8509116243214,733.9986531913581,725.2846129724015,598.7904169526577,624.3502454953734,733.0585231785718,872.3896395157807,723.4636585444953,496.2924182963098,553.6203542627705,637.1414242254752,628.843104881137,513.6781019315724,659.4730940491964,825.0311869936929,734.1684649383121,786.8036336620796,701.775801934349,792.9816987940062,689.8828952803611,643.3040767085197
1610555617.52Ijr5puT55g9apK8auM7zaxa3NANg502t,725.1794733406974,762.5542426871164,652.1087891619483,693.3118842525107,558.6272601778054,665.1998130118527,0.0,676.6707032376406,591.7261677296029,793.314157648736,712.5325744665729,739.5563512699537,882.4012988605548,501.992968147521,758.0345735629295,717.2357849025668,783.5932237421132,722.7726768815453,640.964829297345,768.9418996864082,700.6686682585706,756.8877998831468,656.0511574415933,664.9159564485074,659.3614226816442,625.7801363602692,672.0193905842142,710.0717135294963,722.5648407350824,514.6121684500913,745.3639215655513,623.6076889372195,863.1449873225575,761.0645574890779,709.6009123201726,710.3323948679603,728.3322834036811,745.7827811581012,732.1894901481654,714.9757256615983,656.8907360410402,789.9461309923755,723.3184798679546,696.0629274506114,771.5605076035152,754.4016944893086,731.2532522382063,711.2419827611144,786.0150475453155,798.1527353645631,709.4821341835602,662.4206631532429,752.2935603753707,845.8475191614361,681.0870441125169,669.8334452435798,670.1311145843201,680.8076273160873,707.0318929852485,578.9382539912407,719.3130571762154,818.5358154610624,800.2020452927903,792.3958836166665,746.7140928010289,797.516823124756,774.1110561735119,714.1783406716575
1610555638.77ZLjTLkz4jYJdFMI2wWBztzsDILkoOtAk,522.1002416916722,923.369287169415,272.6271116294342,851.7300534137293,736.0380287294827,820.6153303252905,676.6707032376406,0.0,624.1295637789592,776.8695628935009,890.6704438811719,926.256010375369,842.0686371705262,425.2432327357055,923.4834888253779,839.5911048924661,890.6067959864791,902.9365281976535,818.7038928488719,766.3287569077501,877.9811059885697,914.256525633574,792.398021095797,128.52459595375828,857.0292748324006,767.5018071621388,734.034056657194,866.7851956349454,882.9096189116389,780.4922991480306,799.9923684568332,757.6352358398319,811.9925462926852,853.0244418233619,870.3887298272274,887.1684832932032,886.9526571835528,852.4350358474288,898.4934102967918,848.3375199372593,834.8311829506043,912.8783589563665,862.0352684888047,872.6703706856161,927.9481870333731,912.9961500174422,838.3670444988929,769.2279363004525,814.882587574892,848.1499961014033,835.2836343109037,770.3419557610436,825.1893462335427,937.8639088099673,755.0763754239007,819.2881537205151,871.1365211917856,833.3651553466934,820.7643800125109,858.344826933886,891.0919242069265,936.5368767943686,847.0044743810265,912.5595507827529,814.7830104482538,917.5480267751415,827.2396942543357,888.0361820478795
1610556912.46C7tJPLF0XfNnm8f1820X9aLmXMHoc0Dw,518.3649163230552,799.1900892617706,553.5610057628021,731.5603753426362,560.7845219228724,678.5701001218713,591.7261677296029,624.1295637789592,0.0,694.7955636249561,791.0472215372037,772.087525884875,783.1414855193342,567.8215191037499,778.530110111373,717.7314879158478,829.9673350002454,758.2829270717093,665.2342038413047,663.7330169591195,740.0883350571363,796.8285479563094,614.1239716481663,602.7693513476963,686.2029058814253,621.0954513951393,575.1458136542539,726.9987328939699,754.952514416198,717.9760619345047,699.3047562823307,618.6271924333142,756.9255124211378,712.5908351309755,727.8863153495197,735.2291700338554,726.825833481388,739.3222683644573,745.8446273385604,761.5234280655642,744.2697262344124,784.5844352360327,729.032216799105,744.432921248601,790.1332940838098,776.36656356322,684.7906753843134,611.587085782634,720.4173839058362,712.331088570825,727.9174431442525,664.371345321561,741.9057039248502,826.4148857987504,708.5040991969867,650.3614597835931,748.2506371746807,750.9904598182933,706.786359913253,733.4164293102217,770.481011982184,825.0923636808656,781.8947491746885,789.1367358092168,707.5515806084082,801.8688200431199,702.1548926716904,772.9848186312871
1610555617.51LjzIROg0aeCP2GhDcAVQ0LipKJB9jmKc,650.8135523820833,737.713532459178,721.7772098619064,760.3343315451182,691.3727217950732,769.5379383681477,793.314157648736,776.8695628935009,694.7955636249561,0.0,837.4852495339131,836.985734131581,510.50853958732745,741.802159698578,805.6242749245044,697.5897285514591,875.3663714908445,778.5846482952029,776.3921528207876,596.6907736507919,817.4363331158106,827.4764184258346,712.6222682694403,757.9676217995043,698.225287637724,738.4944160014692,639.9996424816514,778.5624298564321,733.4116439933749,814.0241411054775,667.728999545471,711.9986002390693,354.63018843460475,687.5778336067626,771.2093686491152,806.2291026254027,761.8556287238954,664.7979144705225,690.7896139459526,762.1499629730532,771.3471917287737,849.8993931487599,771.5069024818533,789.3180619037414,821.3434932532648,806.134274967126,726.8740884255409,638.2813962027459,418.823974399802,732.5153987044961,765.2291243885221,730.1308258404165,688.1089739690938,857.2613119276248,719.1671087511221,746.7216350344444,793.666566567457,790.1210710066499,762.8527706795751,823.3340151455673,799.576078370169,835.4646259299042,608.1798079826086,849.4298691441605,523.9479259365252,837.1428555986815,686.8246545293574,798.2591075445863
1610555608.17OpjjHobqRkX0UPcaXrbu7K6L3805SZri,894.3655538050214,726.1270560468066,872.1835829145689,536.1393638464807,705.3607017007953,681.5155337235637,712.5325744665729,890.6704438811719,791.0472215372037,837.4852495339131,0.0,705.3531574664094,916.786897812263,786.9999632527141,689.6521151309563,645.6325704904663,495.181139153249,600.9818729966837,665.6607539568762,756.4142398022066,576.4794308010443,621.694662721092,686.2385180537923,882.9983084796853,631.3000461792386,652.921695432263,735.966800827914,611.1782617747592,598.8595728549856,659.1429586584615,744.6498934954545,711.4039867830669,888.6760579964488,711.5802321689487,625.9679134270925,582.5805924481232,694.1871228907369,665.739242113793,655.5190174370908,648.4292477628865,581.9679937773717,590.9513395286026,628.8556689367177,583.6973779381268,642.5152544444454,552.2482267759935,701.5732957563937,736.3627267724415,774.2194995289632,747.5615828989348,681.5985450381135,711.1842864782279,731.1720023948363,761.9722347209487,694.2468094154826,667.2303959732972,563.5084968929542,702.0392186712799,703.9594927847971,607.6410595529543,535.3301113581418,676.0691156815934,727.4612823018265,654.4553470148034,721.0219495778075,606.8977033000044,717.3321330833277,569.8305087317018
1610555721.82zWeNZfGUUfRJkgnAwlP8VMhPzXctnSd4,875.1224184851799,650.7779532763462,898.0250779129025,685.0272324541025,777.0162169886084,795.3297022123022,739.5563512699537,926.256010375369,772.087525884875,836.985734131581,705.3531574664094,0.0,893.7341735266375,820.36089250161,628.5701179851236,656.7509626835737,801.9699468702147,593.5861369797743,783.2612843366912,729.5415974238421,455.24418806412893,596.9239394291607,773.9161979216614,915.4163610057386,652.2405063156893,776.8858189508032,776.3373433107671,567.7414888815912,727.3677088954616,793.0909606210056,794.0299031563239,798.4493007202291,869.8555609966473,764.2829181725638,624.8260095255295,597.1235801462961,672.0383721985773,753.9799069324536,629.9295689545423,757.9651049786531,672.7774172600037,623.1945461638164,722.127301980139,668.8135241466827,679.6959044690518,697.0457524290405,692.9498171846527,741.5945478608862,826.5327149410957,811.0803214784701,660.0204882600864,772.2427935548106,767.4626032837411,739.4776757135756,769.0984410038167,777.5482499868016,734.6387307432268,682.9112540809526,705.2310284761838,725.0711902098478,693.8210748576046,710.6799718926085,782.0187974131204,722.1546948912201,765.5804888361224,700.120922593756,789.9409784936598,713.693719633817
1610555735.75bom85BDF0C7W2eIseHeMxi24qR68nzMi,729.5791880692715,740.7843970544031,802.3103875502192,871.8883965576429,833.6493633027183,888.1858816070701,882.4012988605548,842.0686371705262,783.1414855193342,510.50853958732745,916.786897812263,893.7341735266375,0.0,828.5692243021646,853.0287498040952,828.6098673860836,931.9375072973027,819.0331023110358,896.7691327654435,737.3611236520862,903.030440874808,876.5072841714599,848.9203637646601,827.790640782107,824.6325920580309,851.5621672271526,781.2000280283199,874.9804941916232,855.0727897291997,909.4788500897386,785.6975321907338,819.5934288984887,334.10726445058185,821.8211223948884,889.7977449065662,916.1257253958148,876.1892154934852,803.904354673295,775.9138507082369,872.5932181319574,872.0311324273424,912.8078712196658,889.016265790991,897.8350292911471,887.6272646556588,862.7231189389171,839.6363650577842,778.1889052227368,697.9589705733797,829.0031131771639,895.3719240400798,856.3151107996252,777.0434283763566,889.161497219133,834.0509724541386,869.402872192224,920.8018928519662,900.751467554409,892.2690923219485,925.0045498267413,883.4044546229645,876.306317607547,738.1848113376652,907.4944662236074,731.8921716798317,879.6426379083381,805.2255645834593,886.748955686684
1610555735.77NnT5xqKnwcf2BbjIekeb2arTQj6QMNwk,618.0932545654592,841.7039623843089,462.0735781470548,745.4947383233555,619.1170034256495,712.9548970063554,501.992968147521,425.2432327357055,567.8215191037499,741.802159698578,786.9999632527141,820.36089250161,828.5692243021646,0.0,816.774218184366,745.6197568153207,798.9442217732459,804.817459873409,715.4675406862357,721.432601613152,761.9748082284328,815.521651720463,695.3595573489822,418.94094103624104,752.8004935080529,653.2800965377342,666.2963968119789,752.9211759096951,788.604150004391,672.309999140145,719.2088207130722,669.1479141306829,797.6377024099206,762.1247975908274,759.8431241720987,773.6786829378226,775.4385383035839,770.415696696323,807.1728145070862,744.2183774511686,729.3027727310282,813.453923694458,751.2914759177838,781.5238260000688,826.8822117560993,808.9199671562185,736.7491919228476,699.169609253047,760.464713001512,775.6229403835491,722.5575684720228,656.1829787831027,745.374199398671,857.4929729589901,665.6563202877621,718.1699130941876,761.8710264081957,714.316121209659,715.69790333733,730.713464863566,775.3179143794428,848.1666537758441,793.2046994283451,811.3044372931934,739.1438412313995,823.2181892292252,750.7998565138868,774.484414002461
1610555638.33wjf1PhdNaoWfbRzXVn50hmFyB5bYAiLV,872.4064565996694,620.4135219640727,900.9564511397932,676.8541846444999,750.781827785721,786.0270308236776,758.0345735629295,923.4834888253779,778.530110111373,805.6242749245044,689.6521151309563,628.5701179851236,853.0287498040952,816.774218184366,0.0,682.5185714574119,783.9332473033669,567.9459398291854,754.1894624063083,770.0052037652489,674.1123276022383,547.577592685744,744.8900855335593,913.8081519589961,659.8014047670671,759.5270941536555,743.0674563261771,669.0524793430385,706.8780779344941,775.329955548849,695.5924849330141,752.2511997127609,837.0798791384073,786.3153753114275,638.7029805721303,609.8981435757639,632.9025236095732,764.1223194802344,638.5448396763207,695.0106921877671,617.704046893568,592.0728268172875,578.6593907812561,697.9322560634332,563.4197025770425,637.500210379993,656.9770991610047,740.7197657314032,817.4668942045256,765.4034732027322,730.1756158196331,725.4197075843422,766.6889847249837,638.9226491669538,737.664585385462,742.0158865892398,697.4192892975267,765.6171605206321,745.7378304422451,708.6566041534388,650.3436631147778,558.553532909985,810.4549207144008,624.332721915896,775.6026024474361,555.3679727265591,761.2944694780005,684.8718187721462
1610555606.65jCE4ig8Pu8kvAzkxnSGfWsV0nQBjCf8H,796.560789500783,706.656411903008,805.6865501825964,526.4458293665934,652.2800674930814,658.9535413588061,717.2357849025668,839.5911048924661,717.7314879158478,697.5897285514591,645.6325704904663,656.7509626835737,828.6098673860836,745.6197568153207,682.5185714574119,0.0,769.762451481912,672.1184019225291,660.7762918793866,586.7123367383311,602.7629665888238,712.1413205151946,593.2621986928854,828.6281576541317,620.4493013391454,685.0753835588861,647.3550783386095,550.2881285289062,520.2210923324889,673.004791982881,537.5821135530393,702.8712707836652,756.9421818671419,498.0964418004424,403.8757515597041,474.833249223003,507.6791408548271,447.348859345962,648.1149894817444,592.9727275439014,533.1735432726247,687.3472887049652,566.0159155718233,577.7745369837951,633.0707443366333,661.9008772787004,564.3745917714782,615.6858396874086,664.4611572875516,706.46092571496,505.1518405035813,617.5503896279494,611.2956218849365,754.5924096547116,524.7428507553198,639.9193035822094,626.5007186084327,560.2963257646941,523.6348571739355,664.5215244100597,607.8389988634405,722.4921711887595,632.7852504564776,736.3386798583562,578.4190147042935,704.5459832689041,657.9567495123654,596.914142184067
1610555608.18ONsBCVo1i7BrX0XG9stct4oiA6ejX9Oz,911.2050840525179,791.9961917866275,881.1427338330586,722.700344255527,791.2502883907575,801.7467554528325,783.5932237421132,890.6067959864791,829.9673350002454,875.3663714908445,495.181139153249,801.9699468702147,931.9375072973027,798.9442217732459,783.9332473033669,769.762451481912,0.0,706.6628094709574,789.9001049534386,811.998539971757,701.1608223582975,716.7773282710882,779.3670716841302,885.9998966522554,738.3406418580116,744.8605175178212,781.3059143959488,736.0478842431284,762.001992259531,776.7949122010147,811.1369887204271,794.9015261021751,913.7757366688409,794.2718697976787,760.6318767212329,724.4203352154714,795.2184158173026,784.8639628835629,757.0094001508519,782.9625358619949,729.3646428826056,672.3433695527918,765.5147063111112,745.6282141234014,737.8561550774925,679.300056297458,792.5594325413166,799.4374945974922,820.4138656535202,790.1872598978385,789.3501357215509,800.9481347632965,797.1490913108726,817.7450308008561,766.8343748363728,777.8906277501599,721.6575101861625,795.2317591314799,792.8218122170854,766.5433964733433,689.7758267719267,741.5723275904172,764.9492711271423,694.1388876456787,778.4627576904846,673.644306611873,780.4562583910542,717.5222809160693
1610555721.51RNoQUMP19FTMS79BmA3JkgSm2IC2AQuQ,861.6774203995528,423.3921867951582,885.4007239142328,599.0040478089307,736.9488984149926,741.0137864152483,722.7726768815453,902.9365281976535,758.2829270717093,778.5846482952029,600.9818729966837,593.5861369797743,819.0331023110358,804.817459873409,567.9459398291854,672.1184019225291,706.6628094709574,0.0,734.7169098264546,760.7487887937406,632.5520305533717,560.2392377683088,712.9360464403989,896.7576955059103,625.2945836502763,722.6060075492946,743.8526309489473,618.0901815777501,670.5703197567523,736.0059746154371,730.2731916796645,745.8327671026052,807.9838262559612,725.6830022653606,661.1468630965632,636.8471159882009,693.8435379291683,695.5419013896294,547.6965011999853,721.3525390450579,644.8494389925083,580.1167622489413,674.426294631133,637.2150563902932,506.1882330311238,411.6105526933376,670.8646031315334,728.2664633956142,778.4054324617753,788.5591614171415,709.084365867403,754.1426082538534,723.0430351274172,644.677783576756,748.8278112432426,722.5826077605741,684.124766611626,758.7316459411123,714.338675046499,680.9674027851391,570.4238765005291,583.770595231552,777.0301348214464,596.9401987494207,736.8257534400549,558.4379019636549,771.2595898853529,610.3530318585487
1610555971.86O0cHB2ibBJ8jxoObg01EpGe8VVV5mpwn,768.8630927256987,820.3934537606948,775.1271433176859,619.8202595939576,455.40348796914805,339.3355692872165,640.964829297345,818.7038928488719,665.2342038413047,776.3921528207876,665.6607539568762,783.2612843366912,896.7691327654435,715.4675406862357,754.1894624063083,660.7762918793866,789.9001049534386,734.7169098264546,0.0,735.6238987759398,671.4562428598905,730.1375374269651,591.6429986521273,805.5945857333684,611.753186018168,446.41576888843366,616.0923909349973,651.0852518100459,592.667329955168,560.9563043892639,752.9011067811371,533.7865388237692,860.922214678996,688.3243600870888,657.7888181673711,665.4280646673745,699.9197969609709,651.160799626598,730.7224428772923,612.4904842743458,612.5747067936326,789.2408975302468,630.2307306891305,502.8146701503419,784.2440456665843,722.1067588030387,675.1767848905558,666.3312963852009,723.0950927022244,720.3974556581124,624.2340062892196,598.7306001788784,747.8259568117155,884.8373979315403,718.8090679673528,542.9402534998309,510.96184346927055,656.8537087829613,657.0698483706057,476.70608008074925,636.0257537407231,818.4939122709061,714.8596076386856,789.93244075269,689.5420412677356,780.9367881455139,666.2521374913589,613.1023137396451
1610556911.51zU3duZSGpcw1BDNsBLxdOCITAXwl6z3i,695.4639365073305,789.3244693732026,719.9338934770312,668.8265034820033,669.8743041549211,714.7281356410826,768.9418996864082,766.3287569077501,663.7330169591195,596.6907736507919,756.4142398022066,729.5415974238421,737.3611236520862,721.432601613152,770.0052037652489,586.7123367383311,811.998539971757,760.7487887937406,735.6238987759398,0.0,662.8053072418111,776.1053177360217,644.9054459826328,749.6025934903961,689.0162356095749,689.6893207105419,607.5207088731441,655.9984519407884,681.6780076511333,794.6365398574063,645.6811816361103,708.262358886616,656.779558803679,595.1664242414638,629.4408751737825,680.6810432877857,624.820473880999,601.9728376843746,730.9358723670837,738.8685296984249,685.2014278826733,765.782114926153,691.7133850963916,695.7700299470998,760.0595787713734,764.4221908292275,657.3803335376631,615.8237378816588,609.538536339932,689.0122708616558,632.2081688211766,709.8995443378165,712.5529696552841,823.5585479701759,650.5211423423109,696.5239733089952,725.3983802022319,650.0713414623958,648.4408303650943,782.5648334881175,750.3315628793536,804.1575628945355,605.3982216813556,810.7037589971612,562.8013224134049,793.6850788903622,641.0142064627809,752.0285661868346
1610555988.71dMoYT8250UHHJGxgmITTmbHe7V6gH1yU,864.2535974220973,750.5934272004613,856.6603863893166,596.1297836566912,684.6908640050601,663.8059563423203,700.6686682585706,877.9811059885697,740.0883350571363,817.4363331158106,576.4794308010443,455.24418806412893,903.030440874808,761.9748082284328,674.1123276022383,602.7629665888238,701.1608223582975,632.5520305533717,671.4562428598905,662.8053072418111,0.0,624.2565314312367,692.7029734785771,869.8965643632199,617.5229590018067,650.5973106154439,714.7145575105853,471.0666100656,639.0860197770595,730.4425111855462,755.3009352993795,734.7383180487918,865.426379767497,697.8718332606892,529.0697969556653,551.1509267517463,620.364170121775,676.0500243177621,673.9332673289279,684.6097600141687,584.6872567845693,614.3145177153044,631.8388910650971,580.3886182752876,691.4635891133125,640.7638330889718,641.775271058421,702.0692171013721,776.4848350928105,749.1605385352635,551.1368239671012,695.5517752246885,742.3276030983998,792.3859546116023,693.7967709610849,687.2451668754735,608.3639800942449,556.2594075579541,617.4671187074525,640.5872839925909,615.2004803434577,739.8919866145477,722.9093544601164,716.7831123910942,704.8567968538675,686.240595850737,721.9720524176072,624.2912139486745
1610556042.81mlUZsSp7gbGjrp8jQSnybT1gPy6e62o1,876.6532471371768,652.307465623779,888.9026471822866,670.8516239883031,742.2489299857649,768.24775634989,756.8877998831468,914.256525633574,796.8285479563094,827.4764184258346,621.694662721092,596.9239394291607,876.5072841714599,815.521651720463,547.577592685744,712.1413205151946,716.7773282710882,560.2392377683088,730.1375374269651,776.1053177360217,624.2565314312367,0.0,750.5166221553264,903.7028022589604,658.0457391834175,729.8092849670007,760.0123312292734,602.969290289598,727.4209683741557,727.2667348132014,777.5990719868136,721.283103156682,865.2507063577062,774.5514098446931,685.1428038422863,635.623245451669,708.2247206130118,748.0040756965509,648.8019445886343,712.6201349065573,659.7186090826594,519.9781723489335,674.9286724182938,670.6026346230029,650.2465141897508,634.3669295606493,680.8135955232426,751.6674647986403,803.804466003008,725.4875913957703,742.4111081389545,733.9836462716108,753.5573052316187,678.309401800718,764.4806881295193,732.9875254720513,674.1189948873376,760.4069162220405,756.6821986836846,659.1674676759718,544.2781159785137,556.0165314515127,775.9213318643156,557.8132874103145,753.9319453455261,468.3687353706409,728.7165045877405,580.6411262720012
1610555637.02UBW5nKvDyUrKnaWcYRGajZPxTRDS0q3N,736.0176085151904,762.7921651584101,750.4890742212946,603.780457469551,490.5581859290268,546.0351695914575,656.0511574415933,792.398021095797,614.1239716481663,712.6222682694403,686.2385180537923,773.9161979216614,848.9203637646601,695.3595573489822,744.8900855335593,593.2621986928854,779.3670716841302,712.9360464403989,591.6429986521273,644.9054459826328,692.7029734785771,750.5166221553264,0.0,778.9061063878739,563.5779315209545,586.5782199065961,517.6750307080557,660.3321875371489,597.1891122483371,601.2985410435061,595.1727175039106,532.5750066428321,791.6529545619851,565.1881871454436,601.049115727279,619.0494303509597,612.0523002219901,554.0927966712524,658.5829620602946,673.8280226393006,631.7627085977127,749.5703597579978,610.6066324572288,629.4876012775488,681.6391159292281,663.2650829655453,598.8293400305363,601.7950957501271,672.8316913461468,671.1594345765038,632.9629805571259,597.6343109441934,702.2675521536577,792.6492917064602,639.6068626858712,392.0340199161447,595.5680198868174,665.4332759369454,620.8767485248238,580.8990525261448,677.212636081791,779.7278857388887,709.540236486907,746.675350162838,632.3184355941568,756.4794712988313,681.1067235640855,674.2896862810835
1610555619.13oUYNikU4facCTpUSiSLr0vPI0tJLnXiT,490.3506069141216,917.3464652308132,212.56183634381864,842.6288643164701,721.0612512439725,810.7528101003643,664.9159564485074,128.52459595375828,602.7693513476963,757.9676217995043,882.9983084796853,915.4163610057386,827.790640782107,418.94094103624104,913.8081519589961,828.6281576541317,885.9998966522554,896.7576955059103,805.5945857333684,749.6025934903961,869.8965643632199,903.7028022589604,778.9061063878739,0.0,847.1906684894877,756.9331800399366,718.4179601634115,857.6377851575946,870.7545163200826,767.7926839018469,788.1071840530333,742.4706241396082,796.5976251202924,840.6753981728178,862.7251674660612,879.6459413150928,877.7137642737213,840.8547986145063,889.0447599381724,837.855810063163,824.5353916682456,905.9397844739174,851.224847809519,862.7168261486997,921.754253972267,905.618726999321,827.2497526482894,752.729749597462,797.3965285456768,833.498132547024,824.4115380125531,756.3012645863722,821.4824664747189,935.0855211284575,739.601083552123,809.0420924324677,859.1785688542038,825.1557039138947,809.9861498821963,849.5836128643685,882.2790978633933,929.6556535219237,831.2076568622397,906.247866783323,799.1834223803406,909.5883269794824,809.3500114062543,880.6918921493224
1610555721.03nzkucfjAUh31zTbmCVvTVYqtjoxZFnBh,794.173673233468,654.9525233131393,822.8008108648762,643.5880905998068,595.8176927222474,608.6188078337245,659.3614226816442,857.0292748324006,686.2029058814253,698.225287637724,631.3000461792386,652.2405063156893,824.6325920580309,752.8004935080529,659.8014047670671,620.4493013391454,738.3406418580116,625.2945836502763,611.753186018168,689.0162356095749,617.5229590018067,658.0457391834175,563.5779315209545,847.1906684894877,0.0,617.6243771143259,645.24169356228,615.9746444991641,608.4968097261376,652.2163244097874,700.4023488114733,594.6920054782448,780.3373476435906,647.9414209686643,610.5043817030553,604.7463627426202,645.4513151615228,600.0652424653697,480.71367480912465,647.0816118283344,639.5775774634761,682.5099277001984,619.0335253250423,608.9796921495868,660.3589517219003,609.007534171935,631.6156959724741,579.2892699072646,663.044331266087,699.4246711704021,656.676718330788,668.9886015969577,650.7920899435909,756.660112824228,721.0790869199731,512.5122452346059,508.920967239592,674.9793388570866,666.4307677518138,538.689522565701,589.957823589177,691.8742768370217,687.4572041780888,674.7413628170524,623.7381766487504,676.4126901733207,651.7681522881277,617.8425431388271
1610555722.67fhKURdXVzRbLIjXmjRwdJHTnE7PWb1AE,742.3169931522077,812.730597931486,736.8588599248507,661.2777443613898,502.9795260643412,327.4376625649888,625.7801363602692,767.5018071621388,621.0954513951393,738.4944160014692,652.921695432263,776.8858189508032,851.5621672271526,653.2800965377342,759.5270941536555,685.0753835588861,744.8605175178212,722.6060075492946,446.41576888843366,689.6893207105419,650.5973106154439,729.8092849670007,586.5782199065961,756.9331800399366,617.6243771143259,0.0,613.9453545089364,647.9794585076781,641.6843428844555,642.490704094895,734.1523356443387,522.4474802979546,816.1693563259365,681.137517271132,684.664004553921,683.2247295689526,725.8630368782808,670.7977922861674,717.9866544793693,671.0079342687017,665.6068558322222,751.3031427987012,671.4426595611105,600.9518975831058,772.7725188700667,697.7819108085691,659.3377151835823,649.7476978335769,711.8193196785031,684.659983123139,647.9196698064427,643.3333683280009,712.1650236389829,850.9091414660479,720.0027182295003,542.9530363596385,593.1089972008862,668.474911060445,663.8705000305778,567.3733246799039,655.7851684276682,799.6242487061535,716.8605674698646,748.4700665876716,687.340463550086,750.936308004708,658.7476058055597,653.9626016910266
1610555638.39J2ZWBLuLTHP0jOlzB4tNHmYeijH5g5YJ,638.8987225921388,780.8323545491356,681.21588776589,655.8405712024102,508.2240777009291,638.6154097321548,672.0193905842142,734.034056657194,575.1458136542539,639.9996424816514,735.966800827914,776.3373433107671,781.2000280283199,666.2963968119789,743.0674563261771,647.3550783386095,781.3059143959488,743.8526309489473,616.0923909349973,607.5207088731441,714.7145575105853,760.0123312292734,517.6750307080557,718.4179601634115,645.24169356228,613.9453545089364,0.0,705.608185257837,688.3722881565484,691.5625447779715,574.8034455060794,603.6782049345254,730.0973264801595,654.9810796944678,670.320757307634,694.4344670647147,650.4021979441544,654.614258029365,718.2149679920707,676.2897342746855,659.4245661823412,785.6029770733171,652.4203713556067,690.8132206949756,779.1825048816108,756.6511185426739,630.5629101085092,566.8373534346013,606.1721077392042,563.3885150477531,701.4324481062333,590.1331816623943,678.0028628932918,836.8942304757212,625.8457463245423,587.2787301289023,682.9003494524791,719.4198859158772,683.9640563878107,685.6340974163857,725.0829372216336,792.2006765087523,644.4886776461251,788.665747070167,556.2747497239741,780.34264313377,556.4039157679032,721.8504002503029
1610556032.17Q6yCDx9g7alRnL9jBFXD2JhhUyB2hKfJ,840.1664034848739,705.1065420531596,842.9338969155112,520.4490810140081,665.7003094829229,642.6937204323261,710.0717135294963,866.7851956349454,726.9987328939699,778.5624298564321,611.1782617747592,567.7414888815912,874.9804941916232,752.9211759096951,669.0524793430385,550.2881285289062,736.0478842431284,618.0901815777501,651.0852518100459,655.9984519407884,471.0666100656,602.969290289598,660.3321875371489,857.6377851575946,615.9746444991641,647.9794585076781,705.608185257837,0.0,603.9196026676046,715.0614964771822,718.6197085536141,711.8350338857243,832.2043525292532,598.5452390011387,546.6397771515311,533.1039998270705,601.1291296975741,614.9688042852989,642.729698680836,655.4716942467471,597.0011988312133,577.3284723939267,603.6049850957623,545.7739946742604,666.7582829780151,597.9150041156229,616.9359038731683,677.65820243136,746.5134116921079,732.9427138143622,490.2858469835083,671.6803813054624,665.561631531011,747.5138527055643,682.5400751744484,672.2495543346694,614.0792611568119,568.4238501607479,516.5591253642037,652.8016288176833,580.1372489564134,697.3735089644763,720.8814096883756,665.5260012408593,667.1552281783237,653.7519104673208,696.2748102782931,561.1070041303826
1610557007.49MyVgDnuUuBxrvL6SGOdhKf69VYlW1MSm,841.267304722981,734.7078351256931,846.5935942480146,541.3829609373823,629.4511819104737,584.7603062505485,722.5648407350824,882.9096189116389,754.952514416198,733.4116439933749,598.8595728549856,727.3677088954616,855.0727897291997,788.604150004391,706.8780779344941,520.2210923324889,762.001992259531,670.5703197567523,592.667329955168,681.6780076511333,639.0860197770595,727.4209683741557,597.1891122483371,870.7545163200826,608.4968097261376,641.6843428844555,688.3722881565484,603.9196026676046,0.0,643.495353862161,668.1285214934583,670.5458909858853,793.459096013047,567.9939333816899,537.2743547535748,540.470382326391,624.3792075897151,480.7509566558154,634.0747464837449,628.5101204792721,537.2814205224083,723.9058634577254,593.5088946004693,488.759039982873,655.2065608344229,611.4459394350473,655.8385524214442,669.9359831682156,694.7389184120669,738.9437401393125,583.0307397288072,651.4432792691274,705.1208573208797,791.7855057660782,656.0659729239685,583.1598168472257,565.6201863151787,640.84264531115,619.9536224142058,606.1389010235895,619.0262617126199,763.3840105589447,648.7146049945858,781.4147082089428,613.1235098176875,720.5751747322366,693.9552899576239,612.7352574672348
