,1610555604.25mOvVXuL01OCiReyVWBfesjuvXmB3MoPy,1610555605.43B6oDsBtWRQ29Q9UMQuTUEPZy3FSSWXzc,1610555610.92HPGJJSmyPM40z7otPBgHalNrHFA7zk5d,1610555606.68LaSQbm9EHAFycEfFtEqAwYqlBsQPjIRW,1610555617.19EKxMEwDHfXiEJZc27TsGoERaD6Da4BZU,1610555722.52PJ3FD50MGhRXyUD28vluU8Z9UjLJLZn4,1610555617.52Ijr5puT55g9apK8auM7zaxa3NANg502t,1610555638.77ZLjTLkz4jYJdFMI2wWBztzsDILkoOtAk,1610556912.46C7tJPLF0XfNnm8f1820X9aLmXMHoc0Dw,1610555617.51LjzIROg0aeCP2GhDcAVQ0LipKJB9jmKc,1610555608.17OpjjHobqRkX0UPcaXrbu7K6L3805SZri,1610555721.82zWeNZfGUUfRJkgnAwlP8VMhPzXctnSd4,1610555735.75bom85BDF0C7W2eIseHeMxi24qR68nzMi,1610555735.77NnT5xqKnwcf2BbjIekeb2arTQj6QMNwk,1610555638.33wjf1PhdNaoWfbRzXVn50hmFyB5bYAiLV,1610555606.65jCE4ig8Pu8kvAzkxnSGfWsV0nQBjCf8H,1610555608.18ONsBCVo1i7BrX0XG9stct4oiA6ejX9Oz,1610555721.51RNoQUMP19FTMS79BmA3JkgSm2IC2AQuQ,1610555971.86O0cHB2ibBJ8jxoObg01EpGe8VVV5mpwn,1610556911.51zU3duZSGpcw1BDNsBLxdOCITAXwl6z3i,1610555988.71dMoYT8250UHHJGxgmITTmbHe7V6gH1yU,1610556042.81mlUZsSp7gbGjrp8jQSnybT1gPy6e62o1,1610555637.02UBW5nKvDyUrKnaWcYRGajZPxTRDS0q3N,1610555619.13oUYNikU4facCTpUSiSLr0vPI0tJLnXiT,1610555721.03nzkucfjAUh31zTbmCVvTVYqtjoxZFnBh,1610555722.67fhKURdXVzRbLIjXmjRwdJHTnE7PWb1AE,1610555638.39J2ZWBLuLTHP0jOlzB4tNHmYeijH5g5YJ,1610556032.17Q6yCDx9g7alRnL9jBFXD2JhhUyB2hKfJ,1610557007.49MyVgDnuUuBxrvL6SGOdhKf69VYlW1MSm,1610555638.44hjT5hbYdKoE3MB6hijrjqbjmLgvCUYKD,1610555608.13zUvmFSCRt6SsLbhqFznMEvGx54GPGQzM,1610556038.62a5C4ynd1AARyAhTv8a58NCqHvXRjscqH,1610555644.45Xse8u7pusHNsd7F3d0A32HXvXr6weOJE,1610556038.62gKXOCG7XCn55eJvyl5voNjbwOW0znQDq,1610555987.13v0oleKK97pkesp6oMgprH8SoSdoDVdIO,1610556964.96ZLLeiQW0qpmxhPGTg7K03fmzkqsC2bjC,1610555987.13VQlEedQ50VvkPMEMzZDv3KNnQCewykN9,1610555982.186TY6MMGkDecIN1woW6vsfAMXVV7jnyjO,1610555982.673LuMndkwkvdmZOn0MmE2Pkidx0FtNalb,1610555733.38zItcuH7gHNfKdALR2d9Nek6bxCyw36Vm,1610556034.15BQxSbZINGCay0yp6RBVlgcPrw76Yn9ON,1610555639.37BPZpgtGml8qUsh9AdV4m32jPLfI2aNFq,1610556965.57S0adAalhWYe6K3bkZU0bRHbqnDK8gGkR,1610555983.54zteLPCMjyrjzPdhHhlZr3faCgD0TfYr3,1610555987.79rHnNRmt9a0ufmnwCvZqBouyUoZDNpylW,1610556960.041xWER61rmArlsKfiMl4frikWmUCnQ7op,1610556035.13a7NHZDutfTMJ88qle1gTYY59Dr4WmMsj,1610556890.456ZBDaY16bMtrTZTqAgHl3wq1tRxzqDow,1610555760.24e6890pkbyZ97Or6croI1rQgjkSsR0yVt,1610556043.02YpWMIJg3W004iqlPyv8OcVAZdSC5rNYw,1610555987.03z05P26TLtONYM1HSzupoc2CeNMa6HTqr,1610556032.15OYCzUxpsz7b10AXBAuDXrvEcvxFhf0M7,1610556032.63Z80yI9pNwS3jSmsDABbuhf8wkNa2Ze9y,1610555736.28eGuESasTXdR3SqY6pHhEXWZtcdciYLCO,1610556034.61bebeZA0MkaFG2sm3VKiqrxeqQginTTW0,1610556944.5XwXOphKYT3ZkWA8gViqOS97VHVuMVUqb,1610556944.745UVLFBzf7fPh4UH37I6tYQOFPqRDytEh,1610556034.63XsUwaFaPZevO1JNFjfhvY4aKNFnV4noV,1610556964.89xwBHw9faT1HjQRMNQEyA4qJ3hWkwgj3k,1610556966.74DydzH91jtyvRyYau47JpVkZoMRSNTt01,1610555740.77UueVziDbaXyRR4OcVJIIZyzOfAzN51bj,1610556046.84e3vwjyRCzqz0wJQhrk8zsxlFfFSv98Df,1610556137.99eoPuVrDThKAOvmeprLPb2FWRqIhzUodc,1610555740.73XFwSrmTXJPlaxGZSefh0jOVA8PI3III1,1610556123.88AOfNaz9jSnqU5Czc7okOv1RCrYfKFBTo,1610556046.85nB7NvyoYQeLcOV391Lmmut1wAM8CFGLw,1610556123.89H4pdIAzDthI7bMXMhlIhKUYIQIvtmPPQ,1610555740.87GOYQUJKpkynIS2lFqppYK4b32ol7NeGh
1610555604.25mOvVXuL01OCiReyVWBfesjuvXmB3MoPy,0.0,18.939193441010282,5.490202531249445,18.022749359651677,12.31286151302515,15.965425507804932,12.041981119902168,6.489670347927384,9.929906338875355,15.593443213368502,19.849495446266733,18.40076551865713,18.149374248613558,9.657327514088204,18.856721610134464,16.98138891804336,20.616730910116974,19.555180113990566,13.654365459860895,15.523873988987216,18.856860110196138,20.349858665946936,14.642654921511127,6.194681941567543,17.566107599925665,16.102547155402387,13.361871906610327,18.48023782153712,18.63987882350648,13.791747018735146,15.756725061380797,14.819602606470609,17.33211377326151,17.680976715593896,17.667906981519696,18.23968190822193,17.23460109579113,17.605395305359995,18.864083133354498,17.769118425620242,17.84129000959275,20.06446049668207,17.889431291028966,17.073297804433977,19.821463594717663,20.313747498732774,17.427856414531565,15.091844741794597,15.884551601971625,18.243093402108396,16.156537127359076,15.064278869705703,18.385618166165422,20.22931467202945,15.391594758406862,16.465968962580487,17.28688402775336,16.979345222797622,15.616911883524635,16.765866257883324,20.324992596795557,21.25863368937813,17.55615243652576,20.144530446467044,16.1776001667836,21.133899685527446,16.719269945247987,19.73888505889026
1610555605.43B6oDsBtWRQ29Q9UMQuTUEPZy3FSSWXzc,18.939193441010282,0.0,19.079989928988276,14.383977371327564,18.796973743473135,18.17766556887679,18.23797786780272,19.252006561247526,19.671608883772155,17.61989998830476,15.261535764605533,17.862805511719834,17.274044516272973,19.11283604959154,17.595242956422393,17.76744307296084,16.558034845478264,10.043794175303184,18.39055775881754,18.414359475898262,18.844714463868282,17.02568425408033,17.395116933611526,19.20329369379328,17.579309328314423,19.080161228844183,19.190472656676317,17.768270556981065,15.888261142847098,16.40201642572554,18.41486602283186,17.664360394864623,17.524881385005102,16.110692333035455,18.086440590354613,18.680867715841927,18.826596697456164,15.67277502364209,13.565303888820868,20.306298139381504,16.81149342710968,17.32744471020816,19.031764556592233,16.063430890453898,12.966870338285217,10.206742114093482,19.814656460844375,19.508570319945925,17.123894451864953,20.392843206947838,18.20554012506809,19.571564714704238,18.45808388540251,16.029427283964257,17.81163983683245,18.318124967128345,17.696445969727133,17.83516010478771,18.496407284267285,17.400480966261547,16.847207241151867,17.057725819046343,16.99269671128694,17.52496423748303,17.09473123076723,17.141645427917613,19.81142127459706,17.07579240583058
1610555610.92HPGJJSmyPM40z7otPBgHalNrHFA7zk5d,5.490202531249445,19.079989928988276,0.0,17.72636287817949,11.947474860853633,15.702315688025417,11.012819347578475,6.064353350365216,9.754766686691575,15.758542275984123,19.614771719706606,18.37055759332967,18.364077553658976,8.621666693308928,18.715493230396323,16.800820100693716,20.409390669585125,19.718437390421613,13.642678612296566,15.370356036853691,18.806601146530568,20.238398062210575,14.565608270889888,5.998177686569157,17.40306842225718,15.703526762538095,13.154421076225688,18.220881518842926,18.425763856176815,13.403841761854826,15.683941819193322,15.035187198101932,17.547442811870887,17.658900402232867,17.58239072989333,18.05486245098137,16.996206113308283,17.645864988335447,18.921982873942955,17.837253418802323,17.375342554890057,19.973715641890173,17.729644277707532,17.445012040613975,19.705429315709893,20.16656861163986,17.279623926319474,15.193706208453518,15.97548791376812,18.08812535965448,16.186366816848714,14.84424884971032,18.32835144158355,20.216271001377148,15.071256115258223,16.337647684271523,17.06981012995205,16.739927423542955,15.660953011875797,16.384188481646074,20.122000024186722,21.098407798652435,17.547638212499752,19.999099469960765,16.186797641685022,21.011868870735565,16.656086534300613,19.440154311008158
1610555606.68LaSQbm9EHAFycEfFtEqAwYqlBsQPjIRW,18.022749359651677,14.383977371327564,17.72636287817949,0.0,17.864718511412942,18.14990626186358,17.498291230455795,17.909758487494244,18.284562639483433,18.325838468794416,13.756681010966359,15.478125073908643,19.39839122409266,17.81792773643796,17.287194534249085,16.369731386464142,16.212181277875956,15.543638084024742,17.391766881770927,16.931807378894494,16.60331184946303,17.300597324412596,17.895008567002595,17.852047017646214,18.511210984475337,18.51264584602636,17.280424162107597,16.08241254635557,16.7573311814871,16.870294782248777,17.134185468430875,18.005047017940985,18.94226880700491,17.28445314569775,16.00049796574984,15.52991850957997,17.02130208431861,17.021796575470585,14.536009887691291,18.584963919700243,14.281088203808995,15.489306432274889,16.63708097113358,14.35373283032577,16.35183396667761,15.994100805395655,19.055924672006984,18.482907762288622,17.710740159838135,19.03920755331414,16.28309027898005,18.02878360439878,18.139722140399872,16.665053122185245,15.995269457457038,18.753223447967372,17.861138364113213,16.19989824828455,17.049653525238515,18.16098561493469,17.65783845174858,17.91864650995981,16.887877018188977,18.070854172960132,16.733567791938647,18.569630108624104,17.833751708578024,17.549807165542543
1610555617.19EKxMEwDHfXiEJZc27TsGoERaD6Da4BZU,12.31286151302515,18.796973743473135,11.947474860853633,17.864718511412942,0.0,16.593601606447944,10.644452017093434,12.324920012303274,11.304900240970987,16.71002116356642,18.88883613487334,18.847908441649878,19.13390171599016,12.29177708195373,18.395513829936963,16.88067155641906,19.480628621306447,19.28223793248814,15.24415792984606,16.271324135101448,19.00257266532185,19.183228596557424,11.44212785282522,12.236792432656225,16.844154162393902,16.495553143287108,11.437813676618559,18.696264525657824,18.742398648398215,12.324869016931663,15.486281332603719,12.692950309685656,18.225756915575086,17.92052985912323,17.850734114150193,18.03338875655858,17.188656732937922,17.449447900358468,18.5483571709023,18.71671511304922,17.452723185486278,19.88371093520215,17.51150262924404,18.312324152666992,19.179706444079734,19.77974675200494,16.922824600066708,16.104346405389645,16.462347019452963,16.656672392552778,17.38647391127258,15.181449469949936,18.59660378190838,19.86218451818725,15.525124271771231,14.785828923885191,16.707858310576885,17.559599201087615,16.819428911378722,15.644699632143832,19.285901743171745,20.450919438323645,17.433810119165525,19.06790144126425,16.36133334539372,20.35957914675055,17.337577729342627,18.73416226671444
1610555722.52PJ3FD50MGhRXyUD28vluU8Z9UjLJLZn4,15.965425507804932,18.17766556887679,15.702315688025417,18.14990626186358,16.593601606447944,0.0,15.558565712437684,15.723370719784398,15.285790815855592,18.65705294175799,18.306842247922557,18.848771164055727,19.732719469454125,15.536755825158613,18.957049592842342,18.469954761129728,18.971581976894317,18.591618161831075,10.145180713390396,17.964969991377274,18.728945117135126,18.435365506751012,16.185635111072973,15.79192744886916,17.297856122098267,7.390031327513172,16.6709066353214,18.631251027660227,19.123615582299323,14.473943197833679,18.18789892992729,14.595620312038427,19.616055975423627,19.020661473066625,18.794810802637272,18.16023391172121,18.968533654907024,19.371859209507225,18.184896270071064,18.42293036052923,19.28483113942537,19.196489701529707,18.948380953680367,17.434254585118655,18.402088981624694,17.85698316409698,16.344242163414396,16.48909649313035,18.982870673053164,18.45285494923116,17.283988225055126,15.883530128464354,18.249220592263928,19.4155778635003,17.869931495453663,16.033915017165636,18.400462940001624,17.7388175891178,16.93707412698647,14.213920001712527,18.579665961030383,19.818344182721294,19.315070592299215,17.64640203302699,18.959901481781365,19.742136663737522,18.108097083328158,18.337290926792324
1610555617.52Ijr5puT55g9apK8auM7zaxa3NANg502t,12.041981119902168,18.23797786780272,11.012819347578475,17.498291230455795,10.644452017093434,15.558565712437684,0.0,11.521339306500826,12.886040821297527,16.944596421918,18.59358529891587,19.170458912115766,19.094546701615226,10.642297258109956,18.47741660081955,17.57656124823065,19.431665435717008,19.14205989811399,14.167437668121838,17.02881129391138,19.645956375665044,18.903910327568973,13.980692117545672,11.384130416874871,17.1931682124509,15.290088129180068,14.252806675463471,18.72422832749412,18.146146674798594,9.863378235982317,16.38616522151987,12.57998522304559,18.62006412205609,18.208820397377046,18.3259322554781,18.048335334536734,18.080314767463108,17.992934564862495,18.121156238382493,18.629637958745946,18.018052420284636,19.94013770256735,18.267235973646883,17.89491576291886,18.879193419383522,19.33841768933235,18.17188090285667,16.190744215452632,16.808352292332188,18.34683570570062,17.525403148543692,15.231831031849255,18.439018217260937,19.396447371814457,16.212960892224444,15.586796229008613,16.94718606871137,18.093812477722615,16.915379396371303,14.337233318792489,19.306613677883323,20.368495571509037,18.088133731856903,18.80686716529646,16.909355350414792,20.303651692747742,17.54274384205175,18.78126106186023
1610555638.77ZLjTLkz4jYJdFMI2wWBztzsDILkoOtAk,6.489670347927384,19.252006561247526,6.064353350365216,17.909758487494244,12.324920012303274,15.723370719784398,11.521339306500826,0.0,10.015291097952215,16.030780727716515,19.67762215572358,18.197472176850205,18.57258845332128,7.084850602136552,18.704819078024908,16.962043042728006,20.303251502991888,19.597963443176734,13.74036454866746,15.557607908439373,18.616823931789472,20.1569419666903,14.888006226633603,5.387354952856752,17.514532428644724,15.639613711039951,13.613410081784256,18.2584414518784,18.638205730754617,13.774606839357263,15.928657001894024,15.12022993301854,17.78252407996888,17.86482860892126,17.643112483188975,17.96573215677165,17.11069014303227,17.82299732787392,19.03589517524499,17.81650552276321,17.531487760260582,19.830751496738028,17.7168954636299,17.09675890228136,19.807422530246694,20.244911184664492,17.34384915334009,15.2810115207208,16.286141373369933,18.308949408258943,16.05509358040704,14.9619993288657,18.49095690169217,20.236485800785324,15.381506663460568,16.495786590866683,17.066616749584092,16.839908599133135,15.532849311629366,16.57894584949571,20.03305187901339,21.148264378698897,17.83777208263992,19.87974311006679,16.473812332479476,20.865683803213834,16.968120412247988,19.456613671609208
1610556912.46C7tJPLF0XfNnm8f1820X9aLmXMHoc0Dw,9.929906338875355,19.671608883772155,9.754766686691575,18.284562639483433,11.304900240970987,15.285790815855592,12.886040821297527,10.015291097952215,0.0,16.743108463614647,19.69779364611698,18.164133230773796,19.132346862325917,10.864685353508461,18.218895809704417,17.253281527460622,20.25422883651384,19.57723210556108,12.833396943985692,15.988650683489661,18.303235702793984,19.8816944843964,14.589876640750944,9.690047794735875,17.47833328864769,15.17597455289476,13.468090545141665,18.086997094091604,19.024969656825924,14.421660399221125,16.41578547242341,14.9732576904071,18.325844743142575,18.139445008359193,17.687761063394202,17.806702764434803,17.21828770788496,18.205849661685452,19.358055858076586,18.21597487776504,17.985425796313486,19.4890818743748,17.362889763670406,17.653919709586713,19.726611280872717,20.033650397485154,16.55458681439743,15.33539158192214,16.994099398631512,17.743922135074833,16.13205519622438,15.017663701243423,18.719643209234874,20.350677888183675,16.02780246498679,16.083810375737023,17.075186946592993,16.94860405489279,15.666902265729158,16.397236122297667,19.588895053145215,21.0687294970564,18.177678285404006,19.451395018106084,16.984752872311343,20.71660452645001,17.44801237325447,19.04602098420698
1610555617.51LjzIROg0aeCP2GhDcAVQ0LipKJB9jmKc,15.593443213368502,17.61989998830476,15.758542275984123,18.325838468794416,16.71002116356642,18.65705294175799,16.944596421918,16.030780727716515,16.743108463614647,0.0,20.384925341654203,19.452471680120656,11.642867293033738,16.466620713037074,19.980484396819964,16.946460918285034,21.236003880405523,19.67812556041299,18.538637713207603,16.271619234858587,19.968749273956853,21.681644707942745,16.61481307696404,15.920792973475189,17.78091131216045,19.080801259756274,16.51521208800112,19.507049958729652,17.98934908332918,16.884919915495004,16.08218473043833,18.20716397009265,8.594707961567783,16.935822845858194,18.234360873131074,19.446852393658194,17.646280368242873,16.43669087164319,17.33577769704097,18.433711369135175,18.477858077551964,21.09498375058259,18.881036876641055,19.08738865296228,19.935929277787448,19.883905733645715,18.400138926436924,16.724870379201377,9.86805471566659,19.51214221022808,17.65596181656828,17.699117324611432,17.206360148256664,20.528989380903486,16.16679773785202,18.350588806480193,18.851246590722727,17.240318325786816,17.546493919728274,19.178813087461506,20.88295848874478,21.550195012208146,15.67290511226953,21.301049566583416,13.760142431502281,21.924593045397344,18.386779231498657,20.448368246200886
1610555608.17OpjjHobqRkX0UPcaXrbu7K6L3805SZri,19.849495446266733,15.261535764605533,19.614771719706606,13.756681010966359,18.88883613487334,18.306842247922557,18.59358529891587,19.67762215572358,19.69779364611698,20.384925341654203,0.0,17.016274033102587,21.097863863344205,19.245129062720448,17.220111475990674,17.412705497139374,10.858734308186365,15.675397476358736,18.390930534087154,19.265293463244646,17.364447883888555,16.389747790375004,18.227701545423727,19.678160667842064,17.035979203220606,18.51612503027779,19.1028921457491,17.222239209200215,17.054147824408428,17.736131699151805,19.04715853381022,17.594097527972156,20.906585932677256,18.76437727241645,17.417945560089738,16.090978717766017,18.55504322299644,18.431818070059652,15.993928138430451,19.823919799984548,16.801728348272047,14.251865653628599,17.64546859547905,16.8361559700798,15.698002670363444,13.763714555337739,19.773477971401267,19.236083732881728,19.68898058871137,19.140803183552272,18.189570716073604,19.40462350439843,18.539703825490204,16.08691130057377,18.49196678772338,17.515922997969188,16.62302377930124,18.117848512113238,18.916927321348442,17.365664112400452,16.73275378457327,16.226448547092623,18.434614471425068,16.246072414786823,18.6328216077791,16.17518412299624,18.731526652157232,17.35944238758055
1610555721.82zWeNZfGUUfRJkgnAwlP8VMhPzXctnSd4,18.40076551865713,17.862805511719834,18.37055759332967,15.478125073908643,18.847908441649878,18.848771164055727,19.170458912115766,18.197472176850205,18.164133230773796,19.452471680120656,17.016274033102587,0.0,21.01256755038734,18.24765244347297,18.636608669724026,15.56553441123109,18.134038322210195,15.461664191165772,18.729196891505058,16.34064557204957,9.637269209940184,14.862944736938253,18.933067494320113,18.17442128072206,18.602210678416736,19.045556231090757,18.898977605295403,13.698591186373667,16.871409516602185,19.118903052733668,18.85839156465737,19.746379625931436,20.06157769065706,17.236478700912205,14.16537490067188,14.995973010236845,17.32241971408025,17.311200716420682,17.471149094629624,19.107007613975394,16.491336930635487,14.885813633141874,18.432975439113108,14.32810781764824,18.05027365128751,18.062058679692043,17.90018999280404,17.723898984668416,18.829494739165128,19.304172941839262,11.482609592647183,17.73103015713345,19.4234808386149,17.748776060819086,16.90013298220054,19.06698058431582,17.866777733625927,14.07548419894684,14.310680515135187,19.24443493192959,18.23984923468175,19.415080912294588,17.398216668377014,18.99474080471221,17.378646637268083,18.78139067216899,18.53448871703136,18.063097126742708
1610555735.75bom85BDF0C7W2eIseHeMxi24qR68nzMi,18.149374248613558,17.274044516272973,18.364077553658976,19.39839122409266,19.13390171599016,19.732719469454125,19.094546701615226,18.57258845332128,19.132346862325917,11.642867293033738,21.097863863344205,21.01256755038734,0.0,18.870328147245125,20.464973184019552,18.91214681196001,21.82497224700008,19.559982479236922,19.93220472646431,17.8822085849799,21.54575661398371,22.29459784483041,18.77216021598035,18.503291468331085,20.003882539553686,20.29887960741949,18.910367018435785,20.958817383690203,18.698758527468744,18.759294072164323,17.561817373134726,19.74406741246907,8.146244233913432,17.345924584526408,19.919981328801335,21.130554415245037,19.34158188174055,17.19281606944013,18.81566790092125,19.46099001278921,19.760585624954107,21.984112735030312,20.29969556445134,19.99398522727712,20.196990355158896,19.792110917069138,19.959838671609784,19.248123359928282,15.307530805749986,21.021920931282416,19.750571245332456,19.832261945050917,18.14316833346908,20.5085777728439,18.263299808431505,20.124860237578982,20.87629010015644,19.490356099932857,19.55071040677879,20.68573521135871,21.324521582244767,21.7306810935776,17.026321642702097,22.043666972850612,17.17719381022772,22.029362697022332,20.04546396571476,21.019743323090267
1610555735.77NnT5xqKnwcf2BbjIekeb2arTQj6QMNwk,9.657327514088204,19.11283604959154,8.621666693308928,17.81792773643796,12.29177708195373,15.536755825158613,10.642297258109956,7.084850602136552,10.864685353508461,16.466620713037074,19.245129062720448,18.24765244347297,18.870328147245125,0.0,18.354244416762015,17.141556375476423,19.859961487087336,19.401728925178496,13.922032622945837,15.898905794168769,18.73120798983253,19.642803226283444,14.860504088602447,8.392989003981077,17.2189858558118,15.323145003256025,13.9900345518136,18.342635451213024,18.677552682595724,13.226736538724847,16.21117723628525,14.800694053507646,18.204916629269775,18.145841664013734,17.796287774916124,17.865254057008194,17.19070716103546,18.047059361957285,18.957379161065123,18.080586749027155,17.709475094539798,19.717372504699075,17.67571249525429,17.613179355108844,19.373276009635777,19.811858231471977,17.442806313839185,15.553590605021476,16.616023506633137,18.343582599676413,16.255824239447964,14.97453840700824,18.602541640071706,20.120464152373177,15.717908851369863,16.303396436571365,16.682602978750936,17.132780361540377,15.783213008771108,15.874168786666052,19.61094630494456,20.81170122245117,18.17673097169528,19.348926244734702,16.79946443578713,20.51759194130211,17.239636440011452,19.031395883710683
1610555638.33wjf1PhdNaoWfbRzXVn50hmFyB5bYAiLV,18.856721610134464,17.595242956422393,18.715493230396323,17.287194534249085,18.395513829936963,18.957049592842342,18.47741660081955,18.704819078024908,18.218895809704417,19.980484396819964,17.220111475990674,18.636608669724026,20.464973184019552,18.354244416762015,0.0,17.90716654336636,18.10984024537222,17.53298617119158,18.32301448813145,18.777375062906383,18.467958346074273,18.15710088499632,18.549566362620094,18.60336069659892,18.70886705922954,18.815771345441934,18.6199651444235,19.62800988208088,16.917624922915937,18.121099107781337,17.459245187353627,18.170438895193957,20.296404087779,20.015806372083738,16.526669597261186,16.93438511354418,16.59623337327045,19.606987249487364,18.42850755386791,19.023931329274543,14.984295654949722,18.475216740210282,14.616249151030548,17.950926467053996,15.20130392341627,17.362454830099292,18.747814174381197,18.257216089538172,20.213963512697593,19.435341962281537,18.157470613207828,17.980711779754472,21.1483626327079,17.592207558351735,17.51174311892828,18.66777548234907,16.27194082478681,18.517388576798023,18.94540342853014,17.987288135443993,19.59479331262619,18.342618321537795,19.548990812803492,19.270848924150993,19.51948297599799,17.861176335649247,19.02377496712551,19.828174060675227
1610555606.65jCE4ig8Pu8kvAzkxnSGfWsV0nQBjCf8H,16.98138891804336,17.76744307296084,16.800820100693716,16.369731386464142,16.88067155641906,18.469954761129728,17.57656124823065,16.962043042728006,17.253281527460622,16.946460918285034,17.412705497139374,15.56553441123109,18.91214681196001,17.141556375476423,17.90716654336636,0.0,18.417719270098214,18.733530871272038,18.45173899080444,13.556425074219575,16.12667518317312,19.227760735302976,16.615981021115942,16.891850686367356,17.59160069604893,18.851985455011196,16.40660729425619,15.882894382468455,14.826696788002687,17.72210473501085,14.619459756726723,18.468973139986527,17.4860140082674,12.981127989673443,11.61996669055901,13.846818421834023,14.214975384935276,12.348558554238638,17.72690602850346,18.54696461974704,15.116874607184409,17.701044869065225,17.46086417693753,16.98374067797312,17.522923757180937,18.997422986877933,17.159589100723824,16.667422145316706,16.20308468431217,17.083879998767156,14.871997190822858,17.594327912141143,16.580730857650686,18.01638796294655,13.231709941771204,17.694991924464365,17.60507080649529,13.749233383598954,15.654585286256898,18.747411789680164,17.919232390473148,19.14943347171789,13.535106141862755,18.905787804225422,14.708975293677275,18.823525139013903,16.44822276689695,17.478229413606947
1610555608.18ONsBCVo1i7BrX0XG9stct4oiA6ejX9Oz,20.616730910116974,16.558034845478264,20.409390669585125,16.212181277875956,19.480628621306447,18.971581976894317,19.431665435717008,20.303251502991888,20.25422883651384,21.236003880405523,10.858734308186365,18.134038322210195,21.82497224700008,19.859961487087336,18.10984024537222,18.417719270098214,0.0,16.52504300921237,19.13631427632167,20.108527560332785,18.074906160588622,17.165899177941682,18.955204107561727,20.348625915176676,17.615588742808374,18.78757336410491,19.907720028762636,18.156553238950735,17.897456939670406,18.59877382804567,19.895595080832614,18.27001096498524,21.686136044620312,19.55950489021134,18.274143798262383,16.719264804948693,19.44260720576319,19.17176424106116,16.670638762606046,20.583847774538423,18.163499026364633,15.409791379805364,18.76845545359303,17.69202070711722,16.31216484012202,15.11860378433829,20.32345435216956,19.96496806377961,20.384646327954638,19.483099314054115,19.155205377813694,20.163904532627814,19.325190169727907,16.419180869438108,19.539408968477286,18.003965672721513,16.87072889442365,19.05602554069824,19.807507969765553,18.081008726918178,17.184040770245584,16.430547700576682,19.11289149101327,15.934151358362174,19.412620402752488,16.149058065175865,19.27704822202271,17.758314340890852
1610555721.51RNoQUMP19FTMS79BmA3JkgSm2IC2AQuQ,19.555180113990566,10.043794175303184,19.718437390421613,15.543638084024742,19.28223793248814,18.591618161831075,19.14205989811399,19.597963443176734,19.57723210556108,19.67812556041299,15.675397476358736,15.461664191165772,19.559982479236922,19.401728925178496,17.53298617119158,18.733530871272038,16.52504300921237,0.0,18.460409165382465,19.29621972057132,16.756270367932096,15.471578072095376,18.71394725935318,19.505374956372243,18.44265674284801,19.247056396536827,19.885714712619027,17.372210383488124,17.343767322421932,17.958034312204695,19.65859446910109,18.782038096252112,19.714581131053407,18.164117982782816,18.618457370042997,18.24818086947822,19.55323662892021,17.963496708268902,15.812466026466344,20.343057861468665,17.191078567495214,16.759756032650476,19.091118005876847,15.93993670879589,14.236111662274169,11.614084723673356,19.73598568602115,19.446091531528086,19.24791470101833,20.516908604643206,17.013616248890877,19.843972122570065,19.80020589760396,16.981134457678113,19.117628610773863,19.20065812584446,17.850538976331013,18.419729680476188,17.853235621483186,17.93270178934232,16.6520745808943,17.19093789980606,18.609815866876083,17.183250326713857,18.680027689992485,16.750523284630383,20.10748882710133,16.85422424429031
1610555971.86O0cHB2ibBJ8jxoObg01EpGe8VVV5mpwn,13.654365459860895,18.39055775881754,13.642678612296566,17.391766881770927,15.24415792984606,10.145180713390396,14.167437668121838,13.74036454866746,12.833396943985692,18.538637713207603,18.390930534087154,18.729196891505058,19.93220472646431,13.922032622945837,18.32301448813145,18.45173899080444,19.13631427632167,18.460409165382465,0.0,18.013215683351792,18.854627578600084,18.092432085507557,16.623846794325218,13.783632175643175,17.97412954281207,11.862817582182103,15.94640878728657,18.478894999378088,19.16656870674645,13.618247521469169,18.158221261236076,14.363396832482339,19.828121703421782,19.069633068277398,18.692666577997173,18.222914620924282,18.775275362816558,19.429013016985863,18.597512341885487,17.692550285883158,18.736622869934365,19.19647017098185,18.343941817795685,16.99136937207311,18.61540337901382,18.58989593579992,17.738257596925184,16.227066194073597,18.683200265720107,18.60112229710676,17.082622021274155,15.063518267086186,18.81237124323098,19.781531519464156,17.695097970030556,17.163696423545904,18.07586827600009,18.022216181917308,16.620477978667193,14.406113678360377,18.763704375366892,20.09260608229471,19.473101027217744,17.846355922670757,18.623638020024057,19.774346926414584,17.50691671256746,18.304922350215627
1610556911.51zU3duZSGpcw1BDNsBLxdOCITAXwl6z3i,15.523873988987216,18.414359475898262,15.370356036853691,16.931807378894494,16.271324135101448,17.964969991377274,17.02881129391138,15.557607908439373,15.988650683489661,16.271619234858587,19.265293463244646,16.34064557204957,17.8822085849799,15.898905794168769,18.777375062906383,13.556425074219575,20.108527560332785,19.29621972057132,18.013215683351792,0.0,16.60129451763768,19.89624885554148,16.218350486272016,15.54742233874299,18.160056861712768,18.317950700115887,15.732707535723069,16.996153759359494,17.42850717682759,17.34673990122645,15.608758342066968,18.196134758345288,16.52136170729378,15.184305344877247,14.922681794239496,16.314582984827503,14.29715497110873,15.284852207318739,18.680864425175578,19.1176322495875,16.155008986764514,18.977934887151182,17.86850747148985,16.966453606794232,18.253523094312154,19.852503881563102,16.5428116800941,16.052395285170817,16.058037487648072,18.436864504326273,14.975859365393685,17.301804767575497,18.394720304076024,19.450474683982364,13.224022648463368,17.809621088218464,17.82089043442498,13.639823680165941,15.517174836437082,18.70341932372192,19.912968968560957,20.522597114544467,14.597670675512964,20.435481226236448,14.680915168376087,20.759625443052474,17.29223206619715,19.444325155175306
1610555988.71dMoYT8250UHHJGxgmITTmbHe7V6gH1yU,18.856860110196138,18.844714463868282,18.806601146530568,16.60331184946303,19.00257266532185,18.728945117135126,19.645956375665044,18.616823931789472,18.303235702793984,19.968749273956853,17.364447883888555,9.637269209940184,21.54575661398371,18.73120798983253,18.467958346074273,16.12667518317312,18.074906160588622,16.756270367932096,18.854627578600084,16.60129451763768,0.0,16.033388007239203,19.034556122545908,18.614451422266033,18.59171799000584,18.885864762262578,19.009394718881207,14.185672020857508,17.70198721433802,19.572552852808855,18.97038715720169,19.850470363338808,20.555232137689316,18.062423034074936,13.823404361419032,15.16425790938426,17.40738932661411,18.069115268502504,18.09846432776149,19.782907816443466,16.568075200378363,15.149876167513977,18.216201686684006,15.367932696866758,18.266644031710257,18.12393123836544,17.62558788994406,18.065290779762087,19.421858461377287,19.44904496148382,13.614002761809513,17.97456509964279,19.633484088139213,18.21484214640754,17.243768817063476,18.953050707076034,17.990428884147533,13.489000797179555,15.672163592539809,19.352300737772154,18.350547388418935,19.52110707431262,18.082740509091966,19.000867858801872,18.014998670381075,18.91480641669577,18.87508558933159,18.186762806245483
1610556042.81mlUZsSp7gbGjrp8jQSnybT1gPy6e62o1,20.349858665946936,17.02568425408033,20.238398062210575,17.300597324412596,19.183228596557424,18.435365506751012,18.903910327568973,20.1569419666903,19.8816944843964,21.681644707942745,16.389747790375004,14.862944736938253,22.29459784483041,19.642803226283444,18.15710088499632,19.227760735302976,17.165899177941682,15.471578072095376,18.092432085507557,19.89624885554148,16.033388007239203,0.0,18.48192028445707,20.18340901865322,18.528029471548358,18.545664859851378,20.281010496672746,16.902635796418856,18.666221915364627,17.319757254113576,20.9389416912441,17.136142027021105,22.072007825960572,19.78217174525141,18.276421510908452,17.552689318744804,20.160928832840977,19.487089043989812,17.896529330830138,20.31501787887533,19.187337074295915,16.474558230462055,19.543278683698748,17.408492135969926,16.60950263093563,16.57127626731344,19.77414979201406,19.399192810234055,20.542802613893233,19.954687730997506,17.210665810459727,19.482817314943293,20.76743282011578,17.98124370671864,20.149693761554197,18.54545830557533,17.8639905421583,17.900916732181567,18.468811715149076,15.858814179979058,16.370330616980105,18.723562408504428,19.782591166749388,16.965506597584017,19.646787852963868,16.671594680301155,19.708805948416884,16.64223632709003
1610555637.02UBW5nKvDyUrKnaWcYRGajZPxTRDS0q3N,14.642654921511127,17.395116933611526,14.565608270889888,17.895008567002595,11.44212785282522,16.185635111072973,13.980692117545672,14.888006226633603,14.589876640750944,16.61481307696404,18.227701545423727,18.933067494320113,18.77216021598035,14.860504088602447,18.549566362620094,16.615981021115942,18.955204107561727,18.71394725935318,16.623846794325218,16.218350486272016,19.034556122545908,18.48192028445707,0.0,14.766989825111445,14.784748291391404,16.426369343770144,11.791750225639857,18.92181929453665,17.943914837492823,11.99898446621693,14.60028011261059,12.342376199801954,17.69928310578175,17.32379995411105,17.40402928926251,17.70807691421615,16.714574597424242,16.054866319838883,16.904844390044573,19.09464937470487,17.439850628704058,19.523338386333837,17.62685350232458,18.62671057987559,18.14115358326501,18.230608359317625,16.086830142360125,16.057094755994125,15.661205762078211,16.724072559035214,17.8434222350326,15.286493237877584,18.146417808793103,18.736682815578053,14.898544570148665,11.114151742391561,16.44233618440677,17.003355718328446,17.470782631718446,14.120929581752437,18.755649003940402,19.918331347262004,16.360104641008647,18.30159273669919,15.649632775183951,19.48480299457908,17.41118432652457,18.81273872404594
1610555619.13oUYNikU4facCTpUSiSLr0vPI0tJLnXiT,6.194681941567543,19.20329369379328,5.998177686569157,17.852047017646214,12.236792432656225,15.79192744886916,11.384130416874871,5.387354952856752,9.690047794735875,15.920792973475189,19.678160667842064,18.17442128072206,18.503291468331085,8.392989003981077,18.60336069659892,16.891850686367356,20.348625915176676,19.505374956372243,13.783632175643175,15.54742233874299,18.614451422266033,20.18340901865322,14.766989825111445,0.0,17.530737500974276,15.737232223998783,13.485117105231884,18.291664303940486,18.56189385379449,13.625464313115375,15.805371862524192,15.098684254997636,17.696950473122158,17.75663934629851,17.533598527947287,17.93060235476166,17.081927679138644,17.747939612930917,18.98217187731527,17.882281807554666,17.57974764938782,19.808371780877543,17.63825240320421,17.13708078699375,19.79608885801363,20.24466118200023,17.19624446906812,15.189890938515218,16.16714505405908,18.274959279907133,15.903796575977557,15.04881966945731,18.403840184653024,20.189078254355948,15.263081339475148,16.485205219613178,17.032807446998252,16.74880861072276,15.416280342954844,16.580387090253208,19.9856159928768,21.116380993832035,17.68473803595184,19.824677137733936,16.351894373103793,20.87850587901428,16.91936940176765,19.47637334995992
1610555721.03nzkucfjAUh31zTbmCVvTVYqtjoxZFnBh,17.566107599925665,17.579309328314423,17.40306842225718,18.511210984475337,16.844154162393902,17.297856122098267,17.1931682124509,17.514532428644724,17.47833328864769,17.78091131216045,17.035979203220606,18.602210678416736,20.003882539553686,17.2189858558118,18.70886705922954,17.59160069604893,17.615588742808374,18.44265674284801,17.97412954281207,18.160056861712768,18.59171799000584,18.528029471548358,14.784748291391404,17.530737500974276,0.0,17.687159936215405,17.57074295160662,18.31072798561488,18.745368784094527,16.063914657336966,17.891392477230532,16.004651289921416,19.027643951769537,18.10076028689067,17.846292651324532,17.778411934229545,18.214327429648385,16.975233144250517,14.698537266321699,18.756935603133577,18.9321784229313,18.432867998575873,17.74605897280563,18.735254090758595,18.061941955334024,16.175296970897477,17.805106658812264,15.524280597721622,16.708535364913192,18.6564900709178,17.685714433438164,17.22487728714362,17.391593678468354,18.607145325622128,17.50236311898941,13.108864740808093,13.975436048905545,17.57058361145099,17.551605614606384,14.366826733805427,17.28940815787063,18.574469462029434,17.531688331052823,16.601069882605337,16.739945749290726,18.352448105677592,17.598136600547306,17.951553074693724
1610555722.67fhKURdXVzRbLIjXmjRwdJHTnE7PWb1AE,16.102547155402387,19.080161228844183,15.703526762538095,18.51264584602636,16.495553143287108,7.390031327513172,15.290088129180068,15.639613711039951,15.17597455289476,19.080801259756274,18.51612503027779,19.045556231090757,20.29887960741949,15.323145003256025,18.815771345441934,18.851985455011196,18.78757336410491,19.247056396536827,11.862817582182103,18.317950700115887,18.885864762262578,18.545664859851378,16.426369343770144,15.737232223998783,17.687159936215405,0.0,16.74150315200625,18.747234677452038,19.24922991932289,14.688952425856398,18.59850705720304,14.538229711512354,20.102540016952812,19.47117396400078,19.182876991446502,17.923576659537346,19.208203789931705,19.7894277071253,18.446331298258897,18.683214641753164,19.60550660623492,19.12697124643013,18.91507191258107,17.690156101877083,18.72545294385257,18.53564450471865,16.641535644679266,16.696679939951494,19.378942931631805,18.57007738438623,17.50569891968883,16.094582394354223,18.576905974487282,19.57280362619949,18.287908399073967,16.09300038179042,18.3812371054218,18.185629806452123,17.172730287513183,14.044056450449824,18.736569139502897,20.113553323498223,19.739460590216773,17.645562915715914,19.29757182747086,19.75923575387981,18.360909069987123,18.532815902258406
1610555638.39J2ZWBLuLTHP0jOlzB4tNHmYeijH5g5YJ,13.361871906610327,19.190472656676317,13.154421076225688,17.280424162107597,11.437813676618559,16.6709066353214,14.252806675463471,13.613410081784256,13.468090545141665,16.51521208800112,19.1028921457491,18.898977605295403,18.910367018435785,13.9900345518136,18.6199651444235,16.40660729425619,19.907720028762636,19.885714712619027,15.94640878728657,15.732707535723069,19.009394718881207,20.281010496672746,11.791750225639857,13.485117105231884,17.57074295160662,16.74150315200625,0.0,19.104244091800386,18.827135393327726,14.494404315617249,13.459879047493592,14.762668529110048,17.926912803860905,17.982750283298397,17.397147895263505,17.720860315371606,16.34057593223319,17.653913610563773,19.007732584104424,17.964212337637914,16.590367447302484,19.92217842398472,17.175800720176657,18.8204763801929,19.474442316178948,20.273003895782328,16.553947261219182,15.681054887220963,16.504911732907193,14.799727593996643,17.408880723364696,14.089716170972245,18.626323576876384,20.166058428150464,14.745667840117566,15.378258333055685,17.83143596551529,16.927098864417335,17.026751719652445,16.835769092143725,19.936498510989136,20.60131201250613,17.18162242947534,19.719891461543803,16.35477834924849,20.90826134296884,15.070578313748726,19.724341080588868
1610556032.17Q6yCDx9g7alRnL9jBFXD2JhhUyB2hKfJ,18.48023782153712,17.768270556981065,18.220881518842926,16.08241254635557,18.696264525657824,18.631251027660227,18.72422832749412,18.2584414518784,18.086997094091604,19.507049958729652,17.222239209200215,13.698591186373667,20.958817383690203,18.342635451213024,19.62800988208088,15.882894382468455,18.156553238950735,17.372210383488124,18.478894999378088,16.996153759359494,14.185672020857508,16.902635796418856,18.92181929453665,18.291664303940486,18.31072798561488,18.747234677452038,19.104244091800386,0.0,17.34392181609895,18.93040666202467,19.382123094572886,19.346780005991896,20.117824385366582,15.53135256765516,16.491188090088222,16.03858405830288,18.27715715237221,16.544918893256167,17.49839593938969,18.78633172386615,18.35978229429609,14.847181775211887,18.437893825520455,14.293841859209007,18.472677308872925,17.630063862442118,18.13090785462909,18.155714499247438,19.017207727147195,19.27717081200797,13.927244291044321,18.553132984171384,17.818937847548966,18.256044170637196,17.801206695004186,19.129800891263812,17.498108451447695,14.229151083277474,14.203894661618905,19.052378921573094,17.01726435656903,19.46476128085933,17.636955398203067,17.73989418713609,17.472218504203493,18.23304096359254,18.79422266116411,16.40604247337323
