,square,rectangle,parallelogram,losange,isoTrapezoid,kite,rightKite,rustedHinge,hinge,trapezoid,random
square,1.1102230246251565e-16,0.02032394536144222,0.03928358513064445,0.06544021765001407,0.02191580513103253,0.020274201589793983,0.013688296288814628,0.029573778468668932,0.02671304347474901,0.023447186920554808,0.04972596658242412
rectangle,0.02032394536144222,0.0,0.020334006432024432,0.05343668708183791,0.04791870800612452,0.034625106468613054,0.030498209249158026,0.027028990412726217,0.018788434722554204,0.03659665411092872,0.07075121540551443
parallelogram,0.03928358513064445,0.020334006432024432,1.1102230246251565e-16,0.01777585144375593,0.060043473991074015,0.05864400581003848,0.04291132064639869,0.029987918556271698,0.022117574530244544,0.026019337494641248,0.051385086544777026
losange,0.06544021765001407,0.05343668708183791,0.01777585144375593,0.0,0.0723473384970923,0.08193023915217634,0.06371708535374865,0.04389142989936501,0.04104779236286438,0.031999518034022234,0.03620840708661721
isoTrapezoid,0.02191580513103253,0.04791870800612452,0.060043473991074015,0.0723473384970923,0.0,0.019700486252767435,0.01593808389235596,0.05211166988907623,0.051889523643872004,0.02427299326219423,0.036872068530895974
kite,0.020274201589793983,0.034625106468613054,0.05864400581003848,0.08193023915217634,0.019700486252767435,0.0,0.011023924778385097,0.05080781160872194,0.049215120382055666,0.04429628047760359,0.06518145025180666
rightKite,0.013688296288814628,0.030498209249158026,0.04291132064639869,0.06371708535374865,0.01593808389235596,0.011023924778385097,1.1102230246251565e-16,0.0411709800232275,0.0382669605571313,0.022157778687647678,0.04817111870176205
rustedHinge,0.029573778468668932,0.027028990412726217,0.029987918556271698,0.04389142989936501,0.05211166988907623,0.05080781160872194,0.0411709800232275,0.0,0.003597927000655865,0.03404152818781214,0.04604081112803349
hinge,0.02671304347474901,0.018788434722554204,0.022117574530244544,0.04104779236286438,0.051889523643872004,0.049215120382055666,0.0382669605571313,0.003597927000655865,0.0,0.030394309230553307,0.04737877015177239
trapezoid,0.023447186920554808,0.03659665411092872,0.026019337494641248,0.031999518034022234,0.02427299326219423,0.04429628047760359,0.022157778687647678,0.03404152818781214,0.030394309230553307,0.0,0.017716862134849687
random,0.04972596658242412,0.07075121540551443,0.051385086544777026,0.03620840708661721,0.036872068530895974,0.06518145025180666,0.04817111870176205,0.04604081112803349,0.04737877015177239,0.017716862134849687,0.0
