,square,rectangle,parallelogram,losange,isoTrapezoid,kite,rightKite,rustedHinge,hinge,trapezoid,random
square,0.0,0.02862336257621756,0.046907113999664296,0.06675278687985942,0.01819221161858464,0.012930556131648396,0.009259562010652256,0.03316802511847028,0.030655332357439113,0.021213811223045775,0.04267330338793407
rectangle,0.02862336257621756,0.0,0.016611764055334377,0.03924175105601313,0.051859232254352294,0.03444646131493667,0.033006644217531966,0.02170253417336032,0.013188444123573784,0.035467259814081054,0.0602294486097259
parallelogram,0.046907113999664296,0.016611764055334377,0.0,0.016279075790498365,0.06201951871601685,0.0526261127854053,0.04531018604086834,0.030621794037955397,0.02128163686727058,0.0332706070562,0.05394004743345615
losange,0.06675278687985942,0.03924175105601313,0.016279075790498365,0.0,0.06863262044588303,0.06967598571820599,0.061817061119264216,0.03928995586576145,0.03437957235105504,0.03623556704913111,0.03971884960367822
isoTrapezoid,0.01819221161858464,0.051859232254352294,0.06201951871601685,0.06863262044588303,0.0,0.018299517893551664,0.01577996614805044,0.052143502274059506,0.05196744867473657,0.021336465928240234,0.030895413279757422
kite,0.012930556131648396,0.03444646131493667,0.0526261127854053,0.06967598571820599,0.018299517893551664,0.0,0.009262376682444562,0.046184508193206186,0.04437316852656037,0.034670400938410784,0.052470840679752495
rightKite,0.009259562010652256,0.033006644217531966,0.04531018604086834,0.061817061119264216,0.01577996614805044,0.009262376682444562,0.0,0.04219057967645956,0.0397695360969087,0.019369581688132853,0.04341766382674872
rustedHinge,0.03316802511847028,0.02170253417336032,0.030621794037955397,0.03928995586576145,0.052143502274059506,0.046184508193206186,0.04219057967645956,0.0,0.0035057119281373117,0.0371393151059366,0.04668111105928707
hinge,0.030655332357439113,0.013188444123573784,0.02128163686727058,0.03437957235105504,0.05196744867473657,0.04437316852656037,0.0397695360969087,0.0035057119281373117,0.0,0.03329523209017937,0.04701772419065453
trapezoid,0.021213811223045775,0.035467259814081054,0.0332706070562,0.03623556704913111,0.021336465928240234,0.034670400938410784,0.019369581688132853,0.0371393151059366,0.03329523209017937,1.1102230246251565e-16,0.01718338732258695
random,0.04267330338793407,0.0602294486097259,0.05394004743345615,0.03971884960367822,0.030895413279757422,0.052470840679752495,0.04341766382674872,0.04668111105928707,0.04701772419065453,0.01718338732258695,0.0
