,square,rectangle,parallelogram,losange,isoTrapezoid,kite,rightKite,rustedHinge,hinge,trapezoid,random
square,0.0,0.055282106581932444,0.08587512109734152,0.11991869402229094,0.029814023317382254,0.020288481125685487,0.01317107425976316,0.05765279368322651,0.05603989276615384,0.03523315795641968,0.0740290335805105
rectangle,0.055282106581932444,0.0,0.025326954175392435,0.06339099963509554,0.0962327252870917,0.06261354547311915,0.06003220792235453,0.03506583852962475,0.021415870454439045,0.06267843474135182,0.10654090640345282
parallelogram,0.08587512109734152,0.025326954175392435,1.1102230246251565e-16,0.02802811462442134,0.11408345363834882,0.09293771222585412,0.08220161336740528,0.0477629315187279,0.032631981456701986,0.0630079820612115,0.09855440262144477
losange,0.11991869402229094,0.06339099963509554,0.02802811462442134,0.0,0.12436540878291613,0.12223569483545016,0.11187689951703905,0.06096204614728984,0.05282924858174831,0.06873869009727429,0.07089716728245377
isoTrapezoid,0.029814023317382254,0.0962327252870917,0.11408345363834882,0.12436540878291613,0.0,0.03220336768136223,0.027330325791186105,0.08952207461251727,0.0926731244298098,0.037222944851395545,0.0566328046530471
kite,0.020288481125685487,0.06261354547311915,0.09293771222585412,0.12223569483545016,0.03220336768136223,0.0,0.014543999209057468,0.08006461931554143,0.07838368596678114,0.057589799660979435,0.09097500457941532
rightKite,0.01317107425976316,0.06003220792235453,0.08220161336740528,0.11187689951703905,0.027330325791186105,0.014543999209057468,0.0,0.07128531397501403,0.06912345320399982,0.03377910352446656,0.07849366946898706
rustedHinge,0.05765279368322651,0.03506583852962475,0.0477629315187279,0.06096204614728984,0.08952207461251727,0.08006461931554143,0.07128531397501403,0.0,0.005298688016551978,0.05968803104515907,0.07827864179005717
hinge,0.05603989276615384,0.021415870454439045,0.032631981456701986,0.05282924858174831,0.0926731244298098,0.07838368596678114,0.06912345320399982,0.005298688016551978,0.0,0.05528733825814758,0.08067857249352772
trapezoid,0.03523315795641968,0.06267843474135182,0.0630079820612115,0.06873869009727429,0.037222944851395545,0.057589799660979435,0.03377910352446656,0.05968803104515907,0.05528733825814758,0.0,0.03308040502779319
random,0.0740290335805105,0.10654090640345282,0.09855440262144477,0.07089716728245377,0.0566328046530471,0.09097500457941532,0.07849366946898706,0.07827864179005717,0.08067857249352772,0.03308040502779319,0.0
