,square,rectangle,parallelogram,losange,isoTrapezoid,kite,rightKite,rustedHinge,hinge,trapezoid,random
square,0.0,0.02428527062334973,0.04671431742092558,0.07819803498658373,0.02735854073349886,0.023916004484262565,0.017853660877345412,0.037466123618530967,0.03430587457181378,0.029825951095699965,0.061461011429225776
rectangle,0.02428527062334973,1.1102230246251565e-16,0.02473026890076968,0.06484914222619786,0.058037665803896576,0.04128783943468861,0.038285975958431306,0.03330349510920072,0.02381945216337311,0.04528956450400545,0.08466269758735057
parallelogram,0.04671431742092558,0.02473026890076968,0.0,0.02162163528436667,0.0688613003669667,0.06648833238208274,0.05066484658632431,0.03673821613378081,0.028321566599845194,0.03149889596914279,0.061422558402302485
losange,0.07819803498658373,0.06484914222619786,0.02162163528436667,0.0,0.08233942720046294,0.09368080825038716,0.07479474945754427,0.05395625310048857,0.05183527074934169,0.03756604071331304,0.043985174755770795
isoTrapezoid,0.02735854073349886,0.058037665803896576,0.0688613003669667,0.08233942720046294,0.0,0.024149246452866424,0.019244018492176385,0.06124276539474338,0.0616795525037922,0.027729913205222445,0.04346816864316738
kite,0.023916004484262565,0.04128783943468861,0.06648833238208274,0.09368080825038716,0.024149246452866424,0.0,0.012790129544082207,0.058360748674556095,0.05670057591121125,0.05121455610314174,0.07610506537778405
rightKite,0.017853660877345412,0.038285975958431306,0.05066484658632431,0.07479474945754427,0.019244018492176385,0.012790129544082207,0.0,0.04861663889487877,0.04580457458864495,0.026753036637736205,0.05771466702300754
rustedHinge,0.037466123618530967,0.03330349510920072,0.03673821613378081,0.05395625310048857,0.06124276539474338,0.058360748674556095,0.04861663889487877,2.220446049250313e-16,0.004554010056977087,0.041938583204776725,0.05575143631164625
hinge,0.03430587457181378,0.02381945216337311,0.028321566599845194,0.05183527074934169,0.0616795525037922,0.05670057591121125,0.04580457458864495,0.004554010056977087,0.0,0.038465791493022206,0.05785247084777767
trapezoid,0.029825951095699965,0.04528956450400545,0.03149889596914279,0.03756604071331304,0.027729913205222445,0.05121455610314174,0.026753036637736205,0.041938583204776725,0.038465791493022206,0.0,0.021349700733816368
random,0.061461011429225776,0.08466269758735057,0.061422558402302485,0.043985174755770795,0.04346816864316738,0.07610506537778405,0.05771466702300754,0.05575143631164625,0.05785247084777767,0.021349700733816368,0.0
