,square,rectangle,parallelogram,losange,isoTrapezoid,kite,rightKite,rustedHinge,hinge,trapezoid,random
square,2.220446049250313e-16,0.027489095929313034,0.049673529231431646,0.08047274035187924,0.028923375714028143,0.02483326047866108,0.01805018741637454,0.03926565344538668,0.035974356996932966,0.03126096122179567,0.06487221036510316
rectangle,0.027489095929313034,1.1102230246251565e-16,0.024774476772144727,0.0648125591676012,0.060997323618757315,0.043647632051633245,0.0404458178505519,0.03377651465987319,0.023727753980015365,0.04782639925656862,0.08802041376385883
parallelogram,0.049673529231431646,0.024774476772144727,0.0,0.022542251416279968,0.07135276116684608,0.06831458875194873,0.05230887740497314,0.03784396564250858,0.02894973700391079,0.03387093179313283,0.06479784016351131
losange,0.08047274035187924,0.0648125591676012,0.022542251416279968,0.0,0.0826826981568809,0.09459883028643867,0.07547987975589387,0.055096146384408295,0.052607196315241245,0.03874585305868561,0.04466068443376814
isoTrapezoid,0.028923375714028143,0.060997323618757315,0.07135276116684608,0.0826826981568809,1.1102230246251565e-16,0.025523630833157562,0.020404327214488593,0.06328187501463534,0.06358768216684774,0.028665524728237135,0.04482879222018643
kite,0.02483326047866108,0.043647632051633245,0.06831458875194873,0.09459883028643867,0.025523630833157562,0.0,0.013415339953732008,0.05938027852003214,0.057905790362984044,0.05328685781056164,0.07991994452697249
rightKite,0.01805018741637454,0.0404458178505519,0.05230887740497314,0.07547987975589387,0.020404327214488593,0.013415339953732008,0.0,0.050100330398913484,0.04729681381327122,0.027603835471987193,0.06054538318717073
rustedHinge,0.03926565344538668,0.03377651465987319,0.03784396564250858,0.055096146384408295,0.06328187501463534,0.05938027852003214,0.050100330398913484,0.0,0.004786718987161098,0.04498182600884382,0.06033047191078478
hinge,0.035974356996932966,0.023727753980015365,0.02894973700391079,0.052607196315241245,0.06358768216684774,0.057905790362984044,0.04729681381327122,0.004786718987161098,0.0,0.041061790948330734,0.06220806032949999
trapezoid,0.03126096122179567,0.04782639925656862,0.03387093179313283,0.03874585305868561,0.028665524728237135,0.05328685781056164,0.027603835471987193,0.04498182600884382,0.041061790948330734,0.0,0.022503800999787105
random,0.06487221036510316,0.08802041376385883,0.06479784016351131,0.04466068443376814,0.04482879222018643,0.07991994452697249,0.06054538318717073,0.06033047191078478,0.06220806032949999,0.022503800999787105,2.220446049250313e-16
