,square,rectangle,parallelogram,losange,isoTrapezoid,kite,rightKite,rustedHinge,hinge,trapezoid,random
square,0.0,0.017081081839488754,0.032787114161691444,0.05620195639476133,0.019200463148728142,0.017647752435694164,0.010588130232226045,0.0236909475112147,0.02110664886240632,0.019502649161054264,0.04299532263463546
rectangle,0.017081081839488754,0.0,0.017888468619981945,0.04824192544071493,0.04175554440875773,0.030545430476385582,0.025432773079470783,0.022871424898492254,0.01549519019535861,0.031805185586389007,0.06360872643972681
parallelogram,0.032787114161691444,0.017888468619981945,0.0,0.01589679899240959,0.05357327183981864,0.05339693346738095,0.03741612253435045,0.02437918649995141,0.017384568718121107,0.02192349530994675,0.04505807955525054
losange,0.05620195639476133,0.04824192544071493,0.01589679899240959,0.0,0.06504344843308874,0.07489110207833904,0.056767920611386025,0.03700911112451266,0.03462762416267451,0.027627979164429606,0.030599277846447226
isoTrapezoid,0.019200463148728142,0.04175554440875773,0.05357327183981864,0.06504344843308874,1.1102230246251565e-16,0.016350028770374503,0.013519702630786168,0.045668709092977156,0.045216806009818145,0.022239198474808375,0.033072507009451746
kite,0.017647752435694164,0.030545430476385582,0.05339693346738095,0.07489110207833904,0.016350028770374503,1.1102230246251565e-16,0.009805477145490626,0.0451326421558047,0.0441181857986922,0.040163841752176355,0.05925352647844384
rightKite,0.010588130232226045,0.025432773079470783,0.03741612253435045,0.056767920611386025,0.013519702630786168,0.009805477145490626,1.1102230246251565e-16,0.0352673352276327,0.03270341494087492,0.01938959069168622,0.04317079202527596
rustedHinge,0.0236909475112147,0.022871424898492254,0.02437918649995141,0.03700911112451266,0.045668709092977156,0.0451326421558047,0.0352673352276327,0.0,0.0028327814030030263,0.028038427730942117,0.040063243598698284
hinge,0.02110664886240632,0.01549519019535861,0.017384568718121107,0.03462762416267451,0.045216806009818145,0.0441181857986922,0.03270341494087492,0.0028327814030030263,0.0,0.024639072218169633,0.041559379313791944
trapezoid,0.019502649161054264,0.031805185586389007,0.02192349530994675,0.027627979164429606,0.022239198474808375,0.040163841752176355,0.01938959069168622,0.028038427730942117,0.024639072218169633,1.1102230246251565e-16,0.015685017476769758
random,0.04299532263463546,0.06360872643972681,0.04505807955525054,0.030599277846447226,0.033072507009451746,0.05925352647844384,0.04317079202527596,0.040063243598698284,0.041559379313791944,0.015685017476769758,0.0
