,square,rectangle,parallelogram,losange,isoTrapezoid,kite,rightKite,rustedHinge,hinge,trapezoid,random
square,1.1102230246251565e-16,0.023555575386919547,0.0454135450682146,0.0759183632416165,0.026336754209602797,0.02337599413064595,0.017441716379085093,0.03633527203605946,0.03326240314782036,0.02871099040897951,0.059372995845808574
rectangle,0.023555575386919547,0.0,0.0239094757760141,0.0628031928952757,0.05645182929195347,0.040311787702474344,0.037283692333553775,0.03243601027181342,0.023191264609020656,0.04379437740051639,0.08233337606085955
parallelogram,0.0454135450682146,0.0239094757760141,0.0,0.020992635264903803,0.06780952803941942,0.06547938917467777,0.049841847535277095,0.03596522699025695,0.02759691089253624,0.03075220202125528,0.06003098707530652
losange,0.0759183632416165,0.0628031928952757,0.020992635264903803,0.0,0.08123171153631004,0.09207338938958898,0.07344983468742183,0.05257851171249184,0.050281839361759895,0.03681229370810024,0.04303170416497648
isoTrapezoid,0.026336754209602797,0.05645182929195347,0.06780952803941942,0.08123171153631004,0.0,0.02352716192667259,0.018839440912277627,0.06008321383374193,0.06046775150521744,0.027304866430889807,0.04265365775091268
kite,0.02337599413064595,0.040311787702474344,0.06547938917467777,0.09207338938958898,0.02352716192667259,0.0,0.012569425863483863,0.057461030428404,0.05576682452770909,0.050214922343981505,0.07436438687688474
rightKite,0.017441716379085093,0.037283692333553775,0.049841847535277095,0.07344983468742183,0.018839440912277627,0.012569425863483863,1.1102230246251565e-16,0.04783756362498359,0.04500723821922126,0.02619690607337144,0.056356166980445765
rustedHinge,0.03633527203605946,0.03243601027181342,0.03596522699025695,0.05257851171249184,0.06008321383374193,0.057461030428404,0.04783756362498359,0.0,0.004454786671800659,0.04080221741137979,0.05421375573506182
hinge,0.03326240314782036,0.023191264609020656,0.02759691089253624,0.050281839361759895,0.06046775150521744,0.05576682452770909,0.04500723821922126,0.004454786671800659,0.0,0.03728122603364281,0.05613729799859668
trapezoid,0.02871099040897951,0.04379437740051639,0.03075220202125528,0.03681229370810024,0.027304866430889807,0.050214922343981505,0.02619690607337144,0.04080221741137979,0.03728122603364281,1.1102230246251565e-16,0.020849069708386736
random,0.059372995845808574,0.08233337606085955,0.06003098707530652,0.04303170416497648,0.04265365775091268,0.07436438687688474,0.056356166980445765,0.05421375573506182,0.05613729799859668,0.020849069708386736,0.0
