,square,rectangle,parallelogram,losange,isoTrapezoid,kite,rightKite,rustedHinge,hinge,trapezoid,random
square,0.0,0.01665841261354528,0.031627723339549996,0.054407448573395856,0.018459839664240585,0.017032545500715424,0.009649964667466038,0.0226504376552199,0.020135288930840933,0.018302003844376302,0.0412669982458852
rectangle,0.01665841261354528,0.0,0.017395639000021612,0.04720083742373238,0.04055044666190433,0.029644998706243486,0.024246024053754422,0.02221783927129528,0.014917225633632958,0.030647766190870396,0.0619764700075045
parallelogram,0.031627723339549996,0.017395639000021612,0.0,0.015597231313237314,0.052409017346943476,0.05242662447371005,0.036299136703671464,0.02321058422092659,0.016353329691241925,0.021076614326670406,0.04361781321244862
losange,0.054407448573395856,0.04720083742373238,0.015597231313237314,0.0,0.06374413237015164,0.07362540614317248,0.05549174525305545,0.03540808337562207,0.033166817588766606,0.02694121193622867,0.02938443028067983
isoTrapezoid,0.018459839664240585,0.04055044666190433,0.052409017346943476,0.06374413237015164,0.0,0.01583538874493895,0.013135538239607447,0.04436390328247142,0.043863183652883,0.021831323916186363,0.03219054077362704
kite,0.017032545500715424,0.029644998706243486,0.05242662447371005,0.07362540614317248,0.01583538874493895,0.0,0.009607677069294773,0.044187282461244926,0.04320200433295762,0.03946679744614423,0.058167162600124445
rightKite,0.009649964667466038,0.024246024053754422,0.036299136703671464,0.05549174525305545,0.013135538239607447,0.009607677069294773,0.0,0.034114305506658615,0.03150453414507515,0.018915980450318948,0.042234933058706625
rustedHinge,0.0226504376552199,0.02221783927129528,0.02321058422092659,0.03540808337562207,0.04436390328247142,0.044187282461244926,0.034114305506658615,0.0,0.00272127346622264,0.026706958073372422,0.038616084455627586
hinge,0.020135288930840933,0.014917225633632958,0.016353329691241925,0.033166817588766606,0.043863183652883,0.04320200433295762,0.03150453414507515,0.00272127346622264,0.0,0.02330576844180332,0.040196428215943825
trapezoid,0.018302003844376302,0.030647766190870396,0.021076614326670406,0.02694121193622867,0.021831323916186363,0.03946679744614423,0.018915980450318948,0.026706958073372422,0.02330576844180332,1.1102230246251565e-16,0.015276476852886911
random,0.0412669982458852,0.0619764700075045,0.04361781321244862,0.02938443028067983,0.03219054077362704,0.058167162600124445,0.042234933058706625,0.038616084455627586,0.040196428215943825,0.015276476852886911,1.1102230246251565e-16
