,square,rectangle,parallelogram,losange,isoTrapezoid,kite,rightKite,rustedHinge,hinge,trapezoid,random
square,0.0,0.02417784513390453,0.04652808395100638,0.07766249144696558,0.027050330325060212,0.02376461460427226,0.01778134748449045,0.037283395750237425,0.03410310967067509,0.0294648170377676,0.06075982500181998
rectangle,0.02417784513390453,0.0,0.024546939976705984,0.06428574872737336,0.057884490606267214,0.04114207802231962,0.0381856819707177,0.03318620618958734,0.02370448095766109,0.04486939522320699,0.08403392035756752
parallelogram,0.04652808395100638,0.024546939976705984,0.0,0.02141703907254766,0.06910473994711097,0.06657641624792998,0.050806062892647996,0.0366480673368863,0.028129817569081172,0.0313787041425968,0.061091948473689595
losange,0.07766249144696558,0.06428574872737336,0.02141703907254766,1.1102230246251565e-16,0.08258113894225794,0.0935976962598738,0.07479642318926427,0.053545322714581345,0.051266507353946555,0.03742189365085369,0.04369152188074388
isoTrapezoid,0.027050330325060212,0.057884490606267214,0.06910473994711097,0.08258113894225794,1.1102230246251565e-16,0.024031920850762112,0.019148374835057713,0.06119745983942804,0.061604488380490374,0.027748347572593923,0.04337905227539918
kite,0.02376461460427226,0.04114207802231962,0.06657641624792998,0.0935976962598738,0.024031920850762112,1.1102230246251565e-16,0.012780469046497211,0.05859843398600928,0.05686092455435621,0.05107333124906355,0.07573383296084424
rightKite,0.01778134748449045,0.0381856819707177,0.050806062892647996,0.07479642318926427,0.019148374835057713,0.012780469046497211,0.0,0.0488868259770997,0.04598398787216551,0.02670928343166179,0.057497579654052555
rustedHinge,0.037283395750237425,0.03318620618958734,0.0366480673368863,0.053545322714581345,0.06119745983942804,0.05859843398600928,0.0488868259770997,2.220446049250313e-16,0.004539811137181604,0.04161826008813907,0.055203783905234505
hinge,0.03410310967067509,0.02370448095766109,0.028129817569081172,0.051266507353946555,0.061604488380490374,0.05686092455435621,0.04598398787216551,0.004539811137181604,0.0,0.038067823283652324,0.05726635847768913
trapezoid,0.0294648170377676,0.04486939522320699,0.0313787041425968,0.03742189365085369,0.027748347572593923,0.05107333124906355,0.02670928343166179,0.04161826008813907,0.038067823283652324,0.0,0.021202779842776187
random,0.06075982500181998,0.08403392035756752,0.061091948473689595,0.04369152188074388,0.04337905227539918,0.07573383296084424,0.057497579654052555,0.055203783905234505,0.05726635847768913,0.021202779842776187,0.0
