,square,rectangle,parallelogram,losange,isoTrapezoid,kite,rightKite,rustedHinge,hinge,trapezoid,random
square,0.0,0.016405753834567993,0.03114381271931632,0.053820854788689365,0.018125964651447335,0.016557056077459276,0.008920963297778362,0.021956972219056126,0.019438653416499085,0.017738525443678377,0.04058796865332026
rectangle,0.016405753834567993,0.0,0.017192715292043692,0.04686799334458103,0.040001858641635524,0.02913851259832345,0.023449538926235025,0.0216297716739543,0.014330966496743924,0.030052365181366003,0.06142188638300883
parallelogram,0.03114381271931632,0.017192715292043692,0.0,0.015365892127880643,0.05197857521157778,0.05221485900561529,0.03584776322601557,0.02244293904569017,0.01563911956439934,0.02048001614070316,0.04288494179775171
losange,0.053820854788689365,0.04686799334458103,0.015365892127880643,0.0,0.06344194019329874,0.07352324886557293,0.055187891236564535,0.034733744333501404,0.032557809970436336,0.026539027438607143,0.02879524945707168
isoTrapezoid,0.018125964651447335,0.040001858641635524,0.05197857521157778,0.06344194019329874,1.1102230246251565e-16,0.015549263890618614,0.012824131043800424,0.04393006601743421,0.04341762277791106,0.021714752472437038,0.03195309988952344
kite,0.016557056077459276,0.02913851259832345,0.05221485900561529,0.07352324886557293,0.015549263890618614,0.0,0.00950024083353651,0.04390356873536283,0.04300900653921902,0.03931856675968237,0.05813128813537172
rightKite,0.008920963297778362,0.023449538926235025,0.03584776322601557,0.055187891236564535,0.012824131043800424,0.00950024083353651,0.0,0.03363976641084754,0.031070614618983083,0.01876003667273074,0.04208406998873593
rustedHinge,0.021956972219056126,0.0216297716739543,0.02244293904569017,0.034733744333501404,0.04393006601743421,0.04390356873536283,0.03363976641084754,0.0,0.0026336657045892276,0.025936522222588132,0.03818642765136204
hinge,0.019438653416499085,0.014330966496743924,0.01563911956439934,0.032557809970436336,0.04341762277791106,0.04300900653921902,0.031070614618983083,0.0026336657045892276,0.0,0.022547803574039627,0.039902270376295124
trapezoid,0.017738525443678377,0.030052365181366003,0.02048001614070316,0.026539027438607143,0.021714752472437038,0.03931856675968237,0.01876003667273074,0.025936522222588132,0.022547803574039627,1.1102230246251565e-16,0.014990360984968865
random,0.04058796865332026,0.06142188638300883,0.04288494179775171,0.02879524945707168,0.03195309988952344,0.05813128813537172,0.04208406998873593,0.03818642765136204,0.039902270376295124,0.014990360984968865,1.1102230246251565e-16
