,square,rectangle,parallelogram,losange,isoTrapezoid,kite,rightKite,rustedHinge,hinge,trapezoid,random
square,1.1102230246251565e-16,0.017464848108867725,0.03368775261326762,0.057378455771328496,0.01955323225355876,0.018030099560264246,0.011157076093043727,0.024581940154654647,0.022015534770653433,0.020079166028569295,0.04381742530247068
rectangle,0.017464848108867725,0.0,0.01814292603707246,0.04855306657317837,0.04242743455367737,0.030989773545348598,0.026168235902442993,0.023461102528337552,0.01607012201645852,0.03233491914383857,0.0642232674632125
parallelogram,0.03368775261326762,0.01814292603707246,0.0,0.016036800762337267,0.05420672329147913,0.05383270532445461,0.03814456060262106,0.025237495478538263,0.018257475824310587,0.02250057931892613,0.045818194284917624
losange,0.057378455771328496,0.04855306657317837,0.016036800762337267,0.0,0.06577263719227211,0.07542251459182148,0.05760735785544557,0.03788171873423718,0.03553685580792598,0.02830729584706715,0.03150696274703246
isoTrapezoid,0.01955323225355876,0.04242743455367737,0.05420672329147913,0.06577263719227211,0.0,0.016876872248860697,0.013908786738966339,0.046467123033649305,0.04612490554165505,0.02238935438285683,0.033464229727160344
kite,0.018030099560264246,0.030989773545348598,0.05383270532445461,0.07542251459182148,0.016876872248860697,0.0,0.009950179188073283,0.045691365893574476,0.044601217702881724,0.04051541581513285,0.05965945081749169
rightKite,0.011157076093043727,0.026168235902442993,0.03814456060262106,0.05760735785544557,0.013908786738966339,0.009950179188073283,0.0,0.03598780218638575,0.03342453892479125,0.019728685592258155,0.04359606789087489
rustedHinge,0.024581940154654647,0.023461102528337552,0.025237495478538263,0.03788171873423718,0.046467123033649305,0.045691365893574476,0.03598780218638575,0.0,0.002956807747755752,0.02890014300780741,0.04067392878709519
hinge,0.022015534770653433,0.01607012201645852,0.018257475824310587,0.03553685580792598,0.04612490554165505,0.044601217702881724,0.03342453892479125,0.002956807747755752,0.0,0.025561552370847784,0.04215243791815437
trapezoid,0.020079166028569295,0.03233491914383857,0.02250057931892613,0.02830729584706715,0.02238935438285683,0.04051541581513285,0.019728685592258155,0.02890014300780741,0.025561552370847784,0.0,0.015967687791272556
random,0.04381742530247068,0.0642232674632125,0.045818194284917624,0.03150696274703246,0.033464229727160344,0.05965945081749169,0.04359606789087489,0.04067392878709519,0.04215243791815437,0.015967687791272556,0.0
