,square,rectangle,parallelogram,losange,isoTrapezoid,kite,rightKite,rustedHinge,hinge,trapezoid,random
square,0.0,0.05518319863997845,0.08556970300935551,0.12131258816449353,0.030795934476170794,0.021080661496943986,0.014047999288400614,0.05922331136716108,0.05675542557505786,0.03590457705726413,0.07457769883271159
rectangle,0.05518319863997845,0.0,0.027436018352160807,0.0659604515419735,0.0952907525684813,0.06296944289985129,0.06025639508158065,0.03629736768363645,0.02214156435365644,0.06362600526678075,0.10586204145136224
parallelogram,0.08556970300935551,0.027436018352160807,0.0,0.03070030683638514,0.11272643445917518,0.093832743801739,0.08167068376501563,0.05104014157624048,0.03502780844830955,0.0629646545996605,0.09860922135110806
losange,0.12131258816449353,0.0659604515419735,0.03070030683638514,0.0,0.12421071028802566,0.12377640264099088,0.112746949339117,0.06355400341419948,0.05540469979169638,0.0698952548939813,0.0719808555808783
isoTrapezoid,0.030795934476170794,0.0952907525684813,0.11272643445917518,0.12421071028802566,1.1102230246251565e-16,0.03272517808540365,0.028417270619904067,0.09164142750390913,0.09341034878613275,0.03806182255872714,0.05729567662777857
kite,0.021080661496943986,0.06296944289985129,0.093832743801739,0.12377640264099088,0.03272517808540365,0.0,0.015413379584235165,0.0811955276034112,0.07915446910596047,0.05929645590366295,0.0919532227214509
rightKite,0.014047999288400614,0.06025639508158065,0.08167068376501563,0.112746949339117,0.028417270619904067,0.015413379584235165,0.0,0.07299258275284903,0.07013640946569832,0.03435618137736629,0.07922103751555387
rustedHinge,0.05922331136716108,0.03629736768363645,0.05104014157624048,0.06355400341419948,0.09164142750390913,0.0811955276034112,0.07299258275284903,1.1102230246251565e-16,0.005629433472899015,0.06300072505621812,0.07971336516281091
hinge,0.05675542557505786,0.02214156435365644,0.03502780844830955,0.05540469979169638,0.09341034878613275,0.07915446910596047,0.07013640946569832,0.005629433472899015,1.1102230246251565e-16,0.05781420419142147,0.08160302325565738
trapezoid,0.03590457705726413,0.06362600526678075,0.0629646545996605,0.0698952548939813,0.03806182255872714,0.05929645590366295,0.03435618137736629,0.06300072505621812,0.05781420419142147,0.0,0.03379782650873575
random,0.07457769883271159,0.10586204145136224,0.09860922135110806,0.0719808555808783,0.05729567662777857,0.0919532227214509,0.07922103751555387,0.07971336516281091,0.08160302325565738,0.03379782650873575,0.0
