,square,rectangle,parallelogram,losange,isoTrapezoid,kite,rightKite,rustedHinge,hinge,trapezoid,random
square,1.1102230246251565e-16,0.03656443431513956,0.06048048529729866,0.08671325697577059,0.02514229051623551,0.01870647121661917,0.01339672995240282,0.04453929898923592,0.04020415434429048,0.02932562439575681,0.058184395801852085
rectangle,0.03656443431513956,0.0,0.0254915949789144,0.058157240610719585,0.07821487115303094,0.0479878150792884,0.04499922050065164,0.030624548299137744,0.018703436067110335,0.04880969196898888,0.08544805335868166
parallelogram,0.06048048529729866,0.0254915949789144,0.0,0.024808061361092926,0.08583469790625653,0.07187013966677658,0.059627045993204786,0.04368992792397519,0.031127363892103133,0.04151721008828824,0.07326996045418555
losange,0.08671325697577059,0.058157240610719585,0.024808061361092926,0.0,0.09327086891044911,0.09214048411424036,0.08142515067950917,0.05490286237019393,0.04945906571574099,0.045843633959449015,0.05268262898378295
isoTrapezoid,0.02514229051623551,0.07821487115303094,0.08583469790625653,0.09327086891044911,0.0,0.027296997353590924,0.02393578315129652,0.07636622001715687,0.07625078805921293,0.03286092544207575,0.047642689562767626
kite,0.01870647121661917,0.0479878150792884,0.07187013966677658,0.09214048411424036,0.027296997353590924,1.1102230246251565e-16,0.013559684763498114,0.06370377374253555,0.06127972742858534,0.04877167855454123,0.07292864319699688
rightKite,0.01339672995240282,0.04499922050065164,0.059627045993204786,0.08142515067950917,0.02393578315129652,0.013559684763498114,0.0,0.05747151518430471,0.05404407380945564,0.028279288759112897,0.0623137485074019
rustedHinge,0.04453929898923592,0.030624548299137744,0.04368992792397519,0.05490286237019393,0.07636622001715687,0.06370377374253555,0.05747151518430471,0.0,0.004753561874599299,0.05171685125027781,0.06555041571470521
hinge,0.04020415434429048,0.018703436067110335,0.031127363892103133,0.04945906571574099,0.07625078805921293,0.06127972742858534,0.05404407380945564,0.004753561874599299,0.0,0.04620724454588798,0.0665884200724225
trapezoid,0.02932562439575681,0.04880969196898888,0.04151721008828824,0.045843633959449015,0.03286092544207575,0.04877167855454123,0.028279288759112897,0.05171685125027781,0.04620724454588798,0.0,0.02477465145327007
random,0.058184395801852085,0.08544805335868166,0.07326996045418555,0.05268262898378295,0.047642689562767626,0.07292864319699688,0.0623137485074019,0.06555041571470521,0.0665884200724225,0.02477465145327007,1.1102230246251565e-16
