,square,rectangle,parallelogram,losange,isoTrapezoid,kite,rightKite,rustedHinge,hinge,trapezoid,random
square,0.0,0.031275566596730475,0.047361765167819314,0.05796776926175984,0.02675587554319636,0.024966188522515753,0.016475611802734713,0.034272949454753565,0.028564835118113474,0.01034627285169476,0.03275207588280682
rectangle,0.031275566596730475,0.0,0.006668126738295754,0.017944404368967604,0.08910848561676299,0.05995013721110143,0.04924235357692808,0.017591749116163236,0.005687435521260609,0.026682496362447128,0.06261357959424763
parallelogram,0.047361765167819314,0.006668126738295754,0.0,0.0034377085632674165,0.104372278920281,0.07481616860315232,0.06685449586821479,0.024104069477749457,0.012329937760885534,0.030180444636295656,0.05994297020835426
losange,0.05796776926175984,0.017944404368967604,0.0034377085632674165,0.0,0.10763013551748513,0.082112151081285,0.07830040102872893,0.03305058932891747,0.02254201949565715,0.0335723539881565,0.05513220188637191
isoTrapezoid,0.02675587554319636,0.08910848561676299,0.104372278920281,0.10763013551748513,0.0,0.021105573928706822,0.029847997506326163,0.0802909835200285,0.08176474958031232,0.038670060718201005,0.03533343518501708
kite,0.024966188522515753,0.05995013721110143,0.07481616860315232,0.082112151081285,0.021105573928706822,1.1102230246251565e-16,0.01125749695097289,0.0608919435161005,0.06060781587646058,0.03788279031310671,0.0552021325593135
rightKite,0.016475611802734713,0.04924235357692808,0.06685449586821479,0.07830040102872893,0.029847997506326163,0.01125749695097289,1.1102230246251565e-16,0.04323395414905373,0.04547847439472208,0.029337532650636322,0.05452024021008439
rustedHinge,0.034272949454753565,0.017591749116163236,0.024104069477749457,0.03305058932891747,0.0802909835200285,0.0608919435161005,0.04323395414905373,0.0,0.00506908492673952,0.029689611842540486,0.054521370954377035
hinge,0.028564835118113474,0.005687435521260609,0.012329937760885534,0.02254201949565715,0.08176474958031232,0.06060781587646058,0.04547847439472208,0.00506908492673952,0.0,0.02316649227194245,0.05239529632743678
trapezoid,0.01034627285169476,0.026682496362447128,0.030180444636295656,0.0335723539881565,0.038670060718201005,0.03788279031310671,0.029337532650636322,0.029689611842540486,0.02316649227194245,0.0,0.013228100094572093
random,0.03275207588280682,0.06261357959424763,0.05994297020835426,0.05513220188637191,0.03533343518501708,0.0552021325593135,0.05452024021008439,0.054521370954377035,0.05239529632743678,0.013228100094572093,0.0
