,square,rectangle,parallelogram,losange,isoTrapezoid,kite,rightKite,rustedHinge,hinge,trapezoid,random
square,0.0,0.02569102772913312,0.04881042238423661,0.07068254687245246,0.02005174288253364,0.01639755351161143,0.01226953100223327,0.0355730893102737,0.030657987672534914,0.024152013014499873,0.04735258275941734
rectangle,0.02569102772913312,0.0,0.021658046828275324,0.049188288435272454,0.05816138656898473,0.03720447286124551,0.034578916471521004,0.027124993782954188,0.016521145824753614,0.03745556722434107,0.06886154693309066
parallelogram,0.04881042238423661,0.021658046828275324,0.0,0.016978962313511037,0.06856462542356134,0.05991372739535705,0.04917556866251471,0.03797644474427231,0.026588710438654184,0.030891837721731208,0.05652101525785713
losange,0.07068254687245246,0.049188288435272454,0.016978962313511037,0.0,0.07657487334339541,0.07777969411710173,0.06662966471388543,0.048998682195094956,0.04263048580525264,0.03503859509035001,0.04358126335517454
isoTrapezoid,0.02005174288253364,0.05816138656898473,0.06856462542356134,0.07657487334339541,1.1102230246251565e-16,0.020966128400661588,0.01819457952153325,0.05961307047880371,0.05809420370916385,0.025820323218884278,0.036903828756201906
kite,0.01639755351161143,0.03720447286124551,0.05991372739535705,0.07777969411710173,0.020966128400661588,0.0,0.010792496141722063,0.05227828768804599,0.049255542976957,0.041248720619476376,0.06082381319010621
rightKite,0.01226953100223327,0.034578916471521004,0.04917556866251471,0.06662966471388543,0.01819457952153325,0.010792496141722063,0.0,0.04701285274556122,0.043358552134720396,0.023232516399673275,0.048900161597214775
rustedHinge,0.0355730893102737,0.027124993782954188,0.03797644474427231,0.048998682195094956,0.05961307047880371,0.05227828768804599,0.04701285274556122,0.0,0.004216898720839968,0.04152467042115371,0.05274957534990887
hinge,0.030657987672534914,0.016521145824753614,0.026588710438654184,0.04263048580525264,0.05809420370916385,0.049255542976957,0.043358552134720396,0.004216898720839968,0.0,0.03560975374647879,0.05182873365554075
trapezoid,0.024152013014499873,0.03745556722434107,0.030891837721731208,0.03503859509035001,0.025820323218884278,0.041248720619476376,0.023232516399673275,0.04152467042115371,0.03560975374647879,0.0,0.017580705104953465
random,0.04735258275941734,0.06886154693309066,0.05652101525785713,0.04358126335517454,0.036903828756201906,0.06082381319010621,0.048900161597214775,0.05274957534990887,0.05182873365554075,0.017580705104953465,0.0
