,square,rectangle,parallelogram,losange,isoTrapezoid,kite,rightKite,rustedHinge,hinge,trapezoid,random
square,0.0,0.031306613817639106,0.0479574684536751,0.05916434337392085,0.028056334968356578,0.026084944701162183,0.01796497893290494,0.03586106806527378,0.03002468846932771,0.011502869582056263,0.03486105472972645
rectangle,0.031306613817639106,2.220446049250313e-16,0.007476286503284246,0.019452741101496418,0.08991882063333012,0.06064405886133395,0.050444838449047014,0.01905120671685423,0.00698073855549064,0.027806912352519197,0.06442483347347261
parallelogram,0.0479574684536751,0.007476286503284246,0.0,0.0037159950196454794,0.10443902172499042,0.0750031022267259,0.06756160279252976,0.025182013195565234,0.013465139745078014,0.030609153237079245,0.06082186673473178
losange,0.05916434337392085,0.019452741101496418,0.0037159950196454794,2.220446049250313e-16,0.1077252085240018,0.08243849753999599,0.07907123727757503,0.03427492971181623,0.023908851672401088,0.0340175457469023,0.0557617392981965
isoTrapezoid,0.028056334968356578,0.08991882063333012,0.10443902172499042,0.1077252085240018,0.0,0.021422459403882654,0.029919237969041168,0.08039072799772484,0.08200660562463258,0.038361174778299145,0.035507237617679266
kite,0.026084944701162183,0.06064405886133395,0.0750031022267259,0.08243849753999599,0.021422459403882654,2.220446049250313e-16,0.011266917209887373,0.060796794615317284,0.06056146359230108,0.03779251405700357,0.055160919811708675
rightKite,0.01796497893290494,0.050444838449047014,0.06756160279252976,0.07907123727757503,0.029919237969041168,0.011266917209887373,0.0,0.04349757303785884,0.04586507180155441,0.029471809092610823,0.05464811760749955
rustedHinge,0.03586106806527378,0.01905120671685423,0.025182013195565234,0.03427492971181623,0.08039072799772484,0.060796794615317284,0.04349757303785884,0.0,0.005098915397515613,0.030319982784339228,0.05477036660729895
hinge,0.03002468846932771,0.00698073855549064,0.013465139745078014,0.023908851672401088,0.08200660562463258,0.06056146359230108,0.04586507180155441,0.005098915397515613,0.0,0.02398728950844775,0.0528672750875937
trapezoid,0.011502869582056263,0.027806912352519197,0.030609153237079245,0.0340175457469023,0.038361174778299145,0.03779251405700357,0.029471809092610823,0.030319982784339228,0.02398728950844775,0.0,0.013622518697978814
random,0.03486105472972645,0.06442483347347261,0.06082186673473178,0.0557617392981965,0.035507237617679266,0.055160919811708675,0.05464811760749955,0.05477036660729895,0.0528672750875937,0.013622518697978814,1.1102230246251565e-16
