,square,rectangle,parallelogram,losange,isoTrapezoid,kite,rightKite,rustedHinge,hinge,trapezoid,random
square,0.0,0.11115339681116465,0.14687681303863476,0.20884635969342524,0.06573183329642351,0.041458684056741135,0.027530267504997985,0.11212998860073764,0.11064899640702652,0.06800931228909601,0.13226466208700782
rectangle,0.11115339681116465,1.1102230246251565e-16,0.05808666431747678,0.12267382388327852,0.20336299655981127,0.12597410217930005,0.11941347011995229,0.05988195161254384,0.03790794551267118,0.1229158392122165,0.1936363294690021
parallelogram,0.14687681303863476,0.05808666431747678,0.0,0.0628814549718838,0.2030845322997875,0.158477016802276,0.13798030311483112,0.0871793890430943,0.0668206079979552,0.1199757129210991,0.1796744202984557
losange,0.20884635969342524,0.12267382388327852,0.0628814549718838,1.1102230246251565e-16,0.21805055262188588,0.20219423787797153,0.1925683460646782,0.1075508937956623,0.10144916009033234,0.13539934937781928,0.13709466197831677
isoTrapezoid,0.06573183329642351,0.20336299655981127,0.2030845322997875,0.21805055262188588,0.0,0.07095999623780591,0.06474561879799112,0.1842466922279392,0.19241737703935546,0.08346636933816143,0.1164549188254993
kite,0.041458684056741135,0.12597410217930005,0.158477016802276,0.20219423787797153,0.07095999623780591,0.0,0.031062661447310735,0.14688947952720133,0.1464066440117372,0.0987928961932858,0.1482977711013017
rightKite,0.027530267504997985,0.11941347011995229,0.13798030311483112,0.1925683460646782,0.06474561879799112,0.031062661447310735,0.0,0.12992333145942858,0.12817193978161656,0.06319067183926053,0.14124243237489353
rustedHinge,0.11212998860073764,0.05988195161254384,0.0871793890430943,0.1075508937956623,0.1842466922279392,0.14688947952720133,0.12992333145942858,0.0,0.011056413156084965,0.11715833916398233,0.15067963231179726
hinge,0.11064899640702652,0.03790794551267118,0.0668206079979552,0.10144916009033234,0.19241737703935546,0.1464066440117372,0.12817193978161656,0.011056413156084965,1.1102230246251565e-16,0.11315928436217526,0.15877771484238756
trapezoid,0.06800931228909601,0.1229158392122165,0.1199757129210991,0.13539934937781928,0.08346636933816143,0.0987928961932858,0.06319067183926053,0.11715833916398233,0.11315928436217526,0.0,0.07598727078232637
random,0.13226466208700782,0.1936363294690021,0.1796744202984557,0.13709466197831677,0.1164549188254993,0.1482977711013017,0.14124243237489353,0.15067963231179726,0.15877771484238756,0.07598727078232637,0.0
