,square,rectangle,parallelogram,losange,isoTrapezoid,kite,rightKite,rustedHinge,hinge,trapezoid,random
square,0.0,0.03134979867707033,0.04772445815462767,0.05869770312782563,0.027433037079577893,0.02543380974411813,0.01716085861062533,0.035072023407704433,0.029284688312300022,0.010868715359053871,0.03375185819793591
rectangle,0.03134979867707033,0.0,0.007086650325621058,0.018776661801708894,0.08966046851141452,0.06025536323654912,0.04987398631726225,0.018269059335214388,0.0062547362289995245,0.02726966816831533,0.06353244204229236
parallelogram,0.04772445815462767,0.007086650325621058,2.220446049250313e-16,0.0035744498781998812,0.10456996159207188,0.07490894804023562,0.06726941029840339,0.02458849178244782,0.012862576146472016,0.030441839648218227,0.060383173208022
losange,0.05869770312782563,0.018776661801708894,0.0035744498781998812,0.0,0.10790900826320415,0.08237564470001846,0.07885416467171968,0.033676790285338765,0.023273855531448562,0.03390247506702371,0.05549095040108609
isoTrapezoid,0.027433037079577893,0.08966046851141452,0.10456996159207188,0.10790900826320415,0.0,0.021321082975195305,0.029954294331068,0.08054705536780982,0.08210946147558029,0.038520530118576146,0.0354489242910937
kite,0.02543380974411813,0.06025536323654912,0.07490894804023562,0.08237564470001846,0.021321082975195305,1.1102230246251565e-16,0.011269463703338034,0.06094949562099128,0.06069351599516326,0.03776219995463537,0.055205711995370166
rightKite,0.01716085861062533,0.04987398631726225,0.06726941029840339,0.07885416467171968,0.029954294331068,0.011269463703338034,0.0,0.043483938720145665,0.04581898511617022,0.02937440545985781,0.05466789602663258
rustedHinge,0.035072023407704433,0.018269059335214388,0.02458849178244782,0.033676790285338765,0.08054705536780982,0.06094949562099128,0.043483938720145665,0.0,0.005091852175340472,0.030029825578692937,0.054746402045697695
hinge,0.029284688312300022,0.0062547362289995245,0.012862576146472016,0.023273855531448562,0.08210946147558029,0.06069351599516326,0.04581898511617022,0.005091852175340472,0.0,0.023628518870730697,0.05275736759715621
trapezoid,0.010868715359053871,0.02726966816831533,0.030441839648218227,0.03390247506702371,0.038520530118576146,0.03776219995463537,0.02937440545985781,0.030029825578692937,0.023628518870730697,0.0,0.013410956131184704
random,0.03375185819793591,0.06353244204229236,0.060383173208022,0.05549095040108609,0.0354489242910937,0.055205711995370166,0.05466789602663258,0.054746402045697695,0.05275736759715621,0.013410956131184704,0.0
