,square,rectangle,parallelogram,losange,isoTrapezoid,kite,rightKite,rustedHinge,hinge,trapezoid,random
square,0.0,0.025878709123533183,0.04451443187283566,0.06201731615169104,0.01772330420040913,0.021029502998614502,0.021486697145200684,0.03984065319787522,0.034948542906041324,0.022279488413876725,0.044927608978348466
rectangle,0.025878709123533183,0.0,0.01773590217043941,0.03769072424934228,0.04991530849752335,0.03858809617810621,0.04560733991959598,0.034154189652466416,0.02133599979562073,0.033804377152023446,0.05958086004694041
parallelogram,0.04451443187283566,0.01773590217043941,0.0,0.014531353546017534,0.057923379636631744,0.055470491709229575,0.0582412188624849,0.04134625447318552,0.028413394111637902,0.028579066946497367,0.05047300895320561
losange,0.06201731615169104,0.03769072424934228,0.014531353546017534,0.0,0.06577117485319406,0.06979808293601997,0.07344388692871517,0.049196894630309074,0.040018010825989214,0.032306150971171954,0.04180386747548115
isoTrapezoid,0.01772330420040913,0.04991530849752335,0.057923379636631744,0.06577117485319406,0.0,0.023760488609340547,0.023368608254203393,0.05340591677832163,0.052852963151772014,0.02269307866731929,0.03701996264634877
kite,0.021029502998614502,0.03858809617810621,0.055470491709229575,0.06979808293601997,0.023760488609340547,0.0,0.011543811637326318,0.06464477608089059,0.060707609926643036,0.044313698186382644,0.07050805184744036
rightKite,0.021486697145200684,0.04560733991959598,0.0582412188624849,0.07344388692871517,0.023368608254203393,0.011543811637326318,0.0,0.06984498620714841,0.06684381476593815,0.035388101527201066,0.06859035048593143
rustedHinge,0.03984065319787522,0.034154189652466416,0.04134625447318552,0.049196894630309074,0.05340591677832163,0.06464477608089059,0.06984498620714841,0.0,0.00445185230671119,0.04004590510055728,0.04230170504799369
hinge,0.034948542906041324,0.02133599979562073,0.028413394111637902,0.040018010825989214,0.052852963151772014,0.060707609926643036,0.06684381476593815,0.00445185230671119,0.0,0.03473850825062064,0.04098895660597568
trapezoid,0.022279488413876725,0.033804377152023446,0.028579066946497367,0.032306150971171954,0.02269307866731929,0.044313698186382644,0.035388101527201066,0.04004590510055728,0.03473850825062064,0.0,0.01774161779260519
random,0.044927608978348466,0.05958086004694041,0.05047300895320561,0.04180386747548115,0.03701996264634877,0.07050805184744036,0.06859035048593143,0.04230170504799369,0.04098895660597568,0.01774161779260519,0.0
