,square,rectangle,parallelogram,losange,isoTrapezoid,kite,rightKite,rustedHinge,hinge,trapezoid,random
square,1.1102230246251565e-16,0.06047470633156482,0.08761660619108991,0.11060767149715622,0.09641485509113579,0.08395566459875203,0.07936910610510595,0.10123933038880273,0.08764742287216665,0.0851830623859039,0.11587366902509144
rectangle,0.06047470633156482,0.0,0.0759832287444604,0.11152357658083534,0.12009085657367591,0.10307844378670439,0.10622686846902496,0.09839892782467863,0.07562266213190771,0.09429814893861255,0.12280759291312549
parallelogram,0.08761660619108991,0.0759832287444604,1.1102230246251565e-16,0.031644918357295326,0.11043038336517774,0.09587245263520383,0.0991810153060857,0.09427383374838838,0.07691769149586469,0.06593639093584192,0.09276526523970519
losange,0.11060767149715622,0.11152357658083534,0.031644918357295326,0.0,0.12551537531309132,0.1126060535750193,0.1171250792360925,0.11163000324904893,0.10202037136058184,0.07739171602991879,0.09263392423352734
isoTrapezoid,0.09641485509113579,0.12009085657367591,0.11043038336517774,0.12551537531309132,0.0,0.061042924614482796,0.04800152956464199,0.10472942139109043,0.09229096977321105,0.042486420291061644,0.07737716622890956
kite,0.08395566459875203,0.10307844378670439,0.09587245263520383,0.1126060535750193,0.061042924614482796,0.0,0.025084903655657964,0.07845293058982039,0.07159186594550093,0.06398120272001251,0.07508777854991189
rightKite,0.07936910610510595,0.10622686846902496,0.0991810153060857,0.1171250792360925,0.04800152956464199,0.025084903655657964,0.0,0.07792368542617589,0.06895916568236848,0.05129532999657227,0.07833904650695345
rustedHinge,0.10123933038880273,0.09839892782467863,0.09427383374838838,0.11163000324904893,0.10472942139109043,0.07845293058982039,0.07792368542617589,0.0,0.01694681198080983,0.08628031024424387,0.08020072082255447
hinge,0.08764742287216665,0.07562266213190771,0.07691769149586469,0.10202037136058184,0.09229096977321105,0.07159186594550093,0.06895916568236848,0.01694681198080983,1.1102230246251565e-16,0.07261514877779096,0.0791825232944855
trapezoid,0.0851830623859039,0.09429814893861255,0.06593639093584192,0.07739171602991879,0.042486420291061644,0.06398120272001251,0.05129532999657227,0.08628031024424387,0.07261514877779096,0.0,0.04609725275574872
random,0.11587366902509144,0.12280759291312549,0.09276526523970519,0.09263392423352734,0.07737716622890956,0.07508777854991189,0.07833904650695345,0.08020072082255447,0.0791825232944855,0.04609725275574872,0.0
