,square,rectangle,parallelogram,losange,isoTrapezoid,kite,rightKite,rustedHinge,hinge,trapezoid,random
square,0.0,0.05920703824554541,0.18085881320846853,0.23762014033942158,0.1324885448288563,0.11244131776544775,0.10448264173380573,0.17388910290784398,0.13787264318866654,0.1383203844442027,0.2078898852664035
rectangle,0.05920703824554541,0.0,0.12821750777854746,0.20043196350707637,0.1904052907521444,0.15120813721239512,0.14461064482689145,0.15633505425046446,0.10792527843183575,0.16334599224904867,0.232831650391793
parallelogram,0.18085881320846853,0.12821750777854746,0.0,0.05732802891292055,0.22448513587180352,0.19391178655750851,0.19677310445316598,0.19458980282570204,0.15037746253437578,0.14360265677744755,0.1957355395861985
losange,0.23762014033942158,0.20043196350707637,0.05732802891292055,0.0,0.2488230656703121,0.23029667327116354,0.23361729894932048,0.22507713412237784,0.19752670734508138,0.15328091924897114,0.16992402838424236
isoTrapezoid,0.1324885448288563,0.1904052907521444,0.22448513587180352,0.2488230656703121,1.1102230246251565e-16,0.08172940912607196,0.0661546960544328,0.1945965302023409,0.17859729109448752,0.07738638397796371,0.12923875860611955
kite,0.11244131776544775,0.15120813721239512,0.19391178655750851,0.23029667327116354,0.08172940912607196,0.0,0.03905793343901265,0.16518668510017498,0.14489351440560982,0.12765710438569156,0.16263198474478358
rightKite,0.10448264173380573,0.14461064482689145,0.19677310445316598,0.23361729894932048,0.0661546960544328,0.03905793343901265,1.1102230246251565e-16,0.15302671923754785,0.1329206804615064,0.0941272801472286,0.15020855250237342
rustedHinge,0.17388910290784398,0.15633505425046446,0.19458980282570204,0.22507713412237784,0.1945965302023409,0.16518668510017498,0.15302671923754785,0.0,0.024818180810123658,0.17774072970156818,0.16768864893002589
hinge,0.13787264318866654,0.10792527843183575,0.15037746253437578,0.19752670734508138,0.17859729109448752,0.14489351440560982,0.1329206804615064,0.024818180810123658,0.0,0.15249724647972784,0.16583032872694792
trapezoid,0.1383203844442027,0.16334599224904867,0.14360265677744755,0.15328091924897114,0.07738638397796371,0.12765710438569156,0.0941272801472286,0.17774072970156818,0.15249724647972784,0.0,0.07289999151920012
random,0.2078898852664035,0.232831650391793,0.1957355395861985,0.16992402838424236,0.12923875860611955,0.16263198474478358,0.15020855250237342,0.16768864893002589,0.16583032872694792,0.07289999151920012,0.0
