,square,rectangle,parallelogram,losange,isoTrapezoid,kite,rightKite,rustedHinge,hinge,trapezoid,random
square,0.0,0.08550395528752819,0.21742154876357422,0.2793707259355085,0.181321924870966,0.16874838363901046,0.15957500971641425,0.22605988850932912,0.19279322421901202,0.17275757636406563,0.2727435536571723
rectangle,0.08550395528752819,0.0,0.15733176228098866,0.24738467633368655,0.25271106504193186,0.2161010172775678,0.21266387307909196,0.20248066081384852,0.15027852487913385,0.21012633327729413,0.3041864400456956
parallelogram,0.21742154876357422,0.15733176228098866,0.0,0.06973348957078929,0.27171324758546733,0.24555569337107197,0.2436262575928626,0.21510114430124694,0.17625249418145073,0.16305045591922407,0.2401405442003296
losange,0.2793707259355085,0.24738467633368655,0.06973348957078929,1.1102230246251565e-16,0.2885399684220835,0.2739148492137572,0.27404542448331404,0.24680009859764118,0.22797675590525224,0.16853057642412927,0.20326556215149016
isoTrapezoid,0.181321924870966,0.25271106504193186,0.27171324758546733,0.2885399684220835,0.0,0.11332463253845648,0.08922121645672665,0.2166477183441189,0.2111027960696239,0.09584064935788938,0.16576827301283825
kite,0.16874838363901046,0.2161010172775678,0.24555569337107197,0.2739148492137572,0.11332463253845648,0.0,0.05679083431397147,0.19383679898855288,0.1858317937827867,0.16281108582435555,0.20571870572910123
rightKite,0.15957500971641425,0.21266387307909196,0.2436262575928626,0.27404542448331404,0.08922121645672665,0.05679083431397147,0.0,0.17702846552046192,0.16484119725889645,0.11920970607031378,0.1972648397884441
rustedHinge,0.22605988850932912,0.20248066081384852,0.21510114430124694,0.24680009859764118,0.2166477183441189,0.19383679898855288,0.17702846552046192,0.0,0.026876000301178204,0.19147223504864497,0.19245241458515172
hinge,0.19279322421901202,0.15027852487913385,0.17625249418145073,0.22797675590525224,0.2111027960696239,0.1858317937827867,0.16484119725889645,0.026876000301178204,1.1102230246251565e-16,0.17667884799121103,0.2015605820401698
trapezoid,0.17275757636406563,0.21012633327729413,0.16305045591922407,0.16853057642412927,0.09584064935788938,0.16281108582435555,0.11920970607031378,0.19147223504864497,0.17667884799121103,0.0,0.09692513019910665
random,0.2727435536571723,0.3041864400456956,0.2401405442003296,0.20326556215149016,0.16576827301283825,0.20571870572910123,0.1972648397884441,0.19245241458515172,0.2015605820401698,0.09692513019910665,1.1102230246251565e-16
