,square,rectangle,parallelogram,losange,isoTrapezoid,kite,rightKite,rustedHinge,hinge,trapezoid,random
square,0.0,0.04417528071140375,0.06311860181145301,0.0783141425337941,0.07169206298750541,0.06261639578980116,0.05921692586783289,0.07754923452793039,0.0662944275296008,0.060939903600823464,0.08473701256358457
rectangle,0.04417528071140375,0.0,0.04973879790659119,0.07237079557390647,0.0839847279216055,0.07126400682414558,0.07354056759642791,0.06757148503283927,0.05165577196075466,0.06383236592752362,0.08585263762030237
parallelogram,0.06311860181145301,0.04973879790659119,0.0,0.021014456238075296,0.07386832977415436,0.05903519993365136,0.06304161220053806,0.05761944762546545,0.04698765874740629,0.044744230194948,0.0605997964271332
losange,0.0783141425337941,0.07237079557390647,0.021014456238075296,0.0,0.0794543410067231,0.06736341889042663,0.07081979468983424,0.06569156769741691,0.06080221803095964,0.04870210515936291,0.05698650066002986
isoTrapezoid,0.07169206298750541,0.0839847279216055,0.07386832977415436,0.0794543410067231,0.0,0.040708733072357894,0.02997310305307166,0.06795442821936803,0.0626487133945447,0.0270850077584327,0.04953088699021091
kite,0.06261639578980116,0.07126400682414558,0.05903519993365136,0.06736341889042663,0.040708733072357894,1.1102230246251565e-16,0.015539720718815486,0.051605207812911336,0.0473880146881932,0.03893198321783209,0.04583382331188013
rightKite,0.05921692586783289,0.07354056759642791,0.06304161220053806,0.07081979468983424,0.02997310305307166,0.015539720718815486,0.0,0.0528630102066896,0.04807769832549347,0.0317278507398594,0.049313093111556516
rustedHinge,0.07754923452793039,0.06757148503283927,0.05761944762546545,0.06569156769741691,0.06795442821936803,0.051605207812911336,0.0528630102066896,1.1102230246251565e-16,0.01017627030713053,0.053380833706117015,0.04692817330676169
hinge,0.0662944275296008,0.05165577196075466,0.04698765874740629,0.06080221803095964,0.0626487133945447,0.0473880146881932,0.04807769832549347,0.01017627030713053,1.1102230246251565e-16,0.04684148354459994,0.048528501464264906
trapezoid,0.060939903600823464,0.06383236592752362,0.044744230194948,0.04870210515936291,0.0270850077584327,0.03893198321783209,0.0317278507398594,0.053380833706117015,0.04684148354459994,0.0,0.028330960382571435
random,0.08473701256358457,0.08585263762030237,0.0605997964271332,0.05698650066002986,0.04953088699021091,0.04583382331188013,0.049313093111556516,0.04692817330676169,0.048528501464264906,0.028330960382571435,1.1102230246251565e-16
