,square,rectangle,parallelogram,losange,isoTrapezoid,kite,rightKite,rustedHinge,hinge,trapezoid,random
square,0.0,0.04556960595059112,0.06564318883382536,0.0799924782786473,0.018894059343956826,0.03384933265968093,0.032943371169322444,0.057678554047508546,0.05707292218542326,0.019491191751207948,0.047527238403887395
rectangle,0.04556960595059112,0.0,0.014903891030063732,0.032430711522629,0.08042350789511787,0.056066620775989784,0.08206663632313693,0.05275081944959703,0.033251478273206514,0.04314706714551275,0.07609584537931369
parallelogram,0.06564318883382536,0.014903891030063732,0.0,0.01326788852538574,0.09305465855185657,0.0746518827833843,0.10051901126893537,0.059324921689603016,0.038537296498094564,0.043384376521946044,0.07140544430006845
losange,0.0799924782786473,0.032430711522629,0.01326788852538574,2.220446049250313e-16,0.10060754260099458,0.08951727517154762,0.11443453385377989,0.06215885903183538,0.044348236157360055,0.04737970789095325,0.06229868191620125
isoTrapezoid,0.018894059343956826,0.08042350789511787,0.09305465855185657,0.10060754260099458,0.0,0.037813628791446896,0.03402236171522299,0.07534619151627386,0.08227274694376396,0.029082690771292885,0.051858753639473676
kite,0.03384933265968093,0.056066620775989784,0.0746518827833843,0.08951727517154762,0.037813628791446896,0.0,0.015078159493256638,0.10663759836619402,0.10104852163007372,0.05839267001373161,0.1042713129499152
rightKite,0.032943371169322444,0.08206663632313693,0.10051901126893537,0.11443453385377989,0.03402236171522299,0.015078159493256638,0.0,0.12095230796483025,0.12168982617677415,0.056378921540362836,0.10765564499969105
rustedHinge,0.057678554047508546,0.05275081944959703,0.059324921689603016,0.06215885903183538,0.07534619151627386,0.10663759836619402,0.12095230796483025,2.220446049250313e-16,0.006008120286884577,0.048203807815602295,0.04706788809744422
hinge,0.05707292218542326,0.033251478273206514,0.038537296498094564,0.044348236157360055,0.08227274694376396,0.10104852163007372,0.12168982617677415,0.006008120286884577,2.220446049250313e-16,0.04509890683972384,0.04729675017845947
trapezoid,0.019491191751207948,0.04314706714551275,0.043384376521946044,0.04737970789095325,0.029082690771292885,0.05839267001373161,0.056378921540362836,0.048203807815602295,0.04509890683972384,0.0,0.021922886432541255
random,0.047527238403887395,0.07609584537931369,0.07140544430006845,0.06229868191620125,0.051858753639473676,0.1042713129499152,0.10765564499969105,0.04706788809744422,0.04729675017845947,0.021922886432541255,0.0
