,square,rectangle,parallelogram,losange,isoTrapezoid,kite,rightKite,rustedHinge,hinge,trapezoid,random
square,0.0,0.09893964116733489,0.17771455453880636,0.23996691494048283,0.1836376061788113,0.1455956258636193,0.13208370367409494,0.19353846077359027,0.16850616295992993,0.16062098889555565,0.2508792723827451
rectangle,0.09893964116733489,0.0,0.12927902658438806,0.2208781913698108,0.265211476374659,0.2090743381609954,0.1980087268795837,0.16880238709507456,0.12101655793070043,0.211736847301514,0.29242409311100015
parallelogram,0.17771455453880636,0.12927902658438806,0.0,0.06584824748846196,0.25579285148123254,0.21481619715217082,0.2041518313983729,0.18317171767649854,0.14833764146623063,0.1520525956322334,0.2258577186433196
losange,0.23996691494048283,0.2208781913698108,0.06584824748846196,0.0,0.27281682962533016,0.2468477352238717,0.23677064047613683,0.21556619188135628,0.19916749135545853,0.15417874446851831,0.19190054928473677
isoTrapezoid,0.1836376061788113,0.265211476374659,0.25579285148123254,0.27281682962533016,0.0,0.10772177672129735,0.08105917888514613,0.2115711872737579,0.21313734667189332,0.09469307673758975,0.15301123905943703
kite,0.1455956258636193,0.2090743381609954,0.21481619715217082,0.2468477352238717,0.10772177672129735,0.0,0.047902872398980834,0.1779697547283694,0.17287797863913212,0.1484099412225195,0.18722309538364668
rightKite,0.13208370367409494,0.1980087268795837,0.2041518313983729,0.23677064047613683,0.08105917888514613,0.047902872398980834,0.0,0.15972409082081285,0.15304911011100786,0.0987338308345409,0.17347428803584453
rustedHinge,0.19353846077359027,0.16880238709507456,0.18317171767649854,0.21556619188135628,0.2115711872737579,0.1779697547283694,0.15972409082081285,0.0,0.023852670439377444,0.17856282726043826,0.18019174945473893
hinge,0.16850616295992993,0.12101655793070043,0.14833764146623063,0.19916749135545853,0.21313734667189332,0.17287797863913212,0.15304911011100786,0.023852670439377444,0.0,0.16795377926653843,0.19045069474126908
trapezoid,0.16062098889555565,0.211736847301514,0.1520525956322334,0.15417874446851831,0.09469307673758975,0.1484099412225195,0.0987338308345409,0.17856282726043826,0.16795377926653843,0.0,0.08871804351385537
random,0.2508792723827451,0.29242409311100015,0.2258577186433196,0.19190054928473677,0.15301123905943703,0.18722309538364668,0.17347428803584453,0.18019174945473893,0.19045069474126908,0.08871804351385537,0.0
