,square,rectangle,parallelogram,losange,isoTrapezoid,kite,rightKite,rustedHinge,hinge,trapezoid,random
square,2.220446049250313e-16,0.015099884392556384,0.023714852242566198,0.03307339521927111,0.00896270596783244,0.006144728220928819,0.0043405442884235645,0.01645238896829715,0.01559563724110058,0.009955362652503963,0.019645950753958807
rectangle,0.015099884392556384,2.220446049250313e-16,0.008972704380660557,0.01868398241302771,0.025827869686835703,0.017493129698924026,0.016438714227759443,0.009410282599770836,0.005816189609094913,0.017411376518807642,0.027893104074064867
parallelogram,0.023714852242566198,0.008972704380660557,2.220446049250313e-16,0.008516236862598725,0.02987625908008007,0.025180972716709715,0.02210483779047323,0.014328709317879107,0.010480456133424632,0.01736346312560577,0.026015436909173517
losange,0.03307339521927111,0.01868398241302771,0.008516236862598725,2.220446049250313e-16,0.03299414066670303,0.03227787902322099,0.030280123160512096,0.01812616334533479,0.016504497927691597,0.01961541277597234,0.020356937371231787
isoTrapezoid,0.00896270596783244,0.025827869686835703,0.02987625908008007,0.03299414066670303,0.0,0.008807043001729742,0.008085766777785941,0.02491710005031933,0.025287579332250343,0.01098619586825278,0.01515498455648634
kite,0.006144728220928819,0.017493129698924026,0.025180972716709715,0.03227787902322099,0.008807043001729742,2.220446049250313e-16,0.004644119389400014,0.021000931998296335,0.0207123185382746,0.01574693975023711,0.02301951440193062
rightKite,0.0043405442884235645,0.016438714227759443,0.02210483779047323,0.030280123160512096,0.008085766777785941,0.004644119389400014,0.0,0.01912378427942696,0.01845914202576715,0.009429163213637848,0.020174919180166673
rustedHinge,0.01645238896829715,0.009410282599770836,0.014328709317879107,0.01812616334533479,0.02491710005031933,0.021000931998296335,0.01912378427942696,0.0,0.0017700942090970173,0.01755181822431906,0.021943014678301065
hinge,0.01559563724110058,0.005816189609094913,0.010480456133424632,0.016504497927691597,0.025287579332250343,0.0207123185382746,0.01845914202576715,0.0017700942090970173,0.0,0.016350275739185682,0.022528421667376675
trapezoid,0.009955362652503963,0.017411376518807642,0.01736346312560577,0.01961541277597234,0.01098619586825278,0.01574693975023711,0.009429163213637848,0.01755181822431906,0.016350275739185682,0.0,0.0091325071093733
random,0.019645950753958807,0.027893104074064867,0.026015436909173517,0.020356937371231787,0.01515498455648634,0.02301951440193062,0.020174919180166673,0.021943014678301065,0.022528421667376675,0.0091325071093733,2.220446049250313e-16
