,square,rectangle,parallelogram,losange,isoTrapezoid,kite,rightKite,rustedHinge,hinge,trapezoid,random
square,1.1102230246251565e-16,0.023831577630217926,0.041665054608298946,0.056997990129727505,0.01630611279827754,0.012275734373148994,0.009946923771515959,0.030095930229864676,0.026796262589018016,0.019220084386293523,0.035588208285389444
rectangle,0.023831577630217926,1.1102230246251565e-16,0.017753753076512058,0.03421225749489376,0.04276749192199958,0.02946496562911416,0.029151758381860127,0.019254615448962342,0.011890788656070406,0.03056338323692076,0.04737388986357849
parallelogram,0.041665054608298946,0.017753753076512058,0.0,0.015094879716218479,0.051142816438537464,0.046078287962090014,0.040146391662686964,0.02931813853622678,0.021585064768491313,0.028433811000115772,0.04296292266704915
losange,0.056997990129727505,0.03421225749489376,0.015094879716218479,0.0,0.05702147198083307,0.05801734459684338,0.05376695986276925,0.03502750323930781,0.03113271417640462,0.03189480113911414,0.034101841446086634
isoTrapezoid,0.01630611279827754,0.04276749192199958,0.051142816438537464,0.05702147198083307,0.0,0.01703352603021191,0.015103143455108547,0.044339893790259155,0.04340039023765263,0.019476762968518635,0.02761122217993417
kite,0.012275734373148994,0.02946496562911416,0.046078287962090014,0.05801734459684338,0.01703352603021191,0.0,0.00944691627172467,0.039002290241267557,0.03713484532902056,0.031058224047372462,0.04369870310883672
rightKite,0.009946923771515959,0.029151758381860127,0.040146391662686964,0.05376695986276925,0.015103143455108547,0.00944691627172467,1.1102230246251565e-16,0.03766347410195281,0.03516710951369317,0.018626608634577324,0.037385136428302324
rustedHinge,0.030095930229864676,0.019254615448962342,0.02931813853622678,0.03502750323930781,0.044339893790259155,0.039002290241267557,0.03766347410195281,0.0,0.0034701712747394753,0.03344673879795834,0.0385339973796025
hinge,0.026796262589018016,0.011890788656070406,0.021585064768491313,0.03113271417640462,0.04340039023765263,0.03713484532902056,0.03516710951369317,0.0034701712747394753,1.1102230246251565e-16,0.02983715536463938,0.03787989368400124
trapezoid,0.019220084386293523,0.03056338323692076,0.028433811000115772,0.03189480113911414,0.019476762968518635,0.031058224047372462,0.018626608634577324,0.03344673879795834,0.02983715536463938,0.0,0.014619602504290508
random,0.035588208285389444,0.04737388986357849,0.04296292266704915,0.034101841446086634,0.02761122217993417,0.04369870310883672,0.037385136428302324,0.0385339973796025,0.03787989368400124,0.014619602504290508,1.1102230246251565e-16
