,square,rectangle,parallelogram,losange,isoTrapezoid,kite,rightKite,rustedHinge,hinge,trapezoid,random
square,0.0,0.03340359665307557,0.05677300233729954,0.08099492505218187,0.049643792917394625,0.04190108145467297,0.04080804624843648,0.05662764528306774,0.047023429781704595,0.0511690654320065,0.07383667238888214
rectangle,0.03340359665307557,0.0,0.04668857233191892,0.07702347395444342,0.07652778904336743,0.06330186774092117,0.06521983527045427,0.0559347343280403,0.04222686923507746,0.06213179983671857,0.0886678072464866
parallelogram,0.05677300233729954,0.04668857233191892,0.0,0.02006199107829254,0.05913293737211911,0.05619663136942177,0.05295259243035666,0.04779776767336563,0.03884363471107033,0.0301765611858833,0.05176816308488397
losange,0.08099492505218187,0.07702347395444342,0.02006199107829254,0.0,0.06950207960164045,0.07366373981683672,0.06957790885837456,0.06118308654696791,0.05825386328860249,0.03794700257339978,0.04257636541537191
isoTrapezoid,0.049643792917394625,0.07652778904336743,0.05913293737211911,0.06950207960164045,0.0,0.02717708225773996,0.018579709756745277,0.06106194270546472,0.05578614653263669,0.022529426657900142,0.04174521030215195
kite,0.04190108145467297,0.06330186774092117,0.05619663136942177,0.07366373981683672,0.02717708225773996,0.0,0.012168960304677956,0.048925688900050335,0.04378021776268748,0.040684965516870175,0.05581351551988456
rightKite,0.04080804624843648,0.06521983527045427,0.05295259243035666,0.06957790885837456,0.018579709756745277,0.012168960304677956,0.0,0.050129292722385865,0.04437323713757513,0.028772448846139387,0.050021480845621524
rustedHinge,0.05662764528306774,0.0559347343280403,0.04779776767336563,0.06118308654696791,0.06106194270546472,0.048925688900050335,0.050129292722385865,2.220446049250313e-16,0.007120500686175313,0.049881858556379166,0.055526640755076295
hinge,0.047023429781704595,0.04222686923507746,0.03884363471107033,0.05825386328860249,0.05578614653263669,0.04378021776268748,0.04437323713757513,0.007120500686175313,0.0,0.04362114850504084,0.054779229796106055
trapezoid,0.0511690654320065,0.06213179983671857,0.0301765611858833,0.03794700257339978,0.022529426657900142,0.040684965516870175,0.028772448846139387,0.049881858556379166,0.04362114850504084,0.0,0.024360352325765056
random,0.07383667238888214,0.0886678072464866,0.05176816308488397,0.04257636541537191,0.04174521030215195,0.05581351551988456,0.050021480845621524,0.055526640755076295,0.054779229796106055,0.024360352325765056,0.0
