,square,rectangle,parallelogram,losange,isoTrapezoid,kite,rightKite,rustedHinge,hinge,trapezoid,random
square,1.1102230246251565e-16,0.1264956415777554,0.22145610266059668,0.2876325719450764,0.22010531518388243,0.19482749036482194,0.1795918164024799,0.24188974246124073,0.21365289201520554,0.20266994451453102,0.2940650546310174
rectangle,0.1264956415777554,0.0,0.18821235255448987,0.2906686517956053,0.27686770466844235,0.25108546696822687,0.23688801132765702,0.23001580178590042,0.1759422607572303,0.23397935296361239,0.3234887660988709
parallelogram,0.22145610266059668,0.18821235255448987,0.0,0.0865551756955022,0.2525746509454554,0.21968430034002806,0.21380588104393095,0.20468946632530705,0.17339679875916014,0.1645012907809601,0.22283975041387494
losange,0.2876325719450764,0.2906686517956053,0.0865551756955022,0.0,0.2797518827264024,0.25368296666054235,0.253938609808128,0.24218363761537054,0.23463674231618348,0.18327433980517172,0.2024020298364766
isoTrapezoid,0.22010531518388243,0.27686770466844235,0.2525746509454554,0.2797518827264024,0.0,0.12308913952917921,0.09921677454476541,0.21712142433212378,0.2128074883047627,0.0943734633557034,0.15717648667619033
kite,0.19482749036482194,0.25108546696822687,0.21968430034002806,0.25368296666054235,0.12308913952917921,0.0,0.04802186251721263,0.16634424848487828,0.16361931685012343,0.1427465240110105,0.16580228906819272
rightKite,0.1795918164024799,0.23688801132765702,0.21380588104393095,0.253938609808128,0.09921677454476541,0.04802186251721263,0.0,0.16084256156989696,0.15347347660418564,0.10510818619507345,0.1653827505633546
rustedHinge,0.24188974246124073,0.23001580178590042,0.20468946632530705,0.24218363761537054,0.21712142433212378,0.16634424848487828,0.16084256156989696,0.0,0.031199785217756237,0.18457585523268172,0.17561445246652885
hinge,0.21365289201520554,0.1759422607572303,0.17339679875916014,0.23463674231618348,0.2128074883047627,0.16361931685012343,0.15347347660418564,0.031199785217756237,0.0,0.17185118059362436,0.19003986709712117
trapezoid,0.20266994451453102,0.23397935296361239,0.1645012907809601,0.18327433980517172,0.0943734633557034,0.1427465240110105,0.10510818619507345,0.18457585523268172,0.17185118059362436,0.0,0.09881201947622886
random,0.2940650546310174,0.3234887660988709,0.22283975041387494,0.2024020298364766,0.15717648667619033,0.16580228906819272,0.1653827505633546,0.17561445246652885,0.19003986709712117,0.09881201947622886,0.0
