,square,rectangle,parallelogram,losange,isoTrapezoid,kite,rightKite,rustedHinge,hinge,trapezoid,random
square,0.0,0.10336993804100003,0.13960141815905447,0.16886037058882797,0.14594627017483264,0.1411564113115159,0.12948844662909587,0.16998408760672534,0.15255168373516304,0.14248838654995377,0.19330431497696776
rectangle,0.10336993804100003,0.0,0.1270575031407154,0.18275641131285159,0.18149618182062788,0.17694652134943967,0.16962643599219418,0.16954124783578806,0.13506488303572106,0.15297830871760376,0.21275115241440434
parallelogram,0.13960141815905447,0.1270575031407154,0.0,0.049504105040963475,0.1527000773560383,0.1435464760386964,0.14326381776590558,0.13802813033261252,0.11805270543779978,0.10130203567516283,0.14337536305271825
losange,0.16886037058882797,0.18275641131285159,0.049504105040963475,0.0,0.16861683201043032,0.16455905027102302,0.16576911668368965,0.1596798412822592,0.1532991919011244,0.1129635676910663,0.13555619490962922
isoTrapezoid,0.14594627017483264,0.18149618182062788,0.1527000773560383,0.16861683201043032,0.0,0.08920938323110861,0.06864755566172354,0.14818369321042957,0.13627817301722966,0.06120215289007813,0.10745698914867485
kite,0.1411564113115159,0.17694652134943967,0.1435464760386964,0.16455905027102302,0.08920938323110861,0.0,0.034537902278038546,0.11335035554260009,0.10655839804074607,0.0987146075342652,0.10535635178642166
rightKite,0.12948844662909587,0.16962643599219418,0.14326381776590558,0.16576911668368965,0.06864755566172354,0.034537902278038546,0.0,0.10823199850956777,0.09830380729570476,0.07739959314650724,0.1089747358485742
rustedHinge,0.16998408760672534,0.16954124783578806,0.13802813033261252,0.1596798412822592,0.14818369321042957,0.11335035554260009,0.10823199850956777,0.0,0.023450742245244682,0.1301971989580355,0.11504029847421937
hinge,0.15255168373516304,0.13506488303572106,0.11805270543779978,0.1532991919011244,0.13627817301722966,0.10655839804074607,0.09830380729570476,0.023450742245244682,0.0,0.11559010241161238,0.11777367683632356
trapezoid,0.14248838654995377,0.15297830871760376,0.10130203567516283,0.1129635676910663,0.06120215289007813,0.0987146075342652,0.07739959314650724,0.1301971989580355,0.11559010241161238,0.0,0.07125224720744194
random,0.19330431497696776,0.21275115241440434,0.14337536305271825,0.13555619490962922,0.10745698914867485,0.10535635178642166,0.1089747358485742,0.11504029847421937,0.11777367683632356,0.07125224720744194,0.0
