,photo_face,photo_profil,photo_eyes,photo_face2,photo_walking,photo_standing,photo_hand,photo_legs,photo_bird,photo_butterfly,photo_girafe,photo_fish,photo_cherry,photo_tree,photo_flower,photo_carrot,photo_watch,photo_key,photo_truck,photo_velo,photo_road,photo_house,photo_mountain,photo_windmill,drawing_face,drawing_profil,drawing_eyes,drawing_face2,drawing_walking,drawing_standing,drawing_hand,drawing_legs,drawing_bird,drawing_butterfly,drawing_girafe,drawing_fish,drawing_cherry,drawing_tree,drawing_flower,drawing_carrot,drawing_watch,drawing_key,drawing_truck,drawing_velo,drawing_road,drawing_house,drawing_mountain,drawing_windmill,geo_face,geo_profil,geo_eyes,geo_face2,geo_walking,geo_standing,geo_hand,geo_legs,geo_bird,geo_butterfly,geo_girafe,geo_fish,geo_cherry,geo_tree,geo_flower,geo_carrot,geo_watch,geo_key,geo_truck,geo_velo,geo_road,geo_house,geo_mountain,geo_windmill,word_face,word_profil,word_eyes,word_face2,word_walking,word_standing,word_hand,word_legs,word_bird,word_butterfly,word_girafe,word_fish,word_cherry,word_tree,word_flower,word_carrot,word_watch,word_key,word_truck,word_velo,word_road,word_house,word_mountain,word_windmill
photo_face,0.0,381.788876162856,395.75310227280374,405.9341546425733,360.69870571516066,366.0949915102642,357.32923387317004,351.54349142545004,385.01576206230726,491.45682418349867,461.6035369410099,392.0445958668415,413.3794750390957,366.546990402619,352.15668664336073,343.2247134058732,438.41057628148474,344.5001339152939,425.0067378646642,411.2970403255313,418.46600960220456,424.28790464777137,433.43072346091327,424.5508494598778,409.0031703280332,457.2427439068689,396.0082352307238,431.8940411506535,431.97939015359185,403.58740075645017,400.0842245593001,423.10986922078587,395.8319434912207,452.38104354912855,398.0847446407374,418.5364486548508,459.04875959461316,380.72761326855294,407.81652495642436,367.15263461046425,383.38840021237615,391.8077982329134,430.5252118971787,432.8396510388335,353.7011742569269,457.03290838859425,383.08120168507185,475.23240811449887,441.86948276968786,361.36511373631294,404.8522689506339,382.0722876652286,446.3137496319822,401.9909584017484,428.44630500668467,373.1682542208964,361.6537728364658,469.3349300424262,388.7192554545675,411.45434949360566,432.23603320963605,385.8507820167414,395.4774034272504,362.8167308615783,367.4628293722114,375.92347700448505,399.3566537335121,424.675331780854,381.89608525595975,429.3230754078295,405.1079298230888,483.10551052772615,351.7659826444222,361.23841515499464,361.5089198559282,391.2720726321275,401.19203651735796,398.11959831610824,359.1425327882667,400.88622592080577,393.242750500619,406.21876441168956,381.38573462117984,405.92930095227683,401.43933508701645,368.9351404654585,360.6772831307734,396.28825282524537,386.6347128855832,345.1878334799123,398.0582550954593,353.45834001041425,366.50122772048417,396.29600591335424,429.8101792919359,369.90179916734405
photo_profil,381.788876162856,0.0,408.6172714407095,409.07454497368695,378.25232251544975,383.5245321783837,383.81900737452145,376.1780501888705,398.26519735200543,495.33676514583095,473.557802433874,409.3020409735229,422.72119097193485,385.33699074548707,373.20951759226756,367.9843925170028,456.48548966935437,359.13811143610593,438.49828586597175,427.68129112358776,428.5401945027007,424.03722344719364,442.57074517689017,429.3153595535601,429.9226144730481,436.87014280304203,410.06672840284745,440.7727842959752,451.6235728660282,419.6241649327683,418.3823292060805,430.75782174195933,417.59002232047186,457.60363102298476,408.63404544085097,437.08953905319066,464.8645396029579,408.7014282921925,420.0262467973496,389.2651383563617,401.83501567093776,403.59708901681523,440.2163960649426,446.1160319936994,373.3221637803431,466.94974954263677,397.8476293702366,483.65282588394774,446.6921858019218,384.52078181372565,416.5588142926398,392.8933481966989,463.3097828942648,420.22660633125645,443.3166159565839,391.5689201682214,385.36712483106913,474.84018963707416,392.14396785454187,424.6774747638646,439.46338388668306,402.0434336323863,420.91122849240634,378.1191365241323,385.2509758646503,390.0743072718799,411.8166013465287,444.6116882786609,400.15851336406075,431.7023092452548,416.5830008930006,490.1093284365169,377.0910553267171,387.05717782034867,383.4066839636204,408.2287935768454,413.87970527587123,410.9455934041306,381.0650592878403,413.8487730538959,403.0698242687247,422.7127344483881,397.38370294751815,416.72968887931773,415.41004490327003,387.72403147460955,380.05339850784594,411.7894571227659,403.2573468046667,380.17075583800624,412.18349794955907,377.2453312184064,382.7959742395046,411.87860231528316,448.72087184732516,385.02519965091636
photo_eyes,395.75310227280374,408.6172714407095,0.0,418.2183634119093,386.2702048506052,391.0278579445545,389.5663191505595,386.059971437082,386.71333814029276,482.13115905099306,466.8517867031579,392.38382614382675,426.81594988396233,394.0133023219275,383.66202027525793,366.0213353820257,471.49749558255496,346.2215783133662,429.8620518493665,418.6237838553019,371.4118298741834,445.3376445558835,429.901315940599,437.44778404997857,433.8885789319062,477.0507013973421,387.18650883165196,441.1884671374213,458.22554313715966,426.85718690078187,420.86731909035484,449.7033366209787,404.19933512764976,449.19599331544134,425.422272270344,425.4895173029832,456.29302173802756,407.21249365730085,428.80241023459223,396.02769923492207,408.0361411425245,387.3740622718106,432.28403219175027,429.6232208679992,362.3531444351225,444.0032804935157,391.6991080514741,495.32556588041734,458.9603841837179,387.2273274466809,384.50093841244734,407.9981641353601,469.73553463126865,426.34611441247876,456.0837487404027,395.5965471214406,389.1768944891571,473.31590406279975,401.9058358595581,412.422831258864,451.93775101028734,407.27383716321873,425.45291601145175,385.7852048366608,391.6494234448798,372.83269491955076,405.59617718407713,426.90688812376845,411.87896045223965,451.00559737240405,416.4019703242417,501.29509455104875,366.26851887800035,372.946433716853,376.36749969618825,394.6771892687861,394.9999816121441,389.1078335432242,373.39304764398537,395.35564952494065,391.24339334631554,398.88130932400145,379.29440059511074,395.1035567313334,391.1491348383746,376.0303184612993,372.14228787394916,391.06397767626197,389.8206919088317,368.33426835756404,390.13931583005683,368.53325213811837,370.4218563848535,395.3475616418005,428.1193062543595,377.2801941232212
photo_face2,405.9341546425733,409.07454497368695,418.2183634119093,0.0,391.6062393348056,398.6691172863244,386.5176193745281,395.5903143509916,395.5583878619066,500.4705931510754,473.69050749354915,414.51153138153603,435.53278552018816,397.45801572180665,390.0433941376146,379.180537038995,477.60323517663596,370.52229315807926,443.8468443811134,437.19673314064084,434.5586285882418,446.09282553426436,457.2845898522012,443.08997339705485,441.7479546325948,483.3378965982751,421.0476868430284,425.7972949671724,464.1167778077901,433.08699002522644,428.9771601581523,453.50962974926404,422.93609110619644,461.3268811244262,432.8778090344481,448.43082975254805,473.3937606850966,417.81889136679905,434.2062410709878,408.63231002797414,419.40438280534613,416.83235057510234,453.94332042184567,451.94040094599956,382.27653947297773,474.0772687540578,409.63832929470453,497.6666227890152,463.82442052856703,395.68305112456164,430.6430789390678,410.88567493191505,472.45212707605646,435.02572308076174,455.3359133804835,409.0694155699178,401.6192388473948,473.27827900623424,411.51563781359175,431.05249777532697,457.69588731707,416.6389394840054,430.7767492093358,397.4897709708084,403.1475629162528,399.77246521772986,419.2513904593121,447.80394458051455,415.081684654547,451.74537640725316,426.228025345031,503.38057590006395,390.78038810713343,395.6406811598175,396.73169023468245,419.4451403094042,427.7023507685353,424.9565992670057,397.39970712310367,432.0496280818453,417.26072820750454,435.51457926721577,413.63240390530495,432.61336298780174,431.1912456070051,404.3277999883914,393.8746641213099,425.93688536403414,417.6996158952021,389.1281476680704,427.4069769771769,392.804313399893,399.40975797201133,424.7996702595885,458.0453727947614,402.5514516335551
photo_walking,360.69870571516066,378.25232251544975,386.2702048506052,391.6062393348056,0.0,328.3729517310537,340.805742626501,322.627086165424,355.3622867946426,465.2230716997809,443.956107323506,364.1629840232766,385.59756717099765,344.2290642834573,310.57625285317675,307.24338996001205,421.49879408746926,304.5167910964975,398.7450092047359,383.9953372625726,393.7030822326827,413.46401710637286,400.8877714128485,401.5744144689664,379.411400997978,439.05814567472055,360.53891524008344,402.97774050819646,387.6466779866439,374.96109230563303,363.93081646869285,391.20890669016234,363.7343131189368,414.98247074934983,357.4523636675824,386.25940915277187,427.5243469542687,349.52453177241506,375.6103087663484,334.393685924186,342.5886266221617,357.66831917091514,398.83008723487643,405.1147689118569,314.7935469403352,428.89238657091084,339.3374157938271,449.0148877379114,413.06063150262275,317.8737299315444,369.7246005512912,344.82610137887866,407.308784645178,368.415264503836,404.518268669933,329.04401677308977,329.18462733482534,434.5188403588858,339.8748129041519,370.5186190075298,393.1180481974118,339.20253570595827,368.45187112144197,323.80783968075076,327.3097158034169,335.53988748574017,362.78252810703,395.97206903942174,351.67630187253855,406.1363111598194,366.84751230175016,454.4858089247713,318.3933566593386,329.55140327431957,331.28128293920753,362.9706544645721,369.51400237646186,366.64155967332084,328.5144468790338,372.21984777502666,362.7507056647454,378.24197835434416,351.28530391553437,376.12569198923717,372.2351015121748,336.5157811649411,327.7974835280057,365.7879918130608,358.2979973319913,317.65611310794435,366.7522689160117,322.0822126732784,332.24112243714154,368.6423925961439,405.5384252593059,337.88267906621905
photo_standing,366.0949915102642,383.5245321783837,391.0278579445545,398.6691172863244,328.3729517310537,0.0,341.6062056365835,318.88365395887826,363.8355617421917,472.3951336354888,435.45129155631946,376.57537850341504,398.4727126050752,350.42835918696386,312.0018242359573,300.8098801220892,412.52950791239397,309.1038606286499,406.83459491284685,392.6500935388835,401.3189785763533,417.5320481756802,410.91234554927183,404.2620766715024,389.53874708079263,444.17672921965647,369.5396467716427,404.61443487852387,410.0762902837669,352.8427216948847,368.15385857933074,396.263029232833,371.67930768052537,403.83909175797453,361.0729260302934,398.13317786618626,430.7902587524085,361.12861659342127,370.4963627434155,320.5694389073716,353.7375298053528,362.09517039331246,404.9807314476004,416.78928924212045,320.4921930921567,434.8047198177613,352.11054730661937,442.5117943453749,413.1661827018561,311.2581269054038,378.5159945502045,339.66439276186,415.2386182464641,362.473256931885,395.7622164077297,339.38421932345943,328.2311832538452,434.9612816338424,337.626710496696,385.5027238374501,394.9219086169107,350.3179385847611,367.97376273495564,307.83525036877387,318.9910192015896,338.9068573886496,373.3081366668985,404.9936599687664,357.6541814651972,401.0703288988922,365.4037740746573,451.2789017530169,324.27431186684043,340.6706574664529,338.2216810305144,369.46593891245107,376.175814352974,374.89974203444075,335.11877273559537,377.03864319644964,368.7183628078467,381.05853734057496,357.86079140332345,379.1705655855907,377.71228825817826,346.1425976157066,332.0478424099483,374.2771233795626,367.46176328405556,325.79479497943845,375.72145323147043,326.066289370565,339.44490899431423,373.1583040743097,411.15576202586874,345.46774903213065
photo_hand,357.32923387317004,383.81900737452145,389.5663191505595,386.5176193745281,340.805742626501,341.6062056365835,0.0,337.5182573144397,373.8341301057229,479.61797762592056,452.3710412797514,377.84694767225756,399.4345013753903,355.7273966227723,337.1939021412581,316.9528104142277,431.8035334396767,324.69257564774887,419.65552890601765,394.9982592199099,408.0618309454892,414.77451446340325,425.9325761559306,414.11281447489904,404.1681198163308,452.0051852367838,378.3472435990972,414.8988238147514,420.74340364078205,383.71061154527035,374.25725592933844,407.3375013990362,386.9845114705516,433.70263455534626,383.122886119337,406.97266113914384,445.4455132258956,377.3944441101231,391.7301051467254,349.74188229988846,364.82447182920237,377.79108401230843,414.13925380865214,419.64966814455704,337.3550932570926,447.221255601558,368.60962918793325,463.33915607647987,433.1795490856902,343.27621299249415,384.2294387555818,366.3862246511584,432.04471186711595,389.1324520153067,402.17901369722586,347.2645572443814,347.81675276530075,450.74983601297356,365.0828439238997,395.33997513463083,412.16590908947126,373.0371082062977,389.72053224175875,337.5028622073798,346.47817252793294,357.923806241542,387.47664042244014,414.3798277822031,370.8444955730619,414.8422300056473,388.2093997159699,468.26697408287345,342.91244169595757,346.7067529133258,349.86682092435035,379.31198674487905,384.5444930038448,382.26699741672087,347.14051467719156,387.9678238032651,381.17465025242745,391.87664194375805,368.1570576247589,389.9428324770751,386.28858819850086,356.22025691688594,347.82013813078106,380.69568505627336,374.10257517366307,339.27017175899954,381.6867849175304,343.61336502744643,349.67768210810175,384.144340862798,419.35030012355054,354.13041046994886
photo_legs,351.54349142545004,376.1780501888705,386.059971437082,395.5903143509916,322.627086165424,318.88365395887826,337.5182573144397,0.0,364.59840744062245,468.96765950190564,446.8669411564752,368.34681296647733,388.6239961299755,354.9363860967132,313.3255643357429,301.05505549790297,421.4414493148003,309.93620280939786,407.6115499597592,388.2313401141615,402.88822942993284,415.98475224971327,417.96072777088267,407.5334683873904,381.2978829759802,441.1762099204633,364.89945106350484,409.4904452981363,401.29887576954235,374.27154712632864,365.0762525770298,392.20615839837274,372.34113961647375,418.27645331378466,371.5621633010987,396.0185830405319,433.71614932554,361.67703833121595,381.3088835622519,330.317800214267,346.81711287002696,363.4259300338101,408.7893034872024,414.79085014457974,319.11343289361014,435.863837576072,350.4958574912485,449.84354415978805,412.8160665944502,316.0277846587137,375.1011781981857,342.26575679538155,416.668808480776,364.42380529905654,404.75795907677707,328.21806065479717,321.08763379224087,436.9875252146019,345.6140844992805,378.94510205400104,394.49591815244037,352.2750137395918,370.37973567791886,318.66649847432257,329.58401835494055,341.10131134985033,372.3926529901908,403.94426055628503,357.1023831381026,396.9571938063263,369.54997912221097,455.9653387230893,326.8250359267408,335.1246094857795,336.28411195649,369.15613963981826,374.14313325128086,371.5538046261075,333.49217775180335,374.7467369053004,368.01430165137737,379.3333066379428,356.3134896106237,380.49507998856325,375.09120431825096,343.1867421900817,332.81320919089615,371.00218404912727,363.49729074579585,322.02298091424893,371.694295302893,328.5580240993324,335.3655925356549,372.59502614033045,410.25203086705693,340.8145909545225
photo_bird,385.01576206230726,398.26519735200543,386.71333814029276,395.5583878619066,355.3622867946426,363.8355617421917,373.8341301057229,364.59840744062245,0.0,466.77349337427336,438.2906366257093,366.5154943876297,415.43552350687645,367.1956359952078,355.84740863903016,338.9902061685088,440.766496982806,305.02465600730625,408.3987967327637,393.5990718024006,396.4796683482492,432.29850746909136,419.3067299086622,425.0188515022482,396.58381827693705,452.5337085687482,368.62567594679484,411.4349569607124,429.0826540823699,397.2465319173001,390.24320623745155,422.47399591413745,361.365263084671,434.04802069159587,391.3557755355287,397.13614236005145,448.1067344414099,378.53526720605043,393.2889893107248,366.0883944404184,374.18920394070375,351.7876309481948,409.0459522685127,410.08115286612724,326.08619684134845,437.1806273389068,355.9360468873804,470.5404620172276,435.4721555934386,355.2456098093713,375.6369619822852,373.1763293112365,441.19012006239996,397.64761487640993,426.52631576083917,364.72148945059325,351.18466128460744,453.6744090093003,368.39129564489565,389.40781036555074,422.74917839401417,376.1234832218228,392.30117551358376,353.77166614818077,353.14868519910215,333.137113202922,381.9873427228438,407.7469532118992,384.11838505374527,423.6668607771176,389.15539629225566,473.87724658333156,330.6916066194487,343.23267394557814,341.7897044352474,367.1051233450413,375.67320322434074,370.8818170268281,342.32496606866863,373.44937160976104,364.58059158994604,384.4594544073176,352.7960127270937,376.07549069942326,370.54347731103206,345.26378021662913,338.3499932922008,369.4244564706096,362.16894398244057,333.3479881169228,371.8091380507933,335.49956014900147,342.522401203611,367.5603799968216,408.95439902647615,350.34467685247216
photo_butterfly,491.45682418349867,495.33676514583095,482.13115905099306,500.4705931510754,465.2230716997809,472.3951336354888,479.61797762592056,468.96765950190564,466.77349337427336,0.0,542.1866434781582,485.4876672010297,502.5053333062536,476.1118571307529,470.59954351736116,461.65116019978313,542.8341929049709,444.7760994872001,513.8956508333581,492.7793508704244,485.2580438826664,522.4483498383789,514.606631039718,506.75129101980303,506.1399856988963,539.0044891032115,483.155931770184,494.0794756868826,512.7805444019365,502.4042051639174,498.9060174646241,517.4267977852007,480.83265823615534,521.3721762054955,501.1429344674865,510.5968018038522,535.2285521868791,491.9005177026698,502.82606782529183,481.17975045679293,486.5406971225541,477.47538584022016,509.7539938072309,514.3682788540875,452.91022424634644,526.6704360878582,477.58249075556506,531.0356677395089,528.979318168098,471.94531623367277,489.9409409557954,482.75646627275535,523.8513773058788,484.5111988949991,523.2222187151299,481.4136120622162,474.54742468712544,539.1486418333475,478.5892806449629,499.3033933999012,522.5050844991273,480.74822212669807,503.4075061099201,469.7843713574713,478.9175530029804,467.3599535061872,492.2878635930998,510.98545152846447,491.56078938727484,526.0834732798786,481.7462472798366,544.7788749338148,462.0620522417109,468.3992272854228,469.9282773516446,486.0253895575328,489.9624288528089,492.44623775085984,469.442926913512,490.26937725771336,483.959487343962,498.2596951640017,476.5744559344877,494.3834168501192,488.7688756778872,471.4298194703036,466.22005677001016,488.6338997706753,484.09067847082093,461.75724940058745,488.60072037950897,466.9119493021753,466.6226225029427,487.81170222064475,520.3580723510016,473.66531212885457
photo_girafe,461.6035369410099,473.557802433874,466.8517867031579,473.69050749354915,443.956107323506,435.45129155631946,452.3710412797514,446.8669411564752,438.2906366257093,542.1866434781582,0.0,461.7847623778642,493.0180758811105,447.1749010114781,432.17328115723285,429.8570462025657,508.8916026232113,411.23406181283184,481.13014663883087,477.08381649999035,472.9171934630065,491.0925529574718,493.4567318659649,486.3942076246137,479.7518835707508,517.5255974318936,458.5751767160104,489.67048435778395,500.81333808432316,474.6066154412058,461.70557688097665,489.69940628734344,466.9812769935841,493.84127645056435,461.89158205059505,483.1385359671708,510.4583683949287,458.03660493469755,472.1818465072054,447.0766691175047,451.9560277667289,451.2039240259135,476.8875556633593,488.0911517989052,426.95512429157066,507.5574510999181,448.84393547229416,521.7725711339608,497.3372108016232,441.6280957041629,462.67532755043743,449.54513457159334,508.28795935201276,464.0298964114674,490.3919616902365,444.53068853947417,446.63574772867617,523.2329548380445,448.2794895562793,472.0121782913235,490.22446647802883,459.95743846240055,459.1552890180439,441.03910977061327,445.6315230429018,439.01554492355007,456.16149734054954,478.8191012847168,460.3927095746549,490.53699383226353,458.7070269722365,522.3057651348113,437.77863265500554,438.6934194401655,440.4296363742693,461.4995779379053,466.993247487059,464.208498294042,440.840592357379,470.40449003133807,460.69174193350597,467.3302497200797,452.69878801492257,469.47417766529156,465.26193236777465,444.28786195532746,437.39211259640405,462.0083367017944,457.99070133917456,432.52544509478554,464.3056342529926,439.28844312181525,438.37623120879203,463.66099185310003,494.05353327936626,443.6273314756423
photo_fish,392.0445958668415,409.3020409735229,392.38382614382675,414.51153138153603,364.1629840232766,376.57537850341504,377.84694767225756,368.34681296647733,366.5154943876297,485.4876672010297,461.7847623778642,0.0,421.52093602421974,377.18477021867244,364.0236440576558,342.26642755609305,452.66874910206656,322.9992671224478,414.94027106726594,397.71900700079084,402.1732771695361,440.7165399109358,429.9176140427216,435.6755434108089,420.5930878313308,464.25483589643477,365.75152453052533,430.7529441454497,445.3824906051754,412.1731011137385,406.682317023801,434.82907569566765,390.9998751357314,445.56337304068575,405.35864996044273,392.9770126509714,453.68823469081127,392.73598786492715,412.6692201961184,375.1240991219904,380.6782938059562,366.4810471001803,410.3644912508547,423.78230071536535,335.2884525197811,447.7814296997572,367.85833200511934,485.57019781559416,445.1847869255899,361.0539583238738,373.8920982109908,385.6006226285973,459.82764938546967,410.7058617346024,441.63363386106374,377.2418124154655,366.9584007745996,462.50240919653504,379.52213991232026,376.5535029671015,432.65008187885525,384.85166574658695,407.32122154966424,366.3679000159851,369.5948046929672,350.3344362730904,387.139759001732,415.3839698227381,391.80534770058256,433.0329458859247,397.37601220813707,490.99427886596067,346.2182733977467,355.3162682654534,353.9133498440937,373.89786613181536,381.1041152676809,379.62576163754534,352.49483410204874,381.79820757551914,368.1476516456045,392.1434430671859,364.6290006285188,388.68536017629174,381.28630270572864,358.3827556636439,351.16003678065675,374.02952400065396,371.22124117927865,346.9637037704191,379.45781633241717,349.5882821692813,355.9266547670139,379.3882381136686,414.45735630149437,360.11259038341694
photo_cherry,413.3794750390957,422.72119097193485,426.81594988396233,435.53278552018816,385.59756717099765,398.4727126050752,399.4345013753903,388.6239961299755,415.43552350687645,502.5053333062536,493.0180758811105,421.52093602421974,0.0,404.1604333066846,386.5998085098094,377.4334725105577,474.6090370026331,372.6372181563325,445.2373441089353,436.23961087514215,451.14532466712734,456.52746270023476,450.8710563549714,447.9531480822801,442.98343397331615,483.221528140387,417.3231597461415,457.9000434229965,443.73317885302953,432.1682811469616,426.70580076611645,441.65436934343245,420.4081085977124,467.02893796143906,424.1809075904619,442.3524900910911,473.6518532033111,416.5908389105242,440.62002925238977,394.36345673302395,411.0293799646719,416.3213234518153,442.22486985391174,455.2956330017854,382.9391801506434,473.2029625429248,404.92618759693414,496.7219098773628,466.43861551885766,395.6466633031038,427.30168047805086,411.5238073620981,463.2317581694794,427.34494800450403,456.95790570382064,399.98810778652967,395.270612368189,477.13346266616537,401.7668651383825,432.696834061934,448.2696754168388,411.04079354041517,430.77368893180613,388.6758150699934,397.5823088842959,402.613771611791,425.1912480694028,452.1358007528142,405.3893464198577,447.5317637079602,426.8399434248681,504.65854276003586,389.8401487645929,391.99992543579197,392.68486642003194,419.946642491634,424.20197556369993,419.13693129191074,393.02198532956817,424.0160604182713,418.1496051459084,432.10423315542346,408.2005567035477,426.70695750232534,425.6893920882794,395.7424084207541,388.6223561210845,419.5013606806226,412.10432902102264,384.0715490048874,420.6243838293771,392.27920176734347,391.54087481081143,421.3903469708566,458.7205886023329,395.8674034941784
photo_tree,366.546990402619,385.33699074548707,394.0133023219275,397.45801572180665,344.2290642834573,350.42835918696386,355.7273966227723,354.9363860967132,367.1956359952078,476.1118571307529,447.1749010114781,377.18477021867244,404.1604333066846,0.0,341.3475329874192,328.48178534142954,412.31269060528416,326.677422337899,414.0074803153792,400.7126775338995,400.9931449336833,402.55934734360216,396.7730808741994,400.8236014637265,399.95113686264784,450.69309606775363,380.2651185429891,413.8316742267181,414.2615379806196,383.1497725625336,386.48435174165894,407.08477567451274,378.3826005878418,429.5702951055391,380.6076682670482,402.56692791669116,442.0373055444424,351.1340145400096,395.269054976821,353.2805135868874,364.59896302908425,375.7217959590357,410.9824710791599,415.2295481711607,338.75528415515777,439.70083289567566,360.0663715553744,458.2705057810367,432.71507999093825,346.87639282847726,391.33083210708054,372.65861510410326,431.43982096600746,391.2427535055187,414.8890850311376,357.4145489455013,348.87532124865743,448.5594349155603,365.2228185137947,396.2039026625443,412.0212090257519,363.050023421795,386.8759890810609,347.023334879896,349.00706013992874,358.2992539859156,386.73231056506165,417.10089874620144,374.24698068486487,416.2862212539417,393.69135327530887,466.50396140500607,342.48900886149244,351.53933103593573,352.33003879416424,380.55254490892617,386.42523870342336,385.3519559416042,350.92316790593213,391.6353381844493,378.7422190787671,391.80562441067747,369.2119201100771,390.2923608116711,388.0659764783513,357.56477586227714,347.9717971150689,385.15393074212415,380.5308104531178,338.73365046504904,386.01951772799083,346.8150573821892,351.4877613959916,385.0131727603306,419.6783749331769,358.3728718026492
photo_flower,352.15668664336073,373.20951759226756,383.66202027525793,390.0433941376146,310.57625285317675,312.0018242359573,337.1939021412581,313.3255643357429,355.84740863903016,470.59954351736116,432.17328115723285,364.0236440576558,386.5998085098094,341.3475329874192,0.0,286.84475626897967,405.09280640791314,297.46331088619667,397.04027069325195,387.67907780636807,392.73514226627253,412.93098336655834,408.0883806432733,404.1430751112635,380.7942900213046,437.2871998744581,356.30201467707707,401.89182665649383,399.7582560910046,361.34460287855677,356.4429182356647,385.2944862583276,364.6390943404986,402.09978038187126,354.824173229514,385.2365035502444,427.4966161740176,344.01613736069584,363.1686699163983,311.81652053602704,339.33077123043597,352.2529913018973,397.6974523359857,410.2355196107475,303.7645927259079,431.6715640397979,339.7811977073122,449.7577012208299,402.02143618751313,305.94200760412514,367.6405266841556,331.4507347828333,413.50559454063074,360.1960904176192,395.2976022703293,329.3978168267527,315.59023979629677,423.9885760394386,330.8835487890925,370.7466166963265,391.2802444877317,329.9908548651852,343.2653597839987,302.30249645083444,307.3506526065103,328.6938043264011,361.12402921000404,396.632592539378,334.65315063503647,396.244012644168,357.8011162673109,450.54276509031087,317.7438170914244,325.86563730101574,325.28210021123783,360.69513560209856,365.86358961590156,361.05504491517206,326.76904839696414,369.8591032053855,358.39915757122276,374.4828509698415,348.39051996748964,373.3580380294405,368.19850137888966,330.65885289086486,325.31291136517683,362.72958423367595,353.01390554003376,312.05010057594933,362.78550293927435,321.5682523197145,327.5219459500675,363.39834485700436,403.07742219934966,334.41950047427207
photo_carrot,343.2247134058732,367.9843925170028,366.0213353820257,379.180537038995,307.24338996001205,300.8098801220892,316.9528104142277,301.05505549790297,338.9902061685088,461.65116019978313,429.8570462025657,342.26642755609305,377.4334725105577,328.48178534142954,286.84475626897967,0.0,390.9051364820575,280.5275192406365,386.3952194137459,370.6537409945508,384.7566678537545,402.3012255007813,397.69274738340187,398.1739335730347,373.06374057308483,432.184291095037,344.570322276379,393.62513693851054,395.91820612520416,341.6870657899927,346.3199300155942,382.4821413420845,353.068772933928,402.27043068374536,341.63924542059686,378.9958514789279,420.77223395115567,335.6967089794008,359.6497026816617,265.35792407642106,333.90536970792436,339.4591674207987,385.8666153173772,398.2931899347634,291.8049785928155,420.8686679991147,328.3895703266358,446.68976830797493,403.37986946400406,292.19263055397704,354.0817536986218,329.836851053029,402.64501016862056,340.48271207441434,388.5119170413553,317.29272936982323,302.14007179802076,425.3674923386322,319.1573875578481,362.80662911437236,377.9753690288454,325.9274857821515,347.968748436056,266.8915770153238,291.7246505068417,315.049660301181,350.5338160497172,385.8689497008769,336.62721133027065,382.6562374649832,355.38608598323407,451.9799840299024,296.93512950792984,312.6089581357817,313.28641777820457,346.5566706754986,354.47502059200383,349.22264621538415,308.4797962630092,352.9791726808146,347.69119460237863,362.02790767523305,335.1016605928776,357.45631365865194,354.1859011332426,319.2779661499988,305.02540413154696,351.3679890971155,340.4946628667494,299.86640229055183,349.96155761281744,300.16179515763605,313.22564995482117,352.15058338171195,392.2299112969291,319.47718280456945
photo_watch,438.41057628148474,456.48548966935437,471.49749558255496,477.60323517663596,421.49879408746926,412.52950791239397,431.8035334396767,421.4414493148003,440.766496982806,542.8341929049709,508.8916026232113,452.66874910206656,474.6090370026331,412.31269060528416,405.09280640791314,390.9051364820575,0.0,408.9950018103732,484.2898565508561,473.0090368176855,474.6488649379531,485.156407296428,467.9532653101557,483.5571155732001,455.9659323131698,513.1427127663277,458.0513796617289,482.6092671436606,471.46162873811585,429.78185766077564,448.59903279679014,466.6584090254275,448.0493716317327,492.3207022315401,443.8283706201042,465.83914894887016,501.41819405078587,422.9722579741132,449.18630013569106,401.54056345985646,411.1363200073219,446.61084178209444,478.20945353043754,486.5702111260869,413.3432172646913,500.72955450926935,429.205111322625,513.4015611349006,498.12782713824856,405.76638855544843,460.57113004487627,441.7685009454761,488.1768046150308,448.6987072119386,471.57567473176204,418.623572178,414.03503368006835,502.0325188337179,432.16632235224273,460.4421755238959,467.8885895861452,419.1175696324828,428.54646691438086,404.15717424156117,397.1822054156076,428.7843209153257,460.7406293146135,480.7649002181883,448.64769588394296,467.1913175215663,456.7823800842961,516.3749145142617,411.6164999997862,420.9791342636026,419.4732163210431,443.8461390308948,453.92153074573764,450.1955616985859,418.7760937854852,453.7906833944462,443.9681993885513,457.04131465532487,436.6664324597353,454.33006445735293,452.55266604636483,426.479438925118,420.3141044414856,450.73642084864804,441.80779191435994,409.6527814054331,452.23831357289845,414.3470906482353,420.77175373268926,447.4120448984749,480.8386679266486,425.6558029702912
photo_key,344.5001339152939,359.13811143610593,346.2215783133662,370.52229315807926,304.5167910964975,309.1038606286499,324.69257564774887,309.93620280939786,305.02465600730625,444.7760994872001,411.23406181283184,322.9992671224478,372.6372181563325,326.677422337899,297.46331088619667,280.5275192406365,408.9950018103732,0.0,358.47281328749574,349.9589486791583,357.49325551113486,394.16727757366954,381.22106481574133,385.9888989188467,366.2299290205577,413.80292480220453,303.76690342715153,377.24617380499717,394.1019354902366,355.7624185714701,343.04580867864365,378.3768833900359,324.24235395863553,393.4103657044988,347.8309811105746,354.2182528047679,403.1110047298745,335.935444892467,351.58685588298175,309.7892598767171,328.16037607706306,267.55258209614124,361.43591494385606,372.6168535816419,267.60557532671055,392.30741081904216,302.194691492791,438.4264683085956,384.8622991476221,294.836235459108,316.95466533705496,321.544505058499,408.68225190850046,352.788814522153,384.9667889577429,309.37071987820235,294.7077309245297,416.27541209987163,313.0104496114684,330.36931535390283,377.98482305797546,327.72168022318755,349.85546336124196,295.95514293685494,300.58824928815915,249.73444151944858,320.53048370633127,362.0958682147307,326.50273041833026,374.46699107981965,341.04175385749676,439.47507275941547,277.0551740421241,282.21870753681884,279.2893420713096,313.24432929358903,315.42871286056425,308.5266681602025,279.7332434447357,316.242331440151,305.24364154251117,329.96018016638476,300.9356281139492,319.48457780591,308.43267383526165,284.4537179483244,278.7082206895252,304.49343125118116,302.5647166319879,275.02935410986953,307.60406467304017,278.4916364788256,279.67056956628505,311.7126295004028,359.28687043977305,289.26812763747074
photo_truck,425.0067378646642,438.49828586597175,429.8620518493665,443.8468443811134,398.7450092047359,406.83459491284685,419.65552890601765,407.6115499597592,408.3987967327637,513.8956508333581,481.13014663883087,414.94027106726594,445.2373441089353,414.0074803153792,397.04027069325195,386.3952194137459,484.2898565508561,358.47281328749574,0.0,423.0438385248472,431.203784623437,455.26613624433486,444.993831547593,461.56665566026675,441.4194509498815,479.66448697957543,397.13888459098865,443.09584025133387,471.25481522132395,438.52710959232456,428.0177376242001,453.22827305354735,417.3046898557684,464.2935644036957,431.4585535253292,427.07491711135674,478.6835027130393,419.98947243337244,438.2005461711521,406.1791679906057,416.0579989827707,391.178756974386,397.858838314339,426.0797295942526,375.1202325670572,454.9502389923266,384.70143682618954,499.2326055652261,458.73317439121087,395.42356106814833,408.35156028773673,408.6183192447905,475.4975473055442,435.55002455928775,466.6852913420652,405.0480637225882,399.18722062627,485.18958444156647,401.6422082636595,406.06319848322124,452.739110849098,412.1068977915869,437.63557241705485,397.27921914333876,401.52513704782405,385.4304717986891,353.53058462505624,424.82674143023206,414.42769170427573,452.0630803243626,422.59895268516277,502.03180367032945,386.3175574340637,387.60376369636003,391.1082152594333,414.2771543618978,408.1647956705916,406.28266463600863,384.7915718144925,409.4384879024143,402.4908870863393,423.63874113642356,404.95728638819423,412.26902863907475,407.9167502855428,392.7088028855529,383.719320071096,402.88858164376836,402.2776133272243,384.3083204462644,403.12225726924567,388.7842959020339,389.5387031459976,407.5955850065104,440.72238470495955,389.9198794359685
photo_velo,411.2970403255313,427.68129112358776,418.6237838553019,437.19673314064084,383.9953372625726,392.6500935388835,394.9982592199099,388.2313401141615,393.5990718024006,492.7793508704244,477.08381649999035,397.71900700079084,436.23961087514215,400.7126775338995,387.67907780636807,370.6537409945508,473.0090368176855,349.9589486791583,423.0438385248472,0.0,426.9830410527851,454.3695536912995,436.5332014147241,441.8358139060231,417.73624480662903,475.0425774056006,393.2314733984819,437.8527889131047,446.88021445695637,430.4050535751367,421.18368737575014,445.6249234925491,403.0439081938716,459.3839711631687,417.851781783929,417.2043831064283,468.24408040300165,404.52012573262516,430.16399774892335,392.8758555705115,402.4342289191747,395.6341146319527,419.09265650842707,384.3182229518982,364.4082279433701,456.82330954038844,382.72252465467665,482.7620453703235,451.33293876906504,386.4005592159792,397.12918013151653,403.39713388094765,458.36621941667346,417.22777698479797,452.8062951420602,394.3887412661764,387.5778399457674,478.5850987568529,402.095126124557,406.348699875603,447.4604137162198,405.84399784118796,425.08046519291685,380.927827276714,387.8536520922094,380.98311069124395,393.55954037595546,384.55373413461564,402.4618266383165,446.26169713904636,416.3180725542642,491.771734090457,368.39119066645213,369.70210742988064,371.94781141309375,392.9986866256066,401.02177956108903,402.49133659964923,372.32014594389506,404.8478975077853,391.7869781867959,410.58483449183433,385.6660424833047,408.416189949005,404.34297734069736,378.54784306923074,375.13170542108475,392.3338397785335,388.0684871836213,366.05909697677515,399.40710710585245,369.5530828704289,372.7058761629676,394.66189671441236,429.59300501659453,377.26030544656254
photo_road,418.46600960220456,428.5401945027007,371.4118298741834,434.5586285882418,393.7030822326827,401.3189785763533,408.0618309454892,402.88822942993284,396.4796683482492,485.2580438826664,472.9171934630065,402.1732771695361,451.14532466712734,400.9931449336833,392.73514226627253,384.7566678537545,474.6488649379531,357.49325551113486,431.203784623437,426.9830410527851,0.0,454.7619278105432,434.33241198180656,439.2188763138024,441.4242073229931,486.95865829898486,393.96246659612876,448.1500629007284,464.36091441050917,433.82951992225736,433.382878542104,458.5515521481155,411.916644913048,455.5695842586235,429.11183416896654,426.1568546846772,466.9068675633464,412.61930793642784,427.75951511131245,409.95073810572046,417.3818833823533,397.77663065563263,432.523518954821,434.5898921738021,348.23692417186277,457.1989172217369,395.9789353513825,494.09262893054535,467.26455624956134,398.00089145631375,410.5338640363956,415.8022100458872,477.0933741947873,438.4087481463059,466.206087457411,410.5392571922541,399.09738034727627,482.07713233120757,413.70017153940086,419.6665907918769,460.0769349678106,412.89038999665274,428.11795201758684,399.5566211457274,399.5649512104556,387.10082051448524,408.24212011352347,436.1351351391455,419.9873465634436,459.4881281810016,421.9264208499182,502.80721253239454,386.1258438721009,391.2691637188646,392.2830919044405,410.86642056566336,411.49089144373954,408.9710197434242,395.32817455769737,410.84456875967544,411.5494738780238,415.25080562417605,404.1756480296803,414.5285867823456,408.31945556513455,397.0629567950899,391.02645298869385,408.54104624888095,407.30946482217263,386.1835339995529,408.2512494387517,389.49548873845004,392.318184120371,414.62890011368285,444.6160970340964,398.6254348988551
photo_house,424.28790464777137,424.03722344719364,445.3376445558835,446.09282553426436,413.46401710637286,417.5320481756802,414.77451446340325,415.98475224971327,432.29850746909136,522.4483498383789,491.0925529574718,440.7165399109358,456.52746270023476,402.55934734360216,412.93098336655834,402.3012255007813,485.156407296428,394.16727757366954,455.26613624433486,454.3695536912995,454.7619278105432,0.0,467.4168175662863,461.73276129000453,455.7695406334043,495.90197926744275,441.1455914003365,463.9233800418148,476.7242325179063,448.2986916575725,447.52300395577623,460.6667657225109,443.48751918092705,487.33551683541924,444.00653385778054,463.7162478621363,490.56458050769845,430.29037208435574,452.70491421282736,422.2776735808612,434.9836640123114,433.87659081034934,460.48316126645153,466.7767086142047,406.5500781443122,477.1121529798888,427.8828136846095,509.3321382520041,476.81838236680807,415.1496943848777,451.6515568675937,433.1876230107465,482.1722843719914,452.2628933213931,465.52793882471724,423.2670322180015,422.2209107797754,508.74930992342513,425.5078392196137,454.34061163095424,464.68975564140743,437.048386753576,454.2005222622518,416.2888193246742,424.08955188893475,423.65817962333944,435.8959805129525,470.6197646688744,430.5819963667384,458.29494620418694,450.9207975934889,518.1006424920994,416.8809309467867,420.63364985935743,423.71343245513424,446.74222708180105,448.33624692711703,446.3759167415926,420.01269708578917,452.05725670564294,444.85128886454714,457.10282272921074,434.7113296949893,454.15658740689855,450.0750205141548,425.27111378538194,417.6656831361,446.8323524547211,442.21494613225303,415.17027818984184,446.9681413085999,418.7651796173746,423.9408356309574,447.1094508586802,481.56719737249165,425.42881509686947
