,square,rectangle,parallelogram,losange,isoTrapezoid,kite,rightKite,rustedHinge,hinge,trapezoid,random
square,0.021902449424508984,0.029848202112048694,0.03887271371158803,0.046276581526091945,0.02749022047885544,0.02692228904235912,0.025040139986347625,0.0327373225433229,0.031871528027982474,0.029577684767673723,0.0375415809206301
rectangle,0.0298482021120487,0.023489062621303795,0.03008550976951967,0.038304250925846516,0.03804103448322784,0.032970046988817815,0.03199037108037123,0.031091687377386233,0.028533286401155846,0.03338701966038672,0.042825485808950736
parallelogram,0.03887271371158803,0.03008550976951967,0.02715458118288056,0.03192715201322499,0.0446466221465481,0.04226264281128998,0.039520317992600085,0.03514713235512348,0.032056511790309834,0.03462696602721539,0.04144562599468449
losange,0.046276581526091945,0.038304250925846516,0.03192715201322499,0.028805441765367996,0.048797477660787715,0.04868618192507735,0.04589337292014749,0.0390001042185742,0.036898529945240795,0.03718091711744391,0.038781640298546555
isoTrapezoid,0.02749022047885544,0.03804103448322784,0.0446466221465481,0.048797477660787715,0.02388096096067266,0.029283624760286453,0.027603073313538035,0.03879439245953742,0.038728388796329956,0.031064203562238768,0.03572311730814835
kite,0.02692228904235912,0.032970046988817815,0.04226264281128998,0.04868618192507735,0.029283624760286453,0.02383906786865813,0.026068302239110833,0.038392584952967254,0.03777008433223904,0.03584809073646489,0.042899145034151
rightKite,0.025040139986347625,0.03199037108037123,0.039520317992600085,0.04589337292014748,0.027603073313538038,0.026068302239110826,0.023154518629489546,0.03667020731619558,0.0357564840615178,0.03046268103793578,0.03916672803639651
rustedHinge,0.03273732254332289,0.031091687377386233,0.03514713235512348,0.0390001042185742,0.038794392459537426,0.038392584952967254,0.03667020731619558,0.02516406073177472,0.025835940901797902,0.03450055230599136,0.03838726021108876
hinge,0.031871528027982474,0.028533286401155853,0.032056511790309834,0.036898529945240795,0.03872838879632995,0.03777008433223904,0.0357564840615178,0.025835940901797902,0.02482062310825404,0.03304346044651332,0.0381821249296001
trapezoid,0.02957768476767372,0.03338701966038672,0.03462696602721539,0.03718091711744391,0.031064203562238768,0.03584809073646489,0.03046268103793578,0.03450055230599136,0.03304346044651332,0.024713713686674847,0.030234919235423017
random,0.0375415809206301,0.042825485808950736,0.04144562599468449,0.03878164029854656,0.03572311730814835,0.042899145034151,0.03916672803639651,0.03838726021108876,0.0381821249296001,0.030234919235423017,0.026922498881534827
