,square,rectangle,parallelogram,losange,isoTrapezoid,kite,rightKite,rustedHinge,hinge,trapezoid,random
square,0.06869412059725628,0.08113188997889087,0.08880720180577444,0.09649346908934954,0.0763216377356323,0.07417646137483336,0.07234773083857328,0.08292566766065076,0.08191580570635197,0.07766481123326516,0.08634733102970554
rectangle,0.08113188997889086,0.06965266685014991,0.07783923437592041,0.08597497324905252,0.09097023190292582,0.08381964993762757,0.08284903425526581,0.07820663134695452,0.07488133532033976,0.08409209011676806,0.09274684451342312
parallelogram,0.08880720180577442,0.07783923437592041,0.0730039387457139,0.07996962365774098,0.09476777659725451,0.0913067263306915,0.0884722807403595,0.08317844891344049,0.07969510820093229,0.08553768348597757,0.09267085702012912
losange,0.09649346908934954,0.08597497324905251,0.07996962365774098,0.07390719079239326,0.0975946328724195,0.0973021871677515,0.09542887469129765,0.08623891625304042,0.08447767278348939,0.08778791268036046,0.08821602837776472
isoTrapezoid,0.0763216377356323,0.09097023190292583,0.09476777659725452,0.0975946328724195,0.07030197356245936,0.07765729803659184,0.07645458004372326,0.09077065885122941,0.09073418828127311,0.07947032809381337,0.08439960175360094
kite,0.07417646137483336,0.08381964993762758,0.09130672633069149,0.0973021871677515,0.07765729803659184,0.07016346832268815,0.07332855657964225,0.08802743955139081,0.0872502780552962,0.08301127003630647,0.09003270302423759
rightKite,0.07234773083857328,0.08284903425526581,0.0884722807403595,0.09542887469129764,0.07645458004372326,0.07332855657964227,0.06961821463593251,0.08601775864699972,0.0849882370814172,0.07792495435105992,0.08791005230645388
rustedHinge,0.08292566766065076,0.07820663134695452,0.08317844891344049,0.08623891625304042,0.09077065885122941,0.08802743955139082,0.08601775864699972,0.07200509153155996,0.07270246910101658,0.08493420839564421,0.08879440762496985
hinge,0.08191580570635197,0.07488133532033976,0.07969510820093229,0.08447767278348939,0.09073418828127311,0.0872502780552962,0.0849882370814172,0.07270246910101658,0.07094277288975094,0.08352868088227378,0.08881184592582887
trapezoid,0.07766481123326516,0.08409209011676806,0.0855376834859776,0.08778791268036046,0.07947032809381337,0.08301127003630647,0.07792495435105992,0.08493420839564422,0.08352868088227378,0.07095410791457993,0.07941414303420684
random,0.08634733102970556,0.09274684451342312,0.09267085702012912,0.08821602837776472,0.08439960175360094,0.09003270302423759,0.08791005230645388,0.08879440762496983,0.08881184592582889,0.07941414303420684,0.07286702505193254
