,square,rectangle,parallelogram,losange,isoTrapezoid,kite,rightKite,rustedHinge,hinge,trapezoid,random
square,0.05372549286333318,0.06469997003682011,0.17839062350520063,0.2522453873062986,0.2204360277000741,0.17702641374686207,0.18682841524687507,0.24479123122148386,0.21448497984064926,0.2182131738024697,0.2694852634384745
rectangle,0.06469997003682011,0.053287565957174945,0.17516585685486258,0.254093959696669,0.2380487233133929,0.19031446179968325,0.2011517169083269,0.24984175544809198,0.2173161672612596,0.2302692877332732,0.2812265784889523
parallelogram,0.17839062350520063,0.17516585685486258,0.11878317725357906,0.16547579906770835,0.22436053128971667,0.20188564628444908,0.209235921775318,0.24890791798709963,0.2260372519253875,0.19014005370990317,0.23574318812088957
losange,0.2522453873062986,0.254093959696669,0.16547579906770835,0.13820761502753434,0.24084345894328485,0.2366988982824234,0.2275913755986345,0.24429268902321888,0.23307107522735618,0.2016768451752723,0.21827392251209293
isoTrapezoid,0.2204360277000741,0.2380487233133929,0.22436053128971667,0.24084345894328482,0.1042339695256677,0.1618902472979678,0.14356371446191651,0.22551776578833052,0.21124183296752316,0.17927150191165397,0.18128218729252527
kite,0.17702641374686207,0.19031446179968328,0.20188564628444908,0.2366988982824234,0.1618902472979678,0.10568115339544731,0.12091767650482588,0.21835125857502494,0.19544608080975306,0.19009961296553377,0.2119423992920817
rightKite,0.18682841524687507,0.20115171690832684,0.209235921775318,0.2275913755986345,0.14356371446191651,0.12091767650482588,0.09014375133684996,0.18264829749881928,0.16489461224978186,0.18151770841745996,0.18216640088822342
rustedHinge,0.24479123122148386,0.24984175544809198,0.24890791798709963,0.2442926890232189,0.22551776578833052,0.21835125857502494,0.18264829749881928,0.11736586927362816,0.12096885860758111,0.2437513231333952,0.21238409279355003
hinge,0.21448497984064926,0.2173161672612596,0.2260372519253875,0.23307107522735618,0.21124183296752316,0.19544608080975304,0.16489461224978186,0.12096885860758111,0.10181547315837212,0.22572218315350426,0.20154581312762657
trapezoid,0.21821317380246968,0.2302692877332732,0.19014005370990317,0.20167684517527226,0.17927150191165397,0.19009961296553377,0.18151770841745996,0.2437513231333952,0.22572218315350426,0.13269426083899968,0.17400422790999617
random,0.2694852634384745,0.2812265784889523,0.23574318812088957,0.21827392251209293,0.18128218729252527,0.21194239929208172,0.18216640088822345,0.21238409279355003,0.2015458131276265,0.17400422790999617,0.12274632368123674
