,square,rectangle,parallelogram,losange,isoTrapezoid,kite,rightKite,rustedHinge,hinge,trapezoid,random
square,0.02771812135107747,0.03811670853240379,0.11142338507501656,0.15472308716459088,0.13330102660345994,0.10818807285103182,0.11674559994586246,0.17180115458499143,0.1476045759499919,0.13402010160555752,0.16750028487464913
rectangle,0.03811670853240378,0.0303313662593153,0.11154812925768655,0.1593737379205394,0.1485273020175226,0.12000809604559931,0.12905146387755315,0.17683872902938094,0.15097824213230074,0.1455322666310075,0.1785816431984842
parallelogram,0.11142338507501658,0.11154812925768655,0.07414831075299026,0.10599541127833415,0.13870498832179023,0.12256954172213783,0.13216667480352362,0.18010956768586178,0.15958077685349417,0.12060047667911024,0.1537851877053389
losange,0.15472308716459088,0.15937373792053938,0.10599541127833415,0.08813563403105429,0.14458756551225826,0.13973707111865039,0.13800230480504055,0.17361167621040977,0.16165650883775665,0.1259805924590474,0.13874030817798866
isoTrapezoid,0.13330102660345994,0.1485273020175226,0.13870498832179023,0.14458756551225826,0.056550393569805985,0.08887542642434945,0.07872559922467347,0.14858616303198746,0.13391698716660175,0.0998523799491459,0.09980745726954378
kite,0.10818807285103182,0.12000809604559931,0.12256954172213785,0.13973707111865039,0.08887542642434945,0.05768974184009165,0.06652430419745742,0.14271531671813964,0.12197876090715665,0.10401118714650721,0.11510391488760238
rightKite,0.11674559994586246,0.12905146387755315,0.13216667480352362,0.13800230480504055,0.07872559922467347,0.06652430419745742,0.04921650737215122,0.12025136439908733,0.10452677482972947,0.1027727507680668,0.09977200974637843
rustedHinge,0.17180115458499146,0.17683872902938097,0.1801095676858618,0.17361167621040977,0.14858616303198746,0.14271531671813964,0.12025136439908733,0.08063232995707577,0.0812169738087682,0.1643174821308607,0.14087157158216196
hinge,0.1476045759499919,0.15097824213230074,0.15958077685349417,0.16165650883775665,0.13391698716660175,0.12197876090715665,0.10452677482972947,0.08121697380876819,0.06697821583235908,0.14775503534827286,0.1298318204981578
trapezoid,0.13402010160555755,0.1455322666310075,0.12060047667911024,0.1259805924590474,0.0998523799491459,0.10401118714650721,0.1027727507680668,0.16431748213086067,0.14775503534827286,0.07603311678375133,0.10255522885211608
random,0.16750028487464913,0.1785816431984842,0.1537851877053389,0.13874030817798866,0.09980745726954376,0.11510391488760238,0.09977200974637844,0.14087157158216193,0.1298318204981578,0.10255522885211608,0.06891167987791369
