,square,rectangle,parallelogram,losange,isoTrapezoid,kite,rightKite,rustedHinge,hinge,trapezoid,random
square,0.030529104762982977,0.03944345916892086,0.04917339591801844,0.05429769500821684,0.04282311695277408,0.04039423152526338,0.039594635796402156,0.0455166409508828,0.045775108639893515,0.04497744878447492,0.05630884711276821
rectangle,0.03944345916892085,0.030522431099020413,0.041083877528621936,0.05056521557508538,0.059849670496928645,0.049117569095173924,0.049145555078584584,0.04406578727019554,0.04137000388076148,0.05365016470317836,0.0707557840862794
parallelogram,0.04917339591801844,0.04108387752862194,0.03907839897323845,0.04814022706755313,0.0646863762892232,0.05803178327791117,0.05430747293471368,0.05273837520355612,0.04811381392033622,0.05347344400184554,0.07061236380299951
losange,0.05429769500821684,0.05056521557508538,0.04814022706755313,0.04365854899840908,0.06659861512122993,0.06704034681031022,0.060891490508000565,0.05757711294914902,0.05425476130422342,0.05258595475404616,0.06431823626927254
isoTrapezoid,0.04282311695277408,0.059849670496928645,0.0646863762892232,0.06659861512122993,0.03708839180298217,0.04533002649351558,0.04466760270615872,0.061530808583954086,0.06180280369739951,0.04730315006795336,0.05277680669170929
kite,0.04039423152526338,0.049117569095173924,0.05803178327791117,0.06704034681031022,0.04533002649351558,0.033942816407043205,0.038069749702387246,0.05672985944718287,0.05723243899949675,0.05369754754072096,0.06659722703080616
rightKite,0.039594635796402156,0.049145555078584584,0.05430747293471369,0.06089149050800055,0.04466760270615872,0.038069749702387246,0.034757709193347246,0.05630210372643311,0.05617683546826668,0.04724530114580759,0.061193343507818736
rustedHinge,0.0455166409508828,0.04406578727019554,0.052738375203556107,0.05757711294914902,0.061530808583954086,0.05672985944718287,0.05630210372643311,0.03707260797936365,0.039735737962939145,0.05845355043063515,0.06857385729556505
hinge,0.04577510863989352,0.04137000388076148,0.048113813920336215,0.05425476130422341,0.06180280369739951,0.057232438999496746,0.05617683546826668,0.039735737962939145,0.038697621338944894,0.05618856368342212,0.06794097617580029
trapezoid,0.04497744878447492,0.05365016470317836,0.05347344400184554,0.05258595475404616,0.04730315006795335,0.053697547540720966,0.04724530114580759,0.05845355043063515,0.05618856368342212,0.04000500923434477,0.04911515904090739
random,0.05630884711276821,0.0707557840862794,0.07061236380299951,0.06431823626927255,0.05277680669170929,0.06659722703080616,0.06119334350781872,0.06857385729556505,0.06794097617580029,0.049115159040907394,0.04609470284239713
