,square,rectangle,parallelogram,losange,isoTrapezoid,kite,rightKite,rustedHinge,hinge,trapezoid,random
square,0.45438229772983163,0.49080335409821796,0.5166791521673586,0.5403368513229261,0.47995327135431837,0.4731324458930228,0.46969139322579034,0.49960936596973154,0.49543230913965397,0.48463209997096296,0.5115955808564087
rectangle,0.49080335409821807,0.4573284800054374,0.4878707773924194,0.5142779494982606,0.5210592880887452,0.5009096743484153,0.49783639449061223,0.48697184689553596,0.4764181001074223,0.5035186297487998,0.5316521278909084
parallelogram,0.5166791521673586,0.4878707773924193,0.4771498141284714,0.5022286750011273,0.5358966385703825,0.5266206812068521,0.5184373205008579,0.5063920520489793,0.49541795041721515,0.5136332894318378,0.5372297649283304
losange,0.5403368513229261,0.5142779494982606,0.5022286750011273,0.4861216361773664,0.5459828242501246,0.5459373415313751,0.5400809680350086,0.5169173468666421,0.5109333146216918,0.5215241394376696,0.5266358125853913
isoTrapezoid,0.47995327135431837,0.5210592880887454,0.5358966385703825,0.5459828242501247,0.4619131018135575,0.48486251353359416,0.4823288791994353,0.5237763183454889,0.5226915560071262,0.4926000047201055,0.5093543075858218
kite,0.47313244589302267,0.500909674348415,0.526620681206852,0.5459373415313751,0.4848625135335942,0.4619668847033502,0.4731675117167979,0.5166465046097544,0.5131752662188436,0.5011710880270158,0.5244716793454534
rightKite,0.46969139322579034,0.49783639449061223,0.5184373205008579,0.5400809680350086,0.4823288791994352,0.47316751171679783,0.4619691677908934,0.5109817025570733,0.5067599510556986,0.48841718360024905,0.5188821217203153
rustedHinge,0.49960936596973154,0.48697184689553596,0.5063920520489793,0.5169173468666421,0.5237763183454889,0.5166465046097544,0.5109817025570733,0.47168526933248694,0.47325672595871643,0.5091336017909479,0.5233295212839627
hinge,0.49543230913965397,0.4764181001074223,0.49541795041721515,0.5109333146216918,0.5226915560071262,0.5131752662188437,0.5067599510556986,0.4732567259587165,0.46542630267808366,0.5042209315771906,0.5226149734712254
trapezoid,0.48463209997096296,0.5035186297487998,0.513633289431838,0.5215241394376696,0.4926000047201055,0.5011710880270157,0.48841718360024905,0.5091336017909479,0.5042209315771906,0.46866534416565153,0.49718582096493874
random,0.5115955808564088,0.5316521278909084,0.5372297649283304,0.5266358125853912,0.5093543075858218,0.5244716793454532,0.5188821217203153,0.5233295212839627,0.5226149734712254,0.49718582096493874,0.4788214354599114
