,square,rectangle,parallelogram,losange,isoTrapezoid,kite,rightKite,rustedHinge,hinge,trapezoid,random
square,0.16981972736480122,0.2658906456498333,0.3060076658127208,0.3041285055399056,0.22499791688788556,0.19659539160337586,0.20235978354001727,0.256843138139016,0.26635136492110656,0.2600838285996686,0.309364018861133
rectangle,0.2658906456498333,0.243422935532042,0.2694887321946163,0.2838730013426099,0.3410334477648183,0.2897988583653557,0.28195396025599884,0.3036057670925377,0.29084068983538536,0.32421608753184156,0.38468026536490235
parallelogram,0.3060076658127208,0.2694887321946163,0.20920761293728699,0.21198100676965287,0.3385857436761759,0.32738037076110815,0.29173931054841945,0.33483221019558235,0.3089487416965415,0.2853470072431864,0.3355694929490467
losange,0.3041285055399056,0.28387300134260995,0.21198100676965287,0.19228276558667146,0.31841556640459734,0.32441130552563374,0.2844534460234037,0.3337107536184597,0.30945089987709834,0.25479531996568655,0.30089268921852136
isoTrapezoid,0.22499791688788556,0.34103344776481836,0.3385857436761759,0.31841556640459734,0.17710743225247375,0.21073193611617272,0.2104946249094676,0.3162537671174454,0.3273118839694819,0.2468062251286634,0.2715209822278821
kite,0.19659539160337586,0.2897988583653557,0.32738037076110815,0.32441130552563374,0.21073193611617272,0.16123706765253382,0.1877483558599744,0.2898570772518911,0.30388114109431763,0.28207628346194574,0.32086434730405905
rightKite,0.20235978354001727,0.28195396025599884,0.2917393105484195,0.2844534460234037,0.2104946249094676,0.1877483558599744,0.17217605310212658,0.28746192239033863,0.29417187087623214,0.2418945315070503,0.2990866170482472
rustedHinge,0.25684313813901605,0.3036057670925377,0.33483221019558235,0.3337107536184597,0.3162537671174454,0.28985707725189114,0.2874619223903387,0.23160621791392036,0.2538453679960536,0.3168519933901978,0.3506035950887662
hinge,0.26635136492110656,0.29084068983538536,0.3089487416965415,0.3094508998770983,0.32731188396948185,0.30388114109431763,0.2941718708762322,0.2538453679960536,0.2527001337586161,0.3103025734085818,0.3476804962137433
trapezoid,0.26008382859966866,0.32421608753184156,0.2853470072431864,0.25479531996568655,0.2468062251286634,0.28207628346194574,0.2418945315070503,0.3168519933901978,0.3103025734085818,0.20911432911504213,0.2547519521632401
random,0.309364018861133,0.38468026536490235,0.3355694929490467,0.30089268921852136,0.2715209822278821,0.32086434730405905,0.2990866170482472,0.35060359508876615,0.3476804962137432,0.2547519521632401,0.25325508408223624
