,square,rectangle,parallelogram,losange,isoTrapezoid,kite,rightKite,rustedHinge,hinge,trapezoid,random
square,0.18389242345639203,0.21770115892030997,0.25122036910524287,0.2776130341066132,0.21178564250176998,0.20959979822003752,0.20436147107942884,0.2331158508667135,0.22928267943629196,0.21879944046756244,0.25009483270290206
rectangle,0.21770115892030995,0.18745612875386913,0.21946844526696274,0.2524638207010273,0.2571334235414087,0.2365701617631471,0.23281446930920108,0.22396554329746027,0.21356309251775107,0.23814795116450177,0.2752904558619026
parallelogram,0.25122036910524287,0.21946844526696274,0.19101358386335596,0.21391437701149274,0.2734843681823387,0.2701271234979173,0.2523159384785925,0.2441429080920385,0.23103077320397247,0.23169299329687265,0.26197798511063963
losange,0.2776130341066132,0.25246382070102724,0.2139143770114927,0.18921474050356132,0.28312441122131,0.29032638772057806,0.27271315766007675,0.25649840621461006,0.24968311103834048,0.2344233373159444,0.24463936198354677
isoTrapezoid,0.21178564250176998,0.2571334235414087,0.2734843681823387,0.28312441122131005,0.1880641993453294,0.21621284997695608,0.21152284245314243,0.2638774236471674,0.26320003524834573,0.22025071991725084,0.23742844365532517
kite,0.20959979822003752,0.2365701617631471,0.2701271234979173,0.29032638772057806,0.21621284997695608,0.18807594230167163,0.20119188536349938,0.25651293517122914,0.25485451296156375,0.24424714187745203,0.269177630798413
rightKite,0.20436147107942884,0.23281446930920108,0.2523159384785925,0.27271315766007675,0.21152284245314243,0.20119188536349938,0.18422500135873698,0.25255961884657113,0.2493032440612149,0.21726474839501317,0.2516226449701018
rustedHinge,0.23311585086671355,0.22396554329746024,0.2441429080920385,0.25649840621461006,0.2638774236471673,0.25651293517122914,0.25255961884657113,0.18697087630067458,0.19351124472677483,0.24769382132052686,0.25811909431941454
hinge,0.22928267943629202,0.21356309251775107,0.23103077320397253,0.24968311103834048,0.2632000352483457,0.25485451296156375,0.2493032440612149,0.19351124472677483,0.18924059586363265,0.24192581009617237,0.25683243375390813
trapezoid,0.21879944046756244,0.23814795116450177,0.23169299329687262,0.2344233373159444,0.22025071991725084,0.24424714187745203,0.21726474839501317,0.24769382132052686,0.24192581009617237,0.18735615753519802,0.21264822614644485
random,0.250094832702902,0.2752904558619026,0.26197798511063974,0.24463936198354677,0.23742844365532517,0.26917763079841306,0.2516226449701018,0.25811909431941454,0.25683243375390813,0.21264822614644485,0.19319709081319006
