,square,rectangle,parallelogram,losange,isoTrapezoid,kite,rightKite,rustedHinge,hinge,trapezoid,random
square,0.16723468038217348,0.2546515954900753,0.2954529182203004,0.29216493401962196,0.21421135757422596,0.1869300983990401,0.19105164711575132,0.2490769175966906,0.25522170564986235,0.24831379305136358,0.2968704351398601
rectangle,0.2546515954900753,0.22820953897797663,0.25566997114015094,0.2696462977213421,0.3191154525071916,0.2701217662269574,0.2631438798853655,0.28747931225626067,0.27422812087814646,0.30512523653959567,0.3663355110722877
parallelogram,0.2954529182203004,0.25566997114015094,0.2004253436732346,0.20495849315841852,0.3172837351787703,0.3105879866925833,0.2736313639083922,0.32580234706099914,0.2982945219198136,0.27108153890517944,0.3226335787188306
losange,0.29216493401962196,0.2696462977213421,0.20495849315841852,0.18554980714843355,0.29686180265612616,0.30651722379558766,0.26418618007948014,0.32486494689586726,0.29873428636123006,0.24091590410055813,0.28865447591859744
isoTrapezoid,0.21421135757422602,0.3191154525071916,0.3172837351787703,0.29686180265612616,0.17238197058492868,0.2053790475323566,0.1984999703325793,0.307642883951455,0.31136722561972535,0.2316996237815768,0.2588825474884904
kite,0.1869300983990401,0.2701217662269574,0.3105879866925833,0.30651722379558766,0.2053790475323566,0.154986591090225,0.1780232608024997,0.28060974695920843,0.29009144046094154,0.2682430328787306,0.3079428924992654
rightKite,0.19105164711575132,0.26314387988536553,0.2736313639083922,0.26418618007948014,0.1984999703325793,0.1780232608024997,0.15818156753444299,0.2775085300623985,0.27928881761405583,0.22395999263679536,0.28097108595169323
rustedHinge,0.2490769175966906,0.2874793122562607,0.32580234706099914,0.32486494689586726,0.307642883951455,0.28060974695920843,0.2775085300623985,0.22654542639518338,0.24379075723890087,0.3083766880028024,0.3429096573698925
hinge,0.2552217056498624,0.27422812087814646,0.2982945219198136,0.29873428636123,0.31136722561972535,0.29009144046094154,0.27928881761405583,0.24379075723890092,0.24188873000073197,0.29851478618590727,0.3360839437778934
trapezoid,0.24831379305136356,0.30512523653959567,0.27108153890517944,0.24091590410055813,0.2316996237815768,0.2682430328787306,0.22395999263679542,0.3083766880028024,0.29851478618590727,0.19842102716552473,0.24590309349828865
random,0.2968704351398601,0.3663355110722877,0.3226335787188306,0.2886544759185974,0.2588825474884904,0.3079428924992654,0.28097108595169323,0.34290965736989243,0.3360839437778934,0.2459030934982886,0.24683523889026251
