,square,rectangle,parallelogram,losange,isoTrapezoid,kite,rightKite,rustedHinge,hinge,trapezoid,random
square,0.17867363692585178,0.2185927512786068,0.25743277838277473,0.2840199659551083,0.21260580577493146,0.21112102558934065,0.20598191396030016,0.2388805544860918,0.23508496275531282,0.22311231195383902,0.2608125129709425
rectangle,0.2185927512786068,0.1882453553955259,0.22415789663011584,0.2592396980241157,0.26524198497985707,0.24441746375264978,0.23973588420054573,0.23422842488914758,0.22294724773421068,0.2470302403915845,0.291602733599143
parallelogram,0.2574327783827748,0.22415789663011584,0.19039035480599367,0.2129315366137252,0.28202704346988144,0.28186599579893257,0.25980322213723306,0.25855917739359136,0.24299934618648827,0.23672698827380653,0.27319863309251
losange,0.28401996595510826,0.2592396980241157,0.2129315366137252,0.18763004079942078,0.29012911900489147,0.3010181941144262,0.27815955595442005,0.27215548239495124,0.26250911097992125,0.236786371540117,0.2535696647943395
isoTrapezoid,0.2126058057749314,0.26524198497985707,0.28202704346988144,0.29012911900489147,0.1843817213520291,0.21690028268093467,0.210553834116465,0.2741734120561072,0.2735256352228686,0.2214535283687421,0.24289992999132193
kite,0.21112102558934065,0.24441746375264972,0.28186599579893257,0.3010181941144262,0.21690028268093467,0.18348564582559246,0.19855134455563805,0.26593968191769285,0.26480572348434905,0.25212498912412795,0.28067613994372076
rightKite,0.20598191396030016,0.23973588420054573,0.25980322213723306,0.27815955595442005,0.210553834116465,0.198551344555638,0.17886690235450556,0.2614178979545457,0.25830292580352576,0.21923437247740735,0.25856400551951086
rustedHinge,0.2388805544860918,0.23422842488914758,0.25855917739359136,0.27215548239495124,0.2741734120561072,0.2659396819176929,0.2614178979545456,0.1907012075249011,0.19829406294526852,0.26041083282795835,0.2729312760051685
hinge,0.23508496275531288,0.22294724773421068,0.24299934618648827,0.26250911097992125,0.2735256352228686,0.26480572348434905,0.25830292580352576,0.19829406294526852,0.1936793391917817,0.25353931799526847,0.2702411419921288
trapezoid,0.22311231195383902,0.2470302403915845,0.2367269882738065,0.23678637154011706,0.2214535283687421,0.252124989124128,0.21923437247740732,0.2604108328279584,0.25353931799526847,0.18625868674850726,0.2169934629080002
random,0.2608125129709425,0.291602733599143,0.27319863309251,0.2535696647943395,0.24289992999132187,0.28067613994372087,0.25856400551951086,0.2729312760051685,0.2702411419921288,0.2169934629080002,0.19809727627270957
