,square,rectangle,parallelogram,losange,isoTrapezoid,kite,rightKite,rustedHinge,hinge,trapezoid,random
square,0.16845915099947706,0.26327933606260834,0.30491452231637145,0.30489224885034677,0.22736446845473293,0.2009434337212106,0.20624915306885583,0.259095747719679,0.2687791918990393,0.261505686790804,0.31150637534816566
rectangle,0.26327933606260834,0.2410506835657049,0.26929132552969615,0.2851803145068507,0.34117241638612344,0.2921811534055947,0.28413407420268266,0.30454507816061915,0.29253625167821956,0.3246292571169834,0.3849493598570704
parallelogram,0.3049145223163715,0.26929132552969615,0.20891932762403206,0.21284729381070688,0.3390884972285768,0.3284175422419265,0.29365052180570783,0.3340318119246164,0.3094575586872327,0.28595379772794255,0.3360307405156555
losange,0.30489224885034677,0.2851803145068507,0.21284729381070686,0.19321161771485432,0.32039567231532945,0.326645112241124,0.2878690281989718,0.333659473421883,0.31082608043905835,0.2569362500054473,0.30243704453356135
isoTrapezoid,0.22736446845473293,0.34117241638612344,0.33908849722857676,0.3203956723153295,0.17760476276654244,0.21233736547397963,0.21231378125547398,0.3153722112316217,0.3270321970377046,0.24755960578171338,0.27265583554686373
kite,0.2009434337212106,0.2921811534055947,0.3284175422419265,0.326645112241124,0.21233736547397963,0.16315414062593903,0.1896392439022528,0.2902918133963835,0.3043941766754613,0.2832345750771001,0.32187039781634097
rightKite,0.20624915306885583,0.28413407420268266,0.29365052180570783,0.2878690281989718,0.21231378125547398,0.1896392439022528,0.17402882094779748,0.2874312874277176,0.2945711807471687,0.2437827530264786,0.300329133892351
rustedHinge,0.2590957477196791,0.30454507816061915,0.3340318119246164,0.33365947342188296,0.3153722112316217,0.2902918133963835,0.2874312874277176,0.23040784654298244,0.2530135451968449,0.3160425738861191,0.34886382797416693
hinge,0.26877919189903937,0.29253625167821956,0.3094575586872327,0.31082608043905835,0.3270321970377046,0.30439417667546126,0.2945711807471687,0.2530135451968448,0.2520070658635143,0.3101887950202848,0.3466690532537824
trapezoid,0.261505686790804,0.32462925711698337,0.28595379772794255,0.2569362500054473,0.24755960578171332,0.28323457507710004,0.24378275302647856,0.3160425738861191,0.3101887950202848,0.20916539305748638,0.2547551657541982
random,0.31150637534816566,0.38494935985707046,0.3360307405156555,0.3024370445335613,0.2726558355468638,0.3218703978163409,0.3003291338923511,0.34886382797416693,0.3466690532537824,0.2547551657541982,0.25207554709747887
