,square,rectangle,parallelogram,losange,isoTrapezoid,kite,rightKite,rustedHinge,hinge,trapezoid,random
square,0.16420896540651675,0.24136403928102612,0.2839091881334666,0.2861237308200902,0.20865699267822127,0.18763424909173598,0.18961119224587294,0.24465714492501442,0.24719885783284948,0.23810995495496365,0.2864691279694368
rectangle,0.24136403928102612,0.21365656444968514,0.2448510236631515,0.2626794283816294,0.30116825445278284,0.2591541876159243,0.25316480212665227,0.2725026185756717,0.25946844367786975,0.287396497131187,0.34736607895606714
parallelogram,0.2839091881334666,0.2448510236631515,0.19463629734836788,0.2027485843021628,0.30339155032633763,0.3007365168787525,0.2659622047227322,0.31088693353067604,0.2853856252749763,0.25951123920897057,0.30986895259716907
losange,0.28612373082009024,0.2626794283816294,0.2027485843021628,0.18270959924702943,0.28822294058811215,0.30052391122756544,0.2605248229408518,0.31400203631034246,0.2902442354874201,0.2352758949601495,0.27910504606244274
isoTrapezoid,0.20865699267822127,0.30116825445278284,0.3033915503263376,0.28822294058811215,0.1703754103990438,0.20374277102741542,0.19416255060123902,0.2981363058487644,0.2982746805412682,0.22234011821010397,0.2507641229974628
kite,0.18763424909173596,0.2591541876159243,0.3007365168787525,0.3005239112275655,0.20374277102741542,0.15493502405480855,0.17562950771026067,0.27429346268163957,0.27967469228785785,0.25949718808923056,0.29848442665383784
rightKite,0.18961119224587294,0.2531648021266523,0.26596220472273224,0.2605248229408518,0.19416255060123902,0.1756295077102607,0.1540305353695674,0.2710523557464522,0.2700614893445885,0.21506769091416555,0.2699655471653787
rustedHinge,0.24465714492501447,0.2725026185756717,0.31088693353067604,0.31400203631034246,0.2981363058487644,0.27429346268163957,0.2710523557464522,0.2176609520939549,0.231007065559619,0.2976428084764117,0.3287778226552696
hinge,0.24719885783284948,0.25946844367786975,0.28538562527497635,0.2902442354874201,0.2982746805412682,0.27967469228785785,0.2700614893445885,0.231007065559619,0.2277557115480648,0.2867004645682241,0.32085811422153643
trapezoid,0.23810995495496365,0.287396497131187,0.25951123920897057,0.2352758949601495,0.22234011821010394,0.25949718808923056,0.21506769091416555,0.2976428084764118,0.2867004645682241,0.19026833824255043,0.2367116184371333
random,0.2864691279694368,0.3473660789560671,0.30986895259716907,0.27910504606244274,0.2507641229974628,0.29848442665383784,0.2699655471653786,0.3287778226552696,0.32085811422153643,0.2367116184371333,0.23487929709213057
