,square,rectangle,parallelogram,losange,isoTrapezoid,kite,rightKite,rustedHinge,hinge,trapezoid,random
square,0.1709410327808918,0.2663803764286898,0.30642274343125353,0.30369183143994327,0.22438937630859873,0.19473747757362486,0.20046713675439864,0.2559432892291856,0.26512257572010123,0.25990328962382764,0.30875186035535396
rectangle,0.2663803764286898,0.24298821071184315,0.26870258755779275,0.2826873321249455,0.33971329399855743,0.2872265862996939,0.2794792461572998,0.30196958897965387,0.2889210714380335,0.3232854758763466,0.3839178343588404
parallelogram,0.30642274343125353,0.26870258755779275,0.20861303747688287,0.2114241047655731,0.33679220172646723,0.32542952378317747,0.28905488911704935,0.33529110206978785,0.3085178309086517,0.28444959460535224,0.335114010167595
losange,0.30369183143994327,0.28268733212494546,0.2114241047655731,0.19172910405209753,0.315885732394877,0.32183085156836283,0.28086379175426873,0.3338871752335334,0.3087137074875708,0.253173481446187,0.3000764309546029
isoTrapezoid,0.2243893763085988,0.33971329399855743,0.33679220172646723,0.315885732394877,0.17744234071926476,0.21060054569798348,0.20928659889867487,0.3162477497054317,0.3261428066691203,0.245765908940981,0.2704729163538922
kite,0.1947374775736249,0.2872265862996939,0.32542952378317747,0.32183085156836283,0.21060054569798345,0.16034353173739277,0.18640726153392392,0.288767569729811,0.30231460859246084,0.2809622575445039,0.3197705914229555
rightKite,0.20046713675439864,0.27947924615729974,0.28905488911704935,0.28086379175426873,0.20928659889867487,0.18640726153392392,0.17005970324286587,0.286252435988434,0.29215978268485243,0.2396255540385245,0.2968936165004319
rustedHinge,0.2559432892291856,0.30196958897965387,0.33529110206978785,0.3338871752335334,0.3162477497054317,0.288767569729811,0.2862524359884339,0.23185168278858626,0.2535347586528809,0.3168351458073057,0.35134499794381785
hinge,0.26512257572010123,0.2889210714380335,0.3085178309086517,0.3087137074875708,0.3261428066691203,0.30231460859246084,0.29215978268485243,0.2535347586528809,0.25239912727977765,0.30971215355561127,0.3477647395040458
trapezoid,0.25990328962382764,0.3232854758763466,0.28444959460535224,0.253173481446187,0.245765908940981,0.2809622575445039,0.23962555403852456,0.31683514580730565,0.30971215355561127,0.20845387117407832,0.25455197085837467
random,0.30875186035535396,0.3839178343588404,0.33511401016759507,0.3000764309546029,0.2704729163538922,0.3197705914229555,0.2968936165004319,0.3513449979438178,0.3477647395040458,0.25455197085837467,0.2539820940563565
