,square,rectangle,parallelogram,losange,isoTrapezoid,kite,rightKite,rustedHinge,hinge,trapezoid,random
square,0.17070462322184024,0.2655662596255112,0.3053718042931178,0.30208240784070967,0.222721483555506,0.19266206283349538,0.19831326006885713,0.2544590291710547,0.26330590793342473,0.25827521083578436,0.3067164876832437
rectangle,0.2655662596255112,0.24184366229371518,0.2672495842882091,0.28088711524800747,0.33728079513053266,0.2845548380639312,0.2768873837523973,0.2999463393736519,0.28675612832549335,0.3211577764638295,0.38165446694312294
parallelogram,0.3053718042931178,0.26724958428820916,0.20759525712692234,0.21038317058560813,0.3343204124724668,0.3233257554980462,0.28665718385746497,0.334374633816062,0.3071937231038708,0.2827681561928087,0.3334542983821243
losange,0.30208240784070967,0.28088711524800747,0.21038317058560813,0.1907640090500394,0.31298997859741856,0.31930354239171926,0.2778925858402879,0.33281574879159154,0.3071749502497572,0.2512018120972594,0.29836478878677436
isoTrapezoid,0.22272148355550603,0.33728079513053266,0.3343204124724668,0.31298997859741856,0.17663328250694355,0.20954163510090232,0.20755356643006034,0.31518892212640376,0.32420134593661476,0.2438885821786365,0.2685725673029361
kite,0.19266206283349535,0.2845548380639312,0.3233257554980462,0.31930354239171926,0.20954163510090232,0.15914101150654927,0.18485112974223544,0.28734615096769045,0.3004515017829674,0.2790081829766564,0.3177506379145711
rightKite,0.19831326006885713,0.27688738375239735,0.28665718385746497,0.2778925858402879,0.20755356643006034,0.18485112974223544,0.1680645598204625,0.28484549745019666,0.2901983745628847,0.2372094279081082,0.29438606268715195
rustedHinge,0.25445902917105473,0.2999463393736519,0.334374633816062,0.33281574879159154,0.3151889221264037,0.28734615096769045,0.28484549745019666,0.23147939171180248,0.2526109994757466,0.31577146509866494,0.35053166608566544
hinge,0.26330590793342473,0.28675612832549335,0.3071937231038707,0.3071749502497572,0.32420134593661476,0.3004515017829674,0.2901983745628847,0.2526109994757466,0.2514172864391658,0.30822680273421055,0.34642184735358617
trapezoid,0.25827521083578436,0.3211577764638295,0.2827681561928087,0.2512018120972594,0.2438885821786365,0.27900818297665647,0.2372094279081082,0.31577146509866494,0.30822680273421055,0.20722493297690306,0.2534094285128321
random,0.3067164876832437,0.381654466943123,0.3334542983821243,0.29836478878677436,0.26857256730293605,0.31775063791457114,0.29438606268715195,0.35053166608566544,0.34642184735358617,0.25340942851283205,0.25334154683867544
