,square,rectangle,parallelogram,losange,isoTrapezoid,kite,rightKite,rustedHinge,hinge,trapezoid,random
square,0.3213331461956542,0.3570975054120488,0.3849679972428587,0.41118414057750474,0.34569850851196704,0.3388694685507903,0.3356889690296734,0.3675739006236023,0.3622767843908469,0.35242033050678934,0.37930490731964994
rectangle,0.3570975054120489,0.3232873113388954,0.35473638083232995,0.38371521266523567,0.3886139816965293,0.3669246870531435,0.365156552059384,0.3542346259352868,0.3423964680810175,0.37161882319205947,0.39968688291902266
parallelogram,0.38496799724285863,0.35473638083232995,0.3413197435529525,0.3692450350715638,0.40426720753138223,0.39523451534072174,0.3864520485723191,0.37516438142209585,0.3625462545271192,0.38037492062883116,0.4045652298855053
losange,0.41118414057750474,0.38371521266523567,0.3692450350715638,0.3505409254342063,0.4157694160706536,0.4165011003828594,0.4106745162027762,0.38612607546814853,0.37955987631386073,0.38882930751593847,0.39292135625962343
isoTrapezoid,0.34569850851196704,0.38861398169652933,0.40426720753138234,0.4157694160706536,0.3264438402150531,0.3496138177201976,0.3481366933841777,0.39293968731954315,0.3906131187151331,0.35865713142303635,0.37564514121430914
kite,0.3388694685507903,0.3669246870531435,0.3952345153407216,0.4165011003828595,0.3496138177201976,0.3251967997473013,0.3378973015051969,0.3846138215194613,0.3804186451036914,0.3693042599284985,0.39281134523655525
rightKite,0.3356889690296734,0.365156552059384,0.386452048572319,0.4106745162027761,0.34813669338417774,0.3378973015051969,0.3270374244669494,0.3803263658098462,0.3750786522883827,0.35529277066332415,0.3871593731402249
rustedHinge,0.3675739006236023,0.3542346259352868,0.37516438142209585,0.38612607546814853,0.3929396873195431,0.38461382151946133,0.3803263658098462,0.3365874060523577,0.33768052091077727,0.378705103772856,0.3910000684393043
hinge,0.3622767843908469,0.3423964680810175,0.3625462545271192,0.3795598763138607,0.3906131187151331,0.3804186451036914,0.3750786522883827,0.3376805209107772,0.32993792178968995,0.37256556441405064,0.38967368437133104
trapezoid,0.3524203305067894,0.37161882319205947,0.3803749206288311,0.38882930751593847,0.35865713142303635,0.3693042599284985,0.35529277066332415,0.378705103772856,0.3725655644140506,0.33388976277733445,0.36207933634122696
random,0.37930490731964994,0.39968688291902266,0.40456522988550525,0.39292135625962343,0.3756451412143091,0.39281134523655525,0.3871593731402249,0.39100006843930424,0.3896736843713311,0.36207933634122696,0.3414912475645998
