,square,rectangle,parallelogram,losange,isoTrapezoid,kite,rightKite,rustedHinge,hinge,trapezoid,random
square,0.4833277940037468,0.5130206551111697,0.5337613991626384,0.5525752865173393,0.5048735475000151,0.49963313567021267,0.4970156716955909,0.5196448041423298,0.5166603535675237,0.5084212257109679,0.5303935050975547
rectangle,0.5130206551111697,0.4855101887432758,0.5110749080410351,0.5321648001739411,0.5365798511276733,0.5213142210660059,0.5184532943039911,0.509635244845309,0.5016147593547546,0.5231434448738087,0.5461805826918117
parallelogram,0.5337613991626385,0.5110749080410351,0.5041953407487615,0.5245108288855176,0.549161555089049,0.5416481611498241,0.5355734561809227,0.5257384482157366,0.5175245429610241,0.5325102652203275,0.5516699702921509
losange,0.5525752865173393,0.5321648001739411,0.5245108288855176,0.5130312311686301,0.5574120884065058,0.5572387814019235,0.5527482299064441,0.5348486967507154,0.530253049545484,0.5391260993063229,0.5442397589463461
isoTrapezoid,0.5048735475000151,0.5365798511276733,0.549161555089049,0.5574120884065058,0.4901796748674665,0.5092541803557298,0.5069031474391283,0.5384709278785249,0.5379762393592513,0.5153153980173552,0.5288030426252034
kite,0.4996331356702127,0.521314221066006,0.5416481611498241,0.5572387814019235,0.5092541803557298,0.4916078132413755,0.5003885303327331,0.5334146548792484,0.5308181199421677,0.5219144561179941,0.5407407176245733
rightKite,0.49701567169559085,0.5184532943039912,0.5355734561809227,0.5527482299064441,0.5069031474391283,0.500388530332733,0.49087133377431547,0.5285986663258425,0.5255504418458118,0.5121075885734857,0.5363642495722551
rustedHinge,0.5196448041423297,0.509635244845309,0.5257384482157366,0.5348486967507153,0.5384709278785249,0.5334146548792484,0.5285986663258425,0.49796848068447913,0.49985325161989497,0.5273858280687067,0.5399453205097794
hinge,0.5166603535675237,0.5016147593547546,0.5175245429610242,0.530253049545484,0.5379762393592513,0.5308181199421677,0.5255504418458118,0.49985325161989486,0.4931266614174213,0.5239080798062722,0.5395509520787742
trapezoid,0.5084212257109679,0.5231434448738087,0.5325102652203276,0.5391260993063229,0.5153153980173552,0.5219144561179941,0.5121075885734857,0.5273858280687067,0.5239080798062723,0.4968688551280766,0.5204458005693245
random,0.5303935050975547,0.5461805826918117,0.5516699702921509,0.5442397589463461,0.5288030426252033,0.5407407176245733,0.5363642495722551,0.5399453205097794,0.5395509520787742,0.5204458005693245,0.5066949879413846
