,square,rectangle,parallelogram,losange,isoTrapezoid,kite,rightKite,rustedHinge,hinge,trapezoid,random
square,0.18835346176276072,0.21999275907014113,0.247746450016972,0.27168199743337523,0.21162988384103276,0.20775494747980297,0.20283799818558998,0.2302015567128974,0.22683534379430495,0.21723401661927216,0.24368818563760905
rectangle,0.21999275907014113,0.18990071848437523,0.21729391531504352,0.2461353337323981,0.2536425661770842,0.23256636283985285,0.22941318404792344,0.21941089981519302,0.20993604972270552,0.23475380433685786,0.2662292151507021
parallelogram,0.247746450016972,0.21729391531504358,0.19275249992946422,0.2146022924550275,0.2669890409541124,0.26087971883439326,0.24660490188566253,0.23628171632211944,0.22512251037832803,0.23045536913333908,0.25633426757361966
losange,0.27168199743337523,0.24613533373239804,0.2146022924550275,0.19196527123498863,0.27602736610541395,0.27976958420148496,0.26634981144561687,0.24687842374217017,0.24164516982510337,0.23369656065580743,0.24073621372119844
isoTrapezoid,0.21162988384103276,0.2536425661770842,0.2669890409541124,0.27602736610541395,0.19010409137600917,0.21456860718747367,0.21068026408475465,0.2573342767821695,0.2568263472715402,0.21909145049306858,0.23338103139627378
kite,0.20775494747980297,0.23256636283985285,0.2608797188343933,0.279769584201485,0.21456860718747373,0.1901467227102896,0.2018000702296857,0.24958457157629307,0.24801456606626313,0.23756432291532698,0.2600161553069225
rightKite,0.20283799818558998,0.22941318404792344,0.24660490188566253,0.26634981144561687,0.2106802640847547,0.20180007022968566,0.1871281343598686,0.24572982119064773,0.24283677542270043,0.2151776289654273,0.24615197912865036
rustedHinge,0.2302015567128974,0.21941089981519302,0.23628171632211944,0.24687842374217017,0.2573342767821695,0.24958457157629307,0.24572982119064773,0.18901080316351873,0.19464209228945162,0.24074653932624301,0.2510653251587371
hinge,0.22683534379430495,0.20993604972270555,0.22512251037832803,0.24164516982510337,0.25682634727154025,0.24801456606626313,0.24283677542270043,0.19464209228945165,0.19072824645610756,0.23592063075463202,0.25077497820333994
trapezoid,0.21723401661927216,0.2347538043368579,0.23045536913333908,0.23369656065580743,0.21909145049306858,0.23756432291532698,0.21517762896542725,0.240746539326243,0.23592063075463202,0.18944001197596988,0.21175813683756844
random,0.24368818563760905,0.266229215150702,0.25633426757361966,0.2407362137211984,0.23338103139627372,0.2600161553069225,0.2461519791286504,0.25106532515873703,0.25077497820333994,0.2117581368375684,0.19350396170801698
