,square,rectangle,parallelogram,losange,isoTrapezoid,kite,rightKite,rustedHinge,hinge,trapezoid,random
square,0.16989099000176497,0.2657187866106035,0.30629390799556033,0.30498536100063767,0.2263462511190825,0.19827396664434171,0.2040320256208759,0.2581094018417555,0.26776120203633197,0.2612493238230388,0.3107794936889509
rectangle,0.26571878661060355,0.24322984357086566,0.26988864349159747,0.2847484238886077,0.34209240565780086,0.29116729573599137,0.28333121523412647,0.3045788465032345,0.2920086392880371,0.32524677613569264,0.3857314686893859
parallelogram,0.30629390799556033,0.2698886434915974,0.2095582725343488,0.2126558430878299,0.33979198960656337,0.3286378730685384,0.29321231598678577,0.33564006897025583,0.31003702423033663,0.2864114064960671,0.3367080454555909
losange,0.3049853610006376,0.2847484238886077,0.2126558430878299,0.19295259309228646,0.3200299978183547,0.32606596726144305,0.2864000876069513,0.3347266999889021,0.31080035478210394,0.2561925638285079,0.30224323039657586
isoTrapezoid,0.22634625111908244,0.34209240565780086,0.33979198960656337,0.3200299978183547,0.17773853930294412,0.21178678808792564,0.21168495268523344,0.31695240257640706,0.3282479713602475,0.24782701409887717,0.27267139186831
kite,0.19827396664434171,0.29116729573599137,0.3286378730685385,0.32606596726144305,0.21178678808792564,0.16215732512240427,0.18880263799956593,0.2908297221357894,0.30493677757299303,0.2833361435778555,0.32210835327734644
rightKite,0.2040320256208759,0.28333121523412647,0.29321231598678577,0.2864000876069513,0.21168495268523338,0.18880263799956593,0.17324351747595565,0.2883349007087528,0.2951973048812892,0.24332892061195752,0.30043648560903186
rustedHinge,0.2581094018417555,0.3045788465032346,0.3356400689702559,0.33472669998890214,0.31695240257640706,0.2908297221357894,0.2883349007087528,0.23187044287418607,0.2543145116087386,0.31760164943316366,0.35114123878545794
hinge,0.26776120203633197,0.2920086392880371,0.31003702423033663,0.31080035478210394,0.3282479713602475,0.3049367775729931,0.2951973048812892,0.2543145116087385,0.25322458830439437,0.31126913740575873,0.3484433641849189
trapezoid,0.2612493238230388,0.32524677613569264,0.2864114064960671,0.25619256382850786,0.24782701409887717,0.2833361435778555,0.24332892061195752,0.31760164943316366,0.31126913740575873,0.20985081082041976,0.2555924652841354
random,0.3107794936889509,0.3857314686893859,0.33670804545559097,0.30224323039657586,0.27267139186831,0.32210835327734644,0.3004364856090319,0.35114123878545794,0.3484433641849189,0.2555924652841354,0.25368056139766065
