,square,rectangle,parallelogram,losange,isoTrapezoid,kite,rightKite,rustedHinge,hinge,trapezoid,random
square,0.1651638931806526,0.24786620811455837,0.28977401923710727,0.2885423272921383,0.21112541143793376,0.18653778701189713,0.18960292601177756,0.24670173356140598,0.2510790690666507,0.24313752083521298,0.29168867291880946
rectangle,0.24786620811455837,0.22067986846685553,0.249993036247159,0.265453138547878,0.3101361004262949,0.2641246738209984,0.25752442526457936,0.28017911881296753,0.2669708411635935,0.29626087913622345,0.3571109063113301
parallelogram,0.2897740192371072,0.249993036247159,0.19716982436419425,0.203291353025795,0.30994245657986597,0.3051861109685718,0.26898934181822565,0.3190239981904393,0.2921934578477494,0.2651615224946649,0.3163309617363584
losange,0.2885423272921383,0.265453138547878,0.203291353025795,0.18373547592790232,0.29161242736389814,0.30267065844172597,0.26102882536925615,0.31979800358954114,0.2944138878137985,0.23741958206032165,0.28374693557506264
isoTrapezoid,0.21112541143793376,0.3101361004262949,0.30994245657986597,0.29161242736389814,0.1710603597037754,0.20420046934250766,0.19562221724995787,0.3030998081772223,0.3046651676458008,0.22652032168848035,0.2544953124169582
kite,0.18653778701189716,0.2641246738209984,0.3051861109685718,0.30267065844172597,0.20420046934250763,0.15426258367431298,0.17608450403418924,0.27732059453026775,0.2846483372885868,0.2635162021063356,0.30302032041787863
rightKite,0.18960292601177756,0.25752442526457936,0.26898934181822565,0.2610288253692561,0.19562221724995787,0.17608450403418927,0.15521951346991847,0.27407930608163106,0.27420238436594635,0.21884574328935238,0.27496880526469264
rustedHinge,0.24670173356140598,0.2801791188129675,0.3190239981904393,0.31979800358954114,0.3030998081772223,0.27732059453026775,0.27407930608163106,0.2225963013750241,0.2377499094944282,0.3033586265440815,0.3367398640753609
hinge,0.2510790690666507,0.2669708411635935,0.2921934578477494,0.2944138878137985,0.30466516764580076,0.2846483372885868,0.27420238436594635,0.2377499094944282,0.23513195295931458,0.29263296893343477,0.3289890966485073
trapezoid,0.243137520835213,0.29626087913622345,0.2651615224946649,0.23741958206032165,0.22652032168848035,0.2635162021063356,0.21884574328935244,0.30335862654408147,0.29263296893343477,0.19395522028302592,0.24123452588175606
random,0.29168867291880946,0.3571109063113301,0.3163309617363584,0.28374693557506264,0.2544953124169582,0.30302032041787863,0.27496880526469264,0.3367398640753609,0.3289890966485073,0.24123452588175612,0.24133650235547452
