,square,rectangle,parallelogram,losange,isoTrapezoid,kite,rightKite,rustedHinge,hinge,trapezoid,random
square,0.17000428876924611,0.26274895210937904,0.30297403198791767,0.2990753361889703,0.21981794853485875,0.19014473317510575,0.1953280331024773,0.25272758593043876,0.2607421505522313,0.25529345313402846,0.30368444589541527
rectangle,0.26274895210937904,0.23778708754633288,0.2637687560678981,0.27715480842295387,0.33152971122503244,0.279626867856011,0.2720965057853282,0.2962296121295186,0.28286528581540527,0.3163119527355931,0.3772289274306365
parallelogram,0.30297403198791767,0.2637687560678982,0.2054176941104996,0.2085808195702754,0.3286019278998634,0.319215197763255,0.2820292810708423,0.3327287336158274,0.30491849420498873,0.27912735071095524,0.3304513977978737
losange,0.2990753361889703,0.27715480842295387,0.2085808195702755,0.18904834271265464,0.30707607983843854,0.3147877441572151,0.27249787843210077,0.331007187190321,0.3046425105602537,0.24744589282847482,0.2954563617925313
isoTrapezoid,0.21981794853485875,0.3315297112250324,0.3286019278998634,0.30707607983843854,0.17523922652327134,0.20817245335885876,0.20433688093816418,0.3131865587488929,0.3201956390057331,0.2398103735309916,0.265344906656635
kite,0.19014473317510577,0.279626867856011,0.319215197763255,0.31478774415721517,0.20817245335885876,0.15762335793408705,0.18240055979431422,0.28531570903781045,0.2972805578801842,0.2755547946139516,0.3146550618128384
rightKite,0.1953280331024773,0.27209650578532824,0.2820292810708423,0.27249787843210077,0.20433688093816418,0.18240055979431422,0.16442258170264265,0.2825458933593427,0.28658766897641236,0.23258279226923922,0.28982518918536
rustedHinge,0.25272758593043876,0.2962296121295186,0.33272873361582744,0.331007187190321,0.31318655874889284,0.2853157090378104,0.2825458933593427,0.23040390312312986,0.25029488573160574,0.3139980484702188,0.3490191900691696
hinge,0.2607421505522313,0.28286528581540527,0.30491849420498873,0.30464251056025365,0.3201956390057331,0.2972805578801842,0.28658766897641236,0.25029488573160574,0.24895865913614318,0.30547994054931016,0.3437666692504325
trapezoid,0.25529345313402846,0.3163119527355931,0.27912735071095524,0.2474458928284748,0.2398103735309916,0.2755547946139516,0.23258279226923922,0.3139980484702188,0.30547994054931016,0.20450861552627222,0.2514338925129448
random,0.30368444589541527,0.3772289274306366,0.3304513977978737,0.2954563617925313,0.265344906656635,0.3146550618128385,0.28982518918536,0.3490191900691696,0.3437666692504325,0.25143389251294485,0.2521859701461852
