,square,rectangle,parallelogram,losange,isoTrapezoid,kite,rightKite,rustedHinge,hinge,trapezoid,random
square,0.17525999644692644,0.22233404316797642,0.2643104477516989,0.2880993448772739,0.2130423498795919,0.20962976284267487,0.20540249969624727,0.24215299153954536,0.23902714434915426,0.22730000427299082,0.2688351708381195
rectangle,0.22233404316797642,0.1921636860804211,0.2297630500369457,0.2637240124886489,0.27364149137067184,0.2504606749189269,0.24518052259541695,0.242635479506579,0.23093835945733762,0.2564153660658103,0.30579170761259294
parallelogram,0.2643104477516989,0.2297630500369457,0.19315155975647008,0.2144015200839079,0.28988107982084516,0.29121717125037905,0.2658024529632864,0.2716853898244789,0.2541843684526491,0.24390331233920806,0.28481350142124345
losange,0.2880993448772739,0.2637240124886489,0.2144015200839079,0.18971352664911975,0.29464349095275705,0.30772650098135645,0.2807195915312339,0.2850184425664398,0.2728190110692021,0.24031716041055964,0.26315670527403884
isoTrapezoid,0.2130423498795919,0.2736414913706718,0.28988107982084516,0.294643490952757,0.1823102916143706,0.21666762793650327,0.20925977004968893,0.28193302149384614,0.28129382144539444,0.22314316517473445,0.24730901939292932
kite,0.20962976284267487,0.2504606749189269,0.29121717125037905,0.30772650098135645,0.21666762793650327,0.17916306123449705,0.19580975497748287,0.27116144764563155,0.27068000939811887,0.2572607114558302,0.2881175247451754
rightKite,0.20540249969624727,0.24518052259541695,0.2658024529632864,0.2807195915312338,0.20925977004968893,0.19580975497748287,0.174719276071475,0.2665029738079461,0.263435559379085,0.22064231640731452,0.26368777047338765
rustedHinge,0.2421529915395453,0.242635479506579,0.2716853898244789,0.2850184425664398,0.28193302149384614,0.27116144764563155,0.26650297380794613,0.19610642086800864,0.2044781615347098,0.2709520579382558,0.2868506050188174
hinge,0.23902714434915429,0.23093835945733762,0.2541843684526491,0.2728190110692021,0.28129382144539444,0.27068000939811887,0.263435559379085,0.20447816153470985,0.19954207623860465,0.2631402221214079,0.2828569603808002
trapezoid,0.22730000427299082,0.2564153660658103,0.24390331233920806,0.24031716041055964,0.22314316517473445,0.2572607114558301,0.22064231640731452,0.2709520579382558,0.2631402221214079,0.1875330688789403,0.22273738553789282
random,0.2688351708381195,0.305791707612593,0.2848135014212434,0.2631567052740388,0.24730901939292932,0.2881175247451754,0.26368777047338765,0.2868506050188174,0.2828569603808002,0.22273738553789282,0.2059754199442187
