,square,rectangle,parallelogram,losange,isoTrapezoid,kite,rightKite,rustedHinge,hinge,trapezoid,random
square,0.16917049088528552,0.22744730175951589,0.2705093011782109,0.2861373597809019,0.20957988704698177,0.20015876845092914,0.198091844133019,0.24212843209625398,0.24079606784617774,0.22951281224097564,0.2738931865739714
rectangle,0.22744730175951589,0.19821772799698453,0.23432760503190017,0.2622882176300167,0.28180016760024185,0.25221039106344734,0.2467289431564336,0.25230161849188304,0.24012761515588057,0.26618819040561753,0.3199426994864514
parallelogram,0.270509301178211,0.23432760503190017,0.1919446995513798,0.20807065592796792,0.29273610020448315,0.2939101378635326,0.26450462866743124,0.2858090150623526,0.265329083131959,0.24784830915424785,0.29263306700765107
losange,0.2861373597809019,0.2622882176300167,0.20807065592796792,0.18534082226165122,0.2899672647417445,0.3040474291692826,0.2716093348751444,0.2961573197480827,0.27951096708558515,0.23672746822987942,0.2680055076820197
isoTrapezoid,0.20957988704698183,0.28180016760024185,0.29273610020448315,0.2899672647417445,0.1754142931205987,0.20958754848463826,0.20078061458938928,0.2864822464548962,0.28592068175936153,0.22004181303540524,0.24610539780164153
kite,0.20015876845092914,0.25221039106344734,0.2939101378635326,0.3040474291692826,0.20958754848463818,0.16793685721545015,0.18598229010485923,0.271159745037838,0.2726873330993144,0.2560570141505364,0.29032073431854455
rightKite,0.19809184413301903,0.2467289431564336,0.2645046286674313,0.2716093348751444,0.2007806145893893,0.18598229010485923,0.16404493475661952,0.2673253017058726,0.2649303956305174,0.21572062273718334,0.2635592135634644
rustedHinge,0.242128432096254,0.252301618491883,0.2858090150623527,0.29615731974808274,0.2864822464548962,0.271159745037838,0.2673253017058726,0.20336312393984263,0.21322305637420413,0.28074396213092034,0.30244573151302584
hinge,0.24079606784617774,0.24012761515588052,0.265329083131959,0.27951096708558515,0.28592068175936153,0.2726873330993144,0.2649303956305174,0.21322305637420413,0.2086596433093381,0.2714987969431159,0.2966029012302874
trapezoid,0.22951281224097567,0.26618819040561753,0.24784830915424785,0.23672746822987942,0.22004181303540524,0.2560570141505364,0.21572062273718334,0.28074396213092034,0.2714987969431159,0.1861349232748481,0.22606220056017542
random,0.27389318657397144,0.3199426994864514,0.2926330670076511,0.2680055076820197,0.24610539780164153,0.29032073431854455,0.2635592135634644,0.30244573151302584,0.2966029012302874,0.2260622005601754,0.2151867906565388
