,square,rectangle,parallelogram,losange,isoTrapezoid,kite,rightKite,rustedHinge,hinge,trapezoid,random
square,0.16943545644138536,0.2605881265698062,0.30058793077909773,0.29659504581513846,0.21782868940769626,0.18885111223498566,0.1937960353085932,0.2511997336592762,0.2587055782238284,0.2528693928541617,0.3011482273265209
rectangle,0.2605881265698062,0.2351567802954042,0.26112243017731673,0.2744828852228018,0.327519026823457,0.27646439864589645,0.26912073637300343,0.29332032379955125,0.28000868833553016,0.31260621481341133,0.3736002895783448
parallelogram,0.30058793077909773,0.26112243017731673,0.20387226810892561,0.20734515311630458,0.3248980452533944,0.3164625719368713,0.27925868941988563,0.3305486067925614,0.30283824735260595,0.27649569539958946,0.32784353727335563
losange,0.29659504581513846,0.2744828852228018,0.20734515311630464,0.1878840441695246,0.3034502868011893,0.3118795806209795,0.26948811550104457,0.32891721160076937,0.3025897262453613,0.2451461276135475,0.29311568645551617
isoTrapezoid,0.21782868940769626,0.327519026823457,0.3248980452533944,0.3034502868011893,0.17427851728783095,0.20723259493532598,0.20244093734700658,0.31134796197729897,0.31732058046847833,0.2371337195431135,0.2631328097365811
kite,0.18885111223498563,0.2764643986458964,0.3164625719368713,0.31187958062097954,0.20723259493532598,0.15678660775250292,0.1810462637084149,0.28371698536948803,0.29497136713669525,0.2732042441945464,0.31242755845885184
rightKite,0.1937960353085932,0.26912073637300343,0.27925868941988563,0.26948811550104457,0.20244093734700658,0.1810462637084149,0.16246283474771056,0.2808748334273947,0.28421941016716334,0.22978604437393357,0.28689196454429333
rustedHinge,0.25119973365927617,0.2933203237995512,0.3305486067925614,0.32891721160076937,0.31134796197729897,0.2837169853694881,0.2808748334273948,0.22910993081529532,0.24812570948026344,0.312232450276374,0.34704174809962957
hinge,0.2587055782238283,0.28000868833553016,0.30283824735260595,0.3025897262453613,0.31732058046847833,0.29497136713669525,0.2842194101671633,0.24812570948026344,0.24664714085615336,0.3032551330307684,0.3412303652036485
trapezoid,0.2528693928541617,0.31260621481341133,0.27649569539958946,0.2451461276135475,0.23713371954311344,0.2732042441945464,0.22978604437393357,0.312232450276374,0.3032551330307684,0.20254231677942514,0.24965131358016943
random,0.30114822732652086,0.3736002895783448,0.32784353727335563,0.29311568645551617,0.26313280973658104,0.31242755845885184,0.28689196454429333,0.3470417480996296,0.3412303652036485,0.24965131358016945,0.2505752707151971
