,square,rectangle,parallelogram,losange,isoTrapezoid,kite,rightKite,rustedHinge,hinge,trapezoid,random
square,0.16606898058677927,0.2588135389136949,0.3018481732901531,0.30361374285921744,0.22738406240351058,0.20330526435081572,0.207650137813655,0.25973309907455705,0.2690592781583553,0.26044472527896795,0.3106663835853387
rectangle,0.2588135389136949,0.23626321902214703,0.2664889378881569,0.2836974303096147,0.33712454177961887,0.2907290504451794,0.2823540855924693,0.30241669754779726,0.29098041062549546,0.3212473997018638,0.38095408460023694
parallelogram,0.3018481732901531,0.2664889378881569,0.20669435834127187,0.2117518759792133,0.33568094751466754,0.3257506941872692,0.2915123523486717,0.33004200116670757,0.3066238826869666,0.2834500858703205,0.3329337704824641
losange,0.30361374285921744,0.2836974303096147,0.2117518759792133,0.19227373810555898,0.31888508355827777,0.3253386099373061,0.2872472624490226,0.33037850270921804,0.3087320094950186,0.2562411999363082,0.30065424859136664
isoTrapezoid,0.22738406240351058,0.33712454177961887,0.3356809475146675,0.31888508355827777,0.17667912439956798,0.21217616362038758,0.21144191070496313,0.3118772516420671,0.3232718515409961,0.24563861238385276,0.2709129631003473
kite,0.20330526435081572,0.2907290504451794,0.3257506941872692,0.3253386099373061,0.21217616362038758,0.16325334994923538,0.18898384462120918,0.2879994985785262,0.3015696913352396,0.2815930464124137,0.3194685344704747
rightKite,0.207650137813655,0.2823540855924693,0.2915123523486717,0.2872472624490226,0.21144191070496313,0.1889838446212092,0.17282017377617903,0.2842800578363122,0.2912496734793156,0.242286546840501,0.2974390303736856
rustedHinge,0.259733099074557,0.30241669754779726,0.3300420011667075,0.33037850270921804,0.31187725164206714,0.2879994985785262,0.2842800578363122,0.2270330919240824,0.24934994522843787,0.3123369080160667,0.34364001966068186
hinge,0.2690592781583553,0.2909804106254954,0.3066238826869666,0.3087320094950186,0.32327185154099614,0.30156969133523964,0.2912496734793156,0.24934994522843784,0.24840373200458982,0.3069147826210065,0.3418249265943925
trapezoid,0.2604447252789679,0.3212473997018638,0.2834500858703205,0.2562411999363082,0.24563861238385276,0.2815930464124137,0.24228654684050105,0.3123369080160667,0.3069147826210065,0.2071057863710804,0.25239841145864755
random,0.3106663835853387,0.3809540846002369,0.3329337704824641,0.30065424859136664,0.2709129631003473,0.3194685344704747,0.2974390303736856,0.34364001966068186,0.3418249265943925,0.25239841145864755,0.24826164634451775
