,square,rectangle,parallelogram,losange,isoTrapezoid,kite,rightKite,rustedHinge,hinge,trapezoid,random
square,0.388839033440975,0.4290076542060879,0.45892655933468396,0.48680066215546897,0.41669084496155984,0.4087304895284208,0.40492180498421915,0.43970732101131776,0.43460734722531386,0.4225994805477731,0.4529419223524379
rectangle,0.4290076542060879,0.3913894908901137,0.4258504796675055,0.4569144671752008,0.4643242683249396,0.44033035877366883,0.43754986465828677,0.42484972483938577,0.41246744201641433,0.4440348671791482,0.4756054643576137
parallelogram,0.45892655933468396,0.4258504796675055,0.4119914366254827,0.4416248914925337,0.48069897351404084,0.4703665929485631,0.46058231485993056,0.4475823556738869,0.4344481999264081,0.45431441772108005,0.48124206842614414
losange,0.48680066215546897,0.4569144671752007,0.4416248914925337,0.4220600212009402,0.4926293884389246,0.4929441974494392,0.48631815144548435,0.45961911642041303,0.4527513810356171,0.46334662049487935,0.4685408241044415
isoTrapezoid,0.4166908449615597,0.4643242683249397,0.48069897351404084,0.4926293884389246,0.39617876935747764,0.4216206238072843,0.41936858439341324,0.46808296647754055,0.46639277373268195,0.43060696153811306,0.44992429608700824
kite,0.4087304895284208,0.44033035877366883,0.4703665929485632,0.4929441974494392,0.4216206238072844,0.3947435770297851,0.4080060813811507,0.458969501305063,0.4549278984410849,0.4411124778914552,0.4676199248878198
rightKite,0.40492180498421915,0.43754986465828677,0.4605823148599307,0.48631815144548435,0.4193685843934131,0.4080060813811506,0.3958640480751631,0.4533620076871649,0.4482343391664877,0.4260809170280381,0.4613554423710391
rustedHinge,0.43970732101131765,0.42484972483938577,0.4475823556738869,0.45961911642041303,0.4680829664775406,0.4589695013050631,0.4533620076871649,0.40658076219160083,0.4079495482253435,0.45116875658429884,0.4661854184078197
hinge,0.4346073472253138,0.41246744201641433,0.4344481999264081,0.45275138103561713,0.4663927737326819,0.45492789844108483,0.4482343391664877,0.4079495482253435,0.39965558341963836,0.44512537368295596,0.46522061053750796
trapezoid,0.4225994805477731,0.4440348671791482,0.45431441772108005,0.46334662049487935,0.43060696153811306,0.4411124778914552,0.4260809170280382,0.45116875658429884,0.44512537368295596,0.40278459349672496,0.4346369810680097
random,0.4529419223524379,0.4756054643576137,0.48124206842614403,0.4685408241044415,0.44992429608700824,0.46761992488781967,0.4613554423710391,0.4661854184078197,0.46522061053750796,0.4346369810680097,0.41289123622041196
