,square,rectangle,parallelogram,losange,isoTrapezoid,kite,rightKite,rustedHinge,hinge,trapezoid,random
square,0.28819465753021706,0.3221808163995299,0.34847152722540814,0.37342616753069546,0.31100395509264794,0.30467764077508874,0.3011530331005949,0.3318962113564692,0.32677678297081925,0.3174215175376288,0.34282174728914777
rectangle,0.3221808163995299,0.28983267444815397,0.31889916543594743,0.34652848850139284,0.3521829146034976,0.33126736921675864,0.32925230330711264,0.3191092943332226,0.3077428358314893,0.3354741092527701,0.36233004535397534
parallelogram,0.34847152722540814,0.31889916543594743,0.30476755146146284,0.33105769469052043,0.36673789274414753,0.3579457874683066,0.3490431924389707,0.33831813465021066,0.3261551050735792,0.34262001901940875,0.36575839558407724
losange,0.37342616753069546,0.34652848850139284,0.33105769469052043,0.3126582344162818,0.3775638016995259,0.37820544915812465,0.3720105134306758,0.3486395844793328,0.3422964337983028,0.35028453946153093,0.3541060093110251
isoTrapezoid,0.31100395509264794,0.3521829146034976,0.3667378927441475,0.37756380169952597,0.2922287322731216,0.31446962901091324,0.312635558048592,0.355985790628438,0.353692905085477,0.32278287919671106,0.33857035256320517
kite,0.30467764077508874,0.3312673692167587,0.3579457874683065,0.37820544915812465,0.31446962901091324,0.29117748348994305,0.30296577325585794,0.34799050260452563,0.3439350971070826,0.3335339428756187,0.35572733188049216
rightKite,0.3011530331005949,0.3292523033071127,0.3490431924389707,0.37201051343067587,0.312635558048592,0.30296577325585794,0.2920948351443495,0.34358767484720465,0.3385187523194404,0.31922975628029504,0.34950665399250197
rustedHinge,0.3318962113564692,0.3191092943332226,0.33831813465021066,0.3486395844793328,0.355985790628438,0.3479905026045257,0.34358767484720465,0.301294262293795,0.3024808327242744,0.3420050047564014,0.3533930905286556
hinge,0.32677678297081925,0.3077428358314893,0.3261551050735792,0.3422964337983028,0.35369290508547707,0.3439350971070826,0.3385187523194404,0.30248083272427434,0.2952502816864173,0.3360328900166563,0.35209393194794536
trapezoid,0.3174215175376288,0.3354741092527701,0.34262001901940875,0.350284539461531,0.32278287919671106,0.3335339428756187,0.31922975628029504,0.3420050047564014,0.33603289001665626,0.29857245710495983,0.32489495072988783
random,0.34282174728914766,0.36233004535397534,0.36575839558407724,0.35410600931102504,0.33857035256320517,0.35572733188049216,0.34950665399250197,0.3533930905286556,0.35209393194794536,0.32489495072988783,0.3050946305980593
