,square,rectangle,parallelogram,losange,isoTrapezoid,kite,rightKite,rustedHinge,hinge,trapezoid,random
square,0.34586963867023535,0.36189090517692446,0.3747110021238253,0.38662849494378504,0.3587526524378974,0.3561361391963486,0.35488344774867253,0.3669542430581707,0.36478220031992187,0.3607957940981154,0.3736114698116208
rectangle,0.36189090517692446,0.3453282135128365,0.3614385996686787,0.37459421806558085,0.3750041400801666,0.3670245550223491,0.36546582158229074,0.36053153317863684,0.35560060152411344,0.36800734964156845,0.38153541458352397
parallelogram,0.37471100212382524,0.3614385996686787,0.3595314963336771,0.3724819123667331,0.3837039584666313,0.3796097014312837,0.37660758182237986,0.3711184375672145,0.3660794147347322,0.37508572742042573,0.3862029760515795
losange,0.386628494943785,0.3745942180655809,0.37248191236673317,0.36806728864566135,0.3898668337429909,0.3899356728994958,0.3876028636647155,0.377992993726145,0.374746992180409,0.3803467769110505,0.384034342535508
isoTrapezoid,0.3587526524378974,0.3750041400801666,0.38370395846663125,0.38986683374299086,0.35054916836983224,0.36192581832342924,0.36056170520202663,0.3775716207306223,0.37677585031421695,0.36518135392668566,0.37296709169133624
kite,0.3561361391963487,0.3670245550223491,0.37960970143128364,0.3899356728994959,0.3619258183234293,0.35256160011679777,0.357486805625627,0.37531194084675984,0.37322718619229983,0.3690010492114169,0.3800237517681259
rightKite,0.3548834477486725,0.36546582158229074,0.37660758182237986,0.3876028636647155,0.36056170520202663,0.357486805625627,0.3519464597729103,0.37263567653068996,0.37041026731921395,0.36376073524437175,0.37763459767557306
rustedHinge,0.36695424305817076,0.3605315331786369,0.3711184375672145,0.377992993726145,0.3775716207306223,0.3753119408467598,0.37263567653068996,0.3556510921647004,0.35641172407796884,0.3719137662791399,0.37994280055954494
hinge,0.36478220031992187,0.35560060152411344,0.36607941473473216,0.3747469921804091,0.3767758503142169,0.37322718619229983,0.3704102673192139,0.35641172407796884,0.35174959538612854,0.3694658389438227,0.37902651093621487
trapezoid,0.3607957940981154,0.3680073496415684,0.37508572742042573,0.38034677691105057,0.36518135392668566,0.3690010492114169,0.36376073524437175,0.3719137662791399,0.3694658389438226,0.3554688135157536,0.36931665628639876
random,0.37361146981162074,0.3815354145835239,0.38620297605157955,0.384034342535508,0.37296709169133624,0.3800237517681259,0.37763459767557306,0.3799428005595449,0.3790265109362149,0.36931665628639876,0.36234974567478107
