,square,rectangle,parallelogram,losange,isoTrapezoid,kite,rightKite,rustedHinge,hinge,trapezoid,random
square,0.1700524998488565,0.26354615329193454,0.30385749408908813,0.30015703834214186,0.22096654894412426,0.1909895547184292,0.19631172441284314,0.2531363067864325,0.2616163798141163,0.2565721730580588,0.3049835128335311
rectangle,0.26354615329193454,0.23907684943385688,0.26495319600345096,0.27846553268329705,0.3338733457701853,0.2815444831492704,0.2738005005284809,0.29742250656525043,0.2842122006384321,0.3183438101919732,0.37904454635371315
parallelogram,0.30385749408908813,0.26495319600345096,0.20619010529761236,0.20919918971771206,0.3310530000896076,0.3209306640728351,0.2838030393609918,0.3334060506477859,0.3057812101027589,0.28071370738775697,0.3317835964443001
losange,0.30015703834214186,0.2784655326832971,0.20919918971771212,0.18970134693878127,0.30947726124863756,0.31661127681353174,0.27454820596953844,0.3317104854448788,0.3055678020186199,0.24891914535100435,0.29664859512536146
isoTrapezoid,0.22096654894412424,0.3338733457701853,0.3310530000896076,0.30947726124863756,0.17575636517193105,0.2086337407251479,0.20558071862574775,0.3139367278498806,0.32179476940736224,0.24146133390098823,0.26668325807202803
kite,0.19098955471842918,0.2815444831492704,0.3209306640728351,0.31661127681353174,0.20863374072514795,0.15813477420966418,0.1833298086924069,0.28600348556094674,0.29853189165362476,0.276951954741348,0.31593954938050417
rightKite,0.19631172441284314,0.2738005005284809,0.28380303936099177,0.27454820596953844,0.20558071862574767,0.1833298086924069,0.16585337542527756,0.2832774954817156,0.28791526639127474,0.2344701520889764,0.2917394596464357
rustedHinge,0.2531363067864325,0.29742250656525043,0.3334060506477859,0.3317104854448788,0.3139367278498806,0.28600348556094674,0.2832774954817156,0.23073542118756157,0.25115995987505224,0.31461511429354544,0.34976889486031065
hinge,0.2616163798141163,0.28421220063843217,0.3057812101027589,0.3055678020186199,0.3217947694073623,0.29853189165362476,0.28791526639127474,0.25115995987505224,0.2499396138897235,0.30653234428830134,0.34494836096898696
trapezoid,0.2565721730580588,0.3183438101919732,0.28071370738775697,0.24891914535100435,0.24146133390098823,0.276951954741348,0.2344701520889764,0.31461511429354544,0.30653234428830134,0.20555557162380242,0.25220725151447104
random,0.30498351283353103,0.37904454635371315,0.33178359644430006,0.29664859512536146,0.26668325807202803,0.31593954938050417,0.2917394596464357,0.34976889486031065,0.344948360968987,0.25220725151447104,0.2528041058711493
