,square,rectangle,parallelogram,losange,isoTrapezoid,kite,rightKite,rustedHinge,hinge,trapezoid,random
square,0.16470362803491218,0.25358250321707265,0.29914161254922744,0.30277603605911435,0.22904203690189054,0.20709280023797524,0.21010872177973722,0.2606529480554491,0.2693102029132519,0.26092644590676684,0.31034537943590756
rectangle,0.25358250321707265,0.2302434766210443,0.26412302825328515,0.28285752460218694,0.33416902755663264,0.2904783381604208,0.28138906087068666,0.30088204588780143,0.28944061203755184,0.31885790096809774,0.3775804785129221
parallelogram,0.29914161254922744,0.26412302825328515,0.20426088718995067,0.2103679020590112,0.3328537890467736,0.3245635644290772,0.290076296654635,0.32784271486509947,0.3046345357571202,0.2811023247716663,0.3302021534665594
losange,0.3027760360591143,0.28285752460218694,0.21036790205901124,0.19078525947501662,0.31756169935812084,0.32511912858941194,0.2867150376487681,0.32845257678109624,0.30717128339088334,0.2551619991445195,0.29876719099289967
isoTrapezoid,0.22904203690189054,0.33416902755663264,0.33285378904677365,0.31756169935812084,0.17655299801736715,0.21289648040210535,0.21050778828011082,0.3090740279772367,0.3194353397608126,0.24361474171305744,0.2687598889580978
kite,0.20709280023797524,0.2904783381604208,0.32456356442907724,0.32511912858941194,0.21289648040210535,0.16379870397609445,0.18818940588887031,0.2857777681224901,0.29830545950299636,0.279677676122886,0.31622916089153813
rightKite,0.21010872177973722,0.2813890608706866,0.290076296654635,0.2867150376487681,0.21050778828011082,0.18818940588887031,0.1707344654997037,0.28055044286703035,0.2866726379880415,0.23971168827737216,0.2927444011890051
rustedHinge,0.2606529480554491,0.30088204588780143,0.32784271486509947,0.32845257678109624,0.30907402797723676,0.2857777681224901,0.2805504428670303,0.2230166330496583,0.24470822440483245,0.3087064989446997,0.3381712200441586
hinge,0.2693102029132519,0.2894406120375518,0.3046345357571202,0.30717128339088334,0.3194353397608127,0.29830545950299636,0.2866726379880415,0.24470822440483242,0.24353187209481011,0.30298213845449534,0.3359301731707053
trapezoid,0.26092644590676684,0.31885790096809774,0.2811023247716663,0.2551619991445195,0.2436147417130575,0.279677676122886,0.23971168827737216,0.3087064989446997,0.30298213845449534,0.20440284500023873,0.248916121649216
random,0.31034537943590756,0.3775804785129221,0.3302021534665594,0.29876719099289967,0.26875988895809777,0.31622916089153813,0.2927444011890051,0.3381712200441586,0.3359301731707053,0.24891612164921603,0.24362491780013382
