,square,rectangle,parallelogram,losange,isoTrapezoid,kite,rightKite,rustedHinge,hinge,trapezoid,random
square,0.16406805504111047,0.25451697180419175,0.2974509673624668,0.3001851408919195,0.22565894909454218,0.20278179187845863,0.20644726931494853,0.25763419433950047,0.26651576954669065,0.25761813735006156,0.30705204984895385
rectangle,0.25451697180419175,0.23169352203513835,0.2623463465507302,0.2801745061220072,0.33216270410802756,0.2872430497486911,0.2784983223270278,0.298426228123731,0.287125919930078,0.31644855690380097,0.37502431278730725
parallelogram,0.2974509673624668,0.2623463465507302,0.20304426964139588,0.20861768318073448,0.3303752847059029,0.3209125022040532,0.28682707995757284,0.32455798042108425,0.30158679723077053,0.2788248133265501,0.32737849657708346
losange,0.3001851408919195,0.2801745061220072,0.20861768318073448,0.18937738269679713,0.3146942219154771,0.321237939595197,0.2833637486625873,0.3252633148946144,0.30405600421514817,0.25273529160062697,0.2960324750582904
isoTrapezoid,0.22565894909454218,0.3321627041080275,0.3303752847059029,0.314694221915477,0.1746138975833792,0.20991963977051853,0.20851458757529928,0.3070499880082463,0.31793769233996394,0.24199373600340304,0.26685121886563434
kite,0.20278179187845857,0.2872430497486911,0.32091250220405315,0.32123793959519703,0.20991963977051853,0.16147582625589926,0.18630258057605292,0.2836745609793378,0.2966488172500886,0.2773721615050963,0.3142416781750885
rightKite,0.20644726931494858,0.2784983223270278,0.28682707995757284,0.28336374866258723,0.20851458757529928,0.18630258057605295,0.1697609488307392,0.2793283979306802,0.28587252563397325,0.23822414261163835,0.2917811076944923
rustedHinge,0.25763419433950047,0.298426228123731,0.3245579804210843,0.32526331489461446,0.30704998800824634,0.28367456097933785,0.2793283979306802,0.22282245419685295,0.24456201437739788,0.30709327278813064,0.3370546257018491
hinge,0.26651576954669065,0.287125919930078,0.30158679723077053,0.3040560042151482,0.31793769233996394,0.2966488172500887,0.2858725256339732,0.24456201437739783,0.24349229352676013,0.3015861085707238,0.33509524807684454
trapezoid,0.25761813735006156,0.31644855690380097,0.2788248133265502,0.25273529160062697,0.24199373600340304,0.27737216150509636,0.23822414261163832,0.30709327278813064,0.3015861085707238,0.20356376414943564,0.2479928139007687
random,0.3070520498489539,0.3750243127873072,0.32737849657708346,0.2960324750582904,0.26685121886563434,0.3142416781750885,0.2917811076944923,0.3370546257018491,0.33509524807684454,0.2479928139007687,0.2433124519881103
