,square,rectangle,parallelogram,losange,isoTrapezoid,kite,rightKite,rustedHinge,hinge,trapezoid,random
square,0.1661631358538758,0.23389845583073485,0.2770542815535547,0.28562890244794176,0.20855703568116574,0.19390316966962354,0.1937398145189741,0.24364917246113987,0.24393342734210827,0.23334489612678616,0.2800193533254241
rectangle,0.23389845583073482,0.20533317101739895,0.23954125917128008,0.26225720536647684,0.29069477608752115,0.2554645109626249,0.24972052277705095,0.26280184527735306,0.24999863082001214,0.27637264591242544,0.3337583535777467
parallelogram,0.27705428155355477,0.23954125917128008,0.19293591769123034,0.20492604038418502,0.2970839499904738,0.29711565767560183,0.2647556474642688,0.2993701584222909,0.2760639187498213,0.2531254562682937,0.3011089138051033
losange,0.2856289024479417,0.26225720536647684,0.20492604038418502,0.1835297504786167,0.2877031549991911,0.30139319503823586,0.2646798330876795,0.30613785026562235,0.2855033020881306,0.2351731734516847,0.2732858962556167
isoTrapezoid,0.20855703568116574,0.29069477608752115,0.29708394999047383,0.28770315499919114,0.17216921350116146,0.20612443078742917,0.19623277515939813,0.2921078434847484,0.29140044012737404,0.2198917178813078,0.2474586512661816
kite,0.1939031696696236,0.2554645109626249,0.29711565767560183,0.30139319503823586,0.20612443078742923,0.1604167580155283,0.17954922973584544,0.27227882555654875,0.2754440587288798,0.2568329690530791,0.29334467803336584
rightKite,0.1937398145189741,0.24972052277705095,0.2647556474642687,0.2646798330876795,0.19623277515939813,0.17954922973584542,0.15731069904271536,0.2688123293062709,0.26678489542545897,0.21383479659107296,0.26511857668083855
rustedHinge,0.24364917246113987,0.26280184527735306,0.29937015842229087,0.30613785026562235,0.2921078434847484,0.27227882555654875,0.2688123293062709,0.2106622330329707,0.22208124046042635,0.28978748104411534,0.3161221983105046
hinge,0.2439334273421082,0.24999863082001214,0.2760639187498213,0.2855033020881306,0.291400440127374,0.2754440587288798,0.26678489542545897,0.22208124046042635,0.2180044724378556,0.2793049498771075,0.3088620735126675
trapezoid,0.23334489612678613,0.27637264591242544,0.2531254562682937,0.2351731734516847,0.21989171788130782,0.2568329690530791,0.21383479659107296,0.28978748104411534,0.2793049498771075,0.187255251717918,0.23096214376217233
random,0.28001935332542416,0.3337583535777467,0.30110891380510324,0.2732858962556167,0.2474586512661816,0.29334467803336584,0.26511857668083855,0.31612219831050464,0.3088620735126675,0.23096214376217233,0.22473150077441884
