,1610555604.25mOvVXuL01OCiReyVWBfesjuvXmB3MoPy,1610555605.43B6oDsBtWRQ29Q9UMQuTUEPZy3FSSWXzc,1610555610.92HPGJJSmyPM40z7otPBgHalNrHFA7zk5d,1610555606.68LaSQbm9EHAFycEfFtEqAwYqlBsQPjIRW,1610555617.19EKxMEwDHfXiEJZc27TsGoERaD6Da4BZU,1610555722.52PJ3FD50MGhRXyUD28vluU8Z9UjLJLZn4,1610555617.52Ijr5puT55g9apK8auM7zaxa3NANg502t,1610555638.77ZLjTLkz4jYJdFMI2wWBztzsDILkoOtAk,1610556912.46C7tJPLF0XfNnm8f1820X9aLmXMHoc0Dw,1610555617.51LjzIROg0aeCP2GhDcAVQ0LipKJB9jmKc,1610555608.17OpjjHobqRkX0UPcaXrbu7K6L3805SZri,1610555721.82zWeNZfGUUfRJkgnAwlP8VMhPzXctnSd4,1610555735.75bom85BDF0C7W2eIseHeMxi24qR68nzMi,1610555735.77NnT5xqKnwcf2BbjIekeb2arTQj6QMNwk,1610555638.33wjf1PhdNaoWfbRzXVn50hmFyB5bYAiLV,1610555606.65jCE4ig8Pu8kvAzkxnSGfWsV0nQBjCf8H,1610555608.18ONsBCVo1i7BrX0XG9stct4oiA6ejX9Oz,1610555721.51RNoQUMP19FTMS79BmA3JkgSm2IC2AQuQ,1610555971.86O0cHB2ibBJ8jxoObg01EpGe8VVV5mpwn,1610556911.51zU3duZSGpcw1BDNsBLxdOCITAXwl6z3i,1610555988.71dMoYT8250UHHJGxgmITTmbHe7V6gH1yU,1610556042.81mlUZsSp7gbGjrp8jQSnybT1gPy6e62o1,1610555637.02UBW5nKvDyUrKnaWcYRGajZPxTRDS0q3N,1610555619.13oUYNikU4facCTpUSiSLr0vPI0tJLnXiT,1610555721.03nzkucfjAUh31zTbmCVvTVYqtjoxZFnBh,1610555722.67fhKURdXVzRbLIjXmjRwdJHTnE7PWb1AE,1610555638.39J2ZWBLuLTHP0jOlzB4tNHmYeijH5g5YJ,1610556032.17Q6yCDx9g7alRnL9jBFXD2JhhUyB2hKfJ,1610557007.49MyVgDnuUuBxrvL6SGOdhKf69VYlW1MSm,1610555638.44hjT5hbYdKoE3MB6hijrjqbjmLgvCUYKD,1610555608.13zUvmFSCRt6SsLbhqFznMEvGx54GPGQzM,1610556038.62a5C4ynd1AARyAhTv8a58NCqHvXRjscqH,1610555644.45Xse8u7pusHNsd7F3d0A32HXvXr6weOJE,1610556038.62gKXOCG7XCn55eJvyl5voNjbwOW0znQDq,1610555987.13v0oleKK97pkesp6oMgprH8SoSdoDVdIO,1610556964.96ZLLeiQW0qpmxhPGTg7K03fmzkqsC2bjC,1610555987.13VQlEedQ50VvkPMEMzZDv3KNnQCewykN9,1610555982.186TY6MMGkDecIN1woW6vsfAMXVV7jnyjO,1610555982.673LuMndkwkvdmZOn0MmE2Pkidx0FtNalb,1610555733.38zItcuH7gHNfKdALR2d9Nek6bxCyw36Vm,1610556034.15BQxSbZINGCay0yp6RBVlgcPrw76Yn9ON,1610555639.37BPZpgtGml8qUsh9AdV4m32jPLfI2aNFq,1610556965.57S0adAalhWYe6K3bkZU0bRHbqnDK8gGkR,1610555983.54zteLPCMjyrjzPdhHhlZr3faCgD0TfYr3,1610555987.79rHnNRmt9a0ufmnwCvZqBouyUoZDNpylW,1610556960.041xWER61rmArlsKfiMl4frikWmUCnQ7op,1610556035.13a7NHZDutfTMJ88qle1gTYY59Dr4WmMsj,1610556890.456ZBDaY16bMtrTZTqAgHl3wq1tRxzqDow,1610555760.24e6890pkbyZ97Or6croI1rQgjkSsR0yVt,1610556043.02YpWMIJg3W004iqlPyv8OcVAZdSC5rNYw,1610555987.03z05P26TLtONYM1HSzupoc2CeNMa6HTqr,1610556032.15OYCzUxpsz7b10AXBAuDXrvEcvxFhf0M7,1610556032.63Z80yI9pNwS3jSmsDABbuhf8wkNa2Ze9y,1610555736.28eGuESasTXdR3SqY6pHhEXWZtcdciYLCO,1610556034.61bebeZA0MkaFG2sm3VKiqrxeqQginTTW0,1610556944.5XwXOphKYT3ZkWA8gViqOS97VHVuMVUqb,1610556944.745UVLFBzf7fPh4UH37I6tYQOFPqRDytEh,1610556034.63XsUwaFaPZevO1JNFjfhvY4aKNFnV4noV,1610556964.89xwBHw9faT1HjQRMNQEyA4qJ3hWkwgj3k,1610556966.74DydzH91jtyvRyYau47JpVkZoMRSNTt01,1610555740.77UueVziDbaXyRR4OcVJIIZyzOfAzN51bj,1610556046.84e3vwjyRCzqz0wJQhrk8zsxlFfFSv98Df,1610556137.99eoPuVrDThKAOvmeprLPb2FWRqIhzUodc,1610555740.73XFwSrmTXJPlaxGZSefh0jOVA8PI3III1,1610556123.88AOfNaz9jSnqU5Czc7okOv1RCrYfKFBTo,1610556046.85nB7NvyoYQeLcOV391Lmmut1wAM8CFGLw,1610556123.89H4pdIAzDthI7bMXMhlIhKUYIQIvtmPPQ,1610555740.87GOYQUJKpkynIS2lFqppYK4b32ol7NeGh
1610555604.25mOvVXuL01OCiReyVWBfesjuvXmB3MoPy,0.0,364.1651687272994,97.00999837361559,335.4236727006051,287.3047897140795,314.129306991483,276.96850195807343,104.96878880402294,277.78413789720526,301.1550057425007,420.4255103524634,344.18342806048116,383.49073569944767,225.21996696088536,393.8300187491725,290.3759358265989,490.68903036517156,403.5271995849383,318.71283877492095,279.96312036363975,398.01889369604584,448.13088322571065,285.6640256366582,100.95349159466673,338.16026682690256,350.50027620007194,258.43458245671803,357.58363682636093,354.0268011174864,269.30706799981783,291.3634175217673,323.8581167710993,348.9496502099807,323.0373334063377,332.4421256825546,358.6429876149329,315.30464505918866,315.86828198432346,362.6114242591597,341.8991551968955,326.39196446749384,437.9862091731244,349.6437575283205,307.0302272406528,397.1291457649518,415.93792972719103,322.2122115934151,302.1955173579159,293.38819529066967,383.1835668487869,275.59765338116785,289.0763005041736,364.3566924852929,437.0902290088403,257.81532048611194,328.13545153368534,359.5682369660864,287.6583072916219,277.8386810049661,338.72896553994553,436.3803803282767,479.52837432046783,309.09132278027494,456.960371196229,293.1562561834919,483.85785213572643,356.53769602084395,412.25244652036827
1610555605.43B6oDsBtWRQ29Q9UMQuTUEPZy3FSSWXzc,364.1651687272994,0.0,352.71997789288145,391.7103592659192,384.831414508827,395.4958749670791,374.4388382629787,353.8762401375474,384.99334249396156,370.4603692139467,443.9648899798569,415.67660820773096,405.8046273671985,368.8653006445552,467.76572410603904,387.76374924930593,490.29536247647235,211.50128016025954,387.4871269723827,365.9717011956573,455.1155047792006,473.2958329181223,373.89301587729585,352.0732889875359,407.95264542927714,432.24127836125706,373.09948068203374,410.1123847180436,408.1808048603248,352.7122697904463,395.7565107256096,395.9336945714793,388.66661297200125,380.83628810279845,411.0604166917653,442.3838599733828,409.8258726243468,378.6056480053181,405.44310995344244,445.67950353158307,394.8393683458466,479.14336477687084,440.11570775690774,406.4816793364793,319.6483088330837,223.15901182818703,416.9550761034636,404.32838769952576,365.0708974027964,459.32903313254224,377.89956701117273,393.94839385700146,448.7468964928559,488.2536494416371,365.60106795185294,404.92548806051616,416.2419706099248,368.8224833251564,376.92160420965564,402.02710910697397,474.8448401320483,499.712457821297,382.5588647639691,486.9808178501539,381.88135138265375,514.8159923028527,441.70916157562704,464.25956521728955
1610555610.92HPGJJSmyPM40z7otPBgHalNrHFA7zk5d,97.00999837361559,352.71997789288145,0.0,322.9916586287431,272.65207661638004,306.54993555340627,261.7377767298249,119.4012457502651,269.5452537538065,287.2097668505346,410.5523939555225,354.7779188749875,372.6395806377476,221.95782987787527,391.0223604341161,275.8863838570968,482.18430697033824,407.62884775367,305.48500169103704,263.67657397713543,390.35934489578466,454.0783966544539,270.92258716008575,129.78588075148332,325.94184577586464,341.64227857030124,242.04094432948682,345.595452479746,342.26036725923655,253.61665869029773,276.925538296012,310.93277808731426,336.98808743372615,310.07778292688,319.5574181810153,348.3267336955546,305.1951276935346,302.6018576517686,351.11559021756483,348.901842833525,314.48656596926986,430.56253784612704,341.34706475533454,322.0058569204626,386.06939367205695,405.4746273364902,313.14292044413355,294.67712118392114,279.0550946076589,372.1158290398699,283.7705321731859,278.3829843307189,352.91771285866986,427.6014277169499,241.37906323442718,315.39035149519253,349.0253544714498,273.024567474164,279.45123402559506,329.8963274856783,430.65866476202217,470.81849620718685,295.5208258458828,450.09995485070755,278.81123225238525,481.2474835462176,344.65814128886495,405.62664652697885
1610555606.68LaSQbm9EHAFycEfFtEqAwYqlBsQPjIRW,335.4236727006051,391.7103592659192,322.9916586287431,0.0,366.2953879702139,388.51099073529326,360.84418433605174,324.2163730577435,351.7332536739858,367.73164847576265,437.6459962442913,386.0324813431199,430.41937055881357,351.11052649841236,453.60391055532597,363.02867880945803,520.9324120227691,426.6401718589334,374.8957427514614,347.976325163822,428.47766550184315,473.27385232894903,365.4338337543463,321.6298157460631,409.0958194018624,420.79855412918016,334.71740844811876,388.6652989608692,400.4773243393912,350.3772562248723,361.4661863941947,394.649478539279,397.1497890670098,383.7700623472654,385.87681014032535,422.5472179459446,382.68841741115625,374.3522590890266,421.7902199843856,422.4949476434506,376.5815178645524,451.7545564827009,430.007283233745,380.7910922005222,416.2650529530577,442.29905136378403,398.808488873337,375.39693628336516,360.1845098624244,428.2021783480246,342.6355598064306,366.42941473491527,427.1606560781576,486.5408284709456,337.55731949646344,401.12634880968807,423.77217690545564,338.15089660721867,353.93452756716886,409.18129375488496,457.6055455604811,507.206634565617,365.1662998404913,511.38468939161953,353.6175544561454,531.7294340134117,406.4654601400235,444.89421462071516
1610555617.19EKxMEwDHfXiEJZc27TsGoERaD6Da4BZU,287.3047897140795,384.831414508827,272.65207661638004,366.2953879702139,0.0,353.3174697440045,267.6811613047951,274.69291494422686,331.0819965979882,328.1348649084109,428.34734112663466,392.82164319801706,405.542568452477,299.0807528375951,413.1861918034972,316.3676919135464,488.06655002774613,429.95341356684895,338.3167279767815,323.93078809735914,417.75757578493767,465.8301144932443,307.40773106580616,275.91314212996406,359.7588831095652,377.3796902373607,294.9792595854302,381.49532678788756,384.0263339642464,286.90314405251206,324.81127587133193,349.45242642573874,372.48357073348006,356.59491915094696,362.38918034114596,390.6367110427217,352.0794020085173,348.8896725213662,383.55262266713834,386.9927700802053,357.5491198474782,468.1655885314449,371.82228424497833,377.99257615056126,417.57029606729697,428.98923494159317,358.4249960380943,341.2148722206717,318.94122070163206,403.9831458000054,331.95430252843585,312.763740921919,392.23860721141097,458.0253270433249,292.8528031249513,346.1882069366716,361.15678352706357,327.20633561697605,326.8366767846954,358.76278222595374,445.9632041939548,489.0066177375549,342.98858129517816,466.3080767063013,331.2181341682183,500.3886962546916,384.90997853084804,410.72512517524854
1610555722.52PJ3FD50MGhRXyUD28vluU8Z9UjLJLZn4,314.129306991483,395.4958749670791,306.54993555340627,388.51099073529326,353.3174697440045,0.0,337.4907042222876,301.41475201934486,328.2181224451621,361.7028666746155,444.85976189542623,395.66351492473456,423.005200773088,316.96628771439015,436.7795130730777,352.0028347072325,506.8781839753203,428.76800278502753,213.3593840288623,343.3534005172435,438.15174808109447,456.4588045369482,346.55923028985876,298.39668125973077,386.1163981848473,276.34858875111433,328.10864216684706,406.3823513635909,405.97465008421074,312.7140123144325,351.65172949339416,359.0828623422268,402.36859303198304,380.00599298449674,377.0718873752643,405.75885975280784,372.8850816327749,373.9676747752304,409.59198334869126,410.6952262156037,385.0989630992003,469.3933158544721,409.59735703288834,394.46792968918976,438.1474725796141,435.37273371947794,361.1557108511889,341.7212992009762,355.21683956630363,428.957237629537,348.42283534584817,332.9223840095422,411.686549307608,472.60229823824506,324.0835329276128,330.343845510373,407.02529232822724,348.4037057240183,343.22916715312516,351.0260044858004,475.81921778264586,515.944368246777,367.22904617341817,467.15546927943626,356.00767171157696,499.03319410744166,398.90323350167955,447.30881583512837
1610555617.52Ijr5puT55g9apK8auM7zaxa3NANg502t,276.96850195807343,374.4388382629787,261.7377767298249,360.84418433605174,267.6811613047951,337.4907042222876,0.0,271.840553319434,293.5639236365594,325.4773953360998,420.1934449633994,391.9164595093123,396.561396422169,287.1848327783666,415.4718740083773,315.68086840195815,495.0419190571151,424.55069172387687,320.69917245447175,319.89477964169424,432.10918288271887,464.8307382558989,306.54771002941465,269.0816594090234,360.2672869157238,372.6910391565114,295.73417068879354,371.8839369334283,379.4393329990449,268.62355485409597,323.47242889585516,323.48249402104335,370.14464169115564,353.0567537729938,356.3122501848115,387.04664978689675,351.25431387679754,345.6895377881477,379.14261232624983,376.60977649047965,354.5036984507678,455.20618312908107,380.50581430077494,370.3453102753528,406.4592330494999,423.6790055441931,357.7706584514985,340.7105930571165,317.37243489162034,410.1731349347674,330.83551288491293,317.8109688708003,388.3307483104966,451.96608945933014,294.57984886338136,340.7122748415847,377.1462697811418,323.2601797802488,329.19779319724256,347.00141922950627,439.03261273987584,489.59868714997225,340.7246909944743,452.543573335284,328.043619072143,491.2339681871817,390.3412473216263,423.5435937236665
1610555638.77ZLjTLkz4jYJdFMI2wWBztzsDILkoOtAk,104.96878880402294,353.8762401375474,119.4012457502651,324.2163730577435,274.69291494422686,301.41475201934486,271.840553319434,0.0,260.1274379381683,288.62858608161156,417.76946444797176,342.4114921963985,373.7342205190866,204.87051825488646,383.7396421689703,281.8230617690618,484.9524783663507,401.3449813976086,300.95758900578164,265.9260625693234,390.32401827875714,445.2247985598616,272.42624462897624,127.07392264333704,327.04040452813297,342.4226436633293,252.15210456716235,354.3748452940759,343.1365594105144,255.2242090172563,276.9239493559913,312.245383940816,338.19813955930107,316.26651508879206,325.7191689516045,352.3272345184451,303.36305380781863,303.64015847743383,351.5363188816338,335.6462960563372,320.3805807688676,432.7758249312927,348.4398723353877,308.23754782761074,387.49860705571075,406.9183544947179,315.52687586901357,289.14445390422384,280.5151624344417,379.62869140220835,273.371095645562,275.4527976798745,352.7646861610484,429.9123940566163,242.8722666370763,318.29842050630657,350.30101908523756,274.5167116471899,268.88445103790866,327.4018462997188,431.6360677550533,479.21229139485155,296.13329427114934,454.9820316708558,280.219277356546,479.0084165495371,351.228077769613,407.0944346925153
1610556912.46C7tJPLF0XfNnm8f1820X9aLmXMHoc0Dw,277.78413789720526,384.99334249396156,269.5452537538065,351.7332536739858,331.0819965979882,328.2181224451621,293.5639236365594,260.1274379381683,0.0,326.00479867264147,437.9804503437617,367.9137584095993,403.5093668864009,291.2496175471672,407.2992011717814,315.94641512581626,507.0742738281853,421.56229434422045,290.29973770571655,306.27913161495985,399.6367235863732,459.1761041838698,311.7386683113534,258.35459679915925,360.55298520553964,373.4385806616865,286.34929700103095,377.12698154548417,376.8785662463385,297.39504882053546,315.8193348439024,348.2210071175533,370.6084856765851,346.4365536411953,353.26210362522363,379.8494521399016,342.24654630697404,339.21117764469284,383.65146560128517,377.31227438322634,361.54349419878326,447.40182642246407,368.19297144576467,365.7800739054325,417.47056851432404,434.4662972902073,342.59441619807103,313.9193167805141,318.7932999741793,399.4332568572559,310.3207825442588,315.6740254018533,385.24428274098165,454.3518234542081,285.8440557928089,351.2126962186814,383.4918672424171,313.24983701416534,304.2009337505229,349.8005434924748,450.8236590723236,498.1012258762529,333.2181495457222,463.70955602669915,319.60265694476135,494.82342955467317,377.1221753871688,417.73113057047925
1610555617.51LjzIROg0aeCP2GhDcAVQ0LipKJB9jmKc,301.1550057425007,370.4603692139467,287.2097668505346,367.73164847576265,328.1348649084109,361.7028666746155,325.4773953360998,288.62858608161156,326.00479867264147,0.0,451.7229740453101,389.24302722102095,243.52571063672485,311.80902399160294,420.77061752425766,330.27762533323323,519.3926222205266,420.7642167420386,353.19398091733376,329.7313945543811,428.50778335053303,473.8659654330164,318.39144141706237,286.4152024388444,366.60936173665334,399.8546347870605,310.0859604858174,391.3374883874959,352.00233690912916,309.77883473418103,322.45539242868944,358.2188009766232,176.67123197904374,356.58946300247334,366.43428783132714,398.25782074987023,351.4868527773957,352.0028401661668,391.29945525038954,391.3239316029958,365.1653776306079,474.2752798175257,388.1219862242132,385.1153948950138,418.5505973679733,427.4440352032288,365.63148138518875,348.88447229086074,205.38791141319112,415.9860722372651,334.47082801126754,333.86233550179867,386.4788088504624,458.4698695948076,307.717136895883,358.7874743792105,388.5118006483837,323.96832440327876,336.2681519864177,371.67252422395006,459.9077798565992,498.6071602084325,318.82535000974747,488.58558878305615,290.93731335958347,511.65388244989055,395.63819926117475,437.8025136798327
1610555608.17OpjjHobqRkX0UPcaXrbu7K6L3805SZri,420.4255103524634,443.9648899798569,410.5523939555225,437.6459962442913,428.34734112663466,444.85976189542623,420.1934449633994,417.76946444797176,437.9804503437617,451.7229740453101,0.0,454.9784983735503,510.71848180587864,431.0740198007769,503.5349429293686,424.23392921951427,516.7714952398214,474.8388477887567,445.7107691629554,432.15587752091585,483.12167268698306,514.625785701229,437.9625371206806,413.4208306870019,468.70434361246447,475.8368199218628,415.7227236915398,466.5235610329093,476.951478266574,426.9478612909068,445.5921687534737,456.9878532329925,478.2671096420225,449.40045584620304,454.9159471671751,484.00809635632135,453.3877098617433,461.14544139530284,496.37305126774044,488.54620272159303,451.0086274095446,477.0819363114118,481.96605798124455,467.20032807324003,469.7868896268749,452.79143102832444,461.2064507510677,440.94084422675127,441.8334371763676,482.90646238334887,431.3239771783002,441.1827884066443,473.4376343963064,541.7706593830667,417.0025045595309,456.7229656854664,477.77845994013364,423.1373492631588,442.4590607900748,465.40632738816794,541.972685679338,549.7888826330911,442.9591822063292,550.5258501401306,433.16616286471486,565.6030251424621,470.35353719226634,523.4940431422865
1610555721.82zWeNZfGUUfRJkgnAwlP8VMhPzXctnSd4,344.18342806048116,415.67660820773096,354.7779188749875,386.0324813431199,392.82164319801706,395.66351492473456,391.9164595093123,342.4114921963985,367.9137584095993,389.24302722102095,454.9784983735503,0.0,444.1129419124135,344.48602733200534,458.6101012563738,376.32481831925315,518.9428747876801,359.9345497916994,388.48377050384664,355.3279215082094,361.97966722529594,379.78849523423327,382.8436698774818,331.0172083503099,418.63303999506456,430.45393174822976,365.29750256597174,429.35426980424194,402.7438853330001,383.58858179919577,387.69835075793094,412.8164817837403,412.0969308160334,395.52661932819655,394.50766602990393,410.84949643662407,396.16322656708434,389.46869044288474,434.78467028044685,434.2453477193825,414.349448767692,459.0626708721233,431.81770364044525,388.7892222384032,441.47396949864964,457.03278903792153,405.9835510271675,371.39930173145746,365.5434685498396,433.03502577171093,219.45415785573144,372.6070490666374,442.42948530755945,478.264834587919,366.6821940737618,416.5824148188152,430.61648024611344,350.2389343397872,344.7702406826184,424.0783552264596,485.060746066546,527.871353158268,353.8322201239166,513.137925464414,346.3196644711274,523.5296952189552,415.1745429894722,469.00726403245613
1610555735.75bom85BDF0C7W2eIseHeMxi24qR68nzMi,383.49073569944767,405.8046273671985,372.6395806377476,430.41937055881357,405.542568452477,423.005200773088,396.561396422169,373.7342205190866,403.5093668864009,243.52571063672485,510.71848180587864,444.1129419124135,0.0,388.9834358374966,467.84242428759154,395.50171593408373,568.2816457012099,452.83469789260226,415.85460480934574,379.4760532698392,479.5193254352291,509.77252831778327,397.7893378356873,372.02751923966946,437.1291631025347,456.52961771870963,390.6797291031824,446.10456851527954,413.05278826904424,381.2061596319875,393.73173245454757,421.5162144748766,168.2766988332965,378.4426098837776,425.37970874975883,456.03758867182944,413.48074778730484,377.293794530472,458.91278815540363,453.94875423344394,422.70097572331895,518.8758716404233,445.64321393961245,437.4455256127245,458.72330221566295,458.4156559993551,436.06573106440504,422.21638528139334,318.5733289147009,475.9131241943224,402.65990271985726,409.7909923450672,440.9722693879627,501.0464833793436,378.6434851022924,430.48936425243176,455.8106899400341,391.6484559856428,404.58315100547304,432.56866859334355,501.4448478580069,530.7601120253412,362.71224563405525,535.137622183209,374.95850153584496,547.3836497045912,458.07448527941676,483.04210293540586
1610555735.77NnT5xqKnwcf2BbjIekeb2arTQj6QMNwk,225.21996696088536,368.8653006445552,221.95782987787527,351.11052649841236,299.0807528375951,316.96628771439015,287.1848327783666,204.87051825488646,291.2496175471672,311.80902399160294,431.0740198007769,344.48602733200534,388.9834358374966,0.0,390.0413242348357,312.5158040646285,502.61286966913787,404.80584821434485,297.6995204155193,290.43887822356015,406.0363016010684,440.73623285841313,295.86107606049774,220.64463502949096,341.82828048268715,362.1779376133206,285.80923787871745,374.8212082482344,366.36078259220017,273.4605867418843,310.02055556405156,327.32014210109287,358.18485219296787,342.16396317968685,351.3119260327172,374.23756427342397,325.70884392418316,329.8632526463825,375.17577015983574,366.93414263216295,344.8352451527039,452.571669386615,368.2206462672039,352.8856345637869,395.08597883372903,413.3748719369465,342.20046797787694,313.4322296276312,304.7098082103169,403.64466235228815,291.36511618865563,298.1295960689028,381.84490553004156,446.38115044969004,276.37945058185727,339.1387735389964,365.8361861472763,304.5990760332121,287.5555617076891,345.14459480056865,440.67044404027604,492.39029798159345,327.65228038911926,461.1804718009301,307.9128195072647,481.7778121923456,375.57333537776606,424.78445771263335
1610555638.33wjf1PhdNaoWfbRzXVn50hmFyB5bYAiLV,393.8300187491725,467.76572410603904,391.0223604341161,453.60391055532597,413.1861918034972,436.7795130730777,415.4718740083773,383.7396421689703,407.2992011717814,420.77061752425766,503.5349429293686,458.6101012563738,467.84242428759154,390.0413242348357,0.0,403.76419514456865,554.7995706286504,499.79139043381844,423.78027067792294,414.29050779800417,476.53934969070554,522.2879889939275,420.61360618877967,384.95795276616883,452.10195639441497,456.03453270192716,401.23870662392784,468.8722434744941,464.616380158646,418.253870294439,417.40704583377635,444.2714141981698,450.66633308511945,445.3141221169172,413.80934436854176,451.6684303319667,421.7048188504281,438.8761879599112,471.22254614777876,466.26638822111664,408.36207360621995,509.5807306017475,435.1061357465792,457.3447108911013,479.9936199853857,500.70830721868606,442.55288626102254,410.0599200290225,427.6432746864018,483.7386041434728,421.61024893129786,401.48021886342593,479.1232803154194,482.89573392613687,397.7569341400655,448.9946871855824,443.13929094788625,422.378932843096,418.8327868620711,456.5740667942488,519.4845017768763,553.4254904768379,435.0200301292472,536.1766960741647,424.49402670299696,561.1217563218192,472.2715091207382,501.8116394091283
1610555606.65jCE4ig8Pu8kvAzkxnSGfWsV0nQBjCf8H,290.3759358265989,387.76374924930593,275.8863838570968,363.02867880945803,316.3676919135464,352.0028347072325,315.68086840195815,281.8230617690618,315.94641512581626,330.27762533323323,424.23392921951427,376.32481831925315,395.50171593408373,312.5158040646285,403.76419514456865,0.0,500.88717923786476,432.70839461863017,343.0495222410692,303.26356895179856,402.79832949458387,471.57902911098483,324.7046816230328,278.070970363852,368.9801316893748,390.93099159954215,298.62817059967676,377.0744540065461,370.4344763909359,316.73305580000664,325.38384056875725,356.9358971122245,359.17848281975284,298.63872294928643,301.6861157267448,374.1160799932476,342.20528574886066,304.4755488707874,390.43549164075824,394.91563688070966,333.9934958251633,464.31575246786826,383.66118202812083,374.6110554667179,435.6537349421619,436.5294176338874,350.1325273213824,334.6817346050145,323.55767725148684,401.12670074385255,322.57945534987084,324.86503910244187,392.70484687681005,454.78635571118974,285.16811798945554,361.68705476509376,393.8294303571572,310.04032870123507,323.96209371231043,377.16153572684755,442.75111045083514,487.0022628477399,322.6154081757621,477.0495804318558,324.2864812329129,489.6729194327047,379.3708480199684,400.8690574583766
1610555608.18ONsBCVo1i7BrX0XG9stct4oiA6ejX9Oz,490.68903036517156,490.29536247647235,482.18430697033824,520.9324120227691,488.06655002774613,506.8781839753203,495.0419190571151,484.9524783663507,507.0742738281853,519.3926222205266,516.7714952398214,518.9428747876801,568.2816457012099,502.61286966913787,554.7995706286504,500.88717923786476,0.0,515.7528379250905,502.6523406201868,501.8195037646671,530.1422820421319,557.3485482982311,488.8164630209724,486.3998510485175,517.4858416359222,513.2613225219811,492.8822244870327,528.9093097537044,512.8346915491265,480.41956927267927,497.2086226800577,502.3799720504059,544.3845309438389,521.8279760523711,512.3627639876917,502.0154778577042,511.61690273020855,504.2066623524705,525.0619765240009,545.2568552237672,513.1882145954963,557.1200266279043,539.5138596804385,526.7201478149309,513.4748318938518,501.92255498973594,524.1170992861397,507.78251694060043,512.6651752054429,521.9404088817455,503.3072791676255,510.4510280443613,554.4748453602488,551.9009495822341,492.8398128754366,510.12535572566856,509.1824348269387,496.9566725486222,508.235533102106,512.1599558730946,595.9046022299567,568.9624050840224,500.4236349425988,569.5239294540906,504.6193371006695,582.9986313034519,517.734137526378,577.7461044938528
1610555721.51RNoQUMP19FTMS79BmA3JkgSm2IC2AQuQ,403.5271995849383,211.50128016025954,407.62884775367,426.6401718589334,429.95341356684895,428.76800278502753,424.55069172387687,401.3449813976086,421.56229434422045,420.7642167420386,474.8388477887567,359.9345497916994,452.83469789260226,404.80584821434485,499.79139043381844,432.70839461863017,515.7528379250905,0.0,421.84618107653506,413.4569904989141,447.10172260416584,455.1339843504131,418.2474616834017,391.68026509028516,448.29656979371697,469.5443741505081,418.4929462915826,458.0000555383405,441.8442963860187,406.1845554406649,438.3362197149898,439.2231270380883,437.54268827393497,430.61832241506323,454.140274923766,476.1659141272372,451.5507503044608,429.14061014935555,442.7827767650949,475.6440975865949,440.74420077114587,509.92751768053904,474.45977661813555,437.6536919323761,373.2529840522445,298.710228788249,451.7935354737652,431.24312460709297,416.02692348319476,483.4480572646802,367.9713191940895,430.4245596393967,486.74457989376975,521.3618662648292,415.7811811445356,448.87707741344707,453.07610024585017,415.15967981181353,409.5308139438237,441.4471008615869,498.246508392326,527.2131363678777,420.6929697568276,512.1039503396728,418.1579348803473,534.3206674087745,470.178202582211,489.84191610814474
1610555971.86O0cHB2ibBJ8jxoObg01EpGe8VVV5mpwn,318.71283877492095,387.4871269723827,305.48500169103704,374.8957427514614,338.3167279767815,213.3593840288623,320.69917245447175,300.95758900578164,290.29973770571655,353.19398091733376,445.7107691629554,388.48377050384664,415.85460480934574,297.6995204155193,423.78027067792294,343.0495222410692,502.6523406201868,421.84618107653506,0.0,334.12263650130706,423.1663229110976,440.58116630436507,331.9243743488076,299.0642492347156,384.86254243773277,310.4914956924638,312.23486864628535,401.0521456428771,397.9162702055141,297.21798784122996,343.3174429146207,344.4004156375758,394.73726585431046,371.69304545703466,368.4692071649463,397.4073398828643,364.91315513964383,365.58064168474925,400.6156090801114,408.3152887966519,379.5582135756057,469.66633758380607,400.10995659854285,390.6401603598113,430.57865148822583,434.3227077808743,369.10864397575006,330.4860768921197,346.54873756381147,413.6572432766583,338.77993286246243,323.2484700230233,409.1887052721596,466.0027993141239,316.2543410859658,368.18762337698405,395.02830700969463,341.55726624302747,327.94765688068793,348.0545963869055,464.4603344706469,510.40832381155474,359.03130401776053,462.2405261586476,346.89695256716925,501.68534916950546,389.83673999647334,434.0601110778406
1610556911.51zU3duZSGpcw1BDNsBLxdOCITAXwl6z3i,279.96312036363975,365.9717011956573,263.67657397713543,347.976325163822,323.93078809735914,343.3534005172435,319.89477964169424,265.9260625693234,306.27913161495985,329.7313945543811,432.15587752091585,355.3279215082094,379.4760532698392,290.43887822356015,414.29050779800417,303.26356895179856,501.8195037646671,413.4569904989141,334.12263650130706,0.0,391.4487416724148,455.5633525919133,315.1927708980329,267.6822371268401,363.094702646934,383.0050160995332,289.06186928118166,355.2973978218243,355.2490822232769,306.9427267685529,318.38548154994675,351.2668905006652,341.4522663845577,310.90309463758115,345.65024178632837,355.3150225243535,340.75994734661845,304.64549303971626,387.0610205249391,386.87180789813226,344.8351152603143,437.67398425928343,378.87598407666354,350.2689511164032,380.68944819408324,419.47155862974927,344.23953530587966,325.76072161489634,321.15752468391656,401.15387682697485,301.7213951969311,316.212897315505,386.95994686837355,452.50743570982337,286.56567343683815,353.9453864971243,381.70229348828457,290.992493704557,301.19976561760916,369.55222464601115,451.5068897780134,486.1149807566666,301.94629300474026,483.3926338237371,309.32122054643065,487.803275082191,379.2795326804672,429.2146980219447
1610555988.71dMoYT8250UHHJGxgmITTmbHe7V6gH1yU,398.01889369604584,455.1155047792006,390.35934489578466,428.47766550184315,417.75757578493767,438.15174808109447,432.10918288271887,390.32401827875714,399.6367235863732,428.50778335053303,483.12167268698306,361.97966722529594,479.5193254352291,406.0363016010684,476.53934969070554,402.79832949458387,530.1422820421319,447.10172260416584,423.1663229110976,391.4487416724148,0.0,458.7497366421613,419.4494722939543,390.45712456423047,449.0259213859877,451.6171263018693,401.2376419745474,457.2034753548822,445.9433567227023,421.86694952309466,420.99602231610845,444.69056587920335,450.02928646895117,434.56307034906985,403.21760984920144,443.4150264395271,430.08873382168326,429.396249934881,468.0930756642063,468.15000259970145,438.2003742724954,486.87574383003107,456.10654676737016,431.4612848835066,467.2575214652714,486.5160686946841,432.62515547217527,409.79366917631745,409.6081541132285,471.04294749915243,364.5999078639181,417.6655399665579,470.05719934519203,508.104817219691,401.82938543821297,445.8163925073289,456.86410341124474,381.98010887496343,391.4570190504464,439.6191674404174,508.02620688977504,547.0669337361236,403.6505298155652,519.2865507455185,393.4059548812247,543.2108836956638,460.0904877689523,494.3555093308576
1610556042.81mlUZsSp7gbGjrp8jQSnybT1gPy6e62o1,448.13088322571065,473.2958329181223,454.0783966544539,473.27385232894903,465.8301144932443,456.4588045369482,464.8307382558989,445.2247985598616,459.1761041838698,473.8659654330164,514.625785701229,379.78849523423327,509.77252831778327,440.73623285841313,522.2879889939275,471.57902911098483,557.3485482982311,455.1339843504131,440.58116630436507,455.5633525919133,458.7497366421613,0.0,426.66356387882195,438.3016575778089,480.6549572655215,477.80095568121936,457.8990635551678,497.05386945795533,493.4654434863003,423.70412126475304,481.2300214329872,434.41677227347884,492.7558876863111,487.3932757506612,478.7276155792388,494.10444970670153,486.541425199198,485.18233971171395,503.0220887290525,508.12152163308815,497.899742814691,523.5695383310186,506.3013695489967,484.8028261488783,491.51539893446784,498.07341155131246,484.2989469367547,454.86612622334155,444.2591314110377,499.76129414965425,403.91318242013995,458.92369962343867,521.287610507316,548.0679426333892,465.6172069612005,484.112674152453,488.0416383142877,455.35739589409906,430.67312451383344,443.0489775132333,531.2266760388275,584.8106064481708,450.76477623406976,539.6286651848886,456.7176742689589,555.8155629727909,484.996793389218,515.5652938632471
1610555637.02UBW5nKvDyUrKnaWcYRGajZPxTRDS0q3N,285.6640256366582,373.89301587729585,270.92258716008575,365.4338337543463,307.40773106580616,346.55923028985876,306.54771002941465,272.42624462897624,311.7386683113534,318.39144141706237,437.9625371206806,382.8436698774818,397.7893378356873,295.86107606049774,420.61360618877967,324.7046816230328,488.8164630209724,418.2474616834017,331.9243743488076,315.1927708980329,419.4494722939543,426.66356387882195,0.0,270.080110795408,336.23192261705117,373.7512416705194,283.24197280653857,385.7810430293522,379.00974980858393,266.25360666395574,320.5657357892314,324.50947331712973,363.9294311615056,354.3416742779448,358.36505738738714,384.3948929466143,343.9389355134394,343.08975471580743,369.2578087790395,388.68804642476397,357.0422406996259,464.15961322080574,384.9333497469352,377.5478202574726,401.9341735146595,414.7552307199468,330.2590222706861,335.31241442814917,291.25170404057417,387.10368368534915,325.6364125129593,314.0200562323734,391.6308050333986,454.4769049958673,292.5032698131558,317.52208079881063,370.42801255315925,315.5676036998137,322.7354502274669,327.73030591236727,440.00491909079534,484.92538834752037,330.2026457951451,454.82936341022275,325.14680719875713,485.7756693287519,374.828334119009,437.84991402744544
1610555619.13oUYNikU4facCTpUSiSLr0vPI0tJLnXiT,100.95349159466673,352.0732889875359,129.78588075148332,321.6298157460631,275.91314212996406,298.39668125973077,269.0816594090234,127.07392264333704,258.35459679915925,286.4152024388444,413.4208306870019,331.0172083503099,372.02751923966946,220.64463502949096,384.95795276616883,278.070970363852,486.3998510485175,391.68026509028516,299.0642492347156,267.6822371268401,390.45712456423047,438.3016575778089,270.080110795408,0.0,328.27139250792607,343.0861531012131,241.175218205757,351.94675302726245,341.2825051787323,252.71649645200588,275.98652852100594,310.19898533496325,336.311149214513,309.1225990177114,319.24122884060966,349.4235719680599,304.46154191832636,301.844213638889,350.4638179012311,341.29050070596816,322.4392949019601,440.92235467239925,338.53712356686594,315.76976624947116,388.97399131288813,408.397919816298,308.44577669969146,288.2026373775869,278.2372438050577,375.2611483490799,259.0719754152652,274.903592536938,352.00939337369005,426.52494699623526,240.29053719629226,318.98616530722813,354.168708358668,272.18859722295485,261.80510826438,325.45895572038734,428.46417156513496,474.3881072684452,294.64038049645575,449.88885893150126,277.98493228074466,478.8489353098365,347.4061736979865,403.72254365920566
1610555721.03nzkucfjAUh31zTbmCVvTVYqtjoxZFnBh,338.16026682690256,407.95264542927714,325.94184577586464,409.0958194018624,359.7588831095652,386.1163981848473,360.2672869157238,327.04040452813297,360.55298520553964,366.60936173665334,468.70434361246447,418.63303999506456,437.1291631025347,341.82828048268715,452.10195639441497,368.9801316893748,517.4858416359222,448.29656979371697,384.86254243773277,363.094702646934,449.0259213859877,480.6549572655215,336.23192261705117,328.27139250792607,0.0,415.2031589519708,347.2162281193067,420.7679631878611,424.64813620702137,339.77872830054514,371.6428877623885,377.68214694613175,406.78488788407276,397.2388611327846,399.16320957403184,424.517339077387,388.03067496860234,389.42630416939085,401.8931441876889,422.78815449725425,405.54550358524295,492.5248994765066,416.7227460524432,417.46987707477547,435.68578769875825,435.13782434646885,385.6826549701043,384.8169552449058,346.6126194443093,439.9279992928768,368.0749029044017,360.53828631371783,432.19522670535537,487.91891055545454,341.6647706895571,361.19887688665017,386.16656926118935,367.0667543013625,366.22256620035694,366.44166452135835,487.834495394065,520.1335791475306,381.17785053367123,472.67231933338064,374.5635283285311,514.0058471570915,424.45816629098135,468.818135008827
1610555722.67fhKURdXVzRbLIjXmjRwdJHTnE7PWb1AE,350.50027620007194,432.24127836125706,341.64227857030124,420.79855412918016,377.3796902373607,276.34858875111433,372.6910391565114,342.4226436633293,373.4385806616865,399.8546347870605,475.8368199218628,430.45393174822976,456.52961771870963,362.1779376133206,456.03453270192716,390.93099159954215,513.2613225219811,469.5443741505081,310.4914956924638,383.0050160995332,451.6171263018693,477.80095568121936,373.7512416705194,343.0861531012131,415.2031589519708,0.0,373.1711551444882,435.93871493308353,435.1003008844635,356.0603315996473,390.37413911407145,400.6024332799039,436.9842672895617,416.4188538926303,413.831154816938,435.62640180473215,409.7903623433284,410.6607279904506,429.1365154341635,435.8462059156878,420.2058723057832,480.3650989017105,438.8979894856487,410.6112581733523,468.30935513409094,463.1840743996956,396.78589675221264,382.9762320821591,393.9971678978566,461.5080275997759,379.2851439496143,371.3531377947258,433.6311577977225,493.28196770970635,366.9528586698332,374.128120029073,425.947194800043,387.35202586544955,376.6273811297225,389.92924424269876,505.0994996107394,534.492147869949,404.3785717614143,486.35454194927894,394.3735812037809,516.7486395532438,428.41530711346013,464.22426320098504
1610555638.39J2ZWBLuLTHP0jOlzB4tNHmYeijH5g5YJ,258.43458245671803,373.09948068203374,242.04094432948682,334.71740844811876,294.9792595854302,328.10864216684706,295.73417068879354,252.15210456716235,286.34929700103095,310.0859604858174,415.7227236915398,365.29750256597174,390.6797291031824,285.80923787871745,401.23870662392784,298.62817059967676,492.8822244870327,418.4929462915826,312.23486864628535,289.06186928118166,401.2376419745474,457.8990635551678,283.24197280653857,241.175218205757,347.2162281193067,373.1711551444882,0.0,367.1198013926953,363.18067032002887,279.9323092549824,296.5521300951127,307.2518150407214,356.6858895279068,333.01769433986124,340.1109942790349,363.634067086296,321.8575100484781,324.93100877784843,371.3879298594114,377.7333694007117,332.0604040383003,450.70975617171166,356.9825657701642,357.35572511018927,405.1966159476485,424.22779857448205,307.9035863682019,313.07671830405934,305.1427987673821,294.5506798984999,301.95641604262624,295.43460462129383,372.0509571234495,443.13403630368674,269.683223274205,345.821526982283,370.1173322809296,288.4105152710748,298.1458607115448,338.5143816028348,440.46049292763774,465.8714799153492,317.3789970573072,466.47589366219984,303.74309410021493,496.4248132796853,305.2420229787059,415.98930623720275
1610556032.17Q6yCDx9g7alRnL9jBFXD2JhhUyB2hKfJ,357.58363682636093,410.1123847180436,345.595452479746,388.6652989608692,381.49532678788756,406.3823513635909,371.8839369334283,354.3748452940759,377.12698154548417,391.3374883874959,466.5235610329093,429.35426980424194,446.10456851527954,374.8212082482344,468.8722434744941,377.0744540065461,528.9093097537044,458.0000555383405,401.0521456428771,355.2973978218243,457.2034753548822,497.05386945795533,385.7810430293522,351.94675302726245,420.7679631878611,435.93871493308353,367.1198013926953,0.0,413.21672892941285,377.85797389636144,390.3047704691111,414.6612713463356,414.2425150369032,391.23864409047417,412.30243498560134,416.6504202982972,400.9166173365245,383.31295781896836,436.5771859733051,436.8617072355106,418.0472410100761,464.3857234653935,424.88963645737454,394.25034541168634,447.04199694403684,451.21423854398216,408.49248970244975,399.45382869589,384.86951018934167,452.46742071874996,380.5676275327409,377.99544140527735,445.9296895261906,496.24495451673357,366.737246663914,417.25507133063826,427.55695294952267,350.14471600875396,362.73491746455267,427.97210692500914,464.8973297424887,529.7640133427129,376.4423103847331,504.20191964789046,379.2516663406988,527.4504818553132,437.617967421068,454.8499397622814
