,1610555604.25mOvVXuL01OCiReyVWBfesjuvXmB3MoPy,1610555605.43B6oDsBtWRQ29Q9UMQuTUEPZy3FSSWXzc,1610555610.92HPGJJSmyPM40z7otPBgHalNrHFA7zk5d,1610555606.68LaSQbm9EHAFycEfFtEqAwYqlBsQPjIRW,1610555617.19EKxMEwDHfXiEJZc27TsGoERaD6Da4BZU,1610555722.52PJ3FD50MGhRXyUD28vluU8Z9UjLJLZn4,1610555617.52Ijr5puT55g9apK8auM7zaxa3NANg502t,1610555638.77ZLjTLkz4jYJdFMI2wWBztzsDILkoOtAk,1610556912.46C7tJPLF0XfNnm8f1820X9aLmXMHoc0Dw,1610555617.51LjzIROg0aeCP2GhDcAVQ0LipKJB9jmKc,1610555608.17OpjjHobqRkX0UPcaXrbu7K6L3805SZri,1610555721.82zWeNZfGUUfRJkgnAwlP8VMhPzXctnSd4,1610555735.75bom85BDF0C7W2eIseHeMxi24qR68nzMi,1610555735.77NnT5xqKnwcf2BbjIekeb2arTQj6QMNwk,1610555638.33wjf1PhdNaoWfbRzXVn50hmFyB5bYAiLV,1610555606.65jCE4ig8Pu8kvAzkxnSGfWsV0nQBjCf8H,1610555608.18ONsBCVo1i7BrX0XG9stct4oiA6ejX9Oz,1610555721.51RNoQUMP19FTMS79BmA3JkgSm2IC2AQuQ,1610555971.86O0cHB2ibBJ8jxoObg01EpGe8VVV5mpwn,1610556911.51zU3duZSGpcw1BDNsBLxdOCITAXwl6z3i,1610555988.71dMoYT8250UHHJGxgmITTmbHe7V6gH1yU,1610556042.81mlUZsSp7gbGjrp8jQSnybT1gPy6e62o1,1610555637.02UBW5nKvDyUrKnaWcYRGajZPxTRDS0q3N,1610555619.13oUYNikU4facCTpUSiSLr0vPI0tJLnXiT,1610555721.03nzkucfjAUh31zTbmCVvTVYqtjoxZFnBh,1610555722.67fhKURdXVzRbLIjXmjRwdJHTnE7PWb1AE,1610555638.39J2ZWBLuLTHP0jOlzB4tNHmYeijH5g5YJ,1610556032.17Q6yCDx9g7alRnL9jBFXD2JhhUyB2hKfJ,1610557007.49MyVgDnuUuBxrvL6SGOdhKf69VYlW1MSm,1610555638.44hjT5hbYdKoE3MB6hijrjqbjmLgvCUYKD,1610555608.13zUvmFSCRt6SsLbhqFznMEvGx54GPGQzM,1610556038.62a5C4ynd1AARyAhTv8a58NCqHvXRjscqH,1610555644.45Xse8u7pusHNsd7F3d0A32HXvXr6weOJE,1610556038.62gKXOCG7XCn55eJvyl5voNjbwOW0znQDq,1610555987.13v0oleKK97pkesp6oMgprH8SoSdoDVdIO,1610556964.96ZLLeiQW0qpmxhPGTg7K03fmzkqsC2bjC,1610555987.13VQlEedQ50VvkPMEMzZDv3KNnQCewykN9,1610555982.186TY6MMGkDecIN1woW6vsfAMXVV7jnyjO,1610555982.673LuMndkwkvdmZOn0MmE2Pkidx0FtNalb,1610555733.38zItcuH7gHNfKdALR2d9Nek6bxCyw36Vm,1610556034.15BQxSbZINGCay0yp6RBVlgcPrw76Yn9ON,1610555639.37BPZpgtGml8qUsh9AdV4m32jPLfI2aNFq,1610556965.57S0adAalhWYe6K3bkZU0bRHbqnDK8gGkR,1610555983.54zteLPCMjyrjzPdhHhlZr3faCgD0TfYr3,1610555987.79rHnNRmt9a0ufmnwCvZqBouyUoZDNpylW,1610556960.041xWER61rmArlsKfiMl4frikWmUCnQ7op,1610556035.13a7NHZDutfTMJ88qle1gTYY59Dr4WmMsj,1610556890.456ZBDaY16bMtrTZTqAgHl3wq1tRxzqDow,1610555760.24e6890pkbyZ97Or6croI1rQgjkSsR0yVt,1610556043.02YpWMIJg3W004iqlPyv8OcVAZdSC5rNYw,1610555987.03z05P26TLtONYM1HSzupoc2CeNMa6HTqr,1610556032.15OYCzUxpsz7b10AXBAuDXrvEcvxFhf0M7,1610556032.63Z80yI9pNwS3jSmsDABbuhf8wkNa2Ze9y,1610555736.28eGuESasTXdR3SqY6pHhEXWZtcdciYLCO,1610556034.61bebeZA0MkaFG2sm3VKiqrxeqQginTTW0,1610556944.5XwXOphKYT3ZkWA8gViqOS97VHVuMVUqb,1610556944.745UVLFBzf7fPh4UH37I6tYQOFPqRDytEh,1610556034.63XsUwaFaPZevO1JNFjfhvY4aKNFnV4noV,1610556964.89xwBHw9faT1HjQRMNQEyA4qJ3hWkwgj3k,1610556966.74DydzH91jtyvRyYau47JpVkZoMRSNTt01,1610555740.77UueVziDbaXyRR4OcVJIIZyzOfAzN51bj,1610556046.84e3vwjyRCzqz0wJQhrk8zsxlFfFSv98Df,1610556137.99eoPuVrDThKAOvmeprLPb2FWRqIhzUodc,1610555740.73XFwSrmTXJPlaxGZSefh0jOVA8PI3III1,1610556123.88AOfNaz9jSnqU5Czc7okOv1RCrYfKFBTo,1610556046.85nB7NvyoYQeLcOV391Lmmut1wAM8CFGLw,1610556123.89H4pdIAzDthI7bMXMhlIhKUYIQIvtmPPQ,1610555740.87GOYQUJKpkynIS2lFqppYK4b32ol7NeGh
1610555604.25mOvVXuL01OCiReyVWBfesjuvXmB3MoPy,0.0,1501.462299253073,638.3222058283936,1496.6680114893504,992.0394045631629,1316.042635504582,1044.4123573466009,685.6844283998724,834.1764569789136,1361.902933343213,1602.5708364166035,1496.4040675460449,1510.359414533729,870.617501188149,1532.5718497901719,1483.491504811273,1743.6662409267628,1576.3922364752364,1113.1249067074036,1421.3190584963563,1542.4448213575915,1609.0931270506142,1196.2678088392574,689.9918138842015,1386.3517738587482,1311.888240099963,1088.1759969899733,1519.6350965299132,1541.5745772302612,1160.2609526359931,1395.7792439670316,1147.3551198401299,1492.3314734196133,1522.113190213311,1531.045426595166,1501.917602175437,1463.2000446834456,1511.626848337145,1491.6189496174707,1515.3308125109897,1501.391761738773,1640.6761355822366,1478.6986853197893,1450.4323621464332,1565.5169086509693,1604.7307050813065,1479.774212463527,1246.7554993701724,1385.0439673693982,1512.4417477514041,1428.6995135202842,1289.0173756016957,1600.5278463837396,1646.230515377443,1436.5293033199798,1336.9485473506013,1370.2077767707337,1470.3517314343205,1402.2069746908144,1295.1357817126484,1627.0467665670676,1738.5322906900335,1517.6237525133874,1642.4434449960893,1389.619573006465,1716.4577306262731,1451.1104832664896,1598.0161484886235
1610555605.43B6oDsBtWRQ29Q9UMQuTUEPZy3FSSWXzc,1501.462299253073,0.0,1575.4637330450205,1207.986885446937,1520.6223899157976,1479.7999020390298,1478.4646127732526,1563.7099619203968,1531.8883191690263,1421.7042394331706,1195.2246299659278,1297.1855524043985,1362.0902546970929,1530.552431338055,1392.914678440395,1416.9628611730357,1323.2709483058975,829.2237041821885,1482.2413719495994,1488.7612948259202,1404.405306908317,1259.7326623854158,1454.9066280843779,1571.217434725066,1381.7865222617952,1503.2869533204728,1530.1079772434914,1354.1119103845465,1338.7331317080263,1405.1225106839302,1509.5130305036184,1378.1669371466141,1390.6322947054016,1377.9142343679496,1458.431574498805,1397.762096985526,1486.9500048420211,1329.8617685106253,1115.8446726360737,1580.14189608217,1380.8376781672985,1281.2456862949846,1490.4385504795948,1263.0187210165534,1069.4704150872537,887.7504510139164,1545.9155273061265,1557.3678464966747,1468.641653403723,1519.2512192141585,1474.2944923344892,1559.5199367397374,1569.9331456704047,1301.1178619992652,1558.115966095182,1439.9524380193966,1352.8730091950526,1458.6307805628524,1513.9057409301492,1366.634163513545,1290.4512343392253,1364.2360620957668,1394.1441061390321,1340.172631137188,1434.9668556569582,1341.593409109661,1517.6757515578627,1318.1619088625291
1610555610.92HPGJJSmyPM40z7otPBgHalNrHFA7zk5d,638.3222058283936,1575.4637330450205,0.0,1536.3816880537956,1018.8465113650745,1322.1302854622088,891.7924839571119,625.5048632116733,899.7023575330727,1439.5593082551643,1644.6540325549188,1530.4637434898937,1593.2626064463584,758.1228864550546,1555.8847830917523,1509.2767944796603,1785.2099813127504,1638.6958806041985,1130.6361949554582,1455.7103545406821,1579.10230906291,1647.9271124408535,1228.6167413020662,596.0859130143797,1414.5264474766402,1319.99534400837,1141.7824770782815,1547.5804520091785,1569.7797058870276,1088.2596124373922,1448.235342384564,1195.0354373792231,1574.1474199216514,1566.6087028046454,1561.282697489253,1542.988115668922,1487.4899671478966,1561.0080954038926,1544.079507442367,1552.6807177072992,1525.7318494080548,1694.4447601950383,1518.748230246088,1501.054270139844,1598.3970720254786,1647.3489058466598,1517.989729436157,1270.4912989321735,1440.5716848434872,1548.0121410132012,1462.533260868921,1289.3552190085816,1642.1117518975632,1704.0163333201529,1445.0928182959967,1369.9902346102601,1384.5427386493595,1475.2654652443648,1442.1054276652224,1293.2927356069658,1663.591859813559,1782.752418585819,1559.6930175395773,1685.9198000276897,1438.1087662175844,1762.3265303861526,1495.2081234987184,1621.5401112276634
1610555606.68LaSQbm9EHAFycEfFtEqAwYqlBsQPjIRW,1496.6680114893504,1207.986885446937,1536.3816880537956,0.0,1468.42550558628,1431.4688363276591,1477.7145811813152,1523.695999865116,1512.099102274024,1501.5969477503422,1105.0691122508715,1257.8242609774081,1563.547442652165,1513.927297921449,1391.9613146186755,1357.705816023453,1401.1171273237956,1278.4912279275059,1376.054163264577,1412.8835439199163,1304.6395987917751,1393.2159737441393,1453.927661629516,1528.8337499260672,1438.5472512061363,1458.6426338641534,1440.8119321774168,1260.1192638973685,1398.4139980723166,1418.5774686520874,1429.5357284891732,1439.9629421384252,1562.3073490625795,1439.1207306399467,1282.4628998279122,1261.6573517170887,1372.1304540670033,1417.650113739038,1245.1933558460205,1485.2143139188004,1256.1274950918391,1282.5465869813863,1327.201382846276,1190.0780610113864,1294.2692144201444,1251.7242484843644,1498.4432070216003,1487.7779243884306,1521.6202389886,1504.2242419509582,1322.9007811459915,1457.4694767419783,1572.8556124462677,1424.843932359768,1430.7877639670708,1459.946818349668,1331.8333917440232,1368.6338810594943,1391.3301834118245,1389.6314859599552,1352.3228163845386,1495.8727638197252,1437.139559127862,1440.3747619786648,1390.8355741341431,1502.7076926233897,1444.6638015293458,1338.0490514360272
1610555617.19EKxMEwDHfXiEJZc27TsGoERaD6Da4BZU,992.0394045631629,1520.6223899157976,1018.8465113650745,1468.42550558628,0.0,1261.3291490518309,987.729975642246,1007.7803848979488,905.5076243326911,1442.1139692082527,1557.0076371845703,1504.8371563890212,1598.944057089054,1013.187520294029,1480.6527213626155,1449.4362871543153,1714.4801070130875,1572.0369293012507,1125.6134154485167,1423.9446336107246,1536.6524654943455,1572.5703648572244,893.0122936780032,1018.1906690792703,1316.1717763216511,1256.8411427469312,940.3201098608033,1501.0152285629024,1497.5198182103836,1064.3454177551469,1376.8207735183717,1039.7361851448604,1569.0053384210194,1506.5009756700213,1483.6800830395912,1447.1181129173374,1398.5847400814991,1464.1994079777267,1472.3392384961537,1530.4957725975974,1447.798172564104,1617.3039867856724,1430.46213851875,1451.6190066282395,1515.645367283456,1577.0623500165616,1450.649829675429,1240.4232140598338,1429.8716159478588,1426.2037252970924,1449.6523728930315,1236.5020445712908,1609.221270926708,1634.687980444521,1431.0123871637172,1153.4378190420139,1303.2954473463822,1478.7823482934105,1429.4195150346209,1184.6281718806422,1564.2870367544022,1719.5262399847263,1498.176307370945,1593.8691416501022,1396.611066805413,1668.0640480432485,1468.2686622139822,1518.8102175087574
1610555722.52PJ3FD50MGhRXyUD28vluU8Z9UjLJLZn4,1316.042635504582,1479.7999020390298,1322.1302854622088,1431.4688363276591,1261.3291490518309,0.0,1277.278506613588,1318.5239959271394,1232.8680478224933,1518.7700124669634,1472.798474239326,1478.1170098304353,1602.7365950233946,1294.7888488586027,1487.2765216594746,1504.1861850516443,1633.7856996840726,1502.1211503972509,834.9013569786065,1507.2200655791496,1485.5466964575953,1521.2563593421787,1247.7633688261249,1329.4876622672866,1350.993298864664,601.9700248543937,1298.410311151837,1428.3013054174216,1499.3205606731854,1214.5973325203202,1529.261835212611,1168.1173307653526,1608.2320873637957,1500.9031418859834,1496.2052565527326,1438.2608259538595,1492.0516054965972,1545.6645282017419,1451.2608086487433,1531.6821068777786,1531.030079795595,1541.9565038751894,1496.126591544784,1365.4053000012088,1444.6463561004873,1437.4252032463971,1410.8102271328194,1323.4350400754552,1545.3756411590236,1462.7382778775568,1416.261203688586,1338.2598807154466,1583.592826166551,1597.7086501950173,1562.1044254760802,1249.6122103295984,1357.5310060145857,1487.975927822657,1433.0435588841858,1143.9364109844769,1462.97998023851,1638.835838654672,1582.2758769384436,1498.7825984960584,1521.3148732088268,1622.8228297126186,1454.8963528215825,1431.5714818784422
1610555617.52Ijr5puT55g9apK8auM7zaxa3NANg502t,1044.4123573466009,1478.4646127732526,891.7924839571119,1477.7145811813152,987.729975642246,1277.278506613588,0.0,969.925128381346,1098.3472488660304,1492.4933806331253,1528.7009767808925,1497.6829790256522,1616.35053135654,851.4228977164373,1482.2359199787197,1494.690536717812,1673.8348256640256,1544.9894878728649,1143.4901306704323,1511.8768033611386,1549.4412533156458,1521.8654844975829,1206.0686049219548,947.0351704529294,1345.996999009351,1254.7291657103435,1218.3180861959183,1510.9991095230735,1514.9338430867244,849.8375833613575,1469.8716427564987,1071.0700125411122,1606.1942128953237,1564.5164098153605,1539.8986302423468,1470.3206433594426,1484.7999086063674,1533.51800632099,1461.7363237221923,1547.2184023358138,1507.992421410922,1622.7137553095338,1502.3851706713676,1460.1022996168172,1497.9680747543591,1551.7605870838702,1530.8405958225596,1311.8375160462995,1485.0700626613373,1528.3878990438757,1477.0478869140788,1290.33056258899,1628.7468346477558,1623.9775816862018,1481.1467535436882,1308.8224268585318,1322.601419351111,1496.8900961142297,1471.6071919044398,1133.1988487701822,1564.3721104944575,1704.0583646303605,1550.1668690770714,1571.1367330464814,1473.052378818561,1672.5323049044039,1486.8806536016295,1528.2868315516967
1610555638.77ZLjTLkz4jYJdFMI2wWBztzsDILkoOtAk,685.6844283998724,1563.7099619203968,625.5048632116733,1523.695999865116,1007.7803848979488,1318.5239959271394,969.925128381346,0.0,898.8491652786361,1440.0038457494966,1628.1339638533289,1505.2899866780097,1595.1027982524074,625.178113469004,1547.276138805247,1500.8097075386902,1765.6281358946378,1618.0063913935778,1134.862172129602,1445.50860456502,1561.1445180136361,1621.621705214925,1224.6008537030827,513.5487727482828,1412.9995047550478,1310.940576701425,1132.320786565277,1535.3181320454682,1563.9403799644228,1131.3018008155761,1440.9223833623414,1176.2784445901746,1575.656134780326,1558.1513785960212,1549.0961392207025,1514.8500585733054,1478.846133013421,1546.4130232248522,1539.483592856407,1549.5430023222714,1504.7698357277625,1663.2118090916624,1505.4765545834748,1481.680142961352,1591.5107527713997,1637.1721497807373,1511.0249848240783,1280.045853192161,1448.2568077810909,1541.5989801337741,1442.7716769736635,1287.4702515882414,1636.539081743038,1688.7149842503989,1446.5752067247743,1359.2208863919,1376.4861719698363,1470.3882931550797,1420.0822334578047,1292.7249028814863,1641.151822939343,1765.0338260540382,1550.7242995255554,1662.3031781317088,1436.8855424574092,1730.1347200441849,1486.4207108437454,1601.2635312727764
1610556912.46C7tJPLF0XfNnm8f1820X9aLmXMHoc0Dw,834.1764569789136,1531.8883191690263,899.7023575330727,1512.099102274024,905.5076243326911,1232.8680478224933,1098.3472488660304,898.8491652786361,0.0,1457.417858733838,1585.956926221095,1470.6220017751634,1592.2092885830125,950.4786948934236,1485.58937206734,1500.0755477470364,1716.5514838480822,1551.1168714423484,1053.1727789853558,1449.766122527878,1492.588108395509,1562.7733535765758,1161.234322509509,889.2281094486247,1358.0710464120489,1209.0421281734336,1075.990956791576,1484.9686948389551,1532.1808681052146,1173.873891026882,1442.2294332156016,1135.2664395038455,1575.2807830293884,1540.3347634767385,1509.6468839558754,1468.9182512835782,1454.376818623166,1531.7855981749694,1511.643317500168,1519.813975282068,1494.315005201213,1591.8447866377032,1445.4479377153384,1454.945970152242,1529.3943169490594,1565.6564513640603,1443.3156621046473,1260.7290994701868,1472.5611825130704,1460.9029615324462,1422.5234715000079,1268.9066779269133,1615.6952316339937,1633.3703592872391,1483.8475580306847,1254.8207753621607,1332.667458003097,1468.7258765831468,1410.1928243204236,1249.9040499108698,1567.8736762575247,1716.7608556268171,1562.6493268292325,1592.2352344100534,1455.9266813403674,1664.708539201328,1461.6443197061233,1529.7047387255036
1610555617.51LjzIROg0aeCP2GhDcAVQ0LipKJB9jmKc,1361.902933343213,1421.7042394331706,1439.5593082551643,1501.5969477503422,1442.1139692082527,1518.7700124669634,1492.4933806331253,1440.0038457494966,1457.417858733838,0.0,1623.841393280809,1514.3294573559685,1025.8446842110254,1460.5364378204697,1581.8521058405966,1459.9461517707277,1743.8742112563925,1559.3555744284477,1513.349713019534,1390.8195532908087,1562.1835596522787,1672.3540760081564,1422.2795470212527,1445.1060653777695,1402.951662265809,1540.8575254883838,1416.422064215305,1522.985249029474,1472.0950763925557,1478.0320087411822,1409.5171654983658,1495.8172911707904,842.1200776996587,1409.9679769325692,1515.1943545903919,1547.4477517601144,1468.0455152520408,1393.3243435760348,1349.2358997928118,1510.7161162160921,1514.2515432906084,1640.1869403060723,1523.0719271048245,1524.5288188437146,1548.1148289686025,1558.7973021781904,1526.5387311055745,1391.87095966923,871.9608283446945,1544.7833301157996,1480.7647869089108,1513.6398426844673,1498.5520060427657,1642.1200684001615,1506.1667253788044,1502.882404369639,1459.522814842032,1496.1049878203946,1478.1333407116147,1512.3393291532861,1616.4289232794995,1699.6669562104714,1384.1873646600734,1669.1159993377912,1181.4834313844485,1708.2064902779061,1495.0818953982605,1590.7542238105343
1610555608.17OpjjHobqRkX0UPcaXrbu7K6L3805SZri,1602.5708364166035,1195.2246299659278,1644.6540325549188,1105.0691122508715,1557.0076371845703,1472.798474239326,1528.7009767808925,1628.1339638533289,1585.956926221095,1623.841393280809,0.0,1324.1765914375335,1626.0745819807828,1587.5922826290534,1390.574644452338,1467.8209150065518,931.8040708729532,1194.661952093552,1464.807480607005,1575.3824771210345,1333.7155312512318,1311.2787344645467,1520.7014857916884,1639.9059395442866,1403.452190004518,1468.3991370940507,1574.1524244837879,1376.4743599271915,1408.3804559094858,1481.1669302990674,1585.9134352732171,1415.9945307808098,1636.1453691684333,1553.617259878379,1414.8510230476973,1292.306945585787,1499.0461297962463,1520.2448108739206,1307.8742443736062,1567.8077901120134,1400.5725046122704,1212.3945631692984,1440.6556660158694,1336.7908663854494,1264.3360035152657,1117.8070456050825,1583.6164814341466,1585.722796526224,1626.8395059368297,1515.870702297154,1472.5125081184801,1578.8987433371149,1645.303364967836,1388.2716435178013,1597.143093581147,1459.1308621928133,1321.90334026271,1497.0424670139491,1552.6115094416493,1375.060303260094,1332.4653538177774,1412.3750714049686,1503.7832693900682,1343.0848612819475,1526.6427134656788,1343.5107409631512,1513.8915814568309,1363.971123604165
1610555721.82zWeNZfGUUfRJkgnAwlP8VMhPzXctnSd4,1496.4040675460449,1297.1855524043985,1530.4637434898937,1257.8242609774081,1504.8371563890212,1478.1170098304353,1497.6829790256522,1505.2899866780097,1470.6220017751634,1514.3294573559685,1324.1765914375335,0.0,1553.794298479489,1491.264193594511,1407.6034243520523,1317.5810349792507,1471.0559590762737,1232.409625127714,1468.4388952045738,1342.7854650743113,749.7849624449041,1160.5286220682651,1507.6209910180519,1511.7698754336072,1407.0013516454037,1488.7201747842175,1511.7826403593174,1049.056774832418,1340.3193523944703,1491.894896226204,1527.001844523495,1465.6270622852203,1542.9484770618649,1392.4645091791754,1229.9198434941054,1214.1468462557016,1367.6410348819127,1389.173549245964,1317.575767378346,1480.6174335785395,1282.494806985617,1140.5503081225786,1406.5397910123327,1176.8202984075583,1367.2549089427953,1344.207706497735,1426.0542165551979,1463.5249821205077,1522.1878768812185,1458.00187484348,1062.276281929039,1469.7894855259567,1601.5288794544565,1385.2031094849283,1469.5778670337018,1462.505243254554,1355.637963693594,1119.1337778707987,1244.2397014793432,1444.764985884876,1384.462800225473,1488.7263589422114,1383.2705900889398,1455.1360258526495,1375.926666609595,1424.5465620600635,1438.9571780167128,1380.133343891118
1610555735.75bom85BDF0C7W2eIseHeMxi24qR68nzMi,1510.359414533729,1362.0902546970929,1593.2626064463584,1563.547442652165,1598.944057089054,1602.7365950233946,1616.35053135654,1595.1027982524074,1592.2092885830125,1025.8446842110254,1626.0745819807828,1553.794298479489,0.0,1596.4956310550212,1582.1749290018972,1548.9964914059528,1716.9552901079594,1520.1312028676014,1612.6842554259574,1489.23535732876,1615.5852486997564,1675.5147106889717,1557.7816115514916,1602.1158523970228,1543.9991860658117,1629.7818689214048,1546.5327984530861,1589.6261996752046,1513.5736224689701,1589.2600620211688,1497.6610413561245,1567.1591713031105,632.9437856246641,1436.7683639531288,1601.0531179322581,1617.2961113027884,1551.5160530187,1432.1727772465513,1429.2341097843057,1535.2837925693736,1565.083049978173,1651.9645569689483,1583.7933202506151,1567.1411943068053,1562.9454583213499,1537.0198308785173,1585.2596546228383,1578.2200737592468,1322.1952123971153,1573.6553226491214,1605.636272995769,1627.23506882016,1553.8167314921873,1610.764915989082,1607.1048368862885,1585.5413984501886,1584.340223287706,1603.4289755924244,1610.5092067097307,1614.7391232214895,1635.7863295959426,1664.2673749901558,1408.9713965221608,1689.376521415347,1427.0992917129727,1678.5453825678933,1540.2492153532237,1620.8672639568113
1610555735.77NnT5xqKnwcf2BbjIekeb2arTQj6QMNwk,870.617501188149,1530.552431338055,758.1228864550546,1513.927297921449,1013.187520294029,1294.7888488586027,851.4228977164373,625.178113469004,950.4786948934236,1460.5364378204697,1587.5922826290534,1491.264193594511,1596.4956310550212,0.0,1508.7263687797913,1491.604006602667,1723.1320315882137,1579.5116568748238,1134.6264234250955,1458.1803697171435,1542.8072011535128,1579.033234571563,1216.0004884874686,728.1895698812792,1378.7594171011854,1270.619072569237,1175.6246038561437,1521.4533897928104,1547.4191829583008,1055.085691173762,1458.5983658385785,1145.2922036743353,1582.1201024977224,1568.7220217829797,1544.1345943884194,1489.9242736445738,1465.289270231478,1547.883837565742,1517.479271735672,1544.8968542001114,1501.1379251944602,1636.9576960975555,1500.6125217611936,1485.6810494849824,1543.9777370607164,1590.0374234638962,1514.5186173043935,1290.527597224072,1466.3116352400273,1541.0926516584689,1443.2136312307039,1272.8332914751977,1637.8846810159653,1664.521833777173,1450.7303062011504,1336.011849088153,1337.4090229352948,1458.2519033140716,1428.9902522232364,1221.6293173480494,1605.3223983245773,1735.6359893808374,1557.6297685867762,1613.1955947070192,1461.462102292236,1695.6052572381925,1493.9768667272983,1557.101941000177
1610555638.33wjf1PhdNaoWfbRzXVn50hmFyB5bYAiLV,1532.5718497901719,1392.914678440395,1555.8847830917523,1391.9613146186755,1480.6527213626155,1487.2765216594746,1482.2359199787197,1547.276138805247,1485.58937206734,1581.8521058405966,1390.574644452338,1407.6034243520523,1582.1749290018972,1508.7263687797913,0.0,1453.5080991694533,1527.5450235174628,1381.0115530078835,1448.1975751610778,1513.4601705126852,1413.3346075309785,1361.2048177935567,1484.6645723089325,1552.5071447861103,1448.4730793729757,1485.9332703899302,1475.3546726587415,1471.3581577298285,1344.4146675900517,1482.5590342939142,1470.9166580064837,1435.5470987208666,1594.9495584061956,1559.5981705797744,1368.5234716684897,1287.3100090790952,1315.9003005818863,1537.6409134557514,1437.2777589224465,1481.6042661146878,1179.8729041479833,1416.4886047471075,1169.3833573296656,1399.7528449471247,1258.8367299495421,1377.7264424350465,1490.159606761763,1499.1898080311341,1625.735159358388,1454.6512535325494,1462.9844913841011,1463.5073013289827,1682.6766884443882,1379.516266574638,1481.7283871941693,1444.91163142621,1300.6044643175092,1508.1673116636928,1510.1852965332178,1363.8803908062096,1484.027700583088,1400.7382292480977,1560.4531963424763,1497.5471226443951,1540.1923042110325,1343.5834800240605,1457.3921866074095,1486.695954043478
1610555606.65jCE4ig8Pu8kvAzkxnSGfWsV0nQBjCf8H,1483.491504811273,1416.9628611730357,1509.2767944796603,1357.705816023453,1449.4362871543153,1504.1861850516443,1494.690536717812,1500.8097075386902,1500.0755477470364,1459.9461517707277,1467.8209150065518,1317.5810349792507,1548.9964914059528,1491.604006602667,1453.5080991694533,0.0,1618.6484564786956,1527.712885638827,1477.836307154478,1238.7691682419372,1373.9363309195667,1562.2327534409985,1409.2661789344186,1495.094076019279,1425.9545371502138,1532.818659014102,1411.0270313504695,1325.5500007356104,1303.09944460602,1458.7525062931643,1302.7130072234352,1503.1266684238324,1484.8762738307605,1205.0148822457604,1069.962332560014,1156.5155014562658,1221.0689015229011,1074.8413269648104,1402.0003162451007,1470.5298355416078,1291.4089948632404,1508.3770919084245,1382.5219100764189,1379.5435175720786,1412.3708282503026,1514.2355081294745,1462.4144041651393,1434.0520633469982,1443.9502666259682,1431.3148013275738,1264.1750334444457,1464.4154899761645,1506.8008941403982,1552.4377072367447,1254.143473891201,1484.9874600492253,1410.9502253989986,1226.9788320292976,1332.3362590642485,1491.8745488638153,1481.6431095221926,1611.0742203013351,1176.923273596868,1591.288624444554,1303.5566931758615,1582.1478117344925,1388.606238780092,1452.4817801896972
1610555608.18ONsBCVo1i7BrX0XG9stct4oiA6ejX9Oz,1743.6662409267628,1323.2709483058975,1785.2099813127504,1401.1171273237956,1714.4801070130875,1633.7856996840726,1673.8348256640256,1765.6281358946378,1716.5514838480822,1743.8742112563925,931.8040708729532,1471.0559590762737,1716.9552901079594,1723.1320315882137,1527.5450235174628,1618.6484564786956,0.0,1325.984793925685,1647.1375670004063,1735.4772941243148,1476.8281768235172,1396.1498582888908,1675.9968073252992,1775.999140755632,1524.567716320507,1596.930641340414,1722.450388165027,1545.8334520051155,1554.4738527837546,1646.2912984638726,1739.0170254951242,1540.0604124330878,1729.6919106251848,1672.640984525209,1596.5459645625872,1444.7374793475685,1664.4989187981232,1647.940460960174,1450.5333568016752,1705.2415499115098,1572.6060928457446,1342.238382734356,1608.1798995024944,1503.4697694972806,1384.398796766037,1289.191620097945,1714.0197242605202,1729.7547768514185,1726.1540944270628,1601.6888866721843,1653.6685637895996,1740.2459203570304,1747.429655119391,1467.4196933858213,1762.718910480524,1585.3996792395687,1477.4540528504388,1671.3538498013718,1719.2496200273256,1513.313765496372,1443.7528985033275,1466.1250630839609,1592.1990757934789,1399.5443991302925,1647.3852790548776,1387.8855629239447,1620.8140781750644,1489.223409095217
1610555721.51RNoQUMP19FTMS79BmA3JkgSm2IC2AQuQ,1576.3922364752364,829.2237041821885,1638.6958806041985,1278.4912279275059,1572.0369293012507,1502.1211503972509,1544.9894878728649,1618.0063913935778,1551.1168714423484,1559.3555744284477,1194.661952093552,1232.409625127714,1520.1312028676014,1579.5116568748238,1381.0115530078835,1527.712885638827,1325.984793925685,0.0,1508.5481697457074,1560.936698071709,1312.0714440722656,1199.615720524245,1537.158879044207,1626.2452878163547,1449.173625121857,1510.707914220624,1596.5684930607626,1344.9519028714299,1412.362644175799,1492.0318006557231,1603.1911017860018,1444.4548757009031,1540.27988489827,1474.0320691925729,1494.6450343836352,1382.0471269332597,1551.6830870240963,1460.6330096764668,1279.3541942829431,1584.044409585913,1402.100316743277,1222.0976133915174,1497.7376728805787,1283.7444582124667,1122.5876918630915,909.3872397314989,1539.2361679419296,1597.9152796291144,1588.7514928955347,1524.2751842286768,1460.815620590598,1601.62599830016,1645.359446313939,1314.370702166601,1638.663476355409,1480.9528231621996,1364.53383464482,1505.8066238747429,1516.613730774273,1394.2358528281914,1256.7583427119796,1340.2197287947424,1519.052237757246,1294.223138638727,1527.5208935945327,1291.9343140391861,1546.4905811980866,1297.8093560592208
1610555971.86O0cHB2ibBJ8jxoObg01EpGe8VVV5mpwn,1113.1249067074036,1482.2413719495994,1130.6361949554582,1376.054163264577,1125.6134154485167,834.9013569786065,1143.4901306704323,1134.862172129602,1053.1727789853558,1513.349713019534,1464.807480607005,1468.4388952045738,1612.6842554259574,1134.6264234250955,1448.1975751610778,1477.836307154478,1647.1375670004063,1508.5481697457074,0.0,1487.7328204399535,1496.4015790329686,1496.51315923935,1212.5721379981337,1143.9644781088218,1336.0711027593536,942.9039626465803,1203.4579240078474,1422.2785605621755,1483.1310626694462,1097.6015997729417,1482.1682761250472,1115.5727944979892,1618.4838313585424,1535.3207567252944,1485.9638082553472,1428.3376077788294,1453.02662275109,1540.6801600877736,1439.476200209807,1450.5041103876692,1488.7678385350437,1547.8822700074527,1428.9576189911984,1350.9924555900704,1451.4276207045216,1479.7299654862918,1459.1204820213602,1244.0846605689237,1513.8708046571587,1459.8810356447068,1396.1249608981361,1207.3211110410764,1597.1333173614348,1618.5793690384878,1504.083968691412,1268.6442548209832,1308.6651850704695,1474.6058021477095,1403.0701188078951,1097.8655561058954,1478.5696943798368,1661.135741121848,1559.0502496622564,1509.145173315653,1473.0257502043273,1613.4022450436562,1400.8710077500793,1437.5388903076398
1610556911.51zU3duZSGpcw1BDNsBLxdOCITAXwl6z3i,1421.3190584963563,1488.7612948259202,1455.7103545406821,1412.8835439199163,1423.9446336107246,1507.2200655791496,1511.8768033611386,1445.50860456502,1449.766122527878,1390.8195532908087,1575.3824771210345,1342.7854650743113,1489.23535732876,1458.1803697171435,1513.4601705126852,1238.7691682419372,1735.4772941243148,1560.936698071709,1487.7328204399535,0.0,1373.157146089542,1619.0219250918437,1416.9048164701076,1460.2960851146393,1482.4832831558213,1533.684234388069,1378.1130634200147,1381.5084637349141,1463.6244770579056,1510.6823256484613,1347.3302721467978,1536.117988145511,1437.4730511082316,1335.109446929271,1305.8458861829943,1367.2624798493223,1223.1345832237441,1333.996139729841,1483.7990812028802,1554.981249872912,1355.1203894631396,1563.8866923634278,1431.8443533892585,1375.2040493525287,1473.5843687048423,1576.04173806644,1409.763915460594,1436.2620084896796,1411.737520253384,1506.6635940435017,1283.925530032225,1487.9072610825463,1626.2634725949076,1613.9103320225165,1274.9169571873595,1497.2917472198894,1435.0544415808115,1242.0391842151223,1321.2465646365058,1531.0054604286734,1592.7605912950603,1689.3033971200673,1333.2925088973227,1676.615004143497,1281.87079886275,1697.4343390723745,1456.9921853177839,1559.3308997054194
1610555988.71dMoYT8250UHHJGxgmITTmbHe7V6gH1yU,1542.4448213575915,1404.405306908317,1579.10230906291,1304.6395987917751,1536.6524654943455,1485.5466964575953,1549.4412533156458,1561.1445180136361,1492.588108395509,1562.1835596522787,1333.7155312512318,749.7849624449041,1615.5852486997564,1542.8072011535128,1413.3346075309785,1373.9363309195667,1476.8281768235172,1312.0714440722656,1496.4015790329686,1373.157146089542,0.0,1260.1256676189676,1536.6140792406595,1566.196051537998,1429.0743360671963,1484.7017895455435,1539.7293168878045,1090.6726277446496,1378.9849922657663,1557.2909859147398,1553.1549889899827,1512.1424814119007,1599.8541513320208,1447.1446099751975,1228.439413217741,1239.0727371623689,1379.3781512926835,1451.9540330953148,1387.7438252953934,1516.3889738683608,1297.6124917095103,1165.0272635613528,1404.1071337766011,1221.2027351146116,1382.7357645176926,1359.5220446321212,1422.373637001797,1493.6856450324262,1559.907276004539,1481.424668384545,1123.9956174442486,1499.2048984799078,1626.1261960800045,1420.9932394261573,1498.2504462247348,1469.1301592548336,1366.075662326379,1116.0322568123008,1278.2788564192258,1456.2595958375193,1383.221370046922,1508.957831608585,1457.3945909258057,1463.8751381093252,1423.2822439556505,1445.4954121687203,1457.8933688530785,1387.442983932722
1610556042.81mlUZsSp7gbGjrp8jQSnybT1gPy6e62o1,1609.0931270506142,1259.7326623854158,1647.9271124408535,1393.2159737441393,1572.5703648572244,1521.2563593421787,1521.8654844975829,1621.621705214925,1562.7733535765758,1672.3540760081564,1311.2787344645467,1160.5286220682651,1675.5147106889717,1579.033234571563,1361.2048177935567,1562.2327534409985,1396.1498582888908,1199.615720524245,1496.51315923935,1619.0219250918437,1260.1256676189676,0.0,1549.4610172624177,1633.6382391677641,1459.1878869284421,1514.0837319305267,1635.7095756218725,1314.964368095213,1477.0758306681669,1469.160696834972,1682.1855643407705,1390.4479218088368,1684.5659717826031,1565.5877459305073,1507.626578609884,1361.2418336401547,1563.5332157565356,1545.789482088998,1385.7289370849728,1579.174450625963,1491.7917311412193,1205.4594824946132,1501.651699416602,1360.9137555101581,1291.2293882758086,1261.8709017919998,1556.5527003670436,1611.2010144908456,1649.2475134225829,1471.311921370168,1456.4142983567706,1603.7958186524631,1688.6927368732245,1330.5600173226203,1693.7682810386534,1501.0329331722758,1389.6756352435357,1466.3696579923476,1549.3800237547737,1305.8130260928276,1253.587674429236,1369.059963601052,1543.4221507694324,1302.041080848723,1555.3687384263694,1222.3926093494906,1509.4143745470365,1293.8739004623496
1610555637.02UBW5nKvDyUrKnaWcYRGajZPxTRDS0q3N,1196.2678088392574,1454.9066280843779,1228.6167413020662,1453.927661629516,893.0122936780032,1247.7633688261249,1206.0686049219548,1224.6008537030827,1161.234322509509,1422.2795470212527,1520.7014857916884,1507.6209910180519,1557.7816115514916,1216.0004884874686,1484.6645723089325,1409.2661789344186,1675.9968073252992,1537.158879044207,1212.5721379981337,1416.9048164701076,1536.6140792406595,1549.4610172624177,0.0,1227.1078054799352,1233.874775419729,1266.4837382497494,939.4011932757336,1487.170835030415,1459.1016102759122,1064.9091685286583,1320.0335222000222,1040.5436244748696,1522.0566392360327,1430.5485956317132,1452.3734323335273,1439.9125864877205,1372.979737814186,1369.7910101341074,1395.1248822329414,1541.948884371758,1427.5684768501935,1590.379967908597,1428.0902438680564,1459.4529592847716,1449.6130866183928,1514.0816829971604,1414.6588285235466,1254.5458184960075,1381.6661126752906,1395.425764465282,1461.0178437504271,1239.6457976386507,1594.211696167563,1591.991999689087,1412.533921691825,931.7609940285936,1273.6534654426823,1469.5484332920685,1460.680206658795,1112.0488213680783,1524.5757284193708,1676.79508001176,1426.0716520364679,1552.964302756464,1356.4467160342974,1628.6891282664744,1462.1141578702006,1506.8453705934824
1610555619.13oUYNikU4facCTpUSiSLr0vPI0tJLnXiT,689.9918138842015,1571.217434725066,596.0859130143797,1528.8337499260672,1018.1906690792703,1329.4876622672866,947.0351704529294,513.5487727482828,889.2281094486247,1445.1060653777695,1639.9059395442866,1511.7698754336072,1602.1158523970228,728.1895698812792,1552.5071447861103,1495.094076019279,1775.999140755632,1626.2452878163547,1143.9644781088218,1460.2960851146393,1566.196051537998,1633.6382391677641,1227.1078054799352,0.0,1421.8678611940734,1327.292613107928,1140.4147837162882,1540.6836468588324,1571.9501379091223,1116.6403665228602,1445.9027096440504,1189.815848979098,1582.3371149945644,1562.932189754533,1549.8863394743316,1526.950137004825,1490.7230746925068,1557.5957810312336,1548.3019411790222,1554.1155006339568,1519.4034103653378,1675.0878926062328,1512.425108551199,1494.622444161487,1603.3439036809095,1650.3610930317277,1514.520705038344,1273.4093472852178,1450.1088168588033,1542.961977029045,1444.7887921528031,1297.3114548955493,1638.4939645209288,1699.038864712233,1446.2534795428478,1367.7602523377063,1386.0823155121507,1467.5845382978264,1427.331081525739,1303.719999127844,1656.0272910284586,1781.3672137580763,1556.4739064879968,1673.3179680112569,1447.6138739953005,1750.5801423929324,1488.2987691341657,1618.1813485341568
1610555721.03nzkucfjAUh31zTbmCVvTVYqtjoxZFnBh,1386.3517738587482,1381.7865222617952,1414.5264474766402,1438.5472512061363,1316.1717763216511,1350.993298864664,1345.996999009351,1412.9995047550478,1358.0710464120489,1402.951662265809,1403.452190004518,1407.0013516454037,1543.9991860658117,1378.7594171011854,1448.4730793729757,1425.9545371502138,1524.567716320507,1449.173625121857,1336.0711027593536,1482.4832831558213,1429.0743360671963,1459.1878869284421,1233.874775419729,1421.8678611940734,0.0,1364.5379087360477,1396.7425610050905,1388.5795471373478,1443.9489004114675,1298.809139912824,1501.112747163347,1228.3987042875754,1510.886220249957,1459.883177926669,1434.9864503624544,1388.0431100372518,1440.594083335097,1402.944738523691,1092.369400313973,1474.2344496125113,1503.9346071693124,1458.9384644467698,1412.2316172607457,1403.7347900914083,1401.4318170903432,1353.6525558420158,1498.4803219543396,1236.7878495908355,1393.2416842139526,1467.003863554485,1412.9896374687644,1384.4966320707758,1508.5863357334092,1523.7734523778938,1559.7175174205283,1135.2217598575687,1073.23424574652,1458.4176688298426,1423.3208617091047,1138.6276650503585,1376.5716548984299,1556.392077745164,1450.211794698698,1380.895871042288,1355.6357845859304,1503.3425537389364,1390.2918184267194,1391.177375484379
1610555722.67fhKURdXVzRbLIjXmjRwdJHTnE7PWb1AE,1311.888240099963,1503.2869533204728,1319.99534400837,1458.6426338641534,1256.8411427469312,601.9700248543937,1254.7291657103435,1310.940576701425,1209.0421281734336,1540.8575254883838,1468.3991370940507,1488.7201747842175,1629.7818689214048,1270.619072569237,1485.9332703899302,1532.818659014102,1596.930641340414,1510.707914220624,942.9039626465803,1533.684234388069,1484.7017895455435,1514.0837319305267,1266.4837382497494,1327.292613107928,1364.5379087360477,0.0,1307.6207403895385,1448.6905577122302,1514.6639526324936,1228.7317986004102,1544.628574905978,1152.856812372105,1630.1075214367302,1533.2184790921342,1530.9772130788165,1441.5725595106824,1512.338236310586,1564.348944368688,1465.2680820678663,1544.0489929699545,1544.8941006239384,1528.4081542089305,1502.609836191667,1387.9112131601648,1453.7104198996353,1458.3740887309177,1432.6118889417842,1338.2176541557824,1561.8620633106552,1476.4088124462048,1458.6560748255804,1364.5398740653613,1597.5361363148418,1594.554615233528,1584.550864572532,1248.222798973076,1366.9536638637258,1523.0559934890662,1467.2055942565432,1138.35680458858,1465.829336418162,1634.1400467877297,1601.083069940961,1482.9104049458708,1544.910390717346,1608.57254441457,1467.2001155530465,1441.540911372253
1610555638.39J2ZWBLuLTHP0jOlzB4tNHmYeijH5g5YJ,1088.1759969899733,1530.1079772434914,1141.7824770782815,1440.8119321774168,940.3201098608033,1298.410311151837,1218.3180861959183,1132.320786565277,1075.990956791576,1416.422064215305,1574.1524244837879,1511.7826403593174,1546.5327984530861,1175.6246038561437,1475.3546726587415,1411.0270313504695,1722.450388165027,1596.5684930607626,1203.4579240078474,1378.1130634200147,1539.7293168878045,1635.7095756218725,939.4011932757336,1140.4147837162882,1396.7425610050905,1307.6207403895385,0.0,1524.1193704068332,1498.5936694948643,1223.1503631939884,1235.2956604861613,1211.7935313131723,1520.3570243009297,1483.581285483433,1459.100065851757,1446.879777313004,1333.9032915565037,1471.193764961523,1504.0014776338355,1474.3964154512826,1380.448348521694,1627.2366047500602,1397.3012123433698,1495.5440808191984,1534.5287605113697,1606.1415700791474,1417.263822813813,1219.7843571559,1407.4759719104784,1313.8142645402427,1451.491617544822,1149.257878317328,1590.3532485322391,1650.7525945390644,1357.4382482129845,1229.927107235169,1398.3073763792506,1469.1314625615764,1442.2837685321103,1305.8658029096634,1600.4538912637702,1710.5139530764447,1447.93794357293,1625.9663931036089,1364.893675438173,1692.2298029979017,1313.7796805414785,1579.296050498849
1610556032.17Q6yCDx9g7alRnL9jBFXD2JhhUyB2hKfJ,1519.6350965299132,1354.1119103845465,1547.5804520091785,1260.1192638973685,1501.0152285629024,1428.3013054174216,1510.9991095230735,1535.3181320454682,1484.9686948389551,1522.985249029474,1376.4743599271915,1049.056774832418,1589.6261996752046,1521.4533897928104,1471.3581577298285,1325.5500007356104,1545.8334520051155,1344.9519028714299,1422.2785605621755,1381.5084637349141,1090.6726277446496,1314.964368095213,1487.170835030415,1540.6836468588324,1388.5795471373478,1448.6905577122302,1524.1193704068332,0.0,1376.7074465891153,1494.380640626112,1539.6368622430175,1481.7363345333297,1573.5259027580948,1291.6299673393694,1313.780231238345,1273.4941907521613,1396.304899044193,1331.6758235745262,1342.1483518150546,1454.4495514815615,1370.192140083347,1183.213625942876,1391.9782263991178,1141.3430449392058,1385.3235208290735,1338.5527491825806,1451.1865030318595,1461.1256982551006,1518.391444910914,1466.600906275602,1056.0545784958206,1499.2200040884156,1522.195556627432,1460.072484918809,1498.4186645199143,1450.8107086028738,1313.5043485280019,1190.0293080123547,1152.2600559301131,1422.1685982658937,1280.7356962933875,1519.9140648575885,1434.133653606548,1407.3548113537236,1385.2088981925367,1447.3396557322396,1437.5492205644073,1236.2217100695525
