,1610555604.25mOvVXuL01OCiReyVWBfesjuvXmB3MoPy,1610555605.43B6oDsBtWRQ29Q9UMQuTUEPZy3FSSWXzc,1610555610.92HPGJJSmyPM40z7otPBgHalNrHFA7zk5d,1610555606.68LaSQbm9EHAFycEfFtEqAwYqlBsQPjIRW,1610555617.19EKxMEwDHfXiEJZc27TsGoERaD6Da4BZU,1610555722.52PJ3FD50MGhRXyUD28vluU8Z9UjLJLZn4,1610555617.52Ijr5puT55g9apK8auM7zaxa3NANg502t,1610555638.77ZLjTLkz4jYJdFMI2wWBztzsDILkoOtAk,1610556912.46C7tJPLF0XfNnm8f1820X9aLmXMHoc0Dw,1610555617.51LjzIROg0aeCP2GhDcAVQ0LipKJB9jmKc,1610555608.17OpjjHobqRkX0UPcaXrbu7K6L3805SZri,1610555721.82zWeNZfGUUfRJkgnAwlP8VMhPzXctnSd4,1610555735.75bom85BDF0C7W2eIseHeMxi24qR68nzMi,1610555735.77NnT5xqKnwcf2BbjIekeb2arTQj6QMNwk,1610555638.33wjf1PhdNaoWfbRzXVn50hmFyB5bYAiLV,1610555606.65jCE4ig8Pu8kvAzkxnSGfWsV0nQBjCf8H,1610555608.18ONsBCVo1i7BrX0XG9stct4oiA6ejX9Oz,1610555721.51RNoQUMP19FTMS79BmA3JkgSm2IC2AQuQ,1610555971.86O0cHB2ibBJ8jxoObg01EpGe8VVV5mpwn,1610556911.51zU3duZSGpcw1BDNsBLxdOCITAXwl6z3i,1610555988.71dMoYT8250UHHJGxgmITTmbHe7V6gH1yU,1610556042.81mlUZsSp7gbGjrp8jQSnybT1gPy6e62o1,1610555637.02UBW5nKvDyUrKnaWcYRGajZPxTRDS0q3N,1610555619.13oUYNikU4facCTpUSiSLr0vPI0tJLnXiT,1610555721.03nzkucfjAUh31zTbmCVvTVYqtjoxZFnBh,1610555722.67fhKURdXVzRbLIjXmjRwdJHTnE7PWb1AE,1610555638.39J2ZWBLuLTHP0jOlzB4tNHmYeijH5g5YJ,1610556032.17Q6yCDx9g7alRnL9jBFXD2JhhUyB2hKfJ,1610557007.49MyVgDnuUuBxrvL6SGOdhKf69VYlW1MSm,1610555638.44hjT5hbYdKoE3MB6hijrjqbjmLgvCUYKD,1610555608.13zUvmFSCRt6SsLbhqFznMEvGx54GPGQzM,1610556038.62a5C4ynd1AARyAhTv8a58NCqHvXRjscqH,1610555644.45Xse8u7pusHNsd7F3d0A32HXvXr6weOJE,1610556038.62gKXOCG7XCn55eJvyl5voNjbwOW0znQDq,1610555987.13v0oleKK97pkesp6oMgprH8SoSdoDVdIO,1610556964.96ZLLeiQW0qpmxhPGTg7K03fmzkqsC2bjC,1610555987.13VQlEedQ50VvkPMEMzZDv3KNnQCewykN9,1610555982.186TY6MMGkDecIN1woW6vsfAMXVV7jnyjO,1610555982.673LuMndkwkvdmZOn0MmE2Pkidx0FtNalb,1610555733.38zItcuH7gHNfKdALR2d9Nek6bxCyw36Vm,1610556034.15BQxSbZINGCay0yp6RBVlgcPrw76Yn9ON,1610555639.37BPZpgtGml8qUsh9AdV4m32jPLfI2aNFq,1610556965.57S0adAalhWYe6K3bkZU0bRHbqnDK8gGkR,1610555983.54zteLPCMjyrjzPdhHhlZr3faCgD0TfYr3,1610555987.79rHnNRmt9a0ufmnwCvZqBouyUoZDNpylW,1610556960.041xWER61rmArlsKfiMl4frikWmUCnQ7op,1610556035.13a7NHZDutfTMJ88qle1gTYY59Dr4WmMsj,1610556890.456ZBDaY16bMtrTZTqAgHl3wq1tRxzqDow,1610555760.24e6890pkbyZ97Or6croI1rQgjkSsR0yVt,1610556043.02YpWMIJg3W004iqlPyv8OcVAZdSC5rNYw,1610555987.03z05P26TLtONYM1HSzupoc2CeNMa6HTqr,1610556032.15OYCzUxpsz7b10AXBAuDXrvEcvxFhf0M7,1610556032.63Z80yI9pNwS3jSmsDABbuhf8wkNa2Ze9y,1610555736.28eGuESasTXdR3SqY6pHhEXWZtcdciYLCO,1610556034.61bebeZA0MkaFG2sm3VKiqrxeqQginTTW0,1610556944.5XwXOphKYT3ZkWA8gViqOS97VHVuMVUqb,1610556944.745UVLFBzf7fPh4UH37I6tYQOFPqRDytEh,1610556034.63XsUwaFaPZevO1JNFjfhvY4aKNFnV4noV,1610556964.89xwBHw9faT1HjQRMNQEyA4qJ3hWkwgj3k,1610556966.74DydzH91jtyvRyYau47JpVkZoMRSNTt01,1610555740.77UueVziDbaXyRR4OcVJIIZyzOfAzN51bj,1610556046.84e3vwjyRCzqz0wJQhrk8zsxlFfFSv98Df,1610556137.99eoPuVrDThKAOvmeprLPb2FWRqIhzUodc,1610555740.73XFwSrmTXJPlaxGZSefh0jOVA8PI3III1,1610556123.88AOfNaz9jSnqU5Czc7okOv1RCrYfKFBTo,1610556046.85nB7NvyoYQeLcOV391Lmmut1wAM8CFGLw,1610556123.89H4pdIAzDthI7bMXMhlIhKUYIQIvtmPPQ,1610555740.87GOYQUJKpkynIS2lFqppYK4b32ol7NeGh
1610555604.25mOvVXuL01OCiReyVWBfesjuvXmB3MoPy,0.0,419.5138559326758,107.89362949539435,334.9970590492859,235.7642061102857,291.6433842613349,230.91383780415433,99.22094137312732,226.32921896874203,289.885810187135,522.2251493016795,392.21580175618664,376.24986845184964,180.57592994385757,451.60154261717526,254.28117718317063,681.2876091668264,525.2710480460954,259.53725643701284,237.98115624593083,482.50986288514315,593.3313515682089,240.45747080263206,114.96792118478498,346.0724237790086,334.1524217859508,222.585272630977,372.86208127084353,383.0254807162936,231.68901169386416,265.4221459077936,323.3761549023944,375.0396697488375,317.2543140081378,332.08770852004204,400.9517972129148,300.9442446976238,316.2460547843224,372.2578833719199,391.75424911109747,330.7586177677178,604.9151166329576,372.9853059511562,359.56703117470323,451.99611371318576,540.7531834205281,313.11044603774354,249.35495193716733,269.2581680430899,439.90122891001624,242.25291518471357,243.83354116371603,343.3138871429868,571.2237569553317,225.04446318143036,331.1445215218612,367.0127188394123,248.36846636507187,236.55874037500126,356.4543357083092,564.4020399564396,643.1983342088246,282.81101071831296,610.0612305628616,275.33262470830635,676.7114548491298,390.61032637587857,526.2891386477055
1610555605.43B6oDsBtWRQ29Q9UMQuTUEPZy3FSSWXzc,419.5138559326758,0.0,464.40995141780064,331.5366920651995,454.76526332257026,367.2109519233369,400.95876901048797,452.7111109428036,426.44629473241594,345.0381338049952,368.2183515103943,341.88197763232614,343.2710937800852,452.43895847096337,377.6491177948612,396.69427376969264,468.2253369428255,210.45335190916933,416.541349375934,411.76987702691434,377.8031543837918,420.25969747595803,450.7626436499313,472.1879057641824,347.6033009348888,374.2891945174099,448.8606499945681,340.4794949205489,332.7134455230064,436.27200811901616,383.3929886341428,345.7986647596472,322.3343885535048,336.62548237883374,358.51925797803335,363.11054207288424,368.63654906321534,328.66025966150596,330.67695829371235,370.308525591885,334.3247930425939,435.7661668289733,366.0524575634195,332.84054076230296,253.67060861033002,221.34843697184297,371.2213187621784,457.46534464952134,359.0057485095554,377.2192559895409,383.60948489129237,443.22844195553944,390.33008364727476,418.61081399948074,436.80292891233904,346.70041863922546,346.0277220165828,407.9129067983025,401.457295947444,336.69805733885727,407.294742780006,453.8724679956992,365.05192255974146,437.94792385223127,362.25209216604003,486.86246792560104,365.3094621983088,387.83887144867
1610555610.92HPGJJSmyPM40z7otPBgHalNrHFA7zk5d,107.89362949539435,464.40995141780064,0.0,369.8816403015484,221.89588311167907,323.04838806481064,239.6005387076206,103.04630544028635,235.74988040223005,319.0702940138732,571.4018372992881,449.7885248953535,409.4109779255043,177.46958630732865,502.68615030602297,267.9988791039692,735.4240062951222,583.9976615176572,267.17769040775624,238.42027130489672,533.580664349937,653.194204163941,225.8832761034951,109.66470226783234,384.06530902527527,371.22737712884583,209.6161876057262,412.95526503623734,423.86594983849915,218.7824777637895,287.0281437593313,358.6354921663619,414.8811741007138,349.33982634311656,368.1655202683706,446.21414030227766,331.9424086299431,350.25537662102107,410.1144258885011,447.64776511302176,367.18123688591345,660.2256192084075,416.5517169486118,419.08242991999015,496.8702712445114,591.9898705825009,348.5272968421117,248.76809330037798,291.692262961005,485.1784887911573,278.02213654736124,245.19886447237272,373.57887759117926,622.8205579130391,215.1843279943525,367.793643774962,408.17543761583397,251.90486146395733,259.72209202999727,399.21104065711484,618.4083284918004,696.225825099046,305.53341035845,664.5975002882103,300.7041529245976,734.7874002105636,432.59082694097094,579.6377947273041
1610555606.68LaSQbm9EHAFycEfFtEqAwYqlBsQPjIRW,334.9970590492859,331.5366920651995,369.8816403015484,0.0,371.9115408574392,329.3954297190774,332.15169975017903,360.2421833749009,341.41328495779027,312.99944092151475,401.82830097359613,323.2053511659954,357.58112321712315,369.4552365807321,392.767475069203,325.65731995217027,552.2472043593323,406.76309463671987,347.4594259743993,335.13858238547937,386.6654873056175,472.4242909896905,375.8908626109785,376.63399251576385,339.6539886101237,346.56522835685604,352.47632631136463,317.3819749293205,331.3255434442352,364.658999530942,313.26171712688534,326.3565967031047,332.7686241580369,318.394635262887,315.2163303738249,350.4621261134615,318.0288648343541,307.6081172544592,338.20278242360837,359.20458325055256,302.25281773371796,469.8319201275906,354.085069974734,313.2534851863621,357.07404046306436,426.0129250959109,335.4216823567936,371.14265405184125,313.56244317200327,370.5848858150196,304.1373819169405,361.866931342742,351.3385707142395,467.80545005097906,349.35195399672386,332.0201393436924,348.0125587208763,323.5597364095487,326.7951172199602,339.2175360454562,448.42899454414635,520.9840980707697,310.0560069400658,509.2258105396145,302.1571676115732,562.5828103005754,338.15709947614425,420.31358843195414
1610555617.19EKxMEwDHfXiEJZc27TsGoERaD6Da4BZU,235.7642061102857,454.76526332257026,221.89588311167907,371.9115408574392,0.0,333.23067885496295,219.86029882170357,224.1517313179807,260.59508924822546,320.12967939305247,552.9084767061828,446.5968427980638,407.8023389263238,239.5515724926965,489.7572209747047,276.4754516527446,711.9679949298003,568.1573183839522,279.512159511882,268.11178860266733,522.4448446892171,632.773580093053,238.46217501819385,227.19544374486378,377.2813400962182,374.32029342496094,235.21359571404565,411.14796002154225,422.92448791622434,227.50980614417173,294.41890139046393,349.87090540504363,409.254693709527,353.5594379790655,369.0951509687618,444.5551772447642,337.52139020656665,351.7532201723826,403.57097875447965,444.4098300317,367.64078121277737,650.5775992952824,408.42499962822393,425.90323986320544,488.1539483627924,576.4831397831529,352.82563708809204,274.5190705167217,293.16551901255826,475.5926905137198,294.17617160389796,256.0242132550347,377.52237938390937,609.5527375739797,238.3268542387634,360.5235361025956,392.27324359305925,274.9889631079263,278.9874100971639,388.3989657664474,598.3810265044591,678.4315477222373,313.998658046385,645.1625856947654,308.428539759185,717.2572207165853,429.3312402212524,553.6868134710431
1610555722.52PJ3FD50MGhRXyUD28vluU8Z9UjLJLZn4,291.6433842613349,367.2109519233369,323.04838806481064,329.3954297190774,333.23067885496295,0.0,296.01609614409597,310.39490333109944,296.94933749566275,307.3719611498971,447.24200776058825,359.0828099038696,362.5275288398899,312.73139139797524,406.86719217244047,303.25735741993384,591.3364191800114,451.8074331642542,205.8135867048775,310.16566368666895,425.6138344567013,504.6835779807426,327.88191819897156,324.3802618909336,321.8753463770485,211.53059605008025,313.655644861238,352.16410731649415,358.30459067215185,302.70314799352127,297.9361651026219,295.3164140925849,357.47085483027087,323.1104605485741,319.5729292610259,363.2344834709193,311.47368170008843,318.84289648436663,349.55387134863304,371.5006608452131,328.63718959416417,527.678142672181,356.27006138298157,349.653097286825,404.70974113666927,459.5094788211737,293.782652515745,314.764578454702,302.7729602565704,393.55811442813604,296.8483625982866,304.3238323789582,338.4433771025788,499.962976761816,312.11767879631617,275.77350061600043,347.51430549491187,309.81371144584887,297.2592922748246,298.57180903548993,497.98258716665566,569.0631516899555,310.2697601940233,520.2010490932634,302.8600457759673,589.1998394049547,352.01206285077956,459.2680194358917
1610555617.52Ijr5puT55g9apK8auM7zaxa3NANg502t,230.91383780415433,400.95876901048797,239.6005387076206,332.15169975017903,219.86029882170357,296.01609614409597,0.0,241.22544723650827,239.74063235272595,292.7836618078814,492.46458756542927,402.29003861631054,368.2637302316705,245.3982695327067,441.1958599639274,268.23361367599483,653.8165385454994,510.6046529165016,262.7244919518068,270.4623676401587,480.44101039216287,574.9281989949618,260.02466495253276,250.96844120591282,342.4092477624681,334.52314315857126,253.90584452193363,363.1690659224659,377.8933550557222,226.31120609605645,276.4417934675485,296.51329333518675,368.8923729123295,320.94640018455436,331.7191801877767,395.6558223970786,312.1960071701857,318.8336584342539,360.7855912604513,391.76287549565666,330.2159982777701,587.4536878966334,372.94682076893395,376.23307344941264,432.0277268289231,518.5354672679925,325.1631423694731,286.0378739479207,274.0849212028336,430.9456212137505,281.91990145196985,269.4487863272955,342.44264717714475,548.8330509611145,256.4706138377037,319.7104353593785,358.4561050194337,275.24127036830475,276.4937794922672,337.4460351164554,538.8553286810006,618.6219274063333,293.96992607430604,579.7131679202694,285.36970087284345,653.3711380577123,388.0383142982748,504.47862652209284
1610555638.77ZLjTLkz4jYJdFMI2wWBztzsDILkoOtAk,99.22094137312732,452.7111109428036,103.04630544028635,360.2421833749009,224.1517313179807,310.39490333109944,241.22544723650827,0.0,222.38799636054188,311.02510616467185,561.2494589228027,429.26102824570734,400.4402675719285,157.56059199415853,484.9688325595629,265.69846972155744,722.3457804275139,565.8214290204929,258.59586597576794,237.01389667255108,518.679586589744,634.287027919464,228.65039116064514,108.15045495202739,373.32300936535194,359.37636227167957,217.4753654627625,405.67570459380033,412.75675466184094,220.98946088118953,279.665078455484,349.1290335421319,404.34039800694615,343.4219452940548,359.99037572477675,435.1423061256379,322.1068671758925,340.45505778474205,399.9075530331549,426.78867710419627,359.6242600378717,645.6399790518736,408.1211396893535,398.450341331294,484.99025915855896,578.4488914935046,339.1195096979711,241.00254714134252,285.26899787056624,476.68159753269435,261.1596878971443,239.2536890847533,363.74136700618175,609.9849981571446,216.63350665297608,359.39831101307243,396.5996023184353,249.94343920001302,245.80359401755607,385.6971890635497,604.0589707050335,685.8222225675846,298.4107584791771,651.7690142890513,293.1937947670602,718.2139808957589,424.37823524904104,565.1753248952936
1610556912.46C7tJPLF0XfNnm8f1820X9aLmXMHoc0Dw,226.32921896874203,426.44629473241594,235.74988040223005,341.41328495779027,260.59508924822546,296.94933749566275,239.74063235272595,222.38799636054188,0.0,303.8084381156657,524.3391362288569,399.7063731375146,386.5619392390408,241.84076235886806,452.225620845254,272.21551699241303,682.7572799299548,527.2996307276135,230.60765229325125,256.75673247557705,476.0111489836008,590.7733296794609,260.4980022516063,229.0107594940246,355.1815736338895,344.6140128069899,242.95915907802421,379.94503635173794,392.87062573984593,250.28129706182676,280.02017190927074,329.61462879464165,384.4674576589329,329.1371927334911,341.5661623811517,406.69185437645194,313.4506128915333,328.0386036830707,380.8041274046006,408.70285743650163,349.07997046461287,601.7278382109093,376.6069897624892,387.6643838206746,458.90923278444035,544.1831954430864,319.9623672608357,256.3673041174487,284.7945354117844,441.8534847838168,265.1197290806279,264.5170129903113,354.7974925140823,574.0148665638746,248.2673209142085,342.45067057742926,376.4086419837761,266.04073398423594,253.8406304880695,357.4775501586773,564.0834712804485,646.0153219688335,297.4338137812449,605.8477556920717,290.6572671072553,675.375581257652,398.24681464976095,521.0658119243282
1610555617.51LjzIROg0aeCP2GhDcAVQ0LipKJB9jmKc,289.885810187135,345.0381338049952,319.0702940138732,312.99944092151475,320.12967939305247,307.3719611498971,292.7836618078814,311.02510616467185,303.8084381156657,0.0,455.15844936027156,356.9689673234767,214.19772357479073,318.9525632793273,396.0624243651816,291.8975503983345,598.1462727361316,444.2829142691556,319.65702883314515,306.9790252721748,422.18332091048865,517.1261788952786,315.83540005496945,325.4784197772125,315.8638213352738,337.7617089709692,312.08505625486265,344.52557144596705,318.2979629269897,313.09446850479975,276.7582336192219,306.26786726559664,178.77399429786118,301.80823374086935,316.6638370004384,363.5640717332223,295.63698837635695,298.56737892845115,331.7636933029605,358.70756005613737,310.88669185377324,531.8825568621114,339.81265099140916,345.0193141938773,389.8776446904234,454.17423947595796,310.87700992318804,330.9703906912066,175.12869661068777,388.00632179476565,293.1718354143703,318.2288533775691,323.02922467049035,492.3941433908952,308.37210901172625,306.31622316933795,335.8409301674351,298.5312914396693,303.86888711571027,324.9902856057677,489.56977575451145,558.8874299817854,271.38003377610386,537.1105692992056,246.89194457526,595.2843382062802,354.58892501248164,453.3773078160503
1610555608.17OpjjHobqRkX0UPcaXrbu7K6L3805SZri,522.2251493016795,368.2183515103943,571.4018372992881,401.82830097359613,552.9084767061828,447.24200776058825,492.46458756542927,561.2494589228027,524.3391362288569,455.15844936027156,0.0,385.15510666367885,463.9577163681691,559.6662905758086,408.49517662502706,478.7192118442896,425.6502546257605,376.1199635892181,514.7736958493354,518.1129622265892,386.8250296256313,410.05851602716456,559.6287108484805,581.2492316908116,421.0801350144998,439.1190968174812,544.9016801976488,406.6880100248984,408.9451664822547,548.770870235513,472.97570730910434,423.15575184126425,425.9007640838601,432.3760379435071,422.9212886062497,403.32214938826456,446.0814064213368,434.5249633760115,432.65146834300043,414.46283299521684,414.3497726435229,381.3110370696431,419.30008436870384,401.8760962514153,380.76001954950266,356.6766561362542,444.93552408086487,547.007420125279,468.4400743735836,394.2554873758082,478.82081324948155,538.407480701788,442.5467517841099,427.20766425928144,537.9562845277403,417.6529189580908,417.75675317308463,507.9922691305503,505.4084835434514,409.0578499580499,429.2772459190977,442.329969286643,460.97463388332994,437.6380924811191,451.73213727823224,467.703268393655,399.1159167769482,414.09533260480623
1610555721.82zWeNZfGUUfRJkgnAwlP8VMhPzXctnSd4,392.21580175618664,341.88197763232614,449.7885248953535,323.2053511659954,446.5968427980638,359.0828099038696,402.29003861631054,429.26102824570734,399.7063731375146,356.9689673234767,385.15510666367885,0.0,380.433530145547,422.85210902676266,375.1054487169068,374.54032782752523,500.86925188871,325.131604520416,402.90376247587074,386.60190085369555,294.07454791926506,354.53644421659857,445.09485478539375,445.22237669543995,352.2527230071546,362.348891256418,430.4074046415635,345.8175199503669,327.11675233618257,443.0709452610415,371.0064851990753,354.8660816734807,346.71150081017976,342.29930365349844,329.867530447672,325.21698515419365,351.35780810689124,336.91886717086004,355.28673151116845,355.3415885832459,350.2210930272672,422.7589264272883,355.5105669230754,308.3772527589347,359.53157683746053,398.99474719389497,356.6559661837374,418.21254455985894,354.07254099656205,352.43923199810325,270.44613940695115,413.4686488069642,380.2699575726805,421.0913682577402,423.0718458426406,351.7994420876608,350.92174276710386,380.8280420188098,360.2145667407634,353.41266310674484,421.7798565874152,486.90759334370495,335.2191414942601,463.04441792302646,329.84823572671417,501.7849488300479,337.5881319058026,399.0705281435701
1610555735.75bom85BDF0C7W2eIseHeMxi24qR68nzMi,376.24986845184964,343.2710937800852,409.4109779255043,357.58112321712315,407.8023389263238,362.5275288398899,368.2637302316705,400.4402675719285,386.5619392390408,214.19772357479073,463.9577163681691,380.433530145547,0.0,403.9088531545925,404.35937051247504,358.7494742819169,587.3619491584764,427.8448319753269,388.81910535836664,367.9319006583087,431.70845125339,503.44858642959196,405.141247488832,415.7632282576877,367.21096758435334,382.02357498343866,400.02668139475037,375.3985320992336,345.23149740008836,393.1714389569741,342.15527417635275,354.0477835852416,147.6652368932768,317.90962061394623,358.8674643993565,390.71210036991033,349.0555229720471,315.7409471163911,377.5696576287991,386.6733199569099,350.48407617832265,522.6724800721429,372.93750621840314,368.761028441939,393.4974152582251,436.3044427483486,368.20930669482686,413.9474228402851,284.64019341807375,411.6768326392709,361.99509638466526,400.5214310192213,364.7551426600678,481.4336369422238,385.88459038673415,360.39131599342835,379.75603077006093,372.41297805530115,375.13245595312117,363.54837447308176,479.2993326142047,538.9064558716373,316.84029022276087,530.8943763363021,325.3176239698218,574.1897682014218,387.14735213153693,449.01760517690036
1610555735.77NnT5xqKnwcf2BbjIekeb2arTQj6QMNwk,180.57592994385757,452.43895847096337,177.46958630732865,369.4552365807321,239.5515724926965,312.73139139797524,245.3982695327067,157.56059199415853,241.84076235886806,318.9525632793273,559.6662905758086,422.85210902676266,403.9088531545925,0.0,479.81749473578117,281.43856140173165,721.507225630569,560.2258106057532,254.43587070307504,249.662186978162,518.4348485187602,624.3494342772499,243.07323325543226,179.1707973653632,373.79875111439424,364.0312345920606,239.6860219906331,410.0608249161285,418.03138745692024,229.42284788428432,294.98510174366857,349.79541020413393,408.6585653796828,352.4576416177449,368.5617066453087,439.2274644164231,327.2648458663175,349.26890076680286,405.76881320104303,434.8146060196269,366.85391716066243,646.2712629215524,412.01517503539134,412.78561729345626,480.6644057588783,572.8027946009352,348.2403800662696,255.44906414153738,294.53897494902935,482.08296334109406,268.11212247926534,251.38183650615207,375.69285044380143,609.655562583755,236.75397957198436,364.0112955036185,398.0708257721514,265.86862812344435,253.51720507818263,387.0479958212505,600.2996050411471,683.8541876539581,313.08349618166244,646.6697759216473,303.7145753520407,712.0046985339268,430.7356717657769,564.9037122572257
1610555638.33wjf1PhdNaoWfbRzXVn50hmFyB5bYAiLV,451.60154261717526,377.6491177948612,502.68615030602297,392.767475069203,489.7572209747047,406.86719217244047,441.1958599639274,484.9688325595629,452.225620845254,396.0624243651816,408.49517662502706,375.1054487169068,404.35937051247504,479.81749473578117,0.0,419.6537214509398,496.95823383761854,409.2322601692909,453.51417855390787,458.29730472142614,383.48658800619006,442.74059426543187,497.5866867081448,506.7342303054557,384.9806615712118,394.9401291555776,482.0388003675984,392.7980047022833,381.3179466662101,492.888862667917,406.9320353993071,386.81768747782763,380.50562402122614,400.17509009780696,360.46962061012243,366.4468806479566,385.5745555595325,389.9001406255442,395.2954142201728,378.5957168421736,351.0371338411962,439.70997225713256,352.80779187156,375.2404981147852,378.96366351605616,411.11038999560816,395.25867671490624,473.26962074074623,419.48586108404896,387.3462498658331,424.50074179079064,460.55665570245685,424.48938899551183,406.5044057163745,473.71575833327785,384.2512311687714,363.9009024758139,458.07618697855423,442.97657108760455,381.9484664201095,434.41108950491747,478.5336089630596,417.6950187278844,458.0059790095361,409.02321018904496,498.1503261268556,385.83384244296093,412.7014797696042
1610555606.65jCE4ig8Pu8kvAzkxnSGfWsV0nQBjCf8H,254.28117718317063,396.69427376969264,267.9988791039692,325.65731995217027,276.4754516527446,303.25735741993384,268.23361367599483,265.69846972155744,272.21551699241303,291.8975503983345,478.7192118442896,374.54032782752523,358.7494742819169,281.43856140173165,419.6537214509398,0.0,639.0772128757736,500.42384359889786,292.6139109388319,249.01068859480196,441.7509504059238,563.6086509539301,286.9843462051588,275.57647278861145,340.6327223649173,344.417536007911,266.8609906488119,350.7422187564545,354.3592703706858,286.68053004102285,271.07623633140497,324.13957945107063,347.58229171735803,262.32208746484923,271.38029121893084,369.4205745826896,290.04140247714054,271.99086516887894,359.8791407301218,394.3686332044861,299.70374013272675,571.0879457106956,362.71175450982355,364.9677191469804,437.026526584494,509.2682406163998,309.871402943971,286.2580113586388,276.7730814552391,410.6073433964297,269.8567844849593,284.5385023019132,338.6599394937162,536.283773286036,249.57567033148706,329.25095383460956,365.68838815939563,256.75729512577004,271.23106182612264,356.0329912975988,525.5617482684179,601.4086473777334,266.82168444120134,577.9016065367296,274.9829334116935,632.6622664533995,366.9289118486178,477.5619323507321
1610555608.18ONsBCVo1i7BrX0XG9stct4oiA6ejX9Oz,681.2876091668264,468.2253369428255,735.4240062951222,552.2472043593323,711.9679949298003,591.3364191800114,653.8165385454994,722.3457804275139,682.7572799299548,598.1462727361316,425.6502546257605,500.86925188871,587.3619491584764,721.507225630569,496.95823383761854,639.0772128757736,0.0,427.5799384309639,666.9831523214327,677.8653079220812,459.4926682816229,438.2204869410689,713.7850737749967,746.2018865576819,540.5904912304317,558.2720810679857,710.1009689901927,530.4309400709111,512.9046346221701,705.23016527964,612.758568917646,547.9741056718455,548.4818607957997,576.502635962828,554.1698252311223,485.24811948291097,583.9492891279498,559.6212655379168,530.942639280906,519.3906368840476,549.4009146256437,434.62404187366985,535.2019396151383,516.39676702895,469.29327261434474,412.9948977544626,582.0420390794591,706.796347691032,619.423590387991,479.46390053341605,632.6249767333032,696.7652629508998,591.7206117175297,440.82587288972803,702.8469090973696,542.4386796773348,520.62950847342,668.1603103642326,659.0669622122062,525.337868833322,476.35752810416807,434.19012871307365,605.1286759210637,442.152585216791,602.1480171123177,445.0809391425346,505.0097253162122,475.46064902772787
1610555721.51RNoQUMP19FTMS79BmA3JkgSm2IC2AQuQ,525.2710480460954,210.45335190916933,583.9976615176572,406.76309463671987,568.1573183839522,451.8074331642542,510.6046529165016,565.8214290204929,527.2996307276135,444.2829142691556,376.1199635892181,325.131604520416,427.8448319753269,560.2258106057532,409.2322601692909,500.42384359889786,427.5799384309639,0.0,515.0800534971771,521.876820556759,361.95497268681015,361.9023228732278,565.2975670793497,584.3221597697161,421.06840702866674,447.3108871764347,560.6178472660007,411.10639490088283,393.5980356948776,554.4563638455478,480.95205623645154,426.4801164654986,399.4409738401017,430.2173405361411,437.4449164796972,406.91565229821975,457.7269723260757,422.3339695628659,400.1236029144756,412.9047548911273,418.6031941500151,412.63038608631626,422.1589294341656,384.4121341251145,308.9850374688335,237.66053923693033,448.8037575695308,555.9736483795618,464.7149179775963,405.14508761720407,455.3156223961556,545.4186793202566,467.6767188714027,414.5071545981851,552.9966552676032,424.8857331557677,409.0742936121787,518.3366109693794,497.59660983626856,404.17025511916967,392.9137113853666,426.53641064018456,460.41947365325564,412.3306532615366,455.1405047828506,442.5610319515369,412.42690978483927,385.4040088168323
1610555971.86O0cHB2ibBJ8jxoObg01EpGe8VVV5mpwn,259.53725643701284,416.541349375934,267.17769040775624,347.4594259743993,279.512159511882,205.8135867048775,262.7244919518068,258.59586597576794,230.60765229325125,319.65702883314515,514.7736958493354,402.90376247587074,388.81910535836664,254.43587070307504,453.51417855390787,292.6139109388319,666.9831523214327,515.0800534971771,0.0,281.64914865625485,480.2289832994872,568.0196901848409,279.950618081787,265.90142316843816,361.1928240183755,289.7752489328357,263.775633333779,388.63326474254376,398.55005582507715,250.19292607194689,298.80843322959015,315.4540399185454,393.77563104797514,342.4547948823646,345.83948670036915,409.7165525807147,326.89096198884704,341.4747396181666,383.46656246956445,417.6311587698606,355.6345659813815,601.7895873135177,391.47982751480333,392.0347974691441,454.8928208777234,531.2254032073599,330.70482392475895,273.4166830657104,303.4264725347682,439.941738692627,285.12801942309466,268.006191690687,364.6611626568279,567.1677415226768,274.71859666883694,342.94642739757904,377.6599964025087,287.40049461557066,272.4489806568463,342.78709421759794,559.7477839103215,640.0322502498847,314.2648054047036,591.3303264218894,307.6465766991118,666.7502249281937,393.72440043830244,518.5866005284375
1610556911.51zU3duZSGpcw1BDNsBLxdOCITAXwl6z3i,237.98115624593083,411.76987702691434,238.42027130489672,335.13858238547937,268.11178860266733,310.16566368666895,270.4623676401587,237.01389667255108,256.75673247557705,306.9790252721748,518.1129622265892,386.60190085369555,367.9319006583087,249.662186978162,458.29730472142614,249.01068859480196,677.8653079220812,521.876820556759,281.64914865625485,0.0,466.29250476072804,587.8474504516532,264.951747541401,246.45747658486354,358.6839872014982,357.1117034324361,246.53919653486145,360.9478951498468,371.35630774833254,266.1739089025433,279.5681469385851,337.38418641788473,362.3770238791037,296.3088277523499,326.3234495413764,387.0743806216152,304.56202512712406,297.97991376637736,381.2406372944654,417.68745085567355,332.0534326196042,594.676914505845,386.47044974741556,374.3874511177385,432.5368077385427,534.0658622344785,322.83569093384796,265.637970434104,285.10077075409725,443.83803073245406,256.3962470715822,268.8097875714237,354.0491524428838,569.0433974578629,239.5803696920435,345.4610113967005,375.21300302561,236.97894252613037,248.84254178288293,374.3071825514398,564.4794517898222,637.9216195092848,265.0430793471138,616.7304006511107,276.3902118449616,671.2710716238508,397.1739084419373,525.3147919832694
1610555988.71dMoYT8250UHHJGxgmITTmbHe7V6gH1yU,482.50986288514315,377.8031543837918,533.580664349937,386.6654873056175,522.4448446892171,425.6138344567013,480.44101039216287,518.679586589744,476.0111489836008,422.18332091048865,386.8250296256313,294.07454791926506,431.70845125339,518.4348485187602,383.48658800619006,441.7509504059238,459.4926682816229,361.95497268681015,480.2289832994872,466.29250476072804,0.0,375.90005262440593,526.8822918012164,541.1718244404432,397.35808410188207,406.59811443230694,511.29058821633936,384.20052739538676,377.23222347649414,525.9227015148562,436.2393143858722,405.2658800834979,393.592600505836,404.86260643990585,363.6100303161993,357.8660680552237,410.5759575058069,397.7767914032023,401.7218618837107,388.96803961874326,394.20105174450197,401.15022395668484,388.9158897194371,360.3182574924441,376.2959484483376,394.9801936812912,405.777941755389,501.41597649552637,429.25587476409976,378.9057646251791,409.37038126689805,498.0979623247144,428.743586216692,412.11323312250937,503.83296925050763,398.1383533900182,388.48238512627603,456.0669972136993,449.08302721269513,383.4385884581901,410.64108404798094,459.52544732271264,414.76582038354036,430.7716449095761,405.2049118446888,469.7025721381295,381.4131068120026,396.1579502323267
1610556042.81mlUZsSp7gbGjrp8jQSnybT1gPy6e62o1,593.3313515682089,420.25969747595803,653.194204163941,472.4242909896905,632.773580093053,504.6835779807426,574.9281989949618,634.287027919464,590.7733296794609,517.1261788952786,410.05851602716456,354.53644421659857,503.44858642959196,624.3494342772499,442.74059426543187,563.6086509539301,438.2204869410689,361.9023228732278,568.0196901848409,587.8474504516532,375.90005262440593,0.0,616.812231990009,654.5879924418117,470.3906554956261,481.205541318723,625.8757068837741,461.6011212081354,457.8580252032563,609.4915494974049,547.4939685736834,451.5575223851395,471.3220740709308,503.08688478176924,482.3503612746784,439.68626686246165,515.1230695274356,496.3665635962088,473.67922055550827,454.99665303447716,492.74706756855016,407.2468508316637,470.9328193436358,443.23221016889966,419.0466922300444,398.21409350359676,504.5404858364239,612.1680394252361,522.1830068526248,428.8629910036814,513.9613031194075,603.80816779557,522.6345663706511,433.1801883758454,624.994258990117,476.4304847056193,458.36092598481247,581.5426991993913,554.3412243598692,429.2206195355543,413.54577351876804,459.3406891914427,519.0169368396507,418.7974948973695,517.483822497861,435.9990356740439,441.5884335258352,407.05148143694964
1610555637.02UBW5nKvDyUrKnaWcYRGajZPxTRDS0q3N,240.45747080263206,450.7626436499313,225.8832761034951,375.8908626109785,238.46217501819385,327.88191819897156,260.02466495253276,228.65039116064514,260.4980022516063,315.83540005496945,559.6287108484805,445.09485478539375,405.141247488832,243.07323325543226,497.5866867081448,286.9843462051588,713.7850737749967,565.2975670793497,279.950618081787,264.951747541401,526.8822918012164,616.812231990009,0.0,227.5638526522711,362.42853195691885,372.26397408295924,228.18036922795562,418.1443543656624,422.54730841569557,211.0146585199354,295.18263089918383,336.33584328515116,406.80497909120794,355.74599131454596,370.68903056197456,444.1416401404389,333.40304185465277,350.0079166911951,396.2373166882495,450.45269438948947,371.14972447986605,651.645550815418,419.5374213548272,428.9683622688019,482.20398343224605,570.7047210112763,337.7575652429614,271.7295821345633,273.82332557912986,469.3863370914987,293.9492531958048,258.4743659106636,379.69096653004465,610.7654296880013,241.83898384862488,339.2228587762662,399.33764227821814,269.29100444176197,279.93892965261074,370.10484277162413,599.1250481626262,679.7557781140388,307.2911750049822,643.0828325609554,307.60867364011597,713.0234390103446,425.8251223805762,569.6196008387544
1610555619.13oUYNikU4facCTpUSiSLr0vPI0tJLnXiT,114.96792118478498,472.1879057641824,109.66470226783234,376.63399251576385,227.19544374486378,324.3802618909336,250.96844120591282,108.15045495202739,229.0107594940246,325.4784197772125,581.2492316908116,445.22237669543995,415.7632282576877,179.1707973653632,506.7342303054557,275.57647278861145,746.2018865576819,584.3221597697161,265.90142316843816,246.45747658486354,541.1718244404432,654.5879924418117,227.5638526522711,0.0,392.4831137812461,377.2056140901289,212.15455655159485,423.7255456437898,431.70503458436207,220.76636796545915,292.74842866981777,365.6463538148839,422.0672570845417,356.30103798058025,374.58342057777645,454.01248260680484,338.2175288028322,357.12583789278216,417.1792896897426,451.29564294589704,379.78727566635814,672.7586094417485,421.6671857333797,423.89461263845874,506.4479895594975,601.4079675209409,351.00694785793434,243.8180523686529,297.5701056506566,495.70317466415503,265.2325455909839,245.54505585887208,380.0643272650508,630.7293590000739,218.7574239169175,377.5784134820859,417.5058694999364,255.607050392795,250.92584942788645,404.30312335656134,626.116172090978,706.9486985149459,311.2008528750876,672.5652260516542,306.8835833945404,741.7108605505633,442.76692474122484,586.2384171383289
1610555721.03nzkucfjAUh31zTbmCVvTVYqtjoxZFnBh,346.0724237790086,347.6033009348888,384.06530902527527,339.6539886101237,377.2813400962182,321.8753463770485,342.4092477624681,373.32300936535194,355.1815736338895,315.8638213352738,421.0801350144998,352.2527230071546,367.21096758435334,373.79875111439424,384.9806615712118,340.6327223649173,540.5904912304317,421.06840702866674,361.1928240183755,358.6839872014982,397.35808410188207,470.3906554956261,362.42853195691885,392.4831137812461,0.0,335.8842447422315,371.47002968285506,346.4434413067123,355.7020565882729,367.4200013201829,328.5298654418423,307.5099083772169,343.8928010160601,332.5430156893706,331.603496741537,357.52549698498973,325.64191332104645,323.00223711690325,323.88555827166505,353.9940954158056,337.2784864422784,488.7135745641353,342.38985069396483,349.3889004117208,371.62881585173733,413.1213648597381,320.10414229086945,379.60858349744916,305.540366788525,370.1889666139853,333.9882167232823,362.0294550907841,356.08722800714906,463.990815988838,364.97751221913825,284.54730952579376,309.3658262740507,355.0882578604689,343.6875064907584,292.8393699815647,456.5534544380303,518.2650552431705,332.12163562401673,470.47910365812965,325.4838461161325,539.2858230554782,346.9903288262768,429.3778768309668
1610555722.67fhKURdXVzRbLIjXmjRwdJHTnE7PWb1AE,334.1524217859508,374.2891945174099,371.22737712884583,346.56522835685604,374.32029342496094,211.53059605008025,334.52314315857126,359.37636227167957,344.6140128069899,337.7617089709692,439.1190968174812,362.348891256418,382.02357498343866,364.0312345920606,394.9401291555776,344.417536007911,558.2720810679857,447.3108871764347,289.7752489328357,357.1117034324361,406.59811443230694,481.205541318723,372.26397408295924,377.2056140901289,335.8842447422315,0.0,367.1604847368762,358.042255768464,363.4919972349968,355.98875293015317,334.7651749577822,319.17628493403913,371.4042972784675,348.40550009617033,340.2869701990923,361.91010338478384,339.6037175595892,342.9279215843336,351.7611655382107,366.84477169961957,348.23728861835775,497.02105019420566,361.8245940054866,343.64293448383626,403.9423824525823,446.40349844346304,317.1391944876055,363.07313768873485,338.91814364400693,391.20811360803253,326.7801146193379,350.1880090247257,351.6301125945952,480.3389852507714,364.056851787951,295.64673454721424,345.94750024822287,354.5430428072897,334.9090817996926,310.1000408051584,483.9825557464346,544.9299460856242,344.312017213388,496.01761665910266,336.42196474293075,560.6286825299942,354.24197003308024,439.0239160650398
1610555638.39J2ZWBLuLTHP0jOlzB4tNHmYeijH5g5YJ,222.585272630977,448.8606499945681,209.6161876057262,352.47632631136463,235.21359571404565,313.655644861238,253.90584452193363,217.4753654627625,242.95915907802421,312.08505625486265,544.9016801976488,430.4074046415635,400.02668139475037,239.6860219906331,482.0388003675984,266.8609906488119,710.1009689901927,560.6178472660007,263.775633333779,246.53919653486145,511.29058821633936,625.8757068837741,228.18036922795562,212.15455655159485,371.47002968285506,367.1604847368762,0.0,402.8536514539348,411.52912879184527,233.1622445957331,276.02882521346885,327.1086776142475,401.69445914119694,342.0014086422095,356.45908852595113,427.9352999224314,318.17987089174324,340.81166106351975,397.7446430341446,438.44223610819415,350.78631082991063,639.9160519679926,397.33523775030335,413.8609748806653,481.22772109266157,572.4842326988668,319.02149733698235,255.46131917638158,289.9729632418079,419.87793137182456,275.52122178894103,244.20434377278457,366.14415620579535,602.9855261578009,230.02302694281002,359.48246674172253,398.696981739207,249.71136739396826,261.452407869041,378.0548630793157,595.2131230969323,666.1955433064195,301.21233418999935,643.0691085101836,295.91709934504934,712.5478343937611,384.103351470301,555.8009375434273
1610556032.17Q6yCDx9g7alRnL9jBFXD2JhhUyB2hKfJ,372.86208127084353,340.4794949205489,412.95526503623734,317.3819749293205,411.14796002154225,352.16410731649415,363.1690659224659,405.67570459380033,379.94503635173794,344.52557144596705,406.6880100248984,345.8175199503669,375.3985320992336,410.0608249161285,392.7980047022833,350.7422187564545,530.4309400709111,411.10639490088283,388.63326474254376,360.9478951498468,384.20052739538676,461.6011212081354,418.1443543656624,423.7255456437898,346.4434413067123,358.042255768464,402.8536514539348,0.0,336.4079394203844,412.3267963965997,354.3803864842586,346.64400480795877,346.05799144867547,322.50032984057606,339.1241365359785,335.31892360603604,341.85600519692093,316.99600400066095,352.4368339202181,358.12829661519254,345.3574665486748,449.56526947922964,346.37499477609526,317.3872241359143,370.5499568046752,410.37009614473857,345.7789850889889,409.54640362552266,349.26818725993036,375.9649325249669,346.773217313484,392.91511762368657,368.5803331238205,454.1724867345925,396.3362251670444,346.32440347290583,346.47173254389287,351.2739810783176,348.93960734638296,351.4909975424072,426.67213258653237,510.08753326753094,332.46872610409616,476.9990321287093,334.16601538050406,530.8051417725457,356.70794815484686,404.10226548558336
