,1610555604.25mOvVXuL01OCiReyVWBfesjuvXmB3MoPy,1610555605.43B6oDsBtWRQ29Q9UMQuTUEPZy3FSSWXzc,1610555610.92HPGJJSmyPM40z7otPBgHalNrHFA7zk5d,1610555606.68LaSQbm9EHAFycEfFtEqAwYqlBsQPjIRW,1610555617.19EKxMEwDHfXiEJZc27TsGoERaD6Da4BZU,1610555722.52PJ3FD50MGhRXyUD28vluU8Z9UjLJLZn4,1610555617.52Ijr5puT55g9apK8auM7zaxa3NANg502t,1610555638.77ZLjTLkz4jYJdFMI2wWBztzsDILkoOtAk,1610556912.46C7tJPLF0XfNnm8f1820X9aLmXMHoc0Dw,1610555617.51LjzIROg0aeCP2GhDcAVQ0LipKJB9jmKc,1610555608.17OpjjHobqRkX0UPcaXrbu7K6L3805SZri,1610555721.82zWeNZfGUUfRJkgnAwlP8VMhPzXctnSd4,1610555735.75bom85BDF0C7W2eIseHeMxi24qR68nzMi,1610555735.77NnT5xqKnwcf2BbjIekeb2arTQj6QMNwk,1610555638.33wjf1PhdNaoWfbRzXVn50hmFyB5bYAiLV,1610555606.65jCE4ig8Pu8kvAzkxnSGfWsV0nQBjCf8H,1610555608.18ONsBCVo1i7BrX0XG9stct4oiA6ejX9Oz,1610555721.51RNoQUMP19FTMS79BmA3JkgSm2IC2AQuQ,1610555971.86O0cHB2ibBJ8jxoObg01EpGe8VVV5mpwn,1610556911.51zU3duZSGpcw1BDNsBLxdOCITAXwl6z3i,1610555988.71dMoYT8250UHHJGxgmITTmbHe7V6gH1yU,1610556042.81mlUZsSp7gbGjrp8jQSnybT1gPy6e62o1,1610555637.02UBW5nKvDyUrKnaWcYRGajZPxTRDS0q3N,1610555619.13oUYNikU4facCTpUSiSLr0vPI0tJLnXiT,1610555721.03nzkucfjAUh31zTbmCVvTVYqtjoxZFnBh,1610555722.67fhKURdXVzRbLIjXmjRwdJHTnE7PWb1AE,1610555638.39J2ZWBLuLTHP0jOlzB4tNHmYeijH5g5YJ,1610556032.17Q6yCDx9g7alRnL9jBFXD2JhhUyB2hKfJ,1610557007.49MyVgDnuUuBxrvL6SGOdhKf69VYlW1MSm,1610555638.44hjT5hbYdKoE3MB6hijrjqbjmLgvCUYKD,1610555608.13zUvmFSCRt6SsLbhqFznMEvGx54GPGQzM,1610556038.62a5C4ynd1AARyAhTv8a58NCqHvXRjscqH,1610555644.45Xse8u7pusHNsd7F3d0A32HXvXr6weOJE,1610556038.62gKXOCG7XCn55eJvyl5voNjbwOW0znQDq,1610555987.13v0oleKK97pkesp6oMgprH8SoSdoDVdIO,1610556964.96ZLLeiQW0qpmxhPGTg7K03fmzkqsC2bjC,1610555987.13VQlEedQ50VvkPMEMzZDv3KNnQCewykN9,1610555982.186TY6MMGkDecIN1woW6vsfAMXVV7jnyjO,1610555982.673LuMndkwkvdmZOn0MmE2Pkidx0FtNalb,1610555733.38zItcuH7gHNfKdALR2d9Nek6bxCyw36Vm,1610556034.15BQxSbZINGCay0yp6RBVlgcPrw76Yn9ON,1610555639.37BPZpgtGml8qUsh9AdV4m32jPLfI2aNFq,1610556965.57S0adAalhWYe6K3bkZU0bRHbqnDK8gGkR,1610555983.54zteLPCMjyrjzPdhHhlZr3faCgD0TfYr3,1610555987.79rHnNRmt9a0ufmnwCvZqBouyUoZDNpylW,1610556960.041xWER61rmArlsKfiMl4frikWmUCnQ7op,1610556035.13a7NHZDutfTMJ88qle1gTYY59Dr4WmMsj,1610556890.456ZBDaY16bMtrTZTqAgHl3wq1tRxzqDow,1610555760.24e6890pkbyZ97Or6croI1rQgjkSsR0yVt,1610556043.02YpWMIJg3W004iqlPyv8OcVAZdSC5rNYw,1610555987.03z05P26TLtONYM1HSzupoc2CeNMa6HTqr,1610556032.15OYCzUxpsz7b10AXBAuDXrvEcvxFhf0M7,1610556032.63Z80yI9pNwS3jSmsDABbuhf8wkNa2Ze9y,1610555736.28eGuESasTXdR3SqY6pHhEXWZtcdciYLCO,1610556034.61bebeZA0MkaFG2sm3VKiqrxeqQginTTW0,1610556944.5XwXOphKYT3ZkWA8gViqOS97VHVuMVUqb,1610556944.745UVLFBzf7fPh4UH37I6tYQOFPqRDytEh,1610556034.63XsUwaFaPZevO1JNFjfhvY4aKNFnV4noV,1610556964.89xwBHw9faT1HjQRMNQEyA4qJ3hWkwgj3k,1610556966.74DydzH91jtyvRyYau47JpVkZoMRSNTt01,1610555740.77UueVziDbaXyRR4OcVJIIZyzOfAzN51bj,1610556046.84e3vwjyRCzqz0wJQhrk8zsxlFfFSv98Df,1610556137.99eoPuVrDThKAOvmeprLPb2FWRqIhzUodc,1610555740.73XFwSrmTXJPlaxGZSefh0jOVA8PI3III1,1610556123.88AOfNaz9jSnqU5Czc7okOv1RCrYfKFBTo,1610556046.85nB7NvyoYQeLcOV391Lmmut1wAM8CFGLw,1610556123.89H4pdIAzDthI7bMXMhlIhKUYIQIvtmPPQ,1610555740.87GOYQUJKpkynIS2lFqppYK4b32ol7NeGh
1610555604.25mOvVXuL01OCiReyVWBfesjuvXmB3MoPy,0.0,378.9564384691466,97.66923919748201,292.682588423274,187.0242812397528,237.9404260102671,181.68896648794046,95.34177965482884,149.91349917413237,238.19879403537024,479.94119561380717,354.18633879766463,309.2426769119381,143.15164399054677,409.40544567618434,211.043985204502,638.9130000898416,486.3937018018763,182.35140857315128,180.35723194831976,440.56772235716227,551.7107934966335,191.8098293612611,107.8284720573893,301.8100459372724,282.479895713958,176.7522838119949,329.06695987158014,341.1804813825702,189.250645476517,219.78610865657413,275.42099511328075,321.8962186864737,272.9845296436346,290.6871491214488,362.73048914061843,257.49301311873177,274.55334215495066,325.34037411148165,356.61702055250794,290.81932532054833,566.9140605974352,331.86630057811783,327.5287170205966,408.08072655296996,501.1902245184144,271.19258132419225,199.32281163397388,220.97963234526583,393.31643715017555,203.13147802056653,198.34783721598166,293.0850275983034,530.1752315338663,186.18510036875102,284.51428690330096,322.7906435151467,206.6345642741814,192.26851193673144,316.13915171039355,524.0487996792062,601.0075655480745,234.54234450904346,569.0189914954553,231.80251748190574,635.22182063861,339.2970281605769,486.9503658346366
1610555605.43B6oDsBtWRQ29Q9UMQuTUEPZy3FSSWXzc,378.9564384691466,0.0,432.27289823398087,252.61104095586765,415.61752515057134,304.42399110939755,355.3112053770663,420.47002716383196,380.62627778077564,289.05170051430065,268.93886802219174,264.32552741918664,266.2749606420253,417.90674123570705,278.6930105517902,346.1971111786681,385.85540567643443,182.28022349255355,367.9909681810295,368.44592975191273,297.7831547897317,334.1702924984174,409.2407007993169,441.3421492512532,276.05003810453707,302.4609643104886,411.37342628801775,266.9832398925447,251.3187090290548,397.39275259870357,328.18453259767347,276.5793489751239,254.84799998982638,270.47563516829507,291.5329885005296,290.6755789822083,305.67833665639915,263.9794585782925,242.25690256657887,297.5413807826954,262.99281313654586,354.8476507895119,286.3028300846816,251.1781967310423,189.66868327980046,190.88881519769447,311.3285303837705,413.28932924245856,303.4959523245272,297.636820655167,334.27798728731966,401.1279723680461,315.18828572738244,317.85277231470474,397.90844935254665,278.03831944265653,267.92930722740414,364.8426279565717,356.8990457002516,265.36562434188755,313.04467901020735,364.65794226316194,306.27557881239863,357.20083350881026,303.7462487939148,396.27648740307257,285.88236865475386,294.09013660633116
1610555610.92HPGJJSmyPM40z7otPBgHalNrHFA7zk5d,97.66923919748201,432.27289823398087,0.0,337.06528915925827,178.72542208045968,278.8888895538273,200.8010924269901,94.78930065181785,172.37973162165778,279.43806647936435,535.9949125756009,412.2920431741369,354.0418039020551,134.78751131322036,464.59111367314983,234.72568634430021,698.5000773309503,548.3752079330734,206.57978919904934,191.53744233853305,499.54490978443783,613.73596443834,183.1387273274945,87.5159281066162,348.0099104536081,327.2831483990546,169.95630107808446,377.48100746014796,390.3694570005789,182.93144718699028,252.3312816209967,321.4661457156735,372.4244529538785,315.04345421257756,335.2217850949258,414.63249457518066,297.10301105385804,318.57738202047375,372.73009065062826,414.54121631665436,335.99326486045226,627.3147252519387,383.09250251815115,388.0137663398231,460.56104279153254,558.5307166497481,315.2718009529798,201.04195011009642,254.90406966331636,446.930939116023,240.25817071287383,202.38117186279672,333.0102560907338,588.318385527979,183.63405717746548,331.0672806690521,371.25956094711626,219.06884299237836,220.33851412755746,366.9103286945126,582.6435287738385,659.4328578388801,268.18889544866454,628.3800784220449,267.97627126425954,697.626276534754,391.34378528439413,545.7583572516892
1610555606.68LaSQbm9EHAFycEfFtEqAwYqlBsQPjIRW,292.682588423274,252.61104095586765,337.06528915925827,0.0,327.34146876044105,261.929571977436,281.5320638396469,326.3597942842185,295.2534894354954,249.5180456684636,316.68802618071373,249.4018054891069,275.81093025728774,329.8195179160392,310.8473471626992,269.4483806659957,463.26031953523375,334.98416313990805,292.6486298148609,286.64778717292046,314.45052167439064,402.26287915278834,331.7772722074145,345.1767854985511,273.1012608946596,267.5518895845025,310.3614331671986,244.6669748302355,256.149317577098,322.76659257283393,252.21325104789608,259.49365358104313,262.0883412572228,250.32973500758385,240.57530117966655,264.6286569430771,250.49415506229337,245.28684582706447,229.5016666461212,290.60988796064333,219.91033764271194,399.68550178239377,263.2755064083724,223.3756736427609,281.8711587640191,354.2296145834759,274.903666716884,325.1587858633176,249.44651568023966,297.365202970155,253.49935460267426,316.63911562045536,278.0712832870271,377.31822662718577,306.29884906216046,265.55773792479846,274.45242155494714,278.3691031902087,279.83558178647365,273.15395742578306,379.8254467942718,445.288523203484,246.2085358063028,432.6921530812817,240.4557940892904,488.50980436441705,260.7490825703161,353.0232289602161
1610555617.19EKxMEwDHfXiEJZc27TsGoERaD6Da4BZU,187.0242812397528,415.61752515057134,178.72542208045968,327.34146876044105,0.0,285.0503344400888,166.90323464697627,180.97957626811314,177.99608373644446,274.98751857769577,509.4891119571457,400.98324947251365,346.943980559956,191.0389404450048,444.57508756607416,234.02151415556577,669.6077759244132,527.1398564058032,225.2455510579129,208.65959933452424,482.89495932865566,586.8859410237035,179.70076277092838,184.17543703930613,331.9897160352377,325.07467514107174,176.7333734447251,366.34492945397426,381.3872928924539,172.50329222224732,247.64664424364176,290.0803571741923,361.9059195507432,307.8687409136823,324.97116490013633,401.410071504325,294.39877913263865,308.34370787251504,357.51356160601597,403.3446234985714,324.52108985042497,606.540409521547,364.83387557305315,383.4950840051896,442.34879090309596,538.5620061872565,308.75180231369023,220.6703361557698,246.32896890407653,424.00480443518785,249.23909672834338,207.13671896451976,325.7058297131495,566.8280102583992,197.44840680555242,313.6673517718827,347.77521407052853,234.32353663799944,232.45767307376914,345.30969493683574,554.7010482900426,634.2894967579666,268.1115389586568,601.9433107981313,259.25511613207266,674.3028519920646,376.51221337782596,514.3299251535183
1610555722.52PJ3FD50MGhRXyUD28vluU8Z9UjLJLZn4,237.9404260102671,304.42399110939755,278.8888895538273,261.929571977436,285.0503344400888,0.0,239.25312967932382,266.6653451787766,238.8494372601953,243.79207708205573,383.03013831089567,299.37986917879795,279.58624551889767,267.42254267489875,340.5966054219329,252.23522341595333,528.5108110176883,393.3716731695942,163.35190756891552,253.61357758570145,360.45355744727703,442.50282380922886,270.9843890083397,284.83840524360727,250.60442901852437,144.97152506793202,263.8074083047532,287.69776856930366,297.0104936118824,253.93471016887418,242.17053355381657,217.29221443791434,287.43712789905163,265.2016748343629,260.8669717962461,301.33275246393816,256.4046908090187,262.46757076583236,278.75757553097924,301.996667332433,269.90623122443276,472.88104370963924,292.0298817995958,281.92405309863693,329.07951107779564,398.3753891014459,229.28994647566753,261.3248371419601,246.32601133856542,322.0238740037997,242.02960065615795,247.3902748334209,270.7498840569452,437.96408709955824,271.08396233043555,227.65161865835992,280.5086857949486,260.387854653985,246.62230607751374,227.98387826991672,426.7669694828814,499.1340568141666,251.24916033274607,460.183498901383,248.36981880159945,529.3437633568661,279.7576947911693,395.5101075328489
1610555617.52Ijr5puT55g9apK8auM7zaxa3NANg502t,181.68896648794046,355.3112053770663,200.8010924269901,281.5320638396469,166.90323464697627,239.25312967932382,0.0,196.1207401815813,189.91816606812017,243.6777121100804,444.6781432976144,354.658358277605,302.15716769378616,194.6186728935751,388.9742817501743,225.95815812470067,603.3422600856103,465.2289859873722,207.26319856459088,217.0429721498927,433.8759218642188,524.5399294695516,210.31840346467345,207.15160150582503,292.69156874505757,271.0824192197794,206.67491458843668,316.53635828131416,326.4079012010618,170.9432165614341,226.41212217710583,236.4224964260621,316.2992328003381,270.7262606253479,286.9637272276315,345.8794060683262,267.6358547029016,270.9043030436208,308.25780820798946,346.6017709258955,284.11556336870257,543.3594591955166,323.2313979757247,328.45462611721535,382.5033425124489,474.21435135307325,281.03284486487394,236.93906983490712,224.83538555553994,373.6403021786851,235.93916971513366,222.17611630543965,283.5538288374836,497.8622112198693,217.09405395226068,266.0463795207471,306.12283515593344,236.6414365382629,227.28943147997094,287.51531387032276,493.29525601324235,566.7489145085715,244.13433811788633,534.5612761582661,233.0643256113409,605.908601973189,326.131508570232,458.25764100796727
1610555638.77ZLjTLkz4jYJdFMI2wWBztzsDILkoOtAk,95.34177965482884,420.47002716383196,94.78930065181785,326.3597942842185,180.97957626811314,266.6653451787766,196.1207401815813,0.0,163.40416454820576,271.39066189180244,522.4613115204656,394.5537130057607,344.68361626480606,119.07814421076942,448.78826446434414,229.49261946367568,683.427949116021,530.8609978561949,197.5364709439338,190.61877209464654,482.9789505514991,595.9319682348579,187.9158723517537,93.21471012054128,338.15889743735903,313.45092130819285,174.6544709152511,365.9377644524886,378.52715491493126,186.54199748866787,245.14996382372368,311.4096259592185,361.62635959586174,306.04237490691025,324.17860130313386,401.1214776163402,288.74209421798264,308.21140565841057,361.3700750853635,395.92372347116924,325.0395945133127,610.4974474966948,370.46017601038557,369.26096462674974,447.87614242025734,544.8231531196603,303.8781489367798,198.09589734455025,248.6862085105117,434.4403247463246,225.7936170613591,199.97234880190328,322.29279132652175,573.8561438861809,185.6735198924366,321.5371543144292,359.1870289050837,217.88163207617396,208.17937043896632,353.28361822234655,567.1128288496344,645.4677957507313,261.87638292724137,613.2154917005316,259.9068085016451,679.6894812989815,379.68028072718647,529.3501331162477
1610556912.46C7tJPLF0XfNnm8f1820X9aLmXMHoc0Dw,149.91349917413237,380.62627778077564,172.37973162165778,295.2534894354954,177.99608373644446,238.8494372601953,189.91816606812017,163.40416454820576,0.0,245.97766049050162,477.0944500358966,350.8876848474999,314.19007065795415,178.53445479173985,399.0342371474565,221.42229484123638,634.7725363239803,481.9992323511464,177.60770477241613,192.3168583495617,430.0566375776722,543.121782604032,205.67185210940676,170.24876054978947,304.1362951213207,278.5090180717456,189.5766550513409,326.849542680976,345.2421574384261,200.80406987513285,228.1378333815615,274.1809589931467,325.77303508941554,278.7509740172978,290.47829583524725,359.0502527676541,259.3105374445445,280.2035366684496,328.59937766364425,358.0720744976378,295.38617408999403,558.2490710105819,325.6073077827017,337.2559617820201,407.12393147239936,499.3243492799061,266.4337353663084,198.3419625897047,230.85827869879785,390.8528275442118,209.2393031877073,201.71864052643417,298.27970377313915,528.744646897851,201.58039438703867,288.9477614574273,319.677539065803,217.63482021799769,199.38040990636878,310.74758538697193,515.8018152100301,599.5099298825771,242.84772135814262,561.3165898721502,240.29814567493227,628.053785848536,341.5544095174882,477.3655413785332
1610555617.51LjzIROg0aeCP2GhDcAVQ0LipKJB9jmKc,238.19879403537024,289.05170051430065,279.43806647936435,249.5180456684636,274.98751857769577,243.79207708205573,243.6777121100804,271.39066189180244,245.97766049050162,0.0,391.5109346955678,295.020813493178,164.94684727944758,278.3944709133657,333.71381177436325,234.8151548792386,538.6262947690573,391.54653719259386,265.11273951284204,244.79941914642404,363.80253489920835,462.3345402564278,271.05403698953995,287.56393033748253,255.5402803611862,269.56418626455,266.38250901342707,279.02647442677784,265.2139094699666,273.99863274298536,219.7081004255341,245.59425705167993,149.94426101741192,236.2514900971551,252.89236566752274,302.95220524899497,234.2574364312543,233.3470931674615,257.6018277731825,294.7040917001212,248.85972326761444,476.5807512466405,274.8007577331697,282.6821937149297,329.27543143267155,400.53554830195054,250.2236307611749,278.0354950513209,139.67310998658687,323.7426012577608,237.61953169298914,269.4705609604082,250.02123887280257,435.21459368858825,263.2632075098457,243.16296603506873,274.474944274638,248.89695208188908,250.48190495560064,270.01955258179004,431.07617367434796,503.47319035960527,214.68475074841484,481.54332369173386,197.2389635931555,539.5152811560079,283.3821043123728,396.4755211061054
1610555608.17OpjjHobqRkX0UPcaXrbu7K6L3805SZri,479.94119561380717,268.93886802219174,535.9949125756009,316.68802618071373,509.4891119571457,383.03013831089567,444.6781432976144,522.4613115204656,477.0944500358966,391.5109346955678,0.0,299.9867723433963,373.49659506640796,518.2429574286635,299.58548977581995,424.56271580280253,273.9793679254738,263.3948485607409,460.68558627201804,470.8649936546829,285.7941041665468,292.6351982758148,511.1983941383846,545.202285539396,334.34444411710035,359.08685964570054,503.9215318642736,321.8664579628479,314.0719481480266,502.50254166012365,411.7742901595518,347.3039800662026,346.6122929047004,364.6039710904585,347.63057564264983,301.9657158019624,379.7307146844547,361.8314470385736,331.17865074373543,330.90974410799066,334.913132315358,268.7967559489565,325.12165563871065,311.93965929456886,274.8726954784449,242.48678971048216,381.03159893380763,499.8784600534337,408.7108128121529,296.4775500124645,426.7918162219827,493.1046762291243,367.4001278130349,287.77269410328097,496.6616714280767,336.9109418268577,324.4707301463454,461.37186874875215,455.5114420253646,324.2008285757621,299.79118780734603,301.8188638926932,398.50180977481045,306.15119415877615,390.11732253588826,332.09139810544855,310.25689546278323,296.4997336767068
1610555721.82zWeNZfGUUfRJkgnAwlP8VMhPzXctnSd4,354.18633879766463,264.32552741918664,412.2920431741369,249.4018054891069,400.98324947251365,299.37986917879795,354.658358277605,394.5537130057607,350.8876848474999,295.020813493178,299.9867723433963,0.0,299.5729778680977,390.118100528286,291.06773251444275,314.1367753273468,415.459077814945,265.81796042032215,353.3842109828328,339.09789694592513,197.37025447874834,292.39157320197165,405.1019032380995,416.14581592103445,283.5262680968169,287.5236271666922,393.0394844891318,244.22792005386748,247.86072349733726,403.5840099542049,316.7222988631434,293.3071683216364,274.0084829715419,276.40529926133013,248.59922155388028,238.1287487387522,290.7007245702491,269.97518282024026,265.4194067695068,276.09027951133953,275.3643948810412,336.4808015286648,281.3041201440885,221.99016683654227,275.282419259559,317.6944031663529,291.86089527304364,376.5735224830542,302.14678040271355,276.39078345717456,248.87978894781247,369.3191960915717,309.00640272919725,334.30590937527865,381.4367449414033,281.0373763542703,272.66027025256324,333.7756930976517,307.2402850671582,282.17501043131574,332.7981165888449,397.50027056729454,281.8717980339787,377.9438263378095,278.7916396396198,415.8786177191931,259.121588646649,309.48576465674057
1610555735.75bom85BDF0C7W2eIseHeMxi24qR68nzMi,309.2426769119381,266.2749606420253,354.0418039020551,275.81093025728774,346.943980559956,279.58624551889767,302.15716769378616,344.68361626480606,314.19007065795415,164.94684727944758,373.49659506640796,299.5729778680977,0.0,346.9626270820461,318.9927808359875,289.21217464646924,505.6701276387983,356.69459067707703,318.00523232062966,299.7973356207513,353.1022066652973,431.5041593664378,344.33059831703764,362.14218499829906,285.2091382026147,293.36944378976375,338.61291335453245,292.6710198925963,266.4992415313758,337.43339193143055,266.8666192669509,272.0183069777317,113.16885466405404,246.3915400882513,278.66866470802984,310.0359552085601,271.8446249714362,243.273672397794,281.59088419260206,295.42909349220747,271.47007793586687,450.42771770422,287.7138975096827,288.15183750078313,311.00399337828765,364.35824925829843,285.19204409284225,346.0732267247178,225.6896824932476,326.1366215047208,291.9631870823292,335.72724770315637,271.54747792715364,402.5834989636453,328.44908245923483,275.74066225315005,297.1047559252227,309.86119136152007,308.48013413625205,285.3384409202645,400.8490925701137,467.4624484890379,251.8058845185251,454.44903440410855,256.9337590758889,499.33857927295804,295.6628445569017,370.2863406177879
1610555735.77NnT5xqKnwcf2BbjIekeb2arTQj6QMNwk,143.15164399054677,417.90674123570705,134.78751131322036,329.8195179160392,191.0389404450048,267.42254267489875,194.6186728935751,119.07814421076942,178.53445479173985,278.3944709133657,518.2429574286635,390.118100528286,346.9626270820461,0.0,440.86858749074787,242.37687404742329,677.2661472374389,525.0446300441437,202.33209122285587,204.43570552983283,479.96060656500833,586.1619758550243,201.33734326416,141.52939515989635,335.92635159315347,311.4188463047934,194.30938446021386,367.93643923000883,380.75790540636405,190.9358109072728,255.83036424711605,308.4148295725659,364.85046887488903,314.26187149588173,330.2626783391411,402.5966610095845,293.29058371523087,313.6925776869376,363.03389705358603,397.76064359743185,330.10750345583574,605.7585140392249,372.7997653851396,375.1430421230829,441.86483211174294,537.7139971242756,311.73690906712324,212.12951944990462,255.8961631364335,434.5399800825917,232.97345477056305,207.73958930516136,328.70059868649133,570.6397997820416,205.2325722721358,321.66738696492456,352.9933177506074,233.56085528732513,217.0384947388451,348.708861612411,560.6850564063658,639.6257923354299,273.40293920811445,605.638736217785,266.68176859238247,671.8414779323234,382.0194568969861,523.8671514925902
1610555638.33wjf1PhdNaoWfbRzXVn50hmFyB5bYAiLV,409.40544567618434,278.6930105517902,464.59111367314983,310.8473471626992,444.57508756607416,340.5966054219329,388.9742817501743,448.78826446434414,399.0342371474565,333.71381177436325,299.58548977581995,291.06773251444275,318.9927808359875,440.86858749074787,0.0,369.7387151820121,389.8680550006241,303.9951474549552,400.09089565764833,406.64124664485274,287.70652382611854,339.3396812871591,450.8902385126107,471.0608965135134,309.46182698916,314.5354769514687,439.7217583386213,312.9263782695337,283.24288474512696,442.0711413232264,340.74688999225646,304.63095351376353,302.48733704537625,337.3344396382298,287.9462150785912,275.4119774719075,314.072146350081,327.01438001944075,306.6332984467156,293.8222047178918,273.57583918786435,349.39339042379277,257.25510009749786,289.86900459952307,254.174370855266,305.73286191492025,324.38308880038556,427.3092504217241,361.2988510474221,295.28548413429786,367.229843679882,416.84306553527574,354.119417476022,314.8581311392263,430.17568402443345,310.50071392721225,275.36456373698365,403.8396761891176,392.59874029329814,296.9306705771619,340.73354037048176,373.3337813253582,357.0211467696965,364.28794712946456,349.8451656326592,385.8078055170697,291.5514618939813,323.54970168078745
1610555606.65jCE4ig8Pu8kvAzkxnSGfWsV0nQBjCf8H,211.043985204502,346.1971111786681,234.72568634430021,269.4483806659957,234.02151415556577,252.23522341595333,225.95815812470067,229.49261946367568,221.42229484123638,234.8151548792386,424.56271580280253,314.1367753273468,289.21217464646924,242.37687404742329,369.7387151820121,0.0,581.3234666889969,448.9618055941134,245.49606612220452,187.66996098792742,388.9643357622087,508.96151347738817,239.9521579360076,241.81975746683602,287.5666611272819,289.4671506339351,224.35151601934544,289.9338606242752,290.23241580727705,248.61409025209485,204.56362857994537,274.74438731914495,292.25584568561095,213.3034227896242,218.99033429430003,305.3828615072269,232.77742281976387,222.7580744731713,300.79567930351266,344.31129602824893,249.57459531457462,517.1896642922485,311.76384317186665,312.86428412374096,369.4842330869689,460.05051975916143,259.90524195208155,235.5229214167723,221.4756008460821,351.75196593315104,210.47081907248867,240.20509682063897,268.1618684829778,480.3855505307877,202.5003291129209,275.63506487409194,303.35411553079456,196.79784313944248,220.58940910437124,308.25967427875497,471.2404464251859,546.7244495881945,201.76111532684178,524.731230134788,220.6371595193969,580.4245374385547,306.5414284531364,431.2185210609248
1610555608.18ONsBCVo1i7BrX0XG9stct4oiA6ejX9Oz,638.9130000898416,385.85540567643443,698.5000773309503,463.26031953523375,669.6077759244132,528.5108110176883,603.3422600856103,683.427949116021,634.7725363239803,538.6262947690573,273.9793679254738,415.459077814945,505.6701276387983,677.2661472374389,389.8680550006241,581.3234666889969,0.0,318.92420086368566,615.2786384451496,630.3332224433292,361.6087544777662,303.5435185023762,669.5662179715632,708.5015008089731,459.4049046921862,487.79233347713836,664.8770526226758,447.0007584050783,428.8422610886243,662.4705330097812,559.5381174639556,479.7733357048624,474.53240596977463,507.8835610821435,479.92948733775046,399.12218031169084,522.6803721283459,495.5786001666038,438.4670803195094,439.2628231653624,474.84787847402913,278.41444023327017,447.0971628899905,426.0062665897957,372.782168449017,298.9243431345861,516.263590827505,658.5513552259164,558.9519380374163,387.62654023386943,579.5148089326551,648.6309737925503,505.5516837909384,297.8424366673676,658.7477406839664,468.0848969448793,440.6944233495151,618.1924782670692,609.4940630413083,449.42617378048476,319.57701062160976,266.69030511270716,545.3390507822039,279.6242546271945,538.994344066707,279.47204160006294,425.55994239115574,341.6992161125629
1610555721.51RNoQUMP19FTMS79BmA3JkgSm2IC2AQuQ,486.3937018018763,182.28022349255355,548.3752079330734,334.98416313990805,527.1398564058032,393.3716731695942,465.2289859873722,530.8609978561949,481.9992323511464,391.54653719259386,263.3948485607409,265.81796042032215,356.69459067707703,525.0446300441437,303.9951474549552,448.9618055941134,318.92420086368566,0.0,467.26303027180205,479.79620462713336,267.4715673207924,260.5126640653404,525.619133002757,553.567715502088,352.3052700687452,374.30432770508924,523.3773264581167,331.74731251130777,319.4510746540895,515.1435688784674,427.672870456959,362.4669246709394,334.48189748603806,369.3953660433679,370.1189280593185,324.87663617842765,397.85535400414756,362.22179502904544,318.3534930745812,336.82912732712765,348.90501365768,302.0771578890504,342.2879508832258,302.2945464282275,237.43663383921017,177.36506631470283,386.9218268259861,514.227762713111,413.19290730502314,323.3504301162103,416.76812634187456,503.9426851339391,396.74820391927375,292.368683096857,514.5913059850606,357.7916324388507,333.3148942818283,475.8923513653347,450.38005310841913,332.2721618715728,280.4077930991712,311.8744559067104,407.9499487826132,308.38608909647365,402.4244114415684,326.8035336652463,335.3874503778295,275.3389330354786
1610555971.86O0cHB2ibBJ8jxoObg01EpGe8VVV5mpwn,182.35140857315128,367.9909681810295,206.57978919904934,292.6486298148609,225.2455510579129,163.35190756891552,207.26319856459088,197.5364709439338,177.60770477241613,265.11273951284204,460.68558627201804,353.3842109828328,318.00523232062966,202.33209122285587,400.09089565764833,245.49606612220452,615.2786384451496,467.26303027180205,0.0,225.60463379533542,428.8577209688845,519.975441429279,229.16067262034935,207.91783201887287,304.1347638705806,231.40504503484416,214.9933065928621,334.31938723015804,348.78321011424,198.20088188219688,250.17009693640352,258.04398082583856,336.3251264358098,293.5020519990084,298.08845283902673,362.2875324354493,280.2228235063607,294.8534721409048,326.4283883774934,356.9635555958066,304.4978160431128,553.2150499633851,337.88761955273696,331.3110665712613,395.10698117450096,482.9177323319101,276.95369054504437,216.8904462710483,253.16915212305193,388.4212224615717,231.50323291721116,209.4923439276919,304.64691417359825,516.7951692089348,232.93612380194344,290.4240361602518,323.9083921106043,240.946813551584,221.85191542016804,285.6230750899629,504.3896821796879,583.1736813398772,263.2268493637356,542.8324384810363,260.376550986045,613.7198703634438,336.2834971329932,469.52814749761075
1610556911.51zU3duZSGpcw1BDNsBLxdOCITAXwl6z3i,180.35723194831976,368.44592975191273,191.53744233853305,286.64778717292046,208.65959933452424,253.61357758570145,217.0429721498927,190.61877209464654,192.3168583495617,244.79941914642404,470.8649936546829,339.09789694592513,299.7973356207513,204.43570552983283,406.64124664485274,187.66996098792742,630.3332224433292,479.79620462713336,225.60463379533542,0.0,421.8117662861164,542.8682949061885,208.9377056953217,198.97591752792772,305.6327560342618,298.8852316639703,193.01036543380366,313.4990745164504,326.2724485371737,218.15125008156446,222.69281090286114,285.5983975116461,308.9528541652942,250.91060231664198,271.895453913332,345.53992648114155,240.25772275375908,255.0460084293249,324.49894455775393,369.70200617451394,277.30802924879123,555.5763958747981,336.0492804411262,329.24411652688883,389.11014974397364,492.22547843654957,272.80808273535825,206.20509830124288,225.13219757573856,391.52306013225154,204.84436785358952,214.99677649660794,295.17199216007816,522.6353082176798,187.1854406057638,290.2451595189475,322.5004373518546,180.2269213093965,199.8978453409571,326.3565158703837,518.2187254956109,591.3268971413559,212.8523166809921,568.5025659072787,222.55901612049664,628.2587076722825,338.66810225335973,479.4316597235223
1610555988.71dMoYT8250UHHJGxgmITTmbHe7V6gH1yU,440.56772235716227,297.7831547897317,499.54490978443783,314.45052167439064,482.89495932865566,360.45355744727703,433.8759218642188,482.9789505514991,430.0566375776722,363.80253489920835,285.7941041665468,197.37025447874834,353.1022066652973,479.96060656500833,287.70652382611854,388.9643357622087,361.6087544777662,267.4715673207924,428.8577209688845,421.8117662861164,0.0,267.4682981259321,487.15263302665653,506.24845928370326,328.05724656524967,335.2770834928335,474.28389392531125,282.9401866348687,297.60462943442167,488.0751994842259,381.95819431768916,343.9633773534897,321.16695600964454,342.6725928909102,288.0701539770065,258.614089870496,349.622467809573,333.77912022257874,313.7209102127583,308.057529794037,320.61328603519274,287.9005690894762,310.58981929386186,272.88062761590726,285.10385899090284,298.1321262253297,342.1367357618802,458.28824236116475,379.42036360023235,289.5905401701401,359.7297822472496,448.99336685060564,357.21065656909116,308.6274339612913,465.34720097572205,329.04003379953747,308.5601882909213,409.86054956832913,402.36047760470876,318.3989994188495,303.2563081264675,353.98029282895027,360.3745397742039,332.2748834885985,356.1915791029046,363.54499528386265,290.8710044475826,287.56612270989973
1610556042.81mlUZsSp7gbGjrp8jQSnybT1gPy6e62o1,551.7107934966335,334.1702924984174,613.73596443834,402.26287915278834,586.8859410237035,442.50282380922886,524.5399294695516,595.9319682348579,543.121782604032,462.3345402564278,292.6351982758148,292.39157320197165,431.5041593664378,586.1619758550243,339.3396812871591,508.96151347738817,303.5435185023762,260.5126640653404,519.975441429279,542.8682949061885,267.4682981259321,0.0,579.2262829384573,619.8021366723964,398.09323873295244,404.5650956109187,584.2304979737261,368.7914894905718,377.1919288076199,570.7061603429208,493.32162390317006,390.6973761033235,404.0537340687931,439.19347854943885,410.15516562216715,351.90678575564925,456.6368729353467,428.16102883655446,385.8679153290353,368.03090556733304,422.9213347143673,283.3173812743425,390.92389574883066,356.96118198791197,319.4923775041122,286.3347881930095,436.6625823571207,566.712146239057,474.7466158070901,343.70341765945534,472.74339690713504,557.3500198388504,452.2596090991031,308.61353572746043,583.1552227617155,400.3010015488695,378.16339895174957,531.2018782614441,508.96643647271065,350.0914574328511,280.80091554777755,324.64978973040513,468.07347705966345,293.4959632570067,461.65725319243944,299.62756841625975,365.3378193794096,287.92763876202406
1610555637.02UBW5nKvDyUrKnaWcYRGajZPxTRDS0q3N,191.8098293612611,409.2407007993169,183.1387273274945,331.7772722074145,179.70076277092838,270.9843890083397,210.31840346467345,187.9158723517537,205.67185210940676,271.05403698953995,511.1983941383846,405.1019032380995,344.33059831703764,201.33734326416,450.8902385126107,239.9521579360076,669.5662179715632,525.619133002757,229.16067262034935,208.9377056953217,487.15263302665653,579.2262829384573,0.0,186.5122523325796,313.812692086078,318.4363773321522,162.4889443144495,375.05844213203926,379.4692594629366,159.1132494427646,246.75798651900874,278.49739643913864,359.61529570572964,310.23847177040153,327.0535213920658,402.5421367524407,290.692629708391,303.1733061610128,347.0799591306082,409.1538539936906,329.38251388077043,609.2972003626109,373.59594978982744,387.18940947648014,437.9406020955999,530.863370979842,293.184856220455,215.35528445279735,230.97467408742264,418.574476037873,252.37296831187726,205.3351618688009,326.329598120695,565.787287901051,197.5285801571927,282.2934244382881,352.2984080753999,226.65091634063387,235.718848214828,327.18463063362674,555.2911100668587,635.2748895933119,258.32469578665257,600.8354690931674,255.33904634023693,670.3222488895467,377.93864373051383,524.4069320795595
1610555619.13oUYNikU4facCTpUSiSLr0vPI0tJLnXiT,107.8284720573893,441.3421492512532,87.5159281066162,345.1767854985511,184.17543703930613,284.83840524360727,207.15160150582503,93.21471012054128,170.24876054978947,287.56393033748253,545.202285539396,416.14581592103445,362.14218499829906,141.52939515989635,471.0608965135134,241.81975746683602,708.5015008089731,553.567715502088,207.91783201887287,198.97591752792772,506.24845928370326,619.8021366723964,186.5122523325796,0.0,357.9514984143652,334.78104048694996,174.78569238875656,387.1408223117615,398.8680363763397,186.58023959430645,259.08110094078353,330.0523331833913,381.1285830242105,322.5350829640459,342.03356790016954,422.1218988951862,304.59323105127015,326.461441639627,380.97213401666744,419.8264711339156,346.50786109908773,636.2417130948672,389.31766374081695,394.34422611706935,469.97758265411846,568.7580476251335,319.8934261963462,200.98112068499395,262.51057278768246,457.55323941505816,236.91729835162226,206.47548730445763,339.8761277856394,596.7840245825619,187.76623791190485,340.2150352060148,381.02032952757673,224.1828838662882,217.5899661651789,373.41402773638816,590.6714861789937,669.5091685350297,275.465851224716,636.9976494358632,275.31497299654217,704.3611859302898,401.97655466094585,553.2242631177984
1610555721.03nzkucfjAUh31zTbmCVvTVYqtjoxZFnBh,301.8100459372724,276.05003810453707,348.0099104536081,273.1012608946596,331.9897160352377,250.60442901852437,292.69156874505757,338.15889743735903,304.1362951213207,255.5402803611862,334.34444411710035,283.5262680968169,285.2091382026147,335.92635159315347,309.46182698916,287.5666611272819,459.4049046921862,352.3052700687452,304.1347638705806,305.6327560342618,328.05724656524967,398.09323873295244,313.812692086078,357.9514984143652,0.0,256.46760931177016,329.23292604696695,275.4722498336679,283.2204709345708,325.5393366769166,269.3775817270297,237.80697236154177,271.71352092327265,267.5188402391439,263.34275251936725,285.38347363218213,265.67398543234816,251.9054929960527,238.53710066565736,281.89134121564615,271.17483477425696,414.23930813081574,269.80338153009683,279.8790308738067,293.1449022515694,334.4690856042518,255.7539161127127,316.3822207086569,247.4070813097776,288.807578463819,282.4852207986133,312.9569207346639,275.40487120047896,388.0823581025524,324.8804443588193,190.19186316586703,219.3538098605338,304.6599259028762,294.40430589559674,215.87310958074067,369.20775461406794,434.5807905023887,264.2718658655623,397.98949169330257,259.4025707497808,465.46130164666005,261.69792949419684,352.8623130581104
1610555722.67fhKURdXVzRbLIjXmjRwdJHTnE7PWb1AE,282.479895713958,302.4609643104886,327.2831483990546,267.5518895845025,325.07467514107174,144.97152506793202,271.0824192197794,313.45092130819285,278.5090180717456,269.56418626455,359.08685964570054,287.5236271666922,293.36944378976375,311.4188463047934,314.5354769514687,289.4671506339351,487.79233347713836,374.30432770508924,231.40504503484416,298.8852316639703,335.2770834928335,404.5650956109187,318.4363773321522,334.78104048694996,256.46760931177016,0.0,311.61014112301183,281.21892511273234,288.4257498861967,300.9477535261261,275.13650695688693,220.93727497842502,293.8710798457089,284.1194023663307,273.3844728463325,283.59408730389254,278.85896263348286,279.8406409521505,273.5612318266019,288.71284656303254,281.52515035814304,432.3637735156088,283.17604482253057,269.6865723351297,316.80908834455647,374.41459954042983,243.6343090821461,304.921504090858,278.29505549997083,304.36677094109245,268.70184074503425,288.6352869218769,275.85876361959373,405.04565568263905,319.5789645081614,230.99675189955,272.7366024234073,302.0061507233802,279.13485683487175,218.62298732429224,394.14756856220293,463.6835714927429,281.2453551365471,423.2552059657632,276.8868138045205,488.16329105130217,270.88544984627106,364.41799369422927
1610555638.39J2ZWBLuLTHP0jOlzB4tNHmYeijH5g5YJ,176.7522838119949,411.37342628801775,169.95630107808446,310.3614331671986,176.7333734447251,263.8074083047532,206.67491458843668,174.6544709152511,189.5766550513409,266.38250901342707,503.9215318642736,393.0394844891318,338.61291335453245,194.30938446021386,439.7217583386213,224.35151601934544,664.8770526226758,523.3773264581167,214.9933065928621,193.01036543380366,474.28389392531125,584.2304979737261,162.4889443144495,174.78569238875656,329.23292604696695,311.61014112301183,0.0,362.1594803831155,372.41470995892263,193.0190350638292,224.9239917696151,290.0808246040199,353.6679838145349,301.07692593809054,314.312493178212,389.44812701571317,278.14158472698836,302.5238290033384,353.8278692584599,392.71181610040566,306.856689886426,598.1874387365601,354.4147152648761,375.0923463692206,436.7718182057635,534.4571497535953,281.3749728180906,206.50185540756084,243.97483341764735,391.01619266587335,236.47445554523102,188.21380308292984,318.2085428769112,563.0904623841932,190.54455793828066,306.9831399138657,352.21626921699453,212.70394858948333,221.69442475098,342.59406826297794,552.2480112679324,625.7143011992115,256.7392533411763,598.778931825855,256.26095173679124,669.2387789275957,347.0083011450959,517.8491200584102
1610556032.17Q6yCDx9g7alRnL9jBFXD2JhhUyB2hKfJ,329.06695987158014,266.9832398925447,377.48100746014796,244.6669748302355,366.34492945397426,287.69776856930366,316.53635828131416,365.9377644524886,326.849542680976,279.02647442677784,321.8664579628479,244.22792005386748,292.6710198925963,367.93643923000883,312.9263782695337,289.9338606242752,447.0007584050783,331.74731251130777,334.31938723015804,313.4990745164504,282.9401866348687,368.7914894905718,375.05844213203926,387.1408223117615,275.4722498336679,281.21892511273234,362.1594803831155,0.0,252.75678255811482,371.5386012737046,297.542451650868,278.8034956945355,272.6068487165916,235.32750458446802,260.46196944887885,256.4948219241123,279.3243984621891,242.64956594402597,262.3910209269067,279.74653895611334,278.21000355652916,369.09409565659456,270.3184163483321,229.625030289402,289.8814965530652,335.9028011566176,279.33751397760665,358.8810147532042,287.8504510178712,286.9284498135013,279.9342420275375,346.10020423578555,287.82417964204353,366.78547533949626,354.7668738015781,276.0113996266343,265.9013211334221,298.94446142220755,291.5112587435345,279.2713156673643,348.1827055903337,430.90433596169163,264.21631584294545,391.9757281914196,265.9603165601891,445.27183950715664,270.14176672203763,321.6437132803208
