,1610555604.25mOvVXuL01OCiReyVWBfesjuvXmB3MoPy,1610555605.43B6oDsBtWRQ29Q9UMQuTUEPZy3FSSWXzc,1610555610.92HPGJJSmyPM40z7otPBgHalNrHFA7zk5d,1610555606.68LaSQbm9EHAFycEfFtEqAwYqlBsQPjIRW,1610555617.19EKxMEwDHfXiEJZc27TsGoERaD6Da4BZU,1610555722.52PJ3FD50MGhRXyUD28vluU8Z9UjLJLZn4,1610555617.52Ijr5puT55g9apK8auM7zaxa3NANg502t,1610555638.77ZLjTLkz4jYJdFMI2wWBztzsDILkoOtAk,1610556912.46C7tJPLF0XfNnm8f1820X9aLmXMHoc0Dw,1610555617.51LjzIROg0aeCP2GhDcAVQ0LipKJB9jmKc,1610555608.17OpjjHobqRkX0UPcaXrbu7K6L3805SZri,1610555721.82zWeNZfGUUfRJkgnAwlP8VMhPzXctnSd4,1610555735.75bom85BDF0C7W2eIseHeMxi24qR68nzMi,1610555735.77NnT5xqKnwcf2BbjIekeb2arTQj6QMNwk,1610555638.33wjf1PhdNaoWfbRzXVn50hmFyB5bYAiLV,1610555606.65jCE4ig8Pu8kvAzkxnSGfWsV0nQBjCf8H,1610555608.18ONsBCVo1i7BrX0XG9stct4oiA6ejX9Oz,1610555721.51RNoQUMP19FTMS79BmA3JkgSm2IC2AQuQ,1610555971.86O0cHB2ibBJ8jxoObg01EpGe8VVV5mpwn,1610556911.51zU3duZSGpcw1BDNsBLxdOCITAXwl6z3i,1610555988.71dMoYT8250UHHJGxgmITTmbHe7V6gH1yU,1610556042.81mlUZsSp7gbGjrp8jQSnybT1gPy6e62o1,1610555637.02UBW5nKvDyUrKnaWcYRGajZPxTRDS0q3N,1610555619.13oUYNikU4facCTpUSiSLr0vPI0tJLnXiT,1610555721.03nzkucfjAUh31zTbmCVvTVYqtjoxZFnBh,1610555722.67fhKURdXVzRbLIjXmjRwdJHTnE7PWb1AE,1610555638.39J2ZWBLuLTHP0jOlzB4tNHmYeijH5g5YJ,1610556032.17Q6yCDx9g7alRnL9jBFXD2JhhUyB2hKfJ,1610557007.49MyVgDnuUuBxrvL6SGOdhKf69VYlW1MSm,1610555638.44hjT5hbYdKoE3MB6hijrjqbjmLgvCUYKD,1610555608.13zUvmFSCRt6SsLbhqFznMEvGx54GPGQzM,1610556038.62a5C4ynd1AARyAhTv8a58NCqHvXRjscqH,1610555644.45Xse8u7pusHNsd7F3d0A32HXvXr6weOJE,1610556038.62gKXOCG7XCn55eJvyl5voNjbwOW0znQDq,1610555987.13v0oleKK97pkesp6oMgprH8SoSdoDVdIO,1610556964.96ZLLeiQW0qpmxhPGTg7K03fmzkqsC2bjC,1610555987.13VQlEedQ50VvkPMEMzZDv3KNnQCewykN9,1610555982.186TY6MMGkDecIN1woW6vsfAMXVV7jnyjO,1610555982.673LuMndkwkvdmZOn0MmE2Pkidx0FtNalb,1610555733.38zItcuH7gHNfKdALR2d9Nek6bxCyw36Vm,1610556034.15BQxSbZINGCay0yp6RBVlgcPrw76Yn9ON,1610555639.37BPZpgtGml8qUsh9AdV4m32jPLfI2aNFq,1610556965.57S0adAalhWYe6K3bkZU0bRHbqnDK8gGkR,1610555983.54zteLPCMjyrjzPdhHhlZr3faCgD0TfYr3,1610555987.79rHnNRmt9a0ufmnwCvZqBouyUoZDNpylW,1610556960.041xWER61rmArlsKfiMl4frikWmUCnQ7op,1610556035.13a7NHZDutfTMJ88qle1gTYY59Dr4WmMsj,1610556890.456ZBDaY16bMtrTZTqAgHl3wq1tRxzqDow,1610555760.24e6890pkbyZ97Or6croI1rQgjkSsR0yVt,1610556043.02YpWMIJg3W004iqlPyv8OcVAZdSC5rNYw,1610555987.03z05P26TLtONYM1HSzupoc2CeNMa6HTqr,1610556032.15OYCzUxpsz7b10AXBAuDXrvEcvxFhf0M7,1610556032.63Z80yI9pNwS3jSmsDABbuhf8wkNa2Ze9y,1610555736.28eGuESasTXdR3SqY6pHhEXWZtcdciYLCO,1610556034.61bebeZA0MkaFG2sm3VKiqrxeqQginTTW0,1610556944.5XwXOphKYT3ZkWA8gViqOS97VHVuMVUqb,1610556944.745UVLFBzf7fPh4UH37I6tYQOFPqRDytEh,1610556034.63XsUwaFaPZevO1JNFjfhvY4aKNFnV4noV,1610556964.89xwBHw9faT1HjQRMNQEyA4qJ3hWkwgj3k,1610556966.74DydzH91jtyvRyYau47JpVkZoMRSNTt01,1610555740.77UueVziDbaXyRR4OcVJIIZyzOfAzN51bj,1610556046.84e3vwjyRCzqz0wJQhrk8zsxlFfFSv98Df,1610556137.99eoPuVrDThKAOvmeprLPb2FWRqIhzUodc,1610555740.73XFwSrmTXJPlaxGZSefh0jOVA8PI3III1,1610556123.88AOfNaz9jSnqU5Czc7okOv1RCrYfKFBTo,1610556046.85nB7NvyoYQeLcOV391Lmmut1wAM8CFGLw,1610556123.89H4pdIAzDthI7bMXMhlIhKUYIQIvtmPPQ,1610555740.87GOYQUJKpkynIS2lFqppYK4b32ol7NeGh
1610555604.25mOvVXuL01OCiReyVWBfesjuvXmB3MoPy,0.0,3839.6724609954936,2217.43018694154,3899.348803537989,2869.9533302283558,3519.974044759281,2983.507614979109,2213.2013734911743,2574.2183260072006,3605.875965407012,4007.9040198219764,4094.600703249145,3956.1118821158802,2662.0651110735757,4341.974383664492,3924.734722369512,4134.731145431254,4173.0349000054075,3102.8392040690846,3778.3426011795314,4170.686377029555,4374.779051593232,3189.6355726659185,2283.250759006254,3639.7008889790427,3538.9062052750614,3149.7101774316498,3922.842274438471,3956.6113143489483,3191.315405822318,3928.8438156818606,3130.6774012125766,3868.071120741329,4124.2513930493615,3956.504725019557,4002.0728641966784,3957.3425907791357,4090.8794808511166,3928.476746575936,3938.2710907267424,4060.32132626863,4177.735346175385,3847.153288077644,3844.440200405541,4167.69181405237,4052.8709120095973,4062.5604271240904,3394.7814288251584,3740.02450227133,4078.4086829485395,3787.8996142936103,3542.0930226998166,4197.076983972962,4322.984001315681,3816.337554698317,3592.842981233825,3658.1574970037404,3881.257254108594,3767.497672879201,3504.8361916843874,4206.789636204978,4466.337136429771,3958.2720975422953,4192.637957901796,3791.0211667719323,4412.967655446032,3950.326119081582,4118.08227169782
1610555605.43B6oDsBtWRQ29Q9UMQuTUEPZy3FSSWXzc,3839.6724609954936,0.0,4139.815931586727,3444.954481224909,4011.9476302009584,4032.1692388554156,3926.093061007344,4113.203898100665,4012.619379629344,3769.296710563375,3377.798980923723,3847.5408748582804,3685.3410278463916,4082.8847922051814,4140.909963815381,3644.249963105762,3470.620765404629,2842.1357824560646,3936.8277586754175,3981.663397537772,4048.4922339160235,3812.8082717681036,3839.3603121498545,4163.350372513032,3813.8378721883496,4061.5907384145494,3986.8696543670776,3774.902072450439,3798.5513413502135,3816.5154589806425,4052.3434399236144,3812.5656315750484,3697.036660035086,3944.3264359697037,3944.391374344131,3771.2270094193163,4055.8800047266664,3792.05871005025,3375.3524262492188,4207.352750528942,3975.165768817981,3589.4905247976167,4024.2357974075726,3596.1404290898454,3339.124531307706,2837.186951740523,4234.3588939986175,4015.1623645440245,3897.6808568622623,4178.3100432503115,3932.859945585298,4180.452143637892,4283.578225809342,3872.882125428405,4019.959575494581,3920.263099222606,3817.036297772423,3989.146671112144,4005.351838350119,3851.4930233301334,3790.8415690051447,4005.8517571899924,3648.3599955030254,3813.2598888442817,3800.873856680278,3899.358890692438,4136.620081548363,3826.9482621489265
1610555610.92HPGJJSmyPM40z7otPBgHalNrHFA7zk5d,2217.43018694154,4139.815931586727,0.0,4058.8635629980263,3001.7869911678717,3534.86856593842,2741.824781072473,1882.7201061965586,2897.704926371411,3880.8245057392155,4179.537360062972,4204.928426238193,4249.545734436435,2550.9426010586967,4442.182582423848,4097.086628580001,4319.777544528922,4392.917533757965,3159.770227178933,3886.49019277697,4295.352305430281,4551.9838063975885,3356.6758548019097,1804.4366137864856,3758.240339358839,3595.4794197895912,3384.4126104710576,4004.5575971206454,4066.2589276669105,3248.0766777072004,4132.381179458679,3419.4124632118414,4155.660094935732,4290.194570451327,4037.586030944787,4172.219453478529,4057.556775721397,4283.11864490199,4141.467007325611,4034.896529069862,4155.10739427683,4362.128000895132,3938.566324937013,3975.2777099283844,4332.879360957248,4235.071444688284,4204.283660892287,3498.187654732359,3942.5500867748947,4254.865303431832,3880.0640498053003,3597.695078788972,4328.712383172119,4544.145665074483,3933.1016702266497,3715.11078315122,3744.9437984346546,3939.206960260588,3882.0766188696502,3566.8100618912886,4361.063305582795,4663.2029422997675,4168.970701636134,4381.795163789178,3997.50849392072,4590.045551047561,4115.426542283472,4231.2099817681155
1610555606.68LaSQbm9EHAFycEfFtEqAwYqlBsQPjIRW,3899.348803537989,3444.954481224909,4058.8635629980263,0.0,3854.6222473328676,3685.135840993124,3926.113681557546,3997.806886952145,3939.2484220732895,3965.5880925250526,2883.701593598349,3725.094779152976,4218.127992856024,4060.3337014607127,4203.864186989224,3731.5677350636256,3412.4209839423024,3705.8002703353136,3632.5268621287264,3797.8960158639047,3723.4279154864666,4124.437409364802,3750.071773005637,4043.8570228644844,3831.685795649632,3762.0801587898873,3873.4558203377023,3417.4522878599682,3643.9068074731586,3830.1594530622774,4042.175828645414,3908.196066111095,4154.332280908451,3936.1541582480363,3445.3874952932506,3432.6358506503047,3773.192237323184,3895.6775104915473,3568.8495141245994,3973.4556636176385,3639.734220587277,3543.4935944672898,3530.025141101402,3215.1959739080403,3605.1803794446496,3305.226040671372,4072.7481648128337,3873.065151249102,4076.2624045080565,4153.652811133941,3510.149092372974,3937.043535274852,4296.983070698556,4059.462583515998,3928.6586944184405,3843.49462081846,3553.47829724823,3758.8496921199217,3651.3376673944163,3755.7079758382865,3751.213933466827,4233.66547476858,3867.7608976167003,3986.079651476279,3749.052360703734,4195.452158972078,3980.799692611083,3650.2561459639874
1610555617.19EKxMEwDHfXiEJZc27TsGoERaD6Da4BZU,2869.9533302283558,4011.9476302009584,3001.7869911678717,3854.6222473328676,0.0,3229.34344851735,2899.0453998570747,2901.808278755354,2615.6748797498426,3893.079104070922,3928.59007472954,4081.267547081144,4291.020371933831,2996.393002536099,4277.725388340813,3977.995512059296,4107.422940281751,4178.333008237523,2958.1256972977835,3830.8490885063447,4087.634925265751,4338.797024209595,2579.6189250389557,2977.339898616067,3476.8659775595165,3244.085488456774,3012.326345229973,3851.08591657371,3844.7476427807605,3140.9622379507164,4098.401077174477,3052.385868722212,4173.635294414804,4104.3890846991735,3843.2039107375604,3901.566041152124,3824.9443219031646,4075.3220057575522,3918.0695762301266,3985.1524913489407,3981.79926687691,4170.999848606111,3749.475580896517,3740.778429711376,4105.814454721505,4037.808114509532,4052.5496021859944,3353.778000370326,3959.1094739133378,3954.0263736037614,3798.618078395059,3554.828802467145,4286.131142228792,4400.288620000638,3981.437750637213,3134.297129279369,3414.8773824249474,3918.4527494754725,3832.367800575979,3183.517898659616,4143.730785461595,4539.745045470852,4024.21199338129,4181.204463930153,3847.5453278613613,4408.09889381001,3988.8734518359797,3978.02020627385
1610555722.52PJ3FD50MGhRXyUD28vluU8Z9UjLJLZn4,3519.974044759281,4032.1692388554156,3534.86856593842,3685.135840993124,3229.34344851735,0.0,3439.201555128466,3484.4524871643102,3359.858555887511,4007.8398478864256,3756.092479080256,4107.010843290169,4362.766815964267,3544.3639344317985,4356.713387512147,4066.164129200993,4018.348301868686,4179.231058481657,2370.2482435230245,3935.1677041948255,4100.198314106167,4381.987805816777,3229.6910243861735,3556.7644227815304,3527.3340705631153,1769.6762341291164,3615.579136199612,3755.2931272634505,3744.45484042202,3414.0846683354353,4277.454972416803,3362.0751976594192,4271.546598806809,4024.8727990040757,3835.2569396981426,3874.2785828424994,3963.3821225268266,4150.908985597623,3888.0097968965174,3974.996598583701,4110.778541861193,4094.513132212474,3754.4041268092824,3600.9658965700223,4012.620166308846,3790.082580619139,4026.2248909570967,3518.5675704404694,4118.917736226909,4050.9430120346483,3755.300410722178,3665.5895028717296,4266.299262592397,4390.965377026242,4170.982709753106,3332.0569726642548,3498.8504504320995,3968.5921021503805,3792.41854290312,3186.186188639426,4002.8993975166914,4492.075836149298,4187.528377555681,4113.42637211866,4062.5967662404737,4437.143822602697,3998.8981759336334,3813.20660754953
1610555617.52Ijr5puT55g9apK8auM7zaxa3NANg502t,2983.507614979109,3926.093061007344,2741.824781072473,3926.113681557546,2899.0453998570747,3439.201555128466,0.0,2913.6837936388433,3120.6767093080803,3923.761374603137,3961.6414680225184,4054.010872090603,4234.9863764265265,2607.9861295510145,4277.811312080977,3961.068978551325,4117.511422107941,4185.998337560268,3122.535003769428,3920.6619083426335,4150.296271030495,4341.812615306234,3288.753526344467,2882.121446251644,3542.940292424462,3441.0304477847144,3480.118861108084,3879.14538154578,3947.8309006273857,2689.710250773181,4107.477902875587,3165.0026731395105,4175.142883717617,4206.562425116379,3905.807181746242,3947.374153667021,3927.7039615217805,4158.521488711769,3931.1411460699355,3970.7599348793774,4065.116734766595,4196.280316055479,3860.35814589916,3819.440748786994,4126.699704304302,4037.4068113197604,4154.496379664923,3471.8167300629707,3978.4608191250168,4149.599062814594,3800.890598011415,3580.622357955096,4255.681744082172,4386.675071893393,3971.7557163560778,3508.8377800456187,3588.8697112109235,3817.979953394543,3882.3755076608836,3275.083400942898,4191.535677624912,4530.72308054422,4067.2555530631257,4175.042767473541,3967.2605201809793,4430.493550512233,4003.006608675016,4053.9762082654793
1610555638.77ZLjTLkz4jYJdFMI2wWBztzsDILkoOtAk,2213.2013734911743,4113.203898100665,1882.7201061965586,3997.806886952145,2901.808278755354,3484.4524871643102,2913.6837936388433,0.0,2861.969129619182,3859.7640992612723,4126.662243297666,4193.894591586721,4236.921392308903,2261.1866011345905,4410.060031770299,4091.2473020013063,4274.228573938669,4363.963785912985,3133.6230645074843,3882.316912619246,4252.7900037051395,4508.665235194723,3307.8654007054943,1492.7697179076843,3730.768454393065,3533.020088008273,3341.381230494786,3990.294108441851,4038.8174458016265,3309.5389702607213,4098.05476630238,3310.808463357275,4144.543230523667,4283.155297539442,4018.687015780985,4116.678615665157,4027.8944415298956,4263.786886438311,4110.694285762371,4021.913106932497,4106.683202675347,4301.570650689591,3898.8021062545586,3946.9346227623055,4323.581191216293,4206.44266458757,4173.327521991576,3482.9602027363244,3950.542052737482,4228.113088597095,3836.5235330842197,3561.345215392202,4305.514833800702,4510.959616664019,3905.1013641152645,3650.8327590333174,3716.084087214084,3947.6328091715636,3818.276821065206,3520.8085840242725,4311.166918186824,4628.865705473831,4164.577464137506,4333.465096176125,3969.440280610582,4544.2887460494085,4082.1572642894307,4185.386288134746
1610556912.46C7tJPLF0XfNnm8f1820X9aLmXMHoc0Dw,2574.2183260072006,4012.619379629344,2897.704926371411,3939.2484220732895,2615.6748797498426,3359.858555887511,3120.6767093080803,2861.969129619182,0.0,3923.641996080727,3986.434632894025,4048.7355692957294,4265.223875642777,2990.962635059121,4323.8715700937355,4033.8169952077274,4143.392605975227,4137.440409519063,2974.2808158011353,3900.7621356079812,4044.7471804636893,4336.403875365788,3158.310807574583,2916.8912499342036,3606.215042213502,3290.6879409297426,3236.0716716456186,3853.102589152407,3972.608405249061,3260.1616080448516,4144.353071328808,3178.864070981918,4190.089053414183,4163.325061606429,3929.193101383701,3928.3441765561615,3960.1554294423904,4165.458649482501,4004.7599678377405,3981.7695487934357,4067.8596359565927,4119.331514264704,3816.626173422924,3809.6773725364096,4149.400961808839,4018.3309694814047,4089.286644894646,3493.8576822740715,4028.078192054154,4031.544773790905,3784.303042201942,3608.916619568014,4304.3168427855835,4348.16762422839,4027.39307474683,3366.413458396584,3535.365560188858,3881.5175172235063,3833.5660732507004,3419.1155183247533,4156.699866413909,4517.348465497249,4135.344906688907,4179.09821423105,4002.022496947793,4419.379573413079,3975.574345056001,4009.559894960514
1610555617.51LjzIROg0aeCP2GhDcAVQ0LipKJB9jmKc,3605.875965407012,3769.296710563375,3880.8245057392155,3965.5880925250526,3893.079104070922,4007.8398478864256,3923.761374603137,3859.7640992612723,3923.641996080727,0.0,4150.089823502363,4249.228285810745,3110.091517107613,3982.1439742142247,4476.584957972156,3911.48016216629,4233.537925715656,4254.7136719092405,4003.5523771083067,3662.2900271598705,4372.770936385126,4574.160334916362,3785.914245572157,3902.720158909962,3754.787693054174,4078.332241850719,3826.471647639298,4049.9597059758034,3917.29937013248,3998.383105006187,3924.8566981094987,4029.486414255148,2546.483303670257,4010.0477017861713,3971.780228427308,4135.253663841988,3988.995715174151,3940.1220520292795,3724.6124395868537,4007.553455160209,4203.528444125457,4298.551574403008,3989.946098390186,4048.6437468403565,4195.976795729823,4107.252180844456,4174.088559197939,3703.9467397692147,2739.6990972928047,4262.700282899621,3942.740915591032,4047.944458637897,4035.6329299280674,4413.154665610519,4036.759278785308,4009.2964252524894,3943.5860913507217,4105.182189985666,3896.5466082015178,4039.3952151264825,4289.958905708455,4536.978582359113,3769.0423184083243,4380.675896433193,3323.2123266213243,4515.732576727096,4114.748964050547,4221.030439897171
1610555608.17OpjjHobqRkX0UPcaXrbu7K6L3805SZri,4007.9040198219764,3377.798980923723,4179.537360062972,2883.701593598349,3928.59007472954,3756.092479080256,3961.6414680225184,4126.662243297666,3986.434632894025,4150.089823502363,0.0,3862.0267549816504,4299.365118152112,4128.301551333528,4190.420227921083,3828.1195749771186,2463.8693365964828,3525.2355112030327,3714.0851106259715,4010.767086322683,3689.555863014247,3917.6242951768586,3797.025410668217,4179.857222605427,3767.1664040862242,3724.874306824449,3979.905288351716,3630.981192247704,3675.3447052856295,3857.9131508998453,4236.632398891057,3853.65680285495,4268.318759246742,4069.751476251567,3718.0931861039458,3343.2314660997104,3958.1037129814313,4048.54057601899,3663.8574071830176,4091.983808796549,3872.0163744975803,3360.372529086046,3778.8971825348885,3479.419866766681,3445.112354323905,2980.710248589236,4214.878370713882,3976.413814616097,4203.855831125852,4118.6880534052725,3728.985048262052,4123.936597071258,4415.242068489107,3948.8212763348542,4103.043372102326,3852.0671283084453,3522.7125731540996,3911.6355354255634,3897.2537885004404,3712.5937543379096,3661.7922623090512,4025.7825745617797,3889.1189296477455,3784.2231547839115,3932.342803022549,3906.022395990288,4047.084316482291,3675.4911497420103
1610555721.82zWeNZfGUUfRJkgnAwlP8VMhPzXctnSd4,4094.600703249145,3847.5408748582804,4204.928426238193,3725.094779152976,4081.267547081144,4107.010843290169,4054.010872090603,4193.894591586721,4048.7355692957294,4249.228285810745,3862.0267549816504,0.0,4411.266276303337,4226.400089869628,4277.297084403565,3904.3327011015617,4056.542155692679,3900.92950819269,4003.9698729071847,3836.6555204190486,2698.12157218053,3910.5708310247805,4072.480832158893,4224.934368640344,3921.9121114224167,4153.704818115928,4200.963598683051,2943.8564191799746,3753.8785645888242,4093.2671117357254,4486.899199051843,4116.9901307964465,4381.43901276562,4032.5282171637905,3422.155477433952,3620.218432488327,4036.7978580597473,4153.555216164371,3873.022521094964,4148.232309729838,3710.5498460515905,3520.8675771553426,3925.778977920151,3339.5048710407527,4092.526353143148,3978.513383878684,4197.912686692723,4055.951544180569,4320.617472380103,4184.074578771553,3159.4199084730976,4190.792326249791,4537.118399012056,4196.419243529747,4249.857413768297,4021.7474787404917,3876.412092812982,3381.4421400164415,3672.936264626584,4007.856583959084,4106.556983754518,4436.134039951189,3992.330663160861,4283.213175881251,3989.226672189724,4293.194890611646,4065.2651452312475,4009.7386625247086
1610555735.75bom85BDF0C7W2eIseHeMxi24qR68nzMi,3956.1118821158802,3685.3410278463916,4249.545734436435,4218.127992856024,4291.020371933831,4362.766815964267,4234.9863764265265,4236.921392308903,4265.223875642777,3110.091517107613,4299.365118152112,4411.266276303337,0.0,4265.739859754578,4547.324280889089,4143.236182788814,4337.094372599184,4312.526879532313,4338.756025969832,4083.0598567310562,4500.836066594756,4651.716321860812,4184.4960371001525,4270.685447564238,4199.110780545178,4403.61578613618,4171.687435618285,4296.712624223128,4241.204360745306,4283.331181376957,4217.053834667714,4278.304908493149,1942.6914397940973,4239.754350496481,4304.813199321512,4353.584306443837,4280.264300730739,4200.19323859494,4069.1245558009828,4216.840531407488,4422.377151880314,4350.538524775561,4244.600089751688,4288.424745641196,4374.13799704721,4196.2554579074385,4404.1175495189955,4181.356980589616,3792.044565971094,4462.319082517292,4277.452116557166,4373.3843825939675,4312.072353823423,4432.429685306637,4269.347003437126,4312.244019965134,4355.523067229398,4357.850879382597,4295.946605390747,4363.3075437006955,4452.732804316977,4518.685930237845,3933.3485244360763,4482.685468302131,3986.81625094839,4508.2657259050075,4376.918428449238,4409.416291057234
1610555735.77NnT5xqKnwcf2BbjIekeb2arTQj6QMNwk,2662.0651110735757,4082.8847922051814,2550.9426010586967,4060.3337014607127,2996.393002536099,3544.3639344317985,2607.9861295510145,2261.1866011345905,2990.962635059121,3982.1439742142247,4128.301551333528,4226.400089869628,4265.739859754578,0.0,4373.786105866282,4123.243984514544,4223.862493569419,4329.768280974703,3246.418988913669,4013.4148900445834,4272.993577428454,4471.85893281577,3391.615389740055,2430.772414005183,3750.5926482367695,3507.3431936997827,3463.0558306563507,4055.223936678597,4120.855702577527,3264.4847165708943,4188.979457427988,3333.4294839999443,4199.583288533868,4363.937585470286,4097.194946109014,4145.530467581047,4070.8269377923934,4338.90488213163,4143.211954788203,4081.7438037210327,4195.265582845705,4296.893793471815,3995.583112264621,4035.2256363942874,4284.827308777066,4177.3294626715615,4225.732469680973,3563.7948541931855,4042.839313146873,4253.740864976226,3927.4335858316726,3652.7564339914734,4361.921696079981,4502.225412920036,4024.3291921691066,3698.464826261384,3766.90986964181,3971.8466781243815,3954.743259737624,3469.4910412389786,4301.571580958207,4606.124319279431,4191.077514052582,4257.426037519746,4077.8290659912655,4510.683782164263,4148.576658259937,4174.871448870374
1610555638.33wjf1PhdNaoWfbRzXVn50hmFyB5bYAiLV,4341.974383664492,4140.909963815381,4442.182582423848,4203.864186989224,4277.725388340813,4356.713387512147,4277.811312080977,4410.060031770299,4323.8715700937355,4476.584957972156,4190.420227921083,4277.297084403565,4547.324280889089,4373.786105866282,0.0,4261.9084113488725,4297.83991260165,4181.998057400199,4228.7468821576795,4446.953354433564,4272.991412354959,3947.807962794112,4223.943953933997,4440.0742747047325,4255.663025506635,4359.636737428435,4280.430262360861,4273.219669954621,4107.702404333978,4290.463249888316,4445.289421522735,4307.927994347999,4533.083077851538,4541.7272765776825,4153.143102999714,3878.6932833437622,4051.8111826401287,4544.26039309621,4293.876633483743,4147.138959198625,3566.0257081027753,3956.5260865510095,3627.3127044111325,4190.882291838354,3870.2520370973452,4142.797490608874,4349.475491602988,4276.240425011741,4563.014898989236,4380.714136924399,4241.766321017153,4330.793660401182,4727.405991490267,4095.0133737397746,4355.25455927741,4296.428855059137,4111.087679587478,4368.840248890399,4304.896690377883,3977.9737515137754,4131.646685776176,4114.558278938272,4368.015918536326,4068.9585603731207,4373.057200710859,3764.1161497308635,4367.658219208285,4141.040240168787
1610555606.65jCE4ig8Pu8kvAzkxnSGfWsV0nQBjCf8H,3924.734722369512,3644.249963105762,4097.086628580001,3731.5677350636256,3977.995512059296,4066.164129200993,3961.068978551325,4091.2473020013063,4033.8169952077274,3911.48016216629,3828.1195749771186,3904.3327011015617,4143.236182788814,4123.243984514544,4261.9084113488725,0.0,3984.656106791482,4137.695322232485,3948.687314217302,3592.0206184694653,4022.378576234146,4362.850277828092,3763.9732829646305,4108.560668582682,3852.987442097898,4122.03086209587,3862.935052604848,3733.360726586792,3693.8223995145727,3856.5564957372335,3659.4599649391994,4016.925977642232,3973.311152505589,3673.440438536622,3276.0862737391567,3362.9905183907213,3459.0253310525413,3086.3882624660046,3817.77440510407,3878.382007199129,3768.7697908785008,4076.255463848705,3741.8102790376765,3720.75377485458,3878.2856991955705,3954.5491036013254,4150.584308306663,3822.810417678815,3849.4924605297297,4006.607378410553,3572.6215777916354,4050.6879168098562,4210.3506210506885,4268.356295161527,3476.6512968638754,3982.076499483924,3872.3602188010036,3583.6949991927736,3698.3117948437184,4005.8589315582185,4056.1960300803785,4392.287105601733,3136.418614988575,4232.092730914609,3521.5561014238883,4316.4254980008845,3880.334950839837,4001.455337006018
1610555608.18ONsBCVo1i7BrX0XG9stct4oiA6ejX9Oz,4134.731145431254,3470.620765404629,4319.777544528922,3412.4209839423024,4107.422940281751,4018.348301868686,4117.511422107941,4274.228573938669,4143.392605975227,4233.537925715656,2463.8693365964828,4056.542155692679,4337.094372599184,4223.862493569419,4297.83991260165,3984.656106791482,0.0,3685.5288110421698,3979.450914279408,4198.055280316999,3891.5888028274376,4003.25684154606,3964.542083726598,4319.377184187145,3900.449012787036,3938.443423961981,4129.103468645128,3886.6493093166455,3891.3101315593563,4044.044322566432,4396.920244100309,4004.1996722550753,4313.1061523610215,4202.252570736159,4008.819227653712,3586.9332107355867,4183.798928048283,4202.4750416233765,3819.4587257132816,4304.595245530317,4071.9041132261596,3540.31520324181,4031.6195489765214,3745.4952258495828,3575.387283181925,3254.596934136547,4361.680412560352,4126.963342498553,4268.038007177222,4189.977922474423,3972.037623876957,4317.861850077667,4520.874898408231,3991.39990892208,4256.206411505722,3995.691232934105,3778.7689523541094,4134.303246484154,4111.217241535727,3879.714174603073,3783.0051630090056,3977.0369879532423,3963.8442618229174,3798.7159965477435,4059.1756521292,3873.125196889358,4167.611195945398,3836.3928725580013
1610555721.51RNoQUMP19FTMS79BmA3JkgSm2IC2AQuQ,4173.0349000054075,2842.1357824560646,4392.917533757965,3705.8002703353136,4178.333008237523,4179.231058481657,4185.998337560268,4363.963785912985,4137.440409519063,4254.7136719092405,3525.2355112030327,3900.92950819269,4312.526879532313,4329.768280974703,4181.998057400199,4137.695322232485,3685.5288110421698,0.0,4095.250626098381,4267.75706589403,3979.6536115306385,3853.822399504213,4101.3047203050455,4401.241643991611,4097.743725998049,4173.291636357641,4248.261866267367,3895.4731573676154,4039.7712044476048,4072.20144411594,4445.281317294273,4080.845575153563,4314.343773365415,4201.7892220486865,4122.428580338617,3831.879331833202,4272.126090400118,4184.520005064899,3905.085312192541,4353.741443299239,4052.6531250310704,3584.5567946516658,4145.284725590165,3783.9612301173784,3439.606954847327,2936.5076379249003,4301.289856446616,4222.727935041857,4298.981826633577,4333.296309969008,4061.861511522203,4361.517966020432,4567.279048451377,3979.6097919168888,4362.502688971748,4111.673461975938,3957.934479188145,4201.424805684279,4135.1474722241355,4016.1357610657055,3791.0395860476874,4128.760868734895,4125.914528851219,3842.8381848042304,4177.715905239311,3927.829680559876,4312.478259220891,3855.883922310463
1610555971.86O0cHB2ibBJ8jxoObg01EpGe8VVV5mpwn,3102.8392040690846,3936.8277586754175,3159.770227178933,3632.5268621287264,2958.1256972977835,2370.2482435230245,3122.535003769428,3133.6230645074843,2974.2808158011353,4003.5523771083067,3714.0851106259715,4003.9698729071847,4338.756025969832,3246.418988913669,4228.7468821576795,3948.687314217302,3979.450914279408,4095.250626098381,0.0,3927.747435087993,4035.8075003524104,4236.865026154527,3103.7748674567765,3209.7233759599076,3454.4297591498007,2641.881580100396,3420.6605224520645,3678.8629137115718,3781.480860823711,3075.2167420315313,4151.561129778014,3157.743414724335,4267.710097029245,4068.9879873424766,3812.783339674707,3786.746645390514,3839.690783361304,4117.935360703456,3832.205558472116,3779.4065596119462,3966.805051505117,4035.671939644979,3623.0041733386174,3531.8181277371777,3956.9664071710686,3827.345075370372,4058.1034695060134,3358.2679552563145,4026.919251615398,3951.805628937141,3668.286639288398,3440.881876518973,4238.115117208821,4344.622892246412,4019.899189974855,3315.698591544,3373.8888747438614,3869.419790428383,3722.7176570964934,3007.107755161761,3980.324702456333,4462.361690458014,4089.8849476092287,4067.0060232341207,3915.707711671904,4353.134869018033,3796.1296939966537,3800.829050141976
1610556911.51zU3duZSGpcw1BDNsBLxdOCITAXwl6z3i,3778.3426011795314,3981.663397537772,3886.49019277697,3797.8960158639047,3830.8490885063447,3935.1677041948255,3920.6619083426335,3882.316912619246,3900.7621356079812,3662.2900271598705,4010.767086322683,3836.6555204190486,4083.0598567310562,4013.4148900445834,4446.953354433564,3592.0206184694653,4198.055280316999,4267.75706589403,3927.747435087993,0.0,3920.3355341607603,4539.864590141491,3767.2759165354296,3930.332561469816,3916.7069065801147,4012.886027835056,3768.468773250287,3662.6909454998463,3846.0461444456932,4026.568747715844,3938.771066378208,4078.238812219731,3910.774974713942,3843.234864713862,3523.7562782461187,3794.6484220818174,3541.585167131377,3846.4949078988457,4026.122495127645,4028.9172638496016,3867.2860776793414,4160.024385134796,3769.2927413377624,3637.4365295690422,4084.348103829449,4122.231378708148,3959.7201352263255,3837.640059718001,3838.861965473124,4157.259892821357,3473.966319005228,3998.870923824023,4308.609126291694,4401.886080447275,3699.034566314647,3964.5607580503774,3868.39893048324,3564.3651001126696,3567.6268293399426,4050.724643851567,4259.03166227631,4567.108085814578,3780.7632143677606,4413.6731920916745,3586.5290541034874,4566.122717198687,3974.975058689687,4145.105685179906
1610555988.71dMoYT8250UHHJGxgmITTmbHe7V6gH1yU,4170.686377029555,4048.4922339160235,4295.352305430281,3723.4279154864666,4087.634925265751,4100.198314106167,4150.296271030495,4252.7900037051395,4044.7471804636893,4372.770936385126,3689.555863014247,2698.12157218053,4500.836066594756,4272.993577428454,4272.991412354959,4022.378576234146,3891.5888028274376,3979.6536115306385,4035.8075003524104,3920.3355341607603,0.0,3944.113695115122,4111.902854357882,4293.296113623173,4026.2307793348405,4055.7554195831253,4220.3328443238215,3121.1339324611754,3840.740609518862,4196.343293201986,4548.956614726612,4221.101097071194,4498.11145203309,4128.258715262267,3634.3311396910162,3593.694237195242,3985.5648549203383,4296.404736587887,4051.3465020837566,4211.4855268503625,3753.716058882581,3398.77641083493,3930.456687694914,3461.312074236337,4026.914365595516,3879.734127627894,4119.9316834602005,4140.057435002296,4412.576211879954,4256.350539497291,3207.832921800859,4258.018386472468,4562.351026282004,4172.7635941071685,4299.7050393557665,4080.434098153523,3840.967284952033,3431.8635127729276,3604.091099584443,4002.949948047742,4003.638655061914,4409.572506309958,4167.990854076786,4211.83083254404,4110.355416270652,4257.53894623993,4128.334578311482,3930.2458900229376
1610556042.81mlUZsSp7gbGjrp8jQSnybT1gPy6e62o1,4374.779051593232,3812.8082717681036,4551.9838063975885,4124.437409364802,4338.797024209595,4381.987805816777,4341.812615306234,4508.665235194723,4336.403875365788,4574.160334916362,3917.6242951768586,3910.5708310247805,4651.716321860812,4471.85893281577,3947.807962794112,4362.850277828092,4003.25684154606,3853.822399504213,4236.865026154527,4539.864590141491,3944.113695115122,0.0,4305.739377793868,4543.997633664909,4294.991280928972,4345.787431032396,4467.992172360189,3969.413230515875,4265.049261925254,4225.973583426696,4747.074646235209,4261.887668600893,4680.290047685494,4486.281261721144,4357.898346935745,3961.0228609918863,4472.5728723902275,4553.956636425392,4195.77360480509,4343.828732386004,4217.092389678875,3520.658192919491,4256.900799557205,4053.0257839014434,3953.950078074251,3849.947829440617,4449.420664312474,4403.892581486583,4573.954028354597,4295.235579645394,4174.583574569786,4510.3184078964305,4670.076556683226,3894.741461573158,4603.301728120753,4323.904733061975,4179.263773623937,4259.2686426485025,4328.561033940109,3976.719002767944,3701.0014019183022,3869.6938508673866,4322.6654143283595,3867.9060931267736,4367.5448376870245,3484.079468956481,4355.489470085993,3820.9200511627155
1610555637.02UBW5nKvDyUrKnaWcYRGajZPxTRDS0q3N,3189.6355726659185,3839.3603121498545,3356.6758548019097,3750.071773005637,2579.6189250389557,3229.6910243861735,3288.753526344467,3307.8654007054943,3158.310807574583,3785.914245572157,3797.025410668217,4072.480832158893,4184.4960371001525,3391.615389740055,4223.943953933997,3763.9732829646305,3964.542083726598,4101.3047203050455,3103.7748674567765,3767.2759165354296,4111.902854357882,4305.739377793868,0.0,3355.192477613725,3304.8783401137853,3261.1141042120726,2868.5584810132996,3787.8670656556546,3716.6136694048987,3018.865790550425,3895.5614133845443,2918.4366825855795,4047.42632623642,3841.7041431161797,3760.9792666837507,3775.0168466735463,3694.526187709656,3722.985664702039,3717.754765468041,3967.801451146906,3875.579572060757,4070.33978047434,3667.714547712288,3681.0267596657,3888.2171760703036,3883.51703034662,3979.9643137219623,3326.3883540257034,3772.488945572718,3867.35948131012,3771.402485375867,3551.414843868997,4230.269465685394,4251.642023428944,3879.5131580195566,2666.3175008383623,3320.130509321753,3867.9597263944497,3794.1945470810447,2994.0549787246255,3998.630607672505,4425.880675990305,3795.205591111159,4048.5828941436425,3660.90165045959,4305.0202790024105,3929.265097375592,3888.577992965665
1610555619.13oUYNikU4facCTpUSiSLr0vPI0tJLnXiT,2283.250759006254,4163.350372513032,1804.4366137864856,4043.8570228644844,2977.339898616067,3556.7644227815304,2882.121446251644,1492.7697179076843,2916.8912499342036,3902.720158909962,4179.857222605427,4224.934368640344,4270.685447564238,2430.772414005183,4440.0742747047325,4108.560668582682,4319.377184187145,4401.241643991611,3209.7233759599076,3930.332561469816,4293.296113623173,4543.997633664909,3355.192477613725,0.0,3783.402707086963,3609.8908838849825,3392.064839866033,4027.1671388347636,4079.9882564444306,3342.228591612989,4130.575883129644,3379.071001476037,4179.844011131799,4320.620083025174,4048.6590507833607,4165.289628520289,4080.881712030938,4307.347009243539,4166.592138601146,4051.985560354932,4150.382344910268,4341.790642960124,3946.050734314787,4002.7423337028436,4370.017135107908,4254.784078460565,4205.965888345056,3507.1758593620443,3977.1374779237235,4255.642402104273,3870.094422105875,3627.506580659835,4338.889207441663,4549.297790094557,3937.916609040229,3711.0982522991458,3771.1399407197264,3972.8500212114086,3860.9787789925617,3593.953158660482,4364.027760794172,4671.582437730162,4187.665392886372,4369.815136630132,4009.689133525801,4589.962802511404,4118.1341120496545,4237.05921714402
1610555721.03nzkucfjAUh31zTbmCVvTVYqtjoxZFnBh,3639.7008889790427,3813.8378721883496,3758.240339358839,3831.685795649632,3476.8659775595165,3527.3340705631153,3542.940292424462,3730.768454393065,3606.215042213502,3754.787693054174,3767.1664040862242,3921.9121114224167,4199.110780545178,3750.5926482367695,4255.663025506635,3852.987442097898,3900.449012787036,4097.743725998049,3454.4297591498007,3916.7069065801147,4026.2307793348405,4294.991280928972,3304.8783401137853,3783.402707086963,0.0,3586.9327238589954,3778.7148652510045,3662.943384507988,3690.183283778669,3552.6735925582366,4239.735562195166,3430.9963323059883,4070.6049357256684,3947.9153149043113,3794.325916386863,3753.8999160401445,3916.6037384613583,3884.2410492822537,2930.492496547473,3898.9068681723425,4119.8914248420215,3996.6134184770617,3697.7333964758577,3611.9204327892185,3910.692276419566,3785.2019518701077,4132.781988870052,3245.422328169328,3839.5949647336734,4054.0864934372985,3675.2187474468174,3796.546662037094,4147.320243842998,4274.691624236814,4170.076230163032,3121.135434262138,3043.431881483112,3933.956813737998,3764.698340132751,3164.3852052960524,3913.657851445038,4378.331812883601,3870.6952553103706,3957.0034471038807,3744.580406543151,4270.691311567072,3807.1497848358104,3826.99506762876
1610555722.67fhKURdXVzRbLIjXmjRwdJHTnE7PWb1AE,3538.9062052750614,4061.5907384145494,3595.4794197895912,3762.0801587898873,3244.085488456774,1769.6762341291164,3441.0304477847144,3533.020088008273,3290.6879409297426,4078.332241850719,3724.874306824449,4153.704818115928,4403.61578613618,3507.3431936997827,4359.636737428435,4122.03086209587,3938.443423961981,4173.291636357641,2641.881580100396,4012.886027835056,4055.7554195831253,4345.787431032396,3261.1141042120726,3609.8908838849825,3586.9327238589954,0.0,3618.5659360578834,3831.073542602825,3833.743758462608,3459.1751602568474,4305.478624453261,3359.3439781227466,4317.670341231097,4093.984001448492,3938.5468247457784,3869.8909660030054,4011.204910801735,4206.519681369008,3944.0612453996646,4033.233827356574,4165.909061693481,4047.5971796187773,3825.803922666987,3700.034605807003,4009.2310336360747,3815.9642469426535,4079.5581516193165,3584.8112592048237,4159.522071437145,4064.674198466136,3856.545036445921,3766.581537366072,4305.659293198412,4382.27114178331,4207.5183129523175,3357.276458102677,3525.804241577807,4028.482024967605,3888.226489506039,3227.5042608002996,3994.1872029888973,4474.639432104005,4232.709895527404,4080.700187405298,4116.549695939288,4398.835655095565,4021.623434286362,3843.8985659161026
1610555638.39J2ZWBLuLTHP0jOlzB4tNHmYeijH5g5YJ,3149.7101774316498,3986.8696543670776,3384.4126104710576,3873.4558203377023,3012.326345229973,3615.579136199612,3480.118861108084,3341.381230494786,3236.0716716456186,3826.471647639298,3979.905288351716,4200.963598683051,4171.687435618285,3463.0558306563507,4280.430262360861,3862.935052604848,4129.103468645128,4248.261866267367,3420.6605224520645,3768.468773250287,4220.3328443238215,4467.992172360189,2868.5584810132996,3392.064839866033,3778.7148652510045,3618.5659360578834,0.0,3984.083796068436,3910.319210599029,3507.581956734426,3757.374304664747,3518.2731359570616,4065.8590299833377,4098.271312919015,3857.632046429368,3929.766813111633,3657.401242953218,4061.3476283679397,4023.603318972588,3901.8239694829654,3860.798204034582,4203.309996247504,3751.490694291086,3917.1029499384854,4132.89055032639,4095.7845587060847,4056.9735520824834,3412.2823528194626,3846.852980568562,3801.8954138325566,3889.201297888529,3474.347012662245,4276.6670154502035,4397.721658210796,3780.835405743926,3467.771392623176,3765.074215913874,4039.5169852913937,3878.400104903682,3592.75726926581,4212.064053281357,4499.529382298237,3900.740280854078,4249.3196858635865,3728.3712018714614,4440.501909078191,3722.190042732361,4120.23552616669
1610556032.17Q6yCDx9g7alRnL9jBFXD2JhhUyB2hKfJ,3922.842274438471,3774.902072450439,4004.5575971206454,3417.4522878599682,3851.08591657371,3755.2931272634505,3879.14538154578,3990.294108441851,3853.102589152407,4049.9597059758034,3630.981192247704,2943.8564191799746,4296.712624223128,4055.223936678597,4273.219669954621,3733.360726586792,3886.6493093166455,3895.4731573676154,3678.8629137115718,3662.6909454998463,3121.1339324611754,3969.413230515875,3787.8670656556546,4027.1671388347636,3662.943384507988,3831.073542602825,3984.083796068436,0.0,3592.3874163580795,3887.4935878709475,4301.352664984189,3952.6347547389046,4239.880461289205,3623.425645671697,3454.076697827743,3478.344304907824,3827.2557434709815,3829.0204469636597,3734.7424997940466,3856.5893408986435,3674.1698107795914,3347.760852600104,3620.2060706386587,2961.9369797922222,3896.7380120357648,3671.372416101062,4046.6603126417717,3815.571140164178,4076.6689420563744,4018.6662883736794,2778.77831347428,3963.462270785256,4198.0429043309605,4075.4524350244747,4054.976260672896,3785.714663783734,3541.4320196959325,3341.6695265242524,3118.475630277136,3728.7683213712185,3669.414540385348,4292.316295956353,3911.8680771121703,3979.788236440819,3771.982825270659,4145.188366171009,3838.719951039025,3462.6150031238753
