,1610555604.25mOvVXuL01OCiReyVWBfesjuvXmB3MoPy,1610555605.43B6oDsBtWRQ29Q9UMQuTUEPZy3FSSWXzc,1610555610.92HPGJJSmyPM40z7otPBgHalNrHFA7zk5d,1610555606.68LaSQbm9EHAFycEfFtEqAwYqlBsQPjIRW,1610555617.19EKxMEwDHfXiEJZc27TsGoERaD6Da4BZU,1610555722.52PJ3FD50MGhRXyUD28vluU8Z9UjLJLZn4,1610555617.52Ijr5puT55g9apK8auM7zaxa3NANg502t,1610555638.77ZLjTLkz4jYJdFMI2wWBztzsDILkoOtAk,1610556912.46C7tJPLF0XfNnm8f1820X9aLmXMHoc0Dw,1610555617.51LjzIROg0aeCP2GhDcAVQ0LipKJB9jmKc,1610555608.17OpjjHobqRkX0UPcaXrbu7K6L3805SZri,1610555721.82zWeNZfGUUfRJkgnAwlP8VMhPzXctnSd4,1610555735.75bom85BDF0C7W2eIseHeMxi24qR68nzMi,1610555735.77NnT5xqKnwcf2BbjIekeb2arTQj6QMNwk,1610555638.33wjf1PhdNaoWfbRzXVn50hmFyB5bYAiLV,1610555606.65jCE4ig8Pu8kvAzkxnSGfWsV0nQBjCf8H,1610555608.18ONsBCVo1i7BrX0XG9stct4oiA6ejX9Oz,1610555721.51RNoQUMP19FTMS79BmA3JkgSm2IC2AQuQ,1610555971.86O0cHB2ibBJ8jxoObg01EpGe8VVV5mpwn,1610556911.51zU3duZSGpcw1BDNsBLxdOCITAXwl6z3i,1610555988.71dMoYT8250UHHJGxgmITTmbHe7V6gH1yU,1610556042.81mlUZsSp7gbGjrp8jQSnybT1gPy6e62o1,1610555637.02UBW5nKvDyUrKnaWcYRGajZPxTRDS0q3N,1610555619.13oUYNikU4facCTpUSiSLr0vPI0tJLnXiT,1610555721.03nzkucfjAUh31zTbmCVvTVYqtjoxZFnBh,1610555722.67fhKURdXVzRbLIjXmjRwdJHTnE7PWb1AE,1610555638.39J2ZWBLuLTHP0jOlzB4tNHmYeijH5g5YJ,1610556032.17Q6yCDx9g7alRnL9jBFXD2JhhUyB2hKfJ,1610557007.49MyVgDnuUuBxrvL6SGOdhKf69VYlW1MSm,1610555638.44hjT5hbYdKoE3MB6hijrjqbjmLgvCUYKD,1610555608.13zUvmFSCRt6SsLbhqFznMEvGx54GPGQzM,1610556038.62a5C4ynd1AARyAhTv8a58NCqHvXRjscqH,1610555644.45Xse8u7pusHNsd7F3d0A32HXvXr6weOJE,1610556038.62gKXOCG7XCn55eJvyl5voNjbwOW0znQDq,1610555987.13v0oleKK97pkesp6oMgprH8SoSdoDVdIO,1610556964.96ZLLeiQW0qpmxhPGTg7K03fmzkqsC2bjC,1610555987.13VQlEedQ50VvkPMEMzZDv3KNnQCewykN9,1610555982.186TY6MMGkDecIN1woW6vsfAMXVV7jnyjO,1610555982.673LuMndkwkvdmZOn0MmE2Pkidx0FtNalb,1610555733.38zItcuH7gHNfKdALR2d9Nek6bxCyw36Vm,1610556034.15BQxSbZINGCay0yp6RBVlgcPrw76Yn9ON,1610555639.37BPZpgtGml8qUsh9AdV4m32jPLfI2aNFq,1610556965.57S0adAalhWYe6K3bkZU0bRHbqnDK8gGkR,1610555983.54zteLPCMjyrjzPdhHhlZr3faCgD0TfYr3,1610555987.79rHnNRmt9a0ufmnwCvZqBouyUoZDNpylW,1610556960.041xWER61rmArlsKfiMl4frikWmUCnQ7op,1610556035.13a7NHZDutfTMJ88qle1gTYY59Dr4WmMsj,1610556890.456ZBDaY16bMtrTZTqAgHl3wq1tRxzqDow,1610555760.24e6890pkbyZ97Or6croI1rQgjkSsR0yVt,1610556043.02YpWMIJg3W004iqlPyv8OcVAZdSC5rNYw,1610555987.03z05P26TLtONYM1HSzupoc2CeNMa6HTqr,1610556032.15OYCzUxpsz7b10AXBAuDXrvEcvxFhf0M7,1610556032.63Z80yI9pNwS3jSmsDABbuhf8wkNa2Ze9y,1610555736.28eGuESasTXdR3SqY6pHhEXWZtcdciYLCO,1610556034.61bebeZA0MkaFG2sm3VKiqrxeqQginTTW0,1610556944.5XwXOphKYT3ZkWA8gViqOS97VHVuMVUqb,1610556944.745UVLFBzf7fPh4UH37I6tYQOFPqRDytEh,1610556034.63XsUwaFaPZevO1JNFjfhvY4aKNFnV4noV,1610556964.89xwBHw9faT1HjQRMNQEyA4qJ3hWkwgj3k,1610556966.74DydzH91jtyvRyYau47JpVkZoMRSNTt01,1610555740.77UueVziDbaXyRR4OcVJIIZyzOfAzN51bj,1610556046.84e3vwjyRCzqz0wJQhrk8zsxlFfFSv98Df,1610556137.99eoPuVrDThKAOvmeprLPb2FWRqIhzUodc,1610555740.73XFwSrmTXJPlaxGZSefh0jOVA8PI3III1,1610556123.88AOfNaz9jSnqU5Czc7okOv1RCrYfKFBTo,1610556046.85nB7NvyoYQeLcOV391Lmmut1wAM8CFGLw,1610556123.89H4pdIAzDthI7bMXMhlIhKUYIQIvtmPPQ,1610555740.87GOYQUJKpkynIS2lFqppYK4b32ol7NeGh
1610555604.25mOvVXuL01OCiReyVWBfesjuvXmB3MoPy,0.0,514.3572173380732,146.54199697292825,449.7921037487576,295.0133263264001,386.4306024339025,301.1389559905307,169.53086496891538,229.2460842506883,379.11360906576306,609.0802935991601,507.67305850385964,463.2329950730505,247.9750804529484,548.544958875849,389.80211055103706,746.8334844712812,612.9281456315177,313.8416302607713,350.4993465244108,578.2715839996445,688.8198409535097,334.2259827031294,167.63724801842721,449.28368944741436,421.80255265925257,305.8464587243516,495.33465324058136,492.1467925368119,331.6019391423557,375.2388018376835,387.2194855608987,458.1353809299257,433.59396080307664,452.62253355829813,508.04252225847017,425.98975541668915,430.1988431760585,479.4025218861022,499.8920334124176,449.73416339638277,692.812807110088,480.7904094039584,466.0821999451197,555.1345376588237,630.6527793824412,436.74103889311544,353.22984263484415,370.18303301650235,528.3771190124031,378.70334559656567,356.06685754754545,453.50508785695007,660.6452057226164,359.8570416486309,421.8172742182582,457.25163559866525,399.4235865669171,363.7068294211469,453.4297849715705,658.6561784551179,737.9628483997631,404.0699858845901,695.1269723591573,379.43389748121746,764.0290979350842,466.63556091323085,621.493325303333
1610555605.43B6oDsBtWRQ29Q9UMQuTUEPZy3FSSWXzc,514.3572173380732,0.0,559.7592717538437,339.9959645783255,537.7532165623566,442.6813724243121,484.7428159958721,555.3807288822694,525.6253587866983,450.6810642326316,357.6089912346088,404.39623372352,434.1689395235744,553.1705389061367,402.305336812012,464.04881421705784,457.4140702181428,250.73097129851175,493.8916147859603,507.2792441404382,443.93342149577035,445.60309374859406,512.6977279754677,569.3246774765468,412.17363201006793,453.206411334969,538.545047789311,407.9693266067855,363.4192044288387,493.16551335037576,463.30646712634655,411.8179054007972,430.36816161438986,385.1168874330465,430.06448329663056,429.2585459956346,455.6131056890238,372.2600513324222,318.10406200325133,467.9477430571017,391.7621153809304,454.67634313883735,438.3347661879638,359.5891243486308,284.9390250109546,259.65095165605686,469.8747679583918,539.7377102191305,440.96727466169324,473.44706230392967,462.0803045125808,532.4139079121893,442.1599083093082,401.02682161961945,517.0151046223505,423.9897931092697,404.1074364534807,489.29668532080547,482.79749530944156,399.88604370521705,413.41079195376005,461.2861974207438,424.94659028276504,458.2957061919933,424.37599677251586,488.113953318241,456.930306246066,405.038535879694
1610555610.92HPGJJSmyPM40z7otPBgHalNrHFA7zk5d,146.54199697292825,559.7592717538437,0.0,477.75400978689385,287.78705803396485,406.2310045140848,296.6786310823211,146.32767914810816,233.81113072529337,413.8554357081157,651.0302359505978,545.0651215766695,501.13287697820925,214.17314359008301,586.2627303203545,402.11219616525085,795.5526128115299,663.3631512788264,323.75277164528467,356.19204840359606,621.4515544706538,734.9166508216418,335.28451110699416,139.59898803416854,478.33250684315936,444.9139869821013,304.78352265393727,523.896988707069,524.4656636937716,326.36244961130643,398.58538198733277,427.57807280198904,501.6253612132606,463.64502822376903,480.9582169811668,543.2146973340726,446.350396965044,463.80617435201384,515.8379992841018,539.3505772744826,474.9662212841707,740.2485544916215,512.5507809370247,510.512497391723,593.3022380301503,675.3517431506621,462.698081564532,354.08039214286214,398.09397984611826,565.4268975000801,396.08229599741315,348.85684391984955,481.95242898190264,708.4068921495066,355.5186620814887,453.04294078285403,486.0634596257513,403.6275369938568,377.91238058202845,483.6528605168259,701.1341442595168,783.4163999369617,428.60005210726405,741.0704776863467,406.8269774874447,812.4160723522865,503.01210958296264,662.4119006741178
1610555606.68LaSQbm9EHAFycEfFtEqAwYqlBsQPjIRW,449.7921037487576,339.9959645783255,477.75400978689385,0.0,460.877249911042,422.821786213979,424.23115540552925,470.5110026897943,456.43124970312306,441.19006945703114,377.39368460030505,361.73434290068775,474.2099943962204,473.1074232272758,421.45702698769793,389.8998824859697,521.3118777138101,417.43070054149024,431.9477774610131,434.91116377878853,426.4380110312731,503.7468469819311,463.691530765887,483.08163434390985,429.21862079323955,431.6851961236326,441.9166457972089,370.7985224034612,380.1242789012376,441.77504973656085,396.84806496230834,410.7914436432616,459.2095579751605,392.88190366700945,362.9528457402365,363.0246757851556,392.5943026542505,387.12304386950984,328.561521740528,438.98207209325983,321.71236150472726,471.8968742653934,383.5462041771041,325.435410702177,389.3273979380324,439.7609938467583,444.78894017425637,468.07107539184125,419.78709897071866,455.2746212550602,383.90972020615266,450.9244208304639,416.8004406090148,464.4024396618494,424.07791241741097,429.05681520725994,411.85258222562936,408.5584868069195,414.41907464174403,420.99335020613756,481.6071097251445,538.1636522637382,390.1327611685653,523.4149316895347,381.73593366026705,579.2254454665665,415.5508012538879,461.1536111498098
1610555617.19EKxMEwDHfXiEJZc27TsGoERaD6Da4BZU,295.0133263264001,537.7532165623566,287.78705803396485,460.877249911042,0.0,424.13070734818166,253.8097961146809,293.3931406778129,271.0266009144371,427.93445062765255,613.0868497170193,536.3818688915195,511.4818214708038,298.0164018411769,559.9566795999556,393.73049723039276,755.7790176311909,636.4914659431905,363.9530818651279,380.3408751639692,607.2000894096599,693.6472191913081,260.42385855507115,291.9391729542826,452.75330068039926,453.4321846837576,267.4494683652705,514.3274482579892,516.509681162963,284.42327023733867,384.07758011635394,363.6958013606598,508.3258624405674,453.84385424592466,467.4705142713308,522.2321881542028,438.8793026770082,443.9761720314988,493.36337249327795,539.5085536756918,457.5213549127372,712.4839171072153,489.4838546612515,511.57457443252395,565.3330118491874,650.8451157856542,446.8921768662369,373.0380441610095,395.9210825835253,520.647648058264,414.06164406219233,354.5196768260494,472.4540270216732,678.0441440314378,360.16314967635714,406.90435082579097,461.09033746737146,418.56451379080187,394.883289642349,448.55428462175917,661.3630843646347,746.20420031759,419.626950573702,701.28106557713,393.9697239914155,778.3597821013594,499.63413013923093,622.0550112652533
1610555722.52PJ3FD50MGhRXyUD28vluU8Z9UjLJLZn4,386.4306024339025,442.6813724243121,406.2310045140848,422.821786213979,424.13070734818166,0.0,376.59120347609854,399.78381002614293,371.39166966182097,440.0363137144121,503.38547081162096,460.82672680777597,477.6455869110618,398.0972367234132,481.47893731129113,435.2502250349273,625.1994908142927,515.0230076151086,242.1142133035694,440.20875618344263,505.92711240634617,560.6588320726685,408.13041926753027,413.1914015198908,400.3583831750145,181.25959137359155,409.4152843610529,452.1480079047881,460.60265120630487,368.41832463797584,426.0930768159307,337.7143056201044,479.99316673187144,443.0893634987632,442.76173087321513,449.5831030868768,445.8792084482325,449.8831223806264,428.3011811447356,453.62850894192326,452.35377475525314,591.6100094564773,455.13764994443795,420.66561853568277,463.72649696323214,506.2284337187392,380.61945609777155,401.07082842451575,443.43615101451365,471.21276202949224,404.85675309984407,376.4606359185634,426.3728077206593,565.3250821489523,444.2291174257372,371.0638181354036,434.4694305493208,431.7378461766673,406.4769289275233,335.50697253391917,536.3075572107615,618.3697371190123,447.93743224065753,559.6635067136363,441.6385968917144,642.3584238321681,443.7426448869972,511.4278345300098
1610555617.52Ijr5puT55g9apK8auM7zaxa3NANg502t,301.1389559905307,484.7428159958721,296.6786310823211,424.23115540552925,253.8097961146809,376.59120347609854,0.0,292.4169450210106,315.2538100581785,423.95994276435346,552.4035018130388,503.87395762707825,490.09549323030365,274.48684720156973,512.4827786056888,406.42768960765744,691.4911833880568,580.072011286752,333.5254270321562,406.53031986046426,572.8723259295822,630.7947642701293,335.34815544534587,297.4792197234742,431.2747930334242,393.71404525021586,344.21032981220736,479.92002573497103,465.43182781771,242.0917610888537,391.9836255572327,321.71048207472484,491.3462976420471,441.53850994982776,454.06200623018515,477.6863827624355,440.39249002677377,434.3844517430935,451.84111202526634,497.74286571965825,441.27772816379866,657.1154280171934,467.39300485168224,463.6066449554946,511.265982854123,588.0208831619262,452.20878143490035,388.8545600067759,401.4198697418005,507.57850218015807,410.32755645837284,367.1657193174398,442.45482123029694,612.369066147924,390.55539298598404,386.69355551963736,429.9688994063494,435.63272007747554,395.78322563912207,383.9778324325216,605.9893187984097,682.2348503864063,423.93357380682767,637.8580279656538,396.865115398014,714.1600787832064,461.77223613153154,571.640290692676
1610555638.77ZLjTLkz4jYJdFMI2wWBztzsDILkoOtAk,169.53086496891538,555.3807288822694,146.32767914810816,470.5110026897943,293.3931406778129,399.78381002614293,292.4169450210106,0.0,236.5917866741916,416.9331053302523,636.68833190284,529.3385696276206,502.0497572271946,169.798073420461,573.8445162036397,401.57906283054035,779.2388540154864,647.9008462187438,319.7215729917482,363.06646190335914,603.9900348518408,715.7211588276238,345.11465449118293,129.83162233503296,474.4373598727723,432.94248357090225,315.3208131673823,510.8881454814865,516.7616552000231,331.75657728668114,400.5171136597271,421.64167104530753,500.88608355604526,462.00087481658346,471.711734901276,527.443475065045,443.83522569970387,460.94021621252904,509.6849271468852,525.351887919468,466.1712571395339,720.7122626940879,500.5688879111727,491.17552585347767,584.0360251956597,664.2881302586029,457.5985248303332,355.65620665630274,401.3791801615217,557.2092526224982,386.3732148967476,351.7271290500203,477.92979292684896,694.5450990496146,361.377030499944,447.1313191848941,475.00290433353985,405.64366776528107,369.0538674378105,475.0462016728007,684.6636082903988,768.5627443983752,428.79923632681175,724.0485587529162,406.8581087486596,792.3430505356059,498.00844854622943,645.8221470160516
1610556912.46C7tJPLF0XfNnm8f1820X9aLmXMHoc0Dw,229.2460842506883,525.6253587866983,233.81113072529337,456.43124970312306,271.0266009144371,371.39166966182097,315.2538100581785,236.5917866741916,0.0,405.37475040465085,601.4942714345569,495.8319245772494,485.23956503551034,261.6087441056523,524.5934513877893,399.0735338486763,735.8673620971625,605.893909536868,299.09841478698036,365.6197315118805,558.2542759114449,667.7132654925573,341.81353265615303,234.52595623143958,444.66187866243826,396.7825105934338,313.08767247671375,479.7714806783006,498.41252383693416,346.21623758970065,391.6272641227081,387.0634422009295,479.11141316592654,443.6419177281979,447.1911524919208,495.51383805142933,420.65077569604045,443.62779110041924,489.99721441602554,498.0002815676139,449.3595918884182,673.2410816801495,462.89344259354425,474.5530391045822,548.3564154988742,621.8293471544566,413.74742191860116,354.55153554653987,399.5122515624427,513.7110362885811,373.9667570105331,348.15722144062966,462.3752427214966,659.3929436261498,375.8856440147039,414.5218793833857,448.040900768441,395.7535328386183,363.28450871611295,435.0423181304756,634.1073214815884,728.8167909070545,422.8188352267458,675.7524678469301,401.0868781499101,743.573742603234,478.53995657487076,598.2160872040253
1610555617.51LjzIROg0aeCP2GhDcAVQ0LipKJB9jmKc,379.11360906576306,450.6810642326316,413.8554357081157,441.19006945703114,427.93445062765255,440.0363137144121,423.95994276435346,416.9331053302523,405.37475040465085,0.0,556.6728442612047,490.32237453454746,270.1929955382571,438.21128955294506,521.334251160564,415.02659941840386,674.2548352236835,552.4299695493816,452.94843160228993,402.42708172163213,543.4467391020502,646.2394042087657,421.4956786252057,423.52627052841046,428.47599875240303,463.8110184822413,414.25262573607233,486.0115447347291,441.8237935810117,441.7635309472813,380.80110539128134,430.97077438565776,216.5233024189808,408.58449194944177,446.75799572045673,492.4448310925041,422.959630928033,399.88517753917165,416.14524964546666,465.3061784637621,442.7147873979757,637.9507684437282,462.7227613623935,469.21931067106027,515.0285123666441,559.4079619106327,441.10310147705616,428.630327502348,239.59914375392714,504.28001341688474,428.3136228761908,442.84518359753025,409.5274655381779,598.9289771839323,423.2472732076908,431.4287334500128,460.095871971011,437.2833100467354,432.75907320545423,468.6503572820341,601.3560233535261,668.1217896201139,371.8542296965048,644.2983058164739,338.52304614251733,701.6962443596243,456.89132963613594,571.7201208875777
1610555608.17OpjjHobqRkX0UPcaXrbu7K6L3805SZri,609.0802935991601,357.6089912346088,651.0302359505978,377.39368460030505,613.0868497170193,503.38547081162096,552.4035018130388,636.68833190284,601.4942714345569,556.6728442612047,0.0,411.1329231986898,552.3452219431096,626.179085707462,397.96339048878934,519.8127964748317,285.9991288734017,353.93395271262585,564.3315382966194,598.7897299474037,404.185621418601,389.8101950821307,606.0606518072169,656.4325821679319,440.59450764278466,485.20627303479637,612.1732097828269,426.92955631790034,418.5808545524324,590.4368728640142,531.4126472739622,466.0077618122081,533.4195356798095,490.15733485043916,452.59643472359477,388.13369118922793,496.97131138038117,482.1041442902236,408.98934467472355,477.3091676936607,433.969559064017,340.3831144555317,432.2547314517968,409.28620831459045,363.17192408152124,314.4891378192763,520.8670437234554,608.1935052983758,548.8368807269212,446.8858793427522,531.2629111823178,598.7123395127363,487.3699382811914,372.148395847315,598.9462797259091,450.6614721747627,417.0902593246117,560.1276978854676,564.3928552393519,431.8438546826489,381.5403876494013,383.0182574137042,512.8870106109857,382.86825521581864,509.71001343886513,404.75458619146895,456.0366663031043,391.6473962571606
1610555721.82zWeNZfGUUfRJkgnAwlP8VMhPzXctnSd4,507.67305850385964,404.39623372352,545.0651215766695,361.73434290068775,536.3818688915195,460.82672680777597,503.87395762707825,529.3385696276206,495.8319245772494,490.32237453454746,411.1329231986898,0.0,517.9681270755585,528.5872532745688,433.5643989907512,410.3624915654003,510.5420981448701,372.6527247840371,496.7164236889208,463.79956523865854,232.7701313831288,393.0248847802741,539.8606126446176,544.7414856672058,439.73460360143775,457.9920258216258,531.2440633617052,318.42572690263836,382.1636622726286,538.3314396701675,468.89727909411744,472.2136578777905,486.9626625771678,407.97518389220727,335.3737803740185,341.9584751431754,424.9841615673967,409.02628954714226,400.3925362371969,441.7042053182742,391.82134104448323,408.7110735609645,428.9490301079996,323.9877441283737,414.0168625146257,437.52477801028135,437.813253501124,499.15966280607347,476.3201096463633,451.9103978524337,325.94485001964773,488.88318942963446,461.14689882439376,451.4266992993553,492.5911172262047,445.08962812508815,412.8259008843712,415.8627449798872,392.61814884431806,446.3665380485844,453.91835575039147,518.1774221782371,424.28323630299514,497.26034849016395,423.8683451761453,524.0989240154629,431.8869620282714,434.96251489619567
1610555735.75bom85BDF0C7W2eIseHeMxi24qR68nzMi,463.2329950730505,434.1689395235744,501.13287697820925,474.2099943962204,511.4818214708038,477.6455869110618,490.09549323030365,502.0497572271946,485.23956503551034,270.1929955382571,552.3452219431096,517.9681270755585,0.0,515.8394496969017,517.6826786410896,480.6170592936152,652.6581618978911,527.0472522494146,505.9858440566414,463.0229839712662,559.4684023992533,632.8677578911244,504.7879490600121,511.1361786069985,482.8887775433024,494.80196660673005,498.27440448912046,517.5687608754315,452.8301275276322,508.2616785077413,431.5228418523076,468.7537893163839,187.7664487048316,422.7583129438751,489.62865041018983,522.932930627875,472.849398359342,418.03891814710204,452.8742632111071,478.3164791700716,475.7747051060216,629.6762937407699,493.19222474929654,486.8832899540438,506.66360596837825,533.9957700386864,484.4325130599754,512.8888220706839,370.1250897413471,527.2541377217609,495.08452081126325,518.599808761797,437.3838078745157,573.9529167241168,497.2236895364787,477.8624788357762,504.3051691841372,508.9849809689391,500.9988554755235,501.85690606919286,585.8154701944021,641.2049078791955,416.701826422212,632.3914401465304,425.18960614344235,669.5650998346689,489.69765031683033,561.7971104280025
1610555735.77NnT5xqKnwcf2BbjIekeb2arTQj6QMNwk,247.9750804529484,553.1705389061367,214.17314359008301,473.1074232272758,298.0164018411769,398.0972367234132,274.48684720156973,169.798073420461,261.6087441056523,438.21128955294506,626.179085707462,528.5872532745688,515.8394496969017,0.0,560.0723373688629,417.36965326068463,766.8358953007145,640.4497500676218,325.25131586378825,387.46514100130605,603.3875319156946,698.988307244336,357.80419004317935,211.54697769434733,470.216561009124,424.1443935352508,340.1633953699063,512.6610749690425,520.361545190962,323.9075334668695,416.26094069095694,414.384548434524,518.2594309435184,476.14121764617994,479.08050188263434,526.1059753161692,451.6079835372577,473.1066130598512,511.47422574348553,530.62109282837,473.61215011535813,712.3658281683186,501.7649431267697,500.4059874801986,573.4191407641999,651.8940881797107,467.53252375128534,372.5012765974621,420.1027986369725,559.1275310301452,399.84252972149164,359.468601997664,485.5682464541894,688.3406285861221,383.7590195716362,445.1483873420181,464.21660437659375,421.646016105748,384.0258941926201,458.4706975054542,671.1564944842082,756.7865391743107,449.72901270107707,708.9834498711049,424.2681708630401,778.2865336675443,504.01600912555097,632.1230425668534
1610555638.33wjf1PhdNaoWfbRzXVn50hmFyB5bYAiLV,548.544958875849,402.305336812012,586.2627303203545,421.45702698769793,559.9566795999556,481.47893731129113,512.4827786056888,573.8445162036397,524.5934513877893,521.334251160564,397.96339048878934,433.5643989907512,517.6826786410896,560.0723373688629,0.0,493.4381150797715,474.8395742458929,413.12095253970483,519.6125266960695,548.415003241029,431.44222096786166,454.2452264219158,564.4655536545865,589.3069731290151,449.38231689662695,460.8109484791212,557.2123298698408,466.5110577176391,398.9720180933672,548.474579020241,465.87201695688344,445.8742342031749,505.27521457884984,499.7628536381222,408.7588213554337,392.6782778086298,431.07577703561503,484.68434126235275,437.9802357230636,451.5174951583313,368.45669739017427,462.44486951309455,350.6549922348675,423.498181454389,342.3594241655706,410.46766374437124,470.7108992226044,545.4673457928533,532.0127265774328,455.1576763854077,489.1831259645898,530.6998914033642,519.47542352917,427.6545461192518,542.9382690414901,450.7046589741214,387.57302962779585,524.3772898823514,523.249757137722,421.54340779257905,474.50754707862086,476.097597076191,506.4024769649725,488.439982415986,501.6881980791638,477.15014358017606,449.94766424724685,467.90193703010436
1610555606.65jCE4ig8Pu8kvAzkxnSGfWsV0nQBjCf8H,389.80211055103706,464.04881421705784,402.11219616525085,389.8998824859697,393.73049723039276,435.2502250349273,406.42768960765744,401.57906283054035,399.0735338486763,415.02659941840386,519.8127964748317,410.3624915654003,480.6170592936152,417.36965326068463,493.4381150797715,0.0,660.1831436184649,556.0040447395055,433.4149094134633,322.4895855887562,481.0542597487974,621.6927426052073,391.01589033111304,406.2773491813594,432.89630707630664,465.824072765952,376.62600231648133,404.36391425077227,386.8389252908203,419.0874647209638,329.8206369246305,445.696852907707,459.4566045262996,316.8940376809273,296.09601012784475,381.6209603167208,340.95345278870366,311.76850728148713,436.4886917065812,483.2499392410113,366.658019229939,602.2610512973303,441.83116491696387,434.5479109047447,480.4823242337928,569.1913700154896,410.65008227157034,384.2902593999844,383.38414608389354,469.63979609488047,329.3718914737564,405.94089274488897,399.7104305110741,578.8400637192591,312.26903371039714,432.6730920009928,436.59447421721853,314.14017366567685,352.90049734722976,467.4868257416088,572.6415530355058,650.8081438440898,308.28481866572747,625.7931996828726,337.3548154840901,675.4333918777904,428.8826160434449,537.1299371828183
1610555608.18ONsBCVo1i7BrX0XG9stct4oiA6ejX9Oz,746.8334844712812,457.4140702181428,795.5526128115299,521.3118777138101,755.7790176311909,625.1994908142927,691.4911833880568,779.2388540154864,735.8673620971625,674.2548352236835,285.9991288734017,510.5420981448701,652.6581618978911,766.8358953007145,474.8395742458929,660.1831436184649,0.0,398.0217649665261,701.6786198959343,738.0611761696192,468.4411597491576,400.84515976131905,750.6713049633202,801.8699491231497,545.1238290398502,588.0539828608304,756.3730167694574,532.5375473317615,515.3415576575504,737.8532847743597,662.3149557797142,578.0986573348289,628.5907620753466,606.4167030299523,569.4272992776288,477.4642511228343,621.1845076522513,593.9995739305493,506.9133726161495,563.7811332486173,558.5485233703782,348.883092002383,540.5818446861058,507.5661002430327,442.8713060469073,363.1995417503548,630.1175900611547,749.4020477413472,673.8203978659552,517.5313704427487,666.3990384378562,736.4464809215787,599.7995040145843,381.60856514065784,745.4220210718438,560.9535617362617,515.8843463680839,701.3854386027194,700.2086219938352,535.3220163920795,393.50834957957017,351.5456364029793,640.4915336230973,352.9672603187978,636.9864784263182,356.1617143956765,549.3879037076836,423.6715643210833
1610555721.51RNoQUMP19FTMS79BmA3JkgSm2IC2AQuQ,612.9281456315177,250.73097129851175,663.3631512788264,417.43070054149024,636.4914659431905,515.0230076151086,580.072011286752,647.9008462187438,605.893909536868,552.4299695493816,353.93395271262585,372.6527247840371,527.0472522494146,640.4497500676218,413.12095253970483,556.0040447395055,398.0217649665261,0.0,573.0351368715553,607.6277451944986,384.4429678958841,361.14243199268293,628.1695184035821,665.7253001968078,476.2774797529734,507.1056035592904,639.6092686742544,435.6807095415148,431.2778307100828,607.3697175128934,554.4801939130541,492.7582484667993,514.3207897352207,484.6899247728656,491.16377359603973,441.2426918392348,530.6730662853367,476.72020618475324,405.46874483783847,493.13672998232414,454.98671220448716,393.70718240695743,474.71916118430624,393.0556561065703,328.3880827912215,256.87533655538545,520.8502120309955,623.4095297522447,552.0989266831763,490.86257622567285,516.03543822158,616.9387662389408,519.849675668566,386.5838815359018,626.4331463649481,490.3806174428609,450.4239848095103,580.6918645792744,548.3428211830064,449.49808258804967,378.58061868903746,410.5200381164921,526.7495648217947,407.3416629894513,523.3431842469092,417.5340412398758,496.48562704700055,381.69746338320596
1610555971.86O0cHB2ibBJ8jxoObg01EpGe8VVV5mpwn,313.8416302607713,493.8916147859603,323.75277164528467,431.9477774610131,363.9530818651279,242.1142133035694,333.5254270321562,319.7215729917482,299.09841478698036,452.94843160228993,564.3315382966194,496.7164236889208,505.9858440566414,325.25131586378825,519.6125266960695,433.4149094134633,701.6786198959343,573.0351368715553,0.0,427.258666075345,558.8435832129712,620.6144928396062,387.3765888023566,327.86936563591,444.4841810032586,306.0460113868683,372.0042588612579,482.025678037663,496.01388840253355,320.16680731245077,429.39342785133005,361.2915685019667,515.7133224010164,468.13455918048584,466.70771070767483,495.0141190348439,460.25979888665046,473.60809826857127,467.7794261544424,482.2631813635705,466.89912059231096,658.0959944962244,477.91488785308417,449.73796461206604,518.2025949007489,583.5168880564635,433.7749143153574,375.76929140737434,444.07249616595885,522.0384023084604,399.25587101255655,342.21406365526553,458.49143252762934,633.1559231850104,421.04863551981316,423.6977737742186,463.0084047375196,424.5932795467635,390.7647685711993,379.84092069224755,605.0035674558532,692.7230405085744,459.4565368131764,633.7754292296659,441.64489572251944,714.9804618477493,473.81669392589794,573.5286918637652
1610556911.51zU3duZSGpcw1BDNsBLxdOCITAXwl6z3i,350.4993465244108,507.2792441404382,356.19204840359606,434.91116377878853,380.3408751639692,440.20875618344263,406.53031986046426,363.06646190335914,365.6197315118805,402.42708172163213,598.7897299474037,463.79956523865854,463.0229839712662,387.46514100130605,548.415003241029,322.4895855887562,738.0611761696192,607.6277451944986,427.258666075345,0.0,533.999346868312,679.7295962148283,381.21062866909006,362.7020339981249,467.491611835947,475.45745779442024,357.9637864863761,463.0948965185713,471.3828896020298,413.13999515549636,373.15166853829714,459.1008164579204,448.2059533560081,386.0601000895668,399.1644980816417,470.32308963127326,366.57826261154383,387.9635004559477,480.68049621975223,528.6673274789703,417.4754592792378,672.6759916816477,485.71737684846005,462.9310560319496,528.7173167610997,624.428636515401,428.1861773012562,377.14581852666606,385.87648317773665,532.1441545866753,359.8974739708577,405.41262594473244,460.51995468998115,648.8037126618719,318.147011827559,454.8025353397312,473.14483093676046,326.9911710606967,365.65884179735224,496.64384308290835,651.7345787598592,725.0037793217261,348.80729662621945,700.1463672838136,354.92736287529783,756.3181014561444,475.5443671433543,616.7279046437434
1610555988.71dMoYT8250UHHJGxgmITTmbHe7V6gH1yU,578.2715839996445,443.93342149577035,621.4515544706538,426.4380110312731,607.2000894096599,505.92711240634617,572.8723259295822,603.9900348518408,558.2542759114449,543.4467391020502,404.185621418601,232.7701313831288,559.4684023992533,603.3875319156946,431.44222096786166,481.0542597487974,468.4411597491576,384.4429678958841,558.8435832129712,533.999346868312,0.0,385.0213693797721,608.1272739598761,621.8999803422724,470.70909606648536,492.29383970404973,597.4964658679116,359.52240028823593,427.3691816521267,612.67848409786,521.1589426644784,510.9613203039015,523.619129300689,469.65939953805076,369.29894812494695,356.3417755558806,468.62252447822016,466.01782703447446,445.013792529348,474.15633294265484,427.3756714333354,373.69702339146465,447.2772153037963,374.3428409153559,422.85423945918177,425.9859093938696,472.8858532675966,568.3924479283262,537.9069306002949,461.6732661686601,430.12560347339786,556.143719506466,502.5300550096263,439.7564964644304,564.8018155558094,477.88706298991997,442.0038501298987,468.89986433514065,486.8372474376947,476.1271249114029,433.22608693427844,487.6448637602148,490.9515836153571,467.0838689301132,489.32890411270637,486.2988705605349,453.407842892037,421.8321141862464
1610556042.81mlUZsSp7gbGjrp8jQSnybT1gPy6e62o1,688.8198409535097,445.60309374859406,734.9166508216418,503.7468469819311,693.6472191913081,560.6588320726685,630.7947642701293,715.7211588276238,667.7132654925573,646.2394042087657,389.8101950821307,393.0248847802741,632.8677578911244,698.988307244336,454.2452264219158,621.6927426052073,400.84515976131905,361.14243199268293,620.6144928396062,679.7295962148283,385.0213693797721,0.0,681.8967865066372,737.9325285295283,520.1622185436446,530.3381053212034,706.8580567488549,462.93552800207436,502.1032537167378,655.1482989889874,637.0417564241195,510.39037164420137,611.9590136727642,572.7588435957856,526.1363192805662,462.64478238099497,593.9027089615566,561.9573183358773,497.6602106314741,525.61693299259,546.5094111374444,384.47310826920176,522.6078349168534,469.11809056525215,420.94228295790083,388.71671379841814,574.8367656860061,679.350814361138,632.3671577008239,508.752462994462,573.9207137038106,665.9564655871338,589.3644911727256,428.0118686599307,703.6911710151282,524.6938725443084,492.87325314801956,627.2055507803811,614.1470951632447,441.3392093190444,370.47796584449105,440.61447108072645,605.8461505987137,394.85635080666185,597.0503894361289,390.78305437011346,529.9319763301253,388.2518900364354
1610555637.02UBW5nKvDyUrKnaWcYRGajZPxTRDS0q3N,334.2259827031294,512.6977279754677,335.28451110699416,463.691530765887,260.42385855507115,408.13041926753027,335.34815544534587,345.11465449118293,341.81353265615303,421.4956786252057,606.0606518072169,539.8606126446176,504.7879490600121,357.80419004317935,564.4655536545865,391.01589033111304,750.6713049633202,628.1695184035821,387.3765888023566,381.21062866909006,608.1272739598761,681.8967865066372,0.0,340.89673060337145,409.3291750833422,447.28866545074715,261.3684491963916,521.8631278327451,503.9649352399634,271.21348365057895,369.4107333278475,351.8444677946616,500.05598185603736,443.9483485428294,461.9169612952834,518.6326489338171,431.37903750308794,418.95371874956226,460.3008944676936,548.1577148146253,462.3361691706385,712.5750772460729,494.89275624807806,517.6964552601055,549.4711504680652,626.7342228712005,423.6060937294774,364.4531009604939,373.45352190774383,516.3143008290681,420.77239762168807,345.4720934715589,464.3012392933231,665.8270346712949,350.75910343159865,337.12331583815177,462.7344604023071,402.070414863721,403.04029630935145,416.1980455313369,656.2813100886228,741.2790284736706,395.0873966339226,693.1245058399869,376.0005984221105,767.1159918652176,503.5375911256566,628.845218743368
1610555619.13oUYNikU4facCTpUSiSLr0vPI0tJLnXiT,167.63724801842721,569.3246774765468,139.59898803416854,483.08163434390985,291.9391729542826,413.1914015198908,297.4792197234742,129.83162233503296,234.52595623143958,423.52627052841046,656.4325821679319,544.7414856672058,511.1361786069985,211.54697769434733,589.3069731290151,406.2773491813594,801.8699491231497,665.7253001968078,327.86936563591,362.7020339981249,621.8999803422724,737.9325285295283,340.89673060337145,0.0,487.21455837620704,451.24021918528643,310.3049651767318,527.044912508336,531.180765717683,328.9336379840015,405.08639837894185,435.2700875209729,511.79816656222465,469.7857604392461,482.1036724261774,543.5514802432342,452.0040515053839,470.5273536713863,522.5159609171529,543.4982930298414,481.3129195333562,741.7781948548551,514.6126013492898,510.8058597581113,600.3240454055123,683.1265699563979,465.60483884598574,352.95263924504457,405.39559875811176,572.5662205738954,390.2059459401528,354.39000042781936,487.3667469674543,713.7365795842063,358.9511991889224,459.49703773691726,490.86023042334546,405.7726460597612,372.4377954151505,490.74227499717813,704.3881251604506,789.3539899650199,432.5423656686905,744.4746047472036,413.2800139952174,814.6168891436992,511.48729236380916,667.2002908060572
1610555721.03nzkucfjAUh31zTbmCVvTVYqtjoxZFnBh,449.28368944741436,412.17363201006793,478.33250684315936,429.21862079323955,452.75330068039926,400.3583831750145,431.2747930334242,474.4373598727723,444.66187866243826,428.47599875240303,440.59450764278466,439.73460360143775,482.8887775433024,470.216561009124,449.38231689662695,432.89630707630664,545.1238290398502,476.2774797529734,444.4841810032586,467.491611835947,470.70909606648536,520.1622185436446,409.3291750833422,487.21455837620704,0.0,411.85702661807665,460.15192665755814,431.7680164379735,441.64088980520415,440.05072868054293,422.2149702781288,372.2429264550232,457.019916235926,420.87908512607714,416.1333662181453,424.9935340962896,425.69758810573876,394.52740355573013,340.05542146450887,440.14571055746995,437.6990065435764,525.6922942272051,412.369821609296,436.1500539337392,430.4360828220441,430.71464435075404,416.88678270906877,416.4138916334649,399.28295430737813,447.97877299271835,430.70125158911475,437.51379008839103,406.45083133077867,508.832857997813,464.58712179834924,294.6347948480348,322.81652066896,444.4000790947837,437.4531576950484,325.5158701966354,470.06598283775185,544.0756919477482,415.2785829623474,488.1189835462424,392.7953595714086,570.7692585049316,410.610363542796,463.6407994884634
1610555722.67fhKURdXVzRbLIjXmjRwdJHTnE7PWb1AE,421.80255265925257,453.206411334969,444.9139869821013,431.6851961236326,453.4321846837576,181.25959137359155,393.71404525021586,432.94248357090225,396.7825105934338,463.8110184822413,485.20627303479637,457.9920258216258,494.80196660673005,424.1443935352508,460.8109484791212,465.824072765952,588.0539828608304,507.1056035592904,306.0460113868683,475.45745779442024,492.29383970404973,530.3381053212034,447.28866545074715,451.24021918528643,411.85702661807665,0.0,444.7035377497894,450.53353278795475,455.7727063227673,405.31508388398026,454.58617537474174,341.2507141405797,492.23645332959575,463.59978253736404,458.6089177172846,435.73710470504835,464.20287261172746,468.719516649599,431.8074756231897,449.6317994599132,463.52174108070346,558.4077049892812,446.0575104137088,418.9670103097098,457.6012806415986,494.5848294269108,396.4419494436024,435.3820679250988,470.3657583150291,462.14724455217595,428.7372529320288,409.4789198792143,438.15528094413037,543.1220679957843,483.5539317713876,374.65095333898324,431.29928855835914,466.76223787403814,433.539352583782,325.63840615262154,509.1695241774053,592.1030333030377,473.27547868613175,529.1120142210872,466.6538016733594,605.8161128808667,444.2645546209284,488.31411923289295
1610555638.39J2ZWBLuLTHP0jOlzB4tNHmYeijH5g5YJ,305.8464587243516,538.545047789311,304.78352265393727,441.9166457972089,267.4494683652705,409.4152843610529,344.21032981220736,315.3208131673823,313.08767247671375,414.25262573607233,612.1732097828269,531.2440633617052,498.27440448912046,340.1633953699063,557.2123298698408,376.62600231648133,756.3730167694574,639.6092686742544,372.0042588612579,357.9637864863761,597.4964658679116,706.8580567488549,261.3684491963916,310.3049651767318,460.15192665755814,444.7035377497894,0.0,515.868479731921,510.782795980845,337.88766548727557,338.8916090925022,399.01505162440753,493.1671489997668,450.10911901979574,454.3788999598839,509.1108899271125,414.4474188835279,444.92116166896204,496.3141305108302,515.6314983972904,428.6941909830271,707.9485224882209,473.5922359624675,511.9978226760504,564.147855709134,651.3617198140001,415.23160196110814,349.42045346646654,389.57730230530086,475.50312037629675,401.85221831862884,313.9940729614538,467.3643696450236,681.3537793864559,339.63192185488344,411.65675078151384,480.0447979139779,390.1317626403317,388.43837912014703,465.6417179222781,667.9709813057411,743.7654294247876,403.7044765948216,706.9115917394674,390.38864577757596,780.664537209394,449.4145038140053,638.1398761944573
1610556032.17Q6yCDx9g7alRnL9jBFXD2JhhUyB2hKfJ,495.33465324058136,407.9693266067855,523.896988707069,370.7985224034612,514.3274482579892,452.1480079047881,479.92002573497103,510.8881454814865,479.7714806783006,486.0115447347291,426.92955631790034,318.42572690263836,517.5687608754315,512.6610749690425,466.5110577176391,404.36391425077227,532.5375473317615,435.6807095415148,482.025678037663,463.0948965185713,359.52240028823593,462.93552800207436,521.8631278327451,527.044912508336,431.7680164379735,450.53353278795475,515.868479731921,0.0,398.60535158437466,517.609402201428,470.7712785401092,462.4628081434676,492.21920231130713,360.1007403130377,386.0624417282493,375.0478849385964,437.2764220393881,382.9059820554999,403.171067422396,439.81231894922337,431.09812005687104,435.8524785912361,423.9313952251214,331.7739723210188,429.7561323382997,446.2603951088683,435.1743009940478,494.77660236076576,471.1234969839962,455.1662458370367,364.52195814452546,487.23604314473783,418.62616470925207,479.1165229524579,491.5869403294429,447.0034868028517,404.4313553291854,390.1500300175067,383.3258489842122,442.4704601578145,446.49331183706005,543.921454021857,421.23182198566246,486.60922722159745,418.1512295222542,538.1930814859836,446.64643198262735,418.6131907548348
