,1610555604.25mOvVXuL01OCiReyVWBfesjuvXmB3MoPy,1610555605.43B6oDsBtWRQ29Q9UMQuTUEPZy3FSSWXzc,1610555610.92HPGJJSmyPM40z7otPBgHalNrHFA7zk5d,1610555606.68LaSQbm9EHAFycEfFtEqAwYqlBsQPjIRW,1610555617.19EKxMEwDHfXiEJZc27TsGoERaD6Da4BZU,1610555722.52PJ3FD50MGhRXyUD28vluU8Z9UjLJLZn4,1610555617.52Ijr5puT55g9apK8auM7zaxa3NANg502t,1610555638.77ZLjTLkz4jYJdFMI2wWBztzsDILkoOtAk,1610556912.46C7tJPLF0XfNnm8f1820X9aLmXMHoc0Dw,1610555617.51LjzIROg0aeCP2GhDcAVQ0LipKJB9jmKc,1610555608.17OpjjHobqRkX0UPcaXrbu7K6L3805SZri,1610555721.82zWeNZfGUUfRJkgnAwlP8VMhPzXctnSd4,1610555735.75bom85BDF0C7W2eIseHeMxi24qR68nzMi,1610555735.77NnT5xqKnwcf2BbjIekeb2arTQj6QMNwk,1610555638.33wjf1PhdNaoWfbRzXVn50hmFyB5bYAiLV,1610555606.65jCE4ig8Pu8kvAzkxnSGfWsV0nQBjCf8H,1610555608.18ONsBCVo1i7BrX0XG9stct4oiA6ejX9Oz,1610555721.51RNoQUMP19FTMS79BmA3JkgSm2IC2AQuQ,1610555971.86O0cHB2ibBJ8jxoObg01EpGe8VVV5mpwn,1610556911.51zU3duZSGpcw1BDNsBLxdOCITAXwl6z3i,1610555988.71dMoYT8250UHHJGxgmITTmbHe7V6gH1yU,1610556042.81mlUZsSp7gbGjrp8jQSnybT1gPy6e62o1,1610555637.02UBW5nKvDyUrKnaWcYRGajZPxTRDS0q3N,1610555619.13oUYNikU4facCTpUSiSLr0vPI0tJLnXiT,1610555721.03nzkucfjAUh31zTbmCVvTVYqtjoxZFnBh,1610555722.67fhKURdXVzRbLIjXmjRwdJHTnE7PWb1AE,1610555638.39J2ZWBLuLTHP0jOlzB4tNHmYeijH5g5YJ,1610556032.17Q6yCDx9g7alRnL9jBFXD2JhhUyB2hKfJ,1610557007.49MyVgDnuUuBxrvL6SGOdhKf69VYlW1MSm,1610555638.44hjT5hbYdKoE3MB6hijrjqbjmLgvCUYKD,1610555608.13zUvmFSCRt6SsLbhqFznMEvGx54GPGQzM,1610556038.62a5C4ynd1AARyAhTv8a58NCqHvXRjscqH,1610555644.45Xse8u7pusHNsd7F3d0A32HXvXr6weOJE,1610556038.62gKXOCG7XCn55eJvyl5voNjbwOW0znQDq,1610555987.13v0oleKK97pkesp6oMgprH8SoSdoDVdIO,1610556964.96ZLLeiQW0qpmxhPGTg7K03fmzkqsC2bjC,1610555987.13VQlEedQ50VvkPMEMzZDv3KNnQCewykN9,1610555982.186TY6MMGkDecIN1woW6vsfAMXVV7jnyjO,1610555982.673LuMndkwkvdmZOn0MmE2Pkidx0FtNalb,1610555733.38zItcuH7gHNfKdALR2d9Nek6bxCyw36Vm,1610556034.15BQxSbZINGCay0yp6RBVlgcPrw76Yn9ON,1610555639.37BPZpgtGml8qUsh9AdV4m32jPLfI2aNFq,1610556965.57S0adAalhWYe6K3bkZU0bRHbqnDK8gGkR,1610555983.54zteLPCMjyrjzPdhHhlZr3faCgD0TfYr3,1610555987.79rHnNRmt9a0ufmnwCvZqBouyUoZDNpylW,1610556960.041xWER61rmArlsKfiMl4frikWmUCnQ7op,1610556035.13a7NHZDutfTMJ88qle1gTYY59Dr4WmMsj,1610556890.456ZBDaY16bMtrTZTqAgHl3wq1tRxzqDow,1610555760.24e6890pkbyZ97Or6croI1rQgjkSsR0yVt,1610556043.02YpWMIJg3W004iqlPyv8OcVAZdSC5rNYw,1610555987.03z05P26TLtONYM1HSzupoc2CeNMa6HTqr,1610556032.15OYCzUxpsz7b10AXBAuDXrvEcvxFhf0M7,1610556032.63Z80yI9pNwS3jSmsDABbuhf8wkNa2Ze9y,1610555736.28eGuESasTXdR3SqY6pHhEXWZtcdciYLCO,1610556034.61bebeZA0MkaFG2sm3VKiqrxeqQginTTW0,1610556944.5XwXOphKYT3ZkWA8gViqOS97VHVuMVUqb,1610556944.745UVLFBzf7fPh4UH37I6tYQOFPqRDytEh,1610556034.63XsUwaFaPZevO1JNFjfhvY4aKNFnV4noV,1610556964.89xwBHw9faT1HjQRMNQEyA4qJ3hWkwgj3k,1610556966.74DydzH91jtyvRyYau47JpVkZoMRSNTt01,1610555740.77UueVziDbaXyRR4OcVJIIZyzOfAzN51bj,1610556046.84e3vwjyRCzqz0wJQhrk8zsxlFfFSv98Df,1610556137.99eoPuVrDThKAOvmeprLPb2FWRqIhzUodc,1610555740.73XFwSrmTXJPlaxGZSefh0jOVA8PI3III1,1610556123.88AOfNaz9jSnqU5Czc7okOv1RCrYfKFBTo,1610556046.85nB7NvyoYQeLcOV391Lmmut1wAM8CFGLw,1610556123.89H4pdIAzDthI7bMXMhlIhKUYIQIvtmPPQ,1610555740.87GOYQUJKpkynIS2lFqppYK4b32ol7NeGh
1610555604.25mOvVXuL01OCiReyVWBfesjuvXmB3MoPy,0.0,461.1249782787154,118.83805735178667,378.666678370742,281.55254082027943,332.551655101336,273.07801930204033,115.25770180959888,267.4037861438926,325.2876002617807,569.2061200729804,432.227060587141,422.6684798550704,222.4010027497636,498.5103927871308,294.46722207026005,733.3368237312579,568.039221085829,311.1835999329724,278.14535203964357,528.5123383223239,641.1408963045413,283.91322610958844,127.03956580399074,387.6731709790118,382.8108337797999,258.1814911497116,418.2788841875861,425.2736725639577,269.88577192559296,303.56731765970534,363.0153308243966,413.69728225852606,358.12749678362024,374.2257275052658,444.18344612828275,342.2703171692034,355.32427676591305,417.78646372231236,432.3810892328086,372.77742050872183,649.0254077149466,416.5939713038768,393.2418463437075,498.9562773631266,584.369772027253,355.01531835926806,297.0534693557051,305.87363556357104,483.5913003600767,281.7528713525859,285.7219826178424,394.04461153110145,617.5518919787467,259.5433879486504,372.21385724984896,415.3762648995883,289.16397834248363,276.9130298929473,399.0643075994757,612.7589378483983,693.808293140184,323.5060200989842,657.7648595656282,311.8812422679832,726.2668258631847,432.7303745464818,570.7923334325537
1610555605.43B6oDsBtWRQ29Q9UMQuTUEPZy3FSSWXzc,461.1249782787154,0.0,499.9966034857525,395.99785733187497,501.2066116830144,423.46920827860555,448.9918227204069,489.09390167914097,472.25947204764464,396.9720661995248,445.0989705251193,409.219187918043,407.96895965193113,493.7223843613683,457.6010447440808,447.66193866091277,547.7422348089556,239.45747857893542,465.6990063347235,457.2458002121509,452.76062523178587,496.39796315638586,494.34658615633623,506.9581991175271,410.6535078224815,441.98695053999154,490.6073658436406,408.8137911553953,403.098745285013,475.9799693131468,437.2578572414002,404.687454635662,385.22982485531503,396.20463749906503,420.0341756070463,435.5890414083706,430.46025688236296,389.3948333990387,400.8138101021865,440.0584738594936,400.18051335921564,509.45045572027817,436.3124501966799,399.45475365355026,315.35456454709686,254.99488227567556,433.2741754102582,506.37231444760084,407.342620794861,451.1391905622573,434.0700706793297,489.8500539174588,459.8581545114565,499.74582890805385,478.6145026684404,409.8846219075089,414.2061903939915,454.4133700652257,449.8355951879876,401.1586464957743,487.1451460983241,535.5100703470097,419.2664159965903,514.4929117247186,415.65292358974426,566.6405226621966,435.67928851949137,467.34863623869865
1610555610.92HPGJJSmyPM40z7otPBgHalNrHFA7zk5d,118.83805735178667,499.9966034857525,0.0,407.2807115733651,265.9153681812853,358.3175612181792,276.3206520523163,120.57380864880525,272.74071671982364,348.2787286821037,612.7739701330773,486.0175702113201,449.83662712548426,217.12279480881924,544.152076256333,302.66502752794423,782.4822933185342,622.5526403734823,312.4640523045672,273.8587518146065,573.8605072331469,697.4287847180475,267.56337205897233,128.53483541807034,418.75932038830865,412.7701270737768,242.72204051436265,451.56327199825483,459.9231722991154,254.531156918638,319.0803333588666,391.8914316984585,447.5231233078556,383.8685112688838,403.3322719888299,482.9516514018623,367.34705594235214,382.93728942263317,449.2519914370371,484.0839177929777,402.721124104143,699.3218734045234,454.0406407024523,451.0768215518547,537.5501721309273,629.9760133128575,384.2319138758202,293.6596145865777,322.3687863753463,523.0266186418676,313.4543439192993,283.47481240696095,417.90316725172283,663.7899106521357,246.63438710014202,402.4401263778145,449.172067576052,288.37853886734774,296.1589774585612,435.5529587658596,661.6186710798462,741.6719461626525,340.2084555739497,707.0725090362762,331.12067982655003,779.6462271818879,468.62105562342657,618.6476227182837
1610555606.68LaSQbm9EHAFycEfFtEqAwYqlBsQPjIRW,378.666678370742,395.99785733187497,407.2807115733651,0.0,422.59075835743573,387.12150711146944,385.2217766816913,398.1304838721202,389.53200090351464,366.7520707213787,473.2386690909031,386.71330204060786,422.7625177871559,414.4639933958507,462.4226519949141,379.1977558300574,626.1908573596941,471.18717384051956,401.45474182148456,384.74827103054594,453.60861595487967,542.0454366827568,424.77967919032665,413.0684833701988,403.5453796375063,414.3663854158222,395.65304451081056,383.8846097567931,396.8392414373774,409.97403518778606,368.62500026958236,387.432632020316,393.4681476761312,378.63124881145404,378.0956331493383,419.7097034108307,378.9366816861682,368.0307373046077,409.51539181064436,424.43539230679676,367.2839038475653,535.3366951080228,424.12643091895023,377.33911627251257,425.80929289456236,491.24332407543017,396.1188812887002,423.02064853161477,365.65337542832214,436.7109428162342,356.57479238949327,410.88809969640096,420.6177814807235,539.8160046730135,393.3429316208054,395.0732081182439,417.8712121135762,372.5639082181446,378.80756413919516,404.0619046644752,515.0050408722503,593.0664176646718,367.6133680741228,580.4154135152259,355.41796856641133,634.8583894229695,404.0179723722322,487.68989571265115
1610555617.19EKxMEwDHfXiEJZc27TsGoERaD6Da4BZU,281.55254082027943,501.2066116830144,265.9153681812853,422.59075835743573,0.0,382.5502724691903,269.7398012158708,268.20246075604456,321.4621483084903,363.50515655236893,602.4740419352669,493.97073913795913,459.8259472318649,290.5713039910268,540.7146140148129,325.524249160957,764.5466567877543,615.118694778253,334.29238836880523,319.6071967128614,571.6852517265809,683.3595306730716,295.1169807922627,270.8132905546481,424.57463024375187,427.41621507053713,284.75032736427505,461.0835825686877,472.0805092131402,278.523693665111,342.958974917755,400.68530171381036,453.91277877489955,402.35992651180834,417.56933098456074,493.02796659772633,388.53907655985705,399.77214129159273,454.6865994963726,491.4238460657447,416.95996246180175,699.9876949651582,457.3418701143273,471.857091484803,539.3846752570532,623.3593517713084,402.8189273893028,332.01981095692787,338.88091740035844,523.8218754684505,344.02958181520466,308.18155434260956,434.36183583789176,660.9410171751866,286.4879000837814,406.9202976762143,440.23940645499465,327.7803744952937,329.18747415010904,436.4292945247311,649.2073847891259,731.3966060289931,364.78331419070605,695.2712257838078,356.16252059929724,769.6714484428724,477.02284061793557,600.072821720583
1610555722.52PJ3FD50MGhRXyUD28vluU8Z9UjLJLZn4,332.551655101336,423.46920827860555,358.3175612181792,387.12150711146944,382.5502724691903,0.0,344.76047604164154,345.36558308258185,341.92498171192733,357.4878740022013,512.0046538043182,416.06039775686315,422.15687088918446,354.04573433825243,469.47628666181896,355.0261147416676,656.7927176812485,507.79977961883276,232.14983584762595,358.3690650478594,488.68797081300556,565.1304552966477,377.5841315301289,357.4620350961563,384.18412031644795,274.2660726134201,358.1412598587904,413.58721805764355,418.29479160517013,345.5250314098598,349.8344373326126,352.0681361785639,411.9015353828923,379.27392963430543,376.5541514944791,425.6981598704982,369.6259151572819,373.5796008589348,411.7595322032522,429.40336250482744,386.4432331135093,586.6562653761805,418.2759825210692,406.9882160594918,467.8912801449056,518.0699287244065,355.1108136604367,365.14769584413995,352.54578274168836,456.20471715984115,348.1357797770161,351.9598282162349,405.96620822491553,562.5799809112716,354.4482373841228,330.7253623959493,410.7751592911569,360.44956515086426,348.0638946092347,355.4830075803259,561.7334150685514,635.5832864839197,364.4474301757766,581.5217279701557,353.68614152038396,650.7660553133425,412.1950444233158,519.6153204405005
1610555617.52Ijr5puT55g9apK8auM7zaxa3NANg502t,273.07801930204033,448.9918227204069,276.3206520523163,385.2217766816913,269.7398012158708,344.76047604164154,0.0,280.3334957852369,289.2909122469631,336.7874905313352,545.2024082547597,452.4165220874522,421.29567568453757,292.2308256099728,496.17608316764597,315.54254770420357,710.6055773450522,559.7494166460149,314.9066860715323,318.7620649676947,534.9402582332372,628.2611662321161,309.7408030102583,287.2107619987253,391.81314415182413,390.3898701240697,299.8271935542739,415.6332411229749,428.58924895343057,271.06706797797983,324.63357580650245,344.33936814912823,415.2719138467111,371.8654239772563,382.1761366133359,447.62910446694525,364.6388075169122,367.3734519056597,414.841164680827,441.51408814502867,382.2971329027659,637.2821907831678,425.8359189528829,425.0229112331669,485.78436859697234,567.4544395654527,376.71084240283307,341.01326329946545,319.83967893704767,484.0642879859555,330.8706873438121,318.3981864650044,401.93938093920156,602.7268635887026,299.7227776052114,367.61105976442946,414.879358119204,324.73013439246415,325.5469350628054,387.4681379766246,591.7476762342658,676.0837064802907,344.5537525107593,631.0839377903927,332.6042743368253,706.9664178587936,440.8856787436355,555.9950781177492
1610555638.77ZLjTLkz4jYJdFMI2wWBztzsDILkoOtAk,115.25770180959888,489.09390167914097,120.57380864880525,398.1304838721202,268.20246075604456,345.36558308258185,280.3334957852369,0.0,258.7657899815617,340.86446443402497,604.4304504151896,465.57647929877055,441.67020028794195,199.07064675824702,526.8411820166828,302.0348801893598,770.1813883948638,605.0795829320028,303.1903444726377,273.1356110977229,560.0875528798637,678.3054844308974,269.7915494489008,128.10376703713413,409.36124223722845,402.825254090929,251.51230434123303,446.5403104156181,449.78392097506986,256.3457594829713,311.87759104051054,383.10285700531244,437.7601983569513,379.3893707944384,397.2412684079764,473.78572361423824,357.82969731269844,374.2129572646425,439.4357563710052,462.88830215631805,397.0451636063978,685.8540010408398,447.32807701004407,428.79302388598023,526.8342059176751,617.6182816870039,376.06171769474713,286.73530923449795,316.4569249625591,515.8758785159495,297.3852325284029,278.17449169984786,409.0919260164888,651.9093482158231,248.07562832499144,394.6939732902804,439.1363909581894,286.61186776956856,281.175057678837,422.446829050018,648.0157470078494,732.7517171604393,333.5119374855469,695.5832890794483,324.47241158030863,763.577473296497,461.7850186187173,605.4359611623322
1610556912.46C7tJPLF0XfNnm8f1820X9aLmXMHoc0Dw,267.4037861438926,472.25947204764464,272.74071671982364,389.53200090351464,321.4621483084903,341.92498171192733,289.2909122469631,258.7657899815617,0.0,344.3139031556865,576.3177748565041,444.99684581762773,437.3683538223937,288.3419144986298,503.8782531534141,316.9967588789945,738.6697854149535,574.3915778278613,284.8671412467109,301.6020589206269,524.1932158254654,642.8515517000999,308.80250801991167,264.49718795246673,401.6059141326739,398.86097225319605,285.07524158620475,430.05999076952025,440.23001538468037,295.62661577569867,323.29512207445254,377.7612896373622,427.4141658412759,375.04021241385743,387.72375988968156,455.51316221064934,361.7297041247073,372.02883946935657,431.0933014378061,454.7119523847652,398.10111136504804,650.044767414549,426.0520811456694,432.2728627767346,509.63875897236943,591.7786384179391,367.36280496533675,307.5823622709428,326.6817909286453,491.1984930111813,310.7480303130863,310.4233942736164,410.0941247336389,624.2757086810063,286.8577653674591,388.0767008739835,430.98121571908837,311.9680213227145,300.2614184160205,403.36574570189094,616.6056334307609,701.228033912329,343.0564388153787,656.8727241188885,332.7416743123708,728.1411135355811,444.9436415782801,569.0212133063602
1610555617.51LjzIROg0aeCP2GhDcAVQ0LipKJB9jmKc,325.2876002617807,396.9720661995248,348.2787286821037,366.7520707213787,363.50515655236893,357.4878740022013,336.7874905313352,340.86446443402497,344.3139031556865,0.0,515.1702260096064,409.0265670132728,246.6402249854599,355.21185922662625,453.7090490053049,336.31409740851507,662.6405807051767,497.25443405410454,366.11899248919434,349.192686768084,479.75698548611297,575.5620100193892,357.08463955895843,353.72432936568765,367.55591630150457,396.9349392684326,348.5023180292541,399.48910191657336,367.52960541171456,349.6768125238655,321.6311677459516,355.1422562318169,200.57108433933723,353.2987234092083,366.97998320269085,418.16275393541827,347.8036925782953,349.0901473268508,391.007811446675,411.1443057406899,364.54973863883714,587.9477252655267,396.0776408167259,398.5162560589846,449.5015966054247,508.3768145269297,362.7192701239048,376.58635553270653,205.27899049496543,444.1858499199759,338.4232486171406,359.6746623817804,382.5162417616427,549.0109783113004,344.0473249873668,357.54547092447655,393.58155311730644,341.40557221781467,347.2222488750795,377.7182755094544,547.6061819197694,619.8330112819779,317.2918753010683,595.805352070079,288.5115256685892,655.6317629510295,409.0509588745663,509.411816830798
1610555608.17OpjjHobqRkX0UPcaXrbu7K6L3805SZri,569.2061200729804,445.0989705251193,612.7739701330773,473.2386690909031,602.4740419352669,512.0046538043182,545.2024082547597,604.4304504151896,576.3177748565041,515.1702260096064,0.0,460.2795421056997,538.6962643888771,607.9643480082332,494.57296144763177,533.8724859664197,521.4934071249506,461.1996992086097,570.3646991338692,571.2538624606578,471.7784443980259,503.53789781647004,610.5598432998755,622.2676515482101,495.30950754134113,513.8610841225951,591.1218240139374,483.7114325579379,487.99969825707734,597.8676039340238,530.6768880532745,493.6247509273532,497.59736471456216,498.1328475418661,491.6390914058391,483.7755774828733,512.004531885013,502.700352739369,509.9554207557035,492.88434002028833,485.10102937762537,471.46793563028143,496.0647136430396,475.8716842124205,463.39797424583867,442.24225830494106,511.6381069303473,598.5337113905672,525.077820098601,476.2279150264357,533.1968091277323,589.5688461728249,516.8601232406231,523.7928874087975,584.8454991667503,489.1802899304757,495.2734960845312,559.3158191318554,560.5438162594436,484.59094054496916,525.6751320275716,543.1836917808179,521.4276448424655,537.6092043348344,509.63055825811364,568.1298642857222,478.24832980987674,507.4846000310163
1610555721.82zWeNZfGUUfRJkgnAwlP8VMhPzXctnSd4,432.227060587141,409.219187918043,486.0175702113201,386.71330204060786,493.97073913795913,416.06039775686315,452.4165220874522,465.57647929877055,444.99684581762773,409.0265670132728,460.2795421056997,0.0,444.5376957355557,461.8304434334012,450.3656634345355,424.26313113536145,579.373711229593,380.20823344000013,454.28940843899744,433.23124045336823,360.1618970348085,423.9888371657315,489.8273726361514,478.2929227645096,417.9233317159246,432.28146896561407,471.67090987153074,417.83562681903385,395.9557877692404,487.38409736640045,423.1846459169931,416.53786585512427,408.15249960315407,403.254130467834,394.6977164787462,397.97583816203377,411.6888820764487,395.3919516667682,427.36092930372826,425.59356181637634,414.8097496966276,494.911736502449,425.143144214633,377.73678970801984,434.17164758982426,470.9291091091555,416.50515352075934,465.8100024965641,401.778852085571,424.57318704165374,295.14478772691984,459.5926630989067,449.00241501540677,498.4506489070301,465.98883050869654,416.35519020394617,422.50029235103165,426.4008866760714,408.79885280456875,420.53686194151607,502.1341116753069,568.0905247303655,386.9934426011972,542.236116759661,377.98955871953,582.28642217952,407.03004930960117,475.9455049639602
1610555735.75bom85BDF0C7W2eIseHeMxi24qR68nzMi,422.6684798550704,407.96895965193113,449.83662712548426,422.7625177871559,459.8259472318649,422.15687088918446,421.29567568453757,441.67020028794195,437.3683538223937,246.6402249854599,538.6962643888771,444.5376957355557,0.0,449.8721536934845,475.23505803072135,412.3790927992434,664.2063099566266,492.61704052103573,443.25903650581154,416.0349513422385,500.66639433027234,572.6200430271214,454.9098662150896,455.3871063830172,430.78145448914194,450.61234803453766,446.4995698202053,441.48351043802927,409.2155288243104,438.81536770774443,399.62175355315094,413.9285745344951,168.96250055876345,373.4333772191361,420.0963718535723,456.7947927586787,410.68774318050345,371.00218443130046,447.6850583668226,453.4073066679275,414.8173618140286,590.3867539584253,440.1291523409027,434.0888136394448,464.382792117738,502.2881125390816,431.30068119100025,467.4404161843385,327.53125361708993,480.6244239957651,416.3248562710615,451.5152803537343,434.1041359461823,551.7977944272076,431.29365684091505,423.6161700016396,449.6324906772061,423.31509554936895,427.84083969414246,427.42213514912584,550.7227133931094,610.4010854435608,367.8230534562111,600.9695079668733,377.7217440214716,645.9417424242364,454.6769355185735,518.752830641705
1610555735.77NnT5xqKnwcf2BbjIekeb2arTQj6QMNwk,222.4010027497636,493.7223843613683,217.12279480881924,414.4639933958507,290.5713039910268,354.04573433825243,292.2308256099728,199.07064675824702,288.3419144986298,355.21185922662625,607.9643480082332,461.8304434334012,449.8721536934845,0.0,525.7673924347026,326.3914205204052,774.7348754156667,601.7232460110977,301.1482066240623,293.8563579460514,565.0623311673397,670.1004092841513,291.2218534829564,217.56829828376945,415.5390572983933,414.34398003762294,282.9237127184648,457.5988274892178,461.6274906335405,272.3528379217974,336.44140905607406,389.68045427567796,447.4504015295748,395.8691620006477,412.93362016300216,484.3439392032056,371.7669619808541,390.3049035617095,452.0555088420046,478.8192990888435,411.6573302825784,692.037454831186,457.8797214238537,454.5038416024991,526.8143278299216,615.7497636359267,393.12312541555156,309.1157790561842,332.718851374033,527.5032163821617,310.1039767547048,297.8856886714619,428.9196706529652,656.7001063061134,277.5972447627893,405.34401722202455,445.37600742993504,311.8032308039602,295.9176496674649,429.92752610061876,648.1877539997229,735.3147906409085,357.0713204056169,693.9045313137896,343.8141379746927,759.6866278415374,474.68394606784324,610.5771462503155
1610555638.33wjf1PhdNaoWfbRzXVn50hmFyB5bYAiLV,498.5103927871308,457.6010447440808,544.152076256333,462.4226519949141,540.7146140148129,469.47628666181896,496.17608316764597,526.8411820166828,503.8782531534141,453.7090490053049,494.57296144763177,450.3656634345355,475.23505803072135,525.7673924347026,0.0,475.4588015096064,587.5915935565232,494.28115603655124,507.87499416720107,510.83445468130776,466.43636756324827,529.172032769551,547.3965684719359,547.1092692968724,456.5680651880872,467.92910436611385,528.752096812866,468.3328624380281,460.090765895963,541.2352167220832,466.261065284514,454.83155408788866,450.6186430784488,466.81666064630036,427.2325962591348,443.87341247166694,449.99550431169473,457.1180290526146,470.96991160469094,456.29034459633624,420.35678144931654,524.064882171513,431.18604404602723,450.53742477319673,464.0754187749008,496.7989990113158,462.3086815110713,525.5486185843992,475.97988282742256,469.77601005401607,481.7816720925919,510.8476807246973,497.1981825717975,488.29972018405556,520.4624089155412,456.0511018140447,441.1583266197043,510.77946706883864,497.22250623901476,456.05283782631875,520.9048480500996,569.602291225809,479.0931580162354,546.0011751757409,467.4311879172578,590.1108301842003,464.4801770894699,497.1476312718086
1610555606.65jCE4ig8Pu8kvAzkxnSGfWsV0nQBjCf8H,294.46722207026005,447.66193866091277,302.66502752794423,379.1977558300574,325.524249160957,355.0261147416676,315.54254770420357,302.0348801893598,316.9967588789945,336.31409740851507,533.8724859664197,424.26313113536145,412.3790927992434,326.3914205204052,475.4588015096064,0.0,698.0816841538509,551.271339788899,342.8011552033243,299.0933431759396,494.9453375663406,619.0459675473052,334.78144755665477,309.65611132153134,391.56090807058337,403.634157689556,309.166928254671,407.24425003093876,406.79906148694613,330.26757038974097,320.87938865830336,373.07053939918245,394.44338014331845,311.001916233979,320.47028380840663,423.05393780083904,345.3009677257711,318.6063235092013,416.6237998741698,446.0379516119915,352.73787394637935,625.3557846327932,417.9213566128548,416.7449542134583,496.64741088878384,561.1783368104325,361.06599992534746,338.2114338123389,322.4806905772228,464.23473396213944,317.6461917018596,330.9904880266793,399.319264305233,591.0025840492339,292.7123440874424,380.2935598665131,421.2120871163611,306.54618286435885,320.2506534116743,408.2458123776479,579.6609365068672,659.0798862759174,316.56434269178845,633.3309388923782,323.5218189816367,689.5715480264432,420.9206059553043,526.3192956641574
1610555608.18ONsBCVo1i7BrX0XG9stct4oiA6ejX9Oz,733.3368237312579,547.7422348089556,782.4822933185342,626.1908573596941,764.5466567877543,656.7927176812485,710.6055773450522,770.1813883948638,738.6697854149535,662.6405807051767,521.4934071249506,579.373711229593,664.2063099566266,774.7348754156667,587.5915935565232,698.0816841538509,0.0,521.5919382704614,723.4580265625086,734.6649239610997,551.373074311428,544.0447713567753,766.2918496950189,793.2164675741027,615.9710909572962,630.4805527864482,762.4524606735439,609.3841915485817,589.9892022530853,755.6561361266045,673.362108051315,617.7974642933699,624.9147422199221,645.3986404183808,624.0571119818686,563.6798475538279,651.8172785780561,626.5089932652415,611.0105698206105,602.2419146210599,621.5626072699076,538.7928120158426,615.3157366399623,595.1685848517476,554.5736097391491,506.08543146683996,651.232851508252,761.9825113266504,680.4396269410994,565.0302238172025,692.4811404537801,752.758648959726,667.6107663544526,543.7727534131188,755.2043033376078,616.5138131627967,597.6293279638597,724.6586060119322,717.4139319930265,600.5533009244584,584.4779938481687,548.8930916283542,667.5503870865984,550.7310699479184,664.2068330846098,559.8522616852895,586.08346614953,577.0660908010249
1610555721.51RNoQUMP19FTMS79BmA3JkgSm2IC2AQuQ,568.039221085829,239.45747857893542,622.5526403734823,471.18717384051956,615.118694778253,507.79977961883276,559.7494166460149,605.0795829320028,574.3915778278613,497.25443405410454,461.1996992086097,380.20823344000013,492.61704052103573,601.7232460110977,494.28115603655124,551.271339788899,521.5919382704614,0.0,564.6062238442248,569.1873499501202,439.64918378216294,448.3386148458881,609.3148362477538,620.9155466528032,486.2325042323741,516.5000867583241,604.0761844565156,482.818084983828,464.3386599572701,596.7377882607178,534.8644386346546,487.49147137651664,463.96624562259126,490.6843161067996,500.5210522845618,483.92496654303994,519.265713463127,483.36481540526876,470.7191762146796,486.38109647923625,484.1354895492445,500.88021690656313,495.414267168754,454.1195579164468,378.08614302307325,291.1418861656604,510.4270037189464,603.8093424956394,514.1429166265451,483.19886639495513,497.13070647283445,593.0856237665735,537.60005438197,506.93950191261865,596.3281087936772,490.29493133879777,479.4933383147589,565.4433357657703,546.69560924727,470.8238954140254,484.1581377461838,522.2521381364155,513.9792888910248,502.1770580418144,507.3084519543847,537.7906559064144,485.2660673987417,475.01688416632544
1610555971.86O0cHB2ibBJ8jxoObg01EpGe8VVV5mpwn,311.1835999329724,465.6990063347235,312.4640523045672,401.45474182148456,334.29238836880523,232.14983584762595,314.9066860715323,303.1903444726377,284.8671412467109,366.11899248919434,570.3646991338692,454.28940843899744,443.25903650581154,301.1482066240623,507.87499416720107,342.8011552033243,723.4580265625086,564.6062238442248,0.0,331.53444884573196,532.8994370662207,619.912671619493,332.10402552675714,309.48428496729304,415.2293312755606,337.13696066544867,312.1928917864263,443.72755057749964,450.81813383650496,297.1865084725381,347.79832172301036,366.69158585835856,442.12784462255144,393.88283241156137,396.48867074465636,462.67696208521136,380.1926352344997,391.17528806939896,438.46909042993525,470.6048833335954,408.9773626677502,653.4684372577744,446.34918800351835,444.7755117845712,510.54077227604296,580.9200238955341,385.3651844703567,327.2132500451637,351.09784618240036,493.5773482762069,336.9828916545025,319.10383053218067,425.7171532019422,621.2344717747709,319.338346444892,396.1351945565503,434.44857609926584,339.37025769730553,323.45371971615674,392.2402460822612,615.3726491655294,697.984877823048,365.3658030430726,644.7555213897135,355.7119353412274,721.8414497603952,446.28418520002487,570.1184960751098
1610556911.51zU3duZSGpcw1BDNsBLxdOCITAXwl6z3i,278.14535203964357,457.2458002121509,273.8587518146065,384.74827103054594,319.6071967128614,358.3690650478594,318.7620649676947,273.1356110977229,301.6020589206269,349.192686768084,571.2538624606578,433.23124045336823,416.0349513422385,293.8563579460514,510.83445468130776,299.0933431759396,734.6649239610997,569.1873499501202,331.53444884573196,0.0,516.722259401295,640.7156552231463,313.99830351603015,281.0799606730521,406.01107727751213,412.15154649431446,288.8380627853882,411.518461152296,420.2083088921318,309.82195207982846,325.1052978693239,384.77918147151144,402.8371974034932,341.05403993140106,377.76130508669615,435.63124334364664,356.8910878354798,339.7861734744488,433.6447361463349,464.93388150135524,381.7936791804189,643.1674437338899,437.02548726303286,420.9110083174521,481.05919376091316,581.4823936412561,371.35237283763263,320.1216311749225,329.34073577190776,493.1302619299728,303.250143126563,315.37460743238944,411.4331824828214,621.9037639478981,284.0792348836364,392.287416563438,430.69476793624233,286.4958214907932,297.478892872961,422.65093911604293,618.2025704068337,692.9175168600788,310.39319158467134,670.9985924959768,321.7014314088427,724.2002310058749,446.1848847614234,577.0164751679712
1610555988.71dMoYT8250UHHJGxgmITTmbHe7V6gH1yU,528.5123383223239,452.76062523178587,573.8605072331469,453.60861595487967,571.6852517265809,488.68797081300556,534.9402582332372,560.0875528798637,524.1932158254654,479.75698548611297,471.7784443980259,360.1618970348085,500.66639433027234,565.0623311673397,466.43636756324827,494.9453375663406,551.373074311428,439.64918378216294,532.8994370662207,516.722259401295,0.0,459.7218678804407,574.9712318768405,580.8411326866741,467.2776015018805,478.51681177122043,556.6595206537561,462.1434257835502,451.8696286976638,573.5677379218579,493.0840134997904,471.82394525112835,461.31911870293226,470.2565301414908,430.9548701835202,437.51474747874636,475.25550277991,461.5241810699264,478.1876121529339,466.69285026102284,462.4410739346644,487.51580645686346,462.634242746733,432.81674924670034,458.7337840375447,477.8456190711733,470.2365292958191,551.9227207653398,482.1869834888534,461.6449172141715,458.3446508552624,548.8611469304907,501.52566900613306,502.92860110474646,550.1659602667596,467.25654847381276,464.7267358131802,504.5038844238131,499.0907907008911,454.4687101354495,500.4388478069175,553.6703502297602,471.09863207915015,519.8057441443967,459.7403038442099,561.701811051055,460.21256741699705,481.9043175586495
1610556042.81mlUZsSp7gbGjrp8jQSnybT1gPy6e62o1,641.1408963045413,496.39796315638586,697.4287847180475,542.0454366827568,683.3595306730716,565.1304552966477,628.2611662321161,678.3054844308974,642.8515517000999,575.5620100193892,503.53789781647004,423.9888371657315,572.6200430271214,670.1004092841513,529.172032769551,619.0459675473052,544.0447713567753,448.3386148458881,619.912671619493,640.7156552231463,459.7218678804407,0.0,661.3703805206846,696.2690974023268,540.0683191822785,552.2059874612388,674.6631751483558,539.1394598735792,533.5369541338658,653.6895634420854,606.0392943629616,514.0570836354202,540.6013731333409,569.2289329062157,549.6811036889607,518.8175684491607,581.0116889733165,561.8841523576082,549.2744343963814,534.0236898017266,563.154745909585,505.5216581483872,547.4461156454236,519.2188574329562,502.6477503198948,486.7691512267092,569.2168488189766,662.6863273243185,575.0070130359519,512.4463319436021,564.075279805547,654.6575996997282,595.6557890810045,531.8116535901062,673.7912628290412,548.3705853853202,533.3433301986933,633.5971147354697,603.694268112926,496.9999690058725,513.5793737765471,566.0683819607779,575.591547647077,519.321687214328,573.8682614602459,542.1862858607695,519.7750284709142,502.83933025329526
1610555637.02UBW5nKvDyUrKnaWcYRGajZPxTRDS0q3N,283.91322610958844,494.34658615633623,267.56337205897233,424.77967919032665,295.1169807922627,377.5841315301289,309.7408030102583,269.7915494489008,308.80250801991167,357.08463955895843,610.5598432998755,489.8273726361514,454.9098662150896,291.2218534829564,547.3965684719359,334.78144755665477,766.2918496950189,609.3148362477538,332.10402552675714,313.99830351603015,574.9712318768405,661.3703805206846,0.0,268.263203154535,406.65747483324964,425.51720299270465,275.64543912834046,466.96235681732134,469.2623918660497,258.9753807021783,341.7482283493837,382.3767104947598,449.2262596755261,402.9307207361463,417.0476308580296,491.2376892230881,383.06567214131354,395.7722045279812,444.4666566306576,495.90811432848716,419.1351545450178,699.5843467408861,468.6808892132601,473.68041343564073,529.9715302023741,614.9620662864029,381.91030187520744,327.43699461522687,315.74396286631577,514.9898375372954,341.2743993492514,310.4938805774019,435.3436613198034,660.1409859613444,288.2148161838261,384.5778860761916,448.4362531596007,318.6050236100607,328.35369796622706,413.3645886067338,647.5080120123782,731.1047462637357,354.7643941235905,690.7076688837243,352.2165541819724,762.9093421430769,472.4053066519853,618.202082558895
1610555619.13oUYNikU4facCTpUSiSLr0vPI0tJLnXiT,127.03956580399074,506.9581991175271,128.53483541807034,413.0684833701988,270.8132905546481,357.4620350961563,287.2107619987253,128.10376703713413,264.49718795246673,353.72432936568765,622.2676515482101,478.2929227645096,455.3871063830172,217.56829828376945,547.1092692968724,309.65611132153134,793.2164675741027,620.9155466528032,309.48428496729304,281.0799606730521,580.8411326866741,696.2690974023268,268.263203154535,0.0,427.285377224989,419.00138049506097,244.13853120395297,462.75107055519095,466.7312583916644,255.5592125538951,323.7191476356724,397.8983782135134,453.9379792394691,389.792148597883,409.11008028613844,490.8008277436875,372.68110368619824,388.8300918888467,455.4359079163255,486.391584176431,415.143124019431,712.6782819370767,458.30520661688536,454.14487363597954,546.8591987647511,639.637946240464,385.7478399356073,288.49546686729445,327.1496928067081,533.1010124491885,297.93882369151504,283.11063759660647,423.204913695764,671.1000707741428,248.76458577366478,411.9777362381338,459.8413286946865,291.07787362260103,285.3014189183326,438.9913712551086,668.135820416273,752.090005021394,344.83387338854664,714.7524891452618,336.2153843918001,786.1343397153701,478.07376559891213,624.8935382792805
1610555721.03nzkucfjAUh31zTbmCVvTVYqtjoxZFnBh,387.6731709790118,410.6535078224815,418.75932038830865,403.5453796375063,424.57463024375187,384.18412031644795,391.81314415182413,409.36124223722845,401.6059141326739,367.55591630150457,495.30950754134113,417.9233317159246,430.78145448914194,415.5390572983933,456.5680651880872,391.56090807058337,615.9710909572962,486.2325042323741,415.2293312755606,406.01107727751213,467.2776015018805,540.0683191822785,406.65747483324964,427.285377224989,0.0,405.6796304362402,413.90897457973836,414.0246701982004,421.20108551124054,409.22065018433375,381.51157310963015,368.49895279810164,402.6523759970748,393.8403860596703,392.76908339457003,423.39734839418173,386.5324319535613,383.5974949671584,391.7029402222144,420.42654746746655,399.84443999003776,559.3057500578014,409.4782380327324,413.94420929530713,440.41303139110795,477.71257592967424,381.3431706441366,434.69220171378237,356.2615333008664,440.7000991081215,386.759293088059,410.08765995584497,424.86075165679375,535.290079060199,406.06548678227904,349.3037880409334,375.3216309144262,404.91892408047175,395.0684089905925,356.24654236689383,531.9871810687144,593.5997272753114,388.0755958940533,540.5376985596573,378.67714184048293,612.1843657129846,416.41429409394834,499.8784933298725
1610555722.67fhKURdXVzRbLIjXmjRwdJHTnE7PWb1AE,382.8108337797999,441.98695053999154,412.7701270737768,414.3663854158222,427.41621507053713,274.2660726134201,390.3898701240697,402.825254090929,398.86097225319605,396.9349392684326,513.8610841225951,432.28146896561407,450.61234803453766,414.34398003762294,467.92910436611385,403.634157689556,630.4805527864482,516.5000867583241,337.13696066544867,412.15154649431446,478.51681177122043,552.2059874612388,425.51720299270465,419.00138049506097,405.6796304362402,0.0,419.9498947976773,430.37970964132825,433.667450281864,405.416290568739,394.65817686697994,386.641240806075,435.94630919672886,413.55223956036315,407.476816320139,436.9605207987614,406.63981544252374,406.9359684538098,422.8339578789797,437.0784119021073,415.8340753475574,565.3937086329952,433.62739050438444,409.9201774318977,478.28450797600766,516.0444278010781,388.21923123155375,421.07462797541615,396.99160827129276,468.39254092919316,386.4337971856927,404.3834451529071,425.6392340187585,553.3049125097073,413.5835818856802,365.5430504436036,419.0837414155408,412.4144515519905,392.53244655453597,381.4444161507663,558.9083473974966,621.5419094805644,406.47073751980247,566.5852373855483,395.7189580936212,631.583921047106,426.4459390861406,509.1037095580516
1610555638.39J2ZWBLuLTHP0jOlzB4tNHmYeijH5g5YJ,258.1814911497116,490.6073658436406,242.72204051436265,395.65304451081056,284.75032736427505,358.1412598587904,299.8271935542739,251.51230434123303,285.07524158620475,348.5023180292541,591.1218240139374,471.67090987153074,446.4995698202053,282.9237127184648,528.752096812866,309.166928254671,762.4524606735439,604.0761844565156,312.1928917864263,288.8380627853882,556.6595206537561,674.6631751483558,275.64543912834046,244.13853120395297,413.90897457973836,419.9498947976773,0.0,447.86484235625556,454.442086214345,277.3475210117482,316.85118718752,368.7603033602069,440.537477247745,383.348427626664,398.61009144540435,470.5662575786121,362.2023223416861,380.57955998199736,444.0210721962818,481.9040091869783,394.0891320613632,685.3615114348875,442.6937538684621,454.12633974665,527.7852236040611,616.3059554659324,359.0000630028086,306.47272121378654,328.65637582649475,447.7284940288134,316.97339410869176,291.46891455851016,417.2676332418687,648.6879130239795,268.38456598057576,403.5978035369749,445.9517555153718,292.6216850979246,303.8908977395756,420.44484709242636,642.6219246213011,713.8186058792992,343.07795661637016,691.6306454673086,334.336816488085,762.9556825215702,415.93226572965347,600.100920665141
1610556032.17Q6yCDx9g7alRnL9jBFXD2JhhUyB2hKfJ,418.2788841875861,408.8137911553953,451.56327199825483,383.8846097567931,461.0835825686877,413.58721805764355,415.6332411229749,446.5403104156181,430.05999076952025,399.48910191657336,483.7114325579379,417.83562681903385,441.48351043802927,457.5988274892178,468.3328624380281,407.24425003093876,609.3841915485817,482.818084983828,443.72755057749964,411.518461152296,462.1434257835502,539.1394598735792,466.96235681732134,462.75107055519095,414.0246701982004,430.37970964132825,447.86484235625556,0.0,406.42969210512894,458.30313791190173,410.06948409062676,410.6798485794026,409.02714141879403,387.2757124519332,406.78848870989583,407.9288876012971,405.34564072654615,380.5270474178665,426.380822290118,429.715716146623,413.82049580102796,520.4223659789941,417.11558477593127,384.3928707424148,446.1256975012033,481.24611061484023,409.71168716594536,463.87371472230416,402.7258069532848,448.6201681989601,404.21115808959087,441.9128875851461,440.89694353536106,530.2722522227593,442.3562055191667,411.74901486568365,418.95219970472743,402.47188061937504,402.3617914264079,420.8751424195663,501.24884554286575,588.892546035719,390.19102006727576,553.1680506522821,390.9281309669702,607.009728667136,428.6631733855674,478.2750164281876
