,1610555604.25mOvVXuL01OCiReyVWBfesjuvXmB3MoPy,1610555605.43B6oDsBtWRQ29Q9UMQuTUEPZy3FSSWXzc,1610555610.92HPGJJSmyPM40z7otPBgHalNrHFA7zk5d,1610555606.68LaSQbm9EHAFycEfFtEqAwYqlBsQPjIRW,1610555617.19EKxMEwDHfXiEJZc27TsGoERaD6Da4BZU,1610555722.52PJ3FD50MGhRXyUD28vluU8Z9UjLJLZn4,1610555617.52Ijr5puT55g9apK8auM7zaxa3NANg502t,1610555638.77ZLjTLkz4jYJdFMI2wWBztzsDILkoOtAk,1610556912.46C7tJPLF0XfNnm8f1820X9aLmXMHoc0Dw,1610555617.51LjzIROg0aeCP2GhDcAVQ0LipKJB9jmKc,1610555608.17OpjjHobqRkX0UPcaXrbu7K6L3805SZri,1610555721.82zWeNZfGUUfRJkgnAwlP8VMhPzXctnSd4,1610555735.75bom85BDF0C7W2eIseHeMxi24qR68nzMi,1610555735.77NnT5xqKnwcf2BbjIekeb2arTQj6QMNwk,1610555638.33wjf1PhdNaoWfbRzXVn50hmFyB5bYAiLV,1610555606.65jCE4ig8Pu8kvAzkxnSGfWsV0nQBjCf8H,1610555608.18ONsBCVo1i7BrX0XG9stct4oiA6ejX9Oz,1610555721.51RNoQUMP19FTMS79BmA3JkgSm2IC2AQuQ,1610555971.86O0cHB2ibBJ8jxoObg01EpGe8VVV5mpwn,1610556911.51zU3duZSGpcw1BDNsBLxdOCITAXwl6z3i,1610555988.71dMoYT8250UHHJGxgmITTmbHe7V6gH1yU,1610556042.81mlUZsSp7gbGjrp8jQSnybT1gPy6e62o1,1610555637.02UBW5nKvDyUrKnaWcYRGajZPxTRDS0q3N,1610555619.13oUYNikU4facCTpUSiSLr0vPI0tJLnXiT,1610555721.03nzkucfjAUh31zTbmCVvTVYqtjoxZFnBh,1610555722.67fhKURdXVzRbLIjXmjRwdJHTnE7PWb1AE,1610555638.39J2ZWBLuLTHP0jOlzB4tNHmYeijH5g5YJ,1610556032.17Q6yCDx9g7alRnL9jBFXD2JhhUyB2hKfJ,1610557007.49MyVgDnuUuBxrvL6SGOdhKf69VYlW1MSm,1610555638.44hjT5hbYdKoE3MB6hijrjqbjmLgvCUYKD,1610555608.13zUvmFSCRt6SsLbhqFznMEvGx54GPGQzM,1610556038.62a5C4ynd1AARyAhTv8a58NCqHvXRjscqH,1610555644.45Xse8u7pusHNsd7F3d0A32HXvXr6weOJE,1610556038.62gKXOCG7XCn55eJvyl5voNjbwOW0znQDq,1610555987.13v0oleKK97pkesp6oMgprH8SoSdoDVdIO,1610556964.96ZLLeiQW0qpmxhPGTg7K03fmzkqsC2bjC,1610555987.13VQlEedQ50VvkPMEMzZDv3KNnQCewykN9,1610555982.186TY6MMGkDecIN1woW6vsfAMXVV7jnyjO,1610555982.673LuMndkwkvdmZOn0MmE2Pkidx0FtNalb,1610555733.38zItcuH7gHNfKdALR2d9Nek6bxCyw36Vm,1610556034.15BQxSbZINGCay0yp6RBVlgcPrw76Yn9ON,1610555639.37BPZpgtGml8qUsh9AdV4m32jPLfI2aNFq,1610556965.57S0adAalhWYe6K3bkZU0bRHbqnDK8gGkR,1610555983.54zteLPCMjyrjzPdhHhlZr3faCgD0TfYr3,1610555987.79rHnNRmt9a0ufmnwCvZqBouyUoZDNpylW,1610556960.041xWER61rmArlsKfiMl4frikWmUCnQ7op,1610556035.13a7NHZDutfTMJ88qle1gTYY59Dr4WmMsj,1610556890.456ZBDaY16bMtrTZTqAgHl3wq1tRxzqDow,1610555760.24e6890pkbyZ97Or6croI1rQgjkSsR0yVt,1610556043.02YpWMIJg3W004iqlPyv8OcVAZdSC5rNYw,1610555987.03z05P26TLtONYM1HSzupoc2CeNMa6HTqr,1610556032.15OYCzUxpsz7b10AXBAuDXrvEcvxFhf0M7,1610556032.63Z80yI9pNwS3jSmsDABbuhf8wkNa2Ze9y,1610555736.28eGuESasTXdR3SqY6pHhEXWZtcdciYLCO,1610556034.61bebeZA0MkaFG2sm3VKiqrxeqQginTTW0,1610556944.5XwXOphKYT3ZkWA8gViqOS97VHVuMVUqb,1610556944.745UVLFBzf7fPh4UH37I6tYQOFPqRDytEh,1610556034.63XsUwaFaPZevO1JNFjfhvY4aKNFnV4noV,1610556964.89xwBHw9faT1HjQRMNQEyA4qJ3hWkwgj3k,1610556966.74DydzH91jtyvRyYau47JpVkZoMRSNTt01,1610555740.77UueVziDbaXyRR4OcVJIIZyzOfAzN51bj,1610556046.84e3vwjyRCzqz0wJQhrk8zsxlFfFSv98Df,1610556137.99eoPuVrDThKAOvmeprLPb2FWRqIhzUodc,1610555740.73XFwSrmTXJPlaxGZSefh0jOVA8PI3III1,1610556123.88AOfNaz9jSnqU5Czc7okOv1RCrYfKFBTo,1610556046.85nB7NvyoYQeLcOV391Lmmut1wAM8CFGLw,1610556123.89H4pdIAzDthI7bMXMhlIhKUYIQIvtmPPQ,1610555740.87GOYQUJKpkynIS2lFqppYK4b32ol7NeGh
1610555604.25mOvVXuL01OCiReyVWBfesjuvXmB3MoPy,0.0,1765.9364266802604,805.5253440449229,1781.2858260044386,1203.1345867253738,1584.0112172376091,1278.9140492683641,820.9492934695339,1032.8695704671238,1650.0604358606915,1865.3979931322424,1769.083989791352,1804.2929027500247,1049.4459904587966,1804.4797800574424,1765.7015512561372,2017.7944297646186,1838.3421881303072,1353.5054444351122,1712.53385793623,1807.159666269468,1856.912969157128,1422.6107158866773,842.0266476286288,1654.0218260050124,1576.7857618934943,1327.372325668151,1799.0618369213505,1847.0581872373527,1397.018549178411,1706.541952993708,1345.3065419288562,1782.0227822751733,1812.271204715777,1830.4586809445298,1778.3652243065603,1744.3746910563011,1804.6370871263407,1787.3470365542435,1820.6896495585293,1777.1038257908037,1903.2985833215919,1763.7980215120754,1747.3926948290978,1844.9092491953365,1873.7621599083154,1782.1978806558711,1503.6500346259897,1670.0393824723803,1798.5366401206115,1706.7220657776043,1564.85201387992,1931.0721750216367,1920.0506965628883,1761.911439005237,1606.433808951328,1632.3966267090175,1760.7373621358086,1676.1852635278622,1533.1971153492027,1906.6610263676594,2034.026142586335,1806.390995926079,1916.5114982417101,1668.1728834214455,1996.5568762647065,1728.828182376693,1882.343654637655
1610555605.43B6oDsBtWRQ29Q9UMQuTUEPZy3FSSWXzc,1765.9364266802604,0.0,1876.9339897776838,1461.2583662939933,1794.53861888676,1768.2943682806085,1764.9774142092444,1858.3039516908636,1808.2273385533417,1684.2395974262695,1420.0674111210099,1548.9372249998378,1621.493647396266,1814.7784215499205,1663.828637172144,1666.165506105528,1543.5869015269266,1012.6837720069318,1773.1217630244198,1777.2759213339873,1663.5395127918011,1488.9661079386822,1713.9545654731403,1872.8331955051306,1654.5572524553775,1791.300872579917,1799.7371308659424,1611.895770327712,1625.3252647512631,1687.523520291721,1800.4887061503237,1627.5763785431598,1641.4421777672223,1640.787313144593,1740.5640638216225,1661.322695573034,1774.722070533645,1584.3979799964238,1361.9021737569944,1895.9505809776106,1664.941062186772,1512.9586783302063,1788.535562551861,1527.7649018520103,1312.3634232399604,1083.0895168994743,1833.610435120196,1834.8660315109848,1748.712587670442,1793.3536390969027,1741.224652220916,1861.5511579161573,1897.4981181081166,1572.71400009989,1873.182330505721,1719.9947810995886,1633.1229066522694,1756.2279534963704,1792.0090790317554,1643.114148887425,1569.1643455246706,1656.194250977044,1652.4380025155072,1611.643260562761,1700.6073030143325,1620.548681014003,1792.071839256428,1602.050254871065
1610555610.92HPGJJSmyPM40z7otPBgHalNrHFA7zk5d,805.5253440449229,1876.9339897776838,0.0,1854.4025496744634,1248.259147280071,1595.8651777784416,1116.6822109346163,782.4566453253913,1129.751060550979,1761.780713776733,1939.3374893032023,1834.6853502643728,1915.1946876779691,960.1027942536006,1857.210385172113,1822.2760113841246,2085.5697804108163,1940.9466093529823,1378.3389892044042,1772.9380349988053,1871.824787664589,1939.5604333714614,1483.8091082343592,761.9470706145734,1708.4337730397463,1598.3969014999254,1416.3293249264013,1853.8951976388923,1897.852480979058,1350.1169228917377,1786.0693736443918,1434.304503569462,1894.4095268668746,1890.2874083422582,1881.3682945878868,1848.9718016610711,1794.1524614297925,1885.424850459659,1871.359215215945,1877.6631649429064,1833.6952433858285,1993.638484496658,1829.3448639224457,1823.3228104375328,1907.7322829821,1949.0915734178532,1855.4469662629278,1548.5465838818118,1760.1029527700118,1869.894093880935,1764.7875322205955,1590.1051058444762,1992.146246794889,2021.42218175135,1795.9823229350293,1667.591843108026,1666.3384757312615,1790.1591534901695,1746.3810927606282,1553.508094167108,1976.8791645873655,2116.1369889467683,1884.5918379282803,1996.639225582204,1757.9416614887464,2079.1849241051927,1798.9823845420788,1935.2101106939392
1610555606.68LaSQbm9EHAFycEfFtEqAwYqlBsQPjIRW,1781.2858260044386,1461.2583662939933,1854.4025496744634,0.0,1743.8772581436551,1695.6663749098323,1786.0282706636071,1832.2180544360867,1797.460481194184,1797.2011134107197,1325.25343498769,1516.1022302847518,1867.1504523071778,1820.4238110041676,1659.8795726756537,1615.3329120054052,1660.9364381576652,1531.829244540848,1644.1265853659963,1693.091511992368,1549.3949792905357,1647.1215112116017,1716.239029679167,1840.2811271670694,1720.1232458460308,1732.4153350813992,1708.7922944474496,1493.5053368280094,1674.867588348793,1720.3129572405244,1711.7729046168429,1708.5606954411303,1861.4427786112778,1700.1836215559254,1521.7333798342697,1500.4601518065747,1635.0322588404301,1673.6530044261924,1506.1242463089836,1768.1918606210627,1513.5925338577233,1525.0845413180475,1574.2021398581267,1436.0939341906058,1555.725961705155,1491.9697968864866,1764.7997789157703,1757.9307578318276,1828.9568221689517,1775.8754267446723,1571.2122439481923,1739.5930837321932,1895.957587239876,1705.1980915593185,1739.4977823800098,1729.5587428471497,1608.0688762475306,1671.985744787324,1647.1310013063462,1659.8947549182421,1619.345475442701,1785.864562054188,1725.3495515540114,1725.0040614041854,1661.6453702796744,1796.8393131993032,1697.4946448936605,1602.972076200629
1610555617.19EKxMEwDHfXiEJZc27TsGoERaD6Da4BZU,1203.1345867253738,1794.53861888676,1248.259147280071,1743.8772581436551,0.0,1488.3976422335506,1211.194729153083,1223.294209465656,1102.1144662804415,1749.500358917669,1808.432444219626,1780.7853213218877,1914.5681811944214,1221.7651542380765,1746.3743534742648,1738.1046354215168,1983.9362191280577,1829.379459236474,1339.497973370842,1720.5998818132507,1793.748170963368,1824.4256980876637,1080.175965232197,1241.2019542589217,1573.0808026354403,1485.1936294084253,1167.5190031403604,1768.348704024856,1788.5204011652559,1295.430127256852,1701.0748800319827,1228.932225567751,1879.5363219209528,1803.0550840678593,1771.716053067207,1704.3305997322327,1670.9264354888408,1753.3204603847814,1762.8190267430198,1827.3131556000799,1723.6409239870964,1882.159574208916,1700.737553024837,1732.6537333313997,1782.8627586206946,1827.661366772848,1738.0976806314386,1491.9584224841713,1735.734494921376,1698.6858475635843,1720.6896729870862,1521.5123030076538,1940.3987214086333,1909.4853254793072,1772.5950144602707,1385.530052143687,1550.6547789062568,1778.0351383392344,1700.3889945244248,1398.8943668527893,1833.1984026276666,2014.5868628427263,1795.0697928769455,1866.2931211240057,1684.7004569002047,1947.216386557593,1750.159067867435,1783.0050727071837
1610555722.52PJ3FD50MGhRXyUD28vluU8Z9UjLJLZn4,1584.0112172376091,1768.2943682806085,1595.8651777784416,1695.6663749098323,1488.3976422335506,0.0,1534.6104984383624,1593.2787683012598,1483.581322070488,1825.6503971896134,1721.7439704682472,1769.9164941534857,1919.963975415107,1568.1911784914862,1763.398724089356,1797.8259859490408,1916.2121213173803,1779.2617516429275,1018.658476865078,1810.0847113881073,1765.1584520161507,1797.32153908116,1484.063381583726,1610.7344480165034,1609.2483323097213,729.8787918563959,1568.0120714795514,1696.5465067371715,1786.4288693224255,1471.7599184492035,1840.9369880307456,1398.6674604867164,1919.5588077456407,1780.7512979654655,1777.1880910236528,1701.491936077055,1778.8302187671768,1831.0456180058452,1734.7890993968997,1823.2288978033403,1827.6840165931626,1820.5530670374471,1763.3559270820158,1632.0056339285522,1721.5969694857774,1699.8779695561216,1700.1450284863386,1580.54123334096,1856.4806943620147,1744.537447251386,1684.914963910444,1618.5230880582515,1904.597837146858,1888.7567411804464,1906.7919464685385,1495.215391550278,1612.4902455695444,1802.5311348888029,1706.117171874776,1361.3366981053284,1732.987272292803,1947.5795382676968,1899.472584436468,1787.2737493990592,1830.4171409296162,1929.8887208025424,1731.858921777202,1696.081553779841
1610555617.52Ijr5puT55g9apK8auM7zaxa3NANg502t,1278.9140492683641,1764.9774142092444,1116.6822109346163,1786.0282706636071,1211.194729153083,1534.6104984383624,0.0,1225.5122026859506,1348.6845526213863,1820.4085889245687,1811.4449389188742,1789.9036019946325,1944.7986938140275,1078.7417951102022,1772.4425442649635,1801.4502865281002,1973.8527017442918,1832.6076313446854,1387.230987244913,1829.401573431881,1833.4922830386947,1811.6555399690671,1457.7691412823665,1199.395424882495,1613.5415718741083,1521.673325273198,1502.3988438062925,1801.7887276158112,1833.0331004356008,1063.1047848985386,1799.0460507395783,1298.3612660834326,1937.191295044342,1876.4388746504924,1850.6141596984667,1758.7662432260267,1783.9288868426001,1846.4904267930656,1765.824602875236,1863.2756212482361,1812.091832989002,1918.6827016268423,1801.419681825975,1763.1597105828066,1797.718257571393,1839.6352354468465,1857.6585594643493,1585.975185119475,1811.0856649556076,1841.2149771836725,1765.1822611787657,1596.0233234641435,1975.0718160334504,1935.9463644937878,1827.089716565383,1589.61494383163,1593.9243184248005,1797.8455449707917,1773.9863120409464,1380.483164439345,1873.6316622875427,2041.6139248180327,1876.0782993567313,1878.5882603835948,1794.6673569756517,1989.4138806952215,1784.8195426156956,1832.4594465320954
1610555638.77ZLjTLkz4jYJdFMI2wWBztzsDILkoOtAk,820.9492934695339,1858.3039516908636,782.4566453253913,1832.2180544360867,1223.294209465656,1593.2787683012598,1225.5122026859506,0.0,1118.0659779644075,1753.2128745778957,1910.7574995241198,1810.7794385772331,1916.7338341327943,812.1291659550086,1843.2098766030713,1807.5081822049513,2055.8773112618233,1911.9376959508807,1385.2746385692615,1753.617396955001,1849.8168497349272,1903.3586447157438,1469.0902875076063,644.0049076191991,1700.328478819519,1584.1832217785118,1395.9831455644512,1838.5717563116282,1888.8737780662398,1404.6445116558152,1768.6607211157286,1390.5594708505416,1891.454140363218,1875.7672169219643,1868.2170557427644,1814.9449685206519,1776.4780071378068,1859.997557948866,1860.4996870918148,1876.0805991083528,1803.0674201618656,1953.4698609733407,1810.1279549496737,1804.3734796642736,1896.1651224809732,1930.5867107720833,1831.9895741257897,1550.4926834135426,1758.62751158253,1852.4808016784852,1741.6133607783543,1584.1267075192807,1980.3273032514883,1994.8824295484158,1786.84156531297,1644.441377047643,1652.6135905083738,1787.7309636957614,1710.4865352711447,1553.232598575738,1946.2745779633885,2090.6741385697123,1865.828099088697,1960.6016671875207,1743.8245461175716,2040.5320793065846,1784.4038383096065,1910.329292445913
1610556912.46C7tJPLF0XfNnm8f1820X9aLmXMHoc0Dw,1032.8695704671238,1808.2273385533417,1129.751060550979,1797.460481194184,1102.1144662804415,1483.581322070488,1348.6845526213863,1118.0659779644075,0.0,1763.9364430612188,1847.168683548467,1745.749898028207,1906.8962887807345,1169.060260918907,1759.388266224334,1792.4054029420563,1992.8220854576414,1808.440679104583,1282.7219680642145,1759.8893676092512,1749.7681180152344,1819.5212450795966,1390.6452607473066,1113.2726861747772,1623.1054014739984,1456.837673332102,1319.6098622187342,1760.4247336576057,1837.0724161006137,1407.9032957570168,1760.5648922896264,1334.1686404550567,1888.1405784236617,1835.9946031207462,1803.9396494537268,1739.8417196299017,1736.6397435489098,1828.8952523310709,1806.9027916086027,1826.1927540634817,1772.9352478199487,1858.4446719167158,1732.326285562011,1740.569591294563,1805.4976408361817,1829.5531603705401,1743.5837272483084,1519.0950361996083,1779.1747269904924,1743.3238016499683,1694.1214715778854,1550.9561443799087,1951.9514764434207,1905.9599978935682,1818.6317116482014,1498.9783942876534,1584.2716196298911,1766.3309090162734,1688.6398904725152,1488.0749633185367,1850.044039262694,2018.5131478217597,1866.7899801582255,1870.8354558017813,1754.3147253010566,1955.6830774161094,1743.5383615498524,1807.1760912291986
1610555617.51LjzIROg0aeCP2GhDcAVQ0LipKJB9jmKc,1650.0604358606915,1684.2395974262695,1761.780713776733,1797.2011134107197,1749.500358917669,1825.6503971896134,1820.4085889245687,1753.2128745778957,1763.9364430612188,0.0,1903.3952418064769,1818.7847141903987,1253.0191912067853,1767.2720596887361,1874.0216730474142,1754.455177100954,2029.6856266618777,1833.8239411386462,1831.5857830348148,1687.0605776176242,1859.9707578471339,1957.5723545212268,1701.871712166489,1765.9417238246992,1690.9559793997225,1851.8085696198573,1708.046548942083,1815.033623964675,1778.9376914485842,1796.2590574164697,1716.3464957511897,1773.6938841492215,1031.7838848694244,1673.1884020091259,1812.4914591751146,1838.8525047829312,1769.3480542028387,1659.998645659927,1629.6181882699088,1826.0051237198425,1813.9563906454712,1912.2602048808162,1829.9827544539257,1832.610460460936,1839.4989099154582,1829.795805763376,1834.4663743808314,1673.4424771163017,1070.8407248414453,1857.7960471017789,1771.5515683028514,1835.410812796505,1807.542216360849,1929.7760529050142,1847.9201674733963,1799.1954211510458,1749.4290349895316,1824.0370424358994,1756.3567565901858,1808.216839958881,1905.5507010814085,1997.7288871488015,1675.3701898941135,1956.6080531658558,1429.6653612064927,1999.1547661773138,1792.5821786662084,1880.3938451415725
1610555608.17OpjjHobqRkX0UPcaXrbu7K6L3805SZri,1865.3979931322424,1420.0674111210099,1939.3374893032023,1325.25343498769,1808.432444219626,1721.7439704682472,1811.4449389188742,1910.7574995241198,1847.168683548467,1903.3952418064769,0.0,1582.593793277978,1910.4131846383991,1870.302820309395,1650.5492483996034,1717.0172042738552,1133.6762756499988,1420.4153941216637,1714.0829974259707,1848.4118063503925,1573.8764617747072,1538.378615295709,1761.2408584045245,1927.7833322130996,1654.014968725905,1721.884278935318,1826.207727428626,1619.0304627187436,1674.341777930207,1752.9644495731757,1870.7850461865978,1655.9188714984275,1917.517771622146,1810.7919474930134,1675.9250594065684,1532.6519678855034,1759.4169207391508,1779.1117372249878,1551.473794145914,1845.4193767472163,1664.0106383248813,1456.7719053753924,1701.9644292531182,1582.331331446141,1511.6424636661277,1332.155489098384,1839.8988353199409,1836.5101528799487,1909.494861134958,1765.4688309876053,1717.0217453153782,1852.3316849197186,1957.4445427195521,1660.3698702650843,1890.8691729560878,1715.3804890124447,1580.3215173983447,1786.0355399120874,1808.988540340042,1623.0794026036913,1601.4947637284718,1701.7829541028261,1757.915954120507,1618.5679324965702,1782.6384760256224,1628.1373472676587,1761.5265781133714,1633.5799223385743
1610555721.82zWeNZfGUUfRJkgnAwlP8VMhPzXctnSd4,1769.083989791352,1548.9372249998378,1834.6853502643728,1516.1022302847518,1780.7853213218877,1769.9164941534857,1789.9036019946325,1810.7794385772331,1745.749898028207,1818.7847141903987,1582.593793277978,0.0,1851.8733177254696,1792.3032463538332,1697.5658224460758,1572.806834154392,1747.3040576683516,1476.0067554122236,1747.7412265542973,1630.2764873519645,922.1721531043515,1407.9575352419465,1783.5920967304144,1819.4688010873813,1675.3175203341855,1787.7021686223914,1798.6574082067582,1244.9699340829193,1599.0391020682614,1772.2439029431107,1836.8982879351483,1735.5437178443765,1839.6846533031223,1653.4004335070772,1476.7602240809294,1475.6655822149262,1644.471565752787,1663.5224441956718,1584.0091602041941,1770.5504147664344,1548.9884733484173,1384.6107770510575,1684.3325219177427,1398.1562144276604,1647.6489566950863,1606.2276878326643,1714.9986530386293,1727.6330719878256,1826.9177240567612,1724.7514526653533,1266.4286741621452,1770.1990744290786,1941.054663951671,1666.699177218978,1785.5890235251948,1747.4915791423357,1624.218167400496,1355.6077814276505,1494.7628692228602,1730.3771898651069,1678.066387410701,1809.7898800287985,1663.5340787391447,1769.9764317508755,1647.1085276297515,1732.460826910171,1694.2246338396553,1671.4612142388614
1610555735.75bom85BDF0C7W2eIseHeMxi24qR68nzMi,1804.2929027500247,1621.493647396266,1915.1946876779691,1867.1504523071778,1914.5681811944214,1919.963975415107,1944.7986938140275,1916.7338341327943,1906.8962887807345,1253.0191912067853,1910.4131846383991,1851.8733177254696,0.0,1907.0265800271518,1870.3962076188404,1843.1345104825698,1999.484352836245,1800.9933715538548,1938.6825629101286,1795.1615915299346,1903.8594245017948,1963.3222769094762,1849.3442206461823,1928.0032850201048,1849.8431239736735,1949.348392808537,1846.9109529227314,1886.6432355583615,1832.320532830167,1913.295584833913,1810.4462180161584,1853.5445830483065,776.1356567376303,1713.3517761016442,1907.0334908093862,1923.5233035870556,1859.541077743581,1714.3527878194109,1725.0565426355288,1853.0426901822495,1869.1855955584044,1927.7538490565746,1897.2659142282896,1880.6349216087556,1865.0991035579439,1817.9129687423156,1893.4772460983695,1877.5875544953533,1595.965601588782,1896.7742926188346,1900.2186206109313,1948.5017369496572,1870.8480082419871,1896.3221074345681,1941.3528388150207,1887.4771444835797,1892.2924798191884,1926.3547765752962,1904.3187682533721,1922.5001107143696,1938.9640380111255,1958.824772327121,1707.977491693986,1983.4573755686838,1710.747243337201,1967.7564143523603,1853.1978864740129,1924.7136489911202
1610555735.77NnT5xqKnwcf2BbjIekeb2arTQj6QMNwk,1049.4459904587966,1814.7784215499205,960.1027942536006,1820.4238110041676,1221.7651542380765,1568.1911784914862,1078.7417951102022,812.1291659550086,1169.060260918907,1767.2720596887361,1870.302820309395,1792.3032463538332,1907.0265800271518,0.0,1789.9770210728566,1793.7185890915669,2009.6489562611328,1864.5849376073215,1386.0013135506272,1766.4679892009465,1823.6268242025058,1852.5923823651342,1457.036300201789,924.2429500330364,1660.6654562920849,1536.102146183543,1434.431464675538,1822.2320523840724,1872.4380961907325,1316.235122175752,1788.2817523109518,1357.8760776198217,1888.3120665561385,1879.6189913992637,1858.7955300943095,1783.9868968066733,1758.5319082703998,1856.8438143523144,1832.3212460831287,1861.5251056950033,1802.063259174663,1918.307698556862,1800.9877781258847,1800.7417678950496,1838.1071794878967,1879.4749970042585,1831.8046040687325,1552.4882639966088,1768.4702059491706,1840.7520452171748,1733.489051364503,1575.062866840725,1971.953230966614,1959.8884597230738,1791.8041538223176,1620.7908162967278,1612.3749650765606,1762.9583501016955,1721.7766480623875,1474.7372294565612,1906.6682224254332,2049.7179647329344,1863.337469676604,1897.748767564985,1764.2930436583736,1991.7305645196839,1777.9244019143266,1861.30323098436
1610555638.33wjf1PhdNaoWfbRzXVn50hmFyB5bYAiLV,1804.4797800574424,1663.828637172144,1857.210385172113,1659.8795726756537,1746.3743534742648,1763.398724089356,1772.4425442649635,1843.2098766030713,1759.388266224334,1874.0216730474142,1650.5492483996034,1697.5658224460758,1870.3962076188404,1789.9770210728566,0.0,1733.0068703460513,1797.723206554889,1639.9999717198812,1712.9683099956978,1805.99874955818,1675.4085003480452,1603.7064210193423,1736.6339739260711,1849.9114928221404,1726.4749685469703,1761.085450181502,1724.879556203525,1752.8763401394397,1624.9119810057725,1769.868696399509,1755.1881163502972,1695.2259648916352,1878.9773298412306,1830.1672533825106,1649.5517233254398,1529.1293644573402,1566.8344412609868,1814.530857109262,1726.6366318570808,1752.658878049188,1417.814034696101,1665.6910268701934,1398.0615834864211,1676.761345989046,1508.8676797141295,1637.0759983032697,1751.8103745662359,1751.5487207061763,1909.4450734811467,1703.8866624504922,1728.7266958997125,1739.9671804094519,1987.0708689161204,1626.726825236037,1779.0332672148097,1716.8748380006134,1570.5679780569365,1821.297104915262,1768.9711233112444,1624.4026502552786,1751.18990308973,1663.5346563943883,1841.2199516059381,1760.7405131402695,1815.9818998927387,1587.7634685488213,1702.968423079142,1759.2291905213929
1610555606.65jCE4ig8Pu8kvAzkxnSGfWsV0nQBjCf8H,1765.7015512561372,1666.165506105528,1822.2760113841246,1615.3329120054052,1738.1046354215168,1797.8259859490408,1801.4502865281002,1807.5081822049513,1792.4054029420563,1754.455177100954,1717.0172042738552,1572.806834154392,1843.1345104825698,1793.7185890915669,1733.0068703460513,0.0,1885.2948796386834,1786.8265947613183,1777.1270604589197,1512.4540783752973,1623.7835286206746,1813.9732003934087,1674.4996007446507,1804.138941740085,1702.5579551656351,1821.3219237690005,1689.3508057062245,1580.0848803089334,1575.0613366032958,1752.3929374065945,1591.828305726252,1770.3035473363848,1767.2689121567016,1441.7956307208158,1309.5440675375366,1400.2133817092426,1470.1360382731552,1292.7741140093337,1671.5364918274652,1770.791981204677,1556.683026187368,1770.9887176759576,1660.8362407395618,1638.2749868549975,1676.1527861629615,1769.9989127578142,1746.621421871576,1705.5328575719773,1729.7865645540571,1696.6088634011517,1514.1166329777582,1776.9785910972132,1834.5109888475888,1827.4169030925914,1553.7430261437282,1770.6532477199087,1692.795688941915,1513.5334418346915,1591.8098384566476,1774.972765801233,1763.7536894932841,1907.3223527930306,1407.5323896615187,1880.2746436140562,1551.8570499602602,1862.1033144166242,1642.4658900094905,1731.2253195623655
1610555608.18ONsBCVo1i7BrX0XG9stct4oiA6ejX9Oz,2017.7944297646186,1543.5869015269266,2085.5697804108163,1660.9364381576652,1983.9362191280577,1916.2121213173803,1973.8527017442918,2055.8773112618233,1992.8220854576414,2029.6856266618777,1133.6762756499988,1747.3040576683516,1999.484352836245,2009.6489562611328,1797.723206554889,1885.2948796386834,0.0,1562.750453203709,1923.427817323293,2017.7871199841477,1740.1324756484491,1634.6579961887453,1933.1375750010238,2071.844550631542,1790.3491719919296,1880.310801551277,1987.3208139741405,1812.7565740689802,1840.3897323318952,1932.582290636855,2040.656293680502,1799.2323732344407,2013.8603559451633,1939.4953752221752,1887.934866423409,1711.9489906637166,1947.8001704163953,1927.4859499549107,1710.4113905562067,2008.8771115103234,1846.397626147518,1600.1288458952954,1898.2973719740642,1773.8673673290393,1643.3689934142299,1523.7090335795094,1986.98677953525,1993.289226214431,2008.9868866086222,1860.4100719274136,1921.7464151396134,2029.2095102771302,2067.0429525291042,1738.8475123631006,2062.4565470156826,1861.4178249849836,1757.9933531592212,1978.5491441052068,1989.222657778319,1783.6644767265998,1723.066813994581,1746.406856673248,1848.498721916684,1676.1766178010532,1919.3890118621841,1663.7083651286948,1879.701955138945,1772.4931550577967
1610555721.51RNoQUMP19FTMS79BmA3JkgSm2IC2AQuQ,1838.3421881303072,1012.6837720069318,1940.9466093529823,1531.829244540848,1829.379459236474,1779.2617516429275,1832.6076313446854,1911.9376959508807,1808.440679104583,1833.8239411386462,1420.4153941216637,1476.0067554122236,1800.9933715538548,1864.5849376073215,1639.9999717198812,1786.8265947613183,1562.750453203709,0.0,1778.9185845690558,1842.194840717961,1557.6053985808242,1413.023802158927,1786.334505327412,1923.8200028363472,1719.8805045976205,1785.8874650891332,1851.4982368803833,1594.1371951108638,1700.3096616950158,1763.4582587429368,1887.4607153991665,1693.4877887283085,1817.1056534870088,1735.660625708809,1770.5674332811352,1632.0659974079863,1819.1332496567175,1719.839293401904,1544.23915420686,1878.4164044949127,1668.5385723864788,1447.2409091703466,1772.5049509504724,1542.3235980148354,1356.9843053723228,1099.8950270471328,1800.6318525152528,1861.2573505530713,1868.193775798552,1778.3758292136429,1712.0032463391783,1883.1563523473571,1965.6297820781117,1570.3670350959192,1935.0477048545686,1749.1147532044663,1629.6466247614896,1794.6496098349267,1775.4285364375103,1663.7573270421756,1524.9497024384368,1624.2682512953625,1791.564596867054,1566.7876248861405,1790.257834648377,1567.8475574667698,1802.6504485437151,1573.8719498403334
1610555971.86O0cHB2ibBJ8jxoObg01EpGe8VVV5mpwn,1353.5054444351122,1773.1217630244198,1378.3389892044042,1644.1265853659963,1339.497973370842,1018.658476865078,1387.230987244913,1385.2746385692615,1282.7219680642145,1831.5857830348148,1714.0829974259707,1747.7412265542973,1938.6825629101286,1386.0013135506272,1712.9683099956978,1777.1270604589197,1923.427817323293,1778.9185845690558,0.0,1808.268330328498,1762.5551611639175,1754.427863855429,1443.7327287068777,1401.0406827865465,1592.009240683968,1142.4029583350355,1472.221052238075,1692.435325473426,1780.7058893172696,1338.0146594016178,1799.8941260254142,1341.38190272172,1942.308601413165,1832.7795104999925,1780.5948814152962,1694.509871821491,1732.2578631761096,1839.1301367849037,1729.6797643418545,1728.9601974420689,1775.237782323623,1821.8791303338203,1692.8565308473194,1630.0671017448612,1729.2104932616635,1740.67130895262,1755.7382574218327,1499.6104440141153,1823.3930437075142,1740.9744432495465,1665.5506097549417,1474.4205772960097,1929.5851018442693,1908.7318748514294,1843.3204775109123,1513.9082288975326,1567.3432593310745,1785.3446624469636,1677.6070599769237,1307.404184821931,1753.0521190525449,1971.3558936475308,1875.1737453166725,1798.5327896732126,1779.9695281897716,1908.572786625117,1671.9137786929937,1707.042598701912
1610556911.51zU3duZSGpcw1BDNsBLxdOCITAXwl6z3i,1712.53385793623,1777.2759213339873,1772.9380349988053,1693.091511992368,1720.5998818132507,1810.0847113881073,1829.401573431881,1753.617396955001,1759.8893676092512,1687.0605776176242,1848.4118063503925,1630.2764873519645,1795.1615915299346,1766.4679892009465,1805.99874955818,1512.4540783752973,2017.7871199841477,1842.194840717961,1808.268330328498,0.0,1636.8902555750428,1897.8777135582675,1692.3090215190357,1774.5902905687415,1781.6141274249803,1841.1608880548908,1665.6933548963152,1651.1973392275115,1767.7862967870071,1825.8769214906956,1640.1332363473437,1818.512905477977,1738.4079284205736,1588.9099109307551,1576.907629875224,1639.8131821719744,1484.8738404207234,1608.2885589818968,1789.638564655505,1868.277764278249,1620.911691834301,1829.2840397869263,1720.1491444003582,1650.9309125576178,1760.0095276049256,1858.0833399205335,1698.579219495639,1727.7902126010176,1696.5093540829864,1806.67495054863,1540.687322410062,1814.0635851037212,1949.421849435248,1898.4917029927888,1580.5313646006375,1797.3820705103756,1729.0241365452398,1545.585338362558,1576.0794105981777,1826.274820371766,1877.8392652980333,1986.6103883578335,1631.604635553996,1969.3001851752492,1542.619359359698,1990.2484818564485,1741.6768115585364,1841.226629187524
1610555988.71dMoYT8250UHHJGxgmITTmbHe7V6gH1yU,1807.159666269468,1663.5395127918011,1871.824787664589,1549.3949792905357,1793.748170963368,1765.1584520161507,1833.4922830386947,1849.8168497349272,1749.7681180152344,1859.9707578471339,1573.8764617747072,922.1721531043515,1903.8594245017948,1823.6268242025058,1675.4085003480452,1623.7835286206746,1740.1324756484491,1557.6053985808242,1762.5551611639175,1636.8902555750428,0.0,1490.0434823494775,1792.473533681179,1858.663449225322,1697.5336166233271,1761.138162028721,1805.4377070597072,1285.387455857273,1630.4285999119852,1828.679164911972,1848.2456746328314,1774.9759024379973,1892.815125327407,1691.6698701279727,1471.0754889460318,1474.365661043751,1629.6868147003427,1717.9509069751139,1655.4392584014972,1791.9326959860982,1533.545218329461,1395.165229140796,1659.2844490118655,1443.0771796685842,1639.0668880671801,1608.7179785099254,1680.5018349391628,1743.9888717838135,1845.838464954046,1734.2494058365385,1312.3548741745585,1781.1866837919472,1944.1498917401696,1675.0957472411326,1795.877983683262,1740.9211397706476,1622.5281046751534,1344.5266067360712,1493.7716412622478,1715.8099932767252,1648.1045911824199,1803.30384256386,1727.7762083595212,1744.768138616325,1680.6784435083523,1725.5863617983985,1699.4689374658435,1652.683205313907
1610556042.81mlUZsSp7gbGjrp8jQSnybT1gPy6e62o1,1856.912969157128,1488.9661079386822,1939.5604333714614,1647.1215112116017,1824.4256980876637,1797.32153908116,1811.6555399690671,1903.3586447157438,1819.5212450795966,1957.5723545212268,1538.378615295709,1407.9575352419465,1963.3222769094762,1852.5923823651342,1603.7064210193423,1813.9732003934087,1634.6579961887453,1413.023802158927,1754.427863855429,1897.8777135582675,1490.0434823494775,0.0,1797.290670552424,1919.311283348258,1718.075958238653,1786.341837927107,1889.660777125414,1565.8684720537278,1750.7544860195524,1725.4880852283904,1971.9078305952614,1644.6308477894174,1970.674827034539,1829.2640976493708,1786.4943025498023,1594.9211427334528,1828.5185287708034,1821.6860584701062,1649.429933026626,1856.0472765932955,1762.7757258820548,1420.4542510560789,1760.6594703673627,1613.0362392091063,1519.2272811330333,1484.7697322223269,1810.1319262790541,1858.298456308025,1923.2842992683343,1701.188777830534,1706.3026313292955,1882.3389529885508,2000.2492399036125,1566.0315696396694,1987.9451562051186,1776.431807961818,1646.6200548765266,1739.371421093897,1805.1531774058296,1558.7171813464672,1484.5921785322055,1625.5472286992053,1796.1698543659907,1540.341783287191,1806.3405083765617,1451.0115667378134,1750.091250809918,1540.7226314437949
1610555637.02UBW5nKvDyUrKnaWcYRGajZPxTRDS0q3N,1422.6107158866773,1713.9545654731403,1483.8091082343592,1716.239029679167,1080.175965232197,1484.063381583726,1457.7691412823665,1469.0902875076063,1390.6452607473066,1701.871712166489,1761.2408584045245,1783.5920967304144,1849.3442206461823,1457.036300201789,1736.6339739260711,1674.4996007446507,1933.1375750010238,1786.334505327412,1443.7327287068777,1692.3090215190357,1792.473533681179,1797.290670552424,0.0,1477.2904363868358,1476.0364178046154,1498.151301042861,1136.1898299536833,1751.4195557919286,1736.2256988104314,1292.8176570489447,1609.3758816312877,1235.6092817467556,1806.8033948458187,1698.1865291275542,1725.6106079710912,1686.57918354155,1622.277132556995,1630.51633516673,1666.090085450686,1837.431654904343,1694.073147068773,1846.271309568302,1687.958261323856,1732.6811258870152,1701.4114007892847,1755.4207167375985,1680.9166244554924,1494.351594164079,1659.2614801899197,1657.6154185707687,1723.9697988104872,1510.325178540997,1909.6830744172994,1853.9390029027036,1735.4031941911853,1142.9609247225485,1512.64197035963,1761.0294461762423,1724.1328588197616,1316.4310621999578,1785.7983999781995,1961.9983404650125,1701.7546228286574,1815.5342645725866,1620.3054943022355,1897.8404970836434,1728.7071441321307,1765.9200674009187
1610555619.13oUYNikU4facCTpUSiSLr0vPI0tJLnXiT,842.0266476286288,1872.8331955051306,761.9470706145734,1840.2811271670694,1241.2019542589217,1610.7344480165034,1199.395424882495,644.0049076191991,1113.2726861747772,1765.9417238246992,1927.7833322130996,1819.4688010873813,1928.0032850201048,924.2429500330364,1849.9114928221404,1804.138941740085,2071.844550631542,1923.8200028363472,1401.0406827865465,1774.5902905687415,1858.663449225322,1919.311283348258,1477.2904363868358,0.0,1715.088403727355,1608.2824500475263,1412.9834376868441,1846.6337741071889,1901.5817654617995,1392.3127433433558,1782.5693086312983,1409.1270752948121,1904.0101311036058,1884.2801715139162,1870.6472640111745,1830.2971705447294,1799.461038818114,1879.079904871995,1876.418054985476,1881.5028950821982,1820.7790320879492,1967.1961648877275,1820.388828217044,1822.1505541550075,1912.3568765367856,1949.5681817918207,1842.2099229826642,1548.7990452047843,1768.4442558727455,1857.908703162201,1746.0997508211478,1600.5072842194384,1986.0821560985119,2008.6988489106106,1794.3143633448888,1660.0930187717504,1667.0965859021169,1783.8308925399638,1724.8706224178738,1567.077084734417,1966.6420468753404,2109.9859020968474,1877.1559789374946,1977.7319079147503,1762.2801949330076,2064.1561364764957,1788.888839109896,1927.886798461479
1610555721.03nzkucfjAUh31zTbmCVvTVYqtjoxZFnBh,1654.0218260050124,1654.5572524553775,1708.4337730397463,1720.1232458460308,1573.0808026354403,1609.2483323097213,1613.5415718741083,1700.328478819519,1623.1054014739984,1690.9559793997225,1654.014968725905,1675.3175203341855,1849.8431239736735,1660.6654562920849,1726.4749685469703,1702.5579551656351,1790.3491719919296,1719.8805045976205,1592.009240683968,1781.6141274249803,1697.5336166233271,1718.075958238653,1476.0364178046154,1715.088403727355,0.0,1628.4756049063753,1681.783356018076,1637.2002583250173,1718.0717886901746,1564.1875130865428,1822.4006472283322,1451.608181249101,1810.4637587883622,1732.7100193698102,1703.6605865177007,1643.5101780535254,1718.7881116247815,1675.9450000751556,1304.6686806057041,1753.5848511876336,1802.9617583175807,1723.598344630152,1671.104974968318,1664.0436670789898,1674.0449314588564,1602.1803209083575,1803.1541555148901,1467.132107661434,1683.2012609855497,1746.3501765269518,1662.5053180721957,1668.1410486379655,1824.1934270735599,1805.0931086694247,1899.1166161475173,1361.899525471814,1282.3887989309785,1765.4796821178484,1685.8638990797213,1364.3619121229883,1646.1204467708806,1859.4870792766314,1740.9231721362933,1662.8815285436312,1637.721798197125,1794.0550067589622,1647.212989452668,1656.1613619700147
1610555722.67fhKURdXVzRbLIjXmjRwdJHTnE7PWb1AE,1576.7857618934943,1791.300872579917,1598.3969014999254,1732.4153350813992,1485.1936294084253,729.8787918563959,1521.673325273198,1584.1832217785118,1456.837673332102,1851.8085696198573,1721.884278935318,1787.7021686223914,1949.348392808537,1536.102146183543,1761.085450181502,1821.3219237690005,1880.310801551277,1785.8874650891332,1142.4029583350355,1841.1608880548908,1761.138162028721,1786.341837927107,1498.151301042861,1608.2824500475263,1628.4756049063753,0.0,1574.0400922068918,1725.137361596712,1811.7356173626913,1483.9541366190604,1861.1608432283044,1377.9911306139802,1945.1148528443707,1819.158306550625,1821.320911074138,1707.6070201813982,1796.3588490312488,1852.4032126265963,1757.6378065075357,1849.813787513808,1843.8050779895752,1807.6738979349598,1774.4406168994906,1667.7654425734909,1730.9808505972828,1719.985823379819,1717.480065406937,1595.8679336022078,1870.2728003729196,1755.2472117669613,1733.6002699554886,1652.41855098242,1920.5734958597675,1881.3230579000983,1926.6679056381374,1497.440076405006,1629.503088647995,1839.1782966671196,1742.8205760941605,1363.6699944660747,1737.229783044344,1942.31242720489,1911.8493826839067,1769.287308351704,1853.285317740026,1912.694449765254,1746.833858429551,1712.650439481586
1610555638.39J2ZWBLuLTHP0jOlzB4tNHmYeijH5g5YJ,1327.372325668151,1799.7371308659424,1416.3293249264013,1708.7922944474496,1167.5190031403604,1568.0120714795514,1502.3988438062925,1395.9831455644512,1319.6098622187342,1708.046548942083,1826.207727428626,1798.6574082067582,1846.9109529227314,1434.431464675538,1724.879556203525,1689.3508057062245,1987.3208139741405,1851.4982368803833,1472.221052238075,1665.6933548963152,1805.4377070597072,1889.660777125414,1136.1898299536833,1412.9834376868441,1681.783356018076,1574.0400922068918,0.0,1800.5354221214848,1787.4694898369014,1492.435028219671,1526.4487641308701,1444.2506391277248,1818.3572117139402,1757.2462340312456,1748.8016861178423,1698.9120786144058,1582.135068967836,1748.7095310088225,1801.855425163741,1775.540878773969,1632.8969096242306,1881.7795398604958,1676.3498299055016,1785.445698281942,1798.367942371191,1864.166864295376,1694.5699374884841,1466.2454667683362,1689.5712924401066,1572.980908115288,1733.123133267109,1414.9176064255867,1902.606764246993,1911.7292675354777,1682.5323451070017,1481.7128082450552,1672.9221385160022,1785.948126727472,1710.2689751778391,1551.7629776798888,1869.574804746564,1989.753634743461,1735.0354665055825,1892.7042131842288,1638.7456894008728,1960.8036242531984,1561.3717588628122,1847.5851105090208
1610556032.17Q6yCDx9g7alRnL9jBFXD2JhhUyB2hKfJ,1799.0618369213505,1611.895770327712,1853.8951976388923,1493.5053368280094,1768.348704024856,1696.5465067371715,1801.7887276158112,1838.5717563116282,1760.4247336576057,1815.033623964675,1619.0304627187436,1244.9699340829193,1886.6432355583615,1822.2320523840724,1752.8763401394397,1580.0848803089334,1812.7565740689802,1594.1371951108638,1692.435325473426,1651.1973392275115,1285.387455857273,1565.8684720537278,1751.4195557919286,1846.6337741071889,1637.2002583250173,1725.137361596712,1800.5354221214848,0.0,1640.9529431311855,1776.719405971876,1829.8814940084526,1747.0039008191782,1870.6309241667902,1521.0773247239686,1554.0210302599216,1522.1551738388487,1662.2493326239137,1579.2466007099974,1596.0261722101502,1724.925435663787,1632.4944482042597,1414.65725809817,1650.6270975429413,1341.2841598868715,1653.7350536519662,1583.3109734119607,1725.2425196052093,1714.6733686941486,1807.197835333029,1733.7077338862398,1239.5676579516316,1777.2695544453707,1837.2664849866153,1727.3187196869144,1801.2851368046115,1714.8826243094018,1566.361928346399,1442.881251145257,1370.2037904200663,1682.9790465137694,1536.1850193068508,1822.2168036237995,1724.885400790628,1697.0852051222334,1650.6820171153338,1743.742587058229,1679.7020528847538,1480.899179026308
