,1610555604.25mOvVXuL01OCiReyVWBfesjuvXmB3MoPy,1610555605.43B6oDsBtWRQ29Q9UMQuTUEPZy3FSSWXzc,1610555610.92HPGJJSmyPM40z7otPBgHalNrHFA7zk5d,1610555606.68LaSQbm9EHAFycEfFtEqAwYqlBsQPjIRW,1610555617.19EKxMEwDHfXiEJZc27TsGoERaD6Da4BZU,1610555722.52PJ3FD50MGhRXyUD28vluU8Z9UjLJLZn4,1610555617.52Ijr5puT55g9apK8auM7zaxa3NANg502t,1610555638.77ZLjTLkz4jYJdFMI2wWBztzsDILkoOtAk,1610556912.46C7tJPLF0XfNnm8f1820X9aLmXMHoc0Dw,1610555617.51LjzIROg0aeCP2GhDcAVQ0LipKJB9jmKc,1610555608.17OpjjHobqRkX0UPcaXrbu7K6L3805SZri,1610555721.82zWeNZfGUUfRJkgnAwlP8VMhPzXctnSd4,1610555735.75bom85BDF0C7W2eIseHeMxi24qR68nzMi,1610555735.77NnT5xqKnwcf2BbjIekeb2arTQj6QMNwk,1610555638.33wjf1PhdNaoWfbRzXVn50hmFyB5bYAiLV,1610555606.65jCE4ig8Pu8kvAzkxnSGfWsV0nQBjCf8H,1610555608.18ONsBCVo1i7BrX0XG9stct4oiA6ejX9Oz,1610555721.51RNoQUMP19FTMS79BmA3JkgSm2IC2AQuQ,1610555971.86O0cHB2ibBJ8jxoObg01EpGe8VVV5mpwn,1610556911.51zU3duZSGpcw1BDNsBLxdOCITAXwl6z3i,1610555988.71dMoYT8250UHHJGxgmITTmbHe7V6gH1yU,1610556042.81mlUZsSp7gbGjrp8jQSnybT1gPy6e62o1,1610555637.02UBW5nKvDyUrKnaWcYRGajZPxTRDS0q3N,1610555619.13oUYNikU4facCTpUSiSLr0vPI0tJLnXiT,1610555721.03nzkucfjAUh31zTbmCVvTVYqtjoxZFnBh,1610555722.67fhKURdXVzRbLIjXmjRwdJHTnE7PWb1AE,1610555638.39J2ZWBLuLTHP0jOlzB4tNHmYeijH5g5YJ,1610556032.17Q6yCDx9g7alRnL9jBFXD2JhhUyB2hKfJ,1610557007.49MyVgDnuUuBxrvL6SGOdhKf69VYlW1MSm,1610555638.44hjT5hbYdKoE3MB6hijrjqbjmLgvCUYKD,1610555608.13zUvmFSCRt6SsLbhqFznMEvGx54GPGQzM,1610556038.62a5C4ynd1AARyAhTv8a58NCqHvXRjscqH,1610555644.45Xse8u7pusHNsd7F3d0A32HXvXr6weOJE,1610556038.62gKXOCG7XCn55eJvyl5voNjbwOW0znQDq,1610555987.13v0oleKK97pkesp6oMgprH8SoSdoDVdIO,1610556964.96ZLLeiQW0qpmxhPGTg7K03fmzkqsC2bjC,1610555987.13VQlEedQ50VvkPMEMzZDv3KNnQCewykN9,1610555982.186TY6MMGkDecIN1woW6vsfAMXVV7jnyjO,1610555982.673LuMndkwkvdmZOn0MmE2Pkidx0FtNalb,1610555733.38zItcuH7gHNfKdALR2d9Nek6bxCyw36Vm,1610556034.15BQxSbZINGCay0yp6RBVlgcPrw76Yn9ON,1610555639.37BPZpgtGml8qUsh9AdV4m32jPLfI2aNFq,1610556965.57S0adAalhWYe6K3bkZU0bRHbqnDK8gGkR,1610555983.54zteLPCMjyrjzPdhHhlZr3faCgD0TfYr3,1610555987.79rHnNRmt9a0ufmnwCvZqBouyUoZDNpylW,1610556960.041xWER61rmArlsKfiMl4frikWmUCnQ7op,1610556035.13a7NHZDutfTMJ88qle1gTYY59Dr4WmMsj,1610556890.456ZBDaY16bMtrTZTqAgHl3wq1tRxzqDow,1610555760.24e6890pkbyZ97Or6croI1rQgjkSsR0yVt,1610556043.02YpWMIJg3W004iqlPyv8OcVAZdSC5rNYw,1610555987.03z05P26TLtONYM1HSzupoc2CeNMa6HTqr,1610556032.15OYCzUxpsz7b10AXBAuDXrvEcvxFhf0M7,1610556032.63Z80yI9pNwS3jSmsDABbuhf8wkNa2Ze9y,1610555736.28eGuESasTXdR3SqY6pHhEXWZtcdciYLCO,1610556034.61bebeZA0MkaFG2sm3VKiqrxeqQginTTW0,1610556944.5XwXOphKYT3ZkWA8gViqOS97VHVuMVUqb,1610556944.745UVLFBzf7fPh4UH37I6tYQOFPqRDytEh,1610556034.63XsUwaFaPZevO1JNFjfhvY4aKNFnV4noV,1610556964.89xwBHw9faT1HjQRMNQEyA4qJ3hWkwgj3k,1610556966.74DydzH91jtyvRyYau47JpVkZoMRSNTt01,1610555740.77UueVziDbaXyRR4OcVJIIZyzOfAzN51bj,1610556046.84e3vwjyRCzqz0wJQhrk8zsxlFfFSv98Df,1610556137.99eoPuVrDThKAOvmeprLPb2FWRqIhzUodc,1610555740.73XFwSrmTXJPlaxGZSefh0jOVA8PI3III1,1610556123.88AOfNaz9jSnqU5Czc7okOv1RCrYfKFBTo,1610556046.85nB7NvyoYQeLcOV391Lmmut1wAM8CFGLw,1610556123.89H4pdIAzDthI7bMXMhlIhKUYIQIvtmPPQ,1610555740.87GOYQUJKpkynIS2lFqppYK4b32ol7NeGh
1610555604.25mOvVXuL01OCiReyVWBfesjuvXmB3MoPy,0.0,4724.787964056615,2918.665853484556,4793.237037143095,3584.3265309186017,4350.675372490371,3820.442636805125,2982.305177803614,3321.103654892924,4427.203104967543,5046.7755800109,5104.844225719313,4860.760011729447,3476.8896801839637,5310.883059643389,4957.755879363764,5206.7643456887245,5272.630797174427,3946.6251889524647,4666.823308688825,5171.31675132137,5342.987593812803,4022.2820259690598,3039.735217334143,4542.904673362131,4502.091925572485,3966.339914533136,4848.88538816538,4889.21646808939,4069.612083779689,4877.054152189321,3958.019966940872,4768.158558835921,5120.584544306596,4908.343715247052,4967.494100306902,4903.698479555356,5017.068120243951,4933.377994183072,4885.957448031657,4971.43600777781,5092.187542402338,4725.273718377229,4822.988869280391,5162.662144336258,5067.144657918456,5009.753710089198,4260.5076019564385,4656.376279880866,5042.266682470041,4647.586559128632,4516.83137782754,5182.160262749858,5256.620198483366,4776.641686569291,4461.396920541709,4585.046224083588,4841.4417961593,4637.175045483952,4354.679602436407,5162.012647397936,5482.563645232396,4930.4187275470995,5087.047664993215,4651.993662371958,5296.241081992199,4864.718851376963,5049.756923631392
1610555605.43B6oDsBtWRQ29Q9UMQuTUEPZy3FSSWXzc,4724.787964056615,0.0,5098.086781365187,4215.133153022027,4915.746930569628,4929.042087072052,4922.094597271063,5094.069144698814,4949.120371065359,4603.802637724024,4247.81064440091,4744.940646904155,4554.807989011194,5109.919486249806,5077.647921732461,4547.711848976229,4388.872296207721,3789.4084033659815,4847.614427401037,4889.054863913705,4960.26188146357,4646.623661820691,4714.7628365050405,5151.361727345833,4688.627560777239,5065.677497214345,4847.345670769585,4614.165643511328,4643.9531423081935,4733.510662545347,4981.174140436665,4736.549355192925,4580.910651920177,4850.134138356694,4821.131129892238,4571.662402126744,4961.223188270748,4635.089484300714,4280.0292068774515,5152.80600157348,4814.559189240414,4361.603329241326,4886.35990611391,4435.566021990087,4131.439074130488,3645.154748553829,5187.067912660955,4904.930658816243,4796.830356902389,5068.54132653068,4761.596115530929,5193.116592748031,5265.483146538299,4677.060082669616,4963.013531654924,4779.979364689096,4689.709612386665,4914.034461104131,4864.638079505358,4745.830387628646,4655.462343403059,4885.395460799695,4503.02638379401,4643.0517075950065,4616.425710101435,4681.258725333476,5007.230598752926,4701.816898162787
1610555610.92HPGJJSmyPM40z7otPBgHalNrHFA7zk5d,2918.665853484556,5098.086781365187,0.0,5010.497335868835,3739.0507188152437,4336.037616524845,3505.544104956898,2399.7584498857113,3696.768756826627,4785.588329018512,5254.391183903194,5265.918095822983,5187.607651498829,3229.830811921754,5448.222953381326,5173.019426220169,5442.4959404872525,5551.228063697283,3979.4433691829463,4828.714967703418,5316.9691027847375,5551.00131658115,4213.483011040985,2274.779255862341,4708.028820022569,4533.904729735919,4254.296542026708,4967.166948574969,5049.701358013463,4161.129533460389,5135.162344871552,4290.680276643698,5110.638871002884,5341.881798174072,5030.345226566537,5178.936191733829,5023.675318962562,5264.597081293209,5207.859112556532,5007.0174452696065,5123.092788525555,5326.494536737842,4840.666304982782,4997.695334437722,5400.4552166625435,5307.1729192986395,5185.281335927155,4384.7795553382975,4911.673482228197,5258.810326834723,4760.822927509704,4580.656657935747,5313.937933246706,5540.604119928574,4909.040178672553,4616.193453112767,4702.311748866007,4917.646826844824,4791.185816647961,4419.790168297911,5364.360651302663,5738.774873665054,5166.987216883804,5325.758427098286,4915.62692295836,5531.062635199497,5045.637644843204,5202.469276048326
1610555606.68LaSQbm9EHAFycEfFtEqAwYqlBsQPjIRW,4793.237037143095,4215.133153022027,5010.497335868835,0.0,4694.819137612138,4499.426849188786,4903.245604021029,4942.550083200818,4831.996957293285,4805.420555498018,3579.075451473111,4618.134050940058,5107.480489816608,5068.8054915226885,5098.326148754491,4687.811508907473,4223.651107910862,4655.606916462738,4497.868206646962,4630.7182930952795,4538.007836202192,5002.800807306862,4592.002196939982,4995.40426219708,4717.243937944689,4662.965470620522,4689.600162715044,4209.072645126221,4460.374022499293,4771.297451662169,4948.959296022516,4864.338833179703,5054.318562147638,4842.818659827721,4260.0490085356205,4188.5154886959335,4637.072497249517,4757.090197484121,4488.837480285833,4901.449611321723,4435.59050942209,4280.397317821493,4316.002846494361,4007.0318689437618,4403.358976478318,4047.0815286885622,4972.50825984594,4738.50418447015,4979.977916299131,4997.480364457747,4238.480752069617,4889.523661294232,5240.589726437331,4897.0452496990865,4852.5289962576535,4664.7366140747135,4346.864488282841,4611.692237747563,4444.9320468477945,4619.910031201048,4570.375648894063,5165.9983088669605,4723.876811685398,4816.619591364629,4543.125399293878,5008.474079471264,4796.333319408239,4455.835611195028
1610555617.19EKxMEwDHfXiEJZc27TsGoERaD6Da4BZU,3584.3265309186017,4915.746930569628,3739.0507188152437,4694.819137612138,0.0,3926.258726874711,3667.3130026798026,3671.3921188096015,3243.2233418433557,4767.567646230761,4901.40539670838,5063.088382720818,5197.069341322841,3788.463293884493,5191.276903426185,5019.800436691292,5135.283690288147,5236.500512250605,3651.0506890486413,4756.81968028227,5032.370464643763,5250.993167754171,3279.6904352220736,3738.742691902251,4316.8172124152225,4048.069433795303,3810.4958728325246,4734.303169983502,4733.3178422484025,4005.8702319705935,5057.109943098017,3884.191045094709,5100.433313772617,5090.578282280839,4781.435519246151,4809.772093753091,4733.92927129972,4979.481370098653,4875.271588709319,4913.664981143744,4848.468183241996,5037.052895039102,4571.12051201254,4656.035695583103,5054.817815329062,4983.111796260775,4970.09413543371,4170.848195412363,4895.86133220901,4859.985161313902,4629.12334417118,4493.7140147661985,5238.624776378769,5288.929184288914,4918.0076157374815,3869.400890934617,4243.254622668333,4862.355761805829,4710.487906468472,3890.064357506026,5037.3573513230485,5507.343761182256,4974.032868400487,5029.027826168125,4724.448466498052,5260.131672917203,4888.11183380087,4842.7380207061815
1610555722.52PJ3FD50MGhRXyUD28vluU8Z9UjLJLZn4,4350.675372490371,4929.042087072052,4336.037616524845,4499.426849188786,3926.258726874711,0.0,4268.047646484611,4307.945767791837,4144.761887879499,4856.409854750869,4689.15075669748,5134.038439257568,5253.31392682318,4424.443736574407,5280.442267126717,5085.415384225235,5027.225764510004,5256.576448642335,2982.9692043162745,4819.040213911328,5038.647435175708,5313.520046949268,3994.4822468651,4376.0526138076875,4381.620809808851,2326.7136270757196,4467.636707277344,4655.38700955882,4645.5421993774735,4329.026576814588,5252.0942956848585,4240.534141169499,5169.002783453417,5028.963032880744,4774.923161249658,4780.889346822354,4899.366461806687,5038.614643385183,4856.232641493053,4910.4527581344,5007.532985850395,4985.796471487373,4605.739188176696,4547.041834413006,4986.454729346048,4712.980306358151,4946.135130140722,4343.556777243105,5068.578532753678,4963.414182768406,4591.575147752189,4586.164059846354,5180.9698088685445,5311.4429181425485,5129.127770793466,4075.3339203350556,4310.048407514855,4912.669975479931,4666.443196778688,3938.5393333648394,4898.987374942252,5494.988163780106,5129.027545143345,4981.876920391836,4929.6329228209,5310.88078737193,4884.203125922704,4683.346116917369
1610555617.52Ijr5puT55g9apK8auM7zaxa3NANg502t,3820.442636805125,4922.094597271063,3505.544104956898,4903.245604021029,3667.3130026798026,4268.047646484611,0.0,3715.0563827721603,3971.2374977556415,4912.858662872825,5041.518092718406,5155.650473119712,5260.82323178294,3378.0368581972198,5302.3862715752675,5086.104370097687,5267.303416345472,5384.066665981027,3947.3169732929687,4932.266096598881,5210.263365700582,5356.8719489968635,4182.317897617808,3691.612823023268,4494.329937783236,4383.945655933582,4454.026349569249,4871.906153472183,4958.767907431868,3510.0700159002963,5159.251217680297,4043.7501570992836,5216.584215900619,5305.67002950599,4939.987950717248,4949.505937727922,4941.681479658993,5175.455546350023,5029.102276849609,4970.36211094617,5042.054631552094,5184.186603948979,4792.924019223603,4840.269614955044,5191.167873978427,5103.299239288879,5165.861200390121,4421.181324955322,5016.877838030576,5203.907611201512,4723.499189595008,4555.157717673471,5256.624873174196,5402.2994638603905,4989.080307554232,4369.8682566320995,4518.102277401796,4796.747743921716,4858.047279259027,4090.6465308850916,5204.696427099291,5613.64782389078,5097.457602237098,5133.070053553638,4980.250794671831,5385.957611592475,5003.313654062037,5036.224132935905
1610555638.77ZLjTLkz4jYJdFMI2wWBztzsDILkoOtAk,2982.305177803614,5094.069144698814,2399.7584498857113,4942.550083200818,3671.3921188096015,4307.945767791837,3715.0563827721603,0.0,3703.6449451154645,4779.923667812758,5223.7793825199415,5267.076410753929,5176.920911794245,2933.176882631922,5431.4344331820985,5186.726239071642,5410.914323465352,5549.959344307723,3978.4744224534015,4847.688429084041,5301.264700251653,5555.966236993073,4189.511088088854,1894.4791748382502,4700.139367124239,4506.642032805868,4235.87172216511,4970.138268647616,5024.593910841304,4244.034771219223,5107.757431451509,4207.821950944124,5104.688171735921,5350.784387832515,5018.623683340537,5139.293739187411,5016.479759692788,5243.203700487117,5184.715775315734,5008.273398693925,5091.408392458223,5289.756981815724,4810.826664841066,4989.900018622382,5413.671459537708,5304.282532650707,5168.4546803717085,4404.078379316688,4938.886603135814,5263.362562556469,4725.631212799524,4564.149092097062,5315.56300058272,5519.152080240599,4907.604317466038,4564.096820636355,4694.064505118883,4951.538551048348,4719.51737784921,4395.320824487251,5324.6215371696435,5739.255114597177,5173.464643080106,5292.631914720766,4887.091531290652,5519.86444153105,5047.053877487038,5165.780022222586
1610556912.46C7tJPLF0XfNnm8f1820X9aLmXMHoc0Dw,3321.103654892924,4949.120371065359,3696.768756826627,4831.996957293285,3243.2233418433557,4144.761887879499,3971.2374977556415,3703.6449451154645,0.0,4849.676383360535,5000.24804165858,5075.098662754686,5228.680955701994,3812.565845074627,5306.214710707376,5108.794911028461,5214.641992473963,5222.559823243722,3757.726160450062,4854.038603291259,5024.07105473997,5300.887052369217,3981.7762294033687,3743.903232641052,4515.581207299452,4172.87230708191,4106.267252508996,4775.54825086568,4916.402850593986,4178.950655393834,5156.651024330829,4030.4009041279382,5163.987872399985,5207.3855325859795,4905.489414973896,4878.84588479078,4945.657834981436,5109.24453890296,5037.793357522237,4956.732260089303,5003.237926024543,5037.449767848801,4708.654066183821,4779.061574900913,5155.91858174303,5010.016400581807,5041.430832783825,4383.152751447624,5012.0064123834,5005.440990221642,4661.421557714341,4590.126633457235,5293.262240820233,5288.799473325389,5022.798395416931,4157.134155712329,4423.614629873969,4868.411343200806,4732.8995763461335,4233.492180647556,5101.9540861417145,5533.310242077705,5150.730762658072,5088.959786585362,4942.813263349941,5316.197688522799,4913.262469107809,4917.393902642001
1610555617.51LjzIROg0aeCP2GhDcAVQ0LipKJB9jmKc,4427.203104967543,4603.802637724024,4785.588329018512,4805.420555498018,4767.567646230761,4856.409854750869,4912.858662872825,4779.923667812758,4849.676383360535,0.0,5143.119025931364,5209.688630610801,3868.5600220410774,4992.934731342475,5404.780612747988,4875.888275492388,5271.525006052349,5331.638985780352,4900.405941686491,4461.916279734341,5366.150198703659,5536.793745114197,4660.861909275862,4829.739259773085,4614.485461801112,5051.530406514508,4626.506630289147,4932.112872298696,4784.814239631181,4964.5418268359435,4808.637849093986,4982.654331242726,3251.043647687275,4943.80591386413,4831.6553822206415,5050.284436653029,4859.645779801115,4777.953462008085,4657.96350784361,4889.11671755041,5081.845181528908,5200.224767795853,4822.415789140823,4982.448172085844,5151.056066864193,5068.944097275152,5081.600117479314,4526.410530874373,3490.374497540745,5168.456392412667,4789.065114172621,4986.882757469135,4931.095499861791,5305.021467987273,4953.987710674074,4876.20577071146,4845.160465140135,5044.934459893277,4754.419641631799,4948.7088129449885,5208.04461958006,5511.254328546928,4655.971728495958,5247.97327239538,4075.301639805269,5391.980161935708,4981.045675873119,5129.454270305777
1610555608.17OpjjHobqRkX0UPcaXrbu7K6L3805SZri,5046.7755800109,4247.81064440091,5254.391183903194,3579.075451473111,4901.40539670838,4689.15075669748,5041.518092718406,5223.7793825199415,5000.24804165858,5143.119025931364,0.0,4914.487170044416,5322.551669123046,5258.941029787656,5199.80847204913,4891.400564864989,3106.2376894985127,4564.412574074793,4683.890035583207,5005.970964816784,4565.198959016067,4839.336988489611,4748.0351161304125,5266.335805266305,4741.377340910888,4700.189485717436,4949.160193088899,4559.714865988571,4599.731006279368,4913.718841909586,5284.446995572752,4909.2952633416935,5297.3666060030055,5055.308670022082,4714.648194549633,4152.038616851207,4967.599765327164,5013.928580425966,4676.030627635771,5132.154168614914,4783.250528939665,4131.674944840221,4693.8834344430525,4365.086501644876,4287.230126808485,3689.0803521724097,5235.005387563094,4962.043581701188,5214.10888945422,5063.320858998782,4595.493684631889,5235.577055589364,5460.914705929303,4870.397683183029,5125.938228362064,4769.6967586081455,4390.502042942436,4906.879392131696,4840.145054938566,4661.955104556833,4528.201330458434,4985.332219628222,4845.831842722188,4678.847694390978,4842.868564710824,4763.146806092687,4979.126912177807,4548.6785628437565
1610555721.82zWeNZfGUUfRJkgnAwlP8VMhPzXctnSd4,5104.844225719313,4744.940646904155,5265.918095822983,4618.134050940058,5063.088382720818,5134.038439257568,5155.650473119712,5267.076410753929,5075.098662754686,5209.688630610801,4914.487170044416,0.0,5416.775660804137,5361.866866212727,5280.024134941888,4935.388334254551,5151.124781330207,4950.538647475914,5048.223131479948,4778.624254561204,3591.9669930733426,4915.574633570553,5087.882659722359,5297.540766369638,4901.229581778136,5290.0245617651735,5151.231312085955,3683.5628846455575,4605.15309354489,5154.642629224281,5499.497095283051,5204.520865920685,5381.159011853162,4985.267523286678,4149.652000121368,4506.662806329485,5002.999114070816,5082.750846958658,4886.15847353826,5175.92144012134,4580.7352442569845,4379.390798663794,4823.973363247776,4238.157858595951,5072.993473043744,4987.193885451729,5173.865017196482,4990.347447671121,5316.969736050247,5136.494769251545,3999.497305044304,5237.416381926727,5604.2414485685085,5134.272494548804,5288.037008197906,4986.916519289127,4883.620057738832,4317.973934737178,4600.361594915112,4976.256252230932,5072.865330909896,5479.107508005067,4933.245684687875,5284.552459496715,4901.214541697012,5221.412565860551,4956.352798725101,4950.8274426692915
1610555735.75bom85BDF0C7W2eIseHeMxi24qR68nzMi,4860.760011729447,4554.807989011194,5187.607651498829,5107.480489816608,5197.069341322841,5253.31392682318,5260.82323178294,5176.920911794245,5228.680955701994,3868.5600220410774,5322.551669123046,5416.775660804137,0.0,5285.756932795454,5500.050954182794,5188.868220596479,5383.058549586657,5423.3123313826145,5284.106558466223,5003.07604706219,5512.348738906965,5625.209800547716,5106.044725032328,5213.449038741179,5088.997890931064,5411.617020727393,5046.429271292014,5220.169139422376,5121.170511190608,5306.350604643225,5171.94432193378,5261.592405426512,2458.8689002095066,5157.108782291148,5230.272599846427,5324.107430465549,5228.4594310288485,5078.300124374152,5013.9400562944165,5145.177215031801,5332.862656109184,5260.017747811328,5122.423589697828,5247.503383727396,5367.250702631635,5190.201175458037,5333.228601395454,5067.6152461954935,4683.07583131539,5402.14731534209,5173.392338420349,5371.819858700981,5263.3446290147795,5340.2595013750215,5258.303880677938,5196.6075074421615,5295.575292899127,5354.6138316104925,5227.193301709521,5301.106057408342,5390.1754888793275,5498.96818522917,4885.483982491214,5351.38280268411,4865.715604390714,5365.948032116912,5285.34824045576,5352.089166743715
1610555735.77NnT5xqKnwcf2BbjIekeb2arTQj6QMNwk,3476.8896801839637,5109.919486249806,3229.830811921754,5068.8054915226885,3788.463293884493,4424.443736574407,3378.0368581972198,2933.176882631922,3812.565845074627,4992.934731342475,5258.941029787656,5361.866866212727,5285.756932795454,0.0,5418.081804199554,5285.029775658065,5399.192875422162,5561.924761729756,4134.064391274849,5060.024824515227,5346.396775040222,5521.209562129041,4345.063809640932,3151.3971609439714,4762.481226430783,4521.844398450932,4426.892174346878,5082.148772560347,5169.3206314165645,4221.778699174173,5239.930771244638,4245.218781717418,5243.390838513389,5479.926177027677,5172.928755851829,5202.551559600957,5117.395324008506,5382.436084478599,5265.383835582138,5084.5078428117595,5210.171682076555,5305.914343911972,4951.15810931635,5109.298091977885,5402.824040493194,5295.709442916214,5248.29529672777,4543.203429868996,5086.792624454654,5341.165996040424,4872.233747445488,4682.759967016377,5395.290882276209,5537.81045951997,5062.149064733583,4639.99420301032,4774.235942935155,5008.899206489921,4919.674563275756,4344.1853025670025,5338.950935868101,5720.25167518341,5266.691483049011,5234.024051411531,5090.713872896781,5488.962946309993,5172.231616862299,5184.254968832165
1610555638.33wjf1PhdNaoWfbRzXVn50hmFyB5bYAiLV,5310.883059643389,5077.647921732461,5448.222953381326,5098.326148754491,5191.276903426185,5280.442267126717,5302.3862715752675,5431.4344331820985,5306.214710707376,5404.780612747988,5199.80847204913,5280.024134941888,5500.050954182794,5418.081804199554,0.0,5318.8788653544625,5341.904287357489,5256.616597284528,5190.007544980455,5387.649245271488,5200.264255365115,4793.470842226216,5177.5471426395725,5465.870326948081,5212.894698102029,5398.738719670548,5165.144974284111,5182.256317651173,4991.115767201221,5368.752026479854,5466.420255281468,5344.255007907083,5502.645883628439,5496.844247617712,5095.770082979863,4790.9264163675,4969.763642383485,5497.545026646285,5312.7155687032455,5068.807087469309,4362.217825306431,4794.892883883002,4440.574201894813,5118.530907965152,4798.498400554261,5104.570310505233,5289.092633279568,5172.400391410207,5541.598667107131,5241.578452922072,5099.861273439135,5361.145838152582,5743.624874282782,4963.173866818426,5345.950178952602,5201.360991410402,5046.077039911287,5359.361751196593,5216.983503380442,4859.460713683952,4984.009355819989,5053.980836669352,5280.417676593562,4936.49054812057,5258.022917905524,4517.882648065251,5209.450870288284,5020.470792452778
1610555606.65jCE4ig8Pu8kvAzkxnSGfWsV0nQBjCf8H,4957.755879363764,4547.711848976229,5173.019426220169,4687.811508907473,5019.800436691292,5085.415384225235,5086.104370097687,5186.726239071642,5108.794911028461,4875.888275492388,4891.400564864989,4935.388334254551,5188.868220596479,5285.029775658065,5318.8788653544625,0.0,5088.537200740904,5307.333648493982,4995.445503231359,4540.323448109035,5038.813995904539,5403.080755409247,4752.867252502798,5199.607092121149,4871.071436574636,5249.592279075483,4854.662218459237,4698.438615602651,4671.343641573048,4906.175260016816,4635.724015271515,5149.7106979891105,5002.844243898697,4653.327550605777,4207.768034338273,4219.20565768551,4345.270278458031,3923.4458375313975,4888.809939213416,4883.67209003727,4676.611837075738,5036.143415291527,4684.207888049446,4709.868313636227,4852.797477272166,4994.782180904241,5216.624951096443,4833.690314496059,4838.328241089613,4987.00702600347,4480.454197071648,5128.832114256448,5312.214602445105,5251.589229729961,4444.053430294637,4993.276203641508,4850.147612530283,4532.943426918084,4618.459932626543,5032.608458061249,5065.563954275105,5433.5281806802695,4007.211592124096,5255.032468394339,4403.975037255206,5263.666179031122,4816.722338509152,5001.439656345534
1610555608.18ONsBCVo1i7BrX0XG9stct4oiA6ejX9Oz,5206.7643456887245,4388.872296207721,5442.4959404872525,4223.651107910862,5135.283690288147,5027.225764510004,5267.303416345472,5410.914323465352,5214.641992473963,5271.525006052349,3106.2376894985127,5151.124781330207,5383.058549586657,5399.192875422162,5341.904287357489,5088.537200740904,0.0,4773.397493818558,5009.925097298316,5230.798332790701,4838.148227731147,4943.975622113242,4952.145508509744,5454.314626189034,4914.678972368046,4997.661627981898,5134.007789164155,4875.751061425674,4877.417203544178,5138.826499446625,5487.297295697943,5079.881520139708,5374.499540259726,5220.784731222522,5051.779631195074,4455.780461228572,5253.665185562904,5203.137692426391,4852.513018995101,5399.441558339644,5033.995278322184,4347.600318691984,5018.4052751589725,4705.322666317874,4451.516959182031,4035.799425786671,5433.961188469784,5140.128188165683,5318.221477829028,5179.399885660435,4922.724807252133,5487.458738059879,5626.284542348842,4934.318524229692,5345.198232760714,4979.36619815439,4745.189970520011,5175.1698517233945,5111.866676436401,4880.3626666958335,4684.660108422514,4940.161390246901,4953.547173220934,4678.062360808231,5011.122009455293,4727.710954589372,5156.287995435216,4762.896678447242
1610555721.51RNoQUMP19FTMS79BmA3JkgSm2IC2AQuQ,5272.630797174427,3789.4084033659815,5551.228063697283,4655.606916462738,5236.500512250605,5256.576448642335,5384.066665981027,5549.959344307723,5222.559823243722,5331.638985780352,4564.412574074793,4950.538647475914,5423.3123313826145,5561.924761729756,5256.616597284528,5307.333648493982,4773.397493818558,0.0,5160.657902358768,5358.695298713987,4973.67350537705,4869.009223055508,5187.0041973814195,5587.57897353107,5192.630760134403,5341.841982895604,5269.315313199457,4869.903265329059,5082.335933056012,5220.466313614329,5602.098923849822,5230.332173258171,5427.905510412743,5283.3244086641835,5130.954620753897,4779.828268611349,5352.837479573886,5240.271443267076,5054.911000254343,5487.915503214573,5057.74870338844,4508.733207960887,5192.676052687513,4797.5857070464845,4317.138851385835,3863.621857865233,5380.432702768872,5314.412885190199,5405.270646344989,5387.485030057685,5045.127444522024,5543.049867616686,5725.87600757882,4994.540662261179,5531.196896193005,5130.162232666557,4984.601051334023,5318.744445024188,5183.011673374404,5068.811591822596,4812.035147800507,5217.081533585195,5197.016588307736,4857.773013694651,5219.39863509398,4910.440696105434,5355.885394024411,4872.077057259676
1610555971.86O0cHB2ibBJ8jxoObg01EpGe8VVV5mpwn,3946.6251889524647,4847.614427401037,3979.4433691829463,4497.868206646962,3651.0506890486413,2982.9692043162745,3947.3169732929687,3978.4744224534015,3757.726160450062,4900.405941686491,4683.890035583207,5048.223131479948,5284.106558466223,4134.064391274849,5190.007544980455,4995.445503231359,5009.925097298316,5160.657902358768,0.0,4862.958847301915,4995.440280355317,5182.455965770209,3893.264911306859,4068.6487511019322,4294.035825010584,3379.298834543364,4319.321642234244,4582.816022600782,4701.8105384655155,3960.6374845719633,5151.965931088068,4000.1114034862476,5218.183146245617,5069.968926643864,4807.217218840599,4710.64516417851,4803.982504968466,5051.502563939366,4812.597405632289,4738.017705037243,4875.883223990805,4934.947541995761,4487.960841357122,4459.595737154758,4930.965833963801,4767.711434291289,5013.3314544259865,4198.613487327778,4997.029156361398,4873.9662150417835,4504.37278654191,4418.740428370594,5189.455662726064,5278.313620498579,4993.660410846324,4077.3606876955055,4174.0558655096975,4817.9774945187555,4622.470105693943,3725.250982112884,4893.346314983026,5463.936587103552,5052.061574610006,4949.6458717624155,4809.734558828126,5242.6328009880945,4683.2953392255695,4680.935104426111
1610556911.51zU3duZSGpcw1BDNsBLxdOCITAXwl6z3i,4666.823308688825,4889.054863913705,4828.714967703418,4630.7182930952795,4756.81968028227,4819.040213911328,4932.266096598881,4847.688429084041,4854.038603291259,4461.916279734341,5005.970964816784,4778.624254561204,5003.07604706219,5060.024824515227,5387.649245271488,4540.323448109035,5230.798332790701,5358.695298713987,4862.958847301915,0.0,4867.343953848455,5502.201459828161,4676.752986191485,4896.829548522733,4838.087515462107,5020.42493853169,4626.429468411011,4491.652181797962,4703.296580282973,5037.694537735286,4820.396766537453,5115.502058634136,4798.064678492303,4754.273523377351,4379.086639613894,4691.74214151429,4376.357611676287,4677.6810482545125,5018.093486015292,4952.936620514898,4692.596445143658,5026.542872702529,4572.625340585209,4534.076141618597,5041.985200298148,5108.413642238272,4873.211552277504,4696.774204432974,4711.146572169014,5073.085410704533,4263.87131266631,4981.132679547998,5278.473537585762,5318.2424033000825,4613.484722103856,4873.999322935767,4775.27985005666,4452.577611190836,4413.27381273023,5002.033236894757,5182.991774893546,5567.919468203377,4670.293209339701,5311.358230604574,4376.8735327480945,5444.117982043618,4821.881066906096,5059.808419998546
1610555988.71dMoYT8250UHHJGxgmITTmbHe7V6gH1yU,5171.31675132137,4960.26188146357,5316.9691027847375,4538.007836202192,5032.370464643763,5038.647435175708,5210.263365700582,5301.264700251653,5024.07105473997,5366.150198703659,4565.198959016067,3591.9669930733426,5512.348738906965,5346.396775040222,5200.264255365115,5038.813995904539,4838.148227731147,4973.67350537705,4995.440280355317,4867.343953848455,0.0,4802.794341225393,5071.592675861524,5329.3121235982735,4977.547882967788,5078.7444335008295,5175.233762544298,3827.3667499984617,4683.119176153731,5247.326147303175,5560.664134575298,5289.323085377543,5517.038950494535,5063.453245519673,4533.56347407323,4369.943964853418,4932.95830180705,5218.588320951846,5031.091804809697,5181.383705823388,4570.450854521135,4091.2202733442937,4774.774062948321,4289.235857686168,4924.838161420913,4759.808982898156,5023.345044515264,5045.593690072331,5404.678097319437,5168.460859008745,3931.7169140512356,5302.237404768099,5593.141213898595,5042.193937272043,5283.026575582601,4984.644077648141,4736.557834049347,4373.419957015057,4436.688915858688,4873.267845945666,4830.14743961331,5377.6212946422675,5085.231521060287,5106.541641653875,4985.181830834892,5099.719694686901,4996.631684111331,4736.080624223048
1610556042.81mlUZsSp7gbGjrp8jQSnybT1gPy6e62o1,5342.987593812803,4646.623661820691,5551.00131658115,5002.800807306862,5250.993167754171,5313.520046949268,5356.8719489968635,5555.966236993073,5300.887052369217,5536.793745114197,4839.336988489611,4915.574633570553,5625.209800547716,5521.209562129041,4793.470842226216,5403.080755409247,4943.975622113242,4869.009223055508,5182.455965770209,5502.201459828161,4802.794341225393,0.0,5267.13228201994,5575.062431340967,5253.404632181233,5380.994150438768,5401.5077706658285,4813.7946540027315,5168.703871611859,5262.978295852718,5780.068539547277,5258.925161285887,5670.63388263347,5427.89358223582,5357.159523031245,4847.127215560362,5461.135505145564,5511.311306610716,5164.519170085517,5332.335115010392,5070.650106698029,4276.682629639546,5175.79757792999,4917.68647091585,4841.026199900764,4719.542302624768,5403.738354281185,5350.5717397013605,5560.882062563504,5143.12590065965,5017.436278042269,5575.990711215091,5662.215388220137,4733.168823434921,5609.743981358318,5238.020329150454,5107.678228273015,5271.03285635364,5249.538061917559,4839.4997360530715,4491.453720773959,4740.469356466251,5204.243704805231,4729.968703989737,5230.696200018397,4192.907593766694,5218.71133818624,4628.355451812356
1610555637.02UBW5nKvDyUrKnaWcYRGajZPxTRDS0q3N,4022.2820259690598,4714.7628365050405,4213.483011040985,4592.002196939982,3279.6904352220736,3994.4822468651,4182.317897617808,4189.511088088854,3981.7762294033687,4660.861909275862,4748.0351161304125,5087.882659722359,5106.044725032328,4345.063809640932,5177.5471426395725,4752.867252502798,4952.145508509744,5187.0041973814195,3893.264911306859,4676.752986191485,5071.592675861524,5267.13228201994,0.0,4232.052494859153,4161.33804355514,4109.1749199683245,3672.1430995830815,4695.2258081100135,4629.642597523241,3899.6239610579996,4857.932387263733,3749.4737612418826,4968.064638587901,4790.712596366074,4702.5568489182415,4666.346550689081,4592.781860057611,4575.402920568044,4673.808997338453,4939.501643211127,4764.186913385195,4956.233085444432,4530.555891979554,4612.707217478886,4825.507345442286,4837.498526496551,4931.389158675134,4173.741305407975,4705.078000900086,4804.938687570101,4629.617146601353,4549.604432408279,5221.1922479795485,5151.588337330349,4832.824954321957,3405.3210585376255,4129.618278734393,4799.474271533169,4696.567514132292,3768.173014316311,4935.852867598733,5419.347209055738,4705.091126346555,4915.118775399289,4493.921109599118,5172.301102056184,4830.125113473991,4806.073280966688
1610555619.13oUYNikU4facCTpUSiSLr0vPI0tJLnXiT,3039.735217334143,5151.361727345833,2274.779255862341,4995.40426219708,3738.742691902251,4376.0526138076875,3691.612823023268,1894.4791748382502,3743.903232641052,4829.739259773085,5266.335805266305,5297.540766369638,5213.449038741179,3151.3971609439714,5465.870326948081,5199.607092121149,5454.314626189034,5587.57897353107,4068.6487511019322,4896.829548522733,5329.3121235982735,5575.062431340967,4232.052494859153,0.0,4751.546117155322,4576.791159691867,4282.433466047167,5011.565272682957,5063.32444778001,4279.599898010373,5147.040418554441,4270.6067564950745,5144.209160477932,5388.217708113288,5051.00867742867,5182.309890946979,5065.347987337207,5291.8837415392045,5236.518408103493,5036.870365265079,5133.358724812335,5325.103404588511,4856.03436954638,5040.338086475945,5462.989726037161,5350.117391111057,5199.329817448887,4415.947924901299,4969.452134931944,5279.908212272581,4755.996008618509,4634.5857586892835,5348.225292935797,5553.565524726845,4927.400327494807,4628.359306996775,4740.641630994337,4975.856955652353,4761.794905244966,4468.595122853096,5379.514849620371,5772.456897563702,5190.89333362552,5332.511021246174,4927.720895881927,5559.686159334201,5069.0856858916095,5219.1075007460495
1610555721.03nzkucfjAUh31zTbmCVvTVYqtjoxZFnBh,4542.904673362131,4688.627560777239,4708.028820022569,4717.243937944689,4316.8172124152225,4381.620809808851,4494.329937783236,4700.139367124239,4515.581207299452,4614.485461801112,4741.377340910888,4901.229581778136,5088.997890931064,4762.481226430783,5212.894698102029,4871.071436574636,4914.678972368046,5192.630760134403,4294.035825010584,4838.087515462107,4977.547882967788,5253.404632181233,4161.33804355514,4751.546117155322,0.0,4532.51492777953,4692.121183120702,4530.070539890207,4543.718504788531,4529.075018107783,5253.073658713364,4346.105557857953,4971.113732907124,4893.6900913043755,4719.855710781271,4675.197972152335,4871.09883229571,4757.932595820057,3647.725199526884,4838.436804330472,5020.620781940139,4878.526317215225,4535.382097326386,4479.038046595311,4874.681506440587,4726.684376225638,5076.9887250642805,4009.1957347099165,4800.811409463848,4943.259106470994,4503.1327249569185,4773.370614850446,5064.708222616501,5202.21939727242,5186.871285914574,3873.1904594269645,3832.3452424580787,4913.300640481288,4690.895091024964,3949.8520323079406,4839.57404700893,5365.650233283938,4786.514296606996,4853.155453347183,4632.262423517135,5159.837695220642,4669.207401644171,4730.601655731401
1610555722.67fhKURdXVzRbLIjXmjRwdJHTnE7PWb1AE,4502.091925572485,5065.677497214345,4533.904729735919,4662.965470620522,4048.069433795303,2326.7136270757196,4383.945655933582,4506.642032805868,4172.87230708191,5051.530406514508,4700.189485717436,5290.0245617651735,5411.617020727393,4521.844398450932,5398.738719670548,5249.592279075483,4997.661627981898,5341.841982895604,3379.298834543364,5020.42493853169,5078.7444335008295,5380.994150438768,4109.1749199683245,4576.791159691867,4532.51492777953,0.0,4586.943290817629,4847.183913964277,4835.105877272326,4487.8553130363225,5385.476768450447,4330.762337721718,5333.902417310531,5182.121218207383,4985.929475155623,4849.702700679962,5060.946832655217,5192.507880825104,5015.5739789288655,5077.20676650526,5183.469766547733,5024.472152558113,4797.4474869125315,4731.436888594305,5059.684625919487,4790.3098951381335,5100.5006827515335,4525.6294207292185,5198.869233238069,5087.489927439787,4807.211511488169,4811.785968768498,5334.82694529031,5398.139842127852,5276.10450106591,4175.2627236515145,4399.522797024125,5087.232487665767,4865.0281564243005,4087.8807891912484,4988.875723619845,5562.7817923226785,5283.328031637599,5039.719617875719,5094.321845372462,5373.727089453853,5014.781021497658,4799.089381885679
1610555638.39J2ZWBLuLTHP0jOlzB4tNHmYeijH5g5YJ,3966.339914533136,4847.345670769585,4254.296542026708,4689.600162715044,3810.4958728325246,4467.636707277344,4454.026349569249,4235.87172216511,4106.267252508996,4626.506630289147,4949.160193088899,5151.231312085955,5046.429271292014,4426.892174346878,5165.144974284111,4854.662218459237,5134.007789164155,5269.315313199457,4319.321642234244,4626.429468411011,5175.233762544298,5401.5077706658285,3672.1430995830815,4282.433466047167,4692.121183120702,4586.943290817629,0.0,4861.271546455926,4790.231697592802,4453.452620804014,4631.471569898047,4454.28121302576,4936.262826336865,5023.359226290078,4726.321412014767,4815.51999454982,4499.848287576185,4953.390192532909,5017.183663140649,4833.184985847563,4698.709588663389,5053.0095439328425,4567.848937694409,4836.99640681508,5052.1943045153075,5037.05107978793,4953.046869208385,4219.373825417339,4671.607732241107,4670.385942478822,4742.403025073881,4391.257110459987,5274.240444812588,5301.734378331016,4663.536959449747,4331.653460380357,4643.116011859372,4977.889117043681,4754.370943879589,4429.758892664962,5116.54772640696,5474.952518780146,4799.9562023119,5087.115188355989,4519.689485781389,5268.805875931756,4556.440329583794,5024.283576935758
1610556032.17Q6yCDx9g7alRnL9jBFXD2JhhUyB2hKfJ,4848.88538816538,4614.165643511328,4967.166948574969,4209.072645126221,4734.303169983502,4655.38700955882,4871.906153472183,4970.138268647616,4775.54825086568,4932.112872298696,4559.714865988571,3683.5628846455575,5220.169139422376,5082.148772560347,5182.256317651173,4698.438615602651,4875.751061425674,4869.903265329059,4582.816022600782,4491.652181797962,3827.3667499984617,4813.7946540027315,4695.2258081100135,5011.565272682957,4530.070539890207,4847.183913964277,4861.271546455926,0.0,4378.386813154802,4885.000860603598,5241.854641812835,4948.24939960145,5157.232640210965,4460.900565534742,4253.203404882281,4266.008614426658,4708.25696894741,4656.765925771739,4651.013445503553,4779.504400384156,4421.797560147791,4047.5755340782607,4397.115290516362,3723.0631217740083,4781.672564103034,4554.426127643572,4928.202666516669,4637.704302503105,4985.988814367567,4868.102197879087,3454.1066547278306,4936.562153548717,5153.517444937093,4935.536933450963,5006.101426670423,4647.783497691567,4414.7079399667455,4195.564163232244,3920.270332692313,4561.482966393646,4470.04101001767,5259.949041496136,4767.13769488768,4853.2002773753675,4595.28302835483,4965.596764505209,4634.634985935118,4221.672677394156
1610557007.49MyVgDnuUuBxrvL6SGOdhKf69VYlW1MSm,4889.21646808939,4643.9531423081935,5049.701358013463,4460.374022499293,4733.3178422484025,4645.5421993774735,4958.767907431868,5024.593910841304,4916.402850593986,4784.814239631181,4599.731006279368,4605.15309354489,5121.170511190608,5169.3206314165645,4991.115767201221,4671.343641573048,4877.417203544178,5082.335933056012,4701.8105384655155,4703.296580282973,4683.119176153731,5168.703871611859,4629.642597523241,5063.32444778001,4543.718504788531,4835.105877272326,4790.231697592802,4378.386813154802,0.0,4910.948611362303,5059.563118805943,4953.309196284977,5007.436226552191,4765.608827308307,4350.855737110552,4277.21793068684,4638.833228579702,4525.603971445747,4518.300821088801,4862.779055021864,4418.413384187065,4625.625955630665,4467.433342049762,4228.35645788841,4566.894726784527,4581.34758841846,5110.494749859131,4598.563952416344,4936.868045665855,4975.078674465966,4358.913342537612,4946.076908134374,5325.400061501384,4904.142749015926,5058.871842424913,4591.706456564208,4467.833780825484,4806.949700150116,4659.968740103114,4649.168877529899,4887.309651588858,5250.589207855045,4646.154354490321,5188.20049706693,4581.23164903729,4968.992113780072,4736.89312434851,4738.534011308415
