,square,rectangle,parallelogram,losange,isoTrapezoid,kite,rightKite,rustedHinge,hinge,trapezoid,random
square,0.0,300.1240651027721,388.3373834590966,464.45258047004495,245.6194273068084,211.07160073915517,177.95725369949582,327.71165158240075,313.2479820715004,263.9118316796048,374.5413941907849
rectangle,300.1240651027721,0.0,236.28298831961536,363.3333181158623,406.7545726184812,332.9474918194366,325.174145960962,270.4913082424452,211.34637136091828,339.4976901733782,444.75798344691117
parallelogram,388.3373834590966,236.28298831961536,0.0,229.7281014261267,447.9153668766887,416.3861089911372,383.05367578831107,317.5324410442453,264.5150567018672,324.47218828944415,415.42662705219317
losange,464.45258047004495,363.3333181158623,229.7281014261267,0.0,472.8486929377872,479.25447480092487,447.8959193993796,360.9536447955193,337.30779486758973,340.0678948249384,356.1234695742064
isoTrapezoid,245.6194273068084,406.7545726184812,447.9153668766887,472.8486929377872,0.0,243.1310498361003,226.8456675717103,412.98965364914136,410.55387975272254,266.2313293439373,319.31013583548383
kite,211.07160073915517,332.9474918194366,416.3861089911372,479.25447480092487,243.1310498361003,0.0,176.6817047895451,390.9373584570797,382.369414368258,341.19791135797266,417.9711765825836
rightKite,177.95725369949582,325.174145960962,383.05367578831107,447.8959193993796,226.8456675717103,176.6817047895451,0.0,372.1824152595325,360.0903216169089,253.15805287076924,377.6370575899426
rustedHinge,327.71165158240075,270.4913082424452,317.5324410442453,360.9536447955193,412.98965364914136,390.9373584570797,372.1824152595325,0.0,107.93436105688438,348.4807160524143,390.72442228360103
hinge,313.2479820715004,211.34637136091828,264.5150567018672,337.30779486758973,410.55387975272254,382.369414368258,360.0903216169089,107.93436105688438,0.0,328.10668811484817,390.63502933674425
trapezoid,263.9118316796048,339.4976901733782,324.47218828944415,340.0678948249384,266.2313293439373,341.19791135797266,253.15805287076924,348.4807160524143,328.10668811484817,0.0,235.07782614896732
random,374.5413941907849,444.75798344691117,415.42662705219317,356.1234695742064,319.31013583548383,417.9711765825836,377.6370575899426,390.72442228360103,390.63502933674425,235.07782614896732,0.0
