,square,rectangle,parallelogram,losange,isoTrapezoid,kite,rightKite,rustedHinge,hinge,trapezoid,random
square,0.0,433.60456017269263,593.094162704676,783.8437156890272,453.56667900040236,442.04299363166234,304.82414190953534,494.87024205676613,463.65298872045224,441.17692660590785,683.319639169901
rectangle,433.60456017269263,0.0,439.8811501886453,732.0406806521329,669.0771302767475,576.1263341017948,506.9118114985914,496.718307320989,400.70470009932706,580.1817436295681,846.3335686338265
parallelogram,593.094162704676,439.8811501886453,0.0,418.5207706694994,769.870582469951,778.2764399634559,641.1158505989347,494.913461968962,407.72509154381237,475.19811811840174,702.0584871586194
losange,783.8437156890272,732.0406806521329,418.5207706694994,0.0,852.8877429604776,922.0961476093515,800.2889058602254,624.2449300471229,603.776051197918,548.7617125763956,569.7237972587817
isoTrapezoid,453.56667900040236,669.0771302767475,769.870582469951,852.8877429604776,0.0,412.5527819279532,379.32145981667867,715.7061268359839,708.4831620854245,505.72848049133046,615.6821917067119
kite,442.04299363166234,576.1263341017948,778.2764399634559,922.0961476093515,412.5527819279532,0.0,332.9389395444704,722.9461780967104,714.945143374845,679.3714789754013,829.5736002289083
rightKite,304.82414190953534,506.9118114985914,641.1158505989347,800.2889058602254,379.32145981667867,332.9389395444704,0.0,625.641394499399,599.3134191340093,468.5572515849107,707.2166558869835
rustedHinge,494.87024205676613,496.718307320989,494.913461968962,624.2449300471229,715.7061268359839,722.9461780967104,625.641394499399,0.0,172.59044850631292,535.4192173805174,665.2834761453445
hinge,463.65298872045224,400.70470009932706,407.72509154381237,603.776051197918,708.4831620854245,714.945143374845,599.3134191340093,172.59044850631292,0.0,494.7033542366435,680.3182195896229
trapezoid,441.17692660590785,580.1817436295681,475.19811811840174,548.7617125763956,505.72848049133046,679.3714789754013,468.5572515849107,535.4192173805174,494.7033542366435,0.0,420.54297944249697
random,683.319639169901,846.3335686338265,702.0584871586194,569.7237972587817,615.6821917067119,829.5736002289083,707.2166558869835,665.2834761453445,680.3182195896229,420.54297944249697,0.0
