,square,rectangle,parallelogram,losange,isoTrapezoid,kite,rightKite,rustedHinge,hinge,trapezoid,random
square,0.0,237.7542062539202,298.0344372348377,355.69417923025946,180.26704353689817,150.5135378069105,124.56318384589339,249.4040813499734,242.4805397563598,196.1160311257523,280.2555645910825
rectangle,237.7542062539202,0.0,171.53843318476433,264.39929333395344,311.8840179023612,254.2468075056729,249.57836689804236,196.4390167046438,152.84791282779122,257.07297458814156,331.33729212687757
parallelogram,298.0344372348377,171.53843318476433,0.0,175.5735776022478,339.21833600740473,310.67576706223946,290.5781315453102,231.9201495672366,192.32373266272072,251.86907656170882,316.1254748495594
losange,355.69417923025946,264.39929333395344,175.5735776022478,0.0,357.43609899234536,357.7192530529744,341.120390931558,260.0584333474229,243.4476069698853,265.5375038645041,270.2355029503323
isoTrapezoid,180.26704353689817,311.8840179023612,339.21833600740473,357.43609899234536,0.0,184.08584302605024,170.15459910450713,308.1047845467405,309.487791162119,198.65445919053846,241.35861609868437
kite,150.5135378069105,254.2468075056729,310.67576706223946,357.7192530529744,184.08584302605024,0.0,128.51317888076483,290.505238125932,285.94491788250514,250.49892341123373,309.37421897141314
rightKite,124.56318384589339,249.57836689804236,290.5781315453102,341.120390931558,170.15459910450713,128.51317888076483,0.0,276.9362689995946,270.28590548604814,189.45936822971433,285.20322320404983
rustedHinge,249.4040813499734,196.4390167046438,231.9201495672366,260.0584333474229,308.1047845467405,290.505238125932,276.9362689995946,0.0,78.08655653552172,257.26867533110124,287.7544195234782
hinge,242.4805397563598,152.84791282779122,192.32373266272072,243.4476069698853,309.487791162119,285.94491788250514,270.28590548604814,78.08655653552172,0.0,245.37284655442457,290.52507377585675
trapezoid,196.1160311257523,257.07297458814156,251.86907656170882,265.5375038645041,198.65445919053846,250.49892341123373,189.45936822971433,257.26867533110124,245.37284655442457,0.0,182.55566825462904
random,280.2555645910825,331.33729212687757,316.1254748495594,270.2355029503323,241.35861609868437,309.37421897141314,285.20322320404983,287.7544195234782,290.52507377585675,182.55566825462904,0.0
