,square,rectangle,parallelogram,losange,isoTrapezoid,kite,rightKite,rustedHinge,hinge,trapezoid,random
square,0.0,208.53946681796617,259.16524863675016,306.0043474947418,153.28138892555899,126.45079082389398,102.02700945337948,212.76579741060192,209.78541974648002,166.51102845760147,240.6177589914716
rectangle,208.53946681796617,0.0,140.23831389863042,221.65986321770714,274.3632966121658,221.2890472588415,217.06422851008054,165.30018009360205,129.19352036392,221.23834816780868,287.4989947510771
parallelogram,259.16524863675016,140.23831389863042,0.0,146.8874134150065,297.81840460556253,268.7867041340738,253.26677031437833,192.31836565393698,158.98535988688076,221.14997927703348,275.60348009941515
losange,306.0043474947418,221.65986321770714,146.8874134150065,0.0,310.72383080250785,308.02266443565924,295.2333607579143,217.115397215999,202.13771082208137,230.82628577635026,233.5758262669748
isoTrapezoid,153.28138892555899,274.3632966121658,297.81840460556253,310.72383080250785,0.0,158.83683948325495,146.58643040019734,264.35004423693056,268.98325446539343,170.64520902932242,209.8377544422264
kite,126.45079082389398,221.2890472588415,268.7867041340738,308.02266443565924,158.83683948325495,0.0,106.93449016443135,249.9742250534455,247.3561085861177,212.23541194562046,265.89795060733127
rightKite,102.02700945337948,217.06422851008054,253.26677031437833,295.2333607579143,146.58643040019734,106.93449016443135,0.0,236.29962039712683,232.70764838490783,162.84395312085493,247.46164728273072
rustedHinge,212.76579741060192,165.30018009360205,192.31836565393698,217.115397215999,264.35004423693056,249.9742250534455,236.29962039712683,0.0,64.19081750796664,215.66960571749786,246.16057407913775
hinge,209.78541974648002,129.19352036392,158.98535988688076,202.13771082208137,268.98325446539343,247.3561085861177,232.70764838490783,64.19081750796664,0.0,207.58380004842712,249.92681388392654
trapezoid,166.51102845760147,221.23834816780868,221.14997927703348,230.82628577635026,170.64520902932242,212.23541194562046,162.84395312085493,215.66960571749786,207.58380004842712,0.0,160.24651236425487
random,240.6177589914716,287.4989947510771,275.60348009941515,233.5758262669748,209.8377544422264,265.89795060733127,247.46164728273072,246.16057407913775,249.92681388392654,160.24651236425487,0.0
