,square,rectangle,parallelogram,losange,isoTrapezoid,kite,rightKite,rustedHinge,hinge,trapezoid,random
square,0.0,734.8176146684001,966.946245166924,1212.7007127098711,732.1755881740805,671.3449880992254,571.5238303427116,862.7799898168435,824.8014219937605,765.468625424287,1103.8527095803097
rectangle,734.8176146684001,0.0,660.8388646906291,1063.2943060565399,1053.9502844666627,889.8284347531539,862.2497338940055,777.110075289222,646.4659212246153,944.5344715249045,1272.1495416041857
parallelogram,966.946245166924,660.8388646906291,0.0,635.369578623185,1130.3980508160823,1099.5648802793403,972.1449067401343,836.9042719367135,731.7375886242296,801.1998279111031,1097.4272017759608
losange,1212.7007127098711,1063.2943060565399,635.369578623185,0.0,1201.8145639924899,1285.4534927698996,1158.0250045598318,1006.3674947560961,979.2766604034837,843.9132796741051,903.8302685835347
isoTrapezoid,732.1755881740805,1053.9502844666627,1130.3980508160823,1201.8145639924899,0.0,686.5324987607445,619.4201754256591,1073.9663236243343,1075.1178735790331,722.3216525491016,904.5115135697008
kite,671.3449880992254,889.8284347531539,1099.5648802793403,1285.4534927698996,686.5324987607445,0.0,495.66454464328564,1031.0284727786448,1018.4277460348987,986.8707834101432,1215.2853905459892
rightKite,571.5238303427116,862.2497338940055,972.1449067401343,1158.0250045598318,619.4201754256591,495.66454464328564,0.0,958.2202070448536,931.4609625338265,713.2240499810868,1062.2674141018301
rustedHinge,862.7799898168435,777.110075289222,836.9042719367135,1006.3674947560961,1073.9663236243343,1031.0284727786448,958.2202070448536,0.0,299.6758586820285,932.8786791033176,1081.2632060419762
hinge,824.8014219937605,646.4659212246153,731.7375886242296,979.2766604034837,1075.1178735790331,1018.4277460348987,931.4609625338265,299.6758586820285,0.0,890.5093823281939,1093.991538695265
trapezoid,765.468625424287,944.5344715249045,801.1998279111031,843.9132796741051,722.3216525491016,986.8707834101432,713.2240499810868,932.8786791033176,890.5093823281939,0.0,650.3617834533823
random,1103.8527095803097,1272.1495416041857,1097.4272017759608,903.8302685835347,904.5115135697008,1215.2853905459892,1062.2674141018301,1081.2632060419762,1093.991538695265,650.3617834533823,0.0
