,square,rectangle,parallelogram,losange,isoTrapezoid,kite,rightKite,rustedHinge,hinge,trapezoid,random
square,0.0,411.8201051056837,563.2303428368197,745.1647560528954,429.87440386440215,420.65259427012677,284.0151312410296,468.5764732349798,439.31234037227273,415.2806792615813,646.350478016361
rectangle,411.8201051056837,0.0,417.70045484140303,695.7028675662953,633.5981289362086,547.2607336438771,477.4664055138111,470.8745417095887,379.9771250073945,548.1563688380701,801.9652407227198
parallelogram,563.2303428368197,417.70045484140303,0.0,397.67728463601037,732.589262138203,741.9067987891785,609.404247581567,464.5025899544577,382.06958564530044,449.561771901384,665.3375252691008
losange,745.1647560528954,695.7028675662953,397.67728463601037,0.0,812.4998891660514,878.488259218957,761.9919168224006,587.3550474681005,569.2085843297941,521.8417348323638,539.4230928245918
isoTrapezoid,429.87440386440215,633.5981289362086,732.589262138203,812.4998891660514,0.0,389.0329516514487,357.8016558094427,679.9472370461385,673.335164156184,481.5904260027666,586.284941243131
kite,420.65259427012677,547.2607336438771,741.9067987891785,878.488259218957,389.0329516514487,0.0,315.7491820264063,688.3828340795388,681.4453837762086,645.8712225430007,787.8854724796178
rightKite,284.0151312410296,477.4664055138111,609.404247581567,761.9919168224006,357.8016558094427,315.7491820264063,0.0,591.5098911102564,566.7865453908378,445.06971201865827,671.2771660440344
rustedHinge,468.5764732349798,470.8745417095887,464.5025899544577,587.3550474681005,679.9472370461385,688.3828340795388,591.5098911102564,0.0,162.83093631573098,501.7247040997246,626.8807349365711
hinge,439.31234037227273,379.9771250073945,382.06958564530044,569.2085843297941,673.335164156184,681.4453837762086,566.7865453908378,162.83093631573098,0.0,463.25845147260986,642.2595621995445
trapezoid,415.2806792615813,548.1563688380701,449.561771901384,521.8417348323638,481.5904260027666,645.8712225430007,445.06971201865827,501.7247040997246,463.25845147260986,0.0,399.33162771730304
random,646.350478016361,801.9652407227198,665.3375252691008,539.4230928245918,586.284941243131,787.8854724796178,671.2771660440344,626.8807349365711,642.2595621995445,399.33162771730304,0.0
