,square,rectangle,parallelogram,losange,isoTrapezoid,kite,rightKite,rustedHinge,hinge,trapezoid,random
square,0.0,551.3917106771435,765.3376234272941,989.1058344735566,577.8811605523575,554.2621752455425,451.6228627029686,666.2330970671793,631.339597139657,595.1569631364636,869.9984635380459
rectangle,551.3917106771435,0.0,548.9623855914233,890.9881635513359,843.5099093586973,716.7080583183272,671.7406958419346,637.7793126447444,529.1747764648063,740.0158306138983,1034.8884465186961
parallelogram,765.3376234272941,548.9623855914233,0.0,510.78398260104217,942.4018234730178,931.3166564437629,797.0037748880376,669.7507110223007,572.139941948085,619.708043022588,876.7669969467672
losange,989.1058344735566,890.9881635513359,510.78398260104217,0.0,1033.146765939966,1099.5066521833448,972.1430507802231,811.9976080182572,782.3858450476052,687.4826347888662,732.443408156156
isoTrapezoid,577.8811605523575,843.5099093586973,942.4018234730178,1033.146765939966,0.0,534.8790124811617,485.7176323177712,889.2523542394455,884.1178192970841,604.6028270551465,744.6669159024273
kite,554.2621752455425,716.7080583183272,931.3166564437629,1099.5066521833448,534.8790124811617,0.0,405.9213467412349,876.6540326935103,860.5049983030393,813.9092015498303,989.2535085769545
rightKite,451.6228627029686,671.7406958419346,797.0037748880376,972.1430507802231,485.7176323177712,405.9213467412349,0.0,789.4078563972089,758.7854900875851,575.5743903256421,852.5885805598698
rustedHinge,666.2330970671793,637.7793126447444,669.7507110223007,811.9976080182572,889.2523542394455,876.6540326935103,789.4078563972089,0.0,231.89953446752236,717.2552080447177,839.4039195515068
hinge,631.339597139657,529.1747764648063,572.139941948085,782.3858450476052,884.1178192970841,860.5049983030393,758.7854900875851,231.89953446752236,0.0,675.3800196286578,849.9579026569132
trapezoid,595.1569631364636,740.0158306138983,619.708043022588,687.4826347888662,604.6028270551465,813.9092015498303,575.5743903256421,717.2552080447177,675.3800196286578,0.0,517.4281714560772
random,869.9984635380459,1034.8884465186961,876.7669969467672,732.443408156156,744.6669159024273,989.2535085769545,852.5885805598698,839.4039195515068,849.9579026569132,517.4281714560772,0.0
