,square,rectangle,parallelogram,losange,isoTrapezoid,kite,rightKite,rustedHinge,hinge,trapezoid,random
square,0.0,286.49647645005086,366.30126785475414,436.6162610950238,228.46051538763552,192.5581065226933,163.17846364399563,308.4797014905292,296.4494973758889,246.68537305366652,349.35785719637215
rectangle,286.49647645005086,0.0,217.40826781739466,333.87815928064873,384.67480593949017,313.3132659305125,307.3216934269629,248.88529486571974,193.92527230394046,318.10667575559944,413.8966599524011
parallelogram,366.30126785475414,217.40826781739466,0.0,214.7400161203725,420.1253279855217,386.7486740054395,359.63063437035595,295.2655914798343,246.02776002365567,307.7056091201408,391.1521953135122
losange,436.6162610950238,333.87815928064873,214.7400161203725,0.0,441.61005309994823,444.6532593436835,419.73059350728494,334.20016438492115,312.4594473995371,320.88453689221404,335.3775853921327
isoTrapezoid,228.46051538763552,384.67480593949017,420.1253279855217,441.61005309994823,0.0,228.4077954074087,212.54061380238406,385.85067530361755,385.0170043775531,246.77296827849145,296.50669776746935
kite,192.5581065226933,313.3132659305125,386.7486740054395,444.6532593436835,228.4077954074087,0.0,162.78259051347746,362.9074450588163,355.54739568627974,314.3716835796493,386.1360599783201
rightKite,163.17846364399563,307.3216934269629,359.63063437035595,419.73059350728494,212.54061380238406,162.78259051347746,0.0,347.5552122890732,337.28835524074555,235.4623515466644,352.0085767932642
rustedHinge,308.4797014905292,248.88529486571974,295.2655914798343,334.20016438492115,385.85067530361755,362.9074450588163,347.5552122890732,0.0,100.02039508771333,325.6227257034498,364.51024977146585
hinge,296.4494973758889,193.92527230394046,246.02776002365567,312.4594473995371,385.0170043775531,355.54739568627974,337.28835524074555,100.02039508771333,0.0,308.16531426620753,365.6374922926326
trapezoid,246.68537305366652,318.10667575559944,307.7056091201408,320.88453689221404,246.77296827849145,314.3716835796493,235.4623515466644,325.6227257034498,308.16531426620753,0.0,221.1291297849431
random,349.35785719637215,413.8966599524011,391.1521953135122,335.3775853921327,296.50669776746935,386.1360599783201,352.0085767932642,364.51024977146585,365.6374922926326,221.1291297849431,0.0
