,square,rectangle,parallelogram,losange,isoTrapezoid,kite,rightKite,rustedHinge,hinge,trapezoid,random
square,0.0,661.1716074198849,893.9758382465611,1142.5959513018568,684.7075188258019,637.3242708565656,547.2426691127564,805.9082061036099,770.4049756524291,714.7954699378944,1033.1930911529498
rectangle,661.1716074198849,0.0,636.7471867950053,1027.8052188810443,989.8844966599152,836.2223961114703,809.3397208013263,751.9964177169502,631.4702303609944,880.1001637277254,1202.3770819717595
parallelogram,893.9758382465611,636.7471867950053,0.0,597.9585677753731,1067.4113761196693,1045.5482504289355,919.3774645887787,788.7655817723856,689.510616573859,734.1573760943872,1023.8408802024916
losange,1142.5959513018568,1027.8052188810443,597.9585677753731,0.0,1153.641175027426,1231.7065253775365,1107.1089080009715,951.1026915971773,928.6860073063754,790.3340280459283,854.7918109359931
isoTrapezoid,684.7075188258019,989.8844966599152,1067.4113761196693,1153.641175027426,0.0,636.1906545063437,571.817251158612,1020.5206251014253,1020.5685328247122,681.6291144818232,856.5591407573916
kite,637.3242708565656,836.2223961114703,1045.5482504289355,1231.7065253775365,636.1906545063437,0.0,465.1122160194363,991.1912207426323,975.4833551494175,926.7128307945037,1138.4255686228535
rightKite,547.2426691127564,809.3397208013263,919.3774645887787,1107.1089080009715,571.817251158612,465.1122160194363,0.0,912.152133692413,883.7708874309154,670.9188042220343,995.5482270218362
rustedHinge,805.9082061036099,751.9964177169502,788.7655817723856,951.1026915971773,1020.5206251014253,991.1912207426323,912.152133692413,0.0,282.0054239541826,856.4223456549207,992.8014493646726
hinge,770.4049756524291,631.4702303609944,689.510616573859,928.6860073063754,1020.5685328247122,975.4833551494175,883.7708874309154,282.0054239541826,0.0,817.2079046767659,1007.6121569133435
trapezoid,714.7954699378944,880.1001637277254,734.1573760943872,790.3340280459283,681.6291144818232,926.7128307945037,670.9188042220343,856.4223456549207,817.2079046767659,0.0,607.0352368343388
random,1033.1930911529498,1202.3770819717595,1023.8408802024916,854.7918109359931,856.5591407573916,1138.4255686228535,995.5482270218362,992.8014493646726,1007.6121569133435,607.0352368343388,0.0
