,square,rectangle,parallelogram,losange,isoTrapezoid,kite,rightKite,rustedHinge,hinge,trapezoid,random
square,0.0,485.5915142505485,666.9315481180472,872.2636033454249,510.81976018472324,491.0687767469876,370.16438338439434,569.0660561871754,535.059512651207,509.00701432624174,765.4364108504308
rectangle,485.5915142505485,0.0,490.35573035175753,805.7060175203541,748.4583151725587,639.5025391631484,581.1432482651971,561.4200797171279,458.20348108071335,653.5466825772802,932.3033493980773
parallelogram,666.9315481180472,490.35573035175753,0.0,460.69852230725934,846.6068489309168,845.6978221507758,708.2741020136551,573.2822462534301,479.28114456746795,540.1839552918439,779.5615800044694
losange,872.2636033454249,805.7060175203541,460.69852230725934,0.0,931.6596438876066,999.9308993801471,873.9565336958918,706.1644754852673,680.2477297540928,609.82519691159,639.8034060697823
isoTrapezoid,510.81976018472324,748.4583151725587,846.6068489309168,931.6596438876066,0.0,465.0800890164111,426.661562548496,790.5063203934745,782.7806219592801,549.9051940782787,670.259442831307
kite,491.0687767469876,639.5025391631484,845.6978221507758,999.9308993801471,465.0800890164111,0.0,365.13594809188027,788.4858851690785,776.3150584278526,738.3584107828063,899.4397141457406
rightKite,370.16438338439434,581.1432482651971,708.2741020136551,873.9565336958918,426.661562548496,365.13594809188027,0.0,695.2835529427181,665.6579406894721,513.6611204531331,769.9859921378434
rustedHinge,569.0660561871754,561.4200797171279,573.2822462534301,706.1644754852673,790.5063203934745,788.4858851690785,695.2835529427181,0.0,197.476817961285,615.4949345414346,741.3549948742668
hinge,535.059512651207,458.20348108071335,479.28114456746795,680.2477297540928,782.7806219592801,776.3150584278526,665.6579406894721,197.476817961285,0.0,572.7243463691591,753.9514723833612
trapezoid,509.00701432624174,653.5466825772802,540.1839552918439,609.82519691159,549.9051940782787,738.3584107828063,513.6611204531331,615.4949345414346,572.7243463691591,0.0,463.35204347870837
random,765.4364108504308,932.3033493980773,779.5615800044694,639.8034060697823,670.259442831307,899.4397141457406,769.9859921378434,741.3549948742668,753.9514723833612,463.35204347870837,0.0
