,square,rectangle,parallelogram,losange,isoTrapezoid,kite,rightKite,rustedHinge,hinge,trapezoid,random
square,0.0,500.8209397146533,691.5300912174204,902.8024191808299,530.5155058384929,509.0088039076791,394.82544945425883,592.7082663677588,557.9356111023882,535.0924836023486,795.4113234914188
rectangle,500.8209397146533,0.0,506.52780831271104,829.6567479274092,773.6300517747115,661.2212857479298,606.1179754107146,580.0601218922474,475.60480799210995,678.0849231334797,961.5353092332433
parallelogram,691.5300912174204,506.52780831271104,0.0,473.61816821293723,871.6886083186308,869.1550897292085,732.0890793248237,598.1232570512793,503.1062879605095,560.9634845030122,806.345949895464
losange,902.8024191808299,829.6567479274092,473.61816821293723,0.0,958.3234915861474,1026.9146420114685,899.8724263203884,734.9853339637147,707.7165526885542,628.7672444029753,664.2641873043572
isoTrapezoid,530.5155058384929,773.6300517747115,871.6886083186308,958.3234915861474,0.0,481.2505200430142,440.63328887073993,816.6789537728108,809.3433392027434,565.1465951683446,691.3680809628445
kite,509.0088039076791,661.2212857479298,869.1550897292085,1026.9146420114685,481.2505200430142,0.0,375.454524565522,811.4109395247594,798.8857630949158,758.4410928230366,923.8950662177101
rightKite,394.82544945425883,606.1179754107146,732.0890793248237,899.8724263203884,440.63328887073993,375.454524565522,0.0,719.7675119104719,690.5517845329931,529.4576787725744,792.209321074737
rustedHinge,592.7082663677588,580.0601218922474,598.1232570512793,734.9853339637147,816.6789537728108,811.4109395247594,719.7675119104719,0.0,205.13827582298097,642.1351164174988,768.6700510345624
hinge,557.9356111023882,475.60480799210995,503.1062879605095,707.7165526885542,809.3433392027434,798.8857630949158,690.5517845329931,205.13827582298097,0.0,599.658078808371,780.3805471526051
trapezoid,535.0924836023486,678.0849231334797,560.9634845030122,628.7672444029753,565.1465951683446,758.4410928230366,529.4576787725744,642.1351164174988,599.658078808371,0.0,477.8081933700616
random,795.4113234914188,961.5353092332433,806.345949895464,664.2641873043572,691.3680809628445,923.8950662177101,792.209321074737,768.6700510345624,780.3805471526051,477.8081933700616,0.0
