,square,rectangle,parallelogram,losange,isoTrapezoid,kite,rightKite,rustedHinge,hinge,trapezoid,random
square,0.0,214.19041054830407,266.08215433484963,316.66390100344114,160.2527470033093,132.59934903408544,108.38248964427119,221.88729063300343,217.14365356553623,172.88243863533427,248.44065512654902
rectangle,214.19041054830407,0.0,150.01052451041957,232.48324787594944,280.69583816089374,228.1833657210886,223.57366804360348,172.9519226465632,135.02696342764364,229.1250922995439,294.6326962852238
parallelogram,266.08215433484963,150.01052451041957,0.0,158.16959817917368,304.53884229956566,277.8585173722772,259.6687620420142,204.5805217062801,169.41135951578502,227.37059801947052,283.5975721459281
losange,316.66390100344114,232.48324787594944,158.16959817917368,0.0,319.56075021904826,319.00360818746356,304.96254094030564,228.20352105424257,212.98079528979986,239.4736135655156,242.2094063613449
isoTrapezoid,160.2527470033093,280.69583816089374,304.53884229956566,319.56075021904826,0.0,164.75945019490905,153.77391290577805,275.26781259239596,277.8043362950651,177.50849554671083,217.16452025757712
kite,132.59934903408544,228.1833657210886,277.8585173722772,319.00360818746356,164.75945019490905,0.0,113.25847682416415,259.1070867165653,255.73191729850842,221.55750351133574,275.08235373738154
rightKite,108.38248964427119,223.57366804360348,259.6687620420142,304.96254094030564,153.77391290577805,113.25847682416415,0.0,246.06198689533974,241.11344463464783,168.92567881206932,255.7654431828442
rustedHinge,221.88729063300343,172.9519226465632,204.5805217062801,228.20352105424257,275.26781259239596,259.1070867165653,246.06198689533974,0.0,68.0858594972888,227.9956918545615,255.67256246171826
hinge,217.14365356553623,135.02696342764364,169.41135951578502,212.98079528979986,277.8043362950651,255.73191729850842,241.11344463464783,68.0858594972888,0.0,218.323976668201,258.57440236173437
trapezoid,172.88243863533427,229.1250922995439,227.37059801947052,239.4736135655156,177.50849554671083,221.55750351133574,168.92567881206932,227.9956918545615,218.323976668201,0.0,166.61772405208282
random,248.44065512654902,294.6326962852238,283.5975721459281,242.2094063613449,217.16452025757712,275.08235373738154,255.7654431828442,255.67256246171826,258.57440236173437,166.61772405208282,0.0
