,square,rectangle,parallelogram,losange,isoTrapezoid,kite,rightKite,rustedHinge,hinge,trapezoid,random
square,31.573667478122434,35.09376156852826,36.664689539186746,38.23073568010028,34.0159302554278,33.43281577032501,32.98982959340022,35.47352632902307,35.26605191090164,34.23226837259784,36.20273860707596
rectangle,35.09376156852826,31.73269991479523,34.212273375048426,36.01047654709281,37.19699666792858,35.64700813380123,35.4622659755295,34.32815041516237,33.52257589194155,35.70644737901187,37.511720077034504
parallelogram,36.664689539186746,34.21227337504843,32.40204478110837,34.575112447084514,37.920492373420814,37.19582989442514,36.607730307276235,35.44260467811577,34.65137270200527,35.95762264915951,37.443068937802025
losange,38.23073568010028,36.01047654709281,34.575112447084514,32.62126583205462,38.46490225705925,38.4032830900331,38.01273083809036,36.11612166191485,35.73599271548765,36.35768963742883,36.457793016601435
isoTrapezoid,34.0159302554278,37.19699666792858,37.92049237342081,38.46490225705925,31.97292387347464,34.30153786869521,34.01891848744108,37.15862469567674,37.15757352604336,34.66381263770281,35.793424674813046
kite,33.43281577032501,35.64700813380123,37.195829894425145,38.4032830900331,34.30153786869522,31.90666455787611,33.17105391970772,36.55010857676127,36.39244030122101,35.51014371837951,37.005790306821794
rightKite,32.98982959340023,35.4622659755295,36.607730307276235,38.01273083809036,34.01891848744108,33.17105391970772,31.767606170402214,36.132982941605235,35.92159315091346,34.33539022481143,36.543072962480764
rustedHinge,35.47352632902308,34.32815041516237,35.44260467811577,36.116121661914846,37.15862469567674,36.55010857676127,36.132982941605235,32.272010983583584,32.853442172831684,35.91235226112425,36.72957671105674
hinge,35.266051910901645,33.52257589194156,34.65137270200527,35.73599271548764,37.15757352604336,36.39244030122101,35.92159315091346,32.853442172831684,32.03173694787268,35.61515258502496,36.72749517309582
trapezoid,34.23226837259784,35.70644737901187,35.95762264915952,36.35768963742883,34.66381263770281,35.51014371837951,34.33539022481143,35.91235226112425,35.61515258502495,32.08757178890108,34.59439280565115
random,36.20273860707596,37.511720077034504,37.443068937802025,36.45779301660144,35.793424674813046,37.005790306821794,36.543072962480764,36.72957671105674,36.72749517309582,34.594392805651154,32.505386906150136
