,square,rectangle,parallelogram,losange,isoTrapezoid,kite,rightKite,rustedHinge,hinge,trapezoid,random
square,83.82234468476018,95.89460695739237,163.74701148504252,196.8453637087584,180.49545610737005,161.4276463914555,165.7360785707667,192.48291873931265,178.9349492974772,180.69555151554377,201.71896466667636
rectangle,95.89460695739236,84.3640675436484,162.8628625164923,198.24174979201936,188.3971210521697,168.11613312798613,172.7612501723046,195.2399605265142,180.80976642440382,186.3933051837871,206.9266476589696
parallelogram,163.74701148504252,162.8628625164923,126.48273629096919,158.274508705803,184.26968156545306,174.26412451990007,177.61108132460157,196.4003233582154,185.8777792524939,169.84404424190296,190.8029174378131
losange,196.8453637087584,198.24174979201936,158.274508705803,137.4779279889746,192.6635076860941,190.8135417031174,187.10648259510646,196.01583184379652,190.3622998325273,176.08965286645548,184.40145342810325
isoTrapezoid,180.49545610737002,188.3971210521697,184.26968156545306,192.66350768609408,118.2620073936441,154.16747117603566,144.85141313443634,184.63823339179697,177.5432355823396,163.13348452950817,165.34356819942573
kite,161.4276463914555,168.11613312798613,174.26412451990007,190.81354170311738,154.16747117603566,118.98738597283445,132.0468600566882,181.80423504284622,170.87003120935114,168.508773740322,178.8456627055711
rightKite,165.7360785707667,172.7612501723046,177.61108132460157,187.10648259510646,144.85141313443634,132.0468600566882,109.02689069626196,165.40288612118889,156.55246416895304,163.8557088106308,165.5637753767527
rustedHinge,192.48291873931265,195.2399605265142,196.4003233582154,196.0158318437965,184.63823339179697,181.80423504284622,165.40288612118889,126.13653188111924,133.04638233700584,192.77951578764285,180.9023345423518
hinge,178.93494929747717,180.80976642440385,185.87777925249387,190.36229983252727,177.5432355823396,170.87003120935114,156.55246416895304,133.04638233700584,117.04205284336933,184.4060141727079,175.37647115457776
trapezoid,180.69555151554377,186.3933051837871,169.84404424190296,176.08965286645548,163.13348452950817,168.508773740322,163.85570881063077,192.77951578764285,184.4060141727079,133.53264667977908,161.13353100751576
random,201.71896466667636,206.9266476589696,190.8029174378131,184.40145342810325,165.34356819942576,178.8456627055711,165.5637753767527,180.90233454235178,175.37647115457776,161.13353100751573,129.3978237955157
