,1610555604.25mOvVXuL01OCiReyVWBfesjuvXmB3MoPy,1610555605.43B6oDsBtWRQ29Q9UMQuTUEPZy3FSSWXzc,1610555610.92HPGJJSmyPM40z7otPBgHalNrHFA7zk5d,1610555606.68LaSQbm9EHAFycEfFtEqAwYqlBsQPjIRW,1610555617.19EKxMEwDHfXiEJZc27TsGoERaD6Da4BZU,1610555722.52PJ3FD50MGhRXyUD28vluU8Z9UjLJLZn4,1610555617.52Ijr5puT55g9apK8auM7zaxa3NANg502t,1610555638.77ZLjTLkz4jYJdFMI2wWBztzsDILkoOtAk,1610556912.46C7tJPLF0XfNnm8f1820X9aLmXMHoc0Dw,1610555617.51LjzIROg0aeCP2GhDcAVQ0LipKJB9jmKc,1610555608.17OpjjHobqRkX0UPcaXrbu7K6L3805SZri,1610555721.82zWeNZfGUUfRJkgnAwlP8VMhPzXctnSd4,1610555735.75bom85BDF0C7W2eIseHeMxi24qR68nzMi,1610555735.77NnT5xqKnwcf2BbjIekeb2arTQj6QMNwk,1610555638.33wjf1PhdNaoWfbRzXVn50hmFyB5bYAiLV,1610555606.65jCE4ig8Pu8kvAzkxnSGfWsV0nQBjCf8H,1610555608.18ONsBCVo1i7BrX0XG9stct4oiA6ejX9Oz,1610555721.51RNoQUMP19FTMS79BmA3JkgSm2IC2AQuQ,1610555971.86O0cHB2ibBJ8jxoObg01EpGe8VVV5mpwn,1610556911.51zU3duZSGpcw1BDNsBLxdOCITAXwl6z3i,1610555988.71dMoYT8250UHHJGxgmITTmbHe7V6gH1yU,1610556042.81mlUZsSp7gbGjrp8jQSnybT1gPy6e62o1,1610555637.02UBW5nKvDyUrKnaWcYRGajZPxTRDS0q3N,1610555619.13oUYNikU4facCTpUSiSLr0vPI0tJLnXiT,1610555721.03nzkucfjAUh31zTbmCVvTVYqtjoxZFnBh,1610555722.67fhKURdXVzRbLIjXmjRwdJHTnE7PWb1AE,1610555638.39J2ZWBLuLTHP0jOlzB4tNHmYeijH5g5YJ,1610556032.17Q6yCDx9g7alRnL9jBFXD2JhhUyB2hKfJ,1610557007.49MyVgDnuUuBxrvL6SGOdhKf69VYlW1MSm,1610555638.44hjT5hbYdKoE3MB6hijrjqbjmLgvCUYKD,1610555608.13zUvmFSCRt6SsLbhqFznMEvGx54GPGQzM,1610556038.62a5C4ynd1AARyAhTv8a58NCqHvXRjscqH,1610555644.45Xse8u7pusHNsd7F3d0A32HXvXr6weOJE,1610556038.62gKXOCG7XCn55eJvyl5voNjbwOW0znQDq,1610555987.13v0oleKK97pkesp6oMgprH8SoSdoDVdIO,1610556964.96ZLLeiQW0qpmxhPGTg7K03fmzkqsC2bjC,1610555987.13VQlEedQ50VvkPMEMzZDv3KNnQCewykN9,1610555982.186TY6MMGkDecIN1woW6vsfAMXVV7jnyjO,1610555982.673LuMndkwkvdmZOn0MmE2Pkidx0FtNalb,1610555733.38zItcuH7gHNfKdALR2d9Nek6bxCyw36Vm,1610556034.15BQxSbZINGCay0yp6RBVlgcPrw76Yn9ON,1610555639.37BPZpgtGml8qUsh9AdV4m32jPLfI2aNFq,1610556965.57S0adAalhWYe6K3bkZU0bRHbqnDK8gGkR,1610555983.54zteLPCMjyrjzPdhHhlZr3faCgD0TfYr3,1610555987.79rHnNRmt9a0ufmnwCvZqBouyUoZDNpylW,1610556960.041xWER61rmArlsKfiMl4frikWmUCnQ7op,1610556035.13a7NHZDutfTMJ88qle1gTYY59Dr4WmMsj,1610556890.456ZBDaY16bMtrTZTqAgHl3wq1tRxzqDow,1610555760.24e6890pkbyZ97Or6croI1rQgjkSsR0yVt,1610556043.02YpWMIJg3W004iqlPyv8OcVAZdSC5rNYw,1610555987.03z05P26TLtONYM1HSzupoc2CeNMa6HTqr,1610556032.15OYCzUxpsz7b10AXBAuDXrvEcvxFhf0M7,1610556032.63Z80yI9pNwS3jSmsDABbuhf8wkNa2Ze9y,1610555736.28eGuESasTXdR3SqY6pHhEXWZtcdciYLCO,1610556034.61bebeZA0MkaFG2sm3VKiqrxeqQginTTW0,1610556944.5XwXOphKYT3ZkWA8gViqOS97VHVuMVUqb,1610556944.745UVLFBzf7fPh4UH37I6tYQOFPqRDytEh,1610556034.63XsUwaFaPZevO1JNFjfhvY4aKNFnV4noV,1610556964.89xwBHw9faT1HjQRMNQEyA4qJ3hWkwgj3k,1610556966.74DydzH91jtyvRyYau47JpVkZoMRSNTt01,1610555740.77UueVziDbaXyRR4OcVJIIZyzOfAzN51bj,1610556046.84e3vwjyRCzqz0wJQhrk8zsxlFfFSv98Df,1610556137.99eoPuVrDThKAOvmeprLPb2FWRqIhzUodc,1610555740.73XFwSrmTXJPlaxGZSefh0jOVA8PI3III1,1610556123.88AOfNaz9jSnqU5Czc7okOv1RCrYfKFBTo,1610556046.85nB7NvyoYQeLcOV391Lmmut1wAM8CFGLw,1610556123.89H4pdIAzDthI7bMXMhlIhKUYIQIvtmPPQ,1610555740.87GOYQUJKpkynIS2lFqppYK4b32ol7NeGh
1610555604.25mOvVXuL01OCiReyVWBfesjuvXmB3MoPy,0.0,54.98483686688522,40.91192780115203,54.221911567489784,54.096713677102734,59.34579570348525,51.36158314992888,44.288410854777254,47.82190756744018,60.811385058843925,58.884073238961605,57.50675871724603,57.923495441771465,51.48828553637043,56.5264742188534,54.22239841791484,60.21222105281985,58.421514283268706,52.33365388452629,56.08723631776728,57.56881645343658,60.91306181772296,57.49086687137319,43.665760264174466,59.54170679480007,57.947007263536214,51.571107848979665,54.69681717982345,60.1420533495984,54.00979186689797,54.79177404830761,55.28525462691496,60.14958709261779,59.18386103023705,56.21567895052692,56.14019176800849,56.722887628580324,57.663807139896264,59.32488220066254,57.528044816460294,56.39268916630565,57.34854728065602,55.51973495934809,54.3329906792121,57.42850250758706,58.11788910079215,59.36279425214372,57.88443719875783,60.16030189425741,62.74157848986746,52.81734583019059,53.379992565343976,59.82567165377955,60.5200034208017,54.36388959098278,60.58121533937047,56.50887239197263,56.01972766336441,54.65548813818815,54.910621159710296,55.74706696319176,61.27746693033464,57.388288755934504,55.37460705316135,59.21754236356601,59.65626704662356,59.7638653629217,56.79459161358974
1610555605.43B6oDsBtWRQ29Q9UMQuTUEPZy3FSSWXzc,54.98483686688522,0.0,58.28897852710556,47.26859686607043,59.005855810557996,58.356779509190126,54.022669273232296,58.886884210338245,57.14303132199473,57.37047149586591,51.865586228252276,52.17888295037417,49.338081688464264,57.74921647811687,48.75826583695067,50.804062608598244,53.39094848527741,46.19570944451095,54.105258745046065,55.332904664429094,53.10868020469854,52.745451573838444,57.96911390426435,59.213659651334815,56.724888658538866,57.17856148002358,54.239577645604456,49.23845210519887,54.05260409856093,54.67038040473373,51.27424900920767,57.21971223046451,53.88380007142498,53.80912558849992,53.271311240006305,52.022815757200554,54.33620419061534,52.24561630729452,51.21075973165014,53.85888427750372,51.174730414277,48.8334331424768,51.67038811067877,49.507888461727944,47.65163140432623,44.821391596110416,56.469407821604364,57.66586177675196,56.94826011501684,59.67807260917748,50.124458693334915,53.39304400488112,54.81248671758114,52.02428254598535,52.84155424393773,59.573681641867815,53.60869968827201,53.79568881953376,52.81792567150719,52.67025567957717,48.069891731304565,52.78383981273819,51.958157202945245,48.25720090163185,55.630472422676476,51.23377657754448,56.66600265093004,50.20555855564765
1610555610.92HPGJJSmyPM40z7otPBgHalNrHFA7zk5d,40.91192780115203,58.28897852710556,0.0,56.782718918769895,58.30168831842618,61.863324490127184,50.59647316005714,36.65289810142762,52.97628309006058,63.55334913567073,60.55419641309418,60.022053856091546,61.29167258978425,52.59177280323859,59.13298386686404,56.56632501570537,61.590573181877105,60.76672959489572,55.926602029547055,58.9205932866988,59.737273181363896,62.52207237680657,60.20260123969974,33.9808602600348,61.957581267873934,60.68985741051899,55.26822373219952,57.314834677641194,62.38523263147902,54.44652814440522,57.52481302757064,59.64453058058352,63.31438599341668,61.30080809638656,58.880948146549855,58.60842591963641,59.06122568541127,60.00526219005914,61.87820918845225,59.66029915157005,58.548982990846284,59.34750981801944,57.79671344456875,57.122567727158476,59.53155811094892,59.82022506703135,61.39896363264802,60.228965292450425,62.2023065917487,64.70626630298806,55.68613412764767,55.59727959146584,62.22533048036578,62.823417525394674,55.77913833722076,62.92782141765546,58.38578797057684,57.308005403655315,57.535571847168995,57.08710060498362,57.76913871277673,63.28775799389124,59.55799803090691,57.58694971825203,61.11802539168657,61.821472921768766,62.08918176678357,58.71002230097916
1610555606.68LaSQbm9EHAFycEfFtEqAwYqlBsQPjIRW,54.221911567489784,47.26859686607043,56.782718918769895,0.0,57.43325725918928,56.387218742902455,53.47714666455538,57.42284033467434,56.0219945204889,57.95173404154833,47.16928399537263,50.06409146029725,54.87429588523884,55.693644972847004,51.002904285679286,47.68021100993638,51.921532679658945,51.405068954865584,51.65049221659299,52.05722693883111,49.77367900678248,54.562594443747116,56.48931618254745,57.71894692080912,55.96434975342093,55.64637181249894,52.45222217543828,44.94384012972036,51.92123311594836,54.276845340142856,50.22428786629294,58.24959005283966,56.846387538216156,51.938115326880855,47.63730231592398,47.05976138013119,49.85647855206041,51.38415354294342,52.46134179156268,51.313385129693806,46.733866713870675,47.77771736937117,46.63504653047583,45.019668125844305,49.570989359131396,48.185977821855396,54.77840933729635,55.39586250207027,56.53837409396904,57.89305246297837,46.29058319664152,51.0750166634235,55.00207490286739,53.96791919330103,49.26373057167594,57.831748994674825,50.94234610101656,49.98878780898076,48.96562313238676,51.39277366473892,47.53403264686362,55.078712055115275,50.70433780690785,49.75359481400311,53.18466937238329,53.835449387718185,53.909220499652335,48.39959979363506
1610555617.19EKxMEwDHfXiEJZc27TsGoERaD6Da4BZU,54.096713677102734,59.005855810557996,58.30168831842618,57.43325725918928,0.0,58.40786896729826,53.9523437164065,59.2323898931655,50.408352746980285,64.45154377138088,61.05661386667581,60.57594857944565,62.579924601268765,57.42515509979452,60.17874101380217,58.22838190040177,62.441138835017625,60.900217437227916,52.77049278477096,59.58638999643892,59.62310136801159,63.35605954451172,52.16921472575672,59.35059960573366,59.825566831340666,57.83411504261076,49.048712030225204,57.88344704996017,62.0270654407537,56.37315332373396,57.918448857088144,58.76184494547615,64.11212741498073,61.93812844112594,59.41729784208954,59.50139081136653,58.260240280710406,60.95578998436063,61.080958947002415,60.76293888586307,58.074029214878706,60.44171169759842,57.995451090787896,57.804581051771784,60.2514390319692,60.34715906910488,60.995855017463214,60.21510156572138,63.174045875413256,63.32859310206556,57.22676387615174,54.98839355050926,63.25675727344965,63.31146289158647,57.99266366904117,58.4339616591839,57.636443738415174,59.919004875640375,58.84922968177183,55.55171650882892,58.97673426770866,64.18474759681763,60.76525417194736,58.59813169417051,62.25917984709481,62.82365196288258,62.27839454266409,59.57036771108924
1610555722.52PJ3FD50MGhRXyUD28vluU8Z9UjLJLZn4,59.34579570348525,58.356779509190126,61.863324490127184,56.387218742902455,58.40786896729826,0.0,58.443692787124164,62.30195416304072,58.74571471652447,65.38139796734025,59.06847236298884,60.91233424936734,62.76971534596261,60.67119672408302,60.10128654144597,59.009656771494974,61.46519722073469,60.629212119437106,43.142137975159784,60.7711099688114,59.057852580555405,62.814568114700116,56.57777899033793,62.82342370545882,60.215017600826535,35.212430135747965,56.094105406624045,57.42024557043264,61.270190005206594,59.05946452442716,58.94997759272385,61.26437550993508,64.85175793575543,61.29856443865594,59.33797340352654,58.72226915387956,59.887962027572755,61.252890421176446,61.1468733350598,60.27211646413472,59.08538412218227,59.682949002817956,58.338600269630334,56.82880262712072,58.9927996995931,57.07230799664204,59.692178133413606,60.16980005413465,63.93665114902622,64.27064231338403,56.71481901675875,56.17509385096895,62.78700617252007,62.91769415252696,59.230136825619994,56.507375632014146,57.874609606613106,59.560843650597356,58.355340317124494,53.67257390319171,57.28008250389508,63.72824606998988,61.40617787938602,57.735205456780676,63.08038833107232,62.474724667609976,62.13085471269601,57.768400827086325
1610555617.52Ijr5puT55g9apK8auM7zaxa3NANg502t,51.36158314992888,54.022669273232296,50.59647316005714,53.47714666455538,53.9523437164065,58.443692787124164,0.0,53.3325408551891,53.127152436027906,61.492848565799065,56.94010648716369,56.559984508276,58.342649245505015,48.36753877321522,54.8724150666482,54.148828782873615,58.00369708617911,57.43943529513493,53.11198699487478,57.25047683269061,56.46932914113185,58.597690026982384,57.30895307285798,52.78707538896978,57.51664785492094,57.300253220403974,52.57970152916037,53.77905262225647,59.15346435784423,47.87371589622628,55.92115410805561,54.66082883108737,60.999508616096776,58.49059969319374,56.14379258951801,54.86522985877458,56.24688674466977,57.53572508616918,57.80549719907325,56.589191926236275,55.1348879346014,55.51822531661806,54.64580509092625,54.18649069707997,55.59982424945911,56.01551617251599,58.75377230437573,57.04136852654399,59.823648391383166,61.671723432145015,52.72623684846944,52.215098653563416,59.08518755547948,58.940554855417695,54.57642708517653,59.34634403978826,55.494734677800906,54.52596645800142,54.66779998978836,51.59119850465237,54.2609044897466,59.48225302521912,56.98033356590431,53.29929593291119,59.23550593520274,57.943067321611935,58.96043067273478,55.331013085571655
1610555638.77ZLjTLkz4jYJdFMI2wWBztzsDILkoOtAk,44.288410854777254,58.886884210338245,36.65289810142762,57.42284033467434,59.2323898931655,62.30195416304072,53.3325408551891,0.0,54.565979846084204,64.56830984754257,60.901786656352975,60.761084479500745,61.89423758690803,49.47879588171909,59.63842082528337,57.59892924343575,61.930564789655556,61.23073664894913,56.71735230030548,59.56976669008516,60.481892662399375,63.165116828061464,61.48621176665078,25.969823196946912,62.51939522838751,60.981539100530334,56.31926919478833,58.03569185193845,62.97138171464959,56.57286436366693,58.73494725273543,60.3121269421795,64.11169956419512,62.21273093703676,59.419418184730894,59.34476874116373,59.84137508786007,60.985177228628515,62.383270126428044,60.5297580105518,59.33545721961452,60.00754640436609,58.69241319756031,57.86989413945366,60.145862232580214,60.37182866541283,62.33602273029016,60.93072492410454,63.240558773125194,65.40859805082259,56.20769447236378,56.26100680269393,63.24874373859544,63.275365685411714,57.35181273879076,63.58520599779878,59.29974923376241,58.23622535823825,57.85332175968572,57.92239589276286,58.66729633581996,63.941541900057985,60.38348367827499,58.33425911120887,62.200321004898704,62.3221703918304,62.889819163661926,59.617217921128365
1610556912.46C7tJPLF0XfNnm8f1820X9aLmXMHoc0Dw,47.82190756744018,57.14303132199473,52.97628309006058,56.0219945204889,50.408352746980285,58.74571471652447,53.127152436027906,54.565979846084204,0.0,62.74880522979072,59.83865857586013,58.49276320420208,60.31739520322491,53.441460187253014,58.069576745903106,56.219915805633995,61.13845026447946,59.02120198325058,51.14654369677863,58.076347241953144,57.95494742270917,61.70868867644431,57.18702023027881,54.33054760130432,60.020685092222415,57.024771821913774,51.356459230938135,55.935637139211686,61.064541479822026,54.68933696381768,56.178347206121,59.25511264040145,62.23538618098465,60.50305585245929,57.72839731796787,57.5428497423004,57.87323173734628,59.35038798467006,60.65724554269506,58.65030033800344,57.2742984821756,58.1164268056708,56.50298499851241,56.17704750279283,58.64643721680714,58.80391044891839,59.54294432547304,58.44917146618608,61.7089611228661,62.118397047727676,54.65364320912604,53.71627932644936,60.91919004920722,61.37127362329725,56.056796122694514,60.21529721657662,56.793800206356,57.205357846254664,56.620189197386246,55.11511183200222,56.99000605858446,62.04223586887877,59.314524617527844,56.35210156429373,60.71759275420333,60.66661403918099,60.949466455096925,57.74795636548104
1610555617.51LjzIROg0aeCP2GhDcAVQ0LipKJB9jmKc,60.811385058843925,57.37047149586591,63.55334913567073,57.95173404154833,64.45154377138088,65.38139796734025,61.492848565799065,64.56830984754257,62.74880522979072,0.0,62.500092680409495,62.66704376108771,55.600939367677206,63.37825666663209,60.85970804874043,58.4306947509984,63.69045107549581,62.72661010062881,61.14470537790422,61.0292165096509,62.56267605728526,64.73615487120712,63.61364079760958,64.6312766523523,62.97889360598877,64.10342349811519,59.76275260229932,59.760153434924106,62.04995607197462,61.92658593899299,57.23429130800971,65.44330187274747,46.93323675460087,60.55204448305921,60.25018659544067,61.02567827756213,60.908352808540165,59.33513441103012,60.65197975106291,60.510575556272244,60.372756395061316,61.66474112454007,58.967754128304364,59.56089773140304,60.920285795478534,61.51926758464615,62.398697965298,62.964391966712284,46.32522915273801,65.94964598607092,57.97175168573727,59.719971571077046,62.43550898859937,63.71918555071023,58.53624374657352,66.01155909362735,61.07009046673281,61.49367933790356,59.93708897719752,61.19920789353896,59.640956812907206,64.56518217714489,57.93226092147658,60.075095448989636,53.906536576165614,63.74589209872496,63.49664395970263,60.3694894953553
1610555608.17OpjjHobqRkX0UPcaXrbu7K6L3805SZri,58.884073238961605,51.865586228252276,60.55419641309418,47.16928399537263,61.05661386667581,59.06847236298884,56.94010648716369,60.901786656352975,59.83865857586013,62.500092680409495,0.0,55.33764427889719,58.898460968143056,59.41283855178054,54.14373166825593,54.08171702048075,41.26442627471913,52.639906502311916,55.51872797214613,57.334140810993325,53.0960826517039,56.47948352150818,59.75282870589079,61.24463320518518,58.54183196957734,57.68667011593041,56.817829792539165,51.69855886388761,56.973218108963266,58.1586373874009,55.64493578385516,61.208927306223124,61.412259560219546,57.366491897504005,54.605801505611375,52.785453086150675,56.25949105742754,56.74142828927433,57.1690243493107,56.132203199636855,53.873104533745284,49.60018015481367,52.927536791778174,51.78275032345691,51.919340955495194,46.64184991122419,58.62023438032766,59.104096224187415,60.93440308018337,60.847596359176066,52.43777829492566,55.88313459077389,58.52795534878507,56.5003637905112,55.54470786376669,60.06884328605736,53.662777546868234,55.642900315411126,55.22809216523639,54.86065854753885,49.699166423985886,56.92365374395427,56.449933134238975,50.81798512821392,58.90784232908796,54.594391107157996,58.05770064879283,51.355935914950045
1610555721.82zWeNZfGUUfRJkgnAwlP8VMhPzXctnSd4,57.50675871724603,52.17888295037417,60.022053856091546,50.06409146029725,60.57594857944565,60.91233424936734,56.559984508276,60.761084479500745,58.49276320420208,62.66704376108771,55.33764427889719,0.0,59.59067058302638,59.14253441013001,53.60155099010556,51.96618708164295,57.33438147120713,54.40458995062981,56.400356374259864,55.00102776789569,40.59778084004766,54.6996589540071,60.82409855229947,61.036397309339854,58.829938580266415,59.910942758441,56.81233954431054,44.83782529224964,56.531205278075625,58.23470583873115,55.754027334968335,61.27929019371882,61.329984830063175,56.92526512575796,50.276764825799596,50.964768352814325,54.62380488192515,55.83491723330946,57.05485948891274,56.28484802754311,51.77440974386303,49.72114274994406,53.14119650230359,48.23219593668773,54.60604235142174,54.2444497254554,57.90965210246792,58.80949626094588,60.65890831310888,60.50280731458354,46.63414539125779,55.09992346177491,58.657109642973786,57.70484468861182,54.371795158115425,62.00402910326558,55.53856244688885,49.521947476086716,51.82136499158382,55.069462866743194,52.98238479706214,57.975668476982555,54.62682953192271,53.4825029951879,57.63696435354525,56.37201461287785,57.47434400160322,54.018326676309385
1610555735.75bom85BDF0C7W2eIseHeMxi24qR68nzMi,57.923495441771465,49.338081688464264,61.29167258978425,54.87429588523884,62.579924601268765,62.76971534596261,58.342649245505015,61.89423758690803,60.31739520322491,55.600939367677206,58.898460968143056,59.59067058302638,0.0,60.517638482991515,56.77556910942498,56.26252558060133,59.97234525294012,58.46937667392564,58.75525886110117,59.14036858392884,59.5444852110854,61.22367813189726,62.118734681539294,62.327654059667935,61.758338659178186,61.1255986349319,58.22753657237843,56.78129958911389,60.4029399365884,59.264130120825186,55.45268489704563,62.53349733063474,41.25342338035562,58.93297363895522,58.51076327735194,58.2933294475638,58.70696410928219,57.74414194624867,58.84071732688186,57.581205231635614,57.8847529956199,57.64023357315702,56.91874462556895,57.151710281851095,57.61575507195196,57.44701556714314,60.81114884075206,61.81682089428747,59.00004305135403,64.45009576388665,55.324579110047736,57.4900102711198,58.28677622028865,59.45419815045844,57.13669943599807,64.17128536274252,59.391081394118345,58.83369456546186,57.7351025953405,58.564098493993306,55.7848929384399,60.79827814391568,56.74191401216873,56.2684264305012,59.66949850216254,59.34904381044348,61.566473653386325,57.04617735561747
1610555735.77NnT5xqKnwcf2BbjIekeb2arTQj6QMNwk,51.48828553637043,57.74921647811687,52.59177280323859,55.693644972847004,57.42515509979452,60.67119672408302,48.36753877321522,49.47879588171909,53.441460187253014,63.37825666663209,59.41283855178054,59.14253441013001,60.517638482991515,0.0,58.270404110004456,56.18486213521981,60.74769523289817,59.906268846632074,55.27143536982458,58.7014695971483,58.62619520025815,61.883873809171014,59.90571236860037,51.519556217562744,60.67992038369544,59.47202190002651,54.949630129969506,56.16711509764881,61.653531375197915,54.77557110699221,57.17992892331804,57.92042569109947,62.90813525821188,60.558583209777254,57.586181349235,57.432416610556224,58.20435290571858,59.65983761306911,60.93513214605545,58.79998957259236,57.754538952831034,58.344991566033684,56.9296777444754,56.52221024295665,58.9541253733111,59.12795735478371,60.58672063525752,59.29442082017287,61.864968294075695,63.69290692696709,54.92288582181529,54.35878776887121,61.666470619606535,61.74201298048215,56.256460288108556,61.904518692236906,57.48886789190204,56.768603108557016,56.81766120201966,55.54074249066113,56.94534292439836,62.20360761493409,59.38024410114672,56.617410731064815,61.33486160988562,60.64842033253328,60.877419082249865,57.78726549232338
1610555638.33wjf1PhdNaoWfbRzXVn50hmFyB5bYAiLV,56.5264742188534,48.75826583695067,59.13298386686404,51.002904285679286,60.17874101380217,60.10128654144597,54.8724150666482,59.63842082528337,58.069576745903106,60.85970804874043,54.14373166825593,53.60155099010556,56.77556910942498,58.270404110004456,0.0,53.16614939767404,55.80279238113166,53.19002731728956,55.34859026094698,56.83780413723521,53.79532327503066,49.51060534646909,59.94470070209799,59.704949295525275,58.45002407134827,58.828692170061565,55.021631761576224,52.04348342389523,55.83526233140309,57.027972419011476,53.14392195896743,59.049152462833376,59.56851784090337,57.16524976714607,53.86953690982305,52.85493370583645,54.367488552290304,56.2968307046742,56.21416884558688,53.93586502824944,49.92494880427044,48.241707761166836,50.256038738414034,52.22989449863974,50.439985627208245,52.005555614606834,56.41411942150551,57.777487061327705,59.69079079897031,59.57915292083391,52.234567553415815,54.02354196049714,57.123145004901055,53.0622988913623,54.141743979073176,60.58968228862414,54.0862551280791,55.339958118764976,54.98278319896519,53.60444745385101,49.71887356190546,51.26392132700078,55.760643675372116,47.6509865510058,58.416810000325476,48.41200701200172,56.81732053858136,51.617828070671635
1610555606.65jCE4ig8Pu8kvAzkxnSGfWsV0nQBjCf8H,54.22239841791484,50.804062608598244,56.56632501570537,47.68021100993638,58.22838190040177,59.009656771494974,54.148828782873615,57.59892924343575,56.219915805633995,58.4306947509984,54.08171702048075,51.96618708164295,56.26252558060133,56.18486213521981,53.16614939767404,0.0,55.79457769394111,55.557142653093024,54.66980502207364,49.556187442867596,52.29969535645785,57.35789201377254,56.915824925817404,57.79218128758987,57.0072587213277,57.9296795223896,53.141303778666575,48.62652472487565,53.66051655948562,55.09720487118503,47.30766107024646,59.2254896445163,57.19525801644939,50.822838051466924,45.931298499411945,47.214382848546144,49.017326851558124,44.32438317578551,55.66107182883817,53.63866331349042,49.151577644806096,52.470585697612044,50.68792444072341,49.705998107179454,52.64626947535835,53.77278343471972,55.333262596286765,55.90182768116914,55.50607554743436,58.17166348347964,45.175988906859274,52.331128179860954,56.34059843063117,56.2593750102206,45.47760102489933,59.77068302364762,53.56397897652768,48.6711848116441,49.098198787417154,53.82257192057885,51.46148616813776,56.68242916939086,46.525376292699484,52.373165314801994,52.17414337964326,55.56489426983724,54.412370022631436,52.85617143685781
1610555608.18ONsBCVo1i7BrX0XG9stct4oiA6ejX9Oz,60.21222105281985,53.39094848527741,61.590573181877105,51.921532679658945,62.441138835017625,61.46519722073469,58.00369708617911,61.930564789655556,61.13845026447946,63.69045107549581,41.26442627471913,57.33438147120713,59.97234525294012,60.74769523289817,55.80279238113166,55.79457769394111,0.0,55.01405916981328,57.53759965090747,59.04896719354502,55.392483504526666,57.85878188498672,61.70934601033892,62.168353921366595,60.12959246025047,59.567526840954656,58.44178438967023,53.9594306153663,58.73078524948919,59.605139839667046,57.30576684904736,62.35653159583289,62.54501932751783,59.38923481395327,56.99374867104674,54.99996475280281,57.98119523913874,58.561164392407115,58.436298254816755,57.93503291518999,55.96052576307401,52.66241135180074,55.072991324840615,54.39971903732754,53.74320343628007,50.862903007842185,60.23053082511499,60.652834489897955,62.09023368045727,62.15915776160931,54.58063397362293,57.24064737929809,59.981911203218786,58.238450862303466,57.283903213890646,62.28503698836772,55.70853966166759,57.22386768359108,57.39638829181302,56.03604522378164,52.267184980959385,57.987905243835634,57.77465498913153,52.537254558081855,60.412946633779534,56.12043348146036,59.64632006727316,53.66598295136936
1610555721.51RNoQUMP19FTMS79BmA3JkgSm2IC2AQuQ,58.421514283268706,46.19570944451095,60.76672959489572,51.405068954865584,60.900217437227916,60.629212119437106,57.43943529513493,61.23073664894913,59.02120198325058,62.72661010062881,52.639906502311916,54.40458995062981,58.46937667392564,59.906268846632074,53.19002731728956,55.557142653093024,55.01405916981328,0.0,56.586894297354135,58.35853951436508,54.18441894002761,54.92103045865497,61.13276648096664,61.41006245801042,59.83603843633032,59.421769481667,57.391911968081615,52.285763209937926,57.38844466350871,58.86549812764173,56.326152493054856,61.66901555181771,61.340572844492776,57.89482013509447,56.13112911904978,54.87316762799274,57.29459155338867,57.392794487668844,57.169559899211265,56.81982885285948,54.28228388906693,51.61474127735451,54.849135344644594,52.839606099905616,50.10105589601012,44.58919394463989,59.137354371570154,59.9298659557164,61.648599650393535,61.93108913827499,53.46426303204238,56.26671322215624,58.443991730714465,54.87138416398546,56.888753643731626,61.96262858193084,55.313201743570126,56.729430763589114,56.061249784423204,55.806772645424324,50.66432660165278,55.92270526693586,57.65680306855151,51.39927433719862,59.68834863958304,53.76195010974831,59.23064401055121,52.367608875256934
1610555971.86O0cHB2ibBJ8jxoObg01EpGe8VVV5mpwn,52.33365388452629,54.105258745046065,55.926602029547055,51.65049221659299,52.77049278477096,43.142137975159784,53.11198699487478,56.71735230030548,51.14654369677863,61.14470537790422,55.51872797214613,56.400356374259864,58.75525886110117,55.27143536982458,55.34859026094698,54.66980502207364,57.53759965090747,56.586894297354135,0.0,56.995046869790414,55.21928412530942,58.38499333306063,54.60786847224796,56.753845226823934,56.498484770360626,46.65231858186693,51.68471597112037,52.70018246602671,58.034351529926276,53.48310785768134,54.7110413646821,56.652959184737135,60.77003145166993,57.705996846576355,55.20008903801129,54.350433747829605,55.195751697478876,57.22660942699979,57.19180371151944,55.544285831899295,54.24572131472395,55.30084927810265,53.358261942977066,52.014682411927595,55.23873510972788,53.96764820099881,56.942070982699285,56.012876993107035,59.81786543711951,59.95022767765403,52.36109288273226,50.456068335361486,58.813926947859635,58.743505162837906,55.0609012764552,55.71401981227844,53.22547147008827,55.70090345226114,54.168900663176906,49.77562019435359,53.284892934757515,59.44132084143659,57.19217260201041,53.063146341629455,58.91698873992762,57.77534849176784,57.64465008187262,54.00582561418631
1610556911.51zU3duZSGpcw1BDNsBLxdOCITAXwl6z3i,56.08723631776728,55.332904664429094,58.9205932866988,52.05722693883111,59.58638999643892,60.7711099688114,57.25047683269061,59.56976669008516,58.076347241953144,61.0292165096509,57.334140810993325,55.00102776789569,59.14036858392884,58.7014695971483,56.83780413723521,49.556187442867596,59.04896719354502,58.35853951436508,56.995046869790414,0.0,54.685743417223165,60.2640233900813,59.776948625667174,60.01615442438947,60.139201750753685,59.87402507567474,54.413050277241595,52.44384805162711,57.90165138830536,58.48298805092521,53.71557074323973,61.7682451594323,60.20963919419593,55.5950266679383,51.850507402917664,52.88105661568823,52.690842881106974,53.931649498282994,59.35115786126056,57.49620613995235,54.175216290456156,56.02227277229569,53.87153257521572,52.56648360185623,56.2937252801484,57.08909034279723,58.090296345404276,58.29247521150316,59.68866781216775,61.55201373332612,49.2543654185422,55.57601966892077,59.9744377646631,60.035818407657075,51.55956368017443,61.835209003257965,56.08290117063828,52.513931639679996,52.10131140281998,56.88462632130166,54.89932157393131,60.451346324295166,53.76438369933812,55.84989966664393,56.631198112953705,59.33819181573354,57.84598142782744,55.982747611399745
1610555988.71dMoYT8250UHHJGxgmITTmbHe7V6gH1yU,57.56881645343658,53.10868020469854,59.737273181363896,49.77367900678248,59.62310136801159,59.057852580555405,56.46932914113185,60.481892662399375,57.95494742270917,62.56267605728526,53.0960826517039,40.59778084004766,59.5444852110854,58.62619520025815,53.79532327503066,52.29969535645785,55.392483504526666,54.18441894002761,55.21928412530942,54.685743417223165,0.0,55.29951299574615,59.82939886975324,60.79015761557384,58.21241310663593,58.09603153297993,56.47986475706127,45.73915718098108,56.40867237822875,58.31144427058914,55.61696355948999,61.140440215768066,61.443490357038854,57.06087087051448,49.107151118503666,50.28481707856015,53.818238114274315,56.24324320073872,57.27222524521142,56.242490997275794,51.45184587421324,48.837136914721206,52.65009140759889,48.84234971439973,53.67201487472654,52.677047652578786,57.310365973791804,58.02238748088452,60.657868344788206,60.96165642971084,47.83700406651344,54.46879413837582,58.83203849714266,57.262069059506736,54.09595155905649,60.87116883240524,54.518661160942614,49.81072956826121,51.98972014985341,53.749022671632964,51.89077524131545,57.780182141074015,55.203942136626374,52.83832860451711,57.86006296344031,56.191965468324106,57.68038859473458,52.511776629748596
1610556042.81mlUZsSp7gbGjrp8jQSnybT1gPy6e62o1,60.91306181772296,52.745451573838444,62.52207237680657,54.562594443747116,63.35605954451172,62.814568114700116,58.597690026982384,63.165116828061464,61.70868867644431,64.73615487120712,56.47948352150818,54.6996589540071,61.22367813189726,61.883873809171014,49.51060534646909,57.35789201377254,57.85878188498672,54.92103045865497,58.38499333306063,60.2640233900813,55.29951299574615,0.0,62.817793949253605,63.18739425108772,61.753617648339834,61.54474171519829,59.37915762312605,53.75725070400398,60.248329919399794,60.12904366760033,58.45197871557228,61.94961971762137,63.74978022968779,59.768817464976905,58.01288393813307,56.58447270051049,59.3188453687269,59.244201064464676,59.53985886276675,57.824909972390266,55.58852265234356,48.982822170215734,56.30708637134681,54.83130797002802,54.93171423574725,54.066518887695835,59.32020705710672,61.59959600040416,62.940418122582315,63.14539486019574,55.16589290953006,58.06499564113658,59.66261624607102,53.833359811115095,58.56688701355269,63.20901107602778,57.828686707510485,57.74016678252428,57.98821164717501,56.28164658861091,51.14198231087179,52.447956392524745,59.09643755807714,49.96138615756504,61.00684809081487,47.50925727196541,60.58910436477409,52.472562554125204
1610555637.02UBW5nKvDyUrKnaWcYRGajZPxTRDS0q3N,57.49086687137319,57.96911390426435,60.20260123969974,56.48931618254745,52.16921472575672,56.57777899033793,57.30895307285798,61.48621176665078,57.18702023027881,63.61364079760958,59.75282870589079,60.82409855229947,62.118734681539294,59.90571236860037,59.94470070209799,56.915824925817404,61.70934601033892,61.13276648096664,54.60786847224796,59.776948625667174,59.82939886975324,62.817793949253605,0.0,61.605434453636974,59.087704863164504,56.844047738267605,48.93451284827053,57.75630082236984,60.815539057912844,54.956217760753454,56.067955119440434,57.04699937833848,63.416664071567595,59.0765157732396,59.158380891542016,58.76648252073553,58.93904879278316,57.285126404986435,60.30467067742612,60.36753507996299,57.62594665632605,59.80228364948872,57.84494713036649,57.18038296043591,58.93696802306799,59.4382015408591,59.92539562680672,59.72198170493017,61.656862400008215,62.27730703513315,56.700916224964566,54.49415163875632,62.543117384900285,62.670051175113656,56.46444593719351,51.118959033548975,57.05687321243654,59.417820052617785,58.62274622855727,54.05315744196816,57.813048120711706,63.475617113444336,59.1850153646197,58.021071372708754,60.41632014087869,62.165640612259836,61.56948314946044,58.67115596474028
1610555619.13oUYNikU4facCTpUSiSLr0vPI0tJLnXiT,43.665760264174466,59.213659651334815,33.9808602600348,57.71894692080912,59.35059960573366,62.82342370545882,52.78707538896978,25.969823196946912,54.33054760130432,64.6312766523523,61.24463320518518,61.036397309339854,62.327654059667935,51.519556217562744,59.704949295525275,57.79218128758987,62.168353921366595,61.41006245801042,56.753845226823934,60.01615442438947,60.79015761557384,63.18739425108772,61.605434453636974,0.0,62.84190939733498,61.39693193172154,56.55824909170144,58.190866775598934,63.30908503481386,56.30875018711285,58.849680300591515,60.43514763420324,64.35176886692118,62.3738585266159,59.800614996159055,59.60252913498477,60.09345129232266,61.09733848772797,62.60378549148569,60.70765830296065,59.57483923093177,60.26079013244441,58.86247745321856,58.11096726283104,60.45585204863357,60.637677338479165,62.541762911396106,61.210490105664306,63.24970184371456,65.46874615548751,56.45779815854634,56.61162824396778,63.37300503997582,63.52102494179154,57.4909626144841,63.88607239374034,59.5926840752744,58.393260189226545,58.1672616815189,58.01487315460115,58.87588575553503,64.15638959247234,60.52441783242099,58.45121526163294,62.23576286774852,62.50380076267009,62.97948132788914,59.73289432741254
1610555721.03nzkucfjAUh31zTbmCVvTVYqtjoxZFnBh,59.54170679480007,56.724888658538866,61.957581267873934,55.96434975342093,59.825566831340666,60.215017600826535,57.51664785492094,62.51939522838751,60.020685092222415,62.97889360598877,58.54183196957734,58.829938580266415,61.758338659178186,60.67992038369544,58.45002407134827,57.0072587213277,60.12959246025047,59.83603843633032,56.498484770360626,60.139201750753685,58.21241310663593,61.753617648339834,59.087704863164504,62.84190939733498,0.0,59.69269052973119,57.52119562045043,55.39057077143665,59.090738511150406,59.13646521553028,57.88303596224602,60.83914694770913,63.32341124386189,59.41715424505976,57.93870678788721,56.95906116483226,58.416561827861045,58.10772128258525,49.734642076810935,58.91256739869871,57.202625127057836,58.0299885267895,56.21713375598875,55.687004203022745,57.49125201030549,57.196273918896836,60.29340185182905,57.15925535886582,61.115902248040435,62.654906012903176,55.32727154751064,55.891621546087066,61.145831282365165,61.59977757600749,58.2714100113601,57.465416571452074,52.57152305538027,58.1945473065516,57.66171514907615,52.47843050801343,56.395920481461644,61.707127199861134,59.17612207110694,56.402386372858516,59.9160730876596,60.67332026512898,59.82670076973372,57.36543645646281
1610555722.67fhKURdXVzRbLIjXmjRwdJHTnE7PWb1AE,57.947007263536214,57.17856148002358,60.68985741051899,55.64637181249894,57.83411504261076,35.212430135747965,57.300253220403974,60.981539100530334,57.024771821913774,64.10342349811519,57.68667011593041,59.910942758441,61.1255986349319,59.47202190002651,58.828692170061565,57.9296795223896,59.567526840954656,59.421769481667,46.65231858186693,59.87402507567474,58.09603153297993,61.54474171519829,56.844047738267605,61.39693193172154,59.69269052973119,0.0,55.275667675244705,56.33824319947458,60.98423048920969,58.37746009582118,57.65902055515413,60.80363770062718,63.45287425350125,60.57376834593196,58.76638245669006,57.88514170049368,59.22638144459173,60.2267385171733,60.628270592427064,59.42115493391881,58.35421441579533,58.00437245768009,57.57016971574034,56.3946411462582,58.00243115161569,56.49991627432231,58.87289818416931,59.1471527474499,62.762595276470506,63.86053080909533,55.84487289243897,55.405496887320126,61.93705277490376,61.68947470141614,58.17920178784992,57.09360046522848,57.00364669215221,58.74724134122377,57.68174440150145,53.286742795579315,55.734424912023144,62.8161907320579,60.16027082273394,56.073962666753566,62.018629094265826,61.004668233367205,61.58464081805352,56.60337662252158
1610555638.39J2ZWBLuLTHP0jOlzB4tNHmYeijH5g5YJ,51.571107848979665,54.239577645604456,55.26822373219952,52.45222217543828,49.048712030225204,56.094105406624045,52.57970152916037,56.31926919478833,51.356459230938135,59.76275260229932,56.817829792539165,56.81233954431054,58.22753657237843,54.949630129969506,55.021631761576224,53.141303778666575,58.44178438967023,57.391911968081615,51.68471597112037,54.413050277241595,56.47986475706127,59.37915762312605,48.93451284827053,56.55824909170144,57.52119562045043,55.275667675244705,0.0,53.982807494735226,57.9303818807261,53.461317510335235,50.87969987394921,56.688572634251436,59.823441780383845,57.38171029097165,55.29344231213199,54.238389029775654,54.256625898916226,56.14921562175327,57.49137611956415,55.28634704371225,53.76010641584664,55.83663790353179,52.95787040560081,53.58380335333309,55.43490288338669,56.42066374813625,56.062847247924154,55.182602609200536,58.066552222577556,58.239784432428586,52.38589451652134,49.01341709233762,58.61975216821572,59.03467474552191,52.4310371579139,56.303413965582806,54.884951948740145,55.52460274170291,54.202265090513876,52.61948163827497,53.96820685086435,59.71893229397247,56.0567267480066,53.82338955756949,57.05667493481334,58.39476833469734,56.62021398342315,55.18451110578979
1610556032.17Q6yCDx9g7alRnL9jBFXD2JhhUyB2hKfJ,54.69681717982345,49.23845210519887,57.314834677641194,44.94384012972036,57.88344704996017,57.42024557043264,53.77905262225647,58.03569185193845,55.935637139211686,59.760153434924106,51.69855886388761,44.83782529224964,56.78129958911389,56.16711509764881,52.04348342389523,48.62652472487565,53.9594306153663,52.285763209937926,52.70018246602671,52.44384805162711,45.73915718098108,53.75725070400398,57.75630082236984,58.190866775598934,55.39057077143665,56.33824319947458,53.982807494735226,0.0,53.08622942240959,55.49436644403345,52.48450448158632,58.36821487770263,58.68599815516803,52.112125571615,48.15852936743821,47.88370423011687,51.22133725867696,51.82210823892494,53.95643125654305,52.588538162034894,48.26526808787934,46.710964335210484,48.78999524621832,43.75192715878316,51.37828542104561,50.01453617185371,54.60545695856664,55.87993108669032,57.37721403223259,58.12899406072206,43.47727828789745,52.00354962503494,55.1308473654404,55.29318078122436,50.93808934751642,58.4145779302981,51.767758783134155,47.57429600963697,46.50935903234637,51.22150355403412,48.08579647074851,55.89939081837311,51.1766912253549,50.273239592171684,54.49434858087343,53.718780223808714,54.979971018541335,48.3147542060225
1610557007.49MyVgDnuUuBxrvL6SGOdhKf69VYlW1MSm,60.1420533495984,54.05260409856093,62.38523263147902,51.92123311594836,62.0270654407537,61.270190005206594,59.15346435784423,62.97138171464959,61.064541479822026,62.04995607197462,56.973218108963266,56.531205278075625,60.4029399365884,61.653531375197915,55.83526233140309,53.66051655948562,58.73078524948919,57.38844466350871,58.034351529926276,57.90165138830536,56.40867237822875,60.248329919399794,60.815539057912844,63.30908503481386,59.090738511150406,60.98423048920969,57.9303818807261,53.08622942240959,0.0,60.04993841489659,55.99904324040549,63.738907281934516,61.41082175445831,56.36933475641828,54.464827640200156,53.466942426939,56.46914237456082,54.49944909371634,55.827919515614866,56.99197864516392,53.16946695011174,55.45653422193801,53.57862350251611,50.991530004151016,52.757442755581316,54.47131101146028,59.60485423401411,60.684047925130535,60.78228770756273,61.61031887060734,53.43199652343395,56.62143711639367,60.287214227160504,58.59580646653818,56.02661785251053,61.42580555728518,56.45439915614024,56.47589789619357,56.119755951249864,56.793116101210636,54.70884473031319,59.72536536309279,55.28106500131329,55.82956648767316,57.34668968600558,58.34257015415127,59.144318087198606,55.8159868192252
