,1610555604.25mOvVXuL01OCiReyVWBfesjuvXmB3MoPy,1610555605.43B6oDsBtWRQ29Q9UMQuTUEPZy3FSSWXzc,1610555610.92HPGJJSmyPM40z7otPBgHalNrHFA7zk5d,1610555606.68LaSQbm9EHAFycEfFtEqAwYqlBsQPjIRW,1610555617.19EKxMEwDHfXiEJZc27TsGoERaD6Da4BZU,1610555722.52PJ3FD50MGhRXyUD28vluU8Z9UjLJLZn4,1610555617.52Ijr5puT55g9apK8auM7zaxa3NANg502t,1610555638.77ZLjTLkz4jYJdFMI2wWBztzsDILkoOtAk,1610556912.46C7tJPLF0XfNnm8f1820X9aLmXMHoc0Dw,1610555617.51LjzIROg0aeCP2GhDcAVQ0LipKJB9jmKc,1610555608.17OpjjHobqRkX0UPcaXrbu7K6L3805SZri,1610555721.82zWeNZfGUUfRJkgnAwlP8VMhPzXctnSd4,1610555735.75bom85BDF0C7W2eIseHeMxi24qR68nzMi,1610555735.77NnT5xqKnwcf2BbjIekeb2arTQj6QMNwk,1610555638.33wjf1PhdNaoWfbRzXVn50hmFyB5bYAiLV,1610555606.65jCE4ig8Pu8kvAzkxnSGfWsV0nQBjCf8H,1610555608.18ONsBCVo1i7BrX0XG9stct4oiA6ejX9Oz,1610555721.51RNoQUMP19FTMS79BmA3JkgSm2IC2AQuQ,1610555971.86O0cHB2ibBJ8jxoObg01EpGe8VVV5mpwn,1610556911.51zU3duZSGpcw1BDNsBLxdOCITAXwl6z3i,1610555988.71dMoYT8250UHHJGxgmITTmbHe7V6gH1yU,1610556042.81mlUZsSp7gbGjrp8jQSnybT1gPy6e62o1,1610555637.02UBW5nKvDyUrKnaWcYRGajZPxTRDS0q3N,1610555619.13oUYNikU4facCTpUSiSLr0vPI0tJLnXiT,1610555721.03nzkucfjAUh31zTbmCVvTVYqtjoxZFnBh,1610555722.67fhKURdXVzRbLIjXmjRwdJHTnE7PWb1AE,1610555638.39J2ZWBLuLTHP0jOlzB4tNHmYeijH5g5YJ,1610556032.17Q6yCDx9g7alRnL9jBFXD2JhhUyB2hKfJ,1610557007.49MyVgDnuUuBxrvL6SGOdhKf69VYlW1MSm,1610555638.44hjT5hbYdKoE3MB6hijrjqbjmLgvCUYKD,1610555608.13zUvmFSCRt6SsLbhqFznMEvGx54GPGQzM,1610556038.62a5C4ynd1AARyAhTv8a58NCqHvXRjscqH,1610555644.45Xse8u7pusHNsd7F3d0A32HXvXr6weOJE,1610556038.62gKXOCG7XCn55eJvyl5voNjbwOW0znQDq,1610555987.13v0oleKK97pkesp6oMgprH8SoSdoDVdIO,1610556964.96ZLLeiQW0qpmxhPGTg7K03fmzkqsC2bjC,1610555987.13VQlEedQ50VvkPMEMzZDv3KNnQCewykN9,1610555982.186TY6MMGkDecIN1woW6vsfAMXVV7jnyjO,1610555982.673LuMndkwkvdmZOn0MmE2Pkidx0FtNalb,1610555733.38zItcuH7gHNfKdALR2d9Nek6bxCyw36Vm,1610556034.15BQxSbZINGCay0yp6RBVlgcPrw76Yn9ON,1610555639.37BPZpgtGml8qUsh9AdV4m32jPLfI2aNFq,1610556965.57S0adAalhWYe6K3bkZU0bRHbqnDK8gGkR,1610555983.54zteLPCMjyrjzPdhHhlZr3faCgD0TfYr3,1610555987.79rHnNRmt9a0ufmnwCvZqBouyUoZDNpylW,1610556960.041xWER61rmArlsKfiMl4frikWmUCnQ7op,1610556035.13a7NHZDutfTMJ88qle1gTYY59Dr4WmMsj,1610556890.456ZBDaY16bMtrTZTqAgHl3wq1tRxzqDow,1610555760.24e6890pkbyZ97Or6croI1rQgjkSsR0yVt,1610556043.02YpWMIJg3W004iqlPyv8OcVAZdSC5rNYw,1610555987.03z05P26TLtONYM1HSzupoc2CeNMa6HTqr,1610556032.15OYCzUxpsz7b10AXBAuDXrvEcvxFhf0M7,1610556032.63Z80yI9pNwS3jSmsDABbuhf8wkNa2Ze9y,1610555736.28eGuESasTXdR3SqY6pHhEXWZtcdciYLCO,1610556034.61bebeZA0MkaFG2sm3VKiqrxeqQginTTW0,1610556944.5XwXOphKYT3ZkWA8gViqOS97VHVuMVUqb,1610556944.745UVLFBzf7fPh4UH37I6tYQOFPqRDytEh,1610556034.63XsUwaFaPZevO1JNFjfhvY4aKNFnV4noV,1610556964.89xwBHw9faT1HjQRMNQEyA4qJ3hWkwgj3k,1610556966.74DydzH91jtyvRyYau47JpVkZoMRSNTt01,1610555740.77UueVziDbaXyRR4OcVJIIZyzOfAzN51bj,1610556046.84e3vwjyRCzqz0wJQhrk8zsxlFfFSv98Df,1610556137.99eoPuVrDThKAOvmeprLPb2FWRqIhzUodc,1610555740.73XFwSrmTXJPlaxGZSefh0jOVA8PI3III1,1610556123.88AOfNaz9jSnqU5Czc7okOv1RCrYfKFBTo,1610556046.85nB7NvyoYQeLcOV391Lmmut1wAM8CFGLw,1610556123.89H4pdIAzDthI7bMXMhlIhKUYIQIvtmPPQ,1610555740.87GOYQUJKpkynIS2lFqppYK4b32ol7NeGh
1610555604.25mOvVXuL01OCiReyVWBfesjuvXmB3MoPy,0.0,46.412595234600396,30.60398848643069,46.94486191578169,42.820475791568256,47.17280386797577,43.11222179505628,32.33819735991316,37.99267534115577,44.64540721483713,50.123806756366,46.28394655267492,46.17222212232268,39.40193746877398,47.875146430102234,44.67892099550739,50.4633906250075,49.6513809957693,45.5671395474575,44.197934552459124,47.31301163167889,52.76304935319376,44.78453295457373,33.563996704564914,46.764449344379756,45.69757665137417,41.25927498916915,45.90878350219806,50.22785512553981,41.36512456200795,44.41460700551169,43.10799588936822,46.31173150445123,49.16340331712053,47.95795612394567,46.434027444344025,47.07995667898687,48.845977258736106,48.710947434333185,49.00630057620367,47.06449708441106,47.70767599235079,47.056748629998076,47.901997362763396,49.426840213751404,48.9656413307205,47.237243794945776,45.338775931112835,45.79968443783756,50.024057266986134,45.06652523104766,42.73104370654291,48.78376865007952,49.31222284308247,44.937987607482206,47.1960959769352,48.45129544425118,45.58166498489805,45.85750635179578,46.8034633412454,49.43293733951776,53.215801884008386,46.769565420119655,48.35859857195847,47.09291758481356,51.73002605270826,49.36433677871769,50.21311024596718
1610555605.43B6oDsBtWRQ29Q9UMQuTUEPZy3FSSWXzc,46.412595234600396,0.0,48.723816192172244,44.45116541914137,49.21277141652785,49.458668609448594,48.831116933860436,47.281163276863076,47.75627893108334,44.05146614483552,46.722895096436005,43.20039470171778,41.56077589383729,47.72882127408719,42.7173028805034,46.13215592698521,47.30079874968115,41.45655490224115,49.638530751207824,45.94461119341166,45.5489445753369,49.483617787224,48.26279477816029,48.259789655809634,46.27585364810895,47.683511241878215,46.92593383285658,44.43172621227804,47.3851412556085,46.05134082723988,44.98391969287515,45.839556353062804,43.89166043572573,47.73670438018279,47.575785889915885,45.594801204746695,47.68165117765342,48.29653239587633,44.30583398285643,48.532981971061204,44.85604272284577,42.993993811128114,45.68011304823217,44.926081557329454,43.172383256870305,41.663650226147425,46.96036922237308,48.3566733987194,45.50940461996966,49.40721480475431,45.47181924777686,46.10974069335778,46.690233507825006,45.608566353610755,46.16190215783578,48.82963295000332,48.632995805004434,46.42498734208365,47.097366632843375,47.28238967827921,46.146817897790406,49.91555343567491,45.07314041047256,44.65653306492547,47.07932651585472,48.067925516072826,48.74948943488037,47.486358863705476
1610555610.92HPGJJSmyPM40z7otPBgHalNrHFA7zk5d,30.60398848643069,48.723816192172244,0.0,48.9908369198013,45.037156547246134,48.836548561475134,43.32742239056323,30.134623339859083,40.449501074921685,46.49347311391574,51.797547200563564,48.17000666145937,48.22201449954484,40.28996293429882,49.334244635694986,46.45535045230491,52.265576666885714,51.628858061318915,47.38596779957409,46.36794589702446,49.24884106316046,53.99899059502376,46.547914885009504,28.588413764988292,48.661627474139415,47.64126946605786,43.641077749043994,47.68803375765062,52.08356958322908,42.25910717967631,46.49269232000165,45.24192684225392,48.42388916828433,50.927014011479464,49.813834109232744,48.50877090615295,48.87090399026069,50.61187383062649,50.547476918438726,50.556452136844,48.76902086193966,49.812845246911635,49.0190351575084,49.64375648276183,51.356761984545166,50.92427152315696,48.39829885967185,47.54909985202933,47.51884864295392,51.35932663881082,46.949332713994394,44.420885301690895,50.39466691659374,51.16782747435753,46.42583936093983,49.353966892684056,50.12905991870523,47.20046888938011,47.79610447439095,48.87193122865583,51.238007880152246,54.76844873793383,48.775106362487065,50.11253147054545,48.72306001712015,53.28444182114151,51.02510183835322,52.2310839846658
1610555606.68LaSQbm9EHAFycEfFtEqAwYqlBsQPjIRW,46.94486191578169,44.45116541914137,48.9908369198013,0.0,49.71501522406042,48.52517264360514,50.6802216089026,47.77414146327943,47.96402097363018,46.21795963906665,43.627399182362865,44.07464056442282,47.482350569250364,48.49424845957724,46.525863926084966,44.51068655970766,47.28562023292445,47.01092737823819,48.66573185766417,45.84721605867777,44.20025980598217,51.86522673264194,48.81057074581899,48.96882459815853,47.74654169617478,47.50369954958205,47.08850116899735,42.38942228008836,47.11290487096802,47.737914329321804,44.58189655634336,48.65593181858402,47.34373678297549,47.78824520587442,44.576509441958315,42.269194749433865,45.40275084320036,47.73825353285946,46.00294302425769,48.098785368394175,42.478411982502585,44.189950937861134,43.52974220080084,44.351578316826746,45.432948152051004,44.20068814700918,46.73731029969943,47.35167910413338,46.97860743432935,49.532229438862636,43.449624911663875,45.48160448599689,47.840451134416014,47.62732814680342,45.293532832331714,48.99193086971689,48.1710840367632,45.59152250920013,45.1266707738015,47.1605688293741,47.05141176787616,52.17086009611019,45.5018736991241,47.48728439557741,46.858598904162044,51.334740677820804,48.2344458997286,47.38694503692816
1610555617.19EKxMEwDHfXiEJZc27TsGoERaD6Da4BZU,42.820475791568256,49.21277141652785,45.037156547246134,49.71501522406042,0.0,45.93051229150597,43.94580389345314,44.01406074909936,38.493316968134124,47.099379712623545,51.12136684668602,48.38482334568016,48.89261091041896,44.18835357299128,49.03593281859788,47.60623404895436,51.755732713583036,51.013213891146414,44.19786949411527,46.73180243370103,47.94377295992016,53.959634237585284,40.72277990975121,45.27295132246825,46.995961733126386,44.54880956584967,38.635541313376415,48.02208326836556,51.07076981238963,43.297811866112326,46.37354676395059,44.55128766582244,48.49129844941655,50.73369307334088,49.67233137763423,48.33357054910257,46.69432414163748,50.48366063430649,49.786795031444306,50.28267792456279,48.01238596882044,49.671571825412045,47.85084040855577,49.15843304800096,50.89612262157122,50.235182577386425,47.05928826373171,46.743688799492844,47.62528127242538,50.589810587918,47.1858291220712,42.884712952568854,50.93633443088501,51.44891961249607,47.052108313985315,46.01376194011326,48.35720115667285,48.87370900454213,47.242652345552976,46.97884865044427,50.98619600164233,54.58125832171909,49.179582284995014,49.63717675533971,49.26478884616689,53.0340269237612,50.16209682893128,51.81731033692324
1610555722.52PJ3FD50MGhRXyUD28vluU8Z9UjLJLZn4,47.17280386797577,49.458668609448594,48.836548561475134,48.52517264360514,45.93051229150597,0.0,49.42671618390707,47.643386801300025,45.568024806370396,48.75491895486149,50.136669856850396,48.50538476006409,49.13115120254965,48.35398934462513,49.00729877753964,48.7163356493446,50.94614853655225,50.78573897050568,39.1997427258554,47.89063260792236,47.53464875771635,53.62668343002365,45.24140025141644,48.89015980219162,47.60499775795123,32.7359287028196,45.81742312975546,46.64350548304751,50.31783514877934,46.45850583864734,46.99876292868176,46.79094872936357,49.769068865955724,50.51598442073724,49.16163044740237,47.89557512681487,48.229765176543495,50.613635412717336,49.719238956396595,49.96618119407662,48.5662875393109,49.26648977292538,46.991874047112546,48.42539185530826,50.188286168008865,48.09761269340341,46.54020111570655,48.104069070385584,49.22084616329318,50.70526744394363,46.369616188989056,44.113383452315645,50.04828289252038,50.951149372680874,48.613966802779046,45.22700911400958,48.553118029692634,48.763576870433646,46.8893954484908,45.98096828589527,49.73533270864203,54.13844104334684,49.682959038242764,48.938610347300575,50.24988329465953,52.79080482178592,50.47511782412466,50.10367265667775
1610555617.52Ijr5puT55g9apK8auM7zaxa3NANg502t,43.11222179505628,48.831116933860436,43.32742239056323,50.6802216089026,43.94580389345314,49.42671618390707,0.0,43.84946949111143,42.393219024940834,48.17296701507857,52.09021656534185,48.98242896517325,49.414520454240346,41.53133844826444,49.22306323258796,48.122932862210334,52.39932449995142,51.47886051659351,47.8797581435537,48.40468712505983,49.71146427047895,54.50701926249993,47.33550205406543,44.416261789835254,48.93522017404022,48.14807538671001,44.267669891061296,48.617196266895355,52.49209403741572,39.3535088441153,48.27871216297746,45.018342396010034,49.51357562468158,51.810919812805494,50.96692951965905,49.00484964553485,49.880316917208056,51.6255927810659,50.677273589724486,51.157226536866304,49.19823035830735,50.26000940500276,49.675568392037064,49.767993118577664,50.83326453490925,51.06170601246645,49.40664662678285,48.98165330712545,48.76409932610549,52.69934870556952,48.029610274133596,44.56268729982834,51.212085139127126,52.12644265072602,48.62198229580393,49.76333349671745,50.277961356161775,48.285633290389924,48.687547417970315,47.706231662548646,51.679116832714435,55.04459203782314,49.97989475113974,50.02076204746529,50.518112741838436,53.927510887026955,51.886887584503846,52.76651309845718
1610555638.77ZLjTLkz4jYJdFMI2wWBztzsDILkoOtAk,32.33819735991316,47.281163276863076,30.134623339859083,47.77414146327943,44.01406074909936,47.643386801300025,43.84946949111143,0.0,39.18848631032326,45.257391258563054,50.50224071011869,46.78609824623514,47.0760910886666,36.34880615812032,47.95813608585751,44.97549844164523,51.01154531100643,50.02100094117278,46.702743416610964,44.624444464968484,47.652760205966125,52.648199771920346,45.30911610178677,21.92419493920556,47.56568834356448,46.27238102996983,42.37941065025876,46.428999346402954,50.77807735489462,42.33524117276697,45.29814685187474,44.22486312080794,47.359516812280674,49.55893631539876,48.33705002622494,46.88760910516717,47.66540964009968,49.300484705033725,49.20258431632541,49.41115278296384,47.53989962806687,48.354214759099456,47.58881732195693,48.35226699968731,49.87663384846813,49.26694710487247,47.418810435974876,46.2654707470351,46.362455050385414,50.511197199575015,45.685316131286655,42.932050580331286,49.56200220160169,49.83565359992218,45.13176682799568,48.05625705573837,48.95471106113925,45.46325930371632,45.83409657840212,47.529640581076436,49.741262265154454,53.75045628913188,47.76896860391774,48.98338202459846,48.02723558654374,51.80383129525535,49.869283881205874,50.784500816742494
1610556912.46C7tJPLF0XfNnm8f1820X9aLmXMHoc0Dw,37.99267534115577,47.75627893108334,40.449501074921685,47.96402097363018,38.493316968134124,45.568024806370396,42.393219024940834,39.18848631032326,0.0,45.84902920383115,50.411426596692664,47.05150889430738,47.52778565406099,40.51523035302115,48.015605252688644,46.04668111941525,50.9092532026786,49.8603983454037,42.59759134777433,45.11220740941828,46.64687728063875,52.84485141709698,42.85647056732662,40.65951246191265,46.45601959575838,44.0240912664679,39.77453278841798,46.10884604398838,50.03979300334788,41.91777938662935,45.05117670468777,43.657445478718195,47.68670173808078,49.14116552499125,48.427917161312905,46.76208511516208,46.65273350664795,49.376984375860296,48.97984248775714,48.82191396687792,47.12988207002971,48.42245074930661,46.555506614032694,47.55417642450858,49.483501855735256,49.051612265828126,45.64034536046009,45.60035877516716,46.3620465035205,49.26528571206668,44.60602463164136,41.6845845260547,49.71977084839233,49.640493184163816,45.91796222380298,45.9249073598646,48.117344387622055,46.50608856494891,45.275791936945645,46.47312867998701,50.162117142976044,53.91744486831754,47.888565063049114,48.61259169437606,47.92713667469342,52.34797963699264,49.06339182326841,50.76186404800072
1610555617.51LjzIROg0aeCP2GhDcAVQ0LipKJB9jmKc,44.64540721483713,44.05146614483552,46.49347311391574,46.21795963906665,47.099379712623545,48.75491895486149,48.17296701507857,45.257391258563054,45.84902920383115,0.0,48.4293043143067,45.429736300443174,41.04740112821737,46.43910679540187,46.452774872206824,44.13122514388218,49.21632964768667,48.18071676701224,49.092371866730076,43.3747970216204,46.37455667381433,51.875729227469265,46.45136430917125,45.97868499027404,45.987782532633204,47.05656190371999,44.114164390351725,45.40835828388098,48.112650909280404,44.83297394203289,42.62820526904835,46.41594393539593,34.94003132808181,46.054149752863495,47.044139007580775,46.69593364737509,46.31609762834772,45.883264654550075,45.715579651279675,47.698880660316206,45.90524313760286,47.00603213497685,45.51031871876468,46.580513037483385,47.85350532969819,47.463143339198446,45.430287492645355,47.0264595068345,33.11202867606863,49.45334792847542,44.607968815035946,44.76280305557694,47.10520678525646,48.33422088723371,44.373547434299674,47.95851439583339,47.916148379060154,46.06011175151597,45.35610466824831,47.62737366203208,48.46674042162394,51.89105470442108,43.10695514985876,47.16918106178795,41.09810589114999,50.735402886120355,48.51339828035238,48.93736860722131
1610555608.17OpjjHobqRkX0UPcaXrbu7K6L3805SZri,50.123806756366,46.722895096436005,51.797547200563564,43.627399182362865,51.12136684668602,50.136669856850396,52.09021656534185,50.50224071011869,50.411426596692664,48.4293043143067,0.0,47.643550342274835,48.844907298674336,50.81340922955206,47.59192097698115,49.118180218675754,38.32918959297971,46.48688932448034,50.797804382569474,48.26910657071772,45.923698387545066,51.584670519995065,50.77573520147524,51.62148894877203,49.015108751426496,48.325842140953306,49.5465002645067,46.66260903500209,49.670406197478435,49.640333333725984,47.914983563176555,50.325128114528994,49.32044613391788,51.30397771875684,48.74244405651468,46.605743470858535,49.39779957400857,51.25236886555416,48.388134600692666,49.693897874491995,47.80363637092444,45.09261307532975,46.712997577767986,47.51300823869276,46.10534726236422,41.87800929588905,49.088290856413515,50.006252638270944,49.41714458502154,51.037330992914136,47.87844195458772,48.04297839877468,49.562169262982195,48.09862887378831,48.517290796450396,50.36198866438373,48.86707252373571,49.05411998676186,48.74765364590164,49.26414492083885,46.68976852934228,51.373937921722906,49.18296655939078,46.525576926812924,50.13541974034259,49.69229089634946,50.02841662451941,47.72777857742496
1610555721.82zWeNZfGUUfRJkgnAwlP8VMhPzXctnSd4,46.28394655267492,43.20039470171778,48.17000666145937,44.07464056442282,48.38482334568016,48.50538476006409,48.98242896517325,46.78609824623514,47.05150889430738,45.429736300443174,47.643550342274835,0.0,46.381199572782506,47.53862420698366,44.91680889695243,44.25112052093103,48.30314462198543,46.582224958795734,48.42214288513455,43.667531241425706,36.483232328141504,49.609641257825004,47.900701755158096,47.702569776575885,46.14936498520413,47.12365980082906,46.89668372410813,39.11275090211659,47.67294701225315,46.744872737102575,45.22818328798816,46.70546629408945,46.41795651038336,47.59877056567839,43.89953167092675,43.34856321439135,45.778617410605705,47.4002682357307,45.989548464368575,48.09879798083953,43.71923814843942,43.05590621219247,44.4734811263124,42.355694570913286,46.81061105766981,46.36608535273956,45.528114191063764,47.04914709510125,46.2256492559903,48.76992016484048,40.60207389326989,45.27959949331371,47.1463006574067,47.12596561715668,45.46391015104604,48.17909828288961,47.84014445643341,42.29902105786207,44.45264237442825,46.831714148030464,47.408171239561256,51.33274600877628,44.44646674781554,46.993864011544936,46.4919483638563,50.04746564338049,47.8016901830463,48.06823312048477
1610555735.75bom85BDF0C7W2eIseHeMxi24qR68nzMi,46.17222212232268,41.56077589383729,48.22201449954484,47.482350569250364,48.89261091041896,49.13115120254965,49.414520454240346,47.0760910886666,47.52778565406099,41.04740112821737,48.844907298674336,46.381199572782506,0.0,47.40691003644766,46.570700855104434,47.34730059175754,49.37211078133927,47.05132431418032,49.83210286831111,46.35400227980859,47.09975214288876,51.932279456117655,48.299907135719664,47.926403583423685,47.83002062416292,47.483248500751934,46.806481832098115,46.24500573230286,48.01053612326987,46.39606606357154,44.7234278836294,47.31384319006912,34.875960030536746,48.16314742264027,48.56827723332587,47.8310634428803,47.88664357332355,48.42047243193237,46.51106861931903,47.60961083952466,47.462811118773104,46.60689980332041,46.523293960715264,47.218029446675295,47.515945165125075,46.64777680120121,46.95521532457465,49.10965664883201,44.14547784379921,50.47207139988603,46.73148497333379,46.11453954449142,47.250829768055006,47.54590114267393,46.48647497132884,49.53706873846029,49.57442844681436,48.23066837880444,47.53958359989346,49.07573726152714,48.20040288433778,51.623196134745676,46.50176629763147,47.61659511953862,47.390819860097174,49.804610464616964,49.22149808352291,49.118715184250064
1610555735.77NnT5xqKnwcf2BbjIekeb2arTQj6QMNwk,39.40193746877398,47.72882127408719,40.28996293429882,48.49424845957724,44.18835357299128,48.35398934462513,41.53133844826444,36.34880615812032,40.51523035302115,46.43910679540187,50.81340922955206,47.53862420698366,47.40691003644766,0.0,48.07067298709277,46.28671364568773,51.27901815123414,50.27291951007398,47.149193189467326,45.96872291469345,47.882702523586296,52.89252656078007,46.23904240910906,38.48882092292564,47.510038181156276,46.92715851563122,43.31508117305658,46.64334468724146,51.19814213615234,42.604569397090955,45.67851552950593,44.094303532760115,47.84677292427326,50.289774505706625,48.753346897630735,47.47153101771841,47.992273782969654,50.118765085695784,49.90546191405865,49.519066877728335,47.93383348003508,48.91281059712736,47.988808872821956,48.66835371333316,50.149701325079505,49.594538693484665,48.09569197272057,47.33484479954003,47.16305726621467,50.70485150458337,46.494221127606025,43.426167157137904,50.13530020032794,50.398697341259286,46.287967134369495,48.42186694474576,49.14586095038808,46.64306016381787,46.62120672923239,47.252435943815456,50.01116086557268,54.10226741925859,48.41261067656484,49.00247463673263,48.8098954668166,52.44394378717669,50.041069636843936,50.98784986332762
1610555638.33wjf1PhdNaoWfbRzXVn50hmFyB5bYAiLV,47.875146430102234,42.7173028805034,49.334244635694986,46.525863926084966,49.03593281859788,49.00729877753964,49.22306323258796,47.95813608585751,48.015605252688644,46.452774872206824,47.59192097698115,44.91680889695243,46.570700855104434,48.07067298709277,0.0,47.03863919546487,47.96302402856246,46.67081099237562,49.07453237886598,46.93956840618436,45.83834165898447,47.387441797745055,49.08870088109966,48.84058524140121,47.49362697106175,47.03257465884614,47.17934824419759,45.61839346414394,48.69891451747946,47.23190785406033,45.47579544311768,47.0445340395721,47.29028198420878,49.96967395312258,47.730722746195944,45.76457852998368,47.23588737630115,50.0584731472048,47.70648411435175,47.66173397780095,43.648265550021435,42.87484438928647,43.43934876651825,46.89510077034201,44.93502293742581,45.934020815995375,46.4109142311794,47.82975668917747,47.43078181566445,48.58766134447953,46.501754459935796,46.12795595582886,48.205237579325384,45.69965381554928,46.85545463328077,48.74397435964864,47.809442588607126,47.477688106020985,47.853583397880996,46.55754127699464,46.65710922381941,49.22941858208518,47.282275194296226,43.55962427338599,48.64460587262129,46.37518194816442,48.08799842283073,48.02594230533613
1610555606.65jCE4ig8Pu8kvAzkxnSGfWsV0nQBjCf8H,44.67892099550739,46.13215592698521,46.45535045230491,44.51068655970766,47.60623404895436,48.7163356493446,48.122932862210334,44.97549844164523,46.04668111941525,44.13122514388218,49.118180218675754,44.25112052093103,47.34730059175754,46.28671364568773,47.03863919546487,0.0,49.875152318505094,49.208294549664146,49.17962676836457,41.56252205023011,45.25161534662933,52.66956087324892,46.5887571124784,46.14478497354076,47.61883704773839,47.595437123277904,44.76898081367863,43.18708034565007,47.93588981115222,45.01263374700312,41.52238353901273,47.185022567655324,46.130958603637964,45.04273871014921,43.19014478386599,42.33883915451404,42.838042326667534,41.799972759818,48.1652113148497,48.65725804860749,44.39123041957307,46.70734243024083,45.9318278199813,46.20498071305915,47.20999152230582,48.23122373432904,45.89427159041141,47.00587847067516,44.0702531267944,49.12667886619422,40.82525254663014,43.84639429910067,48.02072173704362,49.45858728962265,40.06578337424957,48.55925740984662,48.681911710147155,41.711567628163536,43.13278636028995,47.60242926961439,49.16885932010753,52.67212680193324,42.146390292121,47.97106224894541,44.5435344390886,51.583827116153124,48.3718868702294,49.562464815447385
1610555608.18ONsBCVo1i7BrX0XG9stct4oiA6ejX9Oz,50.4633906250075,47.30079874968115,52.265576666885714,47.28562023292445,51.755732713583036,50.94614853655225,52.39932449995142,51.01154531100643,50.9092532026786,49.21632964768667,38.32918959297971,48.30314462198543,49.37211078133927,51.27901815123414,47.96302402856246,49.875152318505094,0.0,47.37676108245232,51.402005570398835,49.09873177504482,47.079035966701575,51.602694866506205,51.53138327277294,52.00257718929948,49.75891044201835,48.68175855138603,50.18906729472508,47.6864825956595,50.72666169397763,50.22964625725728,48.62408142248957,50.676932495832354,50.1208686020334,51.66538821332816,50.29433348360152,47.279981362844374,50.04384090598885,51.92160497111487,48.733443396068076,50.41568433620529,48.63523656333355,45.328634391982106,47.776229824596165,48.72762944357707,46.63931191219051,44.26511197899865,49.76802796330133,50.71261042290309,49.88482177112633,51.082937593541104,48.92924979106699,48.80009731209542,50.07270320336052,48.57820775402434,49.26985290229412,51.0509343105129,49.820311083226535,49.979418879279514,50.24494794785483,49.6788898016181,47.403830964594064,51.22990064752337,49.619689402525985,46.90437031393757,50.97613751748326,49.68057779237997,50.719311781539474,48.690267024646346
1610555721.51RNoQUMP19FTMS79BmA3JkgSm2IC2AQuQ,49.6513809957693,41.45655490224115,51.628858061318915,47.01092737823819,51.013213891146414,50.78573897050568,51.47886051659351,50.02100094117278,49.8603983454037,48.18071676701224,46.48688932448034,46.582224958795734,47.05132431418032,50.27291951007398,46.67081099237562,49.208294549664146,47.37676108245232,0.0,51.01980095991679,48.70396575772532,47.49250736088726,49.90069229477525,50.754319953500335,50.875611001281406,48.93372342186977,49.040693171083106,49.70159684088673,47.16179554453992,49.40546896406983,49.1873782231017,47.789104697315516,49.61457231995916,48.49899026733809,50.80994008501713,49.76501831100259,47.74087486300734,50.12558300530968,50.92421565320497,46.750083169644974,49.921707717700656,47.76688499725625,45.39428632711721,48.04492578994837,47.50061181729341,44.535694513103735,40.64835790941208,48.76453807479074,50.19541566852037,49.10433330563382,51.112347344468695,47.998795401840326,48.48165055734367,49.14641426924984,46.88835533943698,49.46222781607506,50.50256258492685,49.46046953595552,49.36050062636163,48.890159975681726,49.25773051783203,47.054545508167735,51.33926804155169,49.29121806520714,46.30017802002004,50.27317367622237,48.95531800033222,50.45314018120506,48.499799540324794
1610555971.86O0cHB2ibBJ8jxoObg01EpGe8VVV5mpwn,45.5671395474575,49.638530751207824,47.38596779957409,48.66573185766417,44.19786949411527,39.1997427258554,47.8797581435537,46.702743416610964,42.59759134777433,49.092371866730076,50.797804382569474,48.42214288513455,49.83210286831111,47.149193189467326,49.07453237886598,49.17962676836457,51.402005570398835,51.01980095991679,0.0,48.41557324586942,48.362579736140404,53.72312075818131,46.129436959008615,47.6326992381725,47.11683259355926,40.89998277883755,45.127109736047295,46.82493723216611,51.41473196794266,45.22947276503278,47.34243521301724,45.901694554306225,50.10067351342032,50.733417291380235,49.522374168675405,48.021827072275535,47.87723848808027,51.02524223030354,49.63175084737436,49.589921225628736,48.023198973808945,49.59643573808936,47.33819355751368,48.22931662923308,50.71425146106685,49.472733334777836,47.189086992719275,47.0967258491061,49.66513157594698,50.593753216952805,46.627828159594955,43.857667463700174,50.17365513915083,51.54883055888109,49.254470583955666,45.96858726080525,48.21379158499491,49.21658090989312,47.47141295301476,45.60040019928538,50.0884490321949,54.79627349267261,49.85169949167149,49.51451353259672,50.27312267778467,53.340895174629885,49.924767659504695,51.065108640411836
1610556911.51zU3duZSGpcw1BDNsBLxdOCITAXwl6z3i,44.197934552459124,45.94461119341166,46.36794589702446,45.84721605867777,46.73180243370103,47.89063260792236,48.40468712505983,44.624444464968484,45.11220740941828,43.3747970216204,48.26910657071772,43.667531241425706,46.35400227980859,45.96872291469345,46.93956840618436,41.56252205023011,49.09873177504482,48.70396575772532,48.41557324586942,0.0,43.96611407774749,51.88073976739069,47.13033056378471,45.74483045496388,46.9858519827986,46.492307465904055,43.49468193240626,44.223670910265724,48.59825000368926,45.99616220776047,43.48944776621217,46.98050884022568,45.37585408261496,46.72416908607163,44.66352740978983,43.85126283738133,43.7218667233961,46.15751432834521,48.12713497233437,48.64820250052428,45.14582600852516,46.51439251591988,45.1850686526456,45.642234111512074,47.651063457809585,47.88257904011711,45.443967898518956,46.31344806219576,44.28616031398291,48.957233703382165,42.599995099103594,44.38924053771442,48.46446242038043,48.697535314602355,42.73407873936253,47.78532870299784,48.15473892671862,42.12138522322852,43.49131699430956,48.20697925707783,48.417539064479335,52.159024074003845,43.765062065426044,47.64718357224841,45.389465710695234,51.089786597985636,47.93957446510711,49.19451045763555
1610555988.71dMoYT8250UHHJGxgmITTmbHe7V6gH1yU,47.31301163167889,45.5489445753369,49.24884106316046,44.20025980598217,47.94377295992016,47.53464875771635,49.71146427047895,47.652760205966125,46.64687728063875,46.37455667381433,45.923698387545066,36.483232328141504,47.09975214288876,47.882702523586296,45.83834165898447,45.25161534662933,47.079035966701575,47.49250736088726,48.362579736140404,43.96611407774749,0.0,50.23336485572376,48.025182038193144,48.903367587927065,46.19969842030535,46.176062171669024,46.80906218918794,40.43143104502255,47.475112085399346,47.35312839779528,45.29681606246417,47.62647526246097,47.25135946255059,48.53428354512654,43.03940374458248,41.990210174673834,44.45983603041311,48.45267853086072,47.29109163233575,48.412460245391934,43.593332173542855,42.68465494735685,43.66760953373184,43.4429501517544,46.09021799219981,44.838311489544154,44.93099245382672,47.62118623628725,46.80928396085516,48.26291950805175,42.36242781329164,45.1830969031803,48.31248519493113,47.12592622325411,45.301256109902376,47.701655114703115,47.15738238536113,43.3516858236336,44.713627075301204,46.41897442409817,46.97547399091164,51.73499073983684,45.505566143692036,46.833233168506055,47.00560254616209,50.34289890697532,47.66208372675338,47.42874655397029
1610556042.81mlUZsSp7gbGjrp8jQSnybT1gPy6e62o1,52.76304935319376,49.483617787224,53.99899059502376,51.86522673264194,53.959634237585284,53.62668343002365,54.50701926249993,52.648199771920346,52.84485141709698,51.875729227469265,51.584670519995065,49.609641257825004,51.932279456117655,52.89252656078007,47.387441797745055,52.66956087324892,51.602694866506205,49.90069229477525,53.72312075818131,51.88073976739069,50.23336485572376,0.0,53.8401915306827,53.26889706827553,52.78399281544483,52.155696397513,52.65863483530868,49.588919235396695,54.20201183003386,52.11537723599707,51.65802247942486,52.586131541500976,52.65748834077412,54.30501502021664,52.89467133616125,51.233651612011414,52.979898163420636,54.87040945563293,52.36727890505353,53.137307021537566,50.994611292921306,47.25253490426539,51.14329220455915,51.590164922832805,51.25276426722358,50.02915172292492,52.08598010940135,53.03008550270888,52.73686460243838,53.389102101402834,51.66314887595979,51.243370969999845,52.757920155926236,49.98774840756487,52.170262738833685,53.57086603371709,53.17999537525272,52.004192866102755,52.80353784576508,52.36132891654059,49.82493178978283,51.05409761329822,52.44900850524656,48.450543471929954,53.129226432854075,48.216800631278964,53.73024915319402,51.1555424760078
1610555637.02UBW5nKvDyUrKnaWcYRGajZPxTRDS0q3N,44.78453295457373,48.26279477816029,46.547914885009504,48.81057074581899,40.72277990975121,45.24140025141644,47.33550205406543,45.30911610178677,42.85647056732662,46.45136430917125,50.77573520147524,47.900701755158096,48.299907135719664,46.23904240910906,49.08870088109966,46.5887571124784,51.53138327277294,50.754319953500335,46.129436959008615,47.13033056378471,48.025182038193144,53.8401915306827,0.0,46.64154010313463,46.631844554357734,44.48753193969195,39.573712147766045,47.169067517569175,50.35502956167044,42.95620474822491,44.59043904036967,44.024405355897095,47.68596242193849,48.18693420503883,49.081553961279766,48.15160142881277,46.29207922619066,47.34426681170565,49.25652214228035,49.489305555289825,47.274810882655686,49.34700582576186,47.39203020758395,49.16743217036972,50.8271700358775,49.73147595272581,45.67725145420696,47.356439538555954,46.630106072613565,49.823186624717884,46.45651879136777,42.64805648455579,50.44474147018391,50.96056899108355,45.47832901536638,42.92163075394406,47.87950492123121,48.38635734277334,46.508797611405996,46.38136134547902,50.75491192763725,54.23897368058099,48.09837322297438,49.30995151108062,48.503089042492746,52.97926536661043,49.89301564203183,51.39812722668765
1610555619.13oUYNikU4facCTpUSiSLr0vPI0tJLnXiT,33.563996704564914,48.259789655809634,28.588413764988292,48.96882459815853,45.27295132246825,48.89015980219162,44.416261789835254,21.92419493920556,40.65951246191265,45.97868499027404,51.62148894877203,47.702569776575885,47.926403583423685,38.48882092292564,48.84058524140121,46.14478497354076,52.00257718929948,50.875611001281406,47.6326992381725,45.74483045496388,48.903367587927065,53.26889706827553,46.64154010313463,0.0,48.57324235968205,47.48431949159318,43.80622233513823,47.346723286227416,51.87036297009319,42.89036721388057,46.49841965801885,44.981208755326676,47.95110150789079,50.48646289134137,49.607844083423764,48.16734661671431,48.86608924962859,50.122816734323145,49.98266005197433,50.0318925948075,48.57841929730699,49.343889794093556,48.77440096774523,49.18794488106284,50.97421157326733,50.19078534054462,48.65359484298289,47.6605406949195,47.382392057559954,51.25481093213895,46.82577233581963,44.43587793492787,50.40325288968291,50.765809045977306,46.41092980865961,49.18309779188739,50.05439465818148,46.31627263136176,47.12418091794696,48.37026308607004,50.42330397895674,54.58900307088172,48.75711799175713,49.722131227964105,48.984877854078746,52.6484639807513,50.783644495407785,51.53326735978558
1610555721.03nzkucfjAUh31zTbmCVvTVYqtjoxZFnBh,46.764449344379756,46.27585364810895,48.661627474139415,47.74654169617478,46.995961733126386,47.60499775795123,48.93522017404022,47.56568834356448,46.45601959575838,45.987782532633204,49.015108751426496,46.14936498520413,47.83002062416292,47.510038181156276,47.49362697106175,47.61883704773839,49.75891044201835,48.93372342186977,47.11683259355926,46.9858519827986,46.19969842030535,52.78399281544483,46.631844554357734,48.57324235968205,0.0,46.12011376749516,45.95661602349633,45.907676494611465,49.22923519361116,46.28209823936545,46.31041439653241,45.629353191512315,47.39513224434804,49.22256657917511,48.526969213556626,46.200565960119185,47.45764253722877,48.97858347948952,41.86662883906587,48.91310074577718,47.39834230613063,47.36082610618155,46.05212333407465,46.83688412143841,48.166118930793424,47.34762468798404,46.98557361735561,45.16069774929255,46.244909773456364,49.25557006919436,45.99517981406904,44.800520632450436,48.78997937294977,49.03150419340845,48.149819990481525,45.099618438351385,44.974281875159605,47.14816072040062,47.156494932824295,44.24817294201989,48.68912470892863,52.86526118858521,47.3702310808906,47.73507104359546,47.8116726446894,51.2398649807776,48.201231284011826,49.74061997938904
1610555722.67fhKURdXVzRbLIjXmjRwdJHTnE7PWb1AE,45.69757665137417,47.683511241878215,47.64126946605786,47.50369954958205,44.54880956584967,32.7359287028196,48.14807538671001,46.27238102996983,44.0240912664679,47.05656190371999,48.325842140953306,47.12365980082906,47.483248500751934,46.92715851563122,47.03257465884614,47.595437123277904,48.68175855138603,49.040693171083106,40.89998277883755,46.492307465904055,46.176062171669024,52.155696397513,44.48753193969195,47.48431949159318,46.12011376749516,0.0,44.4758284705493,45.46323200147578,49.42567749183233,45.05635833701197,45.61035392151172,45.013818800369165,48.35507616683351,49.22961308233636,48.30797344441124,46.40773005364861,47.29421392374569,49.472420513898584,48.2573088391296,48.60351383126936,47.35339891010568,47.13470208860865,46.155192660020774,47.42696700456585,48.302564246140776,46.903300919216,45.47835798496561,46.114340338324126,47.7914621700586,49.2748032938617,46.023727406019894,43.20177658794777,48.558608784859146,48.983025949766606,47.451098794553715,44.51875531088259,47.13166268393833,47.781473014262886,46.34569676016883,45.065019878324826,47.494202956939006,52.56309294028042,48.409822073492286,46.783303925268456,49.0080438636754,50.928898074576615,48.78724691596832,48.4086647697369
1610555638.39J2ZWBLuLTHP0jOlzB4tNHmYeijH5g5YJ,41.25927498916915,46.92593383285658,43.641077749043994,47.08850116899735,38.635541313376415,45.81742312975546,44.267669891061296,42.37941065025876,39.77453278841798,44.114164390351725,49.5465002645067,46.89668372410813,46.806481832098115,43.31508117305658,47.17934824419759,44.76898081367863,50.18906729472508,49.70159684088673,45.127109736047295,43.49468193240626,46.80906218918794,52.65863483530868,39.573712147766045,43.80622233513823,45.95661602349633,44.4758284705493,0.0,45.998002509726426,49.3846722962139,42.157670744755286,42.95030635095793,43.26481085891363,45.769058118458176,47.91804201880825,48.301264964418785,46.39927224636081,45.07806214027366,47.747237975829734,48.07570076793686,47.99283710961873,46.148901762913354,47.888574272322344,45.52191578363591,47.29979476535428,49.19085490247693,48.82180914587458,44.7192036011746,45.00858230770259,43.2923796454043,48.0752791324636,44.98277590044088,40.020276935829884,48.67247101319055,49.926194936922776,44.700284873147616,45.2911390793347,47.924097468553306,46.33832100223245,45.22791792902341,45.757516727453854,49.51076097604761,53.47980814120812,45.22405809638003,47.958953832948,44.63516221508043,52.02414404649041,47.770406234143074,50.2313745575993
1610556032.17Q6yCDx9g7alRnL9jBFXD2JhhUyB2hKfJ,45.90878350219806,44.43172621227804,47.68803375765062,42.38942228008836,48.02208326836556,46.64350548304751,48.617196266895355,46.428999346402954,46.10884604398838,45.40835828388098,46.66260903500209,39.11275090211659,46.24500573230286,46.64334468724146,45.61839346414394,43.18708034565007,47.6864825956595,47.16179554453992,46.82493723216611,44.223670910265724,40.43143104502255,49.588919235396695,47.169067517569175,47.346723286227416,45.907676494611465,45.46323200147578,45.998002509726426,0.0,46.909438341557546,45.967545209201376,44.63820362200685,46.45717374548879,46.52856724522913,45.74179659411698,43.328376211177826,42.31018427809552,44.11580846961834,46.61284547601538,46.269301372596345,47.06449386448635,43.15334116038481,43.026116069643756,42.94174149294231,40.83948974648325,46.7252154169987,45.07193369906485,44.67312171377392,46.539837348066484,45.98163506376041,47.96377863471101,38.885649614931914,43.693325227557644,46.19891092666647,47.116450688163845,44.15549305218104,46.27719810897188,46.94463973239122,42.54025167977839,41.34540494597467,45.248349652234566,46.14628334259858,51.51901297442627,44.16648732645004,45.937923766445486,45.576893984361966,49.414318544035645,47.01276656786162,45.83291700843531
1610557007.49MyVgDnuUuBxrvL6SGOdhKf69VYlW1MSm,50.22785512553981,47.3851412556085,52.08356958322908,47.11290487096802,51.07076981238963,50.31783514877934,52.49209403741572,50.77807735489462,50.03979300334788,48.112650909280404,49.670406197478435,47.67294701225315,48.01053612326987,51.19814213615234,48.69891451747946,47.93588981115222,50.72666169397763,49.40546896406983,51.41473196794266,48.59825000368926,47.475112085399346,54.20201183003386,50.35502956167044,51.87036297009319,49.22923519361116,49.42567749183233,49.3846722962139,46.909438341557546,0.0,49.59426799176298,47.51955181640458,50.81848632176056,48.36147783913938,49.314693899334564,48.32617070357838,46.70681435344882,48.52070427479003,48.451769587219616,48.01709241369007,49.817701394902315,47.187673565004914,47.96729568724242,47.07319169194035,46.63337919558447,46.5859590663844,47.601457681337905,49.28473329368525,50.52484123026226,48.70795125369975,51.56485200921018,47.46783105587892,48.2204761831608,49.978755842428434,49.32672511853072,49.22454424770773,50.474634781978736,49.91627350817552,49.5301839780962,49.088476215940936,50.45692526656843,49.82814290062869,53.53368223505583,47.64463635426937,49.84691617348663,48.319854269973725,51.80420659331486,50.47965979180022,50.08646222045262
