,1610555604.25mOvVXuL01OCiReyVWBfesjuvXmB3MoPy,1610555605.43B6oDsBtWRQ29Q9UMQuTUEPZy3FSSWXzc,1610555610.92HPGJJSmyPM40z7otPBgHalNrHFA7zk5d,1610555606.68LaSQbm9EHAFycEfFtEqAwYqlBsQPjIRW,1610555617.19EKxMEwDHfXiEJZc27TsGoERaD6Da4BZU,1610555722.52PJ3FD50MGhRXyUD28vluU8Z9UjLJLZn4,1610555617.52Ijr5puT55g9apK8auM7zaxa3NANg502t,1610555638.77ZLjTLkz4jYJdFMI2wWBztzsDILkoOtAk,1610556912.46C7tJPLF0XfNnm8f1820X9aLmXMHoc0Dw,1610555617.51LjzIROg0aeCP2GhDcAVQ0LipKJB9jmKc,1610555608.17OpjjHobqRkX0UPcaXrbu7K6L3805SZri,1610555721.82zWeNZfGUUfRJkgnAwlP8VMhPzXctnSd4,1610555735.75bom85BDF0C7W2eIseHeMxi24qR68nzMi,1610555735.77NnT5xqKnwcf2BbjIekeb2arTQj6QMNwk,1610555638.33wjf1PhdNaoWfbRzXVn50hmFyB5bYAiLV,1610555606.65jCE4ig8Pu8kvAzkxnSGfWsV0nQBjCf8H,1610555608.18ONsBCVo1i7BrX0XG9stct4oiA6ejX9Oz,1610555721.51RNoQUMP19FTMS79BmA3JkgSm2IC2AQuQ,1610555971.86O0cHB2ibBJ8jxoObg01EpGe8VVV5mpwn,1610556911.51zU3duZSGpcw1BDNsBLxdOCITAXwl6z3i,1610555988.71dMoYT8250UHHJGxgmITTmbHe7V6gH1yU,1610556042.81mlUZsSp7gbGjrp8jQSnybT1gPy6e62o1,1610555637.02UBW5nKvDyUrKnaWcYRGajZPxTRDS0q3N,1610555619.13oUYNikU4facCTpUSiSLr0vPI0tJLnXiT,1610555721.03nzkucfjAUh31zTbmCVvTVYqtjoxZFnBh,1610555722.67fhKURdXVzRbLIjXmjRwdJHTnE7PWb1AE,1610555638.39J2ZWBLuLTHP0jOlzB4tNHmYeijH5g5YJ,1610556032.17Q6yCDx9g7alRnL9jBFXD2JhhUyB2hKfJ,1610557007.49MyVgDnuUuBxrvL6SGOdhKf69VYlW1MSm,1610555638.44hjT5hbYdKoE3MB6hijrjqbjmLgvCUYKD,1610555608.13zUvmFSCRt6SsLbhqFznMEvGx54GPGQzM,1610556038.62a5C4ynd1AARyAhTv8a58NCqHvXRjscqH,1610555644.45Xse8u7pusHNsd7F3d0A32HXvXr6weOJE,1610556038.62gKXOCG7XCn55eJvyl5voNjbwOW0znQDq,1610555987.13v0oleKK97pkesp6oMgprH8SoSdoDVdIO,1610556964.96ZLLeiQW0qpmxhPGTg7K03fmzkqsC2bjC,1610555987.13VQlEedQ50VvkPMEMzZDv3KNnQCewykN9,1610555982.186TY6MMGkDecIN1woW6vsfAMXVV7jnyjO,1610555982.673LuMndkwkvdmZOn0MmE2Pkidx0FtNalb,1610555733.38zItcuH7gHNfKdALR2d9Nek6bxCyw36Vm,1610556034.15BQxSbZINGCay0yp6RBVlgcPrw76Yn9ON,1610555639.37BPZpgtGml8qUsh9AdV4m32jPLfI2aNFq,1610556965.57S0adAalhWYe6K3bkZU0bRHbqnDK8gGkR,1610555983.54zteLPCMjyrjzPdhHhlZr3faCgD0TfYr3,1610555987.79rHnNRmt9a0ufmnwCvZqBouyUoZDNpylW,1610556960.041xWER61rmArlsKfiMl4frikWmUCnQ7op,1610556035.13a7NHZDutfTMJ88qle1gTYY59Dr4WmMsj,1610556890.456ZBDaY16bMtrTZTqAgHl3wq1tRxzqDow,1610555760.24e6890pkbyZ97Or6croI1rQgjkSsR0yVt,1610556043.02YpWMIJg3W004iqlPyv8OcVAZdSC5rNYw,1610555987.03z05P26TLtONYM1HSzupoc2CeNMa6HTqr,1610556032.15OYCzUxpsz7b10AXBAuDXrvEcvxFhf0M7,1610556032.63Z80yI9pNwS3jSmsDABbuhf8wkNa2Ze9y,1610555736.28eGuESasTXdR3SqY6pHhEXWZtcdciYLCO,1610556034.61bebeZA0MkaFG2sm3VKiqrxeqQginTTW0,1610556944.5XwXOphKYT3ZkWA8gViqOS97VHVuMVUqb,1610556944.745UVLFBzf7fPh4UH37I6tYQOFPqRDytEh,1610556034.63XsUwaFaPZevO1JNFjfhvY4aKNFnV4noV,1610556964.89xwBHw9faT1HjQRMNQEyA4qJ3hWkwgj3k,1610556966.74DydzH91jtyvRyYau47JpVkZoMRSNTt01,1610555740.77UueVziDbaXyRR4OcVJIIZyzOfAzN51bj,1610556046.84e3vwjyRCzqz0wJQhrk8zsxlFfFSv98Df,1610556137.99eoPuVrDThKAOvmeprLPb2FWRqIhzUodc,1610555740.73XFwSrmTXJPlaxGZSefh0jOVA8PI3III1,1610556123.88AOfNaz9jSnqU5Czc7okOv1RCrYfKFBTo,1610556046.85nB7NvyoYQeLcOV391Lmmut1wAM8CFGLw,1610556123.89H4pdIAzDthI7bMXMhlIhKUYIQIvtmPPQ,1610555740.87GOYQUJKpkynIS2lFqppYK4b32ol7NeGh
1610555604.25mOvVXuL01OCiReyVWBfesjuvXmB3MoPy,0.0,59.29460414786385,19.380609277523465,57.88139306785249,40.68846858613446,52.02811061916207,42.098482757910716,23.715977547839156,34.233041476643415,47.57627445923253,64.9797406958442,59.568458586231465,56.6998717796264,36.94359498631253,63.1765242223803,53.127339579775644,65.7238294648818,64.03372664149748,46.69078412212791,46.1855516107625,60.81929749895722,67.30185746790737,45.83286206893926,22.553299659268017,55.08486135105863,51.699170649750094,41.90818362278679,61.200220325296776,60.490364325413275,45.61257178329082,51.07319406152212,47.135147146281305,52.201295609425955,56.14501382245349,57.55279420696574,59.615787471938674,54.62936555549099,54.75723099550527,59.141253710591734,59.54583873409424,58.59466156575639,65.96200406850188,59.21254086381175,57.309055357385034,63.886778203570834,65.76006728541475,55.075869176896276,47.00445064884388,48.69895512422199,57.70287501847343,51.88912447294016,48.61389270546788,61.40809737404992,67.67608177315371,48.21395458769244,52.630607824201576,56.808773149373856,53.95870839577229,50.4243689669298,55.152345995116775,67.85902536346083,71.45491199254923,54.0913765546484,66.28244697949907,51.005160179622735,69.80569555270452,53.1375666933437,65.75635605189089
1610555605.43B6oDsBtWRQ29Q9UMQuTUEPZy3FSSWXzc,59.29460414786385,0.0,59.85083658990876,51.952707392958146,58.94240022839739,59.39772024709309,59.07174431919073,60.36574015887241,61.10439183229119,58.24844443559621,54.469805144259055,60.253115849286196,57.080968717337726,61.682672018965086,60.99608358216985,60.09965427860314,56.37360538470725,34.023685197576576,59.19616617911446,59.6981093630123,62.55973371270767,59.545443757518456,56.10091189366785,60.16167338563981,58.41548681212241,61.08635059109568,60.923820262726544,61.4818574064257,56.58480196267826,55.560792090360614,61.14429058166267,56.72495000333668,57.47799900458424,56.16251565345206,61.74424432106972,63.5419341981151,62.525483308929445,54.67890539369354,49.616183448959205,67.58456368515589,58.92845866387016,59.99049475333089,63.87967527386199,56.773814768156264,45.64305716559591,35.37816473633584,64.49750809041348,62.25008170159697,57.12076594127078,66.2691925466769,60.18882923678617,62.96028364658021,64.58337478961103,60.02732662606099,59.6056431953889,59.49769646134771,59.08060307227015,59.60676214166936,61.033145046227546,58.91960417060005,60.08656037563167,62.651887822409925,58.06829033149048,61.30252986378681,57.716990848930855,60.11172594431552,64.15633849105458,60.63400409761912
1610555610.92HPGJJSmyPM40z7otPBgHalNrHFA7zk5d,19.380609277523465,59.85083658990876,0.0,57.854771004079964,40.47449892881375,52.13709114954722,40.29077209139627,24.759125806021697,35.48759862708344,48.38738161190505,65.15956900078409,60.37300561853292,57.56768355778434,35.65373492197823,63.19605290540716,53.23613172231791,65.83437509563866,65.05693229502991,47.20414914604859,46.601322872392686,61.47133617601171,67.47484148068857,46.40071665322433,24.18328043748805,55.28569106170802,51.57261648323872,42.59179668563678,61.3368950381354,60.43210350363662,45.206338593358026,51.07735069475954,48.41800881926237,52.97845505064884,56.39596051534273,57.757371511842614,59.88640487089656,54.417956668108836,55.08814767166197,59.554486031440966,59.98310663746719,58.038974290363356,66.32937062758992,59.3036543148675,58.79718809854025,64.26005577026989,65.95194361951204,55.333117687970905,47.564349504382584,49.28714213235042,57.814582893532545,52.780024276067984,48.34073507019328,61.6765944228196,68.0793780866577,47.8321604535754,52.83978846720291,56.79224950467178,54.15494558527082,51.22135245087497,54.65688901956147,67.91778393310084,71.4809922950658,54.40512374347843,66.32867746336241,51.08605715966752,70.02069801286065,53.30098471136969,65.81445406444121
1610555606.68LaSQbm9EHAFycEfFtEqAwYqlBsQPjIRW,57.88139306785249,51.952707392958146,57.854771004079964,0.0,58.78984245216796,61.27637386098496,58.91816787161821,58.31522034712444,59.35490416355957,60.664742886866854,53.092194211998674,56.224629962057506,64.02391348073564,59.884881933503976,63.10472291769958,57.843727356010916,58.54341096972679,57.1314907611498,59.1620837524595,57.15584349768269,58.766782030179066,63.028180323524744,59.225025102682565,58.206200828784056,61.93551173326248,61.59022249003587,57.736197438604655,58.01739331315146,59.36842526275361,58.72958153638656,58.280716462871034,59.7564280419641,61.29034570493538,59.68345889457893,57.275293187800564,57.087414150343996,58.85435416142402,58.409310225672535,52.445632957086225,64.72711120275562,53.91130815555735,56.22452681902497,59.151688560796835,51.4168095591342,59.59273294999255,57.69687921855951,63.92633957519951,60.272986346494726,59.322275578328934,64.4449537441474,56.46275330755025,60.36998582623053,64.23335816033236,61.48084332019659,56.741828399379855,62.048938152561426,62.51435367971497,56.46275587458987,58.47759117100476,63.31048449272555,63.52009389012808,66.01591800300534,57.75028539982962,65.68236465427613,56.93539025841515,66.60770415531624,60.56588178030515,63.11453404070787
1610555617.19EKxMEwDHfXiEJZc27TsGoERaD6Da4BZU,40.68846858613446,58.94240022839739,40.47449892881375,58.78984245216796,0.0,53.22007145664681,35.45175429616295,41.86007334629967,39.33970533377061,51.494227067945026,63.34002843541092,61.01549318040574,59.51605714072745,43.64217452862832,61.71129104971281,53.897422345651826,63.76626626093735,63.37456139994119,49.94803950941926,50.4407652695419,61.60464543990448,64.376129860908,39.35515659539807,41.524816168024664,53.275932637388316,52.18372538158127,40.73319856991547,61.73900778884037,60.516837598359324,41.47782712045215,51.59957924617796,42.10599667404515,55.25080560430137,57.07486547006286,58.64452781830434,59.54519702876761,55.47186049077716,55.28644320688863,58.24446238495679,61.3381703896639,58.366518546969765,65.74338217071943,58.847344930827234,60.01843151802536,61.99081802489045,64.42227468506877,54.85855305454682,49.733267533418356,51.03885617381577,54.82168957173613,55.25719086685828,49.07673211992334,61.76293206742715,66.32590614909724,49.711963291645496,49.288175100522835,55.51426005729205,56.106085624870325,53.47354679054057,52.10867718707896,65.47581461626545,69.70003276796928,55.477536070902765,64.30601694792044,52.31427119874161,67.8086373265629,54.74169205030032,63.17678622021287
1610555722.52PJ3FD50MGhRXyUD28vluU8Z9UjLJLZn4,52.02811061916207,59.39772024709309,52.13709114954722,61.27637386098496,53.22007145664681,0.0,52.616452704273456,52.158150379786754,51.516804539345756,60.44627460915518,63.24564400955443,63.41216213519468,63.82466019200331,52.89835806113905,64.31252893790248,60.86584993021565,64.03704174810568,62.78671213670044,33.51160387828284,57.96780391370671,63.25481757080986,63.24165713154192,53.16304651084938,52.335506708105775,57.532866693391526,30.5922320550868,53.78396016568245,64.3537088139553,63.85358196067074,50.192935868658786,59.92101586559962,49.445315017412824,62.705942267367135,62.716047749269805,63.19652373130232,62.17275694268271,61.97402074373722,62.319868827454826,61.42459071254873,63.033919792040535,64.52192064032793,66.08966359510964,64.3148322899269,60.5067141560999,62.69726592381451,61.37463623288676,55.59199231944506,54.116659618695664,60.6839772180435,61.3738210795133,58.73779712059438,53.69425534834626,63.59602247460608,67.23710013827977,58.169821534402665,53.93322091333611,61.49994762090941,59.55781702485704,57.50140648013746,49.83367011533843,64.89684113609387,68.39902318860968,62.31608504341382,61.68723728086526,61.102590493544504,67.24047166467075,59.16483660876817,63.88078120447571
1610555617.52Ijr5puT55g9apK8auM7zaxa3NANg502t,42.098482757910716,59.07174431919073,40.29077209139627,58.91816787161821,35.45175429616295,52.616452704273456,0.0,41.82796679990758,43.60617076405151,53.849516546135135,63.33497801531391,62.78861089628735,60.664713142954845,41.75012840855982,62.54785685106432,56.85491401663252,64.09369521773775,64.05336575702091,48.85062011879771,53.747907642837625,63.7560256315453,63.99145818373902,46.90323487996052,41.103006070642316,55.99609030852034,51.20555189162954,47.8208286136169,62.9182519785307,60.90943854348373,38.01598083859187,54.40131594506167,43.94832438496206,57.42307696203429,58.73680713213866,60.793235660620496,60.984923286256574,58.42274993256564,57.65502091972182,59.063620976886064,61.65477648774769,60.76026934249378,66.62489115319907,61.04066598331235,60.303858096801335,62.75807933986668,64.38480144804119,58.31347865713969,52.2134418582737,53.414758827284444,59.61866894746419,57.169903575738594,51.23223276224663,62.397099576991344,66.4943286691658,52.59165912989991,51.95987585676796,57.23722779522855,58.51753489215698,55.31693398554271,50.60372585525554,66.04316130151521,69.60979290546139,58.08212318138711,64.04210882455567,54.650002568455236,68.34870049318081,56.49446088634767,64.07921608912224
1610555638.77ZLjTLkz4jYJdFMI2wWBztzsDILkoOtAk,23.715977547839156,60.36574015887241,24.759125806021697,58.31522034712444,41.86007334629967,52.158150379786754,41.82796679990758,0.0,36.827665141683575,49.41590722589916,65.0025391702807,60.06750759530091,58.49162342999894,31.515518131900397,63.44524885800095,53.59946750124529,65.58218985212095,64.86366511734133,47.65136973116479,46.939285977967934,61.0322304037486,67.37921553933793,47.404599350536344,23.56007363103474,55.68154827316707,51.83010485250147,43.57102011485298,61.35898852931575,61.28426320257951,46.4222949003061,51.779639367982426,49.095303072517254,53.892727924266666,56.87762965729972,57.92096004025565,59.73116576878608,54.85967761994169,55.592128801295,59.892774376671824,59.89183341725066,58.891161315008425,65.97237082028731,59.269869312961454,57.845664318733604,64.5129278235623,66.1054113590582,55.506041208773055,47.57966259197749,50.03355568123854,58.12995056735898,52.26663654606719,48.882228161925035,61.996103667575085,68.2607681127908,48.61581280373037,53.42785327496542,56.70923252324212,54.13081253463832,50.64160209053721,55.59985039338425,67.95536465364128,71.67991609216462,55.07584415131868,66.2012297150456,51.77798429768214,69.8923123121198,53.91782208751739,65.77003183844182
1610556912.46C7tJPLF0XfNnm8f1820X9aLmXMHoc0Dw,34.233041476643415,61.10439183229119,35.48759862708344,59.35490416355957,39.33970533377061,51.516804539345756,43.60617076405151,36.827665141683575,0.0,51.35599952176613,65.30293409598876,60.04472506801691,59.42398509957022,40.40118747638139,62.11814137043544,54.8205757905943,65.36112652090887,64.43562836791799,44.80313273383881,48.94503826982906,60.32621484270523,66.7421632244263,47.140167898704625,35.35589622862717,55.51880859860698,51.22607896380738,44.53248763188834,61.14839548884532,61.576110101267176,47.50243252128404,53.548150824062496,48.44209217097254,55.32764265239839,57.949343991908734,58.30342983504114,59.45364967115661,55.71604023328343,56.8187128874201,60.60979238150441,61.321405543777324,59.92226321995248,65.25883053586335,59.484309797258575,59.692293538044474,64.05034619602898,65.85738909090874,54.22562323946236,48.589183483347014,52.03794881890424,57.79644832864814,53.07629270763762,49.38230962348228,62.56524226565008,67.65946876871749,50.72061550966946,52.74745585656173,57.165054743975226,54.5523775791319,51.819449318863754,55.173150433073225,66.63195626235378,71.30772964547347,56.240038081595465,65.48473337211631,53.54917204609517,69.2611240786445,55.280778034059594,65.11329884470626
1610555617.51LjzIROg0aeCP2GhDcAVQ0LipKJB9jmKc,47.57627445923253,58.24844443559621,48.38738161190505,60.664742886866854,51.494227067945026,60.44627460915518,53.849516546135135,49.41590722589916,51.35599952176613,0.0,67.85726207552011,63.83084904639502,38.90298681242599,53.46007541882708,66.47811516877078,56.12838889497753,69.05053287615304,65.85633443445391,59.198437091336594,52.37929494186322,65.0844661441588,71.57391286687573,51.95342039678457,49.14048378591961,57.25439282963643,60.49689068001135,51.51150065181813,65.42790190444427,61.53444211110072,54.30306135870579,52.625000293482366,57.1276817292694,26.596912099255096,56.803782603686074,60.72347058769599,64.83259787053684,57.648948484347066,54.9926217857907,58.03747972078385,62.03031366043568,61.51465012104725,69.74961249924692,62.23862338242032,63.76171248760339,65.98992570604061,66.38089570107822,59.018346669536434,53.95341569551282,32.672199504246144,62.49447039016261,57.85742242779513,55.973123245696975,60.15633340813226,70.08771701654234,52.78008679364577,58.09232091294818,61.482462027305196,57.11433367571997,57.45548818883164,62.424712903433104,70.3829810030983,73.55955049131263,53.16746771448778,70.67768527344153,48.162166562000365,72.86744133049015,59.389983572414295,68.83511373386816
1610555608.17OpjjHobqRkX0UPcaXrbu7K6L3805SZri,64.9797406958442,54.469805144259055,65.15956900078409,53.092194211998674,63.34002843541092,63.24564400955443,63.33497801531391,65.0025391702807,65.30293409598876,67.85726207552011,0.0,61.32252962247475,69.50218925321886,65.1617693413533,63.79325458794752,62.23797496820863,43.96937639763444,57.147671772687126,63.06639849477181,65.44399432679188,61.704728361665936,61.771983196703545,62.74430443832274,64.9683666135293,61.30347548820608,63.59499123355082,64.97945638819391,63.06584231969267,62.13168437284308,62.667207877518244,65.56281716734303,61.28555994345677,68.23829395839192,64.97043877720415,62.60433804838114,59.80990141918406,64.83971495155589,64.24174862457193,59.00558095275714,68.64586851116438,61.92682725999915,55.13736688058943,63.34911705643029,60.162711926524736,59.21610419349947,52.333962251264005,67.57435072330935,64.75361779173875,66.34896019664708,66.88658920455742,63.36023355746457,65.73911250368576,67.02337933932131,60.89587165580333,64.48184228656464,61.85778728910603,60.87639835021993,62.928228841857894,65.23290293666903,63.012413108798135,63.035862033723284,63.005594081294156,64.19316969711923,61.58056735485566,63.93531294867278,61.17010724221217,65.08491928174817,63.781283054273885
1610555721.82zWeNZfGUUfRJkgnAwlP8VMhPzXctnSd4,59.568458586231465,60.253115849286196,60.37300561853292,56.224629962057506,61.01549318040574,63.41216213519468,62.78861089628735,60.06750759530091,60.04472506801691,63.83084904639502,61.32252962247475,0.0,67.98219091966884,61.397297149114344,66.29920097835837,55.20059207978543,63.577685857183354,54.14744622996477,62.906240719443225,55.690593129248384,37.35750112007786,52.090901741438486,61.978693293756656,59.61965921977886,62.73857890880989,63.468025192256796,61.37538371489479,52.71946271697054,59.272922448047105,63.4181526646616,63.067091470225016,63.46900658859897,64.17371354215054,59.70330712488569,53.03780718751713,55.32964558711519,60.73351188657752,59.19683051893048,61.29628778199352,66.26874538473899,60.89224246567368,55.03431035693204,64.02253438588723,53.516565739078246,63.183740919888024,62.85001912662874,61.94497011861665,58.66334717022518,62.03413542358743,63.89120823065561,40.198476710895164,60.84517214486528,67.64808072126677,63.64591345942231,59.040293140264,63.20161334079414,62.80452440282352,50.35039103578943,51.3094470923547,65.8709048430238,65.85546553747942,68.59107676803984,58.069360790348455,67.89432144539167,58.21424366781769,66.64997576902527,61.69111800324217,64.79358012829579
1610555735.75bom85BDF0C7W2eIseHeMxi24qR68nzMi,56.6998717796264,57.080968717337726,57.56768355778434,64.02391348073564,59.51605714072745,63.82466019200331,60.664713142954845,58.49162342999894,59.42398509957022,38.90298681242599,69.50218925321886,67.98219091966884,0.0,61.21300988199493,67.34535970674143,62.143074893761344,70.0737438393149,64.71756614294216,63.236546847674205,58.55701684314826,69.23254699898023,72.56526371400817,59.36617315477749,58.282376671496166,64.3830797816976,64.33930363845096,59.7995903060969,69.21707742232992,63.46156591308909,60.30431705952135,58.02852240708327,62.16897675697116,29.32420721848987,58.8511600913882,65.78393008462977,69.2978304293537,63.060627214660784,57.9460278028612,62.16213127900638,64.71436172166027,65.44208568002723,72.1596275853286,66.29783683611136,66.37619776120209,66.64299505672375,65.6843535924549,64.18207947573335,61.81123112652989,50.12860174024776,67.50873639264907,63.84802475694023,63.012790594724414,62.23496185378757,70.0035947526093,59.52445915590841,64.1824941014234,67.34516398278137,63.288329321281225,63.35351167175138,66.77062398980864,70.97622498919701,73.53943989633693,57.77201350623927,72.31511529623283,57.45360104810202,72.3792744895894,64.97683523937992,69.93176813766628
1610555735.77NnT5xqKnwcf2BbjIekeb2arTQj6QMNwk,36.94359498631253,61.682672018965086,35.65373492197823,59.884881933503976,43.64217452862832,52.89835806113905,41.75012840855982,31.515518131900397,40.40118747638139,53.46007541882708,65.1617693413533,61.397297149114344,61.21300988199493,0.0,63.5574820941524,56.687411197775596,65.82090397169544,65.17310800686583,48.75987052700509,51.2249918669939,62.60479401536153,66.68304369402829,49.832695697058284,36.0479606895575,56.62196502415109,52.944843994839594,47.62287571352587,63.02986499005,63.105828358722285,47.44437065607913,54.81522280726203,49.707720372183644,57.49262860696237,59.69613758956574,60.21460545372661,61.25107075125218,57.34858405348539,58.388863555737416,61.58144033516732,61.794913639785804,60.83377143578209,66.94561237117077,60.79383743598974,60.839587580723006,64.56003641380047,66.09408654645026,57.49644366845459,50.66698548780714,53.58200199006742,59.725942770539945,54.833794271286656,51.007648979481466,63.76998188187891,68.98911702609826,52.318999437416956,54.750722459148534,57.0938632920464,56.80841521776473,53.19661634559983,54.81011387990222,67.77034506767862,71.89601453579775,58.27653933955473,66.06937371258478,54.950166236890624,69.65807054482701,56.72732533593294,65.75814938835164
1610555638.33wjf1PhdNaoWfbRzXVn50hmFyB5bYAiLV,63.1765242223803,60.99608358216985,63.19605290540716,63.10472291769958,61.71129104971281,64.31252893790248,62.54785685106432,63.44524885800095,62.11814137043544,66.47811516877078,63.79325458794752,66.29920097835837,67.34535970674143,63.5574820941524,0.0,62.10603982877109,64.66571264467163,62.77659095537713,63.11621390566219,64.40349538679865,65.6456816041076,66.68980836561008,62.29548572878806,62.967697136372415,63.84916891747468,63.41267301537252,63.38046809948116,69.0366003119723,60.70896639194886,62.782126667213205,62.380544977575305,61.39538224281283,66.71708999977747,67.58996921988215,59.87059565641054,62.35152877370624,60.401691524027505,66.19372482710757,64.54579626894869,67.48852875670232,56.58401217268281,66.66406083502841,56.854953677996235,64.94954353010327,56.76754308631845,62.49025053357165,65.22057027161523,62.79303958446325,67.21437083830365,66.14733683065273,64.40694679666332,62.627318156861925,72.04989676759165,63.75924133371271,62.13610338146012,64.14858372263225,59.24494477287811,64.85877897328406,65.94048343362721,62.8684256611471,69.45978531590548,66.80795199161612,66.27123622593051,68.77443623199531,65.91312105510646,64.5945197678702,65.32938994441936,69.98831114341915
1610555606.65jCE4ig8Pu8kvAzkxnSGfWsV0nQBjCf8H,53.127339579775644,60.09965427860314,53.23613172231791,57.843727356010916,53.897422345651826,60.86584993021565,56.85491401663252,53.59946750124529,54.8205757905943,56.12838889497753,62.23797496820863,55.20059207978543,62.143074893761344,56.687411197775596,62.10603982877109,0.0,64.04910107411071,64.88581599770055,60.35462345078397,47.26190924491282,57.05138791130462,67.3510115904491,54.90719422997588,53.66154081387352,59.02966155654452,60.72890843915743,53.07938883118177,57.38240083103555,52.724898950436696,58.33281186452524,50.80186469287818,59.31756927067694,57.1442829751201,48.35021591357481,43.841564628141114,51.62162596394501,51.39273454431457,46.08433452996861,60.64720899389547,63.61291357030053,54.773673536055924,62.700074048866696,60.71056476304418,59.482262181109526,61.957708707900295,65.58700058597212,58.08544871249873,54.32538451297064,54.31504184677987,57.05089498534011,51.405342591130704,57.7365785066348,60.45445181801849,65.13760420046687,46.89963071378401,59.2083424041649,60.347690536646354,50.211391940151856,53.91242392792245,63.54482675933636,64.83097892655915,68.22508344571813,48.65098606701741,66.78277303980995,51.44260870685397,65.74648281192201,54.41743094000028,62.394721419375
1610555608.18ONsBCVo1i7BrX0XG9stct4oiA6ejX9Oz,65.7238294648818,56.37360538470725,65.83437509563866,58.54341096972679,63.76626626093735,64.03704174810568,64.09369521773775,65.58218985212095,65.36112652090887,69.05053287615304,43.96937639763444,63.577685857183354,70.0737438393149,65.82090397169544,64.66571264467163,64.04910107411071,0.0,58.24547136320232,63.851427720461054,66.52807779869988,63.33365979824027,63.15940535593378,63.80282446117068,65.55011681850758,61.860046278592584,63.42557440809715,65.73589868230535,65.00563664820999,63.1423516433997,63.61045331542313,66.94463544449012,61.943524128770896,69.28409770674655,66.07725129108688,64.23107617325766,60.869291862627364,66.44609039780154,65.13473522980617,59.557616567818336,69.41122036943489,64.38114296311181,57.79965729377317,65.3249825740724,62.16944269834557,59.694555677482235,54.87972152751058,68.01076461432879,65.79888661864184,67.34655513930132,66.6043945577723,65.06490685434999,66.36577697754409,68.54840052099782,60.841507579492294,66.0034800576272,62.835223498230675,60.67950251649344,64.31859866929443,66.53826087291606,63.55870713321709,63.76139882045777,62.72815228517455,65.3601846101616,60.4560659795997,65.46967895569718,60.65451093225786,65.64390057888909,64.39617758999282
1610555721.51RNoQUMP19FTMS79BmA3JkgSm2IC2AQuQ,64.03372664149748,34.023685197576576,65.05693229502991,57.1314907611498,63.37456139994119,62.78671213670044,64.05336575702091,64.86366511734133,64.43562836791799,65.85633443445391,57.147671772687126,54.14744622996477,64.71756614294216,65.17310800686583,62.77659095537713,64.88581599770055,58.24547136320232,0.0,62.10427170498321,65.08247695519894,59.15661230791397,56.51727629070058,62.081143586519055,64.19202913092026,62.796355354548396,64.44848640219152,65.85276910688182,62.314111153141596,61.93637714101593,61.85328724584147,66.8439373929321,61.460098930719404,65.13029030304665,63.17821384126345,65.52182042717683,64.3829017629579,67.00462019822928,62.69149142660149,56.59233936612824,70.3086737495106,62.80718283198544,60.412877377771885,66.41781974125698,58.73336594979923,51.00149122108909,41.83049608933158,66.9938358413954,64.68484536710326,64.84380509761219,69.00659325416987,58.474405639776684,66.63678087099288,69.56124233698957,62.37780678882477,65.90385820634977,64.1448577542097,61.945459289559345,63.29835870297741,61.81759539023823,62.54617900778307,61.80072109162647,63.59594558367916,64.48505452913912,62.45693183193922,64.04581412285081,61.31422844751144,67.5520562548647,62.57008913998569
1610555971.86O0cHB2ibBJ8jxoObg01EpGe8VVV5mpwn,46.69078412212791,59.19616617911446,47.20414914604859,59.1620837524595,49.94803950941926,33.51160387828284,48.85062011879771,47.65136973116479,44.80313273383881,59.198437091336594,63.06639849477181,62.906240719443225,63.236546847674205,48.75987052700509,63.11621390566219,60.35462345078397,63.851427720461054,62.10427170498321,0.0,57.213933508341235,63.26861071255834,62.243398248088695,53.12908875952385,47.486119702979316,58.15219332219248,41.34025869328854,51.95402762950926,63.65600366458901,63.50353774227064,47.26618091630999,59.09683674168575,47.673490669579145,61.97142874349149,62.22134147670009,62.474372991587856,62.07488886984331,61.18200564568254,61.79637057425592,61.352144068152526,61.18165544196814,63.33472790128629,65.93663802610851,62.57239332818562,59.44598350359218,62.54243080595453,62.12920828326541,58.801961156726804,53.35051890746215,59.238158405102446,61.197518323629254,57.77569501341824,51.47246821990161,64.04220499528593,67.12502831687503,57.56349013244169,56.24036601686093,60.4948873823551,59.78511055582468,56.31140072973879,49.49108475133227,64.99405136744758,68.52799839867116,62.045208479719506,61.75046540689713,59.868249306572714,67.36596284911207,57.619694237533885,63.61030120644107
1610556911.51zU3duZSGpcw1BDNsBLxdOCITAXwl6z3i,46.1855516107625,59.6981093630123,46.601322872392686,57.15584349768269,50.4407652695419,57.96780391370671,53.747907642837625,46.939285977967934,48.94503826982906,52.37929494186322,65.44399432679188,55.690593129248384,58.55701684314826,51.2249918669939,64.40349538679865,47.26190924491282,66.52807779869988,65.08247695519894,57.213933508341235,0.0,56.56191398649648,68.37902346065223,52.04928383144338,46.85467033590672,58.19505708588383,57.94681670670971,49.069781105520114,58.380769931155555,59.13722112156464,55.07537984220322,52.63456116499397,56.537825273783184,52.88077886497415,52.331717181078545,53.39106342851976,56.371302300385445,50.14194092851026,51.60728567294483,60.687038759510074,63.48741969135738,56.34721122501577,64.39235361447307,60.46978718289778,57.46512782960037,62.32489752415117,66.0058576725302,55.706293342939986,50.58680504442222,52.50313287252107,59.23828704915069,50.352367707948574,54.54318768449411,63.65590869946532,68.220332008664,46.64342302822357,57.43844059266589,60.02948770809626,46.85445404984383,51.256400018574574,62.00077876437404,68.55684349532498,71.44287904920613,49.586953563169786,69.23411347537795,49.91941136922618,70.0885288684557,54.954257806479234,66.8991221723754
1610555988.71dMoYT8250UHHJGxgmITTmbHe7V6gH1yU,60.81929749895722,62.55973371270767,61.47133617601171,58.766782030179066,61.60464543990448,63.25481757080986,63.7560256315453,61.0322304037486,60.32621484270523,65.0844661441588,61.704728361665936,37.35750112007786,69.23254699898023,62.60479401536153,65.6456816041076,57.05138791130462,63.33365979824027,59.15661230791397,63.26861071255834,56.56191398649648,0.0,56.8430460369323,62.37486907747104,60.669044323295935,62.766614014201586,63.26552987151451,61.76763866387266,54.62979797828646,61.85360381939257,64.38399913974948,63.628733722527514,63.85572792919281,65.51206907339171,61.7902729017035,51.85648541160254,55.74097931806986,60.90389326233,61.25262637195968,62.18826416188662,67.52924824680679,60.609616037686415,55.93556694951972,64.2857809076428,56.099508035324284,63.213634579849206,63.18889945282337,61.67689536885074,59.86129110432765,63.40362072782644,63.97533209555365,48.83412736371558,61.14554266738819,68.26718767437367,65.3217657772551,60.075983747994705,62.72174974995653,63.14353332922471,49.10813668260619,55.379120847011855,66.31625627959016,66.20225738167203,69.16437798616302,60.00864131487632,67.86680578352443,60.37659854777287,67.83284819251513,62.2298049915219,65.2777436941179
1610556042.81mlUZsSp7gbGjrp8jQSnybT1gPy6e62o1,67.30185746790737,59.545443757518456,67.47484148068857,63.028180323524744,64.376129860908,63.24165713154192,63.99145818373902,67.37921553933793,66.7421632244263,71.57391286687573,61.771983196703545,52.090901741438486,72.56526371400817,66.68304369402829,66.68980836561008,67.3510115904491,63.15940535593378,56.51727629070058,62.243398248088695,68.37902346065223,56.8430460369323,0.0,62.80744301950283,67.48300894336728,64.11739487801671,63.309719159457174,68.6079047309495,61.588609884000824,66.4035697447625,60.34601321939319,70.89402798419232,58.93720821165971,71.59221179855933,68.55400795961519,65.91167282847866,64.3691053109324,69.89269089158228,67.39521614305268,64.05121406329101,70.81285252578442,68.91188254810234,62.253372764203334,69.33739886389853,62.858875983197436,60.988818561939006,60.59223838641803,69.26069239438296,67.39640991509503,68.89057947171233,69.06739430727283,60.13603847333283,67.70242520469426,72.89321253567346,65.70568673070963,69.28122190740791,64.40119668460896,64.53471578224365,62.774485955084955,64.26717061707728,56.88589829792679,62.85741647626794,69.05665305374119,67.58856299144848,64.75509342269413,67.14029368440211,62.94707531062291,68.4465337855254,62.81682127743145
1610555637.02UBW5nKvDyUrKnaWcYRGajZPxTRDS0q3N,45.83286206893926,56.10091189366785,46.40071665322433,59.225025102682565,39.35515659539807,53.16304651084938,46.90323487996052,47.404599350536344,47.140167898704625,51.95342039678457,62.74430443832274,61.978693293756656,59.36617315477749,49.832695697058284,62.29548572878806,54.90719422997588,63.80282446117068,62.081143586519055,53.12908875952385,52.04928383144338,62.37486907747104,62.80744301950283,0.0,47.121273019829296,48.36891875175122,52.440319303410185,41.244386167486475,63.07748074902701,59.81205984908407,40.288848030502606,51.01335702831058,40.63204469899428,54.88315522530581,56.998433667080484,58.933488813141494,60.14995579167796,55.7199763104414,52.97198953627362,55.235765566641206,62.75281927735698,59.17176821574532,65.89364041121473,59.57969694259341,61.31835132210437,60.12949861914085,61.88918787833621,53.96822745930019,51.04085756087941,49.70535603357059,55.29987855737204,57.30168454892605,49.94378190620945,61.999859201590205,65.27385471352979,50.12364882602476,39.618189888526196,54.9588002536945,56.08768496746422,55.76215394538035,48.086882026528976,64.82230575004279,69.39696026396989,53.86848689255518,63.2921022231953,51.196006341143324,66.07019432399382,55.674111238827045,64.19526320444851
1610555619.13oUYNikU4facCTpUSiSLr0vPI0tJLnXiT,22.553299659268017,60.16167338563981,24.18328043748805,58.206200828784056,41.524816168024664,52.335506708105775,41.103006070642316,23.56007363103474,35.35589622862717,49.14048378591961,64.9683666135293,59.61965921977886,58.282376671496166,36.0479606895575,62.967697136372415,53.66154081387352,65.55011681850758,64.19202913092026,47.486119702979316,46.85467033590672,60.669044323295935,67.48300894336728,47.121273019829296,0.0,55.32941640820182,51.98701945349134,43.21150081800539,61.09146346051675,60.970173664279784,45.7060483068517,51.501371039060324,48.92357280956528,53.62540870550364,56.61146724605735,57.52337562912165,59.44809251908516,54.831248915905256,55.42827394855267,59.628119197057764,59.87180483341183,58.834740018197714,65.43505397459455,58.948367042312285,58.08897903002534,64.30785805348634,65.78187787080843,54.92284036107458,47.49567016419586,49.776257497153914,58.055611737681495,51.5063872728012,48.95237668302515,61.74572848188815,67.94509285696985,48.45056354766197,53.205435363312674,56.5192769970602,53.621501328129405,50.36074246172774,55.68022257908703,67.49390261253451,71.50441237695526,54.790345518171684,65.79943051839386,51.72388317904502,69.5915630764942,53.675127366010535,65.8092707357321
1610555721.03nzkucfjAUh31zTbmCVvTVYqtjoxZFnBh,55.08486135105863,58.41548681212241,55.28569106170802,61.93551173326248,53.275932637388316,57.532866693391526,55.99609030852034,55.68154827316707,55.51880859860698,57.25439282963643,61.30347548820608,62.73857890880989,64.3830797816976,56.62196502415109,63.84916891747468,59.02966155654452,61.860046278592584,62.796355354548396,58.15219332219248,58.19505708588383,62.766614014201586,64.11739487801671,48.36891875175122,55.32941640820182,0.0,58.20908435558206,56.17940716686805,62.87714920427501,64.42053440701228,53.61038685419767,59.04580868829598,52.804528578332544,60.0668630120316,60.489725864682875,60.86960916554605,62.109363668946024,60.117835056773,57.58125898990199,52.959282364340105,63.76596701597312,63.61938874183456,64.55044433153458,61.30627654386381,63.262704111182856,61.539888633287156,57.55250723331863,59.54527945393572,52.937364720381716,54.93870833927852,61.30091419472062,59.09733981286383,55.84306532911358,62.03599407180019,66.22031726169355,57.62566660245696,46.2929244756211,50.24790426878305,58.500226577242934,58.89301949371281,50.38957690218371,62.23856480045793,67.0119018343757,58.79549172643144,59.647460798937935,56.495492700919975,64.85854390506825,58.3371796523848,63.123060496034
1610555722.67fhKURdXVzRbLIjXmjRwdJHTnE7PWb1AE,51.699170649750094,61.08635059109568,51.57261648323872,61.59022249003587,52.18372538158127,30.5922320550868,51.20555189162954,51.83010485250147,51.22607896380738,60.49689068001135,63.59499123355082,63.468025192256796,64.33930363845096,52.944843994839594,63.41267301537252,60.72890843915743,63.42557440809715,64.44848640219152,41.34025869328854,57.94681670670971,63.26552987151451,63.309719159457174,52.440319303410185,51.98701945349134,58.20908435558206,0.0,53.22555322912444,64.17440458947976,62.73391179880374,50.82191714294224,59.800732122728405,49.244883784297095,62.64869399301965,62.66390252505337,63.33905826943445,61.5064785190456,61.789060251820814,62.147536667524655,61.39539195071923,62.920795566439814,64.3774762050307,65.63265417012678,63.28971559440989,60.480449868520125,62.83820284248221,63.14077337888681,55.525283480596244,53.992939412647885,60.72868061590713,60.65995555559864,58.52401539590983,53.90783083153879,63.82795093689601,67.02396437379268,58.27813092704014,53.86288915019403,61.15842271542358,59.824622607891946,57.313529836424685,49.018416949146705,64.815839601412,69.35697195848758,62.215799479434516,61.74896050219749,61.0488502021777,67.15767000912743,59.01870084310348,63.85496794946205
1610555638.39J2ZWBLuLTHP0jOlzB4tNHmYeijH5g5YJ,41.90818362278679,60.923820262726544,42.59179668563678,57.736197438604655,40.73319856991547,53.78396016568245,47.8208286136169,43.57102011485298,44.53248763188834,51.51150065181813,64.97945638819391,61.37538371489479,59.7995903060969,47.62287571352587,63.38046809948116,53.07938883118177,65.73589868230535,65.85276910688182,51.95402762950926,49.069781105520114,61.76763866387266,68.6079047309495,41.244386167486475,43.21150081800539,56.17940716686805,53.22555322912444,0.0,62.92685445333181,61.25272076704685,48.65323317972787,46.95197132260076,48.108819291724046,55.354645764513585,57.571549978125546,57.81512196927192,59.57536065331018,54.389511618541114,56.069597886998984,60.54543352212975,60.58104639952998,57.00022432477991,66.61304931975823,58.71056621650604,61.369255745795115,64.15997895421681,66.58574247698137,53.65133381272574,49.041690151724445,51.72000973995745,48.24847166118285,55.33769497762308,46.79464376132072,62.67576722500807,68.54301236314892,48.99740685703302,52.14987223081129,59.223929925565955,54.753278453928885,54.06504672624995,56.14990307668229,68.43591505874414,71.6418674371876,54.67955582449754,67.19672647579824,52.04938651257101,70.29082137088052,46.9980052908034,66.70195971246515
1610556032.17Q6yCDx9g7alRnL9jBFXD2JhhUyB2hKfJ,61.200220325296776,61.4818574064257,61.3368950381354,58.01739331315146,61.73900778884037,64.3537088139553,62.9182519785307,61.35898852931575,61.14839548884532,65.42790190444427,63.06584231969267,52.71946271697054,69.21707742232992,63.02986499005,69.0366003119723,57.38240083103555,65.00563664820999,62.314111153141596,63.65600366458901,58.380769931155555,54.62979797828646,61.588609884000824,63.07748074902701,61.09146346051675,62.87714920427501,64.17440458947976,62.92685445333181,0.0,61.66350649806573,64.05543755296925,64.88754324416009,63.97649092850924,65.95470793618759,55.71532545548743,59.6897796022277,58.54723602348903,63.1980942676739,57.52269174363833,61.451019392734814,66.13297534013972,65.27373090325422,56.17098848302349,64.17628078685428,53.089084992685805,65.40589078533431,63.430361949219694,63.30612448168669,61.39425359851226,63.96924462721046,65.76142501798715,51.962881294560844,63.21401832428354,65.01036056931528,65.99426304635385,61.9778037008908,64.16407214416594,62.99961332098658,52.095128838377846,51.82793253395737,66.40291665797464,63.83781973626127,70.54925946823806,59.907664652044126,65.28416325480632,60.33091894207987,66.22728597640887,63.69754142066586,62.26571683993181
1610557007.49MyVgDnuUuBxrvL6SGOdhKf69VYlW1MSm,60.490364325413275,56.58480196267826,60.43210350363662,59.36842526275361,60.516837598359324,63.85358196067074,60.90943854348373,61.28426320257951,61.576110101267176,61.53444211110072,62.13168437284308,59.272922448047105,63.46156591308909,63.105828358722285,60.70896639194886,52.724898950436696,63.1423516433997,61.93637714101593,63.50353774227064,59.13722112156464,61.85360381939257,66.4035697447625,59.81205984908407,60.970173664279784,64.42053440701228,62.73391179880374,61.25272076704685,61.66350649806573,0.0,60.5718377286456,60.180987170036275,61.7808246899817,61.160893856254695,57.70514078882519,57.63898495128625,55.46915117776395,61.6403498261453,52.676626899535684,61.868582848110464,68.28715724684312,57.18053425686383,62.84014438789338,64.570989945405,58.68375089818082,59.60247939825845,61.81121923726314,64.81773523541783,62.572331709984766,61.4350721321616,65.22499056635431,58.7108270889497,62.72343457544518,66.04168999342963,61.095214405797755,58.41549089827836,62.08104814714458,64.90139732251089,59.44937759542558,60.635169287983224,64.3688641459897,67.71339519525303,66.96926467461407,53.51843888885334,68.84897252142801,55.71619476950835,61.55249100539013,63.99451037172927,67.08855038941233
