,1610555604.25mOvVXuL01OCiReyVWBfesjuvXmB3MoPy,1610555605.43B6oDsBtWRQ29Q9UMQuTUEPZy3FSSWXzc,1610555610.92HPGJJSmyPM40z7otPBgHalNrHFA7zk5d,1610555606.68LaSQbm9EHAFycEfFtEqAwYqlBsQPjIRW,1610555617.19EKxMEwDHfXiEJZc27TsGoERaD6Da4BZU,1610555722.52PJ3FD50MGhRXyUD28vluU8Z9UjLJLZn4,1610555617.52Ijr5puT55g9apK8auM7zaxa3NANg502t,1610555638.77ZLjTLkz4jYJdFMI2wWBztzsDILkoOtAk,1610556912.46C7tJPLF0XfNnm8f1820X9aLmXMHoc0Dw,1610555617.51LjzIROg0aeCP2GhDcAVQ0LipKJB9jmKc,1610555608.17OpjjHobqRkX0UPcaXrbu7K6L3805SZri,1610555721.82zWeNZfGUUfRJkgnAwlP8VMhPzXctnSd4,1610555735.75bom85BDF0C7W2eIseHeMxi24qR68nzMi,1610555735.77NnT5xqKnwcf2BbjIekeb2arTQj6QMNwk,1610555638.33wjf1PhdNaoWfbRzXVn50hmFyB5bYAiLV,1610555606.65jCE4ig8Pu8kvAzkxnSGfWsV0nQBjCf8H,1610555608.18ONsBCVo1i7BrX0XG9stct4oiA6ejX9Oz,1610555721.51RNoQUMP19FTMS79BmA3JkgSm2IC2AQuQ,1610555971.86O0cHB2ibBJ8jxoObg01EpGe8VVV5mpwn,1610556911.51zU3duZSGpcw1BDNsBLxdOCITAXwl6z3i,1610555988.71dMoYT8250UHHJGxgmITTmbHe7V6gH1yU,1610556042.81mlUZsSp7gbGjrp8jQSnybT1gPy6e62o1,1610555637.02UBW5nKvDyUrKnaWcYRGajZPxTRDS0q3N,1610555619.13oUYNikU4facCTpUSiSLr0vPI0tJLnXiT,1610555721.03nzkucfjAUh31zTbmCVvTVYqtjoxZFnBh,1610555722.67fhKURdXVzRbLIjXmjRwdJHTnE7PWb1AE,1610555638.39J2ZWBLuLTHP0jOlzB4tNHmYeijH5g5YJ,1610556032.17Q6yCDx9g7alRnL9jBFXD2JhhUyB2hKfJ,1610557007.49MyVgDnuUuBxrvL6SGOdhKf69VYlW1MSm,1610555638.44hjT5hbYdKoE3MB6hijrjqbjmLgvCUYKD,1610555608.13zUvmFSCRt6SsLbhqFznMEvGx54GPGQzM,1610556038.62a5C4ynd1AARyAhTv8a58NCqHvXRjscqH,1610555644.45Xse8u7pusHNsd7F3d0A32HXvXr6weOJE,1610556038.62gKXOCG7XCn55eJvyl5voNjbwOW0znQDq,1610555987.13v0oleKK97pkesp6oMgprH8SoSdoDVdIO,1610556964.96ZLLeiQW0qpmxhPGTg7K03fmzkqsC2bjC,1610555987.13VQlEedQ50VvkPMEMzZDv3KNnQCewykN9,1610555982.186TY6MMGkDecIN1woW6vsfAMXVV7jnyjO,1610555982.673LuMndkwkvdmZOn0MmE2Pkidx0FtNalb,1610555733.38zItcuH7gHNfKdALR2d9Nek6bxCyw36Vm,1610556034.15BQxSbZINGCay0yp6RBVlgcPrw76Yn9ON,1610555639.37BPZpgtGml8qUsh9AdV4m32jPLfI2aNFq,1610556965.57S0adAalhWYe6K3bkZU0bRHbqnDK8gGkR,1610555983.54zteLPCMjyrjzPdhHhlZr3faCgD0TfYr3,1610555987.79rHnNRmt9a0ufmnwCvZqBouyUoZDNpylW,1610556960.041xWER61rmArlsKfiMl4frikWmUCnQ7op,1610556035.13a7NHZDutfTMJ88qle1gTYY59Dr4WmMsj,1610556890.456ZBDaY16bMtrTZTqAgHl3wq1tRxzqDow,1610555760.24e6890pkbyZ97Or6croI1rQgjkSsR0yVt,1610556043.02YpWMIJg3W004iqlPyv8OcVAZdSC5rNYw,1610555987.03z05P26TLtONYM1HSzupoc2CeNMa6HTqr,1610556032.15OYCzUxpsz7b10AXBAuDXrvEcvxFhf0M7,1610556032.63Z80yI9pNwS3jSmsDABbuhf8wkNa2Ze9y,1610555736.28eGuESasTXdR3SqY6pHhEXWZtcdciYLCO,1610556034.61bebeZA0MkaFG2sm3VKiqrxeqQginTTW0,1610556944.5XwXOphKYT3ZkWA8gViqOS97VHVuMVUqb,1610556944.745UVLFBzf7fPh4UH37I6tYQOFPqRDytEh,1610556034.63XsUwaFaPZevO1JNFjfhvY4aKNFnV4noV,1610556964.89xwBHw9faT1HjQRMNQEyA4qJ3hWkwgj3k,1610556966.74DydzH91jtyvRyYau47JpVkZoMRSNTt01,1610555740.77UueVziDbaXyRR4OcVJIIZyzOfAzN51bj,1610556046.84e3vwjyRCzqz0wJQhrk8zsxlFfFSv98Df,1610556137.99eoPuVrDThKAOvmeprLPb2FWRqIhzUodc,1610555740.73XFwSrmTXJPlaxGZSefh0jOVA8PI3III1,1610556123.88AOfNaz9jSnqU5Czc7okOv1RCrYfKFBTo,1610556046.85nB7NvyoYQeLcOV391Lmmut1wAM8CFGLw,1610556123.89H4pdIAzDthI7bMXMhlIhKUYIQIvtmPPQ,1610555740.87GOYQUJKpkynIS2lFqppYK4b32ol7NeGh
1610555604.25mOvVXuL01OCiReyVWBfesjuvXmB3MoPy,0.0,60.43991720720098,37.35756071029448,62.1525028657385,57.49585296693792,62.305949580420624,51.665502656971555,39.05738227586147,48.99438713135716,59.488866069768655,67.99656086577839,63.10528726553318,61.33159116562742,49.66691431770822,63.91491011237269,51.79972884423855,67.09151407094674,63.67191706386862,56.24626346431786,57.11611823062744,62.26425308357803,60.25524181451336,58.1516129159004,39.883386587281166,66.61292616236706,63.20546291751515,57.89388726537279,59.80823156960618,64.28263238700018,56.226623968704615,57.39405178071775,58.917449610269465,59.95603319954279,61.68687906113627,63.913750663324784,59.68110771099994,65.07971774176688,59.47695681775604,63.89630146065931,66.81378945920387,61.98671159430612,60.01185928711869,64.83441781288025,60.28647513866561,63.84241886988649,64.35385018064247,64.79051777753824,62.05620646993441,61.67536904080273,66.00235276043338,56.848180705659225,60.33428925296337,61.5986655455415,61.20667476481274,62.05169230452079,62.57805828526606,64.62079633429443,63.282054779180925,59.760402407697484,66.94966175005251,65.51907368683497,64.2516565716185,60.89289626206298,62.25731156686727,65.40556848278761,64.19870415091582,65.25114003764547,65.9220215480497
1610555605.43B6oDsBtWRQ29Q9UMQuTUEPZy3FSSWXzc,60.43991720720098,0.0,70.47503970697358,55.83161262957932,70.26190339455688,67.71550081674697,60.19648313883773,69.8408592061289,63.5208518050057,56.89506673435933,59.597358535883245,60.78383847124755,44.84208016251394,62.379980586381244,50.174559501762985,52.61972645750675,58.84234691968817,47.597302558980374,62.30327000070155,59.96920038312341,61.07935125001797,56.485172145261366,65.81484397998021,70.94860438455713,62.99959519249629,67.57152928487072,65.25631126363217,53.717994035586436,65.05264957249732,60.18550414174829,54.211710332200155,63.11902914945423,54.01058411451337,61.5493880656723,64.03982837433392,55.95691296569623,67.27625098592924,60.20634310697051,57.81772728808255,63.631939474837495,58.71841425056114,49.74833381310142,56.878520898924805,48.984554795537,54.41681260739986,49.37992267131556,64.39466857290921,66.3623969509449,59.70248353160817,61.36757648740063,53.639667747594785,62.05664021897227,54.71891215538065,50.471511307714124,65.2209059366189,66.09151588547115,61.40351837252289,63.93960085698244,60.00363341858717,66.80276720810292,56.536093820113,54.26369953850372,57.005647261817955,50.55376264333305,58.91501286036669,52.804687727421125,59.806023221995275,60.17169149485612
1610555610.92HPGJJSmyPM40z7otPBgHalNrHFA7zk5d,37.35756071029448,70.47503970697358,0.0,65.8948843191182,54.333046289837775,62.545144798323214,50.10058273219169,35.37283691799876,48.25523673004078,65.78706513657896,70.46372084242745,62.42776600941587,69.0159184816075,53.485305416640536,68.02371934743985,59.86745213026694,69.63275418337287,67.24579937166634,56.84441584874696,62.80630486977703,63.91815525492598,62.79966630025948,59.57919865581855,33.09912321961217,68.31222503953867,65.78074567590548,60.7688603055291,61.51697122807892,64.16099593421495,56.825924186236676,62.59920771171204,61.10635967097299,67.67204645237496,63.11191855466637,63.30439447318278,63.7860736334685,66.41107284113801,64.0395762474939,69.64952725162341,69.19407261255387,62.99041677985117,62.00953735133425,67.19537217571465,64.5894669874205,67.20095560260754,68.38265115005252,66.6151957727477,61.91188058048037,67.82029797932861,67.65833751914978,60.777994687167755,61.40789509605873,66.64217077129554,64.32863683282687,67.96192210799106,63.91498747252886,63.94798019872086,66.05268234918474,61.72615973355369,68.34963142112237,69.0463467782919,67.4391437220858,65.85612904395711,65.90744237609195,69.79452561531724,66.63193981426524,68.23716944639403,66.32334564551923
1610555606.68LaSQbm9EHAFycEfFtEqAwYqlBsQPjIRW,62.1525028657385,55.83161262957932,65.8948843191182,0.0,65.26381644543385,65.36797885230402,61.7100582676856,65.23750895413836,62.98829900210581,62.13116205181924,53.73819969412911,56.57906418247719,60.556905535826765,63.18381285627106,57.21825941647259,55.456501928294585,58.63433301211431,55.409358571046035,62.00627654339253,61.35405743146424,54.640726844613056,59.144257936814334,63.40367126631626,66.57851953934787,66.5565460174391,65.94864591678699,65.03729593252037,52.764774259917665,63.00830550347046,62.19313692763789,55.49763142432419,65.28540613473596,62.02480421778614,61.67359262984722,56.332890470358606,52.432791167032065,60.34833795139943,60.73067647784822,61.89150292824483,63.474437832183675,53.661953127026536,53.41673806135591,56.79687196268879,55.5416277071172,59.09778798054497,59.797898487972,65.38098371402509,62.497164641937125,65.46620223738962,60.361139580534584,59.258270424587344,64.32367845855127,61.4165685750147,55.821916188659635,62.301232519886206,63.45570493502761,60.410122296719535,59.06529037234409,58.86556108983774,70.21936783552742,58.677531728676186,57.357455918890146,60.96310949239961,57.41630434202562,63.949669467638486,61.112036829032085,60.29922561410926,61.06091675527313
1610555617.19EKxMEwDHfXiEJZc27TsGoERaD6Da4BZU,57.49585296693792,70.26190339455688,54.333046289837775,65.26381644543385,0.0,58.21085527866036,46.64768216915039,56.43941974315048,43.04338643075114,63.246912530353136,66.73342115377697,61.08924068131787,68.3435206487115,55.735757982850444,64.6339146933162,61.70436857264549,64.72275094731333,64.69094733292086,51.27791635930361,62.114360361873494,60.54367842781041,62.5991443356872,49.20687612527276,58.49217584685454,63.29378408790635,59.40464215411639,53.231231703827156,60.465673874532065,64.85240898007912,53.994664824128094,58.52600725495776,54.60360981643285,64.22900073631543,65.35906805121624,62.14186397188307,62.6904868032938,63.26649729851551,62.7597033829487,66.68678905937578,65.19079842909218,60.95287407716626,61.62461231748936,62.942373105238225,63.76844969700523,68.66095462453116,70.27757335575467,63.806693316379025,55.68496958000121,67.52197076971308,62.576779706793495,61.04721833055001,56.33266209515179,65.73563551137177,65.96527334061349,67.80451067632974,56.90945782674127,62.22176928765784,65.13676883388491,57.89223784147605,63.06127427317891,65.35357974085014,64.09765961071014,69.08041976019717,63.981038802616965,70.15844452632741,65.56988924362192,64.71388154223825,64.89942965838142
1610555722.52PJ3FD50MGhRXyUD28vluU8Z9UjLJLZn4,62.305949580420624,67.71550081674697,62.545144798323214,65.36797885230402,58.21085527866036,0.0,55.284799482837535,61.95913682018899,55.2371413104624,65.95980368487409,67.27053985276206,62.15149538970654,67.84397107033975,61.69193158638501,61.99493016365746,62.12835519714043,65.60926181576806,61.889639594941386,42.12295011846837,61.087547064350886,59.59330019346056,61.1208578409746,60.96880542954632,64.58622992644062,64.22711032376628,38.788381411408004,63.150051931760004,60.183175874449546,63.68395420495086,58.07353073516213,60.00061646697505,59.76423746631497,65.87906543390667,64.60791272782211,62.73281398246494,60.47436282053138,62.44799577402515,63.75066986869204,68.69108694356261,64.52072922482257,59.612857546300276,61.40954147721679,61.14756721105783,59.2680195427383,64.87927881669168,63.665382750229966,57.09241951849239,58.11921532396272,69.06097198212565,61.394724302037346,59.30878651817846,57.176285343181306,64.28833368753267,63.11292351232575,69.21003671648462,55.95228411195176,60.61603290140129,63.45491448030113,56.362599511742815,57.94544070735815,62.03896363623947,66.51676280756969,68.52041321950885,62.22724182028458,69.18130498806651,64.04223448313228,63.94365932973168,63.68988765561817
1610555617.52Ijr5puT55g9apK8auM7zaxa3NANg502t,51.665502656971555,60.19648313883773,50.10058273219169,61.7100582676856,46.64768216915039,55.284799482837535,0.0,51.27206534431569,43.62340742294179,59.33816712888395,63.53632493432524,59.210382581076615,61.5051749592681,47.940053940825216,55.25933642848157,54.63113170380817,61.20177807346539,59.74208386622671,48.57953364427313,57.91790021867326,59.56424081851184,54.47204170771126,55.292350512924294,51.67785242453723,61.07156229250161,58.1092385916276,53.6738980271299,55.39613341014413,61.58561923091712,45.353383754307146,56.419916498036955,52.12708735065828,59.89686390241992,60.321952140777256,60.41596773327368,56.072483072266834,60.71868623222704,57.84791379045128,61.93056426253392,60.47306714170064,56.90146672987629,55.42882573681998,58.2374254423086,53.72104292440747,60.310264717479036,61.32665026159433,59.556229925840135,55.16832053352039,61.61031335396733,61.9699097445195,54.47442024502237,53.8021603257276,58.35645860308339,60.69514091615242,65.13331066771481,59.355666570103544,59.08397354897835,60.093257206458475,56.08532562573904,56.50710657964234,59.75539555734154,61.01322177455821,63.36247518733238,55.42849011591613,65.07708361601482,58.604677366510465,61.61355158656746,61.324717432796746
1610555638.77ZLjTLkz4jYJdFMI2wWBztzsDILkoOtAk,39.05738227586147,69.8408592061289,35.37283691799876,65.23750895413836,56.43941974315048,61.95913682018899,51.27206534431569,0.0,48.083592760381116,65.57081426953987,71.83778959656311,64.11176696144369,68.78678259068172,46.698178515358556,67.60920751424374,59.68155492763955,70.8658900888477,67.27263832924014,56.85760766256751,62.45517606882205,63.44638221143173,62.235157891075794,61.40278164915358,26.765195738291933,69.68655390829149,65.15733503407192,61.29090972155949,61.49310469163495,65.75772732127287,59.48115889165087,62.56618642565426,62.51465945784968,66.97662188940214,64.1679834158696,64.25340111495508,63.737541649747236,65.90417225742605,63.33610597952807,70.25598338822178,69.40867367936485,62.251964759724615,64.0536089763403,65.17494649727054,64.40354793329162,67.66484938654617,69.03692246444069,66.57291989859611,62.807115043766835,69.0215709947987,68.57910834476934,61.877756205716516,62.78069521111693,66.68533428645601,66.18423638084074,67.17600955572678,65.76530070796044,67.04449282846001,65.43004361809359,59.3271023346347,67.33083037451702,67.7814092478889,68.65547314033604,68.24145238182886,67.81105700946966,71.74960577058613,65.76157520274872,68.86016678504902,67.00156324893601
1610556912.46C7tJPLF0XfNnm8f1820X9aLmXMHoc0Dw,48.99438713135716,63.5208518050057,48.25523673004078,62.98829900210581,43.04338643075114,55.2371413104624,43.62340742294179,48.083592760381116,0.0,59.12754630887631,65.61426816797885,58.303456222228476,62.8388093083489,48.4755788092938,58.224030506730834,56.53759779598794,63.7720242846516,59.06927516159132,47.1492700210652,57.40754986749436,58.087050581332555,56.48561411976858,53.551160189599464,48.53927485727816,62.92403541117532,55.52267026727542,55.770953876230415,56.02991192833606,61.20963969238305,52.22247060138881,56.323973667423274,55.26504991950115,60.19517962661083,60.92424953275296,60.3303717489713,58.86240543831934,62.69049075290559,59.55761656896649,63.577351369572696,63.52166322867656,59.781014329181325,56.32110103410714,59.72016001353167,56.74442181035351,62.66471750148764,63.47340942484056,59.94872756747375,55.47133069454034,63.25429877609835,59.97269597478757,54.34712053395866,55.76977187621586,60.69247735474604,61.24114620069517,65.03774530751056,57.47877125476568,59.34050423216879,62.481331502309544,53.61577428732439,60.94585750210543,63.03614186878745,62.746304286368535,65.04312400086683,58.79203198574836,66.14258741899961,59.68054060823561,62.11908663239543,62.73094352149454
1610555617.51LjzIROg0aeCP2GhDcAVQ0LipKJB9jmKc,59.488866069768655,56.89506673435933,65.78706513657896,62.13116205181924,63.246912530353136,65.95980368487409,59.33816712888395,65.57081426953987,59.12754630887631,0.0,64.76657529689687,62.04341341732461,54.506934511323536,61.094276952837355,57.335230563165915,54.274159231864196,65.14843944182908,63.91768547640654,60.51762935547631,57.08695379045904,61.24047303693436,62.808111268069126,57.78576033842541,66.8131569611327,60.765584289530736,67.69482108726645,61.7631978044111,58.47053262088225,63.442396571477595,61.149770887360745,50.39151861742198,63.79760116390924,40.766912633139555,58.37484331973367,64.14315412121957,59.63507872891214,63.58943665977618,54.800793818241246,60.19390051921723,61.38457426982245,60.033973312922285,56.4505757319094,60.633633374938164,56.333242306728046,62.08592463685041,64.51525549850136,61.132057589244866,62.62480995470911,44.993236547536135,62.375472000140164,56.49360917165146,59.216155914614134,56.04966065745826,60.213628348458485,63.3824649880867,59.84922923404711,58.74408418350858,60.798957483175826,56.97676909408465,66.41998386465619,63.24258755179664,63.470282714423384,54.80504454606365,58.91713881673979,53.565877275186935,63.73388263948209,59.77341084298843,63.275449338135324
1610555608.17OpjjHobqRkX0UPcaXrbu7K6L3805SZri,67.99656086577839,59.597358535883245,70.46372084242745,53.73819969412911,66.73342115377697,67.27053985276206,63.53632493432524,71.83778959656311,65.61426816797885,64.76657529689687,0.0,61.52741744809814,61.97753183369445,68.90491915050991,56.64979418845135,61.441888495418475,43.0004455051843,55.06919493293454,64.7150218967819,62.79569528409106,58.07361393314756,55.545123493104775,66.08741466664539,73.01456320383379,64.30544990834059,68.51643401709596,68.93095056735382,56.80316323035718,65.58856850615172,63.981080580906905,61.62177296990267,66.72773549239187,64.80798395622693,63.40829862642083,62.78817601211105,58.184897100779075,63.48803091443998,61.3955963324927,63.4422735984732,63.683058455051196,59.47094965756952,55.973540988192035,60.14967580600636,57.37984061866147,58.40299659146272,55.21842749138559,66.81374561825454,64.49651437814751,64.11314077291622,63.811336461877,61.43380226157119,64.92288440999141,61.737567949921115,54.79052707675193,66.84919079926708,65.35331105520468,63.19932806565345,62.72518548435257,61.76518363667377,69.46003945559985,55.736409238013024,56.82658121646794,64.24013664586347,55.33976485601908,67.22188398051931,55.054376791080884,61.582843370519534,57.59211876916573
1610555721.82zWeNZfGUUfRJkgnAwlP8VMhPzXctnSd4,63.10528726553318,60.78383847124755,62.42776600941587,56.57906418247719,61.08924068131787,62.15149538970654,59.210382581076615,64.11176696144369,58.303456222228476,62.04341341732461,61.52741744809814,0.0,65.77811071386878,62.224809072362355,57.07435623998474,55.90342098095989,61.67583233936737,57.20191498642238,58.81917078115915,60.29151644874274,41.46988812354454,53.73526673911316,61.46465941089848,64.2254875503104,60.72826178233746,64.99089736920492,63.977499261521565,47.21452632737105,61.84628504188052,62.53245817692249,57.88774011871851,65.05175188140265,64.33089556352422,58.45272070620474,56.52258590875133,53.744577127179376,61.26708061029236,57.60523308548132,62.17322254290606,63.56249284003919,55.283715372083165,50.64982941869143,58.757759703305474,50.296743887501954,62.98967503627155,60.62231274175193,58.969843879259855,58.1970450202786,63.400236004952966,59.73542171775852,50.077777063920365,58.91494156957866,58.84458842594268,57.16862325435622,66.1507922895833,59.92162326210998,57.917986380228314,56.87897701251063,52.32980282160991,67.0010932992465,59.814623492328266,58.87816306611776,58.0686760939415,58.811916211854076,62.39719201256823,58.289123501928344,58.764428886789275,59.88014785836896
1610555735.75bom85BDF0C7W2eIseHeMxi24qR68nzMi,61.33159116562742,44.84208016251394,69.0159184816075,60.556905535826765,68.3435206487115,67.84397107033975,61.5051749592681,68.78678259068172,62.8388093083489,54.506934511323536,61.97753183369445,65.77811071386878,0.0,62.846459425619415,54.80467593980172,55.49791634254289,60.95155270143581,54.56783344713595,64.35230492054666,60.7328863121839,64.23413911028656,61.59518497645993,64.03554067393634,70.15691959268969,63.88014244370711,68.57741676135477,64.75909257541188,56.95578040759089,64.47288588959991,61.706564994957816,54.027556752763815,62.78264949070891,44.34465072044076,59.72446814267965,65.31589955679988,59.503409466064944,68.10103539912691,58.24290482492482,59.505679891620986,61.18143769215334,64.16076678272842,55.184300884934686,59.26193008111311,55.55915664723439,57.53995164954409,57.111407322679135,65.9249473252785,68.41110700562156,57.95825003250017,64.31268436942634,56.40592508004976,63.975119264079716,55.83465028031986,52.88697652188085,67.3271240861378,66.63940114640783,60.86423841980126,63.80101450647042,59.3921199225694,67.36244259851517,58.152629108397335,58.088390237483324,59.5986104251747,55.63908471198379,61.31521412698753,57.77062691632013,63.60851716653407,61.23572056730574
1610555735.77NnT5xqKnwcf2BbjIekeb2arTQj6QMNwk,49.66691431770822,62.379980586381244,53.485305416640536,63.18381285627106,55.735757982850444,61.69193158638501,47.940053940825216,46.698178515358556,48.4755788092938,61.094276952837355,68.90491915050991,62.224809072362355,62.846459425619415,0.0,61.13478730917149,54.411252022108336,67.98476411652821,65.2146653802142,53.85180745537425,60.039300643391755,62.43011660133582,59.83060337105006,56.508574490884115,50.44629916834488,63.277240507002624,63.648937969402084,56.248925764307714,56.939097895528754,65.67102869552376,53.566342072404495,55.402064265604054,59.164097542851366,60.01297737233288,61.23456149996316,64.12806757885804,59.9999315581039,64.5671747435955,59.32304110118633,64.94677601722708,65.09783996080077,62.093475309416476,59.50015683333546,62.007866645189054,57.84067208299054,65.29884023625566,67.15275593958908,64.57502582774836,60.78120654815599,64.63202070638235,65.22965983945727,58.35218069390515,57.73648767235808,62.09672344623652,63.10813140038367,63.55618150332326,62.79290712622235,61.68170717062437,65.19570461565178,57.52714936945212,64.5879505331619,64.09060043185251,64.07276008099157,63.529171895906785,62.1325896651228,64.77195740221646,62.24143390810783,62.65324784882111,65.15945369650635
1610555638.33wjf1PhdNaoWfbRzXVn50hmFyB5bYAiLV,63.91491011237269,50.174559501762985,68.02371934743985,57.21825941647259,64.6339146933162,61.99493016365746,55.25933642848157,67.60920751424374,58.224030506730834,57.335230563165915,56.64979418845135,57.07435623998474,54.80467593980172,61.13478730917149,0.0,54.95618953764612,55.451444607579184,52.774750594308244,59.39810642755151,59.77092881472918,56.20715641337663,52.6251507426052,64.08444378959291,69.14167430247475,58.814164779854636,62.314152125961165,65.67956564149519,53.91565438380016,62.95879460381288,60.58897963486568,53.011087307396416,63.218811872855575,57.17023243796942,60.74999261802554,59.64609932505942,54.200242640128195,63.37643790253895,60.137170025380705,58.63868235529533,59.87360020544847,53.48858850998179,49.86697937492015,52.65646131522596,49.77534652761827,54.839968638148605,53.73404000735222,59.29037933077304,61.080803625122755,61.07775263769143,58.816582244557495,55.28164434571738,59.47173335940077,55.959227173220356,53.24417158948172,67.85723485723938,63.752245607877704,55.49326306737337,59.5402280005233,57.74116903953797,59.77370168983343,56.71337558442213,57.15338669290769,60.05771334753379,50.51416223907127,62.097774003604854,52.695648896118506,57.636320965353924,59.09627822647004
1610555606.65jCE4ig8Pu8kvAzkxnSGfWsV0nQBjCf8H,51.79972884423855,52.61972645750675,59.86745213026694,55.456501928294585,61.70436857264549,62.12835519714043,54.63113170380817,59.68155492763955,56.53759779598794,54.274159231864196,61.441888495418475,55.90342098095989,55.49791634254289,54.411252022108336,54.95618953764612,0.0,60.54852325023081,59.28142870205251,58.535753960722744,47.704976392861134,54.88693490692027,56.3078413474107,56.67453241094201,61.03844750913362,60.0856944163954,63.33232924428682,57.22870884908687,47.50710768707341,59.65405045970376,55.39251328516883,48.1611809683839,59.27683184811917,53.917650090765875,51.31103379114324,53.36955264924582,47.13711682291566,55.38496081285549,48.56049124552419,58.325397377778216,59.819146364849814,54.15892968613743,52.08181880829915,56.07652520090892,50.28755627846981,55.450371707880706,59.464137498207464,57.70799060670926,58.45856230824061,54.04441151301877,57.15528708021999,47.82482276960933,55.08499760898577,52.5829619747402,55.61388945139566,51.92603305541767,60.415907562894105,58.48316618859943,49.91676767513208,52.943807411743,62.802827160267256,58.510377322180844,56.793113382913006,47.75569087656198,52.567429925918596,52.515663234312484,58.24923050064675,56.34183645464498,59.64814269191398
1610555608.18ONsBCVo1i7BrX0XG9stct4oiA6ejX9Oz,67.09151407094674,58.84234691968817,69.63275418337287,58.63433301211431,64.72275094731333,65.60926181576806,61.20177807346539,70.8658900888477,63.7720242846516,65.14843944182908,43.0004455051843,61.67583233936737,60.95155270143581,67.98476411652821,55.451444607579184,60.54852325023081,0.0,54.00510012872445,62.53998803248655,62.06500174576835,60.38879845854147,54.66296381933749,66.05503367005966,71.76653400849726,66.46964048301207,65.81135157145495,67.32497098922876,57.326279420137,66.11427896452777,62.39243197674865,60.43140900074881,64.51714658393836,65.12331953756059,65.23058523391282,63.85470493974748,57.234987084006164,62.67863668487243,62.611981353926225,63.47188813140571,63.31199779601268,59.314203795950235,56.23247802676439,59.64970232848675,56.75579976035102,58.48601136285244,56.01386522908184,68.09314979887306,63.74650336733755,64.63036109274898,63.77266164712686,60.44761443113764,63.398706887416246,60.557638217100056,56.311118648251814,68.57641384800604,65.32356746840567,62.13811968917936,63.04705153928245,61.81692933275337,65.25945251237584,54.53712912278934,57.40350480545525,66.91205901154657,54.78457391379405,67.9259053191815,52.97886965966887,62.92643524144253,58.35034774127723
1610555721.51RNoQUMP19FTMS79BmA3JkgSm2IC2AQuQ,63.67191706386862,47.597302558980374,67.24579937166634,55.409358571046035,64.69094733292086,61.889639594941386,59.74208386622671,67.27263832924014,59.06927516159132,63.91768547640654,55.06919493293454,57.20191498642238,54.56783344713595,65.2146653802142,52.774750594308244,59.28142870205251,54.00510012872445,0.0,60.68585398446045,62.33658159154971,57.9112900747632,50.46562299720932,65.78832478623585,67.75861784394543,68.1471313796782,63.38956055337149,67.47232108183027,53.51080168032773,63.91244702043884,62.570633719372594,57.481753346029954,65.45364170552524,61.714161273802986,62.78793584460338,60.589739848665,56.212529205169545,65.81885857821462,62.7535007131092,64.26886081288153,62.87022602927783,55.60759330928101,51.79817132598797,56.257239708580435,52.13150805601258,55.38689264041977,41.56894553832076,62.001586249852544,63.43113366809707,67.05732245457979,58.3416450120875,56.590473891854444,61.97973443692137,58.566327460997435,49.366240838314624,68.10811178354668,64.37356074427704,57.762515558691824,64.01714302564255,57.46466160698529,65.65112543368019,49.697356454092734,53.18807647273401,65.4841492241654,48.70181793953052,66.11108563604131,49.956676271777916,62.19795971759541,52.12403131846176
1610555971.86O0cHB2ibBJ8jxoObg01EpGe8VVV5mpwn,56.24626346431786,62.30327000070155,56.84441584874696,62.00627654339253,51.27791635930361,42.12295011846837,48.57953364427313,56.85760766256751,47.1492700210652,60.51762935547631,64.7150218967819,58.81917078115915,64.35230492054666,53.85180745537425,59.39810642755151,58.535753960722744,62.53998803248655,60.68585398446045,0.0,60.49900216786621,59.20113556103327,56.11672433925884,56.933731634677535,58.3348768655903,59.43788084765927,46.834292060246206,58.33003841892004,54.75058565190268,61.94435303596872,51.48520828310006,56.406349335187606,53.56600239115897,62.42048610411511,61.74696628070504,62.45505327905661,58.15291304305938,60.63402970154416,59.75008136481193,64.25652216196079,61.78054203454146,58.45360607366455,55.969521511362295,58.13924698865148,55.57219254289884,64.47714035429327,62.34382519530933,58.50345724847997,53.992515114093074,65.25469903987742,60.29693992103522,55.001212504336245,52.29273077837033,59.783182474066706,59.60133317053181,67.14326857416609,53.67298709563229,57.20681048747303,62.21904409652638,54.81941265031795,55.8405008856875,60.35449047517512,62.64022111723891,64.51695681869728,58.200298544777986,65.40162519803677,60.79406149631269,59.06064053070702,61.91930241306646
1610556911.51zU3duZSGpcw1BDNsBLxdOCITAXwl6z3i,57.11611823062744,59.96920038312341,62.80630486977703,61.35405743146424,62.114360361873494,61.087547064350886,57.91790021867326,62.45517606882205,57.40754986749436,57.08695379045904,62.79569528409106,60.29151644874274,60.7328863121839,60.039300643391755,59.77092881472918,47.704976392861134,62.06500174576835,62.33658159154971,60.49900216786621,0.0,58.16352169133525,60.75018580836803,60.91963751355263,63.73079241132181,62.90604782905541,63.500818769507944,61.399982226146975,55.49286582472423,63.418966777136625,60.52617494127855,55.08928587663298,62.3412965769098,57.15193848927656,57.553195916355094,59.4617864670385,54.51227815331795,59.43143137058364,55.693160956854015,64.60393969424395,64.63824862619923,58.98000725695268,57.91871908739526,58.35349187663627,55.65875511980614,61.411220248867245,62.731689997435836,58.96063213932951,59.86576513616888,57.319466780795985,62.82465157832752,55.05372383908683,58.527462448939374,58.8154369992286,58.081698996804576,53.88183590162256,62.18051394462767,62.17992134075819,52.57234217467264,55.79452383784751,65.8259821888821,60.124653179737464,61.28994786310854,54.31573640851498,59.51207777879065,59.08531552437409,62.351830690847265,62.19190838099378,61.5147185628917
1610555988.71dMoYT8250UHHJGxgmITTmbHe7V6gH1yU,62.26425308357803,61.07935125001797,63.91815525492598,54.640726844613056,60.54367842781041,59.59330019346056,59.56424081851184,63.44638221143173,58.087050581332555,61.24047303693436,58.07361393314756,41.46988812354454,64.23413911028656,62.43011660133582,56.20715641337663,54.88693490692027,60.38879845854147,57.9112900747632,59.20113556103327,58.16352169133525,0.0,53.18889047272089,61.18014512734891,65.0644534759481,60.038889894482885,63.18290538578882,63.15005373969235,48.091282025438076,59.07065977954682,62.71056299153159,56.90369050879781,65.882864090891,61.2510470475311,58.20341936285161,53.12001999921845,50.63432807286573,56.37907296545427,57.490170659168655,62.3814137784069,62.23786042265429,53.170837187788244,48.795445844371066,54.90802413979413,50.32429463433151,59.9477981655248,58.89789749099908,56.62265202635512,59.9320474930277,62.34452620986284,58.69465843173713,52.51585744126011,58.48097196836016,58.453969130360754,56.20242743214126,61.452438031819035,59.6617802587548,58.466362369509945,54.49417067266426,52.52294068311507,63.39945674392428,57.088691871664345,59.74194134626696,56.67035871941326,56.57951206037811,61.21606891740569,59.42850859551557,59.2795865410912,58.054072548426795
1610556042.81mlUZsSp7gbGjrp8jQSnybT1gPy6e62o1,60.25524181451336,56.485172145261366,62.79966630025948,59.144257936814334,62.5991443356872,61.1208578409746,54.47204170771126,62.235157891075794,56.48561411976858,62.808111268069126,55.545123493104775,53.73526673911316,61.59518497645993,59.83060337105006,52.6251507426052,56.3078413474107,54.66296381933749,50.46562299720932,56.11672433925884,60.75018580836803,53.18889047272089,0.0,63.810133478017235,62.820260043946284,62.51703471265006,63.37813673021223,63.2518123159849,50.19776091347149,63.138700511049436,59.005000149360995,61.28110793888281,61.6477732003863,63.456846994820495,61.39454825142078,59.54117757586149,55.41940064260111,61.54715971093063,58.97287068799881,62.57131732008962,60.70399885294244,57.177358023735344,48.60870661832936,56.38552905680193,51.903045814207346,57.556190562474086,50.95102223731526,60.99592175399276,59.22059590672313,63.21768824190594,59.56929636624366,54.97238235388078,56.70850632707416,57.41223886476272,54.88512502298472,65.89864830365318,63.64847004345014,57.98692348810994,57.82692842025523,56.5419240069159,58.84678661824749,51.67600205984626,55.501364632154676,62.23388581018555,49.74197422780295,64.43007733807534,48.88736103623028,59.48908318740413,52.49151724710956
1610555637.02UBW5nKvDyUrKnaWcYRGajZPxTRDS0q3N,58.1516129159004,65.81484397998021,59.57919865581855,63.40367126631626,49.20687612527276,60.96880542954632,55.292350512924294,61.40278164915358,53.551160189599464,57.78576033842541,66.08741466664539,61.46465941089848,64.03554067393634,56.508574490884115,64.08444378959291,56.67453241094201,66.05503367005966,65.78832478623585,56.933731634677535,60.91963751355263,61.18014512734891,63.810133478017235,0.0,63.501754887370964,60.43187028975629,60.86778778200172,52.832706053723214,58.53957559908076,63.221818734042024,51.53908010790854,54.480374851874195,50.8817044808092,58.693179996281,57.5040928771815,62.10577225504073,63.00797418735044,63.74237145315847,53.534669222448805,63.92862091544244,63.4454175888559,61.25451309022592,61.76311472693877,62.01171044578282,62.13151517691684,66.81910265423842,68.21323066154217,60.63568835714843,62.91143257775328,59.37266615783233,57.299177845122706,59.774314644759556,57.13959457199618,62.12328515879729,61.15774118854213,61.93651315005988,52.31843522350017,57.53915319806239,63.558483583461104,58.502775320213594,62.310511585173764,64.50526346315547,63.36916086249381,63.67915363086297,63.025466552104206,64.2015518272411,67.62954212468695,62.28149598796009,63.92135911119776
1610555619.13oUYNikU4facCTpUSiSLr0vPI0tJLnXiT,39.883386587281166,70.94860438455713,33.09912321961217,66.57851953934787,58.49217584685454,64.58622992644062,51.67785242453723,26.765195738291933,48.53927485727816,66.8131569611327,73.01456320383379,64.2254875503104,70.15691959268969,50.44629916834488,69.14167430247475,61.03844750913362,71.76653400849726,67.75861784394543,58.3348768655903,63.73079241132181,65.0644534759481,62.820260043946284,63.501754887370964,0.0,70.64893571434601,67.10569844233993,63.95333365963362,61.91921776905733,66.97623145814363,59.60608719975765,65.18311699534932,63.586832128705105,68.23127852876017,64.9198998769443,66.68343052797995,64.95281854147298,68.20259266007093,65.25216445309563,70.82892533230297,70.12260468295531,63.36835231081162,63.26105521708901,66.91813642082022,64.0980109527336,68.87101613395986,69.15204713977757,68.02079690966596,64.56723852004744,70.05415718837834,69.87575198878326,62.12297677008924,64.73459004820538,67.18529904252154,67.22680452697207,68.97039063589621,66.7608956159941,68.04893059875161,67.99824233106244,61.22030567551688,69.44689866321599,70.10846607300606,70.90411989622369,68.50449707835405,67.61574242833663,73.01895550514898,66.51368603734615,69.98631593390103,69.66868536368911
1610555721.03nzkucfjAUh31zTbmCVvTVYqtjoxZFnBh,66.61292616236706,62.99959519249629,68.31222503953867,66.5565460174391,63.29378408790635,64.22711032376628,61.07156229250161,69.68655390829149,62.92403541117532,60.765584289530736,64.30544990834059,60.72826178233746,63.88014244370711,63.277240507002624,58.814164779854636,60.0856944163954,66.46964048301207,68.1471313796782,59.43788084765927,62.90604782905541,60.038889894482885,62.51703471265006,60.43187028975629,70.64893571434601,0.0,66.20622108969577,67.06753753643537,60.24980136205505,63.321940212746895,59.7655856032481,60.083562139737076,59.99998944163726,62.361065295085766,58.280244379803214,66.35980115301787,60.41694763255849,66.35043498128996,56.22933050686831,50.91898727954618,62.27675845036227,62.0593051934535,58.19355089873338,61.10633152914997,58.09968864182143,62.10294295796135,66.15787140840705,60.99483849854015,58.01938433378131,58.948476613483884,60.371167555241605,58.046689205271534,56.56992289485681,60.586631991357294,60.608722827760914,71.05033334047803,57.61396484151027,55.57201243497638,59.11983468568629,59.86368539849884,59.68056395629169,63.40152592929254,61.76446554728039,61.17448590154186,61.01077756148178,64.05747026701918,64.27962634168942,59.66676386526644,64.45735354931885
1610555722.67fhKURdXVzRbLIjXmjRwdJHTnE7PWb1AE,63.20546291751515,67.57152928487072,65.78074567590548,65.94864591678699,59.40464215411639,38.788381411408004,58.1092385916276,65.15733503407192,55.52267026727542,67.69482108726645,68.51643401709596,64.99089736920492,68.57741676135477,63.648937969402084,62.314152125961165,63.33232924428682,65.81135157145495,63.38956055337149,46.834292060246206,63.500818769507944,63.18290538578882,63.37813673021223,60.86778778200172,67.10569844233993,66.20622108969577,0.0,65.09673975337587,63.06502287756152,67.924832334739,60.43909204477953,60.239300292335066,58.28233710891789,66.90956393987908,64.42353836829338,64.27890880083001,62.509024649129415,63.213178192347705,65.09640063231099,69.65324928411756,65.6232673963688,61.8488323209415,63.240477085200965,62.22986085906457,62.56663092301821,66.94399419194829,66.03034946671205,59.55774329995655,58.20419999438356,70.01255890069068,62.79787021221626,62.29958331437058,60.64346070426008,65.24276211434182,64.17546906497665,68.29058764400804,59.61999870686132,62.79686747564949,63.989024040652204,60.284426288020086,60.09123732063367,63.830319265520174,67.15269773725696,69.87789617530005,62.208332548121305,72.12771689215448,65.70264869822094,64.76184415991358,66.02778401431826
1610555638.39J2ZWBLuLTHP0jOlzB4tNHmYeijH5g5YJ,57.89388726537279,65.25631126363217,60.7688603055291,65.03729593252037,53.231231703827156,63.150051931760004,53.6738980271299,61.29090972155949,55.770953876230415,61.7631978044111,68.93095056735382,63.977499261521565,64.75909257541188,56.248925764307714,65.67956564149519,57.22870884908687,67.32497098922876,67.47232108183027,58.33003841892004,61.399982226146975,63.15005373969235,63.2518123159849,52.832706053723214,63.95333365963362,67.06753753643537,65.09673975337587,0.0,61.095089693407004,67.89012589783995,56.474229217231105,56.63565096783163,58.21133161982141,60.06664947226879,63.59412666640937,64.2704512657395,62.05032241712975,63.93633346682807,61.14581459669613,66.32129512565378,66.6281504455457,64.24636465497771,62.08796781428534,63.11649476699597,61.27338498910327,67.00824618858731,68.61827361879304,63.12992873802421,62.30441402588656,64.26918559807353,63.19477755092486,61.252639846685156,57.10423519952315,64.06238263373315,65.70100156441895,66.73749018573147,63.25990038149631,67.98480885579147,65.77139641272372,61.29128140677657,67.03042875314239,64.94492632762942,66.51746798158409,63.73322062019073,63.48774775474148,62.823344739836536,68.5563281747172,61.30212187935123,67.04572751267094
1610556032.17Q6yCDx9g7alRnL9jBFXD2JhhUyB2hKfJ,59.80823156960618,53.717994035586436,61.51697122807892,52.764774259917665,60.465673874532065,60.183175874449546,55.39613341014413,61.49310469163495,56.02991192833606,58.47053262088225,56.80316323035718,47.21452632737105,56.95578040759089,56.939097895528754,53.91565438380016,47.50710768707341,57.326279420137,53.51080168032773,54.75058565190268,55.49286582472423,48.091282025438076,50.19776091347149,58.53957559908076,61.91921776905733,60.24980136205505,63.06502287756152,61.095089693407004,0.0,58.81999477025657,57.77192033348874,53.600840271697514,61.285792345342536,58.897759990246485,52.89525728797043,54.72026694940199,48.81098985820289,57.14903023514187,52.19509597451257,62.232108870237944,57.96553579488332,53.42429203298419,46.977681993026934,52.04607335634282,43.55837539101637,57.705444921772,54.37228594526523,59.179481659039844,58.829915432841275,57.57568938555622,57.873520847473976,47.6299238548042,55.10648004572902,54.58155528406211,52.73749152114422,59.138609702080416,59.17892348053872,56.58908497117057,54.51353952260934,49.24192388421337,62.11251631999377,52.25366191093549,54.9369626275996,53.79946493976497,50.952593707291676,55.72390596863714,52.669909600846104,57.39065284354754,54.090483613955556
1610557007.49MyVgDnuUuBxrvL6SGOdhKf69VYlW1MSm,64.28263238700018,65.05264957249732,64.16099593421495,63.00830550347046,64.85240898007912,63.68395420495086,61.58561923091712,65.75772732127287,61.20963969238305,63.442396571477595,65.58856850615172,61.84628504188052,64.47288588959991,65.67102869552376,62.95879460381288,59.65405045970376,66.11427896452777,63.91244702043884,61.94435303596872,63.418966777136625,59.07065977954682,63.138700511049436,63.221818734042024,66.97623145814363,63.321940212746895,67.924832334739,67.89012589783995,58.81999477025657,0.0,62.11726308511731,62.18714586303335,65.38470149204895,64.21667042416193,58.67483386583737,64.71097228456485,57.97842163047685,65.0943745035775,56.56866962232853,61.17187437998717,61.5495285819772,60.48081911261902,58.05448960826312,65.49016440849115,57.85441909899198,55.15304637290095,65.15988148361427,65.88495258295464,64.84327557180592,61.24054668721524,61.898366687985366,60.90715138733156,64.1687059505234,60.6736325189579,57.492348562180375,68.7818460599261,65.08904637765028,59.299571211616474,62.63850520942698,62.840878194260874,68.35768065598283,59.61257729321198,58.697760664718565,60.26782322587159,59.57412606498417,60.59917176352582,63.30583136749638,61.406135617794526,59.38452476221952
