,1610555604.25mOvVXuL01OCiReyVWBfesjuvXmB3MoPy,1610555605.43B6oDsBtWRQ29Q9UMQuTUEPZy3FSSWXzc,1610555610.92HPGJJSmyPM40z7otPBgHalNrHFA7zk5d,1610555606.68LaSQbm9EHAFycEfFtEqAwYqlBsQPjIRW,1610555617.19EKxMEwDHfXiEJZc27TsGoERaD6Da4BZU,1610555722.52PJ3FD50MGhRXyUD28vluU8Z9UjLJLZn4,1610555617.52Ijr5puT55g9apK8auM7zaxa3NANg502t,1610555638.77ZLjTLkz4jYJdFMI2wWBztzsDILkoOtAk,1610556912.46C7tJPLF0XfNnm8f1820X9aLmXMHoc0Dw,1610555617.51LjzIROg0aeCP2GhDcAVQ0LipKJB9jmKc,1610555608.17OpjjHobqRkX0UPcaXrbu7K6L3805SZri,1610555721.82zWeNZfGUUfRJkgnAwlP8VMhPzXctnSd4,1610555735.75bom85BDF0C7W2eIseHeMxi24qR68nzMi,1610555735.77NnT5xqKnwcf2BbjIekeb2arTQj6QMNwk,1610555638.33wjf1PhdNaoWfbRzXVn50hmFyB5bYAiLV,1610555606.65jCE4ig8Pu8kvAzkxnSGfWsV0nQBjCf8H,1610555608.18ONsBCVo1i7BrX0XG9stct4oiA6ejX9Oz,1610555721.51RNoQUMP19FTMS79BmA3JkgSm2IC2AQuQ,1610555971.86O0cHB2ibBJ8jxoObg01EpGe8VVV5mpwn,1610556911.51zU3duZSGpcw1BDNsBLxdOCITAXwl6z3i,1610555988.71dMoYT8250UHHJGxgmITTmbHe7V6gH1yU,1610556042.81mlUZsSp7gbGjrp8jQSnybT1gPy6e62o1,1610555637.02UBW5nKvDyUrKnaWcYRGajZPxTRDS0q3N,1610555619.13oUYNikU4facCTpUSiSLr0vPI0tJLnXiT,1610555721.03nzkucfjAUh31zTbmCVvTVYqtjoxZFnBh,1610555722.67fhKURdXVzRbLIjXmjRwdJHTnE7PWb1AE,1610555638.39J2ZWBLuLTHP0jOlzB4tNHmYeijH5g5YJ,1610556032.17Q6yCDx9g7alRnL9jBFXD2JhhUyB2hKfJ,1610557007.49MyVgDnuUuBxrvL6SGOdhKf69VYlW1MSm,1610555638.44hjT5hbYdKoE3MB6hijrjqbjmLgvCUYKD,1610555608.13zUvmFSCRt6SsLbhqFznMEvGx54GPGQzM,1610556038.62a5C4ynd1AARyAhTv8a58NCqHvXRjscqH,1610555644.45Xse8u7pusHNsd7F3d0A32HXvXr6weOJE,1610556038.62gKXOCG7XCn55eJvyl5voNjbwOW0znQDq,1610555987.13v0oleKK97pkesp6oMgprH8SoSdoDVdIO,1610556964.96ZLLeiQW0qpmxhPGTg7K03fmzkqsC2bjC,1610555987.13VQlEedQ50VvkPMEMzZDv3KNnQCewykN9,1610555982.186TY6MMGkDecIN1woW6vsfAMXVV7jnyjO,1610555982.673LuMndkwkvdmZOn0MmE2Pkidx0FtNalb,1610555733.38zItcuH7gHNfKdALR2d9Nek6bxCyw36Vm,1610556034.15BQxSbZINGCay0yp6RBVlgcPrw76Yn9ON,1610555639.37BPZpgtGml8qUsh9AdV4m32jPLfI2aNFq,1610556965.57S0adAalhWYe6K3bkZU0bRHbqnDK8gGkR,1610555983.54zteLPCMjyrjzPdhHhlZr3faCgD0TfYr3,1610555987.79rHnNRmt9a0ufmnwCvZqBouyUoZDNpylW,1610556960.041xWER61rmArlsKfiMl4frikWmUCnQ7op,1610556035.13a7NHZDutfTMJ88qle1gTYY59Dr4WmMsj,1610556890.456ZBDaY16bMtrTZTqAgHl3wq1tRxzqDow,1610555760.24e6890pkbyZ97Or6croI1rQgjkSsR0yVt,1610556043.02YpWMIJg3W004iqlPyv8OcVAZdSC5rNYw,1610555987.03z05P26TLtONYM1HSzupoc2CeNMa6HTqr,1610556032.15OYCzUxpsz7b10AXBAuDXrvEcvxFhf0M7,1610556032.63Z80yI9pNwS3jSmsDABbuhf8wkNa2Ze9y,1610555736.28eGuESasTXdR3SqY6pHhEXWZtcdciYLCO,1610556034.61bebeZA0MkaFG2sm3VKiqrxeqQginTTW0,1610556944.5XwXOphKYT3ZkWA8gViqOS97VHVuMVUqb,1610556944.745UVLFBzf7fPh4UH37I6tYQOFPqRDytEh,1610556034.63XsUwaFaPZevO1JNFjfhvY4aKNFnV4noV,1610556964.89xwBHw9faT1HjQRMNQEyA4qJ3hWkwgj3k,1610556966.74DydzH91jtyvRyYau47JpVkZoMRSNTt01,1610555740.77UueVziDbaXyRR4OcVJIIZyzOfAzN51bj,1610556046.84e3vwjyRCzqz0wJQhrk8zsxlFfFSv98Df,1610556137.99eoPuVrDThKAOvmeprLPb2FWRqIhzUodc,1610555740.73XFwSrmTXJPlaxGZSefh0jOVA8PI3III1,1610556123.88AOfNaz9jSnqU5Czc7okOv1RCrYfKFBTo,1610556046.85nB7NvyoYQeLcOV391Lmmut1wAM8CFGLw,1610556123.89H4pdIAzDthI7bMXMhlIhKUYIQIvtmPPQ,1610555740.87GOYQUJKpkynIS2lFqppYK4b32ol7NeGh
1610555604.25mOvVXuL01OCiReyVWBfesjuvXmB3MoPy,0.0,34.5595734424518,9.728744791420695,32.781097645910926,23.74029294411912,29.253703150866315,23.781034302677035,12.513474151992522,21.580385789044474,25.27812261540977,36.89745665359678,32.76113701271598,30.053146614748734,21.6732580340337,36.490646465411835,28.673113074842806,38.14767577742035,37.7175418630782,26.341309936858224,23.151625528065804,34.08598890269105,38.890823625674955,25.078099795073424,11.755359727100187,31.238820395938227,29.308700346613346,23.177114288556172,33.105963826754085,33.14977638668051,26.22800262048948,28.178594743596115,28.78650267261178,28.002058327385075,30.667088676981457,31.111209928178685,33.58401668754417,29.670025471241534,29.853589060628583,34.173521928532196,33.01245621461505,33.06932965844474,37.794497135267946,32.81701208793018,30.949204916226275,37.31779035246846,38.703879697201344,30.39836810416084,25.904332420730864,26.237851389310684,31.46752282669759,27.823097962519032,27.04971567054557,35.063860522504164,38.56995705866883,25.878514420822036,30.2718817520074,32.94713166833725,29.027688332507097,26.77455663581551,32.10569433098137,38.43564585100162,40.57364528351764,28.41518752104916,38.01462059824779,27.616438602744086,40.45948973664253,27.926820932425557,37.666996442490415
1610555605.43B6oDsBtWRQ29Q9UMQuTUEPZy3FSSWXzc,34.5595734424518,0.0,35.051307399446515,35.09503743404678,35.51958736716297,37.33457184263769,35.67176240465461,36.01133194742772,36.61352249151555,34.604788768919924,36.241383241537676,37.874980448723505,34.76639013552272,36.83996780189109,40.476130915826154,36.71666913562023,36.976607194533436,21.39958675063677,36.35127717270527,34.06431400658903,39.627210329365994,38.43713222119407,34.1987642712016,35.72517447481199,37.09491487039612,38.410308733052574,35.903578843512896,37.590986412417166,36.53079487933303,34.49999384546459,37.371455747862115,36.41518532219902,34.78791675099517,34.90402613712221,37.6761431695596,40.55782322468276,38.061349782131224,34.14400342699464,34.54070273430631,41.17863492582162,37.81568109289908,38.87146476208374,39.97903359098358,36.40945267141315,30.49231255340173,22.237236088273217,39.23167782320283,37.11411237312764,34.11726635138977,39.32949637050909,36.57462871717349,38.08971493689837,40.86793160525254,40.102235177782326,35.623801160869725,37.75063659622303,37.85248800053949,36.22287313365842,36.54755117816594,37.534879051802264,39.71830571375463,40.41262763944864,34.88640801984699,39.07721471494218,35.069810513292595,40.35044921678351,37.46166235305062,40.22989067147776
1610555610.92HPGJJSmyPM40z7otPBgHalNrHFA7zk5d,9.728744791420695,35.051307399446515,0.0,33.182801847089884,24.180481991531536,29.948742024544135,24.042564015557673,14.612930326488794,22.553556596731735,25.952778790127628,37.21059866026383,33.56372328003961,30.616197305720917,21.955409450705407,36.84956770109325,29.14010351393849,38.319468748602596,38.36215894535649,27.07599929522595,23.85103290001241,34.75776539905377,39.35066556542051,25.753871302475872,13.912581949135793,31.5595916370154,29.969190393911393,23.830319109595695,33.51178755758041,33.463644482531706,26.804106445608763,28.70715063676074,29.35670749958131,28.612037142242155,31.08423238424537,31.707805324201377,33.95222781609902,30.117886745907715,30.381420428552307,34.65649241973291,33.702113068098804,33.13486795909884,38.224220430474084,33.23669412223669,32.20550713939921,37.61855426628132,39.06138085431598,30.969752210131162,26.723065196485024,26.90048173740693,31.784344895666298,28.679142893885988,27.674253779665964,35.43537339420721,38.93510432360194,26.38204412822911,30.62105943268404,33.30144571355202,29.70330819154348,27.59455743902976,32.55905640359681,38.77385017131705,40.665954660521244,29.03268229659325,38.43747264314331,28.193557039235504,40.74390189889023,28.350825885097215,38.09163422036804
1610555606.68LaSQbm9EHAFycEfFtEqAwYqlBsQPjIRW,32.781097645910926,35.09503743404678,33.182801847089884,0.0,34.49621814399356,36.965748460330886,34.77701461916261,33.60363150370324,34.742611567588504,34.506149418889834,35.49530669695154,34.58010892828817,37.03383726586911,35.05698585567443,40.82022098917642,35.129291610641,37.2823741355491,37.8147989136074,35.13367766640741,32.41386961842758,36.623695754273655,38.94893976508835,34.79792833267447,33.66197141215379,38.30761354129882,37.42472537268049,32.390824501269734,35.5223818145203,36.79145623783609,35.05484056250727,34.62262955374745,36.90005771212192,35.52639498077521,36.245556346492705,35.25623471885139,36.934926500623014,35.85162916272363,35.54205519608729,35.58851803667893,39.33590125244758,35.44719701989112,37.08293191268881,37.072586383483305,33.18547605567208,38.29569938750449,38.816590672946,38.38473983775825,35.23426816283561,33.976028698705356,37.281292287561406,33.72316051268101,35.93552847669428,40.19509105830791,39.83472162558893,34.008844708707464,38.16971588600815,38.77672810770254,33.84781021481527,34.99016449417107,39.00177501571765,39.47735193095356,41.720661735158906,34.101524880597154,41.36990961890664,33.560185629787,42.76825959097026,34.26550742223681,39.74474813421663
1610555617.19EKxMEwDHfXiEJZc27TsGoERaD6Da4BZU,23.74029294411912,35.51958736716297,24.180481991531536,34.49621814399356,0.0,31.933157768642282,21.6507145139482,25.45649995549109,24.920578047331286,28.046349627319334,37.02428832522104,35.08502990342919,32.32370814862405,25.876348273826423,37.67615358355581,30.550190480829027,37.96967142256929,38.67855302078857,29.25195016852444,26.726826313358572,35.89354813455281,38.322104007949065,23.07727388212239,25.25854898691689,31.707603056677865,31.560408764301695,23.507006794265752,34.94718163696796,34.914073696796514,24.84813576422448,29.798458211333674,26.273851348320335,30.50179690321031,32.30953315260223,33.089699507319864,35.20155331254174,31.689401935991945,31.49780589080747,35.25890526620881,35.39975789179207,34.551204295367114,39.28540373632985,34.255241920855305,34.87939520985649,37.266218133242866,39.32199889473017,32.14765415308607,28.920450502743492,27.957582684150747,31.037209852087447,31.451553789901638,28.554147061282627,36.43942040867305,39.20999466551918,27.750401565608705,30.198782440425806,33.22514994328891,31.694499754284582,30.268315292478814,32.00711844085802,38.47506106257836,41.106744237912864,30.795508685650056,38.139473604588474,29.37948553851672,40.52966386738071,29.77543966181433,37.87107483841797
1610555722.52PJ3FD50MGhRXyUD28vluU8Z9UjLJLZn4,29.253703150866315,37.33457184263769,29.948742024544135,36.965748460330886,31.933157768642282,0.0,31.60436725934065,30.453870150915318,30.300045318267046,33.41516692486772,38.35824803349768,37.35357416214982,35.84421771861681,30.88035895016198,40.4403608710802,35.416892461358344,39.53127018163576,39.294782949737076,19.838863754707493,31.95897584673276,37.95866505872444,39.25800032039463,31.358772464353745,29.93117254799406,35.026859209364396,23.915363252725967,31.118123417035054,37.601656957421625,38.20273406477362,30.37438926703465,35.21120313099034,31.70618750511501,35.438628463735235,36.97312397763706,36.518896496560885,37.68141763495237,36.30773376804246,36.69992242177972,38.18687737206266,37.86575242453602,38.78522072208962,40.06695386568888,38.23553153828364,36.373329794185345,40.04565914101094,39.18973776798116,33.09208810250197,31.532349117734235,34.28826226351267,35.80502427545706,34.5235531876049,31.288016762888077,38.708774794596806,41.04360710896303,33.45003126168133,32.23433949510136,37.95615780607602,34.68980235882957,33.3413704505515,31.84065743862318,40.227017962500156,42.32898314595183,35.41217607320037,38.747027026690674,35.26627509614253,42.15901550970709,33.67315916839175,40.12671914549028
1610555617.52Ijr5puT55g9apK8auM7zaxa3NANg502t,23.781034302677035,35.67176240465461,24.042564015557673,34.77701461916261,21.6507145139482,31.60436725934065,0.0,25.188635893687977,26.535846980474023,29.54465523655481,37.165180667332265,36.3378933545433,33.02983424947897,25.335658230499508,38.210700152304334,32.11032515926988,38.644452197357026,39.13493157701071,28.880477073632076,28.676788005312098,37.38988987122486,38.640423508019126,26.777658387752894,25.016342596021346,33.374066836726364,31.59894283770727,27.105470888565673,35.264500517414845,35.30555159782742,24.093794575049735,31.360815811985354,27.194202396552555,31.86870147824549,33.56326843656733,34.383405442998466,35.77344311549702,33.394346580821924,33.00727518689644,35.352202621885674,35.62721303707601,35.61336428198152,39.52985084756575,35.48464663550226,34.70887464297501,37.574816726280446,39.220448153700204,34.20579890979886,30.290435357326825,29.63891170057734,33.77611460412886,32.72252174969055,30.368005880468587,36.62347916453221,39.31413344646952,29.71438702411252,31.140436781037433,34.55057327428229,33.4780568486832,31.36796817600614,31.840446537916122,39.1234060520699,41.26250406600478,32.22049073338537,38.047999291294744,30.774892936202146,40.83859185115414,31.03702511258282,38.52020740046862
1610555638.77ZLjTLkz4jYJdFMI2wWBztzsDILkoOtAk,12.513474151992522,36.01133194742772,14.612930326488794,33.60363150370324,25.45649995549109,30.453870150915318,25.188635893687977,0.0,23.19534498029398,27.295085768772363,37.73163495787818,33.66394288173371,31.81743042369495,21.198104531830136,37.19122188782848,30.23458286538204,38.94049431025853,38.56037913577329,27.59168604677885,25.116285912544306,34.99451239157399,39.50104277985081,27.005089848472007,14.78108998192101,32.46966061190788,30.374716128208537,24.999370570080565,34.01791890603519,34.28603784819982,27.969515955460317,29.42176320494963,30.268488457127805,29.815809434495712,32.08144322514795,32.26871425288767,34.416489116347904,30.99445240462691,31.27336994363234,35.46409422170671,33.77381489226856,34.23386652036525,38.40288960682321,33.45852455750556,31.62071568572563,38.32420903642132,39.62104077512562,31.667189715649744,27.294385398256,28.074739500860318,32.58915234703225,29.071903443480856,28.323092745572456,35.97369769396916,39.46931628934949,27.661470240608864,31.5113238756678,33.8745614058513,30.730510588818536,27.687001179197644,33.19474636379606,39.17017885146187,41.32161300303188,30.060035723709525,38.423018131830894,29.14946990198086,40.953527372759154,29.328543173925592,38.54764688307073
1610556912.46C7tJPLF0XfNnm8f1820X9aLmXMHoc0Dw,21.580385789044474,36.61352249151555,22.553556596731735,34.742611567588504,24.920578047331286,30.300045318267046,26.535846980474023,23.19534498029398,0.0,28.119627598492574,38.303948838110664,34.15728414300847,32.43709925037816,24.977841020086714,37.17460587720166,30.996538895166143,39.23731156534049,38.7588400802916,25.966695718793932,26.02076592048122,34.47261804936843,39.86937111534222,27.548401151574637,22.354206751761076,32.79069992513868,30.658881203957115,25.901369063236686,34.34931594767082,35.35160775949148,28.708177201136994,30.737755628560507,30.283332342023584,30.54616428163697,32.85725320829325,32.809105750350284,34.9625687401144,31.424947455591443,32.27941919087594,36.26011194131493,35.38693439364338,35.235388473842036,38.561354103995356,34.11679726193176,34.13977830119799,38.64358296013646,40.018112206923426,31.59009814754616,27.17093287948295,29.05477180978395,32.719621362218525,29.98831564320761,29.103004009599037,36.95749386818399,39.99539887267753,28.85677769806449,31.84676609224739,34.40227937581519,30.78017544047007,28.94150639266497,33.04124405289838,39.09878783408424,41.72951653488961,31.01296087031121,38.94939686325761,30.326680449078857,41.528749176982636,30.191019435586675,38.50688060973278
1610555617.51LjzIROg0aeCP2GhDcAVQ0LipKJB9jmKc,25.27812261540977,34.604788768919924,25.952778790127628,34.506149418889834,28.046349627319334,33.41516692486772,29.54465523655481,27.295085768772363,28.119627598492574,0.0,38.63147208926898,35.44300669650429,18.858978443899236,29.485932687863418,38.73534321848727,30.735116677158263,40.061799223393116,39.00498781550198,32.20074521936034,26.849979762563255,36.47368569645279,40.965947826869616,27.858256809023857,26.877614551463335,32.972386282528724,33.69557642764552,27.4535636444001,35.79948727191179,33.81197224613654,30.02924278971431,29.621868042536008,32.424479945480975,14.261954107133954,31.82147901592325,33.32136605589722,36.35618293465709,31.539961149921872,30.864065832940042,34.63502574545948,34.61680848169126,34.91457152369555,40.27864711633346,34.67536977808822,35.21280598569679,38.67697516126872,39.30934397717102,32.907660370853854,29.47265196568742,18.360604028919248,33.94909692641228,31.48270220619938,30.671736699483677,34.88388822126627,40.055499731807885,28.804252544990756,32.89225683326351,35.70769319695498,30.93224086598398,30.951167618608835,35.388167907297635,40.18736893049051,41.923164571876114,28.671398320826814,40.88379853378386,26.809963955238313,42.271200530491576,31.31515823484785,39.68625275190648
1610555608.17OpjjHobqRkX0UPcaXrbu7K6L3805SZri,36.89745665359678,36.241383241537676,37.21059866026383,35.49530669695154,37.02428832522104,38.35824803349768,37.165180667332265,37.73163495787818,38.303948838110664,38.63147208926898,0.0,38.29780011589079,40.53840676640192,38.23194753357662,41.198389373590175,37.354992553107294,31.913679998354326,38.31376540373443,37.79597198937475,37.01434732967501,38.98059947216403,39.488413301512445,36.93154241616494,37.58331806310534,38.6515207101125,38.315570435655026,36.67013267910466,38.71299216025183,38.4031689813024,37.25944455050563,38.923656408562515,37.865739093192694,39.61616647308583,38.82163240921763,38.18195617245135,39.01716298170231,38.71874726290402,39.104589137228736,39.28099440584337,41.50628131697107,39.254367421117735,36.38976179021412,39.66546601493844,38.23841858666686,38.85489114918748,36.67307629592564,40.317355898715945,37.62361032728559,38.12581578030328,38.67702987454723,38.38744002595444,38.93296071550828,40.688662627035654,40.251630042206564,37.703953514422,38.57739402193617,38.91516554549985,37.462771041752575,38.81849475397803,38.858293571845174,41.37423701982393,40.671469541338666,37.294289785687454,40.37184508153725,37.31843126957109,40.87624923682963,36.910502369322096,41.88065445735419
1610555721.82zWeNZfGUUfRJkgnAwlP8VMhPzXctnSd4,32.76113701271598,37.874980448723505,33.56372328003961,34.58010892828817,35.08502990342919,37.35357416214982,36.3378933545433,33.66394288173371,34.15728414300847,35.44300669650429,38.29780011589079,0.0,38.13061924198263,34.232067738333235,41.199792678598314,33.253400639261045,39.59647120796254,34.35208079943424,36.29146312398425,31.274225113472006,27.624346542203256,32.98757890685325,35.63348338559842,33.5034504133949,38.13880713629375,37.61239273791898,34.455444889056196,34.502397583449195,35.68413157178819,37.161298059506656,36.59138672657792,38.4907576112901,36.139299236041,35.6108638431058,33.46859758190469,34.87788255896419,35.83292656989745,35.19029304151391,38.57439144564871,39.524165625756666,38.01648882702073,36.27224254662583,38.43344607176979,33.612520012356775,39.89438073071328,40.50466533924483,36.98067719727777,33.15294548293772,34.282442577930794,36.93590979225435,22.821156251392203,34.952513899479406,40.73481937176098,39.994833101610446,34.13404738197576,38.22290677187163,38.62881563686454,31.26169245325169,31.07031604308964,39.680626459193704,40.494519011904714,42.54872045767315,32.18068867743649,41.96210381347726,32.21137499576567,42.16910038382123,34.71002602172028,40.05704762610045
1610555735.75bom85BDF0C7W2eIseHeMxi24qR68nzMi,30.053146614748734,34.76639013552272,30.616197305720917,37.03383726586911,32.32370814862405,35.84421771861681,33.02983424947897,31.81743042369495,32.43709925037816,18.858978443899236,40.53840676640192,38.13061924198263,0.0,33.324860317496125,39.87125098985218,33.83849635187404,41.64264555952518,39.279499457796625,34.78046452080851,29.879461550760244,39.18055854485567,42.035718866956664,32.10967228534485,31.457271624195293,36.74783001193729,36.343750126924206,31.95265002399259,38.297309055684,35.482096311949945,33.18491429132466,32.13600913520162,35.322209542543725,13.223458965747156,32.520735813452816,36.160068571434195,39.149111494614,34.483450484405466,31.92157938292878,37.34417156747938,36.40516168137194,37.222441004985775,42.081913503197356,37.03653739660765,37.183950395314916,39.59309580446833,39.55192865228138,36.025592877692645,33.54884920102225,26.246373193912763,37.159496040244434,34.88258167101118,34.70823425737035,36.536624671341855,40.85332536645215,32.24937778664064,36.72893988305945,38.968923222357766,34.331928982584586,34.383785810010835,37.93632631708591,41.197289747986574,42.61096583499429,30.75426640496342,42.5649270148851,31.401844533487903,42.99078163548265,34.75220620067395,40.937387123392135
1610555735.77NnT5xqKnwcf2BbjIekeb2arTQj6QMNwk,21.6732580340337,36.83996780189109,21.955409450705407,35.05698585567443,25.876348273826423,30.88035895016198,25.335658230499508,21.198104531830136,24.977841020086714,29.485932687863418,38.23194753357662,34.232067738333235,33.324860317496125,0.0,37.49458553579794,32.104229055380685,39.262988944762114,38.775213689479955,28.4115318414899,27.60937415876868,36.25384993237605,39.32239566358353,28.37168371225165,22.687275480409212,33.30212559486421,31.617302160586195,27.179386907540586,35.331591026958826,35.698207365489566,28.450590305818306,31.5133867313405,30.343805806582665,31.839521144738292,33.90062482497251,33.93167099414935,35.598863329891486,32.58020841963327,33.00188996761243,36.583590242893806,35.66874719871098,35.68090156551939,39.17602248501556,34.86744238234121,34.57701880316157,38.104652596306515,39.80708790317781,33.24152260073876,29.09491378007966,30.14736377279953,33.68221298058928,30.84132234407407,29.634555586666075,37.29787116181954,40.19789782050677,29.974498448572543,32.55058945765663,34.334745626622734,32.50332386441278,29.47418600652969,33.0656734719799,39.453052438660194,41.756668789643875,32.30476529856656,38.89900636517235,30.993304478330348,40.999282954263656,31.071650022203524,38.954793465871
1610555638.33wjf1PhdNaoWfbRzXVn50hmFyB5bYAiLV,36.490646465411835,40.476130915826154,36.84956770109325,40.82022098917642,37.67615358355581,40.4403608710802,38.210700152304334,37.19122188782848,37.17460587720166,38.73534321848727,41.198389373590175,41.199792678598314,39.87125098985218,37.49458553579794,0.0,37.45772712912339,41.998218434752026,42.26061668527531,39.1569934382466,37.15205946202563,41.01665947555566,43.30741801055169,38.11047456395069,37.0464418651024,40.577666307056,39.68893823587713,37.283494293283965,41.83178496126267,39.08758126983344,38.80725782915505,37.80169173458145,39.36491315333483,39.42239805014951,41.089344873717785,36.7201554747233,39.878360471742546,37.72260224058335,40.42803437502751,41.58838615537621,41.53970764297132,36.728872167674886,42.365724510132985,36.583836279025284,40.50847423887407,39.79455416321785,42.28392431997537,39.43921176370038,36.67060862542945,39.56374605543124,39.68547118377994,39.27735743537136,37.972774907269255,44.362092192327616,41.39827887926383,37.55858843919395,40.827060192803714,38.7765623249542,39.01341554364462,39.45162132493699,40.48633301536846,43.94507798728372,43.577915554942024,39.51889767732641,43.73144461828411,39.49313489681904,43.01352454033496,38.48458199704688,44.306208688636765
1610555606.65jCE4ig8Pu8kvAzkxnSGfWsV0nQBjCf8H,28.673113074842806,36.71666913562023,29.14010351393849,35.129291610641,30.550190480829027,35.416892461358344,32.11032515926988,30.23458286538204,30.996538895166143,30.735116677158263,37.354992553107294,33.253400639261045,33.83849635187404,32.104229055380685,37.45772712912339,0.0,38.67120582917373,39.935093262202884,34.60228724235148,26.61159541641971,34.433178487361225,40.391856472329856,31.065595047815002,30.043207210973463,34.85873554371811,35.711518467331835,29.974195735685086,34.0451022359625,32.61279473205991,33.55683216777953,30.737560927512224,35.16171410514008,31.615141669448985,28.129535636000448,27.00335630618015,32.818384164388405,31.19855014942482,28.287192243560956,37.0469744970884,37.567895056812795,33.10065880602197,38.59239073069368,35.92156568051693,34.74301904866606,39.09327916105224,40.57307968481509,33.96142564543812,30.70048595284048,30.822951372511042,33.35046756840974,30.941343699671773,33.25931592252081,36.65061616564586,39.49767273178639,28.50177418359205,34.96003277979474,36.58326178911646,29.696653018134718,31.41514283182968,37.35806486906787,38.72000598246892,41.15226966279908,28.762176958850542,40.521064349940275,30.5627032950128,40.50273271712227,30.773577854676386,37.65020197949191
1610555608.18ONsBCVo1i7BrX0XG9stct4oiA6ejX9Oz,38.14767577742035,36.976607194533436,38.319468748602596,37.2823741355491,37.96967142256929,39.53127018163576,38.644452197357026,38.94049431025853,39.23731156534049,40.061799223393116,31.913679998354326,39.59647120796254,41.64264555952518,39.262988944762114,41.998218434752026,38.67120582917373,0.0,38.881907865251286,38.692076079734214,38.30181567723812,39.98374127771393,40.1133913195885,37.886867328394324,38.801724089892346,38.9444025438801,38.998845314370314,37.85072376488132,40.072347641338986,39.02840532173804,38.47466895104605,39.733298270800915,38.7109979742028,40.9428304056852,40.131090653357205,39.11513110099759,39.12921879202558,39.721396789329745,39.44851848379728,39.14033645187572,42.599092358900535,40.15789454977677,38.53624374063299,40.72276099121037,39.3480637757877,39.25947636582226,37.825115189998826,41.111716957195085,38.9459129948445,39.36769673393468,39.08020157907877,39.64849954055428,39.93172345645868,42.389138861787266,40.17449164532655,39.04859837131318,39.2817724484037,39.06821674914445,38.68719408872052,40.03349995449041,39.61047785905757,41.422063025048665,40.19477222284315,38.562689476128135,40.01018364407808,38.648116768669304,40.2802034569555,37.910483198756445,42.05808400353787
1610555721.51RNoQUMP19FTMS79BmA3JkgSm2IC2AQuQ,37.7175418630782,21.39958675063677,38.36215894535649,37.8147989136074,38.67855302078857,39.294782949737076,39.13493157701071,38.56037913577329,38.7588400802916,39.00498781550198,38.31376540373443,34.35208079943424,39.279499457796625,38.775213689479955,42.26061668527531,39.935093262202884,38.881907865251286,0.0,38.12890351928307,37.96227258806868,39.19900552757279,37.95974932656599,38.033609332018706,37.95183438765869,39.908236903590975,40.54790439123977,38.88137267605007,39.607339074053904,39.83138673265343,38.50927055994782,40.629867674529216,39.6961058523861,39.261381206578605,39.39711187000646,40.51206199847587,41.98452436915336,41.08721003912006,39.220879461978924,38.464268543856015,43.05829905460818,40.520076622200584,40.19408432735243,41.698351172964244,38.74452200451092,34.92032120931922,27.553231738545392,41.13912184136257,38.57067175749311,38.57621604290928,41.33942702469086,35.16935874714892,39.98541652123837,43.77613795646575,42.243754788278345,39.71975547373913,40.783172694928005,39.93667856696126,39.34535727954786,37.402316307459664,40.04482126497522,41.34884901644934,41.93243821536549,38.545822851195695,40.83176477780029,38.5374925958329,41.82779188363562,39.85889982211481,41.70786429455728
1610555971.86O0cHB2ibBJ8jxoObg01EpGe8VVV5mpwn,26.341309936858224,36.35127717270527,27.07599929522595,35.13367766640741,29.25195016852444,19.838863754707493,28.880477073632076,27.59168604677885,25.966695718793932,32.20074521936034,37.79597198937475,36.29146312398425,34.78046452080851,28.4115318414899,39.1569934382466,34.60228724235148,38.692076079734214,38.12890351928307,0.0,30.569086076052685,36.831318341614086,37.860823403092986,30.548545761917932,27.08156897377726,34.98045860329644,26.208303401779496,29.266734260457024,36.559857077216385,37.26358578929252,28.252147915991976,34.1712948944522,29.772480617658758,34.283711431688346,35.897726440049524,35.64333855314845,36.87057282014859,35.25731335462399,35.679908015825504,37.140449587061575,36.44062906903071,37.5172215485636,39.73049565947235,36.79213467398276,34.993239294812454,39.09898542558017,39.01409347252777,34.112746695600286,30.178055971527108,33.02636829558351,34.8736922176736,33.08738435444682,30.339441615499982,38.42005951435185,40.123394454113686,32.640411628731755,33.916478457660574,36.709734870666296,34.11560096661724,31.759367800025814,31.421565616983656,39.59875480767625,41.71064160513042,34.672670630720674,37.931863919818575,34.109715099377986,41.5990036552468,32.175693194624806,39.18491676021187
1610556911.51zU3duZSGpcw1BDNsBLxdOCITAXwl6z3i,23.151625528065804,34.06431400658903,23.85103290001241,32.41386961842758,26.726826313358572,31.95897584673276,28.676788005312098,25.116285912544306,26.02076592048122,26.849979762563255,37.01434732967501,31.274225113472006,29.879461550760244,27.60937415876868,37.15205946202563,26.61159541641971,38.30181567723812,37.96227258806868,30.569086076052685,0.0,32.31686701865119,38.75372443978756,27.14769302898917,24.800799534970338,32.69493554460193,32.20831151792937,25.56979708253048,32.296740077843374,32.23447652919409,29.762985131629662,28.913588382631914,31.684626766988956,27.15497652472677,28.823408715647346,29.608327389192436,32.475663549383526,27.869398379545597,28.15034714127906,34.87954504454941,35.4431486148338,31.971364696051108,37.15241908868098,33.61650543853511,31.481857052305195,36.40304501730101,38.62443616899774,31.19088088111505,27.076356479026444,27.309331472526814,31.96822214002271,28.17302323786336,29.389031102187094,36.22710262003526,38.752913723553235,25.624907366471138,32.08833460030359,34.483314810013134,26.46172744511994,27.743860991485885,34.7648282360924,38.826522170663246,40.640962785314294,26.181553948734575,39.642057320982666,26.82245079063496,40.67696295799745,28.560727274351006,38.52452500227662
1610555988.71dMoYT8250UHHJGxgmITTmbHe7V6gH1yU,34.08598890269105,39.627210329365994,34.75776539905377,36.623695754273655,35.89354813455281,37.95866505872444,37.38988987122486,34.99451239157399,34.47261804936843,36.47368569645279,38.98059947216403,27.624346542203256,39.18055854485567,36.25384993237605,41.01665947555566,34.433178487361225,39.98374127771393,39.19900552757279,36.831318341614086,32.31686701865119,0.0,35.745801425920746,36.139569962911125,34.82093684229434,38.13904522847179,37.59087793380426,35.09463073750085,35.48957816820713,37.48785628665014,38.1085926516418,37.33018420051516,38.92188072986298,37.24921420347576,37.125119536957875,33.03192829058397,35.51057699915267,36.32034822077953,36.55093577898114,39.24502873866766,40.32879707451924,38.3188353737073,37.17045094563499,38.870379448722666,35.31157582959216,40.26019209077945,41.2000453421275,37.19234178114482,34.49954880069709,35.15708790351643,37.36831018080529,30.857046488839806,35.73773158753225,41.46513132814384,41.089598838297256,35.2739471028292,38.2250286281499,38.77905754657811,31.50495771716027,33.769979257676425,39.64366974746505,40.779401059978255,43.09041885610418,33.485763308956315,41.58701704745659,34.05603274583979,42.813014569374126,35.35265379666454,40.63126716485307
1610556042.81mlUZsSp7gbGjrp8jQSnybT1gPy6e62o1,38.890823625674955,38.43713222119407,39.35066556542051,38.94893976508835,38.322104007949065,39.25800032039463,38.640423508019126,39.50104277985081,39.86937111534222,40.965947826869616,39.488413301512445,32.98757890685325,42.035718866956664,39.32239566358353,43.30741801055169,40.391856472329856,40.1133913195885,37.95974932656599,37.860823403092986,38.75372443978756,35.745801425920746,0.0,36.811094277329815,39.542952275737285,39.514642924779714,38.81081153753277,39.11986672076507,39.30553722079858,40.726748199176555,36.37197071874946,41.735818511356435,36.70266994102631,41.513387891575476,41.3940456936957,40.28623846039032,40.064265133104996,41.441544859658954,40.498642786269485,40.84807483967428,43.29832331510675,42.83399354635197,39.655832735578,42.56463750875109,39.483632855629004,39.993457583806965,40.11423706705064,41.748504812404136,39.47044181768685,38.54510373669079,40.40880144727418,35.89139849416701,39.97267228485724,44.53414336529609,42.24914331739479,40.69284691519873,39.95978583233255,40.55261874937873,38.00425546047946,38.25284778335496,36.05152699135298,40.81216460559081,44.15769323584522,38.0261654269601,41.46760794981033,38.469666417884106,42.0070391812561,39.295429069385406,41.28170365958357
1610555637.02UBW5nKvDyUrKnaWcYRGajZPxTRDS0q3N,25.078099795073424,34.1987642712016,25.753871302475872,34.79792833267447,23.07727388212239,31.358772464353745,26.777658387752894,27.005089848472007,27.548401151574637,27.858256809023857,36.93154241616494,35.63348338559842,32.10967228534485,28.37168371225165,38.11047456395069,31.065595047815002,37.886867328394324,38.033609332018706,30.548545761917932,27.14769302898917,36.139569962911125,36.811094277329815,0.0,26.62510819201273,28.546463346168373,31.305175724090187,23.599235359853544,35.84786576701446,34.75875035817803,23.4940543964913,29.73368293188343,25.111580093619178,30.28320598146273,32.74928624198396,33.34208120246511,35.24962834427824,31.674732654944865,30.900103782536803,33.549304794251235,36.27396765817468,35.02095008942932,39.37836293857367,34.8325223842465,35.51651084683439,36.52046185283006,37.81999613278185,31.146181245931437,28.756392363236948,26.02092211897897,30.757768608439132,32.14720283461548,28.815476806743032,36.61069088205125,38.790940928898394,28.411578631374322,25.09276537757125,33.147101470831906,31.34085824695963,31.14352826517678,28.78850850225134,38.09270044849163,41.086539942152186,29.851918286515513,37.58977382534086,28.870504574184647,39.69211525963638,29.893409975350387,38.655392308085425
1610555619.13oUYNikU4facCTpUSiSLr0vPI0tJLnXiT,11.755359727100187,35.72517447481199,13.912581949135793,33.66197141215379,25.25854898691689,29.93117254799406,25.016342596021346,14.78108998192101,22.354206751761076,26.877614551463335,37.58331806310534,33.5034504133949,31.457271624195293,22.687275480409212,37.0464418651024,30.043207210973463,38.801724089892346,37.95183438765869,27.08156897377726,24.800799534970338,34.82093684229434,39.542952275737285,26.62510819201273,0.0,32.15030541616534,30.244164792860857,24.576426593289803,33.87170042093008,34.03802221500673,27.61456415509424,29.347025919847024,30.01179180884541,29.443466493600432,31.732301004836064,31.979614178387124,34.2188997680401,30.83392127990691,31.058878102522527,35.21997850468888,33.880855641549125,34.065738546645676,38.25308814291529,33.30321759706225,32.113992382489684,38.24580998109259,39.47933483209759,31.320931086419705,27.001236187852776,27.671615432377422,32.44973477820524,28.47418823526338,28.137398411172345,35.796931851711314,39.24657278592111,27.34862831175594,31.203478688718242,33.72285252859509,30.366621948863934,27.641461947274227,33.00416998755706,38.84420372508251,41.04102272827818,29.698722946635048,38.41919511566888,28.974137763634555,40.836852703420554,28.988492903086364,38.33863405621383
1610555721.03nzkucfjAUh31zTbmCVvTVYqtjoxZFnBh,31.238820395938227,37.09491487039612,31.5595916370154,38.30761354129882,31.707603056677865,35.026859209364396,33.374066836726364,32.46966061190788,32.79069992513868,32.972386282528724,38.6515207101125,38.13880713629375,36.74783001193729,33.30212559486421,40.577666307056,34.85873554371811,38.9444025438801,39.908236903590975,34.98045860329644,32.69493554460193,38.13904522847179,39.514642924779714,28.546463346168373,32.15030541616534,0.0,35.48146951305233,32.072818836718035,37.725384047375265,38.511448256450265,32.58877055096849,34.72912200334158,33.54826495019414,34.96273641522524,36.18739206769981,36.21738071646498,37.89738979628603,35.369041062829716,34.69701769817841,34.72218101558582,38.36641460203294,39.02295956752582,40.522173817723605,37.23901069509961,38.472384483537795,38.75835151034778,38.09741895195443,35.55586846399401,31.921467095592813,31.477908894374824,35.46360789564799,35.444834685698304,33.41822433361421,38.69834224586652,41.338907362989126,33.389025761330984,29.6806703722261,32.72670435619786,34.54663127192431,34.734751889352765,31.79566695551358,39.2724485247669,41.910902918981435,33.6849909834593,37.953629558129805,33.58229940239143,40.6283852377936,33.6135819039802,40.00544790575509
1610555722.67fhKURdXVzRbLIjXmjRwdJHTnE7PWb1AE,29.308700346613346,38.410308733052574,29.969190393911393,37.42472537268049,31.560408764301695,23.915363252725967,31.59894283770727,30.374716128208537,30.658881203957115,33.69557642764552,38.315570435655026,37.61239273791898,36.343750126924206,31.617302160586195,39.68893823587713,35.711518467331835,38.998845314370314,40.54790439123977,26.208303401779496,32.20831151792937,37.59087793380426,38.81081153753277,31.305175724090187,30.244164792860857,35.48146951305233,0.0,31.06608803088635,37.449279281915075,37.980283023116684,30.770666388546875,35.52008684970163,31.661351227724687,35.674334439227444,37.207880482137256,36.87081344191243,37.64082207021535,36.35415706244349,36.89320031144763,38.034806293841115,37.59647164931018,38.88388641500188,39.73880852000409,37.62393451495634,36.24062990416804,39.97823372043331,40.22008045411656,33.264049736352824,31.532476363677684,34.54490173680954,35.47277795215954,34.31672791265236,31.867806993655577,38.69335534964401,40.85280521099746,33.93090743042587,33.772101342070286,37.45776901922247,34.8125988529795,33.44308732975104,32.00626308002214,39.895558378597244,42.329209163014255,35.73892481880876,38.82464495776391,35.56345965209495,41.89404761109746,33.54241491334618,39.752980315951525
1610555638.39J2ZWBLuLTHP0jOlzB4tNHmYeijH5g5YJ,23.177114288556172,35.903578843512896,23.830319109595695,32.390824501269734,23.507006794265752,31.118123417035054,27.105470888565673,24.999370570080565,25.901369063236686,27.4535636444001,36.67013267910466,34.455444889056196,31.95265002399259,27.179386907540586,37.283494293283965,29.974195735685086,37.85072376488132,38.88137267605007,29.266734260457024,25.56979708253048,35.09463073750085,39.11986672076507,23.599235359853544,24.576426593289803,32.072818836718035,31.06608803088635,0.0,34.71967322745553,34.43207732336036,27.56316525931944,27.408808912220547,27.686283001330864,29.956211577666373,32.31132101638915,32.07174746907936,34.23977762338391,30.34676654781182,31.406897588838802,35.40971530936068,34.54939870975748,32.61610656839495,38.66322104004655,33.122338023701204,34.29521082657134,38.05439260034973,39.44246709639967,30.14458548630154,27.29652777385227,27.887479445914032,24.915477452019445,30.571948457289736,27.014577347214896,36.27057530542073,39.35612477328945,27.576899370573756,30.815088726790165,33.79753666713232,30.241755108870162,29.482961215154432,32.263152854450894,38.81884277012468,40.66526824840362,29.81665413843445,38.75880748789624,29.140852491720903,41.05610033325544,24.01271196777125,38.298192365489435
1610556032.17Q6yCDx9g7alRnL9jBFXD2JhhUyB2hKfJ,33.105963826754085,37.590986412417166,33.51178755758041,35.5223818145203,34.94718163696796,37.601656957421625,35.264500517414845,34.01791890603519,34.34931594767082,35.79948727191179,38.71299216025183,34.502397583449195,38.297309055684,35.331591026958826,41.83178496126267,34.0451022359625,40.072347641338986,39.607339074053904,36.559857077216385,32.296740077843374,35.48957816820713,39.30553722079858,35.84786576701446,33.87170042093008,37.725384047375265,37.449279281915075,34.71967322745553,0.0,36.76450351720573,37.2665334411046,37.174456292972806,38.21834298432299,36.56488702209697,33.702297470728794,35.691732616943746,35.54601055965283,36.692481628784805,34.12764608906396,38.1241146401731,39.07450897827125,39.40552873437707,36.09849773897152,38.19157722575123,33.39926067230729,40.34429031194062,39.609668679418455,37.14996811185019,34.996071596483226,35.62429239787931,37.42145782616354,32.86539813783627,35.960301266076414,39.74612718925447,41.217483436746406,35.41116720642773,38.329226995478194,38.296128908382286,31.590395728804875,32.09998971385162,39.58236469261887,39.364824947447005,43.020652094147295,33.69401444884275,40.56384567893937,34.2939514794665,41.97905257527594,35.4068013333677,39.17156671086484
