,1610555604.25mOvVXuL01OCiReyVWBfesjuvXmB3MoPy,1610555605.43B6oDsBtWRQ29Q9UMQuTUEPZy3FSSWXzc,1610555610.92HPGJJSmyPM40z7otPBgHalNrHFA7zk5d,1610555606.68LaSQbm9EHAFycEfFtEqAwYqlBsQPjIRW,1610555617.19EKxMEwDHfXiEJZc27TsGoERaD6Da4BZU,1610555722.52PJ3FD50MGhRXyUD28vluU8Z9UjLJLZn4,1610555617.52Ijr5puT55g9apK8auM7zaxa3NANg502t,1610555638.77ZLjTLkz4jYJdFMI2wWBztzsDILkoOtAk,1610556912.46C7tJPLF0XfNnm8f1820X9aLmXMHoc0Dw,1610555617.51LjzIROg0aeCP2GhDcAVQ0LipKJB9jmKc,1610555608.17OpjjHobqRkX0UPcaXrbu7K6L3805SZri,1610555721.82zWeNZfGUUfRJkgnAwlP8VMhPzXctnSd4,1610555735.75bom85BDF0C7W2eIseHeMxi24qR68nzMi,1610555735.77NnT5xqKnwcf2BbjIekeb2arTQj6QMNwk,1610555638.33wjf1PhdNaoWfbRzXVn50hmFyB5bYAiLV,1610555606.65jCE4ig8Pu8kvAzkxnSGfWsV0nQBjCf8H,1610555608.18ONsBCVo1i7BrX0XG9stct4oiA6ejX9Oz,1610555721.51RNoQUMP19FTMS79BmA3JkgSm2IC2AQuQ,1610555971.86O0cHB2ibBJ8jxoObg01EpGe8VVV5mpwn,1610556911.51zU3duZSGpcw1BDNsBLxdOCITAXwl6z3i,1610555988.71dMoYT8250UHHJGxgmITTmbHe7V6gH1yU,1610556042.81mlUZsSp7gbGjrp8jQSnybT1gPy6e62o1,1610555637.02UBW5nKvDyUrKnaWcYRGajZPxTRDS0q3N,1610555619.13oUYNikU4facCTpUSiSLr0vPI0tJLnXiT,1610555721.03nzkucfjAUh31zTbmCVvTVYqtjoxZFnBh,1610555722.67fhKURdXVzRbLIjXmjRwdJHTnE7PWb1AE,1610555638.39J2ZWBLuLTHP0jOlzB4tNHmYeijH5g5YJ,1610556032.17Q6yCDx9g7alRnL9jBFXD2JhhUyB2hKfJ,1610557007.49MyVgDnuUuBxrvL6SGOdhKf69VYlW1MSm,1610555638.44hjT5hbYdKoE3MB6hijrjqbjmLgvCUYKD,1610555608.13zUvmFSCRt6SsLbhqFznMEvGx54GPGQzM,1610556038.62a5C4ynd1AARyAhTv8a58NCqHvXRjscqH,1610555644.45Xse8u7pusHNsd7F3d0A32HXvXr6weOJE,1610556038.62gKXOCG7XCn55eJvyl5voNjbwOW0znQDq,1610555987.13v0oleKK97pkesp6oMgprH8SoSdoDVdIO,1610556964.96ZLLeiQW0qpmxhPGTg7K03fmzkqsC2bjC,1610555987.13VQlEedQ50VvkPMEMzZDv3KNnQCewykN9,1610555982.186TY6MMGkDecIN1woW6vsfAMXVV7jnyjO,1610555982.673LuMndkwkvdmZOn0MmE2Pkidx0FtNalb,1610555733.38zItcuH7gHNfKdALR2d9Nek6bxCyw36Vm,1610556034.15BQxSbZINGCay0yp6RBVlgcPrw76Yn9ON,1610555639.37BPZpgtGml8qUsh9AdV4m32jPLfI2aNFq,1610556965.57S0adAalhWYe6K3bkZU0bRHbqnDK8gGkR,1610555983.54zteLPCMjyrjzPdhHhlZr3faCgD0TfYr3,1610555987.79rHnNRmt9a0ufmnwCvZqBouyUoZDNpylW,1610556960.041xWER61rmArlsKfiMl4frikWmUCnQ7op,1610556035.13a7NHZDutfTMJ88qle1gTYY59Dr4WmMsj,1610556890.456ZBDaY16bMtrTZTqAgHl3wq1tRxzqDow,1610555760.24e6890pkbyZ97Or6croI1rQgjkSsR0yVt,1610556043.02YpWMIJg3W004iqlPyv8OcVAZdSC5rNYw,1610555987.03z05P26TLtONYM1HSzupoc2CeNMa6HTqr,1610556032.15OYCzUxpsz7b10AXBAuDXrvEcvxFhf0M7,1610556032.63Z80yI9pNwS3jSmsDABbuhf8wkNa2Ze9y,1610555736.28eGuESasTXdR3SqY6pHhEXWZtcdciYLCO,1610556034.61bebeZA0MkaFG2sm3VKiqrxeqQginTTW0,1610556944.5XwXOphKYT3ZkWA8gViqOS97VHVuMVUqb,1610556944.745UVLFBzf7fPh4UH37I6tYQOFPqRDytEh,1610556034.63XsUwaFaPZevO1JNFjfhvY4aKNFnV4noV,1610556964.89xwBHw9faT1HjQRMNQEyA4qJ3hWkwgj3k,1610556966.74DydzH91jtyvRyYau47JpVkZoMRSNTt01,1610555740.77UueVziDbaXyRR4OcVJIIZyzOfAzN51bj,1610556046.84e3vwjyRCzqz0wJQhrk8zsxlFfFSv98Df,1610556137.99eoPuVrDThKAOvmeprLPb2FWRqIhzUodc,1610555740.73XFwSrmTXJPlaxGZSefh0jOVA8PI3III1,1610556123.88AOfNaz9jSnqU5Czc7okOv1RCrYfKFBTo,1610556046.85nB7NvyoYQeLcOV391Lmmut1wAM8CFGLw,1610556123.89H4pdIAzDthI7bMXMhlIhKUYIQIvtmPPQ,1610555740.87GOYQUJKpkynIS2lFqppYK4b32ol7NeGh
1610555604.25mOvVXuL01OCiReyVWBfesjuvXmB3MoPy,0.0,63.56578029429766,21.092938285936686,61.486649812375006,44.34375424549104,55.73421767330605,44.32771655257709,25.59000718025005,34.65396464418844,56.50882962663053,66.85706247425841,59.5978300648816,64.29308133670374,37.166057741323534,63.21212410315063,59.298902905285274,66.65253033437423,64.28284144490442,50.24992321963265,55.59623287997962,60.64126437812973,65.05782038902977,51.60398110569417,24.283638913103978,59.970299101539304,55.00695959799667,45.064065403493345,61.385409696149,64.85584997696776,51.89082554380723,58.80656015629393,50.237133957524186,61.03638258402347,62.37810889344695,60.70108902203636,60.18635423598417,60.23205869795295,62.887018807888346,64.42529283277327,63.77237099180804,61.95740224986317,65.51174096252313,62.542615711665874,60.75496158740748,64.85180884117878,66.64950101869837,60.72740487960679,52.15022651595903,58.08513705509575,67.12249783690795,55.558602264376304,53.09020651258549,66.9384697952589,65.82662370902926,57.34610733163857,55.83667934601722,61.320013620054475,59.178312784656676,55.358287162778666,55.402746880010504,67.2965981549914,69.12784287047586,62.267792181501235,65.3172246344666,58.66178792262842,68.02101711051608,62.9585450045533,66.42317110654409
1610555605.43B6oDsBtWRQ29Q9UMQuTUEPZy3FSSWXzc,63.56578029429766,0.0,64.44417920270062,50.163798139989424,63.54831507732928,60.17280965195486,63.152302151503605,65.70817674093577,64.19099448523413,58.063652046048325,52.77199686359463,56.62320772213274,55.06372023740799,64.75213416153981,56.96541132983981,59.44862820170016,56.24587342639284,33.263112921239696,61.499035731972555,62.66021322242568,58.65325782452491,55.24952959565447,59.994134199748814,65.28776930380192,59.68257346734066,62.14427064934535,63.58464031557326,57.78713131075233,53.722069736778764,60.28981728110491,61.859119784082324,59.17347613316151,57.00592081797119,56.1563459339761,60.236706027318085,59.76944736074032,62.32957911445724,54.86997907349501,48.72155432123,66.1846130394768,57.07050871668886,55.871680874420406,62.49407243281152,53.956639893746356,43.12806158763716,33.927367541354926,64.25269232023348,63.90060359429489,59.12194185561659,68.74133668179284,59.47639682913245,65.10437085947167,62.69028799501628,53.724120450128076,61.46210872044967,60.27471464716595,60.15279294580936,61.08809693459872,60.368260753103854,58.34409467589521,55.47975787373666,57.2528443439955,59.48856933810322,57.902398625226176,59.142121999351616,55.525876623640215,66.62731659927468,56.67519249271023
1610555610.92HPGJJSmyPM40z7otPBgHalNrHFA7zk5d,21.092938285936686,64.44417920270062,0.0,61.803799768365934,44.37101599209164,55.54795412439045,40.69944258172213,25.167357451856734,36.158688910426044,57.31663972068292,67.40006788422548,60.676439772254355,65.28124064406487,35.13525224608166,63.99923578766291,59.587534583541476,67.20157478478403,65.42163437710265,50.56928945709094,55.88023284370954,61.415908359051755,65.81697192082913,52.03717827055955,23.792138120154082,60.372850983370824,54.88512948740106,45.49869061702528,61.82953296188635,64.99468515852753,50.51812058822934,58.98204425171044,51.96625979438745,61.81839763346878,62.65273614159097,61.27296381029185,60.675019157697896,60.162181984188635,63.33931056085785,65.136686355361,64.4425644110013,61.64781156026608,66.27552209546867,63.10607402874598,62.29291855276333,65.26403136874714,67.11493075229603,60.97922884324637,53.12367948519133,58.45039865045909,67.80978163319222,56.41438771351826,53.41023652383869,67.59266905075188,66.56629758094282,56.79032596678445,56.48242388275838,61.59755661906382,59.233891581362755,56.209838867337574,55.13292190813462,67.76291323272764,69.828203952452,62.53859395658584,65.92684648935213,58.73572497060583,68.78366617241556,63.86039488241964,66.71268649023264
1610555606.68LaSQbm9EHAFycEfFtEqAwYqlBsQPjIRW,61.486649812375006,50.163798139989424,61.803799768365934,0.0,61.908589139789925,60.43055609838601,62.04249462948403,62.933679016923406,61.8069669006518,60.499058203540066,49.69713777752991,51.49355278086943,63.42637069538655,62.12292687353143,58.4340186790594,55.64103230379454,56.7375968328699,52.9969854676814,59.24690787961586,58.48396221969039,53.64692500435312,57.454595151790244,60.35297979217179,62.396344560442174,61.727156817463936,61.3606953936061,59.45919955361322,52.54659873272155,57.26276223669127,61.44998673356914,58.42055161278059,60.74810694567813,61.732984398262026,57.23115614562902,54.29923941138941,51.75100665193784,56.4211394565102,57.05064448233173,52.200229087580524,62.26453484088417,50.09314328069549,51.331197604682615,56.22900416707368,47.78673725326275,55.44571813581413,53.740815245775764,62.60316864353009,61.18365733029951,60.68575301893851,66.11162116929518,53.02603388597161,61.7149209218744,62.305738757158096,56.89120270532369,56.15622289479641,60.975381482925705,60.84958275470787,56.05220968328364,54.867952159458,60.64979906615929,58.58838095560357,60.96471387036702,56.82224898329488,60.982315483139665,55.90755044281736,61.58593036394867,62.5447152330598,58.98991689231759
1610555617.19EKxMEwDHfXiEJZc27TsGoERaD6Da4BZU,44.34375424549104,63.54831507732928,44.37101599209164,61.908589139789925,0.0,54.02936717943768,38.299875712443665,46.24736258336596,39.1161509755075,58.77440320367647,65.36728681418273,61.10403617881967,66.34391006424255,44.18573330319688,62.214009025102,59.3369993829752,65.72088181300342,63.69672076509518,51.261109699906136,58.794962060740126,61.27391226641349,63.21637306555265,40.59143737646557,45.72193797729218,56.54699087356558,53.3068325544872,40.52117814018543,61.56008319191543,64.25745689258824,45.5752121060543,57.28935246704497,43.69840576616163,62.97000417586063,62.09991307262615,60.99653826404012,59.6473681960363,59.36519522174568,61.71064346205133,62.91459492256596,64.79493216592225,60.147865739634774,65.45208600110041,61.37535315298499,62.739757169493636,63.03328817705124,65.2356194883868,58.91963255480352,53.89989028765283,58.29311725408842,62.3811089958901,58.45826008452431,52.97601122024423,66.15580899104702,64.88963878058178,57.349984663804925,50.34933304495477,58.67695291099333,60.61388139076873,57.440986196853814,51.4814589653952,64.91686505109152,68.27777878350598,61.77445746913872,63.57318009801837,58.527186258472554,66.58746304563309,63.48081792302427,63.92155324362829
1610555722.52PJ3FD50MGhRXyUD28vluU8Z9UjLJLZn4,55.73421767330605,60.17280965195486,55.54795412439045,60.43055609838601,54.02936717943768,0.0,53.57038393986396,56.50088879085932,52.91334829136271,62.99107800415464,62.08263256900496,61.432231086650916,65.87480232888245,54.63148889977387,61.287996880611395,62.04101095414053,63.179976112497165,60.66278497019474,34.81787874765505,62.68038091684919,61.256668293809746,60.68544531073094,51.86768515209995,56.16188556055096,56.280429665369645,26.645461467060425,54.157594700010485,61.03699176616705,64.45084707723299,51.92729580443383,61.01097820256095,49.24706659820304,65.54973168498192,63.44434804425923,62.22054150452615,60.17857964460157,61.5803449604303,64.58614067072047,61.765500913548834,61.817241921998175,62.8809538088941,63.443687272803885,62.547714840538156,59.77083124378203,60.76526492490387,59.101580596958684,56.35397376351998,54.33663930888379,63.55718348422068,64.58510856399735,58.425986217735016,54.516214266237114,63.67978128089641,62.94619368419367,61.41008599940415,51.21264033444867,60.16237224205754,60.999373579293476,58.081397728594695,46.34658618558798,61.700889661266466,65.41087262398406,64.71768837824155,58.644114295660096,63.296685259273396,64.06036673483645,62.53599097558386,61.63177636433922
1610555617.52Ijr5puT55g9apK8auM7zaxa3NANg502t,44.32771655257709,63.152302151503605,40.69944258172213,62.04249462948403,38.299875712443665,53.57038393986396,0.0,43.97736496824285,44.011198397851835,59.896678072931905,65.65269896607369,62.65517665876386,66.47632158895307,40.00924819732038,63.2124200704979,61.42985146667787,66.42790149523609,64.335968753344,50.540287800985816,61.023000435306635,63.17451189086636,63.46707218472701,49.51715667564877,42.48523401767513,59.3056831242923,52.69923715652259,49.05809146228223,62.96277045240899,64.83589521567208,38.870512508333846,60.37270995030305,46.54239664630972,64.06163766175251,63.47284246404095,62.95387594032223,61.14695054871275,62.251624849007804,63.96832692894631,63.85505824127066,64.96054323446344,63.18027034614087,66.74584624157322,64.2641541726327,63.42842434369711,63.19432469422777,65.15244736580757,62.32390911122181,55.981260914579416,59.7835279204075,67.42576946977393,59.60293961178575,55.04803356237131,67.67659798243686,65.65961500735949,59.300530387162404,54.267146381107636,60.478298827555435,62.04610531525496,58.82329716932774,49.85237674002126,65.60256420480621,68.88800446620367,64.26314523336183,64.25193632168912,60.43537660937346,67.4995048629781,65.35563211894241,64.71041387059961
1610555638.77ZLjTLkz4jYJdFMI2wWBztzsDILkoOtAk,25.59000718025005,65.70817674093577,25.167357451856734,62.933679016923406,46.24736258336596,56.50088879085932,43.97736496824285,0.0,37.488317725973694,59.2715224115499,67.8949571817931,60.907617527412974,66.9909151928738,29.76205467658769,64.73645903547927,60.67421421634269,67.41353763496168,66.09507962607516,52.002451882253595,56.88486563918194,61.49207676309383,66.2957236333823,53.78632717824266,21.931106920239813,61.11784921247909,55.706463957676625,47.36642567988399,62.56964192524463,66.59241394667058,52.8007677468915,60.349818311899206,52.868744986642945,63.67892259266305,63.8769993411237,61.85878630782231,61.463403819693404,61.197672932046395,64.59136688568292,66.11229249521263,65.43393706612932,62.838795797090434,66.66973028241382,63.80085352745024,62.634946167519,66.32019419167248,67.88692897399396,62.06622125697639,53.897142955677744,60.05904251680282,68.55603414201643,56.96513986898687,54.535421712401984,68.55159559022748,67.19951691680673,58.32317767839988,57.34685243786743,62.044933568520094,59.76729769555494,56.774477104334146,56.10896194976205,68.28725094946397,70.61030572371504,63.90693590220229,66.06326369538603,60.36517276886456,69.15981820572733,64.74579728471723,67.34475410905823
1610556912.46C7tJPLF0XfNnm8f1820X9aLmXMHoc0Dw,34.65396464418844,64.19099448523413,36.158688910426044,61.8069669006518,39.1161509755075,52.91334829136271,44.011198397851835,37.488317725973694,0.0,58.63996589494455,66.13500316037772,59.236723754743984,65.77666067293097,38.55447471795938,61.68274462438411,59.62027086316367,65.58125650187604,63.7636607467543,46.75247800413173,56.748288264868656,59.25738933599121,63.3372372193823,49.78064391629886,36.10802459439424,58.67027008560163,51.94848285904944,44.881090237624434,60.50082838803382,64.70800950662165,50.917879965978976,59.0503628874308,49.01600070455068,62.69904871564894,62.352976429232264,60.21324821383192,59.20075426044938,59.4599248385995,63.12282176342845,64.39443023755727,63.81713738678011,61.30648434135688,64.42547248554492,61.433147593191386,61.63463984351293,64.24399455224876,65.62797553830347,58.0574955662313,51.87534562388423,59.36640106262438,65.18945791983188,55.65016958578591,52.35898600302212,66.65029943964362,65.02033077091951,57.88152182520653,53.698355937501496,59.8703605115307,58.31899685668523,55.51636394964028,53.28411881664886,65.63891550980289,68.39460632980727,62.50975296376208,63.75253339421613,59.43820092968066,66.79661712498539,63.33364181183028,64.90216987836489
1610555617.51LjzIROg0aeCP2GhDcAVQ0LipKJB9jmKc,56.50882962663053,58.063652046048325,57.31663972068292,60.499058203540066,58.77440320367647,62.99107800415464,59.896678072931905,59.2715224115499,58.63996589494455,0.0,66.6721875394066,61.814609782511766,42.581618878156455,59.665522237852,63.65052802073473,57.31307255691965,67.13459652853999,62.95763528482195,62.63446798475502,57.436882161313676,63.15326859636971,67.7194810413398,57.783648982732366,58.76434743534405,59.76587637578771,63.504286479901,57.42151785868326,63.010769867934165,60.98086386467981,60.85582283693583,55.39056573436027,61.47870164068209,29.739195353607776,57.27194177507139,59.974241088756386,62.69736557557915,58.886704930205134,56.59669814218449,58.84906731123387,62.201631526072575,60.616899805490085,67.0081886333093,61.708627500832634,63.126792808664135,64.1054603685743,63.794479999251415,60.534956507212264,57.634844648890436,34.544658895507894,67.54862186695766,58.23012098373063,61.40136907737677,61.090728342681885,64.62010367490116,56.67291291190156,60.74516604235835,62.71911016465651,60.33547724143876,58.32269967414307,62.76353757514584,67.00299845082837,69.07677496432822,55.18161855934067,67.71694102902269,48.05985941485756,68.90266615218847,64.39535956579977,66.55742635062374
1610555608.17OpjjHobqRkX0UPcaXrbu7K6L3805SZri,66.85706247425841,52.77199686359463,67.40006788422548,49.69713777752991,65.36728681418273,62.08263256900496,65.65269896607369,67.8949571817931,66.13500316037772,66.6721875394066,0.0,57.43295149169305,67.99190086279847,66.23873009415965,58.66445882351142,61.493174378538356,40.56736709620626,52.373582856259105,62.80956714415957,66.56573667340372,57.16471719314351,56.10408885253283,63.882231269572145,67.56728791244636,61.25331327198205,62.17718464237021,65.45999646501502,58.44075698369514,60.89236210769743,64.97957925509773,65.47588030152438,61.1518587957316,67.44156353195056,63.749265080719525,60.20520060139787,55.83718068710532,63.230631342769215,63.94765075707233,57.59806746255485,66.10746087509568,59.30189957104597,50.75858257303205,60.66270231606007,57.14461628398541,55.10495394854567,48.428962309474485,65.9089325748128,64.90128800440682,66.42883435293759,67.36335936629193,61.09613039875489,66.51433869789919,64.940143516121,56.682604198951644,64.60652936088499,60.99782027023486,59.90294045165021,62.73277139510378,63.09069254299394,60.66342545146022,57.507893886656746,58.43813644920579,63.82353506135978,57.49912332324243,63.644633652029874,56.30208805440129,65.50703469017822,59.055467446969395
1610555721.82zWeNZfGUUfRJkgnAwlP8VMhPzXctnSd4,59.5978300648816,56.62320772213274,60.676439772254355,51.49355278086943,61.10403617881967,61.432231086650916,62.65517665876386,60.907617527412974,59.236723754743984,61.814609782511766,57.43295149169305,0.0,65.71953388973631,60.053643816322875,59.57349995033325,52.18736914961022,60.01389359019766,51.07031374432444,61.54716406631569,53.02494069871773,30.616443682453795,49.52477431476806,61.43860243391695,60.59257698267796,60.75958586563495,61.69990277160761,60.68654110764698,45.03327532687773,56.26741832206226,63.75218287717461,61.94092688823815,61.89017598448281,62.955775104953624,57.183101491702864,48.85883473923793,47.961594443956876,56.6002920333982,57.62288503741781,58.3090893031243,63.73316667235304,55.1975367677522,48.22521393912361,60.074362068440976,48.17446454541562,57.6917931062202,57.809083266147034,60.26232221726707,57.9556285519225,61.40175472602068,64.754729867932,38.6271120762511,61.427172374636406,64.95382469888118,57.45067237694223,57.06846647174847,60.56568886455855,60.380999548004475,46.32301599192098,47.228378157604155,62.00014241547183,59.54753764058746,61.839370367932304,56.250796224756996,61.29727188453693,56.473671029242176,59.95235151658424,62.377024681673014,59.74207817040048
1610555735.75bom85BDF0C7W2eIseHeMxi24qR68nzMi,64.29308133670374,55.06372023740799,65.28124064406487,63.42637069538655,66.34391006424255,65.87480232888245,66.47632158895307,66.9909151928738,65.77666067293097,42.581618878156455,67.99190086279847,65.71953388973631,0.0,66.78523382210393,64.93522809995547,63.98550201836385,68.4921646370353,60.87682831251123,66.69754179105303,63.40175465112161,67.09174146924848,68.98895779818635,64.89152521776012,66.43838281314439,66.99801090759635,66.98573763524566,65.04179535021177,66.91731434758572,62.90588121360832,66.62315678443262,61.30817390581349,66.08381011701128,31.858070710403787,59.86908879001923,65.71123739962493,67.50725882245663,64.99969889062342,60.094724972309706,62.62109241041505,65.3313042440286,64.70141116813623,68.8309345215421,66.30064230301447,64.9220093725378,64.03540625456145,62.14814326654353,65.73949107568558,66.01822057021913,54.49978541978751,72.30475475890495,64.55782524241538,68.3748974017261,63.31026593483051,64.29707155789932,63.89447970700679,66.74011405962676,68.90977146866827,66.42928504819494,64.49417641560629,67.19812996454107,67.45285116342751,68.92753891154604,60.7714235299757,69.93037467861639,60.43163554678978,68.36095848106544,69.54151160899389,67.7136651157876
1610555735.77NnT5xqKnwcf2BbjIekeb2arTQj6QMNwk,37.166057741323534,64.75213416153981,35.13525224608166,62.12292687353143,44.18573330319688,54.63148889977387,40.00924819732038,29.76205467658769,38.55447471795938,59.665522237852,66.23873009415965,60.053643816322875,66.78523382210393,0.0,63.24435777715366,60.67903371827285,65.78252410435275,64.52973558073228,51.09496878097961,57.8513598158593,60.53630699635008,64.36444908109934,52.71141030788235,34.479460587018494,59.36900663638554,53.562044402363675,48.37167018375581,61.91949836089416,66.05583175027171,50.32567240885581,60.21838799915071,50.801070777954344,63.94102584133445,63.867913572148765,61.42821803899036,60.423903533296915,60.76413237123217,64.4235950737508,65.09576783869367,64.71416808860913,62.14007478653126,65.49958788343392,63.11088907220079,62.885962224124356,64.53594585578423,66.15254860282893,61.30273361900652,54.10916860598179,60.289929067896445,67.74584483663105,56.84924256462459,54.41939228294662,67.90230434117827,66.05119618200789,58.649913794615465,55.89655249502755,60.114833475897186,59.22535660013968,56.49871786586088,53.456431406769504,66.56004440053876,69.45054908591189,64.15057009003718,64.50315419073355,60.60756100384675,67.44979191459079,64.7795962638667,65.7832790274595
1610555638.33wjf1PhdNaoWfbRzXVn50hmFyB5bYAiLV,63.21212410315063,56.96541132983981,63.99923578766291,58.4340186790594,62.214009025102,61.287996880611395,63.2124200704979,64.73645903547927,61.68274462438411,63.65052802073473,58.66445882351142,59.57349995033325,64.93522809995547,63.24435777715366,0.0,59.41269191101447,60.60346814389723,56.69666036986557,60.619458312511796,63.48382536504967,59.33577999820617,57.68493178241991,61.90713342528599,64.1545093944879,61.81780925458257,61.213110896555264,62.30972169845146,62.06344502667679,56.7760659927253,64.03957624898608,60.04835174205134,60.42394078132795,64.85852155478294,63.985420254709005,55.443097135719654,56.88472981815625,56.501295904085396,63.69704839005829,60.67756517673456,61.99267986791284,52.15904841714305,59.65725346020997,51.71702913221501,59.56426334398089,52.37904356698428,56.725539431244485,60.4359909005486,61.07318365529556,65.07077778509273,64.22218918018872,60.17711994650147,61.56747925853475,67.14253843706352,55.74481753189915,60.798780943841706,60.54245641936589,56.80307383679511,62.74079458017356,61.938160029279224,58.23439866483287,62.414843010057936,58.659649716888424,64.67460111341846,61.27098253707164,63.61158156555696,57.354147041965234,63.542290972513,63.07949722539321
1610555606.65jCE4ig8Pu8kvAzkxnSGfWsV0nQBjCf8H,59.298902905285274,59.44862820170016,59.587534583541476,55.64103230379454,59.3369993829752,62.04101095414053,61.42985146667787,60.67421421634269,59.62027086316367,57.31307255691965,61.493174378538356,52.18736914961022,63.98550201836385,60.67903371827285,59.41269191101447,0.0,63.51638765037318,61.79320904893698,62.42964557663741,49.15037102591931,53.48080055761235,63.32908093152075,58.05079760493287,60.17714853642093,60.02078450541855,62.68911673025345,57.49521333654125,53.15950151872731,52.618891860352,62.30970038541674,51.75978934219735,61.983219505506504,58.95124539631105,46.995925130016026,41.12794020904268,47.66814424019047,50.04155943597274,44.11743439635932,60.0286010286605,62.94353689271245,51.89182764081203,60.07904848991653,59.4770710015918,56.718135205772484,58.639588473855994,62.16739462880703,58.45701302359786,57.100986329102646,56.08141434924699,62.346036577046235,48.94127025680074,60.86813130189725,59.39107752630386,60.9063106411911,48.132783653373,59.73915731103114,60.6306451476455,50.39583710286046,51.864052455632965,62.50835836448042,62.09065589480712,64.74428900667051,48.22415302430351,64.03126999566996,51.78903211445181,62.99266453724626,59.34524222230189,61.2614315080771
1610555608.18ONsBCVo1i7BrX0XG9stct4oiA6ejX9Oz,66.65253033437423,56.24587342639284,67.20157478478403,56.7375968328699,65.72088181300342,63.179976112497165,66.42790149523609,67.41353763496168,65.58125650187604,67.13459652853999,40.56736709620626,60.01389359019766,68.4921646370353,65.78252410435275,60.60346814389723,63.51638765037318,0.0,55.31180398815038,63.58910348982961,67.28701568251485,58.904605482007035,58.138178354709645,65.14611135204146,67.3714052019017,62.28320179917768,62.01973140115884,65.69806600110735,61.41990360942807,62.699137432538905,66.41675991386613,65.97501187818064,61.82035172405931,68.24344005302393,65.69116288129796,61.827195014812766,58.22618883846688,64.35318561636149,65.61861173862104,59.16135667365409,67.22446328797203,61.892209949008425,54.802706031035285,62.810312938532086,60.885746579647304,57.29535077103277,53.01902993288946,65.91698318963199,65.12462281275704,66.75590149760643,67.71573496036319,63.19176986737206,66.9848197268953,66.56835827334747,56.917482105773026,65.52449752808508,62.15075517738671,60.87283407539778,64.32809781908783,64.92507538720557,61.86796309002651,59.47687609776251,59.039748557906776,65.27531832181583,56.593042267098,64.60880396819681,57.30542554365003,66.01166357701663,61.27118021894763
1610555721.51RNoQUMP19FTMS79BmA3JkgSm2IC2AQuQ,64.28284144490442,33.263112921239696,65.42163437710265,52.9969854676814,63.69672076509518,60.66278497019474,64.335968753344,66.09507962607516,63.7636607467543,62.95763528482195,52.373582856259105,51.07031374432444,60.87682831251123,64.52973558073228,56.69666036986557,61.79320904893698,55.31180398815038,0.0,61.203300495254176,63.74645792596838,54.329294551597336,50.88791392747951,62.07767567841773,65.47792665235892,61.21085046911364,62.11070157561128,64.2466428972881,56.48885756005796,57.65643708551859,62.79031209827008,64.39923741449904,60.82399887108602,62.3619826112696,60.51838005620063,61.58494733073236,58.47589570574752,63.76354756491132,60.4966750418602,54.114384447339475,66.23334217909415,58.25346302257693,54.064839393593616,62.35352036686459,53.58440829708542,45.91440737660503,37.90058443436409,63.81150524648894,63.307967516722925,63.96494949603319,67.91498744839627,56.58077590028844,66.17115729941925,65.50736077330775,54.15141039918074,64.12442380055265,61.923627392022,59.55177535330222,60.774992015017204,58.723983345811575,59.51075213559388,54.862438200442114,56.13913314384716,62.987473017053965,56.5334591870792,62.47590559236624,54.128243091315284,66.56601066698428,56.12019687462719
1610555971.86O0cHB2ibBJ8jxoObg01EpGe8VVV5mpwn,50.24992321963265,61.499035731972555,50.56928945709094,59.24690787961586,51.261109699906136,34.81787874765505,50.540287800985816,52.002451882253595,46.75247800413173,62.63446798475502,62.80956714415957,61.54716406631569,66.69754179105303,51.09496878097961,60.619458312511796,62.42964557663741,63.58910348982961,61.203300495254176,0.0,62.763062819215314,61.78894870980871,60.1004373774591,53.55525166833573,51.11858693019619,57.81375684626422,40.839408833239524,52.42568935132662,60.89626192616702,65.00077382961658,49.904375304009456,61.50506547790263,48.45392147637478,66.14751120237217,64.05569160816856,62.49286427444124,60.76758766048182,61.80749934692271,65.28266107793908,63.19737106803942,60.246360682235554,62.29438273109698,63.97265180789963,61.3882426338205,59.3791915067214,62.08166474706605,61.33802378919436,59.57995544743418,53.5359967497581,62.95014020581598,64.8326049972837,57.818991477637375,51.94747708342237,65.11397196291918,64.12132253238637,61.64411016467461,54.31512089293165,59.811255510812934,62.12400810141666,57.27242601973679,47.26332989122513,62.60190212874569,65.98181172164267,65.43677914664899,59.55558944977169,62.69822765812489,64.75922872639872,61.367923450756585,62.17528486581399
1610556911.51zU3duZSGpcw1BDNsBLxdOCITAXwl6z3i,55.59623287997962,62.66021322242568,55.88023284370954,58.48396221969039,58.794962060740126,62.68038091684919,61.023000435306635,56.88486563918194,56.748288264868656,57.436882161313676,66.56573667340372,53.02494069871773,63.40175465112161,57.8513598158593,63.48382536504967,49.15037102591931,67.28701568251485,63.74645792596838,62.763062819215314,0.0,54.196366489988684,65.42525034489,59.400346076578,56.62274998433128,62.97886237946108,63.15033543836842,56.14203013310889,56.04827944549934,61.34909532840218,62.77392339141248,57.543407798347765,62.910999560252954,58.621748619150274,55.111871118416715,53.01396877890208,54.98361805335147,51.783297381172474,55.94062237948268,64.60797497829803,66.54986897289761,56.88040702060571,63.033768200586735,62.10464153059676,58.12590414415063,62.06813527182449,66.03108124950433,59.28445392553085,57.22890945671425,58.16508965667324,66.80914488266818,49.84665191632528,62.088159924372796,66.78054944386434,65.1351429704226,51.51159574807527,62.144789152196005,63.03632322630677,49.26898500982869,52.53706708012732,64.14840302362678,67.16742315075297,68.41683826888939,53.64119451802457,67.90661329203178,54.03915098851557,67.99074240280868,62.660600288479536,66.54487638578229
1610555988.71dMoYT8250UHHJGxgmITTmbHe7V6gH1yU,60.64126437812973,58.65325782452491,61.415908359051755,53.64692500435312,61.27391226641349,61.256668293809746,63.17451189086636,61.49207676309383,59.25738933599121,63.15326859636971,57.16471719314351,30.616443682453795,67.09174146924848,60.53630699635008,59.33577999820617,53.48080055761235,58.904605482007035,54.329294551597336,61.78894870980871,54.196366489988684,0.0,52.01456694548074,61.58769452276463,61.2001314721558,60.80598215856497,61.00335883145581,60.74975157413262,46.413950299544105,58.08210936450864,64.67460893680068,62.22124038355777,62.28024949716684,64.28955450725837,58.68659770623118,48.30159662583424,48.53508522335584,56.697657349036675,59.319035864078494,59.038898759189756,64.83052945208988,55.17942265977575,48.41399388600598,59.92414354641332,50.34941176649132,57.68235273614703,57.558666101655,59.74957831190029,58.77951957921759,62.577099655845046,64.55710183141494,44.256225794360375,61.41473160844554,65.16049889147705,58.382358564385505,57.88856818712599,60.21265756703243,60.355703162782504,44.754481471856415,50.50022445950936,62.13878393725215,59.45531141248665,62.00150043020342,57.76718051228636,60.99199449048729,58.16123016042098,60.254546966747014,62.86194397318246,59.74607235062173
1610556042.81mlUZsSp7gbGjrp8jQSnybT1gPy6e62o1,65.05782038902977,55.24952959565447,65.81697192082913,57.454595151790244,63.21637306555265,60.68544531073094,63.46707218472701,66.2957236333823,63.3372372193823,67.7194810413398,56.10408885253283,49.52477431476806,68.98895779818635,64.36444908109934,57.68493178241991,63.32908093152075,58.138178354709645,50.88791392747951,60.1004373774591,65.42525034489,52.01456694548074,0.0,62.02944051378452,66.1238507600507,61.90580152840443,61.33563177107748,65.26103649128126,54.45555699467341,61.51233254688147,61.386033280276294,67.07521219216527,57.567905760362926,68.54562159565877,64.40740336894827,60.975312293358655,56.8506460003986,64.45825552163326,64.38842926201318,59.95519499509545,65.24599882961618,62.5175004689334,52.6744978890074,63.3059340734361,57.35552479061383,54.3105219969705,53.96532844465043,64.005862524447,63.147556375218635,66.20994335017211,65.40312289613001,57.04357087399903,65.08909231305881,67.56153065834216,57.35861505801788,66.4835121584534,61.41250670205227,59.684449200924384,59.483783308265224,60.28249036808128,54.44324359901527,53.13099475397093,57.922755924452176,64.72145139716068,55.33305446249991,63.957550099932064,52.213851053411965,65.03450770528957,54.75912460354465
1610555637.02UBW5nKvDyUrKnaWcYRGajZPxTRDS0q3N,51.60398110569417,59.994134199748814,52.03717827055955,60.35297979217179,40.59143737646557,51.86768515209995,49.51715667564877,53.78632717824266,49.78064391629886,57.783648982732366,63.882231269572145,61.43860243391695,64.89152521776012,52.71141030788235,61.90713342528599,58.05079760493287,65.14611135204146,62.07767567841773,53.55525166833573,59.400346076578,61.58769452276463,62.02944051378452,0.0,53.040027480677026,51.427294029953934,52.30072539264752,41.075899831671606,61.92421253305876,62.04792564890223,43.37477570452839,54.14348075240962,42.15388984973671,60.951693949589384,59.400192625888074,59.9487244363288,59.32239227169929,57.5924758457882,57.26674654522962,58.9087939353155,64.31478305366645,58.94982393043213,65.07423576446325,60.528618061415116,62.129499115846095,60.559184550915326,62.048266733900064,56.28405429334666,53.782504941789284,55.62733419813726,60.4182403604271,59.19338386169074,51.860978695527955,64.32063506413732,63.07721270759398,55.47847516504782,40.06761086339307,57.59782369534581,59.773167903293924,58.10179922731927,48.00231839871271,63.37585878075223,67.10533062174999,58.224624241154416,62.26802836646787,56.11306161285257,65.13609855525861,62.43620944197597,63.80805499602807
1610555619.13oUYNikU4facCTpUSiSLr0vPI0tJLnXiT,24.283638913103978,65.28776930380192,23.792138120154082,62.396344560442174,45.72193797729218,56.16188556055096,42.48523401767513,21.931106920239813,36.10802459439424,58.76434743534405,67.56728791244636,60.59257698267796,66.43838281314439,34.479460587018494,64.1545093944879,60.17714853642093,67.3714052019017,65.47792665235892,51.11858693019619,56.62274998433128,61.2001314721558,66.1238507600507,53.040027480677026,0.0,60.534295006831805,55.44842004578157,46.685134088531356,62.16862975975431,65.9093073023272,51.35959807465795,59.85075491844153,52.502175116923006,63.044636919889854,63.22150099455725,61.20220653845905,60.79768259962183,60.87612839904754,64.06820706009353,65.64446850770861,65.0235447344241,62.34699189394807,66.22667200990033,63.32989491414997,62.165703962959,65.8575395832484,67.44752559779964,61.26641138935301,53.56348316154868,59.55761812395865,68.10412983084396,56.1380678276711,54.19890003196867,68.16535122106642,66.93687636807098,57.86339210943868,56.93981446376447,61.38214441874708,59.04734787250699,56.29602908604795,55.846837381417764,67.67291379497235,70.26834123533348,63.325364324319224,65.90744528455815,59.94323785323189,68.78891086630904,64.32528243480667,66.96299934179966
1610555721.03nzkucfjAUh31zTbmCVvTVYqtjoxZFnBh,59.970299101539304,59.68257346734066,60.372850983370824,61.727156817463936,56.54699087356558,56.280429665369645,59.3056831242923,61.11784921247909,58.67027008560163,59.76587637578771,61.25331327198205,60.75958586563495,66.99801090759635,59.36900663638554,61.81780925458257,60.02078450541855,62.28320179917768,61.21085046911364,57.81375684626422,62.97886237946108,60.80598215856497,61.90580152840443,51.427294029953934,60.534295006831805,0.0,57.72085890392377,58.39946146531518,60.307528150551455,64.23167768706448,57.167389868518406,61.17069813979633,53.70368157761833,63.65222380942406,61.70603267893711,60.1723000158994,60.03800854047538,60.5360483317809,60.18446635229601,52.30510898811286,62.91105809370674,62.53549106240451,63.14517618815198,60.23032846085459,62.20490973948766,61.034448525947525,57.200442252546196,60.544872430114744,52.378633168831705,57.93270121405093,63.84776029439057,59.106019412593334,57.226259409348465,61.44947458576668,62.69417463747778,62.007215875636334,47.27832035130764,50.396797822087734,60.697875198603896,59.446883006483006,49.205378399158256,60.36778910168464,64.6480261570646,61.892488789143215,57.43239829949855,58.453157918434094,62.74875116279155,61.296799024957224,61.373181320715865
1610555722.67fhKURdXVzRbLIjXmjRwdJHTnE7PWb1AE,55.00695959799667,62.14427064934535,54.88512948740106,61.3606953936061,53.3068325544872,26.645461467060425,52.69923715652259,55.706463957676625,51.94848285904944,63.504286479901,62.17718464237021,61.69990277160761,66.98573763524566,53.562044402363675,61.213110896555264,62.68911673025345,62.01973140115884,62.11070157561128,40.839408833239524,63.15033543836842,61.00335883145581,61.33563177107748,52.30072539264752,55.44842004578157,57.72085890392377,0.0,53.31876747599154,61.724747750024804,65.04348667853859,53.35727426194819,61.51372539180965,49.33586076969372,66.06626070819044,64.18473302372468,62.74928437962965,60.123829734886364,62.1231505613506,65.42961919609982,62.66670036544919,62.69382473571866,63.61110435614796,63.25760343611873,62.79782507998737,60.9188392145237,61.419699900156566,61.205967892535305,56.75549615497238,54.68391228198836,64.13894202326105,64.9561602251654,59.17480480926673,55.1452339386513,64.83811206072919,63.0646671018313,62.008160759445985,51.740400051544526,60.601156445771,61.79014844560049,58.82298154545138,47.071180786243524,62.35256124839574,66.45344724475531,65.29202711141043,59.07113620075813,63.90886343342139,64.29857463327977,63.19543455636673,62.44945441543232
1610555638.39J2ZWBLuLTHP0jOlzB4tNHmYeijH5g5YJ,45.064065403493345,63.58464031557326,45.49869061702528,59.45919955361322,40.52117814018543,54.157594700010485,49.05809146228223,47.36642567988399,44.881090237624434,57.42151785868326,65.45999646501502,60.68654110764698,65.04179535021177,48.37167018375581,62.30972169845146,57.49521333654125,65.69806600110735,64.2466428972881,52.42568935132662,56.14203013310889,60.74975157413262,65.26103649128126,41.075899831671606,46.685134088531356,58.39946146531518,53.31876747599154,0.0,61.885635291218584,63.68762431982718,51.52844120925065,51.84483581748707,48.73285111548247,61.159772735604086,60.724358732645065,59.40433840653215,58.914727897876055,57.203082302864516,60.74627172688152,63.458997299072074,62.97711575251669,57.31623371756533,65.06819390519976,60.09839447096302,62.47828567194113,63.640274212135076,65.89000066368939,56.54090985750553,51.29441048097243,57.39166899043361,57.609705387976035,57.25574225499181,48.6524851878676,65.36453868360877,65.45455561331563,54.910437188496765,51.806707800501826,60.68546900903802,59.122142110157945,56.6452282437216,53.96162050581557,66.05466411481298,68.74717502604247,59.4444378458782,64.57071616104825,56.55338089741833,67.3127987305038,56.80202191976398,65.50102710692825
1610556032.17Q6yCDx9g7alRnL9jBFXD2JhhUyB2hKfJ,61.385409696149,57.78713131075233,61.82953296188635,52.54659873272155,61.56008319191543,61.03699176616705,62.96277045240899,62.56964192524463,60.50082838803382,63.010769867934165,58.44075698369514,45.03327532687773,66.91731434758572,61.91949836089416,62.06344502667679,53.15950151872731,61.41990360942807,56.48885756005796,60.89626192616702,56.04827944549934,46.413950299544105,54.45555699467341,61.92421253305876,62.16862975975431,60.307528150551455,61.724747750024804,61.885635291218584,0.0,58.46806557139995,63.74406772700529,62.81553556968303,62.387625906477055,64.59750436224977,53.83509612536956,54.251070796810225,50.90993645843059,58.3279831252979,55.91294491528966,57.78678593530216,62.67520656438015,58.22037063345249,49.72661477261898,59.7565910532426,47.930338664725646,58.940358969135914,57.552636548132625,60.340552740569585,59.58272904865335,62.36271429080532,65.12502029422444,45.861869912104844,62.53710484938996,61.535280565537704,59.472392855321004,59.40841099342059,61.45961987595675,59.21752389468294,48.56806002023399,47.30628872754318,61.766827989437715,56.15553718333281,62.7871159799743,57.46965019474522,58.855243082529775,57.26928662403469,59.43704798705239,62.95163152207638,55.419535693524374
1610557007.49MyVgDnuUuBxrvL6SGOdhKf69VYlW1MSm,64.85584997696776,53.722069736778764,64.99468515852753,57.26276223669127,64.25745689258824,64.45084707723299,64.83589521567208,66.59241394667058,64.70800950662165,60.98086386467981,60.89236210769743,56.26741832206226,62.90588121360832,66.05583175027171,56.7760659927253,52.618891860352,62.699137432538905,57.65643708551859,65.00077382961658,61.34909532840218,58.08210936450864,61.51233254688147,62.04792564890223,65.9093073023272,64.23167768706448,65.04348667853859,63.68762431982718,58.46806557139995,0.0,64.06497555374575,60.29040602882881,63.85125870835811,60.80690221956897,56.48498698122149,56.37722097309997,52.77622371234125,59.82270488341509,51.4592475078062,59.39290961019451,66.37092566273245,53.61190789152274,59.610554107622775,61.6779718582738,54.831487066377385,54.187568187582826,57.41829801735734,64.03304322024377,63.69906782642828,61.37751640568215,67.24134972574518,57.733517623258365,64.86868467502049,64.58843407393468,57.09891633781521,59.353412918947654,61.362456663526785,64.03358456721949,59.50200087739004,59.653720869938695,63.410080510408676,63.555445172829145,62.29980143585919,53.274884962828175,65.15028011186267,55.48793619232567,59.10585830627665,65.54317964094454,63.89661374175075
