,1610555604.25mOvVXuL01OCiReyVWBfesjuvXmB3MoPy,1610555605.43B6oDsBtWRQ29Q9UMQuTUEPZy3FSSWXzc,1610555610.92HPGJJSmyPM40z7otPBgHalNrHFA7zk5d,1610555606.68LaSQbm9EHAFycEfFtEqAwYqlBsQPjIRW,1610555617.19EKxMEwDHfXiEJZc27TsGoERaD6Da4BZU,1610555722.52PJ3FD50MGhRXyUD28vluU8Z9UjLJLZn4,1610555617.52Ijr5puT55g9apK8auM7zaxa3NANg502t,1610555638.77ZLjTLkz4jYJdFMI2wWBztzsDILkoOtAk,1610556912.46C7tJPLF0XfNnm8f1820X9aLmXMHoc0Dw,1610555617.51LjzIROg0aeCP2GhDcAVQ0LipKJB9jmKc,1610555608.17OpjjHobqRkX0UPcaXrbu7K6L3805SZri,1610555721.82zWeNZfGUUfRJkgnAwlP8VMhPzXctnSd4,1610555735.75bom85BDF0C7W2eIseHeMxi24qR68nzMi,1610555735.77NnT5xqKnwcf2BbjIekeb2arTQj6QMNwk,1610555638.33wjf1PhdNaoWfbRzXVn50hmFyB5bYAiLV,1610555606.65jCE4ig8Pu8kvAzkxnSGfWsV0nQBjCf8H,1610555608.18ONsBCVo1i7BrX0XG9stct4oiA6ejX9Oz,1610555721.51RNoQUMP19FTMS79BmA3JkgSm2IC2AQuQ,1610555971.86O0cHB2ibBJ8jxoObg01EpGe8VVV5mpwn,1610556911.51zU3duZSGpcw1BDNsBLxdOCITAXwl6z3i,1610555988.71dMoYT8250UHHJGxgmITTmbHe7V6gH1yU,1610556042.81mlUZsSp7gbGjrp8jQSnybT1gPy6e62o1,1610555637.02UBW5nKvDyUrKnaWcYRGajZPxTRDS0q3N,1610555619.13oUYNikU4facCTpUSiSLr0vPI0tJLnXiT,1610555721.03nzkucfjAUh31zTbmCVvTVYqtjoxZFnBh,1610555722.67fhKURdXVzRbLIjXmjRwdJHTnE7PWb1AE,1610555638.39J2ZWBLuLTHP0jOlzB4tNHmYeijH5g5YJ,1610556032.17Q6yCDx9g7alRnL9jBFXD2JhhUyB2hKfJ,1610557007.49MyVgDnuUuBxrvL6SGOdhKf69VYlW1MSm,1610555638.44hjT5hbYdKoE3MB6hijrjqbjmLgvCUYKD,1610555608.13zUvmFSCRt6SsLbhqFznMEvGx54GPGQzM,1610556038.62a5C4ynd1AARyAhTv8a58NCqHvXRjscqH,1610555644.45Xse8u7pusHNsd7F3d0A32HXvXr6weOJE,1610556038.62gKXOCG7XCn55eJvyl5voNjbwOW0znQDq,1610555987.13v0oleKK97pkesp6oMgprH8SoSdoDVdIO,1610556964.96ZLLeiQW0qpmxhPGTg7K03fmzkqsC2bjC,1610555987.13VQlEedQ50VvkPMEMzZDv3KNnQCewykN9,1610555982.186TY6MMGkDecIN1woW6vsfAMXVV7jnyjO,1610555982.673LuMndkwkvdmZOn0MmE2Pkidx0FtNalb,1610555733.38zItcuH7gHNfKdALR2d9Nek6bxCyw36Vm,1610556034.15BQxSbZINGCay0yp6RBVlgcPrw76Yn9ON,1610555639.37BPZpgtGml8qUsh9AdV4m32jPLfI2aNFq,1610556965.57S0adAalhWYe6K3bkZU0bRHbqnDK8gGkR,1610555983.54zteLPCMjyrjzPdhHhlZr3faCgD0TfYr3,1610555987.79rHnNRmt9a0ufmnwCvZqBouyUoZDNpylW,1610556960.041xWER61rmArlsKfiMl4frikWmUCnQ7op,1610556035.13a7NHZDutfTMJ88qle1gTYY59Dr4WmMsj,1610556890.456ZBDaY16bMtrTZTqAgHl3wq1tRxzqDow,1610555760.24e6890pkbyZ97Or6croI1rQgjkSsR0yVt,1610556043.02YpWMIJg3W004iqlPyv8OcVAZdSC5rNYw,1610555987.03z05P26TLtONYM1HSzupoc2CeNMa6HTqr,1610556032.15OYCzUxpsz7b10AXBAuDXrvEcvxFhf0M7,1610556032.63Z80yI9pNwS3jSmsDABbuhf8wkNa2Ze9y,1610555736.28eGuESasTXdR3SqY6pHhEXWZtcdciYLCO,1610556034.61bebeZA0MkaFG2sm3VKiqrxeqQginTTW0,1610556944.5XwXOphKYT3ZkWA8gViqOS97VHVuMVUqb,1610556944.745UVLFBzf7fPh4UH37I6tYQOFPqRDytEh,1610556034.63XsUwaFaPZevO1JNFjfhvY4aKNFnV4noV,1610556964.89xwBHw9faT1HjQRMNQEyA4qJ3hWkwgj3k,1610556966.74DydzH91jtyvRyYau47JpVkZoMRSNTt01,1610555740.77UueVziDbaXyRR4OcVJIIZyzOfAzN51bj,1610556046.84e3vwjyRCzqz0wJQhrk8zsxlFfFSv98Df,1610556137.99eoPuVrDThKAOvmeprLPb2FWRqIhzUodc,1610555740.73XFwSrmTXJPlaxGZSefh0jOVA8PI3III1,1610556123.88AOfNaz9jSnqU5Czc7okOv1RCrYfKFBTo,1610556046.85nB7NvyoYQeLcOV391Lmmut1wAM8CFGLw,1610556123.89H4pdIAzDthI7bMXMhlIhKUYIQIvtmPPQ,1610555740.87GOYQUJKpkynIS2lFqppYK4b32ol7NeGh
1610555604.25mOvVXuL01OCiReyVWBfesjuvXmB3MoPy,0.0,60.6156377324413,27.130527613132458,60.27625675547672,48.33596564655427,57.83384391427527,47.957698189549426,29.048999562437707,39.00832177621119,59.05949247869724,67.15757832176251,63.18066329366342,61.0327207017527,41.5257331706573,68.72746399329246,60.419550003532116,70.30665403676893,64.14554433619632,52.71230093744941,58.93224751031607,64.47077066875312,67.94538515757421,55.10817210525121,29.111146621319904,59.20527635018188,60.09929161072969,47.67424057152697,61.603410637255486,65.90294082840684,50.370515621957566,59.544347274152074,51.859121226687044,61.09887148416814,61.20120845733266,61.34917875380513,61.26142814733071,59.54433808838086,63.49994394350769,63.567526003699655,63.99630258561271,61.99140774461851,67.04942515530118,61.34936397717411,60.90337914865222,63.42856632896521,62.83458647971846,61.82408382386998,55.84808951773423,60.38846288863022,61.829656925372475,57.365860801790284,54.65054734812696,66.50586059095912,68.83741378992895,59.22765254925135,58.556477393267464,61.84721161414275,64.09639819490008,57.93074318407816,56.40752853365606,67.92371439097033,70.6134011771364,64.6580060241727,66.11819723852265,60.34100741818633,70.58978691386113,61.82332942206334,66.73183667420331
1610555605.43B6oDsBtWRQ29Q9UMQuTUEPZy3FSSWXzc,60.6156377324413,0.0,62.00142019739178,51.635512028356274,62.06163156946725,61.46514113928324,59.361119733372924,61.60976214995347,61.48017461648173,56.776319460899174,56.99324010673288,56.19635789591274,52.151652903718926,60.044164783106474,60.53231935152373,59.30829650014619,60.29790140085943,43.720495840252326,60.38102767741575,61.458949184178294,58.9173396742667,58.072266668835844,61.3161690529321,62.22206237343732,57.6598607522769,64.249203391238,59.38178706942327,54.686083291298424,58.242592761436164,56.96042818067345,59.51218872113486,59.8947421788773,54.81783045798469,56.9087839711775,60.11523046614709,59.77460620742598,58.691570154275475,59.619542579927646,50.468774567368136,64.02306413055854,56.098129926017826,57.65904568294513,59.51334015435819,55.520291245838415,49.35435442359211,41.53461977806006,61.74609260486144,61.56382236836642,58.57333523451887,60.22228677272021,56.96352824924842,61.89539883709322,62.446784297638736,60.60024915921632,60.07909662927518,62.158995519151524,59.82610275165882,63.09655034715836,59.167186916529396,57.86672127981067,59.922530998761374,62.38530050586584,60.34153033575871,59.94858878168059,57.74382881558999,61.94388617627543,60.96705352138243,59.33137636959325
1610555610.92HPGJJSmyPM40z7otPBgHalNrHFA7zk5d,27.130527613132458,62.00142019739178,0.0,60.66649000597527,49.650904507710074,57.93017542990554,42.2577133170913,27.534829004673266,41.581007024346796,59.550632495312,67.45870380265372,63.79934779676302,62.146529176103805,38.90014213736998,69.15245663857053,60.457207146335605,70.52267888555866,64.8377558918827,54.003762734277,59.60546286054005,64.82336141785659,68.56868689959526,55.61727793891387,25.701383713208834,59.54323837563936,60.531568841735314,49.25286515886009,61.653435145195964,66.00717792433501,48.276979382091284,59.78375657790497,54.159454223550476,61.74197512048219,61.27171100245974,61.44987030586093,61.606300114588905,59.77084402254277,63.474634595342856,64.1287764240337,63.99431159826146,62.54536830139191,67.33532699262727,61.54988350479942,61.09664644979456,63.96705566403252,63.32346798183812,62.051487927913485,56.623338444027944,60.7427615400499,62.01365559023774,57.81931844590658,54.760354573240214,67.48473428669969,69.1757604079033,58.74569827482052,59.09203115942762,61.97117253818159,63.84758231647065,58.59142230668047,56.4285898959615,68.11760422711396,71.15393505266768,64.86680765218202,66.70932926091753,60.49842126077315,70.91681358713659,62.04339934258625,66.75369775176044
1610555606.68LaSQbm9EHAFycEfFtEqAwYqlBsQPjIRW,60.27625675547672,51.635512028356274,60.66649000597527,0.0,61.48670307258141,59.43729445762791,59.74674130413447,60.71693887306157,60.67958029979031,57.905312624503765,52.24118195779224,54.47116826169878,59.70546068104237,60.298209605479705,62.8433664916851,55.02237185628679,61.37882907191776,55.459326974916536,57.94357843545867,57.98316295371268,55.59280657066824,60.839179015720376,60.271589985457496,61.07696727181205,60.28436191290896,62.63204592834491,57.763467598984874,50.62480922852804,57.762098459464234,57.36408631502637,56.74961815993653,62.33261439806797,59.10962085445756,55.1515883141803,52.28852033712632,52.66879946799727,52.51290801970097,57.52936857641088,55.69746893616567,59.63374529591325,49.33672538871926,55.15260997804699,53.88759176439375,49.932172335196,55.205297516925405,52.48929252539452,60.37842399738198,59.074507449728124,59.08298855377813,58.91316906184619,51.7157545983757,59.05572460217838,62.94920583134948,61.728854048460214,54.56230373277761,61.10392584588979,57.643057873292456,59.844560070364864,53.951847037117474,58.83826595180818,59.469151560557265,63.592698208147574,58.27347916620764,61.67023646868742,54.257231337880306,64.27874307875126,57.935062418395106,58.723641361943876
1610555617.19EKxMEwDHfXiEJZc27TsGoERaD6Da4BZU,48.33596564655427,62.06163156946725,49.650904507710074,61.48670307258141,0.0,54.546326754012064,46.29275716951156,50.24419205448003,41.30373053948267,60.95236644419666,66.34781456069753,64.05233942957138,63.19147780009993,48.3548546713144,68.58604702018819,62.17773603473733,69.57788683744981,63.90188174660136,50.3659907046488,61.28260537891647,64.58856173873116,67.34101004024245,45.09367428693225,50.693409673003885,56.79009816918694,56.48638712071115,42.20450804734093,62.09430321132197,65.43148940213098,48.08084703689104,60.360249095289895,47.93335856244911,62.65461042506785,61.61569160390455,62.461436539407615,61.99865143426504,59.164031486678006,63.60916619392799,62.809097908287654,65.41131341333978,60.69687865345251,67.30297834860707,61.18412650106935,61.2406856017804,63.29789019587925,62.416277592394756,61.126864489438496,56.784106413054786,61.190922538173375,59.37999358859529,59.95199472413472,54.38223299768691,67.37675031728381,68.99052287548294,60.16086779759904,53.5270860249369,60.40060534313436,65.96262687507901,60.445019906118006,53.49314389551327,67.69886661931424,71.16468865037412,64.86479125551902,66.09534711682004,60.94450459555874,70.81643305846394,61.479904677635254,66.41708586561946
1610555722.52PJ3FD50MGhRXyUD28vluU8Z9UjLJLZn4,57.83384391427527,61.46514113928324,57.93017542990554,59.43729445762791,54.546326754012064,0.0,55.998138554646864,58.27019261546408,55.51296939061823,61.8623878430354,63.44707655118994,63.95330291808661,63.4194493325123,57.09756384260958,68.31213499985255,62.72558393576331,67.89001941685362,63.1521468812933,40.107785192617406,62.99487508717827,63.37536689189017,66.37831907751347,51.99192696628407,58.67427430074262,56.737139376866715,31.19604549216587,53.09741662315872,60.41870955076117,64.28010481197101,52.77318047414739,61.417055342074164,55.30317240013336,63.55625355798333,61.17514701738145,61.8171943090958,61.69764251979921,60.649995626510986,63.848841025852735,62.5604285387098,63.986838959687915,62.23768307260056,65.51945341539817,61.41102599924936,58.820317264889525,61.26547670780525,58.54471017290366,57.99957447639028,56.73524161244205,62.86749834521387,60.253380409681206,58.83714649335337,55.4251838830598,66.06290123829093,67.6380928918729,62.12761404461308,52.49406867314163,59.29028527668119,65.38163937046147,59.371107263304594,51.89281439917954,65.0800544809386,69.20879030747021,65.71052207947292,63.1088568654187,61.94467124786377,69.03136682929289,61.20745153499298,64.22142093384865
1610555617.52Ijr5puT55g9apK8auM7zaxa3NANg502t,47.957698189549426,59.361119733372924,42.2577133170913,59.74674130413447,46.29275716951156,55.998138554646864,0.0,46.892450792464274,47.55906418329054,59.95119372103659,65.2276764729228,62.917470566258075,61.35502723076463,40.71164371966023,67.26398230122834,60.28622090370604,67.77023986148346,63.02859810516907,53.241890155981444,61.4199157891577,63.872649099568896,66.51397794836771,53.65065621684624,46.02665684273224,57.07436653786254,58.23812384591353,50.62847218278132,60.68705432659793,64.67243590308367,38.98818101096914,60.12476875125289,51.086387313657006,61.39444020816107,60.53369797195574,61.10549313221791,60.29021117832057,59.40385979234489,62.66318750135821,61.062657688775865,63.598645669756515,61.516724780797965,66.19205656017654,61.326811156834985,60.3136303137346,61.197714708407574,61.03215923130358,61.696644144365905,56.94176579176027,60.66052105974283,61.074525450657006,57.657376493706394,54.885489377473576,66.74333361606242,67.82625302197474,58.8193275583073,57.894837649835424,60.327983727351054,64.11710311234535,58.87943572921392,52.38336594896002,66.85743316858233,70.31832184837326,64.22613872813332,65.20019377771406,60.04604891170436,69.86789909563394,60.93892503693479,65.41686264901635
1610555638.77ZLjTLkz4jYJdFMI2wWBztzsDILkoOtAk,29.048999562437707,61.60976214995347,27.534829004673266,60.71693887306157,50.24419205448003,58.27019261546408,46.892450792464274,0.0,42.66120641948066,59.774847474555884,67.15902152592217,63.58644952851698,61.995676819581774,34.429288981310044,68.71190247655083,60.75481339266556,70.0166237864963,64.5082216254239,54.46844531288888,59.6796915414395,64.46648134084194,68.30779958672315,56.281162291345034,20.41242950834395,59.57618494608086,60.58671142992256,49.71618989477996,61.6578111303222,66.23235906194827,50.86896299836092,59.89795384427034,53.82335298368553,61.76251680878315,61.45814400254415,61.30505732181954,61.582689895135445,59.89996686576731,63.60052162727075,64.00937893637995,64.37191882755465,62.74015590893925,67.015827720685,61.72808360050378,61.167851067084705,63.867703749727134,63.15957418338277,62.36964972290273,56.637415353129825,60.8003512808536,62.03546494951878,57.87718344862168,55.08513244992745,67.39441930642917,69.16641837075429,59.41421041279033,59.382946176514906,61.925859355303075,64.07130089367699,58.80439509812345,56.47752773128568,67.98139092122237,71.0162715049401,65.12983480900492,66.33371124082998,60.89951296229064,70.50862873722774,62.144169055537155,66.7682931291176
1610556912.46C7tJPLF0XfNnm8f1820X9aLmXMHoc0Dw,39.00832177621119,61.48017461648173,41.581007024346796,60.67958029979031,41.30373053948267,55.51296939061823,47.55906418329054,42.66120641948066,0.0,59.9856533451042,66.50764372172155,63.087775280405545,61.85676409209474,43.44910777974216,68.19490053263941,61.34649393426681,69.7669005100133,63.27365969810318,48.281478673680425,60.33340050176399,63.56996820724215,66.94228759546391,53.13813724942778,42.63141950543022,58.53221146876383,57.013582941461166,46.83557775434519,61.0844299432399,65.44054926458722,49.91916732104522,60.1385030996937,51.26115568418637,61.95984451414376,61.12364172389834,61.29194967954952,61.02374218610033,59.41736803244797,63.75640172446282,63.54280978880917,64.14408730885467,61.40165297457207,66.73604482185975,60.77916609401875,60.58047792800863,62.92431015682147,62.03857143451654,60.62842867965235,56.19196015758488,60.99963961396633,60.21450551007569,57.93792023160303,54.35997025268639,66.28986076056061,67.84136604830638,59.956547541657564,56.587153767715606,60.59217057286789,64.43007220941946,58.65982922224497,54.745602057800674,67.30196825695525,70.52283730498648,65.11317291406213,65.68093372143241,60.849447867397245,70.38141369310598,61.33482807372617,65.99617006579751
1610555617.51LjzIROg0aeCP2GhDcAVQ0LipKJB9jmKc,59.05949247869724,56.776319460899174,59.550632495312,57.905312624503765,60.95236644419666,61.8623878430354,59.95119372103659,59.774847474555884,59.9856533451042,0.0,65.07704710859394,63.21734514126547,48.79210009725635,59.55828810106076,67.72427628943822,59.449661696874514,68.71736632762044,61.36295556165334,61.27649247051472,59.80910412799574,63.69524266824523,66.97930197645529,59.81410254195983,60.134472010116724,58.88275070935659,64.68858348909959,57.26498639533974,60.30151560331577,61.864739043897664,58.23605260554339,56.74258901163988,63.42821311276699,39.18393137818862,56.60752840122787,59.885212536008595,61.59004239282252,57.32695484075817,59.020617166696326,58.57294502881576,61.24942166942154,60.147456642174234,65.60532221825217,58.92817392963736,60.5150982394603,61.62406197743006,59.81422645937963,59.91603099745149,59.36908731201623,37.746962723686444,60.81627001841192,57.932925262125366,60.25157855360029,62.223779780904884,66.41712526776507,58.42859173390391,62.47485675368399,60.83291508555014,64.47666162978966,58.85174193038329,61.35289829472936,65.68101971288236,68.71449072659372,59.32294146407086,66.04663672647624,49.377528837420805,69.0149329200502,60.73588787542576,64.44052277137727
1610555608.17OpjjHobqRkX0UPcaXrbu7K6L3805SZri,67.15757832176251,56.99324010673288,67.45870380265372,52.24118195779224,66.34781456069753,63.44707655118994,65.2276764729228,67.15902152592217,66.50764372172155,65.07704710859394,0.0,62.45784889733588,64.97363782702918,65.92769087750784,66.28414022836942,63.591917565904374,45.8671393014186,58.14234285761125,62.784176858297585,66.7226276968163,60.11916232487768,62.3871208210863,65.78976266454049,67.72124982163363,62.757660255710945,63.98940410300102,64.36964650757497,59.43427739245672,64.037042589563,63.31801883236602,64.45006670430968,66.02552736268359,65.71454607869285,63.59474978289875,61.88440071543374,60.01139034314059,62.01954153492371,65.95919407726153,61.97329013963825,65.744163424974,60.76267783400545,56.843813124948916,60.63427269609209,60.34567400622003,58.46257418279862,50.14168308831136,65.296136611325,64.54118786851106,65.71648833802178,62.64892641537226,62.467053556956905,65.61849143381657,67.22591415717244,64.63078808561374,64.63054670910294,64.18003946787645,60.81068026946092,68.23055090608224,63.91743962412587,62.16812786181457,60.11930017245046,65.20558570244218,66.51541235633063,61.90767265020623,63.7588880154748,63.57926670228027,63.034140528237145,60.6926874580346
1610555721.82zWeNZfGUUfRJkgnAwlP8VMhPzXctnSd4,63.18066329366342,56.19635789591274,63.79934779676302,54.47116826169878,64.05233942957138,63.95330291808661,62.917470566258075,63.58644952851698,63.087775280405545,63.21734514126547,62.45784889733588,0.0,63.419824013488075,62.72394873373868,65.15909272158477,57.927930974089,66.41528223425625,56.72961915540636,63.00355482466524,57.71096193215984,38.57872214962626,56.80403981134141,64.28953197593371,64.04899580318296,60.91463070481191,66.37525898604889,62.40893721629827,46.71523706551935,61.9798515469329,61.93307698449953,63.65118883885128,64.44062887880642,62.80006760610787,59.030947348910956,54.198069434395634,55.166588511443365,57.824505080717714,62.90696007352588,60.06111067379926,65.069123961511,56.28697299440148,54.33073781065886,61.36294496024851,53.520174847318046,60.41220604090875,58.57946883377744,62.144343708844346,61.491736525619444,64.12419264026968,60.93734082200184,47.97349361471521,62.409365422950664,66.59205908916239,65.24922354527787,60.16882244373495,64.33777194556778,62.32581149743037,53.64401030170309,54.354703831698956,61.49171010147066,64.68753141824526,66.90040184313733,61.16611236911956,64.31589671325052,59.97600380133831,66.4343413642051,60.56669076948558,63.82429294147083
1610555735.75bom85BDF0C7W2eIseHeMxi24qR68nzMi,61.0327207017527,52.151652903718926,62.146529176103805,59.70546068104237,63.19147780009993,63.4194493325123,61.35502723076463,61.995676819581774,61.85676409209474,48.79210009725635,64.97363782702918,63.419824013488075,0.0,61.46986841786598,66.50260789791642,61.89470497156944,67.9399658891319,59.005928092936834,62.45888588735555,62.72707542930511,64.69149712505845,66.35913226756617,62.9098531745226,62.57040381890141,62.73506462671619,65.77979233179937,59.820850988845564,61.02176435927281,62.852234054517005,59.95842604206071,59.30448240192462,63.553913152261245,36.50881669421781,57.63911530430763,62.654588407618704,63.519494019187015,59.76498587054692,60.86020488463012,60.43243932238895,62.19003501625369,61.35854622095474,65.18377338449733,60.90243751985259,62.07417654928851,61.20613010697042,57.4187923385662,61.903798193400554,62.64574195759628,55.88531375523238,62.202971606988406,60.21848725344612,62.74968266455712,61.55176001871064,65.1187653614876,61.24498705021267,64.5600636900475,64.08919949370767,66.68750472627549,61.62036344623179,62.27606656307736,65.54297735085036,67.87917326484455,61.61583727798566,65.75673132391175,58.43699861731695,67.70369572511792,62.52044050247259,64.53059248526885
1610555735.77NnT5xqKnwcf2BbjIekeb2arTQj6QMNwk,41.5257331706573,60.044164783106474,38.90014213736998,60.298209605479705,48.3548546713144,57.09756384260958,40.71164371966023,34.429288981310044,43.44910777974216,59.55828810106076,65.92769087750784,62.72394873373868,61.46986841786598,0.0,67.60285061594543,60.26959689655527,68.41523382350408,63.34774832028329,53.85132223053828,59.986002762332895,63.5300862641345,67.11442657881535,55.10724976271024,36.91764462634787,57.90445318076019,59.189659651750006,50.125330990436765,60.98246610340776,65.8218931243157,48.01265200393107,59.50913775041586,52.66988154195438,61.36767863249452,61.273356253690174,60.790140758973514,60.7095882848768,59.10720650651553,63.116837220403205,62.853264756984956,63.941810437149556,62.31642319965469,66.1997804420503,61.335940310069205,60.947475927740875,62.52525624542348,61.79452366813816,61.7433861026525,56.6157027654768,60.65221069306107,61.34640192160851,57.3424491555077,54.56570287070469,66.83865418302166,68.64266909984241,58.93062899344615,58.79594128351869,60.75345052112229,63.12847185679099,58.51074672250316,54.50844035022792,67.37135778673705,70.37299338942823,64.87593524431973,65.47509294329706,60.8559817028151,69.7848444003185,61.59291610052118,65.94579740906781
1610555638.33wjf1PhdNaoWfbRzXVn50hmFyB5bYAiLV,68.72746399329246,60.53231935152373,69.15245663857053,62.8433664916851,68.58604702018819,68.31213499985255,67.26398230122834,68.71190247655083,68.19490053263941,67.72427628943822,66.28414022836942,65.15909272158477,66.50260789791642,67.60285061594543,0.0,68.40790991759877,70.14206614919226,63.3445149589468,66.94174615319768,69.99663121562504,67.12717918428781,60.03626859509734,69.40038398310722,69.1859784002576,65.66522978898489,70.37406942637163,66.60646056938809,65.88602417190108,65.59020991017034,66.6610902507127,66.38558443460714,68.02135699520288,67.6123225236742,68.40951267272246,65.80151672910576,64.60089260050457,63.76514244058057,70.87636901063108,65.37593037273552,66.86035289541373,58.7427876978737,62.391070016039734,58.99703051603167,65.67683737199495,59.9438120582907,61.67214342274338,66.51941145070977,67.39403509046247,69.13571837165308,64.1381736560253,66.3795386469676,66.4862118870228,71.15994381435412,66.0771682051515,66.8403903979562,68.8470867355746,64.77492514057715,70.80970395383797,67.97328129061235,64.407192139591,64.86614402441771,63.45363583491372,70.9736793035449,62.057589110455396,68.26369681792481,59.962656699209,65.45384364199637,66.35601417760637
1610555606.65jCE4ig8Pu8kvAzkxnSGfWsV0nQBjCf8H,60.419550003532116,59.30829650014619,60.457207146335605,55.02237185628679,62.17773603473733,62.72558393576331,60.28622090370604,60.75481339266556,61.34649393426681,59.449661696874514,63.591917565904374,57.927930974089,61.89470497156944,60.26959689655527,68.40790991759877,0.0,67.8436435238091,63.32763058854827,62.29874478798293,51.65232364494788,58.840628519056786,67.05501614593538,59.49684465467403,61.09363991724604,61.343361144378726,65.57209649265366,58.417422132328575,55.16904080895599,58.14798480346303,58.172390651360104,54.37050523599514,64.41255302044077,59.54710835502828,50.6422730781575,47.83148735464762,49.93667788841863,51.527233147613664,46.04612222291577,62.07336902361157,62.61887241083624,55.06455309425249,63.34983772599869,58.93713034123993,56.26316827067343,59.323002274173,60.77133208685662,60.47005330993583,60.44997167231481,59.19647934362031,59.95659366129802,48.397348070423604,60.489508871019865,65.25914917958467,67.70220888170103,51.12429249708359,63.16722429269359,60.23479376521453,55.79382539968483,52.1267042040201,61.773756792275584,65.97841383187887,69.20582602233607,50.04278615528416,66.57898901093452,53.79201134983249,69.0755129349886,59.33806803111523,64.88571353220875
1610555608.18ONsBCVo1i7BrX0XG9stct4oiA6ejX9Oz,70.30665403676893,60.29790140085943,70.52267888555866,61.37882907191776,69.57788683744981,67.89001941685362,67.77023986148346,70.0166237864963,69.7669005100133,68.71736632762044,45.8671393014186,66.41528223425625,67.9399658891319,68.41523382350408,70.14206614919226,67.8436435238091,0.0,62.883356537009035,67.29877723731333,70.08354061117387,63.97931852872294,66.51355434840355,69.80500772330367,70.58201766679606,66.38258683058129,67.68559839831259,68.14251580655954,64.33170749277032,68.15847849810444,66.88471918809753,68.44173411577701,69.6425309855954,68.96905086334141,67.33997630956101,66.83989313498975,65.03612348234755,66.34283909973666,69.81149178009956,65.21375171027398,70.12398522021574,65.99508861718057,63.51522253581587,66.21183668348836,65.81734323068488,62.505377243022444,56.61307324406441,69.34687149842176,68.79129850170976,68.703150841851,65.94568255076183,66.44008551960603,69.45553145274351,71.71309749685219,68.99109706871089,68.76168737149658,68.63086004822416,65.23409664990652,71.62439218784674,68.47241036165674,65.5537051731178,66.23486079607282,68.81747188908722,68.5171426069643,65.51709053490973,67.34257995609087,67.70358355013342,66.73240822128847,66.37573085776657
1610555721.51RNoQUMP19FTMS79BmA3JkgSm2IC2AQuQ,64.14554433619632,43.720495840252326,64.8377558918827,55.459326974916536,63.90188174660136,63.1521468812933,63.02859810516907,64.5082216254239,63.27365969810318,61.36295556165334,58.14234285761125,56.72961915540636,59.005928092936834,63.34774832028329,63.3445149589468,63.32763058854827,62.883356537009035,0.0,62.32783281763509,64.55863198447577,58.98091123902987,57.91239074786856,64.33394847475044,64.9853635583856,61.342942585729794,65.48590505827622,62.58857381944481,57.2814054363865,61.365484302741415,61.340446985736556,63.6609875516508,64.45123799075208,60.848496755163524,60.89311478598491,62.21956698893707,59.911835384458584,62.06502228405712,63.75820448964461,57.48939814479612,65.13301587499869,59.199065337358746,57.88216217902177,61.263142848463204,57.05295258113005,51.36158850446048,43.85632147760175,62.78147014509618,63.58073428489078,63.05321889402651,61.54543229961488,59.883546646715665,64.59441094203899,65.70020816564762,60.35553076075181,63.97887417235789,64.43546067897644,60.28310343795748,65.80618227287462,61.665087884526095,60.46709420592518,59.38168114686813,62.40275174687147,64.34858453256642,60.39549520571059,61.26245252109174,61.13767771164648,62.72202316636685,58.970115470391114
1610555971.86O0cHB2ibBJ8jxoObg01EpGe8VVV5mpwn,52.71230093744941,60.38102767741575,54.003762734277,57.94357843545867,50.3659907046488,40.107785192617406,53.241890155981444,54.46844531288888,48.281478673680425,61.27649247051472,62.784176858297585,63.00355482466524,62.45888588735555,53.85132223053828,66.94174615319768,62.29874478798293,67.29877723731333,62.32783281763509,0.0,62.86593611902458,63.47822989491325,65.1591740520544,53.577045723045515,54.63089215662776,56.73408073598829,45.922711729133155,51.217259989421365,60.21418076698878,64.47769304730882,50.11345681167221,61.24100029971974,52.764424149236106,63.03864132596251,61.307504289626706,61.585915410928756,60.879619147515925,60.285291311007384,64.08588338372313,62.140776968057374,62.237931119300896,61.157902373199065,64.79780697461491,60.06564781825108,57.9446043601176,61.117434211506435,59.22832228542216,60.335331099669816,55.79082628688683,61.852351742076706,59.5082164417641,58.455587132055726,52.62222943812536,65.90881480647121,67.46194997943688,61.735766277820275,55.08104818146515,58.38637768544924,65.65139605540674,58.75824699390208,50.97882008487352,64.83452875480938,69.03727657151077,65.15013766155815,62.58911354031081,61.26545173725516,68.3854810526325,59.79424814454193,63.92904828774206
1610556911.51zU3duZSGpcw1BDNsBLxdOCITAXwl6z3i,58.93224751031607,61.458949184178294,59.60546286054005,57.98316295371268,61.28260537891647,62.99487508717827,61.4199157891577,59.6796915414395,60.33340050176399,59.80910412799574,66.7226276968163,57.71096193215984,62.72707542930511,59.986002762332895,69.99663121562504,51.65232364494788,70.08354061117387,64.55863198447577,62.86593611902458,0.0,58.39213878735606,68.90488747562013,60.9819527502031,60.121131610447925,62.82098923276589,65.5740269914058,57.138169901044975,57.04273375765983,63.39921249580462,60.238647583763466,58.32808759503789,64.44540189100935,60.93573419409226,55.634593807604,53.63974816740314,56.64162344839348,52.319356109676406,58.08555669940854,64.93913420702032,65.84812457329518,58.743904483027585,65.1259712493557,60.78730751145079,58.186106901898484,62.131443799762955,63.27755015940258,60.69325831208247,60.132956264714636,60.438137178228146,63.002266553325086,51.38039053028787,61.50349332311203,68.1308983045282,68.59168529263727,55.005051238219686,63.5105927757922,62.76116952895468,57.74546197110655,53.57002489066612,63.261268652543905,68.44634833763165,71.1157775835124,58.7950651656604,68.16389843044487,56.76250449763352,71.56783398541386,61.79752775136359,67.24717564996594
1610555988.71dMoYT8250UHHJGxgmITTmbHe7V6gH1yU,64.47077066875312,58.9173396742667,64.82336141785659,55.59280657066824,64.58856173873116,63.37536689189017,63.872649099568896,64.46648134084194,63.56996820724215,63.69524266824523,60.11916232487768,38.57872214962626,64.69149712505845,63.5300862641345,67.12717918428781,58.840628519056786,63.97931852872294,58.98091123902987,63.47822989491325,58.39213878735606,0.0,60.54457521797656,64.68173087983959,65.03639384664994,61.55526035211891,65.21414042750968,62.994753983136185,48.35133856080104,62.205774394577965,63.254850005552306,63.56538749802545,66.06866678388619,64.05922115665086,60.089090240858546,52.89313727077063,54.963875934797535,57.04267172727525,63.62894589857321,61.55695081162353,65.39884986500059,56.989654239510735,54.84054844585731,60.667549756725116,54.01628804931259,59.907539426433864,57.29506939968757,61.70052492657318,62.597680418116155,64.77786708222634,61.40038601006841,50.49826513177248,63.25244691017029,67.2700389294525,65.55616148769414,60.75506125671606,64.54468724406293,61.91080767933513,54.32708085108673,55.43600805502751,62.337984628334134,63.908872275494126,67.77847151827228,62.652730578175145,64.45182149567451,60.84211107228333,67.02130074554597,61.140327034511735,63.165845053705326
1610556042.81mlUZsSp7gbGjrp8jQSnybT1gPy6e62o1,67.94538515757421,58.072266668835844,68.56868689959526,60.839179015720376,67.34101004024245,66.37831907751347,66.51397794836771,68.30779958672315,66.94228759546391,66.97930197645529,62.3871208210863,56.80403981134141,66.35913226756617,67.11442657881535,60.03626859509734,67.05501614593538,66.51355434840355,57.91239074786856,65.1591740520544,68.90488747562013,60.54457521797656,0.0,67.69725810531317,68.80607900758355,63.99924822804809,68.15190183192433,66.35500129287648,58.41102962433294,65.9922128747658,64.02554034477741,67.53137773814693,65.37981811192861,67.12372749612516,65.39651629861027,64.92505838583152,61.838397327219326,65.05735391314353,68.28984331604299,63.02211699927858,65.78359099327696,62.52444143008146,56.0379039335811,63.50585935063244,61.978409598883964,58.858958199961215,57.1387667101213,65.46987730904696,66.68807243281874,67.57388892366961,61.966666008541615,62.814392389028995,66.06895433441872,68.38422132962522,62.340404142790746,67.22016887125157,66.79251439671546,64.20670111288713,67.52910875346116,65.24915242556385,60.865710542764795,58.42436418231649,59.275760521261844,68.43764607123713,58.04430695625888,65.5116825812121,55.74256106381994,64.21439305010153,60.07120766913245
1610555637.02UBW5nKvDyUrKnaWcYRGajZPxTRDS0q3N,55.10817210525121,61.3161690529321,55.61727793891387,60.271589985457496,45.09367428693225,51.99192696628407,53.65065621684624,56.281162291345034,53.13813724942778,59.81410254195983,65.78976266454049,64.28953197593371,62.9098531745226,55.10724976271024,69.40038398310722,59.49684465467403,69.80500772330367,64.33394847475044,53.577045723045515,60.9819527502031,64.68173087983959,67.69725810531317,0.0,56.55677008210083,55.120333408503114,55.17415501966214,43.18716037676822,61.62958813013515,63.51472730650271,47.367570359277295,55.77579703855773,49.85001444425454,61.335101732537616,58.78472850490209,61.17535954467137,60.77909449567279,58.408698268221215,57.33583611817352,61.68314623008262,64.79420325436146,60.015104175319564,66.83913169145445,61.05148105295865,60.76247959072387,61.64864224739211,61.487498411730996,58.30340245972395,56.41829260872157,59.48144738481667,58.474644141347376,59.51090677479198,52.785940841347134,66.81981670399512,68.45405764732557,57.91974833798984,44.57055480403664,57.53318374055138,65.416418593429,59.98721281223104,51.5717187725981,66.77125812774034,70.81295694300697,61.69379541941706,65.92123073501848,57.85274107117245,70.28658856948648,61.007345178522506,65.6947278894724
1610555619.13oUYNikU4facCTpUSiSLr0vPI0tJLnXiT,29.111146621319904,62.22206237343732,25.701383713208834,61.07696727181205,50.693409673003885,58.67427430074262,46.02665684273224,20.41242950834395,42.63141950543022,60.134472010116724,67.72124982163363,64.04899580318296,62.57040381890141,36.91764462634787,69.1859784002576,61.09363991724604,70.58201766679606,64.9853635583856,54.63089215662776,60.121131610447925,65.03639384664994,68.80607900758355,56.55677008210083,0.0,59.97835611250449,60.974726976125595,50.17149867940531,62.059868875777255,66.51244454931211,50.48503555907491,60.36379928795194,54.33252809489485,62.18592808673785,61.81415748952822,61.767659408771166,61.88718405182927,60.40471159239539,63.96558126742722,64.37965256720689,64.51329741725733,63.03613568003608,67.48367638936466,61.952115425530046,61.580117738075494,64.39655964552722,63.58276712527141,62.657793841282974,57.15466331211193,61.222215299733435,62.42976004900857,58.18766403763149,55.54067046122327,67.81097273378323,69.50978056691602,59.7162933117278,59.7964361685846,62.44600252381888,64.1341227281698,59.15918698168564,57.06854723954452,68.49261285781442,71.53665969947222,65.42799996705038,66.97534581243498,61.213682954195704,70.99635009671452,62.45152671257775,67.22523188347053
1610555721.03nzkucfjAUh31zTbmCVvTVYqtjoxZFnBh,59.20527635018188,57.6598607522769,59.54323837563936,60.28436191290896,56.79009816918694,56.737139376866715,57.07436653786254,59.57618494608086,58.53221146876383,58.88275070935659,62.757660255710945,60.91463070481191,62.73506462671619,57.90445318076019,65.66522978898489,61.343361144378726,66.38258683058129,61.342942585729794,56.73408073598829,62.82098923276589,61.55526035211891,63.99924822804809,55.120333408503114,59.97835611250449,0.0,60.20981277305627,56.12846478387084,58.82311143754893,63.69847706736684,55.03799906875175,60.640975687257765,56.28619807830371,61.54812095667113,60.12984932830396,60.63009491621954,60.78040624421859,59.13275594788064,61.63140815002774,49.707732635098054,62.920450068134585,61.35496242812117,63.4633167705695,59.128895045039954,59.94992434373476,59.78415408880312,57.01494951101807,61.0804316350148,52.43704920275652,58.48015493859357,58.67046726383482,58.58215156170073,57.13579120613735,63.594740280587345,66.0553687145123,61.695978685860084,52.3145938908188,53.998340381455876,64.85845008033242,59.54999964761382,50.409253212608505,62.858295353349355,66.96774895486472,63.596731359760604,61.066323570454585,58.30157802523109,66.69198658892995,58.34475270522565,62.50984784456389
1610555722.67fhKURdXVzRbLIjXmjRwdJHTnE7PWb1AE,60.09929161072969,64.249203391238,60.531568841735314,62.63204592834491,56.48638712071115,31.19604549216587,58.23812384591353,60.58671142992256,57.013582941461166,64.68858348909959,63.98940410300102,66.37525898604889,65.77979233179937,59.189659651750006,70.37406942637163,65.57209649265366,67.68559839831259,65.48590505827622,45.922711729133155,65.5740269914058,65.21414042750968,68.15190183192433,55.17415501966214,60.974726976125595,60.20981277305627,0.0,55.476595601980904,63.390006739301,66.81525973748172,55.81023542004255,64.27643391776095,57.463036095471004,66.14955011626633,64.12179546972223,64.69502545147989,63.93106259044251,63.517788167196244,66.64676634209863,65.30554265586409,66.51598358892787,65.14511236334471,66.89444553737634,64.14118976837513,62.53309150019374,63.33432145273356,61.140762091061006,61.00753500863036,59.48027796012046,65.48668589055526,62.82513440772593,62.25910884837086,58.489434364147016,68.4295939351762,69.56336038710889,64.95722819020429,55.742749116847925,61.71579566045847,68.39508753048288,62.571149446038156,54.510090168592285,67.1176470666998,71.47090454501712,68.22743139989389,64.71824860779685,64.58097405324648,70.67386714187137,63.90943228753415,66.3222822867361
1610555638.39J2ZWBLuLTHP0jOlzB4tNHmYeijH5g5YJ,47.67424057152697,59.38178706942327,49.25286515886009,57.763467598984874,42.20450804734093,53.09741662315872,50.62847218278132,49.71618989477996,46.83557775434519,57.26498639533974,64.36964650757497,62.40893721629827,59.820850988845564,50.125330990436765,66.60646056938809,58.417422132328575,68.14251580655954,62.58857381944481,51.217259989421365,57.138169901044975,62.994753983136185,66.35500129287648,43.18716037676822,50.17149867940531,56.12846478387084,55.476595601980904,0.0,59.923995107833925,63.1615604586935,48.76407542321479,53.60121629094981,50.00475442801868,59.59013849398269,58.48121233000588,59.48059578221017,59.32695913131413,55.70840266494967,60.62947690616146,61.22862994432747,61.64641348365195,57.31999450868608,65.3272994925311,58.51819903235889,59.22681189514922,61.42530943269063,60.83167262249918,57.31649764221587,52.001155181117866,57.320917723914505,55.34131218656682,56.814764526139236,47.99901469995662,64.51382596761489,67.27613400352448,55.97000464455687,52.26941125260561,59.6799610689443,63.8255280700456,57.22881216029987,52.91911107220156,65.95505966776186,69.4047767987364,61.78679585598203,64.2477846654575,56.48853719148559,69.16309363259464,56.34576974613118,64.78114999670423
1610556032.17Q6yCDx9g7alRnL9jBFXD2JhhUyB2hKfJ,61.603410637255486,54.686083291298424,61.653435145195964,50.62480922852804,62.09430321132197,60.41870955076117,60.68705432659793,61.6578111303222,61.0844299432399,60.30151560331577,59.43427739245672,46.71523706551935,61.02176435927281,60.98246610340776,65.88602417190108,55.16904080895599,64.33170749277032,57.2814054363865,60.21418076698878,57.04273375765983,48.35133856080104,58.41102962433294,61.62958813013515,62.059868875777255,58.82311143754893,63.390006739301,59.923995107833925,0.0,59.685022827395294,59.55641209701636,60.562622038225065,63.32507628835629,60.41403684436136,53.25879963730428,54.06485162372338,53.74013721238662,55.13325499784742,58.06009732921037,58.384200866621974,61.92305429912916,55.54758595217043,52.498840805172826,57.804664726093755,48.466397321470126,58.260316475252345,54.56928357399653,59.28508448789623,59.729195405750545,61.14461330950778,58.49990303786678,45.5183034868663,60.66314954743926,61.99399811983393,63.24947776510301,57.99233535589206,61.7925159038259,59.09025581204935,55.21483120226932,48.54043748886727,59.11961763845512,59.36810482651496,65.53740789704015,58.62906038912265,61.299393627350334,56.25639621257767,64.26558353361104,58.43099928869409,57.64490462252723
1610557007.49MyVgDnuUuBxrvL6SGOdhKf69VYlW1MSm,65.90294082840684,58.242592761436164,66.00717792433501,57.762098459464234,65.43148940213098,64.28010481197101,64.67243590308367,66.23235906194827,65.44054926458722,61.864739043897664,64.037042589563,61.9798515469329,62.852234054517005,65.8218931243157,65.59020991017034,58.14798480346303,68.15847849810444,61.365484302741415,64.47769304730882,63.39921249580462,62.205774394577965,65.9922128747658,63.51472730650271,66.51244454931211,63.69847706736684,66.81525973748172,63.1615604586935,59.685022827395294,0.0,62.53099566366823,60.94358760856507,67.49386619215642,62.28920008222165,58.566426621263254,59.41705350211129,56.91517733271904,59.227706641861715,58.424209773927615,60.41174675256571,64.4091783666651,56.040382428559816,63.483884478105914,60.49437566306668,55.118392491061435,55.77268962250788,58.14295212406799,63.41782888358326,64.33248081722459,63.21021658705591,61.83235282678306,59.59388191052494,63.58153995306964,67.57746902180952,64.92997117043198,61.928478956822886,64.0063173378403,63.3230250002089,66.2675365190707,60.949563296876704,63.635514861781104,65.66236559027871,67.27854862682055,61.08396719686979,66.6766612358582,58.62138846227225,66.07318000183034,62.21932663610742,65.11674529117116
