,1610555604.25mOvVXuL01OCiReyVWBfesjuvXmB3MoPy,1610555605.43B6oDsBtWRQ29Q9UMQuTUEPZy3FSSWXzc,1610555610.92HPGJJSmyPM40z7otPBgHalNrHFA7zk5d,1610555606.68LaSQbm9EHAFycEfFtEqAwYqlBsQPjIRW,1610555617.19EKxMEwDHfXiEJZc27TsGoERaD6Da4BZU,1610555722.52PJ3FD50MGhRXyUD28vluU8Z9UjLJLZn4,1610555617.52Ijr5puT55g9apK8auM7zaxa3NANg502t,1610555638.77ZLjTLkz4jYJdFMI2wWBztzsDILkoOtAk,1610556912.46C7tJPLF0XfNnm8f1820X9aLmXMHoc0Dw,1610555617.51LjzIROg0aeCP2GhDcAVQ0LipKJB9jmKc,1610555608.17OpjjHobqRkX0UPcaXrbu7K6L3805SZri,1610555721.82zWeNZfGUUfRJkgnAwlP8VMhPzXctnSd4,1610555735.75bom85BDF0C7W2eIseHeMxi24qR68nzMi,1610555735.77NnT5xqKnwcf2BbjIekeb2arTQj6QMNwk,1610555638.33wjf1PhdNaoWfbRzXVn50hmFyB5bYAiLV,1610555606.65jCE4ig8Pu8kvAzkxnSGfWsV0nQBjCf8H,1610555608.18ONsBCVo1i7BrX0XG9stct4oiA6ejX9Oz,1610555721.51RNoQUMP19FTMS79BmA3JkgSm2IC2AQuQ,1610555971.86O0cHB2ibBJ8jxoObg01EpGe8VVV5mpwn,1610556911.51zU3duZSGpcw1BDNsBLxdOCITAXwl6z3i,1610555988.71dMoYT8250UHHJGxgmITTmbHe7V6gH1yU,1610556042.81mlUZsSp7gbGjrp8jQSnybT1gPy6e62o1,1610555637.02UBW5nKvDyUrKnaWcYRGajZPxTRDS0q3N,1610555619.13oUYNikU4facCTpUSiSLr0vPI0tJLnXiT,1610555721.03nzkucfjAUh31zTbmCVvTVYqtjoxZFnBh,1610555722.67fhKURdXVzRbLIjXmjRwdJHTnE7PWb1AE,1610555638.39J2ZWBLuLTHP0jOlzB4tNHmYeijH5g5YJ,1610556032.17Q6yCDx9g7alRnL9jBFXD2JhhUyB2hKfJ,1610557007.49MyVgDnuUuBxrvL6SGOdhKf69VYlW1MSm,1610555638.44hjT5hbYdKoE3MB6hijrjqbjmLgvCUYKD,1610555608.13zUvmFSCRt6SsLbhqFznMEvGx54GPGQzM,1610556038.62a5C4ynd1AARyAhTv8a58NCqHvXRjscqH,1610555644.45Xse8u7pusHNsd7F3d0A32HXvXr6weOJE,1610556038.62gKXOCG7XCn55eJvyl5voNjbwOW0znQDq,1610555987.13v0oleKK97pkesp6oMgprH8SoSdoDVdIO,1610556964.96ZLLeiQW0qpmxhPGTg7K03fmzkqsC2bjC,1610555987.13VQlEedQ50VvkPMEMzZDv3KNnQCewykN9,1610555982.186TY6MMGkDecIN1woW6vsfAMXVV7jnyjO,1610555982.673LuMndkwkvdmZOn0MmE2Pkidx0FtNalb,1610555733.38zItcuH7gHNfKdALR2d9Nek6bxCyw36Vm,1610556034.15BQxSbZINGCay0yp6RBVlgcPrw76Yn9ON,1610555639.37BPZpgtGml8qUsh9AdV4m32jPLfI2aNFq,1610556965.57S0adAalhWYe6K3bkZU0bRHbqnDK8gGkR,1610555983.54zteLPCMjyrjzPdhHhlZr3faCgD0TfYr3,1610555987.79rHnNRmt9a0ufmnwCvZqBouyUoZDNpylW,1610556960.041xWER61rmArlsKfiMl4frikWmUCnQ7op,1610556035.13a7NHZDutfTMJ88qle1gTYY59Dr4WmMsj,1610556890.456ZBDaY16bMtrTZTqAgHl3wq1tRxzqDow,1610555760.24e6890pkbyZ97Or6croI1rQgjkSsR0yVt,1610556043.02YpWMIJg3W004iqlPyv8OcVAZdSC5rNYw,1610555987.03z05P26TLtONYM1HSzupoc2CeNMa6HTqr,1610556032.15OYCzUxpsz7b10AXBAuDXrvEcvxFhf0M7,1610556032.63Z80yI9pNwS3jSmsDABbuhf8wkNa2Ze9y,1610555736.28eGuESasTXdR3SqY6pHhEXWZtcdciYLCO,1610556034.61bebeZA0MkaFG2sm3VKiqrxeqQginTTW0,1610556944.5XwXOphKYT3ZkWA8gViqOS97VHVuMVUqb,1610556944.745UVLFBzf7fPh4UH37I6tYQOFPqRDytEh,1610556034.63XsUwaFaPZevO1JNFjfhvY4aKNFnV4noV,1610556964.89xwBHw9faT1HjQRMNQEyA4qJ3hWkwgj3k,1610556966.74DydzH91jtyvRyYau47JpVkZoMRSNTt01,1610555740.77UueVziDbaXyRR4OcVJIIZyzOfAzN51bj,1610556046.84e3vwjyRCzqz0wJQhrk8zsxlFfFSv98Df,1610556137.99eoPuVrDThKAOvmeprLPb2FWRqIhzUodc,1610555740.73XFwSrmTXJPlaxGZSefh0jOVA8PI3III1,1610556123.88AOfNaz9jSnqU5Czc7okOv1RCrYfKFBTo,1610556046.85nB7NvyoYQeLcOV391Lmmut1wAM8CFGLw,1610556123.89H4pdIAzDthI7bMXMhlIhKUYIQIvtmPPQ,1610555740.87GOYQUJKpkynIS2lFqppYK4b32ol7NeGh
1610555604.25mOvVXuL01OCiReyVWBfesjuvXmB3MoPy,0.0,62.619963233255376,26.28498074486107,63.48088834535874,46.80396587513397,57.71516198600105,48.64727779493302,30.47958953425744,35.75942294638421,61.410905462696135,65.86981845254783,62.69628803584428,64.86120880393331,43.339856722164185,65.63124761366197,63.899216708649256,66.4979276871705,65.86768967464968,51.386693806526964,62.86285174421553,62.645716643674085,66.29108302273043,54.5101293868732,29.22845300271257,58.56673510501069,57.48063940738918,50.844839289542534,64.13758569261051,65.42127411022079,52.01180020385658,62.51124762032734,53.41272476710623,64.33508837115762,65.84211842566457,66.13402396697684,63.41514298813064,63.8805176492923,65.85621010342318,62.0264822444982,66.21992245346951,64.37454534430725,65.31379757647416,64.22993343088538,62.947335971978355,65.989115283546,65.2358633497783,62.30232598909006,54.56641394342759,62.85646849779042,65.51004118039984,60.11274543235851,53.379308341171594,69.34613375979484,66.07825302965185,60.661969074410855,57.60600312060512,61.9612842390493,61.72371077284652,60.410634964706205,56.221325778834725,68.43398249949472,66.1751120614687,68.09490646212363,65.97034495582855,62.732651704038446,67.6629121765005,65.58597860040103,66.88515398091931
1610555605.43B6oDsBtWRQ29Q9UMQuTUEPZy3FSSWXzc,62.619963233255376,0.0,64.30485318933435,55.81732342922357,63.5628920349516,62.78440843106041,63.463889284719585,64.89444010932166,62.57412421098479,60.15564569846359,55.814391877067386,57.429527050791144,54.29469754317565,64.62336246105407,57.35006776971842,64.74012087973206,57.34893774372257,40.91372360032855,62.21179282496641,66.57695501656073,58.951427248630914,55.56041992503051,62.70095105501018,64.67815915664147,58.119344733871785,63.726167743346565,64.6594929100132,60.85397045926013,58.355223807960066,60.97039879283496,63.953524047613,63.16530238283031,57.574674223247534,61.855931046327406,66.66165304075666,62.71474899103145,65.00395411686657,62.1727906406222,49.29273381160142,67.57658066327764,60.010859738941704,55.960838106855,63.38692600785869,58.7149255882873,52.130073621932056,41.130900007610684,62.59451078210374,63.59585075292124,61.87902034133128,65.0563457636611,62.177049409426374,63.42635261623491,64.42797441077184,56.15424806826912,63.46636878381133,62.736929069176746,60.916572393134416,63.15615092934366,63.94830192028042,59.84504040220184,60.9001487441004,57.621099034581825,63.72804555331948,59.61553714066045,61.083179096807626,58.185516208602344,66.38097454667933,60.69612615399852
1610555610.92HPGJJSmyPM40z7otPBgHalNrHFA7zk5d,26.28498074486107,64.30485318933435,0.0,64.8207431767292,48.54712620053528,59.15234424920927,43.89085666886802,28.93742259112744,38.88888949730689,63.40621085194621,67.03391981756347,63.835674213493306,66.4605658915095,41.15785502893713,66.9537188789661,65.37647548913581,67.792895066765,67.17495936580619,53.10046775757075,64.47161535859145,63.84900347461146,67.38571264406595,56.01705310676453,26.645199393244592,60.03704857046498,59.10923395106984,52.744143479747684,65.29977073469793,66.5573582197288,50.932116419549494,63.82080792145581,55.90916898309995,66.00743313372546,67.41125858558797,67.46914039136766,64.57276181112626,64.94761286795199,67.35178530450386,63.41706411868256,67.48340212357903,65.34316375313611,66.77283898348911,65.49125152774224,64.33157459656742,67.23386367352633,66.4194025920544,63.63647204209674,56.70327237208457,64.63165445298306,66.76178784806146,61.66392518829139,54.88781101769344,71.06393437762385,67.58620194523243,61.13432700121388,59.329688432565604,63.1824724739054,62.58931529817471,61.98665760974896,57.109560111974695,69.70300687241065,67.77290385999278,69.65343797198803,67.61995019070913,64.37423421867811,69.23690612674365,67.04305216746829,68.17036592546664
1610555606.68LaSQbm9EHAFycEfFtEqAwYqlBsQPjIRW,63.48088834535874,55.81732342922357,64.8207431767292,0.0,64.61102111403486,62.53206570897349,65.97848526967805,65.64704114480487,62.98951172470457,64.75251444983046,52.46270248507392,58.018714667132514,66.03539997994444,66.00287185979343,61.87895713023421,61.36726349567054,60.7532231715467,60.06859766951199,60.97497088983972,64.223450053903,57.349977834441255,62.44516159141568,64.06356152006535,65.23053893376371,63.31424513570118,63.61884817603753,63.88731077222464,56.68781509928686,59.949921143086485,63.70677480293109,62.41299401418779,67.49221292576543,64.43794661879987,61.83175671214738,59.93169315430415,57.63738277604324,60.088950669720184,62.27131582724195,57.51423406447398,65.24463428187978,52.91522374405647,56.00179898813353,58.380916450721074,53.06795289943838,60.21926578276383,57.01013385595881,63.42798608649066,63.5923600174765,65.5255483987137,65.90358154397614,57.145221850412455,62.09503043917741,67.73077540640884,61.50179768126004,59.53426365791084,63.84793141866518,61.692734636334194,60.783372737712114,59.737789209349366,62.660449363996335,61.98784372881074,62.54327259388177,63.516497710891166,64.3227147013419,60.467984657097325,64.19563060809365,65.46421916417474,61.50476685936259
1610555617.19EKxMEwDHfXiEJZc27TsGoERaD6Da4BZU,46.80396587513397,63.5628920349516,48.54712620053528,64.61102111403486,0.0,54.689167819558755,45.83846610205306,48.97945295290409,40.05244918585815,63.200130891819846,65.71079186070712,64.44507420487389,67.39967727648607,47.94395338030417,65.9985959105984,65.43362267857742,66.41504586445313,66.34457440684265,50.894096086678694,64.78985080764544,63.404880246649896,66.24085530926337,43.98528432932379,49.12622197026452,56.48183843712325,53.60469574875918,43.60602461769816,65.08882838142513,66.04352992083187,48.25816789245154,61.515558885131696,49.43314719408986,66.23106541340299,66.8938225038837,67.16732296444675,64.17798373013467,62.742805230051026,66.29334471827812,61.55793901039559,66.39158012819463,63.43119632443441,66.03286415831855,63.839178304976976,64.1581494295934,65.96655225446641,65.15488452575654,60.700767199291604,55.77295007499986,63.29962508227323,63.02078009567114,62.55271291273605,52.66951232225695,70.40101667476785,66.60099685575618,61.294539466740325,52.712048363297136,61.32591043430157,64.07699616422906,61.67648743864555,53.32510929605424,68.41797133738905,67.45541764519477,68.69898635515995,66.16233134730581,63.31602585345601,68.06402599570926,64.92530430765432,66.79147395320813
1610555722.52PJ3FD50MGhRXyUD28vluU8Z9UjLJLZn4,57.71516198600105,62.78440843106041,59.15234424920927,62.53206570897349,54.689167819558755,0.0,58.659020362963005,59.33569660377764,54.408430516419386,65.40507569571929,62.53095751562512,64.71609409294395,68.22890783736322,59.01916094005742,65.77071322273504,67.64398717955491,64.88332982585722,65.09758417955938,37.75575631533675,67.36127567972464,62.77714702372556,65.56321949849541,54.02799623831465,59.23433272225417,56.3562458385572,29.21794154603977,56.46516347772403,64.12723052577465,65.60265221901616,55.549942721495654,64.34743088852034,55.89373370385741,67.35614637800408,67.19517306634634,67.48052578547542,64.73237355310046,65.18563171363986,68.17935235989424,61.18467722933766,65.02283252875786,65.74695393080842,64.52248671346463,64.19957994267321,62.30201352451298,64.84996199623491,60.886977140932736,59.65819428812321,56.77342183911181,66.49672774802093,64.78161957527585,62.255326527889764,55.928091057727855,68.53022224760855,65.9220784486053,64.8718361317825,52.86334581322082,61.11634770687253,64.58457748770255,61.988250265943925,52.37158180257518,64.38712111527227,65.302096155975,70.51109436248042,62.636448960051695,66.19880991983338,66.06273422486574,64.5900538142216,63.39222007608704
1610555617.52Ijr5puT55g9apK8auM7zaxa3NANg502t,48.64727779493302,63.463889284719585,43.89085666886802,65.97848526967805,45.83846610205306,58.659020362963005,0.0,48.82219946603071,47.23339364920227,65.860887836104,66.95927832939044,64.44611883913824,67.64969569802757,42.44344453542553,66.62740165714919,67.5310531442722,67.6022048872956,66.88485907126767,54.83156195111991,67.95631976709363,64.59128578232429,66.70372598226572,55.41744664159724,47.58959234214705,59.76187989422886,57.56641131682605,55.077352215898486,66.146847488307,67.75104635710268,41.59179972160726,65.4889259214692,53.78973657088697,68.11004424517812,69.13469031839487,69.41626141305936,65.68511654776746,66.56859441021031,69.08555656151275,62.48709481942423,68.59125310237657,66.58975204089488,67.33833850654949,67.53779803693739,65.76482235787448,66.81477680368103,66.19143031130186,64.25855904934525,58.95847060505978,66.35618150039912,67.03412410874338,62.778871898610596,56.1436108037124,71.76530247476252,67.95477186309263,63.69079968223334,59.85361767659873,63.7877213042347,64.77935601448132,62.5558187304685,54.48799951271186,70.41837584425177,68.69986338032925,71.44961797786075,67.76270189258238,65.9958265602009,70.13309936206065,67.81846678204099,68.84125834598481
1610555638.77ZLjTLkz4jYJdFMI2wWBztzsDILkoOtAk,30.47958953425744,64.89444010932166,28.93742259112744,65.64704114480487,48.97945295290409,59.33569660377764,48.82219946603071,0.0,39.96236740859221,63.97389190588475,67.6042557951834,64.73442731212816,67.24920966659198,36.704280241458285,67.1478947455248,66.25442111251266,68.20356768316387,67.71877144228719,53.97473474706013,65.33032943826194,64.542066889857,67.94096792959162,56.66615982942182,21.860400931147574,60.186120505019296,58.903836791743174,53.18446503963282,66.15831496025089,67.40591681912893,53.39142197999431,64.74015363132744,55.749488044180794,66.50961079034577,67.91306634554495,68.108538443032,65.34871054574202,65.6222324540386,68.0393179692487,63.83381683828254,68.4450724029565,66.39191669177272,67.02021847369973,66.47353823361539,65.2903596261906,67.88077036593674,67.17798411167732,64.74873393076774,56.836885759638434,65.10614828101176,67.5610779579806,62.63657007133431,55.54839958806643,71.68796158914168,68.1701262567894,62.28736747960567,59.788793063448495,63.636173273330606,63.54319548662087,62.47212539373775,57.34526508988941,70.07066748647912,68.4669586612588,70.04470786200879,67.80352450099461,64.87474009396583,69.70743211713311,67.78718243881347,68.44408700108538
1610556912.46C7tJPLF0XfNnm8f1820X9aLmXMHoc0Dw,35.75942294638421,62.57412421098479,38.88888949730689,62.98951172470457,40.05244918585815,54.408430516419386,47.23339364920227,39.96236740859221,0.0,61.67614298216833,64.98314163732557,62.25037773616805,65.45495521906946,42.55023614043062,65.08847512211256,63.794283552989675,65.54619586004546,65.00625035010253,46.9178844037864,63.01404319592601,61.34001354087274,65.43735132536945,51.282049010794765,39.345080238388384,57.28979280667297,53.63739523518239,48.23629577018598,62.986821163044034,64.79022823312425,50.42306658265578,61.64744825740298,52.35436645990107,64.87023720891715,65.26497038263719,65.0118346114099,62.49046358567867,62.720381413950854,65.58426656492087,61.5314561197439,65.51510265349413,63.740182696216124,64.40291062238234,63.212809192951156,62.31178903947957,65.23076058829504,64.37133302926321,60.25302012086887,54.14466323453835,62.80916069539718,63.60916950127699,59.918794682465155,51.95404607068531,69.13058161264877,64.86566608889399,60.22296550235887,55.168448071858236,61.043033132254656,61.21162790856181,59.91877424244588,54.24969855166174,67.47877693941753,65.7680129033554,67.79330427013541,65.25002463659342,62.39439224338153,67.24291799545203,64.47707108158679,65.99378199125209
1610555617.51LjzIROg0aeCP2GhDcAVQ0LipKJB9jmKc,61.410905462696135,60.15564569846359,63.40621085194621,64.75251444983046,63.200130891819846,65.40507569571929,65.860887836104,63.97389190588475,61.67614298216833,0.0,67.66514950799494,66.24256273583694,53.99105155555479,65.11802155491878,68.35877012115446,65.19255245711034,68.69271706234605,66.03537416288684,64.28579063190789,65.92556537508413,65.9321355162831,69.36539900845796,62.32881272825357,63.54520183040482,61.28303170583581,65.96358437941274,62.871641458575546,67.36850509521955,63.94454344838339,64.33670719565856,61.65811422031135,67.08985351853092,41.887023008935465,63.551030070449855,68.23841297143649,66.68093960692396,65.61455986061023,62.920283607562645,59.685649653689275,66.96320287790631,65.8483707106028,67.39425910649757,66.00012288038059,65.89064458848702,67.10572209951685,65.2653319118617,63.43865190030533,61.329078786378574,42.15322386961264,67.95033691559483,64.22697887612892,63.00138671025301,66.93614030127509,66.93801516895812,63.181717573232945,65.1151413463715,65.0133401422271,66.19102095640756,64.58868545010608,65.00640970584928,69.48597091421175,68.19723989489214,64.28548509225077,69.47300404228837,53.784569858529316,69.66384421655765,67.58657987910999,68.52750875637386
1610555608.17OpjjHobqRkX0UPcaXrbu7K6L3805SZri,65.86981845254783,55.814391877067386,67.03391981756347,52.46270248507392,65.71079186070712,62.53095751562512,66.95927832939044,67.6042557951834,64.98314163732557,67.66514950799494,0.0,60.373612704182534,67.10311820039801,67.40931109266667,58.87477187912854,65.14500313284456,41.892757412265745,55.38426717611883,62.85554766572558,68.23146369152545,57.843910562372216,57.15739843392693,65.47639658842148,67.23073633838665,61.250967419656924,62.35786100463729,66.74029441743262,60.85705079997671,61.90398468735081,64.57497024978306,66.11278516461154,66.16993194131602,66.8166699773086,66.02917897016965,64.43253666836158,59.689580117602496,64.74147744148532,66.83866981273476,58.77779438538196,66.81452273573456,60.54093558581358,52.69714310375949,60.95294978371429,60.13617270672665,57.75166575126045,49.35171581851523,64.50652733534191,64.92660347658051,68.15001832113984,65.24297815955923,63.40651744407122,65.18672837305093,68.29333706128197,59.39559867574743,64.88342530805957,62.85138501524074,60.322210988279075,64.2590482504547,65.62654765428337,60.371021926629105,58.43161906155564,57.92521790505726,67.13932256179703,58.86225439469799,64.97791796811082,57.45327195410504,65.79364316235056,59.35379419954805
1610555721.82zWeNZfGUUfRJkgnAwlP8VMhPzXctnSd4,62.69628803584428,57.429527050791144,63.835674213493306,58.018714667132514,64.44507420487389,64.71609409294395,64.44611883913824,64.73442731212816,62.25037773616805,66.24256273583694,60.373612704182534,0.0,66.27678169833926,64.56438699151816,62.36301579628146,59.917318769890656,62.53749224518058,58.63015472340992,64.48667106271807,61.45937382943085,36.886091716675345,54.028797065133666,65.20731651360673,64.08330114380736,61.0414125231009,65.2702219084173,65.32547762177474,48.88220333512425,61.50802179594423,63.87725554030808,66.17731974472528,65.67880456316513,64.80704900260851,63.52720880484792,59.83855300395175,56.560850904728746,62.0611719120942,64.29305250560172,59.03226381701827,67.82908770648599,59.36298249263419,52.440881181617264,63.38911222211115,55.34427246203387,62.467193132899496,60.524124447513756,60.900684041893534,61.78887064720747,66.86900508088068,64.824268953044,49.524652924575506,63.57155471972877,68.52298753514084,61.09837485710248,61.99375760045686,64.63096898865777,62.58266294256339,52.523391977331684,56.33926766123875,62.85330944791357,65.47504726195811,62.78587887742954,63.097356303275404,64.73123451172468,61.99222179140618,64.39892774382054,65.3956395564175,64.70343741071844
1610555735.75bom85BDF0C7W2eIseHeMxi24qR68nzMi,64.86120880393331,54.29469754317565,66.4605658915095,66.03539997994444,67.39967727648607,68.22890783736322,67.64969569802757,67.24920966659198,65.45495521906946,53.99105155555479,67.10311820039801,66.27678169833926,0.0,67.94549477313926,65.86342879121891,67.94664109733044,67.98699765355714,62.75017058792224,67.48104983615916,68.69885622528248,66.30712327290095,67.53074777702724,67.65399228241384,66.77937835194652,66.3422110728327,68.44789307711001,67.55349204872283,68.31966483526246,65.21135533544711,66.95006584053688,64.46518706861484,69.09874786640663,39.2169940150567,65.19714579973429,70.63268045382057,68.90892754245523,68.07681085213103,65.3371117720425,61.18954141464368,67.83440258869072,66.81953465370981,67.10200331759621,67.97788923190348,66.61903372378704,66.08163320247004,61.64780528247066,65.4022909154832,67.50629925642927,62.081524052831085,70.07889565797082,66.4629405826675,67.28069913239098,66.86116729805214,65.0681223428408,66.21072544347895,68.89665702461228,68.74929886471247,68.02024517254932,67.76923942800335,67.58775837488767,69.37512845004967,66.81242808037146,66.88168345478773,69.7142879882575,63.79876177912213,67.99456722464953,70.489877581917,69.03345579478962
1610555735.77NnT5xqKnwcf2BbjIekeb2arTQj6QMNwk,43.339856722164185,64.62336246105407,41.15785502893713,66.00287185979343,47.94395338030417,59.01916094005742,42.44344453542553,36.704280241458285,42.55023614043062,65.11802155491878,67.40931109266667,64.56438699151816,67.94549477313926,0.0,67.0683020941872,66.81243087569679,67.57522157336886,67.44797535877537,54.49617200712647,66.6053811508583,64.56789588966441,67.2833195830405,56.23143312614626,39.023945420898514,59.873559335025696,58.2461715330836,54.165586293386454,66.31659304121533,68.15127678860584,50.23996005221208,65.07498741009519,55.73035171120489,67.59659445821791,68.6508250630047,68.68464183983026,65.77565940346769,65.77121317971296,68.68534672808475,63.899272164673384,68.75469876270648,66.70477655477647,67.22745685912787,67.17312049513052,66.02891964089271,67.7548335141727,66.86222696788815,64.69752611956609,57.90872219939389,65.66200828749096,67.2799857150555,62.80473908069832,55.81694697254079,72.25571132074029,68.22515693653375,62.85298084588133,60.28218443403478,63.64910616816239,63.91070106242608,62.29628140944108,56.20116244027297,70.33045573367974,68.63421561563264,70.63658496753325,68.00873978955487,65.47796206989197,70.00401462416238,67.54341357638603,68.71129711313621
1610555638.33wjf1PhdNaoWfbRzXVn50hmFyB5bYAiLV,65.63124761366197,57.35006776971842,66.9537188789661,61.87895713023421,65.9985959105984,65.77071322273504,66.62740165714919,67.1478947455248,65.08847512211256,68.35877012115446,58.87477187912854,62.36301579628146,65.86342879121891,67.0683020941872,0.0,66.55408920965625,61.025721588059945,59.587998053393356,64.96440824897545,69.08306650688328,61.85126447041949,57.198523116748326,66.62790360895947,66.76345055541933,63.01941178996326,65.52058407576774,66.67600209776644,64.97262206541826,61.24426033124756,66.09399711960542,66.39228972441725,66.54525004143716,66.74189358208582,68.67817801995747,65.2683247625836,62.17679485832573,64.0318369194656,68.60016823633218,60.921715433648046,67.05633912097159,58.226221649493695,59.26718774332922,57.39365214178422,63.421877295394594,57.653040956357614,58.10265375228603,63.36412795914372,65.35574331681529,69.73549371100091,65.0616482876838,64.91944757643819,64.46369874200396,70.29090549431305,60.12820267305194,65.1346790917443,65.05263842983483,60.19619943142692,66.23623298674333,66.66393290550373,61.506614768164056,64.23169515033635,58.65707818011348,69.83828546095863,61.50037545341686,67.67063133662428,58.80492719694655,66.90835080275536,64.52665876076853
1610555606.65jCE4ig8Pu8kvAzkxnSGfWsV0nQBjCf8H,63.899216708649256,64.74012087973206,65.37647548913581,61.36726349567054,65.43362267857742,67.64398717955491,67.5310531442722,66.25442111251266,63.794283552989675,65.19255245711034,65.14500313284456,59.917318769890656,67.94664109733044,66.81243087569679,66.55408920965625,0.0,67.6770060256293,68.22420982994578,66.92960665630582,57.01804259855549,59.07054917824739,68.0633183629143,63.14720203412998,65.62554400450644,64.08767043575935,67.97650135314679,63.976389831661955,59.74109067803754,59.23901694430045,65.34506879665278,58.928253379289764,69.07467121190042,63.82805342273385,55.01407001032719,50.45177953068617,51.308183329106406,56.618187308236486,48.55086820977714,63.50587272575075,67.1974123579437,58.32831883048732,63.78075509510914,62.998207977435804,61.12191171367275,63.07833542374346,66.03644219078687,61.678841607409026,62.505196965768945,63.8938011166022,64.2493826087609,54.72134702145964,64.14773957239916,68.98774156378809,66.82796914452825,53.81530774609889,65.97236474603629,63.650786896109025,55.28064338637106,58.582979154758895,65.72435521388209,66.78968119722379,67.85573559334193,51.90296124260175,68.60796740157215,56.57680779649313,68.64638871425961,65.03217836267595,66.3333107090392
1610555608.18ONsBCVo1i7BrX0XG9stct4oiA6ejX9Oz,66.4979276871705,57.34893774372257,67.792895066765,60.7532231715467,66.41504586445313,64.88332982585722,67.6022048872956,68.20356768316387,65.54619586004546,68.69271706234605,41.892757412265745,62.53749224518058,67.98699765355714,67.57522157336886,61.025721588059945,67.6770060256293,0.0,57.469580828882066,64.86962439439783,69.77780814977439,60.25745955064006,58.89719897773795,66.92712246636945,67.86829177708181,62.39269996372373,63.81088681488858,67.52710014542939,63.89979090157621,64.08809930418575,65.91262918449786,67.81491865603266,67.17110750348382,68.09093159020803,67.75602561514887,67.55318951296316,62.627306375889376,67.1640012941686,68.58838595731822,60.23629080239158,69.05839478858722,63.89353337078256,56.16855945118849,64.53548562789462,63.36880873028454,59.7078623662209,54.09837745052137,65.79431686966849,66.14330018104836,68.5283670372679,65.65418510116687,66.22480095248613,66.55185048771597,69.79511178210177,61.14276561411003,67.06436102547126,64.72630047447078,62.26243171405804,66.11586146973704,67.93301154484581,62.403369134468704,61.82150574113269,58.308787630456045,68.01580579467233,59.33551831902235,66.18107847428331,59.286431611242946,66.65893540245371,62.306068596608206
1610555721.51RNoQUMP19FTMS79BmA3JkgSm2IC2AQuQ,65.86768967464968,40.91372360032855,67.17495936580619,60.06859766951199,66.34457440684265,65.09758417955938,66.88485907126767,67.71877144228719,65.00625035010253,66.03537416288684,55.38426717611883,58.63015472340992,62.75017058792224,67.44797535877537,59.587998053393356,68.22420982994578,57.469580828882066,0.0,64.5392699849622,69.12928027379552,60.00830552588021,56.074534390770104,66.49348413488826,67.29937135897087,62.57232434005034,65.59568651586889,67.64182843957141,63.63784781828866,62.356160609062606,65.26119830060665,67.92671549458753,67.01772022535575,64.55368266303455,66.00112322352805,68.78753313009078,63.605225422582684,68.14449182066865,67.08485108466313,57.407876630461004,69.35189425007492,63.559314704040375,56.74700748317418,65.37632174432235,60.99440427154473,53.39835848870675,42.90784470389229,64.65112007647473,65.9930374969984,67.75937592171911,67.33193691135413,64.96363964527102,66.50411463787269,69.06104503635669,58.437305729062416,67.35623149324158,65.78970073395682,61.61055342529284,65.89971836460123,66.29419950737721,62.8949188734789,60.25661916502663,58.85395060809709,68.6083444194728,60.0511150110729,66.00309411811305,57.732848583625916,68.46633021728216,60.729704045194296
1610555971.86O0cHB2ibBJ8jxoObg01EpGe8VVV5mpwn,51.386693806526964,62.21179282496641,53.10046775757075,60.97497088983972,50.894096086678694,37.75575631533675,54.83156195111991,53.97473474706013,46.9178844037864,64.28579063190789,62.85554766572558,64.48667106271807,67.48104983615916,54.49617200712647,64.96440824897545,66.92960665630582,64.86962439439783,64.5392699849622,0.0,67.40556629577814,63.42690047431538,64.59683126032368,54.19047647209666,53.45835637069392,56.732697598963014,42.79446117775439,53.64445068182821,64.08309082757373,65.43997920856367,52.40875276000483,63.423658713899435,53.790220153981934,66.95329928065173,66.87726659119915,67.34842843367858,64.3336570617308,64.86728494170056,67.94346924956416,61.415974737785874,62.99651602091593,65.20379147164059,64.7444866255409,63.09998631835837,61.41900380167154,65.09143256233504,62.25141076418347,61.52016597380808,55.777380142562684,65.09079620460982,64.10071290856851,62.25595288796076,51.91835795637699,69.0863880088886,65.78309841476805,64.30992178150824,55.07334988737519,60.738096762961014,64.93487355904549,61.394774615456505,52.038493473005275,65.1700794430072,65.3574198018228,69.99141726275127,63.20921378619271,65.27676451495113,66.21308069293721,63.308555752868145,63.89579523880473
1610556911.51zU3duZSGpcw1BDNsBLxdOCITAXwl6z3i,62.86285174421553,66.57695501656073,64.47161535859145,64.223450053903,64.78985080764544,67.36127567972464,67.95631976709363,65.33032943826194,63.01404319592601,65.92556537508413,68.23146369152545,61.45937382943085,68.69885622528248,66.6053811508583,69.08306650688328,57.01804259855549,69.77780814977439,69.12928027379552,67.40556629577814,0.0,60.18124622684156,70.11158192905029,65.31689200614838,64.5685849508796,66.61234716279507,67.45198690953166,63.07817926979917,63.17150148472763,65.06185852277595,67.4279449113357,62.54529552375186,69.93117261009185,65.41420385112579,61.91423984699117,58.93628339307248,60.19148306531803,57.37930044498609,61.48750976594416,67.18011328808906,70.42547189847605,62.96341291404151,66.34752947113195,65.30438681578254,63.17620608513905,66.31690730270475,68.51602714741293,61.5352527874335,62.98685801290094,66.45273252746917,67.98862929594291,58.08458052010616,65.76787945675859,72.46068153556133,68.71998010404339,58.4869317937115,66.76123944161672,66.31989208586194,58.53516967695697,60.104164878886216,67.99535115764387,70.91343214916976,69.93960952024017,63.248497754875615,71.26118189978963,61.61364683750225,70.99247639037509,67.54304253600131,70.28960951277823
1610555988.71dMoYT8250UHHJGxgmITTmbHe7V6gH1yU,62.645716643674085,58.951427248630914,63.84900347461146,57.349977834441255,63.404880246649896,62.77714702372556,64.59128578232429,64.542066889857,61.34001354087274,65.9321355162831,57.843910562372216,36.886091716675345,66.30712327290095,64.56789588966441,61.85126447041949,59.07054917824739,60.25745955064006,60.00830552588021,63.42690047431538,60.18124622684156,0.0,56.40458083958616,63.972904421097056,63.88671163771674,59.83402795607724,63.139753435921996,64.19453796092543,49.14054450979705,60.50651622540359,63.98870853725747,64.440859733992,65.55980771064053,64.4837360148544,62.608880995246196,56.865430422948485,54.799951105377204,59.55895403566628,63.61230419349083,59.01680370693725,66.82062337116872,57.59456762638205,51.963242630796266,61.00340726936615,54.125851801672056,60.70948549003149,58.16617713455157,59.08862240364989,61.261790068659344,66.32103531776626,63.16154332147564,50.5750596563327,62.62257421976695,68.01195524692962,60.98852228904203,60.57569250645582,63.23838447525592,60.94262466350176,50.47228291115094,56.622465232862815,62.124484521097294,63.06794944890473,62.1800329572273,63.0313390227928,63.19010690322901,61.47404340446913,63.22742877174057,64.16925400399282,62.34301517289947
1610556042.81mlUZsSp7gbGjrp8jQSnybT1gPy6e62o1,66.29108302273043,55.56041992503051,67.38571264406595,62.44516159141568,66.24085530926337,65.56321949849541,66.70372598226572,67.94096792959162,65.43735132536945,69.36539900845796,57.15739843392693,54.028797065133666,67.53074777702724,67.2833195830405,57.198523116748326,68.0633183629143,58.89719897773795,56.074534390770104,64.59683126032368,70.11158192905029,56.40458083958616,0.0,66.7667534128983,67.5615449700494,62.671405237442535,65.3727616096036,68.20078141347346,58.90557154917737,63.84883150403483,64.40286857551119,68.93980033076187,64.91157449643279,68.14747141094253,68.3565808332828,68.00308997820117,62.69082915205438,67.87501923351917,68.8453595385079,60.398176034835814,68.09373918785036,63.88375186511897,53.78694603949851,64.85581582432285,62.023487450221154,58.639337206176954,55.64337048723621,64.3197744341888,66.58803968690344,69.92797303839457,64.90515496579059,63.42753365839382,66.21297474084446,70.08046370951651,59.575138369386856,67.53958599472907,65.68120847159298,62.14841898502742,63.37786195103769,65.91478490743671,59.59300911201834,59.06755359770334,57.3913690848032,69.23800303716737,58.50673788073055,67.01900848566027,55.273952146144794,67.1780037319365,59.89703792341328
1610555637.02UBW5nKvDyUrKnaWcYRGajZPxTRDS0q3N,54.5101293868732,62.70095105501018,56.01705310676453,64.06356152006535,43.98528432932379,54.02799623831465,55.41744664159724,56.66615982942182,51.282049010794765,62.32881272825357,65.47639658842148,65.20731651360673,67.65399228241384,56.23143312614626,66.62790360895947,63.14720203412998,66.92712246636945,66.49348413488826,54.19047647209666,65.31689200614838,63.972904421097056,66.7667534128983,0.0,56.6304010204812,54.78007703583502,53.52900069863104,43.965582273880486,65.08131158282072,63.73370341558337,47.9304792647942,57.597277640154715,50.52233571347184,64.76423961253339,63.480010287787934,65.38546329638238,62.77906152664177,62.525529164157575,60.54195122151042,60.66731702639402,66.46743751421367,62.75469415292479,65.86516966379101,63.565990083846444,64.23301526265139,63.51318006725892,64.01822070443907,59.16053396362654,56.108553501351246,61.208591953293585,61.37096972997761,63.06098618223681,52.27387319882777,70.19946367008521,65.56627430270032,59.31379445983026,44.69165888341782,58.738266001407325,64.03188868957977,62.04861360251781,51.47463057985419,66.48264124676736,67.3036673682785,64.58324105525831,65.70547744147775,60.29301632941255,67.30231923558983,64.25507171694882,65.48791476135034
1610555619.13oUYNikU4facCTpUSiSLr0vPI0tJLnXiT,29.22845300271257,64.67815915664147,26.645199393244592,65.23053893376371,49.12622197026452,59.23433272225417,47.58959234214705,21.860400931147574,39.345080238388384,63.54520183040482,67.23073633838665,64.08330114380736,66.77937835194652,39.023945420898514,66.76345055541933,65.62554400450644,67.86829177708181,67.29937135897087,53.45835637069392,64.5685849508796,63.88671163771674,67.5615449700494,56.6304010204812,0.0,59.9164182409437,58.94132013048647,53.06116790869795,65.59099986995713,66.80500647542178,52.49896756369794,64.45128443949754,55.90499017280136,66.11911940323787,67.59025709440203,67.39899265069698,64.55428165124333,65.15943285859721,67.58374276331584,63.5533158126865,67.90743266059313,65.74453511517827,66.75917797934605,65.7464365137028,64.70612720455898,67.412633819264,66.60972920359589,64.03291745287059,56.66037362329088,64.73489883933946,67.1506742590046,61.942089104109826,55.455483704770266,71.28613237210081,67.734633483553,61.70265045708804,59.5406413701096,63.18344355590419,62.75393111009177,62.286620072949304,57.56391754710948,69.73266856102423,68.0743091341296,69.75158661826903,67.54162375367677,64.48413377197603,69.31124290311865,67.55617708265258,68.08549603802979
1610555721.03nzkucfjAUh31zTbmCVvTVYqtjoxZFnBh,58.56673510501069,58.119344733871785,60.03704857046498,63.31424513570118,56.48183843712325,56.3562458385572,59.76187989422886,60.186120505019296,57.28979280667297,61.28303170583581,61.250967419656924,61.0414125231009,66.3422110728327,59.873559335025696,63.01941178996326,64.08767043575935,62.39269996372373,62.57232434005034,56.732697598963014,66.61234716279507,59.83402795607724,62.671405237442535,54.78007703583502,59.9164182409437,0.0,57.70010065031776,59.264013885500965,62.443951084458575,64.07160814126512,56.87422782135588,63.69760661646123,56.287874348120475,63.70243116983193,64.56173785156939,65.65788687550743,62.77497430074713,63.93475898879694,63.58178637730792,49.564987684332934,65.65765790746424,63.59187590162052,62.058413754740194,62.40531914140785,62.399668403104165,61.853258300201055,58.22403400018394,60.96033224958536,52.3911173843484,60.701969885753314,62.294707209645075,61.772435684855424,57.59174868916929,65.11875600701497,63.562134316933694,63.79827059370759,51.24875273580519,52.54380402275206,62.372582241338094,62.67327488568418,49.58659484478403,62.12648032999547,62.8414879912203,65.95091959992858,59.71603369516699,60.210029136060705,63.578412805958976,62.4709616131868,61.80262580168807
1610555722.67fhKURdXVzRbLIjXmjRwdJHTnE7PWb1AE,57.48063940738918,63.726167743346565,59.10923395106984,63.61884817603753,53.60469574875918,29.21794154603977,57.56641131682605,58.903836791743174,53.63739523518239,65.96358437941274,62.35786100463729,65.2702219084173,68.44789307711001,58.2461715330836,65.52058407576774,67.97650135314679,63.81088681488858,65.59568651586889,42.79446117775439,67.45198690953166,63.139753435921996,65.3727616096036,53.52900069863104,58.94132013048647,57.70010065031776,0.0,55.3777991127056,65.00891757636118,65.83581566908715,55.73977899376797,64.02577193497675,55.604257114684735,67.86709356195816,67.29016096288161,67.8824697292056,64.64768728780393,65.59203830864027,68.32937663793169,61.75822445828843,65.42753026354542,66.340420904806,64.09071751024739,65.02900426405364,63.437082901696535,64.97464070205884,61.937309724062956,60.162808295369906,56.9758768478791,66.62648672460496,64.69247052316088,62.96935749524897,56.37705678516653,69.1639625156746,65.78633305246558,65.06993549910763,53.74051554675318,61.66317113679973,65.43693423574385,62.3216738117106,52.92344147679667,65.10675024697434,65.76484711196052,70.5443708816098,62.747914010435245,66.20169670861982,66.29877057041803,64.67898028194689,64.3663807491767
1610555638.39J2ZWBLuLTHP0jOlzB4tNHmYeijH5g5YJ,50.844839289542534,64.6594929100132,52.744143479747684,63.88731077222464,43.60602461769816,56.46516347772403,55.077352215898486,53.18446503963282,48.23629577018598,62.871641458575546,66.74029441743262,65.32547762177474,67.55349204872283,54.165586293386454,66.67600209776644,63.976389831661955,67.52710014542939,67.64182843957141,53.64445068182821,63.07817926979917,64.19453796092543,68.20078141347346,43.965582273880486,53.06116790869795,59.264013885500965,55.3777991127056,0.0,66.03767717687009,65.95258057171199,54.07051622165284,55.69597740050631,55.523858272407494,65.96191260795564,66.56409922022192,65.42435544830484,63.911106181361355,61.39082943684745,65.63992173122337,62.99155731256646,65.3761271683755,62.451445250366085,66.98894243802549,63.63049874073539,64.82897865261776,67.00194021077124,66.49501443821414,59.599538347744364,54.954365337585216,62.54726995571485,60.584140706139706,62.91098505661086,49.93484255488908,69.96984835712425,67.36027541859241,59.51587658586322,54.526000846338746,63.825871913039904,64.26197657539055,62.118202077057994,56.60985718064039,69.7655110384696,68.56937009408665,67.53578882400018,67.69625675041881,61.879476064875924,69.16741400201938,61.29622047792949,68.42329691420989
1610556032.17Q6yCDx9g7alRnL9jBFXD2JhhUyB2hKfJ,64.13758569261051,60.85397045926013,65.29977073469793,56.68781509928686,65.08882838142513,64.12723052577465,66.146847488307,66.15831496025089,62.986821163044034,67.36850509521955,60.85705079997671,48.88220333512425,68.31966483526246,66.31659304121533,64.97262206541826,59.74109067803754,63.89979090157621,63.63784781828866,64.08309082757373,63.17150148472763,49.14054450979705,58.90557154917737,65.08131158282072,65.59099986995713,62.443951084458575,65.00891757636118,66.03767717687009,0.0,61.62984038011585,64.98627837012552,66.65436343808341,67.36087982457236,66.67229294533095,60.72020420730357,61.61601339962096,57.93458550168817,62.01422577493185,62.81526420667115,60.98529025630939,67.1669408171405,59.96331303811373,53.778242734364675,62.4234810446694,52.49711106792565,63.72526190171865,60.91230151466353,61.67244383041776,63.34579775676491,67.40886892375599,65.6363599367759,49.113704638844474,63.67782690745602,67.82676123388782,63.61395603252372,62.130609755783915,64.68792823292002,62.21326990984053,54.473161841770946,53.07034747074519,63.05188680490343,62.330697599927305,63.76275510313723,64.16471084572821,64.03232387642288,61.94314876515953,64.53653181518251,66.14411037715115,61.025456417836
1610557007.49MyVgDnuUuBxrvL6SGOdhKf69VYlW1MSm,65.42127411022079,58.355223807960066,66.5573582197288,59.949921143086485,66.04352992083187,65.60265221901616,67.75104635710268,67.40591681912893,64.79022823312425,63.94454344838339,61.90398468735081,61.50802179594423,65.21135533544711,68.15127678860584,61.24426033124756,59.23901694430045,64.08809930418575,62.356160609062606,65.43997920856367,65.06185852277595,60.50651622540359,63.84883150403483,63.73370341558337,66.80500647542178,64.07160814126512,65.83581566908715,65.95258057171199,61.62984038011585,0.0,65.35703969242721,63.324173212255424,68.90510191407579,63.468630790986865,61.16333700287266,62.652461706974336,55.511874696727915,63.333306727031214,57.71260390007836,59.70467733687685,67.0564748787317,58.000305145986225,60.90854946665664,62.09098256633258,56.83297076426507,56.33088688947032,59.34839880203082,63.34133287792022,64.87638180556864,64.50326383679776,64.89453655020691,61.73842984465957,63.91486686614182,68.91705069240905,60.806114740955536,62.35358987462884,63.70670769321587,63.06637308320035,63.31886474760246,63.19041296506403,64.54460041816569,64.44230939658411,63.304493387226096,60.55743133327653,65.82174061813276,58.9699032412134,62.376140066112015,66.52305670797148,64.41323510528868
