,photo_face,photo_profil,photo_eyes,photo_face2,photo_walking,photo_standing,photo_hand,photo_legs,photo_bird,photo_butterfly,photo_girafe,photo_fish,photo_cherry,photo_tree,photo_flower,photo_carrot,photo_watch,photo_key,photo_truck,photo_velo,photo_road,photo_house,photo_mountain,photo_windmill,drawing_face,drawing_profil,drawing_eyes,drawing_face2,drawing_walking,drawing_standing,drawing_hand,drawing_legs,drawing_bird,drawing_butterfly,drawing_girafe,drawing_fish,drawing_cherry,drawing_tree,drawing_flower,drawing_carrot,drawing_watch,drawing_key,drawing_truck,drawing_velo,drawing_road,drawing_house,drawing_mountain,drawing_windmill,geo_face,geo_profil,geo_eyes,geo_face2,geo_walking,geo_standing,geo_hand,geo_legs,geo_bird,geo_butterfly,geo_girafe,geo_fish,geo_cherry,geo_tree,geo_flower,geo_carrot,geo_watch,geo_key,geo_truck,geo_velo,geo_road,geo_house,geo_mountain,geo_windmill,word_face,word_profil,word_eyes,word_face2,word_walking,word_standing,word_hand,word_legs,word_bird,word_butterfly,word_girafe,word_fish,word_cherry,word_tree,word_flower,word_carrot,word_watch,word_key,word_truck,word_velo,word_road,word_house,word_mountain,word_windmill
photo_face,0.0,1313.3281994063552,1558.3353946472241,1468.0520584307935,1441.239929778564,1393.523496408877,1370.9613185678315,1363.2666569705264,1611.87297766109,1591.5938163106416,1637.840601964605,1571.5990880640888,1483.977342561914,1400.654974002951,1443.0004434449377,1322.713232338553,1361.3121539671004,1575.8064976650844,1655.8936333204063,1552.061891558947,1783.8715271699289,1614.8536085088924,1597.0978469044173,1637.50823265703,1330.2591350046396,1465.7363215346031,1577.3229972924128,1491.2957924201087,1441.275746114162,1391.612189381394,1512.6378175384914,1537.1541373568698,1532.3878437918206,1601.6258128514341,1476.1282473073325,1560.5779533701264,1583.185435700628,1364.1040970157314,1434.363965930717,1357.9339078926525,1392.0571394923466,1577.397542041207,1604.3258779179182,1593.250362130497,1580.3000107761825,1641.7648651278273,1560.65783122366,1561.418371185164,1489.4267056722442,1410.0304196418165,1555.5612801032787,1498.859622388861,1442.5040199451373,1454.9006125724507,1447.2798661672457,1447.0005064913062,1425.2948358657568,1540.1879754083693,1524.5082649573112,1566.2371565473634,1515.3757203833673,1435.1395819197073,1399.5515757026587,1377.7920691718614,1421.144507898771,1557.3209227147559,1568.9409460076101,1539.3667233798965,1495.9136019151438,1483.3149605921806,1529.55614568612,1507.5133208362438,1443.7939487476585,1469.6953809906947,1449.763935892887,1515.4872417257163,1548.93641527007,1546.7258602325207,1459.0564238777933,1534.9977888393653,1509.6158488520332,1544.2008926292233,1484.6689299679622,1542.011162774995,1529.1882317062684,1472.1733264306004,1455.057201927527,1523.374017388585,1514.8405830428248,1436.7140289664444,1536.579217198245,1446.3557512769162,1468.3224968824677,1520.7655438636382,1585.5734167923683,1476.470480345263
photo_profil,1313.3281994063552,0.0,1600.6499882597595,1534.0919926788188,1539.537669438171,1554.4902398287975,1457.9570970598832,1522.3966854094763,1689.4973717479888,1629.9660887981245,1678.5988303921897,1652.0338637883706,1553.4132185379262,1532.8629131359248,1597.4075993538656,1526.498688280258,1555.551067285617,1655.6466742283167,1702.8563239020061,1640.6287890751469,1800.436839449427,1595.4330038056703,1639.3868249634945,1640.5629097952121,1488.249116054225,1321.2273723926517,1641.3343477391015,1582.6664919088564,1529.0631874051246,1546.3368690622078,1591.9394472462388,1546.0398555574764,1613.5423973134482,1620.3345385841099,1531.9771120924156,1641.5121737316235,1606.739658845217,1537.1059321990124,1537.4107050524835,1530.3977947146468,1553.557396799395,1651.9280322558382,1658.334940743947,1654.6702041664569,1658.7954054853633,1671.6503044225185,1644.0642735458546,1609.5631174004968,1549.7591515897072,1538.4104433190846,1659.6487558902709,1589.28263247876,1570.3150981964159,1551.8002899615683,1534.6262001981127,1573.3455986246593,1552.9400343187717,1590.0954647202936,1567.8983571086496,1647.0998107302096,1565.9248956732865,1580.156897442272,1554.6581109836652,1528.4611547359707,1576.7266131418576,1647.245028462526,1631.1097376436758,1616.030687106336,1551.600112388662,1530.676469730049,1606.7006077105375,1591.4871232335472,1578.165795175663,1592.4555469604486,1580.6762311734312,1616.3402435923701,1642.6014762030643,1638.9061754719364,1588.1675174913325,1632.8221177340872,1611.4656429758982,1645.4748024988212,1596.7397091852445,1642.599656592077,1629.3532731234852,1590.4895891622266,1581.3204415726937,1625.1052098852651,1618.5762870692308,1588.3496861467258,1630.1313490354282,1581.0211417345688,1591.2783768005559,1620.2202027543417,1682.7428432584557,1591.9396568591196
photo_eyes,1558.3353946472241,1600.6499882597595,0.0,1502.2217063152048,1716.7236221931457,1711.2888022656205,1641.1557194167433,1700.9643062833743,1669.1942393947475,1565.3030475011687,1738.8204603360307,1617.5511592945686,1684.8523830472475,1714.9762338718895,1767.8929925274306,1657.533428858386,1718.019722765524,1568.1346882508374,1581.132882691536,1592.7022282629953,1579.5539507508643,1766.4847968222116,1555.9424076088544,1769.7715810451168,1635.555022150201,1659.643524188485,1496.8207373040857,1513.2411706366895,1733.8855675413906,1676.371045615014,1748.6389574763905,1754.731419158277,1616.2366571016519,1596.7730721166984,1734.5316560808853,1588.8804552217025,1645.6806088030323,1668.707210086239,1694.4679117589656,1680.1742230258046,1664.0466336062057,1581.6990115604494,1591.9256290732962,1603.9407382850811,1555.4584947406445,1540.1845597424426,1570.8747406127748,1731.1339230048177,1620.7625460805164,1662.1032572450815,1513.9380064282975,1659.1883828383068,1687.2186047486398,1669.7780704084446,1681.1304241705132,1678.8644495536519,1677.9326276373647,1580.8186997542655,1690.0080436025146,1528.8974552924944,1699.0580157408037,1673.3554326359972,1647.7253246542268,1632.2719782659317,1674.7253761143006,1565.5715401347602,1534.4913875329898,1519.0215236977738,1685.4533473642928,1676.6924593057793,1569.2929564599651,1676.6019730861938,1531.4534778882094,1533.884198967449,1524.9265255673272,1526.10166103638,1535.0472910555811,1526.557624090516,1531.289249549833,1526.4576630402162,1511.6747460280715,1537.2776901139628,1525.3540757011217,1522.4949288531504,1519.1538479510207,1528.2934434595777,1526.4799146970743,1530.1467245800798,1527.7493200149947,1533.4116442800573,1527.0633923969988,1526.0955032631023,1529.4731272512695,1514.0822418808737,1574.7939667676949,1524.0544453865243
photo_face2,1468.0520584307935,1534.0919926788188,1502.2217063152048,0.0,1680.449025301559,1670.0734413663859,1543.2360029368294,1625.2205620803866,1688.6405895131065,1651.915553062324,1742.2807642157704,1691.9431532755625,1679.9763107426927,1680.9149717996008,1732.4560550111555,1657.2354968089196,1701.24930069629,1688.5501164229333,1731.8966545660885,1687.681579427971,1706.3483796094556,1740.4592360551007,1680.6241489272898,1770.1637035297651,1556.092665164154,1641.4873073463034,1665.751395145267,1396.637720226678,1701.0547039016383,1675.566618952274,1756.9403555891508,1702.7413799687383,1683.1589434674763,1663.9831854388785,1705.9311390628654,1694.8660503855303,1728.248640245941,1666.277468561881,1680.6628514686365,1677.270384795904,1661.5107017205287,1703.5199579316575,1720.4141775018145,1707.4100004696045,1675.0439261310917,1705.6951396561826,1685.1777258316795,1736.0863996977678,1632.857165758759,1655.442274489947,1683.1637970659733,1662.8048599734054,1697.0623229380535,1665.7943215797748,1686.2924071829818,1688.6818020434553,1686.7729889412608,1644.3195955354734,1706.0804459905642,1668.6281374375226,1720.388874669439,1686.2226523403021,1665.655515382255,1651.419550524307,1700.0335582515859,1698.1218494205152,1677.5338591242187,1660.763232218511,1662.6157000495327,1703.21544984075,1655.3893656472255,1697.1678805656823,1634.4300604267055,1642.7065219784233,1637.4738173121627,1652.2079129864965,1682.0318389986783,1676.4382511986987,1641.1906348145126,1674.2019435949924,1657.4660903371082,1678.0033013613572,1652.1817659505896,1673.5122781852087,1666.485744728841,1647.6382220847293,1632.3763252569659,1667.1108781645198,1664.7265110814571,1633.7295444773858,1672.4832589650202,1631.6059683501362,1642.0068041626128,1658.9163228766301,1712.764701770871,1646.8020956224213
photo_walking,1441.239929778564,1539.537669438171,1716.7236221931457,1680.449025301559,0.0,1268.355008429399,1406.9337290669616,1303.174420683717,1595.4054603422092,1607.4449263830763,1576.6958919370657,1574.4535244569543,1399.4405181529482,1411.9010247113613,1407.4277075720067,1344.7040633810752,1449.819957098053,1555.3514934287255,1645.179019245864,1506.5885094654243,1777.1040884379247,1654.4520172420712,1514.7945625742898,1600.6171996299618,1468.9152373381596,1545.422059216024,1595.3481478442613,1608.7567034443434,1146.447622499031,1370.7917349605752,1506.2919426843143,1474.449095293055,1504.6578794871516,1580.7029904333328,1303.8531807847025,1528.1001439438821,1553.4190604571118,1406.4515271616226,1474.730039021514,1362.5932128730497,1465.703554289742,1544.8767522696628,1546.6968831555653,1525.3313956769964,1541.004638335108,1631.0290078581345,1498.5972889079815,1537.2250831924466,1578.9631880886288,1398.065807950934,1569.8717310452098,1526.6020630964108,1323.2383581743393,1439.9671350824938,1421.6081969072147,1443.8790862126036,1379.5595170961683,1557.7327482274834,1410.8737773166163,1568.1485822544448,1451.195587961357,1419.746088233192,1462.2897315130094,1395.1021976068766,1442.358033943565,1537.0296914548176,1552.9046395829998,1524.353668860917,1482.3045996854019,1565.5555914113481,1519.6293791351357,1522.916439192959,1456.3492862070138,1491.5946667077108,1476.7990611520265,1538.0522438033404,1555.0706531916717,1549.0404644368207,1477.8127427514569,1542.5960728546258,1528.5809397923774,1553.28554725505,1507.024668130547,1552.8905944677197,1544.4785091217236,1489.9623139112425,1476.8546747920566,1538.242668042068,1530.3039714377553,1453.8190395194451,1548.0370210321746,1463.8657759997448,1494.1205486461874,1530.6232902923023,1590.6105541485417,1498.933117310329
photo_standing,1393.523496408877,1554.4902398287975,1711.2888022656205,1670.0734413663859,1268.355008429399,0.0,1361.650255589259,1220.6886983298016,1602.93603655379,1590.5813648907183,1496.6951980126898,1599.5874911056526,1487.063991941442,1408.9880252622413,1253.054863815215,1197.781949926291,1316.4543147606832,1581.6922924322564,1643.7212088944318,1528.0815323407382,1769.6972180321982,1634.2343330100427,1571.8893185429306,1513.9354526468082,1482.205903776797,1535.2079637054983,1597.4857542227157,1567.7565554047017,1282.7485376261857,1177.3616788258125,1388.1356067069305,1419.361821300572,1505.9362365189393,1518.5187723983804,1268.0753718705494,1539.7938598124883,1538.9862676815605,1319.4489695223472,1350.9597365914706,1194.8367009773165,1329.697503000962,1544.2298175880526,1570.9914819910982,1557.6022908131908,1519.7271212233495,1620.8245130066543,1512.158781702473,1399.0076647346032,1500.3857445837384,1281.8615851146626,1553.2613415970216,1353.182271038531,1316.1360011758627,1308.5640566366196,1367.968642843304,1341.4273626362485,1270.7196354447929,1502.954116543242,1370.6374704158036,1560.1408310388888,1466.2154339428293,1371.9419723606497,1291.3825492382346,1238.1558614224532,1296.7436872900535,1529.0212338175697,1560.7570467729847,1521.302156946843,1430.3686686732576,1502.6478882936706,1495.3558519342732,1395.048257799808,1431.9670789204251,1473.8171194697925,1454.8996283240854,1515.577993968647,1546.1478757015473,1539.195679266386,1456.8685808486455,1534.3594279731399,1518.7760230491022,1536.0840476011438,1493.3623561906186,1543.753900876969,1534.4896493595807,1473.2035680230758,1458.6922983110408,1531.8361875095832,1515.2893301931106,1425.9411269219365,1539.8667262582544,1433.7082465544665,1471.4338483091567,1520.3561159518442,1571.370793267761,1481.32902759988
photo_hand,1370.9613185678315,1457.9570970598832,1641.1557194167433,1543.2360029368294,1406.9337290669616,1361.650255589259,0.0,1353.6826486967175,1652.3809127098311,1586.6008490701852,1605.1025252043796,1548.9304018168039,1437.3933155378033,1413.1249467719583,1434.301285021283,1354.5416373925127,1454.1315672661078,1558.611809552575,1677.827789348009,1559.4640351861633,1761.2414978738548,1651.5881881141472,1564.2717714090863,1612.3801357006507,1514.6066485382773,1506.8888311399362,1580.2428212803725,1535.630556452179,1422.140241871059,1395.7428932023572,1392.2604413331846,1514.4533664458472,1567.1199061249388,1578.4684788275254,1413.5146044521532,1526.6440684482718,1531.7699504463126,1399.461400492532,1395.7681429057864,1364.0406348244496,1416.6911235566536,1542.83184171012,1579.5750596160194,1599.088041034356,1550.0648470547928,1646.2696222443228,1547.686730416967,1512.9154096643606,1534.0228966469244,1417.2417370766007,1556.8024493995624,1481.0409603585092,1442.889347518727,1446.6249871595187,1355.6561889580025,1423.7893476576023,1388.0382570992738,1542.6495460295432,1458.2580812436195,1573.1527424821486,1506.2792344055551,1436.8150522151313,1405.8521241531635,1380.4014946498023,1441.8273435849242,1548.0138831258462,1566.9444070216146,1534.5974235333551,1470.4358402233515,1526.897685776131,1531.5709606714677,1479.3219900371832,1472.5937603776529,1494.54860977486,1479.5687217857867,1534.0524536367643,1559.783426077108,1548.1149799154337,1486.4062627287185,1546.1283495597254,1528.46725498015,1552.6422944289886,1508.807207510687,1556.2021642393988,1550.0247336681348,1493.276367868616,1483.871100196003,1542.8457215880144,1531.7060593139106,1472.721466617031,1548.7955621229087,1472.459540174046,1490.7344993809834,1534.0891738629805,1602.450463290181,1492.5651727049183
photo_legs,1363.2666569705264,1522.3966854094763,1700.9643062833743,1625.2205620803866,1303.174420683717,1220.6886983298016,1353.6826486967175,0.0,1619.3645500376108,1615.495914244521,1562.8760871888949,1601.9787965594471,1459.5895520678937,1400.8173691231564,1359.9014353053512,1244.960520354935,1357.9749592594394,1588.702467426892,1689.2331762775516,1549.730756552563,1776.4331037197526,1667.9802432649735,1594.2197409288624,1589.0596346411073,1456.44582045376,1540.567034797336,1610.650952089511,1572.3012770440164,1294.9740154110684,1305.9128100324667,1422.6645489216073,1318.4271730063303,1515.716325444894,1561.3464221857596,1376.9724698187608,1560.651829197847,1569.3391673285928,1327.3969599279894,1425.0475434220436,1272.5425808432153,1326.174531952714,1570.8331296123627,1608.4795672679115,1575.4711712632827,1554.5071286212062,1670.5383884424184,1546.2062413969743,1471.253892845922,1539.4103401362627,1254.5735080370853,1575.0269943955993,1421.492872498675,1337.7984425359684,1352.4962263331383,1407.973327822319,1304.1924288289758,1268.1948983636923,1533.1445150881955,1424.4051108936173,1584.7720557055418,1453.5337819929168,1376.9557199969447,1371.2101402977976,1286.6394751669857,1337.5523421358782,1559.6967633484458,1588.4691636037016,1545.3988896809637,1427.3949786463704,1489.690119833998,1505.6991667803566,1448.6624951161127,1473.5164220285023,1501.578659950704,1489.8131957209898,1547.4774808066256,1571.3331553923617,1562.021178564895,1492.186159969335,1558.2063027873494,1546.4651278691463,1564.7984233569396,1527.6370233622997,1569.1790536248993,1562.1675010452955,1507.4811954516165,1489.7527645074085,1557.0360690784794,1547.0887638057927,1462.1730769086817,1563.4751378814265,1473.7519163173993,1506.747587230674,1550.1243368028302,1608.135792154933,1509.2296075212214
photo_bird,1611.87297766109,1689.4973717479888,1669.1942393947475,1688.6405895131065,1595.4054603422092,1602.93603655379,1652.3809127098311,1619.3645500376108,0.0,1483.1746087723545,1544.0362732579274,1315.019244048772,1613.6734566321977,1613.7869300476266,1609.5999202278429,1537.4356875247597,1614.8836083670544,1377.0146366606737,1534.6781767219004,1469.8798937861402,1721.297815153209,1766.1186810493639,1575.7142531459258,1699.8617399002878,1631.7129970160372,1678.4179334355042,1522.2299336895155,1603.1235849182356,1629.6449512393676,1604.9495636288382,1715.810896946635,1731.4453147873292,1209.1808790134394,1614.502187020722,1585.9079702632896,1424.9262851113442,1660.486937946923,1599.184487866261,1629.9559660461734,1592.8479866603914,1636.0722997736088,1425.922544749842,1533.6856472866914,1517.1995543454188,1456.3792066951892,1601.7503634341579,1492.1407018987459,1698.753415308698,1653.0692515768403,1564.3651672996582,1488.593073209233,1643.5722859771217,1622.5240320388143,1641.9577630456001,1665.8853875638226,1646.3780236915602,1588.9020062550483,1611.9348381713783,1628.309078123951,1482.3863347989106,1689.3493343267812,1627.5972154379488,1611.3945898795625,1592.893323256053,1608.3180027908513,1421.7900123491054,1542.607264324816,1522.6725597377203,1688.1980950317036,1685.1233365037338,1554.3363972871862,1679.201369623245,1440.0710253698057,1455.4659116812009,1447.8476456208755,1444.77126665562,1476.7385695712449,1467.7962892189546,1453.224344760728,1463.636072107704,1445.5809552464284,1467.511943072447,1448.2313902286785,1460.6720678373551,1450.4532486933049,1443.5876590485816,1436.6278406385295,1456.1483962137575,1451.5281587082359,1442.855648366477,1463.8578808977893,1448.6539096235283,1456.1085369341422,1441.7193519764128,1516.2871954436473,1457.0121868268254
photo_butterfly,1591.5938163106416,1629.9660887981245,1565.3030475011687,1651.915553062324,1607.4449263830763,1590.5813648907183,1586.6008490701852,1615.495914244521,1483.1746087723545,0.0,1646.1424028767947,1496.2753116822712,1533.4599175004425,1545.6839986051789,1641.3750877427804,1571.3525266334902,1622.1733055050106,1511.813939360346,1549.7112024828646,1457.7740900493698,1698.7452189990931,1699.635298346463,1557.6793977884638,1602.1434647123326,1617.9232367107581,1593.613532613228,1512.973289120068,1451.6971128647817,1588.7327575422999,1558.0753209058482,1663.5355004989356,1676.9453958154472,1419.2713179216996,1278.143267351907,1597.718040170534,1489.9581004943284,1484.3026566319777,1553.3540487644098,1576.3470387606367,1580.208844190769,1582.9669146920332,1513.275592160775,1500.759836543239,1457.8153093566168,1478.8984005225757,1511.1137140632159,1507.3739675466586,1557.934677388079,1529.6833713240385,1589.1206672480703,1501.4797067637646,1588.031296462546,1537.2718733568927,1537.0794571519048,1582.2434736911073,1574.4326676361186,1582.2956768207505,1422.952204812022,1591.5744184036369,1504.0834831931456,1608.135843703707,1563.2308755173715,1560.9535846017643,1548.2043614045085,1598.7856177689152,1526.3224713101922,1489.144467334202,1443.755088601421,1619.1397986479756,1605.2415613495848,1490.802680224979,1522.0529045396627,1503.1928520028257,1511.6718913456714,1506.437634307986,1527.7203077045222,1549.0942877412376,1545.8932280175932,1510.698257891763,1540.228422551321,1518.4329531246133,1548.0572634439034,1515.7693954540293,1548.16854025445,1526.596525578873,1510.4887202212108,1508.7102906626526,1528.2305747009068,1526.3989052461025,1507.2315580584643,1536.5935128618864,1500.6000198288218,1517.5694948743037,1524.1846140882728,1596.4355078082117,1514.1308879474846
photo_girafe,1637.840601964605,1678.5988303921897,1738.8204603360307,1742.2807642157704,1576.6958919370657,1496.6951980126898,1605.1025252043796,1562.8760871888949,1544.0362732579274,1646.1424028767947,0.0,1568.2369322790987,1641.0400705039892,1620.4111131886957,1558.689017114708,1510.6478836603467,1610.29624707618,1590.0673210670811,1624.724287566578,1583.4168944666137,1786.9776397710157,1697.2920764108974,1631.5894075095405,1651.0330460465061,1640.574302192438,1641.4733348562156,1648.685884228811,1658.5946709798557,1555.1906168247338,1518.786443603926,1632.1052433276639,1622.4005278226869,1543.1922158734972,1615.4829516682132,1389.4709585784158,1581.225552121501,1649.1347394159172,1575.4107982448947,1605.3008447019479,1534.7458298306656,1595.656853870923,1606.3394118823815,1599.1685787964443,1584.1980267429274,1591.6668433073864,1671.6615448747687,1632.434017203525,1626.5111081060165,1646.1110294148612,1521.612143126117,1629.5986425547517,1598.1676686291814,1599.552930258193,1572.7962075605858,1611.8721794010303,1596.8843525873021,1598.2700772404125,1635.3575134539105,1452.6223431653466,1611.1304559387747,1640.2646707641782,1622.3187580146196,1567.6494648551848,1538.5638443887842,1588.6537400751588,1593.6077458486661,1605.1014793674055,1599.8312760900706,1625.023580192905,1645.607886029578,1585.3592938655188,1623.7371438989367,1585.8921035576634,1594.3299517647515,1595.416080780808,1609.7551420808356,1611.8224793838176,1611.7756101460461,1594.40535396136,1608.919333391098,1604.228765075973,1609.6216611517132,1602.3003860977599,1614.7886338566273,1607.9011897360122,1592.0263491052401,1582.2937146687998,1611.3164495963108,1601.4070472926935,1581.314658278302,1610.1493294567692,1584.6233958639098,1595.7501014458285,1599.7988697549579,1646.425349846786,1602.1200722015442
photo_fish,1571.5990880640888,1652.0338637883706,1617.5511592945686,1691.9431532755625,1574.4535244569543,1599.5874911056526,1548.9304018168039,1601.9787965594471,1315.019244048772,1496.2753116822712,1568.2369322790987,0.0,1564.2868277793866,1591.3659877842117,1618.037986245947,1495.9234477539126,1588.4349576971294,1252.6649953508456,1451.879728218162,1381.3339458728954,1724.8923241572415,1752.0290902867546,1479.350407943757,1700.0393381016584,1624.1466560762344,1632.6624031497363,1349.9046049491046,1608.2201458285738,1606.9456198649832,1582.3309633113424,1656.701378809894,1719.8249977676141,1342.2442801241368,1602.188064211889,1552.47116475914,1139.9327985496386,1594.1428508393699,1562.2839378761473,1627.9430233114304,1535.3370647245351,1591.8487556677303,1297.4351727537257,1347.1831382169144,1431.3367269385913,1337.6462037069007,1553.8528397316447,1354.5626702040304,1678.211765419853,1613.6738490266468,1534.3656687912185,1363.9578532860091,1628.5821495912508,1603.6341013883825,1629.5474025300066,1639.6846931214782,1626.4766983015033,1554.111905354439,1608.414580128082,1584.4419074849736,1279.7592136832666,1661.8006413467153,1587.0527787853898,1594.3888674927364,1557.1498574049485,1578.4996333437657,1328.1588947236519,1409.328768666217,1443.0801548528557,1663.6376824034685,1654.8501482133008,1470.35913716385,1654.987184928793,1327.2347645429247,1334.9573429427826,1330.5552048669401,1337.3448074630785,1331.5946965352896,1332.6211731433323,1335.8544824840012,1323.71582760137,1302.139274649246,1338.039043758242,1322.7654127586668,1328.6982654659164,1315.985399675892,1323.1332636934858,1318.4861222575655,1321.7930009915335,1325.016289594554,1336.165444747756,1312.7247023884215,1329.8479773860643,1330.1556276135634,1317.115826640897,1398.5467602219385,1331.698867715029
photo_cherry,1483.977342561914,1553.4132185379262,1684.8523830472475,1679.9763107426927,1399.4405181529482,1487.063991941442,1437.3933155378033,1459.5895520678937,1613.6734566321977,1533.4599175004425,1641.0400705039892,1564.2868277793866,0.0,1353.028310398198,1469.3236412196711,1377.8280801814844,1490.8869574940297,1519.715058409455,1657.246876460499,1493.7678447258234,1783.5886514798917,1642.3829945859084,1543.2995804431694,1594.4531721134883,1568.332337033625,1551.8518294883272,1571.8086814294454,1640.836753147312,1428.4395817535146,1512.912721327654,1549.6222112962164,1557.8957565525686,1540.1399384502304,1543.668759547209,1425.882860757701,1511.977712040678,1424.062997339227,1418.1697528167713,1517.8834307327563,1407.5746416283976,1485.6972070168276,1534.672663913947,1548.400877120652,1520.1717725056149,1553.8026543408118,1590.3203391123875,1490.0583359522532,1521.213563570255,1539.5619952943355,1484.4222968581696,1531.1001874716521,1556.710050867938,1451.3222215451194,1488.2250289187339,1447.9333162902508,1449.7116556033552,1413.2043182037526,1522.9062604856024,1433.0839289665282,1558.2996870027632,1402.2200582674095,1457.3096819928785,1495.157703640239,1434.9051897728227,1482.6381457899301,1540.9959372449246,1545.8690853802764,1467.4042530509973,1504.1529543342115,1509.607195732238,1502.9201585245235,1498.0806502135274,1488.8710069329,1506.5988763093758,1492.8786688598927,1546.622235734855,1557.3559061471387,1549.6501453965636,1502.7523119892387,1545.1984746477751,1520.9793011937213,1569.1068621906504,1516.7975518559513,1555.758588873494,1546.284024190782,1498.944874206926,1486.373265869582,1539.2727743799023,1530.7052155009162,1481.7660715774368,1545.0615688558755,1492.4956002582899,1505.2663514664844,1537.1326133247114,1615.5214220975763,1504.7105038893392
photo_tree,1400.654974002951,1532.8629131359248,1714.9762338718895,1680.9149717996008,1411.9010247113613,1408.9880252622413,1413.1249467719583,1400.8173691231564,1613.7869300476266,1545.6839986051789,1620.4111131886957,1591.3659877842117,1353.028310398198,0.0,1395.3747630854607,1267.394586675477,1340.5929280620073,1569.1709393216486,1680.3475790161292,1565.2016840833253,1785.7597988488064,1572.1905029356988,1462.5092242931732,1514.540194589172,1513.401978138149,1550.956296874402,1602.3273454959995,1609.5100839003712,1399.2072694919955,1413.4807932324743,1530.522203764984,1524.0948401533333,1516.8644019671208,1543.5746947213204,1402.0021516310114,1531.127489209177,1512.1421293011533,1240.9717128838931,1451.7306562875249,1331.1989820897822,1361.0881273699665,1570.6130540679956,1583.8104924734942,1582.6524403718313,1531.7262429392408,1607.421914742543,1488.1594016344275,1485.8025093050337,1517.5195859466367,1405.1292780233607,1562.9821056798803,1527.3855297579446,1396.6004449155298,1414.07612310119,1361.023599969061,1375.1474169605845,1387.001269407471,1531.215444013484,1459.95847428472,1584.146785866979,1422.739416735445,1342.454323154741,1410.319864204368,1355.8550564315244,1394.5574968682272,1568.3945604927917,1572.2254694877392,1544.1826772234401,1427.4152911118126,1422.0532582413484,1509.4859776787844,1449.6141125424065,1466.6526554485938,1505.8111130047703,1483.9877708493157,1548.9078006131251,1577.1811222181898,1574.3768867076342,1489.639984345142,1568.2111941286828,1544.5473133941016,1583.4740422742652,1521.0197776558869,1578.7104485592622,1565.9531856708302,1497.4667418760257,1487.502249606062,1555.2044914556552,1548.9026105742437,1462.6312391963831,1572.9117773085093,1473.8974431293805,1504.8645681336218,1547.213857871218,1621.1247141186368,1515.5640810987381
photo_flower,1443.0004434449377,1597.4075993538656,1767.8929925274306,1732.4560550111555,1407.4277075720067,1253.054863815215,1434.301285021283,1359.9014353053512,1609.5999202278429,1641.3750877427804,1558.689017114708,1618.037986245947,1469.3236412196711,1395.3747630854607,0.0,1094.968379105599,1286.994879136968,1604.4243139841687,1719.4301242919264,1585.1394122021347,1795.5662594657447,1664.3660887246215,1630.835039178304,1613.051507889205,1554.3995010592855,1598.2447517772698,1639.7525877589048,1656.1311261515452,1413.4547552490692,1342.8912737848243,1466.3704971124882,1557.5022037646345,1557.3499456898426,1611.8441117707996,1380.172687197167,1579.3119497516277,1582.6346450973945,1299.0405794114192,1317.6252466806106,1146.7077840793709,1373.7135010404998,1600.6499846248876,1643.1457966533785,1614.2048652259762,1551.513377209506,1675.971850717871,1566.817486478984,1535.2085173352077,1525.2907796943434,1282.256726066716,1590.9829758412739,1433.0765550199264,1398.5912998319277,1367.0490509639874,1420.1178315991956,1393.2853896669424,1323.0766282239638,1557.781577893698,1426.8169920581263,1602.0407049810728,1477.90748866567,1354.4524238689337,1256.484955377803,1195.4712994673296,1313.8687613134387,1575.1112150724066,1622.4584521756717,1581.629506656558,1459.877614419725,1545.6901378797984,1539.54901001025,1493.5119094991385,1464.5208025025545,1508.967252453851,1491.6966427090952,1556.8089196023914,1583.229686909248,1576.9619858959486,1494.9581251567874,1568.5676035916672,1554.6049674954425,1575.969034764593,1529.5697962174602,1580.7400087514302,1570.3659086079688,1508.6871355690832,1492.2782778915657,1569.4177950978585,1551.7977079859495,1458.5072415122863,1578.377167391989,1471.1789669023651,1511.174172300331,1554.4913726032212,1608.9114702746774,1520.0187090706502
photo_carrot,1322.713232338553,1526.498688280258,1657.533428858386,1657.2354968089196,1344.7040633810752,1197.781949926291,1354.5416373925127,1244.960520354935,1537.4356875247597,1571.3525266334902,1510.6478836603467,1495.9234477539126,1377.8280801814844,1267.394586675477,1094.968379105599,0.0,1185.3284019792181,1484.3251276144913,1614.4446614860246,1505.7655396786113,1751.7606097289379,1614.9380488245229,1507.614997438989,1577.1690431220657,1419.8135231482192,1523.609634076145,1521.3774663022734,1567.582367359583,1340.7674215816762,1197.0574825983094,1341.37938007729,1474.8637174309474,1457.9350335679326,1523.3602476354238,1289.6405816859544,1454.166705929696,1501.0775428402444,1180.4099181399035,1264.65520926935,832.2173968133966,1243.2290721554498,1471.7658413014994,1535.5405420830245,1535.1606324262505,1431.5274700248908,1577.1745214816121,1443.2910475376082,1487.5709575387937,1434.9171338358003,1179.5610086726524,1465.0425724834345,1351.8672455009382,1270.9097247882385,1244.6435771183699,1309.7875508143688,1256.459972200139,1188.2078006744796,1472.4422064982923,1318.0122646740836,1472.117098556088,1353.3609179519183,1192.7489400625432,1125.6595714092746,933.6368236641606,1164.0676711595306,1447.5153015868202,1471.9802424942422,1463.0316866178491,1350.6929323232066,1403.7476389112246,1377.1641835808464,1406.1952519918968,1334.8019333798654,1377.7613895724041,1364.2628917082864,1425.793434139234,1460.4206609202993,1444.3707825241806,1364.5475112178488,1444.2961120589785,1429.245047980404,1446.743633150494,1404.4458674002085,1451.524559567425,1445.9343556144263,1379.62963675395,1362.2102310777013,1445.5088912885453,1428.5410253835603,1331.236988729796,1446.2443495271448,1334.952088979935,1379.846460123349,1432.8287192226305,1490.918800830251,1390.0024390607018
photo_watch,1361.3121539671004,1555.551067285617,1718.019722765524,1701.24930069629,1449.819957098053,1316.4543147606832,1454.1315672661078,1357.9749592594394,1614.8836083670544,1622.1733055050106,1610.29624707618,1588.4349576971294,1490.8869574940297,1340.5929280620073,1286.994879136968,1185.3284019792181,0.0,1534.7101059903753,1652.4369086705346,1559.9618785288549,1798.932902922905,1617.807093377405,1572.1617014803862,1589.6418598358855,1478.022521021908,1565.0179389668358,1590.8128403019332,1619.3475794164829,1405.5781561045346,1304.53349799013,1466.0898617665796,1524.0459664845264,1509.5867361398173,1582.723569211468,1372.84378459704,1541.7723581670014,1572.1475106469184,1230.6504409680408,1331.7475975399075,1170.1433631713646,1126.7748142020712,1527.6732759280737,1590.2499844170547,1587.5654234916453,1530.9546405783362,1635.4304614293605,1516.4005157884067,1465.4936801550439,1476.4554416342585,1231.3624605198213,1514.608858647558,1408.5129524752274,1354.884066891166,1305.5189785935672,1367.324490631759,1287.4411803096489,1257.3366204749918,1509.6718045832326,1398.6195191889203,1521.213948802292,1422.707548972377,1280.435406318071,1237.5493117684014,1222.4092938865474,1089.7065351162298,1502.4810996801639,1542.9850615328728,1531.026673347364,1389.7310334724255,1411.0930767916002,1507.9807466362527,1403.8459233056683,1381.5657192530157,1429.643268121853,1410.3849419469357,1482.9821062157741,1523.7787127793865,1511.5279384008857,1413.9490885450757,1510.9632845079473,1482.3416413865411,1510.6677679905322,1459.2626112756338,1508.0085165725195,1501.2678902149378,1432.0450210342126,1419.2817461493291,1501.6419564691323,1485.6457227951705,1374.4357816163058,1509.4596581778148,1378.797803487167,1427.2781683256678,1487.6666110636684,1550.8538287628317,1448.708464204316
photo_key,1575.8064976650844,1655.6466742283167,1568.1346882508374,1688.5501164229333,1555.3514934287255,1581.6922924322564,1558.611809552575,1588.702467426892,1377.0146366606737,1511.813939360346,1590.0673210670811,1252.6649953508456,1519.715058409455,1569.1709393216486,1604.4243139841687,1484.3251276144913,1534.7101059903753,0.0,1380.4885217975404,1339.1101586821835,1690.524199537043,1709.2837643326654,1495.261088506959,1671.0860653238674,1596.2004280503554,1616.3321138475717,1187.9927577786507,1571.2686951760993,1589.2971261110777,1536.18703704689,1607.4498438592925,1669.9201657761714,1312.86789784398,1556.0940397004888,1565.8254955071188,1220.109904038684,1516.0362071907687,1504.1419221425926,1547.2452618476755,1499.737522815946,1527.738725751798,852.1860859881322,1299.629236465093,1357.00202253253,1217.3558839416005,1461.1932314073981,1249.7363743437554,1579.4639299980977,1519.053845495931,1488.0080408699018,1111.2786660616239,1535.670374767862,1525.5434930935958,1558.1832009404047,1538.6458160953985,1547.7283828720242,1445.2815858704598,1497.282061113692,1503.3050545855533,1209.6562126305205,1552.6749740527684,1499.9336426823554,1498.8708284169618,1481.3648338918085,1470.6090120005292,914.496281922803,1239.392057489934,1268.8900375722312,1570.09281910953,1572.7354240919524,1373.6997443657447,1546.563509415186,1195.0747709577415,1177.1442269741826,1172.5762848169418,1158.143190422955,1125.530126648858,1133.0381259074754,1204.412153595444,1144.061273290468,1095.2519948123331,1165.4718749338736,1171.26877657147,1135.3161071203638,1116.119468991176,1165.7683007484054,1171.6096526910612,1114.9040245426236,1124.0369574156402,1195.2383848328943,1128.4462854747883,1195.336157876654,1181.7107336933725,1113.1193292031292,1231.2402940967554,1186.3220760953513
photo_truck,1655.8936333204063,1702.8563239020061,1581.132882691536,1731.8966545660885,1645.179019245864,1643.7212088944318,1677.827789348009,1689.2331762775516,1534.6781767219004,1549.7112024828646,1624.724287566578,1451.879728218162,1657.246876460499,1680.3475790161292,1719.4301242919264,1614.4446614860246,1652.4369086705346,1380.4885217975404,0.0,1397.9214614408993,1684.7405683648751,1695.9007344423514,1536.9568287629154,1680.1950302321054,1635.1573389578243,1653.093559307142,1452.4315391426044,1584.005665855063,1649.9884820608236,1610.55986213828,1697.6003184551262,1709.971745345951,1447.175356257544,1569.1667147552919,1643.1882744787836,1412.4885113040252,1554.9331360104622,1618.3101598777155,1649.4844004473473,1606.844025382016,1615.9458053853898,1367.2507906978499,1127.7609244391242,1397.961739994735,1432.6418291833008,1410.7726659550865,1432.1375799269579,1618.681881874433,1559.4583472517238,1583.7725276775636,1450.8349817368023,1617.7993698008052,1579.7910230247796,1609.2083969524856,1609.1983706743404,1636.4398531541049,1596.0681923561544,1520.1775139751628,1595.9446809705544,1367.4212529304566,1636.1212007258387,1615.2766420467674,1621.2368167769594,1581.542706832105,1614.3341435777377,1383.2432971979626,1168.575433894416,1364.5970487087084,1646.6947946279588,1625.6993193105975,1471.3017480484552,1618.536070546753,1462.955494752655,1465.9269809722755,1463.154481981385,1459.847050843988,1433.3521444869402,1444.8804913258953,1474.0392679669962,1449.511775493511,1435.7806780114645,1455.2004678624326,1468.9680414516727,1442.2987447413084,1450.7962670309043,1466.1173327776387,1457.8054076700123,1458.4038784129973,1457.208599571388,1464.5183728483582,1442.4005947369785,1462.842315493393,1471.842447429872,1445.0142431496242,1484.8884629569575,1465.2671636066777
photo_velo,1552.061891558947,1640.6287890751469,1592.7022282629953,1687.681579427971,1506.5885094654243,1528.0815323407382,1559.4640351861633,1549.730756552563,1469.8798937861402,1457.7740900493698,1583.4168944666137,1381.3339458728954,1493.7678447258234,1565.2016840833253,1585.1394122021347,1505.7655396786113,1559.9618785288549,1339.1101586821835,1397.9214614408993,0.0,1679.835900340896,1691.3147871297401,1490.6433628287784,1608.6234956630585,1554.7334970229297,1607.4837721505276,1418.790659053465,1565.112696945543,1509.0949568259746,1529.4607265004217,1646.2356044420933,1641.1172312306737,1388.3813743468766,1530.420378432278,1545.2410538252877,1314.3219526469745,1455.8133557150295,1497.5099180873178,1572.8151399942226,1514.0182225124981,1539.792205782309,1349.774831639372,1282.8127969547477,926.9941278964878,1372.0555839172298,1467.6583912349226,1354.2722498325456,1545.501619938687,1529.0373374375165,1522.2110305744577,1375.8534000159257,1576.805941406584,1475.8465413420145,1550.4262536630722,1551.68066423199,1560.4218417072198,1507.2475275567217,1502.6216445261339,1523.1118034380218,1360.3344205602853,1547.0248026301533,1513.8294128790544,1534.5435004485385,1507.292581438678,1549.8985078614878,1374.0209213245591,1361.5924155441267,1146.4496986588315,1585.2711913057299,1597.613416287611,1385.5665959538478,1545.0615725677221,1401.0537025518863,1410.2474234961421,1402.5397353412845,1422.8137299319237,1426.7064621590296,1427.0574389313363,1417.3768721839895,1414.2644812893843,1388.8235087541614,1441.3506728607745,1403.3662776887504,1421.8188917451785,1401.8625621343501,1402.517892141452,1407.7059149767742,1405.299812670048,1409.218184471705,1403.2883240458643,1412.1437229221326,1399.4412983970929,1413.2212685586892,1405.0628081892942,1497.2103500543901,1411.0574462171953
photo_road,1783.8715271699289,1800.436839449427,1579.5539507508643,1706.3483796094556,1777.1040884379247,1769.6972180321982,1761.2414978738548,1776.4331037197526,1721.297815153209,1698.7452189990931,1786.9776397710157,1724.8923241572415,1783.5886514798917,1785.7597988488064,1795.5662594657447,1751.7606097289379,1798.932902922905,1690.524199537043,1684.7405683648751,1679.835900340896,0.0,1801.3018245429175,1614.2866037918088,1784.7632670713645,1782.4281306226824,1835.3813156004612,1717.8735054184815,1696.262741606103,1800.464015528328,1762.8258215167311,1860.2128123461582,1846.5568554756655,1699.7436123763914,1709.996160206479,1784.1925957013523,1708.0223519797366,1729.3076998047775,1772.5559225256459,1773.459812091878,1761.3613143573236,1775.6061341540824,1709.9448966632294,1694.4632512119929,1695.3673047023763,1601.6554529935331,1639.5746616284277,1681.3927200273465,1807.197492746752,1765.7332817488834,1756.8127050204148,1707.3246962138576,1778.046583333016,1784.2951501633167,1765.883137618504,1784.2351520723942,1790.44519478464,1762.288579495748,1708.6042550488344,1767.7096445070133,1681.3197790051004,1815.4948155122597,1774.7081677779763,1765.148811600099,1741.933330804945,1768.999855548645,1716.6875410202078,1680.7876785397527,1675.227017306467,1752.0773571235645,1791.312636399041,1677.175803768305,1778.3888474526016,1694.1382020866024,1703.1703079771644,1700.258305919463,1706.181030329731,1700.3556462326037,1698.2203858765865,1702.3371141178677,1701.7676259937116,1689.495034182628,1703.2204322269115,1706.8178074726807,1698.8563508998152,1697.0151778823417,1702.8851135437342,1696.4890177249993,1706.3036968336003,1701.4984517100065,1700.377574750707,1702.020552678139,1693.0371210962876,1702.562171635359,1687.5713595606387,1725.764563571896,1693.6762516300646
