,photo_face,photo_profil,photo_eyes,photo_face2,photo_walking,photo_standing,photo_hand,photo_legs,photo_bird,photo_butterfly,photo_girafe,photo_fish,photo_cherry,photo_tree,photo_flower,photo_carrot,photo_watch,photo_key,photo_truck,photo_velo,photo_road,photo_house,photo_mountain,photo_windmill,drawing_face,drawing_profil,drawing_eyes,drawing_face2,drawing_walking,drawing_standing,drawing_hand,drawing_legs,drawing_bird,drawing_butterfly,drawing_girafe,drawing_fish,drawing_cherry,drawing_tree,drawing_flower,drawing_carrot,drawing_watch,drawing_key,drawing_truck,drawing_velo,drawing_road,drawing_house,drawing_mountain,drawing_windmill,geo_face,geo_profil,geo_eyes,geo_face2,geo_walking,geo_standing,geo_hand,geo_legs,geo_bird,geo_butterfly,geo_girafe,geo_fish,geo_cherry,geo_tree,geo_flower,geo_carrot,geo_watch,geo_key,geo_truck,geo_velo,geo_road,geo_house,geo_mountain,geo_windmill,word_face,word_profil,word_eyes,word_face2,word_walking,word_standing,word_hand,word_legs,word_bird,word_butterfly,word_girafe,word_fish,word_cherry,word_tree,word_flower,word_carrot,word_watch,word_key,word_truck,word_velo,word_road,word_house,word_mountain,word_windmill
photo_face,0.0,222.85363276450454,267.0639267516855,253.52897135324034,234.32908456895208,245.69061143365866,211.9231345787764,235.05908541156217,274.82286965062843,353.5277597190479,307.33986592561143,280.22173395249854,303.0137086086646,221.18806581488806,253.81518349508184,240.86561953128216,262.7367295848193,256.3386617930452,256.0910302960874,274.8578100446276,275.28746810232633,253.05184212195047,285.7524704128933,258.3162943028875,240.55295598915612,244.23476086062286,244.60877684798183,245.30517292486257,238.70400166487573,238.53459510590943,245.20531140564754,241.40499527833956,242.8633600175424,243.15795491989192,241.30420337648277,241.0857430163722,241.03198050973378,234.97934956050986,240.65801580987664,240.44404035728203,238.54027877835287,243.64556743256483,245.3093542825126,246.5806001799585,243.83869294215094,247.96624499631304,241.531293143855,241.48995461092377,245.22831226867987,239.84569428178543,242.91228458142743,242.56882721992383,239.04166058638336,239.87995956472025,241.78435835450506,239.31433014883825,239.0591389409351,241.43723390170928,241.1911923605473,242.075835904921,241.6443825961123,238.92478851839167,237.80244339540494,240.01998041066335,239.37684686413803,241.934358622222,245.1525299598349,244.05121900327885,241.72791955412475,244.4487546574642,240.19366551012538,240.57225001940586,240.75990017348025,242.43021019373384,240.8129354450592,242.78409617311866,244.62625831563759,243.93756441853319,241.52424801102092,244.44350761023864,243.4607112145727,244.8372002827386,242.36187549756536,244.32532760984446,243.499704498201,241.4658496018092,241.78894755919933,244.45017426771514,242.8625995977738,239.98491101797322,243.69233421900043,240.88087767991692,241.73217060875058,244.18455947684205,247.878789697619,242.78688303412343
photo_profil,222.85363276450454,0.0,271.81499797055955,245.0324685154562,271.6225069109684,285.27226524582323,243.1256610765727,268.5229569788528,283.6098395520423,342.26318940566716,328.27115299241206,302.58698660891406,320.6207392830144,243.4686851174011,287.98759015739273,289.4193404294738,291.2048470160801,277.67892283733335,267.1248371483103,283.98661204247935,271.37038227131,216.4494009451226,288.147780433603,260.48234367590766,270.10412752861134,271.58983404648006,273.8100329927535,274.07077555950724,268.1593556887264,269.71905634243825,275.3037429426149,270.7876985593134,271.8404702536072,276.1825527064812,269.82435568727425,272.5046494608466,272.884228984086,266.7446441397559,273.08172638895167,272.38124541324686,271.10667624198334,273.95435178924106,273.92998970728524,266.6335198283598,273.1506459199157,273.50545796496516,272.3860666088952,270.02933873722765,275.1180219897408,271.61033995944763,272.4693116829017,273.46114373949104,270.56752988883477,272.0486887917108,270.6946674781545,271.32193354196124,272.1903939129169,273.0247433051779,272.73600673303343,273.9293732289155,272.35388783916227,271.2790638940571,271.4409952093403,272.58611684573606,272.5907073778047,273.4605805934112,276.1121036136565,274.2412987131468,272.62651824632945,272.50738506858966,273.31621061899267,270.6737952151995,272.6278760990158,273.260407735575,272.6500321417041,273.61848854235757,275.3068312846049,275.7733252467882,273.0491147288468,275.60482706636736,274.15283173146935,275.9355118892862,272.9758566479455,275.1504815008685,275.06197363339186,273.24123122044296,273.59037208305256,274.8608735452078,273.85328592688126,272.81812076292414,274.815374502892,272.6788336592409,273.1830150660546,274.8493328379663,278.05449100993695,273.6908942894395
photo_eyes,267.0639267516855,271.81499797055955,0.0,273.30413096159435,292.24307246373394,296.5177936935813,284.6143633103693,303.9821693684251,304.15897026975796,372.2186819052658,339.7405177039933,321.7428882750943,333.80545958761866,291.0711904363497,307.2162604777323,295.35738505422256,326.176700561556,299.43702044210744,279.3562600529412,306.1445158577865,197.16458525712912,272.75417108229755,296.4248324969367,271.9645086210777,288.5021632253023,290.74272021177313,289.97180919410476,286.8283681210997,289.65085781648924,289.15772463127337,293.2456563877461,291.5600807826504,289.6304792182699,288.2854681655087,290.735900712065,288.1400020430356,289.7017150358573,288.66034862202986,291.0704160010256,291.7560013057949,290.49228547160874,291.2923043138969,287.4344930058907,281.00899378189285,288.84431410997223,288.74894459897365,289.5672158050307,289.7475756224324,289.839741519787,290.21636850136116,291.91494514135616,290.41331688400624,287.42175243820554,290.13863996727076,291.3087566805314,290.5303679588063,290.2647240699593,288.6872165383928,290.11459670722155,288.30336111281866,290.7564592829448,288.6587800884719,288.48598343842633,289.97289697441374,289.6259270741408,290.63996847603653,287.277396270206,288.96017308695036,290.19211054272046,292.3934527889497,287.4644949663724,289.9072679545149,291.48894032265576,293.0972796991306,291.53641769440827,292.8313025450592,292.24199889408106,293.5491781743594,292.0458621333487,292.4719450158813,292.78954796102636,293.7070172795105,292.63456631025184,292.2512718339095,291.66891152195296,291.53318249494345,291.6731641476549,292.81284290543636,292.3966461173742,291.4395235585608,293.0665072810499,291.326342618124,292.3476757613754,292.18158109672305,295.520017625615,292.94169801424374
photo_face2,253.52897135324034,245.0324685154562,273.30413096159435,0.0,292.07831932604495,293.14711086482185,265.49206501605823,290.290183100131,258.40124415322845,363.18474915326607,314.54584542988897,293.0293903156532,312.6355159101851,268.1468092680382,294.6923157629061,285.32382306103926,309.5369444464471,283.64165032662004,288.74964055741754,295.45464577835895,272.9815839685154,255.18269180045382,306.3535626994978,284.5585863020964,276.0261308801323,278.55566069816524,276.9501963797464,278.33350540352143,275.8397567869317,276.0368547510697,279.65534602492073,277.3445236451486,276.1624635670034,278.9798081494796,276.4413388131005,276.63353157319415,275.72628822164705,274.3874792181928,277.0096630620789,277.6625674711143,276.6616805375838,276.5763098424799,276.5997856451775,273.0628974704111,277.4058055715481,276.22296908710064,277.2818117094839,276.527984365259,279.9658258421511,276.57848362904195,275.74950778660815,277.1112703023236,275.21443248924334,275.9001800515895,276.8404729497976,276.794811027754,277.2207303652779,274.5230067931791,276.13225792860277,276.5953043965201,277.4149718735829,275.4725541121319,276.14659235473965,277.13675715108764,276.6515331157499,276.85730997548234,278.59414756063825,277.8083611805133,276.50623310274096,278.0244402751353,276.28623721480005,276.54168087627244,276.78377670496786,277.2932405280662,276.85112105772293,277.00022809796553,278.697683691573,279.58917047833467,277.267912295817,278.9209863123815,278.49401458808074,279.8145557028106,277.12497767319746,279.08378056186746,279.00776849596383,277.3676707396862,276.68619607160394,278.9552578387927,277.49839931063104,277.0843908812561,278.99690344633484,277.2666079766269,277.17979185655616,277.89426039168154,281.74072379342533,277.3376332313071
photo_walking,234.32908456895208,271.6225069109684,292.24307246373394,292.07831932604495,0.0,222.2362952607866,247.62899191553987,230.92980084290826,247.996707146607,334.2469381545788,296.4002108742011,288.83367411314686,297.0565837775393,245.90975423955,207.2048110748309,232.607120892309,260.150002484503,211.05337102321195,270.86705501687027,241.82485216456593,288.6176076692292,288.06731180047984,272.49524840347107,270.9249246194657,172.8412652114553,179.94346648465563,175.82685998982174,179.83717953558715,170.37375873468557,175.1696641554808,177.89057086264208,175.94625956520193,178.24931511821427,179.04864883503228,171.7605051267025,172.8564565884751,178.1872238225341,172.6601116658338,178.50773793684644,174.31829969837827,173.70102984711423,176.078985412021,181.76389810266858,194.6230901677493,175.228818472453,189.64351985751964,171.39756657445827,182.37017049549124,174.78958196895059,167.8672275413432,172.1074536919707,171.84418367424,172.55779915611052,172.7380698477867,176.94461496310072,169.65884212587807,171.91775089342295,172.72939970860864,170.4263749689029,171.60750922487833,174.31916432514643,167.65152031334324,169.81084699980914,170.49471875503951,167.64630076553496,172.4180202285152,175.51911590393544,176.28928255659144,170.85765551504397,179.04303627926487,171.13142560521646,178.5293130783487,171.48653336175056,174.19375563946215,171.20424507994989,176.02058600240403,176.64671846934488,177.07042724486502,172.8661802988603,176.7463446273994,176.08318547093032,178.29298744054685,173.95072834625813,176.49975344973953,175.57246522373157,172.52480779395532,171.9951186497072,176.93826318486697,175.3332903292979,171.23331006002815,177.12578398539495,172.20704601632096,173.9506680455551,175.69722797214033,182.59928774194435,174.5678838257715
photo_standing,245.69061143365866,285.27226524582323,296.5177936935813,293.14711086482185,222.2362952607866,0.0,256.4707923648094,249.02195705537312,255.94958784749429,355.7163974720604,294.623381270085,289.932940330407,316.7945588365726,253.9603676161299,217.65645396876545,220.46343992049438,255.79072045764758,220.82074870241678,270.4729407138845,259.66109599283914,292.5622197991969,299.20981675923304,278.17755177682966,275.3045560413417,187.90338074674247,192.1398284586988,189.27681033886694,193.99435855771245,187.57360322001438,183.94994318876593,194.56636370252292,190.3209429728797,191.9519462619351,187.16370539784393,186.65328125395337,187.33608685745313,192.93171983802608,190.45452246094126,186.81088435993763,185.1492740541981,188.2657524418377,187.70249184802967,196.78522325308228,213.01610708928644,186.81788888716653,206.50232048102774,187.17726711327302,191.3367664855828,187.4140687234779,183.88069871628167,187.2274411103073,182.87432921885872,189.47303624391594,184.23482766433278,187.5977325143907,185.45017504391416,184.48647599741298,186.40708718072796,185.4734251795179,187.06256764410898,186.62883947759553,181.9688758144842,182.69975863139905,182.32669224899615,180.84711636540706,185.14146614573934,190.24782633643852,189.94317318292116,185.181337970426,192.70093476661904,181.87382269456563,189.17604941037172,184.52453548365153,187.55390997246468,185.72443199598774,188.78192685327048,189.4460450716513,190.78985228867703,187.25699814140614,189.1389060356932,190.28392559535726,190.2967547567424,187.61032156976736,189.29160756911318,189.23897374968683,185.91081204357383,185.462787815966,189.85169587918804,188.02899455629765,185.3012030003131,190.87467866463786,184.60150902169372,186.2480334816107,189.03120741616834,193.23902616272343,188.23568831905772
photo_hand,211.9231345787764,243.1256610765727,284.6143633103693,265.49206501605823,247.62899191553987,256.4707923648094,0.0,244.62222253106412,270.9696158925324,357.88064343824516,317.81973651485777,284.4123942923228,297.1391048631419,242.04317432371147,257.67328817663395,245.152531811116,277.56465287979097,256.25531819620727,279.77257662583946,271.1803849829951,288.17607248507727,264.2905720377157,289.47743908561927,269.1902252374796,234.57524337958031,237.73537371245394,237.10550558052125,239.50489412257883,233.23671769446696,232.4194106164477,239.0367888716773,235.91128845402096,237.78743111945218,238.93104712133652,233.1492366324529,235.28763955427252,238.25445674795571,232.26702213065238,236.57571637221562,232.94487581117193,233.12092652013035,236.8594792589487,239.94960433076233,244.5821800845419,236.26852646111448,243.62510042778044,235.5306592401366,235.00846349604896,237.5695720277942,233.5671787289005,235.31335219762664,235.78998341959496,233.96505116709974,234.28439941224028,233.93450214435376,233.35484927493343,232.66938541890872,236.19574342321928,233.8453341563654,236.17848028518506,235.94215089427217,233.12071893154837,232.91130295319596,231.18583558406146,233.20710519714197,235.84124832000757,238.39546918703311,237.746800705886,235.83277950234276,237.7814739300814,234.46047762372987,237.08241022441706,234.3576334835172,235.95780521761856,234.4528989852822,236.69664520875529,237.9325773507072,238.32494381108725,235.18559832787358,237.7383709197116,237.1455486657526,239.20658254120397,236.49093663277185,237.79977979935623,237.53274842450006,235.4741340356163,234.91382189187908,237.18225214363372,236.62423788190705,234.33472281069464,237.84530254865257,234.22202922204434,235.10687934819282,237.2399510762351,241.62210945113904,236.35153980376367
photo_legs,235.05908541156217,268.5229569788528,303.9821693684251,290.290183100131,230.92980084290826,249.02195705537312,244.62222253106412,0.0,272.1851068800304,358.8707253801174,312.4857918536919,296.5653147938009,312.8968663742792,256.670473183114,226.69557954208972,245.86373096710804,270.2987830581039,240.7160771058324,292.1017707531393,266.80445184558374,305.60862174831834,290.3417061491698,299.47006972483456,284.29323648638604,208.3671542258204,214.9287616863792,213.0760623823238,215.48302125811145,208.95056567645494,209.50769308313167,217.2551946289477,211.6786144717563,214.42598546036908,215.9646608582808,213.82510048718612,211.67492478017863,213.8684941809472,208.91831651427364,214.2229846135224,207.1647117980864,207.7250992432907,212.8189642944286,218.3081485216046,230.34029128537617,211.80312331002511,223.04078904691096,210.47691425113456,218.36907424001092,211.2149138402252,204.37045791499068,210.77799628873936,208.0896069441487,207.75111416993445,207.0100328521061,212.27946768653217,204.71639354994184,204.1633256683111,213.54116492656837,210.9171177307286,211.03177397589948,207.73183395654655,207.52957404983624,208.12857652496933,207.52356329765064,206.48155522930256,210.07783713168527,213.82374459752404,213.6705069003372,210.07473680739204,213.789763962769,208.3273942847361,217.2773876060021,209.3973722678704,210.90649726609368,209.28849202699234,212.6249615451078,213.2859575557593,214.03402885868675,210.52819447177015,213.55321747179826,213.44691650919586,214.54812328230213,211.8916083684411,213.46263743550557,213.49100404208346,210.47423964644858,209.85127434244214,213.61520838711468,212.32288360031683,209.03993618666894,213.46942790019196,209.5367065796714,210.0200848941364,213.42876486599593,218.09554403572162,211.6527133690344
photo_bird,274.82286965062843,283.6098395520423,304.15897026975796,258.40124415322845,247.996707146607,255.94958784749429,270.9696158925324,272.1851068800304,0.0,335.66867876293253,283.68904893188346,260.2958705882118,305.60633181783084,269.4441960884709,254.23485426112597,255.57839039386977,281.4476412561482,211.6104553302297,266.5111343198351,243.60517029707344,283.5385788955984,295.2999672619926,278.38555738612865,294.55991586828367,202.29073663495666,204.81729461550117,201.58460091184335,205.0314488567972,206.11940986368444,205.1000320453312,209.52362112041362,205.90845009548042,206.20341460995726,208.4810734500651,203.8086218133352,201.91674112352635,206.65653338297548,203.35927848931945,205.22410066587864,203.6918347427674,203.90062484377447,200.71861526288083,204.6587706174748,209.77656590004838,202.03870276350347,213.686088656299,202.78464085040855,211.193767511798,205.429966999465,201.95649227998595,199.51793498575057,201.63426074348567,204.4265367336679,202.19371764760658,207.3534869777033,201.2353798882001,201.5908822213176,204.73381748349595,200.83497516537645,202.06517080406343,203.79548251011644,200.0857637822541,202.53614164736126,201.51000754352694,199.34432944179048,199.2203794042731,204.6973588436354,204.25656507401615,201.62848463875432,206.95476267400056,200.4684834494481,207.87368169377666,199.81737350820896,201.8639987650258,199.46466380406866,201.27725908043075,201.92220480973492,202.7525423711427,200.9488503299337,200.701181555565,201.90178408545574,204.48657544484658,200.81084798689037,202.05300711963898,202.2256360204423,200.0893174623281,198.51039545634802,202.43273881083059,200.3628902551986,199.85660164474933,203.05810144059154,199.80318274696413,200.24503514165136,200.720743294487,206.30275900499637,200.65572775069046
photo_butterfly,353.5277597190479,342.26318940566716,372.2186819052658,363.18474915326607,334.2469381545788,355.7163974720604,357.88064343824516,358.8707253801174,335.66867876293253,0.0,382.6339604078793,391.56261629734405,407.6630305566729,342.8328723494674,352.24111821334037,357.0685750925553,369.9708046416746,321.49286607742783,324.5660615509262,339.8186346592194,332.1918832043644,345.96304413453987,352.9534054302255,337.9685524792957,312.902495235485,313.3582077293802,311.9489276172166,313.9750734053541,314.8903116232162,315.097026851771,317.0905576465774,315.7252257606984,314.27936178313035,321.66164154555923,315.5939945246585,312.88511709902116,316.1243115125097,312.78374140078125,316.12781017591226,315.1717739349853,314.63382527833704,312.69207799034365,313.44983170325384,309.4371535333178,315.89158028371986,313.5565816789615,312.63968315710855,316.3703677463648,316.8522915539721,313.7188502145278,310.9904708759569,314.7033100047851,313.3734429091745,314.8233994051576,315.9102326968653,313.17916680692963,313.77384132803553,316.0026137648839,314.9596013257317,312.8622818329033,314.4403855006923,313.39852678815726,315.04375339792534,314.1680262450206,313.2308700125172,312.3754111625744,314.13880578956963,312.66299181690607,313.5799454594161,314.8953431195157,313.96866288023875,314.99703713713797,312.4958706749109,312.7215509568767,312.45581725839423,313.34708566710907,314.279262796623,314.8532514063493,312.893199192953,314.33272651113555,313.4971536399055,314.88606680405235,312.41135337640327,314.40029621455784,314.3122415606673,312.82415640437756,312.5220946728335,313.903334132461,313.15465083774467,312.71908885663976,313.87233230177975,312.93658646832563,313.1380182651276,314.1288420765045,316.6622804236784,313.20950196447245
photo_girafe,307.33986592561143,328.27115299241206,339.7405177039933,314.54584542988897,296.4002108742011,294.623381270085,317.81973651485777,312.4857918536919,283.68904893188346,382.6339604078793,0.0,325.86924296039683,352.13296398055894,309.7408161042783,288.73685515396727,301.91416858579964,326.15337658999255,271.1984848345098,318.09177642273534,300.147459644798,327.1625372024781,330.2051552895374,328.8517494325093,324.97210180470216,256.2526841146492,259.8884272038469,255.13920656038317,258.64440174960987,258.27244356354,256.311814030007,259.4601861537222,259.5651462887769,259.74029671774093,258.5562566300432,259.34442086442306,256.0997280953735,259.15125705127815,256.7303204359713,259.1358258954511,256.19525840013955,254.35013427865,254.7222497789284,257.1863456804313,264.03575738769683,258.07645053903946,265.1203483784009,255.7123767603629,259.7425238936284,255.56100147428467,255.06871675229974,253.77574137122332,254.97592180974752,256.606027777002,253.47497168272596,256.16213082223555,252.3864016514016,254.812464956087,258.32961631131457,255.8454510432511,253.3256296441344,255.65977500056408,254.14739469252976,254.05500396250923,254.56905333591206,252.85000242018774,252.6328064654593,254.9227320473617,255.71358909335328,255.23211788635015,259.8711861237826,251.80983733869772,255.42501682593857,255.12921266125855,256.14606442713375,253.9978766720115,256.0670041999734,256.9339092477849,257.1635010020477,256.09877242148167,257.40621719102546,257.2718031252579,258.446327434031,256.50600387508587,257.58521288616527,256.99215081844227,254.82249597023676,254.61544425364457,256.79255406485964,255.56365327799418,254.36533174482742,256.6592207985752,255.4675113863581,255.6266408480599,256.692235292138,260.63704612880144,256.963339570903
photo_fish,280.22173395249854,302.58698660891406,321.7428882750943,293.0293903156532,288.83367411314686,289.932940330407,284.4123942923228,296.5653147938009,260.2958705882118,391.56261629734405,325.86924296039683,0.0,339.5714206714405,290.96987609814823,295.5113898620935,268.45123528547686,304.20580258961604,261.0853590865701,278.5617055394539,283.2873300559962,303.9717019577258,313.43333770326427,313.66481056431223,329.1529619798224,257.6834952711817,259.69105540339456,255.25785177669914,263.4406305735297,259.5604821507495,259.8266551727029,264.068701283174,260.80462393620195,258.48136702319727,260.0210185508167,259.5905883111076,254.68135071044236,257.93222038381793,258.6213877988597,259.5826883752695,258.5579320284087,256.61744767639294,254.6891019261348,256.1141952113385,259.75323186767196,255.09905670111138,264.1140551971249,257.13730739994463,262.8484124775896,260.0618473845503,257.5450353617221,253.06523498028938,257.02564233826905,259.75384085809424,257.5248895150507,260.0557926146128,256.87925632763967,256.4430616495573,257.3410551281467,256.6263357849701,256.6103057971444,259.0227782853438,255.369743188764,256.86090797885066,256.2498067264383,255.14981616490314,254.77113544708976,260.28022143153544,259.23490197532,256.99455258549034,260.79147146006306,255.72225272378313,260.6218861788158,254.48630288632063,255.80151256938115,254.6756742580091,255.4143412837441,257.08927908307027,256.3083507007349,255.1939505004575,256.0130943970023,254.87039477130858,257.10739940512394,254.9482169960007,256.6701171710334,255.71455640230892,254.92982034654563,254.57815931449036,255.85763081001684,254.627850402646,254.98435940025905,256.256424428953,254.5917876274972,255.44896950218407,255.03431035781603,258.9810100045809,255.60708507675764
photo_cherry,303.0137086086646,320.6207392830144,333.80545958761866,312.6355159101851,297.0565837775393,316.7945588365726,297.1391048631419,312.8968663742792,305.60633181783084,407.6630305566729,352.13296398055894,339.5714206714405,0.0,309.5465780847979,307.13688577784757,313.2325815082571,340.88954430911343,292.7811738627767,348.278806984012,310.199161335131,341.86900832132386,321.5683291378158,326.54371065703305,318.5927241233128,273.6343599415994,274.88017969267895,272.55434000487145,276.7290768443131,271.91268642060237,273.3844546295291,276.669747240871,273.55892756184784,275.9714509093289,277.40875032823385,272.0224510990616,272.75774096335806,278.3298818511956,273.02233437897235,277.70943751701355,272.683877636312,273.6433421194316,273.64906072783424,275.1013714989026,280.5053503477435,275.44265164958756,278.64664566550806,273.0804633804914,275.2070686863704,273.22928928320346,271.34476047184336,271.58075193265364,272.01507106256116,271.5366662106097,270.8230249776555,275.3689858344688,271.20838770203136,270.36500162075237,274.31993415238844,270.8117935411642,272.52729757329024,272.18166265280183,270.45226921691204,272.73960476103304,271.77550869254776,270.4437735435566,271.85817803313734,272.701259583198,274.86909040139335,270.10417262091545,274.99497682080704,271.26746523964204,275.8562173846685,272.43803021581624,274.3106482143729,271.29623482724236,274.0169153746996,273.9318038177245,274.2920252947218,272.1952449198271,274.3724582640772,274.4586214351304,277.17547955628584,274.27317383741644,274.754944214169,274.4338981334874,272.3810347749306,273.16929465659007,275.8227480630468,272.56670734686173,271.30585574279206,274.0125833413052,272.2117781069345,273.32396650558894,273.52876282094,278.33130797408995,272.89099607841877
photo_tree,221.18806581488806,243.4686851174011,291.0711904363497,268.1468092680382,245.90975423955,253.9603676161299,242.04317432371147,256.670473183114,269.4441960884709,342.8328723494674,309.7408161042783,290.96987609814823,309.5465780847979,0.0,256.0338297340418,247.8894782238042,269.8646316065906,253.96980937480126,279.05646263728954,271.89798358297764,286.96978513878736,255.79201640116193,279.56206810967063,275.4534924073751,230.39229338931574,234.48803005154627,234.53998030117992,236.04248558036798,229.13216279850295,229.89630417149903,236.02773739083923,232.4800399909538,234.3216356505877,235.07523179632452,228.4195319209855,231.07726930142357,234.68104492477116,224.84611796157643,234.68699232916282,230.31723664911408,229.4529248501785,233.69926451987692,234.2409729283369,239.77520679509945,233.4494838220987,239.57004142622762,231.959253589253,233.13336995110834,234.0722424744263,228.82198477750913,232.65302649930285,233.55708098392464,230.1980030094267,229.5145889980787,231.2250507756095,228.79742866234912,229.44181843232926,232.214042046001,231.2770289971568,232.299449576188,230.10318429419635,227.2371207798302,229.67111586449658,229.27602574461542,228.8398210105265,231.6792619531207,234.98785440550887,235.29648176577248,230.52419613659052,237.02380300443852,230.68769202682384,229.2459965383067,230.4668277550324,232.81671391484133,231.04228133594447,232.89430998638534,233.69928031353916,234.8576484681953,231.67893585466896,234.8516218513756,233.62491021640554,234.8049099851522,232.87104571852223,234.86579030872537,234.59630960321203,232.4606933088752,231.7523145137664,234.76366541305322,233.62485162275956,229.96101681302403,234.62620421124151,231.05448839615755,231.66384131998794,233.9144866528454,237.60414781007955,232.72620782826587
photo_flower,253.81518349508184,287.98759015739273,307.2162604777323,294.6923157629061,207.2048110748309,217.65645396876545,257.67328817663395,226.69557954208972,254.23485426112597,352.24111821334037,288.73685515396727,295.5113898620935,307.13688577784757,256.0338297340418,0.0,219.2685959476393,253.9959843214995,212.10142833347254,286.45463107005645,249.7619735073488,299.76024280548506,299.87486138247465,291.39358998863605,281.07939028985,171.00826065916522,175.55126770891127,171.64453036818398,178.93521548200394,170.3272852319164,170.0525610048788,173.01203430211663,173.24166229301008,179.1191177596544,174.29195545550292,170.3023014097594,171.54565894932776,177.39131557741933,172.23800783606214,174.14369307490367,165.36546814470464,168.66573646386348,172.6221414030731,178.89524375328165,200.67379649247636,173.82682424885903,192.198482292696,172.0896221127254,181.19486312194627,169.90891548959294,164.6728885257977,169.39946795276174,166.5218294355208,169.89726041765425,165.09067014226315,172.25361627266503,164.6593197704209,166.4514927403226,170.23676032417723,168.23265846229037,169.94279940478305,168.6376272778397,163.7896432760684,162.70141526109543,164.7623372230923,162.57649013712424,168.6927628549744,172.19115943029263,173.74688823091492,166.6653354389505,173.83484574731227,166.90768947760745,175.8561088236524,168.99322765348967,171.1142041693267,168.73920553854583,172.89775333533382,173.36712719100217,174.59297973565333,170.74045242779792,173.74649540748615,173.7141759190536,176.3935029538661,171.61555387945631,173.5785078053128,173.98005278318416,169.97548635276004,169.545220044853,173.60926783775142,172.34539840612206,168.41631557086194,174.19560545972917,168.9790663878615,170.41576283448012,173.29844983807894,178.92934794375242,172.34218464899624
photo_carrot,240.86561953128216,289.4193404294738,295.35738505422256,285.32382306103926,232.607120892309,220.46343992049438,245.152531811116,245.86373096710804,255.57839039386977,357.0685750925553,301.91416858579964,268.45123528547686,313.2325815082571,247.8894782238042,219.2685959476393,0.0,244.51816192910377,230.209383468575,282.79494434540027,257.8948832655686,304.5719211527539,296.8402086953171,285.2771231764024,296.68706054944016,197.62957508139544,203.11433191020092,199.71775528855744,204.09321784092154,199.2630903201574,197.9401157385765,205.21664374064937,200.3118181217863,202.37051551433288,198.1240031145558,193.4430200980318,198.12213034873258,202.62251628528657,198.74326772889268,199.9805704746723,192.89199272889078,199.41870546108993,198.97145913919368,205.19312425456172,222.50386214920582,197.04413187104038,217.69435985059565,197.6712799376666,205.31803664148853,199.28410208248857,194.48928737583674,197.78616400892074,195.35478570937317,197.49126297816636,194.71576108368956,201.00276008270436,196.69414785692464,194.05605446570692,196.51666369938886,193.60713884833774,197.58616880085467,196.62993897861824,190.81470753343802,191.59779106332675,186.28065122483073,190.4469182796909,196.24852888666973,200.31774753242004,201.7134502782584,195.20158839211368,203.71362855181619,194.69630007222375,202.16522330811978,195.26476254723025,198.24693857591575,195.7521109580792,199.0316372316463,199.87946263332896,201.69871137102396,197.42338383017537,199.97234399354437,200.01292661621366,201.1948642176174,198.56702157185651,200.08731682176938,200.38140011091437,196.94693902603245,196.18317570550363,200.66581341359978,198.90433964314792,195.55369481393546,200.908351172795,195.8667620800054,197.00629109594206,200.10449869478856,204.0374420437187,198.59838618689395
photo_watch,262.7367295848193,291.2048470160801,326.176700561556,309.5369444464471,260.150002484503,255.79072045764758,277.56465287979097,270.2987830581039,281.4476412561482,369.9708046416746,326.15337658999255,304.20580258961604,340.88954430911343,269.8646316065906,253.9959843214995,244.51816192910377,0.0,256.6267252380923,290.82454814344754,286.29750167182266,317.1920330446458,314.7373344613946,296.6807305237067,314.01686153769333,237.99952672584124,239.00702167224475,240.04130189270887,244.00279772691778,235.47826472894306,234.20219757438514,242.37934707995134,238.91806472141656,239.03957999741317,238.2410040619803,237.3597780145549,236.49838221097016,238.10594371786152,235.01985112065972,235.70524441272357,232.46655132259858,240.51313869907966,237.61857615584177,239.72933234300257,254.21710838044723,236.0106391825118,251.30045097936193,236.85472733191966,241.7451893231857,237.93300692856795,233.97326500048442,237.0722284542745,234.6138435432224,236.14140700782073,233.203530266665,236.83292017558097,236.5053696253595,234.20737959095794,236.70234846345966,235.5211692541158,237.55600634400886,235.0679526923682,232.82357633851444,230.31230008354078,232.50966080047513,231.12206272129373,236.01896401867003,240.5233329218377,240.66393235099204,236.792262924116,238.58858029909592,236.24809240669182,239.1157409366305,234.73641292113885,237.3530825110892,234.02721694237655,237.96982267433188,238.78876875156638,239.8274656916426,237.0067314503506,238.6408352841006,238.15986546317754,239.36962207724696,237.11675474567474,237.68838102929595,238.56725845494807,236.35259169103497,235.98212754216993,239.34189618609463,238.1445502931678,235.31810434437463,239.52630402236247,234.68199243834238,237.37305323283763,238.11058475648656,241.61610000872352,238.23161172429502
photo_key,256.3386617930452,277.67892283733335,299.43702044210744,283.64165032662004,211.05337102321195,220.82074870241678,256.25531819620727,240.7160771058324,211.6104553302297,321.49286607742783,271.1984848345098,261.0853590865701,292.7811738627767,253.96980937480126,212.10142833347254,230.209383468575,256.6267252380923,0.0,253.51888687735143,220.07474604576458,273.1202389346238,289.81802242706783,266.26697319713304,269.46020543934696,150.9996430270963,152.6282125783531,145.61705928313813,156.99008166471145,153.12047331150868,153.14762039017364,157.58814343462493,153.60395157211343,150.56195091574511,154.42033121444496,152.6809129499883,149.29465200193633,150.40383438909805,151.50136204250424,155.78675323203194,148.02657069286536,151.09361248690283,140.13425437771318,152.75585336852788,168.08765922421142,151.81724254038673,165.6342785565838,146.82796841108078,161.8349119293672,147.03254889238383,144.030825760258,141.26052698350523,145.64063861449364,151.8446792459106,146.01709874525397,153.43919581939912,143.99555894178914,145.60785074906332,151.023104600351,146.16414517434498,143.11376848009274,148.94399869658932,144.06131138485347,145.92097313363107,145.07521982213248,141.13832515188938,132.46768669338377,147.77891128979175,149.02639995611412,145.74836758012444,153.5925602667874,144.18261483577385,154.84122162487722,142.61706845728023,144.2492412314471,143.06688606454134,146.06008172244705,145.47042964110457,147.31368602214326,144.3536178819083,146.27218295166278,145.08852747679973,148.12441575018337,144.12378594307287,144.9251620381834,145.51627896615759,144.05363375434808,142.77874822642815,145.4888616581816,145.52696828364725,143.82150531422613,147.05233955188265,142.92847443167713,143.97359409170096,146.36955524492328,152.89816245113266,145.18033627141295
photo_truck,256.0910302960874,267.1248371483103,279.3562600529412,288.74964055741754,270.86705501687027,270.4729407138845,279.77257662583946,292.1017707531393,266.5111343198351,324.5660615509262,318.09177642273534,278.5617055394539,348.278806984012,279.05646263728954,286.45463107005645,282.79494434540027,290.82454814344754,253.51888687735143,0.0,272.578613723849,265.2448960352955,279.2207355723538,299.6691344426851,289.91132685712995,249.4395573094075,254.3825145826991,247.6617621823417,252.95105169353795,251.592314545905,251.27231762078767,256.53275193149267,254.74059884911816,251.55459220786952,253.73234994971327,255.46995576642857,248.44521513196827,249.45637844269157,250.5383595136803,252.46129493496153,253.60524158838908,250.84881385012153,248.6518315114308,249.09045623921898,246.3057700623215,248.4448869286549,254.33149896775154,250.3140773319918,254.1069907486413,253.75325994961156,251.59427345097458,247.5676398136295,252.4615159961927,251.96072017569736,252.00768749337493,252.0351887443611,251.06694947415068,251.15178055189003,252.01011794826863,253.12127028885905,249.92572648889342,253.7505989395257,250.2071613536741,249.74059400843757,251.65405346721892,250.72927669050972,249.11402209710369,252.80415679647456,249.8818467507835,251.98690852073116,254.04753584642648,249.21478384252785,252.86667100419172,248.8736714231581,250.80750169999982,249.61333596026424,249.8603515758129,249.57504454074348,250.4770415360089,248.83561983088333,249.77455831639546,249.61601969665853,251.11305968162415,249.3353854539016,250.76381408267346,248.80856025721806,249.9354367226245,250.7033619670454,250.07083250558102,250.44518685758302,249.56758541189387,249.2774302854776,249.59956486845087,249.28670994904314,249.9190494106965,253.30846043991153,249.80050973575806
photo_velo,274.8578100446276,283.98661204247935,306.1445158577865,295.45464577835895,241.82485216456593,259.66109599283914,271.1803849829951,266.80445184558374,243.60517029707344,339.8186346592194,300.147459644798,283.2873300559962,310.199161335131,271.89798358297764,249.7619735073488,257.8948832655686,286.29750167182266,220.07474604576458,272.578613723849,0.0,291.8784255504624,300.82005771540014,282.2436365068542,281.4407569202055,196.97260688049238,202.49134165759043,196.58815618200532,203.4351193965472,200.55348360624208,201.90205111332332,204.79923700039905,203.52698327055765,201.74291089697726,205.21560796656618,200.73399682247745,197.7237732891182,205.54334846101025,200.0788412716461,205.40945070478662,199.15758064740504,201.21411011502636,199.03072686227867,201.9953775315061,202.70636099348496,200.55043122895617,210.11463149364226,196.95709797664014,207.20458245071822,200.91303917324328,197.2183454176681,196.54516362502258,197.39199978549843,199.78491810641486,197.68022316101647,203.4382393712921,197.03577758308344,198.00636257640025,201.54498042593067,198.6238499815348,197.32345760860528,199.7355553914378,196.3917943172924,198.77651926377865,196.42167539626516,194.88683790383885,196.45796646279405,199.56659301908,200.03939136977982,195.94312925193196,202.75337585997832,197.14119490456497,203.121505427213,196.45037878660324,197.0539226825876,195.72499253529858,199.27747111544838,198.95393368561156,200.80173750684284,197.65347403139378,199.58093246197197,199.0903378129841,201.5956426894621,197.37444844128962,200.1333275577542,199.62656097609454,197.61697749062435,197.34973144173455,200.0366802030728,198.89225301032113,197.31728951069584,200.18736117824838,197.02607379510815,196.4360939674284,199.57703916711904,203.70501355917273,196.94053989667552
photo_road,275.28746810232633,271.37038227131,197.16458525712912,272.9815839685154,288.6176076692292,292.5622197991969,288.17607248507727,305.60862174831834,283.5385788955984,332.1918832043644,327.1625372024781,303.9717019577258,341.86900832132386,286.96978513878736,299.76024280548506,304.5719211527539,317.1920330446458,273.1202389346238,265.2448960352955,291.8784255504624,0.0,275.47268158088286,291.1676737346587,270.66108788064184,277.51838240192853,277.817847730197,277.2067489664371,276.9145103059187,277.9420556284284,278.07808986977244,281.5504991024816,279.40238989348893,276.0057691067975,276.3750056051863,279.34528960291544,276.27862811381686,275.49663243634075,276.58326577436344,279.2808748725967,279.48810987715996,277.8198812874334,274.63863979916584,274.00957289085954,266.02642799062073,276.38868560850614,274.06816129999896,276.4326050904568,278.3872917487495,278.2543118228491,277.8760352766359,276.15826768334176,278.7199891065533,276.73297433788883,277.4588223620012,279.018328070154,277.8350739689136,278.1008729497546,276.9267503325154,278.70855992914625,275.95173035855083,279.0106489501335,277.0017812510565,276.60907092176956,278.36376048933204,277.7088148371626,276.4751320839165,274.881866595343,276.20106519689546,277.5002216543976,280.4866171954746,275.7866184411961,277.97060394389393,277.9190777033375,278.5025845836049,277.3763699421874,278.06939887515455,278.26119278417025,279.18950578938234,278.2618120000149,277.9300788730064,278.0055785039319,278.42779018686184,277.7722914075965,278.50232448091805,277.6352563263849,277.7597694129025,278.3008552058996,277.91852041701185,277.40735017737404,278.02902477379996,278.9885831714677,278.06030340790636,278.00083990838624,277.4466104112321,280.538528899217,278.28561728917066
