,photo_face,photo_profil,photo_eyes,photo_face2,photo_walking,photo_standing,photo_hand,photo_legs,photo_bird,photo_butterfly,photo_girafe,photo_fish,photo_cherry,photo_tree,photo_flower,photo_carrot,photo_watch,photo_key,photo_truck,photo_velo,photo_road,photo_house,photo_mountain,photo_windmill,drawing_face,drawing_profil,drawing_eyes,drawing_face2,drawing_walking,drawing_standing,drawing_hand,drawing_legs,drawing_bird,drawing_butterfly,drawing_girafe,drawing_fish,drawing_cherry,drawing_tree,drawing_flower,drawing_carrot,drawing_watch,drawing_key,drawing_truck,drawing_velo,drawing_road,drawing_house,drawing_mountain,drawing_windmill,geo_face,geo_profil,geo_eyes,geo_face2,geo_walking,geo_standing,geo_hand,geo_legs,geo_bird,geo_butterfly,geo_girafe,geo_fish,geo_cherry,geo_tree,geo_flower,geo_carrot,geo_watch,geo_key,geo_truck,geo_velo,geo_road,geo_house,geo_mountain,geo_windmill,word_face,word_profil,word_eyes,word_face2,word_walking,word_standing,word_hand,word_legs,word_bird,word_butterfly,word_girafe,word_fish,word_cherry,word_tree,word_flower,word_carrot,word_watch,word_key,word_truck,word_velo,word_road,word_house,word_mountain,word_windmill
photo_face,0.0,203.98817719616505,238.85980566396353,227.6248349850457,207.7669590325455,213.30930002762895,188.7479156985592,200.1283660313562,248.25954688660934,283.81790268090384,297.68172427884673,240.29355574823717,251.14735450608896,199.56015383606837,220.59505078489158,209.49823016137788,231.31419258640855,234.36609249763464,241.5982598096501,254.7464773780689,247.19842511440058,225.12216317206864,254.55652900330927,237.46125282042547,212.61708110408745,224.54339232535924,231.37067238347825,230.4425944091997,213.2110856903273,216.12132316163894,216.15365069778105,211.22161160694915,223.8849862725178,229.713651803788,216.8345777816684,222.56843324238483,221.61168519350105,209.08002303293037,211.82944399600126,216.89224964969455,208.1145038484554,229.24652568274632,230.54275670009497,233.84799690956504,225.1879836024242,228.76645015899214,222.22785487258835,215.66084872862052,228.68856043975322,216.44763401994706,225.50411633937145,215.44344257480512,211.6832720132307,212.63748689871628,212.95095887833887,212.57899055595786,215.7528903605392,225.69481491637646,222.2843119932249,227.6386492355136,221.90675561959097,212.402116250365,209.3065889337217,213.8448163770327,214.24177634323584,224.15677590878926,233.86209466706111,221.2169155888045,211.18824938354575,215.9966768450209,219.47341117441067,216.9431114076645,216.58817551852633,215.33495700918013,215.73223688644848,224.0265591572749,227.82533018002687,225.7292723429103,215.77516755934792,225.45143422587742,223.7777164079671,230.68970226684974,219.83064834112207,225.70124613883374,227.55007064255344,219.03509032533807,216.7461494279828,225.26289878458098,223.27456954859193,214.00677762505967,226.05833667222697,215.49297391485555,220.9740991239842,224.68246036824416,238.24529997328864,223.0164900550976
photo_profil,203.98817719616505,0.0,253.88939152962908,222.14475793021532,243.88314602784345,249.02549884994013,227.54588106118644,244.98714481278506,266.1149295299386,270.2860724303231,327.9970987306498,265.5560514605914,276.6102908955496,234.7259540969146,251.60104012836558,255.17637533091744,262.9516699342059,254.3705377157444,259.1627226073952,268.6154629151601,248.31736496167926,191.54319091387742,269.72532210638275,243.4664143836526,240.7764750749285,231.64463090803164,249.05975889738843,244.95558092077576,240.2568323043359,239.21763617278208,242.60152380070625,235.6059339360686,246.179239268955,248.8539248740182,240.42478068824732,246.1879231033133,242.02632440971212,239.4739123279732,239.67263468888052,241.27121633189813,240.16384284612843,248.72564331203776,249.62129295337917,246.30923430193025,246.65243870724086,246.44573837623008,246.69590199009167,242.08901197628543,243.9372938298665,242.22000054815382,246.2714217980844,241.1085608857624,239.72678501089527,239.5055038734845,239.98088376259537,242.41809806304045,242.92074438505077,243.98814547159768,242.15508915679737,249.94532007466827,238.48216874765717,239.47797618411812,239.61754349944937,240.21620904021677,240.78967058729614,247.5496265868284,255.04375395170982,248.83820712966238,237.32291365379388,234.25909811482768,244.1701614335493,242.87528071421082,246.57768898245817,245.78106400933044,245.45329837876022,247.46201265914857,250.1037808729717,250.70806735970547,247.60754421618984,249.53777034752343,247.05790266186153,252.70780616456517,243.86058392183728,249.15504744802217,249.48469908099835,245.37284512643672,245.03133364648397,249.40587176468844,246.77856636654607,246.32137829399178,249.5451048091908,246.05827058299235,246.6430939098397,248.1892626594331,259.50564148093764,247.63356114710658
photo_eyes,238.85980566396353,253.88939152962908,0.0,232.10426562123223,257.63096514927514,263.70119782705217,245.72768717028964,263.3606803065056,257.3664799744477,292.8998463483777,302.2771445055432,262.0160854664503,275.2309082792357,258.4579626831115,272.4006226820695,259.1445426746049,287.3269548369733,257.69718704787994,246.31394743182034,270.27489112236304,164.53923912352263,241.12152222106826,256.01405998299737,243.30805244232138,254.5895170918876,265.1887267333254,254.81933629159676,255.6066785641957,263.78083132812765,266.17981326945426,262.43669854264414,258.689305309966,259.30029026533333,248.78379204718058,264.9852111015056,251.0053420801147,250.80410293022447,258.8535518317333,261.29105173197394,267.3804577019396,257.7756428740152,255.89584794317463,255.50399677186516,252.71871164961644,256.0752260898971,248.05215218126224,257.9665429475793,259.2930837253125,262.10600027391007,264.2922737764024,254.53396895854172,264.8932420179804,261.8200234307039,261.73469708446277,261.6061383763909,260.61858723946995,264.75509888848325,250.47953375359907,265.07766831744743,253.87838112359347,263.8110087418734,256.24718362733796,256.67927254445095,260.11243964562647,260.8073615163113,254.29718094844094,261.86331619153526,252.27733093878794,254.5683812061817,256.979995926937,256.5523622257357,263.4177823855493,256.80928393581723,252.07368567636573,254.9653531867885,255.77628009180077,253.07011467263038,251.25997697904123,256.04537429502057,251.1184338600286,252.47783001659823,258.20231558191756,255.51403859302775,250.44826108098508,254.56732374846052,255.83326208401897,254.13513391662127,251.74428005029927,253.70135054244315,255.86403973627472,251.99585323816234,256.02214564084505,258.5186040864414,253.07374208241797,264.97559811814153,258.4231666885855
photo_face2,227.6248349850457,222.14475793021532,232.10426562123223,0.0,254.36190471202517,255.03981244863414,232.73162624221575,256.5030160901104,230.66338333552085,273.2384322293026,297.3366298776743,252.1339544091651,263.4366126428419,244.20810444051028,258.81116751170896,253.98405580717358,274.2365049906014,253.19734660096248,257.7405318223863,265.754540950063,224.93634773476552,223.1468983888785,270.1128292599665,252.2621309752903,236.8434206427006,248.3248514369964,250.06913761587433,237.85942161066652,246.48678720830065,245.26423023951568,247.85274288279845,242.66984699987802,246.72679911283035,242.18662133897524,249.54511885277458,246.2593603771601,237.60674254837375,243.33536958094302,244.1044284679872,250.43162129100403,244.10052913481167,249.13085850061253,249.34385015670017,244.96291344853313,246.88778893363752,239.93290434322992,249.25097042302775,242.75651457489167,251.4642757091608,248.5815047426157,246.29010583572634,248.36793104423754,242.80144621563838,243.50015001202416,243.08821600258898,247.27210143281928,251.49509698347333,237.58050316998043,249.400752885722,248.8227043475999,248.33320816155793,241.4056555963242,241.8842857428985,244.84971270601287,247.03077455213045,247.71276353934928,253.28836644246272,243.02822315471138,240.10281229385416,241.85632216831794,243.39844849200256,248.41000126377824,246.9962550163931,244.11370604663787,246.2145263172648,247.5293334751845,250.6795098887353,249.678534736802,247.3155893532516,249.77934433270673,247.71461557085365,251.94293277395187,246.49498277387548,248.45885141672855,250.95989646749285,247.77172507124186,244.34469314058043,248.66347541360943,248.06666198237946,246.58810969083103,249.3817794769942,246.13498280421504,250.00229346500248,247.88057550207756,259.5008906265096,250.49864968016618
photo_walking,207.7669590325455,243.88314602784345,257.63096514927514,254.36190471202517,0.0,198.29552301293575,218.4832661254761,197.61063828582505,229.1830076122718,275.5570093017807,295.54340576115874,239.49181832755036,235.25558487024537,222.9300425785435,185.5075297728799,197.56710355939327,228.31880651559322,208.64308360770193,252.28255792900632,231.08324358204644,261.2222121179349,251.02208035716663,238.65484623152926,254.94606100048742,166.23370312579726,189.043683150544,192.2574089652877,186.17334362035868,154.63135493253503,178.59757924931577,179.5142694721046,173.32792221338542,181.03889748380556,182.41015738287956,169.44177927810017,176.65248432384502,185.5924963142465,167.02745053574532,180.1875876301803,171.00908751907738,166.91028040111087,191.09599326168257,190.18082469853744,200.85446131052484,182.24120279345138,190.15534679858192,175.02624259709154,183.65901405796814,184.54587427210114,167.2917990982349,186.5336735690933,177.09665248944262,161.06664672719427,167.92669740078952,176.22114000071963,169.3075734471511,169.5886017017615,179.3370117516459,172.7384582167219,182.6539642770072,171.12860722233847,160.13901054017848,166.22915372290126,165.89496049155653,165.76079210959566,181.51396588943786,192.0401547655077,182.37708386720465,167.77198409512542,180.27608199320264,175.36360955324045,180.85689654010017,171.83738466322183,174.60739596880083,174.03579554619657,186.58598477937943,186.3409964679878,184.92966895877137,173.47021452961195,184.25820459764927,183.0681905812917,188.92455734224853,179.264068408599,184.60291513496583,186.1125845801112,177.06875958949107,174.35413414516697,184.59722169655072,183.5868228718324,171.0236591141806,185.2652046069021,171.71599290749427,179.69294651313103,184.1164092088512,199.56216358120574,182.31156256926846
photo_standing,213.30930002762895,249.02549884994013,263.70119782705217,255.03981244863414,198.29552301293575,0.0,227.29712898416875,210.4243458080319,243.04677518274005,296.51979451278356,292.88086815502885,245.1703152209484,262.10827613927336,238.77899306568148,180.4559847406196,179.71905399167966,216.46228039049686,213.69039970184346,258.665679074931,255.10117679839544,264.7669355919439,263.21627363250616,253.5106812682846,259.09319618128075,182.50451818974736,196.67989905128218,199.58078658996016,195.67387497599768,181.1825772871639,167.2756655190879,183.0294833484631,182.49393552431926,192.68995939062606,180.6065811925212,173.5013681620054,188.74555279564035,190.3461708357074,178.4033813044908,175.85430400442763,164.48963004324546,173.29353429903267,194.24555429094593,202.82938327886384,221.00806351023869,184.81599984342856,208.75464893201774,186.28535909549484,184.54138961550393,183.92060239077048,165.85332251781836,193.5048495912396,164.58738656480236,178.6842449466674,170.9429534251185,181.94708009162267,176.58956994644615,172.32119725061918,183.5362179323943,172.76009217279483,192.7358520963438,183.83988715660408,167.53021578442232,164.99109222195565,158.94686524288474,162.3213700291763,185.89346207228172,199.17268707251196,193.53796174013274,172.30390461793536,184.90066325484963,176.04343958441675,186.85883205360193,179.24616624722657,184.35845137508048,181.47777033159625,192.6328409097585,194.1630160895904,194.36129716907965,183.18303208839285,192.58804976636196,191.58217758749674,194.82594794886055,187.84786672899625,191.7694627531258,193.52932039042625,184.24087095953107,181.5248251855984,193.12330254343195,190.56469295186062,179.305651174599,194.4637244769839,178.53407415310622,184.42560108611747,190.93345561413722,204.33262470711648,188.04321040846025
photo_hand,188.7479156985592,227.54588106118644,245.72768717028964,232.73162624221575,218.4832661254761,227.29712898416875,0.0,209.3725552704947,243.11094261211906,294.01133390274185,288.20640634009277,242.64590178711268,241.78970324144504,211.0061189881909,228.05974001076558,215.8550851104223,242.18564791199537,240.43300699232233,252.57347398609045,245.6127146660069,252.36172675832148,230.2076911960479,254.00968796238925,242.15900779936766,216.15027870326207,224.52298340185126,230.62136521289278,228.58683665301982,218.77557773094003,221.8549189092689,218.18600456748229,217.12623027580227,232.1293669296967,230.2870479702412,221.14912649598375,222.39716501267608,221.92276439918837,214.87615131296087,217.4575316196614,220.5778667284109,213.00517098614412,230.91203170682962,229.79921083009552,235.66326696292714,228.09478613887273,224.63578133084889,227.93292271641442,213.69829821417937,234.65638569136786,222.8048949690688,224.76912514918814,222.8049015784138,218.10855145419495,219.6588246603661,207.7391985048329,218.85624236811827,224.50522610665377,225.2893677151994,227.8120455545223,230.9429898456271,226.01565165086552,215.46186319947637,211.97785238535178,213.98125404933725,219.23713650408257,228.88059489455406,238.6063523009905,223.00175518319978,211.98092844123215,215.08460319419765,222.9727945151722,220.43942807811078,221.36287565252013,215.33374655274798,220.68004590400562,226.14790156798358,228.07334777437265,225.24044438451241,220.33837114452365,223.3055922040485,223.87259489456315,230.82658339473963,221.73900571168375,225.28445714056528,228.9201969063266,222.22539351399539,218.53173125057808,223.2847188322373,224.37682309986684,219.57421908614995,225.33221173110118,220.22374830810546,223.82434693584506,224.58123921428344,238.42296536200388,223.65115864790516
photo_legs,200.1283660313562,244.98714481278506,263.3606803065056,256.5030160901104,197.61063828582505,210.4243458080319,209.3725552704947,0.0,246.34342747046298,296.9060180068337,291.8262518183323,251.8876160275902,249.9041637556886,225.08369869349536,196.7594707818148,201.91316817834308,226.8203554219959,230.63542403365642,265.0585065756813,251.85172225056473,271.34175740039717,252.27372747957565,260.11238907821286,256.35904494878343,192.92812753417604,215.40451103139762,218.73934250519002,216.63219706929078,192.70031483388684,198.64597489051022,200.2650387996673,194.34587099522824,213.38123929363115,210.27506110604529,201.31421785346623,207.18810358348193,209.28144161612198,190.72086833908486,197.6114334292036,191.5755384991754,185.33902915664748,217.30003528351625,220.27934251202709,232.354143613609,210.75827276049858,216.26808563382343,208.02425203804367,199.50611094932427,210.5308476389877,191.2784158733229,212.71285064127707,193.91352733132462,191.11932407112272,190.56436584804703,196.72728759002612,188.90650926623087,188.9479668877492,209.50571747140057,206.1413248888933,213.56306089872922,196.66592471448928,191.6375515743278,189.38206411086946,187.00738893339954,190.53026302874903,209.62273838932163,222.0377039567327,208.79755214860316,197.34603727674363,198.41579099280477,201.6831032468865,203.3053513137508,199.93390425051044,199.47904497143003,201.31777466420274,212.06674721057402,212.5920336827279,210.5114518676319,201.77593319317637,209.29106114672877,208.67869877450633,216.03159126348993,206.73225108895753,210.2854969548683,213.93713799054433,205.19591842394294,201.50351708967577,209.397451247455,209.5589052119112,198.20821282284408,211.19056453557693,199.78022620571434,206.71749724132215,210.82719403396726,225.94879972308578,208.4144848485174
photo_bird,248.25954688660934,266.1149295299386,257.3664799744477,230.66338333552085,229.1830076122718,243.04677518274005,243.11094261211906,246.34342747046298,0.0,274.87508702846384,261.2428224440733,213.21210361305185,253.12830855423087,246.97054002712457,238.6648471580515,233.02217457241258,252.6648659705707,197.08470906488606,237.13073230632517,220.61020655462758,247.3533910057425,263.46812824128216,243.07411906425565,270.4008418237817,196.68603141970036,216.38673275553137,204.35698404654244,207.4097563822934,213.2194162364792,216.18791237839412,216.5979599793832,211.123269183172,193.05495788006402,211.94725172388746,213.30986357125778,195.82558623706652,214.19237936612822,205.37814679031732,208.13744848701117,217.03234658337615,202.04092698352702,195.932327256644,204.70390437189477,204.45517962188654,199.0158190327454,200.0407468573659,202.25489627648443,212.50802221536512,218.76067584254673,215.18561311097764,198.14078195121468,211.4476719951606,211.87219110682182,208.97857730984248,214.66866369838553,211.09024872273568,212.04475629981226,211.92108259046162,214.1905931243842,201.62642540654645,215.50646217106672,202.23006950053193,203.84446071550258,209.51123115561376,208.74152988402406,193.54852365196874,216.2539941598322,197.22522308700582,204.71806165856265,205.88886061050238,203.47104954307133,214.8528778940585,195.24336101052464,190.4828510425478,192.59570884791393,193.53460515259613,195.04673715318478,191.8553832368913,193.70784996862778,191.25616317601668,191.3154201942609,199.28957532319455,193.30533656651687,190.59561668071547,195.90438140725462,194.58632610886218,189.90797002871466,191.1084430018713,192.5012147001913,193.33739627216983,192.94240129995984,193.92136381031867,198.40788927781333,190.41024572384666,206.96096877869292,197.2230402873749
photo_butterfly,283.81790268090384,270.2860724303231,292.8998463483777,273.2384322293026,275.5570093017807,296.51979451278356,294.01133390274185,296.9060180068337,274.87508702846384,0.0,348.8131579848921,292.5397485669599,309.9961746073359,294.9045514758453,293.434859949644,296.96705993653455,312.941583048015,267.68914675383365,282.75554799294144,275.58616254677077,269.2282689950198,279.87002357339134,295.68178526621784,284.4042658641859,257.44475739988974,257.04280243531923,259.46727060205865,246.95723422474535,258.3236656877289,262.2016819323671,267.50197805248433,262.34621994498156,252.77733600913973,259.5255526807475,264.02113663770086,257.7475372708712,258.1477919612405,259.3943519214974,264.0565620296168,266.7939800347776,259.6572160770284,258.40073075346294,257.80595143456367,250.7947898023986,258.68477222077524,254.82708758886864,255.1749316746648,258.1097885790958,264.34328189440646,265.1220516406918,258.03402293468883,264.56155197487743,257.13473045227386,257.78168162523275,265.08112366432135,262.82387814997446,263.3497109336169,255.63589463399194,261.34275714365486,260.1853616924179,264.43393851212716,259.70851376144896,262.97977353360096,263.0184159740354,262.72369353750463,258.56651940003457,262.63939648741956,257.4823477821583,259.7984338733644,261.6372793641745,255.66141620854128,261.205079279732,257.5432633462373,257.3449781470291,257.05591061092053,259.0789482293188,260.33356303300934,261.87947890672444,258.6795391075027,260.73027564601324,257.7388668686234,262.30939856622825,254.84307909317909,261.0162406803835,259.2169125193383,255.78344734429706,256.629545255116,259.88309078964505,258.3201025162433,256.7584793916487,259.9367128408345,257.2479936308176,258.3597595795558,259.59549345430844,268.96311548894596,259.93038807535214
photo_girafe,297.68172427884673,327.9970987306498,302.2771445055432,297.3366298776743,295.54340576115874,292.88086815502885,288.20640634009277,291.8262518183323,261.2428224440733,348.8131579848921,0.0,295.25487478544574,304.9065506361312,290.18278674883265,289.8255061079894,291.65021525811943,305.62635337824855,285.9701719012576,293.9600081892893,291.51343379900516,300.6691031228908,305.38151669055645,299.4355123575871,301.4441528492002,273.2078421166236,290.10486787276403,288.8987156971277,281.76649016971925,283.1880270084359,288.990214062169,277.6639510515957,279.5742769076116,286.33936626482017,275.7989001647792,281.5319245752093,278.1227563573972,280.99663868576266,278.8213700602295,281.78936301075044,287.7924056037129,273.76064616356433,284.1411037239258,276.90739700638176,285.9591621393926,284.65219404487755,274.4979357509248,285.9468601581296,270.1694408751374,286.35004148038405,288.9517122915499,283.1366366806409,280.2296348126263,284.36346638319725,278.3388017227289,277.5151258711562,283.19200306863263,294.8592064359282,285.6031337137833,286.2702665287644,284.4577160608073,286.06816310477126,279.7347756099764,271.0835005967176,280.85082284169937,284.5983518845896,282.9806437980658,288.81096324211194,274.1552060630155,276.4352212822505,273.8402726714741,278.7000192448578,274.5224287984343,283.39468620424185,276.01337922342185,280.6077545898488,282.57649190436723,282.25645754587174,278.41689033960074,280.63335237680906,277.82088336950744,279.28700457207157,285.75899170694333,282.4816960966164,278.7455322850608,285.17066588620406,283.1281440465931,278.0443714523013,278.11867800632336,280.6411823289556,281.1765575202833,279.66709602680066,281.793835582305,285.96230299198254,280.2243185644762,293.23091272874063,284.57068849312645
photo_fish,240.29355574823717,265.5560514605914,262.0160854664503,252.1339544091651,239.49181832755036,245.1703152209484,242.64590178711268,251.8876160275902,213.21210361305185,292.5397485669599,295.25487478544574,0.0,270.87730726826146,254.71412038432334,248.6102650940218,229.24360505885625,256.0093671950582,208.9834840267851,230.31347203074094,232.31362447030745,249.03272977087695,267.8539928269305,253.7160549043388,283.396057423532,219.33740163739128,230.38030929128578,204.17579155361767,225.459080882971,228.94004789512957,229.36589726405185,231.6747780247807,228.0360518158004,219.79383088507797,224.96841175134657,228.73323656819875,199.47210737192665,223.1993761746776,222.25756626959756,225.50695633351586,227.26951457440717,216.64230193243066,207.84756619754617,208.31760360637801,216.85631055783605,205.90521207297704,214.09756660460826,208.3054810393837,230.90577563213282,231.75155417295474,222.6491478414219,202.16823204283884,224.6504818016392,229.1177217999122,224.39016314812272,228.9486537768851,223.2405706969254,223.49622162756071,223.53380680468638,225.49498038716155,202.0415108263192,226.71149730420615,212.90053854817856,219.69539376135145,221.5787048405957,218.10421299443541,207.1640034691042,220.04481398176173,213.98462704507415,216.23805567015066,223.26271242248654,214.6367491087122,231.7496805532343,209.5861506878362,205.10915378351376,208.44837636322637,207.84066426093386,205.79472797631396,203.54292687938823,208.66953686574774,202.91662418694364,201.87647608610584,212.21682741075813,206.38524386207436,204.61194707507846,205.1642591366983,208.3576345633549,205.98034521821495,202.97199062949835,205.53950783060225,209.5381201094998,203.3863156035553,208.44285558006945,213.0345359171354,204.82565750363366,217.5029733984193,212.63965890266763
photo_cherry,251.14735450608896,276.6102908955496,275.2309082792357,263.4366126428419,235.25558487024537,262.10827613927336,241.78970324144504,249.9041637556886,253.12830855423087,309.9961746073359,304.9065506361312,270.87730726826146,0.0,248.32279186683337,254.4854003109273,251.4626685677258,275.0986493791314,253.59416030717483,290.65543123916484,260.1248003202049,286.153888897174,264.2978939564006,261.63602879169537,268.2763186724396,232.41335442459086,245.70250811804453,246.07942282877733,246.62766196065647,229.03336310428313,243.1555193423691,239.9314781579571,232.51824461334527,243.83996471639185,243.56336991595552,235.44023806660752,236.0116226244099,241.80393803382034,230.5591058967942,243.96457024662257,237.6196964787061,230.2487585073725,244.52286092384688,239.4778798848503,247.0129671533157,244.29833449444303,235.37808992661132,237.05655191747013,234.60457117181397,247.60128810658307,239.65738412115678,241.17597327748436,241.98485064234535,232.5086293751958,236.07306859166945,236.13371200111428,233.60420923577303,237.04205035434975,239.14702543556686,239.07914551003861,243.84924636680802,235.30114321741803,229.10139694406297,233.50710864032388,234.29436565087914,235.7270193871507,242.4472818358551,248.9793123376305,240.30982573490218,227.2614264806542,229.989842244308,240.75206980156247,238.5481747055979,234.57238425623478,231.7414453344238,233.66696447558022,241.40300169475944,241.2166387345454,238.70294990799079,233.2923555024422,238.22907236594543,237.3431163608953,248.9196919900509,236.350233359972,239.37361836986813,243.17188199086488,236.55787191289735,233.1650401367583,238.42584310156536,239.2451488936691,233.25927637345632,239.00642231925318,234.49644908899788,239.31912831954142,239.98191307544874,253.66705791742734,238.78414663360553
photo_tree,199.56015383606837,234.7259540969146,258.4579626831115,244.20810444051028,222.9300425785435,238.77899306568148,211.0061189881909,225.08369869349536,246.97054002712457,294.9045514758453,290.18278674883265,254.71412038432334,248.32279186683337,0.0,239.83250360334458,226.05219517242026,233.9572637808118,250.4418327205202,262.2641624380524,249.9544579114719,261.54722177296037,227.78164847106996,240.48109303932833,243.10633630641362,222.095724554018,235.0445546637597,245.63813875873223,237.3161296118287,217.8655815026825,229.65781472928634,233.4741022954279,220.57268959639424,232.69327598768302,236.35066311653455,222.0923482167792,229.5787440793913,231.92706801619138,210.26960344158468,232.47605121174627,227.40105482863365,213.12649985093083,242.1829990412748,235.92067467372718,236.7749558804365,240.17629849336055,229.12490006183302,233.23671067127881,216.5868952543886,242.64039083200234,231.769325048226,240.5044696973786,238.98553364310447,219.84537766369075,223.9804995985885,217.91767776200433,227.19265415448754,230.68819601386878,232.0582882260858,234.46532673350407,241.25019197059302,227.28602449817424,218.1588953387887,222.76065809080328,225.3739281162417,228.3762024791652,239.5245074365298,249.90139121863393,232.55499882391996,219.70566968280986,222.17108349445607,236.75524795700733,220.35046422529246,226.97116325017842,225.32567552521317,227.45871451864036,235.84757878923196,237.47340572291284,235.37141656225978,226.40171624784975,233.38150067416285,232.53144657284597,241.32750563909465,231.27245256819302,234.71789930804252,238.6004343160301,231.9902695709435,228.08834807005314,233.63634564527962,236.45811458151172,225.94845543500227,235.11899748790398,227.00893674403744,234.31579790458437,235.57434022444733,248.22694952130524,235.421806094626
photo_flower,220.59505078489158,251.60104012836558,272.4006226820695,258.81116751170896,185.5075297728799,180.4559847406196,228.05974001076558,196.7594707818148,238.6648471580515,293.434859949644,289.8255061079894,248.6102650940218,254.4854003109273,239.83250360334458,0.0,176.38232355476057,214.73706928969025,207.9008282153844,267.69586140583556,246.8016872437968,270.69292149186276,265.21393838214783,262.37848518435027,267.9503050578963,166.4675210346387,189.60318991492892,189.78595731125006,185.6157330565356,166.2828588369622,155.15521568104788,167.39820521880972,174.26409456217488,181.91433664362435,175.10586886319516,163.39646044360273,176.53610254798522,181.5411882409535,161.81713001340248,167.70829461351042,146.3436324515783,156.22058997871466,184.60037264385596,189.74075093441724,212.22731410310666,174.1957839571538,199.10243093812167,174.2071554275583,185.24941360960503,175.82684116471944,150.88086651845626,183.41006675530525,159.29294248316646,162.8827320064435,156.3422367129033,171.9857710257107,163.0307386584853,160.4048259595853,174.24800169242744,164.6915144550773,180.70321076244085,170.58757336398622,153.32645020663261,146.41440074036922,142.28741493557152,147.98905539553317,175.25445697445141,188.02980427318386,182.57166352396968,157.55942886745675,172.53716400789642,162.43308457391436,181.98072574193841,168.49819314236672,172.63657264374118,169.26088425172074,181.8978169856584,183.37568130367805,182.77151599398564,171.6785398159071,181.50424750191675,180.0818195794424,186.35025981074162,176.6596604249247,180.9355567180394,182.87521325089992,172.49587323633608,170.41565643851234,181.5075386060865,179.61890934568527,166.51211021576242,183.34211473075436,167.19834438113304,174.23404668718132,179.60870065870978,194.28552158874766,177.84217637706294
photo_carrot,209.49823016137788,255.17637533091744,259.1445426746049,253.98405580717358,197.56710355939327,179.71905399167966,215.8550851104223,201.91316817834308,233.02217457241258,296.96705993653455,291.65021525811943,229.24360505885625,251.4626685677258,226.05219517242026,176.38232355476057,0.0,192.85303278569643,212.68577611272107,258.2348496713876,250.31850939838276,271.03246791054386,262.9003305638813,250.17042104443922,276.829927440798,182.86392970694524,204.42143903479047,201.22537730569033,203.27136476311125,186.51018663024524,170.3504039952789,186.75406971395026,186.9589139504238,196.9054068105426,190.21199427461656,175.60215515246583,190.59241967583867,197.79211153893,175.14396001602594,182.35582433000295,156.37541344689006,175.16772946374238,196.26702059652675,204.08977372913753,226.68477877661041,187.47277875647848,213.06112910649202,187.9207501045247,200.8259291966658,194.23004453646044,165.0708942931816,194.85927658912712,179.89476181936348,179.81618764836622,172.23838271194552,187.19310698785162,180.4214722970632,172.5058539733624,189.4184170309294,179.12177771820234,194.93567683721628,182.5260081237539,164.07381938937866,162.96546292770128,151.34946556803013,157.0206239722572,187.21189086623917,202.94896822566747,198.2132304597745,177.14930191018723,186.63262757591087,182.79453841395633,198.69601595952633,179.54352111437808,183.08910084012132,181.19726379646124,193.26899793798788,194.85114675912493,193.82415219614956,182.74111021847617,192.18578592161714,191.17187047971777,197.77141277509816,189.01807593718317,192.27389487030132,195.2024188990094,184.77130487867151,181.37845931095399,192.63644318739486,190.94556518941985,179.14802875027326,194.57147122651784,179.01955986224445,185.4144020968461,191.63072879061227,206.46149450867966,187.92825480979099
photo_watch,231.31419258640855,262.9516699342059,287.3269548369733,274.2365049906014,228.31880651559322,216.46228039049686,242.18564791199537,226.8203554219959,252.6648659705707,312.941583048015,305.62635337824855,256.0093671950582,275.0986493791314,233.9572637808118,214.73706928969025,192.85303278569643,0.0,243.29053641291196,276.6425768427074,267.3784377289863,284.2223168543655,276.7326610085069,254.20672860721766,285.89016553072486,217.42340486073695,234.10140024437018,241.2075317148676,235.87391814758698,217.51832956642866,206.93842482158306,224.1786231614603,219.80617641099545,225.0287983239846,228.22563852734103,217.94214519565838,223.38952796718758,227.70617458701798,202.23749252397195,215.7332387339754,199.8016365441584,204.7554002897639,234.06655247047007,234.83470901329292,248.95161418247778,226.2782699979258,237.58302018434486,224.13738403067362,224.17424551596608,233.61159563578846,209.43930861668298,233.43353504945273,224.36685204705515,214.6856074938748,213.59526761246047,219.7882794185546,218.16330076926658,215.20134008156936,225.44990214809863,223.80701189284284,233.00795211657297,217.62431756621166,206.00638584368932,200.43638171996304,203.57496869968122,204.88794108405878,228.34071150962055,243.89154116112866,232.0474792850017,221.68824563394367,216.31186641956072,227.4023897780105,225.8651426176824,218.5472501120492,221.08410878305483,218.9396569878674,228.88774148589,231.31944920710666,229.9849683663697,219.6079567722959,228.9955982456061,226.29699418630477,231.45760116242045,224.7126498134786,227.77985079224618,231.0277629171705,223.1748689920612,220.54946275465178,228.52901865962122,228.71019176761797,217.26927014367894,229.92421927109422,217.62284435004986,224.20062095912576,227.67864535040434,240.04003307543263,226.02401097780103
photo_key,234.36609249763464,254.3705377157444,257.69718704787994,253.19734660096248,208.64308360770193,213.69039970184346,240.43300699232233,230.63542403365642,197.08470906488606,267.68914675383365,285.9701719012576,208.9834840267851,253.59416030717483,250.4418327205202,207.9008282153844,212.68577611272107,243.29053641291196,0.0,233.72123427555238,210.33890817860757,245.6000027883777,263.8259803703539,242.9165851450159,264.40428789269737,165.2555496410489,169.51573415760794,134.78652364964185,174.80133977195004,176.36804289108312,174.0955017002348,175.09746788036784,173.62035525293288,153.55928455749958,171.59034298297527,174.0760971368437,144.4958866216238,163.4037671645396,169.02685919856714,170.07989446916565,167.62422838379436,164.15267859010942,117.3172691482922,156.78500466521567,168.7431824778925,148.45660372141236,162.00944648451267,142.2396470142723,182.41263859568085,167.24428009607044,159.38987595494498,130.73297008270825,165.06045450527458,174.3918293443075,165.74785919177012,173.51498327275033,161.6016792012184,157.99749915035338,164.98540082439382,164.52480213481147,142.05463606808277,166.72988751958022,154.21022010085827,162.37099511748158,160.58887743345537,154.7858534315248,113.57887295341399,157.4898652892307,155.1961605813054,154.7811313558381,166.60877703163996,154.4642550817288,177.6400772526968,134.68318304051078,132.48596082549392,131.9640143377113,130.38258091001163,128.30732694326835,127.50265843616457,134.444063319699,130.35567092082127,126.90387591004232,134.93899084251876,133.94296920474122,127.12895093688495,128.08885336842667,132.5369866426911,132.79105793836675,127.18614540130008,128.21204878774432,136.87248675972845,128.82345399605776,134.0114496789349,135.1582135661511,128.60017097444614,145.33260155200233,136.04988798756565
photo_truck,241.5982598096501,259.1627226073952,246.31394743182034,257.7405318223863,252.28255792900632,258.665679074931,252.57347398609045,265.0585065756813,237.13073230632517,282.75554799294144,293.9600081892893,230.31347203074094,290.65543123916484,262.2641624380524,267.69586140583556,258.2348496713876,276.6425768427074,233.72123427555238,0.0,245.18475096647643,240.75457933723644,250.68410645861402,264.75684769859805,269.2155487737601,235.93304725439185,247.5580231288261,231.1703900263764,236.48524436511013,249.4008146969081,250.14973214184616,247.3499403571386,244.5489264981139,241.02986261351353,243.1601632388295,249.4887315057008,228.65317244493994,241.43009624366917,243.46604501719025,246.6440207123131,250.99895065151586,241.2656556994839,234.984244386398,216.6101186897094,227.3315816836919,240.28673920472366,222.51951324832407,233.23973761185434,242.32546802836507,245.48623873446303,245.8603676582015,232.025005744939,242.9529632689272,245.0864500417177,242.7523865344247,248.37855790321996,245.32552767237954,248.2198757246393,242.6148595499309,246.6542538910929,230.69325637563014,247.18514687549,237.2612459807201,241.66998528381723,243.61247963466374,242.1203487282453,236.48120564775178,218.6324583024928,225.1943540017684,236.83400529408175,243.77011689492676,235.9261818665406,247.7676890574988,238.24495772489087,234.51820285156225,237.3903240892448,238.6200658794602,231.65541813341522,232.25317094823802,237.01321997263173,231.5399997837444,231.1952409803586,244.242993860355,237.11698868041645,233.54281889240116,235.0318037546777,239.27325505962025,235.06264700859955,232.24408922566724,235.5923397149187,238.28996017878086,232.22863036539826,238.53904005672703,242.13791650499803,235.5557921237678,245.29945943001763,242.33278362291463
photo_velo,254.7464773780689,268.6154629151601,270.27489112236304,265.754540950063,231.08324358204644,255.10117679839544,245.6127146660069,251.85172225056473,220.61020655462758,275.58616254677077,291.51343379900516,232.31362447030745,260.1248003202049,249.9544579114719,246.8016872437968,250.31850939838276,267.3784377289863,210.33890817860757,245.18475096647643,0.0,258.555621936156,268.21157612397406,238.15081648171048,252.55159657535663,197.19867471504324,209.81869265128566,199.76799111728715,209.96757042088083,211.0843379943803,224.82724263580198,223.52597097417953,217.12979505214196,201.41271150605957,215.90517575312896,219.71217593839677,189.18056523623488,208.059387070034,206.77794067451384,218.27577976254884,223.27319723402968,204.767988347274,198.97900595177478,188.84071311640184,170.0125162714164,204.61469643490932,186.3266048084537,195.98981240176627,203.3148138982927,224.6233593581774,222.5176965840311,199.77215718852068,220.82831803032343,211.77920628661192,213.85043804465633,212.83426554318305,217.39493668544657,219.70998526690565,214.23764140219853,220.70991517820542,201.55091845212237,217.41892399530715,206.500819043169,212.18171013157118,217.26642951369513,219.1511038455924,203.40767497727882,207.24165810625993,186.35094156905285,206.455523232059,208.34335816993323,205.80002780780708,207.97298993970594,200.6483753801138,193.71728302828114,198.75476943214147,196.79501226130733,192.37586074538405,192.58367263658585,199.05534918595646,189.3805087542933,189.38677955810724,200.1360071644989,193.19754981875678,193.496364974429,193.13193027977175,198.24129762099824,197.58627042421858,190.3523189852626,195.52195847742348,199.7384449391418,191.25796099529842,200.17163320239246,201.9188746302085,194.503117722022,205.28225881713308,200.45245457707992
photo_road,247.19842511440058,248.31736496167926,164.53923912352263,224.93634773476552,261.2222121179349,264.7669355919439,252.36172675832148,271.34175740039717,247.3533910057425,269.2282689950198,300.6691031228908,249.03272977087695,286.153888897174,261.54722177296037,270.69292149186276,271.03246791054386,284.2223168543655,245.6000027883777,240.75457933723644,258.555621936156,0.0,240.51895659276525,258.6495291154936,240.6389612685044,248.40889779713,255.3171646591868,248.01190011594275,243.13762195128078,255.04037511151589,256.0766633528945,257.78407953924375,252.74819365627187,249.05294261037744,238.8688078707754,258.66069503278425,244.46511483201346,239.04325461914945,252.23021846928702,251.4370670619394,260.28847596243804,250.85319582700384,246.96230182037507,244.23187040777862,236.35470107493745,244.99898631577815,235.80787151318262,252.14249831575378,251.14962275065176,254.5749032292974,258.8589872078614,246.58100097978593,259.89763078266054,253.44900748587034,253.6917739455562,254.6733682091128,256.6772103842687,260.0230711811343,243.65077550453424,259.3123914454064,246.06980831374224,258.84791464305056,251.52055512242066,248.96316902676912,254.8706229101138,255.84790201619955,249.29193894285447,251.98954451492406,242.17835299514792,249.52573148432293,250.57321832701848,247.24561803327362,255.89822042216645,254.7634080957703,249.6831948398844,252.01704603856038,249.82533931713104,247.52857433965514,246.92030298497136,254.26343146101104,245.9500990007669,247.53750946954491,250.08541617859325,249.90337084222728,246.00331347318874,248.00764739174207,252.06518834484646,252.11387419847628,246.7792346356541,248.28683850115013,253.28309300316627,246.78930437764188,253.87832623808853,255.00288924266263,247.68588121133953,257.0947661264403,254.77795112037924
