,photo_face,photo_profil,photo_eyes,photo_face2,photo_walking,photo_standing,photo_hand,photo_legs,photo_bird,photo_butterfly,photo_girafe,photo_fish,photo_cherry,photo_tree,photo_flower,photo_carrot,photo_watch,photo_key,photo_truck,photo_velo,photo_road,photo_house,photo_mountain,photo_windmill,drawing_face,drawing_profil,drawing_eyes,drawing_face2,drawing_walking,drawing_standing,drawing_hand,drawing_legs,drawing_bird,drawing_butterfly,drawing_girafe,drawing_fish,drawing_cherry,drawing_tree,drawing_flower,drawing_carrot,drawing_watch,drawing_key,drawing_truck,drawing_velo,drawing_road,drawing_house,drawing_mountain,drawing_windmill,geo_face,geo_profil,geo_eyes,geo_face2,geo_walking,geo_standing,geo_hand,geo_legs,geo_bird,geo_butterfly,geo_girafe,geo_fish,geo_cherry,geo_tree,geo_flower,geo_carrot,geo_watch,geo_key,geo_truck,geo_velo,geo_road,geo_house,geo_mountain,geo_windmill,word_face,word_profil,word_eyes,word_face2,word_walking,word_standing,word_hand,word_legs,word_bird,word_butterfly,word_girafe,word_fish,word_cherry,word_tree,word_flower,word_carrot,word_watch,word_key,word_truck,word_velo,word_road,word_house,word_mountain,word_windmill
photo_face,0.0,191.1354495039667,222.79527448682867,209.32695525503047,193.91717907342078,195.2700876130706,174.49181041437706,180.96624985885822,233.61058108563776,248.49622093076042,281.6855618033977,215.2500558217896,223.37699801527518,189.95567779953942,205.4071053535157,188.7864133845872,209.59859584582398,217.08465868147374,228.41719703168417,239.1553439416119,233.4087441276619,209.0115836500433,239.47474852620704,226.98351560936834,203.37027581357762,217.01327934985548,222.74805325963482,221.6301657803085,204.8151061057587,207.12805578790133,207.5429057838417,203.42065220256137,213.1824170870018,222.80358473163128,206.39292769417574,213.94808373528278,214.50367259523648,199.7355461562286,202.3406812237459,205.91837568112854,198.6109558752353,218.481812012962,220.94023871556834,226.63113780035692,212.47569304969986,217.10431311686773,211.10102843452998,208.0449091427747,223.66858737542674,205.92482332240203,217.46598217152552,204.62062025206038,204.8290492711218,204.99488514469812,203.1506617901138,203.70791502944357,205.90605532277343,219.97287384747776,212.93035508277188,218.99630219423028,216.50372272753583,204.24449828132035,200.33438907221222,204.3218780584793,203.81746295945442,214.25182578846778,223.13581313500666,214.60030849084217,201.43047587489946,205.8742514747381,214.00847902043847,210.19220117345614,204.2182270708828,202.36826893613562,204.05064466881294,212.31999460425183,216.45354546823654,213.26639905500372,203.72914643657637,213.81830618945165,212.29300009618768,217.7924975701183,207.96816034271615,214.1039643456721,216.36797842330233,207.50629526740974,205.2418124812917,213.04261676779814,211.56972872072657,202.41809391344066,214.05400098480092,203.8290626638978,209.35509218161533,212.33514981832442,225.3561092373281,209.01847763482985
photo_profil,191.1354495039667,0.0,239.51237904952814,204.03003605082208,228.55994431167787,230.93375365285436,214.09726136330093,227.78083333587927,252.9017422295547,233.58141958043086,311.1572738887932,241.1165898717517,248.65449905808242,227.44006397488334,235.69380317144427,231.18752295575675,242.7326962956477,237.26494176518773,247.1954434618825,255.5438045422527,236.0373691367326,181.5730263191752,255.26117972173097,233.47089863921414,232.85938154799166,223.29225354634863,241.76663435318164,237.73099760113124,233.3613168576482,229.554331165042,234.7652959952175,228.99983361540126,237.91560974664662,240.46696778920705,231.64173843439704,239.02522816583198,233.90516713449884,232.18365225127744,229.48244986107846,230.62208310442452,232.60849433275607,238.87649135351404,239.23983013073078,237.57226709564395,235.53463319883758,235.13142206395784,237.03193217364748,234.9475468914788,238.45798566799562,233.16693677535514,239.20088366558312,231.9053919600407,233.2432220795948,233.0299628760755,232.1492022665197,234.73075044302774,233.0773666493514,237.31333452743527,232.3626748222038,241.6172763353202,232.27621141977096,233.08560787855214,231.43413781927813,230.9598205521781,230.75530818606805,237.83661686952664,243.3494540232342,242.9053462450996,229.76228515052793,225.83467333816543,237.80766486136935,235.21144101204771,235.21200072642316,234.33467904178357,233.70323681616344,236.59830025726606,239.62155776872845,238.5968763854905,235.6174385041136,238.7772589923367,236.66207208180163,239.6476712586885,233.53686115141605,237.91699649687018,239.09359560079693,233.77852511215593,233.30050232740047,238.84264265516796,235.18931065065493,235.8506724042746,238.70856596177344,235.24148210213613,234.57054090537542,236.77171193498475,247.68150889617613,233.78360436294602
photo_eyes,222.79527448682867,239.51237904952814,0.0,213.37690859796584,238.57195786356132,243.13234952847802,224.00504038647242,239.0681751255526,238.04532966561476,250.8363307692686,279.2754487626977,232.23665963813852,243.5332774578178,244.91397853160737,253.79345365518995,233.29013838842917,263.29073377902466,235.05153905230367,226.98308729248348,250.38567430644798,154.97142635938954,226.28443584939603,238.69014933215857,234.4300012540699,242.83435822856657,253.6533040968547,239.66999434112452,245.08710327890566,252.73196808050758,252.78282843297984,247.20329466191504,246.32918583409403,245.2694551627395,237.2524502453445,251.18896930018502,237.14331054336247,238.1553692917177,245.26319766893934,246.44847096432474,251.5121541095424,243.61961356479807,239.88079691297966,240.29110584327836,239.45155240128906,240.03737714185587,231.8665019380215,242.2615555222294,247.666182875885,253.5279070382072,248.9796701116733,239.1270682061709,249.8176559506456,250.7202432299504,250.38524265227431,247.61703325132092,246.47083021518029,249.09646314071497,240.37497839146204,250.44818872106163,240.26142208709112,253.92341715361303,243.9768217438398,242.84322157680063,245.35610637430227,242.7725766506459,238.007022124177,245.92607640132096,239.45139727256924,242.52131317271238,243.26960106368523,245.72675646650683,251.93502557993025,238.9368241572964,235.21117034612692,237.7071189521162,239.57542921617724,237.30512276203345,234.66049175106156,238.81209061645035,234.31964007453735,236.38735512835586,240.94130562770508,238.86872776312924,233.8799521506646,238.25684191345167,238.69846212663114,236.92915234924834,235.13972423262757,237.0283428422404,239.13397849946332,235.11277259860645,239.03974226823627,239.52076107028884,236.47943260564838,248.08305861510206,239.33467148583742
photo_face2,209.32695525503047,204.03003605082208,213.37690859796584,0.0,230.9813856584696,231.94187573548726,211.663795158712,233.30882396890567,214.66635379637125,228.45461609524264,275.174667022981,224.25099322220257,234.73566362485076,228.6625189800225,238.8012665009241,227.0219697898319,249.7961849873686,231.66922998721503,238.3631180294892,246.44282734144423,206.2589465406426,204.2314851111658,249.17287368624363,236.6889197254187,225.0367551935886,237.220034530695,237.48582269500142,223.32749433669747,235.30481421523973,231.7317276128478,233.98929531972513,231.85502463332384,232.46868939929217,230.0763517482909,236.63680212650993,233.28822248356173,226.0645489605515,230.46024212550762,230.43262644586056,235.7366702912551,231.78219196369898,234.50793967362017,233.72888338328355,231.42112697200727,231.2879792095255,223.95696254649081,234.74986938726457,231.84215482942122,240.95179232364654,234.06057306140076,234.00639196089904,234.19783376975624,231.75311233610108,233.54377798963523,230.5069266364198,235.56902570870994,237.52588618069805,227.82945948775134,235.56910293524365,234.6928504621946,239.74123652133352,230.03400802047636,229.5053817606844,232.02409859861908,231.32364405817268,233.04346943208955,236.49573035391444,230.95117291893686,228.9055558973063,228.73584942137387,233.2238332951292,238.9873877478361,230.8209331971472,227.32380567852857,230.12711205491811,231.75092982938688,235.41907225798613,233.31441246849926,229.9733811902584,234.19305022995005,232.3066382141923,235.09580161955412,231.14521606844437,232.74551755509833,236.27549267776345,232.09789326631898,227.58145037742193,233.42262498373384,231.54459404568448,230.95940881015423,233.5410703793955,229.8874578912272,233.55038887672254,231.57318292405262,243.0483766084963,231.76116288325466
photo_walking,193.91717907342078,228.55994431167787,238.57195786356132,230.9813856584696,0.0,174.68079265263717,198.45197733920466,171.45807976640256,213.66348054832608,237.61358335167782,274.99356268462674,208.11689571184246,201.58174565006792,209.5121245939686,167.985520407751,168.6100189244497,203.45086332438748,190.42020026998713,235.03907095280658,213.48697200767558,242.23775319756248,233.10206033260317,216.89167783720643,239.55299642067243,156.33853736767804,181.4852678783469,185.21003540068278,176.95691935497666,143.64023354531463,168.42408604034733,167.08382637958903,163.5563008260672,170.7601186189307,172.26638747028903,158.9634082737962,168.13032885657407,175.63985924247396,156.32408966807014,167.07113163989573,160.0584592964932,155.64773032977644,181.27663357712308,181.1654492527651,191.68251020073455,169.2226272873952,177.55411842359584,163.67177864493897,175.14348521887743,182.26574163099357,157.23119003559242,180.23146751772822,166.871781677338,152.80567479446572,161.42495848652138,166.37878995300483,160.30819989603322,160.73192324446072,174.25617994020308,162.95312878731724,174.0269920031682,165.9587624079898,152.25850919671194,156.78712487870368,155.95975628755562,153.60320981874438,173.47973463120508,180.41001293888206,176.7970605635705,159.01334446991697,170.89260284160073,170.61634205966092,172.67900411044374,157.78269409029542,160.22645914918945,162.42575734442116,172.96899009699266,173.5886916287107,170.60967186063888,158.8242921887616,171.74284506931298,170.76490666591732,173.81754195055717,166.816977979472,172.0057299732857,173.53511770119988,163.97898683166676,160.68032922874983,171.81352266075652,169.22779803025617,158.42408332901488,171.23959300064604,158.13776517772914,166.03718887306047,170.57449331372354,184.19795712959498,165.83870505043464
photo_standing,195.2700876130706,230.93375365285436,243.13234952847802,231.94187573548726,174.68079265263717,0.0,202.07898398342238,180.24229264754027,226.59314696561424,255.74832221380223,271.6043127395006,214.26057144117192,227.01026182922945,224.4305738352356,156.7264321273801,146.9155268769351,189.32238625890733,190.44522994273655,238.86396925447445,234.2527250108832,246.36743613306135,243.89432425315147,236.14838560338677,243.0348476236454,169.4853779126811,185.18886126819382,186.76899728659987,181.9521973206877,169.26078596473815,151.49707099583708,163.68855741135252,166.28746378048965,178.58855977794286,165.64549807145025,158.09398501838874,175.57013358357756,176.00007091932932,165.65542611501343,157.73790446713517,146.4129509652253,158.79768235224518,178.87920586804213,186.81823322586834,208.9372834491674,167.07492715298375,190.3628241850539,170.70845945298316,170.36144386302513,174.76307737755627,148.78013332674763,181.35318015494778,148.19638814416413,164.5881149514677,156.39109707431993,165.37400763459016,161.24166355638496,156.8064885186248,173.04242296770948,157.11571946373672,179.20353261554638,174.30524908342056,153.38392880639387,148.7618048900186,141.95209446823938,145.15782763123957,170.81500843677796,181.07607962990127,181.0690834238693,157.32931335876583,170.05963760036076,165.06612293370395,172.12654990090348,160.45225907698102,165.77248194585172,164.1721895536568,174.02663138671352,176.64086141114325,175.75299740497113,163.20768961110514,175.08614111873422,174.4629305067948,174.12577161127962,170.00218216125032,173.78177291570267,176.79748605809334,166.72574117485345,162.05613329086023,176.05767689479936,172.28125582802045,161.13769945700358,176.09517435234264,160.36744247924207,165.86896951133,173.18732490237116,184.94896827818883,166.1983548338936
photo_hand,174.49181041437706,214.09726136330093,224.00504038647242,211.663795158712,198.45197733920466,202.07898398342238,0.0,185.36002166921716,225.94832555139476,253.90440429704378,266.8361777514513,214.51202690675092,208.1939033664444,197.6398468928046,208.78388696853645,187.0878558506145,215.81086142403146,219.4474856180164,235.34073080786436,227.2266547088188,234.16251200757085,213.10172642858845,235.12182757271597,227.49599108593515,205.45542642363833,215.75348372097062,219.63461084580163,217.80856193904023,208.61921110635103,208.65202907537272,201.76108769222984,204.6019169366658,220.67140990100148,218.9658747039876,207.86633967318124,212.25056651640395,211.98327776671582,204.31744560303392,204.37469066210323,206.9656860480229,201.61832615863446,218.69860892537022,217.31370040619407,223.80672711429125,214.22570293138986,209.97318110035928,215.2162549305999,204.07415193906854,227.25540011922732,210.31850492060744,214.38961105989074,210.10587125446511,208.92337063415818,210.46340500874507,195.8023378793795,206.54622878290635,212.06954672710467,217.2170584131629,214.31636724285212,220.06783125634314,218.32370816850525,206.66209296137842,201.42977847419812,201.84596547114677,204.6645123902064,216.1828944859594,225.87313229121,214.42156256661366,200.92140464156114,202.541822073794,215.1370576602468,210.58001871334267,206.86502948962664,200.58666358587308,206.42047629293538,212.0970109401778,213.59804763746578,209.8400029084321,205.5016705486747,209.48912638705406,210.11156890379337,214.26464589903446,208.22578730386525,210.6496463409936,215.3872764880872,208.53717412237467,204.112592045468,208.55769408285175,209.71307086229746,205.69210089853286,210.57800088481338,206.58169084138754,208.9544909679003,210.63507137797697,223.0613811341045,206.62262754781662
photo_legs,180.96624985885822,227.78083333587927,239.0681751255526,233.30882396890567,171.45807976640256,180.24229264754027,185.36002166921716,0.0,226.511768786414,257.3261803226122,267.91308748183343,218.79068795366572,210.87857475250323,210.7118890425224,174.33756172552518,165.53011698659824,198.24886466932972,206.48084355325855,241.71624466142504,230.59755332475757,250.12541055733746,233.5152093604154,238.72120339667205,239.65628926863826,177.58948464166204,202.21191775577282,203.52141314334548,201.89162803293166,177.24685410143053,182.04605365779642,181.13920157585443,177.8312753318637,197.05620859923727,193.86317335036546,184.0117677883294,191.80078971385043,195.24137241949535,175.91115737790005,180.6005134185069,173.943396873542,168.7378939375578,200.4347809075472,204.3967769955267,218.20104047228557,190.989330791159,197.04948444140027,190.74033175688848,184.23011699531602,200.24903872971998,174.4739580698122,198.28207545526018,175.87089473245663,176.96984510440402,175.84592709967745,179.9812255960141,171.83495546927708,172.4924197666044,197.0873188886409,189.13739665105726,197.2406325367787,183.5954285896204,176.92394287568249,173.5794653702073,169.2680604659806,171.7203574497846,193.45356491001016,203.30266711464017,195.22196931115766,181.14933395750316,181.2505416439647,188.4905198801542,188.5641758417501,179.55464403694384,178.18171671717772,182.30626225417865,192.3851372767261,192.9207512758088,189.22354334494437,180.8005098837292,189.18589844548202,189.36913959758834,194.06094188999248,186.95060482839514,190.6586247266402,194.56583271522203,185.2540336029764,180.72107786521673,189.21848865620467,188.88709999524306,178.23973010825495,190.7397984943908,180.094716693417,186.51788892463244,190.75496920530242,204.46883982164118,185.0883866043817
photo_bird,233.61058108563776,252.9017422295547,238.04532966561476,214.66635379637125,213.66348054832608,226.59314696561424,225.94832555139476,226.511768786414,0.0,234.96597786272855,240.72244807452574,187.0683444601402,224.37861663606222,234.77551714480867,225.71439984483968,211.8259088970106,232.4959500336848,181.864538120017,221.73820710843924,205.06942599296053,227.8903729926045,248.49242255524496,227.21239974174273,257.78736416496974,190.5890864272929,211.9317890031789,198.20506284168917,199.6462332488903,208.99243669845924,209.748304501451,207.2688443384935,207.02471560405178,180.6454093557929,207.175248814877,206.81397139458136,188.5698628071375,207.73981738389878,198.83381466991278,199.33234646945343,210.6693385304535,195.2413666194386,187.21243657223306,196.4623117613178,194.9170754517447,188.31476600445015,188.3300765965214,192.67076033324898,206.22007682971238,218.03696796152565,209.42461976893776,192.2127447477514,206.14639872502056,208.543568383665,206.7934509979853,207.94963205609886,207.45378920339408,206.14444007964875,208.76099566069607,208.16650940213225,195.83661016614758,215.32119008966046,197.79349970027448,199.32928184532435,204.17813579347546,198.61983582059716,185.839556310139,208.35830449931197,191.25828167706103,201.4168036505448,198.9565446796238,200.25536448687106,211.14372776543007,186.57299035121954,181.3786540622996,184.2403465899482,184.29936599625617,187.3975551892212,182.6915244156713,185.09544289688537,182.14980805573708,182.05840961850825,191.25882074729606,184.26077435293473,181.13450279317345,186.4875062514082,186.27659154834933,181.69213033461364,181.93513579874448,183.2194021889108,185.46666212951027,184.10449512917214,185.34685259309921,190.02448833542243,180.06217308703555,197.92430248590657,188.58932215380247
photo_butterfly,248.49622093076042,233.58141958043086,250.8363307692686,228.45461609524264,237.61358335167782,255.74832221380223,253.90440429704378,257.3261803226122,234.96597786272855,0.0,311.3694605256733,239.0989587822506,253.84176315497223,261.9072678948583,259.06833345304545,254.0597494433953,273.37231410266764,228.03871578833213,251.92955233752025,236.94872569734926,229.05929329911018,244.04915369844386,257.23042316067347,251.87056909101446,228.549435443162,225.9853283361502,227.94696029807133,211.8062442986314,226.66617237594525,230.36953117755314,235.53686347242012,233.54519247458748,218.51998448117763,228.35377588106218,233.40781228960623,227.93893806403054,226.45436585326772,227.47660558412252,231.24517713626054,235.55243025192362,229.1124475165964,225.83191602630475,223.8480606457226,216.61470602819128,224.04906872937084,220.16188836694676,222.3009504369536,225.08258521384428,236.91300846886486,235.2304023251617,228.1697651839879,233.68664961024973,226.95545948180154,228.49774272404707,234.55802992794412,234.21108816974646,233.3201268304653,225.36974340010275,230.1545745767372,230.15276657971768,238.93406834073048,231.61210004073226,233.83192071172937,232.5897371513901,228.64165141966856,227.31921786578542,229.7501583266854,229.3373273100398,231.71995704777297,231.08184312835314,226.58269614377153,231.77354906806312,223.90688298264143,223.63773185091347,223.69842154589796,225.83385225068622,227.95012453538013,228.39434897991808,225.5027764810274,227.56720686405458,225.4681486730477,227.98138614841753,221.55255043772448,227.5751515044446,225.32320984517756,222.06011980931427,223.09689444783032,226.878024291687,224.854114681073,223.49175382147126,227.05297357720923,224.08001731864394,224.1320730167424,225.44842447721638,236.07866289296058,225.18762861580404
photo_girafe,281.6855618033977,311.1572738887932,279.2754487626977,275.174667022981,274.99356268462674,271.6043127395006,266.8361777514513,267.91308748183343,240.72244807452574,311.3694605256733,0.0,267.52794974659054,272.55626323112335,271.91836285717204,270.971546661226,265.03969286020066,282.258300824248,265.4428459494723,273.4868603463416,271.58284817409054,279.79968041672873,285.02262650001256,279.27830687287667,282.1902563940924,260.53358240157814,279.1447256700808,277.6555584694768,269.45913998774904,271.40131073111473,275.93346102650406,262.2893181701776,267.4316257070424,273.35508964446757,261.7481246587862,267.7489204325443,266.377456137797,267.58291935238987,266.68167489860434,266.51755840381,275.0614410044407,260.3838554906406,270.67254520712333,262.93074742513187,270.9585075499419,269.6689042400628,257.260947112088,272.12898276724985,255.89974001158063,277.40951885426017,278.1757884449762,272.7468464936312,267.69857594883507,273.7096663179298,267.3022698551268,265.119841109571,272.88221093343185,284.0101174576001,276.99726409901757,273.1851747934313,273.47635857769995,277.66338236671197,269.70760793011846,258.96958001272674,269.6669245144492,271.2961807686023,269.6486595032074,276.42407627389355,261.9360781261403,265.79068714969384,260.4415639033246,267.65996197932515,262.00535738247703,269.3820356268581,260.62706543226,267.02154717287726,267.6445946398999,268.047116723155,262.94094935339785,265.06444299925556,263.2130454782968,264.92008503441497,269.2131021633395,268.1837215014468,263.8563695071003,270.4971855322217,268.3544335469636,263.5352370879569,263.61265148720827,265.4272957884452,266.9482108839342,264.13692815317444,267.0062971798309,271.6079779988,265.14067642228036,277.8374963535029,268.2216840043066
photo_fish,215.2500558217896,241.1165898717517,232.23665963813852,224.25099322220257,208.11689571184246,214.26057144117192,214.51202690675092,218.79068795366572,187.0683444601402,239.0989587822506,267.52794974659054,0.0,230.71963529025865,232.30583506321275,221.43427269126195,197.1699296019253,223.72762994560915,176.56655586236172,200.7350101593096,200.6338468221511,218.775539090523,241.23559593101314,223.73141795028158,257.63986021037977,198.52456550151638,209.8304745966864,178.76183673592254,202.62562300454192,209.4412580300141,206.98596921752082,206.9909690459238,207.86662514133994,195.56589565757994,202.1812036515569,205.777147194429,172.9866712089449,200.49296300621734,199.9713555888049,200.6504400302217,202.9716784471252,191.3276694725759,181.5317712761249,182.2969033331246,192.6358645737507,178.9660727013134,186.516498199407,182.31163789986005,208.75528824660324,215.67322560030715,199.90476348099904,177.38657554663496,202.77197248316546,210.7654157155704,205.56178604773936,206.99229496251175,202.61873342781593,201.83581573457727,203.40651205201013,202.143918417392,176.65474858732352,209.64849942466364,192.11235008958644,198.28910127038415,198.69820178764283,192.4083407560679,182.32274573461348,196.27999187980927,191.5589236099457,195.67395135484276,200.4939437358728,194.57113414293357,211.72173240965336,182.34990122869175,177.10088369529933,180.58627622965642,181.16591637821708,178.93268224610486,176.51307632668437,180.4432501917935,174.57638949478076,173.89522234092314,185.79923101403614,178.69639714514562,177.39457421085302,177.54141006481117,180.7874585178896,179.1062856101011,175.0381201710701,177.7819539810144,182.88328520879622,175.88116576107458,180.9617510537862,187.04319547617524,177.57564352662862,191.3396150246353,185.5464099207102
photo_cherry,223.37699801527518,248.65449905808242,243.5332774578178,234.73566362485076,201.58174565006792,227.01026182922945,208.1939033664444,210.87857475250323,224.37861663606222,253.84176315497223,272.55626323112335,230.71963529025865,0.0,218.11130917290478,223.01154131908226,209.69092459740216,237.31825523616328,219.24392069140754,257.4584355702431,228.77937142653616,255.93880774912265,236.23404282077277,230.0367569199092,240.5024667255501,205.8057133320895,221.0561646621299,221.03497435794043,221.70182307545602,201.86045979925933,216.28477514338138,210.18875651801648,204.81742667299577,215.97683035570557,215.64863323408542,206.84436473150964,210.5396343872366,215.1535256248277,203.28310304198232,213.76213340883197,208.46102409893314,202.56339156096848,217.78637658866768,210.7875188476166,220.55420536341464,214.1611631464298,204.19495277759614,208.81377825919404,207.73092559990678,226.26340194909574,213.85773505531057,216.50850267928269,215.00936400468558,207.82060604070614,212.67233560167276,209.95021506401488,207.22262642546556,211.26075207240396,215.16486225189146,211.19193747759005,218.5781061896915,212.10529939271848,204.20227835277024,207.91576995409704,206.24339144310957,205.5042318020517,215.8232833375114,221.24758040718012,216.70087452998905,199.91504345008926,201.312350591068,217.54924334622933,215.00580188789027,204.71324490768788,199.92768600643132,204.252531842838,211.7820174252937,211.89795804365937,207.53609766368535,202.9475054790384,208.16903108578506,207.58669221538761,216.9320053376241,206.21833207501197,208.48054088922657,213.62144382702252,205.8506784462864,202.1981088175343,207.80941754100556,208.6124251691093,203.6060817820783,208.56077012858447,205.01762738206472,208.82844437496993,209.24212230615697,223.09830739791596,206.52272892119464
photo_tree,189.95567779953942,227.44006397488334,244.91397853160737,228.6625189800225,209.5121245939686,224.4305738352356,197.6398468928046,210.7118890425224,234.77551714480867,261.9072678948583,271.91836285717204,232.30583506321275,218.11130917290478,0.0,228.5476916973125,208.03799191396016,210.85016022449332,239.0023475967406,253.20073793207362,235.59220256739223,246.6465415394456,212.93388588437986,218.23559050302995,224.87121729049656,219.88061299848988,235.38927616307313,245.11980730883005,234.1475231292885,213.39086508224764,226.15150314843842,229.70786048604464,218.50573560778028,228.1987909521497,233.87182547593582,218.655664576742,228.04343750002693,228.56940271446086,204.57960323028405,228.13832848724178,225.1490279968419,210.49394625374651,240.72454447301325,232.36128359626036,230.2213501870442,235.36999974328444,223.16065738615615,229.24479948403234,212.41950610523307,247.04177157733662,230.86484175367477,241.04066568678195,237.23229083809622,218.3027649083845,225.00271159019056,216.8677415233203,227.67874663960575,230.88345702109712,232.65936280200629,234.42260168610073,241.30664987658145,229.93901375166638,217.75305074543292,221.3112638557886,224.8007012039746,225.82365629409315,238.85011601734888,247.60548257587973,234.67914753815128,218.7525117996312,220.90125250618087,239.02899449426138,220.67667872200346,222.91636434771556,221.4371675996097,224.10050375398384,231.6702026255307,234.27751775041082,231.30410755619408,222.47844859929756,230.37168530271288,228.8184940512259,235.5422818651359,227.67129565401078,229.6040550973716,234.07528632413917,228.4962990754946,224.25793437450767,229.57498538889348,232.6592233645813,222.1186076320367,230.93312269887662,222.8904102564439,229.8950484947574,231.39706212058607,242.71600297731837,229.30500826507313
photo_flower,205.4071053535157,235.69380317144427,253.79345365518995,238.8012665009241,167.985520407751,156.7264321273801,208.78388696853645,174.33756172552518,225.71439984483968,259.06833345304545,270.971546661226,221.43427269126195,223.01154131908226,228.5476916973125,0.0,147.0942255027343,191.22063708662404,191.36206265008693,250.61418865735652,232.39624198518695,255.16933419099462,248.540513489731,246.16176226900342,254.84623816048122,157.7152527864067,183.65498179418174,183.67634202589292,178.1578004067567,158.78549879622642,144.4804600591612,155.3897715174627,164.92361074738218,172.8278452862032,166.74887950855336,152.37502724196773,168.8924496369856,172.906666591561,152.46602559780044,154.36433966535546,132.4979741151784,146.4617181292964,175.95060452682554,181.459912732624,206.12434536084558,162.4216040618163,186.44536219873362,164.48195611168535,178.35230277140414,174.24727265584468,140.0189941952267,178.43836265858332,150.12807253936552,155.77357227230104,149.59815602971514,162.44152074624566,153.59584206206088,150.16302390817418,168.52609415086735,154.73139472716255,173.31570329640243,165.5815852837026,144.6748287664312,134.45539680594973,129.75501124611156,135.98281299702793,167.7411648238639,176.41710405099926,176.5317105799791,147.653918170498,162.22842137750226,157.4127475539766,174.19909527819004,156.85171318540932,160.11676463271596,159.2614312191726,170.10368443020167,171.70008929515345,170.07786393665904,158.76305008012648,170.24783775873533,169.40326745508688,172.02802051898928,165.44285411892662,169.92702868974587,171.8023808020612,160.79596987029515,158.40460770150352,170.55366333137937,167.55984168510398,154.97576403801165,171.24964686578215,155.97781345115504,162.47311623723337,167.9445701099473,180.8710328563388,162.8089697979604
photo_carrot,188.7864133845872,231.18752295575675,233.29013838842917,227.0219697898319,168.6100189244497,146.9155268769351,187.0878558506145,165.53011698659824,211.8259088970106,254.0597494433953,265.03969286020066,197.1699296019253,209.69092459740216,208.03799191396016,147.0942255027343,0.0,163.57684087296286,184.16976705869666,231.87759200778683,224.74258661233773,244.73264013208737,238.61514280789527,226.84572937964398,251.70942996104628,163.15541776412434,187.09442657103926,183.03361980307008,183.6861644859865,167.04486717190633,144.61946803398075,160.68674269153598,165.51815782215897,176.3720544863472,169.5893481859292,154.3854424369132,170.74701905063125,177.58600818030004,154.83088926901434,158.06298554278442,128.83747844028616,153.5912518635783,175.49899645833688,181.98455891447423,206.47584203840054,163.16457839668334,186.59861936581854,166.63731910942224,180.3122771103727,180.8086138002423,144.1259699310839,177.35179870954283,158.64412670217675,160.26654619607757,153.05221916994705,164.8566974587014,159.17802973513258,151.45389163235745,172.8338368744647,157.59947605721945,175.10574904170508,167.0088998447067,145.169494636431,140.27830656264425,126.7080995044513,134.1196561338336,167.2295846711581,178.71562722385866,179.14496585248554,155.14323388348458,161.49604636024642,166.71727094347608,178.54389931001745,154.58090458972967,157.32341221055563,158.22813325283803,168.69452389305516,170.14609427585876,167.3912669049322,156.2428883007805,167.4785053722234,167.82681898343853,170.42295307025918,164.85457685386135,167.91163091748945,171.65493597952906,160.34483390275574,155.78302520456455,168.40177816899538,165.54124434348947,155.19496897906362,168.7044935399965,154.5250642207187,161.2891033222246,167.24551194090967,180.31207238350925,160.20452669520202
photo_watch,209.59859584582398,242.7326962956477,263.29073377902466,249.7961849873686,203.45086332438748,189.32238625890733,215.81086142403146,198.24886466932972,232.4959500336848,273.37231410266764,282.258300824248,223.72762994560915,237.31825523616328,210.85016022449332,191.22063708662404,163.57684087296286,0.0,219.3734775978502,255.48065597360304,246.0930305913154,261.54086311985054,252.71944681767036,230.57612161470112,261.9719772246311,199.2886393150296,220.63561507381974,226.76139723260394,219.4370950133283,201.27564651733516,189.02748497825056,203.43802735720988,201.7358855676673,207.04048928697668,213.92486488563097,200.34371608448805,207.92834918773332,211.21056812232035,182.5443939754849,195.43404360360958,181.85631848478934,183.4650992784876,218.10681621348908,218.29855247698777,232.02078680103835,207.23159108363475,217.10364368080846,205.4880640370272,207.20493941684632,224.47518145046706,191.33640759600286,219.39530913422084,208.84125546878795,199.98034177789376,199.62135826822902,202.58204112495167,200.25059290419577,198.22800104010767,213.37585911571193,209.02885473381082,217.66721203262756,204.77450505449457,188.6282638896237,182.08376862535343,187.05660643638004,186.05909818578888,212.66585659587764,226.20248709105888,218.23781892167972,206.14758944198667,199.79222791545035,216.52981761814937,210.1064775613609,199.11831025454148,200.44179283815538,200.2544848865997,208.47485598416898,212.16255398964017,209.64257165464633,198.6613367652935,210.97058322532592,206.79071391955637,210.34867854404717,205.6428043910961,208.34214294970127,211.92671346813188,204.06415418969198,200.53260357192076,209.12831555144632,208.18667070271235,197.7971802603,209.90625698609122,198.42539815069776,204.1573042135484,207.71019195451024,219.0081521228487,203.93108862807992
photo_key,217.08465868147374,237.26494176518773,235.05153905230367,231.66922998721503,190.42020026998713,190.44522994273655,219.4474856180164,206.48084355325855,181.864538120017,228.03871578833213,265.4428459494723,176.56655586236172,219.24392069140754,239.0023475967406,191.36206265008693,184.16976705869666,219.3734775978502,0.0,211.00488642616887,190.32157684733417,224.86733995999992,245.6353761080109,225.04384217972438,251.2072847776024,160.0897733601172,163.23598365003943,125.85962037586394,166.36809440384457,172.30785147728363,164.84587984843253,161.2569785973859,166.7757521938272,145.1481384987495,163.4762688228714,165.56665345957035,136.76964974224057,156.0751730521401,163.2958492811952,158.7980737499018,157.31008813674933,155.38517734243504,103.62574754259404,145.81729845793564,159.88071520754283,135.2081557165817,146.99689938937863,132.11387508406384,174.443333066017,165.69230196258076,152.35266803567112,125.04012749609996,157.42422299491435,170.22525198306656,163.58011677717846,164.621323020991,155.57794445546182,149.47798765494798,160.60165188317555,155.41396016475852,134.80334749983436,165.4921790770072,151.39001153488536,157.31997782738205,152.15642687417628,140.42882073344865,103.54935190650873,144.5454027283465,150.10095954485993,149.8464778211106,156.00472545458572,152.79130086245488,171.1858975739306,124.81051898742915,123.10243006882719,121.44464759462036,119.47853253897104,118.86611598885861,116.31100792466619,124.20569669759122,119.2719635177744,115.78890731765209,125.74302979972171,123.79360582945733,116.76181832266657,116.72227097347651,122.4568850380547,122.23849383961782,116.39427530157842,115.78928786226638,128.2001422263489,118.39484194455855,125.24988519594137,124.34954514148957,116.80235091285986,134.02177627042974,124.63760512409439
photo_truck,228.41719703168417,247.1954434618825,226.98308729248348,238.3631180294892,235.03907095280658,238.86396925447445,235.34073080786436,241.71624466142504,221.73820710843924,251.92955233752025,273.4868603463416,200.7350101593096,257.4584355702431,253.20073793207362,250.61418865735652,231.87759200778683,255.48065597360304,211.00488642616887,0.0,225.4162598324736,224.5175558681385,235.53225082147483,246.09088884498462,258.7721518494157,226.67038716876198,238.1158411119735,220.2830090157302,227.44630938745277,241.72738581281675,239.50007854990312,233.7906365316273,235.20185487435552,229.42119470827205,234.51892933860705,239.25101779850428,218.36190026196775,233.4238420604119,233.68796916250247,235.7739069626867,238.52375622613113,230.50642835277642,220.06592058117974,204.0068133308542,216.4090533087282,226.12869984951962,210.65590031252927,220.19107841999968,233.37744111513877,237.72297986998626,234.64687906602205,221.9986422536088,232.59215725626674,237.14042443868942,235.69790049977786,237.80713712867527,234.60093255023625,236.51929696844527,234.49972784302682,235.2359640998315,219.73010295891038,239.4830489579297,228.2285141796473,233.24619003956067,232.66607691583147,229.11336292791427,221.85599662179806,206.18498598426115,215.09289334169125,228.06839615165964,231.0859176285412,228.81612143629533,237.718821410406,223.21107666850625,219.33745434622952,222.85773302844007,224.45533007449004,217.0164466473634,217.42519334140894,221.33529910992362,217.2040915785627,216.69302640458062,228.7985116085169,223.4146722052459,218.91964888842966,220.98011820713663,224.1570007237595,219.95987022389804,217.6200788315911,220.7298861374682,224.21233912619348,217.50207569939545,224.4241979527315,227.95613928717498,220.63729483421886,230.44422536468068,225.11512530853267
photo_velo,239.1553439416119,255.5438045422527,250.38567430644798,246.44282734144423,213.48697200767558,234.2527250108832,227.2266547088188,230.59755332475757,205.06942599296053,236.94872569734926,271.58284817409054,200.6338468221511,228.77937142653616,235.59220256739223,232.39624198518695,224.74258661233773,246.0930305913154,190.32157684733417,225.4162598324736,0.0,238.3221655776673,250.84676788151572,212.7483947399926,238.6615084607544,189.77995132693096,203.23940785422693,189.19701985537696,199.99382094931815,205.41528051492918,217.41210298437943,212.56314773453155,211.26853229191752,193.01034943210644,208.36882655540236,211.5845106372317,179.04329503712893,200.52242074667473,196.5297904835748,208.59745652214306,214.60027520990332,196.04551337104175,190.78888700004498,176.5518621491965,148.36247478570473,193.90200770335585,176.30053535495134,183.93519907437653,194.23850267222184,222.10277709610938,215.1895975941021,189.57608511089578,213.04576701329813,207.48355112725162,210.57657155846854,207.0345220869192,211.52527434579,213.2034964019833,209.00782909392842,212.98405312788915,193.036670699632,215.61699650128,201.46227663629878,207.5127488483245,210.26599358141144,206.76754376735116,196.16256539904936,196.50197690068032,177.93927976812952,200.66668061693815,200.73229583335743,200.23588636521785,203.20730207971738,190.0047525120347,182.51074259955942,187.84138986895502,184.30675561035875,182.93943244232926,182.4417411237995,187.58650183194547,180.01742104337902,177.7255829070809,189.9131179651028,182.58332968808566,182.2800314232102,181.89130698617217,187.04924677134645,187.08349570500866,178.09462705303687,182.95005262766293,188.83894248354267,181.17887652865298,188.5372233949645,191.07787943758575,182.05858567258647,193.59746117372114,188.67370759312112
photo_road,233.4087441276619,236.0373691367326,154.97142635938954,206.2589465406426,242.23775319756248,246.36743613306135,234.16251200757085,250.12541055733746,227.8903729926045,229.05929329911018,279.79968041672873,218.775539090523,255.93880774912265,246.6465415394456,255.16933419099462,244.73264013208737,261.54086311985054,224.86733995999992,224.5175558681385,238.3221655776673,0.0,225.71857714664552,238.43426090730216,229.81290158196666,239.86450298156117,249.05712455435167,235.23806038272176,234.60596959839836,246.94850801914964,245.5157278289037,247.7272334532672,246.31829482358344,236.72210784431996,230.53263332455367,248.97712955196053,232.4148268718329,229.38587669170747,241.20549092679946,239.28095727377521,249.1661764391227,241.25135742136942,233.8303847186564,232.29480570286842,222.0507522182086,229.87357866868243,220.72917385368933,239.1463687406225,243.03365627812127,249.79045666641696,248.5072034791524,235.36116363656961,250.18118925956503,246.23966860921257,248.1262681980083,246.15060789601702,248.77208338017198,249.74818336043566,238.15067262278313,249.67835557519746,234.8676979896135,254.59608630059967,243.79058048620442,240.63336738859405,246.1447627886007,243.37298227932584,236.31663437638184,240.5422550439028,232.78323175320037,242.33534842218006,241.72838423196137,240.44742740784278,249.92048266507885,240.76572352877193,235.87808717038908,238.50348605419106,236.21283645664673,235.67120157154946,233.12449913222835,239.8162422773973,232.24813091341625,235.08631736197566,235.5359496194126,236.75294650533002,232.58005607954632,234.16406159139942,238.48408854640047,238.54510948428333,233.32551223917937,234.60128097404134,239.7435961784189,233.12833107994496,239.9133358971419,240.88438501017094,234.68531031527525,243.58718486293114,239.3945629979626
