,photo_face,photo_profil,photo_eyes,photo_face2,photo_walking,photo_standing,photo_hand,photo_legs,photo_bird,photo_butterfly,photo_girafe,photo_fish,photo_cherry,photo_tree,photo_flower,photo_carrot,photo_watch,photo_key,photo_truck,photo_velo,photo_road,photo_house,photo_mountain,photo_windmill,drawing_face,drawing_profil,drawing_eyes,drawing_face2,drawing_walking,drawing_standing,drawing_hand,drawing_legs,drawing_bird,drawing_butterfly,drawing_girafe,drawing_fish,drawing_cherry,drawing_tree,drawing_flower,drawing_carrot,drawing_watch,drawing_key,drawing_truck,drawing_velo,drawing_road,drawing_house,drawing_mountain,drawing_windmill,geo_face,geo_profil,geo_eyes,geo_face2,geo_walking,geo_standing,geo_hand,geo_legs,geo_bird,geo_butterfly,geo_girafe,geo_fish,geo_cherry,geo_tree,geo_flower,geo_carrot,geo_watch,geo_key,geo_truck,geo_velo,geo_road,geo_house,geo_mountain,geo_windmill,word_face,word_profil,word_eyes,word_face2,word_walking,word_standing,word_hand,word_legs,word_bird,word_butterfly,word_girafe,word_fish,word_cherry,word_tree,word_flower,word_carrot,word_watch,word_key,word_truck,word_velo,word_road,word_house,word_mountain,word_windmill
photo_face,0.0,582.4399766001802,713.4743992820507,630.8509563000175,608.5937959882157,599.4141946309851,554.9534861567067,562.0699546302354,687.4735209594481,695.5790524063897,734.9505163707474,672.0568385029322,620.364441411166,578.6394061016082,608.7610776669623,585.8412053437955,596.8568467159911,684.1599039091435,742.7110640556942,678.3005076498216,772.1585587837789,674.9583831646038,677.148743322637,712.4774617899112,601.66521964203,640.1332269313297,697.2850966985769,669.6144900959315,615.1188446122343,610.674160064937,639.0130312621915,624.3445557962874,656.4626354824504,710.1958105433097,630.5094149895314,677.8001326732829,673.7293824889927,585.083810252104,612.4552271024148,602.9212819726685,573.8346710235201,689.1825239419551,699.4829955234762,698.7768735324896,679.2387512131934,715.5541216754046,667.73616514853,667.7995079256546,666.1661104212192,616.6840452773547,676.8674161333585,638.8699156059918,627.4235908041461,630.4201385804733,629.3588547599915,600.9982374992636,622.6426463643586,679.3903075768175,666.577339490485,694.2850918659419,663.8124540496912,614.1049628557562,605.6211391053286,618.5684305649304,615.143579740619,693.0509950984376,709.2904955901456,673.4647160783817,631.4207940097849,628.4977247673618,659.6406669078361,661.1233610457716,625.8645923674501,634.6793356410444,626.7611634232102,662.8347224829505,689.6364373348359,690.550747049706,629.5779661613096,680.0510042053659,670.8827360815937,682.9565997682691,648.8915822020147,686.6329073235885,683.5862392774116,640.6717694661893,633.5247997611046,675.2762000951857,669.53070550423,614.7599067662746,684.515162510705,622.9094086306868,640.8729351149215,673.5204957610378,710.9211244693398,649.136626787894
photo_profil,582.4399766001802,0.0,723.1339324094008,641.7872005325728,662.3861730589308,686.0763719467138,627.820981122007,658.3313672873253,718.3419689675618,678.900868137087,748.8879188793342,704.7298790496936,653.5706884764488,639.9104538500814,696.6337837652795,681.0891505577398,708.5199406465598,710.7976245239099,762.3612557891603,717.3270679155149,771.5303705741425,653.0849213623507,695.7796293354612,702.6392863426546,668.6120381424139,606.4432602014118,717.4597021792438,695.6308800732761,673.8348491179786,685.5366176424599,696.3581891404871,652.5871625231233,699.1815859833255,704.5248241387762,670.6534536986087,716.5604596561064,684.6114669519912,691.437735524583,675.9886081898826,690.9602156904401,681.9262469156054,720.3826034732133,726.8376369654154,722.0054044167453,712.8481934632376,724.251125581509,708.9660022110024,696.1615202200256,683.2283218536697,698.9984697174352,720.6603925368984,694.278906035932,695.4290762663733,687.5334698569388,680.6645954864523,685.527383729379,703.0091509485061,696.7797247372913,696.1293675962556,729.1975098607593,685.1604984916501,693.2185725566161,697.3424908080056,697.7532733385011,702.2457434112172,727.3806517139224,734.6339908488035,713.0301491203737,672.4977722964313,660.7966865703152,703.3388197975231,708.3012602077273,700.527898561302,702.9498198870293,693.634841151598,713.3463952105981,732.4253823008997,733.0238527899437,702.3762731068791,725.6483280172024,717.040391316289,733.5172662962616,703.2592448834055,734.7084629333493,726.7204233667444,700.2946385389733,698.6995226004256,722.3837282923066,714.5230832141057,705.3691580959758,729.0409326673747,698.8878715732138,703.4900227489146,722.1174360155402,763.1934943311298,704.0209218907838
photo_eyes,713.4743992820507,723.1339324094008,0.0,653.1889528238655,755.6076289587642,769.2732671792435,715.943721461535,753.4509657669581,693.3875473146857,660.9871500708857,760.0772120890648,681.901281821461,725.5124729205073,760.1208955886473,790.5504953475394,747.8707299242352,787.9884090296279,676.4482501956284,686.2411654949772,695.7233054635892,628.2513421403823,759.1975292814823,668.1563970607103,772.583247830441,738.593421937403,747.98717437212,674.7088333280004,700.3087567935243,779.592662887343,757.1213228775063,777.7955849403515,772.0791819915573,700.6675182511685,702.5935384248504,768.8004195129125,700.9803105906104,709.4705280710334,758.4440161344961,758.4425639522697,770.6504884083034,749.9047588204239,687.6228049535242,692.6568776794486,694.6220006461348,687.2547174809106,648.9318630956429,697.8854815182992,769.832170679021,737.3713159050485,755.7455729026395,659.7390434300622,760.166205327267,766.4149449982363,764.5508915940513,766.6447441476612,758.8123838944372,755.0561945707809,706.0019225082548,753.0885727501397,688.9540092504594,770.3332341034125,744.0925402222542,748.5162053815801,758.488713065197,748.1148693223926,688.6433213692989,691.3903708912219,676.5719262158428,763.5066989260847,746.3268917972745,712.339325736719,767.9370461519527,696.4446349337434,688.4700591327822,691.3509596997113,686.9768890078225,687.2526283030776,682.4025270393287,696.0253872401931,682.2121991225648,680.1195306286452,688.3867119936955,680.4611303177384,681.5344912322087,684.1808782784994,686.1841292064863,689.0727334385141,688.8186673222186,684.4712521336804,696.4584091188257,681.8976863009118,692.2514367138059,687.4350118488293,683.0283080381098,721.3972622450707,690.3429639437403
photo_face2,630.8509563000175,641.7872005325728,653.1889528238655,0.0,702.0560732044332,719.1108944581755,645.3349776139263,698.740577548091,694.0725892002016,670.38897335987,746.8689815322572,713.4124859608273,699.1366389358905,707.5196752803731,741.0527325292545,729.8925444307038,750.8963749337433,726.750880138483,745.7083787215929,720.1730688623672,709.0643239600956,697.2559828677541,706.0256924971679,741.1812670067854,680.0151041270792,696.5902051754149,731.3746530520341,632.4456849826162,727.9462874177291,721.0910970839778,741.6610754607152,709.8860013521671,709.5047189283688,704.7258697613634,729.0620300733386,731.9882152322288,725.3771877062031,725.675966072733,714.6164555835263,745.5059867389915,717.2272491100981,736.0840765054961,736.3435607576686,721.8209724107966,713.2665546930526,708.5550289583375,726.7968483931821,730.0215396943911,708.9993748059064,733.6848878074741,730.1255203339497,720.1852736608984,723.4602110373387,725.1200711987548,719.718416719878,735.2996967539481,742.6484060559624,699.5488876282847,739.7343926949923,724.0513313911499,745.3679382048254,721.7498737892604,725.5437039462956,744.5232420314788,739.4492137147352,743.6447170554061,732.5636360040888,712.0885946041396,715.1539150725574,715.3809905621946,711.2422198443404,739.2696732084252,720.8647870499267,714.6791831009887,717.6083428553925,721.6545897266591,743.6715586950631,744.5857216546401,717.9593514564344,739.335717459007,731.4625763883068,736.042311485311,721.22235114977,740.6416794412964,740.7447787150469,724.0338547892883,713.9131717362737,737.0760768468833,730.339392968703,716.5168099027654,739.2274077828906,716.6110303216502,725.1102591427705,731.6306706814731,766.2592535702382,724.6141902651871
photo_walking,608.5937959882157,662.3861730589308,755.6076289587642,702.0560732044332,0.0,532.6216873947378,569.8357347432479,518.8712110444429,647.672096855404,670.6767823177099,701.5595998615084,630.032361019989,539.6255072117616,566.769178928602,562.6169866092891,544.9695720400662,593.25142387729,653.6815767253612,719.7468297227917,631.9695782799384,750.8111233192915,705.2469902866064,589.9403511654167,692.0750653048957,559.0732529820812,624.8467378366084,651.7789108734104,638.103945287587,474.1551431158131,593.8588683827861,601.8201735877261,582.1141644915296,607.5250563128576,645.9634159219419,541.4050285455721,612.1352921944928,631.0776166280174,543.3035506011025,596.0439911776177,547.5573611346422,558.3379720314609,651.1872331596212,648.8520740962032,639.6730031001682,625.305883918702,672.0637622975621,590.6309100377733,625.9606375498884,654.3136452480796,552.6249130920867,650.7561099405292,602.2116290265832,539.5236567763728,567.714747872558,586.8570247810854,552.5736945040499,559.3622098503847,643.7091959355118,580.5845601999059,645.958105729029,572.5406398356967,539.795174270981,581.9955508150741,567.2904859108002,563.9394445389943,654.0445541076485,663.6757429374992,639.8772622317607,581.2700252167188,634.9377079621976,603.3580557886646,631.7730799998677,583.9034677109203,604.7753350677347,598.2247848902074,638.6752334220167,652.877095236093,653.8046681028841,595.3053050326373,645.2412513053874,639.3529866760846,650.2482372837276,616.8426032583036,654.3239556911514,646.5668735870593,606.050028079273,604.8664709786973,641.429549751627,634.7066378646983,581.0548780952214,649.3385292801262,585.8827239291105,611.0164923928236,638.8343400868148,674.5102853737492,618.9979913246572
photo_standing,599.4141946309851,686.0763719467138,769.2732671792435,719.1108944581755,532.6216873947378,0.0,555.8458569705001,461.15889370835316,669.7819128623413,698.2167209526153,661.6610819840972,661.2163300496188,597.7674894943085,586.6934468890498,464.4339790988132,456.2347189328304,525.8492474428674,669.5661095063107,735.1076762072234,662.8756400903098,768.5387560009676,705.8770577174157,656.9570842467302,653.878067706796,597.0260803944773,631.9967927182533,671.8967025956744,640.6482474785453,542.2311010695056,490.47985118269486,543.4733260777214,555.6950435586913,620.0765751267652,625.5435688222371,502.52468120954165,635.252604886075,632.23768449464,517.5788675868098,524.345241176583,450.41856645028355,495.82234590438725,652.125220764206,671.4000009369987,677.121989792841,620.1814420013054,687.4729086331286,616.6897260897663,562.4172821339639,629.453265052537,480.70999116410684,651.9079087733031,504.2879738058225,547.2240829775152,490.29245456437974,563.2059636001771,499.7290453934876,506.3221604389513,631.5804824006567,551.4323228227212,654.5786954359952,594.5229070242926,532.7035608428934,500.8447258778752,472.2165955557072,497.53357002136437,648.6041369132037,677.3432852195225,645.5367496508018,559.664544486807,609.8402636812754,595.5731159370808,571.4193383548056,581.5569017115453,603.5098086774376,595.71504509823,634.9450106942103,657.1910191070297,654.2719548228682,595.0626121498395,647.1729638913229,640.5027152896497,643.0707500579274,620.815000021269,652.674109595795,648.11270208538,607.1843992300891,602.4990597385352,645.8719953456011,637.2291255840986,579.2567203491557,650.9215802868147,581.5309927563543,607.7561093737901,640.5795719749772,670.7098859268526,613.93219663052
photo_hand,554.9534861567067,627.820981122007,715.943721461535,645.3349776139263,569.8357347432479,555.8458569705001,0.0,533.9649133558718,671.1560422407639,662.3563847080762,687.7225085873577,621.6498826963682,564.0824617450327,567.2521265592695,589.1718573214441,556.6555086812605,600.5365710798661,656.2455348336298,728.419517909959,647.1303311416208,742.745399322936,671.4987679399762,640.216434884581,671.777060782598,626.052574650788,619.0436274098386,655.5776734569528,634.6831060022155,582.118402834918,575.8778153379789,577.2437948149799,598.7593105838047,652.663928679966,658.0489887481871,581.2753696274082,631.9490573185396,624.386013342569,576.0311815973547,579.0371270109962,572.8710616044618,558.2942668899597,655.9379706634746,659.7863775032637,667.759643571081,638.9249636343721,685.5248131842424,637.2350089596442,616.9717753663381,657.0315455172844,583.4672552552105,642.7705449980265,597.7488548919245,598.7567998949058,593.8484279023819,563.5350414410196,557.5207223540446,594.6457689620967,637.4734342414571,609.790669102884,659.539857728901,625.1492127695014,582.967809096916,584.2677415250281,575.132519195554,586.0744404921403,664.0288597062188,681.5914313965536,646.8785878314577,592.0934499614052,623.226008534432,627.1950390606278,618.7779913942244,611.6940315603912,610.2735673288079,609.2791989481619,643.7880437928847,662.7088841945641,659.9088823073515,612.3560456577458,654.8383807734431,646.9328409678677,651.6111800683108,622.2707401204599,662.3306891996818,657.5199362843691,615.8540296132244,615.5321639976431,646.3872726869263,644.8457284322774,604.5036756664216,654.1683480615833,607.4633017620638,616.6668819811706,651.9343931559741,687.2973841364342,622.6991632288771
photo_legs,562.0699546302354,658.3313672873253,753.4509657669581,698.740577548091,518.8712110444429,461.15889370835316,533.9649133558718,0.0,658.2762964162047,688.5850898545193,681.9052092358129,648.8612895814657,577.9738411087435,559.9407903483918,515.9897468748809,482.7873245291813,549.4871334181977,665.1725651119585,739.8215715953309,660.7201480494131,765.781636535104,697.8165500646506,648.8114623611486,673.3408841050132,578.6494168237878,627.4635029638426,663.0621098626289,649.4939527074748,526.8173255425451,528.6134051348527,555.8048651386675,544.1696907546967,615.3236006155734,651.668761892317,548.5470966725372,636.1570050389159,638.6549619539579,519.732281526239,569.4737542821025,495.8545291743655,498.9769811224451,658.5727167141665,683.420677605573,674.1210599831195,629.1918345678649,695.4633190761263,620.7039268372583,590.6698379127145,639.1504632024247,472.05649066756314,643.0571567031768,538.1406198701474,539.2824698454816,511.0446564280865,566.9632071787327,478.2294403304109,497.6350863497837,635.6202548617401,585.8768510412953,650.8669242196744,574.0376266186671,532.7309386906131,533.6745859239963,500.8801318750224,515.717050182994,652.6993147150621,677.5090149407779,646.7229099658603,569.0706885222882,590.600944159872,596.332517320669,596.5842180223452,586.4307208457278,600.5417591597405,593.8458979831579,634.3271777444667,654.7645103762857,650.9767069360992,596.0962835912446,644.750953337064,639.9415992139084,645.8261867511254,619.4774691850278,652.3939862770713,649.1471853904712,607.6369693934727,601.4889933209769,641.3482248712456,635.1207351949972,576.5781207166448,649.1388911303021,583.9529917980219,608.6795666451306,641.5165792332075,674.8213141833091,614.0947026606516
photo_bird,687.4735209594481,718.3419689675618,693.3875473146857,694.0725892002016,647.672096855404,669.7819128623413,671.1560422407639,658.2762964162047,0.0,607.3477600855445,660.7542195736653,540.2836263636458,657.4601460228077,665.4729130629096,674.0562301113124,646.2813257817036,669.2801666680253,528.3932128412697,643.03812586938,603.4986415161363,695.1450419965232,746.9607822204437,623.8935445852151,734.3035962365477,637.1710563275459,675.4858266697196,572.9852573303244,622.6981624118237,664.3178197435741,652.3023959350063,682.2775010073049,682.8205908471753,471.3795152966744,654.8676333741707,657.254190386896,564.2716316620354,658.2011550092824,644.3912884622422,644.3815347307792,660.2151934653632,635.2537311275806,546.9678890344646,627.2429804606152,612.8895179902885,543.6051505753646,634.3604801789648,566.1560992936189,684.3241328071368,682.7852301656543,641.1987089664959,574.9248564441864,661.2295416352807,656.142430005209,658.9237934095167,679.4580776668589,658.9968149396375,640.3009442257537,654.0679255379225,662.6686450465912,580.0010903435755,690.3103607472774,631.4025932273628,641.5346160956641,655.9408288487272,630.0732315850323,544.6565556170381,636.5070808538603,609.7261221350308,681.7395242511315,686.8194154265005,616.7316878316857,687.2857413104853,571.1457052376193,574.1924415427817,564.4157403711573,563.5033267233342,589.3538829433367,587.6683735516756,574.2598561986175,582.4789250858831,571.7411091064658,582.2929604319446,568.0510439207416,582.594062734929,577.0591190332202,566.3420199493022,567.5142433293695,576.7121042283558,573.2238155334945,572.1396930852601,584.7046618257118,568.8042632089202,572.7577772354,570.3554520834339,622.7153033898043,576.1875616725058
photo_butterfly,695.5790524063897,678.900868137087,660.9871500708857,670.38897335987,670.6767823177099,698.2167209526153,662.3563847080762,688.5850898545193,607.3477600855445,0.0,724.6436084647826,634.3517880051596,645.3824491534767,685.1558538552603,727.1291235511655,703.6877418648643,734.6198530293666,641.9453848676,675.4606649976719,619.8685667561905,681.5767100931931,725.4679293100062,655.5382450124246,700.9658788310503,671.4692912066937,653.4362695225276,633.8101538449343,566.6515266455965,669.8748306327209,673.4664276851586,700.9925764927658,684.0335980151862,596.375799058517,553.2912559368707,686.1928673828114,636.4867717251326,621.3615650571818,685.4132947875788,675.0543832521079,704.6009037300961,675.9123603646634,646.2904080477434,634.0215071129479,620.6385607149793,621.2748511231737,634.1685269700357,641.018393759392,648.7776831306724,663.4792735493902,698.365788918761,643.9891263910737,687.1305756671239,665.5536435591422,661.5941621951293,686.1441134062851,683.0690308509993,694.4386903066412,593.2564334717688,683.3488325286454,642.5566053902733,703.633731258627,669.3021788503328,689.628230693074,692.4621858565555,694.3297431139091,659.9157260978503,655.5371913151421,624.9997378259178,694.0009155806048,696.2939653459796,627.80814750161,660.9251364776919,655.016266770868,651.7672005635866,650.7320014225261,658.4071488795167,678.1204564531624,678.3868732776762,657.0920009595952,670.8825401934771,661.5188149193832,674.4996514489164,648.4222132020459,678.2382948248746,665.769036804835,649.795893524849,655.449749244623,664.8918741769634,662.5335372279088,655.5637611587255,671.9190639796401,653.3068979265825,658.4512110684007,666.9218064364701,706.1412818879727,661.3462604094447
photo_girafe,734.9505163707474,748.8879188793342,760.0772120890648,746.8689815322572,701.5595998615084,661.6610819840972,687.7225085873577,681.9052092358129,660.7542195736653,724.6436084647826,0.0,686.3134173350782,691.751841948799,693.6365767756707,676.587954105354,671.9826720511651,715.7847740427388,678.9278383952173,713.6016279980789,699.1983497555211,767.906796073519,735.6624001988557,699.8018465385925,726.3709415882429,683.3672623836935,701.6395209758386,698.6005228237477,684.5320191640534,685.527386769324,665.7268602306724,679.8356768834299,676.9676750151659,677.226262043256,677.7924911142566,621.572388272464,681.3099977991113,689.8247849625537,679.9636651901913,685.8920520699324,676.2051256044906,671.1314117855181,691.7776989768897,689.4657029788264,692.544046236525,666.0756587246217,708.4931486301247,688.5413081144825,679.3207131583131,705.5687236380004,672.7616751766396,690.2595129890569,665.5582464601102,691.4389637342822,664.7524889608358,691.4457902709499,677.8228748382884,714.9779303171455,699.7278344442655,629.5062516520001,691.4775805954457,702.0221660317632,683.7003547422324,655.6312413440957,672.7622729113259,682.8379078608851,685.6933983324791,696.1385683843312,682.5934669064361,686.729417279861,694.6577383384882,660.2863929385356,688.224506490662,693.8720353313912,686.1391963826327,689.7168542445603,701.804613388775,704.8428526140872,706.074644383744,689.945409883326,702.7227698289432,698.3076955548541,697.2544228279337,694.2511475086079,704.5376324079857,701.2935117636773,690.4833730700136,688.150120353029,698.0761973599872,697.3617070156652,687.735232550765,699.4689388094416,686.5561197784511,694.4189203086079,697.0040608776799,734.2371585814332,696.3072454055799
photo_fish,672.0568385029322,704.7298790496936,681.901281821461,713.4124859608273,630.032361019989,661.2163300496188,621.6498826963682,648.8612895814657,540.2836263636458,634.3517880051596,686.3134173350782,0.0,633.6389765666373,653.2593721622804,666.970961729705,622.1411314829027,655.2545137569757,488.75251360941394,607.7634846058914,556.4440013339223,695.956326555318,729.0892864953403,591.6996643279613,720.3899956363049,639.7511000858011,660.3604537539974,495.21479438799423,629.9175292388428,661.1530046322742,647.4651234693157,673.3733942692942,684.6178092237275,555.8396405196797,654.1796412220132,649.3024137084439,463.5512715248335,622.396463305978,629.5094633062997,649.133570019769,638.5989368222446,614.56272373378,506.5578116151061,542.9352952724047,575.0642669633315,499.0456353695057,620.9572184475354,515.6032094334603,676.4143091160612,670.1702781862081,622.3565343733698,512.084840946576,653.9222169759655,664.5034035102537,663.244719684964,685.175124054936,648.2257319395296,624.5263209895221,655.6189343166726,639.7942420349539,485.96830300303213,672.6335411920682,616.2604084390844,638.323368455093,642.9433352877477,609.2525341911244,521.7786987668906,575.8663939334446,579.9867547174508,670.3626790712436,674.3946040409201,582.1070337014196,684.2096982800557,536.0651701765319,529.3757986553367,526.0227903235515,531.7059964858564,528.6919767346261,533.9917406476723,534.1040654632634,524.2138896593419,513.5443376051693,537.145884090457,518.1381617701323,535.4233665363768,522.200885963287,525.1551665249734,530.4433618386496,520.6137558935877,525.4062103488297,538.2653813268349,523.4799635027118,533.1534483449808,533.3624066916066,526.4643024377833,571.2102480651566,534.1808642479398
photo_cherry,620.364441411166,653.5706884764488,725.5124729205073,699.1366389358905,539.6255072117616,597.7674894943085,564.0824617450327,577.9738411087435,657.4601460228077,645.3824491534767,691.751841948799,633.6389765666373,0.0,568.2058403983103,622.1278632028066,576.3044803701496,632.1072519101981,635.5979271330897,709.2228991595109,609.1555754485776,759.2804779014028,693.2121437644862,595.8516048020491,680.7624372774052,599.7937581799126,615.5802297746694,642.1660606212797,653.4282563653512,552.5896306912811,613.9437514524989,611.5086677318952,587.7192770995407,622.3363122122022,633.7998236479583,565.8863410889751,607.9135218654577,585.3957964158707,570.3582533046489,623.3626494571033,573.3191059803046,571.7170555323297,635.8547524556435,630.4760527915681,621.1540993053109,632.8004055584712,649.4428417540304,590.7188121813882,618.369185480118,640.3060555590575,600.8700891520856,625.4532548100489,624.9969329249519,585.4659457766037,600.4873988188928,598.754813004558,557.4435554213549,586.9057740619708,612.8660791564388,586.8678368692116,632.8008385746317,562.8750094428897,565.7503195404589,605.8689248825416,584.4258556473177,587.9607609328248,640.9398800259552,652.1953590480124,607.5518976836325,581.1759744307292,611.5577536865146,603.9472510458789,623.8277237861597,603.5422277005969,604.3846387955664,598.9671600298135,636.5035676698117,646.6116380709832,645.7232697711437,601.9471478624547,639.3332518601352,627.5328274975491,651.4151984302055,611.580948808539,647.9373766074577,645.3643337268431,606.5131411844305,602.8970785539251,634.4715830386974,629.0834554559868,594.676116199257,640.9050210570819,601.0562649322515,607.9835482010444,640.8674873463618,681.0303219881441,612.9338460059801
photo_tree,578.6394061016082,639.9104538500814,760.1208955886473,707.5196752803731,566.769178928602,586.6934468890498,567.2521265592695,559.9407903483918,665.4729130629096,685.1558538552603,693.6365767756707,653.2593721622804,568.2058403983103,0.0,596.3017358887039,544.248388636721,567.9635097160397,665.4059304841528,732.0224115301119,658.7642636090671,756.2822418838902,670.6412268768025,597.8145812764167,655.049843754371,609.9244967283295,642.4198383935229,675.4525184493733,659.7414572656936,558.4361337948294,592.9740311983154,631.207487932629,593.4252628865531,630.1559937700329,668.7054254394624,571.1478444091105,642.7901021031771,644.5640101720528,506.93685630257045,621.0335550479246,566.1066511729216,547.6007285326662,666.4291071468614,671.8911573390134,666.4270563223474,651.2100838794348,685.1882030195997,621.0547916063316,624.7071648599263,666.4420366394543,589.4092564116546,662.6204162875422,635.5496827059523,587.8568254951759,590.309450763314,590.6189805849942,549.4097008691907,593.188722732061,655.220572485846,620.1921155580579,672.4143579408492,599.8349077250665,548.9714434682083,597.1794986080656,575.970360792188,573.0265702119067,672.5822292778014,683.0022679854571,663.9118236605239,572.9025606866887,602.5476520481251,630.0397203132538,628.0588334215741,606.4432878054695,620.9988797191749,613.4992947572945,650.36635615498,675.2530390404053,672.4910967013124,615.6723971530541,664.5326445176063,654.8077085871636,670.5489449174713,633.6045289493651,672.4505104716892,666.9811385550454,622.3217818664842,621.3303136911624,658.5507089573488,655.8909348750075,604.7155430548581,668.6717779669398,609.0439063526402,625.5538884412643,658.1528593238382,696.8641689133725,636.052850072301
photo_flower,608.7610776669623,696.6337837652795,790.5504953475394,741.0527325292545,562.6169866092891,464.4339790988132,589.1718573214441,515.9897468748809,674.0562301113124,727.1291235511655,676.587954105354,666.970961729705,622.1278632028066,596.3017358887039,0.0,423.9515100073798,520.661278821356,673.5712129749523,752.4878252628923,671.4897068327624,776.8380108020676,730.6769166276896,678.2659918954971,720.4176384931011,604.1444714049865,661.1479090786845,680.9747408494881,661.7547859993103,568.7103938935775,517.5692051218626,565.8019129454101,608.7730625330595,630.972190483727,668.7637870096381,536.8002606352519,642.6231166174861,659.4311588658304,509.4803971833884,533.155162808781,430.5966344596621,516.7490930404805,666.3129765424355,684.413216123253,686.4722356316986,620.9372650403873,711.2781171017263,628.5857575336596,639.8685494240651,632.8999172032729,469.0647580918884,659.7630400201788,537.9147245782518,566.9132972436864,530.1107290406886,589.9418706892176,538.258237797661,522.5267159764159,645.5830544594318,569.4658961458548,660.5128969391678,599.1505076800495,507.68326920821784,475.3391007717668,434.72813403493745,479.9635951122406,656.778694355889,685.1122625376506,663.8894180679052,571.7078516987486,621.3990251731689,605.6163288058636,622.9327879923086,584.0623694127909,607.5578411334238,600.6718950900448,642.0680055213362,661.3903845689052,658.2873681937172,597.6052940785621,650.776580086898,643.6946805580121,651.4223703670853,624.9986091090101,655.8329203173304,651.10812853923,607.7488780495167,606.2279840218525,650.9770329589164,640.6657076994093,579.8550953155633,654.8005012306128,585.1052968420681,614.1478497815717,639.1480890529209,675.0997763603187,621.8268524323236
photo_carrot,585.8412053437955,681.0891505577398,747.8707299242352,729.8925444307038,544.9695720400662,456.2347189328304,556.6555086812605,482.7873245291813,646.2813257817036,703.6877418648643,671.9826720511651,622.1411314829027,576.3044803701496,544.248388636721,423.9515100073798,0.0,482.6168663182528,629.6038360339761,716.0653635759539,654.2461133051132,758.48612546361,712.8490608050857,626.0381678806502,706.7909347542313,576.1948957742405,650.0848070671946,641.0877203446438,655.0868558907061,547.383622494538,473.85017930705277,540.5214894975892,578.9937423725734,612.3959030999453,651.1019732049757,516.7480106777446,615.6683248568492,635.900203186368,488.5156518977359,519.6638718479094,322.9332471045446,477.4799051056145,621.407266589054,655.0186312982469,667.2298527444258,591.7484202918523,680.0647650968833,590.2658059366671,636.3283614064509,627.4779315810574,440.20130129863645,610.4487879254349,526.3788080859275,530.3863822640076,490.3123256952754,558.3981207677356,465.4746381414452,464.83902535224723,625.3514013112626,536.76002846543,620.2372251667504,554.5774527668253,461.28932011268444,447.3807778137287,340.0341009838909,424.6898649688698,607.7275462258029,638.3180950774697,624.4591241239909,540.5303469359816,584.3034786054282,560.231465634683,604.3859555051162,541.1837051304519,562.7401885423516,555.0392438013629,595.6924800060997,618.725953307984,611.9412431435636,550.1668116197511,606.9048725453539,601.1985889614709,604.4184471910726,581.5691118332451,611.9430431343283,612.4224638766019,565.3182998869839,559.480441587099,608.7402827547414,596.5140744259676,537.6036534722571,610.0802864533176,538.0159831453199,566.6990975412467,600.3816476790827,635.7509218188984,572.0502151590524
photo_watch,596.8568467159911,708.5199406465598,787.9884090296279,750.8963749337433,593.25142387729,525.8492474428674,600.5365710798661,549.4871334181977,669.2801666680253,734.6198530293666,715.7847740427388,655.2545137569757,632.1072519101981,567.9635097160397,520.661278821356,482.6168663182528,0.0,659.2462216607581,738.7181298787831,675.2051846956153,784.1699262276668,714.9362302019604,658.9439339762808,716.6577006624569,587.8279027004687,665.1934652893714,674.9336501270029,671.5039476211548,571.7034028291099,523.2468392052401,584.8146802675832,612.476915560452,625.208077317468,695.8888354871426,554.7306218141497,636.8769329254338,665.7930083388828,502.19540659880715,553.2884591419671,483.1661125267346,436.43381813447934,651.4587038570204,677.6267140312215,689.4901203778691,633.117003822459,698.7177548177126,612.4782541962597,637.8971543230682,659.7315617215277,492.82739716167674,645.5227732598788,579.1397483711927,577.9478188432421,551.8589690004709,583.209623896612,518.8419937546533,517.0168862426823,665.3961666404276,587.6355423106793,648.6515244315473,611.0372489636168,514.2393971524157,501.09932676410097,509.3640140799135,434.55241980426683,644.6242364314477,685.4458122357363,662.056170296359,584.7267329242343,589.8250966848811,630.9879671919721,608.1069160776236,562.0991808319236,587.83112290695,575.3491345102367,618.3547537703921,645.6870394410821,641.6661838598434,575.497796235614,635.2745855800072,621.7188598248907,633.0486242064313,605.3975646036115,637.0138343708479,633.2467288156857,589.7036928165578,586.6745959932122,631.5685061616706,622.3237293287958,550.591329575357,636.1797569776962,557.9944751347858,592.1789882766982,622.9150140315782,662.9175803626727,602.65544496289
photo_key,684.1599039091435,710.7976245239099,676.4482501956284,726.750880138483,653.6815767253612,669.5661095063107,656.2455348336298,665.1725651119585,528.3932128412697,641.9453848676,678.9278383952173,488.75251360941394,635.5979271330897,665.4059304841528,673.5712129749523,629.6038360339761,659.2462216607581,0.0,579.6656760936222,571.4856432727091,696.6046111059914,726.3048671856011,607.9703965002108,733.2637927230019,627.5231041982825,635.8282061384884,431.76451570402173,621.3217025342087,661.4493721417998,632.6664535390372,647.7895219280497,671.3959783859611,518.7717376307813,640.0183912340983,640.6300827771636,483.31855605536146,612.4181205113996,625.1924134072475,627.0144515378871,634.3491493082831,610.0743440877138,324.4333115092145,526.6435990871445,571.2691276954818,483.3895131034568,579.8484554057393,483.543975739627,660.5418423614203,630.03561305829,604.72332295213,423.043752105771,629.4671307947037,648.8603861221442,654.3045937899756,646.4169429406292,627.7642559279083,586.0419093101463,622.2687546182966,611.0738040099775,486.62737230586885,653.2001886714355,589.5602971873658,610.5988527167617,622.8084376550518,575.2749659618064,347.92709361776593,509.51551007091825,536.2222870710885,632.6837184798972,631.5674856738673,562.0859595544244,653.4012979886195,476.97350580682735,455.59431964279383,454.4588694248552,446.0612400727116,419.7226908847722,429.57615474040574,473.5763702616452,432.53286294593914,409.97982262306897,450.2429796180536,442.94868025223786,435.2267450644222,414.4682307221234,449.5519219859687,456.2787990184338,410.4118910791083,428.8624847059211,476.4347939293783,420.00864947573797,476.14167340756404,457.16920770835355,430.14413732919706,488.66251015671907,454.50652720756716
photo_truck,742.7110640556942,762.3612557891603,686.2411654949772,745.7083787215929,719.7468297227917,735.1076762072234,728.419517909959,739.8215715953309,643.03812586938,675.4606649976719,713.6016279980789,607.7634846058914,709.2228991595109,732.0224115301119,752.4878252628923,716.0653635759539,738.7181298787831,579.6656760936222,0.0,625.1951236322438,702.110274179551,724.2495516782047,656.1791273670952,748.2138249479932,680.4386898459923,703.7707952185139,597.0074283688402,647.1713069553886,734.5682125468857,707.7967764995003,729.5939045375234,729.4851941882395,624.1753111175092,684.9844321947785,725.7114998529476,607.0329001076765,669.6152998545581,709.175269643653,717.8434302984952,720.4292602006464,694.8660995860421,587.7135961334452,491.19110065402873,621.0097837675416,599.1511258885948,595.4904958948603,601.0281268073828,704.6682977240403,670.9715336341344,696.8720608029396,621.2043976190669,698.51422120645,696.4683865248684,711.1924711222097,716.7332789188582,712.8809144586494,706.3079142737474,673.083923810706,695.8312038529806,577.604828915145,717.6784655199625,679.0541963796753,703.8196688884057,709.6465421948668,701.0937591930343,595.955379834666,475.80163443112184,587.1063344430851,708.6835164067718,696.634631532262,638.5765674417817,708.5654983065158,638.9173576665019,628.504680753208,632.2058919268351,628.7669950177627,609.1392292544343,614.9466152122587,634.3354804118142,616.326207624669,609.831261270062,619.9861375672175,632.5468258580883,615.0233340282256,622.6552446438554,635.0314426949692,630.1497131912745,624.0722124394838,622.5973303924513,646.8211570662477,613.9069603395794,638.7725260090006,641.8071649438078,615.9646252439004,640.2221805985117,635.5865544668103
photo_velo,678.3005076498216,717.3270679155149,695.7233054635892,720.1730688623672,631.9695782799384,662.8756400903098,647.1303311416208,660.7201480494131,603.4986415161363,619.8685667561905,699.1983497555211,556.4440013339223,609.1555754485776,658.7642636090671,671.4897068327624,654.2461133051132,675.2051846956153,571.4856432727091,625.1951236322438,0.0,699.1740959194785,722.4741666328548,592.7332311841428,696.9851244647708,607.409452217359,650.2913215025955,559.3886235597444,615.3137542468246,634.0160939242134,653.3176505273759,673.8100574947346,667.622647754907,571.8153382469413,644.197104073278,654.9873737008164,518.5689878533008,580.0725434633189,619.453177936356,651.5322694249279,654.0727920117728,621.2376289839277,571.9351328087206,539.1851139764238,389.92422678381433,562.4570917290799,586.2731255628154,540.0037350900649,643.6400815858017,636.4613366525756,639.3915287603597,552.0298590546657,652.3394668269628,623.5694819482941,648.4843882633894,655.8543100677678,650.4750003888942,646.9861070315122,641.5170913220771,649.3326700820003,556.9237940170048,657.2358187406024,609.3607743468812,637.6667028196862,648.0119327935353,644.6704645635364,586.0720060532165,583.137296622817,461.7011891557918,648.2240396634818,657.788817923686,568.8414417743717,649.3715561314158,577.2899316704058,570.3764534868604,564.097145387016,576.4250179018939,587.7603544427066,589.6818094102626,572.592587875925,571.3512316404675,564.6326386536837,591.8369094646227,560.564209765418,586.792268681652,571.9444192377235,566.752160407164,577.3384378294287,567.187124489488,568.6486798645001,577.7360738226024,575.948315517452,568.3987698726819,578.5142865306826,573.0948855968145,625.2103221382197,578.9968350777635
photo_road,772.1585587837789,771.5303705741425,628.2513421403823,709.0643239600956,750.8111233192915,768.5387560009676,742.745399322936,765.781636535104,695.1450419965232,681.5767100931931,767.906796073519,695.956326555318,759.2804779014028,756.2822418838902,776.8380108020676,758.48612546361,784.1699262276668,696.6046111059914,702.110274179551,699.1740959194785,0.0,763.3521922298254,671.9397762008143,746.5072106532368,752.7351839041279,784.0243249905703,709.3069708034167,713.7559247452504,777.6901843065385,752.6324507801602,794.882628247493,791.2302732846804,708.5610746856796,720.2261708763457,773.3800090272581,715.3041705259079,732.7956733603733,766.3846999571892,752.5850252504895,774.6364712241933,762.317507394174,715.3549711639671,704.9650349186553,695.6440728235948,644.7259397125215,679.6082203968804,706.4247408253262,765.6534590641135,755.7843115227687,763.6755156435956,717.1742215055365,764.5745927277336,763.2219281434909,768.65992165295,778.7368646135329,777.7310025956095,765.3178440892424,728.9382361180047,762.6815056839857,702.2715459196617,784.8687985516198,737.2423864236083,747.8470260718188,762.8176090419669,757.8399429081356,722.8648902847199,717.5411287438765,704.3335581907268,763.4400572558815,765.9632180869337,703.3647351101836,768.8427801214282,722.8370148658025,717.8047548695552,721.3609953422455,721.3150272673751,724.1832822055703,720.0144794469677,723.4978076599226,718.2735368074149,718.7517232707243,719.8948046207537,720.9623977605079,720.6156899281159,720.9250759510352,720.7939214089796,722.2708527623673,721.463821152465,714.9907959244807,727.2444665179153,721.4625251871346,720.0302681000456,725.8411092528867,712.7301475347867,748.6339151037107,724.066250987953
photo_house,674.9583831646038,653.0849213623507,759.1975292814823,697.2559828677541,705.2469902866064,705.8770577174157,671.4987679399762,697.8165500646506,746.9607822204437,725.4679293100062,735.6624001988557,729.0892864953403,693.2121437644862,670.6412268768025,730.6769166276896,712.8490608050857,714.9362302019604,726.3048671856011,724.2495516782047,722.4741666328548,763.3521922298254,0.0,711.6357388773017,686.1258493490956,697.1475493260975,686.1602807834217,734.7254567830073,705.2667281650504,709.5802546387853,699.1270716312564,730.2171352132177,690.1004918669514,736.5570590987593,728.5423107759412,710.9832089862738,730.5528887765086,688.2152514364892,704.8572810135729,698.8702629106766,725.0815413521154,690.2039236460558,741.7202606412241,707.5606048101653,716.1638654418449,705.4156055343869,691.0571243308284,726.7282933039696,697.3351886506139,697.087498035387,713.1244029190885,753.1066498159217,720.517964099559,695.641766248576,716.6876461904355,682.4107979525523,711.1584330741437,717.8182602839545,722.8993970775316,717.2093384884082,735.5330480490585,706.1997810886791,704.0612227293999,718.25276102927,725.603056035207,720.6743312894614,752.7987230663362,724.4830512055981,722.1284331329094,681.88198777322,651.5216612217577,720.6202457998028,715.9091049059579,728.1468745155355,723.6078758680486,726.9247508987803,741.6631202432312,753.7871170820337,754.7755360445352,726.453999782042,747.0557367427467,743.101654742115,749.1351310581582,734.8414224295275,754.372728593792,751.6864320761497,731.6914018135622,727.2397965291835,748.6802608411773,738.4989423158044,733.7367035684883,747.2093947688845,730.1008671993216,738.3942797172166,740.983795964095,779.4590135506896,734.8000594842996
