,photo_face,photo_profil,photo_eyes,photo_face2,photo_walking,photo_standing,photo_hand,photo_legs,photo_bird,photo_butterfly,photo_girafe,photo_fish,photo_cherry,photo_tree,photo_flower,photo_carrot,photo_watch,photo_key,photo_truck,photo_velo,photo_road,photo_house,photo_mountain,photo_windmill,drawing_face,drawing_profil,drawing_eyes,drawing_face2,drawing_walking,drawing_standing,drawing_hand,drawing_legs,drawing_bird,drawing_butterfly,drawing_girafe,drawing_fish,drawing_cherry,drawing_tree,drawing_flower,drawing_carrot,drawing_watch,drawing_key,drawing_truck,drawing_velo,drawing_road,drawing_house,drawing_mountain,drawing_windmill,geo_face,geo_profil,geo_eyes,geo_face2,geo_walking,geo_standing,geo_hand,geo_legs,geo_bird,geo_butterfly,geo_girafe,geo_fish,geo_cherry,geo_tree,geo_flower,geo_carrot,geo_watch,geo_key,geo_truck,geo_velo,geo_road,geo_house,geo_mountain,geo_windmill,word_face,word_profil,word_eyes,word_face2,word_walking,word_standing,word_hand,word_legs,word_bird,word_butterfly,word_girafe,word_fish,word_cherry,word_tree,word_flower,word_carrot,word_watch,word_key,word_truck,word_velo,word_road,word_house,word_mountain,word_windmill
photo_face,0.0,1100.460024176715,1301.380898624596,1207.0616250761889,1181.918792891538,1150.3150100409011,1120.948789275162,1099.9482135457845,1344.7660836516404,1327.1813653131599,1363.2902170804186,1311.5387502564574,1227.5177871545716,1157.8022004328525,1194.6819442071894,1093.8107604634076,1143.8691358944138,1306.366223072259,1383.9084884348324,1302.3632444448233,1491.6651384941165,1331.2926657778771,1320.4652640973227,1358.9022428595858,1108.5361956054278,1222.5122717822392,1301.6893868925476,1239.286136413367,1185.3471316388,1159.8756861830107,1235.75446922152,1245.5062758108204,1267.7951606379465,1335.484261741566,1219.3812023946361,1295.1893534206135,1314.041647778915,1133.0293737400016,1191.760522686362,1124.343324010327,1149.6760070823077,1303.6157067754416,1326.76772684392,1326.4443560725745,1306.0358418361375,1351.7276821798725,1292.0298497028512,1289.0911223872852,1261.9889927950294,1173.0929963743306,1291.2263090652377,1250.9999831187315,1209.3816034596982,1223.450326873372,1198.9892694939163,1193.5079682440714,1198.186373494361,1291.5624397578422,1280.093390198999,1306.3606549929502,1267.9189358729843,1190.186182612973,1177.9522180630418,1157.0332866979165,1183.0820143565272,1292.045950713903,1312.2297814341778,1291.810824920611,1257.6452954077106,1242.340292711297,1281.9853858824165,1267.0665967912971,1205.1552241977502,1218.4558010682133,1206.0720478773806,1263.9480809094716,1290.0862977953213,1290.7494982993214,1210.3778065177182,1279.4463190068955,1259.443703515904,1287.4874689207638,1234.4548830467734,1287.5129482734112,1274.2662493682567,1224.0477021624456,1209.9767196322134,1267.9217174182183,1256.0763370326608,1191.1796317962205,1281.0008375715993,1206.404094233895,1219.809905477798,1263.310956577665,1323.7623625520314,1227.7925076223596
photo_profil,1100.460024176715,0.0,1332.9863167442977,1271.0618834175234,1260.5612016076398,1288.3781359040836,1201.2231809736127,1236.8389677930352,1397.3912818891758,1340.8353444990494,1390.7362486396235,1365.4163000440783,1277.0353037992068,1257.5057041282707,1318.3289231574647,1256.952266108502,1299.7688413162364,1366.0173979947926,1420.4966576739132,1376.1603904793265,1502.8050150116871,1318.812768699156,1357.6382274041753,1357.336538979196,1241.2263478289028,1104.6089249707495,1352.5699261214927,1318.6034124134799,1258.6444135908089,1283.7114519627587,1299.0578102257127,1251.864976636865,1327.1586151720735,1343.9896836657956,1258.6357166467703,1360.2221054466934,1333.9698947413335,1274.7956700554305,1271.0267525435384,1265.1177248709687,1288.1835677248232,1359.1867643293194,1373.4835483696127,1374.6436973986877,1369.384425391991,1377.7553306317377,1354.587874854492,1328.046454359549,1301.5575202202554,1274.9218995607507,1371.0268853346151,1322.7727655733686,1313.5132314141051,1301.234292283747,1275.1892215865194,1301.036753249177,1305.3327295345134,1331.942390466527,1310.1387604787647,1369.5929166019705,1307.9183713675775,1305.6404548348455,1303.3624962968117,1279.9254050327795,1311.5818153772102,1358.6426172772137,1365.584802384199,1354.239802485072,1299.635688719282,1274.383844917526,1342.9126801418322,1336.1008937974154,1310.5978916663544,1314.1214644437514,1306.9178962997262,1340.4500874401417,1358.5203317415674,1360.0899853696558,1311.9547931576333,1353.449969353559,1336.2184780912874,1364.3657025108241,1317.5604494124054,1363.0064361941593,1348.4883606607775,1313.711850729515,1306.5747075985787,1342.2726695658982,1333.8914513246036,1312.9372048199396,1350.8209571236457,1313.541632548133,1314.2234044066504,1340.434671097959,1399.934186203365,1314.7193847274682
photo_eyes,1301.380898624596,1332.9863167442977,0.0,1237.7678203799717,1416.5622059549223,1423.2344429742393,1353.0016309006628,1394.3524114094048,1370.976745883666,1285.4761601584132,1438.7057300685522,1322.5731482422482,1385.3860842367699,1420.006958431371,1462.952417638008,1366.540306091523,1435.81928514317,1288.7149913069459,1306.7026869186752,1322.952090493192,1313.4281265045427,1462.326222690134,1284.625076477034,1466.305326449893,1346.8002510794026,1366.0848792995434,1235.8482695723712,1261.7120411091432,1435.5745485797524,1400.7452900656426,1431.2247086269433,1432.4526849851786,1319.5941008187233,1331.4811066298807,1430.8063215330994,1306.8346268120495,1362.5141604257924,1377.0849394849552,1402.478248959913,1389.9334551410795,1384.1587024576631,1288.6369213892542,1301.8424763014164,1317.510544275703,1283.154717999207,1247.276055210689,1290.2821939400537,1424.6669952128818,1356.2878927977065,1373.3278386806494,1237.6667855348617,1384.040034830414,1407.3938294771058,1405.563439276485,1391.3997881235973,1396.3128867298328,1401.073023237118,1321.906041937873,1406.156385615709,1260.9918182695756,1415.528281305983,1382.9381649422312,1380.8746008397204,1363.1888953081595,1385.8350922752682,1282.971442709589,1271.4556287752268,1263.6737747927932,1414.7833642834698,1387.0246787895912,1302.399759566804,1406.9714290106485,1267.113674735958,1259.4250099415292,1258.506921773728,1262.781406411049,1265.508919887579,1259.2221491729663,1259.6247568192819,1258.4435494710392,1249.572608288507,1270.5991886907645,1251.7491533803216,1256.577097025091,1252.8266918501065,1255.3382649572884,1258.6164053002192,1260.7755221433106,1252.834899796356,1264.6033709370995,1257.118275552392,1260.5293798767402,1260.2033137372364,1245.8355617974237,1304.9452435279793,1256.0370820914782
photo_face2,1207.0616250761889,1271.0618834175234,1237.7678203799717,0.0,1383.621994538064,1385.9985423363146,1270.468513357142,1343.2761646309443,1396.4680785783255,1355.122079016444,1444.897444756447,1394.9136017237963,1376.8093729941681,1384.235990201649,1433.4558212083202,1367.3582253538289,1422.3163198813938,1396.4344614453034,1443.5316588878272,1410.4076348424578,1429.2442971098676,1427.7716174801196,1388.6581558845442,1461.3423331833073,1276.5755464526978,1343.4499601522007,1370.7442893382554,1155.97780460248,1400.0944859775923,1393.3791155531494,1433.8258107312552,1394.1932280701978,1385.11141006799,1381.6283818031184,1404.130843440987,1396.5638110733378,1428.7944011485922,1378.9224506008804,1386.5307788391628,1386.9512351767771,1380.3130456511722,1404.6626579124204,1417.2943266670725,1414.4346019836073,1378.8180360789931,1394.2713478273579,1390.2881058244855,1429.436540694429,1362.517583536362,1374.9897852568101,1386.734892140032,1389.150058514459,1412.349203609909,1393.020072960594,1392.4258809850753,1401.3966826542617,1412.7551737243537,1373.6739528850053,1427.541409747163,1377.986812540402,1433.2875635417777,1397.0801510865044,1392.4517954670505,1378.6433114213933,1414.4350371293865,1402.7259106138724,1396.077007394428,1381.9531990260082,1395.767834710431,1409.8190181566101,1370.2476401912138,1422.621002495211,1355.920656246039,1356.1641756663755,1355.7637098483583,1370.70586560096,1392.4080663529244,1392.5644778840783,1355.4297810083597,1388.3624503338715,1375.0041136848404,1391.26823861156,1365.5744323614133,1387.1577115268885,1382.4447497593303,1363.8245296964171,1349.866456062983,1381.147263243709,1373.0203179416146,1350.7006486853043,1385.8900033219434,1354.1134195491763,1361.483148202895,1370.1567923707048,1422.0944991388235,1362.2202405658143
photo_walking,1181.918792891538,1260.5612016076398,1416.5622059549223,1383.621994538064,0.0,1022.9320918462384,1145.7507063984651,1035.3443081902617,1306.6358507896784,1309.7554731356024,1291.8545259242364,1288.0910713292499,1133.2166736781085,1140.9450150175855,1149.5577740856563,1081.901402069674,1177.3679473413385,1276.5499127552343,1351.075408973883,1244.2279226986557,1462.0277171009734,1352.3752573519955,1205.4480235252227,1306.7862671342264,1185.2952690846944,1244.3100374780506,1267.1284302227114,1302.357905229952,932.4407871092858,1127.1554748985186,1206.5550201154178,1186.0909891968029,1207.4876123205975,1278.8857618576292,1059.099979154984,1235.2162291008665,1262.8445699069262,1124.2887516896824,1189.6287133244227,1089.6155417042949,1175.6929731795306,1260.4747312264974,1252.9870842762375,1248.137778482553,1236.1564430018675,1312.5152656519576,1196.4517710351358,1243.1081543645116,1302.8237521879112,1114.392900259831,1277.6336202595837,1226.8601084109107,1088.4690952149867,1179.0645033835256,1153.4575060157974,1150.8018245954531,1126.5260789321192,1285.2384470217867,1159.1028303724831,1284.3775921345975,1186.4889680814376,1137.2913407740457,1191.5199108303339,1130.1197776999206,1163.7954187213975,1251.318922850498,1275.3486315980206,1263.9052177266092,1203.355007273946,1286.11009910187,1239.3229855997358,1251.7061802223575,1180.6780509369212,1206.2462295180328,1196.2335640731096,1249.8592871702344,1261.6192417770455,1261.3969267437585,1192.8695061324315,1255.6774596939333,1243.817429072063,1265.24597463194,1217.496034885835,1268.7033592087676,1252.3523953325603,1204.960195618189,1198.2964535753035,1242.9287843409406,1236.233108685703,1172.7720430734355,1257.24042940711,1185.425164488789,1208.2491743909454,1242.5786854078804,1298.1045302871814,1211.8986514222147
photo_standing,1150.3150100409011,1288.3781359040836,1423.2344429742393,1385.9985423363146,1022.9320918462384,0.0,1114.9336397181519,958.1910150529314,1330.2651148563957,1317.7465377040576,1230.6553798538139,1328.1766738478527,1210.8117028361544,1159.2611380498674,1022.1135721610981,965.9074971006473,1070.7229957803893,1305.901070125542,1361.6770112987897,1271.2877747051446,1474.1397929775349,1342.6077859798115,1285.1732975850912,1239.6406007343592,1208.9241357934147,1253.1428786505135,1290.2109388150934,1287.160330620357,1054.8105546188535,968.4639147906362,1114.2832210253612,1140.1499768766312,1227.9562947398936,1241.2776947660525,1019.7977732696667,1263.8087429578034,1262.672808285303,1072.123117289395,1093.6466312515233,961.2580487871347,1068.8448067089666,1272.2538056080316,1287.719142605703,1287.4634763216097,1238.9569484453182,1320.729914898025,1229.3807972211305,1138.3842087764606,1256.7536412735012,1029.189415145058,1279.6000331903963,1101.2820040446545,1098.655503379711,1070.0128144112334,1119.3538617327517,1079.04860156636,1044.354219653969,1254.7638251564351,1124.3490619329514,1290.9771530619767,1212.444151277958,1113.8490089187526,1060.8908364361473,1009.0021031791503,1052.1083157130238,1255.030119902406,1293.2795517567943,1267.3491808159092,1176.2553757854193,1238.5978578171118,1238.0189491984725,1154.0430342265677,1178.1941567316653,1207.2712133563919,1194.8468014211887,1246.757455044885,1269.1726038536442,1268.0943935896191,1192.3454316006596,1262.9934043700232,1249.743015895724,1266.6890575401849,1222.568914851229,1271.6078472361203,1260.54954399629,1207.7730710545225,1198.6694378080751,1254.4714531460545,1239.6316403161625,1169.5026033761517,1264.5287638771536,1179.4679537498268,1206.0858930029237,1247.9499927002953,1296.272442818204,1213.8877424808165
photo_hand,1120.948789275162,1201.2231809736127,1353.0016309006628,1270.468513357142,1145.7507063984651,1114.9336397181519,0.0,1090.0718698328465,1348.9743979006516,1285.0079755650195,1320.50883739249,1262.621933352471,1154.4575182871367,1143.6703200045263,1162.540053161214,1096.6861311753446,1181.197050173073,1280.2297225137413,1382.1913019173762,1287.0060382734368,1463.2474998420223,1349.2435016410318,1271.5859492711725,1310.7528757878383,1237.0294210768375,1215.854230122611,1278.3471473176025,1253.4454956133166,1161.4753576883013,1147.220797568939,1127.359463843312,1217.1362842906226,1266.9983473672173,1284.8621018400495,1144.1087483829551,1243.1058418866717,1245.8631355461282,1131.6640812624896,1135.9733300934147,1108.657955168653,1148.9626776341918,1267.7661797353444,1285.3357445998508,1307.0323261857072,1259.109505668106,1333.4699492219768,1261.3718476917838,1227.1362874371773,1274.1191474090767,1146.0544926518921,1278.7575829185719,1202.4164103644823,1194.7580689314836,1190.5527432238503,1099.0614772607898,1142.1765353831959,1151.203053310951,1274.3522995419432,1202.311766747985,1296.0289715688364,1238.299538211186,1165.3032423758077,1157.9357600359217,1128.830457157592,1177.245801392341,1274.7656624414637,1298.6188999137673,1266.3613619306188,1203.269928269388,1249.995875951318,1254.0646537192285,1215.718458091444,1211.4965962956578,1217.6378453344525,1211.3649291568656,1257.3113982820332,1276.3175615361367,1271.579331105994,1211.8577036071033,1269.2527507136285,1252.3047169141485,1272.6603015139788,1231.532055376722,1278.1371407208294,1268.7518823629969,1219.6322164929795,1214.9617358867943,1258.19413428641,1249.8004219775069,1204.6735535633075,1267.6807199212756,1208.7740294115517,1218.2015537585837,1254.4200437314637,1318.4406995544991,1218.9922702849944
photo_legs,1099.9482135457845,1236.8389677930352,1394.3524114094048,1343.2761646309443,1035.3443081902617,958.1910150529314,1090.0718698328465,0.0,1318.968683093283,1311.189634204688,1262.5955495527367,1302.2422069386564,1165.524129451283,1127.5136120505151,1090.7864037152476,983.0349733261718,1089.307426134841,1292.223060412778,1378.6652722704507,1268.2727445869025,1471.6335951848707,1353.2330105639371,1278.1519292094085,1285.287867467486,1159.7494406227186,1227.1274158060924,1274.2353432566217,1275.1573979504838,1025.1668595489905,1042.3192190830812,1115.4549100843333,1060.4218265707832,1201.2303031102065,1257.2544308603235,1083.3038593783167,1255.1430495160362,1260.6593465432502,1052.6241485469186,1135.799196990262,1000.1559290816481,1059.5038523348796,1272.0833855553287,1294.7531707153805,1273.2139731744642,1245.392620117436,1337.2207838376135,1231.4233114695353,1176.5731352445287,1257.6905234762532,984.8261995412234,1271.4848094465926,1128.1210099641485,1089.0505065164782,1089.439695282309,1134.1823959220644,1019.8813687896379,1020.7850525430848,1255.1698391375241,1154.5980132255772,1288.985628987426,1173.6074603240945,1097.9737941467117,1105.180391749661,1024.8626898826885,1067.6092694968268,1258.2848991692258,1291.8966530454252,1263.497173674022,1160.6679253995858,1206.6314367991167,1217.083154609729,1180.7144229476312,1185.9798964649945,1203.0401371937457,1195.4212854195855,1246.6029021131671,1264.045975196915,1261.460815195938,1193.8500326160395,1259.8767778889126,1247.8079192105145,1266.136074572355,1225.524638984203,1270.1079685100078,1258.5080898213882,1209.9814684197374,1198.2296247967513,1247.6266231313184,1240.1222564271595,1171.6552171594617,1259.5172847986134,1185.658646682126,1206.4715405411816,1249.6086265264344,1303.0266432078677,1209.1973811559
photo_bird,1344.7660836516404,1397.3912818891758,1370.976745883666,1396.4680785783255,1306.6358507896784,1330.2651148563957,1348.9743979006516,1318.968683093283,0.0,1235.2700735567246,1290.6855383344023,1077.7118873428851,1333.2454088256486,1324.9904392891483,1329.1204954215934,1265.8758326754166,1338.0240159148202,1139.6944207266304,1283.1661817415452,1224.5563386187494,1422.8565508745835,1456.5340349843987,1290.2900572033425,1403.8961640664913,1334.4921016429664,1371.0602968832727,1228.2685091255148,1310.1261155239322,1345.7685019779522,1336.819968667005,1388.3353089150137,1418.5157692593189,1013.0099550959608,1352.6655681870766,1316.8690765138454,1184.508059599471,1375.7923834018338,1309.141428896759,1338.136301536711,1311.1095480884949,1333.4595241451823,1165.578501471573,1266.8451729148426,1257.8345170961552,1178.6606361721947,1314.5705622355258,1218.6622370584598,1397.5304866429753,1382.5094669884754,1281.5710107603554,1228.4773067006352,1350.885136882256,1346.292763495668,1361.4479065227474,1375.9828925250968,1350.6161415672555,1321.0543977561294,1349.7881612989945,1358.254089562069,1228.9383305395525,1402.5514375505413,1331.5983172827202,1332.7575082510461,1317.252175122234,1321.111629253502,1164.8659397367283,1290.085251091482,1269.4283896310774,1397.553027979567,1405.1281820573633,1286.8655143552648,1396.279730262459,1191.5421062235187,1201.0114234899943,1192.2647780700775,1191.6693799454613,1217.4350897602476,1217.7957583081097,1196.8457859766124,1210.1749724568895,1192.0376195904464,1216.321011038056,1195.2017834464898,1211.3151024492922,1194.928697695169,1188.392586796435,1187.4677887140822,1198.084634759074,1196.9409509355783,1189.0941869867258,1209.7373032612393,1195.5110533525324,1199.328258662296,1192.393104619535,1257.6456750447699,1199.8351652237545
photo_butterfly,1327.1813653131599,1340.8353444990494,1285.4761601584132,1355.122079016444,1309.7554731356024,1317.7465377040576,1285.0079755650195,1311.189634204688,1235.2700735567246,0.0,1374.5402963789656,1243.6885165515241,1249.7651761235745,1274.9532493005206,1350.6017859265346,1289.2979359201108,1344.6456433234735,1242.6632902947958,1276.4068547971624,1198.4659148140447,1385.5173483665465,1384.6099793655385,1271.1135048425658,1318.4955283324932,1322.1846441411021,1296.298938155568,1215.0192460239075,1178.6543396818138,1310.0143181846793,1291.3666152119774,1337.7580469160346,1355.9582567018786,1170.1689380652358,1055.6759956604324,1322.9893968294707,1219.2053667950684,1207.4024687312508,1263.1547284640892,1286.0430212944964,1297.5517360225074,1292.1073595765165,1233.2395868321137,1218.6904773804322,1190.3949890138747,1190.8952843937311,1220.1753984311927,1232.426755346283,1257.6268000849993,1272.0352550985522,1301.3505761736244,1229.7736213479714,1300.9078245966557,1269.5214438438202,1267.9507587446683,1295.608854381435,1284.987205013182,1310.308391089223,1170.2439488673451,1313.0268134724938,1230.101659125483,1326.1376733028033,1282.289138323838,1283.6489374273533,1280.1752293843474,1313.047014800927,1248.387351187092,1227.5083792137684,1192.329921486654,1335.0750632947268,1328.0632488816966,1214.8225260902193,1252.824309083795,1245.1112369292769,1241.4988670830414,1240.5801198078082,1262.3062900668263,1275.9686276505818,1279.7511560476253,1243.1305038701196,1276.191169310378,1254.112910551776,1284.135577271213,1246.8345115400798,1283.2509791429395,1259.5714169915348,1242.7006006644974,1245.3834847687665,1259.6116935888776,1253.7208808083687,1237.095222711313,1268.6585527000818,1236.8678433422162,1253.4564751252144,1257.7468081808329,1325.3631212184064,1248.3081644129632
photo_girafe,1363.2902170804186,1390.7362486396235,1438.7057300685522,1444.897444756447,1291.8545259242364,1230.6553798538139,1320.50883739249,1262.5955495527367,1290.6855383344023,1374.5402963789656,0.0,1312.1268080403065,1340.6775306094326,1332.9496056528433,1292.906707231555,1246.7909308761618,1331.5206427125288,1317.6544055880445,1361.4462473627523,1326.1734460417986,1496.1416527773329,1400.3243383816052,1344.5014460194323,1366.6677614045354,1341.8415654808714,1342.3026763548141,1340.0551563188362,1361.6369427741918,1280.7942930941056,1254.672911831003,1313.955855471071,1313.5398057120324,1273.942670347246,1338.1102587482574,1145.892482883152,1312.7491047451404,1356.8731630973093,1291.0107375039224,1311.9492911814718,1263.3071718412507,1303.1080645163531,1330.2161477222014,1321.4668561527642,1316.0673684488784,1304.2799654304802,1374.3696585116493,1335.187110040628,1332.1885012519065,1376.9875594652456,1245.6021787609984,1346.8728594822871,1309.3798091599083,1331.4409616160185,1302.977746854436,1325.074300307765,1303.7628572484366,1328.5972205539524,1366.9848358404647,1202.6315182659605,1343.5497474426256,1357.2094993418723,1328.4919567574063,1295.1928756618565,1272.7807437774811,1309.5611697416937,1317.4569266501985,1342.6855424134171,1337.0180214946736,1342.8045091628246,1366.65379705142,1313.0488002934208,1346.3086529933746,1314.414992724309,1315.7641220897708,1318.773537110906,1334.036537147668,1336.4256523051372,1339.5120472508017,1315.328691609705,1336.3232019983882,1328.3124232087755,1338.5632239382987,1323.454651254374,1341.8891442620686,1330.4681844685126,1315.7660301822223,1309.6761421464207,1329.1785132284947,1322.4160580868906,1305.44357402602,1332.401549891303,1310.4863495341601,1317.190681551092,1323.1928414412776,1374.777474700481,1323.690498235485
photo_fish,1311.5387502564574,1365.4163000440783,1322.5731482422482,1394.9136017237963,1288.0910713292499,1328.1766738478527,1262.621933352471,1302.2422069386564,1077.7118873428851,1243.6885165515241,1312.1268080403065,0.0,1289.7980853731872,1307.1954174307402,1340.9745112204885,1233.5813461626237,1307.679793983423,1045.4718634276776,1204.5089362546014,1150.8337990375853,1414.9486451435894,1444.8411347284555,1204.5523362996337,1403.7716892392687,1322.457852019233,1326.9065983332864,1070.0271972227333,1305.8852863667187,1328.1526152781637,1319.4442273238667,1347.4528546317426,1404.175248546657,1108.7793949705713,1324.8890625231113,1292.4562439054616,951.5346460090605,1308.8562256469381,1268.975047530968,1332.1549355961563,1265.774709381246,1285.192317531378,1058.2949501518117,1111.439964468921,1184.2137418024347,1077.4677775262032,1275.5258014444114,1112.2686636766355,1372.6425390857084,1343.0533763888986,1253.8868508123212,1112.7793587904903,1329.2705114736384,1336.8334894818058,1351.2193484906434,1354.6087790909419,1321.394182913482,1291.2909687334952,1336.3507683480036,1315.2262610408513,1049.908116780502,1373.5479798275449,1298.5920125652385,1319.7043551431477,1285.8649011344355,1285.6050476983178,1086.2917355711472,1174.5341660357951,1202.4356431412732,1371.9030584765212,1377.01674185978,1204.004777340257,1376.9438228987822,1093.676433649316,1094.4768563202065,1090.2110046369032,1097.3932715733827,1093.4723301120619,1097.960895999569,1093.8925600397995,1087.0537515644105,1066.8962983808576,1100.530579849691,1083.2410612028857,1097.0395584279427,1075.5876754310564,1085.1878272352005,1084.2002036862582,1079.2927377308274,1086.8810818342813,1095.625664225162,1075.9525440451148,1092.9560811805886,1091.148625165857,1084.0512443032007,1151.24622948493,1091.7501526383037
photo_cherry,1227.5177871545716,1277.0353037992068,1385.3860842367699,1376.8093729941681,1133.2166736781085,1210.8117028361544,1154.4575182871367,1165.524129451283,1333.2454088256486,1249.7651761235745,1340.6775306094326,1289.7980853731872,0.0,1117.9626102941359,1207.461833416899,1118.9774474277788,1220.0629535206817,1244.3520288829927,1363.8293894716105,1218.238491831355,1473.2504027351845,1356.7817764360414,1238.1448023346284,1311.58666561887,1258.4330623978615,1246.2434744078228,1257.4934944948739,1335.0074461085974,1150.2284475026615,1228.1606899888698,1233.0351542554768,1235.312105425898,1249.3494885152993,1252.0282624788213,1147.0230122124235,1224.5435749432256,1164.2658572809585,1141.9425149579329,1237.1482360593975,1133.026682883847,1190.7327181022727,1249.2543359692359,1252.0035143426903,1224.4792321648754,1253.0268435372245,1284.7260214207802,1203.469929477942,1226.3696569911995,1261.939051540953,1195.586729616373,1239.7664877254813,1253.5831215424416,1181.0419781591602,1212.393332720693,1176.0128669300902,1161.928747658435,1148.6352773124718,1236.4008633951269,1167.731389314675,1262.5585407940393,1127.1966946479956,1172.6180050188264,1216.4947887808576,1163.880270207686,1197.825887875399,1251.1478630602037,1259.3874481578227,1192.969533085215,1221.7492670711779,1241.8397104389592,1224.2031912714406,1227.856710334123,1208.5506577323358,1214.0481121995551,1205.6608860045776,1255.3794066723633,1257.515340549083,1259.899358238056,1210.3491967036732,1256.036377915093,1229.94544009369,1277.039847827121,1223.6467516625353,1263.9950337562632,1251.0441428042657,1210.547388194131,1200.888456034604,1241.3984903877497,1233.562950213891,1191.8751358736258,1251.385348908878,1205.720489348009,1216.669634289141,1244.2404687363455,1318.0731582572553,1212.6290220823478
photo_tree,1157.8022004328525,1257.5057041282707,1420.006958431371,1384.235990201649,1140.9450150175855,1159.2611380498674,1143.6703200045263,1127.5136120505151,1324.9904392891483,1274.9532493005206,1332.9496056528433,1307.1954174307402,1117.9626102941359,0.0,1149.343597140143,1042.2258053901744,1110.0368042572704,1296.6888753367152,1383.3350141910585,1287.2281759019531,1464.4184886179805,1282.8756815419229,1188.0844631109396,1239.1763382821123,1236.7275383565782,1259.6541145261724,1299.016576857429,1322.826937350969,1151.6222813248255,1171.5122656203828,1233.369262432282,1217.6297172761138,1246.7791433842754,1277.411168993644,1146.926182508436,1260.2509306493369,1246.5646663131163,1010.3166263138357,1195.1067427087737,1091.2328562615332,1111.9174059019715,1298.6422681007793,1297.334586926514,1294.5862170703926,1260.4266242390736,1311.6945931830114,1229.1133811271493,1219.488519490521,1270.149496005007,1148.131460404921,1293.8115404913835,1253.2678856058048,1162.1126431278037,1170.9215112313298,1124.8226430444095,1113.3423833496186,1155.7247024708397,1271.0511082674923,1214.5138666540013,1306.906643308632,1171.0356082145388,1099.5347474560526,1173.3868254154058,1116.571293689763,1149.4488051524565,1295.487185470661,1303.7111036668562,1283.2414496644485,1173.265605639709,1183.1814754334027,1251.9542766024222,1206.4837024298843,1207.9425183578433,1231.5374678836715,1218.9487863245656,1273.1813557901623,1290.6403521703762,1293.9764925978134,1218.4877254327007,1289.5750527634048,1268.782669634553,1303.125591535273,1246.4059287373711,1299.433075669474,1284.1574165518591,1225.391105244506,1220.993474226261,1272.9094329805491,1265.3777852068608,1201.6076823578276,1292.0231536338686,1210.9503108877075,1234.4202647528662,1268.8364115105906,1336.038729272486,1240.454861116685
photo_flower,1194.6819442071894,1318.3289231574647,1462.952417638008,1433.4558212083202,1149.5577740856563,1022.1135721610981,1162.540053161214,1090.7864037152476,1329.1204954215934,1350.6017859265346,1292.906707231555,1340.9745112204885,1207.461833416899,1149.343597140143,0.0,888.8709610520042,1058.6281003593854,1323.9598185814348,1422.547226947923,1311.3656196534141,1490.4939176859507,1369.0078840847684,1327.9724166306473,1332.6291281938345,1269.3140773103482,1301.8196072909004,1324.3892818679994,1359.0802061737797,1161.6821728303105,1104.0964830029275,1164.5908292189158,1258.4747861528745,1278.2808662982186,1322.9348150273486,1119.3758593421035,1295.4026637226314,1302.7707590810476,1059.5085385168811,1073.18238688154,929.6850160006562,1114.8225406413706,1316.1371904714276,1344.8843335477882,1327.1398194222957,1264.420259208845,1369.5122505008783,1280.0215700520387,1252.1504895639405,1269.2620751823442,1037.4044674462068,1304.5172445691228,1157.4796588797547,1153.6997153270431,1118.8997351007679,1158.4056363972659,1131.1938004176436,1086.0472260866131,1288.273929918027,1173.8438491476081,1319.171094185012,1208.9500948825441,1096.1536229073333,1018.1774542129517,966.3366727651085,1064.3343893380484,1292.4796578123778,1335.166207068755,1307.3387928527861,1194.5229254799779,1270.946775983273,1268.6285145175984,1229.5250657918723,1201.1996846299958,1230.5931035939252,1220.6321183201749,1278.238312018828,1292.3664090180966,1293.2228364038858,1220.094054433739,1285.8872474039779,1272.7092196909714,1296.4858950997266,1248.0568859108087,1296.7177851042607,1283.1705128687254,1230.6836334239754,1220.4921257469293,1280.5405414502873,1265.307729254218,1191.0138569909545,1290.9982536147736,1203.7552106470368,1236.1059235417388,1269.2992669742573,1324.4956745733011,1243.6845569762959
photo_carrot,1093.8107604634076,1256.952266108502,1366.540306091523,1367.3582253538289,1081.901402069674,965.9074971006473,1096.6861311753446,983.0349733261718,1265.8758326754166,1289.2979359201108,1246.7909308761618,1233.5813461626237,1118.9774474277788,1042.2258053901744,888.8709610520042,0.0,963.2584454915061,1216.266893603772,1328.1261731851384,1233.6425169332554,1450.8011844196799,1324.701964046701,1219.397302175641,1294.537591147234,1145.2316486405734,1237.029569665582,1217.7618811459604,1277.175810507904,1085.3354677750553,971.5547937793393,1063.7579252149542,1171.7536321560983,1186.3785442741762,1250.4508485606957,1041.4668968522121,1190.26647835508,1230.406690843597,958.9567572251457,1024.3417158488514,667.7700371079353,1000.032463476402,1200.738831602921,1244.5070620882002,1244.2756974458441,1162.586172939081,1284.2173946021526,1172.230609646937,1213.343572133656,1199.5743066207951,947.2459761378391,1196.916332498389,1090.3648601452603,1046.1431388159103,1016.2176851835032,1071.1991108535665,999.3563599539389,970.7240264574791,1215.0618800322684,1080.8956920879873,1209.2672792864955,1106.5618900652823,964.6452158988889,920.4284514514889,740.3118902433341,935.1783106509147,1180.8188438353043,1211.2513945977462,1201.5408716832203,1099.9308928594853,1156.575647832337,1132.1653708785168,1162.2475251113012,1086.9229307053713,1118.5714461562793,1107.6011812839654,1161.341247093163,1185.227212727119,1179.9616495781956,1102.5598728495718,1176.3969717317395,1162.1936281350168,1181.6485535283105,1138.5339949548404,1186.0213468087618,1175.084499682033,1118.0771187678315,1107.3488816386073,1171.531279315423,1156.7146420297267,1080.336011786355,1175.9027434891589,1085.9538832616208,1119.7171736341463,1163.627043147369,1219.5703663070167,1126.0394219660484
photo_watch,1143.8691358944138,1299.7688413162364,1435.81928514317,1422.3163198813938,1177.3679473413385,1070.7229957803893,1181.197050173073,1089.307426134841,1338.0240159148202,1344.6456433234735,1331.5206427125288,1307.679793983423,1220.0629535206817,1110.0368042572704,1058.6281003593854,963.2584454915061,0.0,1259.7464002378863,1355.595790529649,1280.5619865860906,1493.6688753782,1333.6067756573434,1283.975885495551,1318.136221146369,1206.4858459992797,1274.7813275522217,1281.9034804855776,1326.0879931233578,1148.4687780008485,1066.3735678624605,1164.78805081946,1223.088716967012,1227.5774656877702,1308.3570302733128,1108.7534888432292,1263.1665207029207,1285.707961837333,998.0076176628902,1081.2570938761057,943.5444426080318,911.6794819705142,1247.7625859436057,1285.5616201935204,1293.8191042830183,1245.5526125991616,1327.1378285458838,1237.4259284127734,1199.4216037048743,1235.4936593218945,991.5895329173746,1234.993462652603,1141.6821957521272,1113.9919983769612,1081.9422229188951,1114.9916390759618,1037.760506611077,1028.8782709051836,1245.932783201749,1142.550210270477,1248.1029136271768,1171.4876940658328,1042.3978719247573,1014.1947973663328,992.2529619438242,866.8856568891061,1223.8425918905323,1272.970124254292,1264.9418856455982,1144.8371894022673,1161.1746814913652,1244.8095515841271,1158.832586357693,1124.9395555609776,1158.4400057972073,1145.3958081398266,1208.4592175196237,1234.528875184009,1234.1984678677777,1145.1510526074383,1230.9244201760948,1206.009222126606,1234.2353197014152,1185.2988806807323,1230.6586793754357,1221.2692002504211,1163.5508502289908,1154.1303199924287,1217.812564046808,1201.9852032102845,1110.6181694807813,1227.330283466754,1118.8468548862281,1158.248131508277,1208.566214091921,1268.9711793320776,1177.265142804452
photo_key,1306.366223072259,1366.0173979947926,1288.7149913069459,1396.4344614453034,1276.5499127552343,1305.901070125542,1280.2297225137413,1292.223060412778,1139.6944207266304,1242.6632902947958,1317.6544055880445,1045.4718634276776,1244.3520288829927,1296.6888753367152,1323.9598185814348,1216.266893603772,1259.7464002378863,0.0,1138.2514205769317,1109.483850532394,1396.8596913076703,1410.7638641031565,1218.504227681596,1380.1180798534451,1298.3270822889274,1309.1349014883651,930.770683627852,1280.2091704496945,1307.249810282472,1267.1100896080218,1293.0983798035297,1351.5699001535334,1068.4035620683223,1279.1705270008704,1279.1862259012305,1004.4639930057856,1236.7029871525265,1223.913774115919,1259.3049752904255,1226.0696417832178,1236.6940089145921,670.6281630795668,1054.9570289527715,1108.4661743359886,996.3849437358338,1176.3806421117663,1021.7559767787974,1285.9778715928946,1254.3701700929055,1205.950213076007,894.0436800672161,1239.999802572306,1261.6672804695531,1288.7281596757327,1262.2431466575083,1257.5507658888957,1188.976389889994,1230.3106713308525,1237.6117478205908,989.8619823115117,1282.611609957397,1222.798117929524,1237.1033246140182,1219.422542566984,1195.8302844972864,719.0464280398278,1020.1477935120306,1048.376163402613,1290.6404707490012,1295.363739456403,1127.8758580671467,1285.687821274473,970.7569688092298,938.9944947782986,944.0763150694585,920.2306663412478,885.1245372498553,899.2331283893741,963.1188006280835,909.7413619108396,863.6556916969894,932.0973926549937,929.1600670512192,905.523666775297,870.9531706547945,932.7675744408283,941.0280676119505,868.9946447269837,882.4130199590846,958.7604612284586,884.9151783190807,961.2730758324287,946.5358612619107,882.2818975006284,982.4609043476235,944.4111349574154
photo_truck,1383.9084884348324,1420.4966576739132,1306.7026869186752,1443.5316588878272,1351.075408973883,1361.6770112987897,1382.1913019173762,1378.6652722704507,1283.1661817415452,1276.4068547971624,1361.4462473627523,1204.5089362546014,1363.8293894716105,1383.3350141910585,1422.547226947923,1328.1261731851384,1355.595790529649,1138.2514205769317,0.0,1161.3615854909897,1398.5294650731557,1387.8457708211627,1256.7340602558031,1387.3428485651657,1341.5216740700905,1355.8713489419013,1165.5544362558946,1300.8742954267304,1372.3908479710765,1341.7788488716135,1379.747009675662,1398.7540368575255,1191.739226780664,1299.3277119468953,1358.7955119634842,1167.4683230409896,1281.0541494756344,1322.7703922900625,1359.6817403289313,1320.255653569702,1320.4221197404884,1115.962548322813,917.0523026890387,1161.6274518117204,1168.70789108976,1141.7513816300032,1166.1684282650253,1320.2055578867657,1295.3166119529874,1295.9510040335028,1184.3093588179238,1323.153411095522,1310.650601282413,1344.5397508137635,1330.1835708721685,1331.5428802448,1320.8168715601616,1259.5395624970174,1318.7459154828935,1117.8601782661178,1353.0918208519604,1322.4900976877093,1340.523096717229,1303.6517107038005,1322.2055871685475,1128.3662378964907,956.0865644250925,1138.8531214584457,1359.1251843502057,1341.8713361060538,1215.7282626779959,1346.439122473352,1206.0076542804743,1193.2578475319501,1199.1232926440405,1193.845537027247,1164.2020278303378,1178.6407405743576,1204.041021878531,1183.6399280293006,1171.5782208571295,1190.2052731361025,1197.5517741059348,1178.185854839776,1180.3392585729353,1200.227329905599,1192.0557739020885,1186.5446361593818,1184.1726352058897,1198.150703398451,1170.8742748226,1200.3095847960992,1204.2552268850209,1178.6341227904352,1215.0628076645187,1196.9160962626008
photo_velo,1302.3632444448233,1376.1603904793265,1322.952090493192,1410.4076348424578,1244.2279226986557,1271.2877747051446,1287.0060382734368,1268.2727445869025,1224.5563386187494,1198.4659148140447,1326.1734460417986,1150.8337990375853,1218.238491831355,1287.2281759019531,1311.3656196534141,1233.6425169332554,1280.5619865860906,1109.483850532394,1161.3615854909897,0.0,1385.982889094975,1385.3367391635923,1206.1936786634715,1318.934946211579,1275.6117185021862,1317.6630066848477,1132.8567312327518,1287.7595446279422,1255.840917430324,1277.7322030535345,1334.9856729829498,1350.32485001375,1134.2156441028794,1265.963824307192,1276.8331048248224,1079.037593402819,1175.9605642583576,1216.585703901492,1294.4899521278874,1238.8326064701798,1254.0262759674472,1108.5821580002184,1047.201092633576,768.6356252758644,1106.8492629265554,1178.0802215319095,1095.5317940421128,1256.5945737422062,1260.5652349863883,1242.1250484243888,1112.4750616600081,1282.0661800278997,1223.5020622931343,1284.274245689547,1274.0920898622994,1271.2670195259054,1251.9037068409134,1242.198065792792,1259.4240377971776,1106.924753478731,1278.1058423138768,1232.2597759368373,1269.8631011602376,1237.1270302989594,1268.3962195932334,1123.5665484520741,1128.4449919046492,944.0607662395238,1306.1419091572889,1322.669406567228,1138.1333978051844,1271.6140655359827,1147.9086396088219,1146.139186153212,1140.6188676258075,1163.3259355829632,1162.014947764269,1171.0871249121417,1152.8341190537458,1159.2597826193294,1135.1228069543383,1184.5489690595416,1139.7847317274695,1166.8244040295156,1139.8012857449307,1142.08273740974,1150.8128375143858,1142.5543391533683,1141.7992991108147,1141.897461450629,1151.3074697825825,1138.4118333379968,1151.2624857426395,1146.5339790873525,1231.0237821259052,1149.2608554428182
photo_road,1491.6651384941165,1502.8050150116871,1313.4281265045427,1429.2442971098676,1462.0277171009734,1474.1397929775349,1463.2474998420223,1471.6335951848707,1422.8565508745835,1385.5173483665465,1496.1416527773329,1414.9486451435894,1473.2504027351845,1464.4184886179805,1490.4939176859507,1450.8011844196799,1493.6688753782,1396.8596913076703,1398.5294650731557,1385.982889094975,0.0,1482.0842496423052,1316.1169226300694,1476.82484592702,1480.394777099183,1520.152956469907,1402.113907830183,1424.1565010813858,1499.2423018548554,1477.7899064644162,1531.9915628851609,1526.0179973571958,1401.1418379991378,1432.9574537469282,1483.8693763033532,1406.5611050217303,1440.171931007664,1465.7282761586464,1476.5533495142754,1464.8575679363566,1476.5144765107104,1412.5348270166453,1396.7328335560542,1392.757346894778,1308.5938459883587,1350.946898078788,1374.712543646416,1491.5162226939967,1476.7213179086948,1462.5418168656472,1406.2512435617307,1479.9216234827031,1490.5966450798267,1494.5032778374307,1483.0379704524132,1493.2161204071347,1478.276326637209,1430.5832182444376,1479.878129982247,1386.8541902637644,1519.0340170621698,1469.721116963851,1474.3549430803835,1454.7640910321686,1470.1387418567733,1410.0005199533869,1394.6572561255937,1395.973162502366,1467.4989409232455,1492.5550480059562,1391.3693353415192,1486.8469590986006,1398.3581287010713,1397.8880297275632,1402.5733959918884,1407.047260902601,1397.388249340517,1397.221324879679,1397.1600313649096,1400.973632735703,1391.3298012857676,1405.1489865106887,1402.782842170758,1398.5755913085036,1395.031487007002,1396.7921734418292,1396.0826195573402,1402.6979836961345,1391.57594587105,1400.322204889725,1398.3209873041098,1392.3190347226582,1402.9741740335533,1382.9573766826416,1429.1878451285238,1393.9696871384303
