,photo_face,photo_profil,photo_eyes,photo_face2,photo_walking,photo_standing,photo_hand,photo_legs,photo_bird,photo_butterfly,photo_girafe,photo_fish,photo_cherry,photo_tree,photo_flower,photo_carrot,photo_watch,photo_key,photo_truck,photo_velo,photo_road,photo_house,photo_mountain,photo_windmill,drawing_face,drawing_profil,drawing_eyes,drawing_face2,drawing_walking,drawing_standing,drawing_hand,drawing_legs,drawing_bird,drawing_butterfly,drawing_girafe,drawing_fish,drawing_cherry,drawing_tree,drawing_flower,drawing_carrot,drawing_watch,drawing_key,drawing_truck,drawing_velo,drawing_road,drawing_house,drawing_mountain,drawing_windmill,geo_face,geo_profil,geo_eyes,geo_face2,geo_walking,geo_standing,geo_hand,geo_legs,geo_bird,geo_butterfly,geo_girafe,geo_fish,geo_cherry,geo_tree,geo_flower,geo_carrot,geo_watch,geo_key,geo_truck,geo_velo,geo_road,geo_house,geo_mountain,geo_windmill,word_face,word_profil,word_eyes,word_face2,word_walking,word_standing,word_hand,word_legs,word_bird,word_butterfly,word_girafe,word_fish,word_cherry,word_tree,word_flower,word_carrot,word_watch,word_key,word_truck,word_velo,word_road,word_house,word_mountain,word_windmill
photo_face,0.0,5764.956651458672,6770.212361065942,5952.8142468418055,6490.642521152245,6062.554447320627,6265.18825434591,6613.56185006749,6953.682616321117,6970.368252710717,7388.1504799932,6951.825651254973,6785.798129930876,6131.948745512803,6375.746119856339,6572.78765799444,6675.357382986298,7606.6020110980135,7795.363824623298,7120.121866261392,7537.770459287454,7049.716347769084,6903.784221529415,7309.656964215209,5620.819907360776,6175.01415949518,6821.923133159377,6143.0865859893365,6523.708414739187,6151.19209910255,6660.076412376349,6942.002377483541,6672.373484743675,7186.142999812637,6894.067795049446,7094.775995377239,7418.005340119813,6194.688748572895,6222.495225079002,6491.066115895815,6905.361769490147,7155.088228771996,7227.272244163801,7183.842359113582,6690.763314186211,7030.852949945101,6548.146867312116,7040.662547328003,6497.14366156524,6078.065572939729,6809.545405959628,6602.861837532951,6319.928662409605,6398.8107042358,6508.900856677833,6629.274177932608,6403.766147249547,7038.7889427494665,6784.9501792737,7020.435986451646,6833.909066001614,6406.508760457061,6258.5789182275275,6360.56370223367,6372.6675722840755,7004.634614602696,6910.977590372036,7113.780764459019,6897.69960983117,6607.113033832007,6661.745110354898,6662.345070583229,6188.170346027544,6326.380894670832,6302.429896673518,6380.380133656022,6523.306520878665,6482.769853329157,6232.1747307275,6460.996836047569,6389.891507502598,6529.888582919219,6290.398681696567,6454.155828380039,6393.657932670747,6364.3050523592965,6295.172785039215,6409.8286364742835,6388.945089223694,6305.388498772134,6446.8945733955015,6295.4508954035755,6277.948687575776,6390.236753811753,6526.435475345268,6304.117588673116
photo_profil,5764.956651458672,0.0,7245.294602014604,6736.986791966807,7027.115122403534,6787.866222005377,6665.835095094025,7122.580736820802,7467.988745332642,7521.221423301434,7754.837145163142,7476.571442971783,7300.421887276419,6764.646938785503,7085.9424379489255,7396.357853222836,7454.640394677745,8128.599676466266,8122.334777248845,7544.108062032829,7887.471075678832,7293.966472486058,7349.905889571507,7637.528008947269,6599.142520413665,5578.788126463901,7459.0465016142125,6889.1558687191455,7055.533077018796,6880.466070589168,7218.179501470787,7150.331505718407,7285.156328543384,7612.962159523354,7308.229788013969,7648.657655490374,7766.125718521907,6987.092678993861,6809.745950127874,7281.313969373737,7563.0750696506275,7715.619091182043,7688.018792127879,7602.941383918751,7352.123660355014,7486.491207707428,7183.803055063988,7441.615283374071,7097.226810541799,6761.46569270018,7546.584478780229,7255.184887554238,7032.199012695853,7050.769917889995,7043.12811317206,7348.325035996323,7075.2615642497685,7574.133477570152,7188.593117935877,7609.562237459768,7342.8536271140965,7192.880360100466,7048.1398763267225,7198.748601788195,7164.320201221527,7638.480105991584,7472.214012792136,7610.4502446678325,7437.47494282364,7072.949034199092,7287.022583446468,7208.264914541842,7026.821595565355,7111.031964083158,7093.553957790332,7129.1102985926345,7221.012383026122,7177.127381976361,7056.882433482585,7173.002849748657,7120.808917795211,7222.918922914779,7062.868975987116,7165.849583611894,7123.234426105205,7142.601254598225,7092.042123183227,7141.370288249562,7109.998229487593,7118.670642708951,7185.246083066268,7123.396721604263,7080.430657349593,7128.955356709737,7193.7289773551665,7069.894679258051
photo_eyes,6770.212361065942,7245.294602014604,0.0,6661.946553098945,7565.145731106508,7299.849197321575,7185.466806910517,7516.40901999721,7478.41035619248,7449.117428296138,7906.314142972046,7416.441875552481,7716.432015051674,7315.146360228967,7550.965673214423,7832.895875691629,7941.91438146462,7928.84557610383,7892.534285905342,7596.096151465631,7146.96143534718,7736.7529587405,6978.267717144362,7975.029348541182,7077.018535269747,7226.900663852666,6539.901071103359,6543.67092876859,7631.434424930876,7260.052344810344,7729.581485479923,7722.18485815466,7194.836701350261,7569.96785143599,7789.571386565321,7488.269624305074,7923.240833158674,7371.357708960102,7256.627721884997,7743.99328796943,7963.401376144697,7491.575845949758,7515.338326317534,7527.428531320618,6897.447350857705,7179.7806148044,6947.266844679586,7826.473255203314,7198.524070075355,7239.076836688344,6956.14768644456,7304.734821196554,7434.8604149292905,7458.2821858748575,7563.241398672466,7596.014865852385,7412.071960290071,7446.264891317922,7542.417379866475,7206.776926139693,7665.0763332465385,7536.699160005715,7356.411479979178,7534.747652497637,7479.860457505213,7333.245070984411,7155.402243826653,7425.5452829296,7835.1634746975,7543.966440474729,7177.334428446991,7496.753470361793,6848.155512185333,6896.485302114091,6868.010763445482,6770.287898070699,6831.544928999209,6788.754021508717,6822.207865665946,6781.507700599448,6772.006670357944,6836.837833657581,6793.550902347648,6791.1378241041575,6758.688593076317,6897.612983532057,6851.059327411608,6811.019824074647,6792.89805392455,6928.900307858539,6827.308273822594,6926.550003307212,6831.56298463417,6786.500824898533,6811.9799711999285,6803.526016577397
photo_face2,5952.8142468418055,6736.986791966807,6661.946553098945,0.0,7207.915471656683,6874.225640305048,6650.8073208092965,7075.933280143579,7234.026984802672,7317.463303152043,7706.835425499282,7355.733832660442,7522.156679537778,7009.148195435261,7237.664746635132,7562.305545544332,7630.198278046635,7997.404253825346,8027.097268559025,7646.648601294213,7327.2277682057875,7470.413084628949,7285.4063505303775,7740.8839963056325,6472.114691541919,6884.317640528685,7102.342506978168,5801.291483092273,7304.140157233035,7026.619853092613,7421.178857096167,7335.945105577096,7127.382685572809,7536.3411063739195,7509.994349586804,7581.284596364505,7957.058378571227,7180.664710305972,6989.748202772372,7478.273603342616,7678.777611294534,7619.417040854289,7611.797589540584,7639.899144573046,7088.424262846359,7441.444281129833,7066.7015034069045,7638.666606550589,7040.495338020111,6891.205018867782,7259.354365767828,7012.378548589989,7156.327148922456,7159.138889689387,7367.023877104397,7454.580011706686,7261.640260611117,7577.468913193004,7354.86067876614,7410.701372029713,7543.539844327963,7310.824056055172,7156.205614965783,7301.418215187607,7228.762309656775,7480.543326198529,7313.699832333758,7601.299925041277,7484.211226161642,7358.55049576216,7220.0894715709965,7365.105468232343,6843.091725643678,6921.463624252965,6924.631320851506,6891.186383971266,6974.026268827989,6940.464238169469,6830.764563319924,6932.035309154584,6908.042535767043,7002.854007525542,6851.831307895103,6917.695045419534,6905.090248641272,6948.649134599288,6875.282998431259,6909.702923002093,6893.615041153524,6945.465178893273,6943.85524659471,6953.979734329471,6861.143177368241,6885.4545737309945,6954.412010544654,6863.438470460252
photo_walking,6490.642521152245,7027.115122403534,7565.145731106508,7207.915471656683,0.0,5866.918030852168,6484.429404701238,6354.047189306524,7080.655052093803,7298.675774832403,7342.567530766691,7088.85265383887,6855.951543364445,6349.061646984058,6348.298396759695,6858.351986023461,7143.415142627895,7673.456419116222,7977.695577138827,7001.511470359838,7712.14130136396,7316.905925224269,7083.6051119392905,7467.781567458814,6753.285832631036,7027.283397886587,7457.696783206116,7133.706054168598,5277.960459498979,6078.513014610242,6818.111386663574,6794.380891918674,6901.592302984934,7483.4333785121335,6557.670468082762,7263.382676746222,7694.138554179761,6589.352597005506,6591.858356398914,6813.924112043242,7373.129136345463,7273.4723595375735,7351.68232614484,7060.740422846675,6852.093398204146,7373.882802285499,6776.2114784657015,7257.957486287202,7221.09226210467,6502.601424890346,7164.297479766318,7185.229003452446,5934.293096635851,6472.124547510373,6652.790110308821,6815.143792406918,6506.872819593115,7381.178695722553,6693.743082152002,7283.1930804607855,6900.828385660049,6645.096714977856,6618.252014090776,6676.562715382491,6664.602632526819,7207.317259101691,7172.834428119894,7193.533550215176,6933.385605971042,7102.515809346725,7042.353992399697,6974.660491220564,6497.963727266333,6612.7880523597905,6652.231964440012,6703.675471584921,6800.8165573673405,6718.569770669466,6545.623828234194,6712.035343634008,6658.977652184178,6782.270474309148,6579.6113548715,6707.713881885908,6670.007034618372,6673.588473350973,6601.972682959865,6664.5566188306575,6667.53731974998,6571.157612376499,6711.74052158076,6633.5501870689495,6574.3312393125525,6686.3340750612515,6741.258822843533,6619.978890446765
photo_standing,6062.554447320627,6787.866222005377,7299.849197321575,6874.225640305048,5866.918030852168,0.0,6134.949792454571,5955.009863272019,6866.194904103752,7004.08379334969,6874.368217369994,6945.959267531128,6824.608745181563,5869.658920311442,5644.256072725306,6148.799872369149,6506.338523330706,7577.917609184434,7801.483527392004,7014.179906423516,7489.30667426811,6998.837951672799,6923.57262562593,7007.285814824373,6433.448326181162,6723.455075342208,7202.648154377798,6769.996887497424,5842.7074386088,5114.202163759391,6351.343286317248,6500.302262891451,6683.195314607333,7128.200852570629,6223.995153085393,7109.324774360378,7506.919287235309,6015.345084333019,5939.334260368473,6080.959247815583,6840.48954074756,7148.242973515767,7199.00710545115,7066.084645128488,6658.697075615398,7138.004249253554,6558.9881216479225,6787.245577911411,6734.412541406371,5917.142124961091,6896.832661157397,6653.494398188035,5808.292713536732,5808.476628549518,6302.714081220261,6279.222691633365,5953.692029489428,6996.9678003712925,6313.7346582949485,7062.134135982925,6775.473330666012,6256.139821918152,5884.336827069897,5883.7151375578815,6037.730603276699,7027.392084836101,6989.2719592347785,7059.598746845425,6593.470606728031,6676.506355792452,6737.582105176447,6390.235363410611,6121.5821673948785,6285.84783004679,6296.057910232668,6387.185474622417,6517.280200707324,6448.053907064074,6213.33985708203,6431.157232982982,6385.693947363818,6500.799981736242,6276.2785961947575,6430.49455461183,6375.705549903517,6328.584540933298,6285.988384071857,6398.986074288825,6373.1357306821865,6224.347054764908,6448.512909047,6256.169780119238,6248.302342202974,6393.7510717061905,6480.4128024933425,6303.552881027933
photo_hand,6265.18825434591,6665.835095094025,7185.466806910517,6650.8073208092965,6484.429404701238,6134.949792454571,0.0,6320.426279694441,7037.736344025447,7167.761834125858,7308.069453024229,6912.480813915171,6902.688396633976,6280.82203641036,6349.629715074013,6771.280772767682,6934.525204477825,7612.602288575498,7883.603380575456,7214.53260873525,7535.83654975285,7263.56402560706,7033.612017433101,7393.36037503816,6583.912187336711,6820.15411401344,7225.080333679021,6750.488985574313,6649.415787227721,6256.692307997931,5790.565743918169,6911.533842157416,6924.707420336399,7355.1397874206405,6839.991050930582,7176.255740157705,7692.051320179923,6529.356814882424,6217.140192173697,6721.192379032285,6997.407650176659,7251.282466496353,7350.172380778781,7320.702929535256,6840.226633884225,7294.749125568854,6705.452158068967,7142.436543561996,6879.731593124796,6370.175086777573,7007.515768411354,6967.521648557472,6500.179071543624,6530.728842207009,6384.17297709307,6677.812161542766,6322.544073753764,7187.035810367617,6690.563111285304,7109.589862056204,7013.100432957634,6550.343120780872,6374.744945521335,6597.397811328379,6460.469039378908,7128.618292220148,7153.066148522689,7279.511749508514,6929.285950464639,6949.799425570024,6903.97621612494,6792.513409936655,6382.963319568923,6490.107815932907,6503.448062197002,6529.659037239408,6644.750056737551,6563.484482242466,6424.062637226501,6563.9310931910895,6512.240654405996,6596.435634905483,6440.937618776838,6550.7914381888,6537.890337367687,6536.280752557089,6493.157361331428,6519.635581809013,6510.529946805442,6476.7434828691885,6575.535719940528,6494.55499685845,6443.11919445571,6530.821283726666,6566.3078226226335,6446.479064800837
photo_legs,6613.56185006749,7122.580736820802,7516.40901999721,7075.933280143579,6354.047189306524,5955.009863272019,6320.426279694441,0.0,7149.664840470989,7401.9552504758785,7299.263639844496,7182.492841154362,7071.948559950153,6298.58144419205,6346.623499465031,6545.412243412859,7020.105576154203,7779.839002715209,8123.928318832907,7240.681518961437,7667.405714941812,7463.830892965255,7306.644730704208,7459.451749095623,6737.498067630788,7214.020788307476,7563.145113155557,7066.190040113323,6524.832258195124,6204.201965762984,6835.925848795694,5823.656802269632,7037.056156856992,7547.155888969457,6842.341760600611,7440.700323443273,7882.794719443149,6636.269893025407,6602.7657886086245,6573.809616330166,7196.932166270405,7480.494400709115,7603.24408809654,7346.1095819023285,7147.352191114281,7528.84944741115,6986.215788406541,7273.484135887502,7203.483890639613,6331.115622309878,7309.502794439446,7125.035465663667,6364.594738108328,6409.05007402839,6733.914232811035,6565.992365333102,6427.020005047311,7372.533479768875,6799.247834943338,7384.904432373681,7091.064563186579,6708.655118346507,6501.638811447944,6426.15353748567,6560.0517988829615,7333.430450182189,7349.007443678685,7374.911896728001,6973.464141386605,7067.3703067312545,7139.853293666691,6904.0154536483615,6619.150970650301,6731.254281074744,6757.572888929195,6803.962299106849,6925.396020781658,6854.926821939448,6667.0385980070805,6843.681145439548,6803.68749352954,6898.245968663024,6714.0640677083165,6835.734925556438,6808.350932984272,6776.547201252081,6753.830653983134,6798.856205457412,6804.760011401677,6683.032429151173,6857.488624030548,6730.359990402095,6722.305911374289,6798.639235012008,6869.717082607675,6728.851523705762
photo_bird,6953.682616321117,7467.988745332642,7478.41035619248,7234.026984802672,7080.655052093803,6866.194904103752,7037.736344025447,7149.664840470989,0.0,6871.871349424439,6899.995425611746,5786.6063031156955,7228.63031661883,6722.67327653039,6797.9682981869,7145.1752181108795,7363.29954267215,7035.662736074254,7529.445975451407,6878.302811539046,7557.321990483059,7463.911828444448,7044.672132957158,7370.1207461266695,7090.310180853779,7499.082504624197,7310.9240768112,7176.13045248149,7283.058129086901,6873.682787093708,7399.3972202204095,7547.871706484469,5217.187407456542,7476.422847142622,7067.64031755683,6505.831562203196,7910.699618655177,7068.986655036343,6900.571254038817,7237.2468966798515,7696.260002616175,6811.364129868139,7086.413441822605,6981.1352346483545,6594.617230868023,7173.321709931475,6499.176226772572,7485.9777750654775,7305.549691937053,6924.661531683975,6824.174855676181,7529.161373159706,6980.523178099752,7086.091307906088,7343.3857575436705,7357.545164151095,6985.899622542891,7541.455676962662,7102.462430042769,6665.98188592962,7493.42679044186,7151.299440112452,6991.361107748526,7063.425192331172,7081.414428218987,6665.076271659494,6965.879427741762,7098.725547642965,7577.034249999571,7353.014770788772,6940.451589965292,7351.2405536512615,6209.097673526715,6304.921459349412,6316.201366056338,6266.106475881939,6406.646989521216,6306.10257364277,6249.026309086422,6297.800073743754,6301.954013240777,6381.935425207804,6229.787161754419,6261.717579555005,6275.249300705249,6332.6818563658,6283.281667865573,6257.5936243352535,6261.082833324988,6319.431857925893,6368.158538680372,6343.202290116739,6238.771437520732,6285.099421649712,6365.209985275056,6306.451040652427
photo_butterfly,6970.368252710717,7521.221423301434,7449.117428296138,7317.463303152043,7298.675774832403,7004.08379334969,7167.761834125858,7401.9552504758785,6871.871349424439,0.0,7619.90312681345,6811.368889831955,7219.308445124513,6813.3666150659155,7175.444874740746,7382.3331600257625,7564.854467723687,7558.639973406523,7763.794956795877,7032.439408576563,7668.9005439465045,7616.568828704522,7240.296936085185,7347.718008596029,7103.075143652916,7440.437953998723,7226.884965419869,6896.701198098088,7323.172631583964,6884.428950824079,7470.780628065496,7659.890706442566,6682.6761473511215,5447.78680691595,7389.3165738806965,7053.070108905785,7589.529246505743,7088.310971885289,6983.159704397674,7358.2139278213135,7840.2535371732365,7180.661047501084,7200.859730100764,7020.998386081476,6779.525512411457,7111.732280118806,6718.073178926413,7280.667086264111,7135.5486190139,7148.748889654459,6996.560802346959,7550.035594776642,6951.838866859755,7062.342622502778,7240.407724517996,7405.234957202105,7180.693354970654,6985.311733802973,7299.323321790194,6995.194447495939,7452.814420908887,7135.9426228117145,7050.65019970726,7207.226742848949,7274.688318308189,7089.645339888893,6860.181321873266,6923.426254795825,7631.537400322852,7306.414434338734,6893.817244474732,7095.334431931786,6573.353425719906,6636.751508179337,6637.074875756282,6697.95483615487,6803.8618976501075,6737.4814330280815,6623.931446739254,6709.413823498041,6692.135376526392,6811.263248929116,6626.219269215072,6755.571986528361,6726.310568598416,6700.796202877803,6654.858513071762,6701.484033628537,6682.06507025648,6678.116615791299,6751.669627273083,6672.229805918545,6606.690570250206,6747.457981845068,6848.335295123933,6661.860671197616
photo_girafe,7388.1504799932,7754.837145163142,7906.314142972046,7706.835425499282,7342.567530766691,6874.368217369994,7308.069453024229,7299.263639844496,6899.995425611746,7619.90312681345,0.0,7122.340312386366,7627.893461651159,7122.235677214066,6864.361570430944,7309.399461259016,7683.211374254472,7947.312373263591,8127.258445904925,7416.124605132831,7933.782196535099,7576.266843754789,7488.640913347744,7553.937303771046,7410.631769904817,7676.8798734200755,7823.055525181796,7590.558504363936,7367.6480634547315,6898.262435230198,7510.767558599498,7533.171045076132,7067.093942486832,7713.354467777406,6121.457099248034,7431.741049191706,8108.869955765035,7333.696153518257,7036.023138963681,7359.851687693749,7923.23943482294,7617.9988310378285,7669.878034274296,7408.213653925714,7295.627757940315,7621.115356979667,7250.937120283589,7551.091409043522,7582.999282173041,7144.585897962746,7530.63410137026,7674.255686925073,7183.683422519137,7174.313824996311,7509.774353639941,7519.393249017458,7234.365957172829,7812.225152904961,6810.557266464922,7518.592087589888,7640.9261588370655,7384.875653232863,7065.880712197311,7211.886984054233,7317.493434369948,7509.541549064814,7506.081121711067,7512.075243046502,7632.933813637899,7548.712509112969,7475.035084827534,7515.635251653778,7092.522214056218,7155.045472292762,7191.293581274794,7107.812825579212,7177.816628495288,7116.356867421167,7091.722715890847,7121.912493920738,7109.338193460173,7141.325905596647,7086.529815368607,7091.093153647186,7076.52486426586,7173.161778278656,7146.762034165107,7129.312333720045,7094.571887010945,7156.425648788305,7138.73064024105,7183.86369795186,7084.250257298458,7103.27000853307,7102.91369467414,7109.473838832353
photo_fish,6951.825651254973,7476.571442971783,7416.441875552481,7355.733832660442,7088.85265383887,6945.959267531128,6912.480813915171,7182.492841154362,5786.6063031156955,6811.368889831955,7122.340312386366,0.0,7121.191056250188,6740.774477142991,6926.17260552715,7120.261750747753,7337.66267857444,6719.551061042962,7234.257704843439,6466.443411000394,7615.708141157096,7452.663715486508,6903.396351455969,7425.042077945393,7110.68779256675,7450.647148116066,7033.98897524841,7197.027704778373,7270.533230618759,6898.137821873629,7386.452014639799,7613.4979855873935,5991.13557196671,7406.242679670116,7089.316424652581,4878.0531091088715,7778.826821799891,7076.436748184394,6937.2358059888065,7174.8972464646595,7667.884503403947,6449.017302053302,6529.549518493282,6659.033413935473,6311.114155077897,7002.777873568051,6040.408466069809,7423.897539184346,7209.328074622837,6989.385059375619,6443.609207504447,7519.003829000382,6988.945731708336,7153.875990862027,7291.790534953516,7351.126736210505,6960.080611492299,7452.404358935666,7096.894506877691,5840.452780562409,7483.413397790453,7091.496354653989,7026.359170569834,7090.615152233392,7087.178304628829,6333.158680521118,6521.8367086081025,6740.299392936839,7626.12051650515,7299.74048437516,6730.579511821292,7315.105332189476,5878.191273706091,5926.610611318016,5899.8732685194,5936.749558902179,6002.493704119645,5916.888900652835,5896.133214486918,5890.281279211258,5904.592806150975,5984.993610722214,5874.49315086728,5882.091699593401,5908.273973822803,5946.251305912171,5934.7915187476665,5887.601265400099,5868.835509806101,6003.856286809678,5951.156412581398,5975.37428036253,5872.328463332049,5902.865725423541,6028.331763468473,5871.358503177594
photo_cherry,6785.798129930876,7300.421887276419,7716.432015051674,7522.156679537778,6855.951543364445,6824.608745181563,6902.688396633976,7071.948559950153,7228.63031661883,7219.308445124513,7627.893461651159,7121.191056250188,0.0,6232.28576494386,6750.352477727219,6803.668519280148,7165.61045375494,7615.65891670879,8143.819563688815,7095.342373118554,8049.820844847069,7453.894463820662,7355.764257360267,7429.099618608104,7113.701959050231,7334.828967791579,7665.634159056381,7433.738361760594,7039.275815446615,6953.858821794007,7330.231322786673,7406.7900748460515,7132.621372483654,7386.784491043664,6981.257181272892,7330.112163996047,5942.350846941436,6747.142090697763,6771.991744727523,6857.790562706792,7576.721644426915,7292.656769979662,7459.48705731572,7196.434235106356,7236.37761475804,7238.768093720944,6907.638572109237,7205.721059603566,7266.046546067306,7009.410792411042,7273.082499939947,7593.79601734194,6765.956882999235,6979.287784902104,6793.380955201174,7111.531238152121,6693.130130377688,7288.246699618387,6821.841078513462,7332.8640883108055,6479.193197884148,6847.24823568518,6887.887047347363,6919.721477867757,6945.72507342847,7146.859691977844,7183.034804184684,7084.017014989062,7456.247043528731,7035.44466681975,7091.95052937688,7014.0707595508575,6723.033234270608,6770.508576779253,6782.305641593636,6846.756147608361,6951.818225193013,6862.862037787778,6751.597018357601,6885.325770605347,6830.3186406805935,6970.7820076601965,6755.961107453182,6874.486821462724,6855.4114984997095,6831.414067864111,6782.079297949856,6820.587049493732,6810.421826893787,6828.122489591371,6898.947636600392,6842.712000951929,6756.041903374374,6826.739467704486,6999.325441626732,6785.129759321834
photo_tree,6131.948745512803,6764.646938785503,7315.146360228967,7009.148195435261,6349.061646984058,5869.658920311442,6280.82203641036,6298.58144419205,6722.67327653039,6813.3666150659155,7122.235677214066,6740.774477142991,6232.28576494386,0.0,5945.884466085245,5989.83870346293,6580.438080614372,7335.634997575772,7765.342906422086,6908.837290592007,7478.4976276896405,6840.5434601020615,6559.8034279136955,6852.845151943093,6415.936455518782,6924.422852306172,7274.583587095022,6911.060138143835,6435.173882114366,6033.76248397211,6751.508946499981,6799.3611139540435,6609.6003334965,7044.150348615311,6416.801007177388,6940.32274212016,7188.772206807887,5220.531728459815,6137.120848166178,6052.265501916158,6979.550403669457,7027.198534856464,7105.055328816976,6981.3264650994915,6604.874148844742,6866.5576739415155,6214.648000783187,6770.458456332942,6621.426591385124,6059.44268487931,6838.12973446785,7000.978299189777,5989.6335744595235,6109.189756133053,5936.1735884241325,6240.975994048375,5996.53019690926,6765.212042034495,6289.012186135848,6910.231636037771,6407.757005855214,5730.302980352144,5988.893666012316,5931.42893842763,6126.981958836166,6856.163074316094,6771.847396326684,6941.733140846176,6551.068132822932,6200.790170919592,6433.343421747317,6263.989218327064,6055.435921100063,6218.021533779011,6192.055411941982,6361.1643278882475,6487.063183445468,6391.969970949909,6147.648463678167,6391.702084777244,6343.1408290014315,6496.54190204876,6225.3664643020875,6400.4089102886455,6351.863750114947,6236.455021834774,6197.638132883223,6335.318316871832,6323.653744510308,6164.843345714615,6437.269347917884,6199.0232981344625,6196.929021753556,6352.983372509212,6517.293032059815,6259.4674506631445
photo_flower,6375.746119856339,7085.9424379489255,7550.965673214423,7237.664746635132,6348.298396759695,5644.256072725306,6349.629715074013,6346.623499465031,6797.9682981869,7175.444874740746,6864.361570430944,6926.17260552715,6750.352477727219,5945.884466085245,0.0,5665.8860345789635,6489.92709326372,7582.165948400477,8038.054740298037,7116.913212773188,7636.728169634662,7117.825813072983,7061.312125235406,7142.4026583592,6687.894155264785,7077.745995826045,7427.847805682762,7125.993381061153,6448.071361532757,5892.780017193424,6454.263457907546,6930.48219195584,6738.809779877175,7369.429427001073,6336.170817772519,7147.940276642179,7529.702471512978,5925.569918924925,5493.588480635505,5788.22943211581,6974.596040196642,7209.452260967858,7381.931533139767,7185.505416502567,6803.102595390169,7283.696666254866,6744.671450815335,6981.722024611283,6848.433434901509,5977.848737747262,7039.850563544518,6919.123444116118,6155.814256788938,6111.331639382422,6386.070452842622,6471.783848157524,5989.343004747945,7136.610100686774,6359.17074911503,7200.394183473741,6794.564588595197,6212.620959448936,5584.370768977901,5690.920494420386,6167.891598085137,7057.458963542925,7210.644276537614,7195.169579475092,6753.283202850235,6780.465599346242,6877.658625206597,6612.708598845905,6285.621897845778,6455.0612010364675,6446.8424759873205,6547.807545887988,6690.709835745542,6625.6671878942,6381.610345754752,6610.1459102985245,6549.546731626605,6688.099059348638,6423.298086436072,6600.28081744139,6561.079298711089,6485.972705924654,6430.054878716872,6565.317268614636,6529.489047267468,6370.691278470401,6640.459109359131,6410.183503233129,6408.6490909580325,6558.587269708397,6662.347817585444,6479.802133825209
photo_carrot,6572.78765799444,7396.357853222836,7832.895875691629,7562.305545544332,6858.351986023461,6148.799872369149,6771.280772767682,6545.412243412859,7145.1752181108795,7382.3331600257625,7309.399461259016,7120.261750747753,6803.668519280148,5989.83870346293,5665.8860345789635,0.0,6724.615030720125,7685.439435219019,8277.019294276737,7316.1019930787015,8016.018803855536,7560.554514189528,7366.115642287075,7566.660739362144,6854.464867915155,7404.312590147578,7721.615757775045,7385.351480791103,6871.319724021871,6200.620428352115,6804.649801136065,7197.045804510659,7001.861562446024,7627.57540188632,6750.658695544368,7310.234254256212,7683.450588545437,6151.086215450101,6236.637089721619,3973.94873043568,7261.353177503905,7368.926078001339,7642.770845799963,7435.831153405178,7111.101107452212,7477.675073269223,6914.360648933509,7361.728763315245,7041.13707046442,6277.751008496469,7235.495796835153,7289.343877530736,6253.538018297894,6265.236573391661,6539.693764330209,6562.766611843223,6206.953292200147,7290.81969694205,6664.314776634262,7310.429349028089,6948.868273390171,6293.194591451981,5801.142025412651,4867.038431127353,6347.299739843982,7203.694517694423,7314.705359540247,7367.810946657728,7080.574869815872,6929.628704459276,6935.933739780318,6819.559815994524,6392.142968383495,6553.814918362014,6567.012599733351,6703.614663948383,6870.5245057151815,6794.654764730625,6502.7190101660335,6781.181763689582,6732.457363591335,6849.317294446375,6567.295794369621,6793.401071755956,6740.819499624575,6603.009708929498,6568.078093503543,6725.792457995237,6689.512836693909,6488.421791902796,6804.389818635803,6492.82574698328,6552.189293662365,6734.783243298161,6868.686206406067,6626.999324167344
photo_watch,6675.357382986298,7454.640394677745,7941.91438146462,7630.198278046635,7143.415142627895,6506.338523330706,6934.525204477825,7020.105576154203,7363.29954267215,7564.854467723687,7683.211374254472,7337.66267857444,7165.61045375494,6580.438080614372,6489.92709326372,6724.615030720125,0.0,7887.764666971435,8363.920165224254,7508.396144827794,8197.706583591222,7654.262859387774,7512.171259965965,7629.797047845374,7101.958773628949,7433.04105231613,7806.906706073166,7541.085577994015,7087.598182488905,6582.20482701171,7110.314312127582,7506.79809344703,7212.986425262158,7710.076644666289,7078.261712108407,7554.548926436994,7917.239880778716,6683.642639952857,6533.309258166109,6630.743931568997,5446.45393424124,7568.824812146222,7815.49559529252,7633.08360281154,7358.846459493632,7649.144737436476,7117.655635799734,7362.742947658008,7185.332013520516,6424.80642184743,7371.80684795593,7398.174256032146,6642.429475247454,6570.487759988376,6830.576352938415,6794.2882016382555,6474.541134282242,7535.957313393159,6955.163216028408,7453.967529150289,7224.120808982324,6659.764495296048,6376.755558353337,6559.283807417815,5397.767356319599,7374.606301027195,7595.700488837877,7576.6277755954125,7237.951687753323,7073.193700112043,7297.357491118186,6973.359563222018,6634.481223400991,6784.808491181578,6772.678890132117,6893.911834575673,7030.662744247679,6973.992529510122,6703.4343547918925,6987.3344484832,6905.176623823539,7020.440135823208,6777.338931529185,6973.0125952221115,6943.707578664417,6830.160845689988,6778.024231968654,6905.3329234941,6876.681197620153,6700.482737310801,6991.0454681965,6728.788193868074,6777.628953141841,6917.329076006873,6996.002291421866,6807.118469370763
photo_key,7606.6020110980135,8128.599676466266,7928.84557610383,7997.404253825346,7673.456419116222,7577.917609184434,7612.602288575498,7779.839002715209,7035.662736074254,7558.639973406523,7947.312373263591,6719.551061042962,7615.65891670879,7335.634997575772,7582.165948400477,7685.439435219019,7887.764666971435,0.0,7973.5429983504855,7147.955424311216,8281.515475811364,8108.128316579391,7701.592129299905,8135.768908063482,7650.114779446698,8032.641750036591,7369.601911740718,7746.780294631009,7802.331031851605,7470.331947508236,7889.210336934656,8114.445076334184,6927.46529936826,7901.24856557051,7842.720406779033,6840.10969708772,8040.633902505666,7513.291724924844,7484.216464780586,7668.215711792346,8062.8442979388365,4223.264816210576,7349.448082102021,7180.670666410474,6744.556350495557,7324.988585603549,6575.605589340264,8020.544613907841,7580.413242909965,7476.671368637841,6515.305410860426,7979.331181152133,7464.145199306533,7669.0871413220875,7638.2390313203505,7754.753838613118,7423.346497076657,7664.0706035039,7545.097637968717,6676.368753677116,7714.785060859149,7607.410392150191,7440.696931095701,7527.118331161398,7502.766249996734,4753.367024524285,6771.329996900408,6987.297559181417,8092.073424647025,7713.554095288361,7241.346586303523,7694.2151499722595,6283.398433008059,6318.3560833595275,6300.172328970749,6180.926941617783,6204.181307777238,6110.331395987097,6335.369767195913,6176.546172994116,6163.6829960514315,6315.677013188326,6223.52020791623,6152.662661487007,6165.334645822687,6287.89527004061,6313.083914703121,6112.345946935224,6112.338346451494,6409.228747073593,6264.964074471231,6399.536499391019,6271.278617417868,6171.588993144002,6317.980487778044,6336.457087821774
photo_truck,7795.363824623298,8122.334777248845,7892.534285905342,8027.097268559025,7977.695577138827,7801.483527392004,7883.603380575456,8123.928318832907,7529.445975451407,7763.794956795877,8127.258445904925,7234.257704843439,8143.819563688815,7765.342906422086,8038.054740298037,8277.019294276737,8363.920165224254,7973.5429983504855,0.0,7398.717867206816,8151.060046540831,8210.336961508589,7834.079927341138,8355.016671876576,7746.404934408813,7990.685632825617,7758.004150627292,7713.828415722141,8033.043348623101,7709.212286544614,8169.225893393397,8274.941257245155,7443.50771040253,7905.336729788895,8158.0235267744,7375.721746126512,8206.851806005045,7925.531064039342,7775.816348343089,8132.6042260519735,8420.865898724503,7554.597438187571,5622.59279103333,7409.18219073713,7324.065063459099,7339.00900664835,7260.640154871091,8140.092809706007,7816.602027448751,7814.141034399906,7502.18236317538,8159.590858658885,7708.504857849315,7838.883591634844,7936.895971463595,8133.47433397298,7933.456646100509,7917.923647030818,7919.749281761385,7174.5699866510295,8123.587878828559,7990.8748393431215,7855.977875147275,8054.254077091412,7997.824927551932,7490.274203387347,6080.4653629156655,7358.1197423321,8206.060977919036,8048.411313833528,7592.8704702504765,7988.740782516493,7325.107514662227,7343.762580935788,7334.253362854281,7237.400128757469,7231.343843716776,7198.880944384402,7318.044795936982,7253.992646526264,7221.691734521181,7269.975686239476,7280.000736345814,7194.0930003420535,7220.5082162165045,7369.227186467893,7356.662483606871,7258.945180160081,7232.7356889403645,7397.352136846887,7254.266315368895,7400.448804494505,7286.243934529808,7237.34140503443,7181.130609118525,7250.134116387603
photo_velo,7120.121866261392,7544.108062032829,7596.096151465631,7646.648601294213,7001.511470359838,7014.179906423516,7214.53260873525,7240.681518961437,6878.302811539046,7032.439408576563,7416.124605132831,6466.443411000394,7095.342373118554,6908.837290592007,7116.913212773188,7316.1019930787015,7508.396144827794,7147.955424311216,7398.717867206816,0.0,7762.54147308311,7683.677495235965,7155.338384388497,7532.010076834083,7263.704530523589,7530.278831585192,7400.206258193729,7378.313797611621,7188.136996315074,6963.815333599817,7549.291461296145,7571.412451902609,6672.379888461964,7352.511570699883,7185.130741904107,6626.745840744682,7512.732657484955,7097.503330092931,7055.618092264449,7277.073227186755,7690.432926706059,6814.985842764907,6686.416527018138,4274.041721388544,6648.089860492973,6961.792176230754,6508.601322440889,7337.403162801219,7244.451758520536,7136.731437753595,6879.4824921334975,7700.927030160876,6855.174539690949,7146.929991128472,7243.75314383706,7465.302922397195,7067.50134188447,7371.270630700657,7123.1524156765,6752.879964998763,7311.380101376647,7160.798173031596,7090.492191612515,7186.4914595812015,7206.472972503766,6767.9269563134885,6560.925339191677,5261.124476880357,7643.171144312182,7417.446468186601,6896.291628586123,7243.735143521226,6539.198479964221,6564.379048275807,6580.833466215687,6563.614290840331,6632.031652374578,6577.072527412998,6570.391898143283,6564.8071490328675,6530.643723405494,6638.6768926895875,6515.475803078139,6550.505928882866,6537.22721044534,6595.621106513552,6603.930284005464,6514.575473526011,6538.299156981761,6629.270942235997,6572.359368001887,6632.231805200862,6526.372220188695,6562.918125358443,6701.0468267725355,6537.530132924875
photo_road,7537.770459287454,7887.471075678832,7146.96143534718,7327.2277682057875,7712.14130136396,7489.30667426811,7535.83654975285,7667.405714941812,7557.321990483059,7668.9005439465045,7933.782196535099,7615.708141157096,8049.820844847069,7478.4976276896405,7636.728169634662,8016.018803855536,8197.706583591222,8281.515475811364,8151.060046540831,7762.54147308311,0.0,7810.679089351177,7176.486481943827,7945.805649280824,7612.683605276754,7968.259692071707,7845.979547722037,7487.70640843349,7860.0388482157305,7480.736673866083,8032.342666610297,8024.719706508541,7540.293593134312,7845.982461887422,7881.04395387134,7826.930588406432,8292.254924485338,7658.011071577829,7514.2963985833085,7974.504640366198,8306.392144595811,7980.304816888749,7770.8441959512775,7760.343037936085,6780.695624676639,7688.676552785729,7305.431391304106,8073.241983321036,7839.633697111235,7645.601887614656,7714.176406738407,7956.495456748464,7728.493173798229,7711.930003284145,7904.74248257795,7938.885487505965,7739.538639966984,7981.3279214279655,7866.19866891042,7822.906250137172,8056.012140699684,7800.399627460491,7691.892329627003,7848.041621438876,7772.882109994245,7892.3306023974965,7669.753497127694,7847.343252494804,7772.663815867472,7954.189403328913,7584.661390185605,7866.744589908732,7373.340065536816,7381.174680733647,7415.645165385577,7336.319244421339,7390.01520283039,7375.045460511681,7347.260189156996,7362.440810059833,7345.026309376764,7395.612632282194,7331.779491212777,7330.207159433569,7317.608711674663,7425.988548666365,7398.630101286695,7340.248823735824,7353.423325087052,7427.654944136285,7368.6836058680265,7440.637046563172,7330.690532196671,7353.009934292041,7358.601886384841,7319.584934466616
photo_house,7049.716347769084,7293.966472486058,7736.7529587405,7470.413084628949,7316.905925224269,6998.837951672799,7263.56402560706,7463.830892965255,7463.911828444448,7616.568828704522,7576.266843754789,7452.663715486508,7453.894463820662,6840.5434601020615,7117.825813072983,7560.554514189528,7654.262859387774,8108.128316579391,8210.336961508589,7683.677495235965,7810.679089351177,0.0,7300.625156092353,7242.457814552074,7272.464001127794,7450.761670493753,7831.578532841499,7513.024448473588,7437.388930571577,7110.760327612929,7608.3562191648225,7699.373519142254,7398.161174270337,7797.931071066685,7429.2180726832385,7718.600014943047,7850.774857580367,7192.6811312216405,7039.751245360707,7571.242821968754,7967.42439703581,7777.534414913583,7674.545800668103,7648.571599270637,7356.936337042026,7183.146348011461,7308.845930381394,7484.185416034158,7404.241086771269,7234.131541261339,7691.803021061217,7670.440193327686,7255.675843426606,7330.257913966125,7265.001703997333,7565.048493712662,7284.479053830065,7815.02866637373,7362.557807047117,7778.950271902484,7578.294582333352,7373.504340175345,7277.841815539356,7506.206040864457,7446.5998166041645,7729.653593100494,7539.135177830643,7759.58108156974,7573.443393576464,6869.181980369315,7481.070665189332,7419.5399360223055,7204.617541807389,7280.018023899457,7277.026253023296,7295.91591345171,7349.473600666783,7314.671103664746,7227.925694744589,7351.142699685862,7287.420251458809,7369.844498758478,7248.030219849091,7303.283897916192,7278.7709969594025,7319.204193308894,7269.870205225172,7304.877597181638,7274.215367267405,7310.212099780365,7345.174847258518,7301.087828884664,7231.514639293338,7309.893468500454,7352.929872586331,7260.088719649861
