,square,rectangle,parallelogram,losange,isoTrapezoid,kite,rightKite,rustedHinge,hinge,trapezoid,random
square,49.399784823407074,56.166542619274104,67.29819836836008,71.62894304214414,62.56414661134823,61.78303452447638,61.06573350237938,68.08734531651056,65.33669334070146,63.64898083382145,69.3732484864231
rectangle,56.166542619274104,49.47075944491607,63.25825099488,68.79059708403823,66.5036964120116,64.53727907020496,63.99073013090344,66.72006125386265,63.01314018029896,65.29580054619036,70.96790285545289
parallelogram,67.29819836836008,63.25825099488,56.39044814989038,62.874169348154,70.85156585915648,70.46681864480652,69.7831136386719,71.37940476789399,68.22921809351291,66.11185756141838,70.92780503508781
losange,71.62894304214414,68.79059708403825,62.874169348154,58.03176089649979,72.91561376642224,73.22046964101261,72.64977485883243,73.78768853588197,71.72903270809715,67.45335515705823,69.81379158123156
isoTrapezoid,62.56414661134823,66.5036964120116,70.85156585915648,72.91561376642224,52.087387878195294,60.64187477993727,58.917244514590536,69.60849042410398,68.28913632944709,60.57054570379437,65.2781815789165
kite,61.78303452447638,64.53727907020496,70.46681864480652,73.22046964101261,60.64187477993727,54.1233510826555,57.67440775028402,68.88281128310265,67.35806986183597,65.48227669220134,68.86140508884108
rightKite,61.06573350237938,63.99073013090345,69.78311363867192,72.64977485883243,58.917244514590536,57.67440775028402,52.780512475718695,67.2230681041953,65.84787979712537,62.10161209886016,67.1227522668438
rustedHinge,68.08734531651056,66.72006125386265,71.37940476789399,73.78768853588198,69.60849042410398,68.88281128310267,67.2230681041953,56.32079580672388,58.469283859181026,69.33835972020785,70.14170493310316
hinge,65.33669334070146,63.01314018029897,68.22921809351291,71.72903270809714,68.28913632944709,67.35806986183597,65.84787979712537,58.469283859181026,55.543641791679676,67.4724507325054,69.43468402505172
trapezoid,63.64898083382145,65.29580054619036,66.11185756141838,67.45335515705823,60.57054570379437,65.48227669220134,62.10161209886017,69.33835972020785,67.47245073250541,54.2016185868327,62.0556876408455
random,69.3732484864231,70.96790285545289,70.92780503508781,69.81379158123157,65.2781815789165,68.86140508884108,67.1227522668438,70.14170493310316,69.43468402505171,62.0556876408455,57.12208827625963
