,square,rectangle,parallelogram,losange,isoTrapezoid,kite,rightKite,rustedHinge,hinge,trapezoid,random
square,40.683140777366944,45.11278722623339,47.627033100247566,49.68936754719503,43.94607358872127,43.258819747046125,42.74792748068821,46.025396016162865,45.62869774478198,44.241246007375146,46.66000634854817
rectangle,45.11278722623337,40.94726698346247,44.37459682091081,46.6768228307152,47.65773815092438,45.765362045496715,45.591936230814255,44.626684563542725,43.55751810056715,45.93630334032321,48.193234490210855
parallelogram,47.627033100247566,44.37459682091081,41.6280844996154,44.603301591557845,49.07143730247447,48.12567598042428,47.34586061641323,46.16469466437787,45.09161805484398,46.20831342462062,48.195709193229
losange,49.68936754719503,46.6768228307152,44.603301591557845,41.63257683254618,49.9030138018049,49.743499253166256,49.1621574215195,47.009492877825245,46.47363306392832,46.71137253402553,47.05687571260903
isoTrapezoid,43.94607358872127,47.657738150924374,49.07143730247447,49.9030138018049,41.39605195971339,44.38267321733807,43.94428952949967,48.0114957570934,47.86856730673085,44.66552409025902,46.09491278419036
kite,43.258819747046125,45.76536204549672,48.12567598042429,49.743499253166256,44.38267321733807,41.12068589299514,42.85858990755184,47.1743506747144,46.89774448810154,45.933230935198814,47.7073454590927
rightKite,42.747927480688205,45.591936230814255,47.34586061641323,49.1621574215195,43.94428952949967,42.85858990755184,40.8720524371369,46.77251755598719,46.443170228021366,44.306554080387144,46.96065418603014
rustedHinge,46.025396016162865,44.626684563542725,46.16469466437787,47.009492877825245,48.0114957570934,47.1743506747144,46.77251755598719,41.57434422180868,42.476218614805354,46.498616555669805,47.32484441372482
hinge,45.628697744781974,43.55751810056715,45.09161805484398,46.47363306392831,47.86856730673086,46.89774448810154,46.443170228021366,42.476218614805354,41.36623596868759,46.03676646077013,47.24788851954333
trapezoid,44.241246007375146,45.93630334032321,46.20831342462062,46.71137253402553,44.66552409025902,45.93323093519882,44.306554080387144,46.498616555669805,46.03676646077013,41.191365497361986,44.30358958633665
random,46.66000634854818,48.19323449021086,48.195709193229,47.05687571260902,46.09491278419036,47.70734545909269,46.96065418603014,47.32484441372482,47.247888519543324,44.30358958633665,41.64064400590978
