,square,rectangle,parallelogram,losange,isoTrapezoid,kite,rightKite,rustedHinge,hinge,trapezoid,random
square,66.43159520611987,78.25650697960495,86.86706412373931,91.04550291371675,84.63080217690181,86.89042283564142,84.50757730048188,90.68533497399855,87.07613010667198,86.49936537565259,93.29198811255776
rectangle,78.25650697960494,66.81267843299442,84.8770446672055,90.84454253736182,90.69457206364105,91.53981116966115,90.5725607972179,91.62727023058267,86.3586676699864,89.48621962970192,96.71256344838154
parallelogram,86.86706412373931,84.87704466720548,75.09626422520849,81.96143804971553,92.07369118359995,92.6339611030558,91.89266150221606,92.87707572094185,88.79953262360729,87.91135849644726,94.37294661661787
losange,91.04550291371676,90.84454253736182,81.96143804971553,75.7960044862459,94.06993085799316,95.00192497682008,94.34920404849224,95.16421630540952,92.33646897058462,89.17894185960375,94.11274331328892
isoTrapezoid,84.63080217690181,90.69457206364105,92.07369118359996,94.06993085799316,68.4714244341104,83.54047808958511,79.27904749479066,91.72500706199938,89.25435681378003,80.68049586369197,87.84194761990959
kite,86.89042283564142,91.53981116966115,92.63396110305581,95.00192497682006,83.5404780895851,76.25557204158977,79.80845872777942,91.87127586351517,89.47581074643735,87.62729611288137,92.19593291759239
rightKite,84.50757730048188,90.5725607972179,91.89266150221606,94.34920404849225,79.27904749479066,79.80845872777942,72.60250720596423,90.01013586707724,87.60786987471779,83.78464616758289,90.28229466790235
rustedHinge,90.68533497399855,91.62727023058267,92.87707572094186,95.16421630540952,91.72500706199935,91.87127586351517,90.01013586707724,76.99000959163247,80.10356938414984,91.21590939698956,92.48660964581308
hinge,87.07613010667198,86.3586676699864,88.79953262360729,92.33646897058462,89.25435681378003,89.47581074643735,87.6078698747178,80.10356938414982,75.26886002907796,88.45341689884204,91.54162684910601
trapezoid,86.4993653756526,89.48621962970192,87.91135849644725,89.17894185960375,80.68049586369197,87.62729611288137,83.78464616758289,91.21590939698956,88.45341689884202,74.68177868884672,85.42754382676193
random,93.29198811255776,96.71256344838154,94.37294661661787,94.1127433132889,87.84194761990958,92.19593291759239,90.28229466790235,92.48660964581308,91.54162684910601,85.42754382676193,80.0149511923289
