,square,rectangle,parallelogram,losange,isoTrapezoid,kite,rightKite,rustedHinge,hinge,trapezoid,random
square,66.92544418921997,70.94541384246328,72.71719896056547,75.23400573245155,70.0433826406068,69.24457066947485,69.26297203658586,72.10088390483064,71.36478851475437,70.77168290878538,72.82602557633004
rectangle,70.94541384246328,67.06259066691214,70.35752280100814,72.8141597794489,72.88510359451942,71.44105704470806,71.66419005813341,70.79833267053192,69.53946624975018,72.29391637409745,74.00216786615118
parallelogram,72.71719896056547,70.35752280100814,68.30628820229938,71.98173421765512,73.96556749432114,73.24587731758277,72.98264595522042,72.33624758033352,71.09965340346999,72.90018738591459,74.56115536758682
losange,75.23400573245155,72.8141597794489,71.98173421765512,69.67050225407246,75.25792751037409,75.31151235557947,75.34205076484082,73.46534516443813,72.73111933305536,74.03376659128213,74.20011592037476
isoTrapezoid,70.04338264060681,72.88510359451942,73.96556749432114,75.2579275103741,67.55675291564032,70.22784026176168,70.44447505972067,73.78470181459197,73.21373216768009,71.24369528953619,72.50124226118754
kite,69.24457066947487,71.44105704470806,73.24587731758277,75.31151235557948,70.22784026176167,67.3190896507071,69.51793809216616,73.04016028286226,72.35558918404617,72.0156660694602,73.56272537291528
rightKite,69.26297203658586,71.66419005813341,72.98264595522042,75.3420507648408,70.44447505972067,69.51793809216615,67.90297478461538,73.08258354819974,72.35246630284232,71.2190945852147,73.60177209280593
rustedHinge,72.10088390483064,70.79833267053192,72.33624758033353,73.46534516443813,73.78470181459197,73.04016028286225,73.08258354819974,68.94650760434509,69.57479731106632,73.29964320823528,74.0308133449081
hinge,71.36478851475437,69.5394662497502,71.09965340346999,72.73111933305536,73.21373216768009,72.35558918404617,72.35246630284233,69.57479731106632,67.81980842494701,72.53432611204978,73.61351905344864
trapezoid,70.77168290878538,72.29391637409745,72.9001873859146,74.03376659128213,71.24369528953619,72.0156660694602,71.2190945852147,73.29964320823528,72.53432611204978,68.7672681330242,72.10507291193584
random,72.82602557633003,74.00216786615118,74.56115536758684,74.20011592037476,72.50124226118754,73.56272537291528,73.60177209280593,74.03081334490811,73.61351905344864,72.10507291193584,69.34168275844975
