,square,rectangle,parallelogram,losange,isoTrapezoid,kite,rightKite,rustedHinge,hinge,trapezoid,random
square,72.3438265281815,82.86424680050504,84.25078423304873,87.93049177573013,84.78108868680864,86.11408821805874,84.11449227559342,87.4403504295287,85.72211088631695,84.89422759882395,90.71334696614171
rectangle,82.86424680050504,73.32804572945841,83.15626513415211,88.6157271268959,94.2475828694307,92.07438965256712,92.64206131528157,90.44529795430958,87.19290020117768,89.60985426145425,96.21917778562066
parallelogram,84.25078423304873,83.1562651341521,66.07377518191335,72.76961252180106,88.38089578854435,86.3867308726904,86.4236383818053,85.53790289867555,81.73647305926328,80.9146177906596,86.3632496433963
losange,87.93049177573015,88.6157271268959,72.76961252180106,69.0651532616306,90.15672788772096,89.88231316012434,89.63834252492188,88.48265751510289,85.64961516257675,82.62867511677581,86.22844720102357
isoTrapezoid,84.78108868680866,94.2475828694307,88.38089578854436,90.15672788772096,72.48044487606906,83.85551805013803,79.2509698451088,88.96545138456904,87.88533884602387,80.52611015178702,85.72272221530336
kite,86.11408821805874,92.07438965256712,86.3867308726904,89.88231316012434,83.85551805013803,76.43048896057593,78.83742467787549,91.53932649940177,89.74683045314688,86.58770262102047,92.62581428137283
rightKite,84.11449227559342,92.64206131528157,86.4236383818053,89.63834252492188,79.2509698451088,78.83742467787549,71.97755239477134,90.53140607215848,89.00933462982034,83.0627785776246,90.19323156365584
rustedHinge,87.44035042952872,90.44529795430958,85.53790289867554,88.48265751510287,88.96545138456902,91.53932649940177,90.53140607215848,76.57054269930907,78.32568969256128,86.51581290840008,88.31334923207703
hinge,85.72211088631697,87.19290020117766,81.73647305926328,85.64961516257675,87.88533884602386,89.74683045314688,89.00933462982036,78.32568969256128,74.73041148838635,84.53436589371739,87.08379317237478
trapezoid,84.89422759882395,89.60985426145426,80.9146177906596,82.62867511677581,80.52611015178702,86.58770262102047,83.0627785776246,86.51581290840008,84.53436589371739,73.73387673384741,81.19332737962296
random,90.7133469661417,96.21917778562066,86.36324964339629,86.22844720102357,85.72272221530336,92.62581428137281,90.19323156365584,88.31334923207703,87.08379317237478,81.19332737962296,76.18902657492318
