,square,rectangle,parallelogram,losange,isoTrapezoid,kite,rightKite,rustedHinge,hinge,trapezoid,random
square,44.033079621137674,49.97392901101512,59.39841857973081,64.05385573555152,59.25128424947829,57.54385565803887,57.34894671644008,60.977956620438405,58.91910861262272,59.21247299600987,64.96552151570843
rectangle,49.97392901101513,44.55532472377173,55.81114740278912,61.793591599396315,63.190764988930916,60.20068299015035,60.34649954839731,60.198506133605854,57.25759853521781,60.8731744929042,66.83959213900843
parallelogram,59.39841857973081,55.81114740278912,50.725640841578404,56.59395432651038,66.74848402778025,64.9117259956468,64.50646835571648,63.627085772464355,61.00277864149256,61.31309076568305,66.38695795544756
losange,64.05385573555152,61.793591599396294,56.59395432651037,52.595695647079765,69.15196572039757,68.1226870014528,67.71221561575013,66.57070610984516,64.9070591107863,62.975630416915614,65.74853752659658
isoTrapezoid,59.25128424947829,63.19076498893092,66.74848402778024,69.15196572039756,52.162078291265544,59.462834748825856,58.03711978961301,67.01393728423635,66.32383993830717,59.13640556493589,63.99678847869459
kite,57.54385565803887,60.20068299015035,64.9117259956468,68.1226870014528,59.46283474882587,52.00631425425463,55.52302243031652,64.94000172402644,63.830902433104775,62.84959046304328,66.5852497880664
rightKite,57.34894671644008,60.34649954839731,64.50646835571646,67.71221561575013,58.03711978961301,55.52302243031652,50.94025580778888,64.1239243157331,63.27891359944864,59.5576806169569,64.83052383454427
rustedHinge,60.977956620438405,60.198506133605854,63.627085772464355,66.57070610984516,67.01393728423635,64.94000172402646,64.12392431573309,53.08526575509641,54.86237492005229,65.45317958827408,66.80338765876564
hinge,58.91910861262272,57.25759853521781,61.00277864149256,64.9070591107863,66.32383993830717,63.830902433104775,63.27891359944864,54.86237492005229,52.28853183539915,64.23531184832096,66.38394182048928
trapezoid,59.21247299600987,60.87317449290419,61.31309076568303,62.975630416915614,59.13640556493589,62.84959046304328,59.5576806169569,65.45317958827408,64.23531184832098,52.17251740788828,59.86744009946053
random,64.96552151570843,66.83959213900843,66.38695795544756,65.74853752659656,63.99678847869459,66.5852497880664,64.83052383454427,66.80338765876564,66.3839418204893,59.86744009946053,55.68256935121759
