,square,rectangle,parallelogram,losange,isoTrapezoid,kite,rightKite,rustedHinge,hinge,trapezoid,random
square,33.10058659862921,36.107626618697005,37.1054338001052,38.723028991181536,35.023157503849625,34.7579141857588,34.2581732950271,36.53451853203458,36.0693133546755,35.27356723135702,36.609094424334856
rectangle,36.10762661869701,33.687824964637876,35.23426189011173,36.848707890999535,37.416124144701186,36.56550097232691,36.309166065836926,35.868929326217994,34.97232411748279,36.53244082117356,37.706047840705025
parallelogram,37.1054338001052,35.234261890111725,33.49150546068499,35.52939592759053,37.95137516329466,37.55067976973646,36.990071113544815,36.35363040467394,35.44629759391305,36.42591201105158,37.45353707873468
losange,38.723028991181536,36.848707890999535,35.52939592759052,34.174757876994896,38.764674554010206,38.92176302965694,38.45419238477334,37.13303159154106,36.523718051339316,37.05608501630602,37.05941114202316
isoTrapezoid,35.023157503849625,37.41612414470119,37.95137516329466,38.76467455401021,33.37044965332492,35.356705670650996,34.96528962243922,37.58629995627586,37.25797832798802,35.42404823579496,36.0924399920475
kite,34.75791418575879,36.56550097232691,37.55067976973646,38.92176302965693,35.356705670650996,33.62882678939624,34.576944603579996,37.41884395546194,36.9819130461027,36.439333099450614,37.40694220284431
rightKite,34.258173295027106,36.30916606583692,36.990071113544815,38.45419238477334,34.96528962243922,34.576944603579996,33.21444125578573,36.993252702698484,36.52399281842432,35.30510621874049,36.81235567643373
rustedHinge,36.53451853203458,35.868929326217994,36.353630404673936,37.133031591541055,37.58629995627586,37.41884395546194,36.99325270269849,34.25087334225997,34.55287032501031,36.78462637589723,37.16427860171842
hinge,36.0693133546755,34.97232411748279,35.44629759391305,36.523718051339316,37.25797832798802,36.9819130461027,36.52399281842431,34.55287032501031,33.54005183617957,36.2540260040122,36.855420846150935
trapezoid,35.27356723135702,36.53244082117356,36.42591201105157,37.05608501630602,35.42404823579496,36.439333099450614,35.3051062187405,36.784626375897226,36.2540260040122,33.54445248955641,35.336440396309065
random,36.609094424334856,37.70604784070502,37.45353707873468,37.059411142023166,36.0924399920475,37.40694220284431,36.81235567643373,37.16427860171843,36.855420846150935,35.33644039630907,33.52768884543964
