,square,rectangle,parallelogram,losange,isoTrapezoid,kite,rightKite,rustedHinge,hinge,trapezoid,random
square,36.34367358915857,42.92255078007963,47.798954574129276,50.0683079126264,46.784679753055386,46.869256210828965,45.52991954623949,48.84241063194932,47.25071192105935,47.14163149829242,50.488232073549476
rectangle,42.92255078007963,36.390527207444904,46.45844597552309,50.099368526646806,48.31760546283822,48.53251350984138,47.58906200207183,48.51949629624659,46.04147139679513,47.91438230616753,51.433901640815066
parallelogram,47.798954574129276,46.45844597552309,38.92519686604418,43.25123180478992,47.77426696079927,47.79457043310075,46.986482874564274,47.83654121867749,45.974389078990114,45.60247694683415,48.54836590551542
losange,50.0683079126264,50.099368526646806,43.25123180478992,39.84428699428256,48.98066409016811,49.16061710257327,48.45111661349062,49.3051932447045,48.27737792746678,46.559039632576294,48.24940916689759
isoTrapezoid,46.784679753055386,48.31760546283823,47.77426696079927,48.98066409016811,35.02493130682775,42.67306760606245,40.835225236279705,46.667126110575566,45.57295687661411,41.20522036113988,44.79213310013632
kite,46.869256210828965,48.53251350984139,47.79457043310075,49.160617102573276,42.67306760606246,37.977459116289246,39.996986920244055,45.980462289688084,45.120576754690774,44.54402555408752,46.2535935536798
rightKite,45.52991954623949,47.58906200207183,46.986482874564274,48.45111661349062,40.835225236279705,39.996986920244055,36.186742460646535,44.8370231508236,43.81065898058226,42.506375342246706,45.51749921455935
rustedHinge,48.84241063194932,48.51949629624659,47.83654121867749,49.3051932447045,46.667126110575566,45.980462289688084,44.8370231508236,38.687491329092815,40.267117477226094,46.667950248813334,47.040400577657785
hinge,47.25071192105935,46.04147139679513,45.974389078990114,48.27737792746678,45.57295687661411,45.120576754690774,43.810658980582254,40.26711747722609,37.75676718315577,45.406672194531396,46.71739486868251
trapezoid,47.14163149829242,47.91438230616753,45.60247694683415,46.5590396325763,41.20522036113987,44.54402555408752,42.50637534224671,46.667950248813334,45.406672194531396,37.88939518690883,43.58349927073097
random,50.488232073549476,51.433901640815066,48.54836590551541,48.24940916689759,44.79213310013631,46.2535935536798,45.51749921455935,47.040400577657785,46.71739486868251,43.583499270730975,39.746604139484006
