,square,rectangle,parallelogram,losange,isoTrapezoid,kite,rightKite,rustedHinge,hinge,trapezoid,random
square,36.35798565255498,42.50344861885847,47.203991857379,49.163103931421865,47.073231016991784,46.05199594375064,44.80370363980828,47.927258849363426,46.91340747812528,46.375464162955254,49.73697256623183
rectangle,42.50344861885847,37.16671430330916,46.35808433495527,49.744271143280386,49.70945784802535,48.34399617048739,47.36762629024437,48.09586908466018,46.21249216995486,48.06346039995176,51.36806788051716
parallelogram,47.203991857379,46.35808433495528,39.301089719285194,43.43515956884815,49.68749772854024,48.8857846613983,47.884495911637686,48.63801546674773,47.22477954959825,46.32337293517505,49.39249775387271
losange,49.163103931421865,49.744271143280386,43.43515956884815,39.57480075123668,50.58597688719849,50.01395613893733,49.03927249106596,49.78197916685208,49.20012787706921,46.958958887049064,48.75798776371471
isoTrapezoid,47.073231016991784,49.709457848025345,49.68749772854024,50.58597688719849,37.24152361686996,44.782624033455754,42.83333495347633,48.7474903693981,48.353911668565466,43.187669650150895,46.61987301849284
kite,46.05199594375064,48.34399617048739,48.8857846613983,50.01395613893733,44.782624033455754,38.88650928408078,40.990226167913626,47.29322017130622,46.96321242260864,45.914017214018564,47.512643240325076
rightKite,44.80370363980828,47.36762629024437,47.88449591163768,49.03927249106596,42.83333495347633,40.990226167913626,37.11905423424083,45.97926183097673,45.55155885320808,43.56877817266269,46.502462098533954
rustedHinge,47.927258849363426,48.09586908466018,48.63801546674773,49.78197916685208,48.7474903693981,47.29322017130622,45.97926183097673,39.324318430458185,41.37332770258989,47.66935173718918,47.94131015179695
hinge,46.91340747812528,46.21249216995486,47.22477954959825,49.20012787706921,48.353911668565466,46.963212422608635,45.55155885320808,41.37332770258989,39.336201934357874,47.004704113327534,48.17126953533193
trapezoid,46.375464162955254,48.06346039995175,46.32337293517506,46.95895888704906,43.187669650150895,45.914017214018564,43.56877817266269,47.66935173718918,47.004704113327534,38.687198555029184,44.27862020030979
random,49.73697256623183,51.36806788051716,49.3924977538727,48.757987763714716,46.61987301849285,47.512643240325076,46.502462098533954,47.94131015179695,48.17126953533193,44.27862020030979,40.30051028857597
