,square,rectangle,parallelogram,losange,isoTrapezoid,kite,rightKite,rustedHinge,hinge,trapezoid,random
square,45.51624487661676,54.41305977521668,61.39537870885971,64.03387523314198,60.28244205431173,58.63296358819939,56.93573698199319,62.681912833617716,60.594449884133304,60.596408131984674,65.18941712163284
rectangle,54.41305977521668,45.44547788181988,58.289018654285755,62.675492953704115,62.07517264947453,60.06582385495324,58.71965215221141,60.710338222209415,57.32103314584552,60.990563053574625,65.30516930341277
parallelogram,61.39537870885972,58.28901865428574,48.927661822105605,54.03282337980104,62.565528914755944,61.15508936252845,60.35279446435642,61.87089740619279,59.988331642374334,59.23704433017266,62.65222419273605
losange,64.03387523314198,62.675492953704115,54.03282337980104,48.672017498016906,63.586444576225695,62.558307660254115,61.947356388574086,63.69794906619887,62.80405766012234,59.8704639648106,61.88387523671994
isoTrapezoid,60.28244205431173,62.07517264947454,62.56552891475593,63.586444576225695,45.503635462203576,54.56008066366647,52.061233098866374,61.370759524052175,61.00334065150919,53.21132952404797,57.79065675631951
kite,58.63296358819939,60.06582385495324,61.15508936252845,62.55830766025411,54.560080663666454,47.70101813264108,50.34882502368703,59.439920657798446,58.90382891423735,57.4255315706198,59.903268860176695
rightKite,56.93573698199317,58.71965215221141,60.35279446435642,61.947356388574086,52.061233098866374,50.34882502368702,45.47952225541193,57.94057732407827,57.22049295304031,54.238862355747074,58.43042945172004
rustedHinge,62.68191283361772,60.710338222209415,61.87089740619279,63.69794906619887,61.370759524052175,59.439920657798446,57.94057732407827,49.56376368640494,51.954669080732295,61.09245533369509,61.559820184626645
hinge,60.594449884133304,57.321033145845526,59.988331642374334,62.80405766012233,61.00334065150919,58.90382891423735,57.22049295304031,51.954669080732295,49.0397181155618,60.24720673733512,61.83419968042963
trapezoid,60.596408131984674,60.99056305357462,59.23704433017266,59.87046396481058,53.21132952404797,57.425531570619796,54.238862355747074,61.09245533369509,60.24720673733512,48.21139288649163,55.619433213293725
random,65.18941712163284,65.30516930341275,62.65222419273605,61.88387523671994,57.79065675631951,59.903268860176695,58.43042945172004,61.559820184626645,61.83419968042963,55.61943321329371,50.592097707909154
