,square,rectangle,parallelogram,losange,isoTrapezoid,kite,rightKite,rustedHinge,hinge,trapezoid,random
square,38.735137583974755,46.77230651417326,52.73033634139862,54.444075953902605,50.778350350916924,52.47856817454131,50.66573360039115,54.47737982788066,52.40064108397359,52.17173051784516,56.62705367193641
rectangle,46.77230651417326,39.35136569126932,52.21547026682804,55.49335749004276,53.613596925427565,55.465841843241286,54.19406828001835,54.99670925617117,51.87401649252525,54.09145502395087,58.446886270995186
parallelogram,52.73033634139862,52.21547026682804,45.43686885640302,49.92546457819257,54.803916344362015,55.91052152899932,55.21475884390321,56.2640558610497,53.761107655806065,53.485029210472035,57.170190949137364
losange,54.44407595390261,55.49335749004275,49.92546457819257,45.59671569120832,55.57084277002261,56.935518442010164,56.25502763763096,57.24623554399158,55.61987764109021,53.984801771250325,56.5942847369387
isoTrapezoid,50.778350350916924,53.613596925427565,54.803916344362015,55.57084277002261,40.08612460644442,50.38700996909013,47.8240665538749,54.62789856801284,52.821171672662636,47.91350553886373,52.9963763872692
kite,52.47856817454131,55.46584184324129,55.91052152899931,56.93551844201015,50.38700996909013,45.84821846923968,48.08922522827184,54.8617665676769,53.491283673197145,52.85344183122739,55.28584375182372
rightKite,50.66573360039116,54.19406828001835,55.21475884390321,56.25502763763096,47.8240665538749,48.08922522827184,43.31982238362991,53.960435106163715,52.35920281978188,50.59096503464371,54.634253463283656
rustedHinge,54.47737982788066,54.996709256171165,56.2640558610497,57.24623554399158,54.627898568012824,54.8617665676769,53.96043510616373,45.98281478289217,47.83616693613949,55.39660017680512,55.85578968975505
hinge,52.400641083973575,51.87401649252525,53.76110765580605,55.619877641090206,52.821171672662636,53.491283673197145,52.35920281978186,47.836166936139485,44.50045512734645,53.473385212163805,55.142741919317274
trapezoid,52.17173051784518,54.09145502395087,53.485029210472035,53.98480177125032,47.91350553886373,52.85344183122739,50.59096503464371,55.39660017680511,53.473385212163805,44.94774668487254,52.10990033574664
random,56.62705367193641,58.446886270995186,57.170190949137364,56.5942847369387,52.99637638726921,55.285843751823734,54.634253463283656,55.85578968975505,55.142741919317274,52.10990033574665,47.7355898065173
