,square,rectangle,parallelogram,losange,isoTrapezoid,kite,rightKite,rustedHinge,hinge,trapezoid,random
square,52.202699451608765,61.53574393015399,67.98557735746842,70.72427350029587,67.3817625557043,67.3362609504415,65.97373777556919,70.33124586438507,67.89695171251164,67.25608879983287,71.88119965305216
rectangle,61.53574393015399,50.415421890393915,64.95069778869546,69.09994741975301,68.84279448419902,68.16020080675216,67.8127151178168,67.94929490184536,64.59537530749755,67.06067348026332,71.39971299161402
parallelogram,67.98557735746842,64.95069778869546,57.151476740200465,62.65937730277522,69.88706502380985,68.86999280971007,68.81491186994549,69.03378478070917,66.70050473854164,66.54804960022334,69.84800173974457
losange,70.72427350029585,69.09994741975304,62.65937730277522,57.415538392884216,71.01398619987522,70.4823893830411,70.33095999172014,70.63599361180238,69.32398044407441,67.39776455212841,69.38774008660202
isoTrapezoid,67.3817625557043,68.84279448419902,69.88706502380985,71.01398619987522,52.244236960693016,63.47912286129621,60.61469677427837,68.80841967199241,67.38873240688312,61.11830761251397,65.92654951465404
kite,67.3362609504415,68.16020080675216,68.86999280971007,70.4823893830411,63.479122861296226,55.92884336287426,59.34535088331237,67.51389926191202,66.26666223558757,64.99875839596218,66.87155602441334
rightKite,65.97373777556919,67.8127151178168,68.81491186994549,70.33095999172015,60.61469677427836,59.34535088331237,54.122273131797634,66.94578465928579,65.59811850601619,62.83865616347209,66.68808452284235
rustedHinge,70.33124586438507,67.94929490184536,69.03378478070915,70.63599361180238,68.80841967199241,67.51389926191202,66.94578465928579,56.66115853491517,59.251924981996204,67.98974182011032,67.4670836926803
hinge,67.89695171251164,64.59537530749755,66.70050473854164,69.32398044407441,67.38873240688312,66.26666223558756,65.59811850601619,59.25192498199622,55.69269746696765,66.35520395124576,67.24181349536491
trapezoid,67.25608879983287,67.06067348026332,66.54804960022332,67.39776455212841,61.11830761251397,64.99875839596218,62.83865616347209,67.98974182011032,66.35520395124577,56.069199971013674,63.569123674035396
random,71.88119965305216,71.39971299161404,69.84800173974457,69.38774008660201,65.92654951465403,66.87155602441334,66.68808452284236,67.46708369268032,67.24181349536492,63.569123674035396,57.356887332342325
