,square,rectangle,parallelogram,losange,isoTrapezoid,kite,rightKite,rustedHinge,hinge,trapezoid,random
square,34.390679694759775,39.89886675249006,44.79046781339459,47.98646694159565,44.07675227967424,44.58451446115334,43.32827902679753,46.31438986393202,44.12212202772739,44.05076036381364,47.57337265534489
rectangle,39.89886675249006,33.088290056840926,43.00368476147438,47.45395205831842,44.822195772758164,45.274133531298304,44.356105396949566,45.28471834720506,42.4023084073157,43.81291335175759,47.46075101229566
parallelogram,44.790467813394585,43.00368476147438,37.86487623231094,43.242116355722374,46.00788120550575,46.587191321523626,45.776942064452065,46.642054135905965,44.35470306401779,43.81467105263402,47.14630374354876
losange,47.98646694159565,47.45395205831842,43.242116355722374,40.60239546262491,48.41783017478289,49.17319874151976,48.42797609698717,49.22982497351146,47.62683881898013,45.987418671919635,48.288930666918425
isoTrapezoid,44.07675227967424,44.822195772758164,46.007881205505754,48.41783017478289,33.7580241742365,42.06183425121072,39.87155268585535,45.48757859551451,43.6233122551379,39.784949539046515,43.724533823539666
kite,44.58451446115334,45.274133531298304,46.587191321523626,49.17319874151977,42.06183425121072,37.9903357168424,39.93264975125926,45.509062752672584,43.93252241785147,43.4074159195185,45.558462661945526
rightKite,43.32827902679753,44.356105396949566,45.776942064452065,48.42797609698718,39.87155268585535,39.93264975125926,35.787287488381,44.27646112611743,42.46707288312842,41.319988249774205,44.664269696876026
rustedHinge,46.314389863932014,45.28471834720506,46.64205413590597,49.22982497351146,45.48757859551451,45.509062752672584,44.27646112611743,38.07666443894758,39.31172483749661,45.23873024112574,46.1378060522656
hinge,44.12212202772739,42.402308407315694,44.35470306401779,47.626838818980126,43.6233122551379,43.93252241785147,42.46707288312842,39.31172483749661,36.14452536015771,43.25823155480238,45.074514832587646
trapezoid,44.05076036381364,43.81291335175759,43.81467105263402,45.987418671919635,39.784949539046515,43.4074159195185,41.319988249774205,45.23873024112574,43.25823155480238,36.207540217424366,42.30843054639834
random,47.57337265534488,47.46075101229566,47.14630374354876,48.28893066691843,43.72453382353966,45.55846266194553,44.664269696876026,46.1378060522656,45.074514832587646,42.30843054639834,39.13986202760396
