,square,rectangle,parallelogram,losange,isoTrapezoid,kite,rightKite,rustedHinge,hinge,trapezoid,random
square,50.87104907620618,57.93030404423193,67.71936552818647,70.97529470905623,64.75669187488417,65.11006350736152,63.92121342237727,68.05932856122708,66.39274876904649,64.70294335125185,71.08087172150609
rectangle,57.93030404423193,50.869485005206776,64.19693584456626,69.04223134718167,68.43812585407271,67.45379787984669,66.69890538080921,66.49496638170972,63.7621559078056,66.46317020543722,72.23201955787047
parallelogram,67.71936552818647,64.19693584456624,55.73759607915675,61.17521515960625,71.00598373066218,70.64305186342855,70.02090651842947,68.87205918148867,67.00926827782989,65.72278399981448,70.58817092834639
losange,70.97529470905623,69.04223134718167,61.17521515960624,56.01217400186904,71.84990805787523,72.06398330589393,71.5611807818347,70.53595518833096,69.73363260173886,66.01673433822792,68.76816858346531
isoTrapezoid,64.75669187488417,68.43812585407271,71.00598373066218,71.84990805787523,53.242969201415015,62.74903873215082,60.61503220270022,68.16648083230196,68.01249770078368,61.079669999472266,66.10653785133367
kite,65.11006350736153,67.45379787984669,70.64305186342855,72.06398330589393,62.74903873215083,55.742125894336645,59.68542929058842,67.99571218291972,67.71025485679658,65.94993507626532,69.22937197195185
rightKite,63.92121342237727,66.69890538080921,70.02090651842947,71.56118078183468,60.61503220270022,59.68542929058842,54.25384465490397,66.51082693990885,66.0135059578497,62.92777792123016,68.21207635362975
rustedHinge,68.05932856122708,66.4949663817097,68.87205918148868,70.53595518833096,68.16648083230196,67.99571218291973,66.51082693990884,55.33567900796064,58.091132236845816,67.17944314645212,68.31310141795353
hinge,66.39274876904649,63.7621559078056,67.00926827782988,69.73363260173886,68.0124977007837,67.71025485679658,66.0135059578497,58.091132236845816,55.733793390736516,66.55643978741469,68.86679655771783
trapezoid,64.70294335125185,66.46317020543721,65.72278399981448,66.01673433822792,61.079669999472266,65.94993507626532,62.927777921230174,67.17944314645212,66.55643978741467,54.47722731617825,62.51060338710994
random,71.08087172150609,72.23201955787047,70.58817092834639,68.76816858346531,66.10653785133367,69.22937197195185,68.21207635362977,68.31310141795353,68.86679655771783,62.51060338710994,56.78577617166032
