,square,rectangle,parallelogram,losange,isoTrapezoid,kite,rightKite,rustedHinge,hinge,trapezoid,random
square,43.188966402092575,51.778388142401845,57.28037026230651,60.017824119012076,58.88275616199296,58.18449436919236,56.54338003510206,60.69360308939215,59.50347022482124,58.17492219189841,64.90493870120133
rectangle,51.778388142401845,44.03775545810934,54.062679646247375,58.666235229585546,61.13322890323388,60.69015771971902,60.17683062348539,59.21694196352812,56.7009055871812,59.25323205382845,65.73232527509627
parallelogram,57.28037026230651,54.062679646247375,46.6554322138315,51.20919259512722,61.09396912181197,61.55889688176634,60.950147837486746,59.392547933219,57.8794203454151,57.06095409917325,62.522882809008244
losange,60.017824119012076,58.66623522958554,51.209192595127206,46.75325283208632,61.922893341724546,63.16640599622326,62.55200644882212,61.083591422246734,60.566390756581676,57.38961411222782,61.275087288902995
isoTrapezoid,58.88275616199296,61.13322890323388,61.09396912181196,61.92289334172453,47.48170586520433,57.507007583090484,55.978249152524825,61.42249966356547,61.50697269760858,55.140697268501526,60.12600546824983
kite,58.18449436919236,60.69015771971903,61.55889688176633,63.16640599622327,57.507007583090484,49.942316983443845,53.19357919510823,60.58985318364186,60.35205953713387,59.90027926801755,63.25061171772285
rightKite,56.54338003510206,60.17683062348539,60.950147837486746,62.55200644882212,55.978249152524825,53.193579195108214,48.71964394502674,59.28721978103657,59.109206962525356,57.40737436776215,62.10537169292145
rustedHinge,60.69360308939214,59.21694196352812,59.392547933219,61.083591422246734,61.42249966356547,60.58985318364186,59.28721978103657,49.31352144227272,51.8119286362679,60.357617203250754,62.064027368610176
hinge,59.50347022482124,56.7009055871812,57.8794203454151,60.566390756581676,61.50697269760858,60.352059537133876,59.109206962525356,51.811928636267886,49.65769415542918,59.747339155556645,62.55423588244102
trapezoid,58.17492219189841,59.25323205382845,57.06095409917325,57.38961411222781,55.140697268501555,59.90027926801755,57.40737436776215,60.357617203250754,59.74733915555665,48.95610935747176,57.15908053456061
random,64.90493870120133,65.73232527509629,62.522882809008244,61.275087288902995,60.12600546824983,63.25061171772285,62.10537169292145,62.064027368610176,62.55423588244102,57.15908053456061,52.316335604055446
