,square,rectangle,parallelogram,losange,isoTrapezoid,kite,rightKite,rustedHinge,hinge,trapezoid,random
square,55.794512671733216,60.027474828843125,62.50584513360029,65.66180596258728,61.059151274873486,61.33812740508703,60.79150537083693,63.754981981210044,62.40997661609724,60.731133748510594,64.2187662976586
rectangle,60.02747482884315,51.73240966364835,55.705319995953474,59.82057322000136,64.95051613068857,62.6757061668784,63.50404023563986,60.94783674231134,57.92209403763573,61.112307091793326,64.93081393867719
parallelogram,62.50584513360029,55.70531999595346,49.583302850961964,54.03727972148817,65.42804083529471,64.73111596419952,64.84365313902073,61.4594911692619,58.50545491889313,59.17968778870553,62.46686705870352
losange,65.66180596258728,59.82057322000136,54.03727972148816,50.00274795791828,66.88247648927006,67.25953507079737,67.50017076821135,63.19069963688174,61.07281566707361,59.96358801533519,61.025733734816406
isoTrapezoid,61.05915127487348,64.95051613068857,65.42804083529471,66.88247648927006,57.05210020783076,62.54363580087726,61.78796252029271,66.53548634014662,66.03268876048033,61.53604450511656,63.58152019183238
kite,61.33812740508704,62.6757061668784,64.73111596419952,67.25953507079737,62.54363580087726,56.85937789841893,59.599759111790384,68.0561318249425,66.94048276579029,65.14089530299216,68.68922942447908
rightKite,60.79150537083694,63.50404023563986,64.84365313902073,67.50017076821135,61.7879625202927,59.5997591117904,55.97380725694007,68.52081129199154,67.58255822398384,63.05750875200769,67.85912408963829
rustedHinge,63.75498198121003,60.94783674231133,61.4594911692619,63.19069963688174,66.53548634014662,68.0561318249425,68.52081129199154,54.87094004540234,55.92065397765974,63.59256107159684,63.62246473211647
hinge,62.409976616097254,57.922094037635745,58.505454918893136,61.07281566707361,66.03268876048034,66.9404827657903,67.58255822398384,55.92065397765974,53.61163353180811,62.14979908721533,62.83913554592775
trapezoid,60.731133748510594,61.112307091793326,59.17968778870553,59.963588015335205,61.53604450511656,65.14089530299216,63.05750875200769,63.59256107159684,62.14979908721533,54.875692937813696,58.71348602021894
random,64.2187662976586,64.93081393867718,62.46686705870353,61.02573373481639,63.58152019183238,68.68922942447908,67.85912408963829,63.62246473211647,62.83913554592775,58.71348602021895,53.84504247245353
