,square,rectangle,parallelogram,losange,isoTrapezoid,kite,rightKite,rustedHinge,hinge,trapezoid,random
square,57.004149349603736,68.1976523648204,76.41782993623974,79.62232363174844,73.22118405022472,74.95227753232533,72.95882453474947,77.49683719198184,74.87179326845909,74.87000831233566,80.44145785811202
rectangle,68.1976523648204,57.447525231133426,73.53849301453778,79.13097008664067,76.91109100841454,78.48631125107545,77.08789656478878,77.11006903337015,72.86312946958913,76.63292067548224,82.59145900236658
parallelogram,76.41782993623974,73.53849301453778,61.74349582142951,68.10446243393396,75.6180364823963,78.01922358311397,76.34620705842734,75.78917510400952,73.12477694542056,72.73083904383701,77.53370094464837
losange,79.62232363174843,79.13097008664069,68.10446243393396,61.802127668803394,76.9172883529806,79.99425550299098,78.49255300556385,77.56036342074933,76.12606362352331,73.64418413303851,76.37488102177362
isoTrapezoid,73.22118405022472,76.91109100841454,75.61803648239629,76.9172883529806,55.9088275880955,68.2980642927041,65.75630254063644,73.67513983560684,72.69879423080431,66.0016709222568,70.7675099126238
kite,74.95227753232533,78.48631125107545,78.01922358311397,79.99425550299098,68.2980642927041,61.12166556689265,64.74584310937347,74.64289862969565,73.72602579431593,72.89226011347657,75.70263164904776
rightKite,72.95882453474947,77.08789656478878,76.34620705842734,78.49255300556385,65.75630254063644,64.74584310937347,58.932333770149974,72.40707212959148,71.39004570425409,68.75068912883374,73.44044920797727
rustedHinge,77.49683719198184,77.11006903337015,75.78917510400952,77.56036342074933,73.67513983560684,74.64289862969565,72.40707212959148,60.87890887164987,63.59598081102792,73.82031245939353,74.6472009305744
hinge,74.87179326845909,72.86312946958913,73.12477694542056,76.12606362352331,72.69879423080431,73.72602579431593,71.39004570425409,63.59598081102792,60.11769526492511,72.34781210214963,74.61788329404233
trapezoid,74.87000831233564,76.63292067548223,72.73083904383701,73.6441841330385,66.00167092225679,72.89226011347657,68.75068912883376,73.82031245939353,72.34781210214963,60.170364817681744,68.65421366074615
random,80.44145785811202,82.59145900236658,77.53370094464837,76.37488102177362,70.7675099126238,75.70263164904776,73.44044920797727,74.6472009305744,74.61788329404233,68.65421366074615,62.13681588365836
