,square,rectangle,parallelogram,losange,isoTrapezoid,kite,rightKite,rustedHinge,hinge,trapezoid,random
square,39.26988687373266,42.54544870376608,44.23568608208864,45.934810249641004,42.29041140168334,41.31780841391566,41.113205248234216,43.28091583553711,42.87499263581618,42.35910664696692,44.55479015802513
rectangle,42.54544870376607,38.546149825428614,41.336354048319194,43.26100913841692,45.06330814063763,43.19475137842532,43.14802013224374,41.70904140506104,40.7002303157344,43.38375624273443,45.55042451475782
parallelogram,44.23568608208864,41.336354048319194,38.884515973916514,41.29743374422936,45.67682744432949,44.81489436221807,44.18768183935334,43.00390831822033,41.99929064211721,43.080680258201376,45.11522954054319
losange,45.934810249641004,43.26100913841692,41.29743374422936,38.46689763047973,46.12089328342378,46.13401813709535,45.71355969139767,43.639203648421045,43.148320951383205,43.19178583841608,43.570352062107695
isoTrapezoid,42.290411401683336,45.06330814063763,45.67682744432949,46.12089328342378,39.90486973747681,42.48307796690034,42.22566142716599,45.338309079518815,45.17560058986021,42.564131219369145,43.87426243484599
kite,41.31780841391566,43.19475137842532,44.81489436221808,46.13401813709535,42.48307796690034,39.56739073677146,41.28271278995759,44.379825833926745,44.09429340928383,43.691049936946094,45.428684453207055
rightKite,41.113205248234216,43.14802013224373,44.18768183935334,45.71355969139767,42.22566142716599,41.28271278995759,39.666258904448696,44.22562452627775,43.84880458540973,42.37278109918831,44.84951846759643
rustedHinge,43.280915835537115,41.70904140506104,43.00390831822034,43.639203648421045,45.338309079518815,44.37982583392674,44.22562452627775,39.417122372612496,40.146407301478725,43.901888602515484,44.87005413797719
hinge,42.87499263581618,40.70023031573441,41.99929064211721,43.148320951383205,45.17560058986022,44.09429340928383,43.848804585409724,40.146407301478725,39.10728866914267,43.43611161841109,44.78285633856411
trapezoid,42.35910664696692,43.38375624273443,43.080680258201376,43.19178583841608,42.564131219369145,43.691049936946094,42.3727810991883,43.90188860251548,43.43611161841109,39.40454755518315,42.22067771878528
random,44.55479015802512,45.55042451475782,45.11522954054319,43.570352062107695,43.87426243484598,45.428684453207055,44.84951846759643,44.87005413797719,44.78285633856411,42.22067771878529,39.855196733650665
