,square,rectangle,parallelogram,losange,isoTrapezoid,kite,rightKite,rustedHinge,hinge,trapezoid,random
square,43.4476154187627,50.22510709475074,63.309775151227825,67.19252717692085,56.87449355061924,56.94894937539539,55.14680459816624,61.836936589084914,58.99387812622231,58.67299037611104,64.91535008873628
rectangle,50.22510709475074,44.621540722184825,60.352870336552016,65.43054111667819,61.120595770405615,60.007711490876765,58.37662427491024,61.102241166088746,57.37167071662674,60.73360750423213,66.74208420852081
parallelogram,63.309775151227825,60.352870336552016,54.07730189556358,59.95830313718795,66.94607439643356,66.50148291902669,65.54669449321946,67.24968676551752,64.1551631833458,63.387228983946905,68.12976512391926
losange,67.19252717692085,65.43054111667819,59.95830313718795,55.24481356076102,68.60388321501453,68.89548331481669,67.96706207908102,69.42832241070226,67.42119438304205,64.2951232991058,66.9369143727993
isoTrapezoid,56.87449355061923,61.120595770405615,66.94607439643356,68.60388321501455,47.86408724651837,56.33916440638892,53.983980174396294,64.19813880703715,62.75183290367403,55.986747215742106,61.22692576532489
kite,56.9489493753954,60.007711490876765,66.50148291902669,68.89548331481669,56.33916440638892,50.72312867140019,53.38294134031754,63.777829382538414,62.08341414759409,60.654487911985846,64.5483363983954
rightKite,55.14680459816624,58.37662427491024,65.54669449321946,67.967062079081,53.9839801743963,53.38294134031754,48.19202912349602,61.88969566676365,60.160316098021276,57.31217923069836,62.70986861261778
rustedHinge,61.836936589084914,61.102241166088746,67.24968676551752,69.42832241070225,64.19813880703715,63.777829382538414,61.889695666763664,51.970755618074264,54.25000135919975,64.44722963049396,65.66154852268843
hinge,58.99387812622231,57.37167071662674,64.15516318334582,67.42119438304205,62.751832903674014,62.083414147594105,60.160316098021276,54.25000135919975,51.10531915612547,62.47408826431,65.05978415034608
trapezoid,58.67299037611104,60.73360750423213,63.387228983946905,64.29512329910578,55.986747215742106,60.654487911985846,57.31217923069836,64.44722963049396,62.47408826431,50.72952651512528,58.80198212797913
random,64.91535008873628,66.74208420852081,68.12976512391926,66.93691437279928,61.226925765324886,64.5483363983954,62.70986861261778,65.66154852268843,65.05978415034609,58.801982127979116,54.57375784623193
