,square,rectangle,parallelogram,losange,isoTrapezoid,kite,rightKite,rustedHinge,hinge,trapezoid,random
square,33.16010462224743,35.97583165082344,37.353465598864894,38.685200226926916,35.03361872630101,34.659272099853794,34.35005771293142,36.11434024646268,35.892132423087936,35.235230149925826,36.78777859811658
rectangle,35.97583165082344,32.935416049976624,35.05141336823686,36.53541116623931,37.43384455172545,36.302130257945706,36.152926898242455,34.9075871074664,34.208468576288574,36.2929741613174,37.8450683294785
parallelogram,37.35346559886489,35.05141336823686,33.23407996699767,35.10997693451371,38.122417238662095,37.55977705576688,37.113000089982016,35.838153109550454,35.145827860799606,36.41850642975427,37.70814589522177
losange,38.685200226926916,36.535411166239314,35.10997693451371,33.28287600487871,38.56504867473133,38.575473815417475,38.27783238687998,36.433508059621076,36.094547493111754,36.72492023699313,36.89862321345369
isoTrapezoid,35.03361872630101,37.43384455172545,38.1224172386621,38.56504867473133,32.93474621679187,34.9929378180756,34.86383206636684,37.24140448676097,37.2018467377668,35.28759852366654,36.012103674214366
kite,34.659272099853794,36.3021302579457,37.55977705576688,38.575473815417475,34.9929378180756,33.156345927813554,34.369259934244155,36.75950156892504,36.62269540051649,36.157656452730045,37.27853254962751
rightKite,34.35005771293142,36.152926898242455,37.113000089982016,38.27783238687998,34.86383206636684,34.369259934244155,33.11698624428464,36.48352842026135,36.29103282974412,35.17163547633306,36.85026746875277
rustedHinge,36.11434024646268,34.90758710746639,35.83815310955046,36.433508059621076,37.24140448676097,36.75950156892504,36.48352842026136,32.79922160351721,33.39802898843434,36.27507128404389,36.96988177969555
hinge,35.892132423087936,34.208468576288574,35.145827860799606,36.094547493111754,37.20184673776679,36.62269540051649,36.29103282974412,33.39802898843435,32.595231424511326,36.000667955871926,36.950365897153695
trapezoid,35.235230149925826,36.2929741613174,36.41850642975427,36.72492023699313,35.28759852366654,36.15765645273005,35.17163547633306,36.27507128404389,36.000667955871926,33.15521019384137,35.16895711066541
random,36.787778598116596,37.8450683294785,37.708145895221776,36.898623213453696,36.012103674214366,37.27853254962752,36.85026746875277,36.969881779695555,36.950365897153695,35.16895711066541,33.26336421046665
