,square,rectangle,parallelogram,losange,isoTrapezoid,kite,rightKite,rustedHinge,hinge,trapezoid,random
square,52.427335264476596,58.06412872402193,60.269927890306676,62.69124740082616,56.205142807189176,55.296328742172555,54.80500692988547,58.709625780117825,58.285040620326754,56.9553776999196,60.33507409808931
rectangle,58.06412872402193,52.04842452050572,56.1338930166052,59.483238517720125,60.80576328694713,58.29447490622775,58.27798082807457,56.715935311769265,55.361041875933765,59.12263559511204,62.42384757877017
parallelogram,60.269927890306676,56.1338930166052,48.786468406102586,52.83924634780557,60.90552599478416,60.332673125185195,58.84628638052919,57.28486418240079,55.90370852041354,56.39454418978797,59.10808252504378
losange,62.69124740082616,59.48323851772012,52.83924634780557,48.35098966747229,61.4722441106098,62.115833309298864,60.99292694548876,58.29934113525693,57.77373563189762,56.62498624294005,56.86674814018021
isoTrapezoid,56.205142807189176,60.80576328694713,60.90552599478416,61.472244110609786,50.54785633473098,54.95876231412025,54.67377823273569,60.24294347440998,60.3617608494578,55.88495624038295,57.60106569364037
kite,55.29632874217255,58.29447490622775,60.332673125185195,62.11583330929888,54.95876231412025,50.27172584113764,53.32734609215476,59.36074122441044,59.32478615948823,58.562098210014575,61.00625684470484
rightKite,54.80500692988547,58.27798082807457,58.84628638052918,60.99292694548875,54.67377823273569,53.32734609215476,50.18049290954043,59.47394216365261,59.23390326928945,55.58327706323109,59.46539095121261
rustedHinge,58.709625780117825,56.71593531176927,57.284864182400774,58.299341135256924,60.24294347440998,59.36074122441043,59.47394216365261,49.899621931761736,51.54263315508896,58.815453203377785,59.57782088694965
hinge,58.285040620326754,55.361041875933765,55.90370852041354,57.77373563189762,60.36176084945779,59.324786159488234,59.23390326928945,51.54263315508894,50.351335261547035,58.30510312912592,59.63270020695856
trapezoid,56.9553776999196,59.12263559511204,56.39454418978797,56.62498624294005,55.88495624038296,58.562098210014575,55.58327706323107,58.815453203377785,58.30510312912593,50.4601008005912,54.36277729924272
random,60.33507409808931,62.42384757877017,59.10808252504378,56.866748140180206,57.601065693640386,61.00625684470483,59.46539095121261,59.57782088694965,59.63270020695855,54.36277729924272,50.08876703594712
