,square,rectangle,parallelogram,losange,isoTrapezoid,kite,rightKite,rustedHinge,hinge,trapezoid,random
square,54.00629247126154,63.39330963586425,69.95182120514367,74.12539823465886,70.37676359003241,68.02206589295996,66.39827959418324,69.48776914580439,69.25124541037918,69.04286872702049,75.66159479658431
rectangle,63.39330963586425,54.42378243715813,67.0517118416594,73.28821932735369,75.89378081908588,72.43576152415567,71.1328303640014,68.19993580763567,66.2983661085889,72.60100642564794,78.34830521588586
parallelogram,69.95182120514367,67.0517118416594,57.49466267446384,63.9092278186794,75.95583172748002,73.5334662938131,72.32703971292888,69.88027151362601,69.12243918353329,69.64701806029255,74.99728235904836
losange,74.12539823465886,73.28821932735369,63.9092278186794,58.26214814144385,77.24945549899955,75.70576272755243,74.58879942855644,72.17851268157183,72.6607092435607,70.03699702746778,73.24383614073146
isoTrapezoid,70.3767635900324,75.89378081908588,75.95583172748002,77.24945549899957,56.90876333704156,66.81895660052581,64.16360788181362,71.89509630566297,73.37493314395192,65.89351360332572,70.88043158145818
kite,68.02206589295997,72.43576152415567,73.5334662938131,75.70576272755243,66.81895660052581,57.99875336487143,61.94930509455298,69.89166268195213,70.97056018318904,69.77445378808703,73.15223345421909
rightKite,66.39827959418324,71.1328303640014,72.32703971292888,74.58879942855644,64.16360788181362,61.94930509455298,56.30275576078029,68.12840387382768,69.08683348615085,65.80857004853216,71.71412298727536
rustedHinge,69.48776914580439,68.19993580763567,69.88027151362601,72.17851268157182,71.89509630566297,69.89166268195213,68.1284038738277,54.771749598719325,58.78881325061783,69.9318396735338,71.03517371431823
hinge,69.2512454103792,66.2983661085889,69.12243918353329,72.6607092435607,73.37493314395192,70.97056018318905,69.08683348615085,58.78881325061783,57.26838417592494,70.68396451581737,73.0202745528873
trapezoid,69.04286872702049,72.60100642564794,69.64701806029255,70.03699702746778,65.89351360332572,69.77445378808703,65.80857004853216,69.9318396735338,70.68396451581737,57.91018772321292,66.65840284524305
random,75.66159479658431,78.34830521588586,74.99728235904836,73.24383614073146,70.8804315814582,73.15223345421909,71.71412298727535,71.03517371431823,73.02027455288729,66.65840284524305,60.24785080532274
