,photo_face,photo_profil,photo_eyes,photo_face2,photo_walking,photo_standing,photo_hand,photo_legs,photo_bird,photo_butterfly,photo_girafe,photo_fish,photo_cherry,photo_tree,photo_flower,photo_carrot,photo_watch,photo_key,photo_truck,photo_velo,photo_road,photo_house,photo_mountain,photo_windmill,drawing_face,drawing_profil,drawing_eyes,drawing_face2,drawing_walking,drawing_standing,drawing_hand,drawing_legs,drawing_bird,drawing_butterfly,drawing_girafe,drawing_fish,drawing_cherry,drawing_tree,drawing_flower,drawing_carrot,drawing_watch,drawing_key,drawing_truck,drawing_velo,drawing_road,drawing_house,drawing_mountain,drawing_windmill,geo_face,geo_profil,geo_eyes,geo_face2,geo_walking,geo_standing,geo_hand,geo_legs,geo_bird,geo_butterfly,geo_girafe,geo_fish,geo_cherry,geo_tree,geo_flower,geo_carrot,geo_watch,geo_key,geo_truck,geo_velo,geo_road,geo_house,geo_mountain,geo_windmill,word_face,word_profil,word_eyes,word_face2,word_walking,word_standing,word_hand,word_legs,word_bird,word_butterfly,word_girafe,word_fish,word_cherry,word_tree,word_flower,word_carrot,word_watch,word_key,word_truck,word_velo,word_road,word_house,word_mountain,word_windmill
photo_face,0.0,75.81445605895657,75.47333074708028,72.64405252971208,77.91585167602399,74.02516066885553,70.55997230046326,72.686767924498,76.09724868058548,75.60646333432543,77.71509578099081,85.24182983746057,73.14914145772688,71.71881180372507,71.40242908365221,78.1242334345716,76.65865187818645,82.77686962774197,85.60521711809636,83.33037623757183,90.59857440253955,81.09123920638896,85.53514117779545,83.49057216136505,71.54928188524363,73.89338227670457,74.18045572125361,71.49848226893478,79.5161023188209,77.91644794621727,74.24620513846747,78.55242661761656,77.34652134687941,84.93297519694524,78.35685268070581,80.16798064093065,86.07655858142287,76.97105332419585,71.13542215780397,77.38688232219096,75.94833589147882,85.56661556298242,79.98599932115353,87.74943777263877,80.01655308797213,77.88537823773646,75.51153249459331,81.78813977911325,85.25672844504987,74.91347573407782,79.44259083696424,80.28954432543334,78.27995981269626,77.89498283772684,74.96690257267214,77.01749866542626,74.68753636084948,88.78845223240033,77.27469524257465,88.7172766055416,81.08695613458873,73.2990962497607,73.77523719160486,81.52966461288372,76.1988714062037,79.31155339662266,80.20513299914934,87.28526012257308,82.93075274320869,78.32900155538033,79.74747080048641,79.97147619450323,76.62438961209662,77.57042562270445,78.13817021049599,78.84665854161088,78.94588085787575,78.20074988492725,79.00084786613296,79.11505563412453,78.68414704318396,75.97810333100942,78.0492999069321,76.92981424169844,78.59930079378756,76.59092744837056,78.90390546171137,76.94853445257799,77.5458607017957,79.55682598253887,77.24762811414583,79.46816401560343,75.48779689521217,77.63847901402089,78.07453198711437,76.07415490894489
photo_profil,75.81445605895657,0.0,82.94020697824693,80.94297612194742,87.02320492420675,84.39363017399238,80.03640800997357,83.85215245812564,84.03529811892109,82.98011651083358,84.98345768225539,92.93815604452703,82.35666424212971,80.73238080048895,83.29102808706615,88.91567570919256,86.84055393336105,90.30133487809233,91.6637669113493,90.17947946316883,96.6778002939077,86.68053838222266,92.19874098234011,89.8719967609516,81.84010490844362,76.74899146106804,82.27603634003417,79.82728708625811,87.4333437707169,87.66044439847927,83.51121745773763,85.72837132786948,84.67781632671296,90.9054120617548,86.84540255630453,88.13693355228551,92.82642429076043,87.44108395979616,80.11526693601662,87.97922564619074,86.86956402867133,93.45698539875909,87.70030388687465,94.57069281043042,88.28232138808278,85.40577837010733,83.54916014285922,88.53526949508733,92.37468006117062,85.72318203668257,87.64083206301535,88.99602437017931,87.82587910198194,86.6005611590358,84.1824963602852,86.63028223832245,85.29509573312563,95.5135859938559,85.9551419129127,95.49784101167683,89.22143044241446,83.94056040491024,84.94614948680507,91.87242651543924,86.20016818156202,87.00241731993412,87.52170935950252,94.08654586832827,90.6540829320727,85.54826706464183,88.36213204240947,88.10280666785877,86.08862567971472,87.13559882392983,87.607737469845,87.79459049435059,87.6145272583198,86.93271051623184,88.61058325867911,87.60225280941539,87.33492785054031,85.21660248656754,87.19584637959454,85.844615213758,87.38587995824524,86.15815614348197,87.92009564153162,85.77704626192721,86.44357040758767,88.89874723294643,86.11452769706128,88.66034110779687,85.27686857162378,86.66293331817775,86.69091191197631,85.73322015394636
photo_eyes,75.47333074708028,82.94020697824693,0.0,73.34304734538286,82.25520256614809,78.8324821488064,76.38387077532741,79.26537308783945,75.89488223188985,74.779019177711,78.75247979001476,84.93920182527837,77.41001506389983,76.2686978609281,78.11363538465363,83.4818750624941,81.264537669808,82.34060869669267,83.9174003479427,82.30541873524231,80.49180402858751,82.63947758485594,83.8235269343534,84.39234038975786,77.1399907236261,78.17022886162007,71.89094214096329,72.29855054352723,83.99853953702646,83.37725954059619,79.13406307900097,82.84083905942589,78.01618453037592,84.836003907088,82.52606298927404,79.58089288739774,86.86032799890651,82.7501721115896,75.8944480799624,82.43023127723754,81.60777787746747,84.93073864576681,78.89353910873125,86.93864589819772,78.41537195137882,75.84639050456425,74.65252978916251,84.79350345449708,87.27206642066844,80.10321719197327,78.8879367196069,83.33441708369662,83.74628970005539,82.60597931749001,79.97917406041212,81.5086423384139,79.71413456014024,89.15177964962193,80.90126179870994,87.6057228352733,84.87750433699568,78.70033753466852,79.40405161079673,85.67193101408752,80.80617674230561,78.60343581679236,78.50967388916716,86.37978124067612,86.97834504865497,82.24118654917079,81.01976651142152,83.96480373779727,78.32968576974766,79.26352495793212,80.12614274985062,79.69457148647308,79.1059964140249,78.43222345677664,80.86663722990463,79.08515423542616,79.07344628356196,76.42972709822944,78.96281914927017,77.30742086505222,78.64830263758309,78.29916907712443,80.35199641609755,77.07299318357103,78.29675604227623,81.15447171730303,77.48310000593197,81.17563569989909,77.54565941573472,78.39632029627275,78.14405410982934,78.00317018759345
photo_face2,72.64405252971208,80.94297612194742,73.34304734538286,0.0,82.22697799381346,78.87662787902094,75.50618614025298,78.37896919722951,77.0583159506306,76.09249111028328,79.45961040535249,86.31141014795571,77.56471050692794,76.76200630251371,78.96764573960843,84.49949220189892,81.98882446185318,84.28717668075333,85.95536629873212,84.03090123211169,89.27941502149771,82.36158103588576,86.33853471294378,84.97386586093626,75.7648312729642,77.53369251013285,75.07491979663723,69.83050074736545,84.13492786908722,83.44655478497074,79.30066285120508,82.5438292880484,79.00798283692997,85.6065345610086,82.68343726503899,81.65536008717194,87.99714141057936,83.51142775979464,75.88323098789826,83.25085110377884,81.8170143296361,87.31624082356338,81.52095756276668,88.54211491608523,81.76259204174535,78.33331060237245,77.14997731341602,84.9979032047607,87.22001091481988,80.9956188896299,80.73074093780366,83.18769125441116,83.80674225134403,82.70397288878354,80.2674334571444,81.9003373878515,80.28002433182097,89.64489028478657,80.82664761670407,89.81653791917935,85.03510705405388,79.46758030898167,80.19008614747898,86.89167523116794,81.75700698210174,80.74626434061217,81.32329711705326,88.2336694153138,86.50076227633322,82.3443517178931,82.21075563638671,83.93631739547902,79.9938035497115,80.95644521052236,81.47310205987016,81.11237033778974,80.91318739340277,80.24459698079959,82.32385288974484,80.93381812513942,80.92868628362196,78.05785540967474,80.70209410822797,79.02105499534795,80.68816330661973,79.91768752950469,81.87625631054465,78.90271280909853,79.94748341092152,82.86178030464397,79.3111567767543,82.65967076751119,78.90273998035482,79.88628767335935,79.63837577245003,79.22887022165261
photo_walking,77.91585167602399,87.02320492420675,82.25520256614809,82.22697799381346,0.0,74.58587783977367,78.7509121565538,76.50463108560191,79.51088239115741,80.58045906485597,82.08780530900513,89.55445505291333,77.2436084591598,77.73854069404837,76.6491102047282,81.62313599243011,81.01286121342332,87.1901654397863,89.56009881106112,86.58174996830904,95.1849680021465,86.60823461267938,90.40516834621917,88.30694726441597,79.60514976274132,80.97385448052806,78.56902798403551,79.15671558016034,73.66505717640284,80.70652482532057,79.76685917030127,80.3744620871062,81.19459260693822,89.39996754461424,80.93283713623549,84.3340415348434,90.54725173181089,82.25217314640497,76.92190344303008,81.21325111547631,81.18833082925693,89.17647996160375,83.79296334480198,91.40609102723172,83.70068321003698,81.92836335599473,79.37801303796984,86.77259206686004,91.0905913440903,78.99332967878382,83.14429851335056,84.45894091468463,79.67501892943214,81.72129624174809,80.87074698327191,81.52990871031717,78.36730479948031,93.438141484352,80.75895284444047,92.66374351267208,85.37044511951723,77.69264873760461,79.38613512936895,85.42952857747838,79.69848046722497,83.13381908476653,84.4674259597982,90.920058949803,87.41999136610438,84.08992700262084,84.65778363697873,86.13433397969642,80.1453177370782,81.28343103197473,81.48537096103527,82.42574788402327,82.72140799374418,82.27115603644187,82.42856330802074,82.57955468236749,82.15110307184695,79.69921481330428,81.29673605672073,80.84078908284475,82.21407158094495,79.94207061054874,82.20575456910758,80.81489239929522,81.37440897739654,82.90364432807378,80.95625564360655,82.54162749241513,79.04630087312061,81.42232399721068,82.39835012760359,79.78368928922458
photo_standing,74.02516066885553,84.39363017399238,78.8324821488064,78.87662787902094,74.58587783977367,0.0,74.67507450797893,72.21614788607478,76.32853987540028,77.44247742858188,78.1554373429427,86.60841981267056,74.2315309086582,73.99297240113206,69.98509827721205,76.04895375521477,75.48263122685937,83.64066152789457,86.67180625120169,83.250895085383,92.49317091647583,83.84826147963162,86.84304502471525,85.02433259556815,75.47204185956159,77.5784612053254,74.7127847153895,75.075467295309,76.6353948845043,73.0334650983306,74.47329792633064,77.592325664755,77.70993901915011,85.79030605214338,75.34908700824933,80.57337727028785,87.06556311708611,78.39923658413394,71.5060244694747,75.07775302626057,76.35219298844274,85.02548057830123,80.61534864679443,87.9446212652281,79.88625489604466,78.97074074017573,75.23974156532353,83.23960698838133,87.82262975582876,73.74149598183025,79.01070760785824,79.76643327009783,77.76277731953398,74.35496974954758,77.22451663192568,76.41074695661507,72.71153792842321,89.41084256950013,75.11482400913117,89.36632948695333,81.5904455130865,72.93548850859257,73.25537897965148,78.89639933667492,74.00966772168847,78.93013545428495,80.460608460594,86.98594486486522,83.3163045322443,79.53172770311069,80.4179063512496,80.82124917531392,75.907726937325,77.04413290303364,77.35801560743582,78.06256417911757,78.80324983413968,78.04754411616013,78.29976656502855,78.58327136810941,78.18650378614178,75.43723198186755,77.19492834981679,76.68143204795595,78.21649386234503,75.92195024362655,78.07495986572702,76.8083773626017,77.2153059389329,78.67763810884912,77.05919142598275,78.60541819901653,75.04082548201045,77.45467097596475,78.20139188509911,75.47106129503253
photo_hand,70.55997230046326,80.03640800997357,76.38387077532741,75.50618614025298,78.7509121565538,74.67507450797893,0.0,72.32522389584372,75.54050960622448,76.1625590388088,77.82087391210217,85.07509901954396,72.06628943460572,71.79024745197438,72.22140767639057,78.58369944837393,77.30144181122425,82.20661967723358,86.24044933773749,83.21494869905081,90.71234239217733,81.66422514116532,85.7140949552317,83.75526948861979,75.1399488493553,75.18772904186729,74.56295475157867,73.5131652873517,79.83688921913395,79.16041314993663,68.49218447590256,78.6170307534492,78.05823734603696,85.16824950986965,78.7989074059163,80.60735875966053,86.53397449286349,78.9548400477518,71.21061995921602,79.03314560753093,77.05347838227533,85.7883971041902,81.23825877963688,88.37130899556692,80.25819924169471,78.95487898431705,75.20186373564343,82.15386636467669,86.23156950903616,76.60670967224424,79.89542353398627,81.00880911329828,79.29268481265883,78.64557981621188,74.29437286875057,77.50214581377675,75.67365251380025,89.46814776960431,77.49128343210445,88.82398333600598,82.07058561343203,74.97497373105574,76.3402845863634,82.72652157623736,77.14227662611961,79.47139742042961,81.00344437704337,87.53916425246862,83.8599339954186,79.2394287247589,80.08697498569154,80.59232126169096,77.08496817689304,78.34201453842117,78.64823421661289,79.1851792302515,79.44374329483223,78.7082823222135,79.57596132953378,79.25366794612984,79.10052048788782,76.58075444266747,78.43649360295608,77.3323451103852,78.99208703952984,77.26202495977037,79.27450982226675,77.33072897427618,77.91223892896663,80.13571671574341,77.8422532311293,79.87370507035756,76.26581644614248,78.21251379964366,78.70994680927556,76.68670834721858
photo_legs,72.686767924498,83.85215245812564,79.26537308783945,78.37896919722951,76.50463108560191,72.21614788607478,72.32522389584372,0.0,76.97540945640792,78.0954333211523,78.98390586152496,86.90630442226531,74.22378201081784,73.4477956270152,71.69391247975919,76.83889606614038,76.72196753492153,83.78024052481324,87.78866430126688,84.66788680516807,93.12309987199454,84.34756791955883,87.88425227717227,85.36642852397307,75.06293516450319,77.16554026738628,75.77203355865304,75.17607432840778,78.33076720986575,77.88664896654804,73.97200391203704,72.40966370528012,78.92676432587541,86.5168488214322,77.98161368783092,81.6130839023142,87.92407035016778,78.52357213727531,72.67257246741691,76.31951540766767,76.36338533294455,86.30577813448285,81.7686934691186,89.34213879247895,80.69749470527412,80.18225652083935,76.52565352267388,83.29150703957632,88.11919023038571,73.43129829273377,80.38095406826955,80.52469696590936,78.32642172318639,77.08354418552707,76.4304515661485,74.61116953310399,73.45752278685679,89.7666153579073,77.2018308590742,89.94783830750204,81.45107341490608,73.99470869509992,75.30636269248123,79.18292053521328,75.8199222120288,80.06927031859658,81.28256013788474,87.90448401538373,83.59670028343402,80.74353150240613,80.80008383384784,80.73559131308271,77.33696836301918,78.75712760130216,78.90072819754239,79.65128271014521,80.00262777506505,79.4039790303922,80.09294041863068,79.93077490316222,79.75779335115335,76.88780549583645,79.04682582636137,78.01750006319566,79.70486614094887,77.58876530163833,79.75084075715013,78.17288886158123,78.54463956059094,80.13551269227867,78.50494885646468,79.98995557356221,76.65297846037417,78.74615663422362,79.48715877172052,77.17091047306485
photo_bird,76.09724868058548,84.03529811892109,75.89488223188985,77.0583159506306,79.51088239115741,76.32853987540028,75.54050960622448,76.97540945640792,0.0,71.92633373033831,75.70760055176888,75.17135224936727,74.79573010560105,74.09941005491606,74.15134739556055,80.01471774313515,80.03558796943216,76.45668885337737,82.14722101840216,80.4509122964569,89.120101251353,82.7440740790257,84.14479974821296,84.65399688133509,75.9020725253504,78.17206508932233,70.87725627325098,73.06141450900576,82.52066876257048,80.77038788513178,77.86954525723046,81.95607749797153,67.32401813562042,84.51522099209231,79.88031862073198,72.99821146733719,86.45188198228108,81.01491128899481,73.65900877309497,80.07142888259612,79.83123075840626,80.65618622911418,77.2523471931518,85.06983010129859,75.6490217693824,76.17215040655769,71.51642286645107,84.62098390177394,87.34721584891868,77.55680161221464,74.98724576372085,82.16292512149064,81.8842256363686,80.94203537294656,78.83612220557177,80.50815210256414,76.81324075100578,89.67554477771522,77.9353210292599,82.15997522365866,83.60990872718509,75.93941674590536,77.59670968883583,83.17975661417606,78.38189674949803,74.6842176177384,76.82007180063611,84.41006129720127,86.08955703528218,81.21715239393114,78.87322256238899,83.41905817913415,74.31505671051485,76.00068162978836,76.22516495810027,76.09902084229117,76.1705244996196,75.89087164986374,77.13109420573788,76.05410316319484,75.84667542470092,73.38549447702644,75.3029470011204,74.38762336562138,75.65539021483328,74.67091445537592,76.80583633279862,74.08515217428867,74.56246887169179,77.64837257286459,74.71811439942911,77.40756468513447,73.91861433478546,74.80666054525489,75.55872626419473,74.27285183227352
photo_butterfly,75.60646333432543,82.98011651083358,74.779019177711,76.09249111028328,80.58045906485597,77.44247742858188,76.1625590388088,78.0954333211523,71.92633373033831,0.0,77.58339982243992,82.5539626141052,74.44075912964736,75.03295493634849,76.34973188084837,81.03055629122537,80.19490606054237,81.16760082048039,83.34230925935648,81.61373969946435,88.68917154528626,81.81224337676309,84.38396220397877,83.20391400559839,76.26276851825396,76.22600125500814,72.61041852365183,71.66626066336079,81.87906621342812,81.61645744099852,77.65186916259765,81.86778149066495,73.94440046159464,71.19684328234575,80.18385863237783,77.45171027181215,84.5239156992041,80.31493275080837,73.23703313397532,80.18839820455099,79.39814807088692,83.57534333117124,78.47336590934044,85.66477187906672,77.49758625147166,75.36102196141663,73.95532657934153,82.79830025960031,85.26772046557521,78.70456150773083,77.77990750284025,82.20696063739211,81.40679288848759,79.5417740794752,78.03732853285172,80.39476964954788,77.77096493477325,85.16980743435013,78.71518009372585,86.52977330013663,83.52498059039142,76.18119871574225,77.69601685845798,84.06789439819329,79.37076770204627,77.59930407129272,78.43549695795413,84.9029349271448,84.94417431498202,80.80410131093925,78.82484806036048,82.1481475613696,77.04870497578787,78.21074188557849,78.62740354070303,78.27430141430742,78.20888923036426,77.46968389116505,79.39635224418932,78.1070859505802,77.72547174174383,75.38218558756077,77.33120488263424,76.381395417068,77.47443571866407,76.82866330813447,79.00290383369418,75.94470271825176,76.75724244542383,80.00072968735617,76.43965888085712,79.74406582483441,76.13200874803904,76.90352857608407,77.386067907908,76.56340600860618
photo_girafe,77.71509578099081,84.98345768225539,78.75247979001476,79.45961040535249,82.08780530900513,78.1554373429427,77.82087391210217,78.98390586152496,75.70760055176888,77.58339982243992,0.0,86.68897365363969,76.65833258305778,76.17019192074889,77.4253592467697,82.26266168507199,81.7962626752504,84.24846861762683,86.97342044825037,85.25313730978021,92.33344372953243,83.27865125351009,87.15129428162571,84.91706032324205,78.15499374435066,79.52765144917016,75.78415661706559,75.98318918008192,83.76246659457503,82.45696517260043,79.17505327672444,82.5196312098765,79.02282921196627,86.362331369035,77.40370288301617,82.14095728827664,88.16381687505248,82.99815295364648,75.41796650322205,81.96332689690733,81.8854501869326,86.93568373537363,82.24150094851697,89.56369337891323,81.26536318156602,79.65578623297698,77.01835681522617,85.2091240809539,88.81661405085805,80.22858089507267,80.7320216204509,83.42198123491437,83.89792911331139,82.23403437642898,79.64687065331721,81.08442103640594,79.49879057158931,91.42446037726074,76.87758277724468,89.63970575605796,84.92530383873921,78.57355726935985,79.56299752386974,85.52798587669157,81.24602553849549,80.67275582507835,81.38597553035487,88.26857118691545,86.67821041648324,81.95647046261602,81.33480892951391,83.99801913398314,79.94808353934467,80.89349613948215,81.38976763097705,81.22501006375259,81.56680743670665,81.00272701739794,82.63332071672464,81.37664891919019,80.95418406606694,78.70180763866153,80.82405752664852,79.68403069042691,80.8911796246652,79.9342855993552,82.0943605185402,79.38396631395169,79.9779588024524,83.09722753024235,79.71157573502616,82.91920528304992,79.06297566476178,80.01440398021764,80.26193845736229,79.5416100371526
photo_fish,85.24182983746057,92.93815604452703,84.93920182527837,86.31141014795571,89.55445505291333,86.60841981267056,85.07509901954396,86.90630442226531,75.17135224936727,82.5539626141052,86.68897365363969,0.0,85.1787611592681,84.48570114402614,83.92264612765291,88.69553390233649,88.5018567494475,83.51594565726074,90.82589522644291,88.50226734223428,97.99608201161404,91.94064175872674,92.45400188906883,93.82912878874896,85.13011219139648,87.84392423633257,77.95968365351675,83.06084898043244,91.23235068807305,89.3290289379207,87.32070789805229,91.32154960205675,81.41465713711959,92.9212859483321,88.89286480434194,64.58989316431298,93.52364377339471,89.17310053537463,83.30355168923818,88.85126664403492,88.67874255549226,86.56364214366361,84.44659278939001,92.5292396843819,82.96408656604757,85.05163491604887,79.95223973428259,92.93113818140854,95.6857303847862,86.47466498985479,82.16566682406864,90.92214479730505,90.65028711623805,89.67501435087155,87.78953776006072,88.8489919506012,85.8294073632939,97.24246404263067,87.22645761396592,71.76605247428564,91.92221726507756,85.31360679640221,86.43467340408081,92.0114909799973,87.47667593191187,81.81517882402447,84.97226041352573,91.79726011246198,94.10101146835976,90.02408229929776,87.21324722110064,91.25221647633485,82.54207641105205,84.1880665982751,84.1473649443842,84.84082188774089,83.18992472423825,83.44764339710164,84.97772641786712,83.04459937373167,83.37610111621008,81.70575165449294,83.08303862643535,81.71751591218812,82.33909437456067,82.5980037495269,84.95786213623524,81.4273664674271,82.91175611501946,85.9922971256273,82.04483097278334,85.37014624567925,82.67884892478519,82.81110742567327,83.39845441926627,82.96535185738213
photo_cherry,73.14914145772688,82.35666424212971,77.41001506389983,77.56471050692794,77.2436084591598,74.2315309086582,72.06628943460572,74.22378201081784,74.79573010560105,74.44075912964736,76.65833258305778,85.1787611592681,0.0,70.76641336591742,72.3021632587958,77.29893832932635,76.75325229927662,82.51603250508532,85.99536202536676,83.06021088035332,91.15992090474789,82.28127887374858,86.05335360693915,82.914442422514,75.52186792223908,75.75378701280972,74.39798739768827,73.78942616533959,79.34177561184133,80.05372984874505,74.80565639038765,79.18029470287071,77.60366783870725,84.2604266705654,78.0940072132156,80.30962578166324,81.89996478103747,78.54956540485962,71.32242950132185,77.6128888998711,78.27279145780498,85.1322557491818,80.67507596883524,88.02747435184749,79.92727670285669,77.99336440512465,74.81258062554093,81.5735894525696,86.65053912222712,76.41314152553295,78.86134030270844,80.1731846448817,79.33942116841301,78.49493432408994,75.57459032639548,77.616205123557,75.16200959807394,88.63488578416032,76.2886784117893,89.27182720619201,79.20647432430981,74.21882039087386,76.00923473759512,82.62321577934911,77.65037979682418,79.35800178218626,80.43446969602302,86.58368273545899,83.54039290195482,79.27253520513791,79.84456019632132,80.48479616330073,76.62754338389341,77.99760588905446,78.26775854084319,78.80272081386946,79.05365827323152,78.35999996533482,79.25068596741896,78.99324421431176,78.70488393472623,75.76801996158926,78.00438201294851,77.0742226130507,78.57731462406974,76.56297811818318,78.935625937795,77.26821078509352,77.58008665357987,79.74914813819767,77.51631117438457,79.47525411556556,75.60702386292283,77.85342377319225,77.98244793959826,76.30731239472365
photo_tree,71.71881180372507,80.73238080048895,76.2686978609281,76.76200630251371,77.73854069404837,73.99297240113206,71.79024745197438,73.4477956270152,74.09941005491606,75.03295493634849,76.17019192074889,84.48570114402614,70.76641336591742,0.0,71.39211739356134,76.16675583654586,76.66057809113927,80.71380730870864,84.93672561193867,82.63925921197354,89.32186452307792,80.38835724235383,84.00502899004539,81.5767831844759,74.57626541851408,75.45168813819753,74.1243453256406,73.48758066443624,79.43685966386973,78.94380641109066,74.86719345812229,78.67091269933431,76.5387397462343,84.09365957599269,77.76142710098947,79.3686415696325,85.18530128636728,74.99035169071543,70.88792263044415,77.12188185309503,77.18094016407517,84.58400073423951,79.71644737896817,87.42885051405362,78.89535508935093,77.57575288738448,73.90490555614751,81.23648382021032,85.75928422603825,75.10977949209176,78.55313369199268,81.1407021201057,79.26184776987844,78.01504184841386,75.04021896010576,76.62440105465343,74.46664148404315,88.6121486892934,75.8855478190771,88.52356588633451,80.3281950905556,72.02946864600104,75.4622925244647,81.22581780154802,76.56703298548771,78.59777875379427,79.57555477352612,87.11314152673478,82.5081595134682,77.6666684551396,78.36657368576255,79.9136891702788,76.2831397204374,77.51225347466789,78.00038502783443,78.66122253162034,78.59329243288364,77.6980209869331,78.90406520786505,78.38460628364325,78.43154686726349,75.34339183709324,77.78950976013408,76.55998421522338,78.09284438683301,76.54397811097226,78.73307513893974,76.58790457969374,77.15399382426946,79.62656095390533,76.72775788328748,79.075489055291,75.56680501724479,77.46771847370836,77.64287644419005,75.9650768706906
photo_flower,71.40242908365221,83.29102808706615,78.11363538465363,78.96764573960843,76.6491102047282,69.98509827721205,72.22140767639057,71.69391247975919,74.15134739556055,76.34973188084837,77.4253592467697,83.92264612765291,72.3021632587958,71.39211739356134,0.0,69.37115767052458,73.30831176361025,80.260739041993,86.4615459953456,84.07349082444041,91.79664406662404,82.69788393352623,86.1925836806876,84.174110758498,74.96780597589071,77.22254845385915,73.91788387489248,74.89156535241068,78.8445961519737,76.0069836804829,72.6842288565661,79.56496550164825,76.64260022041482,85.29825086589562,75.70284644820933,79.5631522498287,86.2646033763791,74.70491299794729,66.60335701115909,71.47045081138474,75.12681086671451,82.77756442788053,79.94975367577918,88.76539614587844,78.75857917062756,78.24404720632657,73.72314180254541,82.85141067350456,86.59755911313606,70.32519289019606,78.12865393495164,78.87361874099012,78.66386870477605,75.53819324556746,75.33819281333305,74.4874795736322,70.52581985334628,89.29045021815783,74.57036894185751,88.2582108185001,80.67657034085772,70.27960344931537,67.8073146637996,74.88912417643782,72.47105956692667,77.16497227322769,80.07388730629481,87.07289457373516,81.98016923857325,79.15258915433672,79.11244987230698,80.17672438941237,74.27860351742507,75.8080198520405,75.78345292961927,76.95884711793413,77.35521166406548,76.62211246141106,76.92887898632947,76.95842485248701,76.91037296121524,74.02951125474551,75.81472211810477,75.17780795854873,76.83452195262583,74.37177852145275,76.77065806070546,75.40270968093975,75.72120581121389,77.18210360272836,75.59126266195436,77.05194987379132,73.63732789728613,76.11059050017651,76.89402453131252,74.20753775224017
photo_carrot,78.1242334345716,88.91567570919256,83.4818750624941,84.49949220189892,81.62313599243011,76.04895375521477,78.58369944837393,76.83889606614038,80.01471774313515,81.03055629122537,82.26266168507199,88.69553390233649,77.29893832932635,76.16675583654586,69.37115767052458,0.0,79.00456683163887,86.35503384037737,90.95116355466415,88.88853283748708,96.26649590396208,87.65708561563822,89.97868435206745,89.29726222599938,80.55146531959217,82.61028522673718,78.72691843540913,80.79095362157149,83.37363120974705,80.49194006204043,78.73370476089728,84.4455039922093,81.83530793588875,90.11101063468584,79.89300249150793,83.79225422924966,90.73109363643572,79.02616898709465,74.31802586113055,59.221199855959576,79.67555617163335,87.09252806983103,84.52018542388404,93.30754708993375,82.96552448129053,83.39535538945145,78.819718361959,87.39722791606219,91.36269434089311,74.54162282100782,82.63723497354711,83.44471566397262,82.90102437594385,80.42657975000886,79.61409440222158,77.89161249720026,74.43857327884187,93.71452999490928,78.3965745825888,92.25219291537705,84.10897329529642,72.76877840986128,73.59940803349791,64.70529240415893,75.69211332680523,81.88353101974832,84.18243431154703,91.58589165723559,85.95850947462243,83.87600678838548,83.14903298255842,84.84597033171269,78.34211157402257,79.77122154580249,79.8320014819603,81.1256632397752,81.76757244692553,81.27586048519966,81.06111849816547,81.52440271726697,81.15786955792933,78.70386058415002,79.99841502316066,79.98856151266519,81.25789742719205,78.45474889917517,80.89179169520555,79.7574473996497,80.10223620930901,81.24399610908524,80.21668398127089,80.78031625515075,77.69955920850337,80.48753787095187,82.12065999262164,78.36186860861888
photo_watch,76.65865187818645,86.84055393336105,81.264537669808,81.98882446185318,81.01286121342332,75.48263122685937,77.30144181122425,76.72196753492153,80.03558796943216,80.19490606054237,81.7962626752504,88.5018567494475,76.75325229927662,76.66057809113927,73.30831176361025,79.00456683163887,0.0,85.8057341460286,89.18640920282267,85.51605840420031,94.62539130320881,85.90417550237217,89.83380151650613,87.66706553967579,78.8451360972533,80.09132181963672,78.52350419341433,78.15249397752322,81.85215221939929,80.84407876154403,77.68625411513527,82.65457759469453,80.81814981043935,88.79370742422,80.99310537205419,83.74510253039023,90.12997051819056,80.01690587290847,73.9335796803379,78.49673425537159,72.61796494545146,88.33259545641374,83.68481192978352,90.92757014134098,83.14455901118806,82.0719397136988,78.68491374519613,85.3865684382978,90.24608645040738,76.8267757035911,82.80291517108346,83.69754391667131,82.02596406156869,80.5293548332435,79.16282704821298,79.01468470465174,75.84605211679369,92.32339269221892,79.43767924373515,92.10140711283377,85.3621972909131,76.25514459726125,76.4168974685645,82.24745498265239,73.27018746102424,82.4076660097176,83.97294473629834,90.49346024215221,86.50554815536756,82.77570485649665,83.8792143899276,83.5644275136529,79.3557726321944,80.73451092274568,81.17608627552025,81.58820965214552,82.1125788710846,81.57020507639241,81.8734275456261,81.78840432575844,81.82489261332067,78.69087737105318,80.91351588987366,80.05436710841866,81.51894294656336,79.59001782930613,81.90221651945208,80.1694183383217,80.65533558322186,82.3344089614869,80.31901530545365,82.01341099155376,78.56357863941317,80.92332204623615,81.17451940495769,79.22744612457767
photo_key,82.77686962774197,90.30133487809233,82.34060869669267,84.28717668075333,87.1901654397863,83.64066152789457,82.20661967723358,83.78024052481324,76.45668885337737,81.16760082048039,84.24846861762683,83.51594565726074,82.51603250508532,80.71380730870864,80.260739041993,86.35503384037737,85.8057341460286,0.0,87.89095514996478,86.92331377524742,94.2373805491611,88.60606640286326,90.15806320202502,91.05442668277097,83.3828543641316,85.8832815335246,74.8474997979283,80.41795693686154,89.39613584895741,87.739882623252,84.70374197953541,88.49216060765362,80.46782045010379,91.86395260740248,87.46815948456486,80.87232963344259,91.33254611283532,86.79181720456805,79.93851609577563,86.4489812983983,86.60975379988393,64.05726090108958,82.46925574664934,91.86916150996497,79.44647105974332,83.09828250637332,76.30527696685996,91.07778274027139,93.95916052434359,83.50996805377342,78.32503633596232,88.78887361174493,89.09037002232886,87.85214582825392,85.73531811214015,85.89531449428499,82.4930106878431,95.08345369690245,85.10532329085159,88.31621493831567,89.11748178314929,82.63972938998965,84.01217925881271,89.38113950268273,85.22638203264972,67.80819515021815,82.58015750691894,90.53800959787259,91.67682140332626,88.01782515784095,84.61242070387739,89.5590825653758,79.44220813296722,80.64133187580146,80.89167948344932,80.58904116695754,79.837997321543,78.91905362021853,81.63382788104165,78.85085581165295,79.18394730903695,77.75310377323096,79.37660358462868,77.63558318344384,78.87496168385462,79.10155617561618,81.386958831618,77.57343110277431,78.87448069576132,82.05147737148916,77.95114219793216,82.06524283721991,78.5511085594941,79.01410684333212,79.3944497577653,79.1950923973961
photo_truck,85.60521711809636,91.6637669113493,83.9174003479427,85.95536629873212,89.56009881106112,86.67180625120169,86.24044933773749,87.78866430126688,82.14722101840216,83.34230925935648,86.97342044825037,90.82589522644291,85.99536202536676,84.93672561193867,86.4615459953456,90.95116355466415,89.18640920282267,87.89095514996478,0.0,87.73227301810066,96.09844067838858,90.48383936425755,92.08440411170223,92.61298044708286,84.3230818231463,86.648895241772,79.63240063109237,81.40975110116383,89.96390435444157,89.17030439335365,86.8009759796222,90.17876339265604,83.68844255854822,91.945950342485,89.20467721747391,85.04280801724309,93.21963392510904,89.28582446123866,83.04191469845019,89.05479491098045,88.61241375990437,90.01953826885511,73.32530511063489,89.97648328113988,84.70350138079792,82.34949000324559,80.28578746823523,91.68693727937301,94.69343462095804,86.86332756314918,84.69168304045945,90.84893303138243,89.74549141069618,89.35503669466112,87.61905838699285,89.19597163863904,86.37171035978629,96.16395488661722,87.78238684802164,92.42392368617877,91.89778846664956,85.26963985291644,87.20144926700847,92.88520536472929,87.97697817752544,84.23985639592156,74.26398053025076,90.53575661805277,94.28801339280584,89.29777770110069,87.7576748843867,91.03334750245169,85.2623706460726,85.94734118343369,86.98372192565428,86.37155887920417,85.17290733273389,84.89173790431461,87.43302484295269,85.30299097495867,85.70066441660916,83.01178609618938,85.47086856885964,83.85186987526275,85.08672237222662,85.22398092068303,87.04651092442198,83.58103091575425,84.5280235299973,88.16121054476608,83.6858307888969,87.78332893525635,84.2850821663937,84.79193635244854,84.38889885003597,84.9219874640986
photo_velo,83.33037623757183,90.17947946316883,82.30541873524231,84.03090123211169,86.58174996830904,83.250895085383,83.21494869905081,84.66788680516807,80.4509122964569,81.61373969946435,85.25313730978021,88.50226734223428,83.06021088035332,82.63925921197354,84.07349082444041,88.88853283748708,85.51605840420031,86.92331377524742,87.73227301810066,0.0,95.47539180980785,89.50960365105591,91.40589892740047,90.57601434512817,82.54792115473752,84.74997863574248,79.43166349662307,80.6130766404618,88.63559325020796,87.66814256294869,84.58430403845001,87.90810039319166,82.7209118959816,90.5999682374579,87.36378971061438,83.98242986700077,90.3773313639992,87.89822204422038,81.77944734410212,87.44928066515197,85.95238882933516,89.51261215920617,83.28348101174932,72.92721882382425,83.75225685304628,81.90514775193354,79.95909774680854,89.6295274611995,93.25181940783858,85.61810872869053,84.09143454899721,89.22368279036976,87.97137690420425,87.68775224984535,85.97874368866785,87.22259627521946,84.60677189753868,95.51274483564087,85.97412100562646,92.49472419145148,88.95453179498638,84.19432694407632,85.57085762096865,91.40125855646265,85.80107516641944,83.87935846020139,83.59791895129214,77.52521233211105,92.33846590548221,87.55557147343734,86.94913778242945,89.27201134178905,83.07765184459127,84.2412717034797,84.79507329383628,84.42678261950014,84.65962750649808,84.24533088381668,85.44821280663959,84.39743978773801,84.09502195665368,82.1940442102957,83.94291848805625,82.82412817747809,84.0044871192045,83.42055732055553,85.2070160381521,82.73910166054637,83.22880613485832,86.17419760408816,82.94472677553777,85.61350406276733,82.45362749932153,83.38732235812226,83.44103625956268,82.953152661789
photo_road,90.59857440253955,96.6778002939077,80.49180402858751,89.27941502149771,95.1849680021465,92.49317091647583,90.71234239217733,93.12309987199454,89.120101251353,88.68917154528626,92.33344372953243,97.99608201161404,91.15992090474789,89.32186452307792,91.79664406662404,96.26649590396208,94.62539130320881,94.2373805491611,96.09844067838858,95.47539180980785,0.0,95.09652016137746,94.89879756605481,97.04066945643653,91.53954034676165,92.95227911138971,88.70007064289901,87.87337498845643,97.46050150292399,96.54838168732167,92.89306395781783,96.47823151517524,91.67547897860983,97.67654788024394,95.47137504414378,93.81521951026778,99.54282314532784,95.10324682312769,89.37273476728414,95.53882977344368,95.27861943266988,97.64173185012925,92.97326262904475,99.43128066591997,90.31943745173221,89.26882110416297,89.0567465346012,97.10812879948905,100.8237423376889,93.82457636889214,92.79446338175879,97.36250872471001,96.80610209814365,95.59080311665213,93.70405740176898,95.3648428825628,93.3002153776736,101.79001777572599,94.428176988597,100.66763041242234,97.86378623865428,91.9670130948119,93.19786577546957,98.64976825190715,94.38154086021667,92.88009583013694,92.72430410030543,99.02516756487907,98.34532389623526,95.43291287647446,93.37488796872675,97.22071043094958,92.17428989366414,93.07908074660598,93.56668501391626,93.33024385972621,93.01150503095708,92.45132663900999,94.33270810744868,92.75023456576368,93.0411190401206,90.59176600628807,92.71217619921262,91.48262139946192,92.44761608430919,92.15846081742484,93.84431573841078,91.3292890945078,92.18344479860768,94.74770732153642,91.60008624653318,94.42775767857786,91.32777054744489,92.33312858744065,92.15170312248956,91.79364948020087
photo_house,81.09123920638896,86.68053838222266,82.63947758485594,82.36158103588576,86.60823461267938,83.84826147963162,81.66422514116532,84.34756791955883,82.7440740790257,81.81224337676309,83.27865125351009,91.94064175872674,82.28127887374858,80.38835724235383,82.69788393352623,87.65708561563822,85.90417550237217,88.60606640286326,90.48383936425755,89.50960365105591,95.09652016137746,0.0,91.20622170692408,87.38397278810763,82.5693343094705,82.97902982197053,81.75752833034633,80.99396091932988,88.02210753063049,88.15244721692584,84.31843994586627,87.61326905685878,84.60077424137826,91.20436976651598,87.06476909456657,87.29572152894023,92.00531433455858,87.32936590985094,80.45286582267656,87.29427816660015,86.77541271340218,92.01273447365787,86.39175658467293,93.46165555825192,87.09271758659882,82.18862354925928,82.31167351646084,88.21357963957304,92.36662300718305,85.58308961943624,86.74737524874332,89.39754311444337,88.10727787592212,87.0521530096394,84.19331306140104,86.55394290103207,84.97345810287675,95.5003618610621,85.94604148624714,95.31516270768466,89.43978716684911,83.71441047008099,85.20653648449485,90.80461832828094,86.3740644195052,86.08434150768495,86.67326927580962,93.64189717461568,90.0936530362363,84.5786720601894,87.25115861149219,89.02737532201326,85.60756669913947,86.64623321306021,87.24080720290384,87.1340481068259,86.6576177214745,86.13366229561414,88.01600191329078,86.6138710935784,86.57825516202784,84.29281452356899,86.37620120305647,85.14478260332518,86.29574235604593,85.61962227027374,87.72380863451828,84.66981492192977,85.54113928598768,88.45929837366347,85.02137875564235,88.24112627067765,84.68986856302656,85.75446715300268,85.98780872876301,85.18750154636149
