,photo_face,photo_profil,photo_eyes,photo_face2,photo_walking,photo_standing,photo_hand,photo_legs,photo_bird,photo_butterfly,photo_girafe,photo_fish,photo_cherry,photo_tree,photo_flower,photo_carrot,photo_watch,photo_key,photo_truck,photo_velo,photo_road,photo_house,photo_mountain,photo_windmill,drawing_face,drawing_profil,drawing_eyes,drawing_face2,drawing_walking,drawing_standing,drawing_hand,drawing_legs,drawing_bird,drawing_butterfly,drawing_girafe,drawing_fish,drawing_cherry,drawing_tree,drawing_flower,drawing_carrot,drawing_watch,drawing_key,drawing_truck,drawing_velo,drawing_road,drawing_house,drawing_mountain,drawing_windmill,geo_face,geo_profil,geo_eyes,geo_face2,geo_walking,geo_standing,geo_hand,geo_legs,geo_bird,geo_butterfly,geo_girafe,geo_fish,geo_cherry,geo_tree,geo_flower,geo_carrot,geo_watch,geo_key,geo_truck,geo_velo,geo_road,geo_house,geo_mountain,geo_windmill,word_face,word_profil,word_eyes,word_face2,word_walking,word_standing,word_hand,word_legs,word_bird,word_butterfly,word_girafe,word_fish,word_cherry,word_tree,word_flower,word_carrot,word_watch,word_key,word_truck,word_velo,word_road,word_house,word_mountain,word_windmill
photo_face,0.0,72.06075330680504,75.97679101034555,70.19026231130701,70.00732417000542,66.40421377943183,79.87820724071875,73.79791077246445,84.7512973213464,82.15208870362149,82.83872238790158,88.09591382227856,76.65817798631171,72.08326539523787,83.97143124861972,72.32077939112348,72.98202805234473,83.16071975999496,86.7889728767367,80.04745918105236,79.20241350128514,79.74967119447295,80.37503275658011,86.568264424569,67.21065864587015,70.49826648217835,82.87803734766791,68.9239098330388,72.87400410314724,72.02087564000648,83.26085995935827,74.71246345644447,96.47842769594511,83.13028322202214,76.63782317427044,81.95739525082035,77.63244954382962,77.4035570276106,76.12055758703086,75.2534469427196,76.9960383239121,77.73983907295576,79.9071539722012,80.54633452712568,76.68723753278177,74.82844194071131,72.58751854964669,78.51699363957093,75.29436830103293,75.3604009621895,75.82023857191433,77.13260793926545,75.92353891194351,79.1062441819838,78.4069756643505,78.3256839204402,73.31833546570425,78.10919331583744,75.97223791030916,80.74283130679862,74.24604456047899,74.71800294573332,73.82275352956177,73.75630966061398,74.43390911709164,72.01558663555608,81.56206582521622,73.44901667398729,79.75716216417014,75.00325913393945,71.06751511348503,77.90744031984988,66.2280602762242,65.85734537433581,67.56837080616761,66.01975551824724,66.54339043819901,66.37394082665661,65.41252918806948,66.94614958851275,65.7128738511751,66.2172410942007,66.10761054328736,65.85043426701854,65.95819381859361,64.73375456175299,65.65759216569522,65.50236803049164,65.1166071177472,65.53463138538433,66.42449329568196,66.72062875882828,65.15129980551613,64.71036129604923,67.28712784853454,64.62053724121166
photo_profil,72.06075330680504,0.0,81.90266535870529,78.13950006834393,77.67788800836907,75.33162375220988,86.63377391695941,81.77455850805687,90.04263861586563,87.05843152505238,87.81544785175423,94.0957994798113,83.86686479951886,78.94544738313677,91.54286444121593,81.06534062440143,81.54304539308781,89.1997586167989,91.83849675808027,84.9281620492351,84.18085306930898,84.20546007721859,86.0155878509307,90.77994524871663,74.92703735445397,71.76108316407564,87.95555861446528,76.98924410464022,79.54724123200312,79.10770146776356,88.80536283786186,80.22434130901273,101.02373981181967,88.12041684669059,82.79774337791247,87.9034862844091,83.43395552164816,84.30796677785298,81.56136596754047,83.03067635259801,84.626598649926,83.47072302828347,85.59028532839311,85.60895046387024,82.78967241190384,80.65316058029362,79.02758910930157,83.85950397169627,80.93289273865489,82.07432321869706,81.67804699806167,83.55942760312847,82.4428635547981,85.02173714895366,84.66997295740643,84.73671527486222,80.38171033282737,83.71807442155435,82.10113719999643,86.6000026223585,80.09357595186145,81.65855406788084,81.8063255112103,81.44695109397273,81.78641672350577,78.37782657808926,87.47473672070106,79.6463741124454,85.95661924361936,79.91023190857331,77.89624720410467,83.64224701608785,73.54292582985006,73.13541064037402,74.90771463412571,73.12141521526598,73.22597832999541,73.18063135452084,72.88265199399805,73.63352066401382,72.58948214119062,73.12118260637902,72.99171791316152,72.81124397219406,72.9003137447831,72.17385494475015,72.92559715135772,72.33105024465688,72.08815628023922,73.13246019124146,73.22031053140685,74.04206157066959,72.68342810250464,71.82572336896729,74.0798308573792,72.07268825509834
photo_eyes,75.97679101034555,81.90266535870529,0.0,74.34807265108603,76.58433660391196,73.81560585760178,87.35964567408188,80.65508767051782,86.91888970461969,83.69920917352165,86.297160773591,88.87594781084294,82.09725253726002,78.67364481631532,90.33683568698919,79.63735824629828,80.12737299658522,84.48242759443616,87.28661920173595,80.76277523593018,72.6936392573479,83.2730879325871,79.99950479418123,89.67943474654797,72.60167240201876,77.65593477838084,77.20390217745357,72.8889445137559,79.45217875092251,77.7976787355327,88.87822164210337,79.45820754349616,98.39955010680899,85.81149734364085,82.36729811984074,83.77608446636796,80.27741782924983,83.28372080573541,81.44229688647464,81.54132125281994,83.05726049517844,78.74491734042506,81.15827126029257,81.11968474758464,77.41422205170913,75.57677049947718,73.98969271788835,83.82342377544502,80.187134573345,80.62097150687364,74.85250217798384,81.14356511481104,81.63676513724691,84.79520752634187,84.61344953271629,83.0510703458523,79.1654253742525,80.23548728153482,81.47430343684836,82.68896218242799,78.78267917454382,80.38522105659642,80.52804351632307,79.57756099609536,80.15581549747198,73.56754439679736,82.66356785521154,74.94829292743475,85.01157396911219,80.10864323370336,74.13813932213368,82.88299356629676,68.84245065885202,68.48150712032916,70.27578507312192,68.246725625613,68.21582850112362,68.20990326571514,68.15560842126678,68.65119365444419,67.53434997545335,68.19131334845885,68.32107453387536,67.63214555693605,67.71091883641563,67.6086576839908,68.2515580175013,67.36927603308612,67.43504274118219,68.34384255110577,68.24715446994847,69.4254266877103,68.01913992689491,66.93281484959192,69.59575009550655,67.34106861673321
photo_face2,70.19026231130701,78.13950006834393,74.34807265108603,0.0,74.32771634120094,72.08493218244024,85.1702860527797,78.58954798104642,86.53986089711344,83.40681421094773,85.15842280875542,89.96320034327624,80.10880920715005,76.86143221805833,89.29682671380336,78.32413475544988,79.2144787856172,84.89204242483716,87.99516265472027,81.03285916429819,78.88577969539358,81.41350552897794,81.4129016615213,88.26163110047347,70.66636606914163,74.69656507063218,83.4828279266674,68.44197788190739,77.44010708741527,76.6323365134958,88.50048623122272,77.46427812848057,98.1035772950874,84.57897254255158,80.54645213005445,83.61373603689033,79.21952017688064,82.24332708295807,79.50824100147058,80.58013545482103,81.96151730421933,79.3521019925739,81.60445841398858,81.83658060302209,78.04277504335286,75.99030261133362,74.43625724140148,82.13464192805318,77.59785717400996,79.80376056936302,76.49737791483955,79.47370080086314,79.6337073579043,82.70887689135063,82.94095606719104,81.75867648358637,77.6939065442203,79.04038877432943,79.76829741814589,82.2956188632028,77.1214485233059,79.23230645326505,79.09864178552385,78.78849144085292,79.06131343657074,73.8047365856996,83.09778411352981,74.92655780073399,83.06159306393559,78.12932978287591,73.31706600246089,81.65888533022839,69.28249537878523,68.94904980465226,70.4334271758613,68.45361702408256,68.49225648917896,68.29130571775887,68.07180502401724,68.87949974577481,67.9982421489995,68.15040096019557,68.68232303014726,67.93414177464072,68.04715767335014,67.67323622329074,68.52098297132507,67.4196668099143,67.51455462163156,68.5653268388481,68.38416828321118,69.5756298814569,68.06764902817109,66.83570038055116,69.26237164689447,67.4004089072499
photo_walking,70.00732417000542,77.67788800836907,76.58433660391196,74.32771634120094,0.0,61.386502997133235,80.40726639997274,69.77753186700403,80.74790322029853,80.16599706476345,79.84782120810927,85.96892495747262,74.03355030311133,69.51435489131966,81.58386596458664,69.00833144345621,71.45964363749404,81.30600976469998,84.45659198788829,75.99458187813613,76.93197148960421,77.98993322977124,77.83914971922285,83.65586409141687,67.00732667405416,72.07593970991668,81.39187550631618,71.47018050148587,63.430075796377984,67.51163576391957,83.15485031034493,70.35454888108484,93.50010871072585,81.80915032241798,72.28143630701676,79.26003178300643,75.67269329940535,75.32858290473841,74.15629991461479,72.00900510829807,74.81368625018646,74.75909861571301,77.38965671767151,77.66781104164943,73.93537236900029,72.22297291651836,69.47369562400492,77.24924309163494,75.532990548265,72.64602123766991,73.64901392129629,76.47681267975142,70.53515123237017,75.01991556405416,77.52776411901795,74.97009733752006,69.57483082976538,76.16591181452107,73.05068205538558,78.864634563046,71.16211951645793,71.32629191753539,72.24733639743289,70.93978236341782,71.79089912822673,69.25846418929419,79.50243299699439,70.98705677116517,78.03079163666901,73.59176097342326,68.6746635367898,76.80496566191835,62.94991640780943,63.09826340745898,64.38710092226141,63.44661393919825,63.60598831952298,63.7011681400583,61.9334990443112,64.08259583078934,62.86012566632806,63.63336590021733,62.83644382142711,63.00720162867269,62.92912512416689,61.551392723349394,62.61429365135054,62.36022020928892,62.39129634064023,62.07998299086344,63.4433201995985,63.04363597704429,61.80654352167148,61.884980695391576,65.0484852510016,61.60427322640335
photo_standing,66.40421377943183,75.33162375220988,73.81560585760178,72.08493218244024,61.386502997133235,0.0,78.36310594855877,67.01143239602894,80.0232133297346,78.34976172316723,77.61853696656401,83.81130391580898,72.53868953859191,67.0289617245306,77.39395261513825,64.88955422464495,67.32396982230087,78.29004824498898,81.98079604027673,73.9429370658793,74.59758919822856,75.68658570926755,75.72209163897013,81.71809558654994,65.01958359738272,69.22237814821777,78.84888380920663,68.40097934807689,66.07546372444904,62.0184901042102,79.81282216452912,69.00005163486854,92.38774744370275,79.30393410477691,69.50045926470973,77.16862813964265,73.12788601773175,72.55722027797741,70.34286958730364,67.71431341388423,72.052825726983,71.52055671912292,74.7709831508995,75.25598312613147,70.82021309670004,69.8696151673976,66.71199801985017,73.93686072128301,72.46128231312402,68.74431851431153,70.1386372842435,73.19422659782833,69.16474528169192,71.36449322480017,74.71212040312449,71.38039605512175,65.73335518724018,73.41137008824579,69.51523928906091,76.067525746877,68.5772954660617,68.13900937513569,67.95147831998841,65.66026671637873,67.64953154665956,65.69674502881783,76.61327663402263,68.0190081939886,74.80131294380668,70.4402318884206,65.37684916712838,72.8971830265101,58.822999346196525,58.811728284251906,60.173418260158584,59.33919040895254,59.83861529767689,59.799414854286105,58.00132978782746,60.194049835301904,58.72697002252811,59.42114304128408,58.70266235561427,59.159141555161185,59.28325928927132,57.382230924964816,58.45640148678509,58.844614828902046,58.416155851803765,57.93349593079054,59.87370096135414,59.04914581130519,57.70865084067127,57.871998362513914,60.874167817602114,57.25288752354656
photo_hand,79.87820724071875,86.63377391695941,87.35964567408188,85.1702860527797,80.40726639997274,78.36310594855877,0.0,81.48094400815724,93.21281384996068,90.19990304044414,91.63489599473392,95.92888426432502,84.29711120416329,82.18953334707635,92.12626718633976,82.45899424271406,83.93066086727436,92.38194744781684,96.05764941980246,89.27559910730265,88.99388867850789,88.84108974366379,89.25170130599874,94.76122972609086,80.32210375720797,82.94854788112008,92.37470400032251,82.782810001604,83.13392972178772,83.06420272689279,77.69235634971818,83.3173532117979,104.32141153605562,90.99372468896004,85.09291088835559,90.89972844333188,87.5172237694681,86.80562312161332,84.93431060174977,85.5838413207704,86.48163038543352,87.7906608440772,90.18122505928079,89.95171535786936,86.60575401752916,84.89180967400688,82.86583218029332,87.78693126092395,86.60554234037899,85.24383447233306,86.15858093248097,88.20122284079034,85.29919755248275,88.54522110145565,84.40040502372408,87.91173958693005,83.55809060627409,87.86049476808392,85.4850367315896,90.10809971737662,84.00648781460433,83.58373606372051,83.46969508734355,83.81737731368798,85.00787301997771,83.04891210734142,91.64593998759744,84.24206325128289,90.13087977409342,84.81265957626593,81.74249279342604,88.270587102654,77.99935800971564,77.58716261719796,78.88407732692703,77.56784126596865,77.8724764466455,78.23137398946263,77.19248969540102,78.46189454904096,77.38302696425603,77.69735304469748,77.7063797838289,77.60459625414394,77.63946503566909,76.64901656035947,77.30718133847365,77.16866933844867,76.99260357284219,77.44186414077387,78.07344401246758,78.27890263562016,76.8328001350477,76.70411857455676,78.71628620221803,76.39645644895664
photo_legs,73.79791077246445,81.77455850805687,80.65508767051782,78.58954798104642,69.77753186700403,67.01143239602894,81.48094400815724,0.0,85.53189390245188,85.16185247077352,84.31461314492998,89.88430640037609,78.59639629873385,74.64441965939974,84.93301515345883,72.582489228929,75.74317719151315,85.09875324053299,89.11656807211071,81.62221030991982,81.2909432889821,82.87785951783799,83.29504998903111,88.4429138111816,71.08766846291685,76.30161355260591,85.5588155111939,75.4895835338499,73.31626208862176,72.53293598839278,84.68095558327194,68.10750431369209,97.09741465726917,86.20231023193743,77.41227699576724,83.7412367425498,80.26716558033382,79.72969848446222,77.97780156817073,75.69000268953117,77.98967904726806,79.52681128129612,82.35245219455052,82.47719494111736,78.23432630170761,77.67912702241539,74.76513911962691,81.09297972828237,79.21416336647789,75.37480337541226,77.80190404308729,80.06312736915073,75.74970819682855,79.20264945128297,80.9730987405523,76.9595869761617,73.32822025237719,80.74069732664734,77.74952868699324,82.84983268666417,75.52968650234732,75.97034619632417,75.98514509767105,73.81738658262708,76.0789064718983,74.12173993570678,83.58860293462091,75.74288306435864,81.4623475810346,77.54755050368986,73.37738343560838,80.06798749148238,68.15707493489388,68.27185630207342,69.52046208274636,68.61480428021066,68.70714222648624,68.77725579791748,67.48770652423981,69.24056169832787,68.19542827896696,68.69760788939044,68.28768715110192,68.15516772706137,68.37040823047603,67.12274766968065,67.83160403904328,67.83005068276665,67.79294776064631,67.58425367379462,68.66598103544776,68.61110263972256,67.2166301400031,67.32233344804592,69.6654560840424,66.72938560266759
photo_bird,84.7512973213464,90.04263861586563,86.91888970461969,86.53986089711344,80.74790322029853,80.0232133297346,93.21281384996068,85.53189390245188,0.0,86.55261815129697,87.9254707033417,86.10104909464597,86.51601810088123,82.90122902393527,92.85292678373791,83.48146902908643,85.30313242647783,86.98990027621784,91.50717935613908,85.46770552109696,86.37230647652835,89.00281069601284,86.70711803147505,94.9710303234907,80.36363841524793,84.44290210320214,89.74848706499498,82.28648642847328,84.37013138971396,83.23689570213818,94.37987412198571,85.07531099583338,84.19495856114554,90.52653376571948,84.41959173880807,83.4343702163795,85.9608481958963,87.48177179473814,84.97339210089224,85.51979925365546,88.20290589036706,82.79072280787803,85.8468644122164,86.23437727536171,82.12796927860991,82.90840035192838,79.05091579909138,89.02777092317886,86.40662371378339,85.91864869641117,83.112568343956,88.29666677905074,85.9144601714962,88.36855571326765,90.07186991677686,88.61546584429217,82.59670268548118,87.52494382069904,85.24697794052702,85.4211944432513,84.57058719376826,85.4405086976227,85.46970814467025,84.8995589740013,84.77441093828969,78.15875200786452,87.45715251304709,80.98027207198005,90.43801657669131,85.3646428135566,79.93307547914763,88.69843184914718,74.95639895801614,74.84615097342306,75.88509262703205,74.70928256987433,74.61576103242469,74.93186517989693,74.66782247817433,75.40242567656867,74.00118758661765,74.86226880296074,74.66989335334111,74.44428680489624,74.33290488269482,73.68608637964283,74.63382829198598,74.3510003662699,73.49258001946083,74.87164689697238,75.2024919968964,75.68027575930695,74.58364538352173,73.46844082742741,75.94827919700782,73.94160124655237
photo_butterfly,82.15208870362149,87.05843152505238,83.69920917352165,83.40681421094773,80.16599706476345,78.34976172316723,90.19990304044414,85.16185247077352,86.55261815129697,0.0,88.55358867540616,90.45330626336231,83.30829592254389,82.33821305484737,92.19250027072087,81.68945645139571,83.59875945483363,88.11174999915401,90.98259570261911,84.83711816087413,83.3723595178689,86.43848650991055,85.16011071762868,91.75516352983367,77.64031543141053,81.32765960793868,87.73964271336094,78.2767499022305,82.72672625258751,81.26993629464958,91.6399529892521,84.04124438485918,98.06969615336958,79.25843339354537,84.47987878385592,86.02550525270755,82.74860477037268,85.57889239646956,82.7789663012466,83.90078209994056,86.39221389644499,83.23625975077479,85.1267231825808,84.41425854701254,81.81654837334278,79.57925542219516,78.42402171323748,86.26410714103922,83.60726200465757,84.29880742927052,81.16635712228242,85.6709992955094,84.44871741145765,87.06120473074068,87.2721509435278,86.60823912179734,82.31604541852518,82.06859769424143,84.32156182415257,86.2348786130105,82.04125754148393,83.39105692940589,82.66551465136897,82.636918204082,83.81090681429076,78.88090252096967,86.81834231240093,78.35299224386418,88.25579620043837,82.83184550062778,77.15355121652361,85.82001760382032,74.668497346029,74.29845796879339,75.8288234527191,73.95133764655894,74.10944956511221,73.8044122461384,74.23712294405257,74.30427900366759,73.3918592368609,74.08126812008544,73.98213431514031,73.70426020239485,73.49741283652506,73.16483629413888,74.24015813662228,73.32632061119753,72.96945737508098,74.34353162877484,74.00086073879717,75.031596123955,73.96999570869363,72.84099920200796,75.18116151540364,73.28801408349479
photo_girafe,82.83872238790158,87.81544785175423,86.297160773591,85.15842280875542,79.84782120810927,77.61853696656401,91.63489599473392,84.31461314492998,87.9254707033417,88.55358867540616,0.0,92.14840156927396,85.66444042412013,82.60944306231583,92.66836588851436,82.42846087688906,84.28698739644132,90.49093646050346,92.53342097797241,86.31970509584944,86.12878490084556,86.85060444984768,87.72270418339403,92.8325100090973,78.71329424256808,82.58069208678701,90.67126954177013,81.03960527160109,82.32227522079043,80.38639876890414,92.01299751777461,82.76446245293803,99.63935127930449,89.42587759248534,76.37799706577007,87.87095632315491,84.73588251097765,86.57069184847333,83.81619405836535,84.2403323274728,86.91285965521334,84.87869823878391,86.82294308334411,86.7546574540112,84.15969066789035,82.26158076226399,81.21935413038503,87.06988457419072,84.70418894276042,84.62566964040559,83.50192159572852,86.46269179965348,83.87014483954215,86.24469217260648,87.90389335803698,86.13515993493857,82.59643274037175,85.4282546695469,79.94838314023234,87.41483973033048,82.15048607695348,84.11427095267108,84.03032269931576,83.3747288692795,84.01110957459069,79.5908763390521,87.59625907842546,80.3239067610178,88.61821080334627,83.77525043350057,78.77415729855838,86.49416380615212,76.0316340822214,75.63831911271004,76.94739794302126,75.41519191032606,75.42811366165739,75.41523203868138,75.27581193971035,75.94880150640995,74.89058036665273,75.41915106649209,75.4957947388589,74.96019394811148,74.96786175709823,74.43596061507348,75.343010794812,74.65916631928003,74.40268003118878,75.84960038452962,75.3440645985049,76.66712930187902,75.07799082390355,73.9962427288058,76.48342446503628,74.42525403267516
photo_fish,88.09591382227856,94.0957994798113,88.87594781084294,89.96320034327624,85.96892495747262,83.81130391580898,95.92888426432502,89.88430640037609,86.10104909464597,90.45330626336231,92.14840156927396,0.0,90.36662095682854,88.15478680883483,97.12229495272452,87.39899353721965,88.94883495091982,88.61034341269409,94.39312426650707,87.19799677689957,89.88696522766018,92.88036892937009,90.53819283368355,98.62198679374083,84.18831477586625,88.4643584386664,91.73758872827756,85.88898903350886,88.33844207737108,86.79713374650885,97.54898736754409,89.45565766489524,96.35902133145075,92.79099016997357,88.19443272250997,72.62763577851584,88.96483563308412,90.73979923579375,89.31871628365715,89.60832654543296,91.79036099120233,83.86561396919797,87.26250780064528,88.3652784679938,84.35474592263603,85.96867306259317,80.74356332977788,92.35587730244768,90.1820086109529,89.52367087045441,84.48634381237946,92.0220411443476,90.19365328467323,92.35515211750558,93.32977303477544,92.59345799968565,87.95138117288421,90.77643997624331,89.61507747639592,78.84405362917572,88.10206630151798,89.244625110742,89.49373560462529,89.442427662335,89.2874243357084,79.77403768887426,89.78523082896092,83.68901127418917,94.53253278582768,89.08524795724767,82.93740439110594,92.04969225902636,77.59554960219515,77.56269120470263,78.74098396959701,77.54022586018657,76.95155466445536,77.18148921507287,77.20971349587637,77.0298339106639,76.51883169630955,77.25725517976673,76.96580001194813,76.31729532726196,76.09751037631779,76.7915652264841,77.27118970016521,76.30279113099725,76.22458170372896,77.44504788921046,77.09560017407675,77.89943683341143,77.4232240745075,76.0708174108825,78.1037476972184,76.70425641568026
photo_cherry,76.65817798631171,83.86686479951886,82.09725253726002,80.10880920715005,74.03355030311133,72.53868953859191,84.29711120416329,78.59639629873385,86.51601810088123,83.30829592254389,85.66444042412013,90.36662095682854,0.0,75.84756606521015,87.18190247858932,75.00594992410379,77.00000192525388,86.04687208281723,90.53604743895639,81.98609851461866,82.55241114965457,82.91886848047317,84.0501594686643,88.93427417575452,74.46867920072106,78.30049421552084,87.3401991736999,77.60358959461324,78.08939945014846,77.24975144969252,87.78959887684125,79.13860277210928,98.07368332831575,84.87105036260391,79.299040045436,84.7524702478348,77.01172794766154,81.00069811674135,79.67581786754029,78.25480596892585,81.36224206595233,80.95109519952267,83.83532418326236,83.63096778727318,80.39164904163795,78.3626629975582,75.93740330025989,82.10057284919714,80.18533312884912,80.63932418717508,79.36431249434139,82.43544855578982,79.71634465614446,83.11930809481385,82.55493647888726,81.65587733235375,77.01843360973267,81.18445566562507,79.10991676315125,84.79478322833519,74.53932569961327,78.48816489894584,78.79911521166177,77.86615120826112,78.76254547702578,76.01699633742355,85.37320174738633,76.15478383427022,83.93173551448051,78.7598440174379,74.56271994020385,82.04720046753536,71.05905552934959,70.86067501951536,72.3087181789379,70.81632161697577,71.3424994189846,71.3768397952049,69.98909947582243,71.7697506046007,70.44334910124057,70.87603721598649,70.75476060533198,70.70510772496347,70.84158585114737,69.68515570180999,70.6538360388957,70.42274215067727,69.99475752567052,70.32900094317381,71.27927125303835,71.15875434307486,69.94959818315901,69.59317103756688,71.84576270568179,69.60720834326318
photo_tree,72.08326539523787,78.94544738313677,78.67364481631532,76.86143221805833,69.51435489131966,67.0289617245306,82.18953334707635,74.64441965939974,82.90122902393527,82.33821305484737,82.60944306231583,88.15478680883483,75.84756606521015,0.0,83.36945326767767,71.54425454567009,73.94500949073975,82.4078656811546,86.19081695561472,79.47473300155407,78.96736364643276,78.98853723772196,79.35780815216752,84.66941606960557,70.09092337453944,73.76334676861524,83.83273884628363,73.42527599875832,73.12147768678527,72.3602994313632,84.65177559951985,74.6457908232686,95.77935061445618,83.04105624900279,76.29393982425175,81.88514326750088,77.30845892780286,74.43801453324626,75.64800957805407,75.18100141671745,77.58333664389433,77.23190272730018,79.53033121063984,80.13453942541149,76.12345870503522,74.79404881024655,71.95490294765993,78.14724721081886,76.2551280143542,75.64596734142377,76.11550387130872,78.6305983201292,75.15679104076007,79.09754188262211,78.4478726305394,76.97537216948135,72.67710332704654,77.98819894272943,75.66449578129705,80.88189972029326,72.54400032466813,71.97785054080953,74.61071688866775,73.91786793713752,73.88382345662868,71.66834844312362,81.24700174112712,73.37595170449653,78.66758625701173,73.47724735604045,70.43563458538834,77.58486381207899,66.17570058790206,66.15476233480341,67.47009699253907,66.22465774321812,66.31543758348424,66.28252877236793,65.3738761922202,66.91015093282223,65.63201012069581,66.26420848218628,66.10867431921793,65.92262824520395,66.12085777130133,64.86064358029604,65.62321786315644,65.64787754687298,65.22808428080306,65.43099973175818,66.47591095385671,66.57016609573499,65.29391468275512,64.89868351505619,67.42081988172521,64.79696672819705
photo_flower,83.97143124861972,91.54286444121593,90.33683568698919,89.29682671380336,81.58386596458664,77.39395261513825,92.12626718633976,84.93301515345883,92.85292678373791,92.19250027072087,92.66836588851436,97.12229495272452,87.18190247858932,83.36945326767767,0.0,77.90162433390901,82.59176373860183,92.12421262828576,97.2216949907816,90.53138492634515,90.5102507775738,91.46883029059825,90.97712904359932,96.1438560849429,82.85120917794727,86.58416243921073,94.02244167425079,85.2979956819994,85.04302253375035,83.03855369853751,92.60822409148875,86.85402948290135,103.47034494171378,92.80640209911998,85.70213760621724,92.04814984586788,88.41793390761244,86.44470179317588,78.5632337448008,82.52928902427595,88.07355723236972,87.6779112740348,91.26540861265295,91.11086592996259,87.54807796272442,86.39999028339915,83.97837469566927,90.05754419259574,88.25741862909368,84.86189069270827,86.93744040456353,88.84433058894071,87.01217652978683,88.37908637374997,90.3962093817522,87.66868044970633,81.87097000507629,89.62880294649656,86.44745241061618,91.99287364203738,84.49569890945058,84.73934815191117,75.25519027269956,80.69530466200848,84.84882462082187,83.44947063878534,92.80871415242369,85.18470069920888,90.7223331350836,86.98603398398929,82.97875794843101,89.47490625569439,78.57106593624452,78.69808713127624,79.60956614923121,78.87840030869609,79.04205516538045,79.29085218423066,77.90359815818,79.61025281384114,78.32251572461972,78.98699785786991,78.47987927007158,78.62238084219939,78.74391013284917,77.58831190800683,78.35959836590621,78.54412856465596,78.2856946391192,77.97306582368984,79.2970501342068,78.64406283022032,77.68028179877508,77.79374755137312,79.73750775397542,77.54561053919058
photo_carrot,72.32077939112348,81.06534062440143,79.63735824629828,78.32413475544988,69.00833144345621,64.88955422464495,82.45899424271406,72.582489228929,83.48146902908643,81.68945645139571,82.42846087688906,87.39899353721965,75.00594992410379,71.54425454567009,77.90162433390901,0.0,71.20195605710812,82.49290865026693,87.3855383808362,79.40985849083876,79.62996238168658,80.34775754461135,80.03721643927797,86.29496549638073,71.0040849978259,74.6539514848465,83.89507968819588,74.11039584319379,73.803699454072,70.46015366595553,83.94189364946405,75.43496569535888,95.0799908850816,83.45641265872858,74.62395749128409,81.30567432017949,77.54239899307859,75.41098408382635,74.06707296815021,57.84554470656399,75.94327576244281,76.53655483776576,80.13488726647346,80.56999339359375,75.80471309299045,75.23247694258245,71.64577343877872,79.44581871918331,76.92768248989525,71.72408637464102,75.5650974274012,77.10603339606168,75.44971088515742,77.25690721773752,78.08887587794277,75.1157108214066,69.77093645826524,78.02761337225623,73.91777320488343,80.36132125286447,73.27565292303954,70.99641185871913,69.41680296722421,58.78059556395943,70.85429881279619,70.95021803716583,81.445273239923,73.19124015512124,79.37468449836776,75.01691851567453,69.83034932084446,77.77581362186139,64.22643895943607,64.4841961312095,65.91827064674546,65.31032113843727,66.07394581685247,66.06571933059226,63.44420263212056,66.5447383869948,64.81989618196998,65.74639476458002,64.46888822348001,65.5409159250324,65.55428831409681,63.35540654715531,64.35472930819077,65.04215176971202,64.5482334809235,63.30395659034136,66.09630547400832,64.51170971663258,63.25346102697985,64.20259893996909,67.27230078343229,63.34749728765829
photo_watch,72.98202805234473,81.54304539308781,80.12737299658522,79.2144787856172,71.45964363749404,67.32396982230087,83.93066086727436,75.74317719151315,85.30313242647783,83.59875945483363,84.28698739644132,88.94883495091982,77.00000192525388,73.94500949073975,82.59176373860183,71.20195605710812,0.0,83.71832805593857,88.15109995136659,79.87297598911293,80.93276099791397,81.88543109631662,82.33913009191004,87.67914815043878,71.61105290563383,76.0559381659832,85.16567101329123,74.9171892706973,74.48634034954277,73.07650585665385,84.8154484933712,76.97901181784464,97.064652559308,84.96631087245802,77.65659572130745,83.12624466713912,79.22113200711193,78.00435137140936,76.78379635705625,74.44343596006192,71.66310504936177,78.6750114243336,81.30605074141477,81.03127091748867,77.5547668781344,76.18882703451057,73.44381071990266,80.18082931267328,78.26523230957287,75.36677800180297,76.59693021736614,79.69964080014994,76.63638572594574,79.99085862525872,80.35346203616618,77.77256160209618,72.84929055290087,79.74387636766805,76.71063507795186,82.42184260946787,75.37170742379611,75.39457115404093,74.77293313714151,73.149889314968,69.91253144897244,73.18628206390096,82.98018235712098,73.99358515260751,81.77103823169153,76.52158800834287,72.37739700246968,79.450580703243,66.91564539534089,67.25898894189193,68.55950639599091,67.4339057645134,67.84114529031886,67.86167576436928,66.05963405048227,68.3280701985872,67.0447901910204,67.6842101325288,67.20607188169441,67.25391585715992,67.41885082299237,66.03964593010691,66.75721910981599,67.12076521106775,66.74024976427846,66.10725210755687,67.81491209174948,67.03041576281579,65.8323159310451,66.25897499049464,68.58088976303033,65.85624211619147
photo_key,83.16071975999496,89.1997586167989,84.48242759443616,84.89204242483716,81.30600976469998,78.29004824498898,92.38194744781684,85.09875324053299,86.98990027621784,88.11174999915401,90.49093646050346,88.61034341269409,86.04687208281723,82.4078656811546,92.12421262828576,82.49290865026693,83.71832805593857,0.0,90.15517005245027,83.80201605894129,84.92745227460381,88.28551011997415,85.94559882920065,93.84441322225506,79.28205679077583,83.94843517978998,86.56762591431603,81.10673785506802,83.95079644446098,82.27893549367634,93.4138423038409,84.94178180828098,100.03723425863562,90.58836646460722,85.94536996176656,84.52790675274129,84.86895066472174,87.21964846318988,84.59828561044937,84.90831506867903,87.26038475371566,65.61239079473066,83.84035679709146,84.53904482483289,78.65532328749062,81.3001355903107,75.87777002417336,87.98796671142733,85.0527357104247,85.20985941289949,78.25629361596667,87.71019665132334,85.58817062510025,88.38288910125662,88.26984453430958,87.03210129899149,82.01815390588169,85.80823935172057,84.76292112088827,83.46198386175126,82.6729732125037,84.22465011643595,83.88609588286027,83.27823688080292,83.38374404639669,68.04811341593913,85.57764933762398,78.68963446355879,88.77087191022822,84.23796023252285,77.61912848394212,87.07999454576802,70.76884992287006,70.93115284178977,72.34628616574228,70.53402004527462,70.40511852285923,70.47814247456448,70.27667035906065,70.2889760927057,69.24977658087488,70.38876075133554,69.83245768045794,69.43821016503368,69.2700896621798,69.79266311136503,70.53815951130225,69.19946682647547,69.62982823676865,70.49993621687626,70.31007689656504,71.21966683828984,70.55193187154192,68.85031337654527,71.53024819445395,69.74218288703891
photo_truck,86.7889728767367,91.83849675808027,87.28661920173595,87.99516265472027,84.45659198788829,81.98079604027673,96.05764941980246,89.11656807211071,91.50717935613908,90.98259570261911,92.53342097797241,94.39312426650707,90.53604743895639,86.19081695561472,97.2216949907816,87.3855383808362,88.15109995136659,90.15517005245027,0.0,86.62032903898368,87.591214977442,90.47234449393754,88.22253864536412,96.27454849875114,81.69001769454881,86.13271126960134,90.47473210187114,83.2375066195484,86.6179442055122,84.8161782643856,95.92279471619804,87.84757159206909,102.12091519041569,93.17357868259549,88.23212850378425,87.97254023329111,87.61110136113493,89.93627347053966,87.85021891138851,88.1503923235915,90.13125595350259,85.11282119352606,74.63467968247606,85.90660106591127,84.40727057189109,82.673019392779,79.56536541206782,90.38904080406257,87.91216896257781,87.69555279994653,83.86530641672006,90.10389618572987,88.02034900046218,90.96040622502069,91.21890992511074,90.63119419988952,86.23187181013103,88.92346347435506,87.89120809577278,87.78875982382192,86.28966680310724,87.26255299069174,87.86736963731173,87.2161245347015,87.6840337912465,80.42973135773826,76.51200597879121,81.09741126632507,92.74161079905926,86.37551089562498,81.39300652177319,89.80810059098636,77.37759184150579,76.94349587442447,78.3786230217043,76.64220801749933,76.1731727718789,76.32464296924553,76.59228985396027,76.82948590435514,75.78871513501782,76.58520339411886,76.47419083508186,75.81917523033255,75.97629038610756,76.23577815898288,76.7810696016624,75.65767721466979,75.63069750830567,76.80873698329019,76.23355276339299,77.76670946616247,76.85732285011345,75.28532100047377,77.27070454882167,76.10509791750583
photo_velo,80.04745918105236,84.9281620492351,80.76277523593018,81.03285916429819,75.99458187813613,73.9429370658793,89.27559910730265,81.62221030991982,85.46770552109696,84.83711816087413,86.31970509584944,87.19799677689957,81.98609851461866,79.47473300155407,90.53138492634515,79.40985849083876,79.87297598911293,83.80201605894129,86.62032903898368,0.0,81.02285597361639,84.71748670907637,82.51765151279973,90.17681896903669,74.22421586169813,79.03945560694794,85.98970925069507,76.97508390262222,79.55146914867028,76.82930988572865,90.0509411635321,80.84856775425158,97.01525312579012,87.08798504830885,81.117356751245,82.31135912073735,79.89307072815639,83.18065449730287,81.51344222662047,81.23348752486746,82.52569982538375,78.05384375340815,79.68723608363864,67.6958966565527,76.94145751559209,76.46679545567162,72.67379848282116,84.12066391898472,81.22366429048878,81.7394485391276,77.7969006529723,83.84616624300416,80.93670165232538,84.38252936799135,85.65766141914281,84.48088408343237,78.68906379524208,81.9641267130053,80.75043219006169,82.42251306680835,78.91407947425282,80.50882830908,80.96517131237248,80.33354263122818,80.40001198230452,73.52070731608937,82.36267720435075,70.30558698506493,86.39681262246457,80.66723708457735,74.56290481825414,83.64943062226105,69.16179694474405,69.19836251649497,71.00139031316552,69.10091355220061,69.4234160687011,69.77738161237527,68.50995763737517,69.97642572621648,68.57045591487335,69.57190445038827,68.6901926740675,68.89011039571947,68.82327879946943,68.44923311049614,69.0544904091692,68.5933869446434,68.55748860839374,68.53160941973758,69.45864578326335,69.60489012761678,68.46895652502809,67.90807973955319,70.5810528716486,68.39301753428073
photo_road,79.20241350128514,84.18085306930898,72.6936392573479,78.88577969539358,76.93197148960421,74.59758919822856,88.99388867850789,81.2909432889821,86.37230647652835,83.3723595178689,86.12878490084556,89.88696522766018,82.55241114965457,78.96736364643276,90.5102507775738,79.62996238168658,80.93276099791397,84.92745227460381,87.591214977442,81.02285597361639,0.0,83.50536316172959,80.36346882877088,89.57249179783636,74.88786234385293,79.24108913017201,85.55430547782755,75.87036564691799,80.05721560491753,78.76980072463556,90.33096270548556,80.67961640704937,98.41253076955142,86.23502013851012,82.3689028570977,84.06630665760618,80.6002414565889,83.50717752691111,81.167937696873,81.80578847826891,84.24126048068712,79.47072779187828,81.45260913803054,81.27720618160427,75.961448319885,75.7862843811699,74.38809680915304,84.14647406784282,81.16770068544346,82.34887962685262,78.32026392431868,83.26858786564549,82.1289174049774,85.35910119159524,85.27375735225014,83.6050512084299,78.86378168803449,80.84468671535993,81.87123221475473,82.94503142163498,79.1872567625673,80.71919242741279,80.64986126104144,80.06798616430804,80.8897154288618,74.18971866346082,83.11628529250058,75.31385533489545,84.18359880055054,80.48988796832818,74.71268600394677,83.60905413673446,69.51140048405313,69.47567966209719,70.9593999613311,69.22466399950828,69.23335489948091,69.1959741302278,68.98516150658845,69.69760501262402,68.60518268714367,69.16906261684913,69.17256179298111,68.60560746773692,68.71511703505699,68.33645238084985,69.04539896688021,68.40589802576794,68.29222091931179,69.26409395970119,69.24033318329441,70.19556317743564,68.84527197694858,67.88971805783022,70.54445174884275,68.17847881369065
photo_house,79.74967119447295,84.20546007721859,83.2730879325871,81.41350552897794,77.98993322977124,75.68658570926755,88.84108974366379,82.87785951783799,89.00281069601284,86.43848650991055,86.85060444984768,92.88036892937009,82.91886848047317,78.98853723772196,91.46883029059825,80.34775754461135,81.88543109631662,88.28551011997415,90.47234449393754,84.71748670907637,83.50536316172959,0.0,85.0458941443225,88.80574717003951,76.76896896244477,79.56680143565377,88.57589717867063,79.16568011387311,80.68596582728092,79.66323502126089,90.5067198458645,81.10440431397394,100.13698548245945,87.27852721470829,83.27412115555977,87.0209317679145,82.41096072960744,84.38975237705458,81.98517463682681,83.18386484892332,85.18903205480999,83.18593901566572,84.39702831441144,85.04329336550248,82.42603430510378,76.89273140139822,78.63830781479459,84.87076414893126,81.47811041203045,82.82447294133564,81.3802911030489,84.943863000642,83.1138705401095,85.78614801887493,85.24110655171381,84.93723497777849,79.90894962718417,83.67779623668304,82.44627119721903,86.13912448040294,79.87253567386512,81.89122036373266,81.91598840150606,82.18445080153691,82.40304667863988,78.3619372021631,86.04221703937903,79.0235794969339,86.06672558151128,77.1337245502492,77.34749330824542,84.94212264802854,74.30411619492898,73.80889903691943,75.32249588060678,73.34973631161579,73.61961726254718,73.66007478211341,73.30084434465388,73.97811002217476,72.98978535886695,73.35019652747268,73.62934413439243,73.17268427841198,73.07049091978725,72.63840461600685,73.65405178755745,72.49212572203008,72.5556088926539,73.73913885220566,73.46717077651176,74.48141408043755,73.27145186036493,72.10407442082304,74.3094386043885,72.70458027320514
