,photo_face,photo_profil,photo_eyes,photo_face2,photo_walking,photo_standing,photo_hand,photo_legs,photo_bird,photo_butterfly,photo_girafe,photo_fish,photo_cherry,photo_tree,photo_flower,photo_carrot,photo_watch,photo_key,photo_truck,photo_velo,photo_road,photo_house,photo_mountain,photo_windmill,drawing_face,drawing_profil,drawing_eyes,drawing_face2,drawing_walking,drawing_standing,drawing_hand,drawing_legs,drawing_bird,drawing_butterfly,drawing_girafe,drawing_fish,drawing_cherry,drawing_tree,drawing_flower,drawing_carrot,drawing_watch,drawing_key,drawing_truck,drawing_velo,drawing_road,drawing_house,drawing_mountain,drawing_windmill,geo_face,geo_profil,geo_eyes,geo_face2,geo_walking,geo_standing,geo_hand,geo_legs,geo_bird,geo_butterfly,geo_girafe,geo_fish,geo_cherry,geo_tree,geo_flower,geo_carrot,geo_watch,geo_key,geo_truck,geo_velo,geo_road,geo_house,geo_mountain,geo_windmill,word_face,word_profil,word_eyes,word_face2,word_walking,word_standing,word_hand,word_legs,word_bird,word_butterfly,word_girafe,word_fish,word_cherry,word_tree,word_flower,word_carrot,word_watch,word_key,word_truck,word_velo,word_road,word_house,word_mountain,word_windmill
photo_face,0.0,89.97167292933602,96.70214489023219,94.91111312372324,91.74350981595255,85.4457082245848,88.31904536596299,86.06517377897673,96.43748987407064,93.16223811437278,96.45139344742623,96.35376025030956,91.4130484244776,83.89656744279623,86.75264443882703,82.95045626846178,89.30608001306541,97.17384992200907,94.57764872420606,91.40480226471806,102.36631531148643,94.02009145904927,90.45754245227823,94.53036857881625,87.30247760783803,94.00300780071919,98.52757587495029,95.18216987863634,92.99170601963789,88.39217752807865,95.0673630098294,96.75077956000787,95.68929871243138,96.8751118589102,93.11061709491656,96.34295112903511,97.87963378379246,87.59046143094206,91.29651395054817,89.2210783173002,91.94105191654809,97.51532363278841,93.2847126402003,94.88923913484925,95.30089289312568,94.47654061369548,90.65896205951069,93.79515638561736,96.00051709845758,93.94223088997758,97.8204595654702,99.22659412105737,92.62513911202177,93.40379682845912,97.58410801491594,93.92293950166702,91.46274809681204,94.12515854746283,96.09015140425794,102.34401158045317,95.0190138969972,92.55352710052688,90.16755838382882,91.04467739370114,91.24174434971468,99.67775994932336,98.4482509081529,94.23169867665362,96.2402799982588,93.872521320115,90.68398735173768,93.29625534064537,85.95833677737528,87.57968369818263,87.29985399052718,86.81104676004207,87.07982747178826,87.9828227932834,87.50903581624634,87.19306864991042,87.43436224642753,87.01380438453067,86.61450177276265,86.79936555605163,86.93862148588488,86.34733042739441,87.61790015842084,86.35333662234726,86.64694470856023,87.29761559176525,86.8488294787385,87.15051981669937,86.73469202320905,87.79230742985106,87.76975237068669,87.24102696140243
photo_profil,89.97167292933602,0.0,101.48269387836665,101.18133091639112,99.25375857119909,94.19772218318013,95.26751951645464,95.0644532622584,102.68137555923283,97.8071770972166,100.60559993615682,103.25352515986131,97.91815604080028,91.94620638795665,97.28343097712008,94.09949799891359,98.80331036109501,103.0529579592045,99.20707051519766,96.8427699016254,106.11861803575651,95.10624724683689,96.53385328786034,97.38239018862144,97.04691451144959,88.22280332410274,104.33330590861733,102.50505637059798,98.83772844732988,96.82939444808211,102.44310994085214,100.93731244296995,101.47860049767485,101.69559321803425,99.88208022272435,103.04551901251484,103.10026351686193,97.67623277272608,98.15869943545017,98.62063318288325,101.33431868981714,103.30521982828948,98.85532868548526,99.67212743557712,101.7817661017945,99.54277849979951,97.45764859932059,97.98883923754082,100.6474873666335,102.20971095605174,104.61615422011418,105.2914688952492,101.34314636944072,100.72948296537311,104.44408513171432,101.53464567884185,100.06014473104085,99.73447077750032,102.83776691223561,108.15413587751502,100.99104423998975,101.83916798690356,100.17527007948968,100.80409681134876,100.71987138584556,105.52619813911937,104.1404981289634,99.81674014886113,103.5230122370346,99.20119397701502,98.55446830925129,99.29192425275689,94.83043996752664,96.31859802547163,95.92330907203875,95.06625972548134,94.9815084372932,95.78946777051104,96.1730056945837,94.89668122089364,95.40403152945048,95.34513662700822,94.93141538582641,95.11971994462074,94.80419082880451,94.85583282361391,96.24783161067896,94.17492350828346,94.87164745798047,96.34876536453665,95.14409786891443,96.20952470888193,95.60895813299169,95.81659772786813,95.37170375707655,95.95644319440562
photo_eyes,96.70214489023219,101.48269387836665,0.0,100.38265100370471,101.4791113865785,96.217159078501,99.14402479509907,97.63590643100768,98.88824075891021,92.21445174278665,100.3769699262016,98.75528788267405,99.47962001488791,95.09065875562075,98.86730291434698,94.3489005554121,100.8376004732938,98.84332023394259,94.86633911949939,94.1372362196707,91.73736471326261,98.25774072199366,90.53760985427124,98.2290949172688,97.85730123336889,102.03046890268128,95.69587179798604,98.34646913911571,101.60224630297805,97.41272052992343,104.58709466612142,104.50679279826076,97.87962932527888,97.39776857682313,101.60437083137343,98.49303401120895,100.05144759852726,98.70325828622859,100.09951264526313,99.13785779750845,102.35270677400963,98.49720907221518,94.39539333238125,96.46803784006336,94.63008407693737,93.02937375545376,92.26062060300298,99.83515378112187,100.95404645862018,103.41802952662293,98.53922477732029,104.91650506679696,102.80141852223412,102.07476227242029,107.27962634663822,103.46811294833687,100.15248536825592,96.07311483433311,103.69869187198451,102.8031947716867,102.29077721820812,101.37896514453665,100.27235585270576,100.45059923179663,100.47530250469276,100.83637590233349,98.53709276962495,95.44874468112822,104.91565457157002,102.25128060779964,94.65926874388879,100.32059000725599,89.85011055361372,91.028450974386,91.14642317391586,89.699678066202,89.09951262941739,90.17193541612696,91.2545188420042,89.2736819524304,89.55362335422797,90.06067919411966,89.65909979592227,89.4077047859119,88.78919045530857,89.93477634539437,90.98055622520687,88.28364964489575,89.41144480750907,91.5266933248595,89.44465158929803,91.35952694330676,91.19013638653392,90.15614655875359,90.68875150417398,91.39887280768535
photo_face2,94.91111312372324,101.18133091639112,100.38265100370471,0.0,104.49366446363588,99.09055802381387,101.37447513477898,100.16698976333291,103.54644432304083,99.75378649208696,104.99873109695254,105.64744115239493,102.68361257033406,98.21833503342258,102.19388525428076,98.69921315292493,104.88482154510099,105.70403089252044,102.26453154101947,100.26790953342295,107.03192507402768,101.00907177958133,98.9306524775513,102.07800541221711,98.50953482978575,103.2145743117009,106.50674812512143,94.86146427126688,105.1807012394526,101.80379461701703,107.78491134945767,105.9249229197599,103.47518048769166,103.24129259081093,105.03330253600578,105.56771897434378,105.40341793123028,103.20386208006802,103.22779697853281,103.21586888247022,106.00055809983945,106.25913336054371,102.2946770023697,103.38056603926792,103.60499498748509,101.67402946800065,99.78457635940966,103.12838801985964,103.26423446358508,107.7536623505106,106.66178985029667,107.84911128595182,105.89794011774154,105.47877593755761,109.70723651276032,107.09719831840341,104.14618112848358,100.90013162812338,107.4258271986407,110.98364803969761,105.9700710551216,106.41426734707072,104.47154338157388,104.96080081931011,105.53557086109214,108.47365028571659,106.85182198330475,102.55535510186125,107.93411871328419,105.37672515693474,101.73412111142866,103.72176392830576,97.59922684961703,99.25744839384643,98.88931380594121,97.60808728006057,97.09818508047078,98.22390810832209,98.93471475688087,97.37867931592028,97.75652319037626,97.45622697969084,97.64734024803732,97.23963283476414,97.04211770723448,97.78991336667053,99.09090783328328,96.3737910485641,97.44276103484154,99.17397477526168,97.39022794835877,98.79882938553185,98.29184586756841,98.24395870419228,97.59462523624978,98.54708702402687
photo_walking,91.74350981595255,99.25375857119909,101.4791113865785,104.49366446363588,0.0,80.85136966862756,92.8405935813168,83.59421598147107,94.46284527115536,94.21055249125541,94.03457750902261,96.42787012670532,90.42900269744804,83.63349027502348,85.81115526858689,82.05179813248797,90.510046212858,96.59438940662433,94.40089908746413,89.65346494157158,103.02283395662428,95.77682950775244,89.88675933858774,95.10688982781762,92.38462956795355,99.01749822893909,99.42529720050167,100.8111901391834,81.85408011428606,87.03402971414707,98.27988088248311,94.94760053211292,94.29346090999871,97.68855613115552,88.49151883896008,96.03543386820022,98.98324199457608,90.53437082754759,93.94857432601835,89.19128933511932,94.00706690261022,97.17872441463246,92.92048881071018,92.93352269388384,93.78675135504808,95.04284200421684,89.58325224913307,95.22149265632076,98.8566959776024,92.96495612460366,97.98118299835848,99.83837529076584,87.77710936742052,92.15305921428515,99.4068283528636,93.53037505713691,89.17092324877909,95.01355663708412,93.45031542307844,102.54285403319828,94.07731519727234,92.82733851778853,92.03142874762952,91.29970687483393,90.92633422498156,99.06152417260914,98.5222389611273,94.12855298040847,96.94455903662025,97.21114874653493,90.56980396705379,95.03917273771143,86.50666930289054,88.1259187963824,87.47538444948071,87.28992956120608,87.76601102092422,88.96371738975456,87.50556466774006,87.91697979504653,88.02006520719215,87.4921605937559,86.81762554106567,87.80895724998696,87.28362694766925,86.59304130669445,87.88413606622899,86.89364471080113,87.4898885469691,87.98004954079646,87.69918343333342,87.09100283177594,86.97548623251275,88.33965802540258,89.02067400173107,87.51841651038474
photo_standing,85.4457082245848,94.19772218318013,96.217159078501,99.09055802381387,80.85136966862756,0.0,86.98131123290906,77.04225181600115,91.57477163063537,89.27019160083663,89.81311579898306,92.12253606186125,87.53041346328172,79.10495970277911,75.97161510168667,71.76289487498546,82.78178197124936,91.85174052013424,89.4736687305819,85.94214212073003,98.03305287178696,90.36457514670805,84.2947366444376,88.63683749041748,87.22319418043121,93.69516918201776,94.27947929429949,96.0503081446193,85.03513824408347,76.36453444146628,90.4224169251703,89.90849881236942,90.5188636086248,91.60499726832182,82.52015011274065,91.54912509785272,94.05130275367266,83.34016700795597,86.10125015131366,78.69413830526955,86.3226796340603,92.00481400867254,88.06450886994386,89.67229299728996,88.99871711666769,90.05120888677934,84.50706385364427,87.53179529646482,92.9386648626473,85.95617230130229,92.58258266284285,92.72943353124904,85.49074278821186,83.64381329344583,93.91482757025513,85.66845189655628,81.22371392643338,88.75433558221832,86.80832490274844,97.62857549488787,89.1216913165861,86.06475643426353,82.91427218232644,80.9479900497147,82.43408822904698,94.25357198523889,93.07943847805834,88.97555296228144,89.9749879118835,90.22503036101547,85.10874270040317,86.33646783687969,79.87725211867836,81.66567020894891,81.07280089507063,81.00037264862607,81.31186846390646,82.64200777787285,81.38397370184357,81.49716962788929,81.77746607456127,81.04600443567824,80.6188799675496,81.3753261227375,81.20656511985473,80.24105225312347,81.48063711139706,80.73411573668665,81.15743496143557,81.0672036027313,81.45869229073269,80.94214978731223,80.6993515703635,82.15959555088685,82.68147712967603,81.05393086570234
photo_hand,88.31904536596299,95.26751951645464,99.14402479509907,101.37447513477898,92.8405935813168,86.98131123290906,0.0,86.71280652420214,97.87376243649092,93.74206839679975,96.70532198723569,97.16494916082395,89.36620465655432,84.42712646319742,88.08151631835095,84.76724422105134,91.9181031370019,98.0812540532651,96.00066429252543,92.74425649837848,102.68095826872558,94.8523888123878,90.34553060348193,93.4984704141459,93.62218147409749,96.28709311953054,99.51332434384483,100.32264851388172,93.46470665817465,89.7507065741169,89.3720516375322,97.9576838921845,96.51985490235403,97.53747609550389,93.67607546843546,96.97593181676943,97.52095509291513,89.38871826616015,91.57709252722519,91.19810741730144,92.64034784228198,98.48974320259055,94.46485233667782,96.22746781177324,95.75390590606419,95.92081905917439,91.02517772478288,93.18218158306031,97.43710402431566,94.86945552021766,98.969649572937,100.42742668415725,93.61264795639248,93.80436547419,92.73648267555262,93.75564823461544,91.84922365043306,94.61777336884288,96.15452688704805,102.77482266126553,95.18603972176052,93.70715303492157,92.43592882109144,92.41900628102825,91.90111132427829,100.59152873417861,99.32092246191586,94.77421526009556,97.36282770248512,95.03111884223887,91.6351835170095,92.40397865289518,88.25790561004739,89.94124284928782,89.2876650629781,89.17012163626096,89.14564121406941,90.17624619925253,89.66358641607121,89.13966100833828,89.31187826531813,89.49185853210801,88.65819512371365,89.12184629208602,88.86625847680108,88.31875184646158,89.82134980929247,88.2689678189115,88.89498528836242,89.77355935388853,89.22372208045198,89.5480031320207,88.93220520969396,89.82279787592618,89.83546970935637,89.47780799034568
photo_legs,86.06517377897673,95.0644532622584,97.63590643100768,100.16698976333291,83.59421598147107,77.04225181600115,86.71280652420214,0.0,93.38553906397048,91.05445669265252,91.00323767770587,93.27804269013816,87.97453798016754,79.74912201562334,79.32030791785033,75.05785996614466,84.20879309384648,94.27959375050438,91.87901016361107,88.03835635677073,99.88973888007855,92.11025712195828,87.08828259341111,91.05117029312004,87.82771469174159,95.05390854722852,95.75385689157795,97.3375103505188,85.63949810634385,81.88973233246227,90.94058326578416,85.38379301276936,91.96361086977831,93.63251697376523,86.0852208163821,93.17366565417721,95.30313171126411,83.54862271171902,87.8014716123021,81.61451049705863,84.92514401488576,93.96267125262575,90.7107308403021,90.92768790015215,90.9749283544208,92.58218869900307,86.83500983195688,90.0030858814434,94.07951643284777,83.86600689058096,94.26975154896331,94.16931336546007,84.80868111852223,85.53221326434489,94.45461088867724,83.84656950936906,81.88440110336605,90.02541553480174,89.2684960962334,98.6953901049115,88.96413725271208,87.02186496693254,85.18809395118497,82.32789097532574,83.9270620637329,95.73410692741805,94.66438990112515,89.64926022359508,91.07653016516726,90.7394393587609,85.49528014090565,87.9485459906809,82.64148636433558,84.54871681623332,83.93976493949097,83.6328654696882,83.6651107761911,84.86119043282993,83.91880818642002,83.74789255116859,84.33775255906949,83.48934286794496,83.4053908040627,83.630435980658,83.66021175805484,83.11020719727715,84.16520652782432,83.21592046797657,83.40961754775867,83.7971508345062,83.71596748733454,83.95488815726966,83.44387996133501,84.54373277750331,84.53484875559356,83.75240504422376
photo_bird,96.43748987407064,102.68137555923283,98.88824075891021,103.54644432304083,94.46284527115536,91.57477163063537,97.87376243649092,93.38553906397048,0.0,88.7828131297041,92.95024997450948,87.73241064110928,94.88490793601353,90.20855803008617,91.77224610591716,88.62130380388967,97.30541629213913,88.60555076199226,90.52757087103159,89.06397325327183,101.533033567733,98.5481102689505,89.58816581111151,97.36924779375067,95.2766078676397,101.44771563294877,95.56935829529525,99.21413708230467,97.81636737347864,92.95793293777741,102.16657994322628,101.54401601842797,78.96200716823573,98.1627564981503,95.18531480592279,89.16674988319323,98.2581154669372,95.10713214076821,96.09718356597182,94.8972354272474,99.25889004045065,89.45065320158146,88.94071910973155,90.85632928439337,89.20883370560983,93.44186314519224,86.52565400173381,98.57935428922423,100.1458441849044,99.05430490175985,94.29119337477607,103.40225796115135,96.85445185891648,98.91059567543836,103.59148779024747,99.82768440659767,93.56396507882897,96.53569293645121,97.00913888676384,97.42874288610089,98.70542789468732,97.29011154264214,95.7753725246575,95.50095340992632,96.21887673694998,91.98603603831847,94.44089806752756,91.41182093599743,102.91764947452155,100.3186474292162,90.13068627135068,98.72170791072297,84.66081881974269,85.75952832555319,85.31879319926794,83.71367673397324,83.97668081957819,84.9861073449604,85.47434840317479,84.03594995626729,84.07027664548903,84.23365727358919,83.92065917165573,83.73507969400396,83.48834783515477,84.35285807477791,85.69889644949157,83.13790038587447,83.87238901867923,86.08907486427677,84.1813336354094,86.05137949167026,85.65471161955396,84.02268677440289,84.92145963689822,85.66896698031462
photo_butterfly,93.16223811437278,97.8071770972166,92.21445174278665,99.75378649208696,94.21055249125541,89.27019160083663,93.74206839679975,91.05445669265252,88.7828131297041,0.0,94.08445567591606,89.98672086880246,90.63302146329349,87.36850096101112,90.98173736888971,86.62697739621423,94.09123467741264,91.44549259922738,89.09161979203608,87.78727757393254,95.63798647499752,92.54264867428974,86.8951777022903,90.57321980431429,92.83578747746706,96.4280092320506,93.19004711505742,94.2330824262277,94.88542529812297,89.92033008243773,98.13424363609502,98.93080251581151,87.63233751290646,84.5683408349923,93.82602451275919,90.44790967466933,91.85816806885197,91.56648868686835,92.04974048121036,91.8664845411587,96.06269220713999,92.24016633105764,88.00839476175737,89.26444280032347,88.98064812839749,88.70282371945389,85.83124779518118,91.5397761647836,94.59524835906224,97.81890496120154,93.15385800374187,99.49335413325558,94.24030799136966,93.79936425973598,99.90632530724946,96.39613593862862,92.5175559572535,87.77474826276797,95.55667652100021,96.55784330624155,95.25797399121714,94.58771193665633,92.4791150653679,93.52166116959498,93.99557826650151,94.86369485583899,92.98622570238065,88.61477282009884,98.60746069263388,95.81552865340441,87.8153518893827,92.8525530824314,84.11508724740081,85.44116820307468,84.98077164196846,84.12896941196696,83.77762915055038,85.00876217770215,85.36916481853598,83.8206767648555,83.94353689612092,84.101165037272,83.56297170113896,83.97253239625105,83.25845457102596,84.30764744058736,85.29978873424113,82.89909434392105,83.75895581527666,85.92733252847431,83.81659745351332,85.60286001825777,85.06872419742218,84.43187348561689,84.72835688438758,85.3922505150381
photo_girafe,96.45139344742623,100.60559993615682,100.3769699262016,104.99873109695254,94.03457750902261,89.81311579898306,96.70532198723569,91.00323767770587,92.95024997450948,94.08445567591606,0.0,95.03307387201575,95.52733984114055,89.05321682282799,90.56945582004478,88.1608506348642,96.15737815529056,95.51618353695535,92.79811045898447,91.53634286945548,101.82679134311962,94.5540993567858,91.0004068518694,93.917266261012,94.84008996025098,99.8291417198798,99.20318198738575,101.58571316984491,95.19660108977295,91.25764388845435,101.00565527646192,98.97204963739516,94.34113514154328,97.32509994313804,89.4510880150469,96.40374803120773,98.53448478914532,95.05338847652018,95.63664588539272,94.35964780257248,98.72020965391773,96.09419198905415,92.95011330913661,93.17112613870104,94.95309491228569,94.3853471898232,91.33904144790021,96.16271893995975,99.251210953636,98.28640234519578,98.63975170605023,101.48669634514437,96.24100187223961,96.53509045618222,102.17325712565818,97.56558059035837,95.84800774924865,95.9042993879513,92.5252849888613,101.95186041818337,96.83701032875885,97.26032889651208,94.96052910939606,95.45996487205687,97.00123055843997,98.31115124736594,96.59267205093809,92.74962505138528,100.78712316127817,97.46571580665389,91.0223846553189,96.07194565717701,89.62395293759296,90.65610875022008,90.35596005123637,89.07471053925745,88.45841394994386,89.68991449323342,90.91618327018793,88.56241206785569,89.22644707944181,89.10733211366,89.18851193430294,88.74157042031047,88.45130353656029,89.28747310162211,90.7152443978898,88.09932002042349,88.60600017873892,91.6594314548082,88.77381251545319,91.2439368387742,90.19470268584229,89.62040382563626,89.63397069886116,90.43396559997937
photo_fish,96.35376025030956,103.25352515986131,98.75528788267405,105.64744115239493,96.42787012670532,92.12253606186125,97.16494916082395,93.27804269013816,87.73241064110928,89.98672086880246,95.03307387201575,0.0,95.9216142062102,90.59089474346591,92.44483548483937,87.99464658528824,95.73251649357499,85.95139252958768,88.65958496759555,87.94758945862397,101.71557589808738,97.96602651626317,88.2300531521107,97.74438461514683,95.75679980952637,102.22563454881472,92.64736622173967,101.54236259672952,98.014874014391,93.47727236561666,102.38186605786612,102.0660037368297,89.28846452208931,97.5214217636786,96.41818918481903,76.96714246124994,97.9971669532178,94.30039638158628,97.01315008581832,94.51119395402652,98.16455816301804,86.15331570562869,85.4515701430582,90.14554048479637,87.7614821380135,93.1344184683945,84.87302640958315,98.68021055851018,100.696936568551,98.93311131307227,91.60428518858173,103.87084635852213,98.42571681451089,99.10993764733217,104.27479240936871,99.60373501324003,95.1720700397447,96.25755227257038,97.96477732493395,85.63010068213734,98.95299227075895,96.89462144554138,96.11962864663163,96.41283684899709,96.47777031418227,89.12388669696041,92.37974597368603,89.67516002559971,102.56687184769972,99.25215349679371,89.27432786164006,98.53661225237343,82.82906010617931,84.27269334989306,83.6476973494764,83.03566864561368,81.1093680801749,82.33875298119854,83.82376644452864,81.32143976062369,81.8396582152362,81.89263864087836,81.86119542413081,80.7925803653217,80.26765835956064,82.95016711342305,84.09557690608456,80.58891709185635,81.68545734186254,85.43981290394582,80.72555789967628,84.05082233543715,84.17265561744348,82.33866260991043,83.2392855841473,84.15635649936193
photo_cherry,91.4130484244776,97.91815604080028,99.47962001488791,102.68361257033406,90.42900269744804,87.53041346328172,89.36620465655432,87.97453798016754,94.88490793601353,90.63302146329349,95.52733984114055,95.9216142062102,0.0,81.41034788958879,87.94188028262606,84.12801680461149,91.47626314787868,96.04294773378484,95.62945808471225,91.4703103607007,102.71023109096191,94.52148981958359,89.5766889332832,91.32767235944297,93.3497453705986,97.61062370773281,98.52592791367464,100.8894118422346,93.52526336177611,91.01377678389933,96.48973247076177,96.92796702883464,94.70144690387629,95.06840780441632,93.39900079424548,96.06938519692099,93.79649030927736,90.57601322966845,93.13297467207218,90.34696077482288,94.88025538687036,96.94558923517077,93.75863522853449,95.18328055523531,94.91680896959271,95.25015127666263,89.36576953204407,92.18953309100058,97.22809619577802,96.95175614852349,96.91496548392362,99.32846094479711,93.36608649223156,94.54422869209114,97.46651181588734,93.13824566200512,91.30739131057062,92.32944557571767,93.7450897484931,102.46112644002865,90.82799475003719,93.22795604844598,93.24928322448218,92.49513195331198,93.08433220708913,99.35693262816254,98.23886773390367,92.58989272300963,95.8842208546587,94.88736269282398,89.35360238869983,92.72590710579897,87.79841307133444,89.3613127469611,88.74003762804182,88.34342856704644,88.50442849866165,89.64898262070848,88.77571496042594,88.54905610816036,88.5195954296803,88.39693890348566,87.73936535415761,88.50301369274608,88.32382414449039,87.97639773901048,89.23196836442081,87.85212147005238,88.16964267416209,89.1846492174085,88.54216088777366,88.6985772108937,88.48416694541001,89.08907318333331,89.02470440480246,88.74505528572297
photo_tree,83.89656744279623,91.94620638795665,95.09065875562075,98.21833503342258,83.63349027502348,79.10495970277911,84.42712646319742,79.74912201562334,90.20855803008617,87.36850096101112,89.05321682282799,90.59089474346591,81.41034788958879,0.0,79.5056783759611,73.70965243678955,82.42444298060755,90.43775390885179,89.08702578222011,85.17430057354913,97.36268578592748,86.91346440158566,81.85555601449573,85.78225474571676,85.4119137035825,92.27271139665633,93.59859501633814,95.44055031393856,86.00700588749713,81.76278934836412,91.3212565912312,90.21341151395748,89.10729160633622,90.82452027023109,85.54402174252789,90.14636669655717,92.20032557575043,78.46881060058071,86.81887265613294,82.44128831349138,87.20855312797988,91.5325280964268,86.93930512114919,88.83556226952393,88.76872387514805,89.13317693482578,82.42937069194176,85.93441096203883,91.35094261827996,87.98714249372598,92.02874088780477,94.4924589597851,86.16560830549219,87.25452918549875,91.420200386397,85.17683748490408,83.59193404143652,87.4509735270364,87.40608890803553,97.43211791786602,86.6121547354644,84.03294906309151,84.86743934483792,84.25745074662305,84.08497791396852,93.77259923494876,92.55597120774269,88.37026464559275,89.58544089205557,85.5058751673687,83.67519938908362,86.06908931819744,80.26803739465791,81.8891920593586,81.66582124687939,80.73457382267672,80.99035375403467,82.06433784016195,81.67227910391887,81.02315917592439,81.39845302085754,81.00514640414714,80.80887221910743,80.98168900187383,80.74697739379853,80.66920878491536,81.92889104538642,80.4733154424008,80.83331468065023,81.83930536178956,80.99634814104381,81.51335259027539,81.13287964300721,81.93206675478437,82.05746500125156,81.59330860312899
photo_flower,86.75264443882703,97.28343097712008,98.86730291434698,102.19388525428076,85.81115526858689,75.97161510168667,88.08151631835095,79.32030791785033,91.77224610591716,90.98173736888971,90.56945582004478,92.44483548483937,87.94188028262606,79.5056783759611,0.0,66.3286287190705,81.4598959052349,92.93428156966515,92.37760574360404,89.26593194163927,100.83492752766767,93.82330716747099,87.09886689835227,92.02835113352381,89.19186125627186,95.52138974405302,95.8173952383584,98.65427694205809,88.87994332105238,80.66876705219774,90.38530222507484,94.13682074853139,90.50898432831953,93.90792313985865,84.06345090407196,92.66880663259226,96.13989717856039,81.28904988135692,82.23001191417129,76.26626883943193,85.65921448347133,93.40730873227956,90.62578141277952,92.57214338153506,90.01841952922588,92.53776860196932,85.90844893511098,91.67163748579007,93.59284537090828,81.47251928682536,93.48798271706761,94.09925609206313,87.60358312665518,85.14505386754715,93.97731674133978,85.62239299984176,80.95992851589588,91.65064134522527,86.23261351276518,98.77504116273877,90.10271003969527,83.50686636706148,76.26493219926732,75.5194161510937,81.07816649272355,94.78207264928932,94.87066762909912,90.93809961584743,89.21381356493686,92.36823915745276,86.08794997329586,89.38639879459606,80.66615575661898,82.92564399045804,82.04401826783563,82.34479640336309,83.02434089278374,84.0759476251237,81.94642922836121,83.0963783241255,83.11339908999719,82.56354767847004,81.81674784671083,82.86969662878542,82.7744142220239,81.43769380718709,82.55907647627046,82.52705756491395,82.50879287470326,82.1032747338289,82.82583425900427,81.67493457470117,81.79716845467706,83.39891661014089,84.28537605253328,82.19371528318398
photo_carrot,82.95045626846178,94.09949799891359,94.3489005554121,98.69921315292493,82.05179813248797,71.76289487498546,84.76724422105134,75.05785996614466,88.62130380388967,86.62697739621423,88.1608506348642,87.99464658528824,84.12801680461149,73.70965243678955,66.3286287190705,0.0,76.52535064988977,88.47347458922077,88.14635715259895,85.12296529315404,97.12435447438494,89.84649794283428,81.6462159301013,88.7627493959286,85.21486762540876,92.6211102933303,91.17513096011287,94.81446542977011,85.47736856192859,74.11356799575297,87.61058589855091,90.52541873395255,87.4256185318434,90.45474113348624,81.29342329613851,88.20402097316823,92.678079019658,76.38978787499788,81.64683728792689,60.026040778381265,80.72445042735313,88.62435379842401,85.92876875902779,88.76329415278347,85.44696196371194,88.90643250573845,80.99565017256693,88.51120506827148,91.55183249430436,78.57533346499092,88.91283850359727,90.46067431439809,83.01387634232745,81.36384398578902,90.1535280001453,79.48448235150609,75.96297921817207,87.25090907197135,82.9998761031635,93.95158388536434,85.69383977133354,77.4973512948867,74.15991166421013,63.356697064792634,72.56367070835603,90.34482954604634,89.42362896113497,86.51996352949642,86.83345970374093,87.84685392582762,80.67141418505446,85.48723977170253,74.94326214166502,77.06244315447537,76.34390377263206,76.83323051896807,77.62862536436553,78.80590387149222,76.22464696652699,77.72624261015791,77.66659251680652,77.03239487936396,76.18811432235852,77.58394287907083,77.40410831548378,75.57415337922247,76.88265751630013,76.89940154835072,76.81507274881699,76.421221445078,77.43307803633684,75.9247162156735,75.95417988495859,77.97900290119874,79.16207331508934,76.72755089366458
photo_watch,89.30608001306541,98.80331036109501,100.8376004732938,104.88482154510099,90.510046212858,82.78178197124936,91.9181031370019,84.20879309384648,97.30541629213913,94.09123467741264,96.15737815529056,95.73251649357499,91.47626314787868,82.42444298060755,81.4598959052349,76.52535064988977,0.0,95.33085285112392,94.46315250101384,90.57484745333304,102.65224278467986,95.20348864561316,89.04830933517711,95.34971969412662,91.10165661800842,98.46009850946938,98.54551204247315,100.62523598842101,91.63772503953692,85.0971984096487,93.91419684698613,97.31629283712648,95.40722981021474,97.30940248357714,90.78701257427764,95.45432094137499,99.06353533535986,84.02689383027162,89.34160241254737,82.95984180706084,79.04926409988425,96.29342951675483,92.93758732702067,94.61001889339767,93.7665531165012,95.23234148239354,89.06284014732336,93.7069698997157,97.34633282085595,87.79949263627633,96.14968140747561,97.73705288519368,89.90807742982612,89.61739806067355,95.83091234924596,87.33151723666873,85.84606806232033,93.78477537589448,93.74245832560209,101.43352014944541,93.06052044506787,89.53415236964317,86.38660601273584,85.00584107945309,78.5563740620868,97.965299719656,97.64680182927556,93.408671972472,93.77650682526725,94.11192956826117,90.16137481472269,90.93564418211247,84.72108566464385,86.80675077722525,86.20736734810981,86.1564013105911,86.55695801997481,87.73930232439939,86.24518204748908,86.51872138685238,86.89536238309722,85.94145399154057,85.74745784070304,86.68913253191734,86.1396772494386,85.45734637156791,86.63432540098965,85.87940101651803,86.08574726655333,85.9485747084756,86.2799751292299,85.72444693017333,85.73132705578585,87.14512257439974,87.14731079099072,86.24544579813022
photo_key,97.17384992200907,103.0529579592045,98.84332023394259,105.70403089252044,96.59438940662433,91.85174052013424,98.0812540532651,94.27959375050438,88.60555076199226,91.44549259922738,95.51618353695535,85.95139252958768,96.04294773378484,90.43775390885179,92.93428156966515,88.47347458922077,95.33085285112392,0.0,88.79807891117899,88.45906824874733,100.53838474141257,98.01030284991809,89.12437119496197,97.89448204293146,95.80253305394862,102.10506398109018,88.71105534693955,101.38974746116301,98.24306548316031,92.81488456682446,102.16240709207122,101.65806999947057,90.08966890171251,97.6820755099308,96.8757623865283,86.92879611850229,98.382215069845,94.50472710622961,96.3744097097778,94.61174364400503,97.48151066520622,68.50040085481406,86.86162188782855,90.57309878131123,86.18098248786372,93.47709762271462,83.83816265049879,98.09405399420895,99.45104866186487,98.99210697054502,85.56505838049645,102.7003649690149,98.20823256798177,98.39403346008885,103.16619942003231,97.90158476480815,92.70263167368498,95.17347277798383,96.7256318954839,90.2213486181624,98.09514216513794,97.10227819213338,95.51633601588381,95.32820644522131,94.32490354982853,74.01370931640687,90.52315196833848,88.82743502523178,101.93252802770608,99.64854977468278,88.45649461964933,97.78464827077565,80.61264664481004,80.56109445904802,80.50277220206243,77.85421556464937,76.27473928203374,77.13116633973475,80.68651562631787,75.74097581544014,76.66079293424362,77.88383499028144,77.61888883619969,76.38919888332046,75.9327402860342,79.48499732861421,80.66277186066819,75.19856679951236,76.91351671986374,82.33463006430573,76.16323959630968,81.77410079287927,79.99950974176713,77.31997793448097,79.72925368790737,79.84770878373287
photo_truck,94.57764872420606,99.20707051519766,94.86633911949939,102.26453154101947,94.40089908746413,89.4736687305819,96.00066429252543,91.87901016361107,90.52757087103159,89.09161979203608,92.79811045898447,88.65958496759555,95.62945808471225,89.08702578222011,92.37760574360404,88.14635715259895,94.46315250101384,88.79807891117899,0.0,83.04559393302658,95.59673804823731,92.60252908780734,85.48118821752516,94.07969407466403,91.07949265683004,97.46383459342054,91.17569213517217,96.25679431814527,94.27129631122334,89.41716936963877,99.14321056687682,98.0642622278068,89.22439163433127,94.42044879588443,93.81763201194015,87.97956015576652,94.70790557870117,92.05402029590245,93.78856749211519,91.79419282739377,95.24686773871443,87.81161681863328,74.58487053280716,82.68805539062312,86.91956669865361,86.35585965536237,81.99075122677897,94.33707833584349,95.91879556955239,96.3784084510471,90.89146307257437,99.96816472476377,94.51270543236225,95.22218840797976,101.17135129707866,96.52336238006272,92.31164117929771,91.44983713970585,95.55475767137519,92.9209737352992,96.19929636514674,94.87007151870529,93.82849590962917,93.59504216756373,93.78454616484495,90.97639832236797,79.44035346872597,85.12583338635214,99.78850400028473,95.72073422731444,87.79059678416145,94.72974405976187,82.50998844325875,83.53014812957164,83.54598350541568,81.84766840230435,80.24634057468634,81.74810970706957,83.88370303577817,80.44929622288048,81.46794302994599,81.55516827655542,81.38396667254813,80.55554517835503,80.16259756215221,82.27911584899311,83.63955992489099,79.898722832115,81.03315287589113,84.21755788768372,80.3995816441784,84.02405265197727,83.39802086471335,81.5515395820278,81.78021853503947,83.45302273002675
photo_velo,91.40480226471806,96.8427699016254,94.1372362196707,100.26790953342295,89.65346494157158,85.94214212073003,92.74425649837848,88.03835635677073,89.06397325327183,87.78727757393254,91.53634286945548,87.94758945862397,91.4703103607007,85.17430057354913,89.26593194163927,85.12296529315404,90.57484745333304,88.45906824874733,83.04559393302658,0.0,95.17364069022108,91.8217352142025,84.07131090143679,91.23660904362407,89.66542837592199,96.166216519852,92.49599152385461,95.90209668183074,91.23694996351101,87.84275655035793,98.33863694928755,95.64984534701586,88.6818925565488,93.68888093429749,90.85925217471781,87.82504465184745,92.28281889512321,90.1016292419159,92.93433982361718,90.36509200119843,92.84665156198493,89.33486593478553,82.2830805193593,71.61839400777804,85.88747285062072,86.60764885993868,80.29898414605778,92.22768997612015,94.60608964875847,95.05513348608969,90.81892018828971,98.6027759811422,91.33540062501498,93.29580760953667,99.61914527122704,94.75984619800151,90.27338759655608,90.63755899028071,93.07594783471743,94.92455858884789,94.08428630748938,93.40681960146145,91.8941588098745,92.35483393955273,91.85525110547955,92.08414400132288,89.56916509615405,78.92556020307188,97.84581209663858,93.66867541248457,85.13091340883659,92.6318890885173,80.93568365384036,82.3251033086977,82.28397866421976,81.26195756690807,81.18379827895185,82.50966807555274,82.31514834492437,80.99323295599734,81.19613615851833,81.74990345151375,80.60179926294124,81.20655605029522,80.44958402056709,81.10648895436866,82.50459348070733,80.07302768065624,81.03221934251977,82.7876277430756,81.04741123499659,82.71784600363733,81.96941780021947,81.7573618878665,82.17737531593025,82.08690251229824
photo_road,102.36631531148643,106.11861803575651,91.73736471326261,107.03192507402768,103.02283395662428,98.03305287178696,102.68095826872558,99.88973888007855,101.533033567733,95.63798647499752,101.82679134311962,101.71557589808738,102.71023109096191,97.36268578592748,100.83492752766767,97.12435447438494,102.65224278467986,100.53838474141257,95.59673804823731,95.17364069022108,0.0,99.76050307520818,91.32505659708869,99.38356796906307,101.41750756421656,105.83101652969349,101.9016484802897,104.07035398189758,103.77866503755371,99.66884246634385,107.19543966902802,106.78295740504566,100.63426390269906,100.3115214876361,103.43007173306489,100.94750349024677,102.99991257005816,101.23371819510875,102.55657722318891,101.862748671028,104.52424070051961,100.88544236258394,96.54567952001081,96.8888078130331,94.84181944865183,95.57490320889308,94.68022321657759,101.39534514710695,103.53883188604611,105.68937157811321,100.97151647628125,107.88908360723042,104.05220770337223,103.83411051568424,110.09947011581737,105.78835015538644,102.33554074698186,99.39962576595491,105.9739769347529,105.185006541584,105.12814385956813,104.6199211657685,102.76097149095631,102.69403660238783,102.33659555044785,103.47891891188537,100.54200251992332,97.76534903179339,106.96135947121586,104.86500574245439,97.96215015593518,103.10544427160295,92.9434204421385,94.11043564194696,94.23243571730116,93.08233775216897,92.05909940819151,93.19551043320607,94.38549279550743,92.13420470214902,92.73612886494433,92.95068784618766,92.60962436613414,92.27349705789256,91.89157661190431,93.22666819824283,93.91216685277712,91.48336031097622,92.70636198637393,94.5858775072487,92.40045311597906,94.51125199984982,93.8898784745532,93.44203953426276,93.53542500869978,94.23462760406052
photo_house,94.02009145904927,95.10624724683689,98.25774072199366,101.00907177958133,95.77682950775244,90.36457514670805,94.8523888123878,92.11025712195828,98.5481102689505,92.54264867428974,94.5540993567858,97.96602651626317,94.52148981958359,86.91346440158566,93.82330716747099,89.84649794283428,95.20348864561316,98.01030284991809,92.60252908780734,91.8217352142025,99.76050307520818,0.0,90.22264492541736,91.30414799294921,94.55431247076488,96.73293279039584,99.81007604532101,100.33362360285119,96.0706093223976,92.64382723781222,101.14347131483255,99.09361482055226,97.2815963388175,96.59494152542858,96.44969280322769,97.84496717324724,96.79443925041109,93.72472837841717,95.27634207016509,94.85655253028438,98.36543603220261,98.95415196995972,93.07301486299141,94.20692255874005,96.31189562534085,91.79025490783334,91.6973215294688,93.13446222031014,96.70568813135003,99.526775974524,99.60218841980995,102.2304717616573,97.04154398229643,97.80607785025876,102.45969973957186,99.23176368119843,95.43729244364864,94.73106082314895,98.81550286435231,104.01000905428677,97.15857146061735,98.76398257048632,96.25027273870506,97.0991105376397,97.09482065570167,101.83235820950568,99.08818332782752,95.3236110376676,100.65338617139622,93.74400918299898,93.84577649668914,96.00243915961755,90.05961310416492,91.90259547035885,91.32229161595482,90.28771805992312,89.95636366755936,91.2915138755519,91.8152888180851,90.0104390234693,90.7424096553867,90.7073539246297,90.26889380325755,90.39022366296287,89.68849325224744,90.4249620116704,91.65791440032375,89.22437929721536,90.09055193903107,91.76829391734017,90.2020363460723,91.67591477842169,91.00842131312253,91.1995764492632,90.82296110309238,91.52433677315835
