,photo_face,photo_profil,photo_eyes,photo_face2,photo_walking,photo_standing,photo_hand,photo_legs,photo_bird,photo_butterfly,photo_girafe,photo_fish,photo_cherry,photo_tree,photo_flower,photo_carrot,photo_watch,photo_key,photo_truck,photo_velo,photo_road,photo_house,photo_mountain,photo_windmill,drawing_face,drawing_profil,drawing_eyes,drawing_face2,drawing_walking,drawing_standing,drawing_hand,drawing_legs,drawing_bird,drawing_butterfly,drawing_girafe,drawing_fish,drawing_cherry,drawing_tree,drawing_flower,drawing_carrot,drawing_watch,drawing_key,drawing_truck,drawing_velo,drawing_road,drawing_house,drawing_mountain,drawing_windmill,geo_face,geo_profil,geo_eyes,geo_face2,geo_walking,geo_standing,geo_hand,geo_legs,geo_bird,geo_butterfly,geo_girafe,geo_fish,geo_cherry,geo_tree,geo_flower,geo_carrot,geo_watch,geo_key,geo_truck,geo_velo,geo_road,geo_house,geo_mountain,geo_windmill,word_face,word_profil,word_eyes,word_face2,word_walking,word_standing,word_hand,word_legs,word_bird,word_butterfly,word_girafe,word_fish,word_cherry,word_tree,word_flower,word_carrot,word_watch,word_key,word_truck,word_velo,word_road,word_house,word_mountain,word_windmill
photo_face,0.0,71.05986867673147,85.40586837877524,74.3530501708036,71.9457238109948,68.51058707896901,62.254345855864216,61.75984435575031,82.37678147596469,90.68535771884643,94.44373383168552,79.69122174422228,75.53301713022819,68.94314755141089,69.83963904666724,66.00210398175393,70.57403126239947,85.62257374036031,84.26099392714683,81.08778550355503,94.95506392022592,76.0407445869081,83.28730445914742,84.7965757078682,82.52729229748437,89.24285348010459,92.9779386043213,94.00778323360841,79.08144458553917,75.23065234622709,86.31268708016088,88.71395793182289,79.9327328393958,100.74169610344913,77.11930207739093,85.4415209508619,96.344664501059,68.79979558416501,81.66096221907118,69.87920577836181,72.35491093915967,88.97290856895708,85.84553580607924,91.46607146893048,85.04619696785535,91.88125886203548,83.8047625034077,84.40598251232761,97.32422946826475,73.67908141910148,91.85818754730741,84.22605972979396,76.22458793476623,77.37911073671965,73.74757709010476,78.76186055492344,73.8622687923978,93.21209418761654,82.41774772494277,89.63142719776818,89.37530616126469,72.87022555163485,69.79826202302073,73.13249940473263,71.22204577232644,85.3285564141978,86.14786430920736,89.06551974973884,75.43099986631454,85.79512062007085,87.70771525543505,84.12483315811663,73.23393635778955,76.94061329969516,75.90234836348176,80.73160604327643,85.36988271576901,84.60929223849494,76.2429553483398,84.68629660962485,81.82074775161824,82.36950466137121,79.1448196835454,84.49832365126267,84.80483702290897,76.31143694394412,75.97487027121831,84.85665837889707,81.31016716298114,70.53800655861498,84.59402180787002,72.64069852216483,75.8857829629659,81.49268697624979,86.10670586756734,75.78378079407659
photo_profil,71.05986867673147,0.0,83.74078369028607,71.23601954199607,85.01406167457446,86.12144662639834,73.0684143333187,82.02277000549782,89.25162352163721,87.36613035953496,98.28399525385394,87.96419086570461,81.34723711095329,80.00008053239227,87.52469998547438,85.95755668252424,88.48373018413972,92.61488485343816,88.03150972882676,88.42870685920097,95.06528594319413,70.96061759678189,90.28537996879136,84.5539438159872,96.17294523394843,82.66006334731311,97.69810429611995,95.26952714409448,89.61617930442456,89.30603560938616,96.45807314513654,92.61634303958851,89.89649156855567,105.19506008449503,89.38622227952759,94.5859442226613,100.59523522704221,88.18488269453258,90.2527411559606,88.89485340830572,90.21199288282905,95.24222292242501,93.37902660483313,95.72847621370208,95.18005710216774,94.21146270413065,93.07462274919845,89.58398817133157,99.18878436639467,91.4006340285301,97.03476755341764,94.10216167935315,89.15522397591559,90.98127485800185,84.01724908676339,92.19020159706943,91.27674049533239,95.61578265260769,88.91598066612873,96.95102897147953,95.34498551650682,88.68424478513197,88.4227198980121,90.54779765571664,89.34157044550952,95.57518135402088,93.65093597336929,94.107042067316,86.17014505809851,82.66448233249253,96.92370385896365,90.85430016621932,88.56393755790762,87.20183651482257,88.76786774725582,90.610017123453,92.31340993848433,91.9670989117526,87.66332449744273,91.70225037209354,88.69128737392026,91.85158240025306,88.41284620121219,91.53649983750752,91.30249034725347,88.06805988462183,88.71286062110981,90.5359928577645,88.99528869745357,89.26876710008048,91.26199195329494,88.39408500565013,88.57575798460662,88.76276304896807,94.96679982132936,88.39624235449105
photo_eyes,85.40586837877524,83.74078369028607,0.0,74.50438178261189,91.89877699701977,94.15126025837834,84.94040079462701,93.01645151462503,85.90953898651044,75.23944171373734,95.32682544576348,80.37038993903657,89.88881989384761,91.28712564463488,97.35868612388379,92.96408830103967,99.96775786789786,87.02960189044045,72.62413575498937,82.25271450785498,67.54136366530047,82.08549327959031,81.38685140193616,91.33888179344032,98.89368553500262,98.21276573206738,89.92745057330018,89.01802217580982,100.2626948076208,98.57123603731621,106.62035185548142,106.94087465760131,87.16214452560982,101.98892631808641,101.16630331560266,89.69913365650514,96.65437962826621,95.62357747455864,100.3415457443548,98.45231288532378,96.12571330382255,89.01645865843226,84.85642158387415,86.82125549003533,91.69999546844195,80.9989813256955,89.38990788105811,100.59482671323187,103.02316392085673,98.31939410797267,90.02288772754163,103.11310691172662,96.98445803224186,99.99597034586645,97.18434343521344,102.8244148126889,98.65203624902212,96.84571231059701,99.17514205978704,87.91447722611396,105.01313341098961,96.05785233118776,96.54729312289297,100.22822153093864,97.89760552203494,90.46306939800137,82.94707419590537,85.59381132515085,96.86285565349253,99.08421617510892,94.4943201417592,102.42868738828965,89.4784570979608,88.0509247960018,90.12468445659799,88.50795987923111,84.76162572970682,85.0200561174382,88.87727495231958,85.06363558167033,85.84396881059513,86.88126234818229,86.7144179123661,84.48461872495061,84.72954202187722,88.95891362207533,89.89263789150796,84.99041689415235,86.00045502267432,90.49433406675571,84.9214097131326,89.63411976045451,89.56448088184266,85.73369685534948,89.15419365311378,89.567763981724
photo_face2,74.3530501708036,71.23601954199607,74.50438178261189,0.0,83.67666409971082,85.46766629847222,75.09085637465954,84.06172728527574,80.94096720937652,82.44156633067911,93.1397456012863,84.48689544616715,82.5149175261924,81.39754586283883,89.55445270082343,85.19488335450139,91.89709910075275,90.63384985417619,85.13252333724013,85.73982663692765,87.36811095218857,73.00997911304445,88.07211256792117,86.70524476810415,92.49175154863607,89.07264467454182,96.31109227805162,89.80434263132689,91.18939377003512,90.4801893446291,98.65940317604677,95.76432130045087,84.76461045780916,99.52758302853852,92.916512759847,92.90017181872273,97.74597624142375,89.43712792087355,91.98768141217597,90.33236005498607,90.06574507618471,93.48541731995665,91.38403505430355,93.16335884312942,91.84100354954147,88.70806035648688,92.72505336803599,92.76583357299137,100.38726168717764,91.96557801762592,95.93462786750136,95.96236712194865,89.53768032015293,92.18082975542072,88.02682526955115,96.07490601574769,92.18303909203858,90.7119529311603,90.14966627688148,95.25311965899999,96.49759879485755,89.4517960826128,89.25342664854847,92.26840969254246,91.22275869342063,92.50411727200353,90.88907432810669,90.77011740769287,88.0355849680536,90.75915624168066,94.95854055248138,93.78404188633019,86.17697583925421,85.30647793807077,87.48848381981855,87.79231778975868,90.71963482828075,90.30718182931457,86.07037920264257,90.70903822778033,87.45015279544538,88.89401145107112,86.27200349157124,89.87150549991783,90.20384209392678,86.5950021226448,86.25227301573118,89.53565446145984,87.3152723776729,86.78303742452464,90.04505626858844,86.1531529178164,86.75194526850582,87.14023936737192,92.06746675463297,86.64301802866295
photo_walking,71.9457238109948,85.01406167457446,91.89877699701977,83.67666409971082,0.0,63.28956273692439,69.8890654898999,62.177910972224126,75.86267283436167,91.2803262259217,92.02344641724501,75.21653507195859,73.87774911403662,74.68201682962618,63.15297052018752,61.069544947094805,75.18150022454167,76.17328815843211,79.9828651987082,77.65713436804626,97.40737520927519,86.1646525568426,79.30957445820516,91.36441291796135,80.06489245098622,90.33889414352126,84.61062285803071,87.3296350975752,67.26080399366936,74.87740560119887,85.022114131882,85.61694856815356,73.06083865263177,92.64863492421398,71.44513069142891,79.21228094538252,95.80731697588269,71.97204593961688,80.53383692569314,66.86820768058415,71.14904829588262,80.64559883673078,79.3678062741167,88.05869362241958,74.6296792284967,90.31013280479118,73.18844525896128,88.34706616187742,90.70127239985334,62.41358294161186,85.35049320549118,76.70593817189545,71.77377060741806,74.45910293828092,75.1265974029269,71.67750779180697,65.80028449641132,89.60806626492999,70.21514110848668,80.07650589574818,83.40774150536065,67.09882489940921,70.13611725852472,68.09275344878293,65.9479863537345,75.84644121396518,76.49046291304452,83.57312329704362,74.96857387261105,87.19017283750506,78.11919635233434,86.36656134921226,65.08205110407006,68.80782122794399,68.37947074166118,73.22096854290542,77.97101835648914,76.74037804587817,69.3435039402882,76.8405132525542,74.75860202746105,73.72982119667526,72.65044572300808,77.9688473792782,77.13758260010411,68.73200690503586,68.10523729373071,77.16692281368302,73.93271887892324,63.815854393422356,77.00005198018975,65.6057464096627,66.17199235938236,74.43161793117078,78.36304906279926,65.75031756957587
photo_standing,68.51058707896901,86.12144662639834,94.15126025837834,85.46766629847222,63.28956273692439,0.0,67.77474599139283,55.23455034038344,79.50750617913191,97.53629685326787,88.30452905881388,76.79089304875554,82.96547496717507,76.92909667277272,55.42915500059943,50.27879501552593,65.67715646908377,75.79706968269149,84.7827590712224,82.75822855723534,97.40671274490393,88.13180431671977,84.74861055712128,89.51456964415318,83.0419623764064,92.88736387681573,86.86416768877999,89.88654310563439,77.51207755057234,63.607401104084474,84.56924171015203,87.71072182052146,74.78911728867075,86.40012181587798,69.56141379404666,83.32090103504396,93.72540186942396,71.55897653951624,75.27616031915086,56.52274257157714,71.33499660568955,79.92950125436062,83.05583800974209,93.82015948418231,74.31176204679936,94.191012385822,78.18460301785649,84.54005438424333,89.06716332734379,58.565948917179604,87.73120627677565,66.15479204195309,76.77235699976609,71.36110863508873,75.43603635513094,73.87860999068945,62.39438167036973,87.86419487586677,69.73404471670267,82.53574519069828,84.25959045961905,65.50233825023224,58.87299553247439,57.18354797405129,57.14568480917338,76.05578925122978,79.55204988304854,88.41742721043897,73.38614236231577,83.90919108008997,76.25499792254949,83.12247902974457,65.89138749084648,70.3157852728905,69.42561503377064,72.95914874885118,79.28487555408616,78.04331020940059,70.8655469927171,78.14036846328273,76.11445489605697,73.11540525417539,75.02455795759272,79.26009947426707,78.54572628093736,69.8724017257809,68.58928418450782,79.29221036683963,75.46443171925989,65.92939697783586,78.40739095405618,66.57622917324036,66.24254228036372,75.76884186296763,77.78567618931416,65.90492131372847
photo_hand,62.254345855864216,73.0684143333187,84.94040079462701,75.09085637465954,69.8890654898999,67.77474599139283,0.0,65.79882787218618,83.77576168422691,89.43787556815467,94.96993834189642,77.11028273874432,72.11151169635058,72.59590241536488,71.18869037631757,67.38331821172049,75.83291685224549,82.13288268472837,81.4015834843284,78.77845415852785,94.25503087555478,75.70203703288293,83.96199315947825,85.99531215406012,87.4613183031553,87.15733918928242,87.91447261757281,90.66359191433003,80.81376764637751,76.5588006201862,86.68271338101631,88.07028207561139,81.12353062530896,99.24503612910316,77.27107547697406,83.48841927706277,94.88759845946971,74.40101962637645,81.70666142937883,72.47499382163647,76.25379313777324,85.05352744254789,82.9364997752362,90.98155298421408,82.9790172723551,91.10438583474074,81.8978771643987,84.91041129773585,98.81237133064276,74.7282262674601,87.5994754799817,83.12574444279515,79.12679171394232,81.41852778829988,72.19008695764262,79.74781250887351,76.18627522014073,91.5957128185818,79.30141251325003,87.54784588391642,88.88039830465976,74.47890058043441,74.65676365297671,73.37896277463707,73.74913025706876,84.44213515809712,84.71466925478528,86.10246601894265,77.1904488684818,82.34541109296903,85.10842445347237,85.16978702208307,73.2843584033667,72.84808796736179,73.87845875373577,78.59428471688624,81.55634523440912,80.73637899948655,74.1493289013134,80.70536688930692,78.71558751982347,78.93076781401838,76.72978325035439,81.45760147955725,80.94276234561387,73.25962982943017,75.3021298521762,80.15554519309374,78.27629671140278,73.61182612049996,80.7726684230997,73.48689949649886,72.20968302495143,78.52095226538009,82.18148887608635,71.66547147972938
photo_legs,61.75984435575031,82.02277000549782,93.01645151462503,84.06172728527574,62.177910972224126,55.23455034038344,65.79882787218618,0.0,81.86709054395713,95.68354825022668,93.22944525516488,78.75498367733277,77.22189012382692,74.00327750335015,58.59461111707412,55.07620073560017,65.56932631448485,78.57864416478354,84.66505116998444,82.34272454143965,98.13828970858594,84.92325216504146,84.95346044715825,89.8251870041423,80.46939077846272,91.3701715865663,87.00452077492852,91.80086008368308,71.97429466693568,68.1255624309015,81.46223216537034,85.4953306103271,77.53004390504731,93.10500263738976,74.49615790190617,84.1873815789079,94.2105170876162,69.11907275980768,76.32299249897265,60.463111332497164,67.5851261447911,82.31312414392765,84.68804911479032,93.85646210534568,76.87825340432536,93.32157386754989,79.67034960957368,86.91777904892717,88.26260450532335,57.74338358395592,87.95970202204506,72.6233622407618,71.31340771498135,67.64680121103595,73.24786962428117,66.58372241666976,59.021980947415024,89.00604130075875,75.76618622260386,84.62921262069067,81.57130358080711,67.73868377510198,64.4301514546631,61.309173060662474,61.728066800985225,78.653209035824,81.15807339492437,88.22821735515676,75.55526923651644,83.7168510772773,79.4408346030987,83.70838842892819,68.89508007712219,70.7501443168643,70.9514914939918,74.91527538072903,80.4453542413702,79.46654490996883,72.3562071300234,79.5407794877039,77.42813767768419,75.35477312305912,75.37945731112522,80.63449645364375,80.58487773061786,72.43663010258726,70.13977475506411,79.91912825103866,76.83899747213702,67.33700191365146,79.76218641705461,69.15447058993377,68.32100904649764,78.06013686400772,80.74579291152745,68.09954518894232
photo_bird,82.37678147596469,89.25162352163721,85.90953898651044,80.94096720937652,75.86267283436167,79.50750617913191,83.77576168422691,81.86709054395713,0.0,80.62651135144161,85.71220315061434,66.69801761608569,84.21948416804541,83.11971085244143,80.3414554025475,75.24322655206457,82.45983862996276,66.31969802173023,74.28652583462855,72.94056597138962,91.4933053280081,89.89282899696555,85.29578989035379,96.82127928130355,85.00875247557829,90.10377134667537,77.707887692329,84.03660910743739,86.29258822574263,84.1950595331736,94.31279581749786,93.00699883335268,66.20530546933256,99.41916590291154,83.1655129693664,75.77550983790296,98.70553969642701,82.29710307775208,84.79470577891858,79.98092459586165,77.44454040177125,70.4544845238497,75.91401975722238,82.50619812157163,73.01682868325085,87.47133127094678,75.94515156106434,96.69295031591571,97.22800598675012,78.9908208083181,76.75641375939482,83.16219448324969,85.58450448363207,84.96574130715528,85.66000230041804,82.7439612558695,75.76326012390663,93.62811359397512,77.62776762121464,77.1308589256684,94.19853655611126,78.24530161749344,80.71653543541194,81.07465714279029,76.40927972512104,67.1236752304036,76.94383349598844,79.07777310454215,84.20686299975182,88.3078635466535,82.92120061909385,93.48783592989012,63.00989508800391,65.79262474222807,64.89118642934594,63.63368958346433,68.9013970641636,68.22411801751439,63.943959647415184,67.62688984024001,63.52231680842061,65.95833851335418,62.89238032845784,67.47322293602127,66.32683672443113,63.285047795303825,61.392163492866665,67.6268516568338,64.62830051948403,63.651703030966594,67.97481541678387,63.31443900764521,63.03099452252392,62.48869547156446,70.86902997298745,62.60745138372335
photo_butterfly,90.68535771884643,87.36613035953496,75.23944171373734,82.44156633067911,91.2803262259217,97.53629685326787,89.43787556815467,95.68354825022668,80.62651135144161,0.0,101.9291862976467,80.18360347491678,90.20200474717949,92.31842897925289,99.81903787199145,96.17143129504724,100.99099358400512,87.04181136522956,78.62114026507264,80.94076957245872,84.760293823266,87.47185339897929,88.87381638868581,95.40105949713245,97.7112197064988,92.41143573527174,89.56295112084581,81.09417315754605,96.24545443435935,99.46798040822888,106.43530964448185,105.11556397590523,81.88827318337104,108.4458128077848,100.62965142432336,88.17939761446623,102.55580563688059,95.94671151916857,98.50414873102137,99.6479623154818,94.74367016888662,88.00985051728998,85.34280123308787,87.98781154208653,89.58298380900966,85.729221476105,89.30227585236844,95.7715327903442,105.68833293373348,97.64673065552444,88.56434154208776,100.24268793949406,94.37006189876378,97.85702197730005,96.43984644706644,100.33091115362967,96.51962781246884,98.52571074137728,97.44463069762811,89.3617841768875,108.1779222141334,94.91298907877422,97.9349054603775,100.60852693175812,98.63405469342464,89.21110889588586,87.81385195855903,88.08081703660697,96.39761557277028,97.04421288978675,94.34717255758409,99.14479548651985,85.43317285912887,83.4366288261355,85.75421119978512,84.30804039915564,86.06520170596949,86.77085835742963,84.06829623717363,85.28405807794203,81.63875668001724,86.97363297856425,82.32269830730857,85.94614477534775,84.34320174126618,84.63399717054713,85.59052375142899,83.43387994322364,81.75486131515406,86.24743751684592,84.67283286726177,85.41307350476895,85.5467538496678,81.45576090108133,89.69980501708868,85.65588066306029
photo_girafe,94.44373383168552,98.28399525385394,95.32682544576348,93.1397456012863,92.02344641724501,88.30452905881388,94.96993834189642,93.22944525516488,85.71220315061434,101.9291862976467,0.0,90.36523157701602,98.66017137864647,94.72865512505425,90.0219692260609,88.80442339665841,94.19112942505174,87.47038441582963,89.52863752012165,94.25373451989493,98.9183351360692,95.18147055049832,96.29470876451153,101.5639020222224,99.13353251101933,102.57731785057618,96.00429768998049,99.54067801114033,100.23568578513137,95.0107634579207,100.17376289369264,102.0618753084935,93.01860647090358,102.1843861974636,94.15674972554181,96.41718708966397,104.3966460784195,96.32612423155345,97.9104201277551,92.31476242927593,91.93403114347288,90.61149109330957,88.87915073408067,97.09080950243964,92.80187168965412,102.10914628419089,93.45565553376196,100.82020450880376,100.2051615899044,92.7734433600255,94.51515504954213,91.89366458910607,98.01937143082328,93.17411901723759,93.01427489182183,93.4648483779341,93.71723972334497,105.33414143298042,91.18559596532481,95.81120323218246,99.78610370226058,94.11976567954136,89.36820233695764,93.36149147181779,91.88172009625939,88.99224263400778,89.10631454255571,92.00364348733468,96.01456710988033,99.17854438718672,90.26928280488885,96.8428636742341,88.93984269145325,88.8611263534754,90.30560491338701,88.06872869641596,91.67810366190662,91.85601290851388,89.36750395244681,91.18409801527616,89.55518016275953,87.74305715419246,90.05122538280895,91.55147337478786,90.7465688335267,89.09753543133517,86.84050624273499,91.08344118889798,89.73334293801014,88.57145424611842,91.13317008500124,89.13670328979552,87.4360552385677,89.41393366021524,92.59864606555645,87.49006446243223
photo_fish,79.69122174422228,87.96419086570461,80.37038993903657,84.48689544616715,75.21653507195859,76.79089304875554,77.11028273874432,78.75498367733277,66.69801761608569,80.18360347491678,90.36523157701602,0.0,84.80127446466729,82.34738040096052,79.14281093252357,71.19385610247403,81.0397295533362,60.00337902615464,65.2389854816051,65.75573204679962,86.74556709513722,87.91811578964455,79.93604248420885,93.95965322394014,88.8500791462703,87.32589703344966,63.85206656624354,87.64897843447802,88.65932657623323,83.38805703868013,94.63965284012264,97.01181162945515,72.6925469517752,95.13954309975186,83.62611704037712,65.04610247703079,92.71487667123027,81.75881746179003,84.30968832160836,77.34428119988274,75.86122102665271,62.14710262230523,68.14159750826983,79.57566681569514,64.89260396795986,83.84692518204531,70.25726023160256,95.82122484464759,97.98173867764864,75.18894605803311,63.950586983882935,86.99072706828626,89.32782787573365,85.1349349691723,85.92547356659617,83.45989257315156,73.80631919659416,90.36441235401057,79.22462201916328,68.16793374815288,92.47713914367273,75.28434098164304,80.10906231526197,79.29258698287498,74.57920865946943,61.620983026737576,72.97247174159592,77.99004591476533,85.1608969327862,86.32586963392944,76.52839569538139,93.84126045753239,55.66222868016034,55.745739997599095,57.90493576235296,57.304449061828464,56.4800941690142,55.905709059271686,55.464603936491294,54.71731711209302,52.2367781757425,59.687379691780194,53.119362373831095,56.652186847959086,54.38171060907762,55.91658795725835,56.449714400761835,55.343563136472774,52.06509116408623,58.71182581885876,54.46408679268507,55.95285019154447,56.77524503712407,52.03115956096859,63.19376874422627,56.759696441341006
photo_cherry,75.53301713022819,81.34723711095329,89.88881989384761,82.5149175261924,73.87774911403662,82.96547496717507,72.11151169635058,77.22189012382692,84.21948416804541,90.20200474717949,98.66017137864647,84.80127446466729,0.0,74.63583523685072,83.30319554395776,78.73270909912863,87.36281312785849,85.66550754690462,84.16289693508472,82.08205320620696,100.80363380041305,82.13006145069745,81.65566507708253,91.9664342900782,92.21697132188531,91.9647622072226,91.37046712336604,96.39145834693582,78.62581077853152,89.40416056300866,93.89329419765637,90.21148649363799,84.53320100559483,104.0722218865092,84.28261622400827,88.10417190855046,101.77276068372521,80.08325089102932,94.80348004875277,81.93683959303853,83.11949910181256,88.44500851822822,80.20541267134959,91.48103872132926,88.9359770119523,90.29933010237066,82.50552700335908,90.255107724322,101.78280983209142,84.89375964666792,90.89436895473176,90.81286258360082,81.91773053548206,86.9668942735398,84.61749281737082,84.820231573793,82.39205149992446,93.79523619924493,79.03733310726001,93.08123855895593,90.18966565710639,80.19146696641477,85.79508257068095,84.5115959470825,83.252219292808,88.41882051059423,83.73821764415997,87.71975923850592,79.93957717229398,87.99567564234744,91.88361035483055,91.33897642647135,78.83956602730973,78.23171843239113,77.66217061232902,83.43872786885666,84.5573071259953,83.59082463861577,77.78784322878032,84.63218046703234,81.79443394393012,86.3981171818665,79.34192708154715,84.04526143279789,85.51276745701485,77.38524901310886,77.21702131000416,83.88603692246261,81.94912780811758,76.74471319468137,84.63645999572961,80.23543286337382,76.83411017717891,82.31390966890102,87.90944636931944,76.5958913847455
photo_tree,68.94314755141089,80.00008053239227,91.28712564463488,81.39754586283883,74.68201682962618,76.92909667277272,72.59590241536488,74.00327750335015,83.11971085244143,92.31842897925289,94.72865512505425,82.34738040096052,74.63583523685072,0.0,78.62517615727711,72.95298026409962,75.46774085387698,86.54306265731246,85.7464269265916,83.18216375832105,98.63216770489643,78.07484973126003,80.587162764149,87.89696028517042,89.52542441883422,93.95921175144385,93.65225229942597,94.75876664408678,81.45139059672977,80.93962244910666,94.96860637251757,89.34601344168436,83.27046673075036,102.50632524767299,80.76385410341528,86.86980113914191,99.43664049460955,71.48616106093172,91.77666529682475,76.85550926516187,78.71569235276789,90.13858336059688,85.37651820489673,91.97296270282739,87.82841935923948,92.2762861363504,82.78258373511183,87.3305915704138,101.06921672989338,78.50628513266903,93.0406659731453,91.61300976114876,80.7115987002216,83.83498854271916,79.4920569370126,83.9405702715542,79.31843456980396,93.5691228931768,81.71026008491728,91.56776721100576,87.88048175492374,73.71426794592007,78.93169472224118,79.3291452921368,75.75340751761374,87.7521951082183,86.54055896781328,91.0401648666973,81.77456271920553,87.56958029178699,91.47529778414041,87.69750014974467,77.231055401466,78.48361396352249,78.82298449589167,83.77565343347833,86.65105212065306,85.83620585127711,78.09485160045348,86.10254101883275,83.22736948542696,84.99791024806049,80.4268838287647,86.04778537637068,86.26968824150916,77.95563704649842,78.15449417206189,85.85739503183572,82.93537684754565,74.93374001507745,86.15747022376229,77.07296971871696,78.3417014584772,82.90981942476341,87.90073157516323,78.19281173935674
photo_flower,69.83963904666724,87.52469998547438,97.35868612388379,89.55445270082343,63.15297052018752,55.42915500059943,71.18869037631757,58.59461111707412,80.3414554025475,99.81903787199145,90.0219692260609,79.14281093252357,83.30319554395776,78.62517615727711,0.0,48.79853068877604,63.776519944332556,76.66573123608994,85.80411014667057,84.39917698113192,99.86427072443172,90.82783243731481,87.43528093271651,95.79087447905177,82.77366717201748,93.02769704495475,87.31251964357818,92.33648373236667,77.04451097554382,64.98592421813291,79.76403853828637,88.65379869900679,76.75339732140922,90.13862671370545,70.70602241786764,84.64008758600734,96.47247534332082,69.99318442875064,75.96763101401646,52.497279248150825,70.63132445509652,80.77117322874733,82.42321895585681,95.81122195676343,74.73524802576571,96.58767382630346,79.2092402896875,92.96026453321025,86.78282255061214,53.93084510142767,88.5800638851313,68.56863873902748,75.47510145566542,70.3776356369031,74.72620797891506,71.22619150845279,62.63671622684969,89.86008632293215,70.14313309768629,83.96903456066319,85.42499629068601,64.86196676961183,57.65215732635797,52.572623423865444,55.488644939695746,76.84330845340376,78.93401252317494,89.99630149804406,69.90345564919741,83.82457871545033,76.84222492213922,88.33172433601327,67.4928752923566,72.27818436294945,70.46905636872174,74.15594146136112,80.2202703884162,78.97218922965197,72.67396523412367,79.46342242064009,77.12973743522362,75.4281431322825,76.06353870081483,80.12204289361667,79.61750571685387,70.77676121492068,69.73546564543419,80.18627966447211,77.30726872845564,66.95144366433976,80.17657522202904,68.85442294959995,67.37564407099178,76.7964487829787,78.97287280146857,67.11991885280392
photo_carrot,66.00210398175393,85.95755668252424,92.96408830103967,85.19488335450139,61.069544947094805,50.27879501552593,67.38331821172049,55.07620073560017,75.24322655206457,96.17143129504724,88.80442339665841,71.19385610247403,78.73270909912863,72.95298026409962,48.79853068877604,0.0,57.537739421114004,72.34110527145911,80.82160371937364,78.97804703232822,96.9955986317703,87.35804642202797,81.36964274087622,92.293638404923,81.36130887509049,92.04571519830326,84.37763139160998,89.52962960757553,75.50402374134201,59.40661524590215,81.85428897289663,86.29909276862614,71.78022768070603,88.66116598924877,66.65878476976897,79.73281827346479,94.57070467965984,65.40062180451086,74.82755741199348,42.16143171681422,68.48132864152632,76.6770486485274,78.19585505544627,92.27908706950652,68.83956212792677,93.57322294472898,74.35528581484655,90.15747280986164,89.78780238216595,51.314484375787956,84.50342814937834,70.20008442165832,74.46258185780205,67.96424879800692,74.37476285410955,72.36928080464148,58.97508123793727,88.284995754304,65.87084762325615,79.55291355617356,81.53227376546104,55.97329020736928,53.769328528110904,48.325072400267764,47.21690661450873,72.28798913373568,75.25991480421777,86.47957460287299,70.23650908581303,81.57983480640289,74.67961408961116,87.61066212234996,60.31400692920563,65.95908137473117,64.47864883488083,69.99315865787429,76.04991755008126,74.65389330816127,66.20808316161659,75.00619322201892,72.73590120795656,70.02467425127453,70.58033803046264,75.34123316219426,75.41562482732988,65.74118380182705,63.41469198665149,76.03905851959672,71.84589858572048,60.47972043147684,75.14578272792865,61.563420945013135,62.129035469694514,72.12595051960781,74.86988569319968,61.75626124933176
photo_watch,70.57403126239947,88.48373018413972,99.96775786789786,91.89709910075275,75.18150022454167,65.67715646908377,75.83291685224549,65.56932631448485,82.45983862996276,100.99099358400512,94.19112942505174,81.0397295533362,87.36281312785849,75.46774085387698,63.776519944332556,57.537739421114004,0.0,83.1918024281481,90.05670462149216,86.9516736572212,103.7081945206015,90.40267020781884,87.06805936006238,96.62189772753098,86.14980490261067,97.48271487252828,94.53360259368243,96.37572520774225,81.00360995186706,68.54376248116097,89.43737586914014,87.60053737672698,78.6648561311069,99.06408613528244,75.48776123526905,86.86281585329291,99.6019319668987,68.31057460495929,81.27109249610996,58.15982664212629,69.3262082343392,86.14914323554734,88.233524312541,98.53960289460292,81.66862685205729,98.27262932556665,81.95243319353088,91.80106789988508,96.62673785600528,64.80969188621827,92.38343976995101,82.62710262143155,80.03756919576512,73.40993424254812,76.12983639136145,74.67189719858771,70.33195888434311,95.0221004929969,79.54824846516102,89.60027121512884,84.30167494387292,64.72810231372628,62.83541532652647,62.58288845612467,57.293572122378755,83.08835401372274,89.06358577199552,93.69406937218089,82.71528292749012,85.12057116889176,86.87842326007006,89.53425788944314,72.4922449904048,75.7849472539587,74.35986532969635,79.89632389215856,84.71771404016827,83.5676984214866,75.49475443004621,83.82759002351372,81.75623260756761,78.77939082739213,79.7758574205637,83.64892271733837,83.9278786147266,75.75226259443234,73.72395083677064,84.60375733762963,80.89768065683167,70.98070511718227,83.80265324908366,71.99491857401377,72.99430337579183,81.1081023869407,84.28784650189283,72.81255660446159
photo_key,85.62257374036031,92.61488485343816,87.02960189044045,90.63384985417619,76.17328815843211,75.79706968269149,82.13288268472837,78.57864416478354,66.31969802173023,87.04181136522956,87.47038441582963,60.00337902615464,85.66550754690462,86.54306265731246,76.66573123608994,72.34110527145911,83.1918024281481,0.0,71.1950848330541,71.11374953363568,90.28513671850739,93.42729684253153,84.42337619697969,97.60217542259316,89.03834231749244,87.4840116910148,61.76311013902714,90.57886690941824,89.47515829684944,84.46123698916229,91.37951892792175,95.8150020925105,70.87179107074435,93.88680097491856,83.99239513386163,70.59367488619537,93.59825918075285,83.69654324202862,84.11605558411898,76.36905365011508,77.40740075518433,45.67208586298491,72.08517814475765,81.47356892632182,66.01684803826986,85.19089726551238,69.83020748601098,97.82733290575756,90.70476539077607,72.90538267341766,60.75450083502669,81.67706099565538,90.29494106128045,84.53106206745446,86.22587190558087,79.13103870934727,67.02673537062186,92.74521033418249,78.29494673568986,68.57339559591918,92.57084204192141,78.12021615997305,79.2573289863904,77.68710447343184,72.08426166113364,46.299687276537384,69.21231463860316,74.57501861247658,83.44385766537997,86.20443187294605,77.66287140999417,93.79204144085786,55.957459064151465,55.25921284496718,55.59104275540303,51.30103020375737,50.52043527947222,50.20459188906852,56.00403495349336,51.8681742467781,50.10138705666315,50.82402653212011,53.630038858964404,51.99193144189317,50.76567492115019,55.31538010190225,55.58235816366244,49.699918485104895,51.347904978536334,59.38721955568884,50.62957979500652,58.839838475759024,51.54195896175107,51.353707875490144,54.41945298958601,51.09940930985057
photo_truck,84.26099392714683,88.03150972882676,72.62413575498937,85.13252333724013,79.9828651987082,84.7827590712224,81.4015834843284,84.66505116998444,74.28652583462855,78.62114026507264,89.52863752012165,65.2389854816051,84.16289693508472,85.7464269265916,85.80411014667057,80.82160371937364,90.05670462149216,71.1950848330541,0.0,65.62946714597608,81.46297899491945,85.09449313992509,78.17461841038717,92.13211670828822,90.95918184865437,90.22658819393209,72.53433200128897,83.72426774675961,91.87996460223607,87.09257349979252,96.56174615275592,99.22488353096061,78.04673852211079,97.65360131412844,89.70165975024591,71.41226764915955,93.88892363853091,86.3466174479183,90.2579429843736,85.14346154089766,84.0660347955578,71.63210122532243,60.847539235504264,74.64216178994869,76.12008770337243,80.61925609871624,69.38553594401368,93.86504928066081,95.08038390082766,83.17112520878217,73.06857601798121,90.19718887006145,89.01834399943664,90.54752465084981,89.9946893554108,89.14264109913513,83.47645268849502,95.37176944205751,84.75574561232544,68.39398800310182,93.40588167765554,80.44238216816083,86.2654662875413,86.48994157058432,84.28308069234741,73.2238157672725,55.37338383636354,70.10925403969243,87.14771759813101,89.9338729852008,81.33071309733687,93.71541985603685,72.55724603507352,70.60269691609257,72.74944005648699,73.17624165935207,66.82824213992083,67.29010361397394,70.88118177966338,67.03703632885798,68.28368523378175,72.63198133828885,69.19779421786252,67.17272379449206,66.85518300429705,71.67443422482053,71.81508618056232,67.11648958114577,68.60339461430281,73.14628735032265,66.38175069322389,73.09185083982337,72.55012997278878,68.45576479028333,74.38601953373224,72.25413685245009
photo_velo,81.08778550355503,88.42870685920097,82.25271450785498,85.73982663692765,77.65713436804626,82.75822855723534,78.77845415852785,82.34272454143965,72.94056597138962,80.94076957245872,94.25373451989493,65.75573204679962,82.08205320620696,83.18216375832105,84.39917698113192,78.97804703232822,86.9516736572212,71.11374953363568,65.62946714597608,0.0,90.8247854419938,87.34582732454209,77.39028868732498,90.24118421213831,84.99229410435301,89.73284657259516,76.285653852215,87.68628128864012,87.13744052015772,87.34689173663845,96.63831411053879,98.98133555836489,74.13983982460486,99.10705636580096,88.2398452294112,71.2811026868322,95.2618709011636,82.31940447243367,89.81787133305491,82.75231282726394,79.52461119917477,73.23723681953349,68.77451195173515,71.37344344763825,75.76217634210111,83.63083040857512,69.19133945462235,91.78631342795451,98.64530222855247,81.9282377272182,74.45227924211605,89.56346976626196,86.54310120316003,87.88817462776869,86.08840636397994,86.35501601643236,79.35734902159454,96.41466541237068,84.22477223999964,73.62856671804337,92.50107016565062,78.45559883850859,83.07511441110029,84.32294307160993,81.82958753049215,72.69724211584169,71.91935164335318,69.96204820759061,84.24242745475546,88.89028114082129,79.63121511196309,90.31023136950031,66.70856003282523,64.68755187522086,67.39728916374295,69.34158943219728,68.0224101681743,68.17070695525061,65.72184539300042,66.36127243238002,65.06648771464003,71.42967980480044,63.68308812999152,68.2873019291457,66.8158205842039,65.45476043660737,67.58709505090577,66.29799130443322,64.41335685905368,67.0813152844527,67.00507832876063,66.6127053796418,66.552977323533,64.74584323967416,73.26194897725489,66.63142937307268
photo_road,94.95506392022592,95.06528594319413,67.54136366530047,87.36811095218857,97.40737520927519,97.40671274490393,94.25503087555478,98.13828970858594,91.4933053280081,84.760293823266,98.9183351360692,86.74556709513722,100.80363380041305,98.63216770489643,99.86427072443172,96.9955986317703,103.7081945206015,90.28513671850739,81.46297899491945,90.8247854419938,0.0,93.3201349220886,90.72394443971365,98.18544000568849,103.78537243120782,104.29254007139339,91.59536050938469,94.9418117745679,104.53191079487324,100.69403528107819,109.23706213678685,111.2261757237747,91.9734556017226,104.14286833146386,104.63787451407157,93.96298947592031,100.38707677005013,100.49634503047635,101.40169056597664,101.37620952808368,100.32343186090095,91.75589310019033,91.33305385706687,93.18556122664413,90.86868757921974,89.7262636389958,95.17973264685864,105.79335786813613,106.24407540627536,101.300495195163,93.9829650303817,104.46478240743869,102.46980933655809,102.88947894695329,102.14372073220115,106.17779968429743,101.2353535444462,102.74183230231101,103.88609729416241,91.49768549253274,111.16787202321387,101.66818583184411,98.41805774903165,102.93939730079525,101.1459695422423,93.4634413820172,88.57935310113498,91.80695515025963,102.48855488230055,103.63650677796868,95.99814146077688,107.19973092854767,94.50759011818035,93.1069377432684,95.3736571500667,92.62047325559776,89.50747360373548,89.61879465411126,94.30945253925125,89.43484417927831,91.68674177114764,89.88420362606313,92.52536427377417,89.25478813858791,89.4506054417037,94.52580263110625,94.51171472781306,90.15968434068826,91.29782285888137,95.51507241488069,90.06293913144842,94.75100491501647,94.12059832567577,91.00176000603602,93.21315396426417,94.11315957033601
photo_house,76.0407445869081,70.96061759678189,82.08549327959031,73.00997911304445,86.1646525568426,88.13180431671977,75.70203703288293,84.92325216504146,89.89282899696555,87.47185339897929,95.18147055049832,87.91811578964455,82.13006145069745,78.07484973126003,90.82783243731481,87.35804642202797,90.40267020781884,93.42729684253153,85.09449313992509,87.34582732454209,93.3201349220886,0.0,88.56634759537557,87.9548116378747,95.22718279526083,93.50804751853612,97.48251228473268,93.72206568743194,91.15681663193355,91.09227247662184,99.72805449038346,94.4247653583813,90.80547178185782,105.98082068025667,92.29294251818463,94.14326042544647,97.75602890574638,89.17404771622951,94.6770432656749,90.7717629552353,91.64636856741132,96.17237332442964,89.25935005892391,94.14479168895807,95.35080666138899,91.16149196159019,92.94429589503848,90.7918350610184,101.2900624904531,93.25282531348827,97.00783392865154,96.8067888279433,89.6104673867023,93.55581221811147,85.66590579678737,94.06168595432503,93.3704017726634,97.81486203776038,91.11834810448521,95.9616366244243,92.72155782806392,90.03922327366725,90.98657518954347,92.6036215840093,91.70787777325506,95.72634225425135,90.84721419330944,93.16557856323836,86.48415345687323,84.86106442561106,95.77758873024715,94.00853191471099,89.46857025852499,88.12245517259284,90.0884908246147,91.86832301870567,93.74712103594298,94.30513595283284,88.70840952034803,93.09768746922884,90.19786329938742,93.35464293471989,89.51875366008464,93.8819923975864,92.35930760385898,89.29293891771628,89.55945967956025,91.90707549892723,90.07216579170206,90.05235877603762,92.58361157488186,89.5010341648989,89.74046208030344,89.7549075462533,96.23268565616358,89.70729936562653
