,photo_face,photo_profil,photo_eyes,photo_face2,photo_walking,photo_standing,photo_hand,photo_legs,photo_bird,photo_butterfly,photo_girafe,photo_fish,photo_cherry,photo_tree,photo_flower,photo_carrot,photo_watch,photo_key,photo_truck,photo_velo,photo_road,photo_house,photo_mountain,photo_windmill,drawing_face,drawing_profil,drawing_eyes,drawing_face2,drawing_walking,drawing_standing,drawing_hand,drawing_legs,drawing_bird,drawing_butterfly,drawing_girafe,drawing_fish,drawing_cherry,drawing_tree,drawing_flower,drawing_carrot,drawing_watch,drawing_key,drawing_truck,drawing_velo,drawing_road,drawing_house,drawing_mountain,drawing_windmill,geo_face,geo_profil,geo_eyes,geo_face2,geo_walking,geo_standing,geo_hand,geo_legs,geo_bird,geo_butterfly,geo_girafe,geo_fish,geo_cherry,geo_tree,geo_flower,geo_carrot,geo_watch,geo_key,geo_truck,geo_velo,geo_road,geo_house,geo_mountain,geo_windmill,word_face,word_profil,word_eyes,word_face2,word_walking,word_standing,word_hand,word_legs,word_bird,word_butterfly,word_girafe,word_fish,word_cherry,word_tree,word_flower,word_carrot,word_watch,word_key,word_truck,word_velo,word_road,word_house,word_mountain,word_windmill
photo_face,0.0,65.08969939646158,66.55634369636888,59.42069487830742,61.14914433434979,62.08793094401072,61.03683931595178,59.274150112693754,77.19293618210062,69.44676780806977,74.19971935615182,74.20426264755419,83.9067361610383,63.59577350151856,64.5281472261763,74.53435175292209,62.100961730193504,82.85709326837757,66.72869697693702,70.21180423278105,69.78113474160271,66.58667373671663,66.51021502428718,75.75521712257576,62.63188264807853,62.58703870541398,63.836014771858096,61.48979491939583,60.41948403822123,61.35433254107684,63.03847043617353,60.022395547953906,68.56163925014289,66.14890189980387,68.826301901821,67.72965388835168,80.05395391336734,62.544893470577854,63.33113402106695,65.72008529931216,62.36058353026018,78.36084252326754,65.98602566247207,73.284962012036,66.93016938920316,66.08966970808865,65.41328056033495,70.26050778075468,66.73593541534909,61.695699849881834,65.0835325435495,66.74827135426109,60.80786147992741,61.70914061489073,65.42086520523559,64.78429688730968,65.31890067190152,68.2025558860232,66.38446332261518,70.76804649721689,66.77388238740762,62.52944406348899,66.21964419753327,65.68944889442676,63.71408496026157,71.44350550211357,65.8709913761044,72.51630207125876,64.52157949740803,62.329105422855484,68.35334867871619,64.68964835638829,67.12188858863303,68.86011617422277,64.98025202750449,67.26465543136729,71.77301673817178,67.38110808321156,66.58134503827719,72.50870068786277,71.6244677193014,67.06571163023156,67.21463533479667,70.07340430594074,66.71693883126345,66.62351269575936,65.11798437225072,70.41642058200054,66.18738623647634,64.75076443561512,65.33362966391822,66.0470643673415,69.45209449360713,68.63754741669233,72.53772914961269,65.74763604430456
photo_profil,65.08969939646158,0.0,73.36982110665392,67.49556729316217,71.18686166593007,72.66214164551926,69.74367479714509,69.95520900285213,84.11857187807625,75.9433756288162,80.0612779475752,81.16303611280134,90.90933407289596,72.4096126400542,74.6456156928803,83.15234106256548,72.93891333406107,89.15521673308868,73.14386419636243,76.81821515991815,76.09045898259328,71.87368292366682,73.10504657416345,80.59489246392685,70.62801931205267,67.88895472227705,70.61447526505279,68.92403248817271,68.71398456555661,70.76754736536607,71.42950037341208,67.92206261794237,75.41277603937299,72.60183674170963,75.74329766781241,74.5393703705702,84.6763054424829,71.43762924857361,70.73560958146234,74.72424427283659,71.0718712017266,84.71008556476573,72.94257025813467,79.13910193325167,74.31289384486942,72.99267547853464,72.90679001017226,76.19257295775144,72.59634141137043,72.19880350292556,71.88932991583692,73.78168750689758,70.92755480273955,70.66772777063558,74.52671354382433,73.69884247167533,74.9037979499762,74.89448817825807,74.16383882199558,77.46972539111651,74.66939761754409,71.78835071677489,74.97329477500487,75.1194110920478,72.21295505096711,78.01693602293138,73.12709005305354,78.61543379583881,71.27716944105829,69.34246250441606,76.37344006735778,72.91328062736689,74.7667521932294,76.21092106334602,72.50636342943744,74.26627395339075,78.80053869189283,74.32703787876812,74.44745878700158,78.53311913093154,78.22092226938703,74.07998640404695,74.26808521207381,77.05082286173844,73.66101078154617,74.19091407619014,72.82689206279821,77.23263327950636,73.58744033407785,72.48777183463503,72.46954054915867,73.47670605020494,77.19513456218557,76.11933333339327,79.01186606828885,73.81061300442516
photo_eyes,66.55634369636888,73.36982110665392,0.0,64.45255306025518,69.8626059132227,70.71844855516969,68.82492058016715,69.84810228144414,79.59719505499793,71.77006782460045,78.27647268049625,75.4735682966776,89.55463804571797,71.33355336760481,73.57843468032156,81.03217943754827,71.47120969032626,83.92569672903917,67.64355517646443,72.48158988802811,66.94618396861036,71.44608923726969,68.27923709881641,79.43464651330288,67.34290806616508,69.06838273732178,63.93408764779123,64.7074403052526,69.16563981674405,68.10800479635105,70.04204798642695,67.17437846754147,71.20019830373208,70.2363781413126,75.09830615550389,69.15244080378015,82.98798493875734,69.47148492257855,69.23155086935647,72.94763538711292,69.86415822092175,79.30589116328372,67.4438341673004,73.9614033768384,67.4790563874466,66.43617146140849,67.33318118660783,75.88543600695183,72.87973165362243,69.89742804337237,66.88956389283021,71.95575034416022,69.18078201572843,70.52027358430382,74.03839689764463,73.40022632701843,72.62895062203094,71.44958516063572,71.76023553852923,72.33718137184304,74.06373895949623,69.8176529906517,73.07227094201393,72.75009107212377,70.34294250818544,72.62037294054453,66.84551209689279,74.05551881424334,71.35023654863485,69.38210512727785,72.40733747567306,71.4394713666978,70.08172113719336,71.43957357724196,67.56115765132274,69.57522875476326,73.64136767866864,69.62266599884872,69.67064671549714,73.85433723471195,73.38755284644574,68.90163231390692,69.40672945959216,72.18884060342438,68.33621544001642,69.70919247929079,68.11917925810488,72.03483927931426,68.49547664371295,67.50924576092467,67.29233011637118,69.09157336649645,72.26370966984109,71.2175364619536,74.53299824508771,68.82081419928922
photo_face2,59.42069487830742,67.49556729316217,64.45255306025518,0.0,63.831322876143126,65.36251784315856,64.6352897322297,64.26470736902276,77.00747030941318,68.17579429640674,73.98088426051898,73.75808373950412,86.46073432185786,65.78369801392424,69.64804280749256,78.21181703484856,67.10391695589736,82.2044597528613,65.27198519983506,70.03048799322754,67.90774280581314,65.0689952465102,65.91352231099765,74.63221077656648,62.59023769951718,64.84122318099912,62.99055594695923,58.978336627869524,62.43339780923258,63.812114007356016,66.3384895953556,61.87942957696374,68.5469899785,64.79916554490566,70.71988431293188,66.85047260361803,79.32295971789262,65.25036484707024,65.17005142317595,69.36071926194981,65.563504789173,77.55369808099378,65.48468277585589,72.39470641359128,66.44891456405092,64.99255555928957,65.21548591469163,70.37379686731323,67.33926868661538,65.92126287009455,64.3373001774086,66.75442723722854,63.59906078839905,64.18112050484397,68.07144861786102,68.63128766961745,68.27267186676755,67.41724757374531,67.24559207959803,70.35531434102418,68.47251338616265,65.58398618964009,69.14428144006006,69.01945677101152,66.37975255615532,70.5354007260845,65.40020518312176,72.08608975749782,66.15000613921555,63.10939664162761,69.4529488129549,66.0504094160211,67.69511020045209,69.13313418126077,65.06206813895562,66.84190040754875,71.50236534193925,66.83388840480006,67.05858141514446,71.79197530066882,71.08394854765312,66.43041247085843,67.14853454793013,69.69179674817694,66.04112935654047,66.9830274920351,65.3185785381401,69.86070880686972,65.99980864583969,65.13853396668542,64.92914299425102,66.26902109357664,70.06211152513411,68.40217717354071,72.0287100496345,66.08080417435352
photo_walking,61.14914433434979,71.18686166593007,69.8626059132227,63.831322876143126,0.0,60.816498441025914,65.65362149887007,62.4135473233893,77.78256168589826,69.07520523216817,75.23703991833942,74.7001188151022,83.0070320744579,64.9951969218703,66.39794570143516,74.60159014093531,66.19886650337997,83.47589054861042,67.91916358376305,70.84265120111911,71.0333358889669,68.62920333515939,67.15422720125555,77.65586180330811,64.70704238849424,66.44309570173355,65.29359698438925,63.972313900258904,59.45754940394794,63.69293669040121,65.97883813975248,61.75903063268901,69.52673882751557,68.54633305291293,70.28726891106852,68.21775503300863,81.04279631879653,65.99432808089864,66.00138623286381,68.13323167587647,66.6788678421487,79.00119859950065,66.3606563191734,73.66675891127372,67.97780162581473,66.98210080591761,66.30469758757181,72.7981782712182,70.81930026797068,65.87939313510324,65.94750002638301,68.87124564289158,62.23305195405727,64.98569981061112,68.30271762866992,68.53991499106465,67.16699128045437,69.97700967826496,67.15218847506696,71.52633016619949,69.37302291285334,65.77096069990925,69.33914298182034,68.59200724169872,65.85010842235296,71.55537216002384,66.60396605232161,72.95631401152148,67.0137971077499,65.51272654268045,70.09924377208353,67.50016628751207,67.95904577436164,70.21212850630877,65.86305098086576,68.06752043413267,72.51579786101415,68.51283539844547,67.60232725134921,73.58936054784395,72.27530009040622,67.9146065780466,67.64068910499245,71.16316921908644,67.7659571544888,67.66826612038915,66.14313208915584,71.05859225001855,67.17997676899681,65.78501132590178,66.30945559899513,66.79840580315215,70.06587128813162,69.84043121467464,74.00724019599504,66.64130551887374
photo_standing,62.08793094401072,72.66214164551926,70.71844855516969,65.36251784315856,60.816498441025914,0.0,65.22234383360143,62.306399700858755,79.23470472509138,71.49708327025859,75.68099988383578,76.25160494052854,84.61234868213617,66.02860669616388,65.14766781161683,74.74981374484516,65.98483550824814,84.31219120528374,68.7633092236662,72.46724294076445,72.5591349910299,68.89434044402583,69.50377954678851,77.64353916447187,64.54994537904672,67.93536203362093,66.32554009854294,64.88068858186398,62.148372937587524,60.73379414853781,66.73047727832913,62.49349432689791,70.2634463121291,68.35485739372339,70.33252667555085,69.51516146655814,82.01145356732829,65.7147596000693,66.58153298947691,67.37246726528289,66.56962081041198,79.71685660150405,67.59502574875769,74.8452615047404,69.14508604579221,68.28449074463963,67.41221199416819,72.3681789420947,71.00399626404759,64.74015193137198,66.78318939195691,67.05011118081346,62.289841044413706,63.44343377700451,68.11708834418461,68.84308452800387,67.22083005949139,70.80334570189046,67.40305716987736,73.05170510774695,69.87283087935285,65.8343935516991,68.33534208685239,67.53927092007763,65.49721010058748,72.54675991938156,68.35023340664834,74.43065731830129,67.53610497117859,66.30747554158017,70.68584901256024,66.92401087797425,68.82884891505199,70.82236294929652,66.70660483654444,69.21124755237457,73.61485042954632,69.6006765119509,68.6795498227839,74.45686260807106,73.38265462449765,68.8220534958511,68.61002475339156,72.20051926486659,68.75198106086565,68.56123181747772,66.96464907615704,72.41219347140253,68.53152216082057,66.066517356771,67.46851911440615,67.52905256536381,70.9913047580367,71.14217970388748,74.5320955447325,67.55105173519414
photo_hand,61.03683931595178,69.74367479714509,68.82492058016715,64.6352897322297,65.65362149887007,65.22234383360143,0.0,62.72783528330952,79.3753882242906,72.24895691464401,77.125519214555,77.13140014552482,85.20459240948395,65.89706973592394,68.55275089857518,77.32928574624697,67.34660174402084,85.24443210844893,69.42399412820778,72.829675042967,72.74750738215813,69.53230991447413,68.9438707735089,77.44585833094887,65.48321747225107,65.1895850095887,66.42549133274514,64.8992670894812,64.24169293129141,64.63187266926974,61.238555572583536,62.10944708612437,71.78317320470848,68.75913806218757,71.84870370187441,70.24053590139967,81.55815702807338,65.78476381797327,66.42369522346503,70.00092821696224,66.31358630860585,81.09646344524397,68.87774103833166,75.84041988541658,70.020893577786,69.02253592536692,68.14565787903007,72.67308985598626,69.84683258234695,66.89185903897042,67.80741844614016,69.82658854844404,64.80030565161672,65.41538179842735,67.79517525556355,69.15016752908218,69.98128064954497,70.44892427734689,68.98641372454831,73.30732828737536,70.23639107046519,66.48962084592428,70.58250490386993,69.93684967448245,67.59027785835717,74.02510622761004,68.98066529103396,74.57675148627625,67.5642504745337,64.85184230019765,72.03902434573412,67.80771292581642,70.54709951664705,72.27597750285395,68.38677838696997,70.81995488508427,75.0702274358655,70.74691759508389,70.30423868046925,75.33496730395682,74.79853799946618,70.3047490943255,70.48041184185189,73.55696599231328,69.65972757653459,70.33347303027593,68.90653082064836,73.20008544337323,69.53572210963357,68.49041066670908,68.57879499414425,69.69772718867537,72.8468570849233,72.31147150664319,75.63252649239028,69.7962963020751
photo_legs,59.274150112693754,69.95520900285213,69.84810228144414,64.26470736902276,62.4135473233893,62.306399700858755,62.72783528330952,0.0,77.901664653823,71.31465264503528,75.58729356585089,75.36398427657117,84.73259542462431,64.94310410064793,64.79039342783777,74.18846278637564,62.737542401670346,83.39251343769433,67.61480107178541,71.47403615132731,71.53573606544816,68.51519844189056,68.41304681231713,76.20436943734968,64.54097061002402,65.62271665745115,64.91102235551325,64.41532575792165,62.26597380412721,63.50762877851143,64.02860347364019,59.93945720016995,69.65984399191616,67.799670339082,69.9182980893298,68.53982489413146,80.90730866112473,64.3912131125886,64.80715040023097,66.57260176851251,62.99476292609203,79.30804405076857,66.99477186452273,74.45917274286249,67.68407235147205,67.00804514959437,66.5816082015844,70.79404005083488,68.93705906898047,62.39664529516448,66.06752279547705,67.92244142448794,62.379722521606915,62.76922420181846,66.9751850907803,65.004172007408,66.2339116096093,69.27169128305351,67.61497707337897,71.67940438062786,67.7958815222077,64.72615237816586,67.99795227381918,66.4935451617021,64.82026635384847,72.07193510485097,67.0768418742803,73.62127401450445,65.15208258110427,63.92500439646519,69.6167748144795,65.69187240487899,68.55968100479527,70.02957227993292,66.11108787971453,68.37993305708837,72.69728675097824,68.63910074437415,68.31493766508669,73.22826940416627,72.83963911345013,68.06018968028299,68.18356625628506,71.21626213680322,67.50997077813709,67.97051581949806,66.59768773043484,71.35852609057055,67.3078714105938,65.96271259823662,66.48448399380113,67.44995165608877,70.70160272744577,70.29273437260876,73.5034685459404,67.22342627475177
photo_bird,77.19293618210062,84.11857187807625,79.59719505499793,77.00747030941318,77.78256168589826,79.23470472509138,79.3753882242906,77.901664653823,0.0,79.140658379945,84.3710654443492,80.14794216223015,94.62456858182797,78.54914315315243,79.8736316256729,85.87964829140749,78.9026210509531,90.3442538090116,76.5226621178117,80.19993519329292,79.6946667900756,80.88627833705975,76.89865183152168,86.67532116007943,77.39572929923855,78.7450442885447,74.27372230299332,74.81128981253651,77.11637928321403,77.19789851405277,78.89599549133598,76.69198403592605,70.63115985838074,78.5323157717709,81.3574223087152,75.2341694558054,88.609711117295,77.97142044800249,76.47861605826617,79.97911008155182,78.60405663499536,86.57031819929881,76.60896109401149,82.96428625595206,76.95035157000646,77.22251156328812,75.11794918512082,82.77615283728328,81.80381613662341,77.59514561552935,74.92240736246194,79.63564391069404,77.49870442860296,78.30419348479535,81.61941563372066,81.22976694189163,80.6828611308095,80.03934064316273,79.17785347204797,79.20106758019489,81.5596529596943,77.20341041525909,81.05716662249354,80.14537945872092,78.13550814371304,80.51023372750656,75.75162951019976,82.36578080724323,80.0709755009496,77.77780362472588,78.9784598095699,80.01423442465455,78.56287814182805,79.85340541391207,76.44731813699383,77.95267312875215,81.77286355461348,77.47750204414594,78.25619992416995,81.66032540190997,81.59262796361023,76.88103649252938,77.57055875950525,79.93642287803135,76.99648834354987,77.91750249566303,76.6950476304376,80.11083735869386,76.79724735412684,76.13366569052691,75.85722906468585,77.39513169754704,80.32585232375834,79.24958630713178,81.96081193407325,77.23822717630782
photo_butterfly,69.44676780806977,75.9433756288162,71.77006782460045,68.17579429640674,69.07520523216817,71.49708327025859,72.24895691464401,71.31465264503528,79.140658379945,0.0,76.97661061967578,77.10253873969891,87.10522257899663,70.75475914413732,72.02519723273853,79.71992050512907,72.21882611668227,84.30381970121036,69.3409779743502,74.06974207641717,72.4445970249023,72.34295691154571,69.40318028562896,78.58841189684306,68.71771174409322,71.37890106676484,67.45727943886544,66.54636363817828,69.62199484578544,69.59574932505302,71.85951827943369,69.37227225236154,71.72367175772595,66.0812669371401,74.57652555638249,70.80729477561871,81.1119707088086,70.44940875577797,69.20880039757901,72.77858888681794,71.18129629361718,80.17733802679464,69.46728342836288,75.44762668767302,70.89585382890742,69.39505999007818,69.46541331125707,75.42190035126356,74.56525999362805,71.51677398686087,69.1146245962084,73.6975460186533,69.95532251808012,71.40036425562673,74.05470006712572,74.59993303583354,73.48348660045542,71.9599660308593,71.73194632993723,73.63632295393332,74.83202391944705,70.26280768761286,73.3993841874012,73.48699424426286,71.26943766741435,73.75987787410244,69.26773663114443,75.24340496740513,72.05490147537178,70.29637966288877,72.46797313224538,72.5849218671296,71.81037492790848,73.9141666547525,69.82103996279247,71.45784465615597,75.79621989245281,71.64640082547524,71.85038452942588,75.95078828359485,75.80890282895214,70.70468472263657,71.24640567407029,73.94135232388203,70.87633124856312,71.4505630785508,70.10603296956423,73.96800383467225,70.81876768177975,69.31895495477121,69.33382927392704,70.70103751374239,74.0335653224075,72.89854174873521,76.72483162972914,70.80736864554156
photo_girafe,74.19971935615182,80.0612779475752,78.27647268049625,73.98088426051898,75.23703991833942,75.68099988383578,77.125519214555,75.58729356585089,84.3710654443492,76.97661061967578,0.0,82.59538204163096,90.47530649409296,75.12567076006346,75.4018560311116,83.08717911136763,76.35255674977053,88.91733003066042,75.95161151602822,80.07901939707814,78.60965625339124,77.13289562903215,74.60203372336694,82.10462515841238,74.46571914243916,76.87641524847703,73.97723641372427,73.07648151048606,73.6310912000842,73.6942556645186,76.79751418322886,73.88464698432239,77.09016649679211,74.09909606104574,68.35485000859688,76.66836851026201,84.95007938543165,74.56442456079066,74.5132665914639,77.03686423431868,75.9556445303565,84.65122523787396,75.50870745498686,81.5358961488672,77.1883435429218,76.17972262821984,75.23986445229913,79.06455069679538,78.55127031212658,75.79255988064604,75.13641099128144,76.69049255995435,75.56626949413628,75.74840074635014,79.25103529035866,78.60817572190481,78.60849688702993,78.70092692572766,74.71685464198286,79.57075347845614,78.9808009003492,75.12679985643359,78.00135018955645,78.56122576533825,75.70241295553183,79.23070501043007,75.4248239970561,81.25017213886701,76.40505025499674,74.65217333427555,78.388371084855,76.99870529190451,77.49705519389708,78.20353288123222,75.09329827635152,76.60453344046783,80.38860402808962,76.6876729520665,77.12607038041169,80.38325828807828,80.62707486319975,76.3260821168305,76.32946433281691,78.66797752832635,76.07143963959298,76.77792170172842,75.46719231639244,78.48685045960845,75.92882664647487,75.300778891608,74.2861403678614,76.32994715459823,79.40137901871908,77.58756371166106,81.38151981962513,76.0028439108589
photo_fish,74.20426264755419,81.16303611280134,75.4735682966776,73.75808373950412,74.7001188151022,76.25160494052854,77.13140014552482,75.36398427657117,80.14794216223015,77.10253873969891,82.59538204163096,0.0,93.19075229871318,75.74165160058092,77.58898876391825,83.49237569555483,75.79570705067124,86.72163725693177,72.727392252452,76.9772419090159,77.14771042742382,78.48483988265822,73.77977889699388,84.70647264839354,74.01535894077428,76.20641943235918,70.72280555942689,72.2545871239832,74.23267867227065,74.32023543428241,76.87777837747825,73.75573675801749,73.4171053226405,76.61382020193862,79.68136096091973,61.23105848107065,87.44142274311683,75.01422205007184,74.3227776133733,77.39872303057753,75.20555164681024,82.6565256077831,72.11880843966388,78.94622571786222,72.60006752566684,73.51577973207617,71.5632161387859,80.88276980388817,79.5401209329093,75.63564110972005,71.54371894087832,77.27820011478877,75.20661146083455,76.07968180122955,79.6123797670049,78.97203629856604,78.37846504932959,77.87514168121285,76.77268359943757,67.90166509165603,79.57358907170499,75.56446157980588,78.21151311903225,78.18340206554187,75.10918889353269,76.27935522579399,73.17140178439847,78.43635347406604,77.14174132360667,74.86770189208228,76.71302206436897,77.46595762914774,73.66143200832573,76.1547407632028,72.215481493152,74.47116229410041,77.75591710914269,73.59033146461854,74.37241476226883,78.34788260820321,77.5897838337425,73.32265273008056,73.23644991386561,76.03467804564924,72.58978221135416,73.99644846872573,72.61404408463206,76.51811169751126,73.3923331072455,71.87609363330753,71.67251024226987,72.5379485362094,76.87931333461638,75.65553941966914,78.30089364221196,73.58819110717863
photo_cherry,83.9067361610383,90.90933407289596,89.55463804571797,86.46073432185786,83.0070320744579,84.61234868213617,85.20459240948395,84.73259542462431,94.62456858182797,87.10522257899663,90.47530649409296,93.19075229871318,0.0,82.64513712534074,85.07170074280177,86.4146860681912,86.26757312942615,96.9583198187439,88.10700155558058,89.75369788792983,90.11986842985573,88.56225091401436,85.93325415784248,92.18079901153453,86.43833887437108,87.31579128439067,85.61683679373907,85.83006613837705,84.08367873088731,85.77881707502449,85.75764059127852,84.50404133952986,88.79466626661498,85.32706520811914,85.97352082591038,88.14330793233408,82.18172316477936,85.2564447020461,85.25701144747914,85.10547025102179,87.13442954475589,94.38087712025568,87.6915085313493,92.19603315360501,87.75649978475572,88.1422499926092,86.92678407903568,88.67153821281049,89.96049980990819,87.16459877949461,86.26895466428014,87.81241539783983,84.8117918446152,86.29258005652446,88.74473565897149,88.52596097037794,88.27710813899564,88.55989301260172,87.4066021672852,90.198087280172,86.15122884077522,86.11298428023782,89.54939263904753,88.55152065564458,87.22491361575787,88.6184670326732,87.49199758469832,91.27486774405283,86.46234787406571,86.54396075972241,89.2766360570306,86.67839837609665,87.63360211379393,88.12213860095854,85.4973994859567,86.84378172218572,90.56341800336598,87.87718906763428,87.3715591899458,90.27938221246218,90.81253648987679,86.45270068674677,86.13343389234691,87.22441212544595,86.08816526285159,86.42286718423833,85.97446096724128,87.68662371925946,87.17770252859334,84.90049346437104,84.0826198113198,86.80701791268963,87.25257408323101,87.17137739567295,91.73861935547119,85.77008832627327
photo_tree,63.59577350151856,72.4096126400542,71.33355336760481,65.78369801392424,64.9951969218703,66.02860669616388,65.89706973592394,64.94310410064793,78.54914315315243,70.75475914413732,75.12567076006346,75.74165160058092,82.64513712534074,0.0,67.67287670781522,74.73771809170694,66.78467456402198,84.45887491117097,69.03455542261615,72.83071118266415,72.60875756154216,68.62131348170986,68.37685058074743,76.20603061760595,66.81180068464785,68.61414648807441,67.3007329579901,66.0876467796188,64.48516516490143,66.31159794537783,68.74667296218796,63.48576950799055,70.91399726035375,67.34250327833344,71.75399170559339,69.4462606342301,79.77881138034218,64.50551208145073,67.56522528477596,69.92984303117731,68.12808138018703,80.4586838724976,68.89898102401226,75.60971388133585,70.2697129248974,68.96171293550721,68.16406661078476,71.86706791869612,70.98186287082751,68.24400466535326,67.83830309200255,70.06754313048762,65.96941785052643,65.83793040056588,69.13825632649475,69.44184630936007,70.38856417232955,70.52980717178067,69.24017628301623,72.9711775323561,69.94593670943291,66.01183614578764,71.28220739313059,70.68160229265341,67.38890172254881,73.13512732023989,69.21433258609183,75.07655656552109,67.49121464800717,65.0679322936512,71.8924245499432,67.99266586767325,70.77985126527074,72.07400748651075,68.18392854308134,70.29842994774302,74.42045529663392,70.15493035339063,70.38252515112215,75.14510279202494,74.52829842034171,69.79084558850393,70.42666826918676,72.65467734036034,69.34307338137192,70.40868144598417,68.87399122935783,73.11665241533686,69.28149186351696,68.216076472259,67.85659865688763,69.56886733300921,72.34430907380195,71.61129984151081,75.25644273900112,69.26862176723988
photo_flower,64.5281472261763,74.6456156928803,73.57843468032156,69.64804280749256,66.39794570143516,65.14766781161683,68.55275089857518,64.79039342783777,79.8736316256729,72.02519723273853,75.4018560311116,77.58898876391825,85.07170074280177,67.67287670781522,0.0,69.52685532055789,63.705416690758945,85.555315063432,71.23272057507948,74.61594678952132,74.93136090803466,72.02654034144712,70.49281100869291,79.59895775190873,68.06519751374834,69.8551334950212,68.11306300468613,67.42974449658922,66.551643352265,64.59626996491002,67.83069992096954,66.89144379572689,72.19457916266923,70.5158490962455,70.36390713780426,71.75207780141817,82.67722876587074,65.79293670747963,62.354281431405845,64.49368176214095,66.50300289222875,81.16234828705343,70.4178364305629,77.2336852045631,70.62719880420242,70.95297177536177,69.49861908234291,75.19950356371398,72.43082801938408,63.44956864924656,68.71204737885316,69.86357384164332,66.2914062479655,66.61181768480184,71.09094203928235,69.05021225078146,68.471748562963,72.65563064033446,68.3931328741772,73.98198252277571,71.75854595106198,65.86251291658441,64.03601445640905,66.35711949005712,65.83741546337662,74.45313561336307,70.35973797029759,76.55633180269477,68.50637502337935,68.53519581758201,71.15492252595736,70.41393298230969,70.3377976159452,72.18978055115961,68.2095667331623,70.5081595999423,74.87748397608374,70.99654345178139,70.04985681939665,75.5657678077028,74.81464454474228,69.69961154558092,69.80813078805507,73.40463075672307,69.98324690675587,70.069962550246,68.32349176112702,73.3549339987242,69.7188453230775,67.22551117717663,68.74927721235684,69.01806106403183,72.13761370814673,72.21653651734587,75.54942915740858,68.91332762796887
photo_carrot,74.53435175292209,83.15234106256548,81.03217943754827,78.21181703484856,74.60159014093531,74.74981374484516,77.32928574624697,74.18846278637564,85.87964829140749,79.71992050512907,83.08717911136763,83.49237569555483,86.4146860681912,74.73771809170694,69.52685532055789,0.0,73.81939521204204,89.77509418325769,79.08731255264483,82.49761488417556,82.34265628253137,81.33738047297301,77.49824610908681,85.64052828355858,76.54714080818685,79.14552971497746,75.90984990021447,76.32832688352035,75.93212667083014,73.64053999418917,77.08308996099609,76.18460934699395,79.58597535830692,78.64629619203028,76.7687892025106,78.558456481436,85.32037021342913,73.73090214509895,74.33422327374439,60.84199229063581,76.01022795711107,85.35233503474561,78.25376450864643,84.94598389336095,77.60513101709257,78.79903399685645,76.92395303318459,81.79017602806357,82.40340092392782,72.95591086217304,76.07014349290206,79.12375308254236,74.86601580945037,75.58438926928011,79.02673403826792,77.4657822103502,75.48459667937479,79.25239740140853,76.73268529738534,80.82511183825704,78.87752252102572,73.40145577429726,75.12603596660459,70.83701259946616,73.67992367855581,79.72329496276262,77.75077494018068,83.45920876595778,77.85240196795004,77.53797962081251,78.20533870309684,78.18816419945828,76.64017868319178,78.29273325394163,74.6782447251643,76.94606548219409,81.5692014344835,78.1775375127638,76.94664074822067,82.04322251377677,80.91077876252633,76.8659610984401,75.8866745252682,79.43796159622107,76.93938080157383,76.24288784502323,75.13687419385506,79.81111386548568,76.82337700941649,74.07851638926178,75.37875995333525,75.30864727903523,78.22411429339327,78.6467538161155,82.97714673573162,75.49219236239954
photo_watch,62.100961730193504,72.93891333406107,71.47120969032626,67.10391695589736,66.19886650337997,65.98483550824814,67.34660174402084,62.737542401670346,78.9026210509531,72.21882611668227,76.35255674977053,75.79570705067124,86.26757312942615,66.78467456402198,63.705416690758945,73.81939521204204,0.0,83.81865245995371,68.49996969769434,71.04066038610424,72.38596631377835,70.58670639936427,68.90910532604961,78.27736027092837,66.16005505316384,67.520309795692,66.02750719305241,65.06240693540157,63.85468901846327,63.572182561560545,66.7267980005034,64.32082063282832,70.14721468710223,69.50112666484388,70.52027926950973,69.34205156754673,81.01510254970235,64.08057129732477,63.87076536402177,65.33494464603223,61.081002771073,79.56297627817925,67.91219745956897,74.96486684535908,68.16132181050983,68.28011161575041,67.10435487450856,72.8072704033697,70.50652076979253,61.795973264487706,66.48699810865368,68.74119528403472,64.10446318476872,64.31443578238596,68.07949786335206,66.12707230478794,66.50848447177484,70.18094481234671,67.51073987079394,71.98528033881168,69.27174442450938,64.90306084789371,66.93691545006806,65.56796108043969,63.00983874900453,72.58077672054466,68.37405588537487,74.75135573195175,66.82948688570586,65.93382453221439,70.72526726598116,67.493062116889,68.63911831221844,70.33382699277146,66.37594999064567,68.61170608725175,73.31937036546731,69.53204158466359,68.14858418814319,73.99065431309344,73.26774392204455,68.09925936886044,68.2117978950407,72.07986078824517,68.45785439483062,68.31539881045742,66.82232979143048,72.12885724964308,68.11224364599501,66.29174311685372,67.27003370438867,67.31839037015263,70.57033286738154,70.84551822795778,74.23302758344994,67.59031458307729
photo_key,82.85709326837757,89.15521673308868,83.92569672903917,82.2044597528613,83.47589054861042,84.31219120528374,85.24443210844893,83.39251343769433,90.3442538090116,84.30381970121036,88.91733003066042,86.72163725693177,96.9583198187439,84.45887491117097,85.555315063432,89.77509418325769,83.81865245995371,0.0,81.32991923316442,85.51007655865112,85.19579644384748,86.49280610490852,81.66141068851047,91.38988513815781,82.135626149402,85.31769132666301,77.85848507946415,81.57691623577537,82.7976464750696,82.91398205685994,84.69725976738367,83.02360176594657,82.87533494909708,84.12623695038634,86.0812094387793,81.20168543710795,89.6826646806218,83.30759980363443,82.658373945551,84.22677413999716,84.28776724642321,65.48654413159362,80.46545355073765,87.12371417511062,78.4154244769227,82.87061297941513,78.29356447704474,88.78841832755266,87.69755734846485,82.96227247845567,78.70798781995609,86.24121254130314,83.39240393649109,84.40782285326246,87.14888493095138,86.23341210009353,84.6511887145291,86.04796558987964,84.62561404168365,83.89834123995115,87.1288436578432,83.69880470681008,85.75923815069822,83.85724741719272,83.57192502158469,72.6119804587461,80.3598397302374,86.73785811254578,85.89455895996693,84.60884564963266,84.35457663928449,85.51694619862302,80.27701322257553,81.35867124043654,78.90989032128562,80.07277382125825,83.77855035765914,81.56989947770305,80.83455085611376,83.61765596239907,83.9428228040527,80.29907808420549,79.42095005645109,81.54783498788139,79.34026251427169,79.74729697780478,78.86239695994287,82.39780045540296,80.16444212194266,78.55656144437599,78.48371308928279,79.70818280579647,82.28492170125786,81.58983522649815,85.1754711487606,79.61238745614871
photo_truck,66.72869697693702,73.14386419636243,67.64355517646443,65.27198519983506,67.91916358376305,68.7633092236662,69.42399412820778,67.61480107178541,76.5226621178117,69.3409779743502,75.95161151602822,72.727392252452,88.10700155558058,69.03455542261615,71.23272057507948,79.08731255264483,68.49996969769434,81.32991923316442,0.0,68.27624927634837,69.05716645631018,69.79880621311372,64.9525747682374,77.59459625414392,63.49619818279455,67.45844028560148,61.79236266983318,61.695198555441216,65.7064233078765,65.2458481591247,67.879292099159,64.98551318458588,66.78084141676844,67.61377756201232,71.94333818398374,64.1721342490125,79.09439989501821,66.3723125110217,65.59681840662698,70.0336022218577,66.30232206239964,75.71072404733641,54.64850523795198,69.32457567938707,64.10145444232462,63.589303238992755,62.14137525989205,73.13459385321602,70.00787898637884,67.0357003214441,62.94024457206038,69.10269556976637,66.18032253153939,67.43622849629011,70.93596900098248,71.1059775855567,69.93182827554774,69.08721590311677,67.94399865990759,68.04853978212017,71.12549917631131,66.6817367347728,70.42674680639198,69.80661986598005,66.95517934474347,68.40952665549138,57.3385833688898,69.72913325304376,68.20302000356745,66.42136538939957,68.65398531882254,68.7805247945493,66.83224072545707,68.53371283549919,64.66831608257327,66.16564164192309,70.55077408761262,66.10139676045958,66.18871645897234,71.27310180052363,70.34703403012941,65.55782044065819,65.93873912339541,69.39598868177059,65.21752211223466,66.25919777288256,64.95215520087234,69.06110562957925,65.1855776903416,64.44151688641485,63.93279946969696,65.61955444388533,69.20854557775388,67.79330826217736,71.68797894842183,65.81650024545957
photo_velo,70.21180423278105,76.81821515991815,72.48158988802811,70.03048799322754,70.84265120111911,72.46724294076445,72.829675042967,71.47403615132731,80.19993519329292,74.06974207641717,80.07901939707814,76.9772419090159,89.75369788792983,72.83071118266415,74.61594678952132,82.49761488417556,71.04066038610424,85.51007655865112,68.27624927634837,0.0,72.84422151187968,73.84364986479231,70.46398343653877,81.61051142360193,69.49005589136169,72.13451439595177,68.57650931861461,67.85417127838176,70.67016827455299,70.15444464490653,72.05452042802378,69.80908924329064,72.02949153621562,72.91958599264187,76.96678847334685,69.97512537313497,83.40054416012325,71.32349865975898,71.07921920170838,74.36284849184703,70.74930282461696,81.46372571338067,68.01507342766921,65.21148794091711,70.1546756109429,69.02959900153853,68.17540627080609,77.17864073554573,74.84090092698486,71.363773539056,68.87359000013964,74.4829536546218,70.11213087135356,71.85964589162377,74.95395471886248,75.44598194219427,74.3506107084627,73.79075942451632,73.56632935366272,74.13309363006097,75.74144812959393,71.45493671267812,75.19773114221522,74.71013101713172,71.52908251032152,74.78136214845132,69.56655917427284,68.96889779084927,73.21211168755534,71.58063824003462,73.80468897400655,72.92998031638098,71.80824247421205,73.52205278496702,69.85168995603229,71.32624003210026,75.34190910753163,71.63392679048816,71.42868102709781,76.33039503393927,75.41870710489802,71.29730714118281,70.98036214692742,74.00641569673093,70.51740337502639,71.50703518771617,70.31016608642355,73.9895639509022,70.7450355574684,69.73058903219813,69.0095069622993,70.86261919336364,73.79086647880605,73.13356565857607,76.53074232791434,70.96921541469632
photo_road,69.78113474160271,76.09045898259328,66.94618396861036,67.90774280581314,71.0333358889669,72.5591349910299,72.74750738215813,71.53573606544816,79.6946667900756,72.4445970249023,78.60965625339124,77.14771042742382,90.11986842985573,72.60875756154216,74.93136090803466,82.34265628253137,72.38596631377835,85.19579644384748,69.05716645631018,72.84422151187968,0.0,72.47027337995502,68.43397127434433,79.59205411998154,69.95509854342703,72.05824785937239,68.11839468199257,67.6052716816299,70.60528298983971,70.29111851840626,72.08156461891186,69.72982734328502,72.2958403854155,71.83944052458682,75.59587069292097,70.37665837485847,82.94469380707923,70.78932506258494,70.72458975417135,74.40822929005283,71.8193349563452,81.00944822746139,69.16259305823338,74.90915682609352,68.93071799774701,68.23517003804977,68.78404552313982,75.91898801220877,74.50150235574397,71.53791154345372,69.47470806972183,73.99393245254859,70.93407664615643,71.84785740699985,75.34205305437018,75.0028022768412,73.93309013320346,72.95782560028451,72.52374129250647,74.56779298887254,75.17371204450848,70.78022932746256,74.72024871603081,74.07240677291009,71.37739356143993,74.38772031530752,69.3161664039541,75.07474998370196,72.44857532245105,70.69452066132689,73.7175610997136,72.74595948840675,71.60872980279167,73.27709179047136,69.2520365914555,70.90837383117567,75.01821930770984,71.05489838122617,71.28919974674326,75.48494662258082,74.495880963621,70.43873150768337,70.64425928389988,73.4316688190143,69.66300703119092,71.15787861476014,69.54067636935058,73.36306637148195,69.89065656873392,68.9397063180386,68.43009144117627,70.74481507585848,73.92856609813379,72.66060452563207,75.45024529566571,70.41697476938738
photo_house,66.58667373671663,71.87368292366682,71.44608923726969,65.0689952465102,68.62920333515939,68.89434044402583,69.53230991447413,68.51519844189056,80.88627833705975,72.34295691154571,77.13289562903215,78.48483988265822,88.56225091401436,68.62131348170986,72.02654034144712,81.33738047297301,70.58670639936427,86.49280610490852,69.79880621311372,73.84364986479231,72.47027337995502,0.0,70.2464512804757,75.84603179230284,68.21186761309909,69.01154746745833,67.72488736446554,66.99130647755186,67.67342792267094,68.46164973673437,70.61688814197909,65.99351002848718,73.08786820977171,69.29067369462483,74.63450207164641,71.51370336115146,81.86566254901285,69.57271289776985,68.96332375250923,73.46745769544307,69.24828427272116,82.17802448997934,70.14127207843362,76.24649411900161,71.13377747373893,68.5320077189853,69.77776265096485,72.83745730274063,71.11391083331401,70.4137423048271,69.54494399807001,71.26769461832824,68.60293073540197,68.70907667433214,71.85296328724814,72.4952720512252,72.5509505329667,72.12450848705889,71.99993429357025,74.7540382371573,72.74038695149207,69.84390499320051,73.61335806088138,73.84472102520289,70.26699894604027,75.41782355549262,70.05813146321141,76.26936126612351,69.71794913666072,65.69009589209878,73.33145656216705,70.10005515924752,72.26524991673958,73.80601888639566,69.70576745735065,71.83368057479146,75.80331879385643,71.44945973433224,71.69946068404757,76.48320320805901,75.75611060105821,71.26495955998936,71.6814662971683,74.40102957330411,70.64911064480269,72.01752207091221,70.4273831073367,74.14436253605615,70.77210063269477,69.90138461674404,69.4446191152685,71.29429584813005,74.77844583936388,73.05186866501286,76.61959091753228,71.34066476410698
