,photo_face,photo_profil,photo_eyes,photo_face2,photo_walking,photo_standing,photo_hand,photo_legs,photo_bird,photo_butterfly,photo_girafe,photo_fish,photo_cherry,photo_tree,photo_flower,photo_carrot,photo_watch,photo_key,photo_truck,photo_velo,photo_road,photo_house,photo_mountain,photo_windmill,drawing_face,drawing_profil,drawing_eyes,drawing_face2,drawing_walking,drawing_standing,drawing_hand,drawing_legs,drawing_bird,drawing_butterfly,drawing_girafe,drawing_fish,drawing_cherry,drawing_tree,drawing_flower,drawing_carrot,drawing_watch,drawing_key,drawing_truck,drawing_velo,drawing_road,drawing_house,drawing_mountain,drawing_windmill,geo_face,geo_profil,geo_eyes,geo_face2,geo_walking,geo_standing,geo_hand,geo_legs,geo_bird,geo_butterfly,geo_girafe,geo_fish,geo_cherry,geo_tree,geo_flower,geo_carrot,geo_watch,geo_key,geo_truck,geo_velo,geo_road,geo_house,geo_mountain,geo_windmill,word_face,word_profil,word_eyes,word_face2,word_walking,word_standing,word_hand,word_legs,word_bird,word_butterfly,word_girafe,word_fish,word_cherry,word_tree,word_flower,word_carrot,word_watch,word_key,word_truck,word_velo,word_road,word_house,word_mountain,word_windmill
photo_face,0.0,62.788696511677024,62.2739862758234,65.14167986196821,57.71651374701463,55.3558256589733,57.90699091969852,52.53495631418695,59.557334653854724,63.362844500123195,65.10230404203043,59.68885894788348,56.81250143769085,58.39055193795866,54.850921900596305,54.89915049448057,55.90127387076799,58.73106580042223,61.5908864379754,62.26377030971242,66.07779525628824,65.00233103330487,60.32951541738643,69.00970912278194,55.425778441014145,62.695422267726016,60.21929867798326,62.196744985718844,56.826799702442315,57.06657858166472,58.89382818600564,57.18024858508431,57.50169146545922,63.698753973998755,57.142809854852416,58.412530346754906,61.26252529772515,56.19095647865433,58.64957301044988,54.502979409980064,56.086175181649764,57.41233851479054,61.9730832682633,64.57622311633914,57.518310962118576,64.43806540028298,58.73704208963037,59.77270691567159,62.06993005492492,53.57854760223463,57.53712598855222,55.81745707250315,56.288136228724085,57.43524758257977,55.50285869315559,54.04242273357004,53.12255157757034,61.60077986704029,54.391392446435255,60.13479954632589,58.409556840772304,54.84620191012103,53.495083112257284,52.83050707472797,52.533945660743754,55.70658831696891,61.11553840521811,61.07639520946888,56.15211062809002,55.67489355475203,55.918822565191896,58.907330279087525,53.98415895269332,54.64390964598867,52.93886106678324,55.67847691481085,57.54058890248349,57.65106789288393,53.73798441928925,58.46794143105242,58.104525416045895,57.107378664151604,55.780486117205434,58.12892921731457,58.22766754881312,54.41823862578133,53.37179815041304,58.73735346732169,56.24811942210943,50.626321885394766,57.52317361581513,53.2027541649363,54.605081009982946,58.04769995958789,59.25960108949981,55.401775873989386
photo_profil,62.788696511677024,0.0,65.77528941187337,67.58227767655863,62.984197003827866,61.98846726654398,63.67481894241223,60.6406150165248,64.04742892505593,64.7607356431566,69.31081826301262,65.07830911223878,61.2287226599558,64.78674269663735,62.1684379120319,62.1057817903455,63.672491003207845,63.22776794939229,65.56046811988838,67.40296575345236,69.54641246703216,66.00026613392025,65.11194103698715,71.32437010640058,62.798239003485186,62.29285192765575,65.18759583067623,66.40689531109128,63.00119205626747,63.51906315370949,64.90675050601341,61.836154812515915,63.617800358941146,66.96004326078284,62.75634415353599,64.03998572671932,65.50320260828954,64.78323708123095,64.22512266942714,62.49593931529842,63.92009679207889,62.72214916918228,66.28296347795242,69.31341472863853,63.01600197750913,67.53648535638956,64.44660807408961,64.31767350861493,65.1410546999097,61.418414263792016,62.5641516337179,61.21551766939937,63.10953895385664,63.250986009581176,61.852533246927344,60.52136837869547,60.53458078625654,65.05609142921914,59.43531909249952,65.21842109411483,62.32746606806763,61.238912700623324,61.77413910193255,60.333072981517226,60.077364614633254,61.470840040212444,65.73564114798388,65.64941684903256,62.04549202266906,59.489429510996224,61.477438397932595,63.924526132437045,61.86756158430438,60.42721603824403,59.61657157342829,61.67110232206252,63.03910914580857,62.73437182630589,60.257400221337576,63.44563754478767,62.97661546680786,63.00622704500896,61.54909330313472,63.22515074611869,63.29653906311859,60.105280944604,60.09930271180363,63.63077164388582,61.517404563698626,60.41140478893265,62.83780786813792,61.23702994412026,60.355030662965,63.26096980291162,65.35853196551993,60.53589282922433
photo_eyes,62.2739862758234,65.77528941187337,0.0,65.69803123226046,61.405429883854964,59.97467279470349,62.70485096989841,59.149352821550465,57.89055540278188,58.80025779383281,64.6347948679538,58.285900889226106,60.25039108986574,63.50727548553331,60.60813379759298,59.379784960909724,62.440575158900835,56.28588794213067,58.53952318366645,61.51882939019147,57.30438304625071,68.17375366833562,58.16354431642918,70.1383991557656,59.4189077596687,65.8179115317051,57.158650249376365,61.368121907871554,61.9584390706988,62.01149028817699,63.62362999018738,62.45036698826364,57.71196403824173,62.107502708595675,62.363929483830724,57.39904983837748,60.438862688209376,62.20822860119984,63.54536074309877,60.197436203221976,61.409869522336415,55.33759841158206,60.261925221088454,62.991538325902106,57.00656357701626,60.853985875925915,58.889785530925266,63.705987946281894,63.353016727624464,58.20474152199671,53.85166954867389,60.458556685406016,60.819995758974976,61.82339623166325,61.61658901114523,59.123220596615404,57.810076630072814,61.44757975339218,57.24831255297702,57.99699233417412,61.621361149074986,58.544193425795605,59.0338721175942,57.78276081642639,57.01182910794443,53.86765606641833,58.76229571142885,59.21555803502452,61.83759541740905,60.0233806778743,56.10847406084788,62.561110669925476,56.130239412477565,54.776271933701814,54.73977515796841,55.63487097403925,55.14672509008678,54.89464559511166,54.91558741446524,56.16989089937124,56.74893034944744,55.55266061544187,55.01295106005145,55.60507728233095,55.8049857026013,54.955115661645536,54.86897559938967,56.142736352130875,55.247919505988406,54.7702410616824,54.757200105115494,55.37695703073672,55.35556204114103,56.58653383569328,58.04877385254073,55.959594437406224
photo_face2,65.14167986196821,67.58227767655863,65.69803123226046,0.0,65.14093661976537,64.08416856914941,65.06308830423211,63.263879104596626,62.992351482036995,65.40793786999991,69.86063055781933,65.21801587544063,64.36575654430403,66.85449579374574,64.48614171085173,63.958888995219205,66.44786133495666,64.26011987978659,66.25716077169218,68.00039359085261,68.7498294924354,70.3261734165567,66.14180515024277,73.13931210577601,63.33042919323094,67.92017525033825,65.5537644347194,64.00011298092922,65.41086281480048,65.19297579574571,67.12761041517703,65.54307228128008,64.0119383573026,66.69674662939359,65.5359366807869,65.01672968266391,66.3882512732911,66.27418607519647,66.54001438497244,64.61378060263372,66.39808495043326,63.65991855829193,67.62373578983254,69.46122936433612,63.36548602850785,68.1697073600982,65.41625118268864,66.69687765782112,67.20933498036494,63.22711559666554,63.690744295588104,63.89744378068989,64.67291367924912,65.36577809307992,64.87488611892742,63.918307289104796,63.15520053509518,64.83327529392851,61.84991449393056,65.42803322941508,65.63372505375402,63.791233365238774,63.73414163568043,62.689053724560424,62.44739219031863,62.137682987895616,66.24932792706984,65.9708237286092,65.24113931462068,63.51380858150291,62.48816226823208,66.29768501122234,62.989944704925904,61.775087721721036,61.336659329614484,62.74365095246653,63.947376985974465,63.877656365128416,61.936914448009084,64.78300578879356,64.45618233776756,64.03778414974026,62.8786482444621,64.46457905282712,64.57790954017928,62.25103304829354,61.28686607581077,64.67661435725891,62.8082853133331,61.38261807020332,63.8556941361384,62.311341006754965,62.23775410019704,64.33637515656825,65.87063048498875,62.61798217862766
photo_walking,57.71651374701463,62.984197003827866,61.405429883854964,65.14093661976537,0.0,52.82596282187722,57.582457210098426,50.37826549155026,56.558967245415786,60.85229738032125,63.59412436561547,56.52708345735491,53.008855782263225,58.27294297427496,51.91073941637868,52.42446480688599,55.97467027506961,55.57366901513512,59.243611243610005,60.4174071030845,64.25250143866235,65.94626778415295,57.07291909627656,68.45026087893928,53.565925695882406,62.23056366804045,57.471408861589595,59.87402171762653,50.8971441364623,56.16967075130061,56.140681345514494,55.26838639072333,55.389618031145694,60.69341997504191,53.34834392357272,55.33591892630598,59.819536239644194,55.2159843224062,57.7432755495819,53.13933613426566,54.2214182119952,54.36053150245949,59.05659433030744,63.26188298283666,54.673613316327696,62.696818756054185,54.7568197309297,58.744258751169966,60.26493315499089,50.5696522387593,54.784798948979585,53.65584981852357,52.514030320892346,54.687295617175465,55.39628616915879,51.02635247169519,50.69803780998497,59.1420048691708,50.17229438291509,56.78664025664362,54.70316167644143,51.6616106720059,53.148652625546546,50.55233575952486,50.09683054719689,52.72330310456777,57.94666189687842,58.812452969595256,54.93408677362364,55.844010527111514,52.98397011477991,57.569737794230555,51.8880385455204,51.731100707759396,50.44844558296705,53.497998350742435,54.62527388457504,54.443431597975774,51.05093453525814,55.422122670235105,55.745560122390295,54.52668443076152,53.21226218907946,55.189269862338186,55.27854519209031,51.683078161759646,50.95706770570223,55.76700855205754,53.44730990492974,49.56390852404187,54.49665846168913,51.11061592236506,51.9923879975535,54.89582419867272,56.52592186584836,52.4620697229009
photo_standing,55.3558256589733,61.98846726654398,59.97467279470349,64.08416856914941,52.82596282187722,0.0,54.462987391428335,46.47020334172786,55.419139262348345,60.02874557752104,59.67116880080042,55.59851970806742,53.794685698474474,57.187967795683655,46.567841519766766,46.31106703576905,49.78768539014636,54.02395335600359,57.798735508788965,59.90324348697239,62.74531538968318,64.64033273659054,56.165852434138074,65.51133856234534,52.609005808382236,61.61215680186081,55.87350447364018,58.8111016898617,52.61526345009049,48.187466551585246,54.26820108908388,53.281067607391,53.474879286256865,56.31808276401144,50.21190399504179,54.549559693810416,57.04429130605308,53.21372836394878,53.53041817286416,45.6219982707334,51.75205454705758,52.47988566627235,58.05415308995768,62.74946373481376,52.14234397653433,61.6093805349028,54.443152654611914,54.9554476457292,56.97674381575129,44.095215668265546,52.78251639354764,47.437769905719826,51.32868078809318,50.047592241616755,52.35365119197668,47.76401639534627,46.46230514516884,56.33764798143926,46.9679401991666,55.57514849195675,52.411951079110615,49.192297201145344,47.501984083101036,44.4543980572762,44.384665838549644,50.115167222521634,56.47394244401156,57.71967804813024,53.09588049075997,51.60260405880243,49.63960265942137,53.37271799422943,50.2703137760581,49.65186687121656,48.21664188197649,51.242536144753664,52.828239623149486,52.72436526707626,49.36495981281712,53.63127097404597,53.942456487620944,52.34206194048072,51.56690018457634,53.36841280259454,53.64755541685494,49.80330170185605,48.905073243776144,54.22467412712383,51.507897861596156,47.7061470770856,52.9277332958479,49.400986379336715,49.774780354648996,53.286633466252965,54.742482451833446,50.45833456596235
photo_hand,57.90699091969852,63.67481894241223,62.70485096989841,65.06308830423211,57.582457210098426,54.462987391428335,0.0,54.18219533999992,60.19878439071861,63.3367824936128,65.54332494586566,60.01896180765585,56.51327036597716,60.112360491827154,55.60210589315996,54.796111570471204,57.769781202042225,58.791276139523376,62.315173482871074,62.88291446644921,66.18021779918897,65.51542713851484,60.81215854498982,69.12876851771586,58.59283787962643,63.71414279826904,60.06795319925345,62.482113452605105,57.710684432492634,57.16345942186492,59.13622148766021,58.56254529723967,59.1889634776768,63.96014299080396,56.71346679804229,58.92061141385478,60.73570731382509,58.973022449853225,59.26396723452267,55.91591982598069,57.75741888329927,57.679890017961256,61.85021265774533,65.62316290010455,57.75745118428195,65.11271703339143,59.13947307302344,60.35159985737146,63.34316045559111,54.87134526310816,57.123026170227014,56.41946882877767,57.0858762121544,58.30732984089284,55.928140683904296,54.20148856391168,54.46474762986695,61.859014964945096,54.22558640534703,60.08982733395344,58.20866661887847,55.409580165400776,55.679679565395155,52.974365611146794,53.53489010011131,56.09390525782812,61.28771694055914,60.96353028221333,58.06981353953738,56.87590202029281,56.34320483146753,58.8381355270113,55.941989306030344,54.57617362617289,53.99395872374481,56.304038449006164,57.62329917430149,57.43028057257151,54.63579625300728,58.21428279047241,58.93894544212041,57.09566246405701,56.40913156738809,58.14171648472372,58.36902731148709,54.59466742369643,54.41039170159144,58.438812566698495,56.56650805741676,53.7536663566181,57.599370780628256,55.07959361924456,54.93104130471524,58.45063968561223,59.48527619154553,55.428166563566386
photo_legs,52.53495631418695,60.6406150165248,59.149352821550465,63.263879104596626,50.37826549155026,46.47020334172786,54.18219533999992,0.0,54.548089040164136,59.13991000715321,60.37461708402442,54.69714055287584,51.41692600325784,55.67413288640714,48.0037296699711,47.58405008470728,50.45431750504674,53.28010650488405,57.3757577163185,58.94826385820451,62.82822154096156,63.65243587491864,55.89594566229428,65.81266313721699,50.91488150580726,60.405924953210025,55.02891711918585,59.06611573437826,50.10268485789714,51.17856306819583,53.015088359556444,52.22564561541996,53.107435458226405,58.16047807330203,52.38239380926076,53.84679800966646,57.118712155362275,52.93474074825826,55.00820136798436,48.12976638399729,49.58522588198846,51.82992713714485,57.71123261900719,61.90763732647556,51.63616512658972,60.933994501150295,53.75983258839805,55.28485102859889,56.52335383983762,45.17794676183693,52.0012618464857,47.836338475615385,49.860353254610835,49.69531139881814,50.76211950479734,44.546792200472005,44.23029725260805,56.01838986042782,47.2341664981841,54.326089858042465,51.170846203137046,48.356042691377844,47.48422683374338,44.79100907938724,44.99499370849648,49.58369816176625,55.889845316415894,56.72599313787567,52.47834292036167,50.781845831804745,49.03506004192967,53.32645265063143,49.350394595146355,48.839759012147,47.2903347273154,50.45037090671005,52.09491393646703,51.876597383683325,48.279388594456734,52.81645737156631,53.01203720893635,51.52052006211961,50.811015195303774,52.748659366769594,52.85412353363358,49.024506998636,48.01985136534817,53.361581529265266,50.77994619030406,46.516136144051,51.8655117876631,48.17197020208886,49.029952856145805,52.347212067165714,54.15976334001049,49.59380614570944
photo_bird,59.557334653854724,64.04742892505593,57.89055540278188,62.992351482036995,56.558967245415786,55.419139262348345,60.19878439071861,54.548089040164136,0.0,55.819594125783844,60.268604939673,52.449146904867,56.70707569872733,60.213084579973724,55.33876130858697,53.82078734150071,56.61024629428136,49.19617180835418,55.332496460382025,56.896390431935004,61.289077926338024,65.9219373242343,56.3390503706999,69.36408724207995,53.81362018486196,62.12193796914862,52.70038408535778,56.852148990963826,57.04134629528207,56.81625407863601,59.145717301588824,57.73128359836881,48.98297428794871,59.68717943793391,56.2254655783476,52.200715899640095,59.22055550234343,57.17524947619496,57.77136340168129,54.77482862005352,55.516931016138635,48.198041413646855,55.96967398260248,59.85758846504374,49.23385995059845,58.94653752169472,52.5455434720612,59.66047618260861,60.034217899903545,52.286603041091816,49.65423211224859,53.8191539552976,56.07006375072393,56.606711274336966,56.31815282948095,53.006776910882586,50.761769410374534,58.07516366492334,50.46017710989455,52.95764228720666,57.27015869391874,53.05909815946996,53.01437846718419,51.43840593471707,49.108484519936084,46.64878554919725,55.45201036654577,55.495894035226435,57.413331768797896,55.17246707355256,51.51067572026841,58.54937880585274,48.63104291670005,48.18707967701935,46.72988496230037,47.88397643843614,49.88659132621286,49.35066542272593,47.433755968070436,50.33914554889873,49.927112528535936,49.59121511959298,48.23965928112451,50.27603423329464,49.57818974108497,47.14639316636696,47.02741624884506,50.63748714298567,48.1276972226219,46.342232588845604,49.71361702453176,47.62180726429713,47.73139433243091,48.938702383387835,51.92589821704188,48.37506139273314
photo_butterfly,63.362844500123195,64.7607356431566,58.80025779383281,65.40793786999991,60.85229738032125,60.02874557752104,63.3367824936128,59.13991000715321,55.819594125783844,0.0,65.34343747221811,57.816314543067634,59.07370929669105,63.92327375954257,60.54762071751819,59.28771290941832,62.524762000680155,56.64438414002508,59.02046601648695,61.00390509486394,61.7158968376801,66.78559860386034,59.872186626766485,69.3964365260428,58.963434466338626,64.17318317137413,58.427975848151384,57.21513054583597,60.04105919509427,61.20832923509169,63.2765856864345,61.4829813593573,55.761863151610775,61.02902646633194,61.484371746967426,57.5965524631583,61.06804502679953,62.148544692722666,62.77757626071618,59.852835698530896,60.95759400419079,55.72668254715235,59.06437193003666,62.8901015746745,56.04556417799629,60.96006867571511,58.49463779899645,60.911144441810585,62.00468858188828,57.89565456371918,56.18334281528887,59.1752356180358,59.165629898525395,59.85671235456329,60.678989381821836,58.43184547313457,57.43086192977885,59.75615335197453,56.21061697757858,57.89064017245937,61.28605697222952,57.83333893634824,58.79014330211089,56.84788487539081,56.86962043089378,54.58409637981867,58.668599939175756,59.13616989322157,61.18584287561133,59.281550917012204,54.72913988356691,60.868337392384724,56.702197511471006,55.63396047652269,54.59043093728783,55.350535363846035,57.16665794675365,56.801345186910964,55.2285627645719,57.74495881578183,57.34422074012699,57.219044005367806,55.75402154158845,57.51721165824318,57.41276633452926,55.05065514755589,55.13021535096846,57.713915362381606,55.27281490790884,54.70623627991436,56.78370880798085,55.87916040882691,55.84418160937854,56.94089341630366,59.17536168014384,56.334796320195444
photo_girafe,65.10230404203043,69.31081826301262,64.6347948679538,69.86063055781933,63.59412436561547,59.67116880080042,65.54332494586566,60.37461708402442,60.268604939673,65.34343747221811,0.0,62.22882349339709,63.20607124219164,65.55673891697036,60.110974424105585,60.33649958426991,62.80952230631362,59.2427283056668,62.00894575839832,65.57259000972786,67.41868950202347,69.41938120769711,63.416116071079024,72.28428747086973,61.47982744046124,68.50706548932209,61.605696463344,64.81905391404972,63.15085630893857,62.60375278194057,63.80926804412134,62.8150324170865,61.50507641966575,64.69115840365009,61.059752885786764,61.66021681134394,64.12861028023038,63.30625166858098,64.6205994883236,61.00468082340084,62.23746180440007,58.778953045484066,63.246583713155495,66.76144454759942,59.97812254965927,66.73807930230849,61.95795056127595,63.77167993274133,63.96863019153462,59.09665804183251,58.89832167382314,59.1745762681953,62.129174941887314,61.98739598629527,60.77712527270778,58.62687756830549,59.91843204029582,64.9944687612634,56.07337728663669,61.57975365646111,62.42901067945352,60.36845008783053,58.86948821215385,58.051294729548495,57.828224143512486,56.782876456634106,61.35310997071093,62.47014904980446,62.77242579306386,61.26266378918511,58.415901651905884,62.531056160378,59.55596760743048,58.17899138109734,57.79709507516817,59.22238281911216,59.99819496135521,59.85872116667427,58.27819179911445,60.82429635551897,61.09744617672996,59.21791121984041,59.61081214088977,60.537783797638724,60.22878626503011,58.57587903215344,58.061314034527804,60.7173490666494,59.204749918821456,57.42605760469856,59.80455030458116,58.692131238637195,58.47507466254791,60.50202260339122,62.011821534379536,59.02797885568768
photo_fish,59.68885894788348,65.07830911223878,58.285900889226106,65.21801587544063,56.52708345735491,55.59851970806742,60.01896180765585,54.69714055287584,52.449146904867,57.816314543067634,62.22882349339709,0.0,57.54984712834087,60.39413604371046,55.86091837213367,53.56677203480807,56.16738179327762,48.64168598135478,54.45367761731233,56.354816249061024,61.087029518373775,66.58193705004285,55.337772191420754,69.53657061354714,55.63904772179553,63.08575855817077,49.50923543840192,59.07643393197752,57.8437956904489,56.7651759128503,59.4544832502793,58.88639388620238,52.45276710761102,60.4168814290839,56.83190382539668,48.60931539408507,58.43827340283481,57.51610718534932,58.635394791063156,54.1660412044242,55.24138101043331,47.177120165018685,52.462755214921806,59.09623350133732,48.062937584301274,59.2776722547905,51.54026759746331,60.390342613641224,60.216042182251016,51.1961504867792,47.1636511827008,54.787074864125614,57.01306694792154,57.391099266738934,57.609104746005855,53.70046333435793,51.306210829114455,58.29595174782419,51.045670940289696,49.86981115330229,57.053676022138326,52.112010130860604,53.72849943876893,51.4807292667952,50.08654002893149,46.140001160702816,53.44044743589081,55.066864496882054,57.653338888234586,55.245045802714124,50.58908822728132,59.136779312112495,48.43358756971423,47.58678269079239,46.35896178248904,46.73206639692159,48.01415900508063,48.11030853976566,46.60975139617258,48.928501604287796,47.78756249887406,48.873702333694034,47.16876754921762,49.01104797074875,48.247727368475076,46.90422124679,46.58257939824655,48.675328495964045,46.26419763352908,46.32071156149077,47.17179298160295,47.48337957758643,47.39785205786725,47.73737391342471,51.08068701443955,48.33675214500502
photo_cherry,56.81250143769085,61.2287226599558,60.25039108986574,64.36575654430403,53.008855782263225,53.794685698474474,56.51327036597716,51.41692600325784,56.70707569872733,59.07370929669105,63.20607124219164,57.54984712834087,0.0,57.05518886365365,53.38249290054567,53.01498796039199,57.02419858739976,55.356103643344824,57.979191696210876,59.834735554980625,63.987401604144424,63.85726503661467,56.809686259793764,67.52403161781565,55.025315115736426,61.56639432312297,57.060148558961274,60.76810243904434,53.263107513893075,57.08628085091082,57.56214784543457,54.97963546289618,55.411977867322996,60.713123142914476,54.91600120302321,55.77244609843212,58.63447375611422,55.99694710103056,59.479934817790316,53.64500347577141,55.10501122255044,53.84587465584419,57.985756226526576,62.44011409324817,55.107497462038715,61.05855910556596,55.28653445556775,57.85564522027391,60.13840768625477,52.33115579299645,54.06618272796661,54.074066180685016,53.67359471325287,55.569200996637484,54.892582913938966,51.80631046129856,51.59908426598041,58.03116960529903,49.556726708061845,57.44873219438177,54.9721174090035,52.35053212179538,53.53404355352856,50.795813875187946,51.07657899054872,52.47631324745806,57.70016904744345,58.16542359960282,53.76511816698475,54.191108503902726,52.63239027450549,56.846099621055814,53.05433829417354,51.185985296537595,49.9304800302089,53.06810344828375,54.17362534540206,53.77023892452674,50.76197051031508,54.91659919455811,55.363593942524105,54.47490919854092,52.77576363761581,54.476940847622444,55.39404099432995,51.01439250160112,50.32515295794554,55.627963330355335,53.103028706085674,49.9243654372401,54.31648233779856,52.0690187574811,51.60252393025434,55.14695729953728,56.79813019832691,52.03775619620485
photo_tree,58.39055193795866,64.78674269663735,63.50727548553331,66.85449579374574,58.27294297427496,57.187967795683655,60.112360491827154,55.67413288640714,60.213084579973724,63.92327375954257,65.55673891697036,60.39413604371046,57.05518886365365,0.0,57.2990276152998,55.138513188881625,56.90038730105559,59.04172769316737,62.751546642341665,63.19902034315395,66.78561655965905,66.11762368348579,59.24306958240918,68.56923850429591,57.90497719367791,64.67435319123665,61.16017070136441,63.06171983716395,57.14190883625022,58.27084252569179,61.61720300779603,58.67165438102713,58.99079677421085,64.43702125577752,59.006161839596686,59.11450625810253,61.85026704886854,55.84772160297286,62.233097193900875,56.62331720831609,57.64849122685733,58.23953942292226,62.29945416195917,65.53145941962629,58.55205277472421,64.95350574907128,58.61401720516585,60.88226205278788,64.30790266574812,55.42405037500954,58.74743682900097,58.928888826043625,57.08578944686856,59.05841790109832,57.254590682537355,55.72360358419953,55.028411261644564,62.335404234374614,55.14523989436534,61.70014970073372,58.497819578592676,54.32205435927906,56.26753433562921,54.42105504586269,54.27223383626105,56.982506818819026,62.03157204264225,62.465762838847404,58.59974992497464,57.33073464222138,57.50770856358373,59.95627823202328,56.134489832844075,55.45907688450738,54.32655500545972,57.530084947776544,58.60874393052848,58.47278282491873,54.974595159445265,59.398356183714405,59.37951542106648,58.44075938268651,56.843801405314736,59.13581368363863,59.131165628351006,55.48452941035045,54.64444718724744,59.68285398955522,57.43041697035549,53.352050464556626,58.45077693705403,55.4784424784342,55.86009521486314,59.07148984406686,60.61071653165135,56.39425356170025
photo_flower,54.850921900596305,62.1684379120319,60.60813379759298,64.48614171085173,51.91073941637868,46.567841519766766,55.60210589315996,48.0037296699711,55.33876130858697,60.54762071751819,60.110974424105585,55.86091837213367,53.38249290054567,57.2990276152998,0.0,45.01842829069698,50.108946853887375,54.20123536632128,57.930515895993324,60.38146469744808,63.42783683538877,65.18814507808902,57.21949821931659,67.90149854628746,52.309817520481396,61.79714087686521,56.33163853744926,59.549728733942196,52.95103569535828,50.817844743817645,54.15269038033282,53.56023713583162,53.73989247441426,57.66177624666889,50.949325119236754,54.58778317057772,57.77462927047225,52.050015830990795,53.16047019327791,45.75326973169927,51.84804296283306,52.7043087801258,57.97760392015182,63.23724908918696,51.79230658102299,62.23196341461147,54.868251026819756,57.62911265151709,56.83841087680933,44.69594964884215,53.073941189942644,48.68317977894693,52.15700519538174,51.64436628331123,52.29846510633065,47.96027241460928,46.76473877074021,57.10295032678471,46.77481876875879,55.811230336331704,53.80499451206355,48.30990824411348,45.871387027670586,42.759294037464116,43.952020849576854,50.31845161151679,56.52382627367696,58.314888444258166,51.744601957211074,52.56930993827766,49.66622335072779,55.73728505162798,50.623326462719085,49.88530956812558,48.39732225971856,51.4605985241434,52.96385259759734,52.62531331777667,49.526308044515666,53.95008772709928,54.021679285269826,52.731161996079194,51.63520858338973,53.588842514153065,53.79881994034966,49.78737786279241,49.2027533415439,54.2347277604745,51.75481719072059,47.84424245494922,52.98655597477206,49.66296843207523,50.04437402268343,53.40776985939776,54.663772210605885,50.763180150749776
photo_carrot,54.89915049448057,62.1057817903455,59.379784960909724,63.958888995219205,52.42446480688599,46.31106703576905,54.796111570471204,47.58405008470728,53.82078734150071,59.28771290941832,60.33649958426991,53.56677203480807,53.01498796039199,55.138513188881625,45.01842829069698,0.0,46.63370792935342,52.54985643523475,57.091231004466046,59.13380459573269,63.066857085897745,64.86304162394036,54.84140660665476,67.57744943058826,51.890949768298,61.719239818972014,54.3210031622843,58.663030301064424,52.36692511644073,47.56856319865681,54.15004999058258,53.74831924627036,52.253321207289204,57.36342269747176,49.32683258614185,53.283336923149285,57.351505751582714,50.934142921674066,53.623054283792484,38.08092643841487,50.59264663224684,50.90195279914309,56.91270828973043,62.32426861971742,50.53841536185069,61.26483137853651,53.060490911838116,57.15224004101002,57.567307804932284,43.129895111869665,51.252341828046696,48.70432420889039,50.57296805234747,48.95443503356244,51.96280511793427,46.92287636568142,44.7948577256502,56.545831346155,45.19348722399586,54.589599778017686,51.48123166517572,44.91998947527115,45.55776976683171,37.94294450150047,40.7289158765597,48.37898088132508,55.34754288249638,57.385892925552675,52.6767870050286,50.972137158116155,48.96390772495108,55.405126141722384,48.397651771736925,48.24255847266408,46.46418654016759,49.59413851874039,51.24987884893248,51.198679884133654,47.37610354286279,51.89368526851177,52.33553339369225,50.84254736306336,49.93814153306553,51.49262822906299,51.83548988308045,48.17318951473143,46.774863801766195,52.67219095466268,50.007134300797034,45.84059386370182,51.46029046954771,47.36565367857442,48.089236999943346,51.656664232044996,53.24387167589279,48.63881560083211
photo_watch,55.90127387076799,63.672491003207845,62.440575158900835,66.44786133495666,55.97467027506961,49.78768539014636,57.769781202042225,50.45431750504674,56.61024629428136,62.524762000680155,62.80952230631362,56.16738179327762,57.02419858739976,56.90038730105559,50.108946853887375,46.63370792935342,0.0,56.239907539551695,60.24970013220006,62.01535308474258,65.35079206602182,66.195270896851,57.194331468434974,69.37202702910606,53.74936956786226,62.91959414970914,58.0134923065132,61.30853053907836,54.0438789832046,50.40963506062676,56.70488719013999,55.11254188081698,54.73797489455172,61.32578440898224,53.12534883291874,56.148656081313995,59.91155044610315,52.18936290604374,54.90221624609504,46.295216701321834,49.82103732842625,54.47274777758942,59.97989435480729,64.33571799552914,54.191479690380525,63.16305500848965,55.29916824411007,59.00610265947332,60.67902110939535,46.631406003445775,54.91914736241249,52.40799757597086,53.21838857928696,52.05203599882255,53.748067467046916,48.398203292997366,48.74463944380226,59.72099766627273,49.71188686922821,57.36235125568706,53.22812555487665,47.99851913118863,47.85605964301937,46.58945908248224,43.63312531617796,52.62474092821603,59.222461648911455,60.1213772212168,55.91081650559586,52.646014097192214,52.89277374580404,56.80827715560474,51.82956356879499,51.28552009667229,49.98587008587916,53.18522251224179,54.64952512667534,54.36110905088231,50.87244403784035,55.51142754801585,55.7215287142692,53.82330418209193,53.362280989357124,55.00598204837659,55.04345985307128,51.57408997645089,50.813233436070725,55.97407283700631,53.0619336647741,49.015757135899854,54.44277005021307,50.491845481084326,51.6101037972348,54.5932038803334,56.52048051983856,52.2076130054082
photo_key,58.73106580042223,63.22776794939229,56.28588794213067,64.26011987978659,55.57366901513512,54.02395335600359,58.791276139523376,53.28010650488405,49.19617180835418,56.64438414002508,59.2427283056668,48.64168598135478,55.356103643344824,59.04172769316737,54.20123536632128,52.54985643523475,56.239907539551695,0.0,51.654812456697755,55.67530729694291,59.74124977925059,65.15951615982986,54.37661347180512,68.36033371659055,53.60919166233364,60.7884946706666,45.465715769347405,58.43612610419592,56.52710265347509,55.887424684730576,57.099723593576755,57.19717372124543,49.75743564323946,58.66536872273762,55.55550795339156,48.401826102332635,56.77034440201067,56.78131830109058,56.9801050131603,53.22315483226199,54.51098544760982,38.115955690235964,52.62001357199827,57.710857081172946,47.565114872303894,57.3839034670208,49.2794945254237,59.06267973229029,57.32551541633985,50.25067493371505,43.35374872012205,53.06859784721055,55.82830374312647,56.17354981345424,55.228502934609104,51.12336053735559,48.057963062102054,57.54442286916284,48.95714131499624,49.27025094947281,55.50195981761916,51.43067465704059,51.7370920091486,49.56335580396421,47.47712817838497,38.094797082681026,50.67733613715481,53.3999388956426,55.79845479633429,53.32226181731224,49.585077564738356,56.87904398331211,45.55649889886689,44.10161693465678,42.082301792698246,43.19667926737912,42.64430169763159,42.93957918953541,43.03226845744804,44.37035107243826,44.617422195616,43.97243721781403,43.8622735745345,44.24393562132702,43.06561986328535,43.279190265854815,43.401707230704176,43.53789351408549,42.91462352464122,43.393671792658466,42.00602638585728,44.7310808201618,43.14078917140291,44.615588987088806,46.893518673517015,43.741669437569854
photo_truck,61.5908864379754,65.56046811988838,58.53952318366645,66.25716077169218,59.243611243610005,57.798735508788965,62.315173482871074,57.3757577163185,55.332496460382025,59.02046601648695,62.00894575839832,54.45367761731233,57.979191696210876,62.751546642341665,57.930515895993324,57.091231004466046,60.24970013220006,51.654812456697755,0.0,57.66036404173649,60.79230626954825,66.74111626123222,56.49743394056999,70.12236937510188,56.510797126992514,63.49687456413017,53.37874787839974,59.31354533957841,59.463731189428565,59.10489848630291,60.12020125568072,59.96374822654928,54.63746851504011,60.77103726810977,59.38075718045264,52.931867266830935,59.63605436724461,59.65351353323962,60.95662453023821,57.24867009880499,58.38054582766835,50.15340655453034,51.51187953733193,59.074346580105406,52.36663739315155,59.211093399222946,52.54284234787582,60.860206039423396,59.4378409488656,54.71988537618471,51.32696680654344,56.37203509962055,57.94775319832941,58.95731880070447,58.51943840939639,55.765042655072804,54.19709657441697,59.68823800763899,53.45871226745296,52.37309120146435,58.45762313997177,54.5403738768535,56.109363865160596,54.37907315842444,53.42914184817328,49.055086081892775,47.583474382384075,54.40194655941692,58.72276059453073,57.05189148644825,52.752545349665226,59.49554547011252,52.72376031758226,51.34037612656703,49.93792746888355,52.00277509589278,50.505439093715275,50.771321333703305,50.838606211883985,52.19039097616242,52.41392470407557,52.30861757197215,52.09129039750899,51.26344709362367,51.70401392203301,51.22818354650953,50.668126719872106,52.30295092411673,51.20007396540354,50.79518915074189,50.40084473391773,52.086463004828005,51.82286560115927,52.46376716753936,54.32179953466892,52.10388087760579
photo_velo,62.26377030971242,67.40296575345236,61.51882939019147,68.00039359085261,60.4174071030845,59.90324348697239,62.88291446644921,58.94826385820451,56.896390431935004,61.00390509486394,65.57259000972786,56.354816249061024,59.834735554980625,63.19902034315395,60.38146469744808,59.13380459573269,62.01535308474258,55.67530729694291,57.66036404173649,0.0,65.08598553417475,68.52377895707744,58.96947038169262,70.99718076824374,57.207168181890204,65.48083055144541,56.5102499839152,61.47570584498836,60.284995352041484,61.25979545210004,62.79210083238012,61.84587946775227,56.8822497495555,63.880213711783036,61.60712948924726,54.84823479378434,61.316673434371594,60.37507850566145,62.97350591173896,59.35077232695554,60.26457637211635,54.298379090869574,57.065823863281445,56.30393761588819,55.55958119848595,61.525065813904824,56.19406733502769,62.76879254934367,61.970810378341135,57.524282202288305,53.8904525266871,58.921468593595684,59.05923231906605,60.754929727395876,60.63597531543789,58.46063434733002,56.803928460981744,62.791439233946654,56.59708168361783,56.3604101255786,60.934889906202216,57.525307812498504,58.27331518982114,57.195927812872135,56.13355282787657,53.38761431616948,56.87511889430429,52.60787568956187,60.482762069644544,58.3909210390049,54.607733677076915,61.298802904370966,54.31868396079181,52.817015133474705,52.348743138146084,54.146028579753626,55.32210864298336,54.97424148641977,53.00374507403894,55.74767990777793,54.815445041399805,55.79944932270331,53.58826605068738,55.81704006365842,55.22130869172785,53.22460157894122,53.121413527250084,54.52162144306152,52.87096785645408,53.3693870267281,54.51416201894486,54.3955522564415,53.26754755560809,54.082337017477485,57.424907522574095,54.180566074045025
photo_road,66.07779525628824,69.54641246703216,57.30438304625071,68.7498294924354,64.25250143866235,62.74531538968318,66.18021779918897,62.82822154096156,61.289077926338024,61.7158968376801,67.41868950202347,61.087029518373775,63.987401604144424,66.78561655965905,63.42783683538877,63.066857085897745,65.35079206602182,59.74124977925059,60.79230626954825,65.08598553417475,0.0,70.67393653696483,60.31424838325589,71.7569174322984,62.59451475879725,69.03240885884269,61.01925952996906,63.77064015145924,64.73607354410376,64.92556231870704,66.47855634680064,65.51666032152055,60.90030080493245,64.25298538546615,64.66567367468839,60.66073325403473,63.76443898230325,64.93891745833064,66.36890518933403,63.571893422718084,64.50395154020298,59.33045206163151,62.68877169718981,65.46884670516336,58.39981820078141,64.00112386887389,61.41026172804169,65.54507750665897,65.7756094578354,61.777079965710186,59.88293874189373,63.279706071861256,63.445201991952814,64.85379132743637,65.0544249678611,62.718231702006285,61.49547473511145,64.363674383459,60.78736393356932,60.998013385776275,64.48967949470297,61.889829278533256,61.91660996145179,61.38225800443808,60.371480167905474,58.3428671875154,61.59131970065103,62.60279121447113,64.65927240185974,63.56667184576617,59.45407054221049,65.13368840288379,60.884016377257524,59.53968478764025,58.93487500483704,60.10368100657098,59.53898646673158,59.24586236754204,59.4745748936822,60.34085613042659,61.41511349435172,60.112538635971625,60.2247997705881,59.97808668730447,60.149273972678394,59.592445027463874,59.42642512508016,60.96300026911983,59.50660197345156,59.19205285414788,59.4231452465253,59.96338893877587,60.168992053972026,60.93067448546795,62.25080383020854,60.6898199474472
photo_house,65.00233103330487,66.00026613392025,68.17375366833562,70.3261734165567,65.94626778415295,64.64033273659054,65.51542713851484,63.65243587491864,65.9219373242343,66.78559860386034,69.41938120769711,66.58193705004285,63.85726503661467,66.11762368348579,65.18814507808902,64.86304162394036,66.195270896851,65.15951615982986,66.74111626123222,68.52377895707744,70.67393653696483,0.0,66.76290814593487,73.24697079676596,64.59289114644166,69.09682447325831,66.64941870226497,67.87454033358713,65.5409149832105,66.44778643557429,67.68600582354843,64.94438250614341,66.05299929345635,69.26754909326394,66.4013586582381,65.24453958525469,66.41910199200274,66.03741520401337,67.73039089644524,65.26054906446328,66.05432334325725,64.1986659453293,66.6970225959402,70.40617873305727,64.81496719118141,68.23148244112889,65.88742403777262,66.24868322229585,67.63694535367327,64.19500852885592,64.83098553431907,64.6816392919792,65.17493278441061,66.45821490706172,64.09413420086359,63.63574419384054,63.61832173275645,68.00848011091561,62.679541879647985,66.63903431563864,64.70308878933946,64.30218481207899,64.39971159043874,63.05148526281234,63.09005406348462,63.73063755783644,66.71048425376837,67.31579417097858,64.62291763406103,62.738014077629785,63.55178758604395,65.95493169998969,64.39090699096863,62.899824284419445,62.54146690009194,64.1846054326982,65.12751856723986,64.98006085984962,62.97909660816159,66.01842217665924,66.02831623464849,65.4304791024522,63.88383187182638,65.73767838907439,65.39907847741205,62.87676471554592,62.95189493369001,65.83980700047967,64.01941673660701,62.85099686701817,64.63849686085369,63.91698177804124,63.75027321592259,65.33285033753528,67.185098976902,63.71490989477483
