,photo_face,photo_profil,photo_eyes,photo_face2,photo_walking,photo_standing,photo_hand,photo_legs,photo_bird,photo_butterfly,photo_girafe,photo_fish,photo_cherry,photo_tree,photo_flower,photo_carrot,photo_watch,photo_key,photo_truck,photo_velo,photo_road,photo_house,photo_mountain,photo_windmill,drawing_face,drawing_profil,drawing_eyes,drawing_face2,drawing_walking,drawing_standing,drawing_hand,drawing_legs,drawing_bird,drawing_butterfly,drawing_girafe,drawing_fish,drawing_cherry,drawing_tree,drawing_flower,drawing_carrot,drawing_watch,drawing_key,drawing_truck,drawing_velo,drawing_road,drawing_house,drawing_mountain,drawing_windmill,geo_face,geo_profil,geo_eyes,geo_face2,geo_walking,geo_standing,geo_hand,geo_legs,geo_bird,geo_butterfly,geo_girafe,geo_fish,geo_cherry,geo_tree,geo_flower,geo_carrot,geo_watch,geo_key,geo_truck,geo_velo,geo_road,geo_house,geo_mountain,geo_windmill,word_face,word_profil,word_eyes,word_face2,word_walking,word_standing,word_hand,word_legs,word_bird,word_butterfly,word_girafe,word_fish,word_cherry,word_tree,word_flower,word_carrot,word_watch,word_key,word_truck,word_velo,word_road,word_house,word_mountain,word_windmill
photo_face,0.0,41.971053697686436,45.96791601641743,43.949662941022446,42.701516835835065,39.79595560232278,39.28187191916233,37.95551661314963,45.878682381749,48.459448091724504,52.61390159271128,44.670600661256636,43.56831878674629,43.063540179619245,40.89365450542745,38.83825740498631,42.83526869472164,47.557976791499996,45.56181064003975,48.93659994357989,54.74226197313132,46.82159492616105,44.915272174854984,62.492443888865985,52.70313978798674,52.338520650261195,50.69019092157125,54.87952253800478,48.42183918761849,45.88853009030449,56.03034734022978,53.52558297124099,45.7757194282703,59.426027524557604,46.01995007910966,52.07663884944032,61.210267460192036,44.73322098122374,55.11151994078217,40.26535801155308,45.94709494676176,46.85359978058026,46.62650972677674,58.82534046211667,49.660182770374746,53.05402436716583,51.55088263203332,52.23537539583284,56.01384641098783,44.50567169495764,50.724113398386045,48.29672308677999,46.171572731123675,47.750682200507626,44.41516165207213,44.65632620857686,41.380128937835835,53.960932484958384,46.224299167184746,50.0054874924867,51.343302851996064,44.902129521876134,41.720474427250835,42.03718946864664,41.9511731428669,46.05786549806061,46.57924707487231,51.92559791030561,44.44711219746734,50.156772780807295,50.15313173660053,51.53653435792208,41.85844946136502,44.078636216355434,42.12253324487824,43.20609062470581,47.101384257924835,46.068889438293695,42.12832254311916,46.24189805277344,44.93599350831554,44.61817928815599,43.71885601074298,46.15289424569813,46.89386114101907,42.499682890818406,42.192516126349005,46.61018788431064,45.155157940299326,39.87495206983919,46.00854041995718,41.3042551478593,43.49811388978817,44.5032804671855,46.67914005667077,43.527655031019236
photo_profil,41.971053697686436,0.0,48.57413309628639,45.54009643549691,48.632895770133224,47.85362883302846,45.492748749318594,46.49861377508204,50.69591883239657,49.311754213454,55.9051155797032,49.99543947451661,47.561989542229625,48.95237258671322,48.70207271625491,47.708648684628244,50.91756799021872,51.99442514980566,49.57666224784656,53.83011310247731,56.64992891644031,47.08263830807307,50.04137934528734,63.63156326797999,58.055086640498146,51.96343711763178,54.84483417414623,57.749292367772995,54.155567385495125,52.274233365960896,60.47934291083895,57.0258687375548,51.23693596345776,62.9925223386252,51.65172612536981,57.16671396826253,64.03690435936386,52.94801540555508,58.96371235285099,49.21995276125482,53.06723801851386,51.6325882785233,51.65590048586358,61.68822488754732,55.03567087626303,56.37634366588319,56.57424281955948,56.150846495874376,58.464894359972874,52.26868497982793,54.76117213210591,53.34200663910699,52.00072711584614,53.87003554698925,49.950137437772945,51.324999580602366,49.49058503590429,57.23719941608516,51.24246850135088,54.94358082921807,55.63698371003811,52.57631974395451,50.23886436481403,50.358263525448805,50.37001967833207,52.135932106122326,51.61529309438064,56.14384925632495,50.8001454470143,52.190042458170154,55.677395717463405,55.84266012097237,49.51102738001935,50.12539047411899,48.71015612493781,48.99711073633596,51.83654898884259,51.06549881981486,48.6015256903577,50.98808793921573,49.76131370636523,50.19876316330395,49.39572107646801,51.18743309389333,51.4905760835336,48.8809698507939,48.770464522182515,51.07204060612515,50.291531177349626,48.46427253405079,50.78326898671417,48.94285566929477,49.75709753521334,49.57818302462037,52.075857315053405,49.61974265681838
photo_eyes,45.96791601641743,48.57413309628639,0.0,46.297534957602466,49.82309430952033,48.588278099855586,47.99917056025272,48.886886433141115,47.45315708614522,44.02425591515633,53.65744065538545,45.56282650796677,48.831451370008324,51.49219549396807,50.48393945222941,47.85012125569301,53.14690654312477,49.04502862229337,43.46486031414647,50.61939410349422,45.62493998842752,50.76254775026866,45.249232501910505,66.37553851443027,58.44937216948963,56.14556366214414,50.47993413965657,54.01796645321405,56.158639695716374,54.150873633618474,61.99159218115887,59.48226144805166,48.64224755298695,60.323383104885686,53.96177888000321,53.8586218508039,62.49249760616115,53.463736279633665,61.39415447168114,50.113649539595286,53.437776065709336,47.37123949239855,47.528140389145854,58.729833832657796,52.35156245333524,51.56701027521247,54.39453171693341,58.026993709044696,58.52644107154279,52.38571989946954,50.52022503568094,54.103909467952086,52.94453278676436,54.95107794588344,52.341100169658134,52.750063310735754,50.196217824384206,56.13792087496247,51.84538536625513,50.371592476847184,56.90824217454977,52.93892327628913,51.31550791210719,51.18181866508355,50.86367344444534,48.091406796688254,47.08920329438192,51.795476013767974,51.369311251882266,54.685228744651035,52.52683361713741,57.57432936553243,47.52851839422747,47.54315360825961,47.13321091181386,46.55543619135497,47.78740138059829,46.46302660518965,47.17971367096785,47.522446369901374,47.322383208652134,46.238247831473444,46.933006998360206,46.933515335338896,47.64102896264555,47.03613403595724,46.9708499669992,47.79996807531575,47.311676264847634,47.03916547925247,46.74025523976003,47.39472110966931,48.565187996415865,46.51322319911673,48.26304007903902,48.79347999926243
photo_face2,43.949662941022446,45.54009643549691,46.297534957602466,0.0,48.2679265414149,47.55890214646637,45.78734151015828,47.445215298792135,47.46931073361892,47.98402773690975,54.09024929065227,48.36005487769531,48.204909864226686,49.439055227622546,49.552013756701534,47.355538925357706,51.940142758615906,51.7448919364378,48.4485469400229,52.577953275475764,54.494748681165156,48.878912889506005,49.69341760820054,64.94541313206506,57.05914153972158,54.69592351210918,54.184165863403706,55.08311955371993,54.722099577227084,53.22951920644293,61.17590305043826,57.894718074392124,49.85490294684158,60.90452721008495,52.86411605837089,56.57966122485481,63.411007600657555,53.23383729773609,59.78933380983201,49.56974610425518,53.36541919837474,50.865596632895745,51.11324158986838,61.07127552059097,53.97584310043843,55.020990411260364,56.58838261872515,56.5886594091091,58.355720015235214,52.085123182331216,54.32098377455464,53.66384125192426,52.29536117487496,54.051461683071864,51.0040144452388,52.52285893022261,50.009705886753466,54.94742962067882,51.35836068086518,53.95609846772151,56.25790147031025,52.53309959068735,50.84566410703381,50.73358244587632,50.861348135728164,50.84919169715259,50.5184230687502,54.491627127852304,50.74314519229953,54.193912543175756,54.33291797146543,55.969181247107784,48.48989072794377,49.13601900493794,48.380100749087454,48.38442591338834,51.63848844466065,50.596461725914146,48.169577935079126,51.13667902837414,49.56017817706616,49.367668030105094,49.05811458931653,50.803574015160265,51.48417556631491,48.59168372319508,47.941257771711804,51.04740878248052,49.543848614564126,48.01717586341055,50.55801810706034,48.30802767919788,49.73601125248653,48.984368881107436,51.270047106802956,49.567155854081406
photo_walking,42.701516835835065,48.632895770133224,49.82309430952033,48.2679265414149,0.0,38.272903291067685,42.63369791964868,38.20981496067799,44.446862577125074,49.69783020886704,52.89995395484499,43.37202368293311,43.5995241478556,45.99618783190754,38.88515104425485,37.85620705572708,45.06391210808943,44.17888534226311,44.5852039066005,48.24163281883177,55.944854629498245,51.389962787850315,44.01018619196788,64.66573851274879,51.64010513109636,52.89192490550126,47.5398967497296,52.30181178529287,45.204718734291504,46.24372382146362,55.35529414969943,52.64111942253156,43.454491237125666,56.71224421602322,43.53491695459065,49.72699209770284,60.32167574744338,45.492023858663245,54.68701985408576,40.06825186849971,45.3396494643675,43.83291450466162,44.5757157510685,57.16149703665906,46.02724169623791,52.36441105772411,47.63240274761953,53.221202185748645,53.065564288808176,40.56224376206334,48.38746039655246,45.52952368262572,44.74535773842351,47.05655190592318,45.393529597167955,42.343850715449804,39.57046776943869,52.533515417479485,42.25825023756877,46.495572089351114,49.59217412718806,43.82804711116507,42.924055882233915,40.866755279650434,40.33896089976847,42.772252390583425,43.144227198638276,50.33322575782625,44.799259345519474,51.038425888028456,47.185899014686946,52.19122287534856,39.48022745014287,41.55431598887514,39.60870781789838,40.80922208674293,44.36903915112767,43.37636224253248,40.17640311025893,43.47804248970745,42.63100611129135,41.70104660525989,41.855087446293254,43.86860555954619,44.08607159228372,39.973994929133646,39.57453144027829,43.97968071929595,42.66148746054339,37.999146922877074,43.2976031254932,39.32351667895065,40.316200328943964,42.21748016625917,43.8610538908214,40.19685956683662
photo_standing,39.79595560232278,47.85362883302846,48.588278099855586,47.55890214646637,38.272903291067685,0.0,40.78444034583722,34.63710636994551,43.849760222601496,51.04063229572215,49.808152792471006,42.57517500842061,44.964014342733286,45.4423166914091,34.25459354091475,30.99052441517308,40.0886102258778,43.15928151970902,44.42679145520704,47.74683901160043,55.01685957249042,50.922022418582316,44.2477615755783,63.472618205544656,51.760206224008236,52.045938698984045,46.63966836731621,51.27234694951769,46.90659140713274,40.85943687597306,53.84305266996497,51.88718490581239,42.81699344560576,53.37430491919979,41.081809626741645,49.572630708636375,59.08052919105684,44.54914999180534,52.334128252041026,33.121276626469275,44.2045282365347,41.90742820386778,43.791678887252814,58.5220989782868,44.71500531838565,52.408780375889464,48.281934550783575,50.713699374968485,50.87756045166346,36.964204562266126,47.86712560264955,39.98053560466442,44.397276873003676,43.921767267716966,43.012365526028496,41.1437616583578,36.42789801258976,49.89925288785707,39.011399190832485,45.85688483700311,47.48563269323289,40.84468648860417,37.16334446343461,34.29222433040918,35.1779990898466,40.65844059653911,42.35414789625272,50.49027207845844,41.37499817267574,47.73091889773855,44.54901267099328,48.96885817012021,37.497487484820745,39.74643437566953,38.14238430399706,39.43625289874442,43.283319682082826,41.92652034614101,39.071824185244466,42.73782880156896,41.61297595784317,39.9968627225201,41.18525440978007,42.931718236222416,43.209179758975964,38.610025447388054,37.92528432508018,43.36434153486882,41.29773525192488,37.044799027398525,42.33888678873459,37.76273996035841,39.253688032760756,40.72702515009545,42.34224176575764,39.102192274570896
photo_hand,39.28187191916233,45.492748749318594,47.99917056025272,45.78734151015828,42.63369791964868,40.78444034583722,0.0,40.43110642800858,48.198396280179004,50.38769110235256,54.391839563829954,45.381483903819316,44.008498071675845,45.85930309979798,42.19673796511352,40.08936487861464,46.283122789323436,47.5727641008472,46.980370031862414,49.60342103053719,55.791703717593904,48.319069589583556,46.90783821628693,64.02202677527917,55.47891657862328,53.626724856925975,50.23507567249885,54.73155510944766,50.705923436304396,47.95243114225913,56.523637779051086,54.214489612901744,48.00289663937568,59.77941818303752,47.098939994706875,52.40965010197656,61.506396682189774,48.04257567926201,55.82799514149201,42.66711659728507,48.04408490758469,47.054553829969436,47.209954974914545,59.59368511162723,50.10870563677711,54.3914774223409,52.645916328325725,54.31120201732756,57.06880477569235,45.51180009537217,50.58751105816839,49.00073851299454,48.44768340990025,50.340887202543435,45.43060061830419,45.88181512161418,43.480182897618235,54.651519970124944,46.3436589548385,50.6644427131042,51.88284792074442,47.10854553927333,45.38148470706828,43.06433538420981,44.2607739100792,47.062850164988944,47.40744301197494,52.74401992153433,46.29487702568544,50.828853601815666,50.67979376184506,53.28628208124409,43.90007057154035,44.66878185046521,43.27395183067283,44.279238900513235,47.21250380336837,46.22836037138873,43.70351815543405,46.45744612103751,45.77698345070456,44.8979153741527,45.05675565703343,46.9009874035705,47.1713995869635,43.55044221917032,43.75683617730397,46.617179193520755,45.6685428904972,42.773886769972826,46.327576726895956,43.61460651866234,44.14466240130774,45.46823919801268,46.860991649933034,44.02925722005585
photo_legs,37.95551661314963,46.49861377508204,48.886886433141115,47.445215298792135,38.20981496067799,34.63710636994551,40.43110642800858,0.0,45.72523377334143,50.37441770310692,52.86212779177198,43.827722641855935,43.20418768207118,45.157101543969794,36.40910495959541,34.527995408631185,41.63129694218027,44.40368623396948,45.36890551655935,48.40512467042696,55.54766946237865,49.92276755509123,45.1745196513988,63.552095583449706,50.93738168856995,52.43896176095466,47.51921633231323,53.368060799960716,45.66856932553068,43.24429000754599,53.651426342984855,51.50218768443205,44.311005390763114,56.17805740642546,44.09977913609854,50.748024318356556,59.87997507566768,44.24817238523759,53.969698149197846,36.4640690044286,44.017055554918755,43.722543182763275,45.59058791206075,58.6874868352628,46.20615326676453,52.8162737164056,49.34789234959557,52.020224263073736,51.805529719160354,38.04491109852601,48.38779268568543,43.21203844527995,43.594833365603556,43.44327852354315,43.38455988237293,40.107369658731656,36.134622444772134,51.16561813060141,42.73179073472123,47.51922560795053,47.9209812062503,42.820130562198806,40.06055424481885,37.436277502645225,37.94371893890594,42.617334240651566,43.63666020700488,50.985272401036944,43.45209578069811,48.25969006538004,46.593347656724525,50.37152465236094,39.81118453586054,41.226032683394514,39.508147623272365,40.685757380591525,44.181443166483064,43.31280610685463,40.368461618711706,43.49753582718472,42.6487219278842,41.45820476085805,41.88195892817908,44.11506845629088,44.51927949977023,40.31322048350246,39.527727452995364,44.138733794615916,42.73481409157855,38.26775956619972,43.45297479248073,39.44994830650249,40.14702057080651,42.642321493563124,44.25927192086398,39.9617673508115
photo_bird,45.878682381749,50.69591883239657,47.45315708614522,47.46931073361892,44.446862577125074,43.849760222601496,48.198396280179004,45.72523377334143,0.0,45.4504894300181,49.80306043635753,39.49660416997484,47.18297350419971,48.71771747525267,44.785786472034935,41.60761012779986,47.21732135440535,40.41873139979227,41.989162501510506,45.569788245943535,53.45756840952847,52.89822706760664,46.26223152435812,66.53943701616937,53.15462894909128,52.95945756612759,45.19013980487474,51.70607477317833,51.4247368137893,49.24626154990825,58.20019783426787,55.72293516980188,40.75703887811817,59.06368803882948,47.86461709423382,48.25328956236593,61.8451047058449,48.738390405398704,55.7952227178081,43.5280717909983,47.53043875632293,39.7335544083126,42.81440382884199,55.47958288724533,44.87499789511896,51.82556392757398,48.24558062998592,56.4031231409308,55.35482726020841,45.659781167148694,45.59333863694702,47.50047076455932,49.134779738755796,50.4102067301676,48.632539238732136,45.9942991053112,42.004727132357694,54.80687752116652,44.479259006880106,45.649060639335076,52.9163814345205,46.825238187142375,46.00428243435403,44.75744439417933,43.2296578721711,38.972154277322915,43.578445562746424,48.534177103297694,47.14999123568408,50.67658068858033,48.27374900217001,54.51969894596234,37.20975556011304,39.112921591532675,37.409665069192364,37.27806823100329,41.418751386514415,39.821565890826264,37.825108100012955,40.55659012830236,39.06065820924783,38.836557376996794,38.13005436872752,40.18103229791466,40.40530275265411,37.46934951709755,36.338029298723754,40.94520509326744,38.82024920090097,37.124071886791846,40.18520605900256,37.50241731239509,39.3805578841305,37.59927020871305,41.06971506157609,39.31765613173614
photo_butterfly,48.459448091724504,49.311754213454,44.02425591515633,47.98402773690975,49.69783020886704,51.04063229572215,50.38769110235256,50.37441770310692,45.4504894300181,0.0,55.76762409317458,45.559976912462076,48.668897376686814,52.268485555214326,52.607130522694575,50.047153485623205,54.796677047449386,49.37046965407086,45.306450641850994,49.96213089578461,52.162987963453226,52.08845583479301,48.38738788850138,66.7208796707573,58.06030921793314,54.725446421406616,51.42696038821751,51.82801736903806,55.33693697062464,55.283508430109435,62.99484917753362,59.830227793300395,46.86604951800852,62.73909413367416,54.64577766019266,54.71203326502412,64.67373720391174,54.42856799760465,61.415889615999646,52.048920825909065,53.98995553954769,47.98016435810195,47.81352257921813,58.70686559631337,51.90187262298148,53.31919116890622,54.709630624917466,57.07597894827405,59.581624498734854,53.3719266196814,51.49226868675418,54.01588557575473,53.036547362782215,54.73971781977345,53.106540508081494,52.98088695570479,50.31993083381192,57.92312571391746,52.40003756424869,51.703893131983726,58.85009953358551,53.72219962703707,53.18800686257688,52.588919592923176,52.44446178006937,48.7648692644929,48.88140335237856,53.07175527525986,52.710044951624944,55.28862383643731,53.522422136417035,57.19999684184066,46.8480269133004,47.21037489059734,46.30216014514505,45.59678797883669,48.709677687473246,48.078461264645256,46.20640380991429,47.97145036040896,46.418416114966774,47.121082501580716,46.17782972112102,48.19649452032232,48.16281778229807,46.4654566458631,46.09659047523872,47.97978745244788,46.719945453627076,46.115736850310164,47.48643260998967,46.70528422885069,47.8184802048257,45.96488075873345,48.96896206640278,47.84708268159652
photo_girafe,52.61390159271128,55.9051155797032,53.65744065538545,54.09024929065227,52.89995395484499,49.808152792471006,54.391839563829954,52.86212779177198,49.80306043635753,55.76762409317458,0.0,51.300767412930675,54.83776527977952,55.11819053641792,51.12273266946917,50.01922969655862,54.213684306650656,51.40761412077543,50.38900932002476,55.69056205044486,58.50159318517076,56.37908233507177,54.03158598342244,69.31546999365375,60.13232490075068,59.60355333893752,54.44170145447365,58.234339528881165,58.70336373215602,55.52403348208456,61.511885157644045,60.93142729102915,53.457805442364084,62.26458119575248,53.66147558759358,57.5705687994708,65.638780796075,56.13144410166357,61.79023742122656,51.526741758118355,54.80206051965528,50.82777348434133,49.83141677241483,61.580573241061224,54.887188014447545,59.16237122824092,57.148328133047706,59.838886643108616,59.44495308457458,54.15956146335629,54.121182999791216,53.74404949550977,56.26808218092922,55.5998299291751,54.07679656983873,52.98210363961208,52.207865054128966,60.94470551668953,52.40038319376104,54.79575252933892,57.726360670366134,55.15863653834134,51.681849892785955,52.2574427640434,52.25488693981196,50.452705158272614,50.53367373847325,55.6320519554048,54.50703202274835,57.19327379298716,53.77162330342282,57.58960423184294,50.48515221288517,51.19869052067358,50.14023043105147,49.43827867332147,52.61835197790131,51.62936608429424,50.31012186373604,51.99821233442632,51.007315420167714,49.72428211870051,50.826742302690214,51.86202232382583,52.12349754352694,50.19397720090564,49.27013128894566,51.821428169281575,51.12866684543288,49.69295352313951,51.698206567866514,50.48939268367921,50.73335255258065,50.43047219597857,52.118300218872406,50.72375039025221
photo_fish,44.670600661256636,49.99543947451661,45.56282650796677,48.36005487769531,43.37202368293311,42.57517500842061,45.381483903819316,43.827722641855935,39.49660416997484,45.559976912462076,51.300767412930675,0.0,47.17319185370442,48.13793964776175,43.9371847083848,39.916028784917884,46.67666935118846,39.16450964611737,39.66359607616941,44.236140767135275,52.11141929009753,52.210722073805734,44.30567762745488,65.90014010330515,54.07933538968299,52.22965031997713,41.21573066775867,52.650873699366194,52.2736210384424,48.62617048310853,58.22728418345688,56.28816440638673,42.69579375759387,57.71701836531194,47.9226587887059,45.39641947299314,60.381781475648864,48.901158067238725,56.11047037357592,42.68801214715015,46.450307046574835,37.04668380567886,40.32238820468793,54.89614055624445,42.51742330937612,50.61177661016877,47.11160478944517,56.23527947061342,55.8402893599486,44.158065409529925,41.39219037532383,48.70863487017601,50.7005679561089,50.346211665483324,48.521274054106,45.76330036442493,41.2334313304858,53.23041730595937,44.475180063239314,43.117621983534264,52.21637612975352,45.76077010162423,45.75870450461419,43.81963406977179,42.6923431474623,37.557685013716025,42.26294444513609,48.13858839704894,47.466146895761554,50.10484846960764,46.77594273679373,54.950691116785926,34.993182453002746,36.408512438476855,34.69168689373743,34.24736426377311,37.527827121050656,35.993576895980205,34.2519345859722,36.08359025422672,34.838942814511896,35.87740936329958,34.98651495969535,36.62188364364357,36.59200970699633,34.71928858032524,34.45008092793963,36.758168023566704,35.331643273322726,34.8261174209918,35.701329742615485,34.87921868465541,36.48360316756207,34.33303272759436,38.0085275620092,36.48638659182386
photo_cherry,43.56831878674629,47.561989542229625,48.831451370008324,48.204909864226686,43.5995241478556,44.964014342733286,44.008498071675845,43.20418768207118,47.18297350419971,48.668897376686814,54.83776527977952,47.17319185370442,0.0,46.17866759913969,45.52001985328575,42.957220455321995,49.34833049595308,48.49001899089832,46.19655430072779,49.46233438003681,57.83636436645606,49.971068226991335,44.466862433072016,65.81541967922863,56.615109757424236,53.74590302670725,50.168646991042124,55.998418980286914,48.59321522975581,51.158662875988306,58.16347951822141,53.99478545076703,47.473081870936376,60.64281358393846,48.41749805670047,52.82652768436043,63.27071674304817,48.735594978321,59.42108123497883,43.92258406073322,49.86022398016908,47.04103910314445,44.70268612041561,59.08332444181461,50.94164173549673,52.52919398465984,51.695484990853714,55.10011150416938,57.166090926277235,47.75635375697613,50.757854056039506,50.48156159858409,47.08767772440096,50.129879931412724,48.57784741977449,46.50333508432989,44.51529227374742,54.803786347981664,44.572610943711865,51.52580454468142,51.78704199268215,47.81294695133609,48.13111905103313,45.743205932130586,46.225686778766146,47.12251312088219,46.18129925948383,52.092368761148165,46.11707889070013,51.38441194414026,51.443816123164076,54.58283292223604,44.143974066939734,44.725590612808254,43.06888429136365,44.79463569873595,47.09916335655166,45.95333190762061,43.65932830446022,46.90030084240975,45.71960177898489,46.37871786990291,44.811829192611,46.660670442882456,47.875160298787186,43.6264062465838,43.025598664329024,47.03895213693984,45.66745299086521,42.74926428476573,46.55134930400726,44.52437594554059,44.79065914671463,45.56167885816246,47.92039396115325,44.55807429881041
photo_tree,43.063540179619245,48.95237258671322,51.49219549396807,49.439055227622546,45.99618783190754,45.4423166914091,45.85930309979798,45.157101543969794,48.71771747525267,52.268485555214326,55.11819053641792,48.13793964776175,46.17866759913969,0.0,46.572227689213314,43.30475573428092,46.70508177359085,51.06437744561976,49.79491353697941,51.66465473350268,57.95661666655751,49.94918423661472,46.504278590619904,64.39466008694761,57.44043842243422,57.002976250090384,53.84865320600361,57.35650499364719,51.968581196513874,50.516550606072954,60.88302386944253,56.468066840339304,50.08401422088911,61.76686933069097,49.41280095798053,55.049238127330355,63.718969610013765,46.60649531716846,60.72468274787329,45.52454229358654,50.35036236626499,50.496377106976446,49.7734282602859,60.55035204245343,53.03240299698518,55.700812578718576,53.62963405262344,56.08578097578663,59.10649373358762,48.51273314113768,54.582496990765804,53.596955175134475,50.396986472760645,52.52267116863983,49.59470308328933,49.47651143291172,46.6712217756888,57.00034179767794,48.86541134469742,53.8184921318709,53.445896537006085,48.22617186189505,48.55524368362583,47.33666094167352,46.4539562581598,49.89084943058274,50.592164996187755,55.67597873985318,50.2558393901487,54.09989943242034,54.07302105246538,55.30920124030604,46.227008790344186,47.525325390813066,46.41285893536087,48.171439796276914,50.71571293464794,49.732678794824764,46.630251238214356,50.58494625723759,49.12548932813802,49.0670919995901,47.937077607854704,50.06405950284855,50.87203931567912,46.74254326449758,46.20639273506518,50.473216777818216,48.97147388104956,45.08879441832735,50.067494486078026,46.348642384745425,47.947013675287046,48.547063516534315,50.87751187934885,48.263456052593895
photo_flower,40.89365450542745,48.70207271625491,50.48393945222941,49.552013756701534,38.88515104425485,34.25459354091475,42.19673796511352,36.40910495959541,44.785786472034935,52.607130522694575,51.12273266946917,43.9371847083848,45.52001985328575,46.572227689213314,0.0,31.71450085648574,40.32622764536693,43.70453220906,45.515458011374186,49.05913966241865,56.27232791263413,52.24558139323899,46.33860208898375,65.21689568219335,52.04509461054667,52.99555155395268,47.33209167882562,52.90229660786505,47.77696770264495,41.9140350496093,53.41349582761498,52.729930266082704,44.03880885959351,54.80399193819212,42.81606885921065,50.10841629869618,60.07534514394624,44.18636622443078,53.3889525124639,33.423179414921286,44.39907591070995,42.821021943450106,43.95566740999737,59.452115713613544,45.190886156171366,53.82089595864717,48.93540489348367,54.47657794300519,50.931753449211186,36.824246418672,48.434083764272586,41.950789107545205,44.78706029348315,44.53494141244158,44.016250136461004,41.36163992303675,37.054512613429594,51.27275817123683,40.4837235892351,47.00252507754939,48.42545440418843,41.47660299788362,37.734731225485454,34.19597585822647,35.69924552679579,41.647710129517264,42.443886334634946,51.56821058026415,41.1591268768583,48.7097635704867,45.61458893249609,51.46156105325218,38.93488646677586,41.41953203014412,39.09596773187283,40.372166135364985,44.063828108970974,42.9113917780325,40.406219052919894,43.56852071852867,42.52597748448356,41.47942748869055,42.10206546782131,43.75127516460014,44.17744464293776,39.64513466663079,39.12783159484047,44.22776948004467,42.5906335849226,38.00999439047081,43.47512303026685,39.27057202910615,39.96500491222697,41.89880197798805,43.346283950593296,39.87468605383901
photo_carrot,38.83825740498631,47.708648684628244,47.85012125569301,47.355538925357706,37.85620705572708,30.99052441517308,40.08936487861464,34.527995408631185,41.60761012779986,50.047153485623205,50.01922969655862,39.916028784917884,42.957220455321995,43.30475573428092,31.71450085648574,0.0,36.18842380002877,41.698102151033616,42.697895673594125,46.0218952033385,54.317149658010614,50.47661372772869,42.29070139581707,63.68870039468863,51.45203134666334,52.053255725691145,45.462701465313465,51.461056976428544,46.663888076504705,39.607303260089466,53.29429350726004,51.230068135910905,41.579455928898454,53.70320635884369,40.13689365272674,47.93071875945932,59.32708920166078,41.84167835055602,52.741614565772174,27.236049340825332,43.137452721707355,40.39292682170957,41.57843515446767,57.71186727224373,42.61600916848514,51.907015123824685,46.85859271854691,52.776245636722216,51.39531582275898,34.475012578473525,46.5822071992214,41.73819054872835,43.56545866168809,42.928733838059145,43.248843260064454,40.996682468959484,35.07507333585047,49.910120778825565,37.788110809086795,44.74010508570295,46.16200515690099,37.29729169037347,35.72366900400599,30.88030751723299,32.021569291435526,39.05164138440554,40.58101348418979,49.62668631686176,40.40123811543616,46.770909570990334,43.98679733724983,50.91392602699605,35.193722928885286,37.956292914780086,36.10654826834665,38.32984952367309,41.97645182118845,40.477911932044655,37.452209064844844,41.704152969576825,40.473665717648664,39.08764360692968,39.629622268686866,41.448808337638646,42.15505882174517,36.89976799335095,36.02478172043237,42.25187007734421,39.7630448561655,35.1353612863675,41.09018888706946,35.98066979259372,38.143796492389114,39.3659620565923,41.286772741302684,37.99250652792975
photo_watch,42.83526869472164,50.91756799021872,53.14690654312477,51.940142758615906,45.06391210808943,40.0886102258778,46.283122789323436,41.63129694218027,47.21732135440535,54.796677047449386,54.213684306650656,46.67666935118846,49.34833049595308,46.70508177359085,40.32622764536693,36.18842380002877,0.0,48.39053432693413,48.834927744636786,51.60820684078077,58.93263148814234,53.66294674356214,47.333407959019524,66.91595055117773,54.830612630059456,56.1695595440545,52.12524914505153,56.28973304456651,50.25602189393003,44.88621183081858,57.86764809300493,54.02245085186196,46.93386417392107,59.495395523156375,46.418754787710256,53.029006432096516,62.50000378268657,44.8046606249399,56.07312192703611,37.08555315547612,45.951105218867426,47.00320989170583,48.25708431912082,61.69458509639826,49.706074203938904,55.742658508845686,51.22923058760731,55.40349243044306,56.78230187973591,42.16832619128315,52.196634419640986,48.97845223570457,48.434011971044534,48.100323510656,46.88126143366294,45.27625483767564,41.68648188496837,54.91399247185454,45.74469013082736,50.89144042442537,50.187606302409854,43.465809578921224,41.08570823253888,40.22247279332589,38.01037266316623,46.125009428002166,48.870007759039616,54.79547036457444,48.17292308472195,50.423556813645654,51.043673751782606,53.83585097724073,42.3583471809989,44.267586341264455,42.6007583900774,44.62012847582522,47.77191003488004,46.539648352263185,43.403065592905676,47.62293668296775,46.320504729789256,44.99739609308029,45.23884656840986,46.84418621671598,47.77143597971413,43.57409255329222,42.606524803089044,47.86587831350449,45.84113153350606,41.81041908979076,46.94774348160558,42.59052662563291,44.380537683901615,45.36652796187952,47.34182450301517,44.32701287839698
photo_key,47.557976791499996,51.99442514980566,49.04502862229337,51.7448919364378,44.17888534226311,43.15928151970902,47.5727641008472,44.40368623396948,40.41873139979227,49.37046965407086,51.40761412077543,39.16450964611737,48.49001899089832,51.06437744561976,43.70453220906,41.698102151033616,48.39053432693413,0.0,42.40322061699156,46.644927100317986,54.20022729532636,54.77311361659216,47.280832222081926,66.85596801770957,54.74075899985849,52.875367736655434,40.91363569629502,54.006238314976244,53.0169470660906,49.60610990703308,57.25742600557208,56.57531799416052,42.451671079494346,57.819899861700684,48.535239940820645,48.128719268491274,60.42171160921643,50.13060930284792,55.74133055328176,43.58425226998042,47.30657029303852,32.04674314607014,42.40097302612548,55.177053487562894,43.61413462378412,51.309929935125304,47.06901615530029,57.548036529268806,53.70723417356163,44.46732239200233,40.6480279217126,47.67518268319703,51.70353575016895,50.56691928897007,49.20978668330965,44.91764969799953,39.638748867361066,54.65398748021416,45.0467080070523,43.70854415280073,52.906407661462204,47.21001369161046,45.84734940552518,44.03371117973879,42.835904645531635,33.18516858728415,40.77890660950838,47.90528105297148,47.59946140814184,51.2581645327777,48.498905639940276,55.2611954617818,36.637022242331184,38.2996056916234,35.17633324453976,33.67168369337912,36.28674021503854,35.36228079875205,35.93076937120035,35.15445164935535,34.72373609577442,34.140178692747014,35.62940031004635,35.936015059986836,35.916680002360756,35.680179096591786,35.44305496188276,35.04782176808232,36.17661272308429,35.8459386612518,35.31548757965132,36.7699591213867,34.810171974696445,35.58111203297747,36.522726125099084,34.88031086929858
photo_truck,45.56181064003975,49.57666224784656,43.46486031414647,48.4485469400229,44.5852039066005,44.42679145520704,46.980370031862414,45.36890551655935,41.989162501510506,45.306450641850994,50.38900932002476,39.66359607616941,46.19655430072779,49.79491353697941,45.515458011374186,42.697895673594125,48.834927744636786,42.40322061699156,0.0,44.53152886620341,51.57522873793121,51.08212123786863,43.38853237406146,65.8732731793915,54.036310541243566,51.99488703143265,43.080623362574144,50.43193952123867,52.030932023897314,48.940279283307845,57.58253474806193,56.200002910833845,43.67810879884782,57.699533434795256,48.62198522426049,46.904665776863276,60.39414615968806,49.22686966562,56.74993240876972,44.078201668363604,48.508936115485064,39.38869693369418,37.088235359042066,52.67449890453457,45.337512806446085,49.12969717187969,46.06293861792434,54.66722873968565,53.8797726692587,45.630346876579665,44.01970215631819,48.61903540736509,48.96837440123259,50.75798918018397,48.75699428700513,46.704635881013616,43.407450608947734,54.324904807096964,44.99322786050368,42.74314498541529,51.677887381566975,46.371168141827084,46.84237063666576,45.105887164910094,44.72891711490005,40.62731368167296,35.88263922533066,45.745146826103586,47.06638161261515,50.3121174750002,47.01957634522391,53.40895733475024,40.05027527202259,39.94382681433965,39.460299687025845,39.46484581514824,39.98042706754701,38.686218555854374,39.14620749629271,39.64490129628605,39.584514185263956,39.53048070207982,39.471092061151055,39.387079282137975,40.06517365151996,39.56162527371706,38.80997152732158,39.97794650819671,39.60632879560484,39.651226758471,38.844114911857694,40.21958520623822,41.68743713372803,38.89601819760291,41.26428085178528,41.46273820178611
photo_velo,48.93659994357989,53.83011310247731,50.61939410349422,52.577953275475764,48.24163281883177,47.74683901160043,49.60342103053719,48.40512467042696,45.569788245943535,49.96213089578461,55.69056205044486,44.236140767135275,49.46233438003681,51.66465473350268,49.05913966241865,46.0218952033385,51.60820684078077,46.644927100317986,44.53152886620341,0.0,56.89889747986998,55.131453789996804,47.515447384802435,67.90637958568864,55.48604435556605,55.380726881456695,47.655708287278145,55.09852654606595,53.467978888030295,53.34937568983646,61.24811963996447,59.43797304176957,46.41207178925265,61.84182815513677,51.88112045638436,50.339710804921204,63.5602719284624,50.805469765851186,60.149637136847424,47.30126980784233,51.18602320198011,44.8147832285072,44.58100745719541,53.64206821462339,48.89332153443131,53.646910684385084,50.52040918314177,57.02866483754758,57.96454722737364,49.106402970425556,48.84363880796725,51.927896070848384,51.92477639298319,53.325719319268806,51.05571515868011,49.968803610670136,46.70096371965304,58.1111457158831,49.057628853337214,48.30444366644981,55.322117532395474,50.3512334447241,50.1904540975762,48.777407256662244,48.003215326789885,44.51608128518346,45.81735849645054,47.60325552341993,50.086023556451366,53.44525648623401,50.72080444551548,55.723695794512125,42.47095591513441,41.632716180094484,42.341759893303376,43.641722848598555,45.03287189617198,43.92915046204122,42.36629959693894,44.844602664339845,43.884858820911944,44.814903229148605,42.49395981431397,44.663195657267366,45.2847979844526,41.95719312092543,42.4459629579932,44.41286629702387,42.61668793787707,42.445704103233645,44.197001695272625,42.83167475616436,44.51772631584305,42.8934151789104,45.957449210509225,44.5146250673386
photo_road,54.74226197313132,56.64992891644031,45.62493998842752,54.494748681165156,55.944854629498245,55.01685957249042,55.791703717593904,55.54766946237865,53.45756840952847,52.162987963453226,58.50159318517076,52.11141929009753,57.83636436645606,57.95661666655751,56.27232791263413,54.317149658010614,58.93263148814234,54.20022729532636,51.57522873793121,56.89889747986998,0.0,58.25932469646809,54.00085319058326,69.05704370741849,63.49186384243173,62.53417412702986,55.82699975529834,59.66666667914097,61.800970859357804,59.54286312663103,67.21070003417306,65.21773867844755,55.191598517844945,64.76815029013203,59.3701423338559,59.28069442269869,66.91428021168541,59.39430147390469,65.21264873423969,56.440211309802756,59.34604086798228,53.39138230617785,54.66301905272076,62.73974778364266,55.4438773185434,58.57679247899967,60.135530685680415,63.48018519758301,63.86855174573008,58.35500850470941,57.086709153785975,59.54110134475564,59.65730042443896,60.37957131499262,58.92441597472802,58.970042670196904,56.49333238353785,62.50313790680292,58.4402704638938,56.54790809405043,63.30302998425314,59.34709893543088,57.15357659093946,57.42316029495044,56.83632530563587,54.41559286211243,53.88109538881592,57.955000151495376,58.306749334217535,60.937368735835655,58.307623902856264,63.51041917387681,54.519731882202066,54.67825494377513,54.29394725758085,53.44399278429569,54.03269052030323,53.13053328723346,54.26894486728429,53.89047892086685,54.53363797877951,52.93407086418921,54.131424203481615,53.75516979444087,54.086584901298146,54.336519358340645,53.907223849120285,54.58531692860062,54.10729845163009,54.05500488994679,53.60066185887438,54.45797229329138,55.325562877207055,53.47314558468262,54.70140783476262,55.27572359242282
photo_house,46.82159492616105,47.08263830807307,50.76254775026866,48.878912889506005,51.389962787850315,50.922022418582316,48.319069589583556,49.92276755509123,52.89822706760664,52.08845583479301,56.37908233507177,52.210722073805734,49.971068226991335,49.94918423661472,52.24558139323899,50.47661372772869,53.66294674356214,54.77311361659216,51.08212123786863,55.131453789996804,58.25932469646809,0.0,51.5396506380931,66.3958418743919,60.06539330657064,58.252136506684494,56.51113884772235,58.721822769569506,56.403899555099905,55.46431447240327,63.55631035817663,59.23844997989178,53.75936305460476,64.87356019420818,54.486675577245,58.65339413478284,65.36638068344085,54.61717354547888,62.601403883602714,52.074251921637966,55.67517111006436,54.13717937172621,52.58841960679419,62.220555156563584,56.52680089556545,57.17257503206434,58.39666441996474,58.46979112087963,61.1533756579733,54.82953597853002,57.08912465285123,56.11810413539344,54.183111635637346,56.78465724874145,52.768638436954994,53.918720750484034,52.41989646509578,59.83040277312368,53.649282612982496,56.63495309390992,56.67433017661205,54.986855561652376,53.63862228702256,53.31674468930155,53.16517595980125,54.355490703571505,53.03469829734472,57.77136966733562,52.76972503566136,54.6722469429673,57.377846699589725,58.258737617041334,51.637617055125816,52.250438480788894,51.47974959075799,51.990628705968305,54.520347774089196,53.884631360259924,51.29787493806788,54.072072009353185,52.8132862288708,52.928420933882286,52.24409062551885,54.26010101913613,54.2831553042225,51.62198791478209,51.24481883656535,53.99159289313301,52.90032551446312,51.387574596472795,53.52578986054444,51.63899817074568,52.70474814246811,52.279202054072975,54.63458490532205,52.70673191720505
