,photo_face,photo_profil,photo_eyes,photo_face2,photo_walking,photo_standing,photo_hand,photo_legs,photo_bird,photo_butterfly,photo_girafe,photo_fish,photo_cherry,photo_tree,photo_flower,photo_carrot,photo_watch,photo_key,photo_truck,photo_velo,photo_road,photo_house,photo_mountain,photo_windmill,drawing_face,drawing_profil,drawing_eyes,drawing_face2,drawing_walking,drawing_standing,drawing_hand,drawing_legs,drawing_bird,drawing_butterfly,drawing_girafe,drawing_fish,drawing_cherry,drawing_tree,drawing_flower,drawing_carrot,drawing_watch,drawing_key,drawing_truck,drawing_velo,drawing_road,drawing_house,drawing_mountain,drawing_windmill,geo_face,geo_profil,geo_eyes,geo_face2,geo_walking,geo_standing,geo_hand,geo_legs,geo_bird,geo_butterfly,geo_girafe,geo_fish,geo_cherry,geo_tree,geo_flower,geo_carrot,geo_watch,geo_key,geo_truck,geo_velo,geo_road,geo_house,geo_mountain,geo_windmill,word_face,word_profil,word_eyes,word_face2,word_walking,word_standing,word_hand,word_legs,word_bird,word_butterfly,word_girafe,word_fish,word_cherry,word_tree,word_flower,word_carrot,word_watch,word_key,word_truck,word_velo,word_road,word_house,word_mountain,word_windmill
photo_face,0.0,63.08081407218538,68.0856737885504,60.99884800953634,59.20101397385401,60.74863560564202,60.77913418087655,62.19739774992472,60.734655383908596,68.79728296410264,74.80778150174807,60.899186878672865,81.78731966748244,60.860576522061784,62.84576646299384,64.2732329832407,60.26933663428524,66.53451911899677,60.389194493207896,64.03774673345768,64.78334737413992,63.41686196878231,72.68470058344903,72.96788058382951,64.2977489823985,61.82141377772792,64.24561760440193,63.582334974737165,62.06341953432128,62.90723026827256,62.1147034595889,63.12015832997467,61.75379225713288,66.71499237186715,68.77550365351169,62.04717669729953,82.43083144380462,62.52823912895716,67.83211996837841,66.03355704944424,60.04624930555794,69.94491713750747,61.653410597030096,63.72808379777204,62.68436963712555,64.2871968053471,63.26384716349387,72.44519933487594,63.358350512384405,60.376504252102876,64.70642332650134,64.02237825353211,63.78571875570883,62.52501233045154,67.11923203511853,62.06112234044587,61.52236299625787,66.14919508466542,64.92994630369691,62.19807413614814,70.62234310056928,61.92102657520133,63.38176575153117,62.43423968150928,62.100810014450936,68.32717733817519,64.65297913457499,64.61823909541302,62.33057226495251,62.97007200648387,64.47578969096786,64.27002226795557,62.631206085408564,64.59033519003098,66.77608834981443,65.87715112381186,64.07864734093474,62.86960827060463,61.50486144137153,65.15439474467783,65.10504370628038,63.17279811145092,64.35540791381426,68.39304034916502,65.3062266051835,60.36121175955387,62.73386079261111,64.8946466207379,61.397775823358415,64.37398227037028,62.42483432800402,62.95900959998147,65.83636195863482,65.63652267274229,68.66500252052217,60.92695169007013
photo_profil,63.08081407218538,0.0,74.24175658764382,68.993099892239,68.99002944464577,69.96260930531423,69.0499991721057,71.67468578916314,68.66514060207798,75.09538162505363,80.64462051737614,69.0218387414746,88.4748857067643,69.55398254860533,72.40410727442043,73.71744468598797,69.38890918824399,74.32707136400856,68.10302452492294,71.38031197838413,71.24954184240958,69.61003724582831,78.90147335343171,78.3972206647672,71.82403825903103,66.53435117201985,71.09289418136262,70.58215146327751,69.97915132010353,71.24430786327794,70.3736398178636,70.78350238631216,69.11150293985575,73.22385789338236,75.96607170060565,69.50418423654826,87.89968536617948,71.11508686023792,73.98004856758158,74.20971906333276,68.85405027233276,77.10559362716502,69.3285577815596,70.80018500858517,70.2698402127419,71.45717368425468,70.98761002268456,77.6085522834938,70.00617644301634,69.30954002929265,72.35608506290512,71.51336249860867,72.2355761134204,70.64545073143573,74.79740065876776,70.57394399188176,69.91080741726407,72.7358542418196,72.35648827704719,69.61965258506469,77.80922720708682,70.50552147001609,71.80603568030979,70.98831183493824,70.75297529534207,75.57285550270414,72.13301357012816,71.75885255854787,70.01504221463811,70.59827039116774,72.35389682956693,71.60123787648348,71.0368651446937,72.64848169927684,74.66582152832834,73.8680531804855,72.10159687990354,70.88122194412428,70.38376811767013,72.79333827084959,72.9872699742461,71.32738333673221,72.46440277774337,75.94909672715741,72.90661510248341,69.00416046795394,70.88492255810893,72.87822027926632,69.91388756899494,72.41463101120478,70.75671466588382,71.22890077462792,74.3151941313961,73.82246467181353,76.21537045926178,69.81750706090666
photo_eyes,68.0856737885504,74.24175658764382,0.0,68.04990379955358,69.16677581965486,69.90592880646258,70.00991672660656,72.23638809417709,66.83343603647745,73.79386747889055,80.18300557705662,67.019064654099,88.62699895826901,70.295804356929,72.52525647184567,73.93989639786358,69.29261105360132,72.14984293110454,65.69499347344312,69.5740331312227,65.48647315145827,69.82810458456525,77.15405413799905,77.81571739768354,72.1189017742111,69.39348936993706,65.49111431274117,68.84625102273615,70.48125860445549,70.66839879222282,70.68733916106805,71.33747029163591,67.80166155739445,72.54436090119093,75.93777417730801,67.597154848598,87.24138078145168,70.46425673801826,74.78996458460793,73.89110502472417,68.92294774876015,74.82517055588617,66.90611106385974,68.70381242153506,67.49521985949495,68.4848800168616,68.42471868130227,78.0968368094903,69.34089413914326,68.78792964939834,68.65311184200635,71.18335058426601,71.82252076541228,70.63703080036416,74.91383881546845,70.71552154659548,69.48736131393464,71.71797226317184,71.94622769589935,67.29277084754176,77.34803294549258,70.34491827437236,71.4510557614546,69.90141727239072,69.56265775568154,72.93799717494367,69.28397034552412,69.78475133437809,70.70201377743119,70.72657165360674,70.97169675589865,71.81689135795236,69.03870596526208,70.9344932047062,72.97884704769663,72.04131266912971,70.16883223224586,69.13063820488632,68.51213280638774,70.93072012939636,70.61260534353993,69.60047250960909,70.30553830790784,74.49241831906787,71.20578197632622,67.34909831776,69.11854292887229,70.6215227645923,67.95495316568653,70.6499680246963,68.75691917570798,69.34883396126699,72.55047649070322,72.02811874316457,74.69407984721803,67.82471262859949
photo_face2,60.99884800953634,68.993099892239,68.04990379955358,0.0,63.287565880797736,64.36465136993047,64.73976553284864,66.51942750555364,61.46007998134071,69.20735091499218,75.51698906495379,62.46900640424273,83.9098012715381,63.984116186772,67.7070518870743,68.72452141033335,63.94636464909224,68.23320214134579,61.5446376276493,65.20895073907126,64.32529297079105,63.72623208416026,73.66569623326137,73.2298373055648,66.34113342292152,64.41712862569399,65.37494370672061,61.27501082019817,65.04011634080408,65.82414718625006,65.46527416904615,65.93088993573359,63.029431327628764,68.05101552225702,70.81208602889127,63.37797799768779,82.84629820351364,65.98796232857424,69.68341683005026,69.17298535837831,63.81994654565865,70.99133296571085,62.99831347143744,64.63251849051117,63.964029904834995,64.60019085904462,64.72733959635968,73.81909884387716,64.70610606659335,64.25688723924813,65.38515396773983,66.0686331514892,66.41938595498466,65.5625827156612,70.20346126160374,65.50636003895477,64.54009271058038,66.527604243069,67.21674968713329,63.246509179972044,72.75209874721426,65.2930237727175,66.74391390132357,65.66697576203084,65.31426887365309,69.27986390180456,65.92785750812175,65.9012157647377,64.76840891197968,65.46632987133815,66.63270621068935,66.8785288474603,65.20650324026273,66.98483798512022,69.22750272264528,67.83523104406258,65.75508107889065,64.39465280865028,64.18429765481623,66.20580750712784,66.65047738583193,64.63094890388967,66.4430723909264,69.79163354935068,66.79549660257872,62.964013165289735,65.16961841654924,66.42399965969348,63.42189787267101,67.15247696671103,64.1159946080361,65.34607566693597,68.41718805420903,67.34534127743532,70.07090867645694,63.44267774049619
photo_walking,59.20101397385401,68.99002944464577,69.16677581965486,63.287565880797736,0.0,56.52891210833754,61.274664179671056,60.601983309243934,58.38977998540873,66.99153812943386,73.13722920239982,59.13286026913609,79.8916210850647,59.365726262337276,60.783998816747726,62.587911161514896,59.22289026478456,64.93588041764495,58.6406829759156,62.29420048839526,63.4522501358011,62.66123701824199,71.22241786702683,71.72047966506692,64.82320552049309,62.43416200552049,62.58547798818995,62.84468037484745,54.730989196843645,61.09501963976718,61.64725626783919,61.63899193549655,59.44419925277809,65.22184061804722,66.36183023237258,59.87490524535558,80.68685615756914,61.06430634072994,66.65830143470771,63.863579740580484,59.5457785762403,67.8550151114048,59.2499532491518,61.96163480526788,60.08437532198876,61.68759684585595,60.89102544430303,71.35943546290257,62.92653976986363,58.89859316637362,62.94880500554917,62.784619930808816,61.770671047583605,61.05309365831506,66.60321552020487,60.71871724263537,59.7511222346885,64.38196470350528,62.97379691949675,60.12888836187631,69.28283935249068,60.48292016160841,62.45168172626769,60.61315808638744,60.41651172393293,65.85532000438458,63.06502722954752,62.909808271311284,61.22869313805641,62.444552959750176,62.73857219308967,63.665614868874584,60.44793788097268,62.66233190135932,64.85538989004819,64.04400959488623,62.04335063595607,60.89848255791623,59.26137497706073,63.01631236039637,63.018133404147605,60.93033344510685,62.105170876780825,66.69235613763793,63.295129015393144,57.73338393817792,60.42498623791552,62.89910948562006,59.347654841141384,62.36098623498895,60.401857312537174,60.64280466830308,63.74510108693187,63.86557920168305,66.9046472960538,58.58877712274854
photo_standing,60.74863560564202,69.96260930531423,69.90592880646258,64.36465136993047,56.52891210833754,0.0,61.2034555018269,60.84271558945886,59.169439639941935,67.6830114511313,73.47367199612961,59.88805109056232,80.90518029868778,60.22986968301702,60.01031914925695,61.944971631453164,58.69685824143565,65.50973828081173,59.00872746642377,62.95420852048201,64.47405079896465,63.019714626402916,71.74458012183217,71.40967762404148,65.08885202555584,63.105738073701495,63.643290923872165,63.86827941610411,58.95846821485763,58.06383716722691,60.43913271317599,62.517017556303955,60.5639091781911,65.87221461554356,66.44580496051873,60.562079810617554,81.14041564363109,61.41685882006421,66.15260653882686,63.28467516141826,59.23058885101666,68.20246053294088,60.261971416111216,63.09241851373987,61.08020154157842,62.59903069062254,61.47254053148574,70.9834517510989,63.30080673727264,58.30192647498624,63.24014751758601,62.34235794617753,62.309383281168785,59.38683219133448,66.3777872226605,60.51098778207448,58.85606912721572,64.67676396040845,62.63432167137431,60.74739492326941,69.62519451285971,60.69716942057077,61.993210115231655,59.338460988396655,59.7319440476446,66.18209216612343,63.43374874063127,63.760270937271045,60.533952923673795,63.39314833201331,63.26877291533408,63.0379522205624,61.15369501792576,62.97537950599226,65.58275460496206,64.54691660114273,62.56907305266364,61.42325815934742,60.14711871448755,63.35560905989385,63.430122110027476,61.742131658668285,62.68986847849619,67.16528275666587,63.775762910268554,58.58341582252543,60.97836007096522,63.58934212649909,59.98286283524832,62.98765069033528,61.2000559144958,61.312588456424,64.32096048736086,64.29116567192968,67.45838789681933,59.232035162875185
photo_hand,60.77913418087655,69.0499991721057,70.00991672660656,64.73976553284864,61.274664179671056,61.2034555018269,0.0,62.57257654512298,61.35023223701684,68.91136954742731,75.53866150114621,61.97440813623136,81.79425589268295,61.60204616313206,64.23325419062407,66.15826138950946,62.030454242524414,68.04952332268542,61.702868462260575,65.09833133645878,65.86319758489249,65.11080493705454,73.03437961181514,73.58749238002328,66.77543635644129,63.5543674993428,65.73275684760907,65.18007905542173,63.077557948302875,64.30388116004127,59.7738719104313,64.12565911885801,63.12505628010929,67.89954326908986,69.825375054433,63.28587892215043,82.72783418656769,64.38481002934489,67.89756924516843,67.5891889685419,61.776019154094676,71.5002771216383,63.276106036724805,64.9376035564992,63.848607756751456,65.5180315940423,63.91497449950179,72.85894014360538,64.61162888341312,62.29581593362339,66.02686925898571,65.53934479183447,65.04516018321416,63.51556401414964,67.42623430311346,63.361754102153135,62.858167193652726,66.5269929812347,65.74165003438834,63.18069974510143,71.2988911791683,63.6737298054876,65.73887825430604,63.5287126555883,63.71497717447299,69.28145772183522,66.15387435277204,65.75193315721225,63.794946645778914,64.57454919976337,65.73738466204213,65.1741099806079,65.13915238094884,66.92666224884296,69.33158604647481,68.39695792210158,66.45797325869462,65.01178143452302,64.0405479725097,67.00390438694369,67.28351987887541,65.43097462577666,66.56774380440267,70.27731333497941,67.39097261865444,62.71648563271141,65.11611130146156,67.14677647459645,63.9434208111768,66.86196426282056,64.68651214287954,65.26765963374544,68.32053044269055,67.8717711484716,70.58438602793133,63.4121752008322
photo_legs,62.19739774992472,71.67468578916314,72.23638809417709,66.51942750555364,60.601983309243934,60.84271558945886,62.57257654512298,0.0,62.64992946876444,70.60608279610791,76.57298453941368,63.61484525299371,83.13611591322277,63.559425475201415,62.813104763081526,65.33572512464445,61.38470448471546,68.9881539001416,63.329021265507265,66.6941306462972,67.12292892121,66.09476715244921,74.6897032278921,74.63818666055371,65.90591377223481,65.50394592407277,66.2851936533773,66.28020855282563,63.10964048647036,63.96330357526891,63.36855280167541,60.15357943768709,63.89985296851857,68.57973659078708,69.783410282708,63.85346856689559,83.54189164460554,64.30234024170903,68.87977970378253,66.2731511678465,61.11826435986775,72.06981882739575,63.91585928182504,65.83503109461213,64.09455653069891,66.01185810904627,64.85324652377048,73.88010642738033,65.90066221875377,60.55034613545254,66.2511829971339,65.7520622982038,64.81360550861463,63.418566796798885,69.0246652403248,62.206448208878584,62.075428697202476,67.007798221793,66.00777368568433,63.99216822586594,71.13030078024607,63.86599802869275,64.83856250557224,62.513938638473256,63.15217598569349,69.88223861143771,66.51934873843288,66.83450815220449,63.760336970816525,65.93040145964864,66.18481090818378,65.99704883604888,65.39321086748522,66.85952549025478,69.54996511709608,68.40878029315519,66.09616151970647,65.10629925695041,64.05567668807221,67.0345234639866,67.11718458855289,65.50161448608455,66.5288936214895,70.45579364691314,67.4452516329636,62.518459075868286,65.1718500207196,67.25390374970347,63.90812718033248,66.89109169553363,64.96836517356793,65.51729245915415,68.13335428864075,67.94476280528855,70.7473738877035,63.409909496983296
photo_bird,60.734655383908596,68.66514060207798,66.83343603647745,61.46007998134071,58.38977998540873,59.169439639941935,61.35023223701684,62.64992946876444,0.0,62.12381906876073,69.12723555346832,52.258924641220304,79.4017498128871,58.84045952382032,61.16191047147501,62.64294287090772,59.15647317269331,60.84363162532719,54.64270701505195,58.6820833342198,60.27630080807148,60.809975911868314,67.9749227221412,69.91339566520588,63.35950798160286,61.42822059319632,59.285369510368454,60.91034926175062,60.606451694098986,61.19782014575104,60.89398443237823,62.086885943824086,51.40179825124919,63.196230033511654,65.41283410160605,55.21662044114084,78.97854394141969,60.64659985507251,65.396501041921,63.97402150297872,58.98298977745031,64.74580600404558,56.21716839022885,58.20603984420945,57.02764910078092,59.645345966511485,57.10652377490298,69.98244571704886,61.17764614326833,58.241700466679035,59.37288662561239,61.88190078319112,62.13620677766922,60.65508793180688,65.59078272841829,60.85135826819277,58.67036830004122,62.63842270442084,61.87524900802682,56.01228517828591,68.2731430181309,59.877276554753415,62.037473879969816,59.96022081102425,59.581106610501976,62.297566598125805,59.41791195745418,59.4743445502187,61.12533343392507,61.29367630914519,60.40065297971253,63.07850128532766,58.41716671567352,60.4534920777383,62.93582425766701,61.242928887398406,59.284543591771445,57.99201887465582,57.25279421875022,60.2161012479038,60.191765705266164,58.36592622635744,59.705979580397916,63.69646709141732,60.38055485671709,55.773573598627806,58.207880716090386,59.82208938024379,56.31028626836843,60.478126533739065,57.510929262761366,58.8723096955465,62.192467123689745,60.872576376301595,64.21293410024849,56.60527123648835
photo_butterfly,68.79728296410264,75.09538162505363,73.79386747889055,69.20735091499218,66.99153812943386,67.6830114511313,68.91136954742731,70.60608279610791,62.12381906876073,0.0,77.31362424998878,62.27896566117005,84.93118110214371,67.26952799219875,69.06465183871364,70.3346061780078,67.62578334113478,70.24568359519446,64.57637950984497,69.14639117122891,67.65782281132469,68.1500213136119,75.61835180617086,75.96272136162416,71.20904886708674,68.84469524441172,68.09985905413039,68.05584011361937,68.10138709727423,69.16184012024544,68.59968401028435,70.26651221063511,64.93796173387818,62.87488418465055,73.32327092146477,65.7409438995987,84.36972488106065,68.46977790517494,72.37467329692387,72.02037358588241,67.12150883744343,73.17540395761067,65.6024105460995,67.74202575937747,66.56782060107565,67.2625246221166,67.14137608811775,75.7997178278164,68.0484825106594,67.45387450462228,68.76849695249989,69.69103024161961,69.46314027369891,68.29806592017147,73.173990818191,68.77482084463932,67.8912003429689,68.10422261162806,69.88369904175262,65.81526708366776,75.73604926988146,67.58619005525753,69.6614558844354,68.41293102027035,68.46436433335853,71.9459504239259,68.81463279051117,68.3884223392423,68.57437097107204,69.61470627431596,68.11674839416118,70.11695027844026,68.61542038024004,70.01092313188428,72.4040506620518,71.08960676323355,69.10993981019155,67.73196221828142,67.66430221972611,69.68271180994925,69.97949139409653,68.39632544567434,69.33641767036151,73.14948882602448,70.23599001577816,66.02781698499008,68.40349876904122,69.51309038741778,66.76034856719306,70.06827669709016,67.62554703826135,68.88992454491661,71.85065583173167,70.58824403867133,73.28679870240087,66.85427072969468
photo_girafe,74.80778150174807,80.64462051737614,80.18300557705662,75.51698906495379,73.13722920239982,73.47367199612961,75.53866150114621,76.57298453941368,69.12723555346832,77.31362424998878,0.0,70.93997099998454,90.72144022644812,73.73641851842623,74.4599039753622,75.73831038122425,73.69673018494002,76.22168198638009,71.5450801033584,74.59593317961004,74.85859451345651,73.71136169543033,80.59342652899007,80.69709373025877,76.69565250509973,74.6615499829333,74.65117575649387,75.4666389743686,74.38057653457807,74.6999391508771,74.24731038286467,76.14681643092497,71.28640250941649,76.58393131764828,69.24640079617103,72.16451574899446,90.23387618432741,74.9585627846485,77.87495131228152,77.26403988610551,73.58295172597681,78.55569989157733,72.53104133865084,73.87902490511013,73.40397274001037,74.67194676181428,73.39481085549936,80.90322718388285,74.95023598729077,72.98834968363485,75.05682756938374,74.83032852792836,76.46399268080337,74.96511468816458,78.63202708337087,74.52122437301468,73.14304724608348,76.220327398141,73.69622236867055,72.50154265422904,80.80850960064045,74.15676629827146,75.3974343018093,74.65499273617792,74.40046780067131,77.26602428393561,74.82316172099496,74.50860910120369,74.35498965356372,74.89015896305546,74.36324060819061,76.21679836012991,74.229245522541,75.3506208662954,77.73409116424995,76.5538529396034,74.5916263936457,73.42385302678035,73.53544595387605,74.98392406318675,75.26443477212582,74.00181493043537,74.90146452482442,78.09921148977084,75.33910870672473,71.85752633475674,74.00906330959644,75.19098291154934,72.64581172902669,75.87607529926446,73.13466461659607,74.60285625877063,77.03641552350095,75.83131990082747,78.63838390286676,72.52573576975306
photo_fish,60.899186878672865,69.0218387414746,67.019064654099,62.46900640424273,59.13286026913609,59.88805109056232,61.97440813623136,63.61484525299371,52.258924641220304,62.27896566117005,70.93997099998454,0.0,79.9011849599466,59.60268916748191,61.50476545320926,62.07289011288579,59.39077344152898,59.93421267292101,54.82982109768825,58.899135493772796,61.35571562830957,61.33814046045171,68.69226950878306,70.68966899839076,63.70114262581633,61.96491212659165,58.91611046256342,61.959574027539034,60.83135013117744,61.75994689753385,61.96778828498995,62.957460820501396,54.573855004089005,62.76291268296727,66.64174637574487,50.66216419332619,79.04209291368065,61.134063201766644,65.98277633271428,63.97476517631534,59.08123621080767,62.98983482565198,55.391590755799506,58.46619056746424,56.691148783158695,59.914346314895134,57.41643739336044,70.33281199641642,61.67659687050411,58.76121587276368,59.2034766427383,62.22761172770027,62.627236260003365,61.00290242750149,66.3157431775857,61.55674182398867,59.30895688372761,63.26185471527228,62.37754606457217,53.11920435515534,68.56921150733933,60.57849960495078,62.15714777964888,60.453499623581266,60.20387431402878,61.92771468749572,59.45697703650434,58.62031588390387,61.60126742506221,61.49766464471836,60.717889548488984,63.63499300332591,58.463817658410434,60.9374882979568,62.85414042995828,61.65432181307164,58.75245532348791,57.831847863756714,57.42516969220486,59.59195196030268,60.02207370325507,57.94598847164602,59.69685953506745,63.22993424502265,59.53706765831351,55.52394998181606,58.565197460728776,59.76146620381462,56.33883406243519,61.39378576071508,56.93364300309724,58.76374651191052,62.29909527139876,60.75536860008671,63.91221809224767,56.57694175677202
photo_cherry,81.78731966748244,88.4748857067643,88.62699895826901,83.9098012715381,79.8916210850647,80.90518029868778,81.79425589268295,83.13611591322277,79.4017498128871,84.93118110214371,90.72144022644812,79.9011849599466,0.0,79.94465325664983,81.63593469856022,81.76045279236175,80.39547991977746,84.52939663176527,80.81085518438633,83.385676840534,83.62229126790456,82.35869568271748,88.90325227930371,88.55126116384059,84.86732689727368,82.68392789103336,83.63578769408811,83.58174715739936,81.78340886828819,83.23720081130962,82.29688979340618,82.77768363078965,81.12946441269659,84.22467375950772,86.62810470173054,81.38346942741632,83.16027481248803,81.9139629672203,85.57126583736796,83.73020015377324,80.92278776633178,87.49285257388954,81.74447930521853,83.09161744740794,81.94835282724331,82.70210470715259,82.3825162342239,88.74906384073262,83.22305098259793,81.20310898188539,84.12562528255626,83.25140609957171,83.17241507514301,82.28513996767596,85.93395406739893,81.87459658857419,81.41437244741287,83.47878874775188,83.28268116743672,81.52589499357425,81.53114619150979,81.68959439675184,83.6067547446251,82.03252427733447,82.16094811229446,86.22732680557385,84.15395889089332,83.29994718975878,82.12091833789279,83.18095316266432,83.15009321767783,83.07997120408335,82.44833483890206,84.34182354101485,86.52990217710328,85.10810638385011,83.99951860637594,82.89925204130128,82.07171262306159,83.92948374253551,84.31722654536884,82.94635402084384,83.39266594250905,86.79099266912695,84.44608195226165,80.83287347510603,83.07777921440132,84.27245452937028,81.82484945713861,84.07783845789353,82.47048357414198,83.02882409350038,85.5102468249117,84.79100057193756,86.88813768554287,81.48689580553095
photo_tree,60.860576522061784,69.55398254860533,70.295804356929,63.984116186772,59.365726262337276,60.22986968301702,61.60204616313206,63.559425475201415,58.84045952382032,67.26952799219875,73.73641851842623,59.60268916748191,79.94465325664983,0.0,61.831694539866476,63.02943579988967,60.08344242465759,65.64299017905536,60.02338239498869,63.23949612017774,64.04293079947283,62.22876259186642,70.80712129372108,71.17213453344746,65.83689985144929,63.03123763442559,64.43759094576824,64.35099890547846,61.47611431339199,62.8809320853302,62.908220910636125,62.832246563653165,60.715879397471056,65.67810744738361,68.09186111250393,60.801085177327494,80.77825375023882,60.30903076646638,66.99899550798519,65.24629774707472,60.301051671161545,69.26214241499687,61.047865433330614,63.03712098884529,61.70630517563739,63.358758283724406,61.623883713750324,71.18676435096097,63.51051414547476,60.23799948034665,64.31175618097225,64.26789700241423,63.07495861464143,61.666363258642505,66.46880802915913,61.12153637523577,60.82624109985303,64.90314567154698,63.86300916055536,60.97036302772483,68.92000870395587,59.849567266588785,63.15151791425175,61.65511567613868,61.31922249847461,67.09588528001254,64.24166372732222,63.766747321677926,61.610619468290295,61.89477740018222,63.38581111179795,63.465259093687266,62.597792236765585,64.67739081660538,66.80312643961338,66.10896680869232,63.62519252190921,62.413105755960125,61.636309825435646,64.85402548997837,64.9376113008873,62.75086227769983,64.5977826903463,67.90225977424835,64.92154795354709,60.451122785357505,62.93480417764075,64.79390681130155,61.13558723270821,64.728138274368,62.194178933764924,62.93851405558358,66.11401380830502,65.33335901713447,68.21617207498116,60.95969577432952
photo_flower,62.84576646299384,72.40410727442043,72.52525647184567,67.7070518870743,60.783998816747726,60.01031914925695,64.23325419062407,62.813104763081526,61.16191047147501,69.06465183871364,74.4599039753622,61.50476545320926,81.63593469856022,61.831694539866476,0.0,59.47931940683122,60.42641189052924,67.63208089700821,62.47703555989448,66.5860194707003,66.82755897408342,65.58223757179623,73.91085185262436,74.4554101298107,67.35107524554849,65.52490178958948,65.61573483063869,66.19828468775759,63.37635264499813,63.15224534210665,63.096999523176095,65.55498770963408,62.88361254331644,68.04332272519451,69.01774074978361,62.92520018965872,83.20207608925168,62.81902076282709,65.5621858280631,63.34169903386914,61.73139419983572,70.58134995714329,62.85085851632479,65.83305696564376,63.377217099965115,65.7218676808706,64.43438403686761,73.8932271534525,65.66175033729735,59.08306008771946,65.51120175642606,64.23287916835328,65.04824717839523,62.6335194354331,68.86239233914414,62.705494075637745,60.62647100757164,67.28139295290842,65.10130271330175,62.82261219962099,71.25570889150671,61.838567467182074,60.297040945335056,60.22815387011816,61.768300798679185,68.42272523323958,65.70653816516234,65.49833031611512,63.117768833531876,65.08494784744434,65.08479886171219,66.10196538474848,63.63887313436742,65.79452309421504,68.14288033160241,66.97471438564781,65.18846239445936,64.27755637321171,62.69066112648573,65.95103789211683,65.99717418162814,63.7880441738231,65.2668878314165,69.33967136601369,66.09310164248663,61.42755622831961,63.815550330633464,66.06169412556493,62.51881745196374,65.6447670732074,63.70126818767427,63.94897900702483,66.98776528985836,66.57065679089891,69.63690140226161,62.05437682052097
photo_carrot,64.2732329832407,73.71744468598797,73.93989639786358,68.72452141033335,62.587911161514896,61.944971631453164,66.15826138950946,65.33572512464445,62.64294287090772,70.3346061780078,75.73831038122425,62.07289011288579,81.76045279236175,63.02943579988967,59.47931940683122,0.0,62.42398057424679,67.82307001252308,64.19659330676625,67.96493111532502,68.11553148690831,66.8126719781013,74.79981307992453,74.85457972423139,69.5694658249456,67.1141335547588,66.90777361283993,68.15874144976937,65.1568303917435,64.28657010407636,64.82506558861127,66.8216702954555,64.33732643843881,69.84485874620893,68.78351728024117,64.04619608237853,83.56255373384873,64.01910250565243,68.81822132580486,55.63355535481272,62.5408098591889,70.63873414964105,64.51616261280596,67.23220058149111,64.66405011032026,66.92259757198582,65.37309460688387,74.4095509792046,67.56501415917832,60.21310365202129,66.50969990429208,66.15449444536608,66.61006254521857,64.14133878376836,69.71122403183031,62.90114270741164,61.50668400976482,68.01201579671013,65.67270754805156,63.73164051210689,72.11928754742577,61.96347704677301,62.82376288391759,57.62949940621848,61.83814197989048,69.17234760292642,66.94630352949112,67.38501588617017,64.33521721724595,66.4290064444819,65.83607064801437,67.08332758777473,64.58814877928137,66.69457050806012,68.64585245180434,67.79922711988624,66.32709508278404,65.25446622139171,63.57107064313027,67.30139182522211,66.87905044837572,65.10107495734725,65.43320542586265,70.62081293406932,67.43232306199415,62.38639105461983,64.80639261358984,67.35701827544652,63.81096991193106,66.38329499055496,64.8581469343625,65.13423191901991,68.04545410111918,67.59994041756754,71.26377158192268,62.98011981049854
photo_watch,60.26933663428524,69.38890918824399,69.29261105360132,63.94636464909224,59.22289026478456,58.69685824143565,62.030454242524414,61.38470448471546,59.15647317269331,67.62578334113478,73.69673018494002,59.39077344152898,80.39547991977746,60.08344242465759,60.42641189052924,62.42398057424679,0.0,65.22710279750947,58.6227200125672,62.05582440230075,63.35041282730446,62.32202449417371,71.6614872986614,71.79898387339205,64.55578304905487,62.11582578800887,63.71995520973084,62.89728414362766,60.65515883204511,61.63763580525026,61.409162597787606,62.540065142534935,60.18547547719606,66.17561493798138,67.44167902140468,60.38459689542211,81.09135247060149,60.60584700993971,65.58436337767932,63.49279218200902,54.93219945970533,68.70821332112442,60.21430837308605,62.069787886252115,60.367191644629884,62.240823761719945,61.21255000788918,70.39662429371309,62.56712777972182,57.97781873122647,63.22782802271703,62.68814864978116,62.57544187766001,60.5154693113328,66.42673154809911,60.0037732730378,58.637361338976504,64.61850413602521,63.33193101104316,60.62781537945775,68.82486660623428,60.390748608105646,61.838500206162486,59.916128885566685,57.701951983264074,66.15625328371901,63.19397824945773,63.50233747058431,60.79765932670947,62.480000269529306,63.25440056423705,63.55201782293231,61.40734287018249,63.72670314667791,65.80730059585889,65.06141970559315,63.02001667682902,62.04867305681376,60.542228870429994,63.80773317793183,63.81163156988961,61.74113535755711,63.0855133926544,67.52769574368838,64.1162269558571,59.25480083239274,61.70247896064345,63.99032746821216,60.44844638102254,63.588541881544295,61.52820390096905,61.79052417548455,65.05837525435503,64.85312844457847,67.42526748798171,60.09386750857001
photo_key,66.53451911899677,74.32707136400856,72.14984293110454,68.23320214134579,64.93588041764495,65.50973828081173,68.04952332268542,68.9881539001416,60.84363162532719,70.24568359519446,76.22168198638009,59.93421267292101,84.52939663176527,65.64299017905536,67.63208089700821,67.82307001252308,65.22710279750947,0.0,61.31825171377019,66.17392354340004,66.64315729986187,67.00441221167767,74.13837294539871,74.69432962247576,69.40035759543493,68.12862570119559,64.03709191729857,67.84945171745022,67.14571312867795,67.56729528581157,67.65203105775242,68.45139524542056,63.11402848945677,69.37829470781095,71.54091124430359,61.761060526373015,84.32510398018339,66.71597089763583,71.07956788647766,69.79440021536938,65.13481168421923,54.102067182164376,62.1845966620439,64.9631930352302,61.80589564307063,65.82206414907533,63.103578359772264,75.12226469528923,68.08339438325376,64.93298012484966,64.09230232634575,68.35731680563806,68.66579731361934,67.60626454569655,72.03844073746866,67.18291279323854,64.69053427042523,69.0055751181295,67.62406155607505,61.88711641788788,74.21870186468162,66.56055150032114,67.76100840420315,66.48094239809991,65.57223000907305,60.6178930794669,65.2952886002142,65.87784074392654,67.27325117194118,67.64651624494651,66.1594813465884,69.12517337534302,63.60592943544181,65.41808716550388,67.60866293621002,66.25502529352934,63.86128202390358,62.18337262531564,62.7295593375574,64.52225637869853,65.1312310671155,63.42392171749134,64.2275729014446,68.12971034602967,64.6235293045896,60.90941621153578,63.50019297149811,64.68517421507065,61.63799654433851,65.55414175586239,62.67066727169577,64.08748500985567,66.93633882092875,65.72232433966822,68.87671089579031,61.83709303280628
photo_truck,60.389194493207896,68.10302452492294,65.69499347344312,61.5446376276493,58.6406829759156,59.00872746642377,61.702868462260575,63.329021265507265,54.64270701505195,64.57637950984497,71.5450801033584,54.82982109768825,80.81085518438633,60.02338239498869,62.47703555989448,64.19659330676625,58.6227200125672,61.31825171377019,0.0,57.739887570922235,59.41604047470348,60.41826188986442,67.56479468921943,69.41313205391963,60.88397390077124,60.301262991478744,57.47397326189436,58.75197120861174,58.76092429550132,59.22943296408757,59.99443313674693,61.359551259875424,54.5197752495356,61.94059667054598,65.84565498309462,53.71884189504935,78.0938593739605,59.04881158636555,64.22901820573406,63.213650553675215,57.49200748308991,63.03935841868717,47.51882082375139,54.965271138533396,55.3641003073034,57.0319761194616,55.06031273942517,68.51309750140794,59.67211077184356,57.217276568162795,57.549842576237616,60.43674178901601,60.548881138486614,59.45347297536606,64.47574228876813,60.14260144832244,57.94597799739214,61.44704032865557,60.96941076545422,54.079943349242136,67.65049555968679,59.20014275845102,60.59201859794462,59.43821887464076,58.87185236032738,60.97957263565916,52.86210526637405,56.794551427428104,59.863934452492934,59.81813402758064,59.61029439537859,61.474782867720776,56.933547957354264,58.83329355450717,61.96062773339415,60.27951132594638,57.56213733166718,56.475320567010314,56.07473139724408,58.52364024204295,58.8439046525679,56.772659643013036,58.30492478972372,62.438555520583776,58.776988779536325,54.40347727472977,56.93825939870083,58.28376906215274,54.93992282309887,59.17949956632625,55.69958904919376,57.39446067207461,61.0200776965253,59.52358915604866,63.05196390882462,55.3415791602451
photo_velo,64.03774673345768,71.38031197838413,69.5740331312227,65.20895073907126,62.29420048839526,62.95420852048201,65.09833133645878,66.6941306462972,58.6820833342198,69.14639117122891,74.59593317961004,58.899135493772796,83.385676840534,63.23949612017774,66.5860194707003,67.96493111532502,62.05582440230075,66.17392354340004,57.739887570922235,0.0,63.67477452093719,64.7646349179611,71.5387029525722,73.24881755583586,66.4995198720588,65.08877745314086,64.18058546258119,64.4677469888665,63.87823250450464,64.59848060124811,64.89778599819712,65.77090156602243,59.57045741511034,67.5715737343065,69.97245530787156,59.869153994646425,81.74936508552447,64.69179671012064,69.458496096791,68.10931573566482,61.95883311165372,68.84731349088051,60.04501883424686,54.01725837734746,61.583177125769446,62.74333679331169,61.268361545730336,72.93348857431074,64.77110467924646,62.770986868625506,64.06244680282943,65.71239281777584,65.59639465653004,64.48434833545811,69.51535830278233,65.19509115005359,63.16299121791765,66.7210012854078,66.0311112294763,60.77687180259964,71.82977197828676,64.1507607893541,66.15629351908959,64.50471432347527,63.46514118422013,66.74292133903671,63.81532198347414,58.617007308920236,64.88024799683974,65.3319188918848,64.43184541272714,66.5772791112824,62.83795134516818,64.57790522519385,66.99567807631487,65.93407457122808,63.589902549850876,62.467745305352764,61.88822284038277,64.64082230122531,64.489855087369,63.070121574537595,63.899483104164915,68.11326262499365,64.87178239215498,60.49197803256411,62.789535860292155,64.3723015640456,60.97971362530507,64.54543010033879,62.14493523989529,63.22288278335077,66.28547998498132,65.09744032116743,68.28787021840719,60.93036734298827
photo_road,64.78334737413992,71.24954184240958,65.48647315145827,64.32529297079105,63.4522501358011,64.47405079896465,65.86319758489249,67.12292892121,60.27630080807148,67.65782281132469,74.85859451345651,61.35571562830957,83.62229126790456,64.04293079947283,66.82755897408342,68.11553148690831,63.35041282730446,66.64315729986187,59.41604047470348,63.67477452093719,0.0,63.03016448138525,70.80291786483428,72.68973971049186,67.16118838232158,65.19429638991255,64.9099348538431,64.17360384509894,64.86190510023505,65.28018812226885,65.10299609721737,66.29957809041095,61.745330902569634,67.18418640401835,70.35123484296037,61.753309263566436,82.27993542027548,64.82898744676714,69.34106865977076,68.10999852041301,62.885808879662015,69.62079022200224,60.708844318800985,62.9846921991722,61.50262136923441,62.46972525482292,62.58110086476465,72.13353261147773,64.51503959533704,63.0942041375555,64.69820258840711,66.0362694813586,66.15165251290897,64.59093825518386,69.55986910894246,64.96153947933908,63.256665578185846,66.06717914553114,66.0943025463624,62.04790861043609,72.08347361676483,64.26553174681952,65.95768366861265,64.21018455185835,63.85337968446975,67.81725625925456,63.838503432045655,64.19436431048331,64.2130368775306,65.09403621448976,65.4036227111988,66.50914979332914,63.743316568478946,65.49251082131742,67.62282488075947,66.46209770536984,64.24695283775972,63.130329276254876,62.58056667477842,65.0544293825636,65.2343357104792,63.8964162237698,64.86063616976108,68.74345002277948,65.32930143441007,61.324569930896715,63.26242214431602,64.93637578587958,62.158930417594846,65.27111186181803,62.70364271971407,63.99411720257216,66.95000404369954,66.10123560060653,68.85543233844305,61.894409984955075
photo_house,63.41686196878231,69.61003724582831,69.82810458456525,63.72623208416026,62.66123701824199,63.019714626402916,65.11080493705454,66.09476715244921,60.809975911868314,68.1500213136119,73.71136169543033,61.33814046045171,82.35869568271748,62.22876259186642,65.58223757179623,66.8126719781013,62.32202449417371,67.00441221167767,60.41826188986442,64.7646349179611,63.03016448138525,0.0,72.00947244269297,70.61209059416953,66.99029756763365,64.23966977356318,64.75800725324099,64.98682288028603,63.39972315416128,64.93974107639797,64.51191772847983,65.08263670813515,62.4239568410142,67.02797521475844,69.51711049955139,61.99735046030296,81.35498414569295,64.36804651028007,68.3542402147531,67.6330341540048,62.240866691077485,69.86066784903402,61.7602047571312,63.679458760884664,62.85925436977352,62.30077682390581,63.55424505532956,71.66224049606203,63.83723975545959,62.535437537336044,65.14796481097136,65.51390307964597,65.17944462075171,64.03851767900309,68.35846880995066,64.37054420550955,62.668776228546285,66.00355920787274,65.92507926084805,62.08720564989509,70.67102229514953,63.73907674484324,65.60168634874287,64.20638014159908,63.81815039266691,67.94313620724203,64.78999366296884,64.84320750875214,63.75529596351134,63.172069216116114,65.40861178848188,65.65557658584268,64.49976219519749,66.13018302509128,68.40806322353883,67.17323089294229,64.80878809391074,63.59424306589859,63.4456348168655,65.46017809515017,65.93483237097162,64.21990088934288,65.44328189658374,69.08435004695072,65.87386388558834,62.03107674685263,64.33206897235752,65.51897729875105,62.548309677515164,66.14382264271869,63.23789667929274,64.58765490689261,67.8227365309382,66.6337034873948,69.64049550472276,62.63521009546834
