,photo_face,photo_profil,photo_eyes,photo_face2,photo_walking,photo_standing,photo_hand,photo_legs,photo_bird,photo_butterfly,photo_girafe,photo_fish,photo_cherry,photo_tree,photo_flower,photo_carrot,photo_watch,photo_key,photo_truck,photo_velo,photo_road,photo_house,photo_mountain,photo_windmill,drawing_face,drawing_profil,drawing_eyes,drawing_face2,drawing_walking,drawing_standing,drawing_hand,drawing_legs,drawing_bird,drawing_butterfly,drawing_girafe,drawing_fish,drawing_cherry,drawing_tree,drawing_flower,drawing_carrot,drawing_watch,drawing_key,drawing_truck,drawing_velo,drawing_road,drawing_house,drawing_mountain,drawing_windmill,geo_face,geo_profil,geo_eyes,geo_face2,geo_walking,geo_standing,geo_hand,geo_legs,geo_bird,geo_butterfly,geo_girafe,geo_fish,geo_cherry,geo_tree,geo_flower,geo_carrot,geo_watch,geo_key,geo_truck,geo_velo,geo_road,geo_house,geo_mountain,geo_windmill,word_face,word_profil,word_eyes,word_face2,word_walking,word_standing,word_hand,word_legs,word_bird,word_butterfly,word_girafe,word_fish,word_cherry,word_tree,word_flower,word_carrot,word_watch,word_key,word_truck,word_velo,word_road,word_house,word_mountain,word_windmill
photo_face,0.0,79.39164479655489,100.83601268848992,90.09352404793516,89.73922752676023,83.81973576632528,77.06600584193576,76.16990870115036,98.83672383046836,99.69689381683258,102.56271678083168,97.53371189706252,95.78781340574899,82.45001963577688,86.38967245992707,87.91243303464209,81.83567488559534,100.55893489329513,99.19660146206685,94.00150824368401,104.44588794428468,88.0356758202729,94.72183464035108,98.74435493047898,90.33596452970043,91.2237457947798,102.50888653962102,96.8067105456569,89.9900236136927,85.92339326912908,91.72892077440864,87.76104107929635,96.09069203510676,94.09193574946347,97.46754567665617,99.25128042560901,96.94775899454667,81.84836612565901,88.90165918113205,83.10154034826051,78.71976618600618,100.98075138631296,99.61380911442855,97.26022881511298,98.27375379183785,97.85486093669063,96.21775458870742,94.01603122850972,85.79411631575275,86.32858167015182,100.32995761963731,101.56817467708248,81.38230783550765,79.55357182241994,77.92156925091305,81.2203409737996,81.25720185102874,91.86344466143606,107.92491518354187,100.61551352250424,88.23867095235569,85.26051389167083,85.3773576399701,86.27050268553496,88.72362028178043,101.91488897450694,101.64757806579185,98.65056903451055,87.15167098392716,81.08716534932485,96.91049404585196,97.7216796295717,98.31738819678802,99.4339389015976,99.64322464784432,102.40554045154263,103.93223288872323,103.92776251906321,98.96221866285715,104.30700770347732,102.33431675616035,104.02956913903304,100.68815852432603,103.36695373094878,102.83270230903814,99.30197608914003,100.57524280347243,102.70427425822331,101.93853447061062,98.2637990928484,101.89381386704125,98.81333439208278,98.7537110195001,102.2677306351487,104.99248476093213,99.4062281526147
photo_profil,79.39164479655489,0.0,106.16531837467697,90.09493129240093,95.27852406884445,96.86794961310035,83.88091931446688,98.44918979401348,106.83620968499184,104.93602280260991,104.37050030422336,106.45581098756288,98.86778872835248,86.62588956694032,99.32814565444367,101.0640636755209,97.87493174237667,108.54876860415082,106.61298612500994,103.54703816291754,109.92008436519986,90.63144223005024,102.68254670352239,98.23415464405788,103.04778852570789,93.85166886906946,111.36727985463241,105.34427025885665,87.84098399107917,97.73990098625451,104.35494250388331,83.51670663027198,105.30750576179804,96.76241867088608,96.64908746998219,107.74126426799039,98.40221954386735,95.86636125844146,97.8344710597148,96.59836145213332,99.62937353128203,109.83861950282274,108.16620251530269,105.52531843757849,108.26839379018843,105.40631834283006,104.69520913516152,96.58542498851236,87.10679362048137,103.45933838992353,109.20853139868046,107.75439729127892,94.50057590365266,84.95102773247041,84.53118134716689,86.03475928855865,98.66430463261362,97.23440459721216,107.09254894952905,109.49115295716243,89.84324809754962,97.20730392963922,98.67339487855936,98.56161175961775,100.13262121785182,111.15249639979292,110.5439401549562,107.77910612404115,89.96973140746256,84.11498030919815,107.46787963319083,104.5899351845243,109.8624198887174,109.89374960642256,110.37962386407824,112.83820443334636,113.69487011226602,113.91307877783039,109.523841778493,113.86436371485073,111.73156276108215,114.14810010256036,110.54260115147147,113.47552710660368,112.64331030916955,109.65418380364602,111.33850036894154,111.96575440539841,111.78887803936361,110.74930174559434,111.86854884052161,110.01524415197537,109.08754228511778,112.32381628535526,115.70001417633773,109.81597670799108
photo_eyes,100.83601268848992,106.16531837467697,0.0,97.40634152653426,95.59844440241045,97.60020878323496,102.0132182366217,109.38217945943533,84.90273219316252,78.83668848908879,99.27975104902535,84.45030955543747,97.41507662616408,104.54702345769287,105.49117370726113,91.97871594253562,102.60372675472703,87.16716682971293,81.73626920046239,81.1765374617582,76.24688014325417,104.67226421929729,79.89174209147639,101.26157058991905,83.7718504751156,110.11006224829536,84.91895773710566,82.46564511611952,111.66028272344728,97.49399113614669,107.20135925630862,104.07592360697767,84.28581957989839,98.07780609580772,101.14269035968523,84.57840491686417,85.98204969616091,95.5895987654842,98.00869325715058,94.15476408546772,99.69066396709914,85.74787972690024,84.00592743481079,81.95548695926628,84.34674314477617,76.28378743184189,83.35083912273164,103.20460845905876,113.53763450213393,102.20289971593736,83.18483523082038,110.30204405154812,97.34334989061223,104.67455196814537,104.22533253795494,111.66349819201704,98.92154742104822,87.08937903100632,103.9160888767504,83.94430709873991,107.64892296965326,94.11968635727126,95.80396126877893,95.85585775553554,98.12660776148435,85.20225836975182,84.01902942340179,80.60447528197466,107.65520898083713,103.27405554822899,84.68768817952392,102.34312400834634,87.93585431663108,87.80812132134592,88.51372073516653,88.98132187373135,88.19222952356542,87.9072386172587,86.86159294024628,88.44193652730985,87.35083830001555,89.12244286371848,86.78890732783438,87.42117510467737,87.04476779955975,87.32366387261891,88.64863470847328,87.18917144704022,87.11664978981783,88.9833894856724,85.89993790471044,87.869159702739,87.56242730183581,87.72290809163992,92.06557197519936,88.11177470319582
photo_face2,90.09352404793516,90.09493129240093,97.40634152653426,0.0,97.21027482562647,89.32821913142848,94.30423584085796,106.76037592984315,99.86424649652179,97.42768221054597,99.17596880272225,101.56363219818202,98.25653423128395,89.68254928298047,113.93364520551366,106.05685543473015,107.79256109568553,103.74113971008943,100.76577053962528,99.89555349357114,101.5786798348549,87.46202106777164,98.2842861116802,90.90853825317161,95.95521823042122,110.92119792850782,105.19840926561568,95.11688566711531,99.91333789831529,102.83364957953532,115.01539492841142,88.6811404904365,99.63237537818816,85.43162728265311,100.38886492281571,102.24538650170834,91.59870167095552,101.69988475011104,109.95992581179893,103.14098378409702,108.73790120713181,104.47681727785087,102.61362144596053,99.67021227661898,102.9191261777648,97.88935525479512,99.87360946400979,87.60282770655576,104.06566912996828,112.01908776317622,104.13819903500558,101.07272973729137,98.59207404827363,89.73578011077232,89.66824750136618,103.8760023119649,100.65077796729906,87.02853431112412,106.14648653328221,103.95303931201808,94.18896671246908,103.26712032399604,103.39858720295975,104.91871045267887,106.72611206145082,105.37238857225387,103.8200585136693,101.50606995017873,97.28911851737432,89.27610474548179,102.24945237494467,92.10817482994025,105.20364904245736,105.44314238969885,105.57966419854249,107.40754353379565,107.4778224889407,107.61382869251882,104.29815592206752,107.84650091827507,105.90454452860422,108.24791019854699,105.20406563141333,107.25678806959988,107.03690558937188,104.95272324646048,106.32503862170961,106.48183023252251,106.0195636639589,105.91391398103505,105.64787098940165,105.452839984152,104.51812709642874,106.7598178216642,110.16952066498749,105.52086804215944
photo_walking,89.73922752676023,95.27852406884445,95.59844440241045,97.21027482562647,0.0,81.09499590443649,82.5785382034409,91.24369555461162,84.64541460164924,86.32824561289614,102.44637009314961,82.59683625332187,68.57681550713703,88.60995766737858,98.96441035349439,86.70424946032372,102.15964847795131,86.73313505498487,87.05280856745742,80.75474364082983,95.16136415886629,99.88304166723584,78.22716031832267,99.4023346110389,84.05946505649733,96.87720937662014,87.74467843907452,88.61917838121619,79.28799930444634,93.86888025910527,88.75073135530859,85.86316496743193,82.72888832881357,96.1126824667543,87.38523606839883,83.28643492452224,85.62830997935978,90.59691785750768,91.76863631202207,90.42750388069499,97.73785090618631,87.14670193228957,85.390960985571,82.82286057140249,83.98618743517068,89.54405437361599,80.37099873725393,93.95981114175046,103.62261285532622,101.11117966661449,86.33265788820484,100.3280826502108,76.7547012151843,91.85566728872327,91.11645503090283,94.73513409905678,81.93645314705488,90.23476809199838,96.67209174703852,87.15571019211949,96.74867220776952,91.47491594855876,95.97220038016094,94.22370410956971,96.00441499488409,87.42829889444697,87.96354909175398,84.59442991372225,92.84843099777419,96.09330520370028,87.05543835802575,97.00993299894517,85.86223540165648,87.3932904130162,86.8150682936041,89.16832996606959,89.97120419483564,90.22997877722123,85.19329560088052,90.91984574450798,89.02883132403817,90.3177271872959,87.30672031706976,90.1978324770077,89.42488174003421,85.82136650290452,88.75524560121873,88.93507149676127,88.62297165600717,86.42599987221932,88.05611569408404,85.84029550058955,85.41690609326292,89.8161409446645,92.62412005738105,85.9769690073931
photo_standing,83.81973576632528,96.86794961310035,97.60020878323496,89.32821913142848,81.09499590443649,0.0,80.84486219589961,75.7927699350168,89.31276613067598,92.82798650723123,92.0921313960529,89.36703370645976,90.02107067389352,83.84875080692818,89.22338692548675,80.6434232024431,89.69634477402708,91.64929203830363,91.83405687576187,88.15290168394371,96.9362306842739,89.19096964165723,86.71463185550375,82.52814750814012,84.42804390780961,106.75302066097302,91.77875522875003,89.37193080904781,91.73399850147345,78.68365802141206,100.3638361300303,82.55207343093419,86.17963876326583,82.94576688879158,85.63215955726753,90.80914116567476,89.41093350409187,81.85488725890629,93.947889530924,77.46486437083105,88.13408936991347,91.29732493989508,91.66371964885369,90.38688709740113,87.48951444499764,90.396320627294,86.84136301602139,75.26509982098978,103.13898295970924,87.65504916887399,89.90149439360572,83.72497875464542,83.52820604491887,77.86606746422329,81.86252968185616,91.23921696440884,82.48841034503367,84.61577009674751,96.33337397977793,92.23056923427366,87.43437219469641,84.47562989375783,80.64262461177938,80.43081413113798,82.22643135844173,91.6768386766897,93.62021247205678,91.60830694219234,90.58641560760817,85.89667903453072,87.20259008278342,78.87026517648658,89.32370006357205,91.33997132100718,90.81847202229578,93.1756972499476,94.68086510659528,94.74503709208479,89.45671646513878,94.86808464296897,92.66833014715367,94.12512059927546,91.63986342198092,94.42247123571492,93.78956540614081,90.64210157418404,91.76991997023762,93.42097096343346,92.9952726722945,90.63128416231153,92.2968404495405,90.06872954957136,89.19523192632992,93.68441341838994,96.57296062541624,90.09916218846509
photo_hand,77.06600584193576,83.88091931446688,102.0132182366217,94.30423584085796,82.5785382034409,80.84486219589961,0.0,86.83491556881592,99.42093485231487,99.65653831872055,102.68084370856498,97.14790386507882,87.292816727232,84.76304410549245,93.55725369149417,89.12752303145531,96.54810428936018,100.4627845742537,100.07174521795386,93.7102267863714,103.62208413687041,97.62042584687481,94.40087621228678,96.52968905028109,94.1330011123106,99.09540102196578,102.70850935434271,97.32653826562371,86.04347810287992,87.61840486113469,96.06502266889518,83.99492253815842,97.40390930011274,95.28761683795351,93.39344353383113,100.02246847625844,96.71291763007464,85.49848271468102,92.99703941701961,86.32933539085789,92.67595625111625,101.75148923655095,100.09066957350518,97.05699364039828,98.72195874626776,98.14543648520097,96.50024915626783,92.9938887335915,97.9965800807941,97.94180081942534,100.68879197628998,102.69113367135762,82.61733814150315,83.90546894006599,80.00450192315033,89.76817072979958,91.82414098875262,93.7090286566928,103.84677800191277,101.47188537428875,90.26713089967326,88.06455437038146,89.22003236022235,87.99507224853568,90.60215358480691,102.80602137206094,102.53535145169117,99.0504102906016,95.45963129722807,86.33194135331338,97.85158474922517,96.28736052622418,100.30120177370362,100.44072546212824,100.95747734671887,103.34623579373181,104.17438957978216,104.51002401575953,99.80742178202927,104.96382334307961,103.55678634689478,104.54216948724405,101.7769123892271,104.21978509567792,103.63218411693494,99.97872074479614,101.86079555686347,103.07918051359918,103.03332320465391,101.02302815369079,102.46057240124838,100.19535829577177,99.22551718452702,103.64031106808451,105.81658045909492,99.9547254647173
photo_legs,76.16990870115036,98.44918979401348,109.38217945943533,106.76037592984315,91.24369555461162,75.7927699350168,86.83491556881592,0.0,103.31430517978478,106.13071223417661,110.2933571509652,101.87143488776631,101.08637793267621,94.75331097865727,85.38192642199289,87.99563926960093,86.48565349091649,104.74854990744713,104.99280519568818,99.72977859824898,110.28932120123237,98.27957166799767,100.08297821004908,102.41426762051778,97.99148375312484,98.6024164751061,105.82007390060346,103.90346981583502,97.69989449212474,90.30694319607028,91.5560563995843,97.52911191821954,100.63668609317925,102.86127271294379,104.38431760939444,104.22601901547958,105.26324585469914,88.3303725525657,93.87460075525702,86.19055655455453,78.90411769389927,104.74777270284363,104.60643656376246,103.41783877906583,101.5194754315988,103.95702417461789,99.71755844624961,95.61497693396348,94.9458944624465,81.41615464026798,103.30811765383025,99.04529505977233,85.40209469791755,87.13299565878833,90.37014251478524,81.25753240261515,79.91463513616391,102.01157599767657,114.34960305670357,105.31386943423938,96.57267025653334,89.23388134541413,90.86715217085963,87.53428886674793,90.06362098249593,104.97993938475264,106.17508707403438,103.83112869255427,91.75371010684849,93.69601157793723,99.80752698100581,99.94488198253647,102.0564922806519,102.96895821039689,103.36360945978129,106.13747498941208,107.67793661424996,107.73714470526504,102.62924880184607,108.03392331253045,106.14364432261597,107.7208260146874,104.59126297598061,107.3317571505795,106.84511164020923,103.62677760106624,104.12820032409687,106.59659517255692,106.24679619791515,102.49358987436119,105.61233604434403,102.67449054105336,102.18674234202511,106.56032785452862,109.53840011165862,102.85957145692213
photo_bird,98.83672383046836,106.83620968499184,84.90273219316252,99.86424649652179,84.64541460164924,89.31276613067598,99.42093485231487,103.31430517978478,0.0,71.60294501390034,85.82380790940636,61.957319196335874,88.89150047447487,97.43725744275326,92.8802983346303,76.51348632214402,89.29877591017352,61.968618710528084,71.34266608443092,68.71718974831953,85.03576104819489,103.61643376777172,69.07390061555651,99.12231807905707,77.34236241547728,106.97053581852789,66.10802724701531,78.2214333643496,99.210097024114,83.67150398537369,103.75559408384147,98.82783240165513,57.8112011349348,96.95257921494067,83.78107419759006,67.21965983243446,83.47467611948497,84.43959008964961,85.49588857044654,80.05185134815764,89.0930950398636,63.329126743974854,71.21325451562947,70.9858148417027,62.197825571446344,77.2217705875427,65.29735226557527,99.46651950977909,112.97443423640296,87.98712839799065,63.99226182658299,103.8990819290915,90.39032099481203,98.01329475352419,99.54674924173817,104.1732891060634,89.70010395336264,84.40395986341821,88.39541582832616,66.61017355202037,100.64628209475018,83.05646339053595,83.56379948380959,83.12863298048414,83.22817423828381,63.04512773332509,73.52622520113998,71.34940886365617,104.3114021046717,101.13850642994709,74.08466403764727,101.73792807369023,66.79535215526698,68.97673494565295,67.52370121437902,67.98672541163609,70.61971322738115,70.13978122390446,66.15123893450354,70.62515736107743,67.82476080070174,69.39984585968227,67.21056665869571,70.29361018917581,68.87508387363924,67.21018601710503,68.65314273686012,68.4305421596049,67.90231130626438,68.88090461021392,68.45415123769112,67.64985212834125,66.99176880561828,68.53018167489945,73.295651124748,67.06062381746699
photo_butterfly,99.69689381683258,104.93602280260991,78.83668848908879,97.42768221054597,86.32824561289614,92.82798650723123,99.65653831872055,106.13071223417661,71.60294501390034,0.0,94.96148338689115,74.29171680698103,89.16231121821494,99.59335368373749,100.90679075236014,86.42154098452384,97.5126238200549,78.16375688125994,75.9138551215721,71.21763213038005,79.60064596372749,99.94968614226009,73.16770095389066,94.976216289032,78.79757972776778,106.92054640574928,76.1759295734893,72.57055721572321,102.47422906354272,91.71771382345067,104.59052919520492,99.26290256324307,71.51966898911219,92.029430358271,91.19917967216526,74.79036585925938,80.72618300180378,90.2176718845257,92.28791979338331,88.84738110321553,95.02859383920305,77.47066048392202,75.78295063330403,72.90860490812138,73.54143229620165,74.19770451819338,73.34467099978875,95.86237354954962,111.57782515529425,98.65324324322903,74.98995278629386,107.76775406362917,92.5521761867139,99.72634181754812,100.30189382868836,108.52163703868824,95.06018495818775,79.94470282058181,95.67579502137572,77.25056419943269,104.66850926815104,88.65574748936409,91.2127955191301,91.34317094241837,94.46718126493668,77.81316935440758,77.61507090966388,73.46623428869404,104.26224369704934,101.19748530685482,77.96800392713455,97.74277080647849,79.17506079498777,80.01414364440431,79.55783231341395,81.06725089142684,81.95806939737827,82.17282679644005,78.21602538541431,82.20365245963579,79.76158317588752,82.10858596891215,78.66553224870474,82.08664565228503,80.84855553138,78.75861122428464,81.3049485827973,80.14774421884862,79.42626761624831,80.9277044256289,79.54170056807988,79.6828160430503,78.97422669904962,80.65128116361286,85.17256369469615,79.26103817941505
photo_girafe,102.56271678083168,104.37050030422336,99.27975104902535,99.17596880272225,102.44637009314961,92.0921313960529,102.68084370856498,110.2933571509652,85.82380790940636,94.96148338689115,0.0,90.71687297489599,104.58941232081317,94.57316990392134,94.92646430782425,90.1934715633631,92.91486407717957,90.38961112661707,87.84514478129503,92.72445718313016,98.61303848939961,99.86800465258749,90.66303046283402,94.89588805180145,92.62041191844203,118.37005708066793,92.04918532707657,95.15958951206999,101.02670806038375,86.31591701497696,117.6214546506764,95.35861490836109,90.46528721138253,94.12003034954061,80.68133352251436,92.35573578514972,93.82503320784782,87.88870315310052,99.52546267715596,88.23418367693857,96.26657887485302,90.83650769093458,89.1625687941002,91.5605788325274,90.44021898914015,94.60575535593397,90.1844642007255,97.06045415899553,107.63795449211747,94.45489374262506,90.01289192757916,98.68692409054401,104.60440305118799,94.9390950140355,96.45527213655727,103.76430401724025,107.01113026979773,89.31508626853486,83.96108554540609,91.7898447239558,95.45899798675524,89.71195036262962,88.1404137445291,85.9844436587288,88.7387435646805,91.3867562242722,91.6684129622156,93.5020867468083,104.37304739142023,98.94733025785163,90.96233121041791,98.55488396612465,93.82050641813504,94.26425711967435,94.31721825371073,95.65397787415132,96.4017524356669,96.35322590636751,92.8489694435591,96.5103125747042,94.44198357515835,95.57864009089103,93.84825262509018,96.09460632864507,94.942156403152,93.98978393191136,94.99042781140082,94.33244512606788,94.97867492244158,94.41729067139745,94.14868615634548,94.14501357126758,92.92914496265651,95.43799949366843,98.53069686144202,93.6268446329938
photo_fish,97.53371189706252,106.45581098756288,84.45030955543747,101.56363219818202,82.59683625332187,89.36703370645976,97.14790386507882,101.87143488776631,61.957319196335874,74.29171680698103,90.71687297489599,0.0,86.25845539851883,96.70837403842313,93.82296475328233,76.19134322778616,90.62896631844143,59.31073985079401,70.30818591833979,67.58584243075879,85.53962212180578,104.00556150069514,67.45351496919005,99.94283149557529,77.71585208869742,103.7520394392516,58.5983462514656,79.62675762081746,98.20564676596109,84.8046223213436,100.59950028751217,98.90912816514265,64.42615788915903,97.49155101280395,84.84404264487678,60.466689232562864,82.85426997512403,84.19546386547272,84.18430006342349,80.54076661399678,88.2573895316074,59.0106409325248,67.28806484192803,69.83016724633639,57.75429319959882,77.72812223510022,62.16080635479173,99.01885034289762,111.95768063207758,88.23796853791802,56.81615164964002,99.92433678689322,89.81075457637138,98.0771092648653,99.0284332825811,103.44479832944667,85.7030249159774,84.11755682041486,88.88260135741396,62.338794540113284,101.39163978935724,81.55370336829083,84.63338652409725,83.55765313471221,84.19617874159634,59.428732245599626,70.92078324565318,70.09394774249735,101.55184665108567,100.01397239048649,69.78459098176492,100.70125284527175,61.920271413897595,63.68750605230263,63.1889363394728,63.52339422848533,64.50178718360287,64.9285732346486,61.519047262188295,64.90700662080243,62.008476129163256,64.01625284868784,61.86052691423987,64.65008696404296,63.38263395102054,62.19108298753261,64.29788885811442,62.12016737693315,62.72416421899189,64.19475331645364,61.62289422433916,62.38590177912983,62.298940046258494,63.549443699463936,68.07172217342583,62.79047879689123
photo_cherry,95.78781340574899,98.86778872835248,97.41507662616408,98.25653423128395,68.57681550713703,90.02107067389352,87.292816727232,101.08637793267621,88.89150047447487,89.16231121821494,104.58941232081317,86.25845539851883,0.0,92.11515573865063,106.74554858915889,92.96391839995175,108.3898870431932,90.29903050018349,90.04728912642341,85.63770695336957,99.67954567695776,101.75217500562884,81.36811148866622,100.7920511229365,90.13302278879556,98.88697447991656,91.59660475985073,93.88543304008459,88.25942299988448,100.36682986538435,90.38152467035151,90.96155262269029,87.78348307345799,99.57667796095556,91.88103869885768,87.25759108091572,89.86382146019872,95.78139625284358,98.12373951935871,96.74323634911654,103.20119967202453,90.60455755361048,88.57842302982118,86.49989595449482,89.07537324063354,92.5700039072721,84.19640386917817,96.6094987239943,109.65004985376173,107.75840276462958,90.02628155000646,100.47761544536932,84.33861745720365,99.33206146430635,97.59043955978385,101.80380339671547,88.29451662506095,91.72136468184358,92.78611568735131,90.42502165688201,100.69139936619545,96.25805039685737,101.7172696821528,99.80172465144227,101.55377523480287,91.05146644319088,90.58549231088928,87.26278741907933,96.79040321243652,99.51285527653116,91.70802374648736,94.48830707546173,90.17304840887071,90.7800155553137,90.16680459445094,92.91261223601624,93.43336750812655,93.70520782571663,88.55726634299249,94.231882105707,92.5313203728,94.34883533982085,90.9196281467099,93.39370024213545,93.02133926448022,89.17287358370294,92.01516356482513,92.42591217913146,92.34529217814011,90.35931863449882,91.59186403251684,89.863444554308,89.14130796701032,93.21203063266734,96.23666687465172,89.5048371006727
photo_tree,82.45001963577688,86.62588956694032,104.54702345769287,89.68254928298047,88.60995766737858,83.84875080692818,84.76304410549245,94.75331097865727,97.43725744275326,99.59335368373749,94.57316990392134,96.70837403842313,92.11515573865063,0.0,101.48432479223224,92.95937716133928,93.61606658522857,98.81602502939216,98.82389981755836,96.25186103006614,104.62478772337175,88.89082876662401,91.78589027246181,89.87871728559831,95.49454186438263,107.3219548688102,100.86305437754285,99.5471324825348,82.72759832585255,87.0294661426983,108.30797813260847,81.63928153127851,97.69223153153118,87.15403273671252,90.67713693108671,96.78883159329594,92.19667259078207,81.78671392012106,103.00748533971041,90.21920097942262,94.75524721599587,99.79232001828113,98.83036004747949,96.75186945243037,98.31516440522557,98.98267704164088,93.1506109743408,84.63336456672661,98.31340454392749,99.44669135408255,98.58550428674853,101.30899740821582,86.53229321969648,77.42387470497215,76.59448052587098,88.89411430912875,92.7783562888948,88.79271498525382,100.00417404745917,100.16023421450032,83.38252546332932,85.39035080110231,91.14583726187023,92.05819034367946,89.98609373778241,100.6389877450292,100.94447786821857,99.36349997789331,91.97114344485085,77.52698159913285,96.6527779542711,90.46415818641414,98.26293070024721,99.22089305464516,98.8137412857385,102.57813938486939,103.29327707342989,103.34858360907398,97.79967673569637,103.46564153047377,101.40328697157261,103.55487605021635,99.75994858629086,102.97769243067155,102.49015528609308,98.519591750777,100.32146442033245,102.03034048191901,101.68617627105732,98.50389880405262,101.1288879374535,98.62491692203147,97.56869685456158,102.214095428486,105.48449999937115,98.72260334997709
photo_flower,86.38967245992707,99.32814565444367,105.49117370726113,113.93364520551366,98.96441035349439,89.22338692548675,93.55725369149417,85.38192642199289,92.8802983346303,100.90679075236014,94.92646430782425,93.82296475328233,106.74554858915889,101.48432479223224,0.0,67.43329679948238,66.01857092268591,95.46908507784231,96.74056689278754,94.25166086215482,105.82907640815009,105.65590761202722,94.39390359348376,109.47863619768071,91.99472176783902,100.72947352662565,96.38892563119592,98.2846175953091,100.59461670927726,75.20611914120404,95.44054417150703,98.5340266207091,91.03686588182302,106.62685444491623,83.03201223429215,97.57896208520465,104.5282086589578,78.04366569529947,71.37095794917344,64.87130586400224,67.88620195410238,94.49993721719933,96.05818728047002,98.13072125687165,90.57950277021078,98.59292978410035,93.14502275207012,109.34295139372617,91.90979209011812,61.99056071762554,92.17485168510524,100.23691563965144,96.03804418995522,93.24808570545619,97.92622040044596,80.72728861570069,89.90063934617274,98.18842656288898,91.91478891312552,95.38729914062138,99.59383554895885,76.8802312518566,70.2590816937638,62.587717912024154,69.63249686884153,94.07407615847573,97.38085179547036,98.35686701835293,90.1349168560804,101.1614014573665,91.09875806831927,110.93650070123452,91.16120671156132,92.0450122384122,92.84895071817273,95.76573418421036,98.05952794518574,97.7767023350333,91.69034226153299,98.07417301418454,95.71817061564633,97.2684120288313,93.84310002875824,97.71602107249747,96.46924752647672,93.1079449844334,93.26849207862026,96.28942263793289,96.28007593396254,90.89919144653534,96.19360001793216,91.64602469598402,91.94533117047614,96.18549227086011,99.69658811056306,92.10506094499732
photo_carrot,87.91243303464209,101.0640636755209,91.97871594253562,106.05685543473015,86.70424946032372,80.6434232024431,89.12752303145531,87.99563926960093,76.51348632214402,86.42154098452384,90.1934715633631,76.19134322778616,92.96391839995175,92.95937716133928,67.43329679948238,0.0,70.51503377341379,78.50526371408918,83.09375698181636,80.29775898134072,93.47527374938313,106.68095257314191,77.76544576961965,102.3897678591627,76.67329591711622,99.92215043258525,79.26278903554653,84.62495019889234,97.77769807935537,66.51875214190675,91.35434222799607,95.59175058292364,75.02249492300852,100.21922691982789,80.48683456894041,82.15896911920956,89.0948154630162,71.09349721930946,68.27570320395422,48.50433681678007,73.78439900155983,77.5246631644905,81.63283384411686,84.31873859738123,73.82593163740377,84.48917162663287,76.27197975100603,101.14591518196708,103.28321116763085,68.08282455575383,74.98207868198834,97.59761378234909,79.50313275041391,84.84865494865231,89.43943125950612,88.99513696162163,79.71146598183242,86.65445822297194,87.48267758623047,79.51528308595626,91.22715150344254,66.1355201393154,60.39105759331199,50.9946631367107,61.670147277985706,76.7106966660591,82.01390682908779,83.40916948653201,97.12297836125276,91.68944185488753,75.18445584252034,100.3644200680824,73.34453926284584,74.74907267996103,75.2166733771089,78.48366717371127,81.54494089028779,81.13195690222699,73.45681737192055,81.64373019236223,78.79258815027192,80.18886433549436,76.7401735504074,81.25321910977303,80.00853622553612,75.69955140443341,75.66083511555664,79.43526867460417,79.27480805146193,73.89391706285483,79.11424207955518,73.77845610602537,74.39747496857153,79.96438922229292,84.05505889163804,73.9656045911628
photo_watch,81.83567488559534,97.87493174237667,102.60372675472703,107.79256109568553,102.15964847795131,89.69634477402708,96.54810428936018,86.48565349091649,89.29877591017352,97.5126238200549,92.91486407717957,90.62896631844143,108.3898870431932,93.61606658522857,66.01857092268591,70.51503377341379,0.0,92.3146933205637,95.55450266225847,91.24946639097128,103.78411261565329,98.11321589142864,90.66562750424582,103.73822806118129,89.10265700884183,103.37580339830073,93.3407056648142,96.19167301238974,99.82444018768687,71.9577561808567,99.75692928432173,97.57374854506581,88.27758498093543,102.4179501712538,84.7200439641355,93.75620405889386,99.18069359462226,73.80886654893203,75.6158334485396,65.11734327903653,62.2288888249139,91.5302771007184,95.28785135905999,95.44970874909828,89.30024700228994,95.58974054007119,89.79216977206806,102.76282932136353,94.72653353647055,62.61636074932666,89.42892960352444,101.50404720814993,94.62514906012763,86.75476024779225,90.82590189706839,79.04853542706606,88.02502123828194,92.18073383920107,93.81058451713344,92.82172408781071,94.23217177374292,74.06268991209967,70.14376717126852,68.32304804225429,64.98584109256754,91.68636972342897,97.66355870693893,96.10117085816414,91.31754897303153,93.1346608791089,90.81860303340795,103.47252227301348,88.11979832311138,89.29892867727926,90.08533576597871,93.46453001247733,96.0534054415008,95.5792015574263,88.88271196735954,95.59184118621802,93.32713892290937,94.55899153345369,91.18801010636582,95.37468332932728,94.01489497596587,90.55067096718425,90.55965477540411,93.70301511290646,93.51403964509828,88.30092137501178,93.52504178168958,88.71269552167072,89.26058541776419,93.66388015495778,97.41132024696262,89.84681748666053
photo_key,100.55893489329513,108.54876860415082,87.16716682971293,103.74113971008943,86.73313505498487,91.64929203830363,100.4627845742537,104.74854990744713,61.968618710528084,78.16375688125994,90.38961112661707,59.31073985079401,90.29903050018349,98.81602502939216,95.46908507784231,78.50526371408918,92.3146933205637,0.0,71.49773630020309,71.65809810348696,88.2815591141194,105.6450407148609,72.1987385517629,101.79597820542283,81.04068796217837,106.28478018478343,57.98065514165008,83.73312105488486,100.15242086939448,86.03458385570285,104.3725588464595,100.50417570181361,66.55574424243805,98.37508615676893,86.2577764358414,66.32049805082039,85.41458503904683,86.7396820991575,86.40447696184397,82.05224628108957,90.76411256605952,48.239013821676565,70.59011613766364,72.60293480782506,61.25155021126549,78.88875001095974,64.4576779141813,100.8749890058974,112.53334745302867,89.82297749456546,54.68094239645457,101.1674456798705,92.59354377787919,99.1786835820892,99.42827561274254,103.69991918265664,86.5645539039511,86.3735678201311,89.64707763531858,65.74585183625156,100.96180650083937,83.63842652944246,84.53621364681685,83.77964344968893,84.03675129874995,50.44274403362821,71.09761095172053,72.11398376520299,102.65504329912044,100.14621049823268,73.15305024207906,102.24124885849214,62.25848507893957,62.77479646994683,61.18324889915299,60.97367035201927,60.33306773699065,60.615698771566166,60.946722198696115,61.71394735132423,59.15153227324057,60.76119565230743,60.404201253399876,61.36261913639371,59.20239747818409,60.34367527647516,63.003283852727414,58.44846525586355,60.252700035291205,64.52557012392796,58.38493873051399,62.7710016306565,60.103582389128,60.44632573248465,65.1326383258061,60.656009628695735
photo_truck,99.19660146206685,106.61298612500994,81.73626920046239,100.76577053962528,87.05280856745742,91.83405687576187,100.07174521795386,104.99280519568818,71.34266608443092,75.9138551215721,87.84514478129503,70.30818591833979,90.04728912642341,98.82389981755836,96.74056689278754,83.09375698181636,95.55450266225847,71.49773630020309,0.0,69.95715888406374,83.29598255116196,101.67692313719037,70.54661229268473,98.9576725338848,78.68530617387195,107.67422157429924,71.45777514191414,79.78969885421175,100.789804820503,88.48422691497319,104.1914369873697,99.7883934282314,72.0802606475585,96.1507838758425,86.61863257990845,69.6469377806087,83.61436895774587,86.83253516905255,91.64865253232153,86.14463319481895,91.74471030447694,69.54735040005421,60.09231138304399,69.79413944033246,69.01306708002471,74.98662204354284,65.77022628117251,98.7497386250069,107.34046261324146,93.46444221502998,70.22906200664688,103.99163215316312,91.87301561401353,99.83361375961181,99.3488218881553,106.22854857795883,92.02178172296647,84.65986740221285,90.30619946674288,68.86525129828563,100.10104839045684,84.43874067239025,88.77026604381852,85.9760006438367,89.3224367303631,70.2776706192403,58.16820874866,69.03929478827925,103.32724651946477,99.51152304898243,76.0683416778757,100.43595578768131,74.73745360050277,75.55434551552553,75.35304838429165,76.53968696827788,74.86347156260658,74.90924485232799,73.98686101685485,75.56377218510235,74.50561896192778,76.05424407747901,74.71310909473942,74.64244949267483,74.21797787290211,74.7152511627856,76.51274161738867,74.10569501173113,75.20482605501722,76.62125867134533,72.4120914434697,75.36679046921695,74.66142407830905,75.725232754139,78.97976508261952,74.91051467342893
photo_velo,94.00150824368401,103.54703816291754,81.1765374617582,99.89555349357114,80.75474364082983,88.15290168394371,93.7102267863714,99.72977859824898,68.71718974831953,71.21763213038005,92.72445718313016,67.58584243075879,85.63770695336957,96.25186103006614,94.25166086215482,80.29775898134072,91.24946639097128,71.65809810348696,69.95715888406374,0.0,82.07635832848491,100.6168899627205,67.58258996149276,95.57054908695193,72.93913112209455,104.0078940670662,70.97050184836931,75.9092391850573,99.2637979419591,85.14559141020395,98.25961112233199,97.44043444996538,69.37222490140216,96.15932545280673,88.52341488907312,66.3735716319619,79.64230343219913,82.10316495827621,86.94471663451509,82.79417350455486,87.09654186513819,71.40454279905211,67.51957848630342,59.58713878702195,67.8325235589527,71.73826366804502,65.8927263892348,96.58205212556996,108.95919221347911,90.96488252200861,69.34791422795769,105.39666137461046,86.24818221553193,98.04572931353425,97.2212423571594,104.43618052041107,89.1440645254619,81.5500032363842,94.51632902253498,70.39945980698722,101.76047532688399,81.84170733785521,86.40719792078505,86.27079747846768,87.89562070142054,72.11409544096271,71.7417011262145,61.63644946570439,101.20279980983574,98.73781956743072,70.89567388333869,97.37394306921261,73.48466463222995,73.65492177103818,74.18551498141785,75.20774000734335,76.3222547844097,76.17225721874738,72.65423685546779,76.96330449951651,74.29976039787144,76.7535793899736,73.2408343234039,76.09392024699845,74.90786280055077,72.87186618326301,75.58683379862192,73.90730867071963,73.87976917622967,75.30464174614862,73.61413138775004,73.9150491858873,73.16860611255377,74.92072163120577,79.0473330183421,73.46910912079521
photo_road,104.44588794428468,109.92008436519986,76.24688014325417,101.5786798348549,95.16136415886629,96.9362306842739,103.62208413687041,110.28932120123237,85.03576104819489,79.60064596372749,98.61303848939961,85.53962212180578,99.67954567695776,104.62478772337175,105.82907640815009,93.47527374938313,103.78411261565329,88.2815591141194,83.29598255116196,82.07635832848491,0.0,104.11421712732945,79.42541061126961,98.7649526447825,86.31810244375438,113.71252541217764,87.72658068238889,84.13345102800864,112.16740982258813,97.91241052363793,108.86232773225929,105.12995722270503,85.76666608940182,99.20521382962626,100.75448783229446,86.56566598457171,86.95971410819678,96.42312229299365,99.14731909231185,95.9004582506648,101.82917020862875,88.77798580626222,86.61661125250144,82.39790267086599,83.09281723688193,79.62961455462936,84.60281604761597,102.37066340366768,116.27687665008658,104.83168835864528,87.4219437862269,111.62417132604502,99.28952713975164,105.9705009775622,105.96804570053537,113.14392641094021,101.60750080731225,89.27717903550837,106.1249686055288,88.35526782227672,110.05846588097297,95.5903712421018,97.23435839700959,98.50906031441207,101.22997359057378,89.88031625996257,88.38094073042299,85.5589126749035,108.643793940008,107.0320202700487,86.04033748981722,103.31131670518832,92.66109461087098,93.05042417548283,93.13034747998364,94.065751953736,92.57475366870162,92.47278221131477,91.4417446907808,93.36236524245989,92.36497189466917,93.24580242311704,92.02646270036584,92.25365755617158,91.46297709965388,92.6279346446944,94.18547854481857,91.92761736910045,92.46716573264546,93.99003825242235,90.64128971548448,93.15752182477259,92.08919852584764,93.20890302654831,95.65368686030685,92.47888745606794
photo_house,88.0356758202729,90.63144223005024,104.67226421929729,87.46202106777164,99.88304166723584,89.19096964165723,97.62042584687481,98.27957166799767,103.61643376777172,99.94968614226009,99.86800465258749,104.00556150069514,101.75217500562884,88.89082876662401,105.65590761202722,106.68095257314191,98.11321589142864,105.6450407148609,101.67692313719037,100.6168899627205,104.11421712732945,0.0,100.48761843695125,90.31160518008035,100.01855180750096,107.53121324387047,107.00570533393596,102.13389323926307,103.01436931412177,103.66596241126342,111.3193476087461,91.70619297336418,103.44424383190804,90.27444192228266,101.83907556575402,104.76822256885968,93.76142562734081,101.67957296854857,107.08228422606172,103.23299875562853,100.77978790941839,106.95031863397239,103.88737128753682,101.22200730565615,104.50458255952991,99.77676619914361,101.74442609714055,87.93764319370305,98.24668807479142,105.15495363195534,105.9980309491644,102.26423720377552,101.96774933569769,93.1761740925465,91.83584617159276,95.19922662189076,95.42908869010662,92.63456077954604,110.19864382458806,107.03111294070192,96.49080858744902,104.29147791861185,105.2922355075346,105.5736061847905,107.20496042361357,108.2303052764094,106.99281560405596,104.89049706757899,87.54413798603265,91.50257812595069,104.5555046634553,96.38401399021889,108.22757983960508,108.16553605289653,108.63414592011054,110.90166771183165,111.38294194129466,111.32213902176524,107.29996256331195,111.37746534575737,109.33948982328916,111.85655956755689,108.25998066919323,110.84263800032798,110.2097274272601,108.18426455294973,109.79082067571316,109.84697222809562,109.62414720108781,109.38811835567937,108.66517730681508,108.95309885894956,107.79270371062559,109.98974231300011,113.38379416832242,108.5964776474283
