,photo_face,photo_profil,photo_eyes,photo_face2,photo_walking,photo_standing,photo_hand,photo_legs,photo_bird,photo_butterfly,photo_girafe,photo_fish,photo_cherry,photo_tree,photo_flower,photo_carrot,photo_watch,photo_key,photo_truck,photo_velo,photo_road,photo_house,photo_mountain,photo_windmill,drawing_face,drawing_profil,drawing_eyes,drawing_face2,drawing_walking,drawing_standing,drawing_hand,drawing_legs,drawing_bird,drawing_butterfly,drawing_girafe,drawing_fish,drawing_cherry,drawing_tree,drawing_flower,drawing_carrot,drawing_watch,drawing_key,drawing_truck,drawing_velo,drawing_road,drawing_house,drawing_mountain,drawing_windmill,geo_face,geo_profil,geo_eyes,geo_face2,geo_walking,geo_standing,geo_hand,geo_legs,geo_bird,geo_butterfly,geo_girafe,geo_fish,geo_cherry,geo_tree,geo_flower,geo_carrot,geo_watch,geo_key,geo_truck,geo_velo,geo_road,geo_house,geo_mountain,geo_windmill,word_face,word_profil,word_eyes,word_face2,word_walking,word_standing,word_hand,word_legs,word_bird,word_butterfly,word_girafe,word_fish,word_cherry,word_tree,word_flower,word_carrot,word_watch,word_key,word_truck,word_velo,word_road,word_house,word_mountain,word_windmill
photo_face,0.0,95.38061651853722,90.18834553070536,95.76612109771197,87.95346124440829,81.38273170739433,92.17705675038077,80.23545656617071,94.13086518410009,101.32466357148735,111.26500884147515,87.69780494458087,86.65875670547452,106.51114437924689,83.61301311435837,80.40601113605047,90.36912524918407,93.53025628294026,87.91265213159626,100.77628656057742,118.59828014139396,111.63426987701793,95.35988065112183,117.45181579101805,91.2473476424667,91.67156423942383,87.38408048766865,98.60105063850783,88.69020887085357,86.42110177622524,103.65643691288228,99.3517824396776,82.69684367434779,100.26120972433988,84.98297283621268,88.57120006202862,108.48262580168094,90.14961591834982,97.1475117153512,78.74779901044586,88.42684654880337,81.8406178520043,84.13195680698888,119.98086325482883,90.34076462055891,103.68673157505197,90.19758209833654,93.00730591580665,90.97607791473426,79.3104273789891,85.4411123572322,82.69433954177227,85.18531114083488,84.69553698183644,82.70083437909017,81.84506272757298,75.59262895666552,93.22063079017327,80.10519332537123,82.9754953862098,89.84258632778092,81.09953982058579,78.88838249377099,79.9687163328116,75.52253400697258,78.29760105773563,81.40093763001389,88.82169940355554,85.0426603482397,81.46046650768035,87.00557260740376,90.24206572442365,77.80277400743131,77.27648384910187,75.25225815825719,79.02596777516897,81.90513125827968,79.51365645343007,76.15805150550214,81.25829467405227,79.48923015799582,79.35569068775577,79.06171525140782,81.5472945459284,83.62824578356198,76.6211097716247,75.95326942552097,84.27952075621536,80.14170938692405,73.49310379859087,81.13867386089306,76.37794316457213,79.45863320866911,80.59406634746603,83.1936341304167,78.58353151388545
photo_profil,95.38061651853722,0.0,100.99818928358651,104.9808041423875,100.75208594854925,96.00042867651358,106.36694480259035,97.46147725007924,106.39066810329366,110.20167131895002,118.75926800289422,102.13552202778205,98.84944554318741,115.76298650379147,97.647819847699,96.71048334120118,104.50878735856222,105.30452273884435,102.13764463729225,116.31485272894756,125.32632108594872,116.1061199504742,104.69575973613645,122.48587888116718,105.18169278658434,96.37570849392617,102.48230247696169,110.1444679526336,102.81531172367794,99.9615606881052,116.6841297364855,109.49271487295523,98.4525983683782,110.40148666492856,99.3581063619467,103.90235551209643,116.917401687685,107.23324604129637,106.7965469034503,95.62371262965092,103.16118398121661,97.08300692898932,98.77862899682333,128.84992260129508,104.5228919062656,113.92250270872876,103.78402026997131,105.74108346057909,102.68452753608723,96.88831301219727,100.91252063516733,96.71293688761969,99.50446687133457,99.95412880209683,98.1477641678862,97.65076557237614,93.45567158921314,104.76272718304554,95.125610915184,98.83907914684634,103.22138004636214,97.3099337897183,95.56179142341817,95.47560459189091,93.35316984867407,94.98883235370907,97.19206831601944,104.65448169186323,100.4447838673783,94.96914919792201,99.87537052046315,103.01517153279059,95.12922339117488,95.46109210422459,93.09296521118742,95.25992078354818,96.9498073653381,95.30587972627465,93.52878069243994,96.39244206222524,94.97948121431483,95.53966550036657,95.30123490616586,96.96106726233208,98.21769490032186,93.97576201590005,92.97674481400318,98.84426162578,95.97569270316237,93.22119908717141,96.80216738078651,94.02657243196795,95.49393996952591,95.81268118585555,98.91441204134078,94.95364772760567
photo_eyes,90.18834553070536,100.99818928358651,0.0,96.39788101482173,92.77816138967147,85.57940228891773,97.96449941324583,87.24284887091864,91.24571134095983,93.52908446920102,107.78906076276309,86.94299842747928,89.20895331208595,112.29375834454963,88.85604213016227,85.43160371612386,100.68297655289565,88.46694642888093,84.72498073339675,101.82807819388297,104.8311345474151,112.94489544189564,92.73192775660077,118.49628274077695,95.21553785710003,93.3489846658786,83.00588623150978,97.20092963361094,94.61280990800685,91.25830483799072,106.85775370164313,103.48071605662194,83.18553405520244,97.77037941077364,91.31992848079152,87.70233242954535,105.5644220912279,96.99779823523421,100.59409233518858,84.86631953552035,92.54909890220756,79.16651637926557,82.57704102335947,114.70131765791797,91.01456872418669,98.40975008035564,90.32685836805298,96.55805240851876,92.02548041054861,84.19610142813083,80.11276111060074,85.87229337532968,88.99620805292395,89.28914715987874,87.44128207749706,85.4793676804375,81.24738464927663,93.1134816040444,82.15140870809407,80.99262035233347,93.08303641636907,84.97890376781734,84.07625075400553,85.21472834715135,81.06192213226028,76.75410609377084,80.15191255515968,87.40142898161783,90.16815995286701,84.94954611298353,87.30032054132641,92.57053817996966,79.70298087113758,78.93926315808245,77.40223785714643,79.31933246483823,78.9486091028639,76.98580739114206,78.14341483880402,77.70683123728827,78.6253465720689,77.22627270396079,78.43809931209461,77.74438126218304,79.91138985164852,78.17348891747405,76.78742670370676,81.41353319257756,79.94040832117848,77.27744103005817,77.97353919951259,78.83577604252139,79.27362770187237,79.68720409165314,82.27696897755054,79.98628520264468
photo_face2,95.76612109771197,104.9808041423875,96.39788101482173,0.0,98.12976679327363,92.8665399635757,100.77266668410901,94.45376665258718,98.88209347565108,104.64434429325819,114.49926460726503,97.48967035453502,96.45480465924562,115.50587678179164,95.66396538463846,93.61502057483865,105.81227875958673,101.30492146896863,96.18745727876745,110.63727516575456,121.70460118716173,116.66896626714716,103.10027017527916,121.66539247424433,101.73726199017922,101.56722182577305,97.00595508059611,100.5851119543848,100.3350056617137,97.77161113684136,112.71899838587122,108.68921586648882,92.47666444810939,106.13171197630493,97.69428489782662,98.88811684799975,113.56941712927373,103.07358904702298,106.36330374588694,92.79341594093616,100.56601809537831,92.03636292543659,94.28992621669357,124.80281185145267,99.67097345045536,107.99824966052387,100.16744782744111,102.80849532887056,100.05093958201651,91.87144739485096,95.6735543047007,93.44364436534768,95.31763084211354,95.78622053854643,93.86447238835943,94.36957372599882,90.7888031472198,99.2778052811502,90.58427790766147,92.94210709010754,100.58469988119809,93.35552198445576,91.51039243419142,93.61811499781429,90.20874581578364,89.55065708506005,91.24052039738508,99.18220294887094,97.08625296820733,92.47613094612436,96.67239272371884,98.8035105625847,90.76746990836335,89.88054428183808,88.11399463398202,90.31642918297989,92.5061001115571,90.69147836563694,89.27773661163664,92.5127382352756,90.40473057478842,91.04813198109962,91.03809337509828,92.86437418868131,94.8490897149619,90.1962724791199,88.08627065840271,94.90739982388075,91.87504035161932,88.08756933110156,92.25950280805552,90.01693263852708,91.16132731832771,91.6778572270318,93.82045825189579,90.99830649409121
photo_walking,87.95346124440829,100.75208594854925,92.77816138967147,98.12976679327363,0.0,79.22995443822676,94.56923793584835,79.29818501497202,95.1857421778353,100.65108400472859,112.56486027549924,87.72020386933555,84.49119865835127,110.30754865171458,78.8389002924273,79.53541268435326,94.70027566360436,92.7210874031921,87.10603819730939,103.36750304480327,119.22257850827737,115.04257112005007,92.1429210711033,120.14697504245669,90.62016082217632,91.49501082262138,86.09643412945897,96.1255056358646,84.0031960460167,86.44726061219745,103.52164966179159,97.98754946313056,81.35484863166035,96.81911758224261,81.57665192830878,86.14238873717605,105.56884428439619,92.48205904027911,95.31796007741681,77.73149682204074,87.47179754819817,80.38999594809042,83.12399859846762,119.54043036062323,87.13587843035847,102.5277439547843,86.42453351658143,91.74280514430279,87.96566523142711,76.78739956345412,83.89661722407739,78.72365874872703,82.18427621302344,83.29179922436833,82.30318687862025,79.3698619266738,75.43403066532655,90.11669394081699,75.22990313026479,79.0246859435893,88.6237016874429,78.43874703602295,77.79879357992932,78.60071764788056,73.09031297597426,75.80902945640149,78.21887354766749,88.15522253250852,84.31513966525813,81.9989413501323,83.96291555553408,88.83636870535558,75.98003136499167,75.6926344976827,74.0578625211679,78.12552993419702,80.02546204927577,77.19675409152315,75.1582318367952,79.36070719489496,78.3307433339284,78.05972729806484,77.63459426152906,80.5094579796859,82.22062540921593,75.95113146518212,73.88175219886506,82.76418173013239,78.86724960433739,73.01255530139818,78.98226444152617,75.93452866029301,77.54658738878788,79.39852645750963,81.73577789693199,76.83796540283815
photo_standing,81.38273170739433,96.00042867651358,85.57940228891773,92.8665399635757,79.22995443822676,0.0,88.4636095287305,68.41210482130451,88.64565817634366,96.54558142729397,103.67973187378207,80.6725938804933,79.89099627665016,106.4052869637818,70.83363103450414,68.24287809597283,84.54297114839109,83.6172035580225,78.82938058959198,98.38542070960807,117.34190097497742,111.45600945153704,88.01594235987007,114.91054746061401,84.2761955453962,85.30168497849291,77.1113370129738,88.62541219589993,81.11080372324966,72.90506762900738,94.82205629291326,90.82871658050685,72.85320397634041,87.09192730912653,73.96898399903971,79.97512521922813,100.18147009021051,87.40998134059755,88.29721384103593,65.09316906859603,81.38076981738975,69.96518086562303,74.78777659879611,117.1692287113561,80.85560250250894,95.11523494084577,80.5973407816457,83.87769860051108,79.10377706273886,64.916815946376,74.90341754508455,67.99042904709007,74.63410015889554,72.09158465338743,71.87307482040129,70.67083003321136,63.70792981345094,81.93784857365253,65.26276834363165,70.92416692640057,78.27269480606552,69.44780377944197,67.21403990846069,65.84291843524905,61.77341269565054,64.27689987195173,68.97266227544256,79.65887259587842,75.36656775001397,71.09944933371487,74.21620937965125,79.22374154596095,66.08070091237788,66.69000082561068,63.998355760177056,68.05798361586154,70.69853653599078,67.8714184755079,65.00363943485446,69.19393202796856,68.25615732370385,67.80061701257435,67.56756477132583,70.46506957167266,73.05210781838802,66.61727505118148,62.64351476327658,74.03273437036873,69.63513987236287,62.55379127406955,70.14185294606916,65.43344465333789,67.35717674334191,69.44605553645127,72.05506110986286,66.7542111739408
photo_hand,92.17705675038077,106.36694480259035,97.96449941324583,100.77266668410901,94.56923793584835,88.4636095287305,0.0,89.20728689494251,103.38137079524573,106.45371972533971,117.67290841800451,95.32216889883935,94.44517413000887,112.69824914724403,91.62871437442831,88.82674391620216,100.47352821010233,100.15274817781327,96.96891311060826,108.3634163411514,124.62855677244133,116.72135363179423,101.55091808059285,122.89438109882218,101.33429638783527,100.18501316820392,95.03423850942949,103.93151653442872,97.1914500244208,94.614773473221,107.9922914960322,106.16409136115952,92.36063819695936,106.1658551409205,93.71769779817105,96.31087458176276,113.1487349017845,101.949112422222,103.82863953569695,88.48982708878607,95.607070792937,90.64486829199295,92.42213425660229,124.86961482475799,97.35113008544891,108.91477912362026,98.39418445382533,100.57521611933636,100.04975879075867,88.58577017174638,92.99621546747426,91.51795548574536,93.43658011891871,93.9180829019788,89.07471485089472,88.99173498330258,86.97168606021364,100.18091020642169,88.32655030388626,91.10583159745116,97.57148281511884,91.2060814986483,89.38916295930916,87.6183016228216,86.72510987402886,87.92539633058301,90.70998599323187,98.30422620451999,94.51458068774767,90.77458544347755,94.46729679397973,97.63766314457483,87.58162362737248,85.94586909970039,84.89004041475846,88.09498061603144,89.54906648511643,87.63547673486116,85.9415891621875,89.04630369412763,88.41634807453177,87.31268497765498,88.15033260809254,89.93872091179577,91.47626665697383,86.50221083895839,84.91195095353847,91.10869677829287,88.42092207252773,84.52542203776022,88.84991754758593,87.0279912288975,87.5094708192422,89.23284633501743,90.90899472614404,86.91214277437602
photo_legs,80.23545656617071,97.46147725007924,87.24284887091864,94.45376665258718,79.29818501497202,68.41210482130451,89.20728689494251,0.0,90.97083415683828,96.56892131832117,108.4472643602307,82.84307299418167,80.00638379172788,109.7662684020203,75.43750902644554,70.65005403238304,87.7458372503211,86.51775956233338,81.09106733165923,99.16735131422487,118.37872568686545,113.25810803319074,92.44317629942539,117.52088175849403,85.01981488886379,86.5369931528333,78.4353644863438,92.89503478104389,81.54994024558779,79.90797081353597,97.29733813116565,92.79202293898122,75.90762763397322,91.20203920852956,79.73364183156903,81.73483354780254,103.27559478657439,90.0039175934662,92.26398184446766,70.14977365723381,81.79447722981001,72.46871331765162,77.4297340753504,119.26666135324551,82.38446129362875,98.51810882761153,82.72214263689058,88.23291411171736,81.38181959166118,68.70031416361302,76.52093505664332,70.44329485820668,77.24631388759718,75.78589603433277,74.57805877247185,70.92707186396385,65.43344518739009,85.10992153348981,68.90998240435859,72.79293931750794,81.46197350126207,72.6342726322494,71.00332817531721,69.3832944245002,66.19449415595923,66.90156479720133,71.4817247911653,82.49328757863866,78.13289528138178,72.49524394428155,76.85827166042928,83.94112632607636,69.51968978184398,68.39978216915756,65.88157007561168,70.94251268889629,72.5536119270277,69.61392405807702,67.43789234619756,71.66624445079594,71.02260470331414,69.81456345805731,70.51464285488058,73.14606657605914,75.1369986180092,68.55614996654946,65.65027799385632,75.81789373196223,71.7731209296227,64.8494081272467,72.55806834220142,68.25687818063045,69.56817209803773,72.29736224038608,74.93923189294573,68.97927140210315
photo_bird,94.13086518410009,106.39066810329366,91.24571134095983,98.88209347565108,95.1857421778353,88.64565817634366,103.38137079524573,90.97083415683828,0.0,96.71471547750585,107.52766014915812,87.15377945878977,93.23340898795405,114.12282311472899,92.75258347244144,86.89289563919226,101.66690924150511,88.65673433706877,88.0794737449966,103.76362267921162,117.94419714196496,117.30620409916551,97.62867147723475,123.96352042745563,93.73662183424742,94.73872601923438,87.91712518550483,97.39231084192312,95.20593755525205,92.52089256308228,108.08323671886252,105.03270307859884,80.74335106805616,102.25259946039827,91.33144934151943,89.54093056136006,110.29230828781336,97.83642820192658,99.55356555934159,86.73706182725486,94.01709634870434,80.22390739116123,85.09595578123252,117.2180080536859,90.29916597453938,101.97735445549654,90.74939173312194,98.28199424570342,94.88703183020569,85.92356693694333,84.24068631431018,87.1205609591638,90.0985166976448,90.78719281240049,88.12628586213748,87.29082336289473,81.23020041572236,96.13536373578214,82.94952856470654,84.74879697984153,95.46326088687483,86.31420032016335,84.45308108127487,86.54086149581795,80.76450271745287,77.67237680600752,84.19816670585166,90.19258425920142,91.98313119484104,86.14299015237044,89.49106789060554,94.68026045403866,78.46343105530475,78.32137887498396,77.04712577305021,77.9570628902921,81.66282435685122,78.49094877616228,77.92771708980598,80.40353879343964,78.89182237203362,79.38550602972184,77.62360550780919,80.08350153567896,81.52679126754846,77.76900684134453,75.58782975412848,82.62544073036089,80.06340585603265,76.55305249746466,80.41737909306057,78.30129070809487,79.81056567732277,78.44964577075122,82.54750462685067,79.87284966477564
photo_butterfly,101.32466357148735,110.20167131895002,93.52908446920102,104.64434429325819,100.65108400472859,96.54558142729397,106.45371972533971,96.56892131832117,96.71471547750585,0.0,117.40471883057174,95.99621925757229,98.08522480832517,118.96473002411611,100.21720681366423,96.41581758754783,109.57003883994261,98.01811571574821,96.24437412001983,109.0214877360184,115.72519475275764,119.3590267202822,102.66633559329615,124.84207294979437,103.33776606515727,100.30885378721335,94.3584680626944,101.8869239579075,100.24725661497204,100.2746894824557,115.51019369737922,111.4414222006173,92.5755579459078,108.51152095462848,100.71427900459123,98.4532073819048,116.05033297660489,105.51912090975209,107.17722799782231,95.30352303218196,102.652451433119,89.99274473922165,92.89624083121026,123.58496977632677,98.65752641957307,108.05233337093783,98.90953654510726,100.75793548081991,102.36808306847847,94.6881441511206,93.43608776726971,94.90328269439189,96.20619653181718,97.60113352933385,96.37713998626525,96.293719742584,91.76249132462898,102.77729362561372,92.4279399715294,92.71295796714664,103.32699497294111,93.96071342639445,94.51279501804184,95.35283905573648,92.07338873244376,88.78364395121751,91.63148006742163,98.92649035891456,99.40491839951044,94.99415223952401,96.38237050658458,99.52974129722622,90.12149407368838,89.05858285074683,88.0959727920824,89.75822700421888,90.84854001101405,89.92884206556971,89.03824336598367,90.43716021516686,89.4165472435429,89.93622874063266,89.05884908630932,91.27539663365322,92.2670005106532,89.339890607548,87.7981158760181,92.84862335476018,90.45314140799451,87.47889505509755,90.47773726480459,90.41163179843774,89.94540870372471,90.18108221074702,93.7528517320117,90.67751251904589
photo_girafe,111.26500884147515,118.75926800289422,107.78906076276309,114.49926460726503,112.56486027549924,103.67973187378207,117.67290841800451,108.4472643602307,107.52766014915812,117.40471883057174,0.0,106.34430842944994,110.21442578275919,126.60095902877056,107.23628503061848,105.5704010898171,116.44223840136681,107.14748415519352,103.60109155173933,120.00194424530874,129.880172191848,127.06171080705265,112.18935911951446,131.4525061939776,112.30263330810371,111.89960016296752,106.16515142162297,114.1164767334422,112.24848060973976,110.17788846331833,119.63525064162508,118.64252720754033,105.06533688809789,113.71237235634345,107.00368111780526,107.82089341396218,121.80686867372332,114.70778757706212,116.18958426512371,104.55363420069146,109.70839968209553,99.80997130785985,100.52427215346296,128.53330319882403,109.27100481156333,117.38012449412133,109.18285432465296,111.09400340469709,109.2405901621282,104.81692535107521,102.7378844765109,104.46712598955867,107.90662822321121,106.0008166925825,104.75934614141214,104.41061874022877,102.4404903858129,112.17159082168929,102.03732572217955,102.45113373634852,110.41035201544949,105.32170902252875,100.98274480594677,104.67890032447849,101.61190402385147,97.95664889286184,101.76219204803756,106.20997181561903,109.07752310098763,104.59506689191855,104.64726302549286,106.81795673310711,102.86332703020062,100.96406588172631,99.95826986643992,100.95226557597316,103.29850050947228,101.01838457371684,100.83333802811269,102.22600767087752,100.69848763802719,99.79242102578992,101.24237863587004,102.5419564533579,103.37662388562373,100.3052896097688,99.3876686751845,102.76456768041737,101.58929972092211,99.56058812679841,101.42044507658606,101.87787226532174,101.97048395184434,101.1132066208138,103.95335797234534,101.56053328173788
photo_fish,87.69780494458087,102.13552202778205,86.94299842747928,97.48967035453502,87.72020386933555,80.6725938804933,95.32216889883935,82.84307299418167,87.15377945878977,95.99621925757229,106.34430842944994,0.0,87.03686844470451,110.98027255319343,84.89522312820495,79.34612748103991,95.1808816734848,83.19782097704828,82.90458817433667,97.51488696558933,115.13892935206019,114.70715761000885,91.03221541679359,120.43581140636643,90.66675847703428,90.60249147457058,78.21137055143753,96.17830219896366,89.99710575864279,88.02604359333283,104.12407597002304,99.95193404994897,79.27658928376661,96.02956048425429,85.44575010942938,81.94653721957843,105.36540272242586,94.37474530274167,95.77277491899093,78.57973152902723,86.88290167555823,73.30781542033566,77.69922101024223,114.89990103707652,83.69415206085938,98.209221932419,83.50610377513789,93.1951164537686,89.45505388908728,77.59801088856408,75.67309916130577,79.92658642896728,86.22490840244431,84.01906016766873,82.57900186886897,80.55876863410707,73.76771918420319,89.85666358038156,76.07053636929814,75.9761900806705,88.91739384446991,79.04047650218972,78.37531917229495,78.79409065533167,72.99837952749161,70.4076031282723,77.26774992852756,85.25435312638372,85.29667602456347,79.90312534975155,82.01253630044512,89.3530734625859,71.23918405957394,71.1132520549978,69.08161274967976,70.12686350173712,72.89768563765088,70.89181039078805,69.40365869210957,71.72229126172812,69.77423871601796,71.0744778043928,70.91618249396134,72.74820357735878,74.17015291747428,70.05545714768184,68.94054949682767,74.99251643894067,72.42511779428771,68.71516787387546,72.73515454147592,70.27279259233613,72.55761123320329,71.42661864208301,74.01029186310602,71.82155369440841
photo_cherry,86.65875670547452,98.84944554318741,89.20895331208595,96.45480465924562,84.49119865835127,79.89099627665016,94.44517413000887,80.00638379172788,93.23340898795405,98.08522480832517,110.21442578275919,87.03686844470451,0.0,108.51426794655725,81.01758581731542,79.37635185329532,95.18108688083073,89.98718278374415,83.9611858995701,101.39591474308759,118.60272131033314,112.64976642880103,92.73406398756092,118.33274745745557,91.94837665190623,88.7176811516688,83.13830376070975,96.73603203349073,84.25937223168226,85.85072355441862,102.4524249819979,96.22450410840749,79.52045808550463,96.34370032736317,83.60202555769065,85.18679416882436,106.57976058142835,92.2758537253181,97.92381225147611,75.82239915170169,87.63872625706095,77.93410687482101,78.87429987124396,118.6847104783255,87.3727517453636,98.52281820643046,87.60547124348679,92.61570153888096,88.33810147241299,77.80784122911984,81.26552858459836,78.33616894247568,81.24372090494256,81.43373738231544,81.51891398977111,78.81871578241761,74.38442609643052,89.20886878550208,73.17286120720098,79.43873312061548,87.0357023347919,79.08453522139845,78.19700014671696,77.54378101098524,74.78730183453179,74.101491369292,77.10707706063491,87.29110686760826,81.54410445515194,78.73565695712213,83.53078980815133,88.86579931650898,76.57309789844142,74.3856734536385,72.32351279791237,76.19792245640942,77.95079646804798,74.63082567400792,73.75518532139846,77.07768892084314,76.03068703623165,76.81490351038174,75.79405802181606,77.91637134173996,80.66243000317758,73.22960541046484,72.33315159824441,80.47368782293738,76.57723601644378,71.6494858112987,77.0082691316554,75.16187803441771,75.63825531265243,76.99290591186873,80.62208162594915,74.99660791143123
photo_tree,106.51114437924689,115.76298650379147,112.29375834454963,115.50587678179164,110.30754865171458,106.4052869637818,112.69824914724403,109.7662684020203,114.12282311472899,118.96473002411611,126.60095902877056,110.98027255319343,108.51426794655725,0.0,109.39012089631939,106.60044747694802,107.85707412547144,116.68623573762152,114.4798371105909,123.14262714180988,127.81871651402847,119.284146125999,107.055237457875,124.39306826279892,114.28209840463192,113.65387675841758,114.48839397029543,117.93735204253076,108.16503820261443,108.82529114803839,125.75648168626475,117.95312314668323,107.89175322193324,119.70190131729305,107.74785203566823,111.40542654634295,125.05534110402346,104.98064475542654,120.60456418522809,105.27926236238402,110.43280336353848,109.73215735473292,108.98067335369414,130.86100260201061,114.63368724713769,119.21979217842251,111.98484442071636,110.93880864226595,116.83148607655339,107.47096508551047,112.45642371257998,112.50011547014064,107.65530307354702,110.37426988793221,107.79676544002426,109.3540773938854,105.61897528184774,113.17684750559764,106.97092810454758,110.14667282778055,111.56208936815796,104.96252536423147,105.72762019162562,107.1749141758069,104.31856772869482,108.29685865025515,110.10327022317512,115.36462878940978,112.71137146252839,108.49735398929192,113.54328230848515,109.62929842024242,105.76658786531274,105.61712898743367,104.79467768617909,107.39159090750569,108.19186698336786,107.28803077622769,104.86876161279999,108.56196188660992,106.58099327696114,106.95936078766306,105.73737583120284,107.58788052636216,109.32786867848087,105.47920393700687,104.16617953536651,109.65747187646046,108.62918871326072,103.04536962160964,108.04253897247352,105.80085816406644,106.18783748539688,107.44291941213136,109.7898177986535,106.77618712909322
photo_flower,83.61301311435837,97.647819847699,88.85604213016227,95.66396538463846,78.8389002924273,70.83363103450414,91.62871437442831,75.43750902644554,92.75258347244144,100.21720681366423,107.23628503061848,84.89522312820495,81.01758581731542,109.39012089631939,0.0,70.43295723919525,86.26381574858603,88.29392357675685,82.53597538847447,102.24319815159028,119.75775117303644,113.42997323903695,92.05316714311984,118.5374017783406,87.62532843726245,87.699432202449,80.99967338271362,93.45773860122522,83.12520983389021,78.19030484758161,97.29696844793685,92.18528498653062,77.17223175003103,90.52358501312705,78.4078161238841,82.49011880758741,102.94473482266368,88.58120039939219,89.70880514809383,68.24521049189175,82.19189038101716,74.48094620577427,78.63166100797046,120.93726893977502,82.75147577881172,99.37153832989137,84.46384853757463,89.91447516630345,81.89660652968199,69.93179188421533,78.99038382864103,71.88828344125982,78.52553054291856,76.55955077232515,75.6637425275302,73.54217632406169,67.54867646291092,84.23471888144721,69.2884134065456,74.82692833909779,82.05015699298576,71.49659101947738,67.87051053535453,69.08605948712103,66.02093185397494,69.08284078223323,73.14995178845385,84.37978490076443,76.67433280565145,75.04527037118635,78.05873667276013,83.49477043719085,71.93392595833546,70.89252046326966,68.55853522981093,72.76989459353398,74.984097570701,71.70953175923695,70.61326985745626,74.50029923416047,73.10431032959981,72.92398612046932,73.2299205833866,75.75814193238281,77.52309837491055,70.2339535811247,68.76353810664217,78.3461989834982,73.97973741927052,67.54034341158591,74.25459526526132,71.01875832328136,72.13512206613458,74.16426180630484,76.39197952119552,71.71268521097663
photo_carrot,80.40601113605047,96.71048334120118,85.43160371612386,93.61502057483865,79.53541268435326,68.24287809597283,88.82674391620216,70.65005403238304,86.89289563919226,96.41581758754783,105.5704010898171,79.34612748103991,79.37635185329532,106.60044747694802,70.43295723919525,0.0,81.40485104975988,83.43482723513087,78.08889499133842,97.44965590660068,117.44828911261548,111.62338445506889,88.8534612069693,118.37268413039351,84.06362736117558,85.48708091348364,76.4653827583974,90.88658585276248,81.76519336606792,74.8776135590019,95.34848846853572,92.18202155980156,72.25384478911347,89.301271990426,75.00840025977976,78.79216770972327,102.31961145374797,86.34274250877715,89.57425852249386,60.29859903404328,80.93441063461906,69.28998410206235,73.98437506006752,117.38155270990285,79.16163698719076,96.20492516824079,79.69475932865124,86.94574540598006,80.79248762550256,65.5240749545668,74.18186868193405,69.79529899267808,75.99470131496116,72.64006724182687,73.23894715756362,70.75507668373778,62.21112905723082,83.83786141727548,65.32934928935785,70.10911946922965,79.04604450009256,66.80673748173086,65.90222758863119,61.5410157186052,61.24806127092957,63.44266064478512,68.1639696653737,80.36343933747155,74.87638991988509,70.75436542303463,75.53787240847201,82.21871323172968,64.73899876754203,65.6150347967641,63.16971950272094,67.36733160607412,70.09772033684395,66.5076477603071,64.0181963228062,68.97242017894796,68.35240324083829,67.13607203571866,67.88676112885999,69.72241265343949,72.28186206348781,65.17075603504635,61.75758223802719,73.67514388600291,68.5807272660945,62.308474327346076,68.96420103547764,64.16274981743773,66.91313737868036,69.00551054374463,71.59812676498316,66.39561389317355
photo_watch,90.36912524918407,104.50878735856222,100.68297655289565,105.81227875958673,94.70027566360436,84.54297114839109,100.47352821010233,87.7458372503211,101.66690924150511,109.57003883994261,116.44223840136681,95.1808816734848,95.18108688083073,107.85707412547144,86.26381574858603,81.40485104975988,0.0,100.42580258471041,96.47294377234682,111.93675485687345,125.81453464285322,117.98958929211521,98.63567577851951,123.17424160336101,97.52154737828236,99.16007079999076,96.26561854661526,104.42584398790162,94.0629510357232,87.38940196318035,107.00458778045486,100.80951754112036,89.08254253609277,103.81176953933691,90.36485948312303,94.4776306276861,113.20331854723456,92.94810117584122,100.5734337872705,79.23647360723025,90.83463016438476,89.05286415042647,92.04836827086078,127.29719872404085,96.29348768829557,107.7480269653619,94.45678825277338,98.21352389359623,97.75930704939225,82.83712707879243,93.47591546874567,89.46563319650903,90.35898570815763,89.31152871994053,88.95024567097349,86.56887166983861,81.06254050817375,97.06042047453262,85.58031723974399,89.0132901538507,93.20687167291746,84.7740549431746,81.42350603635833,82.03833809250854,78.17845215872659,85.58310099240533,89.65469465355132,97.81286302971255,93.71443957843934,85.74268299039323,93.75525575075753,95.6548069710879,85.0586795300526,85.11937689435358,83.10217719431046,87.55543599792043,89.50169564091885,86.49458374690228,83.69043517459748,88.96723205266547,87.08816399739501,87.30052255875056,86.91430210561481,88.83635913958751,90.97490962801893,85.09513337601997,83.34521987099566,92.04261240598659,87.50089577831504,82.03010348701515,88.79881083510884,84.43955571883785,86.21278834293396,87.62811706783087,90.45487670555153,86.21355371012523
photo_key,93.53025628294026,105.30452273884435,88.46694642888093,101.30492146896863,92.7210874031921,83.6172035580225,100.15274817781327,86.51775956233338,88.65673433706877,98.01811571574821,107.14748415519352,83.19782097704828,89.98718278374415,116.68623573762152,88.29392357675685,83.43482723513087,100.42580258471041,0.0,82.89095345642356,100.42406250854229,116.66053523404507,116.84830171377133,95.2955498972496,122.62271440340878,94.81198553362967,90.9204594588287,78.23951502947723,98.21571677418,93.63249682695246,90.98726642668588,106.06167074047775,102.01890343583334,80.29277612861907,98.03164946960165,89.04647960588117,85.44676201479162,105.64662420961768,98.26256446911941,97.893605831801,81.8039505298666,90.40482678062722,64.88735840988303,79.32478432031607,115.22017137538425,87.98404919447424,96.49835403207229,85.12902106548839,96.83280832232904,88.28158494990392,79.97643495145189,75.20443063700223,82.7282565503326,89.03581808331722,86.50645297354619,84.45679353524771,82.21116474022011,75.49752055178244,91.76398453863143,78.27233406227145,75.79478706470044,91.28977780240383,82.78074418894028,81.21269342428222,81.28374363012415,76.28982655972855,65.81148957821009,76.38807117274082,84.94450149450094,86.64062252765402,81.24086619873266,85.34017125579427,90.77032428735951,74.22921595724522,72.36626090044165,70.22074191331295,71.67029483896683,71.97242286691825,69.1095505925466,71.28017141895222,70.79521003466391,70.7294065644044,72.21661090474802,72.12449395419554,71.90406649605444,72.37609375924087,70.84229027352376,70.54545805983058,72.31641911326884,72.6415598283989,71.58895268632368,71.0599523206132,72.92213982128115,73.23812467642819,71.88652239749773,75.71255566010612,72.96460761669123
photo_truck,87.91265213159626,102.13764463729225,84.72498073339675,96.18745727876745,87.10603819730939,78.82938058959198,96.96891311060826,81.09106733165923,88.0794737449966,96.24437412001983,103.60109155173933,82.90458817433667,83.9611858995701,114.4798371105909,82.53597538847447,78.08889499133842,96.47294377234682,82.89095345642356,0.0,96.9867863883758,112.5128939676269,112.384588456719,90.8623468459138,119.5320979892287,89.75253786755682,87.24485600326601,75.35771777554628,91.46435117574003,88.65376194625634,84.03238588461467,100.37586716775381,96.52156570524055,75.94170598646964,93.1975603078913,83.04740433174774,79.85533561129297,104.46417825976788,92.92127605315993,94.6002155699402,76.23096620120121,86.45215548975446,69.24570072506603,69.28070649389197,110.69731342595995,83.2968134921232,94.43947073231165,80.86364312942808,91.6674267602779,84.12033541824795,74.4654737912577,74.26699855533892,75.74385214239078,81.65138826230738,80.88421973869396,80.00263450250517,76.22823801621566,71.21918612305033,87.97823521889138,71.7099093191199,71.06960785527714,84.72986392571791,75.65811207797663,75.99352052002652,75.75276651776575,71.33734437787228,66.91918504327198,63.41053773225529,78.24646323675799,80.75412432033164,75.95069036085815,79.32263501230769,85.62188841152516,71.73112156207979,69.83590847841457,67.65806275420852,71.58126643469221,70.41964246091541,67.96747573362153,68.2174935044512,69.12816047510972,69.22964711960996,71.42966787051,70.8183498539511,70.25609654115691,72.30471372837167,69.40636401089291,67.12909272081276,73.62254285547816,70.59637338588321,68.0474874648561,68.77755077886391,70.21710920683003,71.49393877805181,70.94197729056592,74.3843931593314,70.22204677566353
photo_velo,100.77628656057742,116.31485272894756,101.82807819388297,110.63727516575456,103.36750304480327,98.38542070960807,108.3634163411514,99.16735131422487,103.76362267921162,109.0214877360184,120.00194424530874,97.51488696558933,101.39591474308759,123.14262714180988,102.24319815159028,97.44965590660068,111.93675485687345,100.42406250854229,96.9867863883758,0.0,125.23900052120428,122.82270685903251,105.40577556784056,127.38394262888457,104.56205555320861,105.29105610258708,94.9184699125695,108.97522256351647,104.07013270697576,104.02599678513941,117.37362452081814,114.35798069082425,95.76365968455164,112.00444130499123,102.85149392202827,98.0571369344329,119.77790972225783,108.25086217467995,112.02959463000843,97.04633645335636,104.97581304915744,92.65173871548177,93.46455345689797,114.92311079853836,103.740329468063,110.91695091404442,100.33107109773003,107.16217275439307,103.80069531408071,97.07332861264196,94.66948899033092,97.94190674740312,100.23766056473376,99.1452159221472,99.5038210575976,98.25492999770324,93.91035488523279,106.33015734118425,95.6055979366511,93.4651058000457,105.49625831828769,97.59565031488172,97.5548342195153,96.99077881015221,93.86291677444918,90.50524576103905,92.18411853520732,93.22848124648834,100.60497712432095,97.29268129570457,100.24887028495698,103.49803079407734,91.76858042936489,89.3496929269246,88.98396906807429,90.46406304209388,92.5537853405736,91.31714322101858,89.46513352119395,91.84476763019175,90.14592744174504,92.64719522287949,90.09418061756317,92.87187284760716,93.99033943006086,90.30594768887373,89.96477830124168,92.04595116136218,90.40382932419551,89.54031440986168,91.94675973951863,91.08345253430372,91.61007898324868,91.20839058471852,94.01917936559818,91.57971861825078
photo_road,118.59828014139396,125.32632108594872,104.8311345474151,121.70460118716173,119.22257850827737,117.34190097497742,124.62855677244133,118.37872568686545,117.94419714196496,115.72519475275764,129.880172191848,115.13892935206019,118.60272131033314,127.81871651402847,119.75775117303644,117.44828911261548,125.81453464285322,116.66053523404507,112.5128939676269,125.23900052120428,0.0,129.3855860322061,109.94088897822843,132.1782584311944,121.04625346317034,121.46946643440249,111.62386636304859,122.61463268867715,120.52500840692589,120.0543238011375,134.08240169670157,130.30782551561546,113.075511389879,123.1335548587786,119.13734884102735,114.73026127727665,129.219758448326,120.90756618309649,125.69329764778642,117.10560359589064,120.17312154639262,111.20305238496677,112.07289557612229,128.54550568724306,114.86171523745422,119.86433789584818,118.0913927573573,119.76121176535501,120.87027794617691,116.50393229333444,114.19589913672607,118.40331881227048,116.43301193442475,119.42921868342331,118.23756018281317,118.33919959670392,114.66360570646063,120.24626924870262,115.46917448261044,113.11527312566102,121.14795151059955,115.2277428225805,116.1395099860718,117.66583652476352,114.03413966511948,110.66788865445383,110.94354586162062,115.96778192506851,119.57568801089705,116.66962846145871,116.67618479644605,119.39720016109273,112.99354092247971,111.92766196577595,111.6207747527413,111.511616470781,111.53107248640029,110.30519954885122,112.06413630467317,110.38082373368863,111.83153959465747,109.93809578171684,112.1015892267975,111.54463651978296,111.8224324154943,112.62089783461956,111.1094207463138,113.30826595189001,112.27229626190105,111.2545931253399,111.18213666830935,112.92373921962897,113.51627525518526,112.05804419946723,114.25943969075645,113.70585536015676
photo_house,111.63426987701793,116.1061199504742,112.94489544189564,116.66896626714716,115.04257112005007,111.45600945153704,116.72135363179423,113.25810803319074,117.30620409916551,119.3590267202822,127.06171080705265,114.70715761000885,112.64976642880103,119.284146125999,113.42997323903695,111.62338445506889,117.98958929211521,116.84830171377133,112.384588456719,122.82270685903251,129.3855860322061,0.0,112.85926820918066,130.24882518210092,117.6779774482647,115.84132903249903,114.11025236640221,119.11167576405929,114.50123823433537,114.70379118558245,128.4772473823965,122.08649222058693,110.20012558519265,123.2859757979003,113.67126971998368,114.63999726430703,126.79027075554922,117.10288493035638,121.81397706829492,111.15839267423091,116.25765921938152,110.29202986587786,109.69567833417933,131.29636145121484,116.21599504567493,118.48244264278448,116.0221978606942,116.32757687004623,117.14283737577198,111.26934357760153,113.48347180363633,113.1731904390874,112.23626322919499,113.85040306349988,110.49083970102573,112.94581103200295,109.77813563960005,118.73695724704397,109.72721667763969,111.64240109838177,115.85104130283113,111.61900416811308,110.73751066027314,111.8559836691491,108.94734596750394,109.6523113933765,110.23840295147266,116.49101187342082,113.10073644961616,109.21556849323382,115.45100021521962,115.57964484730724,109.281952865597,108.79388381768787,107.65950026374675,109.77880352603498,110.20086776664999,109.13644339965225,107.21171002424002,110.33246590660428,108.90802105791516,109.94372320265616,108.71167029376859,110.71347600131273,111.10663958944482,107.99414661289885,107.57315269719719,111.82734336286244,109.85554683255339,107.28389488505097,109.77411467949089,108.81145357906897,109.92683973469273,109.17227978453495,111.83126736751167,109.18996163544057
