,photo_face,photo_profil,photo_eyes,photo_face2,photo_walking,photo_standing,photo_hand,photo_legs,photo_bird,photo_butterfly,photo_girafe,photo_fish,photo_cherry,photo_tree,photo_flower,photo_carrot,photo_watch,photo_key,photo_truck,photo_velo,photo_road,photo_house,photo_mountain,photo_windmill,drawing_face,drawing_profil,drawing_eyes,drawing_face2,drawing_walking,drawing_standing,drawing_hand,drawing_legs,drawing_bird,drawing_butterfly,drawing_girafe,drawing_fish,drawing_cherry,drawing_tree,drawing_flower,drawing_carrot,drawing_watch,drawing_key,drawing_truck,drawing_velo,drawing_road,drawing_house,drawing_mountain,drawing_windmill,geo_face,geo_profil,geo_eyes,geo_face2,geo_walking,geo_standing,geo_hand,geo_legs,geo_bird,geo_butterfly,geo_girafe,geo_fish,geo_cherry,geo_tree,geo_flower,geo_carrot,geo_watch,geo_key,geo_truck,geo_velo,geo_road,geo_house,geo_mountain,geo_windmill,word_face,word_profil,word_eyes,word_face2,word_walking,word_standing,word_hand,word_legs,word_bird,word_butterfly,word_girafe,word_fish,word_cherry,word_tree,word_flower,word_carrot,word_watch,word_key,word_truck,word_velo,word_road,word_house,word_mountain,word_windmill
photo_face,0.0,82.50914345251654,82.93563854481008,78.12405652080595,79.087058872539,74.11162940255225,72.54354520615844,76.58463606547538,83.00885051418037,84.51451903441273,83.14566255890159,80.44775867008735,79.1520471494653,80.48166283890126,79.66758925759966,80.12002979395064,75.27054137737636,93.13064227408881,92.01180745814845,86.47016112949572,100.85736391926939,92.00196976028555,91.80473808834788,93.39649574375576,77.99044021297792,85.278294752094,82.99562167861119,80.05201409659071,80.19974912468228,77.89533730937977,78.42145708661567,79.71476940471737,82.31209395585998,92.55171427588989,78.94354177033563,83.62757459754896,86.91914023883108,79.61309407190898,80.5097355317188,81.5165437522486,76.72528700268164,93.13895828969669,88.57097865741342,85.88169197105904,85.29048227046958,82.03081941805829,84.04435818007535,92.76665571580702,97.02764165236509,82.10899229732657,86.02577641213045,92.00110370589752,82.54337544753774,83.8618017583758,83.26586036374574,81.22534352517171,83.86580997303335,86.32355024032795,83.09809422652933,87.75342738106305,84.20947039913015,79.27206762874607,79.89061122861737,84.81464882739843,81.9214409801197,88.09908981452385,88.99694591803119,86.92486873540548,92.63757881370555,87.09106869391344,84.24405487881407,88.22937255063522,78.5257580022437,75.97918476458791,76.0335197571049,77.31692806940985,76.55924961795445,78.15406029699459,77.08768424723425,77.46279530401915,76.47422207284343,77.88579521816523,76.61857965447909,78.32908218632144,76.80961892593413,75.22357905677455,75.92828023096975,76.96225637065568,75.85374853490462,76.63241871922358,78.31343394083562,80.15631371582404,76.07928594018595,77.5766910331781,79.14114953732789,75.52233871830785
photo_profil,82.50914345251654,0.0,91.6303121084884,87.52368345229335,89.26107884997364,85.96907396567994,83.23662861374447,88.28651286162403,91.16667156706615,91.88447054592936,91.56585086158182,89.84200074076742,89.74264166350275,90.01187009118762,91.6941917299804,93.20859473946625,87.18713025611322,101.11974303926007,98.6628396977221,93.54114192192729,107.29388257517807,97.05497440613145,98.70741942343638,98.36879473857041,87.00157672800844,86.02773484963468,91.00101526672674,89.73111714413166,88.55142314899277,88.35560402962267,88.29660983231344,88.42037732070848,89.64136078684845,99.38402747148982,87.65983179479704,91.68426076215077,93.60242682913638,90.76353087622411,89.08077753873428,92.66673961470168,88.22438087881397,100.82158678724176,95.76477965811246,93.07058503901163,93.62701856152766,89.41722145207768,92.03537451524272,98.85482706244565,104.09665105418976,92.71728272022301,94.11893884243972,102.09487936265526,91.77985363970599,92.95190858778737,92.50461329230984,90.77440457329766,92.41652854940132,93.7235723646773,91.80520214918121,94.79149577335878,91.45196362784574,90.38203217865176,91.67506778703907,95.45948348841073,92.40911654732217,96.09017275432751,96.60823141203635,94.55263657211654,101.36024284893722,93.89302597937642,93.1207371267519,96.09863961189856,88.0531206600008,86.0271075906322,85.93266023897564,86.9858674662077,85.70064502530215,86.8991727798754,87.22453177072529,86.45432263575117,86.08129710880424,87.20604739452558,86.28431900938965,87.34839539560221,85.87204632069196,85.29478132006015,85.83354927416175,86.07955387463365,85.42611916827532,86.60467816779793,87.28265625260217,89.5222653631646,86.3196226035069,87.17625736258334,88.25753558257485,85.50268483266774
photo_eyes,82.93563854481008,91.6303121084884,0.0,81.13074283454338,85.36150516200432,81.52801751084517,82.62523192519603,85.39212212267408,83.22258655701967,83.1164438596284,85.26676368678083,79.00711063415949,85.22645412486784,87.46741080080142,86.9598750397478,88.38370802134718,82.88794362781918,93.04711961842477,90.0269377723431,85.36356221904342,90.44018051976137,94.48332861587248,88.8073036796501,94.13443210053376,82.28407006673093,91.44726216056945,78.13015772021149,81.93323219994609,86.26017092191498,83.32790648643414,84.40990146950774,85.33327825133598,82.43436305169823,93.53432506064323,84.38751222494368,82.90710848083427,87.27790850867682,86.25287346237285,85.52802031881988,87.63082139071322,83.44269098348204,91.84705647305938,86.95711379215915,83.94489409308916,83.63866940274515,79.01035739865885,82.68257974738408,96.23498296286125,100.59530671498129,88.78721117685261,83.80902780449426,96.58157891757116,88.60041640709584,89.81183080045511,88.97735203049741,86.42668824373114,87.91458199773393,86.76900496936514,88.2528521849628,86.27664645326973,88.62436331950485,86.4441997723537,87.52720765860349,90.45557290383482,87.08690635941676,86.9784060039512,87.02336777266095,85.63221899286445,97.9760402832168,91.79055515786416,85.17052165206053,93.31994929257618,79.31743804924896,76.56467105428575,76.82827492877708,77.7319271463808,76.17650731229541,77.89949500837142,78.05719416194691,76.94684826054623,76.4067776453184,78.21911752539731,76.88962333886528,78.14127133596068,76.51962866603837,76.39127839898215,76.48492235669715,76.69423458960998,76.08906352747768,77.11442533388694,78.34018152336604,80.9357898647918,77.1813299234273,77.96701252610568,79.32646697581353,76.40684705483926
photo_face2,78.12405652080595,87.52368345229335,81.13074283454338,0.0,84.29299732288446,81.08256561813164,79.29471365499205,83.54999734957629,84.78633122302908,85.66300682886848,85.97639774170808,82.6125185291659,84.51266043639703,86.40104433819225,87.35224283547359,88.60802636410378,83.32958146607294,95.27032341893556,92.65287052857164,87.39036066108824,100.21914753373514,92.44990187531577,92.67394465709235,94.38849723314648,81.2953002114721,89.85867349075119,84.5619210204304,78.3345338236242,85.63985924237939,84.17322215911959,85.06350007141545,84.40651064407011,84.49848733428891,93.14848683126557,84.11063618914059,85.13596106996053,87.8924605293794,86.27895830368534,85.38259865175687,88.8329379547105,83.89261714897779,94.82686101922798,90.11791122191565,87.22717751214917,86.93578125192828,81.56515362745317,85.20699677643903,96.63468025666995,98.1496480779284,88.39648023032504,87.58556655447104,95.84786797674798,87.964919921723,89.55386766943356,88.45935895318252,86.4855049988501,88.35297663777128,87.43271890911926,87.97864634161522,89.2454606671379,87.93131529858552,86.32490221834742,87.23250212659286,91.36134245704288,88.27457051958399,89.60103899510656,90.54151268392822,87.97535632068092,97.33272968803188,90.14041234736774,86.84669087141704,93.11191766297553,82.29203690903553,79.93397769284381,79.76752598963108,80.45685146124607,78.7063711059966,80.22362436152166,80.55375521709668,79.62500834624454,79.30870887349376,80.09492528373355,79.9064658056902,80.47957946933607,78.96575900293966,79.04540600024677,79.69271774433263,79.02310918335074,78.86612910443463,80.27794928383848,80.59978046530597,83.51182372248523,79.43652186354565,80.26199603675897,81.38149328498243,79.18493734019475
photo_walking,79.087058872539,89.26107884997364,85.36150516200432,84.29299732288446,0.0,70.91543658272799,76.69652913705669,76.16487809603517,80.09593031439401,83.25454035431424,81.89269231721647,79.2149191573747,78.27585539018393,80.63279863824788,80.15567076540704,80.53634169618637,76.22544708490504,92.25642632696399,90.40462862258057,83.24959678497828,100.0052345965535,92.0767191910694,90.19634658213677,91.81604319770067,79.51635085145121,88.0580042862518,81.44548163275938,82.66894331462538,74.68385169324708,76.0808862888913,79.79853466117608,78.97981453052873,79.037090526999,92.17949778591864,75.88630611410227,81.15113727885806,84.79593228868374,79.39006110923859,80.22334231258324,80.74699813509473,77.88281812502949,91.33337908961578,86.4785706691393,84.54623226304494,82.91070036409697,80.16168532982566,80.3731227581054,92.87038021617553,99.57427895334082,82.21607182786042,84.62814133920719,94.00616287257893,80.34780954731968,84.01977009164267,83.56507141091346,80.84952562387808,81.0479935660581,85.66493686977532,81.66603604333383,86.11314645980946,82.65055501506947,79.49021588068914,81.28276400819325,84.39122333979664,81.29370093374311,86.14589784346953,87.41225326913414,84.88334428843866,93.99394736268025,87.61061228264973,82.93004334285202,88.71615704594828,77.29693933671447,75.10587083670113,74.61638922173027,76.47270190910282,74.93890228833389,76.49187687934848,75.32312282090363,75.57293455138849,75.34333417214994,76.6429094465814,75.24022155219237,76.58028394286023,74.91057877619353,73.34896357180457,74.765972914757,75.05630722739221,74.69809663845065,75.04060769806496,76.6383858676267,78.40203507882939,74.14503956408203,76.48262904876714,77.85139005697336,74.32608971478705
photo_standing,74.11162940255225,85.96907396567994,81.52801751084517,81.08256561813164,70.91543658272799,0.0,72.42855853458894,71.03036101367786,77.05277797937961,80.5735718075817,77.47614216812791,74.99995725124295,75.85738862390001,77.30466693760933,72.0124765538114,74.22345433168293,69.23299249453089,88.53169678896894,86.61844134165118,80.55742539726052,97.36544412803273,89.27513654841292,86.9106076184402,89.08290961517152,75.09303380281618,84.65725039237321,77.10389437440382,78.4739950000194,73.28493335490558,68.39594381014379,73.14004716852843,75.11222819056901,76.60503342380771,88.475048448779,70.38252004692413,77.71657119435675,82.02621682275215,75.82160161768076,74.67955834720588,74.05318667921641,72.01530114520173,87.04271651968905,83.29170814552096,80.91961355542414,79.03079844986398,76.64090190379912,77.7383314215151,87.54456431607495,95.87907846456642,76.21007035755694,79.70707705293441,89.17027288503822,76.6708528235164,76.27411187738555,79.81527317801302,75.63947274316328,76.25456987635981,81.53766566180276,75.32403116964049,82.38971505878601,79.40298689970776,74.63920732293263,74.9431031281639,77.02899600414142,75.11437544721488,81.70780176429211,83.91454565675203,81.73179075971719,89.0157031548084,83.90762870142972,78.72913314348683,83.70715800053873,72.1783403682589,69.40926411706549,69.2110454194995,70.82574951598355,69.57759684371966,71.38338316327253,70.35221729314453,70.60037349037641,69.81776522159215,71.05101240864575,69.42154603323328,71.75930748876293,70.07720405035528,68.29976534547113,68.98169933857004,70.435289634659,69.20698721351182,69.80272491406929,71.89083478292582,73.75707742964467,69.16064775792408,71.21958111075438,72.49582640525543,68.65578343462911
photo_hand,72.54354520615844,83.23662861374447,82.62523192519603,79.29471365499205,76.69652913705669,72.42855853458894,0.0,72.58538390871723,80.10844338616891,82.2896187356639,81.0237095278408,77.72982435332142,75.62846851331071,77.7880848787427,77.63931205675556,79.96039767278845,74.13763177014806,91.47332861475711,90.05471189289761,84.14544259750824,99.8124763072217,90.2958242951243,90.06048281990213,90.55569099654664,77.78354659385737,85.60929135572364,80.58652725311086,80.63085934757906,77.50878614494769,76.59066129004975,72.67156752458224,77.69703129175484,79.69022269227817,90.83857522702809,76.1370199837244,81.10936397869354,83.842690090023,79.32293546643756,77.10106240534536,80.88743918638146,75.04604901346332,91.63603048883652,87.25376212752182,84.21739146802943,83.58248753792395,80.13080148725832,80.97623136240642,89.67114527628783,97.33906883639952,81.24973869296888,84.0306578944747,92.74651395212864,80.55554823476895,82.80642045244026,78.9712219851919,78.85046219287865,80.93770198395674,84.2396350169907,81.13746908046902,85.15665838989214,80.61001043319108,78.75440823111214,79.67172509269555,82.8367857751984,80.21319315726693,86.16765950589493,86.76845582359871,84.32992344938086,92.00521335893465,84.93296165719174,82.2110810839282,85.88042547054803,77.31895225421518,75.0291895057423,74.95910175539498,76.44784604609404,75.05963003917843,76.51505951720237,75.74933253192809,75.72285063730166,75.3975187249784,76.82283685352479,75.34339300090073,76.69229343684681,75.34224190856398,73.93318388911027,74.86128816632662,75.31608583146807,74.45214933234155,75.04651596150784,76.80160736439394,78.47227806758266,74.73461991336498,76.34341018686904,77.47760746028538,74.47588701107372
photo_legs,76.58463606547538,88.28651286162403,85.39212212267408,83.54999734957629,76.16487809603517,71.03036101367786,72.58538390871723,0.0,82.18155255570437,85.29292711684556,82.93405721227204,80.06879370787412,79.32152436225127,80.7488232238123,78.40004132431488,79.01893413416063,74.9136174049318,92.64623497219392,92.30901282939303,86.02730097879169,101.30787874383942,93.44038764959724,92.29463612598194,93.27573074107337,80.04941750086667,88.88636394473822,82.64562597171646,83.56860196819815,78.77938381617204,77.4115871229854,77.86596423842533,73.3259436442454,81.56465480754868,93.06153798983121,76.91262156076668,82.95610561533975,86.6659694269373,80.68101069374315,79.86592564572751,79.94575867747673,75.67592320300378,92.5759435797591,88.77429541206008,86.28814742771073,84.85613780542432,82.14790863850965,83.21553165523984,92.47697818463004,99.45874700686956,80.88748082150249,85.19205785064119,93.65737066480162,81.41679834683262,81.77812898258567,83.65753007171512,77.07822339351382,80.02733739023068,85.78196846725167,81.67795080998026,87.34457118849669,83.02336419325465,79.78883031355257,80.56473108737094,82.20030790596621,80.08108520494501,87.05938390797104,88.66277284636394,86.68550667651795,93.20316359057898,87.91421064247427,83.79191238650222,87.51125217766895,78.43902411317194,76.67034385701285,76.39823027707162,77.83224743864838,76.27772469069525,77.70550116189477,77.53287183508759,76.79342960135467,77.05409954540914,78.15949130947185,76.88066170520894,77.59027273931784,76.42245079077527,75.78942322845027,76.39082243231837,76.46825379980287,76.36609152035035,76.59764883778723,77.87768445860303,80.31567777234983,76.54493091109298,78.01878925812312,78.6237382170987,76.0640350026061
photo_bird,83.00885051418037,91.16667156706615,83.22258655701967,84.78633122302908,80.09593031439401,77.05277797937961,80.10844338616891,82.18155255570437,0.0,78.05754284747957,79.22044142357073,71.39675095038717,80.68317103404,82.75652016736366,82.42937018009624,84.70801455009492,79.32114080589812,85.67141208206222,86.1085155706523,81.74162941223871,97.99295062562665,93.03628470155297,87.77466782796199,92.94201017293004,79.68736029664879,90.05559866646605,78.09375009964434,82.28090054835097,82.80701102160255,80.2981521077432,81.90727456964898,82.3883312884218,68.76359713998589,90.54515975471044,78.57897785505747,76.59652788257279,85.04347389336904,82.6900194627915,81.3739913599541,84.5887300652903,80.58926494318605,86.08004426482306,83.25399285870748,81.20131019855785,80.13855494997853,79.13236520976223,78.61288610720887,93.8934467160712,99.59050041609089,85.47852665171388,80.4075148667696,95.44074985632635,85.19073004219577,87.09016359421894,86.57959215563578,83.85787913693201,83.57577692261319,85.75554461541914,83.31160582121564,81.58129067023748,85.7939150338578,82.88161806640328,83.75565853124215,87.64232587540874,82.71170079140437,81.14737041132983,83.60824543583726,82.70740859263991,95.63243553020015,88.11866514576616,81.60542896012016,90.82100614108735,75.13559855068581,73.18093822797502,72.6089194802225,72.9763982870941,71.47960912102639,73.3989534645444,74.51937231141356,72.25854973526276,71.74326420850988,73.72207730870426,72.63892044040384,73.45910842924546,71.8379476088906,71.5203322053979,72.65119928690967,72.74311898731904,71.06475855871861,74.07224189237063,74.20071075649398,77.72169240885735,73.5564346663684,73.0114468335995,74.4491172672472,72.53170465810436
photo_butterfly,84.51451903441273,91.88447054592936,83.1164438596284,85.66300682886848,83.25454035431424,80.5735718075817,82.2896187356639,85.29292711684556,78.05754284747957,0.0,83.25927133066612,77.78361827061646,81.93763611996172,85.72869290321995,85.51628118374366,86.59900713811233,81.80566155902807,91.86930527000018,89.35470774326564,85.31441255421483,98.70838672234238,93.46031873490811,89.90064286976873,92.73153301262236,81.46696089574148,90.10948839220396,81.58527815809799,81.92278263545013,84.87329948123265,82.16694694731255,83.28357673263336,84.77982758600302,77.31091625548119,78.52443957863169,80.95189970131382,80.65349041986137,84.6060256827513,83.85139485789156,83.01670403822986,86.23824215179643,82.37942472332215,90.98665679074452,86.48559572461225,83.53464915347402,83.99679673619227,78.80154189656739,82.59598421457623,94.40487557009368,99.3316233661738,88.36903829919271,84.83257763504167,96.21818238032863,87.18429529748704,88.3283433398322,87.84209298641164,85.57908407335243,87.01449335044128,83.41302154064387,85.83159913493422,86.10069812818263,87.74904469353433,84.47962023301065,85.59613073901241,89.44740551843758,86.56524950429926,86.82555393798366,87.17143034167472,84.41793140701692,96.80782338981427,89.32144981203801,82.92017377727443,91.55406720496313,79.63778536090298,77.2157484705582,77.14323978600456,77.73646208668377,76.40485234801328,77.98205496585882,78.39420855802433,76.9809650522458,76.56744625211925,77.74737786526603,76.99057936840279,78.31086385562325,76.33140247476265,76.20861108145726,77.06101153901606,76.85030414656455,76.08240630419046,78.0261763610037,78.18494632427145,81.16992869076746,77.56824351328139,77.90710816218115,79.22150625062783,76.61800034545934
photo_girafe,83.14566255890159,91.56585086158182,85.26676368678083,85.97639774170808,81.89269231721647,77.47614216812791,81.0237095278408,82.93405721227204,79.22044142357073,83.25927133066612,0.0,78.39756206798526,82.0452815568478,84.31700174209213,82.64798097268516,84.09178082814822,80.15313940360464,92.60145736778972,90.84465750012913,85.74887883730611,100.13027317667519,92.26947297365408,90.37058190225902,91.57961188736046,79.80558033407412,89.6477052195754,81.70909722386203,82.16972161217777,81.40039430023594,78.8891416422064,80.82215564536202,82.3426859004934,79.33253009065292,90.8813507343745,74.35923944501229,81.6702882023891,84.65904919682954,82.45967438647799,80.41388607329027,83.63478845513687,80.38385480716629,91.32775539412307,87.37952500195875,83.68554124673621,83.94875672347534,79.34469221599062,82.71060777762195,92.79199135834573,99.74958352277613,85.24652535235226,84.95017593939052,94.66617530226559,85.20812376043799,86.08264038697604,85.39202328616796,83.06796617075216,85.24502587375201,85.16394139916378,80.61174780617391,85.37136822581363,84.67085243176408,82.36487720867231,83.14058294298287,87.04215254038638,84.55985532198756,85.53147341644112,86.61287110089815,84.47858481857611,94.62339600021241,88.14996314376734,81.75881203557654,89.37936999143722,79.55119315242152,76.82992377139688,76.97832848588149,77.2819036197628,75.85684454501173,77.21134610342575,78.42882435843724,76.54102129995256,76.1889130153358,77.42372063893391,76.85563496601512,77.64158360759257,76.2514638348566,76.10529078931413,76.87108220354224,76.03692515357868,75.52767510036252,78.18066914435198,77.60506911958343,81.50735737651006,77.1306245952915,77.30791602480073,78.08496801686275,76.05414567278585
photo_fish,80.44775867008735,89.84200074076742,79.00711063415949,82.6125185291659,79.2149191573747,74.99995725124295,77.72982435332142,80.06879370787412,71.39675095038717,77.78361827061646,78.39756206798526,0.0,79.05255313541299,81.12949964442754,80.09011002122986,81.1674024626673,76.37657906703171,82.42435904699315,82.94245077552719,77.95136933317718,95.77676977009003,91.765137533542,84.94862343168697,91.20975874946231,77.79354810858149,88.74193252322587,73.2787518079767,79.8373589665967,80.64325954799985,78.03374956337018,80.15530357151803,81.20153438685618,72.51009899931206,89.63951998474785,77.06024053215096,65.51854523017792,82.75204567828222,80.4080334864235,79.96033902915005,81.57707940494168,77.9804462949162,81.41980630633144,78.62474249758696,77.29350360582434,75.2364811939634,75.84794909063368,74.13272784697746,92.01180327461562,98.02831127742763,83.55241839447353,75.16161053491346,93.47518623578615,83.92685989457456,85.30268866312007,84.1043928212663,81.3680903068164,82.44578477500038,82.84797055129641,82.09428770050191,73.57930791843039,83.64721349124446,80.67886082568536,81.85032154617828,85.62319575191225,81.24843664658084,77.63453212608732,80.03131303479275,78.60616239497938,94.31766126296141,86.7885610360977,78.73013745484309,88.67906818463604,71.8185970202226,69.26075321639254,68.90757738437267,70.00753880232409,65.95173159902008,68.98735477565539,70.5042446252319,66.84000687429595,67.2578035733266,69.18750688179489,68.32330125510488,68.00374139724755,66.15202305029565,67.81472274134693,68.76261019936771,67.68840163934681,67.18038255423932,70.17414683587077,68.94272338884835,73.39963171924407,70.15514257531359,69.06255456933151,69.87282868244402,68.92602442789384
photo_cherry,79.1520471494653,89.74264166350275,85.22645412486784,84.51266043639703,78.27585539018393,75.85738862390001,75.62846851331071,79.32152436225127,80.68317103404,81.93763611996172,82.0452815568478,79.05255313541299,0.0,79.04334172686347,79.25091016612858,80.10040810301653,75.95729776461705,92.59738070320482,91.30469289404091,84.37822238939488,100.35378669935504,91.49147102967328,90.39335997683173,91.13311170654066,78.87512883560508,88.13015853546669,82.84022600514419,82.69337342059433,80.55650976976119,78.79064590674697,80.11631165588142,80.78293979952983,80.19941677966926,89.9332873305321,78.20813586230904,82.13934389160697,81.62202918875849,79.84645180177196,79.79522058940569,81.46839928309001,79.02217702809001,92.81197024955598,88.52370763174443,85.07910770655516,84.44141547154089,80.50262766334521,82.29177222031602,91.25554424335827,98.56223963933067,83.50138162816363,85.1041900959838,93.7195247040235,82.24597607708196,84.74264176090914,82.84690485483253,80.89635755516076,82.48306756681653,84.31243407846112,81.68235996940363,87.02077353275105,81.04588934844593,80.20049017508244,81.05772290407957,85.39802710604717,83.26943593554897,87.60848783716294,88.39415816570197,84.95283137193266,92.68822391344338,87.46798624739209,82.51054771456305,87.29746141341215,78.74168137220342,76.54991713545427,76.33682618944755,77.6053721649059,76.62514464181328,78.30415867478592,76.84474169037298,77.48938070033864,77.00775035651105,77.65739009870717,76.62958988908244,78.3626527889422,77.00701116827508,75.34856575743676,76.21278074239953,77.28423368009965,76.11071349120998,76.40863818879373,78.59605839822744,79.83749173137475,76.13252057072535,77.79611253703911,78.6314142150706,75.87248903421343
photo_tree,80.48166283890126,90.01187009118762,87.46741080080142,86.40104433819225,80.63279863824788,77.30466693760933,77.7880848787427,80.7488232238123,82.75652016736366,85.72869290321995,84.31700174209213,81.12949964442754,79.04334172686347,0.0,81.52340955785513,82.21986031123588,78.26370112711214,93.64749337752542,92.14518333792658,86.96215226737593,101.69065550398523,92.88209012397475,91.6241791922714,93.17043896383879,81.94676498907239,90.35379445740102,84.91061943167088,85.8295962260356,81.78428535480846,80.69716388899923,81.57671692381146,82.05031099901522,82.96992894519255,93.34672111254646,79.91702836574837,84.96937353780244,87.23997658884767,79.90294436542047,82.79684751387947,84.11777585393519,80.9238900587778,93.81182790610163,88.98378049847732,87.25862510930818,86.35052511264585,83.26017183788062,84.79154134223178,93.36133930284372,101.02161419398828,84.6910177702584,87.00906573063646,96.51419028122744,83.98364988984362,85.6001010787863,84.82597696657618,81.42269791887605,84.6462365125837,87.2470226091346,84.10373312542158,88.79126649446869,82.90408067194686,79.69843417334927,83.6670262740045,87.10926366908858,83.43862900517406,88.97322553535271,89.50990037929722,87.88704400400448,93.58109730660772,87.20052978147935,84.56265132940803,89.75648213939712,80.74066632291175,78.41680093718186,78.66587372113932,79.79809697600949,78.02550804351854,79.62259823811931,79.51886261560198,79.14145368066829,78.77998080889172,79.54116026071226,79.18791704443288,79.77857925205555,78.59022966269933,77.79682966077269,78.47654852757275,78.77397368985716,77.89129971508875,78.66145783482943,79.77709040973963,82.21974240565223,78.62160547479408,80.01671944271487,80.85749580950525,78.1620642038282
photo_flower,79.66758925759966,91.6941917299804,86.9598750397478,87.35224283547359,80.15567076540704,72.0124765538114,77.63931205675556,78.40004132431488,82.42937018009624,85.51628118374366,82.64798097268516,80.09011002122986,79.25091016612858,81.52340955785513,0.0,74.51467430841754,73.97133430405177,92.54611126157516,92.92071691180571,87.68997400447643,102.32991413897987,93.94391698910299,92.54917466496289,94.0104189472337,81.22797428196658,90.67108237102683,83.52351252989465,84.59438550858587,81.5673984551193,77.55967648068874,78.71749287212175,82.9850618582252,81.90013779446801,93.46296854353773,77.84468153649834,83.12690681310227,87.46370576253659,79.4672080741444,74.02794661427087,76.93617103592968,78.11386935724079,92.40784638164295,89.32382648183243,87.5016858751007,85.22894867714835,82.48594069105546,83.46930269699344,93.95383264154778,101.10067278861267,79.78722746743207,85.66613957786215,94.34855001422011,83.88315398956607,83.58656638632411,84.81355710253449,80.02661660680599,80.98838288211105,86.9366622541276,81.55375186420785,88.06154996187452,84.08885016322542,79.27098663856596,73.56801439222794,79.42548265187453,80.69041927924785,87.00652837948874,89.6980002422081,87.25229967762348,93.28338209703838,89.23765308081344,84.13434894246784,89.57251996483434,79.53797485210096,77.33662064042463,76.95079648746162,78.35650972311949,77.29388149674406,78.61286180442382,77.58050190002704,77.88885040304619,77.49078319597704,78.05137642228986,76.9895512051412,78.97208180028599,77.438882980207,76.38504503211648,76.97158461329056,77.71044138365664,76.68020680639448,77.44297189454703,78.91170592375282,80.53188988826295,76.58203316631736,78.20472334975396,79.17884081867999,76.51830977364051
photo_carrot,80.12002979395064,93.20859473946625,88.38370802134718,88.60802636410378,80.53634169618637,74.22345433168293,79.96039767278845,79.01893413416063,84.70801455009492,86.59900713811233,84.09178082814822,81.1674024626673,80.10040810301653,82.21986031123588,74.51467430841754,0.0,75.0655904550352,94.1772043202498,94.46910223418953,88.03754512192582,103.7952002378725,95.19649395676025,92.58071192825093,95.2703630665364,83.7270942435873,92.38887822560565,85.24574957454756,86.71561495000756,83.62486642221869,78.23492989093943,81.29513503910623,84.20088457970905,83.34444047805171,95.24334257802556,78.31794817112163,84.33125192916988,89.27183662029115,80.1085934339234,80.96940448818684,64.78784381620747,77.68196521699596,93.0855475295674,90.9009598011415,88.89996696698897,86.44351302545853,84.05933135930044,84.89321905351699,96.2333233477099,102.48268015092687,80.26623606325846,86.95632984637061,95.85194018426608,84.89926336240205,83.9595507350665,85.40545820129583,79.19802883759984,80.9533509665272,88.60872232055736,81.73089846760867,89.08791176534912,85.29425484850566,77.48730866845969,77.06098772570229,71.07915093892586,78.66766379570642,87.86075209431597,90.45089969711806,88.20671916015846,95.04148186779001,90.88088222864656,84.2136833614443,89.4510722429546,79.63992239938925,77.89973045558098,77.57866128167099,79.37077582394593,78.98420915784537,80.49360682717742,78.05919199259931,79.60863098017973,78.77590851512704,79.7330135910089,77.99233925755948,80.59079090110818,78.89149496291623,76.96289908344984,77.87912983339602,79.31134229714276,78.07808818546226,77.46740463874572,80.64502519262436,80.61777049490935,77.22396443414883,79.74652423856209,81.82448855651484,77.43960847077513
photo_watch,75.27054137737636,87.18713025611322,82.88794362781918,83.32958146607294,76.22544708490504,69.23299249453089,74.13763177014806,74.9136174049318,79.32114080589812,81.80566155902807,80.15313940360464,76.37657906703171,75.95729776461705,78.26370112711214,73.97133430405177,75.0655904550352,0.0,89.51943432043178,88.07613424528108,81.56233977147166,98.35001216693831,90.6775306988901,88.88381729491931,90.01787256621185,76.5984097665261,85.93582886846272,79.73178135827592,79.66304118365193,76.18031038036573,73.71099716314191,75.0137222937478,77.38895069215157,77.55656710225479,90.16985178095291,74.24634490391759,79.13753385213107,83.4434643520386,74.8566062138615,75.05091872446508,75.43336408127026,69.10140047056133,89.06850091033928,84.87015371585724,82.26353045932629,81.09313320043492,78.24813626977554,79.46407739522277,89.17093848354125,96.77317227329867,77.25000735350544,81.8318079506427,90.96363933092981,78.31768804131681,80.14302787516145,80.39190487170744,75.83059470396789,77.16827541081533,82.95117350649058,78.35786715416177,84.01658039775357,80.56551922398108,75.03343772053256,75.5809153255729,79.12184233575225,73.586029286125,83.39762893975846,85.41600327359141,83.30114608220296,90.65821831117161,84.94346150214184,80.73603533035434,85.30346344033069,73.85474284819675,71.9769222624593,71.43037240772252,72.69677299128554,71.96118324072864,73.88752343539416,72.08491265863208,72.99816715086958,72.16787524266951,72.90924030635443,72.20683184964572,73.89651101933802,72.30160670454563,70.69631712182084,71.55278677321077,72.84749265024229,71.24615997468007,71.01944590872984,73.98370401380143,74.70125422037889,71.07820237796828,73.50345242523719,73.96613810000265,71.28012589341019
photo_key,93.13064227408881,101.11974303926007,93.04711961842477,95.27032341893556,92.25642632696399,88.53169678896894,91.47332861475711,92.64623497219392,85.67141208206222,91.86930527000018,92.60145736778972,82.42435904699315,92.59738070320482,93.64749337752542,92.54611126157516,94.1772043202498,89.51943432043178,0.0,96.40623787508967,92.500110870294,107.44510597751399,102.66248629096525,98.19638031284053,102.86087783507669,91.7522088811791,100.96117412032854,86.63819933219811,93.81890388291397,94.24377916942035,91.33071561510305,93.12204299302043,93.38675647922285,88.50297919437588,101.55134956216054,90.93055314089757,87.70242587012775,95.80242125800903,93.28092293179935,92.0932862830066,94.21397224065312,91.08474948510221,68.93517625919267,92.44100888339467,92.48580476166039,88.70989690250231,90.02498447682247,87.83301152369592,104.391317921301,108.78183042427077,95.90702073183105,88.43476923285746,105.64049645814711,96.25636331757448,97.47043793421273,96.62520758119305,93.90634943837891,93.9843823222479,96.0718829436281,94.54401658500893,91.16594344180832,96.09654102517426,93.650085270899,93.77423567382702,97.27119266368986,93.2533616900315,75.16488260636508,93.89653611389201,93.32763136526458,105.39715034143076,98.01004353143952,91.98349847886898,100.46578382509388,85.39598614370597,83.2493698094363,83.06186217279183,83.06341667131974,80.83452252139315,82.06241560348671,84.2418755121483,80.55247652338662,81.2630162797847,82.76993750216566,82.29955346954355,82.13923954248624,80.78720182816156,82.12358939398003,82.82767509999908,81.0645931847046,81.09848450064172,84.35951673180703,82.3311836446886,87.49877728070177,83.57149312079679,82.54446257517874,83.89792303312485,82.57032023778616
photo_truck,92.01180745814845,98.6628396977221,90.0269377723431,92.65287052857164,90.40462862258057,86.61844134165118,90.05471189289761,92.30901282939303,86.1085155706523,89.35470774326564,90.84465750012913,82.94245077552719,91.30469289404091,92.14518333792658,92.92071691180571,94.46910223418953,88.07613424528108,96.40623787508967,0.0,87.74167017131846,103.2304753130956,99.88652418868868,95.47095747186495,99.04058832239524,86.8463995769675,96.39871110154691,84.67578884776786,88.2862267912824,90.04870466145245,87.86433756055511,88.96233252140162,90.38281608153565,84.84233265717279,97.36019486395475,87.29346922160333,84.5968904352087,91.33325961758993,89.16260999972417,88.82605151755233,92.21166089317721,88.39354103734149,94.22970971820656,74.68730567502308,83.91750133937381,86.98886770734752,84.09930120301864,84.67164235373292,99.34077623546403,105.54414163775253,92.56985725886832,88.43959569538062,101.62213179667823,91.77392475163161,93.48805670717522,93.40032741635422,92.35937486495996,91.68237217187111,91.86001276077346,91.41858559312374,87.77004398518334,92.67775021869032,90.43416112885994,91.32925230726937,95.52536300873322,91.37104135883598,89.96588913649958,76.1553482678786,86.95965155481807,101.58060305428614,94.79747091475977,89.24194638260303,97.39845876326478,83.82174199680408,81.55329052528019,82.12167207030406,81.88181604297279,79.49599099683658,81.26244183792608,83.02086672013537,80.54838746967195,80.46030023992725,81.50779544166518,81.28162118231636,81.42893872086105,80.19201886394802,81.04636066865979,81.71238113033276,80.60710533891478,79.79059396353259,82.4388881195789,81.55218443865772,85.39114939218082,82.02506523646115,81.9247372697414,82.13102532514738,81.28062812416438
photo_velo,86.47016112949572,93.54114192192729,85.36356221904342,87.39036066108824,83.24959678497828,80.55742539726052,84.14544259750824,86.02730097879169,81.74162941223871,85.31441255421483,85.74887883730611,77.95136933317718,84.37822238939488,86.96215226737593,87.68997400447643,88.03754512192582,81.56233977147166,92.500110870294,87.74167017131846,0.0,99.24381358817014,96.1571666687801,90.78491176553761,94.88358020166484,81.83622288780832,92.90685756009793,82.70262231060144,84.49025403312253,85.73764614785756,82.05329509299808,85.70372135425363,86.0335118572061,79.78767959120081,93.98835033501511,82.50154864773747,80.4023183268744,86.307484664063,85.4266193105428,85.44840722911167,86.92387923300596,82.31780300194117,91.38383914082368,85.24868464436739,67.48961658281132,83.78826759407737,79.86449645944212,80.59966920831053,96.12514002266713,101.49003439171967,88.33360231534283,85.34856283829905,97.89173414289374,87.20703431227663,89.83331762178176,89.56508801669072,87.607052414086,87.04258574372768,87.5073030064003,86.35660996163868,86.2720999799478,86.93630918493075,85.17952563005669,87.15469801822698,90.65146844408986,87.06235546950235,87.34218077627357,86.98127793695295,72.22720662945389,98.8780974913439,91.45069872496484,84.71689607793816,93.6953019679233,79.90590399490297,77.34912802725816,78.04687018364972,78.24052217782916,76.83998585994316,78.76006042967929,78.22127593267831,77.74972323045803,77.03872058408089,78.60728472443769,77.43747798719482,78.66474788935123,77.11673405989832,77.06732343383332,77.47428372137269,77.60043725843711,76.68128339232804,77.24750052943936,78.7884703722636,81.23659704876161,77.29497958474137,78.1898738779436,79.57127710738072,77.392748074396
photo_road,100.85736391926939,107.29388257517807,90.44018051976137,100.21914753373514,100.0052345965535,97.36544412803273,99.8124763072217,101.30787874383942,97.99295062562665,98.70838672234238,100.13027317667519,95.77676977009003,100.35378669935504,101.69065550398523,102.32991413897987,103.7952002378725,98.35001216693831,107.44510597751399,103.2304753130956,99.24381358817014,0.0,107.6792890175685,102.18471926410784,108.28346507881996,98.798194338279,106.55310440270355,98.44732822270916,99.05262513260654,101.25122529225384,99.14812773528047,100.69611143163554,101.02368588002373,97.76644506989796,107.39448808184179,98.90421087027,98.52152066776138,101.77808001192967,100.50035898350818,100.19129581384604,102.5153034548825,99.18604482822933,106.82773980162173,101.91193169247309,98.69091585527966,96.92232743222468,94.69108923822628,98.68175695872449,109.68896388012426,114.72019156087705,103.84663805820674,100.81163479360364,111.2750606211461,103.14029050541804,104.15691456253681,104.53677497793646,102.01462948923785,102.92140378421732,101.59645606265154,102.83333716132437,101.74957924848273,103.21572135249347,101.37491554893961,102.47646770755446,105.56825256997028,102.23165027331409,102.30222116738229,101.90163104554291,100.46196710049568,108.34536378502864,105.6616079657458,100.15440522001357,107.08306546274193,96.40112198406581,94.0044805054877,94.30028133871004,94.75621200376061,93.5328406794889,94.74430705126122,95.12610637891811,94.11280292730798,93.88992138610887,94.77481054464313,94.03697154337617,95.08571882710905,93.74054597220172,93.52202438056406,93.69584933731744,93.88633604471008,93.40025878035824,94.5527579108934,95.17703238593113,97.81360644316455,94.2554067525207,95.11648714374189,96.16114291369233,93.49584607263513
photo_house,92.00196976028555,97.05497440613145,94.48332861587248,92.44990187531577,92.0767191910694,89.27513654841292,90.2958242951243,93.44038764959724,93.03628470155297,93.46031873490811,92.26947297365408,91.765137533542,91.49147102967328,92.88209012397475,93.94391698910299,95.19649395676025,90.6775306988901,102.66248629096525,99.88652418868868,96.1571666687801,107.6792890175685,0.0,100.007220341705,99.24647048143093,91.1053653174735,97.37739815992124,93.03137396477408,93.44112208535712,92.65473054071913,91.57792177784214,92.08174886339218,91.85106931250449,92.74893228944416,100.54317303819617,90.75239304823005,93.79110298455177,94.41705008635569,92.76202543138665,91.67036037868294,95.45908779867517,91.82824351232064,102.40569901626486,97.55930585988943,94.9822316444298,95.3012117411174,88.90131952226022,93.66710595461653,101.75028572911005,106.24711477663806,96.06914031615753,96.18843641464518,104.78936945593802,95.6928066742421,96.85626252688635,94.91326940338912,95.0038290174379,95.48952533409602,96.08766387435905,94.87460505976166,97.70217036227831,94.93069969092241,93.24056311414135,94.12772538706079,98.91569074243641,95.47673062336592,97.82584383609637,98.53502801921067,96.5745974710952,103.77130096904135,94.20110861669625,94.66292032751791,99.87180059525784,91.0446093401429,88.77637016970432,88.82883697390339,89.32407543425765,87.961499111841,89.2776280375033,89.77449939862439,88.78019839672068,88.46159726226772,89.37088111996631,88.84139023438101,89.6678040523092,88.03133453155321,88.00075892872606,88.78553966558303,88.27821896778218,87.95186467058906,89.4194435597096,89.52167021383659,92.28130990170693,88.54538700936732,89.48792049191493,90.51662827619991,88.1471623945707
