,photo_face,photo_profil,photo_eyes,photo_face2,photo_walking,photo_standing,photo_hand,photo_legs,photo_bird,photo_butterfly,photo_girafe,photo_fish,photo_cherry,photo_tree,photo_flower,photo_carrot,photo_watch,photo_key,photo_truck,photo_velo,photo_road,photo_house,photo_mountain,photo_windmill,drawing_face,drawing_profil,drawing_eyes,drawing_face2,drawing_walking,drawing_standing,drawing_hand,drawing_legs,drawing_bird,drawing_butterfly,drawing_girafe,drawing_fish,drawing_cherry,drawing_tree,drawing_flower,drawing_carrot,drawing_watch,drawing_key,drawing_truck,drawing_velo,drawing_road,drawing_house,drawing_mountain,drawing_windmill,geo_face,geo_profil,geo_eyes,geo_face2,geo_walking,geo_standing,geo_hand,geo_legs,geo_bird,geo_butterfly,geo_girafe,geo_fish,geo_cherry,geo_tree,geo_flower,geo_carrot,geo_watch,geo_key,geo_truck,geo_velo,geo_road,geo_house,geo_mountain,geo_windmill,word_face,word_profil,word_eyes,word_face2,word_walking,word_standing,word_hand,word_legs,word_bird,word_butterfly,word_girafe,word_fish,word_cherry,word_tree,word_flower,word_carrot,word_watch,word_key,word_truck,word_velo,word_road,word_house,word_mountain,word_windmill
photo_face,0.0,65.302495190526,73.4329073788259,68.4289076805866,63.383400680982035,61.41789001793136,61.787234357557125,60.03892506722,68.02326120915214,72.6852119673442,74.30072341527986,67.88626676403113,66.25557459117206,63.67129853472518,62.83504890905802,58.797683633823524,62.28500131672169,68.2069200248927,71.09446918591071,71.16136833853915,76.49227742993303,68.79788671835456,68.60102080480073,79.7332802310377,63.75811090907103,71.75281317900752,69.97270698402338,69.28294784033126,65.2449775834992,61.82393424523607,67.20029691996048,66.36087770192714,68.71625197622149,73.66226687196806,63.931318633559734,69.59635433002212,72.69009405158114,59.07097512281497,64.93533944917966,61.60300909639969,59.92001328270465,68.64703491281914,69.26687036441763,73.13549804704779,67.45838575077846,71.93574688826358,66.60150628869143,69.92194544291266,73.14980031844478,61.86300013147341,70.84763981778256,67.41114159597613,66.44689494053212,65.46190780172219,64.58987139696868,63.56527086467837,61.24183514252349,78.44706728997939,67.80883732431109,73.2421002094358,72.14846412126282,63.896311666548485,61.673994041099775,63.11643055492816,61.808615093791666,68.8069377132685,72.78365483336604,73.56792032508534,65.65381743045623,66.37860767672568,69.48070809353321,71.36061281325262,63.91177764082258,66.45945932094241,66.02267275257246,69.57600159306502,71.60048440538196,71.16999146585255,66.7885146945445,71.13425208725609,69.80430927280695,70.78686084481322,67.0061029745003,71.4655459462232,70.58061369391868,67.32593986638409,65.7740463410606,70.62332449067192,70.34614475594348,63.554011782799876,70.33246262439923,64.6184137240958,66.2942613766702,70.60120997379447,73.57439540085979,67.03025709336319
photo_profil,65.302495190526,0.0,77.07739493950979,72.91181054323991,70.94364895167939,71.64108947560887,69.05320054563386,71.70823949773974,74.4927183394152,75.1826174288231,79.43352972078726,75.13049253960268,71.4298908335981,72.84957103668614,73.11265395859283,70.74598848095599,74.05628190996777,74.80885951366653,77.22916443915892,77.02485193993098,80.7280981974543,70.8117979069324,74.95565483247091,81.75668683100344,73.46246925102305,71.10438684490283,76.62010441482931,75.4889778967005,72.17028755845874,71.45451700486453,74.88474220790509,71.92374536336574,75.56463882868022,78.14016928949096,71.96676785378801,76.6091496390688,76.59677234053619,70.97965004544564,72.41344628790317,73.08126687994896,71.88510749692337,75.91944798381188,76.2995880801648,78.72428036783381,75.24668931475236,77.18524014636742,73.9500644694079,75.60474783684616,77.9952147287019,72.97972946335288,78.02052214422056,75.91216406608122,75.58560433737438,73.39546878759678,72.83024153689928,72.38960942380857,72.16307160334557,82.92844468550929,74.75113422161176,80.40769336425097,77.55612690657965,73.40236507121509,72.93745471605952,73.77895181624856,73.36185206738514,76.67287613067276,79.57961876098594,79.14962592392864,72.54983851266151,72.62381350436452,76.56425957858015,78.12040177425709,74.24184615300973,75.32064221469186,75.2226674373024,77.71309691727144,79.55376390245117,79.17019759473204,76.01066283032041,79.26249402575844,77.77025698877974,79.10764006367702,75.46303739380132,79.62823761415103,78.63289936592608,76.21061510573128,75.1882500569195,78.4650176213153,78.33879559438272,75.11636978621094,78.33260443907417,74.9837009371117,75.4423645698354,78.69598711011702,81.4660201690534,75.60784724193005
photo_eyes,73.4329073788259,77.07739493950979,0.0,75.0954173028142,73.10406371902609,74.00978806717015,74.72965854233705,76.58743545639265,67.97244927307798,67.90893036879896,76.37907498853131,68.73310971081621,73.29557001489505,78.4664507257197,76.76107086388795,71.96791272681062,76.88049247720389,67.73821066362393,67.9322828720652,70.87102184907255,63.56792828240761,76.34921034003197,67.90186006972007,83.8989079318605,71.01197543374148,78.77512175557254,67.37566268925653,69.1380514306797,77.40314109154428,73.68328993253132,77.64863644253303,77.9351838580803,70.02763308063118,74.50869135589075,74.98636529162658,69.85602263900712,72.88640737655098,72.29087476532128,75.41385895757904,74.89685854932108,73.34139175466586,67.99842414987982,68.519350547646,71.40323217629954,68.0305519706126,66.58438922898672,67.7983829252682,78.19340152578167,82.00615295669415,74.08230898973689,68.76654672171998,78.06879178440317,76.3549096759564,76.82711027765181,77.56422391647506,76.74064355199855,73.36842867578162,81.29441373419989,75.30436200876134,72.64748334592936,80.51520174041042,73.06465063109742,73.66277960783935,75.05569284846253,73.87860193567325,68.34435320813631,71.08468360919808,71.14655777981118,76.15088060845899,76.73505735211661,71.81811693845808,79.17717335814024,69.62706515867676,69.92248600286997,70.61323463235509,71.44505841033839,71.95551806553823,71.22705932891702,71.04413395970037,71.67122461077736,71.03271588849702,71.99648669213137,69.06032348474352,71.64592627789628,70.945218739195,71.21252758712333,70.16102751099271,71.21521764697232,71.43784825208492,70.47470411907454,70.56995795573017,70.20012181574923,70.52107638537323,71.76629622677564,74.43598297784669,70.76351447666455
photo_face2,68.4289076805866,72.91181054323991,75.0954173028142,0.0,73.55549710929402,73.06100415974105,71.99020878660598,75.50178602406261,72.15319765571195,73.95741670347213,78.3982218948774,75.0749813156624,73.96961396316897,75.31248563942182,77.88809286703798,73.76898874889618,77.96299028672459,75.07243470843244,76.41984778359796,77.59675485105805,77.74079442222556,73.35690886313274,75.1057924768749,83.31100790177886,72.36577924229204,78.74726557471712,77.00860722685138,70.32438879106446,76.38439174569741,74.32501881425145,78.4126813529553,75.94293384446698,75.42871257359758,76.67954093484265,75.41245652515333,76.91909169287766,76.8299159116684,73.1899178665457,75.68734468980287,76.45372340033775,74.57188234205313,76.38424773946461,76.01618817448505,78.43639844211044,74.79408551547618,75.69840783930599,74.24031437995052,76.78657307551236,82.08413839883346,76.66399385957126,78.64604098103682,77.78856958298266,77.20115673315081,76.03356737633341,75.15980275505298,77.17358582319595,75.11205454361136,82.11321605086057,76.65044292485426,79.74037703475851,80.5007638065453,76.2147619798096,75.5411701504181,77.23246615206051,76.41177961784749,76.70574710999283,78.95032007859334,79.11951265583679,75.92328512875618,75.65507457773155,76.89153889882645,78.88176392328982,74.57479884246614,75.55574603126048,76.07998627614185,77.6253138096527,79.6372635819484,78.98726871238019,76.12636541348954,79.31812977564246,77.84649200392568,79.10829714742957,75.76428713751075,79.43565578937307,79.01845186813296,76.79512572967427,75.17664403974625,78.62811815454383,78.24994077818367,75.18264232947489,78.52364285333691,75.29171122196828,76.13545246257821,78.47507247156388,81.28266065698979,76.444136573657
photo_walking,63.383400680982035,70.94364895167939,73.10406371902609,73.55549710929402,0.0,58.05639068209871,63.0832678380501,59.49241764267487,63.59364928263104,69.68273959374342,72.42553086548638,63.78867669898659,59.11117122813842,65.87928706154877,61.83388790571328,58.30503873734751,65.6284973668955,63.51998191219607,67.4616334736601,67.40469479552695,74.35018466156633,71.62802680310372,62.86604219850741,79.70955369265381,61.79483533867227,71.83102998226597,64.81352816661834,66.93038059301288,55.768098394338374,61.86507054561189,64.2036732181299,65.40759886435201,64.24144799637124,70.8101674415915,58.79174874499889,64.4028133913698,70.00622741619792,59.665116304163966,64.95269700278568,61.647459009286806,61.364622173017956,64.13698704996827,64.49340512924661,69.16342522090207,62.5702079447072,69.30353771312217,60.39934316144941,69.52166675176568,75.00676621850377,59.74541904770718,66.41098672057514,65.64142598067532,61.904293156248464,64.07984639442249,65.45195175678018,62.282458778244916,59.00976976335849,77.39427418818327,62.05980300023323,69.05083445299164,69.30186596089825,60.82354322838793,62.943573239722646,62.592686577649495,60.54592223339476,63.8951713126925,67.79962280413822,69.29483353019073,64.04449312041127,68.23120453155069,65.07259357811897,70.86522331060499,59.813980483347095,62.277169226738835,62.054966315932255,65.39874633623182,67.24613178723826,66.63748075491482,62.72282366206993,66.79805909098627,65.71805247956661,66.77680387672241,62.73393229806708,67.59206342106742,66.01143150520988,63.229708621587456,61.88422929785068,66.28668918940903,66.1643437220085,60.00874895986462,65.78739433855655,60.84994434023878,62.13700419903813,66.52285090085525,69.35517144727267,62.5928636051607
photo_standing,61.41789001793136,71.64108947560887,74.00978806717015,73.06100415974105,58.05639068209871,0.0,61.27896021572104,54.21692770881745,65.00524589720081,72.05600904296871,69.28836621904117,65.36146114692573,64.98334946838416,65.65692043101463,54.82735034410197,50.812910528725254,59.46161299801663,64.11087980965092,68.77578095382792,69.80420351280799,75.06191664117738,70.3853620182248,66.127573725992,76.14049028403105,63.037641500031235,73.18693551524255,65.30277860030222,66.84801728397322,62.37827300046848,53.58681286004014,62.95900912716305,63.74703492683935,64.85704931033204,66.75755747785244,56.39120764648354,66.593073615273,69.94500188232657,57.93828598910544,60.93216158129068,53.56547508691135,57.65865150285857,64.01351930020739,66.34770527913325,72.39571563343813,61.83008224633331,70.1324764766062,62.414055288096705,64.29521593022324,72.66133218323708,53.13851964217791,66.5240792489508,57.889736349524874,63.89233942998189,58.64350682977729,62.36616730036309,59.353871740028836,55.1926974263185,75.96564249085273,60.352614752562886,69.6241922376784,68.30306096220933,59.44589266127474,56.05605524059908,54.99943074527622,54.32246829674667,63.398812974122514,68.38821676185414,71.13519358038678,62.581401548865,65.57645239358934,64.09998904980381,65.37593344789586,59.57078259265277,62.24006768550015,61.82526934900092,65.16004477565055,67.48252703989449,66.73359979648738,62.48066840163288,66.91338202026841,65.74353035607523,66.37169132312621,63.338982773494166,67.62194547466063,66.38478766856896,63.27645553402725,61.41290310542848,67.06078042728171,66.28828371571714,60.11630078304484,66.03123195340903,60.316721088350725,61.98230462574067,66.62260141954518,69.64333639520298,62.59186764312101
photo_hand,61.787234357557125,69.05320054563386,74.72965854233705,71.99020878660598,63.0832678380501,61.27896021572104,0.0,62.837946202035546,69.98041715998528,73.17491282896249,75.83088216112236,68.97953332243279,64.88711105396852,67.56444319095058,65.4741327088488,61.1482844102658,67.96602137384365,69.41703474251875,72.88598556683559,71.71707285771828,77.33987948449388,70.78619129230137,69.86876295409738,80.5298806954532,68.74902083809774,74.07954966533151,70.42489976700199,70.57905697713156,66.81746609267894,64.20557695735236,68.02248794406009,68.76193970447876,70.88451641045407,74.3376006728179,65.11139974622769,70.49958897317603,72.74486273865854,63.01847673833349,66.9027368051898,64.44640700281352,65.03680169800435,69.86345191983216,70.32581369041633,74.5074702175621,68.79960787615842,73.6647773462456,67.68513969978892,71.02835263022169,77.54309393682291,64.77846113265277,71.50875794749564,69.56417492065665,69.55597425049787,68.76851843599869,65.66757862177218,66.15790801613262,64.72939847629382,79.77385027738433,68.12945226242073,74.7780177773561,73.15501467718065,66.10835227249977,65.74293228693791,64.91967185866405,64.87173470926896,70.03259030889608,73.52676982394313,74.32107934881931,68.69792834363626,69.56021411604267,70.77633930552442,72.75128245024682,66.49743468461166,67.72087839618573,67.7682269483877,70.88574579717202,72.95783490483988,72.2769768367273,68.420434943352,72.52356756231617,71.48939136543706,72.09420766176731,68.58666171000117,72.90036197065167,71.9666076042868,68.8256391654884,67.55178860561804,71.82161744725119,71.7471808243256,66.77954368301056,71.40781378911558,67.13423270846373,67.83478954046944,72.1835535145528,74.76019522517504,68.22426745699207
photo_legs,60.03892506722,71.70823949773974,76.58743545639265,75.50178602406261,59.49241764267487,54.21692770881745,62.837946202035546,0.0,67.61065264654303,73.6133143684874,74.72663805294134,67.94223035704178,65.83507977093154,67.28925015358871,59.454911919672114,55.608720569743674,61.711549612884234,67.63829886038397,72.31278282686027,72.33874601596517,78.19139621304647,72.68652208474437,69.46176997912951,80.42386759844139,64.57293784481173,73.12082499721085,68.39866140574105,70.83856906066984,61.85692059032379,59.70515646088763,63.48312195660227,64.35215028859972,67.70542660811988,72.06033418545465,62.72771286577131,69.2098671204991,72.58520511465673,59.6807518857909,64.3551657398197,58.34566053881473,57.591104220513095,67.35447455202444,69.41909891121738,74.7860108142299,65.5123235176731,73.06218697198457,65.39856604155612,68.59014117107219,73.10211867683712,54.38904883272537,68.8622728624659,63.0093286127761,64.0802767625933,61.16704367038047,64.49762127849014,57.41902747795268,55.86935869487934,78.3766329036645,65.3490320996193,72.29116746665315,69.229574188947,61.28277491100643,60.261110467285235,59.19621984064063,58.59538808812336,66.75295328447204,71.53834427569866,73.02476677285135,64.39029024630348,67.0020425335916,66.89218753681399,69.38677119689395,63.28273354809375,65.55273517387468,64.87843427238872,68.54414545718602,70.385142529353,69.90988112137174,65.8606255766166,70.01930568945866,69.0443026958196,69.75644562150495,66.31418119014664,70.57738334748876,69.49719726444144,66.5858134494889,64.78370847604776,69.78224656265135,69.39716478804716,62.93870405282023,69.14858076125363,63.98765814342638,65.27992336727415,70.02882214372737,72.79785124702701,65.85642268087283
photo_bird,68.02326120915214,74.4927183394152,67.97244927307798,72.15319765571195,63.59364928263104,65.00524589720081,69.98041715998528,67.61065264654303,0.0,63.65944726716887,67.83477443717345,57.06505013290066,66.24681775451072,71.13183081366948,66.94259070733463,61.40105478226466,66.25554251868448,53.53808617034739,62.09541117930835,63.55512366359324,70.29395290895084,73.05884134094235,62.79737961414208,81.4165122030631,63.512984595732554,73.4247277376028,58.25786350304281,63.708137076718316,67.64816112160493,63.74193061732024,69.08269004235625,69.67231810485761,53.188894388922925,70.81585309890386,63.3507972041337,59.484431025392446,69.97984096883158,63.19076444062777,65.72842277456749,64.82391171818473,62.75045255658776,55.5858008012686,60.218831152988805,65.25768600670388,55.90915891564073,65.71208310437778,56.197208631659784,72.60319415947374,77.26006248780222,63.0823733336244,60.2279906172672,67.78068284553773,68.35491195365267,68.2882900132696,69.67777744444457,66.39123145154711,61.738444934071765,77.31179714903226,63.79397936072014,62.949714650207845,73.47247173656754,63.643902848556024,64.11315000965973,65.23880750260383,61.562652854248675,55.80896775781835,64.07714980023573,65.53232737601776,68.71857803011787,70.16441763850708,63.23569305046491,73.30525894953202,55.97042156129345,58.267764720535155,57.699194088667696,58.660481320529094,61.61217839650765,60.532718259180974,58.571317990375086,60.7443301936597,59.37648873240248,60.7072960834938,57.345261373323524,61.39838292524169,60.01280449340641,58.44002021566179,56.784703463908464,60.73062148834481,59.720611451603425,57.35966371403746,60.40910334877342,57.01804467611696,57.90014214678794,59.822847383908176,63.90503475548237,58.300450492979564
photo_butterfly,72.6852119673442,75.1826174288231,67.90893036879896,73.95741670347213,69.68273959374342,72.05600904296871,73.17491282896249,73.6133143684874,63.65944726716887,0.0,76.32637046418151,66.13327616128481,69.46949034900541,76.05578192888684,75.0281353385353,70.03861592935736,75.22191630903589,66.35676263021148,67.98486390573365,68.56304301279408,69.82495980814248,74.0085382493344,67.96736034301844,81.07576119051086,69.33221494764074,76.66771285722129,67.10246508640502,64.37958635297802,73.01174270123241,71.66377995915455,75.49560871278919,75.21615281744012,65.578199838032,70.69798173945259,72.10602236565695,67.73103907574483,71.83627021988221,70.418595704371,72.59665727313256,72.49799480135971,71.09787555132942,67.53464531028621,66.71306670393862,69.96676353246154,65.48169848865264,68.5246469784948,65.86036225135283,73.92883668074887,79.88821583677984,72.41937330600148,68.69122101982329,75.79592517160533,73.84906083940423,73.45040178626734,74.75514634218179,74.36242436602961,71.16176186780243,77.886989634189,72.52628001552878,71.43680642932799,78.91560722391108,70.81800172838008,71.79630823027433,72.59284593695193,72.29117092157443,68.03550993530564,70.28648245065683,70.63106034124152,74.78356169169265,75.47129884020053,69.7089732684037,76.12891992353164,67.32037654345129,68.49248910290231,68.77687652338375,69.9943628608662,71.59599490666353,71.26081090048028,69.07361748145149,70.85655961758955,69.68469122204773,71.44468022812318,67.62513629622376,71.61762003356415,70.0787974579926,69.3100701132542,68.2978238792845,70.25537435642475,70.03088049865649,68.20815215342708,70.11474400142343,68.12493544921861,68.87701148111805,70.49057365493745,73.90860237816275,69.03574815226911
photo_girafe,74.30072341527986,79.43352972078726,76.37907498853131,78.3982218948774,72.42553086548638,69.28836621904117,75.83088216112236,74.72663805294134,67.83477443717345,76.32637046418151,0.0,70.92476471139835,74.29459563507379,76.22073065787201,71.78670604982923,69.28257068517001,73.0972699967357,67.74411897258797,71.37877906619894,74.66452458611352,77.17913986868855,76.11880724938655,72.68543956332525,82.64095187180428,71.79926540829165,79.92430470836972,70.57499359770406,72.78913286657468,73.99820304738606,70.33292398522053,75.22855481362008,73.78732117912745,72.61991493225852,75.43109362248401,68.01530190230746,72.3787039943088,76.77408028859983,70.54217442117388,73.42323627201847,71.74848198743544,70.65519876222098,69.46014206299999,69.60307939529567,75.34811257630298,69.4753065795266,74.79934874073597,69.60704797626948,76.02421454909901,80.81687864472347,70.91235657495432,72.08948964088901,72.56232858541675,75.75922794640628,72.86113164100828,74.18286215169456,72.34745595656736,72.79176780797232,83.58881372667247,68.37212763227984,74.5180297307179,78.31333092170514,72.08571274288346,70.66442004599888,71.76418661650943,70.59890237930351,69.36723039915202,73.16043098281197,75.10871042508181,73.81983128249597,75.50463103260824,70.64388069688331,76.24510070057478,69.89452870686598,71.06266674809554,71.5441626830401,72.33438906861522,74.05815277573069,73.39537236200135,71.78072667115568,73.6619039551629,72.70774676677263,72.97859738669487,71.00052725346505,73.94169506668182,73.05739468241916,71.93915385337911,70.53676366138504,73.16714115408479,73.00740980775039,70.63012902533731,72.84921896094511,70.76162137897215,71.03157066667386,73.34532063324774,75.81368054080538,71.36674719150643
photo_fish,67.88626676403113,75.13049253960268,68.73310971081621,75.0749813156624,63.78867669898659,65.36146114692573,68.97953332243279,67.94223035704178,57.06505013290066,66.13327616128481,70.92476471139835,0.0,66.70867777366449,70.75746601626552,67.40767211918777,60.700995208474126,66.75523885929375,53.786160779406174,61.475554521112485,63.14217039777503,70.6928558181458,73.43094596810278,61.79541491714635,80.98323884343715,64.82909680733519,73.61611566155669,54.29574802222969,65.51510738724373,68.53980209572163,64.33354212271557,69.28025568748457,71.27970261995799,60.45223671497003,71.29231964165848,64.69302255297342,53.673580207217995,69.57299040762531,63.71511650171182,65.90539002442988,64.70673056874922,62.6281887280734,54.18316779989659,57.12673301159101,65.10447685502511,53.79763971700721,65.66677544099099,55.175546061274126,72.86807154038043,77.0952931194121,62.64856943064529,57.55951356063316,68.35772107348909,70.16846596306908,69.32695581364757,70.52494586483725,66.90635305737682,61.906181082215475,77.86346650530542,64.99372686354737,59.36335503919348,73.62629923183042,63.480127458739815,64.67302032695702,65.16617486654644,62.15140391509339,55.001865504410006,63.16293817603099,65.47861510164574,68.59207107741902,70.00805451258158,61.99262293647146,74.02770719289255,54.797276738650744,56.63298853942598,56.81869235183817,58.07139193190628,59.28835058915975,58.86642325553475,57.04242121363222,58.84847228496144,57.21253054971422,59.66244701637951,55.598426918376155,59.88844557617219,57.95455101335193,57.5931563181719,56.0322210651259,58.22125031497593,58.2250798398986,56.38459450611368,57.538659411538916,55.91297876460924,57.03844205192488,58.97874985335938,62.52126980247778,57.36595736772924
photo_cherry,66.25557459117206,71.4298908335981,73.29557001489505,73.96961396316897,59.11117122813842,64.98334946838416,64.88711105396852,65.83507977093154,66.24681775451072,69.46949034900541,74.29459563507379,66.70867777366449,0.0,67.05438431886668,68.06981624380792,62.856378629850475,70.09074783846485,65.94106277479412,69.11355605598877,68.40943664260593,76.19609701895004,72.38608098709291,65.41886995561276,80.17196821563176,66.57305232212173,72.76252941896415,66.60099657917198,70.7463576193447,62.667341024636166,66.85146837114992,66.77142829372254,66.74703843074148,67.51412667360026,72.72809817127893,63.602041003453316,66.81230519722777,70.00658785807538,63.87735303135989,69.094767750456,65.43709517468942,64.81338710624013,65.94645295884875,65.17146796988558,70.67089761358616,66.40921839686901,70.14798020173707,63.043291579081895,71.00357799762571,76.8737671475774,66.00762422714493,67.56089625890439,69.0639915948908,67.05508563761947,68.205582462954,68.19644208893388,64.0831749793892,62.98194199975891,76.51658683628408,63.20517638369633,70.82249722081681,70.23221936187156,64.47904710372478,66.75387641307813,66.4441131720809,65.43529590239125,66.03266976751408,69.33031307945735,69.53782026028156,65.32123680382463,68.58522300701,67.03413039256755,71.21557670317773,63.47816407401632,64.60086837689202,64.33988337806291,67.65469879070697,69.1440567002375,68.56146655619172,64.81735046870679,68.85946422846388,67.7722032037536,69.26122134486769,64.92018940695762,69.00642165593423,68.5416303744018,65.32340539151977,63.74895526504516,68.39065082818364,68.20152489314599,63.354998729670186,67.8679988835856,64.26811857453525,64.39940135621505,68.72658134628487,71.704212009889,64.51131310455223
photo_tree,63.67129853472518,72.84957103668614,78.4664507257197,75.31248563942182,65.87928706154877,65.65692043101463,67.56444319095058,67.28925015358871,71.13183081366948,76.05578192888684,76.22073065787201,70.75746601626552,67.05438431886668,0.0,68.35588172632596,63.12607880884394,66.68525449104895,71.14370917893851,73.77889989953302,74.32282867299912,79.98341373077528,71.6451163918468,68.92893711581911,80.92095195476625,69.71083255164315,76.70866116751462,72.08268396655058,73.62267834789893,66.8422414732882,65.39463085623981,72.77805964923459,68.83426556448201,72.04228699467006,76.04359215909489,66.7086593534554,71.49394648514489,75.45075886184591,60.853523152351684,71.36775507843457,66.61419546823748,64.81857785868867,71.24184462811435,71.49142243326028,75.76788680737285,70.71512280489026,74.2517478821478,67.65827904184623,72.40034085138895,77.81506689302766,66.24407582397643,73.53206378952972,72.28109214577829,69.12555059825016,68.73542358094375,68.18056049771296,66.85934514310787,65.74870516853963,81.60529364506074,69.41864889257226,75.89147923559594,73.55505059892465,65.45920532257817,66.81823473414211,67.36296685329087,65.01663770550954,71.29336270847121,74.81249580909825,76.63894034039943,69.20753945606452,68.20526931167926,71.57015061208337,73.29096466599978,66.91943619416287,68.73128689052041,68.70223315650924,72.17678744824542,74.14342574423362,73.49590754002737,68.87411280812094,73.45281274876255,72.37908512133718,73.50425074001178,69.62038984494832,74.16467761301615,73.1723440194906,69.32291228655679,68.14880249119582,73.45119200137283,72.60569861305869,67.10981086228118,72.81273731632577,67.94653020451248,68.65845377117927,73.13503622021129,76.27357414692678,69.25257496375593
photo_flower,62.83504890905802,73.11265395859283,76.76107086388795,77.88809286703798,61.83388790571328,54.82735034410197,65.4741327088488,59.454911919672114,66.94259070733463,75.0281353385353,71.78670604982923,67.40767211918777,68.06981624380792,68.35588172632596,0.0,49.25459270154383,58.69786212840283,66.35612352452198,71.08790839594963,71.96095416871935,78.17665481646644,74.38584388446706,69.98464173721617,82.08269598113233,64.54365300327433,73.4555387879843,67.21268626557793,69.56802375633852,64.49502868552173,56.43005789434866,63.23723224461488,66.79161494299372,66.81482025354754,71.31888693735698,59.17105277789856,68.29374498635777,73.96603538303094,58.08761970033593,59.53257527277216,52.06766218872196,57.45899672081226,65.71177422473231,68.05280217418468,74.4517852920793,63.471284278921,72.48353525994014,64.51719048716532,72.08780448729993,71.22107115633817,51.55591011027099,67.65679686409541,60.968231405006485,66.05704154552234,61.46141300724538,64.81846179760029,59.01619452452842,57.50509517211211,78.72200702538758,61.62099000311706,71.20416853267832,70.11094409212805,58.89434146712351,54.4643288265637,51.50098799443728,53.53929908688554,64.98288836971913,69.86612893644207,73.1885800039882,61.574440317694034,67.80068604094694,65.06865753755577,71.08326998335325,61.2087351228,63.7200790477237,63.30196951333737,66.64960798763964,68.84069031827148,68.17080043945322,64.12680732382032,68.26202308257214,66.8898200380205,68.18851382111745,64.73093621747562,68.78152788848118,67.7361858795797,64.55796849458895,62.94679940608249,68.25158249614702,67.8965222715763,61.335900434036674,67.67659179418678,62.02269048152029,63.44465412469546,67.87375357549108,70.80823230624212,63.99297906435491
photo_carrot,58.797683633823524,70.74598848095599,71.96791272681062,73.76898874889618,58.30503873734751,50.812910528725254,61.1482844102658,55.608720569743674,61.40105478226466,70.03861592935736,69.28257068517001,60.700995208474126,62.856378629850475,63.12607880884394,49.25459270154383,0.0,53.14094618824167,60.481578721575026,66.2540344501067,67.13062282477347,73.4795669862856,71.1513344830519,63.68262920289359,79.25703076093215,59.47030190898152,71.36862152330094,61.48835400560571,65.72576808656363,61.396924314230226,50.53750316341516,60.225947209340625,62.73339833780599,62.221137215343745,68.34634526767219,55.128872629231815,63.05104766426549,69.36291410311718,53.627273835197656,57.08402240119235,40.48507345322813,53.411672507820185,59.7692236152251,63.299342019294535,69.93432597063587,57.57508694391135,67.76056990921745,58.77939988470652,68.77558434032272,70.80615774789003,48.70147026842303,61.85096246131502,59.008617294799976,61.48672676077029,57.30072764672324,60.87763371867201,54.83607060640766,51.85638642040434,75.40322546395964,57.14827236040538,66.03920318742128,65.53267858196216,51.95555856767985,49.9197983168413,43.554492864917655,46.299009230294516,58.894379290230965,64.82452033578761,68.54077485941248,60.125330143442255,63.15841948345113,60.803704696903125,67.41057124456432,54.82904901011308,57.74213998654071,57.37838247217264,61.0654241272448,63.17892416752344,62.59702434978262,58.02922888419117,62.58626099982851,61.40799074826495,62.06271614305871,58.843217133660495,63.23942401918623,61.99364505811504,58.83995772399618,56.88629341927719,62.85213561527705,62.2174233223105,55.5704907342324,61.83895922864184,55.39955294856594,57.299111458634975,62.60558487941062,65.65955379364675,57.886548350737456
photo_watch,62.28500131672169,74.05628190996777,76.88049247720389,77.96299028672459,65.6284973668955,59.46161299801663,67.96602137384365,61.711549612884234,66.25554251868448,75.22191630903589,73.0972699967357,66.75523885929375,70.09074783846485,66.68525449104895,58.69786212840283,53.14094618824167,0.0,66.42668334730486,71.12729033471193,71.83014702262447,78.497779070412,73.03408608495657,67.94767874961798,82.01941277854793,64.47059123096065,74.72156870962273,67.4315465863915,70.61785651603634,65.5428701409449,57.215538080907216,66.18533906274507,66.96042909412041,66.6358628130966,74.55369599347937,61.22312429423167,68.10805111920244,74.40617483333982,57.00001648935678,62.29847411737286,54.75125704793471,53.39160579420334,65.53762627962207,68.6613299295095,74.436873015954,64.18579993559716,71.85225752523654,64.08577002288561,71.0329688037738,74.14353953580651,54.464523685531404,67.72665315673055,64.69914947906086,65.41203024538832,62.32805845711481,64.5933219143145,58.23712830736871,57.75029830702493,79.48508591527832,63.33758277575227,70.72482940563685,69.71362989933394,57.919827129874896,56.7963798690396,56.4210387907134,50.652201621653276,65.13915942110283,70.86576467664044,73.55286720191201,64.0896438632319,65.81716405976411,67.4347720109704,70.07790237872315,60.29661302054079,63.03277422242511,62.95830534846531,66.49635367430365,68.65961632774416,67.98843739861104,63.204253627323226,68.01122129272927,66.58610046742116,67.18057453350258,64.13915467475265,68.62839492551613,67.302227907207,64.21281860202728,62.28146493399822,68.0914333951124,67.26470773780567,60.830957957757704,66.95191993652485,61.01218324751118,62.942305796305874,67.57361661198175,70.80803393415708,63.51630917325509
photo_key,68.2069200248927,74.80885951366653,67.73821066362393,75.07243470843244,63.51998191219607,64.11087980965092,69.41703474251875,67.63829886038397,53.53808617034739,66.35676263021148,67.74411897258797,53.786160779406174,65.94106277479412,71.14370917893851,66.35612352452198,60.481578721575026,66.42668334730486,0.0,58.5972501444821,62.93395765111441,70.17842689544797,72.52534767779642,62.23950968219982,81.13725861181561,63.75599901248826,72.02829950365573,50.100694292812165,65.70635515832336,67.94951890274614,62.81230373001738,66.89905624057262,70.07179729074504,57.884116110653025,69.93104252302535,63.375858449455315,56.10928322577572,68.63560497654498,63.00512939245035,64.6092954482244,63.23061075520365,61.815825606919326,41.61190267978352,56.822276349937034,64.19398516627118,52.4001985086654,63.875263210111505,53.129757500083166,72.24220307948828,74.23819081877772,60.92036796067781,51.693512489679684,65.68095469311329,69.17666841398663,67.83880486125338,68.23727177868365,63.92610541075616,58.19128847580732,77.03218797222097,62.10568774040649,59.00977994905937,71.86832617752901,62.507773903904614,62.334589471284055,63.06525762633826,59.437295528841176,43.15717307496774,58.88142644588947,62.90370689389948,66.17303303121363,67.89949261030884,60.748708418909644,71.97836017017852,51.41778268575863,52.14043713747673,51.76884071705699,52.18234181031333,52.32606173162798,51.88227732077673,52.81276378196148,52.88085761944714,50.86436736375813,52.98352349923515,50.42998755205492,53.560077784304205,51.26631262291417,52.667435727282985,50.88289272736575,51.03603062963681,52.336577919380986,52.864387972401175,50.65235591520287,52.90734879843084,51.435373475677494,52.651611270642334,56.536808878938885,51.659010546384515
photo_truck,71.09446918591071,77.22916443915892,67.9322828720652,76.41984778359796,67.4616334736601,68.77578095382792,72.88598556683559,72.31278282686027,62.09541117930835,67.98486390573365,71.37877906619894,61.475554521112485,69.11355605598877,73.77889989953302,71.08790839594963,66.2540344501067,71.12729033471193,58.5972501444821,0.0,64.73146114781632,70.14037487632424,73.15722910680954,63.449782831894275,81.94252181827862,65.94983176232867,75.5321188821179,59.51173861346581,66.30225850951005,70.90931174578989,66.89156150037248,71.36649090483405,72.68779128317198,63.43690801959542,71.93744270356929,67.71164666218088,60.67895538641942,70.91379120215026,66.7055617154311,70.08100172325543,68.14652017856136,66.43748269501391,58.240712136608416,53.393393883176394,65.05265251810272,58.54635305583496,63.4125083691189,56.40583689745755,73.77797314683498,76.2613301231512,66.24525728928332,61.79650647645947,70.92195953829017,70.85494282457437,71.11633312971634,71.75191245852352,69.5659091624139,65.83376459317681,78.44876791149075,66.80511301479376,61.5822938620298,74.6419337174907,65.2990692925449,67.70657057025201,68.19702768252466,65.86882797879652,58.38144410031221,52.63941731987099,63.46874949318348,69.70093923762589,70.55398057460911,64.45105337962674,74.13305400717563,60.33103513693932,61.119667265452435,61.516684917839484,62.71364022046663,61.93132483184421,61.45531059699392,61.74642747559436,61.911206821563624,61.73956386153382,62.9500047889668,60.45431403874817,62.08151942447048,61.689088312653574,62.076073657360155,60.49864549235891,61.67231829201171,62.18545580409548,61.33892481066072,60.966446704704765,61.67383591961943,61.99355912958669,62.41256969318425,65.69205492747082,61.7481575892495
photo_velo,71.16136833853915,77.02485193993098,70.87102184907255,77.59675485105805,67.40469479552695,69.80420351280799,71.71707285771828,72.33874601596517,63.55512366359324,68.56304301279408,74.66452458611352,63.14217039777503,68.40943664260593,74.32282867299912,71.96095416871935,67.13062282477347,71.83014702262447,62.93395765111441,64.73146114781632,0.0,73.50561402723942,75.82975220966739,65.81569102360305,81.60705545716121,65.78631792697752,75.75432794442152,63.522962748248545,67.91191002655523,70.90430415150458,68.68947677449104,72.72642047477923,73.77637863002968,65.6566580085706,73.7086026262796,69.56677021330145,62.69107800974436,70.24907798728987,66.91347442929653,71.13806425574307,69.73499485716134,67.550050176457,62.8468407933917,61.5100196526575,58.51108772952904,62.745440571862055,66.81302355375023,60.37250800444575,74.11247072681928,77.03818504135542,68.06697580775409,64.22049131966092,73.36999539990131,70.921082004493,72.08765274356672,73.077292169511,71.55870619323133,67.71510276314946,79.39360828085616,70.0834486180572,66.51034170213613,75.76579477052611,67.37001951099062,68.9368788278762,70.08611342300819,68.49768027502267,63.4709265844603,65.64598179820268,58.432302747471546,70.81806944973579,73.11235005584858,65.47525643346106,75.11869888119627,63.08794845077814,63.96790036837106,64.41968747765046,66.0714776349102,67.17867118596676,66.42514843717682,65.05347112727972,66.20694503480428,64.99296275500586,67.29666685176032,62.97905766756091,67.14069671168976,65.46323404411073,65.24169803349932,64.52565566028618,64.87615195030205,65.8954383248546,64.21977013223317,65.49838701743083,63.943781845409966,64.46121720899708,66.12903338818808,69.74751629679992,64.81999790687826
photo_road,76.49227742993303,80.7280981974543,63.56792828240761,77.74079442222556,74.35018466156633,75.06191664117738,77.33987948449388,78.19139621304647,70.29395290895084,69.82495980814248,77.17913986868855,70.6928558181458,76.19609701895004,79.98341373077528,78.17665481646644,73.4795669862856,78.497779070412,70.17842689544797,70.14037487632424,73.50561402723942,0.0,77.3785905167091,68.52456618284855,82.99661503744112,72.9309009702436,82.47932011700344,71.596575379183,71.71104251739106,78.77828869249684,75.28624093379507,79.42166684900185,80.13592498325205,72.93443524629517,76.49034741196282,76.6275405345177,73.09018907257801,75.64301903990034,74.11397680994271,76.36225768673533,76.53232643570338,75.78652207348497,71.64582461737473,71.527911949763,73.37345935751284,67.8443346158727,71.21072650859406,69.57781746247085,79.09627573642285,84.51899261649848,76.25960984515059,73.95483846394087,79.87063131014706,77.81912014854302,78.607153533345,79.76505038609056,79.3290590594358,75.94315356000371,84.02035159449716,77.73587108183612,75.53403829970796,83.02573791781245,74.9570187980669,75.65727889784716,77.21727379893733,76.35935648431382,72.52781504061436,74.42971644958402,75.305116684534,78.53672153956548,80.01314821463873,72.67912092266468,80.42414646404251,73.29693632403644,74.12437444228337,74.67000308711124,75.65218649362323,75.67788655886409,74.88103232611354,74.94421499807872,75.40269356567029,75.27441903056179,75.52242042914162,73.7130202992278,75.43866179711671,74.56518922926709,75.31347933720798,74.12797668776163,74.95526060983684,75.76625127317396,74.3374407257011,74.4460338907716,74.04258490448066,74.73367067439983,75.80981290259503,77.7535670564986,74.75539839429247
photo_house,68.79788671835456,70.8117979069324,76.34921034003197,73.35690886313274,71.62802680310372,70.3853620182248,70.78619129230137,72.68652208474437,73.05884134094235,74.0085382493344,76.11880724938655,73.43094596810278,72.38608098709291,71.6451163918468,74.38584388446706,71.1513344830519,73.03408608495657,72.52534767779642,73.15722910680954,75.82975220966739,77.3785905167091,0.0,72.95061670101663,80.05713985425533,72.12419344083298,77.22750700213577,74.59300938545627,73.50565403516804,73.71339274999092,72.07552946838294,76.00061056703657,73.3944380210314,74.8427930031467,77.17527465306907,72.59306144454744,74.58069852235916,75.44067413226425,70.41574477518039,74.49769292984051,73.89341963223744,71.43486150481499,73.72404109660172,72.76683007147419,77.10275624272815,72.56028846692843,73.78464312603107,71.84892169481445,73.9874214763904,79.33436995958047,72.88981726242625,76.38519309537337,75.44951034323184,75.64033567050848,75.48109368205425,72.1141219745732,73.4016884866935,71.83974177735718,83.3542383706304,74.13297518319737,78.22041995565016,77.78649830129072,73.1182175212208,73.45138244183501,74.5144623424024,73.34918714851695,74.3226194133107,75.99840786050576,77.77508365346222,72.3012544155989,71.08708344776691,75.26978074583337,76.81425344054773,72.48127918072201,73.18367924060858,73.9923955086481,75.82723662361552,77.42953926293069,76.69381865767042,74.11953275853014,77.15370302764613,75.90371052177073,76.72114323042472,73.59818668658366,77.25009522366356,76.35686894732991,74.53141247545851,73.10273576223939,76.25105857542715,76.08321099416871,73.53137003816354,75.66563641037037,73.52754211738895,74.06619044040083,76.41422319064375,79.40724324972437,74.34655238614945
