,photo_face,photo_profil,photo_eyes,photo_face2,photo_walking,photo_standing,photo_hand,photo_legs,photo_bird,photo_butterfly,photo_girafe,photo_fish,photo_cherry,photo_tree,photo_flower,photo_carrot,photo_watch,photo_key,photo_truck,photo_velo,photo_road,photo_house,photo_mountain,photo_windmill,drawing_face,drawing_profil,drawing_eyes,drawing_face2,drawing_walking,drawing_standing,drawing_hand,drawing_legs,drawing_bird,drawing_butterfly,drawing_girafe,drawing_fish,drawing_cherry,drawing_tree,drawing_flower,drawing_carrot,drawing_watch,drawing_key,drawing_truck,drawing_velo,drawing_road,drawing_house,drawing_mountain,drawing_windmill,geo_face,geo_profil,geo_eyes,geo_face2,geo_walking,geo_standing,geo_hand,geo_legs,geo_bird,geo_butterfly,geo_girafe,geo_fish,geo_cherry,geo_tree,geo_flower,geo_carrot,geo_watch,geo_key,geo_truck,geo_velo,geo_road,geo_house,geo_mountain,geo_windmill,word_face,word_profil,word_eyes,word_face2,word_walking,word_standing,word_hand,word_legs,word_bird,word_butterfly,word_girafe,word_fish,word_cherry,word_tree,word_flower,word_carrot,word_watch,word_key,word_truck,word_velo,word_road,word_house,word_mountain,word_windmill
photo_face,0.0,69.46466755628003,75.95862622685799,71.4787060078566,66.13741474355972,64.3633649762045,66.43839260587492,60.456734279957615,69.97870251699459,77.5619130481795,75.42616753597147,68.81683382745986,68.1068594629356,67.58085503035214,64.86911283311758,62.90237511071779,66.27182094006811,69.42489891286115,74.81979256907805,73.4659865421902,81.04384875469205,72.95442104693655,71.68454885493271,84.4827694953128,68.10366805492741,73.62980317923832,72.70254280540922,75.37657067496706,67.86771433310429,66.8911569634913,70.40419907676065,70.25184506293111,68.95472770430312,79.47733995487737,67.18447340080208,69.7101591816818,76.55957048470097,65.72736861415518,70.5482838832469,65.12573910175425,63.897577906864235,70.18630695904359,72.6894085498339,77.42442672621516,69.15897433520146,77.51024845621826,69.34933131697925,74.4007980269925,75.77693732460762,64.31728138883996,72.12519913259953,68.17123671029992,69.7494120505536,68.33269880188394,68.12181840021702,65.58073622227535,63.59110873844421,77.55130566591039,67.91280817640259,71.54963853058013,72.59804262339664,66.88920384336674,64.8465174190406,64.28887384514039,64.65390087921386,68.98174243606309,74.13030795911392,75.25304368156144,67.9185670660939,70.94829212409807,69.73674042777047,74.63705133677202,64.60546815726047,65.94178725775015,65.67277781005023,67.66103583831763,70.21847406209957,70.47801624469571,65.53590983005154,69.16153398329634,68.89213912538168,69.3781086164856,67.43572037221345,69.32670535986732,69.70111216228877,66.26922843739138,64.96697847765434,70.38788863106531,69.30535222145541,61.8595326842043,69.41444316390506,64.12890582756036,66.36647871586358,69.75620512495912,73.8559408876674,67.37787575826755
photo_profil,69.46466755628003,0.0,79.45421912379607,76.18278501900465,71.8870094914794,72.34112415041685,72.68138109772462,70.68950762347212,75.08977924459306,79.00281159074983,79.51340880297575,75.23503849609452,72.07999732251167,75.45595879527784,73.0916211879446,72.62029225565281,75.63593461467838,75.1831266293615,79.22883762801983,78.35915867989921,84.00650619367863,74.03105629872756,76.56695077040767,85.23860983925266,76.86202076893879,72.38558615160213,78.22347339905149,80.03801421971718,73.9153050657194,74.23095403819809,76.42532563096582,74.03171049925925,74.76150692094174,82.84031231643463,73.33433865451266,76.38599853629829,80.1412143555839,74.97424293657045,75.65424352142271,74.04248814941103,73.58294463195436,76.0739683412254,78.27660862208018,82.06986814520157,75.4635856953262,81.06253418822405,75.57547342720056,78.76013370486302,78.40224896015161,72.71415645377165,77.62675340395482,73.64525681778714,76.63931763800676,74.81642620880727,74.05932246543408,73.0484732536119,71.99125882301692,80.91021547764173,72.78866014864325,77.2988413259461,76.44638047329174,74.0614914464233,74.35976388296501,72.73983313574713,72.90635663832846,75.21929070332294,79.35910197563298,79.49777681931724,73.63339415082817,74.49434557583587,75.53389995170227,79.43769391050759,73.17125115366414,73.08337411400875,73.12805641447643,74.01751438044445,76.19749072606135,76.65386887173011,72.91845353549054,75.24362252120868,75.17100483837436,76.00309722892644,74.11822577642968,75.53695726853401,76.06098084640836,73.04044944566115,72.5488935474254,76.67985924277369,75.19526513176176,72.59716452012327,75.54668993172002,72.94460200668138,73.29743204114595,75.95412905703803,80.2251461089991,73.69535869021914
photo_eyes,75.95862622685799,79.45421912379607,0.0,77.09344435628665,75.78761135400755,75.38702239722396,77.8887576408858,75.52450029351411,72.21223809960574,71.3838719042372,77.3819148340316,71.10588615079321,74.99367197428285,80.69471691649301,77.66344554465738,74.94320177967073,78.75175455539159,71.39489913134321,73.52008872346107,74.06143395256036,68.43128096233454,79.70129335740664,72.24709908087331,88.0852598119717,76.53996353044691,80.40685442915544,71.21274272052645,75.51763596929156,78.26962493230533,77.2537702304718,79.79968517154842,80.17006990474863,72.26869231274473,78.87086913937814,77.86693790409598,71.92356874125296,76.99309476420963,77.56726693840999,79.82291781890478,76.813635111352,75.59164665806557,71.0366589893988,74.06692389061128,77.36862160841318,71.63090798443419,72.67590472962823,72.70370085766633,81.76197725549603,80.63510712641911,75.18294267655372,69.83249240664041,77.69355714382843,79.04574610876041,78.09548988069052,79.15459599093342,77.53213969779381,74.56420288198971,79.08501379464968,75.85434361181176,72.36803453940018,79.93595479445062,76.11728557880666,76.05640751079898,75.47877228630512,75.16529502450562,70.35403959540321,73.71680860542972,73.16048992627822,78.33792065895736,79.77673359108032,73.50049451711165,82.08113433198947,71.50926439270386,70.70011875368293,72.15842509705493,71.32724275426254,71.68104029143275,71.99152044997008,71.29655835945309,71.35209907569687,71.7030463331323,71.25173505920553,70.95591524822603,71.00338678112512,71.26575991982943,71.33801514274658,70.99424065219051,71.97212999543679,72.32601233023614,70.88182121392357,70.74092323752322,71.20323890080641,71.62256778653645,72.51955401796822,75.86973581717079,72.27289790807377
photo_face2,71.4787060078566,76.18278501900465,77.09344435628665,0.0,75.48435149608638,74.53718407564874,74.4871969484231,74.28847605364246,73.4405667141226,78.00427689773962,79.25816527702979,75.22938022136,75.04081757984918,78.17084175208828,77.54211643289939,75.45137021248001,79.06475855277577,76.37200428854585,79.70762417664059,79.22447006968805,82.13647023606887,76.88173922806077,78.0762843590495,88.0822356816633,76.39268571035355,79.16388849383264,78.56912726201682,76.26235289989897,77.73473328976615,76.5027444672359,79.68627511670552,78.58138019508927,75.70461161517855,81.02468834641151,77.23341862572293,77.03775887985769,80.62185496195465,77.57573128385606,78.92259725795141,77.6473535720126,76.35643006610826,76.80250573060246,79.471748292108,82.43009682651952,75.4905129803181,80.53666471582426,76.77556135716178,80.38218564064321,81.9803700117923,76.01904029206212,78.5428274737547,77.13214493401586,78.74298730398071,77.47585311857152,77.51978863880588,77.88846922293534,75.66140382803758,78.701515180227,76.07391478171003,77.74779051597034,79.79113998661836,77.19090865276128,77.08214707438624,76.33685638247991,76.64235542124531,76.31094016646459,79.7515995466433,79.93581617591352,77.51472144210427,78.72137179681543,76.5345421249995,80.9697256259107,74.67224935670755,74.27456427697722,75.13276199759208,75.4768354076195,77.31986804075048,77.46426941249703,74.65158407628785,76.69736274815588,76.43650708474024,76.7958717209375,75.68015796923386,76.72747407131536,77.2125308389584,75.0552784165583,73.87324802821603,77.57364213567408,76.70438891116137,73.9241758055411,76.6392165228476,74.45311005418354,75.26053470482765,77.07629693453265,80.97696478061692,75.81630121370456
photo_walking,66.13741474355972,71.8870094914794,75.78761135400755,75.48435149608638,0.0,60.211228289339495,66.21907502472541,58.7208997188015,65.6999204756721,74.25100084998247,72.54323379989137,64.07356542513641,61.91167288869799,67.94213042927983,61.77422236526299,60.36405848011504,66.16630878310943,64.72246023009426,70.02089099056506,69.23472392200782,78.53489049361971,73.51130653427857,65.88356103950423,83.28511710181266,65.7680444779899,72.24448371194262,67.6191059438919,71.7610644130053,58.695895060172475,65.89959612590252,66.95434533528838,66.44274358411637,64.02719577552233,74.9929920535705,61.353069781525136,64.0180081274003,73.51804124441976,63.619881550138686,68.58954830378495,63.02556949879532,61.7558601982852,65.13675413057048,67.33123431569844,73.13791186636386,64.09282741167196,73.82511053534792,62.350713336563096,72.1676538712097,74.03826019214736,59.567260089270206,67.25489782403812,64.99272381822733,64.65240915535021,65.2812317331042,66.38902206127311,61.834639378872154,59.861877021794996,74.62473427227815,61.883755614840894,66.1405968079581,67.83012524607489,62.39113165488759,64.45941540889754,61.6948832208066,61.25312583891671,63.655710066026174,68.61190137389919,70.4640162232964,65.08564744671968,70.84018181464633,65.09973511246389,72.41605495964222,60.47185692276425,60.89044485222347,61.116323460474945,63.00291226319667,65.40167770119416,65.57656654225968,60.7635940541705,63.90170714568682,64.4821713659102,64.65983163472553,62.50053054439909,64.67169864211087,65.01249221782449,61.240960572552275,60.3891897956265,65.27416092275429,64.52140462145097,58.46145784186295,64.23959527058591,59.81162986510606,61.47754934973025,65.27140937680599,69.33873854076785,62.08412563991134
photo_standing,64.3633649762045,72.34112415041685,75.38702239722396,74.53718407564874,60.211228289339495,0.0,64.03384162784079,55.22092618939588,66.81570716354817,75.76368208063327,69.67208598976781,65.5447973993807,64.95658543119622,68.12219578349843,56.21243130808244,54.153118268934676,60.638827243467055,65.05711954122707,70.91644003466686,70.72682231768731,78.42364319980918,73.30767606294017,67.27040800889773,80.72412318811774,66.16988016089195,72.06242426158069,67.65859595039808,71.61939894470159,62.354453912487905,56.857464038889084,64.47895395752424,65.29224514757453,64.61440483715961,70.67413796751649,57.947395825700525,65.07090792420159,71.54609525750745,62.07363490680706,64.65647729107415,54.583212517370825,58.959933439500446,64.4543605296782,68.18413425796602,75.28978165130484,63.40339161714276,73.53057751925054,64.01327113694533,68.13724899219058,71.32190427615558,53.9014889183197,66.580604499276,58.35546682436078,64.84724685744244,60.04053862184582,63.19826009918108,58.77048765658966,56.03731344148914,72.2157234883019,59.00653940508803,66.21812051594172,66.37839518637519,60.29750093441171,57.66743256021681,54.030600130676056,55.267270400486616,62.719778424849,68.71773667735654,71.25068125208853,62.099161365479866,66.9924958241128,62.28395962350167,67.74379006929288,59.38557282703161,60.31278324393008,60.14497588100435,61.86315425421714,64.67986177292212,64.91975758585757,60.01404313399582,63.31300646605798,63.6961528475831,63.70078820225882,62.63901063287096,64.1049780228084,64.3573085463963,60.602129867866545,59.535743412098086,65.29997821538603,63.881940207108215,57.80232217783803,63.82712472704792,58.60057545972581,60.5305285667026,64.4717491027067,68.60499207482538,61.445262835990064
photo_hand,66.43839260587492,72.68138109772462,77.8887576408858,74.4871969484231,66.21907502472541,64.03384162784079,0.0,63.0770779513642,71.88370385570262,78.48737257030548,76.64872011452461,69.26113313811717,67.61427439078507,70.34425506011267,66.60166212548374,63.55747417751714,69.80182195141954,70.58408315450029,76.01582004405908,74.51414302956657,81.91338322102582,74.64329975282129,73.08137686415137,84.8454772684969,73.43095033304091,75.35059314100802,73.23968293221773,76.80554332984198,68.6564637646752,68.02465746557459,71.0221001625595,71.92554330202341,71.46759318683057,79.89508168481906,67.12928646957616,70.66675490673585,76.36094759828593,69.00490148597716,71.1758497988888,67.00949538079442,67.39572327569216,71.08386462398684,73.59814226748409,79.09515612803634,70.38556710854482,78.94471803461373,69.7597141335836,74.98311330641022,79.02324176288944,66.14694240168538,72.43117829587212,69.65786039680246,71.66739671443922,70.24054143003166,68.07186232686398,67.23060385338938,66.34401260618498,78.42436966034826,67.66335857841271,72.82516298372101,73.13282004261937,68.34865348997916,68.16724562769397,64.83655197039153,66.25946080757427,70.1981070002665,75.15344082276306,76.02777042096412,70.06070494420888,73.31709096026539,70.815412203963,75.26324853803573,66.94325175865767,66.86399971052141,67.14313061156932,68.86350545279141,71.13019248797126,71.64051927890752,66.94937499018695,69.97101624760293,70.41983494004619,70.3720130477054,68.8500038684107,70.7282669457638,71.00743579532475,67.10716343712197,66.45804138537613,71.23989934755653,70.56612613901879,65.69250749332578,70.53429443522394,66.40844007387707,67.09033951098964,71.38103217340277,74.79897480333887,67.73401403731674
photo_legs,60.456734279957615,70.68950762347212,75.52450029351411,74.28847605364246,58.7208997188015,55.22092618939588,63.0770779513642,0.0,66.72042544887653,75.3838531317176,71.73569628419085,64.74868048366461,63.39134947400768,67.14600044447415,58.124511494671715,55.78599982486236,61.04567918640115,65.46262731547749,72.08359212430798,70.8388478822393,79.23698992805281,72.8894405507779,68.86158734388913,81.94954846375192,65.21236691561222,71.65587170437786,67.99091918619823,73.46643490164018,60.835818743108284,61.883703607030654,64.12146049047462,64.36923679596765,65.37870251089255,74.511017289245,62.32551057040484,65.76695169158351,72.86622804398633,62.303512014958415,66.91603086858304,58.41529808092823,58.00526830127865,65.14706525514525,69.57906286943586,75.4537310047276,64.14823830294762,74.90860955223455,64.48171493794612,70.22154438960486,71.4466415248247,54.28872143696827,66.71786723776677,60.823816034276454,63.52599502760913,60.941270229751744,64.30695703512545,55.83438538043505,54.46536177099334,73.63344858818435,61.611899935113065,66.80841282598867,66.00104127762093,60.75683499411823,59.90207436988233,56.5248483712495,57.0377548856559,63.303463680965336,69.61541808913033,71.33159991203155,63.288842658289276,67.06674932550001,63.15688451940386,69.19632794339682,60.395117095761634,61.07625102638609,60.74346667772663,62.57755535137945,65.23518965938875,65.45191685334795,60.60511192391692,63.84409627261475,64.46092297825786,64.24792630758536,62.83231447689506,64.6386785740916,65.04144612160987,61.2630682992878,60.23426166942735,65.46255002206333,64.41140127379781,58.17486309632471,64.25215230287579,59.70653022001411,61.0304763171528,65.27599215376142,69.45792786241354,61.937208231130484
photo_bird,69.97870251699459,75.08977924459306,72.21223809960574,73.4405667141226,65.6999204756721,66.81570716354817,71.88370385570262,66.72042544887653,0.0,69.39580173257076,69.66735606078204,58.90803478805108,68.50012513001451,72.85852551462973,67.7481548645243,64.12421102104538,68.90957125667998,56.54704521681789,66.8246754111061,66.51046801406945,74.41659099041205,75.32552358493689,66.67065097716997,85.19371629154854,67.93011776010255,73.74474911095717,63.143333448561584,69.39476328429366,68.95312288839582,68.61560161642339,71.52979877683093,71.73695035340037,56.12294404612018,75.67067215643314,66.86612257895656,61.45892681540313,73.93279191849183,68.12048932545754,70.26676169868394,66.81103090853742,66.04139310862197,58.67775745990028,65.0441346048613,70.62282080783262,59.02211902122782,71.08475871532748,61.1168151775078,75.53077379489847,75.76705520178373,64.15543146243624,63.18684052003491,67.08898328363831,70.85333439726661,69.53576521186942,69.9550402952654,67.07622793666991,62.61450097097013,74.48521843494593,64.3901673114523,62.79338110189986,72.75714154229395,66.30170269007415,67.25977079707602,64.82380361394779,63.22903240695465,57.46200509485341,66.80591230784407,68.2744900682493,69.99075765846374,72.0898488874192,65.81433818012847,75.16977207659616,57.612960900863776,59.00142392089214,58.67770286148819,58.09417702486872,61.08179764694302,61.30130505130185,58.55093804404003,59.48125649499828,59.223031355100666,60.57769932536013,58.460210870991844,59.846558513498884,59.9109944125141,58.2896436784701,57.08665524122367,61.00092285738266,60.10751962130944,57.108276717948165,60.40574986629796,57.67498377082092,58.78028429562332,59.8091934796713,65.50654459372123,60.09706616651551
photo_butterfly,77.5619130481795,79.00281159074983,71.3838719042372,78.00427689773962,74.25100084998247,75.76368208063327,78.48737257030548,75.3838531317176,69.39580173257076,0.0,79.45724068564542,71.02851734393126,73.70220281771341,78.98044402198323,77.36109869887676,74.97276109624245,78.84588982601774,72.15025868072867,75.62649978207006,73.21123762104126,76.1093263403889,78.80312077057654,74.71989743509768,86.90117740905727,76.2398186202506,78.63166036988014,73.22853271065918,71.27822672555709,75.57843166409067,76.83594201999354,79.84410739804468,79.46839293044232,70.0611142674673,76.5209757466736,76.60126368261795,72.18652569132865,77.92144434980895,76.86269262601934,78.88198116172853,76.49399971936555,75.26123493053916,72.15260019325987,73.78114075653943,77.30414257523714,71.08453707443789,75.09993150897613,71.82223623316426,78.50590302528173,80.04727776012973,75.13218934570014,72.91128509047104,76.66601422355727,77.37644464962861,75.80876539854744,78.28885948433802,76.35991938509865,74.59639033086408,76.49291946578414,74.43375283188276,73.02735873568014,79.91241740520718,75.0728582250493,76.503401434277,74.89166470410697,75.39278995095599,71.82215554408367,75.41572798346444,74.60846144516029,77.64504725378607,79.50780587877031,72.4437011089898,79.00725172132294,71.5261251619474,71.14421955874872,71.89511694114324,71.88135559006722,73.67527646948253,73.84429578691122,71.27778725467816,72.45251839883665,72.31787606788902,73.11326588258945,71.27293190954781,73.28462327508178,72.8016073809517,71.13512891537441,71.02769775738287,73.51573714497643,72.46831760889758,70.47585523532184,72.6902439394746,71.16469879881667,71.9245480366417,72.73134423378899,77.58075419102109,72.43904714606765
photo_girafe,75.42616753597147,79.51340880297575,77.3819148340316,79.25816527702979,72.54323379989137,69.67208598976781,76.64872011452461,71.73569628419085,69.66735606078204,79.45724068564542,0.0,71.05539425585071,74.25478486042573,77.21944735371102,71.89639051702054,70.5702078640999,74.14386016061049,68.82607564802564,73.82169648397598,75.75629557391409,79.89423058956,77.53498854113973,73.71229387696015,86.3329385271717,74.50606843963473,78.9761224493434,72.6187513886436,77.57478961181671,74.08567887804433,73.38523014580223,75.1878374427245,75.28114290025218,72.34972986378777,78.99662480741233,70.70658610721293,71.88128309890115,78.05536743280705,73.58157447419437,76.42311009294855,72.42624437647723,71.53480256707222,69.6067446793521,72.5521646541341,78.36272145326188,70.44121034988957,78.10204087561728,71.11206922029817,77.99110499534812,79.03734239958408,70.3239010060827,72.31312794304779,71.90515850749966,75.99830864354608,73.29069933409487,73.76707898013167,71.69781697564812,71.48178703772183,80.92421379219795,68.7560806571511,71.65087750185629,75.97908684584795,72.42637118997649,71.55920257696691,70.56667419351928,70.82489555717919,68.55724254578082,72.92122233030362,75.25875835330159,74.06453099983997,76.64451806119637,69.61270654835305,77.34895716744519,69.47987623542097,69.40053701762011,69.74672421058463,69.71589684114541,71.39743971510626,71.74447386550698,69.57753733530548,70.61356812572959,70.68741161036567,70.20762540036189,70.70742876725265,70.63082292176796,70.91890055975168,69.6427742511017,68.70335594111684,71.44179516827596,71.05410582556921,68.64474557081857,70.48220745346258,69.10435250427743,69.60960995050839,71.46455121804509,75.35542141136837,70.4575372115006
photo_fish,68.81683382745986,75.23503849609452,71.10588615079321,75.22938022136,64.07356542513641,65.5447973993807,69.26113313811717,64.74868048366461,58.90803478805108,71.02851734393126,71.05539425585071,0.0,67.68388047246106,71.32959058878235,66.82007720154976,61.8990070472882,67.23896499221247,56.10146102435492,65.18775126955028,65.10272202675311,73.8385864042781,74.31350016942034,64.74559923042625,84.49593371062919,68.49467067969371,73.71381381035482,58.63827396227703,71.59235835397821,68.68071305230235,67.68421166259633,71.00604823461866,72.11636450679626,61.256432822576436,75.60638727178328,66.4504498185668,55.56794197862929,72.79122545940476,67.54813431821802,69.89268426273533,65.51256412646725,64.09990709424629,56.62813393013766,61.4883128017636,69.83031001641679,56.105920429821275,70.79824596253756,59.05307499488019,75.34216086587361,75.6914337780002,62.04878675812587,59.116818110128094,67.13847570196145,71.37821011767255,69.56013625233365,70.72445556439529,66.39013078266433,61.97744113309531,74.84999690574618,64.12926302002201,57.77145012654919,71.69382529671316,64.67948149739235,66.54388233817126,63.904370759444504,62.496241708213425,56.30210460002392,64.80001012260912,67.05746141486166,69.35132921546287,71.55993476087858,63.00984948411007,75.17481373331077,55.78618366643538,56.36282317629975,56.77945539316804,56.36528523128666,58.04282672929534,58.45773667547508,55.99877139199944,56.463345309412695,56.2074978865038,58.14615835002509,56.0513664196386,57.46783824118585,56.91653800535492,56.288343584835744,55.31782592683,57.41450428131759,57.54147892639267,55.285238172982446,56.39560392799595,55.49812398130243,56.9817327683078,57.98094912584324,63.23475842386934,57.88176338846648
photo_cherry,68.1068594629356,72.07999732251167,74.99367197428285,75.04081757984918,61.91167288869799,64.95658543119622,67.61427439078507,63.39134947400768,68.50012513001451,73.70220281771341,74.25478486042573,67.68388047246106,0.0,68.41198290680029,66.9375664504313,63.86359131620283,69.38297277322367,67.61144023348132,71.90480884363647,70.20426753372861,80.41339369600902,74.58776989935427,68.42387872262321,83.43043672543382,69.87305536548048,73.31123887007607,69.67453906265692,75.61210767464081,64.27738231810704,69.24852220204883,69.34231021912069,68.92294894697699,67.83155643471055,77.14603297527616,65.69262895201328,67.45645539140685,73.56271167030351,67.4567989508962,72.65088753876428,65.87538038613931,65.2398361894855,66.87845093325978,68.268873825982,75.17053347915243,67.76864341420796,74.67003883294635,65.47908572889114,73.41863097081932,76.3423066140238,65.43915451487103,68.54466425504299,68.28535696450075,69.40573071867932,68.89016253175409,69.21530632466366,64.91443972440419,63.590131428990944,73.73318603257468,63.54436520716643,69.16497465482831,68.65141105933034,65.59865429311205,67.46589955193218,64.61393178850777,65.1863346025161,66.38681088086648,70.66893997947598,71.1533637020894,66.52515548869283,71.17331719599919,67.4260008275889,73.11553867868193,64.0822869097586,63.45918321694259,63.41101365339009,65.45026084319053,67.45452415937835,67.65859633693873,63.24185310766289,66.42753063135812,66.47268808410179,67.32766587899752,64.83353268900498,66.80767748890038,67.83572995293622,63.37541541799397,62.60442246864499,67.92066948473867,66.82670084539096,61.63845957913077,66.77993725074448,63.54203054504365,63.71308715228041,67.59903767112604,71.78002728979303,64.20521520785643
photo_tree,67.58085503035214,75.45595879527784,80.69471691649301,78.17084175208828,67.94213042927983,68.12219578349843,70.34425506011267,67.14600044447415,72.85852551462973,78.98044402198323,77.21944735371102,71.32959058878235,68.41198290680029,0.0,68.74930626112591,64.50415408821841,68.39355638742016,72.29311475302441,77.13523470649503,75.6662414918466,83.2920112075722,75.07386358324146,71.21206013766125,84.97568614683975,72.96904425103128,77.4918889386127,74.67581690844045,78.2620777316766,68.92042563428201,69.18186292674459,74.42343352080617,72.02492120200996,71.94988035346907,80.10638385284601,69.62312425871684,71.99235799724727,78.23058511341303,65.97567475570992,75.04418413416577,68.2887057923873,66.95348932396517,72.78051430314505,74.51001058698334,79.5110924639912,72.2496033794135,78.84432869098138,70.62776482563146,75.65330195856258,79.10952726568627,67.64343808160878,74.38279746121265,72.53612716301808,71.11864635617412,70.81996619693155,70.43724564712271,67.76223539021262,66.99264898513567,78.30738383940674,69.35876111096074,74.09357162065143,72.72840759932096,67.20783469519485,69.02128320586107,66.55302444776251,66.99060528499498,71.43613332845871,75.948447467633,77.56231299272432,69.87233336440507,72.9119577200931,72.03416781816829,75.32117613268603,68.19972591902587,68.61215781730151,68.72979750999984,70.6513727173262,72.92355163414747,72.92851955545382,67.95174466015037,71.58383704694195,71.43754291994114,72.16361544227844,70.18821547984491,72.22327643062481,72.49313462162101,68.79017359741839,67.86037905561842,73.0093255621007,71.91378283176843,66.08238612802326,72.11475034169659,67.59636976128348,69.10750207832724,72.24216077420742,76.4981619082491,69.82676601759404
photo_flower,64.86911283311758,73.0916211879446,77.66344554465738,77.54211643289939,61.77422236526299,56.21243130808244,66.60166212548374,58.124511494671715,67.7481548645243,77.36109869887676,71.89639051702054,66.82007720154976,66.9375664504313,68.74930626112591,0.0,52.713821474651084,60.62101319154776,66.62724730013379,72.50280486160925,72.41671556186564,80.80627952244495,75.32826321851316,70.06723442419495,84.7828025056516,67.02220209069294,73.26522678274426,69.34176542272596,73.6425186287347,64.31072483205736,60.34560009762987,65.19496214861465,67.50142774480544,66.04638278067374,73.93721990840501,61.0124622544429,66.36783336641196,74.80129212708088,62.24673771541416,64.7571455932829,54.64664553374519,60.367463729660116,66.01188165837327,69.34105654080011,76.64814038285637,64.21660619973864,75.87775873841785,65.40267935302916,73.59517734029092,71.34011274800953,54.014492687042114,68.11543333915127,60.52737250572882,65.79994693647294,62.44667329909659,64.79021594788246,59.76055622617448,58.00075157140842,74.42654730604754,60.375867630928866,67.64517524794393,68.4837626012151,60.499481914052836,57.159205874125185,52.06289576039624,55.71668573257866,64.17898102497632,70.0174796120159,73.31233249400896,61.652635630480916,68.88011285444179,63.84453496339424,72.17032154985569,61.27474072138499,62.0888217849661,61.78265519487962,63.532961888183486,66.18787725014664,66.5245094286547,61.86898226315117,65.00529011548149,65.19195625127863,65.5374713235867,64.09317696050874,65.6870385732379,66.03781742086603,62.03736699720946,61.19843466374555,66.71341501735853,65.58202004897208,59.21626048726603,65.63035290719097,60.74181381187432,62.23685542020312,65.95745693840998,70.00279591160691,63.160134187228785
photo_carrot,62.90237511071779,72.62029225565281,74.94320177967073,75.45137021248001,60.36405848011504,54.153118268934676,63.55747417751714,55.78599982486236,64.12421102104538,74.97276109624245,70.5702078640999,61.8990070472882,63.86359131620283,64.50415408821841,52.713821474651084,0.0,55.87413919341315,63.00325157183924,70.12874551153322,69.67466486637096,78.92320817398556,73.81137563613298,65.91221106388228,83.65258668858237,65.10288973813546,72.39377424030538,66.04972337594883,72.66224433935092,62.55757471099688,56.47704161561196,64.32577514808706,66.15261344181079,63.675895974463195,73.41298469641882,59.19518755989597,64.03878756613375,73.04298905838604,60.42832699021133,64.27444312903494,45.656426605843485,58.28220591904749,62.40169977476318,67.1634019588965,74.36823913101169,61.06850070030473,74.09971159885029,62.74378061223166,72.83438788870798,72.10772590934647,52.580587002448326,64.4424366454112,60.6838142665154,63.96889701670478,59.43018532533232,63.0317627279135,57.65696992755207,54.339561885050514,73.27262393512669,58.055152590651474,64.75596805376074,64.89633322271466,55.3638438496623,54.626690890306875,46.45110364607294,49.9718111184908,60.34174535359702,67.62151519793221,70.67227440973068,61.72172842162292,66.66578193762177,61.95558918526284,70.57634378883708,57.47204434050502,58.477066654624146,58.087700815414905,60.00943560766072,63.019761013450434,63.20892793897508,58.03442313565352,61.56945711028789,61.98520975798082,61.95411823719861,60.80124381936759,62.42938730719674,62.80814045604911,58.62497716278074,57.61794761672705,63.59360575507895,62.22451643661297,55.63371375587081,62.078146387064976,56.579257563850376,58.63219437207878,62.8312235337053,67.02331367911678,59.512072869673055
photo_watch,66.27182094006811,75.63593461467838,78.75175455539159,79.06475855277577,66.16630878310943,60.638827243467055,69.80182195141954,61.04567918640115,68.90957125667998,78.84588982601774,74.14386016061049,67.23896499221247,69.38297277322367,68.39355638742016,60.62101319154776,55.87413919341315,0.0,68.31684935649828,73.83002016824564,73.42526124565364,82.37393523725699,76.42951180317036,69.65007819846169,85.78699183959489,67.56718886318667,74.27080189360828,70.16425968837193,74.953631627114,64.7443891934616,61.14592388241395,68.32098598544007,68.53382525887955,66.41770443386112,77.32946962952823,62.99218673667908,67.08392249729712,75.60126487698498,61.66537619870895,66.04925763796473,56.20782412500194,57.61669547513485,66.36967678682323,70.62699975639508,77.50267227016548,65.74041963181041,76.07328666081429,65.40917048597,73.81060212993512,74.72103211843275,56.53651181907209,68.51267425281284,64.83958983644072,66.78971371804661,63.207674887117236,65.6909629913578,59.6495591398921,58.42856914066409,76.14779953022973,62.81274033902907,68.18987417427002,67.57849939928848,59.06687975213697,57.85908884667945,56.581559822844646,52.97522135010659,64.69555709729244,72.00113141448911,73.70483853315775,66.09869186835044,68.28634031915419,66.80791519797981,71.68146308255604,61.27999696208344,62.3248624050227,61.97661680111341,64.15717620007777,67.02588540436354,67.0043459423418,61.879863360929875,65.39780083663244,65.7469243440828,65.38058894275821,64.5354486150269,66.13412003623053,66.29445969202574,62.62113965697826,61.666818262649336,67.35333009108417,65.4648951578424,59.5807910400613,65.9372813681638,60.92808954159207,62.48518576352112,66.14502705225485,70.54283614096605,63.568280570700445
photo_key,69.42489891286115,75.1831266293615,71.39489913134321,76.37200428854585,64.72246023009426,65.05711954122707,70.58408315450029,65.46262731547749,56.54704521681789,72.15025868072867,68.82607564802564,56.10146102435492,67.61144023348132,72.29311475302441,66.62724730013379,63.00325157183924,68.31684935649828,0.0,63.75461458612433,65.49042013198536,74.34583347736621,74.30092263152667,65.57292968134755,84.84553467265258,67.8738057272529,71.95685637606,54.68555100674111,71.53632101892333,68.76108650109373,67.32944943180402,69.24341919812016,71.11099445191438,59.165189340232786,74.39792193244304,65.8286735321277,57.73132725477625,71.49567581041549,67.24320983039647,68.72428143881031,65.2062195831349,64.16053714404164,45.122411072900356,61.53222058879841,68.29692764270075,56.527561377430835,69.0476407350091,58.26634134787621,75.06364498054411,72.88961965823366,61.90402665528249,55.536458515493514,65.62049985144482,70.98855635986946,69.07159078104964,69.02145494465262,64.43864258890416,59.33073344027737,74.88932397100221,62.35236965486785,58.88218560185269,70.77533730191807,64.84843501099115,65.37200732201359,62.87168679161276,61.2192562256368,46.379335263995976,61.82372521156898,65.08272317609588,68.1306295383555,69.83452326807172,63.28711651372014,73.91488078033292,53.71597165303174,53.80919485155309,53.103497014579276,51.87765459812098,52.66356218613803,53.351327346810294,53.63123507155596,52.29828550806812,51.82616755474688,53.048803972283864,52.94325094318918,52.657077871329605,52.02668844167044,53.14814596111962,52.216174566369034,51.98156139346777,53.44262435591919,53.03794544691945,51.59956972108122,54.05956692706066,52.865941161443516,53.30087619914878,59.098955575346004,53.96157360869296
photo_truck,74.81979256907805,79.22883762801983,73.52008872346107,79.70762417664059,70.02089099056506,70.91644003466686,76.01582004405908,72.08359212430798,66.8246754111061,75.62649978207006,73.82169648397598,65.18775126955028,71.90480884363647,77.13523470649503,72.50280486160925,70.12874551153322,73.83002016824564,63.75461458612433,0.0,68.83280421637842,75.71340893274665,76.63850500926817,68.8093621401051,87.71786649075332,71.29103223330539,76.43425633164442,65.30906492065253,72.79478186564693,72.31243329366266,71.19317631246327,73.5801832809525,75.17718618304049,65.80572432270138,77.16793512752284,71.08889489669154,63.88406293364147,75.23944494859377,71.43501612095729,74.27357848817957,70.59680326058213,69.68854255070268,62.75532557684547,58.09942047027598,69.97713008191424,63.38176782924008,71.07206737769174,61.6495894492303,77.10217702240762,76.19020044277231,68.12703059176764,66.14767284590654,71.52760870320351,73.9287941725276,73.32800849779534,73.43910977995945,71.14357299085911,67.91359645289735,77.48974119316398,67.96025916577244,61.83676362639714,74.32748585764669,68.86151205538458,71.06816836124311,68.9317830962028,68.64009282121356,62.33112412243316,56.39300646951868,67.16570665222572,72.75957316317178,74.28341076097415,67.96690425925803,77.10952813114619,63.702526046546346,63.37457006422517,63.61246887380524,64.1789442300474,63.05542419423623,63.39342338230503,63.102867953115926,62.61151651124938,63.572566724432406,64.11887851556475,63.841429322019025,62.28824987017897,63.256698227429005,63.49493288322033,62.594645529048904,64.1648996060573,64.49713565879789,62.78917881456311,61.97321925602084,63.38725888661057,64.31117983663309,64.40237380327672,68.68854515056198,64.82779916272776
photo_velo,73.4659865421902,78.35915867989921,74.06143395256036,79.22447006968805,69.23472392200782,70.72682231768731,74.51414302956657,70.8388478822393,66.51046801406945,73.21123762104126,75.75629557391409,65.10272202675311,70.20426753372861,75.6662414918466,72.41671556186564,69.67466486637096,73.42526124565364,65.49042013198536,68.83280421637842,0.0,78.8183613785746,77.970824071583,69.39738126549224,85.30370604385472,69.46574822667213,76.18715565929504,66.67103498732455,74.09615762813453,70.75491715834104,72.11094170807249,74.55025879045168,75.31654186235967,66.68719066346523,77.72156025178023,71.85210458997079,63.79438238105886,74.1365954743691,70.73513154168357,74.40955252166917,71.06741552690376,68.96466236966236,65.35879831496095,65.90320607504688,63.66860389856263,65.19906563409232,71.29919437129503,63.62014782328292,76.59014807594707,76.0311954448159,68.68831482917359,66.25795363532833,71.75449006797837,72.63702589795427,72.65241666549599,73.68233386760623,71.49085711532007,68.41001648625235,77.9708164083011,69.64887689312971,65.90976494355387,74.85505030032945,69.2600053597343,71.09800960448533,69.67811224813211,69.20786730792756,64.78098610367056,68.04788102702456,60.78538353021148,71.80501331124249,74.70875667205522,67.14220696705235,76.89757503101534,64.34174758162244,63.22463441015517,64.3647250897182,64.97470340133346,66.74918498871857,66.70219660002941,64.0758271256889,64.85789491469642,64.88705937776406,66.39388810172385,63.71237210325538,66.0551365469552,65.61816953829306,64.15489769267124,63.594939137009106,65.47309254201512,65.31356846982793,63.581314499986846,65.44256507868889,64.17919212201238,64.56525659466514,65.34933233090251,70.8943450710704,65.2639481850051
photo_road,81.04384875469205,84.00650619367863,68.43128096233454,82.13647023606887,78.53489049361971,78.42364319980918,81.91338322102582,79.23698992805281,74.41659099041205,76.1093263403889,79.89423058956,73.8385864042781,80.41339369600902,83.2920112075722,80.80627952244495,78.92320817398556,82.37393523725699,74.34583347736621,75.71340893274665,78.8183613785746,0.0,82.00672947559599,73.56991481104087,88.93528828138389,79.92986089400884,85.0903723562748,76.7592420576033,78.97546744801186,81.7573177026344,80.75370509965911,83.48583026973469,83.7017491155315,75.78737790105167,83.37273614263837,80.82826055883633,76.56080506213758,81.62818947622391,80.22712912628272,82.67530793347808,80.67098043939664,79.65473953482099,76.1804652000307,77.10850665458301,80.35407985661953,73.02990006473398,77.55360802305542,75.01397151412421,84.32792309273775,85.63322394796961,79.05340657703667,78.2746730781226,81.5357672169827,82.11036732988278,82.09543821629718,83.05677368644463,81.44887926988734,78.84280133527508,84.36108666288992,79.6478173715541,76.35493906988684,83.8684039407346,79.48744334305242,80.28994080664037,79.56831184936264,79.19067071562858,75.76486410025397,77.57231346296562,78.86353237853227,81.64407210341481,83.79949156424978,77.0324919648716,84.9117446103656,76.50614682321178,75.94427462897653,76.66168889790843,76.61612034593574,76.39929615977071,76.48730702393908,76.24331279466793,75.73243741217676,76.97991513068594,76.26025809958483,76.6108891138492,75.68863445850333,76.20689146022293,76.3818151115419,75.72100807408354,76.99004695803495,77.25616127781696,75.66870318880058,76.0572998150709,76.31323252158383,77.10771920238753,77.46569199819169,80.71432074719435,77.66805634203345
photo_house,72.95442104693655,74.03105629872756,79.70129335740664,76.88173922806077,73.51130653427857,73.30767606294017,74.64329975282129,72.8894405507779,75.32552358493689,78.80312077057654,77.53498854113973,74.31350016942034,74.58776989935427,75.07386358324146,75.32826321851316,73.81137563613298,76.42951180317036,74.30092263152667,76.63850500926817,77.970824071583,82.00672947559599,0.0,75.96826310111801,86.29932570184681,76.28169113076909,78.64796845694576,77.51336040385506,79.00874927763427,76.05231930494617,75.64525618504528,78.51833395529547,76.81838997934729,75.38941737745621,82.52009885041201,75.52213260973228,75.52226906051291,78.93628036265068,75.45446650867534,78.06520034776632,75.5845780847991,74.84510015221608,75.77989189760326,76.3318688347377,80.72297906903572,74.14631100552181,78.66030449333446,74.89913190301274,78.75634945444025,80.34942887471146,74.36381206222792,78.18334617089633,76.06453369914715,77.79405280962146,77.12264428191334,75.70834677506448,75.55368028408179,74.02937957111848,82.12694934333611,74.3003674496218,76.40266802496848,77.32752343247705,75.86685772966376,76.2065353025408,74.38447966675086,75.19094799555539,75.26040573137485,77.69771615804808,79.45836944939813,74.99919719925498,75.51413996706562,75.79822242572232,80.11814559278321,73.99190443001547,73.19961525933618,74.1250041462902,74.92334538435698,76.20608835723942,76.49922844030947,73.51062370357465,75.3179426359979,75.41351791556026,76.01208249566204,74.46812593090503,75.79078375349042,75.86511418371279,73.66892616273391,73.11274233571802,76.3784095721729,75.57823425876934,73.10346397223655,75.25585481184983,73.87721334625004,74.55607941547834,76.01343674308427,80.27683518747736,74.74704423172423
