,photo_face,photo_profil,photo_eyes,photo_face2,photo_walking,photo_standing,photo_hand,photo_legs,photo_bird,photo_butterfly,photo_girafe,photo_fish,photo_cherry,photo_tree,photo_flower,photo_carrot,photo_watch,photo_key,photo_truck,photo_velo,photo_road,photo_house,photo_mountain,photo_windmill,drawing_face,drawing_profil,drawing_eyes,drawing_face2,drawing_walking,drawing_standing,drawing_hand,drawing_legs,drawing_bird,drawing_butterfly,drawing_girafe,drawing_fish,drawing_cherry,drawing_tree,drawing_flower,drawing_carrot,drawing_watch,drawing_key,drawing_truck,drawing_velo,drawing_road,drawing_house,drawing_mountain,drawing_windmill,geo_face,geo_profil,geo_eyes,geo_face2,geo_walking,geo_standing,geo_hand,geo_legs,geo_bird,geo_butterfly,geo_girafe,geo_fish,geo_cherry,geo_tree,geo_flower,geo_carrot,geo_watch,geo_key,geo_truck,geo_velo,geo_road,geo_house,geo_mountain,geo_windmill,word_face,word_profil,word_eyes,word_face2,word_walking,word_standing,word_hand,word_legs,word_bird,word_butterfly,word_girafe,word_fish,word_cherry,word_tree,word_flower,word_carrot,word_watch,word_key,word_truck,word_velo,word_road,word_house,word_mountain,word_windmill
photo_face,0.0,74.91140397635957,83.77868827398568,78.07973493470654,75.31024617447284,75.4524037661551,77.46004989233238,75.29638428694707,76.77826983578807,79.03633718279691,87.35889579563826,75.90068254964147,78.83226362312328,68.79694319739916,74.35566419841216,72.4074974863067,75.45716555484586,78.34315914157574,81.59928742024881,77.4466394171467,82.4838568682564,85.789441727039,78.91840995143868,82.18016738290757,77.95920306151328,86.40984254954994,95.36842787714538,82.00474104764581,81.64554011504394,78.51366406343077,81.99924862757796,87.60077311799787,82.13747506441764,85.02248359921373,83.37353891330739,80.56873528735859,82.43030861669432,78.08814875906961,79.95814074739872,78.68712617922225,84.00975320820281,83.42992053900447,81.40607012354135,79.93225077018131,82.40416121683565,85.86361879150138,79.41519416368185,84.01462514775383,96.23180846741494,78.10016662344634,87.94405528254686,94.39466855453678,79.8335758263751,79.30923139885877,81.70186908847317,87.14953728547616,80.14623917026222,81.65163883364427,81.70940195416117,80.3994936223844,85.62342620542888,75.70819714061183,79.05013115304605,79.8462204607327,80.6699975692794,82.28490971367609,87.336540527724,86.63764442703673,85.16949204205956,89.15912168868012,78.14262862495406,83.6435159645409,72.9453923266064,73.46382823838488,72.56872677218576,73.80374297045478,73.93491545965557,73.96875440643477,73.8249258492881,75.01641127643876,73.58825630520629,73.26343945893316,73.52471311667504,73.54257381104424,73.969780246934,72.66809711689513,73.55423451805737,72.49628246106816,72.62421380202275,74.40002813109173,74.36055359041798,73.43516511356752,72.64389607067794,73.60886294934053,74.05878715241796,72.54079575313763
photo_profil,74.91140397635957,0.0,88.27808946012271,84.12928257785354,83.13345930185558,83.18694135090178,84.23356523777936,83.76624689756318,83.58581257911659,85.33191364322937,91.92431378901503,82.40138579608595,86.0209794384133,76.96511423338775,83.78112282725571,81.71963718658822,84.00080203699534,84.74985861780252,86.9907782122796,83.05741346260051,86.4705965844478,87.40303308541195,84.26805178852798,85.76884862527889,85.664706685605,81.78944758651392,100.30666445648701,87.52998852967065,87.76222295008313,86.29678518495645,89.79089264021373,92.54557965649501,87.61437013303367,89.55410255523852,89.52545906478872,87.29745874876161,87.76833372319517,86.28625154200252,85.91248446646135,86.41762989321286,92.09073113058716,89.45205817436002,87.43225910454231,85.21108012865405,88.77666806102316,90.68785900671492,85.63661149782493,88.12297288659948,100.56087145988614,85.66086610754917,94.05025939425414,100.13182269784562,87.6639219309403,86.09091462346865,89.16426505890097,94.00858163342612,86.70488346699693,86.88125823368821,87.9644590559194,86.6639066432302,91.32176807712823,84.40468180896228,87.39850227925304,87.11947453808412,88.4049913395505,88.46302330089789,92.95280709574176,92.51876158379564,91.45674949421375,94.0181955552174,86.01310237286276,89.52819001421499,81.80983935286584,82.15045168792223,81.07089442316536,81.66292232840384,81.30471410625603,81.29610585804978,82.50222031456644,82.13479013241717,81.38455757569147,81.35069749324819,81.29958405132494,81.31004529129734,81.28123994246225,81.16924783675401,81.81654068080923,80.00186652685662,80.52965886177513,82.94078921972664,82.14030075983499,81.88492874985714,81.38011546845657,81.30143674308339,81.6037885363731,80.81506501545793
photo_eyes,83.77868827398568,88.27808946012271,0.0,87.59944200333373,89.355001950213,89.22231306030213,92.90462965610467,90.80034881089716,85.35962968793385,87.15530565110382,95.96701343181194,84.29606540406287,91.9562737587685,85.11227668587408,90.01992110710715,87.52963400422516,89.97865978695471,86.5510809410136,88.37580323202702,85.75973711587469,81.03215294987045,94.57512329991145,84.8279057830245,91.4815152027391,91.79949208435222,97.89757086322764,94.66023479168805,90.43494742833248,94.77094386464006,91.97976929478038,96.06242763529126,99.16461888451586,90.48095012752151,92.21408755277633,95.57871463251374,89.6118832742872,90.37689878725867,92.6073572105529,92.49503942910478,91.64296676737634,97.32758239387316,90.8667664692264,88.76953357767894,87.78102179381439,89.10508443919564,91.06458938474472,87.8473173146547,94.47747592011034,103.3694325322001,91.21784023561922,93.51235227455314,103.09528071934618,93.05911803709971,91.59100353959457,94.50654007370188,99.02443603239296,91.53816702532353,89.36990883635366,92.70859957070556,88.17583431028517,96.23343512034226,90.0181924028107,92.10943608959032,91.9347602240127,93.44246967173083,90.01035627305359,92.98606564668634,93.48814634275615,97.00352222948217,100.71782027417815,88.69589680068401,94.9690911432349,84.67448076924562,84.48825193972253,83.92503311252406,84.4204429678559,83.57055139504479,83.58551318187664,85.51307752188463,84.42411505526573,83.8133813706198,83.88470227998664,84.12235124516754,83.72088986957178,83.70604645306373,84.02573710314684,84.40449983810834,82.26416428807295,82.95751501815872,85.43264311884701,84.36975114766656,84.72906919531951,84.39602969040426,83.92877303587197,84.47875194703047,83.79785375671817
photo_face2,78.07973493470654,84.12928257785354,87.59944200333373,0.0,87.26069560674792,87.23235034160189,89.26723445031632,87.50079367247866,84.61086563139241,86.28469281546569,94.43711835230769,83.50018842493752,89.28081610337577,81.82393152047183,87.75407880349334,85.97907672110169,88.40583025063476,86.7250458858298,88.32960414325548,85.26121461312928,87.32060411851678,91.22230029604114,85.9197600022903,89.43332999226772,87.85533262541341,94.9248613180014,102.03426666785992,80.99268660862639,92.25033102280888,89.9648638272254,93.5183355976805,95.83150268202454,90.3875598556907,91.2484773700379,93.48672894477293,88.73152749822796,89.53782961833916,90.63635509558763,90.04103654407285,90.34288349352221,96.0573420125796,91.32248876705334,89.09332640583933,87.48692486830402,90.23990326077924,91.836810931241,87.6619784158552,92.16002535922658,101.08725631119762,89.6731417901925,95.06884896660576,101.23837383514008,91.07234897306756,89.67343677726876,92.79344407864748,97.27101479333996,89.99833228405848,88.1047491150752,91.20240846942114,88.4230509847722,94.68511485935569,88.89105552126792,91.41187186565914,90.80343361349907,92.39487766177966,90.11005378631809,94.19323367225589,93.50887776411054,94.56579019574909,98.45230012597445,88.04386204169263,93.25250869579125,84.27591402524497,84.64205552773036,83.45368535250957,83.63739661037562,82.79112186504996,82.83775386614184,84.80962568403382,83.82869566953279,83.25844425506573,83.04742800405135,83.44675016853456,82.74810243995273,83.00637584578017,83.47782366602407,84.19051442741467,81.59969292445476,82.46494010246134,85.1394710288017,83.76390963297078,84.22271464430499,83.65437130000632,82.97222486289692,82.911010824606,83.07712654148102
photo_walking,75.31024617447284,83.13345930185558,89.355001950213,87.26069560674792,0.0,73.03697735041362,84.10924615500316,77.00411103671554,78.25760969758457,83.35538300420782,88.87630331170777,79.09475984430598,80.29396991725028,71.96543454005909,76.42438815679523,74.3121193948306,79.2457496842994,81.58288336672294,84.61012789433255,79.04886189637853,85.92927801714931,89.13151860882527,81.25376614724345,84.6467664136031,85.318086869769,93.41996071881704,99.06963239003635,88.71167278705022,75.78193414546094,81.09343781957975,86.75151656716223,88.57292896524915,84.07801604622297,88.2805043835922,83.0843635639619,84.33102549475632,85.54320468735592,81.84235252653993,84.1032289801863,80.65434121888273,88.55990068489272,86.25775047776233,84.19906839411391,83.38861081595701,84.05655266712701,88.51668237062836,81.30517221233647,88.01060895213672,101.180784643491,80.38610120905444,91.11880327651954,98.0545212297264,80.47165607180663,81.67618314179106,85.91225590033957,89.00281378559247,81.222190579782,84.54151947129893,82.33899385333855,84.1497429572491,87.91706197075763,78.33723682243732,82.27336360774116,82.29999796036154,84.05865131313031,85.38806542577015,89.76589442654252,89.78654394958147,88.19486488480258,93.68647593310307,81.68676453752148,87.35999805970062,77.24219680656404,78.35716652619024,76.97527446915369,77.81792688039926,78.20881031532281,78.45128263701349,78.05890553074377,79.25481508902095,78.0141756643552,77.1820050901662,77.29679954704257,78.01392800979899,78.17115783269314,76.90448379228648,77.7765341754794,76.69906570683523,77.03245545319871,78.90215940287143,78.96270617157082,77.10654609984606,76.83933191856502,77.99072338640106,78.53243746174282,76.85483177846267
photo_standing,75.4524037661551,83.18694135090178,89.22231306030213,87.23235034160189,73.03697735041362,0.0,82.93243351415,75.38008396063317,79.65389078907681,83.60193530336436,88.5973008906485,79.96975999817518,81.7137615415309,72.62125031087275,71.59094371002375,70.25466970579495,76.93967600685475,81.50870351223503,84.56220222195947,80.09704102289822,85.43455477260609,88.91150416388537,80.4979384675895,85.12737624759843,84.33084778468559,92.73139147788343,98.82569652150907,88.52660250391251,82.61831289914959,75.04967291145272,84.44984829742887,87.94585669048402,84.66413266823267,87.29957848648095,79.38599194556885,84.57560370191857,85.88716129436226,81.35878236145892,81.00726390696197,76.07254202457683,85.55690216135362,85.26105239443096,84.90756389676574,83.243619840206,83.93729519181583,88.46144353653405,81.3546063052739,86.07925056760298,99.78969183791997,78.06037101925993,90.26921699092983,96.12687904093531,80.1272397662264,77.39110977500671,85.54643864434767,86.36182577188593,77.12338737151632,84.1272572792065,79.38455942759984,83.51935836571393,87.34711674657376,76.8051117961526,79.00303711701913,77.8069539371892,80.52286593490427,84.09140443598973,89.66902619719032,88.86589020245871,85.48288949384465,92.32568773073262,81.71138333034027,83.38385276694905,76.73149455277294,77.39466291160052,75.84374238373799,77.04142103430529,77.22817223919985,77.21641333552573,77.25845171785255,78.065055229081,77.21558348844786,76.10726311355293,76.27657492518402,76.94640351117495,77.29163813426425,75.950495952179,76.77165442609851,75.98412833801524,76.15735493376489,77.41413711594808,78.11585924335623,76.4509004390734,75.92460664386589,77.0154483051097,77.68911526627473,75.7674508244484
photo_hand,77.46004989233238,84.23356523777936,92.90462965610467,89.26723445031632,84.10924615500316,82.93243351415,0.0,81.9568350188974,85.5244361735263,87.21325155013308,93.81831367339664,83.60479122370282,84.71001857680297,76.69971374601377,82.53158447852088,80.40389636725577,84.47337140957069,86.2311243861422,90.34491577444574,85.59488844278336,90.51669014686041,93.09133736681666,86.4355855327739,89.5607195908491,89.34492811373933,95.08307453969275,101.96211425133674,92.43467218004345,89.47353828160001,85.89483020736104,82.0087478586857,93.75055553502544,90.27543838646373,92.85984338132572,90.00410184658732,88.0700786144196,89.40734178341734,86.99697208645964,86.55501147309486,87.09721011239999,90.96918016098452,90.87104807362552,90.71839945004166,88.53658154730883,90.3842499040258,93.91242323759931,86.51873717900358,90.4265801199332,104.09744905081847,86.34915802415722,95.41897968711773,101.21079614565821,86.92608189220189,86.8991540242307,84.98082986683559,92.7601531185838,86.71219339438332,88.95389363632128,88.32956226959958,88.3642198766539,91.98895447164715,84.34812407240825,87.40923712609225,87.27446458067784,87.35969691977812,89.50619852507252,94.7763814410276,93.16474278926033,93.61389972108587,96.58540967786426,86.28752649121152,89.8181052002416,83.13038639686171,83.46866112757978,82.54132671806074,83.77942311592409,83.66549072146609,83.52330343026658,83.88763606342386,84.4517670423589,83.33433096544064,83.55059999404838,82.9315234549373,83.42788181738692,83.64610539355365,82.46799592345627,83.40385555512665,82.12722723705453,82.37313903767024,84.38120641050347,84.21961862149189,83.31941735602648,82.99843300732718,83.10944802264743,84.30724845385458,82.45602700278639
photo_legs,75.29638428694707,83.76624689756318,90.80034881089716,87.50079367247866,77.00411103671554,75.38008396063317,81.9568350188974,0.0,81.43243813985397,85.14211046051459,90.07959789294743,81.22236101442819,83.07571904516587,74.14395589633536,77.12413219234232,74.86235160526562,80.2924574138744,83.56491684516006,87.07927771852273,82.0967294313331,87.61082412295457,90.67397532167062,83.56211066353539,86.8181449524867,85.45026816118917,93.57617236943948,99.89488051994871,89.57313971402284,82.32678912892263,80.82179416223264,84.21120329450115,82.96573217521615,86.21680533218696,88.98494723609379,83.20513784191627,85.71224336629601,86.108470233982,82.35126783687281,84.27717953762043,80.29009594288837,85.84776588360492,87.65035925459405,87.32580077631268,84.63035648917676,86.35519365707951,90.55874767823185,84.16134367225374,87.31998581661676,101.21165466471786,77.40665927899764,92.1617701791558,97.13588626162681,80.17144640586075,80.49907232793821,85.392282486519,85.11372892245608,79.31977950356406,84.63823811917963,83.47304448001223,85.18397451926317,86.92483629515044,79.17349430511854,81.75708608530725,79.96056832677237,82.87603323140239,86.01187509187315,91.30516940211781,89.4658370668346,87.63753922376634,93.2084975555003,82.47408543722041,85.64044726216063,79.04603985852007,79.72390138308556,78.7102475249973,79.38645167798397,79.626004301077,79.7107218577032,79.91293512549882,80.53837099243535,79.55328610918204,78.72835098763629,79.26772707481602,79.1389550103271,79.82306798938025,78.88716484137647,79.54985904834668,78.34313595354872,78.48012548136204,79.69131793520144,80.24694201513482,79.37077754024966,78.85043096861153,79.19883708669886,79.91233053655108,78.56651279586347
photo_bird,76.77826983578807,83.58581257911659,85.35962968793385,84.61086563139241,78.25760969758457,79.65389078907681,85.5244361735263,81.43243813985397,0.0,77.87161926957559,84.00132015499254,69.71733033260887,81.98434126905526,74.43906514151006,79.06103441311014,76.56028872854314,80.45267849631387,73.89926626667918,78.40937883950367,76.41984638392042,81.16517928083935,89.08516401430056,77.71571391059369,85.3137923189577,84.60755011480386,93.25843798958162,93.99227584141921,86.15812655875953,86.26595847345274,83.26032315182667,88.07162969249283,91.16948197465922,71.21058162283313,85.71619808495204,84.90154975662539,76.75843183849656,83.53623485793494,84.08403789782412,83.62322086253728,82.55680636714523,89.00971762426275,79.01745589816656,79.54899980020105,78.28149730513206,78.60439726273397,85.38914474539462,77.63712464348419,87.6195955951205,99.0258641768963,81.9058410341306,85.9965178176543,97.78837541578163,83.21268900237033,83.18715825248704,86.89489471416071,91.40502729002125,82.02268686633376,82.79856052316545,82.84335114218192,77.63460627462857,88.61189604334068,80.29912944567333,83.62057194789732,82.5759941857348,83.99161255072893,78.10775102837081,84.37070008287543,85.18222215739512,89.8640226610986,93.53208080039319,79.26144852676322,87.35799516618734,72.84236592534602,73.37031637676756,72.58749519491573,73.00058461059673,72.9421663069858,72.86453711393068,74.14937551670572,73.84001620054184,72.59846917007053,72.4748667020158,72.33320606989749,72.50286390118984,72.60315433934139,72.4942626953043,73.20934065389679,71.08830606792957,71.56235131389265,74.28166999653794,73.69907838461215,73.59960900511585,73.07203599983819,72.35413598871536,73.54294544532942,72.79395767768733
photo_butterfly,79.03633718279691,85.33191364322937,87.15530565110382,86.28469281546569,83.35538300420782,83.60193530336436,87.21325155013308,85.14211046051459,77.87161926957559,0.0,90.60060642603858,77.11997177152891,84.11342814284217,77.60612903570077,82.36226581101405,80.49048769042312,83.92704479444527,80.43828235830787,82.71918819577877,80.37767672563227,82.90821518339115,90.68022713017318,80.85895399508249,84.86505905602033,88.08021426672644,94.35252507046899,97.81687329618653,86.50710626721757,89.18576494448827,85.89248778148989,89.77914147456562,94.53591787808669,83.04949900246496,79.3459838152596,89.20037437406585,82.36320069207855,84.59411932938718,85.5934178806824,85.73394411366436,85.45173465227968,91.59845576944541,85.36066914801299,83.25614394318931,82.21856817304086,83.67522019112239,88.03947814267737,81.79323580965792,88.28167551378476,99.66017320294182,85.93757260458405,89.60178314572134,99.67211990712228,86.38470884938178,85.45634136752462,88.98898120855047,93.34899566369576,85.53221588609473,81.63154418278614,86.91050722280866,82.3085183435022,91.28617333831156,82.58937898889482,85.17780439028343,85.88288350122487,87.25577556002847,83.91399547019905,88.56998580086736,87.88183323752793,92.05041789434271,95.94474777364576,82.22893145074565,88.87513233907474,77.93867840703228,78.55667418887954,77.52340029693828,77.66509662073484,77.52916114114556,77.78481780179918,78.97534292995805,78.15712312833247,77.09833076542375,77.00680839661231,77.00143301728417,77.34336620278701,77.07127056897141,77.3327980644835,78.37430772819917,75.88171124988172,76.29080381286283,79.6935504875833,78.20414489732264,78.33049347655005,77.75198726170296,77.11572931372682,77.988983009063,77.34967883427086
photo_girafe,87.35889579563826,91.92431378901503,95.96701343181194,94.43711835230769,88.87630331170777,88.5973008906485,93.81831367339664,90.07959789294743,84.00132015499254,90.60060642603858,0.0,85.29015875380121,92.23295866265718,85.20528075401943,88.44904348051068,87.01696437146617,90.4393153160723,88.95089253587294,91.38409029859803,88.33330152459537,92.5211495910075,95.82708309749367,89.86877167261726,93.22556329663055,93.80212244820427,100.99459524214583,104.74112720351708,96.01797594977015,93.88361557576522,90.34997771005281,95.89152623127957,98.11103399562887,90.82729810893362,95.29319136881053,87.36688251773764,91.60998031062073,93.67667792410232,94.01046256615352,92.59086222739472,92.66685044088025,98.56348785746903,93.33180910194484,92.61667577596755,90.36396693060823,93.20957865961886,95.82463736190701,91.8491022292655,96.44006560299088,106.8123903486153,91.9186546648171,98.80362123282819,105.9283119727647,92.81412959383822,91.6759826251493,94.83131960490563,98.66059694395248,92.9356533473094,93.04657526970594,88.71437354767876,91.53576483539926,96.81869413920204,90.49564692281075,92.73919651342723,92.91465256533469,94.95574775978014,91.98373523982195,96.28203199049845,95.8546548693165,97.9950384004743,100.98426601908172,90.638927903508,95.55799674019057,88.4780645710769,88.32710882199333,87.76431692148816,87.76200340772888,86.99217261621628,87.16097443179478,89.274632965861,87.90380930860293,87.41519667087978,86.83482996351559,87.66887523934376,87.01953754982847,87.41264118443051,87.76923079014497,88.49250854244924,86.08416220412249,86.48367362884476,89.7638791152847,87.97272927334292,88.87269859574435,87.84092629864146,87.25041645136108,87.1276627815873,87.38005572248203
photo_fish,75.90068254964147,82.40138579608595,84.29606540406287,83.50018842493752,79.09475984430598,79.96975999817518,83.60479122370282,81.22236101442819,69.71733033260887,77.11997177152891,85.29015875380121,0.0,81.75490121006915,74.07231697128158,78.32729614231447,75.3434095099644,79.49249417466288,70.90152568799883,76.83417388905839,73.43491652669078,80.67207081384686,87.74518506940231,76.45371652121331,83.90737296344824,83.4051507664876,91.61438942480466,91.36713794360732,85.00054961422042,85.1081792585402,82.46304515299681,86.84271899037802,91.12750273848398,76.53006863299545,83.94550415771023,84.71113342811992,67.14290285750758,81.22675947509208,81.88597388265441,82.57315984180542,81.3287758267134,88.00992648793094,75.57886222981827,75.42738110850492,75.17134880372618,75.96123848649056,83.26877880718533,74.94166801559327,86.49644996876835,98.42878515022423,80.88417523261586,83.28009705144737,97.05217647396334,83.05903449340241,82.75681272741461,85.55774046362487,90.9090819219869,82.09351949781065,80.71047326099148,83.06897164598442,71.13898546504105,87.53696495567512,79.66375297672701,82.93567014473989,82.6823831789504,83.65973379190869,75.49954021676962,83.09984360693797,82.31312591775864,88.89071736956724,91.5055863787146,77.56774363639057,86.08125349775993,71.24327865948814,71.92478680596335,70.9684546333348,71.19848176678029,69.23312544724837,69.96990236419438,72.39188819657349,70.29483555880911,69.61828245735187,70.05993386397226,70.22549843322143,68.66331414242347,68.48516843270288,70.74413122047191,71.8059657399754,67.81858316927415,69.14411474767803,73.63962764744505,69.68168257091575,71.61001961340304,71.9663539985026,69.72913883602068,70.69540947941302,71.24413347885461
photo_cherry,78.83226362312328,86.0209794384133,91.9562737587685,89.28081610337577,80.29396991725028,81.7137615415309,84.71001857680297,83.07571904516587,81.98434126905526,84.11342814284217,92.23295866265718,81.75490121006915,0.0,72.79735994510087,80.78537098255244,78.52358344953004,81.94501677525794,84.44285929178888,88.89280462176417,83.02302560557213,88.23109499667066,91.73938133517707,83.34954642902818,85.29104799693133,88.29420124416852,95.8909947206938,101.45372889036729,91.62329087453408,89.36397397251972,87.31957947777431,90.8138392313989,94.04091556515607,88.11071086661875,89.81139370019996,89.07804323050797,87.40008831528026,84.20793038516042,86.6196543660827,86.87883270383122,85.33861783659448,92.32240624525458,89.43351786928402,89.17149297159807,86.60697100686157,89.23845020767872,91.9920123889989,84.81959210881513,89.70232989505354,103.18655317731172,85.93660973945943,94.05963311382534,100.49231679718837,86.45718003668684,86.04898823040034,88.23931276144472,91.74696624906686,85.53445136558953,86.41023417468068,86.38843893828707,87.70716617728985,86.58168568608684,83.34502623462294,86.92057224496213,86.54451060698901,88.02296622519502,88.44765389809042,93.394289497401,90.91105306487741,90.90213328547766,95.71819012680535,83.4722301964335,88.73841580400077,82.15562194019957,82.78006463188458,81.7589309318538,82.09692270922747,82.42483371104461,82.31220632051777,82.80911005263142,83.20055503075092,82.17342422423545,81.35333734237093,81.87865041974439,81.98258165522205,82.42424942527363,81.62042430955073,82.58465988116063,81.10752672566646,81.18089974502293,83.47564075452938,83.05763246325589,82.06813189720279,81.88594381957613,82.08358281459086,82.04825873612609,81.35484807599654
photo_tree,68.79694319739916,76.96511423338775,85.11227668587408,81.82393152047183,71.96543454005909,72.62125031087275,76.69971374601377,74.14395589633536,74.43906514151006,77.60612903570077,85.20528075401943,74.07231697128158,72.79735994510087,0.0,71.15218951890364,68.04406405245403,72.87183200424025,75.88621980386641,80.51424857910327,75.56915839868182,81.08286750854231,83.34691875396607,74.46166588059704,77.71218748545625,80.07836725347214,88.5358984352676,95.61301195220945,83.93488894534663,79.96053802507753,77.41490316440411,82.17656603214677,85.93267507479425,80.3697120961338,82.85785331216154,80.71886081520196,79.33129653280086,80.01137047080833,73.85231171304515,78.61115468268977,76.32476382000569,82.96495791797344,81.41968663892418,80.25248326712946,78.63872341632904,80.89447953960031,84.55466823372207,75.78703391331247,80.77314445769684,96.22356627467467,76.12842110195386,86.67298909755307,94.0831057732036,77.87957525256941,77.07634805783799,79.03608265237908,82.31493355307214,76.37895116460925,79.01256172795465,77.91078386281437,78.9000369620902,80.71702496791205,71.09288997354618,77.45881254482833,76.18407492354855,77.46781387414019,80.11911644345743,85.45305343895103,85.20119029573286,81.94269110358078,87.02971518556379,75.68005230973438,79.8456119736912,72.89459372013016,73.35761337992943,72.39011150114989,73.2162452475929,72.87133445781205,72.90318860299132,73.56781304409527,73.90016014137176,72.90315003485952,72.34956348722815,72.88499929412527,72.6498658495366,73.08697491838852,72.32800434739666,73.29731641197858,71.61576419503012,71.85022005955368,74.1866013922963,73.68883201156075,72.9435994668415,72.28463765275343,72.86208246848035,73.76433410870452,72.08519303985967
photo_flower,74.35566419841216,83.78112282725571,90.01992110710715,87.75407880349334,76.42438815679523,71.59094371002375,82.53158447852088,77.12413219234232,79.06103441311014,82.36226581101405,88.44904348051068,78.32729614231447,80.78537098255244,71.15218951890364,0.0,62.44675753313332,74.78984087039277,80.54076815716446,85.85739619981369,81.41820282176754,86.1110221196775,90.10468625069178,80.97912452519718,85.45302628684448,85.10030762298778,92.82692016421117,98.96056060976863,89.13605228981362,84.84958671088171,78.9579937803991,83.43284735119214,91.09151430760161,83.75829515550582,87.5256777317696,81.83558838518417,83.40392079263943,85.67413333476676,77.85530480273272,76.2466065354802,73.09605748776804,84.71625566263141,84.89385727559915,85.73266115951624,84.18761927642615,83.48068462358006,88.76394274577993,81.53498096642245,86.63214887770134,99.29564015521576,74.75562453949144,89.96880921741335,95.63772225077668,81.39373104934783,78.2405601070145,83.81563166622513,85.40090307891883,77.53871182023207,84.71734983118048,79.78958744881803,83.62398606304296,86.22817199562901,73.76274867615459,71.11206609423499,73.12076056938083,78.73927405945547,83.42814490779105,89.74356921719504,89.27250218900205,85.36420506500612,92.32493670319515,80.45446746991854,84.26676096385236,75.75722175875269,76.98158366972716,75.43667849298313,76.82265750186436,77.12040392142362,77.22232221187751,76.63935694345714,78.09653689184734,76.81993671751003,75.83854794214429,75.95611611011121,76.70534616503876,77.24230291601414,75.5129534063037,76.46492758962675,75.81390348090144,76.05283370886532,77.29231448267478,77.80654020202614,75.69049413501054,75.56582991003812,76.77212998485066,77.68830709951442,75.75483657739403
photo_carrot,72.4074974863067,81.71963718658822,87.52963400422516,85.97907672110169,74.3121193948306,70.25466970579495,80.40389636725577,74.86235160526562,76.56028872854314,80.49048769042312,87.01696437146617,75.3434095099644,78.52358344953004,68.04406405245403,62.44675753313332,0.0,71.90233521820932,77.05135886716755,83.44978677795234,78.64043391592753,83.70018385042297,88.35770406341248,78.23472912523486,83.13552935657057,82.8251595156764,91.28842466278506,96.06425510611413,87.02407686491351,83.15151771094999,75.43815891656054,80.97594506293089,89.32778441267877,81.70080124966422,85.75090463603249,79.92410153896003,80.69009318554795,83.02305491395663,74.89857960539368,76.68768678960454,58.90952108444714,80.89346023402483,81.73831731903974,82.80404795261737,81.74921590650432,80.71176680197578,87.07646901482121,78.49222526561111,84.40183540054484,98.4457618211275,72.17391777938089,86.94144361271191,93.96787741111257,79.0286104905388,76.06281330082048,81.14691275837146,81.6263967031302,74.09213666981827,81.91794254216724,77.73678806966464,80.18187591716448,83.21766744145083,69.6139977288388,71.20747622723266,62.84894677733706,73.18045161092604,79.99236190881857,86.91084979886153,86.69729356478523,83.28406279126467,90.26546282143195,77.6258523822667,81.71707399765076,71.98448104035792,73.16037950505068,71.7522340990458,73.62720426263029,74.47757553329977,74.42640720981252,72.9203489123334,75.18724821050046,73.63173063983007,73.01703516129629,72.62657538495982,74.05821996786588,74.31730499409161,71.71048883697162,72.85340926793128,72.85084216591068,72.70752270917049,73.28426068385555,75.01408081057735,71.89862075020045,71.66896493000635,73.56531772682165,75.46054563099045,71.80977663356207
photo_watch,75.45716555484586,84.00080203699534,89.97865978695471,88.40583025063476,79.2457496842994,76.93967600685475,84.47337140957069,80.2924574138744,80.45267849631387,83.92704479444527,90.4393153160723,79.49249417466288,81.94501677525794,72.87183200424025,74.78984087039277,71.90233521820932,0.0,81.05968853731962,85.49870278574696,79.95592953138362,86.22013298864606,89.94237072588203,81.72392790712921,85.89019106313707,85.10203978726007,92.89901121080922,99.21386367684899,88.28039470103464,85.20647759502243,80.99102978821334,85.17216121827089,91.33819621493758,85.20867852863483,88.83985765190772,85.1901075963511,84.76106004152997,85.93094650978173,80.27691395304247,80.6536318027759,78.9014997273323,77.87201245861688,86.51566313393961,85.59969928842885,83.23059368013146,85.62641338974349,89.56789672991303,82.2424831261152,86.91526528454153,99.99523660785026,79.3142881981683,90.86726802395022,97.31690465648194,82.30283294504977,81.1432822469983,84.11919107274673,87.39059288665287,79.11205544119184,84.58321892068213,83.40141040776878,84.4298890350581,87.68333396187056,77.36945781414407,79.25787138871921,80.30465238221838,75.21540182268991,84.98306920912584,90.92084554326264,89.6655430549315,86.91123611303648,92.84045458387685,82.35248295410852,85.41121217724684,77.76972651548006,78.66496306648826,77.35109403916564,78.31084678941805,78.71175680445916,78.51998393663253,78.48097203429602,79.34827295780399,78.68894689814384,77.8279297251642,78.11998205811604,78.43575676683497,78.63049965991004,77.51284315415563,78.21052626411503,77.31529041071632,77.41004668856073,78.46038926687342,79.33014924988329,77.49077792656712,77.4322749688261,78.503756902904,78.53713892104457,77.44473143260898
photo_key,78.34315914157574,84.74985861780252,86.5510809410136,86.7250458858298,81.58288336672294,81.50870351223503,86.2311243861422,83.56491684516006,73.89926626667918,80.43828235830787,88.95089253587294,70.90152568799883,84.44285929178888,75.88621980386641,80.54076815716446,77.05135886716755,81.05968853731962,0.0,79.22845949242547,76.45644651448123,82.96911120061812,89.18645424330956,78.47268632503132,85.65763650460447,85.90218273770535,94.03417923983258,89.30220928216141,87.48842529991738,87.58458994199364,83.78598158114234,88.20104794316207,92.77025075406358,79.79282255234882,87.2087487151139,87.50542310370527,76.60547828604776,83.53174632843313,84.20972816316718,84.15996950041875,82.86950632957212,89.4041438312617,65.61917685746485,77.8387965667204,78.61409196954614,77.30657014258429,86.08520342672253,75.96135140152535,88.23241381335204,99.88545586273266,82.83071923313132,80.09390200283421,98.49154242100909,84.76513124313387,84.17001653365142,86.60939079885695,90.87694505189269,81.47082470710836,83.05776770856549,83.85253780016349,75.3051391803644,88.39090395958506,80.61017138652703,84.2019655486583,82.93393529627771,84.07579987344302,66.60412447716713,83.31079514043857,83.84441516100787,89.89153350473458,93.54442242800475,78.52502249824829,87.55679032455734,72.06626447464194,72.50153231000056,71.6838433039642,71.08229299064703,69.42690916384838,69.15572802123097,73.00552533786436,69.50477661910062,69.19491047532492,69.9448590072592,70.24251853558418,68.9560751869383,68.91301470862437,71.24741650426505,72.21194620087633,66.78430922569746,68.67136208709533,74.18469864688302,69.55382087771608,72.60639469643094,71.61669657344106,69.49110476762203,71.61473335274272,71.37442706131912
photo_truck,81.59928742024881,86.9907782122796,88.37580323202702,88.32960414325548,84.61012789433255,84.56220222195947,90.34491577444574,87.07927771852273,78.40937883950367,82.71918819577877,91.38409029859803,76.83417388905839,88.89280462176417,80.51424857910327,85.85739619981369,83.44978677795234,85.49870278574696,79.22845949242547,0.0,77.7177515460847,83.70027222920368,90.49781848664333,80.98885586772845,87.97956839302212,86.15151729999319,95.29370452274135,94.9329371407082,87.94501569688758,88.87220845831946,85.84908494599074,91.31744770818304,94.40070203016927,83.55524668886308,88.14697319838297,89.85465076280563,80.00238454662185,85.33671749676081,86.34617527920328,86.8753232051475,86.63514252060256,92.63488796838863,82.49742362443034,71.02143614723663,77.1921007250582,81.70588504305755,83.7368966842703,78.53931327735036,89.2560713649272,100.75580885248745,85.4743098780144,87.9655702464261,100.25054493389659,86.51978149430464,85.92731961037708,89.52977880240674,94.81146312289684,85.90024981111603,84.60427296793124,86.36007584803896,78.94237708408164,91.23182017263596,83.65609715934573,87.43171299444037,86.82118600709347,88.19165141988265,81.62505962022264,75.83421282689508,84.8874947973228,92.56212155765975,94.07934254575027,82.10895499508804,89.67177540648024,78.19503883872179,78.40520236180453,77.69873368070395,77.63241703898798,75.85003677327424,76.20340402822917,79.07191331326315,76.64714781173114,76.23154875609598,76.50784554128461,77.01308086874866,75.79772861727564,75.97989371971151,77.62011440836633,78.39914275893824,74.78752925024746,75.885463679468,79.8169111887145,76.60478886483713,78.49124132840518,77.99524992308606,76.19452378849208,76.93801975160633,77.60966533735777
photo_velo,77.4466394171467,83.05741346260051,85.75973711587469,85.26121461312928,79.04886189637853,80.09704102289822,85.59488844278336,82.0967294313331,76.41984638392042,80.37767672563227,88.33330152459537,73.43491652669078,83.02302560557213,75.56915839868182,81.41820282176754,78.64043391592753,79.95592953138362,76.45644651448123,77.7177515460847,0.0,81.49447226701179,88.19276399782495,77.67911697874752,83.41618970267326,83.458383067151,91.81270603853514,95.53160710017895,85.90041061145163,84.9182009437533,82.4540095198224,88.27911772149093,90.43386232748759,81.56615396087943,86.08293195497419,85.8091778075344,78.41988701588065,80.98340498144547,83.11333878467025,84.15676055896998,83.24468409648767,88.63984575715486,81.45578482976063,77.00336582932933,67.55311634210118,80.3615538994428,83.53970564796913,75.60708198667972,86.5076005553761,98.48599407834612,82.52925548629896,86.8266296840731,97.63113816539956,82.56715906756342,83.12164564287214,86.61398999954702,91.28683469303434,82.55890989921564,81.93975911758322,83.37425152556877,79.02996478299144,86.7143553531124,80.17201135081659,84.17265106612305,83.51386612257363,84.90988713981531,80.3592600948629,84.03864211860916,78.16000827458979,89.77212658879638,92.44808760602723,78.81495986211901,86.67484192026646,74.9465367738103,75.34430287336563,74.86170885343739,75.0873314494214,75.38078179748685,75.4613154160723,76.24672071928343,76.12232315191599,74.78725851920113,75.20117433722851,74.45653813176877,74.85759169942924,74.59473544235439,74.85503560383984,75.47300747334195,73.28350269492951,73.98367440400212,76.3800367934941,75.82953901937479,75.38778262213636,75.04478292544927,74.81059480670953,75.38692196362592,74.56209876308105
photo_road,82.4838568682564,86.4705965844478,81.03215294987045,87.32060411851678,85.92927801714931,85.43455477260609,90.51669014686041,87.61082412295457,81.16517928083935,82.90821518339115,92.5211495910075,80.67207081384686,88.23109499667066,81.08286750854231,86.1110221196775,83.70018385042297,86.22013298864606,82.96911120061812,83.70027222920368,81.49447226701179,0.0,90.18608634965055,79.87949667392944,88.07754614388497,89.39614505964529,96.43356643985852,99.47852412257525,89.10927670662859,90.8301492793397,87.57221046865227,92.62885983735934,95.96665093731025,87.12702984226081,88.7806769137061,91.6869881802102,85.41525966526518,87.52505574349642,87.8734281633136,87.54334716716674,87.84105296415918,94.00943589326423,87.06794520192395,85.90431385740074,83.8438687375388,83.48496293125051,86.23413899377826,83.58148789272164,90.81763662289201,102.46992222955474,87.65320277990108,91.58679019881282,101.16134692111407,89.23311625811994,87.78631668738586,91.91025669966403,95.90963681683907,87.64410902221397,86.09540224082242,89.16210474241797,84.59286382688073,93.4746629722625,86.07015982173249,88.24902244160627,88.01796155769324,89.1124183210611,86.15437237165146,90.53190620960555,90.4984223969546,92.9911111035179,96.3724688436631,85.28748592918149,91.40221481408825,80.6776020135456,80.40778166572937,79.80288927554804,80.4594088208286,79.34991409870828,79.5079821727389,81.55071536487148,80.36351933573236,79.66736405779129,79.62106143101042,79.96277189308698,79.33510330513573,79.36511795337431,80.01940790127232,80.3054463084564,78.19798092370542,78.80653302834355,81.28232239692059,80.29003620051255,80.70746162355665,80.2155249148476,79.78256614634851,80.2661686035321,79.77134695104216
photo_house,85.789441727039,87.40303308541195,94.57512329991145,91.22230029604114,89.13151860882527,88.91150416388537,93.09133736681666,90.67397532167062,89.08516401430056,90.68022713017318,95.82708309749367,87.74518506940231,91.73938133517707,83.34691875396607,90.10468625069178,88.35770406341248,89.94237072588203,89.18645424330956,90.49781848664333,88.19276399782495,90.18608634965055,0.0,88.00046636825935,89.5423542579825,93.07372476240388,98.74837764492314,105.0177980574048,95.14482703540263,94.05068542314221,92.42627384494507,96.91237465930509,98.19032275723224,93.68069145589887,95.4073554903793,95.49875544638086,92.19677674676214,92.10664594022553,93.02401358816738,93.20821818688135,93.20375997926708,98.27067706578602,94.27105509355671,92.23435481990406,90.35788507662602,93.57566333250503,90.55887802511953,90.81676575204771,94.36418663066132,105.49112792399615,92.25194557519856,98.87153100577677,105.5817731186599,93.51648873171877,92.70974174962376,95.39025436928313,100.27474224021486,92.36497374870295,92.79395886637126,93.05386308717374,92.63741020011442,96.34529650164163,91.11189615902319,93.68664521011844,93.62290643071623,94.42065904665165,93.70347870733079,97.98295356744676,97.07664113175132,97.02915048435297,94.35276766882204,91.50426021157287,96.37639456036166,88.45850135871596,88.53376673623212,87.82257616313967,87.9099749048969,87.51183747535339,87.50811625489834,89.24412543473248,88.15001818859722,87.5725051085334,87.57917245532565,87.78701345719678,87.40308024564047,87.28586916323292,87.74446889910763,88.47374881553333,86.1613749717499,86.68888049505428,89.40305531890196,88.2104059358874,88.43700458349588,87.90385779675672,87.45545198895552,87.74701368703082,87.45276600753267
