,photo_face,photo_profil,photo_eyes,photo_face2,photo_walking,photo_standing,photo_hand,photo_legs,photo_bird,photo_butterfly,photo_girafe,photo_fish,photo_cherry,photo_tree,photo_flower,photo_carrot,photo_watch,photo_key,photo_truck,photo_velo,photo_road,photo_house,photo_mountain,photo_windmill,drawing_face,drawing_profil,drawing_eyes,drawing_face2,drawing_walking,drawing_standing,drawing_hand,drawing_legs,drawing_bird,drawing_butterfly,drawing_girafe,drawing_fish,drawing_cherry,drawing_tree,drawing_flower,drawing_carrot,drawing_watch,drawing_key,drawing_truck,drawing_velo,drawing_road,drawing_house,drawing_mountain,drawing_windmill,geo_face,geo_profil,geo_eyes,geo_face2,geo_walking,geo_standing,geo_hand,geo_legs,geo_bird,geo_butterfly,geo_girafe,geo_fish,geo_cherry,geo_tree,geo_flower,geo_carrot,geo_watch,geo_key,geo_truck,geo_velo,geo_road,geo_house,geo_mountain,geo_windmill,word_face,word_profil,word_eyes,word_face2,word_walking,word_standing,word_hand,word_legs,word_bird,word_butterfly,word_girafe,word_fish,word_cherry,word_tree,word_flower,word_carrot,word_watch,word_key,word_truck,word_velo,word_road,word_house,word_mountain,word_windmill
photo_face,0.0,78.14731909033297,86.25093917113021,87.05656968648965,78.7974503719486,82.03030345646823,78.03021720371083,81.90354467127818,90.79981628527104,103.25690154687885,107.23318240470346,92.5030671193578,99.8658683160367,83.91806808754131,81.97524871874077,80.26411651325375,93.34408186436899,82.05612392987476,87.08774270814924,98.17820513445984,91.62977292097871,87.25886183513089,95.92753297749108,95.3414285538337,72.92673195990425,79.12917298110052,77.35421856444053,78.81634588910408,74.11490120027229,72.54612153900028,75.5886493950061,74.3071762542998,76.58438206133494,79.92046011985163,73.28878086241346,75.48036468622988,78.38552280941958,70.76143946976883,73.40968883945976,72.3292578020094,72.1973050533742,76.67494751044708,78.73675797504185,82.68924214219288,74.6553284473817,79.26916219291024,73.63655300913642,77.85557707699752,77.95068023349505,71.34732214096265,76.5281830192796,74.07717606689813,74.92780293986993,74.19585087767798,72.91007812539375,72.65267819106656,71.60968164091555,79.07219544244586,74.01374746120298,76.1357831951044,77.25143543746714,72.39843106773458,72.02091183283918,71.46224139539837,70.30917724379466,74.55991307988786,75.77339801051671,77.22444727749644,72.77874016388104,74.08975942243025,75.05384167548944,78.39006405117391,71.25450052365935,71.97912470189924,71.548702503997,74.30089670835184,75.94155681728463,75.58546706113201,71.20762198814548,76.40182392646183,75.29037892064395,75.95682038517889,73.46781871623159,76.25826578868771,76.23849263161289,72.8409638424735,72.01978905031305,75.60464750002254,74.3746453439311,70.04812611033047,75.93530001867941,71.29266831530394,72.90788322290986,75.05828144926019,78.84147602498687,72.80112163918956
photo_profil,78.14731909033297,0.0,89.70866898722636,85.24421841607376,87.99326294757172,91.68344458800668,86.76354478436988,91.12219999887743,94.40259338943513,100.85245923669946,111.5150829559919,99.2720168253991,104.8312780987717,90.17559166046117,89.6630587629501,90.98726433858629,100.35756442837469,86.88155725713862,90.53126812792232,102.4254120844787,92.94574279916792,79.1481031254649,98.62256877763004,95.5323338800243,81.7270951931528,78.37020521856404,84.40872208672788,84.15379665372139,82.86235215341684,81.05776955500728,84.79249262632251,81.2778651182714,84.68310589541525,86.32956566215194,81.20767384309464,84.75814964354805,84.56929593095578,81.59004249446262,81.89813693481945,81.83443545155279,81.7239152083324,83.63368682553619,85.12999516844569,87.21565162845411,82.39992875256748,84.43657163026992,82.10612742415759,84.79023638277145,83.37935869096617,81.25272186623987,83.87540309509555,81.7776069355041,82.89898407247028,83.10774733432702,81.07314569864373,81.65594978306447,81.40491201683567,85.07589466652722,80.48709459846998,84.44097956677605,82.93124408754372,81.20032190280708,82.13909535286459,80.53061154176362,80.12376528504868,82.52859328190048,83.77286357226812,85.69856907346956,81.19499006077022,79.3477733957411,82.99978371762315,85.19901913081735,81.17307010145171,81.60112417240073,81.44127054834914,82.42786845969263,83.64230296445714,83.33683654075897,81.21480756449427,83.54786774402919,82.72742178160941,83.6959640806346,81.58567211521256,83.64280341572558,84.17796277651732,81.22892295334576,81.00875225588149,84.11386728289924,81.96885498958098,81.62116802930386,83.78358562961095,81.34167171739232,81.4095110399318,82.66197812978592,86.90000607537344,81.35200197388181
photo_eyes,86.25093917113021,89.70866898722636,0.0,91.95127703834574,91.80287127251947,93.42014291496929,93.6432593870146,97.27324399355456,94.39471193343249,100.86696990570917,112.1481748512344,98.29720859816176,107.01326583955252,98.56169001612524,94.95349771355531,92.06371989252473,109.2738892660128,86.2513194695252,89.17649883377362,102.49132820211209,65.37976214253334,93.45426504090501,94.91908365579323,98.36243778656336,84.46103841224266,88.39364160297549,81.88110271311326,85.0555066965417,87.47262879946119,85.03152215487542,87.41360972334478,86.72514380153044,84.02777977456175,85.31145051965592,86.16520955471583,83.09824545057769,84.08051781986465,84.68771527339788,86.18616406152238,85.43520810496587,85.18335822929922,82.58588215063229,83.8908624572663,85.0511020467409,82.23972980340612,80.09303709973406,82.44349332910751,88.43314807149214,87.08744784775352,83.36368953110654,81.47849591195688,85.10789689147295,85.88034908437653,85.41646446018791,86.08890704131905,84.0146060567855,84.00734086063368,86.14290087313478,84.00660178545877,82.59820413065461,87.47314327810082,83.18615209634275,83.89395772536555,83.63754318137505,81.85888776210848,81.26818309579552,81.88208108051585,83.44705172946541,83.92231745833922,85.35219074306401,83.41267109373828,88.38392266443131,82.00889783542858,82.79188444637474,82.44891673744914,83.29071870490532,82.31882341874973,81.97777902389514,82.2493636026535,82.14336707837404,83.0249571282653,82.07892376733405,81.85734790411645,81.65785326119841,81.80547148618463,81.84893340603222,81.91453241424807,82.63273911209372,82.77254418928139,82.45677163271337,81.6971710220519,82.15369413248571,81.47038475795803,82.49783459098583,85.7799888548516,82.59113664725054
photo_face2,87.05656968648965,85.24421841607376,91.95127703834574,0.0,92.45271884932362,94.04482795853745,90.27973769456975,97.27099675900855,89.65197405259805,102.20431502003149,109.54000082943,99.18856744955552,106.8902373112701,95.62297244469669,93.91239949237475,93.06054213743482,107.08090503192868,89.34553593329719,93.39237330703358,104.89899850408982,93.24651306712688,90.6251104976859,103.37317305956846,101.05036864902434,83.95139182682121,88.24334453854831,86.07749835918747,81.93990387275734,86.7746230629122,84.02194269043663,86.45209283250655,85.83882378094118,85.65747147192604,86.28837729256628,85.53220482757706,86.67197915772965,86.0526822630343,84.32531910265513,84.9536742909955,85.23076409028218,84.96401563830035,85.18145563865417,87.02013249025197,89.10912123533875,83.6054932647422,85.73137525827295,84.33647790105185,87.14416556632989,87.99498893693799,83.4188353443826,85.94310339179398,84.62335289777148,85.1014772560839,85.03187382031685,84.22157922297392,84.42749984641871,84.61096390402282,84.7436544176534,83.71735523250419,84.92138221051232,87.01502188239489,83.3012814374873,84.2297395240932,83.29346685011204,82.5898961904991,83.92754299809299,83.97315922084361,86.12586009554519,83.67598715916291,84.17297814030593,85.12911722558111,87.99838368732944,83.37199284102812,83.52835039556656,83.53004936872487,84.52315917173122,86.27793523429774,85.89921464625375,83.56540845958976,86.66757177033995,85.04601554083094,85.96261727666547,84.626685438231,86.21645707511652,86.85955144753952,84.50169590647702,82.98748342826968,86.06802457244943,84.71363544711497,83.71962993105677,86.52629955735219,83.65165621810971,84.06023284405151,84.70202546623419,88.551576780153,84.13709226099725
photo_walking,78.7974503719486,87.99326294757172,91.80287127251947,92.45271884932362,0.0,79.30824237047773,84.54572383570198,81.11087764465879,88.68762139151299,102.65664670977768,108.45998641120023,91.72911545248847,97.45582315642412,88.63718106196521,74.42879419443355,78.39080534805517,94.67357569083265,78.60093864989194,90.77396291584127,97.6305433657986,95.29490176442152,93.22517550673815,91.5104873324434,99.2269826404562,66.43996273538862,74.57482775824005,71.03240896551131,72.51577870801562,63.051567820772775,68.03621195331293,69.08015005773682,67.86556017113395,70.40978903707592,71.69421786193344,65.22951317974606,68.65261705908976,72.49390816365835,66.07335650905215,68.52242345637865,66.43539255833196,64.80691211665506,70.79854893861989,73.0331535503184,78.95656187087603,67.47380013657155,74.72754729168267,65.30535815770797,73.06964793629369,71.21234681094072,63.02345251873194,69.71202983020211,65.76114719510022,66.09871578648277,66.94387956744308,68.44953027279986,63.80589082030979,65.71683325249059,70.6893618753599,64.47479472370136,67.75615892574578,69.19460129365311,62.52379698293588,65.28794958514897,64.5078479904503,61.95514685665317,67.08204063364347,68.34546737548813,71.20865799935471,65.46975392463928,69.30366394205677,67.3375978766013,71.82503849650068,64.80002049069562,65.99383861769427,65.84420099653804,69.05122045400392,69.90666695132836,69.51407727591433,65.92394154871448,70.48287154271985,69.99842773062946,69.97580648134299,67.88221896382797,70.68260153263722,70.73487558095432,66.6435212781663,65.60320194950819,70.43869134179836,68.34454755377254,64.71420213371681,69.7419317582698,65.38728775349605,66.49044700641132,69.72708551607164,73.81623095075682,66.93395359939602
photo_standing,82.03030345646823,91.68344458800668,93.42014291496929,94.04482795853745,79.30824237047773,0.0,84.19273424320421,82.25277137035707,91.6414105479268,107.68815403171514,104.42443053252474,94.94342045039737,103.80181637490686,92.65456370083862,75.20412011935647,74.99491711313777,91.61005246421729,79.31147982805962,93.04522491702886,102.0996123855275,97.3906028783896,97.39259014727587,97.76175700450938,100.92962667789504,70.98203851447535,77.45104397484448,73.89485575017312,74.75647809946399,72.26472052744006,65.153982885233,71.42414087299369,71.25947566161976,74.36084622658849,69.36198855282893,68.09006596935446,73.30185484958777,74.8082396939373,70.70601216078327,68.80066926163785,65.0020369497175,68.08805005964649,71.9659811122932,76.16956813497585,85.56642429560263,70.21054174668096,78.65247567561951,69.84859134429897,71.13218184524825,72.68245746438537,64.00912691518597,72.62640379469568,66.51005032439689,70.8384674613016,66.68197695574476,68.0350192214012,67.45967616620993,66.23396307807528,72.56960301563046,66.28327149409792,72.05265448600538,71.09068720879591,66.31362301604618,67.20202213831583,63.638582299330416,62.73438826886751,68.43534379352629,71.28776361268315,74.07013882009709,67.82723347186068,70.78607738074302,68.07580992643237,72.47035725392645,66.88908649157274,69.48581823561301,68.47824863707329,71.81925718719546,72.52145069608662,72.47911376440591,68.33051526704912,72.39253922722631,72.18756530350981,72.24938256559037,70.49890537181902,72.4242199967108,72.85168186236665,69.57714089893251,67.410299428186,72.98729055037994,71.41082776832057,67.40535592463699,72.80866409688888,67.20779159284588,69.44818118924671,71.79340579362655,75.91890983904494,70.04788945062775
photo_hand,78.03021720371083,86.76354478436988,93.6432593870146,90.27973769456975,84.54572383570198,84.19273424320421,0.0,88.06259791450933,95.81557602915815,106.59941875040046,110.31027682339676,98.13350360171643,102.75615977904475,90.73012861429055,87.06677950731557,83.36741503964683,99.23074907796979,86.55792934678676,95.45963591534208,101.00629625142233,97.985051943042,92.18358284588865,101.6708162457713,100.67819553267881,79.46329577145919,83.19824966193268,80.99121949006103,82.51519264695958,79.68194652323591,76.60169199681297,77.32826953467777,78.72605860615813,83.0178006823803,83.3638457418311,77.9745599457575,80.81061110699507,82.38251587638344,78.46554319064258,78.8763273439892,76.02083330665309,76.76455093390688,81.42982973634818,82.50917683261954,87.62268122440658,79.26702502010266,84.49612979716078,79.04417081359253,81.35309202389855,82.81203569417129,75.95583887432072,80.00528259288922,78.30776389195196,79.4385703221186,78.66714379592595,75.35116624469217,75.78236424079692,76.83042075568044,82.15080952557213,77.5286532178039,80.84964444135868,80.29181053280911,77.94000805034332,77.90156057774539,75.28693265427151,74.72469548020217,79.36000958319038,81.00603507554548,82.55552909105965,77.76092789060918,78.48614729959992,79.5358709360061,82.10695927359826,77.13150900365036,76.82276490745267,77.03727846106509,79.78066452568703,80.02901369502803,79.77210366378327,76.949363755819,80.21558394511615,80.43153908415704,79.36685141495795,78.61614258547112,80.39440881020457,80.38083675314381,77.86933114249267,77.01456221633028,79.64260396202314,78.91900396528847,76.64715179810904,79.90584421078375,77.27829122826942,77.26913920212554,79.78870870329115,83.22022027502265,77.42191352181858
photo_legs,81.90354467127818,91.12219999887743,97.27324399355456,97.27099675900855,81.11087764465879,82.25277137035707,88.06259791450933,0.0,96.50354233418906,107.61506018774273,112.0223524179153,98.93615371774665,102.3432493909051,96.27165315453013,81.79285846325017,83.55240111824922,96.98846315008063,84.81050894656514,97.40729131322296,104.51319674481053,102.04656476632903,97.94455415416874,102.70131878958554,104.84070893337427,73.50801321739047,81.08040437167682,78.24615069864616,80.43350221885483,74.38114681455517,73.70038614677514,76.236894400814,75.09036814964689,79.25149723784595,78.71044206818402,75.09660105245325,77.84452291232476,79.90816966931087,75.23074402966135,76.56170683055556,72.04720181714123,71.51665290968728,77.9037406164776,81.41836318874822,88.80168323203353,75.14042457833673,82.78313186992624,74.93593867618397,80.05062754327182,77.57618154917732,69.56486270293831,77.38599982974773,72.42151078065916,74.26837569709002,72.93601722954409,74.62064163621191,69.94191802837477,70.10994180971248,78.19903965720727,73.48011331574764,76.02053765664219,75.37375064046992,72.14093334689746,73.30849776047289,70.48728449568867,69.50279660876805,74.43296165782886,76.51725483958239,79.02566126999021,73.47896496673464,74.09150636024452,74.41460427476966,79.76565871036283,73.43685332290818,73.69933998714313,73.68251402921503,76.99345199690937,77.35753999966758,77.20337687496794,73.59588766635599,77.4766592557603,77.22141912157707,77.03242561325176,75.47529933612098,78.0884784218698,77.82497915985381,74.57977237982911,73.51105070699028,77.58902839301412,76.21393451527771,72.46121238984719,77.56968369445461,73.31089476631496,74.09118959966474,77.21204682384463,81.06384396464541,74.31144563679854
photo_bird,90.79981628527104,94.40259338943513,94.39471193343249,89.65197405259805,88.68762139151299,91.6414105479268,95.81557602915815,96.50354233418906,0.0,99.69581300357088,104.3994544190478,90.65309714536889,105.90835410145739,97.39402932129818,92.849200327366,89.46415786491117,103.19238899128504,76.027949802352,90.99625537639034,95.8029509920721,94.38675672324185,99.51507713721267,98.0306655629258,105.9269421516973,75.39300751606501,81.5566664700671,75.92486818779892,77.63442772763285,79.95081656379539,78.08384599214256,79.96405703813491,79.89750342500233,71.18940487426599,81.33795284054354,77.5987615942429,74.80764874597972,81.66203316635969,76.75730406281599,77.1983384875196,78.61377663822977,77.51484437115502,71.45256653020961,78.23873194556897,79.5208184461118,72.12772943794498,79.71372307109014,73.63422844862087,82.3591377247538,81.68935270940356,76.44431422792657,74.71262994624676,77.47981985138125,79.33950365300264,78.64462126382696,79.01624841465029,76.6330384793714,74.9401234619628,80.89567988399156,75.61242264072419,76.35921542796673,80.860471186439,75.73503057312932,76.61110145668806,76.28406312067703,73.09533444563719,70.99937899378425,77.16418892788477,77.44606487359364,77.06881224184279,77.60758318045637,76.99684753312526,81.54094249306361,71.7515519362814,72.7348867903081,72.3154175381447,72.28756879975711,74.65193381737753,73.86044160041254,72.37946001510586,73.26146459053847,72.82651004812452,74.98275119004013,71.51957132438497,73.32053008202234,73.15684734555545,72.20314980440548,71.18574937547054,73.57903521337222,72.8052168664712,71.92177864860294,74.12542080070493,72.47391452881308,72.2280620847121,71.71365556235513,77.10883462199696,73.25992210613548
photo_butterfly,103.25690154687885,100.85245923669946,100.86696990570917,102.20431502003149,102.65664670977768,107.68815403171514,106.59941875040046,107.61506018774273,99.69581300357088,0.0,119.74235475969847,107.62199582334858,115.63521137910341,107.28311434098077,108.7169067987232,106.08609837821066,118.43627946518865,96.58880426867721,101.55156372289402,107.58948757277575,97.86631486726807,103.64136477690727,108.57328325831321,109.35774698754535,94.88941557133369,96.26553456583274,93.38090959443221,92.38966979047396,95.02600492167859,95.51564009115687,97.89492633901047,97.1452627039822,93.35600977956814,97.91374150299688,96.97886773231642,95.39749567517767,97.21194090049843,95.12583704980827,96.12174239953994,96.6390336495959,96.42839734052502,92.7029019987556,94.70348240038298,95.6177129572918,93.58146427261514,94.10045036991693,93.06720054580643,94.13942294561252,98.9067008665891,94.96051887115308,93.45572383664219,95.92408756892937,95.14340235612283,94.87434565585872,96.03011453548147,95.57199490820761,94.91674847173675,97.08057915119548,94.80248256896851,95.22128602310801,98.44978393418903,94.20227211034751,96.39258895088642,94.92465175581816,93.80659100404543,92.70218988831736,94.7004424854707,95.3646881002216,95.22627000324657,95.83307200845009,94.07230691205491,96.12859136107151,92.62621759092298,92.92571587051265,93.26408130198368,92.99711180936043,94.18902549864868,94.64922316559631,93.34567202883387,94.00139823212399,93.33133712328376,94.4998317141604,92.30816599053365,94.44316852196522,93.65015361905627,92.82204085097464,92.65871433964408,93.66341308788925,93.19170596621761,92.54967495950483,93.93555849230981,93.61091988110402,92.63825948614473,93.36658317620399,97.05792530771161,93.09942711452562
photo_girafe,107.23318240470346,111.5150829559919,112.1481748512344,109.54000082943,108.45998641120023,104.42443053252474,110.31027682339676,112.0223524179153,104.3994544190478,119.74235475969847,0.0,113.22297864333517,123.29292613377709,112.3061158220684,106.35574977359387,108.69590818779805,117.30979252693987,99.9510467203848,110.0291485316405,114.58900057626828,111.52458374714459,112.12244364178814,115.41783379414596,115.3006606274728,98.68099226920725,101.06869107373697,98.81875506993957,99.17489000766696,100.65427686183779,98.91709948385304,98.22723528386744,99.80912656955368,100.29149845023322,98.30078138048681,98.34487712743199,99.01425784146842,99.97151401727209,98.19952597574442,99.1512667162651,99.19596324688348,95.86727837952672,97.36061951960933,96.79914522755891,100.9998026048294,97.31774466516188,99.53393226613238,97.64572823997541,98.23212322141757,99.76390484154881,98.86158699585499,98.04707648628336,98.71716008347344,99.56871724747809,97.31903892289239,98.03462627190245,97.14537357809861,99.44597913300186,101.56721506500769,97.79065082311205,98.33576954402861,100.07363486643084,98.40877901927574,96.14368223352857,98.53251059419202,97.04316360872832,96.70003868654628,97.18379000457985,97.55573153957185,98.74776665494333,98.55808596776659,96.09675695370501,97.4989182836921,98.39372388957095,97.42382557726853,97.40613544931905,97.6509102493125,98.56100500744489,98.40373053473483,97.72831706897375,98.84241094689672,97.82724619448658,97.01966679525685,97.61521955194766,98.48116119498262,98.19717607384688,97.5845485026025,96.88035181257267,97.74973899387723,97.40782260689961,97.24998905711618,97.92116334872476,98.17036637427519,97.17448137507543,97.4632862356678,100.71501748496338,97.39221774167933
photo_fish,92.5030671193578,99.2720168253991,98.29720859816176,99.18856744955552,91.72911545248847,94.94342045039737,98.13350360171643,98.93615371774665,90.65309714536889,107.62199582334858,113.22297864333517,0.0,110.39798778417222,101.54024346005545,95.63350961220809,90.73394127615877,104.89063270223453,83.75768279619118,91.83812611631242,98.35758983141069,96.56680754616906,104.00973480437418,101.8058476243418,111.08619846383179,83.5479212980595,87.25045642302061,76.98401825643722,86.07270635542089,86.0816921384502,83.87370414842128,87.04341886467178,85.98736298517399,83.06674840789879,85.74072566519483,83.73373075291126,76.56309912802746,85.73315485905073,83.82147076633059,83.80128513061919,82.86572070661036,80.81450589074969,78.16235061245777,80.37353049534042,85.66688586458723,77.65802022666519,84.62516525100904,78.70672066913525,88.38084391809895,87.10113926262945,80.16599130723935,77.48746423785356,82.71049588834175,87.08217305815695,83.86281135383351,84.94753244177915,81.9778207607597,81.19390278151528,85.08765627579278,81.11038847171878,77.2445066497328,85.44974990280873,80.04865424349312,81.96302925254737,80.94414289758294,78.98154244573385,77.60373235414166,82.03090209381726,82.12410053648844,81.81585902168436,83.2544807539935,81.53590680230896,88.22833199311138,77.49329895176206,77.42366152634679,77.61031655522288,77.37852867819913,78.41130922462541,78.14555333974421,77.54084561330643,77.53278606910573,76.3708745919171,78.89188940620512,76.80125378233461,78.82264950161215,77.4740001652664,77.60137423560774,77.24971572232704,76.84640598295498,77.16888002009927,77.754312550936,77.87964071962449,77.90005859428013,77.96937586402579,77.58448563821172,80.68502947812102,77.79718015603676
photo_cherry,99.8658683160367,104.8312780987717,107.01326583955252,106.8902373112701,97.45582315642412,103.80181637490686,102.75615977904475,102.3432493909051,105.90835410145739,115.63521137910341,123.29292613377709,110.39798778417222,0.0,105.50875993615952,101.59578421529599,100.45458131298511,113.3665069241733,98.7780821524502,110.2293044520219,111.02903495561918,112.74135139448296,107.9427087695047,108.1602870923637,112.71453676348526,93.64001082066697,96.90011315750802,93.8918274363536,97.43764728963633,90.31261836747701,93.06954973195717,94.51656100888823,92.02633522407913,94.509876624862,96.76497520984441,91.78033461454481,93.88595350448045,96.4946789237494,92.52631756601485,96.10975655776959,91.7277701139081,92.32803699870489,94.22879847858333,93.61518071378288,99.17028626791641,93.29550036031867,95.14393056639267,91.95991077514917,96.17792850362724,96.2780596087495,92.23775859245306,93.68826071155164,93.41773007461492,92.71171628005374,92.80665417189748,94.3867636695887,91.69951033591937,91.58550388532215,95.3850113135786,90.68682885640119,94.20516602706721,94.46528213040654,91.49890187048283,93.56502740109667,91.13347818353346,90.09787682225529,92.96206072083022,93.69306248286208,96.26323376089405,90.34967462343445,92.70103415875312,93.41908695578712,97.48807349369648,91.69621654551045,91.05842243693601,91.22729327028932,93.50203415733655,93.51550881176944,92.93275742631454,91.23694117394403,93.331710194718,93.33796677430864,94.406127817147,92.06389467005373,93.38863611403609,94.05837637113603,91.37408837053904,90.81463670309647,93.37358548456423,92.138607422944,90.70160914117812,93.33755989214691,92.04250811152005,91.03089872428431,93.04969393609058,97.19399653912609,91.34871638855736
photo_tree,83.91806808754131,90.17559166046117,98.56169001612524,95.62297244469669,88.63718106196521,92.65456370083862,90.73012861429055,96.27165315453013,97.39402932129818,107.28311434098077,112.3061158220684,101.54024346005545,105.50875993615952,0.0,93.51265838154836,90.03724566726517,95.85590440468563,93.18714178494957,99.39271321965595,103.06605286055864,99.5130698689401,89.86289349485793,95.56965327369456,97.60034086140142,84.86827655178597,88.30384307194939,89.09215941191322,87.15751123410676,82.28846271597847,82.45255316753166,87.89642795366298,83.99944331832076,85.61765004155022,88.891256656148,83.53151136526569,85.96824843247644,86.48730317182005,77.97042758232813,87.32490320635439,83.86664271686213,81.80717271191574,88.14515160620896,86.85753865664265,88.67950336141672,86.96213560231173,86.92870418559743,84.4453068728155,84.03711490077687,90.01498289882652,83.91607819694885,88.74841204807842,88.61150941726976,83.70281493056683,85.54660712721098,83.96176089927224,85.35485952886336,85.18956806059035,87.03720981780518,85.65460358355472,88.32251064155587,86.61419410329508,82.58657571614121,84.55041191800431,84.31966315643047,83.78648204145048,87.52325250422989,88.76217740333855,89.22147610664584,85.27000308768606,87.06935945993638,88.63862938699366,85.71836061964888,83.78743178006596,84.67488893080602,84.84156526563167,86.90741121733299,87.45081777333885,87.64477019746118,84.37667194119395,87.59926386510607,86.65147592644708,86.9155394494317,85.01247615826887,86.87872269905692,87.12817746699109,85.3320610370604,84.62992958402083,87.41155236526251,87.81219152288395,83.45499704980634,87.12278764013615,84.35400608683301,84.58667419424633,87.1419753131609,90.25805433861345,85.55104649180879
photo_flower,81.97524871874077,89.6630587629501,94.95349771355531,93.91239949237475,74.42879419443355,75.20412011935647,87.06677950731557,81.79285846325017,92.849200327366,108.7169067987232,106.35574977359387,95.63350961220809,101.59578421529599,93.51265838154836,0.0,74.53678801480999,90.84158151612661,79.94247642588864,95.05373444005134,102.8389620453063,98.31240591060083,97.45468744032823,100.23375017493511,103.41969929308385,68.93653928055765,75.63056325154649,72.25602444339133,74.35132996503951,69.7267730455011,65.56869660021319,68.37355501632878,68.87437275900604,73.93989093830324,70.6098402175294,66.7054060363184,71.45346007167393,74.21303699581941,67.85733640865705,67.36641431985004,62.8922263382512,66.12020407285655,71.73297001147556,74.93105493447824,85.40141096283615,68.22285490821842,78.5009220208052,68.80143248385058,75.47524458411988,70.09806237141179,63.211691373273204,71.27953833907009,64.84323866170334,69.30298496749035,66.36931450141462,67.79012479106602,65.07469916189933,64.41024311849061,71.10196762581057,64.8307263994927,69.71259302404091,70.1074079873528,63.370586271074465,61.8340193015833,61.47084591212357,60.18523930309797,67.5827632713268,69.36248698311175,72.960540405293,63.781171630208775,68.93732144135451,66.3321943684481,72.93363393889626,67.3660584453169,68.40385743224664,67.73195124795974,71.47924527321257,71.74800855801847,71.4424361586859,68.3187982643974,72.47571864312327,71.51304148393154,72.59022476466258,70.22903206399862,72.50186611450303,72.34673791210452,68.3440244994638,67.64949524784068,72.29539389319683,70.4881577257535,66.63764168998046,72.01943219326576,67.5074510839409,68.69005312469116,71.11657177476299,75.49063128332602,69.38869733459914
photo_carrot,80.26411651325375,90.98726433858629,92.06371989252473,93.06054213743482,78.39080534805517,74.99491711313777,83.36741503964683,83.55240111824922,89.46415786491117,106.08609837821066,108.69590818779805,90.73394127615877,100.45458131298511,90.03724566726517,74.53678801480999,0.0,83.40361926785272,77.69889459309114,92.17148969962093,100.37064102308965,98.13696166197,96.3328777087721,97.57056625842613,105.39657277323407,68.14630059083123,76.0379677823488,71.69174390656612,74.20976596568717,69.72194366455253,62.33598774628075,68.83428386928901,69.90808793129278,72.60599984125668,71.62504107134399,64.81244092595587,71.02692172571354,74.4283473425891,66.37413562759859,69.14193578238603,53.3692062002469,67.27249809028534,70.14710632403984,73.58619543465505,84.32555434705573,67.44495952989678,78.14262729977311,67.28956516060421,75.73455829488779,72.89060412501398,61.46827227862785,70.35604671900624,67.17984332576238,68.61651265550135,63.323154599326486,68.50071336505889,66.41503533050208,63.12440314459013,72.28805536916987,63.91689282045525,69.45461894528945,68.54523326189901,63.346492785595316,63.87082175581366,55.63904572305396,58.33434942722492,66.4020854989644,69.11335934634958,72.68376575236864,66.41641822804219,67.91755299282856,68.06636759411458,74.6985274088042,64.48733764936867,66.75759499502384,66.1770268115271,69.50644467312894,70.26857497771128,69.8984802072035,65.61780751912003,70.05777107824723,70.15562853000343,70.31893351076548,68.37123023955053,70.3192673801811,70.93142312312843,66.83595467960399,65.02496345382794,70.66609936595184,68.72412993430159,65.17348049630499,70.26254510616063,64.68546661819643,67.04152754825014,69.7157724830901,73.81186274715549,67.6587109406573
photo_watch,93.34408186436899,100.35756442837469,109.2738892660128,107.08090503192868,94.67357569083265,91.61005246421729,99.23074907796979,96.98846315008063,103.19238899128504,118.43627946518865,117.30979252693987,104.89063270223453,113.3665069241733,95.85590440468563,90.84158151612661,83.40361926785272,0.0,97.39381207505637,108.25462832193233,113.92727128272098,109.97991898846979,106.47185291036213,103.02796305529239,113.21647034813027,88.76707687002208,94.8768176645957,95.89813570965404,93.95558550564233,88.47698050700177,83.57078519423584,90.68557821230584,89.63049535845396,90.53061719520129,92.49718918062692,88.18015393732367,91.19509470740698,93.00843413703254,84.03467560283306,87.54296488731732,81.70320229277667,83.60488252648135,92.71298507202187,94.10969754590587,100.9594616219829,89.59004196071865,95.21750889312563,88.61628076201282,92.69330776866407,95.27139179970355,84.70476545088178,93.96440269926833,91.36425705660567,90.76779590119861,87.92321850310908,89.65622348719205,88.7505098602004,87.465993372347,92.40293553063472,89.6895279708058,92.06552975754691,89.88844610386344,85.73666342855482,84.43525931366202,84.66175806564742,84.81593288452999,90.83850551608153,93.77276942868781,94.7542410344718,91.63126771725497,88.85776533162198,91.70006172399549,92.75230310165227,87.58563560503141,89.31887764177951,87.89663799969541,90.44095736860966,91.9622219244703,91.78913475919828,88.13442343905939,92.27356548719136,90.41591623757508,91.25197073983107,89.96595600515364,91.63454865567822,91.86010857201279,89.18784624072984,88.73412432967389,91.9250585632136,90.74592703219747,87.1339194448788,92.07271679417869,88.26893812852055,88.81417221096093,90.41207794484784,93.72307410313951,89.2675862983385
photo_key,82.05612392987476,86.88155725713862,86.2513194695252,89.34553593329719,78.60093864989194,79.31147982805962,86.55792934678676,84.81050894656514,76.027949802352,96.58880426867721,99.9510467203848,83.75768279619118,98.7780821524502,93.18714178494957,79.94247642588864,77.69889459309114,97.39381207505637,0.0,81.390618622146,88.90865263071056,87.41894689586725,93.55624464490124,92.27286725266934,100.1313564348323,63.8104339514943,67.02317536907591,55.095373152247824,67.7891132387508,67.03677033348242,63.90460443340609,65.56365030742396,65.21032562820247,60.61574911002156,66.2899743038873,64.00117938566407,60.66772686566002,64.98721244703454,64.8466879821358,64.4791622671191,61.373385275756306,62.54905167703856,45.17869608924796,62.270336916654806,70.18700527432459,57.91392358650019,64.62065820505737,56.16211101281833,70.11083890722136,63.84731289545185,58.00064580105783,54.911860499601524,60.960194430196395,66.92200765659943,62.76027277358976,63.491372713141295,58.86399289828325,57.64735289463823,65.25784338698696,58.3713641794882,56.41991847175509,64.57443211374483,59.4091582765813,61.349500347895024,58.150325403485986,54.3536345164307,45.191483951962624,57.294163705697805,62.04664279932025,58.80184549169255,60.19734043460583,60.601468626982005,67.79278055992464,54.055789534498636,54.13448663339658,53.20936615527318,54.26208901316882,54.249760431746914,53.39165102868497,53.49622066292476,54.05713272854035,52.3102912075862,55.909090568239506,54.13344327619416,53.76990260128668,52.25457512236999,53.14871161905671,53.16104475374333,52.223175466208374,52.71363888701569,54.61691194267798,53.39638493383565,54.307824053071826,52.8250301321503,52.66373442242784,59.409049001126704,53.97472928131198
photo_truck,87.08774270814924,90.53126812792232,89.17649883377362,93.39237330703358,90.77396291584127,93.04522491702886,95.45963591534208,97.40729131322296,90.99625537639034,101.55156372289402,110.0291485316405,91.83812611631242,110.2293044520219,99.39271321965595,95.05373444005134,92.17148969962093,108.25462832193233,81.390618622146,0.0,96.37172064617559,88.83675312309249,93.42228805061251,98.84869891689603,104.26731511067331,82.00089011335997,85.57191646006802,77.9680802270616,82.19120103477381,85.74919890373747,82.75505312591227,84.25728412793205,84.08214809622132,81.94113019383647,84.59188813277066,83.7357474421121,78.99114979959758,84.75191473287028,82.85141637752282,83.64612079608322,82.51109850691185,81.3368331521614,78.07630317077951,74.2496736365986,79.70776936242254,79.06043257693648,81.55179249757583,76.78912088685189,86.31410342220562,83.88678162557815,80.15371555210771,78.93295020323664,81.05772280255817,83.95058339953779,82.61204719119614,83.85103302407427,80.77483636412566,80.81642336636189,84.88139682029264,80.42147476743384,77.66871895887441,83.97439620081141,79.75462773440341,81.98775935484407,80.6316120346127,78.48327243725667,78.10280360778536,72.18860226601174,78.71312961252215,80.27954274418617,81.9163040158145,80.48896278096595,85.50532848237566,79.01297187091427,78.59612093586674,78.83578873333707,79.90774698060441,77.60529146470624,78.36133053475126,78.07865216398693,78.22241223515866,78.3575075593708,79.74081566615367,79.36382444195466,78.43025230246306,78.40569946780307,78.7056250001114,77.76122443942981,78.54408522051177,78.38361795913741,78.90722495645615,77.93972875905294,79.06669816659048,78.617973640109,78.53023187645918,81.28399931662369,78.37059172098884
photo_velo,98.17820513445984,102.4254120844787,102.49132820211209,104.89899850408982,97.6305433657986,102.0996123855275,101.00629625142233,104.51319674481053,95.8029509920721,107.58948757277575,114.58900057626828,98.35758983141069,111.02903495561918,103.06605286055864,102.8389620453063,100.37064102308965,113.92727128272098,88.90865263071056,96.37172064617559,0.0,102.75726370717447,105.14947853003325,99.23524092112172,106.79540423933028,86.9589774031724,90.58799258143176,84.84491164242061,89.23199152773755,90.59186251563933,91.95896656259292,93.0194750114617,92.03099047770661,87.08082552974153,92.94547677898007,90.29689164583547,84.82222946909951,91.2552681370759,87.98228647096278,92.09291739789505,90.95466287531391,89.1908595926462,85.99523458552275,82.4018463680267,70.27113887904034,86.83211380482525,88.43790630824635,83.89416650918572,89.54004166417087,93.37555648003548,89.94860183840743,84.6272220576219,91.14899719359566,90.44062871759787,90.21781257350949,90.78682892651722,89.80056117855561,89.82400760703447,92.00517125569053,89.91212941693236,86.8912732092327,92.49759690712052,89.19464568120303,91.15046403716127,89.07392330438043,88.05731057093985,87.0036523765558,85.44582680119318,83.34099332459206,88.11141048389504,89.09059533070207,89.53178839192809,91.56313044567212,85.30691294953682,83.89751833831714,85.0465436388027,82.75224452793631,84.73089341839145,85.44399182214764,84.46406900381244,85.07655671420102,83.31616467929315,85.34222408450124,83.76725691616937,86.31831043679257,84.78989800664088,84.90375478723627,85.19741739837919,82.60022388923707,83.08525719613561,85.2977341777845,84.93706559193207,85.14536713118486,84.24378157354981,83.36528293225682,86.32924370131431,83.79428530550247
photo_road,91.62977292097871,92.94574279916792,65.37976214253334,93.24651306712688,95.29490176442152,97.3906028783896,97.985051943042,102.04656476632903,94.38675672324185,97.86631486726807,111.52458374714459,96.56680754616906,112.74135139448296,99.5130698689401,98.31240591060083,98.13696166197,109.97991898846979,87.41894689586725,88.83675312309249,102.75726370717447,0.0,94.11226096816112,97.3424154607342,99.9682488591332,87.78494262600559,91.99036895561473,84.07920845210926,87.50256368743636,90.06496685246475,88.28292598092555,91.91102529038714,90.7851327366165,86.09404105879153,87.81113910820376,89.6349048216201,84.93511900777176,86.75070914440927,87.32293401133684,87.5896621440988,89.90168221034064,88.4266174840327,84.70811012607706,85.4317493313203,85.36932219746305,82.07916292332163,82.5553663692313,85.97298795921537,90.68524967524742,91.1669554473472,87.84438858609788,85.95371758726611,89.71840393820027,89.65830053219383,89.56895576245209,89.639655645146,88.81607225153516,88.41572127357794,90.06236435228793,88.64698005795805,86.0908321160382,91.75866084415902,87.10639397719315,87.59456581566938,88.37712096468051,86.4863729605551,85.21589521105486,85.15032883505135,86.51111424674899,88.1934621886436,89.10701907418388,86.82424470216563,91.54465080340185,86.72132189045482,86.41716121954607,86.67869845976587,86.18636163688625,86.05568292594153,85.53108687938301,87.00903398656384,85.06427447415089,86.71021206569235,84.58635881441742,86.05324954246385,85.85947878489843,85.17936048773439,86.6663428171962,86.31208994944811,85.42830059303024,85.8357205245909,86.61586494023547,85.48847697472603,87.29552760608547,86.72193931150608,86.27549485130062,88.4896924039995,87.08567084245182
photo_house,87.25886183513089,79.1481031254649,93.45426504090501,90.6251104976859,93.22517550673815,97.39259014727587,92.18358284588865,97.94455415416874,99.51507713721267,103.64136477690727,112.12244364178814,104.00973480437418,107.9427087695047,89.86289349485793,97.45468744032823,96.3328777087721,106.47185291036213,93.55624464490124,93.42228805061251,105.14947853003325,94.11226096816112,0.0,101.35714091405973,98.30812022598751,88.19638758964818,90.98498050234693,90.70328792636818,89.40443330828933,88.69627795238357,88.7730617984051,91.36492234343496,88.0354743520351,90.10057987405575,92.78467404010995,88.85944020780666,90.46810891970942,88.7301778992959,87.36477309447818,88.92823041151868,89.63449928906589,87.78594825856135,90.07400829223712,89.30491190855415,89.9796702668841,89.45129538819441,86.9816418225296,88.41316188630977,89.05381337906084,91.53606468431158,88.69933781734642,91.1146607250192,90.31248074991831,89.1540299182292,90.36515789743072,87.14966205444668,88.99156216546315,89.41770904156743,93.07410059997356,89.10468831676796,90.34004628507492,89.17875233386673,89.06293515045846,90.01838718961169,88.81531949529564,88.46067716437338,89.89565765710036,89.41256230827777,91.5311008133884,88.01300414803015,87.04768979814624,90.35480654954118,91.29205379868233,88.8467536763939,88.84307657273132,89.08340725850574,90.34835948050339,90.86649049969117,90.86735016122033,88.6254250825228,90.99956142064887,90.3563586754495,91.08232546015387,89.21068703987065,91.36765093667213,91.06109538781408,88.88901451152074,88.64096791887987,90.8956112259429,90.11530861465098,89.01646871703525,90.63796142493159,89.21309200396902,89.30975216916498,89.94073857686715,93.85647578632275,88.94408351358923
