,1610555604.25mOvVXuL01OCiReyVWBfesjuvXmB3MoPy,1610555605.43B6oDsBtWRQ29Q9UMQuTUEPZy3FSSWXzc,1610555610.92HPGJJSmyPM40z7otPBgHalNrHFA7zk5d,1610555606.68LaSQbm9EHAFycEfFtEqAwYqlBsQPjIRW,1610555617.19EKxMEwDHfXiEJZc27TsGoERaD6Da4BZU,1610555722.52PJ3FD50MGhRXyUD28vluU8Z9UjLJLZn4,1610555617.52Ijr5puT55g9apK8auM7zaxa3NANg502t,1610555638.77ZLjTLkz4jYJdFMI2wWBztzsDILkoOtAk,1610556912.46C7tJPLF0XfNnm8f1820X9aLmXMHoc0Dw,1610555617.51LjzIROg0aeCP2GhDcAVQ0LipKJB9jmKc,1610555608.17OpjjHobqRkX0UPcaXrbu7K6L3805SZri,1610555721.82zWeNZfGUUfRJkgnAwlP8VMhPzXctnSd4,1610555735.75bom85BDF0C7W2eIseHeMxi24qR68nzMi,1610555735.77NnT5xqKnwcf2BbjIekeb2arTQj6QMNwk,1610555638.33wjf1PhdNaoWfbRzXVn50hmFyB5bYAiLV,1610555606.65jCE4ig8Pu8kvAzkxnSGfWsV0nQBjCf8H,1610555608.18ONsBCVo1i7BrX0XG9stct4oiA6ejX9Oz,1610555721.51RNoQUMP19FTMS79BmA3JkgSm2IC2AQuQ,1610555971.86O0cHB2ibBJ8jxoObg01EpGe8VVV5mpwn,1610556911.51zU3duZSGpcw1BDNsBLxdOCITAXwl6z3i,1610555988.71dMoYT8250UHHJGxgmITTmbHe7V6gH1yU,1610556042.81mlUZsSp7gbGjrp8jQSnybT1gPy6e62o1,1610555637.02UBW5nKvDyUrKnaWcYRGajZPxTRDS0q3N,1610555619.13oUYNikU4facCTpUSiSLr0vPI0tJLnXiT,1610555721.03nzkucfjAUh31zTbmCVvTVYqtjoxZFnBh,1610555722.67fhKURdXVzRbLIjXmjRwdJHTnE7PWb1AE,1610555638.39J2ZWBLuLTHP0jOlzB4tNHmYeijH5g5YJ,1610556032.17Q6yCDx9g7alRnL9jBFXD2JhhUyB2hKfJ,1610557007.49MyVgDnuUuBxrvL6SGOdhKf69VYlW1MSm,1610555638.44hjT5hbYdKoE3MB6hijrjqbjmLgvCUYKD,1610555608.13zUvmFSCRt6SsLbhqFznMEvGx54GPGQzM,1610556038.62a5C4ynd1AARyAhTv8a58NCqHvXRjscqH,1610555644.45Xse8u7pusHNsd7F3d0A32HXvXr6weOJE,1610556038.62gKXOCG7XCn55eJvyl5voNjbwOW0znQDq,1610555987.13v0oleKK97pkesp6oMgprH8SoSdoDVdIO,1610556964.96ZLLeiQW0qpmxhPGTg7K03fmzkqsC2bjC,1610555987.13VQlEedQ50VvkPMEMzZDv3KNnQCewykN9,1610555982.186TY6MMGkDecIN1woW6vsfAMXVV7jnyjO,1610555982.673LuMndkwkvdmZOn0MmE2Pkidx0FtNalb,1610555733.38zItcuH7gHNfKdALR2d9Nek6bxCyw36Vm,1610556034.15BQxSbZINGCay0yp6RBVlgcPrw76Yn9ON,1610555639.37BPZpgtGml8qUsh9AdV4m32jPLfI2aNFq,1610556965.57S0adAalhWYe6K3bkZU0bRHbqnDK8gGkR,1610555983.54zteLPCMjyrjzPdhHhlZr3faCgD0TfYr3,1610555987.79rHnNRmt9a0ufmnwCvZqBouyUoZDNpylW,1610556960.041xWER61rmArlsKfiMl4frikWmUCnQ7op,1610556035.13a7NHZDutfTMJ88qle1gTYY59Dr4WmMsj,1610556890.456ZBDaY16bMtrTZTqAgHl3wq1tRxzqDow,1610555760.24e6890pkbyZ97Or6croI1rQgjkSsR0yVt,1610556043.02YpWMIJg3W004iqlPyv8OcVAZdSC5rNYw,1610555987.03z05P26TLtONYM1HSzupoc2CeNMa6HTqr,1610556032.15OYCzUxpsz7b10AXBAuDXrvEcvxFhf0M7,1610556032.63Z80yI9pNwS3jSmsDABbuhf8wkNa2Ze9y,1610555736.28eGuESasTXdR3SqY6pHhEXWZtcdciYLCO,1610556034.61bebeZA0MkaFG2sm3VKiqrxeqQginTTW0,1610556944.5XwXOphKYT3ZkWA8gViqOS97VHVuMVUqb,1610556944.745UVLFBzf7fPh4UH37I6tYQOFPqRDytEh,1610556034.63XsUwaFaPZevO1JNFjfhvY4aKNFnV4noV,1610556964.89xwBHw9faT1HjQRMNQEyA4qJ3hWkwgj3k,1610556966.74DydzH91jtyvRyYau47JpVkZoMRSNTt01,1610555740.77UueVziDbaXyRR4OcVJIIZyzOfAzN51bj,1610556046.84e3vwjyRCzqz0wJQhrk8zsxlFfFSv98Df,1610556137.99eoPuVrDThKAOvmeprLPb2FWRqIhzUodc,1610555740.73XFwSrmTXJPlaxGZSefh0jOVA8PI3III1,1610556123.88AOfNaz9jSnqU5Czc7okOv1RCrYfKFBTo,1610556046.85nB7NvyoYQeLcOV391Lmmut1wAM8CFGLw,1610556123.89H4pdIAzDthI7bMXMhlIhKUYIQIvtmPPQ,1610555740.87GOYQUJKpkynIS2lFqppYK4b32ol7NeGh
1610555604.25mOvVXuL01OCiReyVWBfesjuvXmB3MoPy,0.0,43.314397514164,8.464837746888175,38.97975628371113,23.669480470165876,33.66480967831247,22.086699150598992,8.266517289669592,17.539512650241615,31.999173948647904,44.76022778567809,40.790513096154704,38.467804993834456,14.42109032935627,41.96378983429198,35.86919969216008,46.72414633060074,44.645796089482864,27.893363638867893,29.3926841024116,41.5201845676872,47.230763268824056,30.92604675049729,7.993649673756709,38.38358801562066,33.00097905687118,27.40562775962319,40.23995412707555,41.01070172381091,29.35180388732479,33.85906235009732,32.189367535938366,36.7016916508489,38.362032944137006,38.99452923420865,39.18367272531636,37.64964424112624,37.5768506062798,42.29675131887076,39.567134983114144,39.22224661619086,45.353144105466036,38.43317180646034,37.40854454541326,44.983357928364356,46.623700007471015,38.56912579837674,32.352390075974775,33.434567603379655,39.630873233150275,32.884779536176694,31.73104152101704,41.54698048695465,47.86825451966706,32.72285406866674,35.13927623018994,37.21662331080296,37.328715272153374,31.68602465790306,36.52818056293483,45.54382704585244,50.23405669010196,37.39434468534956,45.365653529697006,34.33953910640575,48.78509531211045,35.53632748127758,43.941451649525376
1610555605.43B6oDsBtWRQ29Q9UMQuTUEPZy3FSSWXzc,43.314397514164,0.0,43.584453163822474,32.57111238538859,43.417726425929,42.390894791126385,42.20006428032835,44.65037940250122,45.624586818090656,38.5295209523507,36.20084979526799,43.56441845220234,32.163443094622764,45.23098899105541,41.63848532105537,42.50142439223711,36.73510752810429,23.744715942781713,43.14756378411866,40.607895461534596,45.52745250711846,39.7255742793232,39.90181753931798,44.30704573402598,43.09714064129579,44.266025775712606,44.38358231473785,42.83194226315675,35.17521760867647,37.94586101705415,43.42818723963892,41.49775661649991,36.131965870116645,36.53909147350037,43.84277362788313,45.988940703684136,44.74120726922036,34.556324060555895,30.70452770908208,48.92856450206034,38.460942502918236,41.93073771065589,46.55839794225596,36.71393190983776,30.364421272374287,24.816402610389222,47.26596250118661,46.12290889048604,37.0503400024935,45.259125838796386,43.81714693572847,47.48941711130335,43.00907048741439,35.96815655141888,41.635986988486884,43.536387967720394,42.66172047845268,41.822856214490216,44.11902528310304,42.10890895919254,38.59075707587485,39.22282034798986,35.39618893847308,42.21873623745709,36.70207140243396,39.70057391914261,44.441045965757816,39.415943817088724
1610555610.92HPGJJSmyPM40z7otPBgHalNrHFA7zk5d,8.464837746888175,43.584453163822474,0.0,38.95932553828664,24.289303645982496,34.83087606250236,21.20462172120736,10.233266685990248,20.123679290901634,32.38913526410076,45.02395277686149,41.772206704810806,38.786864548537665,14.557101304541352,43.30784912456404,35.957875075084644,47.17368582039424,45.63112451116259,29.376605202504717,29.830255176697147,42.923184010779956,48.53425673126338,31.579366801539354,11.015835728141386,39.119059611092474,34.63768764122408,27.954403047179436,41.03537354758128,40.8779857428544,29.685089924402547,34.155530862280344,33.30645290528401,37.03664585077364,38.474811447438846,39.90557304780154,39.98801324633236,38.47567040566536,37.800168847919515,42.46693214239967,40.820705158278436,39.385969189519166,46.45862612879993,39.92934849281344,37.981987933501756,45.56209271602599,47.11045937759975,40.42887498819727,33.85177960120408,33.800339932478344,40.15578303364887,34.12988865206118,32.80543534481655,41.66682563343039,48.02412355879095,32.83827605398321,35.57628390264699,38.29594987111229,38.076062288612626,32.89864548880698,37.99474604599362,46.852832727503554,50.63633990130031,37.65870708363286,46.600351793673596,34.62212824772537,49.996337164551306,36.01480171095578,45.14134165278096
1610555606.68LaSQbm9EHAFycEfFtEqAwYqlBsQPjIRW,38.97975628371113,32.57111238538859,38.95932553828664,0.0,38.679924749286,42.21703681022355,37.47865939908036,39.89798956543256,41.51162165531785,40.568863348531266,31.893310544472058,35.572440855713424,40.85047203320197,40.794379007620215,40.30664497567966,37.36841157105258,35.108768861405785,34.69458769306513,38.92984301575322,37.19787352664667,38.485176003795615,38.94829650336573,40.79413375447743,39.69256589564352,45.81369733337505,42.720612505679675,37.3042657635719,37.20242059573189,34.82797148858428,37.75468263673095,39.32300387590766,39.8809615430437,40.810925641797176,39.17208112015655,37.4958445655068,34.564052613697115,39.579383515174726,38.24030002586085,31.903462333280164,43.56419589626953,30.839956712779365,35.39582985624038,39.59998502707626,30.96777801416365,36.66043112990032,38.40491452368413,47.01343545378541,41.76497023345038,38.44377714163328,40.20683330517762,38.873146884861974,43.13623685076264,41.568187055530004,36.80319261929086,37.87811749108127,44.15913733244071,43.10852693911534,38.41146084375866,40.803636775410816,43.94567485652433,39.698670376003655,40.19939907349522,35.971505022874034,41.48834393645672,36.46055816106794,41.35213942323801,35.836922519869276,39.56077086465455
1610555617.19EKxMEwDHfXiEJZc27TsGoERaD6Da4BZU,23.669480470165876,43.417726425929,24.289303645982496,38.679924749286,0.0,37.6189692279027,20.916160077981548,25.35857262773644,22.965434343177513,34.431824546752395,42.10371815913417,42.307465220020184,40.605415738448826,25.230113766770458,42.72204498771064,35.922639078830464,44.01861934122865,43.84508840973564,32.22827619972471,32.148225799593966,42.591185302267256,44.91069802353559,24.179548581369417,25.356137226307467,37.538983616866396,36.77659922868345,20.810675169529947,41.98647842159586,41.65237927826689,25.83355075658853,32.83978266220496,26.59143542349382,38.87921706715665,38.317856595742136,39.7931983023837,39.391738687720085,38.522774620742474,37.208163066948096,42.20319587668923,42.67543452223106,37.406522090083875,45.12899273795203,38.54917472403023,40.28291603995064,44.3156875949262,46.19450037410406,38.95557302706599,35.46026399111652,33.94737053533722,33.981901285704666,37.90641779159613,32.60212620974944,41.504994048580215,46.363516353008265,34.36566617874845,33.33970610424084,37.30489306537092,39.92085317140706,36.52593836582624,35.40046227710562,43.69985048723262,48.09900890524829,37.1226988662329,43.46317426592889,33.460714983203644,47.5667676200757,34.70771136320503,42.61041347892995
1610555722.52PJ3FD50MGhRXyUD28vluU8Z9UjLJLZn4,33.66480967831247,42.390894791126385,34.83087606250236,42.21703681022355,37.6189692279027,0.0,35.809313989995125,34.81637448562033,33.68818764679171,42.1300715473178,41.22189782658906,42.02374226881896,44.02709198418508,35.56813415212812,43.25175885209253,44.672099820427675,42.0351138794143,42.14917277368521,21.036108133375226,40.30154379529226,40.5099037908056,41.58212748512198,35.813612762867706,34.699704852149594,36.838859107573434,14.423993686325355,36.589409498775886,42.1880290405668,45.511900929483616,33.02383320209747,42.77085659311482,30.884464646188896,45.740413185062025,46.349910314144786,44.00009987583565,41.487861836384454,45.317711182238035,46.38184963944842,40.30086820098908,41.95623164720036,45.838201005332316,42.60551716833489,44.52839367722078,38.08561748102107,41.62212727519984,39.795263348004035,35.64225883931413,34.65844530946654,43.895387384110634,40.12402206811717,38.105156316546,33.877518463746554,42.24806731687607,43.75830048240789,41.70942225125385,34.65327344330272,40.72056300230347,40.50221619665494,37.30949188020148,29.602606311239278,41.72806629084786,44.92586790058975,45.42693177762715,39.09979794257732,44.560353523709495,44.60284832440433,37.370439510148806,42.097211765594466
1610555617.52Ijr5puT55g9apK8auM7zaxa3NANg502t,22.086699150598992,42.20006428032835,21.20462172120736,37.47865939908036,20.916160077981548,35.809313989995125,0.0,23.290327013242088,26.92771640197619,36.08550655746338,42.28852707413144,44.89210593735715,40.407853507563296,22.585126576696396,43.46444576919821,39.06244149911721,44.7032856622037,45.23171121838502,30.31968335517843,35.50666026514047,46.475205864532214,46.01649155488028,30.55873160427711,23.350460016434507,40.65437222668929,34.92856184929043,29.071447635541265,42.894365555256066,39.47296105558012,20.934482762632893,36.033650362510706,25.99705533460143,40.43251447258527,40.517714638873336,42.502697950050276,40.0583823518931,42.838102767906655,39.1865278530632,40.555893360377816,43.54110293415795,41.0720048934541,46.29925768304321,42.12448080486371,38.89469685773492,44.17955716478173,45.69769170393016,44.74072602415846,37.684162228042425,35.94216175267689,39.15775370002467,39.45036087473455,35.30727515152208,40.392882859152905,44.710336413730694,36.519820871338574,34.645156104926194,38.90457354686132,42.989195072729494,37.6576639380072,34.062934108096755,45.44915925853937,48.26536493360365,39.2675596133071,44.21510354004908,35.846602157048686,48.188816605553,36.2926230932345,44.05362526878616
1610555638.77ZLjTLkz4jYJdFMI2wWBztzsDILkoOtAk,8.266517289669592,44.65037940250122,10.233266685990248,39.89798956543256,25.35857262773644,34.81637448562033,23.290327013242088,0.0,18.437991050008442,33.836052528648025,45.580095001040995,41.36298834535581,39.94512222544603,12.765796149060215,42.432397170865144,37.2917631819361,47.39397045447406,45.181080182293194,28.712664825477365,31.06923041499311,42.37120493640004,47.78389645268365,32.9724240138098,8.579172675416585,39.60626824926918,34.1732343960865,29.251855420000485,40.905499457784764,41.924272306521665,31.16055316089351,35.430108386619075,33.94566208982035,38.316299571581716,39.68743088719737,40.14261524352518,39.821103578353664,38.85764587720594,39.01061789075064,43.58101415896468,40.05999089364521,40.04638258665976,45.678819042363195,39.10509078982217,37.76124573438583,45.82730596997758,47.475618381021135,39.88730502293177,33.62571589096872,35.19323300680918,40.61612964286984,33.662920978396606,32.740867313771226,42.63412314571499,48.87446615345502,34.4476040381125,36.50437716436085,37.821913474462896,39.1079248635869,32.47064300501421,37.63671957583177,46.16945838511423,50.84514423354885,38.920783117031085,45.94086283556073,35.89407297471248,49.243344411767545,36.77691867443467,44.508601729373154
1610556912.46C7tJPLF0XfNnm8f1820X9aLmXMHoc0Dw,17.539512650241615,45.624586818090656,20.123679290901634,41.51162165531785,22.965434343177513,33.68818764679171,26.92771640197619,18.437991050008442,0.0,34.767685574049885,45.82132948760198,40.32161869731409,40.96687415893389,19.39080970594506,41.53536445412918,38.00739392726036,47.144258395983044,44.25073636281081,26.733000125865704,31.419224860125183,40.10862807242267,46.439553926879015,32.43775082402451,18.225730261952876,39.04032668741169,32.667717411385574,28.76989937168473,40.377247104946804,43.64820293176344,32.143424729020786,36.58720698499829,32.82290881782224,39.1945555678636,40.44472224727839,39.76008810155801,39.476818597451974,38.30952629689761,40.26420252982531,44.70183845827164,41.13342465350046,40.598461831875,45.10644111453259,38.11472704605341,38.66424744347039,45.67245454783791,46.88902721297111,36.722519974958864,32.08190560185679,36.7359626019349,39.122755597651135,33.19885429032814,32.175742201110246,43.82095487713126,49.61474801256568,36.1852298279579,36.41202620299441,37.68728531745867,38.53617523184359,32.09038705045415,36.20748740962219,44.93248356505833,50.812507810998255,39.88125117275342,44.97663037482038,37.324463584445816,48.45002296860838,37.59199413984384,43.39474897309783
1610555617.51LjzIROg0aeCP2GhDcAVQ0LipKJB9jmKc,31.999173948647904,38.5295209523507,32.38913526410076,40.568863348531266,34.431824546752395,42.1300715473178,36.08550655746338,33.836052528648025,34.767685574049885,0.0,47.24362404912219,45.831477429960984,24.202090505777267,35.76469114690129,46.494785740526154,38.10489689681938,49.21773683239561,45.058787479935326,41.616081973341366,34.304897302412634,46.34662031080869,52.08304097726448,33.83983704977505,33.3774510401413,40.29512421399938,42.82323669731453,34.88694960066476,45.46393196663253,41.6523203678348,36.478294774675945,35.510418949725654,40.23887672283001,17.86321527408042,37.15485990113365,41.78290820560818,45.750897067291085,39.06946812245448,35.689608409058174,38.40448963012957,42.918086227623526,40.751459438516086,50.81258186922143,41.634558881798924,43.79007791899405,46.06109878949955,45.307482805912436,41.68580644249709,38.93833881584056,19.692661771803127,43.664467866041036,39.45218361577026,39.77216563461832,40.69329720796741,48.69156270344286,35.19008786622574,40.006443578194606,42.20574360186803,37.49597370357108,39.77850724393814,44.02192587620767,48.82953119647323,52.01365106910273,34.55533316391099,51.12299260452412,30.31031149787379,52.363066029390964,41.504535095842826,47.69236319902693
1610555608.17OpjjHobqRkX0UPcaXrbu7K6L3805SZri,44.76022778567809,36.20084979526799,45.02395277686149,31.893310544472058,42.10371815913417,41.22189782658906,42.28852707413144,45.580095001040995,45.82132948760198,47.24362404912219,0.0,36.541219153535934,46.29545808472133,45.30345716275343,35.38714455918052,39.960103898402146,19.40149399622744,33.31330244332876,41.0870882612361,43.30414493873202,36.1538047752659,29.64104730724773,41.4998675447535,45.808589896242225,38.69389770342915,40.9324088272277,42.49493437530775,36.85725999481032,35.98342967334441,41.91647920260543,43.84229172083242,37.637619548399094,47.61519081884962,42.57547167220345,38.805950480115335,34.0174900685658,41.6809746285403,42.61056319045753,35.04448967890047,43.64947145384605,37.15037923888523,28.0002930782727,38.589626889356126,36.725751929120115,33.10653131679424,30.865493731514782,45.30367108684072,42.73168404078357,44.799652545434114,34.229953043371054,43.32909397425714,44.87079074776089,40.77126958074896,31.848731003562552,44.22016899972255,38.224521095426425,37.69042269254294,41.766856212089245,45.05192623905691,38.1187513322368,32.84602002469439,28.60502956272223,40.60537548112778,31.69376907780893,41.58320193274185,29.049294855117676,34.9986036549819,34.88134221880557
1610555721.82zWeNZfGUUfRJkgnAwlP8VMhPzXctnSd4,40.790513096154704,43.56441845220234,41.772206704810806,35.572440855713424,42.307465220020184,42.02374226881896,44.89210593735715,41.36298834535581,40.32161869731409,45.831477429960984,36.541219153535934,0.0,48.14767793809193,41.997957437860876,41.52741084260942,33.9997653919176,37.40636043490112,36.49963072202997,41.572850409492254,34.098869314910175,18.902281877879588,31.836025856149046,43.77094038422336,41.65537554272803,42.059095438236035,41.609797927013766,42.77191342994099,28.06610122443011,37.191986884346356,46.301301343733904,44.4438654071225,44.56390415826124,45.27635387142771,38.48566286558641,31.606521665839853,29.69083213473146,39.27374815624338,39.11181378795687,39.397935754460114,43.60365757959299,38.44278870591516,30.149197146116478,41.06415457252001,30.644721575194442,40.71762845036259,41.60117063039346,40.86637779246861,37.93696755430125,43.433807586332975,38.69963411843443,26.962298780991787,40.17695660743887,44.812360090140025,40.07070486638436,40.78249951474475,42.22377266324937,38.11286473901159,34.69279642023557,32.561404192655324,43.41230063084304,38.314006842165725,41.12424260759965,36.11291541758246,39.61456781935879,38.23528353329723,39.179169259214426,36.82746927511198,38.10612214019255
1610555735.75bom85BDF0C7W2eIseHeMxi24qR68nzMi,38.467804993834456,32.163443094622764,38.786864548537665,40.85047203320197,40.605415738448826,44.02709198418508,40.407853507563296,39.94512222544603,40.96687415893389,24.202090505777267,46.29545808472133,48.14767793809193,0.0,41.10198060574249,44.36181905455172,41.352305455578225,47.26772550700627,39.87582107086884,43.75370016440746,37.5260099097069,48.75851836226388,50.2690972157087,40.13788167105569,39.59140778777172,45.6599727441482,45.038264385504675,40.95909330470867,47.141800133919084,39.40314857330002,39.67396856209317,37.64565447462221,43.14375022366332,16.459524520534924,36.6854926931918,44.5823068799416,48.528080942083044,42.05754468256659,35.72478275374308,39.982610499729276,43.738540704196964,41.19934763277791,50.519973112068165,44.43061514227579,43.34878941407582,41.97929357133916,40.32266500800658,44.54714534552711,44.44024022148848,31.201258509769126,46.57829206843207,43.57850740637962,45.18020454767419,40.46455908479949,44.74597526122512,38.936671176784174,45.14882506646965,46.14800454336502,41.357255842833396,43.65876090631086,46.624147238892434,46.16137247602334,48.189102502403756,36.170465758078315,50.538019996845314,36.59936736926803,48.49900195242287,44.56243059027608,45.490657223916834
1610555735.77NnT5xqKnwcf2BbjIekeb2arTQj6QMNwk,14.42109032935627,45.23098899105541,14.557101304541352,40.794379007620215,25.230113766770458,35.56813415212812,22.585126576696396,12.765796149060215,19.39080970594506,35.76469114690129,45.30345716275343,41.997957437860876,41.10198060574249,0.0,41.96909523742547,39.255741427201066,47.08272083584636,44.96048449233342,28.62960755816997,33.15214527071724,43.2989931461559,46.97304608949998,34.36369443149831,14.898340966399381,40.16699484052082,34.9703912127258,30.781865916358218,41.967825561363725,42.87969446445865,30.924015499848622,37.30889176980085,33.2198986866361,40.07750747835719,41.50650331290675,41.67084532711423,40.746151042029204,40.404226033540766,40.790287218265334,44.62676065463486,41.256872292441095,41.54455030572193,45.98935418733405,40.03685638659085,39.16506350633665,45.60977512337176,47.17657075447417,41.600908647807366,35.26029587404855,36.8121517253562,40.99728251275484,35.0918485001479,33.6060127421871,43.74987729878918,49.41361784715222,36.85428229981533,37.30267594656477,37.07952813491312,41.331403779905386,33.935512329148224,36.862162347908196,45.840888441491714,50.51450023360575,41.01540491599339,45.56273444408753,37.68039130125058,48.87270065607707,37.65207666552519,44.013703142108795
1610555638.33wjf1PhdNaoWfbRzXVn50hmFyB5bYAiLV,41.96378983429198,41.63848532105537,43.30784912456404,40.30664497567966,42.72204498771064,43.25175885209253,43.46444576919821,42.432397170865144,41.53536445412918,46.494785740526154,35.38714455918052,41.52741084260942,44.36181905455172,41.96909523742547,0.0,43.059644614852154,35.44801783795364,38.312408577719765,41.02488487517824,43.09047087912571,39.85394550098097,37.51280287901553,44.16517887724,42.574890721598074,43.10734647508902,42.16872056801815,42.99608020784534,44.14590035839197,38.103882300205555,44.035626689156175,40.32359617286657,40.74738096491975,45.94123252645415,48.307280586155464,37.47011136785913,38.25661072029093,39.25538870129286,46.826864083271886,42.628836734744354,42.945072223006186,34.98103291938148,39.4816863088032,32.28900514701914,39.57179432627479,31.439100880281135,38.279307792545374,43.31682544623554,41.37209772160312,47.56389703631045,39.58264917135301,41.46435019436132,43.027135795568135,51.20797750315228,39.50674720444058,44.289931346791995,42.72590377736839,35.360567986969286,43.169252759218416,44.465009599828775,41.313621009174646,42.34128519868158,38.27337174236677,44.52983419001317,40.84413686905243,45.945976124952466,35.811066052493274,40.51417641302044,43.62570816934562
1610555606.65jCE4ig8Pu8kvAzkxnSGfWsV0nQBjCf8H,35.86919969216008,42.50142439223711,35.957875075084644,37.36841157105258,35.922639078830464,44.672099820427675,39.06244149911721,37.2917631819361,38.00739392726036,38.10489689681938,39.960103898402146,33.9997653919176,41.352305455578225,39.255741427201066,43.059644614852154,0.0,42.149787546180626,44.53051414954452,44.88878645676887,25.15623380500682,34.42625655474668,45.050099201320016,37.0659228983004,37.100093468253135,41.26912659923834,45.43199538275577,35.36242985104661,35.34421150397518,33.00533772605625,41.390567887653376,32.64287107647677,41.77222786202421,38.02920446859871,28.026704814176487,24.44121228629284,32.13514244621718,30.4250151207109,28.569198313096955,42.06300500372596,45.43879690896375,32.49325004985266,41.00008963532153,40.88465859214208,38.937461106649614,42.49580200344704,45.992800817002355,40.46328039280592,36.84993230242748,35.87439161947306,35.72764841145977,33.73163019620327,42.37122373353725,39.843785789605285,42.755854664441365,29.91680546853359,40.732218361689064,40.644385615825755,27.8070803712154,37.0261185305051,45.73223634030174,42.58213018819259,45.92677017545917,26.22596596031728,45.295572664327565,31.206423494248344,44.9270100754422,34.11673460270049,41.65170957112378
1610555608.18ONsBCVo1i7BrX0XG9stct4oiA6ejX9Oz,46.72414633060074,36.73510752810429,47.17368582039424,35.108768861405785,44.01861934122865,42.0351138794143,44.7032856622037,47.39397045447406,47.144258395983044,49.21773683239561,19.40149399622744,37.40636043490112,47.26772550700627,47.08272083584636,35.44801783795364,42.149787546180626,0.0,32.63580568565089,42.33251457904438,45.16160018818339,36.533913474050884,28.589116899393467,43.556701137030075,47.68805630449893,39.13661385544857,41.43243165722893,44.75608602948004,37.21262781533836,37.33939152141143,44.261240090193425,46.02124243090543,39.200178364037015,49.0350295595616,43.56753687479987,39.825175009947856,35.141839882671164,43.31569396208048,43.536570846346805,35.633926196308465,44.52014106321636,39.42662512297035,28.335813313566256,40.00163936458596,37.30378837748091,32.30085092116742,30.474916179492425,45.66522944618605,44.29687559652228,46.66636063537113,34.95263191730651,44.59136070953195,45.96870155629303,41.569901469199365,31.54155891475151,46.50637461704943,39.454516508219946,36.69369731296892,43.40994595446674,46.1483255126617,38.678494703209985,31.28625045781643,26.424503929551847,42.090258063090744,29.3595254266723,43.18678257273701,26.76567545435126,36.64802044335433,33.32097543516156
1610555721.51RNoQUMP19FTMS79BmA3JkgSm2IC2AQuQ,44.645796089482864,23.744715942781713,45.63112451116259,34.69458769306513,43.84508840973564,42.14917277368521,45.23171121838502,45.181080182293194,44.25073636281081,45.058787479935326,33.31330244332876,36.49963072202997,39.87582107086884,44.96048449233342,38.312408577719765,44.53051414954452,32.63580568565089,0.0,41.82615908030748,43.430206825316105,39.1971466544446,32.179799440743516,43.20900803752784,45.215540924086795,43.59388404789105,42.94770171248069,45.055506664503255,39.43791723439539,39.43656433471134,43.09358376384108,45.80844858502965,43.40666364428228,43.00141834253296,42.09061389877431,44.72188171973633,42.45927917927734,46.160330455138464,41.415424262742675,35.458018133013184,47.22742328331194,39.2372032664106,35.984203178890134,43.1139824812934,35.24555492876978,31.852162026105585,24.70860482546988,44.472088176102346,45.94463772433959,43.93364544184716,42.80345302045848,41.13021758484355,47.46153300681127,45.085261494356644,36.82272764734062,46.934931559695485,44.85111800731283,40.47054337716411,45.3138029631512,42.058477152050806,41.437456847421984,33.52705758440911,34.93712671164599,40.5187533904552,36.30622142846187,41.71051686231931,33.82439158810507,43.31368208772665,34.93622939469052
1610555971.86O0cHB2ibBJ8jxoObg01EpGe8VVV5mpwn,27.893363638867893,43.14756378411866,29.376605202504717,38.92984301575322,32.22827619972471,21.036108133375226,30.31968335517843,28.712664825477365,26.733000125865704,41.616081973341366,41.0870882612361,41.572850409492254,43.75370016440746,28.62960755816997,41.02488487517824,44.88878645676887,42.33251457904438,41.82615908030748,0.0,39.90091862690285,41.60537574728204,40.86529253401561,36.90334301341366,28.825979602718895,40.21500329220453,23.79007931821442,34.26977287779007,42.11472246561014,45.52852996904302,30.537270808068484,42.733781183529274,29.497315181159085,45.44706790139797,45.99255628952891,44.00615721957837,41.347379761652874,45.4800303557339,46.339642917756,42.26904613645145,40.26316433939877,44.60280927567482,42.792068913605675,42.56803012360153,36.91361711340147,42.59423598155941,42.915759872489254,40.04950413010012,33.541787479854136,43.224144003052814,40.06141156494731,37.43712683434002,32.03747227341922,43.8098591501758,45.38758921628176,42.69168177176307,37.31903084978959,39.50623462889155,42.830575460318705,36.217622615770196,30.518261359168925,42.09733132321018,46.10556663533601,46.202700954319276,39.93911039390858,43.872281345078775,44.61660815853478,36.24617746619419,41.5994565414125
1610556911.51zU3duZSGpcw1BDNsBLxdOCITAXwl6z3i,29.3926841024116,40.607895461534596,29.830255176697147,37.19787352664667,32.148225799593966,40.30154379529226,35.50666026514047,31.06923041499311,31.419224860125183,34.304897302412634,43.30414493873202,34.098869314910175,37.5260099097069,33.15214527071724,43.09047087912571,25.15623380500682,45.16160018818339,43.430206825316105,39.90091862690285,0.0,34.314818828333514,45.5597500526104,33.79946374698447,31.041268139257177,40.279606301957756,40.80711698538772,31.412243267350988,36.55506086485393,36.662592766018264,37.68297925554054,32.98989197907475,38.59629379517737,33.88232829706472,31.678824469717362,30.33259392543641,34.86626375389462,28.680818440771603,31.51835498806475,41.41900875979251,45.14534880984896,33.46921683341406,42.78650277461269,40.744660643559016,36.82434469323428,40.054009605628615,45.787478316871145,38.04148057209419,32.464787199340485,33.70542297053047,40.00245292440172,31.84964519598243,37.94602102671549,42.40363362301417,45.208120658508776,27.503748157383555,38.69092860261079,38.37165979120087,26.82567940421864,32.47724598037418,42.83170484302605,44.97691984468392,48.27439939377195,28.663012289223428,47.40117606670066,29.79463062834755,48.245904959472895,36.188624278574245,43.937359129971576
1610555988.71dMoYT8250UHHJGxgmITTmbHe7V6gH1yU,41.5201845676872,45.52745250711846,42.923184010779956,38.485176003795615,42.591185302267256,40.5099037908056,46.475205864532214,42.37120493640004,40.10862807242267,46.34662031080869,36.1538047752659,18.902281877879588,48.75851836226388,43.2989931461559,39.85394550098097,34.42625655474668,36.533913474050884,39.1971466544446,41.60537574728204,34.314818828333514,0.0,32.60557623751064,42.945925731386325,42.57892039346901,39.879723948351675,40.065970785128,41.93304771060273,29.37108393863956,39.540665337423995,47.79331724940298,43.562610823030994,43.50123607805162,45.919727248643376,40.24913176448169,29.768485241827058,28.597248269528233,37.61897054278255,40.62480124666288,40.3411295581663,44.07353777545142,38.188408729439516,29.605740322945167,38.19723737738847,33.39610317499462,39.687136353309356,40.65170059545462,37.807289411118795,38.23932923517179,44.477183029795434,36.88862665033817,31.04744746124738,40.04706271068621,44.08604060047711,40.19001475721581,40.88028337613595,40.15598888364673,37.821210115711175,31.031466327826774,36.277900055411116,43.11747817401749,36.80584914370971,40.096722634205236,37.86176262801552,38.35258945937714,39.78903111947857,38.684264857606195,36.02618339799185,37.112870905432544
1610556042.81mlUZsSp7gbGjrp8jQSnybT1gPy6e62o1,47.230763268824056,39.7255742793232,48.53425673126338,38.94829650336573,44.91069802353559,41.58212748512198,46.01649155488028,47.78389645268365,46.439553926879015,52.08304097726448,29.64104730724773,31.836025856149046,50.2690972157087,46.97304608949998,37.51280287901553,45.050099201320016,28.589116899393467,32.179799440743516,40.86529253401561,45.5597500526104,32.60557623751064,0.0,44.10690372188586,48.16189542307926,41.31114278454416,40.909319456321946,46.84944707286924,35.08973798877512,41.29420464521507,43.69558008515203,50.32212614705256,37.73518568425492,51.60617766088453,45.86658304081342,41.52868485371878,35.96453068961093,46.92421039479047,45.3758300172612,39.21644397613224,46.695707995185685,44.75891997422862,28.932288652296847,43.79969234394656,37.0943650203886,33.420154298715744,33.63497763636707,46.007595954726426,44.22849929755526,48.55009811172363,37.677913406002205,41.538275989965314,45.650893512322725,45.79929250851756,35.495589285664906,50.5922255995288,41.02683909686827,37.065597202371,43.55998751261899,44.050337877277165,35.01398015394064,29.899417362693747,33.21719816994312,44.46105157158264,29.950858601349296,44.91534366817316,29.121731326516073,39.401158632221275,31.92429786795123
1610555637.02UBW5nKvDyUrKnaWcYRGajZPxTRDS0q3N,30.92604675049729,39.90181753931798,31.579366801539354,40.79413375447743,24.179548581369417,35.813612762867706,30.55873160427711,32.9724240138098,32.43775082402451,33.83983704977505,41.4998675447535,43.77094038422336,40.13788167105569,34.36369443149831,44.16517887724,37.0659228983004,43.556701137030075,43.20900803752784,36.90334301341366,33.79946374698447,42.945925731386325,44.10690372188586,0.0,32.56356638971485,31.510104405621803,36.41504650465729,24.16294485445716,44.30958658706238,40.66463885647211,24.856893991417497,32.0815995421039,25.713227983176996,38.34771953668849,39.28794141590961,40.029771231448606,39.69606136991626,38.62324573342833,35.2707971032444,37.79828988212465,45.34541407370199,39.2491967866587,45.92037744367794,40.814217512753714,43.160032727896706,42.16528480221405,42.02829205967014,36.36803202389788,35.364973392887315,31.30535279597606,34.778062879213586,40.292782045547824,33.610793970273846,41.92709169552151,43.75523476334294,33.4263461173413,23.879703891162006,38.49104641156115,38.12009609654947,39.26297380539275,31.484110851439436,44.229582192328124,47.81658942008321,34.38213855093853,43.31618969516868,31.15399373855552,46.877787061667476,36.131876208248286,44.67652504543004
1610555619.13oUYNikU4facCTpUSiSLr0vPI0tJLnXiT,7.993649673756709,44.30704573402598,11.015835728141386,39.69256589564352,25.356137226307467,34.699704852149594,23.350460016434507,8.579172675416585,18.225730261952876,33.3774510401413,45.808589896242225,41.65537554272803,39.59140778777172,14.898340966399381,42.574890721598074,37.100093468253135,47.68805630449893,45.215540924086795,28.825979602718895,31.041268139257177,42.57892039346901,48.16189542307926,32.56356638971485,0.0,39.629776977127094,34.0919004236142,28.992319490485215,40.992895671139124,41.772490241755726,30.74913788157737,34.99562885320981,33.76538241526115,37.90928154912702,39.40526955297219,39.93725482985043,39.90653175495579,38.76569217167199,38.61839878841545,43.23551453330939,40.26135420025702,39.95743557467814,45.86867214158617,38.90847273480644,37.95170653237211,45.9039237117501,47.535010378689826,39.51441920812658,33.55133558234401,34.764576090424804,40.916752503458994,33.641139378454724,32.88914348285572,42.36466049908625,48.67926498672678,34.067914146880675,36.51402453851681,38.15491090965499,38.68219717437553,32.498525282716614,37.49577466156488,46.221366151828235,51.13024026100761,38.50595144270264,46.09893366074758,35.5257626481969,49.389089282191875,36.959759242026315,44.58229666029215
1610555721.03nzkucfjAUh31zTbmCVvTVYqtjoxZFnBh,38.38358801562066,43.09714064129579,39.119059611092474,45.81369733337505,37.538983616866396,36.838859107573434,40.65437222668929,39.60626824926918,39.04032668741169,40.29512421399938,38.69389770342915,42.059095438236035,45.6599727441482,40.16699484052082,43.10734647508902,41.26912659923834,39.13661385544857,43.59388404789105,40.21500329220453,40.279606301957756,39.879723948351675,41.31114278454416,31.510104405621803,39.629776977127094,0.0,37.49462126294557,38.647672223717485,40.725525726628526,45.207374896474725,38.951732917892315,40.452617358111205,35.19340684882416,43.814752622739476,41.874036105488,39.876293065738054,40.62747548855205,41.27492129652761,39.16831341533136,35.54510196554412,41.69225078988899,45.387811112588246,40.627228963007276,39.04387520850024,45.192904195672504,42.755430662241814,37.53029800756995,38.966825492729285,33.93261779937109,36.67926807107,37.58127423417127,40.51121597069623,38.06763508302815,39.84075962049342,43.09349782562551,40.15478040950029,26.064785257608857,30.457528283655353,38.21043120502555,40.2817667918853,30.414628958199938,38.74869989402145,41.732668331332825,38.97609683586403,35.88853128582101,36.75098556755905,41.24890267483156,36.27446447711786,39.629770034777636
1610555722.67fhKURdXVzRbLIjXmjRwdJHTnE7PWb1AE,33.00097905687118,44.266025775712606,34.63768764122408,42.720612505679675,36.77659922868345,14.423993686325355,34.92856184929043,34.1732343960865,32.667717411385574,42.82323669731453,40.9324088272277,41.609797927013766,45.038264385504675,34.9703912127258,42.16872056801815,45.43199538275577,41.43243165722893,42.94770171248069,23.79007931821442,40.80711698538772,40.065970785128,40.909319456321946,36.41504650465729,34.0919004236142,37.49462126294557,0.0,36.540733303126665,41.20273318281317,45.20379418334786,33.70333989757267,43.734643376964485,30.404099001008774,46.357689447347674,47.19734447267671,44.84347544676812,40.32291319824355,45.63096787361508,47.11535286589117,40.72393628858606,41.28176668720488,46.14770810723096,41.52643522575966,43.10738445180063,37.89055476485987,42.35580737585499,40.91257492388162,35.619496763462344,35.176662211451436,44.57567898920776,39.410465013346595,38.00713423861506,33.904723560883404,42.215181474710604,43.908736663853524,42.74560898386865,34.24262823119197,39.73235120058515,41.57753729505866,36.91102982933034,28.940259590293998,41.41250831864405,44.62239666200412,46.21141296479331,38.339042038957544,45.319294464335826,43.63106075266375,37.319745765780254,41.67308756548329
1610555638.39J2ZWBLuLTHP0jOlzB4tNHmYeijH5g5YJ,27.40562775962319,44.38358231473785,27.954403047179436,37.3042657635719,20.810675169529947,36.589409498775886,29.071447635541265,29.251855420000485,28.76989937168473,34.88694960066476,42.49493437530775,42.77191342994099,40.95909330470867,30.781865916358218,42.99608020784534,35.36242985104661,44.75608602948004,45.055506664503255,34.26977287779007,31.412243267350988,41.93304771060273,46.84944707286924,24.16294485445716,28.992319490485215,38.647672223717485,36.540733303126665,0.0,43.42633332481217,42.74971433066923,31.050712915455623,29.472065263983833,30.335883869256488,39.31871253153148,40.583978616639385,39.479189203280605,38.47618978774463,36.65134795120324,39.362547666321866,43.19664174440437,41.262124711914204,34.621362505464575,45.90320769858927,37.7005867294558,41.91517672475143,44.38604788121751,46.59803077690406,35.85587120908119,33.967472585301984,35.247898728629444,31.625781976999246,37.728269266891836,30.342407694550687,43.263341260770574,47.637289987863106,33.19060486102223,34.16855719967329,40.171494818222456,37.122333098336384,37.120060296266615,38.44379380983669,45.62994032852867,49.013223192475536,37.907094552125606,45.113132163122685,35.532605739516015,48.76078156331879,30.73488039148505,45.31176926899787
1610556032.17Q6yCDx9g7alRnL9jBFXD2JhhUyB2hKfJ,40.23995412707555,42.83194226315675,41.03537354758128,37.20242059573189,41.98647842159586,42.1880290405668,42.894365555256066,40.905499457784764,40.377247104946804,45.46393196663253,36.85725999481032,28.06610122443011,47.141800133919084,41.967825561363725,44.14590035839197,35.34421150397518,37.21262781533836,39.43791723439539,42.11472246561014,36.55506086485393,29.37108393863956,35.08973798877512,44.30958658706238,40.992895671139124,40.725525726628526,41.20273318281317,43.42633332481217,0.0,38.58245540082733,45.850210928984865,45.40405846184837,43.36706774798818,44.92004959350331,32.8225788442368,37.305332170706755,33.21199379055768,42.067210864483926,36.41656552551007,38.6687189911958,42.134988524198114,44.10459440054221,29.478108928704767,41.266350472726586,30.110204147793233,41.81746568592855,40.08506946737789,41.3572267511377,40.50074420465418,44.11051963051354,38.174284777787605,32.9979136601121,43.33835304555459,37.91715260218046,39.965209086054784,43.748099120052046,42.463226038431316,38.167070007886245,34.381118622085616,33.15665913818308,43.00348793251744,36.02159977491712,41.042693830819836,36.86564655034671,37.060580044444656,38.275021447908536,38.49018235492409,37.622872578912826,34.74447565627146
