,1610555604.25mOvVXuL01OCiReyVWBfesjuvXmB3MoPy,1610555605.43B6oDsBtWRQ29Q9UMQuTUEPZy3FSSWXzc,1610555610.92HPGJJSmyPM40z7otPBgHalNrHFA7zk5d,1610555606.68LaSQbm9EHAFycEfFtEqAwYqlBsQPjIRW,1610555617.19EKxMEwDHfXiEJZc27TsGoERaD6Da4BZU,1610555722.52PJ3FD50MGhRXyUD28vluU8Z9UjLJLZn4,1610555617.52Ijr5puT55g9apK8auM7zaxa3NANg502t,1610555638.77ZLjTLkz4jYJdFMI2wWBztzsDILkoOtAk,1610556912.46C7tJPLF0XfNnm8f1820X9aLmXMHoc0Dw,1610555617.51LjzIROg0aeCP2GhDcAVQ0LipKJB9jmKc,1610555608.17OpjjHobqRkX0UPcaXrbu7K6L3805SZri,1610555721.82zWeNZfGUUfRJkgnAwlP8VMhPzXctnSd4,1610555735.75bom85BDF0C7W2eIseHeMxi24qR68nzMi,1610555735.77NnT5xqKnwcf2BbjIekeb2arTQj6QMNwk,1610555638.33wjf1PhdNaoWfbRzXVn50hmFyB5bYAiLV,1610555606.65jCE4ig8Pu8kvAzkxnSGfWsV0nQBjCf8H,1610555608.18ONsBCVo1i7BrX0XG9stct4oiA6ejX9Oz,1610555721.51RNoQUMP19FTMS79BmA3JkgSm2IC2AQuQ,1610555971.86O0cHB2ibBJ8jxoObg01EpGe8VVV5mpwn,1610556911.51zU3duZSGpcw1BDNsBLxdOCITAXwl6z3i,1610555988.71dMoYT8250UHHJGxgmITTmbHe7V6gH1yU,1610556042.81mlUZsSp7gbGjrp8jQSnybT1gPy6e62o1,1610555637.02UBW5nKvDyUrKnaWcYRGajZPxTRDS0q3N,1610555619.13oUYNikU4facCTpUSiSLr0vPI0tJLnXiT,1610555721.03nzkucfjAUh31zTbmCVvTVYqtjoxZFnBh,1610555722.67fhKURdXVzRbLIjXmjRwdJHTnE7PWb1AE,1610555638.39J2ZWBLuLTHP0jOlzB4tNHmYeijH5g5YJ,1610556032.17Q6yCDx9g7alRnL9jBFXD2JhhUyB2hKfJ,1610557007.49MyVgDnuUuBxrvL6SGOdhKf69VYlW1MSm,1610555638.44hjT5hbYdKoE3MB6hijrjqbjmLgvCUYKD,1610555608.13zUvmFSCRt6SsLbhqFznMEvGx54GPGQzM,1610556038.62a5C4ynd1AARyAhTv8a58NCqHvXRjscqH,1610555644.45Xse8u7pusHNsd7F3d0A32HXvXr6weOJE,1610556038.62gKXOCG7XCn55eJvyl5voNjbwOW0znQDq,1610555987.13v0oleKK97pkesp6oMgprH8SoSdoDVdIO,1610556964.96ZLLeiQW0qpmxhPGTg7K03fmzkqsC2bjC,1610555987.13VQlEedQ50VvkPMEMzZDv3KNnQCewykN9,1610555982.186TY6MMGkDecIN1woW6vsfAMXVV7jnyjO,1610555982.673LuMndkwkvdmZOn0MmE2Pkidx0FtNalb,1610555733.38zItcuH7gHNfKdALR2d9Nek6bxCyw36Vm,1610556034.15BQxSbZINGCay0yp6RBVlgcPrw76Yn9ON,1610555639.37BPZpgtGml8qUsh9AdV4m32jPLfI2aNFq,1610556965.57S0adAalhWYe6K3bkZU0bRHbqnDK8gGkR,1610555983.54zteLPCMjyrjzPdhHhlZr3faCgD0TfYr3,1610555987.79rHnNRmt9a0ufmnwCvZqBouyUoZDNpylW,1610556960.041xWER61rmArlsKfiMl4frikWmUCnQ7op,1610556035.13a7NHZDutfTMJ88qle1gTYY59Dr4WmMsj,1610556890.456ZBDaY16bMtrTZTqAgHl3wq1tRxzqDow,1610555760.24e6890pkbyZ97Or6croI1rQgjkSsR0yVt,1610556043.02YpWMIJg3W004iqlPyv8OcVAZdSC5rNYw,1610555987.03z05P26TLtONYM1HSzupoc2CeNMa6HTqr,1610556032.15OYCzUxpsz7b10AXBAuDXrvEcvxFhf0M7,1610556032.63Z80yI9pNwS3jSmsDABbuhf8wkNa2Ze9y,1610555736.28eGuESasTXdR3SqY6pHhEXWZtcdciYLCO,1610556034.61bebeZA0MkaFG2sm3VKiqrxeqQginTTW0,1610556944.5XwXOphKYT3ZkWA8gViqOS97VHVuMVUqb,1610556944.745UVLFBzf7fPh4UH37I6tYQOFPqRDytEh,1610556034.63XsUwaFaPZevO1JNFjfhvY4aKNFnV4noV,1610556964.89xwBHw9faT1HjQRMNQEyA4qJ3hWkwgj3k,1610556966.74DydzH91jtyvRyYau47JpVkZoMRSNTt01,1610555740.77UueVziDbaXyRR4OcVJIIZyzOfAzN51bj,1610556046.84e3vwjyRCzqz0wJQhrk8zsxlFfFSv98Df,1610556137.99eoPuVrDThKAOvmeprLPb2FWRqIhzUodc,1610555740.73XFwSrmTXJPlaxGZSefh0jOVA8PI3III1,1610556123.88AOfNaz9jSnqU5Czc7okOv1RCrYfKFBTo,1610556046.85nB7NvyoYQeLcOV391Lmmut1wAM8CFGLw,1610556123.89H4pdIAzDthI7bMXMhlIhKUYIQIvtmPPQ,1610555740.87GOYQUJKpkynIS2lFqppYK4b32ol7NeGh
1610555604.25mOvVXuL01OCiReyVWBfesjuvXmB3MoPy,0.0,536.0027376143065,141.91667485272544,489.34795397406185,423.2737332460639,459.0214586703573,395.4027280047352,141.14952307121007,399.36062607043624,459.8731648604868,608.8486645282308,501.5703494837606,586.5589991218862,300.879988347319,574.4473243030808,428.8562476017375,709.2559759251201,592.3808368222477,449.93242333352777,411.06281223783657,579.6302110990923,662.6851577889046,423.1298658366549,146.32936991222138,499.7566221438592,505.10446909558357,385.2851325877471,524.4008700678638,526.3576209299068,396.52670077694876,425.53638243899707,489.31283006309144,531.6879903517826,479.50148074249654,495.7545567667647,523.3820069019105,467.82544959408716,468.8257064468448,536.5419131607708,490.8346949010371,473.83997614176184,637.0201615655001,510.9801486455493,444.35452407251967,586.0435512475286,617.0296753767007,480.54552534264354,445.7991126226014,441.20862639749157,569.298153918158,400.7349539198049,427.1938904288312,532.0818833426426,646.4839896941324,382.7151184621943,480.4430766385309,524.2799300542378,430.3222364707914,398.3300436419485,496.985311291995,636.7134793817746,713.2363665595149,465.187206734387,677.49964021247,436.49767309148194,713.8833813219189,515.4833124436271,602.7715282922661
1610555605.43B6oDsBtWRQ29Q9UMQuTUEPZy3FSSWXzc,536.0027376143065,0.0,516.1000219414096,539.197181023589,557.1212830511938,564.042814085464,534.9105274881443,514.762062653826,562.355522491694,528.495816467945,599.2795961118871,591.3409601369955,569.7742383157087,534.9735488525209,650.4815760293575,556.8242698448402,670.888662668695,307.99030186147644,561.7057440017019,522.3742389399248,649.1754697335148,671.5004842779905,532.1913602334843,514.0560859424595,583.6864964643659,620.3873610304125,544.5020299557256,579.9818939003363,562.8729172362492,495.48253938100777,565.3068671310979,572.4478736677746,550.733624295097,524.7588865679127,590.0628887338586,639.4242320156133,584.8357111324781,528.4347530368492,561.0638345669913,642.3303070636431,541.6703250202412,681.5684154494941,623.0419784738119,569.9234654013919,427.8650002467789,319.3743913289752,604.4833159253235,586.8310897200296,514.6626835322702,662.8823390778431,541.4644315376062,572.1844659398365,636.4248298508978,676.0273963222663,522.5682766196102,579.5582129099504,589.5068975896868,522.3645682647843,541.182514527049,569.1655082800505,653.2491284451777,696.1340174382136,545.8743837839199,702.6123951982923,538.6480082421135,721.4964840384557,626.0430883216151,640.7314550519561
1610555610.92HPGJJSmyPM40z7otPBgHalNrHFA7zk5d,141.91667485272544,516.1000219414096,0.0,467.4630658955802,397.76997269019597,448.12857230876926,367.972302261307,161.02084584292194,395.3738945116832,436.5130303630138,591.4025652765671,522.8525088397155,568.4292017206405,299.5199794970202,571.7303190293705,403.70531210889885,694.3373353803844,603.1435522975449,439.7138354269589,386.01335460617935,575.7278985364782,679.0244346318573,397.61687751005394,186.8750861034111,480.59732544420496,495.7654661960497,357.07832657704466,504.0403079957362,506.0757285514543,369.17979677516314,400.17684927687776,467.42629748683123,511.6174518155251,457.14545601169965,474.1654547443395,507.0258874090579,451.59267553817534,445.93479449722315,516.6599679635665,509.6623825575582,454.40904955118447,628.371114053222,498.9049405397216,466.4668108933051,569.0469863914095,599.8672856972378,468.46403928279125,434.0639126762421,416.8037307000305,550.6002234180928,416.8190192078459,411.1584329699161,512.0267849432742,630.0808256475782,354.3037677155462,458.13300231242505,508.31782351435294,405.26229175575247,407.8542914376063,484.4655740376504,631.7189547144034,698.4027580851246,442.107945220667,670.6831942109127,411.81369153074627,717.9366525566867,494.7557613421782,595.453954825346
1610555606.68LaSQbm9EHAFycEfFtEqAwYqlBsQPjIRW,489.34795397406185,539.197181023589,467.4630658955802,0.0,524.2057679187899,557.6725486458396,513.239381269364,469.7583897470959,507.5067306460577,535.3305386943779,591.4384494967221,537.8016699106262,634.3899300742715,511.4149613206298,649.1636249342793,515.4138233710239,707.6540013814928,592.6961397485508,537.3659939836051,496.9211942456793,601.8628142359233,671.4117177978093,525.3127901651044,465.26831172768874,591.7138706901907,597.3509323039094,476.53453490861915,539.3353863544861,560.383961297866,500.1695857235407,509.4639097485842,576.4288255827486,577.8702428953168,546.2470316320092,542.5151680107709,589.5599628223723,543.0589508320224,535.6284233341701,568.0408761014218,605.678686596572,510.831499826868,617.9761513022729,600.049681396825,510.2609143681276,581.5674497923663,625.7035330843381,583.1071292957441,539.2286104626921,511.955870890699,608.6956242765071,487.26444794992096,531.4750406868754,612.1238900564439,668.1722622548235,478.99936197639454,579.1506626780874,605.7094136315052,473.3047732330882,508.4390280460948,586.5641046910645,651.5431117442305,715.8803173201665,515.6271556817006,740.1178637360345,499.7992132580715,768.1066651437628,560.7137506718802,630.4075383286022
1610555617.19EKxMEwDHfXiEJZc27TsGoERaD6Da4BZU,423.2737332460639,557.1212830511938,397.76997269019597,524.2057679187899,0.0,517.5691111916435,357.10791467465043,400.0145885617534,447.75505097149255,490.62225633531625,600.4931845718868,569.2682931550285,610.9015882625704,434.52725865636233,587.322843732994,453.50269874984286,686.961101483438,622.9905869291654,492.84070992277077,465.8656134012634,602.390383877642,674.6502530427423,439.51485064729604,405.8374219624143,519.1305435422552,544.565763851073,421.5424084364837,547.9500149122356,563.2895226968398,394.62453516720007,463.47136776088456,486.3948244338144,558.4970812252008,518.4188181662997,525.9989502828121,556.3983674452289,516.3152363292749,507.3800011637686,557.2656545511677,557.6433285042992,507.1222658141653,671.2517734403556,523.3386485935368,546.4545545703793,603.6911169955067,623.0974886534842,526.0840907241472,498.5632097193882,465.22340469855243,581.7992459141868,483.3263002308482,448.12939832504264,567.228807678991,665.8566338300384,425.2005573379631,497.7862181311013,513.9337678441452,483.29719422276327,471.2136217578397,508.65966806444425,627.0880787509046,709.4266890981506,505.13177387215114,669.0454239385297,477.53102458408887,730.56732008664,542.9944701957238,576.5374000472005
1610555722.52PJ3FD50MGhRXyUD28vluU8Z9UjLJLZn4,459.0214586703573,564.042814085464,448.12857230876926,557.6725486458396,517.5691111916435,0.0,487.3044835243425,435.1116729953768,472.7162370011309,542.2606373626393,620.1174935616831,569.3841245692516,630.4481298610667,457.5186922402783,628.3077183474479,514.5839213287304,706.268129741583,611.418930038832,311.5010005245678,501.3961348981905,613.0200830945373,643.2727126542904,480.45510093786174,434.90557841820976,541.0664058507709,343.60319485972343,478.2316240345676,585.8343769631032,595.3997845881803,442.2402454047823,509.41950121011354,516.623191066278,604.3636241191697,559.4595459023511,546.6504002279326,577.9374143700112,547.2370160245941,549.3690144430149,590.6020699117029,585.3078782358239,557.2535359010341,669.467423179345,595.0649264513769,561.5355852706558,620.5736804135173,612.3411662789979,507.50997353492147,480.6605627538765,526.5247601791265,618.9194073607677,500.69101796712596,467.94232619398673,593.149641927325,683.2717968394512,472.90106860002385,468.2268422284792,578.2418203803334,507.6160185529141,494.28723231304576,479.0724648450161,671.8645468193673,737.4966008716644,543.5205822154485,663.4365681615711,522.6374187424494,708.2625616385626,557.1506311115296,640.2322786655981
1610555617.52Ijr5puT55g9apK8auM7zaxa3NANg502t,395.4027280047352,534.9105274881443,367.972302261307,513.239381269364,357.10791467465043,487.3044835243425,0.0,387.0377963464009,408.6055886336448,485.8833385994573,586.9677014293043,581.297674277727,592.3465198663657,405.81085428327094,595.1572536711213,460.2044135970928,691.5814666786714,619.7237866311432,459.7307862150292,469.07762104058105,634.5821829595855,685.3205002752121,438.278420538964,384.78828361317045,525.3045447238641,528.051792013738,425.2940550520942,535.6965731437489,547.983070329009,358.9507255982165,463.5740055419108,459.3900789555469,554.3387141938304,510.32427034489706,520.7574530867873,552.3420440193416,519.2398935789246,501.70800210476114,545.7561280160004,543.340008205674,505.5318134241603,658.8816527953742,548.8337716536452,528.0835791004367,585.6886908459198,612.0782559437688,531.7648826571267,502.47650285792935,462.7534516807997,591.4176139898867,487.53252026287123,463.1624846027149,555.3154023020832,644.4161147564605,426.80160983986605,485.3841648830765,536.0790721349267,477.0250092451272,480.6218174491204,490.1680298776391,628.2502561399209,701.549276516822,498.8289293948609,654.2756960626623,471.92356119823717,715.3730974144617,552.6912486636812,603.0068164070116
1610555638.77ZLjTLkz4jYJdFMI2wWBztzsDILkoOtAk,141.14952307121007,514.762062653826,161.02084584292194,469.7583897470959,400.0145885617534,435.1116729953768,387.0377963464009,0.0,372.7657106334391,434.93030956280717,603.5887179696543,494.23147979181863,567.2146911606434,261.37314854181693,554.7081044316926,411.3300883928645,701.6055497440813,585.7390734102399,426.21333546549454,382.9538488727149,565.9505949259732,657.5320701923872,395.87868063403425,171.33800009130886,476.9043172316986,490.61779739403613,370.08498263427765,519.2463055488568,507.1684457916467,367.30705254139764,399.83774464569365,465.94859381904513,510.26773903697676,464.4101155040786,481.69458463093247,512.3921772980668,443.3302354966399,444.3888822434886,515.9161061958164,483.5880372573922,460.6998465999806,631.6381790771194,507.09780196708095,445.24311309584783,566.6815940902732,598.6898827079591,465.8173145871209,420.34824449644765,415.1458760787122,562.5862356484573,390.8018420739499,400.21952280882,512.8431568043732,634.7130248352935,352.3519665293921,462.6727118488354,505.62679551282895,403.5570264768317,382.7975182561998,475.3676324015897,629.4781949375783,714.2826514770196,442.1620547619131,677.0729023744597,410.135666617619,710.7409346114624,504.6241395398421,594.3375284565932
1610556912.46C7tJPLF0XfNnm8f1820X9aLmXMHoc0Dw,399.36062607043624,562.355522491694,395.3738945116832,507.5067306460577,447.75505097149255,472.7162370011309,408.6055886336448,372.7657106334391,0.0,491.53266336241336,628.7276447095148,523.9360137129494,611.6217967046974,404.06490057546205,576.4512682684931,462.55032632826334,727.1593335292844,607.9463526346291,394.15502004954595,446.088375134005,559.9031580769487,656.9289428863124,455.91508385661245,369.48450195048264,527.8672247597041,524.4314054034527,422.41542326356574,544.0985706867366,555.6068623481709,428.7741536352103,458.7465153049034,515.7915238358379,559.2970145438595,509.7831882970085,517.016926135214,546.0157228121815,497.4136746786751,499.84714575672234,562.988804507312,538.4878849015508,520.1315223064025,637.5467982027417,522.4841848772712,521.1941371687681,611.248484591663,638.3436405350362,496.25623585707973,452.8126367687399,474.1161075104961,588.5040079491929,440.3966160559857,453.0210773207086,559.2327937207708,671.1364910115892,420.3369620858596,511.2249705281321,542.3596097622359,464.10077245923964,427.81921250084537,502.92140427640686,643.9121790253115,737.5312534382533,496.4473124717667,675.1831903976172,469.7530443475822,716.3728086784969,543.6547537197596,595.1298975484815
1610555617.51LjzIROg0aeCP2GhDcAVQ0LipKJB9jmKc,459.8731648604868,528.495816467945,436.5130303630138,535.3305386943779,490.62225633531625,542.2606373626393,485.8833385994573,434.93030956280717,491.53266336241336,0.0,655.6128562688198,576.4535177373585,372.3964095657213,471.5069732374494,616.7786986205533,488.827582102517,755.7635244289067,614.1955122946774,536.8191592387841,491.89118474194964,632.8371667008598,707.9482519843835,472.965329979306,434.0945202640304,546.0329685263389,597.165073848063,471.8323006028499,577.7534719624507,519.2040383183337,461.29695581686104,476.97007470097554,543.1284403170217,265.86839974472014,524.0642853811321,542.9757368124574,591.6856653945431,519.6224183809973,519.6196653859321,575.2090327576581,573.7572188481936,531.8955445678845,705.0300596929982,567.3614372080091,568.666188760424,612.3019372584829,620.4774659208481,550.0262554510797,523.9278862718298,298.6843355653162,625.4220981510751,497.3659761832863,502.47579646313176,560.1805817864849,680.5279167990536,458.2629569957382,531.7461776467048,574.256181027168,478.76081630871136,502.54322700004906,552.437799133648,673.4134666581197,746.2185445613629,477.5461404340208,738.6306557288892,425.9241559909546,764.5319969804594,583.165414624356,642.5004305658348
1610555608.17OpjjHobqRkX0UPcaXrbu7K6L3805SZri,608.8486645282308,599.2795961118871,591.4025652765671,591.4384494967221,600.4931845718868,620.1174935616831,586.9677014293043,603.5887179696543,628.7276447095148,655.6128562688198,0.0,636.4138475928469,739.8394273593022,619.5465378378444,696.9394676583662,593.2965297851346,656.583272163778,642.4287415947773,634.2665374107844,613.3351708903322,666.8891554113486,700.4138775964952,615.5285378616095,600.2391927518619,649.5706688382955,658.9756112608662,596.5569327317048,646.3931300633379,659.0941720617426,597.5682999711969,636.475172815787,638.0889942017963,694.4390606717026,633.9210716754891,637.0654216103501,673.3311891707078,638.2570093387328,656.1728715919703,703.9248556760452,691.1971190612849,616.5719957640392,633.5756389792397,668.7281115442324,658.4937783968186,635.8314213396849,596.8936428465563,660.5157840689046,622.2617287636892,633.9344084069819,662.0297914698249,617.0723655364436,634.4108004482673,660.0433455823412,737.9615541093664,595.2873240761287,629.810800066854,663.5864491057708,603.2403137742169,634.1499697548838,642.7348128473507,746.0319779066493,725.0405226891033,632.9560192689661,756.8587745707551,610.7105426979994,761.7485139065037,636.6374456584418,722.580609025504
1610555721.82zWeNZfGUUfRJkgnAwlP8VMhPzXctnSd4,501.5703494837606,591.3409601369955,522.8525088397155,537.8016699106262,569.2682931550285,569.3841245692516,581.297674277727,494.23147979181863,523.9360137129494,576.4535177373585,636.4138475928469,0.0,661.210029320925,499.7863090677935,652.99048481812,534.1185384527433,718.5689218909523,507.68562842362786,557.1162372923036,491.2310590914161,473.1782052045911,498.5152806268256,559.3420855590824,485.7798233448375,603.967617396382,606.9470136397185,539.5723140413581,596.9061750707787,564.5227365796517,566.4161147339241,564.9194819045517,606.3559044411198,607.1920100913941,568.1835823451765,549.3438403262284,563.6137732878316,570.9655153693476,558.93600949583,610.5024132370414,616.5417327085934,593.5836546453332,628.895480192928,622.9271339793993,528.8057770197432,623.655918989072,651.1162758937198,587.3987606767581,530.3031513305742,534.438412245172,614.9237013887845,317.0046202776594,534.5032327600909,640.8851871359802,671.3100848710906,532.9315830045997,599.0023702523041,610.9726676579943,494.5921411660954,468.4195700770227,606.3591185837438,671.1856395214447,745.9363870435627,503.5875781465879,729.3380003954687,495.9154883501989,733.2537166430254,576.4810779083929,654.9912482903895
1610555735.75bom85BDF0C7W2eIseHeMxi24qR68nzMi,586.5589991218862,569.7742383157087,568.4292017206405,634.3899300742715,610.9015882625704,630.4481298610667,592.3465198663657,567.2146911606434,611.6217967046974,372.3964095657213,739.8394273593022,661.210029320925,0.0,587.3299020415602,679.1288167505543,590.8039960625275,824.5513970256166,649.5436727988018,625.9743154686249,571.1977354537667,711.4519816244018,755.8064087435563,596.8268274937243,566.5740765472085,656.2664372840085,679.3388953274977,595.9202629861209,662.3540558656424,603.53877784488,566.6567257642126,583.2266686819414,635.0539080181621,259.74909606081803,560.3970648050376,634.8499543209894,682.0201608374666,617.0110282677356,561.4732091006202,680.6920807847746,663.5824308276382,621.5556225180906,772.816625928749,658.2983450596575,648.5853318328382,661.619240185963,655.9932471753774,656.3743317539073,637.6049711841193,477.37974210215964,716.882097333828,604.4122898412094,620.3285236789296,634.7905071798214,731.9373103582067,568.5070160391172,644.3759523056973,679.9183512631332,584.2745460853132,609.0617323557974,642.2229949409813,726.1621266829158,786.697756811201,547.4937833982503,803.6699521666975,559.6901885901443,804.6032708233918,680.3300984908674,701.3374937094568
1610555735.77NnT5xqKnwcf2BbjIekeb2arTQj6QMNwk,300.879988347319,534.9735488525209,299.5199794970202,511.4149613206298,434.52725865636233,457.5186922402783,405.81085428327094,261.37314854181693,404.06490057546205,471.5069732374494,619.5465378378444,499.7863090677935,587.3299020415602,0.0,555.2076474195591,461.6167103516291,720.8559884275555,589.8652928921517,415.9687645636844,420.9986588106098,586.7945898691603,645.5012597313706,433.2384781319277,305.467756899183,496.78723931671624,515.4445184061333,424.63323117417104,549.0245940904297,546.9507215437625,390.75130723870274,453.35362806435734,484.6444112378215,541.7818907429937,510.0147648216151,524.558855086606,548.2893309201218,477.4909238334591,485.402872390507,551.1386204034791,527.0989793988708,501.7319552340195,651.9590415992761,540.1934600967892,505.70150772275935,571.6675234599438,599.997382024074,511.0175757718802,459.1403126847182,453.2960852948424,594.9324497020692,423.87159313507647,432.5599011483722,557.8913599067217,657.2774716369292,408.94608039241933,493.64965093196423,521.8297276979215,453.8097200038977,414.34438764701315,495.5329753958922,637.4150225122421,727.9139874694711,494.6795174262132,680.1591534237756,450.7684333221195,709.7492618560558,540.2354009169482,612.7803161378048
1610555638.33wjf1PhdNaoWfbRzXVn50hmFyB5bYAiLV,574.4473243030808,650.4815760293575,571.7303190293705,649.1636249342793,587.322843732994,628.3077183474479,595.1572536711213,554.7081044316926,576.4512682684931,616.7786986205533,696.9394676583662,652.99048481812,679.1288167505543,555.2076474195591,0.0,579.9382525267935,758.5852847380008,696.393767676591,608.0780095388136,591.641790457186,657.204338294935,726.464030116978,610.5885740522626,560.7642573742527,649.4702613372416,641.7096531498771,588.3609451131408,675.8617983338467,649.6448706400242,598.3674462398409,587.329685035651,629.2978487035881,657.274956050371,649.3537764554803,579.3673672665682,625.1110831084644,592.269174484327,638.1619062306977,672.941709723598,658.615565421102,556.7313013383667,712.372251307881,587.5859279319773,646.5048164135682,646.0545687080265,693.2759704437098,632.6050967461287,582.8809053861916,628.2708699537149,694.7541651105414,606.9945140835382,572.1521724112637,697.3743414401285,678.5531394323159,572.2184601720182,645.7515666689493,606.9274782003698,609.4102349930149,603.91835976138,644.8013820310015,734.1356795607256,776.9139737557792,636.696448426177,760.6600770221137,617.8257009122082,772.422977251401,665.9844078420165,709.166376863752
1610555606.65jCE4ig8Pu8kvAzkxnSGfWsV0nQBjCf8H,428.8562476017375,556.8242698448402,403.70531210889885,515.4138233710239,453.50269874984286,514.5839213287304,460.2044135970928,411.3300883928645,462.55032632826334,488.827582102517,593.2965297851346,534.1185384527433,590.8039960625275,461.6167103516291,579.9382525267935,0.0,702.4032748841879,625.9608653708491,510.526770027388,416.646644294121,567.9957297144443,686.9731519864838,471.47991278652813,410.15807460783145,537.2229440158961,572.2818423262665,438.2934209226584,529.9300115947416,524.4699563005404,466.91992612395075,458.1352542042398,530.5594503122732,529.653467852067,405.43525318924736,415.41071295295694,514.0493502836982,489.4968578948998,428.47111177109485,562.946780312494,578.1964280272412,461.56278300934457,664.6827670332221,558.7510463349644,536.7175282942833,622.9294644373861,635.954824840994,509.547336929867,482.7787277880403,471.3110748464886,581.1921177082834,460.5549573978554,477.30962821085075,559.6509625017603,653.9897663801898,400.9995663082008,521.3263642562443,564.154401368838,428.79434705228323,469.2498333986894,550.2312577202307,622.4580469077041,701.3620266757108,463.85664947338506,694.010598753139,469.4462723935347,703.1894844004951,537.9414276634612,562.4057349233348
1610555608.18ONsBCVo1i7BrX0XG9stct4oiA6ejX9Oz,709.2559759251201,670.888662668695,694.3373353803844,707.6540013814928,686.961101483438,706.268129741583,691.5814666786714,701.6055497440813,727.1593335292844,755.7635244289067,656.583272163778,718.5689218909523,824.5513970256166,720.8559884275555,758.5852847380008,702.4032748841879,0.0,695.8516097759468,712.344579612933,711.0642513633975,720.6740090858519,739.0628010282569,683.9633152438669,704.9590056855612,708.1840599964552,702.6277027819516,700.3380240780931,725.9333998146043,701.7495448621676,680.4671551918976,706.8635366344636,695.6378310583253,792.4604142139154,736.5361707574334,707.6906792309387,685.2175576464739,717.8616880392184,717.3845019223825,709.9483122054444,766.2685802416407,703.3045321865739,733.3047550141462,743.0481156984655,727.1823741942641,695.5072717305209,671.2870352197909,737.7628844761548,714.8294734668959,732.5911791724061,694.9762100481488,716.6473008912493,728.3651130494334,765.0442791634256,725.8464923087021,703.3388337760346,696.017657624661,697.8296475997649,699.7880311970678,727.2141212835637,706.3397319764853,798.7877560289893,721.8275491803043,703.6160262129656,747.5015017072635,708.9640154245775,762.928290705438,692.3473925061049,789.2853199569182
1610555721.51RNoQUMP19FTMS79BmA3JkgSm2IC2AQuQ,592.3808368222477,307.99030186147644,603.1435522975449,592.6961397485508,622.9905869291654,611.418930038832,619.7237866311432,585.7390734102399,607.9463526346291,614.1955122946774,642.4287415947773,507.68562842362786,649.5436727988018,589.8652928921517,696.393767676591,625.9608653708491,695.8516097759468,0.0,602.6654777244912,590.2833115930222,615.2156561329584,614.7889071063302,602.6300867962904,575.807617186633,646.4506366629344,665.208942268793,613.6527004606339,648.0073120924881,619.6688640922252,585.9357292250667,632.3960938321458,638.182290223558,632.9074380617777,610.4393088731903,656.1158787340867,679.2105506424464,651.8214085594806,613.601262138678,616.4772943216997,681.6715784835981,618.711195955801,706.9233539016386,671.7043326247492,605.9996495719498,502.2599228801068,416.32236713916296,649.277683174697,627.8877998354559,602.3337755094209,688.4867624602733,531.6699781194192,625.4599827172812,696.7003692410266,717.7234487410446,605.8357106587371,643.7606279677004,642.6237545765795,598.3887870776913,575.0887411346722,626.2924539516634,675.1922187596026,723.9552881523132,607.555569689583,722.9118000621825,599.8098522789189,732.4379199108411,664.7039739148336,667.6770695333917
1610555971.86O0cHB2ibBJ8jxoObg01EpGe8VVV5mpwn,449.93242333352777,561.7057440017019,439.7138354269589,537.3659939836051,492.84070992277077,311.5010005245678,459.7307862150292,426.21333546549454,394.15502004954595,536.8191592387841,634.2665374107844,557.1162372923036,625.9743154686249,415.9687645636844,608.0780095388136,510.526770027388,712.344579612933,602.6654777244912,0.0,495.5561984837552,599.3075626567594,620.0427257590661,484.1294871009279,426.7309771643757,560.6747058091744,433.238657219973,459.0405490499748,584.9679544015748,591.6306089094567,424.3569898586285,507.2095198181547,501.20674884064096,599.4861141439019,553.6460942294394,543.1247179572879,580.01087272834,543.4768609952298,544.5148363610598,588.6846224030783,581.6671037576302,553.6421819595282,672.6135225628739,582.5590253276558,551.9009040222966,618.7855969213593,631.7448136973458,539.7967012655225,469.27143770103294,520.9189322481886,604.4978887274489,487.7593079766689,460.12674573315576,599.1637107097891,682.7934798678878,472.48600053006385,537.3744490783229,562.811267144332,511.8099102995854,469.5584843544657,481.9853786279832,660.1726490027214,743.0875152731567,541.3241932608321,665.5831249646116,516.9515740951964,717.8287510385409,551.4879389779578,623.4465686292664
1610556911.51zU3duZSGpcw1BDNsBLxdOCITAXwl6z3i,411.06281223783657,522.3742389399248,386.01335460617935,496.9211942456793,465.8656134012634,501.3961348981905,469.07762104058105,382.9538488727149,446.088375134005,491.89118474194964,613.3351708903322,491.2310590914161,571.1977354537667,420.9986588106098,591.641790457186,416.646644294121,711.0642513633975,590.2833115930222,495.5561984837552,0.0,536.1402339551561,652.4009223887435,456.50046362841,393.207354743756,527.233689219305,560.2963280112165,422.0264021437769,501.15340227829057,509.41822166689394,450.81401928378,457.3649697253395,517.3642628195986,507.69113369427714,443.1253495874666,485.69305094701525,495.1819295492468,475.361464866456,436.8582998146331,561.6467464764862,565.2259281512478,479.8596287733515,623.1470074120175,551.0514444530526,498.24893120759737,539.8310413833196,608.7041776874601,499.2637301794991,464.1862161063305,469.1805182600708,584.4285817522782,422.78588036787164,461.1799097599336,558.0005178731826,657.7359250977089,414.2060966321637,510.1387308956389,538.4826373148622,396.31300086562476,427.1917077710533,537.8526112745051,646.7155505924125,706.3049038796239,433.9629790717852,705.6036313596659,442.25237858133056,711.7318453947178,539.7460492809712,611.0903583340113
1610555988.71dMoYT8250UHHJGxgmITTmbHe7V6gH1yU,579.6302110990923,649.1754697335148,575.7278985364782,601.8628142359233,602.390383877642,613.0200830945373,634.5821829595855,565.9505949259732,559.9031580769487,632.8371667008598,666.8891554113486,473.1782052045911,711.4519816244018,586.7945898691603,657.204338294935,567.9957297144443,720.6740090858519,615.2156561329584,599.3075626567594,536.1402339551561,0.0,604.6237198309847,604.8530511806155,570.1895799217058,639.7662137143265,626.6827788206101,583.2767786284716,621.5375135821475,631.261139768213,620.8160826795594,600.4434101832724,642.9082576096918,661.549209357505,626.6698920936506,543.3763898110632,589.9472910499004,610.2247503179208,617.7583807946135,654.8373307044207,664.3803731632792,616.687203318779,649.2553388579233,641.0785939145534,599.6125297690915,650.2886037070352,682.8781629919508,608.0549170653005,581.0281814084923,598.4875903271304,651.8712910568756,504.4571809541718,586.4646196806863,668.9418027045645,705.4621825915275,582.1700863637345,631.2515179608519,638.3545776615638,534.3298143876523,553.2278900686448,624.5000810118653,692.3246567812286,761.7711128392773,575.2240017384951,717.6478816191614,563.2974657516825,745.172319268892,629.7109731006465,677.5585932378812
1610556042.81mlUZsSp7gbGjrp8jQSnybT1gPy6e62o1,662.6851577889046,671.5004842779905,679.0244346318573,671.4117177978093,674.6502530427423,643.2727126542904,685.3205002752121,657.5320701923872,656.9289428863124,707.9482519843835,700.4138775964952,498.5152806268256,755.8064087435563,645.5012597313706,726.464030116978,686.9731519864838,739.0628010282569,614.7889071063302,620.0427257590661,652.4009223887435,604.6237198309847,0.0,612.917999667563,651.3908276858213,689.6476395077299,656.8914993604894,669.9201862299061,685.6239782693683,703.2956758418171,617.6444992513697,708.8543600907557,608.2810933984781,733.1900680249109,710.1735148173482,680.8572596243375,688.2328365881099,707.9842338004458,704.1822052260065,711.988203427005,717.7341835544947,723.1359375535541,701.9407268384184,721.8093465821848,676.7996322617657,678.9231807039337,687.876842151973,687.0021655717726,644.3605344748927,655.1112090869314,693.8481120998144,568.6123141694709,658.8706243477685,757.5004492173545,758.5703106128767,691.9963204253273,679.6177800027618,677.7835389323839,657.4211179930804,614.9278258145123,604.7063699728178,707.3347971119276,803.023466447407,657.0847806784369,729.7105125668648,662.1239460673152,734.6261894814753,668.988574147396,699.7406793371762
1610555637.02UBW5nKvDyUrKnaWcYRGajZPxTRDS0q3N,423.1298658366549,532.1913602334843,397.61687751005394,525.3127901651044,439.51485064729604,480.45510093786174,438.278420538964,395.87868063403425,455.91508385661245,472.965329979306,615.5285378616095,559.3420855590824,596.8268274937243,433.2384781319277,610.5885740522626,471.47991278652813,683.9633152438669,602.6300867962904,484.1294871009279,456.50046362841,604.8530511806155,612.917999667563,0.0,394.9602614534815,473.0286804533179,520.3345851264786,391.0203134347951,563.8827768372215,554.1857592958663,365.3207334004052,455.2791907229979,447.2689064593895,543.0515580384085,518.1742007941627,521.4881248644942,551.4462977428672,496.91361769545256,494.7631553357705,529.0683660597207,564.9957234535993,509.24364921339463,666.9321779207573,554.0372393227012,546.0432269506971,578.0596234557377,586.5469736229583,460.3950200965484,484.18020974038103,421.77920500154846,540.2782861236866,475.2841881680082,446.56302410028866,564.8610597833691,656.3546245787782,420.17851652617435,411.0089178738476,532.0455637162197,457.74322541171745,468.2658732519064,452.6750814780947,624.8745199380132,702.6746146226735,483.6011471605884,655.1545104707454,466.0041937930635,700.581341922162,526.0958557304763,630.909742849928
1610555619.13oUYNikU4facCTpUSiSLr0vPI0tJLnXiT,146.32936991222138,514.0560859424595,186.8750861034111,465.26831172768874,405.8374219624143,434.90557841820976,384.78828361317045,171.33800009130886,369.48450195048264,434.0945202640304,600.2391927518619,485.7798233448375,566.5740765472085,305.467756899183,560.7642573742527,410.15807460783145,704.9590056855612,575.807617186633,426.7309771643757,393.207354743756,570.1895799217058,651.3908276858213,394.9602614534815,0.0,484.94583607191834,494.4142471281221,359.2628519049255,518.90362071423,503.99113079251646,366.31700642136167,397.5373155836797,465.1685398098254,509.5555355883866,455.53068987843574,473.57680383573376,509.83146250474107,449.47731451470696,443.5676586382707,514.6182559360574,492.27942349249497,468.7731663309868,647.2242450194202,493.11285851983473,457.6163944029075,573.642167473715,605.3016772745473,455.9371959944611,423.3352160670748,414.27017364519617,561.210360900405,375.96057809417346,405.6939825729273,509.96648401342696,628.4112126545401,351.3197783558287,465.48241602608806,518.3481924939834,402.65612123210263,375.11901247932906,473.2407577703874,625.4611516354873,709.8942336545891,439.7202088530815,671.695825214164,409.24924358969565,710.3441383619103,504.4983731753669,590.314600460184
1610555721.03nzkucfjAUh31zTbmCVvTVYqtjoxZFnBh,499.7566221438592,583.6864964643659,480.59732544420496,591.7138706901907,519.1305435422552,541.0664058507709,525.3045447238641,476.9043172316986,527.8672247597041,546.0329685263389,649.5706688382955,603.967617396382,656.2664372840085,496.78723931671624,649.4702613372416,537.2229440158961,708.1840599964552,646.4506366629344,560.6747058091744,527.233689219305,639.7662137143265,689.6476395077299,473.0286804533179,484.94583607191834,0.0,582.4941621647569,508.7780597380862,603.6598445739681,621.9039334102542,490.4703964043957,535.8456277607954,549.0078904728207,607.7506018452038,578.0615921991649,575.1858164941663,609.9868823937488,561.1899283240385,561.6802827824393,570.0598136137866,599.905095636911,586.2276712715468,695.1460253814113,592.6517794468394,602.328740410516,624.8387009418932,597.4108284762234,553.0641276146021,535.7093550645905,501.0171386644261,624.492433008519,533.1571339972816,513.1346967202817,618.7976681938482,705.4995067174746,496.5271285289331,482.1043146944234,528.6324474374339,531.120011225462,527.3937182678911,510.46897847542886,674.6676314798549,732.1714275790434,555.5021712817606,664.086086277607,542.9664421261064,725.1636973178818,596.3128174093067,672.1192014566217
1610555722.67fhKURdXVzRbLIjXmjRwdJHTnE7PWb1AE,505.10446909558357,620.3873610304125,495.7654661960497,597.3509323039094,544.565763851073,343.60319485972343,528.051792013738,490.61779739403613,524.4314054034527,597.165073848063,658.9756112608662,606.9470136397185,679.3388953274977,515.4445184061333,641.7096531498771,572.2818423262665,702.6277027819516,665.208942268793,433.238657219973,560.2963280112165,626.6827788206101,656.8914993604894,520.3345851264786,494.4142471281221,582.4941621647569,0.0,538.6608439206127,619.4016149773873,630.6188778071491,504.67221460433075,567.7405620075855,566.3489646069429,654.0756200543608,612.8078921259595,601.0599141072701,609.3644392327847,601.7940732179973,603.6921099343791,611.9317400559493,613.4080775602733,607.6975218020846,665.8036756209175,629.9361626854738,578.1660982670758,663.6935830529039,650.003465754364,554.6421598343769,539.6176236889504,582.9132436930195,650.088155065561,538.4204524580404,519.8801003602363,617.0617738318481,698.8004706622064,537.0374349993332,516.1637450174554,593.4601456909934,565.1397103960894,533.0096704635893,524.2527017983192,701.0582966970837,750.8585566576456,598.2623959019038,678.0773553692583,579.3593331345467,716.7622862802777,590.159961460274,654.5069179330668
1610555638.39J2ZWBLuLTHP0jOlzB4tNHmYeijH5g5YJ,385.2851325877471,544.5020299557256,357.07832657704466,476.53453490861915,421.5424084364837,478.2316240345676,425.2940550520942,370.08498263427765,422.41542326356574,471.8323006028499,596.5569327317048,539.5723140413581,595.9202629861209,424.63323117417104,588.3609451131408,438.2934209226584,700.3380240780931,613.6527004606339,459.0405490499748,422.0264021437769,583.2767786284716,669.9201862299061,391.0203134347951,359.2628519049255,508.7780597380862,538.6608439206127,0.0,539.86752316384,538.364528913941,404.8685152366983,426.18972354074134,439.15488567262327,542.0650433459907,493.675249327061,502.5545305750252,529.3023818836281,473.9993762023172,481.6981299874503,545.696047996964,545.4933642353039,468.00790323354363,652.0669955748423,512.2879329711672,522.834393241451,591.084937913033,624.5399223963515,440.903285784251,462.8004698334441,454.4060265254557,430.56306531874486,446.6394804189433,423.5901052885318,542.7429037384306,655.7307266545487,399.3032378570582,501.64876300273477,536.5505662075045,426.68905156669064,439.3545450912503,488.93307553644524,633.0504280114565,680.6595810962789,475.2465428960439,683.7275617274005,452.1642535552777,729.584354639775,443.84186664819424,609.7037378290063
1610556032.17Q6yCDx9g7alRnL9jBFXD2JhhUyB2hKfJ,524.4008700678638,579.9818939003363,504.0403079957362,539.3353863544861,547.9500149122356,585.8343769631032,535.6965731437489,519.2463055488568,544.0985706867366,577.7534719624507,646.3931300633379,596.9061750707787,662.3540558656424,549.0245940904297,675.8617983338467,529.9300115947416,725.9333998146043,648.0073120924881,584.9679544015748,501.15340227829057,621.5375135821475,685.6239782693683,563.8827768372215,518.90362071423,603.6598445739681,619.4016149773873,539.86752316384,0.0,577.7724123630095,551.6048450710131,566.9781796222697,604.1540337470154,608.4376135364373,536.3397327796027,585.3218604443954,584.6972949171733,578.0886493895385,537.5351081117545,611.3776935815338,623.324281132399,602.7733733698562,639.4265270443885,602.9751103630391,544.3129570345558,632.431074109813,639.2670841486209,591.63857786386,578.7287785517955,558.2115721831567,641.0324699243342,541.6738512228252,548.908554968109,640.0272678634522,698.6422527789672,535.6736326656154,600.3488541017167,601.4352706385607,485.0463995852706,513.0838351347406,611.8551062009486,640.6253637963883,758.4320612231663,530.0191470722644,705.4724162938576,535.9232808178117,737.1604592737435,613.0512070285392,626.9515647436491
1610557007.49MyVgDnuUuBxrvL6SGOdhKf69VYlW1MSm,526.3576209299068,562.8729172362492,506.0757285514543,560.383961297866,563.2895226968398,595.3997845881803,547.983070329009,507.1684457916467,555.6068623481709,519.2040383183337,659.0941720617426,564.5227365796517,603.53877784488,546.9507215437625,649.6448706400242,524.4699563005404,701.7495448621676,619.6688640922252,591.6306089094567,509.41822166689394,631.261139768213,703.2956758418171,554.1857592958663,503.99113079251646,621.9039334102542,630.6188778071491,538.364528913941,577.7724123630095,0.0,542.3137540160146,556.79242332508,609.590791617256,545.438285767973,525.4613848326719,553.3424215215697,550.920869711043,561.1097245843234,491.6241979277814,630.9538813735295,645.1985074330464,513.9817952633382,691.0381132931461,607.999073083865,576.0994645768789,627.760101336392,636.0139797488928,593.4600590211463,586.6536517675648,544.2451227075976,657.7589885674215,515.2818021947796,567.627939964792,640.627287615247,649.9484728461226,506.4771738262882,597.7671912724957,638.3713416076693,497.12016774512483,547.1748140800646,618.5275365467821,686.3757993677772,716.9366829140304,420.1828078281474,758.3000936872297,465.6948124626678,674.0078359462915,626.1314923922382,675.8510476825253
