,1610555604.25mOvVXuL01OCiReyVWBfesjuvXmB3MoPy,1610555605.43B6oDsBtWRQ29Q9UMQuTUEPZy3FSSWXzc,1610555610.92HPGJJSmyPM40z7otPBgHalNrHFA7zk5d,1610555606.68LaSQbm9EHAFycEfFtEqAwYqlBsQPjIRW,1610555617.19EKxMEwDHfXiEJZc27TsGoERaD6Da4BZU,1610555722.52PJ3FD50MGhRXyUD28vluU8Z9UjLJLZn4,1610555617.52Ijr5puT55g9apK8auM7zaxa3NANg502t,1610555638.77ZLjTLkz4jYJdFMI2wWBztzsDILkoOtAk,1610556912.46C7tJPLF0XfNnm8f1820X9aLmXMHoc0Dw,1610555617.51LjzIROg0aeCP2GhDcAVQ0LipKJB9jmKc,1610555608.17OpjjHobqRkX0UPcaXrbu7K6L3805SZri,1610555721.82zWeNZfGUUfRJkgnAwlP8VMhPzXctnSd4,1610555735.75bom85BDF0C7W2eIseHeMxi24qR68nzMi,1610555735.77NnT5xqKnwcf2BbjIekeb2arTQj6QMNwk,1610555638.33wjf1PhdNaoWfbRzXVn50hmFyB5bYAiLV,1610555606.65jCE4ig8Pu8kvAzkxnSGfWsV0nQBjCf8H,1610555608.18ONsBCVo1i7BrX0XG9stct4oiA6ejX9Oz,1610555721.51RNoQUMP19FTMS79BmA3JkgSm2IC2AQuQ,1610555971.86O0cHB2ibBJ8jxoObg01EpGe8VVV5mpwn,1610556911.51zU3duZSGpcw1BDNsBLxdOCITAXwl6z3i,1610555988.71dMoYT8250UHHJGxgmITTmbHe7V6gH1yU,1610556042.81mlUZsSp7gbGjrp8jQSnybT1gPy6e62o1,1610555637.02UBW5nKvDyUrKnaWcYRGajZPxTRDS0q3N,1610555619.13oUYNikU4facCTpUSiSLr0vPI0tJLnXiT,1610555721.03nzkucfjAUh31zTbmCVvTVYqtjoxZFnBh,1610555722.67fhKURdXVzRbLIjXmjRwdJHTnE7PWb1AE,1610555638.39J2ZWBLuLTHP0jOlzB4tNHmYeijH5g5YJ,1610556032.17Q6yCDx9g7alRnL9jBFXD2JhhUyB2hKfJ,1610557007.49MyVgDnuUuBxrvL6SGOdhKf69VYlW1MSm,1610555638.44hjT5hbYdKoE3MB6hijrjqbjmLgvCUYKD,1610555608.13zUvmFSCRt6SsLbhqFznMEvGx54GPGQzM,1610556038.62a5C4ynd1AARyAhTv8a58NCqHvXRjscqH,1610555644.45Xse8u7pusHNsd7F3d0A32HXvXr6weOJE,1610556038.62gKXOCG7XCn55eJvyl5voNjbwOW0znQDq,1610555987.13v0oleKK97pkesp6oMgprH8SoSdoDVdIO,1610556964.96ZLLeiQW0qpmxhPGTg7K03fmzkqsC2bjC,1610555987.13VQlEedQ50VvkPMEMzZDv3KNnQCewykN9,1610555982.186TY6MMGkDecIN1woW6vsfAMXVV7jnyjO,1610555982.673LuMndkwkvdmZOn0MmE2Pkidx0FtNalb,1610555733.38zItcuH7gHNfKdALR2d9Nek6bxCyw36Vm,1610556034.15BQxSbZINGCay0yp6RBVlgcPrw76Yn9ON,1610555639.37BPZpgtGml8qUsh9AdV4m32jPLfI2aNFq,1610556965.57S0adAalhWYe6K3bkZU0bRHbqnDK8gGkR,1610555983.54zteLPCMjyrjzPdhHhlZr3faCgD0TfYr3,1610555987.79rHnNRmt9a0ufmnwCvZqBouyUoZDNpylW,1610556960.041xWER61rmArlsKfiMl4frikWmUCnQ7op,1610556035.13a7NHZDutfTMJ88qle1gTYY59Dr4WmMsj,1610556890.456ZBDaY16bMtrTZTqAgHl3wq1tRxzqDow,1610555760.24e6890pkbyZ97Or6croI1rQgjkSsR0yVt,1610556043.02YpWMIJg3W004iqlPyv8OcVAZdSC5rNYw,1610555987.03z05P26TLtONYM1HSzupoc2CeNMa6HTqr,1610556032.15OYCzUxpsz7b10AXBAuDXrvEcvxFhf0M7,1610556032.63Z80yI9pNwS3jSmsDABbuhf8wkNa2Ze9y,1610555736.28eGuESasTXdR3SqY6pHhEXWZtcdciYLCO,1610556034.61bebeZA0MkaFG2sm3VKiqrxeqQginTTW0,1610556944.5XwXOphKYT3ZkWA8gViqOS97VHVuMVUqb,1610556944.745UVLFBzf7fPh4UH37I6tYQOFPqRDytEh,1610556034.63XsUwaFaPZevO1JNFjfhvY4aKNFnV4noV,1610556964.89xwBHw9faT1HjQRMNQEyA4qJ3hWkwgj3k,1610556966.74DydzH91jtyvRyYau47JpVkZoMRSNTt01,1610555740.77UueVziDbaXyRR4OcVJIIZyzOfAzN51bj,1610556046.84e3vwjyRCzqz0wJQhrk8zsxlFfFSv98Df,1610556137.99eoPuVrDThKAOvmeprLPb2FWRqIhzUodc,1610555740.73XFwSrmTXJPlaxGZSefh0jOVA8PI3III1,1610556123.88AOfNaz9jSnqU5Czc7okOv1RCrYfKFBTo,1610556046.85nB7NvyoYQeLcOV391Lmmut1wAM8CFGLw,1610556123.89H4pdIAzDthI7bMXMhlIhKUYIQIvtmPPQ,1610555740.87GOYQUJKpkynIS2lFqppYK4b32ol7NeGh
1610555604.25mOvVXuL01OCiReyVWBfesjuvXmB3MoPy,0.0,542.0002900324408,157.15684030091504,523.8690239724492,317.26662495851906,474.53281934697577,327.1530217764127,155.97030370760197,268.50744046906146,657.5353044221964,548.4223410372007,591.6725233934878,569.9805802853749,212.65170534865814,518.1833024654871,605.4009226853643,543.6273658380347,563.9460013671932,413.10322071772015,640.5100578390735,591.2170668954564,527.4466369170808,445.78534474062553,145.69686609220554,529.3046053790149,456.73921428750793,412.53779240348894,579.3325254043494,569.8948860008269,386.651631591499,585.7753992245217,390.4101434797267,591.1001424048151,599.2381998083449,580.51815331056,558.5749110005969,599.7551710339283,595.4420501473086,569.569809932647,546.667802599332,552.26355710933,551.4937249438811,508.991848599532,550.6175047311602,572.691289190019,574.4181406196728,567.4887366598524,500.84605845695364,630.0909653454285,514.6394324440016,596.4186674108377,447.8954915906075,563.1974283383909,546.2521051688835,602.8530970838011,455.66532254793105,519.0266390903067,618.84519527428,577.9677262669842,459.1500456063643,530.9132087889855,534.83208333767,604.8922364664147,507.24882756922455,628.0859747005159,545.7764138355923,529.0509731430309,532.1325126498871
1610555605.43B6oDsBtWRQ29Q9UMQuTUEPZy3FSSWXzc,542.0002900324408,0.0,526.5642698610568,229.23085019264806,451.43166772696014,343.4955792375359,355.09484642118287,570.3061998593703,533.3701309532073,573.0225470516821,237.82550491873934,371.32431432740697,343.81987617829043,469.92311054710643,331.2498128377815,350.88650850627715,236.89554496027236,196.35367259474012,352.7078116881491,478.734594266467,379.1102720012457,341.432030383829,373.09527434120577,549.8655990707157,297.8539490809747,413.7012818887169,526.4255378914079,289.17298806654316,247.14321052325568,337.3726570143726,458.169111217124,326.4374629704324,371.9593813345215,321.65204639783747,331.45603353944006,327.3140129138173,434.4488079907368,298.6307667218876,199.07445453602577,375.5261030383579,290.64240356493,287.0282732582793,346.2911427187536,263.4712376684106,197.86598684059183,200.16997271905427,392.1100794361144,472.49859051098355,553.0124640305104,380.3580936906798,367.9351621632414,407.40094374236674,326.4520951060898,294.14090133502833,431.79925502224444,348.4152463214806,298.7020723508836,328.9170808430582,412.1065581708641,315.763592591056,260.5761852697297,268.24429656567713,300.1732986083432,280.5545369563721,501.23507657102573,307.1209803212189,385.05686898260063,271.0519702760972
1610555610.92HPGJJSmyPM40z7otPBgHalNrHFA7zk5d,157.15684030091504,526.5642698610568,0.0,490.0492476483683,297.77293077993437,433.81125676419316,296.6104962285804,171.66632503016206,216.55560622953948,664.6994817848059,509.56040526788524,539.6460860256033,551.3799331446763,189.52952807724492,470.9424813296001,564.5158564612101,504.1957734900205,529.5153604551905,377.01858818432976,599.0833142815134,532.0019308292849,481.78543918008944,425.445502614772,157.99496958522946,487.20867639161014,413.9071557276919,392.3045582860676,525.6840742217037,541.5250950087632,377.2659487300651,575.2870040641734,382.69176362915954,583.4506033224709,566.4351036864103,535.0538815257813,515.540515476043,557.1942537346636,574.3925867594561,546.4231444037642,507.3480826906842,508.48551442154394,508.6004139795687,461.61004610747943,506.26975353350497,538.3487280780857,535.0366851238443,523.058271385737,464.1339609448583,626.4263917532111,482.0820531603293,547.6108439636341,415.671207576086,535.1309141611603,521.1212792992222,567.5761684367599,419.7302310681905,474.91046823139004,563.670961564814,532.5062553676499,417.40238699692816,488.07723526223384,503.6020213492791,570.6719606971474,462.95759120740803,607.8549501284681,505.54349047224014,493.9872142245814,489.9488289755521
1610555606.68LaSQbm9EHAFycEfFtEqAwYqlBsQPjIRW,523.8690239724492,229.23085019264806,490.0492476483683,0.0,407.5688323744266,327.5054242161412,320.3940182493837,547.7879590557988,486.48621311792243,606.0758335365227,167.57866075309553,302.9764280150255,369.2676897942267,438.54224753147173,280.8128872314025,310.4649469193596,195.7743409434111,213.61814777949925,307.9576813009408,445.07573590568745,315.5373067495976,286.9367923329824,360.6511200277642,524.040566735247,282.09138406042086,394.1190462116002,486.05085844166996,235.01748629088246,260.89774041399824,322.8856072272713,442.77470094676175,309.3695805452817,413.75967511393895,328.5874484024541,270.40536411506827,262.92575837653595,374.60726898129013,325.39252932584515,253.6139724868475,323.5340960423636,228.34126243815254,238.07469122549836,275.94044727493315,231.11066747981812,223.30589997463812,217.69791496553702,399.05667454303136,420.18001558077054,565.3949371410358,339.6008880551039,323.4027103944441,357.57824543751946,342.6988619192926,299.0561668054766,369.0529636440347,329.7047812757098,260.7436740951503,280.585176843994,376.9547835835605,275.8680091794955,238.26204348914436,253.0407176453259,281.48063141091194,246.47794778514614,473.9938366933064,287.7264770788679,336.8521407350622,237.62569972399177
1610555617.19EKxMEwDHfXiEJZc27TsGoERaD6Da4BZU,317.26662495851906,451.43166772696014,297.77293077993437,407.5688323744266,0.0,380.14642640547004,242.3416361426909,359.11120571651276,265.82963072729206,641.5875734346844,429.1581489695552,483.8746381130496,503.3978921099176,262.7494382885159,410.6728870272682,497.9493036941059,430.8924041552224,441.5292489818285,336.05403758361035,537.5495077692273,478.3187890139351,415.1418059030949,239.79013908760535,320.0906626640093,425.23468391738595,379.5410558529473,299.9136440064509,460.723000782079,467.32742900106496,284.5790176419498,483.06884505625806,285.8519818973779,523.045793434022,495.0179062387226,462.55857400494034,451.459641231603,493.57208764389395,486.1966614298248,479.6546114037772,466.157415419638,419.5477260987845,437.7560116770379,407.7919861263604,433.6182148432573,456.99083360218617,457.10433084716516,455.926634234517,429.3001678179211,593.3599837102231,408.5570997487675,506.7372497138832,379.50587229556356,464.7000110243436,432.985472760141,479.5845676629332,296.49425011511755,401.75279522770023,504.1674347772501,497.76162217894137,325.29031666387453,423.490426156183,434.13811942513865,489.07466218753075,390.150963079179,557.960591022465,437.1757805578911,487.9474973266983,424.0632073758957
1610555722.52PJ3FD50MGhRXyUD28vluU8Z9UjLJLZn4,474.53281934697577,343.4955792375359,433.81125676419316,327.5054242161412,380.14642640547004,0.0,297.0416769765668,494.9112382315369,397.2168819290196,658.2881869396457,324.88938844876344,371.1753312699146,405.6394412661183,385.77337396268274,354.88083832792705,424.2773730477255,323.36324883549156,312.76732021284164,190.13116144023593,513.4093436473789,367.29124666631935,325.1115999707112,385.6034514675034,469.5624295902117,334.515022456186,146.04420454408225,467.8009893166164,310.10916397061413,357.17930702178097,308.35680113777016,534.2042351615845,288.18633583294496,477.42268693606997,399.3667751117519,395.0016589727234,371.3292273079683,495.2373238317454,429.36836207398085,361.0357459017844,374.6548818263249,363.2344705182594,319.28755272331483,369.2248800076669,297.38426178805787,350.20306588614204,319.05677063347673,370.3088138721452,443.77094582085374,642.7319115146672,359.2569999860366,380.13116885212145,344.2304892602552,325.03326953553204,349.05841064544535,499.87235820807757,275.08518583235156,326.89399240100647,382.4486503504794,371.5316409331429,253.91190505225072,286.9692433127509,310.1531429525448,431.29741819486514,284.979296986476,594.3065186933712,321.9121781150077,394.4778957875044,285.09450202489296
1610555617.52Ijr5puT55g9apK8auM7zaxa3NANg502t,327.1530217764127,355.09484642118287,296.6104962285804,320.3940182493837,242.3416361426909,297.0416769765668,0.0,365.2901114751572,309.9936620398832,624.1432432166246,346.3316908932441,425.2175718172289,450.2614436843364,245.91600083808254,347.1656542262578,453.6755432065576,337.94891154968315,349.2874661240496,240.74186275348492,552.4634410820742,424.54333316271817,350.56785790976124,311.0731476986645,329.7255184657553,332.5880586098226,302.70494712518337,389.4602698293808,380.87123578981715,375.3529177780985,168.180789322532,503.38046311024675,187.64127924089593,492.4823132892082,443.8482996487571,421.3411063912977,393.2057044401476,486.90187404977473,454.3750244274302,371.9970363602973,389.0946321006505,367.6292298273558,356.09814011285766,355.56782314150206,358.1360309328223,378.34396794485974,358.7370324020763,443.7634442513329,388.9052256028053,574.5774314399736,372.00056190301063,447.88896453171503,323.6441290858735,384.7618768039916,373.0103496407564,482.72005237432114,266.0289828115216,327.2454772789013,429.4845715621458,452.9745016328867,239.18170248759242,336.3946262776022,343.5759340941329,440.033457590129,302.856017132328,542.5232174327314,357.0279772036221,400.3858615959679,332.8834703601978
1610555638.77ZLjTLkz4jYJdFMI2wWBztzsDILkoOtAk,155.97030370760197,570.3061998593703,171.66632503016206,547.7879590557988,359.11120571651276,494.9112382315369,365.2901114751572,0.0,275.1773722397976,665.4691486210284,575.9503698555365,592.0997316730668,579.9286572981152,207.2840064845789,534.2468108357349,611.4612925478613,568.3229730404985,588.8498909242933,442.60772188420293,634.9812330146145,591.6975340051571,549.9943041738147,487.8755500115255,117.1683112364033,552.3422193905308,480.3357518215851,453.9997587905849,588.3190434943469,587.1250366026019,432.7963134406572,607.0197746838578,436.323275489902,603.2424736014209,612.9707175748437,588.9874740294605,571.1729741559683,604.9062086622911,612.6938173384113,588.8646305461541,555.250168770266,564.6345340399577,574.5934759288953,523.0699110671763,560.8779686230571,592.8696494919368,594.666181121464,573.2799123933805,522.954439279449,642.4982962804822,538.5771830221543,594.1552545189026,464.69571514129035,582.2357109965858,584.435396011733,617.6389148944886,487.8399662709987,541.437241462565,625.4656449331013,573.7018344147342,490.77525969443343,554.2372211613501,567.1569169961238,619.7691562764942,534.5732877334254,638.7318465153213,567.4505491403246,544.78320400045,554.076458578685
1610556912.46C7tJPLF0XfNnm8f1820X9aLmXMHoc0Dw,268.50744046906146,533.3701309532073,216.55560622953948,486.48621311792243,265.82963072729206,397.2168819290196,309.9936620398832,275.1773722397976,0.0,688.9344720631503,500.01616088046126,530.1261685853651,554.9312035769389,215.21216883656768,456.16332463507155,569.7294259954675,493.1729363143562,517.1253628962514,335.40592780967825,604.7131587648241,517.9874779708052,460.7874474241023,408.2483664468809,253.7191284627525,473.5998324777977,371.8005539030686,381.07583296332893,504.5758447689865,534.9119081161537,367.66821036010094,586.5876409949669,369.58092580552136,596.851067970439,565.6448393157283,533.4633194358831,514.9658514462363,558.4416184003275,582.1758394615233,545.7145807193052,490.22550134123384,491.4951053789306,492.03487486739056,456.0451026368982,494.35002352706374,535.4650230242845,516.3917079719984,509.36811933542293,451.25037839126725,648.8020752798785,463.16165121137954,545.1678948596666,383.8204862651905,517.9089250072091,511.14632707262194,575.5585988568658,381.96121723244283,458.4952548435232,557.0016439340068,525.7584998475434,382.6288463045849,476.50744900583413,491.18773025016844,578.7114682020117,440.2051345815685,626.0025556260674,482.8886720377398,502.8372784688341,476.15253707304646
1610555617.51LjzIROg0aeCP2GhDcAVQ0LipKJB9jmKc,657.5353044221964,573.0225470516821,664.6994817848059,606.0758335365227,641.5875734346844,658.2881869396457,624.1432432166246,665.4691486210284,688.9344720631503,0.0,645.105896979255,618.6836058657487,439.88006105798667,622.2688525038743,678.4010174725495,555.7873599591326,653.3481850195933,666.590705584323,659.9662960217538,607.9771043994987,641.7522077284033,685.9095996236584,608.5601372845573,652.9830775172785,550.724706889695,696.5142527151319,726.2415422844272,610.7657267981576,584.6469506998558,625.5807513616521,624.1582990024365,613.7850909457086,363.0729013332089,543.0690866897297,585.6119579177838,626.0614738120099,610.8775088155649,511.0377075654404,544.2597449615802,619.2044603979066,626.1294122440414,645.6053613521275,647.3299986188554,603.5975821472862,622.3714048001782,648.7296859414802,626.9718474393421,518.5472632542296,257.6296746955621,654.2584439774633,591.5015879211563,641.5280773014214,558.4362952133246,654.5300878483632,634.2482920958987,655.5321055673587,600.8058543589206,628.720979783778,605.5720603166878,647.3065260048745,635.818965560986,634.9118382760342,520.6765387514035,631.6928502213685,403.29877029449653,684.5952513462456,627.5146176157791,645.549147955709
1610555608.17OpjjHobqRkX0UPcaXrbu7K6L3805SZri,548.4223410372007,237.82550491873934,509.56040526788524,167.57866075309553,429.1581489695552,324.88938844876344,346.3316908932441,575.9503698555365,500.01616088046126,645.105896979255,0.0,309.95399649765596,401.3610685609072,466.79183997504947,270.5134221708137,327.2943405488203,117.20050551714989,198.6211938267594,322.8954635051096,457.37158547709544,305.7461608512478,255.96292664022772,375.23591419677405,551.1101605296228,289.9563555672864,383.6387047973429,493.9146769403214,234.3917597536435,281.07695106048106,348.29341446989724,466.98690931397664,337.93179333494095,451.3176406314878,340.9300248992878,289.2813518377332,256.06151045953845,401.0210970330392,342.4726889365792,271.62279585042086,345.0650523811716,248.64553198723124,206.45032727641254,290.75519244744333,237.4839236865338,212.54332069641586,199.9728166601432,398.61668837515316,448.65262438387356,602.9248446287078,337.31398671093837,336.6715376573558,386.56326472010977,360.1368032298061,280.95813983077824,390.7596616835359,328.57090848033033,265.69661099078064,276.5937571794395,385.43994941294744,278.90530232243674,227.1363720202435,233.7002177222516,299.5849229616938,226.46859184655602,509.6529073898503,252.68635066370007,346.8800547197721,230.9825890738277
1610555721.82zWeNZfGUUfRJkgnAwlP8VMhPzXctnSd4,591.6725233934878,371.32431432740697,539.6460860256033,302.9764280150255,483.8746381130496,371.1753312699146,425.2175718172289,592.0997316730668,530.1261685853651,618.6836058657487,309.95399649765596,0.0,418.4476314631379,506.429453259025,328.7211962712017,252.3129376198191,314.6541352149271,328.6882898367326,396.38183395710246,352.6014768242453,125.65538265729205,287.70537685677,443.1130911879142,571.1622284395916,339.7811177224135,422.4438454623666,531.1416164504705,219.2426465748486,328.26912067434006,450.91030910726414,492.0904563029902,442.349705783474,466.3850353356527,327.0952346877908,230.92827804386067,234.52471667141373,352.69289843287015,348.2321210838123,353.3557550516743,364.70184991884685,290.3859776283479,244.82964870641962,320.3250256102329,257.33107419452455,312.86463221735477,336.32059475158945,354.4856198519868,433.2705127042013,582.8383369748764,361.9298475546276,231.69089772150699,417.5126581177164,394.8401297903564,340.98573909953683,382.9293397823898,393.5796048421085,328.84982923829875,229.24691865823303,294.3705495460814,382.4581174194808,297.31134772979436,318.76754353809645,307.13146002403664,319.46689734032174,469.3386317920513,311.295593957222,358.0013414782148,308.5716743032839
1610555735.75bom85BDF0C7W2eIseHeMxi24qR68nzMi,569.9805802853749,343.81987617829043,551.3799331446763,369.2676897942267,503.3978921099176,405.6394412661183,450.2614436843364,579.9286572981152,554.9312035769389,439.88006105798667,401.3610685609072,418.4476314631379,0.0,502.8612303325897,453.76856119154263,372.67966983959656,410.05156868569384,413.2994179582344,428.13025982419504,477.60728091155545,436.3470476656859,479.99562664648664,447.25287837639655,564.5680704289343,388.61631659413473,475.6354072326452,566.3062263620985,379.98283314906683,362.37835123194026,457.93104643857384,445.39907616583207,420.32010151066487,191.21725835035807,366.69312043446064,380.8188809218961,414.98120932991674,437.16529110626897,325.9725195990314,338.92559499857225,364.4557742165623,396.47990722240274,427.2921728733648,420.3144509298457,367.6517604268392,389.20626808118703,400.7004735927045,400.760365761338,469.5106047551832,497.2689573019568,466.1145870123542,405.20554274494657,424.71851437125497,352.7148125953928,457.1770098416229,458.0078770178182,435.9956859729271,420.5085226799422,418.39342330923495,431.405255455598,430.66872424179576,403.343939413494,420.19679673631634,346.4121369117166,424.4624361391812,487.4019222174576,472.85872275436634,454.1934756127564,402.3674192705118
1610555735.77NnT5xqKnwcf2BbjIekeb2arTQj6QMNwk,212.65170534865814,469.92311054710643,189.52952807724492,438.54224753147173,262.7494382885159,385.77337396268274,245.91600083808254,207.2840064845789,215.21216883656768,622.2688525038743,466.79183997504947,506.429453259025,502.8612303325897,0.0,439.075269158363,531.3958599980762,457.6848555620838,475.8180086147942,326.2932067026742,584.2266125647783,505.31330153356123,454.14877989241404,384.7269668398464,192.68515076658718,434.0517444329953,377.0443978394056,396.4041689915113,480.81902247111327,480.02505968411623,306.6563522437563,543.7181066774272,312.11705013436983,535.4008478170294,531.80040842425,501.6270013744558,487.4049047619843,531.3485444808673,533.5276954429721,483.7131808847774,459.3235355449093,460.53874735995475,468.29703131153383,432.21360405697163,456.0123141843072,489.0669637256823,477.5112355954307,501.34715721575674,431.54508524609525,583.6426733630631,446.66494628906094,516.538700399425,369.65806597620644,480.54042770652654,488.2829863650905,540.9325828664882,372.22389736820037,426.30973283465374,530.3656033750938,503.9781879179021,363.4550534665387,446.2609290229779,457.3077624000288,531.1804335521692,411.8361027061114,572.5579278760508,464.09884256495604,458.1467377111913,443.97930893771303
1610555638.33wjf1PhdNaoWfbRzXVn50hmFyB5bYAiLV,518.1833024654871,331.2498128377815,470.9424813296001,280.8128872314025,410.6728870272682,354.88083832792705,347.1656542262578,534.2468108357349,456.16332463507155,678.4010174725495,270.5134221708137,328.7211962712017,453.76856119154263,439.075269158363,0.0,367.3532151001691,264.60770299708275,290.6568722679199,330.6585673890782,464.5922199544225,316.2370178633719,274.54918996439545,379.73188852248916,513.6015711066398,341.92242202125414,394.9669994169567,441.9617015126188,307.3546486585096,309.07519565362304,379.0183028585628,466.2070671615928,368.81293111669794,500.7167118110562,407.2709927861563,305.35218073408777,292.8628242166982,382.1173254159241,410.9793941573949,361.6153659698062,349.7307343789321,249.923219986004,273.54518317940125,236.59858680158013,283.08574258303435,264.90811934910835,286.8400309479537,393.6246281867722,462.42610067563527,635.6326751111641,346.759956069759,364.50940835938684,348.42514288460137,419.3194709600063,298.2777316031064,403.4188571351742,329.1768398207363,309.66464232634286,327.7108075206749,411.69664573230074,307.41690521031757,309.4883946817778,276.62319771071463,377.15949545943545,303.646233280904,544.1428472293843,281.110132519916,360.3749724471177,316.3263448109743
1610555606.65jCE4ig8Pu8kvAzkxnSGfWsV0nQBjCf8H,605.4009226853643,350.88650850627715,564.5158564612101,310.4649469193596,497.9493036941059,424.2773730477255,453.6755432065576,611.4612925478613,569.7294259954675,555.7873599591326,327.2943405488203,252.3129376198191,372.67966983959656,531.3958599980762,367.3532151001691,0.0,333.67289145490815,361.2058317087563,436.4735076830765,315.4556414236163,274.21616211164746,365.58127607038904,431.08282730257383,588.8213266991833,355.9893462889322,487.48999602416313,541.2854739509738,267.090577863517,345.8371445865948,475.2830280998872,415.22958623617205,466.3931515250676,390.8351797307326,262.91813487470927,185.89505739161785,227.01778365903016,298.0062934049313,230.04371122316164,332.16858264360786,371.8091986877648,284.0015528779177,310.30128093061245,326.57097994257737,300.2550537535524,308.0693659024184,359.96245690654735,361.331061912728,455.3662078055585,532.3451304413892,368.5755903177825,260.56210192985736,441.94861704750656,386.5019888879762,376.65307921845186,318.0729061404282,432.02426369724884,374.37253070121693,227.52650646472472,325.7765243712334,425.22025210461453,323.6957552511902,356.189675770398,212.37797416339947,355.09843530959665,416.71754104907745,355.9351032655123,372.9408479393892,330.31541295534373
1610555608.18ONsBCVo1i7BrX0XG9stct4oiA6ejX9Oz,543.6273658380347,236.89554496027236,504.1957734900205,195.7743409434111,430.8924041552224,323.36324883549156,337.94891154968315,568.3229730404985,493.1729363143562,653.3481850195933,117.20050551714989,314.6541352149271,410.05156868569384,457.6848555620838,264.60770299708275,333.67289145490815,0.0,195.76066589998922,316.01016151872307,469.3680628365743,309.3380743173848,260.3496984660513,381.6557745658395,543.0744471908106,293.9787973174626,377.39799685489504,495.2569383403663,239.6149775350328,274.8411411483788,343.917624384409,473.77148807644556,335.3132907839426,460.51462084016646,346.9702873050914,297.6298942571778,264.82031243136544,404.75599254134755,355.2202352008863,268.36883092299627,337.5601363145026,246.02612977018208,208.4735581514335,290.11952558714336,238.28861250162217,210.20075294436498,200.91151594379565,400.3512376592005,457.6073279493704,611.8652918540688,324.4259367785125,344.1816756913723,377.6500493947926,360.06366578753284,281.3095713491729,399.78875368362196,325.491125969247,279.65804415833423,282.4755731984608,395.3760729771736,283.2598004826955,220.20551722200275,232.48865005318723,310.77879593381397,225.06391433779982,524.4665783376847,242.92440808358165,343.62159267105966,227.13213961810735
1610555721.51RNoQUMP19FTMS79BmA3JkgSm2IC2AQuQ,563.9460013671932,196.35367259474012,529.5153604551905,213.61814777949925,441.5292489818285,312.76732021284164,349.2874661240496,588.8498909242933,517.1253628962514,666.590705584323,198.6211938267594,328.6882898367326,413.2994179582344,475.8180086147942,290.6568722679199,361.2058317087563,195.76066589998922,0.0,324.8484804798835,484.3642476021954,329.5970728306252,271.5826246630668,380.4640711924457,565.555266089299,309.3461787681055,372.04519388885285,503.6832854835001,252.05582695803255,273.44580919725354,342.37783183813144,480.5434497777262,329.237980748398,461.85545660158806,346.22504790973755,320.0772041641739,300.19153673977917,437.9270674833881,351.2853218948195,268.1143602350081,370.74635809727476,272.13898885392086,218.61706107353137,323.03221710531153,233.63922880683256,200.50090971120846,151.90889392986716,388.02553317660124,473.82957916243294,629.4397620427361,349.0903908323757,354.84926541774837,404.49057555066514,353.35374646389516,266.76742549643495,430.3438398272227,313.4757534261356,280.52232126614524,314.2305529083239,392.858208319701,280.246175948417,222.7916198581782,237.49921478381654,330.0400547780465,239.12245511287838,549.8584142195632,255.19190748232123,389.41104566954,229.42221098509802
1610555971.86O0cHB2ibBJ8jxoObg01EpGe8VVV5mpwn,413.10322071772015,352.7078116881491,377.01858818432976,307.9576813009408,336.05403758361035,190.13116144023593,240.74186275348492,442.60772188420293,335.40592780967825,659.9662960217538,322.8954635051096,396.38183395710246,428.13025982419504,326.2932067026742,330.6585673890782,436.4735076830765,316.01016151872307,324.8484804798835,0.0,536.8104492242443,391.3752260298148,322.66122955093965,365.60178369653875,414.65443660857346,324.34172680971994,231.1242189839982,425.59811453272664,335.0039355017494,358.96989534870386,258.36974680683153,516.6279413344458,248.1226857366881,497.1521964977706,430.36966469963903,396.4214183937858,374.86478497963225,473.89488694102914,452.32891277860296,367.6309970528031,345.46960319888893,344.71070935978406,326.15783769019845,335.0958597196544,324.94280407544227,361.44290408991804,324.1815629844994,420.07672160537845,421.4139117623023,629.2925413847548,347.50690634863855,414.74107699763755,277.025263889458,366.57410318583356,365.1142569859005,481.8430094416705,269.0726522435107,324.4154460252117,396.8090809387276,421.45981357492917,236.74314074507066,298.00255261559715,314.9350347989502,437.4454843809723,280.8656336024616,587.601406943019,321.12801221321223,361.4982398651532,295.6992543869802
1610556911.51zU3duZSGpcw1BDNsBLxdOCITAXwl6z3i,640.5100578390735,478.734594266467,599.0833142815134,445.07573590568745,537.5495077692273,513.4093436473789,552.4634410820742,634.9812330146145,604.7131587648241,607.9771043994987,457.37158547709544,352.6014768242453,477.60728091155545,584.2266125647783,464.5922199544225,315.4556414236163,469.3680628365743,484.3642476021954,536.8104492242443,0.0,358.12169700446464,467.474416933161,464.2519677840223,621.4824685741286,492.6820748603046,567.2609628365916,544.1558527404983,400.78156313233967,481.18714445284144,584.4797736284846,423.862252725759,577.5131048504924,471.99092302001236,406.1258665355624,325.38270237955163,371.2642146711197,326.17316953145513,378.70219038332584,491.85253459642763,507.8944590210241,399.6863697824054,437.55485384622756,411.0618423958542,405.74231504613374,428.62977913940813,496.0468889282333,369.6872820838257,543.4225034460866,603.1348431565513,484.72402480346375,359.2713508698677,547.636638919919,532.2800665427052,476.74089224195035,311.60146953891353,509.4874373579639,485.56784819592605,355.5787395200176,416.87512443614617,531.1889811771385,455.82324040702935,478.6906380271353,370.5160945352116,492.85394259819446,482.71777277101023,479.91521802895306,508.00259152689557,476.8460610137905
1610555988.71dMoYT8250UHHJGxgmITTmbHe7V6gH1yU,591.2170668954564,379.1102720012457,532.0019308292849,315.5373067495976,478.3187890139351,367.29124666631935,424.54333316271817,591.6975340051571,517.9874779708052,641.7522077284033,305.7461608512478,125.65538265729205,436.3470476656859,505.31330153356123,316.2370178633719,274.21616211164746,309.3380743173848,329.5970728306252,391.3752260298148,358.12169700446464,0.0,281.5674860785843,433.93041914349845,569.6565299781518,341.0388870024686,413.0960039046022,513.634033282614,220.40080429586456,342.63383546289145,452.3226892555306,492.664582569041,446.168933797586,487.8854909280416,345.81922719255823,238.18938784138868,241.54865754883554,355.8925707294893,362.4899964681642,365.50483279142827,377.45589598041227,289.9831077346534,243.38518462937608,313.2590656084002,267.3302270462171,314.5699898840346,330.10634935334633,341.2356516291797,441.3005919173684,602.8898544613053,362.4224786422359,254.2129862891891,420.5167507184855,404.52660431760944,338.63113699838664,380.10391662189784,381.16715535054453,322.57977702670166,222.8101549892204,309.830191410997,373.38624847979156,293.063871987751,325.400431804829,322.1569281657584,314.9404690265791,487.86373609414676,307.2181737453394,374.48018322018277,305.202620584432
1610556042.81mlUZsSp7gbGjrp8jQSnybT1gPy6e62o1,527.4466369170808,341.432030383829,481.78543918008944,286.9367923329824,415.1418059030949,325.1115999707112,350.56785790976124,549.9943041738147,460.7874474241023,685.9095996236584,255.96292664022772,287.70537685677,479.99562664648664,454.14877989241404,274.54918996439545,365.58127607038904,260.3496984660513,271.5826246630668,322.66122955093965,467.474416933161,281.5674860785843,0.0,391.18754465994874,525.4379718279155,328.34813558984433,352.71126676101744,471.1991940739017,266.0970092889159,355.5069393712702,355.91527419139607,531.1273765491542,362.86417745518474,532.5524136266542,376.71202410880414,326.04708065802873,280.3429345806519,429.1642571837981,406.22507859661346,359.11750169636804,390.66730416479294,312.44814897216156,217.4997426470694,319.7215835372888,289.79956657505,282.6965093715986,291.0045823081763,405.7723368626398,437.9868483741579,633.8889285041779,323.9591353094608,341.18065367397924,389.7121119684933,406.9427180148833,256.4087182301768,444.6502558257691,325.05756705477285,296.02352411884675,303.8260410612811,377.4962250962646,287.62016816499727,237.92298234299645,247.13416646815537,378.2663048243363,242.89470818352692,532.8815566992037,207.85786722387667,352.6220202974202,257.2258510705048
1610555637.02UBW5nKvDyUrKnaWcYRGajZPxTRDS0q3N,445.78534474062553,373.09527434120577,425.445502614772,360.6511200277642,239.79013908760535,385.6034514675034,311.0731476986645,487.8755500115255,408.2483664468809,608.5601372845573,375.23591419677405,443.1130911879142,447.25287837639655,384.7269668398464,379.73188852248916,431.08282730257383,381.6557745658395,380.4640711924457,365.60178369653875,464.2519677840223,433.93041914349845,391.18754465994874,0.0,456.8654925256389,382.0954122639631,413.5486779254003,300.4413484894276,409.22066750013096,408.05750874581884,295.54474295603546,377.34127317214137,311.1485391321621,455.8509627791676,435.5104885681693,390.52063447990673,399.9558458426692,416.79467363036025,390.52653657594396,411.6330203048029,436.3150817204428,356.22557201698527,392.183106396213,365.42192839911985,386.173529776823,376.0620952207203,399.4215383134086,384.4630863603756,449.156044928867,572.458730914538,385.5568857386459,466.85808797308226,384.9891916646883,440.9999066076624,375.8924789412687,385.3723268600444,252.74406775565038,372.60784916985256,434.34233796086374,479.16181073896837,313.45677683177973,378.8271362880764,385.19773929068737,402.9970646666043,356.983668019808,525.2368185494464,400.40269907873403,471.8387198253184,388.9526113984786
1610555619.13oUYNikU4facCTpUSiSLr0vPI0tJLnXiT,145.69686609220554,549.8655990707157,157.99496958522946,524.040566735247,320.0906626640093,469.5624295902117,329.7255184657553,117.1683112364033,253.7191284627525,652.9830775172785,551.1101605296228,571.1622284395916,564.5680704289343,192.68515076658718,513.6015711066398,588.8213266991833,543.0744471908106,565.555266089299,414.65443660857346,621.4824685741286,569.6565299781518,525.4379718279155,456.8654925256389,0.0,524.276126393631,452.5172676743069,430.8942800176904,565.3533772074319,566.0714237204382,401.99679373791304,588.116930951525,401.5060928185985,586.9627770411846,590.3025764642952,567.6582786138036,550.886696161104,587.4427293630499,590.3621535535231,567.7211403459995,536.2246845708049,543.3270321669655,550.5255364586232,505.4106155965884,538.8233966132532,571.7801331609868,571.4106691629217,553.5876738693611,489.7365931528067,622.4108815459647,516.9881877491761,574.9706242884374,442.820726236238,555.5044405467019,555.8670908353755,597.6348851806538,457.1194062477477,511.65870325383776,604.6565040367328,558.089176459802,457.96512504204037,526.629397682873,542.5161052648674,596.6622270787568,505.46229788358755,618.3764893335597,544.2671503382896,527.8293437988332,525.4774823434666
1610555721.03nzkucfjAUh31zTbmCVvTVYqtjoxZFnBh,529.3046053790149,297.8539490809747,487.20867639161014,282.09138406042086,425.23468391738595,334.515022456186,332.5880586098226,552.3422193905308,473.5998324777977,550.724706889695,289.9563555672864,339.7811177224135,388.61631659413473,434.0517444329953,341.92242202125414,355.9893462889322,293.9787973174626,309.3461787681055,324.34172680971994,492.6820748603046,341.0388870024686,328.34813558984433,382.0954122639631,524.276126393631,0.0,373.1426991115636,521.1906482229771,275.17364971200607,319.4064815738785,319.8414039003631,510.28728298973783,332.16079877719955,423.6610408525077,339.9849072210906,329.2319635127868,329.0219768864809,427.2420574228868,362.19025106695364,241.35732496855033,341.938059519708,325.8886203276285,286.4184756506562,345.18464249354486,298.6099264678282,298.2161705426416,275.49904145253697,422.3282183953812,333.7992810736945,488.1838152060059,381.45613697623077,354.792021658197,370.0847658432178,304.33834921810495,334.9916128049934,450.86337498783473,320.83887565792423,210.80194962101362,305.0326422572002,383.4235780369683,260.6283408925236,266.8585199351662,287.27009706034835,319.2510628110416,242.53293872136857,425.02065393021184,313.18229501910906,346.40138973521925,267.7788729077682
1610555722.67fhKURdXVzRbLIjXmjRwdJHTnE7PWb1AE,456.73921428750793,413.7012818887169,413.9071557276919,394.1190462116002,379.5410558529473,146.04420454408225,302.70494712518337,480.3357518215851,371.8005539030686,696.5142527151319,383.6387047973429,422.4438454623666,475.6354072326452,377.0443978394056,394.9669994169567,487.48999602416313,377.39799685489504,372.04519388885285,231.1242189839982,567.2609628365916,413.0960039046022,352.71126676101744,413.5486779254003,452.5172676743069,373.1426991115636,0.0,465.9534432132747,377.6852796127696,423.9291923625911,317.28556968486544,580.974064187149,314.2934975749729,541.1019168400339,457.7002124530944,458.99027100785923,422.11402664056095,549.4304021842617,497.75269777285854,422.32577417009736,425.4003749318568,422.76265667582294,363.18004273828905,422.60793145581806,364.51303923424626,416.6415475078317,381.92320129045,421.2887812083945,458.4207876000607,673.3719290269587,393.65581128342455,446.06890950193326,372.32782956833665,377.3202083749823,381.35857780200024,554.9101333921428,300.04681987831594,366.9140778700414,443.37417308923034,420.0287759764957,286.73916562773843,339.54177156523093,352.6690108810363,494.17893006458706,321.4448575353712,632.4777090338947,356.5879174367816,439.54926462976647,340.9984888924164
1610555638.39J2ZWBLuLTHP0jOlzB4tNHmYeijH5g5YJ,412.53779240348894,526.4255378914079,392.3045582860676,486.05085844166996,299.9136440064509,467.8009893166164,389.4602698293808,453.9997587905849,381.07583296332893,726.2415422844272,493.9146769403214,531.1416164504705,566.3062263620985,396.4041689915113,441.9617015126188,541.2854739509738,495.2569383403663,503.6832854835001,425.59811453272664,544.1558527404983,513.634033282614,471.1991940739017,300.4413484894276,430.8942800176904,521.1906482229771,465.9534432132747,0.0,532.0567749170822,546.9562008602699,412.9868230725024,438.90672158441936,430.84897617816665,594.3332500272974,578.0043534342057,505.7998107724698,494.95365038434363,494.9749166778678,538.9302181402464,559.7552175852463,503.6056260149335,468.9670542208861,491.02306391845747,427.3184827986034,522.3479343326061,520.5943229752645,530.5102603494422,497.1111023485687,524.5850229385037,702.9381414661618,442.6385339188492,559.1615859922792,413.8111587970841,572.27042504106,496.2205161488148,469.28039039429524,386.6959111718753,503.9564977712353,551.1375513748894,555.1828477954075,440.3834330886046,496.51977573093615,498.9392887602676,545.1933563033306,472.42271901733005,646.0616117622515,491.72321483199806,511.9091274303749,503.53401822504935
1610556032.17Q6yCDx9g7alRnL9jBFXD2JhhUyB2hKfJ,579.3325254043494,289.17298806654316,525.6840742217037,235.01748629088246,460.723000782079,310.10916397061413,380.87123578981715,588.3190434943469,504.5758447689865,610.7657267981576,234.3917597536435,219.2426465748486,379.98283314906683,480.81902247111327,307.3546486585096,267.090577863517,239.6149775350328,252.05582695803255,335.0039355017494,400.78156313233967,220.40080429586456,266.0970092889159,409.22066750013096,565.3533772074319,275.17364971200607,377.6852796127696,532.0567749170822,0.0,277.2247882872477,395.94372388367054,498.42559951245084,379.13189087863486,432.558074675442,279.8156064245917,249.72811139225746,240.05368508306634,388.86342563673117,313.8607550150453,279.4480964936516,345.60482846703775,262.9081538862068,203.6801857025848,305.8948541391057,186.5737848576667,245.9941401638822,233.84739692123853,342.7492386419379,419.7780490681465,572.3799487079298,332.2183875707914,237.32894249797573,394.9984473135538,307.73580715374754,305.49265016223745,405.7293366037755,340.64384346146045,256.7547645173029,202.18374802775963,288.39154365928596,300.74389733229765,214.59809258634857,273.30823367371687,281.7539511255075,239.86242603836797,469.7055210346491,265.9339859627474,348.8126349590477,217.68155808460818
