,1610555604.25mOvVXuL01OCiReyVWBfesjuvXmB3MoPy,1610555605.43B6oDsBtWRQ29Q9UMQuTUEPZy3FSSWXzc,1610555610.92HPGJJSmyPM40z7otPBgHalNrHFA7zk5d,1610555606.68LaSQbm9EHAFycEfFtEqAwYqlBsQPjIRW,1610555617.19EKxMEwDHfXiEJZc27TsGoERaD6Da4BZU,1610555722.52PJ3FD50MGhRXyUD28vluU8Z9UjLJLZn4,1610555617.52Ijr5puT55g9apK8auM7zaxa3NANg502t,1610555638.77ZLjTLkz4jYJdFMI2wWBztzsDILkoOtAk,1610556912.46C7tJPLF0XfNnm8f1820X9aLmXMHoc0Dw,1610555617.51LjzIROg0aeCP2GhDcAVQ0LipKJB9jmKc,1610555608.17OpjjHobqRkX0UPcaXrbu7K6L3805SZri,1610555721.82zWeNZfGUUfRJkgnAwlP8VMhPzXctnSd4,1610555735.75bom85BDF0C7W2eIseHeMxi24qR68nzMi,1610555735.77NnT5xqKnwcf2BbjIekeb2arTQj6QMNwk,1610555638.33wjf1PhdNaoWfbRzXVn50hmFyB5bYAiLV,1610555606.65jCE4ig8Pu8kvAzkxnSGfWsV0nQBjCf8H,1610555608.18ONsBCVo1i7BrX0XG9stct4oiA6ejX9Oz,1610555721.51RNoQUMP19FTMS79BmA3JkgSm2IC2AQuQ,1610555971.86O0cHB2ibBJ8jxoObg01EpGe8VVV5mpwn,1610556911.51zU3duZSGpcw1BDNsBLxdOCITAXwl6z3i,1610555988.71dMoYT8250UHHJGxgmITTmbHe7V6gH1yU,1610556042.81mlUZsSp7gbGjrp8jQSnybT1gPy6e62o1,1610555637.02UBW5nKvDyUrKnaWcYRGajZPxTRDS0q3N,1610555619.13oUYNikU4facCTpUSiSLr0vPI0tJLnXiT,1610555721.03nzkucfjAUh31zTbmCVvTVYqtjoxZFnBh,1610555722.67fhKURdXVzRbLIjXmjRwdJHTnE7PWb1AE,1610555638.39J2ZWBLuLTHP0jOlzB4tNHmYeijH5g5YJ,1610556032.17Q6yCDx9g7alRnL9jBFXD2JhhUyB2hKfJ,1610557007.49MyVgDnuUuBxrvL6SGOdhKf69VYlW1MSm,1610555638.44hjT5hbYdKoE3MB6hijrjqbjmLgvCUYKD,1610555608.13zUvmFSCRt6SsLbhqFznMEvGx54GPGQzM,1610556038.62a5C4ynd1AARyAhTv8a58NCqHvXRjscqH,1610555644.45Xse8u7pusHNsd7F3d0A32HXvXr6weOJE,1610556038.62gKXOCG7XCn55eJvyl5voNjbwOW0znQDq,1610555987.13v0oleKK97pkesp6oMgprH8SoSdoDVdIO,1610556964.96ZLLeiQW0qpmxhPGTg7K03fmzkqsC2bjC,1610555987.13VQlEedQ50VvkPMEMzZDv3KNnQCewykN9,1610555982.186TY6MMGkDecIN1woW6vsfAMXVV7jnyjO,1610555982.673LuMndkwkvdmZOn0MmE2Pkidx0FtNalb,1610555733.38zItcuH7gHNfKdALR2d9Nek6bxCyw36Vm,1610556034.15BQxSbZINGCay0yp6RBVlgcPrw76Yn9ON,1610555639.37BPZpgtGml8qUsh9AdV4m32jPLfI2aNFq,1610556965.57S0adAalhWYe6K3bkZU0bRHbqnDK8gGkR,1610555983.54zteLPCMjyrjzPdhHhlZr3faCgD0TfYr3,1610555987.79rHnNRmt9a0ufmnwCvZqBouyUoZDNpylW,1610556960.041xWER61rmArlsKfiMl4frikWmUCnQ7op,1610556035.13a7NHZDutfTMJ88qle1gTYY59Dr4WmMsj,1610556890.456ZBDaY16bMtrTZTqAgHl3wq1tRxzqDow,1610555760.24e6890pkbyZ97Or6croI1rQgjkSsR0yVt,1610556043.02YpWMIJg3W004iqlPyv8OcVAZdSC5rNYw,1610555987.03z05P26TLtONYM1HSzupoc2CeNMa6HTqr,1610556032.15OYCzUxpsz7b10AXBAuDXrvEcvxFhf0M7,1610556032.63Z80yI9pNwS3jSmsDABbuhf8wkNa2Ze9y,1610555736.28eGuESasTXdR3SqY6pHhEXWZtcdciYLCO,1610556034.61bebeZA0MkaFG2sm3VKiqrxeqQginTTW0,1610556944.5XwXOphKYT3ZkWA8gViqOS97VHVuMVUqb,1610556944.745UVLFBzf7fPh4UH37I6tYQOFPqRDytEh,1610556034.63XsUwaFaPZevO1JNFjfhvY4aKNFnV4noV,1610556964.89xwBHw9faT1HjQRMNQEyA4qJ3hWkwgj3k,1610556966.74DydzH91jtyvRyYau47JpVkZoMRSNTt01,1610555740.77UueVziDbaXyRR4OcVJIIZyzOfAzN51bj,1610556046.84e3vwjyRCzqz0wJQhrk8zsxlFfFSv98Df,1610556137.99eoPuVrDThKAOvmeprLPb2FWRqIhzUodc,1610555740.73XFwSrmTXJPlaxGZSefh0jOVA8PI3III1,1610556123.88AOfNaz9jSnqU5Czc7okOv1RCrYfKFBTo,1610556046.85nB7NvyoYQeLcOV391Lmmut1wAM8CFGLw,1610556123.89H4pdIAzDthI7bMXMhlIhKUYIQIvtmPPQ,1610555740.87GOYQUJKpkynIS2lFqppYK4b32ol7NeGh
1610555604.25mOvVXuL01OCiReyVWBfesjuvXmB3MoPy,0.0,64.38353536173712,35.04744079825815,61.58577322023062,51.06707841495287,63.24123230802042,59.17788952055686,45.67209993057987,47.32744049190992,57.1587846361274,67.10485912152815,75.11999442718734,62.1047620850019,54.96640120307636,77.67072884841232,64.6625017818538,71.19302271840502,68.37199374436463,54.821629717628646,59.71643977511546,76.17232379416336,79.49490561637171,56.461227904303485,42.156967093242564,66.0076954119954,67.32547568667883,52.86374506621788,71.04813310748362,64.57106710396698,54.461066595156176,70.17178849166388,62.94924348208728,57.95740321806031,66.03966136880055,62.32169960474512,59.95896884980025,68.8385881409798,59.88408336423151,63.25044093033632,66.37812326473487,64.42488284187836,67.24847695055877,63.454252534085484,60.022820195109006,70.82926133271499,72.83679693767711,56.953203000183045,54.173820592109756,62.02381112552359,67.75783845632243,62.440699896231266,70.86018978912105,80.18196995758494,68.61853993399612,64.69124474785747,59.28790835303656,61.23265544018828,74.5145855761449,61.17231391215267,62.7823683465166,68.34491548657176,77.60143787087867,67.16173137792345,70.25271892163732,56.9248560923432,83.64406447435923,69.37293233832047,69.11488555521946
1610555605.43B6oDsBtWRQ29Q9UMQuTUEPZy3FSSWXzc,64.38353536173712,0.0,63.996670183776544,54.15832750853763,64.03682599637438,68.0967826959734,66.25806767969472,71.16391043792709,66.62702964804608,61.01502751131073,60.97571694117153,76.66236682782501,55.991555603311106,70.24720765972555,65.13241860698564,56.5875335663834,65.39933296176848,42.20396702390392,62.913373443403884,64.06060984982989,75.88771806133063,74.08514219496357,65.95615928193864,69.20929541949245,65.89664449208064,73.1914506559541,63.50147966964961,70.55539888777524,60.346585003563256,63.36120437593159,63.83061463771804,72.65151817793814,56.784936307578995,66.24276407711938,61.8906255321018,56.14213612241562,70.12238727902552,53.98429399872144,50.903158758711484,66.75693030969502,61.30205222811331,60.5664272388364,61.69788551963285,56.63437452927554,49.166026674866046,58.49243628995781,59.174665312610095,61.13961555651623,64.52599941545927,69.45382432090581,64.34733299964363,73.39301128857277,78.38062210461032,61.89311055393733,65.4197741612499,60.29716946301809,62.34766978002438,73.34238818686364,63.97821765860208,63.697395420380865,58.35360914262243,72.55553466975388,61.13231002124994,61.555024261684345,58.95487444217756,77.21942380667547,71.17524011732873,61.62650877109847
1610555610.92HPGJJSmyPM40z7otPBgHalNrHFA7zk5d,35.04744079825815,63.996670183776544,0.0,61.194570244516854,52.47216678327357,61.95521387654336,57.10718727713188,31.580414917155196,48.17177700582814,57.11512721364587,63.993169021484654,74.14137689832803,59.255846972158935,50.09244574854572,74.59635885967386,63.91256075825593,68.13170800938296,66.65958570850368,54.03791290610668,58.43173473828773,73.40158192407489,75.94959324912776,57.540814659371,26.464411791508986,66.37490278797378,65.15539875234236,52.08326162861686,69.85930897782588,64.09809918333208,55.43489315228227,69.21838034952263,61.477749569160935,57.100922743393404,64.27021541471547,61.94350163501301,58.975839503338165,66.48369514200267,58.83631685576998,63.74563344411548,63.47013329222446,62.73467165839802,64.40366978166922,60.71656617260411,59.63540059154306,69.9700693780584,70.19336456916221,55.481820144164246,53.30787763637859,61.801862518096264,66.24835731270025,60.85193115345376,68.19247301154459,78.43596197904102,67.61870894717427,62.61097825289515,57.40721203921515,60.53763595311941,72.05299759006456,58.73993302054181,59.755655462501764,66.40030881559728,75.67601371893554,65.07150923911345,67.1571229983911,55.599552326996715,79.88322589686206,68.21943075984738,66.51502481236332
1610555606.68LaSQbm9EHAFycEfFtEqAwYqlBsQPjIRW,61.58577322023062,54.15832750853763,61.194570244516854,0.0,58.500182813854764,56.37315774466754,66.99524905382799,69.12930416718055,62.436992844135126,58.009126868607545,54.60453706798803,66.33924907186673,61.068639220548825,68.31852201440438,68.81021323712245,42.396934741310965,65.31448331805575,55.606646026106574,51.23967326598608,55.10937770990404,64.21294582458236,75.03661875675989,57.12505471744151,66.89840017716605,57.89220728710909,64.94012629966286,58.294794329941006,56.54994169427514,47.087828699059955,57.417563369743746,63.54953849189788,71.52715158776196,56.62520851286852,61.080841813585934,39.884738534122604,40.16965267794491,61.372560174303494,48.08882711721532,50.69158144417491,60.04284525073859,47.43409062923343,59.2114257625535,53.554919869530615,43.600372432821054,52.890231296343316,55.053546150951554,51.37395329762696,49.087871875178806,63.88014822627574,66.11625221709124,49.512944683178645,67.67179035852325,78.41505077259856,66.6267129753005,56.11786036731619,52.573922455046876,51.8514743381558,61.98932056769695,52.52732117133122,57.09092385459426,57.50610952457004,73.85447371041742,63.09950630910482,62.58763081270156,56.32901295341002,78.92769474653409,66.34786950263583,58.273351945803704
1610555617.19EKxMEwDHfXiEJZc27TsGoERaD6Da4BZU,51.06707841495287,64.03682599637438,52.47216678327357,58.500182813854764,0.0,54.23927777536854,57.29401593944496,61.136544509676924,44.52708366064399,55.9966595322511,64.11454870397618,71.83567003858107,62.37869405568758,59.732519357995194,72.4935282246328,61.75847579087346,68.63755337469676,64.350195657409,49.50468324827688,54.05143679472337,71.71259605937354,75.05076891118205,41.85194118925808,58.80920036655594,60.9855431554023,61.48830735245444,46.46345750338719,65.70608436818786,60.95084536567371,53.99011069964649,68.30216854246132,62.65118248334338,56.7709707037011,60.25127605130045,56.521223114891505,55.24120106536787,61.460622070657,55.50816170565293,60.76049033088381,61.877615218339336,58.266508007830545,62.41818289836727,56.6655345116182,54.49973643176818,66.64478661194164,69.08306187246392,52.67911787323228,51.403230531630776,60.01320801671232,62.24194105429807,57.79160672637337,67.3937052080524,77.30492933691319,66.26005654310319,63.335217628498114,49.394349915200706,54.098501012105544,69.72427813883603,56.96941311231218,54.59170846341025,63.83762081765905,74.28226816348818,64.5372620793788,65.4341225841832,53.391787927242085,80.3745248702581,65.1179804445973,63.846082560926455
1610555722.52PJ3FD50MGhRXyUD28vluU8Z9UjLJLZn4,63.24123230802042,68.0967826959734,61.95521387654336,56.37315774466754,54.23927777536854,0.0,67.37532436955044,69.50387302376483,56.60055913482238,62.14909923265073,61.83613413598748,74.65889275449754,64.925899790105,68.52805235641732,73.41566705726986,65.2534925717262,69.41059684647666,66.47452695871348,41.203843160045146,59.7378033268789,68.57556751692346,75.49827533813864,53.06449100245789,67.29074640015993,65.50630217654285,44.27573694414989,57.22646566250964,64.31284429642776,58.49980822856046,62.63310083388185,73.07316430778378,66.91851874578099,60.90032412136562,58.92745137978682,58.33041544066953,56.9053575879512,66.8666749065519,56.81829911829187,63.92445327681948,62.67423460656572,59.96984078553486,62.772901982480796,58.29616951819057,56.25149769785417,69.70248658976438,63.892617604247235,55.93127927829811,54.77388937290914,67.6222113959507,64.44849758637072,56.98290629674384,71.06334203700531,78.9680127061717,69.42124430358231,68.45664307608426,52.36609744933062,58.96874684991963,69.5053960871028,57.28545348212606,58.12570668468339,64.12538198792507,77.8822465177339,67.11460182920818,66.21147904150298,61.26791213095609,80.56246141029807,65.60109898973484,63.33416334215661
1610555617.52Ijr5puT55g9apK8auM7zaxa3NANg502t,59.17788952055686,66.25806767969472,57.10718727713188,66.99524905382799,57.29401593944496,67.37532436955044,0.0,65.08777047395617,59.056272736178975,64.37242304944573,67.8811506035677,80.30800695501073,66.91026948988268,48.408437903728434,76.36550753288813,70.2730713512107,70.99937074980792,68.78776689288344,62.340331043580356,65.83868039190898,78.64234635025336,79.90828774344743,62.700132842062466,63.58840870499791,69.71877912959896,69.37339202170348,63.559473720683506,76.57928271094394,67.96115611904374,50.42135899934292,74.04143740604717,67.18416537862196,63.48729717136333,70.06273042473578,67.80131156565298,64.4702672754693,73.86666316399169,63.779732887725025,65.75636359190376,70.81748463500061,69.03479662122017,68.19907875867136,67.30537471904401,63.863585593639996,71.46679478182863,72.69557341428997,64.1032469368893,60.307776821976034,68.67144750631695,71.58544950438254,68.20817303368848,73.11868403774555,82.77431479615413,69.62053202080091,68.38398515134809,63.463754092981596,65.87939728895478,72.67368257644183,66.32854194971814,60.888714898915104,69.4610080940566,80.28610707143302,70.57066034757229,69.9567812596823,62.990325981642016,85.00416646188769,73.57698152992066,70.43190196638525
1610555638.77ZLjTLkz4jYJdFMI2wWBztzsDILkoOtAk,45.67209993057987,71.16391043792709,31.580414917155196,69.12930416718055,61.136544509676924,69.50387302376483,65.08777047395617,0.0,56.411645839258505,65.48710989139381,71.3122950366993,82.23750326539556,67.9346984027555,52.37700823489022,81.0333372068731,71.4594964272946,75.6963061623028,74.44632801822553,62.6762355700175,67.31972312973889,81.82414866065503,82.25461454511243,65.24122340038564,15.440968907301,74.39703295652805,72.53957106825045,61.68799155039141,77.63548873836045,71.70949302152131,63.45185167913461,75.76572898648966,67.77255586542478,65.98069969591299,71.88949789211385,69.8486300408276,67.45918543251854,73.46357074673845,67.46855054878202,71.70497111443741,71.33388843367248,70.84116479090443,72.05897717555695,68.64403149492878,68.38863864000083,77.44177695976914,77.9344710485874,63.80055459013102,62.604854814654566,69.54233499233159,73.802955061563,68.3209354695478,74.82145036048463,84.8040820171054,74.78766944712262,70.47333541336826,65.84305004595008,68.6293367779457,79.61467617921053,66.19959309044442,68.3116172315723,74.23069287679763,81.4916351812942,73.13195818006852,74.83907970138014,64.41086003090089,85.61803736595971,75.61631446648171,74.59227874832682
1610556912.46C7tJPLF0XfNnm8f1820X9aLmXMHoc0Dw,47.32744049190992,66.62702964804608,48.17177700582814,62.436992844135126,44.52708366064399,56.60055913482238,59.056272736178975,56.411645839258505,0.0,60.71504145475995,64.24560390731045,70.30480054988712,63.842184380357786,56.73914726205645,73.13450695845945,66.02597754532165,69.20783414026494,65.53238444145893,45.767904438887925,60.27210279048322,68.31519608246424,73.84785367854116,56.76314545947947,53.78990227251463,64.88246286812391,59.73562045534562,51.173104993672624,64.9838467842974,63.78918557549126,57.27515179865533,72.4732176336433,63.7174072352042,60.53079837666147,65.73426557742208,60.86669703559257,60.05425808419531,65.80058642073917,61.54553033929455,64.43822641988231,59.739715774248324,62.222657112461235,63.47328043100102,59.17756045266489,58.65904700189758,70.99112237732565,68.9451672576961,55.58108574507642,54.67592743043048,65.51257865007946,64.33268408544066,57.63474641001564,66.22721755319779,79.75718984990789,69.16087499014924,65.67518450666094,54.8415582569741,55.826564843067096,71.07594717327625,57.63866913731668,54.61792523274317,65.41923200915063,76.61508735166476,68.39100098923265,67.12049473630492,59.19444664345286,76.62993659744645,65.9675207694771,63.773737100235316
1610555617.51LjzIROg0aeCP2GhDcAVQ0LipKJB9jmKc,57.1587846361274,61.01502751131073,57.11512721364587,58.009126868607545,55.9966595322511,62.14909923265073,64.37242304944573,65.48710989139381,60.71504145475995,0.0,65.6243296965261,73.7819754740477,51.06089990671808,65.99998260570057,75.04480906275396,60.03507254538829,70.21052590757103,66.93632395411608,58.20098237971876,52.52974847114854,73.23886121218096,78.05588460067648,57.242900996526934,63.34241432780864,62.08067153053127,68.72796568723949,56.332170868265486,68.15668864810998,58.156969199707305,59.81333339176098,66.28403190812217,70.13731343533053,35.609674636608915,61.23087470122771,58.417334922876655,55.91998022332232,65.76357550530318,52.80163143586545,57.26945352839666,61.967470831365496,60.3922388493026,64.87501017393747,59.3001235144326,56.95556529585688,67.09925581329873,68.47574859364246,53.65966072962699,50.1391852491749,43.65034304816986,65.20380302200027,59.5654206286954,69.59429831992276,74.67435355525188,67.70112829790939,61.04543222268207,59.58206123257474,61.53766078374624,70.95834652422678,57.77669833069079,62.877065228218065,64.76182237069835,76.42931645770052,56.668822835118135,67.68341498129499,44.13334173834849,82.8020868423145,65.31128035683757,65.06951044289082
1610555608.17OpjjHobqRkX0UPcaXrbu7K6L3805SZri,67.10485912152815,60.97571694117153,63.993169021484654,54.60453706798803,64.11454870397618,61.83613413598748,67.8811506035677,71.3122950366993,64.24560390731045,65.6243296965261,0.0,76.91549288452912,63.15318074663155,68.37032611178272,67.25321465977643,62.65056471146834,34.2470393888223,56.353371417644816,61.59996644897558,63.51921348707146,67.55710465014981,67.09188502661205,65.10478093496398,69.42183143630407,68.81842307393192,57.41206405653348,61.96284224559483,68.39662515305183,60.69435122344192,65.11814617081143,67.90231794790253,72.0452861540035,62.9452461986076,67.27827846826604,60.35974801855464,54.059011071681695,64.69332560673767,59.81730860476714,63.66312082455225,63.81423414469784,59.508149097559745,51.81685700605818,57.248055739268004,60.21807014726276,59.89296241824169,47.027113432768815,57.39239574949557,59.04169947641645,67.63065265531763,68.78485398000049,59.6719800072513,70.71293648316595,78.8477594901663,63.744740849299255,62.43806874780715,60.35802768658243,57.10654601515305,69.95610176829398,58.03818238007971,60.3797470275946,57.84786068022752,67.93491413943794,63.98508185340746,54.92708703720336,61.264387688041,69.40864736417615,69.10644070166585,58.19692254813475
1610555721.82zWeNZfGUUfRJkgnAwlP8VMhPzXctnSd4,75.11999442718734,76.66236682782501,74.14137689832803,66.33924907186673,71.83567003858107,74.65889275449754,80.30800695501073,82.23750326539556,70.30480054988712,73.7819754740477,76.91549288452912,0.0,75.50139500555078,82.14515732235442,82.77360807497233,74.25304632177769,82.34707348281243,76.71071014424177,68.28351145245398,67.64760212261285,45.99681655802091,84.61653848158588,75.88026803287714,79.54360450012196,58.210823423533846,79.84060111019903,71.57180438647758,44.420160643340004,63.810697963603275,74.79643109911788,84.83844718643137,85.5541642600297,71.64131519185935,78.26186210672299,57.94946828369341,65.53066555775723,79.74690134448149,71.87194030143698,66.18215818684934,74.43546215242125,69.81270648094821,73.94328023277195,71.96966311852763,61.30045122013352,80.05399395695254,78.11178972985041,69.00864031026605,63.89364411386256,78.00922469871603,75.56315037233657,66.57841489495003,82.1854170143992,93.35578283352484,81.7378524409744,77.923542685624,71.61160054920506,73.96882673685614,76.32962830673382,72.1444130166425,72.61270946052724,76.2580096518137,85.32459632450983,77.70350615957909,78.48531831782711,71.87273421926874,86.59317846096873,75.48570500041525,76.89794914539213
1610555735.75bom85BDF0C7W2eIseHeMxi24qR68nzMi,62.1047620850019,55.991555603311106,59.255846972158935,61.068639220548825,62.37869405568758,64.925899790105,66.91026948988268,67.9346984027555,63.842184380357786,51.06089990671808,63.15318074663155,75.50139500555078,0.0,67.99081255968298,72.95055484584455,63.309123882056,66.20827183372684,62.70377162130057,61.29610689561849,58.75166901684756,73.44179273057516,76.4386256611361,64.3076249976364,66.07309528452315,67.38749362005753,70.04767160300312,60.279322932446526,70.958808975996,62.145147792205215,63.100994150028896,68.00468429585678,70.4634214121029,39.44221634734159,65.02973922772517,64.07811123660264,59.87916931976318,69.27831304595136,56.72904108365271,59.83561964625934,64.26601225261224,63.59516510248693,62.95922618598709,61.165622223743696,60.28592727363834,65.7214133129959,65.91167583666659,57.420637424597565,57.420253873084675,58.02290440969531,62.76479232599639,64.1689360232483,72.90102637175181,76.82432066800517,65.8204259958179,65.88826255412778,60.99212796232774,64.58270553733495,72.97301980148147,62.596827358260256,65.91087727346499,63.574568427851666,74.18568948056813,55.24549528617399,66.31964418540575,53.63924550568442,79.61042792827693,64.75915401045863,65.87037831612234
1610555735.77NnT5xqKnwcf2BbjIekeb2arTQj6QMNwk,54.96640120307636,70.24720765972555,50.09244574854572,68.31852201440438,59.732519357995194,68.52805235641732,48.408437903728434,52.37700823489022,56.73914726205645,65.99998260570057,68.37032611178272,82.14515732235442,67.99081255968298,0.0,79.64399058123699,71.851347252695,72.6517251686483,71.78707296452748,62.99173264896771,67.94723295534344,80.76650307588389,81.12668559008986,64.67270726162698,51.34179704212462,72.662904614781,69.68537939864754,63.28533448212219,77.47346510505425,70.54231507007272,57.008453405542085,74.65936528851141,69.24435302925518,66.12537627146335,71.00388981315855,69.41853918490018,66.93313755578846,73.24640618611444,66.6177962010124,70.32118043582112,71.3039539770179,68.82610195044272,70.08373810789435,68.16233356265474,67.27275722212539,75.6380870913018,74.85913041704787,64.53199865831525,62.08684138689814,70.01896365056422,72.82273900007915,68.83973832011407,72.48463747283238,84.1508685801046,72.42290084048412,69.69651953192016,65.5354778766438,66.84223084069563,76.71089176292656,65.71404666361387,65.63459879193321,72.43110441911043,81.34921401006748,72.67246819084278,72.20722267565924,64.46386522259333,85.54181857656526,75.30947053813084,73.06762034167248
1610555638.33wjf1PhdNaoWfbRzXVn50hmFyB5bYAiLV,77.67072884841232,65.13241860698564,74.59635885967386,68.81021323712245,72.4935282246328,73.41566705726986,76.36550753288813,81.0333372068731,73.13450695845945,75.04480906275396,67.25321465977643,82.77360807497233,72.95055484584455,79.64399058123699,0.0,72.30740143607007,72.34777150840111,58.45945191060709,70.79876123677631,73.21275565872914,77.0427100550761,52.350875247298035,76.56165264128136,79.06743618711724,77.73032705201267,76.04695435545379,71.74597732238101,76.16275763945477,71.24249555149125,76.45373495937743,79.09653587771255,82.37500246607031,72.81094779790699,78.93846920980648,70.59059625639755,62.29090178449956,76.8310510769916,71.43605079446561,72.23906248089058,62.37940364371555,70.20906872016788,51.079226320128356,57.88699820006906,69.90943871433932,62.203260702761824,64.11678296465651,68.08113366945175,70.58083673321698,79.05782496253603,73.46056730389085,69.86572767540903,80.92924039252215,83.19809738411219,64.2010941719651,75.65874597330694,70.30748984145191,68.37645555829492,81.17509365660587,70.09189112649672,66.07955499165143,52.58060739146845,62.59754750873226,73.59246914946709,50.252063618365256,72.0558196909908,54.7571441554658,74.66564069228704,58.048411130339886
1610555606.65jCE4ig8Pu8kvAzkxnSGfWsV0nQBjCf8H,64.6625017818538,56.5875335663834,63.91256075825593,42.396934741310965,61.75847579087346,65.2534925717262,70.2730713512107,71.4594964272946,66.02597754532165,60.03507254538829,62.65056471146834,74.25304632177769,63.309123882056,71.851347252695,72.30740143607007,0.0,68.75706863729462,60.11263364509627,59.265082768693254,56.43763687694512,73.58057645563136,78.58725636202581,62.03388393294983,69.29669718946403,62.53124493244234,72.51172522366615,61.20149393747386,67.66316126031379,54.30300937995918,61.50521237613126,59.11892341616925,76.81286574746038,59.41722685491146,62.36589604903153,44.62252087865758,39.7808034854504,60.19163887907308,44.555114785173586,54.09848815619455,61.97704093875396,52.047305308734906,64.6115257097531,57.003901793929415,50.769569613608994,52.268008831440476,64.09322898410481,49.569227272318194,52.71789439566192,65.16947759811953,69.75076593863197,48.68906068758821,67.38725438250017,79.35949453462212,68.64419853665042,49.95446578884884,57.358478424625936,58.36787566860608,63.24061447696082,53.159388683548464,63.370661042972046,62.071072771595176,74.85125876907878,62.886201596792255,66.56928247914414,57.84391559116779,81.63454257691983,70.3895876018278,62.14919989584495
1610555608.18ONsBCVo1i7BrX0XG9stct4oiA6ejX9Oz,71.19302271840502,65.39933296176848,68.13170800938296,65.31448331805575,68.63755337469676,69.41059684647666,70.99937074980792,75.6963061623028,69.20783414026494,70.21052590757103,34.2470393888223,82.34707348281243,66.20827183372684,72.6517251686483,72.34777150840111,68.75706863729462,0.0,61.26368329245587,67.8062631910078,69.05704210305468,74.8469003636781,72.72530904589108,70.12181592138647,73.94480778771572,74.30519266507682,64.97893395591184,66.4324701023797,75.54786269233448,69.15755858820312,69.7570137123264,72.37576082574199,75.19337922978383,67.3610213631328,72.27888299758517,68.88214272520543,61.996912239185626,71.304348439838,65.32475974561667,68.9196554944785,69.85875697589138,65.19993873129035,57.74918698962853,63.92163370335301,66.67606564968702,65.52577550185391,59.91899958707764,63.22420511637041,65.06347624434035,71.2218497421597,72.58682092373718,66.89647555339207,75.69214258282317,82.11500854382544,68.17080977795797,67.70273972620514,65.15435757518357,63.787142948625686,76.23171765158516,64.80673103373272,66.08099919722333,63.050802689580124,71.59675869403758,66.8062389964006,60.069003010224726,65.5727497981033,74.1846919551785,73.63182356772828,63.888551495416365
1610555721.51RNoQUMP19FTMS79BmA3JkgSm2IC2AQuQ,68.37199374436463,42.20396702390392,66.65958570850368,55.606646026106574,64.350195657409,66.47452695871348,68.78776689288344,74.44632801822553,65.53238444145893,66.93632395411608,56.353371417644816,76.71071014424177,62.70377162130057,71.78707296452748,58.45945191060709,60.11263364509627,61.26368329245587,0.0,62.815252615142406,65.86782721041496,71.40171915695504,65.3865843603901,67.19880792874108,72.45097561438754,69.18510536046135,69.05822183433263,64.82458915848827,68.25153503336642,63.15043253216093,66.92434903860946,68.1732611263546,73.60163655424198,63.668369970380176,69.19588808123564,62.73150129548655,54.77019681886194,70.52845755264556,59.879420390214484,60.15385204641514,64.90226748976484,60.717195194639984,51.47994887940477,59.490304282116014,58.69695401937213,45.278829129397295,51.04876356873852,60.19441342520148,62.468834056192094,69.8817963023986,70.01284328780324,63.11785849604139,73.6974981123653,79.03040562874817,60.3204455420781,67.1419461295013,58.415223968530555,58.791281789502314,72.88346530088987,63.05778748293467,60.74249980958842,51.52734617515394,68.00200433560865,66.41930043101691,51.44617223320668,63.61077080948011,67.65582148521806,71.0944816113037,56.082406557098984
1610555971.86O0cHB2ibBJ8jxoObg01EpGe8VVV5mpwn,54.821629717628646,62.913373443403884,54.03791290610668,51.23967326598608,49.50468324827688,41.203843160045146,62.340331043580356,62.6762355700175,45.767904438887925,58.20098237971876,61.59996644897558,68.28351145245398,61.29610689561849,62.99173264896771,70.79876123677631,59.265082768693254,67.8062631910078,62.815252615142406,0.0,57.81140464461123,65.36295351002478,73.44507129740394,54.28367985330058,59.784865169479836,60.32611409374283,56.5729612364165,52.009542215637914,58.32750916640562,55.347160008518316,55.323108119229715,68.26977847555537,65.28140241316635,57.35105997329757,59.60901385439423,53.533754863632254,53.296022899016116,64.05133315126771,54.89595745294456,59.008782859213866,57.17954548565473,54.64807282331879,61.63050670122443,55.72325848129352,50.8089718042786,66.53281036243101,63.33224428256583,52.2842718366138,48.068699607299834,63.926764812249225,61.51876809681307,51.702489915441156,64.88167936152851,76.59237505906752,67.68126192847546,62.68557078569741,48.46843213341909,54.071699740226805,67.72709914895131,52.69018805339799,53.213223424921324,61.27636416545674,76.11293996317234,65.01660652470075,64.54688639788142,57.14951606957624,78.12796530134291,62.196000483384985,59.48177547401299
1610556911.51zU3duZSGpcw1BDNsBLxdOCITAXwl6z3i,59.71643977511546,64.06060984982989,58.43173473828773,55.10937770990404,54.05143679472337,59.7378033268789,65.83868039190898,67.31972312973889,60.27210279048322,52.52974847114854,63.51921348707146,67.64760212261285,58.75166901684756,67.94723295534344,73.21275565872914,56.43763687694512,69.05704210305468,65.86782721041496,57.81140464461123,0.0,67.30445902529154,76.49720413583962,55.50963707643398,65.34246675322356,60.97171553698636,67.24511253493087,53.946588728199735,61.84102310274241,57.55341876271303,60.84349519771987,67.53892632830608,71.22843125476052,51.44862177928684,57.454033083281836,51.717882075226825,50.702366562617016,59.19523364258716,48.52624700411775,59.97225778146875,61.78976466417041,57.59568233408417,62.36601211674737,55.566773569286674,52.242422952681174,65.31804123126274,68.13548360514861,49.992984710989056,49.4901446245745,57.49654199928919,63.14735527465803,52.921140802015245,69.31032278277934,78.21722352179145,65.32665979821243,59.17827799725784,57.1031718774163,59.077719108147214,64.84197867692517,54.25752428691105,60.50180454330079,63.45163679659328,72.81614306579102,56.84021768641401,65.78724550147732,48.86893177249916,80.19997648541707,62.849575423504476,63.98403530144927
1610555988.71dMoYT8250UHHJGxgmITTmbHe7V6gH1yU,76.17232379416336,75.88771806133063,73.40158192407489,64.21294582458236,71.71259605937354,68.57556751692346,78.64234635025336,81.82414866065503,68.31519608246424,73.23886121218096,67.55710465014981,45.99681655802091,73.44179273057516,80.76650307588389,77.0427100550761,73.58057645563136,74.8469003636781,71.40171915695504,65.36295351002478,67.30445902529154,0.0,78.40902192811143,74.59971566055842,79.3176357559637,63.25284265894905,71.78180208608295,70.23830228146151,47.118027593405145,60.93277771432856,74.43146340869436,82.14270918089929,84.3193800700789,70.0071832518451,76.38309290352878,57.40226214682197,61.28730262364282,75.76816391899476,70.571625722494,68.32746384597456,68.8869440271553,67.56543337374218,64.71469608582865,65.16437366906844,62.06711370881035,75.84574622516729,68.75816040966203,65.96660895705342,61.408201058589405,77.42841301327276,72.03917545470195,62.87414240554575,79.71366635456168,89.1494504913933,78.09950497010789,75.13857403538638,69.1667460869548,69.1367598744845,71.27466429829231,68.09757990425108,68.29667742580415,68.14047260877568,82.03832790153535,75.00809405287951,70.23898253468435,70.93316031152112,78.84055774209745,69.96899260820541,69.24314535133786
1610556042.81mlUZsSp7gbGjrp8jQSnybT1gPy6e62o1,79.49490561637171,74.08514219496357,75.94959324912776,75.03661875675989,75.05076891118205,75.49827533813864,79.90828774344743,82.25461454511243,73.84785367854116,78.05588460067648,67.09188502661205,84.61653848158588,76.4386256611361,81.12668559008986,52.350875247298035,78.58725636202581,72.72530904589108,65.3865843603901,73.44507129740394,76.49720413583962,78.40902192811143,0.0,79.38373005721286,80.39250479988323,80.63824800437796,76.52346564959561,75.83357744547304,77.74141150678889,75.61945867875941,79.03757912097608,83.3109730441402,84.44237411761765,76.41570854442202,82.02490438439426,74.95232371106006,70.04664629714975,80.65058384400041,76.26459310597323,77.66275493143861,66.0177821112447,74.42989845809058,56.8171652469506,64.6117692067382,73.53100962839417,72.7659680782491,68.64650890728502,71.66591139243098,74.1925929855463,81.6581389154426,73.06880467364623,74.53627599191942,82.68728609201911,84.19248796618953,69.00339937247509,79.57432191099392,74.07229270699236,72.10553525983435,84.97951275661069,74.00393250843499,70.5221088431567,58.55940066896574,67.12278005461026,78.02056866199098,55.09578621797203,75.07412680863168,51.92378276197227,73.80149627866447,61.141579331173105
1610555637.02UBW5nKvDyUrKnaWcYRGajZPxTRDS0q3N,56.461227904303485,65.95615928193864,57.540814659371,57.12505471744151,41.85194118925808,53.06449100245789,62.700132842062466,65.24122340038564,56.76314545947947,57.242900996526934,65.10478093496398,75.88026803287714,64.3076249976364,64.67270726162698,76.56165264128136,62.03388393294983,70.12181592138647,67.19880792874108,54.28367985330058,55.50963707643398,74.59971566055842,79.38373005721286,0.0,63.13680989278279,64.29878428718784,63.123202582276065,49.41309820835133,68.7896035131647,61.59957577701004,54.10497805288884,68.13725395276218,61.28459709808443,56.87377016454351,54.27617045748946,58.09655959135262,56.36384808559837,63.48391627084545,50.65813844253154,62.546700286856776,65.44168229091508,58.16688389704002,65.85114908544922,58.45020665900742,54.177147090297595,68.09680997298405,70.09663289966944,53.72483247648228,52.06488420480535,61.69331105488045,64.86338858271563,58.7911748524209,69.00948053769561,78.7228065186242,68.55524628336403,62.99698161676721,46.054692630286716,56.62681682303314,70.04034215150074,57.33450442599043,56.91335752430338,66.47653482931939,77.56634695255391,64.53995568538602,68.74043748537272,54.97726055377432,84.65022578390469,68.62801101084422,66.2972524536188
1610555619.13oUYNikU4facCTpUSiSLr0vPI0tJLnXiT,42.156967093242564,69.20929541949245,26.464411791508986,66.89840017716605,58.80920036655594,67.29074640015993,63.58840870499791,15.440968907301,53.78990227251463,63.34241432780864,69.42183143630407,79.54360450012196,66.07309528452315,51.34179704212462,79.06743618711724,69.29669718946403,73.94480778771572,72.45097561438754,59.784865169479836,65.34246675322356,79.3176357559637,80.39250479988323,63.13680989278279,0.0,72.21689681885204,70.52662157138455,58.698483771981024,75.22000343311966,69.61417798582661,61.69745886810825,74.13133195309669,66.83797714110717,63.81706122145225,70.04331574045729,67.59195386036882,65.2375562187851,71.53957537084656,65.19041349776639,69.50860769254712,69.00613689564436,68.7115160542149,70.0850199562483,66.35115267103103,66.0615546573697,75.59778287758286,75.85261180581087,61.64390587139684,59.79874199035165,67.35341735629929,71.8738134233048,65.98384643235823,73.0362981148419,83.0136426099769,73.21031077292737,68.61072746965115,63.64796543241071,66.40002478464983,77.8557382667882,63.90957954629889,65.97322282239789,72.2583562379784,79.9702378973634,70.97042222000765,72.90441562990291,62.20331879958938,83.69291734975948,73.79053280999892,72.37928401992895
1610555721.03nzkucfjAUh31zTbmCVvTVYqtjoxZFnBh,66.0076954119954,65.89664449208064,66.37490278797378,57.89220728710909,60.9855431554023,65.50630217654285,69.71877912959896,74.39703295652805,64.88246286812391,62.08067153053127,68.81842307393192,58.210823423533846,67.38749362005753,72.662904614781,77.73032705201267,62.53124493244234,74.30519266507682,69.18510536046135,60.32611409374283,60.97171553698636,63.25284265894905,80.63824800437796,64.29878428718784,72.21689681885204,0.0,72.5837931323738,64.10743616958102,58.38440664617608,52.07763637183208,64.00321924158796,74.71225669857385,74.28398683264825,61.73130966505041,67.37611786967041,48.47130242816227,55.30896801768959,70.7688727153308,59.99696720671595,41.17070140528718,68.6971922120271,62.32544614711335,68.354138639656,64.51527975984582,51.720622978571484,68.14229747201642,69.88475406651047,61.10172606181639,53.04783977690066,66.608813892358,69.21554951772791,60.75775414192061,75.7685926686317,84.86714706620393,74.32659333356962,70.00709869710981,60.47249066678349,60.257272230850944,68.48345700888683,64.89926620806192,61.25442221270969,68.06702171414187,79.80194857648121,68.81330042532636,71.0302157648372,60.434138401475394,84.95212823768996,69.13875045824624,69.46291881999582
1610555722.67fhKURdXVzRbLIjXmjRwdJHTnE7PWb1AE,67.32547568667883,73.1914506559541,65.15539875234236,64.94012629966286,61.48830735245444,44.27573694414989,69.37339202170348,72.53957106825045,59.73562045534562,68.72796568723949,57.41206405653348,79.84060111019903,70.04767160300312,69.68537939864754,76.04695435545379,72.51172522366615,64.97893395591184,69.05822183433263,56.5729612364165,67.24511253493087,71.78180208608295,76.52346564959561,63.123202582276065,70.52662157138455,72.5837931323738,0.0,61.62407235876209,71.6382798676283,66.02164243277598,67.04716786961495,77.72048468044228,71.09883131085583,67.56827674279057,69.65349667045712,66.54184821462701,63.950184565480065,71.36362069070506,66.06910478811828,70.91092677147684,68.5141011701607,67.32259673419118,63.63010171315245,64.26278044212843,64.27977409868804,74.30053847981934,63.864364107309314,62.599620088424956,62.78742977032996,72.68153466041056,69.37369394606786,65.2651821748323,75.6628515419256,82.68920894394374,71.47570350498506,73.50465989408232,61.49352397338025,63.961300106687155,75.44541023468607,64.05012453057815,63.269023579503134,68.24159928125994,77.77782240039181,72.2038054904415,66.76149415142785,66.69497962322092,79.39193511556797,70.7840175881627,67.38343525889105
1610555638.39J2ZWBLuLTHP0jOlzB4tNHmYeijH5g5YJ,52.86374506621788,63.50147966964961,52.08326162861686,58.294794329941006,46.46345750338719,57.22646566250964,63.559473720683506,61.68799155039141,51.173104993672624,56.332170868265486,61.96284224559483,71.57180438647758,60.279322932446526,63.28533448212219,71.74597732238101,61.20149393747386,66.4324701023797,64.82458915848827,52.009542215637914,53.946588728199735,70.23830228146151,75.83357744547304,49.41309820835133,58.698483771981024,64.10743616958102,61.62407235876209,0.0,64.506974963913,61.518255034950556,58.81701239533892,65.73571399450415,68.06306140005577,54.4252030937993,61.549111616622376,58.21169830379951,54.90935616156918,60.18191689978836,54.43596346506557,61.76958451628166,59.34306526301362,56.856328136472875,61.688242875139174,53.77844904308968,54.22299082621746,67.86213934723423,67.69759731841802,49.23254503849601,48.17198059616909,57.706369950630645,57.28297113231414,56.26285971086199,64.71566788307594,75.73559778935662,66.76432079356611,60.84647813386423,52.508768566283464,58.754933648260064,71.06866603970283,55.72349770865173,57.064816879383436,63.07078378707705,73.86799076610798,58.10217030998171,64.84908521501738,49.07175777040497,78.94961107180785,61.727629525053125,61.72384495198175
1610556032.17Q6yCDx9g7alRnL9jBFXD2JhhUyB2hKfJ,71.04813310748362,70.55539888777524,69.85930897782588,56.54994169427514,65.70608436818786,64.31284429642776,76.57928271094394,77.63548873836045,64.9838467842974,68.15668864810998,68.39662515305183,44.420160643340004,70.958808975996,77.47346510505425,76.16275763945477,67.66316126031379,75.54786269233448,68.25153503336642,58.32750916640562,61.84102310274241,47.118027593405145,77.74141150678889,68.7896035131647,75.22000343311966,58.38440664617608,71.6382798676283,64.506974963913,0.0,58.94855774272021,69.84934734155857,79.41639226162744,80.10635014083803,66.48558825752977,69.27713726202187,53.02260900081218,57.28691467121069,71.09702380721059,64.57466958208907,63.0940625171938,66.18616901976382,58.74297201669547,63.96349277070617,61.98752383577207,54.59626685277352,71.97808323977868,68.43505358926042,61.422969409953744,57.48282575995209,71.56842609022974,68.56242160574753,54.213111254310604,75.88400921862244,87.03924778505449,74.90411180576916,72.21761516794022,63.85469983415411,63.665713522009284,67.07777105132688,60.63568926807868,64.04748433478109,65.92569923852453,77.98150988663083,71.06059152507125,68.6765841478577,64.4632416739916,78.47591524305118,68.18595690464925,66.0408773734433
1610557007.49MyVgDnuUuBxrvL6SGOdhKf69VYlW1MSm,64.57106710396698,60.346585003563256,64.09809918333208,47.087828699059955,60.95084536567371,58.49980822856046,67.96115611904374,71.70949302152131,63.78918557549126,58.156969199707305,60.69435122344192,63.810697963603275,62.145147792205215,70.54231507007272,71.24249555149125,54.30300937995918,69.15755858820312,63.15043253216093,55.347160008518316,57.55341876271303,60.93277771432856,75.61945867875941,61.59957577701004,69.61417798582661,52.07763637183208,66.02164243277598,61.518255034950556,58.94855774272021,0.0,60.19616923091201,66.51686007754337,74.76801420130977,56.63094378708702,64.45680838812467,43.64583252222872,47.61953480672242,67.25003535909791,52.95069332515368,47.24679574540331,60.780205189606356,54.50539374282092,61.93940844527982,58.21056818935041,46.87125705611502,58.9722946440741,57.436819454452966,54.18086026601994,50.131876029707776,64.98822879640922,66.624020174515,56.396013541693065,70.00651339384017,80.00907600287573,68.52030432985714,62.55311712898714,58.99873092650984,60.29707773191093,65.2092022682241,59.69921076156682,61.797648289712455,61.212079552095894,74.28729008616047,64.13949582938878,65.05809280062287,58.018710240469154,78.99884111420847,66.18035393317464,62.72720805690246
