,1610555604.25mOvVXuL01OCiReyVWBfesjuvXmB3MoPy,1610555605.43B6oDsBtWRQ29Q9UMQuTUEPZy3FSSWXzc,1610555610.92HPGJJSmyPM40z7otPBgHalNrHFA7zk5d,1610555606.68LaSQbm9EHAFycEfFtEqAwYqlBsQPjIRW,1610555617.19EKxMEwDHfXiEJZc27TsGoERaD6Da4BZU,1610555722.52PJ3FD50MGhRXyUD28vluU8Z9UjLJLZn4,1610555617.52Ijr5puT55g9apK8auM7zaxa3NANg502t,1610555638.77ZLjTLkz4jYJdFMI2wWBztzsDILkoOtAk,1610556912.46C7tJPLF0XfNnm8f1820X9aLmXMHoc0Dw,1610555617.51LjzIROg0aeCP2GhDcAVQ0LipKJB9jmKc,1610555608.17OpjjHobqRkX0UPcaXrbu7K6L3805SZri,1610555721.82zWeNZfGUUfRJkgnAwlP8VMhPzXctnSd4,1610555735.75bom85BDF0C7W2eIseHeMxi24qR68nzMi,1610555735.77NnT5xqKnwcf2BbjIekeb2arTQj6QMNwk,1610555638.33wjf1PhdNaoWfbRzXVn50hmFyB5bYAiLV,1610555606.65jCE4ig8Pu8kvAzkxnSGfWsV0nQBjCf8H,1610555608.18ONsBCVo1i7BrX0XG9stct4oiA6ejX9Oz,1610555721.51RNoQUMP19FTMS79BmA3JkgSm2IC2AQuQ,1610555971.86O0cHB2ibBJ8jxoObg01EpGe8VVV5mpwn,1610556911.51zU3duZSGpcw1BDNsBLxdOCITAXwl6z3i,1610555988.71dMoYT8250UHHJGxgmITTmbHe7V6gH1yU,1610556042.81mlUZsSp7gbGjrp8jQSnybT1gPy6e62o1,1610555637.02UBW5nKvDyUrKnaWcYRGajZPxTRDS0q3N,1610555619.13oUYNikU4facCTpUSiSLr0vPI0tJLnXiT,1610555721.03nzkucfjAUh31zTbmCVvTVYqtjoxZFnBh,1610555722.67fhKURdXVzRbLIjXmjRwdJHTnE7PWb1AE,1610555638.39J2ZWBLuLTHP0jOlzB4tNHmYeijH5g5YJ,1610556032.17Q6yCDx9g7alRnL9jBFXD2JhhUyB2hKfJ,1610557007.49MyVgDnuUuBxrvL6SGOdhKf69VYlW1MSm,1610555638.44hjT5hbYdKoE3MB6hijrjqbjmLgvCUYKD,1610555608.13zUvmFSCRt6SsLbhqFznMEvGx54GPGQzM,1610556038.62a5C4ynd1AARyAhTv8a58NCqHvXRjscqH,1610555644.45Xse8u7pusHNsd7F3d0A32HXvXr6weOJE,1610556038.62gKXOCG7XCn55eJvyl5voNjbwOW0znQDq,1610555987.13v0oleKK97pkesp6oMgprH8SoSdoDVdIO,1610556964.96ZLLeiQW0qpmxhPGTg7K03fmzkqsC2bjC,1610555987.13VQlEedQ50VvkPMEMzZDv3KNnQCewykN9,1610555982.186TY6MMGkDecIN1woW6vsfAMXVV7jnyjO,1610555982.673LuMndkwkvdmZOn0MmE2Pkidx0FtNalb,1610555733.38zItcuH7gHNfKdALR2d9Nek6bxCyw36Vm,1610556034.15BQxSbZINGCay0yp6RBVlgcPrw76Yn9ON,1610555639.37BPZpgtGml8qUsh9AdV4m32jPLfI2aNFq,1610556965.57S0adAalhWYe6K3bkZU0bRHbqnDK8gGkR,1610555983.54zteLPCMjyrjzPdhHhlZr3faCgD0TfYr3,1610555987.79rHnNRmt9a0ufmnwCvZqBouyUoZDNpylW,1610556960.041xWER61rmArlsKfiMl4frikWmUCnQ7op,1610556035.13a7NHZDutfTMJ88qle1gTYY59Dr4WmMsj,1610556890.456ZBDaY16bMtrTZTqAgHl3wq1tRxzqDow,1610555760.24e6890pkbyZ97Or6croI1rQgjkSsR0yVt,1610556043.02YpWMIJg3W004iqlPyv8OcVAZdSC5rNYw,1610555987.03z05P26TLtONYM1HSzupoc2CeNMa6HTqr,1610556032.15OYCzUxpsz7b10AXBAuDXrvEcvxFhf0M7,1610556032.63Z80yI9pNwS3jSmsDABbuhf8wkNa2Ze9y,1610555736.28eGuESasTXdR3SqY6pHhEXWZtcdciYLCO,1610556034.61bebeZA0MkaFG2sm3VKiqrxeqQginTTW0,1610556944.5XwXOphKYT3ZkWA8gViqOS97VHVuMVUqb,1610556944.745UVLFBzf7fPh4UH37I6tYQOFPqRDytEh,1610556034.63XsUwaFaPZevO1JNFjfhvY4aKNFnV4noV,1610556964.89xwBHw9faT1HjQRMNQEyA4qJ3hWkwgj3k,1610556966.74DydzH91jtyvRyYau47JpVkZoMRSNTt01,1610555740.77UueVziDbaXyRR4OcVJIIZyzOfAzN51bj,1610556046.84e3vwjyRCzqz0wJQhrk8zsxlFfFSv98Df,1610556137.99eoPuVrDThKAOvmeprLPb2FWRqIhzUodc,1610555740.73XFwSrmTXJPlaxGZSefh0jOVA8PI3III1,1610556123.88AOfNaz9jSnqU5Czc7okOv1RCrYfKFBTo,1610556046.85nB7NvyoYQeLcOV391Lmmut1wAM8CFGLw,1610556123.89H4pdIAzDthI7bMXMhlIhKUYIQIvtmPPQ,1610555740.87GOYQUJKpkynIS2lFqppYK4b32ol7NeGh
1610555604.25mOvVXuL01OCiReyVWBfesjuvXmB3MoPy,0.0,285.75211181191264,128.56225220453155,256.52537554623774,213.337776356,237.7931997445899,226.39271157973025,173.05456222268955,184.99413110748796,245.21529401722196,270.88315968489655,312.86682064164296,261.21953395420604,207.11760045757362,290.49860933341677,275.41711222131664,277.01081246414134,287.54346595341093,207.6379495165659,244.64246814870685,282.5708880221853,305.5268717371651,219.76816828877026,162.4269831680852,269.2584571246066,241.82735259236603,213.81149683039953,292.3071317463547,269.2811247209706,236.57854070215092,284.56598663784496,221.802872250431,246.0837079335349,260.6534524670558,265.2222967713492,254.4646620455698,270.9170828357898,246.0666991898454,264.3035418166864,275.7791322272888,263.43187972323483,268.47581574215656,265.9557431992652,249.78264392104083,300.6536722693523,277.9923839140395,245.90836164367497,223.09496152938846,260.82407355103004,272.41020293387805,248.98522683163895,275.37793833939037,279.86061689596124,282.9354568440837,263.8864504379963,239.4640985032938,243.74870796717815,269.6514723102348,250.07415367326587,244.08649206900793,272.47669904165696,311.02044323387133,270.17030924105296,276.4143750566969,250.4238079701519,303.9819840972094,278.00750134808675,267.88786045654524
1610555605.43B6oDsBtWRQ29Q9UMQuTUEPZy3FSSWXzc,285.75211181191264,0.0,287.86176683011,235.3667862670314,293.80902382265896,285.4297644062926,274.3994939746488,299.1408016623338,297.01797604576063,282.9903189769691,246.92829189334776,320.48987188768615,259.1185375642348,293.0543591971776,254.16488758827123,261.42113652329226,259.6541776476813,176.95449516088613,273.4826178973988,289.0404978927481,293.66400978161874,288.57598488607084,283.6498347961567,297.1360488962066,278.5213258253377,286.43138702254356,285.60991968726626,293.7373331773818,266.26740747661063,278.80901286388496,284.56982420813046,276.290880204457,262.3353275357334,277.83525620820546,278.9544542189482,259.7106884290533,298.3909480312269,245.12773175054704,220.78582122684097,295.48381576776296,262.67336706305264,258.84560691946024,279.7354487330826,252.86759327728444,217.1494355589082,230.8505690699274,280.8053810790945,276.24928523076557,287.77665617130793,294.1144662794739,277.68964002409905,310.1315224407658,294.3983957065871,266.91540848936086,289.70056912947393,261.7049994730954,261.54500247580415,281.6459940948759,281.80781629483965,262.3894165784716,254.28082434995923,300.02311127822594,266.4243521318187,258.5554161403868,273.46364907904336,284.722937163172,303.5093998710237,256.66042614128537
1610555610.92HPGJJSmyPM40z7otPBgHalNrHFA7zk5d,128.56225220453155,287.86176683011,0.0,261.75356262815706,223.04575439460515,243.96944118187858,222.67121310484038,118.23918405591492,196.0745264427472,254.8052890009352,271.4180261416772,317.90931135671497,263.9443737159281,187.58651272405265,289.51748106284856,278.5808524996013,276.5995001984108,288.9649993586864,217.56947734502896,249.36963062181607,286.26905868798315,305.3622199195884,228.88329859463298,103.38983293879963,275.93760280789667,244.474612030117,220.6392279283386,296.3336139475965,274.7513385775542,240.78996859702747,288.6428973261624,222.2526646967225,254.25094514843335,262.09662439535265,269.00875986348296,257.36358638295815,269.1530733307378,251.0004298295336,270.256652408038,279.80315493220746,265.3734282236529,269.1258577079693,266.8908131350607,254.37802797623232,302.08390149635017,280.09363196090504,249.49972047515266,231.28545922547332,265.1052910633985,276.1935401831841,251.51965436726908,276.880890918581,282.1890931910742,286.4618871527422,265.6727348562269,242.98801716448105,248.10369454832002,269.5696278711283,249.58991721215864,245.27572534856273,274.7386135357749,310.71719181140867,272.3450859378704,275.379816203195,252.50901461675886,303.6991892728316,282.4188951421287,269.04308979317415
1610555606.68LaSQbm9EHAFycEfFtEqAwYqlBsQPjIRW,256.52537554623774,235.3667862670314,261.75356262815706,0.0,258.95264394957417,239.47091822109607,258.1956799672697,276.0935291491563,265.4458017879222,264.1259987834422,232.74264268749818,280.3174395085247,268.8580295768813,267.95806407342945,263.50114134446227,188.14322579861852,257.9348232847918,235.49066972884887,216.47467172523847,249.02846476175972,247.76766719978158,291.3148492749631,243.83178129438946,272.64425222480156,244.13797719832615,253.21691826720212,254.17575158002663,237.8555192386701,214.32917042178767,247.14207433394154,278.0783890572877,257.646690840354,253.60557940738397,252.46655412193942,183.67485068567325,183.97592040084012,262.2759232319491,216.68043036784607,216.12341254741244,260.9834577635172,207.10930010029244,245.6321518854301,236.90295154071094,198.40839113449488,228.53873775058776,228.57604848300446,244.11658948667775,227.79221482893428,276.9844850505234,276.3041286150363,217.14385292359268,281.45477424469647,282.0318876635031,278.5907503823966,253.81115346473644,226.22857690298179,211.696188507045,235.9151701202019,238.46123757174405,229.91056837194822,237.78391604750362,301.0313884850393,265.35722503266794,256.62471374544276,254.65820825388894,290.83145355335546,278.16182124413837,236.876357973823
1610555617.19EKxMEwDHfXiEJZc27TsGoERaD6Da4BZU,213.337776356,293.80902382265896,223.04575439460515,258.95264394957417,0.0,217.28334368014626,225.25146416565286,237.2799988719298,173.3182824637914,255.45848096576358,264.69383186709734,314.30958941573704,276.85598466651925,228.07108607687434,282.0883385423339,281.53559885468854,274.3813803767884,282.85134979869633,205.70761868495563,238.27300357345337,277.6715573685133,295.3609248518878,166.38378406328647,234.93918723232923,261.65277215258214,227.83553678494243,203.85233259753286,285.07339813713327,266.16243914290527,241.4026121784481,288.01315186228356,224.65421142112822,257.2648987780359,247.54616048671696,255.40933395941505,249.99372065500714,254.16068064256118,241.2599153684789,265.4144397044337,270.95806628740627,250.91075113394461,261.31953786878216,252.76969290157803,243.39971605090045,295.7277570417238,271.3504584543832,246.32088012980427,233.1994519232853,263.98632431160416,260.9207055626982,247.8445038390751,274.03799971335826,279.8467237888841,281.5063418049461,272.5700516521768,211.70439551440543,225.06912876937255,262.882920185279,251.6107653096885,222.97387540505525,267.93203858144494,308.2636961663852,269.04677479447366,270.0383230029066,249.57259001141523,297.9449699076336,270.1446764617486,258.8659732501315
1610555722.52PJ3FD50MGhRXyUD28vluU8Z9UjLJLZn4,237.7931997445899,285.4297644062926,243.96944118187858,239.47091822109607,217.28334368014626,0.0,240.84572474791324,253.59360745252135,219.09559079546494,253.1255921203679,247.350062285936,308.5028896607746,267.58454108378453,247.27869391492698,275.77432664956154,275.6995564905481,265.2153351719226,277.590921049254,155.13437564852677,244.87671226371975,260.85237166277517,286.44069603626605,197.16858920566293,252.6475454842125,259.5656390379948,156.03997710162338,232.8310520976611,268.48481543068436,235.3178171198589,245.93122095793134,289.7643632835102,226.6423567053883,249.62131162585763,214.68776162890882,241.33832317330237,233.30397371217413,263.02611041649243,223.3118580079748,254.73146285452864,263.8767400559838,246.3315830151515,245.2871677059075,243.57249394974036,232.41354239284902,288.724050480976,245.96886399353957,232.02566759611844,222.83800820504302,268.9032744435839,255.77626669311712,226.40287694139022,276.5131055100698,268.6239724908013,269.1179653454588,277.67100704265897,215.40147284543633,236.89524817712243,250.89920594463274,235.07509055542246,219.54053721524303,250.3427629785335,299.8749148388949,266.864651805294,256.25563822014533,254.1727312224834,288.00065753867506,259.98930806987477,237.73753157433322
1610555617.52Ijr5puT55g9apK8auM7zaxa3NANg502t,226.39271157973025,274.3994939746488,222.67121310484038,258.1956799672697,225.25146416565286,240.84572474791324,0.0,236.94669109248727,226.42585782804318,258.108854391396,258.7800197534945,312.65456934307485,268.76369483425754,175.88265670476193,274.2910218029451,282.1055998139149,264.104679797576,272.7964694018638,228.1509654604947,255.6966790599543,272.8453100720663,295.7091625113136,231.93792759020153,235.9607440797539,260.6978744312375,240.503640214223,245.4353115396823,289.6784267324322,261.48571529089315,201.8415479226203,288.10485818844734,226.31588536374966,250.20489672886248,265.3772001947953,265.0894341423934,255.24688409959407,280.16888264970424,248.40153185662444,251.05867942633117,274.2835560065141,264.89844092784244,257.96624092992846,264.21110044640375,240.37237382796232,289.29308656402856,262.3004646439693,255.98217047620327,229.72038271368746,273.56641203935743,269.0225452504661,256.6419427759246,265.6598321706312,278.3569760462438,280.70924735159394,268.57769286927095,241.38222863671226,245.55712980671998,250.54152968296253,256.93284767716386,216.11513679122194,260.40321223541383,308.52715707386005,273.18006968373413,259.922822958953,260.0458920833461,295.83293870005065,274.84751098856833,257.1080191153768
1610555638.77ZLjTLkz4jYJdFMI2wWBztzsDILkoOtAk,173.05456222268955,299.1408016623338,118.23918405591492,276.0935291491563,237.2799988719298,253.59360745252135,236.94669109248727,0.0,213.8247661891141,267.40190121542605,282.1873066459628,334.8553588502047,277.8733826616372,183.56182742470895,297.8102425200205,289.5726450487558,288.1757163059213,300.6046272095798,237.11748796786642,265.0429191687727,303.11527778516,315.0696077818675,240.87008832866383,58.22634757640598,289.521284155942,253.51915331449754,240.84275517608347,311.24428371647383,288.8011870179955,261.0237184592586,296.57591766653246,233.18473583449085,268.91178918471144,274.09669676825064,281.7087550568835,271.80064131827044,276.33698479154066,265.7765077565805,283.8306646796651,290.9828315833896,278.50551176683393,280.16432002241294,275.5914209236463,271.72156955747806,313.0107337596461,291.88467761883925,261.6851951598232,249.90331778552684,277.73670264390574,289.8909068583927,263.50704126703937,284.9596106519342,292.77373093267505,296.1903150442325,278.9330970288666,257.1547412266616,262.5012447541684,282.7628804955691,259.3934349912685,257.32722518011536,287.39624660733824,317.6437497173661,286.54037076209926,286.85402421837443,266.4271497899087,313.75431480606926,294.4348915444986,281.8812489898853
1610556912.46C7tJPLF0XfNnm8f1820X9aLmXMHoc0Dw,184.99413110748796,297.01797604576063,196.0745264427472,265.4458017879222,173.3182824637914,219.09559079546494,226.42585782804318,213.8247661891141,0.0,263.4148359362019,266.6113146477366,313.0315512721357,272.1893777360215,210.89172802974574,287.65466558283015,285.2280647965847,274.565348538729,284.61580698188214,187.9953620281053,248.37172215148334,275.4580465416365,297.442125340005,212.96321265714772,210.7381938341995,272.3634392347998,215.62421946259957,212.87380189312088,282.83270189396956,272.3254940789779,241.5897298994517,295.76620172207134,224.18050035651567,262.1488694978867,257.10733797366674,263.62943115211283,255.3338462056813,259.8859572558849,253.35301518763703,272.6188618961489,271.93989304385406,259.1594560479705,260.1315767104355,258.13788569623256,248.13791357341336,304.0138820636345,275.0017644966395,242.92783110684675,237.04067629659806,271.5903820862165,258.16613195979266,243.1769302665353,271.9381899321364,284.6845835692869,283.53603685516,275.6664725400085,226.17160408929746,228.3469203604677,258.74894922004125,249.1790003600933,229.69362174364815,270.1578673214001,308.0918478307848,275.8193099205434,271.6752383554642,257.46183941023196,295.7502353861213,270.22555240997144,259.99872314831555
1610555617.51LjzIROg0aeCP2GhDcAVQ0LipKJB9jmKc,245.21529401722196,282.9903189769691,254.8052890009352,264.1259987834422,255.45848096576358,253.1255921203679,258.108854391396,267.40190121542605,263.4148359362019,0.0,282.50355019016524,321.14847705146826,230.59476887314298,264.29502601444824,298.11532634533523,278.52255918458417,288.36817973476,297.5970795613507,248.9633022532511,237.1861708970467,289.64829981255934,315.7758099968354,243.778605949108,265.9085839276328,266.8333851912311,265.39354478885815,248.84403005968224,293.6706646167343,261.4697522857618,267.74066836282543,287.1811395213667,264.7158363407823,177.56887319456519,252.88318353346781,267.59543567880604,262.64939681717266,277.90813389397454,234.26842760391227,254.23986294390363,273.8505146734034,269.3424825160418,278.7187951438564,268.58276471105745,256.9363581797594,304.5137093511869,279.7442152172615,257.1469248039556,222.89083227004994,175.59360383260352,273.30487430777737,256.8428120293544,292.5612994790529,271.64273704165805,293.09495963822917,273.61392121455407,264.86761769411294,263.97042050845084,274.7894733106749,254.03333772238665,267.1425411572414,278.60794718954975,317.904278560475,241.46680030312325,285.98160523717235,197.83204123084334,315.22839621586945,272.8348353770265,272.75717132569855
1610555608.17OpjjHobqRkX0UPcaXrbu7K6L3805SZri,270.88315968489655,246.92829189334776,271.4180261416772,232.74264268749818,264.69383186709734,247.350062285936,258.7800197534945,282.1873066459628,266.6113146477366,282.50355019016524,0.0,308.4230660162401,270.08581387392707,266.9995899321003,244.24325056345066,273.3232402275328,122.57575315481915,227.614196102051,248.62954008058955,268.8286344821624,253.28718715190155,250.42842978192945,257.166391094703,281.5180388777725,272.6846693922126,218.37020022369677,262.87900633620336,275.0743231914062,249.62868897679738,265.698587001558,278.39120145616045,254.30814837639352,268.3066353641748,262.7477265749492,250.11258428782864,227.86047818470973,259.49991665512965,246.0341205251457,253.86160192508814,267.7526535985631,243.98094008665933,199.99807797869514,242.55174430199335,248.62956811084956,251.1992565892347,175.8897171011028,251.30665948716523,252.7173890211208,283.9866959924256,275.40613036261107,243.88959102478347,286.4577164379048,280.87411741409045,252.81621717202353,266.8911213165665,246.24548002798903,229.73874756364924,258.36329103598524,244.97072462912453,230.97870554285012,227.80959582239444,265.696445641585,263.28003651502684,210.45639340455304,266.4894550412548,238.50585622452795,279.98816799522,223.89953588265436
1610555721.82zWeNZfGUUfRJkgnAwlP8VMhPzXctnSd4,312.86682064164296,320.48987188768615,317.90931135671497,280.3174395085247,314.30958941573704,308.5028896607746,312.65456934307485,334.8553588502047,313.0315512721357,321.14847705146826,308.4230660162401,0.0,318.5704313519634,323.1560237771729,327.72142545031863,316.76236498499253,315.67266799458804,319.8476375364442,292.0711276513959,292.70040341529426,183.5452769483148,337.1073410970459,311.8861376270331,331.0201562936565,242.4684603280071,314.08832228130984,312.8477188802275,188.25347986165204,262.92793643378036,310.20518056825887,344.49384224177436,317.1466029814177,306.3964963709762,313.2714717530089,251.0113987986433,277.8943421997709,326.56445709246697,296.08967446770043,270.85061651167587,328.65423194785194,285.36084608527995,303.3727975959287,313.78901915871484,263.28004501429723,333.41721705196096,308.0514219569574,309.98272934038204,280.5832731872649,326.1996830075068,313.9503360373884,285.1681955620646,343.6793874217157,339.4194120697725,329.5816039116605,329.3072284209736,304.1242818029885,301.29719521133296,288.01119364383527,310.06260620811065,304.2955900113693,313.1537443566037,340.589575065835,313.6273080249357,318.0501639489036,308.75701461967407,332.3249182223807,318.4838760408743,313.29912977088765
1610555735.75bom85BDF0C7W2eIseHeMxi24qR68nzMi,261.21953395420604,259.1185375642348,263.9443737159281,268.8580295768813,276.85598466651925,267.58454108378453,268.76369483425754,277.8733826616372,272.1893777360215,230.59476887314298,270.08581387392707,318.5704313519634,0.0,273.65332266931614,288.37045033454547,285.32603117325294,273.3997201592283,280.6730131417959,259.5311977206026,257.71926728045406,287.0173037027433,308.12814478347826,272.2519979449135,278.49448336616234,286.61913980347265,273.3835760858709,263.2587779077501,296.9777910758533,271.9128453145379,276.9674037539383,289.04814764891745,269.3163952330307,177.0217955609187,267.88284970188045,281.17974008505604,273.6042925251723,287.31035982171295,250.93492130560426,260.0664290813945,282.673470388995,276.8115092440608,274.149732931974,273.5165221271384,268.592697096865,296.64847811998504,271.40860775919754,265.9724936759792,256.6370387556632,251.42607946456536,264.9222550491243,273.81452508333996,301.7310684988433,280.0398551040276,285.02680557097943,288.15074497481277,265.5874873411143,277.40096923856873,279.68846224550555,273.99978464357844,275.81499746305144,275.71312407009344,311.27810293361443,236.94827437721813,282.8077202680662,245.8688599570051,303.70694296194694,271.80768363403405,275.82777907637757
1610555735.77NnT5xqKnwcf2BbjIekeb2arTQj6QMNwk,207.11760045757362,293.0543591971776,187.58651272405265,267.95806407342945,228.07108607687434,247.27869391492698,175.88265670476193,183.56182742470895,210.89172802974574,264.29502601444824,266.9995899321003,323.1560237771729,273.65332266931614,0.0,288.9061036386988,284.9171396203164,271.0890970077149,288.3736364977002,232.57993536571524,261.2352024139864,287.5507841563634,304.454106394344,238.13167985902555,182.83818255005806,275.0009731799025,240.25959527188195,243.31061272932766,300.14623764394184,276.13327783229283,233.6233385592906,289.17125589476854,236.84566996461623,263.784891111985,268.5576635833041,271.26197783101395,263.01271871772536,272.12378979415564,257.9645273720404,272.040930312296,281.01782778636266,268.1460137138523,266.7658411398642,268.04050002368484,260.3422131458152,304.24923766620395,277.67741033274734,256.6477153715188,240.77793206670427,275.48278309502075,276.0669021880362,257.3287442952891,269.1820083964133,285.82267863779526,288.47304593181326,269.78985466755546,250.0394381017636,250.64244882551168,264.78133800692484,252.62208984915185,240.08765636888117,274.6470884808565,312.29931712107174,281.17216124555534,272.1155759197987,262.0858590903629,303.69308945236884,285.20257046741705,269.5728593225697
1610555638.33wjf1PhdNaoWfbRzXVn50hmFyB5bYAiLV,290.49860933341677,254.16488758827123,289.51748106284856,263.50114134446227,282.0883385423339,275.77432664956154,274.2910218029451,297.8102425200205,287.65466558283015,298.11532634533523,244.24325056345066,327.72142545031863,288.37045033454547,288.9061036386988,0.0,289.246916662833,257.972175741361,231.1069560586979,271.33903469233206,286.81710682689624,285.667248409784,200.4100472576816,281.88996952422866,298.1029359818971,294.0920536120731,272.90297742112716,283.2209445135097,301.74186897231874,268.2776650435181,289.58531624929043,301.12113591872367,279.3241183993683,288.60693987072005,285.8962696798747,273.67197687164605,242.39450625476331,285.087166384625,270.43257265578416,273.3362656006247,258.5184128467607,255.93728474786036,202.65574311181211,233.0893998158452,271.90527996123865,244.23886543085595,227.5444880742077,272.4798117670463,280.1385705897846,305.2208467770161,282.08505897747744,271.8830048724157,306.8774766815375,292.8911031258891,237.0379087694216,293.2095850299724,268.99223764820306,261.5541447169435,280.33303628715385,279.022079373918,245.6946123967652,212.31882253905943,248.8779073955127,285.5436257591158,201.55133976049325,286.24483029419514,202.77642355424345,289.90120176638965,228.39667448298633
1610555606.65jCE4ig8Pu8kvAzkxnSGfWsV0nQBjCf8H,275.41711222131664,261.42113652329226,278.5808524996013,188.14322579861852,281.53559885468854,275.6995564905481,282.1055998139149,289.5726450487558,285.2280647965847,278.52255918458417,273.3232402275328,316.76236498499253,285.32603117325294,284.9171396203164,289.246916662833,0.0,284.713048034541,262.82124055208044,253.8585686812562,259.48669567553645,284.8077213017098,313.8268243867517,267.83031803065785,286.34267422771256,276.4529962779782,285.6480984176554,272.5479833114792,284.418586463691,251.78846118604886,275.725290853643,272.38008861319184,284.45992805220067,270.38991394814707,260.79712365571845,207.3447026037768,201.00541024361496,259.58156098967714,208.8943786070348,249.05237693903942,273.3211941549476,237.6449719714381,276.9432767280368,254.21243304092164,238.9150723079325,254.17137818591883,271.0640660494119,246.5102931648959,250.2441516495226,287.27930758496325,290.50543300785154,221.3492188734166,289.7101538691716,295.80110806580655,299.56271780800853,241.07124210136774,249.09491340469555,240.26284909443157,254.59921745323425,240.28548742530282,268.1800273813023,268.69633387958356,319.9168367457756,268.5270273291808,284.83902050163545,262.7909568225593,312.92351329754683,298.38290733118845,264.2103104281729
1610555608.18ONsBCVo1i7BrX0XG9stct4oiA6ejX9Oz,277.01081246414134,259.6541776476813,276.5995001984108,257.9348232847918,274.3813803767884,265.2153351719226,264.104679797576,288.1757163059213,274.565348538729,288.36817973476,122.57575315481915,315.67266799458804,273.3997201592283,271.0890970077149,257.972175741361,284.713048034541,0.0,238.42482998377736,262.6826402033923,278.3704172766158,265.53067251604995,262.149685774056,268.4417524660863,287.69945619707903,284.6637973604623,237.12153903733017,271.43609175533066,288.9612812653871,268.4082044986605,275.27820205856887,289.7608922608021,261.63932365888184,274.7741402369494,273.41109205131136,269.85577541818725,246.9220965616183,275.35357236069297,258.5234838063579,266.020594250482,282.97680772778364,259.15297004509847,215.37243268032938,260.09452995001953,264.173093741575,265.2444525315434,209.0637915052015,263.45845023668363,264.3161743993227,288.5976399350506,279.1208357122732,261.2159725263165,294.5749546326408,289.30478737535265,264.03727592362407,276.22718027281314,257.9970935423013,248.04913606700202,271.8061403510783,261.0650127110591,248.41220359727998,239.4761118991638,276.8736749978022,267.7079826755048,222.61186422921074,273.7992798383513,249.02559645950646,287.4028692596324,238.35081040229701
1610555721.51RNoQUMP19FTMS79BmA3JkgSm2IC2AQuQ,287.54346595341093,176.95449516088613,288.9649993586864,235.49066972884887,282.85134979869633,277.590921049254,272.7964694018638,300.6046272095798,284.61580698188214,297.5970795613507,227.614196102051,319.8476375364442,280.6730131417959,288.3736364977002,231.1069560586979,262.82124055208044,238.42482998377736,0.0,268.8670470281055,288.43858219350864,279.749781393562,253.84668647316414,279.77854755892463,299.47847486492685,285.53207763668536,271.47118274531823,285.7561964812529,286.7062559412121,269.7065314011268,281.2646927491757,294.9089686468218,271.706889651751,282.9034061686963,278.40414829629816,275.65028179659504,244.06492176635507,294.6605626308597,256.050923804409,249.1721888923405,289.7748098340821,257.5460443716708,221.5997976205444,272.8002106748505,252.59884309421957,185.99977568605246,198.4554780747552,275.9130174575652,278.1662765280583,300.379569419751,290.23055966167266,267.3689691261732,307.5504259940362,291.3141747964402,252.5686531296584,292.35379012946515,250.2321648064818,243.9491979166234,273.64993536446934,273.8999390107237,249.8606063058533,223.99585871446297,281.23000571903447,281.1774929832388,221.5397003420634,284.21716752933975,245.1974706634011,300.2046440290239,230.49894012620786
1610555971.86O0cHB2ibBJ8jxoObg01EpGe8VVV5mpwn,207.6379495165659,273.4826178973988,217.56947734502896,216.47467172523847,205.70761868495563,155.13437564852677,228.1509654604947,237.11748796786642,187.9953620281053,248.9633022532511,248.62954008058955,292.0711276513959,259.5311977206026,232.57993536571524,271.33903469233206,253.8585686812562,262.6826402033923,268.8670470281055,0.0,238.11803717359382,252.8373495913566,286.0371984029405,206.2632415940052,232.11024650936858,248.36838980166246,198.5359232988176,215.74740187227937,252.49294766537574,227.4806385448287,219.73362936429166,278.20178591740677,223.8895865925478,244.8040128550528,225.21139844013547,225.70753679196315,221.62749062257893,254.08760406381833,222.5197753498766,242.21675806342134,250.46757542056375,226.28828517534342,247.31019068847314,240.00035446235108,216.0397712582101,279.4028934958263,247.91598887133944,228.1209408943626,205.68810751908433,260.8315207442581,247.89027075504373,215.92588620154046,260.92027373935986,266.6447584102302,270.1403927695131,260.8471039573891,206.65882684992738,219.55581309166166,240.98252803872023,229.2285370064592,212.30783009930505,246.430189718942,299.9472869395385,258.8095934578237,255.40189286978446,245.99056756766612,287.1354799492542,250.91977817154157,235.25858482744673
1610556911.51zU3duZSGpcw1BDNsBLxdOCITAXwl6z3i,244.64246814870685,289.0404978927481,249.36963062181607,249.02846476175972,238.27300357345337,244.87671226371975,255.6966790599543,265.0429191687727,248.37172215148334,237.1861708970467,268.8286344821624,292.70040341529426,257.71926728045406,261.2352024139864,286.81710682689624,259.48669567553645,278.3704172766158,288.43858219350864,238.11803717359382,0.0,257.93019736526395,302.4974055068318,225.125790674954,263.7423166884748,261.90847287435906,257.63418942655267,231.8975824615706,264.2343486759182,248.40002367141622,264.3551970749254,281.90343323071005,259.7047399522963,226.46837611759858,234.72945087160693,231.74093120961837,232.14289611029645,246.74368843663265,210.92976235537907,258.53654749941626,270.7763904693362,249.2022197492562,260.4568279406412,243.30636942977102,228.27173774187833,291.54502925042783,273.3781659233354,231.29186838463832,224.02797631370134,249.8547066666391,262.07728987793223,222.32843945163273,286.3462396277634,280.61093896951485,277.0323397091266,254.2632935885549,249.423169474047,247.67021819542526,245.23670534453694,234.75285344690164,253.93177960808833,266.4676153536642,302.5917850774172,239.4078476048223,275.9279341256571,219.2804683396427,302.12770527382986,261.79831018654863,262.13622225620855
1610555988.71dMoYT8250UHHJGxgmITTmbHe7V6gH1yU,282.5708880221853,293.66400978161874,286.26905868798315,247.76766719978158,277.6715573685133,260.85237166277517,272.8453100720663,303.11527778516,275.4580465416365,289.64829981255934,253.28718715190155,183.5452769483148,287.0173037027433,287.5507841563634,285.667248409784,284.8077213017098,265.53067251604995,279.749781393562,252.8373495913566,257.93019736526395,0.0,296.695453669471,273.4814829705757,300.6927004564531,239.16748967601677,262.7691020840311,276.4501346849317,179.96991521079718,222.6193668190535,274.66785832461767,310.0386049737186,280.58863818099195,271.9237920178017,275.8667161436472,217.04177186500158,223.7763211021707,287.0874429442297,259.18203298252496,248.50523962065878,290.1284489059544,252.47760217614146,242.94150354730792,264.5184215117317,233.6519049085208,294.4074254107775,252.9071394728112,264.6588269583603,239.63913838908329,296.01139136321933,275.0709335493751,236.8348111285084,308.7951213332782,303.5610501872424,290.89298183671565,293.27633732876467,269.7045634014179,258.88289229159136,236.58582956208565,265.81942935604013,259.5990069970068,258.4220187273873,305.79899435574777,278.7048741386398,265.91702254587574,274.26693256974056,288.43756998764735,276.99226129734006,259.793682654596
1610556042.81mlUZsSp7gbGjrp8jQSnybT1gPy6e62o1,305.5268717371651,288.57598488607084,305.3622199195884,291.3148492749631,295.3609248518878,286.44069603626605,295.7091625113136,315.0696077818675,297.442125340005,315.7758099968354,250.42842978192945,337.1073410970459,308.12814478347826,304.454106394344,200.4100472576816,313.8268243867517,262.149685774056,253.84668647316414,286.0371984029405,302.4974055068318,296.695453669471,0.0,295.16811952693047,315.3943493901544,306.54154010314784,278.88154911290917,301.0606304124083,310.65424243223316,295.636626223811,304.9400969396447,329.25723250727594,290.4193654297705,307.76488635327536,299.4340022260246,299.201069832728,274.7518488006469,312.1249982545118,289.1926323887105,294.55486205639073,284.0394877918183,287.2557292546373,216.8448194523882,271.73554474519864,285.84807352718093,287.96327012974956,247.3920040615461,292.17178678318675,296.2726550965202,318.35291210172466,279.6662792430919,288.1307305394013,328.0996393239606,299.90733384343906,261.84376921555366,319.575151044428,287.7409577509439,276.54197307875916,298.59998573773214,294.7546182792911,264.55670995750387,228.58217273424364,264.19017168478194,302.6329479409454,215.2148863279581,299.9145692711159,185.56398306452067,289.99973039915443,234.09293466016908
1610555637.02UBW5nKvDyUrKnaWcYRGajZPxTRDS0q3N,219.76816828877026,283.6498347961567,228.88329859463298,243.83178129438946,166.38378406328647,197.16858920566293,231.93792759020153,240.87008832866383,212.96321265714772,243.778605949108,257.166391094703,311.8861376270331,272.2519979449135,238.13167985902555,281.88996952422866,267.83031803065785,268.4417524660863,279.77854755892463,206.2632415940052,225.125790674954,273.4814829705757,295.16811952693047,0.0,238.76253952001127,256.83944851081503,223.72763933646524,190.37716564087182,279.58540939877867,250.18803923841654,226.0181973245852,272.4122628552706,212.33970798947874,242.1547049486462,214.05944699269065,243.3937569274489,237.00674034710227,249.05547319459907,205.0717481996984,253.22757412015676,262.0363557365761,238.54197354992124,257.77420196742224,238.7201393450499,229.11121066273188,287.2514418242717,260.40122444586564,225.37070933904758,214.47305542376523,256.341339547278,252.75352081812093,235.4024673081378,259.5600857843918,271.8579610325805,272.63759253379345,253.54662760972138,188.26553834684807,224.9484461214776,253.89055533803338,237.91409975469492,217.16167463112393,258.29684022360715,301.08314186230444,257.76304521674155,264.41853204306693,238.90119974381167,295.84444567516647,267.305002539024,250.36820359620418
1610555619.13oUYNikU4facCTpUSiSLr0vPI0tJLnXiT,162.4269831680852,297.1360488962066,103.38983293879963,272.64425222480156,234.93918723232923,252.6475454842125,235.9607440797539,58.22634757640598,210.7381938341995,265.9085839276328,281.5180388777725,331.0201562936565,278.49448336616234,182.83818255005806,298.1029359818971,286.34267422771256,287.69945619707903,299.47847486492685,232.11024650936858,263.7423166884748,300.6927004564531,315.3943493901544,238.76253952001127,0.0,286.99900552280906,252.9803598420541,237.07420743089338,308.65709945440113,286.499956215152,256.8163023277296,295.79413491641026,235.10376375239215,268.1407199497533,273.26856935655104,279.7275751314253,269.3520428372527,274.98909528524507,262.5255311548367,280.74194607918326,290.18405119152095,276.0705760891291,280.28815349118224,275.4928232425389,268.6757171573873,311.2516019828299,290.70111485647084,260.70370470686987,245.041133647924,275.70313293899477,288.7964415388902,261.7783751016055,285.3323390051241,291.5629132168823,295.8008904603049,276.7721093610557,254.86732041927021,259.01171368835764,281.4569452877163,258.50545293481576,256.51755688923697,286.7924342364299,318.063428038091,284.72815603579176,286.68286948300334,264.5745878566084,313.6919177527638,294.1721948526939,281.38950146694395
1610555721.03nzkucfjAUh31zTbmCVvTVYqtjoxZFnBh,269.2584571246066,278.5213258253377,275.93760280789667,244.13797719832615,261.65277215258214,259.5656390379948,260.6978744312375,289.521284155942,272.3634392347998,266.8333851912311,272.6846693922126,242.4684603280071,286.61913980347265,275.0009731799025,294.0920536120731,276.4529962779782,284.6637973604623,285.53207763668536,248.36838980166246,261.90847287435906,239.16748967601677,306.54154010314784,256.83944851081503,286.99900552280906,0.0,270.7774082961671,274.6350109343587,237.44030033793024,223.80816676515886,263.25856253340055,305.75446809318385,259.72468249949924,263.51700292014755,269.14240883286686,215.44413726806346,238.6008745427708,290.57422955886096,247.3364033781537,169.72835882809724,287.9278917600872,256.4829450467058,270.1493515561731,273.42846930278057,219.08963545545973,291.4663645246481,264.79721161266434,273.8714612376729,228.6639820150216,278.1673491564023,283.12059050202686,253.05568920088547,303.45522611657753,293.6392028868543,297.8113821960136,293.55620126221,246.77678892296623,237.42116404037876,257.7957925201425,268.5708608989124,238.93330244913798,268.22671004943066,315.76504738550375,278.01557259904433,275.9604210497997,259.09337385480484,306.0141329825718,282.3349020208525,266.59111145436145
1610555722.67fhKURdXVzRbLIjXmjRwdJHTnE7PWb1AE,241.82735259236603,286.43138702254356,244.474612030117,253.21691826720212,227.83553678494243,156.03997710162338,240.503640214223,253.51915331449754,215.62421946259957,265.39354478885815,218.37020022369677,314.08832228130984,273.3835760858709,240.25959527188195,272.90297742112716,285.6480984176554,237.12153903733017,271.47118274531823,198.5359232988176,257.63418942655267,262.7691020840311,278.88154911290917,223.72763933646524,252.9803598420541,270.7774082961671,0.0,236.13121101277937,277.7777183111261,251.2599965627222,251.30898416439751,293.63503178940834,231.02605004122,260.6853556877545,246.67792115288344,254.98760519120825,244.19946421851625,261.973478992129,245.0200032256265,266.4992734340881,271.5030600369743,253.74206187191905,236.6193750456214,251.70510222658396,245.6483857685756,289.8835987595563,234.59045857316391,240.06978811319138,238.9196422824761,275.5251084468412,259.2430248705213,241.1084376155505,283.0782174326392,275.72283969281784,268.73206615516887,282.94222075184723,231.61296501658103,240.29292870336315,259.6347938858926,242.23414720217863,222.87810353594807,250.95518875314065,289.93537053297194,273.174485024967,244.83964657166266,262.3172058002916,273.8326442426594,266.72262511545415,238.61095767839245
1610555638.39J2ZWBLuLTHP0jOlzB4tNHmYeijH5g5YJ,213.81149683039953,285.60991968726626,220.6392279283386,254.17575158002663,203.85233259753286,232.8310520976611,245.4353115396823,240.84275517608347,212.87380189312088,248.84403005968224,262.87900633620336,312.8477188802275,263.2587779077501,243.31061272932766,283.2209445135097,272.5479833114792,271.43609175533066,285.7561964812529,215.74740187227937,231.8975824615706,276.4501346849317,301.0606304124083,190.37716564087182,237.07420743089338,274.6350109343587,236.13121101277937,0.0,280.9895939241573,264.08900702843596,250.51480436780642,268.7103915056757,242.31805503751548,240.91956104193073,246.13195582506503,255.33499395829824,242.4877785533683,247.02477005227072,231.9439012256797,265.5986880501477,258.30771728874606,245.7233452914556,260.58752796299376,238.8689643536944,241.11562208087022,296.4740137673643,272.2184834395202,227.85464207629627,211.4200782431145,247.71504594901958,236.35249360976619,243.26615588601726,261.6472469983514,273.3254994936513,279.60181812776716,254.06498502413876,227.62883299870384,247.03198772489154,266.64721492937366,247.0047463503548,240.63311824878238,264.1770477236884,305.22345919395264,244.47353069809176,268.0379768371056,225.57770876269797,297.23787167478457,250.53707064938138,255.42322129517694
1610556032.17Q6yCDx9g7alRnL9jBFXD2JhhUyB2hKfJ,292.3071317463547,293.7373331773818,296.3336139475965,237.8555192386701,285.07339813713327,268.48481543068436,289.6784267324322,311.24428371647383,282.83270189396956,293.6706646167343,275.0743231914062,188.25347986165204,296.9777910758533,300.14623764394184,301.74186897231874,284.418586463691,288.9612812653871,286.7062559412121,252.49294766537574,264.2343486759182,179.96991521079718,310.65424243223316,279.58540939877867,308.65709945440113,237.44030033793024,277.7777183111261,280.9895939241573,0.0,240.68295502172134,284.54407500536547,322.141839897301,287.85376822208053,281.6251370475895,273.87830190289816,223.09898879896545,238.78819344468346,295.1411840931518,259.099022387007,252.05699463261783,295.4165356138233,246.13665222828314,262.04562429412886,276.3697985887492,223.1200046171535,300.72142813697195,269.7103136835815,273.8994434887231,249.11815269532775,295.8509557663886,282.79241114145265,226.809907458883,317.09683765203636,310.2532921391158,303.8431113153179,305.04861468826715,270.2417921630644,258.75914862091116,241.60721374627593,259.4654946180171,262.02292929226076,271.3383042431617,314.84355157052926,283.8656730906608,280.03973194230224,272.87317095186324,301.2857007607663,284.5230818645606,267.92300034717886
