,square,rectangle,parallelogram,losange,isoTrapezoid,kite,rightKite,rustedHinge,hinge,trapezoid,random
square,0.11997318644047682,0.15420677650331696,0.20324652711686692,0.22603666416649926,0.22015261593203586,0.2058703276526596,0.18626431021797432,0.23372160930965474,0.22562358089305665,0.22016222980286412,0.2569521896792666
rectangle,0.154206776503317,0.1270559670441947,0.1892376416100253,0.22028720618311723,0.23651610427294312,0.22024410505594383,0.20331456778358772,0.2277215970447439,0.2135897536035058,0.22927690472886114,0.26721076229224194
parallelogram,0.20324652711686692,0.1892376416100253,0.13753529864805134,0.15911183978281684,0.24665268489887274,0.2260687581110426,0.2121412911288272,0.22655202227329754,0.21681291295751667,0.20589833561519613,0.23918679822189629
losange,0.22603666416649926,0.22028720618311723,0.15911183978281684,0.13842466492226657,0.2605668549502287,0.24651035611893665,0.23028329404140416,0.2431769490179536,0.2379943145424185,0.21156552266035544,0.22979306294401092
isoTrapezoid,0.22015261593203592,0.23651610427294312,0.24665268489887276,0.26056685495022863,0.1463202624686936,0.19844512025823938,0.18404573923258336,0.2320690242423606,0.23074291991502371,0.2013868658137657,0.22220459659666547
kite,0.2058703276526596,0.22024410505594383,0.2260687581110426,0.24651035611893665,0.19844512025823935,0.1426317118855767,0.15050358479666806,0.21590434102439987,0.21034823458582524,0.21301519607409033,0.22897920180658332
rightKite,0.1862643102179743,0.20331456778358772,0.21214129112882726,0.23028329404140416,0.18404573923258336,0.15050358479666806,0.12588530912477103,0.20110531243121282,0.19799445612119576,0.19214410105291513,0.2117513687913627
rustedHinge,0.23372160930965474,0.2277215970447439,0.22655202227329754,0.24317694901795353,0.2320690242423606,0.2159043410243999,0.20110531243121285,0.15276920719749548,0.16588108456565365,0.22631572591285629,0.2247409776601396
hinge,0.22562358089305667,0.21358975360350582,0.21681291295751667,0.23799431454241848,0.23074291991502374,0.21034823458582524,0.19799445612119576,0.16588108456565365,0.15829645303700435,0.22015210856851208,0.22282924401301285
trapezoid,0.22016222980286412,0.2292769047288611,0.20589833561519616,0.21156552266035544,0.2013868658137657,0.21301519607409033,0.19214410105291513,0.22631572591285626,0.22015210856851208,0.1594407577412597,0.1933523966657492
random,0.2569521896792666,0.26721076229224194,0.23918679822189629,0.22979306294401092,0.2222045965966655,0.22897920180658332,0.2117513687913627,0.2247409776601396,0.22282924401301285,0.1933523966657492,0.15409056357531709
