,square,rectangle,parallelogram,losange,isoTrapezoid,kite,rightKite,rustedHinge,hinge,trapezoid,random
square,0.02004472160832878,0.023116800478593567,0.03279129879893445,0.037073499338292015,0.029167296313650094,0.031945260914111956,0.029680507107783555,0.03347179207330456,0.03184326107285943,0.03092464495390755,0.037083814186525774
rectangle,0.023116800478593567,0.019760120293183903,0.029385471466159514,0.03441998899073164,0.032701837723942806,0.03363838074413105,0.03171317880040476,0.032263357300115904,0.02995068293053879,0.03194147633977709,0.03880118996027171
parallelogram,0.03279129879893444,0.029385471466159514,0.02518475777756129,0.029465621739294148,0.037547967660465094,0.039669491348253996,0.03747223953983944,0.036661116304168455,0.03458356092749291,0.03250480126975853,0.03893306071235789
losange,0.037073499338292015,0.03441998899073164,0.029465621739294148,0.02650610490190058,0.04045803906246766,0.0433663386833167,0.04123979555721134,0.03944988353275216,0.038001380631963504,0.03410779622144252,0.037879579271542126
isoTrapezoid,0.0291672963136501,0.032701837723942806,0.037547967660465094,0.04045803906246766,0.02346775230088803,0.030843524436483482,0.029169673474218314,0.035995461401714404,0.035454839652427565,0.029103089666772938,0.033985271965936883
kite,0.03194526091411195,0.03363838074413106,0.039669491348253996,0.0433663386833167,0.030843524436483482,0.024592580827180435,0.026717387461058954,0.03625685919961911,0.03515764194588772,0.03456001414197785,0.03747326576598727
rightKite,0.02968050710778356,0.03171317880040476,0.03747223953983944,0.04123979555721134,0.02916967347421832,0.026717387461058954,0.023500514247287455,0.03431715002840371,0.03332951976216331,0.030814328693273534,0.035095902462141865
rustedHinge,0.03347179207330455,0.0322633573001159,0.036661116304168455,0.03944988353275216,0.035995461401714404,0.03625685919961911,0.0343171500284037,0.024575833105912225,0.025548427381531173,0.034507849023087706,0.03538065586132898
hinge,0.03184326107285943,0.02995068293053879,0.034583560927492915,0.03800138063196351,0.035454839652427565,0.03515764194588772,0.03332951976216331,0.025548427381531173,0.024243842068917734,0.033197824208803184,0.034441717475315485
trapezoid,0.030924644953907558,0.03194147633977709,0.03250480126975853,0.03410779622144252,0.029103089666772938,0.03456001414197785,0.030814328693273538,0.034507849023087706,0.033197824208803184,0.024122692018345132,0.02970186554762047
random,0.037083814186525774,0.03880118996027171,0.03893306071235789,0.037879579271542126,0.033985271965936883,0.03747326576598728,0.03509590246214186,0.035380655861328984,0.03444171747531548,0.02970186554762047,0.025452665355295
