,square,rectangle,parallelogram,losange,isoTrapezoid,kite,rightKite,rustedHinge,hinge,trapezoid,random
square,0.04899508895058207,0.05885626467349518,0.08254495650037945,0.0912706006263642,0.0831487869219235,0.08728141569843961,0.08147284490733768,0.094103949228676,0.09149284644950445,0.08625107300529937,0.10106812674674173
rectangle,0.05885626467349518,0.04911601834285394,0.07587105238052975,0.08712690143583612,0.08762308047155605,0.09009803406741002,0.08511754854603433,0.08940570639825705,0.08535646417227018,0.08723634263474796,0.10211107806572348
parallelogram,0.08254495650037945,0.07587105238052975,0.06136722624384504,0.07166662786039986,0.1009773114290739,0.1000104574839205,0.09700617705071057,0.09870632785358933,0.09518233895243661,0.08698508996639666,0.10110361522833823
losange,0.0912706006263642,0.08712690143583614,0.07166662786039986,0.06400011310444123,0.10762519693132885,0.10715457429742453,0.10466817444701425,0.10524706676108586,0.1034935986488237,0.09007304874736366,0.09873408569497877
isoTrapezoid,0.0831487869219235,0.08762308047155604,0.1009773114290739,0.10762519693132885,0.05943732325362878,0.08440926644395223,0.07922496084535147,0.09442489475766808,0.09482740703388742,0.07839980476415861,0.09071041795835942
kite,0.08728141569843961,0.09009803406741002,0.10001045748392047,0.10715457429742453,0.08440926644395223,0.062631362066714,0.06840498911860769,0.09333425523791632,0.09119602280540573,0.0884606182069632,0.09413310131520157
rightKite,0.08147284490733768,0.08511754854603432,0.09700617705071057,0.10466817444701425,0.07922496084535145,0.06840498911860769,0.05938947530160673,0.08803000786256052,0.08690595178234313,0.08129782861826068,0.09030712822480406
rustedHinge,0.094103949228676,0.08940570639825705,0.09870632785358933,0.10524706676108589,0.09442489475766808,0.0933342552379163,0.08803000786256052,0.06339780315062059,0.06828179297268562,0.09152909149191346,0.09248062369447728
hinge,0.09149284644950445,0.08535646417227019,0.09518233895243661,0.1034935986488237,0.09482740703388742,0.09119602280540573,0.08690595178234313,0.06828179297268562,0.06578905249356666,0.08985563199234828,0.09164300626072429
trapezoid,0.08625107300529937,0.08723634263474796,0.08698508996639666,0.09007304874736367,0.07839980476415861,0.0884606182069632,0.08129782861826068,0.09152909149191346,0.08985563199234828,0.06340057114627809,0.07772528090956479
random,0.10106812674674176,0.10211107806572348,0.10110361522833826,0.09873408569497877,0.09071041795835941,0.09413310131520157,0.09030712822480406,0.09248062369447728,0.09164300626072429,0.07772528090956479,0.06503925064235341
