,square,rectangle,parallelogram,losange,isoTrapezoid,kite,rightKite,rustedHinge,hinge,trapezoid,random
square,0.03238357932845809,0.03787787304362874,0.05409000843877106,0.06033104739082546,0.05108437272030365,0.05538167420259762,0.0512616975218726,0.05881563233279078,0.05674573510368805,0.053992965076442294,0.06449845365410893
rectangle,0.03787787304362874,0.032210951389337356,0.04922937358854732,0.05688362876829075,0.055321156281819016,0.05737819172042991,0.05372578274494606,0.05597672516568627,0.05296169246655897,0.05500219633941991,0.06600283978746198
parallelogram,0.05409000843877106,0.04922937358854733,0.04098809772186993,0.04793276088131918,0.0630505036190344,0.0652372401869034,0.06213087259713498,0.06256079400965847,0.0596850049453295,0.05489356805838192,0.06551791368542068
losange,0.06033104739082546,0.05688362876829075,0.04793276088131919,0.0429481105575345,0.06741716183175807,0.07041539047248335,0.06751561601657864,0.06677289078504811,0.06494007254840946,0.05714831101169932,0.06385414200414177
isoTrapezoid,0.05108437272030364,0.055321156281819016,0.0630505036190344,0.06741716183175807,0.03874873114901097,0.05277720726023264,0.0494960608343187,0.060413728882798036,0.06021259067120255,0.04922857558381188,0.057584301994578285
kite,0.05538167420259762,0.057378191720429926,0.06523724018690341,0.07041539047248335,0.052777207260232654,0.040586466898949736,0.04406899388431369,0.06022490439020817,0.05866312207516169,0.05695376301192927,0.061056137278832745
rightKite,0.0512616975218726,0.05372578274494607,0.06213087259713498,0.06751561601657864,0.049496060834318685,0.04406899388431369,0.03838644823164485,0.056704826335487166,0.05559787827818584,0.051481683291384854,0.05784776877355515
rustedHinge,0.05881563233279078,0.05597672516568627,0.06256079400965849,0.0667728907850481,0.060413728882798036,0.06022490439020817,0.056704826335487166,0.040757192809848075,0.043160481351442175,0.05825697168534702,0.059312839770480526
hinge,0.05674573510368805,0.05296169246655897,0.05968500494532951,0.06494007254840946,0.06021259067120255,0.05866312207516167,0.05559787827818584,0.043160481351442175,0.04132938707263651,0.0566874193185278,0.058230435554658025
trapezoid,0.053992965076442294,0.05500219633941992,0.05489356805838193,0.05714831101169933,0.04922857558381188,0.05695376301192927,0.051481683291384854,0.058256971685347006,0.0566874193185278,0.040287255838709964,0.049693132876915784
random,0.06449845365410893,0.06600283978746198,0.06551791368542068,0.06385414200414177,0.0575843019945783,0.061056137278832745,0.05784776877355515,0.059312839770480526,0.058230435554658025,0.049693132876915784,0.041998266689654985
