,square,rectangle,parallelogram,losange,isoTrapezoid,kite,rightKite,rustedHinge,hinge,trapezoid,random
square,0.009509888605882437,0.011152156279473894,0.015079614867800871,0.0174858454850621,0.012469113289328709,0.013070540936296154,0.012306067177397068,0.014070639749565293,0.013453374681982374,0.01323006291824262,0.015861166907514452
rectangle,0.011152156279473894,0.009326529482206164,0.012980457442726277,0.01572100865914861,0.014821143313781884,0.01426247595839928,0.013671216229893809,0.013519985612071557,0.012474692987539053,0.013922013359360176,0.017231873728442815
parallelogram,0.015079614867800873,0.012980457442726277,0.011495523115531758,0.013484967262364643,0.01718637880725979,0.017613403163537773,0.01639255249902514,0.015544109620881907,0.014440998907357094,0.014336229177180282,0.0172551677053247
losange,0.017485845485062105,0.01572100865914861,0.01348496726236464,0.01215984803215439,0.01866031712937279,0.01964921044549551,0.018392948536037592,0.01691975651515519,0.016174273279778002,0.015192980723846379,0.016650091328240642
isoTrapezoid,0.012469113289328709,0.014821143313781884,0.017186378807259785,0.01866031712937279,0.010439747941339301,0.012968439179825856,0.012360899780699354,0.015879651946164378,0.01566909489873501,0.013030503471552924,0.014792627128387411
kite,0.013070540936296154,0.014262475958399282,0.017613403163537773,0.019649210445495505,0.012968439179825856,0.010794051557825606,0.011682288943690613,0.015978967080872576,0.015604997832510334,0.01531697999080256,0.017100471593034235
rightKite,0.01230606717739707,0.013671216229893809,0.01639255249902514,0.018392948536037592,0.012360899780699354,0.011682288943690613,0.010372322159653342,0.015120640872055937,0.014706431364578434,0.01334148507962542,0.015610262360091401
rustedHinge,0.014070639749565293,0.013519985612071558,0.015544109620881907,0.01691975651515519,0.01587965194616438,0.015978967080872576,0.015120640872055939,0.010561886584072972,0.0109208536330563,0.014985572743670073,0.015744557047776404
hinge,0.013453374681982374,0.012474692987539053,0.014440998907357097,0.016174273279778002,0.015669094898735008,0.015604997832510334,0.014706431364578436,0.010920853633056301,0.010420062949723101,0.01432104254251105,0.015392987916988905
trapezoid,0.01323006291824262,0.013922013359360176,0.014336229177180282,0.015192980723846379,0.013030503471552924,0.01531697999080256,0.01334148507962542,0.014985572743670073,0.014321042542511054,0.010843012343396635,0.013068070828280388
random,0.015861166907514452,0.017231873728442815,0.017255167705324703,0.01665009132824064,0.014792627128387408,0.017100471593034235,0.015610262360091401,0.015744557047776404,0.015392987916988902,0.013068070828280385,0.011533717322834472
