,square,rectangle,parallelogram,losange,isoTrapezoid,kite,rightKite,rustedHinge,hinge,trapezoid,random
square,0.00749569737630149,0.008831676225033086,0.0116582295199428,0.01365562739302347,0.009550651125184044,0.009945622992201992,0.009395527177971413,0.010937436276405114,0.010451540551489873,0.010099072794497229,0.012240921591074838
rectangle,0.008831676225033084,0.007357187160759866,0.009952873776282678,0.0122103019832951,0.011538327787917349,0.010973640548124696,0.010566614304101959,0.01050602869633405,0.009657335535033033,0.010720132991519079,0.01342678529702484
parallelogram,0.0116582295199428,0.009952873776282678,0.008977432161037718,0.010589682289756897,0.013359879338125139,0.013589014218409115,0.012618471978260002,0.012049963934846537,0.01112071660605942,0.011047318495766015,0.013434817381268827
losange,0.01365562739302347,0.0122103019832951,0.010589682289756897,0.0095748814974837,0.014600690774132669,0.015317501236419373,0.014301813707680505,0.013184672245079163,0.012540342217892643,0.011772720915290661,0.012917621428919312
isoTrapezoid,0.009550651125184044,0.01153832778791735,0.013359879338125139,0.014600690774132674,0.008120416146859783,0.010007385403103487,0.009578244283741265,0.012494149119539838,0.01231664156046763,0.010111536140667239,0.011517593170964076
kite,0.009945622992201994,0.010973640548124696,0.013589014218409115,0.015317501236419373,0.010007385403103487,0.008430722638469853,0.009084772908309278,0.012574369483654466,0.012260363037730962,0.011851466426720697,0.013436574656720095
rightKite,0.009395527177971413,0.010566614304101959,0.012618471978260002,0.014301813707680505,0.009578244283741265,0.009084772908309278,0.008095160324478408,0.01191244179462515,0.011570862651086504,0.010315425608690336,0.01226812321989102
rustedHinge,0.010937436276405114,0.01050602869633405,0.012049963934846539,0.013184672245079163,0.012494149119539838,0.012574369483654466,0.01191244179462515,0.008390229106108274,0.008642811412182753,0.011694153581466488,0.012428652651125806
hinge,0.010451540551489873,0.009657335535033033,0.01112071660605942,0.012540342217892643,0.01231664156046763,0.01226036303773096,0.011570862651086502,0.008642811412182753,0.008235631984957565,0.011154986522836153,0.012157084306611466
trapezoid,0.010099072794497229,0.010720132991519079,0.011047318495766015,0.011772720915290661,0.010111536140667239,0.011851466426720695,0.010315425608690336,0.011694153581466487,0.011154986522836153,0.008439080038969765,0.010204244641388454
random,0.012240921591074838,0.013426785297024839,0.013434817381268829,0.012917621428919312,0.011517593170964078,0.013436574656720095,0.012268123219891017,0.012428652651125803,0.012157084306611466,0.010204244641388454,0.009073497697099453
