,square,rectangle,parallelogram,losange,isoTrapezoid,kite,rightKite,rustedHinge,hinge,trapezoid,random
square,0.0023812010227989384,0.0028854774484530173,0.0036477639964933983,0.004290560499978349,0.0027995279833707607,0.0027513736706048972,0.002633309030995967,0.0031639564740104887,0.003064656547825381,0.003014746509315364,0.0035501462031311596
rectangle,0.002885477448453018,0.00230725578126862,0.0029761659488224752,0.003705978595554868,0.003597364650127812,0.003146334146352489,0.0030664754618190734,0.0029648835352907746,0.002737403312748731,0.0032543670325278747,0.00400417604545811
parallelogram,0.0036477639964933983,0.002976165948822475,0.0027618656666287367,0.003244305098418931,0.0041347044709193065,0.003938899971458921,0.003654680397480401,0.0034706915200100616,0.0031975309940272937,0.0033466393792695,0.0039972980675750044
losange,0.004290560499978349,0.003705978595554868,0.003244305098418931,0.0029215589731635167,0.004497574065490567,0.004491538686206608,0.004211401731557462,0.003819241762449246,0.0036481144197881934,0.0035504844295757934,0.0037685925075142297
isoTrapezoid,0.0027995279833707603,0.003597364650127811,0.004134704470919306,0.004497574065490567,0.0024079439819462323,0.002870586693604934,0.0027775882540224507,0.0037272172802685446,0.0036763619364999995,0.0030666391038247707,0.003361293957307868
kite,0.0027513736706048972,0.003146334146352489,0.003938899971458922,0.004491538686206608,0.002870586693604934,0.0024287607848549535,0.002625187896285539,0.0036037003111153115,0.0035293368800176465,0.0034346946579783487,0.003926431824576432
rightKite,0.002633309030995967,0.003066475461819074,0.003654680397480401,0.004211401731557462,0.0027775882540224507,0.002625187896285539,0.0023720455247900818,0.0034802339270227213,0.003378448881888499,0.00299818035200894,0.0036345882033831023
rustedHinge,0.0031639564740104887,0.0029648835352907746,0.0034706915200100616,0.0038192417624492462,0.0037272172802685446,0.0036037003111153115,0.0034802339270227213,0.0024673905442940763,0.002526944816408601,0.003429387437564485,0.003693174348672267
hinge,0.003064656547825381,0.002737403312748731,0.0031975309940272937,0.0036481144197881934,0.0036763619364999986,0.0035293368800176474,0.0033784488818884993,0.0025269448164086015,0.002430182699672484,0.0032855786401677104,0.0036566402690481484
trapezoid,0.003014746509315364,0.0032543670325278743,0.0033466393792695,0.0035504844295757934,0.0030666391038247707,0.0034346946579783496,0.00299818035200894,0.003429387437564485,0.0032855786401677104,0.0025927955003136353,0.003009089849557619
random,0.0035501462031311596,0.00400417604545811,0.003997298067575005,0.0037685925075142297,0.003361293957307867,0.003926431824576432,0.0036345882033831023,0.003693174348672267,0.0036566402690481475,0.0030090898495576195,0.002682991790582525
