,square,rectangle,parallelogram,losange,isoTrapezoid,kite,rightKite,rustedHinge,hinge,trapezoid,random
square,0.025738056591491094,0.02974792507106438,0.04233004214855705,0.04754932387902334,0.038601834245192666,0.04294395696345405,0.03964864114031104,0.044837583745393234,0.043065116791616904,0.04114793662749706,0.04992158925618373
rectangle,0.029747925071064378,0.02549438226869166,0.03832267076464328,0.04443231759345166,0.04258411426702107,0.044862531510215804,0.04201511604387812,0.04310669206072256,0.0405324489433071,0.04219966982798075,0.05163320235331885
parallelogram,0.04233004214855705,0.03832267076464328,0.03258060364467375,0.03804929718246497,0.04859792626053281,0.051681096035963624,0.04886927152906739,0.0482363261250668,0.04588004757794752,0.0425949551278572,0.05141975156028774
losange,0.04754932387902334,0.04443231759345166,0.038049297182464976,0.034149678549393075,0.05229484652799066,0.056150374388637424,0.05343008914247323,0.051665840208389296,0.050121090715496405,0.04464195342203507,0.050145193104210596
isoTrapezoid,0.03860183424519266,0.04258411426702107,0.04859792626053281,0.05229484652799066,0.030206396690292348,0.04065486686501956,0.03815309914001885,0.04695833242649286,0.046599502245439475,0.037847403143517755,0.04478284997086034
kite,0.04294395696345406,0.044862531510215804,0.051681096035963624,0.056150374388637424,0.04065486686501956,0.03217195338694159,0.03486339640101332,0.04725318156361715,0.0460132392751352,0.04475921976308353,0.048487392462529325
rightKite,0.03964864114031104,0.04201511604387813,0.048869271529067386,0.053430089142473214,0.03815309914001885,0.03486339640101332,0.030499312711320933,0.044710645015398356,0.0437313905213604,0.040129479450419475,0.04573251547657557
rustedHinge,0.044837583745393234,0.04310669206072256,0.0482363261250668,0.051665840208389296,0.04695833242649286,0.04725318156361715,0.044710645015398356,0.03199617774946672,0.03359166357845808,0.04513026893420547,0.04639576626402775
hinge,0.04306511679161691,0.0405324489433071,0.04588004757794752,0.050121090715496405,0.04659950224543947,0.0460132392751352,0.0437313905213604,0.03359166357845808,0.03207017952951984,0.04374648640292825,0.0454374879063467
trapezoid,0.04114793662749706,0.04219966982798075,0.0425949551278572,0.04464195342203507,0.037847403143517755,0.04475921976308354,0.040129479450419475,0.045130268934205464,0.04374648640292825,0.03138834195471539,0.039002196402454344
random,0.04992158925618373,0.05163320235331885,0.05141975156028773,0.05014519310421058,0.04478284997086034,0.04848739246252932,0.04573251547657557,0.04639576626402775,0.0454374879063467,0.039002196402454344,0.03321274857678249
