,square,rectangle,parallelogram,losange,isoTrapezoid,kite,rightKite,rustedHinge,hinge,trapezoid,random
square,0.0012095066557163256,0.0014388650627983547,0.0017332874219361239,0.0019947222294291918,0.0013741806323776511,0.0013499373332358352,0.0013058518746945588,0.001541899857875939,0.0014961353585986419,0.0014774028622059053,0.0017151141294977014
rectangle,0.0014388650627983547,0.0011331016635240455,0.0014253844923686387,0.0017222238671265942,0.0017421871061930009,0.001520746338481986,0.001496468066936729,0.0014075168743302058,0.0013060437907348147,0.0015654606808431313,0.001878895038350054
parallelogram,0.0017332874219361236,0.0014253844923686387,0.001367851459860409,0.001574590120952153,0.0019145778330186144,0.0018141612958236016,0.0017241343135792017,0.0016092880587354704,0.0015006604816249903,0.0016077871869043024,0.0018715436755698067
losange,0.0019947222294291918,0.0017222238671265942,0.001574590120952153,0.0014289521169733167,0.0020408928953700805,0.0020227850301513155,0.0019496424339694699,0.0017368246724623832,0.001678081841007143,0.001693611787158623,0.0017550466025590245
isoTrapezoid,0.0013741806323776511,0.0017421871061930009,0.0019145778330186144,0.0020408928953700805,0.001176570857669838,0.0013954050981947288,0.0013625035015293267,0.0017596048029696809,0.001745821835914244,0.0014873492552307042,0.0016298534002732745
kite,0.0013499373332358352,0.001520746338481986,0.0018141612958236016,0.0020227850301513155,0.0013954050981947288,0.0012045348382306413,0.0013065257803600355,0.0016872099387399914,0.0016571103716626185,0.001630130061941978,0.0018365314858798578
rightKite,0.0013058518746945588,0.001496468066936729,0.0017241343135792017,0.0019496424339694699,0.0013625035015293267,0.0013065257803600355,0.0012121982457532691,0.0016432138696194957,0.0015994679081782015,0.0014720281028763656,0.0017575154499186996
rustedHinge,0.001541899857875939,0.0014075168743302058,0.0016092880587354704,0.0017368246724623832,0.0017596048029696809,0.0016872099387399914,0.0016432138696194957,0.001232966227895268,0.0012486556714414899,0.0016147329232478309,0.0017341781738964752
hinge,0.001496135358598642,0.0013060437907348147,0.0015006604816249903,0.001678081841007143,0.001745821835914244,0.0016571103716626185,0.001599467908178202,0.0012486556714414899,0.0012007078345479302,0.0015605350141460709,0.0017341680528601144
trapezoid,0.0014774028622059055,0.0015654606808431313,0.0016077871869043029,0.001693611787158623,0.001487349255230704,0.001630130061941978,0.0014720281028763656,0.0016147329232478304,0.0015605350141460709,0.0012858144895221792,0.0014804309261774173
random,0.0017151141294977014,0.001878895038350054,0.0018715436755698067,0.0017550466025590245,0.0016298534002732745,0.0018365314858798582,0.0017575154499186996,0.0017341781738964752,0.0017341680528601146,0.0014804309261774173,0.0013165496687796193
