,square,rectangle,parallelogram,losange,isoTrapezoid,kite,rightKite,rustedHinge,hinge,trapezoid,random
square,0.00594389883227471,0.007027275240761684,0.00914209464310115,0.010836987569547993,0.007422363377897044,0.007692707980422799,0.0072909053420515185,0.008496282972325872,0.00811715664537387,0.007861188378927186,0.00953963061915682
rectangle,0.007027275240761684,0.005805293530273752,0.007740562522651949,0.009626978913922325,0.00905874239707046,0.008569014915291086,0.008259936050133419,0.008145668843246195,0.007474219430624406,0.008366672845675743,0.010535513557425649
parallelogram,0.00914209464310115,0.007740562522651951,0.007023880271108185,0.008325657480081112,0.010434310069586268,0.010594769925430415,0.009789478932132053,0.009378526016165404,0.008634627211269681,0.008550123271860681,0.010459553653243673
losange,0.010836987569547993,0.009626978913922325,0.008325657480081112,0.0075723247000842545,0.011518073810940752,0.012091563836163393,0.011234804175085648,0.010348279491543452,0.009831605951816024,0.009182947182753684,0.010069062355918257
isoTrapezoid,0.007422363377897044,0.00905874239707046,0.010434310069586268,0.011518073810940752,0.006321815914164439,0.00777117487827613,0.007455771955211989,0.009786865181544627,0.009624929919189543,0.007896756909283697,0.008960203619503834
kite,0.007692707980422799,0.008569014915291088,0.010594769925430415,0.012091563836163393,0.007771174878276131,0.006620711094943344,0.007142912777084648,0.009886692310936526,0.009629754961615427,0.00928342271850714,0.010605382983524324
rightKite,0.0072909053420515185,0.008259936050133419,0.009789478932132053,0.011234804175085648,0.007455771955211989,0.007142912777084648,0.006380430928884702,0.009384873164959923,0.009099963490699324,0.008045750878673178,0.009669207470256442
rustedHinge,0.008496282972325873,0.008145668843246195,0.009378526016165406,0.010348279491543452,0.009786865181544629,0.009886692310936526,0.009384873164959923,0.006596453230671018,0.006764765359441667,0.00913827373914173,0.009790791524992811
hinge,0.008117156645373868,0.007474219430624406,0.008634627211269681,0.009831605951816026,0.009624929919189543,0.009629754961615427,0.009099963490699324,0.006764765359441667,0.006446168616924383,0.008703486755574924,0.00959111388202992
trapezoid,0.007861188378927186,0.008366672845675743,0.008550123271860681,0.009182947182753684,0.007896756909283697,0.00928342271850714,0.008045750878673177,0.00913827373914173,0.008703486755574924,0.006591177513598312,0.007952703323130509
random,0.009539630619156822,0.010535513557425649,0.010459553653243674,0.010069062355918257,0.008960203619503834,0.010605382983524324,0.009669207470256442,0.009790791524992811,0.00959111388202992,0.007952703323130509,0.007092594662473863
