,square,rectangle,parallelogram,losange,isoTrapezoid,kite,rightKite,rustedHinge,hinge,trapezoid,random
square,0.0014562771208476387,0.0017507879455123487,0.0021411889204057608,0.0024871252700132233,0.0016801854059413919,0.0016537553845961718,0.0015882317282716447,0.001894260039193201,0.0018363591134771503,0.0017942245092159078,0.002095798564326172
rectangle,0.0017507879455123487,0.0013996035202573042,0.0017607759704188898,0.0021477188174496634,0.0021445869539917996,0.0018800092117725084,0.0018378589812141242,0.0017537461011386298,0.001625241358868039,0.0019258133827598548,0.002334245526354011
parallelogram,0.002141188920405761,0.0017607759704188898,0.001651413905419081,0.0019124501314307133,0.002398036547967068,0.002283820412801046,0.00214037764133766,0.002015823910376387,0.0018682131696532624,0.0019697273871354124,0.0023163635171215557
losange,0.0024871252700132233,0.002147718817449664,0.001912450131430713,0.0017380205944785504,0.0025818460989627872,0.0025674041228944348,0.0024366861431263857,0.002191521144033701,0.0021052577924255706,0.0020855556576104086,0.0021920958880209335
isoTrapezoid,0.0016801854059413923,0.0021445869539917996,0.002398036547967068,0.0025818460989627872,0.0014517936355922315,0.0017264683199417824,0.001672877426789411,0.0021960181282585523,0.0021714724593720654,0.0018239082231323134,0.0020016198663305148
kite,0.001653755384596172,0.0018800092117725084,0.0022838204128010466,0.0025674041228944348,0.0017264683199417824,0.0014791795410706492,0.0015989274674548023,0.0021165501549015157,0.002079060591563451,0.0020219777272123137,0.0022947751002656653
rightKite,0.0015882317282716447,0.0018378589812141238,0.0021403776413376602,0.0024366861431263857,0.0016728774267894112,0.0015989274674548023,0.0014633766613592223,0.002050224854563075,0.0019932227376453057,0.0017920648306338407,0.0021553215421173952
rustedHinge,0.001894260039193201,0.0017537461011386303,0.002015823910376387,0.002191521144033701,0.0021960181282585523,0.0021165501549015157,0.002050224854563075,0.001502698437312302,0.0015304050829714907,0.002012615169049517,0.0021664859040520473
hinge,0.0018363591134771503,0.001625241358868039,0.0018682131696532624,0.0021052577924255706,0.0021714724593720654,0.002079060591563451,0.0019932227376453057,0.0015304050829714907,0.0014723271061201364,0.0019344422732717624,0.0021539671669007984
trapezoid,0.0017942245092159078,0.0019258133827598546,0.0019697273871354124,0.002085555657610408,0.0018239082231323134,0.0020219777272123137,0.0017920648306338405,0.0020126151690495176,0.0019344422732717624,0.0015515525150597356,0.001792797951839188
random,0.002095798564326172,0.002334245526354011,0.0023163635171215557,0.0021920958880209335,0.0020016198663305148,0.0022947751002656653,0.0021553215421173952,0.0021664859040520473,0.0021539671669007984,0.0017927979518391876,0.0016056969467709043
