,square,rectangle,parallelogram,losange,isoTrapezoid,kite,rightKite,rustedHinge,hinge,trapezoid,random
square,0.09949166503641067,0.11934267286153771,0.15534562673890093,0.17473027027201796,0.17436176470819514,0.15637566231408054,0.14375659683100891,0.1789848893343107,0.1715572305608686,0.16835639208948472,0.1928351472432225
rectangle,0.11934267286153771,0.10113139242346786,0.14865880138252008,0.17315452258358752,0.18197081506119073,0.16353433076271326,0.15175659900655997,0.17532704207489608,0.16452593779966704,0.17279673925643363,0.19695310358686427
parallelogram,0.15534562673890093,0.14865880138252005,0.11436447276014103,0.132823575661533,0.19193387183343794,0.16948241975231934,0.1603130292714299,0.17832146819007766,0.1712980634159008,0.1606472507160901,0.18397115183779905
losange,0.17473027027201793,0.17315452258358754,0.13282357566153302,0.11592416799466579,0.20595868521237218,0.18530228246158825,0.17572635711216233,0.192722177094758,0.1890683393948835,0.1675342730463225,0.18251142787032187
isoTrapezoid,0.17436176470819514,0.18197081506119075,0.1919338718334379,0.20595868521237215,0.1260608922280029,0.16018124765192454,0.15003812869940233,0.1838738738056025,0.18300238262441795,0.16435248042664488,0.18025713877699912
kite,0.1563756623140805,0.16353433076271326,0.16948241975231934,0.18530228246158828,0.16018124765192454,0.11544966776790005,0.12115564166171926,0.16941916854670855,0.1648703300555014,0.16414321493899967,0.1753454554548542
rightKite,0.14375659683100891,0.15175659900655997,0.1603130292714299,0.17572635711216233,0.15003812869940233,0.12115564166171928,0.10368524318685228,0.15860431681950674,0.15511001220952386,0.15060258648640018,0.16483689025437898
rustedHinge,0.1789848893343107,0.17532704207489608,0.17832146819007766,0.192722177094758,0.1838738738056025,0.16941916854670855,0.15860431681950674,0.1289696227252313,0.1404216960178323,0.17839742060861558,0.1800327007709616
hinge,0.1715572305608686,0.16452593779966704,0.1712980634159008,0.18906833939488343,0.18300238262441795,0.16487033005550142,0.15511001220952383,0.1404216960178323,0.13413572977333757,0.1737539087148797,0.1779789462841069
trapezoid,0.16835639208948472,0.17279673925643363,0.16064725071609007,0.1675342730463225,0.16435248042664488,0.16414321493899967,0.15060258648640018,0.1783974206086156,0.1737539087148797,0.13041589239824022,0.15808870023003627
random,0.1928351472432225,0.19695310358686424,0.18397115183779905,0.18251142787032187,0.18025713877699912,0.1753454554548542,0.16483689025437898,0.1800327007709616,0.1779789462841069,0.15808870023003627,0.13278681351992402
