,square,rectangle,parallelogram,losange,isoTrapezoid,kite,rightKite,rustedHinge,hinge,trapezoid,random
square,0.09375362795103336,0.11237598979943696,0.14287391944474462,0.15868052007820205,0.16163703774290622,0.14360870247447471,0.13117851490693822,0.16548083951501563,0.1585593674533391,0.155371382902325,0.1776246273445894
rectangle,0.11237598979943696,0.09612670692200105,0.1375173142509666,0.15818721918791243,0.16955062133771145,0.15089874513134774,0.1391245807470379,0.16319941558635545,0.15300131512047932,0.16040727042004332,0.18261178751573598
parallelogram,0.14287391944474462,0.1375173142509666,0.10442965178482899,0.12025794279062768,0.17635005693633324,0.15491624065161436,0.14510813209406356,0.16347237821169194,0.15700114423708478,0.14741289156433995,0.16882929671377092
losange,0.15868052007820205,0.15818721918791243,0.12025794279062768,0.10474027379194707,0.18803996579825322,0.16840530442828022,0.157908264006975,0.17547409360325805,0.17198967793436526,0.15258852147970814,0.16647695662717563
isoTrapezoid,0.1616370377429062,0.16955062133771145,0.17635005693633327,0.1880399657982532,0.11804010931042233,0.14840719697923194,0.13838093687217795,0.17134194639947053,0.17032559555747753,0.15303705002816337,0.16762399421069332
kite,0.14360870247447471,0.15089874513134774,0.15491624065161436,0.16840530442828022,0.14840719697923196,0.10643351482056793,0.11108727248329735,0.15673880693688105,0.15248907719974225,0.15143482376222953,0.16254380099276655
rightKite,0.13117851490693822,0.13912458074703787,0.14510813209406356,0.157908264006975,0.13838093687217798,0.11108727248329735,0.09426186711595017,0.14599605474059874,0.14273878648273303,0.13806128282820548,0.15177043982186786
rustedHinge,0.16548083951501563,0.1631994155863555,0.16347237821169192,0.17547409360325805,0.17134194639947056,0.15673880693688108,0.14599605474059876,0.11988246783158321,0.1306513284538739,0.16486244267337835,0.16677860201731992
hinge,0.1585593674533391,0.15300131512047935,0.15700114423708478,0.1719896779343653,0.17032559555747753,0.15248907719974225,0.14273878648273305,0.13065132845387387,0.12483003649723842,0.16058946402641272,0.16494913177274756
trapezoid,0.155371382902325,0.16040727042004332,0.14741289156433995,0.1525885214797081,0.15303705002816334,0.15143482376222953,0.13806128282820548,0.16486244267337832,0.16058946402641272,0.12103039958134244,0.14615775626058153
random,0.1776246273445894,0.18261178751573598,0.16882929671377092,0.16647695662717557,0.16762399421069332,0.16254380099276655,0.15177043982186786,0.16677860201731992,0.1649491317727476,0.14615775626058153,0.1232262746461766
