,square,rectangle,parallelogram,losange,isoTrapezoid,kite,rightKite,rustedHinge,hinge,trapezoid,random
square,0.0011822633255678726,0.0014038321795120342,0.0016766220129144165,0.0019168321540800766,0.0013392300813706225,0.0013143595129758684,0.0012735561225319712,0.0014972199609355212,0.0014541034281977034,0.0014361878033908172,0.0016607476061607435
rectangle,0.0014038321795120342,0.0011035038105719644,0.0013784949415190755,0.0016534559741765644,0.0016937774044538838,0.001478502162307826,0.001456688841391751,0.00136351832044632,0.0012666824854255692,0.0015179435708465767,0.001811088396749757
parallelogram,0.0016766220129144165,0.0013784949415190755,0.0013260544297989496,0.0015186211708050942,0.0018487114889014463,0.0017474171529117896,0.0016690018251666729,0.0015482030243380994,0.0014466812828679545,0.0015589130867664793,0.0018048300444389936
losange,0.0019168321540800769,0.001653455974176564,0.0015186211708050944,0.0013804933698283145,0.0019592659229784493,0.001937236360118263,0.0018751281515933733,0.0016644961828195114,0.0016089535587666408,0.001635927333179201,0.0016905330301844582
isoTrapezoid,0.0013392300813706225,0.0016937774044538834,0.0018487114889014459,0.0019592659229784493,0.001149320289228059,0.0013574007561329296,0.0013297135652830172,0.0017020308935644037,0.0016900354021520197,0.0014475441967973174,0.0015814910443772204
kite,0.0013143595129758684,0.001478502162307826,0.0017474171529117896,0.001937236360118263,0.0013574007561329296,0.001172673425562361,0.0012722123851934765,0.0016319062268467183,0.0016029239090376956,0.0015769511463978344,0.0017699369147462177
rightKite,0.0012735561225319712,0.001456688841391751,0.0016690018251666729,0.0018751281515933733,0.0013297135652830172,0.0012722123851934765,0.0011868553573273588,0.001590149753310428,0.0015490860833681306,0.0014335683252117797,0.0017029319424014928
rustedHinge,0.0014972199609355212,0.00136351832044632,0.0015482030243380994,0.0016644961828195114,0.0017020308935644032,0.0016319062268467183,0.001590149753310428,0.0012003829933983834,0.0012116469630447486,0.001559404889252789,0.001670129023859467
hinge,0.0014541034281977034,0.0012666824854255692,0.0014466812828679545,0.0016089535587666408,0.0016900354021520197,0.0016029239090376956,0.0015490860833681308,0.0012116469630447486,0.0011645884310424667,0.0015082646925441776,0.0016699254778490416
trapezoid,0.0014361878033908174,0.0015179435708465772,0.0015589130867664793,0.001635927333179201,0.0014475441967973174,0.0015769511463978349,0.0014335683252117797,0.001559404889252789,0.0015082646925441776,0.001255348009633875,0.0014416791051627372
random,0.0016607476061607435,0.001811088396749757,0.001804830044438994,0.0016905330301844582,0.0015814910443772204,0.0017699369147462177,0.001702931942401493,0.001670129023859467,0.0016699254778490416,0.0014416791051627372,0.0012804296655856446
