,square,rectangle,parallelogram,losange,isoTrapezoid,kite,rightKite,rustedHinge,hinge,trapezoid,random
square,0.06966854332397714,0.08600432731213262,0.11839909492513516,0.1311798289981875,0.12297752677186141,0.12233414150416495,0.11257066074501534,0.13484683964390318,0.1313480515912213,0.12561027255887083,0.14567697068970992
rectangle,0.08600432731213262,0.07083257781799439,0.11075751922414881,0.12745598488860038,0.12838663688635574,0.12680269557185783,0.11833188788230012,0.1287478792535766,0.12292444223395477,0.12702698135090684,0.14621836279006445
parallelogram,0.11839909492513517,0.11075751922414881,0.0869636756093059,0.10157454334076196,0.14599937210491373,0.1385702452878078,0.1336060189788252,0.1402713938057234,0.13597876742029114,0.1254948483722863,0.14375712566917612
losange,0.1311798289981875,0.12745598488860038,0.10157454334076196,0.0892703126898785,0.15501459032265513,0.14921482668574937,0.14480322448951094,0.14980258097793686,0.148107189234614,0.12953008935870058,0.14046962319166129
isoTrapezoid,0.12297752677186141,0.12838663688635574,0.14599937210491373,0.1550145903226551,0.08673950005065902,0.12086701468180097,0.11289134306509824,0.1338079743929808,0.13459128377077603,0.11554181709922488,0.13116033458167428
kite,0.12233414150416495,0.12680269557185783,0.1385702452878078,0.14921482668574937,0.12086701468180093,0.08843382005644165,0.09555182062903196,0.1298126193394338,0.12712760554329178,0.1259049847980264,0.13366904934980053
rightKite,0.11257066074501537,0.11833188788230012,0.13360601897882518,0.14480322448951097,0.11289134306509822,0.09555182062903196,0.08235526572981412,0.12181802865149416,0.1205532460982682,0.115752440153569,0.12751125166994445
rustedHinge,0.13484683964390318,0.12874787925357659,0.1402713938057234,0.14980258097793686,0.1338079743929808,0.1298126193394338,0.12181802865149416,0.0903059048354296,0.0978756639720692,0.13073990810856206,0.13078991723350458
hinge,0.1313480515912213,0.12292444223395478,0.13597876742029116,0.14810718923461402,0.13459128377077603,0.12712760554329178,0.1205532460982682,0.0978756639720692,0.09438752643757042,0.1286971334847152,0.1301834815607919
trapezoid,0.12561027255887083,0.12702698135090687,0.1254948483722863,0.12953008935870058,0.11554181709922486,0.1259049847980264,0.11575244015356903,0.13073990810856206,0.12869713348471518,0.09312169986846897,0.11365698420513365
random,0.14567697068970994,0.14621836279006445,0.14375712566917612,0.14046962319166129,0.13116033458167425,0.13366904934980053,0.12751125166994445,0.1307899172335046,0.1301834815607919,0.11365698420513362,0.09368703589371574
