,square,rectangle,parallelogram,losange,isoTrapezoid,kite,rightKite,rustedHinge,hinge,trapezoid,random
square,0.001338570199780871,0.0016024826107244984,0.0019450992040923763,0.002244796340796524,0.0015332282373266923,0.0015090946999275435,0.0014531914863683646,0.00172730804046613,0.0016760278465853746,0.0016392359419828773,0.0019142818315893994
rectangle,0.0016024826107244984,0.0012700164681053348,0.0015974240653026206,0.0019374458519924795,0.0019545958313495295,0.001710920335867815,0.001674756477755208,0.0015878499848509086,0.0014729672017873413,0.0017503581463532158,0.002114596644445618
parallelogram,0.0019450992040923763,0.0015974240653026206,0.0015120815567908434,0.0017411481878587926,0.002164342107464895,0.0020591319133695133,0.0019396934021722995,0.0018176910049681712,0.0016897589638408823,0.0017899068358376278,0.0020953672334511177
losange,0.002244796340796524,0.0019374458519924795,0.0017411481878587922,0.0015785488035781083,0.002314085004976751,0.002300825816240117,0.0021956118298270258,0.0019640981743389496,0.001892797933957145,0.001886212540471251,0.0019692012361415814
isoTrapezoid,0.0015332282373266923,0.0019545958313495295,0.002164342107464895,0.002314085004976751,0.0013183200416287011,0.0015709617153560188,0.0015256852571687266,0.0019890700924386807,0.001970316197234835,0.0016581493513180804,0.0018214850602289293
kite,0.0015090946999275438,0.001710920335867815,0.0020591319133695133,0.002300825816240117,0.0015709617153560188,0.001348806688568586,0.0014598515457429852,0.0019159732111442048,0.0018828695123707627,0.0018324934152063016,0.0020767193156622774
rightKite,0.0014531914863683648,0.001674756477755208,0.0019396934021722995,0.0021956118298270253,0.0015256852571687266,0.0014598515457429852,0.0013432428711759525,0.0018568258481363837,0.0018064488592958651,0.0016363712381141655,0.001966394706992042
rustedHinge,0.00172730804046613,0.0015878499848509086,0.0018176910049681712,0.00196409817433895,0.0019890700924386807,0.0019159732111442048,0.0018568258481363837,0.0013729058172144188,0.0013962039408151438,0.0018195191223768137,0.0019579371268109882
hinge,0.0016760278465853746,0.0014729672017873415,0.0016897589638408823,0.001892797933957145,0.001970316197234835,0.0018828695123707627,0.0018064488592958651,0.0013962039408151438,0.0013438038704156146,0.001753358462505574,0.0019524494652677017
trapezoid,0.0016392359419828773,0.0017503581463532158,0.0017899068358376278,0.001886212540471251,0.0016581493513180806,0.0018324934152063016,0.0016363712381141655,0.0018195191223768137,0.0017533584625055744,0.0014168831024558158,0.0016377545702357052
random,0.0019142818315893994,0.002114596644445618,0.0020953672334511177,0.0019692012361415814,0.0018214850602289298,0.0020767193156622774,0.001966394706992042,0.0019579371268109887,0.0019524494652677017,0.0016377545702357052,0.0014610614041594724
