,square,rectangle,parallelogram,losange,isoTrapezoid,kite,rightKite,rustedHinge,hinge,trapezoid,random
square,0.0844958333825383,0.10077762940414325,0.12539534958712484,0.13835832319341862,0.14069012955095256,0.1254743337432385,0.1141148727174944,0.1440152883077342,0.13798881685545453,0.1348919104557599,0.15392972498474378
rectangle,0.10077762940414325,0.0863835391702666,0.11930107109304773,0.13627258867877365,0.1474231222972701,0.1312102051127557,0.12030510348944387,0.14114351779635173,0.1323446951087842,0.13837269524743473,0.15747965019315285
parallelogram,0.12539534958712487,0.11930107109304773,0.08741707592358754,0.1002154562002988,0.14964802396104143,0.1305678901957893,0.12111236930980891,0.13692667243902057,0.13140131692098134,0.1236191157894786,0.1417829122124996
losange,0.13835832319341865,0.13627258867877365,0.1002154562002988,0.08725346949690882,0.15929608673116877,0.14192413895565867,0.13155861823440174,0.14692797841874533,0.14383717435374055,0.12772433499828895,0.1394327621639643
isoTrapezoid,0.14069012955095256,0.14742312229727006,0.14964802396104143,0.15929608673116877,0.10179337527529683,0.1261563433277867,0.11722743193979826,0.14659365187601073,0.14512771931377036,0.1305320491955886,0.14274781684474583
kite,0.1254743337432385,0.13121020511275566,0.1305678901957893,0.14192413895565867,0.1261563433277867,0.08968194972734486,0.09290596445696364,0.1320502442033769,0.12861694768528384,0.12753902222141075,0.1370942101280202
rightKite,0.11411487271749438,0.12030510348944387,0.12111236930980891,0.13155861823440174,0.11722743193979826,0.09290596445696364,0.07807226458498355,0.12257617697205847,0.11984585644300895,0.11542124659596321,0.1271769548608922
rustedHinge,0.14401528830773422,0.14114351779635173,0.13692667243902057,0.14692797841874533,0.14659365187601073,0.1320502442033769,0.12257617697205847,0.10105170777172381,0.11012712312214251,0.13893275680133774,0.14049168004711032
hinge,0.13798881685545455,0.1323446951087842,0.13140131692098134,0.14383717435374058,0.14512771931377033,0.1286169476852838,0.11984585644300895,0.11012712312214254,0.10517411231655859,0.13508364493433334,0.1389781086619855
trapezoid,0.13489191045575988,0.13837269524743473,0.1236191157894786,0.12772433499828895,0.1305320491955886,0.12753902222141075,0.11542124659596321,0.13893275680133774,0.13508364493433336,0.1018610964540708,0.12279573538219359
random,0.15392972498474375,0.15747965019315285,0.1417829122124996,0.13943276216396433,0.14274781684474586,0.1370942101280202,0.12717695486089223,0.14049168004711032,0.1389781086619855,0.12279573538219359,0.10334460836811658
