,square,rectangle,parallelogram,losange,isoTrapezoid,kite,rightKite,rustedHinge,hinge,trapezoid,random
square,0.0029595057716191677,0.0034806377529725666,0.004042990610290817,0.004515295531506405,0.0033093069147620844,0.0032395839940238982,0.0031443193716890585,0.003667892856936392,0.0035872650241390823,0.003495453754047697,0.004008199641967242
rectangle,0.0034806377529725666,0.002715467977366175,0.0033215114849265426,0.003889160937862315,0.004175976841276964,0.0036447184483494313,0.0035807915781150713,0.003282630141990501,0.0030728573929461956,0.0036739284814335323,0.0043429352017774975
parallelogram,0.004042990610290817,0.0033215114849265426,0.0032327068401099466,0.003623140269883947,0.0044376761950470365,0.004186563121118111,0.0040137055213929915,0.0037067493486368543,0.0034931582504730808,0.0037652946596249733,0.004342650091010525
losange,0.004515295531506406,0.003889160937862315,0.0036231402698839463,0.0032947565407796305,0.004595556079864679,0.00456043018551781,0.004421476404864132,0.003944287066351753,0.0038260165840840197,0.0038652265356885086,0.004005332497727949
isoTrapezoid,0.0033093069147620844,0.004175976841276964,0.0044376761950470365,0.004595556079864679,0.0028321898809870504,0.0033482717145146843,0.003276937489375077,0.00415968416458494,0.004158713709842647,0.003492770911338204,0.003798991263824033
kite,0.0032395839940238982,0.0036447184483494313,0.004186563121118111,0.00456043018551781,0.0033482717145146843,0.002939805696171374,0.0031530945016828315,0.0039793488322588475,0.003920496570682299,0.0037752892757019836,0.004216614872846955
rightKite,0.0031443193716890585,0.0035807915781150713,0.004013705521392992,0.004421476404864133,0.003276937489375077,0.0031530945016828315,0.0029612942604672053,0.0038535265600497994,0.003775878237892203,0.003468059571213181,0.004093503904144478
rustedHinge,0.003667892856936393,0.003282630141990501,0.0037067493486368534,0.003944287066351753,0.004159684164584939,0.0039793488322588475,0.0038535265600497994,0.0029666952843916423,0.0029867640981559272,0.0037651036223085416,0.004062472309090801
hinge,0.003587265024139083,0.003072857392946195,0.0034931582504730808,0.0038260165840840197,0.004158713709842647,0.003920496570682299,0.003775878237892203,0.002986764098155927,0.0028859664938624898,0.0036622128571665176,0.004063618195393707
trapezoid,0.003495453754047697,0.0036739284814335323,0.0037652946596249733,0.0038652265356885086,0.0034927709113382033,0.003775289275701983,0.003468059571213181,0.0037651036223085416,0.0036622128571665176,0.0030448440684117846,0.0034959469587107143
random,0.004008199641967242,0.004342935201777497,0.004342650091010525,0.004005332497727948,0.003798991263824033,0.004216614872846954,0.004093503904144478,0.004062472309090801,0.004063618195393707,0.003495946958710714,0.003097592963654596
