,square,rectangle,parallelogram,losange,isoTrapezoid,kite,rightKite,rustedHinge,hinge,trapezoid,random
square,0.0032478504088768513,0.003953777413283529,0.005082790656845338,0.006045433185888606,0.003911007102542314,0.00391208707600333,0.003742697059901102,0.004471594877095617,0.00431751010560359,0.004228134860799414,0.005067136175873212
rectangle,0.00395377741328353,0.0031738082227794413,0.0041645324916827825,0.005256168847766622,0.0050057492142436535,0.004477369284600804,0.004369350742621033,0.004217976407347628,0.0038798019862167094,0.004569104413287393,0.005715172274526019
parallelogram,0.005082790656845338,0.0041645324916827825,0.0038680740326033068,0.004589118508447351,0.00582861514027215,0.005655086792893568,0.0052466970198274,0.004964873469976365,0.004562188714040951,0.004716287067856544,0.005735829677163698
losange,0.006045433185888605,0.005256168847766622,0.004589118508447351,0.004147694080126422,0.006412389147310475,0.006515939043050728,0.006089293678575739,0.005522979427761256,0.005260269361712337,0.005032122449092526,0.005438824259891465
isoTrapezoid,0.003911007102542315,0.005005749214243653,0.0058286151402721495,0.006412389147310476,0.003403278444421623,0.004098655585212113,0.003960550854988735,0.005320226435194604,0.005240090203014496,0.0043266642098032234,0.004840456011351292
kite,0.00391208707600333,0.004477369284600804,0.005655086792893569,0.006515939043050726,0.004098655585212113,0.0034908562182485604,0.0037739757751189813,0.005222344685035876,0.005108066681498525,0.004941766586041973,0.0057271107281345445
rightKite,0.0037426970599011024,0.004369350742621033,0.0052466970198274,0.006089293678575738,0.003960550854988735,0.0037739757751189813,0.003396029509165031,0.005032257021457927,0.004888728525999167,0.004295671932012231,0.005272569912043476
rustedHinge,0.004471594877095617,0.004217976407347628,0.004964873469976366,0.005522979427761256,0.005320226435194604,0.005222344685035877,0.005032257021457927,0.003482107656408305,0.003577513796052514,0.0049198275754323085,0.005335690525196536
hinge,0.00431751010560359,0.0038798019862167094,0.004562188714040952,0.005260269361712337,0.005240090203014496,0.005108066681498525,0.004888728525999167,0.003577513796052514,0.0034350371941498452,0.004701049387862741,0.005265829500504361
trapezoid,0.004228134860799413,0.004569104413287393,0.004716287067856544,0.005032122449092526,0.0043266642098032234,0.004941766586041973,0.004295671932012231,0.004919827575432308,0.004701049387862741,0.0036444999121366317,0.0043054491242486646
random,0.005067136175873212,0.005715172274526018,0.005735829677163698,0.005438824259891465,0.004840456011351293,0.0057271107281345445,0.005272569912043477,0.005335690525196536,0.005265829500504361,0.004305449124248664,0.0038554684012113705
