,photo_face,photo_profil,photo_eyes,photo_face2,photo_walking,photo_standing,photo_hand,photo_legs,photo_bird,photo_butterfly,photo_girafe,photo_fish,photo_cherry,photo_tree,photo_flower,photo_carrot,photo_watch,photo_key,photo_truck,photo_velo,photo_road,photo_house,photo_mountain,photo_windmill,drawing_face,drawing_profil,drawing_eyes,drawing_face2,drawing_walking,drawing_standing,drawing_hand,drawing_legs,drawing_bird,drawing_butterfly,drawing_girafe,drawing_fish,drawing_cherry,drawing_tree,drawing_flower,drawing_carrot,drawing_watch,drawing_key,drawing_truck,drawing_velo,drawing_road,drawing_house,drawing_mountain,drawing_windmill,geo_face,geo_profil,geo_eyes,geo_face2,geo_walking,geo_standing,geo_hand,geo_legs,geo_bird,geo_butterfly,geo_girafe,geo_fish,geo_cherry,geo_tree,geo_flower,geo_carrot,geo_watch,geo_key,geo_truck,geo_velo,geo_road,geo_house,geo_mountain,geo_windmill,word_face,word_profil,word_eyes,word_face2,word_walking,word_standing,word_hand,word_legs,word_bird,word_butterfly,word_girafe,word_fish,word_cherry,word_tree,word_flower,word_carrot,word_watch,word_key,word_truck,word_velo,word_road,word_house,word_mountain,word_windmill
photo_face,0.0,1817.67836864524,2686.850033910026,2200.8982050026275,2176.749461679511,2013.933658090078,1396.4465704302977,1789.037431954344,2848.2851131386833,2743.5605425414265,3041.3828087456063,2816.2248169452737,1923.5234891245502,1484.8179942324266,2435.0229183968836,2343.632689289238,1796.0708039458946,3163.2076280780334,3113.6723072377154,2589.7378473954227,2737.321909654746,2206.3719962714426,2583.7079910033613,2146.8928861361783,2364.706013238737,2436.550214478573,3413.6725456905806,2699.1758699187644,2130.140252476625,2061.6953696713426,2081.7999334409214,1888.6874670908858,2751.849601270937,3076.5430203411993,2481.999665225943,2894.0143976369295,2372.7925883903913,1817.5446750390786,2051.518881917763,2484.2649386067606,1933.6905199257792,3354.257771466217,3068.023766615182,2605.139903910609,3025.725488892891,2642.4801022420943,3039.288911916501,2009.1578185090218,3014.496082214038,2697.900067316158,3278.1870069026363,2885.526387140759,1976.836649020106,2389.722390714277,1973.5203207979744,2398.9412760135187,2646.9596065416595,2563.3104717817528,2906.1679960475058,3175.7624151159357,2698.183444529393,2429.304525034005,2278.5247049920026,2687.639797844221,2622.1905922948263,3367.1762856567543,3276.369425172861,2818.782140584668,2275.429950379306,1962.2202487741479,2937.246903820292,2064.4488444357103,2938.1406196047333,2955.772037313518,2998.4279882575674,3125.6293812215026,3308.2756338077597,3294.9246793810426,2932.1286028099867,3236.992129350891,3189.7589252320186,3248.1453981066747,3045.8799906594268,3284.3000044815576,3260.52164764,3007.678551746286,2984.767750478507,3218.07392914098,3171.5975636866706,2927.8861505949835,3234.245274553982,2927.1779848028364,3033.300619904972,3200.282536211371,3335.193899685808,3081.214606906216
photo_profil,1817.67836864524,0.0,2258.2341349641147,1728.019081899418,2657.529517654256,2785.23714649518,1842.588345518609,2652.8908406754654,3063.5089313472813,2544.364800782066,3036.8764422164436,3043.021309352251,2153.3637297432283,1857.8066396971697,3167.7880854609707,3126.696179879016,2731.8630356242575,3255.3034867349525,3053.2227546705262,2636.516795817952,2315.9747874960194,1460.973587286232,2741.073755157393,1775.059773417407,2918.057879680239,2087.1962186862747,3574.3358679638573,2672.452976973093,2670.930326129262,2819.3313301423996,2702.5720072451995,2176.918298312435,3085.2104353742234,2782.961047532224,2951.5722178019723,3194.5802160662365,2319.801797686744,2823.0537464334825,2656.2947069612305,3288.3616065755414,2895.1637494372585,3558.9754704268057,3155.885108703122,2639.8991015683832,3346.117534406431,2489.5050898802333,3400.216670267662,2270.0227113559918,2790.5649329577805,3447.2969491614913,3529.5548776950723,3347.8003556366107,2732.6566717031533,3060.7490594507685,2437.188706434965,3191.541274478507,3392.4737201628527,2429.486697294619,3195.616006353725,3366.3042575104832,2778.2463838203303,3184.981390148527,3096.849989523073,3423.7765005990136,3367.5858173802726,3636.4225121063123,3341.8710287428507,2951.163824503522,2619.343467319541,1922.2778519556252,3337.9960516593856,2411.066479787613,3525.0975885734974,3421.9152430893696,3507.2751405921936,3440.6364594275924,3547.939679260817,3545.452942906356,3439.817703877308,3504.125977936069,3455.1533136984062,3529.122646213762,3389.7048066556904,3539.331487737306,3514.5692804707583,3441.954032456479,3477.0149733063254,3478.396140601665,3447.418471225948,3567.281189655618,3493.1854678235345,3507.825431516403,3492.4168815187622,3464.44948053382,3601.8664826000413,3473.5763790183714
photo_eyes,2686.850033910026,2258.2341349641147,0.0,1795.0152872215085,3060.867011762229,3322.5383691535826,2600.587726515736,3272.908359384051,2521.845801992058,1851.8498157187678,2929.326416725221,2497.744044860466,2623.4150745660922,2628.5641559703145,3621.324265602693,3429.843266243579,3196.6117952704185,2673.844644675698,2122.9064743168674,2009.0234702514708,939.4875644585335,2061.7147953133303,2265.5891039571197,2128.449977093631,2965.343447173175,2664.3357835165198,3101.7093928866543,2115.437557574704,3209.5046983920383,3216.659085751169,3267.9395354409144,3014.442797956459,2751.7152637693057,2330.801466010247,3426.8941535612535,2741.6193690867503,2123.922448691664,3100.374329014904,3133.4731973149424,3589.8387552782865,3208.385800859814,3152.76110711657,2443.7648981111624,1927.563216237464,2948.73036553598,1499.548764779625,3084.5074509167057,2871.1927031175696,2886.968211462094,3693.280345203774,3147.414173536842,3762.1632308087046,3150.0437074717315,3503.8355874066465,3204.568083270164,3582.527668224465,3666.025334097387,2364.655103433524,3495.7191353161593,2818.8223436210237,3284.415997082357,3392.790520391197,3432.8499417426738,3685.909994774876,3611.6984998988078,3267.6596288911005,2677.4799273953995,2281.082192659596,3231.1050210265885,2772.807407162737,3051.947353696141,3010.282436530965,3442.244369702318,3308.2316116873726,3435.6986216284463,3133.6188097329086,3097.823160596475,3102.4667575708963,3321.905585798138,3080.187694531809,3103.791129022796,3087.495546363422,3166.082444496764,3091.894234335948,3091.3403108048487,3303.4473019387497,3354.0983490912317,3087.000381712452,3079.7939095862293,3486.234363365257,3059.2430792002087,3423.503411801282,3362.6290452487324,3065.427111485236,3154.7138137415377,3305.2975533427693
photo_face2,2200.8982050026275,1728.019081899418,1795.0152872215085,0.0,2790.2946575293336,2994.451720224979,2284.879546067271,2948.3840539288335,2759.524369335487,2178.765128161661,2851.142673672883,3033.6432452153645,2366.4599366197112,2235.6612353065725,3391.877437415186,3292.612077706098,2980.0077274197765,3181.8996265122632,2844.4900260599293,2525.1317098342893,1911.2119165786191,1779.50293936277,2618.2327185946947,1932.674478753613,2773.2368938694613,2431.90213197434,3562.8375073418115,2294.0611368487694,2868.520586060008,2992.241148588628,2982.7462822731673,2456.7086649874477,2980.2208538643818,2561.2621536945576,3211.3989249407014,3206.316651883528,2269.569418357059,2943.1654755838963,2874.303674999492,3469.504909443339,3061.770291443782,3554.204622777328,3098.427568543915,2451.445800377551,3284.669101241551,2091.421586386914,3425.5363685990137,2476.4464762103976,2916.0237848827564,3606.112575770115,3538.7840870593714,3555.9113138092794,2840.4320318495443,3218.2926153677477,2813.70369865915,3427.857183418102,3566.488744455822,2322.466476277937,3356.1504705191933,3314.161009911634,3037.730188214839,3287.9397937179256,3243.707208664462,3583.8690612878822,3544.407952815298,3620.872820030669,3222.9705449134603,2788.3068823198946,2915.348058364086,2430.5006258043277,3276.502245858813,2687.5700582820186,3573.0197259983006,3461.8695280075226,3579.5894816638747,3454.804064519602,3541.578182700185,3547.2215084492004,3471.439515668552,3520.7929989552754,3488.9443939341622,3495.4287293598877,3434.245348900773,3536.9962673920263,3520.4794023111217,3512.726365963187,3490.419834364385,3494.5107638801055,3452.9170606176494,3578.855998396324,3494.573138448176,3555.9250675661265,3542.687575098987,3464.0133922375708,3572.455291209153,3518.357105276673
photo_walking,2176.749461679511,2657.529517654256,3060.867011762229,2790.2946575293336,0.0,2127.420018931772,2074.55019721801,1899.1365614944673,2858.6953983100047,2944.9037517748557,3146.3911435244186,2760.663274671718,1747.0169725945884,1944.2895080019555,2431.4198107847483,2155.4360319741663,2040.1468113308006,3065.6518397567424,3086.0670409714476,2688.5168527264364,3070.9337041744084,2945.584434232459,2282.5595308815505,2736.3160337695163,2234.7122591477855,2611.9379034237695,3218.3987158496693,2785.4060562140216,1515.067516551973,2409.1573757815427,2388.030918886729,2191.0731555518505,2722.489335543066,2998.0877287355192,2116.010194623854,2715.846704352606,2623.075464858929,1985.296678032415,2575.7437438500388,2269.5996793928207,2023.258674880655,3183.490840885413,2892.6210682815677,2602.328594575663,2896.647158428139,2742.710969947757,2609.269563752276,2389.2539975622385,2939.4506537184257,2360.2584016614323,3134.4877398061,2830.531508287791,1803.0396207227202,2259.5639753696846,2133.3150605960873,2326.315255064346,2382.2459719286235,2630.620433421291,2376.8966498470904,2943.840435184225,2260.1843377747705,2033.578506733804,2406.1912888630095,2421.4168230594455,2300.2163505880076,3139.785120522964,3059.462424124672,2763.8462307232285,2195.808354453383,2327.349275311367,2768.6397777289144,2371.1170376718223,2625.474551174829,2750.3104468889137,2744.875327553299,2970.4861889023305,3052.3818736551652,3057.4608922925695,2677.3860261832024,2972.183427070494,2989.452782018455,3070.278414111123,2858.7047270921807,3072.339585541972,3014.7256669075387,2761.8824414782016,2741.788407304733,3009.125161241793,2969.002798401859,2588.790624764949,3004.8199500206943,2613.7427318419514,2781.339425562783,2994.187981721051,3155.5312046916533,2836.286124877881
photo_standing,2013.933658090078,2785.23714649518,3322.5383691535826,2994.451720224979,2127.420018931772,0.0,2168.10335934411,1448.1706812928246,3048.6559367927025,3317.254795197305,2949.1373445698027,2988.9017524547075,2461.5085656111078,2284.099994459855,1581.8227596037161,1617.2812554369034,1519.765125119387,3271.206493467896,3369.7095175530026,3074.6311406627033,3313.6901833345464,3119.426544836508,2832.512974196102,2626.9704196908897,2524.5177688134795,2976.9318877714013,3498.4172088205537,3027.4606103245183,2182.9093609383626,1772.5159267185302,2252.2802677998443,2126.6469045899926,2811.9069385900175,2857.0884072910676,2034.2661870695445,2947.128557543693,2748.422649914891,1882.3589064036842,2029.3551102860924,1680.0373634642908,1780.6840424564748,3335.7724661978696,3182.692938062264,3050.116035601102,2846.0642078254764,3074.8408788203874,2904.9320948403215,2064.237659628619,2731.7899959985866,1942.9552108592266,3288.7378262492543,1999.5399744251577,2112.4356379509213,1884.8341906811065,2235.411835694864,2120.9500304853286,2112.591536546677,2659.1225925842864,2381.5688827906447,3158.001548926484,2593.996426216355,2154.2185918041373,1740.312730002658,1835.7892278803836,1882.2303610643658,3256.387968875556,3253.1698373301606,3063.522263504475,2407.146416006896,2520.2295128734254,2666.422928933237,2122.2167109592046,2753.449831546651,2904.1491982910243,2879.7086451970454,3090.740168510965,3226.485747370859,3222.3144752501175,2838.9946212997443,3148.7205360402977,3153.9991056156327,3192.952236255979,3033.367291663587,3216.4047340619195,3173.3235712560077,2915.878055337599,2884.0879019698473,3191.6259847814817,3137.4574232240743,2717.818562805504,3185.134116672118,2742.899021013298,2910.54748959549,3151.7032119682012,3271.854102254073,2980.365266552169
photo_hand,1396.4465704302977,1842.588345518609,2600.587726515736,2284.879546067271,2074.55019721801,2168.10335934411,0.0,1964.1812324182138,2971.860331163846,2680.4032881629087,3068.633404618858,2621.7748968192213,1749.2424422252152,1639.9116201333952,2586.712014914899,2400.900374101666,2023.3250220043813,3045.6802421954308,3034.859095969609,2486.8533934544967,2645.056580793749,2221.331236019703,2500.778458223585,2117.40404314753,2598.5363290203504,2339.2367524781025,3233.7853536903376,2640.248074209661,2180.2460231844966,2234.9721324716,2169.7971229142336,2134.9336006688236,2910.771304940399,2950.593845430976,2440.1040805058497,2746.321088202437,2212.8099853140357,2027.904284648855,2250.3691718423474,2546.386256198803,2110.0670050591657,3234.0128533225875,2837.4763984694373,2536.6724450035426,2931.6939634816686,2537.1057778972204,2909.1614606990547,2053.7883459365357,2988.848737183244,2777.8336956470193,3126.13386165933,2942.2153562967237,2236.631021953676,2579.1930194833044,2002.6387807111153,2514.109423840104,2738.7067433686457,2378.59364777032,2777.2098512191747,3036.5978006858,2635.6802914095488,2486.703010648231,2491.7094070878666,2720.7169846099478,2621.85711317976,3295.3765422169104,3172.7136141464407,2752.0539429842192,2416.6550854970533,1995.7021781145722,2897.119995982218,2151.9435391655684,2913.7170092205774,2871.6873849560816,2945.5808946755615,3016.769485233437,3145.168614316515,3132.336703280372,2872.642528214225,3069.240626553881,3059.5676684864984,3110.4534617614695,2922.653113659544,3130.5283644764536,3098.380203247758,2890.8760915861917,2923.247772131446,3058.5214020961757,3036.8449836108716,2906.3150854781916,3072.315169085786,2888.1357383232194,2950.1815089937245,3053.0512787691823,3179.330685189746,2961.0900624851647
photo_legs,1789.037431954344,2652.8908406754654,3272.908359384051,2948.3840539288335,1899.1365614944673,1448.1706812928246,1964.1812324182138,0.0,3147.9325082446035,3287.652708118493,3254.0097629002585,2996.8248664215002,2313.6683325543954,2011.7559367887513,1899.2201967078806,1764.0735837573823,1540.03994863289,3304.5158406667692,3405.3153529691717,3027.7062706714228,3287.551954377417,2952.5894475848913,2758.955677626891,2697.638743569726,2443.0018012194287,2865.4749055250245,3395.3634227498214,3059.5849819645127,1826.5650765916532,1816.0001608027537,2210.2462654634774,2113.5031833910934,2902.8579875352148,3063.504388778594,2255.5007112171675,2958.814403578473,2653.068286770129,1709.1336237127873,2166.141002560304,1793.1597223713277,1622.6746402057138,3356.262756591031,3248.270426456392,3007.9820203055906,2963.099686263141,3042.8048994013407,2967.565106905742,2284.000233189225,2795.6818169294693,1727.7711680243774,3275.945689051863,2437.1222098077405,1818.777172958963,1856.31474176468,1987.9777819214921,1876.6519583179245,1937.9072912864658,2712.7918222911876,2667.1049237239426,3156.05197276988,2336.1819775064996,2103.9417719921707,1988.3300630934737,1997.9377063070585,1962.1255294617736,3330.787092752202,3339.077246362095,3047.8208634387915,2414.4589496941157,2356.594916160244,2795.766621666901,2256.06809722649,2809.5788837603995,2916.0554127682276,2917.62329327589,3119.7936217563038,3228.126304699844,3229.1274463662153,2878.9858285597957,3156.655476308226,3179.554823712375,3202.092758486118,3041.5635965785095,3241.790899160396,3195.5262176156316,2950.615381445658,2929.6741409659576,3170.477401448694,3142.5709645393204,2758.1699596294975,3176.4077878479497,2791.076266156166,2933.9573264554106,3178.7638181442057,3305.1307249215506,2991.988942515723
photo_bird,2848.2851131386833,3063.5089313472813,2521.845801992058,2759.524369335487,2858.6953983100047,3048.6559367927025,2971.860331163846,3147.9325082446035,0.0,2241.902612924396,2737.826602503517,1924.8362305440019,2794.33256815402,2800.554081435426,3193.7457300031433,2851.1359162791045,2623.9841538939027,1749.3033840404194,2322.5916796250945,2103.53338625167,2549.7118194351337,3172.863475633812,2502.1917673491457,3010.931615381499,2732.194535206202,2804.8214134484397,2313.5767679190803,2241.361540677311,2958.4976773346084,2844.4174145874563,3116.277765703784,2849.9517190038778,1449.7192551717133,2874.6832026482784,2869.017824378059,2005.379949600345,2759.5011493200273,2730.0787944837934,2823.042380661584,3013.0330372353146,2619.7486038137868,2078.86633610309,2407.7511070869573,2085.1800048949444,1936.378769609554,2178.7397434153195,2249.6829392629975,2987.610238736483,3094.6361275345625,3081.2036910560228,2143.2476136287305,3160.8900688066906,2799.2566834434665,3035.519736258357,3022.874842263743,3046.6370045146455,2971.6177602557955,2718.0184860669274,2792.0072019530367,2019.7528049491486,3244.0721097505198,2812.3263901574587,2880.05035249716,3041.404047460412,2850.6026396588277,1986.41377889995,2601.2683866403695,2212.2617968785503,2945.991147886548,2701.819010972683,2632.8548567527155,2913.2220866955436,2222.422241342346,2121.4839130258238,2204.8755269046214,1965.938415289116,2041.3577699820144,2036.652710945143,2066.694701187283,2019.1084601737064,1965.489930444566,1972.6079821583382,1966.4582382308686,2013.8431359753624,1983.3464259030782,2087.951412435859,2061.213229342124,2000.419212093503,1918.9522846662044,2239.9750799704866,1999.4963593315347,2211.970454914333,2106.56059599428,1922.5636488296623,2149.923204972764,2064.524380626148
photo_butterfly,2743.5605425414265,2544.364800782066,1851.8498157187678,2178.765128161661,2944.9037517748557,3317.254795197305,2680.4032881629087,3287.652708118493,2241.902612924396,0.0,3100.4206914654937,2416.7919847026315,2642.289584156264,2722.380787409505,3670.468972087645,3438.3871687911123,3177.1634027832392,2592.9951481205944,2288.299967561709,2033.5272871719626,1918.3003372788771,2639.872964582084,2509.6757583978647,2368.3897439834004,2990.5817203696342,2513.3041640633246,2944.370872789925,1465.3543187309278,3047.163337043891,3178.394455050817,3211.029642037253,2958.6379831217782,2373.0049430628583,2513.8005235571054,3351.742885998468,2630.170508734733,2458.712448131649,3052.336350236981,3081.275751458088,3605.6058465474475,3122.309046365941,2966.9090416057015,2397.1073767091884,2051.6011446849084,2721.043782180528,1788.6579411683208,2843.655364846744,2635.162902021384,2981.9969245353545,3648.0128619644847,2934.960956616542,3561.687493570417,2959.835539271485,3304.7777597826607,3101.343901634151,3463.6730362647495,3535.2124537745544,2340.243425503226,3308.2149788842316,2678.6650351175285,3420.2839767086116,3282.1436614027666,3412.798224639126,3648.6203178174724,3549.7047724626805,3058.955704912763,2696.085563462496,2267.3339949854867,3177.568885705038,2708.5548005648157,2921.632018947493,2796.610297515687,3054.9549132980424,2906.1344263362384,3033.112033512906,2845.6046276441816,2977.497235645936,2987.7108255638714,2925.95700372924,2922.718010431796,2871.7798208839017,2956.287713764886,2810.669935552574,2972.8037528305695,2931.6652158455217,2914.115704241785,2959.0500392465838,2893.6302196025126,2846.0706401111256,3098.615046842945,2911.146991196854,3037.46207809432,2993.6625476879058,2859.2837357025933,3046.453739768802,2935.9516620691697
photo_girafe,3041.3828087456063,3036.8764422164436,2929.326416725221,2851.142673672883,3146.3911435244186,2949.1373445698027,3068.633404618858,3254.0097629002585,2737.826602503517,3100.4206914654937,0.0,3172.0616356870537,3026.144047497766,2924.2512646947016,3043.349674236987,3046.7080737766746,2906.979698484088,3091.053055609091,2945.0115020165367,3034.8731423900613,2948.6263814408744,3046.311999310171,3073.76808186815,2848.5547412493534,3017.2605271918383,3139.8758845332527,3436.7816920664277,2888.554880446169,3114.514200663799,3007.1729721257952,3040.908712760832,2801.601292632093,3085.4731030637736,2864.308144365721,2621.1840155866726,3171.5339780406325,2901.8069910568497,3074.2624209014966,3142.081475418734,3190.793043395208,3026.8323969348503,3322.3860441977135,3031.308107440547,2895.8868121840983,3085.71001744163,2920.5725924360304,3238.476459243977,2846.097992730537,2936.966265440528,3290.0509718115836,3333.09517304984,3078.318459691775,3076.439440717326,3097.3422155700846,3053.617410436647,3226.212508170506,3611.830556384412,2970.7257559172567,2604.365358653556,3196.7687864278996,3193.8131325477566,3224.733748417867,3003.887836646364,3199.0460883528945,3211.76090241417,3186.7141434365208,2923.774640877394,2987.088545167684,3082.6619287097724,2955.2888119423674,3145.445146211148,2879.553427373793,3343.1275952482356,3292.3668265108554,3351.8119385800264,3314.223150997576,3308.4708710200566,3304.064085960776,3251.597617464902,3281.9479615973833,3270.655888859781,3296.444167900186,3272.4767185004885,3316.3520592667483,3275.6506426363944,3323.8850749939393,3243.4551877554986,3315.5358640692484,3260.6850401328575,3294.809811896595,3290.9208756082558,3324.171251814252,3294.1476376026494,3255.1632325702008,3395.1801295574237,3282.118366083488
photo_fish,2816.2248169452737,3043.021309352251,2497.744044860466,3033.6432452153645,2760.663274671718,2988.9017524547075,2621.7748968192213,2996.8248664215002,1924.8362305440019,2416.7919847026315,3172.0616356870537,0.0,2680.9317562029846,2707.162285418146,3160.148991462694,2733.3242941102976,2557.692966951944,1572.4840127869802,2200.233206323084,1701.369479205891,2506.6168671294054,3117.775529044667,2205.8697769496966,2970.198308012402,2811.6007674403277,2794.8417602497393,1831.3892457019854,2431.2822080722412,2929.19503743581,2844.5709951708823,3091.1572741893756,3074.9530671981215,2086.6623118269285,2917.9689765736593,2920.5926281071183,1166.3060180104567,2390.7874940093097,2616.1778387240033,2800.0557586239584,2882.5806527834657,2511.954174533244,1854.1295761512263,1794.5696859523346,1805.1932098677214,1637.2258522250786,2121.096611154814,1813.6035036820358,3013.4265600156314,3244.6896207979016,2926.633714289921,1679.2619168506724,3258.986355639411,2942.6625891450917,3116.4068355218465,3058.197697633935,3000.815089640069,2814.818717050074,2739.1325119399166,2870.261542204356,1524.9983401510199,3159.2478772785544,2703.5013453418505,2870.645112425096,2953.257366108152,2723.89708072499,1985.4054137032022,2378.6365092696233,1983.667209501018,2923.9723241954543,2653.860612101487,2316.127547646359,2973.408764826518,1991.2747280767585,1810.659674602481,1992.829623826084,1611.4498697494926,1621.9920695316277,1576.7623049775127,1821.7443038623965,1489.6842680736306,1517.8414608834514,1566.6065210378529,1564.56730518595,1586.4627324827572,1522.285806974875,1739.0053902989691,1882.9250752156922,1494.1057024220636,1500.0433538712184,2066.9767277656024,1485.6046896472442,1966.283196401237,1890.1306413763236,1468.4855710818813,1697.7682511792864,1771.0676583520817
photo_cherry,1923.5234891245502,2153.3637297432283,2623.4150745660922,2366.4599366197112,1747.0169725945884,2461.5085656111078,1749.2424422252152,2313.6683325543954,2794.33256815402,2642.289584156264,3026.144047497766,2680.9317562029846,0.0,1501.8180515141603,2869.9368615326,2546.5846271540063,2260.0260549498635,2829.5582904893936,2815.3524632864455,2315.384449131772,2708.8599534135355,2399.728432990445,2005.0653371409971,2292.979543513978,2466.51306773065,2463.702274223201,3078.89973347945,2752.2173808220814,2030.5013778919936,2624.9465819594125,2468.8991520777786,2088.2492766648097,2776.831946765082,2898.0045483234962,2362.9382178907836,2673.94650103401,2307.278636215947,2133.1098625853388,2758.3148039588127,2666.1534233347643,2265.0164866225646,3085.3092486931973,2632.2150142368187,2294.026856670237,3011.897093612545,2412.2783999197704,2563.8798700610973,2141.9297666152775,2994.4501176942176,2933.3160664430493,3032.611959383453,3185.2434981135602,2208.4498033120094,2732.020475961796,2276.1284263036596,2537.13933827842,2781.3390131817014,2484.596698849881,2547.4239400217566,2962.109986977749,2267.93924463241,2374.624654986849,2721.412657738429,2815.6098719709157,2710.0140581336696,3110.4350795903497,2891.7070604584146,2578.430521501705,2214.001726130513,2017.6910104586505,2888.6009501856493,2225.410528084401,2826.751763882497,2771.9563346456134,2821.3397439365986,2966.664612957508,3004.1980527447877,3018.702142939543,2753.80726897659,2965.527684109333,2903.8783261566123,3126.128142125126,2801.9261641223297,3035.115127212816,2994.96392349988,2792.6941995556645,2785.0230138285965,2961.8623661427355,2939.987931915745,2793.6542786846535,2974.0266482332104,2811.710280757464,2821.0344592403812,2956.74613092388,3151.092573068836,2839.8368984381814
photo_tree,1484.8179942324266,1857.8066396971697,2628.5641559703145,2235.6612353065725,1944.2895080019555,2284.099994459855,1639.9116201333952,2011.7559367887513,2800.554081435426,2722.380787409505,2924.2512646947016,2707.162285418146,1501.8180515141603,0.0,2688.389953936385,2298.2549909141867,1878.909694362475,2989.475477110004,2995.650133774848,2434.6928758396953,2692.9930615309704,2082.2436665347745,2090.411057646364,2133.8532497418482,2434.9939476103436,2528.037340039078,3248.221163107793,2710.3364730943113,1899.250339584965,2285.930671848385,2452.3245481380977,1928.93375709318,2733.860260554,2879.948251971226,2321.8388560220233,2727.8630604191303,2240.114956139792,1798.6204360912798,2616.9651535856583,2493.9546798272386,2034.9495360345268,3205.5839384863807,2827.7455583681285,2437.834259458133,3003.815049796455,2542.966865333819,2749.1508332003455,2024.7918581575286,2941.257571904629,2707.3106539929754,3158.7942675728723,3152.760868924851,2036.8353748927998,2535.4355128495336,1931.4758380008916,2397.738045549943,2654.5813829892686,2494.576953451274,2696.61338172961,3022.798208092592,2086.1225657754662,2208.125447674968,2537.5869109461287,2673.7441574519767,2520.019629094265,3226.007862649058,3069.2931164325623,2697.592602904624,2163.384369703474,1706.1866894630612,2918.1670249979315,2131.4204809706507,2842.8339944017293,2859.5940953836803,2900.798101854645,3039.536798421794,3160.981644172977,3161.392560460896,2822.137299513982,3085.4861673899904,3046.873839788294,3172.5105574142535,2922.2426200886753,3160.6872700745107,3120.831103716169,2883.98760365816,2888.8149992507897,3093.426251265233,3053.335448088419,2851.3797908042143,3100.0304062731498,2835.3173532531096,2922.3941256867065,3072.700392091268,3232.4979852796687,2961.269321023514
photo_flower,2435.0229183968836,3167.7880854609707,3621.324265602693,3391.877437415186,2431.4198107847483,1581.8227596037161,2586.712014914899,1899.2201967078806,3193.7457300031433,3670.468972087645,3043.349674236987,3160.148991462694,2869.9368615326,2688.389953936385,0.0,1351.390109375457,1693.5788995607586,3365.7878492796544,3451.8752086249133,3319.240712637122,3611.130738492412,3503.2084730954803,3144.0515914988064,3182.72322842894,2515.1638088202953,3172.8154867230805,3557.6076884865615,3249.7991663545527,2492.3189706333587,1833.9782084247572,2301.2578540380523,2522.944234656175,2942.8081790768524,3166.5916000958377,2212.114048996744,3064.2912761742036,2996.589703498229,2045.4635986209073,2043.6166806088615,1386.0475311858117,2002.0733495108168,3377.1463398932065,3288.0562411107594,3273.474927793991,2857.2682047402477,3323.832204288052,3030.3368064063307,2796.9459156376047,2785.3053464189825,1666.6789957474984,3360.1745188083833,2072.7066481201196,2256.511890143173,2037.3401815528234,2420.5592287373365,2343.0637679486276,2242.6791282064505,2964.166955499208,2476.5946617562377,3189.4176687243703,2780.314446295907,2040.209002453811,1392.2874222589564,1338.2782782974043,1707.9620695532496,3274.7645894962134,3218.349717646118,3243.3034872806447,2352.893507305429,2674.1940681153965,2677.561053593951,2642.9585827849123,2849.5797986485063,3000.2495582425054,2962.2532682849364,3164.463451195253,3293.23408356269,3286.6319356308145,2939.4120329945617,3224.225860456482,3224.7010664405198,3262.2375541037773,3126.5059312148633,3282.007003990662,3240.3475049467966,2998.286739756243,2965.068392227045,3274.0493676873402,3218.183016967608,2825.5523978960896,3262.318091330029,2836.046584762354,2990.4040664146346,3222.731276171269,3337.139683016916,3052.2877358187916
photo_carrot,2343.632689289238,3126.696179879016,3429.843266243579,3292.612077706098,2155.4360319741663,1617.2812554369034,2400.900374101666,1764.0735837573823,2851.1359162791045,3438.3871687911123,3046.7080737766746,2733.3242941102976,2546.5846271540063,2298.2549909141867,1351.390109375457,0.0,1247.4595491009936,2977.839226993074,3273.551348379558,3046.4704283570086,3432.887151170899,3393.6575305144315,2671.899987091037,3107.3707352700453,2409.9514479596064,3098.4153384495703,3214.972691709415,3067.993494578534,2162.1433810624926,1562.7875660770985,2402.958132584528,2425.5662585663863,2607.221833091372,3043.445245418923,1957.1894560890453,2656.5548323894254,2801.9855835330104,1561.3174848695433,2083.344760873396,840.1472572500867,1583.8142657797137,2985.903173319755,2992.884659651482,3004.89482151316,2501.2357086806055,3074.551079336918,2562.338230284721,2683.7180949731223,2931.11912864392,1506.3225011115626,2970.957376252026,2377.7510514589285,2044.6948745777893,1934.9310693117375,2358.5984666345453,2058.886269428496,1775.568794244573,2771.8321729180198,2249.0794104355596,2865.4852672209936,2380.876676665404,1457.778034544568,1401.7177195165511,945.4263056883633,1019.3009679440829,2886.198232776602,3081.403291605412,3001.443088752983,2333.717008272604,2449.4528290088656,2517.6709152294243,2594.663921448029,2357.2982067926173,2548.7061327889414,2499.6149881776805,2743.3368533196253,2881.9753023053295,2875.2503006937245,2460.579177070878,2795.944868812366,2802.883359476341,2855.1313414705305,2690.3639861650595,2866.306384247001,2819.9656962065474,2540.7360117172616,2504.8415040362775,2855.261205721769,2791.4100382101014,2343.507463362559,2843.2922795874388,2343.555483874758,2530.452424945621,2803.631428197243,2935.5194162637026,2606.9791243945906
photo_watch,1796.0708039458946,2731.8630356242575,3196.6117952704185,2980.0077274197765,2040.1468113308006,1519.765125119387,2023.3250220043813,1540.03994863289,2623.9841538939027,3177.1634027832392,2906.979698484088,2557.692966951944,2260.0260549498635,1878.909694362475,1693.5788995607586,1247.4595491009936,0.0,2859.5871813249796,3184.6356704904883,2800.4160449463457,3214.689162802746,3035.9248955235994,2509.800383918945,2767.2141845340166,2207.9507080714616,2840.014484317713,3091.4880339461183,2953.52021006523,1929.279627680341,1491.0227661912495,2091.4527723755577,2073.2782092859047,2458.2629245532994,3099.0737502307234,1888.7760422692402,2542.954248399692,2649.1080922628134,1296.4583569348467,1916.9357960912857,1309.1632322964363,1112.1614110833136,2910.5594480212703,2932.3992342142537,2807.871747880956,2483.80136737744,2898.4119175208493,2479.0526972644825,2344.1392994319604,2927.9607670160876,1709.7743137659365,2838.232456035477,2426.4549214924577,1856.2773321472298,1898.5962184381776,2027.0035270130454,1731.4903302779355,1795.5570504702814,2751.7956419023462,2336.1298880292875,2797.0630673957608,2297.3578795499398,1603.5326959031522,1478.2876197364185,1585.6897136757664,1301.2033033042767,2815.8804913940926,3108.400844215655,2834.6584799276366,2242.578450238008,2180.9144798151933,2602.226995961792,2234.523920661576,2230.44327651481,2394.469225995029,2370.683652413771,2632.019676086345,2809.302261858775,2791.865152927372,2313.7337087970027,2713.5499782704424,2703.0014400804134,2739.3878259281823,2544.1320087837407,2780.153854738348,2743.7701140589625,2423.1071574054213,2376.354481886677,2744.015440962298,2680.4725571592157,2162.3092202186717,2749.9396285769008,2224.5746042128576,2409.0953934337554,2711.7075934645522,2843.9040843647335,2497.465585384209
photo_key,3163.2076280780334,3255.3034867349525,2673.844644675698,3181.8996265122632,3065.6518397567424,3271.206493467896,3045.6802421954308,3304.5158406667692,1749.3033840404194,2592.9951481205944,3091.053055609091,1572.4840127869802,2829.5582904893936,2989.475477110004,3365.7878492796544,2977.839226993074,2859.5871813249796,0.0,2125.483599576484,2037.7908686416215,2725.6742853368023,3360.984850922731,2472.1465416811707,3214.9200032653357,2975.8393043980786,2776.225988251381,1478.4550559206127,2650.6301720006118,3204.5127162138183,3100.450407507262,3202.0091130990936,3193.7440054155763,2126.893784333307,2993.3376121721344,3130.41290203598,1683.7006024513717,2671.5875068631904,2944.71153173081,2990.1514441817994,3075.9411454072224,2829.730838770669,1009.8913161379123,2052.6068202010274,2008.6840435716156,1822.6311365139227,2258.475710093318,1822.6094295746698,3178.4318887694703,3139.8553362455946,3082.674120360723,1276.9029308546474,3278.4682402954495,3156.2048237429244,3269.344247168752,3177.818321275624,3092.704809452822,2834.3074954385897,2829.8739805857736,2904.427845081107,1743.328337164441,3189.3924309402632,2893.6464758290517,3024.61426856371,3068.354141870246,2866.6449921003496,1227.9633189998165,2284.8758796629068,2068.248282207288,2981.316588409823,2769.961480859397,2408.122853805873,3025.2619798395567,1951.6150561085055,1699.8542449708457,1828.4992958507867,1315.238955959002,1104.4389922310795,1118.1996443134244,1726.9815015614104,1174.2866748672861,1108.4303088598324,1355.8941301295422,1363.3119755834082,1162.1483250363792,1101.7075487366494,1636.9049661260774,1702.7817939458441,1140.8015101813394,1141.0539676765522,2062.2339028732977,1115.2287987540115,1926.1750956052917,1672.1243621003912,1110.070905538371,1334.1941060357467,1546.4438247914827
photo_truck,3113.6723072377154,3053.2227546705262,2122.9064743168674,2844.4900260599293,3086.0670409714476,3369.7095175530026,3034.859095969609,3405.3153529691717,2322.5916796250945,2288.299967561709,2945.0115020165367,2200.233206323084,2815.3524632864455,2995.650133774848,3451.8752086249133,3273.551348379558,3184.6356704904883,2125.483599576484,0.0,1833.2587234754212,2087.5148119579967,2986.9848965277274,2391.113734255532,2842.3978418839274,2912.6521832990998,2898.3329050119846,2447.2371040056337,2314.7050157830954,3299.7147859640263,3202.390187904659,3202.474522400793,3187.946556793254,2598.8914875909463,2834.6074299319116,3387.7912780693273,2220.536547433299,2583.4914088728874,3093.034496823608,3203.325591281908,3396.3679189575937,3159.0329091582303,2599.0965148920977,1522.037053064252,1757.706330085281,2570.5553864591316,1834.825299121629,2462.647055726962,3025.04559833551,2890.81678867524,3396.1367562694413,2612.9361910253665,3357.1745121444765,3053.374090999885,3325.2580623316417,3331.659399514627,3401.3576377777076,3418.5603696447492,2798.6650357920257,3281.498100156961,2111.476887901907,3314.268229582333,3071.834404507164,3290.133018296226,3413.555130656034,3376.5901274533885,2664.77495319116,1495.9063098527251,1794.8925478170759,3175.2778802216003,2956.2868215033313,2668.8735089636148,3028.5600524320125,3006.6078491971384,2864.0300026164755,2961.7838088864473,2698.3392542429806,2506.958188873071,2536.777601173252,2865.9822559371896,2526.1890107989307,2545.1195740947605,2650.8442392242823,2710.375767786442,2542.711467251391,2540.669056921393,2868.1467724644467,2870.2923364864882,2569.287035801241,2594.062210576869,3039.4914517945317,2527.049545914782,2992.5139674728284,2899.40178166031,2549.781598238502,2663.975311996075,2845.236093759733
photo_velo,2589.7378473954227,2636.516795817952,2009.0234702514708,2525.1317098342893,2688.5168527264364,3074.6311406627033,2486.8533934544967,3027.7062706714228,2103.53338625167,2033.5272871719626,3034.8731423900613,1701.369479205891,2315.384449131772,2434.6928758396953,3319.240712637122,3046.4704283570086,2800.4160449463457,2037.7908686416215,1833.2587234754212,0.0,2014.3605989857417,2637.704064280774,1729.5033999247732,2514.3570230836503,2500.389879140528,2679.8252292037882,2410.13312670563,2257.6293835447123,2846.176053664986,2990.1695498784043,3087.0050068003325,2931.9854211687116,2300.001505176675,2831.140236262224,3128.1962492025905,1772.2851904160793,2109.7580234038933,2654.1088867784947,2976.2587928510366,3199.893587621226,2729.6845073679187,2465.8947956887087,1634.5655405966404,1043.2765454156186,2371.5008830430997,1672.3208292425927,2096.1141918600015,2691.229132012132,3086.6725141457555,3236.3969520986625,2380.597835030604,3396.44195981028,2745.2337007818874,3173.1900285465836,2895.915614463601,3160.4713742674953,3164.1465421730068,2764.069459136316,3116.968604162732,2067.1275060015505,3067.1045615961916,2805.732360840261,3045.244447011412,3263.8308383056124,3167.118049624796,2576.8276978363615,2185.6711442705396,1323.7138045434185,2835.4244815906045,2500.9169055926827,2305.0511643068116,2741.1467971976285,2632.062744665478,2462.026577712625,2618.5310830624007,2379.7210257606594,2340.2401128038123,2332.451749601217,2491.2654662569207,2251.9699144831206,2269.9913929723566,2413.5278325866957,2292.909346032332,2356.0567499819485,2303.793655247412,2443.827735204988,2540.7097332119465,2259.35908033307,2270.8250316611948,2673.595689815732,2266.6875836620434,2609.1512025440384,2564.2404060071294,2266.8696741306358,2466.7265571994562,2478.172530779633
photo_road,2737.321909654746,2315.9747874960194,939.4875644585335,1911.2119165786191,3070.9337041744084,3313.6901833345464,2645.056580793749,3287.551954377417,2549.7118194351337,1918.3003372788771,2948.6263814408744,2506.6168671294054,2708.8599534135355,2692.9930615309704,3611.130738492412,3432.887151170899,3214.689162802746,2725.6742853368023,2087.5148119579967,2014.3605989857417,0.0,2118.4133357383657,2345.2804562407896,2188.6888034538047,2996.502458528439,2734.0916245108983,3166.2872802069855,2165.0883250412494,3224.487816962347,3191.8855676472544,3274.6611750057255,3059.689747769571,2784.9039238452046,2381.62374592288,3458.999403078942,2729.2638775554315,2248.0380911927964,3138.5168327114725,3124.789694824612,3607.0764499375296,3238.9800053911704,3199.3777419754306,2427.8248866218337,1949.3728825769183,2931.4177657407354,1575.3032000898436,3115.6614356564796,2891.070587910205,2878.963480184414,3701.77999417194,3208.1868594780167,3714.2044988472635,3155.2293885929485,3504.048000818497,3241.323405257988,3623.596916981697,3679.475098783969,2494.953949895555,3534.8294052795163,2815.996685395587,3341.189325254797,3393.17569829454,3433.8508218063816,3700.5105848106386,3614.2365116101423,3315.8988625319553,2667.511171066201,2297.0885587074918,3268.394060069152,2811.931509382712,3034.8384772851223,3041.677705301575,3484.844968323641,3363.025080758138,3488.671859246066,3182.7948742100048,3138.980363214071,3145.7300295593554,3378.2147751264647,3121.1689595688845,3157.0493527632975,3118.3020607508706,3223.3074069305376,3136.086921943832,3128.422263573641,3356.9724295206734,3408.2504455092408,3129.2529281271213,3129.3470230896633,3528.283113928248,3103.7181079951497,3468.186165177529,3427.9943788126347,3109.884436088498,3165.366693665748,3363.922992164006
