,photo_face,photo_profil,photo_eyes,photo_face2,photo_walking,photo_standing,photo_hand,photo_legs,photo_bird,photo_butterfly,photo_girafe,photo_fish,photo_cherry,photo_tree,photo_flower,photo_carrot,photo_watch,photo_key,photo_truck,photo_velo,photo_road,photo_house,photo_mountain,photo_windmill,drawing_face,drawing_profil,drawing_eyes,drawing_face2,drawing_walking,drawing_standing,drawing_hand,drawing_legs,drawing_bird,drawing_butterfly,drawing_girafe,drawing_fish,drawing_cherry,drawing_tree,drawing_flower,drawing_carrot,drawing_watch,drawing_key,drawing_truck,drawing_velo,drawing_road,drawing_house,drawing_mountain,drawing_windmill,geo_face,geo_profil,geo_eyes,geo_face2,geo_walking,geo_standing,geo_hand,geo_legs,geo_bird,geo_butterfly,geo_girafe,geo_fish,geo_cherry,geo_tree,geo_flower,geo_carrot,geo_watch,geo_key,geo_truck,geo_velo,geo_road,geo_house,geo_mountain,geo_windmill,word_face,word_profil,word_eyes,word_face2,word_walking,word_standing,word_hand,word_legs,word_bird,word_butterfly,word_girafe,word_fish,word_cherry,word_tree,word_flower,word_carrot,word_watch,word_key,word_truck,word_velo,word_road,word_house,word_mountain,word_windmill
photo_face,0.0,1689.802587534352,2171.958237916777,1822.244730611046,1592.1026504441788,1562.0538777303864,1431.8378829578205,1449.4520173190783,1763.7201213958633,1910.3282299080795,2085.8813069505754,1831.1490948161215,1486.461635986262,1515.0670074146194,1644.8736062265402,1588.2867323631774,1438.209995733203,1859.8469227217624,1929.2875503271136,1720.4852878184488,2194.478825742447,1870.8449260265108,1810.0154273181136,1841.2764572358742,1728.9694364154816,1711.594723991026,1858.9679344860483,1718.8453063511563,1575.7014651070938,1524.1369625658713,1738.293741750499,1637.0308809688897,1721.514460876433,1867.5241604903656,1630.6252527166407,1742.7805400952009,1740.946043738837,1359.4329188845484,1714.974684984491,1578.6520181074816,1435.5484340983567,1866.8857261934165,1748.6251122118524,1772.8400274306748,1823.013939193968,1927.8220109367446,1784.8717419528944,1696.4721857802272,1847.7385111821827,1616.9052908819417,1855.3418527413721,1879.7019573013279,1542.6669797597283,1619.8821753071109,1606.1200186691515,1623.5024089290107,1609.4895698811872,1719.410967568339,1941.0773090308057,1837.4559818703617,1860.936321823432,1606.7746401109778,1614.9985055933473,1623.0416348169276,1628.1494873864444,1870.9137106793255,1849.3346758348152,1795.706564608423,1718.963519194501,1690.5788554176575,1891.1831581110312,1579.1693473437679,1703.688915905154,1726.3557332621576,1718.4212517322917,1821.000604818565,1903.098611172742,1901.7932792299703,1766.9806786776774,1906.7236141624414,1838.4877193772206,1915.814647585109,1775.7393171091312,1934.2473887288556,1862.2141118188445,1774.4763121441435,1773.1710168760656,1853.2555899100955,1834.2141161491083,1672.8485814003832,1880.2338140876664,1690.0884091451874,1785.689687252804,1835.591202296053,1957.567184966915,1760.6393567059329
photo_profil,1689.802587534352,0.0,2260.447967750283,1682.6935203863952,1944.6087730868946,2151.8521845432806,1875.667085142728,2087.715711659442,2015.26968172944,1959.9486205521964,2265.1193215634808,2183.9419492959873,1819.7630576073116,1720.804458225254,2171.808322149989,2167.881987568069,1971.5917545032494,2161.7976438797855,2142.639955379395,1994.9816261448366,2185.5072496147754,1798.0619651340783,2065.8245667724004,1859.5213332041064,2088.9463416107815,1628.4370864058585,2140.9223602338143,1890.6349013403592,1950.0446045455658,2018.5945002329313,2158.3696906285295,1844.5416269077257,2045.9558671882457,1949.728085651387,1994.6472474560453,2089.806634588165,1891.5142553063338,1928.6469746504506,2079.3896596360983,2147.7471457287825,1969.796851648823,2169.6532165612134,2079.281532584905,1930.8379260553334,2119.3905232394522,1949.2221903603172,2145.0920484374783,1873.9883254847798,1845.8692584313883,2167.1343048363988,2161.4794730361173,2304.3935253833233,1959.172625824826,2041.6797201405484,1957.8576670168752,2138.5899387120367,2138.520181287494,1794.774626830594,2225.9529876563115,2129.127024060118,2110.2369606545462,2070.401612417531,2162.1893615751083,2170.3469108678864,2158.302728418793,2197.5407432497263,2093.5394607308385,1982.279212988533,2004.6727088240661,1776.0364728115683,2200.666014400033,1973.5118607579893,2165.2942083395983,2148.2421507317545,2156.0539986784556,2183.494606095713,2222.9600660221445,2236.584097623734,2195.0266202591606,2258.5879226281186,2185.0954660462708,2288.4289577770433,2167.4543561726346,2262.044216896973,2203.5871175906727,2207.1651115999716,2215.8485423700804,2194.0059577792003,2178.3023205728127,2199.797296112281,2215.131896951455,2161.3436333238315,2239.7599127056064,2165.3685145248483,2287.0005523539835,2218.2102631568
photo_eyes,2171.958237916777,2260.447967750283,0.0,1909.6764143734522,2260.9185292296784,2504.425359460984,2439.0775599887024,2491.60003487346,1989.82634396653,1846.1768238579646,2192.356018921055,2027.6355773546811,2210.9246353399917,2236.550370762026,2479.371347774677,2448.593589931387,2402.62207320631,2032.745488832605,1629.60595598486,1836.721488118086,1531.3052986984185,2139.1027057268684,1900.678091230762,2252.8856413165267,2100.487726303053,2141.557946936339,1958.2996240080258,1859.9310960842467,2425.2748907472605,2379.0068185906052,2718.9576270060556,2389.128969226587,1933.3601056937803,1979.3800455149624,2401.70847234876,2001.6406180652027,2009.4700360621825,2241.2084896518877,2368.8026442534324,2494.895432749351,2384.040983100728,2010.6044011876406,1857.164446498276,1817.638605980558,2035.4459393722382,1635.9343693442163,1969.3367695158183,2300.4085299974918,2232.285216636598,2422.586252066079,2025.999234010886,2630.0106465832127,2337.1237710968257,2564.9702517664364,2438.76447175147,2648.5891169773504,2477.802190721349,2109.8984593242963,2441.518285539341,1970.0844551540945,2418.5265244418392,2291.232839456145,2429.4456776762313,2530.3020232404015,2490.1397540026264,2061.552698154459,1716.153936722226,1843.2069391227703,2489.383925935658,2218.8391852719174,2066.6078578358356,2410.0019873688293,2175.5922029050116,2124.7558585463994,2162.2559109211998,2124.8471352059637,2085.8811487537246,2078.8282707143403,2197.6387036563415,2095.9355918317724,2074.603471525743,2186.7355410839505,2093.9650193662587,2105.984180930664,2065.0476422970364,2164.3797664750973,2184.5265560496673,2072.9832246252918,2078.010332903899,2198.951289857449,2072.8161913032577,2170.049695252908,2182.325752900003,2049.309886958887,2129.5893771484716,2202.4653843156625
photo_face2,1822.244730611046,1682.6935203863952,1909.6764143734522,0.0,1919.1403724852341,2284.6007854464597,2075.9965830958936,2222.8161819679535,1862.0602203172568,1809.37120811972,2085.18419996784,2111.0089838748036,1944.8742295761685,1819.7334846832327,2294.830041308665,2254.719405882406,2148.205987870632,2084.667378126816,1926.4739073147127,1873.8157239950135,1870.9763850565148,1765.9494728346285,1910.1558765600448,1926.2118370790943,2003.006920423736,1753.327064233246,2073.760579453021,1684.0590691839382,2042.9434724821294,2153.9218504978107,2370.227687582572,1942.1271986366928,1913.1457452012544,1745.0521642917693,2124.141539390422,2047.329323546377,1807.8923236769986,2033.787100480958,2209.6852463473424,2286.982480735354,2146.3731516562743,2102.008755952568,1944.512130515872,1815.219669459603,2072.0308580325377,1778.825566885074,2040.4090113800933,1965.819756737299,1888.160590414067,2264.446818109187,2117.934748881866,2386.2632054181845,2015.7778642627588,2219.6606007570394,2043.500127239202,2333.714239417039,2273.388882274892,1780.1694774384935,2219.051163915457,2075.834431148358,2113.788575193872,2150.2574754423654,2255.192745254919,2306.8749657800745,2289.7415253337276,2119.7227386641302,1889.2541149147198,1869.6866161314963,2106.3432023145397,1890.7944775056142,2043.215462750287,2144.9285964741343,2142.465998454154,2121.647695854165,2153.5901479027725,2136.9998466639463,2168.2308659163705,2176.157220458453,2178.9047112060534,2199.760438578342,2138.2397257645803,2237.9763840758214,2133.0702637189065,2199.9273443776656,2158.831139123068,2174.2007393795884,2172.504116284146,2149.5383943203224,2133.9830457405287,2169.8607139215997,2169.04822894263,2143.4002029321036,2197.0868860979913,2108.8832617161947,2206.3025525741978,2189.245584232211
photo_walking,1592.1026504441788,1944.6087730868946,2260.9185292296784,1919.1403724852341,0.0,1546.2365683918915,1676.80782839968,1539.9019865351502,1762.0941376317223,1936.9497149495737,1863.973834076849,1868.1136563102305,1493.4131822747827,1476.4979215604585,1582.56790696764,1588.0161693640243,1549.3658728162768,1817.1583521254074,1859.676916214291,1621.5909162785374,2153.459186704408,1891.0481834798977,1552.2925402834276,1840.7111068960066,1579.8166307692343,1675.0491143798279,1813.592355346822,1749.414716406259,1240.3412675700852,1596.0085456646725,1798.104153455374,1491.0402573102083,1763.8013355630792,1839.6032217387115,1421.6823071397016,1733.7477892105312,1619.666624252554,1408.6055435456053,1822.487161997472,1531.8205479852368,1615.8663760152322,1842.1821623029098,1633.7870316088222,1664.0577540406432,1879.542001036317,1879.3212547890935,1537.7027812084477,1605.8304324209676,1847.8650240677462,1545.3502592319544,1856.4131621896581,1814.641509330833,1304.4105009337734,1571.2418754526445,1468.0682754768866,1554.2421276737464,1555.510187108431,1815.015237627775,1542.6158460234751,1873.2993416235058,1477.09041679006,1398.007485884862,1622.0528087148784,1556.4709271956797,1586.945677132164,1837.041404351047,1755.3501389543253,1704.5589511567932,1523.4451588152504,1696.6455631688777,1617.407039405435,1640.6304259170215,1698.2664932348964,1696.6151730170627,1715.7335563497663,1793.710537721156,1839.2255576606408,1844.3524173853348,1733.9294165304857,1802.1850251278622,1805.3940327209532,1890.488676970705,1742.1840042575682,1860.1825178680049,1805.9383302623228,1713.4198347043382,1724.9057475807788,1804.2801408668704,1784.1257318264202,1644.4288676975161,1833.0089493917117,1689.4143182518844,1710.50445146792,1787.0706986340435,1919.0828366376415,1694.489871458443
photo_standing,1562.0538777303864,2151.8521845432806,2504.425359460984,2284.6007854464597,1546.2365683918915,0.0,1526.7558312533338,1162.9925519075332,1814.8460697860862,2148.251324956481,2025.3040058369545,1772.62684721778,1690.0557893207065,1780.6069243359088,1110.413318590979,1134.2102119707595,1286.4218428884406,1734.194634188175,2087.3039807234763,1863.4934135799624,2455.0040704112293,2226.8375092448646,1944.8226344780585,2064.2969819439445,1820.7114242671378,1957.7460179231794,1761.509131761989,1934.7245998829412,1554.1513941291926,1173.9600964822607,1404.3426512724968,1677.533541113225,1755.9647068280772,2053.779340359923,1374.613808334204,1714.4098229332542,1982.558026388374,1295.8816124980954,1395.4490415682128,1047.9599460774618,1307.0966520133236,1764.4401924875046,1863.4313118980654,2013.8008321018629,1678.7000643454473,2136.6498587718356,1759.4448495517674,1689.1378369970494,2028.4964335971647,1151.5830385272427,1754.102105012939,1348.033410916748,1518.0383230986347,1311.8044504303725,1652.661278123987,1247.339392317431,1213.984735705271,1937.8154979074036,1705.4950540255716,1780.1648771898895,1875.7829446427884,1393.116199460249,1160.1304885259567,1061.992326834153,1170.5796507635312,1745.9662446060956,1996.9252529290122,1940.4987493277606,1698.1996390906195,1829.1992186217883,1791.8917646822808,1485.802639307053,1508.8294427032513,1571.8379576526927,1533.8376462858798,1646.536223448485,1782.3696903487562,1773.102027274567,1578.4945203631307,1775.8971596935953,1717.8013074033834,1705.0118428015785,1625.0391792139583,1788.5225642546736,1733.3502976315965,1579.9259616104484,1568.8879990120747,1741.374184309116,1723.7796300889045,1431.86265228641,1764.0149367905024,1480.8335341244156,1572.3427009242864,1723.6451884747835,1798.290589830823,1552.7323382784907
photo_hand,1431.8378829578205,1875.667085142728,2439.0775599887024,2075.9965830958936,1676.80782839968,1526.7558312533338,0.0,1417.2017801537863,1891.477140666622,2090.830864361317,2227.2434414902737,1782.5569488699857,1468.8929448376794,1663.7846435130944,1610.0353510518312,1497.248397859787,1545.2696444300082,1874.1140350078851,2136.340804177385,1862.8149188244695,2406.0702624003575,2043.3895519077853,2004.4252078783306,2067.7199889352446,1993.0946369336987,1841.3432197106376,1854.0770967585775,1917.6080714949605,1676.5353975058292,1441.7648058549692,1542.9151257959436,1797.1426293198256,1928.4289646232107,2036.1648323651111,1661.4297427599847,1762.1068909096166,1904.1780580641714,1442.7587120869753,1619.0328579511777,1515.194414627243,1488.2028044792828,1900.8314513709154,1902.1824621495798,1980.0113068050532,1800.087013643753,2142.896712509089,1880.2424936901427,1765.7750816733949,2021.1825312640515,1579.2331945749404,1849.3466455372368,1832.3746551151567,1675.2855713021029,1668.5417255277225,1661.9377827274452,1565.9604919360838,1588.4691530255723,1807.6909385559873,1997.1362280959202,1845.0854402387263,1985.0322628089007,1588.9632836202472,1594.7677615981688,1533.7358712510802,1546.0892819710236,1901.1363422011984,2021.906130849031,1932.55851808431,1879.2673015966714,1794.4601049483579,1964.0286274934524,1616.1563921541108,1716.0519023220818,1706.081877554376,1711.9906025827338,1815.7675964827363,1908.3149214879159,1899.4834647500861,1739.2685291593032,1917.4390314559182,1855.1885384515956,1890.3788627416184,1788.9118601187354,1927.243137937081,1881.435382896894,1766.9944666223732,1778.8753050983403,1866.5816833989732,1852.084794522729,1704.1067074665061,1894.94509434126,1699.4671605686028,1784.0759458392208,1853.224762027008,1959.6878802367833,1755.1320378421651
photo_legs,1449.4520173190783,2087.715711659442,2491.60003487346,2222.8161819679535,1539.9019865351502,1162.9925519075332,1417.2017801537863,0.0,1786.4510484437415,2145.831805551318,2120.3352371709857,1754.244992492428,1592.082700003121,1766.9824771827114,1253.239629848009,1127.2778420248585,1304.4281914290352,1778.2650817502144,2140.4092293437293,1857.3123384698636,2461.0929739722474,2195.763409611282,1985.6459834083157,2124.748558750614,1827.641400472842,1970.5178710458872,1789.1333634457897,1963.573940137693,1536.1743162538326,1288.6134882914646,1453.159707787548,1724.0628157053754,1782.2944706701276,2107.114696178557,1447.2918044012615,1740.966004035229,1996.3995412311297,1295.3077317801237,1536.8627302037191,1191.636537863302,1312.4975812954754,1814.708228853736,1895.0296748284504,2015.5886051389482,1727.5778896713723,2170.9739352685024,1772.9501914197795,1752.4994953491123,2032.713292317997,1190.847331270638,1786.510446351773,1531.2327317186177,1498.6214514052392,1348.0427870821247,1652.1574390352228,1207.1873523220715,1260.934015114726,1939.0501172099257,1807.6670051593562,1801.4942025598527,1840.7193337794292,1403.6582480344953,1311.0196638821715,1194.4239224070648,1259.02386923176,1789.9397857810532,2019.152389734101,1934.4011786953722,1774.8895250339183,1828.0144109453408,1863.6584330291787,1552.5196148407663,1570.3215158446944,1606.6848572499948,1590.6044159856024,1702.6695669306523,1825.1397517332605,1807.8802883219262,1619.813782621886,1814.8172603582702,1765.9370578816254,1744.4822857101578,1675.7529041746193,1819.608547946871,1785.7602936684532,1627.1409156675027,1618.2423265974735,1787.2943248583758,1762.112019568505,1490.939631103388,1806.2888930046354,1535.3081904982469,1606.2341302325244,1769.5147501124732,1858.0253447681296,1583.001868968131
photo_bird,1763.7201213958633,2015.26968172944,1989.82634396653,1862.0602203172568,1762.0941376317223,1814.8460697860862,1891.477140666622,1786.4510484437415,0.0,1693.6152017407892,1724.65725583956,1433.5143357857169,1768.6747101974017,1828.6474786409312,1714.8749797984576,1697.4986062939574,1663.2892113087514,1283.847224423536,1705.373206717137,1499.5239604736655,2027.8484588905133,2052.7907595224474,1757.2520427857837,2073.020294137058,1810.2994997297658,1867.2444901800638,1373.7141015632349,1567.1070073120013,1874.766256128494,1664.9581661986465,2007.00639481249,1870.2633302727806,1179.17461349721,1804.5415371733814,1664.2897297421227,1441.8846426417815,1828.4126810389598,1581.620896709508,1634.803764588123,1744.71335022073,1616.3554014139972,1343.0053657582603,1590.4723294662035,1658.4739243951406,1444.8372831592892,1731.9618488434583,1516.7862413590155,1838.8670667715312,1979.8896606555368,1680.8304623412812,1434.9096446748122,1867.15700764012,1795.0522941184488,1861.0921978804963,1973.6857040818122,1887.9694532544881,1700.7275659426305,1737.590487248835,1818.8091469861495,1465.9165518977036,1990.9960284013473,1647.4396812501218,1727.6515457391417,1770.9988339897677,1676.3841288025449,1297.8056330047066,1643.9523315250506,1584.853818129443,2010.7798819708846,1814.6156836011728,1617.6790939324744,1781.9757796182455,1422.6686785191391,1454.3655411713175,1449.5581027718706,1402.5230709575549,1498.3406553902587,1505.7227315680527,1438.1672992221597,1515.1392116328145,1449.265341518738,1498.3629428482893,1436.2641395431508,1528.0892936800713,1489.7408382692265,1447.0270934080497,1417.6001739337446,1491.6642937808394,1428.2636143947118,1461.370730942731,1504.650212626269,1427.9776778217524,1474.439559378598,1406.6039258203375,1536.5573012939299,1456.6522699306631
photo_butterfly,1910.3282299080795,1959.9486205521964,1846.1768238579646,1809.37120811972,1936.9497149495737,2148.251324956481,2090.830864361317,2145.831805551318,1693.6152017407892,0.0,2102.3492695613804,1844.006065055481,1909.6207045217648,1901.0697842387162,2186.3590448026903,2178.0679466613237,2053.892983037437,1825.5863288616513,1702.792386650967,1597.0751174617826,1801.8249898288927,2000.5531198276458,1824.8796844135468,1838.6554474490456,2019.108050093188,1811.5978383336583,1757.9620659792238,1469.8999437067118,2000.007849693316,2030.3067142588664,2253.2766278772474,1926.5030469112135,1624.6398301179854,1554.768422031422,2012.3357044955249,1756.2933125070988,1712.137050041146,1888.8524699338036,2024.8753069061543,2152.315484630354,1993.6563771134872,1809.4084930879003,1663.7198215736382,1596.3787170656024,1806.3838975988629,1587.8286613418434,1799.4391741281854,1799.044446872089,1901.173695417071,2106.490029623821,1835.7818107308615,2242.3443322564613,1945.843288653467,2111.224309603698,2016.5802292644553,2203.456590507024,2117.644807344343,1665.6277083159646,2098.0798050789017,1820.6776473182463,2165.16874497494,1974.5866823398644,2117.5053035579836,2166.1827718404465,2144.502949860181,1856.716566479514,1688.8847989908897,1619.764137960614,2124.6781486302175,1923.8538213619045,1876.0753041045984,1929.2373146924324,1925.8160838909018,1871.4493735329613,1902.7350185636362,1876.4556359694927,1901.7436787373013,1912.7651295450285,1952.286143138807,1927.0444220282473,1880.090648878245,1980.6295610041414,1877.8156398310264,1945.1441084809405,1893.369864535114,1922.5455743994007,1944.7408834476155,1888.6552380137819,1872.3056669802324,1947.075981728855,1907.2200839871325,1919.3905257627187,1954.828196242026,1849.259528496897,1945.0968914676191,1963.664365019381
photo_girafe,2085.8813069505754,2265.1193215634808,2192.356018921055,2085.18419996784,1863.973834076849,2025.3040058369545,2227.2434414902737,2120.3352371709857,1724.65725583956,2102.3492695613804,0.0,1982.760544298077,2085.4016847346247,1981.5519254429341,1925.7258293714988,1968.9270887107828,1951.4600547541029,1880.0759453582011,1913.956114495908,1918.3666742616322,2204.0809297490837,2017.75917058993,1975.6974289790064,2180.915465639301,1922.4544505169117,2006.914616026356,1890.6009719499425,1924.5027739970699,1982.2950281995722,1947.8700546332016,2185.015665782278,1878.621976582996,1832.7346731195696,2033.6938219438096,1783.6800196458323,1956.3753731334652,1956.0674900716392,1931.0176087506036,1998.7512610743784,1981.705145273533,1978.009933288261,1933.1568204510625,1863.4280004615064,1911.6744575971331,1939.7962273627268,1997.4991579103516,1930.032387193227,1973.4588992351735,2134.68754933496,1956.7334788001315,1939.179835316281,1996.2701314637109,1936.0511728773067,2005.4670383739249,2040.3519761261712,2106.7819741814646,2099.32524054616,2066.7457849207753,1648.9774719644643,1943.1462836076398,2075.7355274084875,1963.5970837344498,1937.707249663913,1981.3174907216176,1996.3442369145196,1895.0901887274788,1884.5154664958282,1941.4541215213628,2044.032519180673,2043.3062902055724,1758.4610610546356,2066.4405566317355,1947.091064556629,1937.0563137375127,1961.0039409213227,1937.0021500546272,1976.5292502125274,1996.6840322032622,1950.9763730189784,1979.5381851018112,1967.9947337328938,1988.790585870486,1946.515082270587,2013.1434536915428,1963.9830809730033,1955.5084046931827,1925.914743450712,1988.2142043212955,1943.2639850841806,1945.7633146179583,1978.8645947973005,1941.5692148801643,1967.3549455045652,1932.7453066711073,2036.932231383806,1954.12968794431
photo_fish,1831.1490948161215,2183.9419492959873,2027.6355773546811,2111.0089838748036,1868.1136563102305,1772.62684721778,1782.5569488699857,1754.244992492428,1433.5143357857169,1844.006065055481,1982.760544298077,0.0,1763.8389232934385,1927.5776300743978,1709.3465401442832,1620.3505895535204,1743.6478442390742,1194.6759856042268,1617.6807634204215,1435.8867267389471,2088.5805679412406,2170.6921794851537,1725.0898846807831,2177.472241774574,1895.7134849391118,1984.4725423921752,1165.3444115806149,1724.3090445528608,1989.2823588692913,1636.8150536927496,1979.597935769772,2076.9276724136616,1505.6080850782857,1955.149819460425,1766.6266280281081,1250.3322655952559,1847.2020567446018,1606.6209082703347,1634.9405216716784,1707.7693897927645,1682.1565461263392,1235.150908156223,1440.3730843663127,1655.0926977508805,1229.8959857249122,1809.6906061967645,1415.1568226637337,1926.276784115523,2085.9723928868184,1630.0415847730392,1267.0539909466138,1922.6029499756248,1932.0379673986574,1949.3847136231798,2071.1593573253335,1916.1767013426254,1650.9430999471333,1949.7507394165657,1931.720680790467,1262.9541468796224,2093.797165497527,1629.0004916912449,1693.6419786420802,1746.9088855474058,1636.4142129019738,1280.905029458451,1576.8299751170075,1557.7797625205837,2136.4765719294446,1899.643951797469,1497.4522024451408,1882.1051948915983,1323.4785490000688,1254.3830841106405,1298.0475110162577,1295.6235743349412,1326.8991622534052,1329.489233161305,1286.6469902068293,1318.2877257729833,1286.005230218088,1374.2409094318705,1276.3249563785062,1348.182780712463,1321.734003453,1280.7089087224426,1308.5418211826902,1327.7318252225048,1266.3112936422187,1318.1891016175578,1317.0284208842113,1306.2616785011992,1321.109140004655,1267.7974091490842,1433.3084426214857,1344.8064148093
photo_cherry,1486.461635986262,1819.7630576073116,2210.9246353399917,1944.8742295761685,1493.4131822747827,1690.0557893207065,1468.8929448376794,1592.082700003121,1768.6747101974017,1909.6207045217648,2085.4016847346247,1763.8389232934385,0.0,1466.7503887701075,1727.51561280699,1647.1337063820295,1588.9243611498596,1792.3110325112496,1882.1165215153842,1580.9079618049952,2182.928051157557,1950.6957678938577,1649.2417062091843,1878.2224869813647,1799.3669920702862,1683.715604347825,1766.990551809873,1798.303187434861,1545.2021246428706,1600.8771284879333,1816.316882010211,1650.1947417960369,1756.690926638597,1864.569630380381,1568.6652137876874,1624.0699548177088,1626.3559723154872,1424.4702756797494,1815.4524566342072,1629.0842791412456,1548.3959089407283,1770.266420029838,1611.728580088222,1673.4922065675844,1776.9638806902808,1874.527417996757,1602.4363825961834,1659.8300907457783,1870.9093568124356,1668.1681598351115,1757.3476337421073,1932.461716150091,1539.6798834659799,1702.0183143866534,1694.1711982721647,1637.981351319,1651.5107455336301,1682.1241405442174,1797.0418793058714,1734.926726058248,1697.2922223362375,1479.029060645309,1695.9303557780368,1653.879035595457,1644.8566245067211,1792.734307005589,1746.7449467307977,1637.4157262747499,1744.0467599408942,1647.1756316383073,1796.6729972911405,1570.0801164119343,1669.956494488887,1645.8314375290963,1657.181776191603,1751.1907740283452,1783.6235606094679,1778.002453559148,1679.5497603476836,1766.646142724793,1728.60434649604,1865.2477195792496,1685.24400083525,1809.0627503226142,1754.4159088025135,1682.5867969642065,1703.2296653291326,1743.0615134634213,1729.3273059709966,1638.1233131066033,1766.7363357448107,1651.2737405490334,1707.5557155415438,1732.1934942771154,1883.0634999928197,1685.2370591346555
photo_tree,1515.0670074146194,1720.804458225254,2236.550370762026,1819.7334846832327,1476.4979215604585,1780.6069243359088,1663.7846435130944,1766.9824771827114,1828.6474786409312,1901.0697842387162,1981.5519254429341,1927.5776300743978,1466.7503887701075,0.0,1807.824086371362,1779.2877810753764,1533.8369141339883,1908.4606338753106,1943.9623243950473,1697.1445323025184,2111.7871960858593,1681.436475236236,1594.3484649031761,1728.8187470184628,1742.6383750580662,1623.4741618228782,1909.1151669824865,1757.5346880423567,1458.0884925783585,1659.1628206749483,1910.6209741622977,1473.1763138620927,1776.4838431933144,1829.2345945069299,1578.867849236359,1774.344588230329,1554.2487310963963,1416.6502370411522,1896.676049095628,1723.1669848852127,1580.3880019945746,1914.448665522884,1725.7177505721459,1653.362120111893,1923.9208931893656,1843.6426536743961,1683.2503803272064,1580.535983685972,1769.6808071948053,1743.8416805069267,1925.8377526561972,2057.6883142113993,1498.5177945268294,1709.464906592074,1525.1789680052107,1715.3303402241543,1746.08185845435,1713.1669371489136,1739.6232385023843,1909.8109193691973,1613.511450374658,1598.5339777890601,1798.7190302687143,1755.958889379109,1727.678857536977,1916.125047443513,1836.7924147648368,1732.0817899991832,1626.2770956440386,1566.190823585823,1784.3039926508918,1652.201994035067,1814.8394115767742,1798.4636233256651,1796.922741668716,1900.157547570151,1923.4887449042933,1934.256123916792,1847.3414201474209,1916.0539745582123,1896.1421897138282,2006.8596288823314,1839.977469803284,1952.8743946830255,1897.8655743964318,1844.0241816641665,1855.0929052233998,1889.2929346992935,1881.2891441110785,1795.007631144715,1914.4048060242185,1802.809414192252,1862.5259543557902,1887.088863526187,2010.319426357172,1853.3651880799034
photo_flower,1644.8736062265402,2171.808322149989,2479.371347774677,2294.830041308665,1582.56790696764,1110.413318590979,1610.0353510518312,1253.239629848009,1714.8749797984576,2186.3590448026903,1925.7258293714988,1709.3465401442832,1727.51561280699,1807.824086371362,0.0,990.7837909779138,1210.9918738126032,1660.0378913331208,2079.1668728921486,1844.2070740982272,2447.2274389438294,2254.6807277842936,1979.63402180362,2217.9293108056436,1714.6019402877068,1964.0418960707323,1664.4789270274712,1939.0392134997587,1569.5637289542628,1168.414614426808,1422.035173861805,1731.637924136257,1697.8412077748085,2118.8360224890766,1356.6486267218268,1683.3473599703748,1995.367554161465,1316.6997766554061,1346.1834472759608,946.8618205379183,1326.667530704662,1690.5631930311906,1845.5119983585244,2002.655604995455,1637.9133680726638,2123.5641926990475,1713.2210532748386,1830.1407878696746,1998.2487158964827,1023.9155961370687,1687.1645333788867,1349.803949964299,1500.858484493673,1351.3084530273302,1689.3286276283925,1268.889701696299,1217.7345349151292,1992.0424780534254,1653.860829301938,1728.1756133674685,1826.1899235887342,1313.9631235788252,1068.836186272899,945.732563630416,1085.4861947866848,1662.962211710282,1963.7544636404075,1934.882453727123,1680.1512386078873,1855.4663598813004,1694.5232319151041,1620.001330647431,1444.8655803116244,1518.8124634147862,1474.0511349122078,1564.9100747654372,1699.5962780141583,1709.0788903035225,1486.5563063248956,1700.3042829782628,1649.2055319145743,1619.9262413056767,1566.0479607246968,1716.2600147682522,1677.4267775314847,1515.2242033508962,1500.5359416184128,1689.617667985237,1652.0882084490324,1368.400679477316,1700.1647309949067,1413.4819663659569,1501.2700625292998,1652.60731904643,1725.6354159621499,1484.0661837616165
photo_carrot,1588.2867323631774,2167.881987568069,2448.593589931387,2254.719405882406,1588.0161693640243,1134.2102119707595,1497.248397859787,1127.2778420248585,1697.4986062939574,2178.0679466613237,1968.9270887107828,1620.3505895535204,1647.1337063820295,1779.2877810753764,990.7837909779138,0.0,1227.2580588971946,1654.3929019280547,2090.395523349386,1834.8219240861433,2444.3846088620185,2240.828954583645,1961.1124377346196,2235.819335677767,1754.1734652705043,1998.6627116919951,1666.1097694272912,1943.9609059005663,1589.6460161884872,1134.708981217898,1444.0010273003538,1761.4854701401512,1723.9348898861197,2112.8081557200153,1379.45949601301,1672.693232848776,1995.7680368931465,1310.620206829723,1385.7033956700184,893.8929088174971,1305.6486253647038,1691.4762495621153,1835.6401162803597,2008.1722322415856,1598.5658124083302,2143.2154985056386,1702.521828507575,1842.1934713978274,2021.797018271124,1061.7624155296446,1665.275404585079,1401.3563743996315,1524.9124859107592,1353.2226712479646,1701.887141121424,1243.6074767443333,1209.7188789422075,1979.4520864683943,1677.197025728931,1708.115565592337,1827.9210440200532,1284.3197270603414,1070.7669952455396,912.8261702715167,1053.420699216195,1647.1875634319115,1952.3493430971007,1914.1512788065418,1745.135893472146,1844.6619548244414,1707.1193839733844,1642.917763769328,1414.2667915081022,1498.07042772228,1470.1052815540756,1560.2769027971437,1701.19610818485,1692.939544962942,1475.24203248649,1693.098226879665,1642.5219493580921,1599.054692794293,1566.8953859776116,1691.0265108243734,1674.457328892528,1506.7309159728159,1479.7888813168952,1684.551629900779,1645.1523960006693,1337.767826720754,1697.9207320904586,1378.078439801182,1479.734621608157,1646.3865782622436,1723.1849392610068,1467.7254828628597
photo_watch,1438.209995733203,1971.5917545032494,2402.62207320631,2148.205987870632,1549.3658728162768,1286.4218428884406,1545.2696444300082,1304.4281914290352,1663.2892113087514,2053.892983037437,1951.4600547541029,1743.6478442390742,1588.9243611498596,1533.8369141339883,1210.9918738126032,1227.2580588971946,0.0,1710.3469742547668,2019.4029159807956,1747.520626424459,2337.494983121302,2070.100948312804,1817.7716522115306,2042.243596786275,1637.5589994652712,1824.5264167257671,1717.3739313913,1805.4485642134828,1398.1902315593456,1185.797908758994,1487.9411096565161,1597.971468960473,1592.3080791555842,1997.037961901396,1269.096669642532,1632.028929730792,1833.836155768189,1136.7628814043524,1430.6275740894787,1119.1167824325175,1105.440341359082,1713.1884923619484,1759.1373867212092,1850.555268341504,1674.2973828532852,1996.5327095235855,1645.2307656694445,1638.4061387835532,1913.4262293454542,1172.6994021267706,1706.2448538454073,1557.9690755690467,1380.389584632788,1266.7956777595793,1494.6392492442544,1237.2047943734976,1283.1587080603408,1826.8989423094852,1635.6844013504624,1716.512081610635,1693.838210089162,1313.9917785492419,1221.01063314838,1170.757717756774,1140.4191949459935,1698.385478904724,1910.898594232217,1811.114150898614,1624.189038862455,1650.02874724163,1761.2419355089455,1423.4635458266832,1460.0104656737549,1518.2920282290734,1469.8345187315595,1605.6702525048536,1720.8055839943595,1711.6390884024252,1504.3969124570838,1714.2548287777581,1654.9697394324294,1667.2651332264898,1560.8959631690557,1725.1522937081866,1677.654632843054,1532.2479437244765,1521.8940036434226,1686.3663725856309,1661.5737934717706,1398.8774834760345,1700.1974222373565,1427.4399751747233,1536.7233940075291,1662.4840282568746,1762.1794665594593,1510.854972969881
photo_key,1859.8469227217624,2161.7976438797855,2032.745488832605,2084.667378126816,1817.1583521254074,1734.194634188175,1874.1140350078851,1778.2650817502144,1283.847224423536,1825.5863288616513,1880.0759453582011,1194.6759856042268,1792.3110325112496,1908.4606338753106,1660.0378913331208,1654.3929019280547,1710.3469742547668,0.0,1583.7026385489648,1409.9241979694286,2048.684936439039,2126.8494812210706,1727.34618699002,2140.188624482343,1852.933844702968,1866.170307841025,915.4850204184557,1654.7867390315698,1904.9149831135614,1595.918573583963,1958.680200877939,1949.716812234481,1309.0070888687642,1821.905288095442,1668.3198893894362,1173.2217291270244,1785.7531774870288,1540.2842460425309,1554.4649226746785,1644.0812423188731,1639.1377172784742,786.6523658008192,1409.487339717903,1589.0288719410926,1158.2546980880404,1693.0052672253414,1307.1578342068392,1854.2333928270627,1921.5824000275481,1557.8813354199744,1011.2448315404188,1799.6975854933644,1844.6517890176285,1865.174178033279,1989.85666006374,1829.2534599624685,1486.202251720192,1841.8579724411868,1822.1818924450354,1188.608130273293,1952.6113088063887,1570.6578927245348,1639.7390535041097,1676.5467706239726,1546.5002268052533,822.072781601141,1474.1188913939484,1459.6892409361467,2037.666537017065,1802.3841063749571,1420.022231925494,1799.880348428807,1165.6152790499423,1109.0391284196737,1131.682209357575,1058.9061125779544,1037.4905531327552,1073.280908837132,1145.0432895798824,1070.5834943547393,1034.5583911653218,1128.691202734567,1084.3114639104024,1109.841470638113,1053.7756832965606,1103.6176001898846,1135.9618094426075,1045.8378531212354,1023.9866524677362,1195.972050644566,1052.5476742845317,1171.8019950867745,1129.7256194613753,1020.3922752031904,1140.742500748928,1155.0949033927698
photo_truck,1929.2875503271136,2142.639955379395,1629.60595598486,1926.4739073147127,1859.676916214291,2087.3039807234763,2136.340804177385,2140.4092293437293,1705.373206717137,1702.792386650967,1913.956114495908,1617.6807634204215,1882.1165215153842,1943.9623243950473,2079.1668728921486,2090.395523349386,2019.4029159807956,1583.7026385489648,0.0,1372.5622479483852,1654.998672456378,1974.9381751739793,1566.7488951769124,2000.1929331555086,1814.2801777487853,1860.3160151544207,1512.306000304208,1603.9798350915846,2048.468648366905,1961.3670478131492,2324.8213084040044,2044.9239475440577,1605.4163732840248,1730.6035454821454,1987.4476774308907,1533.8569083515088,1672.6282552268453,1833.216815102385,1984.8044407026455,2073.423952259034,2012.4894354418059,1550.869586025753,1197.7759144309168,1403.9473348148072,1611.6152687607887,1434.7157396160337,1443.5803869450065,1958.2089963219405,1931.6953740227534,1981.3409816656365,1630.5352562584371,2224.6434407803663,1942.1697497902694,2203.837853190231,2084.3573844263424,2245.6025621297895,2040.856864877991,1876.1185705790579,2020.061592151583,1504.9617981242418,2077.369390750764,1813.1430928466232,2023.326477050281,2111.8148531125717,2059.890517693389,1619.7375399608875,1038.4573078760216,1418.1937129680075,2132.767112431051,1917.869183010978,1625.6100170427353,2020.7861095849241,1750.805108043382,1679.865762734467,1723.6398781582172,1702.3814960811355,1650.0115020867747,1632.1912005189843,1750.226193817313,1645.5654188352835,1648.81127090004,1774.661921635456,1676.324174804234,1671.7499018446924,1640.0629687881215,1727.504258704667,1739.0317885529143,1642.2377683593093,1635.8085325910554,1764.76768856967,1631.2018951673742,1749.2218227108885,1752.2138947093913,1617.1293122743577,1732.9964465571254,1753.9946699672605
photo_velo,1720.4852878184488,1994.9816261448366,1836.721488118086,1873.8157239950135,1621.5909162785374,1863.4934135799624,1862.8149188244695,1857.3123384698636,1499.5239604736655,1597.0751174617826,1918.3666742616322,1435.8867267389471,1580.9079618049952,1697.1445323025184,1844.2070740982272,1834.8219240861433,1747.520626424459,1409.9241979694286,1372.5622479483852,0.0,1860.7868656325932,1937.4487788099511,1420.4366345603826,1829.490032648786,1590.2217872223962,1724.2469031376738,1355.8259567773173,1468.0640477588458,1736.5707828030513,1726.5836004132052,2077.1743064004963,1793.9563672618256,1432.4202460392905,1628.229741336436,1689.3283986467195,1257.1432857254201,1466.6548554352391,1532.2162172283665,1802.0610393214163,1805.6771956152177,1685.3281624766196,1370.837137997096,1144.9390079214406,1111.2055819257573,1444.0529147825807,1446.550363690132,1201.9375205196945,1686.9266844447188,1786.8113427818862,1722.468217771678,1398.6427670790144,2040.8236082239744,1668.3293369888383,1897.9044845332808,1847.9786075817533,1913.7095526591877,1753.6937206031546,1723.3640852068675,1785.7494576257754,1356.3191743267014,1796.578312096456,1518.0252968893576,1781.1096872010037,1829.960253873455,1778.6671039280286,1420.4784454005512,1245.2066150275473,1050.9487929905806,1856.477880279189,1675.8255250677653,1417.7987038715241,1709.055951449114,1490.2466321081763,1383.9473962251027,1439.366739375346,1460.7661326541513,1446.1440851522943,1435.2767856272426,1472.9109123139015,1411.066819136381,1413.9554614225626,1580.8687489620395,1392.5841822898062,1479.4784575173705,1414.080486420566,1428.2468546218747,1468.0125099293275,1405.0872849652105,1393.7400133958445,1474.0184381433214,1423.4235100105575,1464.2493784554702,1469.5711080258634,1397.7388592087004,1560.8928688000044,1483.3635121231273
photo_road,2194.478825742447,2185.5072496147754,1531.3052986984185,1870.9763850565148,2153.459186704408,2455.0040704112293,2406.0702624003575,2461.0929739722474,2027.8484588905133,1801.8249898288927,2204.0809297490837,2088.5805679412406,2182.928051157557,2111.7871960858593,2447.2274389438294,2444.3846088620185,2337.494983121302,2048.684936439039,1654.998672456378,1860.7868656325932,0.0,2077.0447012343393,1774.943354984812,2097.6620489764555,2120.2787069407937,2070.7672163253264,2000.3349945242014,1862.6288500179667,2300.1180901453317,2313.1239807921875,2640.650236858226,2265.9500643242613,1939.7403263339704,1914.0464255185502,2314.970766422221,2019.605172572895,1910.6431131242252,2165.472729610708,2327.166791224221,2441.3470459915475,2337.3642639202026,2038.449148774659,1852.9839991945798,1752.3964766055242,2011.1748383323563,1598.4639268053454,1941.0424495543289,2188.232372015551,2123.8332783611663,2371.1815790356645,2111.823211173552,2589.13967721103,2237.381191857045,2478.335669125746,2349.5404064005684,2573.5031463765213,2434.9183956729566,2068.168469309252,2391.8648875538815,2008.009627176532,2290.1145183515478,2234.134814189896,2391.9163875011045,2470.8323208232414,2439.3744139388377,2094.289738591091,1739.6006970546002,1833.464372623772,2390.3640747607064,2153.7049462202585,2059.994540138062,2349.355478934162,2206.681020360949,2164.482177636656,2183.1750854616084,2160.7143647638864,2130.1740535182325,2116.957930506279,2227.185958707839,2138.5414599747405,2125.4997120766316,2221.112175424146,2137.183603950703,2137.8002732952255,2104.879650880787,2201.696131956763,2213.535790557348,2109.704660323823,2122.214944168979,2236.792189927172,2118.9589916907607,2206.738450521696,2221.7423832243235,2087.869460293824,2156.9907149566334,2231.1282550281094
