,photo_face,photo_profil,photo_eyes,photo_face2,photo_walking,photo_standing,photo_hand,photo_legs,photo_bird,photo_butterfly,photo_girafe,photo_fish,photo_cherry,photo_tree,photo_flower,photo_carrot,photo_watch,photo_key,photo_truck,photo_velo,photo_road,photo_house,photo_mountain,photo_windmill,drawing_face,drawing_profil,drawing_eyes,drawing_face2,drawing_walking,drawing_standing,drawing_hand,drawing_legs,drawing_bird,drawing_butterfly,drawing_girafe,drawing_fish,drawing_cherry,drawing_tree,drawing_flower,drawing_carrot,drawing_watch,drawing_key,drawing_truck,drawing_velo,drawing_road,drawing_house,drawing_mountain,drawing_windmill,geo_face,geo_profil,geo_eyes,geo_face2,geo_walking,geo_standing,geo_hand,geo_legs,geo_bird,geo_butterfly,geo_girafe,geo_fish,geo_cherry,geo_tree,geo_flower,geo_carrot,geo_watch,geo_key,geo_truck,geo_velo,geo_road,geo_house,geo_mountain,geo_windmill,word_face,word_profil,word_eyes,word_face2,word_walking,word_standing,word_hand,word_legs,word_bird,word_butterfly,word_girafe,word_fish,word_cherry,word_tree,word_flower,word_carrot,word_watch,word_key,word_truck,word_velo,word_road,word_house,word_mountain,word_windmill
photo_face,0.0,2036.9792001607634,2621.571372762294,2209.925205767767,1950.0136602780158,1940.4646197434888,1877.7930655160399,1850.5596065886534,2112.0122327590548,2298.147745728547,2418.3427184644243,2175.455191740031,1940.9917454579831,1894.0443619281596,1982.6042133633025,1957.386012449862,1834.9159087238597,2207.6332899136587,2331.685225594975,2121.0716785207837,2735.6553664629005,2310.655758857486,2198.40024747275,2295.0012474264313,2092.3430408803856,2120.3542462838905,2200.051963502167,2133.473919804916,2001.8172149325712,1938.347474073319,2165.672000836395,2047.7396526991927,2096.8687862682614,2251.9517450147314,2039.7911696422987,2125.895626390496,2147.2299959864167,1786.7183116993556,2100.7772513219165,1956.5487903080493,1854.6568881254411,2225.975282106423,2148.866451336158,2190.5699242151086,2216.188347652623,2322.122575201324,2176.745854927417,2167.0980371147543,2234.1781493450953,2011.0055185884853,2193.491345437909,2264.2424761487227,2002.492760046435,2050.1580271815,2052.878749588587,2005.2317876895418,2007.9526117201297,2110.137338571659,2330.1595380013514,2218.5987138478804,2247.1964379288115,2028.519953394316,2012.769040817668,1995.63483911727,2025.1290304747013,2229.588277477787,2264.1053310486336,2221.2755846040654,2159.2704924085574,2161.1998438940923,2271.546591845209,2004.9054112015306,2123.176077961069,2156.837090163173,2133.3239402230006,2201.7271458866617,2350.4786941545685,2363.340381385211,2199.8716560955404,2326.733387820817,2260.5956423575713,2328.1760475539786,2209.278197414375,2370.5754256643177,2269.351125354428,2198.264241750145,2197.0912090787538,2269.626528168999,2282.785044289034,2084.7928293485666,2332.019697835013,2106.6560660022014,2181.125978579605,2272.6029137912606,2380.739589163065,2183.7860603587856
photo_profil,2036.9792001607634,0.0,2730.6193721718046,2152.91233789953,2318.8581091744522,2507.559110993539,2309.6960768234153,2453.074478546452,2398.1857675254205,2382.951104868823,2621.589083367494,2534.114914252158,2269.4940318611,2133.878679002881,2511.6476492283305,2525.3086487105807,2344.4281622266176,2530.214891082429,2561.054829108142,2409.9678917971696,2753.283980204355,2251.3258611115484,2460.0167190465877,2328.6411663619615,2470.712616577204,2100.668361709463,2503.14079693636,2336.808162996514,2361.388497940493,2421.0470304535415,2579.252518688285,2277.4270365010498,2430.174098416966,2379.0248720763348,2389.336683049526,2476.8815809189496,2325.8388429940765,2321.9978120343085,2463.93397118482,2511.4603578469855,2369.211792940271,2544.420004183057,2485.097614446185,2366.4931115375157,2518.2559967493225,2380.9711253833675,2533.4001457742506,2352.1720651392397,2304.4963440166443,2538.3076829562983,2524.8025536960477,2691.2536776371085,2401.5521215262884,2451.917303335373,2397.348714566943,2504.4974976769895,2513.4389747249725,2232.4233203200242,2626.5445375203576,2523.006178658305,2510.9403500620965,2482.6865529559054,2549.0641728971827,2536.916197756762,2538.2401118230077,2568.631934187725,2532.0142653239386,2427.168201130999,2452.974523690968,2298.3978779173995,2601.009214449051,2392.6833052033726,2578.751736722559,2578.7807473683256,2566.359691543335,2575.7624175677875,2682.3858880421235,2706.0023337212824,2623.2717173216247,2689.5750857267917,2619.068328481289,2709.6034324489156,2603.584158735638,2709.517483213253,2625.821052010075,2632.6568301736543,2636.134128478066,2623.727270424689,2633.363144159859,2596.5423200211158,2676.7290807592412,2570.7220374362096,2636.3214710738093,2610.6438597464726,2722.7358370019233,2633.9816769817107
photo_eyes,2621.571372762294,2730.6193721718046,0.0,2427.1422999563456,2727.52397558829,2934.1774176644,2899.3385266412197,2918.0029407594875,2509.5700356891807,2384.5316645781304,2706.4164771449036,2518.2643962865163,2708.5705098876274,2696.849442738106,2901.5666704266328,2872.7209105185566,2839.7840433970696,2530.651420534416,2219.8354205311452,2389.4326250575605,2091.894510029227,2669.6762729276975,2432.130427608178,2762.2708824993824,2608.3900471239335,2667.8167601019545,2461.45580961232,2418.8628483074094,2883.3030832115605,2831.4937919244767,3163.7865532915785,2860.1550312152012,2458.8649787638674,2522.3740421095604,2858.5263145589342,2515.3367939216405,2547.6184654913627,2712.406222530804,2830.757433823811,2920.9791707087475,2832.9618311665204,2515.664689700504,2417.852507148801,2388.344714021613,2529.5378872172414,2205.1564739594414,2492.65587564137,2813.2488440872207,2751.263852459751,2853.946821330108,2521.1731005533993,3073.8071818289905,2817.563634772683,3003.7308935558544,2905.46555626837,3057.3439471766005,2922.13513997307,2608.222487895404,2921.795760354322,2486.7878129967166,2886.9077952066505,2769.655769501492,2873.8611700744273,2949.91676847204,2933.231830246847,2559.349186645038,2318.403773764938,2431.3739364395174,2967.3987618154906,2757.7852011733958,2580.713463630177,2854.2624320163077,2698.1584343444447,2674.0111755929574,2695.2904653207456,2651.699353221942,2692.55063287154,2692.099753158501,2729.9721893877127,2673.862077436243,2653.055293338519,2735.284845301578,2663.26988961519,2703.216167691739,2636.4210053577403,2715.438978164731,2721.9284485343524,2647.9771139365857,2672.3635022217513,2706.804977559514,2683.195854326833,2687.6991480504084,2710.221017633528,2635.8437283385288,2714.4007465088016,2732.3617531233385
photo_face2,2209.925205767767,2152.91233789953,2427.1422999563456,0.0,2349.6944314811653,2666.7622865181784,2494.5673146257045,2608.591749095439,2311.057426379364,2299.329021475539,2529.4252783569405,2519.217058701758,2423.885200773746,2278.995710911296,2665.1638732104557,2635.680389812705,2550.507455857221,2507.9759807767323,2430.0563717947184,2354.2888279343633,2470.113107905096,2293.3769536698796,2377.400502298271,2421.4185446528,2441.582981721347,2260.537703665608,2488.2274470273005,2202.598291710916,2495.1769439757695,2574.383443039622,2794.4767584446336,2414.9214051440613,2362.9840576932606,2251.3505787218164,2552.6902331691354,2487.2556246130066,2297.6202407907626,2463.4934158590754,2620.5762256437647,2669.769911119714,2559.759688249809,2525.7400195160717,2422.0682470749616,2333.0676131016885,2504.471110541793,2291.6947541462446,2486.8383648847516,2468.594312921353,2378.8145219618773,2652.487650284496,2530.665420310609,2793.606910010327,2485.287490399429,2641.869307483993,2505.3600558680737,2718.7934053267427,2673.3765886115057,2266.8152793739937,2660.654678604404,2520.9327423462782,2554.797073663501,2578.744330313459,2660.165153277996,2683.0963672720004,2694.475532452374,2543.2398786792387,2404.3986948004854,2386.9081396581987,2575.35040544132,2428.008256416205,2496.3625036453086,2566.1670414655277,2592.532852733734,2588.939705229717,2603.4705762282388,2577.6945753734594,2672.1051977618577,2685.4807117009286,2638.9199470818653,2673.5482950192213,2618.464934209313,2697.703788097007,2610.7327487019206,2692.7463111043294,2626.050276786897,2637.39551318127,2632.3045309413365,2623.357997538224,2631.795779995422,2606.0012147414122,2671.8820042450216,2588.5177369051803,2632.3873578767902,2598.6537210222023,2692.496443041625,2642.218035336969
photo_walking,1950.0136602780158,2318.8581091744522,2727.52397558829,2349.6944314811653,0.0,1846.9549442409468,2054.529786604342,1857.9545921538763,2038.997253632156,2288.7245735153115,2186.092977450411,2156.581404216072,1879.6050208527358,1835.4095297955198,1877.0324572690129,1917.0723603678625,1882.4089830071614,2119.7723480905147,2233.208580511031,1967.9043060026472,2657.9656272229877,2323.9104857589086,1917.0547088703304,2256.7583260897654,1949.1044054491053,2084.9853790719953,2150.8266033878126,2138.5154918699004,1651.8895421550988,1947.6299768445565,2188.6171359355326,1894.3678733241438,2055.475439168404,2182.8334007265594,1789.0804223683292,2085.7767729147704,2012.1422897962373,1772.8407024046892,2163.4925326573716,1854.926946467487,1973.889399105578,2175.0457285508087,2005.5777489724064,2033.6157707652528,2202.3640273387136,2258.3241286530733,1906.3099254439321,2060.547728428113,2242.9668564110566,1914.240893387065,2187.9516666317922,2208.188651203923,1770.2485891448175,1953.7576477434893,1921.9112229229172,1895.0501474755208,1923.2060867862112,2163.1903622105974,1977.7683568892655,2224.590735778159,1888.3652737525335,1797.145618393139,2001.866385084298,1907.1183598259927,1976.901419463461,2183.7145662850303,2169.5195184559216,2114.4804367945094,1990.1367197732427,2177.5397543561216,2020.985748334808,2021.6939939293452,2106.42764296527,2124.3165702004894,2116.352666382006,2160.145009791443,2288.979723073187,2306.6146080578765,2161.0848738084533,2232.3643039106882,2219.9086357129977,2291.79507318112,2172.6585345503304,2295.311510155516,2208.6838986246375,2139.5447967900927,2145.3243345633327,2215.6350557649903,2231.051350765827,2051.70348797901,2281.9026147037666,2099.248624090259,2100.2680213820367,2218.264060197532,2330.814389780245,2110.5761239929852
photo_standing,1940.4646197434888,2507.559110993539,2934.1774176644,2666.7622865181784,1846.9549442409468,0.0,1897.6739481788222,1546.1785066122432,2131.7668589265686,2488.0424763038977,2328.1806538298556,2104.850248735004,2065.5546671906604,2108.3848955676544,1463.9205451745042,1516.6024121084358,1659.4446771938497,2089.89294494738,2452.2404091428193,2207.8942996738533,2912.4296405945506,2602.4634965743508,2274.924039344767,2426.105738458225,2177.5772194659394,2334.9160383833905,2145.191083659024,2316.9763611263156,1947.9918503516378,1583.813326332632,1874.165564467736,2033.8657942762845,2092.3223483881234,2372.4631758954292,1744.707533113491,2103.4930724626897,2337.960229275765,1679.0748897903943,1816.4978359627619,1427.06034340602,1695.2077556231973,2143.4514935166417,2229.7930813998346,2369.2875490564516,2060.7635244458806,2491.3874544930572,2134.3478173949247,2103.779540557412,2411.687447264454,1602.7515720041183,2136.644143991611,1863.0476369003306,1942.5339605947365,1742.6469870019966,2069.218071978287,1636.4046184002257,1636.2398272439261,2276.7072163641733,2111.0492534105756,2177.312120318955,2236.680267248565,1780.8188619689302,1609.6678865201004,1473.323590652176,1652.1409795126376,2144.479072836585,2399.8295955425892,2340.185648834619,2113.2857277548287,2280.8397083991513,2175.188304629282,1877.5843912747325,1993.633307966342,2053.244671012048,2004.8278904444667,2080.5985321291005,2275.2421378401946,2280.7160076582513,2069.7581391037693,2244.388466168414,2184.6333433173913,2180.4458909151836,2112.8380676239753,2271.168635097521,2188.1232935238095,2068.9390905912583,2056.2613049777538,2201.1952033122298,2215.407181163969,1919.5569471969695,2259.9264156263384,1967.5249628788126,2027.4352099878602,2201.0106892183176,2273.7732666794755,2034.2532518297674
photo_hand,1877.7930655160399,2309.6960768234153,2899.3385266412197,2494.5673146257045,2054.529786604342,1897.6739481788222,0.0,1831.7718874245384,2258.9047373625413,2485.589852451493,2568.6078353478892,2160.670493265609,1947.6392786163108,2047.2770401085959,1982.2528581695449,1894.008869302837,1962.4382892030105,2259.6312879198367,2564.589092716055,2263.5488921045335,2919.1554874968892,2496.660577673596,2390.2984455123074,2484.6443458446897,2373.966611644684,2274.6301292903136,2269.6843371801046,2338.914364932348,2105.510440004133,1895.7153315484659,2029.4450712723283,2186.3551532422234,2308.8321311478326,2427.3396406878824,2066.274669554965,2185.0771704419453,2317.56984377082,1874.7468759632713,2057.899418505154,1915.4534148049202,1924.2235592739064,2306.844707765635,2320.3153543074654,2400.468138778849,2222.9305545288366,2552.9391760279473,2283.7924135253616,2234.551845179177,2446.4015980391487,2020.934826385649,2266.1630654716178,2286.437850669168,2123.9659154544756,2105.284814124777,2094.3220125995067,1967.6964361051232,2032.1615656543172,2228.385859650485,2413.022336333464,2273.047205266147,2383.6328905879486,2015.5316883212524,2033.1240372078025,1936.8982446896914,2011.3056044205941,2317.044708899105,2467.004565472007,2375.925050334797,2306.8663444918548,2302.2170195139242,2357.953250462404,2046.0907142460387,2204.0331486867217,2211.06778087161,2190.5265701271264,2270.3793913523764,2423.922849017472,2428.6886142815615,2242.339724214435,2405.88337683686,2349.006908889127,2377.252100284637,2295.931300004903,2434.558694304997,2361.0418895378625,2262.9980058862457,2271.315653959404,2354.275080604094,2365.9176188305496,2186.345450211934,2412.918994086276,2184.854665250198,2252.540917696054,2353.944264542608,2452.460453099697,2245.887738553804
photo_legs,1850.5596065886534,2453.074478546452,2918.0029407594875,2608.591749095439,1857.9545921538763,1546.1785066122432,1831.7718874245384,0.0,2094.1498128181206,2479.239750973951,2417.8798972504287,2040.9084857623839,1960.416558315356,2082.394688196833,1581.0701464064784,1464.7209761577385,1679.6029514942975,2113.825779154724,2508.462053313536,2187.1255532569767,2920.2365493573316,2592.3449878134657,2319.4223898192477,2506.463707505507,2154.597480175868,2314.9574605476514,2135.752821691001,2317.3177930555044,1904.8695327139496,1688.703612867751,1889.6472741393723,2059.1150387515213,2094.037050700109,2407.8978359519724,1813.0644465268285,2092.476569479327,2324.394141074331,1673.1683964492531,1913.3155468393495,1563.4568950385635,1674.964364995001,2157.563272525002,2248.4156348815327,2350.3545099631256,2084.798322494759,2506.9966413384027,2123.566905113273,2181.188819523178,2377.4918269293826,1602.0791560903792,2121.634054578958,1974.7369969545714,1902.054456700368,1752.5577170299516,2062.4011761628462,1576.4836857075732,1646.659393080524,2256.2640476211604,2185.4387494485995,2163.444353935006,2180.369108949941,1787.7988485324238,1726.3694656817893,1584.7153567557605,1695.410701305758,2144.6352661393666,2395.9863022654454,2307.803353862022,2171.3172679461195,2258.249746432366,2214.9706116628886,1939.3947430148148,1999.2598624785094,2044.725247844818,2011.3945117343872,2082.6012375970745,2269.6081627896465,2270.7018648019653,2065.103787041989,2234.390791381358,2184.9489440866264,2170.6866875764713,2113.168924358222,2258.107743773903,2187.2024024872694,2066.021875594426,2053.3889696726933,2197.925905874478,2208.73795433726,1921.8229867085802,2253.1269983661036,1968.6857827406163,2010.9991208323281,2202.593972901618,2282.7835202014417,2018.7752324278338
photo_bird,2112.0122327590548,2398.1857675254205,2509.5700356891807,2311.057426379364,2038.997253632156,2131.7668589265686,2258.9047373625413,2094.1498128181206,0.0,2062.2055955225946,2033.717522449356,1735.3045648907423,2122.050390558303,2130.5656329784993,2002.380353648054,2019.035422258809,1989.831557334803,1632.552865629586,2089.658091466932,1859.650653934254,2554.0945377646703,2469.443972057134,2078.7301773055015,2457.798145675412,2161.785787017858,2260.0248500434905,1795.7003674467192,2006.8843665061165,2234.8930416418234,2037.1749475853524,2394.044569327168,2231.767092922755,1534.5885276059246,2178.7438777532684,2032.2640536508793,1848.576769234787,2196.4096832868713,1951.150558212435,2040.0058456538213,2063.8887649868066,1997.150713433672,1759.028823626636,1973.761592575863,2019.417474397161,1824.094362840562,2146.8822864180293,1884.5441252350186,2279.7645772627634,2365.4076573684124,2057.854284956109,1859.4860491962986,2268.2421154839376,2200.6052427040413,2238.2384844639137,2366.667394350846,2218.491932702477,2073.790881702295,2127.353100202415,2234.9630685492184,1882.0103940831866,2357.945253404507,2040.533853991422,2119.989453100363,2116.3682565189038,2080.703461500734,1755.761907442365,2105.4782702918505,2027.2642867193422,2418.9936030348103,2297.5515102742106,2029.6659581214637,2173.313488983282,1914.2450431446166,1956.1805854077834,1918.4570416184715,1873.4222105633103,2050.854158369459,2074.846040112666,1950.6478767533079,2032.45119457415,1972.8449683542608,2012.6868572552414,1957.311156255564,2067.2795315971525,1989.3326668834966,1948.2478430920366,1926.6578899722556,2002.263698406131,1983.1867632705623,1926.2905787883365,2057.9627496360313,1908.5014425779073,1936.420760644569,1948.2998262727156,2063.156188202328,1949.0593437023417
photo_butterfly,2298.147745728547,2382.951104868823,2384.5316645781304,2299.329021475539,2288.7245735153115,2488.0424763038977,2485.589852451493,2479.239750973951,2062.2055955225946,0.0,2468.170060884605,2193.8491946254962,2271.672711914327,2257.5605270565343,2490.112150735155,2503.8892266539674,2386.598309847336,2193.2196472084756,2126.5838604277146,1993.656920895905,2338.723215470605,2438.72098189766,2203.2480239395413,2281.616345408035,2383.0408541965267,2237.5148653706356,2151.124302825925,1933.0059465732113,2370.9255449901934,2386.022762293222,2637.295182577979,2324.1932663923135,1999.680933682612,1976.075169746853,2391.4671306215614,2139.7097094584733,2115.979297500969,2249.287308446112,2392.691246537536,2472.897069489032,2353.116398792972,2194.3981651551044,2072.553219637565,2004.5312105884366,2174.0673965616943,2027.1975035838852,2189.3608861785715,2228.8615232677566,2339.17841695427,2454.9046949972876,2229.0285733056235,2635.2243752788395,2344.719950253675,2473.6633819655126,2421.4342758049434,2536.6864368353,2466.3289344921873,2066.6677891291442,2501.108337740612,2208.1562769984225,2534.7375590093325,2343.9657327713303,2475.5993734740173,2497.736237182995,2507.2822059671216,2246.303010594845,2162.7555932533264,2094.6747859371258,2530.9617833134994,2400.3352857649656,2277.1991022394536,2304.5952555278686,2361.8881884961193,2329.017405703517,2332.6268808166715,2298.6890016508787,2415.3317178993134,2439.591982099358,2402.3534314556628,2409.010574434521,2355.880081515727,2444.1817333554477,2346.361401204015,2441.294956504668,2353.018189229983,2379.3110245742846,2396.2112718167677,2358.972739306393,2373.7125598298508,2368.562927456823,2419.5954905977724,2344.4993511066573,2378.944997431051,2336.223614274404,2433.835134614803,2408.910262561307
photo_girafe,2418.3427184644243,2621.589083367494,2706.4164771449036,2529.4252783569405,2186.092977450411,2328.1806538298556,2568.6078353478892,2417.8798972504287,2033.717522449356,2468.170060884605,0.0,2289.7844573645007,2426.896197523253,2286.5547929524027,2212.4355535840405,2287.4842293491297,2262.804260767095,2210.548323586732,2317.547805978379,2285.0505718263125,2742.9883405661353,2438.6832616855672,2322.8869615032177,2577.8263998477305,2298.2062078429267,2398.0850550067776,2264.8750080980826,2332.4446688143703,2353.2279730894484,2297.768709704377,2570.733281111581,2258.796509991063,2177.6800494100194,2393.338965036928,2136.5301994472584,2326.8684160332405,2333.7173274429474,2269.168762219697,2367.7925426951374,2306.89003441252,2323.01563552106,2298.9274482966216,2252.2671193097262,2287.1533750274884,2310.342655736011,2401.3361981506055,2308.982152377585,2401.8700240259527,2525.0688145304493,2317.3598829750927,2309.1024891049788,2404.2017336159392,2350.271614189105,2379.803405426536,2444.116333401175,2430.5565747888995,2453.8923373001526,2414.9742300391927,2108.8297714202986,2335.755394766148,2444.650126832514,2344.7440557766054,2308.8897205086428,2324.3260275352586,2373.279790793677,2277.6633699709096,2329.512567036639,2362.955592219896,2461.382507321836,2505.8595050727035,2186.6071184999655,2433.986176373494,2366.0812020866074,2378.883401239697,2371.9812945778326,2334.0941924220433,2460.006578282858,2490.4870006657634,2393.4381356951526,2437.370750398664,2416.805593930099,2430.441528421562,2394.8738617928534,2480.6747405195792,2397.9166713641985,2393.7757182280197,2369.769345598212,2426.688905079778,2417.4818981594326,2354.24260042249,2459.6879486490725,2352.8680765021227,2375.0172938396972,2392.0395682928165,2483.7948582690256,2385.7587550376593
photo_fish,2175.455191740031,2534.114914252158,2518.2643962865163,2519.217058701758,2156.581404216072,2104.850248735004,2160.670493265609,2040.9084857623839,1735.3045648907423,2193.8491946254962,2289.7844573645007,0.0,2114.95870189789,2218.4046918469494,1990.379713656688,1930.1624767474777,2055.857598136496,1584.7168272739652,1995.7288060020674,1803.0121056231,2605.3292116575262,2567.0354167184137,2065.62495349517,2561.8401609940393,2224.7393392777835,2343.9802136940857,1608.307905980511,2129.357442619897,2323.2284941729868,2002.5165536097647,2358.5773229255824,2405.602235807607,1831.3936703188638,2301.630967375902,2113.251918603051,1669.0914359012074,2209.6075820570245,1963.404064273713,2029.639625479124,2028.7478332342,2036.133983378261,1660.7701967953535,1826.4683645990408,2019.8607330946838,1657.4490370263154,2201.203197748795,1796.2695056636567,2360.241926371362,2449.548413695691,1996.2356991156717,1701.9692171909562,2313.3074517350938,2309.44728892648,2303.814412801846,2439.725862557624,2234.0158450674517,2019.6259185570034,2296.1784214763356,2323.4939018850723,1697.5961879748975,2436.457092759893,2020.4563456794822,2076.0044040352213,2083.618724580527,2025.0260007098966,1718.1065364563738,2026.4943455898606,1995.9432562259321,2515.3694303389325,2358.167799503343,1925.8844466598375,2259.2390421191867,1830.6113741269667,1806.7401427136842,1793.4581102052223,1780.6695439816963,1922.0998523966311,1955.844936148443,1826.414524464753,1894.1037461085384,1845.1617302618604,1915.1263197751089,1830.9683935186338,1937.5082077606826,1852.6209522144484,1827.3533031605898,1841.8379337866147,1871.9164235389721,1864.5158244206873,1807.0418885392469,1917.9212013806612,1800.6924394448783,1821.446413053582,1838.5311477283167,1984.8577078375977,1863.4686086788759
photo_cherry,1940.9917454579831,2269.4940318611,2708.5705098876274,2423.885200773746,1879.6050208527358,2065.5546671906604,1947.6392786163108,1960.416558315356,2122.050390558303,2271.672711914327,2426.896197523253,2114.95870189789,0.0,1849.9582969047735,2049.972012062602,2002.9545938594538,1973.8954803482654,2160.7370435388248,2303.0910299172724,1953.0757668458039,2720.1277573421116,2425.4648097041763,2060.075444914844,2328.154712468297,2168.385365992316,2115.38829786403,2154.7922613873434,2221.1039068099844,1954.5521563807272,1998.3334921440205,2239.5735679700797,2042.56217467618,2121.951413216424,2230.6601272233847,1958.5091767048284,2033.6483585192386,2032.8505435808552,1837.1055612488778,2203.585340271947,1978.173177820274,1934.0885981078031,2151.0671730254257,2020.8322516285396,2080.4028755252734,2169.004337959027,2286.4897961889433,2019.6253717484087,2139.128596711561,2291.118858042948,2061.1605876675376,2132.336787664128,2347.897516631558,2000.6123052480034,2101.599859916853,2142.6107167183172,2006.7865463954674,2029.2947793248302,2052.8744418766955,2212.559431004377,2127.955644983733,2071.638408722288,1914.787581726455,2086.628665204749,2020.2733539941698,2046.0842781703602,2175.318147149778,2193.9749526286378,2077.128268042748,2195.364151876075,2172.5609439183954,2200.2033639190377,2002.7576463564899,2125.8514832655746,2123.647250429486,2106.442610023655,2171.557183343341,2288.4226570921987,2301.2457920912143,2156.5131679756364,2251.5895712969195,2207.2268651472,2321.4818650384486,2167.534921743895,2301.9793112320226,2215.5567181059596,2158.0779999044967,2171.5052044977,2214.8208318698607,2234.1717363724247,2084.5283071829244,2275.8486151152943,2104.4756178074545,2148.9608021298322,2220.3930286040904,2350.865884232532,2152.452229369985
photo_tree,1894.0443619281596,2133.878679002881,2696.849442738106,2278.995710911296,1835.4095297955198,2108.3848955676544,2047.2770401085959,2082.394688196833,2130.5656329784993,2257.5605270565343,2286.5547929524027,2218.4046918469494,1849.9582969047735,0.0,2070.252519982774,2063.8820342025456,1830.9213930366948,2223.414524218708,2311.687289702382,2045.0961329628174,2617.49354193671,2123.6907008531452,1948.4415564614887,2151.4189283602873,2070.753442980895,2013.6045718805592,2223.306967645309,2124.2755111641923,1842.6547435205468,1988.4496816551803,2276.149108356604,1832.9646500962106,2107.635341344785,2169.358681159306,1924.6771336871905,2108.277929097537,1939.253458725491,1717.7214915587003,2216.083372531251,2019.0403612500847,1913.7962298812563,2243.221797738203,2094.867676306453,2022.3148080177468,2261.0681520633793,2200.2619088053916,2037.0570206920395,2010.9583444261516,2146.535775119504,2065.741102485558,2235.9536601473233,2399.8199815999133,1901.8700224619945,2066.737061741371,1942.9543161169843,2025.5875681330392,2084.3082687541064,2054.1900578141476,2131.1669679916577,2254.570115714118,1979.9169882355613,1933.021297725454,2124.7924834079486,2053.7332700002275,2065.660895631359,2251.7156072010607,2230.9079225178207,2133.992873625817,2040.6998789188951,2024.5911725975116,2150.045280375274,2016.6995629343753,2194.9251262153493,2202.4899237638233,2170.357697500827,2244.112815506572,2356.047483344075,2384.164203438826,2249.6135573107417,2325.5638259873517,2296.9609166244277,2390.7325747588457,2245.198975637042,2372.8566996533095,2282.5515940056357,2242.27833863544,2249.0885162056293,2287.2474627893557,2310.858243059974,2162.821214075348,2347.7803587621997,2175.7143371033244,2226.4666894308007,2300.806942050882,2407.7501099393075,2244.6054226827264
photo_flower,1982.6042133633025,2511.6476492283305,2901.5666704266328,2665.1638732104557,1877.0324572690129,1463.9205451745042,1982.2528581695449,1581.0701464064784,2002.380353648054,2490.112150735155,2212.4355535840405,1990.379713656688,2049.972012062602,2070.252519982774,0.0,1319.0774295781023,1542.1779211003009,1984.9275801970161,2420.910575151533,2143.211965527615,2902.3484913470843,2611.2837806855773,2285.2273693936377,2559.4957713746526,2039.6122122112217,2297.4565311910346,2001.273135259991,2269.9483801654455,1923.8400196452865,1551.3926412329845,1832.5102995789339,2056.4907375546613,1993.0319129492052,2391.6183158905474,1714.5403384655497,2019.1969309521342,2300.8405090648675,1645.4928259766527,1712.2606090664144,1287.519141488009,1678.659332951504,2024.6972606546835,2171.6305556049756,2319.726870409359,1970.9571086992157,2442.3526909340685,2044.8715083685436,2216.213939642912,2325.1372231457735,1444.2521771670242,2014.630928630455,1787.8471609250048,1892.137678035961,1735.0633557607491,2060.4923061259774,1606.4796483571708,1603.2103651191858,2277.7765067958435,2021.257891651432,2079.8866754876367,2149.5971505663465,1665.9266685007487,1474.6117859779245,1293.7261768072701,1521.7053612631114,2014.2595028151181,2324.938527739167,2287.4123497563814,2055.6749925836207,2265.425813397431,2046.2600364131615,1964.4363566509332,1875.7898842287177,1951.55690236854,1888.8323610252078,1943.6943027513707,2146.8592708264437,2169.987140787876,1937.500041723361,2119.5820426737855,2066.5846144739726,2048.193107642319,1998.8670329388917,2150.8935034656465,2075.572914889572,1953.4981243727855,1939.1735451332115,2094.673064727248,2098.0988745095137,1800.6988703524858,2145.6496753353367,1845.3199329181275,1902.346704247729,2083.7111002053616,2152.390969691088,1917.7574292078853
photo_carrot,1957.386012449862,2525.3086487105807,2872.7209105185566,2635.680389812705,1917.0723603678625,1516.6024121084358,1894.008869302837,1464.7209761577385,2019.035422258809,2503.8892266539674,2287.4842293491297,1930.1624767474777,2002.9545938594538,2063.8820342025456,1319.0774295781023,0.0,1562.5185126977287,2005.50535649266,2461.0004594960074,2161.8156884213226,2898.708520651022,2616.0101091648653,2293.3021995841614,2593.474030926738,2087.5527782380636,2340.1009758791015,2016.8144135804114,2285.6210364048343,1950.4066776368093,1515.706143680541,1867.8089813932056,2086.4858667322364,2061.5834899457714,2414.0756238699582,1745.9898512937796,2025.186948764542,2322.4104694829007,1656.7225049733395,1756.526058426626,1195.149154264701,1658.0305721860543,2036.9195019810145,2183.0873839360906,2350.170967383627,1955.4031233572891,2478.7915157775037,2054.917848819389,2259.732720472083,2358.5415706394515,1468.9442108723104,1998.7051369462797,1848.3561461567094,1917.2010119925833,1750.0362887832002,2067.9015660569044,1590.7255268927768,1601.7581226269065,2283.173153839926,2036.734322877295,2070.5616077216805,2151.1027109129136,1616.3941930495957,1447.0952521448064,1218.8218465820405,1469.7863490155025,2008.3874097068085,2320.768802707796,2283.6816614321187,2112.3473941476695,2246.9616691177102,2065.4839327605746,1995.1929492948595,1848.0705227990718,1936.1347594794588,1890.5909736494332,1945.1493575938239,2149.076944230322,2156.9098619451584,1919.4925494749932,2116.50340690058,2065.758857333899,2027.6723518225228,2003.7636893730407,2134.8326808247625,2075.9308941988083,1947.055989877775,1918.6213809536464,2097.4056648009405,2094.8635580434375,1770.5184738738449,2145.368936726154,1809.8472065873932,1886.6264753340781,2079.594692319158,2154.0930398413984,1901.5565294575094
photo_watch,1834.9159087238597,2344.4281622266176,2839.7840433970696,2550.507455857221,1882.4089830071614,1659.4446771938497,1962.4382892030105,1679.6029514942975,1989.831557334803,2386.598309847336,2262.804260767095,2055.857598136496,1973.8954803482654,1830.9213930366948,1542.1779211003009,1562.5185126977287,0.0,2040.8876005976163,2381.505572602587,2071.650295775606,2814.869407472814,2448.2468648779313,2142.9880790703637,2421.4552477832626,1952.4195481573456,2153.316718851872,2020.7487238239594,2133.4217193799277,1740.9724986938515,1532.7729613318431,1879.627261611847,1942.5766611932831,1921.214969471091,2301.8437670346643,1629.9602890820388,1955.9323988715541,2147.4180925840938,1449.9115030459866,1753.7360537339434,1444.2489010527777,1467.5128823266493,2028.8464563683037,2086.12100454475,2176.5680795678127,2020.4241033078486,2316.639767016353,1983.3105540529439,2034.0039259592118,2241.1949761939836,1520.509087222681,2010.7882122412984,1933.3016231467325,1754.6177996581978,1658.1613623757282,1845.558695757574,1589.1422132279836,1619.0238048343608,2141.5885755966783,1991.0450687765817,2062.9546918370047,2015.9219158282203,1671.4676066815346,1564.4520813646209,1493.0539571993402,1498.4413654967002,2028.386119301652,2263.938131343234,2168.861223146207,2012.807681715446,2068.6609072260603,2102.3552106669863,1783.9542250515126,1860.792434699471,1931.9909461420855,1856.9586617423054,1958.6971004308486,2149.560259496465,2164.2872726001583,1923.9082744523225,2120.664745550664,2055.27695812894,2068.4914518217356,1973.7333678245889,2149.667822826927,2058.7061850861064,1945.6150264420642,1932.8900973290813,2075.5492494814707,2090.911578919663,1795.0073395033112,2133.4111260417485,1826.2738694041675,1914.4299375773953,2075.4702202866306,2170.630776433357,1920.5723768721768
photo_key,2207.6332899136587,2530.214891082429,2530.651420534416,2507.9759807767323,2119.7723480905147,2089.89294494738,2259.6312879198367,2113.825779154724,1632.552865629586,2193.2196472084756,2210.548323586732,1584.7168272739652,2160.7370435388248,2223.414524218708,1984.9275801970161,2005.50535649266,2040.8876005976163,0.0,1961.482585175294,1753.4425997890894,2563.408097307297,2532.498373991191,2092.71325348415,2528.8467773904267,2194.9237135637395,2234.8555347229467,1395.7317084649737,2059.8443318032623,2249.141349695352,1964.3574561922355,2339.988951762398,2300.457761480662,1653.623788085215,2168.4725127485312,2022.469682709955,1600.2717595891559,2134.1181449552864,1902.8528185289856,1950.0608997740112,1974.4395018421521,2005.125517391317,1130.2610469187255,1760.5660987807078,1925.138973711787,1573.4387159377295,2076.081143676298,1690.8451759018708,2275.2747994996253,2299.895114314738,1929.1025695627511,1454.8745433149313,2196.575035799558,2234.0441881267634,2233.160553673629,2361.855816334785,2164.06503439077,1863.772157239774,2181.7969450187343,2215.225273993001,1572.2400382176133,2312.335198572497,1980.8638485406852,2022.3499919856079,2025.8202677054976,1941.5232465319923,1210.534464978359,1879.6566687697537,1872.1701882568964,2426.226522170514,2260.7699313399335,1853.002297061583,2181.1292000099265,1682.1447415703105,1674.915728645741,1643.141987979389,1580.843726470349,1681.7606726740755,1723.4204448395515,1695.0140408546426,1680.9849416285942,1632.5583582180268,1696.4762980867888,1663.7512758995322,1728.6079652997953,1625.432977062445,1673.1840523181172,1687.6199350823938,1631.2519807627684,1659.348679095712,1689.2696193945267,1696.0489564415743,1680.8296854498617,1649.8344204580799,1639.4939515334077,1728.1042483889896,1684.7618128315655
photo_truck,2331.685225594975,2561.054829108142,2219.8354205311452,2430.0563717947184,2233.208580511031,2452.2404091428193,2564.589092716055,2508.462053313536,2089.658091466932,2126.5838604277146,2317.547805978379,1995.7288060020674,2303.0910299172724,2311.687289702382,2420.910575151533,2461.0004594960074,2381.505572602587,1961.482585175294,0.0,1829.7840056666153,2279.0261881651904,2421.3549611449557,2007.5165137719164,2461.1309670645965,2248.842356125783,2323.635083946135,1982.067070719659,2112.741350527655,2451.4108550340047,2356.391965531007,2722.8929470802636,2457.1491351835684,2020.1592794898995,2194.2290999869792,2385.834531561755,1990.4676188894473,2133.2403962432604,2235.625153877806,2393.3381415923204,2433.9512826079103,2409.8636135918237,1984.6351511469306,1644.5695888079606,1855.7319613192362,2039.612119196612,1931.6779708097288,1904.41342802719,2415.0771932137513,2390.9532376614225,2367.7421769000925,2083.2599692648396,2636.802227491088,2382.33344320974,2595.3932349385927,2507.161543417136,2606.2284738360745,2424.604050771536,2296.369693129025,2465.119164423498,1948.6275279694928,2485.8345453695483,2251.0399084224205,2425.2469535089845,2473.0284947266346,2457.868989568052,2051.6609686171755,1590.320066660201,1947.6819432376578,2578.0759702402966,2427.478771958767,2107.3901683579024,2436.4609107590427,2245.6596882960844,2210.6986089209254,2214.341339341384,2192.11189225616,2253.4952865889136,2260.286549168352,2271.413177514237,2226.8311204213687,2207.4357748543484,2304.7900604792376,2221.0535301343493,2259.6612811796967,2189.8968206204963,2257.7255350007185,2259.0451688288013,2194.724346084247,2223.469043644537,2246.6588747171504,2237.733489730402,2236.845657118096,2249.5503377214077,2189.1295453326784,2296.8167197116168,2267.098563553384
photo_velo,2121.0716785207837,2409.9678917971696,2389.4326250575605,2354.2888279343633,1967.9043060026472,2207.8942996738533,2263.5488921045335,2187.1255532569767,1859.650653934254,1993.656920895905,2285.0505718263125,1803.0121056231,1953.0757668458039,2045.0961329628174,2143.211965527615,2161.8156884213226,2071.650295775606,1753.4425997890894,1829.7840056666153,0.0,2426.1713462393723,2400.037586407662,1842.117257757698,2250.0385334787693,1916.2099691598653,2072.635262850347,1697.03757295275,1862.379722974967,2069.9068551829364,2039.4095673708357,2413.8232048610157,2140.035937053979,1760.7175352833658,1969.5187230675908,2032.787390283724,1607.7106211826535,1799.432248657699,1859.8010765478502,2125.4408466814652,2100.0285651862237,2004.607967894787,1690.846468533141,1509.9903452195595,1453.3796289382651,1773.0971180808415,1845.946313567827,1562.3909559703895,2101.917295444981,2142.730413767999,2036.7331200489903,1725.9732969553784,2380.2273623869514,2029.1928618740853,2219.5837400497394,2208.3603052185667,2217.3543230195796,2070.564829194467,2046.5021503681658,2153.23490401573,1685.3328003226545,2124.5746512251158,1883.7042242740356,2105.7720997162287,2134.4871466360432,2108.6827784537536,1752.3096746288925,1662.3525417940864,1422.008083695491,2243.4953818741715,2118.9035916113544,1787.9771363526168,2061.6310325027375,1896.882461764648,1834.0994355464077,1840.768846431439,1849.192967836562,1945.2946324816703,1965.731204389959,1911.8756681207851,1896.9128108873786,1870.9531049949096,2018.6795868118575,1843.1620820183016,1966.1222258905366,1853.8578211423937,1877.9102133973372,1905.488658919441,1861.9541680261912,1888.4849667902622,1875.8746683685317,1927.052729154576,1869.7133300794244,1882.0761606758454,1877.8630792347587,2023.5129939271765,1918.950616767987
photo_road,2735.6553664629005,2753.283980204355,2091.894510029227,2470.113107905096,2657.9656272229877,2912.4296405945506,2919.1554874968892,2920.2365493573316,2554.0945377646703,2338.723215470605,2742.9883405661353,2605.3292116575262,2720.1277573421116,2617.49354193671,2902.3484913470843,2898.708520651022,2814.869407472814,2563.408097307297,2279.0261881651904,2426.1713462393723,0.0,2642.6836905750934,2315.204790551525,2649.5479461204604,2671.31008091627,2658.452199692615,2545.5060017391843,2471.2120964923315,2822.943219183593,2809.1953616175947,3133.3453248696155,2792.9163345865554,2467.7606722383694,2513.73705856354,2809.3905380897318,2569.515693389909,2500.4058361061107,2671.810375099131,2836.080357787309,2894.4607058408956,2833.4352771971785,2565.7179950539366,2441.6918304813653,2339.313794147501,2499.4737631192083,2219.980784785627,2484.5575074050903,2729.8990632610194,2711.8561679932586,2848.7132602613287,2646.1859655454964,3088.544284902586,2774.633823103961,2966.794828119358,2877.957615978474,3025.5480147281605,2923.819243244328,2604.800216359934,2919.32308921712,2555.9413678986716,2817.5480843736173,2737.210588845945,2880.6278954014842,2928.423287953407,2937.8203979263235,2628.2765103019033,2398.0098866955477,2473.7166996572437,2919.2163401374364,2757.409806424223,2609.3626388636835,2827.9828445373378,2770.1042368865246,2751.2882576254597,2749.5532660109734,2723.0196953821023,2766.5901091149804,2760.867241792632,2800.673108443595,2749.899458007506,2735.4414504021784,2804.1621001444223,2741.8567995460708,2762.301302698921,2703.9632570380045,2790.7008549319694,2793.1289456096592,2714.718833171157,2751.998550881526,2785.6308365524105,2757.78728808094,2762.365167483395,2783.0610090414348,2706.4551561680523,2772.930002889754,2802.270970001644
