,photo_face,photo_profil,photo_eyes,photo_face2,photo_walking,photo_standing,photo_hand,photo_legs,photo_bird,photo_butterfly,photo_girafe,photo_fish,photo_cherry,photo_tree,photo_flower,photo_carrot,photo_watch,photo_key,photo_truck,photo_velo,photo_road,photo_house,photo_mountain,photo_windmill,drawing_face,drawing_profil,drawing_eyes,drawing_face2,drawing_walking,drawing_standing,drawing_hand,drawing_legs,drawing_bird,drawing_butterfly,drawing_girafe,drawing_fish,drawing_cherry,drawing_tree,drawing_flower,drawing_carrot,drawing_watch,drawing_key,drawing_truck,drawing_velo,drawing_road,drawing_house,drawing_mountain,drawing_windmill,geo_face,geo_profil,geo_eyes,geo_face2,geo_walking,geo_standing,geo_hand,geo_legs,geo_bird,geo_butterfly,geo_girafe,geo_fish,geo_cherry,geo_tree,geo_flower,geo_carrot,geo_watch,geo_key,geo_truck,geo_velo,geo_road,geo_house,geo_mountain,geo_windmill,word_face,word_profil,word_eyes,word_face2,word_walking,word_standing,word_hand,word_legs,word_bird,word_butterfly,word_girafe,word_fish,word_cherry,word_tree,word_flower,word_carrot,word_watch,word_key,word_truck,word_velo,word_road,word_house,word_mountain,word_windmill
photo_face,0.0,875.6623410355189,990.630794693225,907.8934430403193,814.9373790608004,819.1160662310235,792.1699731927694,766.0098942141611,901.3912222007991,1013.3636739957695,977.129424645447,896.0204494243637,876.1944098341138,838.6370029523573,822.4895988825851,800.6926154162358,838.9952779221883,902.4384112540602,959.6714040336909,886.5039165355223,1035.9173300054738,951.4102786626011,924.2248813904238,937.6724465660708,815.7921553910716,896.42478677125,922.8496362062288,900.9360117717007,848.5957978583114,840.282586698355,873.0448882617297,873.1427805689715,878.067373600441,947.7700978303119,838.956527844407,887.3822837979654,909.9324430755968,785.7982280533212,861.5107629554791,806.2144670532944,805.4504929072252,918.1456987860993,918.9453530474693,912.5968276105676,868.5735048519614,954.2807436559109,863.6882532970943,898.9621407261486,928.5234876137381,822.3922651028283,922.8160129394041,871.664235566434,858.7019286284427,847.3096379217234,882.1553138593802,842.736081911803,827.2003984984037,942.1764499708565,893.158284709841,907.0731609023162,910.142758661505,834.0469491380815,833.1370435402175,821.8101590703209,839.146013312724,901.2721641064791,933.7076334341341,924.3325569747634,834.884940781212,893.7847527986748,871.6867847529277,909.6945207312878,832.0268910804789,852.3854883180068,847.1911773566442,897.8599331635967,929.9902950303815,921.5286940822805,843.5016330859976,918.3436172730443,903.3664378111996,921.7719264575271,876.336733512851,929.0005056395702,928.5497213878654,856.5537863824413,857.546213004257,915.558370597218,889.3485885317806,814.9181678006825,920.6941393621513,828.3740663891836,861.1245464102881,895.7311218543904,958.4305761378274,857.0809576608921
photo_profil,875.6623410355189,0.0,1027.4946440156866,939.9298873329026,926.2329153078322,948.0127979270019,909.8096102748937,925.5511797505693,974.9924651328719,1035.5031665648812,1037.935249009715,991.2223665746551,962.2147429901414,946.3517618477276,960.0327563225117,957.9214072496986,980.0679253862304,971.2422715894583,1015.3898147844342,968.6273454397308,1070.4540240413612,961.3010781307114,988.2895794557905,962.2605331494448,957.1037371016383,899.282519694041,987.623894451114,961.4162912056546,953.9508346535698,951.0272866142724,976.1650518932388,942.3893035612119,978.6907912467219,995.2657555939734,937.9560407837631,981.237738991189,966.626877245677,942.6851937389905,935.1440141832715,955.6289004155208,950.431693418949,993.5542599022363,1005.035928875167,980.4606502212769,960.7094175238309,1001.7073466179088,964.6939325815089,964.5190818570665,984.7899913662686,957.5331181519362,990.5660135748312,960.400751027647,972.3437397040599,957.3540567278072,981.098952505706,970.2596857923749,960.6719361113047,993.9832514110645,963.8009564438722,993.7980178598611,983.743718081398,947.8686675337705,974.1374692607573,951.0677053149608,966.2491615709778,990.3512546825024,1008.4152812152414,994.2076149971824,948.0691918511327,943.2240518018141,968.2382720622854,994.0059934336169,957.2694999916569,963.528120679493,956.5481908636228,993.5166400600049,1011.3177407584494,1006.7366824638452,957.6805750115118,1007.3158640011842,985.0545335484945,1021.9249933293609,969.4841597980165,1013.931461020123,1010.35924662898,963.8328030927307,967.3830653505584,998.8240050265847,983.0564692949623,971.5237694292408,1002.043570630498,957.639660244726,970.6276859468555,980.1465473567553,1047.7017805659511,964.1123567532957
photo_eyes,990.630794693225,1027.4946440156866,0.0,1004.0751819056883,990.2641313237557,1006.8289643524008,1001.9099356805473,1000.4544992109992,929.2149295115199,1000.5677136176682,1025.8941374104827,938.1943503698448,1011.4002500946731,1043.7830336883453,1022.9665009972031,995.1843845054202,1065.8410127628722,922.5884201788748,950.2163682756601,941.6298902601171,893.5860486872699,1068.9963259950491,944.8651904020696,1032.7050381226024,992.1680620679376,1021.4165211288894,907.9221716111076,964.2750600755464,1028.470988349253,1017.6697922812612,1038.7135283725936,1044.9943365218649,936.34860430486,990.7888552843085,1022.4379118380172,942.8815686267311,966.2809341692364,984.7697583893724,1004.4647051651089,1012.3415029080136,993.7580894884921,931.2626446549674,959.4865145633394,925.1355765040151,930.1179012827024,913.0651520858817,939.1168924690973,1036.034604336662,1039.0807702792592,996.3896304175028,905.32031523109,1035.1445441075703,1031.9198658341681,1021.15333327083,1057.024117416023,1028.1309746612483,998.3931424973964,1010.7338951926829,1024.7597188222103,938.8059188711655,1046.0051241684066,990.1585155520371,1019.4614186472983,1011.073713027849,1010.938207996187,930.4608879443336,960.7810073249167,940.3359345706489,1030.968359329477,1040.482750738518,974.7478623845944,1055.6745688714195,929.8759149115788,921.0911424359018,937.3862631532147,943.9657971456061,941.015516559833,931.246821632548,933.8413992237598,929.6652857925955,931.0213524082462,946.2992242418152,911.8642738702443,936.6816643081148,928.9614218311442,927.278041761426,937.8660695027771,920.6069564593224,925.0797131192455,943.0150034637061,919.6249836614983,933.5374714517511,931.0982924764071,927.2454232036634,975.4495849353284,942.6483131961794
photo_face2,907.8934430403193,939.9298873329026,1004.0751819056883,0.0,936.7954502117867,958.3078613938213,908.1126276170121,942.0117040999736,916.1093640487767,1014.1360404870363,1004.277176195476,966.6530950049075,972.3288023470353,964.2273296600159,975.9830588775632,961.9916568951787,1012.947961747269,974.4092674285955,1014.9564096900167,955.6537476035743,1031.2803363482954,985.7809446186976,996.1143098207842,998.7098388190417,944.2575061299762,959.1585161805154,996.604339788016,892.0599064335127,972.2006826274848,972.1384243034616,991.2382383720867,977.0935884354323,954.5617464262053,975.4466037227779,979.2343293486341,978.9599464148359,973.9993397808149,949.4893363196181,951.3076939531819,987.8035769150177,970.049237812428,1001.9535097133313,1000.0142103838825,969.4801577649595,956.5588644846067,994.6098347199024,967.9482283611487,997.8321629260429,995.597052366132,970.9664086782459,1002.9744017985457,979.0072024456621,973.9556158198656,979.8263526115022,996.2037436065382,1006.2640887498628,978.8436622565803,968.2303249606719,990.3131361953074,986.0526802581784,1010.5332998394468,965.4805820436717,980.6824420150258,979.8745975652902,990.2059787520532,994.7174722848085,1000.1542395968523,978.5897744461101,973.8432287125884,989.4946391511862,965.6864762530892,1017.490083617045,956.1254810741817,958.3973041948962,962.7658890277672,988.2547235530866,1017.7927945000289,1011.0949971291539,957.6996277545663,1017.0038694511945,989.7190269159432,1015.900714604306,977.4588344374389,1017.0972291388666,1018.531936885768,972.2090729872924,964.1533925072384,1001.3299556917221,986.3547564620944,959.2222348228879,1008.5431941931071,953.4568437564162,977.9444786651626,984.1273439545706,1042.1468311562244,974.9606162055157
photo_walking,814.9373790608004,926.2329153078322,990.2641313237557,936.7954502117867,0.0,698.4324674056876,768.7199847893959,699.4319988666236,803.391253271635,921.3662166131601,906.4983068289013,824.4820369946848,798.5374481956426,801.0085977527687,702.8636478595251,705.6289167279801,790.0632915813133,784.7287177041962,865.4496158001718,778.1809561154615,960.519743365434,955.8844133549036,813.3162981472377,888.4540603265893,732.1328375912424,834.1560474093691,794.8787544114273,794.8465002838352,669.5074514058663,747.6781309055986,760.2884421105152,767.8780337286673,765.9785575509572,808.7108005821319,712.5156671132091,774.2075860163905,818.5157173342908,709.2864018270301,761.5153119392943,703.1345685902577,702.1088463250164,805.1385437864741,808.9645629664069,812.3538277568825,739.820985187111,864.9642969333971,710.0122395957409,819.7726203982994,830.7301221790104,676.153825872835,802.2678491061956,760.0734772005792,730.0800040594356,722.740371065216,798.2396643923915,714.2431293909617,704.627285057012,833.7025305174783,742.6136734919692,777.3020518922124,771.7237653574133,689.6541382936117,743.795113766233,702.2965645601913,715.7341863979942,779.6166541647575,808.7686731405935,806.5451466400744,738.9988819588691,840.5877383837174,733.2294702527416,818.5402091522625,719.2010006346783,740.0582644707314,738.2292538938734,793.2699902897793,818.6408047356265,809.1252797330739,733.1471591546443,812.013026521592,796.9522164180978,816.025340593789,770.3848989583093,826.0740093401821,816.825279212312,742.2981840655257,739.600557031835,806.959064687391,785.4886366862353,714.4609346197387,804.3790492411512,714.7178757024657,737.5560124793427,787.5946406999207,852.7266917675528,732.1351435244148
photo_standing,819.1160662310235,948.0127979270019,1006.8289643524008,958.3078613938213,698.4324674056876,0.0,771.5782024177328,675.1053345663621,832.795501461548,961.3202197183128,883.143607495841,844.7991590536756,845.6083596453711,815.9122679642343,630.2108324619776,633.3779501224066,725.6843512616698,780.2107670572864,880.4336830515182,822.0693885560042,989.1590387444479,965.5769700904689,853.9362503922736,876.8389321591336,747.618802146202,843.379935587735,798.7237252718361,805.0665691345987,740.8142045578511,641.3537257295267,722.9786677505812,745.6437003039484,770.9539529084191,757.7470452046994,672.60925863691,787.9363598853089,805.7481385635481,707.1836402597844,703.400917456245,609.3035968654116,683.6445173024177,790.5548196906793,822.4117244146285,860.1693481409484,722.3015305479436,879.8756803023032,739.4486609294497,785.2071544320186,814.5745256419208,611.1303033024691,799.0051716430935,674.2004809523745,734.8808355658014,683.3385339709524,768.4359408730046,695.1563637041243,662.613542838764,807.5339803372286,702.1935583140416,789.4730325537123,778.4417270493921,653.3498203070071,653.2606199635403,595.2288012743232,633.5821756022757,761.6711868140783,818.7687094930834,822.2951110599713,708.8102132007674,792.3877102370972,713.8714469532838,780.2000081089454,711.8069270594231,735.5624115286313,725.7013066859926,779.9993752601782,820.1582261010365,810.6662948930059,729.5698308899433,810.9893095973597,794.4222101233495,800.3539170515655,772.3772511634597,819.9464493518669,816.8463935574779,736.4618216697914,725.0173231531252,810.7970216040908,788.9849802856377,703.3280707938034,810.0320357108964,705.0458729230375,729.3469144801677,785.2300723346264,841.3086163689495,722.9023195496053
photo_hand,792.1699731927694,909.8096102748937,1001.9099356805473,908.1126276170121,768.7199847893959,771.5782024177328,0.0,750.4399477194006,888.0863912345483,976.680591918564,963.347052923589,865.8529149999026,834.4790037263963,835.410915137513,789.3865975549221,742.5422627762483,850.1110668041357,858.5888488849148,961.9726795201925,842.5564123338839,1008.7004065859644,942.6346280803691,915.6844752575696,928.8559095705655,841.0077036253514,887.9808140019863,869.8817583016884,874.0382538689223,813.9663059718113,804.4815906719881,813.3563923752185,838.6040657512992,878.3273553129486,896.9633646978128,804.1773778857004,859.4864045173116,869.9481540748361,801.7720875726855,815.699408708847,784.3736870353703,786.9283409614482,884.1395289583138,893.9223630577712,896.0064620061679,829.3081022317466,938.9902635973009,834.4622043175362,880.4210144469178,922.696576691925,784.9900688616366,865.7301474763483,833.300447346026,839.6746726316015,830.513242117118,808.4088630406536,798.3494805670525,804.0161813528582,892.17059613993,845.0195340306851,876.8795232462963,863.4969712393308,796.6344006822526,819.8247051983714,769.3338600542487,799.1684789290091,873.5934051624469,914.8695043203205,881.4988407846763,810.896779562518,881.3744576386609,824.4147077121726,878.5456921287137,818.8280597960039,817.9304016451932,819.6217148548358,873.0722547114613,895.2219787261189,888.4238191578137,821.9230381860257,885.5743283476627,874.0259378299622,886.2522476444219,851.23444934247,898.8677904118418,891.1678747567116,828.1448535225786,832.3053459115627,878.2121460106156,866.2267751231124,813.1797372653258,881.6396029766274,814.3529895027061,825.5764914839522,867.6455761853564,919.2710219635433,816.1597722571886
photo_legs,766.0098942141611,925.5511797505693,1000.4544992109992,942.0117040999736,699.4319988666236,675.1053345663621,750.4399477194006,0.0,843.6826610195855,960.4604656537333,926.3739981070822,836.1563081700091,808.6728018030283,841.7691735824278,680.6843961478794,653.3966254191761,778.007667806652,808.6520761393936,914.2549723964929,818.0245084838838,998.4619060406305,968.4603827062704,892.0449065652228,904.477823632554,760.9004248376087,857.3582465344381,819.2088788106784,838.5083436032431,736.4645724742389,734.4839327307415,746.87002932479,769.2353752613257,807.6396537552755,830.6099243436707,744.5484650794664,812.0108059166785,838.433654719667,737.7859989135568,766.0899367783092,682.1924806804377,702.3774250040486,827.2497619071981,857.330633135821,871.2125221861105,753.7437351510001,902.9687051570255,764.2892898507228,837.4028758468573,834.126895872428,657.5574006938019,818.000245475833,736.9164181448097,757.1002708718231,711.1476850882715,812.7439173073508,690.3489350056791,680.5315879405135,842.7549577379933,774.8331345713701,807.0547716052426,786.8973865490757,711.0835257821851,729.9196289547735,673.3687090765068,711.2652060875173,799.7834480955007,846.2084251098663,841.1087451194,753.1542662700567,829.3357914159567,744.8532460821236,816.8677963807108,755.2681685303575,763.7720589793826,760.4353894902372,815.4624313199977,845.28623650012,836.7440315805918,761.9379940852991,834.9414212512077,824.3576690794888,830.4726955015598,800.7724227164971,849.1431639393599,842.5886402021554,773.3919578928999,764.0169920420175,833.7286838528047,813.9210193439383,735.7446727216015,833.6646487514158,744.5809727876552,760.4627106250193,818.7631972416395,876.8368540965743,752.8254774495863
photo_bird,901.3912222007991,974.9924651328719,929.2149295115199,916.1093640487767,803.391253271635,832.795501461548,888.0863912345483,843.6826610195855,0.0,888.0806376102248,836.4548750138853,747.6934618123971,880.8451865235904,876.0808487219883,824.5236201842026,800.5358271241264,849.6391684687361,689.2378261139456,846.9754417496271,770.8225096955823,929.5527328853744,1000.0113445964928,847.9337445068852,958.8219024551053,785.0037012782341,864.8165822133635,745.1419300220809,790.7615214930645,822.1356539591161,815.3981100603611,837.7877002155452,859.0658375979841,692.0627679814702,857.1968748934173,808.5190493069305,743.9613687642261,843.7539194457192,796.5615101424983,785.7882598483588,808.6090242793761,763.4442060806754,716.8233036916524,793.9753162129523,795.9552895692425,704.3258141378122,846.9330784016885,719.5230017454742,883.3716863579987,880.2388759322574,778.8869605084661,746.8727188776281,812.1591391669292,837.6346989324179,817.7270611970133,880.2489845613244,808.8868738747565,764.3500862711031,869.4378830431924,811.7761373799385,754.0213188792434,866.7115515475539,773.3031078598289,809.5392938455673,798.1507544223144,774.9360054055586,697.3399763877262,816.7840630674847,792.1789037755054,836.057149350956,868.0962262476806,765.6417795129527,876.9072321850858,694.715576033266,720.1102657151475,705.5085945807859,730.2083463946625,778.5184547594043,762.5276169916147,706.5219604457133,761.083178041955,735.4870224951867,769.8736219811591,713.7301036561233,766.0272010506139,755.2579614633643,711.4549601733667,701.7198990113916,747.9718817644742,732.6798025395241,698.8910881864447,755.7126756150466,697.25191449109,712.9671689942838,725.2421246268401,804.498016349442,716.4422150673868
photo_butterfly,1013.3636739957695,1035.5031665648812,1000.5677136176682,1014.1360404870363,921.3662166131601,961.3202197183128,976.680591918564,960.4604656537333,888.0806376102248,0.0,1017.5809725993967,938.4143391163173,964.5600608683576,971.8929986314339,975.0981251582227,965.4071214126105,1011.6963603262541,906.6135021705492,949.5172860906396,883.7026147720143,963.7506430573723,1050.6304185912784,950.0290484931659,991.3625225583457,931.922315124441,945.5889070025707,905.2180968958405,851.7912109758364,921.2412743567261,950.8127491847257,968.9940322709186,963.5698218758001,869.5381686199324,922.6929877568199,948.6067458400805,910.2097158939056,929.3742253730136,939.1695101208392,932.977512680135,959.6687833572608,926.1338557857903,918.7593324578069,911.1426102612132,902.0394600231812,876.4557137807573,917.4779987871422,891.9881840119939,930.1991405695138,971.4302362185182,932.4028416033723,916.3140308574812,954.233385090178,934.479104458882,924.4923681688481,977.5364302274355,956.0874517392273,937.6798902365642,930.6873397613086,949.7102308157595,918.3994425399557,998.24565022552,923.29988913318,953.4114935358905,940.716887285138,954.4555600428372,914.9099182390902,938.7203333978817,918.1773908513962,953.222634917313,987.047004103192,891.9527457153915,958.0429738708741,904.6564613031968,902.4654417130099,908.0400018528757,928.3144815581796,951.4662583691452,952.2939494983528,916.7124940563939,941.7163862068933,927.9468767759399,955.6968602654459,909.1438979101902,960.2586450953919,942.5145441084949,909.7535953884782,915.77452545625,934.6227948598688,922.7888945909655,906.7383442687577,937.8179038956464,906.474250659314,910.7764594954757,922.3534266909434,984.9007865363839,918.1295245850134
photo_girafe,977.129424645447,1037.935249009715,1025.8941374104827,1004.277176195476,906.4983068289013,883.143607495841,963.347052923589,926.3739981070822,836.4548750138853,1017.5809725993967,0.0,923.4751809559899,985.649179905049,954.7306389687506,884.3294968244926,882.8812470768127,933.6566046587762,856.3854785839894,934.7851025957114,915.4302110465744,1028.22933849272,1016.5188243094295,967.658734425831,1010.6033837494547,896.1254063750296,942.9030857955738,894.9954581037564,900.722641515885,920.3556934619975,896.0279730171328,899.7003528589538,914.3200029628916,903.4375279961255,911.0237224917522,873.6032587216705,898.1909524648499,923.3263960176696,891.3902959865379,878.1593876304242,889.230635274697,870.0662600895553,885.5954663954786,884.9604441342273,910.668296369073,857.2094120382521,954.6488228371618,872.608485325313,931.3228414852937,932.8539047226917,881.9534693363515,890.6518853640782,873.7302677206711,920.7009808510936,884.2893038315626,931.9681575477501,889.7981119033033,894.0448112699115,962.1267100599516,876.3243404772929,900.1737924157902,927.6355347244069,882.6009370171855,871.2825192298332,881.7111238875356,889.6065979182877,870.8325112507182,897.441761440903,897.1216052032997,906.2688275481962,938.3563884999644,843.9409036012016,916.5281074785919,877.9148676427648,873.845431045554,879.2077836116733,892.3661729582133,922.3353088610423,916.4548005756225,877.1626778649049,913.7195581637925,907.5447758594657,901.8172332647454,890.3735567807688,925.0625996026475,912.638317057695,876.3176826965241,869.522037647322,903.1906057820771,894.2220081779175,875.9758841883352,905.0237698286918,875.2216224740743,873.443842381881,892.3634396133839,942.9888751007577,868.4912771470201
photo_fish,896.0204494243637,991.2223665746551,938.1943503698448,966.6530950049075,824.4820369946848,844.7991590536756,865.8529149999026,836.1563081700091,747.6934618123971,938.4143391163173,923.4751809559899,0.0,894.3594356066686,886.8793554283827,843.3665691495711,782.4227984358622,876.4703587230803,707.2350403543809,835.3044947462914,760.7190515089052,932.3717340652078,998.4244778384322,864.0331293551804,982.2513864251209,852.5049610103099,897.5673669655662,725.2170120667627,852.350513784543,879.9647599580422,855.6301575572758,875.9106680519217,908.7499994940507,789.8551238141482,894.2351773447596,851.6905819084678,736.4552423560556,867.7315481881426,832.1852982708311,840.8823429772714,836.7880045550995,794.3892217184355,742.0099253301803,792.5786367251422,824.5907531126098,713.5441458196874,875.0730595312466,739.402891488095,929.3737980672802,924.9014394910521,797.8864354305215,745.203808204809,868.1733504972166,896.2358164658543,866.9613008657582,921.950852328701,847.64316225305,801.4806051735152,906.2855993554003,849.1824664144582,746.1800749015861,895.3774631694507,805.5171097212456,855.6621577428583,834.6348527156094,813.2265713185504,738.2600236310292,825.5121911055254,828.8737356810593,874.5732925235538,891.5654938802971,798.0298459495242,932.0583437451488,719.5638557396978,728.850784933796,720.0385345522134,749.9820485926778,756.6207405472978,760.7160452113292,718.0343214468694,752.0848879223965,736.35897926297,786.5659648013605,723.6270340094246,763.5156100304056,762.6363076430015,721.6230805126539,731.617352605838,746.6159117356835,732.0161314799548,722.64876899335,753.1066056946971,722.1302750463675,731.5048177339729,730.8935259868587,809.9769186649936,727.0970771086485
photo_cherry,876.1944098341138,962.2147429901414,1011.4002500946731,972.3288023470353,798.5374481956426,845.6083596453711,834.4790037263963,808.6728018030283,880.8451865235904,964.5600608683576,985.649179905049,894.3594356066686,0.0,856.3141753854195,847.7361888088652,808.4485372965971,902.7996563677193,870.48427245862,927.3680682419333,850.6176076817447,1034.0133263977052,996.5809210995913,888.5337607059759,946.270156096867,863.7767154448759,905.1611530651571,878.6646995564807,910.1241079435384,819.8470029570199,866.8867155877156,863.1332988127123,859.3219756645971,867.4019143637813,912.007043669652,832.4696277765377,861.0165690305928,882.9304591877979,833.8524849069091,886.1504282280849,823.8265342530242,822.6635879332406,884.1158788708154,864.6011918683428,893.6217096281896,843.897399178372,928.9571086416726,823.9888712822035,909.6975779329229,930.5711308734258,834.2222727890982,880.629888606248,867.0195852488898,851.5998348354285,849.739962455667,895.0484872030949,827.4147181743466,829.8630300456201,893.5461950935384,835.6085655085365,887.3281358470362,862.7125366214344,808.1308269645041,870.4352732280776,820.7087691921872,841.425460745725,876.9705470812177,899.6164983350054,885.3715706112253,825.0794844495016,891.7340426015355,845.4516506213222,912.9990863396121,832.0264360778434,831.8230599866849,826.7762078256277,879.972841772738,897.4952665033234,886.6891842039349,830.6007247465434,889.6419422201668,876.5039541835041,906.1554748418592,859.3310311485099,898.6589466040759,898.9227071560666,831.370563459985,827.1050034174074,884.7914550070669,871.4281375912683,819.9977924293419,885.4753420398293,828.4703313234114,830.8411362062501,873.742752776572,942.6303206945548,822.8703346983634
photo_tree,838.6370029523573,946.3517618477276,1043.7830336883453,964.2273296600159,801.0085977527687,815.9122679642343,835.410915137513,841.7691735824278,876.0808487219883,971.8929986314339,954.7306389687506,886.8793554283827,856.3141753854195,0.0,812.400090987779,794.1750566094537,785.7490916343223,862.989843094291,940.3474778219239,861.0161918475228,1019.1158061216626,901.8547157967354,839.9405438907683,913.6827711109446,829.6461867317688,903.3971182854572,884.0900973607656,881.2854374289209,797.4877430871084,803.9605603696962,866.5532037973198,837.223313219656,843.8777497051929,896.790220109426,797.9211460960289,846.4900656511089,874.7762164977838,724.9088434917169,851.762890714505,795.0016863114495,783.6129768066113,883.1973050259634,880.2520927759678,870.4193536803651,840.1793614799203,917.8685687696379,807.0889738323026,864.4395608562356,923.0828749132429,793.4136160258156,893.1996311754438,871.2854719230861,839.0124741383318,831.4448331059511,861.9855639889862,822.989087151279,810.006734178798,900.4116594928017,845.2336390103274,887.9986838131107,853.2254761434865,778.1320488870952,831.0030703088314,806.4640533927807,796.4617183309198,869.0709833727569,906.619889297518,905.1796848753543,833.6906599792001,876.67816143556,852.1145845075912,880.2725487766818,811.2910504507076,827.4206103003286,815.6644588600009,877.1231350135022,898.2870109637531,893.8244991374689,816.9142960832758,894.132559923945,876.7172782359291,897.6609388329927,844.0754909813899,897.9517846967893,896.8734175824027,828.9772326287095,824.3908549785539,883.4984623525064,871.7304588344584,802.5274950993637,890.5860241656388,813.0836073387594,826.9065926932655,869.0507844068252,932.6652342908095,826.1936187655466
photo_flower,822.4895988825851,960.0327563225117,1022.9665009972031,975.9830588775632,702.8636478595251,630.2108324619776,789.3865975549221,680.6843961478794,824.5236201842026,975.0981251582227,884.3294968244926,843.3665691495711,847.7361888088652,812.400090987779,0.0,599.2888024037676,707.7173908279957,787.5046441580733,892.0729674542638,827.629399580326,998.8735038101028,980.3196597685595,881.3012650968228,931.3524571578786,745.1414403370691,849.226559217164,802.9858458605797,814.4744027329309,738.6477378786611,667.7020104083374,718.9859100261835,768.9141086931556,779.1901022936296,788.215397514698,683.989087001632,787.1187456572131,812.999960571578,694.7584725899279,703.7279369718495,588.1460993900138,683.3748622067897,795.5997096722524,825.6886800158626,867.4581165093216,718.5512660903923,894.0344483512761,740.4054268977948,844.1483874977891,804.3821002185832,605.2472085367898,804.2014715370178,687.8067335986105,741.5953304440349,691.8671893483128,785.0157425965778,691.9978926242562,655.8439179293215,823.0761032746055,723.0760659337287,792.3946022775765,778.6481753748161,646.2530026251641,638.9797803194871,572.8430062688991,630.3792087340706,765.4569270619029,816.8969153447439,830.1578170184955,698.7981435410095,811.9062192723603,703.6341314528814,813.6988560131049,717.4296284943739,736.3089794376333,731.021532055691,784.9684271989368,821.3077898681562,809.2271059094231,733.1514999989216,814.2386463058575,798.130390496281,809.1361476279935,775.2265129139039,827.237755958111,818.86414438017,732.9182267556787,732.823128773339,812.2342592921348,788.9843839561955,704.656306677792,810.9713858584716,712.7150133883678,731.6689669416963,787.5976549176431,844.3556175722359,724.2499937401735
photo_carrot,800.6926154162358,957.9214072496986,995.1843845054202,961.9916568951787,705.6289167279801,633.3779501224066,742.5422627762483,653.3966254191761,800.5358271241264,965.4071214126105,882.8812470768127,782.4227984358622,808.4485372965971,794.1750566094537,599.2888024037676,0.0,700.8984398011355,768.6120596656486,885.85171992695,804.1267500620736,995.8444641901792,969.7052716064233,858.9749536039988,936.569922301585,764.0005420842931,867.7849286135144,794.455143611783,831.657548979057,750.0238127726466,663.7577634405794,736.9490528530885,769.2128030080291,781.4558786000833,806.0310456216055,700.2291611894822,788.3242813638838,830.7624041420396,708.0080663830252,733.1235940648439,553.9923495787955,686.1051224786287,786.9877165962702,820.5641753305263,859.7372813904683,709.7283236659468,890.0326910660008,738.4553534448331,858.0522836340225,836.5206635988377,621.4247356699117,789.2656468070146,728.4291024240206,757.1450519401301,693.6887932241741,797.5727381187891,683.1964522989866,667.1158348067386,840.0943691178347,717.7340039894814,786.657470235693,776.0618533292109,636.5958919424096,668.4184074741537,574.9955831084471,631.399809844766,755.4356466618414,815.4401612103429,824.1097864733925,715.8401736711212,810.8625365810603,722.351039369231,833.5433257394193,703.7413214654148,728.6549103339393,724.6256733649255,776.8788487791401,814.8684470395565,802.8275269045472,719.6812458477166,803.23459578466,794.1681344395107,794.7276341046562,770.0584500636621,815.2479212726121,813.0239286207241,731.8439959870777,716.8179176954117,806.2342185927522,781.1041567516885,697.1897756423688,802.6390231933838,699.005424882703,720.3079333542233,783.2546310245374,836.9450925626536,712.7974816442247
photo_watch,838.9952779221883,980.0679253862304,1065.8410127628722,1012.947961747269,790.0632915813133,725.6843512616698,850.1110668041357,778.007667806652,849.6391684687361,1011.6963603262541,933.6566046587762,876.4703587230803,902.7996563677193,785.7490916343223,707.7173908279957,700.8984398011355,0.0,829.454668963545,926.9814381010445,863.7474285217494,1038.8775058085114,984.9999795835159,861.3075671734691,951.3676555480864,779.7454791910473,897.2607072595597,856.7836501944807,857.196247698353,776.9644171555428,711.0791581713564,807.0657911060379,807.894119832698,793.5406119064787,869.0799790896718,734.817294236831,812.3690946299124,857.5203755293561,689.9915393732085,763.2459398936982,659.3377645474224,693.3112001960803,833.423643623508,860.8248909638062,894.806021080724,781.231865455216,912.8286145830097,764.5051366973016,860.4095656191292,886.6026226484015,684.1465994894758,844.4431404722293,795.0390343658765,796.8432134326143,747.951287579879,812.8403812870664,742.872328436491,718.8737588090361,880.542469490758,793.9380425103831,837.9445487595282,806.264883392353,698.2576029002178,700.5350198089931,689.1514495786683,665.0549035411914,808.139584074902,881.5251574677319,876.1839932431922,803.4095732174618,828.6370352464027,795.5118757521155,831.1688493171299,745.6080402683941,768.2650214425726,753.7794314377365,814.5495322725674,851.9997779682267,843.163704967718,756.8307194758689,847.094135699423,823.2261134720272,832.3099321221334,798.494739845269,845.018622628849,849.0276981646751,770.0862571504239,761.0662579383987,839.6269605291411,812.7315339414077,732.3818772768133,841.6405359290367,741.3445530568855,763.842812835669,809.5036411791522,873.9520841074176,758.8067676344652
photo_key,902.4384112540602,971.2422715894583,922.5884201788748,974.4092674285955,784.7287177041962,780.2107670572864,858.5888488849148,808.6520761393936,689.2378261139456,906.6135021705492,856.3854785839894,707.2350403543809,870.48427245862,862.989843094291,787.5046441580733,768.6120596656486,829.454668963545,0.0,769.8015553420007,717.7948904958113,916.7193073589401,970.6780545033631,833.9026668682313,945.3256857622155,771.1613042422157,815.1358996444625,576.9409343629047,780.6051565351777,804.3350716831692,779.0387379170535,783.0995943423757,821.668570769738,684.1925524373593,802.396053445765,771.6049449565121,669.2353484819607,780.8833260033829,768.6377867565112,749.7466106828417,754.5778630005867,725.9481714257871,512.0455320271411,713.3623191027808,739.3899823779523,609.7211541071445,772.8817753925849,636.8093910082852,867.0447537389018,807.1415640211623,704.7374381972392,604.5488377671346,768.4818644236415,823.4101102287314,786.5211774590842,827.1702328891693,750.6176910839423,682.5082915339881,835.2531268057771,762.4690150190695,665.59394958322,818.0681335293064,729.0510328200126,774.0709309972564,742.7619113220549,720.8669554218226,499.80879870620316,717.2871111365429,728.2039308029512,783.0923460924433,800.7936193585812,709.6012258875944,850.5965091477646,621.7434870662759,616.2630960828575,608.3228227463459,622.9888137836941,617.1656721025573,613.3604846866331,615.8673065371735,619.2254225145888,599.6170903982156,638.7493067865248,603.8094667707295,635.887544160528,614.5372967844014,603.0802103984988,616.1872296272029,595.18084589117,605.0514009106028,627.7524915022237,608.4976318285908,630.4956468721845,599.0063375143948,604.8278158095567,676.613408415973,594.4824950354028
photo_truck,959.6714040336909,1015.3898147844342,950.2163682756601,1014.9564096900167,865.4496158001718,880.4336830515182,961.9726795201925,914.2549723964929,846.9754417496271,949.5172860906396,934.7851025957114,835.3044947462914,927.3680682419333,940.3474778219239,892.0729674542638,885.85171992695,926.9814381010445,769.8015553420007,0.0,805.055427788982,936.2651980043745,990.8309384851772,875.0792189802722,1000.0170397644576,850.5133680163988,895.8984594452918,752.2287567211386,826.4382409347533,897.9554561807907,873.9736388290765,877.1176139518764,899.9594210700873,826.4778173149476,880.1126297851092,862.2349338085767,769.6064402793943,871.6040116811592,855.8745071863989,870.4671097119269,860.8673411510101,839.681518470391,764.3102110977891,685.6459134997264,777.694652832834,769.592084238903,845.6832368896529,735.8593172778235,913.9833932525559,879.0762420516235,826.769838412065,776.8014483349858,865.5635540430002,886.426328419116,870.8516383035175,932.9605225271168,860.0889245367154,841.5957520219557,913.9073586555714,849.7380450378947,739.465532183306,886.6976512546192,820.4598298307831,875.2516447275153,853.34683594943,852.8330313266488,768.3092193752676,619.8571845522779,770.9542979351729,866.0172691677371,898.9965605154523,809.5291903350119,919.4024821280655,798.819941380816,796.8939078557122,797.6342006223308,820.564359833954,797.5295358052081,794.9004584508559,796.0920344512768,796.3710866202505,795.2391112537038,832.1258849049079,799.6708254158522,802.3502536774225,800.5029922394344,796.5323011123108,792.6181252188109,791.9705672018275,791.6145183962266,802.1785897124261,786.1770013074115,802.7420430654198,802.3078629561643,795.4641820843458,854.6368468730942,792.035892664522
photo_velo,886.5039165355223,968.6273454397308,941.6298902601171,955.6537476035743,778.1809561154615,822.0693885560042,842.5564123338839,818.0245084838838,770.8225096955823,883.7026147720143,915.4302110465744,760.7190515089052,850.6176076817447,861.0161918475228,827.629399580326,804.1267500620736,863.7474285217494,717.7948904958113,805.055427788982,0.0,934.2240176867278,966.7608247989922,803.0850800548702,906.9957807285084,737.4573428640364,827.1201604377098,718.2543539077654,772.8977512965691,788.2101855322106,814.4834694214372,821.1581001612449,836.7359205295223,743.8034560726265,827.9612991422586,800.3583756819846,697.8811562494976,788.067249639885,766.105675096329,797.9658533413046,794.7329363186757,740.7895957167842,738.3585885875593,730.0781612040084,655.8089902814669,701.3672078526412,793.5400048093778,671.472076676628,847.5759950620153,833.2359188638586,759.2790891141465,710.7406889513142,811.9637738981392,800.9720104805879,794.9498075053571,857.114064233362,794.3213541680367,762.4721327282847,867.3658325157453,808.0956703039427,717.895348616329,833.8632675909829,750.554126482009,800.604771606906,787.3690817941588,782.0078276120041,727.7008629827396,751.053345978263,645.8339738710775,802.6296338395086,845.4126386977916,730.6450679623932,841.1989337270561,709.9096393337609,699.7454574054775,704.2892431774377,745.3113972772333,752.6023500407457,746.8421333680943,702.8416907849448,736.5126813538938,727.0581523018643,773.8963630487327,704.5128037596784,757.5105602101593,746.6450311967996,699.9232763582663,716.8592758062256,727.6284254676083,719.4069935994027,708.4689445806083,732.7940038434938,706.9679025174988,708.9230729592255,719.733675893352,801.4239903957744,707.9302092857425
photo_road,1035.9173300054738,1070.4540240413612,893.5860486872699,1031.2803363482954,960.519743365434,989.1590387444479,1008.7004065859644,998.4619060406305,929.5527328853744,963.7506430573723,1028.22933849272,932.3717340652078,1034.0133263977052,1019.1158061216626,998.8735038101028,995.8444641901792,1038.8775058085114,916.7193073589401,936.2651980043745,934.2240176867278,0.0,1071.9269432099563,940.839493465828,1004.5805854174032,971.9723106840135,1025.5080614139183,914.5980284888376,942.0216314496143,1002.3309556804052,992.1537247082749,1019.2018462371166,1029.3804396764217,936.2564951165011,962.8160491995825,994.9817156635177,935.3035620692167,958.8667695712693,966.388966095526,974.0762257661364,1004.0975150402435,977.43191418627,938.4138442223248,948.0113299090499,914.2891042334179,871.2747470912406,929.3916726442019,920.8523966011204,1008.6546462352917,1031.0422074763367,978.5072537781773,935.4680188547378,1012.8252603718312,1009.8419406533819,1003.1299570729423,1052.8618264241366,1016.8645246050457,986.4589458945248,995.7124470315977,1017.6316379169596,929.5795696670989,1024.4027885826883,963.9706934165002,995.1197190471431,996.0903531584885,989.2469772853395,938.9775170948291,938.186597553334,932.0862287216506,1011.7335952949394,1032.8594026474163,942.6541052893913,1038.1380764446094,958.2687806757201,957.6303066757969,961.4450126917978,975.5612333496869,970.2913347248125,963.2048772795213,967.0529081050493,965.521699156096,975.1206962456575,969.0700144438346,959.9292773646276,964.3850326901836,960.2057309395392,965.1046915796093,964.8177837496845,960.1041723946261,964.2613235400473,960.2737156234663,959.6260626204112,959.9407232588873,966.2472035382517,963.3517348732005,1006.5456197945099,965.8252922243315
photo_house,951.4102786626011,961.3010781307114,1068.9963259950491,985.7809446186976,955.8844133549036,965.5769700904689,942.6346280803691,968.4603827062704,1000.0113445964928,1050.6304185912784,1016.5188243094295,998.4244778384322,996.5809210995913,901.8547157967354,980.3196597685595,969.7052716064233,984.9999795835159,970.6780545033631,990.8309384851772,966.7608247989922,1071.9269432099563,0.0,995.8235964906547,1015.9643847946894,948.8895126557641,986.2152394483832,990.1689986910401,955.1160261539558,972.4877619231858,958.2664179816767,987.2056206439139,962.0608888707924,979.9313954664991,1015.4859523956704,958.5481422504417,976.8165893208435,968.1939431319145,934.3849170587426,966.2893825526108,968.0285277844872,960.0214252932833,994.5744166950739,967.3297882636556,955.5955554771433,959.2839356374959,964.8445637378607,958.6804272579213,973.8438018423483,1001.7782566503755,963.8097225878624,1013.9333760127263,993.5556904101919,972.785758260568,982.3781940746323,967.5170007876807,983.5180980217077,976.5238397524076,1019.3443421946668,972.0569788242332,994.7842502666078,984.5445096752896,965.9620082747824,987.7644130042526,973.0762938057541,981.3271962492764,994.0282573772122,976.6023180333118,995.2957482880852,961.3660953229099,933.0961290219925,977.8011800372934,1001.7035890064226,971.8260508731448,969.4228170613718,976.0942637289216,1007.5368493729611,1014.7624253626009,1018.4708038572685,970.6117088385846,1017.0617034428818,1000.8540951422885,1024.2259601038218,984.7340755625439,1023.8514617563636,1020.9329278599607,977.8895635270985,970.9968846676632,1008.5723536296748,993.8099208032172,979.1859966526353,1010.5276296752667,977.7110399261919,985.5641763611277,993.500441455101,1055.1517867214288,980.7005144387447
