,photo_face,photo_profil,photo_eyes,photo_face2,photo_walking,photo_standing,photo_hand,photo_legs,photo_bird,photo_butterfly,photo_girafe,photo_fish,photo_cherry,photo_tree,photo_flower,photo_carrot,photo_watch,photo_key,photo_truck,photo_velo,photo_road,photo_house,photo_mountain,photo_windmill,drawing_face,drawing_profil,drawing_eyes,drawing_face2,drawing_walking,drawing_standing,drawing_hand,drawing_legs,drawing_bird,drawing_butterfly,drawing_girafe,drawing_fish,drawing_cherry,drawing_tree,drawing_flower,drawing_carrot,drawing_watch,drawing_key,drawing_truck,drawing_velo,drawing_road,drawing_house,drawing_mountain,drawing_windmill,geo_face,geo_profil,geo_eyes,geo_face2,geo_walking,geo_standing,geo_hand,geo_legs,geo_bird,geo_butterfly,geo_girafe,geo_fish,geo_cherry,geo_tree,geo_flower,geo_carrot,geo_watch,geo_key,geo_truck,geo_velo,geo_road,geo_house,geo_mountain,geo_windmill,word_face,word_profil,word_eyes,word_face2,word_walking,word_standing,word_hand,word_legs,word_bird,word_butterfly,word_girafe,word_fish,word_cherry,word_tree,word_flower,word_carrot,word_watch,word_key,word_truck,word_velo,word_road,word_house,word_mountain,word_windmill
photo_face,0.0,2186.442743313863,2723.2411116838607,2403.5988755056983,2154.1526936473233,2138.933662420492,2087.5284857778624,2075.900001442528,2325.1494956995584,2512.252400435755,2639.0196489517557,2389.2002771784732,2222.2933705681244,2098.6493112144963,2190.8746854067426,2236.6336212540514,2048.0781390023353,2449.6441895696457,2542.714012731758,2349.5190716080747,2913.150370159766,2500.1053157273413,2430.34676668995,2544.7299863041535,2290.980821296945,2312.4032130710107,2341.9564226200446,2287.182431609522,2197.8688996149535,2145.684452647354,2382.463102868614,2277.7598817782196,2326.441149973614,2464.8137301823795,2257.987261982481,2292.8441463205095,2330.1005807635765,1983.3056880257218,2281.359843477495,2247.2291692900694,2054.3136351716676,2396.4014271944407,2353.627751441706,2437.104655141928,2445.4934711221927,2468.221639699625,2409.819350444111,2384.063975588954,2436.8994122518484,2211.815050984984,2330.6214703099117,2457.0782855389216,2210.9859360266805,2271.492525992264,2254.0200742863963,2251.570763734513,2207.187505009525,2285.0185561203793,2547.087632404335,2421.6657664469926,2452.75184348634,2285.730023627727,2207.463848130035,2258.905179917576,2207.5795567234004,2399.2208088158977,2428.1679515872133,2417.5420752100276,2413.007058460891,2357.3373207255972,2488.039592296387,2175.068238656646,2345.558264558521,2372.955137010963,2345.0046359876796,2430.7239386158576,2612.3945805656126,2617.336334701803,2449.3149486463153,2578.068454909554,2498.432478545684,2605.962685984675,2481.2662933912025,2620.815987763756,2537.6090939929695,2440.9670422658064,2432.7490305687857,2525.3066562539543,2544.5164117760983,2292.9795458169174,2586.926409310938,2342.3841960081822,2390.931170355528,2524.767549642652,2657.816877311997,2420.6913914952406
photo_profil,2186.442743313863,0.0,2859.947263283124,2361.017292951503,2525.521807440038,2693.024363337886,2512.95764335501,2659.6869523643463,2610.60194963086,2594.472050490648,2846.08005385999,2739.07679621666,2537.078881848896,2342.075395078587,2708.2872276396406,2764.525343568282,2541.9838806130424,2757.088575566742,2770.932539827876,2631.6071480648625,2945.8212479792455,2449.486741007801,2690.666150698671,2587.166895011999,2654.013526369132,2290.103987105359,2641.0432906388082,2491.4892399271107,2546.1715511708667,2604.6649344833045,2776.9706004930454,2494.514882480281,2651.854522879237,2596.7947592392115,2596.6528492603597,2635.9030416214428,2508.097045100564,2504.928841263177,2631.7777050196155,2757.763156766501,2554.8473294244445,2712.357248404737,2681.6896482481266,2617.734335057363,2740.9031123996306,2537.728838311791,2751.3440013702734,2558.847825301845,2522.124565488913,2718.1480184119846,2664.776402314064,2871.2434692744264,2595.048465696852,2660.5783266641597,2589.316399365474,2729.1657525383634,2694.345338588781,2414.0753994096062,2835.3027455552856,2721.838722432323,2715.8372564406845,2715.3290746937973,2716.072182538552,2764.1712062325387,2697.118784202628,2732.7376390461345,2700.8842215479654,2627.140801265586,2695.3415530129205,2498.710353878378,2804.944458598188,2555.787645581662,2789.7944826114012,2785.2539657988436,2767.3357058602437,2795.128202408623,2936.8919512432044,2953.8350250329886,2860.4722231976516,2934.081436348569,2851.4381925284006,2974.251626556452,2859.3609276682955,2953.325380813064,2883.3251915858928,2862.507973818419,2859.392792171154,2868.0266041913774,2887.3361390830605,2796.1304564370894,2922.967685688374,2793.6694308555616,2838.09919490996,2855.5135870555237,2990.5107876905663,2862.0545597449473
photo_eyes,2723.2411116838607,2859.947263283124,0.0,2601.651773421723,2887.2146847187164,3087.1479713440185,3062.0388742637774,3069.904468348881,2679.2293324377865,2575.6602289936836,2899.298583663748,2688.6999738537775,2908.6321621077864,2841.302570137091,3051.7983565467866,3063.694878377443,2983.891148382948,2720.1645050998764,2412.350915188782,2575.7525718614556,2284.6051290294777,2826.57678056003,2628.348429847636,2968.1045682185304,2762.4654599960727,2818.9465775451167,2591.1756699180705,2554.8302890084774,3022.4946148820527,2974.8771884281546,3316.6516688855195,3027.8870407389886,2644.050184052369,2706.8892046339874,3023.4770948443456,2648.4221383817003,2696.96392918691,2850.806009566979,2961.2258668698764,3116.5093940784586,2967.205465145557,2660.161983789585,2580.4213081138,2601.144732391596,2714.340924814673,2336.9738698020274,2684.409542166677,2979.068331355048,2909.8453764949013,2995.167973475726,2645.2467158041295,3213.647957830266,2967.753197920948,3158.5728406331177,3052.6476879997917,3224.701224507901,3059.073719018705,2740.0930329623657,3093.069065090175,2653.0703506729387,3039.0654607842603,2953.312194758012,3002.3748690435905,3129.0104361404233,3056.025132538416,2695.6502574816195,2468.547269717847,2611.271808849294,3155.840922169717,2909.257896388531,2765.5202053666244,2971.933253688901,2880.2839386225573,2855.423753053273,2866.6019916283294,2845.488750328519,2930.5968559496973,2925.709757665838,2945.1762685435556,2902.91297482547,2863.5043062755885,2981.0163043131092,2897.1498546653875,2931.1352264816164,2876.4042141680134,2918.3823060183377,2919.4163244106203,2872.554868683478,2906.835292411156,2876.874366178906,2912.4715195523977,2881.9870929745507,2885.483689373173,2863.5992328470816,2964.477051720075,2934.76911737763
photo_face2,2403.5988755056983,2361.017292951503,2601.651773421723,0.0,2587.9475377508434,2881.4764857763003,2720.7555689007013,2832.9919872177416,2553.376873130628,2561.10502543607,2795.158298141731,2753.745329749913,2719.581751004654,2510.895090880104,2880.820854263614,2894.1828418757987,2776.8839506022255,2764.98841496886,2678.8667262785316,2620.660592472705,2701.077844695298,2529.0866521241423,2642.118512777158,2698.5733695663307,2672.2479385395823,2497.337233423397,2675.674199500902,2424.153288423091,2714.8142279055755,2791.967214587259,3020.10439771042,2669.4224170100033,2617.9007738794944,2530.1570230491575,2793.8824896990354,2688.556173386428,2533.8427602574347,2677.8100355508695,2826.9796156431485,2935.7807154760667,2771.993549486313,2732.7270579162587,2652.377113224347,2619.535769786948,2753.5155228095996,2495.8444616462407,2743.550090480756,2712.956424265827,2632.5820373833185,2861.689895747959,2712.9371475075086,3008.500500685768,2721.0045258311598,2875.4174791943465,2730.3752596912022,2960.1485062164024,2884.1782239694185,2490.6993373887967,2904.829872827258,2757.05333542366,2789.923014751291,2834.856267623744,2863.479876780935,2929.6222717899554,2888.422730109277,2746.652451440515,2624.7155726972046,2633.631220304533,2847.334230027848,2660.1373991598375,2747.943574970009,2761.8409188205073,2838.509157887805,2832.751938324539,2837.1229866186127,2834.1243015707823,2960.4912394890357,2967.393369847123,2912.071729956137,2951.8190709181913,2886.558332286344,2997.2911706238206,2903.669008917353,2971.4783610265763,2917.87831306257,2899.8608994024485,2890.1470462977354,2902.3939834246116,2919.2427489792367,2837.183426887315,2952.2838221816146,2843.9079375045967,2866.2245174501923,2881.6387423800065,2995.005638107174,2900.92225953482
photo_walking,2154.1526936473233,2525.521807440038,2887.2146847187164,2587.9475377508434,0.0,2074.8609242799457,2315.686371260912,2089.3138548702277,2280.950501677007,2528.135141479857,2455.634864806404,2393.939350368669,2215.9705454766363,2085.418038749069,2131.9899006548935,2217.752564131041,2148.8132925938744,2381.148094745211,2478.583863642983,2226.5151740459073,2876.791562940559,2539.9421330901637,2192.022636604068,2544.2428974609848,2193.5558052321544,2325.779795211309,2339.164583787277,2348.1002353838107,1913.9596251146675,2187.691560049275,2450.5472580346122,2165.0534638880395,2291.6630038073104,2428.370557259625,2061.567880691819,2298.2352495371238,2246.833208099173,2015.6864156497431,2391.078581711154,2157.5484035587783,2211.313183169023,2386.8764865871117,2237.3095447054907,2314.4124817086017,2457.435851831398,2449.563591659831,2170.3475651927147,2328.8038202483026,2480.808659624852,2162.018589942934,2369.8704839821044,2451.1501111453354,2049.916061458697,2214.0556918178445,2172.6464847554425,2182.561363102145,2155.3476567771127,2382.6807993084844,2250.251685488084,2461.081592994972,2136.063869831645,2093.6977517460123,2239.964511947749,2198.798367586781,2198.0791780937916,2390.4749176316755,2375.225297027576,2362.3702155474152,2304.088772801807,2416.0510405217506,2301.923765103243,2240.208364284336,2374.691987439077,2389.0201276187304,2376.9551593717465,2433.836064758454,2593.560758791029,2604.861669850139,2455.190768337082,2532.5670447410876,2502.9265750956038,2610.027395442964,2483.5109506466874,2588.646389317833,2520.66077407303,2430.0068790483533,2427.202328307749,2518.896827401977,2539.789767242568,2309.3043400862703,2579.2905265414256,2378.6678268323126,2358.330760060085,2517.022176651993,2648.3637308853313,2394.825436224343
photo_standing,2138.933662420492,2693.024363337886,3087.1479713440185,2881.4764857763003,2074.8609242799457,0.0,2152.928114326516,1814.2036047758168,2375.4215956513103,2724.572361993864,2574.092375757164,2346.4612905735207,2372.0940584555724,2349.12546493276,1740.3926614447207,1836.5592888300037,1947.8577053061174,2355.1302386649286,2694.8598538487554,2464.4096007983007,3118.9824908420364,2799.0597674940645,2525.0023163250366,2702.5127108480046,2414.9840701848843,2560.8088288588096,2340.4015059634407,2524.87586900002,2201.776511876128,1856.6667560695864,2169.0140571324773,2294.859062866457,2338.9022733603038,2602.934889195436,2015.0759699922562,2326.1417709598422,2550.746784213899,1950.4519777356352,2078.9934726570427,1762.668131439093,1945.696651083174,2361.7680679088976,2470.344960041492,2641.2171463765926,2330.1919569543493,2680.817481918899,2413.470268946642,2375.649404165654,2638.125314186267,1888.0186872202657,2326.0702196538236,2140.662163013481,2213.5342005077728,2014.5703219043105,2326.7820786257407,1938.8343634950827,1898.9027919696598,2484.8011249462947,2374.9030269994437,2423.395812523205,2466.403470018346,2091.995836947086,1889.525770859023,1783.8553965662459,1905.796961889392,2350.4620391549083,2600.102594723485,2575.179318932167,2420.0693700431325,2509.7328010181695,2446.5524871582015,2119.968885314934,2279.6298156128273,2336.6782861622482,2287.7228100276407,2371.163481007773,2587.975100830346,2586.0301459322127,2385.7203955042914,2545.7101943168077,2477.947732463643,2514.5925628222135,2441.248937699816,2573.577678689098,2505.8567511053225,2377.153619618484,2356.787602650141,2511.121271069465,2534.9195923016623,2199.794556488561,2565.9519949466066,2271.562584711272,2301.207570821523,2509.466841630594,2600.3900219476536,2334.6192859417197
photo_hand,2087.5284857778624,2512.95764335501,3062.0388742637774,2720.7555689007013,2315.686371260912,2152.928114326516,0.0,2123.566383378812,2495.2113200395697,2734.500021845895,2816.801349457873,2413.5568540410704,2304.6580310434592,2306.7660867491677,2260.589440182541,2240.157785083119,2244.7292356957487,2541.831274389754,2812.9765549840945,2540.8693656486003,3138.3091913842163,2716.85449295529,2646.4880229369905,2763.75260245029,2614.5884524901817,2530.0116800843607,2476.9408747723073,2563.7114558781886,2378.929435404124,2183.581847567999,2347.1134464776237,2466.456467901673,2563.9716576222136,2684.8218327216805,2352.6495125066012,2427.169477772803,2558.5234182669974,2150.5642676511657,2330.654491447635,2269.2731125242067,2192.9834221173874,2535.3935861492496,2567.996455102335,2688.6180172438017,2503.9760679906894,2749.3231134679527,2562.034420733895,2502.6201253902905,2698.503475719204,2297.787982637398,2479.6599716950846,2556.3100658952394,2413.343972471329,2395.3888352939134,2355.121543465911,2288.137010236942,2306.1825176236134,2469.1609741818334,2689.652754467113,2537.0147434426303,2642.458424275321,2344.6565623169427,2311.6619163990376,2270.755164288917,2273.5817410897926,2541.47397723434,2688.919834934995,2639.3431019157856,2623.9920976824305,2566.4596878529205,2643.5101879466224,2294.7611883142063,2503.438134274326,2505.265535218201,2481.6697192947718,2574.592248047984,2752.3162827403753,2750.9620464125974,2570.7748801135463,2726.437577459899,2657.277367510081,2723.533860921566,2639.8960066311665,2752.492910706375,2696.990529445877,2582.3300748622496,2581.0080795659696,2679.357832251177,2698.1052097683178,2474.861374002236,2734.2425848116777,2498.7132081102586,2538.970566621919,2677.421842089595,2797.374689693166,2560.526368765529
photo_legs,2075.900001442528,2659.6869523643463,3069.904468348881,2832.9919872177416,2089.3138548702277,1814.2036047758168,2123.566383378812,0.0,2323.563486111518,2699.6229138048534,2648.3929411517356,2271.8522855938018,2265.953028398871,2305.0778005280245,1832.276757234411,1784.4010448299873,1946.3237280655478,2374.036981273219,2744.7275303966117,2437.060818719857,3116.5453025558136,2786.8865114377127,2535.3138719683443,2757.9886621705473,2381.8198361735735,2539.927246722151,2332.57921401979,2521.6967296951184,2149.247774333186,1944.5343398500297,2190.4901443436215,2297.915436637281,2317.0915557850117,2628.4697810523985,2078.0428035872046,2316.1252027316905,2533.42973364564,1921.7056350583637,2165.941667283981,1869.6957437302196,1922.4866798579994,2374.9482446641855,2477.0982968127137,2608.1227127364923,2333.1397434223873,2682.421446638192,2372.7881484209697,2430.850416177367,2610.6563523074165,1879.6815716099218,2322.27604781445,2240.40093437112,2163.3498223908396,2021.955222632042,2312.92891744836,1878.659633687966,1897.1495863184864,2466.967117362973,2446.6909370882227,2398.8925107794275,2415.0086361203234,2062.9815518797195,1995.2131520569706,1901.0892363232774,1946.087053732749,2361.530473032693,2596.762250405251,2543.2385769731973,2464.858176391473,2485.1467384750617,2473.1049743858366,2164.7550898933605,2286.778638985888,2326.229371476442,2293.7927377909164,2376.712004282833,2587.5373698214257,2577.1118348797386,2382.198179559268,2541.9030885219263,2481.2138710779814,2507.2594124070315,2443.857407564842,2567.7909924212163,2513.10505446043,2374.472595666585,2356.6064756917135,2510.4165229965456,2528.320412104325,2204.155850216623,2560.767837686413,2275.9154709505287,2287.003492892464,2512.683153110575,2613.462148719274,2321.9436332952
photo_bird,2325.1494956995584,2610.60194963086,2679.2293324377865,2553.376873130628,2280.950501677007,2375.4215956513103,2495.2113200395697,2323.563486111518,0.0,2320.7077359395757,2292.5195290856686,1980.0676462013332,2410.5404281834603,2333.8965473200683,2236.994286506316,2302.7602613294353,2247.8291026980496,1940.3515988588713,2360.2422980643264,2143.7338214392344,2782.0174415864303,2680.304958312836,2321.8221913487896,2725.349882536244,2402.486485573049,2496.1942913166904,2036.4313292549928,2238.6911276631986,2473.8104100937658,2285.88248746583,2640.9591867266145,2485.131684304653,1830.7879392353314,2442.3837995146982,2295.0036549958454,2116.2465431882933,2430.160480051501,2196.7411798256257,2284.6831741924684,2356.1350552317517,2228.236925211887,2018.4813169497177,2228.980191312783,2311.032791114246,2120.8507081448915,2351.1811899876107,2173.7889268869253,2539.330458309904,2591.2230643804555,2299.199810164941,2083.592284980171,2510.7630559749955,2455.7174731779182,2486.192587372259,2592.59028657125,2485.811513860233,2308.456984109446,2345.3988050159314,2499.5421109786494,2171.950456151285,2589.9663699520515,2331.6039286975774,2352.0308892485446,2403.2433159285865,2299.7432821920715,2012.5985886223095,2339.838670971008,2295.133120923557,2692.095637875025,2529.5816527760835,2329.119844994642,2389.1262186994377,2221.7587892714523,2251.5923287363144,2216.6939155577697,2193.5546061625373,2397.766856039695,2409.124393532825,2287.5023481849803,2369.3287172531695,2300.886878857327,2372.551838451902,2318.0669413886385,2399.6556123308774,2344.86423968086,2276.7564425063088,2250.5131448445295,2343.194900009595,2338.4461621183405,2211.568752599855,2392.4407373099475,2229.723826415722,2223.1342225378344,2296.8549249697685,2420.3768836090726,2262.149794073071
photo_butterfly,2512.252400435755,2594.472050490648,2575.6602289936836,2561.10502543607,2528.135141479857,2724.572361993864,2734.500021845895,2699.6229138048534,2320.7077359395757,0.0,2740.8085128205707,2450.797008298284,2564.198330553629,2480.4313082960357,2705.282326157638,2759.2148322095945,2608.8870638692815,2463.981322505567,2401.20566629934,2265.686697049928,2570.8180717663636,2665.448988792423,2469.321942662267,2561.5023116400116,2614.127717712763,2476.1742896512046,2352.6522797063967,2185.5426817053185,2591.6120518365365,2604.6605369286144,2874.2877310104045,2589.331517818494,2273.914326452188,2266.478031479362,2643.7211709556173,2366.478211392906,2344.772881570282,2464.780802285668,2601.694473466878,2736.890410519478,2569.3731756416414,2422.055215876145,2325.8563331490677,2282.269217454169,2435.202233574558,2249.85137078868,2446.6930254950757,2475.2778812046904,2584.1762812244438,2670.8100889272137,2435.3196783324033,2853.116683047174,2584.6669622316786,2704.850062268036,2653.2845952470943,2788.766778392501,2674.3788191667795,2302.6318026524937,2750.4575489688127,2468.056800070202,2751.391725866812,2605.5982695398643,2680.2312860834754,2757.372319724674,2703.9517405184597,2466.679627890891,2403.915371218464,2366.51571439279,2809.393291779132,2631.8782154688197,2553.0425884928213,2512.2276215081156,2625.4605612601003,2592.8627522853835,2592.086746989664,2583.8296913685917,2729.738352621269,2743.6985470879663,2696.4514188515177,2713.3357629287116,2647.674770405677,2767.2995328306542,2663.442768638607,2742.1927317116115,2675.932511940701,2665.842067494943,2674.2219253994454,2664.4346134691177,2687.6409695031084,2621.2034118149963,2722.7877091918535,2623.629226130792,2635.682404785005,2643.27001299019,2764.7669207900954,2689.5398814246078
photo_girafe,2639.0196489517557,2846.08005385999,2899.298583663748,2795.158298141731,2455.634864806404,2574.092375757164,2816.801349457873,2648.3929411517356,2292.5195290856686,2740.8085128205707,0.0,2536.684697202745,2717.2598930769054,2535.6041472354846,2451.570190891596,2564.569069666348,2517.5168980735925,2482.943415601802,2589.264527554534,2562.899295233784,2994.6801273690357,2689.045502641045,2591.533130358579,2878.91594754533,2551.8800982930334,2646.6139363169964,2488.0649292871285,2570.4507608677036,2607.8966780744777,2544.4788901219745,2826.8969474774535,2544.1700575553086,2457.173950465578,2673.392359896511,2411.3718199026157,2564.6684620710125,2589.038454693009,2512.6220075679116,2603.386383503945,2595.4586463677597,2562.4299074775017,2534.027385773951,2516.2874009970956,2594.116594377052,2592.793230061705,2626.4896978175493,2597.1965827112026,2674.633891061231,2772.8365674669976,2564.294926705061,2524.6905200723,2649.363727165218,2616.1509221926144,2641.7843860355392,2692.5996766388407,2694.9800516914543,2686.2927140527863,2654.164002716862,2420.019371659424,2600.5879992780815,2702.7296394619757,2637.5199947330693,2546.772816030641,2606.957090474674,2602.6489552955327,2506.2172739303605,2569.746229086102,2635.536819052915,2757.1889669273064,2752.2856190342227,2493.492193593132,2657.262352089287,2645.906443253373,2660.86510990099,2646.787440766557,2629.34476891989,2784.797280320009,2804.500524525268,2703.2533551032625,2755.568592030498,2720.0527577602184,2767.7114669225357,2726.2618037643747,2789.585866142224,2729.1621888511827,2700.5473287866635,2670.8879814028096,2742.970666931125,2746.852268238358,2622.520278166555,2773.4677050389214,2646.4904473323318,2648.9177284203524,2714.536452618068,2819.23143920791,2684.0004824620164
photo_fish,2389.2002771784732,2739.07679621666,2688.6999738537775,2753.745329749913,2393.939350368669,2346.4612905735207,2413.5568540410704,2271.8522855938018,1980.0676462013332,2450.797008298284,2536.684697202745,0.0,2428.3863263606327,2434.437570474378,2229.2067605510756,2226.311171337527,2314.3412093515217,1897.0950855721394,2275.3501407579356,2099.0891030280086,2826.8772955579775,2777.2221438607958,2315.6829312226546,2829.691993489856,2464.6260261953944,2577.714919626249,1875.7091508764674,2361.865059249884,2553.8086359677477,2250.937784460489,2610.4620498536456,2644.0638230160985,2097.939403912797,2556.0628323926044,2372.570227811842,1943.8798861452542,2441.546996257656,2217.2874649185214,2276.0436606426883,2322.8962240798405,2275.49512289463,1920.558416957441,2090.5517235582665,2318.009244641592,1972.3153641073256,2397.829436839716,2093.99445369265,2614.4011346666057,2680.1215318428153,2234.7690163220373,1945.632465611617,2548.4411646903764,2552.207422574038,2544.6132287473074,2663.4297303826274,2500.2134289323144,2265.9135879151822,2519.780451192031,2578.038085606785,1992.1703778915803,2665.477937675767,2310.132966773394,2314.9500205625113,2371.167983702924,2257.477266929464,1975.671513313357,2265.026672814579,2273.277777494704,2781.1619882106233,2588.113062219387,2229.2817406901813,2470.3035054444144,2150.8343771958603,2125.6803697727,2111.78176609798,2116.8554220212777,2289.606830414055,2306.1064306993476,2183.4215047639245,2250.372702449988,2189.618317585984,2297.4669383673586,2208.7901969758955,2291.0826165827702,2226.361732627434,2174.732959893429,2181.0220586995197,2229.6175567256073,2233.929921081277,2113.693702130497,2270.293900307547,2141.6914580874877,2127.4152703582645,2200.9068913893507,2362.598133134087,2194.94583863106
photo_cherry,2222.2933705681244,2537.078881848896,2908.6321621077864,2719.581751004654,2215.9705454766363,2372.0940584555724,2304.6580310434592,2265.953028398871,2410.5404281834603,2564.198330553629,2717.2598930769054,2428.3863263606327,0.0,2158.0548622292044,2346.2012036739,2362.607819350879,2287.659500742873,2470.3719795343773,2601.2015025051533,2267.834378572821,2975.144650701789,2689.0104703622765,2383.475547546535,2661.0860696701316,2453.0968393687667,2419.6275829587266,2405.3451078230446,2485.737925307781,2262.9036400837235,2298.358352268407,2553.310655944629,2353.9730807387614,2421.1956110446245,2524.9745474642436,2259.3056320837186,2324.6405105717713,2312.7256257781187,2148.3476721571487,2472.6347418643427,2326.961931642878,2216.1476038801993,2424.1911264626247,2325.1771557859674,2395.323058233061,2466.8298249018294,2522.7422695380674,2336.2559405102634,2448.5480018773414,2582.9928044751014,2351.9223891297706,2394.3870176409814,2630.4687031659982,2311.045246599902,2406.797986415656,2452.870141068858,2319.6612609321005,2313.5642958924354,2315.8273786746977,2521.3963335211915,2426.8854700950396,2359.8612757921883,2267.275001709047,2369.940866605927,2365.8451754382604,2330.0506866651576,2443.9138821095835,2457.5312462147426,2387.9246690525692,2532.3879894116644,2473.4178372243673,2517.627777665217,2284.090685476615,2456.8497244829673,2452.057551426595,2437.665062370339,2512.1960604511537,2655.0555483266635,2655.5669323270613,2514.1283959966204,2609.970986302749,2555.4318020339583,2697.651704763648,2548.680749817476,2656.132363807405,2593.4975273129635,2509.035666394683,2512.5248486025584,2579.128186632833,2601.9125026685674,2411.2090500377576,2634.091922888065,2452.8100618568415,2471.211587573442,2579.664730944033,2726.668473222868,2497.364902375031
photo_tree,2098.6493112144963,2342.075395078587,2841.302570137091,2510.895090880104,2085.418038749069,2349.12546493276,2306.7660867491677,2305.0778005280245,2333.8965473200683,2480.4313082960357,2535.6041472354846,2434.437570474378,2158.0548622292044,0.0,2298.9562897575656,2325.257041102599,2071.838775072757,2464.820182652074,2537.95723356704,2294.3252806109817,2815.071744789274,2344.7109071650907,2180.0662450102136,2436.666022193808,2290.367235013721,2237.1042601122235,2385.3288679461916,2308.633115849043,2085.0056050719286,2222.5050277830514,2522.4694878519513,2094.7767285502023,2350.0685298256644,2415.1166265594643,2191.036573433289,2306.132012881263,2164.8549861756487,1923.596395486768,2409.52375612065,2309.0351557252206,2131.491431206634,2432.6313502615426,2319.9431179156195,2285.677382864377,2498.234215939624,2366.698523039171,2291.7899872390653,2260.7478221047195,2370.019943727022,2290.528201619959,2400.6113057202238,2606.046285144104,2162.991091804926,2311.17182223938,2197.6842915860984,2290.532539694324,2304.8009119255876,2263.025614696765,2385.5009376216467,2474.6973228328093,2220.2344982553786,2196.2924957377086,2342.0427201169227,2331.3309487403926,2274.4905272737647,2440.2844511733383,2422.3460396486166,2360.749406436086,2332.9735983647893,2241.76999844103,2396.273543384867,2213.8567657139074,2446.9280897798267,2444.555401696299,2415.442938141817,2501.8964176481786,2641.6030004697227,2661.3411158572626,2525.6438784810034,2602.764091828802,2559.795513522097,2690.4735474886943,2541.560893889853,2646.733742116866,2576.088858957733,2512.2929259045873,2512.3524646550286,2567.0019857209018,2597.3048833836287,2403.096148318422,2622.7903930112966,2442.889521802056,2468.6422653350833,2577.183639514264,2706.8068268405423,2511.3616592138687
photo_flower,2190.8746854067426,2708.2872276396406,3051.7983565467866,2880.820854263614,2131.9899006548935,1740.3926614447207,2260.589440182541,1832.276757234411,2236.994286506316,2705.282326157638,2451.570190891596,2229.2067605510756,2346.2012036739,2298.9562897575656,0.0,1653.5415307443222,1818.2847624680423,2247.123959111676,2650.9667290346233,2389.2895360580605,3099.411593346832,2806.9616833586974,2526.700667992367,2812.7191898985534,2287.58999574712,2515.042858535179,2193.2920189911815,2467.7365060777574,2174.398539048013,1818.5609830868975,2122.359611328356,2310.3102877582155,2235.280416705439,2610.8240436602146,1986.21908648438,2237.2731617053073,2503.0911837883673,1908.1099463970606,1954.4675325212254,1595.5479102464822,1935.6727137778228,2238.9720513798143,2402.260980767313,2574.080128101465,2216.0118572591255,2614.8750433530918,2314.2051420957364,2457.2057552020574,2544.458894720447,1730.2900855295713,2205.54946565117,2052.1105151140064,2154.4190771941458,1996.8893173804445,2303.4360566322157,1914.9872967924107,1865.1581797416086,2472.572271573181,2285.039297272169,2321.760113381791,2384.0686805767323,1959.5218430598763,1741.4104781350504,1624.3773567199958,1773.942929327194,2224.3372988430942,2520.9642554934308,2516.9378264088773,2350.5037228102055,2484.7276593997935,2313.0028851665907,2180.0640207619667,2167.37273531837,2237.5959528905246,2176.8365396530708,2242.019899131594,2469.652444911424,2482.973426407004,2261.165582937291,2429.6447491931785,2367.9795127601124,2392.174187052239,2335.7222791606346,2459.2153326304697,2402.5957541426933,2270.105659755231,2246.0533399852366,2409.531851837112,2425.2147273443707,2088.1388236949088,2458.8252612492815,2156.614686756629,2183.546607305441,2399.6733194668086,2488.483930325222,2223.934006913039
photo_carrot,2236.6336212540514,2764.525343568282,3063.694878377443,2894.1828418757987,2217.752564131041,1836.5592888300037,2240.157785083119,1784.4010448299873,2302.7602613294353,2759.2148322095945,2564.569069666348,2226.311171337527,2362.607819350879,2325.257041102599,1653.5415307443222,0.0,1903.0089524292766,2321.3091700974423,2741.236529179991,2473.681392045132,3125.9924278296085,2854.542881149259,2556.1566038851715,2886.2673152133184,2379.158686003121,2609.5560355952534,2269.865172808328,2540.586393634283,2258.1689604638764,1836.6047077983562,2218.903119088464,2384.460601571743,2353.7457621313256,2683.485782132432,2082.080104870431,2305.7171409650446,2574.4401059138263,1983.7003843786579,2055.9911035762175,1517.1889436474646,1969.269861046793,2313.193219634145,2467.435477090245,2663.1159317846873,2259.811689868419,2697.4179356959535,2376.13262527942,2566.4665770815277,2624.3175604655185,1822.4476502972104,2252.0420596349504,2168.9475292625107,2235.373955155048,2085.720186736784,2370.4071660186687,1951.7166729103421,1930.304456179049,2540.726514832441,2350.776180195222,2368.096129970068,2425.3875105130974,1951.3361338694078,1766.4340335376482,1521.0899047034839,1792.7655809706314,2275.64964579111,2569.873518343158,2567.45443575558,2443.176088419714,2511.1006630724114,2380.4183615198854,2272.705726809211,2207.909028428792,2281.055416585584,2241.293016617874,2302.542832037612,2525.475616300101,2524.7692953984365,2306.9441613299887,2482.1527951503554,2422.739073567577,2429.8000167483033,2397.7060474738214,2500.8818492046303,2458.0931914090206,2322.3714324801954,2287.098358093323,2467.9864899068216,2476.2957329214,2126.0019303453923,2510.3379127413095,2191.3327254798814,2229.072883945964,2448.813623549941,2543.3483447397603,2266.833318365951
photo_watch,2048.0781390023353,2541.9838806130424,2983.891148382948,2776.8839506022255,2148.8132925938744,1947.8577053061174,2244.7292356957487,1946.3237280655478,2247.8291026980496,2608.8870638692815,2517.5168980735925,2314.3412093515217,2287.659500742873,2071.838775072757,1818.2847624680423,1903.0089524292766,0.0,2312.589948857249,2624.339481385884,2319.7972762992254,3016.823490367993,2662.523229389359,2387.6970427382594,2681.229030247369,2198.7665065644655,2383.7301403227348,2223.9195462055513,2342.4202075791236,2003.843138054925,1841.9242066313088,2180.9683292733675,2230.8835778298535,2204.0494839379176,2540.3889506885253,1938.5107878275514,2185.0781963539284,2361.0139145978487,1724.5079285524746,2006.8587962730796,1812.3054081532127,1732.6077528278624,2256.4437611809794,2333.2977154179703,2444.5005114166374,2287.2537246681773,2498.846883079911,2259.7438925879014,2281.2276244610794,2479.8742920635823,1831.9288657398406,2217.688207197597,2201.0762763244607,2031.5146631209857,1948.5990711221398,2115.188725358344,1921.1292696085902,1897.2148399664143,2355.1615073390676,2279.7959418617816,2312.5795386404307,2263.9723191116314,1991.129584433703,1849.0707356871033,1838.0343552737268,1767.0525954268946,2249.105717981862,2477.1602313324734,2415.1079095290575,2323.9192176475476,2315.0688481928423,2373.555187934749,2009.2036221833273,2179.8175426088005,2236.118238565829,2166.5651369802895,2278.8283210602476,2490.957898255477,2497.4046722392445,2271.2096294924727,2451.6123844242384,2376.006772178728,2437.3544575456363,2332.418809585321,2480.6174513193932,2409.9544970201,2280.456087510334,2263.6323170476658,2412.499470865262,2436.651513601339,2105.987279358917,2463.9808518925897,2161.6774492798936,2220.363770063458,2408.870573660637,2530.28184014525,2250.5395588795627
photo_key,2449.6441895696457,2757.088575566742,2720.1645050998764,2764.98841496886,2381.148094745211,2355.1302386649286,2541.831274389754,2374.036981273219,1940.3515988588713,2463.981322505567,2482.943415601802,1897.0950855721394,2470.3719795343773,2464.820182652074,2247.123959111676,2321.3091700974423,2312.589948857249,0.0,2252.6940607370348,2034.1540320092608,2804.3394489242028,2766.741580512791,2374.1051101495764,2807.4277550149313,2456.9212778080077,2503.7908792115077,1717.7408195580713,2326.834843844995,2500.0288796443974,2231.732993195507,2618.7481107746316,2567.51076532954,1954.452021811176,2437.5193231302287,2294.5020548042876,1923.8918658586874,2379.515720655943,2169.912203594794,2224.6341738872616,2265.92511314025,2256.053910683535,1409.3434510414302,2041.7447570287836,2209.2024097415533,1912.3471229912936,2316.934489125785,2023.0661575988202,2550.2440650498233,2556.7463279469116,2200.990505784651,1749.6657024527435,2466.887721136529,2500.3193357646574,2497.8007663460817,2611.6934195795247,2453.296390388739,2114.850242799771,2416.5073449295874,2500.3968841770848,1890.325326380852,2553.3521269713697,2308.462013070833,2276.0859565020837,2323.8723897083405,2183.0844034232214,1468.7280419755414,2142.432606853334,2176.054751435185,2723.902523454855,2527.674703489631,2189.6699315290925,2424.3052178944918,2048.704293524572,2043.3332227775254,2004.0371634181633,1960.0862059196195,2114.1425575198195,2134.105873417406,2097.6667309505788,2097.3439850289515,2032.8335291273931,2129.506318995508,2098.0601673363403,2136.392940543183,2063.9876772319562,2064.796667390853,2069.9376116466087,2056.0382964617947,2088.0588371452804,2032.4361272121785,2112.1504266466127,2062.638263894971,1992.959902798196,2056.4406066379242,2161.233176742707,2053.1754239502666
photo_truck,2542.714012731758,2770.932539827876,2412.350915188782,2678.8667262785316,2478.583863642983,2694.8598538487554,2812.9765549840945,2744.7275303966117,2360.2422980643264,2401.20566629934,2589.264527554534,2275.3501407579356,2601.2015025051533,2537.95723356704,2650.9667290346233,2741.236529179991,2624.339481385884,2252.6940607370348,0.0,2123.205345897269,2528.14073168155,2655.897093877817,2306.1119930198183,2746.577331413412,2502.656579517969,2578.8425231144915,2230.7605131913024,2362.568417224667,2680.2184892005303,2598.1762081053607,2965.8784929140147,2707.5164808250615,2305.537719547572,2472.6982223973523,2646.722908217569,2251.4820454614523,2380.423030901773,2476.0732779803348,2619.378117443403,2714.1202245882905,2635.9316057752267,2243.76736507764,1893.1296053445478,2172.2883226578015,2334.5992156725424,2184.331649165189,2208.215788865791,2682.212433547554,2642.5340504522424,2608.8304398899827,2318.255547471776,2868.645203592872,2634.4474597890558,2832.7123034940078,2742.3563379503753,2857.8268703171075,2652.7226108064806,2522.4265743599008,2738.4996900842943,2246.224070837923,2716.9849676377103,2541.0671234502593,2647.731298747026,2739.32723116442,2670.883331301258,2298.483240083576,1873.0764962682988,2251.200406545645,2851.548765768334,2679.298661064223,2414.5676150114523,2654.212802476846,2537.55054646469,2505.3199311928433,2498.9723267599893,2500.5442499457345,2606.4278152806132,2607.3411838120896,2598.1311485279566,2573.251517932923,2530.9712461456616,2661.0647363338826,2568.596505523282,2600.9875659452705,2544.5026422342844,2574.8931284375094,2569.781296378354,2532.1014171659067,2574.4238683565673,2521.058148937863,2580.6780948046617,2539.810716377419,2531.2312279991324,2533.3423393395183,2658.306799346004,2574.108543535194
photo_velo,2349.5190716080747,2631.6071480648625,2575.7525718614556,2620.660592472705,2226.5151740459073,2464.4096007983007,2540.8693656486003,2437.060818719857,2143.7338214392344,2265.686697049928,2562.899295233784,2099.0891030280086,2267.834378572821,2294.3252806109817,2389.2895360580605,2473.681392045132,2319.7972762992254,2034.1540320092608,2123.205345897269,0.0,2664.8181943769523,2636.455640074829,2151.1040676116227,2537.7489444051275,2183.9598156353763,2332.6412343251204,1941.9556663828212,2124.1550309165846,2305.5937763991337,2271.5520068745327,2668.8440326505465,2405.690421510627,2038.8908374200455,2248.090697661446,2290.2310221840135,1878.0711360748408,2027.1671889689305,2108.4359121760453,2361.197030900265,2378.185430513911,2227.2048808362388,1926.348442867051,1791.4446000978585,1707.5103978442369,2052.9432320847213,2083.421965944445,1847.4139971455504,2351.2230500086507,2390.4124596132083,2281.852015496736,1969.4004149808868,2627.1696450858553,2286.9171994538624,2451.379796450581,2445.869161355423,2479.9756526108567,2288.7599644875754,2260.0625073763094,2421.4587545635527,1950.938083972056,2342.018777560281,2170.0543634480086,2330.9705727088863,2408.390668535944,2329.4422485060254,1977.3371292249656,1931.3182237634157,1741.467008439832,2543.504547236313,2387.5506378469854,2100.152432752385,2273.0903032647784,2227.2106704649227,2162.926151163776,2164.4041663445914,2191.0870758722613,2328.144764120643,2338.4708131138077,2276.6122681623133,2276.1931398154625,2229.2863346412632,2406.9769207095237,2234.7260645709516,2332.7510186734285,2248.5418466589235,2237.9753608367078,2249.453339102619,2239.0073619150035,2273.5662487112736,2194.4308976595826,2300.1673769263216,2218.96922153705,2196.5172720652504,2252.4973717334115,2413.532751287854,2260.527368069261
photo_road,2913.150370159766,2945.8212479792455,2284.6051290294777,2701.077844695298,2876.791562940559,3118.9824908420364,3138.3091913842163,3116.5453025558136,2782.0174415864303,2570.8180717663636,2994.6801273690357,2826.8772955579775,2975.144650701789,2815.071744789274,3099.411593346832,3125.9924278296085,3016.823490367993,2804.3394489242028,2528.14073168155,2664.8181943769523,0.0,2847.482600532982,2556.443944132254,2911.769738905954,2877.914511757855,2872.7084390526175,2738.1188680234623,2680.101628382011,3019.048733066536,3011.2070192567808,3342.0965967439924,3019.338959939056,2709.073679942697,2763.740930456129,3034.2956283003928,2772.7192638026195,2715.0979995058765,2865.170316994751,3023.2989085687245,3127.5233611586955,3024.987058098371,2770.224096885389,2664.8478129938867,2609.820526051011,2734.111616266953,2432.6816150699865,2725.3518361240294,2951.5189570121306,2927.8061314809806,3045.6478106725817,2833.737882965262,3282.8522122095396,2984.3138743320683,3165.6730014342356,3082.206472595318,3240.595102375519,3109.89333434228,2808.617856347478,3150.149304868311,2788.624034131348,3018.7773880169257,2966.646578508289,3067.8273921446657,3153.4801584561005,3109.7790377727665,2820.24582257866,2621.2876629232765,2708.9916390351636,3164.778891771989,2970.494322241204,2854.902026744047,3003.412399810386,3009.4343722996728,2991.9502645373013,2982.4873985750014,2979.5447533916217,3056.6922388830267,3047.3328767503417,3072.117857408936,3030.9664412621564,3000.243998839135,3102.8586944404724,3028.7068037298736,3043.7786047670143,2998.3411150530033,3051.1946178853095,3049.424344149477,2994.6083170695433,3043.170322350337,3012.379895597315,3038.8196015736617,3012.6524521689194,3018.2637456782213,2991.891793785695,3076.1150581170223,3062.28984210659
