,photo_face,photo_profil,photo_eyes,photo_face2,photo_walking,photo_standing,photo_hand,photo_legs,photo_bird,photo_butterfly,photo_girafe,photo_fish,photo_cherry,photo_tree,photo_flower,photo_carrot,photo_watch,photo_key,photo_truck,photo_velo,photo_road,photo_house,photo_mountain,photo_windmill,drawing_face,drawing_profil,drawing_eyes,drawing_face2,drawing_walking,drawing_standing,drawing_hand,drawing_legs,drawing_bird,drawing_butterfly,drawing_girafe,drawing_fish,drawing_cherry,drawing_tree,drawing_flower,drawing_carrot,drawing_watch,drawing_key,drawing_truck,drawing_velo,drawing_road,drawing_house,drawing_mountain,drawing_windmill,geo_face,geo_profil,geo_eyes,geo_face2,geo_walking,geo_standing,geo_hand,geo_legs,geo_bird,geo_butterfly,geo_girafe,geo_fish,geo_cherry,geo_tree,geo_flower,geo_carrot,geo_watch,geo_key,geo_truck,geo_velo,geo_road,geo_house,geo_mountain,geo_windmill,word_face,word_profil,word_eyes,word_face2,word_walking,word_standing,word_hand,word_legs,word_bird,word_butterfly,word_girafe,word_fish,word_cherry,word_tree,word_flower,word_carrot,word_watch,word_key,word_truck,word_velo,word_road,word_house,word_mountain,word_windmill
photo_face,0.0,2204.8492178067468,2738.660495210302,2427.189290368627,2221.268034662381,2210.348038662597,2108.5097574365145,2130.044579768223,2360.81453855815,2530.201799832433,2689.860530546044,2447.327172455935,2256.309766476965,2111.6666949215373,2251.214497780948,2323.5494249411026,2087.7895872238714,2529.5823613011326,2585.168318321762,2382.2935886066075,2927.561333661175,2518.7948576356553,2484.643897487,2570.4744788949383,2317.670300369249,2332.434097064994,2367.5334705818923,2300.6648718821234,2225.5117879799877,2187.8340376035503,2412.3242289995974,2321.4429111634768,2403.8297066548716,2527.2088948329415,2333.9771128927105,2315.3548798239585,2352.979805144833,2008.6827391558816,2305.413250274258,2346.658694328869,2095.75573737836,2454.7975868775616,2415.2095746822315,2470.190650460938,2497.27747739065,2483.197174967859,2441.355021058357,2399.3453729521884,2474.619771546585,2245.269967572297,2376.491703693313,2500.9866671398036,2232.6225295340832,2318.3301154414635,2286.720335164482,2343.075774364513,2248.3670560373916,2304.261719723946,2605.4298124163006,2462.3610652147104,2495.4547771454068,2340.7905154065543,2245.4812756297542,2365.751056630915,2273.164651958408,2478.46321020463,2492.8224530581883,2437.89103355713,2439.721596989362,2393.580372180479,2522.2946378312477,2206.688413818618,2368.3315535485685,2389.6743397183664,2364.1147501612904,2479.9659344170846,2637.058752362791,2652.1859946772943,2474.3543006649275,2616.0496386456502,2528.7159839709334,2651.9747754649425,2498.3754865927494,2644.1374500354214,2566.3750645603855,2466.2711161549046,2470.7599805648597,2549.925706010702,2565.602157658182,2328.26951817794,2607.513523148918,2362.0022362391665,2457.4635620236713,2545.214424312476,2695.011964753885,2489.2569962698426
photo_profil,2204.8492178067468,0.0,2869.239174722203,2370.282352610606,2587.5126197580275,2749.508792888569,2527.1057222600934,2704.343593572418,2637.8692817313813,2601.653919469471,2887.228827768252,2787.792846931086,2560.33902193433,2347.0114270642193,2753.697642980852,2832.496452118328,2575.6347288677966,2822.3358625579303,2806.478730359357,2657.8043268092038,2956.809795619611,2460.070146810844,2741.6760807469523,2603.0342731933874,2669.1055010948685,2294.928317712215,2652.259067509107,2492.317654014244,2564.6948856916633,2630.5155447502007,2793.809709733971,2523.8235555309184,2725.5303672678797,2655.2063792548597,2662.657792300025,2645.1610996714094,2520.761379540661,2525.797278299007,2642.6894373801297,2837.9234729055643,2589.0295154898154,2757.5378296488316,2734.460981772414,2640.8834209305023,2786.6485998339335,2539.8469530688985,2773.822927199171,2562.1521156815684,2546.9686939696767,2735.4137125685606,2700.6849752443445,2899.381577358733,2603.447141881995,2697.4830950170885,2608.0427839593117,2798.6278580256817,2725.3356051982055,2422.825899977364,2877.8432708330533,2754.648167783418,2749.9861591895647,2760.6736046028136,2738.1341964388735,2846.7097528742975,2742.607222302691,2795.7978161822557,2757.76771682445,2639.663279275778,2712.230911175941,2518.345839389265,2828.150061203476,2570.925909979361,2807.675836707313,2796.5063464233003,2776.940465026945,2831.014409466716,2950.226530674943,2975.569316153619,2880.8232125064774,2962.3704744624924,2870.132693715079,3010.4665902049956,2867.864155233746,2965.6609806029523,2901.5420308342673,2883.2232605673444,2888.932775112371,2878.0508033802425,2899.774204460184,2826.2591364683385,2932.76780561443,2810.060082152623,2893.92514116081,2866.027864694602,3019.586429247175,2920.636410577304
photo_eyes,2738.660495210302,2869.239174722203,0.0,2612.763755656819,2931.889274787688,3138.7982075125574,3072.8033795276096,3108.8109712193827,2699.8281755556422,2573.1716559483248,2944.6658556236243,2728.680910692458,2937.409716286873,2837.30875769281,3092.057778889836,3122.9294857819373,3005.936141432672,2769.1507329900173,2424.511545545631,2595.603516774747,2292.215156051874,2839.1331740133214,2673.2593055177654,2986.915031837814,2771.208179989945,2826.7251331465236,2604.0887426217428,2555.6267233586627,3032.831461898436,2993.0851914011373,3326.9482379738015,3050.1408402908446,2701.8514850493593,2760.534274744752,3079.7093601764145,2655.334339012417,2704.64786831345,2863.4266434985893,2969.9021311223,3177.810898394852,2987.115081824446,2697.7126271254747,2617.27484251413,2612.6318219660084,2751.49964431496,2338.9029861253857,2702.7248090616185,2987.070952286637,2927.9964846403514,3005.944445331398,2675.4347237773673,3238.000424235788,2971.0801284905865,3183.5760986493574,3064.5990240468923,3276.7500790947565,3082.8385949732806,2746.446309300572,3132.149302803165,2677.8849521428056,3062.7279107152604,2991.955083645537,3020.16772541698,3199.337265862395,3087.4713119055687,2747.6292179470984,2516.78662494198,2621.5631380450204,3163.5571786040236,2918.669910589243,2791.650526669882,2985.8090683686924,2895.1225100409956,2867.5830521081234,2875.125858401262,2878.277315308075,2944.094010195928,2952.522685011288,2964.119656192623,2932.9751352419325,2879.658763297679,3017.3433282728674,2902.297489340833,2946.9419141347867,2892.135489297442,2938.1655318913495,2948.5962809140174,2882.3478892969815,2922.28776047697,2900.882241729554,2925.568199389653,2894.217425739982,2938.59095460778,2875.073284092013,2997.606786191851,2987.857459090915
photo_face2,2427.189290368627,2370.282352610606,2612.763755656819,0.0,2647.014968712833,2939.064304648363,2739.310451871608,2878.6045869657146,2579.8041131077457,2568.3199552959804,2840.864021431155,2800.057553393865,2749.2058810691337,2517.7223538164794,2926.8950021792816,2964.9199681933787,2811.913335647594,2824.6189780637437,2713.1605229580437,2645.5269000908997,2713.6080970694616,2546.6031382010415,2693.2863632217627,2717.6581476280567,2684.607979800511,2507.658012898035,2687.4747791550662,2430.0712583203363,2730.972478892022,2819.237841152335,3035.4714745848146,2701.8658280228947,2687.1102745112094,2592.24674113994,2861.132115313981,2698.0978026979424,2544.1395719759175,2696.301789422922,2838.740547761834,3010.013339759238,2801.206221043168,2771.447394249295,2703.2265879381157,2638.684008632245,2793.972096920861,2498.903130747657,2764.3182948451276,2721.6248681788666,2658.201030738017,2879.627462838062,2742.6948695333945,3037.4249443506524,2731.5339717487673,2908.568665022514,2749.3124802503994,3025.9234964249945,2911.468995711414,2495.488000896759,2947.0954089094794,2786.875580546115,2820.4495423155263,2878.6389522371073,2885.8486139003394,3008.943094645579,2931.043139889434,2804.9213573829165,2680.8434927719527,2643.4422570254333,2862.966854615055,2677.70210572757,2774.307251921837,2780.2290277727825,2850.4781618775473,2840.138239821287,2843.142058972646,2868.506510189344,2972.376640732477,2988.196664125847,2930.3643564698773,2977.855597351232,2901.6736091856897,3029.125808092001,2910.6097137366587,2983.8376261213484,2932.527979236002,2917.67967249703,2917.541345905341,2909.298354385551,2927.476761996028,2859.287809896158,2961.8232226449186,2854.372467215644,2914.400749359464,2890.205334862989,3022.3112939739085,2951.4107617919003
photo_walking,2221.268034662381,2587.5126197580275,2931.889274787688,2647.014968712833,0.0,2156.2901922271453,2383.0831755952045,2163.803849238609,2349.533791357582,2581.555538600404,2552.232360836545,2487.2320264293835,2290.6302457525503,2142.394220623271,2230.561373718686,2328.89684417821,2228.5465870276566,2484.1837797933986,2540.134843991398,2298.487157485254,2919.8985866494454,2599.9859136615664,2287.302715133748,2615.881207228922,2261.8315848280267,2392.3580933968433,2407.123081833559,2407.747754968456,1989.6926258820395,2264.6546913959764,2510.624126047867,2239.209661056689,2388.920441039329,2512.8134751319694,2175.479661900697,2358.6931122191295,2318.8886947967585,2085.685197946999,2450.7935877439436,2273.9028447403552,2289.3530789171614,2477.3649295358123,2324.1257713863897,2377.504738542511,2539.4535998118786,2503.489884807986,2238.4665193869055,2391.6426918013835,2548.102820877425,2228.0545330411587,2447.7517676807033,2519.520107622049,2120.8772032995744,2291.433675283288,2250.7044269593684,2297.1515505640727,2228.945330265322,2443.192882196166,2337.7777651672773,2534.0359261772724,2215.556337798826,2178.6724573681317,2312.593826158012,2328.7563675712545,2292.831837194541,2493.066215456894,2472.387673686247,2428.4384604837146,2373.6552934700767,2492.527090888155,2383.7340834081187,2308.187809835873,2434.852444065884,2448.9140749201306,2434.712225760943,2516.0539014178926,2645.884231182477,2670.2294935716736,2511.522071965283,2602.0812841245283,2562.381905410898,2683.175725794031,2531.691211440519,2644.295379638162,2576.898993266647,2490.5105118358633,2498.9493554134147,2578.387438770389,2597.0661557434964,2379.0500029909012,2629.6329020834346,2436.7618990273454,2454.193062538224,2568.09957127815,2716.4198880784743,2492.6798208797572
photo_standing,2210.348038662597,2749.508792888569,3138.7982075125574,2939.064304648363,2156.2901922271453,0.0,2232.2913726455386,1894.100366344597,2449.671623912776,2786.291493543805,2662.6347089861824,2444.813697923942,2446.285492055131,2406.898694368797,1810.7840457933353,1918.8037133052865,2027.7066419867303,2464.5399744922015,2773.6637479055553,2535.5878396602066,3173.3660746928326,2861.5292341198624,2617.624510770741,2773.659313262373,2482.0132888575226,2618.0780356857636,2411.506011916915,2585.4443404765257,2272.2479040360604,1932.8572148098126,2230.392178344251,2363.7790166202412,2440.681971278449,2670.8135906770103,2107.7801500002347,2393.3105353813835,2607.642395751423,2036.5553681681786,2142.782874175728,1856.1055016753494,2031.4602550604563,2456.2745059696185,2557.6999311269906,2711.7246933318615,2414.969475343377,2737.965872561641,2488.3553811102074,2440.7986165287457,2699.975557462585,1953.4272023662602,2411.21807999011,2211.219066698542,2274.957248734457,2083.484247486769,2405.2281432182194,2045.053543361728,1974.4888620058132,2545.317970878875,2443.6528684439304,2502.687243845093,2538.3125853341808,2172.2247696170466,1951.8591904142902,1883.5606017435416,1992.498022975867,2457.674374361385,2687.6327625606436,2634.3979413059456,2482.619592058604,2566.1892065987727,2512.464536449916,2194.339680012498,2342.3247493155523,2396.7789430989465,2351.6442852886603,2454.78760079642,2643.083609159099,2648.8841699350055,2450.0689744587007,2610.7300465273256,2541.68706836772,2582.6183941776417,2498.2549261158683,2628.2725002975303,2567.224224657466,2439.5558824318305,2427.7355230907724,2573.376516326667,2593.833295106309,2275.9847119206215,2620.3263032320183,2333.8558694846865,2398.4604605486998,2563.573934449393,2667.050393786798,2431.5328685841732
photo_hand,2108.5097574365145,2527.1057222600934,3072.8033795276096,2739.310451871608,2383.0831755952045,2232.2913726455386,0.0,2182.5827704779954,2533.1186347318576,2750.260479778069,2867.4904189923545,2480.027706962863,2342.958660732252,2320.807732337653,2329.270721213718,2335.0843387756713,2279.9076859021416,2615.378738958452,2844.942906336005,2574.3784359515294,3152.4413424628556,2738.6131089150194,2697.9906940309065,2787.1926660948034,2639.868489928684,2549.7435271179183,2502.866325989751,2581.162902601215,2413.9337552967568,2229.2910589879707,2389.6846782025764,2511.975390694876,2635.799255575101,2741.104845124816,2430.247464547375,2455.102063201183,2583.7979144405167,2183.883602556732,2362.57250486137,2368.4753083039022,2234.272274908963,2587.399607523726,2622.0178569312716,2715.774668218859,2560.5668949394044,2761.9867612585094,2594.859820781785,2520.280990187085,2735.1808406925247,2335.998443331737,2522.3570220522097,2600.209778599352,2440.824170288096,2449.0852398511206,2395.973895022605,2384.0073504688144,2355.176136200998,2485.9706520591876,2748.217806558872,2580.0304404377443,2690.507215580771,2414.1457651197916,2351.4563547708112,2384.009578002019,2338.9850865374538,2610.4237890036056,2753.383038457158,2663.1411343071404,2659.198608146794,2601.317826311697,2681.212828130822,2331.9299277447008,2528.844806379001,2524.7170903237943,2504.3656229439357,2621.4942777840915,2775.8052808156044,2784.9629418755244,2600.437161430701,2761.1921945614217,2684.2699900972107,2769.7740521402675,2657.7097222457637,2778.151554552023,2723.9010015044933,2607.6050157259283,2620.679777324807,2699.251829810577,2715.205378871901,2514.7035197264345,2753.4483674516887,2521.371355232672,2605.2729579263364,2693.1881669966933,2834.7175115001423,2624.8083033098164
photo_legs,2130.044579768223,2704.343593572418,3108.8109712193827,2878.6045869657146,2163.803849238609,1894.100366344597,2182.5827704779954,0.0,2387.191629788984,2743.8196434760134,2723.109576209432,2348.438117184223,2316.0762860683476,2339.7585884342257,1914.508949256235,1877.1356666532592,2001.1693729760996,2467.3364782379886,2806.5973355421693,2489.7668137262904,3152.6275331400866,2829.753661665872,2592.71939215515,2809.9935734060014,2431.836277727308,2577.026315507445,2379.459377645469,2562.860393102827,2192.6928704368224,2009.0805531053259,2246.607311247902,2347.779510281567,2404.7295397388493,2679.152189693596,2167.8212743819827,2364.4749821245578,2580.4418005890525,1973.1562790236342,2216.356347023573,1974.8833241023688,1980.0238211816418,2447.5046210863516,2552.013885796102,2660.7875436968393,2404.318283849182,2723.371931484878,2426.1962928710122,2477.383589386907,2660.7848822448323,1923.183155597296,2387.727991965992,2299.0261779129755,2204.3922127017677,2085.67959017493,2371.9462755291756,1972.6133397858734,1953.0293194207634,2509.84654213382,2517.0483495717403,2458.687163459766,2472.0799050939177,2133.696361802051,2054.2862764207716,2014.5058512904402,2023.2717806824794,2456.0962036123774,2665.9645239950232,2587.313139463914,2509.3832872592675,2536.780310725392,2526.2584648587167,2222.71880184045,2330.604227578666,2362.1486249385966,2331.9232108842493,2442.1003572480695,2624.3208823840564,2621.6848847131955,2425.2586848676096,2591.721664425873,2526.885495766462,2558.2172267992364,2480.484401928506,2607.844620195819,2559.2283958201365,2416.5150305702887,2412.1441085980628,2552.8271333142206,2565.9972397448205,2259.235428780215,2594.4126866569236,2320.3193062104197,2362.3080405113556,2548.039950999712,2664.5938326309856,2400.9827127411977
photo_bird,2360.81453855815,2637.8692817313813,2699.8281755556422,2579.8041131077457,2349.533791357582,2449.671623912776,2533.1186347318576,2387.191629788984,0.0,2341.5070400103164,2349.8243323137926,2037.876175580205,2450.243222569576,2349.606657016462,2303.715459154498,2374.3840314267213,2296.8011315565527,1988.2087125533635,2395.387391013293,2178.1024690704207,2799.765947726971,2710.717972378104,2371.6908427076232,2766.4049752245774,2432.5470809053795,2524.6222424982866,2071.9542956285686,2263.006237790847,2504.0301388165353,2327.8047538903766,2674.1664127392237,2528.5688627540385,1906.7552688971475,2499.8253516543837,2368.370214581828,2144.777676113378,2459.2932581691257,2230.4081623307884,2319.6155548713195,2439.6675806441253,2266.5326263696797,2055.849823341468,2277.0408723018013,2332.6266879550744,2174.229353005664,2375.4614525261904,2207.5899015038076,2564.33604278959,2621.660707445764,2328.2785557750285,2119.1727175992114,2554.4943100448045,2482.110926388207,2528.6615450975723,2622.6582039443374,2560.7104746567757,2350.8734135154455,2369.139383192013,2551.536760887678,2214.7311620483642,2625.2790564532434,2391.5297037398636,2385.722700530561,2496.492452539754,2345.6651927813214,2066.0424443405345,2406.6927315575335,2313.249393259518,2720.2499155724404,2555.912491111688,2379.343912231697,2425.6090232963056,2237.052892001263,2266.1248691674004,2227.9426862638115,2224.149850234832,2405.3005045931955,2423.303339622897,2300.9762475071702,2390.526156740755,2314.1708463607397,2396.3139277365585,2324.5485927418094,2408.430796240395,2354.081892256357,2291.8889097359133,2276.852687714416,2351.0121692155794,2346.2190571795304,2233.0682603414075,2395.3472296254613,2245.4765769237483,2266.999382115135,2301.327116629211,2440.8918019190037,2305.3155587801702
photo_butterfly,2530.201799832433,2601.653919469471,2573.1716559483248,2568.3199552959804,2581.555538600404,2786.291493543805,2750.260479778069,2743.8196434760134,2341.5070400103164,0.0,2785.7308318779783,2490.316899562596,2597.776095922672,2479.19690878005,2759.721576483305,2830.867821037263,2643.0141039428477,2519.6795228397427,2417.4751547570218,2287.138359823854,2567.677855925116,2676.855228856285,2509.173980016618,2581.1002353637446,2624.3450230063895,2484.216044897696,2362.1125756169013,2185.6345985275793,2608.3324527940877,2631.6381349843446,2892.51979644882,2617.3531372964367,2328.6208635409885,2337.9213003321584,2707.301591337719,2370.9633035645484,2359.372574458699,2483.5035043079392,2614.358015244729,2813.005738185864,2598.4681274871764,2459.9216900848187,2365.9940631969034,2291.745371829087,2478.7340141305376,2249.0444466262234,2460.223754652743,2490.743463920677,2605.0077313958586,2686.6323509272775,2465.2106597030725,2881.5550765827397,2594.725902769403,2739.5183986339784,2670.5474479890745,2854.5063226190464,2704.4333313289394,2317.2856679194974,2796.1906151741755,2494.7443121087395,2781.2580399808194,2655.32680906084,2705.861899624753,2847.4497446415135,2746.2809837427876,2522.6072120876106,2457.2403856091714,2375.5094930487953,2824.9088618249334,2646.979000675955,2580.8330945001303,2534.450289018075,2636.7287320837104,2601.768155083134,2597.6885642023826,2616.011439151504,2737.021151495917,2763.6282450395665,2711.66850746646,2737.315293740707,2657.3510984216064,2801.209014778763,2664.4940073261046,2753.2913970098803,2686.0946958841964,2681.9155442293677,2702.098799083957,2667.3898956232697,2693.8552808390673,2643.7646310105197,2727.6445215637004,2632.2709913374583,2688.697244691673,2646.0910692068737,2794.1427755764935,2741.9153824997834
photo_girafe,2689.860530546044,2887.228827768252,2944.6658556236243,2840.864021431155,2552.232360836545,2662.6347089861824,2867.4904189923545,2723.109576209432,2349.8243323137926,2785.7308318779783,0.0,2610.625771211966,2769.182612426254,2577.4835911028367,2523.19423768592,2652.462942093734,2579.440275133479,2573.7543210343983,2660.2912909319693,2618.3173541673086,3039.278557054699,2737.8987974134407,2665.8211169340507,2933.707996791881,2603.462593227768,2691.8516086256377,2540.58723712367,2613.433085735798,2657.633921053496,2606.0785334640786,2872.419979812842,2607.9084171991935,2564.572481807323,2755.627383767694,2498.9410741061706,2610.5571090286635,2636.3406001374233,2570.972705800041,2647.694575962476,2696.6038877703363,2621.832610383074,2604.9864122301706,2598.9382799416708,2649.0444651052694,2666.8058098650313,2667.587567173379,2652.4669508250013,2719.2061939719656,2815.8779086767863,2613.1491047519194,2583.5744395702336,2701.054505809762,2658.2825511568226,2696.7882679374225,2735.714914852472,2779.6318067874668,2745.6346380403074,2702.530229479763,2494.7654179376404,2666.1268412611726,2759.0366985027863,2708.665363641557,2597.4867269618244,2711.3616705276027,2674.493070839869,2589.634657444506,2658.4135032024187,2679.2421954887095,2800.2389648104154,2798.1936372308655,2550.7482618946856,2696.8386112187372,2690.035321170699,2707.618905083662,2691.272703605172,2693.1146617698487,2825.455076852432,2852.5897253585917,2753.0668185553545,2808.055193948528,2766.811451820817,2823.9041414524695,2766.439917316963,2829.044296427493,2775.2810045201886,2752.9895846850172,2730.779474084271,2784.6494246755287,2791.431043712974,2674.458267076769,2811.681407982345,2691.107889748119,2727.6653945049557,2755.376071862236,2873.9426595912537,2765.654621975255
photo_fish,2447.327172455935,2787.792846931086,2728.680910692458,2800.057553393865,2487.2320264293835,2444.813697923942,2480.027706962863,2348.438117184223,2037.876175580205,2490.316899562596,2610.625771211966,0.0,2492.1659776591787,2472.6101784866214,2319.5780072108128,2326.5301233881396,2375.9038787704976,1976.7230603381436,2327.573081766657,2152.221125535355,2861.9576775092532,2823.8335830592573,2374.5956670886017,2888.654794506347,2516.047331833966,2624.7124591864326,1939.2750457677412,2410.391081839269,2603.8877393464154,2316.0765959103915,2663.5505010173806,2704.5768462687556,2183.044556474812,2627.001962800017,2469.6323904853684,1998.0382708225,2495.054611939137,2273.6781286779196,2331.193055783748,2425.1151003465297,2332.388613494696,1989.1282311123857,2153.8991128428843,2358.5450137478456,2046.0083859391034,2443.1153491965993,2151.473624824234,2667.464841707653,2734.500257850989,2286.4472318857415,2004.7941521684127,2621.7813354290643,2598.9793977463937,2615.4102021308336,2713.2923687613206,2599.8483456877298,2333.1158923912203,2568.646237948089,2650.6398428891475,2056.724678039602,2726.1313437383224,2392.7316598332495,2375.63547026901,2490.3773745315993,2323.532034390452,2067.0762149115385,2346.77528284709,2320.3288654350854,2827.5502811179995,2637.277534756705,2303.9070881352945,2534.9631259191583,2198.1883463037993,2173.626488510577,2157.1092570579644,2182.5083331646365,2325.5283380589544,2352.3084986410495,2230.085255113098,2298.5423566242957,2231.1854246847024,2365.026348157826,2239.1552795110047,2331.1514905879417,2260.8360834301025,2223.5536099111077,2245.584748289351,2262.5486727464167,2268.876477116891,2169.9372790068123,2299.2070776278492,2192.6413411876424,2211.1874676380053,2236.237394780791,2422.906256268192,2275.2609951544323
photo_cherry,2256.309766476965,2560.33902193433,2937.409716286873,2749.2058810691337,2290.6302457525503,2446.285492055131,2342.958660732252,2316.0762860683476,2450.243222569576,2597.776095922672,2769.182612426254,2492.1659776591787,0.0,2171.1382674565566,2412.2750033551183,2441.5350016777543,2328.0635327843306,2547.2347578459025,2652.8215288500937,2317.4812357994247,3000.6239087179747,2717.3483044225727,2420.754268441212,2694.415795726446,2484.940077353503,2448.657801199828,2435.899089503091,2508.8703759839295,2300.7962914399427,2352.9939754513507,2588.947066410246,2402.265247795057,2500.841121921703,2584.2680869009982,2344.1184638478453,2359.289800630297,2349.51662829993,2183.0054759361924,2508.005215331096,2423.7029100990335,2262.3268025055672,2483.428321374474,2391.873342058334,2439.394567558973,2529.5492695896005,2544.3494258028054,2370.1394292196737,2472.957059342172,2629.0774832865077,2389.360714631896,2450.7511393850314,2674.947043971454,2336.858997895295,2464.724982296056,2500.639785539465,2399.3656031077844,2359.5581451411126,2350.1492613252167,2582.045546980323,2477.0493421025844,2411.42145820749,2333.425067355741,2414.597880913491,2472.4957217144292,2396.7360230282034,2519.99078995287,2521.404629631584,2417.7946440412984,2563.7962444066898,2516.767522992867,2559.8207575241763,2323.299799308927,2484.613247692889,2477.298398172228,2460.204557212258,2563.1979088093026,2675.3574179307593,2688.7338225639955,2540.658039212363,2648.192708193921,2586.0411877715983,2746.31874548813,2571.387824560393,2680.319341792538,2628.3127706006844,2537.4410653949217,2549.84391239112,2607.2813846538716,2628.0887430517537,2448.473587577346,2658.3527488181116,2482.2425157294697,2533.8022719888168,2602.146047838644,2766.8513902722275,2558.0883625001434
photo_tree,2111.6666949215373,2347.0114270642193,2837.30875769281,2517.7223538164794,2142.394220623271,2406.898694368797,2320.807732337653,2339.7585884342257,2349.606657016462,2479.19690878005,2577.4835911028367,2472.6101784866214,2171.1382674565566,0.0,2354.240472150466,2384.6968882784136,2096.1441531267023,2515.1135651056757,2555.438367575276,2314.8076900910337,2808.871722828163,2354.883622972264,2209.8370933462734,2456.98847532671,2297.3427606199452,2246.5936699590484,2398.9389461686105,2308.7663783949843,2104.4795911268984,2244.25168491921,2538.054848144983,2126.404340536653,2406.626678966936,2456.8355030736175,2255.7571508712113,2314.904337234725,2172.9137359973442,1937.0723906914302,2423.9690345199024,2383.3187722197617,2143.120154424797,2470.3559719511395,2364.472709262705,2296.7551051665196,2535.452590081241,2363.4540112466498,2307.240948373811,2267.879489179541,2398.2050669564032,2307.2509093915164,2430.089297330872,2641.507619865269,2175.0452859694037,2349.478415909944,2223.079512291393,2361.6471855549476,2334.722282305981,2266.340897195539,2430.535137420776,2493.9718815602164,2247.2661505576684,2245.7887299908025,2363.079239426438,2419.992477474943,2314.888709408588,2490.1987257755723,2468.529622653885,2368.7925417463,2348.835389041362,2269.678060782518,2428.359757723379,2235.8700454606715,2457.103596920365,2452.078933407738,2420.065995210299,2535.2692661019987,2646.985169138791,2680.160079393954,2535.8528024273146,2625.569447886309,2572.9487252405497,2720.9015637326634,2543.4332795861255,2656.639232388056,2588.1695505421926,2525.082376654389,2536.513451867995,2575.0688817664327,2604.9164361350977,2421.6022163493176,2627.092192502537,2450.9244749860077,2520.5958439646765,2579.813898377474,2730.155804459933,2562.4316386452883
photo_flower,2251.214497780948,2753.697642980852,3092.057778889836,2926.8950021792816,2230.561373718686,1810.7840457933353,2329.270721213718,1914.508949256235,2303.715459154498,2759.721576483305,2523.19423768592,2319.5780072108128,2412.2750033551183,2354.240472150466,0.0,1715.3777355105422,1890.0439243392727,2346.2279147058175,2718.8287449091627,2454.2805623460704,3142.6601348958184,2856.8648018151275,2606.8768544793925,2868.82508965371,2352.230743077447,2558.1343770819703,2255.6397412066067,2515.4490389470566,2232.2520295351887,1866.1791971422695,2168.644155898121,2369.4266568368544,2329.856407053653,2667.3428162108758,2055.2482940802943,2291.4748240237495,2553.203601985161,1979.048917039935,2002.8107352240843,1660.5200270747043,2011.3849008236546,2325.369895639981,2478.1015276436174,2636.616737979957,2279.2460415619594,2662.1836035548395,2377.38892435838,2508.9772660113526,2592.45758106847,1775.3744527891738,2279.4787760394584,2108.925964619148,2199.7189060969094,2048.940279693906,2364.0510685277777,2009.8395150449894,1935.7040504989968,2523.0493180515628,2332.362172049984,2387.0375450531874,2447.2780971699385,2022.067264752396,1773.3266136650172,1684.0165642896075,1828.6647384450334,2316.614518975441,2591.4641648527545,2565.693479055726,2387.9867540262853,2516.4779618183024,2359.0174436846705,2240.9418619807852,2219.36407395684,2288.1915020140714,2231.0688131184306,2316.9421972133982,2518.1915747955927,2537.486461506695,2317.0233312142814,2485.4818234431564,2424.1630075013854,2450.3187412362963,2383.353649465281,2503.64778021211,2454.6149830879544,2324.5629367746055,2305.7083465488154,2461.592855289341,2477.1368404444934,2153.5044641247105,2505.6730957683462,2211.117224366159,2268.5826711752643,2446.4100905648042,2543.8944088660287,2307.943544004987
photo_carrot,2323.5494249411026,2832.496452118328,3122.9294857819373,2964.9199681933787,2328.89684417821,1918.8037133052865,2335.0843387756713,1877.1356666532592,2374.3840314267213,2830.867821037263,2652.462942093734,2326.5301233881396,2441.5350016777543,2384.6968882784136,1715.3777355105422,0.0,1988.0911687468765,2422.193163753966,2817.737259302123,2551.195142989868,3178.9675712006133,2923.4653637145284,2636.5776738805553,2966.6821365360543,2461.266233394477,2675.195998852313,2350.682710866269,2611.506978514362,2336.1110877539113,1905.971293095298,2293.936239933838,2457.09221142851,2446.2553434882952,2751.266366304019,2157.0543850186414,2383.963558558566,2642.287804978357,2070.021001806749,2130.7812280111534,1573.1508600329034,2053.2373371582153,2410.1827961944077,2555.297478344917,2735.23048356583,2338.4742945572293,2764.3261571047087,2454.1568957535123,2641.485494934174,2692.554066301935,1886.4344866139736,2342.056037660067,2247.460258553395,2308.9371569534896,2152.9659895992395,2459.148750413045,2050.0102573073905,2025.1999098097103,2611.538441216172,2416.028966779743,2452.8101156311864,2500.670496048548,2029.1879233830548,1820.414117148301,1577.5573501681558,1861.3862687346018,2374.991048981391,2658.2554875646024,2632.8439537196455,2504.8950522510295,2566.12762164747,2450.390973757645,2356.9906355816174,2278.4040418450572,2348.089440877514,2314.4890377892625,2389.8073569654525,2587.890482050261,2595.9896804131586,2375.4784093143803,2554.428758556983,2493.163613052436,2497.7807438324626,2458.7689632329066,2562.607991119091,2522.639875628123,2390.040947396413,2360.829916908409,2534.8578194519373,2542.91030685641,2207.1371417079226,2571.640350773343,2263.4113212121183,2327.665594289693,2510.0011068859267,2611.994172219662,2362.522122966614
photo_watch,2087.7895872238714,2575.6347288677966,3005.936141432672,2811.913335647594,2228.5465870276566,2027.7066419867303,2279.9076859021416,2001.1693729760996,2296.8011315565527,2643.0141039428477,2579.440275133479,2375.9038787704976,2328.0635327843306,2096.1441531267023,1890.0439243392727,1988.0911687468765,0.0,2393.126154238065,2669.0974840286663,2362.7401942871757,3038.431285679627,2698.5419242796966,2437.0680458096926,2716.55493129681,2237.5244815788355,2413.3838348443355,2266.4488220615044,2374.650894953175,2044.722890959894,1895.629666926505,2222.351248884332,2284.081279682524,2294.2079549315263,2597.8797493516,2021.9966962837143,2221.857177329222,2391.131284393789,1764.6661417433932,2044.192171307363,1913.9410526930105,1761.688163552618,2322.185505024,2397.3764937665333,2485.2797889717813,2344.436640812356,2526.834110300521,2297.6666910064073,2312.3676477562044,2529.199530670227,1875.2561674135152,2274.2695306262613,2259.2373501897428,2067.63448552991,2002.5001840250682,2170.987644063438,2006.5179478736288,1951.9494486497672,2393.5142964255915,2344.144924339945,2363.5187163176843,2314.002955758536,2063.959644783349,1891.5173295509164,1954.2904579086373,1839.4324663458428,2330.5027844023166,2548.4947568795187,2448.8640024074753,2361.931342316232,2356.847967738778,2417.8425150796766,2057.4074753445093,2219.9453883554056,2270.435770886584,2204.624966725515,2344.5745515320114,2524.6714322935,2540.493930409819,2315.364049008971,2492.4902339534137,2416.374467025788,2494.218852311397,2361.774156571299,2515.7233883962435,2448.7923757858443,2318.073891915348,2318.371166864534,2447.901566423357,2469.885336349432,2158.428115221242,2493.278804802137,2201.1006374619337,2305.998269334825,2439.146907420885,2581.7479200272282,2330.675976673097
photo_key,2529.5823613011326,2822.3358625579303,2769.1507329900173,2824.6189780637437,2484.1837797933986,2464.5399744922015,2615.378738958452,2467.3364782379886,1988.2087125533635,2519.6795228397427,2573.7543210343983,1976.7230603381436,2547.2347578459025,2515.1135651056757,2346.2279147058175,2422.193163753966,2393.126154238065,0.0,2316.809026233689,2101.319069248716,2849.168365871026,2834.45977121257,2451.057108709814,2877.6624956058254,2519.849894598226,2571.3794237451043,1803.2166181041484,2395.6767722779496,2566.665544848465,2306.194209643425,2678.0994911860494,2637.722523684275,2053.948860503379,2517.3304716930784,2393.5342730787916,2003.2526924058386,2443.2019531454634,2250.0548019270527,2296.817524370462,2374.6149306731186,2327.0632507537052,1463.2082458936306,2125.5947444982216,2257.233446925097,1999.7397285799898,2385.138763118127,2094.1910189065097,2620.2538304572718,2625.7573463153585,2266.0995684012787,1815.4968544384044,2549.8372214552937,2563.8749084955484,2573.8272107681205,2679.3287542069443,2551.012966567208,2184.265676932722,2482.0101713021663,2578.8693744442107,1973.2532767950395,2619.886363249635,2403.926880566373,2347.3303171597126,2446.277630074414,2258.6173509470827,1525.915224174777,2240.5287865760747,2238.229238419564,2779.1067898530714,2584.9304733193353,2276.6954454553115,2503.428657926254,2108.0985576602234,2104.330070320097,2055.0456122522723,2009.3753073783844,2146.7013273948046,2174.5788438955915,2153.7113268576186,2147.2736911338047,2070.8923018067726,2177.9039608787743,2138.045536362583,2174.503907779444,2101.6109701344794,2113.6050739865755,2136.4781430279063,2095.6022547616635,2129.205030816327,2093.9773408430215,2146.7225227425247,2122.3667517779377,2068.4798038478525,2090.153116143278,2202.445294217752,2117.3533960450427
photo_truck,2585.168318321762,2806.478730359357,2424.511545545631,2713.1605229580437,2540.134843991398,2773.6637479055553,2844.942906336005,2806.5973355421693,2395.387391013293,2417.4751547570218,2660.2912909319693,2327.573081766657,2652.8215288500937,2555.438367575276,2718.8287449091627,2817.737259302123,2669.0974840286663,2316.809026233689,0.0,2157.349709229617,2533.5794863610977,2694.129385679754,2366.9071146821966,2793.7572701803642,2538.283811621682,2620.384226735481,2273.336217591736,2395.494221919597,2719.7329962084714,2644.3142293037586,3004.6280794749223,2758.5968188807906,2376.6424378496376,2552.755911997036,2733.1631320745646,2282.3077553962767,2418.180073551118,2517.9790127702954,2656.70680844957,2800.5330930942264,2675.5171225151475,2303.5245998234795,1945.544097694895,2192.4062887380874,2388.4432918828306,2217.9522074035613,2244.2395320801265,2721.8897310305965,2685.3255299060493,2644.3221713082307,2370.8134546654683,2918.640020187299,2667.739219425164,2882.588652671684,2778.173711680527,2933.8392802628355,2703.6612040124605,2561.477513545427,2806.613211242349,2293.178327772108,2760.5029836077288,2605.008170236742,2694.2907133246877,2836.5466505758454,2726.1945932475624,2370.810498820019,1955.3822779829836,2289.2022397707874,2883.0513420749135,2718.7639098181257,2471.208681226459,2694.483624534697,2575.567076765481,2543.9958211789985,2532.8079423664285,2555.35528731808,2639.904583664751,2657.039547261384,2638.9873918316193,2625.905746714468,2567.0858429693135,2721.1214660464957,2593.4262707841795,2640.4980939476136,2579.8766661763066,2617.950489690131,2623.0658127579236,2561.330413879982,2613.2355612379215,2567.435916907761,2614.2142322266996,2576.6972128081984,2605.8573450513595,2566.0915075938105,2715.142848473705,2647.0644522152247
photo_velo,2382.2935886066075,2657.8043268092038,2595.603516774747,2645.5269000908997,2298.487157485254,2535.5878396602066,2574.3784359515294,2489.7668137262904,2178.1024690704207,2287.138359823854,2618.3173541673086,2152.221125535355,2317.4812357994247,2314.8076900910337,2454.2805623460704,2551.195142989868,2362.7401942871757,2101.319069248716,2157.349709229617,0.0,2676.843445942127,2666.943811514351,2202.631767555877,2571.719437418291,2210.655643641297,2364.4239250868613,1979.5989270394375,2152.533549609294,2340.805494520379,2312.8284457296195,2700.4026579975634,2457.081581599379,2121.3171958162034,2317.290389528347,2375.9034872516954,1903.3914365628323,2059.1685270113994,2145.9452020701265,2396.86312649846,2466.879701151456,2265.3650600936403,1987.0583694536485,1851.6818361428043,1736.6917116959048,2113.248292306704,2111.450091483009,1883.4897850433667,2382.3562290534355,2431.856858452475,2314.9859884537536,2020.6788584383225,2678.3939396889364,2317.2745975009316,2498.625147140771,2480.5257338682263,2561.2361008125717,2333.8699832769694,2286.2984721689204,2486.399685439829,1994.1668928576196,2392.7170176062396,2237.5029584389267,2370.0127822350646,2509.3587141762628,2388.250869744827,2051.8652429621025,2006.3871555556316,1777.2871707746413,2574.4574886062956,2429.0666579257263,2156.271010483194,2313.5872476348472,2259.40678366,2195.9176244311584,2189.843113697117,2242.080158926329,2356.8109602084614,2384.0764426951628,2312.9668798131056,2323.2857897431927,2262.4554154439356,2457.251232196789,2255.322267371355,2364.72202463881,2279.335113672391,2277.666176967514,2299.0773791140164,2263.347770805345,2304.1768094351773,2237.649637102142,2326.638827981113,2249.6827610502464,2268.8685200405016,2275.763540109171,2462.2270913967,2331.476159990119
photo_road,2927.561333661175,2956.809795619611,2292.215156051874,2713.6080970694616,2919.8985866494454,3173.3660746928326,3152.4413424628556,3152.6275331400866,2799.765947726971,2567.677855925116,3039.278557054699,2861.9576775092532,3000.6239087179747,2808.871722828163,3142.6601348958184,3178.9675712006133,3038.431285679627,2849.168365871026,2533.5794863610977,2676.843445942127,0.0,2856.8976778655983,2589.0012810406856,2932.386288432428,2887.0182629054502,2883.0086369876512,2749.024496765156,2684.2077311973367,3031.752133662554,3031.6434884964524,3358.0046265943656,3044.8926502721506,2758.7695290510496,2817.367922903989,3091.457321538203,2779.0113066467557,2720.8342257083896,2876.5165267667144,3034.334650696136,3188.1221254050542,3044.64876384683,2800.8555576527147,2696.5294180829155,2613.4090751464496,2772.5328277667386,2431.289645209905,2738.7369077618146,2963.546537947146,2947.1170296116015,3056.904618854566,2860.062042042649,3309.380114442976,2990.9353318910985,3191.578718865315,3097.079375607379,3292.5163415284846,3131.164204307787,2813.2274228268643,3190.5113346877824,2809.2112038054433,3041.744898474361,3008.2600413579307,3087.352507280422,3224.0177568084137,3138.743778400932,2863.880706179799,2665.8239159306863,2715.0046027550643,3178.316295002853,2983.1616836839485,2885.1281165613163,3022.6343578318974,3021.711263852726,3001.4751102687046,2989.3674986850488,3008.2808935680755,3064.0492589649753,3067.1741504597326,3087.853827840509,3054.275313076237,3010.224163650304,3131.878574174531,3030.041900389397,3054.8096853244897,3008.458918598626,3066.1695963161965,3074.824252836353,2998.950351214001,3052.5787617900914,3032.231650119897,3044.3833054968914,3022.975194347577,3064.0907464526845,2997.449954119855,3102.2882646059224,3108.2880599520363
