,photo_face,photo_profil,photo_eyes,photo_face2,photo_walking,photo_standing,photo_hand,photo_legs,photo_bird,photo_butterfly,photo_girafe,photo_fish,photo_cherry,photo_tree,photo_flower,photo_carrot,photo_watch,photo_key,photo_truck,photo_velo,photo_road,photo_house,photo_mountain,photo_windmill,drawing_face,drawing_profil,drawing_eyes,drawing_face2,drawing_walking,drawing_standing,drawing_hand,drawing_legs,drawing_bird,drawing_butterfly,drawing_girafe,drawing_fish,drawing_cherry,drawing_tree,drawing_flower,drawing_carrot,drawing_watch,drawing_key,drawing_truck,drawing_velo,drawing_road,drawing_house,drawing_mountain,drawing_windmill,geo_face,geo_profil,geo_eyes,geo_face2,geo_walking,geo_standing,geo_hand,geo_legs,geo_bird,geo_butterfly,geo_girafe,geo_fish,geo_cherry,geo_tree,geo_flower,geo_carrot,geo_watch,geo_key,geo_truck,geo_velo,geo_road,geo_house,geo_mountain,geo_windmill,word_face,word_profil,word_eyes,word_face2,word_walking,word_standing,word_hand,word_legs,word_bird,word_butterfly,word_girafe,word_fish,word_cherry,word_tree,word_flower,word_carrot,word_watch,word_key,word_truck,word_velo,word_road,word_house,word_mountain,word_windmill
photo_face,0.0,1579.179959104237,2026.8528335181059,1713.3853761492467,1480.4228891660234,1455.9137084212325,1306.6221826344058,1328.6034905167417,1652.3965932536169,1784.809744563556,1967.7301975872576,1718.9334112539696,1354.93130944395,1388.47975385148,1536.448909306826,1481.2724183079843,1327.4821244503505,1754.760071557471,1801.8032419381727,1598.1973221362468,2031.3885156968643,1731.9719217203085,1680.7598153849349,1696.454575737107,1618.482959432315,1570.5859359394435,1753.5598094394772,1589.6053714287302,1449.4188469347068,1415.2511694155376,1612.069251314679,1514.1294722414282,1610.8522178397864,1732.0544987623791,1512.5591566147223,1615.585463302647,1604.6472343046341,1242.9102856719912,1600.4752865544049,1483.1090686394987,1329.0322558170042,1755.4437986609353,1616.4419071231612,1646.2596263038242,1705.8830586601925,1780.4218765340752,1665.4041595994865,1544.6163040524318,1689.4954182804486,1502.0883121315508,1736.4856998702571,1758.8593581605653,1404.7119194448126,1499.9857197005176,1462.7705674145775,1503.8702335648238,1499.502696940789,1568.9954400870188,1822.677230756221,1714.2666224103475,1736.5493746704587,1485.2840922128628,1500.1125330092284,1516.9224842959718,1513.35765811145,1758.993401339748,1707.1492670429154,1657.6193831324538,1583.733665928616,1540.8227379804296,1772.5141628950198,1434.5618430469813,1586.4638663315168,1601.5761716971258,1602.89019782694,1701.5191185197714,1755.9172413679275,1748.0679241312553,1639.7628741863844,1763.0795355786013,1703.5629930641328,1786.1941376092636,1651.9260427207118,1786.9622243843332,1727.0183143881939,1648.8428962803587,1647.8595048035074,1716.8935790373318,1690.9567984150672,1557.8507057740842,1730.4850317405353,1572.9031480599408,1664.4473791020735,1695.9679232925273,1815.7693938696907,1634.5744017084444
photo_profil,1579.179959104237,0.0,2101.2260109493864,1543.0548481007509,1824.6295108739362,2035.2747555752155,1741.4277802251486,1963.223546214237,1889.7327677555663,1828.8149471059805,2136.256447728755,2063.619165343991,1676.8212140945018,1560.7272361854632,2052.256942636477,2048.1306346432725,1847.0553257074932,2042.732019044471,2005.3399371301084,1865.1829809877665,2009.8150272722469,1653.7763072608643,1932.147447725744,1703.9592301983423,1964.5122276963737,1473.453470397116,2024.0729659756526,1751.022269694299,1821.893276436507,1895.35517894316,2027.1538064853794,1707.9830510060565,1926.0344656422576,1797.0827534775153,1867.971179084046,1960.6642006372895,1741.795935578446,1806.819746051269,1957.3956700742606,2037.4621484537347,1849.6201571903582,2045.3934321670597,1939.2346441537868,1796.126770987828,1995.6252710794831,1790.736547789683,2021.4079054800152,1719.913612650344,1659.457539116229,2040.4550929785344,2030.0678875326448,2174.5348776134488,1813.0306767352315,1914.5854500782223,1811.138186368276,2014.1486920848818,2021.8814057769928,1620.8282216578668,2096.9451870932817,1997.8935016215628,1969.021927842257,1941.0450129385047,2036.899739672197,2050.4096895040775,2034.3469952050425,2072.072180086824,1939.428886069984,1832.8421236415686,1862.518239756904,1608.817590222187,2069.927695020283,1821.9522042814933,2041.6734937310255,2019.5459481090654,2034.1671076216828,2055.1066076491425,2070.5590670947367,2079.236348485426,2064.543647625227,2110.1400864860975,2044.4966342873088,2150.28346613352,2039.004479375097,2110.3957919587297,2062.0303710020803,2077.050691286079,2084.7339434688156,2054.879703814638,2032.7598112716628,2076.999354448922,2061.0093295507368,2037.803962236233,2111.8006605207584,2021.2656968981128,2135.7629472571593,2087.4804315877323
photo_eyes,2026.8528335181059,2101.2260109493864,0.0,1746.3430605285914,2102.5547885962637,2363.8353195633354,2292.1592982220227,2348.289032320457,1822.0366019048734,1681.7226857522971,2028.605182760144,1870.115477998605,2053.0121905893106,2069.573010518702,2339.367065784002,2310.903600230257,2256.524710169937,1880.147542070631,1452.737364247342,1661.255523175477,1354.2135325450809,1961.6671973716254,1730.2357832821979,2076.89388299874,1936.4458687805184,1963.3757370033402,1806.475348763725,1683.9380827775124,2272.6399690882527,2237.8321474058544,2569.9483332537557,2230.5669205219087,1764.7111550441446,1804.4333687109972,2246.9912836800886,1836.5809566730156,1836.0818831128638,2087.772864292896,2217.8563837076235,2363.8355519403476,2239.0580263861743,1850.8266626887587,1681.6162815883276,1640.1802046261748,1881.0718300464334,1450.2770563858887,1812.4189276070242,2128.9854403457502,2048.001394606983,2275.5150120228514,1866.4515951732233,2481.5321955825516,2177.0006182482703,2423.3757193449924,2274.006751777293,2505.84255877143,2336.994466218228,1934.9759682508582,2284.0798802412282,1813.135333440574,2258.342552976202,2139.628459153106,2285.9529622291093,2397.6551317051667,2347.1767799676145,1904.4078767068286,1535.800760910112,1658.5536005238318,2330.1729557808753,2042.6021888478288,1902.0737016299495,2256.240937802919,2024.1399018884133,1966.994786563459,2007.5222160721764,1965.6440124321862,1908.2082000109951,1896.4218310103888,2041.8071201006285,1918.0566777180736,1903.8749284831727,2026.0642396169048,1935.3654247977852,1932.3863945832488,1894.6203844288746,2001.1917210956333,2025.0405752656204,1904.1935262464262,1902.3666685351259,2050.648018397662,1892.3896031039053,2019.0661347441192,2022.3336893402063,1876.304434314252,1948.8869629761289,2044.8598902935394
photo_face2,1713.3853761492467,1543.0548481007509,1746.3430605285914,0.0,1786.407961136908,2168.305329385106,1953.1836367654,2100.8776825022364,1731.032771936426,1660.7162340310215,1941.4198900152237,1984.6827956685302,1801.6680141904803,1653.7706445448848,2174.110771133358,2135.427123337543,2020.9447857345046,1960.6910103932769,1772.8085865618543,1729.3134353037253,1683.599842778106,1602.2062086478682,1762.3400460787268,1765.9763127560382,1869.8646211727428,1585.757100245816,1949.4224731424563,1532.8147037931267,1899.9574319962164,2030.6580062412893,2236.9064285026616,1792.2484596541497,1778.6972952543688,1577.9274390580522,1991.0181545299795,1905.386817336366,1640.8659305993351,1904.4480113995216,2085.357959085917,2177.0393679708895,2025.498901458089,1969.9001717212132,1790.3661934966253,1659.1847101429946,1941.9049390702023,1595.810442895988,1904.9056402438691,1802.913732405996,1699.6102172563064,2139.3548456337735,1979.734694429776,2255.767925691662,1860.5184142684604,2093.9392661697143,1887.8903252461034,2208.534340200633,2154.310268104743,1596.0088621002908,2079.7737962778424,1936.6508669816824,1964.4345481576624,2017.7725196607428,2127.7095162036053,2192.0839454335987,2164.0036896348597,1986.4869376916279,1722.332314043175,1704.412274103509,1955.5173464053657,1715.8034998236728,1898.2474843722416,2000.595027071847,2012.205133583938,1985.063461710984,2024.8506371511364,2000.1484425270132,2005.765444554577,2010.2844397108715,2041.6851327673407,2040.8893857375201,1988.59535565431,2093.6685070123717,1996.5659558346938,2040.3946555878954,2008.5097233785211,2035.8154849972732,2034.9293702114273,1999.4469794283377,1978.3264305819578,2042.7482910110207,2006.105014251584,2013.1580612974506,2063.188641039014,1955.5237108623655,2044.6343859912874,2053.088122038256
photo_walking,1480.4228891660234,1824.6295108739362,2102.5547885962637,1786.407961136908,0.0,1450.4081005041874,1574.8904844533809,1443.4516492422651,1658.6934936202529,1808.419790676065,1735.787768530021,1765.2070769425538,1374.9517045449184,1341.5547723512088,1479.961941564923,1492.6765929381415,1436.6926563022905,1711.8381862745384,1730.6498977629462,1505.7375768837085,1991.53119893336,1740.2536458467803,1422.344173100002,1700.249175555299,1451.4794307558027,1524.4946178506611,1708.051701468076,1615.3473284551383,1124.2597556868761,1487.1746623660906,1681.6697518355345,1353.5725696676352,1654.8295610801867,1703.7070749074512,1300.6717871261142,1613.113910270491,1474.1340749147937,1292.2043495403948,1708.9660932316967,1439.1029441072694,1509.4875092804427,1732.6162424369202,1499.36986969755,1539.1313816862491,1767.9013354491872,1720.1530177126897,1415.6293913672798,1448.977788941108,1677.6285328286735,1431.7878275241071,1738.5566977416952,1691.2678989978858,1160.7574486845303,1457.3274055096458,1311.1247959244834,1444.0309622441825,1454.2039211957801,1667.3568323899765,1404.0562976931822,1752.3542084246105,1333.2125640592958,1275.146184345039,1503.934501973953,1452.6556116882052,1474.876188382986,1724.5382335077877,1607.6070385539406,1569.290602701684,1374.567038330645,1528.6725809849945,1488.648686253884,1501.7668658391772,1578.384699410028,1568.1453133991758,1599.0773122207247,1674.0282303952954,1688.932258838243,1687.0777862208736,1605.0083928275374,1653.5007669401823,1669.5537365488492,1760.107959759406,1617.1598443418147,1708.3813693247444,1668.7677756681494,1586.8469149822668,1595.1151938852277,1665.6317836656413,1638.361814441334,1529.4028990527358,1679.5348170869638,1572.3994339478231,1588.5666610053227,1647.3939225166673,1776.5646612612684,1566.5925162185233
photo_standing,1455.9137084212325,2035.2747555752155,2363.8353195633354,2168.305329385106,1450.4081005041874,0.0,1423.6885012219482,1044.8980321685526,1702.8239042603918,2023.3519343863632,1910.3568529154672,1658.6343654833588,1573.378459350001,1670.8410194825055,991.4488881974318,1028.2839773676565,1170.8851332849115,1618.5389664679303,1965.829113747223,1751.5472405031958,2303.187263987507,2098.3504629073104,1821.0113368123907,1938.4649011124739,1705.9715411450356,1828.011039605291,1649.5481418589363,1808.6233806674693,1442.7108462516687,1071.7107805126975,1276.8676006869616,1568.221368745222,1644.63673709686,1937.1278115424427,1265.043722066103,1587.9363814758754,1861.9296923508425,1187.6067191475968,1274.7541011382436,950.8167303397131,1203.0814525467595,1649.4930355384417,1739.9299890746984,1895.9308782318499,1554.7934689646252,1996.783893070239,1640.0564141190869,1550.3106475889488,1880.444904995983,1029.6696262104667,1632.3675963616768,1210.0682328516903,1397.9189953737382,1192.4801392107404,1530.8367513741978,1125.8454663220818,1106.3626033128874,1804.7496807566145,1593.0275636751458,1650.9159907437702,1759.5608408088901,1272.6629934664325,1038.0930684573968,954.4447741792355,1053.3845553783608,1628.5915662331263,1863.3642556443071,1813.2321489452354,1578.491476935402,1690.9170511161421,1678.4548000750694,1348.887554277869,1379.0444479501336,1437.6425213373502,1410.6488766930481,1521.8188752043811,1632.736130715732,1613.8352065995289,1443.4134929779214,1629.9220310816522,1578.7927471100509,1569.3167298716035,1494.9766185459289,1634.2724257936668,1595.3210900322965,1446.6866209701723,1433.207203552303,1601.737354120703,1577.4403478462868,1307.1188171204203,1610.9167286357278,1354.8588450622346,1443.9859292573942,1580.968868030122,1650.3130249454307,1417.9764769932597
photo_hand,1306.6221826344058,1741.4277802251486,2292.1592982220227,1953.1836367654,1574.8904844533809,1423.6885012219482,0.0,1296.9151485138686,1779.835466970294,1962.0616018166766,2106.2245771317316,1666.2967873593823,1338.8225291254432,1545.4455248747026,1496.620123140523,1387.7125935136723,1422.3518808522383,1762.7097531725412,2008.5334217333693,1747.7711928485303,2250.35552563391,1901.725690879514,1878.515897767413,1935.0446390782095,1877.553944132061,1700.5530154351836,1740.970674365926,1793.4679248549926,1561.7398496897365,1321.0000253745116,1407.875632150198,1682.634840786689,1815.1717069899803,1904.3617882299698,1540.7634322066333,1634.9344203993949,1770.755255336199,1326.067870267748,1495.9863615139752,1413.2737855756245,1374.4990734684764,1784.0124672564612,1769.642369409642,1855.0148183363367,1676.5936812563298,2002.3725334058715,1764.3454556443255,1616.1887423363344,1857.4113820500024,1456.0764359531804,1722.3899222989448,1703.4070071539438,1549.1082143288015,1547.0797826387084,1538.8132531692274,1446.3302612986704,1469.7815847485297,1654.1478001902349,1880.5330777352835,1715.9501811264875,1862.1371743908305,1464.589171927292,1470.4665634999444,1426.2257614412538,1420.4336598341745,1782.033796650086,1883.57315536229,1801.4725918538677,1757.7747441919103,1643.765452583986,1849.9200284108654,1471.1839476957268,1588.865251222215,1575.4433279253092,1593.6752212319077,1690.2567865612937,1756.8544821905061,1740.6575916762995,1607.2449492233116,1770.3976806504418,1714.539963308281,1753.501919494054,1658.7240934247052,1773.9324670017852,1740.9092121741642,1640.6256176845923,1647.551203783991,1725.7061874111757,1707.064222775619,1581.2289469279779,1741.37462562623,1578.208459844736,1659.2062993775291,1711.1210124733145,1813.4114913112019,1626.376616191973
photo_legs,1328.6034905167417,1963.223546214237,2348.289032320457,2100.8776825022364,1443.4516492422651,1044.8980321685526,1296.9151485138686,0.0,1674.4601835085875,2020.9768243156498,1999.4047501914467,1643.8673554532345,1472.6469790982985,1648.783228104256,1133.1994255222005,1014.0652293294938,1180.493681804975,1665.519474120266,2017.8638193395868,1742.7197814530612,2308.911407705421,2054.5964984429884,1859.9915359892757,1988.019942748181,1711.6951399870454,1836.9105490221928,1678.495327896351,1835.5801965831688,1422.8259880812145,1166.5768110620427,1317.4927650312798,1607.622073037637,1670.8168606015995,1980.908787543593,1322.9972641225468,1615.0447662422475,1871.726072279868,1175.581452052144,1411.9177046682448,1083.5159124808126,1201.9642035861739,1701.9775099010133,1766.3570824563556,1898.3873909842953,1607.3439678151344,2029.7419036303247,1654.054618198387,1598.8700101577717,1877.7006061428378,1070.3743785565764,1665.7216536108087,1392.7857609562802,1372.3251788860957,1220.9205625137326,1516.1415056128676,1076.079367816844,1152.0471974511406,1799.7402510556753,1689.116553859523,1672.0266800574034,1720.03881451423,1277.7073816880925,1179.2285961855587,1079.0410218751617,1130.4063585228407,1675.3504275278372,1884.6686177115723,1805.0098922736827,1642.577393781129,1681.892944565137,1745.7072078570868,1409.268195937978,1440.5941449100333,1471.7984230465322,1464.1297396957304,1577.3582573840372,1673.9420322004748,1647.8479820144673,1482.4617525274234,1667.3223965298496,1625.7138539369969,1605.5637413752577,1544.3643965384294,1664.1547216747822,1647.2311783378943,1493.0438322337297,1482.2473043339874,1646.3077417643424,1614.4189350531076,1365.8845592541313,1651.5557942354926,1407.6681666045004,1477.878661847078,1625.604592560054,1708.9214207713046,1447.6626476600975
photo_bird,1652.3965932536169,1889.7327677555663,1822.0366019048734,1731.032771936426,1658.6934936202529,1702.8239042603918,1779.835466970294,1674.4601835085875,0.0,1565.2978747496247,1601.4244987132474,1333.1608719204673,1653.7627523216738,1708.5130178839456,1603.3143038260387,1594.5460130782237,1550.6561368262278,1178.9343526576217,1578.754572222774,1384.1860630019098,1863.6147035754436,1911.9963749226001,1639.687267919785,1938.0192912442185,1688.394248997277,1725.8606315048564,1258.4103411893932,1433.7100242806293,1760.9756190759144,1547.3795150517253,1880.4146101237156,1742.3999150210664,1056.542028989995,1664.6327149720246,1536.1533740292246,1314.9382443282032,1699.8487520463152,1461.240890789637,1500.7480301871265,1643.6871417729287,1493.2067243490794,1221.35731738429,1458.61305492501,1540.692801984911,1324.4808876821792,1574.5311206539543,1396.0961850506976,1680.9824977373805,1819.3310769790637,1560.9487270763484,1300.8587680154976,1737.423000412566,1664.3168948173607,1741.7768425276358,1841.4860390732697,1772.9214532854921,1590.8926968629728,1583.769720764921,1690.2919141662346,1331.9543451884226,1863.5600424823883,1520.3987039844035,1603.4644002740517,1664.7199284599785,1559.215328066179,1171.8457455642153,1493.4805042819198,1446.2875364585873,1872.084411475393,1648.7396789617085,1487.2314766670925,1637.8226085366566,1296.000594424174,1320.4577019137726,1328.3884124942072,1267.6371712861944,1329.3191716641677,1328.884852131283,1300.2412423274545,1350.4198241722509,1297.1674449297382,1349.7035119260963,1302.287552468257,1360.252085244503,1339.1688556676577,1311.7014319017633,1278.9537530070675,1340.2206711073288,1264.7333084282122,1338.4572659193702,1331.93408760707,1301.6019405849559,1343.8277866984902,1245.7147607495808,1367.645181810738,1319.9038207035367
photo_butterfly,1784.809744563556,1828.8149471059805,1681.7226857522971,1660.7162340310215,1808.419790676065,2023.3519343863632,1962.0616018166766,2020.9768243156498,1565.2978747496247,0.0,1962.3377267199562,1721.8280847551,1784.395839888891,1758.4440611628786,2067.213594846257,2066.4475183735517,1928.3558138075439,1700.0849842487778,1555.8185925469152,1459.0678775761698,1635.7856943237111,1850.4692702525572,1683.1911005282905,1678.8930050353474,1891.594759502031,1659.6006881403268,1637.0981051470897,1323.5538305076507,1873.9553282451254,1909.6139354929737,2120.9174735174643,1786.9349039229342,1494.4662771999187,1402.0277243649164,1880.2432312653432,1626.8625611314096,1568.6245794475512,1760.681897853381,1896.2686579570668,2045.0237560585574,1873.0276789312743,1678.301692577148,1517.799967026427,1459.217140670405,1680.5480724262422,1425.2381872083004,1669.8555335502847,1645.5846452338076,1731.028404923752,1982.7435845008704,1699.5402511142622,2110.0354737565376,1808.6639532448532,1989.0998600076223,1876.5746278723948,2083.2225664391567,2001.2044890767831,1506.4105000203479,1961.3854319207935,1689.9227402004817,2031.9096776450801,1849.6329543395166,1994.2846135847135,2054.580611536769,2023.6970270135955,1726.2053395835633,1527.3965147189406,1467.5363951130917,1985.7308545875646,1761.8092243938968,1740.1710259001259,1786.5222214664043,1797.346282332122,1733.7039840017374,1775.0699623695257,1741.5585804339373,1739.4001010469176,1742.227598025435,1819.2764651836835,1766.8479679364204,1732.347929025292,1835.9683382285552,1744.2218839745883,1785.7526614466233,1745.3514548921312,1782.4708750196078,1805.0937449898922,1741.8521048153464,1716.7379942998798,1820.1560596864997,1744.0800080101947,1793.3136895384876,1818.6046802018745,1696.393923758641,1782.3086133170668,1826.1237918006993
photo_girafe,1967.7301975872576,2136.256447728755,2028.605182760144,1941.4198900152237,1735.787768530021,1910.3568529154672,2106.2245771317316,1999.4047501914467,1601.4244987132474,1962.3377267199562,0.0,1858.5189124405663,1960.3920354203915,1847.1414322798169,1804.7437701783656,1851.3434393565665,1828.4315343274404,1761.055663376165,1775.3896654053367,1783.301773013327,2036.0731184205858,1866.629874736959,1841.0659820931166,2040.0558122254183,1783.0241548474007,1855.1028639760652,1767.4616954518322,1779.276967197982,1845.4957384370312,1822.5222899349353,2046.534673609611,1736.1045884719529,1697.8806260307524,1888.6390055504557,1650.5988983197692,1820.8486044108568,1811.0928923919619,1806.5707033940705,1859.934290421995,1867.4400271494278,1854.624399598762,1805.2354836755296,1719.0726134953213,1777.1752833024802,1804.5164942163985,1830.4217937087851,1796.5064417887995,1816.1845927005998,1968.0711137382248,1826.3420333469014,1805.5391277079607,1854.134657800298,1787.795992345861,1875.8567150290312,1888.742201477348,1986.4740626351274,1978.3707795166395,1910.2549297028063,1497.9411132717164,1804.2517971880336,1937.8300310604236,1828.6669347773354,1804.6328757805447,1861.153465290104,1869.5950202288834,1765.398166039654,1728.0717216314283,1796.5398047784934,1894.081244435448,1879.990118986994,1613.5766306776138,1924.7618649060632,1814.439433157714,1797.0537164833695,1830.4169865520025,1802.8495398196303,1815.199728263377,1833.5621357187306,1810.1875324173488,1821.8486786055114,1820.1077725467203,1845.7481273137798,1809.0136995953142,1856.475158934562,1816.7736040495556,1815.5617717826278,1784.2698021880185,1841.2833487367736,1788.2704751291253,1817.7052928797277,1815.491887866383,1810.6657492424417,1831.5254838269716,1780.7818380729068,1880.6644401815145,1813.514777878314
photo_fish,1718.9334112539696,2063.619165343991,1870.115477998605,1984.6827956685302,1765.2070769425538,1658.6343654833588,1666.2967873593823,1643.8673554532345,1333.1608719204673,1721.8280847551,1858.5189124405663,0.0,1644.8926339716531,1810.9988984929753,1598.9569621088733,1517.8923700413063,1629.1926032526223,1085.7231497860273,1493.1550474816938,1317.2615217502753,1926.7543038279211,2033.1727198793797,1606.5744836556462,2046.0036651816097,1776.8073979449268,1853.814953913034,1047.6354474812306,1591.13011450663,1876.320094443908,1518.6497202853977,1850.2179670583284,1955.1613574164098,1393.509877047807,1825.605576791348,1640.8955165415296,1130.8086289099774,1722.0616523981844,1488.0305821887703,1501.6292700925692,1605.0027245887504,1562.9832816353432,1120.1155964615346,1310.55603970771,1535.9079752434875,1110.1721755001988,1661.0021869417797,1301.9229334646534,1772.0676454128416,1934.2043721755686,1509.719520891076,1128.6409865411877,1794.309684149217,1806.1480119278515,1832.8348011780777,1943.6464230443194,1802.0726211468143,1541.4127451599666,1811.2651568699043,1804.9407633730782,1124.4493691586156,1970.5627224094503,1504.0456355717158,1569.5048343805126,1639.1668752490598,1518.176925198155,1159.5012962374806,1430.4498684068362,1421.5171205849776,2006.8185518647258,1740.6218864275693,1368.1626757230747,1741.834811166562,1195.0986601337938,1116.1143916430565,1175.7523870849543,1160.1802680377004,1158.7507758185513,1152.475150821415,1147.061305400173,1145.9306796430733,1132.564872303642,1225.8021543547072,1140.6452668379197,1178.3348443509235,1168.2447718530673,1140.062908151368,1168.6398845033157,1179.4943425049014,1100.7734718709817,1191.9017030240434,1144.2807191879006,1179.8181267802622,1186.1890558994291,1108.6154383767403,1267.9489559692865,1210.7088031963385
photo_cherry,1354.93130944395,1676.8212140945018,2053.0121905893106,1801.6680141904803,1374.9517045449184,1573.378459350001,1338.8225291254432,1472.6469790982985,1653.7627523216738,1784.395839888891,1960.3920354203915,1644.8926339716531,0.0,1331.6708352999383,1614.7223017857336,1540.8995483494807,1464.2764206458392,1676.388445385679,1746.704864857639,1460.6404971900374,2013.048808077345,1794.4591333607925,1508.9574453818313,1728.088442963977,1681.5126948682828,1545.907741274564,1652.938784854434,1663.8427874903398,1429.5488934665882,1485.2742389240436,1693.3928794425763,1529.3978251557087,1637.014247805772,1730.5814850839083,1441.865402059025,1488.6668931547358,1491.3000938597513,1300.4249027781334,1693.016370225982,1525.7625767298355,1436.856798843173,1650.0636667374868,1476.0825950936296,1542.0284152038262,1652.0034781642187,1726.7935052878165,1470.603326926703,1498.079549047489,1706.3998222142013,1549.0607878552207,1638.0912690267323,1807.877804469253,1406.4243571486252,1583.836550085967,1551.4408365209429,1519.5139374067328,1540.6973966986982,1544.4912328223509,1674.936340962083,1606.5313481791113,1575.3662036134158,1342.0789598328938,1579.1752156540967,1544.1946483615504,1527.2567258115953,1675.7387817998917,1602.8574415801504,1504.333193891558,1607.8203729998213,1488.4143346030987,1670.7776949784884,1421.8678463514527,1546.389360698706,1515.0868979206145,1536.8504950449073,1626.1452065159783,1631.3114977018643,1616.9899087385168,1549.4743681577622,1614.697948292203,1588.562250290724,1730.825201990845,1558.4128174678244,1654.520746238807,1612.1647745824573,1551.9111297048091,1573.294564195447,1600.7597723466936,1578.7135644602492,1523.4316225984162,1608.548092108765,1530.7770641252928,1580.9605295284384,1585.583080453548,1736.081419762268,1553.8966435568284
photo_tree,1388.47975385148,1560.7272361854632,2069.573010518702,1653.7706445448848,1341.5547723512088,1670.8410194825055,1545.4455248747026,1648.783228104256,1708.5130178839456,1758.4440611628786,1847.1414322798169,1810.9988984929753,1331.6708352999383,0.0,1698.3404798335946,1679.6406289279546,1425.0052574411461,1791.6539478664617,1803.9462532266148,1564.25522484069,1939.9797688990461,1507.9481986398691,1452.024874393777,1577.487177125209,1609.786476837813,1450.6044688062962,1793.1971043817534,1609.5241882193932,1317.0656100659057,1548.3795810958602,1782.7528291582214,1329.4476222993185,1651.6766456434377,1676.8508981569848,1446.9658983545894,1641.5845932149587,1388.9700892694186,1308.8406756232607,1775.7635454264503,1626.5649011027326,1468.5554252880281,1792.388835302515,1575.8881290514685,1503.8633808303193,1798.341381261779,1678.4454105930943,1553.2149013006106,1414.0858701796114,1582.7597053476202,1627.1646831649302,1801.6820686955707,1929.637877345548,1352.8726265043597,1586.9453496088736,1367.602373624122,1596.3674903926242,1631.2075102105716,1550.8473511228676,1596.9827584713403,1777.7071109668057,1466.5797435563932,1476.8868004066126,1685.172831806997,1650.685006667944,1614.1492181807803,1793.4372362036472,1678.1068703771318,1578.6974800913254,1473.8650408603255,1390.557717735031,1645.4432260845927,1508.1003786261151,1693.9950402000482,1667.2509754527541,1678.4609942647144,1777.0054413368173,1769.5842042442969,1773.636733400439,1718.6953577910513,1764.5042586288832,1754.7568800909028,1874.9717388902855,1710.2568594779427,1798.4431208524406,1756.9962761808256,1716.6120922473983,1725.2694697697932,1748.1486938782878,1732.295598327288,1679.3602609491254,1757.6239847994625,1683.6876136362375,1739.7519856925196,1741.3240475532878,1865.2112381285551,1724.8266762230057
photo_flower,1536.448909306826,2052.256942636477,2339.367065784002,2174.110771133358,1479.961941564923,991.4488881974318,1496.620123140523,1133.1994255222005,1603.3143038260387,2067.213594846257,1804.7437701783656,1598.9569621088733,1614.7223017857336,1698.3404798335946,0.0,888.4208016726595,1096.1864795050828,1546.734627156698,1957.2630072079185,1732.0434766774313,2297.2230606110816,2121.685799817301,1858.0882544810224,2092.4889895915317,1596.7279939022376,1830.936542339738,1557.1894644928554,1815.3493802725488,1453.5942087913343,1049.2774104887612,1290.7666309875358,1616.2929346164665,1587.0753640304874,2003.426236517066,1230.2493151397045,1561.6942395647964,1878.531703502486,1206.0597319029935,1219.4759529055939,842.4146331874657,1217.2024520122734,1579.4800796368652,1721.6714364546378,1888.370193531572,1518.8666126878497,1983.266851833996,1597.006561421451,1687.4981223161992,1854.3254264093175,892.5138053790707,1571.7138351218414,1209.522829005909,1377.5933265351784,1223.3364744533783,1565.7222497243995,1147.8657264133392,1100.7350279492523,1864.2398181901287,1535.2193028580946,1603.4445155893004,1710.357954454399,1195.594184452241,936.1795596152456,841.6981183702588,953.3153801333925,1549.915412543712,1832.6090766543466,1812.4377440797898,1556.485103508015,1715.2632515768942,1579.39001336712,1491.5597754592704,1314.6667629425351,1383.3026883113562,1349.359572931383,1441.7620793126034,1549.1956096709532,1549.7546206242846,1346.6180897829788,1554.6154297899125,1511.3193259101943,1482.579598130324,1436.011594724453,1563.3833888190559,1541.8252775026494,1382.0420612327603,1363.7123539761906,1551.8581912504067,1504.9958037776044,1243.4621121279793,1545.51781697748,1286.5142626282363,1373.067347270687,1510.7340681899532,1579.9207169945166,1348.2910313767397
photo_carrot,1481.2724183079843,2048.1306346432725,2310.903600230257,2135.427123337543,1492.6765929381415,1028.2839773676565,1387.7125935136723,1014.0652293294938,1594.5460130782237,2066.4475183735517,1851.3434393565665,1517.8923700413063,1540.8995483494807,1679.6406289279546,888.4208016726595,0.0,1125.827152432856,1551.0913632577865,1976.7728748300945,1730.2360503360592,2301.9159080327263,2107.448157832802,1851.5421640962493,2113.3133726523165,1649.7626639624264,1874.2466849501764,1567.2779767383638,1829.6884917334999,1486.6618623172767,1030.8032067027973,1318.1993556988218,1659.0615895558756,1617.8104506459254,2003.1513705766824,1265.34692356576,1557.0301758065195,1885.2868122483603,1211.7996288063446,1270.352968893253,820.3885760669975,1207.6873199284046,1589.8909774518902,1721.4127781960658,1900.9305427154497,1488.6077201756123,2011.2645017035143,1596.4393397097595,1699.0052667776001,1884.0778677015026,949.7493561764378,1559.1941921402565,1270.0086087549694,1410.8584110879797,1239.3153247951436,1587.9131792930866,1134.1266089272333,1109.4048438937502,1858.6507204231532,1569.3503880974154,1592.0305295249107,1725.6952098091776,1183.701304720544,961.8617107627953,838.0270906977775,947.7969091053116,1544.5417316467954,1830.3561337507508,1798.747845223891,1631.6051906466623,1713.4503603998717,1603.2590610848636,1521.0086599567085,1299.1609145551863,1375.0008697896105,1358.1990980610271,1449.679223795218,1563.623170207863,1545.4966425890327,1352.1567819167283,1559.500680438058,1516.669410474954,1476.0530115488618,1449.7933708090486,1549.5949331189538,1551.7778625003457,1387.2047563621943,1357.1105651351807,1558.4215654210034,1509.7879594098001,1228.5769319283957,1556.3261022072243,1265.9826442376325,1365.5069325443094,1515.2527175878324,1589.8470822501122,1346.6693367433725
photo_watch,1327.4821244503505,1847.0553257074932,2256.524710169937,2020.9447857345046,1436.6926563022905,1170.8851332849115,1422.3518808522383,1180.493681804975,1550.6561368262278,1928.3558138075439,1828.4315343274404,1629.1926032526223,1464.2764206458392,1425.0052574411461,1096.1864795050828,1125.827152432856,0.0,1596.680694300094,1895.437971129804,1630.4439776537208,2181.4167029087444,1938.5506098197584,1694.1052309784288,1914.171940072058,1521.147830729493,1692.6398799269268,1607.4216917198066,1681.706863861489,1278.0538527702956,1072.7631860413223,1355.4412700317664,1478.4945669364133,1478.6246217958987,1867.8727854398157,1141.648917002636,1505.366520986215,1710.0946445693387,1027.5929350677263,1313.3984453451546,1017.7875942979505,990.0849049030021,1598.7664779919673,1631.2164833347647,1730.620025811306,1553.148445852891,1852.726121035209,1525.3967005785908,1494.224143098298,1763.105360395264,1054.1708027370373,1585.9890701324803,1430.727535234653,1250.5620976521561,1139.1919499089984,1366.0494010732073,1109.1051268824974,1172.5293846723546,1687.7352463095685,1518.0006639226672,1588.0690104486914,1571.9872643559543,1192.336613581359,1104.1352548959803,1062.6339435901568,1024.7517946108915,1584.0816621489423,1775.5631307002543,1677.3735697373218,1494.4684617791406,1510.245023000445,1640.2021694492594,1283.1117481583456,1337.5499116778021,1383.6276844493666,1345.1462619815616,1482.2588468262766,1569.0243518624336,1551.1822875346882,1368.9610225750798,1567.0934687803215,1516.5207581011534,1532.9969884454888,1430.397606341212,1571.7579583660777,1540.0654275774243,1401.1977729443713,1388.802925657436,1546.4282861756299,1513.584618500601,1277.4451785204344,1545.253570696398,1303.4339140651712,1409.6795313628115,1521.7114947287077,1614.1156793777404,1375.1627367456856
photo_key,1754.760071557471,2042.732019044471,1880.147542070631,1960.6910103932769,1711.8381862745384,1618.5389664679303,1762.7097531725412,1665.519474120266,1178.9343526576217,1700.0849842487778,1761.055663376165,1085.7231497860273,1676.388445385679,1791.6539478664617,1546.734627156698,1551.0913632577865,1596.680694300094,0.0,1472.534483077312,1300.893987605198,1891.4762312627863,1994.079197392235,1608.7396523629352,2008.0964771832632,1739.0668300958769,1740.7038117246827,807.6846760455871,1528.2898809396434,1792.2862371164633,1481.9676128818655,1834.4130425342273,1828.8235268243436,1193.1700711661622,1698.373171847751,1544.7140771776076,1054.9410801145295,1673.107761675597,1423.1720006300118,1425.5045025687539,1544.9203079616789,1521.9673871526486,700.793413029666,1292.34286927305,1484.1310035321537,1039.9300024041568,1554.7718892576327,1197.5875665928386,1705.9974871856216,1778.1518182006334,1437.832279369972,888.7399901919073,1674.4882521077461,1718.979802891524,1749.8891214077873,1865.1072196567122,1717.054362490129,1377.1221178301219,1710.671423416808,1699.6953046899748,1072.4644802635858,1833.0360752367608,1446.765467973073,1520.959776645243,1570.9815154930716,1429.291635084057,729.2555965220075,1350.5522239727861,1342.66058382318,1910.7716233328526,1650.7773867347407,1294.657908336596,1661.8895748252833,1043.7967951243886,978.435729068935,1013.9463084864572,923.1572874061993,871.9671972760905,905.2245618983216,1011.412353464428,908.849597141895,884.5688689368532,990.2103193697499,956.8041291531895,950.1505066543551,908.1117538141884,965.8112326093978,999.2704666725198,905.8402090268102,859.1610231041058,1077.0095301970712,887.11143553599,1049.3272487271654,999.2646566002359,859.1922675422571,978.3652292129071,1026.7558723857892
photo_truck,1801.8032419381727,2005.3399371301084,1452.737364247342,1772.8085865618543,1730.6498977629462,1965.829113747223,2008.5334217333693,2017.8638193395868,1578.754572222774,1555.8185925469152,1775.3896654053367,1493.1550474816938,1746.704864857639,1803.9462532266148,1957.2630072079185,1976.7728748300945,1895.437971129804,1472.534483077312,0.0,1231.1525512556389,1469.5440921589147,1827.3187446010918,1420.6654182347336,1850.8328828657525,1677.564656758966,1707.2893620186019,1395.897779753771,1452.4865168713886,1920.2994823368347,1841.8580895206214,2193.1755949551093,1904.9183323321163,1472.6069188645524,1580.3800113754312,1855.6106287871378,1406.5872316455936,1529.575428875286,1704.9269549277235,1851.469590060111,1964.917231445354,1889.9201710429468,1427.8963280314263,1073.1609206606051,1270.1973391212703,1490.9254805759151,1273.5044036206657,1312.5155424515674,1805.958392243284,1769.104741076537,1856.4985250115826,1501.073143064601,2093.393962612409,1804.1787552199366,2084.6077469869692,1939.2047008068623,2123.70727597399,1926.038992707993,1721.657382855594,1882.410297068535,1385.108463398751,1939.09702740908,1680.09250032103,1899.4750779377048,2000.2244200011555,1939.0155647771885,1502.0950283084576,909.8608693241576,1276.2970949319638,1991.6200458682556,1762.3831442933204,1486.494190186798,1877.97136918504,1629.2101051264335,1551.3970759655733,1599.4783424071798,1572.8992197518135,1495.6712662351529,1474.2984338998326,1621.0986930913054,1492.2488163324201,1506.8117221048099,1640.8201920416889,1547.5427183818335,1522.750500203558,1496.1124584191828,1594.1088002167717,1610.047905470962,1502.5213762052388,1485.624535213543,1643.0425075509827,1477.0906554446547,1626.1089791058625,1620.5006456656845,1471.9022522604428,1579.647044486272,1621.2315674961526
photo_velo,1598.1973221362468,1865.1829809877665,1661.255523175477,1729.3134353037253,1505.7375768837085,1751.5472405031958,1747.7711928485303,1742.7197814530612,1384.1860630019098,1459.0678775761698,1783.301773013327,1317.2615217502753,1460.6404971900374,1564.25522484069,1732.0434766774313,1730.2360503360592,1630.4439776537208,1300.893987605198,1231.1525512556389,0.0,1677.2512296033199,1790.943499884274,1275.410601255543,1690.2525782199366,1472.9307966011872,1598.1516815182224,1245.5059416907561,1336.0507306043846,1622.814832175454,1619.2495424591891,1959.9347665782054,1669.8201362966863,1314.6438469910033,1498.2990249384036,1565.643511962979,1138.3636980335268,1348.403473112032,1412.148919712579,1687.3386443521304,1707.9886316610703,1574.197887036143,1264.423494030844,1006.5745492335241,994.4535391420618,1336.2255247262485,1293.8110424134015,1082.852981137785,1543.7394593840881,1639.5313681390219,1607.3261729212406,1283.6766528137762,1922.5673185161422,1545.1422659820207,1789.0292285704238,1719.3100586261276,1802.3909773472665,1650.223724600535,1591.3125473293612,1661.0003409393328,1242.104761223907,1676.7022693600013,1397.3829929715805,1666.0884147508368,1729.697466098602,1667.122176089923,1314.7654058385301,1098.4207731507222,938.2106786637441,1726.0045069770922,1525.4125650292176,1295.775958024993,1578.8253305548271,1376.4759472853914,1259.17063568443,1325.8528959243783,1338.9334471597133,1291.3697474707315,1271.3781672599591,1349.2479039667928,1256.7558996329747,1275.9399425174986,1447.5973355700085,1273.0500607349652,1324.4017520486918,1277.7033861583839,1301.6236601243643,1341.640905314345,1267.1576542697392,1244.002356071825,1359.3386771517426,1268.6403100178813,1351.323899259541,1344.47662048876,1251.3314582135224,1408.5267529235532,1353.703533645129
photo_road,2031.3885156968643,2009.8150272722469,1354.2135325450809,1683.599842778106,1991.53119893336,2303.187263987507,2250.35552563391,2308.911407705421,1863.6147035754436,1635.7856943237111,2036.0731184205858,1926.7543038279211,2013.048808077345,1939.9797688990461,2297.2230606110816,2301.9159080327263,2181.4167029087444,1891.4762312627863,1469.5440921589147,1677.2512296033199,0.0,1893.6459347445857,1616.9091647603723,1925.3090979549704,1941.652691188468,1867.1743944308794,1839.7119793227798,1665.8774392715218,2132.280618646268,2158.85158549473,2477.9501087149592,2091.2802734654592,1764.1607437797672,1712.457734910553,2147.89867578997,1843.0766072946424,1713.5253683304238,2005.3666061088204,2162.892796937449,2299.0397040740745,2175.497407032619,1868.5422202016211,1656.9043091386145,1567.7382000254877,1849.876304134605,1378.7926027239616,1777.3887034020838,2010.167803321969,1910.3082984722223,2210.4787929469785,1932.0400048501072,2425.5196278406365,2063.8130184243314,2318.687894555024,2167.3271172593168,2419.1775250821925,2279.447736858221,1869.1596441828967,2220.9081812078944,1834.2611864910084,2111.314237863411,2075.908779644625,2234.6789535686817,2326.2748284339527,2281.5293106817785,1923.8206337917186,1524.8892681408615,1626.8728497109712,2219.7303131599883,1947.4702743622263,1887.3421582510966,2181.1256989111844,2039.5428752221517,1991.8082404124063,2015.0093471963296,1987.3967260063127,1930.517855374778,1913.9913277442251,2056.2323655891405,1941.9778449257149,1937.7782473648513,2044.547867060752,1962.7363153285903,1945.8991961833892,1917.4787598448677,2024.1634823797654,2037.939100306214,1925.7419415925579,1928.9235927902428,2072.0369890367533,1919.1654719936287,2038.1134612485575,2050.931380898271,1900.0859866159128,1959.5798984193798,2059.5418077403588
