,photo_face,photo_profil,photo_eyes,photo_face2,photo_walking,photo_standing,photo_hand,photo_legs,photo_bird,photo_butterfly,photo_girafe,photo_fish,photo_cherry,photo_tree,photo_flower,photo_carrot,photo_watch,photo_key,photo_truck,photo_velo,photo_road,photo_house,photo_mountain,photo_windmill,drawing_face,drawing_profil,drawing_eyes,drawing_face2,drawing_walking,drawing_standing,drawing_hand,drawing_legs,drawing_bird,drawing_butterfly,drawing_girafe,drawing_fish,drawing_cherry,drawing_tree,drawing_flower,drawing_carrot,drawing_watch,drawing_key,drawing_truck,drawing_velo,drawing_road,drawing_house,drawing_mountain,drawing_windmill,geo_face,geo_profil,geo_eyes,geo_face2,geo_walking,geo_standing,geo_hand,geo_legs,geo_bird,geo_butterfly,geo_girafe,geo_fish,geo_cherry,geo_tree,geo_flower,geo_carrot,geo_watch,geo_key,geo_truck,geo_velo,geo_road,geo_house,geo_mountain,geo_windmill,word_face,word_profil,word_eyes,word_face2,word_walking,word_standing,word_hand,word_legs,word_bird,word_butterfly,word_girafe,word_fish,word_cherry,word_tree,word_flower,word_carrot,word_watch,word_key,word_truck,word_velo,word_road,word_house,word_mountain,word_windmill
photo_face,0.0,1851.5299144836601,2412.1685665065056,2006.7419597261926,1775.9295751749462,1751.9297946944134,1642.7799638075528,1634.5867343309778,1936.408632496204,2105.8482139113466,2253.1447651849107,1999.4015571447428,1714.3642006981938,1709.9426521779287,1813.345555355925,1752.307282635368,1628.5389506231115,2037.19075980064,2140.337765165027,1914.2804662595313,2502.7010274531763,2079.5220688785716,1998.5239322596933,2060.492608399556,1911.8959502595328,1935.413228415309,2044.9983400229357,1948.0284378553918,1797.5317813176773,1732.422969453468,1961.9570603886323,1848.147341435806,1914.790367176048,2074.833843767302,1843.1065615394712,1947.34456616887,1950.926722770866,1577.656999143475,1916.6650510379313,1754.2751529920183,1644.9008141710742,2057.2447419951063,1962.535453311374,1983.685351893997,2021.1596357759977,2128.9094692954413,1984.7956407727427,1940.869059823135,2046.4473266240586,1815.1328772873871,2033.8242457630895,2085.7075201039847,1771.9757951195563,1837.7276643946475,1847.2280194153873,1818.5293543331118,1809.587189784009,1921.4315043136457,2141.403850470481,2033.0211629939304,2056.3738705619403,1812.2142940471565,1814.0651798334277,1804.4288429622814,1835.8245739834404,2057.318804216992,2074.7607199900267,2012.8189617121184,1939.784979181252,1950.8520204700571,2084.1003015544215,1800.7928682332818,1932.001257054544,1985.6285928406442,1937.919399488499,2021.0218634772696,2162.515933883941,2188.124951619006,2001.0852959580036,2155.913974740313,2083.353928493166,2147.988908406013,2007.0659075005428,2201.794779641471,2082.112645910086,2011.2813734683352,2016.1729521808986,2089.4244676884173,2090.9081667134433,1898.6229881982686,2149.742183125223,1907.5886463784248,2011.8111408940474,2091.2430875327445,2198.4873089912003,2004.2657281729782
photo_profil,1851.5299144836601,0.0,2496.9085196361366,1900.191366523484,2126.8557377723005,2326.595927262547,2074.1438929984197,2254.587709853672,2199.2637360306653,2162.055622323266,2436.622664472761,2347.8124667096563,2033.399290563252,1923.06458104686,2337.948163938596,2327.6771767766954,2148.8629708031426,2339.9801543701196,2347.3290921668445,2187.243721155989,2497.053892326117,2001.1150442685466,2246.705929506539,2081.66968161309,2275.536310973257,1878.3338576013969,2327.70431906337,2126.007486232672,2153.5041002302155,2213.315974194569,2368.692277779949,2060.1112991061073,2235.6910442647068,2172.7809389233294,2191.0769618192794,2286.596037182039,2109.815783532248,2118.864192454165,2274.1134499609034,2313.583939859802,2162.2361302672457,2357.702627432561,2282.5583890200164,2139.935320764037,2309.298653583923,2162.232788462379,2331.6411875313265,2111.447433167192,2078.448976019318,2346.2656873829474,2343.5672659164807,2505.1214113894366,2174.083661952685,2238.8144710450106,2186.150764582878,2315.5259110658403,2319.8472910775236,2015.2674677334414,2424.5804336522447,2325.832087213244,2305.4993121902758,2267.486754253963,2351.4315548272325,2344.1243177251827,2351.869815735767,2381.5096574702825,2319.3365786437857,2203.544391695886,2219.720249462952,2054.7948273600628,2399.2157445313087,2184.306949531584,2380.9918494675353,2392.5384071405665,2365.0908220620677,2381.3536125926657,2477.420311498484,2512.13471400518,2417.431162032385,2501.6610901635518,2425.464897930467,2515.835656940865,2391.3239703510258,2522.2117879491966,2422.8274977722517,2435.40367578738,2446.08325256092,2425.8518584785747,2426.6631424886077,2407.4615698828293,2477.6009087603065,2367.5537463310375,2455.950812449744,2413.219410148304,2525.6520170418967,2445.28294449533
photo_eyes,2412.1685665065056,2496.9085196361366,0.0,2163.952660008403,2515.534055114738,2734.898995467436,2672.5379715978975,2712.6843743229774,2270.8554393269906,2119.2446949032465,2471.119071413167,2287.951687467842,2472.530976431959,2492.3494227552874,2709.6878057487793,2666.2011107528315,2636.403449479084,2292.079035875233,1939.121593571469,2123.062392590991,1816.794370117681,2408.1545623673405,2180.8649094295783,2503.9109090157585,2374.849161928217,2431.991438396556,2232.84390144483,2162.720787620157,2673.097767871955,2620.3668257025506,2955.0664324887507,2644.5273902652452,2218.776447686232,2274.8162141874664,2650.9481364296385,2283.5992195361537,2296.317527859273,2495.5227083374457,2621.061452309525,2716.0223369685386,2622.919081368414,2280.787149887523,2161.226325196761,2117.619547808723,2292.985238951408,1927.7210054608286,2244.1158136777735,2567.194041194758,2508.5299508209123,2648.3400086668566,2291.956794338056,2872.19686609988,2588.9822755373148,2796.797574316387,2690.1734409799724,2871.64755726352,2714.21206305478,2372.634032702105,2697.32834856674,2241.2898758001766,2666.5474200098747,2541.4585377865424,2667.968125409094,2751.1612319585793,2729.974749454339,2323.243201380388,2037.8800270492263,2156.632727853188,2740.4794225339388,2510.3100013451476,2336.6639254144884,2642.480649923609,2461.68049776349,2446.6780225670145,2451.0279784650947,2410.7253517426293,2432.4265552612414,2443.991157836673,2486.108943141804,2432.1597788382032,2406.2808074149725,2493.426320455806,2403.2778753492944,2460.7870283999414,2378.792834299571,2474.8876602502824,2490.041182996093,2396.5114653880955,2415.5167261363154,2481.083630416043,2430.4581285438985,2448.9007177730673,2484.3278447539683,2387.268110892698,2460.39140355074,2503.8811812179674
photo_face2,2006.7419597261926,1900.191366523484,2163.952660008403,0.0,2136.8784629822694,2475.246121767366,2272.038132451058,2403.5281913530757,2079.0302255716488,2040.2552830438017,2304.672400428162,2303.6878519308607,2176.131097894048,2051.7620532589676,2477.592438020718,2428.9736120273315,2339.9454806651393,2289.737869569737,2176.8422024556876,2100.735269101387,2182.072382308918,2008.5274787682881,2133.4482602113176,2161.2917117098764,2217.102796777761,2016.6720786925857,2278.9160347716243,1949.485467857874,2266.1654153759546,2353.959414354538,2577.0421454155,2180.1240430399093,2135.220263866192,2002.7712478301635,2334.1456440798725,2266.1003988472644,2054.5979685663665,2242.648922681852,2413.596839234418,2463.409933128694,2343.107025091085,2310.7100330573344,2182.7435925465243,2062.9691182368433,2279.0655264976635,2026.7310553306395,2259.925053210961,2212.8847148996538,2135.8041446020943,2448.4605669631746,2316.40694132451,2591.9691155275764,2239.095081531495,2420.2149814904897,2278.3944073908588,2523.380171064409,2465.9133556782317,2017.2521171562441,2435.7191038398837,2291.374880990881,2328.8892309270636,2358.7095383177775,2449.9082799583225,2484.658246837761,2488.577923149994,2325.123185916327,2148.2376771758736,2121.0856364655224,2337.188507918823,2166.3673391767475,2266.600638406646,2349.107274335708,2366.8488462080973,2375.2273252643954,2371.5380158466455,2349.9545619379323,2435.2548881997946,2462.9415735105213,2407.109702379682,2455.195540314313,2392.1111438523244,2474.782442547255,2367.7951951880127,2475.026541484667,2390.1115729507246,2412.447826958834,2412.970384542178,2393.575079255135,2393.2334772243316,2388.898419297309,2442.787217393388,2358.4183394514534,2424.3921379998374,2368.5986609845513,2461.064992000984,2426.5189700459755
photo_walking,1775.9295751749462,2126.8557377723005,2515.534055114738,2136.8784629822694,0.0,1694.990413922803,1843.5160842777732,1680.1688319656382,1900.1118501264957,2114.0920592543102,2030.815578535034,2004.681469609492,1680.6098685379159,1667.7957173793188,1732.048694951821,1736.7199465168076,1715.5822719195664,1969.50302113296,2058.0235227868193,1794.0769309791174,2448.179018460997,2106.9746666664087,1726.551608047953,2047.2133705407937,1771.0680662557922,1905.9026955055654,1997.4925530181135,1965.1413447249868,1457.048223734286,1773.7644764704264,1995.5970585515556,1702.7420561338902,1913.2927980914544,2024.7287832330107,1608.335915470025,1920.8254455875992,1825.4363440371064,1600.3827721561902,2004.252002540101,1681.319108735091,1794.2639512169685,2019.566662226642,1832.3964784681698,1851.1175138517963,2041.3980232138751,2082.115194018733,1725.3697176661847,1847.8588368985168,2054.644098640853,1734.5043840901426,2029.5706904388692,2023.1174315501044,1547.6134552319268,1760.5474222609425,1722.3743089285022,1724.603126593494,1740.6390481609671,1989.417491837187,1773.2402698081148,2053.966131701924,1687.2103309227798,1595.3211454492673,1814.1983779160441,1724.0110227500568,1793.2043677317217,2016.2984751187523,1984.3871798461878,1911.3415293490114,1763.5390062707381,1967.657340064163,1826.3393625633887,1840.775557456583,1919.2042427090798,1955.1774402161948,1926.3941682242462,1985.2351873904604,2102.133135838666,2134.1366336272304,1967.6281118974211,2061.3209020671493,2047.4892845363863,2118.092075181734,1973.2502588906832,2130.124876662602,2024.2901720872314,1954.476603520321,1968.8667212172056,2037.4722615734902,2042.1694477915312,1867.4496024993523,2103.725242733684,1902.2030997956776,1934.8295284885871,2040.5702480580608,2155.871096634067,1934.8660802114844
photo_standing,1751.9297946944134,2326.595927262547,2734.898995467436,2475.246121767366,1694.990413922803,0.0,1699.3430020470855,1348.668558190079,1975.8655705662834,2323.280350291215,2183.7253446587074,1939.331830702529,1879.145700655761,1955.4764442903686,1301.9933449980306,1316.8374902404307,1474.4499861159118,1918.116784690202,2282.2728699310474,2037.0578988254556,2714.4631991956817,2414.16175570145,2106.381672853193,2240.582176761071,2004.5178582405056,2165.1517781931025,1970.4304252433358,2144.0674461279045,1757.1040770759946,1384.1322523780022,1651.986102861428,1862.2450051429357,1926.9845096151644,2223.744238150658,1561.2063128181705,1924.0541465157235,2164.4002949375044,1496.4637160664477,1626.179895076805,1229.8243503447977,1502.1569597758578,1968.1165566437257,2058.3764743485217,2193.587026227823,1875.1365006522888,2325.5438123456124,1952.1845065943958,1908.494208871515,2227.6296625991426,1385.0715596286977,1958.1195347123032,1628.713188007147,1735.9785946229497,1536.1886443391022,1878.9877719119427,1456.462079508785,1439.2301736197965,2110.8356487144224,1917.1660125804967,1986.5858459865997,2061.6856206080192,1590.8961857638358,1396.1218963369695,1270.810640703611,1434.1843583286984,1955.792906077127,2216.228506021595,2146.1436016743714,1913.1264522181843,2077.2287678123125,1993.154268166734,1691.7720111099243,1773.4553516881135,1860.6745336747804,1786.672343670678,1877.2746922897998,2067.522074634892,2085.069467246494,1846.880869456278,2053.95228786417,1988.526546062738,1973.1948211329927,1890.571560314416,2082.9200100592375,1982.0616525238815,1856.9331931106606,1849.9724693561047,2002.8031013647399,2004.8486234385414,1700.1409415906269,2059.5396837384246,1739.775324210916,1832.9494494229825,2002.3845613741876,2070.775870995136,1830.204916842215
photo_hand,1642.7799638075528,2074.1438929984197,2672.5379715978975,2272.038132451058,1843.5160842777732,1699.3430020470855,0.0,1594.427056443856,2059.6352336873006,2269.013074613521,2388.6687942109706,1954.5212953640726,1677.7491832158946,1833.2224553400779,1776.4353529327605,1661.839412272249,1731.7959803359572,2051.8653159346277,2342.8210782674855,2039.77550356682,2682.1559307845487,2253.0021589164962,2173.5047391406683,2253.2003164363823,2167.691301993874,2057.8013371893344,2054.770232292981,2127.6001034198493,1874.905894281454,1650.2591608872242,1776.343165913331,1976.2501400508252,2103.5851265977417,2222.0308002715583,1844.5556449988658,1963.4830084183438,2096.7887576273,1640.8698635333724,1832.278377512872,1679.9558945260371,1685.929340005333,2091.805130433898,2099.0357053499747,2169.9956029969817,1999.4403039638466,2336.8619793913244,2063.9626738347483,1986.9400785460637,2224.5008164616725,1784.6718880305314,2041.343476275357,2056.3171280223505,1881.4913309501585,1871.2090910705508,1873.5725014065758,1754.0233509971927,1794.72934937537,2000.2255790621716,2191.8265794115673,2044.0436762858048,2170.16585580874,1782.7585356194543,1799.5366310841468,1708.2406589925492,1770.9222650161785,2096.9997489692278,2239.772236199951,2136.3137466854887,2080.159415899649,2049.365748482655,2148.522607559409,1817.4008854763185,1953.6396617708415,1978.3605771980276,1938.3591923210663,2027.827942836058,2176.694956443373,2195.832014390837,1986.022324709453,2176.6108364966685,2111.0118555862996,2137.4959525811196,2032.5803006387935,2207.6637972790886,2112.5713923366966,2016.6840239012759,2034.6250632314773,2112.202030623781,2116.2735258308235,1940.1468588163357,2173.862787567781,1928.4058218968835,2023.40640533681,2116.6552006587835,2212.185850291469,2008.2268402156515
photo_legs,1634.5867343309778,2254.587709853672,2712.6843743229774,2403.5281913530757,1680.1688319656382,1348.668558190079,1594.427056443856,0.0,1927.7490194371837,2304.0743818006713,2265.657737496104,1884.5455788629513,1761.5609154336696,1920.6446339704553,1405.5243791457754,1268.2060131987996,1473.8534630306183,1930.6836443303405,2327.13778990708,2009.2903996816433,2713.597235043657,2383.5632040452692,2134.6733156670784,2298.539428615245,1980.9649024366806,2143.9411438287607,1958.737423106055,2143.6570538506576,1708.919926937544,1476.5935880700777,1667.3751510157065,1887.4967159391078,1927.1071478801389,2257.3713252455805,1618.6722706794465,1910.8010542467193,2152.2200948244986,1478.3944525808765,1723.1508454151344,1350.1935149882231,1483.276321922479,1978.7342957186913,2068.3925419521393,2173.6611580891804,1892.1994065769754,2337.0602606930934,1934.1314764324018,1965.1093273934032,2199.4799375334633,1386.2751033930078,1942.4140945274105,1754.5484604168578,1689.4567913042727,1541.5290670574084,1862.5965852779007,1384.318837908063,1445.1294284560947,2088.6243523987123,1989.7034634803117,1971.9169740033303,2002.0748092172375,1580.9638760545351,1506.1415090178064,1371.2649760208578,1475.257755802392,1954.9406760871561,2209.4946718564956,2108.0014831955696,1963.296819114891,2051.07929238327,2027.8569868170837,1739.2391027505244,1781.3179180990935,1848.2919421699803,1792.5800232075244,1881.1782098486065,2063.854142835823,2077.052482997146,1841.6178642859845,2045.8019516508384,1989.9238726635583,1964.7282786935514,1891.395605517267,2069.2610366226636,1983.4303819213258,1854.6212834479284,1848.1448993005197,2000.666619818491,1998.7813352547178,1704.3613605307305,2055.2800014999243,1741.1016937322302,1817.355534572917,2003.7723071856522,2082.3476322978186,1814.1615684882643
photo_bird,1936.408632496204,2199.2637360306653,2270.8554393269906,2079.0302255716488,1900.1118501264957,1975.8655705662834,2059.6352336873006,1927.7490194371837,0.0,1870.1541490369768,1879.3854653570436,1565.0617117780273,1935.910074657444,1989.4075507705884,1857.9998222501072,1839.949724140135,1825.8340901693266,1444.8889067586397,1900.6940609956641,1671.3359825433101,2333.373079895447,2257.9868940025317,1907.5393962596486,2265.5252903842943,1983.4274675273875,2077.8205515477594,1595.6635695764505,1799.4800587602958,2054.1164255573945,1849.8650865182758,2201.291055935278,2053.4928091027573,1352.056862017219,2003.2889728206983,1850.2017601537093,1648.719736376604,2014.872868957438,1767.9872531548924,1847.8584087717115,1890.5840215353605,1800.2688296472852,1550.3535382262764,1786.1855642016685,1836.5945150187415,1628.6809316499134,1950.6746964249558,1693.6244875655632,2064.04344908789,2178.734712696521,1866.3853483919072,1643.803610461874,2078.1730958405315,1996.328437954033,2044.7429111096676,2182.80082884403,2052.3062866838663,1881.6207150951386,1930.7625078255132,2033.083593599065,1670.611312094375,2175.541551493811,1838.158228220426,1921.3837707773664,1934.3863404838785,1879.5799975519658,1521.0568338027167,1890.0790175335435,1800.1535894528415,2212.751121483729,2081.4701637583003,1823.9435444752455,1983.1110044218715,1678.946552525683,1746.8115506695174,1686.4207070583477,1637.18842206986,1808.6681946607446,1848.785299782578,1705.7038386089255,1812.6632758974106,1742.541952748772,1778.071722147511,1702.075745591178,1848.4806409516164,1748.6306890047367,1719.970022275267,1701.2478245823434,1769.7699161997978,1737.1872377866803,1704.0157360315504,1826.666115012891,1667.9422583970147,1729.6152270816915,1712.8831733291363,1829.3030267245906,1731.5456816327473
photo_butterfly,2105.8482139113466,2162.055622323266,2119.2446949032465,2040.2552830438017,2114.0920592543102,2323.280350291215,2269.013074613521,2304.0743818006713,1870.1541490369768,0.0,2284.9495167985538,2009.9435590727899,2084.758649605213,2080.586676407563,2341.3699272733293,2330.5996903197606,2219.6226905887534,2001.6881584733587,1911.2153507892597,1786.0517862231372,2100.9096433653463,2205.3365409892317,2010.9884814127881,2050.956146833926,2195.5301262574458,2028.27528376596,1955.4399770788664,1705.5892232357114,2181.8530459983876,2202.0690985923707,2442.303956814459,2128.6928791316536,1809.2489027499448,1767.3781616623153,2199.764210284097,1947.2445473474374,1912.3538937487474,2067.5580194609615,2210.737525278844,2301.9703914186857,2171.075418683834,2000.8843241293612,1868.6566847007782,1796.3272763161551,1981.1330774982882,1802.350223185174,1986.45333266301,2007.191422782995,2117.5987522699675,2271.8636054312888,2027.691226809209,2440.912843658339,2136.411773192161,2282.556091330757,2220.2536169396785,2368.954503289616,2286.945328332174,1862.9269343418296,2294.929330973142,2006.3174386557469,2347.13057428805,2148.282982115051,2291.272893766007,2323.134111575777,2325.9217695485,2048.27205943243,1926.083426118092,1850.328703090814,2318.8155472022554,2169.8166572294854,2069.706009964906,2116.299211161008,2146.95896696976,2129.2843916577535,2117.956960066281,2087.0624865017357,2182.692461890055,2220.5452191791037,2181.9217793208572,2197.631575264589,2140.977368374348,2226.8771619964377,2112.392301847861,2231.7143235932717,2128.4586390569534,2167.5263164370917,2190.685790466067,2138.8891915630843,2144.189905467393,2164.5578765856676,2196.831161906848,2127.450629709642,2186.796473525184,2119.1347105362593,2211.767779433629,2206.2986624504956
photo_girafe,2253.1447651849107,2436.622664472761,2471.119071413167,2304.672400428162,2030.815578535034,2183.7253446587074,2388.6687942109706,2265.657737496104,1879.3854653570436,2284.9495167985538,0.0,2134.0523237814896,2255.8065906420684,2144.7753264539556,2073.6594711979324,2119.8728701024775,2115.3866139745187,2047.9698738001925,2128.6774151036143,2103.158488009988,2518.2601240931513,2223.248651327739,2147.7695751007723,2381.9599488626345,2117.1122791721446,2222.3522575674206,2093.8961171925002,2143.148931967829,2176.2235293374747,2128.8635892810116,2385.376576229705,2075.281348530627,2009.8549607601983,2226.1491621914874,1966.0497872017113,2153.5797839200295,2150.282970521564,2108.2618806415708,2197.206666106902,2140.1153148149247,2151.5716487479967,2126.770137660569,2069.5648850393277,2101.8134108600775,2129.974461589876,2213.754367334721,2124.3883061897723,2197.4405973334806,2336.121461075346,2143.7064336140697,2132.2351891349745,2218.3277050793795,2149.0496350276035,2192.28361277964,2259.1475902682437,2272.056415863123,2280.1998110308477,2246.5256910327257,1890.7854718826488,2147.152875609668,2264.8783172014396,2155.8123446512673,2129.385866714735,2151.540737675126,2197.0179961793974,2092.915040921295,2128.3442699978564,2154.9194041809383,2256.7303684831872,2301.6881494123777,1978.5841941808749,2257.1229160348735,2176.9604361859433,2201.1548834719097,2181.537245616044,2148.1859792895293,2254.904731733686,2300.1797813701355,2193.2706153582035,2250.0210567146605,2228.334837419879,2238.1092633892317,2187.2900564728884,2296.5209383842694,2200.2690712792087,2203.107474389404,2182.34581286034,2235.6842749692382,2214.6153869012655,2170.3410181695526,2264.4087512215865,2160.024972386549,2202.4003741269435,2200.194408777898,2292.489045009015,2203.4526564601933
photo_fish,1999.4015571447428,2347.8124667096563,2287.951687467842,2303.6878519308607,2004.681469609492,1939.331830702529,1954.5212953640726,1884.5455788629513,1565.0617117780273,2009.9435590727899,2134.0523237814896,0.0,1931.2630227921202,2073.7736936274396,1847.71029925696,1757.7982439227205,1889.117060962559,1371.6625224771892,1807.016107398595,1608.0408077326456,2386.8794188846846,2360.557571309741,1878.5933921111566,2360.7343290481826,2054.656252509658,2171.1167809484646,1388.295313651839,1932.6609731453989,2149.7836660123066,1812.180030211521,2167.602903761614,2240.826615009901,1659.3281889873704,2133.2095760819457,1935.8072356334553,1457.1368673839822,2024.6637270487884,1782.16346191813,1836.7663555486627,1848.4424268737343,1850.1050742377947,1442.4874825216464,1636.1391804337286,1826.753237500451,1432.5699226569448,2010.5196716852108,1595.953874413961,2142.55747667885,2266.783215583364,1805.411150307501,1475.4349881270582,2126.583316927917,2111.4243646930963,2116.070122888408,2260.5458401701326,2070.825744770294,1827.7960214674504,2115.6815699944386,2128.6307327182158,1474.9893035647276,2259.4076195805496,1808.5193106067538,1878.7148974003583,1903.569762619939,1829.239188197864,1493.8127882452147,1811.266038624801,1766.218751254933,2320.5825990406443,2146.974451669491,1707.9768843284146,2066.6108151054377,1583.365435030715,1575.1320041646102,1544.0458869346621,1535.4540090584603,1658.2343954571145,1705.963388858599,1564.5518408435237,1648.411144346697,1597.8371939447197,1665.1779518135293,1558.0211003638642,1695.962443704516,1591.5326454229519,1577.7285350910179,1605.7189783970468,1620.156943792018,1597.2480554989447,1570.7546766494877,1665.0147503392973,1548.1219557294764,1597.6263891566227,1590.0211836778265,1736.4054325386671,1631.508547681429
photo_cherry,1714.3642006981938,2033.399290563252,2472.530976431959,2176.131097894048,1680.6098685379159,1879.145700655761,1677.7491832158946,1761.5609154336696,1935.910074657444,2084.758649605213,2255.8065906420684,1931.2630227921202,0.0,1655.8198769060634,1891.9783761741837,1809.6356161338956,1773.7562330435628,1968.9257005849609,2098.413766916279,1755.4960717495837,2484.7271847140732,2179.7838084093564,1839.3126839860518,2093.2765885905137,1978.0562062277047,1906.2190933459688,1964.2823406361,2017.3862751261497,1739.5115274044026,1793.3138659094252,2022.293921787642,1842.06612909124,1933.408432261198,2052.969121526509,1761.850186424981,1827.2386909030465,1825.0246343969022,1623.715951473574,2014.4074346484151,1790.0378597221254,1735.210515057283,1961.686459441715,1812.1631046492366,1869.4155254196114,1965.074775502868,2076.3377248597967,1797.797263157731,1893.9371727913972,2079.0955227389986,1853.7377937385158,1940.318437523361,2141.087145298193,1755.9366170567803,1892.899165146239,1924.3770167110833,1819.0709371344808,1835.1616804939042,1864.1270767850478,1999.7380992483295,1927.1752493594308,1883.9947159563606,1685.2837053768844,1885.9691970200115,1827.1584561903533,1845.6714110367925,1978.7868494219354,1975.6032781691372,1845.7469046757194,1960.135656184522,1922.6160917515697,1992.1299826013717,1785.0616128773092,1900.1129992341905,1914.0682592368178,1878.3873341422134,1957.2772984021776,2059.577003401217,2082.862687010541,1922.7060994475253,2038.3576864174454,1988.866361952967,2105.776701978345,1926.9474499004612,2092.763104600441,1989.9957831363945,1933.0939539151282,1955.993204354056,1993.4422234446386,2003.2845312831382,1866.2006512195665,2054.956257990509,1873.704619289374,1943.3975061776873,2002.158143226047,2133.758657646272,1935.8499302567186
photo_tree,1709.9426521779287,1923.06458104686,2492.3494227552874,2051.7620532589676,1667.7957173793188,1955.4764442903686,1833.2224553400779,1920.6446339704553,1989.4075507705884,2080.586676407563,2144.7753264539556,2073.7736936274396,1655.8198769060634,0.0,1942.5050526597124,1917.1080239188661,1690.6825330009867,2072.2278224931483,2142.9779909983276,1871.6246436901079,2415.728852852579,1905.1807440555292,1777.2851912762496,1934.232277375884,1913.5138054215477,1846.4043502553102,2085.088694485842,1966.3148154744085,1660.8690693665333,1828.4983926344798,2102.00388420513,1667.2886207493377,1953.9339746444264,2017.3237466166029,1764.019101337122,1957.0797727602564,1757.5736264931475,1577.9090137934907,2072.0073940245807,1864.8380299568498,1754.4699147634221,2095.1986691673274,1928.7476061867574,1841.53769504193,2099.176729456698,2035.4643098359425,1866.1489210047516,1799.2222520077705,1964.9720513593845,1916.7143384728488,2091.7076436178777,2245.4424627359035,1703.2112513612421,1890.6247658478546,1754.3541941567835,1876.2399443763609,1926.5851232478212,1886.498563358001,1950.2834745324146,2090.436975560736,1802.1232293145724,1763.8085698878926,1967.4771808302537,1902.1057860406374,1913.4647675783012,2095.6317791424717,2055.6073153070665,1938.6754422782965,1836.399033780464,1828.740152813491,1976.2148824463065,1844.163540396857,2029.0971904992643,2048.584701515968,2000.8185033947295,2086.2718142256213,2180.8200283097626,2220.8239503299574,2072.188672903821,2167.408761608576,2135.7104671708676,2230.377732597731,2062.23410838273,2217.8237587341796,2113.15572488641,2074.940687979054,2090.2073853129623,2120.853656053033,2134.252711792435,2002.603225657522,2181.522518902955,2003.313924067215,2078.6921028680513,2136.8913882956813,2244.4829434983826,2085.1716735809878
photo_flower,1813.345555355925,2337.948163938596,2709.6878057487793,2477.592438020718,1732.048694951821,1301.9933449980306,1776.4353529327605,1405.5243791457754,1857.9998222501072,2341.3699272733293,2073.6594711979324,1847.71029925696,1891.9783761741837,1942.5050526597124,0.0,1144.4339845582087,1375.4712362560251,1823.4356690207337,2265.4181213662005,1992.3012586417326,2710.0346652301355,2429.776297649119,2129.383837359402,2385.0951562495657,1876.0446646030837,2140.711020792172,1839.757499179177,2115.249206994369,1746.673078311804,1361.3651776052661,1630.1343642678494,1896.4629572524166,1844.6787404091665,2262.20912938281,1536.4415645862364,1857.693805813981,2149.520150034973,1485.0155608938633,1540.9401068353,1104.88822448137,1505.2660491225413,1865.3211873664907,2016.0813425272681,2161.2665364313552,1805.4399142605423,2289.869261453821,1877.9015513854752,2027.5158766601844,2159.08919360432,1241.0866902945118,1854.7028524941097,1582.3280880498478,1693.5022905891128,1547.339042997887,1886.5473089427478,1438.7145207066308,1419.3607781604264,2134.225525635408,1838.7008796121652,1908.7103550588513,1989.9000388913057,1486.9165204537537,1278.2528505892033,1111.281813495343,1320.4296780485004,1841.1086875677672,2157.782362671185,2111.0463445991045,1860.1395530077039,2075.7466177592273,1869.7923258328015,1794.1777518764613,1674.587494576626,1776.777910649868,1688.2623618587786,1758.6734494895022,1957.661685574649,1996.2972717039943,1729.607557213995,1949.4695244561285,1890.1860713878393,1858.3800298353563,1795.9110188457155,1982.138690999538,1889.9036940364635,1760.1502872440835,1750.5002493759764,1916.8015707375905,1906.7539027348137,1601.765664311625,1966.6679445446116,1635.878849322457,1727.0308530777102,1903.7704320686137,1967.8430059557888,1731.8034699416228
photo_carrot,1752.307282635368,2327.6771767766954,2666.2011107528315,2428.9736120273315,1736.7199465168076,1316.8374902404307,1661.839412272249,1268.2060131987996,1839.949724140135,2330.5996903197606,2119.8728701024775,1757.7982439227205,1809.6356161338956,1917.1080239188661,1144.4339845582087,0.0,1366.4509624794484,1811.9503051226066,2271.695732915668,1981.563254973118,2692.8587153236513,2417.5389930057686,2109.14212077041,2395.1196627968898,1901.9883633718227,2162.2384886003993,1829.674147392775,2105.7089930911725,1750.453487523153,1302.55180054964,1640.1767361519408,1909.8654627375754,1875.7767161793413,2254.5903243866755,1540.0537346806955,1835.608062485176,2144.1823782677366,1463.5338384470735,1562.9252119709852,1012.7750300520165,1462.3343719711438,1852.2048973269393,1999.000642852601,2163.4320635574218,1756.4480958618585,2302.1050663382252,1859.7906227134483,2038.430681710335,2172.4104838717876,1242.6928792981957,1817.2066353700018,1614.412198290708,1700.5722525548622,1528.1271833392314,1879.304181805743,1398.2813662915341,1387.6056860231358,2115.20702737006,1839.4717805482887,1872.6214456365228,1971.3439441162934,1422.3770887865287,1240.5868229393757,1039.5968874680593,1250.079656421878,1811.2522574339089,2132.3636856698395,2081.4078539950665,1905.0902331919513,2044.3679088324245,1864.0327481314432,1800.6015031575157,1621.6627131763587,1736.063108718398,1667.7159738708108,1738.7905335470293,1939.5417758527112,1960.7219424779578,1691.8446814378906,1924.973361909015,1866.8504116278987,1816.7852145499994,1777.68130174892,1941.8864798020397,1869.2378011010487,1731.0389058408275,1707.4583850689125,1896.7511085572903,1881.2555274698184,1547.071085767368,1944.9230923218554,1577.0740945609352,1689.50576419998,1878.0488657120884,1948.9081589272998,1694.8417022088597
photo_watch,1628.5389506231115,2148.8629708031426,2636.403449479084,2339.9454806651393,1715.5822719195664,1474.4499861159118,1731.7959803359572,1473.8534630306183,1825.8340901693266,2219.6226905887534,2115.3866139745187,1889.117060962559,1773.7562330435628,1690.6825330009867,1375.4712362560251,1366.4509624794484,0.0,1869.029948417323,2204.913437723737,1901.3955429323973,2607.1619113569745,2251.5832115349936,1975.6027187043305,2220.8062293809203,1786.0707327504924,1992.9360302828632,1871.3853928641997,1970.0445626559035,1567.1576601084898,1353.9748135505079,1675.1980339723088,1764.029322328321,1753.7433815537688,2154.9559825914253,1449.6813522038292,1792.3783777471945,1986.2120600230849,1292.231569556799,1597.6595022517777,1260.6566212041423,1273.3143362344194,1869.783267326429,1924.5108768568255,2011.1739118508426,1836.139522233858,2155.3390483733506,1807.3083007421608,1839.0236363592305,2071.6564371503036,1339.1029799651255,1856.8199735226751,1744.8600236514496,1561.4333602966458,1450.892444453676,1677.7487775686077,1401.3827787656974,1441.850124353329,1979.1653078261472,1808.1699518405462,1881.3180409277484,1846.2272701443217,1474.211105007943,1386.4140030803255,1314.7007923075844,1320.3869825028141,1858.5297178767482,2090.488108803643,1980.3828976502016,1801.4981912890737,1868.752981037364,1921.451836841106,1600.119517076563,1666.2713400117327,1756.6470768381296,1663.9163980654441,1780.8330819564849,1958.7267264321326,1982.5167607468186,1722.106359196539,1947.154696346972,1878.0815719309014,1881.5995090074955,1770.9484361621555,1975.4429252205214,1873.5326935402989,1754.5195746645068,1749.0404955462068,1895.74001538689,1896.9280552534478,1604.0240189000783,1949.2813963016479,1624.3285472184818,1744.401031529807,1894.3511319256127,1986.3086306024568,1736.7866843065854
photo_key,2037.19075980064,2339.9801543701196,2292.079035875233,2289.737869569737,1969.50302113296,1918.116784690202,2051.8653159346277,1930.6836443303405,1444.8889067586397,2001.6881584733587,2047.9698738001925,1371.6625224771892,1968.9257005849609,2072.2278224931483,1823.4356690207337,1811.9503051226066,1869.029948417323,0.0,1770.9062687002447,1572.7541515974701,2338.5378946989977,2321.8541326336494,1895.6795945669912,2327.2620457465737,2017.251837519854,2058.8731364658975,1157.0448410210688,1862.1800685913238,2073.138163618373,1776.466988623208,2146.096268805923,2124.364657950179,1477.3769126558434,2001.554168347039,1846.1030172122769,1386.6173449547146,1956.3122512828434,1721.7138760954372,1759.15692891985,1795.3451230602736,1813.7383254549552,952.7684313165012,1581.131445286954,1753.2029150839487,1345.3181415097336,1883.2258770379078,1483.2636621524714,2062.3686317283696,2105.9698729651395,1732.8266081602808,1221.7503910010698,2001.7499941554097,2030.3150782119,2038.0060468635731,2180.306432062301,1991.8590462159589,1663.1002701385953,2007.2865578902704,2016.453915710271,1371.185922921087,2126.9624086848726,1756.8335270040332,1826.3476519984029,1840.4834246797236,1741.6023623964813,1011.4251634934202,1676.2556744864632,1653.8487432430088,2223.8247724635044,2044.8568684858708,1626.7264723609057,1987.422802610788,1431.3978267278703,1439.518599317123,1387.1452797550403,1317.896267185883,1399.3334407835744,1462.5808249535482,1430.8650804260574,1422.0235180878144,1371.5882374747755,1432.9645240222494,1379.1810164619606,1475.3947565630094,1346.420183135745,1415.6129960026587,1443.8799612613482,1362.864075304799,1377.8617357535331,1454.0600573690394,1426.378595082028,1425.7307386600176,1417.6897916046523,1373.874380558523,1461.3028010794665,1447.6641560049802
photo_truck,2140.337765165027,2347.3290921668445,1939.121593571469,2176.8422024556876,2058.0235227868193,2282.2728699310474,2342.8210782674855,2327.13778990708,1900.6940609956641,1911.2153507892597,2128.6774151036143,1807.016107398595,2098.413766916279,2142.9779909983276,2265.4181213662005,2271.695732915668,2204.913437723737,1770.9062687002447,0.0,1597.5907797431464,2016.5642361804275,2187.2482512575943,1792.8479875191051,2228.791895021969,2035.2549200479984,2114.768460003932,1761.5004323362248,1873.7406404069145,2259.6891286082814,2162.3408019604203,2532.7133903241993,2265.8409694820325,1821.0964095391585,1980.6538005583072,2199.178672362003,1776.1991839614648,1912.8144271369213,2046.1905887790956,2201.9051473279164,2250.954355727356,2215.250080924677,1772.7339596545269,1434.5495336903223,1624.4510010544402,1821.6166265405095,1688.3485327154442,1679.0975642365283,2189.4650862030417,2163.8478121958037,2176.401285322806,1860.3837915798406,2444.370261091508,2164.2667028904953,2400.0746782563097,2311.260897507839,2434.506253635028,2235.873807586354,2092.420394047209,2251.1149784368563,1724.1492196679148,2288.3237275092424,2028.965834736424,2229.8211267037996,2292.640681120567,2268.5289916532024,1836.7926314954111,1330.835307149936,1683.6261935268772,2360.4062314315556,2197.0250176763043,1870.6265756683326,2232.424510996975,2016.2577372213875,1990.2755520112748,1984.3360590044583,1959.153398431095,1990.4970433027845,2006.9171487750377,2031.417137709474,1981.3232969509345,1964.9797787199395,2065.0676061395675,1963.466934704071,2019.867559413611,1932.4379359951981,2024.5958731849307,2033.804908924109,1947.0325674383535,1965.883004658206,2026.2204447025658,1984.2752913286456,2004.6486900360017,2036.1705093147993,1942.317160286875,2046.5638119672344,2045.246469940669
photo_velo,1914.2804662595313,2187.243721155989,2123.062392590991,2100.735269101387,1794.0769309791174,2037.0578988254556,2039.77550356682,2009.2903996816433,1671.3359825433101,1786.0517862231372,2103.158488009988,1608.0408077326456,1755.4960717495837,1871.6246436901079,1992.3012586417326,1981.563254973118,1901.3955429323973,1572.7541515974701,1597.5907797431464,0.0,2183.69811588947,2154.694841612901,1615.5901718912562,2026.3086063917278,1740.9172821803982,1897.4479615795979,1520.1491246628686,1663.8708318278973,1897.1735171746332,1875.8577315220489,2239.0765275760427,1966.314207661606,1594.694643347379,1800.3672132122038,1859.5966619535009,1425.0851298781108,1627.7107239751235,1692.929585664462,1964.0283257567994,1940.2782433577386,1838.2330434946439,1527.1704865372553,1321.1582361788446,1272.788918180721,1597.947867997398,1636.4580752243648,1368.6248630129562,1889.0210636109298,1955.0266674072336,1869.4167904819612,1549.190212104955,2210.952267944383,1838.6646712690404,2048.8076188416157,2027.7944865711154,2060.443421980472,1902.0797312301045,1877.619333705723,1965.489531473979,1509.726105110837,1955.9192360173765,1683.339662355486,1935.5833913432941,1970.6268146036743,1939.4778608844201,1576.8848911332777,1446.3684473429698,1218.1153405141467,2038.3919516078133,1902.7123260454966,1589.8791788627996,1879.3561251078213,1687.0500971445022,1632.4883762076274,1629.207765467059,1642.610012324916,1708.5787398601296,1736.5844971393058,1687.35905885947,1672.0729010676462,1652.9745783454916,1803.1948319642443,1605.3551275726488,1752.1854440584357,1622.721230284139,1659.070710933459,1699.4274913707964,1635.8536200905949,1651.889944684747,1672.477564712993,1698.8638565614533,1652.2561312468492,1686.1674085192553,1654.610838968697,1800.7562395273048,1710.3928541768219
photo_road,2502.7010274531763,2497.053892326117,1816.794370117681,2182.072382308918,2448.179018460997,2714.4631991956817,2682.1559307845487,2713.597235043657,2333.373079895447,2100.9096433653463,2518.2601240931513,2386.8794188846846,2484.7271847140732,2415.728852852579,2710.0346652301355,2692.8587153236513,2607.1619113569745,2338.5378946989977,2016.5642361804275,2183.69811588947,0.0,2383.9895182104333,2090.16038264355,2395.4091071365137,2438.2149820272407,2418.280148085256,2319.9598510680216,2220.8968822507677,2600.654703623081,2591.63402866981,2917.9556080725424,2574.2159640699338,2249.0916187770836,2261.5638498842977,2597.1022927004524,2347.2660993477925,2253.5066221912734,2459.185208610537,2624.7489062402133,2691.6312317306497,2616.201558865531,2345.997994835481,2199.1319022277808,2091.552814708407,2295.445033158898,1953.6559726692828,2255.5778504898653,2490.091721862933,2458.535686888222,2636.5159112444394,2417.2619918858663,2875.3285344350325,2540.2101893215013,2752.1726231107623,2653.2555265100377,2835.8175150226093,2712.232605446086,2369.0465326841027,2688.604569132995,2316.773098591857,2590.3380954994504,2519.082140036262,2667.1659179526087,2724.524483180855,2723.190068260402,2398.769578234966,2118.4768051846527,2199.3745086770364,2688.693077666516,2502.7189382955917,2377.369269941705,2621.6148868620726,2535.6903876149854,2526.8978570036293,2513.263558164595,2487.814323390737,2512.2248261260634,2517.4076397863505,2560.9744923123876,2512.106629672698,2495.0848949913398,2562.759159961834,2486.0992145687405,2524.8584647315624,2454.2842254911966,2555.3651387568875,2564.0867881331437,2469.035219764915,2500.268232802209,2557.9277073873895,2512.138279675761,2526.762890974924,2562.034955461313,2466.1029183024407,2522.8892331184325,2575.739070525533
