,photo_face,photo_profil,photo_eyes,photo_face2,photo_walking,photo_standing,photo_hand,photo_legs,photo_bird,photo_butterfly,photo_girafe,photo_fish,photo_cherry,photo_tree,photo_flower,photo_carrot,photo_watch,photo_key,photo_truck,photo_velo,photo_road,photo_house,photo_mountain,photo_windmill,drawing_face,drawing_profil,drawing_eyes,drawing_face2,drawing_walking,drawing_standing,drawing_hand,drawing_legs,drawing_bird,drawing_butterfly,drawing_girafe,drawing_fish,drawing_cherry,drawing_tree,drawing_flower,drawing_carrot,drawing_watch,drawing_key,drawing_truck,drawing_velo,drawing_road,drawing_house,drawing_mountain,drawing_windmill,geo_face,geo_profil,geo_eyes,geo_face2,geo_walking,geo_standing,geo_hand,geo_legs,geo_bird,geo_butterfly,geo_girafe,geo_fish,geo_cherry,geo_tree,geo_flower,geo_carrot,geo_watch,geo_key,geo_truck,geo_velo,geo_road,geo_house,geo_mountain,geo_windmill,word_face,word_profil,word_eyes,word_face2,word_walking,word_standing,word_hand,word_legs,word_bird,word_butterfly,word_girafe,word_fish,word_cherry,word_tree,word_flower,word_carrot,word_watch,word_key,word_truck,word_velo,word_road,word_house,word_mountain,word_windmill
photo_face,0.0,650.1596709820137,724.9607426650164,679.4484771094268,609.6215151747438,615.5045852708306,588.7310300537744,574.9082470372255,667.0870859493881,790.6559029515864,740.8929060211698,670.4813861391759,664.8228333417572,647.6783268055905,616.8384987636892,597.8996388649529,653.8903542905392,659.4135574614942,724.0495900517878,659.8434451572548,767.8237580795493,706.6162085410859,716.7911469514476,694.194777636986,618.2285776801092,693.4031402004945,697.036572057068,689.2164435033689,649.7532443046774,639.9549286552311,655.1100892994751,667.8808721475133,665.7050627852619,718.6576647768339,634.5668621522619,668.2991819457048,694.3734132195881,608.0103064873018,651.9681073523572,610.9992361719515,606.8215546821895,694.0940639513719,704.6108816354525,693.5031656114525,638.6172361838846,719.7224759532428,645.3663627683334,687.2891581288078,712.0577465198496,612.1390482242439,693.3793052074121,647.25327760632,658.2626461567521,635.2857426376713,673.4923727052507,633.8274679415731,625.1289049946488,715.1945793904387,670.1163523612521,683.4298941701035,684.9290046298447,623.6371006090333,627.8185397265827,614.2929118975185,637.8389045038797,675.3619848921924,698.5345787630944,696.5241706986321,628.1767883001538,684.0563202599095,662.7878500501517,707.3005526996858,620.9054350148864,642.1110551272023,636.4956648788368,679.3053894171748,701.4589831715859,695.2387986203724,630.660489702427,692.4088944476835,679.3972083534421,692.0913112447454,658.5101883150097,701.2578093836993,699.8547710588396,644.0764646593736,643.8410001122321,686.9609148483484,672.9849814983027,607.7022849275463,691.8846994214758,617.6675889266779,646.4780104352357,677.0843854842966,727.7664826486455,645.3698280859669
photo_profil,650.1596709820137,0.0,755.656428241491,688.3409323152882,677.8242076717545,691.6575749207855,663.7087767157035,676.3491312964013,712.6244165083294,803.1064514660335,775.2555609667287,733.232177417677,716.1791541318482,723.4618425471203,697.9821459080457,696.6278475235048,736.1897412577858,695.2226931000529,751.3189820278278,710.251203142667,788.8019203058342,713.3814475700581,745.8019234579339,705.7442993248194,703.4655979982006,672.0081608338049,730.8499136268375,710.0677552623947,715.003023268161,697.8695716217958,712.6806787787508,695.5822068285038,725.4997419365004,741.2294285268981,693.4444831928661,725.409891820078,717.2023506028997,697.4649091946695,684.3441508386632,693.8116541816887,694.3300362645036,732.4458494247135,745.9014411173983,726.9238614089752,695.8498232437407,738.8421094451315,702.3160914317201,719.9617313787254,736.430911383916,690.2831430342405,728.471746382538,694.5266136526658,722.8036167257587,696.058962760848,733.6864025340955,710.6191890657653,700.2884119943192,733.7246259831969,701.2098326427086,728.5763573996943,722.317024735131,687.3095472000531,705.7849382413608,684.2903050321983,708.5909110471448,725.334619601544,739.4779042892033,733.433305997317,694.1927271094632,700.6933259427786,710.2892535031174,743.0304632447885,699.7016043713572,706.6680359917221,701.6578769457535,733.418259369985,743.1884548871606,741.2360608393659,699.0631342124507,738.1756089320756,723.7585702998892,748.5798947294721,711.2363223031647,745.671045767411,743.0370602346721,705.8949771320108,705.681145040562,731.0351098286515,725.7740229299637,709.0863404486684,737.7994825522685,699.994410801463,709.5055794015068,722.651563830714,779.0514233190397,706.386550646082
photo_eyes,724.9607426650164,755.656428241491,0.0,746.1536870255318,727.4407972240192,737.3418739415456,728.2319422788094,734.5205572345964,687.262598582969,788.5039834882501,772.0414239690259,698.7649025141986,751.9247937952982,779.9846420473483,750.3061850511446,725.021952108188,807.2953601897957,668.3587654975017,729.9794043842503,703.7404072022483,675.1452873715871,793.4059945635855,730.2246717139466,759.2696294097366,737.6221248386532,769.9970874530989,676.8646989629451,727.0582089883358,771.8296786637749,756.0931581302372,765.2993895043776,775.2301512312689,701.4914769248712,750.2807053845091,759.8716805728196,703.8594879485404,722.5892694011868,732.3013587066943,749.6303790024691,745.7502429988263,729.884550301686,690.1417882581849,729.5459566070139,697.3804767609003,685.9549988001404,688.9049032991384,693.3026181365562,779.6356097133719,778.6797634034335,727.6902826436859,666.3432840818225,756.3930174635188,778.6948345236551,751.3015392073445,790.6973336914464,751.0953673274873,735.1564111239084,753.7908795606678,757.2378306502244,696.3906062164554,773.3835432191278,729.8867165429558,752.0314135697959,742.799866586666,751.6772481389137,687.3389298092404,720.6905681994672,702.060651617136,755.1434920980457,777.4178550014183,729.2747664518452,802.0165498671711,684.80166697016,681.8112259096948,693.6286288143453,696.1834472886013,698.8079149297084,691.2929909197063,690.8524748926745,686.7869282901121,689.6389653950321,696.1406364260536,676.0407309505199,696.6140338149452,687.5330633811545,687.6460186105913,692.9305810146626,680.2582186519443,688.412833640365,693.6847219855374,682.4664076240157,690.1845037085766,687.4703476877885,690.7669950954399,727.9870022170355,699.0960182497718
photo_face2,679.4484771094268,688.3409323152882,746.1536870255318,0.0,687.5451974455134,698.3168438754872,655.7263700264797,687.1687398021431,672.2786131429932,788.3352156810168,745.1319848687376,713.4468124436582,719.9078401929688,719.4392242505237,709.812952488975,692.007198945153,763.5916535458771,703.6495306689587,759.9091532228491,705.0419290928286,770.5773551693884,725.7535156641497,754.47714617569,736.7952288175553,697.5173753031777,723.7104205650622,740.5126146179321,671.4521770119279,723.3827036295843,712.6309215889921,724.7887690923678,721.2877836714493,712.2630085346683,732.0871025749952,725.5380846943733,727.3552938451312,726.3360453164768,703.6274097982829,706.965312211299,721.7661652499361,708.3559794967211,742.5615372796932,751.6358232335302,724.4026307722921,697.592451993952,740.3871545361061,707.2843967763093,742.7293048850213,746.8104498851498,700.654057772582,740.8734465763065,710.345969762961,726.1458186578919,716.2927763779753,741.7767471826589,729.841629147019,715.2659764825553,725.5838359182998,723.7021568628145,728.2159301296091,745.8939452116969,700.2705905308898,714.3342287237562,711.5794410724062,727.2310222284889,729.9520898508781,738.1538894737314,720.8719244829699,712.2059611310025,737.3417876315294,711.9170196623087,761.596461004069,701.9834664538797,707.5209300220226,709.5845068402839,732.5156337801484,753.921485531115,752.0186803133129,705.9922606908045,753.2909070995315,729.5678257893973,752.5940614011662,723.4368168481857,755.6006386972449,754.9579571234101,719.7405018600832,709.0411823960663,738.7349721563372,732.7684879855287,702.6773321546124,747.5206142193132,701.7388799498691,719.7167735382784,729.9776357820397,779.475680322767,719.3436713517636
photo_walking,609.6215151747438,677.8242076717545,727.4407972240192,687.5451974455134,0.0,509.4012982405294,562.1325159425189,526.2675538536766,591.2195452419538,700.6077651116684,687.4377979970158,616.2166068707938,604.7244897400197,603.6622434519279,510.6884016224515,519.2923345440379,606.0602200269279,552.5559924200866,639.9173832290185,571.560450634476,701.3598160659269,700.1469289518382,626.2589381172147,641.3686769850784,534.9708374790514,631.0952956778905,586.7171268773507,587.9656980293311,513.8327106275495,549.6643341093339,553.1087327054828,566.9227111221895,564.9300925508777,597.2841536173148,528.4203748495688,571.1991898376955,611.7266113480433,525.6646508038266,556.7799785610283,515.6885190034599,508.48299151466296,593.1656756849646,609.2580335238144,602.6508500363644,520.3149661289743,638.6182984973516,514.1421119783732,616.7888318534259,615.7580180420725,478.44619107104154,590.154579142364,540.7560965386789,551.123202708246,529.2208402747449,593.978759724917,516.7666440241067,507.54317015604033,616.8834013773919,540.6189812578467,563.1735102755385,574.0402561792822,498.9456508625675,540.5139486377557,505.60250453153924,526.3816192713522,562.9188168492003,588.1528944815625,595.3233133068485,546.1959699113742,627.8728223316248,546.4330736316872,623.2111182665697,517.6948055193179,544.178652067516,541.1683542720612,589.2336131861174,605.6888893808632,597.9255600267977,536.921864039111,602.462594465137,588.917893535557,600.505530278364,569.1174349200684,612.9282260025532,606.9560074193728,549.1918032505802,541.3660276922186,596.0291343431566,582.5209909533273,520.8450164968568,594.1680140420566,520.4124906034646,543.080977708387,586.301673451166,638.3358470400414,541.8205125330628
photo_standing,615.5045852708306,691.6575749207855,737.3418739415456,698.3168438754872,509.4012982405294,0.0,566.6408113555673,513.210249036616,609.9540339914291,734.6347330192281,667.6385415218084,626.4876547773673,639.4972771286649,620.2348394150489,470.92689225106386,478.06219478058347,568.0582308400545,548.1561047328031,651.4520273976316,605.302628309835,718.1307160774546,713.7883587534895,647.8117594369822,638.7132008627522,554.8564401403752,638.3245827239923,593.3415972528373,598.8090772741074,570.7719329220798,484.6009675215345,543.0194311677132,562.8465488247499,575.9838908574386,560.457298867158,507.62453447739256,590.0319481146754,600.856102142472,538.9261533069795,524.7097907954086,459.43875025263605,513.9925346525789,585.1479509431058,620.8468150949565,641.4611130207882,515.5611158850231,653.7119777704797,538.5828618982505,607.5519791863521,608.7725168996387,450.94428841384,595.6206038602534,492.03342695445605,564.8364474784818,515.0472295755125,586.2175092632343,522.4971565088749,492.8513373341377,602.8269659166602,516.2209713504104,581.5993053182045,577.9888763873003,483.46255073831793,492.0219734052083,441.7930543269038,474.7266179365114,554.6889850900914,598.2136724083867,611.771833454599,531.3594490117995,602.3809638458333,534.4282591730845,612.455710974627,517.5742990917252,546.7323511088547,535.8955667089771,584.2902111023013,608.2037475880833,600.9824393537798,537.471318238079,603.7302409398657,588.5364747531806,593.4964181855609,574.8418364093428,608.064624484322,609.4183293008175,546.4365966661716,532.6175567371911,600.9170569805596,587.6349098487258,518.5207265776803,600.9103826084843,519.1454000694022,538.1061083009027,586.4212369550627,632.8282067957186,534.6712279727003
photo_hand,588.7310300537744,663.7087767157035,728.2319422788094,655.7263700264797,562.1325159425189,566.6408113555673,0.0,539.7129483718998,645.0429813955013,754.3731814887271,718.1662594657934,633.5679612306793,630.2010924433139,626.8105038913153,570.3749110743228,535.6284403419393,647.2577187151976,608.1001025601958,713.7976888722635,614.4692785551103,741.1524809315174,686.3384378634955,696.2614481805095,681.4146153151748,617.5566504673164,670.6716882073117,639.0368926036233,648.4613909223149,615.2386792055094,595.6383924533268,594.4439803503585,619.6202308506797,648.1599064868275,669.7788118278426,595.7473719772869,636.0806315562985,651.4148515526505,595.0072694060694,605.6061030608498,575.6889858376511,575.4549162081689,652.0089357309816,670.9663905234588,660.4358492638453,592.6472189030911,691.9657842576855,603.6051477094303,664.3608332941188,689.6795147211072,566.2823911689999,635.9791835312863,604.1702200525777,632.0910058086323,610.0037803439257,606.4888423020094,581.8846802609652,586.4501982814419,667.4461941043533,618.3214218802807,641.9392921471432,636.1039596992415,582.365835881111,603.6162243951029,562.2721201485641,588.8821708111003,637.9808328078029,667.4868783690858,649.0660710170547,591.9931684552404,656.217175488229,611.0142917651295,669.1525632637733,597.7925269079241,600.746031888231,599.8084803727115,647.3030448126162,659.2434362717981,655.2486026788869,598.6985926240977,653.6180614112162,645.3057810453233,649.6749193108611,627.1895347546196,663.3559409776858,658.3369339882552,607.8484488443066,606.8444952117267,643.9328947658922,639.2324474175831,591.9674314761407,648.6865096499064,593.3481023654477,600.6882731043984,641.4136565123395,684.6842103636521,597.4103437564412
photo_legs,574.9082470372255,676.3491312964013,734.5205572345964,687.1687398021431,526.2675538536766,513.210249036616,539.7129483718998,0.0,632.6155424680513,742.6970308028164,712.6541389872895,625.650315019999,614.3219619077474,645.8447685804874,506.6349285207583,486.0689322758707,613.3270826100578,584.040110583076,687.8708832055015,608.3475313056389,739.9781652697778,715.4782287436608,689.5237380380499,665.5107976137907,581.2805745876093,665.6824496354576,620.7482290482868,639.3834518884727,581.1411222604474,565.0318799453885,568.1811521861704,590.9862921540843,618.5792654358363,633.2830113528422,575.1465004569079,620.3626046500864,640.7408557510718,568.2589167450036,582.4516550397724,526.0394391950736,537.2376956083737,629.8272079419767,659.9598489613194,662.3674919572693,554.4330046405387,685.357313035001,571.4980431948778,655.3094802917648,639.8185927723945,501.09029460462887,622.036561173958,553.9491790622709,595.5815379482603,545.812015964539,626.8741235621809,528.9580848398833,519.9248376727712,642.6212230142252,586.5573041271721,609.4863298749281,599.2177504854727,539.5895301236886,557.7234198476339,512.5289964766955,550.8561541401644,600.9289675992495,631.7519059242467,638.0700543209604,572.3212741012638,640.3766305250125,576.1857856155896,647.1803082009818,566.9271673904066,580.9940129353157,577.3899259515257,627.2172225748758,641.5716878858296,635.9479630347246,578.5069902190318,635.1292210109632,627.7930808754942,631.3711524874748,609.7230779742157,647.0072831805493,643.1081518943283,590.3687261555699,578.7424524238435,632.5087888347359,620.9775099308022,558.2950883154585,633.165017141763,566.2923440205398,578.5613180024152,626.9848091662575,674.061216981242,574.4771991524588
photo_bird,667.0870859493881,712.6244165083294,687.262598582969,672.2786131429932,591.2195452419538,609.9540339914291,645.0429813955013,632.6155424680513,0.0,702.1640260017228,630.4684755143026,563.260449566701,668.8392748206597,656.6579488752157,605.1940976878597,584.8665674902809,649.3291893793709,499.22171724147523,631.3487600956164,568.8973371143277,682.4150604795622,731.9920786764261,655.1244999592748,699.4520095047933,576.7120557095338,650.6731664429308,566.5499681232301,594.5570004190702,624.3311208804178,601.9946026926768,610.6995469413807,637.1003478282545,530.3080966389365,648.9519181538114,600.2143420691943,558.6711042934883,637.7013251783438,591.5335655191882,584.7802737525,597.0470983603066,556.788580914545,537.7007212848146,599.0970146161303,592.4964352668092,511.03842509453904,633.7618706141137,530.4760547951497,664.8977332847256,663.2684909054519,568.2188375590508,556.4639834878843,590.1915565815501,637.6636471744855,605.5100868895264,655.0551803463252,591.6678358866249,559.0956572216617,658.3890981487164,597.8528950588415,568.4714967127646,643.1308729185578,569.6021035234454,595.6161246344203,586.11273431825,581.4325907330366,518.6470071672945,601.3862668212315,592.1425722975359,612.5939703584941,643.6404834327607,578.0134480209612,669.7724417850006,513.2268973706529,540.1892964724154,530.0140740619589,549.4756331815258,587.8411932910561,578.496294784206,528.6801563747626,574.3264516600445,551.9389694935229,576.2118477039946,533.2530350169436,576.2157682911878,565.5980993382054,532.084425275424,523.0618182435072,557.7167269782893,557.1459900921758,514.6737616878182,569.0910884278928,518.3743556034277,532.5474272238731,549.3729050504784,609.9787395367384,541.1048109267905
photo_butterfly,790.6559029515864,803.1064514660335,788.5039834882501,788.3352156810168,700.6077651116684,734.6347330192281,754.3731814887271,742.6970308028164,702.1640260017228,0.0,797.1667717758027,741.2722588244641,757.8455649464399,753.5981095595258,743.782903065202,735.179386281218,793.5200983460294,690.0936816918997,742.9789933415668,689.1897570677187,737.879121097579,805.4639363719746,747.9687738214888,759.9598461012627,717.778104580242,739.9223232492399,708.1997025199106,669.0875838946007,722.7269508272091,734.177633426524,746.8182496945609,745.0969134913681,684.8557113982868,737.8032855168473,736.1773451625709,715.2522798245723,738.3957840357548,722.2448772506846,726.330089266347,735.4614770359022,713.1473569396655,712.5896737719866,719.7075453509316,707.9360850845678,677.6988790073141,715.8303874885246,688.7926801405256,731.0031383151937,754.637437731263,711.3746089609174,711.9995879406729,724.5820436237478,733.4915035840988,713.7254854425548,760.4787690852364,731.5578990231979,717.4040174100866,737.4461582436996,730.3032203481929,713.2991107294613,771.1024400424758,711.5622632947734,730.713991692518,721.1117154259006,736.5049408146805,705.8266794753697,725.3484674315266,720.2011663785759,731.9247229760953,767.7959701915638,699.4655770361068,755.5362236076339,693.8762973074953,700.0731146263919,702.0893350646234,721.207264238561,730.4485442079999,734.6179308025181,706.1400679326653,722.7713626260247,712.9664820533118,733.3077645860512,703.8518843550396,739.8066223299772,723.3971733840071,703.0779762381892,703.977453167411,717.5933828778819,713.3885185311871,698.5693756363206,720.3362901900184,699.5019625372486,700.9570330713508,711.517903455669,763.7786598499667,710.7998993727934
photo_girafe,740.8929060211698,775.2555609667287,772.0414239690259,745.1319848687376,687.4377979970158,667.6385415218084,718.1662594657934,712.6541389872895,630.4684755143026,797.1667717758027,0.0,699.7977007641155,757.1709460288514,734.2257827250788,672.8543265895089,674.5421664348082,727.3923455645393,638.1324448171081,713.1610035891601,696.0581440692563,769.268267897161,762.7267645249435,750.5197886389861,756.1679304837908,678.5357695823642,723.2831853148552,686.920688273257,688.5596245009708,711.9289877605441,688.6826372147509,678.8097921589858,698.6463715813596,693.0738605616762,697.1713863702439,673.3294981029243,685.486343935271,705.9194948722578,683.3417630710779,669.4729790024279,680.5583454632214,655.388566328017,671.764861117591,674.7855530338538,691.8287632133336,645.3498374916048,723.8544247837831,658.7459695265081,716.9726718570424,714.7332031853598,672.7111001473303,673.873376739202,659.8767135922855,711.840748930852,671.2277321505718,709.2708995030517,669.9197513989059,677.7987041378303,735.0662203491432,674.8334825532029,686.4589037357122,704.6462839322049,673.5665287653823,656.4896444661734,675.1125031672449,682.9029161929853,662.2874358657003,678.015814568081,676.1007036728779,692.187225680631,719.992135804387,645.6656176242641,705.3151044988572,668.3862679079656,668.4104434432179,668.9766096586466,680.7917779333517,702.9114439761969,701.3802821581035,666.5130562037006,697.7983305147216,690.6342163594599,684.8445563376372,677.0709708136543,704.2395504400831,697.7317580041542,667.4543735805545,659.4278880976404,688.1412993366516,686.0473358341173,664.4643984530377,693.0971346495768,665.0086426360112,662.4758783866763,682.9747578638651,721.6383806128366,662.0742507973557
photo_fish,670.4813861391759,733.232177417677,698.7649025141986,713.4468124436582,616.2166068707938,626.4876547773673,633.5679612306793,625.650315019999,563.260449566701,741.2722588244641,699.7977007641155,0.0,675.977705753358,672.4552610920051,623.4805408012583,564.4652478872417,679.9954783561193,532.1449372442012,643.8804600394726,574.2233458918349,692.2497389418015,743.1627530195782,679.0927413955902,731.9430933238377,646.1676768131017,690.7796770267676,567.8126767954682,655.293655241253,678.8050331558854,649.2845756295629,656.8556909256358,682.5491926725364,613.9350161012335,680.9424999178209,644.5998215836252,580.896218229313,666.794678570686,637.0466605208364,640.8542427662111,627.2718855897391,598.4350904548023,577.4654720995946,622.5956691716083,636.1135628560663,543.3395726401214,671.9760915444785,568.938025149756,713.4704505471256,704.7495509612962,590.1288942481951,573.8148648236148,641.2498594475989,693.879391484665,649.9020918373654,700.0952092857913,627.4646943814765,600.3071535516368,687.555621955993,634.0961353364543,579.414145940539,676.4987001665519,607.5186645746074,644.1756260657285,618.7797560738617,621.2653463551279,567.3928096904283,623.8969235989322,639.5279117506811,648.5259542647652,675.7149860752036,617.1759659020146,722.3443319730759,552.2352260960806,565.9380638427818,558.1639400357162,578.7774367348846,586.563249003183,590.8013696867677,555.0679685409639,581.1468382953149,570.0307351862314,601.327421212104,563.0967350455509,591.5491544820786,592.339166065579,559.7515859303485,561.8511731057522,578.3431722890201,572.9293773111551,553.9972265568175,584.3331921918468,554.7085246457282,563.9572785510275,574.6074333351526,629.6248804618035,564.4772154322762
photo_cherry,664.8228333417572,716.1791541318482,751.9247937952982,719.9078401929688,604.7244897400197,639.4972771286649,630.2010924433139,614.3219619077474,668.8392748206597,757.8455649464399,757.1709460288514,675.977705753358,0.0,673.2683611666444,636.0956916243728,609.4930895888543,699.8902389843738,640.3928962859998,699.9698381228617,646.1046071174028,783.8193750682365,744.890415803084,692.1537547491633,706.5505510412034,660.2162687263772,700.6565566371603,670.0658208897854,691.9375593812595,640.2316598354738,663.1454448150067,656.8608695041513,659.4741278144533,664.2022320633449,702.8238900650368,642.4333642487283,667.8309961744374,689.16144903347,639.2088150941688,674.8403823977391,624.8239128162465,628.5382270690385,674.6521222954108,669.3608062264559,683.5338621297713,631.1087959348229,702.7146084991083,624.9618430305372,706.0459745101941,713.6261244802098,626.461819959679,671.4453378104673,651.1374623272159,663.969809693192,648.2047281587126,692.8921298271365,634.4007959232408,632.9527608660297,686.1496905849981,633.0231639851788,677.7272432506187,665.4435532323076,615.2387271020764,660.9875730521826,619.4552692069302,645.9972196636031,666.3778720385878,677.2340546480187,681.0250820155167,628.9844984646126,683.2237284032618,660.0910582160881,717.5166112499763,632.3624642718241,635.4387150122495,633.0420499809204,673.081233580016,683.695847150806,677.4389855332616,634.027083534024,681.1990253042958,669.6467330702094,691.5812651691928,654.5092543156223,686.0623756714876,687.248637431646,635.827265368907,628.4472698454298,672.5145403062535,667.167169130591,626.0498697966028,676.8614186829616,633.1851878641272,633.8906359539477,668.6740904478752,724.2070640272051,631.338165112009
photo_tree,647.6783268055905,723.4618425471203,779.9846420473483,719.4392242505237,603.6622434519279,620.2348394150489,626.8105038913153,645.8447685804874,656.6579488752157,753.5981095595258,734.2257827250788,672.4552610920051,673.2683611666444,0.0,612.6158485037723,605.0406155900171,609.9128529738031,639.8999331826346,712.9827880125055,651.5627573977342,749.4887595576206,658.8856610623262,646.721313342328,682.9740101591406,630.2958342321864,696.6668026360271,677.2721471990883,669.2262551217933,615.1786079083508,615.0355380838206,656.2414274683711,641.5944453247532,639.3621749833104,682.285868181533,609.2806187478013,639.5903959186847,666.0926333379235,557.7282959494468,644.6392894854932,605.9870359571279,592.1295656291056,676.1529579031952,672.2109181869758,651.6149259397783,625.5347998981028,682.7060411861089,606.7078310025831,660.3891050217429,715.0359353634507,598.416537542651,678.093160513332,660.2487820737382,641.5422542409617,630.9497804677272,661.0827873569679,628.5223354803128,613.9810626954223,674.5333622637662,639.3142589246036,673.3838909593353,652.4570526179737,591.2121620534261,627.181517908437,611.1266959923116,603.7713629600659,660.4096569437385,685.214745911604,685.0398673278685,645.5410850804077,678.1464699464062,661.4095680534351,680.5461188517295,613.5595718648603,634.3192169352201,621.3038485457279,669.4009552781635,680.8553255494802,681.4247412530616,620.7361256687338,681.9722014552755,667.4223497097726,677.3942129140802,642.811578897557,680.4508238232114,682.808875127789,631.1169065828271,625.0827069677226,670.2001966611344,667.7592346840453,607.1015166058814,678.1858121590768,616.3348292154213,629.451630775424,665.100096431048,711.3659245561361,632.2137804148842
photo_flower,616.8384987636892,697.9821459080457,750.3061850511446,709.812952488975,510.6884016224515,470.92689225106386,570.3749110743228,506.6349285207583,605.1940976878597,743.782903065202,672.8543265895089,623.4805408012583,636.0956916243728,612.6158485037723,0.0,448.74377626050966,553.6432397773128,553.4880603309654,660.7585654798147,611.6469735073347,726.2998383261407,716.9352756889069,671.7568726842783,676.0355990234696,556.6920619321293,645.479663282083,598.7471899711863,609.4293679992243,565.0670005180368,502.2021434355653,535.6335456095741,577.6045294360881,585.5024793907235,581.9830910526051,515.6079519050791,591.2240662267428,611.302045490359,527.6603829324365,533.1335815140285,447.14818219101727,512.3851171182235,593.9971826305679,624.4712279665123,647.2049768098527,513.929379757747,664.7140208731294,540.0928250911323,642.4623777904943,603.030422925868,445.9230792979792,601.6444481857272,504.06470049709793,568.6748736484881,516.9709760041832,592.1192869919815,522.5244070307991,490.0380128548027,606.7361678411638,535.7741149935789,584.9785678723684,578.7814534690215,482.856325821402,479.6792819867964,431.9517372584443,471.62477791568875,563.4158785437661,598.8515021506327,618.1383332378114,520.6903246264617,613.0057697894345,530.3812385481185,631.2347292855655,529.7564213405252,552.8307961365526,545.4517956144069,594.4739432737628,613.7527698642531,604.0143352729599,549.8660182575603,610.2549267160601,598.0004151983408,607.3674857410036,581.6449624477327,619.330576551673,612.9831871833821,549.0705885135409,546.488053318303,605.4906968566833,591.8696812096903,524.2954258904084,605.1945568968716,532.7769482871115,545.8382884539822,592.2238070743052,639.0682393303308,542.3168642968778
photo_carrot,597.8996388649529,696.6278475235048,725.021952108188,692.007198945153,519.2923345440379,478.06219478058347,535.6284403419393,486.0689322758707,584.8665674902809,735.179386281218,674.5421664348082,564.4652478872417,609.4930895888543,605.0406155900171,448.74377626050966,0.0,559.5093661763465,540.2341284617085,656.761119019216,586.7510007702843,727.6910110697752,708.1404361923139,660.404218468713,683.7089809321554,578.0016442823651,665.3748696196047,595.0064459381405,624.0632588474367,588.1245635760143,511.50834653024816,559.3426606828559,586.5715171957363,585.5570908693726,607.7224019212712,538.3408632649713,594.2102826797567,630.7398527392876,547.020498141646,558.5741511946577,443.7681378195484,524.8261168971225,589.8173340842486,624.8848213011231,643.7681957281378,510.56512798337445,664.9408384447179,539.8821496949026,661.9183657009943,633.4193368833372,468.32571463582315,594.847579340999,539.7679809991452,593.0573134809231,534.5327766977807,613.0463366063038,529.1263627741326,506.91119180613225,633.5608214090994,538.658579146273,586.6875168855166,591.5939117754643,488.85255374786504,515.3163738509952,451.8798593678513,487.83506167126615,558.6226474487659,599.0427805535214,618.7844059343375,542.1526071838708,621.6460404278841,555.7009795857326,659.3480369800761,520.3463424393832,548.5591083118595,540.3950095028359,587.7974661738251,609.9297154488844,600.8281666370676,540.0834890301091,603.3923899982053,596.740042661142,598.7053951833342,577.5914763011203,610.9594702780383,612.1075171226164,549.1537453243485,534.2526380379516,602.7143364273986,585.9678405867494,523.072792689563,600.8899875596729,523.6984683200536,538.6220500437018,591.1941781453203,635.2173832423523,533.4678888401949
photo_watch,653.8903542905392,736.1897412577858,807.2953601897957,763.5916535458771,606.0602200269279,568.0582308400545,647.2577187151976,613.3270826100578,649.3291893793709,793.5200983460294,727.3923455645393,679.9954783561193,699.8902389843738,609.9128529738031,553.6432397773128,559.5093661763465,0.0,622.0210768896636,714.1646088736608,665.2971433094169,776.4513214866712,740.6175356105967,669.022883774826,709.5750550081033,602.6800319635643,705.0537578553768,671.433903204838,662.615278969929,610.8255189150372,553.6945647409798,626.0935565944693,623.4692944085884,619.801198484253,663.2932800864227,576.266509971931,631.0884720743537,657.9747929709314,542.1711859316096,590.0744143031534,510.35288506346893,544.9363041909735,651.3936513086061,673.7999674084837,690.273037173341,594.5879177939752,699.2301199056702,587.4090171797322,672.0079952467132,692.7737470784018,529.5923243619608,659.766941697265,612.9025075880309,626.4919006494689,577.3750560901998,635.2778078472352,584.2332152171883,564.1233558395428,666.81824691297,613.705437906379,648.934912604997,616.3067794830217,539.8865103722229,540.9345364129443,533.1297495625815,516.8020947061835,624.6355503119822,675.3964058832522,677.3845326666792,632.720311163015,643.8592409046864,627.169804852451,660.5159230998189,582.281972335336,603.5878853467395,592.7852048209674,643.6135310787646,664.333945764427,657.8817136440283,594.207189333449,660.750657953861,642.3741464315266,647.8762983058425,624.1756110895033,656.460691392089,661.0476367667462,605.998150548304,596.4205117804293,652.602110278439,639.3493646213391,574.8504731970415,655.7608317945475,581.0699982721598,597.990372987857,636.8911104644426,685.9662969982311,598.3459858820149
photo_key,659.4135574614942,695.2226931000529,668.3587654975017,703.6495306689587,552.5559924200866,548.1561047328031,608.1001025601958,584.040110583076,499.22171724147523,690.0936816918997,638.1324448171081,532.1449372442012,640.3928962859998,639.8999331826346,553.4880603309654,540.2341284617085,622.0210768896636,0.0,572.6809755947579,521.7095800216808,655.9467458176596,707.2220725700212,629.0448713664673,669.3954861581248,555.3500916884731,601.1109391456189,429.1742482313882,570.626293769725,596.485044186312,562.8268457315527,555.8492813576677,589.5770780002603,509.43663544753724,584.2587913393606,559.6961145099765,495.7113911920313,569.3445894553037,556.9975858272348,540.3248964114599,533.9404948095131,514.1870130499381,386.79488011930437,536.1700458370861,536.9375061064986,426.13205669522125,567.5552044255498,453.1657091001288,641.9005424365153,590.2943610588417,489.0043632433467,441.9223405499081,534.4926140276835,615.7884193397201,557.9209385735568,605.3977839655399,526.2239991039911,474.4913694242081,609.1706752426088,544.8075080690332,483.2234982421219,588.8088252038247,523.4338299602515,555.1961128670098,519.7530890111059,522.4565494406668,365.4570442803837,516.481898523536,531.2459266606545,553.6667690815035,585.4666567152087,520.2950852489809,637.7219991694263,448.93478902169517,458.1382675389433,446.819228266944,463.7982442993158,469.24999492712163,463.41210416391124,453.0285889096354,464.83290724138993,452.3396172179158,479.9781562413903,450.81697091700426,476.7373955811999,456.5354517623257,447.4948530398929,454.10954020876954,447.1491691324358,458.6218319208904,455.77877526288944,459.46362952796585,454.7584468089887,440.3535481455003,456.98377045000893,515.3460404423853,444.4555436575481
photo_truck,724.0495900517878,751.3189820278278,729.9794043842503,759.9091532228491,639.9173832290185,651.4520273976316,713.7976888722635,687.8708832055015,631.3487600956164,742.9789933415668,713.1610035891601,643.8804600394726,699.9698381228617,712.9827880125055,660.7585654798147,656.761119019216,714.1646088736608,572.6809755947579,0.0,612.4972291287645,707.862204903019,742.0082697486158,671.2335553217619,735.6771944057982,645.5032541922184,684.9499919269014,571.7778988183429,626.6927335945182,692.0492735749616,659.4365041304377,654.8347213313446,673.8925707431105,636.437320519357,674.9713371255959,648.3358306225088,584.8033417024292,676.3530360937164,647.0704757179377,658.158097377594,640.3975346086938,627.0525272821408,585.8053533542092,530.4146955678016,588.8575239245768,585.9685165900818,651.29489922413,550.9939444245963,701.4028843744381,669.1274599359566,608.6563614194976,590.1728505226578,632.2891785613475,681.1096028631007,650.8691786194183,712.872144878459,633.1453982660697,625.9161836827119,698.4621011022662,628.8872299914865,561.5062641949335,658.8561094561526,612.6760026952566,659.8957623782712,630.9977106636094,642.4317635528469,587.0819561781301,478.4434745869039,588.3837237465972,642.7034606357867,682.3749081431029,618.6875121388231,711.8495162003677,606.1422065270918,612.5263870329928,609.743981632666,633.004518813142,613.5776628334189,611.4628990613027,607.1379360399276,608.2972892863207,609.6769029600629,642.9212949319193,613.1897542124457,617.6256740336142,609.8742355398776,609.7564748827749,602.6686503365822,603.0807207010872,610.8250563406701,607.1431395014991,601.117133765318,609.6044088238182,613.9507233111331,613.5937478771842,662.524083327286,607.533278044684
photo_velo,659.8434451572548,710.251203142667,703.7404072022483,705.0419290928286,571.560450634476,605.302628309835,614.4692785551103,608.3475313056389,568.8973371143277,689.1897570677187,696.0581440692563,574.2233458918349,646.1046071174028,651.5627573977342,611.6469735073347,586.7510007702843,665.2971433094169,521.7095800216808,612.4972291287645,0.0,688.7865386575379,716.7446228040276,617.387576236802,658.0621533132366,555.4390708233418,632.6911075652183,544.5199115429065,588.0761701780576,603.8418029576605,613.9638342388672,611.6953712348759,627.4499391228655,567.1165048723778,631.8005505243517,602.7335117545404,536.6361064577876,611.5388962966003,575.3386208727261,600.9975028827159,591.7448636819239,548.1581352055275,556.7332327263375,564.5293438156822,501.8009521849287,523.1807368593683,602.861528661348,504.0798312714124,645.232822005544,636.7601851551792,555.8170109764569,533.1130234572466,595.0649930886472,616.0401004558549,592.872661363826,647.8762931678427,580.3669738831719,564.4495927935423,654.4753040541998,600.296165616739,541.8698526984481,623.6271147112349,560.1012011370698,599.3742677971792,582.6261593262684,589.8747736925542,544.1660336768795,564.4633993140715,507.2001774068353,595.2682211463189,637.5043613418485,560.557956085768,652.1444447101574,526.7100103759311,531.0894347636216,531.8580318148462,564.7130883391126,568.0786474682683,567.4192809757731,528.3170822001598,558.6924173750483,549.804935871718,584.1283045032405,533.0621345655547,575.970608299859,565.7444321286155,532.7722646190783,540.165098714181,545.1375316711253,544.6830933838443,528.811979115858,553.3463093900879,531.0210294486423,536.074923637996,546.3560190799008,612.2891454675377,538.7869840948265
photo_road,767.8237580795493,788.8019203058342,675.1452873715871,770.5773551693884,701.3598160659269,718.1307160774546,741.1524809315174,739.9781652697778,682.4150604795622,737.879121097579,769.268267897161,692.2497389418015,783.8193750682365,749.4887595576206,726.2998383261407,727.6910110697752,776.4513214866712,655.9467458176596,707.862204903019,688.7865386575379,0.0,794.2117695020926,719.4895559136068,736.957339135312,713.8405206877615,761.7056476706084,661.2479156090452,697.9920734302918,744.702727353,725.0294247972256,745.7298225897378,759.2768496109521,690.6259009078387,718.9811691584448,733.209933154514,677.7528017862212,706.8740484524906,707.3965660027508,709.5046059869554,734.1748767494571,707.9166521134881,685.9622699504565,706.658282189777,671.8054448699238,630.6454719889668,692.7317717068987,672.9388378835009,752.5300688170821,766.4488071502201,707.9550711761708,672.3581218815274,733.540946492505,754.3749198711931,735.0676202833824,780.5909543337765,738.3205499088313,718.1910567641937,742.8743589281671,744.8934207948588,674.4739996926913,756.6224460460106,706.5381968803201,720.6272947896886,726.4785714921958,726.9868975924171,682.851103864004,691.9870741706874,681.8008455654835,741.4704337265357,760.050179059605,694.6420642001526,778.9704298342745,695.0069481866797,699.9223128371679,704.2087012882147,712.2060147854897,706.3719364477869,705.8127579370754,707.1566923297249,700.3373007364215,710.585034299433,701.6481248823493,699.0722253519546,704.4891907255322,696.523123300553,706.622381820683,704.2731170974652,695.2176122093972,708.8084058649754,698.4184035499062,696.1301077182823,700.8221489761585,704.3670412924122,707.1091954084504,741.2829927287421,710.5662414116957
photo_house,706.6162085410859,713.3814475700581,793.4059945635855,725.7535156641497,700.1469289518382,713.7883587534895,686.3384378634955,715.4782287436608,731.9920786764261,805.4639363719746,762.7267645249435,743.1627530195782,744.890415803084,658.8856610623262,716.9352756889069,708.1404361923139,740.6175356105967,707.2220725700212,742.0082697486158,716.7446228040276,794.2117695020926,0.0,749.2916768028422,748.1640898776068,703.510024471185,746.5518496669016,738.0474628296902,710.5309277647378,725.8257077342686,711.4353773538651,729.2471854009156,713.3982061588094,729.3552391447267,761.3662631427001,711.6521925461293,727.7337768857941,725.0920526936358,692.8592128804191,715.5011936415308,709.9925651211629,710.0488267075245,741.0889503568501,725.0774566594008,712.1290478590328,709.3336423973452,714.6846866319912,703.2617114322018,732.477576690697,754.49901858221,708.0506897862141,752.2788675449992,726.4880060089433,724.7728709031187,723.4022437309505,724.2839785843278,718.6889677994643,720.7756533541047,761.8391656723124,719.6216145542886,736.928906725717,727.5247275614706,710.7693762577005,728.5638293548391,709.1419040126221,723.9881284463473,737.0755833122116,725.286998252892,740.4079815254961,712.5642691467696,709.3859118191018,727.6842013444764,757.0346975579201,716.7562181651044,719.8658085585758,721.6826416645865,751.3534311083617,755.5945831047896,761.0282633050315,717.8743441243377,757.737934245618,744.4590750308006,760.718709755819,731.5649059258503,763.315932764214,758.2453931060782,725.084454078039,716.042404053419,747.7446061318383,741.3273577519969,721.3773653092736,750.8732903698045,720.7529857481298,726.8482989253063,741.6028737656909,793.5846901896524,726.2164142219061
