,photo_face,photo_profil,photo_eyes,photo_face2,photo_walking,photo_standing,photo_hand,photo_legs,photo_bird,photo_butterfly,photo_girafe,photo_fish,photo_cherry,photo_tree,photo_flower,photo_carrot,photo_watch,photo_key,photo_truck,photo_velo,photo_road,photo_house,photo_mountain,photo_windmill,drawing_face,drawing_profil,drawing_eyes,drawing_face2,drawing_walking,drawing_standing,drawing_hand,drawing_legs,drawing_bird,drawing_butterfly,drawing_girafe,drawing_fish,drawing_cherry,drawing_tree,drawing_flower,drawing_carrot,drawing_watch,drawing_key,drawing_truck,drawing_velo,drawing_road,drawing_house,drawing_mountain,drawing_windmill,geo_face,geo_profil,geo_eyes,geo_face2,geo_walking,geo_standing,geo_hand,geo_legs,geo_bird,geo_butterfly,geo_girafe,geo_fish,geo_cherry,geo_tree,geo_flower,geo_carrot,geo_watch,geo_key,geo_truck,geo_velo,geo_road,geo_house,geo_mountain,geo_windmill,word_face,word_profil,word_eyes,word_face2,word_walking,word_standing,word_hand,word_legs,word_bird,word_butterfly,word_girafe,word_fish,word_cherry,word_tree,word_flower,word_carrot,word_watch,word_key,word_truck,word_velo,word_road,word_house,word_mountain,word_windmill
photo_face,0.0,48.466185552586005,53.279424815377205,50.09815066976296,48.27739618956534,46.20723437767369,46.85266770486191,47.30017865036799,49.64597623862306,53.67811314771348,53.65283269405507,50.30339555072646,50.156308371699495,48.82260714169245,46.488182184909014,47.64914465954187,46.81305899278401,50.73169377015412,53.40804669941286,51.373529112937845,57.634257917227394,54.7074531713083,51.68795009623898,54.01969079621319,50.27915274836199,52.599252520579334,51.12768353208336,52.605273093440374,50.15188610026622,48.69376911824267,51.61844594749643,50.734285643735305,50.40466625461621,54.133832338474456,49.02250582144081,50.8800363634466,52.739756855022456,47.385497062361345,50.04244992571686,48.282120560443694,47.82826270476608,50.37262313986114,50.99081347363275,52.954798844322056,51.25652234201112,54.62414140698841,51.328015441079955,52.828577963948774,53.49218719100398,48.600000495784585,50.198267440267834,51.47495879049775,50.23937587451979,49.965911222498534,51.20079661269782,49.475803538169885,48.06481528743576,52.71379864508419,52.06221510550824,51.7618119638512,52.09169296490935,49.340021106258604,48.14035554761115,48.53097168653889,48.269055949253044,50.289230013482815,53.17087927481713,52.0924626293215,51.4099820286501,52.08820101567479,50.86131220040643,50.65720682185742,48.098256196375694,48.79555927820459,48.662382309381336,49.493865525532506,51.37421073475144,50.98324724325797,49.10350182429374,50.6830717767497,49.91031112879059,50.85261379101778,49.79536501170621,51.173807870218766,50.96523683473021,48.56222974523957,48.75170803928453,50.84881868509535,50.05898060245252,47.31540245351984,51.1018694984474,48.187730203948966,48.39238693884183,50.02285085831271,51.50798432664455,48.68741633250738
photo_profil,48.466185552586005,0.0,56.317809971301855,52.673641815380584,53.303627189254044,52.10528145753644,52.237305938592385,53.1064879767296,53.68985553665701,55.2694233643737,56.45561828945259,54.03535819277715,54.17238722549503,53.650123893228404,52.71993410039536,53.48763609142282,52.88883399474204,54.41711990667013,56.13850279149166,54.747965643927756,59.239808558102645,54.735470705141225,54.93704134289941,55.33991430266259,55.34570589832924,53.41790098470066,54.799246503951146,55.90534493511074,53.960968740210284,53.944588077601395,56.109863486196204,53.97203846589515,54.24675520601755,56.62507954619432,53.433838056438795,54.9127781328962,55.79504275595266,53.75859176529459,53.82573113181039,53.76063425569498,53.66708214838215,54.18177261389655,55.39306517119543,55.823636021572305,54.87977288249692,56.70391705578398,55.31645362696476,55.416494098357234,56.54872684725801,53.965327096425526,54.271600600133226,55.75125121337161,55.04420856526889,54.3573515402909,55.40108120637597,54.324378931006656,53.43925224271732,55.6375511701225,55.7443423080371,55.71254958984703,55.84503691759987,54.20905110606153,53.95019612948467,53.92300165116716,53.730405987341996,54.304190072798214,56.964309788330475,55.50952913150645,55.57225431927591,54.882286088592934,55.347800577655136,55.218848522464135,53.87578365755617,54.143767044144305,53.926844001118646,54.099621609237545,55.574086202424255,55.48821302322857,54.39466283378139,55.35623119677987,54.589137230228815,55.62758338236569,54.65564281518974,55.63366657272502,55.18004979495601,54.14692588071078,54.220012055806464,54.844666733818634,54.661176713977106,53.90907433758432,55.36399605497215,53.954785079343985,54.12875830431951,54.67466561803913,56.19121789729748,54.140448129921865
photo_eyes,53.279424815377205,56.317809971301855,0.0,54.761564824227776,55.80898191318206,55.06308035972793,55.90750103028901,55.84485977384385,54.311653503988715,54.724744868343755,57.9665423892612,54.285587389714124,56.146265760625404,56.69074954730942,55.37544038642518,55.246186358391114,55.61618058407506,54.02904155145176,53.457504151539595,54.558095602423734,50.487800543248234,58.92897657979451,54.64772081978404,57.71544762895202,56.35339625145036,58.12119717878744,53.77282356833299,55.84424148275373,56.820398893859725,55.835765438475455,58.467606695411284,57.392121332254305,54.75471334009788,56.82246365419656,56.5495060050192,54.73586872157567,56.63076100902801,55.772456699820026,55.953466159117056,55.686855751555385,55.65630957875071,53.65271935552851,54.51682679852473,55.34049608092831,54.32069064217695,53.25361295415775,55.06651611301846,57.54971415336462,58.444022852064776,55.26669761897376,53.25970234160783,57.42238407467099,56.665896648536,56.616477142669765,57.741415658536766,56.603371419411445,55.36956183114842,56.55701542778772,57.478474803390995,54.68868157998587,57.35692618758713,55.45529855219471,55.06625673328205,55.61020562775563,55.389337677324164,53.802996004592686,54.46200368423962,54.86856792681203,58.03474042573148,57.61546496853091,55.481173697429426,56.596645181009116,54.00067638420002,54.12948236853467,54.522746051069234,54.288868400224864,55.19945160882861,54.81564909286004,54.62389678563539,54.76397233289105,54.43907620000788,55.02845529131271,54.24191517542489,54.916519569353945,54.81021649969536,54.51988784401079,54.3530544808842,54.47612776374602,54.699584582241044,54.05051760320021,55.03751332519655,54.164480368271086,54.30835511341474,54.5942206457946,55.519453669534215,54.56293245581548
photo_face2,50.09815066976296,52.673641815380584,54.761564824227776,0.0,54.248828212752144,53.63501008807134,53.18126605326875,54.36552937751,52.91338659483941,55.49092635824954,57.13273225759342,54.42413431758168,55.539087527473555,55.13198316965726,54.14242423238066,54.45853849022391,54.79223759801677,54.578705633286624,56.50537705224321,55.27877668151609,56.704901877049274,56.66798501019614,55.38405789478282,56.24477919157091,55.48739698281516,56.32661293252809,55.44428138888363,55.06286054178452,55.8227693855133,55.39606877765532,57.539126572120516,56.02147724531688,54.62787199263616,56.56182271104276,55.55818243106769,55.7722209247739,56.498554413408165,55.09448082384858,55.40109036660254,55.14408423911705,55.13249084353052,54.556372129228244,55.664133967321774,56.47414197518414,54.77560940224743,56.75268573830822,55.94997841703861,56.860044696526366,57.39566277654248,54.86680746784612,54.94757710833244,56.62041194045865,56.05794081782713,55.678670428742976,56.640067208510196,55.93014075029606,54.918553632535016,55.96535372745784,56.805100628794975,56.185383906280876,56.47314707112767,55.05915967408209,54.787327475639216,54.85432982933161,55.080049538634334,54.7764809860211,56.88321003502284,55.85188224376907,56.80998382620296,56.58489010946792,55.53970084492827,56.277027887603936,54.10452375510006,54.414614951510856,54.450219039797176,54.595121242836875,55.860418982662935,55.438676831115764,54.966725278039746,55.6216974054146,55.05424962773603,55.47948569050448,55.10114706349907,55.76862546771144,55.81971132507204,54.676979524341995,54.54842780559044,55.31044697799579,55.01334612847452,54.15270981440196,55.860069454155614,54.314307147626884,54.1538056628859,55.111309217814444,55.98460482071139,54.39910326969174
photo_walking,48.27739618956534,53.303627189254044,55.80898191318206,54.248828212752144,0.0,42.72193093576319,48.048739234337994,44.50168611589119,47.33131309017116,52.25213243496239,52.33923116522047,48.970488010916235,48.59648732520466,49.236297560249575,44.676237563766186,45.84758467092454,46.86484654701298,48.3992016644852,51.45156396019592,48.39642213373828,56.19145489998939,55.43347335016734,48.6456342275555,52.77593905472823,49.19052787018101,52.543913330915665,49.88570749703941,51.64996761226488,45.22567261649145,47.28855648962424,50.279059009159646,48.62201751186572,47.957881959859144,51.58210978860242,45.60465200671421,49.51706097218131,51.57295100015374,46.92854606357826,49.498159184946694,45.32992167579924,47.334860090484526,48.8631454368749,48.59022904949846,49.980544542253945,48.928090237344925,53.52472490764631,47.49659731333128,51.247912077729936,53.28240422393946,45.86515829326231,49.407428370191944,50.05433269296269,47.86095669272502,47.13765871260371,49.79276893498425,46.589941921862994,45.41783965910173,52.26571120979025,48.7947755311288,50.69500480280896,48.44505874022602,45.60555693004432,47.37297910163038,46.22545896568283,46.4680478428553,49.03635930717641,51.510257718260135,50.37007197260427,50.308131723869344,52.58485373013623,48.68691540486015,49.55452450374413,47.43917688290171,48.31419904098429,48.16104842732524,48.395966830755405,50.40978990511009,50.152454934956964,48.218467321456906,49.80980877918037,49.06014984285336,49.53182906264402,48.76154760424833,50.304841677549796,49.6319382531303,47.80409741672833,48.00775686603652,49.64470155374363,49.434628168400025,46.559378916361744,50.029693639894155,47.51788262165675,47.06421444918344,49.03903843599801,50.33381832444786,47.25509224890842
photo_standing,46.20723437767369,52.10528145753644,55.06308035972793,53.63501008807134,42.72193093576319,0.0,45.274928216641875,41.05524610339819,47.30285473938537,52.57661141289484,50.57208004674725,47.711695236556864,48.24113409114285,48.17958189375678,38.83831581732906,39.95960310693682,42.600510837942224,47.61057362488762,51.7044508106648,48.723512285945574,56.08314706911557,54.41395494560473,49.47413278545673,51.6993204341692,48.93370745371188,51.73892781426255,49.215184219999415,51.71167009338441,46.25372848849964,41.35579057961335,47.05870968610873,46.38745063876433,46.78777133648389,49.777836143812394,42.51245040353653,48.62153384004989,50.98843153734323,44.423938475735916,45.86610754686623,39.301147355263666,43.398109584963386,47.76511480633808,48.68431705109237,51.66884530280076,47.207711341309995,53.37466459948615,48.63621044913668,49.390519144005026,51.81442207559958,41.520263155409054,48.13311172754307,46.70136757484049,46.377667534655316,43.73933164553851,48.41078758547216,43.0342726356755,41.7825178353455,50.213352561802225,46.50332925301264,49.54417505240747,48.61766802972137,43.6730696942226,41.721415529865524,39.87832696880335,42.03285362927035,47.52812310095485,51.38643610466199,50.24259248057087,48.04505768337084,50.01031221217984,47.68062353653115,46.82362528887046,45.96164318790563,46.682271758673025,46.536675274591566,47.02897110778444,49.22276416318813,48.801606716648216,46.81434347719928,48.54004558191398,47.96713597757106,48.05640930714028,47.86844909740683,48.90732980691351,48.6448434641048,46.683437194196955,46.456267536626804,48.575713029349274,48.36299339527449,44.96539618837237,48.88457185209349,45.93996878047396,45.87571933398008,48.029921942924624,49.176548627206046,45.90943146292231
photo_hand,46.85266770486191,52.237305938592385,55.90750103028901,53.18126605326875,48.048739234337994,45.274928216641875,0.0,46.73161182338238,50.11820175981088,53.76587357829075,54.257539595523816,50.15754090538467,49.75430292702773,49.30677764056,46.93349818041955,46.81575111630365,48.0181598065164,50.9236095512504,54.831804741974,51.199045483684785,57.853508538912706,55.60831810241455,52.155430841300735,53.545815693021275,52.15634225675075,53.56707195647466,51.4569081714328,53.376107365958894,49.59544362817238,48.32099158501238,51.17575307826211,50.45899065437997,51.24078363134935,54.04801247346874,48.75020344987681,51.06909745406236,53.10236075554638,48.0558905764062,49.980615351825826,47.838876082734814,48.105609980818656,50.84297130153405,51.47113334665658,53.84562606415094,51.072862922755846,55.40807233671676,51.41313532442281,52.48591553499542,54.99612056400052,48.59248043008554,50.88142882159714,51.994607529905615,50.415386071631794,50.05106846559209,49.3098614181404,48.65147340710283,48.6848509561289,52.90057487649986,51.50629545564227,52.26158084622748,52.26084049801407,49.04638631199449,48.686760422853524,47.46980192696631,48.419429533308914,50.98595287586506,54.356451581569296,52.631416388825585,51.864045903158186,53.08703362520776,50.9342562760295,50.64579693858468,49.43555696476146,49.41262076605629,49.458629741498136,50.35931627426547,52.003979888288235,51.759955119254904,49.80737961357641,51.575309430004296,50.903247342181444,51.550723345758236,50.857330410584275,51.97209306586762,51.758140404595174,49.558375151173806,49.74337100358514,51.39701949692453,50.97045030037363,49.01072722041321,51.79729377718503,49.23990808169716,49.446329891561795,50.9458723557548,52.231114707710226,49.33360973814428
photo_legs,47.30017865036799,53.1064879767296,55.84485977384385,54.36552937751,44.50168611589119,41.05524610339819,46.73161182338238,0.0,47.24729173837352,52.878285672990394,52.02481076784682,46.83600528493756,47.85139836499577,49.3141911177937,41.52701430803209,40.27140337299881,44.01381022451917,48.23743782973822,53.35203130826039,49.41720032140579,56.696654406358384,55.41969470464437,50.274143929976425,53.12157920000393,48.94797040272445,51.966727408487436,49.66621959957563,52.67898443831375,46.27022520987935,44.60438939937461,48.36236823130711,47.143136263875476,47.01733981460631,51.330213979506304,44.6469080134772,49.41024788182596,51.68123335309768,45.04736464163992,47.91339729592679,41.82402817148423,43.93852174392149,48.180195729988355,49.681831875860986,51.82216961204335,47.46040151075928,54.05806479864296,48.31855700818126,51.526032121456545,52.12786455020819,42.65317309947554,48.463259783344434,48.52206130442293,46.94709710166559,45.11874605374088,49.769164128962394,42.9921129645997,42.213978574689776,51.267345130047346,48.52419328145613,49.89545047595321,48.614287297338976,44.34452146768012,44.723834180299704,42.54831581298803,43.79976818165464,48.050880621330975,52.16174064948151,50.87043296255082,49.61223291417895,50.89462330752064,48.22603154020546,48.28298369249358,46.471311267271716,47.08038098031052,47.178173396055115,47.39040418493825,49.467865052528026,48.745009018491224,47.11525439822367,48.46905690657993,48.248479901246796,48.13181483918243,48.25907538931048,49.32636847454517,49.07058731365191,46.924304272391794,46.820824034480424,48.87509235708437,48.655295525133134,45.314378405891965,49.036490764968505,46.33815943745012,45.871716019886144,48.45358162783343,49.5609248825545,46.07556832120815
photo_bird,49.64597623862306,53.68985553665701,54.311653503988715,52.91338659483941,47.33131309017116,47.30285473938537,50.11820175981088,47.24729173837352,0.0,49.84607140258487,49.16355821260303,44.04085053174055,49.403519353916906,49.731412098337046,46.01335247949125,46.1510565712305,47.11554590815318,42.94475778875294,50.26960669874448,46.77474062577161,55.14574859424689,55.76624901858903,47.956809391770435,53.68238994376169,50.334509783401536,53.04938218338499,47.64822341714401,51.272101430597594,50.30823543387532,48.71835082015124,52.371950124012955,50.51662163264051,43.30377119081316,51.77277454670527,47.673641336900495,47.9117281566369,51.83401689598597,48.68318455817668,49.74378788438442,46.91152734370917,47.803080862048084,44.6719518198767,47.222341969176725,48.735978611915726,45.76319133216652,52.41804045939547,46.68195793085329,53.05436487505735,53.203457206603346,47.59971946296462,46.753255855083694,51.06784185380426,50.78096417170043,49.726025995998604,52.4421674446806,48.67719248497828,47.10088200949453,51.48208967519423,50.56416767631657,48.37243894867636,51.14845075229016,47.68605993523348,48.42195589215141,47.958459454089784,47.382371537398484,44.97699850072775,51.14857353615956,48.959283864475275,52.69329036678216,53.02713076323366,48.957140445065896,51.220947563531524,45.47201587818071,46.23081529016729,45.68916085085658,45.702865707036615,47.97943918681699,47.48114597033965,46.215052509530835,47.36910919601513,46.35619058032953,46.99842404992571,46.35027068735901,47.58752449083881,47.19441827794433,45.49869028715759,45.538115211664255,47.08953353241151,46.73504247500291,45.00875886088472,47.46814273456537,45.67001696646186,44.969204532980044,46.282298805500176,47.863895569893266,45.4955979116399
photo_butterfly,53.67811314771348,55.2694233643737,54.724744868343755,55.49092635824954,52.25213243496239,52.57661141289484,53.76587357829075,52.878285672990394,49.84607140258487,0.0,55.91318337977745,51.6989477029892,52.557647166393934,53.57011703529809,52.24151815223375,52.62530859374631,52.72000961096271,51.31789675014938,52.73614334560569,50.52037224747144,54.009131560912074,57.30042017695277,52.338963516550095,54.20576865387174,54.103456462633865,54.43087992890485,51.26349981772711,51.99068746232321,53.00546948864244,52.744489598664124,55.54450674560927,53.97576959463151,49.92799272271189,52.03835685567537,53.351877815408336,51.39583698839562,52.95145774681301,52.655489400156625,52.735978354160494,52.23263831866601,52.40769710278612,51.18846030181908,51.20600277894291,51.03391399412177,50.89372033354491,52.96078530477046,52.09416544909867,52.673728890663064,55.607568728758054,52.61160605470691,51.59542204629891,55.3086163366105,53.51156340139534,52.9533086093577,54.62722227245149,53.55828432156822,52.028628219754324,52.50774610323358,54.324841342265316,52.61585978741176,54.74913629517015,52.04710780197039,52.384439836649804,52.72047526832005,52.85184612230104,51.498476270132336,53.72127646042884,52.199047930625945,55.28111735790231,55.34040305085356,52.58768713736688,53.19052894483463,51.69668357504596,51.700290265087034,51.64272718387869,51.78277686637331,53.53726518425333,53.604478956543446,52.44253622189511,53.30554640034892,52.19698481846511,53.48746489424227,51.84438005754635,53.43490313256672,52.900916846230324,52.00722135386809,52.05692628215273,52.53882038686769,52.447081668891826,51.569944299405286,53.33068965522612,51.66776363711457,51.92890287981397,52.28121388589554,53.833756680398686,52.40443095723115
photo_girafe,53.65283269405507,56.45561828945259,57.9665423892612,57.13273225759342,52.33923116522047,50.57208004674725,54.257539595523816,52.02481076784682,49.16355821260303,55.91318337977745,0.0,51.59475933631149,53.573741721199596,53.776599647262174,49.754711435169554,50.83836794428192,51.42119932651515,51.30714712816171,54.42805793488664,53.8438827681337,58.86182025650422,57.28076961308419,53.304831954323795,56.99966932678878,55.0303561692174,56.488074393941986,53.79409451560047,56.07546174194388,53.9728269184991,52.50802244617832,55.56195855490553,53.52973821793509,52.523509507729884,55.50072109218511,50.894260902030524,53.892461003046755,55.546621946009786,53.18031670568398,53.71944399688674,51.80797207894216,52.65905903937498,52.29393545577102,52.72431582962565,54.49255798910172,52.582778244601045,57.13429844727334,53.79339690185938,55.59772981993937,56.89910314105435,52.24110395121702,52.784892311384255,54.24244216518677,54.65120300090663,52.76828013169882,55.527965089309426,52.66260264414877,52.60517583627531,55.95829971905991,52.86914658324449,54.20372327117146,54.56524130715338,52.782707363361595,52.22649920610516,51.97772091332816,52.53733401078038,52.17805911386476,55.23714596437369,54.42285319940814,55.498351275073006,56.745256610004645,52.84340889012096,54.32869784867536,52.68401107574868,53.244038367921235,53.03187951041442,52.89348048350169,54.36636346690226,53.92932680239538,53.42888378848837,54.04106677124773,53.815850285779945,53.387452530287916,53.85694974488031,54.07941791456272,53.952636788211244,53.16966172689182,52.797424217026915,53.78896308564071,53.88857021248386,52.363327384479234,54.112282408953945,52.814931587109676,52.604444634733476,53.66963950819736,54.20617161543724,52.82263366424187
photo_fish,50.30339555072646,54.03535819277715,54.285587389714124,54.42413431758168,48.970488010916235,47.711695236556864,50.15754090538467,46.83600528493756,44.04085053174055,51.6989477029892,51.59475933631149,0.0,50.36631713530433,50.83611887178057,46.54647371719365,45.89314629369348,48.17788066027509,43.73686583446144,49.37129744701966,46.99385596552183,55.577125304149114,56.0059637820886,48.77599785223735,54.98020620958092,51.32188903246164,53.39503422605275,46.501734070258074,52.83954867792863,51.305215905008716,49.078015221902405,52.59337166661065,51.99661164797213,46.288922529106635,52.638847206459594,49.10626184539386,46.44292292361862,52.28387486681042,49.190619023534765,50.322874500826,47.38214427131064,48.388869452246794,44.27274381065087,46.42023019137795,49.673377764876115,45.351980018682795,52.84070230909186,46.94427679611485,54.56516715420387,54.06318388108123,47.31987189008151,45.78154643335266,52.17575771732056,51.87952469800445,50.65051321849928,53.0889641332466,49.62256342548962,47.48619022361002,53.04441201120004,51.552108258594366,46.78977826870913,52.126990927708036,48.17686152813396,48.806544768447196,48.255746814074634,47.805594959424575,45.27892344447175,50.37057439530917,49.44791385620891,53.39913616531491,53.638221736286134,48.86740272775044,52.52187342646895,45.583466500517524,45.89210299100329,45.76632945342354,45.69387067443787,46.31428014698816,46.37058306099327,45.75404042165779,46.363200797269755,45.789408355166884,46.87517807491727,45.81902407512331,46.68933800917876,46.21251714546621,45.67741398556392,45.887937660677686,46.047498623220385,45.97207436582557,45.33712589378353,46.026129559372144,45.73972494607295,45.15604607160313,45.79950056061362,47.45630522505127,45.52966618965562
photo_cherry,50.156308371699495,54.17238722549503,56.146265760625404,55.539087527473555,48.59648732520466,48.24113409114285,49.75430292702773,47.85139836499577,49.403519353916906,52.557647166393934,53.573741721199596,50.36631713530433,0.0,49.15414829323168,47.51083820417548,47.3495278566012,48.99513912829021,50.368830395744986,53.54039398461135,49.366221114807516,57.448706248097324,56.71565997232651,50.458122544508846,54.21207590574753,51.49540463108753,53.171711654252164,51.289095758814796,53.975356338546256,48.76069859084952,49.3540842784724,52.31538297628193,49.93152386989946,50.250433905182376,52.759942456077546,48.30884153116123,50.740530851936796,51.675043424459396,48.921731176556186,51.37638857677551,47.9026590787636,48.32473432469032,50.1213325275509,49.43392889955402,51.951712324836,50.603446913328895,53.94301414597436,49.8254816646551,53.1876766711856,54.53953280398631,49.06432801969446,50.24751535736563,52.34513819282439,49.781269388994275,49.79142859145119,52.74792825130811,48.10454347028409,48.150615079317085,51.09524348225335,50.45735689099688,51.24644804654603,49.487120508063455,48.498238093449785,49.06746363589704,48.25685085714905,48.75315575745668,50.2261156560328,52.56516729100752,50.76640738255764,51.50114693529251,53.06890721646345,50.73065180419687,51.26109829970494,49.073523201713556,49.30709676481929,49.25094871339267,49.83373423923073,51.35967938832332,50.962177381655536,49.413918812750545,50.86172906884421,50.219214474891814,51.34787613524549,50.17368097366945,51.260957320641,51.28241784868624,49.063674718385585,49.1830267808896,50.888814822432614,50.61581348178204,48.271409384571825,51.350583186141996,49.226261693555244,48.81132518391074,50.38624791743541,51.858175828365155,48.921665870585315
photo_tree,48.82260714169245,53.650123893228404,56.69074954730942,55.13198316965726,49.236297560249575,48.17958189375678,49.30677764056,49.3141911177937,49.731412098337046,53.57011703529809,53.776599647262174,50.83611887178057,49.15414829323168,0.0,47.424062926845416,47.0454420198468,45.75166420469475,51.27970586307451,53.975832449046784,51.066801998464655,57.18551056177004,54.72378428707636,49.31331789632842,53.154395401794325,50.416216117819495,53.22981797964247,51.81167042575555,53.03081532249775,48.646003068121985,48.149994205458626,52.365961701809475,48.84576220727435,50.723238638801256,53.658683336766444,48.44804257346342,51.0052580976603,52.12619981982515,45.20501792699161,50.88682125145301,47.80753561007732,47.17236610741077,51.2022757174976,51.530287290601,52.28888654445519,51.64944432994784,53.56015861531237,50.75400206253189,51.73451478544481,53.84500558347151,48.45676132966625,50.93858954495403,52.680301744443824,49.74118331143058,49.59255270013544,51.33180765323577,48.78422926514638,48.934676438039254,52.2394727608824,51.20457722709908,52.465328383341394,50.549598303212235,47.65730285768136,48.70156315868803,48.30208529760948,48.116094874891076,50.94203895161812,53.634912696450066,52.2608439878388,51.175787453285764,51.66501215317609,51.30906676041313,50.516968788451344,49.51525246361205,50.01804706664528,49.69229919038892,50.53950768798525,52.20880792165789,52.08863028767288,50.26366740486182,51.85004475436992,51.268588805837354,51.99674644662895,50.73340567521665,52.058861657876314,51.72760738400812,49.90798163363902,50.00815182354011,51.57512518159753,51.43862746385773,48.77286143583229,52.00308381096221,49.465088658220566,49.686843027649786,51.25185184854615,52.420889085228154,49.925902602129725
photo_flower,46.488182184909014,52.71993410039536,55.37544038642518,54.14242423238066,44.676237563766186,38.83831581732906,46.93349818041955,41.52701430803209,46.01335247949125,52.24151815223375,49.754711435169554,46.54647371719365,47.51083820417548,47.424062926845416,0.0,37.790132913169586,41.0107863216556,46.59137250966294,51.626522813215146,48.16512788099873,56.342003314972224,54.649924272679264,49.559757348964176,52.858206052054804,47.99584456868006,51.01447297631663,47.78542079821395,50.83347939116667,45.69843461264798,41.5304729712452,46.16960679918427,46.765510501042854,46.034053510300566,49.491440237485904,42.414801824374365,47.60341067789396,50.010554906240706,43.493677506297736,44.53897329726452,36.85647347584423,43.378316878473306,46.45051429904128,47.835603547646535,50.83417647546432,45.61740509721072,52.83324549904811,47.18212768771838,50.54571105517251,50.2682222730564,39.632712968809415,46.95689676215901,45.74677429829079,45.76697087484874,43.45523568293026,47.96115171585682,42.523594649402725,41.43730376626631,49.58032602102813,45.75242882625114,48.45602513683198,47.69050272330595,41.915688187364154,40.19938570466159,37.233840033525006,40.635376701422054,46.373489344844444,50.48616627637969,49.51965418991923,46.82617441102825,49.83957616142809,46.11987317800465,47.12742183414279,44.78925909635271,45.6782460156565,45.40510219540662,45.77979022739824,48.277475991115196,47.805976073272234,45.77551150051024,47.37117919011204,46.879417160147455,46.90687779477454,46.860873349097176,47.94927945950836,47.63952981671671,45.523412429559826,45.346302897736265,47.59755228969077,47.451509759743885,43.807976231315166,47.91127132630675,44.78628787752439,44.514347102364276,46.997120728009264,48.0565296962817,44.71219105888044
photo_carrot,47.64914465954187,53.48763609142282,55.246186358391114,54.45853849022391,45.84758467092454,39.95960310693682,46.81575111630365,40.27140337299881,46.1510565712305,52.62530859374631,50.83836794428192,45.89314629369348,47.3495278566012,47.0454420198468,37.790132913169586,0.0,41.47292455113877,47.05693672859481,52.40368438642299,48.66660731193474,56.03931318725548,55.261557612920306,49.187401819138614,53.436176851106794,48.63478649444205,52.42140805331205,48.203199002070626,51.92208079673063,46.35967377367549,41.46968517805973,47.87488461651724,47.23169805677147,47.01341125185204,50.72561961176439,43.51247281983662,48.506902028144474,51.04050654059289,44.26988366647709,45.63262742202665,33.98920193240975,43.21102721927598,46.89653204368464,48.58942643745918,51.7866141662945,45.89035801659692,53.761430207740865,47.91154279288384,52.146090677815,51.25280432227996,40.66623278700745,46.914420581578,47.10108943197177,46.75293257196574,44.214676200594354,48.47066391560953,42.08047384112053,42.14490735314391,50.705011170889065,45.94381716522892,48.523633888060864,47.441417136595284,41.09724541258951,40.06342941661317,34.63027515722114,40.14800401880984,46.49185575132285,50.7879106459743,50.018754700087605,47.60029674181077,49.61950981917537,46.71963326306525,47.78236161350465,44.79169694651638,45.68496470997763,45.744190472568604,45.8616472672748,48.12238705632794,47.57147824140484,45.50762333449223,47.39899808459277,47.038103336731524,46.52799087869378,46.9078227487703,47.83527379139778,47.579075115728855,45.62463286788014,45.15250486636865,47.60881889009444,47.41128286137768,43.776200519035314,47.78503961964808,44.51911613506775,44.6345189609559,47.10265617617308,47.77127095863847,44.59600441249396
photo_watch,46.81305899278401,52.88883399474204,55.61618058407506,54.79223759801677,46.86484654701298,42.600510837942224,48.0181598065164,44.01381022451917,47.11554590815318,52.72000961096271,51.42119932651515,48.17788066027509,48.99513912829021,45.75166420469475,41.0107863216556,41.47292455113877,0.0,47.931772119135296,52.29493837818994,48.515268740188134,56.66382544115384,54.64413186520807,48.717875274750455,52.845555693232996,47.535447313529595,51.19210577412947,48.511689087082985,50.8622957580323,44.8874992061203,42.84715974396963,47.872403566656395,47.52126663700632,47.09645102731565,51.59890145612031,43.81913537136185,47.82571681935227,49.970037270568426,41.83028113851657,45.256067702108695,40.75883579286419,41.060507986858546,47.26214839499044,48.46945726362811,50.73710093958273,47.491329816328445,52.64686521842713,47.76256094915747,49.51960234011622,51.64696158257802,41.57952280289971,47.25285444844136,47.93820883851536,45.64079563700464,44.30089249989102,47.03293281388589,43.710387143384125,42.46032557241754,50.64323321031274,47.155001035602865,49.06388000552396,47.478175427833484,43.952730030221886,41.7856206968334,41.30177535663978,40.84751571043882,47.084295349507784,51.271973519419056,49.7095503197068,48.47530275409526,49.31213951503835,48.29558408659642,46.51908876877815,45.43725337922325,46.31953630238551,45.929921018273326,46.751618629667576,48.84715433167782,48.6893857153087,46.513657966504255,48.28138119473261,47.52883824415383,47.96233307564075,47.34174563236847,48.690040253046604,48.227471671135476,46.20253155509344,46.01634225195021,48.2232764523111,48.031619136476515,44.55559534627657,48.431839873878545,45.25787981166773,45.810433651774275,47.57343587734112,49.12882738514261,46.019289362342114
photo_key,50.73169377015412,54.41711990667013,54.02904155145176,54.578705633286624,48.3992016644852,47.61057362488762,50.9236095512504,48.23743782973822,42.94475778875294,51.31789675014938,51.30714712816171,43.73686583446144,50.368830395744986,51.27970586307451,46.59137250966294,47.05693672859481,47.931772119135296,0.0,48.55350325943296,45.31402157485837,54.82844480177057,55.74557302802318,49.31338377043381,54.11379506040687,50.23345763032455,52.24405427369937,43.49280340738211,51.77272218847127,50.2352973547826,47.714229072270655,51.53048518017942,50.68334501439372,44.352512300378805,50.27829224432585,47.60583722005498,45.403237262530226,50.05453238771518,48.43596255850596,48.5995457356285,45.91162241233557,47.43973870622384,33.61687040131356,44.69188583431327,46.767773725427226,43.543380440293795,50.84864476809013,45.1129595477838,53.05463485422812,51.61381254711578,46.32108124508949,41.34800423426882,50.229351901518775,50.78396261212699,49.37281787888397,51.591432437768134,48.253361643806365,44.069433317637184,51.15074737013488,49.88723798431509,43.88712700811218,50.25265207823894,47.641298914697316,47.21889962170719,46.958660046453105,45.8281931236999,35.04290756224273,47.23767919196594,46.67043672279524,51.82844562338668,52.09168214933663,47.40206177911075,51.33597097253865,43.33760294985871,43.48116238674225,42.96727166648939,42.087513016077494,43.270994085618305,43.05815754609546,43.77972266621671,43.20412407480954,42.364047217219955,43.23823055176269,43.360662715225274,43.410638198397926,43.02048045110759,43.045232782621014,43.23147509755898,42.53594202314968,42.96855161000057,43.00808404621587,43.27394755824605,43.923102706936625,41.90364761276496,42.781772595946975,43.327625597484044,42.268381146109945
photo_truck,53.40804669941286,56.13850279149166,53.457504151539595,56.50537705224321,51.45156396019592,51.7044508106648,54.831804741974,53.35203130826039,50.26960669874448,52.73614334560569,54.42805793488664,49.37129744701966,53.54039398461135,53.975832449046784,51.626522813215146,52.40368438642299,52.29493837818994,48.55350325943296,0.0,48.58534911676503,54.21531567815075,56.366696231883466,51.2006231046092,56.10859231171349,53.64416073329604,55.770840948610655,50.42050612532162,54.135461589353135,53.95176197888058,52.52592054539962,55.592495666796765,54.516598995313856,50.690296407527136,54.127786072614455,53.06449840746619,50.150376342259996,53.55388697914155,52.68709617723623,53.44150981658483,52.03901480638299,52.717313366263,49.05917304284217,44.86093811841562,49.38526364710377,49.81703308332443,52.49968090801131,49.862068650583524,55.41783719215355,55.24987595126694,51.73396131263694,50.10262263245712,55.241222432328726,53.80265221959879,53.71533080415528,55.30969097020457,53.536181398699654,51.740334704286916,54.51147922779611,54.38372847956295,49.41954849645425,54.3481181422864,51.6639281007604,52.143376932445044,52.22946284696048,52.21434152908934,49.39549871444463,45.812260634176766,50.15026108792536,55.34075716046336,55.62400048218686,51.94342741665541,54.6144917591152,50.926487722219775,51.00763993999683,51.01189771369911,51.001157056140016,51.793704456629456,51.777143232310195,51.60921435442362,51.63485486608003,51.03159760747763,51.97466740304552,51.05206512059341,51.720419085623845,51.32978165803921,51.36013922418818,51.102486531512355,50.86448963191774,51.39536452061754,50.80519825047503,51.52613790872499,51.080120135388015,51.01521814118608,51.372887320095856,52.28817331460427,51.32730066556748
photo_velo,51.373529112937845,54.747965643927756,54.558095602423734,55.27877668151609,48.39642213373828,48.723512285945574,51.199045483684785,49.41720032140579,46.77474062577161,50.52037224747144,53.8438827681337,46.99385596552183,49.366221114807516,51.066801998464655,48.16512788099873,48.66660731193474,48.515268740188134,45.31402157485837,48.58534911676503,0.0,55.239236352012554,56.457900112134595,49.23046510745545,52.86469218225815,48.12721481203536,51.168121849849875,45.3078965450767,50.334347336234686,48.59515556516529,47.40046926767819,51.27356699099857,50.22484798851082,45.962541312811034,49.86249652873708,48.23207139362243,44.30664576686343,47.54234914803236,47.41473870575725,49.348759028659686,46.97080238127066,46.797924856092386,43.66927435963422,43.50006604931379,40.60169338283045,44.77522643182008,49.87725099976219,43.80083306722419,51.078065417636516,50.67578989749681,46.4851615841889,44.50226943494006,51.31052830455988,48.4554386208445,48.39706496375537,50.69300040950044,48.626719845763446,46.10597334213246,50.217540253532675,49.42619331930097,44.55554257843405,49.00021502692163,46.093726934495685,46.91947890102108,47.338378803973534,46.92441846857028,43.81081444147528,46.311169770626655,41.077919696675956,51.241195251048474,51.32033320680189,46.54381628688187,49.296228950331006,45.75859831470478,45.56139130524746,45.251708543429515,45.63306683040056,46.97947883453268,47.2802233708807,46.3031857501107,46.897825276227096,45.77387696991739,47.345536813469614,45.71052393480597,46.950199693628726,46.175184813196864,45.913931938641426,45.774257515488735,46.06548047309876,46.29943063170236,45.41978732672418,46.460510978196794,45.788814577653966,45.57478091989449,46.22760682456135,47.862874925942826,46.02628603788173
photo_road,57.634257917227394,59.239808558102645,50.487800543248234,56.704901877049274,56.19145489998939,56.08314706911557,57.853508538912706,56.696654406358384,55.14574859424689,54.009131560912074,58.86182025650422,55.577125304149114,57.448706248097324,57.18551056177004,56.342003314972224,56.03931318725548,56.66382544115384,54.82844480177057,54.21531567815075,55.239236352012554,0.0,59.035289640684766,53.24072587030659,57.28470319872164,57.85169107434955,59.77247207401231,55.80130124062367,57.67704507881703,57.84398372140974,56.74342266316218,59.76160302603523,58.28824759399657,55.19973517332049,58.153251076471726,57.31598597683497,56.371474595717736,57.478895510678875,56.354778337375414,57.250762334033865,56.33587684249167,57.086450355963095,54.73225283015933,55.40334360633875,55.23049072299903,53.73840597423206,54.91270929374922,55.42596832460256,57.34659905878469,59.67956125889379,56.33729327493105,56.21840845791011,59.003711592593056,57.68783673408627,57.54992708064181,59.18334858624778,57.67553297377279,56.70851039942867,57.69198019362452,58.712191841697354,56.09711494615537,57.963793035563576,55.89348877379471,56.41108311503238,56.50065814924452,56.67527555826532,55.284119937553115,56.38360159654921,56.11207081626453,59.09945532622566,59.2333394903099,56.61752331103199,57.655550089938515,56.20177267380147,56.23940196115971,56.342674720677294,56.474241697277634,56.84090353242435,56.38613853494769,56.752828063718695,56.6635323494711,56.590429944063125,56.61531389750904,56.49015671684654,56.47058210718837,56.534510501909324,56.60819932387269,56.400882532010506,56.24086766257716,56.73082038200062,56.09551477062223,56.68068799432935,56.30587989403594,56.347044348514835,56.488197050880586,57.14190215049178,56.621870858544064
photo_house,54.7074531713083,54.735470705141225,58.92897657979451,56.66798501019614,55.43347335016734,54.41395494560473,55.60831810241455,55.41969470464437,55.76624901858903,57.30042017695277,57.28076961308419,56.0059637820886,56.71565997232651,54.72378428707636,54.649924272679264,55.261557612920306,54.64413186520807,55.74557302802318,56.366696231883466,56.457900112134595,59.035289640684766,0.0,55.761020631874345,56.60039564230358,57.25773093278093,57.85817339075988,57.330475086181515,58.457671613194165,56.9535158802993,56.03083009379679,58.88584922421806,56.26597374446385,56.65479689936037,59.53509180093852,55.73224158354364,57.21560531431498,57.44280510646566,55.57924296767978,57.06591604829573,55.6091759320204,55.86792511714166,56.27822991573497,56.07542753889892,56.506918493016386,56.572729776272126,57.11117580557661,56.77853345853597,56.48853147500754,59.10331876770083,56.03318429456764,57.08726491967976,58.603455225024376,56.93034088446702,56.716241999182934,57.2207415766897,56.467341890027605,55.69900001971186,58.43677727008385,57.345383461475784,57.7904135024797,57.0368358033158,56.032190671007776,56.257044331516646,55.77034309884427,56.236314838552865,56.64921608979822,57.912168396255886,57.72504757534708,57.558838246926264,55.934186725393225,56.5856967807607,57.089174760422395,56.538789207737466,56.71875250018277,56.64109855794923,56.694410516490976,57.98460797922047,57.67606863176805,57.17330060726843,57.63573232144378,57.12750663941529,57.87640871034602,57.110479374863054,57.93799595901753,57.810953212050435,56.84385307481921,56.7188405801609,57.34746300256395,57.34585724118099,56.534842445133854,57.72240563034845,56.69090038456633,56.71555932208165,57.13578942242065,58.392961840939634,56.779969738807914
