,photo_face,photo_profil,photo_eyes,photo_face2,photo_walking,photo_standing,photo_hand,photo_legs,photo_bird,photo_butterfly,photo_girafe,photo_fish,photo_cherry,photo_tree,photo_flower,photo_carrot,photo_watch,photo_key,photo_truck,photo_velo,photo_road,photo_house,photo_mountain,photo_windmill,drawing_face,drawing_profil,drawing_eyes,drawing_face2,drawing_walking,drawing_standing,drawing_hand,drawing_legs,drawing_bird,drawing_butterfly,drawing_girafe,drawing_fish,drawing_cherry,drawing_tree,drawing_flower,drawing_carrot,drawing_watch,drawing_key,drawing_truck,drawing_velo,drawing_road,drawing_house,drawing_mountain,drawing_windmill,geo_face,geo_profil,geo_eyes,geo_face2,geo_walking,geo_standing,geo_hand,geo_legs,geo_bird,geo_butterfly,geo_girafe,geo_fish,geo_cherry,geo_tree,geo_flower,geo_carrot,geo_watch,geo_key,geo_truck,geo_velo,geo_road,geo_house,geo_mountain,geo_windmill,word_face,word_profil,word_eyes,word_face2,word_walking,word_standing,word_hand,word_legs,word_bird,word_butterfly,word_girafe,word_fish,word_cherry,word_tree,word_flower,word_carrot,word_watch,word_key,word_truck,word_velo,word_road,word_house,word_mountain,word_windmill
photo_face,0.0,2290.6042843421724,2790.0988710334605,2507.091169429939,2352.9917552077377,2370.722660140361,2174.769142064128,2259.297475572025,2544.056924496839,2606.3407551139444,2842.0414756111295,2611.9524436393826,2415.5587336681006,2179.1309190014563,2402.1130715369436,2471.4778281502886,2167.374297759619,2728.935849796903,2721.0539167181696,2512.1996743959126,2969.1787833804906,2593.005593440882,2596.558773742241,2641.122561859861,2396.4326565809215,2432.006574751475,2453.502260011629,2369.8207586056096,2319.1439516006803,2276.8957919505074,2492.0902859373973,2460.3313738805177,2531.9352093022803,2683.9724459928025,2421.0707837406967,2392.6377466018102,2443.5207400329614,2059.3532837033367,2408.9983514118985,2535.6152090138103,2209.4903517276484,2594.008592862894,2522.1302555908674,2556.6773596553644,2621.4939029192146,2557.9298387900963,2512.4446401049954,2451.861360241542,2593.8958392868403,2371.119635636911,2496.9559931526205,2628.5804204304263,2347.300833208153,2457.5298241015407,2368.354484390039,2553.9169964008806,2377.388269722643,2416.486587458241,2722.926562961869,2563.7895999186762,2622.0679896676847,2454.002413996308,2355.756152893617,2492.2047478405234,2376.595961991973,2608.291821415198,2589.531578807984,2540.947894331321,2584.1912221531143,2508.447537269665,2614.730039770222,2315.2075866486516,2473.0826496814393,2481.736244951759,2457.14414793852,2603.3556538845405,2740.3551397475026,2770.218437314378,2564.8097351778283,2713.5624286813463,2629.120749715225,2780.8097471604656,2576.469244560832,2745.260278918295,2662.6869722904107,2564.825282892097,2574.9832777534043,2644.2343181150845,2657.4518276976405,2432.3835792066016,2703.8572698455428,2446.5784492148446,2577.2268584511894,2642.513996875712,2811.503644805476,2606.1502099199006
photo_profil,2290.6042843421724,0.0,2901.9171795890343,2420.7811126898578,2707.804152782721,2885.7781735063127,2567.446526732492,2796.944332545611,2793.244524116043,2656.658260422895,2996.9593034563795,2915.393729633711,2683.3012997616315,2401.3253135628993,2873.3536677542065,2940.216352981338,2640.594033257097,2985.8768510743175,2926.9640586483924,2767.642470410283,2980.1852839861804,2499.6752832324646,2835.1015945245904,2647.7653904281397,2723.165574367107,2363.7218055336243,2714.0156128954977,2538.0392120910365,2627.3853328817927,2685.365843156605,2853.8823311981714,2642.818399630611,2837.3729761310783,2799.2897595855325,2752.546421734703,2697.856484879875,2601.4954547634056,2566.8729590793027,2716.808895235578,2991.2541402002335,2681.3033460901206,2870.482292866661,2835.0161691490393,2710.470859350529,2898.027192402332,2596.990058160037,2834.1178777554533,2589.4288806638233,2646.43735919308,2822.3501904384652,2794.7002214635513,2994.916034901464,2687.810932805166,2812.079257138558,2663.913321485616,2964.191669678852,2826.6408948718336,2507.8702632785216,2966.279375572018,2848.4616697339293,2860.217226963025,2859.922889476985,2825.239838886421,2942.1865115214227,2819.2902406247126,2895.967115870731,2839.3048902367204,2731.2928001806486,2838.2203429570623,2606.7698729528233,2912.8338478417813,2656.5989451513774,2910.075703810786,2878.248905833446,2858.2738970173723,2923.741478244477,3022.9166021139176,3054.386651045834,2957.5205947222244,3036.364509793648,2944.609041785251,3112.079752235484,2932.311070402465,3036.1212131014704,2963.644942156616,2972.5938646053974,2974.8740337863387,2931.483462185168,2969.788804518388,2921.8981758868035,2990.17261318881,2894.060256455289,2996.958677807889,2941.802629082491,3121.1364293978127,3023.2704846099987
photo_eyes,2790.0988710334605,2901.9171795890343,0.0,2653.0370434351157,3003.821099064271,3234.185793375797,3100.851701408245,3167.490784018099,2829.0244670303,2583.4423240906453,3062.677195091071,2844.8921514794247,3037.1876791872205,2837.3579930886267,3175.3531042213676,3190.0250740685024,3025.671001706459,2896.8937541897267,2487.9892826423343,2675.319317862273,2295.906600164988,2873.213444361965,2767.9364268226673,3002.2850431400716,2785.768593587479,2869.7554802466084,2632.2477728591894,2568.7448556423215,3048.7195107944394,3007.378229893684,3333.81890126431,3107.622067433546,2786.62132089731,2870.7548140390777,3143.5414760766653,2686.2176867377725,2732.828601349316,2864.6333720582456,2998.014977129977,3273.6022977494054,3022.4350011098745,2790.699020744249,2690.3669088332967,2652.3550766643925,2830.8677750540915,2356.183816943988,2745.2814058676186,2984.5660262357464,2973.2126016307157,3050.1610606385725,2743.2525150208767,3285.140045445138,3005.843985887354,3236.745607784562,3079.9021669763783,3378.9693929834057,3131.479732457405,2791.7567104865707,3194.337220329165,2750.9034299136943,3119.880459467746,3060.0406799299412,3062.855249362948,3257.6072698398043,3121.9992958439366,2825.5493831242297,2571.2157901366345,2683.62916161827,3224.0917522620207,2947.185115108264,2860.2142025031535,3017.630978946948,2965.2523001842933,2925.3445467420424,2924.607472014457,2953.0402712570003,3006.2476048853796,3026.1096641612203,3024.083761363993,2996.4644034538505,2938.764901981602,3104.5160009148353,2936.158285010969,3003.901313145316,2938.6659990030594,3011.599799430819,3015.6394293599474,2925.0124207316135,2983.9067864737012,2967.0073386135678,2978.1977103485074,2943.760961794749,3027.6647367330897,2936.0095787369546,3076.3909035565193,3076.217207885378
photo_face2,2507.091169429939,2420.7811126898578,2653.0370434351157,0.0,2771.9108950017535,3075.70437516614,2796.7853573358307,2975.366586178106,2742.555474785307,2619.186287910168,2967.885520854609,2935.8520842569155,2870.8309058315717,2557.7146263738905,3048.591420323786,3076.337761849536,2869.2903063566328,2976.343968902593,2840.6638588584965,2767.679390325822,2742.69193614084,2600.483916279391,2800.0756811069964,2749.892413368933,2724.2090318567284,2584.6293863026945,2750.573756975127,2486.4618262429058,2782.5328838198106,2873.878267842611,3084.0208701194715,2808.4113569696947,2803.568266523352,2737.451946576465,2953.1415019992232,2750.2195086834736,2608.9048859228933,2731.139813621983,2906.508133396356,3155.768236081739,2877.9603651516973,2872.0195508275733,2805.47666666145,2710.9459463695343,2896.0723351256574,2545.757893381435,2818.3772371071923,2746.7393080478846,2746.666696855823,2962.4010832038457,2830.0862328764383,3124.5678494821373,2814.44805203414,3009.8299569270393,2803.725737127212,3178.717873016231,3001.026469646967,2567.884765570115,3033.9663671474746,2874.947933317105,2908.795249704212,2974.7344742906134,2961.8348193994475,3104.746896919977,2999.170779542188,2893.0396359667275,2758.6333851379054,2726.4811866607797,2975.8274586118114,2746.6259673208247,2859.5056993744997,2852.8566825834523,2942.736829467767,2914.0601835999464,2908.137504797432,2960.005224336591,3041.3183132964905,3067.0324001707513,3006.2032370270294,3047.170348790834,2969.894742280503,3123.3709645537006,2968.7388828828193,3054.2548840356226,2995.2223719874314,3002.4698929451833,2996.108512772098,2961.9741809378474,2991.1036658023595,2945.003820702977,3023.0676920926508,2926.6998161721235,3002.2173839130724,2963.2403838911405,3111.748386401955,3041.237604879881
photo_walking,2352.9917552077377,2707.804152782721,3003.821099064271,2771.9108950017535,0.0,2317.3716828284787,2501.4392291119902,2299.8152394875783,2550.7419408394635,2686.5709953459727,2737.308595129874,2665.8710832704614,2481.2446698253048,2263.7093220031293,2393.899000026051,2485.159602070073,2347.5015084794504,2685.6940659062498,2667.5413181799117,2461.428604125608,2996.5733631090125,2728.931736241584,2443.7787924386203,2738.3588062322083,2391.4788126951194,2543.665561045116,2533.1588753373717,2520.395244365893,2140.3802922518057,2394.1904515352307,2605.546462718907,2390.0781640069013,2542.9144203381625,2688.5741400958073,2313.633763783344,2473.2174174694387,2467.818839339507,2200.4342479538245,2584.173267000214,2458.319760008822,2428.3114650689536,2644.7293318692646,2465.0107083975863,2487.330480557386,2672.8735786207453,2620.9344392612993,2347.7868254705786,2497.409816430151,2675.58684300005,2363.7850329889293,2603.148422408319,2655.7546743597572,2283.688492053948,2447.3411904211957,2376.2253272300577,2505.8596015008957,2374.331389512984,2597.510150504167,2478.12403649599,2667.856665532022,2375.022168327094,2305.183989991581,2450.376789567846,2463.6684841285396,2419.590346170464,2648.210047925529,2599.7313945094793,2568.1387575368285,2552.7672014440805,2651.668934927732,2521.2160542713805,2428.533516298739,2579.1288523036046,2595.2355690473105,2568.252913895871,2669.682206677496,2782.581151279819,2820.156278948501,2640.262262070111,2744.277753182757,2701.1618032443434,2831.5714699839464,2642.8884302891543,2787.934948827478,2698.2899902372724,2634.0973457706004,2638.643573305139,2703.557300978399,2734.230066922838,2511.335521552617,2757.8189238418845,2559.791187846868,2603.0017945598183,2703.3572063379643,2858.110858865038,2634.114488069944
photo_standing,2370.722660140361,2885.7781735063127,3234.185793375797,3075.70437516614,2317.3716828284787,0.0,2397.7533806636966,2038.8056096748444,2658.592885278213,2929.816140407918,2845.7608834639054,2631.151446081049,2641.146533550543,2533.7958094028177,1897.3506043932555,2018.9364646420047,2147.91150594484,2681.4243117697647,2930.539443255627,2696.842988238782,3273.562036869764,3000.3458330442495,2773.9750870502216,2922.1771079445693,2629.017738943546,2749.5443939968195,2565.592668330125,2728.0242238841424,2427.743132495306,2037.1476776194656,2350.0751959982535,2514.0843071327163,2602.3095064166323,2811.440160684075,2222.025420334618,2533.1269928678817,2745.94096776036,2186.60556527999,2304.5210284618424,1968.2037783077922,2187.180504707036,2636.8070456194478,2692.8709798401715,2859.1797386244066,2574.0279729314657,2884.289008307771,2629.3106858257365,2587.512859532591,2834.1126681700457,2065.1545407934623,2578.3959909408454,2378.975190039867,2431.1599631179997,2233.7873131920123,2554.544815925677,2251.8701188068694,2129.3850107651165,2703.0088819770704,2557.743220837854,2649.494091900982,2688.751266392177,2296.9094373152275,2057.7223632017585,1970.695390642164,2091.15559287555,2623.0587084020162,2812.6441714105504,2778.8821172357766,2648.759543551032,2697.2453145826967,2652.784946863552,2363.9876852875163,2501.801969220473,2560.7155637567157,2509.0002273252544,2626.1312063113946,2788.823530880009,2804.7384071357064,2589.8038258319557,2751.2672016550705,2690.1182293034512,2746.56870116534,2642.162237668729,2778.510932432063,2700.6538090109057,2601.511401098705,2585.295982580261,2719.658927632061,2741.5997643627675,2437.182644746259,2752.565466055568,2479.8082005703327,2567.367946442344,2707.2681370675796,2832.9359477995836,2583.7679136443917
photo_hand,2174.769142064128,2567.446526732492,3100.851701408245,2796.7853573358307,2501.4392291119902,2397.7533806636966,0.0,2305.3187878185126,2689.1637542204207,2792.0067090957946,2997.6579042002923,2635.831012515092,2464.8000156655185,2360.614807257686,2482.4254388969903,2474.300347174074,2342.937119158351,2779.007283115258,2942.497038252767,2680.225852889051,3173.2712957981066,2792.422652029703,2776.490446501479,2823.869013236752,2697.947122821546,2621.6828611445494,2566.4823688323595,2634.603034114939,2484.2540396931795,2316.5419427217375,2481.038737042225,2634.4111444217115,2745.9423387285888,2862.696773011612,2524.2786883385643,2520.994480294227,2660.126161187766,2228.552941217884,2457.497387664633,2547.3717910837245,2323.4613650348215,2699.894813718693,2700.042521261768,2778.4465265775166,2690.5967937521073,2800.5114050474886,2653.039375396093,2555.992772848881,2824.2042653547096,2450.52578067829,2627.9787369822475,2715.6577664242523,2541.690286263387,2584.3295337895725,2469.715479675122,2581.51299760017,2475.3523390408623,2563.6530058977232,2843.9775885662766,2684.170343841405,2803.888327125567,2535.1839021893516,2457.4043510624606,2505.6360641933434,2435.075931985604,2716.1217237527767,2839.0853769124005,2756.0320322257776,2792.1909513120163,2703.5786308544025,2765.4508706942993,2430.9491560937927,2622.3223476135145,2606.2281903313756,2588.873744593353,2721.5102351819755,2846.6914614709094,2879.209977472367,2675.3938714956157,2834.84892537158,2758.580092345145,2880.7559566846776,2721.510093604474,2858.3992224780727,2795.7304404763604,2687.941662901635,2710.288252983121,2764.4558635626204,2774.502647761624,2611.4219752351796,2823.730453242115,2592.5135114558943,2711.3225931302527,2762.629562944009,2929.8277291395343,2720.1771610049036
photo_legs,2259.297475572025,2796.944332545611,3167.490784018099,2975.366586178106,2299.8152394875783,2038.8056096748444,2305.3187878185126,0.0,2576.8935452462188,2842.3868789455464,2895.1825069733754,2518.353653679877,2480.502594400878,2423.719392650725,2053.2334054617463,2004.0081437556225,2090.393205883329,2655.0375993147522,2942.2396638135974,2630.4419675424197,3202.4206341764702,2923.6785438897377,2706.191434594328,2896.8330733529124,2535.6626545174468,2666.4621270849466,2486.290026215829,2670.545285352391,2305.6254063582383,2103.105699801483,2341.5094364368083,2458.1419292954715,2535.636070389702,2797.921947921192,2255.973079765546,2471.845621245849,2682.9460214145706,2055.6839783122655,2349.6087614970725,2129.47520557606,2099.4826512184854,2580.9041777064294,2681.1781801441575,2775.120922363203,2525.490602772553,2813.024668193644,2528.5128446941594,2565.7301195555715,2758.7626038283643,2023.3702241920562,2519.354992818107,2434.145411186871,2326.531835814737,2218.0597131729364,2477.414370252512,2154.982013304263,2055.208136835434,2625.236535102307,2620.624763650691,2584.1629396614244,2589.5444708557407,2243.4646739235136,2172.849306986056,2093.91068104497,2119.46242200445,2588.7109573554635,2770.724565323915,2707.9171203141727,2644.014150675272,2651.3446394690836,2634.046659003224,2347.8530290951267,2454.767750412965,2476.017512508954,2446.815214973228,2575.0040985711175,2725.7372745382645,2731.006745526891,2526.785765386534,2686.4251742950664,2630.447032979817,2676.3111791030706,2581.1779041578034,2720.2537636132547,2653.3159072299522,2536.4576703182097,2532.0066538005613,2647.5833341627067,2673.0309003675206,2376.8286555410027,2683.043227865557,2422.22708836701,2486.7145486646814,2652.128513779961,2785.706268816847,2519.746860625037
photo_bird,2544.056924496839,2793.244524116043,2829.0244670303,2742.555474785307,2550.7419408394635,2658.592885278213,2689.1637542204207,2576.8935452462188,0.0,2488.6822779001754,2566.34694132786,2227.76418264093,2671.7596693420433,2495.835453715462,2532.762839504418,2541.211130119486,2458.2007789983404,2133.7917830606452,2566.7371708018177,2348.308816031353,2912.77806435479,2875.113083924429,2518.4129512558175,2924.519654313456,2600.8196317231736,2705.963315964648,2265.49013193872,2449.8431463767615,2673.4527599838384,2492.186676909067,2824.913271702204,2709.9545711465685,2070.1869948801354,2709.8908121372738,2522.130889378372,2297.2507201336584,2638.2861432738623,2378.6834110431814,2527.914938813171,2633.5461842421637,2429.4426484533105,2196.283342621572,2391.9331163513234,2459.506218098704,2333.0648624768532,2549.470989054814,2325.054600390862,2702.0302234873466,2790.435428265661,2506.1149221026917,2294.2049993683586,2758.6189301035133,2675.3303572300397,2714.060285663194,2785.0889588699365,2781.6711343974907,2543.237929307438,2554.3219905697933,2734.004487299501,2375.902805697143,2782.236974704127,2551.814735715913,2562.659727383218,2674.4679886269055,2493.351184809839,2198.709212220361,2562.4929490256513,2470.5676530784162,2925.370056988004,2734.2945074111803,2560.760118162673,2610.7934953152385,2382.577613901588,2404.425979098618,2341.9213894389864,2362.047858882135,2523.6741236681337,2542.1150394723386,2412.320106408473,2515.804042566883,2428.2852326678603,2529.1877173827297,2421.557736818322,2531.8453215546274,2454.058713765774,2411.938378982627,2394.3589079724657,2461.823179796577,2457.2941200301466,2361.154614875613,2500.21319463995,2373.4210320830966,2390.5575463474224,2410.79132340099,2562.8530604009625,2429.1566649940746
photo_butterfly,2606.3407551139444,2656.658260422895,2583.4423240906453,2619.186287910168,2686.5709953459727,2929.816140407918,2792.0067090957946,2842.3868789455464,2488.6822779001754,0.0,2917.7952760213007,2608.113022293499,2736.836082853513,2525.282358061603,2896.7343389615367,2942.3255526918433,2708.2053427768333,2651.0916725791417,2505.49067717122,2398.634491228012,2575.80901256455,2725.425924639348,2601.0761877895507,2626.193414169566,2667.1500921260404,2551.616959577564,2407.833183425439,2235.329139756249,2673.506689252714,2693.3663552404773,2950.1234932674133,2727.1757010889455,2413.7360791969454,2502.124071129988,2798.911359292568,2402.6501629143304,2443.669190997835,2528.9120048556697,2682.6781549531097,2956.447387203961,2673.1696851589504,2563.520991639189,2435.6649255308694,2352.368217632243,2590.082379915682,2298.36999974487,2508.164280573437,2534.8688092265834,2684.2015924986545,2769.560391377898,2549.4257191011734,2974.187542651519,2689.006361993919,2844.8194665899987,2724.418185336927,3003.0138287417158,2794.8208724028245,2415.4048354943934,2890.9171979854773,2577.652767624947,2883.6698661219352,2758.8061345623178,2787.7228827082536,2952.0023371070047,2818.928406680378,2609.224450833692,2524.459702290143,2459.648375924003,2935.71297841108,2710.5006641225104,2673.408626001031,2625.297513164634,2713.9236693484763,2661.7702239896785,2657.055664379465,2690.96977048023,2797.1541008163686,2840.783329186743,2767.265029349092,2797.103493870284,2708.588947734733,2889.1552154771425,2696.080851269092,2813.4360224067973,2729.3319325054763,2749.8829228657914,2765.320678943939,2704.77397213134,2743.074267940763,2712.965088318258,2773.2610853157694,2688.4293725546972,2774.125879704696,2694.5871961645125,2881.4578225019827,2824.785692561722
photo_girafe,2842.0414756111295,2996.9593034563795,3062.677195091071,2967.885520854609,2737.308595129874,2845.7608834639054,2997.6579042002923,2895.1825069733754,2566.34694132786,2917.7952760213007,0.0,2798.444241317529,2937.413081134009,2710.965669671019,2695.087588625384,2806.0239765469273,2718.6536768902874,2788.9980366565487,2855.0613638739383,2795.793115403554,3140.9473854517846,2871.20444332469,2817.6320998164288,3068.496925239942,2768.313515702426,2846.473081530517,2706.2517497506738,2763.833149493775,2799.2026720598205,2761.26501388917,2989.6179412359184,2776.831643365144,2752.02807934449,2941.980718676878,2644.2063332657713,2742.4231021123396,2787.9041190577,2704.4280557344105,2800.114571770632,2906.5508061911555,2783.794318819091,2773.771185569251,2744.8399362608266,2793.3185577375802,2827.977298457164,2818.087141409131,2773.9975982126775,2832.5121809897264,2962.0616504226573,2766.2757068817064,2743.2099917967744,2859.5392377102053,2814.035638815402,2844.3845217778994,2857.924765322684,2980.18654268477,2915.748951457449,2869.5493216377345,2669.53596001414,2825.4741395105743,2909.9604789656596,2849.8902904669862,2755.50728310763,2861.6569201579705,2825.9459238560476,2752.7025135548433,2802.6898641521866,2826.6499682399326,2971.388551827175,2959.5542330382605,2689.6137428864713,2811.997013834156,2862.728301007318,2877.8289831148804,2853.4265159913375,2860.4342931734836,2963.82743730208,2993.5519086071026,2903.4970893664395,2946.96697096112,2914.5543946928406,2974.0710571798786,2913.7585423333967,2969.181853309351,2916.268815436809,2921.4211226191583,2886.686152489408,2916.7834072275355,2941.859719310792,2830.8541595762817,2941.8261811126217,2847.1692143031373,2898.4751109987646,2900.967445509193,3024.536880906183,2932.7721215967094
photo_fish,2611.9524436393826,2915.393729633711,2844.8921514794247,2935.8520842569155,2665.8710832704614,2631.151446081049,2635.831012515092,2518.353653679877,2227.76418264093,2608.113022293499,2798.444241317529,0.0,2702.8971419730647,2602.5065443326944,2524.6707776047724,2498.824400807004,2510.269557723827,2124.8618582411964,2464.008612496547,2283.040253511687,2952.673629414495,2955.9725204453252,2512.2391451131048,3025.1997662936774,2659.611900700036,2762.307242957474,2108.562095574648,2570.744982481378,2741.442611808671,2456.1940974332806,2802.906474030332,2867.5306664365316,2321.8043226297577,2802.6616681133887,2614.148303738347,2123.1074260644996,2658.7848343591845,2399.7770982406996,2513.5851756924476,2605.8834320581277,2477.7793448292523,2124.5445573063043,2255.0313912533206,2461.9877063347726,2173.340675439102,2596.0989643901876,2265.6518830645036,2800.9310242371016,2884.033188107553,2431.438812300535,2139.9139404494676,2823.8486907008923,2760.982639457151,2791.393202666956,2839.6394501893874,2819.0998345304374,2518.940280101641,2734.6381303452004,2814.0054857372293,2185.6551598891724,2875.4630092646335,2534.1785418102245,2533.278216686716,2649.1395083431867,2457.5667374567265,2203.2606141800447,2480.2821836823287,2465.5494956593693,2998.9005401460618,2787.620794552878,2475.1453767746466,2713.5018196502924,2339.254289479959,2323.3288639155753,2295.1997210197414,2325.5126018282463,2424.9798900452442,2468.1200501759827,2337.6795218604434,2409.102046658897,2338.813946430024,2509.9858881485734,2330.444069321244,2448.25980925798,2340.906198306698,2363.663933474589,2388.0907244258337,2352.313093446937,2373.6525189801496,2299.756748675566,2384.52733303761,2319.8522322302533,2357.1956984055532,2343.5322180715248,2558.8440614265237,2410.5525145354677
photo_cherry,2415.5587336681006,2683.3012997616315,3037.1876791872205,2870.8309058315717,2481.2446698253048,2641.146533550543,2464.8000156655185,2480.502594400878,2671.7596693420433,2736.836082853513,2937.413081134009,2702.8971419730647,0.0,2288.7610883053508,2601.902792112364,2604.806195414167,2467.2048306716792,2770.0020299054336,2836.503518181992,2531.6438774634353,3082.521558801105,2845.6514206490065,2536.568003593765,2817.299134086688,2617.5855491058387,2599.241801915411,2579.629850202064,2641.2905989097253,2444.872893782805,2498.510910346949,2721.0100723901237,2577.9469085760434,2675.2232440027656,2775.00073508393,2506.633452247776,2506.240217546057,2507.453689168755,2305.2116099859277,2662.8429221718425,2653.5543097548953,2426.90041249923,2666.25147873782,2541.071875907147,2612.5407236858723,2711.7126437554757,2661.381726119572,2491.6143617532,2590.393218015788,2792.680553838993,2555.6045118231877,2634.255525607017,2830.2845296576475,2470.7294977465294,2645.610818417827,2651.6826061543197,2600.070773575812,2528.9611700884507,2506.1806441841422,2719.6027259069924,2643.3462252469753,2594.8852627960255,2495.132658479018,2572.5059521983767,2622.819495599955,2557.9209080319747,2694.325963157919,2668.5103847897126,2575.4493701617052,2728.4118471581965,2677.1664262124855,2696.962956054094,2479.402664033777,2635.199839563161,2617.507885817622,2598.282287950805,2720.750969255242,2805.157055383948,2834.0710376749935,2664.2714927210504,2781.0557121472775,2719.183620017509,2915.0043184491346,2696.087450563143,2822.008672595034,2771.801685269776,2669.4640405316586,2681.429001308974,2736.533601082047,2760.410327761514,2589.4236532440386,2799.9330950394938,2619.0592363223655,2688.306217260579,2736.443554701902,2921.448118455521,2699.780168318657
photo_tree,2179.1309190014563,2401.3253135628993,2837.3579930886267,2557.7146263738905,2263.7093220031293,2533.7958094028177,2360.614807257686,2423.719392650725,2495.835453715462,2525.282358061603,2710.965669671019,2602.5065443326944,2288.7610883053508,0.0,2473.1270384331833,2464.9446691798344,2136.0206788582523,2663.9378756378624,2633.644732955497,2422.8985079031722,2803.697192132394,2414.8063656009267,2272.9551181188044,2501.797251872619,2330.1423596036366,2333.2818048826307,2468.500228342861,2356.2266795083256,2165.929562673249,2286.439644963424,2585.012059647461,2235.8293727843634,2515.4298479631234,2589.7371001332463,2333.884471788316,2368.750324310814,2230.1272299893303,1952.2489278084747,2502.8565687496157,2512.184638574409,2181.958526594228,2583.916633008027,2457.7871889725657,2376.3922534172034,2636.5591890985074,2392.652482057097,2361.7620892892587,2289.866792906817,2479.7913491189515,2392.3965303795258,2520.942359249696,2747.0843755029946,2262.3855978723486,2460.8125049849054,2292.6569972466723,2513.9091056713005,2441.9568762272465,2338.606600025676,2516.406982941411,2563.6048699254966,2360.891016532082,2337.161951358,2435.5851866067665,2499.3841924808953,2379.1811736448585,2575.061682095131,2537.0705403432908,2456.4132245462106,2464.5316702118653,2369.7092693256877,2519.593986466547,2322.0755045906353,2547.3295310158032,2536.9496326131543,2497.1448039396114,2634.885843266976,2723.756369980575,2774.243989686271,2606.9388721361474,2707.2016541205353,2651.263316415246,2827.458537314178,2600.4165829843632,2737.563315074944,2655.8733036977933,2611.347188987876,2622.509467719027,2643.4311007851375,2679.9678693990068,2493.031242110425,2697.4149547404536,2512.8335099217525,2630.660302576943,2653.3598472092585,2822.5937856925916,2659.7445416488436
photo_flower,2402.1130715369436,2873.3536677542065,3175.3531042213676,3048.591420323786,2393.899000026051,1897.3506043932555,2482.4254388969903,2053.2334054617463,2532.762839504418,2896.7343389615367,2695.087588625384,2524.6707776047724,2601.902792112364,2473.1270384331833,0.0,1813.1668575644767,2009.675546379193,2572.271227599065,2875.1118777196616,2624.745434884444,3235.0087739970368,2973.1682079530037,2757.4970878648096,2995.86790528762,2506.618222426612,2669.5601511767472,2403.961527536122,2637.9827439339156,2369.4280228638604,1945.9832203095934,2281.008882254943,2508.224959789202,2493.202192501131,2787.5525163613897,2152.7303857580378,2431.5746124952357,2675.750394900133,2118.149023790386,2165.303865559233,1764.323946001626,2156.9307098497275,2507.905949437732,2621.9475402886446,2786.88422136581,2433.5663136815656,2789.1896776621297,2517.675900428905,2629.942889744371,2714.009113068377,1860.8679501562226,2439.9032709221733,2266.444390801544,2342.972916573829,2195.2964814387983,2489.2086507203453,2228.07308126497,2103.539190468274,2654.434682769154,2437.1654178498184,2533.479723852418,2597.4061571237667,2140.4645302412196,1872.739986420885,1731.8716903374088,1926.577109261231,2491.4592225759143,2708.408503137041,2708.0013274476,2510.058057658143,2616.4897436261062,2475.759459615141,2387.276161265692,2378.871231004389,2452.543839956513,2384.5162382883723,2493.068961324186,2668.980884948409,2694.224157625697,2465.327924279282,2625.551183671644,2574.0074780404925,2618.0209831292036,2531.858881297651,2655.790238111449,2593.3666220642112,2489.6614320451786,2462.285373225055,2604.8980833714318,2631.2179880339636,2310.171817371189,2642.596368364949,2358.1731045199117,2436.7149057978986,2592.4391843630374,2710.310167244743,2465.937148433572
photo_carrot,2471.4778281502886,2940.216352981338,3190.0250740685024,3076.337761849536,2485.159602070073,2018.9364646420047,2474.300347174074,2004.0081437556225,2541.211130119486,2942.3255526918433,2806.0239765469273,2498.824400807004,2604.806195414167,2464.9446691798344,1813.1668575644767,0.0,2085.4793561738843,2604.076867545137,2945.7083962745924,2695.058367107651,3236.7392617618584,3031.7483475462677,2758.2987340314994,3080.4422053816547,2589.0046285480353,2799.45836860324,2483.3443532830693,2732.533753520745,2465.278111240711,1981.7579678536008,2423.276665704673,2576.1387894476024,2575.3305160453688,2868.6174879235487,2240.9531514205987,2517.692709200016,2754.7677081457073,2168.3981393886975,2277.136883435278,1640.9883971687618,2164.9240732557523,2565.6986713669335,2683.825910013949,2860.9221472314957,2456.0938597735576,2880.1629243680686,2574.4148714930807,2742.9787140061617,2803.710608417104,1977.1718835186427,2485.5515132037167,2408.8621234009083,2455.4487292647364,2268.084257822498,2580.3080683749868,2221.4125768445733,2179.3213858797444,2736.3086284888973,2524.337840594185,2575.399369886392,2623.2360296377174,2129.730157148654,1908.9392425516157,1639.579050359354,1942.2788188981472,2525.2155500037084,2769.6214340765177,2763.943334914159,2628.9031187376804,2675.5067844110595,2569.6338131211364,2482.254726151996,2421.8361281657913,2491.205478826627,2451.645761523312,2545.2802362803136,2716.5964313060767,2734.119257616,2501.6686907754265,2682.7104568806712,2622.7851493816493,2640.4078819573806,2582.738662403804,2695.9409999231066,2634.0191336215444,2538.5628044906284,2503.7503852821924,2656.362810935454,2672.1013962808106,2351.4636273004085,2684.0858565357903,2384.8451751021216,2495.1944715161703,2633.308170323302,2751.3930265240706,2519.1584101481176
photo_watch,2167.374297759619,2640.594033257097,3025.671001706459,2869.2903063566328,2347.5015084794504,2147.91150594484,2342.937119158351,2090.393205883329,2458.2007789983404,2708.2053427768333,2718.6536768902874,2510.269557723827,2467.2048306716792,2136.0206788582523,2009.675546379193,2085.4793561738843,0.0,2554.949162653695,2757.5247311627654,2468.9426642943977,3057.7648440544694,2756.3905987586245,2522.6005265760127,2775.983700812897,2310.3287535977984,2493.3743632231362,2360.036704357082,2454.526957572564,2131.5305975132615,1964.4308925752239,2290.6405673343684,2386.1447180774835,2407.862092060775,2728.320792392071,2116.5798991888514,2294.788878153467,2447.0490788531893,1810.781053198584,2144.48956138658,2055.36380390209,1791.4195909238524,2453.9798254992793,2497.135231559043,2562.1515377639616,2446.074921812442,2585.081924275558,2373.2228776281268,2354.5368718759255,2628.8258593234946,1974.3229085804792,2377.832464891842,2400.4946388375547,2164.780872736456,2105.7492914444297,2251.9868787273076,2167.4530892137604,2081.9187054115423,2488.7293328817623,2445.3514102009435,2460.757779312857,2422.7327079901665,2172.7399154609566,1973.3889283946423,2046.8759849663736,1928.1429516866042,2447.7776169547556,2635.263545165362,2541.364853648629,2469.4589071009264,2436.617116327509,2508.4503900043733,2159.9365194760085,2327.1662244323757,2368.4010099806023,2303.6991991519067,2474.0145390647485,2616.565134056993,2651.1311941139306,2413.6783510569153,2591.3884439592625,2514.085593279467,2619.1605199151186,2450.0905566662254,2612.3566929388703,2534.69748039235,2424.431839626896,2424.5666278094054,2536.302593599741,2566.1582876722255,2256.2128929956484,2579.4426115451015,2285.2588454578686,2438.924731722289,2535.4924918169595,2700.991602694821,2457.812696953035
photo_key,2728.935849796903,2985.8768510743175,2896.8937541897267,2976.343968902593,2685.6940659062498,2681.4243117697647,2779.007283115258,2655.0375993147522,2133.7917830606452,2651.0916725791417,2788.9980366565487,2124.8618582411964,2770.0020299054336,2663.9378756378624,2572.271227599065,2604.076867545137,2554.949162653695,0.0,2478.828834643248,2277.2989259703377,2960.0269167188785,3009.111271683666,2600.7669548789654,3031.466882066994,2667.8643950744117,2748.9227635660623,1982.92070898282,2585.9669097725246,2747.26593384278,2476.7644165877414,2815.7396465998436,2801.660937432152,2211.3488388303963,2693.395580705379,2565.3618439952247,2163.6898256268896,2609.1226223076083,2422.4683816952006,2494.1954687105435,2582.55867309111,2483.878150096789,1531.0967642588653,2266.323725198486,2388.762199106625,2149.6560622652078,2569.091017529213,2211.5680489539486,2781.7977704977766,2773.3348685006604,2437.9447732156304,1937.9390460757527,2744.284161510587,2756.5510174963374,2762.264966817966,2838.5397869843205,2754.7973472291196,2343.5606756900943,2670.089131695563,2758.733595491329,2132.4807223623498,2778.7892879690044,2580.050296113145,2528.495292335373,2635.972651223461,2406.5164926437656,1590.242145263159,2383.391927806387,2397.3730930511133,2942.744809237262,2744.0569307157157,2466.677898250696,2706.6845306909263,2237.037288293693,2242.754324284783,2155.5396169122996,2086.1584481754635,2228.5931793207947,2258.8504070881113,2257.8105182237837,2232.035508663722,2147.6451141648567,2282.273732851918,2217.707862835493,2258.8952959155445,2161.8463723823124,2222.30336675524,2243.3927549858877,2176.403759577167,2217.740632845912,2208.332215695499,2225.437443131909,2247.56849698514,2165.8796678241947,2162.5575638317005,2269.1114976279982,2204.4488509536404
photo_truck,2721.0539167181696,2926.9640586483924,2487.9892826423343,2840.6638588584965,2667.5413181799117,2930.539443255627,2942.497038252767,2942.2396638135974,2566.7371708018177,2505.49067717122,2855.0613638739383,2464.008612496547,2836.503518181992,2633.644732955497,2875.1118777196616,2945.7083962745924,2757.5247311627654,2478.828834643248,0.0,2249.4518432812183,2582.086838598282,2819.336453240236,2499.6610208354236,2917.00140975616,2645.5843891503528,2761.5277081684994,2392.0906996522904,2502.7246548774456,2827.297161661744,2737.4612770249487,3092.603466630261,2901.9080503428745,2508.9674274027193,2725.3595027935257,2879.178261122316,2377.070876307901,2541.3406333483467,2602.0128247500047,2777.9960811038504,2959.93386967693,2761.938188680611,2459.929713227317,2069.8628428333423,2277.1668406209556,2522.789017333809,2349.750423013133,2351.3495929559017,2819.069078571107,2804.9191165970174,2763.398395515601,2497.075834176503,3063.2944834748605,2789.0513380594894,3022.1280216983887,2882.840079633258,3098.154706230502,2841.3825787857622,2702.598794289509,2947.774138073233,2406.2282299190047,2889.152761195933,2740.923260617255,2810.7077626148744,2961.7128423594672,2831.5155413098137,2496.9559879011854,2092.0249441289434,2418.071342863306,3012.5001470978186,2839.510073906913,2623.545039074974,2817.4716636490375,2717.1120998186993,2676.8040887229727,2659.4984426268716,2692.6696200274446,2757.928713893063,2795.946709346788,2757.612150599397,2748.1224789492107,2684.2447611375437,2864.128757050938,2683.900738884113,2768.038378213281,2676.327896712694,2754.0314248462105,2755.5873824870873,2661.7138874298325,2737.7979993128756,2695.0249053697044,2722.1802615380693,2695.1728305966967,2749.878797437588,2692.0339916954613,2857.225231872454,2793.1186323801003
photo_velo,2512.1996743959126,2767.642470410283,2675.319317862273,2767.679390325822,2461.428604125608,2696.842988238782,2680.225852889051,2630.4419675424197,2348.308816031353,2398.634491228012,2795.793115403554,2283.040253511687,2531.6438774634353,2422.8985079031722,2624.745434884444,2695.058367107651,2468.9426642943977,2277.2989259703377,2249.4518432812183,0.0,2735.3587446944575,2782.9829954963234,2344.196912061439,2680.8376139543975,2342.7939764918083,2516.6765299957274,2110.2431322743614,2304.570375670678,2472.8403235984097,2428.3827154645674,2808.1728828171663,2628.3494909982232,2263.4359860466366,2502.895630744682,2524.2788190641977,2007.2234862682217,2219.863287836941,2248.309404980915,2546.4471333182655,2647.8951556648462,2394.283459257225,2141.207697288152,1956.2616069335495,1824.913857351119,2260.3550994047273,2256.808158068777,2005.2639864365995,2500.053862438233,2567.666380745389,2439.102960663802,2164.181712709163,2844.123814282976,2471.327200686871,2666.38831928407,2599.823477608975,2754.279438756741,2483.6608365141683,2440.552138499246,2632.352593031756,2123.5890912826258,2570.4676348254525,2392.163078985523,2498.855617009584,2647.7620117573297,2508.60773209218,2172.6809811818507,2119.3586705527373,1912.533410997672,2727.1338227259116,2580.5348162138025,2321.529652985225,2463.481314828668,2406.958212743381,2339.1323273349044,2317.210954799615,2371.363499599625,2469.632682772783,2514.562862189573,2435.653491210242,2433.4512615437825,2381.3186531810425,2587.8298307815116,2356.371002203258,2479.9696491852214,2370.810116593641,2424.5493050655205,2437.2071244686026,2362.3866667560383,2421.220269848298,2372.5674491035716,2421.741860286948,2376.1769993944795,2408.2234508302427,2395.2947038453813,2591.974346042932,2468.865964749687
photo_road,2969.1787833804906,2980.1852839861804,2295.906600164988,2742.69193614084,2996.5733631090125,3273.562036869764,3173.2712957981066,3202.4206341764702,2912.77806435479,2575.80901256455,3140.9473854517846,2952.673629414495,3082.521558801105,2803.697192132394,3235.0087739970368,3236.7392617618584,3057.7648440544694,2960.0269167188785,2582.086838598282,2735.3587446944575,0.0,2870.6624153171047,2653.8123667036157,2939.1696600096343,2899.6656817012627,2919.180431849104,2775.728020638601,2705.143585555725,3051.3645725553693,3046.7299609765087,3374.644425704411,3103.8235144065484,2832.3045837575582,2919.6400213267934,3155.0797823708594,2802.015204553642,2740.0454025136924,2878.696248404713,3071.1042327559276,3280.938676938567,3070.2209828001687,2875.215830521915,2755.9714800363713,2641.4399856381615,2866.7918750755507,2439.0731050322192,2772.4450913545616,2971.483932368194,2984.864335648671,3103.5842390651405,2922.529407856515,3367.674600671209,3035.262515282884,3247.6084743258643,3117.335149782296,3391.0711653919498,3183.692317281298,2840.29171918299,3257.1458875874537,2858.628008615108,3094.1160418632808,3076.457047793653,3132.0552822054397,3280.909376638987,3169.7426264956457,2925.582831011851,2707.488107641201,2761.320451585266,3245.988077548457,3008.760811211378,2957.5391763563584,3067.924707654342,3088.857800899329,3052.021905148502,3036.2258518021026,3076.6214265606636,3108.127141832973,3122.7588006051315,3138.1670318641363,3099.502051309554,3056.879196626976,3201.4662163000116,3058.722970010594,3096.4542416796357,3042.3014843158735,3130.624005310628,3133.9429099773147,3028.192523343747,3099.639857890261,3089.905393852674,3076.241003558394,3065.1002461320177,3143.1829944891074,3047.0769558571083,3167.5143792902672,3186.254987481964
