,1610555604.25mOvVXuL01OCiReyVWBfesjuvXmB3MoPy,1610555605.43B6oDsBtWRQ29Q9UMQuTUEPZy3FSSWXzc,1610555610.92HPGJJSmyPM40z7otPBgHalNrHFA7zk5d,1610555606.68LaSQbm9EHAFycEfFtEqAwYqlBsQPjIRW,1610555617.19EKxMEwDHfXiEJZc27TsGoERaD6Da4BZU,1610555722.52PJ3FD50MGhRXyUD28vluU8Z9UjLJLZn4,1610555617.52Ijr5puT55g9apK8auM7zaxa3NANg502t,1610555638.77ZLjTLkz4jYJdFMI2wWBztzsDILkoOtAk,1610556912.46C7tJPLF0XfNnm8f1820X9aLmXMHoc0Dw,1610555617.51LjzIROg0aeCP2GhDcAVQ0LipKJB9jmKc,1610555608.17OpjjHobqRkX0UPcaXrbu7K6L3805SZri,1610555721.82zWeNZfGUUfRJkgnAwlP8VMhPzXctnSd4,1610555735.75bom85BDF0C7W2eIseHeMxi24qR68nzMi,1610555735.77NnT5xqKnwcf2BbjIekeb2arTQj6QMNwk,1610555638.33wjf1PhdNaoWfbRzXVn50hmFyB5bYAiLV,1610555606.65jCE4ig8Pu8kvAzkxnSGfWsV0nQBjCf8H,1610555608.18ONsBCVo1i7BrX0XG9stct4oiA6ejX9Oz,1610555721.51RNoQUMP19FTMS79BmA3JkgSm2IC2AQuQ,1610555971.86O0cHB2ibBJ8jxoObg01EpGe8VVV5mpwn,1610556911.51zU3duZSGpcw1BDNsBLxdOCITAXwl6z3i,1610555988.71dMoYT8250UHHJGxgmITTmbHe7V6gH1yU,1610556042.81mlUZsSp7gbGjrp8jQSnybT1gPy6e62o1,1610555637.02UBW5nKvDyUrKnaWcYRGajZPxTRDS0q3N,1610555619.13oUYNikU4facCTpUSiSLr0vPI0tJLnXiT,1610555721.03nzkucfjAUh31zTbmCVvTVYqtjoxZFnBh,1610555722.67fhKURdXVzRbLIjXmjRwdJHTnE7PWb1AE,1610555638.39J2ZWBLuLTHP0jOlzB4tNHmYeijH5g5YJ,1610556032.17Q6yCDx9g7alRnL9jBFXD2JhhUyB2hKfJ,1610557007.49MyVgDnuUuBxrvL6SGOdhKf69VYlW1MSm,1610555638.44hjT5hbYdKoE3MB6hijrjqbjmLgvCUYKD,1610555608.13zUvmFSCRt6SsLbhqFznMEvGx54GPGQzM,1610556038.62a5C4ynd1AARyAhTv8a58NCqHvXRjscqH,1610555644.45Xse8u7pusHNsd7F3d0A32HXvXr6weOJE,1610556038.62gKXOCG7XCn55eJvyl5voNjbwOW0znQDq,1610555987.13v0oleKK97pkesp6oMgprH8SoSdoDVdIO,1610556964.96ZLLeiQW0qpmxhPGTg7K03fmzkqsC2bjC,1610555987.13VQlEedQ50VvkPMEMzZDv3KNnQCewykN9,1610555982.186TY6MMGkDecIN1woW6vsfAMXVV7jnyjO,1610555982.673LuMndkwkvdmZOn0MmE2Pkidx0FtNalb,1610555733.38zItcuH7gHNfKdALR2d9Nek6bxCyw36Vm,1610556034.15BQxSbZINGCay0yp6RBVlgcPrw76Yn9ON,1610555639.37BPZpgtGml8qUsh9AdV4m32jPLfI2aNFq,1610556965.57S0adAalhWYe6K3bkZU0bRHbqnDK8gGkR,1610555983.54zteLPCMjyrjzPdhHhlZr3faCgD0TfYr3,1610555987.79rHnNRmt9a0ufmnwCvZqBouyUoZDNpylW,1610556960.041xWER61rmArlsKfiMl4frikWmUCnQ7op,1610556035.13a7NHZDutfTMJ88qle1gTYY59Dr4WmMsj,1610556890.456ZBDaY16bMtrTZTqAgHl3wq1tRxzqDow,1610555760.24e6890pkbyZ97Or6croI1rQgjkSsR0yVt,1610556043.02YpWMIJg3W004iqlPyv8OcVAZdSC5rNYw,1610555987.03z05P26TLtONYM1HSzupoc2CeNMa6HTqr,1610556032.15OYCzUxpsz7b10AXBAuDXrvEcvxFhf0M7,1610556032.63Z80yI9pNwS3jSmsDABbuhf8wkNa2Ze9y,1610555736.28eGuESasTXdR3SqY6pHhEXWZtcdciYLCO,1610556034.61bebeZA0MkaFG2sm3VKiqrxeqQginTTW0,1610556944.5XwXOphKYT3ZkWA8gViqOS97VHVuMVUqb,1610556944.745UVLFBzf7fPh4UH37I6tYQOFPqRDytEh,1610556034.63XsUwaFaPZevO1JNFjfhvY4aKNFnV4noV,1610556964.89xwBHw9faT1HjQRMNQEyA4qJ3hWkwgj3k,1610556966.74DydzH91jtyvRyYau47JpVkZoMRSNTt01,1610555740.77UueVziDbaXyRR4OcVJIIZyzOfAzN51bj,1610556046.84e3vwjyRCzqz0wJQhrk8zsxlFfFSv98Df,1610556137.99eoPuVrDThKAOvmeprLPb2FWRqIhzUodc,1610555740.73XFwSrmTXJPlaxGZSefh0jOVA8PI3III1,1610556123.88AOfNaz9jSnqU5Czc7okOv1RCrYfKFBTo,1610556046.85nB7NvyoYQeLcOV391Lmmut1wAM8CFGLw,1610556123.89H4pdIAzDthI7bMXMhlIhKUYIQIvtmPPQ,1610555740.87GOYQUJKpkynIS2lFqppYK4b32ol7NeGh
1610555604.25mOvVXuL01OCiReyVWBfesjuvXmB3MoPy,0.0,55.89396883432767,32.30355451471987,56.12707916924425,46.122021521752536,54.255109813117436,48.84523790439614,33.90031133805609,38.69472281404183,55.86536618119727,58.561025123569394,55.140087865148644,61.132474722050134,47.091728987017355,61.10210271990302,51.98061533789941,60.07917904518553,57.45458860521396,47.75356278756163,53.6860544748233,57.55869286412378,65.78720878809277,50.65961883019567,33.48707405069855,53.90438997337774,53.48674114892935,48.15533307049741,56.92636419627124,58.83064757866567,48.898872947976194,53.199671390246536,50.30724442918246,59.65021283515353,60.14209459386382,56.54565552129975,55.02391550909022,54.892599209738115,56.70642651492764,57.050130000337525,57.23073493838634,56.10124939261759,59.431762411978816,56.23534340120203,55.246695042685936,58.48576924815426,58.17051091589425,54.12508426689238,51.92790772829736,55.716801337111455,59.09890378802893,51.959725183628535,49.997308987483535,59.72762161897026,63.37215016835851,51.77713236491037,55.6329273285508,53.62007590641784,54.761598036586456,51.18817617167663,50.37601922319626,59.868707306134546,65.54582609021762,54.43845415912065,61.157559096235,54.83224736765178,64.24032481935897,55.82359143708192,58.78060370522101
1610555605.43B6oDsBtWRQ29Q9UMQuTUEPZy3FSSWXzc,55.89396883432767,0.0,58.24927608436273,49.293988859082525,56.84536073481541,57.50151829066963,58.075692506402426,58.62321962913842,55.70601789345562,54.666365404695355,50.915398240272545,52.24811189255584,53.29670440786498,59.94415614433766,56.521182142236626,51.12983435458837,53.35287681484452,39.33847493744546,55.99751901952621,55.88139702813479,55.78745262191585,60.54141423293679,55.52717058508325,58.6084649820765,53.75733482092738,58.071016953689764,56.975966607015486,54.0890833008451,53.366975888817954,54.311973481223994,54.77910839608276,56.68710921063208,53.20695812892013,56.06067245107881,55.547417347871786,52.779987125793504,55.150932179254426,51.74885814605351,47.60527262169272,58.39090629646563,52.576580083084586,53.701506878249255,55.56235202253901,52.715100842092035,46.18479505557784,41.89883607381709,55.58201793077375,58.468478646051885,55.04199756827541,58.14441716560498,53.25157542621196,56.63121752253297,58.098427436392406,57.13365500834744,53.37486389156862,57.283725851662474,54.17947560639752,55.03463470686135,53.16644127593507,52.87740930513123,54.4510863463663,60.04347369524876,50.376990448811895,57.493085096528425,53.344647381086276,58.060702172724454,57.24163235745813,53.456112907657946
1610555610.92HPGJJSmyPM40z7otPBgHalNrHFA7zk5d,32.30355451471987,58.24927608436273,0.0,58.14757021560403,48.684074671217026,56.14938406556314,46.21449196681981,28.683412516899928,44.86312437266913,58.06726107399876,60.43277063995251,57.00671581483203,63.88929171028344,45.01635644484335,62.697672058929186,54.20468973805772,61.81585203775069,59.62592531636156,50.513543120139474,56.03687139939571,59.56858235923421,67.55706609804498,52.49954937922364,23.95171637968218,56.340721049200866,55.89452209659632,51.52799905536948,58.90811498195756,60.83794864856765,48.07378294108795,55.6072474632323,52.97059899278076,62.19017630861164,62.320416153927574,58.96886064357328,57.34587245402988,57.25879281796732,58.813510646997415,59.34726438672619,59.670793865286825,57.888215040049374,61.26570974645267,58.48807941159678,57.7655230536326,60.388865544854866,60.052282489715,56.75322799000973,55.43394652666105,57.64488193715399,60.924651203423444,55.03450248336705,52.610340474566684,61.73884466819976,65.2064825908101,53.42171980541992,57.704897899269106,55.89176647572174,55.93041103056169,54.31849951064493,52.45741190133018,61.63659152832929,67.20587696219744,56.775712949334874,62.81255565402547,57.15937264461048,65.92488505854043,58.11204713779771,60.42825576094003
1610555606.68LaSQbm9EHAFycEfFtEqAwYqlBsQPjIRW,56.12707916924425,49.293988859082525,58.14757021560403,0.0,56.46587649984339,55.23813440592331,57.861699920456864,58.703714213276925,55.37607211012555,57.16267349921398,46.07129336724224,50.2845721133582,61.4926345416111,59.98996293771453,58.19289077125878,49.63368825400098,53.28767621172243,49.65760695750779,53.197926434858246,54.877685320486485,53.06117194595673,61.73195262614752,55.41532241790968,58.791964303690904,55.718560499512485,57.33202634174813,56.10358206611106,49.712546938382054,54.475638825478434,54.58267404098918,54.178900490851355,58.43070086379422,59.42838885464568,56.92216936539443,51.41498928614604,48.8401589736975,51.760387785405385,53.187994591778875,51.32206915044271,56.03237378016176,47.66127945059931,52.45742543545493,51.094746152178914,48.938797742376586,52.09564861091129,49.46978952482433,55.76195935480766,58.19004831037446,56.7421673423264,57.21511893426046,50.20665649526783,54.32642553634543,58.829803011283104,59.306914964019,51.42015782896224,57.86786739868696,53.754775339121785,52.6624600356674,51.272235192658464,53.84951583339854,54.75566109421489,62.60131547569021,51.70304718535847,59.13650963947507,52.90670981346369,60.961887766054765,55.341881082220425,53.21479588451722
1610555617.19EKxMEwDHfXiEJZc27TsGoERaD6Da4BZU,46.122021521752536,56.84536073481541,48.684074671217026,56.46587649984339,0.0,52.52476567721129,48.76824626336502,49.604474219768356,40.338182303934744,57.67248520833347,57.87405305422187,56.20782281182271,62.761241948462064,51.68987695928957,61.11393441031882,53.16792927913635,59.78435637730875,57.15588193843936,47.48260942684624,55.147199106872826,57.989953227366975,65.4655307398768,43.9696215479358,49.25066137119834,52.772088566176414,52.159462448533546,43.1678067611568,57.48168756544904,59.52505582446618,47.85445296743826,53.66573666063545,49.369620905479195,61.30019712516918,61.098644554232415,57.79037643819262,55.22086743323806,54.0718890771038,57.273712239154044,57.28109888346803,58.94297654483476,55.99334885779248,59.863229009533484,55.91639149100627,56.99768960332046,58.385373974831666,57.92829439721983,53.97490070735635,54.46037355150291,56.39390658430855,57.61304785487651,54.637127454196886,50.41131799138744,60.90284411770219,63.56363513109786,52.91111130763624,51.82400023742872,52.44353605870988,56.69302579102723,53.56096207461893,48.10476692208482,59.88267967583124,65.51365625401353,55.20932370151163,61.19548606894035,55.62235339918491,64.17198792678637,56.67910242102659,58.07037008728419
1610555722.52PJ3FD50MGhRXyUD28vluU8Z9UjLJLZn4,54.255109813117436,57.50151829066963,56.14938406556314,55.23813440592331,52.52476567721129,0.0,56.25302490716828,57.04177289628513,52.36073187297689,60.39857531550318,56.390452745837194,57.520101874579744,64.57053612227,57.77915594818618,62.635479742288666,55.13190497565058,59.22694027904079,57.63335168123408,39.5914585155432,58.1508561970977,58.38454230550732,65.83248459673294,50.16426713593292,56.711419185981946,54.59300596366998,34.875653051269865,53.883921957635415,57.24542016238779,59.028962188601035,52.81738799554421,56.868274567337565,55.200898448046196,63.055763758775576,61.38040489213188,58.352615860902766,56.19143536044107,56.803813992062494,58.79401492385925,58.088011581018655,58.53419440904099,57.869224707948504,59.68243156259368,57.36177714303009,56.157734133852465,58.413762170189415,55.68561682522649,53.919376731148375,55.96566705125542,59.95287887133212,59.455971731475984,54.35159045956809,52.759609683420344,61.56307804323453,64.2490699420486,56.034266849154776,51.67001315623399,54.59925374456543,57.62688112637044,53.97075351528575,49.67763353062565,59.083269346114925,66.35609687463274,57.67264649689036,61.435989764190644,58.79970766984406,64.45536790595894,58.04390133834384,57.370324904287976
1610555617.52Ijr5puT55g9apK8auM7zaxa3NANg502t,48.84523790439614,58.075692506402426,46.21449196681981,57.861699920456864,48.76824626336502,56.25302490716828,0.0,49.160688732411884,49.76751541878772,59.29811649576977,59.923606552209016,56.68670099856835,64.79399816624344,40.786818597723475,61.917039743685805,54.82226751047275,61.00901405875801,59.144891069955705,52.41600195388085,57.98808437570338,59.22415172206545,66.5668551150703,53.68182937231564,48.064244599090046,55.94486750284347,56.013004194296535,53.5662784645395,59.0293675614453,61.24131752513389,42.83154312793718,57.013996459985435,52.88382903267101,63.228323555329276,62.6892706968987,59.48584062040029,56.98610010386141,57.60627391824015,59.3526018078635,59.17201195029864,59.9589688176248,58.45352327785087,60.70591323693522,58.579280983154106,58.69571935376503,59.73152577052452,59.66234825762874,57.49403075052021,57.41758642482524,58.53714062598047,60.912906704443024,56.23922719342942,54.079756286393284,62.31370104182062,64.74335038985275,55.00788046683122,57.8537945617933,55.95080759008211,55.95457420148548,55.74169443519421,50.71342278539289,61.093555579323095,66.57036687835657,56.87198155391195,62.084391632491666,57.6490836594755,65.22083197613178,58.67412980001555,59.98497287963386
1610555638.77ZLjTLkz4jYJdFMI2wWBztzsDILkoOtAk,33.90031133805609,58.62321962913842,28.683412516899928,58.703714213276925,49.604474219768356,57.04177289628513,49.160688732411884,0.0,44.25107405410463,59.05595120638586,60.86981663327075,57.52628714904178,64.12542613773614,43.471675674618886,63.36042814698171,54.943228682077624,62.18658773932631,60.00334739394321,51.31589371758327,57.09508298940062,60.079147591806475,67.95461026219537,54.03348640620309,19.601427868794865,57.10275762654711,56.575170613819125,52.01941077367499,59.54348390750615,61.54272799100346,50.58298226345358,56.32506232906653,53.438351072205656,62.682464968378135,63.031641412167126,59.47390789256985,57.80342958988316,57.89075439535171,59.51524963739271,59.90988260151571,60.053799309387465,58.52716181368707,61.82018186672466,58.715456312215814,58.125735814906136,60.85366826485765,60.57521171377628,57.11433450616282,56.24505110235185,58.488558216354164,61.65656727651956,55.34954092285623,53.172548363323415,62.46697569617555,65.71912478237789,54.594547657024506,58.35266431415386,56.72752594785646,57.0497086889681,54.62837834437666,52.772299683409805,62.19118596503499,67.837439923639,57.25371972799933,63.345213838221085,57.85870298175949,66.53736221291216,58.66764327712666,61.073406868908705
1610556912.46C7tJPLF0XfNnm8f1820X9aLmXMHoc0Dw,38.69472281404183,55.70601789345562,44.86312437266913,55.37607211012555,40.338182303934744,52.36073187297689,49.76751541878772,44.25107405410463,0.0,56.794568279970406,57.27859466256042,54.35422957275063,60.841044554687805,48.782908260006955,59.8887844804617,51.855370925270385,58.85472586012072,56.335988648221246,45.436060327219494,54.15442214354976,56.1169008479561,64.55473962434611,49.80739974177116,44.81080456332132,52.942135327976565,50.75060902517504,46.7602447968859,55.71357858328053,58.06339641171269,49.09054770108194,53.06986329750559,49.98779449718747,59.743450117831344,59.53889159194431,55.982061912812455,53.69620846128364,53.690328219573416,56.5182187651832,56.718694415771964,56.78270703028451,55.087170845379696,58.26711567172518,54.51764541060904,54.79458738594455,57.51023867452166,56.93570913124732,52.155248483561756,52.85864917345796,56.386087037144456,57.43233666843739,52.02084023181049,49.84882433482347,59.52528196849439,62.403727617153976,52.1123051376837,53.382818871736546,52.5307926191596,54.7344091973686,50.95509172998618,48.50237412884353,58.61534041886104,64.53076434241153,54.226967131960116,59.908351229102045,54.602136236536666,63.228714276023894,55.78840332740908,57.05812637574507
1610555617.51LjzIROg0aeCP2GhDcAVQ0LipKJB9jmKc,55.86536618119727,54.666365404695355,58.06726107399876,57.16267349921398,57.67248520833347,60.39857531550318,59.29811649576977,59.05595120638586,56.794568279970406,0.0,60.223141684843675,58.75249758788584,53.175588597763635,60.55447165516567,63.008000026435624,54.098412246763864,62.04564226555436,58.011238146489646,59.386611813108686,56.6952676021747,61.06738206002422,68.69133032177554,56.799381111650746,58.897371105248745,55.57666160013084,60.6874513863445,57.586241005911354,59.93225394042723,58.13900659194407,56.97092650738843,54.08883972174496,60.5736771599979,42.31841534789929,59.121660448657586,58.829938180158145,58.21457917128333,57.0494550372753,54.54306747700125,55.617975494294456,59.35484017396555,58.177622952153904,62.09748894361792,58.117990606596166,59.88003744317588,58.92212759889448,58.58852991026453,58.26281661821965,58.19286468141904,39.44093934233189,62.05539263144224,56.63170206198099,58.16878503821052,59.84055810544729,65.11445299031122,55.05437527986068,60.72102854446366,57.46824386482191,58.61823672183947,56.208084185237226,57.53443821596568,61.881809061196726,67.78809638033505,52.73028746137701,64.87563522062949,48.8777789415787,66.51776769893317,60.1186513946966,60.4571824215752
1610555608.17OpjjHobqRkX0UPcaXrbu7K6L3805SZri,58.561025123569394,50.915398240272545,60.43277063995251,46.07129336724224,57.87405305422187,56.390452745837194,59.923606552209016,60.86981663327075,57.27859466256042,60.223141684843675,0.0,54.71323375340822,63.50334822216879,61.74070563070666,59.22123982773712,52.970578101050066,38.80829255739409,49.1145026407023,55.210337088121705,58.399174269806906,55.052535000017265,61.62228943398447,56.50108227187372,60.87333529462947,55.27778852698879,56.35115872703022,58.195170263011505,54.39374955256439,56.14374272653695,56.60811268358614,57.014181590935465,59.197323940118956,62.18546020862435,59.447770060109896,55.46749378249821,49.66340008201754,55.314407937553916,56.99026225964796,54.17666240034872,58.63254731801128,53.29766831231596,50.61790448768014,54.24474825429307,54.283677419958195,51.5030479381971,45.82543123476246,57.1377513399986,59.16200702523248,59.25515665009133,58.37414985543412,54.612420802002156,56.83681964537181,60.82487837383992,59.789574752573905,54.887049972626244,57.04857429781666,53.51459775149939,56.79364135816106,55.27556693098158,53.79173964657409,53.79520451649206,61.22768690813712,54.457473376787505,56.640823740096074,56.3988644209938,58.2687378728815,57.79238530001798,53.49433037301944
1610555721.82zWeNZfGUUfRJkgnAwlP8VMhPzXctnSd4,55.140087865148644,52.24811189255584,57.00671581483203,50.2845721133582,56.20782281182271,57.520101874579744,56.68670099856835,57.52628714904178,54.35422957275063,58.75249758788584,54.71323375340822,0.0,62.28295250007762,58.30535350425345,57.45599587651659,48.30256789657402,57.12099222407791,51.54263143628878,56.10006415726008,51.865930460922804,38.17705905184959,57.44764292372499,56.71606369906416,57.40365113765896,55.041289621324694,58.125005566882365,56.69835205592727,43.96256059690214,54.550980137810086,55.31196001791956,55.673141159656815,57.69876710206904,60.49870985076927,57.38356305121462,47.663639006168644,47.90916354480593,52.11756618419568,53.7996474349252,54.787385177720516,56.5277737266469,50.340308295855706,50.291691011650464,53.69277429881626,47.540778203851175,54.9967507495436,54.194849252204406,53.23061305595539,57.14525254633365,57.750620506456215,57.2612320422792,44.322138264447055,54.85004179309119,58.983078555200905,58.82320864616647,51.91762459082843,58.486954745931875,54.97721284020297,46.53769461173075,48.73178545486259,54.143660016690006,55.76535010618069,62.124548455017965,50.89207912784548,59.160556921289995,53.381710864950705,60.08852656475694,55.0095804806157,54.71081832648678
1610555735.75bom85BDF0C7W2eIseHeMxi24qR68nzMi,61.132474722050134,53.29670440786498,63.88929171028344,61.4926345416111,62.761241948462064,64.57053612227,64.79399816624344,64.12542613773614,60.841044554687805,53.175588597763635,63.50334822216879,62.28295250007762,0.0,65.43849740648803,64.8279044148348,59.60083150710266,64.64292771465507,59.83415483462184,63.516198815674535,61.95074533049586,64.5909448658669,70.32354184969611,62.86645529750599,64.22227272042767,62.308868547757,64.55934034260744,62.401263424476085,63.79824081951759,62.503687890124375,62.714929419823754,59.650899628969704,64.19981597099967,35.944534796440074,62.06195217324316,63.11933378130516,62.14494178600431,60.96005733267057,59.467948544552556,60.37419111333831,62.435533535015594,61.8867625240368,64.66151911785143,61.831026777940004,63.052477053287916,61.625029552730716,60.836230591135156,61.10790880246141,64.22744326757848,58.769432356263984,64.8690087965926,61.18186533230614,63.135380737864885,63.28268504889824,66.04779272734002,60.171790816487196,65.13055658011073,63.38293065766312,63.183860111776944,60.51999717399904,62.26031396114072,64.14208981735064,68.01968154245188,58.23432240343059,66.77992057884967,59.76672271181895,66.7284738044669,63.79757068127981,63.40545782104396
1610555735.77NnT5xqKnwcf2BbjIekeb2arTQj6QMNwk,47.091728987017355,59.94415614433766,45.01635644484335,59.98996293771453,51.68987695928957,57.77915594818618,40.786818597723475,43.471675674618886,48.782908260006955,60.55447165516567,61.74070563070666,58.30535350425345,65.43849740648803,0.0,63.814696755151836,56.37996360208348,62.60285791930751,61.06173683845195,53.7765041839217,58.97816392539982,60.57430258441589,67.92921562657513,55.81794336488464,43.944792081526295,57.957505968528096,57.03106464855902,54.817249489229226,60.480471205532346,62.725699243745794,49.79377502978644,58.20324215999119,55.24996433609926,63.95925429966873,63.87873475237816,60.4039491505503,58.736287284081754,58.736212727837994,60.81242630664447,61.10452224413627,60.9279020889634,59.781452680307574,62.243097264095944,59.689144167761114,60.46948128291254,61.70301220354345,61.213501870496714,58.36839404046439,58.350975524521225,59.6476126528223,62.31023226010519,57.38010948137208,54.96529039944191,63.58015844757892,66.0969186947326,56.0171845189044,59.50377199962816,57.744870848101264,58.0970671908945,56.8230288568216,53.67212039840615,62.88522627916691,67.89508833586983,58.251621848842134,63.818042517935496,58.82531890225454,66.71498216337079,60.225403126380435,61.73977384852598
1610555638.33wjf1PhdNaoWfbRzXVn50hmFyB5bYAiLV,61.10210271990302,56.521182142236626,62.697672058929186,58.19289077125878,61.11393441031882,62.635479742288666,61.917039743685805,63.36042814698171,59.8887844804617,63.008000026435624,59.22123982773712,57.45599587651659,64.8279044148348,63.814696755151836,0.0,57.724785641731714,61.202847256471394,56.77976700063343,60.54454855943525,61.588284540910315,58.781366139152105,57.71425504371009,62.078447159669565,63.18400137294352,60.174934451771435,62.39946371875841,61.28562401171478,59.67608778022302,59.1934772027273,61.2791356982877,59.57560148510025,62.785435155345205,63.97798857578882,64.23976717046047,58.8277139153805,55.7731632128029,57.382034554106326,61.57298558739718,60.61277794315874,60.316345949879405,52.73205796696841,55.55125395526763,53.970312827851075,59.77888508235384,55.45670321700127,58.253319840183785,59.03586239121068,63.92328713256825,63.07653136264002,61.59264442977523,58.619796980459995,60.613889043429424,65.2655926858422,58.493033921690326,58.24122128332542,62.429526299402525,57.90633501716194,60.74885956028625,59.47964037133275,57.160730701607925,58.069559741790215,57.02553852650327,59.32324103197422,57.874844440716615,60.824812569116844,55.8963119868545,61.19450620044952,58.684152383501754
1610555606.65jCE4ig8Pu8kvAzkxnSGfWsV0nQBjCf8H,51.98061533789941,51.12983435458837,54.20468973805772,49.63368825400098,53.16792927913635,55.13190497565058,54.82226751047275,54.943228682077624,51.855370925270385,54.098412246763864,52.970578101050066,48.30256789657402,59.60083150710266,56.37996360208348,57.724785641731714,0.0,55.57878383347679,53.90010956109096,54.18395445066849,44.39940704789341,52.045881783595604,63.260512038123665,51.504079970896704,54.82618947168357,52.6597778966446,55.36374127458757,52.385644448826696,50.26659610301242,51.43862387202941,51.656532901227436,47.132984853744674,56.06687681647101,56.18663545224971,50.54523858746606,44.74621712172537,45.700450516125734,46.81245591400084,42.81333247439118,53.433808579439166,54.98573454563559,48.71506725496201,54.96348146219175,52.161103788296195,51.82889364188011,52.71541031619113,53.4830354872031,50.63064436487188,53.19881393147467,53.01055745673215,55.083693117076955,44.84081307430579,52.940594934745675,55.87124888580301,59.64858009723283,42.901972162501416,55.91103950391216,52.5308684032264,46.38296034642317,46.9524476087753,52.73174779845592,56.17026709088681,62.62633431238905,44.05393748712941,59.93980595047531,47.90297687047725,60.529341456649625,51.97372094812337,54.33036201484292
1610555608.18ONsBCVo1i7BrX0XG9stct4oiA6ejX9Oz,60.07917904518553,53.35287681484452,61.81585203775069,53.28767621172243,59.78435637730875,59.22694027904079,61.00901405875801,62.18658773932631,58.85472586012072,62.04564226555436,38.80829255739409,57.12099222407791,64.64292771465507,62.60285791930751,61.202847256471394,55.57878383347679,0.0,51.97860074650013,57.9479788644624,60.49696035484693,57.07895290849518,63.178751928474654,59.00017453288169,62.11820637234184,57.28332890891128,58.129019307302876,60.08544979909944,57.417608454775554,59.18703685928686,58.33119721227143,59.39800326550815,60.21608693526639,63.672292642332096,61.46893467708336,58.866396742381,52.99228586863341,57.64267713906153,59.221304708117316,56.36610585433611,60.899089028047314,56.53166933544997,53.27751410593962,57.449500695700934,57.806829058418934,53.94203243035781,50.93433139882966,58.95532185038463,61.4905608086068,60.787701192537064,60.06663838310627,57.248963714192094,58.893847674296836,62.55418822635514,60.97697540274954,57.17559964159454,59.201605346741744,56.17294871638117,58.96220070596818,57.85056437877466,56.30337756840624,56.888199401495335,62.3417145210343,56.24282895251473,57.88536555163048,58.576957502986524,59.77318352011718,59.693270419181566,56.62885665289621
1610555721.51RNoQUMP19FTMS79BmA3JkgSm2IC2AQuQ,57.45458860521396,39.33847493744546,59.62592531636156,49.65760695750779,57.15588193843936,57.63335168123408,59.144891069955705,60.00334739394321,56.335988648221246,58.011238146489646,49.1145026407023,51.54263143628878,59.83415483462184,61.06173683845195,56.77976700063343,53.90010956109096,51.97860074650013,0.0,55.530520114581506,57.587191318822555,53.75935419926443,59.69915270622778,56.69575672380306,60.077236308283965,54.76717053652998,57.88949637239734,57.90729418634071,53.829125482330056,54.71647043714945,56.44980025132033,56.922696975999244,58.520057711011944,58.80141402483381,57.94416110127931,56.52295422784516,52.27744846765497,56.35348843247335,54.73341096865936,51.858148697186564,58.6160962686015,53.10456034536662,51.79006968894303,55.867574859660444,52.73000976686968,46.275213886709565,40.22527605343598,55.9899426751361,59.39325683521104,57.652084742765204,58.81701754572001,53.59717751370428,57.12252172573547,59.76025359872432,56.95450215046458,55.51623524282869,57.60849869076474,53.162754421861656,56.5473636905652,53.70218495304099,53.22858250600371,52.972015411175676,59.62405883330678,52.80570867368998,56.327799893171026,55.41925071437339,57.13092803700704,58.44985905356564,52.36878783295574
1610555971.86O0cHB2ibBJ8jxoObg01EpGe8VVV5mpwn,47.75356278756163,55.99751901952621,50.513543120139474,53.197926434858246,47.48260942684624,39.5914585155432,52.41600195388085,51.31589371758327,45.436060327219494,59.386611813108686,55.210337088121705,56.10006415726008,63.516198815674535,53.7765041839217,60.54454855943525,54.18395445066849,57.9479788644624,55.530520114581506,0.0,57.34066009214913,57.200476581000494,63.74802167044874,50.565180758225765,51.0067206063888,53.236879384318144,44.80927558417703,50.25955078319038,56.14863104629161,58.61820364091176,49.52306846961998,55.81819969017633,51.30511987128288,62.38513031513427,60.815720587505524,57.51364745539463,54.57545422361176,55.752282868417254,58.29360196786787,56.810914827624664,56.064839860708595,55.85603616281812,58.09610194975034,55.16710790182052,54.96953074976507,57.19853358420189,55.32025514621988,54.05021972904447,53.311760446680346,58.416185166167466,57.961723619961084,53.24680571841545,48.48886089329038,60.761158853519014,63.00260135689879,54.99045977559019,52.76894930120612,52.093969802889816,56.992642490640485,52.59376393458093,46.49965204223091,57.64193199466337,65.17612540884541,56.393130653074635,59.64429332711669,56.91335349167164,63.02540728924913,55.43187122443554,55.91418708264449
1610556911.51zU3duZSGpcw1BDNsBLxdOCITAXwl6z3i,53.6860544748233,55.88139702813479,56.03687139939571,54.877685320486485,55.147199106872826,58.1508561970977,57.98808437570338,57.09508298940062,54.15442214354976,56.6952676021747,58.399174269806906,51.865930460922804,61.95074533049586,58.97816392539982,61.588284540910315,44.39940704789341,60.49696035484693,57.587191318822555,57.34066009214913,0.0,54.978713083447325,66.68772951114799,54.91786591957201,56.80731279517466,56.47700996493572,58.24685216715568,53.965095536989956,54.91543549239614,56.39549686635913,55.813281661923064,51.615113289418495,58.97816013767345,58.446137055801756,55.46447010448812,51.179833985258945,52.028368647133725,49.31636030538907,50.907397646014,58.1804950378327,59.37164159722485,53.909689432333614,59.03707492964157,55.832334053731586,54.360350236368554,56.45259266951113,58.15440781773301,53.83021726117628,55.354701230121165,55.83219470177978,59.68968964659029,48.57883367312773,56.77265065416352,60.57885503019017,63.753969391912804,48.59375739162098,59.137391350806894,55.9565165889478,50.083384563353455,50.244981782787136,56.57130823262973,60.86298851290247,66.15703744078223,49.14601758355866,63.406570154942585,50.83783741974151,65.02633543503943,55.74424821753353,59.5869788808602
1610555988.71dMoYT8250UHHJGxgmITTmbHe7V6gH1yU,57.55869286412378,55.78745262191585,59.56858235923421,53.06117194595673,57.989953227366975,58.38454230550732,59.22415172206545,60.079147591806475,56.1169008479561,61.06738206002422,55.052535000017265,38.17705905184959,64.5909448658669,60.57430258441589,58.781366139152105,52.045881783595604,57.07895290849518,53.75935419926443,57.200476581000494,54.978713083447325,0.0,58.3680179914787,58.751103644421576,60.011795427434066,56.897942858648,58.286851029764286,58.593853050990624,46.38118402031102,56.76514204195845,58.033783104171604,57.93709972605735,59.80712329175689,63.06738857970162,59.63466645296195,50.38713525729273,49.57782459560506,53.42876114580508,57.17190904002822,57.30564307107595,58.972091205073596,51.99194289238892,50.66303516173972,54.950779695276054,51.40045096802677,56.19893449573893,54.763111426562446,54.678717434072105,58.95359506561019,59.925223713170425,58.8570827952608,48.89194199918825,56.50615776411414,61.48526816299918,60.11004207264488,54.66271540004889,59.349983970437535,55.957159130144504,50.48501943929195,51.91294937154193,55.73136263098812,56.69306435493983,62.997527114709385,53.99431427925946,59.48794621989733,56.2092717375252,60.833200062009205,57.532716352472534,55.86853187043936
1610556042.81mlUZsSp7gbGjrp8jQSnybT1gPy6e62o1,65.78720878809277,60.54141423293679,67.55706609804498,61.73195262614752,65.4655307398768,65.83248459673294,66.5668551150703,67.95461026219537,64.55473962434611,68.69133032177554,61.62228943398447,57.44764292372499,70.32354184969611,67.92921562657513,57.71425504371009,63.260512038123665,63.178751928474654,59.69915270622778,63.74802167044874,66.68772951114799,58.3680179914787,0.0,66.33872907964938,68.00176322231418,65.1062289287319,65.70567186851396,66.52361805544855,59.31431259643723,65.55167093071393,65.41829119476509,66.802134345812,65.93372736480812,69.71032841044622,67.87314311375809,64.64689744759026,60.14517184000974,64.66346393599696,65.50933858639482,64.48975014699617,65.14491536345176,61.44077762251545,53.917391284559855,63.68143792770153,62.54798972542119,61.648422562938684,60.85620364076515,64.32197622573578,68.14040167631644,67.71729314842736,64.92995456622288,61.91783326687783,65.53271012335733,68.85499522115985,61.61502555571328,64.97953672051003,66.629335122167,62.89987123289664,64.543735620596,62.83809892803379,60.73440514180954,58.25369448685116,59.81442413394278,63.07587974091894,58.87288754698816,64.9496067087136,54.40812317178441,65.38538903032492,58.951610234810055
1610555637.02UBW5nKvDyUrKnaWcYRGajZPxTRDS0q3N,50.65961883019567,55.52717058508325,52.49954937922364,55.41532241790968,43.9696215479358,50.16426713593292,53.68182937231564,54.03348640620309,49.80739974177116,56.799381111650746,56.50108227187372,56.71606369906416,62.86645529750599,55.81794336488464,62.078447159669565,51.504079970896704,59.00017453288169,56.69575672380306,50.565180758225765,54.91786591957201,58.751103644421576,66.33872907964938,0.0,53.5718025000922,50.98217736384232,52.07791903131851,42.83043545901501,57.736850570169864,58.0977178956255,46.974280347641724,50.75079140248094,48.811050088734426,60.62113350460857,59.36094613510365,57.454308976102176,54.72216690269434,54.38773082301328,53.73386140567198,55.73322121180075,58.89422023844606,55.06472036179731,59.92306276339363,55.802862514833315,57.04129546979362,57.096478300577026,56.376927212329726,53.148697385083366,54.52854064553915,55.27448681674309,57.61018929169921,55.17830468376762,50.248773371786214,60.29183493626918,63.27546887200666,50.90744783201852,43.567731387976444,52.10747273049556,56.319990049298745,54.34257261792304,47.625714815102825,59.58392989344748,66.2643353373899,54.14926424107681,61.39781363403231,54.40589378730275,64.25887252565929,56.5174441121721,58.1391910429903
1610555619.13oUYNikU4facCTpUSiSLr0vPI0tJLnXiT,33.48707405069855,58.6084649820765,23.95171637968218,58.791964303690904,49.25066137119834,56.711419185981946,48.064244599090046,19.601427868794865,44.81080456332132,58.897371105248745,60.87333529462947,57.40365113765896,64.22227272042767,43.944792081526295,63.18400137294352,54.82618947168357,62.11820637234184,60.077236308283965,51.0067206063888,56.80731279517466,60.011795427434066,68.00176322231418,53.5718025000922,0.0,56.964469608022746,56.41912964647104,52.005576234210984,59.48246970388753,61.39857481541868,49.65496645286475,56.1064477749612,53.29436974281026,62.692013593975254,62.98110774441718,59.27454381358109,57.79013562557495,57.80091877413808,59.43409707870671,59.86980784329078,60.10215619458828,58.46069249886274,61.72815268256809,58.77732105518221,58.08302978127744,60.71804106053957,60.55254394539253,56.97544285793051,56.058532228526424,58.309134384939185,61.58737764066358,55.290567865129084,53.118792464887015,62.41722070143693,65.56896725724893,54.334595977100676,58.248844205837905,56.53542862693978,56.815045985640275,54.66126936561579,52.619500518668524,62.030569562582784,67.60977922545239,57.259053040521856,63.19894347950668,57.74907659412751,66.35341963840841,58.58652245390985,60.95219439943533
1610555721.03nzkucfjAUh31zTbmCVvTVYqtjoxZFnBh,53.90438997337774,53.75733482092738,56.340721049200866,55.718560499512485,52.772088566176414,54.59300596366998,55.94486750284347,57.10275762654711,52.942135327976565,55.57666160013084,55.27778852698879,55.041289621324694,62.308868547757,57.957505968528096,60.174934451771435,52.6597778966446,57.28332890891128,54.76717053652998,53.236879384318144,56.47700996493572,56.897942858648,65.1062289287319,50.98217736384232,56.964469608022746,0.0,54.992806429436584,54.5467574550255,56.010354034994485,57.58887553430006,52.52076459665489,55.504540097846814,53.7244215975155,59.59815255463958,58.84847869214442,56.238633055868085,53.83967528239215,55.260154311754256,54.951472991486476,46.38497673283267,57.367610360657295,56.70512714827612,57.95946806498499,54.548665830679816,55.64232938668049,55.43374309667986,53.778822402552066,54.76284604617143,51.10795965251031,54.5333956261221,58.257432742976526,52.585682395121495,52.95648929457038,58.769966851975774,62.23951996408387,54.66583200807932,50.844248347894265,46.60925407434805,55.83331958076714,52.49954524486823,47.46819960470391,57.1814380396828,64.45827386994979,53.92262886244013,58.485246849597296,53.53688335704556,62.60099696872429,55.29058147287221,56.041504891782566
1610555722.67fhKURdXVzRbLIjXmjRwdJHTnE7PWb1AE,53.48674114892935,58.071016953689764,55.89452209659632,57.33202634174813,52.159462448533546,34.875653051269865,56.013004194296535,56.575170613819125,50.75060902517504,60.6874513863445,56.35115872703022,58.125005566882365,64.55934034260744,57.03106464855902,62.39946371875841,55.36374127458757,58.129019307302876,57.88949637239734,44.80927558417703,58.24685216715568,58.286851029764286,65.70567186851396,52.07791903131851,56.41912964647104,54.992806429436584,0.0,53.3454698724082,58.537785296362244,60.368600266197426,53.47923652869922,57.110116546930506,55.18081327921757,63.14188129895492,61.97502983552309,58.885812347827,56.331026539449766,57.05228710165839,59.48452258439044,58.74179022726662,59.156709407558836,58.66384861929249,59.18154748992128,57.85590753497827,57.475965526671935,58.55770001746791,56.89190894684569,54.422728699239514,56.413196126318155,60.11330589268658,59.86788116448949,55.217370191243376,53.9429880678487,61.86286985554759,64.46202397619399,56.2881947043665,53.701441650232866,54.72831259077626,58.64827870996605,54.65852388126027,50.60686468762457,59.275527742625414,66.0824197305681,57.810971346151284,60.19873192714057,58.96374192524068,63.97160211536714,58.65989034446041,58.28924884155743
1610555638.39J2ZWBLuLTHP0jOlzB4tNHmYeijH5g5YJ,48.15533307049741,56.975966607015486,51.52799905536948,56.10358206611106,43.1678067611568,53.883921957635415,53.5662784645395,52.01941077367499,46.7602447968859,57.586241005911354,58.195170263011505,56.69835205592727,62.401263424476085,54.817249489229226,61.28562401171478,52.385644448826696,60.08544979909944,57.90729418634071,50.25955078319038,53.965095536989956,58.593853050990624,66.52361805544855,42.83043545901501,52.005576234210984,54.5467574550255,53.3454698724082,0.0,58.40208662851686,59.48460332308973,50.86810518271725,49.719798297187594,52.525590053193746,60.841800251415386,60.84670786109668,57.509804616288996,54.69500833136753,53.233266478278246,57.34618465320959,58.11983138781069,57.57646967864364,55.36861702078332,60.099527807840225,55.35446476260405,57.57293622823906,59.06835741446654,58.64001082637729,52.93144462935276,53.528438673776975,55.603604797906705,56.78501665381365,54.74680239427906,48.78438568417547,61.268340101943174,64.29557343725979,51.46088376612874,52.866132115535294,54.920296003599304,57.18089702745814,53.70576212648628,50.817419855770524,60.73588665821033,66.45763671918492,54.605870278719415,61.94090213623386,54.79242111863549,64.55690217939927,54.01048229646812,59.533023950049994
1610556032.17Q6yCDx9g7alRnL9jBFXD2JhhUyB2hKfJ,56.92636419627124,54.0890833008451,58.90811498195756,49.712546938382054,57.48168756544904,57.24542016238779,59.0293675614453,59.54348390750615,55.71357858328053,59.93225394042723,54.39374955256439,43.96256059690214,63.79824081951759,60.480471205532346,59.67608778022302,50.26659610301242,57.417608454775554,53.829125482330056,56.14863104629161,54.91543549239614,46.38118402031102,59.31431259643723,57.736850570169864,59.48246970388753,56.010354034994485,58.537785296362244,58.40208662851686,0.0,55.12705669934156,57.04436018446594,57.59133784509116,59.038529345517624,61.88402488662983,56.005925602692216,52.26908316159134,49.72337918556756,54.160066398224835,53.882406121792286,55.803968870464786,56.86327237965452,52.110832117696724,50.198307083036404,54.29783292174381,48.012708872336155,56.45322130475651,53.54228286996448,54.553222286541896,58.523027624142415,58.909607733721906,57.846879226665656,45.672273283421305,56.305889060376074,58.58124817391111,60.1410703791023,54.353501828666715,59.05507904537397,54.50051288269858,50.550341969341,47.101424833121044,55.16083439945162,54.302325441350796,63.07152615387864,52.79209353741663,59.070005494152795,54.53035790612939,60.70326507839366,56.62436983419555,52.15060510929119
1610557007.49MyVgDnuUuBxrvL6SGOdhKf69VYlW1MSm,58.83064757866567,53.366975888817954,60.83794864856765,54.475638825478434,59.52505582446618,59.028962188601035,61.24131752513389,61.54272799100346,58.06339641171269,58.13900659194407,56.14374272653695,54.550980137810086,62.503687890124375,62.725699243745794,59.1934772027273,51.43862387202941,59.18703685928686,54.71647043714945,58.61820364091176,56.39549686635913,56.76514204195845,65.55167093071393,58.0977178956255,61.39857481541868,57.58887553430006,60.368600266197426,59.48460332308973,55.12705669934156,0.0,58.68238879636554,55.7292688544363,61.21645091133402,59.93444013693026,57.644345210075976,54.01077220404431,50.80809519354663,55.9356333085721,52.733804345112596,55.00670897810818,60.23309912061696,51.92380229499761,57.63443893789269,56.49841827352144,53.672197329430205,52.48842631292599,54.57520653092886,57.733089749242964,60.06355623427407,58.34509825289468,60.53917696684953,53.674333622232204,58.44746910960792,61.611348569924075,60.983163256339246,55.08895999018438,59.56274290530981,56.6319894761786,56.73659289807065,54.89378877888798,56.83140808356317,59.23194866686825,64.71712285123148,51.546567787803006,63.46088304904369,54.356974767191474,62.165372149573045,59.265187801530566,57.84618204716725
