,1610555604.25mOvVXuL01OCiReyVWBfesjuvXmB3MoPy,1610555605.43B6oDsBtWRQ29Q9UMQuTUEPZy3FSSWXzc,1610555610.92HPGJJSmyPM40z7otPBgHalNrHFA7zk5d,1610555606.68LaSQbm9EHAFycEfFtEqAwYqlBsQPjIRW,1610555617.19EKxMEwDHfXiEJZc27TsGoERaD6Da4BZU,1610555722.52PJ3FD50MGhRXyUD28vluU8Z9UjLJLZn4,1610555617.52Ijr5puT55g9apK8auM7zaxa3NANg502t,1610555638.77ZLjTLkz4jYJdFMI2wWBztzsDILkoOtAk,1610556912.46C7tJPLF0XfNnm8f1820X9aLmXMHoc0Dw,1610555617.51LjzIROg0aeCP2GhDcAVQ0LipKJB9jmKc,1610555608.17OpjjHobqRkX0UPcaXrbu7K6L3805SZri,1610555721.82zWeNZfGUUfRJkgnAwlP8VMhPzXctnSd4,1610555735.75bom85BDF0C7W2eIseHeMxi24qR68nzMi,1610555735.77NnT5xqKnwcf2BbjIekeb2arTQj6QMNwk,1610555638.33wjf1PhdNaoWfbRzXVn50hmFyB5bYAiLV,1610555606.65jCE4ig8Pu8kvAzkxnSGfWsV0nQBjCf8H,1610555608.18ONsBCVo1i7BrX0XG9stct4oiA6ejX9Oz,1610555721.51RNoQUMP19FTMS79BmA3JkgSm2IC2AQuQ,1610555971.86O0cHB2ibBJ8jxoObg01EpGe8VVV5mpwn,1610556911.51zU3duZSGpcw1BDNsBLxdOCITAXwl6z3i,1610555988.71dMoYT8250UHHJGxgmITTmbHe7V6gH1yU,1610556042.81mlUZsSp7gbGjrp8jQSnybT1gPy6e62o1,1610555637.02UBW5nKvDyUrKnaWcYRGajZPxTRDS0q3N,1610555619.13oUYNikU4facCTpUSiSLr0vPI0tJLnXiT,1610555721.03nzkucfjAUh31zTbmCVvTVYqtjoxZFnBh,1610555722.67fhKURdXVzRbLIjXmjRwdJHTnE7PWb1AE,1610555638.39J2ZWBLuLTHP0jOlzB4tNHmYeijH5g5YJ,1610556032.17Q6yCDx9g7alRnL9jBFXD2JhhUyB2hKfJ,1610557007.49MyVgDnuUuBxrvL6SGOdhKf69VYlW1MSm,1610555638.44hjT5hbYdKoE3MB6hijrjqbjmLgvCUYKD,1610555608.13zUvmFSCRt6SsLbhqFznMEvGx54GPGQzM,1610556038.62a5C4ynd1AARyAhTv8a58NCqHvXRjscqH,1610555644.45Xse8u7pusHNsd7F3d0A32HXvXr6weOJE,1610556038.62gKXOCG7XCn55eJvyl5voNjbwOW0znQDq,1610555987.13v0oleKK97pkesp6oMgprH8SoSdoDVdIO,1610556964.96ZLLeiQW0qpmxhPGTg7K03fmzkqsC2bjC,1610555987.13VQlEedQ50VvkPMEMzZDv3KNnQCewykN9,1610555982.186TY6MMGkDecIN1woW6vsfAMXVV7jnyjO,1610555982.673LuMndkwkvdmZOn0MmE2Pkidx0FtNalb,1610555733.38zItcuH7gHNfKdALR2d9Nek6bxCyw36Vm,1610556034.15BQxSbZINGCay0yp6RBVlgcPrw76Yn9ON,1610555639.37BPZpgtGml8qUsh9AdV4m32jPLfI2aNFq,1610556965.57S0adAalhWYe6K3bkZU0bRHbqnDK8gGkR,1610555983.54zteLPCMjyrjzPdhHhlZr3faCgD0TfYr3,1610555987.79rHnNRmt9a0ufmnwCvZqBouyUoZDNpylW,1610556960.041xWER61rmArlsKfiMl4frikWmUCnQ7op,1610556035.13a7NHZDutfTMJ88qle1gTYY59Dr4WmMsj,1610556890.456ZBDaY16bMtrTZTqAgHl3wq1tRxzqDow,1610555760.24e6890pkbyZ97Or6croI1rQgjkSsR0yVt,1610556043.02YpWMIJg3W004iqlPyv8OcVAZdSC5rNYw,1610555987.03z05P26TLtONYM1HSzupoc2CeNMa6HTqr,1610556032.15OYCzUxpsz7b10AXBAuDXrvEcvxFhf0M7,1610556032.63Z80yI9pNwS3jSmsDABbuhf8wkNa2Ze9y,1610555736.28eGuESasTXdR3SqY6pHhEXWZtcdciYLCO,1610556034.61bebeZA0MkaFG2sm3VKiqrxeqQginTTW0,1610556944.5XwXOphKYT3ZkWA8gViqOS97VHVuMVUqb,1610556944.745UVLFBzf7fPh4UH37I6tYQOFPqRDytEh,1610556034.63XsUwaFaPZevO1JNFjfhvY4aKNFnV4noV,1610556964.89xwBHw9faT1HjQRMNQEyA4qJ3hWkwgj3k,1610556966.74DydzH91jtyvRyYau47JpVkZoMRSNTt01,1610555740.77UueVziDbaXyRR4OcVJIIZyzOfAzN51bj,1610556046.84e3vwjyRCzqz0wJQhrk8zsxlFfFSv98Df,1610556137.99eoPuVrDThKAOvmeprLPb2FWRqIhzUodc,1610555740.73XFwSrmTXJPlaxGZSefh0jOVA8PI3III1,1610556123.88AOfNaz9jSnqU5Czc7okOv1RCrYfKFBTo,1610556046.85nB7NvyoYQeLcOV391Lmmut1wAM8CFGLw,1610556123.89H4pdIAzDthI7bMXMhlIhKUYIQIvtmPPQ,1610555740.87GOYQUJKpkynIS2lFqppYK4b32ol7NeGh
1610555604.25mOvVXuL01OCiReyVWBfesjuvXmB3MoPy,0.0,111.7761832986867,59.745745997960164,107.08664068337298,84.54060499312905,93.24912508970402,80.86441861352516,55.94602666988889,71.09189223472497,108.02133049954911,110.0995645712888,103.42001248023693,113.05819007040846,62.811625042152706,103.96729019292124,98.82338402226235,112.17250471513506,107.72087954868734,82.56451354584249,100.16363549111055,107.75506837441866,109.03131906150625,93.45560609044293,56.82859913711757,96.08855838563498,93.0857379153718,90.26627361579057,107.23873490845408,112.0014136250822,87.06153378517511,101.43620350293534,82.20669234192579,114.38204046485605,112.18877599508792,105.82006475321053,105.79997124097153,106.94643468424185,108.08838804263341,108.32169654013244,108.65382451508269,103.73872688153989,111.75003457190303,103.41231708188866,104.87504635853224,110.75895576324794,113.35938648646213,102.14814875281051,93.23806880326,108.99820802250295,108.90835874606576,98.29955386072474,88.30593735708904,111.6209811998458,109.07514602081704,98.78977387479779,93.78541771718717,96.34065280914675,103.48938027620184,97.96207099924513,90.2754783045345,110.7993533125013,110.69151446317126,109.96904913947624,105.51102356942658,108.0529761371813,114.70942180579252,106.38232777118156,109.93479664578575
1610555605.43B6oDsBtWRQ29Q9UMQuTUEPZy3FSSWXzc,111.7761832986867,0.0,116.52156085362694,94.82771024265156,116.72126064674082,107.46426643658498,117.46097079771444,115.12420758365027,116.87771929130881,107.27330836323608,94.62494760832816,99.63450737724679,99.95899078478699,114.56620963222467,104.0352179554157,103.46837196621486,95.7278386342737,70.02212217886056,108.58859646656802,108.37350919381618,107.5136781569105,98.05082471312714,107.40656865016211,114.51507527242183,101.27461575496045,110.30705811534293,111.95518975603633,103.69943147440777,97.3858169559754,107.94692653039723,109.06966778941576,105.2230390230061,102.89496253977121,102.66052258055396,105.31892587590866,102.64130328024343,110.20324682270945,99.16911357484011,89.264596816264,115.23369972696362,102.28065864886355,102.33561196075658,110.33691561364624,98.13740278578217,86.51154059056951,82.26723482775559,110.25663230909481,111.41330318043406,108.0294642713419,109.21702315207708,107.42000471825307,111.95450946668355,105.11734437776619,93.63072096744537,105.20771841241908,106.02691301345708,105.537368735219,102.27283766221719,105.69697535696497,110.71931525197427,98.48543768245031,103.62732951204849,98.05716506375782,103.28660723671578,105.67727191733043,105.53704277833474,107.968215308281,98.3072588322152
1610555610.92HPGJJSmyPM40z7otPBgHalNrHFA7zk5d,59.745745997960164,116.52156085362694,0.0,114.60123176050311,89.89277275472737,101.44791220159901,71.80515930633224,60.136180482295416,83.48579362730572,111.7292031068973,115.52503197286684,109.91280858709318,117.9157279215844,61.11468504964973,108.11946966920833,106.7050448895787,115.59552523534398,112.39731062861915,92.88117206717486,106.73576185665517,115.95242396585812,114.16048438063,98.32484729613114,52.50768593473841,102.434139043757,100.45541036792712,98.71058142341394,114.1884137791583,116.01610459446303,86.29586570628592,109.31750362960389,87.37512374798227,120.97192760256745,119.73957309300215,112.23903709808508,112.8628465288458,113.78296218560038,114.81875784747015,115.62935850116413,117.51718875075552,109.61090476103159,116.78543682499279,110.8462537496928,110.21180515009883,115.09599957164397,117.1295480932097,110.29399892737366,99.89335401551641,115.57892346344944,114.00836716440335,106.76992144098445,97.24933651760028,116.40534776895421,112.99246854698109,104.63189870449642,99.3389744209867,101.93678905657089,111.22828170036743,106.01191781511402,98.70174256263014,114.93379052863492,114.77830554527128,115.79175034642833,110.23330959846936,114.86420880101876,118.87171837216881,113.09960013420157,113.94257896634309
1610555606.68LaSQbm9EHAFycEfFtEqAwYqlBsQPjIRW,107.08664068337298,94.82771024265156,114.60123176050311,0.0,111.74933661850895,104.80865532085264,116.27953387285268,109.67222853815775,110.1563276252663,111.48364984791058,84.81460043633189,89.9955044982368,111.9457682571941,110.18396210089588,103.30673116435621,96.02709280133743,92.89957876285118,91.84856945991977,102.23073306061605,103.74041208437858,97.11908824188097,101.42836508928772,107.88289131200706,110.63765238541339,102.3429088040492,106.86551935230322,101.81920004810874,93.83593457133651,99.42836238831416,108.1174576228034,104.53605120679933,105.02943738669079,112.20802649655381,103.69678730529708,94.07034144785577,88.27398813580672,99.48892681731539,103.92900260501202,90.97400072880646,104.22996762193884,88.42235643865641,92.93301855453286,95.10266154044716,92.69745734377871,95.51795632273968,99.36075110463864,105.50589410796746,106.27954769356022,108.76612627327165,102.4726971740366,100.34989811521163,101.58145451824066,103.4727681064581,97.47170595186786,98.50367054371225,106.58492175361795,101.13003745407374,98.17138361187132,103.66695290625616,108.20145313165455,98.39260484206439,105.54984280994353,98.31156491024052,99.84447316207245,102.72171365571705,107.82014898008912,96.19083837491729,98.17805160362781
1610555617.19EKxMEwDHfXiEJZc27TsGoERaD6Da4BZU,84.54060499312905,116.72126064674082,89.89277275472737,111.74933661850895,0.0,98.60231751726022,92.05924550496341,83.36133493472627,72.80287235366642,108.2834796692063,113.57207196698359,110.48592310888822,117.06478444042347,86.20177749368054,106.8540008044408,104.83109521380966,117.9678410671931,111.61087665163963,87.87472218389571,106.98555406811903,113.27007710821185,110.22025557554798,81.28497277549477,84.60068602985824,99.75470570359161,99.55251192769273,79.13344429195632,114.37662637231828,118.14973670962361,90.30126680025646,101.5898390518559,80.92769954880262,117.6312261280466,113.94303758940919,113.24673986570336,111.85873263121506,107.96845175832121,108.65816076771306,112.526265971901,112.54192969439683,104.35588274012096,115.04053884444853,106.37969759856638,112.75649506435262,115.09344146670627,118.5496807327174,104.10648184972463,97.74568295714317,107.64091170788438,106.26087371322748,109.19932592840948,93.13400278245118,115.85653694918993,111.26831747879493,106.53899686662422,90.24777285158262,99.41116981046443,111.7499112026716,107.638954318457,86.34089338512288,113.14974648719125,108.2818617416439,112.00690117775441,108.87448059878221,105.62849246928731,116.13653722188108,110.93630756732233,111.00094813766782
1610555722.52PJ3FD50MGhRXyUD28vluU8Z9UjLJLZn4,93.24912508970402,107.46426643658498,101.44791220159901,104.80865532085264,98.60231751726022,0.0,103.819223943161,94.90993688547552,96.24397892739911,111.43940417579176,104.97549183334976,103.08620996233108,111.24224241684418,98.54831153212123,104.37498109982545,105.1876669581856,107.14609988101172,106.27330045927076,73.98412103655147,109.85986559788454,106.51863852269537,104.70519973168166,94.74168150640807,95.91732067997378,90.92464655554508,65.08735717851675,93.98416267253151,107.17665235390294,110.61619815045736,94.9384996955834,106.46949236834064,85.95756396662735,114.73470522121586,111.98032969093153,106.6431611761876,106.97811453793022,108.40827971098389,112.81281487621123,103.05032601221309,104.54757334797236,104.93345706132938,107.54924282819927,104.80572222986449,100.2155538975326,109.56138450887316,106.87086857458208,92.84363455977862,97.38011135625503,112.05479317942074,104.68503689738556,101.406313657295,91.94053264140423,108.00917467221876,103.73853977124065,103.97044160358367,87.12500448942156,98.36091974346499,103.9908507549139,103.00004720619967,90.53469875042457,105.55560172749395,107.0323117252849,113.9964341074758,105.58475836759958,113.09424474708639,108.46711897515476,102.84096600348359,105.72216555346085
1610555617.52Ijr5puT55g9apK8auM7zaxa3NANg502t,80.86441861352516,117.46097079771444,71.80515930633224,116.27953387285268,92.05924550496341,103.819223943161,0.0,82.48312345645654,92.1881688169164,115.69085957083885,113.7486359172854,113.33864569696888,120.22289022100209,69.43082366899775,110.98741345934314,110.95582964225586,113.26513497547421,114.63720840117084,94.86250664658381,114.5058265972755,120.03792471444574,113.9868946277049,101.40790081278814,79.0735315420208,103.93164350859209,102.47264197321968,104.14936873797024,115.95283316499221,119.82808322952675,75.80196456767314,115.32820258222515,84.18629172281436,123.844902507306,124.30852347624459,117.36783769951948,117.11506748570373,117.94584264432129,119.50180775454548,114.70809596299382,119.4019307893849,114.95571618235105,118.21758831611362,116.76139110840016,114.45222073859671,117.20847861539784,118.84644082003825,115.91340249202175,101.68521890473858,118.45928506820503,114.67968515664461,113.1408427983142,101.56358396459366,117.40164253181982,113.29487542007865,108.57923532613735,101.2243750499959,103.06598843379031,116.55771398677925,112.15613599286034,97.31618551326773,115.71287397823576,115.36501074287578,118.735495112472,109.03379434350103,118.34832402288261,119.185799355296,114.73938796444737,114.68170654471245
1610555638.77ZLjTLkz4jYJdFMI2wWBztzsDILkoOtAk,55.94602666988889,115.12420758365027,60.136180482295416,109.67222853815775,83.36133493472627,94.90993688547552,82.48312345645654,0.0,71.15209671531242,109.26207185931237,112.82356444733631,104.25923606115094,115.72381697870166,58.96212178304655,103.23801205683685,101.32998057163199,113.88832218321596,110.69956567029747,84.50303160048348,102.4587864404975,109.34374928492018,109.39601018329057,95.01219726071561,41.34133291662145,96.9198713139512,96.10924995926912,90.24368403919523,109.17991465317424,114.0294415245448,87.8302308889253,103.6206207623531,81.72827866456299,117.45424656274137,112.86783499983856,106.62625167113154,107.61943289713876,109.20433073729387,109.61943200268394,112.33109401940688,109.49774374086144,105.74566157563338,112.60068513540679,104.36375732678472,105.95125581507276,113.21965893438966,116.36319501913835,103.68667371522935,94.12947817944622,109.01604795025466,107.94957564689528,100.25502858021432,90.53507431425525,112.81283877035459,109.04198090251704,102.14683955466522,94.7245928467173,96.49180894053038,106.29358428274337,99.94659086983725,90.53927574264175,112.11355117206868,109.23618629483097,112.21871806789143,106.2329509303533,107.90257023257621,114.97698191133956,107.0731500126465,110.64347982911654
1610556912.46C7tJPLF0XfNnm8f1820X9aLmXMHoc0Dw,71.09189223472497,116.87771929130881,83.48579362730572,110.1563276252663,72.80287235366642,96.24397892739911,92.1881688169164,71.15209671531242,0.0,111.19767604905294,113.1586847918564,108.4556584514139,117.16497301525158,76.33016718139373,104.98736003365325,100.96434062238055,117.04573949428071,110.66572280888529,79.34788759220974,106.03059429394958,108.49548820404604,110.59044053663781,93.73293661406869,75.66451392758812,97.26516908376793,94.8267006266794,85.05263907688447,109.38901313945418,115.84938035466966,93.89655234042958,101.30449093841938,80.7986318916075,118.26280631080047,110.26257913351955,109.65988172873244,107.58964075859123,107.75959868683772,109.8145638939609,111.27714905560092,109.53050714076781,104.85842780570754,114.18271361686155,102.86514651244758,107.35214234962825,113.65472412227695,116.75252108706269,100.74272038177155,95.26995369249605,110.4757596294669,106.81363901116704,101.73290312582614,89.62914616041732,114.597385634338,111.61006218596822,105.73325329895228,93.95097940172339,96.91798150553747,106.95284524761969,100.30531592420323,86.01069910480902,113.06077932897814,111.83340120301715,113.77538999700579,107.19785494900346,106.9565299893784,116.09272466143375,108.50816057202258,111.27266544753066
1610555617.51LjzIROg0aeCP2GhDcAVQ0LipKJB9jmKc,108.02133049954911,107.27330836323608,111.7292031068973,111.48364984791058,108.2834796692063,111.43940417579176,115.69085957083885,109.26207185931237,111.19767604905294,0.0,114.12027566983384,112.66494990786272,93.31408756521313,109.97245707198341,106.98996093403751,103.5393322892624,118.64796855202673,111.97009447015125,116.1811585000666,106.47447979065234,116.25896761576277,116.29214718485147,100.84405173212895,108.4920985533693,102.06360518896966,116.42481964447717,109.14118654841447,116.01430235781676,108.20598970970245,110.66555104160564,99.53335000954684,109.21574630173741,79.6994442532562,104.64512890005345,108.81307767248101,113.35916393009633,108.70454070839762,96.74349963702034,102.97385240610213,109.33099706327609,109.60649709046533,116.76708940643223,107.48016044108047,114.99592826665955,111.72321426830594,114.51385082082786,110.2954824143678,106.4644332477825,69.71278383667129,113.19607312295503,111.8266328217056,110.94054935853161,102.76793878304393,109.30583351610534,106.68933014639342,104.45408341799474,107.32469870844501,111.98030537705615,110.23908007756063,108.83309845792317,113.97842313643157,112.66424001177616,99.15199861569371,115.3134045347841,89.14126408422548,119.81450157401217,115.06699946494302,110.61652807653458
1610555608.17OpjjHobqRkX0UPcaXrbu7K6L3805SZri,110.0995645712888,94.62494760832816,115.52503197286684,84.81460043633189,113.57207196698359,104.97549183334976,113.7486359172854,112.82356444733631,113.1586847918564,114.12027566983384,0.0,93.89409426388104,109.72068868324502,110.76427338862514,102.1376973884773,97.1408522366745,69.70978114278677,87.38192462305075,105.028609102843,108.01238996673872,97.60020598629494,94.22096011472624,108.00412948193213,112.67352367838974,100.63059992165975,104.68379961076602,105.75488815107452,95.5272037390327,98.42996686107115,106.2288413864782,107.54384631321986,102.07671299223337,112.71089114702461,107.56971441739903,96.64095303527421,91.45898715570657,104.55175223041059,106.78563025276047,94.36464108012845,108.1897765795879,96.27328919774207,87.07835673989607,102.17082334077388,96.4139723078257,93.08964041249212,88.37807638907069,105.92889468342456,106.74711158020439,111.59387488724815,98.88130784774428,103.0987480873778,105.14600489781125,103.7533935525175,94.67326513845275,101.12016822142637,102.57632887038743,100.39098055159768,99.75139998799423,103.45281060852108,106.82073518664751,95.67279698188058,95.53408337072129,100.57295259506145,97.62335974896533,104.61840090971332,98.43833687181761,97.19692961976016,96.32629418552077
1610555721.82zWeNZfGUUfRJkgnAwlP8VMhPzXctnSd4,103.42001248023693,99.63450737724679,109.91280858709318,89.9955044982368,110.48592310888822,103.08620996233108,113.33864569696888,104.25923606115094,108.4556584514139,112.66494990786272,93.89409426388104,0.0,115.33452929425162,105.56323216609974,100.75049773960531,91.36767152806162,96.37111828953232,89.76478076762224,102.61146166719514,93.63055077359549,72.67012106727036,91.92272841298023,107.87428371287956,105.78564339668279,99.86751194713185,104.83425689750564,104.56981138940779,83.66514644310504,101.33501728193352,107.55709318492785,108.54211897621079,102.76548179075006,114.24452120282892,102.99720318611203,86.45348294366266,87.91882156245238,100.84644464912273,101.86723318302224,100.44631925312265,105.28252280332072,94.23247123898638,88.0114337014749,100.09905443586644,84.01826221490417,99.95048210259489,101.52566253629723,101.76997000257266,101.32934220773141,108.62087145335244,102.95736728181764,84.04231212666326,100.13508622968696,108.31031504645874,96.9755869019832,96.88267788218022,101.10270368796967,99.5537025281045,83.58444102177916,93.14174048486848,106.33316772481466,99.69507845605763,105.40601782051425,95.88745902283836,101.28098528908065,100.79718472431087,103.019141067705,98.03989508322753,100.07506902788634
1610555735.75bom85BDF0C7W2eIseHeMxi24qR68nzMi,113.05819007040846,99.95899078478699,117.9157279215844,111.9457682571941,117.06478444042347,111.24224241684418,120.22289022100209,115.72381697870166,117.16497301525158,93.31408756521313,109.72068868324502,115.33452929425162,0.0,116.48883025035003,105.85838074577507,110.40576867621435,112.44545690238057,106.02380673107749,114.9333306507787,114.7334704376534,118.99255136662279,112.52378272465386,111.75283258410923,115.0441512908151,109.81990716340113,114.76860683239681,115.60146354405958,118.24967539014588,106.80690655706984,115.88440853289146,104.40102174333151,111.42430303068092,72.53073152743801,109.32844986249648,113.2332377502993,118.99504959091333,112.68164963257736,104.5281489082927,104.08072634198992,106.5621311123979,110.39856707754375,114.92947055093255,111.30810160284528,114.71633361865653,108.4736928999154,109.90485227676542,110.44148232459371,113.09066582595744,104.01459475155023,113.67994586369599,116.48396020813331,114.43826983875546,103.64233082816622,107.53684367967911,107.33505160251565,111.47786374782251,112.01839582805877,115.36409462588703,113.5033560153662,114.84353001305405,108.3191371398113,108.5610505108616,106.67627319771444,112.79186962954769,108.91501252246194,113.09743680507543,117.84386649501174,107.08706876818638
1610555735.77NnT5xqKnwcf2BbjIekeb2arTQj6QMNwk,62.811625042152706,114.56620963222467,61.11468504964973,110.18396210089588,86.20177749368054,98.54831153212123,69.43082366899775,58.96212178304655,76.33016718139373,109.97245707198341,110.76427338862514,105.56323216609974,116.48883025035003,0.0,104.43467238265335,102.3564427252363,110.3173144293984,110.05999172158855,87.47528823880471,103.68688097948124,111.2572152390525,109.42366822315006,97.71036207592911,58.50025491221245,98.24536235364458,97.02547110801817,95.32307508361244,108.32998130709183,114.58299657107189,83.72018623465618,106.74201610034665,81.79950550798188,118.9946136879472,115.34429690593845,107.39401571985364,108.68990577590958,109.55003518559879,111.44309742755637,111.59045566336324,111.25546426454108,106.20853565711586,110.76243539198468,107.18723283672738,106.90522111789682,111.57249406222323,114.63334207375613,106.53867701975314,95.59157763902472,110.38628004720209,110.0849760445985,102.33970811828016,92.4519818378967,112.88861098211979,109.78684156945437,102.7756078664943,97.06821092753904,97.4759420928471,107.3727604631918,101.79264415836107,92.03600340865685,111.27906083159502,110.35131267133929,112.72986869476858,105.3554607493197,110.30083233179039,114.71850333993416,109.10197619657157,109.97251566689442
1610555638.33wjf1PhdNaoWfbRzXVn50hmFyB5bYAiLV,103.96729019292124,104.0352179554157,108.11946966920833,103.30673116435621,106.8540008044408,104.37498109982545,110.98741345934314,103.23801205683685,104.98736003365325,106.98996093403751,102.1376973884773,100.75049773960531,105.85838074577507,104.43467238265335,0.0,99.80890238148153,102.8149197304093,100.31866355449621,104.0670109296396,102.21227950322515,102.27231304738876,97.97826719385982,105.27991225164928,103.03662307466854,102.9722750982726,106.08208423944814,103.43184999458376,105.35850913832475,98.7468504130096,107.5371179001482,97.43020181219512,100.41827686488146,107.76926244055412,109.00134082118709,98.26180227018158,99.08302652440203,97.2090289672216,106.94008430895323,107.14031420216969,101.63226744191834,93.56719336980937,102.05189753621552,91.59629179284141,102.11675081044213,92.62302494644618,105.24247085676254,99.7057513369026,102.52658332246654,107.96412388487394,99.81553159278586,101.07093688502852,103.10644574623505,109.2422005105783,98.97629220615931,98.4109091023883,100.32852387352057,96.7139514411456,103.31385158759046,102.27570779111792,100.99646760859592,106.82982159401375,97.57330315674245,104.345022877311,104.46219152929584,106.7339238641713,100.10315720988491,104.1484847475395,105.34849001666045
1610555606.65jCE4ig8Pu8kvAzkxnSGfWsV0nQBjCf8H,98.82338402226235,103.46837196621486,106.7050448895787,96.02709280133743,104.83109521380966,105.1876669581856,110.95582964225586,101.32998057163199,100.96434062238055,103.5393322892624,97.1408522366745,91.36767152806162,110.40576867621435,102.3564427252363,99.80890238148153,0.0,101.66710060414891,103.6979491293658,103.58046760751931,77.31616855565147,90.89726694165225,106.92515608790201,99.80051413331229,101.72390718423664,95.66458720435931,106.1022133530424,97.19688753728023,94.89082586181155,101.34673052523148,103.48956687065993,89.5589165428969,102.20758367364243,107.59172903948802,84.78085773484703,81.0495384917329,83.69604230304624,85.11842453519426,83.02123414628952,100.57347099127489,105.89785294835447,89.97496530884301,100.02713905202206,98.85580300227731,99.89065368235158,95.31063600192766,108.23384281805883,96.74214788193296,93.95142450501167,98.71388216196794,98.47832726768573,86.48543113648329,97.36644964964748,103.87506713927591,101.50495580805249,81.07224053035874,101.53249452194437,96.84547316137179,81.51588291844017,91.01578608220366,103.00948013388235,103.57409732468736,103.82903342055077,84.92964146147945,103.62924434929889,89.40411762903214,108.26761011485324,92.84994764686986,103.75490301582961
1610555608.18ONsBCVo1i7BrX0XG9stct4oiA6ejX9Oz,112.17250471513506,95.7278386342737,115.59552523534398,92.89957876285118,117.9678410671931,107.14609988101172,113.26513497547421,113.88832218321596,117.04573949428071,118.64796855202673,69.70978114278677,96.37111828953232,112.44545690238057,110.3173144293984,102.8149197304093,101.66710060414891,0.0,87.3024466204584,107.37951560847988,111.60766215007057,100.3674383631004,95.90540357850549,112.27601257777906,112.92473916852788,103.20354433210717,106.55200459298719,111.32905857892149,98.93638837349533,101.72848801888854,106.27248011605857,113.66239724605978,102.81943316326603,116.96106545512677,112.42255424749868,100.0971996084654,95.41410678569818,108.56422494752567,111.3933977529681,96.99555333820338,111.10293232996146,102.50617641035241,89.97467651605157,108.65593613751209,100.03162323145182,93.30492973192752,91.15492199384164,110.4918951480749,108.13845140210672,115.54571076191776,101.73077481458168,106.51921415697774,107.89570227153116,104.41897346412617,95.70315868307915,103.69416734069355,105.2561300766497,102.44707226998077,103.80107098070752,108.55080082604115,108.4811695855594,99.07396849373838,96.62986750186144,104.60989532939871,97.1689231906213,111.37055053173677,99.47802592602378,99.79992831020813,98.98623069174575
1610555721.51RNoQUMP19FTMS79BmA3JkgSm2IC2AQuQ,107.72087954868734,70.02212217886056,112.39731062861915,91.84856945991977,111.61087665163963,106.27330045927076,114.63720840117084,110.69956567029747,110.66572280888529,111.97009447015125,87.38192462305075,89.76478076762224,106.02380673107749,110.05999172158855,100.31866355449621,103.6979491293658,87.3024466204584,0.0,102.30377420972219,107.95013947846795,98.23937725099448,88.62242108314032,107.01531174133511,110.50750900044778,101.09392340063715,106.88522177788921,106.98411968059573,95.50389879518843,96.0310445555137,109.67478415412755,108.3886973833516,104.16985152356474,108.13454559918647,104.48126693648578,101.35430092174995,97.84939011206723,108.35153909096505,102.69701199901618,90.5360911465355,109.56361292234921,96.969895767486,91.22904991282084,105.79061321673356,90.7857408672979,82.60351026236573,73.18066253087407,106.10102746703251,107.97213765743803,112.39638457142088,103.48205375383668,100.6974926277428,106.47343331282536,105.53408161520453,90.64710524347277,106.22614938558765,103.87834409698675,96.60940507793735,101.77600394887149,99.4027421735009,107.23675513578468,93.46397865840501,99.53904706104805,97.92286475354572,97.86281767429448,105.28831288820615,100.36676505504133,103.8907530963826,93.30307408800645
1610555971.86O0cHB2ibBJ8jxoObg01EpGe8VVV5mpwn,82.56451354584249,108.58859646656802,92.88117206717486,102.23073306061605,87.87472218389571,73.98412103655147,94.86250664658381,84.50303160048348,79.34788759220974,116.1811585000666,105.028609102843,102.61146166719514,114.9333306507787,87.47528823880471,104.0670109296396,103.58046760751931,107.37951560847988,102.30377420972219,0.0,109.89132987638254,105.68673667643408,102.6903655813271,95.50393488221499,85.82044044886982,92.0561681364882,77.08338393717125,88.09546572279365,105.95481007188828,115.7676430268152,89.81285216617164,105.69910814286938,77.01122704482597,118.74643403871579,111.47044009462016,108.58232721155183,106.242345617529,108.98419306444362,112.82343330872129,103.51179988163759,101.14549885947733,103.25330930407087,108.451710947841,102.81683091886728,100.10987995073273,110.29479355530974,110.67902832660178,97.3073336640558,93.35751349803681,114.55967895029565,101.48420150619636,98.58520222656887,84.98294945997145,110.88506939213359,104.74407386568028,106.44894757627996,90.37258283959063,95.178768466883,105.5758818213587,99.59719332211026,84.05332193035149,106.14024365659665,108.53510537794637,114.91135068352457,103.09878229350245,111.85605791136933,110.39427982679061,99.2786100999363,105.61903129502201
1610556911.51zU3duZSGpcw1BDNsBLxdOCITAXwl6z3i,100.16363549111055,108.37350919381618,106.73576185665517,103.74041208437858,106.98555406811903,109.85986559788454,114.5058265972755,102.4587864404975,106.03059429394958,106.47447979065234,108.01238996673872,93.63055077359549,114.7334704376534,103.68688097948124,102.21227950322515,77.31616855565147,111.60766215007057,107.95013947846795,109.89132987638254,0.0,93.81592843106093,109.47342271400218,103.03561565183242,101.67695711404753,106.25222225809038,111.74939168424078,101.19944914993987,101.08951918970436,105.30347429160322,109.73340880303932,96.5319676509905,107.06741090273322,113.58918250192173,98.07628766271655,89.22122537606934,94.7843984892038,84.07965170332851,94.02845957592486,112.84675450257205,113.93843067556232,93.67833751321744,106.37838116691422,102.76243166010474,102.43050962387485,96.88627795859576,113.71257294569087,100.82808587748679,97.5838914175871,104.19270698064511,108.85986554949385,92.20674568927437,106.89365908183827,112.37544567733389,107.9743373464694,84.44634097624918,107.44307052925656,104.15341324635956,85.6279116948771,97.0610490914706,107.41942043123395,111.1352636164849,111.1249557626739,92.24698192495515,111.28612035158076,94.3676742227092,114.89657073035659,104.18135850155902,110.86274073768966
1610555988.71dMoYT8250UHHJGxgmITTmbHe7V6gH1yU,107.75506837441866,107.5136781569105,115.95242396585812,97.11908824188097,113.27007710821185,106.51863852269537,120.03792471444574,109.34374928492018,108.49548820404604,116.25896761576277,97.60020598629494,72.67012106727036,118.99255136662279,111.2572152390525,102.27231304738876,90.89726694165225,100.3674383631004,98.23937725099448,105.68673667643408,93.81592843106093,0.0,95.17889930483543,112.683044386238,110.92545078445704,103.43495915350805,107.43503575444555,107.17716694789691,86.25842078706907,104.60930412327026,114.91785848445267,107.07101219903372,107.86473906939871,119.27620818855071,103.75331028866377,87.90606066367502,88.72013381755833,97.0294693083994,107.1261957935433,104.2258555395965,107.08605908417287,94.51551727464206,90.80323502624519,98.66762559082191,94.43367119740026,101.68889584721845,103.84545562664748,100.44748078987423,104.06728011709254,110.2176424510948,103.19598393984805,87.19434502575119,102.20189761753159,111.28470627134999,101.92019093416367,99.53416707953781,105.88298817478538,98.18076087970616,79.31731682283718,97.06806329521065,106.71016607741143,102.5731230705229,108.63480086796439,100.10218057760994,103.71406776799837,102.2815569994572,106.62418891367541,97.57674523939181,102.65477897143242
1610556042.81mlUZsSp7gbGjrp8jQSnybT1gPy6e62o1,109.03131906150625,98.05082471312714,114.16048438063,101.42836508928772,110.22025557554798,104.70519973168166,113.9868946277049,109.39601018329057,110.59044053663781,116.29214718485147,94.22096011472624,91.92272841298023,112.52378272465386,109.42366822315006,97.97826719385982,106.92515608790201,95.90540357850549,88.62242108314032,102.6903655813271,109.47342271400218,95.17889930483543,0.0,107.82213575409628,110.36810191839608,105.71563990358328,106.44510059475748,109.56999201737759,95.5589853864021,105.7724787686503,109.59567479098796,114.9752918477018,99.49810788658402,114.21528768801006,108.20503513416261,104.38714627594844,99.72618043719802,110.78203465663911,107.28777676544114,101.51032413492027,107.82425682273379,105.6034644010243,91.8128667653208,107.52046842453109,99.89449975450074,98.09248136401735,98.25705454304679,107.27322769579936,107.12448080644118,112.54373286128917,100.56606213627038,103.31429286106832,106.81483504679925,109.16965599457926,95.21693478951545,108.86606208856794,101.9538506368014,98.51749245727244,101.35893115849953,104.1674413811775,102.22752876496894,97.75916186557657,101.44051822831545,105.06128600186452,99.1007766749479,106.85917807310318,96.75118898296515,104.3297092844598,97.71000361636297
1610555637.02UBW5nKvDyUrKnaWcYRGajZPxTRDS0q3N,93.45560609044293,107.40656865016211,98.32484729613114,107.88289131200706,81.28497277549477,94.74168150640807,101.40790081278814,95.01219726071561,93.73293661406869,100.84405173212895,108.00412948193213,107.87428371287956,111.75283258410923,97.71036207592911,105.27991225164928,99.80051413331229,112.27601257777906,107.01531174133511,95.50393488221499,103.03561565183242,112.683044386238,107.82213575409628,0.0,95.5437129945005,91.38080444124206,99.79057096023847,73.66679368153423,113.87591798778898,112.65088092663515,87.49980820435178,94.2470083091589,83.95015515594815,110.49627023210208,107.16450103198297,110.11665026173368,107.50895604656233,104.57191624302756,98.03758543122085,106.09712597643141,110.80001439588057,103.83407467133766,111.25640584380866,104.25285666686574,112.65115215493222,108.14571306249348,109.17357789816684,99.88363282952413,98.61401811407941,98.23893859768346,103.43044710919376,110.61707800384185,95.14317850403737,111.26647952031946,103.98736338596095,99.26867436111196,73.60230439999103,97.93323853420848,108.29278243844061,108.11334755671184,87.81780960208278,107.8337108787187,107.44091493941431,102.29725111451091,106.70593950535407,97.3301999578682,114.10860709597766,107.5246624526894,109.10992205883916
1610555619.13oUYNikU4facCTpUSiSLr0vPI0tJLnXiT,56.82859913711757,114.51507527242183,52.50768593473841,110.63765238541339,84.60068602985824,95.91732067997378,79.0735315420208,41.34133291662145,75.66451392758812,108.4920985533693,112.67352367838974,105.78564339668279,115.0441512908151,58.50025491221245,103.03662307466854,101.72390718423664,112.92473916852788,110.50750900044778,85.82044044886982,101.67695711404753,110.92545078445704,110.36810191839608,95.5437129945005,0.0,98.77449355406917,96.18147097464863,93.01906565661776,110.23145059754836,113.98213635885996,86.68583209125707,104.51996863416942,83.03920960032673,117.15355791197418,114.3388404795742,107.59676073002451,107.75854321798674,109.60999600972191,110.55868207052563,112.51592609823263,111.45201041546034,106.92593467828766,113.11972639383643,106.73409152962914,106.89559106577386,112.66627702789881,115.65423234455086,104.72276433610949,94.77349951263064,110.41220539631483,108.89521464696769,101.478201986728,92.32831841067127,113.21001017334267,109.63999803964694,102.53572151145777,96.0635296325796,97.38325267587848,107.24268344586463,100.69558487196568,92.68370437105888,112.20265949139859,109.4636488794083,112.93082613694007,107.16134191828951,109.53948615247069,114.79025314326043,107.66562067685368,111.28243198230383
1610555721.03nzkucfjAUh31zTbmCVvTVYqtjoxZFnBh,96.08855838563498,101.27461575496045,102.434139043757,102.3429088040492,99.75470570359161,90.92464655554508,103.93164350859209,96.9198713139512,97.26516908376793,102.06360518896966,100.63059992165975,99.86751194713185,109.81990716340113,98.24536235364458,102.9722750982726,95.66458720435931,103.20354433210717,101.09392340063715,92.0561681364882,106.25222225809038,103.43495915350805,105.71563990358328,91.38080444124206,98.77449355406917,0.0,94.36062245625104,96.72628098627985,102.27450567267606,109.80088133789518,93.20740064816917,102.24140854183116,87.8334559515074,109.4441889663034,101.3933862638169,101.16823107501031,103.64131548298714,103.41136820364876,100.96130489533707,87.2927873543019,101.10802979885271,103.16510223784053,104.70487649652144,97.75722400565255,102.27896871692066,105.15049490785408,99.60647093379328,99.25389754000444,85.57262561572689,99.29445028924029,101.4779064424141,94.78640028490952,90.83077791977868,101.04926815593154,101.41781020806637,100.9259296571311,82.38150204200302,80.5246901295594,98.0120259844795,96.64653210474081,87.78781190873534,102.71145097506866,101.42241634937386,103.29595741093063,94.47255450322942,99.3905079031674,106.97256330306908,95.63079419640361,100.94427142418608
1610555722.67fhKURdXVzRbLIjXmjRwdJHTnE7PWb1AE,93.0857379153718,110.30705811534293,100.45541036792712,106.86551935230322,99.55251192769273,65.08735717851675,102.47264197321968,96.10924995926912,94.8267006266794,116.42481964447717,104.68379961076602,104.83425689750564,114.76860683239681,97.02547110801817,106.08208423944814,106.1022133530424,106.55200459298719,106.88522177788921,77.08338393717125,111.74939168424078,107.43503575444555,106.44510059475748,99.79057096023847,96.18147097464863,94.36062245625104,0.0,96.21389397826556,107.7984874045472,114.51889468095636,95.55653597782809,110.09867627591898,86.4639851313617,118.96888354366612,115.0303595025507,110.18786350710336,106.71707075786827,110.09817181912918,116.95118624473226,106.22232080506222,107.30547001108523,106.47972421775121,108.3838182252328,106.27529848536157,103.4044522021775,110.34623052841344,109.82945099789914,95.25257147521992,98.59688981498995,117.43632128554337,106.02732699758613,100.19216696345727,93.29758268286054,110.52950160689034,108.06390366101505,107.22080907022485,91.94114900279253,98.61313933203337,106.5393637602861,101.93328633050399,91.77762195346999,107.72518280494762,110.00412828931339,117.63510136280263,105.01247874414702,116.96364583937324,109.35282517703946,103.00929334369017,108.36375462410331
1610555638.39J2ZWBLuLTHP0jOlzB4tNHmYeijH5g5YJ,90.26627361579057,111.95518975603633,98.71058142341394,101.81920004810874,79.13344429195632,93.98416267253151,104.14936873797024,90.24368403919523,85.05263907688447,109.14118654841447,105.75488815107452,104.56981138940779,115.60146354405958,95.32307508361244,103.43184999458376,97.19688753728023,111.32905857892149,106.98411968059573,88.09546572279365,101.19944914993987,107.17716694789691,109.56999201737759,73.66679368153423,93.01906565661776,96.72628098627985,96.21389397826556,0.0,111.29628551046072,113.8540053724885,93.93416210655221,86.92135664513226,84.81965384103124,114.83020602254261,108.39346121548506,105.48666796348144,100.7814660990861,99.06984492560353,105.81843006208626,108.64393502061726,104.5395406745042,96.21234458432497,108.30102210345999,98.43007889397205,110.38690946315964,109.02819329072433,113.94071479944087,97.41396539686794,93.41290510299837,105.36471801433224,99.85640846173915,103.78419147006147,83.97771741181154,114.14260918385655,108.91857170040228,97.74755659745846,86.33346829451638,98.87748065825744,105.60094303140413,102.53586362514358,90.37951577460952,109.87746100443707,107.35084841082336,105.60269008051645,107.59235641278627,101.59180913505496,114.04008655506007,99.6024497096588,111.36380864720607
1610556032.17Q6yCDx9g7alRnL9jBFXD2JhhUyB2hKfJ,107.23873490845408,103.69943147440777,114.1884137791583,93.83593457133651,114.37662637231828,107.17665235390294,115.95283316499221,109.17991465317424,109.38901313945418,116.01430235781676,95.5272037390327,83.66514644310504,118.24967539014588,108.32998130709183,105.35850913832475,94.89082586181155,98.93638837349533,95.50389879518843,105.95481007188828,101.08951918970436,86.25842078706907,95.5589853864021,113.87591798778898,110.23145059754836,102.27450567267606,107.7984874045472,111.29628551046072,0.0,104.1026241710142,113.52070191154199,112.57822652605908,107.59621980524112,118.29730704314444,99.65468879419717,95.83832838452359,91.50383702570451,104.40875509763819,103.4190656882932,99.06561138257631,104.72187842426285,103.18236162650834,88.13537176338527,99.54720551454581,87.3941739329351,103.0438788934233,102.74495120351413,102.06282503831174,103.86875820007866,111.02332587091419,104.22135475449988,88.42216353113388,102.32304431741356,102.08680810118192,102.96157300195165,104.65306167522866,107.50081426918008,99.40384239781832,90.7163408826753,91.24674063725784,109.89694284494648,96.34666366216108,110.46859699779398,101.241996086685,100.51305395796263,104.34871199876329,105.16829085561898,97.44659909386887,94.48046176283518
