,1610555604.25mOvVXuL01OCiReyVWBfesjuvXmB3MoPy,1610555605.43B6oDsBtWRQ29Q9UMQuTUEPZy3FSSWXzc,1610555610.92HPGJJSmyPM40z7otPBgHalNrHFA7zk5d,1610555606.68LaSQbm9EHAFycEfFtEqAwYqlBsQPjIRW,1610555617.19EKxMEwDHfXiEJZc27TsGoERaD6Da4BZU,1610555722.52PJ3FD50MGhRXyUD28vluU8Z9UjLJLZn4,1610555617.52Ijr5puT55g9apK8auM7zaxa3NANg502t,1610555638.77ZLjTLkz4jYJdFMI2wWBztzsDILkoOtAk,1610556912.46C7tJPLF0XfNnm8f1820X9aLmXMHoc0Dw,1610555617.51LjzIROg0aeCP2GhDcAVQ0LipKJB9jmKc,1610555608.17OpjjHobqRkX0UPcaXrbu7K6L3805SZri,1610555721.82zWeNZfGUUfRJkgnAwlP8VMhPzXctnSd4,1610555735.75bom85BDF0C7W2eIseHeMxi24qR68nzMi,1610555735.77NnT5xqKnwcf2BbjIekeb2arTQj6QMNwk,1610555638.33wjf1PhdNaoWfbRzXVn50hmFyB5bYAiLV,1610555606.65jCE4ig8Pu8kvAzkxnSGfWsV0nQBjCf8H,1610555608.18ONsBCVo1i7BrX0XG9stct4oiA6ejX9Oz,1610555721.51RNoQUMP19FTMS79BmA3JkgSm2IC2AQuQ,1610555971.86O0cHB2ibBJ8jxoObg01EpGe8VVV5mpwn,1610556911.51zU3duZSGpcw1BDNsBLxdOCITAXwl6z3i,1610555988.71dMoYT8250UHHJGxgmITTmbHe7V6gH1yU,1610556042.81mlUZsSp7gbGjrp8jQSnybT1gPy6e62o1,1610555637.02UBW5nKvDyUrKnaWcYRGajZPxTRDS0q3N,1610555619.13oUYNikU4facCTpUSiSLr0vPI0tJLnXiT,1610555721.03nzkucfjAUh31zTbmCVvTVYqtjoxZFnBh,1610555722.67fhKURdXVzRbLIjXmjRwdJHTnE7PWb1AE,1610555638.39J2ZWBLuLTHP0jOlzB4tNHmYeijH5g5YJ,1610556032.17Q6yCDx9g7alRnL9jBFXD2JhhUyB2hKfJ,1610557007.49MyVgDnuUuBxrvL6SGOdhKf69VYlW1MSm,1610555638.44hjT5hbYdKoE3MB6hijrjqbjmLgvCUYKD,1610555608.13zUvmFSCRt6SsLbhqFznMEvGx54GPGQzM,1610556038.62a5C4ynd1AARyAhTv8a58NCqHvXRjscqH,1610555644.45Xse8u7pusHNsd7F3d0A32HXvXr6weOJE,1610556038.62gKXOCG7XCn55eJvyl5voNjbwOW0znQDq,1610555987.13v0oleKK97pkesp6oMgprH8SoSdoDVdIO,1610556964.96ZLLeiQW0qpmxhPGTg7K03fmzkqsC2bjC,1610555987.13VQlEedQ50VvkPMEMzZDv3KNnQCewykN9,1610555982.186TY6MMGkDecIN1woW6vsfAMXVV7jnyjO,1610555982.673LuMndkwkvdmZOn0MmE2Pkidx0FtNalb,1610555733.38zItcuH7gHNfKdALR2d9Nek6bxCyw36Vm,1610556034.15BQxSbZINGCay0yp6RBVlgcPrw76Yn9ON,1610555639.37BPZpgtGml8qUsh9AdV4m32jPLfI2aNFq,1610556965.57S0adAalhWYe6K3bkZU0bRHbqnDK8gGkR,1610555983.54zteLPCMjyrjzPdhHhlZr3faCgD0TfYr3,1610555987.79rHnNRmt9a0ufmnwCvZqBouyUoZDNpylW,1610556960.041xWER61rmArlsKfiMl4frikWmUCnQ7op,1610556035.13a7NHZDutfTMJ88qle1gTYY59Dr4WmMsj,1610556890.456ZBDaY16bMtrTZTqAgHl3wq1tRxzqDow,1610555760.24e6890pkbyZ97Or6croI1rQgjkSsR0yVt,1610556043.02YpWMIJg3W004iqlPyv8OcVAZdSC5rNYw,1610555987.03z05P26TLtONYM1HSzupoc2CeNMa6HTqr,1610556032.15OYCzUxpsz7b10AXBAuDXrvEcvxFhf0M7,1610556032.63Z80yI9pNwS3jSmsDABbuhf8wkNa2Ze9y,1610555736.28eGuESasTXdR3SqY6pHhEXWZtcdciYLCO,1610556034.61bebeZA0MkaFG2sm3VKiqrxeqQginTTW0,1610556944.5XwXOphKYT3ZkWA8gViqOS97VHVuMVUqb,1610556944.745UVLFBzf7fPh4UH37I6tYQOFPqRDytEh,1610556034.63XsUwaFaPZevO1JNFjfhvY4aKNFnV4noV,1610556964.89xwBHw9faT1HjQRMNQEyA4qJ3hWkwgj3k,1610556966.74DydzH91jtyvRyYau47JpVkZoMRSNTt01,1610555740.77UueVziDbaXyRR4OcVJIIZyzOfAzN51bj,1610556046.84e3vwjyRCzqz0wJQhrk8zsxlFfFSv98Df,1610556137.99eoPuVrDThKAOvmeprLPb2FWRqIhzUodc,1610555740.73XFwSrmTXJPlaxGZSefh0jOVA8PI3III1,1610556123.88AOfNaz9jSnqU5Czc7okOv1RCrYfKFBTo,1610556046.85nB7NvyoYQeLcOV391Lmmut1wAM8CFGLw,1610556123.89H4pdIAzDthI7bMXMhlIhKUYIQIvtmPPQ,1610555740.87GOYQUJKpkynIS2lFqppYK4b32ol7NeGh
1610555604.25mOvVXuL01OCiReyVWBfesjuvXmB3MoPy,0.0,56.06738524594541,33.30303859028689,57.85127429082698,49.46187494553301,55.86809698374461,52.33925049365775,34.4547657168481,40.52094140453058,57.956412762355946,60.012414300679964,56.46597946457312,58.96476466864465,50.07313055631951,63.47029603065538,55.42251455239073,61.208218942308484,60.62300015167384,49.42214271315893,55.24537915312792,59.17739912698778,65.93707343298759,51.9118443898961,34.481141944798495,56.84306257801016,56.468730234150115,48.828129119966924,57.82526579269394,60.006961651643046,53.05046281251046,54.3615481113723,50.85171474021282,58.97498727298366,61.71464573971811,57.80137873247115,57.09485457671661,57.76472759224551,58.237350158873724,59.42678030082312,58.91951530394357,59.23900199352191,62.57155654853838,58.24092818855702,56.570984161953966,60.68834923720898,60.04223876296221,55.781502271032636,51.594745692853195,58.28241793141272,60.644308881408165,54.47304447445769,50.747293895125516,59.4207881165302,65.02136016460985,55.512257384135175,56.52280002516503,56.86095262360372,58.11438386981627,53.61528854476016,56.00532699642141,63.91249406858243,69.82945716549523,58.44164553842852,64.62714489721911,58.56889886966574,67.10652506590465,59.16907408869028,61.10530353696818
1610555605.43B6oDsBtWRQ29Q9UMQuTUEPZy3FSSWXzc,56.06738524594541,0.0,57.230483787572034,48.133869660955234,58.424234401965,56.308918991714165,58.08199392758712,57.67551181296986,57.02769491256969,54.37381316019366,50.58647564314188,50.25588060687051,49.62513492724517,60.792825566258244,55.69886624109302,50.17923597640166,52.527556852794646,40.53230150122512,55.22672396405923,54.17228211792701,54.45026344726946,58.15723482128677,53.80809347556157,57.37013989045291,54.140009472938914,58.59312123639098,56.23731504069169,52.14531472899618,51.34517631030856,54.77350331368927,52.58724693017252,56.03823063230873,50.978332417736354,54.11882601204897,53.32193393597467,52.30537358591676,54.32072926094738,49.392254761071776,47.140038549940485,57.11679301261423,52.59657774958534,55.144631999265194,54.56434024161489,50.60377012509857,45.83270392808542,41.90988169497277,54.09979138743015,55.83961107391898,55.29893324777162,58.595831308431336,51.935187276319816,54.44052265535525,54.49154802197413,55.83875363826901,53.68194145591663,56.1009920222917,54.19881849762368,54.79846170421811,52.54904524468307,55.03366948916775,56.10724178987015,62.760398307552705,51.1901835414931,59.003156919630015,54.33121442176725,59.74840543040161,58.04701449153363,53.73316898442514
1610555610.92HPGJJSmyPM40z7otPBgHalNrHFA7zk5d,33.30303859028689,57.230483787572034,0.0,58.58094439586492,51.29230617948894,56.48389372088766,47.36694109526419,27.488596723791353,46.397403127165205,57.94409553656991,60.38420993316219,56.80553729860681,60.102764234352776,45.06611473952818,63.557773055963146,55.874287278824895,61.26581972653147,61.33021907563407,51.111337804355834,55.62237382879609,59.88135151013348,66.3000813774189,52.38274688032364,23.5066660309093,57.38708257751222,57.50701892242527,50.56634510007165,58.911723366038785,60.50041108466231,49.882221999236414,55.5717267241014,53.28627911319529,59.63260033448105,62.723071407617844,58.543207988199995,57.760106226128,58.8078701699441,59.02314953989614,59.93557351226026,59.753664961700075,59.74468512275982,62.8400561840866,59.45956446190196,57.30151001891379,61.279979745180576,60.68490985884422,57.214861931616575,53.11675946800922,58.44445702706843,60.825119079655956,55.7157567243542,51.993756072056485,60.24822127851488,65.2242441495743,55.16202849927313,58.17358610194183,57.06386527962739,57.499974679494,54.93996456918892,56.51701929724608,63.927939382964595,69.714069215849,58.68262187685354,65.05864804048976,58.812369691978624,67.0949558689744,59.66463751371566,61.24326546453086
1610555606.68LaSQbm9EHAFycEfFtEqAwYqlBsQPjIRW,57.85127429082698,48.133869660955234,58.58094439586492,0.0,59.4343080809394,55.170202587947976,59.45727259810916,59.39335308367164,58.416631335264086,57.898778241275394,46.33583243311269,49.88087917738177,58.16696041412408,62.24554629333896,58.10084661502299,49.70124982216645,53.47395714756324,51.18407421808166,54.38273275747419,54.07798628802269,52.30662501502928,60.069696365284344,55.187343521986186,59.18065227546442,57.51580741039167,59.01505375905946,57.143772247961316,48.415824291198724,53.378881920387116,55.746258610511994,53.33253591491298,58.60804820591619,57.74031036024175,56.34618542523958,49.917754914356664,49.5297109063353,51.808708197904615,52.75247862550417,52.540562809497935,56.056487866937665,48.00255538786105,54.928915141991666,51.581704682557096,47.91579346641706,52.575931481983986,49.52519349256133,55.469872232332236,56.92827023785562,57.78608940354728,58.658272846455105,49.16164686825506,53.52565040995337,56.8596016812485,59.66495576636048,52.50399508420266,58.170693443720374,54.72980822949072,52.58499433734488,50.21535090297623,57.197715376430715,57.075523445674534,65.61127770380423,53.93481037466879,61.27812341469012,55.12525939841637,62.71576766135653,57.04092416391739,53.9404066493318
1610555617.19EKxMEwDHfXiEJZc27TsGoERaD6Da4BZU,49.46187494553301,58.424234401965,51.29230617948894,59.4343080809394,0.0,55.21116463267664,51.851561472997524,51.514507062141114,43.190450666435176,60.61991390355233,60.83687457750282,58.40219870568217,62.068988739476396,55.07365095557752,62.86510626543056,57.05486838674849,62.504777859072384,60.79910791817346,50.017882231862,56.82495803716219,60.165672233237245,65.77641538395298,45.374165616080155,51.29918557711526,56.18642606976439,55.997625799305055,45.43278973363954,60.026391487914246,61.49168716259443,52.08583982403744,55.98909941507148,50.30483148816519,61.7610717426961,63.15391833520782,59.45024618730271,58.069827685120224,57.377161799626556,59.63636876001901,60.74337896183404,61.03254368924045,59.89173871249205,63.805713461930814,58.399634724141855,58.68986332593637,61.67788194859001,61.365119659012514,56.60481897774868,54.418318488957894,59.989652644654775,60.3044972806283,57.33465327357724,52.11499095283779,61.46150613512461,65.86803395938664,57.318539468906565,52.98905255513983,56.30550340735165,59.91208379898816,56.16669991305005,52.62072213043162,64.36789002265536,70.21885659214068,60.06098449381693,65.2368155809766,60.00683273535623,67.60657830240818,61.03224406636615,61.68567429823361
1610555722.52PJ3FD50MGhRXyUD28vluU8Z9UjLJLZn4,55.86809698374461,56.308918991714165,56.48389372088766,55.170202587947976,55.21116463267664,0.0,57.72451976636894,57.260338933452964,55.09358008488194,61.29611558698176,57.36584092344921,57.42761191085527,61.556983629360694,60.40658155852759,61.97615611417072,56.22710595869121,60.381850101351944,59.03809300963729,40.33475293571519,57.58559909705643,58.72258426250525,64.15008847008127,50.24372124159882,56.85020955652524,56.247338016994846,35.16541061906665,54.09209816693173,56.733582683036815,57.93095620470099,54.11882085257297,56.62832331505184,54.67976204058102,61.56073504587006,60.996523015660514,57.70524830248431,57.230864928972096,57.98324485550564,58.61661037969189,59.24269714947323,58.56831534129459,59.17393427695852,62.15328489902879,58.0268528204178,55.11333626069119,58.81798166435659,56.32891743956006,54.22794714147033,54.498236258760414,61.03388681015234,60.5118790015283,54.21451117971435,52.4723950242058,59.94591614279122,64.4713961749482,57.99907305898884,51.68675222918751,56.11633509282656,58.46272501779548,53.70274709342856,52.11542158709306,61.46038612624465,68.89143498763886,60.40662050201502,63.594940629857,60.90985507210454,65.83429806126958,60.15522496155276,58.47723078677993
1610555617.52Ijr5puT55g9apK8auM7zaxa3NANg502t,52.33925049365775,58.08199392758712,47.36694109526419,59.45727259810916,51.851561472997524,57.72451976636894,0.0,50.11032373516201,52.67132075554327,59.60857943731162,60.478777288925706,57.25442534307116,62.2071572601584,41.52167310276184,62.99593592847806,57.09568759424835,61.155354507101826,61.501060381935275,54.041808225599624,57.826851198302904,59.70775553730585,65.64675693602115,54.40088965221345,48.93494686501919,57.84548168474732,58.39270347250401,54.403649995437505,59.38334475268227,61.26878964456957,43.12837748053415,57.535119850943744,53.8459208424345,61.76418215461109,63.861019370061925,59.651226328528956,58.2404757948519,59.299335063132,60.26552654826028,60.811774341974385,60.79651882727766,60.613606447824665,62.629950650095246,60.1916277825765,58.37650144268725,61.09308111160572,60.962240534047375,58.71709068161384,55.63419756140291,59.59549062217078,62.65267899005414,56.98980591339472,53.930351233815166,61.506319850177206,65.35285520065437,57.58300801046783,59.18736871796502,58.1177678382272,57.96296236299089,56.560551740022056,54.57687639883481,63.36668384119394,69.34340998548318,59.8138522367499,64.40069024705598,60.15442982189484,66.67455342497118,61.43749063923518,60.807629643091175
1610555638.77ZLjTLkz4jYJdFMI2wWBztzsDILkoOtAk,34.4547657168481,57.67551181296986,27.488596723791353,59.39335308367164,51.514507062141114,57.260338933452964,50.11032373516201,0.0,44.99415530965054,59.096574468958416,61.02584866529525,57.14301871123567,60.52394466533181,42.723937433888956,63.957305759978375,56.667054501507245,61.68305831204948,61.6402633576584,51.94988673767093,56.58046567026306,60.182413118124096,66.79728290890183,53.55412032654188,19.44061317073352,58.007931845589084,57.90250566236533,51.203602396052545,59.52130546327561,61.29315381165494,52.35424659307658,56.236463239472464,53.35089395317963,60.319021670729455,63.480082312376354,59.14966535176231,58.126807016664586,59.178838436837495,59.90656673539485,60.70070275479319,60.601587415538816,60.32863301839076,63.242145056027425,59.85125121613895,58.154383595497706,61.7447845010036,61.312066919932164,57.50193926564326,53.93347859582525,59.41975110602148,61.667825939156884,55.9758071855726,52.49649858713178,61.090168656710205,65.74222392710028,56.36436349011023,58.68892088344633,57.9730606448188,58.45931539395337,55.40873553789439,56.68828221188107,64.23402974839956,70.02919794729901,59.45569741480147,65.24460895748844,59.78811520408382,67.46543311173711,60.66500949721345,61.720426601178225
1610556912.46C7tJPLF0XfNnm8f1820X9aLmXMHoc0Dw,40.52094140453058,57.02769491256969,46.397403127165205,58.416631335264086,43.190450666435176,55.09358008488194,52.67132075554327,44.99415530965054,0.0,59.97822692694831,59.84190395744937,56.21308467343881,60.28796854745271,51.26706053485753,62.312947868909305,56.00911466322158,61.05921336908839,59.98347146888365,48.48452795711027,56.302401760037576,58.32998271833963,64.9343329647494,51.55047458875562,45.71058266759317,56.89767904301789,54.4407514193188,48.70799276628098,58.13874118197515,60.375976103822985,53.886333209073655,55.18699995559226,51.182519560332146,60.51565561243172,61.82252788878382,57.99968961214076,56.48731543174061,57.5094521256517,58.886040513836896,60.1447917874769,59.546242536807824,59.57859036179385,62.06591175992738,57.913470639013575,56.81723845939091,60.42125307994945,60.13120056040092,54.90303908088044,53.09932275077842,59.77470729057831,60.26253083413195,55.132436669976215,51.76921856830923,60.072259388250735,64.48138182065084,56.899517839543876,54.8257861873153,56.889800115103434,58.331426136016404,54.25097704077676,54.298639059862886,63.30277974504755,69.11018509065346,59.312326436726465,63.85225868226912,59.320044070778415,66.62336061481562,60.36610746048672,60.584823195363875
1610555617.51LjzIROg0aeCP2GhDcAVQ0LipKJB9jmKc,57.956412762355946,54.37381316019366,57.94409553656991,57.898778241275394,60.61991390355233,61.29611558698176,59.60857943731162,59.096574468958416,59.97822692694831,0.0,60.67115534934266,58.62983445939346,49.50126140381798,61.91339223245559,63.62992288577404,55.17675918719442,62.14944622514756,59.74867298295999,60.13097466868948,55.60063489921186,61.15596759001554,67.1534944697764,56.86956599668451,58.5976044870452,57.191673972506564,62.70238322092257,57.73413781039321,59.692534858578,57.85830880880233,58.17989009254092,54.15445957058266,61.34711783989418,39.832873518823575,59.20836101210434,58.16849858568075,59.081978928042254,58.143838289618664,54.785284504026265,56.39062737069646,59.977626863227854,59.744644802227484,63.66203569879163,59.39889612886072,59.13975141032569,60.37623657595882,59.98740475207333,58.74754149775973,56.846017811554304,38.57168088564434,62.70792373366537,56.95226276963438,57.925960913370645,58.57161264927273,65.18534564652279,56.5450900002841,61.170557780008586,58.74083235109612,59.464840997347345,56.55249285116095,61.80206490344003,64.11730435980317,69.8264150645361,54.19099210949813,66.64539643914551,49.585433084587535,67.52567664805241,61.52360225466031,61.80429865249127
1610555608.17OpjjHobqRkX0UPcaXrbu7K6L3805SZri,60.012414300679964,50.58647564314188,60.38420993316219,46.33583243311269,60.83687457750282,57.36584092344921,60.478777288925706,61.02584866529525,59.84190395744937,60.67115534934266,0.0,52.936065220812964,60.355091260918186,63.14694172173519,58.59917150146566,53.574338087676544,37.016656447449556,51.25833169344787,57.08474507878834,57.43811299490774,53.067031749864576,59.27512496286376,57.26933837713474,60.80286854397118,57.34301159326607,57.442683571687866,58.953992418633455,52.81903766880796,55.61426665086415,58.221493471897524,56.40064923968533,58.96570182535691,60.48763274528338,59.75589874410745,54.221377196342104,49.87145022510052,55.84764141941522,56.82995269454321,55.944923324953436,58.5073221359722,54.194261889377216,50.51952574150877,54.67701660264573,52.73645803556186,51.28465712482006,46.090703636237684,56.92373588120361,57.94299102898277,60.29248281737281,59.00067166305533,54.00196117640961,56.74582956987812,59.12523969650613,59.14577962904172,56.481408169582515,58.5532610437274,54.90630621426018,56.628915178822105,54.75073176745495,57.693492500442424,54.475677275202024,63.32420106344392,56.313646170379926,56.84235792286841,58.18477747450735,58.61864783316235,59.069802603119626,53.6549430450347
1610555721.82zWeNZfGUUfRJkgnAwlP8VMhPzXctnSd4,56.46597946457312,50.25588060687051,56.80553729860681,49.88087917738177,58.40219870568217,57.42761191085527,57.25442534307116,57.14301871123567,56.21308467343881,58.62983445939346,52.936065220812964,0.0,58.02322289920661,59.50553243923779,56.998895729850084,48.58422611195028,54.54481272134552,51.92904322397394,56.328356673232754,50.65945274412881,36.08557031398844,54.63141311795781,55.88696227358113,56.98839927652235,55.847654143411994,59.35248155665785,56.61262972757396,42.84694443384077,53.95637375636092,55.95827281826336,54.68495986419976,57.51548028086256,57.832786944553554,56.695873235657984,46.60730922410687,47.57023852014825,51.63487963672439,53.944134663789114,55.35050884536198,56.09408160923335,50.567996701581684,50.91482415531792,53.41974071282567,46.031906667765874,55.025838727124004,53.87384330448688,52.53893979658682,55.11751553287402,57.9790091662017,56.84473279684116,43.41928191940757,53.65415278804796,56.82778856004289,58.241189719910196,52.99456902815003,58.06746842826957,55.42304770976436,45.437562873380756,48.37968079295527,56.70832779537445,57.38072381245015,64.33341779570203,52.16702219558814,60.500628797174386,54.63447506860704,61.09658398469524,55.837910569089935,54.8120612182253
1610555735.75bom85BDF0C7W2eIseHeMxi24qR68nzMi,58.96476466864465,49.62513492724517,60.102764234352776,58.16696041412408,62.068988739476396,61.556983629360694,62.2071572601584,60.52394466533181,60.28796854745271,49.50126140381798,60.355091260918186,58.02322289920661,0.0,64.03280798102159,62.4259470947669,57.03177193624685,61.50408855155329,57.904443346600644,60.634292240467595,57.90722508022768,60.95567002365211,66.37454524152385,58.94128876520196,60.26851567486334,60.708295964274555,63.11988615585538,60.00314697821752,59.447949956151284,58.714673158901114,60.8327260965877,55.93477728450104,61.036239420450315,33.4539224283146,58.706360663058696,59.17093744691501,59.47644036413981,58.62419234631438,55.21463608432024,57.47934255354964,59.792300705752645,59.67630686573706,62.89028200213049,59.4575643733137,59.23533574202429,59.59487548229314,58.33442351098957,58.44782331925183,59.73111776748075,56.3259467963637,62.88357933895401,58.225270585469765,59.475069037543136,57.64152703076326,63.28636901694053,58.68450455881101,61.54621024620325,61.170943385669,60.58032290638081,57.88282453068116,62.067552601349206,63.06600146620761,68.68092345927904,55.9900128089127,66.07651356740573,58.45804524749942,66.26106493442161,62.571229331557696,61.05831388269118
1610555735.77NnT5xqKnwcf2BbjIekeb2arTQj6QMNwk,50.07313055631951,60.792825566258244,45.06611473952818,62.24554629333896,55.07365095557752,60.40658155852759,41.52167310276184,42.723937433888956,51.26706053485753,61.91339223245559,63.14694172173519,59.50553243923779,64.03280798102159,0.0,65.70797995122544,59.83001750002619,63.482653542028714,63.69112053554404,56.50560293870557,59.77161369709316,61.796030177534256,68.03641300356941,57.459478692083856,43.207268883623435,60.516264072619414,60.36236047112945,56.32614418885008,61.99553778654219,63.786143113456795,52.344080555605636,59.6499230228165,56.40068819655669,63.708901251481684,66.3053810292606,61.39057361747964,60.5079823809786,61.59404974278332,62.856397961512656,63.55813086439716,63.244566717463044,63.18481429507332,64.62034992552411,62.53763730846652,61.06065895331408,63.70401451356516,63.51182067096891,60.66540667474452,57.50741069727016,62.09897002575676,64.56990078389695,59.12922762733945,56.09819811800911,63.805151226434596,67.62279154065608,59.80739797408744,61.621412174155424,60.76481979256308,60.71054567090315,58.654103977752946,58.27227180925463,65.52391358613507,71.42465171458586,62.534291537790466,66.25805643447761,62.71225930057623,68.59926901783318,63.73161153812567,63.13733782022766
1610555638.33wjf1PhdNaoWfbRzXVn50hmFyB5bYAiLV,63.47029603065538,55.69886624109302,63.557773055963146,58.10084661502299,62.86510626543056,61.97615611417072,62.99593592847806,63.957305759978375,62.312947868909305,63.62992288577404,58.59917150146566,56.998895729850084,62.4259470947669,65.70797995122544,0.0,58.28505870096523,60.73248899124502,57.627954030846745,60.293719747231926,60.59111178465447,58.36795851972092,55.34688230862781,61.18328140516064,63.53982819627006,61.55900994617037,62.875211796641594,61.50897073166699,59.23092100005224,58.21354331097079,62.300832464835885,58.421770144180286,62.79733107424472,62.87546531445699,64.09037040701777,57.93965925680951,54.706035547704744,57.08507597404869,61.87993236735801,61.3899209872744,59.106043612284424,52.99606119139227,56.827138779436645,52.37731617247479,59.17487227482333,54.72785226655312,58.50499411729281,58.06835689798471,61.557785255611726,64.22508904357795,61.315082088174904,59.006490301206775,58.9017627813516,63.35671813324087,57.8784813825593,59.58527702299109,62.37070233004595,58.25013837419587,60.771306926560975,59.40659722392241,59.04141523380271,58.81739241759649,58.33743650821228,61.71497299198089,59.46269929121767,62.94304715848262,56.61853104922916,63.02174133482973,58.0291253944752
1610555606.65jCE4ig8Pu8kvAzkxnSGfWsV0nQBjCf8H,55.42251455239073,50.17923597640166,55.874287278824895,49.70124982216645,57.05486838674849,56.22710595869121,57.09568759424835,56.667054501507245,56.00911466322158,55.17675918719442,53.574338087676544,48.58422611195028,57.03177193624685,59.83001750002619,58.28505870096523,0.0,55.975486098736646,55.919951999319196,55.49479289051586,45.149857157227885,52.442925753073105,62.104267287501244,51.49926286693545,56.41579887485245,55.06242829689388,58.36958340929363,53.83159118106289,49.93977844250954,51.351105581855315,53.60283445594666,47.27535339907338,57.52724614235091,54.69459928321852,50.15545004900841,44.417129063781346,46.58372294860731,47.85263806079025,42.939654934495714,54.907675834217706,55.300179730858176,49.527636858985105,58.02483855318554,53.128524770722215,51.72450976500796,53.40122104253223,54.53807527019948,50.94395847234505,52.828161679349904,54.693591099907266,57.40359204501796,45.00218937660444,52.63830917740605,54.614617161545716,60.566803175451184,44.290744032332114,56.7642375785765,54.5604542896952,46.60736920898537,47.15524976287669,56.823373434613046,59.25828583308195,65.95468740885352,46.186673109140685,63.031038652518944,50.46771357105188,63.277658065727245,55.32958818100394,56.35861629918334
1610555608.18ONsBCVo1i7BrX0XG9stct4oiA6ejX9Oz,61.208218942308484,52.527556852794646,61.26581972653147,53.47395714756324,62.504777859072384,60.381850101351944,61.155354507101826,61.68305831204948,61.05921336908839,62.14944622514756,37.016656447449556,54.54481272134552,61.50408855155329,63.482653542028714,60.73248899124502,55.975486098736646,0.0,54.184396374905944,59.57051647753873,59.08626312436669,55.243645588409976,60.92520654267004,59.17067941146079,61.38682736125584,58.68661305289425,59.623273473061936,60.37268457454341,55.69533368135399,58.11589267018153,59.767103172471764,58.56254976989179,59.51027090808099,61.85118707595945,61.103517627521555,56.990761318629474,52.48244170326118,58.323218102138476,58.84582486846673,57.240038176974565,60.80153261289423,57.27969239169861,53.11275419369024,57.886259643457045,55.704504826294254,53.39440575344523,50.672600292244915,58.32651802639332,59.43355226036633,61.189263428777544,60.17815965979088,56.795153511979244,58.53841086698122,60.267281044691565,60.00592355460378,58.58718026457777,60.450775770614484,57.25736754876415,58.71078235075999,57.625925174010895,59.784088295154746,57.44253681123067,64.0604872334758,57.036179789846244,57.86428383123267,59.621061382531956,60.44297534407387,60.4754967611671,56.77335706559606
1610555721.51RNoQUMP19FTMS79BmA3JkgSm2IC2AQuQ,60.62300015167384,40.53230150122512,61.33021907563407,51.18407421808166,60.79910791817346,59.03809300963729,61.501060381935275,61.6402633576584,59.98347146888365,59.74867298295999,51.25833169344787,51.92904322397394,57.904443346600644,63.69112053554404,57.627954030846745,55.919951999319196,54.184396374905944,0.0,57.70524042859492,58.432338713591825,54.556867055137616,58.13840649442659,57.85973886574629,61.442639303651504,57.892796672238056,60.57175579611057,59.8331674263396,54.32592846687307,55.367347449856965,59.368051167159585,57.78037705441829,59.89823805092358,58.590596805045394,59.670608751787455,57.160610176401875,54.14719151792871,58.1188718793279,56.28658848962869,54.88516951133932,60.28252380191356,55.22285010012864,54.8248610387106,57.280377959040514,53.23844704885164,48.294011134822995,42.6767956839855,57.098793498818075,59.752382937509864,60.46367348652039,60.732283685504626,55.07066967874821,58.258189773131015,59.485399043544945,56.78680188295052,58.41288735132046,59.62029524055806,55.04713870371939,58.23766340360403,55.459072873343715,57.79110066274777,56.01047820090104,62.57098500845826,56.92721103344248,59.175296838367125,59.24977776298445,58.976620235195945,61.144522853065,53.740122687901824
1610555971.86O0cHB2ibBJ8jxoObg01EpGe8VVV5mpwn,49.42214271315893,55.22672396405923,51.111337804355834,54.38273275747419,50.017882231862,40.33475293571519,54.041808225599624,51.94988673767093,48.48452795711027,60.13097466868948,57.08474507878834,56.328356673232754,60.634292240467595,56.50560293870557,60.293719747231926,55.49479289051586,59.57051647753873,57.70524042859492,0.0,56.91205631555693,57.95442863975747,62.7697510665939,50.571629643118754,51.4105264634178,54.945530898736216,46.83050394113371,50.70162951050598,56.36291654905496,58.13745256910987,50.80337200967447,55.367817358612065,50.893420731860104,60.86296372988591,60.767870943225226,57.238792543746634,55.77966681226414,57.1098336497681,58.441827550031434,58.38381059542975,56.76951307104414,57.963279246703415,60.75079035680151,56.15373996713267,54.291500357432284,58.08558718851338,56.76859461727898,54.587885881733214,52.026342071060604,59.73736212370318,58.916129898310686,53.538527958004316,48.441215803666516,59.41155126023186,63.38133469660843,56.908817790753496,53.44889501380729,53.755103419781285,58.15623471004822,52.977925071002836,49.64479512119126,60.63662657786052,67.94937578792955,59.25442993972745,62.259720996988634,59.323014536160414,64.8117096425696,57.43132932261767,57.69246147207624
1610556911.51zU3duZSGpcw1BDNsBLxdOCITAXwl6z3i,55.24537915312792,54.17228211792701,55.62237382879609,54.07798628802269,56.82495803716219,57.58559909705643,57.826851198302904,56.58046567026306,56.302401760037576,55.60063489921186,57.43811299490774,50.65945274412881,57.90722508022768,59.77161369709316,60.59111178465447,45.149857157227885,59.08626312436669,58.432338713591825,56.91205631555693,0.0,53.27076296636482,63.387780547264185,53.75161094193538,56.05282558831004,57.28025139999209,59.06632729392766,53.197112026401655,52.67354915278075,55.976338038925036,56.48943802880246,50.26891958887149,58.84168385615418,55.56356375593212,54.59907148038239,49.9471527479005,52.108673728206156,49.46732345263083,50.85630908840714,58.563861765193565,58.32875525840921,54.24557470985579,59.133669604061566,55.27401718682523,52.84443952680806,56.86899182678115,57.8074778804273,52.59930363125058,53.65970912385909,55.37537426599605,58.50518917410778,48.22848269375106,54.91943064413014,58.42482617896167,62.37989606691975,49.23974254840639,58.350947005703034,55.83040516002554,50.04164928044189,49.48696549212471,59.36731526940725,61.71092207239323,67.19645935890858,50.15654770053814,64.24434811898439,51.21311025716303,65.02587166833683,56.67591218876576,59.66411273946464
1610555988.71dMoYT8250UHHJGxgmITTmbHe7V6gH1yU,59.17739912698778,54.45026344726946,59.88135151013348,52.30662501502928,60.165672233237245,58.72258426250525,59.70775553730585,60.182413118124096,58.32998271833963,61.15596759001554,53.067031749864576,36.08557031398844,60.95567002365211,61.796030177534256,58.36795851972092,52.442925753073105,55.243645588409976,54.556867055137616,57.95442863975747,53.27076296636482,0.0,56.18923707304767,58.342934802701265,60.044383369154566,58.33175598193877,59.86930858349428,58.7061096653092,45.99827005920524,56.544527098518586,59.00491348378361,57.051503827113095,59.76927894749902,60.75181902542821,59.144038685689566,49.490388850666015,48.83155552272195,53.2433954424245,57.04898237249052,58.27240397396872,58.66036969049802,52.8596652958106,50.14414002153407,54.880057039362065,49.4431671881861,56.015055190372486,54.572293788082575,54.224911244866895,57.305938877424126,60.40272032442048,58.79695522791632,47.28694948896056,55.72069866899748,59.29188736346808,59.78153451830909,55.86938815736168,59.52174922798189,56.66096332418664,49.28709708848036,50.87876026850339,58.37299694678641,57.54068043883766,65.15423480273193,55.921157068827135,60.373839050167035,57.86647604293148,61.33423227914426,58.44529234496335,55.8078120644092
1610556042.81mlUZsSp7gbGjrp8jQSnybT1gPy6e62o1,65.93707343298759,58.15723482128677,66.3000813774189,60.069696365284344,65.77641538395298,64.15008847008127,65.64675693602115,66.79728290890183,64.9343329647494,67.1534944697764,59.27512496286376,54.63141311795781,66.37454524152385,68.03641300356941,55.34688230862781,62.104267287501244,60.92520654267004,58.13840649442659,62.7697510665939,63.387780547264185,56.18923707304767,0.0,64.12013525736144,66.5961979244608,64.32739038577093,64.68853029830215,64.78056022582666,56.946156965800476,63.35108324295021,64.61450907387157,64.00354290112917,63.85670497138139,66.90825623389529,66.1476951056249,61.81576092798558,57.50947574373103,63.0789489336415,64.13846959355777,63.49508642327451,62.63226789506692,59.8455965215316,52.26912194855221,61.345939998426395,59.42823946925035,59.85940026096036,59.756401306256315,61.77705954150548,63.81652742911667,66.35945644046592,62.87354610524607,60.11477137153411,62.7780534181313,64.90221093644719,57.57081361394968,64.39145495095907,64.87275329835425,61.78870664815956,62.21915800245752,61.06281890195868,60.079052617438094,56.483972597700365,57.84796881067569,63.4072048628368,57.55010151830776,64.58744633295412,53.113357454275494,64.38508813939674,56.01382888663624
1610555637.02UBW5nKvDyUrKnaWcYRGajZPxTRDS0q3N,51.9118443898961,53.80809347556157,52.38274688032364,55.187343521986186,45.374165616080155,50.24372124159882,54.40088965221345,53.55412032654188,51.55047458875562,56.86956599668451,57.26933837713474,55.88696227358113,58.94128876520196,57.459478692083856,61.18328140516064,51.49926286693545,59.17067941146079,57.85973886574629,50.571629643118754,53.75161094193538,58.342934802701265,64.12013525736144,0.0,53.10891838940056,52.0209983199095,53.33334145161612,42.607482064294494,56.656364144238815,56.50383665822126,47.470838613505016,50.13569475115461,47.51366911973318,57.76369201493963,56.98916576392705,55.47488593689399,55.04658655521228,54.43024062843377,52.827016883545426,56.065898425839414,58.593896010276815,55.08143505691337,61.58230114202898,55.91743271555962,55.46473545425296,57.382118364506816,57.02022875662375,53.17612063036844,52.63560365538272,55.71757721075491,57.75302207101846,54.2984519404757,48.980606079552615,58.30236015780706,62.156513301259764,51.82815904742094,42.83416462477934,53.05042545981018,56.46288471351556,53.46244039168908,50.39753369664076,61.55316310076058,67.97626342044217,54.777750617142495,63.25721752978355,55.09909527510621,65.68416688902147,58.43673098466088,58.97775770189144
1610555619.13oUYNikU4facCTpUSiSLr0vPI0tJLnXiT,34.481141944798495,57.37013989045291,23.5066660309093,59.18065227546442,51.29918557711526,56.85020955652524,48.93494686501919,19.44061317073352,45.71058266759317,58.5976044870452,60.80286854397118,56.98839927652235,60.26851567486334,43.207268883623435,63.53982819627006,56.41579887485245,61.38682736125584,61.442639303651504,51.4105264634178,56.05282558831004,60.044383369154566,66.5961979244608,53.10891838940056,0.0,57.5294940324295,57.58632016181314,50.86824649858066,59.375184612275824,60.95894784703106,51.2678871621772,55.79739226457613,53.3250431939086,59.94981649479739,63.28803705433037,58.95131037453781,57.936125677923904,59.06667325231383,59.60969724849721,60.41954414208941,60.28311975692481,60.24358297816584,63.053674261139506,59.63221092412404,57.85739839555224,61.31238952236351,60.99473580465061,57.249092876467635,53.62091463923255,59.033190144278755,61.27219842300769,55.76528341112383,52.41995385360369,60.79316596541643,65.5495733388049,56.069263669616234,58.51282450339988,57.511713936458186,58.09895085231935,55.19875067058107,56.506751310063095,63.99121141044802,69.77951051705242,59.108479168739194,65.07721364840977,59.34200618847224,67.2088548394255,60.25912410404403,61.37281329422319
1610555721.03nzkucfjAUh31zTbmCVvTVYqtjoxZFnBh,56.84306257801016,54.140009472938914,57.38708257751222,57.51580741039167,56.18642606976439,56.247338016994846,57.84548168474732,58.007931845589084,56.89767904301789,57.191673972506564,57.34301159326607,55.847654143411994,60.708295964274555,60.516264072619414,61.55900994617037,55.06242829689388,58.68661305289425,57.892796672238056,54.945530898736216,57.28025139999209,58.33175598193877,64.32739038577093,52.0209983199095,57.5294940324295,0.0,58.11476637371966,55.22935670400297,56.95740225599951,58.64341898082366,55.323793860003484,56.32062910671901,54.18451010261796,59.164535846653244,59.7698756552169,57.02587696372995,55.81990094854274,57.586178636916706,55.8251602394557,48.0595631529524,58.289919578041875,59.52652393072573,61.135820867746965,56.54434265449374,56.44217241058793,57.455262708783515,56.619884023011664,56.347799392920784,50.145733988961254,55.87082217852013,59.65067377065703,54.279489581624645,54.0018938091589,57.87904077059198,62.97914331831385,58.041109222787796,51.359325511910725,48.93007231296048,58.81056595459225,54.24440696581443,51.09743776462382,60.48768703398319,67.602617934959,56.7640883272325,61.70451112770392,55.695502050062224,64.87468769721691,57.81813387457454,58.13647461588514
1610555722.67fhKURdXVzRbLIjXmjRwdJHTnE7PWb1AE,56.468730234150115,58.59312123639098,57.50701892242527,59.01505375905946,55.997625799305055,35.16541061906665,58.39270347250401,57.90250566236533,54.4407514193188,62.70238322092257,57.442683571687866,59.35248155665785,63.11988615585538,60.36236047112945,62.875211796641594,58.36958340929363,59.623273473061936,60.57175579611057,46.83050394113371,59.06632729392766,59.86930858349428,64.68853029830215,53.33334145161612,57.58632016181314,58.11476637371966,0.0,54.8156840602293,59.60378169280476,60.816922247822106,56.97732253302748,58.08058686548824,55.99840814108398,63.15434537051191,62.948589626736926,59.95154161842708,58.442135583071504,59.982861680644646,60.68520383934311,61.24008399918205,60.694237659014,61.75992668130951,61.5005564094737,60.182920778612264,58.018818965101644,60.20201492756893,58.41796096027789,56.23085394122324,55.466508542907064,62.42876461941777,61.80720706214523,57.00919733669736,55.07345278491879,61.77407990291248,65.19611193357133,60.04185024826127,54.87192516493667,58.16899650479567,61.1561798803503,56.32655210088658,55.040558644288886,62.21600616949532,69.11626698212706,61.90772500911638,61.9976062808402,62.40198249675271,65.65848302770729,62.150787062523,60.05212198570371
1610555638.39J2ZWBLuLTHP0jOlzB4tNHmYeijH5g5YJ,48.828129119966924,56.23731504069169,50.56634510007165,57.143772247961316,45.43278973363954,54.09209816693173,54.403649995437505,51.203602396052545,48.70799276628098,57.73413781039321,58.953992418633455,56.61262972757396,60.00314697821752,56.32614418885008,61.50897073166699,53.83159118106289,60.37268457454341,59.8331674263396,50.70162951050598,53.197112026401655,58.7061096653092,64.78056022582666,42.607482064294494,50.86824649858066,55.22935670400297,54.8156840602293,0.0,58.21536256843011,59.044525951680015,52.89255566936216,49.4472387303591,51.66278481498858,59.22970427077192,60.49825915449458,56.68286596458783,55.682195842328085,54.85557527500127,57.34004394582209,58.75521857760578,58.00176856727987,57.084709776172545,61.93780300976914,56.28329623463167,56.864243948500814,59.75195551844784,59.603443291305226,53.383438760486506,51.209353496507546,56.79195566128024,55.43743116226736,55.30708977050247,47.76916185365027,59.21463463476598,64.0072108972085,53.64122349808558,52.068533398840636,56.33971915289341,58.08302180425577,54.18387225856426,54.52525008318435,62.87869254777699,68.71224543680339,56.94658651049729,63.88404162579417,56.34626586027174,65.99968503744097,54.943988458899184,60.54089520081114
1610556032.17Q6yCDx9g7alRnL9jBFXD2JhhUyB2hKfJ,57.82526579269394,52.14531472899618,58.911723366038785,48.415824291198724,60.026391487914246,56.733582683036815,59.38334475268227,59.52130546327561,58.13874118197515,59.692534858578,52.81903766880796,42.84694443384077,59.447949956151284,61.99553778654219,59.23092100005224,49.93977844250954,55.69533368135399,54.32592846687307,56.36291654905496,52.67354915278075,45.99827005920524,56.946156965800476,56.656364144238815,59.375184612275824,56.95740225599951,59.60378169280476,58.21536256843011,0.0,54.18514636745317,57.17866406384996,56.2514437468404,58.58334662876228,59.11757105469496,54.71063233165331,50.51593773653836,49.97339398176576,53.61918188996041,53.648920535869614,56.26161822262742,57.21362280688756,51.469467042151834,50.49186972613318,54.16468509365924,46.4670955219956,56.54327353637675,52.62344297201949,54.28665808723216,56.258531582567336,59.05424435347442,57.976612816521545,43.41309979124612,54.87336220784317,56.47741241299693,60.14540402980651,55.063876466146006,58.445546569648194,55.052714507608236,49.03972637052088,44.88749002206562,57.62135071266628,55.90715696970968,64.71970231043058,53.83555768210785,59.61393554905409,55.50271886725994,60.81451054934021,56.961483503406576,52.397197643498835
1610557007.49MyVgDnuUuBxrvL6SGOdhKf69VYlW1MSm,60.006961651643046,51.34517631030856,60.50041108466231,53.378881920387116,61.49168716259443,57.93095620470099,61.26878964456957,61.29315381165494,60.375976103822985,57.85830880880233,55.61426665086415,53.95637375636092,58.714673158901114,63.786143113456795,58.21354331097079,51.351105581855315,58.11589267018153,55.367347449856965,58.13745256910987,55.976338038925036,56.544527098518586,63.35108324295021,56.50383665822126,60.95894784703106,58.64341898082366,60.816922247822106,59.044525951680015,54.18514636745317,0.0,58.73108158492644,54.42146276699866,60.98303709975842,57.67855901844696,56.780392982747905,53.245037889294444,51.58117409311353,55.37122649126994,51.49345208244298,55.503633640199105,58.781466355095944,51.964953453200366,59.344334338356184,55.55581624263344,51.788265489214425,52.252609560664204,53.768413810856586,56.31580141385382,58.64913176595479,58.61209368568276,60.30967644859828,52.99253105206701,56.75127774377048,59.53531994463646,60.4373104742282,56.015897866293194,58.58048972317303,57.197023118482036,56.82122816228945,54.05024913521019,59.47726261340203,60.629434703637,66.76821265670092,52.94920352903477,64.76028312623971,55.67682641734139,63.258223273431085,59.97585245086931,58.05063692475142
