,1610555604.25mOvVXuL01OCiReyVWBfesjuvXmB3MoPy,1610555605.43B6oDsBtWRQ29Q9UMQuTUEPZy3FSSWXzc,1610555610.92HPGJJSmyPM40z7otPBgHalNrHFA7zk5d,1610555606.68LaSQbm9EHAFycEfFtEqAwYqlBsQPjIRW,1610555617.19EKxMEwDHfXiEJZc27TsGoERaD6Da4BZU,1610555722.52PJ3FD50MGhRXyUD28vluU8Z9UjLJLZn4,1610555617.52Ijr5puT55g9apK8auM7zaxa3NANg502t,1610555638.77ZLjTLkz4jYJdFMI2wWBztzsDILkoOtAk,1610556912.46C7tJPLF0XfNnm8f1820X9aLmXMHoc0Dw,1610555617.51LjzIROg0aeCP2GhDcAVQ0LipKJB9jmKc,1610555608.17OpjjHobqRkX0UPcaXrbu7K6L3805SZri,1610555721.82zWeNZfGUUfRJkgnAwlP8VMhPzXctnSd4,1610555735.75bom85BDF0C7W2eIseHeMxi24qR68nzMi,1610555735.77NnT5xqKnwcf2BbjIekeb2arTQj6QMNwk,1610555638.33wjf1PhdNaoWfbRzXVn50hmFyB5bYAiLV,1610555606.65jCE4ig8Pu8kvAzkxnSGfWsV0nQBjCf8H,1610555608.18ONsBCVo1i7BrX0XG9stct4oiA6ejX9Oz,1610555721.51RNoQUMP19FTMS79BmA3JkgSm2IC2AQuQ,1610555971.86O0cHB2ibBJ8jxoObg01EpGe8VVV5mpwn,1610556911.51zU3duZSGpcw1BDNsBLxdOCITAXwl6z3i,1610555988.71dMoYT8250UHHJGxgmITTmbHe7V6gH1yU,1610556042.81mlUZsSp7gbGjrp8jQSnybT1gPy6e62o1,1610555637.02UBW5nKvDyUrKnaWcYRGajZPxTRDS0q3N,1610555619.13oUYNikU4facCTpUSiSLr0vPI0tJLnXiT,1610555721.03nzkucfjAUh31zTbmCVvTVYqtjoxZFnBh,1610555722.67fhKURdXVzRbLIjXmjRwdJHTnE7PWb1AE,1610555638.39J2ZWBLuLTHP0jOlzB4tNHmYeijH5g5YJ,1610556032.17Q6yCDx9g7alRnL9jBFXD2JhhUyB2hKfJ,1610557007.49MyVgDnuUuBxrvL6SGOdhKf69VYlW1MSm,1610555638.44hjT5hbYdKoE3MB6hijrjqbjmLgvCUYKD,1610555608.13zUvmFSCRt6SsLbhqFznMEvGx54GPGQzM,1610556038.62a5C4ynd1AARyAhTv8a58NCqHvXRjscqH,1610555644.45Xse8u7pusHNsd7F3d0A32HXvXr6weOJE,1610556038.62gKXOCG7XCn55eJvyl5voNjbwOW0znQDq,1610555987.13v0oleKK97pkesp6oMgprH8SoSdoDVdIO,1610556964.96ZLLeiQW0qpmxhPGTg7K03fmzkqsC2bjC,1610555987.13VQlEedQ50VvkPMEMzZDv3KNnQCewykN9,1610555982.186TY6MMGkDecIN1woW6vsfAMXVV7jnyjO,1610555982.673LuMndkwkvdmZOn0MmE2Pkidx0FtNalb,1610555733.38zItcuH7gHNfKdALR2d9Nek6bxCyw36Vm,1610556034.15BQxSbZINGCay0yp6RBVlgcPrw76Yn9ON,1610555639.37BPZpgtGml8qUsh9AdV4m32jPLfI2aNFq,1610556965.57S0adAalhWYe6K3bkZU0bRHbqnDK8gGkR,1610555983.54zteLPCMjyrjzPdhHhlZr3faCgD0TfYr3,1610555987.79rHnNRmt9a0ufmnwCvZqBouyUoZDNpylW,1610556960.041xWER61rmArlsKfiMl4frikWmUCnQ7op,1610556035.13a7NHZDutfTMJ88qle1gTYY59Dr4WmMsj,1610556890.456ZBDaY16bMtrTZTqAgHl3wq1tRxzqDow,1610555760.24e6890pkbyZ97Or6croI1rQgjkSsR0yVt,1610556043.02YpWMIJg3W004iqlPyv8OcVAZdSC5rNYw,1610555987.03z05P26TLtONYM1HSzupoc2CeNMa6HTqr,1610556032.15OYCzUxpsz7b10AXBAuDXrvEcvxFhf0M7,1610556032.63Z80yI9pNwS3jSmsDABbuhf8wkNa2Ze9y,1610555736.28eGuESasTXdR3SqY6pHhEXWZtcdciYLCO,1610556034.61bebeZA0MkaFG2sm3VKiqrxeqQginTTW0,1610556944.5XwXOphKYT3ZkWA8gViqOS97VHVuMVUqb,1610556944.745UVLFBzf7fPh4UH37I6tYQOFPqRDytEh,1610556034.63XsUwaFaPZevO1JNFjfhvY4aKNFnV4noV,1610556964.89xwBHw9faT1HjQRMNQEyA4qJ3hWkwgj3k,1610556966.74DydzH91jtyvRyYau47JpVkZoMRSNTt01,1610555740.77UueVziDbaXyRR4OcVJIIZyzOfAzN51bj,1610556046.84e3vwjyRCzqz0wJQhrk8zsxlFfFSv98Df,1610556137.99eoPuVrDThKAOvmeprLPb2FWRqIhzUodc,1610555740.73XFwSrmTXJPlaxGZSefh0jOVA8PI3III1,1610556123.88AOfNaz9jSnqU5Czc7okOv1RCrYfKFBTo,1610556046.85nB7NvyoYQeLcOV391Lmmut1wAM8CFGLw,1610556123.89H4pdIAzDthI7bMXMhlIhKUYIQIvtmPPQ,1610555740.87GOYQUJKpkynIS2lFqppYK4b32ol7NeGh
1610555604.25mOvVXuL01OCiReyVWBfesjuvXmB3MoPy,0.0,68.69443673782501,39.99601211222938,67.19520492330452,56.13999135898953,62.56787994961949,54.712354684071634,39.699230641269104,47.14004303393767,65.01407232573683,69.5744873067273,65.39142223483285,70.72690991304373,49.70220694171426,68.02708285994962,63.13728833432935,71.44904701582561,67.29532426482726,57.93173645988361,62.58512308681487,66.70241876622065,72.35593719305594,60.3941167770367,39.52421171240096,63.58245981567445,63.38912768000711,56.84623117655995,68.16141425878848,66.6608651705497,58.07068769473711,62.435090972537694,58.42975119363675,69.53413571393956,68.700451438234,65.77859765727487,66.17483240930179,66.80742931381533,66.47967856472484,68.9423464158696,67.37232376476791,66.72659220107641,70.38496855484759,66.31462199294698,64.85612077223307,69.24930462122461,69.20807361603482,66.95820537228437,60.50093020062637,64.63313863100011,70.712210634693,62.061846299244735,59.75542626916982,66.45323702027723,69.27426035581776,63.00215265280411,65.1112601758742,64.16945539427765,65.02549341924694,61.96001580479602,61.68542330116943,69.76598285079388,69.70361220093685,65.12638958208353,68.62353732120155,63.85926842841464,72.47085151646031,65.09519729812351,70.37336011522282
1610555605.43B6oDsBtWRQ29Q9UMQuTUEPZy3FSSWXzc,68.69443673782501,0.0,70.13139906425198,62.51863352470076,70.49698136331637,68.16400785836875,69.75433728804133,68.92618203137253,69.00619045866678,65.47486076442061,65.348812242039,65.05642471042908,65.27530969050083,69.72203958508933,67.96710896533277,64.53245759888027,67.59886683547393,52.074327197951725,68.89323589694688,66.53380061713227,66.99768032558603,69.10901296683151,66.97306888164368,69.2003568143925,64.77382497211941,71.29303199867117,67.99042033051501,67.52153373459761,63.200983692478545,66.95928921256977,66.35166793326695,67.81049575153429,65.04717212847795,65.56275679122724,66.5649122690047,66.22663247015682,68.63069366238047,62.88328888771206,59.26733295683297,70.10764250990538,66.25719115373977,67.37885335703768,68.4405742792261,63.33725818627848,58.64629349691863,56.52355937285345,70.0581605854561,69.25109288162182,65.08416457819524,72.99582394264773,65.88427156228498,70.06896919454881,66.18142302019719,64.85235635626954,67.06298497832749,69.46122742485346,67.17450391170887,66.64159666476493,66.75052570373182,67.4245506516744,67.31285681321114,67.66518739228054,62.46224341740272,67.91815267497763,63.837901280758864,70.23696860955715,67.84285103762767,67.54596516877892
1610555610.92HPGJJSmyPM40z7otPBgHalNrHFA7zk5d,39.99601211222938,70.13139906425198,0.0,68.19132490097128,56.286845922310206,63.6020472111626,51.11301810175289,34.70686351950382,49.77280615895992,66.3479476261327,69.80813321306148,66.64213323998595,71.83266439810801,46.59376109314201,67.69873341843406,64.74915052146088,71.31477085382036,67.82821960686366,58.884847124820176,63.90871775348506,67.03837131285147,72.6051413535602,60.81161064862613,29.61230865447588,64.92285543148974,64.15314231037047,58.043293196146706,68.90385397307932,67.70633553436818,57.071034158167286,63.69606138679771,59.12573791168439,70.82471892334593,69.71410633735385,66.75009725317842,67.22317285701043,67.47298609576409,67.99134176245043,70.28949170883091,68.05734546428384,66.94537111472678,70.66298150605435,66.81762852226466,65.6660427480211,69.97678355049885,69.70417285493104,67.82777665123352,62.3369683296366,65.73953448204762,70.26068002235925,63.959207895523576,61.34295610748383,67.52957461588795,69.81482900813343,63.978033835313724,65.75116768071511,63.95715899205289,65.57602309107055,63.897901652982696,62.76176096985215,69.67992475167726,69.59966097218029,66.25813013474286,68.21809105194808,64.9711498369991,71.96949888096779,64.8857229831789,70.37272835848854
1610555606.68LaSQbm9EHAFycEfFtEqAwYqlBsQPjIRW,67.19520492330452,62.51863352470076,68.19132490097128,0.0,68.32582169209753,64.94483554755413,67.51334108019375,67.32482559946253,66.67515213325125,67.28573606286034,56.947715612373116,59.973445569855386,71.06881399708752,67.39490717265042,66.72281191108684,61.43430735781901,63.074712323980854,59.66208316486351,64.50568268001587,64.25823850227495,61.243725888401244,68.26085740701318,65.8653858223904,67.64098694928336,65.00570810540763,68.14591898095965,64.08981935042617,60.66778896910779,62.31477256740532,66.0049370326707,64.43096441320311,66.7184676838586,69.43274578042879,64.69630390169387,60.75240465344823,58.458223977199964,63.14520879547134,63.51330179435845,61.41898014810842,65.77131312360427,59.279526170366,61.83225705634811,61.43046502870068,58.231637581075134,62.54092579669797,62.21147642779557,67.87307901989617,66.9656284044446,65.69754647182567,69.09572643467659,61.097222686340686,65.1148811431757,63.906334013158606,63.94324804092523,63.483028008760606,68.55178361739041,64.64484358815618,63.01823099582097,63.36674217171881,67.13671020583776,64.79186969351969,67.04732019824947,61.16969141052405,65.7869539811037,61.92216071345019,69.52503035876377,63.19225092604673,64.78072411585778
1610555617.19EKxMEwDHfXiEJZc27TsGoERaD6Da4BZU,56.13999135898953,70.49698136331637,56.286845922310206,68.32582169209753,0.0,62.930386042128546,55.36088092013715,56.50875870218368,48.779103430982516,67.50419038246461,69.21681192407449,67.70947668439165,73.3158632768994,57.008181062711984,68.69900806363019,65.45273651880892,71.4433366338752,67.78390814206297,57.7619631898503,64.75041671868296,67.02816807243306,71.91062480096892,53.509198958530376,56.35401449933527,63.6213173497941,63.71201464845556,51.8170504411008,69.07051655389267,69.11624925198625,57.54604294141908,63.85188830764595,55.6243476780859,72.63820387685563,69.52373054521668,68.12421072841934,67.44680586857821,65.79298197683065,67.52373040981207,69.49714351633811,69.53828594302686,66.07400034724205,70.48928933751789,65.77917474808278,67.10527786665861,69.75465691636413,70.24425052140003,67.0461090766318,62.92006335716403,65.8350318927583,69.45493193661969,65.77472254191932,60.23133019969877,69.0005362607203,70.04396708017366,65.01829699551455,61.30451769905066,63.57186600286781,67.80536114526295,65.36946776558709,58.91972852639689,69.67233891291363,69.6686253287495,66.20912551484176,68.01145049293541,64.4270371140765,72.20630234420919,66.13635656512243,69.47705570732991
1610555722.52PJ3FD50MGhRXyUD28vluU8Z9UjLJLZn4,62.56787994961949,68.16400785836875,63.6020472111626,64.94483554755413,62.930386042128546,0.0,63.5595229346882,63.24624118719257,61.21794688320402,69.71856186605208,65.97811899630368,67.05961233668062,72.15340526830147,63.02907107796791,69.42533798610367,65.87378131936138,68.58790911076325,65.994475326784,49.246658765295074,67.68499290521305,65.85750884885341,70.57497008304823,60.279349799820395,63.24994323261307,61.13376117337387,44.03323811047703,61.85116453866974,67.72008236188877,66.55182245476085,61.56103254153049,67.39459627113946,59.51292657716487,71.72632979246949,69.27224217916586,66.8900929274061,66.75411232028583,67.97896478713847,68.80341761287278,66.77363938941897,67.03080964696514,67.76038922944014,68.01300836287011,66.69660575482352,63.56734316605914,68.3884802950017,65.74019255423376,64.38581355608635,63.239064714721266,68.96643979807274,70.10101209990454,63.33879429077327,61.00559619419091,66.91640764498219,68.11767009253745,67.09099711052065,60.334008773668515,64.7130860201586,66.43850313355938,64.36147509279247,58.50901612761116,67.15490500499038,69.58663370163276,68.27643271550586,66.89587749926488,68.22597566272347,70.87765098478036,64.3334383895954,67.77348065736403
1610555617.52Ijr5puT55g9apK8auM7zaxa3NANg502t,54.712354684071634,69.75433728804133,51.11301810175289,67.51334108019375,55.36088092013715,63.5595229346882,0.0,52.889255758108355,53.293719244220334,67.77602556168326,68.32195631041007,66.39857474353514,72.83958647568042,45.848912351316095,67.58889208959584,64.64776917792393,69.62319941348207,67.51117493454177,59.6968469122739,64.9388929735915,66.86201368243171,71.50577326417243,60.967804234706655,52.381129995268196,63.85173941176089,63.94954295735928,59.08831803999629,68.2231528967192,67.55766247377834,51.51345739162892,64.7258234703201,57.30905331641811,72.06408452741033,69.68096468979307,66.45193497649551,65.9135614718042,67.09488711121591,68.02936711977217,69.38167569141946,68.09974176476096,67.46703384743007,69.6109971422647,67.1386949854987,65.55037983072987,68.76695280337465,69.18740764029452,68.36756314056457,62.215582527509504,66.29188707016527,69.49457236823437,64.86399442591787,61.55920990924884,67.67637445201198,68.51549794319445,64.38455091820916,64.94715301074635,63.08785905465344,65.2414840167518,64.61475294730447,60.3889977726458,69.32179595265404,68.7324993322366,66.10210949271062,67.31974777513355,64.86942362647898,71.15969494605099,64.50331770718935,69.63232951614255
1610555638.77ZLjTLkz4jYJdFMI2wWBztzsDILkoOtAk,39.699230641269104,68.92618203137253,34.70686351950382,67.32482559946253,56.50875870218368,63.24624118719257,52.889255758108355,0.0,48.49155444051233,65.94214268524856,69.08501067620371,64.98759166384048,70.79517784408293,45.06681862719037,67.24882628245446,63.55234856303477,70.65690205480223,66.75424644875666,58.49128202817106,62.92550914804086,66.14506553120268,71.97705428801932,61.49422573009277,23.358890958422883,64.16641399009023,63.799279895739566,57.23114355468117,68.08905972874207,66.98651569788623,57.931857788566006,62.827194343118215,59.12507511326584,69.98278568990882,69.10120488091404,65.63473749499423,66.09893474852493,66.71219746125055,67.25123114383834,69.496255863046,66.99068500663954,66.53278762980604,69.64968965680552,65.84834950536442,64.07373129437264,69.12151063766208,69.02822040153754,66.84204214134986,61.64114337729784,65.04682261191789,70.09969479172261,62.341919199090356,60.29530632570156,66.5517711106412,69.00083452170956,63.402491110490864,65.51027619208719,63.752642347118595,64.79664834230395,62.48778197344666,62.01107130589993,69.36658134679926,68.97012364344708,65.26618843157136,67.63310734235502,64.28079186540297,71.39049314993876,64.12400797813484,69.90961291620647
1610556912.46C7tJPLF0XfNnm8f1820X9aLmXMHoc0Dw,47.14004303393767,69.00619045866678,49.77280615895992,66.67515213325125,48.779103430982516,61.21794688320402,53.293719244220334,48.49155444051233,0.0,66.38499382940174,67.84942666479147,64.60466352956531,71.41192378713099,49.83689949071532,65.9428530576664,62.80363141445402,69.79790486658158,66.40050134391838,54.40761511478644,63.06313921893677,64.04939173812035,70.28933068059797,59.39038946493174,49.048177854577276,62.24186660698695,60.76925483313544,55.62932648905845,66.2170622764862,66.27036227524495,58.03306039012012,62.87343051855692,56.49670511583326,70.8966135068218,67.46890722465578,64.84942361017363,64.92349020821732,64.88497606930564,66.41810786889673,68.47161307323692,66.37065562748171,64.92440992803654,68.61484225012909,63.85950516633399,63.513164918876626,68.25019246101817,68.40946797239414,64.5967864926627,60.532832711518125,65.25031840147011,68.42173047697784,61.54320690677445,58.7958252765063,66.82344300391426,68.16826037583293,63.86926564456079,62.51935281934783,62.23965126564983,64.05397117215288,60.87872315210767,58.51136267861821,68.34427954805201,68.43841882590932,65.30713905120382,66.52838123685324,63.10935819893452,70.73768019124499,64.01326191610454,68.47888346602156
1610555617.51LjzIROg0aeCP2GhDcAVQ0LipKJB9jmKc,65.01407232573683,65.47486076442061,66.3479476261327,67.28573606286034,67.50419038246461,69.71856186605208,67.77602556168326,65.94214268524856,66.38499382940174,0.0,71.35991213728398,69.4366909814377,59.146970593943394,66.7628062542787,69.98793776741897,63.94212654995446,73.79211233856073,68.12852604502478,70.8093431373352,63.71418637377865,70.32410253326711,76.18970045366395,64.72441970109642,66.09049649616647,64.96202404885524,72.57295683085692,64.80464066840005,71.20577720864664,65.26080828290539,66.93433206785261,60.763867160802995,68.88887419493383,48.543862282646124,66.11276699566832,66.87538176194798,68.64718569153577,66.58404158947415,62.44638786742028,64.89502402540593,68.68283892304248,68.31151503263139,73.08525743526832,66.99571738702937,68.51368191678058,68.52819661598124,69.46122053067991,69.88375877320588,66.28661023371697,44.101638984057715,74.34662507520575,66.01816323413009,67.43216701209819,63.86332819362691,69.55499545181091,65.50467876737028,69.61667534783771,67.47063540014595,68.10125775788441,67.00122446696507,69.61957469530897,71.96026089558922,71.5308126441166,60.26352065679851,72.45437133658072,55.39914495296461,74.90857173374427,69.08932721950241,71.45673915020303
1610555608.17OpjjHobqRkX0UPcaXrbu7K6L3805SZri,69.5744873067273,65.348812242039,69.80813321306148,56.947715612373116,69.21681192407449,65.97811899630368,68.32195631041007,69.08501067620371,67.84942666479147,71.35991213728398,0.0,63.741323820431944,72.89984720763208,68.36515502998992,66.19493659154814,65.20802316578455,49.79195839737063,59.27429460995817,66.30929754175375,68.31841387646068,61.842356023471325,66.50413505467824,67.27610594459624,69.21673219118797,64.63466678603966,67.22620558535534,67.04957934497727,63.89573574570513,63.34665876802418,67.11683379938341,67.78468655872348,65.99738032042998,72.80479303442391,67.50133060449808,63.12148405634276,60.33621101611774,65.99723685989026,67.32584233057332,65.1496727774059,67.50514896592753,64.60609209371677,58.963605317484465,64.85365587772898,62.09860160835202,62.442026806979776,57.93148231455701,69.11493886800939,67.34412456392434,69.14290795504358,68.79147194290238,64.80414446976627,67.3736142462889,66.34568563831373,64.55883865310486,66.7223317511897,67.74724268359421,63.703209021116706,65.53902272904654,66.1488274882357,65.69092483779276,63.593746457452504,64.17834539205259,64.69658039446172,63.46732556727055,65.23544416052074,65.63823888772244,64.32271453946096,65.07287763001706
1610555721.82zWeNZfGUUfRJkgnAwlP8VMhPzXctnSd4,65.39142223483285,65.05642471042908,66.64213323998595,59.973445569855386,67.70947668439165,67.05961233668062,66.39857474353514,64.98759166384048,64.60466352956531,69.4366909814377,63.741323820431944,0.0,72.36690020135931,64.36218955325114,66.06242500620957,60.190869984582996,66.41756035633557,59.929814421598486,66.51788406866848,60.820163715777475,47.67611967276417,64.12135128517176,67.68607327880454,65.37398666744326,65.04631272044986,68.74790229025135,65.66224347605655,54.66908597035584,62.35040960408078,66.9160792180198,67.26416312937157,67.3342639794147,71.09175753634827,64.87462887810449,57.31570513981966,57.783531441123486,64.15459774486001,63.977866451192675,65.09790056656524,66.94525442519675,61.525435864917995,59.480547618140605,64.00933349259537,55.37131479840652,65.19704709334813,64.95865903350644,65.73132305993484,65.0137762942974,66.9461937093163,68.72974141608817,52.286656911745446,63.98410299815118,65.95215783421972,64.36137790424422,64.65698796882782,68.2213789465228,64.88776360670728,56.63638022630209,58.67715035251385,67.03462915456892,65.47017586609681,67.17260055807307,61.29537653876609,66.06149121854624,62.431887132548,67.79631082515364,63.07346360477721,65.61690241679352
1610555735.75bom85BDF0C7W2eIseHeMxi24qR68nzMi,70.72690991304373,65.27530969050083,71.83266439810801,71.06881399708752,73.3158632768994,72.15340526830147,72.83958647568042,70.79517784408293,71.41192378713099,59.146970593943394,72.89984720763208,72.36690020135931,0.0,71.76693201612163,71.63105048262817,69.9297726210919,74.74235162726615,69.16538411373462,73.23196561419739,70.58437462914897,73.49019494970645,77.04518749251274,71.10733822734326,71.1006710800633,70.8308129192309,74.29511418719059,69.951364145189,74.47295855669921,68.49142382432093,72.68199776498535,66.22643696940561,72.5097244763514,44.375474086830614,69.32273731644405,71.52794614386909,72.55857160133101,70.75112255892034,67.08592366097606,68.17900118778806,69.80952497083332,71.90721457120796,74.51554081917935,70.67617230775014,70.3533996697056,70.18979478879356,70.81255131136813,72.49615838488238,72.33529233229739,64.9138175411532,77.37190318611978,71.08434078491494,72.37242994995792,66.93085685944901,71.61825996834621,70.50168754166067,74.19769633841128,72.49833940711858,73.08733120459037,71.74553885103322,73.6774962862894,72.44969632779835,73.14079144273065,67.08266185870184,73.67459008228302,67.38145997261532,75.28294480002472,73.01911622384982,72.70917042880492
1610555735.77NnT5xqKnwcf2BbjIekeb2arTQj6QMNwk,49.70220694171426,69.72203958508933,46.59376109314201,67.39490717265042,57.008181062711984,63.02907107796791,45.848912351316095,45.06681862719037,49.83689949071532,66.7628062542787,68.36515502998992,64.36218955325114,71.76693201612163,0.0,66.71750452985867,63.53999462527105,69.7065922454009,66.90911285923109,59.10968351780126,63.49165108101089,65.16903517441428,71.19182720440773,61.725266577857965,45.22549487979202,63.810878546757024,63.026843432938016,59.114132980780994,66.90432720536359,66.56000826354898,55.84502558281035,63.915715190361055,58.59440995496754,71.07112777905854,68.94590228894026,64.98606930824363,65.38573311033849,66.12027071079541,67.41265904773837,69.58719854285198,66.90650607666093,66.08037869981467,68.60645065051163,66.0031250182327,63.88862939171645,68.71804752728501,68.59877042584344,67.1235543715019,61.59100925755297,65.46228196425582,69.70930424896679,62.02159485298663,59.70988427457495,66.97487079457918,68.6052820002333,63.353834668553844,65.6620657674348,62.656766735053694,63.89686386977617,62.157726658071184,61.56576884472609,68.90200716396221,68.27296703381562,65.70335151691334,67.03509456797624,64.80138545361272,70.88921179081598,64.13367889095225,69.1809409855597
1610555638.33wjf1PhdNaoWfbRzXVn50hmFyB5bYAiLV,68.02708285994962,67.96710896533277,67.69873341843406,66.72281191108684,68.69900806363019,69.42533798610367,67.58889208959584,67.24882628245446,65.9428530576664,69.98793776741897,66.19493659154814,66.06242500620957,71.63105048262817,66.71750452985867,0.0,66.2779491487387,68.41397230283138,64.87274764917979,67.96555786702685,67.64947279775173,64.0245937386676,66.72862285150205,69.76590192791359,67.28225106135912,67.2202282523837,69.50159461834785,67.39619675689973,67.9095109731866,63.884412643645625,69.84470724718155,65.62749991643442,68.13826687881034,71.49550643010019,69.88693066957323,64.0515603080233,64.39158726768889,63.43436813574976,69.37337460399408,69.16565128364302,66.17758717650322,62.00186456263083,65.77328107117204,60.25622993969527,65.20597117019528,62.8849941284255,67.31191598761768,67.24502998851975,67.41976214447249,69.189108523863,70.04473160910374,63.71178683527053,67.38643192314717,69.68314398626093,65.54489152720406,67.29808949201096,70.33121603658823,63.54189897881867,67.40024775857498,66.56554769187893,66.89839730643614,68.59309479369544,64.85607757082578,67.36744934172872,66.74193604644529,67.89989819975564,65.33176411989301,66.29520310405735,68.70851723626632
1610555606.65jCE4ig8Pu8kvAzkxnSGfWsV0nQBjCf8H,63.13728833432935,64.53245759888027,64.74915052146088,61.43430735781901,65.45273651880892,65.87378131936138,64.64776917792393,63.55234856303477,62.80363141445402,63.94212654995446,65.20802316578455,60.190869984582996,69.9297726210919,63.53999462527105,66.2779491487387,0.0,68.06443559285282,65.48108926175617,66.07530639348654,51.95492350441853,60.39123870780446,71.85987986659694,62.31694792345526,64.04240557682067,63.87279943945786,67.88998448979689,61.55529625795675,62.61639573207272,61.34302957384384,63.18220101817146,57.00385530461666,65.8959266899779,66.44987454968468,57.98157673367562,54.73456542283326,57.243146564831676,58.18931774929792,53.34629952079817,65.15442761163072,67.15853886629387,60.5454368009388,66.70932476677213,64.19678461792692,62.843695767691216,63.04813052030994,67.09336531300832,63.88146904482962,61.93994928769409,61.713043602167645,67.9021730766838,55.829571453294676,63.405992092892,62.89657480964054,66.17724463523047,54.902867586689915,67.2468901682775,64.67334412306977,56.87850328745339,59.067477827059626,66.45651579725117,69.10478272404805,67.6924704358263,54.960671423740024,68.44557137656716,56.67206044670732,70.1575777036574,62.33299821273457,68.3116221121205
1610555608.18ONsBCVo1i7BrX0XG9stct4oiA6ejX9Oz,71.44904701582561,67.59886683547393,71.31477085382036,63.074712323980854,71.4433366338752,68.58790911076325,69.62319941348207,70.65690205480223,69.79790486658158,73.79211233856073,49.79195839737063,66.41756035633557,74.74235162726615,69.7065922454009,68.41397230283138,68.06443559285282,0.0,62.57598208572034,68.41880853841396,70.74868298889693,64.38583635304218,68.5859528781808,69.80582732992082,70.57390834108122,66.77860830440149,68.99430043552482,69.85339833109002,66.62946983897162,66.54359559820966,68.73481094865373,70.88339780652423,67.49202825527325,74.7474343207855,69.7993962778803,65.85563027726414,63.31058463186175,68.71091495025215,69.94951808090654,67.1616275547123,69.68506735692532,68.28010381444035,62.18824063799643,68.458090843382,65.3496405653408,64.44777917989393,62.31846388124557,71.91097646810933,69.04703096916681,71.29579188098117,70.33923943144083,67.74681095620363,69.57355331328664,68.36450325601459,66.44464612228755,69.15349559089684,70.0741116050786,65.9116431366586,68.24819660169595,69.61107700724487,68.09413267471307,66.97273933792573,65.90563193323699,66.9458869817113,65.21146421485659,68.260505508582,68.19446674919826,65.49199152043747,67.74554785046708
1610555721.51RNoQUMP19FTMS79BmA3JkgSm2IC2AQuQ,67.29532426482726,52.074327197951725,67.82821960686366,59.66208316486351,67.78390814206297,65.994475326784,67.51117493454177,66.75424644875666,66.40050134391838,68.12852604502478,59.27429460995817,59.929814421598486,69.16538411373462,66.90911285923109,64.87274764917979,65.48108926175617,62.57598208572034,0.0,65.08998139246374,66.67243703503433,61.71060790076771,64.03945547619402,66.84252349272,66.89618698173483,63.91385825035754,67.99583952151843,66.45477625652258,63.13350866069625,62.049479826128206,66.89069187910734,66.90195147596,66.29510439591002,68.63919148358828,65.64149040253433,64.42425119429765,62.314585805913644,67.26688923175148,64.3850149934947,61.286723408072135,66.9753236391162,63.73216649832793,61.026593466475646,65.3179966415615,59.44228539473362,56.16662430870556,50.185508235318125,67.64041468420571,67.72038297303172,67.17437314317405,69.69158558485745,62.39967670305998,67.50839088827091,65.3417351641415,61.80024357575325,67.52677423600953,67.94234750022758,62.39634858779144,65.85632613998312,63.68455955342854,65.1357995839894,62.00987734341793,64.00955987315872,62.593524874047716,63.54651508857235,64.32188096197329,66.20058160695581,65.12028364937623,62.643487068846355
1610555971.86O0cHB2ibBJ8jxoObg01EpGe8VVV5mpwn,57.93173645988361,68.89323589694688,58.884847124820176,64.50568268001587,57.7619631898503,49.246658765295074,59.6968469122739,58.49128202817106,54.40761511478644,70.8093431373352,66.30929754175375,66.51788406866848,73.23196561419739,59.10968351780126,67.96555786702685,66.07530639348654,68.41880853841396,65.08998139246374,0.0,67.93119206715886,65.79767107319694,69.38802831616357,61.35049143839105,58.47893166554522,61.47557243137374,54.18333515439704,59.8568410094465,66.93915608213956,68.56147451984165,59.19510755659461,67.03076292188328,56.214709342675064,73.28149095417501,69.43525480364261,66.88053877513222,66.27563047465787,68.0125212560852,69.32574939110295,67.3380784152972,65.4198337528731,67.1868238792058,68.21170134973917,65.8960169749409,63.11323801661442,68.72430319866722,67.08481940381319,66.38554075372232,61.68768289248243,69.20455539134663,68.67794418826537,63.005947351567826,58.764448083462085,67.67525728301402,67.96711845478087,67.54192544095882,62.33872958036179,62.66144228109797,66.94355659939434,63.315341250586705,56.34649153238879,67.3826592931118,68.79726704513706,68.13171394192865,66.08263875882818,67.20794420032558,70.86418933958282,63.32187350104265,67.47575333642929
1610556911.51zU3duZSGpcw1BDNsBLxdOCITAXwl6z3i,62.58512308681487,66.53380061713227,63.90871775348506,64.25823850227495,64.75041671868296,67.68499290521305,64.9388929735915,62.92550914804086,63.06313921893677,63.71418637377865,68.31841387646068,60.820163715777475,70.58437462914897,63.49165108101089,67.64947279775173,51.95492350441853,70.74868298889693,66.67243703503433,67.93119206715886,0.0,61.13582794880682,72.15158596631434,64.20324004927801,63.02291802862592,66.79261338789105,69.43074227322718,61.122728305939695,64.93224661063822,63.79703753726647,64.8792134738068,59.981186150874514,66.76177499436461,67.13907982617772,61.43425463565018,58.95746277120945,60.9673159715046,57.25226971106983,59.3728232300182,68.5536462831842,69.44569590108314,62.74119901948991,68.02425197366276,64.97855264843642,62.76512254157139,63.88303744880063,69.08254527548554,64.63737950870964,62.43847161088107,61.59650126747637,70.9976430080778,57.79108495621704,66.39727699290009,65.96366400945831,67.87588641715296,57.411147196028246,68.82675977109423,66.1678471051632,58.99096186114722,60.9412162871069,68.17977253183693,70.8246737954183,69.27108856521694,56.6683247117297,69.69467754087715,56.48142351472466,72.38544462597594,64.09333490900225,70.74485681801883
1610555988.71dMoYT8250UHHJGxgmITTmbHe7V6gH1yU,66.70241876622065,66.99768032558603,67.03837131285147,61.243725888401244,67.02816807243306,65.85750884885341,66.86201368243171,66.14506553120268,64.04939173812035,70.32410253326711,61.842356023471325,47.67611967276417,73.49019494970645,65.16903517441428,64.0245937386676,60.39123870780446,64.38583635304218,61.71060790076771,65.79767107319694,61.13582794880682,0.0,63.36381928702187,67.91372583203743,66.35113354583737,64.14964766079842,66.92016845354567,65.92629943361419,55.13347161250759,62.58973381350807,67.95756549542976,66.82716667862142,67.0442215621963,72.35346013070064,65.07788687729735,56.26747535336024,56.51800588550776,61.510031653143734,64.95644300986139,66.01168569867458,66.5431980391382,60.96598891260692,57.796814846615916,62.10681951317875,58.057523362115624,63.87495583162571,63.877259803134336,63.87593413670259,64.28206425068352,67.34047327947582,67.17647153872437,54.167015205761764,63.097431641122945,66.39986278029657,63.81246498705073,63.95104411369597,67.29792574727249,62.55852723105501,55.70113935811436,60.27453493920708,65.43683839805232,64.77640298295472,65.9643491331333,62.201941581651624,64.61024252885824,63.081379182523065,67.0123614054691,61.81964952801478,64.94570530290294
1610556042.81mlUZsSp7gbGjrp8jQSnybT1gPy6e62o1,72.35593719305594,69.10901296683151,72.6051413535602,68.26085740701318,71.91062480096892,70.57497008304823,71.50577326417243,71.97705428801932,70.28933068059797,76.18970045366395,66.50413505467824,64.12135128517176,77.04518749251274,71.19182720440773,66.72862285150205,71.85987986659694,68.5859528781808,64.03945547619402,69.38802831616357,72.15158596631434,63.36381928702187,0.0,72.0039381004655,72.10220704500722,70.49012605006386,71.34925190256246,71.77379110046857,66.04765284000251,69.5604882728139,72.09431117347941,74.60723488522812,69.17407027723566,76.80154401647764,71.98608770126849,70.07935251505079,67.56550420957767,72.01465766829487,71.85686358923142,70.22900680344739,71.78216670046112,70.88160932489727,62.447970692819105,70.87137158949035,66.91481555574238,68.2918180053324,66.97333868092403,72.39925000261366,71.94463937347878,73.71521268359086,73.33316573953977,67.7420812667171,71.31498090289945,72.64691209909658,65.85417442484638,73.9015970833614,71.99690164039576,67.9145886110843,69.44906496767446,69.64535872572763,68.06229073822355,66.55314271303469,65.84542320586101,69.48487253544165,66.0812224305356,70.3495639486575,63.287797673154685,69.64811288198483,68.24980243117889
1610555637.02UBW5nKvDyUrKnaWcYRGajZPxTRDS0q3N,60.3941167770367,66.97306888164368,60.81161064862613,65.8653858223904,53.509198958530376,60.279349799820395,60.967804234706655,61.49422573009277,59.39038946493174,64.72441970109642,67.27610594459624,67.68607327880454,71.10733822734326,61.725266577857965,69.76590192791359,62.31694792345526,69.80582732992082,66.84252349272,61.35049143839105,64.20324004927801,67.91372583203743,72.0039381004655,0.0,61.340221466537585,59.80872724301512,64.07402276659707,50.54756839365303,69.38468636397552,66.50406236410723,56.12857860487306,60.81642371926238,56.45526879015927,69.46623815164516,66.54753858779323,66.92157273030638,65.6942482241621,65.41993982187365,62.40979470659861,65.89975070450097,69.14337275108139,66.248423196175,69.56174359819687,65.55898262598774,67.15220895142492,67.45710062113235,66.54330379634297,65.79411569917535,62.89547343807462,62.489132487181,68.61592879933633,66.58429305209808,60.031299677842306,66.26048977875281,67.99588346390075,62.00412066140741,52.55780171937051,63.17831225243979,66.41815257541548,66.07202816840515,58.10396471093898,68.79536403288836,69.36209763151642,63.51996535132355,67.35870417702644,61.81967313862876,71.82631354228882,65.33776925816385,69.1180573502164
1610555619.13oUYNikU4facCTpUSiSLr0vPI0tJLnXiT,39.52421171240096,69.2003568143925,29.61230865447588,67.64098694928336,56.35401449933527,63.24994323261307,52.381129995268196,23.358890958422883,49.048177854577276,66.09049649616647,69.21673219118797,65.37398666744326,71.1006710800633,45.22549487979202,67.28225106135912,64.04240557682067,70.57390834108122,66.89618698173483,58.47893166554522,63.02291802862592,66.35113354583737,72.10220704500722,61.340221466537585,0.0,64.54291740272423,63.8680708805882,57.55028954023541,68.31925851168468,67.1886284990213,57.469405744287364,63.09694810871285,58.99750833958301,70.26719290943392,69.43250374596315,65.96970216191826,66.36151008736034,67.09231627425564,67.5939579053978,69.87009066781535,67.33527755202526,66.6790465409084,69.79735051229692,66.10557771041395,64.4340963080122,69.21314480132814,69.04251340450793,67.11479723998228,61.725208964848115,65.27254463753815,70.2013367708136,62.62803130123106,60.87233025125029,66.72680607370606,69.18045456645497,63.57531989759623,65.7327262207411,63.82122355830878,65.0052742705969,62.83993416629424,62.16475379981585,69.25253708715366,68.87401626706337,65.65976491864723,67.87320127508458,64.60224814979014,71.27753676001805,64.23257072907435,69.97755338015747
1610555721.03nzkucfjAUh31zTbmCVvTVYqtjoxZFnBh,63.58245981567445,64.77382497211941,64.92285543148974,65.00570810540763,63.6213173497941,61.13376117337387,63.85173941176089,64.16641399009023,62.24186660698695,64.96202404885524,64.63466678603966,65.04631272044986,70.8308129192309,63.810878546757024,67.2202282523837,63.87279943945786,66.77860830440149,63.91385825035754,61.47557243137374,66.79261338789105,64.14964766079842,70.49012605006386,59.80872724301512,64.54291740272423,0.0,63.803503892560094,63.36534126226224,65.33873964074473,65.56754926555091,61.4107857744767,65.2976067690877,60.815034908783296,69.5855066265785,65.96721744258693,64.9374614399653,64.5922635278765,65.81547618716147,64.09457665093615,55.9630444839183,64.68157211979023,66.85204536804828,67.21064665100282,63.58046698508459,63.29473310177926,65.85865828505591,62.48755387190942,66.06136546797019,59.5346063123379,62.85405477741572,68.29838052169026,61.44099767828676,60.67250663684303,64.0285913562306,66.62084398868679,65.5674001054935,58.37994344280487,55.594147529851135,63.765957761390446,62.78154752824162,56.454541844926936,65.94676221372383,66.6238735542259,64.35958638784157,62.7665313962698,62.33196818064684,69.46486999443906,61.62729305584189,65.8540466619129
1610555722.67fhKURdXVzRbLIjXmjRwdJHTnE7PWb1AE,63.38912768000711,71.29303199867117,64.15314231037047,68.14591898095965,63.71201464845556,44.03323811047703,63.94954295735928,63.799279895739566,60.76925483313544,72.57295683085692,67.22620558535534,68.74790229025135,74.29511418719059,63.026843432938016,69.50159461834785,67.88998448979689,68.99430043552482,67.99583952151843,54.18333515439704,69.43074227322718,66.92016845354567,71.34925190256246,64.07402276659707,63.8680708805882,63.803503892560094,0.0,63.775795682185354,69.0901865665487,69.54346176059853,64.06037079989373,69.55507328954356,61.344318304080375,74.44561013170922,71.00433450892005,68.78006208219968,68.26640846110173,69.26322975039305,71.3542898844859,69.8752213033489,68.55729518756061,70.01007595086053,69.2933539766543,68.72213017360484,65.8607856965616,70.1365496836196,68.79498183140704,66.22658641268028,64.58390470911547,71.77806455850244,70.84862175169201,64.67611951365012,63.362311441652786,69.30788711165651,70.52322255074644,69.1539447917985,63.88949707354902,65.48651107176393,68.67245694773175,65.73229926890241,60.61503328312259,69.26738055895939,70.67632758413853,70.63532406495457,67.41317192713537,70.37501296772224,71.79928061031275,65.76994952373255,69.66082247358143
1610555638.39J2ZWBLuLTHP0jOlzB4tNHmYeijH5g5YJ,56.84623117655995,67.99042033051501,58.043293196146706,64.08981935042617,51.8170504411008,61.85116453866974,59.08831803999629,57.23114355468117,55.62932648905845,64.80464066840005,67.04957934497727,65.66224347605655,69.951364145189,59.114132980780994,67.39619675689973,61.55529625795675,69.85339833109002,66.45477625652258,59.8568410094465,61.122728305939695,65.92629943361419,71.77379110046857,50.54756839365303,57.55028954023541,63.36534126226224,63.775795682185354,0.0,68.037983725393,66.85864096671091,59.649547474986946,56.465309006101,59.24550113952462,69.03430573336124,67.27261363876363,65.20914211377554,63.87172052337638,62.64316953356213,65.11083296982362,67.798750475622,66.11800509629633,63.86642611302405,68.49569944550267,63.00146483048952,65.78494530283498,68.30938548604652,68.32860250317901,64.23377809902092,60.64104317238203,62.70826129023595,66.10767599818689,63.80407033126934,56.63902899629701,66.25848353947079,68.33942999956263,60.62391908692976,61.188001212501995,64.7703646098866,65.71934576105336,63.53220672787939,61.21086542184697,69.1639138262997,68.5496205030925,62.88860713564376,67.70267290383507,61.228275489429116,71.30661214306558,61.39247001389064,69.97885364553736
1610556032.17Q6yCDx9g7alRnL9jBFXD2JhhUyB2hKfJ,68.16141425878848,67.52153373459761,68.90385397307932,60.66778896910779,69.07051655389267,67.72008236188877,68.2231528967192,68.08905972874207,66.2170622764862,71.20577720864664,63.89573574570513,54.66908597035584,74.47295855669921,66.90432720536359,67.9095109731866,62.61639573207272,66.62946983897162,63.13350866069625,66.93915608213956,64.93224661063822,55.13347161250759,66.04765284000251,69.38468636397552,68.31925851168468,65.33873964074473,69.0901865665487,68.037983725393,0.0,63.91476138014849,68.88325534718645,69.38040900524487,68.16171365770447,73.41412496251465,63.49517144107484,62.11388523874443,58.98367811893684,65.85484287897148,65.02636223097294,66.00849711782534,66.20344405667302,64.62247527846793,58.79351508311224,63.94701830546634,57.6235999480979,67.18026108161664,65.21923208664847,66.83905165111942,66.24305419563423,68.59404587007242,70.0200806616856,56.593989218525046,65.90312632112258,64.47609162944829,65.4835948878088,67.19078807285985,69.63504848091355,64.59340126763941,60.27477990346857,58.33037808778406,67.77794173297295,63.58709728554372,68.21237908826998,63.34089082228174,65.78232043372027,64.18709183230048,68.28462407428383,63.82155416375921,62.66856243471741
1610557007.49MyVgDnuUuBxrvL6SGOdhKf69VYlW1MSm,66.6608651705497,63.200983692478545,67.70633553436818,62.31477256740532,69.11624925198625,66.55182245476085,67.55766247377834,66.98651569788623,66.27036227524495,65.26080828290539,63.34665876802418,62.35040960408078,68.49142382432093,66.56000826354898,63.884412643645625,61.34302957384384,66.54359559820966,62.049479826128206,68.56147451984165,63.79703753726647,62.58973381350807,69.5604882728139,66.50406236410723,67.1886284990213,65.56754926555091,69.54346176059853,66.85864096671091,63.91476138014849,0.0,67.04293120201493,63.54774814240013,67.28826118597412,66.61857157502055,62.88991456525579,60.547940206703736,59.142559550217186,63.24387247299911,60.047841823264854,64.00521102387157,67.35013433440157,60.393847704907145,63.86703096001629,63.21354381444745,60.627547193619876,60.78527149006781,63.11099952717466,67.62607942181906,66.93622999912178,64.10164700420016,69.54354851326761,61.35298210753565,67.38033988898555,64.43335755024634,62.634408167140954,64.53522693796593,66.93607111022146,64.16578718252227,63.49263589658131,63.706574275988416,66.68496525507571,66.23322856090196,65.37616644700813,57.70471899668172,67.74565384034902,59.44234752600216,66.73718002770428,65.34588855861034,66.03979074247339
