,square,rectangle,parallelogram,losange,isoTrapezoid,kite,rightKite,rustedHinge,hinge,trapezoid,random
square,0.11893024682262562,0.13895321355822454,0.15347890590114396,0.16757109754010746,0.13138577432264234,0.12749877804272958,0.12451582419433603,0.14360258415954502,0.14167614585821328,0.13429959058772417,0.1495904882887632
rectangle,0.13895321355822454,0.12059301162025848,0.1349329613153046,0.15037020057698455,0.15600482557166268,0.14317452458958418,0.14158901736302662,0.1361967184777241,0.13025925587193188,0.14502780273114863,0.1617999135351067
parallelogram,0.153478905901144,0.1349329613153046,0.1287661644924175,0.14145352736316655,0.16494365576851028,0.1577586598313264,0.15285105509088898,0.1454428758563123,0.13916293969483864,0.14902736619051352,0.1627430390519606
losange,0.16757109754010746,0.15037020057698455,0.14145352736316655,0.13254772272325552,0.17089481280697202,0.16969277298917315,0.16544612455100544,0.15158781756675818,0.14803930383058864,0.15349453005118205,0.15586621645981674
isoTrapezoid,0.13138577432264234,0.15600482557166268,0.16494365576851028,0.17089481280697202,0.12199811964347061,0.1333181084839712,0.13145880487646963,0.1573053491422454,0.1570645232840399,0.13767401576105348,0.14649369721383285
kite,0.12749877804272958,0.14317452458958418,0.1577586598313264,0.16969277298917315,0.13331810848397121,0.12089175899993679,0.12588759570453611,0.15252128182783475,0.1508518127439643,0.14323890753197976,0.15662675930355083
rightKite,0.124515824194336,0.14158901736302662,0.15285105509088898,0.16544612455100544,0.13145880487646963,0.12588759570453611,0.12004292052689505,0.14902070608939816,0.14698340266217993,0.13456726334717306,0.15195380480812082
rustedHinge,0.14360258415954502,0.1361967184777241,0.14544287585631233,0.1515878175667582,0.1573053491422454,0.15252128182783475,0.14902070608939816,0.12685856263488984,0.12754726875550831,0.1476870027591434,0.1556984399321984
hinge,0.14167614585821328,0.13025925587193188,0.13916293969483864,0.14803930383058864,0.15706452328403991,0.1508518127439643,0.14698340266217993,0.12754726875550831,0.12438370889728846,0.14497668190186824,0.15550823798259392
trapezoid,0.13429959058772417,0.14502780273114863,0.14902736619051354,0.15349453005118205,0.13767401576105348,0.14323890753197974,0.13456726334717306,0.14768700275914337,0.14497668190186824,0.12474683335051014,0.1387519822026516
random,0.14959048828876323,0.1617999135351067,0.1627430390519606,0.15586621645981674,0.14649369721383285,0.15662675930355086,0.15195380480812082,0.1556984399321984,0.15550823798259392,0.13875198220265159,0.12875071128163254
