,square,rectangle,parallelogram,losange,isoTrapezoid,kite,rightKite,rustedHinge,hinge,trapezoid,random
square,0.1638370084377948,0.18611935172750935,0.1998032841927897,0.2139287934498391,0.17931377322630618,0.17369538155207015,0.17157616611034537,0.19192210732493803,0.18944233682685377,0.18147823809631394,0.1982741723889398
rectangle,0.18611935172750935,0.16288808704872768,0.18012768245939778,0.19474082636515883,0.20577993361158123,0.1907021217320278,0.18977424397643536,0.18174861493697,0.17472914885731108,0.19305434164813567,0.2096764233500365
parallelogram,0.19980328419278964,0.18012768245939775,0.16774381770016025,0.1821987604096707,0.21122739471264465,0.2039964037514954,0.19838311434592323,0.19213735612984428,0.18485919817180346,0.19318597219180014,0.20812007575832348
losange,0.2139287934498391,0.19474082636515883,0.1821987604096707,0.16611958274717514,0.21537680434538967,0.214252145026837,0.21102345892254248,0.19566576233390925,0.19251754769220258,0.19584711016157844,0.1975626262934376
isoTrapezoid,0.17931377322630618,0.20577993361158117,0.21122739471264465,0.21537680434538967,0.1661498740841271,0.1803499444434894,0.17916035672055783,0.20834441323803007,0.20760505277257396,0.18386908048460565,0.19448263319031517
kite,0.17369538155207015,0.19070212173202777,0.2039964037514954,0.214252145026837,0.1803499444434894,0.16389936607451042,0.1718389264810855,0.20076788613935267,0.19896843042995052,0.1908242608628417,0.20469239786895344
rightKite,0.17157616611034537,0.18977424397643539,0.19838311434592323,0.21102345892254248,0.17916035672055783,0.17183892648108554,0.1643534805649508,0.1986255192348453,0.19618134676067622,0.18117126750345425,0.20111009626318924
rustedHinge,0.191922107324938,0.18174861493697,0.19213735612984428,0.19566576233390925,0.20834441323803007,0.20076788613935262,0.19862551923484525,0.1689288148252493,0.170894854272341,0.19719140937094953,0.2040055521977131
hinge,0.18944233682685377,0.17472914885731108,0.1848591981718035,0.1925175476922026,0.20760505277257402,0.19896843042995052,0.19618134676067622,0.17089485427234102,0.16696173675558826,0.19405383191340797,0.20390757072227023
trapezoid,0.18147823809631394,0.19305434164813567,0.19318597219180017,0.19584711016157844,0.18386908048460565,0.1908242608628417,0.18117126750345425,0.19719140937094956,0.19405383191340797,0.16621558799527136,0.18348727025641207
random,0.1982741723889398,0.20967642335003647,0.20812007575832342,0.1975626262934376,0.1944826331903152,0.20469239786895344,0.20111009626318926,0.20400555219771316,0.20390757072227023,0.18348727025641207,0.17018073487532218
