,square,rectangle,parallelogram,losange,isoTrapezoid,kite,rightKite,rustedHinge,hinge,trapezoid,random
square,0.15966487606977306,0.18958043197405433,0.22748264607198085,0.25317009170234633,0.18960137982221453,0.18569712983815043,0.17908428810516056,0.20867807162341137,0.20307334623610213,0.1964774134452272,0.22483434360433607
rectangle,0.18958043197405433,0.15919373533055958,0.20091653753745228,0.23877132184914518,0.22955676336757358,0.20903912846103773,0.20371366204860952,0.19750191712083304,0.18500790252442473,0.21464268588697596,0.24813229464185516
parallelogram,0.22748264607198085,0.20091653753745228,0.17578917516350523,0.20442400446815026,0.2515390374969229,0.24811047836060865,0.22942462608300462,0.22632541666428624,0.21076439051858667,0.21189332073714293,0.2402669352921953
losange,0.2531700917023463,0.23877132184914515,0.20442400446815026,0.17418754054216742,0.2593495098603404,0.26788037139609255,0.24907822111574132,0.24222931269012515,0.23576077789159394,0.21275788745167848,0.22448586653785765
isoTrapezoid,0.18960137982221453,0.22955676336757358,0.25153903749692297,0.2593495098603404,0.16362242713455136,0.19335656469796922,0.187816289405285,0.24092577038669147,0.23841708931852082,0.19843439695573822,0.2136984662581593
kite,0.18569712983815043,0.20903912846103764,0.24811047836060865,0.26788037139609255,0.19335656469796922,0.16480899972815113,0.17982144676759282,0.23538149469193587,0.23223872355563843,0.2250163869943469,0.24824658605089456
rightKite,0.17908428810516056,0.20371366204860952,0.22942462608300462,0.24907822111574132,0.187816289405285,0.17982144676759282,0.1620148458098263,0.2309501648321257,0.2255368049401559,0.19735998604588015,0.23041186906923794
rustedHinge,0.20867807162341134,0.19750191712083304,0.22632541666428624,0.24222931269012515,0.24092577038669147,0.23538149469193587,0.2309501648321257,0.162524593442298,0.16994001882296736,0.22560437773557654,0.23716128918280327
hinge,0.20307334623610213,0.18500790252442473,0.21076439051858667,0.23576077789159394,0.23841708931852076,0.23223872355563843,0.2255368049401559,0.16994001882296736,0.165542478409387,0.21837454630715988,0.23500539185546607
trapezoid,0.19647741344522718,0.21464268588697596,0.21189332073714293,0.2127578874516785,0.19843439695573822,0.2250163869943469,0.19735998604588015,0.22560437773557648,0.21837454630715988,0.16519391870558148,0.18696311022690823
random,0.22483434360433607,0.24813229464185516,0.24026693529219537,0.2244858665378576,0.2136984662581593,0.24824658605089456,0.23041186906923794,0.23716128918280333,0.23500539185546598,0.18696311022690823,0.16869921108718713
