,1610555604.25mOvVXuL01OCiReyVWBfesjuvXmB3MoPy,1610555605.43B6oDsBtWRQ29Q9UMQuTUEPZy3FSSWXzc,1610555610.92HPGJJSmyPM40z7otPBgHalNrHFA7zk5d,1610555606.68LaSQbm9EHAFycEfFtEqAwYqlBsQPjIRW,1610555617.19EKxMEwDHfXiEJZc27TsGoERaD6Da4BZU,1610555722.52PJ3FD50MGhRXyUD28vluU8Z9UjLJLZn4,1610555617.52Ijr5puT55g9apK8auM7zaxa3NANg502t,1610555638.77ZLjTLkz4jYJdFMI2wWBztzsDILkoOtAk,1610556912.46C7tJPLF0XfNnm8f1820X9aLmXMHoc0Dw,1610555617.51LjzIROg0aeCP2GhDcAVQ0LipKJB9jmKc,1610555608.17OpjjHobqRkX0UPcaXrbu7K6L3805SZri,1610555721.82zWeNZfGUUfRJkgnAwlP8VMhPzXctnSd4,1610555735.75bom85BDF0C7W2eIseHeMxi24qR68nzMi,1610555735.77NnT5xqKnwcf2BbjIekeb2arTQj6QMNwk,1610555638.33wjf1PhdNaoWfbRzXVn50hmFyB5bYAiLV,1610555606.65jCE4ig8Pu8kvAzkxnSGfWsV0nQBjCf8H,1610555608.18ONsBCVo1i7BrX0XG9stct4oiA6ejX9Oz,1610555721.51RNoQUMP19FTMS79BmA3JkgSm2IC2AQuQ,1610555971.86O0cHB2ibBJ8jxoObg01EpGe8VVV5mpwn,1610556911.51zU3duZSGpcw1BDNsBLxdOCITAXwl6z3i,1610555988.71dMoYT8250UHHJGxgmITTmbHe7V6gH1yU,1610556042.81mlUZsSp7gbGjrp8jQSnybT1gPy6e62o1,1610555637.02UBW5nKvDyUrKnaWcYRGajZPxTRDS0q3N,1610555619.13oUYNikU4facCTpUSiSLr0vPI0tJLnXiT,1610555721.03nzkucfjAUh31zTbmCVvTVYqtjoxZFnBh,1610555722.67fhKURdXVzRbLIjXmjRwdJHTnE7PWb1AE,1610555638.39J2ZWBLuLTHP0jOlzB4tNHmYeijH5g5YJ,1610556032.17Q6yCDx9g7alRnL9jBFXD2JhhUyB2hKfJ,1610557007.49MyVgDnuUuBxrvL6SGOdhKf69VYlW1MSm,1610555638.44hjT5hbYdKoE3MB6hijrjqbjmLgvCUYKD,1610555608.13zUvmFSCRt6SsLbhqFznMEvGx54GPGQzM,1610556038.62a5C4ynd1AARyAhTv8a58NCqHvXRjscqH,1610555644.45Xse8u7pusHNsd7F3d0A32HXvXr6weOJE,1610556038.62gKXOCG7XCn55eJvyl5voNjbwOW0znQDq,1610555987.13v0oleKK97pkesp6oMgprH8SoSdoDVdIO,1610556964.96ZLLeiQW0qpmxhPGTg7K03fmzkqsC2bjC,1610555987.13VQlEedQ50VvkPMEMzZDv3KNnQCewykN9,1610555982.186TY6MMGkDecIN1woW6vsfAMXVV7jnyjO,1610555982.673LuMndkwkvdmZOn0MmE2Pkidx0FtNalb,1610555733.38zItcuH7gHNfKdALR2d9Nek6bxCyw36Vm,1610556034.15BQxSbZINGCay0yp6RBVlgcPrw76Yn9ON,1610555639.37BPZpgtGml8qUsh9AdV4m32jPLfI2aNFq,1610556965.57S0adAalhWYe6K3bkZU0bRHbqnDK8gGkR,1610555983.54zteLPCMjyrjzPdhHhlZr3faCgD0TfYr3,1610555987.79rHnNRmt9a0ufmnwCvZqBouyUoZDNpylW,1610556960.041xWER61rmArlsKfiMl4frikWmUCnQ7op,1610556035.13a7NHZDutfTMJ88qle1gTYY59Dr4WmMsj,1610556890.456ZBDaY16bMtrTZTqAgHl3wq1tRxzqDow,1610555760.24e6890pkbyZ97Or6croI1rQgjkSsR0yVt,1610556043.02YpWMIJg3W004iqlPyv8OcVAZdSC5rNYw,1610555987.03z05P26TLtONYM1HSzupoc2CeNMa6HTqr,1610556032.15OYCzUxpsz7b10AXBAuDXrvEcvxFhf0M7,1610556032.63Z80yI9pNwS3jSmsDABbuhf8wkNa2Ze9y,1610555736.28eGuESasTXdR3SqY6pHhEXWZtcdciYLCO,1610556034.61bebeZA0MkaFG2sm3VKiqrxeqQginTTW0,1610556944.5XwXOphKYT3ZkWA8gViqOS97VHVuMVUqb,1610556944.745UVLFBzf7fPh4UH37I6tYQOFPqRDytEh,1610556034.63XsUwaFaPZevO1JNFjfhvY4aKNFnV4noV,1610556964.89xwBHw9faT1HjQRMNQEyA4qJ3hWkwgj3k,1610556966.74DydzH91jtyvRyYau47JpVkZoMRSNTt01,1610555740.77UueVziDbaXyRR4OcVJIIZyzOfAzN51bj,1610556046.84e3vwjyRCzqz0wJQhrk8zsxlFfFSv98Df,1610556137.99eoPuVrDThKAOvmeprLPb2FWRqIhzUodc,1610555740.73XFwSrmTXJPlaxGZSefh0jOVA8PI3III1,1610556123.88AOfNaz9jSnqU5Czc7okOv1RCrYfKFBTo,1610556046.85nB7NvyoYQeLcOV391Lmmut1wAM8CFGLw,1610556123.89H4pdIAzDthI7bMXMhlIhKUYIQIvtmPPQ,1610555740.87GOYQUJKpkynIS2lFqppYK4b32ol7NeGh
1610555604.25mOvVXuL01OCiReyVWBfesjuvXmB3MoPy,0.0,1865.83074748287,556.4588743017583,1767.7730724506134,1526.3130998625052,1609.4303909341415,1460.0462755926837,632.1961389702462,1335.2676853143203,1538.7913926228573,2145.050878329688,1732.3008869142586,1895.2163391487309,1210.3630008691707,1995.639924389459,1535.1436750588616,2333.8911584487605,2001.3734770511992,1532.2455968134245,1378.1161444173758,1901.0676777504345,2176.5977619814084,1478.781716138648,636.6428782869613,1733.2418149681741,1742.7684299263444,1381.6408544636267,1832.1286485489493,1857.8226207174848,1445.2433191479347,1506.2746399687153,1667.5062512452275,1768.061990408972,1681.2790838700507,1714.9716146716435,1847.4474243655038,1605.104410406349,1649.1098373325785,1861.9304624381768,1732.1210939217674,1676.145941414476,2115.6146811925905,1814.8848408054748,1597.5620769007787,2017.325553479771,2096.139196151237,1645.2746288343574,1542.1218294411844,1541.801435264107,1891.8732657172739,1430.8680840461084,1525.0076348995403,1853.8393235879605,2109.3955237170608,1366.0177180564694,1685.0359818016266,1880.0886771601652,1521.7331247617906,1414.7530046848844,1756.3501499560386,2179.7157576295917,2261.965748552699,1655.9400563518016,2190.5929065396017,1566.1132571989344,2274.5203022081496,1740.7821810434277,2113.0856967946033
1610555605.43B6oDsBtWRQ29Q9UMQuTUEPZy3FSSWXzc,1865.83074748287,0.0,1827.9492937334662,1949.3215164674148,1936.7373391019382,2007.3640854070968,1905.366336280772,1865.0191426799954,1910.5471521058942,1825.4993135270718,2112.905362053825,2051.7242484695685,1952.2337730826496,1902.4699065331065,2268.188328745795,1948.1505616840466,2308.0730111414364,1080.7188809599513,1997.5700727701228,1778.222364755338,2210.9698680527,2279.572932959174,1911.5721824793043,1845.8987300415833,2069.147061651544,2149.283430743436,1913.9537948748248,2021.2832720198323,2049.6417645315937,1857.054206621902,1963.41315060112,2051.788412724019,1902.2317210316744,1867.809989101942,2024.0301076763792,2175.9268541058186,2008.4594846847122,1915.2371879317218,2025.3857754717217,2237.4524917821386,1955.504499597961,2273.2711411929863,2165.5470316342467,2061.544665145613,1582.0886213177823,1165.4219166935463,2086.7417900835108,2030.8999033068428,1843.6823836013364,2277.574505108969,1902.1695987525643,1988.536557415481,2212.280860071702,2335.1299457941445,1847.2232366572898,2049.474510672109,2067.160707505899,1889.445504088028,1897.7563474657593,2061.337309796793,2301.595722144008,2276.389063747873,1988.6540904308597,2298.9841408119323,1982.0930464257433,2360.8337558198614,2172.6702874183015,2293.897675316583
1610555610.92HPGJJSmyPM40z7otPBgHalNrHFA7zk5d,556.4588743017583,1827.9492937334662,0.0,1725.3451151425081,1457.6059909430767,1587.6458969775151,1413.3403486796713,757.85080520338,1348.422792206165,1492.6329318680785,2108.6426990119608,1791.4000005432986,1857.9340783809625,1217.0858897167295,1976.0688256713877,1490.1194405167696,2298.7186293065893,2043.199253895264,1529.6492908761163,1311.1021679323123,1920.5964863339373,2191.494807321527,1432.1079314041929,792.9571909227947,1684.4236151412117,1708.2363320206248,1333.2750622038552,1784.9745548601506,1819.7586608350466,1395.9475105659299,1459.7993100229123,1635.193399150744,1728.038576310145,1638.8520224318236,1660.7147975950716,1802.321145078527,1562.3300822974054,1606.0765398198257,1823.938496044344,1767.4513010959063,1629.3095641206814,2106.323697981083,1761.8197854276189,1690.7283808892973,1973.8206968818179,2051.5975959698612,1607.9935510996552,1509.6226567931283,1495.7317216202327,1849.145955983425,1496.4316907398945,1483.4896112600986,1815.3934141593245,2076.2217952073956,1313.9409494643996,1641.660595365892,1821.0554352763077,1482.8252364435637,1460.5156585764016,1726.4779107678519,2149.7714141461233,2231.615068131523,1613.1005386064703,2167.228616208776,1520.7311765033046,2277.5569083177543,1697.0174799098083,2089.9376838543462
1610555606.68LaSQbm9EHAFycEfFtEqAwYqlBsQPjIRW,1767.7730724506134,1949.3215164674148,1725.3451151425081,0.0,1876.6746222355112,1972.2438186072184,1879.8344503822295,1765.1730487779448,1777.1832366896476,1832.349237218981,2102.7290855631313,1900.7270855829072,2102.004319492793,1826.5918045314106,2306.3692279284887,1867.8344887478138,2339.7746244001837,2100.651418794104,1936.2515099672196,1711.605555083149,2075.7636185488154,2255.5618570787265,1876.9889604687633,1743.0756139144396,2055.84049741813,2057.871096347538,1746.501620879966,1933.0506123952202,2113.6963248988745,1857.4603146594109,1829.8838931524185,2069.0956985641687,1964.4647571867654,1933.740784314044,1929.5567263376547,2106.0091695918695,1918.099145196543,1948.7357738997898,2004.0778337765935,2171.65024384144,1914.5199611567239,2127.895541683907,2106.663732372773,1877.2678105137754,2080.0076433562103,2163.327641742166,2017.1591783297438,1920.7762824109134,1823.8340004222296,2134.1470212186437,1754.6612181923101,1895.717950375745,2206.0989826951277,2283.0909535798855,1760.4889745739567,2030.150926766653,2130.514800452563,1749.261704699775,1831.5167966540064,2083.780944762644,2272.3111156062596,2440.4861969922204,1887.22338646001,2490.2075394516905,1838.317161616667,2574.8198040047782,2014.1335250033842,2255.5516652022343
1610555617.19EKxMEwDHfXiEJZc27TsGoERaD6Da4BZU,1526.3130998625052,1936.7373391019382,1457.6059909430767,1876.6746222355112,0.0,1780.737992164032,1285.1622969791251,1521.7763785680936,1421.4051558748838,1636.160948117248,2119.3905880144,1950.0690282235057,1974.9007460032049,1558.7173900016974,2026.342347231669,1617.5099621222832,2290.2702412831945,2146.459139808363,1707.2775766974282,1527.4688916394982,2023.2937173413304,2213.2245359601943,1552.2009201902838,1499.0035682679097,1795.1769243521592,1842.7503157609603,1475.6724077835966,1900.2078921163395,1976.869185891019,1413.2614386505124,1651.2874693911215,1601.000517471516,1853.4298746415393,1790.9185030611193,1808.3129712671366,1930.6973819167724,1754.0133688253493,1772.0792322896211,1930.1523136603826,1931.4903994162278,1793.5618984766418,2263.658330651024,1842.2461086953554,1934.8830457817762,2078.8154149248094,2150.0651636008183,1750.3900154061143,1691.2696900581511,1613.1306109265254,1901.8014226772789,1676.8397895798419,1571.2077538045348,1969.7255695224726,2213.3548144090523,1459.4515073565763,1761.9625012797,1814.692130704883,1666.3249769903002,1644.5181967892424,1775.4997354048899,2147.729788886986,2316.1814484703923,1790.8710534113643,2206.03763921219,1679.3986208225003,2364.699127944368,1832.0294341502815,2010.2098171417529
1610555722.52PJ3FD50MGhRXyUD28vluU8Z9UjLJLZn4,1609.4303909341415,2007.3640854070968,1587.6458969775151,1972.2438186072184,1780.737992164032,0.0,1692.3625966568445,1591.5090795586987,1615.7380880427704,1811.2672669972749,2178.688019871068,2013.8982901965815,2068.2446126139107,1612.0424961427664,2218.278565877313,1796.848305681882,2366.3700127515267,2137.8618880481313,1086.7109192770174,1675.2321598373467,2131.5830171233697,2171.615114006203,1661.542700108811,1588.8732945497961,1882.2293533669244,1251.542823242697,1650.1476301069815,2058.3587267717603,2071.3158974402786,1605.1253864172375,1771.7739995465747,1803.1329670618027,2003.3726050775228,1943.0776341093474,1891.7234427680107,2006.5385083073827,1853.3614135492885,1899.4812945698252,2081.9358065253364,2059.944120383968,1959.1930292816828,2291.56917198643,2069.3267193728734,2024.1613938528278,2197.6545869406473,2151.8406502776556,1767.6818815230822,1717.8259523173626,1812.4006977626384,2076.158559411996,1810.8498157074825,1666.5487467833352,2077.1016556238483,2317.182953476724,1651.493770580256,1705.87401605951,2049.058973855449,1804.7597331815887,1776.1738562205583,1722.9140326863387,2312.2142383882483,2408.1631863209195,1893.742883180634,2207.21421278801,1838.6529264646765,2371.6194159529537,1940.9009236927855,2273.560142364571
1610555617.52Ijr5puT55g9apK8auM7zaxa3NANg502t,1460.0462755926837,1905.366336280772,1413.3403486796713,1879.8344503822295,1285.1622969791251,1692.3625966568445,0.0,1496.5874392459198,1402.3355933704809,1636.877353778551,2110.661889931124,1998.6463092144925,1948.2867726676623,1475.830769604983,2048.030960306943,1628.1870362959587,2317.734143694685,2142.0254894602563,1644.029552920799,1532.4580598379257,2077.1844250953427,2274.879077828634,1561.4992182495976,1443.0429480620242,1810.2793668787194,1784.1793311006975,1527.9207436451084,1872.4352573495455,1951.8229272164047,1380.2368278850468,1639.1350165358137,1642.9679818076802,1854.058610183944,1778.481339059377,1785.9617814569397,1918.4231002820673,1751.490633623714,1771.0378375783296,1930.5163112733458,1876.2400220648597,1785.453804105957,2252.9829420873693,1912.7163277397935,1905.1305394652352,2049.3824812386915,2133.521375354539,1760.3654161131824,1702.592517171968,1624.2819634466368,1974.807828560829,1706.5748832503918,1629.1529664391076,1966.2895105955226,2160.9499254210555,1489.200912981391,1715.3626577453174,1899.1076779381535,1659.6978158696259,1669.319172994956,1748.2794005557423,2155.278566547304,2297.6829558885306,1775.2891381607753,2171.1454467933363,1678.6504898610267,2327.737095236361,1859.7966584776834,2102.7763467016994
1610555638.77ZLjTLkz4jYJdFMI2wWBztzsDILkoOtAk,632.1961389702462,1865.0191426799954,757.85080520338,1765.1730487779448,1521.7763785680936,1591.5090795586987,1496.5874392459198,0.0,1390.1964918000306,1538.0495274706298,2157.147611708252,1749.1456533557232,1894.5592013435387,1105.5247091915542,1984.6187827212755,1541.853911455576,2336.5434183482685,2020.8866276138995,1553.4686945727153,1370.3521952894455,1914.1701251483848,2177.251226705386,1479.5021341545867,814.4211518417484,1729.6514796584015,1743.4701996582028,1405.97903134826,1856.0895956198174,1852.997761834889,1444.483457816572,1496.8356185527455,1665.9486348628493,1767.416363189932,1694.7023842715353,1727.7518495982065,1852.850139365976,1602.448256121123,1637.4160260694575,1848.4686299091516,1758.2528595643316,1688.6692114480052,2148.1031653791674,1832.1038835656325,1627.8011426630096,2012.0964076525443,2083.135291649358,1656.5044778905778,1537.9613959960636,1540.8273917875565,1899.6681850437722,1460.9217493956314,1527.0217567307566,1843.2588928520042,2104.095950693211,1371.5196947674335,1690.48430551249,1868.5195566132838,1522.3305539796554,1427.7766206062047,1743.085374936301,2190.3091244145608,2283.5167188421497,1645.64814383863,2203.02339919407,1557.2974993567568,2296.888423773135,1748.0086795185764,2120.7236070578406
1610556912.46C7tJPLF0XfNnm8f1820X9aLmXMHoc0Dw,1335.2676853143203,1910.5471521058942,1348.422792206165,1777.1832366896476,1421.4051558748838,1615.7380880427704,1402.3355933704809,1390.1964918000306,0.0,1600.1957327085574,2160.934205696327,1799.4196070326527,1945.4448480068104,1424.8430151675586,1966.8976496706869,1587.8835437935204,2354.263602313397,2043.6137771214806,1431.3799271753057,1451.075931235265,1875.9939674150653,2189.431233611751,1536.6095705155985,1320.3103208871369,1788.7628727155554,1724.184736684969,1494.9718004158922,1875.222064219236,1907.973050865395,1503.7427162205322,1565.6930938477212,1775.712176967372,1821.7548266016095,1730.5819886318395,1738.7482525422984,1882.8432747670026,1666.5880614064436,1708.0618610598383,1906.7104370879736,1870.122247200518,1759.0937581883447,2138.136557119311,1817.544872113564,1824.7143313698316,2075.0658965678635,2152.4073200959538,1695.545673125729,1543.4974564965776,1601.2024703652162,1962.7918239358646,1536.0060482398949,1548.0187966136057,1901.7567135035954,2157.433493872577,1414.9094742640864,1742.9507771117185,1860.8466396251854,1600.3345738572716,1499.130329586998,1786.3256489261046,2189.0297285596525,2344.5472411204096,1711.6301597152224,2187.108215079416,1630.8304798942129,2332.0448537383068,1805.6866519481619,2090.045890740388
1610555617.51LjzIROg0aeCP2GhDcAVQ0LipKJB9jmKc,1538.7913926228573,1825.4993135270718,1492.6329318680785,1832.349237218981,1636.160948117248,1811.2672669972749,1636.877353778551,1538.0495274706298,1600.1957327085574,0.0,2188.5737038926663,1897.2468617914126,1174.484363030606,1603.8700092074264,2057.3259611383364,1637.5834631163366,2396.717811134174,2039.467806811667,1796.973040699006,1570.1759045725491,2026.990111143114,2241.556314403806,1624.13004903165,1514.598008113972,1834.3001115689315,1929.3904035682187,1600.8129830095745,1913.463328926715,1750.1312134005816,1611.589825232119,1630.2934533250505,1835.9158245631788,902.7327568488272,1776.74084164951,1784.4169320345516,1933.8634013134897,1720.3859349330667,1749.4461139495986,1923.0499646772018,1932.6431873421259,1811.716612430338,2249.5127369047095,1903.9231700289445,1911.63421060018,2056.390635375456,2098.4454685097503,1829.5965576401475,1736.6620222643053,1051.8108639713075,2036.5763508938178,1671.6216717893572,1687.5111112122847,1884.0278034617986,2179.053009068108,1540.955465719616,1808.1958791025218,1965.5451789949732,1644.9399508921938,1687.2191745470336,1876.3462969248087,2213.6090291097216,2338.8340869544654,1598.0035516368732,2319.9063763206514,1448.2095979587832,2367.834015899548,1912.9039019156492,2155.592405865041
1610555608.17OpjjHobqRkX0UPcaXrbu7K6L3805SZri,2145.050878329688,2112.905362053825,2108.6426990119608,2102.7290855631313,2119.3905880144,2178.688019871068,2110.661889931124,2157.147611708252,2160.934205696327,2188.5737038926663,0.0,2276.9071904100847,2412.4969580033944,2177.8264091594588,2472.9092002882635,2112.4666694849707,2107.842633775326,2265.811114815253,2243.0436238906027,2115.976124905895,2339.209664197553,2442.7293882265053,2150.653604298496,2123.7458448005063,2289.7547441852435,2276.6723545905174,2107.2338541330128,2311.420078468523,2358.07928553744,2142.4395867140756,2237.211870731881,2284.912716383069,2307.8037125043884,2218.2948529558817,2247.3686151838065,2390.852356827394,2247.850470266112,2293.3612604155824,2485.8780528877264,2458.5439077410156,2233.2713561299774,2224.5737590080635,2377.302130086362,2357.884468881555,2313.6495300497336,2153.367960550522,2301.3177514391496,2188.932250114122,2195.401783006101,2371.685595997239,2177.497260163057,2230.164673661483,2317.2174743432147,2504.343783815944,2091.565851555459,2237.5859377951874,2333.9372180222654,2174.9484872347457,2224.2792644457977,2277.6350186512946,2626.1352820184684,2491.714761192323,2229.1761410248614,2589.3797981675098,2175.6957887685026,2584.0232222365544,2302.794701687858,2583.04181751642
1610555721.82zWeNZfGUUfRJkgnAwlP8VMhPzXctnSd4,1732.3008869142586,2051.7242484695685,1791.4000005432986,1900.7270855829072,1950.0690282235057,2013.8982901965815,1998.6463092144925,1749.1456533557232,1799.4196070326527,1897.2468617914126,2276.9071904100847,0.0,2126.401828820386,1749.7185505480095,2325.379389595858,1911.9646869719534,2463.8749738482084,1833.0208166745613,1980.0301007656026,1694.2805045080502,1666.9305560295243,1831.3477490563137,1934.3632135737598,1730.8392616683684,2108.660094916487,2113.1684423415186,1877.4640623736425,2141.54507072087,1990.8840860853736,1938.398445999435,1937.0769649356419,2108.230201649105,2008.3187243646066,2003.2497239667127,1972.4976669141925,2028.8101703184102,1985.88573389339,1945.060694937026,2113.2826784905856,2166.6997048836897,2115.1311024368547,2165.4681329248247,2186.7364618333636,1921.4107015049044,2210.136749086528,2232.990310700721,2054.8305690146303,1892.4376557291469,1807.7819093225178,2150.8132520379068,1145.0914156160725,1902.6916188694433,2208.3330047188574,2245.538030127664,1832.4291930538782,2086.4777465740613,2187.651878068431,1752.5346432471813,1701.2372795665835,2142.5316859633817,2373.8596817153352,2487.726410671868,1785.239646149066,2476.2491084286835,1740.9454170266185,2473.015266177655,2052.352092405321,2337.8649538564505
1610555735.75bom85BDF0C7W2eIseHeMxi24qR68nzMi,1895.2163391487309,1952.2337730826496,1857.9340783809625,2102.004319492793,1974.9007460032049,2068.2446126139107,1948.2867726676623,1894.5592013435387,1945.4448480068104,1174.484363030606,2412.4969580033944,2126.401828820386,0.0,1936.9506954979227,2240.684922633631,1903.1738797794349,2614.474827361658,2174.5576831761687,2061.717068655931,1779.1492685254,2259.731917300647,2394.3328238296967,1964.0619110088535,1875.631346196193,2135.0136102643555,2190.0809702591746,1945.4173914450728,2130.8468449049124,1975.0236443456336,1914.9820058350515,1905.9741206806664,2107.2526719910556,798.5296301607566,1838.1425102787302,2025.6938869184544,2170.3341959678332,1977.9746360587242,1829.6680409369528,2207.212128865024,2184.118724391414,2065.6446788000912,2442.023430842645,2146.1515978671896,2123.620317369775,2218.6693362722376,2213.1665692575757,2122.128099324567,2058.73842167818,1576.616507769603,2307.0815421875327,1957.1099801915016,2016.4895154971287,2096.0641012389874,2332.953107255205,1832.962547910928,2116.9429535881754,2262.4067278922535,1927.5828727134297,1972.1972936065304,2136.9595263241135,2373.2867488353086,2495.620177403709,1760.6610149348799,2529.2647808132456,1818.8306284099826,2503.0416768906803,2198.9105324530287,2328.6542638062165
1610555735.77NnT5xqKnwcf2BbjIekeb2arTQj6QMNwk,1210.3630008691707,1902.4699065331065,1217.0858897167295,1826.5918045314106,1558.7173900016974,1612.0424961427664,1475.830769604983,1105.5247091915542,1424.8430151675586,1603.8700092074264,2177.8264091594588,1749.7185505480095,1936.9506954979227,0.0,1992.1701634590563,1608.8004548901613,2374.2869179392706,2048.9617178519234,1561.4866292772845,1432.1353705561653,1970.44846664998,2174.6151209488435,1524.648630985551,1262.6750357952542,1755.0688161592384,1771.8569782782383,1494.588164542657,1909.4651127807897,1905.4437340847064,1474.917637250336,1600.4060278594588,1713.8381696071574,1824.9830809402047,1782.9517156886907,1811.7238167744365,1925.442644823779,1651.3222827836926,1697.821518385036,1903.5264850122694,1883.584051806223,1780.000677961425,2206.0115932368208,1910.7497237071361,1818.0369915948818,2010.8869105057877,2087.1922849100692,1733.1271631303507,1601.3357855436054,1605.8744062250785,1964.1411044699514,1535.799771453591,1564.4629814058078,1942.8918920555325,2138.298751856349,1443.2708339737505,1734.6288471048829,1882.1185902868347,1589.9574048471432,1502.8829049347778,1779.1510453512922,2214.2540006980576,2325.798453770088,1725.2939136749471,2238.079030443668,1615.4196798381845,2310.7098833667037,1820.7845540980034,2135.5625362381465
1610555638.33wjf1PhdNaoWfbRzXVn50hmFyB5bYAiLV,1995.639924389459,2268.188328745795,1976.0688256713877,2306.3692279284887,2026.342347231669,2218.278565877313,2048.030960306943,1984.6187827212755,1966.8976496706869,2057.3259611383364,2472.9092002882635,2325.379389595858,2240.684922633631,1992.1701634590563,0.0,1997.037131453022,2625.1446094683574,2441.212566074277,2182.868110585394,1996.22892386347,2279.7755009475627,2530.473803150994,2096.781678671823,1961.1034830427468,2307.5180199930687,2231.7745059253525,2067.2791206306997,2344.4552664167118,2248.8767503357954,2069.4309243034822,2040.712681940991,2186.186917907491,2188.1271586358866,2190.19777911861,2011.3052195723515,2205.9372671377137,2050.0684691409538,2161.6967309574766,2333.332858324667,2300.4103264919163,1996.299391274541,2466.2679689544484,2105.895129095019,2302.6936097965076,2306.0272452561935,2434.432320095512,2178.5019712822177,2038.081226349074,2153.756533561189,2427.6466021109295,2165.6700355353782,2018.3844548098916,2347.0263901650337,2326.3420014024805,1953.341679546684,2266.536903128653,2196.6179075008936,2109.593350089867,2101.5605834555713,2272.9037029716446,2543.867851222568,2630.3290352629137,2217.43491029104,2573.9774856858676,2140.254036572682,2568.166917400617,2332.1450929031525,2496.558394016518
1610555606.65jCE4ig8Pu8kvAzkxnSGfWsV0nQBjCf8H,1535.1436750588616,1948.1505616840466,1490.1194405167696,1867.8344887478138,1617.5099621222832,1796.848305681882,1628.1870362959587,1541.853911455576,1587.8835437935204,1637.5834631163366,2112.4666694849707,1911.9646869719534,1903.1738797794349,1608.8004548901613,1997.037131453022,0.0,2338.3666397030215,2143.4922462245067,1790.6075326497776,1470.153562225148,1976.6675134256645,2296.770362568212,1669.7499779769332,1505.4139637006062,1873.5616489558745,1916.8039546310576,1601.9861241620442,1908.1192269126202,1909.7306479751444,1669.5348544459414,1625.0903016173138,1862.791804425043,1770.8484008246023,1476.7592172799013,1502.141814971762,1845.1886288777603,1779.4824672705704,1520.0343637770254,1960.195775154212,2013.3795411528952,1697.8855432224188,2255.3448171534515,1964.8274288674947,1923.438447795142,2131.0926298924983,2156.2348842935844,1796.1801200286245,1705.722906411684,1670.6972801066975,2053.6763554581235,1678.6308052852514,1686.0975636041712,1943.6743463408882,2203.9145605047656,1476.088671598777,1837.7768259400175,1984.120617244111,1613.248176172974,1697.6553032696077,1915.9678951442902,2133.2315594970214,2304.0529056232913,1721.9857906436987,2283.610026798983,1755.0911733757086,2252.7247524468057,1899.307049960037,1997.2609698596684
1610555608.18ONsBCVo1i7BrX0XG9stct4oiA6ejX9Oz,2333.8911584487605,2308.0730111414364,2298.7186293065893,2339.7746244001837,2290.2702412831945,2366.3700127515267,2317.734143694685,2336.5434183482685,2354.263602313397,2396.717811134174,2107.842633775326,2463.8749738482084,2614.474827361658,2374.2869179392706,2625.1446094683574,2338.3666397030215,0.0,2412.5709092581214,2414.2350362464763,2323.334858556165,2447.78669628641,2503.035281314492,2299.861029396068,2326.7920528087852,2354.7875615719713,2336.849687617037,2307.4381093520465,2501.08486946474,2446.0313420335874,2301.9838520693556,2364.6384670961634,2344.7490523005563,2530.8165015854943,2473.83592477924,2382.376193115641,2402.532141797747,2414.915280959518,2422.351961393111,2433.6624654403136,2614.6106852121247,2416.5726054333927,2443.2661570255705,2517.8501371035136,2500.4037424171875,2455.7173753249785,2372.2917534001604,2434.6978950315247,2375.657209530216,2361.3093152870665,2404.6994791914926,2388.2273983391024,2438.887238707736,2548.1038363335315,2492.921919233821,2311.717680687935,2352.6634483167677,2437.396740113193,2335.6848731908067,2428.8963220437035,2423.33157456177,2676.0147021323405,2406.2610298309924,2366.324928011336,2487.756226711536,2349.2902551351067,2548.5082243055026,2408.669639325778,2682.986372128425
1610555721.51RNoQUMP19FTMS79BmA3JkgSm2IC2AQuQ,2001.3734770511992,1080.7188809599513,2043.199253895264,2100.651418794104,2146.459139808363,2137.8618880481313,2142.0254894602563,2020.8866276138995,2043.6137771214806,2039.467806811667,2265.811114815253,1833.0208166745613,2174.5576831761687,2048.9617178519234,2441.212566074277,2143.4922462245067,2412.5709092581214,0.0,2098.1653640550844,1992.4414947087969,2177.277892807564,2250.7314471861814,2112.401125992891,1970.5402346111923,2234.6088625657353,2303.8496552696115,2104.2352734791502,2265.5252304515993,2211.502251483003,2074.0327791711825,2176.1577124449523,2234.53666654365,2129.7314024848547,2103.8546996856817,2230.8887017270577,2319.9621813397325,2200.989064872408,2160.7743998681485,2170.152259524637,2362.2134420222696,2183.058918167373,2416.507620962715,2342.0406715658464,2206.7979989464625,1873.4640641210517,1518.0632661973657,2246.2239850412825,2119.681202816039,2055.7545789255164,2401.4127520849315,1841.1104984790063,2138.9925808525836,2394.6103194666143,2469.8066200850067,2058.779512298118,2235.6056205035325,2227.136298934674,2079.0522366452806,1987.1200877311085,2229.731331983866,2444.4380055580245,2423.631911536142,2151.7478549660623,2444.6466786767073,2137.2688186097366,2494.529047256891,2300.8913478933164,2421.0013569836733
1610555971.86O0cHB2ibBJ8jxoObg01EpGe8VVV5mpwn,1532.2455968134245,1997.5700727701228,1529.6492908761163,1936.2515099672196,1707.2775766974282,1086.7109192770174,1644.029552920799,1553.4686945727153,1431.3799271753057,1796.973040699006,2243.0436238906027,1980.0301007656026,2061.717068655931,1561.4866292772845,2182.868110585394,1790.6075326497776,2414.2350362464763,2098.1653640550844,0.0,1662.4314940885959,2061.550942320653,2130.0927714585364,1677.740246768532,1533.7558440343184,1939.5943501987638,1526.5767337962282,1639.705983536509,2041.4334384209421,2069.50201101784,1561.0796737281687,1761.2086477538098,1788.9713906785587,1996.056458355938,1925.1737248224579,1874.553386513809,2023.7811556263123,1840.0488511068475,1891.0451149110181,2053.5225200915115,2050.0549654865977,1929.6935961128265,2318.6648948354937,2037.1305188113772,1973.2927411609376,2177.169598730901,2206.471251482085,1862.8100591269315,1705.5624732992455,1797.4790246439215,2081.934046726476,1759.0308873394915,1661.6474689843608,2089.4832904856526,2298.0898584437996,1636.856877765753,1887.596568352995,2015.0238207373604,1806.6835424853007,1697.7607861984259,1751.6960905902088,2299.975866718704,2429.7653274295913,1896.850782891573,2205.567236979018,1823.976344504305,2408.7366751135946,1916.5149064848906,2255.4900877348036
1610556911.51zU3duZSGpcw1BDNsBLxdOCITAXwl6z3i,1378.1161444173758,1778.222364755338,1311.1021679323123,1711.605555083149,1527.4688916394982,1675.2321598373467,1532.4580598379257,1370.3521952894455,1451.075931235265,1570.1759045725491,2115.976124905895,1694.2805045080502,1779.1492685254,1432.1353705561653,1996.22892386347,1470.153562225148,2323.334858556165,1992.4414947087969,1662.4314940885959,0.0,1820.904610661769,2110.2247181692214,1537.9196811854292,1354.1474056239329,1769.3603924811391,1800.1805923614745,1441.293374972414,1741.8542022492047,1756.51945778907,1503.002067933209,1549.6156736989094,1748.2843051339055,1636.8047089880301,1533.7720464416757,1658.2277312164097,1743.8176064633444,1609.7800716929385,1506.1695174619333,1884.6610967106237,1893.2378983449435,1652.9311127129015,2092.1026395903405,1851.7493441478402,1722.6886933756932,1879.1269998461134,2017.932490462902,1674.1764667489153,1582.4925416909716,1569.6652976818605,1910.5753889561156,1471.8144307288755,1551.606888450343,1891.7175869874147,2112.500699308515,1409.1007955481687,1730.0460277483355,1867.7561554471329,1434.8485823219978,1488.9314204890497,1806.17214688761,2185.197233123429,2230.7923653951652,1523.489490474075,2246.5907540594794,1541.9686201916927,2272.2022226424583,1780.6785370745752,2089.943326165144
1610555988.71dMoYT8250UHHJGxgmITTmbHe7V6gH1yU,1901.0676777504345,2210.9698680527,1920.5964863339373,2075.7636185488154,2023.2937173413304,2131.5830171233697,2077.1844250953427,1914.1701251483848,1875.9939674150653,2026.990111143114,2339.209664197553,1666.9305560295243,2259.731917300647,1970.44846664998,2279.7755009475627,1976.6675134256645,2447.78669628641,2177.277892807564,2061.550942320653,1820.904610661769,0.0,2049.777568490942,2074.1158520516856,1905.3947174491536,2223.0321252614854,2155.906923311237,1980.8090944601943,2169.532376794985,2183.772645537211,2057.4143774732133,2019.656157768924,2203.1041991860275,2149.056029402701,2140.9014927990534,1895.4762353843996,2073.367077623684,2089.220240466664,2088.8785540288177,2211.601835932434,2295.4438733459942,2144.296353803444,2196.606896725356,2254.633574742667,2095.1616554804114,2275.1521667327847,2321.6645221000267,2134.0907135798307,2002.9279391573725,1956.3742134838028,2260.6069530944533,1756.8877511507226,1997.1977488642315,2269.2564433927655,2305.8366082420544,1970.5330308656498,2185.0851516920857,2220.9414137573804,1879.6186491857231,1945.9275184414992,2195.174438375581,2421.17578657263,2539.9786513936597,1972.9717561884795,2442.221865003003,1918.127903683926,2514.495617162199,2177.8619178994863,2385.8201972156203
1610556042.81mlUZsSp7gbGjrp8jQSnybT1gPy6e62o1,2176.5977619814084,2279.572932959174,2191.494807321527,2255.5618570787265,2213.2245359601943,2171.615114006203,2274.879077828634,2177.251226705386,2189.431233611751,2241.556314403806,2442.7293882265053,1831.3477490563137,2394.3328238296967,2174.6151209488435,2530.473803150994,2296.770362568212,2503.035281314492,2250.7314471861814,2130.0927714585364,2110.2247181692214,2049.777568490942,0.0,2026.1529129101773,2177.864294073738,2329.1012446167656,2217.6821357858566,2185.402106095154,2336.2944364278956,2404.1734551217464,1998.0841557235392,2313.162203403408,2027.4862535874463,2336.017225035744,2363.6183207848276,2321.966274350529,2360.2678443878444,2328.7251813130497,2325.9385643217415,2395.5638126636227,2479.0412860719593,2444.4877105176515,2399.5486650509883,2495.9398348369123,2343.7586626494217,2363.0061113219713,2398.9441558418266,2334.6914523883174,2228.765660951273,2096.18308795181,2408.8741666991555,1959.8086223205325,2220.9650583171447,2531.6402689213674,2554.808021025896,2235.9589045347684,2292.0459792939455,2329.98797918164,2159.4827849807757,2113.7925229078364,2034.1971976815921,2495.9081237445134,2693.315748236122,2165.0073723380415,2525.7655783441623,2187.298184540412,2529.9636311257373,2319.1593467234534,2487.483892100703
1610555637.02UBW5nKvDyUrKnaWcYRGajZPxTRDS0q3N,1478.781716138648,1911.5721824793043,1432.1079314041929,1876.9889604687633,1552.2009201902838,1661.542700108811,1561.4992182495976,1479.5021341545867,1536.6095705155985,1624.13004903165,2150.653604298496,1934.3632135737598,1964.0619110088535,1524.648630985551,2096.781678671823,1669.7499779769332,2299.861029396068,2112.401125992891,1677.740246768532,1537.9196811854292,2074.1158520516856,2026.1529129101773,0.0,1455.5459295205192,1669.7850725422556,1750.534829549598,1375.87782831723,1966.9637310274504,1962.7050805524996,1356.5139491553969,1636.936479421606,1532.0853512645183,1841.9398070798204,1811.442066654095,1813.1580913293053,1929.4084799713332,1717.7842656640037,1757.5070015439717,1889.1985539703953,1958.9070602525333,1835.9827964856927,2237.9579074731982,1955.3538912728932,1926.7817839838142,2048.652679525725,2099.936826211693,1635.3213830384534,1664.783817241821,1508.343004748096,1833.2733024703907,1677.02148708722,1577.5491074296522,1974.7757416345435,2193.761414641882,1504.6641029250002,1445.078188172782,1884.253089844267,1632.8069233982155,1643.91910011538,1602.2670263368914,2118.894065331197,2285.7545498118016,1731.642617643297,2145.467369530062,1685.8539243543871,2254.9056718235693,1815.9933368343666,2182.470113183166
1610555619.13oUYNikU4facCTpUSiSLr0vPI0tJLnXiT,636.6428782869613,1845.8987300415833,792.9571909227947,1743.0756139144396,1499.0035682679097,1588.8732945497961,1443.0429480620242,814.4211518417484,1320.3103208871369,1514.598008113972,2123.7458448005063,1730.8392616683684,1875.631346196193,1262.6750357952542,1961.1034830427468,1505.4139637006062,2326.7920528087852,1970.5402346111923,1533.7558440343184,1354.1474056239329,1905.3947174491536,2177.864294073738,1455.5459295205192,0.0,1714.6055054967342,1745.9961352619696,1351.2376856524545,1857.1962585425667,1828.2635038288486,1421.296636532948,1474.932653522357,1651.2823150532777,1747.0464727939543,1642.3107567544432,1675.8167516408353,1815.557139029062,1579.7106115952918,1626.8846459198999,1840.2624786445613,1783.2833466793338,1698.3753609888927,2154.08288965786,1792.0928460598452,1682.6979345767345,2006.1679624925152,2093.6801645611436,1622.4599580051718,1509.7728730389083,1517.699250675422,1894.1679095306192,1394.9022797815592,1507.9873491165245,1825.4524849446782,2080.3954366305798,1338.9050923633324,1670.8645715770103,1878.7344206346115,1497.716351204301,1397.513689597015,1722.5112719965582,2151.5245743877977,2247.78380187962,1629.936632581465,2177.661943145565,1542.709323558012,2275.145510775576,1726.3106985291693,2084.4608309183777
1610555721.03nzkucfjAUh31zTbmCVvTVYqtjoxZFnBh,1733.2418149681741,2069.147061651544,1684.4236151412117,2055.84049741813,1795.1769243521592,1882.2293533669244,1810.2793668787194,1729.6514796584015,1788.7628727155554,1834.3001115689315,2289.7547441852435,2108.660094916487,2135.0136102643555,1755.0688161592384,2307.5180199930687,1873.5616489558745,2354.7875615719713,2234.6088625657353,1939.5943501987638,1769.3603924811391,2223.0321252614854,2329.1012446167656,1669.7850725422556,1714.6055054967342,0.0,1979.0967543367217,1773.758435710803,2141.8631969016647,2160.534345864417,1748.483429582264,1859.9566367601028,1974.8142136922124,2020.1027891315475,2006.8991981385593,2003.8311963215235,2124.0814149020994,1951.6416864411008,1974.80514429085,1972.9096004951043,2128.53808032679,2046.4901636685752,2378.1963566210434,2105.6975106876707,2095.811200325239,2174.7773549432573,2157.7946924716607,1943.0689209551526,1797.703692551615,1753.498652554985,2152.4954785550262,1892.3461624012475,1823.5812718004663,2165.9756077961574,2377.6431876274237,1734.093058086131,1707.6902300284323,1866.1343054086067,1884.1469900198426,1868.0326170810292,1791.5897937704299,2344.7434123904586,2414.676369410347,1940.4807158353628,2221.9937290357,1939.0726927484388,2378.8006096121217,2080.2386869553006,2381.6622024026983
1610555722.67fhKURdXVzRbLIjXmjRwdJHTnE7PWb1AE,1742.7684299263444,2149.283430743436,1708.2363320206248,2057.871096347538,1842.7503157609603,1251.542823242697,1784.1793311006975,1743.4701996582028,1724.184736684969,1929.3904035682187,2276.6723545905174,2113.1684423415186,2190.0809702591746,1771.8569782782383,2231.7745059253525,1916.8039546310576,2336.849687617037,2303.8496552696115,1526.5767337962282,1800.1805923614745,2155.906923311237,2217.6821357858566,1750.534829549598,1745.9961352619696,1979.0967543367217,0.0,1767.1336551768468,2162.100356164453,2168.676018264476,1745.6191237818284,1890.2527332738737,1868.8281700092418,2114.448809168129,2053.295265885007,2019.2199600312272,2089.4408524663013,1967.3985177489303,2016.3980824224348,2126.7177467776287,2134.5615936194085,2057.8210048362503,2283.658957266138,2158.9863250029557,2079.7790252483223,2279.229745930197,2251.4609063275534,1870.2237263623213,1843.1740806913601,1930.4530811161692,2139.671222645791,1905.4237569943627,1799.643465337704,2123.9285867929757,2347.7945628687744,1782.3385268752397,1789.7735383363454,2083.0805856294664,1922.0303883388463,1873.8859795391484,1782.1162985607943,2336.4549787682067,2421.9474799152476,2007.1590010055006,2247.978437273129,1955.754893608166,2362.5902397353293,2013.9157779972707,2297.401923524814
1610555638.39J2ZWBLuLTHP0jOlzB4tNHmYeijH5g5YJ,1381.6408544636267,1913.9537948748248,1333.2750622038552,1746.501620879966,1475.6724077835966,1650.1476301069815,1527.9207436451084,1405.97903134826,1494.9718004158922,1600.8129830095745,2107.2338541330128,1877.4640623736425,1945.4173914450728,1494.588164542657,2067.2791206306997,1601.9861241620442,2307.4381093520465,2104.2352734791502,1639.705983536509,1441.293374972414,1980.8090944601943,2185.402106095154,1375.87782831723,1351.2376856524545,1773.758435710803,1767.1336551768468,0.0,1896.4834932376166,1906.4120479136645,1488.2450861373295,1548.856757281713,1595.2601290758125,1822.2731829816548,1740.053361196311,1757.9759110769792,1884.0633687926716,1661.76011656707,1705.2524079665375,1904.9392630495427,1922.955737541529,1731.5916401823577,2189.1494611020125,1837.4848935800906,1863.467841387406,2052.411551019475,2124.787342141633,1565.2079547592439,1621.840266229787,1605.9946533249479,1457.1726297403713,1595.5292028128122,1534.1471065543792,1897.4249523089634,2177.0503513271115,1461.3651159624137,1705.4568775656726,1874.712352783872,1553.2797086509458,1563.346571624476,1734.8379143221787,2162.618683516946,2223.946220517269,1697.5966661189298,2216.7470173642982,1637.0276067572534,2336.9590023915202,1484.6436850146947,2117.357637288351
1610556032.17Q6yCDx9g7alRnL9jBFXD2JhhUyB2hKfJ,1832.1286485489493,2021.2832720198323,1784.9745548601506,1933.0506123952202,1900.2078921163395,2058.3587267717603,1872.4352573495455,1856.0895956198174,1875.222064219236,1913.463328926715,2311.420078468523,2141.54507072087,2130.8468449049124,1909.4651127807897,2344.4552664167118,1908.1192269126202,2501.08486946474,2265.5252304515993,2041.4334384209421,1741.8542022492047,2169.532376794985,2336.2944364278956,1966.9637310274504,1857.1962585425667,2141.8631969016647,2162.100356164453,1896.4834932376166,0.0,2092.577241355611,1914.1324551025389,1958.9580163788585,2116.9294226544916,2023.8403998382978,1921.324547937629,2050.510652278552,2096.4508129713818,2028.7999854143138,1911.5871960424392,2141.5326766462067,2192.7327155489925,2106.6241602047244,2158.523137695744,2128.712453976476,1984.468736455741,2219.6062509462404,2210.2628926481434,2060.7089334530147,2039.9347358977552,1908.9414785841518,2237.836880189791,1975.0122153260186,1911.3292295921574,2319.0696643042997,2418.388141096594,1844.6540447152438,2130.61265286586,2144.707155458804,1774.5527182847277,1870.3271302959022,2163.4368169190175,2276.4910330495745,2573.526677259729,1901.8774432957555,2417.8073895174584,1902.8324403287882,2482.6596856786778,2152.17235670526,2236.039319423707
