,square,rectangle,parallelogram,losange,isoTrapezoid,kite,rightKite,rustedHinge,hinge,trapezoid,random
square,0.0,30.256982838078944,40.45079799502862,46.698229399170685,25.938306700159337,20.004430665989876,18.01220181570166,31.886805119356328,31.695470941874525,26.993521771573324,39.12154723702372
rectangle,30.256982838078944,0.0,22.87903105027721,34.45948843175217,44.56055478302522,35.46645547080112,35.344388936288674,24.388991832137577,18.722401710189754,33.71389010784381,46.803919134637184
parallelogram,40.45079799502862,22.87903105027721,0.0,22.128916327886632,49.45152935999756,44.94347093754352,42.782710457474224,31.8129948076767,25.613148422189962,33.303247533368804,45.05217102397918
losange,46.698229399170685,34.45948843175217,22.128916327886632,0.0,50.11678634106659,49.70340736852773,48.09054024650029,37.23938809543626,33.27615719899584,33.320662709187154,38.311023586358345
isoTrapezoid,25.938306700159337,44.56055478302522,49.45152935999756,50.11678634106659,0.0,24.890212157908866,23.646284466085543,44.013187967506894,44.786806953120276,27.971862437647186,33.24490793504304
kite,20.004430665989876,35.46645547080112,44.94347093754352,49.70340736852773,24.890212157908866,0.0,17.428663466906638,37.63964611210369,38.82557441837179,34.711361622414614,42.918869412852196
rightKite,18.01220181570166,35.344388936288674,42.782710457474224,48.09054024650029,23.646284466085543,17.428663466906638,0.0,37.44440932145597,38.289490580964696,27.88650917856011,40.67477062148891
rustedHinge,31.886805119356328,24.388991832137577,31.8129948076767,37.23938809543626,44.013187967506894,37.63964611210369,37.44440932145597,0.0,11.500741073919418,35.894015857099866,44.236118134566695
hinge,31.695470941874525,18.722401710189754,25.613148422189962,33.27615719899584,44.786806953120276,38.82557441837179,38.289490580964696,11.500741073919418,0.0,33.468266684336626,43.164006035478
trapezoid,26.993521771573324,33.71389010784381,33.303247533368804,33.320662709187154,27.971862437647186,34.711361622414614,27.88650917856011,35.894015857099866,33.468266684336626,0.0,23.988048483548965
random,39.12154723702372,46.803919134637184,45.05217102397918,38.311023586358345,33.24490793504304,42.918869412852196,40.67477062148891,44.236118134566695,43.164006035478,23.988048483548965,0.0
