,square,rectangle,parallelogram,losange,isoTrapezoid,kite,rightKite,rustedHinge,hinge,trapezoid,random
square,0.0,46.17938343897515,62.07239320541586,71.21006511427758,41.375741307154335,33.18055458609582,29.08287833496132,46.954961640848666,47.137929359126225,42.08219064360246,60.73147758337298
rectangle,46.17938343897515,0.0,31.498178733356784,49.97811959252873,69.74053997235883,57.50022558337633,55.37254982688227,35.13639118917665,25.546063496038364,49.582913052226885,71.15568717221137
parallelogram,62.07239320541586,31.498178733356784,0.0,30.696219674769036,77.80630921278689,72.26002715962885,67.65157406039063,46.54843903221805,35.293680862764,49.83141431928792,69.943706791683
losange,71.21006511427758,49.97811959252873,30.696219674769036,0.0,77.96266172396821,79.31898526256353,74.98649019757987,56.51415561299692,48.427386695425724,48.09199444746367,59.01096138043482
isoTrapezoid,41.375741307154335,69.74053997235883,77.80630921278689,77.96266172396821,0.0,40.36937196216024,36.82983790943538,67.13587319984644,68.4346084243637,44.62830771685675,50.467806041987764
kite,33.18055458609582,57.50022558337633,72.26002715962885,79.31898526256353,40.36937196216024,0.0,26.60793290407599,55.90434034103887,59.54204381692883,57.029908555567744,67.42612550394182
rightKite,29.08287833496132,55.37254982688227,67.65157406039063,74.98649019757987,36.82983790943538,26.60793290407599,0.0,53.380616511305156,56.136725681977325,45.8047368272071,63.46632380209535
rustedHinge,46.954961640848666,35.13639118917665,46.54843903221805,56.51415561299692,67.13587319984644,55.90434034103887,53.380616511305156,0.0,18.637781298362125,52.98790822618727,67.91373692327308
hinge,47.137929359126225,25.546063496038364,35.293680862764,48.427386695425724,68.4346084243637,59.54204381692883,56.136725681977325,18.637781298362125,0.0,47.44965685670764,65.12167106310235
trapezoid,42.08219064360246,49.582913052226885,49.83141431928792,48.09199444746367,44.62830771685675,57.029908555567744,45.8047368272071,52.98790822618727,47.44965685670764,0.0,35.53605823004086
random,60.73147758337298,71.15568717221137,69.943706791683,59.01096138043482,50.467806041987764,67.42612550394182,63.46632380209535,67.91373692327308,65.12167106310235,35.53605823004086,0.0
