,square,rectangle,parallelogram,losange,isoTrapezoid,kite,rightKite,rustedHinge,hinge,trapezoid,random
square,0.0,265.0359308134649,352.5450409849808,416.7296802678672,213.83585168262562,187.87260846926492,158.65361353491596,294.0981997939567,281.37405787918965,238.17281336233557,329.84010292862945
rectangle,265.0359308134649,0.0,224.82403661704416,329.5862747544562,362.6961517695071,295.39148556419457,287.638790498325,237.84526355582457,188.6589047000736,299.7599220324461,382.94328262161883
parallelogram,352.5450409849808,224.82403661704416,0.0,221.93451600542423,397.9565117184557,373.52384603601985,345.83493498274424,289.43362973877083,247.8442210763693,295.22264731455556,363.76443427939944
losange,416.7296802678672,329.5862747544562,221.93451600542423,0.0,420.3415027894328,422.5602426051284,402.2906033655641,326.38217335575433,310.51253423549866,313.42047480684266,321.27533757872214
isoTrapezoid,213.83585168262562,362.6961517695071,397.9565117184557,420.3415027894328,0.0,224.6303000137511,207.90279170176822,362.9684046558868,363.4098260215248,246.9111680094148,297.99923761760164
kite,187.87260846926492,295.39148556419457,373.52384603601985,422.5602426051284,224.6303000137511,0.0,161.6646658201093,343.05773032323094,337.0702790493942,306.23111319142276,367.98446881235026
rightKite,158.65361353491596,287.638790498325,345.83493498274424,402.2906033655641,207.90279170176822,161.6646658201093,0.0,328.06135499881094,319.03156397575253,236.59856636053675,340.2339255874194
rustedHinge,294.0981997939567,237.84526355582457,289.43362973877083,326.38217335575433,362.9684046558868,343.05773032323094,328.06135499881094,0.0,97.11981683459257,307.80926018660904,336.67959687172026
hinge,281.37405787918965,188.6589047000736,247.8442210763693,310.51253423549866,363.4098260215248,337.0702790493942,319.03156397575253,97.11981683459257,0.0,292.51009089338,338.7028432766924
trapezoid,238.17281336233557,299.7599220324461,295.22264731455556,313.42047480684266,246.9111680094148,306.23111319142276,236.59856636053675,307.80926018660904,292.51009089338,0.0,215.31767549330777
random,329.84010292862945,382.94328262161883,363.76443427939944,321.27533757872214,297.99923761760164,367.98446881235026,340.2339255874194,336.67959687172026,338.7028432766924,215.31767549330777,0.0
