,square,rectangle,parallelogram,losange,isoTrapezoid,kite,rightKite,rustedHinge,hinge,trapezoid,random
square,0.0,3.503027259688096e-05,9.885333320147627e-05,0.00011904973771892369,0.00011616134284420099,0.00011749000056104908,9.925671596155983e-05,0.00012752160682949487,0.00012138061005306788,0.00012383785645120327,0.00015419347736000955
rectangle,3.503027259688096e-05,0.0,8.309107939197258e-05,0.00011157839174391615,0.0001373936681696719,0.0001297243067709397,0.00011565958897985507,0.0001254534195557211,0.00011380623903567422,0.00013102400671460845,0.00016387811192142276
parallelogram,9.885333320147627e-05,8.309107939197258e-05,1.1102230246251565e-16,2.57649438148988e-05,0.00012099335320192584,0.0001070917940160232,0.00010212563469813585,0.0001037950352179573,9.105184385849174e-05,7.021528668149646e-05,0.00010324407408024427
losange,0.00011904973771892369,0.00011157839174391615,2.57649438148988e-05,0.0,0.00012991796878525363,0.00011879492315047813,0.00011372814042398538,0.00011223822524919491,0.00010535792736521277,7.172449400738579e-05,8.910072373802258e-05
isoTrapezoid,0.00011616134284420099,0.0001373936681696719,0.00012099335320192584,0.00012991796878525363,0.0,6.438267674691023e-05,5.675264522242429e-05,0.00010676103598061815,0.00010174403335183602,5.895598396199464e-05,8.679765714825205e-05
kite,0.00011749000056104908,0.0001297243067709397,0.0001070917940160232,0.00011879492315047813,6.438267674691023e-05,1.1102230246251565e-16,2.332505760427317e-05,8.709957667141222e-05,7.830566514577253e-05,8.431966989441708e-05,8.876636137100657e-05
rightKite,9.925671596155983e-05,0.00011565958897985507,0.00010212563469813585,0.00011372814042398538,5.675264522242429e-05,2.332505760427317e-05,0.0,7.394182923370352e-05,6.76896865373644e-05,7.325923408818547e-05,8.239115679942177e-05
rustedHinge,0.00012752160682949487,0.0001254534195557211,0.0001037950352179573,0.00011223822524919491,0.00010676103598061815,8.709957667141222e-05,7.394182923370352e-05,1.1102230246251565e-16,1.3505260178847678e-05,0.00010459586127764542,8.915033781486947e-05
hinge,0.00012138061005306788,0.00011380623903567422,9.105184385849174e-05,0.00010535792736521277,0.00010174403335183602,7.830566514577253e-05,6.76896865373644e-05,1.3505260178847678e-05,0.0,9.42120032679794e-05,8.032881284392168e-05
trapezoid,0.00012383785645120327,0.00013102400671460845,7.021528668149646e-05,7.172449400738579e-05,5.895598396199464e-05,8.431966989441708e-05,7.325923408818547e-05,0.00010459586127764542,9.42120032679794e-05,0.0,5.403340735976592e-05
random,0.00015419347736000955,0.00016387811192142276,0.00010324407408024427,8.910072373802258e-05,8.679765714825205e-05,8.876636137100657e-05,8.239115679942177e-05,8.915033781486947e-05,8.032881284392168e-05,5.403340735976592e-05,0.0
