,square,rectangle,parallelogram,losange,isoTrapezoid,kite,rightKite,rustedHinge,hinge,trapezoid,random
square,0.0,0.0303886499466135,0.08404185441288392,0.10259356434715272,0.11531166933417869,0.10837447143100298,0.0886911230178431,0.12676270344953966,0.11688707665588238,0.11063436388590298,0.14871654025191094
rectangle,0.0303886499466135,0.0,0.07499653241493875,0.09862938536390142,0.1366858123260336,0.1210538232804369,0.10534895045579995,0.12951605953377754,0.11405834154714234,0.12003276337062951,0.16000701253682725
parallelogram,0.08404185441288392,0.07499653241493875,0.0,0.014881557215655317,0.10696273103340392,0.08524354672966483,0.08227164029456291,0.08795420438093626,0.07291648335872447,0.061465195791354676,0.09389605781290389
losange,0.10259356434715272,0.09862938536390142,0.014881557215655317,0.0,0.11803194235499892,0.09794057223134545,0.09384736289453632,0.09478201821396437,0.0842943847150438,0.06576933326265277,0.08463058344625796
isoTrapezoid,0.11531166933417869,0.1366858123260336,0.10696273103340392,0.11803194235499892,0.0,0.04346779689434033,0.04324834559918278,0.08855739407706587,0.07441320530067275,0.04563704204225394,0.06484772575422282
kite,0.10837447143100298,0.1210538232804369,0.08524354672966483,0.09794057223134545,0.04346779689434033,0.0,0.014654999181762163,0.06001038522946833,0.04486553615155919,0.05507569672421153,0.05556281619179371
rightKite,0.0886911230178431,0.10534895045579995,0.08227164029456291,0.09384736289453632,0.04324834559918278,0.014654999181762163,0.0,0.04704805859574823,0.03913184115689172,0.05710786209147789,0.05721068673418839
rustedHinge,0.12676270344953966,0.12951605953377754,0.08795420438093626,0.09478201821396437,0.08855739407706587,0.06001038522946833,0.04704805859574823,0.0,0.013176863316912035,0.08846731190977386,0.06504360023118727
hinge,0.11688707665588238,0.11405834154714234,0.07291648335872447,0.0842943847150438,0.07441320530067275,0.04486553615155919,0.03913184115689172,0.013176863316912035,0.0,0.06985880253509313,0.05084162798408509
trapezoid,0.11063436388590298,0.12003276337062951,0.061465195791354676,0.06576933326265277,0.04563704204225394,0.05507569672421153,0.05710786209147789,0.08846731190977386,0.06985880253509313,0.0,0.045104968917037525
random,0.14871654025191094,0.16000701253682725,0.09389605781290389,0.08463058344625796,0.06484772575422282,0.05556281619179371,0.05721068673418839,0.06504360023118727,0.05084162798408509,0.045104968917037525,0.0
