,square,rectangle,parallelogram,losange,isoTrapezoid,kite,rightKite,rustedHinge,hinge,trapezoid,random
square,0.0,1.0225804122354631e-05,3.89496154196145e-05,4.916578642732983e-05,3.99331041562867e-05,4.3008617586215436e-05,3.6134275979815556e-05,4.969952904199104e-05,4.627784009070268e-05,4.716090420009422e-05,6.182658292908094e-05
rectangle,1.0225804122354631e-05,1.1102230246251565e-16,2.962997264832623e-05,4.283308678576514e-05,5.000400794652471e-05,4.7094521295587555e-05,4.174133051682016e-05,4.660380737875336e-05,4.115403260995798e-05,5.0442895700331114e-05,6.528954524354091e-05
parallelogram,3.89496154196145e-05,2.962997264832623e-05,1.1102230246251565e-16,1.0956117168503532e-05,4.7512381007530635e-05,4.397250792231855e-05,4.1016556945550064e-05,4.217594141853187e-05,3.693828876771832e-05,2.7401660884218693e-05,4.2669907313275246e-05
losange,4.916578642732983e-05,4.283308678576514e-05,1.0956117168503532e-05,0.0,5.192543814358519e-05,5.053688014200475e-05,4.7475081315195844e-05,4.722472308371639e-05,4.4467808686610155e-05,2.8699928000586183e-05,3.59131128343515e-05
isoTrapezoid,3.99331041562867e-05,5.000400794652471e-05,4.7512381007530635e-05,5.192543814358519e-05,1.1102230246251565e-16,2.524151520244544e-05,2.1615557208698455e-05,4.557328766752189e-05,4.429940593775328e-05,2.2152992599333565e-05,3.538158041838102e-05
kite,4.3008617586215436e-05,4.7094521295587555e-05,4.397250792231855e-05,5.053688014200475e-05,2.524151520244544e-05,0.0,8.899343699630968e-06,3.798946645916512e-05,3.505842348150434e-05,3.590943439546468e-05,3.9375437003941194e-05
rightKite,3.6134275979815556e-05,4.174133051682016e-05,4.1016556945550064e-05,4.7475081315195844e-05,2.1615557208698455e-05,8.899343699630968e-06,0.0,3.2258348545810556e-05,3.017343332334388e-05,2.8981994882326667e-05,3.5305291843590325e-05
rustedHinge,4.969952904199104e-05,4.660380737875336e-05,4.217594141853187e-05,4.722472308371639e-05,4.557328766752189e-05,3.798946645916512e-05,3.2258348545810556e-05,0.0,4.474623747641182e-06,4.390120090003169e-05,3.8850070767759703e-05
hinge,4.627784009070268e-05,4.115403260995798e-05,3.693828876771832e-05,4.4467808686610155e-05,4.429940593775328e-05,3.505842348150434e-05,3.017343332334388e-05,4.474623747641182e-06,0.0,4.064665729286432e-05,3.5746361728428155e-05
trapezoid,4.716090420009422e-05,5.0442895700331114e-05,2.7401660884218693e-05,2.8699928000586183e-05,2.2152992599333565e-05,3.590943439546468e-05,2.8981994882326667e-05,4.390120090003169e-05,4.064665729286432e-05,0.0,2.0714421463119415e-05
random,6.182658292908094e-05,6.528954524354091e-05,4.2669907313275246e-05,3.59131128343515e-05,3.538158041838102e-05,3.9375437003941194e-05,3.5305291843590325e-05,3.8850070767759703e-05,3.5746361728428155e-05,2.0714421463119415e-05,0.0
