,square,rectangle,parallelogram,losange,isoTrapezoid,kite,rightKite,rustedHinge,hinge,trapezoid,random
square,0.0,4.753580765570753e-06,1.7814741778088283e-05,2.2342024375232583e-05,1.3913293165801477e-05,1.730022390356023e-05,1.4543545554968063e-05,1.9896007781294855e-05,1.855699689701229e-05,1.9384353015072797e-05,2.5986340923878082e-05
rectangle,4.753580765570753e-06,0.0,1.2879378495256333e-05,1.892397500535825e-05,1.9864143273928825e-05,2.0204886874042316e-05,1.7876998593902016e-05,1.8282969619809464e-05,1.592683924334093e-05,2.1680458266670755e-05,2.8994062853726632e-05
parallelogram,1.7814741778088283e-05,1.2879378495256333e-05,1.1102230246251565e-16,5.569296990026729e-06,2.0142253926325182e-05,2.1819663221234187e-05,1.9242457260260082e-05,1.828371611389823e-05,1.5623220809168892e-05,1.2825604494004494e-05,2.0616678810925215e-05
losange,2.2342024375232583e-05,1.892397500535825e-05,5.569296990026729e-06,0.0,2.2354351483677704e-05,2.5166109690388794e-05,2.244831782693968e-05,2.0914508998215453e-05,1.946841990130288e-05,1.3654586568323523e-05,1.719633399699383e-05
isoTrapezoid,1.3913293165801477e-05,1.9864143273928825e-05,2.0142253926325182e-05,2.2354351483677704e-05,1.1102230246251565e-16,1.0066630144356381e-05,8.912821393258774e-06,1.978810210612192e-05,1.94408388197731e-05,9.16483659207934e-06,1.49809848837279e-05
kite,1.730022390356023e-05,2.0204886874042316e-05,2.1819663221234187e-05,2.5166109690388794e-05,1.0066630144356381e-05,1.1102230246251565e-16,4.056543284725045e-06,1.805882513006285e-05,1.6920506823558945e-05,1.7193773032886384e-05,1.9475078178232685e-05
rightKite,1.4543545554968063e-05,1.7876998593902016e-05,1.9242457260260082e-05,2.244831782693968e-05,8.912821393258774e-06,4.056543284725045e-06,0.0,1.5853988759695348e-05,1.4930274250923858e-05,1.2675495417280302e-05,1.653344406193913e-05
rustedHinge,1.9896007781294855e-05,1.8282969619809464e-05,1.828371611389823e-05,2.0914508998215453e-05,1.978810210612192e-05,1.805882513006285e-05,1.5853988759695348e-05,1.1102230246251565e-16,1.8568908690674846e-06,1.9172231248254512e-05,1.7663410541324254e-05
hinge,1.855699689701229e-05,1.592683924334093e-05,1.5623220809168892e-05,1.946841990130288e-05,1.94408388197731e-05,1.6920506823558945e-05,1.4930274250923858e-05,1.8568908690674846e-06,0.0,1.7674012336099665e-05,1.6347912405123566e-05
trapezoid,1.9384353015072797e-05,2.1680458266670755e-05,1.2825604494004494e-05,1.3654586568323523e-05,9.16483659207934e-06,1.7193773032886384e-05,1.2675495417280302e-05,1.9172231248254512e-05,1.7674012336099665e-05,0.0,9.32027419386916e-06
random,2.5986340923878082e-05,2.8994062853726632e-05,2.0616678810925215e-05,1.719633399699383e-05,1.49809848837279e-05,1.9475078178232685e-05,1.653344406193913e-05,1.7663410541324254e-05,1.6347912405123566e-05,9.32027419386916e-06,0.0
