,square,rectangle,parallelogram,losange,isoTrapezoid,kite,rightKite,rustedHinge,hinge,trapezoid,random
square,0.0,6.130000559378956e-07,1.4883370811347163e-06,2.2766808683849504e-06,6.970974774089811e-07,7.079210663230029e-07,6.342646376999994e-07,1.259640756923197e-06,1.0664534239035461e-06,8.909833507653175e-07,1.671807508096812e-06
rectangle,6.130000559378956e-07,1.1102230246251565e-16,7.553127086001865e-07,1.6736153023444444e-06,1.5889629486620649e-06,1.1724514638045136e-06,1.1389978935572032e-06,1.040596779966485e-06,7.028236671535737e-07,1.2030408295116146e-06,2.1847201705504915e-06
parallelogram,1.4883370811347163e-06,7.553127086001865e-07,0.0,5.292391296318755e-07,1.9698972923976044e-06,1.9075994982520328e-06,1.594809841964917e-06,1.3385483716987778e-06,9.849768967118422e-07,9.494281775213054e-07,1.7347934233580276e-06
losange,2.2766808683849504e-06,1.6736153023444444e-06,5.292391296318755e-07,0.0,2.3426909075974223e-06,2.493652213719777e-06,2.1591072058013694e-06,1.7311715856394017e-06,1.5195345890450795e-06,1.123600684382886e-06,1.4102184003883522e-06
isoTrapezoid,6.970974774089811e-07,1.5889629486620649e-06,1.9698972923976044e-06,2.3426909075974223e-06,0.0,6.785689942168105e-07,6.016739336756061e-07,1.8201770216608182e-06,1.744323226526845e-06,7.390331657752824e-07,1.1518825472345284e-06
kite,7.079210663230029e-07,1.1724514638045136e-06,1.9075994982520328e-06,2.493652213719777e-06,6.785689942168105e-07,0.0,3.3357059148197976e-07,1.6805502383032689e-06,1.5733405720474991e-06,1.3583400740868612e-06,1.8996923936143162e-06
rightKite,6.342646376999994e-07,1.1389978935572032e-06,1.594809841964917e-06,2.1591072058013694e-06,6.016739336756061e-07,3.3357059148197976e-07,1.1102230246251565e-16,1.5772743646724763e-06,1.4505286359822733e-06,7.927685230502135e-07,1.4967513719543746e-06
rustedHinge,1.259640756923197e-06,1.040596779966485e-06,1.3385483716987778e-06,1.7311715856394017e-06,1.8201770216608182e-06,1.6805502383032689e-06,1.5772743646724763e-06,1.1102230246251565e-16,1.3548562860510316e-07,1.471661496665888e-06,1.6429923561656068e-06
hinge,1.0664534239035461e-06,7.028236671535737e-07,9.849768967118422e-07,1.5195345890450795e-06,1.744323226526845e-06,1.5733405720474991e-06,1.4505286359822733e-06,1.3548562860510316e-07,1.1102230246251565e-16,1.268316442648576e-06,1.5584122333711647e-06
trapezoid,8.909833507653175e-07,1.2030408295116146e-06,9.494281775213054e-07,1.123600684382886e-06,7.390331657752824e-07,1.3583400740868612e-06,7.927685230502135e-07,1.471661496665888e-06,1.268316442648576e-06,0.0,5.579020248003275e-07
random,1.671807508096812e-06,2.1847201705504915e-06,1.7347934233580276e-06,1.4102184003883522e-06,1.1518825472345284e-06,1.8996923936143162e-06,1.4967513719543746e-06,1.6429923561656068e-06,1.5584122333711647e-06,5.579020248003275e-07,1.1102230246251565e-16
