,square,rectangle,parallelogram,losange,isoTrapezoid,kite,rightKite,rustedHinge,hinge,trapezoid,random
square,0.0,0.00011812164786684232,0.00030153215277117784,0.0003578727928700287,0.00032854030182416505,0.0003232706157073606,0.00026762185868955957,0.00037720830229281965,0.00035404505438652034,0.0003430949302714037,0.0004437135936417036
rectangle,0.00011812164786684232,1.1102230246251565e-16,0.0002492196907044608,0.0003286612145747547,0.0004026972327910716,0.00036361630416514856,0.0003233965859641419,0.0003778975562985787,0.0003332294529480029,0.0003666698869093654,0.00047763515905774323
parallelogram,0.00030153215277117784,0.0002492196907044608,1.1102230246251565e-16,6.976389376478487e-05,0.0003410564570639485,0.0002904481857591845,0.0002705300874498162,0.0002813005724622286,0.00022648268289893192,0.00019886848290351367,0.00029369606711526774
losange,0.0003578727928700287,0.0003286612145747547,6.976389376478487e-05,0.0,0.00037286906490674454,0.0003361937426010764,0.00031194787778610067,0.0003102447131246855,0.0002708412703649188,0.00020878848543171014,0.0002612069764974523
isoTrapezoid,0.00032854030182416505,0.0004026972327910716,0.0003410564570639485,0.00037286906490674454,0.0,0.00015405503170029533,0.00014239308342856027,0.00029499595371351717,0.00025621540108811125,0.00016967566688042002,0.000225408818397832
kite,0.0003232706157073606,0.00036361630416514856,0.0002904481857591845,0.0003361937426010764,0.00015405503170029533,0.0,6.410960989777781e-05,0.000251163131478771,0.00020535374430252773,0.00022007239459087558,0.0002471604140578121
rightKite,0.00026762185868955957,0.0003233965859641419,0.0002705300874498162,0.00031194787778610067,0.00014239308342856027,6.410960989777781e-05,0.0,0.0002064891249594636,0.0001786023748123755,0.00019542237928260597,0.0002315145974957078
rustedHinge,0.00037720830229281965,0.0003778975562985787,0.0002813005724622286,0.0003102447131246855,0.00029499595371351717,0.000251163131478771,0.0002064891249594636,1.1102230246251565e-16,4.923768653686267e-05,0.00029178778732597,0.0002537419616092107
hinge,0.00035404505438652034,0.0003332294529480029,0.00022648268289893192,0.0002708412703649188,0.00025621540108811125,0.00020535374430252773,0.0001786023748123755,4.923768653686267e-05,0.0,0.00023753948517979406,0.00020864142594323454
trapezoid,0.0003430949302714037,0.0003666698869093654,0.00019886848290351367,0.00020878848543171014,0.00016967566688042002,0.00022007239459087558,0.00019542237928260597,0.00029178778732597,0.00023753948517979406,1.1102230246251565e-16,0.0001436153790771444
random,0.0004437135936417036,0.00047763515905774323,0.00029369606711526774,0.0002612069764974523,0.000225408818397832,0.0002471604140578121,0.0002315145974957078,0.0002537419616092107,0.00020864142594323454,0.0001436153790771444,0.0
