,square,rectangle,parallelogram,losange,isoTrapezoid,kite,rightKite,rustedHinge,hinge,trapezoid,random
square,1.1102230246251565e-16,1.2371309265901687e-07,2.0158064661934816e-07,2.821772545624768e-07,7.323549666704565e-08,5.3421901458072796e-08,3.486905209015845e-08,1.3986150171341194e-07,1.3206506643825833e-07,8.846637988835226e-08,1.877645665615546e-07
rectangle,1.2371309265901687e-07,0.0,6.566737698054936e-08,1.6796075652525388e-07,2.4840245416157813e-07,1.5357663130100008e-07,1.4346836829659537e-07,9.425310742994242e-08,5.872694541775303e-08,1.517095220560094e-07,2.811264345758957e-07
parallelogram,2.0158064661934816e-07,6.566737698054936e-08,1.1102230246251565e-16,6.820084119674164e-08,2.8749908154157566e-07,2.3343516974971834e-07,1.9908227166798298e-07,1.2636721680170382e-07,8.749856672540801e-08,1.405409336685537e-07,2.4495450579031797e-07
losange,2.821772545624768e-07,1.6796075652525388e-07,6.820084119674164e-08,0.0,3.117987227296837e-07,3.0375803850013483e-07,2.681426071182713e-07,1.5901523586769883e-07,1.3886405725305195e-07,1.4932636205333694e-07,1.6899968557915201e-07
isoTrapezoid,7.323549666704565e-08,2.4840245416157813e-07,2.8749908154157566e-07,3.117987227296837e-07,0.0,8.196333767251929e-08,6.780497330272084e-08,2.3378659685935332e-07,2.3951253558252006e-07,9.976369963471399e-08,1.4950442994710045e-07
kite,5.3421901458072796e-08,1.5357663130100008e-07,2.3343516974971834e-07,3.0375803850013483e-07,8.196333767251929e-08,0.0,3.6771564460025274e-08,2.0899567276799758e-07,2.033128556622188e-07,1.525926498491259e-07,2.435134861533683e-07
rightKite,3.486905209015845e-08,1.4346836829659537e-07,1.9908227166798298e-07,2.681426071182713e-07,6.780497330272084e-08,3.6771564460025274e-08,0.0,1.8436749582573242e-07,1.7606971380867975e-07,8.751335756063128e-08,2.029511618761859e-07
rustedHinge,1.3986150171341194e-07,9.425310742994242e-08,1.2636721680170382e-07,1.5901523586769883e-07,2.3378659685935332e-07,2.0899567276799758e-07,1.8436749582573242e-07,1.1102230246251565e-16,1.255074966177716e-08,1.4881679588629737e-07,2.0161397651374813e-07
hinge,1.3206506643825833e-07,5.872694541775303e-08,8.749856672540801e-08,1.3886405725305195e-07,2.3951253558252006e-07,2.033128556622188e-07,1.7606971380867975e-07,1.255074966177716e-08,1.1102230246251565e-16,1.347794159611837e-07,2.0775771736314397e-07
trapezoid,8.846637988835226e-08,1.517095220560094e-07,1.405409336685537e-07,1.4932636205333694e-07,9.976369963471399e-08,1.525926498491259e-07,8.751335756063128e-08,1.4881679588629737e-07,1.347794159611837e-07,1.1102230246251565e-16,7.761697140562518e-08
random,1.877645665615546e-07,2.811264345758957e-07,2.4495450579031797e-07,1.6899968557915201e-07,1.4950442994710045e-07,2.435134861533683e-07,2.029511618761859e-07,2.0161397651374813e-07,2.0775771736314397e-07,7.761697140562518e-08,0.0
