,square,rectangle,parallelogram,losange,isoTrapezoid,kite,rightKite,rustedHinge,hinge,trapezoid,random
square,0.0,1.9777799575848576e-07,3.022137446961892e-07,4.1982117471306424e-07,1.1608967254161939e-07,8.030885367826812e-08,5.159117055786311e-08,2.1074108347285403e-07,2.0456399207890996e-07,1.3186825753574993e-07,2.819514570706616e-07
rectangle,1.9777799575848576e-07,0.0,9.470440587300288e-08,2.433307236815452e-07,3.86883155067963e-07,2.3721676944976622e-07,2.2113572717419316e-07,1.3560763179043533e-07,8.467252465838015e-08,2.3071116206363484e-07,4.2156711932417323e-07
parallelogram,3.022137446961892e-07,9.470440587300288e-08,0.0,9.847385573635847e-08,4.3044101250000466e-07,3.389261892250417e-07,2.9396162504191636e-07,1.7574625943428401e-07,1.2190340259454757e-07,2.1490958967973484e-07,3.638651979720464e-07
losange,4.1982117471306424e-07,2.433307236815452e-07,9.847385573635847e-08,1.1102230246251565e-16,4.596790071920154e-07,4.393901126276134e-07,3.940986255113188e-07,2.2607451388712008e-07,1.979902841675596e-07,2.2737488880597567e-07,2.4981532498191683e-07
isoTrapezoid,1.1608967254161939e-07,3.86883155067963e-07,4.3044101250000466e-07,4.596790071920154e-07,0.0,1.2623067802142174e-07,1.0423972285344973e-07,3.5121399877269255e-07,3.6743567244368336e-07,1.498784742981485e-07,2.2187087245217896e-07
kite,8.030885367826812e-08,2.3721676944976622e-07,3.389261892250417e-07,4.393901126276134e-07,1.2623067802142174e-07,0.0,5.474828412843635e-08,3.0895135338937507e-07,3.041555496352544e-07,2.1837705210803193e-07,3.5047555346778836e-07
rightKite,5.159117055786311e-08,2.2113572717419316e-07,2.9396162504191636e-07,3.940986255113188e-07,1.0423972285344973e-07,5.474828412843635e-08,0.0,2.690128223514776e-07,2.6135779773728274e-07,1.277403578470171e-07,2.9748255692130243e-07
rustedHinge,2.1074108347285403e-07,1.3560763179043533e-07,1.7574625943428401e-07,2.2607451388712008e-07,3.5121399877269255e-07,3.0895135338937507e-07,2.690128223514776e-07,1.1102230246251565e-16,1.9727916189538064e-08,2.1569162111934048e-07,3.002800567086794e-07
hinge,2.0456399207890996e-07,8.467252465838015e-08,1.2190340259454757e-07,1.979902841675596e-07,3.6743567244368336e-07,3.041555496352544e-07,2.6135779773728274e-07,1.9727916189538064e-08,1.1102230246251565e-16,2.0019114632674473e-07,3.1357455820835156e-07
trapezoid,1.3186825753574993e-07,2.3071116206363484e-07,2.1490958967973484e-07,2.2737488880597567e-07,1.498784742981485e-07,2.1837705210803193e-07,1.277403578470171e-07,2.1569162111934048e-07,2.0019114632674473e-07,1.1102230246251565e-16,1.1869921723306476e-07
random,2.819514570706616e-07,4.2156711932417323e-07,3.638651979720464e-07,2.4981532498191683e-07,2.2187087245217896e-07,3.5047555346778836e-07,2.9748255692130243e-07,3.002800567086794e-07,3.1357455820835156e-07,1.1869921723306476e-07,0.0
