,1610555604.25mOvVXuL01OCiReyVWBfesjuvXmB3MoPy,1610555605.43B6oDsBtWRQ29Q9UMQuTUEPZy3FSSWXzc,1610555610.92HPGJJSmyPM40z7otPBgHalNrHFA7zk5d,1610555606.68LaSQbm9EHAFycEfFtEqAwYqlBsQPjIRW,1610555617.19EKxMEwDHfXiEJZc27TsGoERaD6Da4BZU,1610555722.52PJ3FD50MGhRXyUD28vluU8Z9UjLJLZn4,1610555617.52Ijr5puT55g9apK8auM7zaxa3NANg502t,1610555638.77ZLjTLkz4jYJdFMI2wWBztzsDILkoOtAk,1610556912.46C7tJPLF0XfNnm8f1820X9aLmXMHoc0Dw,1610555617.51LjzIROg0aeCP2GhDcAVQ0LipKJB9jmKc,1610555608.17OpjjHobqRkX0UPcaXrbu7K6L3805SZri,1610555721.82zWeNZfGUUfRJkgnAwlP8VMhPzXctnSd4,1610555735.75bom85BDF0C7W2eIseHeMxi24qR68nzMi,1610555735.77NnT5xqKnwcf2BbjIekeb2arTQj6QMNwk,1610555638.33wjf1PhdNaoWfbRzXVn50hmFyB5bYAiLV,1610555606.65jCE4ig8Pu8kvAzkxnSGfWsV0nQBjCf8H,1610555608.18ONsBCVo1i7BrX0XG9stct4oiA6ejX9Oz,1610555721.51RNoQUMP19FTMS79BmA3JkgSm2IC2AQuQ,1610555971.86O0cHB2ibBJ8jxoObg01EpGe8VVV5mpwn,1610556911.51zU3duZSGpcw1BDNsBLxdOCITAXwl6z3i,1610555988.71dMoYT8250UHHJGxgmITTmbHe7V6gH1yU,1610556042.81mlUZsSp7gbGjrp8jQSnybT1gPy6e62o1,1610555637.02UBW5nKvDyUrKnaWcYRGajZPxTRDS0q3N,1610555619.13oUYNikU4facCTpUSiSLr0vPI0tJLnXiT,1610555721.03nzkucfjAUh31zTbmCVvTVYqtjoxZFnBh,1610555722.67fhKURdXVzRbLIjXmjRwdJHTnE7PWb1AE,1610555638.39J2ZWBLuLTHP0jOlzB4tNHmYeijH5g5YJ,1610556032.17Q6yCDx9g7alRnL9jBFXD2JhhUyB2hKfJ,1610557007.49MyVgDnuUuBxrvL6SGOdhKf69VYlW1MSm,1610555638.44hjT5hbYdKoE3MB6hijrjqbjmLgvCUYKD,1610555608.13zUvmFSCRt6SsLbhqFznMEvGx54GPGQzM,1610556038.62a5C4ynd1AARyAhTv8a58NCqHvXRjscqH,1610555644.45Xse8u7pusHNsd7F3d0A32HXvXr6weOJE,1610556038.62gKXOCG7XCn55eJvyl5voNjbwOW0znQDq,1610555987.13v0oleKK97pkesp6oMgprH8SoSdoDVdIO,1610556964.96ZLLeiQW0qpmxhPGTg7K03fmzkqsC2bjC,1610555987.13VQlEedQ50VvkPMEMzZDv3KNnQCewykN9,1610555982.186TY6MMGkDecIN1woW6vsfAMXVV7jnyjO,1610555982.673LuMndkwkvdmZOn0MmE2Pkidx0FtNalb,1610555733.38zItcuH7gHNfKdALR2d9Nek6bxCyw36Vm,1610556034.15BQxSbZINGCay0yp6RBVlgcPrw76Yn9ON,1610555639.37BPZpgtGml8qUsh9AdV4m32jPLfI2aNFq,1610556965.57S0adAalhWYe6K3bkZU0bRHbqnDK8gGkR,1610555983.54zteLPCMjyrjzPdhHhlZr3faCgD0TfYr3,1610555987.79rHnNRmt9a0ufmnwCvZqBouyUoZDNpylW,1610556960.041xWER61rmArlsKfiMl4frikWmUCnQ7op,1610556035.13a7NHZDutfTMJ88qle1gTYY59Dr4WmMsj,1610556890.456ZBDaY16bMtrTZTqAgHl3wq1tRxzqDow,1610555760.24e6890pkbyZ97Or6croI1rQgjkSsR0yVt,1610556043.02YpWMIJg3W004iqlPyv8OcVAZdSC5rNYw,1610555987.03z05P26TLtONYM1HSzupoc2CeNMa6HTqr,1610556032.15OYCzUxpsz7b10AXBAuDXrvEcvxFhf0M7,1610556032.63Z80yI9pNwS3jSmsDABbuhf8wkNa2Ze9y,1610555736.28eGuESasTXdR3SqY6pHhEXWZtcdciYLCO,1610556034.61bebeZA0MkaFG2sm3VKiqrxeqQginTTW0,1610556944.5XwXOphKYT3ZkWA8gViqOS97VHVuMVUqb,1610556944.745UVLFBzf7fPh4UH37I6tYQOFPqRDytEh,1610556034.63XsUwaFaPZevO1JNFjfhvY4aKNFnV4noV,1610556964.89xwBHw9faT1HjQRMNQEyA4qJ3hWkwgj3k,1610556966.74DydzH91jtyvRyYau47JpVkZoMRSNTt01,1610555740.77UueVziDbaXyRR4OcVJIIZyzOfAzN51bj,1610556046.84e3vwjyRCzqz0wJQhrk8zsxlFfFSv98Df,1610556137.99eoPuVrDThKAOvmeprLPb2FWRqIhzUodc,1610555740.73XFwSrmTXJPlaxGZSefh0jOVA8PI3III1,1610556123.88AOfNaz9jSnqU5Czc7okOv1RCrYfKFBTo,1610556046.85nB7NvyoYQeLcOV391Lmmut1wAM8CFGLw,1610556123.89H4pdIAzDthI7bMXMhlIhKUYIQIvtmPPQ,1610555740.87GOYQUJKpkynIS2lFqppYK4b32ol7NeGh
1610555604.25mOvVXuL01OCiReyVWBfesjuvXmB3MoPy,0.0,6684.291143507479,1056.3602346334164,6246.386862124413,2616.6709289934515,2945.6101889463057,2148.913508709362,1356.9421504704733,1782.055060893004,4485.382347554194,6527.577715833712,6347.721305020055,7448.035627384263,1816.5696789568738,6536.780657866487,6572.91462845216,6390.399490716362,6615.93845297217,2582.964904564922,5753.577835982171,6329.801250128196,6206.736155892718,3561.219676826235,1239.2784326986723,3216.993583499384,3054.274042092198,2854.692245050833,6058.273083911843,6861.761257708442,2578.2715103905743,5970.380388446528,2303.5358953658197,7548.1972063942,7615.894629494081,6792.242102801286,6480.5293233159455,6593.031979522563,7334.6265476211265,5907.078305610522,6128.077295193844,6503.324061059277,6715.458192084802,6357.2734964704505,6289.832760819339,6525.912540180489,6811.043690686501,5591.18121836132,2319.3130510766755,4722.4216901550935,6129.372198064001,5870.780899288562,3200.9929593489082,5277.934459988294,6880.5316750127695,6199.819352336139,3773.8210496692845,4531.052401313748,5984.94032825895,4728.232542173692,2844.009279127331,6425.358698798693,6808.592732267283,7557.623756044593,5401.7151083025,5242.332160837098,6943.939980884273,6050.00654700968,6223.050224404706
1610555605.43B6oDsBtWRQ29Q9UMQuTUEPZy3FSSWXzc,6684.291143507479,0.0,6706.238323102812,4145.9457947424535,6531.634909699627,6884.009450374918,6552.979867011301,6924.0892451240425,7068.191232812504,5978.57730016375,5496.614433572688,5830.029933232808,5692.781517505181,6928.971154723347,5763.774041259537,5122.454254803555,5531.607004413959,3246.0167379469444,7067.339522025257,5096.974593167623,6042.642296325383,5632.287976907198,5938.0633418718235,6947.993149391826,6708.99801297521,6822.299303118976,6306.568710649317,5573.248425017881,5032.641247478756,6338.535408354804,6311.702054255337,6791.72386894233,6058.537896034231,5757.501618381904,6586.119885439805,6036.8269233607725,6569.523304666046,5474.870676207856,4548.186666397587,7925.0583264994275,4769.165551067783,5166.780346845502,7779.373593406793,5061.906290359706,4713.372099325177,4481.339499372687,8162.797129897755,7043.634779511122,6285.439337930152,6725.218387061293,6159.8719334167035,7303.8115811037405,5932.0315514052445,5187.056338308349,5878.409686876779,6973.956973492024,6469.474673777707,6583.607839063011,6585.113707313641,7013.259577495899,5524.603280964772,4910.7443691586,5362.492243751665,6092.173092973938,5556.79748892809,5101.563756069713,6484.783646046506,5587.088923897847
1610555610.92HPGJJSmyPM40z7otPBgHalNrHFA7zk5d,1056.3602346334164,6706.238323102812,0.0,6512.499544240067,2606.6224177720796,3406.5782380982255,1816.5357091358005,1697.8541278293403,2229.227652179115,4365.349895066268,6824.595670819869,6675.06095399759,7336.411757534285,2062.369894918361,6748.430969639581,6777.839074510396,6649.412891927852,6636.016921499376,2843.1990064369897,5905.5548020676,6658.35876907413,6559.387096307374,3561.8693152197043,1615.8638987402867,3639.035904400264,3508.9381316235545,2825.4665539657294,6339.331385999209,7091.090582202429,2526.436954835461,5966.108062734134,2722.494108132565,7457.1197964065905,7576.446819795519,7012.3628845543035,6810.369862628568,6756.866036625147,7420.182619917704,6091.71953212893,6074.222472838557,6701.708032016576,6973.247485064779,6414.200746347863,6552.862624318195,6728.689476628229,6972.377246783138,5569.313793202053,2561.3322316146105,4685.059071141529,6322.8402120213805,6206.273925904543,3370.7279641065406,5401.240875723071,7024.379619245324,6259.352053199629,4072.011651744134,4822.504180728415,6286.901763218217,5051.238842370994,3006.7332643047503,6687.125375682399,6951.776272876713,7671.296905652729,5609.127452094318,5260.0097888912505,7150.008208752113,6230.875235722686,6492.653144179717
1610555606.68LaSQbm9EHAFycEfFtEqAwYqlBsQPjIRW,6246.386862124413,4145.9457947424535,6512.499544240067,0.0,6376.565783401447,5846.036990859811,6396.735345721662,6452.9510482817095,6464.3984578674535,5850.718509770798,3628.895437350687,4256.195682812023,6925.43663697643,6427.100677991241,5180.553061182267,4368.931614025549,3962.5207671853746,4496.2208007029785,6198.699488502369,4931.601713856333,4468.083974622588,3827.264326889424,6034.237481534383,6470.29720374742,5516.180706791584,5734.2834133998,6161.440666485339,4148.9864167995875,5270.571004037987,6010.558231950169,6331.525043364945,5968.517143738057,7037.934559125298,6653.912084759704,5801.313982788861,4373.90463166757,6101.229864463862,6220.447404666236,3865.6190142283153,7286.140584526687,4132.264006992643,4342.834044779854,7077.538547396053,4052.1617212269193,5180.891420362166,5089.00082186254,7920.46006828389,6229.8092539543495,5828.9640344066065,6118.948955868187,4429.76840417337,6663.9204019937615,5238.207784882547,6010.553505577699,5835.401769542356,6175.8594350341045,4987.478626170668,5291.287656268657,5527.641869681781,6136.832368008078,4386.948791581496,5413.686962081762,5679.8830312526625,4844.768986430246,5106.548991308527,4750.946122261684,5561.754895668207,4404.476601909496
1610555617.19EKxMEwDHfXiEJZc27TsGoERaD6Da4BZU,2616.6709289934515,6531.634909699627,2606.6224177720796,6376.565783401447,0.0,3853.3663674169875,2601.774654668686,3017.628658317247,2821.8866482645453,3751.292465018292,6949.063862132265,6142.022486837887,7173.387895125054,3040.813721148369,6836.65155487447,5990.343442852215,6838.103763334329,6531.330031913535,3848.4464640854626,5134.945224273727,6091.716189217192,6629.013235209607,2059.6126965181215,3048.033732781196,3994.9394860390607,3907.952768825119,1319.916364175859,6458.030948516503,6645.637299199292,3062.537933684124,5326.281607657055,3547.7233444894564,6754.661250123772,6885.574238767929,6499.261033116084,6334.479843051789,6289.344213636647,6608.386833338843,6088.230991331909,6483.7822300131975,5886.323661027441,7066.88212609152,6100.651731390658,6422.018180584373,6734.080726695775,7030.165756559619,5177.407838284394,3654.979591422201,4198.652253601655,5863.563944309515,5676.794148878245,3039.1349273829655,5469.618093378914,7057.2337550362845,5562.062974577176,3550.3305978402013,5188.468751530551,5707.351046886303,4597.904092126408,3914.1128617273257,6812.104643275274,7046.330181469951,6949.746578166329,5928.770800006919,4634.265934728697,7221.423469670383,6557.086443384327,6621.260518857414
1610555722.52PJ3FD50MGhRXyUD28vluU8Z9UjLJLZn4,2945.6101889463057,6884.009450374918,3406.5782380982255,5846.036990859811,3853.3663674169875,0.0,3592.6357344896255,2902.554669159189,2810.2867557947416,5074.309196893352,5872.463493603495,6000.0483490932065,8122.5623449447985,2792.880386660812,6485.073915341347,6558.975275955846,5696.660584595582,6742.7820037775555,2042.0363972152481,6355.576133733255,5867.614448858553,5695.655883872807,4409.050085617919,2905.991568391054,1644.616559306089,781.6995955976381,4032.7622924089146,5372.07043632086,6848.575003971991,3471.5101501521117,6781.470031602316,1938.304053737443,8202.389475631557,8119.240776655712,6623.744275166432,6125.793177223296,6648.593331358472,7844.896015107932,5481.483362497866,6105.0548624304565,6701.442059086062,6154.477373656829,6689.488508540762,6011.328462738479,6603.270557297784,6616.017916888657,6102.756710037252,2553.7085255261254,5038.889518396178,5852.006541032471,5421.697803188342,3737.7775600228556,4895.206588116079,7004.210340324197,6759.7974474951725,3641.277692137055,3907.8947527271575,5598.931400351113,4014.343932246505,2515.2006699450517,5884.216171413325,6620.301820949019,7848.03742748255,4568.508776242744,5316.022253990329,6667.3825407175345,5359.904899537504,5664.4806980763
1610555617.52Ijr5puT55g9apK8auM7zaxa3NANg502t,2148.913508709362,6552.979867011301,1816.5357091358005,6396.735345721662,2601.774654668686,3592.6357344896255,0.0,2395.6884034188847,2995.575916235091,3935.8143428298567,7044.561523403622,7054.454823563911,7030.980217547241,2358.0545771443935,7110.89781338342,6747.678646955616,6874.353102259363,6712.01751240427,3053.533247446084,6069.982611786301,7041.899531684669,6938.38827128926,3296.8983639949615,2542.017393933802,3845.1508803535107,3688.195467631425,2884.605529572257,6553.7329335129325,7419.983386909072,1603.1077893868178,6008.104824874476,2924.632236508181,7175.137426762655,7356.551375607292,7313.305046524101,7195.273174759356,6996.251027819033,7372.7422497435655,5977.855120530602,6235.358923216501,6765.191916533504,7202.716547012828,6834.522418332883,6780.500211487574,7091.557984633029,7147.750966268778,5776.3886748815385,2851.430528209719,4304.771371716437,6705.444533361513,6568.65082447644,3746.388092495415,5075.500474042118,7183.241916456847,6337.190933285769,4616.0331642142,5300.748407110725,6609.821707531826,5264.189511973018,3138.3575170219533,6836.013725530621,7109.141415320065,7699.767135482134,5836.725401770695,5083.167943771399,7321.360777952385,6471.164245506719,6631.872691192183
1610555638.77ZLjTLkz4jYJdFMI2wWBztzsDILkoOtAk,1356.9421504704733,6924.0892451240425,1697.8541278293403,6452.9510482817095,3017.628658317247,2902.554669159189,2395.6884034188847,0.0,1632.988587316246,4642.84576621968,6548.373839871067,6388.775448061107,7610.146017822832,1046.002795994111,6521.443736352794,6729.571469413758,6416.049669200785,6834.484091996581,2431.8037569485687,6159.450256954952,6378.444970499102,6246.942305873818,3843.214830520316,613.09837805315,3153.1594438374786,3003.3014715773747,3287.7453771805317,6058.973750118128,6830.683951121897,2669.8711824766046,6295.684956440458,2176.671733234823,7692.924919184776,7759.826399083351,6784.723490718252,6525.1049808893795,6567.618610391649,7395.218369615719,6099.842164132038,5952.1888144223585,6637.888950134766,6739.250742996685,6238.028522614164,6484.460318206047,6501.626925192215,6749.0710966765055,5343.875104781246,2092.9663692938257,4830.50045304398,6134.735207471892,5873.625419873356,2964.214385305327,5449.506209485069,6815.871232902004,6556.73109403696,3740.4558133687656,4562.961122245113,5966.984119823093,4724.752223746687,2633.032205355019,6414.97219967169,6748.322292602199,7746.410527016302,5413.366116542476,5418.970497767926,6883.833445869437,6063.475663081068,6206.416861573883
1610556912.46C7tJPLF0XfNnm8f1820X9aLmXMHoc0Dw,1782.055060893004,7068.191232812504,2229.227652179115,6464.3984578674535,2821.8866482645453,2810.2867557947416,2995.575916235091,1632.988587316246,0.0,4584.910401445728,6525.615396853145,5981.739328690029,8017.47552290256,1747.7888471623744,6467.172238998915,6443.8921576968605,6333.597744664378,6956.282938174642,2327.7080247166236,5979.538780853205,5966.015393791706,6084.447540121734,3789.830440001972,1531.6186903155349,3051.9208565103054,2909.6868336741813,3120.0136283201714,6010.266847792341,6642.572131260599,3085.861769569207,6289.288153987676,2172.163977904037,7879.866920345377,7854.108934676409,6450.688709334841,6131.274113940294,6290.689503454185,7364.598366151424,5975.862563503861,6179.352627296505,6458.810740740873,6667.058190802799,6060.057056295469,6340.0059331754155,6485.832412311336,6846.792830418119,5209.261670295174,2201.841009084928,4603.905531345314,5637.71597790037,5489.780389085776,2488.6557884506196,5365.9559150294035,6825.665548661412,6411.602464065295,3223.4864051161835,4282.452354168427,5675.38739353535,4331.766647722126,2565.260219462337,6388.072502011747,6824.185229556911,7615.1159498776,5192.0614455896,5135.17272856902,7008.856740404366,5935.747652094396,6185.152032919774
1610555617.51LjzIROg0aeCP2GhDcAVQ0LipKJB9jmKc,4485.382347554194,5978.57730016375,4365.349895066268,5850.718509770798,3751.292465018292,5074.309196893352,3935.8143428298567,4642.84576621968,4584.910401445728,0.0,7018.590918916029,6535.079219648304,6205.165647889096,4623.078828983779,7319.742621289297,5339.488228084761,6866.832191823333,6757.180326860988,5004.730527241242,5224.968567888242,6350.670032673807,6972.074896525788,3341.0895899872694,4740.803297358324,4825.370990959446,5064.027380650919,3643.9923788882243,6517.738368892976,7047.11285782771,3848.810152674761,5711.066964012849,4811.138405325092,5539.223280347578,5802.65046281529,6673.585494920612,6690.239114905528,6031.053242086667,6011.084867427176,5243.3413335893865,7016.349887245989,5876.564347867951,7168.077723261716,6641.256980940124,6710.743223717079,7342.822436877907,7368.889546816631,4981.847828721804,4721.242901453797,1318.6961031093715,6482.251426902175,6050.625928348679,4391.31407324721,4383.723933411661,6996.5528266919555,5884.825684336012,4710.2928817614875,5361.483504135582,5745.965359317993,5624.36407288212,4904.826415131925,6736.605596143407,7262.5450909773335,6357.343332826878,5843.315812603728,2967.6602518731866,7567.64890734712,6960.650700339703,6519.647899615402
1610555608.17OpjjHobqRkX0UPcaXrbu7K6L3805SZri,6527.577715833712,5496.614433572688,6824.595670819869,3628.895437350687,6949.063862132265,5872.463493603495,7044.561523403622,6548.373839871067,6525.615396853145,7018.590918916029,0.0,3689.1070844878836,8167.807621946799,6516.750854552304,3787.6217345254086,5297.047018821387,2052.603672324032,4716.646947704897,6216.738691681742,6178.811287919195,3943.3667674967105,2939.862257393671,7108.535870415807,6566.00657596981,5526.238864639083,5731.183453360449,6876.1904044729,4167.181197087082,4761.365275919118,6921.513894986106,7212.50063142772,5991.339889528866,8242.368519795933,7725.565981193425,5029.599690906077,2991.4786305398684,6325.755049197769,7382.2963000714535,5024.998598828369,6847.333779084851,4767.893106181221,3588.272415654996,6600.8429968753335,4215.429994956384,4590.116037789389,4389.313254765149,7959.809951470021,6274.552114997545,6924.455758781604,5551.451740450556,4477.715570348636,6724.135966819291,6331.498467342444,5688.100688136105,6689.40427690206,6187.661142909438,5002.854141968627,5324.901747628505,5692.654963076224,6135.599406206417,4103.983804982499,4209.739644246002,6750.6108005091555,4590.449426929792,6507.563364280409,3677.3890508055324,4525.574700688027,4255.723307451202
1610555721.82zWeNZfGUUfRJkgnAwlP8VMhPzXctnSd4,6347.721305020055,5830.029933232808,6675.06095399759,4256.195682812023,6142.022486837887,6000.0483490932065,7054.454823563911,6388.775448061107,5981.739328690029,6535.079219648304,3689.1070844878836,0.0,8130.76955910186,6338.329953344227,4565.599036744948,4515.450246051178,3964.286099779053,5280.363340331879,6339.651396914338,5151.254843096971,2327.3180891781144,3264.131374186201,6352.928863497003,6386.671255372685,5658.133037022363,5874.980279824269,6099.958217951907,4187.6923268487735,3910.8277104839194,6965.250324600645,6716.479593315611,6070.896467495458,7321.403822916637,6866.811719858801,4019.148494080254,2209.147352276495,5590.547954436066,6260.180837534183,5295.44478826999,7464.755035615014,4235.757089053248,3850.243665124239,6036.842946796515,3895.77211301836,4544.940260852356,5097.576058844857,6968.386338339094,6370.660800362686,6514.722916557822,4342.791549904245,2980.3115291202193,5903.111427581215,6590.128481286473,5399.44679371834,6141.264344574091,5291.679847904355,4958.458857318035,4046.0004532262337,4986.234296780482,6262.555558379611,4731.1844082833995,5393.287992843163,5667.370944924905,5121.060754398569,5798.251077904067,4844.27195885004,5568.4754770763375,4809.093703387896
1610555735.75bom85BDF0C7W2eIseHeMxi24qR68nzMi,7448.035627384263,5692.781517505181,7336.411757534285,6925.43663697643,7173.387895125054,8122.5623449447985,7030.980217547241,7610.146017822832,8017.47552290256,6205.165647889096,8167.807621946799,8130.76955910186,0.0,7663.752633977032,8153.658454622081,6721.038000498945,8152.683333737119,7152.695043426932,8219.078619829224,6151.392739388911,8115.019711234569,8341.523536624516,6494.512306151785,7688.4063948124085,8066.253745998092,8115.560829440431,6985.087311619659,8078.594043026264,7562.820622619482,7080.908175966295,5922.749717962093,7967.286303557012,4027.5595810535606,5694.191051437136,8277.858385011648,8296.027228999734,7248.862400879245,5984.720669467763,6827.0524387796,8298.1942427934,6718.961793843382,8296.433323861374,8325.495306754327,7794.715783796198,8046.122970415944,7989.341244474569,7942.9575151585095,8034.912099714214,6783.885489027735,8554.393133923204,8060.272866288123,8254.962560892396,7227.8009131795225,7648.607896387337,6265.361716298185,8281.315587749143,8147.1510455810285,7706.585600490729,8088.191063026226,8197.566951742981,8208.490918505287,8023.127527096043,6456.774669602775,8175.1882213179815,6631.706955690638,8153.6492082587265,8549.741266249943,8107.005087490333
1610555735.77NnT5xqKnwcf2BbjIekeb2arTQj6QMNwk,1816.5696789568738,6928.971154723347,2062.369894918361,6427.100677991241,3040.813721148369,2792.880386660812,2358.0545771443935,1046.002795994111,1747.7888471623744,4623.078828983779,6516.750854552304,6338.329953344227,7663.752633977032,0.0,6479.863173730282,6667.207804758828,6353.4236252542905,6838.539149129834,2237.1905498083565,6277.191193882939,6324.825224898959,6188.870198448989,3853.619055367501,1375.9919651956966,3010.5859487195335,2870.5569236340107,3300.083118413054,6017.004802836946,6813.93685067831,2567.580343446652,6402.404687512018,2038.8045188712374,7755.030815955806,7839.815723947692,6723.987388623159,6473.551888146219,6559.022048496004,7384.789636895886,6030.3050476520475,5869.694561425768,6624.896031055524,6707.2860157533705,6230.122812362559,6455.4581987861175,6497.972095105204,6740.382424761237,5328.141963693307,2036.1811448188496,4780.051875402326,6058.860224821285,5823.012268707949,2800.5891533593344,5422.622681708029,6826.506110456072,6627.259286941522,3770.716790302188,4517.558277135778,5918.363579991728,4700.937498122174,2366.4320710842085,6407.025136985287,6733.931627886904,7761.108426389971,5322.369627160145,5342.0297610838015,6881.248011101667,6007.732503351249,6199.2553482389985
1610555638.33wjf1PhdNaoWfbRzXVn50hmFyB5bYAiLV,6536.780657866487,5763.774041259537,6748.430969639581,5180.553061182267,6836.65155487447,6485.073915341347,7110.89781338342,6521.443736352794,6467.172238998915,7319.742621289297,3787.6217345254086,4565.599036744948,8153.658454622081,6479.863173730282,0.0,4967.665211474365,3375.0843173740645,5107.724287875376,6579.743388113729,6424.4755034236805,4838.618187016319,4326.911044615055,6923.362487915049,6495.819341234974,6233.350875691209,6368.607584449578,6627.205053777151,5599.279370659006,4123.450126783343,7088.203927484015,6537.443274586215,6509.776106058088,8135.012492734315,7656.859586222902,3973.792464697922,4045.610087000763,5282.100918094059,6979.292792494703,5828.147281533588,6257.597528808377,4222.201464512154,5252.32847590101,5357.912280770652,5222.8773237413625,3974.6686282616342,4849.368709785534,7221.5446990570335,6651.155733753901,7334.552332727692,4725.565782984049,5299.667794769964,6563.399283479563,7000.853176885496,4630.989076398692,5835.575674772986,6004.146591954578,5438.202796350466,5896.221672774087,6645.556587263237,6512.035842999742,5815.6614594397715,4106.368675074508,6233.746718916129,5485.369956155423,6841.789223259282,3872.139716564554,4527.653564188079,5910.91783466627
1610555606.65jCE4ig8Pu8kvAzkxnSGfWsV0nQBjCf8H,6572.91462845216,5122.454254803555,6777.839074510396,4368.931614025549,5990.343442852215,6558.975275955846,6747.678646955616,6729.571469413758,6443.8921576968605,5339.488228084761,5297.047018821387,4515.450246051178,6721.038000498945,6667.207804758828,4967.665211474365,0.0,5063.402408918078,5761.177770542666,6733.2157387534035,4052.5432601572584,4189.577332844078,5490.4031848372415,5238.276855661201,6738.268592976716,6336.970647372237,6484.117314751672,5519.797425441948,6177.244524184543,4979.743841329766,6435.827385258194,4699.155259595754,6652.5131061158145,5692.759081987754,5372.820669410874,3895.882547855271,4517.359974635442,4011.802393153839,4500.476887478067,5030.883607797418,7138.61184833865,2861.1142566370913,6234.958897615769,6206.869882029675,5573.15003917642,5872.102520100053,6239.085746427038,6579.38256175526,6834.452504791634,5324.463350465966,5163.08440761331,4942.344209108824,6050.441311043108,6083.870383981461,6060.062126680244,4075.6114385329493,5985.517376651278,6020.9036871433855,4439.650194492921,6060.693962108423,6747.736635670063,6456.660395510175,5991.260938154831,3928.0608773499666,6157.610701653431,4502.594830934369,5742.196867754171,5876.380241751855,6387.210075926781
1610555608.18ONsBCVo1i7BrX0XG9stct4oiA6ejX9Oz,6390.399490716362,5531.607004413959,6649.412891927852,3962.5207671853746,6838.103763334329,5696.660584595582,6874.353102259363,6416.049669200785,6333.597744664378,6866.832191823333,2052.603672324032,3964.286099779053,8152.683333737119,6353.4236252542905,3375.0843173740645,5063.402408918078,0.0,4748.566156754238,5982.2030695670055,6243.200105206692,4179.8285073464285,3287.04144903562,7022.54702953243,6415.889662105714,5347.05619714508,5538.638925430856,6711.64038467816,4396.517478274641,4844.2148224640205,6772.42971216554,6993.909168711685,5832.298206464258,8234.139541917255,7734.761384335206,4796.30719352301,3556.9951080394085,6011.198240330406,7417.728849525787,4722.975871606834,6643.376117687355,4920.804188809483,3866.5111480721953,6348.299570421335,4445.919408626164,4611.04121429809,4445.235212462618,7662.586754807787,6073.091345599525,6740.556299070061,5132.170795641237,4681.790165438402,6525.0354767893095,6076.771251916652,5182.485472384709,6466.099472342372,5959.050647414172,4720.0026044017695,5459.065653328099,5805.095074764811,5889.257201649409,4353.766587737936,3947.6764526852157,6796.668368206346,4152.262166230849,6250.630844647743,3742.9207391159616,4188.250317543609,4495.032433087116
1610555721.51RNoQUMP19FTMS79BmA3JkgSm2IC2AQuQ,6615.93845297217,3246.0167379469444,6636.016921499376,4496.2208007029785,6531.330031913535,6742.7820037775555,6712.01751240427,6834.484091996581,6956.282938174642,6757.180326860988,4716.646947704897,5280.363340331879,7152.695043426932,6838.539149129834,5107.724287875376,5761.177770542666,4748.566156754238,0.0,6938.916085008739,5512.817959575988,5607.487124002505,4785.495588679898,6402.16963917865,6848.671158855916,6555.885393595935,6663.965937493257,6379.026565642215,4909.455199119662,5175.589263527805,6779.819451063049,6945.1890803177575,6637.234384869318,7372.142076250416,6554.8131736020205,6254.316440426516,5510.805370415181,6824.454968226665,6413.65504439214,5570.920640674111,7832.598962638018,4968.53215902755,4009.862302085993,7545.30963046719,4412.391954427236,3398.2323885235687,2718.1318868406306,8006.589583975205,6900.781205614831,7001.399283084819,6345.983537055907,5753.360543450993,7202.253633065256,6746.229409723821,4982.120963523841,6368.333789360994,6765.372037626481,6122.929522513284,6406.175894320685,6368.9928936459055,6842.1395885375605,4561.993512792091,3540.88073311294,6284.5945163580645,5570.700371657515,6281.256371630086,3826.503949732003,6009.328536683611,4775.968172300878
1610555971.86O0cHB2ibBJ8jxoObg01EpGe8VVV5mpwn,2582.964904564922,7067.339522025257,2843.1990064369897,6198.699488502369,3848.4464640854626,2042.0363972152481,3053.533247446084,2431.8037569485687,2327.7080247166236,5004.730527241242,6216.738691681742,6339.651396914338,8219.078619829224,2237.1905498083565,6579.743388113729,6733.2157387534035,5982.2030695670055,6938.916085008739,0.0,6656.465707801749,6311.199963271788,6044.259671996667,4551.0458593394405,2501.3006132900214,2514.530565666526,2225.4713609146893,3924.260770787631,5912.550932721722,7002.154851621408,2889.2656909656457,6785.067412795585,1645.647532324961,8294.996987461924,8226.500281435714,6774.836114155496,6451.345757114702,6699.522811349921,7939.998452213287,5835.656888355035,5804.924856744922,6837.115324576988,6543.339809955386,6656.2503934556935,6487.006423007475,6804.655026392662,6821.819789571075,6121.797549192562,1765.7850318783426,4918.277773723774,5991.63937071252,5908.023485351075,3107.42032712177,5264.078907358965,7160.611676691513,6833.221134530999,3954.4985349628623,4372.203407708009,6072.415055164429,4531.83710490243,1502.7454926620815,6320.423623847594,6789.207241193748,7960.67948898916,4998.46856280988,5415.826262558893,6821.066404506204,5446.018640893849,6117.987430352073
1610556911.51zU3duZSGpcw1BDNsBLxdOCITAXwl6z3i,5753.577835982171,5096.974593167623,5905.5548020676,4931.601713856333,5134.945224273727,6355.576133733255,6069.982611786301,6159.450256954952,5979.538780853205,5224.968567888242,6178.811287919195,5151.254843096971,6151.392739388911,6277.191193882939,6424.4755034236805,4052.5432601572584,6243.200105206692,5512.817959575988,6656.465707801749,0.0,4691.090638583928,6019.620566090238,4432.047791708789,6129.532084947149,6360.616626167733,6307.730294175613,4877.189571174644,5944.425121630371,6022.629690838221,5977.460603649355,4211.628863688157,6265.99978783345,5294.653834996487,5346.870511095959,5691.986349164147,5443.519093316373,5102.95730443248,4823.664176246182,5572.569818317782,8049.542688021137,4310.23987058052,6128.466079314269,6998.037316189923,5218.939337840035,5985.446744960382,6367.393289776616,6679.295432237672,6436.985145923531,5516.318428798302,6312.968625333932,5175.673055541112,5970.701708110031,6460.907654221584,6571.2052851231565,3888.6087517342266,6153.622897804477,6213.6278932102605,4696.943786959127,5349.376251406606,6612.986414820913,6389.570345795973,6551.121527330892,5022.696015792434,6465.401034080615,4694.563962425161,6701.958766208973,7115.113942789533,6357.610800366441
1610555988.71dMoYT8250UHHJGxgmITTmbHe7V6gH1yU,6329.801250128196,6042.642296325383,6658.35876907413,4468.083974622588,6091.716189217192,5867.614448858553,7041.899531684669,6378.444970499102,5966.015393791706,6350.670032673807,3943.3667674967105,2327.3180891781144,8115.019711234569,6324.825224898959,4838.618187016319,4189.577332844078,4179.8285073464285,5607.487124002505,6311.199963271788,4691.090638583928,0.0,3649.1570956701203,6168.402299130742,6373.529124245497,5667.291080297686,5712.403194767108,5958.994107606845,4449.082746711147,4286.230875384523,6943.03915153907,6427.217424612842,6068.522708551915,7301.890111609833,6937.57598027521,3943.8694287586623,2663.6326395034657,5394.248334897712,6222.310065587677,5436.085744436512,7487.53465047328,4349.8380844913245,4563.942134325401,6233.535302123205,4079.2062178681454,4957.351434670056,5421.621141598899,6699.135021251076,6361.760533108948,6304.742715950433,4844.919105803078,2957.8494304069663,5614.9677969082695,6638.128942585813,5822.311772210884,5828.390320601255,5265.863549796699,4978.926698797693,3125.0788055286635,4827.037965014587,6252.552210639784,5045.427737913645,5617.256432606226,5718.215635408694,5228.024816833574,5633.538268067091,5079.499668938273,5692.238342037726,5079.615205235471
1610556042.81mlUZsSp7gbGjrp8jQSnybT1gPy6e62o1,6206.736155892718,5632.287976907198,6559.387096307374,3827.264326889424,6629.013235209607,5695.655883872807,6938.38827128926,6246.942305873818,6084.447540121734,6972.074896525788,2939.862257393671,3264.131374186201,8341.523536624516,6188.870198448989,4326.911044615055,5490.4031848372415,3287.04144903562,4785.495588679898,6044.259671996667,6019.620566090238,3649.1570956701203,0.0,6885.474402094054,6234.793893286915,5317.420886796651,5556.9678007554585,6599.297753240744,3648.1655474317363,4617.913791804949,6836.257476913012,7452.707216591109,5815.845316396068,8416.66148002536,7884.868085249028,5411.109959177803,3366.3646601421856,6540.867932489396,7287.760763512002,4904.403237321103,7535.2992243846575,5109.806996146102,3643.174385787142,6906.885034051102,3882.0095445976426,4240.9839551478635,4512.491785553827,7620.938186998817,6115.94174948931,6914.952697887575,5649.140398770297,3589.455914712837,6359.270066174369,6253.856195872016,5409.879986507435,6915.7918788406405,5702.940110375426,4424.4958668049385,4749.31932477765,5354.390051700842,5985.904999013,3640.431628545064,4899.825488502326,6711.315406595613,4346.9346084242325,6333.58616491698,4076.1154235035096,5176.257248133239,3680.9802396739074
1610555637.02UBW5nKvDyUrKnaWcYRGajZPxTRDS0q3N,3561.219676826235,5938.0633418718235,3561.8693152197043,6034.237481534383,2059.6126965181215,4409.050085617919,3296.8983639949615,3843.214830520316,3789.830440001972,3341.0895899872694,7108.535870415807,6352.928863497003,6494.512306151785,3853.619055367501,6923.362487915049,5238.276855661201,7022.54702953243,6402.16963917865,4551.0458593394405,4432.047791708789,6168.402299130742,6885.474402094054,0.0,3888.888713377536,4523.594494109561,4451.391943817829,1848.285304936474,6707.096839586614,6655.010736010228,3204.5938109574295,4509.084517139129,4241.6125210368,5902.286714302966,6051.238949169238,6415.462811465008,6543.272076912333,5590.415213742266,5734.342820152274,5964.758976316803,6596.846750939515,5387.3492598255825,7239.698392320997,6226.004553268144,6602.119988916506,6770.1884419029075,7030.973480884322,5225.88938936734,4367.983072823912,3888.2761493266894,6001.523394691218,5955.885009726336,3673.2712347039674,5418.737623852035,7025.987611156537,4802.554003260683,4101.504385013609,5629.859444182133,5712.073250824999,4991.585171828975,4565.162775639966,7060.817503965206,7085.591030674317,6168.07299648691,6294.477131755829,4146.009385801051,7239.126507383335,6699.934096006834,6887.3004705032745
1610555619.13oUYNikU4facCTpUSiSLr0vPI0tJLnXiT,1239.2784326986723,6947.993149391826,1615.8638987402867,6470.29720374742,3048.033732781196,2905.991568391054,2542.017393933802,613.09837805315,1531.6186903155349,4740.803297358324,6566.00657596981,6386.671255372685,7688.4063948124085,1375.9919651956966,6495.819341234974,6738.268592976716,6415.889662105714,6848.671158855916,2501.3006132900214,6129.532084947149,6373.529124245497,6234.793893286915,3888.888713377536,0.0,3177.2208715778706,3018.0109601355543,3295.0505987061306,6082.090472886628,6837.598757561979,2824.5017169906155,6260.518171409274,2293.3760630831443,7770.924629452647,7816.802291857199,6775.700311153582,6514.155218208246,6552.811558864699,7448.543226382883,6103.483174787509,6026.700727754592,6639.165129678465,6764.251144567837,6248.865984875272,6487.122871083555,6503.823176356864,6787.488486075333,5413.136968470053,2196.8056473757283,4914.697746336073,6108.275094112964,5872.128600473681,3035.3549035647293,5458.432228880558,6838.588195970739,6490.672719435233,3660.5319990126072,4497.081799877852,5981.11029549241,4707.791895887994,2744.6877700322384,6446.006493740158,6775.898910679945,7747.832870783554,5381.40075224932,5448.665254034096,6918.162690350872,6049.51737304851,6240.239678192365
1610555721.03nzkucfjAUh31zTbmCVvTVYqtjoxZFnBh,3216.993583499384,6708.99801297521,3639.035904400264,5516.180706791584,3994.9394860390607,1644.616559306089,3845.1508803535107,3153.1594438374786,3051.9208565103054,4825.370990959446,5526.238864639083,5658.133037022363,8066.253745998092,3010.5859487195335,6233.350875691209,6336.970647372237,5347.05619714508,6555.885393595935,2514.530565666526,6360.616626167733,5667.291080297686,5317.420886796651,4523.594494109561,3177.2208715778706,0.0,1510.9731747193453,4128.635495346404,5090.143708970165,6643.415320677581,3710.127063228262,6804.0603786271795,2173.603304444347,8128.796719005963,8045.141636814176,6399.224634124182,5782.076566486398,6480.951626974164,7742.7182122776485,5049.625050648554,6059.6932394469495,6503.785559899386,5863.985836074676,6490.514089190499,5884.137970676611,6418.050817023927,6433.31960418306,6015.229063257018,2476.1497022793196,4732.175713285122,5662.295966865637,5171.450894974541,3689.1725691300385,4544.565536590835,6845.125973130035,6745.102624414615,3369.9232107321677,3241.2308116959803,5429.158844328889,4115.422979573969,2407.0377836684756,5506.1267922140805,6423.119249310254,7669.93049344747,4042.498170521656,4954.150676862869,6419.845267298841,5334.565985795087,5281.911947178282
1610555722.67fhKURdXVzRbLIjXmjRwdJHTnE7PWb1AE,3054.274042092198,6822.299303118976,3508.9381316235545,5734.2834133998,3907.952768825119,781.6995955976381,3688.195467631425,3003.3014715773747,2909.6868336741813,5064.027380650919,5731.183453360449,5874.980279824269,8115.560829440431,2870.5569236340107,6368.607584449578,6484.117314751672,5538.638925430856,6663.965937493257,2225.4713609146893,6307.730294175613,5712.403194767108,5556.9678007554585,4451.391943817829,3018.0109601355543,1510.9731747193453,0.0,4064.938419254743,5262.5854746637615,6758.3933774939915,3580.138230884786,6751.962202763976,2007.6677077750824,8195.84826506806,8111.568943439741,6528.322435164935,6000.092231526726,6583.227026884857,7825.950698304619,5409.784245881434,6056.687688820248,6625.673854708493,6041.22788828308,6615.553249865507,5882.022203665996,6522.79841615316,6537.866354659677,6081.149196931891,2536.7101681790323,5018.921911898855,5714.991378038801,5289.640107432524,3737.5240608136987,4844.32878603214,6934.003004205441,6714.081743005593,3530.759321964192,3797.65045803515,5481.113489566205,4032.621314380768,2477.232606070078,5801.836476429264,6532.508529218347,7788.750595686235,4464.355516860266,5287.098322554146,6553.844539054019,5269.1263446416715,5597.378608978606
1610555638.39J2ZWBLuLTHP0jOlzB4tNHmYeijH5g5YJ,2854.692245050833,6306.568710649317,2825.4665539657294,6161.440666485339,1319.916364175859,4032.7622924089146,2884.605529572257,3287.7453771805317,3120.0136283201714,3643.9923788882243,6876.1904044729,6099.958217951907,6985.087311619659,3300.083118413054,6627.205053777151,5519.797425441948,6711.64038467816,6379.026565642215,3924.260770787631,4877.189571174644,5958.994107606845,6599.297753240744,1848.285304936474,3295.0505987061306,4128.635495346404,4064.938419254743,0.0,6564.8416741671645,6476.2567855889765,3211.0951585021735,4778.310374841951,3779.272063826962,6474.137497041714,6641.7858415424325,6193.404548265773,6275.33806218009,5822.981670610324,6301.832332149677,6079.059026129257,6309.686491268702,5509.795963119969,7135.861332550528,5922.206518768755,6509.677404655369,6726.567366098972,7005.559402098307,5178.922002861152,3816.5510279410164,4095.8202987403592,5703.022870187442,5666.035093861689,2968.7066370273596,5610.496652112038,7095.833260238594,5004.598756926667,3649.9363907343377,5251.991418361213,5572.838288894244,4797.014782757542,4018.5431198472534,6959.568852062928,7019.628708717711,6470.750136677677,6045.231027094196,4378.195282245343,7046.237160334978,6396.236394931076,6778.792080504927
1610556032.17Q6yCDx9g7alRnL9jBFXD2JhhUyB2hKfJ,6058.273083911843,5573.248425017881,6339.331385999209,4148.9864167995875,6458.030948516503,5372.07043632086,6553.7329335129325,6058.973750118128,6010.266847792341,6517.738368892976,4167.181197087082,4187.6923268487735,8078.594043026264,6017.004802836946,5599.279370659006,6177.244524184543,4396.517478274641,4909.455199119662,5912.550932721722,5944.425121630371,4449.082746711147,3648.1655474317363,6707.096839586614,6082.090472886628,5090.143708970165,5262.5854746637615,6564.8416741671645,0.0,5588.836603748484,6436.101654943752,7750.455144936594,5486.678307810644,7869.573279251692,7385.168605607136,5976.067885638939,4505.39028036083,7063.366553773949,7170.392738981664,4146.261039741777,7682.275494584797,5912.707479386537,3105.2513819149212,7250.391789982566,3603.668182000012,4675.746983047889,4657.464608157823,7130.08441095918,5793.915194902211,6429.079296957817,5890.983700019332,3594.841128463416,6406.6211460763725,5651.972229355568,5504.146145886862,7297.625656945549,5893.023281158222,4356.00625608991,4746.778436009842,4548.441733732594,5763.245094328642,2599.299054772091,5069.135804307781,7101.720386006713,3730.668729906352,5737.996042045526,5297.317747183772,5872.614452425547,2516.2237797863704
1610557007.49MyVgDnuUuBxrvL6SGOdhKf69VYlW1MSm,6861.761257708442,5032.641247478756,7091.090582202429,5270.571004037987,6645.637299199292,6848.575003971991,7419.983386909072,6830.683951121897,6642.572131260599,7047.11285782771,4761.365275919118,3910.8277104839194,7562.820622619482,6813.93685067831,4123.450126783343,4979.743841329766,4844.2148224640205,5175.589263527805,7002.154851621408,6022.629690838221,4286.230875384523,4617.913791804949,6655.010736010228,6837.598757561979,6643.415320677581,6758.3933774939915,6476.2567855889765,5588.836603748484,0.0,7344.092985177708,6755.834055838584,6859.2507146950065,7143.655697226711,6764.275220347935,4702.227205213984,4173.5764763613515,5841.642975775914,6035.448088295381,5998.051119175194,7465.256038802188,4153.261347780741,5211.676795651342,6143.809062925157,5204.768874478831,4096.082986026196,4870.052313304495,7419.985034695674,7046.372444247629,7204.851472344386,5077.19061489046,4763.7073059152945,6469.024480129916,7276.1705099958135,4711.416740654706,6297.732880392032,5923.358436630243,6029.23704808068,5412.460454425961,6186.95157136406,6963.173518665081,5878.7559121657005,5049.433338434276,5256.779843301175,6242.685450483811,6538.931665178938,4138.0102600548535,5829.693359735757,5963.650870174321
