,1610555604.25mOvVXuL01OCiReyVWBfesjuvXmB3MoPy,1610555605.43B6oDsBtWRQ29Q9UMQuTUEPZy3FSSWXzc,1610555610.92HPGJJSmyPM40z7otPBgHalNrHFA7zk5d,1610555606.68LaSQbm9EHAFycEfFtEqAwYqlBsQPjIRW,1610555617.19EKxMEwDHfXiEJZc27TsGoERaD6Da4BZU,1610555722.52PJ3FD50MGhRXyUD28vluU8Z9UjLJLZn4,1610555617.52Ijr5puT55g9apK8auM7zaxa3NANg502t,1610555638.77ZLjTLkz4jYJdFMI2wWBztzsDILkoOtAk,1610556912.46C7tJPLF0XfNnm8f1820X9aLmXMHoc0Dw,1610555617.51LjzIROg0aeCP2GhDcAVQ0LipKJB9jmKc,1610555608.17OpjjHobqRkX0UPcaXrbu7K6L3805SZri,1610555721.82zWeNZfGUUfRJkgnAwlP8VMhPzXctnSd4,1610555735.75bom85BDF0C7W2eIseHeMxi24qR68nzMi,1610555735.77NnT5xqKnwcf2BbjIekeb2arTQj6QMNwk,1610555638.33wjf1PhdNaoWfbRzXVn50hmFyB5bYAiLV,1610555606.65jCE4ig8Pu8kvAzkxnSGfWsV0nQBjCf8H,1610555608.18ONsBCVo1i7BrX0XG9stct4oiA6ejX9Oz,1610555721.51RNoQUMP19FTMS79BmA3JkgSm2IC2AQuQ,1610555971.86O0cHB2ibBJ8jxoObg01EpGe8VVV5mpwn,1610556911.51zU3duZSGpcw1BDNsBLxdOCITAXwl6z3i,1610555988.71dMoYT8250UHHJGxgmITTmbHe7V6gH1yU,1610556042.81mlUZsSp7gbGjrp8jQSnybT1gPy6e62o1,1610555637.02UBW5nKvDyUrKnaWcYRGajZPxTRDS0q3N,1610555619.13oUYNikU4facCTpUSiSLr0vPI0tJLnXiT,1610555721.03nzkucfjAUh31zTbmCVvTVYqtjoxZFnBh,1610555722.67fhKURdXVzRbLIjXmjRwdJHTnE7PWb1AE,1610555638.39J2ZWBLuLTHP0jOlzB4tNHmYeijH5g5YJ,1610556032.17Q6yCDx9g7alRnL9jBFXD2JhhUyB2hKfJ,1610557007.49MyVgDnuUuBxrvL6SGOdhKf69VYlW1MSm,1610555638.44hjT5hbYdKoE3MB6hijrjqbjmLgvCUYKD,1610555608.13zUvmFSCRt6SsLbhqFznMEvGx54GPGQzM,1610556038.62a5C4ynd1AARyAhTv8a58NCqHvXRjscqH,1610555644.45Xse8u7pusHNsd7F3d0A32HXvXr6weOJE,1610556038.62gKXOCG7XCn55eJvyl5voNjbwOW0znQDq,1610555987.13v0oleKK97pkesp6oMgprH8SoSdoDVdIO,1610556964.96ZLLeiQW0qpmxhPGTg7K03fmzkqsC2bjC,1610555987.13VQlEedQ50VvkPMEMzZDv3KNnQCewykN9,1610555982.186TY6MMGkDecIN1woW6vsfAMXVV7jnyjO,1610555982.673LuMndkwkvdmZOn0MmE2Pkidx0FtNalb,1610555733.38zItcuH7gHNfKdALR2d9Nek6bxCyw36Vm,1610556034.15BQxSbZINGCay0yp6RBVlgcPrw76Yn9ON,1610555639.37BPZpgtGml8qUsh9AdV4m32jPLfI2aNFq,1610556965.57S0adAalhWYe6K3bkZU0bRHbqnDK8gGkR,1610555983.54zteLPCMjyrjzPdhHhlZr3faCgD0TfYr3,1610555987.79rHnNRmt9a0ufmnwCvZqBouyUoZDNpylW,1610556960.041xWER61rmArlsKfiMl4frikWmUCnQ7op,1610556035.13a7NHZDutfTMJ88qle1gTYY59Dr4WmMsj,1610556890.456ZBDaY16bMtrTZTqAgHl3wq1tRxzqDow,1610555760.24e6890pkbyZ97Or6croI1rQgjkSsR0yVt,1610556043.02YpWMIJg3W004iqlPyv8OcVAZdSC5rNYw,1610555987.03z05P26TLtONYM1HSzupoc2CeNMa6HTqr,1610556032.15OYCzUxpsz7b10AXBAuDXrvEcvxFhf0M7,1610556032.63Z80yI9pNwS3jSmsDABbuhf8wkNa2Ze9y,1610555736.28eGuESasTXdR3SqY6pHhEXWZtcdciYLCO,1610556034.61bebeZA0MkaFG2sm3VKiqrxeqQginTTW0,1610556944.5XwXOphKYT3ZkWA8gViqOS97VHVuMVUqb,1610556944.745UVLFBzf7fPh4UH37I6tYQOFPqRDytEh,1610556034.63XsUwaFaPZevO1JNFjfhvY4aKNFnV4noV,1610556964.89xwBHw9faT1HjQRMNQEyA4qJ3hWkwgj3k,1610556966.74DydzH91jtyvRyYau47JpVkZoMRSNTt01,1610555740.77UueVziDbaXyRR4OcVJIIZyzOfAzN51bj,1610556046.84e3vwjyRCzqz0wJQhrk8zsxlFfFSv98Df,1610556137.99eoPuVrDThKAOvmeprLPb2FWRqIhzUodc,1610555740.73XFwSrmTXJPlaxGZSefh0jOVA8PI3III1,1610556123.88AOfNaz9jSnqU5Czc7okOv1RCrYfKFBTo,1610556046.85nB7NvyoYQeLcOV391Lmmut1wAM8CFGLw,1610556123.89H4pdIAzDthI7bMXMhlIhKUYIQIvtmPPQ,1610555740.87GOYQUJKpkynIS2lFqppYK4b32ol7NeGh
1610555604.25mOvVXuL01OCiReyVWBfesjuvXmB3MoPy,0.0,657.9113719771848,173.9819773833898,614.6009919680691,387.0786099462146,474.50354149519404,379.2671137749078,202.99793084754154,299.5217118331554,538.8333280848475,672.9847610646324,644.3705651132326,679.9048911357622,318.0969839512884,651.3750543768097,607.200611895703,688.9996861930186,661.211077110646,418.0040603028555,554.9080619822603,659.9914274451056,688.4131886464577,451.1803021357352,190.05124786845664,526.6276450479543,490.9322031662843,415.76170300553224,627.8358138686943,639.6076942844749,420.5487730322457,579.3418242414356,438.78847560794185,665.8089717195867,652.4560804260469,636.0745452451631,629.0472583191324,608.0328791262812,648.2640883081575,629.4373469373231,595.3690414048049,616.9688126590164,683.8654961260688,608.9536695403233,595.5161421457738,664.9309248796027,682.9987817249582,574.45206807764,463.066906368356,540.3518465511648,618.9421725745716,572.7350100250724,469.1141829099259,609.1771448390656,675.4875464598488,567.2499265911449,526.4910441411038,553.1358481236539,600.7451123737635,532.9306119755466,493.9459466677353,675.3119937259128,711.9889816651475,646.2232317579015,649.3196228776013,569.3824265163802,712.9221989480742,570.1753458058644,663.5145670750945
1610555605.43B6oDsBtWRQ29Q9UMQuTUEPZy3FSSWXzc,657.9113719771848,0.0,653.3870224536128,409.9758847392006,634.6695008678356,625.3605702957855,626.3394967518007,662.2332285174801,675.2267040951352,604.9948964724812,487.1154529929591,567.215291577281,568.2241277074078,667.3361729090099,565.339091681992,532.8853274914821,515.4259323890616,315.7700013230312,635.4118765128018,587.3980945191562,597.798809972487,542.961705973339,577.8851955059343,657.5512626834076,601.4741769798738,647.1375174872921,629.4342583850519,548.0403288577992,500.87815015114927,570.4981233717527,611.5717637057783,618.4708264870451,594.996719589852,540.0848797682506,603.5052920247267,582.3792491222534,612.4659422761318,519.8466022095619,429.36877721221947,703.1887135282235,505.8303031324909,532.7959234416929,666.9343005581482,486.2514877417453,420.97100406402916,349.61245352987265,706.8708240855617,674.9297238447858,593.4038677157678,659.5769216583237,578.6927828285518,668.3239029149464,591.435734365434,506.8120988954131,583.2702281014385,638.7631977350793,583.8468860371437,589.3303227984317,602.6301318815063,614.0319930393498,532.012503115063,534.7353256447641,537.2944889803276,574.9274582718916,552.5661527681774,535.1950626073998,630.7188960155788,551.6139812315272
1610555610.92HPGJJSmyPM40z7otPBgHalNrHFA7zk5d,173.9819773833898,653.3870224536128,0.0,607.081366526251,383.5786425236967,469.78241926270397,348.5155520553088,192.97254147530194,306.2569315281173,532.5890390653858,668.6755507085297,649.2332741227405,675.8228962264959,290.884130375376,650.4262584218218,602.8222268317286,684.7878380403147,663.1124191483685,417.94228966768367,559.6854119642562,664.5000060765943,690.0021322186459,448.06015803907405,182.60282435643717,519.4195583132328,487.1067730307539,413.4252911085483,625.6870153643388,632.461042500081,401.37573173405724,578.9414466092769,444.58264761982747,663.2196943769352,646.0837237827146,634.4300004150698,628.512306090646,605.5880815060771,644.2915468831565,625.9072867483288,591.5039244194306,609.6236709849073,684.891539210808,602.9071728899502,604.9160627246263,662.2310114189676,679.772078945122,569.6456017300309,463.40136834251695,531.5305326764818,615.9861086626396,580.1406276450316,464.46343341869976,603.6817217654393,672.167011905949,561.8676677544512,518.6016002074707,549.4918993608445,598.7594613500404,544.3235144532741,483.64057341510556,674.0264123311116,708.1627726864164,641.7110956547664,647.9897969900538,562.5081232835611,712.6322025967687,568.9852102052274,661.7838793599276
1610555606.68LaSQbm9EHAFycEfFtEqAwYqlBsQPjIRW,614.6009919680691,409.9758847392006,607.081366526251,0.0,597.5949462217636,599.2315949420502,592.5347623482825,613.1408885605649,626.8104909426562,611.5625513751395,420.8560704529806,483.23899526103844,637.0847187726213,618.12991125358,543.5766336588198,492.7001784809029,487.49534765931287,455.556659305124,592.0569820152673,554.4570237066082,524.0953094788655,511.9742619708332,577.9147773914821,609.8682261548065,586.8885662148866,610.960161657336,578.9062117869541,477.2365089756747,509.5003868873081,566.2432298773449,585.6391900513808,597.9570304489189,633.639025554986,570.4704610655389,537.5091797815401,485.0206682125097,565.6184916066426,557.4189382713936,423.83858581784153,651.264145821646,445.28664252842714,469.0725674954498,604.4045183206892,422.6220402072772,496.3640960052382,484.7315330977869,681.5177512288047,625.4354318756273,594.0011475451779,615.4315181775174,505.359808364218,612.9391811251643,568.6784604063348,526.0427686275449,542.3496350560989,625.3909563489763,556.6557366415576,522.4451724345291,550.934430052441,605.0745362177038,517.1613431872318,557.7183391435432,540.7273831387075,556.9976692159656,530.3209042582221,554.0976429414407,571.0760211292662,529.9738471164025
1610555617.19EKxMEwDHfXiEJZc27TsGoERaD6Da4BZU,387.0786099462146,634.6695008678356,383.5786425236967,597.5949462217636,0.0,504.31920656130075,342.91938488638255,394.1590144628662,356.1021194038777,534.1451711934344,650.2806533976258,617.4870416100746,688.2836582487364,408.75280483562835,639.6385189463002,560.5826214153695,664.8481743133467,647.7030495100541,471.57412835806315,538.9507798881934,628.2749330288786,663.2213777718895,331.3126876662255,390.47628607141013,511.0330766842765,514.5548194777064,340.2297864457984,631.7863806743526,622.1905607192161,393.71766998900995,529.0752571053836,409.9309222519967,646.4044199288011,612.7704678218194,601.7756211759898,599.2567397342129,570.0952062970393,599.1368325041497,608.1656403155737,617.8605583721164,563.9074493665099,676.8619272567377,571.5102023093449,617.7528151942984,650.9526562958438,670.7011069608224,540.6919532579493,503.0867726704664,516.8509946050356,556.8161841492987,572.6151515033768,447.5324364464168,604.5479617381624,662.969697923503,523.634756851474,460.3493753821232,541.7403170770482,579.4983384146086,540.054783464382,478.89514034619225,655.0579553446103,692.9631991546897,603.32349057195,630.377240842533,527.6708851841485,696.508929190623,587.268847311128,642.4661051860751
1610555722.52PJ3FD50MGhRXyUD28vluU8Z9UjLJLZn4,474.50354149519404,625.3605702957855,469.78241926270397,599.2315949420502,504.31920656130075,0.0,463.49791806169884,461.1612643616811,451.1372155280149,613.0515861895157,605.3319514841103,628.6970274768976,737.7681043820409,459.8237657231206,639.3018393202155,633.8086642890106,621.1513964291148,615.8726408386482,298.39469252677327,638.4445221247312,636.0822722456293,614.9168753795731,496.04881288393864,460.27913647992574,465.92516645398473,227.70456941290723,512.7139242056767,593.7424690357144,637.0919005096723,420.6345699915842,657.974687602741,398.74211361674037,740.8404680204867,695.280500357323,647.5013162297888,609.2482369630193,643.3570337259555,692.7965678209691,586.0039158524451,587.2381319393958,647.3800379019757,630.1088136125195,626.7445084391043,578.7654104967968,614.4457927814358,607.6505999536545,548.485109832451,463.9777083067054,597.1282890522103,602.5584207130329,573.8495640981965,477.3281173246531,576.44627664,641.6850641206487,640.9969934670715,470.70638201938135,534.346551321528,600.2644118865452,536.9072918945992,398.3974971673181,605.9413893969078,655.4129273450067,690.7103687672352,554.9257014281529,615.4687682861104,658.2895369810356,559.460831091358,598.2153193234465
1610555617.52Ijr5puT55g9apK8auM7zaxa3NANg502t,379.2671137749078,626.3394967518007,348.5155520553088,592.5347623482825,342.91938488638255,463.49791806169884,0.0,363.528499939162,392.28183068207466,562.305502529856,640.099824285473,666.3271288391004,697.8358811597791,338.6406560628821,647.0135976078233,619.3038797459012,656.716657102526,649.6140631240886,421.9399251085369,609.5844814912215,682.7552780018808,660.9234371054382,436.80401816600886,362.4011277022722,506.0659742762919,466.1847265140647,447.7648905035581,631.180290686239,639.8017095044364,296.79474296253125,595.1295038103398,377.1670024892983,697.2745977370072,661.5466371068877,656.1548224460923,630.8779048383184,632.508450907849,658.0437875156055,596.7280665408308,604.710348025812,625.6858114353081,680.1102597210072,620.8024276233974,619.7902751478954,648.408532096086,664.5536756386867,604.7180782072439,485.13284298735016,546.1574672325542,634.258955038088,612.1882585549778,476.98745402611047,589.2843067856505,655.9577107640649,589.4307907321125,510.22637596429905,537.809908392867,635.8404785003506,571.6427970081571,419.59701713804515,648.4958046605715,689.5031881584646,662.9851019329014,611.171272773117,573.3591142739673,696.5840818282373,588.9161269811253,637.1509243241804
1610555638.77ZLjTLkz4jYJdFMI2wWBztzsDILkoOtAk,202.99793084754154,662.2332285174801,192.97254147530194,613.1408885605649,394.1590144628662,461.1612643616811,363.528499939162,0.0,301.4350560516209,546.7133398388331,663.4374570180313,637.6563486409171,693.7914769698207,235.19331007115204,644.1389140724895,607.3680781109375,677.9094174103354,660.3332473841714,413.796387729789,565.7919172481336,651.7898608323867,678.713382582363,460.1694988962916,161.79836404308074,513.6936081509155,474.58264028535245,432.53402532201955,618.7189815386519,633.3952478337912,413.8245174086274,592.8219864029136,438.06312482692675,678.8971974375477,658.7966003907846,630.3819986907508,621.0670247888028,601.7557144305118,652.3368399356207,625.54316854543,590.1014074350334,613.468708245918,675.1692536854889,601.2736804702851,595.7820407142284,657.2243119724245,674.1502421946623,569.0442580218511,457.7288477069684,543.694697524102,615.9146420147044,566.7175506716728,460.9182263114488,610.5257359021042,669.7895869616849,570.8609834109699,520.0200225836684,542.77452115536,589.5991568907084,530.8332792169524,479.7377729328807,664.8687580901878,705.1372025812645,652.5875636293669,638.6352718686499,572.6391014376543,703.8911698796257,570.7484148583031,651.5675971446647
1610556912.46C7tJPLF0XfNnm8f1820X9aLmXMHoc0Dw,299.5217118331554,675.2267040951352,306.2569315281173,626.8104909426562,356.1021194038777,451.1372155280149,392.28183068207466,301.4350560516209,0.0,568.1918314171273,661.5445019739162,624.9108386219673,725.8548137622118,335.2586387099368,634.5642870355424,609.4211964616716,675.7211426157096,659.9837359416224,380.4332489148687,579.7477397717937,634.903114966644,669.731270415924,455.4374211571097,296.38890921516963,507.6923829487607,460.5835374265697,425.9558679781957,616.5239388031129,635.1796245921659,427.6669640019088,607.6636192237346,417.86906938063834,704.2151609434461,668.1235770696172,624.6089377769111,607.1934469804119,600.6963835417879,661.4868935933048,632.2575400860649,600.1033640802833,619.5205487982042,664.6727823565028,587.8233247993002,605.79968355128,653.8555988813227,673.7627708836541,547.8021663823532,455.13685670399815,556.870086762978,591.5464858233964,562.0593625300368,449.0563879295021,612.6932175839198,668.9512014779175,592.9110718734661,496.41558938065026,536.8083861181427,589.6250115996635,528.3161882139689,465.85795884713644,655.0500290072466,703.3605138775927,661.9849442756245,626.8172608259533,579.8109440483652,699.3465611541628,574.7975661267989,643.586572155636
1610555617.51LjzIROg0aeCP2GhDcAVQ0LipKJB9jmKc,538.8333280848475,604.9948964724812,532.5890390653858,611.5625513751395,534.1451711934344,613.0515861895157,562.305502529856,546.7133398388331,568.1918314171273,0.0,704.9856886926985,663.6307377542539,474.12110386106195,573.2633636244623,709.4055932701833,562.3203728959536,724.0960281035917,675.2681131581639,612.6781814019489,553.9902677287192,677.3165496990198,737.8883114170815,510.00522980179363,539.9731186878305,576.2111668809531,631.9885298148182,518.9433011136078,666.5215713020344,636.4831935602722,544.9066085135544,578.9191335257668,608.3661041636943,385.10055104705845,562.6526331988896,631.3648551633372,664.5320280736302,599.8686377532458,566.5441522392049,585.9008429391758,650.7581003602214,605.1119698495487,724.0390670081608,633.3899160915491,655.6323168547988,700.3314442172617,698.7251492468578,586.7856659776988,572.789587017783,290.38279786154294,648.146107268263,601.3217512468758,567.5734848519994,566.8773822198829,695.9186584616988,569.854598237925,587.4491488421689,615.6065359654492,596.5412760753791,598.7945501832909,614.5164326290745,701.8753357749258,736.4463689680766,543.3671059987955,692.1518885159272,434.7822220815857,751.0893136966913,645.8190345485059,692.922496880785
1610555608.17OpjjHobqRkX0UPcaXrbu7K6L3805SZri,672.9847610646324,487.1154529929591,668.6755507085297,420.8560704529806,650.2806533976258,605.3319514841103,640.099824285473,663.4374570180313,661.5445019739162,704.9856886926985,0.0,510.60705516826874,741.7200484291843,658.2576496632288,514.0316330280572,555.6314493159533,333.867874092961,461.05414843950103,615.7324943538325,651.8781656136964,524.1997563372313,467.0540093610243,633.1864168991556,663.1775972847123,563.9738909635714,605.7276695880115,657.7757760795132,505.2428125091704,517.5141267405437,619.9108434706534,675.3529861380264,592.9561081092921,741.8207798440325,663.9135671248953,559.829699731318,478.2098891212202,612.6870418933723,645.819054046477,500.5637096783088,676.2364579093023,532.0586584945423,419.58262239956633,625.9362087037177,488.92244277032796,466.57658744482166,414.5874009237781,711.6755661763049,650.4686040212029,682.198318857704,609.7838078054469,558.3324588834205,648.3560786657313,622.3337940328934,511.0100614937309,644.1508218660103,608.1089682356817,536.1401927185206,573.5233900888641,600.2570412706106,589.0927673191368,492.8440922386441,494.0343445619466,634.4023599153197,511.32343821125204,628.139287622799,480.1150955200925,576.1206268355821,523.8723143376153
1610555721.82zWeNZfGUUfRJkgnAwlP8VMhPzXctnSd4,644.3705651132326,567.215291577281,649.2332741227405,483.23899526103844,617.4870416100746,628.6970274768976,666.3271288391004,637.6563486409171,624.9108386219673,663.6307377542539,510.60705516826874,0.0,744.4850503881129,635.4664667561658,565.1993754943022,480.19268507653385,545.7336628105916,483.07929811606186,635.8307535127635,540.177685893396,291.0149315178169,450.4641671189763,614.7959356569447,637.8456414135316,606.1664739594935,632.0759752758491,619.267224646256,440.10082481635123,483.94175979332215,657.0640835866141,635.293628808249,646.0615650573525,686.088210114091,581.3106443750922,445.24004818899056,415.7289374213856,543.7575848481699,569.4427638245563,545.7351774893488,678.679515063774,484.33403694340507,464.29443597185724,596.9822871481135,444.95549424851686,531.3098274559576,537.3018381549895,629.0612005369476,626.5367244601067,638.7593772637774,560.0989751373498,339.47976050723935,582.9009808807946,653.1056039247342,555.6395053058606,571.3941281328771,601.727472399479,572.7776330988564,423.0753543828276,451.8575003545327,641.0255921667882,545.0361646867829,592.4138250693372,556.9632288777556,592.3885845418929,561.1549880044295,569.8495397935694,592.6041718660161,554.7372012307729
1610555735.75bom85BDF0C7W2eIseHeMxi24qR68nzMi,679.9048911357622,568.2241277074078,675.8228962264959,637.0847187726213,688.2836582487364,737.7681043820409,697.8358811597791,693.7914769698207,725.8548137622118,474.12110386106195,741.7200484291843,744.4850503881129,0.0,725.26724971213,719.5263935364164,632.3791621891969,758.0756050770277,679.6670684898032,743.3432987305323,593.3428104453243,759.8087026175186,775.3629783664683,646.0164463556808,685.5257991474756,736.3868784201721,757.8928822085849,663.668285926253,732.2636191324322,666.6236202661332,672.9574244416996,590.588789561595,737.7904515659807,302.60108325345846,552.4910915432121,708.5202429620612,741.9374528520724,655.5445381392016,561.567585417596,642.0892606404732,726.449614940772,652.7616132426676,765.805288013225,726.3488487128363,689.3460991319591,719.1346424408637,711.9301804465878,722.6922130208754,739.6129922362735,571.0118224615624,757.4966845297304,707.3446546177582,745.5091425708141,653.876845135482,706.75331115719,598.5652046136659,758.3864232925654,742.9711698300285,699.3378281222116,712.3228106765039,753.9928333803578,741.3033369808892,756.3753684048489,550.873349579078,769.6093997702737,596.6767382237599,766.3495525229913,726.1008517690783,742.6016733901115
1610555735.77NnT5xqKnwcf2BbjIekeb2arTQj6QMNwk,318.0969839512884,667.3361729090099,290.884130375376,618.12991125358,408.75280483562835,459.8237657231206,338.6406560628821,235.19331007115204,335.2586387099368,573.2633636244623,658.2576496632288,635.4664667561658,725.26724971213,0.0,640.1293683698489,618.6480628340988,670.5213702793594,660.5873882178436,420.93495278863287,598.3108844875225,652.0170078072905,668.3175562746532,477.8546661580037,274.30463385664876,504.57859396830173,462.65329641872813,464.57285674111097,618.19872637047,638.4502431488521,405.94086885327295,616.4871928479785,435.78086199658344,712.8997511557324,678.6219544309301,636.8795881032455,618.7114107046631,611.598434974552,669.6595625040658,625.6620590800447,595.6247384950252,625.6825676660511,670.945691220155,608.7344629707934,609.308025576021,652.3539327314741,669.6056490728271,586.1507851688358,462.37503822865887,560.0181112273715,626.5021464861646,573.0884350916042,462.1048192028869,616.8636957288311,671.4592505418342,593.9534604433962,519.4775319031614,532.30113986654,599.2910075601586,541.6025147205003,462.84824739538027,657.1458171832921,702.125806011113,673.7809022813631,627.6024113744145,586.9280857432406,698.4191800021053,578.65661270352,644.0080078113385
1610555638.33wjf1PhdNaoWfbRzXVn50hmFyB5bYAiLV,651.3750543768097,565.339091681992,650.4262584218218,543.5766336588198,639.6385189463002,639.3018393202155,647.0135976078233,644.1389140724895,634.5642870355424,709.4055932701833,514.0316330280572,565.1993754943022,719.5263935364164,640.1293683698489,0.0,568.2707666907173,521.0331727042209,533.0466134233416,630.9281729018755,644.3044990807342,572.947798187909,547.7973551754661,634.8383902901759,641.6679851466254,619.0679099770089,636.4918399755416,642.4689475069895,597.1182226635337,506.3004520861883,632.5758848536486,611.3653686925454,616.696017441463,719.9898998362013,672.1632037517917,513.4757780320704,514.1087958450053,536.1388335535653,644.1480500992234,581.9422304563742,627.1329184515326,482.5583242525386,567.796318442324,514.6987046651515,550.6089017602274,473.1354784733088,529.7239401996945,660.7055647874595,645.6585134328965,708.1365309234113,600.026925798588,578.5008245409808,621.0462187650037,699.7466363750452,535.312319322321,591.4495515400049,628.1136252084634,551.9090733210886,592.6104237041665,627.4882839265038,613.4995391883849,614.4357010230401,549.1782141720341,628.4833754853071,611.9653782054322,658.577851264797,521.467940264186,588.2614352895389,630.0035749062313
1610555606.65jCE4ig8Pu8kvAzkxnSGfWsV0nQBjCf8H,607.200611895703,532.8853274914821,602.8222268317286,492.7001784809029,560.5826214153695,633.8086642890106,619.3038797459012,607.3680781109375,609.4211964616716,562.3203728959536,555.6314493159533,480.19268507653385,632.3791621891969,618.6480628340988,568.2707666907173,0.0,583.1243810037155,577.297614264198,636.8227141401657,434.3898263388414,497.61420592545704,613.2195185044853,526.8971860705576,604.0255489794737,607.1782191949771,647.2979995062041,537.0750205535062,539.1107291889671,466.5566860738159,609.1765315912043,476.68139651723317,637.2201548723763,552.3227459370502,419.4698859179939,379.38509291115986,443.8308156430081,440.5703110271006,378.29826583865974,543.796007443949,651.2398664839892,420.19535719006603,584.3636340601438,569.229222695724,532.9336506048713,566.244576166097,595.7921129681056,588.540633802437,615.3120537143132,540.9874682751562,546.1662896014755,463.7138437714197,581.0431416724894,574.8590782342026,581.7912475159934,424.953267720913,593.293448914162,595.6062158715679,436.45393282348726,509.89583640609345,646.0038995504196,594.5010542227388,615.8491496316366,404.2205475909686,627.221120762259,462.98158610066446,602.4461455326086,570.5050207407861,596.6192872356471
1610555608.18ONsBCVo1i7BrX0XG9stct4oiA6ejX9Oz,688.9996861930186,515.4259323890616,684.7878380403147,487.49534765931287,664.8481743133467,621.1513964291148,656.716657102526,677.9094174103354,675.7211426157096,724.0960281035917,333.867874092961,545.7336628105916,758.0756050770277,670.5213702793594,521.0331727042209,583.1243810037155,0.0,475.74622554288584,633.1199378122283,675.9388243141404,547.5470551333165,495.9339292132768,650.2530430246807,679.0496350106134,575.9816964729666,607.940478626152,676.9799941937184,539.8396803219754,534.601339614118,640.789520720727,692.5837363953929,607.2067778598255,759.0729121947738,683.7017529567598,576.4952904942444,506.21479859881384,628.885894726577,660.5158260295132,513.0147999546831,684.6509937057224,567.1562414514786,459.9234843991281,639.2436937879942,519.3649723780934,477.7905796720226,440.1957973412327,717.9681602650311,668.8895639328791,702.635331124011,616.840186980066,588.1574700093474,665.2456736058251,644.1423795275618,506.90942083679323,664.9820569260299,620.7081273797352,545.7177257877361,601.4465742868998,625.9847603642627,599.8344676535148,512.2631486635263,480.3962762094062,656.550760073532,497.04411635284856,650.3270117518266,472.2149260334575,588.528034874479,543.263486057904
1610555721.51RNoQUMP19FTMS79BmA3JkgSm2IC2AQuQ,661.211077110646,315.7700013230312,663.1124191483685,455.556659305124,647.7030495100541,615.8726408386482,649.6140631240886,660.3332473841714,659.9837359416224,675.2681131581639,461.05414843950103,483.07929811606186,679.6670684898032,660.5873882178436,533.0466134233416,577.297614264198,475.74622554288584,0.0,621.2826916973783,627.3843949152862,526.9552187248141,467.9719464920266,623.9782909961456,656.596902033443,595.5728551391953,630.1183989743972,654.3582528378215,509.21435792574454,512.5736888998051,612.3592022792803,672.0879041589202,617.5892346002821,690.8423562025226,621.417769712623,597.6240172482866,545.3421083976623,631.6020487093346,604.5582455029222,489.6487514569008,698.1104980261504,522.0157090981847,480.66839388108815,656.8736980239206,463.85021696166507,387.0233870182603,310.04416121738916,699.8186931144636,657.6331630659527,658.751544026808,639.6662318588558,531.287699241626,659.7140624707611,643.2044341471079,499.8167401419624,638.1914706251569,634.1723411600155,563.6806025999441,579.5214092246546,570.5552537884585,604.3820358006899,496.28334491990677,489.8453147106639,609.7105564307847,540.6013241386737,609.3400282896336,486.0050843699115,611.5213801919284,519.1475511580066
1610555971.86O0cHB2ibBJ8jxoObg01EpGe8VVV5mpwn,418.0040603028555,635.4118765128018,417.94228966768367,592.0569820152673,471.57412835806315,298.39469252677327,421.9399251085369,413.796387729789,380.4332489148687,612.6781814019489,615.7324943538325,635.8307535127635,743.3432987305323,420.93495278863287,630.9281729018755,636.8227141401657,633.1199378122283,621.2826916973783,0.0,645.8870405687177,649.6660351199668,620.5403481540374,506.05885261025804,413.2509356287777,493.8195495892499,359.90714866747896,494.72612371771066,606.6806230227487,643.135965931586,390.43415640454464,655.31869283931,383.94582246875547,745.8808234705166,698.679525577761,650.3867673796584,619.1377094929347,641.5405406443247,695.4813976938924,604.9228227906406,562.6196801137512,643.2683060334131,644.2425857487434,612.4783737854319,585.9955871395192,627.6389908469932,628.4700408358408,578.4706805399165,448.5857268665329,593.1086002063706,611.5723595331705,585.1820319543567,448.11235429901086,598.2049421733681,654.1979996229461,638.1737074102537,510.9455020042928,545.232281822855,618.8864497487085,545.0020244798714,392.46238197499054,622.2029157712043,668.8118059202741,694.6737181507074,575.5561040057919,615.2307522578948,662.3200309958047,551.7586349528534,613.5581719100245
1610556911.51zU3duZSGpcw1BDNsBLxdOCITAXwl6z3i,554.9080619822603,587.3980945191562,559.6854119642562,554.4570237066082,538.9507798881934,638.4445221247312,609.5844814912215,565.7919172481336,579.7477397717937,553.9902677287192,651.8781656136964,540.177685893396,593.3428104453243,598.3108844875225,644.3044990807342,434.3898263388414,675.9388243141404,627.3843949152862,645.8870405687177,0.0,551.4051082027023,665.8452505695354,516.3943955921474,559.9854554743652,643.492658568618,655.4053620397503,511.3095538011206,590.0321078078252,578.2801498145014,606.8604796216101,482.6408035006241,636.5113276127095,521.9934414684408,485.6957341158509,516.8115680025991,548.3304981993364,483.97041099971324,483.40541579369557,607.077200897176,705.8088345698421,497.0846790933566,645.7262837951237,627.4526351844673,563.8461743031195,617.6270134529489,656.9309924242018,596.3612172722998,609.9086972165514,559.8766943010385,614.8138938970034,507.5456773380855,602.1687799176179,641.1349339263132,648.6266040451598,417.7825468876923,631.6468805602661,630.1732423311953,468.38872642364703,515.6030722737881,662.160888542393,665.3876394075711,685.4108489615586,469.70771728932004,692.9561379743212,495.6432331701402,692.5762259155449,619.5724890748083,665.313499989177
1610555988.71dMoYT8250UHHJGxgmITTmbHe7V6gH1yU,659.9914274451056,597.798809972487,664.5000060765943,524.0953094788655,628.2749330288786,636.0822722456293,682.7552780018808,651.7898608323867,634.903114966644,677.3165496990198,524.1997563372313,291.0149315178169,759.8087026175186,652.0170078072905,572.947798187909,497.61420592545704,547.5470551333165,526.9552187248141,649.6660351199668,551.4051082027023,0.0,489.7806070355393,622.502726479154,651.3597926558409,617.9843008086797,634.3366267370388,628.8713668116545,468.4201099446653,515.3408681858219,675.8461201005482,642.1359277587558,657.427881765551,698.0782965802517,603.3860241941184,442.6055226199558,435.3870281956327,550.7699691235289,586.3600707393127,572.9518865399043,701.8025342041321,497.2696763598157,478.6358851811566,606.7725759074259,478.2193655463669,543.0097879149662,552.0884326710333,631.0474182665422,645.4047832612733,655.8512915300443,579.530161159614,412.3519864875261,596.554117437303,665.8871659989132,573.4725424805667,587.1868785741738,607.9359934123918,585.0066290079446,415.87261886729397,496.85669093486916,654.5330286203747,560.6402478227536,605.5768389887188,578.7058660255703,601.8028050951268,584.5966564233712,582.9442049894185,609.259956739731,572.4522855970605
1610556042.81mlUZsSp7gbGjrp8jQSnybT1gPy6e62o1,688.4131886464577,542.961705973339,690.0021322186459,511.9742619708332,663.2213777718895,614.9168753795731,660.9234371054382,678.713382582363,669.731270415924,737.8883114170815,467.0540093610243,450.4641671189763,775.3629783664683,668.3175562746532,547.7973551754661,613.2195185044853,495.9339292132768,467.9719464920266,620.5403481540374,665.8452505695354,489.7806070355393,0.0,645.0690998428137,680.3690726670856,592.6850858669902,615.4007673285064,686.1488023813926,488.5645622994632,556.0469219915697,622.4510070653535,727.3753761753306,591.5754936343925,775.4141444280116,696.4551283123668,597.3436523752259,514.8380320283615,658.2229959855291,675.481081163593,539.9998879760507,708.8091266595993,594.3568371442984,463.64171275211964,672.2538065696807,504.91169571917004,485.58083446704654,486.8583058076662,719.1987368080087,658.8712948119816,704.7793133223046,628.8046132169266,528.4654197837606,657.1240215096151,669.7687041296429,553.0361279206444,687.8909050521876,628.2917225337159,552.8753788589885,563.961362704716,587.3013166105064,566.5083082765289,474.2138573928767,552.8943937113322,665.5768722351405,515.2265596004244,650.0028416689543,494.81373552249494,609.4006568981507,493.4339020892357
1610555637.02UBW5nKvDyUrKnaWcYRGajZPxTRDS0q3N,451.1803021357352,577.8851955059343,448.06015803907405,577.9147773914821,331.3126876662255,496.04881288393864,436.80401816600886,460.1694988962916,455.4374211571097,510.00522980179363,633.1864168991556,614.7959356569447,646.0164463556808,477.8546661580037,634.8383902901759,526.8971860705576,650.2530430246807,623.9782909961456,506.05885261025804,516.3943955921474,622.502726479154,645.0690998428137,0.0,452.9102723439645,480.48709414272497,518.060835463022,327.63201533403947,635.6994524532723,597.4861669861465,382.43414336846,482.75429632467643,416.07829465861874,599.3119692236096,569.8751361118285,582.5077242692158,589.498315982241,537.757682019608,539.0620791279542,559.933080503644,619.8863678499888,543.150136718523,668.6438279407986,567.8889226905558,614.3417799243597,622.4937839059895,634.9664310901162,518.7925595722639,508.0262151391299,478.83707494304593,546.1120912734499,576.8100019570297,452.3883499665135,585.1735824419501,637.4858976094392,486.29283860844487,391.7292593757117,547.9703999664545,561.1743233412551,547.9767682823663,458.53000299089126,645.9159021352273,679.2174616773434,545.8399987562304,620.8618282783759,492.91144965386604,673.5983077210554,580.9332010043271,646.3866943558082
1610555619.13oUYNikU4facCTpUSiSLr0vPI0tJLnXiT,190.05124786845664,657.5512626834076,182.60282435643717,609.8682261548065,390.47628607141013,460.27913647992574,362.4011277022722,161.79836404308074,296.38890921516963,539.9731186878305,663.1775972847123,637.8456414135316,685.5257991474756,274.30463385664876,641.6679851466254,604.0255489794737,679.0496350106134,656.596902033443,413.2509356287777,559.9854554743652,651.3597926558409,680.3690726670856,452.9102723439645,0.0,513.2314259475552,476.77572197885917,423.0687134695574,618.7170944045848,629.7705069078569,409.1230242686437,583.4125441291943,437.49347801353343,670.4292576632153,652.3491960818753,626.4988004503679,618.3622488951877,599.6408459630076,646.2917740340082,621.6490094588011,594.1945577358124,611.1165800029103,674.6847200426638,598.364472112217,595.3513829063972,655.7353271850262,673.1467566350474,562.1777709405485,455.53442209853705,537.502248472427,613.4521405552523,562.0783671359543,462.0397963757806,604.7328479223694,666.6603363918247,563.913747988339,516.1276497478467,540.5959663456655,587.0502409529757,525.0490083866966,479.65732020580816,664.3504713030576,704.3932485398465,645.2071611172928,635.882907630064,565.980737695798,703.9450321803062,568.5429974429833,650.7707156465355
1610555721.03nzkucfjAUh31zTbmCVvTVYqtjoxZFnBh,526.6276450479543,601.4741769798738,519.4195583132328,586.8885662148866,511.0330766842765,465.92516645398473,506.0659742762919,513.6936081509155,507.6923829487607,576.2111668809531,563.9738909635714,606.1664739594935,736.3868784201721,504.57859396830173,619.0679099770089,607.1782191949771,575.9816964729666,595.5728551391953,493.8195495892499,643.492658568618,617.9843008086797,592.6850858669902,480.48709414272497,513.2314259475552,0.0,482.35801958721265,539.6456210286018,566.7553936637088,617.7812555704476,468.5062392430406,653.3937547563077,446.0008358055138,719.6584591402634,671.0810366864447,615.383423575409,586.6422488899731,619.8526763081607,646.4018615430584,494.0291950670932,592.0779795238267,628.2726829587979,597.5784308673886,596.454756363097,590.8462753946117,590.6352578572124,557.6161761925421,576.2639610436657,449.14151745457156,535.1710154053357,599.8791222215857,565.0958931565268,498.69881090430874,546.6520368080826,618.7575442214187,637.947279344865,412.52192185528907,417.10511978605706,587.3006052318808,545.3961757118095,404.66205096093535,562.5997112828418,621.2760157380737,653.4964426734023,507.35048789812,552.7018454169431,621.2141283819775,545.8797999667634,564.3848417422982
1610555722.67fhKURdXVzRbLIjXmjRwdJHTnE7PWb1AE,490.9322031662843,647.1375174872921,487.1067730307539,610.960161657336,514.5548194777064,227.70456941290723,466.1847265140647,474.58264028535245,460.5835374265697,631.9885298148182,605.7276695880115,632.0759752758491,757.8928822085849,462.65329641872813,636.4918399755416,647.2979995062041,607.940478626152,630.1183989743972,359.90714866747896,655.4053620397503,634.3366267370388,615.4007673285064,518.060835463022,476.77572197885917,482.35801958721265,0.0,534.489140312367,601.5660773122565,641.3156035801129,447.14411131633574,676.8592079408731,413.0581505705858,758.4993465900042,712.3491178983386,659.5210879653504,605.1117064711565,655.8527349548663,708.6591370362084,595.7718816447942,595.4384224355664,660.1257042030936,625.4762529477365,628.4501799495638,584.3125187307588,622.0050795295924,619.9926649113147,571.00660009571,489.23080045876776,617.801536272818,608.6772536202585,585.0032898443085,495.30064969675084,592.2595862861281,647.3940475278714,661.4662503765055,482.34233344081144,540.9349782055006,614.7967746098968,555.9518343158594,411.392895398319,607.6496849492231,660.7116264222652,707.6192216677468,556.3120565934616,636.2949779495702,655.5358990810772,569.3479444953425,603.8984909088477
1610555638.39J2ZWBLuLTHP0jOlzB4tNHmYeijH5g5YJ,415.76170300553224,629.4342583850519,413.4252911085483,578.9062117869541,340.2297864457984,512.7139242056767,447.7648905035581,432.53402532201955,425.9558679781957,518.9433011136078,657.7757760795132,619.267224646256,663.668285926253,464.57285674111097,642.4689475069895,537.0750205535062,676.9799941937184,654.3582528378215,494.72612371771066,511.3095538011206,628.8713668116545,686.1488023813926,327.63201533403947,423.0687134695574,539.6456210286018,534.489140312367,0.0,642.3560038487484,618.1234304064483,446.4591474815614,465.0743999302737,472.61919004686547,619.6375612264003,592.8364085080625,586.7241990799154,594.9033330041012,541.3572951534624,583.2042672157738,613.4511592175344,595.4107565196518,533.9099682971631,682.2677932353874,559.0022719389866,622.8453049664653,655.7412792777437,678.1616863515872,519.9341323060689,495.49521271862477,504.09625734817666,508.30712912171236,569.5719516478377,417.28571132474036,602.0794242003036,674.128613461028,488.47273617116304,475.4737427571055,579.0734535771032,563.6660736124823,541.3381826928597,517.9354505227415,675.6636350002917,698.1025472173487,569.9558817678044,650.2546248504487,508.03211936930563,704.6498325772988,534.180199041995,670.7983130089217
1610556032.17Q6yCDx9g7alRnL9jBFXD2JhhUyB2hKfJ,627.8358138686943,548.0403288577992,625.6870153643388,477.2365089756747,631.7863806743526,593.7424690357144,631.180290686239,618.7189815386519,616.5239388031129,666.5215713020344,505.2428125091704,440.10082481635123,732.2636191324322,618.19872637047,597.1182226635337,539.1107291889671,539.8396803219754,509.21435792574454,606.6806230227487,590.0321078078252,468.4201099446653,488.5645622994632,635.6994524532723,618.7170944045848,566.7553936637088,601.5660773122565,642.3560038487484,0.0,531.9538082547629,628.715964411677,684.8155798325367,617.5790839567633,712.8697893254797,587.4954150282839,558.3843625268557,490.4386516167041,612.5629695997003,596.3401803391282,499.4426430672158,670.94357821186,568.8843465220959,436.74746117134373,646.663582057621,418.8361948433961,533.9749591668713,514.8652260785483,654.4586354300018,604.0094029103872,641.3810504460471,617.0751990158535,427.3206550245625,618.7259550109708,578.3078154979113,555.8235061739173,628.5812972266525,622.2087623112001,526.1781705921192,458.0940080308561,460.08765228716095,614.5900051636124,477.94042841797256,577.0361790595283,609.7957493354157,513.0613748122597,569.540415817643,560.5425790410739,591.6451707704605,466.5632581776365
1610557007.49MyVgDnuUuBxrvL6SGOdhKf69VYlW1MSm,639.6076942844749,500.87815015114927,632.461042500081,509.5003868873081,622.1905607192161,637.0919005096723,639.8017095044364,633.3952478337912,635.1796245921659,636.4831935602722,517.5141267405437,483.94175979332215,666.6236202661332,638.4502431488521,506.3004520861883,466.5566860738159,534.601339614118,512.5736888998051,643.135965931586,578.2801498145014,515.3408681858219,556.0469219915697,597.4861669861465,629.7705069078569,617.7812555704476,641.3156035801129,618.1234304064483,531.9538082547629,0.0,622.3343788531979,606.6881817889014,628.5584820729431,640.4268494554713,572.8265057787434,499.0285087875053,435.34945684177507,556.5665498074461,516.8416979590451,541.8531273040572,678.3832617816387,457.79443701889267,534.7868910794347,600.1000678161672,484.15195788389934,477.88577633973097,504.91628948571804,657.2996430922796,648.1642193420927,633.8541097955788,585.8478514613677,507.8941229274404,612.872411962485,639.9393133591843,499.3834531082672,566.0513918987083,595.4336341408435,593.9604745962058,521.0002263012672,555.9555239509928,630.6656365696437,582.084269063936,559.2429755265246,509.46303473590604,615.6450032700214,546.3695173796868,520.0170554906636,597.9505362717665,596.6106056967823
